lsstCam/transmission_filter_detector/r31_s12/i_39/19700101T000000.ecsv
# %ECSV 1.0
# ---
# datatype:
# - {name: wavelength, unit: nm, datatype: float32}
# - {name: efficiency, unit: '%', datatype: float64}
# meta: !!omap
# - {MODE: DETECTOR}
# - {TYPE: transmission_filter_detector}
# - {CALIBDATE: '1970-01-01T00:00:00'}
# - {INSTRUME: LSSTCam}
# - {OBSTYPE: transmission_filter_detector}
# - {CALIBCLS: lsst.ip.isr.IntermediateFilterDetectorTransmissionCurve}
# - {SOURCE: Materion (DM-46256)}
# - {DETECTOR: 131}
# - {FILTER: i_39}
# - {CALIB_ID: 'calibDate=1970-01-01T00:00:00 filter=i_39 detector=131'}
# - {DATE: '2025-04-02T15:59:47.086503'}
# - {CALIB_CREATION_DATE: '2025-04-02'}
# - {CALIB_CREATION_TIME: '15:59:47'}
# - __serialized_columns__:
#     efficiency:
#       __class__: astropy.units.quantity.Quantity
#       unit: !astropy.units.Unit {unit: '%'}
#       value: !astropy.table.SerializedColumn {name: efficiency}
#     wavelength:
#       __class__: astropy.units.quantity.Quantity
#       unit: !astropy.units.Unit {unit: nm}
#       value: !astropy.table.SerializedColumn {name: wavelength}
# schema: astropy-2.0
wavelength efficiency
300.0 1.576913946643721e-10
301.0 1.576913946643721e-10
302.0 0.026321905897930264
303.0 0.014672457473352551
304.0 0.0030230090487748384
305.0 0.01152570330305025
306.0 0.020028399012517184
307.0 0.012280904047656804
308.0 0.004533407263807021
309.0 0.005883589255972765
310.0 0.007233772339532152
311.0 0.00042983579078281764
312.0 1.576913946643721e-10
313.0 1.576913946643721e-10
314.0 1.576913946643721e-10
315.0 1.576913946643721e-10
316.0 1.576913946643721e-10
317.0 1.576913946643721e-10
318.0 0.002028683593380265
319.0 0.006679378566332161
320.0 0.011330071720294654
321.0 0.004453370638657361
322.0 1.576913946643721e-10
323.0 3.6169697636978526e-05
324.0 0.0024956700144684874
325.0 0.0016633650375297293
326.0 0.0008310608791362029
327.0 0.0008395098120672628
328.0 0.0008479596544930246
329.0 0.0023216285626403987
330.0 0.0037952977436361834
331.0 0.004463602817850187
332.0 0.00513190716446843
333.0 0.003169990304741077
334.0 0.0012080741726094857
335.0 0.001013110340863932
336.0 0.000818146963865729
337.0 0.0018621789422468282
338.0 0.0029062110115773976
339.0 0.0011067256309615914
340.0 1.576913946643721e-10
341.0 1.576913946643721e-10
342.0 1.576913946643721e-10
343.0 7.821976737432124e-05
344.0 0.0007074370387272211
345.0 0.0013595111340691801
346.0 0.0020115854567848146
347.0 0.0004435917617229279
348.0 1.576913946643721e-10
349.0 1.576913946643721e-10
350.0 0.0009809421499085147
351.0 0.00012590339792950545
352.0 1.576913946643721e-10
353.0 1.576913946643721e-10
354.0 1.576913946643721e-10
355.0 0.0004299532974982867
356.0 0.0013760854017164093
357.0 0.0003981226200266974
358.0 1.576913946643721e-10
359.0 1.576913946643721e-10
360.0 1.576913946643721e-10
361.0 1.576913946643721e-10
362.0 1.576913946643721e-10
363.0 1.576913946643721e-10
364.0 1.576913946643721e-10
365.0 1.576913946643721e-10
366.0 0.00041501880332361907
367.0 0.0008625552254670765
368.0 0.001310091647610534
369.0 0.0007305968210857827
370.0 0.00015110215372260427
371.0 1.576913946643721e-10
372.0 1.576913946643721e-10
373.0 1.576913946643721e-10
374.0 1.576913946643721e-10
375.0 0.0003398035460122628
376.0 0.0007132301561796339
377.0 0.0004811157396034105
378.0 0.0002490013685019221
379.0 0.0005443237569124904
380.0 0.0008396458724746481
381.0 0.0003234730229451088
382.0 1.576913946643721e-10
383.0 1.576913946643721e-10
384.0 4.787696283869991e-06
385.0 0.00024275198029499734
386.0 0.000480716380479862
387.0 0.00019723411242011935
388.0 1.576913946643721e-10
389.0 1.576913946643721e-10
390.0 1.576913946643721e-10
391.0 1.576913946643721e-10
392.0 1.576913946643721e-10
393.0 1.576913946643721e-10
394.0 9.448833679925883e-05
395.0 0.000570097745367093
396.0 0.0010457074495207053
397.0 0.000933143928705249
398.0 0.0008205804988392629
399.0 0.0011400706171116326
400.0 0.0014595608263334725
401.0 0.0018185928638558835
402.0 0.002177624082833063
403.0 0.0019998091374873184
404.0 0.0018219936464447528
405.0 0.002090213092742488
406.0 0.0023584329028381035
407.0 0.003177376856910996
408.0 0.003996320810983889
409.0 0.00395691859012004
410.0 0.0039175156416604295
411.0 0.004378063385956921
412.0 0.00483861040265765
413.0 0.003925292185158469
414.0 0.0030119736038614064
415.0 0.002978108386741951
416.0 0.002944243351521436
417.0 0.0037225789128569886
418.0 0.004500913564697839
419.0 0.0042328090785304084
420.0 0.0039647035009693354
421.0 0.004060961873619817
422.0 0.00415722061006818
423.0 0.0045345601392909884
424.0 0.004911899668513797
425.0 0.005121351568959653
426.0 0.00533080383320339
427.0 0.005190051160752773
428.0 0.005049298852100037
429.0 0.004396139411255717
430.0 0.003742980698007159
431.0 0.003927568468498066
432.0 0.0041121558751910925
433.0 0.002642310028022621
434.0 0.0011724645446520299
435.0 0.0017040832972270437
436.0 0.0022357020498020574
437.0 0.0015309669834095985
438.0 0.0008262320079666097
439.0 0.0010845007636817172
440.0 0.0013427697922452353
441.0 0.00118371453936561
442.0 0.001024659377435455
443.0 0.0018292776076123118
444.0 0.0026338959287386388
445.0 0.0014233628462534398
446.0 0.00021282962734403554
447.0 0.0002555282435423578
448.0 0.0002982267233164748
449.0 0.0005776496891485294
450.0 0.0008570725185563788
451.0 0.0010117844794876873
452.0 0.0011664966223179363
453.0 0.000877273669175338
454.0 0.0005880506705580046
455.0 0.0007573193670395995
456.0 0.0009265881999453995
457.0 0.00059020539993071
458.0 0.0002538225317039178
459.0 0.00036257169995224103
460.0 0.0004713209364126669
461.0 0.0005018893716624007
462.0 0.0005324578069121344
463.0 0.0005490061994350981
464.0 0.0005655545010085916
465.0 0.0004957586043019546
466.0 0.00042596298044372816
467.0 0.0005788614544144366
468.0 0.000731759928385145
469.0 0.0008609270480519626
470.0 0.0009900943041429855
471.0 0.0008243973752541933
472.0 0.0006587008101632819
473.0 0.0006353792741720099
474.0 0.0006120576927060029
475.0 0.00052490177040454
476.0 0.0004377457116788719
477.0 0.0005964207502984209
478.0 0.0007550956070190296
479.0 0.001513341885583941
480.0 0.0022715883460477926
481.0 0.0024326071070390753
482.0 0.0025936260499292985
483.0 0.003734544588951394
484.0 0.004875462400377728
485.0 0.006566855154233053
486.0 0.008258246089098975
487.0 0.010363178444094956
488.0 0.012468110071495175
489.0 0.01512710441602394
490.0 0.017786098760552704
491.0 0.020800417405553162
492.0 0.023814738960936666
493.0 0.025463991914875805
494.0 0.027113244868814945
495.0 0.024771378957666457
496.0 0.022429507225751877
497.0 0.018813215137925
498.0 0.015196925960481167
499.0 0.01076764237950556
500.0 0.006338360253721476
501.0 0.004457285467651673
502.0 0.002576209226390347
503.0 0.0020438597857719287
504.0 0.0015115103451535106
505.0 0.0017407139239367098
506.0 0.0019699171389220282
507.0 0.002092339491355233
508.0 0.002214761661889497
509.0 0.0021526469936361536
510.0 0.0020905321434838697
511.0 0.0020221879822202027
512.0 0.0019538441847544163
513.0 0.001978578256967012
514.0 0.0020033125110785477
515.0 0.002257412052131258
516.0 0.0025115117750829086
517.0 0.0023906472051749006
518.0 0.002269782817165833
519.0 0.0019317527403472923
520.0 0.0015937226635287516
521.0 0.0016230953406193294
522.0 0.0016524681996088475
523.0 0.0017719379684422165
524.0 0.0018914075553766452
525.0 0.0021453235603985377
526.0 0.0023992397473193705
527.0 0.002536229294491932
528.0 0.002673218841664493
529.0 0.0025743926016730256
530.0 0.002475566179782618
531.0 0.0020635610781027935
532.0 0.0016515559764229693
533.0 0.0016185398635570891
534.0 0.0015855235687922686
535.0 0.0017844467947725207
536.0 0.0019833698388538323
537.0 0.002605080408102367
538.0 0.003226791159249842
539.0 0.0039702874346403405
540.0 0.0047137844376266
541.0 0.005137165862834081
542.0 0.005560547288041562
543.0 0.005256010990706272
544.0 0.004951474693370983
545.0 0.00401971883547958
546.0 0.0030879633413860574
547.0 0.0024921970180002972
548.0 0.0018964308765134774
549.0 0.001759357655828353
550.0 0.0016222844351432286
551.0 0.0016764657630119473
552.0 0.001730647090880666
553.0 0.0017616785044083372
554.0 0.0017927099179360084
555.0 0.0013263548680697568
556.0 0.0008599999091529753
557.0 0.0007290739631571341
558.0 0.0005981479262118228
559.0 0.0005425425115390681
560.0 0.00048693714234104846
561.0 0.001002975204755785
562.0 0.0015190133126452565
563.0 0.0017125579688581638
564.0 0.001906102625071071
565.0 0.0016995372789097019
566.0 0.0014929722965462133
567.0 0.0011320940757286735
568.0 0.0007712158549111336
569.0 0.0007827728950360324
570.0 0.0007943299351609312
571.0 0.0006803046744607855
572.0 0.0005662793682859046
573.0 0.0005384793894336326
574.0 0.0005106794560560957
575.0 0.00042936990212183446
576.0 0.0003480603254502057
577.0 0.0003346792937009013
578.0 0.00032129830742633203
579.0 0.0004395936684886692
580.0 0.0005578891432378441
581.0 0.0005140300800121622
582.0 0.0004701710167864803
583.0 0.0003774413244173047
584.0 0.00028471156383602647
585.0 0.0004439856184035307
586.0 0.0006032596502336673
587.0 0.0005048222647019429
588.0 0.00040638501559442375
589.0 0.0005744919235439738
590.0 0.0007425990588671993
591.0 0.0004518684818322072
592.0 0.00016113780247906107
593.0 0.0003908433882315876
594.0 0.0006205489626154304
595.0 0.0004465013716981048
596.0 0.00027245375804341165
597.0 0.0004129494300286751
598.0 0.0005534451247513061
599.0 0.00041548905755917076
600.0 0.0002775330131044029
601.0 0.00034377405881969025
602.0 0.0004100152182218153
603.0 0.0002924870614151587
604.0 0.0001749589614519209
605.0 0.00018909845493908506
606.0 0.0002032379143201979
607.0 0.0004168784016655991
608.0 0.0006305188435362652
609.0 0.0005219405466050375
610.0 0.00041336229514854494
611.0 0.0004522754352365155
612.0 0.0004911885298497509
613.0 0.0004067516329087084
614.0 0.00032231484965450363
615.0 0.0003991775429312838
616.0 0.00047604021347069647
617.0 0.0003858119271171745
618.0 0.0002955836862383876
619.0 0.00022323101802612655
620.0 0.00015087832707649795
621.0 0.000210377766052261
622.0 0.0002698771822906565
623.0 0.00031733022751723183
624.0 0.00036478325000643963
625.0 0.0003596393753468874
626.0 0.0003544955234247027
627.0 0.00039056321838870645
628.0 0.0004266309588274453
629.0 0.00042126835069211666
630.0 0.00041590565160731785
631.0 0.00041027983570529614
632.0 0.00040465383790433407
633.0 0.00037457070902746636
634.0 0.0003444875574132311
635.0 0.00037919053283985704
636.0 0.0004138935310038505
637.0 0.00037151758078834973
638.0 0.0003291414486739086
639.0 0.00042468491301406175
640.0 0.0005202284683036851
641.0 0.000616095485383994
642.0 0.0007119625479390379
643.0 0.0006181856406328734
644.0 0.0005244085969025036
645.0 0.0006794473847548943
646.0 0.0008344862180820201
647.0 0.0007622959856234957
648.0 0.0006901055712660309
649.0 0.0007887339052103925
650.0 0.000887362148205284
651.0 0.0008983527550299186
652.0 0.0009093433618545532
653.0 0.0008560612513974775
654.0 0.0008027793228393421
655.0 0.0011899232958967332
656.0 0.001577067087055184
657.0 0.002607240094221197
658.0 0.00363741310138721
659.0 0.00585892194067128
660.0 0.03804785665124655
661.0 0.11084649013355374
662.0 0.09045590413734317
663.0 0.14687948860228062
664.0 0.09894566610455513
665.0 0.1295658410526812
666.0 0.17798689659684896
667.0 0.24410346522927284
668.0 0.22030605468899012
669.0 0.30836237128823996
670.0 0.44114086776971817
671.0 0.6520727649331093
672.0 1.0096746496856213
673.0 1.625037007033825
674.0 2.3239310830831528
675.0 3.3571630716323853
676.0 4.462070390582085
677.0 5.725659057497978
678.0 7.111552357673645
679.0 8.642515540122986
680.0 10.678651928901672
681.0 12.800376117229462
682.0 15.417392551898956
683.0 18.1362122297287
684.0 21.127688884735107
685.0 23.998434841632843
686.0 27.0477294921875
687.0 30.366414785385132
688.0 33.747804164886475
689.0 37.26636469364166
690.0 41.23632609844208
691.0 45.634713768959045
692.0 50.65956115722656
693.0 56.04866147041321
694.0 62.081992626190186
695.0 67.75015592575073
696.0 73.96268844604492
697.0 79.39454913139343
698.0 85.09272336959839
699.0 89.19925093650818
700.0 92.32924580574036
701.0 94.56887245178223
702.0 96.14893794059753
703.0 97.04098701477051
704.0 97.33553528785706
705.0 97.71690368652344
706.0 97.68672585487366
707.0 97.81351089477539
708.0 97.85758852958679
709.0 97.83496856689453
710.0 97.65248894691467
711.0 97.86940217018127
712.0 97.84567356109619
713.0 97.94880747795105
714.0 98.04471135139465
715.0 98.05535674095154
716.0 97.87946343421936
717.0 98.07119965553284
718.0 98.02700877189636
719.0 97.98111319541931
720.0 98.19914102554321
721.0 98.15776348114014
722.0 97.83136248588562
723.0 97.56079912185669
724.0 97.23798036575317
725.0 97.03707695007324
726.0 96.75299525260925
727.0 96.65538668632507
728.0 96.3878333568573
729.0 96.21890783309937
730.0 96.34888768196106
731.0 96.38441205024719
732.0 96.4222252368927
733.0 96.73300981521606
734.0 97.05913662910461
735.0 97.28984236717224
736.0 97.68237471580505
737.0 98.01438450813293
738.0 98.19608330726624
739.0 98.5736608505249
740.0 98.7082839012146
741.0 98.48988652229309
742.0 98.83372187614441
743.0 98.54825735092163
744.0 98.40540885925293
745.0 98.5153079032898
746.0 98.50700497627258
747.0 98.70393872261047
748.0 98.5647439956665
749.0 98.41613173484802
750.0 98.41243028640747
751.0 98.29939603805542
752.0 98.24872016906738
753.0 98.49700927734375
754.0 98.36710691452026
755.0 98.5073447227478
756.0 98.52973818778992
757.0 98.54817986488342
758.0 98.70935082435608
759.0 98.66207242012024
760.0 98.57050776481628
761.0 98.5604465007782
762.0 98.62896203994751
763.0 98.53835701942444
764.0 98.44445586204529
765.0 98.39584827423096
766.0 98.36370348930359
767.0 98.22250008583069
768.0 98.22349548339844
769.0 98.25190901756287
770.0 97.94219732284546
771.0 97.98040986061096
772.0 97.9829728603363
773.0 97.8847861289978
774.0 97.74674773216248
775.0 97.8066086769104
776.0 97.77753949165344
777.0 97.76153564453125
778.0 97.83137440681458
779.0 97.8857696056366
780.0 97.83405661582947
781.0 98.21611046791077
782.0 98.23001027107239
783.0 98.30735921859741
784.0 98.31122756004333
785.0 98.38372468948364
786.0 98.55084419250488
787.0 98.2570230960846
788.0 98.32441210746765
789.0 98.34446310997009
790.0 98.33827018737793
791.0 98.41090440750122
792.0 98.16404581069946
793.0 98.04846048355103
794.0 97.97790050506592
795.0 97.88141250610352
796.0 97.89730906486511
797.0 97.88118600845337
798.0 97.83498644828796
799.0 97.67962098121643
800.0 97.47994542121887
801.0 97.44511842727661
802.0 97.29811549186707
803.0 96.96572422981262
804.0 96.57748341560364
805.0 95.7943856716156
806.0 95.12766003608704
807.0 93.83982419967651
808.0 92.36679077148438
809.0 90.65046906471252
810.0 88.66356015205383
811.0 86.12924218177795
812.0 83.2497775554657
813.0 80.026376247406
814.0 76.21934413909912
815.0 72.05810546875
816.0 67.89310574531555
817.0 63.26463222503662
818.0 58.371710777282715
819.0 54.12110686302185
820.0 49.32270646095276
821.0 44.85801160335541
822.0 40.48226177692413
823.0 35.825079679489136
824.0 31.23258948326111
825.0 27.01897621154785
826.0 22.663328051567078
827.0 18.16990226507187
828.0 14.179164171218872
829.0 10.512637346982956
830.0 7.118432968854904
831.0 4.822039231657982
832.0 2.9559897258877754
833.0 1.7667779698967934
834.0 1.036528218537569
835.0 0.6082044914364815
836.0 0.32318043522536755
837.0 0.2108195098116994
838.0 0.09568124660290778
839.0 0.05627482896670699
840.0 0.02081767306663096
841.0 0.011118649854324758
842.0 1.576913946643721e-10
843.0 1.576913946643721e-10
844.0 0.022537003678735346
845.0 1.576913946643721e-10
846.0 1.576913946643721e-10
847.0 1.576913946643721e-10
848.0 1.576913946643721e-10
849.0 1.576913946643721e-10
850.0 1.576913946643721e-10
851.0 0.0017853622921393253
852.0 0.003219656355213374
853.0 0.0016965732356766239
854.0 0.000173490309407498
855.0 0.0002470582558089518
856.0 0.00032062625905382447
857.0 0.0006082098934712121
858.0 0.0008957934369391296
859.0 0.000410595248467871
860.0 1.576913946643721e-10
861.0 1.576913946643721e-10
862.0 1.576913946643721e-10
863.0 1.576913946643721e-10
864.0 2.0715089021905442e-05
865.0 0.00010134006060980028
866.0 0.0001819649924073019
867.0 4.265144468718063e-05
868.0 1.576913946643721e-10
869.0 6.032328769833839e-06
870.0 0.00010872676057260833
871.0 0.00010852619425349985
872.0 0.00010832560519702383
873.0 9.825605502555845e-05
874.0 8.818647074804176e-05
875.0 1.576913946643721e-10
876.0 1.576913946643721e-10
877.0 1.576913946643721e-10
878.0 6.565081207554613e-05
879.0 1.576913946643721e-10
880.0 1.576913946643721e-10
881.0 1.0450030885067463e-05
882.0 0.0001423403546141344
883.0 1.576913946643721e-10
884.0 1.576913946643721e-10
885.0 1.576913946643721e-10
886.0 6.904273845975695e-05
887.0 1.576913946643721e-10
888.0 1.576913946643721e-10
889.0 1.576913946643721e-10
890.0 5.634083777295018e-05
891.0 1.576913946643721e-10
892.0 1.576913946643721e-10
893.0 1.576913946643721e-10
894.0 1.576913946643721e-10
895.0 4.0455364569425e-05
896.0 0.00014115030353423208
897.0 8.699775548848265e-05
898.0 3.284521028490417e-05
