lsstCam/transmission_filter_detector/r31_s12/i_39/19700101T000000.ecsv
# %ECSV 1.0
# ---
# datatype:
# - {name: wavelength, unit: nm, datatype: float32}
# - {name: efficiency, unit: '%', datatype: float64}
# meta: !!omap
# - {MODE: DETECTOR}
# - {TYPE: transmission_filter_detector}
# - {CALIBDATE: '1970-01-01T00:00:00'}
# - {INSTRUME: LSSTCam}
# - {OBSTYPE: transmission_filter_detector}
# - {CALIBCLS: lsst.ip.isr.IntermediateFilterDetectorTransmissionCurve}
# - {SOURCE: Materion (DM-46256)}
# - {DETECTOR: 131}
# - {FILTER: i_39}
# - {CALIB_ID: 'calibDate=1970-01-01T00:00:00 filter=i_39 detector=131'}
# - {DATE: '2025-04-02T15:59:47.086503'}
# - {CALIB_CREATION_DATE: '2025-04-02'}
# - {CALIB_CREATION_TIME: '15:59:47'}
# - __serialized_columns__:
#     efficiency:
#       __class__: astropy.units.quantity.Quantity
#       unit: !astropy.units.Unit {unit: '%'}
#       value: !astropy.table.SerializedColumn {name: efficiency}
#     wavelength:
#       __class__: astropy.units.quantity.Quantity
#       unit: !astropy.units.Unit {unit: nm}
#       value: !astropy.table.SerializedColumn {name: wavelength}
# schema: astropy-2.0
wavelength efficiency
[from data line 600]
900.0 1.576913946643721e-10
901.0 1.576913946643721e-10
902.0 1.576913946643721e-10
903.0 1.576913946643721e-10
904.0 1.576913946643721e-10
905.0 1.576913946643721e-10
906.0 1.576913946643721e-10
907.0 1.576913946643721e-10
908.0 1.576913946643721e-10
909.0 1.576913946643721e-10
910.0 2.7166336735717778e-05
911.0 1.576913946643721e-10
912.0 1.576913946643721e-10
913.0 1.576913946643721e-10
914.0 1.576913946643721e-10
915.0 1.576913946643721e-10
916.0 1.576913946643721e-10
917.0 1.576913946643721e-10
918.0 1.576913946643721e-10
919.0 1.576913946643721e-10
920.0 0.00017556661759954295
921.0 1.5164454225669033e-05
922.0 1.576913946643721e-10
923.0 1.576913946643721e-10
924.0 4.043157275646081e-05
925.0 2.126220692844072e-05
926.0 2.0928343502646385e-06
927.0 1.576913946643721e-10
928.0 1.576913946643721e-10
929.0 1.576913946643721e-10
930.0 1.576913946643721e-10
931.0 1.576913946643721e-10
932.0 8.242008675551915e-05
933.0 1.576913946643721e-10
934.0 1.576913946643721e-10
935.0 1.576913946643721e-10
936.0 6.111641823736136e-05
937.0 8.688556363267708e-05
938.0 0.0001126546635532577
939.0 1.1126097376745747e-05
940.0 1.576913946643721e-10
941.0 0.00013431724710244453
942.0 0.00035903694879380055
943.0 0.00026831473860511323
944.0 0.00017759247157300706
945.0 1.576913946643721e-10
946.0 1.576913946643721e-10
947.0 1.576913946643721e-10
948.0 0.00022214387627172982
949.0 0.00012314440027694218
950.0 2.414494986169302e-05
951.0 8.659144441480748e-05
952.0 0.00014903790770404157
953.0 4.829205408896087e-05
954.0 1.576913946643721e-10
955.0 5.303907713027911e-06
956.0 6.306163413682953e-05
957.0 7.14799398338073e-05
958.0 7.989823416210129e-05
959.0 0.0001602460429239727
960.0 0.0002405938630545279
961.0 0.00024291327918035677
962.0 0.0002452327180435532
963.0 0.0002290599013576866
964.0 0.0002128871074091876
965.0 6.381362140928104e-05
966.0 1.576913946643721e-10
967.0 1.576913946643721e-10
968.0 1.576913946643721e-10
969.0 1.576913946643721e-10
970.0 1.576913946643721e-10
971.0 1.576913946643721e-10
972.0 1.576913946643721e-10
973.0 1.576913946643721e-10
974.0 2.436258057514351e-05
975.0 8.952648045124079e-05
976.0 0.00015469037180082523
977.0 0.00018188941339758458
978.0 0.0002090884208882926
979.0 0.00010419822729090811
980.0 1.576913946643721e-10
981.0 1.576913946643721e-10
982.0 1.576913946643721e-10
983.0 1.576913946643721e-10
984.0 1.576913946643721e-10
985.0 1.576913946643721e-10
986.0 1.576913946643721e-10
987.0 1.576913946643721e-10
988.0 1.576913946643721e-10
989.0 1.576913946643721e-10
990.0 3.7405504826892866e-05
991.0 0.00014602602504965034
992.0 0.0002546465566410916
993.0 0.0001915971552080009
994.0 0.00012854775377491023
995.0 0.00017044461628756835
996.0 0.00021234147880022647
997.0 0.00017395241229678504
998.0 0.00013556333442465984
999.0 0.00010568928701104596
1000.0 7.581518275401322e-05
1001.0 0.0001763651880537509
1002.0 0.0002769151478787535
1003.0 0.0002933372115876409
1004.0 0.00030975932077126345
1005.0 0.000256691805589071
1006.0 0.00020362431314424612
1007.0 0.00011107808859378565
1008.0 1.8531882517436316e-05
1009.0 0.00010955723155348096
1010.0 0.00020058250811416656
1011.0 0.00016867684280441608
1012.0 0.00013677120023203315
1013.0 0.00018130632497559418
1014.0 0.00022584147245652275
1015.0 8.878369044396095e-05
1016.0 1.576913946643721e-10
1017.0 0.00013640810720971785
1018.0 0.000321090283250669
1019.0 0.00010004573596233968
1020.0 1.576913946643721e-10
1021.0 7.728574757948081e-06
1022.0 0.00013645595799971488
1023.0 0.00015766809156048112
1024.0 0.00017888021375256358
1025.0 0.00017753445717971772
1026.0 0.0001761887688189745
1027.0 0.0004612091743183555
1028.0 0.0007462295343430014
1029.0 0.0009909378604788799
1030.0 0.001235646050190553
1031.0 0.00163177028298378
1032.0 0.0020278943338780664
1033.0 0.0023003824026091024
1034.0 0.0025728704713401385
1035.0 0.0028009895686409436
1036.0 0.0030291086659417488
1037.0 0.003182800719514489
1038.0 0.00333649295498617
1039.0 0.003054657645407133
1040.0 0.002772821972030215
1041.0 0.002702402707654983
1042.0 0.0026319832613808103
1043.0 0.0030198392778402194
1044.0 0.003407695476198569
1045.0 0.0033254658774239942
1046.0 0.0032432362786494195
1047.0 0.003184369415976107
1048.0 0.003125502189504914
1049.0 0.002718925679801032
1050.0 0.0023123489881982096
1051.0 0.0020451221644179896
1052.0 0.00177789552253671
1053.0 0.0015382274796138518
1054.0 0.001298559163842583
1055.0 0.0009567593224346638
1056.0 0.0006149593446025392
1057.0 0.000828375959827099
1058.0 0.0010417928024253342
1059.0 0.0009447428055864293
1060.0 0.0008476930815959349
1061.0 0.00089811746875057
1062.0 0.0009485419468546752
1063.0 0.0015803325368324295
1064.0 0.002212122672062833
1065.0 0.0028248630769667216
1066.0 0.00343760329997167
1067.0 0.0041574872739147395
1068.0 0.0048773719754535705
1069.0 0.004468993938644417
1070.0 0.004060615901835263
1071.0 0.00408163177780807
1072.0 0.004102647653780878
1073.0 0.0033599957532715052
1074.0 0.002617343852762133
1075.0 0.00266329607256921
1076.0 0.0027092479285784066
1077.0 0.002899364881159272
1078.0 0.0030894818337401375
1079.0 0.0031618066714145243
1080.0 0.0032341311452910304
1081.0 0.002321574902452994
1082.0 0.0014090186596149579
1083.0 0.001215315660374472
1084.0 0.0010216128430329263
1085.0 0.000560982425668044
1086.0 0.00010035229252025601
1087.0 0.0008030479875742458
1088.0 0.0015057438758958597
1089.0 0.0004888979219686007
1090.0 1.576913946643721e-10
1091.0 1.576913946643721e-10
1092.0 0.0004708716915047262
1093.0 9.24928770018596e-05
1094.0 1.576913946643721e-10
1095.0 1.576913946643721e-10
1096.0 1.576913946643721e-10
1097.0 1.576913946643721e-10
1098.0 1.576913946643721e-10
1099.0 3.624180067163252e-06
1100.0 0.0008153703674906865
