lsstcam/qe_curve/r42_s02/19700101T000000.ecsv
# %ECSV 0.9
# ---
# datatype:
# - {name: amp_name, datatype: string}
# - {name: wavelength, unit: nm, datatype: float32}
# - {name: efficiency, unit: '%', datatype: float32}
# meta: !!omap
# - {MODE: AMP}
# - {TYPE: QE}
# - {CALIBDATE: '1970-01-01T00:00:00'}
# - {INSTRUME: LSSTCAM}
# - {OBSTYPE: qe_curve}
# - {DETECTOR: 173}
# - {PICKLEFILE: RaftRun12120.p}
# - {CALIB_ID: 'raftName=R42 detectorName=S02 detector=173 calibDate=1970-01-01T00:00:00 ccd=173 ccdnum=173 filter=None'}
# - {DATE: '2020-01-23T23:10:53.712467'}
# - {CALIB_CREATION_DATE: '2020-01-23'}
# - {CALIB_CREATION_TIME: '23:10:53'}
# - __serialized_columns__:
#     efficiency:
#       __class__: astropy.units.quantity.Quantity
#       unit: !astropy.units.Unit {unit: '%'}
#       value: !astropy.table.SerializedColumn {name: efficiency}
#     wavelength:
#       __class__: astropy.units.quantity.Quantity
#       unit: !astropy.units.Unit {unit: nm}
#       value: !astropy.table.SerializedColumn {name: wavelength}
# schema: astropy-2.0
amp_name wavelength efficiency
C02 319.994 48.591114
C02 324.969 50.85069
C02 349.982 62.6117
C02 374.975 76.756805
C02 400.019 86.006355
C02 424.965 86.58049
C02 450.035 85.4112
C02 475.003 86.186646
C02 500.018 85.248
C02 525.002 85.697
C02 550.029 87.591
C02 575.023 89.89553
C02 599.982 90.94078
C02 619.997 92.318565
C02 624.979 92.62619
C02 650.012 93.53746
C02 675.004 94.76914
C02 700.03 96.26812
C02 725.012 96.920784
C02 750.022 97.8026
C02 774.987 99.13935
C02 799.976 98.680626
C02 824.988 98.75409
C02 850.022 97.88473
C02 869.967 96.2957
C02 875.002 95.38253
C02 899.999 90.03825
C02 919.999 83.02481
C02 925.012 80.38677
C02 949.965 69.24665
C02 975.002 53.90315
C02 999.976 37.09399
C02 1025.028 21.169994
C02 1050.014 10.041708
C02 1075.002 6.0885243
C02 1099.99 4.0471034
C00 319.994 49.40092
C00 324.969 51.75281
C00 349.982 63.6456
C00 374.975 77.129166
C00 400.019 85.90483
C00 424.965 86.47433
C00 450.035 85.53393
C00 475.003 86.60349
C00 500.018 85.84328
C00 525.002 86.36402
C00 550.029 88.253
C00 575.023 90.45264
C00 599.982 91.37081
C00 619.997 92.667595
C00 624.979 92.95647
C00 650.012 93.797134
C00 675.004 94.978096
C00 700.03 96.41422
C00 725.012 96.95971
C00 750.022 97.713036
C00 774.987 98.924
C00 799.976 98.405426
C00 824.988 98.4753
C00 850.022 97.58984
C00 869.967 96.03381
C00 875.002 95.142975
C00 899.999 89.96802
C00 919.999 82.928764
C00 925.012 80.25279
C00 949.965 68.82575
C00 975.002 53.62417
C00 999.976 37.141
C00 1025.028 21.209475
C00 1050.014 10.05337
C00 1075.002 6.070455
C00 1099.99 4.0497293
C13 319.994 47.846577
C13 324.969 50.027664
C13 349.982 61.568127
C13 374.975 76.06912
C13 400.019 85.77165
C13 424.965 86.52381
C13 450.035 85.31759
C13 475.003 85.932396
C13 500.018 84.85974
C13 525.002 85.24759
C13 550.029 87.120995
C13 575.023 89.46113
C13 599.982 90.55291
C13 619.997 91.96075
C13 624.979 92.27534
C13 650.012 93.21314
C13 675.004 94.50378
C13 700.03 96.15235
C13 725.012 97.157585
C13 750.022 98.501465
C13 774.987 100.266785
C13 799.976 100.0015
C13 824.988 100.06538
C13 850.022 99.341324
C13 869.967 97.751816
C13 875.002 96.77969
C13 899.999 90.82009
C13 919.999 83.266785
C13 925.012 80.578
C13 949.965 70.21787
C13 975.002 54.572906
C13 999.976 37.452045
C13 1025.028 21.512205
C13 1050.014 10.259296
C13 1075.002 6.2150607
C13 1099.99 4.105462
C03 319.994 48.266216
C03 324.969 50.48702
C03 349.982 62.178535
C03 374.975 76.60327
C03 400.019 86.09689
C03 424.965 86.74608
C03 450.035 85.55363
C03 475.003 86.281845
C03 500.018 85.29397
C03 525.002 85.701744
C03 550.029 87.563354
C03 575.023 89.85428
C03 599.982 90.900925
C03 619.997 92.27738
C03 624.979 92.5858
C03 650.012 93.502014
C03 675.004 94.75072
C03 700.03 96.27512
C03 725.012 96.986855
C03 750.022 97.94191
C03 774.987 99.35466
C03 799.976 98.92923
C03 824.988 99.00785
C03 850.022 98.14929
C03 869.967 96.557304
C03 875.002 95.63057
C03 899.999 90.20489
C03 919.999 83.11448
C03 925.012 80.479485
C03 949.965 69.48587
C03 975.002 54.081326
C03 999.976 37.145176
C03 1025.028 21.146412
C03 1050.014 10.0131
C03 1075.002 6.067914
C03 1099.99 4.034106
C14 319.994 48.29777
C14 324.969 50.519978
C14 349.982 62.181274
C14 374.975 76.52282
C14 400.019 86.04736
C14 424.965 86.72839
C14 450.035 85.53822
C14 475.003 86.20023
C14 500.018 85.17244
C14 525.002 85.590546
C14 550.029 87.49322
C14 575.023 89.84823
C14 599.982 90.94713
C14 619.997 92.35513
C14 624.979 92.66873
C14 650.012 93.608955
C14 675.004 94.88861
C14 700.03 96.519554
C14 725.012 97.49105
C14 750.022 98.78683
C14 774.987 100.512024
C14 799.976 100.22085
C14 824.988 100.27362
C14 850.022 99.53023
C14 869.967 97.912224
C14 875.002 96.93898
C14 899.999 90.97571
C14 919.999 83.46168
C14 925.012 80.78397
C14 949.965 70.386024
C14 975.002 54.663765
C14 999.976 37.53331
C14 1025.028 21.5626
C14 1050.014 10.321377
C14 1075.002 6.2411494
C14 1099.99 4.1273217
C07 319.994 47.311974
C07 324.969 49.404076
C07 349.982 60.607986
C07 374.975 75.263954
C07 400.019 85.45245
C07 424.965 86.7313
C07 450.035 85.83098
C07 475.003 86.60166
C07 500.018 85.50482
C07 525.002 85.77253
C07 550.029 87.46207
C07 575.023 89.5867
C07 599.982 90.50945
C07 619.997 91.82936
C07 624.979 92.12704
C07 650.012 93.019165
C07 675.004 94.28792
C07 700.03 95.866425
C07 725.012 96.661255
C07 750.022 97.70633
C07 774.987 99.20881
C07 799.976 98.85903
C07 824.988 99.00319
C07 850.022 98.219376
C07 869.967 96.65929
C07 875.002 95.735344
C07 899.999 90.24762
C07 919.999 83.07214
C07 925.012 80.446754
C07 949.965 69.853516
C07 975.002 54.30161
C07 999.976 36.954475
C07 1025.028 20.804464
C07 1050.014 9.841797
C07 1075.002 5.979125
C07 1099.99 3.9660354
C15 319.994 48.49143
C15 324.969 50.74375
C15 349.982 62.429676
C15 374.975 76.427475
C15 400.019 85.65631
C15 424.965 86.27026
C15 450.035 85.11408
C15 475.003 85.83555
C15 500.018 84.86796
C15 525.002 85.31861
C15 550.029 87.2393
C15 575.023 89.59114
C15 599.982 90.68439
C15 619.997 92.08035
C15 624.979 92.39358
C15 650.012 93.320595
C15 675.004 94.579765
C15 700.03 96.18105
C15 725.012 97.10006
C15 750.022 98.33208
C15 774.987 99.99904
C15 799.976 99.67575
C15 824.988 99.73092
C15 850.022 98.97355
C15 869.967 97.33872
C15 875.002 96.36159
C15 899.999 90.466125
C15 919.999 83.08769
C15 925.012 80.44967
C15 949.965 70.09414
C15 975.002 54.328526
C15 999.976 37.361176
C15 1025.028 21.505669
C15 1050.014 10.323469
C15 1075.002 6.2066627
C15 1099.99 4.1266613
C12 319.994 47.455616
C12 324.969 49.592712
C12 349.982 60.997078
C12 374.975 75.59652
C12 400.019 85.45875
C12 424.965 86.29834
C12 450.035 85.10697
C12 475.003 85.686134
C12 500.018 84.57758
C12 525.002 84.93085
C12 550.029 86.772606
C12 575.023 89.08183
C12 599.982 90.168495
C12 619.997 91.56903
C12 624.979 91.88283
C12 650.012 92.82942
C12 675.004 94.12288
C12 700.03 95.781906
C12 725.012 96.81242
C12 750.022 98.18379
C12 774.987 99.97334
C12 799.976 99.73042
C12 824.988 99.81202
C12 850.022 99.11814
C12 869.967 97.55012
C12 875.002 96.58895
C12 899.999 90.67239
C12 919.999 83.12914
C12 925.012 80.44879
C12 949.965 70.19891
C12 975.002 54.58291
C12 999.976 37.42364
C12 1025.028 21.513596
C12 1050.014 10.242464
C12 1075.002 6.1900854
C12 1099.99 4.0963125
C05 319.994 47.63916
C05 324.969 49.788956
C05 349.982 61.30627
C05 374.975 76.12204
C05 400.019 86.02737
C05 424.965 86.825905
C05 450.035 85.62172
C05 475.003 86.25677
C05 500.018 85.17357
C05 525.002 85.51056
C05 550.029 87.31772
C05 575.023 89.58531
C05 599.982 90.62681
C05 619.997 92.00536
C05 624.979 92.316124
C05 650.012 93.24331
C05 675.004 94.51382
C05 700.03 96.086365
C05 725.012 96.89324
C05 750.022 97.96186
C05 774.987 99.48887
C05 799.976 99.12852
C05 824.988 99.22682
C05 850.022 98.42049
C05 869.967 96.851906
C05 875.002 95.924126
C05 899.999 90.41322
C05 919.999 83.19207
C05 925.012 80.54917
C05 949.965 69.79808
C05 975.002 54.32079
C05 999.976 37.157135
C05 1025.028 21.072048
C05 1050.014 9.973225
C05 1075.002 6.0416675
C05 1099.99 4.007576
C04 319.994 48.01349
C04 324.969 50.201645
C04 349.982 61.831177
C04 374.975 76.49835
C04 400.019 86.23131
C04 424.965 86.94257
C04 450.035 85.73061
C04 475.003 86.401375
C04 500.018 85.35766
C04 525.002 85.73265
C04 550.029 87.570145
C04 575.023 89.85821
C04 599.982 90.907234
C04 619.997 92.291214
C04 624.979 92.600815
C04 650.012 93.5231
C04 675.004 94.789795
C04 700.03 96.34352
C04 725.012 97.10788
C04 750.022 98.133385
C04 774.987 99.61246
C04 799.976 99.22451
C04 824.988 99.30677
C04 850.022 98.47402
C04 869.967 96.88757
C04 875.002 95.95691
C04 899.999 90.48154
C04 919.999 83.309296
C04 925.012 80.66261
C04 949.965 69.79352
C04 975.002 54.338
C04 999.976 37.249115
C04 1025.028 21.16361
C04 1050.014 10.015458
C04 1075.002 6.0688267
C04 1099.99 4.030587
C01 319.994 49.02335
C01 324.969 51.323387
C01 349.982 63.151096
C01 374.975 76.99869
C01 400.019 86.009926
C01 424.965 86.546555
C01 450.035 85.4484
C01 475.003 86.3299
C01 500.018 85.46969
C01 525.002 85.95386
C01 550.029 87.85939
C01 575.023 90.13614
C01 599.982 91.14863
C01 619.997 92.502304
C01 624.979 92.80327
C01 650.012 93.6906
C01 675.004 94.90255
C01 700.03 96.370056
C01 725.012 96.96786
C01 750.022 97.77804
C01 774.987 99.05178
C01 799.976 98.55962
C01 824.988 98.62766
C01 850.022 97.75254
C01 869.967 96.18249
C01 875.002 95.28035
C01 899.999 90.02898
C01 919.999 83.03115
C01 925.012 80.369644
C01 949.965 69.05085
C01 975.002 53.790604
C01 999.976 37.136566
C01 1025.028 21.243536
C01 1050.014 10.075045
C01 1075.002 6.109962
C01 1099.99 4.0645456
C11 319.994 47.25971
C11 324.969 49.366524
C11 349.982 60.654423
C11 374.975 75.291725
C11 400.019 85.30597
C11 424.965 86.27737
C11 450.035 85.15045
C11 475.003 85.73416
C11 500.018 84.60346
C11 525.002 84.91967
C11 550.029 86.7239
C11 575.023 89.000626
C11 599.982 90.066635
C11 619.997 91.45936
C11 624.979 91.772896
C11 650.012 92.72072
C11 675.004 94.019196
C11 700.03 95.69049
C11 725.012 96.72126
C11 750.022 98.097015
C11 774.987 99.88055
C11 799.976 99.649124
C11 824.988 99.75386
C11 850.022 99.077324
C11 869.967 97.52258
C11 875.002 96.57699
C11 899.999 90.70066
C11 919.999 83.19558
C11 925.012 80.51625
C11 949.965 70.296265
C11 975.002 54.651752
C11 999.976 37.423634
C11 1025.028 21.505104
C11 1050.014 10.221968
C11 1075.002 6.1847486
C11 1099.99 4.0968337
C16 319.994 49.04566
C16 324.969 51.346577
C16 349.982 63.123528
C16 374.975 76.81738
C16 400.019 85.79696
C16 424.965 86.36248
C16 450.035 85.27137
C16 475.003 86.09481
C16 500.018 85.196144
C16 525.002 85.68138
C16 550.029 87.61577
C16 575.023 89.9487
C16 599.982 91.01456
C16 619.997 92.39999
C16 624.979 92.70459
C16 650.012 93.62076
C16 675.004 94.857956
C16 700.03 96.43227
C16 725.012 97.30744
C16 750.022 98.48759
C16 774.987 100.101036
C16 799.976 99.74952
C16 824.988 99.8043
C16 850.022 99.025566
C16 869.967 97.35869
C16 875.002 96.38749
C16 899.999 90.594795
C16 919.999 83.260666
C16 925.012 80.602425
C16 949.965 69.95802
C16 975.002 54.08611
C16 999.976 37.41882
C16 1025.028 21.5947
C16 1050.014 10.351357
C16 1075.002 6.195515
C16 1099.99 4.1475477
C17 319.994 49.42909
C17 324.969 51.78146
C17 349.982 63.603333
C17 374.975 76.8444
C17 400.019 85.51569
C17 424.965 86.106544
C17 450.035 85.17136
C17 475.003 86.15925
C17 500.018 85.36272
C17 525.002 85.87155
C17 550.029 87.77911
C17 575.023 90.02873
C17 599.982 91.01133
C17 619.997 92.34111
C17 624.979 92.63517
C17 650.012 93.51082
C17 675.004 94.7123
C17 700.03 96.25139
C17 725.012 97.08078
C17 750.022 98.207855
C17 774.987 99.76658
C17 799.976 99.39143
C17 824.988 99.43345
C17 850.022 98.62658
C17 869.967 96.949036
C17 875.002 95.98996
C17 899.999 90.32402
C17 919.999 82.97883
C17 925.012 80.289
C17 949.965 69.295815
C17 975.002 53.56152
C17 999.976 37.35843
C17 1025.028 21.596924
C17 1050.014 10.262308
C17 1075.002 6.1207294
C17 1099.99 4.115555
C06 319.994 47.39925
C06 324.969 49.513855
C06 349.982 60.900856
C06 374.975 75.74357
C06 400.019 85.80538
C06 424.965 86.75641
C06 450.035 85.62745
C06 475.003 86.273056
C06 500.018 85.16389
C06 525.002 85.4669
C06 550.029 87.23617
C06 575.023 89.45733
C06 599.982 90.46803
C06 619.997 91.836716
C06 624.979 92.13971
C06 650.012 93.06445
C06 675.004 94.34093
C06 700.03 95.92091
C06 725.012 96.7359
C06 750.022 97.8254
C06 774.987 99.3587
C06 799.976 99.01643
C06 824.988 99.12972
C06 850.022 98.33154
C06 869.967 96.76788
C06 875.002 95.849655
C06 899.999 90.3301
C06 919.999 83.0894
C06 925.012 80.43733
C06 949.965 69.74967
C06 975.002 54.235806
C06 999.976 37.026497
C06 1025.028 20.954983
C06 1050.014 9.907609
C06 1075.002 5.998248
C06 1099.99 3.9746528
C10 319.994 47.089146
C10 324.969 49.174084
C10 349.982 60.309242
C10 374.975 74.81705
C10 400.019 84.93108
C10 424.965 86.14984
C10 450.035 85.19009
C10 475.003 85.868286
C10 500.018 84.75258
C10 525.002 85.03067
C10 550.029 86.763016
C10 575.023 88.95556
C10 599.982 89.94786
C10 619.997 91.304794
C10 624.979 91.609764
C10 650.012 92.535
C10 675.004 93.83124
C10 700.03 95.49445
C10 725.012 96.50782
C10 750.022 97.83492
C10 774.987 99.57732
C10 799.976 99.33991
C10 824.988 99.46826
C10 850.022 98.80109
C10 869.967 97.270195
C10 875.002 96.31648
C10 899.999 90.47189
C10 919.999 83.067444
C10 925.012 80.42622
C10 949.965 70.335365
C10 975.002 54.68405
C10 999.976 37.24294
C10 1025.028 21.340057
C10 1050.014 10.158647
C10 1075.002 6.1719832
C10 1099.99 4.0924845
