lsstCam/transmission_filter_detector/r34_s02/y_10/19700101T000000.ecsv
# %ECSV 1.0
# ---
# datatype:
# - {name: wavelength, unit: nm, datatype: float32}
# - {name: efficiency, unit: '%', datatype: float64}
# meta: !!omap
# - {MODE: DETECTOR}
# - {TYPE: transmission_filter_detector}
# - {CALIBDATE: '1970-01-01T00:00:00'}
# - {INSTRUME: LSSTCam}
# - {OBSTYPE: transmission_filter_detector}
# - {CALIBCLS: lsst.ip.isr.IntermediateFilterDetectorTransmissionCurve}
# - {SOURCE: Materion (DM-46256)}
# - {DETECTOR: 155}
# - {FILTER: y_10}
# - {CALIB_ID: 'calibDate=1970-01-01T00:00:00 filter=y_10 detector=155'}
# - {DATE: '2025-04-02T15:59:51.461770'}
# - {CALIB_CREATION_DATE: '2025-04-02'}
# - {CALIB_CREATION_TIME: '15:59:51'}
# - __serialized_columns__:
#     efficiency:
#       __class__: astropy.units.quantity.Quantity
#       unit: !astropy.units.Unit {unit: '%'}
#       value: !astropy.table.SerializedColumn {name: efficiency}
#     wavelength:
#       __class__: astropy.units.quantity.Quantity
#       unit: !astropy.units.Unit {unit: nm}
#       value: !astropy.table.SerializedColumn {name: wavelength}
# schema: astropy-2.0
wavelength efficiency
300.0 0.05442207329906523
301.0 0.03384761803317815
302.0 0.0132731584017165
303.0 0.012072776007698849
304.0 0.010872392158489674
305.0 0.01049963611876592
306.0 0.010126875713467598
307.0 0.010152883623959497
308.0 0.010178892262047157
309.0 0.010646999726304784
310.0 0.011115110100945458
311.0 0.007092711894074455
312.0 0.0030703140510013327
313.0 0.00342841049132403
314.0 0.0037865065678488463
315.0 0.002858156949514523
316.0 0.0019298066035844386
317.0 0.002437562397972215
318.0 0.002945316919067409
319.0 0.0015130442989175208
320.0 8.077137181317084e-05
321.0 0.0009158138709608465
322.0 0.0017508566088508815
323.0 0.0035672310332302004
324.0 0.005383605457609519
325.0 0.0036793866456719115
326.0 0.001975168015633244
327.0 0.002753430999291595
328.0 0.0035316938010510057
329.0 0.003881431621266529
330.0 0.0042311690776841715
331.0 0.003264056795160286
332.0 0.0022969443307374604
333.0 0.0030900398996891454
334.0 0.0038831349229440093
335.0 0.0031943949579726905
336.0 0.00250565408350667
337.0 0.0020286212020437233
338.0 0.0015515881386818364
339.0 0.001696114122751169
340.0 0.001840639924921561
341.0 0.0015510104276472703
342.0 0.0012613805665750988
343.0 0.0009173723810818046
344.0 0.0005733642410632456
345.0 0.0009574280738888774
346.0 0.0013414918612397742
347.0 0.0012970115676580463
348.0 0.0012525313650257885
349.0 0.0011856938726850785
350.0 0.0011188562893948983
351.0 0.0013130663319316227
352.0 0.001507276374468347
353.0 0.0011762987924157642
354.0 0.000845321028464241
355.0 0.0010356333405070473
356.0 0.0012259454706509132
357.0 0.0012819840776501223
358.0 0.0013380227755988017
359.0 0.0011228917173866648
360.0 0.0009077608410734683
361.0 0.0009494389814790338
362.0 0.0009911173037835397
363.0 0.0010246528290736023
364.0 0.0010581881724647246
365.0 0.001304633951804135
366.0 0.0015510799130424857
367.0 0.0018418131730868481
368.0 0.00213254606933333
369.0 0.0017766309611033648
370.0 0.0014207161257218104
371.0 0.001564579361001961
372.0 0.0017084426872315817
373.0 0.0019194301785319112
374.0 0.0021304174879333004
375.0 0.0030367904400918633
376.0 0.003943163392250426
377.0 0.003991683479398489
378.0 0.004040203566546552
379.0 0.003654785905382596
380.0 0.00326936824421864
381.0 0.0025375158656970598
382.0 0.0018056633052765392
383.0 0.001366383548884187
384.0 0.0009271036105928943
385.0 0.0008525195880793035
386.0 0.0007779357474646531
387.0 0.0006019226930220611
388.0 0.0004259096385794692
389.0 0.0004934657681587851
390.0 0.0005610218067886308
391.0 0.0005036784386902582
392.0 0.0004463349796424154
393.0 0.0005542881353903795
394.0 0.0006622412001888733
395.0 0.0006388470865203999
396.0 0.0006154529273771914
397.0 0.0008159828212228604
398.0 0.001016512578644324
399.0 0.0010945263966277707
400.0 0.0011725403055606876
401.0 0.001398752738168696
402.0 0.0016249652617261745
403.0 0.0017189158825203776
404.0 0.0018128665033145808
405.0 0.0017797021428123116
406.0 0.0017465381461079232
407.0 0.0016575144400121644
408.0 0.0015684905520174652
409.0 0.0013150386621418875
410.0 0.0010615865903673694
411.0 0.0009875318028207403
412.0 0.0009134766514762305
413.0 0.0008644038643979002
414.0 0.0008153312592185102
415.0 0.0008112920113489963
416.0 0.000807252581580542
417.0 0.0002702302708712523
418.0 1.7150305698168666e-10
419.0 1.7150305698168666e-10
420.0 1.7150305698168666e-10
421.0 0.00040051045289146714
422.0 0.0013858958482160233
423.0 0.0010708778063417412
424.0 0.0007558597189927241
425.0 0.00019995302409370197
426.0 1.7150305698168666e-10
427.0 0.00021206467408774188
428.0 0.0007800829735060688
429.0 0.0005254333700577263
430.0 0.000270783903033589
431.0 3.139012960673426e-05
432.0 1.7150305698168666e-10
433.0 1.7150305698168666e-10
434.0 1.7150305698168666e-10
435.0 2.531191682919598e-05
436.0 0.0005257720658846665
437.0 0.0001496345817031397
438.0 1.7150305698168666e-10
439.0 1.7150305698168666e-10
440.0 1.7150305698168666e-10
441.0 0.00019653521121654194
442.0 0.00040127661122824065
443.0 0.00033993821944022784
444.0 0.00027859962301590713
445.0 0.0005162110937817488
446.0 0.0007538225418102229
447.0 0.0007461525001417613
448.0 0.0007384825948975049
449.0 0.00014330840940601774
450.0 1.7150305698168666e-10
451.0 1.7150305698168666e-10
452.0 0.0002985312221426284
453.0 0.00021228556761343498
454.0 0.00012603986760950647
455.0 0.0005332229193300009
456.0 0.0009404058801010251
457.0 0.00029939876640128205
458.0 1.7150305698168666e-10
459.0 1.7150305698168666e-10
460.0 1.7150305698168666e-10
461.0 0.00010253127129544737
462.0 0.00045387209866021294
463.0 0.0007617391474923352
464.0 0.0010696062417991925
465.0 0.0008650806194054894
466.0 0.0006605549970117863
467.0 0.0008901889486878645
468.0 0.0011198228094144724
469.0 0.0016303458323818631
470.0 0.0021408690372481942
471.0 0.0022715799786965363
472.0 0.0024022909201448783
473.0 0.002524882074794732
474.0 0.0026474730475456454
475.0 0.0028471104087657295
476.0 0.003046747406187933
477.0 0.0029569673642981797
478.0 0.002867187140509486
479.0 0.0028213573386892676
480.0 0.0027755271730711684
481.0 0.0034734472137643024
482.0 0.0041713672544574365
483.0 0.004042444925289601
484.0 0.003913522596121766
485.0 0.003509223461151123
486.0 0.0031049243261804804
487.0 0.0029337610612856224
488.0 0.0027625977963907644
489.0 0.0024809041860862635
490.0 0.002199210757680703
491.0 0.0018326816643821076
492.0 0.001466152480134042
493.0 0.0014822876437392551
494.0 0.001498422625445528
495.0 0.0016232796042459086
496.0 0.0017481366739957593
497.0 0.0019569586584111676
498.0 0.002165781188523397
499.0 0.0020951085389242508
500.0 0.0020244358893251047
501.0 0.0022406833522836678
502.0 0.0024569309971411712
503.0 0.0023813921870896593
504.0 0.002305853195139207
505.0 0.0024440723791485652
506.0 0.0025822915631579235
507.0 0.0022886266378918663
508.0 0.0019949615307268687
509.0 0.0017619136997382157
510.0 0.0015288656868506223
511.0 0.0013737207154917996
512.0 0.001218575744132977
513.0 0.0016172720279428177
514.0 0.0020159683117526583
515.0 0.001659737063164357
516.0 0.001303505905525526
517.0 0.0015155434084590524
518.0 0.0017275813661399297
519.0 0.0014467654182226397
520.0 0.00116594965220429
521.0 0.001373219220113242
522.0 0.0015804886061232537
523.0 0.0016281446733046323
524.0 0.0016758005585870706
525.0 0.0019756591427722014
526.0 0.0022755179088562727
527.0 0.002275794031447731
528.0 0.0022760703359381296
529.0 0.0024355245841434225
530.0 0.0025949791961465962
531.0 0.002546128052927088
532.0 0.0024972769097075798
533.0 0.002210822276538238
534.0 0.0019243672795710154
535.0 0.0017592672520549968
536.0 0.0015941672245389782
537.0 0.0018303839169675484
538.0 0.0020666009731939994
539.0 0.0025857065338641405
540.0 0.0031048119126353413
541.0 0.003356214438099414
542.0 0.0036076162359677255
543.0 0.003925704368157312
544.0 0.004243791772751138
545.0 0.004455311864148825
546.0 0.004666831227950752
547.0 0.004223191717755981
548.0 0.003779551843763329
549.0 0.003184950037393719
550.0 0.002590347867226228
551.0 0.0025615247068344615
552.0 0.002532701546442695
553.0 0.0026996185624739155
554.0 0.0028665359423030168
555.0 0.0035468048736220226
556.0 0.004227073804941028
557.0 0.004137028372497298
558.0 0.004046982940053567
559.0 0.003858613854390569
560.0 0.00367024440492969
561.0 0.003749210009118542
562.0 0.0038281752495095134
563.0 0.003336786903673783
564.0 0.002845398375939112
565.0 0.003500353341223672
566.0 0.0041553081246092916
567.0 0.004318938954384066
568.0 0.0044825701479567215
569.0 0.005284318103804253
570.0 0.006086066059651785
571.0 0.0064634405134711415
572.0 0.006840814603492618
573.0 0.006827645847806707
574.0 0.006814475636929274
575.0 0.006740902608726174
576.0 0.006667330308118835
577.0 0.005906518708798103
578.0 0.005145707109477371
579.0 0.0052331619372125715
580.0 0.005320617128745653
581.0 0.006260094232857227
582.0 0.007199570973170921
583.0 0.00854746176628396
584.0 0.009895353286992759
585.0 0.010306058538844809
586.0 0.01071676451829262
587.0 0.010753798414953053
588.0 0.010790835949592292
589.0 0.010534535249462351
590.0 0.010278238187311217
591.0 0.009414248052053154
592.0 0.008550257189199328
593.0 0.007297614502022043
594.0 0.006044973997632042
595.0 0.005625763151329011
596.0 0.005206553032621741
597.0 0.005619124203803949
598.0 0.006031695374986157
599.0 0.007132840983103961
600.0 0.008233986591221765
601.0 0.00911544484551996
602.0 0.009996901644626632
603.0 0.01035136156133376
604.0 0.010705821478040889
605.0 0.010845049109775573
606.0 0.010984275286318734
607.0 0.009617603063816205
608.0 0.008250930841313675
609.0 0.006702732207486406
610.0 0.005154534301254898
611.0 0.0043134132283739746
612.0 0.0034722925192909315
613.0 0.003491022653179243
614.0 0.003509752787067555
615.0 0.00447202728537377
616.0 0.0054343017836799845
617.0 0.006421464786399156
618.0 0.007408625970128924
619.0 0.008599954162491485
620.0 0.009791281627258286
621.0 0.010136507626157254
622.0 0.010481734352651983
623.0 0.010882083734031767
624.0 0.011282430932624266
625.0 0.010320314322598279
626.0 0.009358198440168053
627.0 0.007504967652494088
628.0 0.0056517383200116456
629.0 0.0046785124141024426
630.0 0.003705286144395359
631.0 0.00311510702886153
632.0 0.002524927731428761
633.0 0.0026879935830947943
634.0 0.0028510588890640065
635.0 0.0031500203476753086
636.0 0.0034489818062866107
637.0 0.0038986749132163823
638.0 0.004348367656348273
639.0 0.004819009336642921
640.0 0.005289650653139688
641.0 0.005488780516316183
642.0 0.005687910015694797
643.0 0.0056180328101618215
644.0 0.005548155240830965
645.0 0.004908210030407645
646.0 0.004268264456186444
647.0 0.0036579975130734965
648.0 0.0030477311156573705
649.0 0.0024500483050360344
650.0 0.001852365858212579
651.0 0.001676383544690907
652.0 0.0015004011402197648
653.0 0.0014308949175756425
654.0 0.0013613886949315201
655.0 0.0013754078281635884
656.0 0.0013894269613956567
657.0 0.001416851046087686
658.0 0.0014442751307797153
659.0 0.0016145653717103414
660.0 0.0017848555216914974
661.0 0.001758296821208205
662.0 0.0017317384845227934
663.0 0.001733240242174361
664.0 0.0017347419998259284
665.0 0.0024031358407228254
666.0 0.003071529499720782
667.0 0.0039677819586358964
668.0 0.004864034417551011
669.0 0.005332736327545717
670.0 0.005801437146146782
671.0 0.006288312579272315
672.0 0.006775186921004206
673.0 0.007333200483117253
674.0 0.007891215500421822
675.0 0.007980801456142217
676.0 0.008070388867054135
677.0 0.006499377195723355
678.0 0.0049283637054031715
679.0 0.0034978187613887712
680.0 0.002067272362182848
681.0 0.0013268632756080478
682.0 0.0005864543709321879
683.0 0.0006111591119406512
684.0 0.0006358639438985847
685.0 0.00034544862046459457
686.0 5.5033137869031634e-05
687.0 0.00021761288735433482
688.0 0.00038019261410227045
689.0 0.00021052476313343504
690.0 4.085692353328341e-05
691.0 0.00011898387128894683
692.0 0.00019711080767592648
693.0 0.0001664268211243325
694.0 0.00013574277772931964
695.0 0.000220205629375414
696.0 0.0003046684923901921
697.0 0.000444538272859063
698.0 0.000584408098802669
699.0 0.00036817395994148683
700.0 0.00015194002571661258
701.0 0.00020130191842326894
702.0 0.0002506638111299253
703.0 0.00011375308304195642
704.0 1.7150305698168666e-10
705.0 9.674258762970567e-05
706.0 0.00021664263840648346
707.0 0.00018700657165027224
708.0 0.00015737044805064215
709.0 0.0003820325218839571
710.0 0.0006066945843485883
711.0 0.0005221447281655855
712.0 0.00043759478103311267
713.0 0.0002877834731407347
714.0 0.000137972153879673
715.0 0.00014843346889392706
716.0 0.00015889473843344604
717.0 2.794425313368265e-05
718.0 1.7150305698168666e-10
719.0 0.00020334737200755626
720.0 0.0005097012035548687
721.0 0.0005630407031276263
722.0 0.0006163804300740594
723.0 0.0005617991519102361
724.0 0.0005072178282716777
725.0 0.00016502289099662448
726.0 1.7150305698168666e-10
727.0 8.520801202394068e-05
728.0 0.00034758809306367766
729.0 0.0005077871264802525
730.0 0.0006679861598968273
731.0 0.0004612376869772561
732.0 0.0002544894869060954
733.0 0.0004464997800823767
734.0 0.0006385102551575983
735.0 0.00037180400340730557
736.0 0.00010509784260648303
737.0 0.0001825942263167235
738.0 0.00026009063276433153
739.0 0.000289839954348281
740.0 0.00031958923045749543
741.0 0.0003009703277712106
742.0 0.00028235137961019063
743.0 0.0002499239599274006
744.0 0.00021749635834567016
745.0 0.000373629700334277
746.0 0.0005297627467371058
747.0 0.0005965925538475858
748.0 0.0006634222700085957
749.0 0.0003019003315785085
750.0 1.7150305698168666e-10
751.0 0.00036471883504418656
752.0 0.0007890593224146869
753.0 0.0005562027581618167
754.0 0.0003233461484342115
755.0 0.0003085636080868426
756.0 0.00029378106773947366
757.0 0.0001398592758050654
758.0 1.7150305698168666e-10
759.0 7.995451483111538e-05
760.0 0.00017397152305420605
761.0 0.0003846650997729739
762.0 0.0005953586878604256
763.0 0.0006311867309705121
764.0 0.0006670148195553338
765.0 0.000682407198837609
766.0 0.0006977995326451492
767.0 0.0007976589586178306
768.0 0.0008975184755399823
769.0 0.0005977354703645688
770.0 0.00029795235150231747
771.0 0.0005500929091795115
772.0 0.0008022333531698678
773.0 0.0005916342161071952
774.0 0.0003810350790445227
775.0 0.0001652482296776725
776.0 1.7150305698168666e-10
777.0 9.419551929568115e-05
778.0 0.00023892955596238608
779.0 0.0005667946879839292
780.0 0.0008946598427428398
781.0 0.0007420682322845096
782.0 0.0005894765763514442
783.0 0.000455179224445601
784.0 0.0003208819407518604
785.0 0.00040608588278701063
786.0 0.0004912898930342635
787.0 0.0004393322342366446
788.0 0.00038737452996429056
789.0 0.00025609485874156235
790.0 0.0001248150852006802
791.0 0.0005902143129787873
792.0 0.0010556133020145353
793.0 0.0009534986020298675
794.0 0.0008513839929946698
795.0 0.0008529550541425124
796.0 0.0008545262062398251
797.0 0.000777407331042923
798.0 0.0007002883194218157
799.0 0.00035775149171968224
800.0 1.5214632753668411e-05
801.0 0.0003335361725476105
802.0 0.0006518578175018774
803.0 0.0006020612090651412
804.0 0.0005522646006284049
805.0 0.0006094077889429173
806.0 0.0006665507498837542
807.0 0.0003189615199516993
808.0 1.7150305698168666e-10
809.0 0.0002655098569448455
810.0 0.0005596476967184572
811.0 0.0006036754712113179
812.0 0.0006477032911789138
813.0 0.0005996897471050033
814.0 0.0005516761575563578
815.0 0.0005460921784106176
816.0 0.0005405081992648775
817.0 0.0008513317879987881
818.0 0.0011621554222074337
819.0 0.0010969495633617043
820.0 0.0010317436135665048
821.0 0.0009105778190132696
822.0 0.0007894120244600344
823.0 0.0007323992122110212
824.0 0.0006753865363862133
825.0 0.0010535194633121137
826.0 0.001431652344763279
827.0 0.0011879509656864684
828.0 0.0009442493137612473
829.0 0.0006878292879264336
830.0 0.0004314092166168848
831.0 0.00045761180444969796
832.0 0.0004838145287067164
833.0 0.0007569681656605098
834.0 0.0010301218026143033
835.0 0.0006937028501852183
836.0 0.0003572838295440306
837.0 0.00031065869734447915
838.0 0.0002640335651449277
839.0 0.0003374520474608289
840.0 0.0004108704615646275
841.0 0.0008219472874770872
842.0 0.0012330239769653417
843.0 0.0011354311027389485
844.0 0.0010378381375630852
845.0 0.001103148315451108
846.0 0.001168458675238071
847.0 0.0012994063581572846
848.0 0.0014303542229754385
849.0 0.0010366800779593177
850.0 0.0006430058874684619
851.0 0.0009932280590874143
852.0 0.0013434501852316316
853.0 0.001094571143767098
854.0 0.0008456921023025643
855.0 0.0006964348358451389
856.0 0.0005471775239129784
857.0 0.0007077313512127148
858.0 0.0008682852239871863
859.0 0.0007036658189463196
860.0 0.0005390464139054529
861.0 0.0009003128070617095
862.0 0.0012615791092684958
863.0 0.0013101252079650294
864.0 0.0013586712157120928
865.0 0.0017784985175239854
866.0 0.0021983256374369375
867.0 0.0024398845198447816
868.0 0.0026814428565558046
869.0 0.002751274951151572
870.0 0.002821106681949459
871.0 0.003238976205466315
872.0 0.0036568457289831713
873.0 0.0030665552912978455
874.0 0.0024762646717135794
