lsstCam/transmission_filter_detector/r34_s02/y_10/19700101T000000.ecsv
# %ECSV 1.0
# ---
# datatype:
# - {name: wavelength, unit: nm, datatype: float32}
# - {name: efficiency, unit: '%', datatype: float64}
# meta: !!omap
# - {MODE: DETECTOR}
# - {TYPE: transmission_filter_detector}
# - {CALIBDATE: '1970-01-01T00:00:00'}
# - {INSTRUME: LSSTCam}
# - {OBSTYPE: transmission_filter_detector}
# - {CALIBCLS: lsst.ip.isr.IntermediateFilterDetectorTransmissionCurve}
# - {SOURCE: Materion (DM-46256)}
# - {DETECTOR: 155}
# - {FILTER: y_10}
# - {CALIB_ID: 'calibDate=1970-01-01T00:00:00 filter=y_10 detector=155'}
# - {DATE: '2025-04-02T15:59:51.461770'}
# - {CALIB_CREATION_DATE: '2025-04-02'}
# - {CALIB_CREATION_TIME: '15:59:51'}
# - __serialized_columns__:
#     efficiency:
#       __class__: astropy.units.quantity.Quantity
#       unit: !astropy.units.Unit {unit: '%'}
#       value: !astropy.table.SerializedColumn {name: efficiency}
#     wavelength:
#       __class__: astropy.units.quantity.Quantity
#       unit: !astropy.units.Unit {unit: nm}
#       value: !astropy.table.SerializedColumn {name: wavelength}
# schema: astropy-2.0
wavelength efficiency
[from data line 576]
876.0 0.0018602615455165505
877.0 0.0021130261302459985
878.0 0.002365790533076506
879.0 0.0019670882466016337
880.0 0.05008891457691789
881.0 0.10702285217121243
882.0 0.06990100373513997
883.0 0.09213212761096656
884.0 0.056098680943250656
885.0 0.08852406172081828
886.0 0.05411299644038081
887.0 0.09242302621714771
888.0 0.06256969645619392
889.0 0.08591467631049454
890.0 0.06635801400989294
891.0 0.09264116524718702
892.0 0.0631170580163598
893.0 0.10981831001117826
894.0 0.0694523099809885
895.0 0.10391818359494209
896.0 0.06395403179340065
897.0 0.11549167102202773
898.0 0.06769202882423997
899.0 0.10509529383853078
900.0 0.08281655609607697
901.0 0.10880110785365105
902.0 0.13019295874983072
903.0 0.1243970706127584
904.0 0.13446568045765162
905.0 0.16371170058846474
906.0 0.1761263469234109
907.0 0.21673880983144045
908.0 0.2589064883068204
909.0 0.32704989425837994
910.0 0.4121933598071337
911.0 0.5754765588790178
912.0 0.7777466904371977
913.0 1.1588344350457191
914.0 1.6230633482336998
915.0 2.402530238032341
916.0 3.464927524328232
917.0 4.759303852915764
918.0 6.446053087711334
919.0 8.219213783740997
920.0 10.840735584497452
921.0 13.68785947561264
922.0 16.524873673915863
923.0 19.724079966545105
924.0 23.18691462278366
925.0 26.9568532705307
926.0 31.689822673797607
927.0 37.0844304561615
928.0 42.25395619869232
929.0 48.16383421421051
930.0 53.98772954940796
931.0 60.20182967185974
932.0 66.56752228736877
933.0 72.7365791797638
934.0 77.87381410598755
935.0 82.09426403045654
936.0 85.8013927936554
937.0 88.77251744270325
938.0 91.06196165084839
939.0 92.6241397857666
940.0 93.65897178649902
941.0 94.3388283252716
942.0 94.86717581748962
943.0 95.22594213485718
944.0 95.8048939704895
945.0 95.96758484840393
946.0 96.35560512542725
947.0 96.56679630279541
948.0 96.81097865104675
949.0 96.77919149398804
950.0 96.90240025520325
951.0 96.89236879348755
952.0 96.9372570514679
953.0 96.99422121047974
954.0 96.95615768432617
955.0 96.98917865753174
956.0 97.15842604637146
957.0 97.30759859085083
958.0 97.48893976211548
959.0 97.65901565551758
960.0 97.84562587738037
961.0 98.00803065299988
962.0 98.14160466194153
963.0 98.24299216270447
964.0 98.37890863418579
965.0 98.445063829422
966.0 98.56542348861694
967.0 98.66076707839966
968.0 98.66141080856323
969.0 98.66538047790527
970.0 98.72239232063293
971.0 98.75495433807373
972.0 98.7847626209259
973.0 98.85387420654297
974.0 98.86797070503235
975.0 98.847895860672
976.0 98.93263578414917
977.0 98.88375997543335
978.0 98.97842407226562
979.0 98.94115328788757
980.0 98.9270567893982
981.0 98.89894723892212
982.0 98.85252118110657
983.0 98.89320135116577
984.0 98.84400963783264
985.0 98.87056350708008
986.0 98.75762462615967
987.0 98.78541231155396
988.0 98.66034984588623
989.0 98.65396618843079
990.0 98.57779741287231
991.0 98.5661506652832
992.0 98.5661268234253
993.0 98.50140810012817
994.0 98.446786403656
995.0 98.47597479820251
996.0 98.44264388084412
997.0 98.52186441421509
998.0 98.54612946510315
999.0 98.60212206840515
1000.0 98.64437580108643
1001.0 98.61696362495422
1002.0 98.75062108039856
1003.0 98.77586364746094
1004.0 98.87264370918274
1005.0 98.85895848274231
1006.0 99.00065064430237
1007.0 98.98175597190857
1008.0 98.98122549057007
1009.0 98.935866355896
1010.0 99.03009533882141
1011.0 99.03542995452881
1012.0 98.94095063209534
1013.0 98.98303151130676
1014.0 98.94194006919861
1015.0 98.86752963066101
1016.0 98.8892912864685
1017.0 98.91350865364075
1018.0 98.93466830253601
1019.0 98.7747311592102
1020.0 98.86271953582764
1021.0 98.98641705513
1022.0 98.81380200386047
1023.0 98.85794520378113
1024.0 98.82784485816956
1025.0 98.7953782081604
1026.0 98.82345795631409
1027.0 98.90143871307373
1028.0 98.8507091999054
1029.0 98.94756078720093
1030.0 98.9930510520935
1031.0 98.96705150604248
1032.0 98.97977709770203
1033.0 98.96298050880432
1034.0 98.96964430809021
1035.0 99.06752705574036
1036.0 98.99445176124573
1037.0 98.98608922958374
1038.0 98.943692445755
1039.0 98.91435503959656
1040.0 98.84979724884033
1041.0 98.90848994255066
1042.0 98.89607429504395
1043.0 98.75667691230774
1044.0 98.87189269065857
1045.0 98.56953620910645
1046.0 98.79156351089478
1047.0 98.59955310821533
1048.0 98.64885210990906
1049.0 98.55031967163086
1050.0 98.61701130867004
1051.0 98.54808449745178
1052.0 98.51219654083252
1053.0 98.38438034057617
1054.0 98.57944846153259
1055.0 98.66993427276611
1056.0 98.60730171203613
1057.0 98.71593713760376
1058.0 98.4162449836731
1059.0 98.58078360557556
1060.0 98.63504767417908
1061.0 98.6598789691925
1062.0 98.6414909362793
1063.0 98.53965640068054
1064.0 98.87504577636719
1065.0 98.67439866065979
1066.0 98.77591133117676
1067.0 98.84823560714722
1068.0 98.7277626991272
1069.0 98.57499599456787
1070.0 99.07358884811401
1071.0 98.69118332862854
1072.0 98.84543418884277
1073.0 99.00485873222351
1074.0 98.60344529151917
1075.0 98.6154317855835
1076.0 98.40819239616394
1077.0 98.69083762168884
1078.0 98.91985654830933
1079.0 98.47780466079712
1080.0 99.20080900192261
1081.0 98.57202172279358
1082.0 98.51168394088745
1083.0 98.46072196960449
1084.0 98.78790378570557
1085.0 98.74193072319031
1086.0 98.62387180328369
1087.0 98.56317043304443
1088.0 98.37279915809631
1089.0 98.3361542224884
1090.0 98.47685098648071
1091.0 98.41960072517395
1092.0 98.5245406627655
1093.0 98.53395819664001
1094.0 98.37319254875183
1095.0 98.24410080909729
1096.0 98.4199583530426
1097.0 98.2612669467926
1098.0 97.65318036079407
1099.0 98.51892590522766
1100.0 98.08728098869324
