lsstCam/transmission_filter_detector/r11_s10/u_24/19700101T000000.ecsv
# %ECSV 1.0
# ---
# datatype:
# - {name: wavelength, unit: nm, datatype: float32}
# - {name: efficiency, unit: '%', datatype: float64}
# meta: !!omap
# - {MODE: DETECTOR}
# - {TYPE: transmission_filter_detector}
# - {CALIBDATE: '1970-01-01T00:00:00'}
# - {INSTRUME: LSSTCam}
# - {OBSTYPE: transmission_filter_detector}
# - {CALIBCLS: lsst.ip.isr.IntermediateFilterDetectorTransmissionCurve}
# - {SOURCE: Materion (DM-46256)}
# - {DETECTOR: 39}
# - {FILTER: u_24}
# - {CALIB_ID: 'calibDate=1970-01-01T00:00:00 filter=u_24 detector=39'}
# - {DATE: '2025-04-02T15:59:39.929905'}
# - {CALIB_CREATION_DATE: '2025-04-02'}
# - {CALIB_CREATION_TIME: '15:59:39'}
# - __serialized_columns__:
#     efficiency:
#       __class__: astropy.units.quantity.Quantity
#       unit: !astropy.units.Unit {unit: '%'}
#       value: !astropy.table.SerializedColumn {name: efficiency}
#     wavelength:
#       __class__: astropy.units.quantity.Quantity
#       unit: !astropy.units.Unit {unit: nm}
#       value: !astropy.table.SerializedColumn {name: wavelength}
# schema: astropy-2.0
wavelength efficiency
[from data line 587]
882.0 0.002895953002735041
883.0 0.002748792576312553
884.0 0.002601632513687946
885.0 0.0024656283130752854
886.0 0.002329624112462625
887.0 0.0022347976482706144
888.0 0.0021399713659775443
889.0 0.002099714401992969
890.0 0.0020594572561094537
891.0 0.002212238177889958
892.0 0.0023650190996704623
893.0 0.0024206539819715545
894.0 0.0024762886823737063
895.0 0.002851124190783594
896.0 0.0032259598810924217
897.0 0.003557639502105303
898.0 0.003889319486916065
899.0 0.0039840047975303605
900.0 0.004078690108144656
901.0 0.004056707621202804
902.0 0.004034725498058833
903.0 0.004373331830720417
904.0 0.0047119377995841205
905.0 0.004808570520253852
906.0 0.0049052032409235835
907.0 0.0053405867220135406
908.0 0.005775970566901378
909.0 0.005694108767784201
910.0 0.005612247332464904
911.0 0.005831875023432076
912.0 0.006051503078197129
913.0 0.005799176142318174
914.0 0.005546848842641339
915.0 0.005130418503540568
916.0 0.004713988164439797
917.0 0.004225015436531976
918.0 0.003736043072422035
919.0 0.004135780545766465
920.0 0.004535518019110896
921.0 0.004583847839967348
922.0 0.0046321776608238
923.0 0.005309451444190927
924.0 0.00598672304477077
925.0 0.0062315622926689684
926.0 0.006476401904365048
927.0 0.006962862971704453
928.0 0.0074493204010650516
929.0 0.007506855763494968
930.0 0.007564391853520647
931.0 0.007163734699133784
932.0 0.006763076817151159
933.0 0.006762237899238244
934.0 0.006761398981325328
935.0 0.007055503374431282
936.0 0.007349607039941475
937.0 0.007250824273796752
938.0 0.007152044418035075
939.0 0.007156820356613025
940.0 0.007161596295190975
941.0 0.0062163962866179645
942.0 0.005271195186651312
943.0 0.0042993156966986135
944.0 0.003327436570543796
945.0 0.002481890442140866
946.0 0.0016363444956368767
947.0 0.0016279467672575265
948.0 0.0016195490388781764
949.0 0.0015281513697118498
950.0 0.0014367537005455233
951.0 0.0012845506716985255
952.0 0.001132347733800998
953.0 0.001139698906627018
954.0 0.0011470502613519784
955.0 0.001893192165880464
956.0 0.00263933416135842
957.0 0.0026889672881225124
958.0 0.0027386002329876646
959.0 0.002972719266836066
960.0 0.0032068375730887055
961.0 0.003775642835535109
962.0 0.0043444480979815125
963.0 0.004512742088991217
964.0 0.0046810368075966835
965.0 0.004459231422515586
966.0 0.004237426401232369
967.0 0.00445525256509427
968.0 0.004673079456551932
969.0 0.004722009543911554
970.0 0.004770939267473295
971.0 0.004707280095317401
972.0 0.004643620559363626
973.0 0.0044255990360397846
974.0 0.004207577512715943
975.0 0.004121030724490993
976.0 0.004034483208670281
977.0 0.0036283472581999376
978.0 0.0032222113077295944
979.0 0.0030645725928479806
980.0 0.002906933514168486
981.0 0.00257114243140677
982.0 0.0022353511667461134
983.0 0.002634173142723739
984.0 0.003032994754903484
985.0 0.0034305085137020797
986.0 0.003828023181995377
987.0 0.004052585791214369
988.0 0.0042771484004333615
989.0 0.005105785021441989
990.0 0.005934420551056974
991.0 0.0061122838815208524
992.0 0.006290147575782612
993.0 0.006461692100856453
994.0 0.006633236625930294
995.0 0.006308482988970354
996.0 0.005983726441627368
997.0 0.005781664731330238
998.0 0.005579604840022512
999.0 0.006095167918829247
1000.0 0.006610729178646579
1001.0 0.00641945080133155
1002.0 0.006228170241229236
1003.0 0.005725525988964364
1004.0 0.005222879917710088
1005.0 0.005429815064417198
1006.0 0.005636750211124308
1007.0 0.005422737740445882
1008.0 0.0052087230869801715
1009.0 0.004544711919152178
1010.0 0.0038807018427178264
1011.0 0.0037646306736860424
1012.0 0.0036485595046542585
1013.0 0.003167738759657368
1014.0 0.0026869178327615373
1015.0 0.002278364081576001
1016.0 0.0018698101484915242
1017.0 0.0016817488358356059
1018.0 0.001493687250331277
1019.0 0.0014266583093558438
1020.0 0.0013596291864814702
1021.0 0.0012434277778083924
1022.0 0.0011272263691353146
1023.0 0.0010632193152559921
1024.0 0.0009992121704271995
1025.0 0.0011373353117960505
1026.0 0.0012754585441143718
1027.0 0.0012640391105378512
1028.0 0.0012526196769613307
1029.0 0.001379781406285474
1030.0 0.0015069433175085578
1031.0 0.001798006269382313
1032.0 0.002089069312205538
1033.0 0.0021970168745610863
1034.0 0.0023049644369166344
1035.0 0.0024178878447855823
1036.0 0.0025308108888566494
1037.0 0.002669187779247295
1038.0 0.002807564851536881
1039.0 0.002481406227161642
1040.0 0.0021552477846853435
1041.0 0.00177242709469283
1042.0 0.001389606677548727
1043.0 0.001603623604751192
1044.0 0.001817640986701008
1045.0 0.001440548658138141
1046.0 0.0010634566933731548
1047.0 0.0020568209947668947
1048.0 0.0030501856599585153
1049.0 0.0021555611965595745
1050.0 0.0012609360965143424
1051.0 0.0014452985851676203
1052.0 0.0016296609828714281
1053.0 0.0014805643331783358
1054.0 0.0013314673196873628
1055.0 0.0010401017789263278
1056.0 0.0007487364200642332
1057.0 0.001377974604110932
1058.0 0.002007212970056571
1059.0 0.0013488859622157179
1060.0 0.0006905591817485401
1061.0 0.0009985862561734393
1062.0 0.0013066132851236034
1063.0 0.0013308165762282442
1064.0 0.0013550195035350043
1065.0 0.0008980230632005259
1066.0 0.0004410267592902528
1067.0 0.0007227533842524281
1068.0 0.0010044794180430472
1069.0 0.0017262322216993198
1070.0 0.0024479844796587713
1071.0 0.0012974134733667597
1072.0 0.00014684267171105603
1073.0 0.0006097625828260789
1074.0 0.001072682425728999
1075.0 0.0028453687264118344
1076.0 0.004618054299498908
1077.0 0.00472275132779032
1078.0 0.004827448719879612
1079.0 0.005509770198841579
1080.0 0.0061920887674205005
1081.0 0.004372110197436996
1082.0 0.00255213108175667
1083.0 0.001538614924356807
1084.0 0.0005250989033811493
1085.0 0.0024952472813311033
1086.0 0.0044653952500084415
1087.0 0.004057299156556837
1088.0 0.0036492026993073523
1089.0 0.0054738928156439215
1090.0 0.007298582931980491
1091.0 0.004496243491303176
1092.0 0.0016939035049290396
1093.0 0.0013966791811981238
1094.0 0.0010994550393661484
1095.0 0.001351925948256394
1096.0 0.0016043970390455797
1097.0 0.002102790676872246
1098.0 0.002601184314698912
1099.0 0.002927172499767039
1100.0 0.0032531606848351657
