lsstCam/transmission_filter_detector/r11_s10/u_24/19700101T000000.ecsv
# %ECSV 1.0
# ---
# datatype:
# - {name: wavelength, unit: nm, datatype: float32}
# - {name: efficiency, unit: '%', datatype: float64}
# meta: !!omap
# - {MODE: DETECTOR}
# - {TYPE: transmission_filter_detector}
# - {CALIBDATE: '1970-01-01T00:00:00'}
# - {INSTRUME: LSSTCam}
# - {OBSTYPE: transmission_filter_detector}
# - {CALIBCLS: lsst.ip.isr.IntermediateFilterDetectorTransmissionCurve}
# - {SOURCE: Materion (DM-46256)}
# - {DETECTOR: 39}
# - {FILTER: u_24}
# - {CALIB_ID: 'calibDate=1970-01-01T00:00:00 filter=u_24 detector=39'}
# - {DATE: '2025-04-02T15:59:39.929905'}
# - {CALIB_CREATION_DATE: '2025-04-02'}
# - {CALIB_CREATION_TIME: '15:59:39'}
# - __serialized_columns__:
#     efficiency:
#       __class__: astropy.units.quantity.Quantity
#       unit: !astropy.units.Unit {unit: '%'}
#       value: !astropy.table.SerializedColumn {name: efficiency}
#     wavelength:
#       __class__: astropy.units.quantity.Quantity
#       unit: !astropy.units.Unit {unit: nm}
#       value: !astropy.table.SerializedColumn {name: wavelength}
# schema: astropy-2.0
wavelength efficiency
295.0 1.600358517581113e-10
296.0 1.600358517581113e-10
297.0 1.600358517581113e-10
298.0 1.600358517581113e-10
299.0 1.600358517581113e-10
300.0 1.600358517581113e-10
301.0 1.600358517581113e-10
302.0 1.600358517581113e-10
303.0 1.600358517581113e-10
304.0 0.058941717725247145
305.0 0.7348125334829092
306.0 1.6857517883181572
307.0 3.485479950904846
308.0 5.588382855057716
309.0 8.717525005340576
310.0 11.95201724767685
311.0 15.911665558815002
312.0 19.69459503889084
313.0 22.764940559864044
314.0 25.769570469856262
315.0 28.14486026763916
316.0 30.31744658946991
317.0 32.766249775886536
318.0 35.684043169021606
319.0 39.556580781936646
320.0 44.95638608932495
321.0 50.30463933944702
322.0 56.368082761764526
323.0 61.75569295883179
324.0 66.47310853004456
325.0 69.54334378242493
326.0 71.9712495803833
327.0 73.82255792617798
328.0 75.47529935836792
329.0 76.89550518989563
330.0 78.23668718338013
331.0 78.9425790309906
332.0 79.32864427566528
333.0 79.4418215751648
334.0 79.31016087532043
335.0 79.47995662689209
336.0 79.71661686897278
337.0 80.18006086349487
338.0 81.00173473358154
339.0 81.56065940856934
340.0 81.95509910583496
341.0 82.5703501701355
342.0 82.78573751449585
343.0 82.7829897403717
344.0 83.05688500404358
345.0 83.41066837310791
346.0 83.73696804046631
347.0 83.99752378463745
348.0 84.34194326400757
349.0 84.51123237609863
350.0 84.60503220558167
351.0 84.740549325943
352.0 84.69827175140381
353.0 84.69982147216797
354.0 84.5170795917511
355.0 84.79303121566772
356.0 84.9954903125763
357.0 84.89343523979187
358.0 84.59411859512329
359.0 84.31640267372131
360.0 84.13886427879333
361.0 83.91101360321045
362.0 83.77623558044434
363.0 83.89877676963806
364.0 83.99667739868164
365.0 84.28046703338623
366.0 84.58859324455261
367.0 84.66497659683228
368.0 84.63677167892456
369.0 84.66671705245972
370.0 84.43331122398376
371.0 84.240061044693
372.0 84.27266478538513
373.0 84.38224792480469
374.0 84.46486592292786
375.0 84.73256826400757
376.0 84.80049967765808
377.0 84.90843176841736
378.0 84.99071002006531
379.0 84.73079800605774
380.0 84.00265574455261
381.0 82.73842334747314
382.0 80.9761106967926
383.0 79.0597677230835
384.0 76.91144943237305
385.0 74.62177276611328
386.0 72.12079763412476
387.0 68.80016326904297
388.0 65.48378467559814
389.0 61.46180033683777
390.0 57.42289423942566
391.0 53.11607122421265
392.0 48.68564009666443
393.0 44.92984712123871
394.0 41.619473695755005
395.0 38.13758194446564
396.0 34.402260184288025
397.0 29.44788634777069
398.0 23.698145151138306
399.0 16.915161907672882
400.0 10.70052906870842
401.0 5.896040052175522
402.0 2.573125436902046
403.0 0.8423230610787868
404.0 0.2666621934622526
405.0 0.13532950542867184
406.0 0.05711360136047006
407.0 1.600358517581113e-10
408.0 1.600358517581113e-10
409.0 1.600358517581113e-10
410.0 1.600358517581113e-10
411.0 1.600358517581113e-10
412.0 1.600358517581113e-10
413.0 1.600358517581113e-10
414.0 1.600358517581113e-10
415.0 1.600358517581113e-10
416.0 1.600358517581113e-10
417.0 1.600358517581113e-10
418.0 1.600358517581113e-10
419.0 1.600358517581113e-10
420.0 1.600358517581113e-10
421.0 1.600358517581113e-10
422.0 1.600358517581113e-10
423.0 1.600358517581113e-10
424.0 1.600358517581113e-10
425.0 1.600358517581113e-10
426.0 1.600358517581113e-10
427.0 1.600358517581113e-10
428.0 1.600358517581113e-10
429.0 0.0003234203859392437
430.0 0.0024679418856976554
431.0 0.0013432365449261852
432.0 0.00021853124962945003
433.0 0.000817661657492863
434.0 0.0014167923836794216
435.0 0.001310780135099776
436.0 0.001204768614115892
437.0 1.600358517581113e-10
438.0 1.600358517581113e-10
439.0 1.600358517581113e-10
440.0 0.0009879062417894602
441.0 1.600358517581113e-10
442.0 1.600358517581113e-10
443.0 1.600358517581113e-10
444.0 1.600358517581113e-10
445.0 1.600358517581113e-10
446.0 1.600358517581113e-10
447.0 1.600358517581113e-10
448.0 1.600358517581113e-10
449.0 0.00011226783271922613
450.0 0.00031935592232912313
451.0 1.600358517581113e-10
452.0 1.600358517581113e-10
453.0 0.00023876752948126523
454.0 0.0008290748155559413
455.0 0.0003098728257100447
456.0 1.600358517581113e-10
457.0 3.687623575387988e-05
458.0 0.0002830820221788599
459.0 1.600358517581113e-10
460.0 1.600358517581113e-10
461.0 1.600358517581113e-10
462.0 1.600358517581113e-10
463.0 1.600358517581113e-10
464.0 1.600358517581113e-10
465.0 0.00021947694222035352
466.0 0.0007487548373319441
467.0 1.600358517581113e-10
468.0 1.600358517581113e-10
469.0 1.600358517581113e-10
470.0 0.0006869431672384962
471.0 1.600358517581113e-10
472.0 1.600358517581113e-10
473.0 1.600358517581113e-10
474.0 1.600358517581113e-10
475.0 1.600358517581113e-10
476.0 1.600358517581113e-10
477.0 1.600358517581113e-10
478.0 1.600358517581113e-10
479.0 1.600358517581113e-10
480.0 1.600358517581113e-10
481.0 1.6992160567497194e-05
482.0 0.0006995092007855419
483.0 1.837117480363304e-05
484.0 1.600358517581113e-10
485.0 1.600358517581113e-10
486.0 1.600358517581113e-10
487.0 1.600358517581113e-10
488.0 1.600358517581113e-10
489.0 1.600358517581113e-10
490.0 1.600358517581113e-10
491.0 1.600358517581113e-10
492.0 1.600358517581113e-10
493.0 1.600358517581113e-10
494.0 1.600358517581113e-10
495.0 3.6033654282618954e-05
496.0 0.0004792038907908136
497.0 0.0002282560444655246
498.0 1.600358517581113e-10
499.0 1.600358517581113e-10
500.0 1.600358517581113e-10
501.0 1.600358517581113e-10
502.0 1.600358517581113e-10
503.0 1.600358517581113e-10
504.0 1.600358517581113e-10
505.0 1.600358517581113e-10
506.0 8.461416314275993e-05
507.0 1.600358517581113e-10
508.0 1.600358517581113e-10
509.0 1.600358517581113e-10
510.0 1.600358517581113e-10
511.0 1.600358517581113e-10
512.0 0.0005191701802687021
513.0 0.00039400906644004863
514.0 0.0002688477707124548
515.0 0.00042628334995242767
516.0 0.0005837189746671356
517.0 1.600358517581113e-10
518.0 1.600358517581113e-10
519.0 1.600358517581113e-10
520.0 4.4121125597484934e-05
521.0 0.0005778585091320565
522.0 0.001111595793190645
523.0 0.00042029791984532494
524.0 1.600358517581113e-10
525.0 1.600358517581113e-10
526.0 1.600358517581113e-10
527.0 1.600358517581113e-10
528.0 1.600358517581113e-10
529.0 1.600358517581113e-10
530.0 6.869653930152708e-05
531.0 0.0001303490535065066
532.0 0.00019200151655240916
533.0 1.600358517581113e-10
534.0 1.600358517581113e-10
535.0 1.600358517581113e-10
536.0 0.00012120581232011318
537.0 1.600358517581113e-10
538.0 1.600358517581113e-10
539.0 1.600358517581113e-10
540.0 1.600358517581113e-10
541.0 1.600358517581113e-10
542.0 1.600358517581113e-10
543.0 1.600358517581113e-10
544.0 1.600358517581113e-10
545.0 1.600358517581113e-10
546.0 1.600358517581113e-10
547.0 0.0001551320451653737
548.0 0.0005014903308619978
549.0 4.6429423150584626e-05
550.0 1.600358517581113e-10
551.0 1.600358517581113e-10
552.0 1.600358517581113e-10
553.0 1.600358517581113e-10
554.0 1.600358517581113e-10
555.0 1.600358517581113e-10
556.0 1.600358517581113e-10
557.0 1.600358517581113e-10
558.0 1.600358517581113e-10
559.0 1.600358517581113e-10
560.0 0.0004795635049958946
561.0 0.00014292971854956704
562.0 1.600358517581113e-10
563.0 1.600358517581113e-10
564.0 1.600358517581113e-10
565.0 1.600358517581113e-10
566.0 1.600358517581113e-10
567.0 1.600358517581113e-10
568.0 1.600358517581113e-10
569.0 0.00018164066659664968
570.0 0.0003644558319138014
571.0 0.00035452515021461295
572.0 0.0003445946504143649
573.0 0.0003603841378208017
574.0 0.0003761739890251192
575.0 0.000233564924201346
576.0 9.095599580177804e-05
577.0 0.0002446328835503664
578.0 0.0003983097485615872
579.0 0.00036809522043768084
580.0 0.0003378806013643043
581.0 0.0006516771918541053
582.0 0.0009654740097175818
583.0 0.001249896376975812
584.0 0.0015343190170824528
585.0 0.0010612583537294995
586.0 0.0005881973720534006
587.0 0.0009376473826705478
588.0 0.00128709743876243
589.0 0.001078053446690319
590.0 0.0008690093636687379
591.0 0.0008710732799954712
592.0 0.0008731371963222045
593.0 0.0007225087756523862
594.0 0.0005718800821341574
595.0 0.0007639171599294059
596.0 0.0009559538739267737
597.0 0.0010694568118196912
598.0 0.0011829594768641982
599.0 0.0013993813809065614
600.0 0.001615803012100514
601.0 0.0017983164070756175
602.0 0.0019808299839496613
603.0 0.0018453618395142257
604.0 0.001709894058876671
605.0 0.001628971949685365
606.0 0.0015480500223929994
607.0 0.0014469623238255735
608.0 0.0013458746252581477
609.0 0.0008633354809717275
610.0 0.00038079635942267487
611.0 0.0006487777682195883
612.0 0.0009167591997538693
613.0 0.0006971724360482767
614.0 0.0004775858087668894
615.0 0.0007668260877835564
616.0 0.0010560664122749586
617.0 0.0008825796612654813
618.0 0.0007090932285791496
619.0 0.0005310614596965024
620.0 0.00035302989545016317
621.0 0.0005447299827210372
622.0 0.0007364300017798087
623.0 0.00053924495659885
624.0 0.0003420598204684211
625.0 0.0005321081516740378
626.0 0.0007221565738291247
627.0 0.0007419843768730061
628.0 0.000761812407290563
629.0 0.0007058049959596246
630.0 0.0006497976755781565
631.0 0.0012349997632554732
632.0 0.0018202015780843794
633.0 0.0017162965377792716
634.0 0.0016123914974741638
635.0 0.002111400317517109
636.0 0.0026104091375600547
637.0 0.002530023266444914
638.0 0.0024496368496329524
639.0 0.002072969982691575
640.0 0.0016963031157501973
641.0 0.0013496945939550642
642.0 0.001003086072159931
643.0 0.0007442769401677651
644.0 0.000485467717226129
645.0 0.00034056160984619055
646.0 0.00019565543425414944
647.0 6.434145802813873e-05
648.0 1.600358517581113e-10
649.0 3.7486682913367986e-05
650.0 0.00014194572486303514
651.0 0.0004857870862906566
652.0 0.000829628697829321
653.0 0.0013031230082560796
654.0 0.0017766169548849575
655.0 0.0015205398995021824
656.0 0.0012644626622204669
657.0 0.0022877433366375044
658.0 0.0033110241929534823
659.0 0.0037082048947922885
660.0 0.0041053859604289755
661.0 0.004127955253352411
662.0 0.004150524182477966
663.0 0.003436834958847612
664.0 0.0027231453714193776
665.0 0.0023978012904990464
666.0 0.0020724568457808346
667.0 0.0017241669411305338
668.0 0.001375876490783412
669.0 0.0011082846867793705
670.0 0.000840692882775329
671.0 0.0005926533049205318
672.0 0.00034461365885363193
673.0 0.0001471881773795758
674.0 1.600358517581113e-10
675.0 0.00033682124467304675
676.0 0.000723879884390044
677.0 0.0013178719200368505
678.0 0.0019118640921078622
679.0 0.0020055536879226565
680.0 0.0020992427380406298
681.0 0.0029145974622224458
682.0 0.0037299520045053214
683.0 0.005174195030122064
684.0 0.006618438055738807
685.0 0.0072651979280635715
686.0 0.00791195998317562
687.0 0.007696595275774598
688.0 0.007481230568373576
689.0 0.006336292426567525
690.0 0.005191355012357235
691.0 0.004613221608451568
692.0 0.0040350882045459
693.0 0.003392482176423073
694.0 0.0027498757845023647
695.0 0.0023879205400589854
696.0 0.0020259654775145464
697.0 0.0015478981367778033
698.0 0.0010698309779400006
699.0 0.0008355689715244807
700.0 0.0006013068286847556
701.0 0.0003746175252672401
702.0 0.000147928403748665
703.0 0.0003847705102089094
704.0 0.0006216127985680941
705.0 0.0006645183930231724
706.0 0.0007074241239024559
707.0 0.0008088501999736764
708.0 0.0009102760486712214
709.0 0.0007114178970368812
710.0 0.0005125596089783357
711.0 0.0007594386261189356
712.0 0.00100631741588586
713.0 0.0009316888281318825
714.0 0.0008570602403779048
715.0 0.0008075528057815973
716.0 0.0007580454621347599
717.0 0.0006832611688878387
718.0 0.0006084768756409176
719.0 0.0005184005658520618
720.0 0.00042832416511373594
721.0 0.0005216448698774911
722.0 0.0006149656201159814
723.0 0.0005318604507920099
724.0 0.00044875528146803845
725.0 0.0002496818524377886
726.0 5.0608349511094275e-05
727.0 0.00024830706024658866
728.0 0.0004460058335098438
729.0 0.00021106961867189966
730.0 1.600358517581113e-10
731.0 1.8718496619385405e-05
732.0 6.130354677225114e-05
733.0 1.9587153587963257e-05
734.0 1.600358517581113e-10
735.0 0.0003087822960878839
736.0 0.0006396937351382803
737.0 0.0005890510237804847
738.0 0.000538408266947954
739.0 0.0004236412223690422
740.0 0.00030887415505276294
741.0 0.0007349114184762584
742.0 0.0011609487955865916
743.0 0.001537194475531578
744.0 0.0019134400645270944
745.0 0.0024670816856087185
746.0 0.0030207231247914024
747.0 0.0037051890103612095
748.0 0.004389654350234196
749.0 0.004016490856884047
750.0 0.003643327363533899
751.0 0.0036772060411749408
752.0 0.003711083991220221
753.0 0.0029540344257839024
754.0 0.002196984496549703
755.0 0.002321267129445914
756.0 0.0024455503080389462
757.0 0.0020417723135324195
758.0 0.001637993955228012
759.0 0.001330693339696154
760.0 0.001023392724164296
761.0 0.0010420711078040767
762.0 0.0010607494914438576
763.0 0.0008057430022745393
764.0 0.0005507364221557509
765.0 0.0006427334483305458
766.0 0.0007347304745053407
767.0 0.0007027404990367359
768.0 0.0006707503416691907
769.0 0.0006088555437600007
770.0 0.0005469605184771353
771.0 0.00036999961139372317
772.0 0.00019303856788610574
773.0 0.0002719646545301657
774.0 0.0003508906502247555
775.0 0.00034861077438108623
776.0 0.00034633089853741694
777.0 0.0005422986305347877
778.0 0.0007382660896837479
779.0 0.0008848508514347486
780.0 0.001031435385812074
781.0 0.000996209382719826
782.0 0.0009609834705770481
783.0 0.0008460091521556024
784.0 0.0007310347882594215
785.0 0.000987740986602148
786.0 0.0012444469575711992
787.0 0.0011839550097647589
788.0 0.0011234630619583186
789.0 0.000984252073976677
790.0 0.0008450409950455651
791.0 0.0008451427675026935
792.0 0.0008452442671114113
793.0 0.00035122570807288866
794.0 1.600358517581113e-10
795.0 8.045956292335177e-05
796.0 0.0003037119086002349
797.0 0.00031121699066716246
798.0 0.00031872207273409003
799.0 9.169178269985423e-05
800.0 1.600358517581113e-10
801.0 1.600358517581113e-10
802.0 1.600358517581113e-10
803.0 2.406636951945984e-05
804.0 0.000262326238953392
805.0 1.600358517581113e-10
806.0 1.600358517581113e-10
807.0 1.600358517581113e-10
808.0 1.600358517581113e-10
809.0 0.0001864381147242966
810.0 0.0005924879133090144
811.0 4.632555317130027e-05
812.0 1.600358517581113e-10
813.0 4.739910366424738e-05
814.0 0.0005946350029262248
815.0 0.0005252067694527796
816.0 0.0004557784450298641
817.0 0.00027699761631083675
818.0 9.821681032917695e-05
819.0 6.0933314216526924e-05
820.0 2.364990479009066e-05
821.0 1.600358517581113e-10
822.0 1.600358517581113e-10
823.0 1.600358517581113e-10
824.0 2.090245061481255e-05
825.0 1.600358517581113e-10
826.0 1.600358517581113e-10
827.0 0.00014152684570944984
828.0 0.0005648103069688659
829.0 0.00035207167456974275
830.0 0.00013933344007455162
831.0 1.600358517581113e-10
832.0 1.600358517581113e-10
833.0 1.600358517581113e-10
834.0 1.600358517581113e-10
835.0 1.600358517581113e-10
836.0 1.600358517581113e-10
837.0 1.600358517581113e-10
838.0 1.600358517581113e-10
839.0 1.600358517581113e-10
840.0 1.600358517581113e-10
841.0 1.600358517581113e-10
842.0 1.600358517581113e-10
843.0 1.600358517581113e-10
844.0 1.600358517581113e-10
845.0 1.600358517581113e-10
846.0 8.73224792030669e-05
847.0 6.75056128329743e-05
848.0 4.768867256643716e-05
849.0 0.00013209925100454711
850.0 0.0002165096475437167
851.0 0.00018610419374454068
852.0 0.00015569875131404842
853.0 1.1946424649522669e-05
854.0 1.600358517581113e-10
855.0 1.600358517581113e-10
856.0 1.600358517581113e-10
857.0 0.00033956907827814575
858.0 0.000681302708471776
859.0 0.0006389140253304504
860.0 0.0005965252967143897
861.0 0.0007001780431892257
862.0 0.0008038306987145916
863.0 0.0010324018148821779
864.0 0.0012609727491508238
865.0 0.0016979964129859582
866.0 0.002135019713023212
867.0 0.0019291015632916242
868.0 0.001723183595458977
869.0 0.00161560092237778
870.0 0.0015080179764481727
871.0 0.0015544661437161267
872.0 0.0016009140381356701
873.0 0.0017584474335308187
874.0 0.0019159808289259672
875.0 0.002067307650577277
876.0 0.0022186344722285867
877.0 0.002204413613071665
878.0 0.0021901932996115647
879.0 0.002287637471454218
880.0 0.002385082007094752
