lsstCam/transmission_filter_detector/r42_s21/y_10/19700101T000000.ecsv
# %ECSV 1.0
# ---
# datatype:
# - {name: wavelength, unit: nm, datatype: float32}
# - {name: efficiency, unit: '%', datatype: float64}
# meta: !!omap
# - {MODE: DETECTOR}
# - {TYPE: transmission_filter_detector}
# - {CALIBDATE: '1970-01-01T00:00:00'}
# - {INSTRUME: LSSTCam}
# - {OBSTYPE: transmission_filter_detector}
# - {CALIBCLS: lsst.ip.isr.IntermediateFilterDetectorTransmissionCurve}
# - {SOURCE: Materion (DM-46256)}
# - {DETECTOR: 178}
# - {FILTER: y_10}
# - {CALIB_ID: 'calibDate=1970-01-01T00:00:00 filter=y_10 detector=178'}
# - {DATE: '2025-04-02T15:59:51.566388'}
# - {CALIB_CREATION_DATE: '2025-04-02'}
# - {CALIB_CREATION_TIME: '15:59:51'}
# - __serialized_columns__:
#     efficiency:
#       __class__: astropy.units.quantity.Quantity
#       unit: !astropy.units.Unit {unit: '%'}
#       value: !astropy.table.SerializedColumn {name: efficiency}
#     wavelength:
#       __class__: astropy.units.quantity.Quantity
#       unit: !astropy.units.Unit {unit: nm}
#       value: !astropy.table.SerializedColumn {name: wavelength}
# schema: astropy-2.0
wavelength efficiency
300.0 0.029995746444910765
301.0 0.02959335397463292
302.0 0.02919096441473812
303.0 0.02515587257221341
304.0 0.02112077927449718
305.0 0.013809185475111008
306.0 0.006497595313703641
307.0 0.007989340519998223
308.0 0.009481089364271611
309.0 0.01003063443931751
310.0 0.010580179514363408
311.0 0.008433844050159678
312.0 0.006287507130764425
313.0 0.005891286855330691
314.0 0.005495065124705434
315.0 0.00523464877915103
316.0 0.0049742317060008645
317.0 0.005077977039036341
318.0 0.005181720553082414
319.0 0.0034548302210168913
320.0 0.0017279386156587861
321.0 0.003053405453101732
322.0 0.004378872836241499
323.0 0.0038865837268531322
324.0 0.003394294253666885
325.0 0.002990442226291634
326.0 0.002586589653219562
327.0 0.002361874794587493
328.0 0.002137159572157543
329.0 0.002960135316243395
330.0 0.0037831112422281876
331.0 0.00312910124193877
332.0 0.002475091241649352
333.0 0.0027244610464549623
334.0 0.0029738308512605727
335.0 0.0021160862161195837
336.0 0.0012583413081301842
337.0 0.001225625237566419
338.0 0.0011929090760531835
339.0 0.0011213473953830544
340.0 0.0010497857147129253
341.0 0.0014674551493953913
342.0 0.0018851247659767978
343.0 0.0017580867279320955
344.0 0.0016310486898873933
345.0 0.0012213459740451071
346.0 0.0008116431672533508
347.0 0.000753534823161317
348.0 0.0006954262516956078
349.0 0.0007864219696784858
350.0 0.0008774176421866287
351.0 0.0007777729479130358
352.0 0.0006781282991141779
353.0 0.0011416584129619878
354.0 0.0016051882994361222
355.0 0.0018248965716338716
356.0 0.002044604843831621
357.0 0.001724567664496135
358.0 0.0014045303032617085
359.0 0.0010538065907894634
360.0 0.0007030826964182779
361.0 0.0007444401944667334
362.0 0.0007857975106162485
363.0 0.0008362109838344622
364.0 0.0008866243661032058
365.0 0.0011667558283079416
366.0 0.001446887199563207
367.0 0.001990260170714464
368.0 0.002533633232815191
369.0 0.0023520922695752233
370.0 0.0021705507606384344
371.0 0.0020118486645515077
372.0 0.0018531463865656406
373.0 0.002212778235843871
374.0 0.0025724097213242203
375.0 0.0030083812816883437
376.0 0.0034443524782545865
377.0 0.004008409814559855
378.0 0.004572466423269361
379.0 0.004211785199004225
380.0 0.0038511039747390896
381.0 0.0031707306334283203
382.0 0.002490357292117551
383.0 0.0018239601558889262
384.0 0.001157563292508712
385.0 0.0009929624866344966
386.0 0.0008283616807602812
387.0 0.0007278820703504607
388.0 0.0006274023689911701
389.0 0.0006642016160185449
390.0 0.0007010008630459197
391.0 0.0006591313194803661
392.0 0.0006172618213895475
393.0 0.0006077701073081698
394.0 0.0005982783022773219
395.0 0.0005891172349947738
396.0 0.0005799561677122256
397.0 0.0006822979685239261
398.0 0.0007846399057598319
399.0 0.0009456497537030373
400.0 0.0011066596925957128
401.0 0.0014186139196681324
402.0 0.0017305677829426713
403.0 0.0018050546714221127
404.0 0.0018795415599015541
405.0 0.001841263656388037
406.0 0.001802985389076639
407.0 0.0017925769498106092
408.0 0.0017821681467466988
409.0 0.0016565074474783614
410.0 0.0015308465663110837
411.0 0.001576841350470204
412.0 0.0016228359527303837
413.0 0.001047319074132247
414.0 0.0004718020591099048
415.0 0.0004954359155817656
416.0 0.0005190695446799509
417.0 0.00012656560102186631
418.0 1.7044486481931909e-10
419.0 0.0001171283997791761
420.0 0.0005001949830329977
421.0 1.7044486481931909e-10
422.0 1.7044486481931909e-10
423.0 1.7044486481931909e-10
424.0 0.0004622205779014621
425.0 1.7044486481931909e-10
426.0 1.7044486481931909e-10
427.0 1.7044486481931909e-10
428.0 1.7044486481931909e-10
429.0 1.7044486481931909e-10
430.0 1.7044486481931909e-10
431.0 1.7044486481931909e-10
432.0 1.7044486481931909e-10
433.0 1.7044486481931909e-10
434.0 1.7044486481931909e-10
435.0 1.7044486481931909e-10
436.0 0.0007683225703658536
437.0 0.00014341777614390594
438.0 1.7044486481931909e-10
439.0 1.7044486481931909e-10
440.0 1.7044486481931909e-10
441.0 1.7044486481931909e-10
442.0 1.7044486481931909e-10
443.0 1.7044486481931909e-10
444.0 1.8608853125101632e-06
445.0 0.00030270305160229327
446.0 0.0006035452770447591
447.0 0.0003692814289024682
448.0 0.00013501777402780135
449.0 1.7044486481931909e-10
450.0 1.7044486481931909e-10
451.0 1.7044486481931909e-10
452.0 1.7044486481931909e-10
453.0 1.7044486481931909e-10
454.0 1.7044486481931909e-10
455.0 1.7044486481931909e-10
456.0 1.7044486481931909e-10
457.0 1.7044486481931909e-10
458.0 1.7044486481931909e-10
459.0 1.7044486481931909e-10
460.0 4.039741838823829e-05
461.0 9.111791996474494e-05
462.0 0.00014183826806402067
463.0 0.00035574228149926057
464.0 0.0005696460902981926
465.0 0.00046035393097554334
466.0 0.00035106186260236427
467.0 0.00028763922728103353
468.0 0.00022421659195970278
469.0 0.0005513036740012467
470.0 0.0008783906196185853
471.0 0.0011913476555491798
472.0 0.001504304600530304
473.0 0.0019401399185881019
474.0 0.00237597541854484
475.0 0.002309673982381355
476.0 0.00224337254621787
477.0 0.0022241367332753725
478.0 0.002204900920332875
479.0 0.0021465853933477774
480.0 0.0020882698663626797
481.0 0.0024344553821720183
482.0 0.002780641443678178
483.0 0.0030986157071311027
484.0 0.0034165896067861468
485.0 0.0026382371288491413
486.0 0.0018598844690131955
487.0 0.0018739707229542546
488.0 0.001888057158794254
489.0 0.001948060526046902
490.0 0.00200806407519849
491.0 0.0015800847904756665
492.0 0.0011521053238539025
493.0 0.0013515368664229754
494.0 0.001550968227093108
495.0 0.001524004437669646
496.0 0.0014970405572967138
497.0 0.00135170339490287
498.0 0.0012063661415595561
499.0 0.0014890963029756676
500.0 0.0017718262824928388
501.0 0.0019082737708231434
502.0 0.0020447210772545077
503.0 0.002071904054901097
504.0 0.0020990872144466266
505.0 0.0018770886526908726
506.0 0.0016550897271372378
507.0 0.0017080408724723384
508.0 0.0017609921997063793
509.0 0.0017772719729691744
510.0 0.0017935517462319694
511.0 0.0017664793631411158
512.0 0.001739406980050262
513.0 0.0020884124751319177
514.0 0.002437417788314633
515.0 0.0021406694941106252
516.0 0.001843921018007677
517.0 0.0015005060049588792
518.0 0.0011570906281122006
519.0 0.0010985694643750321
520.0 0.001040048027789453
521.0 0.0011846141205751337
522.0 0.001329180031461874
523.0 0.0014139471204543952
524.0 0.0014987141184974462
525.0 0.0016855206922627985
526.0 0.001872327266028151
527.0 0.0024644637960591353
528.0 0.0030566003260901198
529.0 0.0027381811378290877
530.0 0.002419762131466996
531.0 0.0022431619072449394
532.0 0.002066561864921823
533.0 0.0017781369024305604
534.0 0.001489712121838238
535.0 0.0016047322787926532
536.0 0.001719752253848128
537.0 0.001759248880262021
538.0 0.001798745506675914
539.0 0.0025236415240215138
540.0 0.003248537177569233
541.0 0.0035995777579955757
542.0 0.0039506183384219185
543.0 0.004112046008231118
544.0 0.004273474041838199
545.0 0.004301370427128859
546.0 0.004329266448621638
547.0 0.004012845238321461
548.0 0.003696424391819164
549.0 0.0033658059692243114
550.0 0.003035187182831578
551.0 0.002443045741529204
552.0 0.00185090430022683
553.0 0.0019941207938245498
554.0 0.00213733746932121
555.0 0.002811111517075915
556.0 0.0034848853829316795
557.0 0.003984821887570433
558.0 0.004484758392209187
559.0 0.004597229417413473
560.0 0.004709700442617759
561.0 0.004462234937818721
562.0 0.004214769433019683
563.0 0.004036768950754777
564.0 0.0038587684684898704
565.0 0.003975429717684165
566.0 0.004092090966878459
567.0 0.004723739402834326
568.0 0.005355387838790193
569.0 0.0060413440223783255
570.0 0.006727300205966458
571.0 0.007422712224069983
572.0 0.008118124242173508
573.0 0.008039224485401064
574.0 0.007960324001032859
575.0 0.007479397754650563
576.0 0.006998471508268267
577.0 0.0061994040152058005
578.0 0.005400338341132738
579.0 0.004945798355038278
580.0 0.004491258005145937
581.0 0.005343560405890457
582.0 0.006195863534230739
583.0 0.007626184378750622
584.0 0.009056506678462029
585.0 0.01018792754621245
586.0 0.011319349141558632
587.0 0.011296043521724641
588.0 0.01127273790189065
589.0 0.010879583714995533
590.0 0.0104864317108877
591.0 0.009841821884037927
592.0 0.009197212784783915
593.0 0.008203656761907041
594.0 0.007210098556242883
595.0 0.006102376210037619
596.0 0.004994652772438712
597.0 0.005046386286267079
598.0 0.005098119800095446
599.0 0.006128787936177105
600.0 0.007159456436056644
601.0 0.008427767170360312
602.0 0.00969607790466398
603.0 0.010396718425909057
604.0 0.011097358947154135
605.0 0.010956226469716057
606.0 0.010815095447469503
607.0 0.00996704402496107
608.0 0.009118991874856874
609.0 0.007866515079513192
610.0 0.00661403828416951
611.0 0.005277053060126491
612.0 0.00394006710848771
613.0 0.0036504687159322202
614.0 0.00336087032337673
615.0 0.003761467451113276
616.0 0.004162064215051942
617.0 0.005501338091562502
618.0 0.006840612331870943
619.0 0.007841071055736393
620.0 0.008841532689984888
621.0 0.009808981121750548
622.0 0.010776431736303493
623.0 0.010719589045038447
624.0 0.010662744170986116
625.0 0.010232703789370134
626.0 0.009802660497371107
627.0 0.00836768522276543
628.0 0.006932711403351277
629.0 0.005780047285952605
630.0 0.004627381713362411
631.0 0.0037691010220441967
632.0 0.002910820330725983
633.0 0.0029639342756127007
634.0 0.0030170482204994187
635.0 0.003132258279947564
636.0 0.00324746870319359
637.0 0.0037518977478612214
638.0 0.004256326428730972
639.0 0.00479078917123843
640.0 0.005325251549948007
641.0 0.005707251693820581
642.0 0.006089251473895274
643.0 0.0060043323173886165
644.0 0.005919412797084078
645.0 0.005414845873019658
646.0 0.004910278948955238
647.0 0.0041765502828639
648.0 0.0034428212529746816
649.0 0.002776791916403454
650.0 0.002110762579832226
651.0 0.0019704046280821785
652.0 0.001830046676332131
653.0 0.001683439222688321
654.0 0.001536831769044511
655.0 0.0018548911612015218
656.0 0.002172950917156413
657.0 0.0018874259694712237
658.0 0.0016019008398870938
659.0 0.0013774301805824507
660.0 0.0011529594303283375
661.0 0.0015278692444553599
662.0 0.0019027791495318525
663.0 0.0020031067833770066
664.0 0.0021034342353232205
665.0 0.002280800799780991
666.0 0.0024581675461377017
667.0 0.002767931619018782
668.0 0.0030776958737988025
669.0 0.004123329563299194
670.0 0.0051689632527995855
671.0 0.006168441905174404
672.0 0.007167921285144985
673.0 0.007518148049712181
674.0 0.007868375541875139
675.0 0.00782215065555647
676.0 0.007775925769237801
677.0 0.007117367204045877
678.0 0.006458807911258191
679.0 0.005381390292313881
680.0 0.004303972309571691
681.0 0.0028984064556425437
682.0 0.0014928394193702843
683.0 0.0010092231605085544
684.0 0.0005256069016468246
685.0 0.00024445353119517677
686.0 1.7044486481931909e-10
687.0 9.410554184796638e-05
688.0 0.0002249109911645064
689.0 0.000197336271412496
690.0 0.00016976159713522065
691.0 9.489308467891533e-05
692.0 2.00244926418236e-05
693.0 0.00011724100659193937
694.0 0.00021445746369863627
695.0 0.00015763121155032422
696.0 0.00010080506172016612
697.0 0.0002967798764075269
698.0 0.0004927547706756741
699.0 0.00026137890927202534
700.0 3.000303934186377e-05
701.0 1.7044486481931909e-10
702.0 1.7044486481931909e-10
703.0 1.7044486481931909e-10
704.0 0.0002038264710790827
705.0 0.00014731218698216253
706.0 9.079790856958425e-05
707.0 1.7044486481931909e-10
708.0 1.7044486481931909e-10
709.0 8.256510000137496e-05
710.0 0.00034946167488669744
711.0 0.00017849664573077462
712.0 7.531608758881703e-06
713.0 0.0001978875388886081
714.0 0.0003882435066770995
715.0 0.0003681485395645723
716.0 0.00034805352697730996
717.0 0.00034448835322109517
718.0 0.00034092315672751283
719.0 0.00019722263004950946
720.0 5.35222227426857e-05
721.0 0.0001516436554993561
722.0 0.00024976502572826575
723.0 0.00020564659735100577
724.0 0.00016152810076164315
725.0 0.0001761002295097569
726.0 0.00019067234688918688
727.0 0.0003423057933105156
728.0 0.0004939389782521175
729.0 0.00037306970170902787
730.0 0.0002522002205296303
731.0 0.00024310677417815896
732.0 0.0002340132823519525
733.0 0.0002282673221998266
734.0 0.0002225215212092735
735.0 0.0003157252194796456
736.0 0.00040892887227528263
737.0 0.0005198450253374176
738.0 0.0006307612238742877
739.0 0.0004575920229399344
740.0 0.0002844229129550513
741.0 0.0002475873543517082
742.0 0.0002107518866978353
743.0 0.00025239246497221757
744.0 0.0002940330205092323
745.0 0.00028921087960043224
746.0 0.0002843886932168971
747.0 0.00021603677851089742
748.0 0.00014768492064831662
749.0 0.0002930751179519575
750.0 0.0004384653038869146
751.0 0.00024084638425847515
752.0 4.322741631312965e-05
753.0 0.00019430474367254646
754.0 0.00034538206818979234
755.0 0.00036412975532584824
756.0 0.0003828775788861094
757.0 0.0003301996457594214
758.0 0.00027752164442063076
759.0 0.0004380220161692705
760.0 0.000598522501604748
761.0 0.00039398255466949195
762.0 0.0001894425395221333
763.0 0.00034948118354805047
764.0 0.000509519759361865
765.0 0.0003996130999439629
766.0 0.0002897065087381634
767.0 0.0004468096904020058
768.0 0.0006039127583790105
769.0 0.0005366262939787703
770.0 0.0004693400114774704
771.0 0.00034516544928919757
772.0 0.0002209908643635572
773.0 0.00027035187031287933
774.0 0.00031971280805009883
775.0 0.0005802516625408316
776.0 0.0008407905625062995
777.0 0.0005820698333991459
778.0 0.000323348967867787
779.0 0.0005904479621676728
780.0 0.0008575470019422937
781.0 0.0006847205440863036
782.0 0.0005118940407555783
783.0 0.0004896155132882996
784.0 0.0004673369858210208
785.0 0.00012932382560393307
786.0 1.7044486481931909e-10
787.0 0.0004566711595543893
788.0 0.001122031517297728
789.0 0.0006488235612778226
790.0 0.00017561549157107947
791.0 0.0005223370408202754
792.0 0.0008690584763826337
793.0 0.0007526060471718665
794.0 0.0006361534815368941
795.0 0.0005602285909844795
796.0 0.00048430360948259477
797.0 0.00036037222344020847
798.0 0.00023644097382202744
799.0 0.00028313138500379864
800.0 0.0003298217734482023
801.0 0.00043190652831981424
802.0 0.0005339913059287937
803.0 0.00024878556814655894
804.0 1.7044486481931909e-10
805.0 0.00025654157980170567
806.0 0.000549503238289617
807.0 0.000943510440265527
808.0 0.0013375177331909072
809.0 0.0011772799553000368
810.0 0.0010170422683586366
811.0 0.0006876783572806744
812.0 0.00035831476452585775
813.0 0.0005328912720869994
814.0 0.0007074679160723463
815.0 0.0005945247266936349
816.0 0.0004815814008907182
817.0 0.0006199113158800174
818.0 0.0007582414582429919
819.0 0.0008524463737558108
820.0 0.0009466512892686296
821.0 0.000715281157681602
822.0 0.00048391111704404466
823.0 4.518110188200808e-05
824.0 1.7044486481931909e-10
825.0 1.7044486481931909e-10
826.0 0.00016136004887812305
827.0 0.00034586880701681366
828.0 0.0005303775651555043
829.0 0.0008729714863875415
830.0 0.0012155652257206384
831.0 0.0009218234481522813
832.0 0.0006280819434323348
833.0 0.0009100902389036492
834.0 0.001192098807223374
835.0 0.0007216000085463747
836.0 0.000251101482717786
837.0 0.0003817624474322656
838.0 0.0005124233211972751
839.0 0.000555094811716117
840.0 0.0005977663022349589
841.0 0.0007467336217814591
842.0 0.0008957007594290189
843.0 0.000783723226049915
844.0 0.0006717460564686917
845.0 0.0008944760338636115
846.0 0.001117206284106942
847.0 0.0008971369425125886
848.0 0.0006770677373424405
849.0 0.0007833119525457732
850.0 0.000889556213223841
851.0 0.0010599154848023318
852.0 0.0012302748473302927
853.0 0.0007819911843398586
854.0 0.00033370774872309994
855.0 0.0006874667178635718
856.0 0.0010412256415293086
857.0 0.0011568721674848348
858.0 0.0012725186024908908
859.0 0.001338483070867369
860.0 0.0014044476301933173
861.0 0.0011132808140246198
862.0 0.0008221139978559222
863.0 0.001303048338741064
864.0 0.0017839827705756761
865.0 0.0021583160560112447
866.0 0.002532649159547873
867.0 0.00210815851460211
868.0 0.0016836678696563467
869.0 0.0021301937522366643
870.0 0.002576719634816982
871.0 0.002563598354754504
872.0 0.0025504774384899065
873.0 0.0024674372980371118
874.0 0.0023843975213821977
875.0 0.0020377488908707164
