lsstCam/transmission_filter_detector/r42_s21/y_10/19700101T000000.ecsv
# %ECSV 1.0
# ---
# datatype:
# - {name: wavelength, unit: nm, datatype: float32}
# - {name: efficiency, unit: '%', datatype: float64}
# meta: !!omap
# - {MODE: DETECTOR}
# - {TYPE: transmission_filter_detector}
# - {CALIBDATE: '1970-01-01T00:00:00'}
# - {INSTRUME: LSSTCam}
# - {OBSTYPE: transmission_filter_detector}
# - {CALIBCLS: lsst.ip.isr.IntermediateFilterDetectorTransmissionCurve}
# - {SOURCE: Materion (DM-46256)}
# - {DETECTOR: 178}
# - {FILTER: y_10}
# - {CALIB_ID: 'calibDate=1970-01-01T00:00:00 filter=y_10 detector=178'}
# - {DATE: '2025-04-02T15:59:51.566388'}
# - {CALIB_CREATION_DATE: '2025-04-02'}
# - {CALIB_CREATION_TIME: '15:59:51'}
# - __serialized_columns__:
#     efficiency:
#       __class__: astropy.units.quantity.Quantity
#       unit: !astropy.units.Unit {unit: '%'}
#       value: !astropy.table.SerializedColumn {name: efficiency}
#     wavelength:
#       __class__: astropy.units.quantity.Quantity
#       unit: !astropy.units.Unit {unit: nm}
#       value: !astropy.table.SerializedColumn {name: wavelength}
# schema: astropy-2.0
wavelength efficiency
[from data line 577]
877.0 0.0012392031749186572
878.0 0.0007873061804275494
879.0 0.0009043812497111503
880.0 0.021763567929156125
881.0 0.0965719111263752
882.0 0.022412613907363266
883.0 0.09811104973778129
884.0 0.0265927315922454
885.0 0.10217732051387429
886.0 0.02573920355644077
887.0 0.10158990044146776
888.0 0.021138299780432135
889.0 0.10719859274104238
890.0 0.022770070063415915
891.0 0.08307751850225031
892.0 0.02762152871582657
893.0 0.08969884365797043
894.0 0.025322273722849786
895.0 0.09374067303724587
896.0 0.02921126433648169
897.0 0.09596042218618095
898.0 0.03186690155416727
899.0 0.10341453598812222
900.0 0.03989105171058327
901.0 0.10481906356289983
902.0 0.14086406445130706
903.0 0.1332129235379398
904.0 0.1289108768105507
905.0 0.15299557708203793
906.0 0.1578710973262787
907.0 0.2238501561805606
908.0 0.2656911499798298
909.0 0.32939957454800606
910.0 0.4281798377633095
911.0 0.5769281182438135
912.0 0.821424089372158
913.0 1.21016139164567
914.0 1.6897648572921753
915.0 2.528698369860649
916.0 3.6676235496997833
917.0 5.06884939968586
918.0 6.867197155952454
919.0 8.731619268655777
920.0 11.505276709794998
921.0 14.509369432926178
922.0 17.411106824874878
923.0 20.662446320056915
924.0 24.136631190776825
925.0 27.92484164237976
926.0 32.703593373298645
927.0 38.215628266334534
928.0 43.50557029247284
929.0 49.54027533531189
930.0 55.3928017616272
931.0 61.61811351776123
932.0 67.98524260520935
933.0 73.964524269104
934.0 78.93821597099304
935.0 83.01323056221008
936.0 86.636483669281
937.0 89.40864205360413
938.0 91.5898084640503
939.0 93.10046434402466
940.0 94.04823780059814
941.0 94.69351172447205
942.0 95.15658617019653
943.0 95.50833702087402
944.0 95.97781896591187
945.0 96.16328477859497
946.0 96.46435976028442
947.0 96.68571949005127
948.0 96.91925644874573
949.0 96.86499834060669
950.0 96.96904420852661
951.0 97.02090620994568
952.0 96.97838425636292
953.0 97.08462953567505
954.0 97.05910682678223
955.0 97.07569479942322
956.0 97.29642868041992
957.0 97.41993546485901
958.0 97.59653806686401
959.0 97.70838022232056
960.0 97.90650606155396
961.0 98.10553789138794
962.0 98.2153594493866
963.0 98.31636548042297
964.0 98.44719767570496
965.0 98.48873019218445
966.0 98.6297070980072
967.0 98.71585369110107
968.0 98.70448708534241
969.0 98.71124625205994
970.0 98.7569272518158
971.0 98.77344369888306
972.0 98.8438069820404
973.0 98.91350865364075
974.0 98.90280961990356
975.0 98.906809091568
976.0 98.97345304489136
977.0 98.95011186599731
978.0 99.01043772697449
979.0 98.97987246513367
980.0 98.94749522209167
981.0 98.89724850654602
982.0 98.89074563980103
983.0 98.9363968372345
984.0 98.91756176948547
985.0 98.82626533508301
986.0 98.75370860099792
987.0 98.7768828868866
988.0 98.67764115333557
989.0 98.6466646194458
990.0 98.55365753173828
991.0 98.55716228485107
992.0 98.59766364097595
993.0 98.5144555568695
994.0 98.46270680427551
995.0 98.51816892623901
996.0 98.44866394996643
997.0 98.55923652648926
998.0 98.57350587844849
999.0 98.62765669822693
1000.0 98.68851900100708
1001.0 98.65427613258362
1002.0 98.82243275642395
1003.0 98.83163571357727
1004.0 98.90335202217102
1005.0 98.88715147972107
1006.0 99.03424382209778
1007.0 99.03656840324402
1008.0 99.03395771980286
1009.0 98.9928126335144
1010.0 99.03581738471985
1011.0 99.04921054840088
1012.0 98.96835684776306
1013.0 99.00383353233337
1014.0 98.97627830505371
1015.0 98.9015519618988
1016.0 98.87143969535828
1017.0 98.90784025192261
1018.0 98.9330530166626
1019.0 98.86142611503601
1020.0 98.90665411949158
1021.0 99.00597929954529
1022.0 98.85293841362
1023.0 98.8803505897522
1024.0 98.83866906166077
1025.0 98.82098436355591
1026.0 98.86038899421692
1027.0 98.9690363407135
1028.0 98.88060688972473
1029.0 98.99852275848389
1030.0 99.0265429019928
1031.0 99.01890158653259
1032.0 99.03735518455505
1033.0 99.0031898021698
1034.0 99.01266098022461
1035.0 99.01968836784363
1036.0 99.01220202445984
1037.0 99.01842474937439
1038.0 98.98630976676941
1039.0 98.97341132164001
1040.0 98.90176653862
1041.0 98.9267349243164
1042.0 98.87300729751587
1043.0 98.79957437515259
1044.0 98.88097047805786
1045.0 98.5510766506195
1046.0 98.85045886039734
1047.0 98.75357151031494
1048.0 98.7419843673706
1049.0 98.57611656188965
1050.0 98.58850836753845
1051.0 98.66297245025635
1052.0 98.59260320663452
1053.0 98.48362803459167
1054.0 98.73091578483582
1055.0 98.75159859657288
1056.0 98.6777126789093
1057.0 98.70597720146179
1058.0 98.65648150444031
1059.0 98.62563610076904
1060.0 98.70058298110962
1061.0 98.69280457496643
1062.0 98.64638447761536
1063.0 98.6795961856842
1064.0 98.87773990631104
1065.0 98.70496988296509
1066.0 98.90549778938293
1067.0 98.8689661026001
1068.0 98.8892674446106
1069.0 98.68958592414856
1070.0 98.91374707221985
1071.0 98.75364899635315
1072.0 99.0110695362091
1073.0 99.06397461891174
1074.0 98.68605136871338
1075.0 98.65407347679138
1076.0 98.45435619354248
1077.0 98.69450330734253
1078.0 98.89329075813293
1079.0 98.52067828178406
1080.0 99.20821189880371
1081.0 98.64806532859802
1082.0 98.54855537414551
1083.0 98.3415424823761
1084.0 98.84447455406189
1085.0 98.88690114021301
1086.0 98.54649305343628
1087.0 98.67045879364014
1088.0 98.56194257736206
1089.0 98.40642809867859
1090.0 98.60696196556091
1091.0 98.66748452186584
1092.0 98.62409830093384
1093.0 98.5044538974762
1094.0 98.34101796150208
1095.0 98.17700386047363
1096.0 98.31095933914185
1097.0 98.01284670829773
1098.0 97.74032831192017
1099.0 98.53003025054932
1100.0 98.1270968914032
