lsstCam/transmission_sensor/r20_s00/19700101T000000.ecsv
# %ECSV 1.0
# ---
# datatype:
# - {name: amp_name, datatype: string}
# - {name: wavelength, unit: nm, datatype: float32}
# - {name: efficiency, unit: '%', datatype: float64}
# meta: !!omap
# - {MODE: AMP}
# - {TYPE: transmission_sensor}
# - {CALIBDATE: '1970-01-01T00:00:00'}
# - {INSTRUME: LSSTCAM}
# - {OBSTYPE: transmission_sensor}
# - {DETECTOR: 72}
# - {PARQUETFILE: qe_raft_allvalues_nircorrected_20230725.parquet}
# - {CALIBCLS: lsst.ip.isr.IntermediateSensorTransmissionCurve}
# - {CALIB_ID: 'raftName=R20 detectorName=S00 detector=72 calibDate=1970-01-01T00:00:00 ccd=72 ccdnum=72 filter=None'}
# - {DATE: '2023-08-02T16:57:55.734723'}
# - {CALIB_CREATION_DATE: '2023-08-02'}
# - {CALIB_CREATION_TIME: '16:57:55'}
# - __serialized_columns__:
#     efficiency:
#       __class__: astropy.units.quantity.Quantity
#       unit: !astropy.units.Unit {unit: '%'}
#       value: !astropy.table.SerializedColumn {name: efficiency}
#     wavelength:
#       __class__: astropy.units.quantity.Quantity
#       unit: !astropy.units.Unit {unit: nm}
#       value: !astropy.table.SerializedColumn {name: wavelength}
# schema: astropy-2.0
amp_name wavelength efficiency
C00 319.994 46.81594467163086
C00 324.969 48.308753967285156
C00 349.982 56.62265396118164
C00 374.975 70.56328582763672
C00 400.019 81.85867309570312
C00 424.965 83.60340118408203
C00 450.035 83.37117004394531
C00 475.003 83.77865600585938
C00 500.018 84.33509826660156
C00 525.002 85.02238464355469
C00 550.029 86.44969177246094
C00 575.023 88.19113159179688
C00 599.982 90.01988983154297
C00 619.997 91.13591766357422
C00 624.979 91.56550598144531
C00 650.012 92.8863525390625
C00 675.004 94.45318603515625
C00 700.03 95.42118835449219
C00 725.012 96.47831726074219
C00 750.022 97.9361572265625
C00 774.987 99.08383178710938
C00 799.976 99.53480529785156
C00 824.988 98.87882232666016
C00 850.022 97.75775909423828
C00 869.967 95.05506134033203
C00 875.002 93.88504791259766
C00 899.999 87.55345153808594
C00 919.999 79.38983154296875
C00 925.012 76.61933898925781
C00 949.965 63.44580841064453
C00 975.002 48.81438064575195
C00 999.976 32.17594909667969
C00 1025.028 15.883077621459961
C00 1050.014 6.46193265914917
C00 1075.002 0.9330221925083374
C00 1099.99 0.09257360479080416
C01 319.994 46.64009094238281
C01 324.969 48.0879020690918
C01 349.982 56.27455520629883
C01 374.975 70.30032348632812
C01 400.019 81.7863540649414
C01 424.965 83.61327362060547
C01 450.035 83.35474395751953
C01 475.003 83.68287658691406
C01 500.018 84.18450927734375
C01 525.002 84.84597778320312
C01 550.029 86.26581573486328
C01 575.023 88.00462341308594
C01 599.982 89.84207916259766
C01 619.997 90.96371459960938
C01 624.979 91.396240234375
C01 650.012 92.72789001464844
C01 675.004 94.3158950805664
C01 700.03 95.32501983642578
C01 725.012 96.464599609375
C01 750.022 98.02971649169922
C01 774.987 99.28579711914062
C01 799.976 99.7954330444336
C01 824.988 99.13369750976562
C01 850.022 98.04452514648438
C01 869.967 95.44794464111328
C01 875.002 94.29872131347656
C01 899.999 87.97737884521484
C01 919.999 79.58877563476562
C01 925.012 76.76055145263672
C01 949.965 63.56781768798828
C01 975.002 49.072792053222656
C01 999.976 32.322669982910156
C01 1025.028 15.959431648254395
C01 1050.014 6.551523685455322
C01 1075.002 0.9339126106572677
C01 1099.99 0.09266195126153068
C02 319.994 46.45878601074219
C02 324.969 47.86091995239258
C02 349.982 55.92107391357422
C02 374.975 70.05390930175781
C02 400.019 81.74943542480469
C02 424.965 83.67059326171875
C02 450.035 83.41461181640625
C02 475.003 83.69811248779297
C02 500.018 84.15657043457031
C02 525.002 84.78541564941406
C02 550.029 86.17958068847656
C02 575.023 87.90057373046875
C02 599.982 89.73128509521484
C02 619.997 90.8542251586914
C02 624.979 91.287353515625
C02 650.012 92.62914276123047
C02 675.004 94.22866821289062
C02 700.03 95.2645263671875
C02 725.012 96.45443725585938
C02 750.022 98.07611846923828
C02 774.987 99.3918685913086
C02 799.976 99.9454345703125
C02 824.988 99.30499267578125
C02 850.022 98.25111389160156
C02 869.967 95.68082427978516
C02 875.002 94.53142547607422
C02 899.999 88.20336151123047
C02 919.999 79.81088256835938
C02 925.012 76.9834976196289
C02 949.965 63.85661315917969
C02 975.002 49.31803894042969
C02 999.976 32.51640701293945
C02 1025.028 16.071027755737305
C02 1050.014 6.612334728240967
C02 1075.002 0.9343541848336182
C02 1099.99 0.09270576384564232
C03 319.994 46.49439239501953
C03 324.969 47.86048126220703
C03 349.982 55.80780029296875
C03 374.975 70.09689331054688
C03 400.019 82.0607681274414
C03 424.965 84.09272003173828
C03 450.035 83.8461685180664
C03 475.003 84.09812927246094
C03 500.018 84.51541900634766
C03 525.002 85.1097640991211
C03 550.029 86.4815673828125
C03 575.023 88.18661499023438
C03 599.982 90.01105499267578
C03 619.997 91.13623809814453
C03 624.979 91.57294464111328
C03 650.012 92.92346954345703
C03 675.004 94.53765869140625
C03 700.03 95.59202575683594
C03 725.012 96.8071517944336
C03 750.022 98.46434020996094
C03 774.987 99.8121109008789
C03 799.976 100.39647674560547
C03 824.988 99.77667236328125
C03 850.022 98.74710083007812
C03 869.967 96.15497589111328
C03 875.002 95.00337982177734
C03 899.999 88.67469024658203
C03 919.999 80.30872344970703
C03 925.012 77.47814178466797
C03 949.965 64.35562896728516
C03 975.002 49.66558837890625
C03 999.976 32.77201461791992
C03 1025.028 16.20969009399414
C03 1050.014 6.676956653594971
C03 1075.002 0.9380524713345761
C03 1099.99 0.09307270443472138
C04 319.994 46.324764251708984
C04 324.969 47.65567398071289
C04 349.982 55.51239776611328
C04 374.975 69.88028717041016
C04 400.019 82.00066375732422
C04 424.965 84.09891510009766
C04 450.035 83.84666442871094
C04 475.003 84.06190490722656
C04 500.018 84.4452133178711
C04 525.002 85.0146255493164
C04 550.029 86.3672103881836
C04 575.023 88.06526184082031
C04 599.982 89.88337707519531
C04 619.997 91.0108871459961
C04 624.979 91.44646453857422
C04 650.012 92.80015563964844
C04 675.004 94.41725158691406
C04 700.03 95.48094940185547
C04 725.012 96.6982650756836
C04 750.022 98.35881805419922
C04 774.987 99.71305084228516
C04 799.976 100.30870056152344
C04 824.988 99.71440124511719
C04 850.022 98.70580291748047
C04 869.967 96.11259460449219
C04 875.002 94.95391082763672
C04 899.999 88.6705551147461
C04 919.999 80.431396484375
C04 925.012 77.63300323486328
C04 949.965 64.56602478027344
C04 975.002 49.75830078125
C04 999.976 32.83795166015625
C04 1025.028 16.281625747680664
C04 1050.014 6.719078063964844
C04 1075.002 0.9370471227268964
C04 1099.99 0.09297295466946218
C05 319.994 46.16615295410156
C05 324.969 47.46803283691406
C05 349.982 55.233558654785156
C05 374.975 69.67920684814453
C05 400.019 81.96534729003906
C05 424.965 84.13038635253906
C05 450.035 83.87334442138672
C05 475.003 84.05867767333984
C05 500.018 84.41614532470703
C05 525.002 84.96610260009766
C05 550.029 86.302490234375
C05 575.023 88.00582885742188
C05 599.982 89.81867218017578
C05 619.997 90.94872283935547
C05 624.979 91.38638305664062
C05 650.012 92.7416000366211
C05 675.004 94.36370086669922
C05 700.03 95.42399597167969
C05 725.012 96.64999389648438
C05 750.022 98.30069732666016
C05 774.987 99.65940856933594
C05 799.976 100.26776885986328
C05 824.988 99.69418334960938
C05 850.022 98.71858978271484
C05 869.967 96.13247680664062
C05 875.002 94.96219635009766
C05 899.999 88.75223541259766
C05 919.999 80.60890197753906
C05 925.012 77.82981872558594
C05 949.965 64.77498626708984
C05 975.002 49.90205001831055
C05 999.976 32.897666931152344
C05 1025.028 16.363357543945312
C05 1050.014 6.764451026916504
C05 1075.002 0.9364934204600149
C05 1099.99 0.09291801683921802
C06 319.994 45.9119873046875
C06 324.969 47.18106460571289
C06 349.982 54.82456970214844
C06 374.975 69.2909927368164
C06 400.019 81.68220520019531
C06 424.965 83.90654754638672
C06 450.035 83.64527893066406
C06 475.003 83.79452514648438
C06 500.018 84.12564086914062
C06 525.002 84.65046691894531
C06 550.029 85.97859191894531
C06 575.023 87.66698455810547
C06 599.982 89.48200988769531
C06 619.997 90.60595703125
C06 624.979 91.04017639160156
C06 650.012 92.39546203613281
C06 675.004 94.02100372314453
C06 700.03 95.08380889892578
C06 725.012 96.29778289794922
C06 750.022 97.94619750976562
C06 774.987 99.28888702392578
C06 799.976 99.89822387695312
C06 824.988 99.34431457519531
C06 850.022 98.38826751708984
C06 869.967 95.86934661865234
C06 875.002 94.7314224243164
C06 899.999 88.61024475097656
C06 919.999 80.48429107666016
C06 925.012 77.70156860351562
C06 949.965 64.59945678710938
C06 975.002 49.81160354614258
C06 999.976 32.788639068603516
C06 1025.028 16.372940063476562
C06 1050.014 6.750349521636963
C06 1075.002 0.9331162068430934
C06 1099.99 0.09258293280672945
C07 319.994 45.873451232910156
C07 324.969 47.13442611694336
C07 349.982 54.765201568603516
C07 374.975 69.34707641601562
C07 400.019 81.88616943359375
C07 424.965 84.14513397216797
C07 450.035 83.87554168701172
C07 475.003 84.01095581054688
C07 500.018 84.31568908691406
C07 525.002 84.82636260986328
C07 550.029 86.14894104003906
C07 575.023 87.8499755859375
C07 599.982 89.67923736572266
C07 619.997 90.81999969482422
C07 624.979 91.25975036621094
C07 650.012 92.62593078613281
C07 675.004 94.261962890625
C07 700.03 95.330810546875
C07 725.012 96.5463638305664
C07 750.022 98.19110107421875
C07 774.987 99.53070068359375
C07 799.976 100.14816284179688
C07 824.988 99.58452606201172
C07 850.022 98.64083099365234
C07 869.967 96.22926330566406
C07 875.002 95.12303924560547
C07 899.999 88.99708557128906
C07 919.999 80.75286865234375
C07 925.012 77.94902801513672
C07 949.965 64.69927215576172
C07 975.002 49.86650848388672
C07 999.976 32.85366439819336
C07 1025.028 16.389312744140625
C07 1050.014 6.647627830505371
C07 1075.002 0.9354494192360759
C07 1099.99 0.09281443199688301
C10 319.994 47.2072868347168
C10 324.969 48.7030143737793
C10 349.982 57.06132507324219
C10 374.975 71.12200164794922
C10 400.019 82.50941467285156
C10 424.965 84.24302673339844
C10 450.035 83.99334716796875
C10 475.003 84.36582946777344
C10 500.018 84.9044189453125
C10 525.002 85.62027740478516
C10 550.029 87.0832748413086
C10 575.023 88.86368560791016
C10 599.982 90.71825408935547
C10 619.997 91.86165618896484
C10 624.979 92.2988510131836
C10 650.012 93.637939453125
C10 675.004 95.19752502441406
C10 700.03 96.12197875976562
C10 725.012 97.00141143798828
C10 750.022 98.22754669189453
C10 774.987 99.1445083618164
C10 799.976 99.53060150146484
C10 824.988 98.89622497558594
C10 850.022 97.8291015625
C10 869.967 95.28619384765625
C10 875.002 94.17085266113281
C10 899.999 87.91961669921875
C10 919.999 79.83685302734375
C10 925.012 77.0621337890625
C10 949.965 63.405094146728516
C10 975.002 48.824684143066406
C10 999.976 32.37139129638672
C10 1025.028 16.014677047729492
C10 1050.014 6.504624843597412
C10 1075.002 0.9358002149217035
C10 1099.99 0.0928492376225416
C11 319.994 46.87057876586914
C11 324.969 48.323646545410156
C11 349.982 56.52787780761719
C11 374.975 70.61104583740234
C11 400.019 82.12955474853516
C11 424.965 83.9300537109375
C11 450.035 83.66561889648438
C11 475.003 83.9715805053711
C11 500.018 84.46063995361328
C11 525.002 85.15576934814453
C11 550.029 86.60676574707031
C11 575.023 88.37841796875
C11 599.982 90.2361831665039
C11 619.997 91.3772201538086
C11 624.979 91.80985260009766
C11 650.012 93.15888214111328
C11 675.004 94.73252868652344
C11 700.03 95.68815612792969
C11 725.012 96.65011596679688
C11 750.022 97.97455596923828
C11 774.987 98.9914779663086
C11 799.976 99.43375396728516
C11 824.988 98.81745147705078
C11 850.022 97.8192138671875
C11 869.967 95.36016845703125
C11 875.002 94.26045989990234
C11 899.999 87.93836212158203
C11 919.999 79.69679260253906
C11 925.012 76.89192199707031
C11 949.965 63.35385513305664
C11 975.002 48.8931999206543
C11 999.976 32.45083999633789
C11 1025.028 16.130353927612305
C11 1050.014 6.548670291900635
C11 1075.002 0.9333891365981445
C11 1099.99 0.09261001264629022
C12 319.994 46.962650299072266
C12 324.969 48.37560272216797
C12 349.982 56.4810676574707
C12 374.975 70.72089385986328
C12 400.019 82.50797271728516
C12 424.965 84.4166030883789
C12 450.035 84.14055633544922
C12 475.003 84.39875030517578
C12 500.018 84.84380340576172
C12 525.002 85.51786804199219
C12 550.029 86.95997619628906
C12 575.023 88.73250579833984
C12 599.982 90.59811401367188
C12 619.997 91.74913024902344
C12 624.979 92.1886215209961
C12 650.012 93.55021667480469
C12 675.004 95.14813995361328
C12 700.03 96.1312255859375
C12 725.012 97.13099670410156
C12 750.022 98.50879669189453
C12 774.987 99.58293914794922
C12 799.976 100.05809020996094
C12 824.988 99.45636749267578
C12 850.022 98.48643493652344
C12 869.967 96.05506134033203
C12 875.002 94.95563507080078
C12 899.999 88.57804870605469
C12 919.999 80.29708099365234
C12 925.012 77.4808578491211
C12 949.965 63.901466369628906
C12 975.002 49.363365173339844
C12 999.976 32.7452392578125
C12 1025.028 16.293575286865234
C12 1050.014 6.618217945098877
C12 1075.002 0.9384783468438358
C12 1099.99 0.09311495941150634
C13 319.994 46.61540603637695
C13 324.969 47.98120880126953
C13 349.982 55.94081497192383
C13 374.975 70.21981048583984
C13 400.019 82.15775299072266
C13 424.965 84.14873504638672
C13 450.035 83.88294219970703
C13 475.003 84.10026550292969
C13 500.018 84.50262451171875
C13 525.002 85.13663482666016
C13 550.029 86.55659484863281
C13 575.023 88.30448150634766
C13 599.982 90.15531921386719
C13 619.997 91.30097198486328
C13 624.979 91.73816680908203
C13 650.012 93.0984878540039
C13 675.004 94.69703674316406
C13 700.03 95.68592071533203
C13 725.012 96.68730926513672
C13 750.022 98.0692367553711
C13 774.987 99.1412124633789
C13 799.976 99.62796020507812
C13 824.988 99.043212890625
C13 850.022 98.07280731201172
C13 869.967 95.6546401977539
C13 875.002 94.55957794189453
C13 899.999 88.21149444580078
C13 919.999 79.96844482421875
C13 925.012 77.16461181640625
C13 949.965 63.61773681640625
C13 975.002 49.12908935546875
C13 999.976 32.524375915527344
C13 1025.028 16.210895538330078
C13 1050.014 6.581949710845947
C13 1075.002 0.9342906791008126
C13 1099.99 0.09269946286517487
C14 319.994 46.47037124633789
C14 324.969 47.81008529663086
C14 349.982 55.681678771972656
C14 374.975 70.06776428222656
C14 400.019 82.18792724609375
C14 424.965 84.25756072998047
C14 450.035 83.99617004394531
C14 475.003 84.19122314453125
C14 500.018 84.56248474121094
C14 525.002 85.16211700439453
C14 550.029 86.54817962646484
C14 575.023 88.27427673339844
C14 599.982 90.11134338378906
C14 619.997 91.25411224365234
C14 624.979 91.69326782226562
C14 650.012 93.05487060546875
C14 675.004 94.65995025634766
C14 700.03 95.6464614868164
C14 725.012 96.64202117919922
C14 750.022 98.00768280029297
C14 774.987 99.06849670410156
C14 799.976 99.55023193359375
C14 824.988 98.97610473632812
C14 850.022 97.98811340332031
C14 869.967 95.57108306884766
C14 875.002 94.47440338134766
C14 899.999 88.08644104003906
C14 919.999 79.81999969482422
C14 925.012 77.01547241210938
C14 949.965 63.46598815917969
C14 975.002 48.99617004394531
C14 999.976 32.33704376220703
C14 1025.028 16.146892547607422
C14 1050.014 6.564892768859863
C14 1075.002 0.933704369024593
C14 1099.99 0.09264128971804435
C15 319.994 46.458065032958984
C15 324.969 47.7618408203125
C15 349.982 55.55883026123047
C15 374.975 70.07366943359375
C15 400.019 82.39393615722656
C15 424.965 84.54888153076172
C15 450.035 84.28813934326172
C15 475.003 84.45472717285156
C15 500.018 84.78815460205078
C15 525.002 85.35958862304688
C15 550.029 86.725341796875
C15 575.023 88.44600677490234
C15 599.982 90.28125
C15 619.997 91.42627716064453
C15 624.979 91.86453247070312
C15 650.012 93.23507690429688
C15 675.004 94.84542083740234
C15 700.03 95.8343505859375
C15 725.012 96.82159423828125
C15 750.022 98.16401672363281
C15 774.987 99.20848083496094
C15 799.976 99.68971252441406
C15 824.988 99.13217163085938
C15 850.022 98.14471435546875
C15 869.967 95.73892974853516
C15 875.002 94.6368408203125
C15 899.999 88.20843505859375
C15 919.999 79.91960906982422
C15 925.012 77.09062194824219
C15 949.965 63.53910827636719
C15 975.002 49.06659698486328
C15 999.976 32.28523254394531
C15 1025.028 16.184070587158203
C15 1050.014 6.612618923187256
C15 1075.002 0.9351939159740666
C15 1099.99 0.09278908119795247
C16 319.994 46.27090072631836
C16 324.969 47.54817199707031
C16 349.982 55.25278091430664
C16 374.975 69.82532501220703
C16 400.019 82.26895141601562
C16 424.965 84.48188018798828
C16 450.035 84.22612762451172
C16 475.003 84.3803482055664
C16 500.018 84.68551635742188
C16 525.002 85.22058868408203
C16 550.029 86.5517807006836
C16 575.023 88.25271606445312
C16 599.982 90.07596588134766
C16 619.997 91.2170181274414
C16 624.979 91.65262603759766
C16 650.012 93.02364349365234
C16 675.004 94.62876892089844
C16 700.03 95.6177978515625
C16 725.012 96.58625030517578
C16 750.022 97.90518188476562
C16 774.987 98.92070770263672
C16 799.976 99.4062728881836
C16 824.988 98.86331939697266
C16 850.022 97.89962768554688
C16 869.967 95.54887390136719
C16 875.002 94.4522705078125
C16 899.999 88.05368041992188
C16 919.999 79.76624298095703
C16 925.012 76.92898559570312
C16 949.965 63.41348648071289
C16 975.002 48.99135208129883
C16 999.976 32.183494567871094
C16 1025.028 16.20924949645996
C16 1050.014 6.679987907409668
C16 1075.002 0.9327282381240678
C16 1099.99 0.09254443890684727
C17 319.994 46.11157989501953
C17 324.969 47.369712829589844
C17 349.982 55.01667404174805
C17 374.975 69.68372344970703
C17 400.019 82.2721939086914
C17 424.965 84.5331039428711
C17 450.035 84.28685760498047
C17 475.003 84.42446899414062
C17 500.018 84.70367431640625
C17 525.002 85.22162628173828
C17 550.029 86.53258514404297
C17 575.023 88.23343658447266
C17 599.982 90.06349182128906
C17 619.997 91.21583557128906
C17 624.979 91.65385437011719
C17 650.012 93.03084564208984
C17 675.004 94.64443969726562
C17 700.03 95.63848114013672
C17 725.012 96.59671783447266
C17 750.022 97.8944320678711
C17 774.987 98.89094543457031
C17 799.976 99.38286590576172
C17 824.988 98.85408020019531
C17 850.022 97.90728759765625
C17 869.967 95.58255767822266
C17 875.002 94.48543548583984
C17 899.999 88.13676452636719
C17 919.999 79.8111801147461
C17 925.012 76.97209930419922
C17 949.965 63.48577880859375
C17 975.002 49.10166549682617
C17 999.976 32.34046936035156
C17 1025.028 16.278484344482422
C17 1050.014 6.723344326019287
C17 1075.002 0.9326259941924568
C17 1099.99 0.09253429435788241
