lsstCam/transmission_sensor/r20_s00/19700101T000000.ecsv
# %ECSV 1.0
# ---
# datatype:
# - {name: amp_name, datatype: string}
# - {name: wavelength, unit: nm, datatype: float32}
# - {name: efficiency, unit: '%', datatype: float64}
# meta: !!omap
# - {MODE: AMP}
# - {TYPE: transmission_sensor}
# - {CALIBDATE: '1970-01-01T00:00:00'}
# - {INSTRUME: LSSTCam}
# - {OBSTYPE: transmission_sensor}
# - {DETECTOR: 72}
# - {PARQUETFILE: qe_raft_allvalues_nircorrected_20230725_adjust.parquet}
# - {CORRFILE: qe_corr_factor_bydetnum.parquet}
# - {CALIBCLS: lsst.ip.isr.IntermediateSensorTransmissionCurve}
# - {CALIB_ID: 'raftName=R20 detectorName=S00 detector=72 calibDate=1970-01-01T00:00:00 ccd=72 ccdnum=72 filter=None'}
# - {DATE: '2025-03-03T21:56:47.779890'}
# - {CALIB_CREATION_DATE: '2025-03-03'}
# - {CALIB_CREATION_TIME: '21:56:47'}
# - __serialized_columns__:
#     efficiency:
#       __class__: astropy.units.quantity.Quantity
#       unit: !astropy.units.Unit {unit: '%'}
#       value: !astropy.table.SerializedColumn {name: efficiency}
#     wavelength:
#       __class__: astropy.units.quantity.Quantity
#       unit: !astropy.units.Unit {unit: nm}
#       value: !astropy.table.SerializedColumn {name: wavelength}
# schema: astropy-2.0
amp_name wavelength efficiency
C00 319.994 46.96135573753957
C00 324.969 48.45880172251845
C00 349.982 56.79852482152262
C00 374.975 70.7824565114323
C00 400.019 82.11292743131908
C00 424.965 83.86307467278421
C00 450.035 83.63012221904673
C00 475.003 84.03887383881477
C00 500.018 84.59704441803517
C00 525.002 85.28646551736458
C00 550.029 86.71820588482767
C00 575.023 88.4650546438341
C00 599.982 90.29949303564794
C00 619.997 91.41898726780799
C00 624.979 91.84990989380086
C00 650.012 93.17485902175368
C00 675.004 94.74655912751143
C00 700.03 95.7175680773884
C00 725.012 96.77798044277051
C00 750.022 98.24034848262289
C00 774.987 99.39158773853875
C00 799.976 99.8439619801506
C00 824.988 99.18594151545717
C00 850.022 98.06139624287312
C00 869.967 95.3503038669213
C00 875.002 94.17665635894251
C00 899.999 87.82539394577283
C00 919.999 79.63641761760523
C00 925.012 76.85731987012637
C00 949.965 63.64287209681259
C00 975.002 48.96599888545979
C00 999.976 32.27588810437438
C00 1025.028 15.932410712206003
C00 1050.014 6.482003524372287
C00 1075.002 0.9359201742212073
C00 1099.99 0.09286113987403403
C01 319.994 46.78495580382222
C01 324.969 48.2372638548301
C01 349.982 56.44934486639181
C01 374.975 70.51867740492519
C01 400.019 82.04038377650198
C01 424.965 83.87297777325192
C01 450.035 83.61364511293625
C01 475.003 83.94279692747666
C01 500.018 84.44598769699077
C01 525.002 85.10951073450974
C01 550.029 86.53375872534387
C01 575.023 88.27796716776501
C01 599.982 90.12113008394763
C01 619.997 91.24624933839806
C01 624.979 91.68011840463826
C01 650.012 93.01590431022808
C01 675.004 94.60884174504137
C01 700.03 95.62110085838117
C01 725.012 96.76422018416083
C01 750.022 98.33419834431949
C01 774.987 99.59418037809125
C01 799.976 100.10539924064294
C01 824.988 99.44160834491966
C01 850.022 98.34905299502104
C01 869.967 95.74440746945967
C01 875.002 94.59161463595885
C01 899.999 88.25063797783444
C01 919.999 79.83597963290332
C01 925.012 76.99897094165392
C01 949.965 63.7652603369049
C01 975.002 49.22521292285641
C01 999.976 32.42306470800215
C01 1025.028 16.009001895817423
C01 1050.014 6.571872821825639
C01 1075.002 0.9368133580230161
C01 1099.99 0.0929497607502984
C02 319.994 46.603087736191306
C02 324.969 48.00957672808007
C02 349.982 56.09476565517139
C02 374.975 70.27149785399338
C02 400.019 82.00335046648405
C02 424.965 83.93047545007867
C02 450.035 83.67369892234123
C02 475.003 83.9580801513051
C02 500.018 84.41796207572901
C02 525.002 85.04876049377357
C02 550.029 86.44725583153675
C02 575.023 88.17359430518503
C02 599.982 90.00999188843609
C02 619.997 91.13641982154184
C02 624.979 91.57089348201461
C02 650.012 92.91685034627643
C02 675.004 94.52134394933256
C02 700.03 95.56041949546896
C02 725.012 96.75402626621418
C02 750.022 98.380744447136
C02 774.987 99.70058130993239
C02 799.976 100.25586667363787
C02 824.988 99.61343555643495
C02 850.022 98.55628340805379
C02 869.967 95.97801043597904
C02 875.002 94.82504158137253
C02 899.999 88.47732254959121
C02 919.999 80.05877643415191
C02 925.012 77.22260958297319
C02 949.965 64.05495281140554
C02 975.002 49.47122155078083
C02 999.976 32.61740348831631
C02 1025.028 16.12094462257832
C02 1050.014 6.632872744673675
C02 1075.002 0.9372563037357547
C02 1099.99 0.09299370941699046
C03 319.994 46.63880471446237
C03 324.969 48.00913667531586
C03 349.982 55.9811402049056
C03 374.975 70.31461537179479
C03 400.019 82.31565017342795
C03 424.965 84.35391335253412
C03 450.035 84.10659604595439
C03 475.003 84.35933939444416
C03 500.018 84.77792523685594
C03 525.002 85.37411637490442
C03 550.029 86.75018050133002
C03 575.023 88.46052401363558
C03 599.982 90.29063075563126
C03 619.997 91.41930869765315
C03 624.979 91.85737165806361
C03 650.012 93.21209131215195
C03 675.004 94.83129415717015
C03 700.03 95.8889361034106
C03 725.012 97.10783634173367
C03 750.022 98.77017201073637
C03 774.987 100.1221288987746
C03 799.976 100.70830979307367
C03 824.988 100.08658028851768
C03 850.022 99.05381088981974
C03 869.967 96.45363476972447
C03 875.002 95.29846182475113
C03 899.999 88.95011523946258
C03 919.999 80.5581636171649
C03 925.012 77.71879012062607
C03 949.965 64.55551857051748
C03 975.002 49.819850483319925
C03 999.976 32.873805014567736
C03 1025.028 16.26003764825477
C03 1050.014 6.6976953867517075
C03 1075.002 0.9409660771731808
C03 1099.99 0.09336178972935306
C04 319.994 46.468649703451085
C04 324.969 47.803693259160404
C04 349.982 55.684820153121315
C04 374.975 70.09733644955486
C04 400.019 82.25535911818488
C04 424.965 84.36012766287398
C04 450.035 84.10709349690524
C04 475.003 84.32300251575744
C04 500.018 84.70750148839862
C04 525.002 85.27868232325665
C04 550.029 86.6354683120639
C04 575.023 88.33879393941669
C04 599.982 90.16255626851614
C04 619.997 91.29356840346126
C04 624.979 91.7304987063221
C04 650.012 93.08839439340433
C04 675.004 94.71051306630366
C04 700.03 95.77751474351166
C04 725.012 96.99861141911002
C04 750.022 98.66432210148696
C04 774.987 100.02276115806934
C04 799.976 100.62026097477315
C04 824.988 100.02411575527397
C04 850.022 99.01238470525124
C04 869.967 96.41112184615564
C04 875.002 95.24883917913091
C04 899.999 88.94596726384164
C04 919.999 80.68121767622219
C04 925.012 77.87413257293935
C04 949.965 64.76656787623443
C04 975.002 49.9128508518543
C04 999.976 32.939946858301965
C04 1025.028 16.3321967352214
C04 1050.014 6.739947626889567
C04 1075.002 0.9399576059367968
C04 1099.99 0.09326173013974251
C05 319.994 46.30954575664023
C05 324.969 47.61546929899592
C05 349.982 55.40511496309544
C05 374.975 69.89563156862233
C05 400.019 82.21993295739279
C05 424.965 84.39169666552411
C05 450.035 84.133856358061
C05 475.003 84.31976525803113
C05 500.018 84.67834320958723
C05 525.002 85.23000866098883
C05 550.029 86.57054713643215
C05 575.023 88.27917635623015
C05 599.982 90.09765039906749
C05 619.997 91.23121101349928
C05 624.979 91.67023061035367
C05 650.012 93.02965691574622
C05 675.004 94.65679601670337
C05 700.03 95.72038441507937
C05 725.012 96.95019030886338
C05 750.022 98.60602085004729
C05 774.987 99.96895227137043
C05 799.976 100.5792021385991
C05 824.988 100.00383506266238
C05 850.022 99.02521128669163
C05 869.967 96.43106580273897
C05 875.002 95.25715043655589
C05 899.999 89.02790126199248
C05 919.999 80.85927450426044
C05 925.012 78.07155937569455
C05 949.965 64.97617840073971
C05 975.002 50.05704657632274
C05 999.976 32.999847605875914
C05 1025.028 16.41418239174022
C05 1050.014 6.785461518983051
C05 1075.002 0.9394021838619014
C05 1099.99 0.09320662167172718
C06 319.994 46.05459066469205
C06 324.969 47.32760973992187
C06 349.982 54.99485568429175
C06 374.975 69.5062116581135
C06 400.019 81.93591142373184
C06 424.965 84.16716261249331
C06 450.035 83.90508249231064
C06 475.003 84.05479226924197
C06 500.018 84.38693644257904
C06 525.002 84.91339261040984
C06 550.029 86.24564278770285
C06 575.023 87.93927960115137
C06 599.982 89.75994242817245
C06 619.997 90.887380569363
C06 624.979 91.32294862192765
C06 650.012 92.68244380514416
C06 675.004 94.31303445039104
C06 700.03 95.37914071588752
C06 725.012 96.5968853373863
C06 750.022 98.25041995110473
C06 774.987 99.59727988016964
C06 799.976 100.2085093431169
C06 824.988 99.6528795902916
C06 850.022 98.69386303487592
C06 869.967 96.16711832821773
C06 875.002 95.02565972330474
C06 899.999 88.88546957512668
C06 919.999 80.73427655994905
C06 925.012 77.94291090671308
C06 949.965 64.8001037234133
C06 975.002 49.96631917597917
C06 999.976 32.890481101058555
C06 1025.028 16.42379467472896
C06 1050.014 6.771316214204685
C06 1075.002 0.9360144805659767
C06 1099.99 0.09287049686292458
C07 319.994 46.0159348992652
C07 324.969 47.280826391267276
C07 349.982 54.935303152383405
C07 374.975 69.56246953410891
C07 400.019 82.14050917327084
C07 424.965 84.40649009149324
C07 450.035 84.13606044842784
C07 475.003 84.27189517037621
C07 500.018 84.57757495312804
C07 525.002 85.08983463613072
C07 550.029 86.41652101586575
C07 575.023 88.12283900201518
C07 599.982 89.95778249787145
C07 619.997 91.1020880528416
C07 624.979 91.54320459678112
C07 650.012 92.91362839473324
C07 675.004 94.5547420408635
C07 700.03 95.62690955486879
C07 725.012 96.84623836631874
C07 750.022 98.49608418990933
C07 774.987 99.83984461689586
C07 799.976 100.45922462234553
C07 824.988 99.89383717779201
C07 850.022 98.94721097759827
C07 869.967 96.52815292216187
C07 875.002 95.41849291264556
C07 899.999 89.27351192915623
C07 919.999 81.0036883418381
C07 925.012 78.19113893118745
C07 949.965 64.90022912018217
C07 975.002 50.02139464932987
C07 999.976 32.95570840035238
C07 1025.028 16.440218209198576
C07 1050.014 6.668275467872901
C07 1075.002 0.9383549399536196
C07 1099.99 0.09310271509323066
C10 319.994 47.35391341558453
C10 324.969 48.85428670808189
C10 349.982 57.23855845300759
C10 374.975 71.34290771193507
C10 400.019 82.76569022211659
C10 424.965 84.50468690919112
C10 450.035 84.25423183507525
C10 475.003 84.62787107080479
C10 500.018 85.16813341579459
C10 525.002 85.88621534298453
C10 550.029 87.35375687272574
C10 575.023 89.13969762337746
C10 599.982 91.0000264239102
C10 619.997 92.14697994855719
C10 624.979 92.58553270682694
C10 650.012 93.92878037667951
C10 675.004 95.4932100454633
C10 700.03 96.42053514876405
C10 725.012 97.30269935881911
C10 750.022 98.53264300825107
C10 774.987 99.4524527756482
C10 799.976 99.8397451267057
C10 824.988 99.20339821728625
C10 850.022 98.13296030197161
C10 869.967 95.58215427547536
C10 875.002 94.46334882155494
C10 899.999 88.19269642169769
C10 919.999 80.08482755779337
C10 925.012 77.30148999759496
C10 949.965 63.60203137374777
C10 975.002 48.976334385600154
C10 999.976 32.47193735065032
C10 1025.028 16.064418888378608
C10 1050.014 6.524828311421846
C10 1075.002 0.9387068252162047
C10 1099.99 0.09313762882571401
C11 319.994 47.016159526140186
C11 324.969 48.47374055722707
C11 349.982 56.703454291723546
C11 374.975 70.83036486454498
C11 400.019 82.3846504468567
C11 424.965 84.19074178756362
C11 450.035 83.92548563438707
C11 475.003 84.23239756487868
C11 500.018 84.72297603951584
C11 525.002 85.42026451696024
C11 550.029 86.87576773369088
C11 575.023 88.65292273524142
C11 599.982 90.51645818113425
C11 619.997 91.66103924740027
C11 624.979 92.0950154569222
C11 650.012 93.44823510506643
C11 675.004 95.02676942157971
C11 700.03 95.98536505696008
C11 725.012 96.95031275832821
C11 750.022 98.27886649240182
C11 774.987 99.29894706530729
C11 799.976 99.74259678255038
C11 824.988 99.12438004701654
C11 850.022 98.12304189532081
C11 869.967 95.65635865115914
C11 875.002 94.55323438182785
C11 899.999 88.21150006763985
C11 919.999 79.9443321030901
C11 925.012 77.13074952507999
C11 949.965 63.55063321088759
C11 975.002 49.04506297427881
C11 999.976 32.55163281952233
C11 1025.028 16.180455062483137
C11 1050.014 6.569010565585361
C11 1075.002 0.9362882580451712
C11 1099.99 0.09289766081289608
C12 319.994 47.10851703498423
C12 324.969 48.52585811069309
C12 349.982 56.656498748509044
C12 374.975 70.94055407670413
C12 400.019 82.76424378781334
C12 424.965 84.67880239508033
C12 450.035 84.40189823656232
C12 475.003 84.66089416084971
C12 500.018 85.10732960341755
C12 525.002 85.78348789508813
C12 550.029 87.23007526016123
C12 575.023 89.00811036724019
C12 599.982 90.87951319124801
C12 619.997 92.03410450126344
C12 624.979 92.4749608400902
C12 650.012 93.84078513001984
C12 675.004 95.44367158385015
C12 700.03 96.42981069572451
C12 725.012 97.43268711882212
C12 750.022 98.81476657520723
C12 774.987 99.89224533474929
C12 799.976 100.36887222348798
C12 824.988 99.76528054590915
C12 850.022 98.79233536386965
C12 869.967 96.35340988276543
C12 875.002 95.25056877782156
C12 899.999 88.85317352877915
C12 919.999 80.54648499945723
C12 925.012 77.72151462121842
C12 949.965 64.09994533663708
C12 975.002 49.51668856768856
C12 999.976 32.84694648976759
C12 1025.028 16.34418338986401
C12 1050.014 6.63877423489636
C12 1075.002 0.9413932754585199
C12 1099.99 0.09340417595076542
C13 319.994 46.7601942261072
C13 324.969 48.13023919602751
C13 349.982 56.11456802956101
C13 374.975 70.43791432978173
C13 400.019 82.41293627323121
C13 424.965 84.41010235070557
C13 450.035 84.14348394723284
C13 475.003 84.3614822600786
C13 500.018 84.765091002324
C13 525.002 85.40107056334897
C13 550.029 86.82544100364792
C13 575.023 88.5787566250154
C13 599.982 90.43534306377943
C13 619.997 91.58455425043412
C13 624.979 92.02310700870387
C13 650.012 93.38765323234439
C13 675.004 94.99116723968193
C13 700.03 95.98312270113547
C13 725.012 96.987621579642
C13 750.022 98.3738413585565
C13 774.987 99.44914664009792
C13 799.976 99.93740622799496
C13 824.988 99.35084267911833
C13 850.022 98.37742300540262
C13 869.967 95.95174502577413
C13 875.002 94.85328148919774
C13 899.999 88.48548074518516
C13 919.999 80.21682808087442
C13 925.012 77.40428632331532
C13 949.965 63.81533451492666
C13 975.002 49.28168508541526
C13 999.976 32.625397142441905
C13 1025.028 16.261246836719913
C13 1050.014 6.602393350933202
C13 1075.002 0.9371926007531369
C13 1099.99 0.09298738886557785
C14 319.994 46.614708955712324
C14 324.969 47.958584179072126
C14 349.982 55.85462694846701
C14 374.975 70.28539586825099
C14 400.019 82.44320425031756
C14 424.965 84.5192660485968
C14 450.035 84.25706347894932
C14 475.003 84.45272241755613
C14 500.018 84.82513715863742
C14 525.002 85.42663188913113
C14 550.029 86.81699964366656
C14 575.023 88.54845803556283
C14 599.982 90.39123064407632
C14 619.997 91.53754896212453
C14 624.979 91.97806856492302
C14 650.012 93.34390050794421
C14 675.004 94.95396556164987
C14 700.03 95.94354091163088
C14 725.012 96.94219282819202
C14 750.022 98.31209621591863
C14 774.987 99.37620502452015
C14 799.976 99.85943653126782
C14 824.988 99.28352608583093
C14 850.022 98.29246603608892
C14 869.967 95.86792836710161
C14 875.002 94.76784237511629
C14 899.999 88.36003892156378
C14 919.999 80.067921878556
C14 925.012 77.25468368966571
C14 949.965 63.66311452396643
C14 975.002 49.148352924404236
C14 999.976 32.43748313248526
C14 1025.028 16.197045051694
C14 1050.014 6.585283429815056
C14 1075.002 0.9366044695885309
C14 1099.99 0.09292903503173064
C15 319.994 46.60236451903968
C15 324.969 47.91018985464593
C15 349.982 55.731396868304024
C15 374.975 70.29131936111189
C15 400.019 82.6498530283924
C15 424.965 84.81149169640102
C15 450.035 84.54993963953541
C15 475.003 84.7170448935634
C15 500.018 85.05150795364058
C15 525.002 85.62471685775976
C15 550.029 86.994712082585
C15 575.023 88.72072147329656
C15 599.982 90.56166499292922
C15 619.997 91.7102486260767
C15 624.979 92.14986516407211
C15 650.012 93.52466653039171
C15 675.004 95.14001221726794
C15 700.03 96.13201359727078
C15 725.012 97.12232364404075
C15 750.022 98.46891571490134
C15 774.987 99.5166239483079
C15 799.976 99.99935035101316
C15 824.988 99.44007772660935
C15 850.022 98.44955339327593
C15 869.967 96.0362963812356
C15 875.002 94.93078434734024
C15 899.999 88.48241185547299
C15 919.999 80.16784064185298
C15 925.012 77.33006664144843
C15 949.965 63.73646175339644
C15 975.002 49.21899861251655
C15 999.976 32.38551098775872
C15 1025.028 16.23433856682468
C15 1050.014 6.6331578223339696
C15 1075.002 0.9380986430944303
C15 1099.99 0.09307728555431698
C16 319.994 46.41461887709717
C16 324.969 47.69585737265335
C16 349.982 55.42439692725956
C16 374.975 70.04220357801753
C16 400.019 82.52448008259498
C16 424.965 84.74428224639534
C16 450.035 84.48773531140445
C16 475.003 84.64243490402738
C16 500.018 84.94855091299765
C16 525.002 85.48528518278216
C16 550.029 86.8206119028789
C16 575.023 88.52683039883816
C16 599.982 90.3557432585518
C16 619.997 91.50033963100091
C16 624.979 91.93730054622795
C16 650.012 93.31257640422373
C16 675.004 94.9226873764787
C16 700.03 95.91478824667172
C16 725.012 96.88624872895022
C16 750.022 98.20927693092362
C16 774.987 99.22795698807516
C16 799.976 99.7150303467817
C16 824.988 99.17039043342443
C16 850.022 98.2037054802741
C16 869.967 95.84565021759506
C16 875.002 94.74564075652525
C16 899.999 88.32717654644145
C16 919.999 80.01399819548382
C16 925.012 77.1679282438374
C16 949.965 63.61044977445447
C16 975.002 49.143519997089435
C16 999.976 32.28345701191886
C16 1025.028 16.259595682217668
C16 1050.014 6.700736055688781
C16 1075.002 0.9356253068099627
C16 1099.99 0.09283188340037946
C17 319.994 46.25480319277203
C17 324.969 47.516843908171154
C17 349.982 55.18755670301389
C17 374.975 69.90016219882085
C17 400.019 82.52773264650439
C17 424.965 84.79566510307242
C17 450.035 84.54865392015475
C17 475.003 84.68669273246996
C17 500.018 84.96676527089032
C17 525.002 85.48632600323317
C17 550.029 86.80135672453521
C17 575.023 88.50749103648741
C17 599.982 90.34323045386502
C17 619.997 91.49915340181043
C17 624.979 91.93853269396774
C17 650.012 93.3198009226484
C17 675.004 94.93840682652558
C17 700.03 95.93553577786795
C17 725.012 96.89674877055894
C17 750.022 98.19849372492749
C17 774.987 99.19810227793258
C17 799.976 99.69155066190157
C17 824.988 99.16112253955552
C17 850.022 98.21138918419184
C17 869.967 95.87943861679513
C17 875.002 94.77890874549982
C17 899.999 88.41051871343778
C17 919.999 80.05907490472242
C17 925.012 77.21117586419517
C17 949.965 63.68296664345114
C17 975.002 49.25417604783323
C17 999.976 32.44091937059191
C17 1025.028 16.329045574775055
C17 1050.014 6.744227140021547
C17 1075.002 0.9355227453070802
C17 1099.99 0.09282170734228479
