lsstCam/transmission_filter_detector/r12_s22/i_39/19700101T000000.ecsv
# %ECSV 1.0
# ---
# datatype:
# - {name: wavelength, unit: nm, datatype: float32}
# - {name: efficiency, unit: '%', datatype: float64}
# meta: !!omap
# - {MODE: DETECTOR}
# - {TYPE: transmission_filter_detector}
# - {CALIBDATE: '1970-01-01T00:00:00'}
# - {INSTRUME: LSSTCam}
# - {OBSTYPE: transmission_filter_detector}
# - {CALIBCLS: lsst.ip.isr.IntermediateFilterDetectorTransmissionCurve}
# - {SOURCE: Materion (DM-46256)}
# - {DETECTOR: 53}
# - {FILTER: i_39}
# - {CALIB_ID: 'calibDate=1970-01-01T00:00:00 filter=i_39 detector=53'}
# - {DATE: '2025-04-02T15:59:46.724575'}
# - {CALIB_CREATION_DATE: '2025-04-02'}
# - {CALIB_CREATION_TIME: '15:59:46'}
# - __serialized_columns__:
#     efficiency:
#       __class__: astropy.units.quantity.Quantity
#       unit: !astropy.units.Unit {unit: '%'}
#       value: !astropy.table.SerializedColumn {name: efficiency}
#     wavelength:
#       __class__: astropy.units.quantity.Quantity
#       unit: !astropy.units.Unit {unit: nm}
#       value: !astropy.table.SerializedColumn {name: wavelength}
# schema: astropy-2.0
wavelength efficiency
[from data line 599]
899.0 1.583430977482314e-10
900.0 1.583430977482314e-10
901.0 1.583430977482314e-10
902.0 1.583430977482314e-10
903.0 1.583430977482314e-10
904.0 1.583430977482314e-10
905.0 1.583430977482314e-10
906.0 1.583430977482314e-10
907.0 5.952602464276424e-05
908.0 0.00020699419565062271
909.0 1.583430977482314e-10
910.0 1.583430977482314e-10
911.0 1.583430977482314e-10
912.0 2.34504753393594e-05
913.0 4.995168296773045e-05
914.0 7.645290907021263e-05
915.0 1.583430977482314e-10
916.0 1.583430977482314e-10
917.0 1.583430977482314e-10
918.0 1.583430977482314e-10
919.0 1.583430977482314e-10
920.0 2.8358186909827054e-05
921.0 1.583430977482314e-10
922.0 1.583430977482314e-10
923.0 1.583430977482314e-10
924.0 1.583430977482314e-10
925.0 8.876552897163492e-05
926.0 0.0001963205022548209
927.0 1.583430977482314e-10
928.0 1.583430977482314e-10
929.0 1.583430977482314e-10
930.0 0.0002019876546910382
931.0 0.00017251918507099617
932.0 0.00014305070408227039
933.0 0.00011017785936928703
934.0 7.730502602498746e-05
935.0 1.583430977482314e-10
936.0 1.583430977482314e-10
937.0 1.583430977482314e-10
938.0 1.583430977482314e-10
939.0 1.583430977482314e-10
940.0 1.583430977482314e-10
941.0 1.583430977482314e-10
942.0 1.583430977482314e-10
943.0 1.583430977482314e-10
944.0 1.583430977482314e-10
945.0 1.583430977482314e-10
946.0 1.583430977482314e-10
947.0 1.583430977482314e-10
948.0 1.583430977482314e-10
949.0 1.583430977482314e-10
950.0 1.583430977482314e-10
951.0 1.583430977482314e-10
952.0 1.583430977482314e-10
953.0 1.583430977482314e-10
954.0 1.583430977482314e-10
955.0 1.583430977482314e-10
956.0 0.00010888383030760451
957.0 8.592017479713832e-05
958.0 6.295645675891137e-05
959.0 0.00010654188145053922
960.0 0.0001501273345638765
961.0 0.00017166223642561818
962.0 0.00019319713828735985
963.0 5.4356127066057525e-05
964.0 1.583430977482314e-10
965.0 1.583430977482314e-10
966.0 1.583430977482314e-10
967.0 1.583430977482314e-10
968.0 1.583430977482314e-10
969.0 1.583430977482314e-10
970.0 1.583430977482314e-10
971.0 1.583430977482314e-10
972.0 1.583430977482314e-10
973.0 1.583430977482314e-10
974.0 1.583430977482314e-10
975.0 1.583430977482314e-10
976.0 1.583430977482314e-10
977.0 1.583430977482314e-10
978.0 1.583430977482314e-10
979.0 1.583430977482314e-10
980.0 1.583430977482314e-10
981.0 1.583430977482314e-10
982.0 1.583430977482314e-10
983.0 1.583430977482314e-10
984.0 5.217363963083699e-06
985.0 8.040194643399445e-05
986.0 0.00015558651966784964
987.0 1.583430977482314e-10
988.0 1.583430977482314e-10
989.0 1.583430977482314e-10
990.0 1.583430977482314e-10
991.0 1.583430977482314e-10
992.0 1.583430977482314e-10
993.0 1.583430977482314e-10
994.0 3.868675833018642e-05
995.0 1.583430977482314e-10
996.0 1.583430977482314e-10
997.0 1.583430977482314e-10
998.0 0.00026496147711441154
999.0 0.0003676909727801103
1000.0 0.00047042044570844155
1001.0 0.0002583102741482435
1002.0 4.620004290245561e-05
1003.0 7.70315978115832e-05
1004.0 0.0001078632067219587
1005.0 3.55331650325752e-05
1006.0 1.583430977482314e-10
1007.0 5.6016887128862436e-05
1008.0 0.00014883069070492638
1009.0 0.00010814876532094786
1010.0 6.746678877789236e-05
1011.0 0.00011540297464307514
1012.0 0.00016333912071786472
1013.0 0.0003107290012849262
1014.0 0.00045811893869540654
1015.0 0.00035586724607128417
1016.0 0.000253615644396632
1017.0 0.00039578540054208133
1018.0 0.000537955338586471
1019.0 0.0004427343355928315
1020.0 0.0003475132643870893
1021.0 0.00022846634237794206
1022.0 0.00010941937489405973
1023.0 0.0005003728347219294
1024.0 0.0008913263627619017
1025.0 0.0007345317499130033
1026.0 0.0005777371370641049
1027.0 0.000477919047625619
1028.0 0.000378100912712398
1029.0 0.0008027835974644404
1030.0 0.0012274662367417477
1031.0 0.001824322680477053
1032.0 0.002421178942313418
1033.0 0.002544277776905801
1034.0 0.0026673757020034827
1035.0 0.003308807936264202
1036.0 0.003950239988625981
1037.0 0.0039808288420317695
1038.0 0.004011417331639677
1039.0 0.003478985672700219
1040.0 0.0029465545594575815
1041.0 0.0027179949029232375
1042.0 0.002489435428287834
1043.0 0.003209827991668135
1044.0 0.003930220191250555
1045.0 0.003412921432754956
1046.0 0.002895623583754059
1047.0 0.002717249844863545
1048.0 0.0025388761059730314
1049.0 0.0022002483092364855
1050.0 0.0018616203306009993
1051.0 0.001931564838741906
1052.0 0.0020015097106806934
1053.0 0.0012889532627013978
1054.0 0.000576396723772632
1055.0 0.0005031006367062218
1056.0 0.0004298044132156065
1057.0 0.0006603858764719917
1058.0 0.0008909675671020523
1059.0 0.0008507267011736985
1060.0 0.0008104861990432255
1061.0 0.0016301935829687864
1062.0 0.002449900784995407
1063.0 0.0026811627321876585
1064.0 0.0029124246793799102
1065.0 0.003337798625580035
1066.0 0.00376317257178016
1067.0 0.00457779060525354
1068.0 0.00539240863872692
1069.0 0.004286030161892995
1070.0 0.0031796520488569513
1071.0 0.003223336534574628
1072.0 0.0032670210202923045
1073.0 0.003406731048016809
1074.0 0.0035464410757413134
1075.0 0.0035767101508099586
1076.0 0.0036069792258786038
1077.0 0.0027020008928957395
1078.0 0.0017970220142160542
1079.0 0.0020039238734170794
1080.0 0.0022108255507191643
1081.0 0.0014739185644430108
1082.0 0.0007370114417426521
1083.0 0.00024379783098993357
1084.0 1.583430977482314e-10
1085.0 0.0007422990165650845
1086.0 0.00173401440406451
1087.0 0.0013698235306947026
1088.0 0.001005632566375425
1089.0 1.583430977482314e-10
1090.0 1.583430977482314e-10
1091.0 1.583430977482314e-10
1092.0 1.583430977482314e-10
1093.0 1.583430977482314e-10
1094.0 0.0008585205250710715
1095.0 0.0006740267963323276
1096.0 0.0004895332494925242
1097.0 1.583430977482314e-10
1098.0 1.583430977482314e-10
1099.0 1.583430977482314e-10
1100.0 1.583430977482314e-10
