lsstCam/transmission_filter_detector/r12_s22/i_39/19700101T000000.ecsv
# %ECSV 1.0
# ---
# datatype:
# - {name: wavelength, unit: nm, datatype: float32}
# - {name: efficiency, unit: '%', datatype: float64}
# meta: !!omap
# - {MODE: DETECTOR}
# - {TYPE: transmission_filter_detector}
# - {CALIBDATE: '1970-01-01T00:00:00'}
# - {INSTRUME: LSSTCam}
# - {OBSTYPE: transmission_filter_detector}
# - {CALIBCLS: lsst.ip.isr.IntermediateFilterDetectorTransmissionCurve}
# - {SOURCE: Materion (DM-46256)}
# - {DETECTOR: 53}
# - {FILTER: i_39}
# - {CALIB_ID: 'calibDate=1970-01-01T00:00:00 filter=i_39 detector=53'}
# - {DATE: '2025-04-02T15:59:46.724575'}
# - {CALIB_CREATION_DATE: '2025-04-02'}
# - {CALIB_CREATION_TIME: '15:59:46'}
# - __serialized_columns__:
#     efficiency:
#       __class__: astropy.units.quantity.Quantity
#       unit: !astropy.units.Unit {unit: '%'}
#       value: !astropy.table.SerializedColumn {name: efficiency}
#     wavelength:
#       __class__: astropy.units.quantity.Quantity
#       unit: !astropy.units.Unit {unit: nm}
#       value: !astropy.table.SerializedColumn {name: wavelength}
# schema: astropy-2.0
wavelength efficiency
300.0 0.07609374588355422
301.0 0.03572705900296569
302.0 1.583430977482314e-10
303.0 0.016933302686084062
304.0 0.038506201235577464
305.0 0.03048592188861221
306.0 0.02246564399683848
307.0 0.005686096483259462
308.0 1.583430977482314e-10
309.0 1.583430977482314e-10
310.0 1.583430977482314e-10
311.0 1.583430977482314e-10
312.0 0.012823261204175651
313.0 0.002771872459561564
314.0 1.583430977482314e-10
315.0 1.583430977482314e-10
316.0 1.583430977482314e-10
317.0 1.583430977482314e-10
318.0 1.583430977482314e-10
319.0 1.583430977482314e-10
320.0 1.583430977482314e-10
321.0 1.583430977482314e-10
322.0 0.0016367959688068368
323.0 1.583430977482314e-10
324.0 1.583430977482314e-10
325.0 1.583430977482314e-10
326.0 1.583430977482314e-10
327.0 0.0001076499529517605
328.0 0.0032789743272587657
329.0 0.0028633772672037594
330.0 0.002447780570946634
331.0 0.0024810879040160216
332.0 0.0025143957827822305
333.0 0.0022381427697837353
334.0 0.0019618895748862997
335.0 0.0013923553524364252
336.0 0.0008228217666328419
337.0 0.0022144997274153866
338.0 0.0036061777791474015
339.0 0.003414387538214214
340.0 0.0032225976610789075
341.0 1.583430977482314e-10
342.0 1.583430977482314e-10
343.0 1.583430977482314e-10
344.0 1.583430977482314e-10
345.0 1.583430977482314e-10
346.0 1.583430977482314e-10
347.0 1.583430977482314e-10
348.0 1.583430977482314e-10
349.0 1.583430977482314e-10
350.0 1.583430977482314e-10
351.0 1.583430977482314e-10
352.0 1.583430977482314e-10
353.0 1.583430977482314e-10
354.0 1.583430977482314e-10
355.0 1.583430977482314e-10
356.0 1.583430977482314e-10
357.0 0.00036048788842890644
358.0 0.0009281673555960879
359.0 0.0012989625247428194
360.0 0.0016697573300916702
361.0 0.00119429741971544
362.0 0.0007188376002886798
363.0 0.0004049324161314871
364.0 9.102741387323476e-05
365.0 0.0008022794645512477
366.0 0.0015135320609260816
367.0 0.0011118077964056283
368.0 0.000710083531885175
369.0 0.000948607521422673
370.0 0.0011871316019096412
371.0 0.0013058485819783527
372.0 0.0014245656529965345
373.0 0.0010132695933862124
374.0 0.0006019734883011552
375.0 1.583430977482314e-10
376.0 1.583430977482314e-10
377.0 1.583430977482314e-10
378.0 0.00037595186768157873
379.0 9.139468488683633e-05
380.0 1.583430977482314e-10
381.0 1.583430977482314e-10
382.0 1.583430977482314e-10
383.0 1.583430977482314e-10
384.0 0.001363916089758277
385.0 0.0011129004633403383
386.0 0.0008618846550234593
387.0 1.583430977482314e-10
388.0 1.583430977482314e-10
389.0 1.583430977482314e-10
390.0 1.583430977482314e-10
391.0 1.583430977482314e-10
392.0 1.583430977482314e-10
393.0 1.583430977482314e-10
394.0 0.0008556922693969682
395.0 1.583430977482314e-10
396.0 1.583430977482314e-10
397.0 1.583430977482314e-10
398.0 1.583430977482314e-10
399.0 1.583430977482314e-10
400.0 1.583430977482314e-10
401.0 0.0012912840247736312
402.0 0.0031872885301709175
403.0 0.0028209839001647197
404.0 0.0024546796339564025
405.0 0.00391862377000507
406.0 0.0053825682698516175
407.0 0.0020048710211995058
408.0 1.583430977482314e-10
409.0 1.583430977482314e-10
410.0 0.00130086091303383
411.0 0.002687892447283957
412.0 0.004074924800079316
413.0 0.0038162652344908565
414.0 0.00355760712409392
415.0 0.0032101033866638318
416.0 0.0028626001949305646
417.0 0.002015188329096418
418.0 0.0011677762813633308
419.0 0.0032400228519691154
420.0 0.005312268694979139
421.0 0.004333548349677585
422.0 0.00335482727678027
423.0 0.004050551069667563
424.0 0.004746274862554856
425.0 0.0037345042073866352
426.0 0.0027227324608247727
427.0 0.003723896952578798
428.0 0.004725061808130704
429.0 0.005061731280875392
430.0 0.005398401481215842
431.0 0.004288753552827984
432.0 0.003179105988238007
433.0 0.00355352894985117
434.0 0.003927952275262214
435.0 0.002964330997201614
436.0 0.002000709719141014
437.0 0.0016251056877081282
438.0 0.0012495017472247127
439.0 0.0017002983440761454
440.0 0.0021510950318770483
441.0 0.00046310556172102224
442.0 1.583430977482314e-10
443.0 1.583430977482314e-10
444.0 1.583430977482314e-10
445.0 1.583430977482314e-10
446.0 1.583430977482314e-10
447.0 0.00018041035900751012
448.0 0.0007918847586552147
449.0 1.583430977482314e-10
450.0 1.583430977482314e-10
451.0 0.00014151390814731712
452.0 0.0011081641787313856
453.0 0.0014957623534428421
454.0 0.0018833608919521794
455.0 0.0017881176972878166
456.0 0.001692874684522394
457.0 0.0012003253686998505
458.0 0.0007077759164531017
459.0 0.00034784206945914775
460.0 1.583430977482314e-10
461.0 0.0004135158633289393
462.0 0.0008391235496674199
463.0 0.00025173085305141285
464.0 1.583430977482314e-10
465.0 0.00018264892105435138
466.0 0.0007009597538853996
467.0 0.0008300285117002204
468.0 0.0009590972695150413
469.0 0.0006484589448518818
470.0 0.00033782075661292765
471.0 0.00038964149098319467
472.0 0.00044146236177766696
473.0 0.0008682740372023545
474.0 0.0012950858945259824
475.0 0.0007065543286444154
476.0 0.00011802302424257505
477.0 0.0007877007192291785
478.0 0.0014573784028470982
479.0 0.0013326322914508637
480.0 0.0012078862710040994
481.0 0.0025021772671607323
482.0 0.003796466626226902
483.0 0.005350572610041127
484.0 0.00690467786625959
485.0 0.008525799785275012
486.0 0.010146921704290435
487.0 0.012272191816009581
488.0 0.014397462655324489
489.0 0.017490544996690005
490.0 0.02058362733805552
491.0 0.022646664001513273
492.0 0.024709702120162547
493.0 0.025654956698417664
494.0 0.026600217097438872
495.0 0.02315303572686389
496.0 0.01970584853552282
497.0 0.015961802273523062
498.0 0.012217754556331784
499.0 0.00873710450832732
500.0 0.005256454824120738
501.0 0.003941117029171437
502.0 0.002625779052323196
503.0 0.002404289807600435
504.0 0.002182800199079793
505.0 0.0019923969375668094
506.0 0.0018019936760538258
507.0 0.001693661033641547
508.0 0.001585327845532447
509.0 0.0017842983652371913
510.0 0.001983269066840876
511.0 0.0016247426174231805
512.0 0.001266216077056015
513.0 0.0016530788343516178
514.0 0.002039941682596691
515.0 0.0026647510821931064
516.0 0.0032895608455874026
517.0 0.002585852416814305
518.0 0.0018821441699401475
519.0 0.002045707697106991
520.0 0.0022092714061727747
521.0 0.0016489359040861018
522.0 0.0010886006748478394
523.0 0.0012299216905375943
524.0 0.0013712429790757596
525.0 0.0020090748876100406
526.0 0.0026469067961443216
527.0 0.002644327287271153
528.0 0.002641747960296925
529.0 0.0019247710952186026
530.0 0.0012077939572918694
531.0 0.001167377286037663
532.0 0.0011269607057329267
533.0 0.0013519448657461908
534.0 0.0015769290257594548
535.0 0.0017369013221468776
536.0 0.0018968736185343005
537.0 0.002669014429557137
538.0 0.0034411550586810336
539.0 0.0040899998566601425
540.0 0.0047388446546392515
541.0 0.00540379696758464
542.0 0.006068749644327909
543.0 0.005055218935012817
544.0 0.004041688225697726
545.0 0.003223858220735565
546.0 0.0024060287614702247
547.0 0.0019406390492804348
548.0 0.0014752496099390555
549.0 0.0017971076886169612
550.0 0.0021189660401432775
551.0 0.001810172398108989
552.0 0.0015013787560747005
553.0 0.0014468754670815542
554.0 0.0013923723599873483
555.0 0.001067628363671247
556.0 0.0007428844128298806
557.0 0.000702321995049715
558.0 0.0006617596682190197
559.0 0.00025290617031714646
560.0 1.583430977482314e-10
561.0 0.0005497413894772762
562.0 0.0012554301065392792
563.0 0.0015220985005726106
564.0 0.001788766894605942
565.0 0.0014135455785435624
566.0 0.0010383244443801232
567.0 0.000715657643013401
568.0 0.000392990978070884
569.0 0.0005312889243214158
570.0 0.0006695866886730073
571.0 0.0004397666998556815
572.0 0.00020994671103835572
573.0 0.00036895089579047635
574.0 0.0005279551714920672
575.0 0.0004347352842160035
576.0 0.00034151530599046964
577.0 0.0004363581865618471
578.0 0.0005312010216584895
579.0 0.0002950630459963577
580.0 5.8925053281200235e-05
581.0 0.0001645428710617125
582.0 0.00027016069452656666
583.0 0.00038989023778412957
584.0 0.0005096196218801197
585.0 0.0006316722647170536
586.0 0.0007537249530287227
587.0 0.0008141366379277315
588.0 0.0008745482773520052
589.0 0.0006921369731571758
590.0 0.0005097257144370815
591.0 0.0006796709385525901
592.0 0.0008496163900417741
593.0 0.0005694725587090943
594.0 0.00028932872737641446
595.0 0.000616499210082111
596.0 0.0009436696018383373
597.0 0.0007346566235355567
598.0 0.0005256436907075113
599.0 0.0005299349140841514
600.0 0.0005342260010365862
601.0 0.0004632154286809964
602.0 0.0003922048108506715
603.0 0.0002773590040305862
604.0 0.00016251310626103077
605.0 0.00024306291379616596
606.0 0.00032361272133130115
607.0 0.0004718776835943572
608.0 0.0006201424639584729
609.0 0.0005808657533634687
610.0 0.0005415887699200539
611.0 0.0007085911420290358
612.0 0.0008755935596127529
613.0 0.000514081284563872
614.0 0.00015256906635841005
615.0 1.583430977482314e-10
616.0 1.583430977482314e-10
617.0 1.583430977482314e-10
618.0 0.00012604988341990975
619.0 0.00023741690711176489
620.0 0.00034878401038440643
621.0 0.0005381191385822603
622.0 0.0007274542895174818
623.0 0.0005887341103516519
624.0 0.000450013931185822
625.0 0.0003730111302502337
626.0 0.0002960083293146454
627.0 0.00026392242489237105
628.0 0.00023183652047009673
629.0 0.0004305280981498072
630.0 0.0006292197667789878
631.0 0.0005179622348805424
632.0 0.00040670470298209693
633.0 0.0003803669414992328
634.0 0.00035402913454163354
635.0 0.0003241869990233681
636.0 0.0002943447725556325
637.0 0.0002902360165535356
638.0 0.0002861270786524983
639.0 0.0005957053417660063
640.0 0.000905283468455309
641.0 0.0006618708084715763
642.0 0.0004184581484878436
643.0 0.0006422772003134014
644.0 0.0008660962521389592
645.0 0.0007270274636539398
646.0 0.0005879587206436554
647.0 0.0007670039849472232
648.0 0.000946049749472877
649.0 0.0008462408004561439
650.0 0.0007464319878636161
651.0 0.0009461972695135046
652.0 0.0011459627785370685
653.0 0.001280478318221867
654.0 0.0014149936760077253
655.0 0.002038567981799133
656.0 0.002662142287590541
657.0 0.0035888904676539823
658.0 0.004515637556323782
659.0 0.0073079274443443865
660.0 0.05760570056736469
661.0 0.10233864886686206
662.0 0.13631971087306738
663.0 0.12345581781119108
664.0 0.11317523894831538
665.0 0.2093002898618579
666.0 0.19182988908141851
667.0 0.16814442351460457
668.0 0.2497875364497304
669.0 0.36749078426510096
670.0 0.5772143602371216
671.0 0.7966924458742142
672.0 1.3635714538395405
673.0 1.9698724150657654
674.0 2.8121281415224075
675.0 3.866080194711685
676.0 5.014022812247276
677.0 6.462454050779343
678.0 7.8865379095077515
679.0 9.520933032035828
680.0 11.671429872512817
681.0 13.984189927577972
682.0 16.616077721118927
683.0 19.429703056812286
684.0 22.462569177150726
685.0 25.377720594406128
686.0 28.39026153087616
687.0 31.699740886688232
688.0 35.203853249549866
689.0 38.92863988876343
690.0 43.158745765686035
691.0 47.79629409313202
692.0 53.33659648895264
693.0 58.98118615150452
694.0 65.2248203754425
695.0 71.05435132980347
696.0 77.27336287498474
697.0 82.49545097351074
698.0 87.72514462471008
699.0 91.43432974815369
700.0 93.97099018096924
701.0 95.71230411529541
702.0 96.8960165977478
703.0 97.30082750320435
704.0 97.46138453483582
705.0 97.78555631637573
706.0 97.7398157119751
707.0 97.77098894119263
708.0 97.7876365184784
709.0 97.95781970024109
710.0 97.75298833847046
711.0 97.9002594947815
712.0 97.85889983177185
713.0 97.9637086391449
714.0 98.04262518882751
715.0 98.15862774848938
716.0 98.05532693862915
717.0 98.11972379684448
718.0 98.16733002662659
719.0 98.04534912109375
720.0 98.19087386131287
721.0 98.0338454246521
722.0 97.6477324962616
723.0 97.43618369102478
724.0 97.18829989433289
725.0 97.00831174850464
726.0 96.73239588737488
727.0 96.5988039970398
728.0 96.48650288581848
729.0 96.32890820503235
730.0 96.45936489105225
731.0 96.47968411445618
732.0 96.62848711013794
733.0 97.01827764511108
734.0 97.31674194335938
735.0 97.51666188240051
736.0 97.88689017295837
737.0 98.16522598266602
738.0 98.39301109313965
739.0 98.66035580635071
740.0 98.72532486915588
741.0 98.5729992389679
742.0 98.88407588005066
743.0 98.77507090568542
744.0 98.44757318496704
745.0 98.52173924446106
746.0 98.52831959724426
747.0 98.68478775024414
748.0 98.55436682701111
749.0 98.48561882972717
750.0 98.4180748462677
751.0 98.35609793663025
752.0 98.3508825302124
753.0 98.48515391349792
754.0 98.4207034111023
755.0 98.5997200012207
756.0 98.64978194236755
757.0 98.6398994922638
758.0 98.70548844337463
759.0 98.8565981388092
760.0 98.67145419120789
761.0 98.55468273162842
762.0 98.68568181991577
763.0 98.63051772117615
764.0 98.42728972434998
765.0 98.4396755695343
766.0 98.43237400054932
767.0 98.19761514663696
768.0 98.27948808670044
769.0 98.14426302909851
770.0 97.91958928108215
771.0 98.0170488357544
772.0 97.9540467262268
773.0 97.76896238327026
774.0 97.73979783058167
775.0 97.7915108203888
776.0 97.8109061717987
777.0 97.84420728683472
778.0 97.91678786277771
779.0 98.03763031959534
780.0 98.05583357810974
781.0 98.3957052230835
782.0 98.31163883209229
783.0 98.5150933265686
784.0 98.46081137657166
785.0 98.54143261909485
786.0 98.66177439689636
787.0 98.34144115447998
788.0 98.53772521018982
789.0 98.54625463485718
790.0 98.39603900909424
791.0 98.4578013420105
792.0 98.30927848815918
793.0 98.23039770126343
794.0 98.14891815185547
795.0 97.95638918876648
796.0 97.90081977844238
797.0 97.85715341567993
798.0 97.77964949607849
799.0 97.64201045036316
800.0 97.52016067504883
801.0 97.37501740455627
802.0 97.18082547187805
803.0 96.71972990036011
804.0 96.06075882911682
805.0 95.1064944267273
806.0 94.10707950592041
807.0 92.51737594604492
808.0 90.80138802528381
809.0 88.67797255516052
810.0 86.19608283042908
811.0 83.35839509963989
812.0 79.89665269851685
813.0 76.13514065742493
814.0 71.91510200500488
815.0 67.39543676376343
816.0 63.10187578201294
817.0 58.33507180213928
818.0 53.50919961929321
819.0 49.388742446899414
820.0 44.650670886039734
821.0 40.203991532325745
822.0 35.82870364189148
823.0 31.143352389335632
824.0 26.609164476394653
825.0 22.384245693683624
826.0 17.974713444709778
827.0 13.577599823474884
828.0 9.867352992296219
829.0 6.812413781881332
830.0 4.12752665579319
831.0 2.5623224675655365
832.0 1.4780202880501747
833.0 0.9251846931874752
834.0 0.46263188123703003
835.0 0.27928040362894535
836.0 0.1595932524651289
837.0 0.14317822642624378
838.0 0.04592208133544773
839.0 0.010229738109046593
840.0 0.048901495756581426
841.0 1.583430977482314e-10
842.0 0.010453735740156844
843.0 1.583430977482314e-10
844.0 1.583430977482314e-10
845.0 1.583430977482314e-10
846.0 1.583430977482314e-10
847.0 1.583430977482314e-10
848.0 1.583430977482314e-10
849.0 1.583430977482314e-10
850.0 1.583430977482314e-10
851.0 1.583430977482314e-10
852.0 0.000516266118211206
853.0 0.0010217694580205716
854.0 0.0015272729797288775
855.0 0.0011608292879827786
856.0 0.0007943855962366797
857.0 0.0009498240615357645
858.0 0.0011052622539864387
859.0 0.0006538426987390267
860.0 0.0002024231434916146
861.0 0.0002663450914042187
862.0 0.00033026692562998505
863.0 0.00014543782071996247
864.0 1.583430977482314e-10
865.0 1.583430977482314e-10
866.0 9.748255536123906e-06
867.0 4.9411335112381494e-05
868.0 8.907434221328003e-05
869.0 1.583430977482314e-10
870.0 1.583430977482314e-10
871.0 3.8304662552945956e-05
872.0 0.00026657262424123473
873.0 0.00023394527488562744
874.0 0.0002013179027926526
875.0 0.00022022347820893629
876.0 0.0002391290763625875
877.0 1.583430977482314e-10
878.0 1.583430977482314e-10
879.0 1.583430977482314e-10
880.0 0.00039016781556711067
881.0 0.00016317394511133898
882.0 1.583430977482314e-10
883.0 0.00011906923873539199
884.0 0.00030195842555258423
885.0 0.0001788802478586149
886.0 5.5802087217671215e-05
887.0 0.00011939239357161568
888.0 0.00018298273971595336
889.0 4.749394122427475e-05
890.0 1.583430977482314e-10
891.0 1.583430977482314e-10
892.0 8.428373803326394e-05
893.0 0.00019725205220311182
894.0 0.00031022034363559214
895.0 1.583430977482314e-10
896.0 1.583430977482314e-10
897.0 1.583430977482314e-10
