ts8/qe_curve/rtm-022_s12/19700101T000000.ecsv
# %ECSV 0.9
# ---
# datatype:
# - {name: amp_name, datatype: string}
# - {name: wavelength, unit: nm, datatype: float32}
# - {name: efficiency, unit: '%', datatype: float32}
# meta: !!omap
# - {MODE: AMP}
# - {TYPE: QE}
# - {CALIBDATE: '1970-01-01T00:00:00'}
# - {INSTRUME: TS8}
# - {OBSTYPE: qe_curve}
# - {DETECTOR: 167}
# - {PICKLEFILE: RaftRun11671.p}
# - {CALIB_ID: 'raftName=RTM-022 detectorName=S12 detector=167 calibDate=1970-01-01T00:00:00 ccd=167 ccdnum=167 filter=None'}
# - {DATE: '2020-01-23T15:40:02.827900'}
# - {CALIB_CREATION_DATE: '2020-01-23'}
# - {CALIB_CREATION_TIME: '15:40:02'}
# - __serialized_columns__:
#     efficiency:
#       __class__: astropy.units.quantity.Quantity
#       unit: !astropy.units.Unit {unit: '%'}
#       value: !astropy.table.SerializedColumn {name: efficiency}
#     wavelength:
#       __class__: astropy.units.quantity.Quantity
#       unit: !astropy.units.Unit {unit: nm}
#       value: !astropy.table.SerializedColumn {name: wavelength}
# schema: astropy-2.0
amp_name wavelength efficiency
C12 319.994 49.91863
C12 324.969 52.22144
C12 349.982 63.70874
C12 374.975 78.013214
C12 400.019 86.63345
C12 424.965 86.61017
C12 450.035 86.177124
C12 475.003 85.09209
C12 500.018 85.46401
C12 525.002 86.52848
C12 550.029 87.87712
C12 575.023 90.48618
C12 599.982 92.12441
C12 619.997 93.552605
C12 624.979 93.69706
C12 650.012 94.842415
C12 675.004 95.96966
C12 700.03 96.79018
C12 725.012 97.56637
C12 750.022 98.852684
C12 774.987 99.674164
C12 799.976 99.69707
C12 824.988 99.11144
C12 850.022 97.08655
C12 869.967 94.8231
C12 875.002 93.66765
C12 899.999 87.04308
C12 919.999 79.23622
C12 925.012 77.01919
C12 949.965 64.40347
C12 975.002 48.347187
C12 999.976 29.572084
C12 1025.028 14.026928
C12 1050.014 5.607944
C12 1075.002 3.2247055
C12 1099.99 2.2003293
C04 319.994 50.33272
C04 324.969 52.665443
C04 349.982 64.226074
C04 374.975 78.41957
C04 400.019 86.94026
C04 424.965 86.954834
C04 450.035 86.6321
C04 475.003 85.65976
C04 500.018 86.08187
C04 525.002 87.15234
C04 550.029 88.47855
C04 575.023 91.022285
C04 599.982 92.57922
C04 619.997 93.957466
C04 624.979 94.09088
C04 650.012 95.206696
C04 675.004 96.28024
C04 700.03 97.07257
C04 725.012 97.796776
C04 750.022 99.0444
C04 774.987 99.83068
C04 799.976 99.84781
C04 824.988 99.20538
C04 850.022 97.24001
C04 869.967 95.0941
C04 875.002 93.97281
C04 899.999 87.3675
C04 919.999 79.299614
C04 925.012 76.97055
C04 949.965 63.95678
C04 975.002 47.918766
C04 999.976 29.685051
C04 1025.028 14.314074
C04 1050.014 5.711521
C04 1075.002 3.2667146
C04 1099.99 2.2163665
C14 319.994 50.657448
C14 324.969 53.038208
C14 349.982 64.62802
C14 374.975 78.36724
C14 400.019 86.57006
C14 424.965 86.47057
C14 450.035 86.11238
C14 475.003 85.1246
C14 500.018 85.57197
C14 525.002 86.695885
C14 550.029 88.07035
C14 575.023 90.69087
C14 599.982 92.33218
C14 619.997 93.75853
C14 624.979 93.89917
C14 650.012 95.03217
C14 675.004 96.14098
C14 700.03 96.89801
C14 725.012 97.59134
C14 750.022 98.75136
C14 774.987 99.45623
C14 799.976 99.417366
C14 824.988 98.81052
C14 850.022 96.77489
C14 869.967 94.51143
C14 875.002 93.36311
C14 899.999 86.80682
C14 919.999 79.0501
C14 925.012 76.82577
C14 949.965 64.01747
C14 975.002 48.048256
C14 999.976 29.44918
C14 1025.028 13.962909
C14 1050.014 5.5655017
C14 1075.002 3.2382026
C14 1099.99 2.2197902
C01 319.994 51.55554
C01 324.969 54.002735
C01 349.982 65.67457
C01 374.975 78.87853
C01 400.019 86.76085
C01 424.965 86.64613
C01 450.035 86.413605
C01 475.003 85.59497
C01 500.018 86.16661
C01 525.002 87.36227
C01 550.029 88.78522
C01 575.023 91.38855
C01 599.982 92.96374
C01 619.997 94.33719
C01 624.979 94.46637
C01 650.012 95.55707
C01 675.004 96.59233
C01 700.03 97.29092
C01 725.012 97.850914
C01 750.022 98.87904
C01 774.987 99.45285
C01 799.976 99.371376
C01 824.988 98.74905
C01 850.022 96.77492
C01 869.967 94.6943
C01 875.002 93.60567
C01 899.999 87.23954
C01 919.999 79.41285
C01 925.012 77.122215
C01 949.965 64.05295
C01 975.002 47.97407
C01 999.976 29.769987
C01 1025.028 14.426989
C01 1050.014 5.8320017
C01 1075.002 3.3039644
C01 1099.99 2.2462678
C06 319.994 49.5539
C06 324.969 51.808853
C06 349.982 63.24408
C06 374.975 77.95904
C06 400.019 86.8706
C06 424.965 86.98451
C06 450.035 86.62484
C06 475.003 85.57331
C06 500.018 85.91098
C06 525.002 86.910545
C06 550.029 88.18369
C06 575.023 90.68315
C06 599.982 92.20881
C06 619.997 93.57418
C06 624.979 93.70573
C06 650.012 94.82196
C06 675.004 95.913956
C06 700.03 96.73796
C06 725.012 97.513695
C06 750.022 98.82396
C06 774.987 99.66118
C06 799.976 99.719475
C06 824.988 99.111084
C06 850.022 97.145355
C06 869.967 95.03419
C06 875.002 93.91253
C06 899.999 87.19552
C06 919.999 79.02914
C06 925.012 76.70064
C06 949.965 63.997826
C06 975.002 48.11546
C06 999.976 29.87433
C06 1025.028 14.295589
C06 1050.014 5.7648993
C06 1075.002 3.249461
C06 1099.99 2.2035444
C03 319.994 50.662052
C03 324.969 53.029644
C03 349.982 64.62441
C03 374.975 78.48915
C03 400.019 86.77964
C03 424.965 86.74958
C03 450.035 86.4565
C03 475.003 85.529045
C03 500.018 85.99065
C03 525.002 87.096016
C03 550.029 88.442795
C03 575.023 90.9999
C03 599.982 92.562065
C03 619.997 93.94125
C03 624.979 94.07286
C03 650.012 95.18342
C03 675.004 96.24089
C03 700.03 97.00145
C03 725.012 97.67323
C03 750.022 98.84774
C03 774.987 99.56543
C03 799.976 99.545586
C03 824.988 98.899864
C03 850.022 96.93742
C03 869.967 94.81714
C03 875.002 93.7076
C03 899.999 87.1764
C03 919.999 79.187706
C03 925.012 76.86868
C03 949.965 63.78755
C03 975.002 47.74486
C03 999.976 29.606041
C03 1025.028 14.318038
C03 1050.014 5.7281775
C03 1075.002 3.278801
C03 1099.99 2.2239335
C00 319.994 52.11561
C00 324.969 54.603226
C00 349.982 66.34108
C00 374.975 79.3424
C00 400.019 87.15455
C00 424.965 87.04795
C00 450.035 86.8743
C00 475.003 86.14577
C00 500.018 86.79647
C00 525.002 88.06563
C00 550.029 89.552505
C00 575.023 92.17436
C00 599.982 93.73281
C00 619.997 95.09797
C00 624.979 95.22404
C00 650.012 96.30007
C00 675.004 97.32036
C00 700.03 98.00638
C00 725.012 98.51372
C00 750.022 99.48886
C00 774.987 100.008064
C00 799.976 99.90008
C00 824.988 99.27733
C00 850.022 97.291115
C00 869.967 95.170654
C00 875.002 94.08912
C00 899.999 87.71701
C00 919.999 79.83877
C00 925.012 77.526505
C00 949.965 64.38449
C00 975.002 48.474277
C00 999.976 30.00446
C00 1025.028 14.438574
C00 1050.014 5.774403
C00 1075.002 3.2496073
C00 1099.99 2.2373075
C13 319.994 50.36488
C13 324.969 52.711517
C13 349.982 64.27444
C13 374.975 78.32331
C13 400.019 86.7446
C13 424.965 86.67508
C13 450.035 86.278465
C13 475.003 85.233826
C13 500.018 85.6422
C13 525.002 86.73426
C13 550.029 88.10177
C13 575.023 90.72752
C13 599.982 92.37109
C13 619.997 93.80374
C13 624.979 93.94832
C13 650.012 95.09035
C13 675.004 96.213356
C13 700.03 97.00599
C13 725.012 97.746
C13 750.022 98.98172
C13 774.987 99.755844
C13 799.976 99.75168
C13 824.988 99.150215
C13 850.022 97.10964
C13 869.967 94.83558
C13 875.002 93.677605
C13 899.999 87.03987
C13 919.999 79.21175
C13 925.012 76.98509
C13 949.965 64.271416
C13 975.002 48.2826
C13 999.976 29.540668
C13 1025.028 14.001703
C13 1050.014 5.5712733
C13 1075.002 3.2245574
C13 1099.99 2.2129328
C17 319.994 52.521976
C17 324.969 55.043484
C17 349.982 66.897804
C17 374.975 79.873055
C17 400.019 87.62502
C17 424.965 87.44957
C17 450.035 87.27061
C17 475.003 86.4976
C17 500.018 87.11603
C17 525.002 88.395615
C17 550.029 89.87804
C17 575.023 92.542435
C17 599.982 94.15803
C17 619.997 95.55538
C17 624.979 95.688614
C17 650.012 96.77129
C17 675.004 97.83561
C17 700.03 98.52118
C17 725.012 99.04195
C17 750.022 100.0172
C17 774.987 100.524475
C17 799.976 100.38038
C17 824.988 99.77983
C17 850.022 97.71789
C17 869.967 95.43058
C17 875.002 94.28524
C17 899.999 87.78347
C17 919.999 80.018425
C17 925.012 77.770515
C17 949.965 64.68564
C17 975.002 48.676006
C17 999.976 30.007446
C17 1025.028 14.143294
C17 1050.014 5.636791
C17 1075.002 3.254467
C17 1099.99 2.2373562
C11 319.994 49.593372
C11 324.969 51.86355
C11 349.982 63.295982
C11 374.975 77.858894
C11 400.019 86.686356
C11 424.965 86.704956
C11 450.035 86.24686
C11 475.003 85.107185
C11 500.018 85.42799
C11 525.002 86.46821
C11 550.029 87.81211
C11 575.023 90.42518
C11 599.982 92.06097
C11 619.997 93.49395
C11 624.979 93.63941
C11 650.012 94.79028
C11 675.004 95.94893
C11 700.03 96.7709
C11 725.012 97.57512
C11 750.022 98.859406
C11 774.987 99.687164
C11 799.976 99.72443
C11 824.988 99.153404
C11 850.022 97.13157
C11 869.967 94.89842
C11 875.002 93.75689
C11 899.999 87.22882
C11 919.999 79.475204
C11 925.012 77.267334
C11 949.965 64.58042
C11 975.002 48.311775
C11 999.976 29.595716
C11 1025.028 14.059779
C11 1050.014 5.666528
C11 1075.002 3.2277877
C11 1099.99 2.1863596
C10 319.994 49.03172
C10 324.969 51.25682
C10 349.982 62.56162
C10 374.975 77.314835
C10 400.019 86.41845
C10 424.965 86.56397
C10 450.035 86.09697
C10 475.003 84.93554
C10 500.018 85.250015
C10 525.002 86.269196
C10 550.029 87.62916
C10 575.023 90.20777
C10 599.982 91.797035
C10 619.997 93.20115
C10 624.979 93.34335
C10 650.012 94.49354
C10 675.004 95.60561
C10 700.03 96.438354
C10 725.012 97.19145
C10 750.022 98.44831
C10 774.987 99.23356
C10 799.976 99.28773
C10 824.988 98.715126
C10 850.022 96.69636
C10 869.967 94.52532
C10 875.002 93.426094
C10 899.999 87.14906
C10 919.999 79.478745
C10 925.012 77.27399
C10 949.965 64.38835
C10 975.002 47.964893
C10 999.976 29.533691
C10 1025.028 14.026125
C10 1050.014 5.7372246
C10 1075.002 3.2026603
C10 1099.99 2.1656291
C07 319.994 49.270256
C07 324.969 51.48949
C07 349.982 62.88208
C07 374.975 77.89455
C07 400.019 87.065704
C07 424.965 87.25884
C07 450.035 86.90403
C07 475.003 85.84395
C07 500.018 86.15392
C07 525.002 87.12829
C07 550.029 88.37612
C07 575.023 90.827126
C07 599.982 92.30181
C07 619.997 93.63581
C07 624.979 93.76311
C07 650.012 94.863625
C07 675.004 95.957596
C07 700.03 96.77339
C07 725.012 97.52818
C07 750.022 98.786354
C07 774.987 99.580025
C07 799.976 99.62893
C07 824.988 99.044624
C07 850.022 97.07174
C07 869.967 94.96472
C07 875.002 93.84226
C07 899.999 87.18644
C07 919.999 79.04862
C07 925.012 76.708046
C07 949.965 63.972824
C07 975.002 48.046673
C07 999.976 29.853544
C07 1025.028 14.216077
C07 1050.014 5.793068
C07 1075.002 3.2164962
C07 1099.99 2.1819212
C15 319.994 51.25136
C15 324.969 53.679943
C15 349.982 65.375786
C15 374.975 78.85228
C15 400.019 86.86297
C15 424.965 86.71866
C15 450.035 86.40332
C15 475.003 85.47374
C15 500.018 85.96291
C15 525.002 87.12126
C15 550.029 88.519905
C15 575.023 91.15646
C15 599.982 92.7945
C15 619.997 94.217575
C15 624.979 94.35795
C15 650.012 95.48143
C15 675.004 96.58347
C15 700.03 97.305954
C15 725.012 97.94822
C15 750.022 99.0328
C15 774.987 99.66767
C15 799.976 99.59336
C15 824.988 98.98273
C15 850.022 96.929886
C15 869.967 94.670815
C15 875.002 93.53088
C15 899.999 87.05225
C15 919.999 79.337456
C15 925.012 77.105606
C15 949.965 64.15448
C15 975.002 48.087276
C15 999.976 29.559626
C15 1025.028 14.046051
C15 1050.014 5.6275196
C15 1075.002 3.2797506
C15 1099.99 2.231603
C02 319.994 51.104023
C02 324.969 53.51247
C02 349.982 65.151665
C02 374.975 78.69147
C02 400.019 86.78132
C02 424.965 86.70508
C02 450.035 86.42661
C02 475.003 85.545746
C02 500.018 86.06143
C02 525.002 87.21209
C02 550.029 88.60619
C02 575.023 91.19382
C02 599.982 92.76924
C02 619.997 94.15116
C02 624.979 94.283005
C02 650.012 95.38692
C02 675.004 96.441
C02 700.03 97.17037
C02 725.012 97.78787
C02 750.022 98.88853
C02 774.987 99.53244
C02 799.976 99.47754
C02 824.988 98.84067
C02 850.022 96.86274
C02 869.967 94.75918
C02 875.002 93.65591
C02 899.999 87.18798
C02 919.999 79.26479
C02 925.012 76.95664
C02 949.965 63.872066
C02 975.002 47.783676
C02 999.976 29.667536
C02 1025.028 14.372865
C02 1050.014 5.786226
C02 1075.002 3.2962592
C02 1099.99 2.2363744
C16 319.994 51.705738
C16 324.969 54.172016
C16 349.982 65.89785
C16 374.975 79.05285
C16 400.019 86.8752
C16 424.965 86.708405
C16 450.035 86.45658
C16 475.003 85.59871
C16 500.018 86.14165
C16 525.002 87.343704
C16 550.029 88.77175
C16 575.023 91.409065
C16 599.982 93.032104
C16 619.997 94.44377
C16 624.979 94.57683
C16 650.012 95.680565
C16 675.004 96.76008
C16 700.03 97.45834
C16 725.012 98.03693
C16 750.022 99.05288
C16 774.987 99.62048
C16 799.976 99.512245
C16 824.988 98.908714
C16 850.022 96.85951
C16 869.967 94.62444
C16 875.002 93.49153
C16 899.999 87.09202
C16 919.999 79.43675
C16 925.012 77.21081
C16 949.965 64.20916
C16 975.002 48.141872
C16 999.976 29.648884
C16 1025.028 14.07704
C16 1050.014 5.6630163
C16 1075.002 3.2953882
C16 1099.99 2.2382712
C05 319.994 49.640812
C05 324.969 51.924435
C05 349.982 63.359062
C05 374.975 77.70899
C05 400.019 86.34723
C05 424.965 86.4052
C05 450.035 86.062195
C05 475.003 85.05399
C05 500.018 85.4275
C05 525.002 86.455795
C05 550.029 87.7459
C05 575.023 90.25483
C05 599.982 91.79358
C05 619.997 93.15758
C05 624.979 93.28954
C05 650.012 94.40369
C05 675.004 95.47251
C05 700.03 96.28623
C05 725.012 97.03868
C05 750.022 98.331764
C05 774.987 99.15659
C05 799.976 99.200966
C05 824.988 98.57997
C05 850.022 96.62732
C05 869.967 94.497025
C05 875.002 93.37817
C05 899.999 86.74435
C05 919.999 78.65232
C05 925.012 76.333664
C05 949.965 63.59233
C05 975.002 47.800026
C05 999.976 29.645712
C05 1025.028 14.222138
C05 1050.014 5.693254
C05 1075.002 3.2393434
C05 1099.99 2.1976578
