lsstCam/transmission_filter_detector/r24_s10/i_39/19700101T000000.ecsv
# %ECSV 1.0
# ---
# datatype:
# - {name: wavelength, unit: nm, datatype: float32}
# - {name: efficiency, unit: '%', datatype: float64}
# meta: !!omap
# - {MODE: DETECTOR}
# - {TYPE: transmission_filter_detector}
# - {CALIBDATE: '1970-01-01T00:00:00'}
# - {INSTRUME: LSSTCam}
# - {OBSTYPE: transmission_filter_detector}
# - {CALIBCLS: lsst.ip.isr.IntermediateFilterDetectorTransmissionCurve}
# - {SOURCE: Materion (DM-46256)}
# - {DETECTOR: 111}
# - {FILTER: i_39}
# - {CALIB_ID: 'calibDate=1970-01-01T00:00:00 filter=i_39 detector=111'}
# - {DATE: '2025-04-02T15:59:46.994780'}
# - {CALIB_CREATION_DATE: '2025-04-02'}
# - {CALIB_CREATION_TIME: '15:59:46'}
# - __serialized_columns__:
#     efficiency:
#       __class__: astropy.units.quantity.Quantity
#       unit: !astropy.units.Unit {unit: '%'}
#       value: !astropy.table.SerializedColumn {name: efficiency}
#     wavelength:
#       __class__: astropy.units.quantity.Quantity
#       unit: !astropy.units.Unit {unit: nm}
#       value: !astropy.table.SerializedColumn {name: wavelength}
# schema: astropy-2.0
wavelength efficiency
[from data line 602]
902.0 1.60789795106836e-10
903.0 1.60789795106836e-10
904.0 1.60789795106836e-10
905.0 1.60789795106836e-10
906.0 1.60789795106836e-10
907.0 4.738647021440556e-05
908.0 0.00012874637604909367
909.0 1.9515732674335595e-05
910.0 1.60789795106836e-10
911.0 6.141391395431128e-05
912.0 0.00021254272724036127
913.0 0.00016649901226628572
914.0 0.00012045529729221016
915.0 3.4151256045333866e-05
916.0 1.60789795106836e-10
917.0 1.60789795106836e-10
918.0 1.60789795106836e-10
919.0 1.60789795106836e-10
920.0 3.362606832979509e-05
921.0 2.3082782263372792e-05
922.0 1.2539477722839365e-05
923.0 1.60789795106836e-10
924.0 1.60789795106836e-10
925.0 7.342748631344875e-05
926.0 0.0002594482566564693
927.0 1.60789795106836e-10
928.0 1.60789795106836e-10
929.0 1.60789795106836e-10
930.0 0.00017021289977492415
931.0 0.00016642164837321616
932.0 0.00016263040834019193
933.0 6.512069035125023e-05
934.0 1.60789795106836e-10
935.0 1.60789795106836e-10
936.0 1.60789795106836e-10
937.0 1.60789795106836e-10
938.0 1.60789795106836e-10
939.0 1.60789795106836e-10
940.0 1.60789795106836e-10
941.0 1.60789795106836e-10
942.0 1.60789795106836e-10
943.0 1.60789795106836e-10
944.0 1.60789795106836e-10
945.0 1.60789795106836e-10
946.0 1.60789795106836e-10
947.0 1.60789795106836e-10
948.0 1.60789795106836e-10
949.0 1.60789795106836e-10
950.0 1.60789795106836e-10
951.0 1.60789795106836e-10
952.0 5.675866532328655e-05
953.0 1.60789795106836e-10
954.0 1.60789795106836e-10
955.0 1.60789795106836e-10
956.0 0.00015543214431090746
957.0 0.00018058269688481232
958.0 0.00020573324945871718
959.0 0.00013964061054139165
960.0 7.35480227831431e-05
961.0 2.8790927331101557e-05
962.0 1.60789795106836e-10
963.0 1.60789795106836e-10
964.0 1.60789795106836e-10
965.0 1.60789795106836e-10
966.0 1.60789795106836e-10
967.0 1.60789795106836e-10
968.0 1.60789795106836e-10
969.0 2.7324176699039526e-05
970.0 0.00010162111721001565
971.0 1.60789795106836e-10
972.0 1.60789795106836e-10
973.0 1.60789795106836e-10
974.0 0.00010434237083245534
975.0 3.4711256091668474e-06
976.0 1.60789795106836e-10
977.0 1.60789795106836e-10
978.0 1.60789795106836e-10
979.0 1.60789795106836e-10
980.0 1.60789795106836e-10
981.0 1.60789795106836e-10
982.0 1.60789795106836e-10
983.0 1.60789795106836e-10
984.0 1.60789795106836e-10
985.0 7.462549689307707e-06
986.0 7.096462013578275e-05
987.0 1.60789795106836e-10
988.0 1.60789795106836e-10
989.0 1.60789795106836e-10
990.0 1.60789795106836e-10
991.0 1.60789795106836e-10
992.0 1.60789795106836e-10
993.0 5.048976348120959e-06
994.0 4.139577356454538e-05
995.0 1.60789795106836e-10
996.0 1.60789795106836e-10
997.0 9.01978125966707e-05
998.0 0.00024284299797727726
999.0 0.00021999921955284663
1000.0 0.0001971553956536809
1001.0 0.0001187931275126175
1002.0 4.04307996859643e-05
1003.0 0.000111733481844567
1004.0 0.00018303614979231497
1005.0 0.00011169670415256405
1006.0 4.035722156459087e-05
1007.0 0.00013100268461130327
1008.0 0.0002216481561845285
1009.0 0.00019261817669757875
1010.0 0.00016358815173589392
1011.0 0.00022738222469342873
1012.0 0.000291176274913596
1013.0 0.0002641348146426026
1014.0 0.00023709335437160917
1015.0 0.00023424577193509322
1016.0 0.0002313982122359448
1017.0 0.000294931101052498
1018.0 0.0003584640808185213
1019.0 0.00029560105758719146
1020.0 0.0002327379888811265
1021.0 0.0002155197762476746
1022.0 0.00019830154087685514
1023.0 0.00031516321996605257
1024.0 0.0004320249445299851
1025.0 0.0004373162937554298
1026.0 0.0004426076429808745
1027.0 0.00039343626667687204
1028.0 0.000344264867635502
1029.0 0.0008544431693735532
1030.0 0.001364621493848972
1031.0 0.0017618314814171754
1032.0 0.0021590409232885577
1033.0 0.0024306131308549084
1034.0 0.0027021846108254977
1035.0 0.0032230127544607967
1036.0 0.0037438407161971554
1037.0 0.003630229184636846
1038.0 0.003516617653076537
1039.0 0.0030140947274048813
1040.0 0.002511571983632166
1041.0 0.0022636373614659533
1042.0 0.0020157027392997406
1043.0 0.0026666615667636506
1044.0 0.0033176202123286203
1045.0 0.0035654997191159055
1046.0 0.0038133795897010714
1047.0 0.0033384712878614664
1048.0 0.0028635624403250404
1049.0 0.0025472050765529275
1050.0 0.0022308477127808146
1051.0 0.0020804298401344568
1052.0 0.0019300123312859796
1053.0 0.0014346525858854875
1054.0 0.0009392930223839357
1055.0 0.0009382252756040543
1056.0 0.0009371573469252326
1057.0 0.0007736140105407685
1058.0 0.0006100708105805097
1059.0 0.0008057015293161385
1060.0 0.0010013323844759725
1061.0 0.0014974477380746976
1062.0 0.0019935629097744823
1063.0 0.002463796226948034
1064.0 0.002934029544121586
1065.0 0.0032601772545604035
1066.0 0.0035863249649992213
1067.0 0.004384561179904267
1068.0 0.005182797758607194
1069.0 0.00418081835960038
1070.0 0.0031788385967956856
1071.0 0.002973498521896545
1072.0 0.0027681580831995234
1073.0 0.0027582911570789292
1074.0 0.002748424230958335
1075.0 0.003347342135384679
1076.0 0.003946260039811023
1077.0 0.0032770542020443827
1078.0 0.0026078487280756235
1079.0 0.0026375175366410986
1080.0 0.0026671861633076333
1081.0 0.001803935447242111
1082.0 0.0009406846402271185
1083.0 0.0005916352165513672
1084.0 0.00024258583835035097
1085.0 0.0008704207175469492
1086.0 0.0014982558241172228
1087.0 0.0005250459707895061
1088.0 1.60789795106836e-10
1089.0 1.60789795106836e-10
1090.0 1.60789795106836e-10
1091.0 1.60789795106836e-10
1092.0 1.60789795106836e-10
1093.0 1.60789795106836e-10
1094.0 1.60789795106836e-10
1095.0 1.60789795106836e-10
1096.0 1.60789795106836e-10
1097.0 1.60789795106836e-10
1098.0 1.60789795106836e-10
1099.0 1.60789795106836e-10
1100.0 0.00109795282696723
