lsstCam/transmission_filter_detector/r24_s10/i_39/19700101T000000.ecsv
# %ECSV 1.0
# ---
# datatype:
# - {name: wavelength, unit: nm, datatype: float32}
# - {name: efficiency, unit: '%', datatype: float64}
# meta: !!omap
# - {MODE: DETECTOR}
# - {TYPE: transmission_filter_detector}
# - {CALIBDATE: '1970-01-01T00:00:00'}
# - {INSTRUME: LSSTCam}
# - {OBSTYPE: transmission_filter_detector}
# - {CALIBCLS: lsst.ip.isr.IntermediateFilterDetectorTransmissionCurve}
# - {SOURCE: Materion (DM-46256)}
# - {DETECTOR: 111}
# - {FILTER: i_39}
# - {CALIB_ID: 'calibDate=1970-01-01T00:00:00 filter=i_39 detector=111'}
# - {DATE: '2025-04-02T15:59:46.994780'}
# - {CALIB_CREATION_DATE: '2025-04-02'}
# - {CALIB_CREATION_TIME: '15:59:46'}
# - __serialized_columns__:
#     efficiency:
#       __class__: astropy.units.quantity.Quantity
#       unit: !astropy.units.Unit {unit: '%'}
#       value: !astropy.table.SerializedColumn {name: efficiency}
#     wavelength:
#       __class__: astropy.units.quantity.Quantity
#       unit: !astropy.units.Unit {unit: nm}
#       value: !astropy.table.SerializedColumn {name: wavelength}
# schema: astropy-2.0
wavelength efficiency
300.0 0.05885348073206842
301.0 0.027298741042613983
302.0 1.60789795106836e-10
303.0 0.011453665501903743
304.0 0.027163303457200527
305.0 0.0214164043427445
306.0 0.01566950522828847
307.0 0.005519616024685092
308.0 1.60789795106836e-10
309.0 1.60789795106836e-10
310.0 1.60789795106836e-10
311.0 1.60789795106836e-10
312.0 1.60789795106836e-10
313.0 1.60789795106836e-10
314.0 1.60789795106836e-10
315.0 1.60789795106836e-10
316.0 1.60789795106836e-10
317.0 1.60789795106836e-10
318.0 1.60789795106836e-10
319.0 1.60789795106836e-10
320.0 1.60789795106836e-10
321.0 1.60789795106836e-10
322.0 1.60789795106836e-10
323.0 1.60789795106836e-10
324.0 1.60789795106836e-10
325.0 1.60789795106836e-10
326.0 1.60789795106836e-10
327.0 1.60789795106836e-10
328.0 1.60789795106836e-10
329.0 1.60789795106836e-10
330.0 1.60789795106836e-10
331.0 1.60789795106836e-10
332.0 0.00013368182862905087
333.0 1.60789795106836e-10
334.0 1.60789795106836e-10
335.0 0.00041617568058427423
336.0 0.0012088173207303043
337.0 0.001056538530974649
338.0 0.000904259013623232
339.0 0.001711538243398536
340.0 0.0025188177460222505
341.0 0.00012325323268669308
342.0 1.60789795106836e-10
343.0 1.60789795106836e-10
344.0 0.001586279904586263
345.0 0.0005774703822680749
346.0 1.60789795106836e-10
347.0 1.60789795106836e-10
348.0 1.60789795106836e-10
349.0 1.60789795106836e-10
350.0 7.51693789879937e-05
351.0 0.0003177866801706841
352.0 0.0005604041234619217
353.0 1.60789795106836e-10
354.0 1.60789795106836e-10
355.0 1.60789795106836e-10
356.0 0.0001966677018572227
357.0 0.0007419152552756714
358.0 0.001287163013330428
359.0 0.0011565063687157817
360.0 0.0010258495422021952
361.0 0.0008900405191525351
362.0 0.00075423145062814
363.0 0.0006770210347895045
364.0 0.0005998107553750742
365.0 0.0004859361069975421
366.0 0.0003720616859936854
367.0 8.511230475960474e-05
368.0 1.60789795106836e-10
369.0 0.0004625433575711213
370.0 0.001126923871197505
371.0 0.0007544484105892479
372.0 0.00038197304093046114
373.0 0.0007579638804600108
374.0 0.0011339545380906202
375.0 0.0005586558927461738
376.0 1.60789795106836e-10
377.0 6.43066357497446e-05
378.0 0.00014525619462801842
379.0 4.756328735311399e-05
380.0 1.60789795106836e-10
381.0 1.60789795106836e-10
382.0 1.60789795106836e-10
383.0 0.0002555908849899424
384.0 0.0006688043868052773
385.0 0.0006027402832842199
386.0 0.0005366762707126327
387.0 1.60789795106836e-10
388.0 1.60789795106836e-10
389.0 1.60789795106836e-10
390.0 1.60789795106836e-10
391.0 1.60789795106836e-10
392.0 0.00018938754919872736
393.0 0.0001387228394378326
394.0 8.805810693957028e-05
395.0 0.00023070947463565972
396.0 0.0003733609901246382
397.0 0.00034075239909725497
398.0 0.0003081438990193419
399.0 0.000614761756878579
400.0 0.0009213796147378162
401.0 0.001591323598404415
402.0 0.002261266672576312
403.0 0.0032385818485636264
404.0 0.004215898297843523
405.0 0.00290674579446204
406.0 0.0015975934729794972
407.0 0.0010883414688578341
408.0 0.0005790878276457079
409.0 0.0002576843371571158
410.0 1.60789795106836e-10
411.0 0.0028958327675354667
412.0 0.005855385825270787
413.0 0.004487720798351802
414.0 0.0031200564990285784
415.0 0.004449503103387542
416.0 0.005778949707746506
417.0 0.004079924838151783
418.0 0.002380899604759179
419.0 0.0030384486308321357
420.0 0.0036959972931072116
421.0 0.00441409538325388
422.0 0.005132193109602667
423.0 0.004914567034575157
424.0 0.004696940595749766
425.0 0.004965012703905813
426.0 0.005233083720668219
427.0 0.0044032029109075665
428.0 0.003573322101146914
429.0 0.003927327270503156
430.0 0.004281333167455159
431.0 0.0033894328225869685
432.0 0.0024975332053145394
433.0 0.002712873902055435
434.0 0.0029282145987963304
435.0 0.0020554085494950414
436.0 0.0011826025001937523
437.0 0.0014054718121769838
438.0 0.0016283411241602153
439.0 0.0015806519513716921
440.0 0.001532962778583169
441.0 0.000866075606609229
442.0 0.00019918854832212674
443.0 0.0005556834366871044
444.0 0.00091217852968839
445.0 0.0005228231657383731
446.0 0.00013346800642466405
447.0 0.00018969076336361468
448.0 0.000245913633989403
449.0 1.60789795106836e-10
450.0 1.60789795106836e-10
451.0 5.556694304686971e-05
452.0 0.0005026144663133891
453.0 0.0009273821888200473
454.0 0.001352150229649851
455.0 0.0011963465112785343
456.0 0.0010405428838566877
457.0 0.0007629961146449205
458.0 0.0004854494363826234
459.0 0.000290002822112001
460.0 9.455604299546394e-05
461.0 0.00044319554035610054
462.0 0.0007918350092950277
463.0 0.0006108990419306792
464.0 0.00042996307456633076
465.0 0.00020827110347454436
466.0 1.60789795106836e-10
467.0 0.00034761876577249495
468.0 0.0007086583991622319
469.0 0.00047960975280147977
470.0 0.00025056112917809514
471.0 0.0003246683263569139
472.0 0.0003987755917478353
473.0 0.0005757395683758659
474.0 0.0007527036814281018
475.0 0.0005155108738108538
476.0 0.0002783182253551786
477.0 0.000841023756947834
478.0 0.001403729311277857
479.0 0.0014999571249063592
480.0 0.0015961848475853913
481.0 0.002554298407630995
482.0 0.0035124114219797775
483.0 0.004926242036162876
484.0 0.006340072286548093
485.0 0.006823022704338655
486.0 0.007305973849724978
487.0 0.010547081910772249
488.0 0.013788188516627997
489.0 0.016752746887505054
490.0 0.019717305258382112
491.0 0.021704747632611543
492.0 0.023692190006840974
493.0 0.025151882437057793
494.0 0.026611576322466135
495.0 0.02409165899734944
496.0 0.021571740217041224
497.0 0.01818547461880371
498.0 0.014799210475757718
499.0 0.01044886012095958
500.0 0.006098512312746607
501.0 0.004231153434375301
502.0 0.0023637945560039952
503.0 0.0023082871848600917
504.0 0.0022527796318172477
505.0 0.002005376518354751
506.0 0.001757973041094374
507.0 0.0018943477698485367
508.0 0.0020307221348048188
509.0 0.0022558559066965245
510.0 0.0024809898604871705
511.0 0.001932723171194084
512.0 0.0013844568456988782
513.0 0.0016954889360931702
514.0 0.0020065210264874622
515.0 0.0024318500436493196
516.0 0.002857179060811177
517.0 0.0024997129003168084
518.0 0.00214224692172138
519.0 0.0020415225662873127
520.0 0.0019407985746511258
521.0 0.0017616976037970744
522.0 0.0015825968148419634
523.0 0.0016931740901782177
524.0 0.0018037515474134125
525.0 0.0022248697860050015
526.0 0.0026459880245965905
527.0 0.002629084156069439
528.0 0.0026121804694412276
529.0 0.0022993004677118734
530.0 0.0019864201021846384
531.0 0.0018674341845326126
532.0 0.001748448448779527
533.0 0.0017495727661298588
534.0 0.0017506972653791308
535.0 0.0018412827557767741
536.0 0.0019318682461744174
537.0 0.002391348061792087
538.0 0.002850827877409756
539.0 0.0035717839637072757
540.0 0.004292740050004795
541.0 0.004962480306858197
542.0 0.0056322205637115985
543.0 0.005213390977587551
544.0 0.0047945610276656225
545.0 0.003889108484145254
546.0 0.0029836559406248853
547.0 0.002424542799417395
548.0 0.001865429658209905
549.0 0.0018209449990536086
550.0 0.0017764605217962526
551.0 0.001579956733621657
552.0 0.0013834531273460016
553.0 0.0014596757864637766
554.0 0.001535898081783671
555.0 0.0010733423550846055
556.0 0.0006107864010118647
557.0 0.0007355926754826214
558.0 0.0008603989954281133
559.0 0.0005053957465861458
560.0 0.00015039247500681086
561.0 0.0007907236977189314
562.0 0.0014310549886431545
563.0 0.001507838624092983
564.0 0.0015846222595428117
565.0 0.0014046493561181705
566.0 0.0012246765436429996
567.0 0.0010700259736040607
568.0 0.000915375494514592
569.0 0.0008518757567799184
570.0 0.0007883759280957747
571.0 0.0005586768565990496
572.0 0.00032897771689022193
573.0 0.0003592079110603663
574.0 0.00038943808249314316
575.0 0.0003843631475319853
576.0 0.00037928821257082745
577.0 0.00043398163143137936
578.0 0.0004886750957666663
579.0 0.00036156773148832144
580.0 0.00023446036720997654
581.0 0.00029451618956954917
582.0 0.0003545720119291218
583.0 0.00045777728701068554
584.0 0.0005609825166175142
585.0 0.0005447694093163591
586.0 0.0005285564839141443
587.0 0.0006765674243069952
588.0 0.0008245781828009058
589.0 0.0007260902748384979
590.0 0.0006276023668760899
591.0 0.0007580869805678958
592.0 0.000888571776158642
593.0 0.0006488984581665136
594.0 0.00040922509469965007
595.0 0.0005321366188582033
596.0 0.0006550480520672863
597.0 0.0006013029633322731
598.0 0.0005475579200719949
599.0 0.000428543762609479
600.0 0.0003095295824095956
601.0 0.00033808858006523224
602.0 0.0003666475322461338
603.0 0.00036494357118499465
604.0 0.0003632395419117529
605.0 0.00028658787414315157
606.0 0.00020993625184928533
607.0 0.0003626698116931948
608.0 0.0005154033715371042
609.0 0.0005188894647289999
610.0 0.0005223754214966903
611.0 0.0006133996066637337
612.0 0.0007044238373055123
613.0 0.0004920500941807404
614.0 0.00027967644200543873
615.0 0.00019582134882512037
616.0 0.000111966255644802
617.0 0.0002644029791554203
618.0 0.00041683974814077374
619.0 0.0003880067197314929
620.0 0.00035917380500904983
621.0 0.00042334504541940987
622.0 0.00048751630856713746
623.0 0.0004888753210252617
624.0 0.0004902343334833859
625.0 0.00040865161281544715
626.0 0.00032706898309697863
627.0 0.0002610866431496106
628.0 0.00019510428046487505
629.0 0.00034073516417265637
630.0 0.00048636607061780524
631.0 0.00048229812819045037
632.0 0.0004782301402883604
633.0 0.00047368116611323785
634.0 0.00046913205551391
635.0 0.00047312369133578613
636.0 0.00047711528168292716
637.0 0.0005279717697703745
638.0 0.0005788282123830868
639.0 0.0006839563411631389
640.0 0.0007890844244684558
641.0 0.0006746060080331517
642.0 0.0005601275915978476
643.0 0.0006976704753469676
644.0 0.0008352134500455577
645.0 0.0008556879947718699
646.0 0.0008761626304476522
647.0 0.0008644157787784934
648.0 0.000852669109008275
649.0 0.0008651148164062761
650.0 0.0008775606147537474
651.0 0.0009554632015351672
652.0 0.0010333658792660572
653.0 0.0011534156328707468
654.0 0.0012734654774249066
655.0 0.0017091326299123466
656.0 0.002144799509551376
657.0 0.003235541225876659
658.0 0.0043262818508083
659.0 0.007061046198941767
660.0 0.06733735790476203
661.0 0.0984879327006638
662.0 0.08147131302393973
663.0 0.07053076406009495
664.0 0.12828027829527855
665.0 0.12262961827218533
666.0 0.14964002184569836
667.0 0.2076165983453393
668.0 0.19931718707084656
669.0 0.2789309713989496
670.0 0.37269177846610546
671.0 0.5964374169707298
672.0 0.9382774122059345
673.0 1.5261229127645493
674.0 2.2132787853479385
675.0 3.202452138066292
676.0 4.244402050971985
677.0 5.6174058467149734
678.0 6.921985745429993
679.0 8.343052864074707
680.0 10.330552607774734
681.0 12.411616742610931
682.0 14.969241619110107
683.0 17.73686707019806
684.0 20.700570940971375
685.0 23.64567071199417
686.0 26.647815108299255
687.0 29.86372411251068
688.0 33.185166120529175
689.0 36.582109332084656
690.0 40.60182869434357
691.0 44.7740912437439
692.0 49.87250566482544
693.0 55.1832377910614
694.0 61.21283173561096
695.0 66.86710715293884
696.0 73.14488887786865
697.0 78.58366966247559
698.0 84.3597948551178
699.0 88.65106701850891
700.0 91.91555380821228
701.0 94.52641010284424
702.0 96.07197642326355
703.0 96.97239398956299
704.0 97.40245342254639
705.0 97.74780869483948
706.0 97.71900177001953
707.0 97.89161682128906
708.0 97.93205857276917
709.0 97.98696041107178
710.0 97.80099391937256
711.0 97.95224070549011
712.0 97.83595204353333
713.0 98.00256490707397
714.0 98.0145514011383
715.0 98.18933606147766
716.0 97.82911539077759
717.0 98.16519021987915
718.0 98.23141694068909
719.0 98.11903238296509
720.0 98.37422966957092
721.0 98.31792116165161
722.0 97.9827344417572
723.0 97.81699776649475
724.0 97.45522737503052
725.0 97.16094136238098
726.0 96.90802097320557
727.0 96.68630361557007
728.0 96.48112654685974
729.0 96.26425504684448
730.0 96.28580212593079
731.0 96.32763862609863
732.0 96.37873768806458
733.0 96.61290049552917
734.0 96.96694016456604
735.0 97.17444777488708
736.0 97.51497507095337
737.0 97.96895384788513
738.0 98.17665219306946
739.0 98.5192060470581
740.0 98.68502020835876
741.0 98.5139548778534
742.0 98.82292151451111
743.0 98.63497614860535
744.0 98.50348830223083
745.0 98.49158525466919
746.0 98.45245480537415
747.0 98.70852828025818
748.0 98.62242341041565
749.0 98.52264523506165
750.0 98.40916991233826
751.0 98.41617941856384
752.0 98.32341074943542
753.0 98.52699637413025
754.0 98.4375
755.0 98.60033392906189
756.0 98.65991473197937
757.0 98.55567812919617
758.0 98.70306253433228
759.0 98.76407384872437
760.0 98.64090085029602
761.0 98.55929017066956
762.0 98.67982268333435
763.0 98.67151379585266
764.0 98.57848286628723
765.0 98.49413633346558
766.0 98.51996898651123
767.0 98.31413626670837
768.0 98.30369353294373
769.0 98.33969473838806
770.0 98.01891446113586
771.0 98.09821844100952
772.0 98.11508655548096
773.0 97.94853925704956
774.0 97.76027202606201
775.0 97.86781668663025
776.0 97.7547287940979
777.0 97.82955646514893
778.0 97.81984090805054
779.0 97.91814088821411
780.0 97.88881540298462
781.0 98.19678068161011
782.0 98.11404347419739
783.0 98.23578000068665
784.0 98.21435809135437
785.0 98.3307957649231
786.0 98.50478768348694
787.0 98.24844002723694
788.0 98.33341836929321
789.0 98.41815829277039
790.0 98.361736536026
791.0 98.32003712654114
792.0 98.27619194984436
793.0 98.16044569015503
794.0 98.06749820709229
795.0 98.00053834915161
796.0 97.90151119232178
797.0 97.96644449234009
798.0 97.84416556358337
799.0 97.73841500282288
800.0 97.5531816482544
801.0 97.56174683570862
802.0 97.46677875518799
803.0 97.17876315116882
804.0 96.98943495750427
805.0 96.40666246414185
806.0 95.88989019393921
807.0 94.90535855293274
808.0 93.70007514953613
809.0 92.293781042099
810.0 90.73576331138611
811.0 88.47236633300781
812.0 85.959792137146
813.0 83.02720189094543
814.0 79.56581115722656
815.0 75.69540739059448
816.0 71.6856300830841
817.0 67.1796441078186
818.0 62.19865679740906
819.0 57.8946590423584
820.0 53.008466958999634
821.0 48.6147403717041
822.0 44.190821051597595
823.0 39.61467444896698
824.0 35.034847259521484
825.0 30.75195550918579
826.0 26.40206217765808
827.0 21.771152317523956
828.0 17.7228182554245
829.0 13.757091760635376
830.0 9.944391995668411
831.0 7.119692116975784
832.0 4.632558673620224
833.0 2.8542807325720787
834.0 1.7537988722324371
835.0 1.0365589521825314
836.0 0.6044714711606503
837.0 0.32740968745201826
838.0 0.2123617334291339
839.0 0.13630589237436652
840.0 0.06453163223341107
841.0 0.05119164125062525
842.0 1.60789795106836e-10
843.0 1.60789795106836e-10
844.0 0.00781006456236355
845.0 1.60789795106836e-10
846.0 1.60789795106836e-10
847.0 1.60789795106836e-10
848.0 1.60789795106836e-10
849.0 1.60789795106836e-10
850.0 1.60789795106836e-10
851.0 0.0001364985450891254
852.0 0.00013284175111039076
853.0 0.00011279536238362198
854.0 9.274904186895583e-05
855.0 0.0004538695066003129
856.0 0.000814990016806405
857.0 0.0005986220003251219
858.0 0.0003822536200459581
859.0 4.754260771733243e-05
860.0 1.60789795106836e-10
861.0 2.6717393097897002e-05
862.0 0.00034060317375406157
863.0 6.839447337370075e-05
864.0 1.60789795106836e-10
865.0 1.60789795106836e-10
866.0 1.60789795106836e-10
867.0 5.0507316018411075e-05
868.0 0.00013599661770058447
869.0 3.519335507462529e-05
870.0 1.60789795106836e-10
871.0 9.133838574371111e-06
872.0 8.387755769945215e-05
873.0 0.00016576219650232815
874.0 0.00024764683530520415
875.0 0.00023190884803625522
876.0 0.00021617088350467384
877.0 1.60789795106836e-10
878.0 1.60789795106836e-10
879.0 1.5740612013814825e-05
880.0 0.0003019097221113043
881.0 0.00011673413382595754
882.0 1.60789795106836e-10
883.0 3.612637158312282e-05
884.0 0.00014069418057260918
885.0 6.24935069026833e-05
886.0 1.60789795106836e-10
887.0 1.3587762737188314e-05
888.0 4.2882663819909794e-05
889.0 1.60789795106836e-10
890.0 1.60789795106836e-10
891.0 2.4412128141193534e-05
892.0 0.00016035268117775558
893.0 8.809536780063354e-05
894.0 1.5838074318708095e-05
895.0 1.60789795106836e-10
896.0 1.60789795106836e-10
897.0 1.60789795106836e-10
898.0 1.60789795106836e-10
899.0 1.60789795106836e-10
900.0 1.60789795106836e-10
