lsstCam/transmission_filter_detector/r01_s01/g_6/19700101T000000.ecsv
# %ECSV 1.0
# ---
# datatype:
# - {name: wavelength, unit: nm, datatype: float32}
# - {name: efficiency, unit: '%', datatype: float64}
# meta: !!omap
# - {MODE: DETECTOR}
# - {TYPE: transmission_filter_detector}
# - {CALIBDATE: '1970-01-01T00:00:00'}
# - {INSTRUME: LSSTCam}
# - {OBSTYPE: transmission_filter_detector}
# - {CALIBCLS: lsst.ip.isr.IntermediateFilterDetectorTransmissionCurve}
# - {SOURCE: Materion (DM-46256)}
# - {DETECTOR: 1}
# - {FILTER: g_6}
# - {CALIB_ID: 'calibDate=1970-01-01T00:00:00 filter=g_6 detector=1'}
# - {DATE: '2025-04-02T15:59:42.035212'}
# - {CALIB_CREATION_DATE: '2025-04-02'}
# - {CALIB_CREATION_TIME: '15:59:42'}
# - __serialized_columns__:
#     efficiency:
#       __class__: astropy.units.quantity.Quantity
#       unit: !astropy.units.Unit {unit: '%'}
#       value: !astropy.table.SerializedColumn {name: efficiency}
#     wavelength:
#       __class__: astropy.units.quantity.Quantity
#       unit: !astropy.units.Unit {unit: nm}
#       value: !astropy.table.SerializedColumn {name: wavelength}
# schema: astropy-2.0
wavelength efficiency
300.0 0.5021079443395138
301.0 0.3721154062077403
302.0 0.24212279822677374
303.0 0.21621568594127893
304.0 0.19030855037271976
305.0 0.2027540933340788
306.0 0.21519965957850218
307.0 0.22109963465481997
308.0 0.22699960973113775
309.0 0.2231770195066929
310.0 0.21935442928224802
311.0 0.21033331286162138
312.0 0.2013122197240591
313.0 0.19730012863874435
314.0 0.19328800262883306
315.0 0.18409006297588348
316.0 0.17489214660599828
317.0 0.1761405379511416
318.0 0.17738896422088146
319.0 0.15961331082507968
320.0 0.14183763414621353
321.0 0.13874754076823592
322.0 0.1356574473902583
323.0 0.11642500758171082
324.0 0.09719263180159032
325.0 0.0873539480380714
326.0 0.07751526427455246
327.0 0.07051491411402822
328.0 0.06351456395350397
329.0 0.061800453113391995
330.0 0.06008633645251393
331.0 0.05560594727285206
332.0 0.0511255522724241
333.0 0.04745693877339363
334.0 0.04378831945359707
335.0 0.0422998215071857
336.0 0.040811317740008235
337.0 0.04157832881901413
338.0 0.04234533698763698
339.0 0.04100294900126755
340.0 0.03966056392528117
341.0 0.037658982910215855
342.0 0.03565740189515054
343.0 0.032111979089677334
344.0 0.028566556284204125
345.0 0.025465057115070522
346.0 0.022363556490745395
347.0 0.02103511360473931
348.0 0.019706667808350176
349.0 0.018116085266228765
350.0 0.6243962328881025
351.0 0.8548134937882423
352.0 0.5644539371132851
353.0 0.6230341736227274
354.0 0.5600243806838989
355.0 0.9309749118983746
356.0 0.6053355522453785
357.0 0.8127950131893158
358.0 0.5503321066498756
359.0 0.9371175430715084
360.0 0.6406383123248816
361.0 0.5667574238032103
362.0 0.6560308858752251
363.0 0.7874659262597561
364.0 0.6944260094314814
365.0 0.7289992179721594
366.0 0.5095100495964289
367.0 0.5075390916317701
368.0 0.47994586639106274
369.0 0.514456257224083
370.0 0.4040434956550598
371.0 0.5052219610661268
372.0 0.36809470038861036
373.0 0.626105535775423
374.0 0.4554444458335638
375.0 0.5251489114016294
376.0 0.4354415461421013
377.0 0.45052608475089073
378.0 0.39046481251716614
379.0 0.4358384292572737
380.0 0.38657758850604296
381.0 0.4530771169811487
382.0 0.5619833245873451
383.0 0.5552639719098806
384.0 0.5665010306984186
385.0 0.5571349989622831
386.0 0.7143405731767416
387.0 0.8121365681290627
388.0 1.0780387558043003
389.0 1.4046747237443924
390.0 2.2100191563367844
391.0 3.4245800226926804
392.0 5.323877185583115
393.0 8.376061916351318
394.0 12.429512292146683
395.0 17.814186215400696
396.0 24.496693909168243
397.0 32.690563797950745
398.0 41.960784792900085
399.0 51.65206789970398
400.0 61.157047748565674
401.0 69.75427865982056
402.0 77.33373641967773
403.0 83.17057490348816
404.0 87.0818018913269
405.0 89.92363214492798
406.0 91.42758250236511
407.0 92.60835647583008
408.0 93.21580529212952
409.0 93.4413194656372
410.0 93.42458248138428
411.0 93.17298531532288
412.0 92.74242520332336
413.0 92.5359308719635
414.0 92.44042634963989
415.0 92.80225038528442
416.0 93.25099587440491
417.0 93.704354763031
418.0 94.17285919189453
419.0 94.74592208862305
420.0 95.26440501213074
421.0 95.76800465583801
422.0 95.71788907051086
423.0 95.92552185058594
424.0 95.67432999610901
425.0 95.6023097038269
426.0 95.45789957046509
427.0 95.41932344436646
428.0 95.31530737876892
429.0 95.19291520118713
430.0 95.18912434577942
431.0 95.25808095932007
432.0 95.32965421676636
433.0 95.42407393455505
434.0 95.4430878162384
435.0 95.4820454120636
436.0 95.50216794013977
437.0 95.51435708999634
438.0 95.5908715724945
439.0 95.81641554832458
440.0 95.77885866165161
441.0 95.95116376876831
442.0 95.81640362739563
443.0 95.67679166793823
444.0 95.57254314422607
445.0 95.27583718299866
446.0 95.20657658576965
447.0 95.10247707366943
448.0 95.24497389793396
449.0 95.48562169075012
450.0 95.74187397956848
451.0 95.9913432598114
452.0 96.09710574150085
453.0 96.21855020523071
454.0 96.27426266670227
455.0 96.56638503074646
456.0 96.60988450050354
457.0 96.84345722198486
458.0 96.80256843566895
459.0 96.7880129814148
460.0 96.77347540855408
461.0 96.85297012329102
462.0 96.7756986618042
463.0 96.64028286933899
464.0 96.77620530128479
465.0 96.65018320083618
466.0 96.6095507144928
467.0 96.59067392349243
468.0 96.67348265647888
469.0 96.73932194709778
470.0 96.54642343521118
471.0 96.40622138977051
472.0 96.44763469696045
473.0 96.3371992111206
474.0 96.27872705459595
475.0 96.34761810302734
476.0 96.4001715183258
477.0 96.52934670448303
478.0 96.70749306678772
479.0 96.60062193870544
480.0 96.8344509601593
481.0 96.88476324081421
482.0 97.07093238830566
483.0 96.98651432991028
484.0 97.18157052993774
485.0 97.13708162307739
486.0 97.23327159881592
487.0 97.19841480255127
488.0 97.22625017166138
489.0 97.29016423225403
490.0 97.27030396461487
491.0 97.34947681427002
492.0 97.34976291656494
493.0 97.34434485435486
494.0 97.23808765411377
495.0 97.38367795944214
496.0 97.18236327171326
497.0 97.05114960670471
498.0 96.89492583274841
499.0 96.99112176895142
500.0 96.91330194473267
501.0 96.87097668647766
502.0 96.85990810394287
503.0 96.98600769042969
504.0 96.82595729827881
505.0 96.85150384902954
506.0 96.86037302017212
507.0 96.7521607875824
508.0 96.77860140800476
509.0 96.83594703674316
510.0 96.73894047737122
511.0 96.74203991889954
512.0 96.64950370788574
513.0 96.74694538116455
514.0 96.72319889068604
515.0 96.8323826789856
516.0 96.87040448188782
517.0 96.8815267086029
518.0 96.96735143661499
519.0 96.94404602050781
520.0 96.99116945266724
521.0 97.04618453979492
522.0 97.07271456718445
523.0 96.98905348777771
524.0 97.06012010574341
525.0 97.003573179245
526.0 97.07642793655396
527.0 97.07157015800476
528.0 97.1474826335907
529.0 97.18863368034363
530.0 97.2284734249115
531.0 97.29426503181458
532.0 97.1864640712738
533.0 97.11018204689026
534.0 97.00899720191956
535.0 96.6903030872345
536.0 96.12234234809875
537.0 95.22218704223633
538.0 94.089275598526
539.0 92.15429425239563
540.0 89.86541628837585
541.0 86.50355339050293
542.0 83.16012024879456
543.0 78.78103852272034
544.0 73.57802987098694
545.0 69.11091804504395
546.0 64.0460729598999
547.0 59.74038243293762
548.0 55.764347314834595
549.0 52.46174931526184
550.0 50.019025802612305
551.0 47.56624102592468
552.0 45.39617598056793
553.0 42.644861340522766
554.0 39.03224468231201
555.0 34.85759496688843
556.0 29.526948928833008
557.0 23.803135752677917
558.0 18.147780001163483
559.0 13.141141831874847
560.0 8.903174102306366
561.0 5.414848774671555
562.0 3.1563270837068558
563.0 1.6836157068610191
564.0 0.8550670929253101
565.0 0.40702088735997677
566.0 0.2424387028440833
567.0 0.1254115835763514
568.0 0.09848956251516938
569.0 0.06020583678036928
570.0 0.049669743748381734
571.0 0.031148799462243915
572.0 0.04816027940250933
573.0 0.025981641374528408
574.0 0.02727119717746973
575.0 0.028793406090699136
576.0 0.01577434450155124
577.0 0.020242550817783922
578.0 0.026395166059955955
579.0 0.01764205953804776
580.0 0.02346369728911668
581.0 0.016989513824228197
582.0 0.02472813066560775
583.0 0.015788443852216005
584.0 0.020972419588360935
585.0 0.013327936176210642
586.0 0.0158348775585182
587.0 0.0044837372115580365
588.0 0.022029339743312448
589.0 0.006090115130064078
590.0 0.008808064012555405
591.0 0.010825043864315376
592.0 0.011369351705070585
593.0 0.00516921681992244
594.0 0.01479088532505557
595.0 0.00814282102510333
596.0 0.009897707786876708
597.0 0.01311788073508069
598.0 0.015983353659976274
599.0 0.010769274376798421
600.0 0.010340461449231952
601.0 0.0023053911718307063
602.0 0.002389633300481364
603.0 0.002473875429132022
604.0 0.00223770912270993
605.0 0.0020015429981867783
606.0 0.002048088026640471
607.0 0.0020946328731952235
608.0 0.0018735683624981903
609.0 0.0016525042155990377
610.0 0.0017411759472452104
611.0 0.0018298473150935024
612.0 0.001784962478268426
613.0 0.0017400772776454687
614.0 0.001774831434886437
615.0 0.0018095859559252858
616.0 0.0019201428585802205
617.0 0.002030699579336215
618.0 0.001871960557764396
619.0 0.0017132215361925773
620.0 0.0017042797480826266
621.0 0.0016953377780737355
622.0 0.0015710889783804305
623.0 0.0014468398148892447
624.0 0.0014019958143762778
625.0 0.0013571519957622513
626.0 0.0013212449630373158
627.0 0.0012853384760092013
628.0 0.0013820801541442052
629.0 0.0014788221960770898
630.0 0.0013612033399112988
631.0 0.0012435843018465675
632.0 0.0013824567759002093
633.0 0.0015213289771054406
634.0 0.0014312396160676144
635.0 0.0013411500731308479
636.0 0.0013283739463076927
637.0 0.0013155981832824182
638.0 0.0011903579434147105
639.0 0.0010651176125975326
640.0 0.001069373138307128
641.0 0.0010736284821177833
642.0 0.001307077309320448
643.0 0.001540526318422053
644.0 0.0014359340639202856
645.0 0.001331341718469048
646.0 0.0012781131772499066
647.0 0.0012248846360307653
648.0 0.0010899567314481828
649.0 0.0009550286449666601
650.0 0.0011895572242792696
651.0 0.0014240850759961177
652.0 0.0011839312719530426
653.0 0.0009437774679099675
654.0 0.0010459984878252726
655.0 0.001148219689639518
656.0 0.0011769151569751557
657.0 0.0012056107152602635
658.0 0.0011030318091798108
659.0 0.0010004534487961791
660.0 0.0009357233466289472
661.0 0.0008709933354111854
662.0 0.0010251424100715667
663.0 0.0011792916666308884
664.0 0.0011934452231798787
665.0 0.0012075985068804584
666.0 0.0011231568350922316
667.0 0.0010387148904555943
668.0 0.0011252949661866296
669.0 0.001211875132867135
670.0 0.001179526407213416
671.0 0.0011471775906102266
672.0 0.0011331047062412836
673.0 0.00111903154902393
674.0 0.0011199071195733268
675.0 0.0011207825991732534
676.0 0.0010364471563661937
677.0 0.0009521113497612532
678.0 0.0011012115464836825
679.0 0.0012503118341555819
680.0 0.0011113662367279176
681.0 0.0009724203664518427
682.0 0.001003295346890809
683.0 0.0010341702363803051
684.0 0.0009100638635572977
685.0 0.0007859572178858798
686.0 0.0009547151421429589
687.0 0.001123472975450568
688.0 0.0010877059139602352
689.0 0.0010519389434193727
690.0 0.00095292534751934
691.0 0.0008539117516193073
692.0 0.0008639881343697198
693.0 0.0008740645171201322
694.0 0.0009967852747649886
695.0 0.0011195059414603747
696.0 0.0010877390195673797
697.0 0.001055971733876504
698.0 0.0012177792996226344
699.0 0.0013795868653687648
700.0 0.0011898244338226505
701.0 0.001000061911327066
702.0 0.0011090657608292531
703.0 0.0012180695193819702
704.0 0.0012225862519699149
705.0 0.0012271026207599789
706.0 0.0011350161912559997
707.0 0.0010429297617520206
708.0 0.0009829098416958004
709.0 0.0009228900125890505
710.0 0.0010906721399805974
711.0 0.001258454631170025
712.0 0.0011413451829866972
713.0 0.0010242360076517798
714.0 0.0011240140338486526
715.0 0.001223792332893936
716.0 0.0014194743016560096
717.0 0.0016151565432664938
718.0 0.0018793325580190867
719.0 0.0021435083908727393
720.0 0.0017899055819725618
721.0 0.0014363025002239738
722.0 0.0015311235983972438
723.0 0.001625944787519984
724.0 0.0015906403859844431
725.0 0.001555335802549962
726.0 0.0017019372535287403
727.0 0.0018485387045075186
728.0 0.0019147737475577742
729.0 0.00198100879060803
730.0 0.0019590504962252453
731.0 0.0019370920199435204
732.0 0.0018683180314837955
733.0 0.0017995440430240706
734.0 0.001594022432982456
735.0 0.0013885010048397817
736.0 0.0012593020983331371
737.0 0.0011301031008770224
738.0 0.0011394122338970192
739.0 0.001148721366917016
740.0 0.0010133292562386487
741.0 0.0008779367817624006
742.0 0.0008598311978857964
743.0 0.000841725523059722
744.0 0.0009922838216880336
745.0 0.0011428423931647558
746.0 0.0011428474863350857
747.0 0.0011428523976064753
748.0 0.0012323550436121877
749.0 0.0013218576896179002
750.0 0.0011207856914552394
751.0 0.0009197141480399296
752.0 0.0008125672138703521
753.0 0.0007054205980239203
754.0 0.0007977943823789246
755.0 0.000890168212208664
756.0 0.0008154391252901405
757.0 0.0007407099928968819
758.0 0.0008116027856885921
759.0 0.000882495896803448
760.0 0.0006747175575583242
761.0 0.0004669391728384653
762.0 0.0005274054728943156
763.0 0.0005878716820006957
764.0 0.0007066822490742197
765.0 0.0008254930435214192
766.0 0.0006978419605729869
767.0 0.0005701910140487598
768.0 0.0004989037279301556
769.0 0.00042761639633681625
770.0 0.0003947498043999076
771.0 0.000361883257937734
772.0 0.0005441303528641583
773.0 0.000726377629689523
774.0 0.0007830457434465643
775.0 0.0008397139936278109
776.0 0.0008704825631866697
777.0 0.0009012510417960584
778.0 0.0008268569217761979
779.0 0.0007524627108068671
780.0 0.0007071226264088182
781.0 0.0006617824965360342
782.0 0.0006502690212073503
783.0 0.000638755318504991
784.0 0.0007326616469072178
785.0 0.0008265678843599744
786.0 0.0007383563115581637
787.0 0.0006501451025542337
788.0 0.00038409825720009394
789.0 0.00011805152553279186
790.0 0.00017304416815022705
791.0 0.00022803676529292716
792.0 0.0002913313664976158
793.0 0.0003546259677023045
794.0 0.0002555591663622181
795.0 0.0001564923309160804
796.0 0.00035210880469094263
797.0 0.0005477252670971211
798.0 0.0005243551186140394
799.0 0.0005009850156056928
800.0 0.0005131857960805064
801.0 0.0005253867129795253
802.0 0.00042717497308331076
803.0 0.0003289632786618313
804.0 0.00026718571461969987
805.0 0.00020540821878967108
806.0 0.00025401113816769794
807.0 0.00030261403480835725
808.0 0.0003580279781090212
809.0 0.00041344192140968516
810.0 0.0003534451252562576
811.0 0.00029344828362809494
812.0 0.00030480466648441507
813.0 0.00031616102660336765
814.0 0.0003226263288524933
815.0 0.000329091631101619
816.0 0.0003723936970345676
817.0 0.0004156956492806785
818.0 0.000335522236127872
819.0 0.0002553488457124331
820.0 0.0004293197434890317
821.0 0.0006032905730535276
822.0 0.0004448955223779194
823.0 0.00028650049443967873
824.0 0.00036362955597724067
825.0 0.0004407585493027
826.0 0.0006066192327125464
827.0 0.0007724797796981875
828.0 0.0006561499503732193
829.0 0.000539820030098781
830.0 0.00044161502046335954
831.0 0.000343409965353203
832.0 0.0004777027243108023
833.0 0.0006119954377936665
834.0 0.000535614026375697
835.0 0.0004592326604324626
836.0 0.0005005683306080755
837.0 0.0005419040917331586
838.0 0.000512341193825705
839.0 0.0004827782959182514
840.0 0.000545646571481484
841.0 0.0006085148015699815
842.0 0.0003342700210851035
843.0 6.0025098491678364e-05
844.0 7.497651495214086e-05
845.0 8.992792004391958e-05
846.0 0.00045334450078371447
847.0 0.0008167611667886376
848.0 0.0006597020728804637
849.0 0.0005026430699217599
850.0 0.0004957650617143372
851.0 0.0004888870535069145
852.0 0.0005727758889406687
853.0 0.0006566644060512772
854.0 0.0006231103725440335
855.0 0.0005895562026125845
856.0 0.0005228648205957143
857.0 0.00045617348405357916
858.0 0.0005241961389401695
859.0 0.0005922187938267598
860.0 0.0005806562057841802
861.0 0.0005690936632163357
862.0 0.0005429718839877751
863.0 0.0005168501047592144
864.0 0.0005119199613545788
865.0 0.0005069898179499432
866.0 0.0004913825250696391
867.0 0.00047577527766407
868.0 0.0006479036528617144
869.0 0.0008200320735340938
870.0 0.0006089980161050335
871.0 0.00039796377677703276
872.0 0.00034181141472799936
873.0 0.0002856589617294958
874.0 0.00037888755741732894
875.0 0.0004721161531051621
876.0 0.0005996968866384123
877.0 0.0007272775746969273
878.0 0.0006945945642655715
879.0 0.0006619114628847456
880.0 0.0006066602054488612
881.0 0.0005514092663361225
882.0 0.0005125312782183755
883.0 0.00047365356294903904
884.0 0.0005349857929104473
885.0 0.0005963181138213258
886.0 0.0007173380708991317
887.0 0.0008383583008253481
888.0 0.000627202780378866
889.0 0.00041604735088185407
890.0 0.00046389500312216114
891.0 0.0005117427917866735
892.0 0.0004877123501501046
893.0 0.00046368195398827083
894.0 0.00047236098907887936
895.0 0.00048104006964422297
896.0 0.0002882362196032773
897.0 9.543233545628027e-05
898.0 0.0002635827968333615
899.0 0.0004317332241043914
900.0 0.00035605273751571076
901.0 0.000280372205452295
902.0 0.0004925683697365457
903.0 0.0007047645794955315
904.0 0.000379401853933814
905.0 5.403903742262628e-05
906.0 0.00026107604753633495
