lsstCam/transmission_filter_detector/r01_s01/g_6/19700101T000000.ecsv
# %ECSV 1.0
# ---
# datatype:
# - {name: wavelength, unit: nm, datatype: float32}
# - {name: efficiency, unit: '%', datatype: float64}
# meta: !!omap
# - {MODE: DETECTOR}
# - {TYPE: transmission_filter_detector}
# - {CALIBDATE: '1970-01-01T00:00:00'}
# - {INSTRUME: LSSTCam}
# - {OBSTYPE: transmission_filter_detector}
# - {CALIBCLS: lsst.ip.isr.IntermediateFilterDetectorTransmissionCurve}
# - {SOURCE: Materion (DM-46256)}
# - {DETECTOR: 1}
# - {FILTER: g_6}
# - {CALIB_ID: 'calibDate=1970-01-01T00:00:00 filter=g_6 detector=1'}
# - {DATE: '2025-04-02T15:59:42.035212'}
# - {CALIB_CREATION_DATE: '2025-04-02'}
# - {CALIB_CREATION_TIME: '15:59:42'}
# - __serialized_columns__:
#     efficiency:
#       __class__: astropy.units.quantity.Quantity
#       unit: !astropy.units.Unit {unit: '%'}
#       value: !astropy.table.SerializedColumn {name: efficiency}
#     wavelength:
#       __class__: astropy.units.quantity.Quantity
#       unit: !astropy.units.Unit {unit: nm}
#       value: !astropy.table.SerializedColumn {name: wavelength}
# schema: astropy-2.0
wavelength efficiency
[from data line 608]
908.0 0.0004182122211204842
909.0 0.0003683114300656598
910.0 0.00028835061129939277
911.0 0.00020838981527049327
912.0 0.00036714814086735714
913.0 0.0005259064892015886
914.0 0.0003195931640220806
915.0 0.00011327987294862396
916.0 0.00011493774536575074
917.0 0.00011659556093945866
918.0 0.00017919613810590818
919.0 0.00024179669253499014
920.0 0.00030402075026358943
921.0 0.0003662448079921887
922.0 0.0005453260200738441
923.0 0.0007244072548928671
924.0 0.0005704513569071423
925.0 0.00041649532249721233
926.0 0.0004681162863562349
927.0 0.0005197373411647277
928.0 0.0005081854396848939
929.0 0.0004966335836797953
930.0 0.0005420381057774648
931.0 0.0005874426733498694
932.0 0.00054356692089641
933.0 0.0004996912139176857
934.0 0.00046478735384880565
935.0 0.0004298835392546607
936.0 0.0005137289917911403
937.0 0.000597574489802355
938.0 0.0006844735708000371
939.0 0.0007713726517977193
940.0 0.0006580916760867694
941.0 0.0005448105184768792
942.0 0.0007083099717419827
943.0 0.0008718094250070862
944.0 0.0006770061645511305
945.0 0.00048220285862043966
946.0 0.00044861299102194607
947.0 0.0004150230779487174
948.0 0.0008126819011522457
949.0 0.0012103408153052442
950.0 0.0010083020242745988
951.0 0.0008062631422944833
952.0 0.0008010597412067
953.0 0.0007958563401189167
954.0 0.0007435795396304457
955.0 0.0006913027846167097
956.0 0.000651118352834601
957.0 0.0006109337391535519
958.0 0.0007186681159510044
959.0 0.0008264025382231921
960.0 0.000658754242977011
961.0 0.0004911058113066247
962.0 0.000569876101508271
963.0 0.0006486463917099172
964.0 0.0007274047220562352
965.0 0.0008061629159783479
966.0 0.0008287257514894009
967.0 0.0008512884960509837
968.0 0.0007786593414493836
969.0 0.0007060301868477836
970.0 0.0006840382866357686
971.0 0.0006620463864237536
972.0 0.0007993780855031218
973.0 0.0009367098755319603
974.0 0.00090000530690304
975.0 0.0008633010111225303
976.0 0.0008458308911940549
977.0 0.0008283610441139899
978.0 0.0009253047210222576
979.0 0.0010222483979305252
980.0 0.0010914349331869744
981.0 0.0011606216503423639
982.0 0.0010860271686397027
983.0 0.0010114325959875714
984.0 0.0010151367860089522
985.0 0.0010188413398282137
986.0 0.0012033526218147017
987.0 0.0013878639038011897
988.0 0.0014321950402518269
989.0 0.0014765259948035236
990.0 0.0015504016118939035
991.0 0.0016242773199337535
992.0 0.0016097497791633941
993.0 0.0015952224202919751
994.0 0.0015711830201325938
995.0 0.0015471438018721528
996.0 0.0014203580576577224
997.0 0.0012935721315443516
998.0 0.0013882617167837452
999.0 0.0014829513020231389
1000.0 0.0013871266673959326
1001.0 0.001291301850869786
1002.0 0.0012308401892369147
1003.0 0.0011703785276040435
1004.0 0.001131427961809095
1005.0 0.0010924773050646763
1006.0 0.001311029882344883
1007.0 0.0015295825505745597
1008.0 0.0015661238649045117
1009.0 0.0016026655430323444
1010.0 0.0016983105524559505
1011.0 0.0017939559256774373
1012.0 0.0019344563042977825
1013.0 0.0020749572286149487
1014.0 0.002055945878964849
1015.0 0.0020369347112136893
1016.0 0.0023939404854900204
1017.0 0.0027509468054631725
1018.0 0.0029654109312104993
1019.0 0.003179875056957826
1020.0 0.0032076259230962023
1021.0 0.003235376425436698
1022.0 0.0035331664548721164
1023.0 0.0038309568481054157
1024.0 0.003968039163737558
1025.0 0.0041051214793697
1026.0 0.004200834155199118
1027.0 0.004296546831028536
1028.0 0.004305676338844933
1029.0 0.004314805846661329
1030.0 0.004482555596041493
1031.0 0.0046503046178258955
1032.0 0.005084669101051986
1033.0 0.005519033948075958
1034.0 0.005326873360900208
1035.0 0.00513471313752234
1036.0 0.005250279355095699
1037.0 0.005365845208871178
1038.0 0.005611179949482903
1039.0 0.0058565146900946274
1040.0 0.00636596669210121
1041.0 0.006875417602714151
1042.0 0.00692417670506984
1043.0 0.006972935079829767
1044.0 0.00721243632142432
1045.0 0.0074519361078273505
1046.0 0.008367562986677513
1047.0 0.009283189865527675
1048.0 0.010674925579223782
1049.0 0.012066658382536843
1050.0 0.014249370724428445
1051.0 0.016432077973149717
1052.0 0.019845600763801485
1053.0 0.023259127920027822
1054.0 0.027778229559771717
1055.0 0.032297332654707134
1056.0 0.03863860620185733
1057.0 0.04497987392824143
1058.0 0.05219113081693649
1059.0 0.059402367332950234
1060.0 0.06638391641899943
1061.0 0.07336543058045208
1062.0 0.08036610088311136
1063.0 0.08736674790270627
1064.0 0.09259195649065077
1065.0 0.097817147616297
1066.0 0.10312955128028989
1067.0 0.10844196658581495
1068.0 0.11500447290018201
1069.0 0.12156701413914561
1070.0 0.1320925890468061
1071.0 0.14261816395446658
1072.0 0.15626958338543773
1073.0 0.16992095625028014
1074.0 0.1846607425250113
1075.0 0.19940058700740337
1076.0 0.21327475551515818
1077.0 0.22714892402291298
1078.0 0.2406468614935875
1079.0 0.254144798964262
1080.0 0.27029532939195633
1081.0 0.2864458365365863
1082.0 0.31103407964110374
1083.0 0.3356223227456212
1084.0 0.3700558329001069
1085.0 0.404489366337657
1086.0 0.43702973052859306
1087.0 0.4695701412856579
1088.0 0.5289268679916859
1089.0 0.5882835946977139
1090.0 0.6608882918953896
1091.0 0.7334928959608078
1092.0 0.7621521595865488
1093.0 0.79081105068326
1094.0 0.8275352418422699
1095.0 0.86425906047225
1096.0 0.9097899310290813
1097.0 0.9553208947181702
1098.0 0.9816358797252178
1099.0 1.0079510509967804
1100.0 1.1680100113153458
1101.0 1.3280685991048813
