lsstCam/transmission_filter_detector/r22_s10/u_24/19700101T000000.ecsv
# %ECSV 1.0
# ---
# datatype:
# - {name: wavelength, unit: nm, datatype: float32}
# - {name: efficiency, unit: '%', datatype: float64}
# meta: !!omap
# - {MODE: DETECTOR}
# - {TYPE: transmission_filter_detector}
# - {CALIBDATE: '1970-01-01T00:00:00'}
# - {INSTRUME: LSSTCam}
# - {OBSTYPE: transmission_filter_detector}
# - {CALIBCLS: lsst.ip.isr.IntermediateFilterDetectorTransmissionCurve}
# - {SOURCE: Materion (DM-46256)}
# - {DETECTOR: 93}
# - {FILTER: u_24}
# - {CALIB_ID: 'calibDate=1970-01-01T00:00:00 filter=u_24 detector=93'}
# - {DATE: '2025-04-02T15:59:40.179552'}
# - {CALIB_CREATION_DATE: '2025-04-02'}
# - {CALIB_CREATION_TIME: '15:59:40'}
# - __serialized_columns__:
#     efficiency:
#       __class__: astropy.units.quantity.Quantity
#       unit: !astropy.units.Unit {unit: '%'}
#       value: !astropy.table.SerializedColumn {name: efficiency}
#     wavelength:
#       __class__: astropy.units.quantity.Quantity
#       unit: !astropy.units.Unit {unit: nm}
#       value: !astropy.table.SerializedColumn {name: wavelength}
# schema: astropy-2.0
wavelength efficiency
295.0 1.5867222900173283e-10
296.0 1.5867222900173283e-10
297.0 1.5867222900173283e-10
298.0 0.07631198386661708
299.0 1.5867222900173283e-10
300.0 0.02852529287338257
301.0 0.04332819953560829
302.0 1.5867222900173283e-10
303.0 1.5867222900173283e-10
304.0 0.4084003623574972
305.0 0.41007339023053646
306.0 1.4015787281095982
307.0 2.341700531542301
308.0 4.2076971381902695
309.0 6.971389800310135
310.0 10.064483433961868
311.0 13.440786302089691
312.0 17.113912105560303
313.0 20.389512181282043
314.0 23.556356132030487
315.0 25.77047049999237
316.0 27.840662002563477
317.0 30.30897080898285
318.0 32.81174600124359
319.0 36.01476550102234
320.0 40.732282400131226
321.0 45.679476857185364
322.0 51.487696170806885
323.0 57.048583030700684
324.0 61.92156672477722
325.0 65.58213233947754
326.0 68.1675374507904
327.0 70.12217044830322
328.0 72.00560569763184
329.0 73.47869873046875
330.0 74.9978244304657
331.0 75.94849467277527
332.0 76.48565769195557
333.0 76.65058374404907
334.0 76.52238011360168
335.0 76.56821608543396
336.0 76.74636244773865
337.0 77.18371152877808
338.0 78.09842824935913
339.0 78.63917946815491
340.0 79.10706400871277
341.0 79.65292930603027
342.0 80.02272248268127
343.0 79.87185716629028
344.0 79.9406349658966
345.0 80.31103014945984
346.0 80.60957193374634
347.0 80.83195090293884
348.0 81.21821880340576
349.0 81.41015768051147
350.0 81.44329786300659
351.0 81.5908432006836
352.0 81.51417374610901
353.0 81.36922121047974
354.0 81.34182095527649
355.0 81.57410025596619
356.0 81.61213397979736
357.0 81.60515427589417
358.0 81.34399652481079
359.0 81.1056137084961
360.0 81.13595247268677
361.0 81.04779720306396
362.0 80.95991015434265
363.0 81.04496002197266
364.0 81.11706972122192
365.0 81.26676082611084
366.0 81.32179379463196
367.0 81.29225373268127
368.0 81.09853267669678
369.0 80.9713065624237
370.0 80.63899874687195
371.0 80.43873906135559
372.0 80.3713321685791
373.0 80.47590851783752
374.0 80.49187064170837
375.0 80.73402643203735
376.0 80.85336685180664
377.0 80.80341219902039
378.0 80.89228868484497
379.0 80.62942028045654
380.0 79.98520135879517
381.0 78.7797212600708
382.0 77.09618806838989
383.0 75.18041133880615
384.0 73.03675413131714
385.0 70.66208720207214
386.0 68.33108067512512
387.0 65.23898243904114
388.0 62.08561062812805
389.0 58.37514400482178
390.0 54.601043462753296
391.0 50.54129362106323
392.0 46.148040890693665
393.0 42.31448471546173
394.0 39.071086049079895
395.0 35.982197523117065
396.0 32.83352851867676
397.0 28.845888376235962
398.0 24.170559644699097
399.0 18.149395287036896
400.0 12.113872170448303
401.0 7.200109213590622
402.0 3.5265784710645676
403.0 1.305124070495367
404.0 0.39558145217597485
405.0 0.16592771280556917
406.0 0.05316121969372034
407.0 0.049438077257946134
408.0 0.03930003731511533
409.0 1.5867222900173283e-10
410.0 1.5867222900173283e-10
411.0 1.5867222900173283e-10
412.0 0.005306109596858732
413.0 1.5867222900173283e-10
414.0 1.5867222900173283e-10
415.0 1.5867222900173283e-10
416.0 1.5867222900173283e-10
417.0 1.5867222900173283e-10
418.0 1.5867222900173283e-10
419.0 1.5867222900173283e-10
420.0 1.5867222900173283e-10
421.0 1.5867222900173283e-10
422.0 1.5867222900173283e-10
423.0 1.5867222900173283e-10
424.0 1.5867222900173283e-10
425.0 1.5867222900173283e-10
426.0 1.5867222900173283e-10
427.0 1.5867222900173283e-10
428.0 1.5867222900173283e-10
429.0 1.5867222900173283e-10
430.0 0.00016522110399819212
431.0 1.5867222900173283e-10
432.0 1.5867222900173283e-10
433.0 1.5867222900173283e-10
434.0 0.00025671527055237675
435.0 0.00035597429359768284
436.0 0.000455233612228767
437.0 1.5867222900173283e-10
438.0 1.5867222900173283e-10
439.0 0.0001863623651843227
440.0 0.0009279287951358128
441.0 1.5867222900173283e-10
442.0 1.5867222900173283e-10
443.0 1.5867222900173283e-10
444.0 0.0005860883447894594
445.0 1.5867222900173283e-10
446.0 1.5867222900173283e-10
447.0 1.5867222900173283e-10
448.0 0.00037186453027970856
449.0 1.5867222900173283e-10
450.0 1.5867222900173283e-10
451.0 1.5867222900173283e-10
452.0 1.5867222900173283e-10
453.0 1.5867222900173283e-10
454.0 1.5867222900173283e-10
455.0 1.5867222900173283e-10
456.0 1.5867222900173283e-10
457.0 1.5867222900173283e-10
458.0 1.5867222900173283e-10
459.0 1.5867222900173283e-10
460.0 1.5867222900173283e-10
461.0 1.5867222900173283e-10
462.0 7.291375823115231e-05
463.0 1.5867222900173283e-10
464.0 1.5867222900173283e-10
465.0 1.5867222900173283e-10
466.0 1.5867222900173283e-10
467.0 1.5867222900173283e-10
468.0 1.5867222900173283e-10
469.0 3.099266621120478e-05
470.0 0.00036910878407070413
471.0 0.00016989833966363221
472.0 1.5867222900173283e-10
473.0 1.5867222900173283e-10
474.0 1.5867222900173283e-10
475.0 1.5867222900173283e-10
476.0 0.0002325652076251572
477.0 1.642208786734045e-05
478.0 1.5867222900173283e-10
479.0 1.5867222900173283e-10
480.0 1.5867222900173283e-10
481.0 1.5867222900173283e-10
482.0 1.5867222900173283e-10
483.0 1.5867222900173283e-10
484.0 1.5867222900173283e-10
485.0 1.5867222900173283e-10
486.0 1.5867222900173283e-10
487.0 1.5867222900173283e-10
488.0 1.5867222900173283e-10
489.0 1.5867222900173283e-10
490.0 1.5867222900173283e-10
491.0 1.5867222900173283e-10
492.0 1.5867222900173283e-10
493.0 1.5867222900173283e-10
494.0 1.5867222900173283e-10
495.0 1.5867222900173283e-10
496.0 0.00021076048142276704
497.0 0.00011423098840168677
498.0 1.770150390711933e-05
499.0 1.5867222900173283e-10
500.0 1.5867222900173283e-10
501.0 1.5867222900173283e-10
502.0 1.5867222900173283e-10
503.0 1.5867222900173283e-10
504.0 1.5867222900173283e-10
505.0 1.5867222900173283e-10
506.0 1.5867222900173283e-10
507.0 1.5867222900173283e-10
508.0 1.5867222900173283e-10
509.0 1.5867222900173283e-10
510.0 1.5867222900173283e-10
511.0 0.00016712899650883628
512.0 0.0009450457582715899
513.0 0.0008297309250338003
514.0 0.0007144159553718055
515.0 0.0007134971383493394
516.0 0.0007125785032258136
517.0 0.0002026650690822862
518.0 1.5867222900173283e-10
519.0 1.5867222900173283e-10
520.0 2.4105122520268196e-05
521.0 1.5867222900173283e-10
522.0 1.5867222900173283e-10
523.0 1.5867222900173283e-10
524.0 1.5867222900173283e-10
525.0 1.5867222900173283e-10
526.0 0.00021703006041207118
527.0 1.6391375368129957e-05
528.0 1.5867222900173283e-10
529.0 1.5867222900173283e-10
530.0 1.5867222900173283e-10
531.0 1.5867222900173283e-10
532.0 1.5867222900173283e-10
533.0 1.5867222900173283e-10
534.0 1.5867222900173283e-10
535.0 5.1907051101807156e-05
536.0 0.0003675844709505327
537.0 1.5867222900173283e-10
538.0 1.5867222900173283e-10
539.0 1.5867222900173283e-10
540.0 1.5867222900173283e-10
541.0 1.5867222900173283e-10
542.0 0.00011226849210288492
543.0 1.5867222900173283e-10
544.0 1.5867222900173283e-10
545.0 1.5867222900173283e-10
546.0 1.5867222900173283e-10
547.0 1.5867222900173283e-10
548.0 1.5867222900173283e-10
549.0 1.5867222900173283e-10
550.0 1.5867222900173283e-10
551.0 1.5867222900173283e-10
552.0 1.5867222900173283e-10
553.0 1.5867222900173283e-10
554.0 1.5867222900173283e-10
555.0 1.5867222900173283e-10
556.0 1.5867222900173283e-10
557.0 1.5867222900173283e-10
558.0 1.5867222900173283e-10
559.0 1.5867222900173283e-10
560.0 0.00029019470275670756
561.0 0.00015806596138645546
562.0 2.5937339387382963e-05
563.0 1.5867222900173283e-10
564.0 1.5867222900173283e-10
565.0 1.5867222900173283e-10
566.0 1.5867222900173283e-10
567.0 1.5867222900173283e-10
568.0 1.5867222900173283e-10
569.0 6.600739084205998e-05
570.0 0.0002142925950465724
571.0 0.00036175395052850945
572.0 0.0005092153969599167
573.0 0.0005002074885851471
574.0 0.0004911996256851126
575.0 0.00041100802263827063
576.0 0.00033081660149036907
577.0 0.00040270492718263995
578.0 0.0004745932983496459
579.0 0.00032879941045393934
580.0 0.00018300548845218145
581.0 0.0006293355454545235
582.0 0.0010756657502497546
583.0 0.0014214059774531052
584.0 0.0017671460227575153
585.0 0.0015455267202924006
586.0 0.0013239071449788753
587.0 0.0015378745956695639
588.0 0.0017518419554107822
589.0 0.0013874525393475778
590.0 0.0010230631232843734
591.0 0.000899011138244532
592.0 0.0007749590622552205
593.0 0.0006034399575582938
594.0 0.0004319207164371619
595.0 0.0006359017334034434
596.0 0.0008398825229960494
597.0 0.0008609459655417595
598.0 0.0008820092261885293
599.0 0.0011937984709220473
600.0 0.0015055873518576846
601.0 0.0015972762412275188
602.0 0.0016889653124962933
603.0 0.0016853036868269555
604.0 0.0016816420611576177
605.0 0.001596174479345791
606.0 0.0015107069884834345
607.0 0.0013690913874597754
608.0 0.0012274757864361163
609.0 0.0010032982572738547
610.0 0.0007791208190610632
611.0 0.0005328513907443266
612.0 0.00028658191695285495
613.0 0.0003719138021551771
614.0 0.00045724573283223435
615.0 0.00045962292460899334
616.0 0.0004620002073352225
617.0 0.0004093679308425635
618.0 0.0003567357907741098
619.0 0.0004458483090274967
620.0 0.0005349609182303539
621.0 0.0005061262527306098
622.0 0.00047729163270560093
623.0 0.0005626637630484765
624.0 0.0006480358479166171
625.0 0.0005979655725241173
626.0 0.0005478953426063526
627.0 0.0005227684596320614
628.0 0.0004976416676072404
629.0 0.0005939671154919779
630.0 0.0006902927907503909
631.0 0.0010463651051395573
632.0 0.0014024373740539886
633.0 0.0015031074326543603
634.0 0.001603777491254732
635.0 0.002092668910336215
636.0 0.0025815605113166384
637.0 0.0024330678570549935
638.0 0.002284575384692289
639.0 0.002203709664172493
640.0 0.0021228437617537566
641.0 0.0018803117200150155
642.0 0.0016377796782762744
643.0 0.0011340441233187448
644.0 0.0006303086138359504
645.0 0.0004212330168229528
646.0 0.00021215739707258763
647.0 0.00021892335553275188
648.0 0.00022568942767975386
649.0 0.00012300201888137963
650.0 2.0314659820996894e-05
651.0 0.00016431750964329694
652.0 0.0003083205001530587
653.0 0.0007357681170105934
654.0 0.0011632156201812904
655.0 0.0011221964996366296
656.0 0.0010811772881424986
657.0 0.0019554672689992003
658.0 0.0028297576136537828
659.0 0.003190847928635776
660.0 0.0035519384255167097
661.0 0.0035874902096111327
662.0 0.003623041629907675
663.0 0.00319961181958206
664.0 0.002776181645458564
665.0 0.002588396455394104
666.0 0.0024006110834307037
667.0 0.0019072487702942453
668.0 0.0014138866390567273
669.0 0.0010670552001101896
670.0 0.0007202237156889169
671.0 0.000648115337753552
672.0 0.0005760067324445117
673.0 0.0005058643182564992
674.0 0.0004357218131190166
675.0 0.0006368940830725478
676.0 0.0008380664439755492
677.0 0.0010851932529476471
678.0 0.0013323203347681556
679.0 0.0016760750440880656
680.0 0.0020198296624585055
681.0 0.0027922875233343802
682.0 0.003564745929907076
683.0 0.004806719152838923
684.0 0.006048692011972889
685.0 0.0066928994783665985
686.0 0.0073371083999518305
687.0 0.007113375613698736
688.0 0.006889645010232925
689.0 0.006149429100332782
690.0 0.005409213918028399
691.0 0.00468653961434029
692.0 0.003963865674450062
693.0 0.00339953439834062
694.0 0.0028352033041301183
695.0 0.002355678407184314
696.0 0.00187615369213745
697.0 0.0014584896234737244
698.0 0.0010408254638605285
699.0 0.0007644872312084772
700.0 0.0004881489076069556
701.0 0.00042984011088265106
702.0 0.0003715314278451842
703.0 0.0006350872354232706
704.0 0.0008986431566881947
705.0 0.0006932906671863748
706.0 0.0004879383595834952
707.0 0.0006326918537524762
708.0 0.0007774450750730466
709.0 0.0006521119303215528
710.0 0.0005267786946205888
711.0 0.0006279326953517739
712.0 0.0007290866506082239
713.0 0.0006374917120410828
714.0 0.0005458970008476172
715.0 0.0005554553808906348
716.0 0.0005650137609336525
717.0 0.0006100158771005226
718.0 0.0006550179023179226
719.0 0.0005387130386225181
720.0 0.00042240822040184867
721.0 0.00045871856855228543
722.0 0.0004950289167027222
723.0 0.0003679627070596325
724.0 0.00024089658836601302
725.0 0.0001420515559402702
726.0 4.320647519762133e-05
727.0 0.00012430994047463173
728.0 0.00020541347112157382
729.0 0.0003026042122655781
730.0 0.00039979499888431747
731.0 0.0002598192850200576
732.0 0.00011984361663053278
733.0 0.0001018657599161088
734.0 8.388794867641991e-05
735.0 0.00047743219511175994
736.0 0.0008709763278602622
737.0 0.0006176915576361353
738.0 0.000364406650987803
739.0 0.0003745173216884723
740.0 0.00038462803786387667
741.0 0.0007950112376420293
742.0 0.0012053946193191223
743.0 0.0013465299161907751
744.0 0.0014876650311634876
745.0 0.0017520096662337892
746.0 0.0020163541194051504
747.0 0.00251690926234005
748.0 0.00301746440527495
749.0 0.0029241364245535806
750.0 0.002830808443832211
751.0 0.0029741657272097655
752.0 0.0031175233743852004
753.0 0.002851598401321098
754.0 0.002585673428256996
755.0 0.00264173504547216
756.0 0.0026977970264852047
757.0 0.002428725747449789
758.0 0.002159654104616493
759.0 0.001731190423015505
760.0 0.0013027268323639873
761.0 0.0011448481927800458
762.0 0.0009869695531961042
763.0 0.0007602665391459595
764.0 0.0005335635705705499
765.0 0.0006929248684173217
766.0 0.0008522861207893584
767.0 0.0006719445082126185
768.0 0.0004916028046864085
769.0 0.0004985994564776774
770.0 0.0005055960173194762
771.0 0.00040697823351365514
772.0 0.00030836040423309896
773.0 0.0004329504008637741
774.0 0.0005575402155955089
775.0 0.0006064596618671203
776.0 0.0006553790171892615
777.0 0.0006100077371229418
778.0 0.0005646362751576817
779.0 0.0007150293185986811
780.0 0.0008654222256154753
781.0 0.00070839832915226
782.0 0.0005513744781637797
783.0 0.0007384312539215898
784.0 0.0009254879842046648
785.0 0.0010565680895524565
786.0 0.0011876482858497184
787.0 0.0009858283192443196
788.0 0.0007840083526389208
789.0 0.0008121341124933679
790.0 0.0008402597813983448
791.0 0.0007940685463836417
792.0 0.0007478774023184087
793.0 0.0004115031515539158
794.0 7.512887236771348e-05
795.0 0.00010320197816326981
796.0 0.00013127504416843294
797.0 0.00042094397940672934
798.0 0.0007106128578016069
799.0 0.0004910785264655715
800.0 0.0002715441951295361
801.0 4.988658588445105e-05
802.0 1.5867222900173283e-10
803.0 1.5867222900173283e-10
804.0 1.5867222900173283e-10
805.0 4.0016499269768246e-05
806.0 0.0004067448571731802
807.0 0.00013097753708279924
808.0 1.5867222900173283e-10
809.0 0.0001057485292221827
810.0 0.0003562869324014173
811.0 0.00014726671224707388
812.0 1.5867222900173283e-10
813.0 0.00012021017710139859
814.0 0.0003021738621100667
815.0 0.0003666786369649344
816.0 0.0004311833890824346
817.0 0.00045307219807000365
818.0 0.0004749609615828376
819.0 0.0002944041170849232
820.0 0.0001138471816375386
821.0 3.659721414805972e-05
822.0 1.5867222900173283e-10
823.0 6.569923698407365e-05
824.0 0.00017205127278430155
825.0 1.5867222900173283e-10
826.0 1.5867222900173283e-10
827.0 1.5867222900173283e-10
828.0 1.5867222900173283e-10
829.0 1.5867222900173283e-10
830.0 1.5867222900173283e-10
831.0 1.5867222900173283e-10
832.0 1.5867222900173283e-10
833.0 1.5867222900173283e-10
834.0 1.5867222900173283e-10
835.0 1.5867222900173283e-10
836.0 1.5867222900173283e-10
837.0 1.5867222900173283e-10
838.0 1.5867222900173283e-10
839.0 1.5867222900173283e-10
840.0 8.371628155146027e-05
841.0 0.0001357761561848747
842.0 0.00018783612176775932
843.0 1.0225866731161659e-05
844.0 1.5867222900173283e-10
845.0 1.5867222900173283e-10
846.0 1.5867222900173283e-10
847.0 1.5867222900173283e-10
848.0 4.577206595968164e-05
849.0 0.00030380720090761315
850.0 0.000561842216484365
851.0 0.0002044762823061319
852.0 1.5867222900173283e-10
853.0 4.3839779095833364e-05
854.0 0.0002405690793239046
855.0 1.5867222900173283e-10
856.0 1.5867222900173283e-10
857.0 1.5867222900173283e-10
858.0 0.00023157556370279053
859.0 0.00041127427721221466
860.0 0.0005909729679842712
861.0 0.0007215724963316461
862.0 0.0008521720701537561
863.0 0.0007738532076473348
864.0 0.0006955342541914433
865.0 0.0011470010576886125
866.0 0.0015984676792868413
867.0 0.0015047981833049562
868.0 0.0014111289601714816
869.0 0.0017039765225490555
870.0 0.0019968241758760996
871.0 0.0017246891729882918
872.0 0.0014525540791510139
873.0 0.0017877779100672342
