lsstCam/transmission_filter_detector/r22_s10/u_24/19700101T000000.ecsv
# %ECSV 1.0
# ---
# datatype:
# - {name: wavelength, unit: nm, datatype: float32}
# - {name: efficiency, unit: '%', datatype: float64}
# meta: !!omap
# - {MODE: DETECTOR}
# - {TYPE: transmission_filter_detector}
# - {CALIBDATE: '1970-01-01T00:00:00'}
# - {INSTRUME: LSSTCam}
# - {OBSTYPE: transmission_filter_detector}
# - {CALIBCLS: lsst.ip.isr.IntermediateFilterDetectorTransmissionCurve}
# - {SOURCE: Materion (DM-46256)}
# - {DETECTOR: 93}
# - {FILTER: u_24}
# - {CALIB_ID: 'calibDate=1970-01-01T00:00:00 filter=u_24 detector=93'}
# - {DATE: '2025-04-02T15:59:40.179552'}
# - {CALIB_CREATION_DATE: '2025-04-02'}
# - {CALIB_CREATION_TIME: '15:59:40'}
# - __serialized_columns__:
#     efficiency:
#       __class__: astropy.units.quantity.Quantity
#       unit: !astropy.units.Unit {unit: '%'}
#       value: !astropy.table.SerializedColumn {name: efficiency}
#     wavelength:
#       __class__: astropy.units.quantity.Quantity
#       unit: !astropy.units.Unit {unit: nm}
#       value: !astropy.table.SerializedColumn {name: wavelength}
# schema: astropy-2.0
wavelength efficiency
[from data line 580]
875.0 0.002217857399955392
876.0 0.00231271351367468
877.0 0.0023673061150475405
878.0 0.002421898716420401
879.0 0.0024552628019591793
880.0 0.002488627433194779
881.0 0.0024096738343359903
882.0 0.002330720963072963
883.0 0.002274901999044232
884.0 0.002219083035015501
885.0 0.002299574225617107
886.0 0.0023800655981176533
887.0 0.0023175085516413674
888.0 0.0022549515051650815
889.0 0.0022442678528022952
890.0 0.0022335840185405686
891.0 0.002406691237410996
892.0 0.0025797984562814236
893.0 0.0025068482500500977
894.0 0.0024338974981219508
895.0 0.0027487081752042286
896.0 0.003063518670387566
897.0 0.0034813005186151713
898.0 0.0038990823668427765
899.0 0.004134150003665127
900.0 0.004369217640487477
901.0 0.004431523484527133
902.0 0.00449382969236467
903.0 0.004876954335486516
904.0 0.005260078978608362
905.0 0.005189686271478422
906.0 0.005119293200550601
907.0 0.005435738421510905
908.0 0.005752183642471209
909.0 0.005536943353945389
910.0 0.00532170306541957
911.0 0.005153756501385942
912.0 0.004985809937352315
913.0 0.004975316551281139
914.0 0.004964823165209964
915.0 0.004634857396013103
916.0 0.004304891626816243
917.0 0.004119293589610606
918.0 0.00393369555240497
919.0 0.004185303987469524
920.0 0.004436912422534078
921.0 0.0045053460780764
922.0 0.004573779733618721
923.0 0.005191759191802703
924.0 0.005809737558593042
925.0 0.0060894060879945755
926.0 0.0063690749811939895
927.0 0.007119906513253227
928.0 0.007870734407333657
929.0 0.007818681478966027
930.0 0.007766627095406875
931.0 0.007864039798732847
932.0 0.007961452502058819
933.0 0.007875231676734984
934.0 0.007789012306602672
935.0 0.007928573904791847
936.0 0.008068133320193738
937.0 0.007675344386370853
938.0 0.00728255690773949
939.0 0.006815543747507036
940.0 0.006348532042466104
941.0 0.005560401768889278
942.0 0.0047722700401209295
943.0 0.003738939994946122
944.0 0.0027056103135691956
945.0 0.0024929508072091267
946.0 0.0022802916646469384
947.0 0.002034949284279719
948.0 0.0017896067220135592
949.0 0.0014608027413487434
950.0 0.0011319984878355172
951.0 0.0014908026059856638
952.0 0.0018496066331863403
953.0 0.001874090412457008
954.0 0.0018985741917276755
955.0 0.0021133679183549248
956.0 0.0023281614630832337
957.0 0.002600261359475553
958.0 0.0028723608920699917
959.0 0.0031516316084889695
960.0 0.003430902143009007
961.0 0.003956916407332756
962.0 0.004482931035454385
963.0 0.004491495928959921
964.0 0.004500061186263338
965.0 0.00461124254798051
966.0 0.004722423909697682
967.0 0.004779512528330088
968.0 0.004836601510760374
969.0 0.004768811777466908
970.0 0.004701022044173442
971.0 0.004567021460388787
972.0 0.004433020876604132
973.0 0.0042177831346634775
974.0 0.0040025457565207034
975.0 0.0038513881008839235
976.0 0.003700230081449263
977.0 0.0032318504963768646
978.0 0.0027634710932034068
979.0 0.0027094571123598143
980.0 0.002655442767718341
981.0 0.0027030357159674168
982.0 0.0027506286642164923
983.0 0.002797127490339335
984.0 0.0028436266802600585
985.0 0.0031476825824938715
986.0 0.0034517390304245055
987.0 0.0037437592254718766
988.0 0.004035779784317128
989.0 0.004787320358445868
990.0 0.005538860204978846
991.0 0.00588819821132347
992.0 0.006237535126274452
993.0 0.006340307299979031
994.0 0.006443078746087849
995.0 0.006229415157577023
996.0 0.006015750113874674
997.0 0.005924321521888487
998.0 0.005832894748891704
999.0 0.00629545611445792
1000.0 0.006758014933438972
1001.0 0.006596976891160011
1002.0 0.006435939576476812
1003.0 0.005891928594792262
1004.0 0.005347919795894995
1005.0 0.005170865551917814
1006.0 0.004993811307940632
1007.0 0.005040846735937521
1008.0 0.0050878810725407675
1009.0 0.004559832814265974
1010.0 0.004031784919789061
1011.0 0.0037012927350588143
1012.0 0.0033708009141264483
1013.0 0.0027947529815719463
1014.0 0.002218704867118504
1015.0 0.0017203807146870531
1016.0 0.0012220566532050725
1017.0 0.0013601793398265727
1018.0 0.0014983017535996623
1019.0 0.0011409452781663276
1020.0 0.0007835884389351122
1021.0 0.0009055564078153111
1022.0 0.0010275241947965696
1023.0 0.001236422667716397
1024.0 0.0014453211406362243
1025.0 0.001337547928415006
1026.0 0.0012297749890421983
1027.0 0.0012049232282151934
1028.0 0.0011800712854892481
1029.0 0.0013245416994323023
1030.0 0.0014690122952742968
1031.0 0.00180380156962201
1032.0 0.002138591298717074
1033.0 0.001616923327674158
1034.0 0.0010952552656817716
1035.0 0.001462898126192158
1036.0 0.0018305405319551937
1037.0 0.0019946957763750106
1038.0 0.002158851202693768
1039.0 0.0018967039068229496
1040.0 0.0016345571566489525
1041.0 0.0016633463019388728
1042.0 0.0016921358110266738
1043.0 0.001763725231285207
1044.0 0.0018353146515437402
1045.0 0.0016408012015745044
1046.0 0.001446288024453679
1047.0 0.00176627636392368
1048.0 0.002086264794343151
1049.0 0.0019588993382058106
1050.0 0.0018315337001695298
1051.0 0.00185443368536653
1052.0 0.0018773334886645898
1053.0 0.0016537664123461582
1054.0 0.0014301989722298458
1055.0 0.0014758145880477969
1056.0 0.0015214304767141584
1057.0 0.001464366778236581
1058.0 0.0014073028978600632
1059.0 0.0008578614142606966
1060.0 0.00030842011256027035
1061.0 0.0009593276445230003
1062.0 0.0016102354493341409
1063.0 0.0014212511814548634
1064.0 0.0012322670045250561
1065.0 0.0013729805687034968
1066.0 0.0015136941328819375
1067.0 0.0014741409358975943
1068.0 0.00143458719321643
1069.0 0.0015663719750591554
1070.0 0.001698156847851351
1071.0 0.0020644680262194015
1072.0 0.002430779204587452
1073.0 0.0022861469915369526
1074.0 0.0021415149603853934
1075.0 0.002522497197787743
1076.0 0.002903479071392212
1077.0 0.003167064642184414
1078.0 0.0034306500310776755
1079.0 0.00439866998931393
1080.0 0.0053666881285607815
1081.0 0.00428921812272165
1082.0 0.0032117484806803986
1083.0 0.0028195658160257153
1084.0 0.002427383697067853
1085.0 0.0023242530005518347
1086.0 0.002221122122136876
1087.0 0.003143542562611401
1088.0 0.004065963366883807
1089.0 0.004542492752079852
1090.0 0.005019022137275897
1091.0 0.0038685539038851857
1092.0 0.0027180862161912955
1093.0 0.0026313835405744612
1094.0 0.002544680864957627
1095.0 0.002735635280259885
1096.0 0.0029265898774610832
1097.0 0.0034015905839623883
1098.0 0.0038765912904636934
1099.0 0.002460735777276568
1100.0 0.0010448801731399726
