lsstCam/transmission_filter_detector/r03_s12/i_39/19700101T000000.ecsv
# %ECSV 1.0
# ---
# datatype:
# - {name: wavelength, unit: nm, datatype: float32}
# - {name: efficiency, unit: '%', datatype: float64}
# meta: !!omap
# - {MODE: DETECTOR}
# - {TYPE: transmission_filter_detector}
# - {CALIBDATE: '1970-01-01T00:00:00'}
# - {INSTRUME: LSSTCam}
# - {OBSTYPE: transmission_filter_detector}
# - {CALIBCLS: lsst.ip.isr.IntermediateFilterDetectorTransmissionCurve}
# - {SOURCE: Materion (DM-46256)}
# - {DETECTOR: 23}
# - {FILTER: i_39}
# - {CALIB_ID: 'calibDate=1970-01-01T00:00:00 filter=i_39 detector=23'}
# - {DATE: '2025-04-02T15:59:46.585809'}
# - {CALIB_CREATION_DATE: '2025-04-02'}
# - {CALIB_CREATION_TIME: '15:59:46'}
# - __serialized_columns__:
#     efficiency:
#       __class__: astropy.units.quantity.Quantity
#       unit: !astropy.units.Unit {unit: '%'}
#       value: !astropy.table.SerializedColumn {name: efficiency}
#     wavelength:
#       __class__: astropy.units.quantity.Quantity
#       unit: !astropy.units.Unit {unit: nm}
#       value: !astropy.table.SerializedColumn {name: wavelength}
# schema: astropy-2.0
wavelength efficiency
[from data line 596]
896.0 1.7271157377526936e-10
897.0 1.7271157377526936e-10
898.0 1.710906190055539e-05
899.0 1.7271157377526936e-10
900.0 1.7271157377526936e-10
901.0 1.7271157377526936e-10
902.0 1.7271157377526936e-10
903.0 1.7271157377526936e-10
904.0 3.419300753648713e-05
905.0 1.7271157377526936e-10
906.0 1.7271157377526936e-10
907.0 7.094751595104754e-05
908.0 0.00018952845266539953
909.0 2.598772255169024e-05
910.0 1.7271157377526936e-10
911.0 1.7271157377526936e-10
912.0 3.0182948762558226e-05
913.0 8.00518193955213e-05
914.0 0.00012992072697670665
915.0 3.7361081695053144e-05
916.0 1.7271157377526936e-10
917.0 1.7271157377526936e-10
918.0 1.7271157377526936e-10
919.0 1.7271157377526936e-10
920.0 0.00010511487289477373
921.0 3.051454484648275e-05
922.0 1.7271157377526936e-10
923.0 1.7271157377526936e-10
924.0 1.7271157377526936e-10
925.0 7.901442700131156e-05
926.0 0.00031663703339290805
927.0 9.10565773892813e-06
928.0 1.7271157377526936e-10
929.0 1.7271157377526936e-10
930.0 0.00017553869611219852
931.0 0.00021165262751310365
932.0 0.00024776657028269256
933.0 0.00017013446722558
934.0 9.250238690583501e-05
935.0 1.7271157377526936e-10
936.0 1.7271157377526936e-10
937.0 1.7271157377526936e-10
938.0 1.7271157377526936e-10
939.0 1.7271157377526936e-10
940.0 1.7271157377526936e-10
941.0 1.7271157377526936e-10
942.0 1.7271157377526936e-10
943.0 1.7271157377526936e-10
944.0 1.7271157377526936e-10
945.0 1.7271157377526936e-10
946.0 1.7271157377526936e-10
947.0 1.7271157377526936e-10
948.0 1.7271157377526936e-10
949.0 1.7271157377526936e-10
950.0 1.7271157377526936e-10
951.0 1.7271157377526936e-10
952.0 1.7271157377526936e-10
953.0 1.7271157377526936e-10
954.0 1.7271157377526936e-10
955.0 4.572478360387322e-05
956.0 0.00018452664107826422
957.0 0.00018696653114602668
958.0 0.0001894063530016865
959.0 0.00013467944199874182
960.0 7.995255941750656e-05
961.0 0.00013643380043504294
962.0 0.00019291503576823743
963.0 7.677465987399046e-05
964.0 1.7271157377526936e-10
965.0 1.7271157377526936e-10
966.0 1.7271157377526936e-10
967.0 1.7271157377526936e-10
968.0 1.7271157377526936e-10
969.0 1.7271157377526936e-10
970.0 2.836544581441558e-05
971.0 1.7271157377526936e-10
972.0 1.7271157377526936e-10
973.0 1.7271157377526936e-10
974.0 3.536867723141768e-05
975.0 1.7271157377526936e-10
976.0 1.7271157377526936e-10
977.0 1.7271157377526936e-10
978.0 1.7271157377526936e-10
979.0 1.7271157377526936e-10
980.0 1.7271157377526936e-10
981.0 1.7271157377526936e-10
982.0 1.7271157377526936e-10
983.0 1.7271157377526936e-10
984.0 6.0091451814514585e-06
985.0 0.00010215779866484809
986.0 0.00019830645214824472
987.0 1.7271157377526936e-10
988.0 1.7271157377526936e-10
989.0 1.7271157377526936e-10
990.0 1.7271157377526936e-10
991.0 1.7271157377526936e-10
992.0 1.7271157377526936e-10
993.0 1.7271157377526936e-10
994.0 2.765468991583475e-05
995.0 1.7271157377526936e-10
996.0 1.7271157377526936e-10
997.0 5.631733870359312e-05
998.0 0.00026237225938530173
999.0 0.0002828720425895881
1000.0 0.0003033718030565069
1001.0 0.00015239550066326046
1002.0 1.4191665620444383e-06
1003.0 4.357613363481505e-05
1004.0 8.573314858040249e-05
1005.0 1.7271157377526936e-10
1006.0 1.7271157377526936e-10
1007.0 1.7271157377526936e-10
1008.0 0.00012021037036902271
1009.0 3.860685069412284e-05
1010.0 1.7271157377526936e-10
1011.0 6.480332785940845e-05
1012.0 0.00017260332469959394
1013.0 0.0003444882167968899
1014.0 0.0005163731657376047
1015.0 0.00046232080421759747
1016.0 0.0004082684881723253
1017.0 0.0004869942131335847
1018.0 0.0005657200745190494
1019.0 0.0003946011474909028
1020.0 0.00022348217498802114
1021.0 0.00016943081391218584
1022.0 0.00011537944146766677
1023.0 0.0004494659151532687
1024.0 0.0007835525138943922
1025.0 0.000647417164145736
1026.0 0.0005112818143970799
1027.0 0.0003777564415941015
1028.0 0.000244231023316388
1029.0 0.0006621205102419481
1030.0 0.0010800100426422432
1031.0 0.0016920932466746308
1032.0 0.0023041760869091377
1033.0 0.002592681994428858
1034.0 0.0028811873562517576
1035.0 0.0032973901397781447
1036.0 0.0037135923776077107
1037.0 0.0038110280002001673
1038.0 0.0039084628951968625
1039.0 0.0031333762308349833
1040.0 0.0023582899302709848
1041.0 0.001971791971300263
1042.0 0.0015852940123295411
1043.0 0.0020869405489065684
1044.0 0.0025885869035846554
1045.0 0.003073128391406499
1046.0 0.0035576700611272827
1047.0 0.0035516684874892235
1048.0 0.0035456669138511643
1049.0 0.003021250813617371
1050.0 0.0024968347133835778
1051.0 0.002582090201030951
1052.0 0.0026673458705772646
1053.0 0.0017388287233188748
1054.0 0.0008103113941615447
1055.0 0.0008011848876776639
1056.0 0.0007920581992948428
1057.0 0.000857485065353103
1058.0 0.0009229121133103035
1059.0 0.0009425833923160098
1060.0 0.000962255126069067
1061.0 0.0017593882148503326
1062.0 0.0025565208488842472
1063.0 0.0026222545784548856
1064.0 0.002687988308025524
1065.0 0.0029942240871605463
1066.0 0.0033004602300934494
1067.0 0.004129728404222988
1068.0 0.0049589969421504065
1069.0 0.0039199174352688715
1070.0 0.0028808379283873364
1071.0 0.002727112587308511
1072.0 0.002573386882431805
1073.0 0.002389181827311404
1074.0 0.002204976772191003
1075.0 0.002364848114666529
1076.0 0.0025247192752431147
1077.0 0.001953200808202382
1078.0 0.0013816820683132391
1079.0 0.0014928605196473654
1080.0 0.0016040392438299023
1081.0 0.0008016240826691501
1082.0 1.7271157377526936e-10
1083.0 1.7271157377526936e-10
1084.0 1.7271157377526936e-10
1085.0 0.00018679944560062722
1086.0 0.000791378624853678
1087.0 0.0008316902494698297
1088.0 0.0008720019650354516
1089.0 1.7271157377526936e-10
1090.0 1.7271157377526936e-10
1091.0 1.7271157377526936e-10
1092.0 1.7271157377526936e-10
1093.0 1.7271157377526936e-10
1094.0 0.00013915074532633298
1095.0 1.7271157377526936e-10
1096.0 1.7271157377526936e-10
1097.0 1.7271157377526936e-10
1098.0 1.7271157377526936e-10
1099.0 1.7271157377526936e-10
1100.0 7.821056442480767e-05
