lsstCam/transmission_filter_detector/r03_s12/i_39/19700101T000000.ecsv
# %ECSV 1.0
# ---
# datatype:
# - {name: wavelength, unit: nm, datatype: float32}
# - {name: efficiency, unit: '%', datatype: float64}
# meta: !!omap
# - {MODE: DETECTOR}
# - {TYPE: transmission_filter_detector}
# - {CALIBDATE: '1970-01-01T00:00:00'}
# - {INSTRUME: LSSTCam}
# - {OBSTYPE: transmission_filter_detector}
# - {CALIBCLS: lsst.ip.isr.IntermediateFilterDetectorTransmissionCurve}
# - {SOURCE: Materion (DM-46256)}
# - {DETECTOR: 23}
# - {FILTER: i_39}
# - {CALIB_ID: 'calibDate=1970-01-01T00:00:00 filter=i_39 detector=23'}
# - {DATE: '2025-04-02T15:59:46.585809'}
# - {CALIB_CREATION_DATE: '2025-04-02'}
# - {CALIB_CREATION_TIME: '15:59:46'}
# - __serialized_columns__:
#     efficiency:
#       __class__: astropy.units.quantity.Quantity
#       unit: !astropy.units.Unit {unit: '%'}
#       value: !astropy.table.SerializedColumn {name: efficiency}
#     wavelength:
#       __class__: astropy.units.quantity.Quantity
#       unit: !astropy.units.Unit {unit: nm}
#       value: !astropy.table.SerializedColumn {name: wavelength}
# schema: astropy-2.0
wavelength efficiency
300.0 0.07923922967165709
301.0 0.03682957321871072
302.0 1.7271157377526936e-10
303.0 0.013702550495509058
304.0 0.032985155121423304
305.0 0.03547926316969097
306.0 0.037973374128341675
307.0 0.014422170352190733
308.0 1.7271157377526936e-10
309.0 1.7271157377526936e-10
310.0 1.7271157377526936e-10
311.0 1.7271157377526936e-10
312.0 1.7271157377526936e-10
313.0 1.7271157377526936e-10
314.0 1.7271157377526936e-10
315.0 1.7271157377526936e-10
316.0 1.7271157377526936e-10
317.0 1.7271157377526936e-10
318.0 1.7271157377526936e-10
319.0 1.7271157377526936e-10
320.0 1.7271157377526936e-10
321.0 1.7271157377526936e-10
322.0 0.0008573032573622186
323.0 1.7271157377526936e-10
324.0 1.7271157377526936e-10
325.0 1.7271157377526936e-10
326.0 1.7271157377526936e-10
327.0 0.0006275942268985091
328.0 0.004204153810860589
329.0 0.0032687221391825005
330.0 0.0023332906494033523
331.0 0.001933493149408605
332.0 0.0015336960132117383
333.0 0.001265099854208529
334.0 0.0009965037861547899
335.0 0.00026303987397113815
336.0 1.7271157377526936e-10
337.0 0.0017226431737071835
338.0 0.0039157093851827085
339.0 0.0032214844395639375
340.0 0.002527259675844107
341.0 1.7271157377526936e-10
342.0 1.7271157377526936e-10
343.0 1.7271157377526936e-10
344.0 1.7271157377526936e-10
345.0 1.7271157377526936e-10
346.0 1.7271157377526936e-10
347.0 1.7271157377526936e-10
348.0 1.7271157377526936e-10
349.0 1.7271157377526936e-10
350.0 0.00029514176276279613
351.0 0.0003288128255007905
352.0 0.00036248418382456293
353.0 1.7271157377526936e-10
354.0 1.7271157377526936e-10
355.0 1.7271157377526936e-10
356.0 1.7271157377526936e-10
357.0 0.0004608583822118817
358.0 0.0015413816072396003
359.0 0.0015863895896472968
360.0 0.001631396844459232
361.0 0.0014546364582201932
362.0 0.0012778760719811544
363.0 0.0006619722626055591
364.0 4.6068504389040754e-05
365.0 0.0009271100680052768
366.0 0.001808152228477411
367.0 0.0011991917745035607
368.0 0.0005902313660044456
369.0 0.0013101127478876151
370.0 0.0020299941752455197
371.0 0.001576574140926823
372.0 0.0011231541066081263
373.0 0.0010922110050159972
374.0 0.0010612679034238681
375.0 0.0002946856966445921
376.0 1.7271157377526936e-10
377.0 1.7271157377526936e-10
378.0 0.00034515001061663497
379.0 5.007159415981732e-05
380.0 1.7271157377526936e-10
381.0 1.7271157377526936e-10
382.0 1.7271157377526936e-10
383.0 1.7271157377526936e-10
384.0 0.0012144676475145388
385.0 0.0012823586985177826
386.0 0.0013502493857231457
387.0 0.00013569994052886614
388.0 1.7271157377526936e-10
389.0 1.7271157377526936e-10
390.0 1.7271157377526936e-10
391.0 1.7271157377526936e-10
392.0 1.7271157377526936e-10
393.0 1.7271157377526936e-10
394.0 0.0009347812010673806
395.0 1.7271157377526936e-10
396.0 1.7271157377526936e-10
397.0 1.7271157377526936e-10
398.0 1.7271157377526936e-10
399.0 1.7271157377526936e-10
400.0 0.0005856325060449308
401.0 1.7271157377526936e-10
402.0 1.7271157377526936e-10
403.0 1.7271157377526936e-10
404.0 0.0025115259632002562
405.0 0.004698815973824821
406.0 0.006886105256853625
407.0 0.002879165913327597
408.0 1.7271157377526936e-10
409.0 1.7271157377526936e-10
410.0 1.7271157377526936e-10
411.0 0.0015151412299019285
412.0 0.0036103556340094656
413.0 0.0036873723729513586
414.0 0.003764389839489013
415.0 0.0038324647903209552
416.0 0.0039005393773550168
417.0 0.002965301609947346
418.0 0.0020300638425396755
419.0 0.003531058246153407
420.0 0.005032052285969257
421.0 0.004752519089379348
422.0 0.004472985892789438
423.0 0.004847344825975597
424.0 0.0052217037591617554
425.0 0.0036606157664209604
426.0 0.0020995268641854636
427.0 0.003243414539610967
428.0 0.004387302396935411
429.0 0.005335360765457153
430.0 0.006283420225372538
431.0 0.005099838017486036
432.0 0.003916256537195295
433.0 0.005078790491097607
434.0 0.00624132517259568
435.0 0.004637440724764019
436.0 0.003033557914022822
437.0 0.002369164394622203
438.0 0.0017047710571205243
439.0 0.002044445864157751
440.0 0.002384121216891799
441.0 0.0010406350156699773
442.0 1.7271157377526936e-10
443.0 1.7271157377526936e-10
444.0 4.290295123610122e-05
445.0 5.832820306750364e-05
446.0 7.375392101494072e-05
447.0 0.0003708778649524902
448.0 0.000668001894155168
449.0 1.7271157377526936e-10
450.0 1.7271157377526936e-10
451.0 1.039236039446223e-05
452.0 0.0010062120963993948
453.0 0.0015484123650821857
454.0 0.0020906130885123275
455.0 0.002073418363579549
456.0 0.0020562238205457106
457.0 0.0013488072909240145
458.0 0.0006413906248781132
459.0 0.0002132863755832659
460.0 1.7271157377526936e-10
461.0 0.00020939910427841824
462.0 0.000633616173217888
463.0 0.00014212072301234002
464.0 1.7271157377526936e-10
465.0 4.7389761448357604e-05
466.0 0.0004441541477717692
467.0 0.0005233274805505062
468.0 0.000602500767854508
469.0 0.0002748224687820766
470.0 1.7271157377526936e-10
471.0 0.0003613068429331179
472.0 0.0007754695616313256
473.0 0.0010688085239962675
474.0 0.00136214785015909
475.0 0.0007590757832076633
476.0 0.0001560040232106985
477.0 0.0007543623269157251
478.0 0.001352720573777333
479.0 0.001240563051396748
480.0 0.0011284055290161632
481.0 0.0024331033273483627
482.0 0.003737799488590099
483.0 0.004890651325695217
484.0 0.006043503162800334
485.0 0.0060531248891493306
486.0 0.006062746615498327
487.0 0.008894926577340811
488.0 0.011727106902981177
489.0 0.015809675096534193
490.0 0.01989224401768297
491.0 0.023354546283371747
492.0 0.026816848549060524
493.0 0.029773189453408122
494.0 0.032729533268138766
495.0 0.02922925923485309
496.0 0.025728976470418274
497.0 0.019695647642947733
498.0 0.01366231736028567
499.0 0.009813356155063957
500.0 0.005964396768831648
501.0 0.004367378642200492
502.0 0.0027703610612661578
503.0 0.002424450394755695
504.0 0.0020785393644473515
505.0 0.0019161092495778576
506.0 0.0017536791347083636
507.0 0.001884439006971661
508.0 0.0020151983335381374
509.0 0.0022698181055602618
510.0 0.0025244380594813265
511.0 0.002079254772979766
512.0 0.0016340713045792654
513.0 0.0015980467651388608
514.0 0.0015620220437995158
515.0 0.002181091986130923
516.0 0.0028001619284623303
517.0 0.0022478585378848948
518.0 0.0016955553292063996
519.0 0.0019279683328932151
520.0 0.002160381518478971
521.0 0.0018365157302469015
522.0 0.001512649942014832
523.0 0.0015518160580541007
524.0 0.00159098253789125
525.0 0.0019786437405855395
526.0 0.002366304579481948
527.0 0.0026563586288830265
528.0 0.0029464128601830453
529.0 0.003073419793508947
530.0 0.003200426363036968
531.0 0.0029267304853419773
532.0 0.002653034789545927
533.0 0.002185477569582872
534.0 0.001717920349619817
535.0 0.0016707512259017676
536.0 0.0016235819202847779
537.0 0.0022794263713876717
538.0 0.0029352702767937444
539.0 0.0034059670724673197
540.0 0.0038766636862419546
541.0 0.00454048604296986
542.0 0.005204308763495646
543.0 0.005111704740556888
544.0 0.0050191003538202494
545.0 0.0042517876863712445
546.0 0.0034844753827201203
547.0 0.0026408328267280012
548.0 0.0017971902707358822
549.0 0.0017377729818690568
550.0 0.0016783558749011718
551.0 0.00146395068441052
552.0 0.0012495456758188084
553.0 0.0016818064977996983
554.0 0.002114067319780588
555.0 0.0016270390915451571
556.0 0.0011400108633097261
557.0 0.0008991154572868254
558.0 0.0006582200057891896
559.0 0.0002168286755477311
560.0 1.7271157377526936e-10
561.0 0.0005201162366574863
562.0 0.0012647952644329052
563.0 0.0013749447134614456
564.0 0.0014850942534394562
565.0 0.0011999482921964955
566.0 0.0009148024219030049
567.0 0.001006120419333456
568.0 0.0010974385986628477
569.0 0.0008873839760781266
570.0 0.0006773290351702599
571.0 0.000417091769122635
572.0 0.0001568544803376426
573.0 0.0003853448106383439
574.0 0.0006138351636764128
575.0 0.0004915629233437357
576.0 0.00036929059206158854
577.0 0.00047815151447139215
578.0 0.0005870123459317256
579.0 0.0002711788056330988
580.0 1.7271157377526936e-10
581.0 0.0001152567506323976
582.0 0.0002751681677182205
583.0 0.00046777727220614906
584.0 0.0006603862857446074
585.0 0.0008292749043903314
586.0 0.0009981637958844658
587.0 0.0008869324119586963
588.0 0.0007757010280329268
589.0 0.0006565654985024594
590.0 0.0005374299689719919
591.0 0.0008476034054183401
592.0 0.0011577771147130989
593.0 0.0007615407866978785
594.0 0.0003653043222584529
595.0 0.0006627766651945421
596.0 0.0009602488717064261
597.0 0.0007107569672371028
598.0 0.00046126515371724963
599.0 0.0005044541012466652
600.0 0.0005476429123518756
601.0 0.000482442601423827
602.0 0.00041724224502104335
603.0 0.00035231053061579587
604.0 0.00028737863431160804
605.0 0.00024793318971205736
606.0 0.00020848779058724176
607.0 0.00046221225602494087
608.0 0.0007159366305131698
609.0 0.0005250517006061273
610.0 0.00033416652058804175
611.0 0.0005675457941833884
612.0 0.0008009251359908376
613.0 0.0005443316695163958
614.0 0.0002877382712540566
615.0 1.7271157377526936e-10
616.0 1.7271157377526936e-10
617.0 1.7271157377526936e-10
618.0 8.623699727650092e-05
619.0 0.0002145593498426024
620.0 0.00034288170809304575
621.0 0.0005133902050147299
622.0 0.0006838986791990465
623.0 0.0005732958925364073
624.0 0.0004626931513485033
625.0 0.00044088365029892884
626.0 0.00041907424019882455
627.0 0.0003127424861304462
628.0 0.00020641075479943538
629.0 0.00033397973311366513
630.0 0.0004615487796399975
631.0 0.0004240871930960566
632.0 0.00038662565202685073
633.0 0.0004314781108405441
634.0 0.0004763305696542375
635.0 0.00037911190702288877
636.0 0.00028189317617943743
637.0 0.00025652500426076585
638.0 0.00023115667318052147
639.0 0.0005393796982389176
640.0 0.0008476025868731085
641.0 0.000595343499298906
642.0 0.00034308434351260075
643.0 0.0005580285687756259
644.0 0.0007729728167760186
645.0 0.0007302732228708919
646.0 0.0006875737199152354
647.0 0.0008256187356892042
648.0 0.0009636642062105238
649.0 0.0007823819942132104
650.0 0.0006010998276906321
651.0 0.0008175109542207792
652.0 0.0010339222171751317
653.0 0.0011596261174418032
654.0 0.0012853299267590046
655.0 0.0018854925656341948
656.0 0.0024856550226104446
657.0 0.0033858777896966785
658.0 0.004286099647288211
659.0 0.006637216574745253
660.0 0.06444646278396249
661.0 0.06742547266185284
662.0 0.07512481533922255
663.0 0.11936821974813938
664.0 0.10920878266915679
665.0 0.1240734476596117
666.0 0.1400388078764081
667.0 0.1616946654394269
668.0 0.17712775152176619
669.0 0.2320804400369525
670.0 0.28089117258787155
671.0 0.4767694044858217
672.0 0.6865015719085932
673.0 1.1037759482860565
674.0 1.7055932432413101
675.0 2.4965954944491386
676.0 3.5276345908641815
677.0 4.887808114290237
678.0 6.279600411653519
679.0 7.711296528577805
680.0 9.590000659227371
681.0 11.606677621603012
682.0 14.13452923297882
683.0 16.96457713842392
684.0 19.980765879154205
685.0 22.96077311038971
686.0 25.92932879924774
687.0 29.113295674324036
688.0 32.208555936813354
689.0 35.33034324645996
690.0 38.97453844547272
691.0 42.81481206417084
692.0 47.49772548675537
693.0 52.5726318359375
694.0 58.32730531692505
695.0 63.929325342178345
696.0 70.17964720726013
697.0 75.79454183578491
698.0 81.94404244422913
699.0 86.62473559379578
700.0 90.33050537109375
701.0 93.32768321037292
702.0 95.42721509933472
703.0 96.59807085990906
704.0 97.15660214424133
705.0 97.6743996143341
706.0 97.71214723587036
707.0 97.8918731212616
708.0 97.94601798057556
709.0 97.98136949539185
710.0 97.7457344532013
711.0 97.92534112930298
712.0 97.88511395454407
713.0 97.83799648284912
714.0 97.96295762062073
715.0 97.99728393554688
716.0 97.89686799049377
717.0 98.12744855880737
718.0 98.10636639595032
719.0 98.0965793132782
720.0 98.31197261810303
721.0 98.3055055141449
722.0 98.04550409317017
723.0 97.75660634040833
724.0 97.50163555145264
725.0 97.25559949874878
726.0 96.82803750038147
727.0 96.55669927597046
728.0 96.35192155838013
729.0 96.08917236328125
730.0 96.10567092895508
731.0 96.17722630500793
732.0 96.22552394866943
733.0 96.53570055961609
734.0 96.87738418579102
735.0 97.14108109474182
736.0 97.56401181221008
737.0 97.91451692581177
738.0 98.20902347564697
739.0 98.54902029037476
740.0 98.60066771507263
741.0 98.47682118415833
742.0 98.81440997123718
743.0 98.63473773002625
744.0 98.48443865776062
745.0 98.49317669868469
746.0 98.41578602790833
747.0 98.68977069854736
748.0 98.54592084884644
749.0 98.45711588859558
750.0 98.43676686286926
751.0 98.335862159729
752.0 98.29636216163635
753.0 98.47986698150635
754.0 98.44911694526672
755.0 98.56523871421814
756.0 98.51181507110596
757.0 98.51356148719788
758.0 98.5903263092041
759.0 98.66519570350647
760.0 98.55145215988159
761.0 98.38102459907532
762.0 98.56624007225037
763.0 98.46858382225037
764.0 98.35906028747559
765.0 98.28735589981079
766.0 98.39603304862976
767.0 98.15687537193298
768.0 98.2510507106781
769.0 98.28155636787415
770.0 98.02239537239075
771.0 98.11770915985107
772.0 98.13239574432373
773.0 98.06041717529297
774.0 97.94591665267944
775.0 98.00563454627991
776.0 97.98704981803894
777.0 97.97025918960571
778.0 97.92238473892212
779.0 97.9387879371643
780.0 97.78210520744324
781.0 98.0470597743988
782.0 97.79483675956726
783.0 97.82266616821289
784.0 97.84703850746155
785.0 98.08881282806396
786.0 98.16012978553772
787.0 97.9374885559082
788.0 98.00992012023926
789.0 98.04861545562744
790.0 98.07566404342651
791.0 98.0794608592987
792.0 97.94687628746033
793.0 97.928386926651
794.0 97.90315628051758
795.0 97.83544540405273
796.0 97.88171052932739
797.0 97.97635078430176
798.0 97.98224568367004
799.0 97.9016363620758
800.0 97.67296314239502
801.0 97.78964519500732
802.0 97.62909412384033
803.0 97.41179943084717
804.0 97.27924466133118
805.0 97.01828360557556
806.0 96.73681259155273
807.0 96.20038866996765
808.0 95.5461859703064
809.0 94.72618699073792
810.0 93.63284707069397
811.0 92.24031567573547
812.0 90.34268856048584
813.0 88.1593108177185
814.0 85.31956672668457
815.0 82.22065567970276
816.0 78.76567840576172
817.0 74.62759017944336
818.0 69.86507773399353
819.0 65.56434631347656
820.0 60.46832799911499
821.0 55.835121870040894
822.0 51.279377937316895
823.0 46.64338529109955
824.0 41.97895526885986
825.0 37.701138854026794
826.0 33.20377171039581
827.0 28.600183129310608
828.0 24.375927448272705
829.0 20.106594264507294
830.0 15.70168137550354
831.0 12.296860665082932
832.0 8.815634995698929
833.0 6.050433963537216
834.0 3.91986146569252
835.0 2.4291856214404106
836.0 1.457240805029869
837.0 0.8332226425409317
838.0 0.49123470671474934
839.0 0.28108402621001005
840.0 0.12423243606463075
841.0 0.1031829509884119
842.0 0.0570041302125901
843.0 0.017209922953043133
844.0 0.015914704999886453
845.0 1.7271157377526936e-10
846.0 1.7271157377526936e-10
847.0 1.7271157377526936e-10
848.0 1.7271157377526936e-10
849.0 1.7271157377526936e-10
850.0 1.7271157377526936e-10
851.0 1.7271157377526936e-10
852.0 0.0011502276720420923
853.0 0.0011839409125968814
854.0 0.001217654426000081
855.0 0.0009241670340998098
856.0 0.0006306797786237439
857.0 0.0007651666237507015
858.0 0.0008996531505545136
859.0 0.0005097141183796339
860.0 0.00011977489293713006
861.0 0.00024210539777413942
862.0 0.0003644358002929948
863.0 0.00017718888329909532
864.0 1.7271157377526936e-10
865.0 1.7272655838951323e-05
866.0 4.460320610633062e-05
867.0 0.0001357932319479005
868.0 0.00022698318389302585
869.0 2.0944438006154087e-05
870.0 1.7271157377526936e-10
871.0 1.7271157377526936e-10
872.0 9.69637540038093e-05
873.0 0.00010546121984589263
874.0 0.0001139586288445571
875.0 0.00014365202787303133
876.0 0.00017334542690150556
877.0 1.7271157377526936e-10
878.0 1.7271157377526936e-10
879.0 1.7271157377526936e-10
880.0 0.0004076885034010047
881.0 0.00020141476397839142
882.0 1.7271157377526936e-10
883.0 0.00022948431706026895
884.0 0.0004638275640900247
885.0 0.00021018583993281936
886.0 1.7271157377526936e-10
887.0 2.4260458530989126e-05
888.0 9.197681265504798e-05
889.0 1.7271157377526936e-10
890.0 1.7271157377526936e-10
891.0 4.389968921714171e-05
892.0 0.00021870043838134734
893.0 0.00022252577309700428
894.0 0.0002263511078126612
