lsstCam/transmission_filter_detector/r31_s00/y_10/19700101T000000.ecsv
# %ECSV 1.0
# ---
# datatype:
# - {name: wavelength, unit: nm, datatype: float32}
# - {name: efficiency, unit: '%', datatype: float64}
# meta: !!omap
# - {MODE: DETECTOR}
# - {TYPE: transmission_filter_detector}
# - {CALIBDATE: '1970-01-01T00:00:00'}
# - {INSTRUME: LSSTCam}
# - {OBSTYPE: transmission_filter_detector}
# - {CALIBCLS: lsst.ip.isr.IntermediateFilterDetectorTransmissionCurve}
# - {SOURCE: Materion (DM-46256)}
# - {DETECTOR: 126}
# - {FILTER: y_10}
# - {CALIB_ID: 'calibDate=1970-01-01T00:00:00 filter=y_10 detector=126'}
# - {DATE: '2025-04-02T15:59:51.326988'}
# - {CALIB_CREATION_DATE: '2025-04-02'}
# - {CALIB_CREATION_TIME: '15:59:51'}
# - __serialized_columns__:
#     efficiency:
#       __class__: astropy.units.quantity.Quantity
#       unit: !astropy.units.Unit {unit: '%'}
#       value: !astropy.table.SerializedColumn {name: efficiency}
#     wavelength:
#       __class__: astropy.units.quantity.Quantity
#       unit: !astropy.units.Unit {unit: nm}
#       value: !astropy.table.SerializedColumn {name: wavelength}
# schema: astropy-2.0
wavelength efficiency
[from data line 578]
878.0 0.0021449885025504045
879.0 0.0018713359168032184
880.0 0.07484828820452094
881.0 0.11083903955295682
882.0 0.07693080697208643
883.0 0.10991307208314538
884.0 0.07365617784671485
885.0 0.09336481452919543
886.0 0.0766320968978107
887.0 0.09327978477813303
888.0 0.06606627139262855
889.0 0.09647521073929965
890.0 0.0643055303953588
891.0 0.10053629521280527
892.0 0.07414215942844748
893.0 0.11787691619247198
894.0 0.07814523414708674
895.0 0.09821035200729966
896.0 0.08404988911934197
897.0 0.11484527494758368
898.0 0.08110952330753207
899.0 0.1306269085034728
900.0 0.1003850600682199
901.0 0.1263447105884552
902.0 0.16284764278680086
903.0 0.18340168753638864
904.0 0.20268922671675682
905.0 0.2436209935694933
906.0 0.295603321865201
907.0 0.36917051766067743
908.0 0.48600761219859123
909.0 0.6681554485112429
910.0 0.9436517022550106
911.0 1.3412323780357838
912.0 1.9763093441724777
913.0 2.9461372643709183
914.0 4.115982726216316
915.0 5.854647979140282
916.0 7.984224706888199
917.0 10.33831536769867
918.0 13.060548901557922
919.0 15.65997302532196
920.0 19.173306226730347
921.0 22.775429487228394
922.0 26.352158188819885
923.0 30.62945008277893
924.0 35.268956422805786
925.0 40.440523624420166
926.0 46.68920338153839
927.0 53.4812867641449
928.0 59.47369337081909
929.0 66.01980924606323
930.0 71.77252173423767
931.0 77.41325497627258
932.0 82.6026439666748
933.0 86.98986768722534
934.0 90.18728137016296
935.0 92.43837594985962
936.0 94.12728548049927
937.0 95.37221193313599
938.0 96.15294337272644
939.0 96.51749730110168
940.0 96.82402014732361
941.0 97.0238745212555
942.0 97.18046188354492
943.0 97.2382664680481
944.0 97.52830266952515
945.0 97.50058650970459
946.0 97.54250645637512
947.0 97.50782251358032
948.0 97.65296578407288
949.0 97.56094813346863
950.0 97.66854047775269
951.0 97.7402925491333
952.0 97.79753684997559
953.0 97.99400568008423
954.0 98.08688163757324
955.0 98.17178249359131
956.0 98.33213686943054
957.0 98.54141473770142
958.0 98.65774512290955
959.0 98.74195456504822
960.0 98.81120920181274
961.0 98.86396527290344
962.0 98.9300549030304
963.0 98.93741607666016
964.0 98.9683449268341
965.0 98.96058440208435
966.0 99.07152652740479
967.0 99.14421439170837
968.0 99.13983345031738
969.0 99.09632802009583
970.0 99.1727888584137
971.0 99.2244005203247
972.0 99.24072027206421
973.0 99.3323028087616
974.0 99.34117197990417
975.0 99.30631518363953
976.0 99.39072132110596
977.0 99.33823347091675
978.0 99.4016945362091
979.0 99.34979677200317
980.0 99.30891394615173
981.0 99.20849800109863
982.0 99.14982318878174
983.0 99.17964935302734
984.0 99.12099838256836
985.0 99.13283586502075
986.0 99.04265403747559
987.0 99.06952977180481
988.0 98.97768497467041
989.0 98.98999333381653
990.0 98.93550872802734
991.0 98.98537993431091
992.0 99.05861020088196
993.0 98.99630546569824
994.0 98.98768067359924
995.0 99.06653165817261
996.0 99.01849031448364
997.0 99.14965629577637
998.0 99.18918013572693
999.0 99.19503927230835
1000.0 99.24435615539551
1001.0 99.18785691261292
1002.0 99.32019114494324
1003.0 99.32576417922974
1004.0 99.41096305847168
1005.0 99.3085503578186
1006.0 99.44514036178589
1007.0 99.42817091941833
1008.0 99.37350153923035
1009.0 99.34214353561401
1010.0 99.3380069732666
1011.0 99.37108159065247
1012.0 99.27390217781067
1013.0 99.2860198020935
1014.0 99.25748109817505
1015.0 99.21828508377075
1016.0 99.21481013298035
1017.0 99.26866292953491
1018.0 99.30437803268433
1019.0 99.19829368591309
1020.0 99.2767870426178
1021.0 99.42730665206909
1022.0 99.28144812583923
1023.0 99.30484294891357
1024.0 99.28091168403625
1025.0 99.33221936225891
1026.0 99.38526749610901
1027.0 99.46759343147278
1028.0 99.43885803222656
1029.0 99.53827261924744
1030.0 99.53280687332153
1031.0 99.47808980941772
1032.0 99.50292110443115
1033.0 99.45406317710876
1034.0 99.50518012046814
1035.0 99.55785274505615
1036.0 99.45645928382874
1037.0 99.53218102455139
1038.0 99.41849112510681
1039.0 99.38450455665588
1040.0 99.29503798484802
1041.0 99.38346743583679
1042.0 99.31344389915466
1043.0 99.25041794776917
1044.0 99.27232265472412
1045.0 99.1019606590271
1046.0 99.22741651535034
1047.0 99.13151860237122
1048.0 99.2245078086853
1049.0 99.19137358665466
1050.0 99.14208650588989
1051.0 99.18764233589172
1052.0 99.12124276161194
1053.0 98.97672533988953
1054.0 99.22187924385071
1055.0 99.30055737495422
1056.0 99.10085201263428
1057.0 99.32299852371216
1058.0 99.05434846878052
1059.0 99.11370277404785
1060.0 99.28149580955505
1061.0 99.14407134056091
1062.0 99.22119975090027
1063.0 99.1944670677185
1064.0 99.29032325744629
1065.0 99.15254712104797
1066.0 99.17367696762085
1067.0 99.33661818504333
1068.0 99.15354251861572
1069.0 98.98127317428589
1070.0 99.4196891784668
1071.0 99.20897483825684
1072.0 99.28817749023438
1073.0 99.39192533493042
1074.0 99.00287985801697
1075.0 98.88150095939636
1076.0 98.92500638961792
1077.0 99.23700094223022
1078.0 99.19118881225586
1079.0 98.9960253238678
1080.0 99.6921718120575
1081.0 98.87750744819641
1082.0 98.99510741233826
1083.0 98.86038899421692
1084.0 99.31895136833191
1085.0 99.01750683784485
1086.0 99.02098178863525
1087.0 98.98216128349304
1088.0 98.75012040138245
1089.0 98.78396987915039
1090.0 98.70598316192627
1091.0 98.86807799339294
1092.0 98.76805543899536
1093.0 98.7913966178894
1094.0 98.74295592308044
1095.0 98.71864318847656
1096.0 98.82270693778992
1097.0 98.4981119632721
1098.0 98.07390570640564
1099.0 98.92969727516174
1100.0 98.34738373756409
