lsstCam/transmission_filter_detector/r31_s00/y_10/19700101T000000.ecsv
# %ECSV 1.0
# ---
# datatype:
# - {name: wavelength, unit: nm, datatype: float32}
# - {name: efficiency, unit: '%', datatype: float64}
# meta: !!omap
# - {MODE: DETECTOR}
# - {TYPE: transmission_filter_detector}
# - {CALIBDATE: '1970-01-01T00:00:00'}
# - {INSTRUME: LSSTCam}
# - {OBSTYPE: transmission_filter_detector}
# - {CALIBCLS: lsst.ip.isr.IntermediateFilterDetectorTransmissionCurve}
# - {SOURCE: Materion (DM-46256)}
# - {DETECTOR: 126}
# - {FILTER: y_10}
# - {CALIB_ID: 'calibDate=1970-01-01T00:00:00 filter=y_10 detector=126'}
# - {DATE: '2025-04-02T15:59:51.326988'}
# - {CALIB_CREATION_DATE: '2025-04-02'}
# - {CALIB_CREATION_TIME: '15:59:51'}
# - __serialized_columns__:
#     efficiency:
#       __class__: astropy.units.quantity.Quantity
#       unit: !astropy.units.Unit {unit: '%'}
#       value: !astropy.table.SerializedColumn {name: efficiency}
#     wavelength:
#       __class__: astropy.units.quantity.Quantity
#       unit: !astropy.units.Unit {unit: nm}
#       value: !astropy.table.SerializedColumn {name: wavelength}
# schema: astropy-2.0
wavelength efficiency
300.0 0.01852419227361679
301.0 0.017752949497662485
302.0 0.01698170672170818
303.0 0.015421267016790807
304.0 0.013860827311873436
305.0 0.011315219308016822
306.0 0.0087696076661814
307.0 0.009777574450708926
308.0 0.010785541235236451
309.0 0.010218457464361563
310.0 0.009651377331465483
311.0 0.006709065928589553
312.0 0.0037667559809051454
313.0 0.004008473479188979
314.0 0.00425018988607917
315.0 0.00252653808274772
316.0 0.0008028860975173302
317.0 0.002670543472049758
318.0 0.004538199937087484
319.0 0.0029425125831039622
320.0 0.0013468246834236197
321.0 0.0011029309462173842
322.0 0.0008590372999606188
323.0 0.0029825432648067363
324.0 0.0051060491387033835
325.0 0.002804885843943339
326.0 0.0005037228220317047
327.0 0.001357956170977559
328.0 0.0022121892470750026
329.0 0.002689232314878609
330.0 0.003166275200783275
331.0 0.002952328941319138
332.0 0.002738382863753941
333.0 0.0032164331059902906
334.0 0.0036944831663277
335.0 0.003119865505141206
336.0 0.002545247298257891
337.0 0.00203152812900953
338.0 0.0015178088688116986
339.0 0.0010169145753025077
340.0 0.0005160205091669923
341.0 0.0010037773790827487
342.0 0.0014915341125742998
343.0 0.0012462856830097735
344.0 0.0010010370715463068
345.0 0.0010411810762889218
346.0 0.0010813250810315367
347.0 0.0010539980394241866
348.0 0.001026671270665247
349.0 0.0007038682269921992
350.0 0.0003810650923696812
351.0 0.0009592053174856119
352.0 0.0015373456335510127
353.0 0.0016033294741646387
354.0 0.001669313496677205
355.0 0.001903854172269348
356.0 0.002138394665962551
357.0 0.001905764474940952
358.0 0.0016731346477172337
359.0 0.0012741473256028257
360.0 0.0008751600034884177
361.0 0.0008543377589376178
362.0 0.0008335155143868178
363.0 0.0007993852705112658
364.0 0.000765255117585184
365.0 0.001191412957268767
366.0 0.0016175710698007606
367.0 0.001702549161564093
368.0 0.0017875268895295449
369.0 0.001611224070074968
370.0 0.0014349212506203912
371.0 0.0013636520634463523
372.0 0.0012923830581712537
373.0 0.001650823833188042
374.0 0.0020092646082048304
375.0 0.0029328137316042557
376.0 0.0038563630369026214
377.0 0.004001138950116001
378.0 0.0041459152271272615
379.0 0.0036671281122835353
380.0 0.00318834136123769
381.0 0.0023718332158750854
382.0 0.0015553248886135407
383.0 0.0012078391591785476
384.0 0.0008603532478446141
385.0 0.0008522970347257797
386.0 0.0008442408216069452
387.0 0.0008031646757444832
388.0 0.000762088393457816
389.0 0.0006185391157487174
390.0 0.0004749898380396189
391.0 0.000494786672788905
392.0 0.0005145833711139858
393.0 0.000617807882008492
394.0 0.000721032256478793
395.0 0.000662993079458829
396.0 0.0006049537205399247
397.0 0.0007872448804846499
398.0 0.0009695358130556997
399.0 0.0011431315215304494
400.0 0.0013167270481062587
401.0 0.0014668428775621578
402.0 0.0016169586160685867
403.0 0.0017789690900826827
404.0 0.0019409793821978383
405.0 0.001946865268109832
406.0 0.001952751335920766
407.0 0.0016894742657314055
408.0 0.0014261973774409853
409.0 0.001226019776368048
410.0 0.00102584172054776
411.0 0.0011247004295000806
412.0 0.001223558956553461
413.0 0.0006205227691680193
414.0 1.7486598835603218e-05
415.0 0.0002552379328335519
416.0 0.0004929893293592613
417.0 1.6030265222871654e-10
418.0 1.6030265222871654e-10
419.0 1.6030265222871654e-10
420.0 1.6030265222871654e-10
421.0 1.6030265222871654e-10
422.0 1.6030265222871654e-10
423.0 0.0005531920578505378
424.0 0.0012835979759984184
425.0 0.0003108039891230874
426.0 1.6030265222871654e-10
427.0 1.6030265222871654e-10
428.0 0.0004830318630411057
429.0 1.6078672615549294e-05
430.0 1.6030265222871654e-10
431.0 5.9959728559988434e-05
432.0 0.0005707937816623598
433.0 1.6030265222871654e-10
434.0 1.6030265222871654e-10
435.0 1.6030265222871654e-10
436.0 0.0008103362233669031
437.0 0.0002947222810689709
438.0 1.6030265222871654e-10
439.0 0.00013250606798465014
440.0 0.0004859036380366888
441.0 0.0005353081633074908
442.0 0.0005847129159519682
443.0 0.0006076382760511478
444.0 0.0006305636361503275
445.0 0.0007105576514732093
446.0 0.0007905515303718857
447.0 0.0006187530289025744
448.0 0.0004469547093322035
449.0 1.6030265222871654e-10
450.0 1.6030265222871654e-10
451.0 1.6030265222871654e-10
452.0 7.734967653050262e-05
453.0 6.024730510034715e-05
454.0 4.314493651236262e-05
455.0 0.00042578990360198077
456.0 0.0008084348337433767
457.0 0.000125353244584403
458.0 1.6030265222871654e-10
459.0 1.6030265222871654e-10
460.0 1.6030265222871654e-10
461.0 3.0647646553916275e-05
462.0 0.0005295739356370177
463.0 0.0005415382929641055
464.0 0.0005535027412406635
465.0 0.0006251194008655148
466.0 0.0006967361059651012
467.0 0.0009638995834393427
468.0 0.0012310631063883193
469.0 0.0014621632544731256
470.0 0.0016932635844568722
471.0 0.0019105375031358562
472.0 0.0021278110580169596
473.0 0.0022457694285549223
474.0 0.0023637276171939448
475.0 0.002669197965587955
476.0 0.002974668132083025
477.0 0.002976538598886691
478.0 0.002978408883791417
479.0 0.0034035030694212765
480.0 0.003828597255051136
481.0 0.00420819669670891
482.0 0.004587795774568804
483.0 0.00428063576691784
484.0 0.003973475759266876
485.0 0.003766218651435338
486.0 0.003558961907401681
487.0 0.0032696691050659865
488.0 0.002980376666528173
489.0 0.0026473946491023526
490.0 0.002314412449777592
491.0 0.001968598189705517
492.0 0.001622784293431323
493.0 0.0016449328541057184
494.0 0.0016670812328811735
495.0 0.0016770634829299524
496.0 0.001687045551079791
497.0 0.0017026612113113515
498.0 0.0017182766896439716
499.0 0.0018346121578360908
500.0 0.0019509474441292696
501.0 0.0024536571800126694
502.0 0.0029563670977950096
503.0 0.002982101432280615
504.0 0.0030078357667662203
505.0 0.0026558240278973244
506.0 0.002303812107129488
507.0 0.0022788664864492603
508.0 0.0022539208657690324
509.0 0.0019466398953227326
510.0 0.0016393591067753732
511.0 0.0015991321561159566
512.0 0.00155890520545654
513.0 0.0018912733139586635
514.0 0.0022236417862586677
515.0 0.001969277400348801
516.0 0.0017149133782368153
517.0 0.0015993733541108668
518.0 0.0014838335118838586
519.0 0.0012243446690263227
520.0 0.0009648557352193166
521.0 0.0013902778846386354
522.0 0.0018157001250074245
523.0 0.0018743245163932443
524.0 0.0019329490896780044
525.0 0.0020250343368388712
526.0 0.0021171197658986785
527.0 0.002106735155393835
528.0 0.0020963507267879322
529.0 0.002181580384785775
530.0 0.0022668098608846776
531.0 0.0021564404960372485
532.0 0.0020460713130887598
533.0 0.001941481968970038
534.0 0.0018368926248513162
535.0 0.0015433803127962165
536.0 0.0012498679097916465
537.0 0.001941941081895493
538.0 0.0026340143449488096
539.0 0.002950414636870846
540.0 0.003266815110691823
541.0 0.003578780888346955
542.0 0.0038907466660020873
543.0 0.00447504389740061
544.0 0.005059340765001252
545.0 0.005104425872559659
546.0 0.005149511343915947
547.0 0.00450370462203864
548.0 0.0038578979001613334
549.0 0.0030649414838990197
550.0 0.0022719848857377656
551.0 0.0023503949705627747
552.0 0.002428805237286724
553.0 0.002761038558674045
554.0 0.0030932718800613657
555.0 0.0039060396375134587
556.0 0.004718807031167671
557.0 0.004449324842425995
558.0 0.004179842289886437
559.0 0.003998509419034235
560.0 0.0038171772757777944
561.0 0.00398416887037456
562.0 0.004151160464971326
563.0 0.0037660454836441204
564.0 0.003380930866114795
565.0 0.00353870855178684
566.0 0.003696485873661004
567.0 0.00402999903599266
568.0 0.004363512198324315
569.0 0.0049444115575170144
570.0 0.005525311280507594
571.0 0.005796782716060989
572.0 0.006068254515412264
573.0 0.006296417268458754
574.0 0.006524580385303125
575.0 0.006472583481809124
576.0 0.006420586578315124
577.0 0.00602285799686797
578.0 0.005625129415420815
579.0 0.005752529250457883
580.0 0.00587992872169707
581.0 0.006717137148370966
582.0 0.007554345211246982
583.0 0.008556416287319735
584.0 0.009558488090988249
585.0 0.00994884903775528
586.0 0.010339209256926551
587.0 0.010592709440970793
588.0 0.010846210352610797
589.0 0.010690480849007145
590.0 0.010534754255786538
591.0 0.009844647865975276
592.0 0.009154542203759775
593.0 0.007972670573508367
594.0 0.006790798215661198
595.0 0.006163465150166303
596.0 0.005536132812267169
597.0 0.00605466884735506
598.0 0.00657320415484719
599.0 0.007418690074700862
600.0 0.008264175994554535
601.0 0.009143698116531596
602.0 0.010023220238508657
603.0 0.010420910257380456
604.0 0.0108186031866353
605.0 0.010902080975938588
606.0 0.010985559492837638
607.0 0.009718052024254575
608.0 0.008450545283267274
609.0 0.006721026875311509
610.0 0.004991508103557862
611.0 0.004219741094857454
612.0 0.0034479740861570463
613.0 0.003515983553370461
614.0 0.003583993384381756
615.0 0.0044554955820785835
616.0 0.00532699741597753
617.0 0.006801550625823438
618.0 0.008276101289084181
619.0 0.009372485510539263
620.0 0.010468869004398584
621.0 0.011003072722814977
622.0 0.011537279351614416
623.0 0.01180467734229751
624.0 0.012072074605384842
625.0 0.010777323768706992
626.0 0.009482570749241859
627.0 0.007584804552607238
628.0 0.00568703944736626
629.0 0.0045963333832332864
630.0 0.0035056280466960743
631.0 0.0029177748729125597
632.0 0.0023299220629269257
633.0 0.0024573846530984156
634.0 0.0025848472432699054
635.0 0.002870178286684677
636.0 0.0031555093300994486
637.0 0.0035187669709557667
638.0 0.003882024611812085
639.0 0.0043333813664503396
640.0 0.0047847377572907135
641.0 0.005071513442089781
642.0 0.005358288399293087
643.0 0.005645306373480707
644.0 0.005932323620072566
645.0 0.005303573198034428
646.0 0.0046748224121984094
647.0 0.0037123401853023097
648.0 0.0027498583222040907
649.0 0.002352913361391984
650.0 0.001955968218680937
651.0 0.0018106640709447674
652.0 0.0016653597413096577
653.0 0.0016718689948902465
654.0 0.001678378066571895
655.0 0.0014922263289918192
656.0 0.0013060745004622731
657.0 0.0015194233128568158
658.0 0.0017327722162008286
659.0 0.0016915169908315875
660.0 0.0016502617654623464
661.0 0.0016708874682080932
662.0 0.0016915133528527804
663.0 0.0019338422134751454
664.0 0.00217617089219857
665.0 0.0027448017135611735
666.0 0.003313432534923777
667.0 0.004091848313692026
668.0 0.004870264092460275
669.0 0.005479549145093188
670.0 0.006088834197726101
671.0 0.00660817458992824
672.0 0.0071275149821303785
673.0 0.007368740625679493
674.0 0.007609966269228607
675.0 0.0075845528044737875
676.0 0.007559140067314729
677.0 0.006106223008828238
678.0 0.004653304858948104
679.0 0.003215619653929025
680.0 0.0017779339032131247
681.0 0.0012490594599512406
682.0 0.0007201851985882968
683.0 0.0006493419277830981
684.0 0.0005784987934021046
685.0 0.00039629444472666364
686.0 0.00021409000510175247
687.0 0.00015577650174236624
688.0 9.746290743350983e-05
689.0 0.00021070263755973428
690.0 0.00032394232221122365
691.0 0.00027428764042269904
692.0 0.0002246328449473367
693.0 0.0002606566113172448
694.0 0.0002966802640003152
695.0 0.00029741877369815484
696.0 0.0002981573970828322
697.0 0.0002083884510284406
698.0 0.00011861956181746791
699.0 8.726145779291983e-05
700.0 5.5903456086525694e-05
701.0 1.2170383456577838e-05
702.0 1.6030265222871654e-10
703.0 4.6824234800624254e-05
704.0 0.00012521115877461853
705.0 0.00014086976989347022
706.0 0.0001565283014315355
707.0 0.0003373921344973496
708.0 0.00051825595619448
709.0 0.0006167102128529223
710.0 0.0007151646059355699
711.0 0.0005581894583883695
712.0 0.0004012143108411692
713.0 0.00020269183096388588
714.0 4.169324441249955e-06
715.0 0.0001536200556984113
716.0 0.00030307076031022007
717.0 0.00018796932863551774
718.0 7.286797085725993e-05
719.0 0.0003111418436674285
720.0 0.0005494158358487766
721.0 0.0005443850568553898
722.0 0.0005393544142862083
723.0 0.0005509707079909276
724.0 0.000562587047170382
725.0 0.0002572187440819107
726.0 1.6030265222871654e-10
727.0 0.00017251697954634437
728.0 0.00039318347262451425
729.0 0.0004013726538687479
730.0 0.00040956169868877623
731.0 0.00039484161789005157
732.0 0.00038012167351553217
733.0 0.0005751084245275706
734.0 0.0007700954483880196
735.0 0.0005933103693678277
736.0 0.0004165255177213112
737.0 0.0003098844672422274
738.0 0.00020324355318734888
739.0 0.0002028732296821545
740.0 0.00020250288343959255
741.0 0.0004099852503713919
742.0 0.0006174676400405588
743.0 0.0004458503553905757
744.0 0.0002742330480032251
745.0 0.0002874532583518885
746.0 0.0003006734232258168
747.0 0.00018959424323838903
748.0 7.85150007232005e-05
749.0 0.00023918044007587014
750.0 0.0003998457486886764
751.0 0.0005736077127949102
752.0 0.000747369676901144
753.0 0.0006160087650641799
754.0 0.0004846478532272158
755.0 0.00039915780689625535
756.0 0.0003136676696158247
757.0 0.0002991834890053724
758.0 0.00028469935386965517
759.0 0.00042877436499111354
760.0 0.0005728494670620421
761.0 0.000529937778992462
762.0 0.00048702609092288185
763.0 0.0005141802375874249
764.0 0.0005413342478277627
765.0 0.0005041804342909018
766.0 0.0004670266207540408
767.0 0.0004614571480487939
768.0 0.0004558878117677523
769.0 0.0004915961653750855
770.0 0.0005273045644571539
771.0 0.000589179444432375
772.0 0.0006510544608318014
773.0 0.0004219150468998123
774.0 0.00019277563296782319
775.0 0.00036106766856391914
776.0 0.0005293598405842204
777.0 0.00038360112739610486
778.0 0.00023784234599588672
779.0 0.0005331291959009832
780.0 0.0008284160685434472
781.0 0.0006551919796038419
782.0 0.0004819679816137068
783.0 0.0007951617590151727
784.0 0.0011083554454671685
785.0 0.0010171648682444356
786.0 0.0009259740181732923
787.0 0.0005796945060865255
788.0 0.00023341488031292101
789.0 0.0004975292540621012
790.0 0.000761643650548649
791.0 0.0006748700798198115
792.0 0.000588096509090974
793.0 0.0005921902811678592
794.0 0.0005962840987194795
795.0 0.000627557756160968
796.0 0.0006588313226529863
797.0 0.000625365782980225
798.0 0.0005919001978327287
799.0 0.0003355661874593352
800.0 7.923215434857411e-05
801.0 0.00045535689423559234
802.0 0.0008314817023347132
803.0 0.0009009188033815008
804.0 0.0009703559953777585
805.0 0.0008276620974356774
806.0 0.0006849681540188612
807.0 0.0005471153144753771
808.0 0.00040926242945715785
809.0 0.00045471474550140556
810.0 0.0005001671070203884
811.0 0.0006179208412504522
812.0 0.0007356744845310459
813.0 0.0006852782917121658
814.0 0.0006348820534185506
815.0 0.0007188522886281135
816.0 0.0008028223419387359
817.0 0.0007949422979436349
818.0 0.0007870624358474743
819.0 0.0007684228876314592
820.0 0.000749783293940709
821.0 0.000711545544618275
822.0 0.0006733077952958411
823.0 0.0006032132660038769
824.0 0.0005331186457624426
825.0 0.0007289429049706087
826.0 0.0009247671187040396
827.0 0.0008115152013488114
828.0 0.0006982631020946428
829.0 0.0006504902557935566
830.0 0.0006027175004419405
831.0 0.0004947758498019539
832.0 0.00038683429011143744
833.0 0.0007716977961536031
834.0 0.0011565611202968284
835.0 0.0010488838597666472
836.0 0.0009412064173375256
837.0 0.0006153869890113128
838.0 0.0002895675379477325
839.0 0.0004077186076756334
840.0 0.0005258697001409018
841.0 0.000967714368016459
842.0 0.0014095589904172812
843.0 0.0010660927728167735
844.0 0.0007226264642667957
845.0 0.000782218648964772
846.0 0.000841810651763808
847.0 0.0009610542292648461
848.0 0.0010802978977153543
849.0 0.0006883532932988601
850.0 0.0002964086206702632
851.0 0.0006133443093858659
852.0 0.0009302800208388362
853.0 0.0009857836630544625
854.0 0.0010412874871690292
855.0 0.0009246356057701632
856.0 0.0008079839972197078
857.0 0.001013173459796235
858.0 0.0012183630133222323
859.0 0.000992167042568326
860.0 0.0007659710718144197
861.0 0.0012947843970323447
862.0 0.0018235976313007995
863.0 0.0017416026821592823
864.0 0.0016596073692198843
865.0 0.0019894641809514724
866.0 0.00231932081078412
867.0 0.002758215669018682
868.0 0.0031971103453543037
869.0 0.0029107566660968587
870.0 0.0026244028049404733
871.0 0.003163029396091588
872.0 0.0037016561691416427
873.0 0.0029547582016675733
874.0 0.002207860416092444
875.0 0.002084581137751229
876.0 0.0019613022232078947
