lsstCam/transmission_filter_detector/r42_s22/z_20/19700101T000000.ecsv
# %ECSV 1.0
# ---
# datatype:
# - {name: wavelength, unit: nm, datatype: float32}
# - {name: efficiency, unit: '%', datatype: float64}
# meta: !!omap
# - {MODE: DETECTOR}
# - {TYPE: transmission_filter_detector}
# - {CALIBDATE: '1970-01-01T00:00:00'}
# - {INSTRUME: LSSTCam}
# - {OBSTYPE: transmission_filter_detector}
# - {CALIBCLS: lsst.ip.isr.IntermediateFilterDetectorTransmissionCurve}
# - {SOURCE: Materion (DM-46256)}
# - {DETECTOR: 179}
# - {FILTER: z_20}
# - {CALIB_ID: 'calibDate=1970-01-01T00:00:00 filter=z_20 detector=179'}
# - {DATE: '2025-04-02T15:59:49.471329'}
# - {CALIB_CREATION_DATE: '2025-04-02'}
# - {CALIB_CREATION_TIME: '15:59:49'}
# - __serialized_columns__:
#     efficiency:
#       __class__: astropy.units.quantity.Quantity
#       unit: !astropy.units.Unit {unit: '%'}
#       value: !astropy.table.SerializedColumn {name: efficiency}
#     wavelength:
#       __class__: astropy.units.quantity.Quantity
#       unit: !astropy.units.Unit {unit: nm}
#       value: !astropy.table.SerializedColumn {name: wavelength}
# schema: astropy-2.0
wavelength efficiency
300.0 0.3391814650967717
301.0 0.3058170899748802
302.0 0.2724527148529887
303.0 0.2384380204603076
304.0 0.20442332606762648
305.0 0.18411458004266024
306.0 0.16380581073462963
307.0 0.15550348907709122
308.0 0.1472011674195528
309.0 0.13135651824995875
310.0 0.1155118690803647
311.0 0.1090490142814815
312.0 0.1025861594825983
313.0 0.09604449733160436
314.0 0.08950284100137651
315.0 0.0742552219890058
316.0 0.0590076029766351
317.0 0.06052420940250158
318.0 0.06204081582836807
319.0 0.059478176990523934
320.0 0.05691554397344589
321.0 0.0544485985301435
322.0 0.051981653086841106
323.0 0.04527222772594541
324.0 0.03856280236504972
325.0 0.038348702946677804
326.0 0.03813460352830589
327.0 0.038436343311332166
328.0 0.03873808600474149
329.0 0.03714606864377856
330.0 0.035554051282815635
331.0 0.033177240402437747
332.0 0.030800432432442904
333.0 0.028554012533277273
334.0 0.026307592634111643
335.0 0.025531399296596646
336.0 0.024755203048698604
337.0 0.023653762764297426
338.0 0.022552322479896247
339.0 0.020032281463500112
340.0 0.017512238991912454
341.0 0.016656401567161083
342.0 0.015800565597601235
343.0 0.016982351371552795
344.0 0.018164135690312833
345.0 0.01661852147663012
346.0 0.01507290726294741
347.0 0.014271897089201957
348.0 0.013470888370648026
349.0 0.01293187087867409
350.0 0.01239285193150863
351.0 0.011867407010868192
352.0 0.011341959179844707
353.0 0.010785922495415434
354.0 0.010229885810986161
355.0 0.009749204764375463
356.0 0.00926852590055205
357.0 0.009548376692691818
358.0 0.00982822894002311
359.0 0.00924807318369858
360.0 0.00866791742737405
361.0 0.008959691331256181
362.0 0.00925146377994679
363.0 0.008979045378509909
364.0 0.008706623339094222
365.0 0.00893754477147013
366.0 0.009168465476250276
367.0 0.008497867383994162
368.0 0.00782727001933381
369.0 0.007857997843530029
370.0 0.00788872639532201
371.0 0.008389185677515343
372.0 0.008889644232112914
373.0 0.007313096284633502
374.0 0.0057365457905689254
375.0 0.006199323252076283
376.0 0.00666210034978576
377.0 0.0064735177147667855
378.0 0.006284935079747811
379.0 0.006066225978429429
380.0 0.005847516513313167
381.0 0.004971986709279008
382.0 0.00409645690524485
383.0 0.004575665298034437
384.0 0.005054873690824024
385.0 0.0049501319153932855
386.0 0.0048453901399625465
387.0 0.004411760164657608
388.0 0.003978130189352669
389.0 0.004068857742822729
390.0 0.004159585296292789
391.0 0.004067754707648419
392.0 0.003975924482801929
393.0 0.003739260500879027
394.0 0.0035025965189561248
395.0 0.003509701491566375
396.0 0.003516806464176625
397.0 0.0038165740988915786
398.0 0.004116341733606532
399.0 0.004476176400203258
400.0 0.004836010703002103
401.0 0.004201902629574761
402.0 0.003567794192349538
403.0 0.004071045987075195
404.0 0.004574297781800851
405.0 0.004273812737665139
406.0 0.003973327329731546
407.0 0.0033735690522007644
408.0 0.002773810592771042
409.0 0.0028192909667268395
410.0 0.0028647711587836966
411.0 0.0029589977202704176
412.0 0.0030532242817571387
413.0 0.00415894428442698
414.0 0.00526466392329894
415.0 0.004652618008549325
416.0 0.00404057209379971
417.0 0.0030978379072621465
418.0 0.002155103902623523
419.0 0.003099571040365845
420.0 0.004044037632411346
421.0 0.0036469446058617905
422.0 0.0032498512155143544
423.0 0.0031752162612974644
424.0 0.0031005809432826936
425.0 0.0027573249099077657
426.0 0.002414069058431778
427.0 0.0019899176550097764
428.0 0.001565766433486715
429.0 0.001590365900483448
430.0 0.0016149657312780619
431.0 0.0016240075638052076
432.0 0.0016330495782312937
433.0 0.0018112379621015862
434.0 0.001989426527870819
435.0 0.0025588760763639584
436.0 0.003128325624857098
437.0 0.002555479841248598
438.0 0.0019826338757411577
439.0 0.001820320903789252
440.0 0.0016580075680394657
441.0 0.0013808213225274812
442.0 0.0011036350770154968
443.0 0.001378396336804144
444.0 0.0016531575965927914
445.0 0.00202552619157359
446.0 0.0023978946046554483
447.0 0.0027431073249317706
448.0 0.0030883198633091524
449.0 0.0024577340809628367
450.0 0.001827148298616521
451.0 0.0017934122297447175
452.0 0.0017596763427718543
453.0 0.002050529838015791
454.0 0.0023413831513607875
455.0 0.002228875018772669
456.0 0.002116367068083491
457.0 0.001967370553757064
458.0 0.0018183742213295773
459.0 0.0017980366465053521
460.0 0.0017776992535800673
461.0 0.001652507489779964
462.0 0.0015273155440809205
463.0 0.0012895337931695394
464.0 0.001051751860359218
465.0 0.001354080086457543
466.0 0.0016564081306569278
467.0 0.0012264591532584745
468.0 0.0007965099030116107
469.0 0.0007526077297370648
470.0 0.000708705601937254
471.0 0.0009290737580158748
472.0 0.0011494420505187009
473.0 0.0013826380381942727
474.0 0.0016158341168193147
475.0 0.0015761215763632208
476.0 0.0015364093997050077
477.0 0.001484351378167048
478.0 0.0014322935385280289
479.0 0.0012708215763268527
480.0 0.0011093499779235572
481.0 0.0008872721082298085
482.0 0.00066519432948553
483.0 0.0007936228030303027
484.0 0.0009220511856256053
485.0 0.0008657953912916128
486.0 0.0008095396879070904
487.0 0.0010238199138257187
488.0 0.0012381003216432873
489.0 0.0014749578440387268
490.0 0.001711815275484696
491.0 0.001187998441309901
492.0 0.000664181652609841
493.0 0.0010491880857443903
494.0 0.0014341945643536747
495.0 0.0011171902770001907
496.0 0.0008001861715456471
497.0 0.0009434931598661933
498.0 0.0010868002391362097
499.0 0.0012572761079354677
500.0 0.0014277519767347258
501.0 0.0013063961887382902
502.0 0.0011850403097923845
503.0 0.0012214722119097132
504.0 0.001257904114027042
505.0 0.0015479332432732917
506.0 0.0018379621906206012
507.0 0.0017361942809657194
508.0 0.0016344260075129569
509.0 0.001595041794644203
510.0 0.0015556575817754492
511.0 0.0014177182492858265
512.0 0.0012797784620488528
513.0 0.0011091970918641891
514.0 0.0009386155397805851
515.0 0.000856646329339128
516.0 0.0007746771188976709
517.0 0.000966139486990869
518.0 0.0011576019460335374
519.0 0.0014318855392048135
520.0 0.0017061689504771493
521.0 0.0016884154319996014
522.0 0.0016706617316231132
523.0 0.0014175445357977878
524.0 0.0011644271580735222
525.0 0.0009109384336625226
526.0 0.0006574497547262581
527.0 0.0010244148143101484
528.0 0.0013913799193687737
529.0 0.0012597367458511144
530.0 0.0011280936632829253
531.0 0.001326617621089099
532.0 0.0015251415788952727
533.0 0.0012918178072141018
534.0 0.0010584940355329309
535.0 0.0013032476090302225
536.0 0.0015480014553759247
537.0 0.0014671636563434731
538.0 0.0013863259482604917
539.0 0.0011808780982391909
540.0 0.0009754301572684199
541.0 0.0010800563359225634
542.0 0.001184682514576707
543.0 0.0010049679985968396
544.0 0.000825253391667502
545.0 0.0008380355211556889
546.0 0.0008508176506438758
547.0 0.0014340122106659692
548.0 0.0020172066797385924
549.0 0.0018867660401156172
550.0 0.001756325400492642
551.0 0.0018733257093117572
552.0 0.001990325836231932
553.0 0.0020001103621325456
554.0 0.0020098945242352784
555.0 0.0015180544323811773
556.0 0.0010262140676786657
557.0 0.0012117518053855747
558.0 0.0013972895430924837
559.0 0.0015552914192085154
560.0 0.0017132935681729577
561.0 0.0014020409253134858
562.0 0.0010907882824540138
563.0 0.0012605618394445628
564.0 0.0014303353964351118
565.0 0.0014480358004220761
566.0 0.0014657362953585107
567.0 0.0018590462786960416
568.0 0.002252356534881983
569.0 0.00241929228650406
570.0 0.0025862276743282564
571.0 0.0025237850422854535
572.0 0.00246134204644477
573.0 0.0022508051188196987
574.0 0.0020402681911946274
575.0 0.00209765257750405
576.0 0.0021550369638134725
577.0 0.002251892328786198
578.0 0.002348747329961043
579.0 0.0020131476048845798
580.0 0.001677548061707057
581.0 0.0015692572560510598
582.0 0.001460966723243473
583.0 0.001586126018082723
584.0 0.001711284858174622
585.0 0.0017892509276862256
586.0 0.0018672168152988888
587.0 0.0020563889847835526
588.0 0.0022455611542682163
589.0 0.002274968028359581
590.0 0.0023043749024509452
591.0 0.0021329249648260884
592.0 0.0019614750272012316
593.0 0.001728276583889965
594.0 0.001495077958679758
595.0 0.0011897243894054554
596.0 0.000884370911080623
597.0 0.0011123941476398613
598.0 0.0013404177479969803
599.0 0.0011281931620032992
600.0 0.0009159686669590883
601.0 0.0008599133252573665
602.0 0.0008038579835556448
603.0 0.0010119836588273756
604.0 0.0012201092431496363
605.0 0.0009967031473934185
606.0 0.0007732971425866708
607.0 0.0007958699825394433
608.0 0.0008184428224922158
609.0 0.0009002590559248347
610.0 0.0009820751984079834
611.0 0.0009671073712524958
612.0 0.0009521395440970082
613.0 0.0008082392923824955
614.0 0.0006643389497185126
615.0 0.0011615487892413512
616.0 0.0016587586287641898
617.0 0.0014349916455103084
618.0 0.001211224571306957
619.0 0.0012275793778826483
620.0 0.0012439340935088694
621.0 0.001464899287384469
622.0 0.0016858642993611284
623.0 0.001461383180867415
624.0 0.0012369020623737015
625.0 0.0015143811651796568
626.0 0.0017918600860866718
627.0 0.002016587859543506
628.0 0.0022413156330003403
629.0 0.0022066315068514086
630.0 0.002171947380702477
631.0 0.0023150543711381033
632.0 0.0024581611796747893
633.0 0.003056840068893507
634.0 0.0036555193219101056
635.0 0.0062651626649312675
636.0 0.008874805644154549
637.0 0.015959434676915407
638.0 0.02304406662005931
639.0 0.01991958124563098
640.0 0.016795095871202648
641.0 0.01480223290855065
642.0 0.01280936849070713
643.0 0.009291198512073606
644.0 0.005773027442046441
645.0 0.00573414727114141
646.0 0.005695267464034259
647.0 0.005526409950107336
648.0 0.005357552436180413
649.0 0.004290933793527074
650.0 0.0032243151508737355
651.0 0.003119227403658442
652.0 0.003014139110746328
653.0 0.002835167651937809
654.0 0.0026561963750282302
655.0 0.0022669899408356287
656.0 0.0018777838704409078
657.0 0.0019648447050713003
658.0 0.0020519053578027524
659.0 0.0021810692487633787
660.0 0.002310233139724005
661.0 0.0021939518774161115
662.0 0.002077671160805039
663.0 0.0019614253687905148
664.0 0.00184517939487705
665.0 0.0017260072127101012
666.0 0.0016068352124420926
667.0 0.0018040722352452576
668.0 0.0020013098037452437
669.0 0.0017680838936939836
670.0 0.001534857801743783
671.0 0.001538407195766922
672.0 0.0015419564078911208
673.0 0.001477038131270092
674.0 0.0014121198546490632
675.0 0.0012354477803455666
676.0 0.00105877570604207
677.0 0.0012295664419070818
678.0 0.0014003569958731532
679.0 0.0014000251212564763
680.0 0.0013996932466397993
681.0 0.0016738567865104415
682.0 0.0019480203263810836
683.0 0.002449369458190631
684.0 0.0029507185900001787
685.0 0.0028436066713766195
686.0 0.0027364943889551796
687.0 0.0026054709451273084
688.0 0.0024744473194004968
689.0 0.0023098271412891336
690.0 0.00214520678127883
691.0 0.002530352503526956
692.0 0.002915498407674022
693.0 0.003096504951827228
694.0 0.003277511859778315
695.0 0.0034353481169091538
696.0 0.0035931847378378734
697.0 0.003704952177940868
698.0 0.0038167196180438623
699.0 0.005317378236213699
700.0 0.0068180357629898936
701.0 0.006710332672810182
702.0 0.006602630310226232
703.0 0.00601801039010752
704.0 0.00543339156138245
705.0 0.0046416109398705885
706.0 0.0038498306821566075
707.0 0.003456424383330159
708.0 0.0030630180845037103
709.0 0.00359907207894139
710.0 0.004135125709581189
711.0 0.0036069242923986167
712.0 0.0030787225114181638
713.0 0.0023790827981429175
714.0 0.0016794429029687308
715.0 0.0019426155631663278
716.0 0.0022057882233639248
717.0 0.002205560485890601
718.0 0.0022053325665183365
719.0 0.00219484372792067
720.0 0.0021843552531208843
721.0 0.0016390800738008693
722.0 0.001093805258278735
723.0 0.0015062079000927042
724.0 0.0019186109057045542
725.0 0.001574667840031907
726.0 0.0012307245924603194
727.0 0.0015992161934264004
728.0 0.001967707976291422
729.0 0.0018598802853375673
730.0 0.0017520527762826532
731.0 0.0019245626390329562
732.0 0.002097072319884319
733.0 0.001898877599160187
734.0 0.0017006826965371147
735.0 0.0013430450053419918
736.0 0.0009854072231973987
737.0 0.0011828891729237512
738.0 0.0013803708498016931
739.0 0.0012695754776359536
740.0 0.0011587798326218035
741.0 0.0011245684618188534
742.0 0.0010903568181674927
743.0 0.0012644170055864379
744.0 0.0014384772839548532
745.0 0.0018150525647797622
746.0 0.002191627754655201
747.0 0.0023109627363737673
748.0 0.0024302977180923335
749.0 0.0030042547223274596
750.0 0.0035782115446636453
751.0 0.003656735862023197
752.0 0.0037352605431806296
753.0 0.003261977690272033
754.0 0.002788695019262377
755.0 0.0030247774702729657
756.0 0.0032608601031824946
757.0 0.002722956378420349
758.0 0.0021850526536582038
759.0 0.0028023621780448593
760.0 0.003419671702431515
761.0 0.004899385749013163
762.0 0.006379100523190573
763.0 0.0061541752074845135
764.0 0.005929248800384812
765.0 0.005464866990223527
766.0 0.005000484816264361
767.0 0.004828469536732882
768.0 0.004656453893403523
769.0 0.004456121678231284
770.0 0.004255789826856926
771.0 0.004045890818815678
772.0 0.0038359921745723113
773.0 0.003972495687776245
774.0 0.00410899956477806
775.0 1.7063098980626967e-10
776.0 1.7063098980626967e-10
777.0 1.7063098980626967e-10
778.0 1.7063098980626967e-10
779.0 1.7063098980626967e-10
780.0 1.7063098980626967e-10
781.0 0.0022060698029235937
782.0 0.0005364772277971497
783.0 1.7063098980626967e-10
784.0 0.053843873320147395
785.0 0.09602094651199877
786.0 1.7063098980626967e-10
787.0 0.03003305464517325
788.0 0.0330689741531387
789.0 1.7063098980626967e-10
790.0 1.7063098980626967e-10
791.0 0.05558488774113357
792.0 1.7063098980626967e-10
793.0 0.10064730886369944
794.0 0.08273496059700847
795.0 0.04829909012187272
796.0 1.7063098980626967e-10
797.0 0.05789197166450322
798.0 0.07813915726728737
799.0 0.27558007277548313
800.0 0.43645710684359074
801.0 0.7560678757727146
802.0 1.1470917612314224
803.0 1.8747350201010704
804.0 3.22636142373085
805.0 4.525706171989441
806.0 6.5271444618701935
807.0 9.002658724784851
808.0 11.865580081939697
809.0 14.810770750045776
810.0 18.305420875549316
811.0 21.07657641172409
812.0 24.544118344783783
813.0 28.720054030418396
814.0 33.12818109989166
815.0 38.600823283195496
816.0 44.35383379459381
817.0 51.097387075424194
818.0 57.82845616340637
819.0 64.48665261268616
820.0 72.33388423919678
821.0 78.93397808074951
822.0 84.31660532951355
823.0 88.34923505783081
824.0 92.38373041152954
825.0 95.34541964530945
826.0 96.90806865692139
827.0 98.31257462501526
828.0 99.10600781440735
829.0 99.14911389350891
830.0 98.6157774925232
831.0 99.04464483261108
832.0 98.19024801254272
833.0 99.35733079910278
834.0 98.43253493309021
835.0 98.67448806762695
836.0 98.90868663787842
837.0 98.6733078956604
838.0 97.85960912704468
839.0 97.96320796012878
840.0 98.42217564582825
841.0 99.18926954269409
842.0 99.74620342254639
843.0 99.50014352798462
844.0 97.90088534355164
845.0 98.70421290397644
846.0 98.79609942436218
847.0 98.78004193305969
848.0 99.59648251533508
849.0 98.72880578041077
850.0 98.12772274017334
851.0 99.08570051193237
852.0 99.15100932121277
853.0 98.4243392944336
854.0 99.58966970443726
855.0 98.28745722770691
856.0 98.77097010612488
857.0 97.75500297546387
858.0 98.29646944999695
859.0 99.36819076538086
860.0 98.32325577735901
861.0 98.63870739936829
862.0 98.9294707775116
863.0 98.22637438774109
864.0 99.61807131767273
865.0 99.93133544921875
866.0 98.49193692207336
867.0 99.09223318099976
868.0 99.534010887146
869.0 99.06318783760071
870.0 98.21178317070007
871.0 98.8802969455719
872.0 99.2641806602478
873.0 98.89890551567078
874.0 99.35116767883301
875.0 98.94707798957825
876.0 98.84936213493347
877.0 99.30132031440735
878.0 99.08151030540466
879.0 98.39949011802673
880.0 98.33346605300903
881.0 100.14452934265137
882.0 98.75472784042358
883.0 98.80698919296265
884.0 99.09902811050415
885.0 98.7205982208252
886.0 98.53267073631287
887.0 98.31856489181519
888.0 98.93679022789001
889.0 99.53492283821106
890.0 98.19490313529968
891.0 99.38772320747375
892.0 98.69838953018188
893.0 98.29348921775818
894.0 98.14737439155579
