lsstCam/transmission_filter_detector/r42_s22/z_20/19700101T000000.ecsv
# %ECSV 1.0
# ---
# datatype:
# - {name: wavelength, unit: nm, datatype: float32}
# - {name: efficiency, unit: '%', datatype: float64}
# meta: !!omap
# - {MODE: DETECTOR}
# - {TYPE: transmission_filter_detector}
# - {CALIBDATE: '1970-01-01T00:00:00'}
# - {INSTRUME: LSSTCam}
# - {OBSTYPE: transmission_filter_detector}
# - {CALIBCLS: lsst.ip.isr.IntermediateFilterDetectorTransmissionCurve}
# - {SOURCE: Materion (DM-46256)}
# - {DETECTOR: 179}
# - {FILTER: z_20}
# - {CALIB_ID: 'calibDate=1970-01-01T00:00:00 filter=z_20 detector=179'}
# - {DATE: '2025-04-02T15:59:49.471329'}
# - {CALIB_CREATION_DATE: '2025-04-02'}
# - {CALIB_CREATION_TIME: '15:59:49'}
# - __serialized_columns__:
#     efficiency:
#       __class__: astropy.units.quantity.Quantity
#       unit: !astropy.units.Unit {unit: '%'}
#       value: !astropy.table.SerializedColumn {name: efficiency}
#     wavelength:
#       __class__: astropy.units.quantity.Quantity
#       unit: !astropy.units.Unit {unit: nm}
#       value: !astropy.table.SerializedColumn {name: wavelength}
# schema: astropy-2.0
wavelength efficiency
[from data line 596]
896.0 98.78429174423218
897.0 98.98780584335327
898.0 98.65376949310303
899.0 98.24140071868896
900.0 98.77550601959229
901.0 99.10334944725037
902.0 99.08141493797302
903.0 98.6763596534729
904.0 97.54202961921692
905.0 98.36454391479492
906.0 97.89267778396606
907.0 98.39610457420349
908.0 97.81721830368042
909.0 98.16011190414429
910.0 97.71178364753723
911.0 96.81832790374756
912.0 95.6153154373169
913.0 94.50789093971252
914.0 92.23882555961609
915.0 89.6425724029541
916.0 87.17262148857117
917.0 86.07036471366882
918.0 82.37446546554565
919.0 81.41857981681824
920.0 77.67214775085449
921.0 73.47025871276855
922.0 68.49942803382874
923.0 62.69460320472717
924.0 57.184427976608276
925.0 51.636433601379395
926.0 45.03192901611328
927.0 37.63118386268616
928.0 31.688150763511658
929.0 25.456878542900085
930.0 19.81855481863022
931.0 14.925859868526459
932.0 9.84615758061409
933.0 6.211529299616814
934.0 3.833623230457306
935.0 2.359195239841938
936.0 1.2973722070455551
937.0 0.7767483592033386
938.0 0.4494674038141966
939.0 0.37911098916083574
940.0 0.36546995397657156
941.0 0.03392664948478341
942.0 0.03093831764999777
943.0 0.2115319948643446
944.0 1.7063098980626967e-10
945.0 1.7063098980626967e-10
946.0 0.14270037645474076
947.0 1.7063098980626967e-10
948.0 1.7063098980626967e-10
949.0 0.062473875004798174
950.0 0.004267134863766842
951.0 0.007868569082347676
952.0 1.7063098980626967e-10
953.0 0.0020766632587765343
954.0 1.7063098980626967e-10
955.0 0.06248929421417415
956.0 1.7063098980626967e-10
957.0 1.7063098980626967e-10
958.0 0.044533913023769855
959.0 0.08170043583959341
960.0 0.040456230635754764
961.0 0.12045643525198102
962.0 1.7063098980626967e-10
963.0 1.7063098980626967e-10
964.0 1.7063098980626967e-10
965.0 1.7063098980626967e-10
966.0 0.02911935735028237
967.0 0.026605810853652656
968.0 1.7063098980626967e-10
969.0 1.7063098980626967e-10
970.0 0.018392360652796924
971.0 1.7063098980626967e-10
972.0 1.7063098980626967e-10
973.0 1.7063098980626967e-10
974.0 1.7063098980626967e-10
975.0 1.7063098980626967e-10
976.0 0.0054109812481328845
977.0 0.00534719874849543
978.0 0.005283416612655856
979.0 0.005201702879276127
980.0 0.005119988782098517
981.0 0.0050339396693743765
982.0 0.0049478901928523555
983.0 0.004800489477929659
984.0 0.004653089490602724
985.0 0.0046668290451634675
986.0 0.0046805689635220915
987.0 0.004557798820314929
988.0 0.004435028677107766
989.0 0.004296725455787964
990.0 0.004158422234468162
991.0 0.004194529537926428
992.0 0.004230636841384694
993.0 0.004237383109284565
994.0 0.004244129377184436
995.0 0.004137840369367041
996.0 0.004031551361549646
997.0 0.004046542744617909
998.0 0.004061534855281934
999.0 0.003935310451197438
1000.0 0.0038090864109108225
1001.0 0.0037700585380662233
1002.0 0.0037310303014237434
1003.0 0.003781805935432203
1004.0 0.003832581569440663
1005.0 0.0037047160731162876
1006.0 0.003576850940589793
1007.0 0.0037183908716542646
1008.0 0.0038599308027187362
1009.0 0.0038366426451830193
1010.0 0.0038133544876473024
1011.0 0.003791634662775323
1012.0 0.003769914837903343
1013.0 0.003870913860737346
1014.0 0.00397191324736923
1015.0 0.003817489414359443
1016.0 0.0036630659451475367
1017.0 0.0036845751310465857
1018.0 0.0037060846807435155
1019.0 0.0036898007238050923
1020.0 0.0036735171306645498
1021.0 0.003702407411765307
1022.0 0.003731297329068184
1023.0 0.0038651629438390955
1024.0 0.003999028922407888
1025.0 0.004056744364788756
1026.0 0.004114459443371743
1027.0 0.004060837090946734
1028.0 0.004007214738521725
1029.0 0.004106407504878007
1030.0 0.004205600271234289
1031.0 0.004265729512553662
1032.0 0.004325858390075155
1033.0 0.004368605732452124
1034.0 0.004411353074829094
1035.0 0.004190664185443893
1036.0 0.003969975296058692
1037.0 0.004248514596838504
1038.0 0.004527053533820435
1039.0 0.004616915248334408
1040.0 0.004706777326646261
1041.0 0.004808571975445375
1042.0 0.0049103669880423695
1043.0 0.005039752431912348
1044.0 0.005169137511984445
1045.0 0.005262686681817286
1046.0 0.005356235851650126
1047.0 0.005454659549286589
1048.0 0.005553083246923052
1049.0 0.005509922993951477
1050.0 0.005466762377182022
1051.0 0.005578443233389407
1052.0 0.005690123725798912
1053.0 0.00594955708947964
1054.0 0.006208987906575203
1055.0 0.006212504376890138
1056.0 0.006216020847205073
1057.0 0.0062883693317417055
1058.0 0.006360717816278338
1059.0 0.006810198829043657
1060.0 0.007259682024596259
1061.0 0.007411611295538023
1062.0 0.00756354202167131
1063.0 0.007687443576287478
1064.0 0.007811342948116362
1065.0 0.007874043512856588
1066.0 0.007936745532788336
1067.0 0.007983905379660428
1068.0 0.008031067409319803
1069.0 0.008475107460981235
1070.0 0.00891914896783419
1071.0 0.00924458508961834
1072.0 0.00957002048380673
1073.0 0.00950998073676601
1074.0 0.00944994026212953
1075.0 0.010121369268745184
1076.0 0.010792801185743883
1077.0 0.010820546594914049
1078.0 0.010848292004084215
1079.0 0.011255813296884298
1080.0 0.011663334589684382
1081.0 0.01145583373727277
1082.0 0.01124833506764844
1083.0 0.01165041685453616
1084.0 0.012052502279402688
1085.0 0.01254988310392946
1086.0 0.013047264656051993
1087.0 0.013062835205346346
1088.0 0.013078407209832221
1089.0 0.014099832333158702
1090.0 0.015121260366868228
1091.0 0.014921293768566102
1092.0 0.014721328625455499
1093.0 0.015052327944431454
1094.0 0.015383324353024364
1095.0 0.01588622690178454
1096.0 0.016389133816119283
1097.0 0.017103872960433364
1098.0 0.017818613559938967
1099.0 0.018833784270100296
1100.0 0.019848952069878578
1101.0 0.02039141400018707
1102.0 0.02093388029607013
1103.0 0.021215442393440753
1104.0 0.0214970059460029
1105.0 0.02207077050115913
1106.0 0.022644536511506885
1107.0 0.023763804347254336
1108.0 0.024883070727810264
1109.0 0.02508107281755656
1110.0 0.025279074907302856
1111.0 0.026098082889802754
1112.0 0.02691709087230265
1113.0 0.027348389266990125
1114.0 0.027779690572060645
1115.0 0.02841744280885905
1116.0 0.0290551979560405
1117.0 0.02945741289295256
1118.0 0.029859624919481575
1119.0 0.03123450733255595
1120.0 0.032609389745630324
1121.0 0.03533140697982162
1122.0 0.03805342421401292
1123.0 0.03594574809540063
1124.0 0.033838069066405296
1125.0 0.03712839097715914
1126.0 0.04041871288791299
1127.0 0.041116183274425566
1128.0 0.041813653660938144
1129.0 0.04240599228069186
1130.0 0.042998333810828626
1131.0 0.04959196085110307
1132.0 0.056185590801760554
1133.0 0.05826333654113114
1134.0 0.060341088101267815
1135.0 0.0645554915536195
1136.0 0.06876990082673728
1137.0 0.07709130295552313
1138.0 0.08541270508430898
1139.0 0.11229184456169605
1140.0 0.13917097821831703
1141.0 0.2380346180871129
1142.0 0.3368982579559088
1143.0 0.6437732838094234
1144.0 0.9506483562290668
1145.0 1.2991257011890411
1146.0 1.6476033255457878
1147.0 1.8641125410795212
1148.0 2.0806217566132545
1149.0 2.684376575052738
1150.0 3.288130834698677
