lsstCam/transmission_filter_detector/r23_s20/z_20/19700101T000000.ecsv
# %ECSV 1.0
# ---
# datatype:
# - {name: wavelength, unit: nm, datatype: float32}
# - {name: efficiency, unit: '%', datatype: float64}
# meta: !!omap
# - {MODE: DETECTOR}
# - {TYPE: transmission_filter_detector}
# - {CALIBDATE: '1970-01-01T00:00:00'}
# - {INSTRUME: LSSTCam}
# - {OBSTYPE: transmission_filter_detector}
# - {CALIBCLS: lsst.ip.isr.IntermediateFilterDetectorTransmissionCurve}
# - {SOURCE: Materion (DM-46256)}
# - {DETECTOR: 105}
# - {FILTER: z_20}
# - {CALIB_ID: 'calibDate=1970-01-01T00:00:00 filter=z_20 detector=105'}
# - {DATE: '2025-04-02T15:59:49.125631'}
# - {CALIB_CREATION_DATE: '2025-04-02'}
# - {CALIB_CREATION_TIME: '15:59:49'}
# - __serialized_columns__:
#     efficiency:
#       __class__: astropy.units.quantity.Quantity
#       unit: !astropy.units.Unit {unit: '%'}
#       value: !astropy.table.SerializedColumn {name: efficiency}
#     wavelength:
#       __class__: astropy.units.quantity.Quantity
#       unit: !astropy.units.Unit {unit: nm}
#       value: !astropy.table.SerializedColumn {name: wavelength}
# schema: astropy-2.0
wavelength efficiency
300.0 0.4129129461944103
301.0 0.3430674085393548
302.0 0.273221917450428
303.0 0.2479024464264512
304.0 0.22258295211941004
305.0 0.1933168270625174
306.0 0.1640506787225604
307.0 0.14961983542889357
308.0 0.13518896885216236
309.0 0.13599126832559705
310.0 0.13679356779903173
311.0 0.12680926593020558
312.0 0.11682495241984725
313.0 0.11494893115013838
314.0 0.11307287495583296
315.0 0.09900153381749988
316.0 0.0849301868584007
317.0 0.07402320625260472
318.0 0.06311622564680874
319.0 0.06723710685037076
320.0 0.07135799387469888
321.0 0.06513347616419196
322.0 0.058908952632918954
323.0 0.05664000636897981
324.0 0.05437106592580676
325.0 0.047124913544394076
326.0 0.03987876116298139
327.0 0.03996551386080682
328.0 0.040052266558632255
329.0 0.03529432287905365
330.0 0.03053638502024114
331.0 0.029927538707852364
332.0 0.02931869530584663
333.0 0.029204285237938166
334.0 0.029089872259646654
335.0 0.028563453815877438
336.0 0.028037032461725175
337.0 0.02502549032215029
338.0 0.02201394527219236
339.0 0.0201041970285587
340.0 0.018194445874541998
341.0 0.0179352646227926
342.0 0.017676081915851682
343.0 0.01607585436431691
344.0 0.014475628267973661
345.0 0.013350987865123898
346.0 0.012226343096699566
347.0 0.01318985887337476
348.0 0.014153374650049955
349.0 0.01427588431397453
350.0 0.014398392522707582
351.0 0.013077282346785069
352.0 0.011756171443266794
353.0 0.013674698129761964
354.0 0.015593228454235941
355.0 0.013221381232142448
356.0 0.010849531827261671
357.0 0.010953985474770889
358.0 0.011058439849875867
359.0 0.010525190009502694
360.0 0.009991941624321043
361.0 0.00907544745132327
362.0 0.008158955461112782
363.0 0.00795010055298917
364.0 0.007741244917269796
365.0 0.0076705560786649585
366.0 0.007599867967655882
367.0 0.007879664917709306
368.0 0.008159463322954252
369.0 0.008430875459453091
370.0 0.008702288323547691
371.0 0.008238461305154487
372.0 0.0077746335591655225
373.0 0.006934977136552334
374.0 0.0060953203501412645
375.0 0.006080069579184055
376.0 0.006064818808226846
377.0 0.006810109334765002
378.0 0.007555399497505277
379.0 0.0065200300014112145
380.0 0.005484660141519271
381.0 0.0049183214287040755
382.0 0.00435198271588888
383.0 0.00474772386951372
384.0 0.00514346502313856
385.0 0.005037775190430693
386.0 0.004932084993924946
387.0 0.004916072794003412
388.0 0.004900060594081879
389.0 0.00476727400382515
390.0 0.004634487413568422
391.0 0.004281937435735017
392.0 0.003929387457901612
393.0 0.004441455894266255
394.0 0.004953524694428779
395.0 0.004529461148194969
396.0 0.004105397601961158
397.0 0.004236142194713466
398.0 0.004366886423667893
399.0 0.004351805182523094
400.0 0.004336724305176176
401.0 0.0044990581955062225
402.0 0.00466139281343203
403.0 0.00476339555461891
404.0 0.0048653982958057895
405.0 0.003989944525528699
406.0 0.003114490755251609
407.0 0.0033046846510842443
408.0 0.0034948789107147604
409.0 0.003298050069133751
410.0 0.003101221955148503
411.0 0.003362842835485935
412.0 0.0036244633520254865
413.0 0.0037317127862479538
414.0 0.003838962220470421
415.0 0.0035874589229933918
416.0 0.003335954897920601
417.0 0.00341127160936594
418.0 0.0034865879570133984
419.0 0.00317451631417498
420.0 0.002862444489437621
421.0 0.0036337438359623775
422.0 0.0044050430005881935
423.0 0.0038935948396101594
424.0 0.0033821466786321253
425.0 0.002993258021888323
426.0 0.0026043690013466403
427.0 0.0025497522074147128
428.0 0.002495135231583845
429.0 0.0025444627681281418
430.0 0.0025937908503692597
431.0 0.0018921387891168706
432.0 0.0011904865459655412
433.0 0.0017119145923061296
434.0 0.0022333424567477778
435.0 0.001958097709575668
436.0 0.0016828529624035582
437.0 0.0018864531739382073
438.0 0.002090053203573916
439.0 0.002430617496429477
440.0 0.0027711817892850377
441.0 0.002566047987784259
442.0 0.0023609141862834804
443.0 0.002736902933975216
444.0 0.0031128914997680113
445.0 0.003283282057964243
446.0 0.003453673343756236
447.0 0.0028308184482739307
448.0 0.002207963916589506
449.0 0.0020887659047730267
450.0 0.0019695678929565474
451.0 0.0019746250472962856
452.0 0.0019796820197370835
453.0 0.0015507966963923536
454.0 0.0011219115549465641
455.0 0.0014729971553606447
456.0 0.0018240829376736656
457.0 0.0015411796994158067
458.0 0.0012582768249558285
459.0 0.001795442403818015
460.0 0.0023326079826802015
461.0 0.001789718407962937
462.0 0.0012468290151446126
463.0 0.00148148474181653
464.0 0.0017161404684884474
465.0 0.0017116573872044683
466.0 0.0017071746697183698
467.0 0.0017036159988492727
468.0 0.0017000571460812353
469.0 0.0014493626622424927
470.0 0.0011986683603026904
471.0 0.0010529206520004664
472.0 0.0009071729436982423
473.0 0.0009962356671167072
474.0 0.0010852984814846423
475.0 0.0012402601896610577
476.0 0.001395221806888003
477.0 0.0015571573385386728
478.0 0.0017190928701893426
479.0 0.0016847834558575414
480.0 0.0016504738596267998
481.0 0.0014732344425283372
482.0 0.001295995207328815
483.0 0.0010930082680715714
484.0 0.0008900212378648575
485.0 0.0012235176654940005
486.0 0.0015570140021736734
487.0 0.0015054371033329517
488.0 0.0014538604773406405
489.0 0.0017380185454385355
490.0 0.0020221767044859007
491.0 0.0019036860976484604
492.0 0.0017851954908110201
493.0 0.0020442152163013816
494.0 0.0023032356693875045
495.0 0.0018772205294226296
496.0 0.0014512052985082846
497.0 0.0014336009371618275
498.0 0.0014159964848659001
499.0 0.0012349399185040966
500.0 0.001053883352142293
501.0 0.00111107510747388
502.0 0.0011682670447044075
503.0 0.0013176108950574417
504.0 0.0014669547454104759
505.0 0.0018155735233449377
506.0 0.0021641923012793995
507.0 0.001633734609640669
508.0 0.0011032768270524684
509.0 0.0014561962416337337
510.0 0.0018091159290634096
511.0 0.0017281205145991407
512.0 0.0016471247363369912
513.0 0.001382315076625673
514.0 0.0011175055988132954
515.0 0.0011114715562143829
516.0 0.0011054376045649406
517.0 0.0013224964277469553
518.0 0.0015395553418784402
519.0 0.0013780007066088729
520.0 0.001216445798490895
521.0 0.0012862044059147593
522.0 0.0013559628314396832
523.0 0.0013435828805086203
524.0 0.0013312025657796767
525.0 0.0010018083230534103
526.0 0.0006724138529534684
527.0 0.0010057685358333401
528.0 0.0013391231732384767
529.0 0.001456617064832244
530.0 0.0015741106835776009
531.0 0.001468130631110398
532.0 0.0013621504876937252
533.0 0.0010032007594418246
534.0 0.0006442511676141294
535.0 0.0008257128683908377
536.0 0.001007174523692811
537.0 0.001341029110335512
538.0 0.0016748837879276834
539.0 0.0015832119970582426
540.0 0.0014915396604919806
541.0 0.0011772265679610427
542.0 0.0008629135663795751
543.0 0.0009870948815660086
544.0 0.001111276196752442
545.0 0.0011417996574891731
546.0 0.0011723229363269638
547.0 0.0015357789379777387
548.0 0.0018992350305779837
549.0 0.0017348829715047032
550.0 0.0015705307305324823
551.0 0.001712394441710785
552.0 0.0018542585166869685
553.0 0.0020838333512074314
554.0 0.0023134081857278943
555.0 0.0017660360754234716
556.0 0.0012186640560685191
557.0 0.0013856466466677375
558.0 0.0015526295101153664
559.0 0.0012969123417860828
560.0 0.001041195082507329
561.0 0.0012136164514231496
562.0 0.0013860379112884402
563.0 0.0014411607480724342
564.0 0.001496283493906958
565.0 0.0017652157112024724
566.0 0.002034148019447457
567.0 0.0022731790522811934
568.0 0.0025122099032159895
569.0 0.0026340450858697295
570.0 0.0027558806323213503
571.0 0.00246144973061746
572.0 0.002167018647014629
573.0 0.0017754651707946323
574.0 0.0013839116945746355
575.0 0.001697984043858014
576.0 0.0020120562112424523
577.0 0.002023973866016604
578.0 0.0020358915207907557
579.0 0.002143952406186145
580.0 0.0022520131096825935
581.0 0.0020668949218816124
582.0 0.0018817763702827506
583.0 0.002250878060294781
584.0 0.002619979750306811
585.0 0.002545725328673143
586.0 0.0024714709070394747
587.0 0.001850516491685994
588.0 0.001229561985383043
589.0 0.0013335574294615071
590.0 0.0014375530554389115
591.0 0.0015073085705807898
592.0 0.0015770643585710786
593.0 0.0012372708624752704
594.0 0.0008974774573289324
595.0 0.0010515752364881337
596.0 0.001205673015647335
597.0 0.0010400906830909662
598.0 0.0008745085324335378
599.0 0.0011613904462137725
600.0 0.001448272269044537
601.0 0.0013115051842760295
602.0 0.0011747380085580517
603.0 0.0015454692402272485
604.0 0.0019162003809469752
605.0 0.0016524985767318867
606.0 0.0013887968634662684
607.0 0.0012988872185815126
608.0 0.001208977755595697
609.0 0.0012017201697744895
610.0 0.0011944627658522222
611.0 0.0010058099178422708
612.0 0.0008171570698323194
613.0 0.0010104535249411128
614.0 0.0012037498891004361
615.0 0.0012891222468169872
616.0 0.0013744946045335382
617.0 0.0015351466572610661
618.0 0.0016957990737864748
619.0 0.0016206571672228165
620.0 0.0015455152606591582
621.0 0.0018183285646955483
622.0 0.002091141686832998
623.0 0.0017032925825333223
624.0 0.0013154433872841764
625.0 0.001333571708528325
626.0 0.0013516999388230033
627.0 0.001417797557223821
628.0 0.0014838954484730493
629.0 0.0017449594452045858
630.0 0.002006023714784533
631.0 0.002332118856429588
632.0 0.002658213816175703
633.0 0.0029372800781857222
634.0 0.003216346158296801
635.0 0.006065016350476071
636.0 0.008913686906453222
637.0 0.015527350478805602
638.0 0.02214101259596646
639.0 0.020259636221453547
640.0 0.018378262757323682
641.0 0.015551905380561948
642.0 0.012725549458991736
643.0 0.009477297135163099
644.0 0.0062290440837386996
645.0 0.0064715000917203724
646.0 0.006713955372106284
647.0 0.006467398634413257
648.0 0.006220841169124469
649.0 0.004867077950621024
650.0 0.003513315095915459
651.0 0.003582274803193286
652.0 0.003651234510471113
653.0 0.0030265795430750586
654.0 0.002401924393780064
655.0 0.002343068626942113
656.0 0.002284212678205222
657.0 0.002524998490116559
658.0 0.002765783756331075
659.0 0.0021923025997239165
660.0 0.0016188210793188773
661.0 0.001946303564182017
662.0 0.0022737858671462163
663.0 0.0019666886146296747
664.0 0.0016595911802141927
665.0 0.0017935337382368743
666.0 0.001927476296259556
667.0 0.0021963209292152897
668.0 0.0024651655621710233
669.0 0.0019591343516367488
670.0 0.0014531029592035338
671.0 0.001334153421339579
672.0 0.0012152037925261538
673.0 0.0012673027413256932
674.0 0.001319401417276822
675.0 0.0014727635971212294
676.0 0.0016261255950666964
677.0 0.0015653280570404604
678.0 0.001504530791862635
679.0 0.0014444825865211897
680.0 0.0013844345630786847
681.0 0.0014867005120322574
682.0 0.0015889663700363599
683.0 0.0021154786736587994
684.0 0.002641990977281239
685.0 0.002705815677472856
686.0 0.0027696401957655326
687.0 0.001998340303543955
688.0 0.0012270403203729074
689.0 0.0019048176909564063
690.0 0.002582594970590435
691.0 0.0023700291421846487
692.0 0.0021574633137788624
693.0 0.00245585306402063
694.0 0.0027542428142623976
695.0 0.0029849195925635286
696.0 0.0032155963708646595
697.0 0.003746907168533653
698.0 0.004278217602404766
699.0 0.005610076914308593
700.0 0.006941938045201823
701.0 0.007177067163866013
702.0 0.007412194099742919
703.0 0.006314743950497359
704.0 0.005217291982262395
705.0 0.004550335870590061
706.0 0.003883379031321965
707.0 0.0035900349757866934
708.0 0.003296690556453541
709.0 0.0038532009057234973
710.0 0.004409711618791334
711.0 0.003983891292591579
712.0 0.0035580716939875856
713.0 0.002673470226000063
714.0 0.001788868939911481
715.0 0.0021300575099303387
716.0 0.0024712460799491964
717.0 0.0019171535313944332
718.0 0.0013630608009407297
719.0 0.0014175709111441392
720.0 0.0014720808394486085
721.0 0.00119324067782145
722.0 0.0009144005161942914
723.0 0.001373292525386205
724.0 0.0018321843526791781
725.0 0.001624436663405504
726.0 0.0014166892469802406
727.0 0.0012201420759083703
728.0 0.0010235949048365
729.0 0.0013717880392505322
730.0 0.0017199812646140344
731.0 0.0014685889254906215
732.0 0.0012171965863672085
733.0 0.0016083960872492753
734.0 0.0019995957700302824
735.0 0.0018701082808547653
736.0 0.0017406207916792482
737.0 0.0015695648471591994
738.0 0.0013985089026391506
739.0 0.0017083701095543802
740.0 0.0020182311345706694
741.0 0.00173069020092953
742.0 0.00144314899443998
743.0 0.0018986966097145341
744.0 0.0023542443159385584
745.0 0.0019561684894142672
746.0 0.0015580928447889164
747.0 0.0017915050193550996
748.0 0.002024917193921283
749.0 0.0026558713216218166
750.0 0.003286825813120231
751.0 0.002837375177477952
752.0 0.002387924541835673
753.0 0.0028659129384323023
754.0 0.0033439013350289315
755.0 0.0025166089471895248
756.0 0.001689316559350118
757.0 0.002084828884107992
758.0 0.002480341208865866
759.0 0.0026574891307973303
760.0 0.0028346370527287945
761.0 0.004545371484709904
762.0 0.006256107008084655
763.0 0.0062253740907181054
764.0 0.006194642628543079
765.0 0.005557193435379304
766.0 0.0049197449698112905
767.0 0.004673674993682653
768.0 0.0044276042899582535
769.0 0.004830819307244383
770.0 0.0052340350521262735
771.0 0.0051564755267463624
772.0 0.005078916001366451
773.0 0.004621595144271851
774.0 0.00416427428717725
775.0 0.000159932369570015
776.0 0.05233505507931113
777.0 1.5744064038591965e-10
778.0 1.5744064038591965e-10
779.0 0.026311652618460357
780.0 0.043959711911156774
781.0 0.008271459228126332
782.0 1.5744064038591965e-10
783.0 0.04387622757349163
784.0 1.5744064038591965e-10
785.0 1.5744064038591965e-10
786.0 0.1566096325404942
787.0 1.5744064038591965e-10
788.0 1.5744064038591965e-10
789.0 0.019046365923713893
790.0 1.5744064038591965e-10
791.0 0.002102230610034894
792.0 0.010117708734469488
793.0 0.04092087619937956
794.0 0.02927501336671412
795.0 0.006176480383146554
796.0 1.5744064038591965e-10
797.0 0.10817880975082517
798.0 0.09819051483646035
799.0 0.048829533625394106
800.0 0.0781990704126656
801.0 0.29715828131884336
802.0 0.25821966119110584
803.0 0.6307733245193958
804.0 1.2314180843532085
805.0 1.4179703779518604
806.0 2.5484735146164894
807.0 3.96486259996891
808.0 5.708419531583786
809.0 7.9420506954193115
810.0 10.423465818166733
811.0 13.47673088312149
812.0 16.761647164821625
813.0 19.890905916690826
814.0 22.390803694725037
815.0 25.67114233970642
816.0 29.59783673286438
817.0 34.71055626869202
818.0 39.99047577381134
819.0 45.183879137039185
820.0 52.59069800376892
821.0 59.83783006668091
822.0 66.3522720336914
823.0 72.97072410583496
824.0 79.36204075813293
825.0 84.31535959243774
826.0 89.07271027565002
827.0 92.94719099998474
828.0 96.0728406906128
829.0 97.76862263679504
830.0 98.53298664093018
831.0 99.42534565925598
832.0 98.977130651474
833.0 99.67294335365295
834.0 98.86285662651062
835.0 99.76511597633362
836.0 99.48027729988098
837.0 99.42629337310791
838.0 98.80081415176392
839.0 98.79404902458191
840.0 99.4186520576477
841.0 99.9622106552124
842.0 99.82017874717712
843.0 100.09785890579224
844.0 98.64955544471741
845.0 99.09697771072388
846.0 99.28526282310486
847.0 99.01979565620422
848.0 100.49823522567749
849.0 98.98658394813538
850.0 98.48414659500122
851.0 99.17112588882446
852.0 99.30038452148438
853.0 98.94809126853943
854.0 99.8548686504364
855.0 98.86383414268494
856.0 99.101322889328
857.0 98.49965572357178
858.0 99.0349531173706
859.0 99.61310625076294
860.0 98.90456795692444
861.0 98.80214333534241
862.0 99.11420345306396
863.0 98.62082004547119
864.0 99.6841311454773
865.0 99.88909363746643
866.0 98.81272912025452
867.0 99.60174560546875
868.0 99.81601238250732
869.0 98.82969260215759
870.0 98.27818274497986
871.0 99.0027666091919
872.0 99.32774901390076
873.0 99.52870011329651
874.0 100.1884937286377
875.0 99.41118955612183
876.0 99.47777986526489
877.0 99.36586022377014
878.0 99.40708875656128
879.0 98.88372421264648
880.0 98.81813526153564
881.0 100.3618836402893
882.0 99.28202033042908
883.0 99.32624101638794
884.0 99.2239236831665
885.0 99.5058000087738
886.0 98.78891706466675
887.0 98.93996715545654
888.0 99.47643876075745
889.0 99.6608018875122
890.0 98.68173003196716
891.0 99.72455501556396
892.0 99.39229488372803
893.0 99.13005232810974
894.0 98.67144227027893
895.0 99.91787075996399
