lsstCam/transmission_filter_detector/r23_s20/z_20/19700101T000000.ecsv
# %ECSV 1.0
# ---
# datatype:
# - {name: wavelength, unit: nm, datatype: float32}
# - {name: efficiency, unit: '%', datatype: float64}
# meta: !!omap
# - {MODE: DETECTOR}
# - {TYPE: transmission_filter_detector}
# - {CALIBDATE: '1970-01-01T00:00:00'}
# - {INSTRUME: LSSTCam}
# - {OBSTYPE: transmission_filter_detector}
# - {CALIBCLS: lsst.ip.isr.IntermediateFilterDetectorTransmissionCurve}
# - {SOURCE: Materion (DM-46256)}
# - {DETECTOR: 105}
# - {FILTER: z_20}
# - {CALIB_ID: 'calibDate=1970-01-01T00:00:00 filter=z_20 detector=105'}
# - {DATE: '2025-04-02T15:59:49.125631'}
# - {CALIB_CREATION_DATE: '2025-04-02'}
# - {CALIB_CREATION_TIME: '15:59:49'}
# - __serialized_columns__:
#     efficiency:
#       __class__: astropy.units.quantity.Quantity
#       unit: !astropy.units.Unit {unit: '%'}
#       value: !astropy.table.SerializedColumn {name: efficiency}
#     wavelength:
#       __class__: astropy.units.quantity.Quantity
#       unit: !astropy.units.Unit {unit: nm}
#       value: !astropy.table.SerializedColumn {name: wavelength}
# schema: astropy-2.0
wavelength efficiency
[from data line 597]
897.0 99.38924908638
898.0 99.26840662956238
899.0 98.85856509208679
900.0 99.07013773918152
901.0 99.89034533500671
902.0 99.23452138900757
903.0 99.2479920387268
904.0 98.03267121315002
905.0 98.93168210983276
906.0 98.45584034919739
907.0 99.09874200820923
908.0 98.54959845542908
909.0 98.4693706035614
910.0 97.80679941177368
911.0 97.00143337249756
912.0 96.28111124038696
913.0 95.24893760681152
914.0 92.73136258125305
915.0 90.92956781387329
916.0 88.57690691947937
917.0 87.12794780731201
918.0 83.61174464225769
919.0 82.67391920089722
920.0 79.57361936569214
921.0 76.10051035881042
922.0 71.87362909317017
923.0 66.08241200447083
924.0 60.97797751426697
925.0 55.30901551246643
926.0 49.31856393814087
927.0 42.19887554645538
928.0 36.53501272201538
929.0 30.239635705947876
930.0 24.543742835521698
931.0 19.354917109012604
932.0 13.868114352226257
933.0 9.462283551692963
934.0 6.222595646977425
935.0 3.8529619574546814
936.0 2.1989624947309494
937.0 1.4244227670133114
938.0 0.8811469189822674
939.0 0.4671386908739805
940.0 0.36951627116650343
941.0 0.1747500617057085
942.0 0.05034013302065432
943.0 0.05011120229028165
944.0 0.018225032545160502
945.0 1.5744064038591965e-10
946.0 0.05077066598460078
947.0 0.05206771311350167
948.0 1.5744064038591965e-10
949.0 0.03501702449284494
950.0 0.0794295221567154
951.0 0.08143525919876993
952.0 0.12961092870682478
953.0 0.10620687389746308
954.0 0.022791538503952324
955.0 0.08112568757496774
956.0 1.5744064038591965e-10
957.0 1.5744064038591965e-10
958.0 0.058885751059278846
959.0 0.025831221137195826
960.0 0.06411459180526435
961.0 0.12226244434714317
962.0 0.042790331644937396
963.0 0.030172642436809838
964.0 0.006271301390370354
965.0 0.0013386394130066037
966.0 1.5744064038591965e-10
967.0 0.001740103107294999
968.0 0.03696039202623069
969.0 1.5744064038591965e-10
970.0 1.5744064038591965e-10
971.0 0.010264027514494956
972.0 1.5744064038591965e-10
973.0 1.5744064038591965e-10
974.0 0.00760793118388392
975.0 1.5744064038591965e-10
976.0 0.006627206312259659
977.0 0.00672417736495845
978.0 0.006821149872848764
979.0 0.006503103213617578
980.0 0.006185057281982154
981.0 0.006034886973793618
982.0 0.005884715574211441
983.0 0.005824556137667969
984.0 0.005764396701124497
985.0 0.005560270801652223
986.0 0.005356144902179949
987.0 0.005298655742080882
988.0 0.005241166581981815
989.0 0.005151750519871712
990.0 0.005062334821559489
991.0 0.005047168451710604
992.0 0.005032001718063839
993.0 0.004888100738753565
994.0 0.004744199031847529
995.0 0.00479222071589902
996.0 0.004840242399950512
997.0 0.0046581790229538456
998.0 0.004476115645957179
999.0 0.00443171666120179
1000.0 0.004387317676446401
1001.0 0.0043974476284347475
1002.0 0.004407577580423094
1003.0 0.004430040644365363
1004.0 0.004452503708307631
1005.0 0.004477934999158606
1006.0 0.0045033659262117
1007.0 0.004530473961494863
1008.0 0.004557581996778026
1009.0 0.0044728432840202
1010.0 0.0043881045712623745
1011.0 0.004514456668403
1012.0 0.0046408091293415055
1013.0 0.004564680421026424
1014.0 0.00448855098511558
1015.0 0.004584632915793918
1016.0 0.004680714846472256
1017.0 0.004642287240130827
1018.0 0.004603859633789398
1019.0 0.00451130217697937
1020.0 0.004418744720169343
1021.0 0.004581471876008436
1022.0 0.004744199031847529
1023.0 0.004725178951048292
1024.0 0.004706159234046936
1025.0 0.004764218465425074
1026.0 0.004822277696803212
1027.0 0.00483312614960596
1028.0 0.004843974966206588
1029.0 0.00477376815979369
1030.0 0.004703561353380792
1031.0 0.004796683060703799
1032.0 0.004889804404228926
1033.0 0.004999131488148123
1034.0 0.00510845820826944
1035.0 0.0051930168410763144
1036.0 0.005277575473883189
1037.0 0.005437158688437194
1038.0 0.005596741539193317
1039.0 0.0057244957133661956
1040.0 0.005852249523741193
1041.0 0.005834748299093917
1042.0 0.00581724671064876
1043.0 0.005701704867533408
1044.0 0.005586161933024414
1045.0 0.006024654794600792
1046.0 0.00646314729237929
1047.0 0.00651279988233
1048.0 0.006562452472280711
1049.0 0.006522532203234732
1050.0 0.0064826104789972305
1051.0 0.006726592255290598
1052.0 0.006970572576392442
1053.0 0.007307602936634794
1054.0 0.007644634024472907
1055.0 0.0077660697570536286
1056.0 0.007887506944825873
1057.0 0.007939372881082818
1058.0 0.007991241000127047
1059.0 0.00818763001007028
1060.0 0.00838401829241775
1061.0 0.008652264659758657
1062.0 0.008920511754695326
1063.0 0.009459279681323096
1064.0 0.009998047607950866
1065.0 0.01003198340185918
1066.0 0.010065919923363253
1067.0 0.009818605030886829
1068.0 0.009571292321197689
1069.0 0.01044004675350152
1070.0 0.011308802640996873
1071.0 0.01117667488870211
1072.0 0.011044547136407346
1073.0 0.01130434829974547
1074.0 0.011564150190679356
1075.0 0.011796178296208382
1076.0 0.012028207129333168
1077.0 0.012858145055361092
1078.0 0.013688081526197493
1079.0 0.013952923472970724
1080.0 0.014217763964552432
1081.0 0.014467444270849228
1082.0 0.014717121666762978
1083.0 0.015247784904204309
1084.0 0.015778451052028686
1085.0 0.01568537700222805
1086.0 0.015592301497235894
1087.0 0.016076781321316957
1088.0 0.01656126114539802
1089.0 0.016941400826908648
1090.0 0.01732154341880232
1091.0 0.016982931992970407
1092.0 0.016644322022330016
1093.0 0.01799303136067465
1094.0 0.019341742154210806
1095.0 0.020593864610418677
1096.0 0.021845985611435026
1097.0 0.021533446852117777
1098.0 0.021220906637609005
1099.0 0.022132002050057054
1100.0 0.023043094552122056
1101.0 0.023818833869881928
1102.0 0.024594570277258754
1103.0 0.0250819866778329
1104.0 0.02556940307840705
1105.0 0.026036053895950317
1106.0 0.02650270180311054
1107.0 0.027267608675174415
1108.0 0.028032518457621336
1109.0 0.028773248777724802
1110.0 0.029513976187445223
1111.0 0.030087976483628154
1112.0 0.03066197969019413
1113.0 0.03143039648421109
1114.0 0.032198810367845
1115.0 0.033324744435958564
1116.0 0.03445067850407213
1117.0 0.0361793179763481
1118.0 0.037907957448624074
1119.0 0.038743429468013346
1120.0 0.03957889857701957
1121.0 0.04147214931435883
1122.0 0.04336540005169809
1123.0 0.04557770735118538
1124.0 0.047790014650672674
1125.0 0.04759244038723409
1126.0 0.04739486612379551
1127.0 0.049646804109215736
1128.0 0.05189873045310378
1129.0 0.055356312077492476
1130.0 0.05881388788111508
1131.0 0.06126886000856757
1132.0 0.06372383213602006
1133.0 0.06518791778944433
1134.0 0.06665201508440077
1135.0 0.06833724910393357
1136.0 0.07002248312346637
1137.0 0.07633892819285393
1138.0 0.08265537908300757
1139.0 0.08484841091558337
1140.0 0.08704144856892526
1141.0 0.09901191806420684
1142.0 0.11098237009719014
1143.0 0.13999774819239974
1144.0 0.16901313792914152
1145.0 0.3269572975113988
1146.0 0.4849014338105917
1147.0 1.0040607303380966
1148.0 1.5232200734317303
1149.0 1.656525582075119
1150.0 1.7898323014378548
