lsstCam/transmission_filter_detector/r02_s10/y_10/19700101T000000.ecsv
# %ECSV 1.0
# ---
# datatype:
# - {name: wavelength, unit: nm, datatype: float32}
# - {name: efficiency, unit: '%', datatype: float64}
# meta: !!omap
# - {MODE: DETECTOR}
# - {TYPE: transmission_filter_detector}
# - {CALIBDATE: '1970-01-01T00:00:00'}
# - {INSTRUME: LSSTCam}
# - {OBSTYPE: transmission_filter_detector}
# - {CALIBCLS: lsst.ip.isr.IntermediateFilterDetectorTransmissionCurve}
# - {SOURCE: Materion (DM-46256)}
# - {DETECTOR: 12}
# - {FILTER: y_10}
# - {CALIB_ID: 'calibDate=1970-01-01T00:00:00 filter=y_10 detector=12'}
# - {DATE: '2025-04-02T15:59:50.796274'}
# - {CALIB_CREATION_DATE: '2025-04-02'}
# - {CALIB_CREATION_TIME: '15:59:50'}
# - __serialized_columns__:
#     efficiency:
#       __class__: astropy.units.quantity.Quantity
#       unit: !astropy.units.Unit {unit: '%'}
#       value: !astropy.table.SerializedColumn {name: efficiency}
#     wavelength:
#       __class__: astropy.units.quantity.Quantity
#       unit: !astropy.units.Unit {unit: nm}
#       value: !astropy.table.SerializedColumn {name: wavelength}
# schema: astropy-2.0
wavelength efficiency
300.0 0.5337970331311226
301.0 0.28665834106504917
302.0 0.03951962571591139
303.0 0.03508170193526894
304.0 0.030643781065009534
305.0 0.019470170082058758
306.0 0.008296555461129174
307.0 0.014418122009374201
308.0 0.020539686374831945
309.0 0.014771470159757882
310.0 0.009003251761896536
311.0 0.008437849464826286
312.0 0.007872444984968752
313.0 0.008647337381262332
314.0 0.009422230505151674
315.0 0.007736183033557609
316.0 0.00605013883614447
317.0 0.005821116428705864
318.0 0.00559209001949057
319.0 0.002314473931619432
320.0 1.6459279685715478e-10
321.0 0.0020901652533211745
322.0 0.005143473754287697
323.0 0.003668419594760053
324.0 0.002193365253333468
325.0 0.0009738882909005042
326.0 1.6459279685715478e-10
327.0 0.0009169301847578026
328.0 0.0020794494048459455
329.0 0.0035060729715041816
330.0 0.004932696538162418
331.0 0.004385907595860772
332.0 0.003839118653559126
333.0 0.002542310903663747
334.0 0.0012455026990210172
335.0 0.0019214267013012432
336.0 0.0025973513402277604
337.0 0.0029720660677412525
338.0 0.003346780431456864
339.0 0.0015046753105707467
340.0 1.6459279685715478e-10
341.0 1.6459279685715478e-10
342.0 1.6459279685715478e-10
343.0 1.6459279685715478e-10
344.0 0.0004791870651388308
345.0 0.0009739854249346536
346.0 0.0014687843759020325
347.0 0.0016554049580008723
348.0 0.001842025449150242
349.0 0.001517345845059026
350.0 0.0011926658771699294
351.0 0.0011704842108883895
352.0 0.0011483019989100285
353.0 0.0009167772986984346
354.0 0.0006852524620626355
355.0 0.0007570138677692739
356.0 0.0008287752280011773
357.0 0.0006435862815123983
358.0 0.0004583971531246789
359.0 0.0006114583356975345
360.0 0.0007645195182703901
361.0 0.0011360114513081498
362.0 0.001507503111497499
363.0 0.0011978503607679158
364.0 0.0008881971552909818
365.0 0.0011975844245171174
366.0 0.0015069720575411338
367.0 0.0019525588868418708
368.0 0.002398145807092078
369.0 0.0021647210814990103
370.0 0.0019312963559059426
371.0 0.0017974154616240412
372.0 0.001663534203544259
373.0 0.002025638423219789
374.0 0.002387742279097438
375.0 0.003407386247999966
376.0 0.004427030216902494
377.0 0.004254252053215168
378.0 0.004081474253325723
379.0 0.0036826229916187003
380.0 0.003283771366113797
381.0 0.0021794265194330364
382.0 0.0010750812180049252
383.0 0.0010765619663288817
384.0 0.0010780424418044277
385.0 0.0008372428965230938
386.0 0.00059644335124176
387.0 0.0006272214704949874
388.0 0.00065799963522295
389.0 0.0006206430043675937
390.0 0.0005832864189869724
391.0 0.0005425643848866457
392.0 0.000501842350786319
393.0 0.0006066235528123798
394.0 0.0007114048003131757
395.0 0.0006957307959964965
396.0 0.0006800568826292874
397.0 0.000893353353603743
398.0 0.0011066497791034635
399.0 0.0013030424270255025
400.0 0.0014994350749475416
401.0 0.0016663152564433403
402.0 0.0018331957107875496
403.0 0.001820995930756908
404.0 0.0018087961507262662
405.0 0.0017438456779927947
406.0 0.0016788953871582635
407.0 0.00145579933814588
408.0 0.0012327033800829668
409.0 0.0010323911737941671
410.0 0.0008320786946569569
411.0 0.00040006430026551243
412.0 1.6459279685715478e-10
413.0 0.0007334946985793067
414.0 0.0014989391274866648
415.0 0.0022435842765844427
416.0 0.0029882297894801013
417.0 0.001146371323557105
418.0 1.6459279685715478e-10
419.0 1.6459279685715478e-10
420.0 1.6459279685715478e-10
421.0 7.383468414445815e-05
422.0 0.0009109671736950986
423.0 0.0010324027243768796
424.0 0.0011538378203113098
425.0 0.00030305909604066983
426.0 1.6459279685715478e-10
427.0 1.6459279685715478e-10
428.0 0.00021039409148215782
429.0 1.6459279685715478e-10
430.0 1.6459279685715478e-10
431.0 0.00046463637772831134
432.0 0.001362779858027352
433.0 0.0009911952474794816
434.0 0.000619611046204227
435.0 0.0003203653704986209
436.0 2.111995911491249e-05
437.0 0.0002755714831437217
438.0 0.000530022953171283
439.0 1.6459279685715478e-10
440.0 1.6459279685715478e-10
441.0 1.6459279685715478e-10
442.0 1.6459279685715478e-10
443.0 1.6459279685715478e-10
444.0 1.6459279685715478e-10
445.0 4.904843535769032e-05
446.0 0.00022609021925745765
447.0 0.00037467361835297197
448.0 0.0005232569492363837
449.0 0.0007243621894303942
450.0 0.000925467065826524
451.0 0.0003253905560995918
452.0 1.6459279685715478e-10
453.0 1.6459279685715478e-10
454.0 1.6459279685715478e-10
455.0 1.6459279685715478e-10
456.0 1.6459279685715478e-10
457.0 1.6459279685715478e-10
458.0 0.0001676103920544847
459.0 0.0002698966227399069
460.0 0.00037218294437479926
461.0 0.0003204824224667391
462.0 0.0002687818550839438
463.0 0.0003897948317899136
464.0 0.0005108077857585158
465.0 0.00040170316424337216
466.0 0.00029259863367769867
467.0 0.0008701170372660272
468.0 0.0014476351680059452
469.0 0.001542423888167832
470.0 0.0016372119716834277
471.0 0.0015980271200533025
472.0 0.0015588419046252966
473.0 0.0021574778656940907
474.0 0.0027561141905607656
475.0 0.0027976324417977594
476.0 0.002839150693034753
477.0 0.0031589854188496247
478.0 0.003478820508462377
479.0 0.003921148527297191
480.0 0.0043634769099298865
481.0 0.004467683538678102
482.0 0.004571890167426318
483.0 0.004059413549839519
484.0 0.0035469362046569586
485.0 0.003643555464805104
486.0 0.0037401743611553684
487.0 0.003123440910712816
488.0 0.0025067074602702633
489.0 0.0021862493667867966
490.0 0.001865791819000151
491.0 0.001671818426984828
492.0 0.0014778447621210944
493.0 0.0012268207683518995
494.0 0.0009757971383805852
495.0 0.0011824676221294794
496.0 0.0013891380149289034
497.0 0.0017909636881086044
498.0 0.002192789725086186
499.0 0.002227257027698215
500.0 0.002261724330310244
501.0 0.0023756156224408187
502.0 0.002489506732672453
503.0 0.0026364998120698147
504.0 0.0027834925276692957
505.0 0.003166375608998351
506.0 0.003549258690327406
507.0 0.0026607272957335226
508.0 0.0017721949916449375
509.0 0.0018873151930165477
510.0 0.002002434848691337
511.0 0.0020491623217822053
512.0 0.002095889976772014
513.0 0.0019668583263410255
514.0 0.001837827221606858
515.0 0.0016063910152297467
516.0 0.0013749547179031651
517.0 0.001293154764425708
518.0 0.00121135444715037
519.0 0.0013725546523346566
520.0 0.0015337544027715921
521.0 0.0017238828149857
522.0 0.001914010863401927
523.0 0.0017016627680277452
524.0 0.001489314490754623
525.0 0.0020018518625875004
526.0 0.002514389780117199
527.0 0.0022569307475350797
528.0 0.0019994720787508413
529.0 0.0022483682187157683
530.0 0.0024972639948828146
531.0 0.0023367125322693028
532.0 0.002176161069655791
533.0 0.002269203650939744
534.0 0.0023622455046279356
535.0 0.0022592401364818215
536.0 0.002156234586436767
537.0 0.002539474553486798
538.0 0.002922714156738948
539.0 0.003445650145295076
540.0 0.003968585224356502
541.0 0.003923807162209414
542.0 0.0038790291000623256
543.0 0.004098646604688838
544.0 0.00431826374551747
545.0 0.004798938243766315
546.0 0.005279612742015161
547.0 0.0044898453779751435
548.0 0.0037000776501372457
549.0 0.0031856983696343377
550.0 0.0026713183615356684
551.0 0.0026952749976771884
552.0 0.002719231451919768
553.0 0.0031624331313651055
554.0 0.0036056339013157412
555.0 0.0036206616641720757
556.0 0.0036356901546241716
557.0 0.0036286051908973604
558.0 0.0036215209547663108
559.0 0.00362472674169112
560.0 0.0036279321648180485
561.0 0.0037424408219521865
562.0 0.003856948751490563
563.0 0.003611582360463217
564.0 0.00336621560563799
565.0 0.003813141302089207
566.0 0.004260067726136185
567.0 0.004538886059890501
568.0 0.004817704393644817
569.0 0.0053604147979058325
570.0 0.005903125202166848
571.0 0.005980769856250845
572.0 0.006058414874132723
573.0 0.00629701025900431
574.0 0.006535606371471658
575.0 0.006716224743286148
576.0 0.006896843115100637
577.0 0.005906709338887595
578.0 0.004916576654068194
579.0 0.005628392318612896
580.0 0.006340208346955478
581.0 0.00700730161042884
582.0 0.00767439414630644
583.0 0.008721484482521191
584.0 0.009768571908352897
585.0 0.01008345207083039
586.0 0.010398332960903645
587.0 0.010288358316756785
588.0 0.010178379307035357
589.0 0.010469000699231401
590.0 0.01075962427421473
591.0 0.009799092367757112
592.0 0.008838559006107971
593.0 0.007435589213855565
594.0 0.006032621968188323
595.0 0.005720166518585756
596.0 0.005407711796578951
597.0 0.005834471448906697
598.0 0.006261231465032324
599.0 0.007328356150537729
600.0 0.008395479380851611
601.0 0.008916752994991839
602.0 0.00943802369874902
603.0 0.010467094398336485
604.0 0.01149616582551971
605.0 0.011588666529860348
606.0 0.011681167961796746
607.0 0.00990451080724597
608.0 0.00812785656307824
609.0 0.006403864244930446
610.0 0.004679872654378414
611.0 0.003944351556128822
612.0 0.003208830821677111
613.0 0.0036627912777476013
614.0 0.00411675100622233
615.0 0.0048026649892563
616.0 0.0054885796998860314
617.0 0.006675451732007787
618.0 0.007862324127927423
619.0 0.00901506282389164
620.0 0.010167801519855857
621.0 0.011146639008074999
622.0 0.012125477223889902
623.0 0.01212598872371018
624.0 0.012126498768338934
625.0 0.010681783896870911
626.0 0.009237068297807127
627.0 0.0072557922976557165
628.0 0.005274514478514902
629.0 0.004486940451897681
630.0 0.00369936678907834
631.0 0.003206991095794365
632.0 0.0027146152206114493
633.0 0.0027779489755630493
634.0 0.00284128309431253
635.0 0.002951406167994719
636.0 0.003061528695980087
637.0 0.0038098820368759334
638.0 0.00455823537777178
639.0 0.004608335802913643
640.0 0.0046584355004597455
641.0 0.005038013114244677
642.0 0.005417590728029609
643.0 0.005535867239814252
644.0 0.005654144115396775
645.0 0.005246996079222299
646.0 0.004839848406845704
647.0 0.0038997040974209085
648.0 0.0029595597879961133
649.0 0.002155832225980703
650.0 0.0013521046639652923
651.0 0.0015095460184966214
652.0 0.0016669877368258312
653.0 0.001583375888003502
654.0 0.0014997639482317027
655.0 0.0014767439097340684
656.0 0.0014537238712364342
657.0 0.0015087979591044132
658.0 0.0015638721379218623
659.0 0.001948558201547712
660.0 0.0023332440832746215
661.0 0.002068805042654276
662.0 0.0018043656382360496
663.0 0.002459102324792184
664.0 0.0031138391932472587
665.0 0.0036408891901373863
666.0 0.004167939187027514
667.0 0.004706335312221199
668.0 0.0052447303460212424
669.0 0.005383815005188808
670.0 0.005522896026377566
671.0 0.006361342093441635
672.0 0.007199787796707824
673.0 0.00803013244876638
674.0 0.008860477100824937
675.0 0.008325167436851189
676.0 0.007789859955664724
677.0 0.006114994175732136
678.0 0.004440129123395309
679.0 0.002932609095296357
680.0 0.001425089703843696
681.0 0.0007195637408585753
682.0 1.4037658502275008e-05
683.0 0.0004030186573800165
684.0 0.0007919996278360486
685.0 0.000435801530329627
686.0 7.960340440149594e-05
687.0 0.0001654896209402068
688.0 0.00025137585453194333
689.0 0.00033346018426527735
690.0 0.0004155445367359789
691.0 0.0004215700755594298
692.0 0.0004275957053323509
693.0 0.0004235801043250831
694.0 0.00041956445784308016
695.0 0.0004886779606749769
696.0 0.0005577913725574035
697.0 0.0005915890142205171
698.0 0.0006253865649341606
699.0 0.0005203196451475378
700.0 0.0004152524979872396
701.0 0.0002868487399609876
702.0 0.0001584451297276246
703.0 0.0003894531801051926
704.0 0.0006204612418514444
705.0 0.00047816270125622395
706.0 0.00033586404697416583
707.0 1.6459279685715478e-10
708.0 1.6459279685715478e-10
709.0 1.6459279685715478e-10
710.0 0.00020147531358816195
711.0 0.00039692158679827116
712.0 0.0005923678600083804
713.0 0.0003995745828433428
714.0 0.0002067813511530403
715.0 0.00038190887607925106
716.0 0.0005570364010054618
717.0 0.0002912414174716105
718.0 2.5446468043810455e-05
719.0 0.00032462392027809983
720.0 0.0006238013156689703
721.0 0.0004163244284427492
722.0 0.00020884760942863068
723.0 0.000318223692374886
724.0 0.0004275997525837738
725.0 0.0005891962700843578
726.0 0.0007507929240091471
727.0 0.00038044911434553796
728.0 1.0105588899023132e-05
729.0 0.00028924084745085565
730.0 0.0005683762083208421
731.0 0.0006609761385334423
732.0 0.0007535762506449828
733.0 0.0002281767820022651
734.0 1.6459279685715478e-10
735.0 1.6459279685715478e-10
736.0 1.6459279685715478e-10
737.0 0.00025423942133784294
738.0 0.0009015651812660508
739.0 0.00059375015553087
740.0 0.00028593483420991106
741.0 0.00016884138176465058
742.0 5.1747929319390096e-05
743.0 1.6459279685715478e-10
744.0 1.6459279685715478e-10
745.0 0.0002518974952181452
746.0 0.0006497420599771431
747.0 0.00028415943233994767
748.0 1.6459279685715478e-10
749.0 1.6459279685715478e-10
750.0 1.6459279685715478e-10
751.0 1.6459279685715478e-10
752.0 1.6459279685715478e-10
753.0 0.00019621081719378708
754.0 0.0004737099061458139
755.0 1.6459279685715478e-10
756.0 1.6459279685715478e-10
757.0 1.6459279685715478e-10
758.0 1.6459279685715478e-10
759.0 5.273693659546552e-05
760.0 0.0005569155291595962
761.0 0.00020261718418623786
762.0 1.6459279685715478e-10
763.0 1.6459279685715478e-10
764.0 1.6459279685715478e-10
765.0 0.00022407139113056473
766.0 0.0005050852905696956
767.0 8.482078328597709e-05
768.0 1.6459279685715478e-10
769.0 1.6459279685715478e-10
770.0 1.6459279685715478e-10
771.0 1.6459279685715478e-10
772.0 1.6459279685715478e-10
773.0 0.00028735910291288747
774.0 0.0007399944934149971
775.0 0.0005062637228547828
776.0 0.00027253286134509835
777.0 0.0003207257350368309
778.0 0.00036891867694066605
779.0 0.0005654564120050054
780.0 0.0007619941243319772
781.0 0.000714032012183452
782.0 0.0006660698090854567
783.0 0.0004467757207748946
784.0 0.00022748170067643514
785.0 6.852669116597099e-05
786.0 1.6459279685715478e-10
787.0 0.0005613337179966038
788.0 0.0012130958566558547
789.0 0.0008776436516200192
790.0 0.0005421914465841837
791.0 0.0005254396455711685
792.0 0.000508687662659213
793.0 0.0006382415904226946
794.0 0.0007677952453377657
795.0 0.0007769455805828329
796.0 0.0007860957339289598
797.0 0.0004459272986423457
798.0 0.00010575880651231273
799.0 0.0005098097972222604
800.0 0.0009138608220382594
801.0 0.00047596458898624405
802.0 3.806841277764761e-05
803.0 0.00039844644561526366
804.0 0.0007588244443468284
805.0 0.0009487207535130437
806.0 0.001138616971729789
807.0 0.0006552642389578978
808.0 0.00017191147207995527
809.0 1.6459279685715478e-10
810.0 1.6459279685715478e-10
811.0 6.972064738874906e-05
812.0 0.00041727389543666504
813.0 0.0005956915629212745
814.0 0.0007741091394564137
815.0 0.0008736915333429351
816.0 0.0009732732905831654
817.0 0.0008772077308094595
818.0 0.0007811422619852237
819.0 0.0009033788046508562
820.0 0.0010256153473164886
821.0 0.0009035831681103446
822.0 0.0007815508979547303
823.0 0.000668252232571831
824.0 0.0005549539309868123
825.0 0.0006169665084598819
826.0 0.0006789791768824216
827.0 0.0006759073585271835
828.0 0.0006728356311214156
829.0 0.0003518297262417036
830.0 3.0823829888504406e-05
831.0 0.00010678936632757541
832.0 0.00018275511592946714
833.0 0.0004555748546408722
834.0 0.0007283945706149098
835.0 0.0001531023144707433
836.0 1.6459279685715478e-10
837.0 1.6459279685715478e-10
838.0 1.6459279685715478e-10
839.0 0.0003547623236954678
840.0 0.0008842124771035742
841.0 0.0011809272109530866
842.0 0.001477641944802599
843.0 0.0009500046871835366
844.0 0.00042236702029185835
845.0 0.00048262340897053946
846.0 0.0005428796612250153
847.0 0.0008141038961184677
848.0 0.0010853280400624499
849.0 0.0010323174137738533
850.0 0.0009793061508389656
851.0 0.0010963316526613198
852.0 0.0012133568816352636
853.0 0.0005522041647054721
854.0 1.6459279685715478e-10
855.0 1.6459279685715478e-10
856.0 1.6459279685715478e-10
857.0 0.00013122636346452055
858.0 0.0010488413863640744
859.0 0.0010933885278063826
860.0 0.0011379354873497505
861.0 0.0013628128726850264
862.0 0.0015876905308687128
863.0 0.0018120726963388734
864.0 0.0020364550437079743
865.0 0.001974895531020593
866.0 0.0019133363821310923
867.0 0.0025498968170722947
868.0 0.0031864568882156163
869.0 0.002988466076203622
870.0 0.002790474900393747
871.0 0.0034511776902945712
872.0 0.004111880480195396
873.0 0.0028054693757439964
874.0 0.0014990583622420672
875.0 0.00233295613725204
