lsstCam/transmission_filter_detector/r02_s10/y_10/19700101T000000.ecsv
# %ECSV 1.0
# ---
# datatype:
# - {name: wavelength, unit: nm, datatype: float32}
# - {name: efficiency, unit: '%', datatype: float64}
# meta: !!omap
# - {MODE: DETECTOR}
# - {TYPE: transmission_filter_detector}
# - {CALIBDATE: '1970-01-01T00:00:00'}
# - {INSTRUME: LSSTCam}
# - {OBSTYPE: transmission_filter_detector}
# - {CALIBCLS: lsst.ip.isr.IntermediateFilterDetectorTransmissionCurve}
# - {SOURCE: Materion (DM-46256)}
# - {DETECTOR: 12}
# - {FILTER: y_10}
# - {CALIB_ID: 'calibDate=1970-01-01T00:00:00 filter=y_10 detector=12'}
# - {DATE: '2025-04-02T15:59:50.796274'}
# - {CALIB_CREATION_DATE: '2025-04-02'}
# - {CALIB_CREATION_TIME: '15:59:50'}
# - __serialized_columns__:
#     efficiency:
#       __class__: astropy.units.quantity.Quantity
#       unit: !astropy.units.Unit {unit: '%'}
#       value: !astropy.table.SerializedColumn {name: efficiency}
#     wavelength:
#       __class__: astropy.units.quantity.Quantity
#       unit: !astropy.units.Unit {unit: nm}
#       value: !astropy.table.SerializedColumn {name: wavelength}
# schema: astropy-2.0
wavelength efficiency
[from data line 577]
877.0 0.002043494168901816
878.0 0.0009201350621879101
879.0 0.0016420610336354002
880.0 0.06831160862930119
881.0 0.08669702801853418
882.0 0.06452967645600438
883.0 0.09455482941120863
884.0 0.05150921060703695
885.0 0.08527823374606669
886.0 0.07652571075595915
887.0 0.0991790322586894
888.0 0.05076100933365524
889.0 0.11057259980589151
890.0 0.06768049206584692
891.0 0.11775520397350192
892.0 0.07076323381625116
893.0 0.11518989922478795
894.0 0.0709676998667419
895.0 0.1098950975574553
896.0 0.0734057161025703
897.0 0.09568206733092666
898.0 0.08757043397054076
899.0 0.09840958518907428
900.0 0.08441661484539509
901.0 0.11629733489826322
902.0 0.13597464421764016
903.0 0.1522313803434372
904.0 0.17003893153741956
905.0 0.1873836270533502
906.0 0.21953568793833256
907.0 0.2886310685425997
908.0 0.36460598930716515
909.0 0.49350145272910595
910.0 0.6702612154185772
911.0 0.9399336762726307
912.0 1.3654052279889584
913.0 2.0159032195806503
914.0 2.8606247156858444
915.0 4.1555531322956085
916.0 5.818454176187515
917.0 7.76730477809906
918.0 10.133692622184753
919.0 12.495672702789307
920.0 15.738467872142792
921.0 19.083258509635925
922.0 22.31658697128296
923.0 26.046517491340637
924.0 30.12596368789673
925.0 34.69521403312683
926.0 40.3103232383728
927.0 46.61339819431305
928.0 52.366381883621216
929.0 58.80861282348633
930.0 64.73885178565979
931.0 70.75191140174866
932.0 76.5394389629364
933.0 81.68136477470398
934.0 85.67578792572021
935.0 88.71104717254639
936.0 91.16433262825012
937.0 92.9892897605896
938.0 94.26857233047485
939.0 94.99187469482422
940.0 95.53508758544922
941.0 95.95410227775574
942.0 96.23358249664307
943.0 96.45416736602783
944.0 96.77059054374695
945.0 96.88669443130493
946.0 97.04091548919678
947.0 97.04266786575317
948.0 97.15709090232849
949.0 97.07587361335754
950.0 97.23426699638367
951.0 97.22006916999817
952.0 97.20361828804016
953.0 97.4202036857605
954.0 97.48485088348389
955.0 97.4898636341095
956.0 97.75957465171814
957.0 97.96632528305054
958.0 98.14815521240234
959.0 98.25100302696228
960.0 98.39861989021301
961.0 98.48459959030151
962.0 98.59822988510132
963.0 98.60836863517761
964.0 98.69878888130188
965.0 98.73169660568237
966.0 98.78002405166626
967.0 98.82983565330505
968.0 98.82232546806335
969.0 98.83777499198914
970.0 98.8791286945343
971.0 98.89686107635498
972.0 98.99095892906189
973.0 99.05298352241516
974.0 99.06631708145142
975.0 99.07609224319458
976.0 99.13992881774902
977.0 99.08673763275146
978.0 99.13833737373352
979.0 99.11695122718811
980.0 99.0805447101593
981.0 99.02768731117249
982.0 98.97348880767822
983.0 98.97852540016174
984.0 98.922860622406
985.0 98.9463210105896
986.0 98.81207346916199
987.0 98.88206720352173
988.0 98.72930645942688
989.0 98.74225854873657
990.0 98.68822693824768
991.0 98.6682116985321
992.0 98.74739050865173
993.0 98.69780540466309
994.0 98.67519736289978
995.0 98.6939549446106
996.0 98.66572618484497
997.0 98.7994909286499
998.0 98.82842898368835
999.0 98.87555837631226
1000.0 98.93876314163208
1001.0 98.90963435173035
1002.0 99.00375604629517
1003.0 99.04206395149231
1004.0 99.11035299301147
1005.0 99.0766704082489
1006.0 99.20815825462341
1007.0 99.185711145401
1008.0 99.15731549263
1009.0 99.0972101688385
1010.0 99.16946291923523
1011.0 99.16589856147766
1012.0 99.06436204910278
1013.0 99.04986619949341
1014.0 99.07190799713135
1015.0 98.97431135177612
1016.0 98.98418188095093
1017.0 98.98436069488525
1018.0 99.03056621551514
1019.0 98.94033670425415
1020.0 98.98129105567932
1021.0 99.0678608417511
1022.0 98.95902276039124
1023.0 98.99788498878479
1024.0 99.01046752929688
1025.0 98.9439606666565
1026.0 99.02089238166809
1027.0 99.15218353271484
1028.0 99.04873371124268
1029.0 99.16993975639343
1030.0 99.21190142631531
1031.0 99.1725504398346
1032.0 99.1254985332489
1033.0 99.19004440307617
1034.0 99.19034838676453
1035.0 99.23856258392334
1036.0 99.1578221321106
1037.0 99.23513531684875
1038.0 99.1883933544159
1039.0 99.05669689178467
1040.0 99.07184839248657
1041.0 99.06103014945984
1042.0 99.03513789176941
1043.0 98.94968867301941
1044.0 99.08956289291382
1045.0 98.82002472877502
1046.0 98.91811609268188
1047.0 98.86553287506104
1048.0 98.94046783447266
1049.0 98.78891706466675
1050.0 98.79105687141418
1051.0 98.80972504615784
1052.0 98.78657460212708
1053.0 98.70803952217102
1054.0 98.93469214439392
1055.0 99.06036257743835
1056.0 98.88530969619751
1057.0 98.98727536201477
1058.0 98.75883460044861
1059.0 98.85409474372864
1060.0 99.0346372127533
1061.0 98.94974827766418
1062.0 99.02054071426392
1063.0 98.80695939064026
1064.0 99.15473461151123
1065.0 98.99619221687317
1066.0 99.02433753013611
1067.0 99.06690716743469
1068.0 99.03948307037354
1069.0 98.81736636161804
1070.0 99.17605519294739
1071.0 99.02489185333252
1072.0 99.1010844707489
1073.0 99.17448163032532
1074.0 98.75113368034363
1075.0 98.9073097705841
1076.0 98.64776730537415
1077.0 98.96067976951599
1078.0 99.04659390449524
1079.0 98.70405793190002
1080.0 99.27343130111694
1081.0 98.60625267028809
1082.0 98.56690168380737
1083.0 98.79366755485535
1084.0 99.0288496017456
1085.0 99.07606840133667
1086.0 98.6750841140747
1087.0 98.70275259017944
1088.0 98.75820875167847
1089.0 98.56802225112915
1090.0 98.63909482955933
1091.0 98.9009141921997
1092.0 98.84798526763916
1093.0 98.7417221069336
1094.0 98.20892810821533
1095.0 98.51295351982117
1096.0 98.72326850891113
1097.0 98.3786940574646
1098.0 97.65204191207886
1099.0 98.59509468078613
1100.0 98.27507138252258
