lsstCam/transmission_filter_detector/r11_s20/g_6/19700101T000000.ecsv
# %ECSV 1.0
# ---
# datatype:
# - {name: wavelength, unit: nm, datatype: float32}
# - {name: efficiency, unit: '%', datatype: float64}
# meta: !!omap
# - {MODE: DETECTOR}
# - {TYPE: transmission_filter_detector}
# - {CALIBDATE: '1970-01-01T00:00:00'}
# - {INSTRUME: LSSTCam}
# - {OBSTYPE: transmission_filter_detector}
# - {CALIBCLS: lsst.ip.isr.IntermediateFilterDetectorTransmissionCurve}
# - {SOURCE: Materion (DM-46256)}
# - {DETECTOR: 42}
# - {FILTER: g_6}
# - {CALIB_ID: 'calibDate=1970-01-01T00:00:00 filter=g_6 detector=42'}
# - {DATE: '2025-04-02T15:59:42.221358'}
# - {CALIB_CREATION_DATE: '2025-04-02'}
# - {CALIB_CREATION_TIME: '15:59:42'}
# - __serialized_columns__:
#     efficiency:
#       __class__: astropy.units.quantity.Quantity
#       unit: !astropy.units.Unit {unit: '%'}
#       value: !astropy.table.SerializedColumn {name: efficiency}
#     wavelength:
#       __class__: astropy.units.quantity.Quantity
#       unit: !astropy.units.Unit {unit: nm}
#       value: !astropy.table.SerializedColumn {name: wavelength}
# schema: astropy-2.0
wavelength efficiency
[from data line 608]
908.0 0.0004967931090504862
909.0 0.0004392325081425952
910.0 0.00038214843698369805
911.0 0.0003250643658248009
912.0 0.000416187867813278
913.0 0.0005073113698017551
914.0 0.0003202683501513093
915.0 0.00013322538734428235
916.0 0.00016994957832139335
917.0 0.00020667373519245302
918.0 0.00022452750272350386
919.0 0.00024238129299192224
920.0 0.0003498866817608359
921.0 0.0004573921160044847
922.0 0.0005843258350068936
923.0 0.0007112595994840376
924.0 0.0006018508429406211
925.0 0.0004924419499729993
926.0 0.0005801261067972519
927.0 0.0006678104000457097
928.0 0.0006278695764194708
929.0 0.0005879287982679671
930.0 0.0005499111011886271
931.0 0.0005118934495840222
932.0 0.0004903999979433138
933.0 0.0004689065463026054
934.0 0.00044159901335660834
935.0 0.00041429148041061126
936.0 0.00047766161515028216
937.0 0.0005410317498899531
938.0 0.0005910585969104432
939.0 0.0006410854439309333
940.0 0.0005153505753696663
941.0 0.00038961557038419414
942.0 0.0005558963948715245
943.0 0.00072217726483359
944.0 0.0006832436611148296
945.0 0.0006443099209718639
946.0 0.0005910017534915823
947.0 0.0005376934495870955
948.0 0.0009293166840507183
949.0 0.0013209401004132815
950.0 0.0011095852642029058
951.0 0.00089823033704306
952.0 0.0009465029506827705
953.0 0.0009947754733730108
954.0 0.0008741533747524954
955.0 0.0007535314580309205
956.0 0.0006945077984710224
957.0 0.0006354838660627138
958.0 0.0007361982170550618
959.0 0.0008369124770979397
960.0 0.0006979452336963732
961.0 0.0005589778083958663
962.0 0.0005766143658547662
963.0 0.000594250877838931
964.0 0.000699814972904278
965.0 0.0008053788405959494
966.0 0.0007857473974581808
967.0 0.0007661159543204121
968.0 0.0007261173777806107
969.0 0.0006861188467155444
970.0 0.0007354758054134436
971.0 0.0007848328095860779
972.0 0.0008633728612039704
973.0 0.0009419129128218628
974.0 0.0008523988071829081
975.0 0.0007628850198670989
976.0 0.000833662306831684
977.0 0.0009044399121194147
978.0 0.0009502301509201061
979.0 0.0009960204806702677
980.0 0.001010126834444236
981.0 0.0010242332791676745
982.0 0.0009676089575805236
983.0 0.0009109845450439025
984.0 0.0009540509381622542
985.0 0.0009971175131795462
986.0 0.0011047685802623164
987.0 0.001212419374496676
988.0 0.0012703022548521403
989.0 0.0013281845895107836
990.0 0.0013771656995231751
991.0 0.001426146991434507
992.0 0.001406416868121596
993.0 0.0013866871086065657
994.0 0.0013637920346809551
995.0 0.001340897233603755
996.0 0.0011966042620770168
997.0 0.0010523112905502785
998.0 0.001239616540260613
999.0 0.0014269217899709474
1000.0 0.0013703960576094687
1001.0 0.0013138702342985198
1002.0 0.001229901590704685
1003.0 0.0011459329471108504
1004.0 0.0011256308425799944
1005.0 0.001105328556150198
1006.0 0.0013630703506350983
1007.0 0.0016208121451199986
1008.0 0.0016457799574709497
1009.0 0.001670748315518722
1010.0 0.0017431993910577148
1011.0 0.0018156510122935288
1012.0 0.0019800545487669297
1013.0 0.0021444584490382113
1014.0 0.002170494553865865
1015.0 0.002196530840592459
1016.0 0.002552273690525908
1017.0 0.0029080170861561783
1018.0 0.0030964794859755784
1019.0 0.003284942067693919
1020.0 0.0033590036764508113
1021.0 0.0034330656490055844
1022.0 0.0037467605579877272
1023.0 0.00406045546696987
1024.0 0.004257220643921755
1025.0 0.00445398545707576
1026.0 0.004549403820419684
1027.0 0.004644822183763608
1028.0 0.004745863043353893
1029.0 0.004846903902944177
1030.0 0.0049121106712846085
1031.0 0.004977317075827159
1032.0 0.005411382517195307
1033.0 0.005845448322361335
1034.0 0.005645083729177713
1035.0 0.005444719863589853
1036.0 0.005578165291808546
1037.0 0.005711610720027238
1038.0 0.005855088966200128
1039.0 0.0059985668485751376
1040.0 0.006404041050700471
1041.0 0.0068095134338364005
1042.0 0.006955350545467809
1043.0 0.007101186929503456
1044.0 0.007364417979260907
1045.0 0.0076276475738268346
1046.0 0.00876888952916488
1047.0 0.009910130029311404
1048.0 0.01148148367065005
1049.0 0.01305283367400989
1050.0 0.015482284652534872
1051.0 0.017911729810293764
1052.0 0.021723895042669028
1053.0 0.02553606464061886
1054.0 0.030584787600673735
1055.0 0.035633507650345564
1056.0 0.042622192995622754
1057.0 0.04961087252013385
1058.0 0.057598447892814875
1059.0 0.06558600580319762
1060.0 0.07316275732591748
1061.0 0.08073947974480689
1062.0 0.08811310981400311
1063.0 0.09548671660013497
1064.0 0.10149130830541253
1065.0 0.10749588254839182
1066.0 0.1137995277531445
1067.0 0.12010317295789719
1068.0 0.12771344045177102
1069.0 0.1353237545117736
1070.0 0.14578476548194885
1071.0 0.15624576481059194
1072.0 0.1681934460066259
1073.0 0.18014108063653111
1074.0 0.19270764896646142
1075.0 0.20527425222098827
1076.0 0.21733129397034645
1077.0 0.22938833571970463
1078.0 0.24225229863077402
1079.0 0.25511623825877905
1080.0 0.2723384415730834
1081.0 0.28956064488738775
1082.0 0.31810870859771967
1083.0 0.3466567723080516
1084.0 0.38714087568223476
1085.0 0.4276250023394823
1086.0 0.46365195885300636
1087.0 0.4996789153665304
1088.0 0.5645779892802238
1089.0 0.6294770631939173
1090.0 0.7077830843627453
1091.0 0.7860890589654446
1092.0 0.8194941096007824
1093.0 0.8528989739716053
1094.0 0.895259715616703
1095.0 0.9376202709972858
1096.0 0.9919067844748497
1097.0 1.046193577349186
1098.0 1.0857043787837029
1099.0 1.1252154596149921
1100.0 1.3157881796360016
1101.0 1.5063606202602386
