lsstCam/transmission_filter_detector/r11_s20/g_6/19700101T000000.ecsv
# %ECSV 1.0
# ---
# datatype:
# - {name: wavelength, unit: nm, datatype: float32}
# - {name: efficiency, unit: '%', datatype: float64}
# meta: !!omap
# - {MODE: DETECTOR}
# - {TYPE: transmission_filter_detector}
# - {CALIBDATE: '1970-01-01T00:00:00'}
# - {INSTRUME: LSSTCam}
# - {OBSTYPE: transmission_filter_detector}
# - {CALIBCLS: lsst.ip.isr.IntermediateFilterDetectorTransmissionCurve}
# - {SOURCE: Materion (DM-46256)}
# - {DETECTOR: 42}
# - {FILTER: g_6}
# - {CALIB_ID: 'calibDate=1970-01-01T00:00:00 filter=g_6 detector=42'}
# - {DATE: '2025-04-02T15:59:42.221358'}
# - {CALIB_CREATION_DATE: '2025-04-02'}
# - {CALIB_CREATION_TIME: '15:59:42'}
# - __serialized_columns__:
#     efficiency:
#       __class__: astropy.units.quantity.Quantity
#       unit: !astropy.units.Unit {unit: '%'}
#       value: !astropy.table.SerializedColumn {name: efficiency}
#     wavelength:
#       __class__: astropy.units.quantity.Quantity
#       unit: !astropy.units.Unit {unit: nm}
#       value: !astropy.table.SerializedColumn {name: wavelength}
# schema: astropy-2.0
wavelength efficiency
300.0 0.5168750882148743
301.0 0.38334354758262634
302.0 0.24981198366731405
303.0 0.22035078145563602
304.0 0.1908895676024258
305.0 0.20016911439597607
306.0 0.20944862626492977
307.0 0.21712672896683216
308.0 0.22480480838567019
309.0 0.2246314426884055
310.0 0.22445812355726957
311.0 0.21532783284783363
312.0 0.2061976119875908
313.0 0.20282063633203506
314.0 0.19944366067647934
315.0 0.18867121543735266
316.0 0.17789879348129034
317.0 0.17594966338947415
318.0 0.17400054493919015
319.0 0.16043678624555469
320.0 0.14687300426885486
321.0 0.14174635289236903
322.0 0.1366197131574154
323.0 0.11560672428458929
324.0 0.09459378779865801
325.0 0.08670620154589415
326.0 0.07881862111389637
327.0 0.07240674458444118
328.0 0.06599486223421991
329.0 0.0627644534688443
330.0 0.05953404470346868
331.0 0.05490206531248987
332.0 0.050270085921511054
333.0 0.0469676946522668
334.0 0.0436653004726395
335.0 0.042208199738524854
336.0 0.04075109900441021
337.0 0.041620698175393045
338.0 0.04249029443599284
339.0 0.041011846042238176
340.0 0.03953340055886656
341.0 0.03771613701246679
342.0 0.03589887637645006
343.0 0.03239195793867111
344.0 0.028885042411275208
345.0 0.025591920712031424
346.0 0.022298796102404594
347.0 0.021028099581599236
348.0 0.01975740015041083
349.0 0.018097633437719196
350.0 0.9254232980310917
351.0 0.8153598755598068
352.0 0.9616144001483917
353.0 1.0261813178658485
354.0 0.6223666481673717
355.0 0.8795399218797684
356.0 0.7902013137936592
357.0 1.0203062556684017
358.0 0.5886256229132414
359.0 0.7581922225654125
360.0 0.600088108330965
361.0 0.6979150697588921
362.0 0.5249932873994112
363.0 0.7232747972011566
364.0 0.5740081891417503
365.0 0.6668479647487402
366.0 0.49459184519946575
367.0 0.6644213106483221
368.0 0.44757258147001266
369.0 0.6247524172067642
370.0 0.3771534888073802
371.0 0.6845282856374979
372.0 0.4909580573439598
373.0 0.534131983295083
374.0 0.4209700971841812
375.0 0.5436175037175417
376.0 0.35637086257338524
377.0 0.5169757176190615
378.0 0.3782719373703003
379.0 0.5922384560108185
380.0 0.425583915784955
381.0 0.4536515101790428
382.0 0.538324611261487
383.0 0.5214503034949303
384.0 0.6065771449357271
385.0 0.5369806662201881
386.0 0.6615534890443087
387.0 0.7524983491748571
388.0 0.9415954351425171
389.0 1.18675846606493
390.0 1.6598640009760857
391.0 2.454563044011593
392.0 4.019669070839882
393.0 6.403496116399765
394.0 9.6375972032547
395.0 14.144763350486755
396.0 19.663333892822266
397.0 26.811698079109192
398.0 35.0963830947876
399.0 44.23898756504059
400.0 53.71881127357483
401.0 62.793028354644775
402.0 71.39701843261719
403.0 78.79747748374939
404.0 84.28053259849548
405.0 88.5004997253418
406.0 90.8629059791565
407.0 92.69787073135376
408.0 93.86594891548157
409.0 94.43975687026978
410.0 94.63563561439514
411.0 94.51242089271545
412.0 94.18166875839233
413.0 93.98102760314941
414.0 93.75525116920471
415.0 93.9171850681305
416.0 94.26287412643433
417.0 94.55748796463013
418.0 95.03302574157715
419.0 95.58702111244202
420.0 96.19987607002258
421.0 96.676766872406
422.0 96.93676829338074
423.0 97.14556336402893
424.0 96.98038697242737
425.0 96.85341715812683
426.0 96.83634638786316
427.0 96.87516689300537
428.0 96.68947458267212
429.0 96.5166449546814
430.0 96.31323218345642
431.0 96.42671346664429
432.0 96.38835191726685
433.0 96.47680521011353
434.0 96.58923149108887
435.0 96.7585802078247
436.0 96.79179191589355
437.0 96.83646559715271
438.0 96.8458890914917
439.0 96.93791270256042
440.0 96.86992764472961
441.0 97.01021313667297
442.0 96.97547554969788
443.0 96.97270393371582
444.0 96.95338010787964
445.0 96.69761657714844
446.0 96.5915322303772
447.0 96.33622765541077
448.0 96.34700417518616
449.0 96.52131199836731
450.0 96.74044251441956
451.0 96.92342877388
452.0 97.10740447044373
453.0 97.23629951477051
454.0 97.28875160217285
455.0 97.6141631603241
456.0 97.69631028175354
457.0 97.86520004272461
458.0 97.83729314804077
459.0 97.83986210823059
460.0 97.94387817382812
461.0 98.04645776748657
462.0 97.99916744232178
463.0 97.93196320533752
464.0 98.03006649017334
465.0 97.97266125679016
466.0 97.9532241821289
467.0 97.95675277709961
468.0 97.99419641494751
469.0 98.02518486976624
470.0 97.89243936538696
471.0 97.75694012641907
472.0 97.81847596168518
473.0 97.74712324142456
474.0 97.61613607406616
475.0 97.62810468673706
476.0 97.60103225708008
477.0 97.66010642051697
478.0 97.77129292488098
479.0 97.73693084716797
480.0 97.90199995040894
481.0 97.98215627670288
482.0 98.16766381263733
483.0 98.06175827980042
484.0 98.24533462524414
485.0 98.28550815582275
486.0 98.33691120147705
487.0 98.3390212059021
488.0 98.3386218547821
489.0 98.447185754776
490.0 98.39481115341187
491.0 98.37750196456909
492.0 98.33200573921204
493.0 98.28664064407349
494.0 98.25524687767029
495.0 98.29607009887695
496.0 98.12238216400146
497.0 98.05198907852173
498.0 97.88243174552917
499.0 97.93040752410889
500.0 97.84151315689087
501.0 97.75508046150208
502.0 97.70697355270386
503.0 97.8395164012909
504.0 97.69322276115417
505.0 97.6935088634491
506.0 97.74259328842163
507.0 97.6902961730957
508.0 97.71254658699036
509.0 97.64164686203003
510.0 97.60593175888062
511.0 97.5665032863617
512.0 97.52711653709412
513.0 97.6285457611084
514.0 97.56466746330261
515.0 97.56901860237122
516.0 97.69424796104431
517.0 97.66480326652527
518.0 97.74673581123352
519.0 97.82063961029053
520.0 97.83550500869751
521.0 97.97762632369995
522.0 97.97414541244507
523.0 97.97326326370239
524.0 98.00856113433838
525.0 98.00572991371155
526.0 98.051518201828
527.0 98.1102466583252
528.0 98.16219210624695
529.0 98.27283024787903
530.0 98.28875660896301
531.0 98.42894077301025
532.0 98.28051328659058
533.0 98.30222725868225
534.0 98.3050286769867
535.0 98.12951683998108
536.0 97.82018661499023
537.0 97.33209609985352
538.0 96.66423201560974
539.0 95.33801078796387
540.0 93.71182322502136
541.0 91.21513366699219
542.0 88.55391144752502
543.0 85.03464460372925
544.0 80.49188256263733
545.0 76.53172016143799
546.0 71.60210013389587
547.0 67.03236699104309
548.0 62.41796016693115
549.0 58.21495056152344
550.0 54.86633777618408
551.0 51.625341176986694
552.0 49.18373227119446
553.0 46.67638838291168
554.0 43.874379992485046
555.0 40.800318121910095
556.0 36.715736985206604
557.0 31.98390007019043
558.0 26.714783906936646
559.0 21.394452452659607
560.0 16.141529381275177
561.0 11.24081015586853
562.0 7.35582560300827
563.0 4.422332346439362
564.0 2.479640953242779
565.0 1.2271398678421974
566.0 0.6420130375772715
567.0 0.3224909771233797
568.0 0.20550449844449759
569.0 0.11505542788654566
570.0 0.08482090779580176
571.0 0.055971817346289754
572.0 0.054554949747398496
573.0 0.03938952286262065
574.0 0.048283670912496746
575.0 0.035755138378590345
576.0 0.041397876339033246
577.0 0.02535368548706174
578.0 0.037271803012117743
579.0 0.030817603692412376
580.0 0.028339840355329216
581.0 0.025807428755797446
582.0 0.02859985106624663
583.0 0.022116290347184986
584.0 0.02491429913789034
585.0 0.021120220480952412
586.0 0.03589857369661331
587.0 0.012817821698263288
588.0 0.02292843273608014
589.0 0.01235938398167491
590.0 0.013713994121644646
591.0 0.010216450755251572
592.0 0.009227034752257168
593.0 0.018847917090170085
594.0 0.01858621835708618
595.0 0.010945310350507498
596.0 0.014535932859871536
597.0 0.018199441547039896
598.0 0.004565106064546853
599.0 0.0022626674763159826
600.0 0.011499214451760054
601.0 0.002361454244237393
602.0 0.002473800486768596
603.0 0.0025861465474008583
604.0 0.0023057345970300958
605.0 0.0020253228285582736
606.0 0.0020748862880282104
607.0 0.002124449565599207
608.0 0.0019249217075412162
609.0 0.0017253940313821658
610.0 0.0018497876226319931
611.0 0.0019741806681849994
612.0 0.0018557648218120448
613.0 0.0017373491573380306
614.0 0.001765018532751128
615.0 0.0017926884538610466
616.0 0.0019631914256024174
617.0 0.002133694215444848
618.0 0.0019213361156289466
619.0 0.0017089781977119856
620.0 0.0017452828615205362
621.0 0.0017815878891269676
622.0 0.0015990774045349099
623.0 0.0014165670108923223
624.0 0.001406883711752016
625.0 0.00139720050356118
626.0 0.0013633804883284029
627.0 0.0013295608368935063
628.0 0.0015203433576971292
629.0 0.0017111260603996925
630.0 0.0014960850421630312
631.0 0.0012810437510779593
632.0 0.001334972148470115
633.0 0.0013889001820643898
634.0 0.0013983025382913183
635.0 0.001407704439770896
636.0 0.00136028056658688
637.0 0.001312857148150215
638.0 0.0012459993740776554
639.0 0.0011791415090556256
640.0 0.001121443619922502
641.0 0.0010637454579409678
642.0 0.0012767207408614922
643.0 0.001489696205680957
644.0 0.0013747751836490352
645.0 0.001259853979718173
646.0 0.0011870616617670748
647.0 0.001114269434765447
648.0 0.0010190889952355064
649.0 0.0009239083738066256
650.0 0.0012020044778182637
651.0 0.001480100127082551
652.0 0.0012202879588585347
653.0 0.0009604758815839887
654.0 0.0010265561286360025
655.0 0.0010926364666374866
656.0 0.0011457565960881766
657.0 0.0011988768164883368
658.0 0.0010850775652215816
659.0 0.0009712787687021773
660.0 0.0009972947736969218
661.0 0.0010233109605906066
662.0 0.0010699221093091182
663.0 0.0011165336218255106
664.0 0.0012283434443816077
665.0 0.0013401529940892942
666.0 0.0011860191079904325
667.0 0.0010318851309421007
668.0 0.0011443115909059998
669.0 0.001256738141819369
670.0 0.0011696238289005123
671.0 0.0010825094250321854
672.0 0.0011391682164685335
673.0 0.0011958269169554114
674.0 0.001158144004875794
675.0 0.0011204610018467065
676.0 0.001086104293790413
677.0 0.001051747221936239
678.0 0.0011402327800169587
679.0 0.0012287184290471487
680.0 0.0010947141163342167
681.0 0.0009607096217223443
682.0 0.0009987185876525473
683.0 0.00103672737168381
684.0 0.0008837153472995851
685.0 0.0007307032319658902
686.0 0.000941563121159561
687.0 0.0011524230103532318
688.0 0.0011289131180092227
689.0 0.001105403407564154
690.0 0.0010127679161087144
691.0 0.0009201324246532749
692.0 0.0009262148523703218
693.0 0.0009322972800873686
694.0 0.001016797250485979
695.0 0.0011012971299351193
696.0 0.0011324866136419587
697.0 0.0011636757335509174
698.0 0.0012760528989019804
699.0 0.0013884301552025136
700.0 0.0011914476999663748
701.0 0.0009944651537807658
702.0 0.0010887960343097802
703.0 0.0011831267329398543
704.0 0.0011844718756037764
705.0 0.0011858168363687582
706.0 0.0011377399459888693
707.0 0.0010896633284573909
708.0 0.001072209397534607
709.0 0.0010547556485107634
710.0 0.0012159667676314712
711.0 0.0013771782505500596
712.0 0.0012624385817616712
713.0 0.0011476991858216934
714.0 0.001236913612956414
715.0 0.001326128221990075
716.0 0.0015117125258257147
717.0 0.0016972971934592351
718.0 0.0019472903659334406
719.0 0.002197283538407646
720.0 0.0018373882994637825
721.0 0.0014774928786209784
722.0 0.0016135169062181376
723.0 0.0017495414795121178
724.0 0.001755109587975312
725.0 0.0017606778783374466
726.0 0.0019355535187060013
727.0 0.002110429159074556
728.0 0.0021253425074974075
729.0 0.002140255855920259
730.0 0.002105515704897698
731.0 0.0020707753719761968
732.0 0.0019540488210623153
733.0 0.0018373226339463145
734.0 0.0016192561815842055
735.0 0.0014011899111210369
736.0 0.0012449606401787605
737.0 0.0010887311873375438
738.0 0.0011212045137654059
739.0 0.001153677931142738
740.0 0.0009555876204103697
741.0 0.0007574972642032662
742.0 0.0007391657163680065
743.0 0.0007208341685327468
744.0 0.0008241803698183503
745.0 0.0009275267984776292
746.0 0.000978494790615514
747.0 0.0010294627827533986
748.0 0.001136025366577087
749.0 0.0012425881322997157
750.0 0.0010271794963045977
751.0 0.0008117712241073605
752.0 0.0007996195563464426
753.0 0.0007874681614339352
754.0 0.0008070241165114567
755.0 0.0008265801625384483
756.0 0.0008851658094499726
757.0 0.0009437514563614968
758.0 0.0008973200237960555
759.0 0.000850889045977965
760.0 0.0006826593107689405
761.0 0.000514429575559916
762.0 0.0005852245067217154
763.0 0.0006560193924087798
764.0 0.000761995534048765
765.0 0.0008679719030624256
766.0 0.0007771019227220677
767.0 0.0006862319878564449
768.0 0.0005986050382489339
769.0 0.0005109780886414228
770.0 0.00040173840716306586
771.0 0.00029249874842207646
772.0 0.0005952700576017378
773.0 0.0008980416168924421
774.0 0.000897317750059301
775.0 0.0008965939741756301
776.0 0.0008190623702830635
777.0 0.000741530811865232
778.0 0.0007042249762889696
779.0 0.0006669192316621775
780.0 0.0005918153419770533
781.0 0.000516711361342459
782.0 0.0005587788564298535
783.0 0.0006008462150930427
784.0 0.0007326190825551748
785.0 0.000864391950017307
786.0 0.0007779034604027402
787.0 0.0006914153800607892
788.0 0.0004901700322079705
789.0 0.00028892479804198956
790.0 0.00024405144358752295
791.0 0.00019917804365832126
792.0 0.00021582684439636068
793.0 0.0002324756451344001
794.0 0.00026111811166629195
795.0 0.0002897605781981838
796.0 0.00043327472667442635
797.0 0.0005767888978880364
798.0 0.0005901777967665112
799.0 0.0006035666956449859
800.0 0.0005672608040185878
801.0 0.000530955048816395
802.0 0.0004337612153904047
803.0 0.0003365675411259872
804.0 0.00028473730253608664
805.0 0.00023290717763302382
806.0 0.0002944939296867233
807.0 0.00035608068174042273
808.0 0.00046349928197741974
809.0 0.0005709178367396817
810.0 0.00042722740545286797
811.0 0.0002835369741660543
812.0 0.00027850965125253424
813.0 0.0002734822828642791
814.0 0.0003755917759917793
815.0 0.00047770126911927946
816.0 0.0006044242581992876
817.0 0.0007311471108550904
818.0 0.0004913888460578164
819.0 0.000251630649472645
820.0 0.0003875605216308031
821.0 0.0005234903255768586
822.0 0.0004848907337873243
823.0 0.00044629114199778996
824.0 0.00046868535719113424
825.0 0.0004910794814350083
826.0 0.0006152954028948443
827.0 0.0007395112334052101
828.0 0.0006842777111160103
829.0 0.0006290441888268106
830.0 0.0004682413873524638
831.0 0.00030743865409021964
832.0 0.000495473068440333
833.0 0.0006835073691036087
834.0 0.000538627818968962
835.0 0.00039374826883431524
836.0 0.0004312882083468139
837.0 0.00046882823880878277
838.0 0.00039578926589456387
839.0 0.00032275029298034497
840.0 0.0005254792540654307
841.0 0.0007282080332515761
842.0 0.00039877650124253705
843.0 6.934487259968591e-05
844.0 9.54518441176333e-05
845.0 0.00012155884405729012
846.0 0.0003802917944994988
847.0 0.0006390248472598614
848.0 0.0005428616987046553
849.0 0.00044669859562418424
850.0 0.0005077636160422117
851.0 0.0005688286364602391
852.0 0.0005508908088813769
853.0 0.000532952662979369
854.0 0.0005590630280494224
855.0 0.0005851732112205354
856.0 0.0005915758720220765
857.0 0.0005979786237730877
858.0 0.0006026070877851453
859.0 0.0006072355972719379
860.0 0.0005539395260711899
861.0 0.0005006434093957068
862.0 0.0004609240022546146
863.0 0.0004212045951135224
864.0 0.00041403836803510785
865.0 0.0004068722319061635
866.0 0.0004635026471078163
867.0 0.0005201331077842042
868.0 0.0006297360414464492
869.0 0.0007393390205834294
870.0 0.0006186723567225272
871.0 0.0004980055109626846
872.0 0.000420599599237903
873.0 0.00034319355108891614
874.0 0.0004428844931680942
875.0 0.0005425754807220073
876.0 0.000596858899371
877.0 0.0006511422270705225
878.0 0.0007052528872009134
879.0 0.0007593634563818341
880.0 0.0007149345947254915
881.0 0.0006705060059175594
882.0 0.0005867531854164554
883.0 0.0005030005922890268
884.0 0.0005596215032710461
885.0 0.0006162426416267408
886.0 0.0006975843007239746
887.0 0.000778926278144354
888.0 0.0006678946192550939
889.0 0.0005568630513153039
890.0 0.0005811435585201252
891.0 0.0006054242476238869
892.0 0.0005389322723203804
893.0 0.0004724404334410792
894.0 0.0004426899067766499
895.0 0.0004129394255869556
896.0 0.00021480827854247764
897.0 1.6677111602803052e-05
898.0 0.00021655444015777903
899.0 0.0004164317942922935
900.0 0.0003887657385348575
901.0 0.0003610997055147891
902.0 0.0005113691713631852
903.0 0.0006616386599489488
904.0 0.00038534194573003333
905.0 0.00010904517466769903
906.0 0.00033169949347211514
