lsstcam/qe_curve/r01_s21/19700101T000000.ecsv
# %ECSV 0.9
# ---
# datatype:
# - {name: amp_name, datatype: string}
# - {name: wavelength, unit: nm, datatype: float32}
# - {name: efficiency, unit: '%', datatype: float32}
# meta: !!omap
# - {MODE: AMP}
# - {TYPE: QE}
# - {CALIBDATE: '1970-01-01T00:00:00'}
# - {INSTRUME: LSSTCAM}
# - {OBSTYPE: qe_curve}
# - {DETECTOR: 7}
# - {PICKLEFILE: RaftRun10861.p}
# - {CALIB_ID: 'raftName=R01 detectorName=S21 detector=7 calibDate=1970-01-01T00:00:00 ccd=7 ccdnum=7 filter=None'}
# - {DATE: '2020-01-03T18:08:38.068460'}
# - {CALIB_CREATION_DATE: '2020-01-03'}
# - {CALIB_CREATION_TIME: '18:08:38'}
# - __serialized_columns__:
#     efficiency:
#       __class__: astropy.units.quantity.Quantity
#       unit: !astropy.units.Unit {unit: '%'}
#       value: !astropy.table.SerializedColumn {name: efficiency}
#     wavelength:
#       __class__: astropy.units.quantity.Quantity
#       unit: !astropy.units.Unit {unit: nm}
#       value: !astropy.table.SerializedColumn {name: wavelength}
# schema: astropy-2.0
amp_name wavelength efficiency
C13 319.994 46.88246
C13 324.969 47.99482
C13 349.982 55.130814
C13 374.975 70.383224
C13 400.019 83.43173
C13 424.965 85.69484
C13 450.035 84.92849
C13 475.003 84.05811
C13 500.018 83.847404
C13 525.002 84.3115
C13 550.029 85.743576
C13 575.023 87.52572
C13 599.982 89.77035
C13 619.997 90.781044
C13 624.979 91.14611
C13 650.012 92.76108
C13 675.004 94.04369
C13 700.03 95.03006
C13 725.012 95.80194
C13 750.022 97.18762
C13 774.987 98.456566
C13 799.976 98.81035
C13 824.988 98.1612
C13 850.022 96.97061
C13 869.967 94.35068
C13 875.002 93.33854
C13 899.999 86.52632
C13 919.999 78.51553
C13 925.012 75.82489
C13 949.965 61.619373
C13 975.002 45.52303
C13 999.976 29.274258
C13 1025.028 14.322264
C13 1050.014 5.811218
C13 1075.002 3.2985437
C13 1099.99 2.2246292
C12 319.994 46.90661
C12 324.969 47.982277
C12 349.982 55.002216
C12 374.975 70.34613
C12 400.019 83.611336
C12 424.965 85.96999
C12 450.035 85.2022
C12 475.003 84.30314
C12 500.018 84.05914
C12 525.002 84.49141
C12 550.029 85.91566
C12 575.023 87.69852
C12 599.982 89.951515
C12 619.997 90.969086
C12 624.979 91.33526
C12 650.012 92.96085
C12 675.004 94.25161
C12 700.03 95.25497
C12 725.012 96.04822
C12 750.022 97.47393
C12 774.987 98.77423
C12 799.976 99.15315
C12 824.988 98.50627
C12 850.022 97.325424
C12 869.967 94.738914
C12 875.002 93.72725
C12 899.999 86.89721
C12 919.999 78.80705
C12 925.012 76.09949
C12 949.965 61.82932
C12 975.002 45.695427
C12 999.976 29.398483
C12 1025.028 14.389714
C12 1050.014 5.8899646
C12 1075.002 3.3189757
C12 1099.99 2.2331865
C06 319.994 46.717674
C06 324.969 47.67003
C06 349.982 54.155846
C06 374.975 69.18414
C06 400.019 82.57071
C06 424.965 85.207565
C06 450.035 84.74996
C06 475.003 84.22363
C06 500.018 84.12006
C06 525.002 84.59318
C06 550.029 85.97157
C06 575.023 87.53915
C06 599.982 89.5452
C06 619.997 90.399506
C06 624.979 90.7338
C06 650.012 92.23983
C06 675.004 93.510475
C06 700.03 94.55925
C06 725.012 95.62446
C06 750.022 97.41892
C06 774.987 99.118546
C06 799.976 99.694046
C06 824.988 99.046486
C06 850.022 98.08474
C06 869.967 95.65437
C06 875.002 94.63613
C06 899.999 87.302765
C06 919.999 78.68469
C06 925.012 75.850586
C06 949.965 62.016304
C06 975.002 46.12945
C06 999.976 29.601204
C06 1025.028 14.486475
C06 1050.014 5.8981357
C06 1075.002 3.3140066
C06 1099.99 2.2544093
C10 319.994 46.869625
C10 324.969 47.825966
C10 349.982 54.3322
C10 374.975 69.52483
C10 400.019 83.18688
C10 424.965 85.827866
C10 450.035 85.17502
C10 475.003 84.41352
C10 500.018 84.23566
C10 525.002 84.7049
C10 550.029 86.183525
C10 575.023 87.93165
C10 599.982 90.115036
C10 619.997 91.08153
C10 624.979 91.438126
C10 650.012 93.032875
C10 675.004 94.33044
C10 700.03 95.37132
C10 725.012 96.23569
C10 750.022 97.760605
C10 774.987 99.17042
C10 799.976 99.62904
C10 824.988 99.05114
C10 850.022 97.99483
C10 869.967 95.50051
C10 875.002 94.47954
C10 899.999 87.40091
C10 919.999 79.29258
C10 925.012 76.62714
C10 949.965 62.681267
C10 975.002 46.42601
C10 999.976 29.633995
C10 1025.028 14.510973
C10 1050.014 5.957778
C10 1075.002 3.3502553
C10 1099.99 2.258476
C07 319.994 46.732807
C07 324.969 47.676003
C07 349.982 54.14124
C07 374.975 69.251854
C07 400.019 82.7589
C07 424.965 85.42521
C07 450.035 84.92167
C07 475.003 84.31893
C07 500.018 84.17211
C07 525.002 84.62934
C07 550.029 86.000244
C07 575.023 87.579926
C07 599.982 89.60016
C07 619.997 90.47107
C07 624.979 90.81152
C07 650.012 92.32817
C07 675.004 93.619576
C07 700.03 94.68275
C07 725.012 95.778275
C07 750.022 97.60958
C07 774.987 99.34232
C07 799.976 99.934204
C07 824.988 99.30466
C07 850.022 98.34769
C07 869.967 95.91559
C07 875.002 94.89486
C07 899.999 87.3754
C07 919.999 78.73196
C07 925.012 75.93925
C07 949.965 62.36846
C07 975.002 46.4197
C07 999.976 29.570648
C07 1025.028 14.458347
C07 1050.014 5.886733
C07 1075.002 3.3144052
C07 1099.99 2.2599099
C16 319.994 47.64137
C16 324.969 48.80898
C16 349.982 56.001976
C16 374.975 70.704056
C16 400.019 83.15361
C16 424.965 85.21938
C16 450.035 84.62266
C16 475.003 84.1724
C16 500.018 84.24834
C16 525.002 84.94029
C16 550.029 86.51949
C16 575.023 88.24375
C16 599.982 90.3568
C16 619.997 91.26446
C16 624.979 91.609024
C16 650.012 93.152916
C16 675.004 94.36976
C16 700.03 95.34602
C16 725.012 96.098816
C16 750.022 97.48198
C16 774.987 98.74526
C16 799.976 99.096985
C16 824.988 98.42518
C16 850.022 97.22044
C16 869.967 94.64641
C16 875.002 93.65534
C16 899.999 87.0122
C16 919.999 78.948875
C16 925.012 76.1692
C16 949.965 61.622913
C16 975.002 45.577976
C16 999.976 29.344566
C16 1025.028 14.465243
C16 1050.014 5.86553
C16 1075.002 3.2889872
C16 1099.99 2.2116997
C03 319.994 46.70992
C03 324.969 47.744064
C03 349.982 54.501266
C03 374.975 69.35211
C03 400.019 82.292336
C03 424.965 84.71657
C03 450.035 84.262955
C03 475.003 83.82858
C03 500.018 83.82069
C03 525.002 84.40462
C03 550.029 85.84547
C03 575.023 87.42485
C03 599.982 89.41712
C03 619.997 90.26364
C03 624.979 90.592705
C03 650.012 92.08538
C03 675.004 93.31824
C03 700.03 94.345116
C03 725.012 95.3593
C03 750.022 97.07557
C03 774.987 98.702354
C03 799.976 99.224144
C03 824.988 98.54221
C03 850.022 97.53998
C03 869.967 95.055595
C03 875.002 94.02529
C03 899.999 86.66064
C03 919.999 78.15227
C03 925.012 75.33615
C03 949.965 61.500042
C03 975.002 45.64457
C03 999.976 29.265776
C03 1025.028 14.298773
C03 1050.014 5.785575
C03 1075.002 3.2491722
C03 1099.99 2.2171168
C05 319.994 46.790436
C05 324.969 47.785053
C05 349.982 54.43636
C05 374.975 69.46102
C05 400.019 82.712326
C05 424.965 85.25924
C05 450.035 84.766884
C05 475.003 84.21806
C05 500.018 84.12231
C05 525.002 84.58447
C05 550.029 85.95823
C05 575.023 87.56781
C05 599.982 89.624054
C05 619.997 90.51173
C05 624.979 90.853806
C05 650.012 92.37957
C05 675.004 93.65172
C05 700.03 94.699265
C05 725.012 95.74271
C05 750.022 97.51023
C05 774.987 99.17483
C05 799.976 99.72424
C05 824.988 99.05398
C05 850.022 98.06197
C05 869.967 95.60174
C05 875.002 94.57704
C05 899.999 87.23491
C05 919.999 78.621346
C05 925.012 75.78097
C05 949.965 61.874817
C05 975.002 46.000618
C05 999.976 29.55887
C05 1025.028 14.46783
C05 1050.014 5.884512
C05 1075.002 3.3073707
C05 1099.99 2.250102
C04 319.994 46.752373
C04 324.969 47.78188
C04 349.982 54.54829
C04 374.975 69.516685
C04 400.019 82.59062
C04 424.965 85.04695
C04 450.035 84.5532
C04 475.003 84.04015
C04 500.018 83.981674
C04 525.002 84.47751
C04 550.029 85.866875
C04 575.023 87.465225
C04 599.982 89.50312
C04 619.997 90.38332
C04 624.979 90.72188
C04 650.012 92.23687
C04 675.004 93.495674
C04 700.03 94.53354
C04 725.012 95.554184
C04 750.022 97.28799
C04 774.987 98.92119
C04 799.976 99.447266
C04 824.988 98.76607
C04 850.022 97.765144
C04 869.967 95.29412
C04 875.002 94.26546
C04 899.999 86.92055
C04 919.999 78.368546
C04 925.012 75.54219
C04 949.965 61.655922
C04 975.002 45.797474
C04 999.976 29.39966
C04 1025.028 14.366843
C04 1050.014 5.8285265
C04 1075.002 3.2754133
C04 1099.99 2.235052
C15 319.994 47.09167
C15 324.969 48.22769
C15 349.982 55.336006
C15 374.975 70.12463
C15 400.019 82.72665
C15 424.965 84.873566
C15 450.035 84.24281
C15 475.003 83.68373
C15 500.018 83.68132
C15 525.002 84.25077
C15 550.029 85.73837
C15 575.023 87.46325
C15 599.982 89.61807
C15 619.997 90.56444
C15 624.979 90.914055
C15 650.012 92.47604
C15 675.004 93.71271
C15 700.03 94.69219
C15 725.012 95.44535
C15 750.022 96.816025
C15 774.987 98.07148
C15 799.976 98.420715
C15 824.988 97.77026
C15 850.022 96.58513
C15 869.967 93.97376
C15 875.002 92.96729
C15 899.999 86.24534
C15 919.999 78.33541
C15 925.012 75.637184
C15 949.965 61.423115
C15 975.002 45.419407
C15 999.976 29.190687
C15 1025.028 14.330368
C15 1050.014 5.799
C15 1075.002 3.2806234
C15 1099.99 2.2097042
C14 319.994 47.201378
C14 324.969 48.33727
C14 349.982 55.51738
C14 374.975 70.64933
C14 400.019 83.522644
C14 424.965 85.72504
C14 450.035 85.00693
C14 475.003 84.2684
C14 500.018 84.1488
C14 525.002 84.650276
C14 550.029 86.10926
C14 575.023 87.877075
C14 599.982 90.09908
C14 619.997 91.088905
C14 624.979 91.44969
C14 650.012 93.050064
C14 675.004 94.31758
C14 700.03 95.30441
C14 725.012 96.06678
C14 750.022 97.44658
C14 774.987 98.70772
C14 799.976 99.04947
C14 824.988 98.397285
C14 850.022 97.20519
C14 869.967 94.56091
C14 875.002 93.539925
C14 899.999 86.697075
C14 919.999 78.71496
C14 925.012 76.0237
C14 949.965 61.788685
C14 975.002 45.66003
C14 999.976 29.336767
C14 1025.028 14.355873
C14 1050.014 5.801219
C14 1075.002 3.2986786
C14 1099.99 2.226711
C17 319.994 47.963005
C17 324.969 49.202293
C17 349.982 56.666508
C17 374.975 71.29974
C17 400.019 83.48131
C17 424.965 85.39023
C17 450.035 84.790436
C17 475.003 84.40041
C17 500.018 84.53488
C17 525.002 85.27762
C17 550.029 86.85195
C17 575.023 88.53731
C17 599.982 90.619316
C17 619.997 91.51023
C17 624.979 91.8518
C17 650.012 93.38552
C17 675.004 94.57552
C17 700.03 95.54718
C17 725.012 96.2914
C17 750.022 97.66068
C17 774.987 98.92252
C17 799.976 99.25836
C17 824.988 98.542816
C17 850.022 97.29459
C17 869.967 94.804245
C17 875.002 93.845505
C17 899.999 87.33888
C17 919.999 79.07607
C17 925.012 76.21614
C17 949.965 61.41958
C17 975.002 45.503124
C17 999.976 29.35302
C17 1025.028 14.532065
C17 1050.014 5.937825
C17 1075.002 3.2699368
C17 1099.99 2.1963274
C11 319.994 46.84334
C11 324.969 47.852142
C11 349.982 54.618706
C11 374.975 69.89204
C11 400.019 83.31657
C11 424.965 85.79847
C11 450.035 85.09143
C11 475.003 84.273674
C11 500.018 84.05955
C11 525.002 84.48929
C11 550.029 85.92167
C11 575.023 87.68109
C11 599.982 89.89332
C11 619.997 90.88171
C11 624.979 91.244736
C11 650.012 92.853294
C11 675.004 94.14109
C11 700.03 95.16099
C11 725.012 95.989685
C11 750.022 97.45589
C11 774.987 98.803505
C11 799.976 99.2211
C11 824.988 98.60033
C11 850.022 97.469315
C11 869.967 94.9302
C11 875.002 93.919365
C11 899.999 87.05076
C11 919.999 78.927895
C11 925.012 76.22307
C11 949.965 62.007023
C11 975.002 45.83427
C11 999.976 29.45075
C11 1025.028 14.432436
C11 1050.014 5.918696
C11 1075.002 3.3240237
C11 1099.99 2.2375987
C01 319.994 47.439728
C01 324.969 48.557724
C01 349.982 55.589653
C01 374.975 70.32241
C01 400.019 82.9162
C01 424.965 85.125694
C01 450.035 84.64998
C01 475.003 84.29852
C01 500.018 84.39319
C01 525.002 85.12314
C01 550.029 86.66704
C01 575.023 88.26521
C01 599.982 90.250114
C01 619.997 91.085236
C01 624.979 91.41191
C01 650.012 92.8982
C01 675.004 94.12573
C01 700.03 95.142815
C01 725.012 96.1378
C01 750.022 97.846466
C01 774.987 99.456215
C01 799.976 99.96092
C01 824.988 99.250336
C01 850.022 98.18208
C01 869.967 95.6283
C01 875.002 94.56987
C01 899.999 87.11199
C01 919.999 78.529884
C01 925.012 75.69378
C01 949.965 61.768177
C01 975.002 45.739143
C01 999.976 29.289078
C01 1025.028 14.360626
C01 1050.014 5.772016
C01 1075.002 3.2391515
C01 1099.99 2.208751
C02 319.994 46.97137
C02 324.969 48.01981
C02 349.982 54.82416
C02 374.975 69.660065
C02 400.019 82.566536
C02 424.965 84.97376
C02 450.035 84.53647
C02 475.003 84.14093
C02 500.018 84.179306
C02 525.002 84.83333
C02 550.029 86.32585
C02 575.023 87.910645
C02 599.982 89.897964
C02 619.997 90.73341
C02 624.979 91.063484
C02 650.012 92.552
C02 675.004 93.78973
C02 700.03 94.81866
C02 725.012 95.830414
C02 750.022 97.555466
C02 774.987 99.18759
C02 799.976 99.71445
C02 824.988 99.02899
C02 850.022 98.00806
C02 869.967 95.48928
C02 875.002 94.44318
C02 899.999 87.02432
C02 919.999 78.478035
C02 925.012 75.64923
C02 949.965 61.78409
C02 975.002 45.829094
C02 999.976 29.365091
C02 1025.028 14.382765
C02 1050.014 5.8039174
C02 1075.002 3.2606044
C02 1099.99 2.2210138
C00 319.994 47.657547
C00 324.969 48.881878
C00 349.982 56.266045
C00 374.975 70.808975
C00 400.019 82.92484
C00 424.965 84.872826
C00 450.035 84.34757
C00 475.003 84.03153
C00 500.018 84.1857
C00 525.002 84.92281
C00 550.029 86.450485
C00 575.023 88.05572
C00 599.982 90.0618
C00 619.997 90.90544
C00 624.979 91.23765
C00 650.012 92.72421
C00 675.004 93.94406
C00 700.03 94.939
C00 725.012 95.90623
C00 750.022 97.57893
C00 774.987 99.15603
C00 799.976 99.61869
C00 824.988 98.86765
C00 850.022 97.772545
C00 869.967 95.25326
C00 875.002 94.22121
C00 899.999 86.9152
C00 919.999 78.21992
C00 925.012 75.31997
C00 949.965 61.178127
C00 975.002 45.404743
C00 999.976 29.269913
C00 1025.028 14.345589
C00 1050.014 5.8107224
C00 1075.002 3.231072
C00 1099.99 2.2043765
