lsstCam/transmission_filter_detector/r20_s10/i_39/19700101T000000.ecsv
# %ECSV 1.0
# ---
# datatype:
# - {name: wavelength, unit: nm, datatype: float32}
# - {name: efficiency, unit: '%', datatype: float64}
# meta: !!omap
# - {MODE: DETECTOR}
# - {TYPE: transmission_filter_detector}
# - {CALIBDATE: '1970-01-01T00:00:00'}
# - {INSTRUME: LSSTCam}
# - {OBSTYPE: transmission_filter_detector}
# - {CALIBCLS: lsst.ip.isr.IntermediateFilterDetectorTransmissionCurve}
# - {SOURCE: Materion (DM-46256)}
# - {DETECTOR: 75}
# - {FILTER: i_39}
# - {CALIB_ID: 'calibDate=1970-01-01T00:00:00 filter=i_39 detector=75'}
# - {DATE: '2025-04-02T15:59:46.826532'}
# - {CALIB_CREATION_DATE: '2025-04-02'}
# - {CALIB_CREATION_TIME: '15:59:46'}
# - __serialized_columns__:
#     efficiency:
#       __class__: astropy.units.quantity.Quantity
#       unit: !astropy.units.Unit {unit: '%'}
#       value: !astropy.table.SerializedColumn {name: efficiency}
#     wavelength:
#       __class__: astropy.units.quantity.Quantity
#       unit: !astropy.units.Unit {unit: nm}
#       value: !astropy.table.SerializedColumn {name: wavelength}
# schema: astropy-2.0
wavelength efficiency
[from data line 601]
901.0 1.698658032810163e-10
902.0 1.698658032810163e-10
903.0 1.698658032810163e-10
904.0 1.698658032810163e-10
905.0 1.698658032810163e-10
906.0 4.8116186235347413e-05
907.0 1.7131353047261655e-05
908.0 1.698658032810163e-10
909.0 2.68734616781785e-06
910.0 1.9228197345455555e-05
911.0 7.572850222459238e-05
912.0 0.0001322287971561309
913.0 0.00011654522040771553
914.0 0.00010086165502798394
915.0 5.545742283175059e-05
916.0 1.0053238241880535e-05
917.0 1.698658032810163e-10
918.0 1.698658032810163e-10
919.0 1.698658032810163e-10
920.0 2.6838586109079188e-05
921.0 9.214795113621221e-05
922.0 0.00015745730479466147
923.0 3.8132088775455486e-05
924.0 1.698658032810163e-10
925.0 0.0001013727228382777
926.0 0.0002839385615516221
927.0 9.040572308549599e-05
928.0 1.698658032810163e-10
929.0 1.1082410367180273e-05
930.0 0.00012529192190413596
931.0 0.00019775486634898698
932.0 0.000270217810793838
933.0 0.000128902490814653
934.0 1.698658032810163e-10
935.0 1.698658032810163e-10
936.0 1.698658032810163e-10
937.0 1.698658032810163e-10
938.0 1.698658032810163e-10
939.0 1.698658032810163e-10
940.0 1.698658032810163e-10
941.0 1.698658032810163e-10
942.0 1.698658032810163e-10
943.0 1.698658032810163e-10
944.0 1.698658032810163e-10
945.0 1.698658032810163e-10
946.0 1.698658032810163e-10
947.0 1.698658032810163e-10
948.0 1.698658032810163e-10
949.0 1.698658032810163e-10
950.0 1.698658032810163e-10
951.0 1.698658032810163e-10
952.0 3.196098532498581e-05
953.0 1.698658032810163e-10
954.0 1.698658032810163e-10
955.0 6.298890298239712e-05
956.0 0.00017805396055337042
957.0 0.00016739772945584264
958.0 0.00015674149835831486
959.0 0.0001237017499988724
960.0 9.06620186924556e-05
961.0 7.672731499042129e-05
962.0 6.279259423536132e-05
963.0 6.851008151897986e-05
964.0 7.422758585562406e-05
965.0 3.4850606311920274e-05
966.0 1.698658032810163e-10
967.0 1.698658032810163e-10
968.0 1.698658032810163e-10
969.0 1.698658032810163e-10
970.0 0.00013181737585910014
971.0 1.698658032810163e-10
972.0 1.698658032810163e-10
973.0 1.698658032810163e-10
974.0 0.00010534751027080347
975.0 1.698658032810163e-10
976.0 1.698658032810163e-10
977.0 1.698658032810163e-10
978.0 1.258562463135604e-05
979.0 1.698658032810163e-10
980.0 1.698658032810163e-10
981.0 1.698658032810163e-10
982.0 8.529886130759223e-07
983.0 1.698658032810163e-10
984.0 1.698658032810163e-10
985.0 2.008093531458144e-05
986.0 0.0001661400574448635
987.0 1.698658032810163e-10
988.0 1.698658032810163e-10
989.0 1.698658032810163e-10
990.0 1.698658032810163e-10
991.0 1.698658032810163e-10
992.0 1.698658032810163e-10
993.0 1.698658032810163e-10
994.0 1.654536703199483e-05
995.0 1.698658032810163e-10
996.0 1.698658032810163e-10
997.0 5.9062159607492504e-05
998.0 0.00023787679310771637
999.0 0.00024272301288874587
1000.0 0.0002475691871950403
1001.0 0.00017713309716782533
1002.0 0.00010669697303455905
1003.0 0.00013571597037298488
1004.0 0.00016473494497404317
1005.0 7.205395036180562e-05
1006.0 1.698658032810163e-10
1007.0 2.9794389888593287e-05
1008.0 8.021589792406303e-05
1009.0 0.0001390441525472852
1010.0 0.00019787239580182359
1011.0 0.0002594983243398019
1012.0 0.0003211242983525153
1013.0 0.000268115309154382
1014.0 0.00021510634269361617
1015.0 0.0002470855861247401
1016.0 0.00027906487503059907
1017.0 0.0003296858267276548
1018.0 0.0003803068693741807
1019.0 0.00030114247238088865
1020.0 0.00022197802991286153
1021.0 0.00026635091217031004
1022.0 0.00031072374895302346
1023.0 0.00047160324356809724
1024.0 0.0006324828063952737
1025.0 0.0004915907993563451
1026.0 0.0003506988377921516
1027.0 0.0003300070147815859
1028.0 0.0003093152145083877
1029.0 0.0008228307706303895
1030.0 0.0013363462130655535
1031.0 0.0017150094208773226
1032.0 0.002093672264891211
1033.0 0.0023497059373767115
1034.0 0.002605739064165391
1035.0 0.0032082796678878367
1036.0 0.003810819544014521
1037.0 0.00368758337572217
1038.0 0.003564347207429819
1039.0 0.0030095026886556298
1040.0 0.002454658351780381
1041.0 0.001981097193493042
1042.0 0.0015075361261551734
1043.0 0.0019600129235186614
1044.0 0.0024124896299326792
1045.0 0.0030030712878215127
1046.0 0.003593653309508227
1047.0 0.003621500582084991
1048.0 0.003649348218459636
1049.0 0.003041753370780498
1050.0 0.0024341585231013596
1051.0 0.0025844788979156874
1052.0 0.0027347998184268363
1053.0 0.0021698777345591225
1054.0 0.0016049556506914087
1055.0 0.0013065994608041365
1056.0 0.001008243179967394
1057.0 0.0008392737981921528
1058.0 0.0006703045073663816
1059.0 0.0009138542736764066
1060.0 0.0011574041309359018
1061.0 0.0015837829778320156
1062.0 0.0020101619156775996
1063.0 0.0022934033040655777
1064.0 0.0025766446924535558
1065.0 0.003253501927247271
1066.0 0.003930358798243105
1067.0 0.00451039413746912
1068.0 0.005090429840493016
1069.0 0.004272298610885628
1070.0 0.003454167381278239
1071.0 0.0030827020964352414
1072.0 0.0027112366296933033
1073.0 0.002429184860375244
1074.0 0.002147133091057185
1075.0 0.0022522084691445343
1076.0 0.002357283665332943
1077.0 0.0019755489120143466
1078.0 0.00159381415869575
1079.0 0.00190792834473541
1080.0 0.002222042894572951
1081.0 0.0013481567293638363
1082.0 0.00047427070057892706
1083.0 1.0605803879570885e-05
1084.0 1.698658032810163e-10
1085.0 0.00019635303942777682
1086.0 0.0008457654985249974
1087.0 0.0006007192041579401
1088.0 0.0003556728415787802
1089.0 1.698658032810163e-10
1090.0 1.698658032810163e-10
1091.0 1.698658032810163e-10
1092.0 1.698658032810163e-10
1093.0 1.698658032810163e-10
1094.0 1.698658032810163e-10
1095.0 1.698658032810163e-10
1096.0 1.698658032810163e-10
1097.0 1.698658032810163e-10
1098.0 1.698658032810163e-10
1099.0 0.0006432213467633119
1100.0 0.0017649412257014774
