lsstCam/transmission_filter_detector/r20_s10/i_39/19700101T000000.ecsv
# %ECSV 1.0
# ---
# datatype:
# - {name: wavelength, unit: nm, datatype: float32}
# - {name: efficiency, unit: '%', datatype: float64}
# meta: !!omap
# - {MODE: DETECTOR}
# - {TYPE: transmission_filter_detector}
# - {CALIBDATE: '1970-01-01T00:00:00'}
# - {INSTRUME: LSSTCam}
# - {OBSTYPE: transmission_filter_detector}
# - {CALIBCLS: lsst.ip.isr.IntermediateFilterDetectorTransmissionCurve}
# - {SOURCE: Materion (DM-46256)}
# - {DETECTOR: 75}
# - {FILTER: i_39}
# - {CALIB_ID: 'calibDate=1970-01-01T00:00:00 filter=i_39 detector=75'}
# - {DATE: '2025-04-02T15:59:46.826532'}
# - {CALIB_CREATION_DATE: '2025-04-02'}
# - {CALIB_CREATION_TIME: '15:59:46'}
# - __serialized_columns__:
#     efficiency:
#       __class__: astropy.units.quantity.Quantity
#       unit: !astropy.units.Unit {unit: '%'}
#       value: !astropy.table.SerializedColumn {name: efficiency}
#     wavelength:
#       __class__: astropy.units.quantity.Quantity
#       unit: !astropy.units.Unit {unit: nm}
#       value: !astropy.table.SerializedColumn {name: wavelength}
# schema: astropy-2.0
wavelength efficiency
300.0 0.04552394384518266
301.0 0.018430646741762757
302.0 1.698658032810163e-10
303.0 0.012384637375362217
304.0 0.03343189600855112
305.0 0.025940581690520048
306.0 0.01844926446210593
307.0 0.0071314003434963524
308.0 1.698658032810163e-10
309.0 1.698658032810163e-10
310.0 1.698658032810163e-10
311.0 1.698658032810163e-10
312.0 0.0037091456761118025
313.0 1.698658032810163e-10
314.0 1.698658032810163e-10
315.0 1.698658032810163e-10
316.0 1.698658032810163e-10
317.0 1.698658032810163e-10
318.0 1.698658032810163e-10
319.0 1.698658032810163e-10
320.0 1.698658032810163e-10
321.0 1.698658032810163e-10
322.0 0.002510631748009473
323.0 0.0007110552360245492
324.0 1.698658032810163e-10
325.0 1.698658032810163e-10
326.0 0.0001287234908886603
327.0 0.0007156460014812183
328.0 0.0013025664884480648
329.0 0.0016622441762592643
330.0 0.0020219216821715236
331.0 0.0028039828976034187
332.0 0.0035860444768331945
333.0 0.002301141466887202
334.0 0.0010162381840927992
335.0 0.0012505644008342642
336.0 0.0014848907085251994
337.0 0.002224493982794229
338.0 0.002964096529467497
339.0 0.0023402746592182666
340.0 0.0017164527889690362
341.0 0.0006220068826223724
342.0 1.698658032810163e-10
343.0 1.698658032810163e-10
344.0 1.698658032810163e-10
345.0 1.698658032810163e-10
346.0 1.698658032810163e-10
347.0 1.698658032810163e-10
348.0 1.698658032810163e-10
349.0 1.698658032810163e-10
350.0 0.001245801195182139
351.0 0.0006126639163994696
352.0 1.698658032810163e-10
353.0 1.698658032810163e-10
354.0 1.698658032810163e-10
355.0 1.698658032810163e-10
356.0 7.37625640567785e-06
357.0 0.0008911556506063789
358.0 0.0017749349353834987
359.0 0.001190492639580043
360.0 0.0006060500254534418
361.0 0.0004883855126536218
362.0 0.00037072111354063964
363.0 0.0001718903035907715
364.0 1.698658032810163e-10
365.0 0.000707432354829507
366.0 0.0014418053069675807
367.0 0.000920927595871035
368.0 0.00040004983929975424
369.0 0.0008968547263066284
370.0 0.0013936596587882377
371.0 0.0013484667761076707
372.0 0.0013032738934271038
373.0 0.0012045260518789291
374.0 0.0011057782103307545
375.0 0.000586216901865555
376.0 6.665527507720981e-05
377.0 1.698658032810163e-10
378.0 1.698658032810163e-10
379.0 1.698658032810163e-10
380.0 1.698658032810163e-10
381.0 1.698658032810163e-10
382.0 1.698658032810163e-10
383.0 0.0004354538759798743
384.0 0.001137059007305652
385.0 0.0007791229108988773
386.0 0.0004211869054415729
387.0 1.698658032810163e-10
388.0 1.698658032810163e-10
389.0 1.698658032810163e-10
390.0 1.698658032810163e-10
391.0 1.698658032810163e-10
392.0 0.00015512642903559026
393.0 0.00031996914913179353
394.0 0.0004848118351219455
395.0 1.698658032810163e-10
396.0 1.698658032810163e-10
397.0 2.8073725388821913e-05
398.0 0.0006031254542904207
399.0 0.0010713746632973198
400.0 0.0015396235539810732
401.0 0.001524521030660253
402.0 0.0015094173249963205
403.0 0.0032309515518136322
404.0 0.004952485687681474
405.0 0.004476102185435593
406.0 0.003999718319391832
407.0 0.0017096548617701046
408.0 1.698658032810163e-10
409.0 0.0001806076966204273
410.0 0.000941624693950871
411.0 0.003217661287635565
412.0 0.0054936983360676095
413.0 0.0056046344980131835
414.0 0.0057155717513524
415.0 0.005061015326646157
416.0 0.004406459265737794
417.0 0.003929374724975787
418.0 0.003452289820415899
419.0 0.004135514973313548
420.0 0.0048187397624133155
421.0 0.004474430170375854
422.0 0.004130120214540511
423.0 0.004359520971775055
424.0 0.0045889217290095985
425.0 0.0046486722567351535
426.0 0.004708421329269186
427.0 0.004536581036518328
428.0 0.00436474074376747
429.0 0.004091779555892572
430.0 0.0038188194594113156
431.0 0.003723562622326426
432.0 0.003628305785241537
433.0 0.004123554390389472
434.0 0.004618802995537408
435.0 0.0031765859603183344
436.0 0.0017343685613013804
437.0 0.0014117245882516727
438.0 0.0010890807061514352
439.0 0.0017715230569592677
440.0 0.0024539654987165704
441.0 0.0015480878573725931
442.0 0.0006422103979275562
443.0 0.0004585317128658062
444.0 0.0002748531414908939
445.0 0.00044919261199538596
446.0 0.0006235323780856561
447.0 0.0003935791028197855
448.0 0.0001636258957660175
449.0 1.698658032810163e-10
450.0 1.698658032810163e-10
451.0 1.698658032810163e-10
452.0 0.0001631855298001028
453.0 0.0007585707407997688
454.0 0.0013539562132791616
455.0 0.001251297362614423
456.0 0.0011486386028991546
457.0 0.0004576229457597947
458.0 1.698658032810163e-10
459.0 2.4144250687641033e-05
460.0 0.00028168117296445416
461.0 0.00045986521399754565
462.0 0.0006380491413437994
463.0 0.0003711716999532655
464.0 0.00010429425856273156
465.0 0.00023328675524680875
466.0 0.00036227925193088595
467.0 0.0004283295311324764
468.0 0.0004943798103340669
469.0 0.0003987258878623834
470.0 0.00030307198812806746
471.0 0.000417125102103455
472.0 0.0005311782842909452
473.0 0.0007531016308348626
474.0 0.0009750250683282502
475.0 0.0008056110345933121
476.0 0.0006361972737067845
477.0 0.0008011983481992502
478.0 0.0009661992407927755
479.0 0.0011928490494028665
480.0 0.0014194989489624277
481.0 0.0023942082407302223
482.0 0.0033689168049022555
483.0 0.0046956141886767
484.0 0.0060223115724511445
485.0 0.005909790343139321
486.0 0.005797269113827497
487.0 0.008815887849777937
488.0 0.011834506585728377
489.0 0.01553259789943695
490.0 0.019230689213145524
491.0 0.022857700241729617
492.0 0.026484709815122187
493.0 0.02915440418291837
494.0 0.0318241014610976
495.0 0.02878977684304118
496.0 0.02575544931460172
497.0 0.019871332915499806
498.0 0.013987216516397893
499.0 0.009768898598849773
500.0 0.0055505817726952955
501.0 0.003980196197517216
502.0 0.0024098104404401965
503.0 0.00218854929698864
504.0 0.001967287971638143
505.0 0.0017940297766472213
506.0 0.0016207715816562995
507.0 0.002027326263487339
508.0 0.002433880581520498
509.0 0.002735627094807569
510.0 0.00303737360809464
511.0 0.002464624776621349
512.0 0.0018918757632491179
513.0 0.0019002312910743058
514.0 0.001908587000798434
515.0 0.0021366964574554004
516.0 0.002364806096011307
517.0 0.0021952953829895705
518.0 0.0020257848518667743
519.0 0.001918881207529921
520.0 0.0018119773812941276
521.0 0.0016848045561346225
522.0 0.0015576317309751175
523.0 0.0015638022887287661
524.0 0.001569973028381355
525.0 0.002040847721218597
526.0 0.002511722414055839
527.0 0.0026604169761412777
528.0 0.0028091115382267162
529.0 0.003242017191951163
530.0 0.0036749232094734907
531.0 0.003304549682070501
532.0 0.0029341759727685712
533.0 0.0023951892217155546
534.0 0.001856202470662538
535.0 0.0019435501599218696
536.0 0.002030897667282261
537.0 0.002417212090222165
538.0 0.0028035261493641883
539.0 0.003301066317362711
540.0 0.003798606849159114
541.0 0.004396336953504942
542.0 0.004994067421648651
543.0 0.005190847514313646
544.0 0.00538762760697864
545.0 0.00459894654341042
546.0 0.003810265479842201
547.0 0.0029940409149276093
548.0 0.002177816531911958
549.0 0.00200347785721533
550.0 0.001829139728215523
551.0 0.001579380659677554
552.0 0.0013296219549374655
553.0 0.001713817982818
554.0 0.002098013646900654
555.0 0.0016456198864034377
556.0 0.0011932256711588707
557.0 0.0009666910045780241
558.0 0.0007401563379971776
559.0 0.0003840975750790676
560.0 2.8038823529641377e-05
561.0 0.0006251104878174374
562.0 0.0012221822544233873
563.0 0.0013692371794604696
564.0 0.001516292195447022
565.0 0.0012849502127210144
566.0 0.0010536083209444769
567.0 0.0011884777450177353
568.0 0.0013233470781415235
569.0 0.0010752886737463996
570.0 0.0008272302693512756
571.0 0.0005693711955245817
572.0 0.0003115120762231527
573.0 0.00039935571294336114
574.0 0.0004871993496635696
575.0 0.00041197367863787804
576.0 0.00033674798487481894
577.0 0.0004774138687935192
578.0 0.0006180797299748519
579.0 0.0003384162482689135
580.0 5.875279498468444e-05
581.0 0.0002913910748247872
582.0 0.0005240292921371292
583.0 0.0005108231562189758
584.0 0.0004976169748260872
585.0 0.0006342813776427647
586.0 0.0007709460078331176
587.0 0.000720662910680403
588.0 0.0006703797225782182
589.0 0.0006701955044263741
590.0 0.00067001128627453
591.0 0.0008351224096259102
592.0 0.001000233805825701
593.0 0.0007383987394860014
594.0 0.0004765636731463019
595.0 0.0005728441010433016
596.0 0.0006691244379908312
597.0 0.0005967204288026551
598.0 0.000524316465089214
599.0 0.00039898523027659394
600.0 0.0002736539727266063
601.0 0.0003382218437764095
602.0 0.0004027896920888452
603.0 0.00029980217277625343
604.0 0.0001968145625141915
605.0 0.00012328910088399425
606.0 4.976365630682267e-05
607.0 0.00026321552013541805
608.0 0.000476667355542304
609.0 0.000402661362386425
610.0 0.0003286551873316057
611.0 0.000506864535054774
612.0 0.0006850739282526774
613.0 0.0004764745881402632
614.0 0.0002678752935025841
615.0 0.00022413439637603005
616.0 0.0001803934651434247
617.0 0.00023229320049722446
618.0 0.00028419301543181064
619.0 0.0003283694923084113
620.0 0.0003725461056092172
621.0 0.000448320543000591
622.0 0.0005240949576545972
623.0 0.0005492243417393183
624.0 0.0005743537712987745
625.0 0.0004068955149705289
626.0 0.000239437372329121
627.0 0.00023947623049025424
628.0 0.0002395150886513875
629.0 0.0003505820814098115
630.0 0.0004616490969056031
631.0 0.0005012325800635153
632.0 0.0005408160632214276
633.0 0.00047967232603696175
634.0 0.0004185284524282906
635.0 0.00044014868763042614
636.0 0.00046176887735782657
637.0 0.0005401134330895729
638.0 0.000618457852397114
639.0 0.0006549229965457926
640.0 0.000691388095219736
641.0 0.0005526372206077212
642.0 0.0004138864369451767
643.0 0.0005897022219869541
644.0 0.0007655180525034666
645.0 0.0006946964276721701
646.0 0.0006238748483156087
647.0 0.0006089250291552162
648.0 0.000593975391893764
649.0 0.0006481133823399432
650.0 0.0007022513727861224
651.0 0.0008546052413294092
652.0 0.001006959064397961
653.0 0.0011045563041989226
654.0 0.0012021537258988246
655.0 0.001623248499527108
656.0 0.002044343091256451
657.0 0.0029891101803514175
658.0 0.003933876723749563
659.0 0.0063936116930563
660.0 0.08581197471357882
661.0 0.07764462498016655
662.0 0.12114603305235505
663.0 0.11433750623837113
664.0 0.08653809782117605
665.0 0.11552841169759631
666.0 0.12096763821318746
667.0 0.13324236497282982
668.0 0.19694124348461628
669.0 0.2094261348247528
670.0 0.30183326452970505
671.0 0.409125117585063
672.0 0.6266486831009388
673.0 0.9735800325870514
674.0 1.535023096948862
675.0 2.325126901268959
676.0 3.237881511449814
677.0 4.5538995414972305
678.0 5.867009237408638
679.0 7.279985398054123
680.0 9.010609239339828
681.0 10.980597138404846
682.0 13.450515270233154
683.0 16.199617087841034
684.0 19.264420866966248
685.0 22.161832451820374
686.0 25.197869539260864
687.0 28.404396772384644
688.0 31.5365731716156
689.0 34.65125560760498
690.0 38.15821707248688
691.0 41.94367527961731
692.0 46.48120105266571
693.0 51.3762891292572
694.0 56.99625015258789
695.0 62.588632106781006
696.0 68.81734728813171
697.0 74.45615530014038
698.0 80.75953125953674
699.0 85.58716177940369
700.0 89.50973153114319
701.0 92.8171455860138
702.0 95.16018033027649
703.0 96.50359749794006
704.0 97.25578427314758
705.0 97.78364896774292
706.0 97.88392186164856
707.0 98.08708429336548
708.0 98.21241497993469
709.0 98.18853735923767
710.0 97.9325532913208
711.0 98.10399413108826
712.0 97.95843958854675
713.0 98.10174107551575
714.0 98.17800521850586
715.0 98.22980761528015
716.0 98.08174967765808
717.0 98.32887649536133
718.0 98.36032390594482
719.0 98.31328392028809
720.0 98.58924150466919
721.0 98.55505228042603
722.0 98.25513958930969
723.0 98.03287386894226
724.0 97.70008325576782
725.0 97.45070934295654
726.0 97.14099168777466
727.0 96.83840274810791
728.0 96.52266502380371
729.0 96.29715085029602
730.0 96.3320791721344
731.0 96.34341597557068
732.0 96.38246297836304
733.0 96.59205675125122
734.0 97.04768061637878
735.0 97.29589223861694
736.0 97.74141907691956
737.0 98.0919897556305
738.0 98.35901856422424
739.0 98.77447485923767
740.0 98.837411403656
741.0 98.7228512763977
742.0 99.02257323265076
743.0 98.8300085067749
744.0 98.70280027389526
745.0 98.66842031478882
746.0 98.6308753490448
747.0 98.85677695274353
748.0 98.7733006477356
749.0 98.67358207702637
750.0 98.639577627182
751.0 98.56432676315308
752.0 98.43130707740784
753.0 98.72391819953918
754.0 98.58846068382263
755.0 98.72547388076782
756.0 98.7798273563385
757.0 98.74735474586487
758.0 98.81500005722046
759.0 98.90538454055786
760.0 98.71532320976257
761.0 98.67464303970337
762.0 98.66344928741455
763.0 98.58080744743347
764.0 98.480224609375
765.0 98.46966862678528
766.0 98.54902029037476
767.0 98.4123945236206
768.0 98.39417338371277
769.0 98.53677153587341
770.0 98.21864366531372
771.0 98.32116365432739
772.0 98.36461544036865
773.0 98.27662706375122
774.0 98.17183017730713
775.0 98.33004474639893
776.0 98.18630814552307
777.0 98.15568327903748
778.0 98.14414978027344
779.0 98.15890192985535
780.0 98.00763130187988
781.0 98.25980067253113
782.0 98.17168116569519
783.0 98.09105396270752
784.0 98.12689423561096
785.0 98.19145202636719
786.0 98.38720560073853
787.0 98.1561005115509
788.0 98.23402166366577
789.0 98.28636050224304
790.0 98.30828905105591
791.0 98.30590486526489
792.0 98.16373586654663
793.0 98.13613891601562
794.0 98.12338948249817
795.0 98.09564352035522
796.0 98.11953902244568
797.0 98.2007086277008
798.0 98.194819688797
799.0 98.04415106773376
800.0 98.01285862922668
801.0 97.96117544174194
802.0 97.95295000076294
803.0 97.74358868598938
804.0 97.58542776107788
805.0 97.31786251068115
806.0 97.06031084060669
807.0 96.5314507484436
808.0 95.81505060195923
809.0 95.0182318687439
810.0 94.01034712791443
811.0 92.57403612136841
812.0 90.76589941978455
813.0 88.5463535785675
814.0 86.01312041282654
815.0 82.8683078289032
816.0 79.56439852714539
817.0 75.52149891853333
818.0 70.88925242424011
819.0 66.64751768112183
820.0 61.59687042236328
821.0 56.99310898780823
822.0 52.35871076583862
823.0 47.73195683956146
824.0 43.025556206703186
825.0 38.6381059885025
826.0 34.19967591762543
827.0 29.474905133247375
828.0 25.291207432746887
829.0 21.02094441652298
830.0 16.580021381378174
831.0 13.11647742986679
832.0 9.5073901116848
833.0 6.525352597236633
834.0 4.3136585503816605
835.0 2.7116449549794197
836.0 1.5998777002096176
837.0 0.944081973284483
838.0 0.5222599487751722
839.0 0.30770888552069664
840.0 0.1623203745111823
841.0 0.10515085887163877
842.0 0.036180042661726475
843.0 0.030557403806596994
844.0 0.020292297995183617
845.0 0.01751683303155005
846.0 1.698658032810163e-10
847.0 1.698658032810163e-10
848.0 1.698658032810163e-10
849.0 1.698658032810163e-10
850.0 1.698658032810163e-10
851.0 0.0003126928277197294
852.0 0.0010884484254347626
853.0 0.001073450857802527
854.0 0.0010584533811197616
855.0 0.0008146422260324471
856.0 0.0005708311618946027
857.0 0.0005033326942793792
858.0 0.00043583404476521537
859.0 0.0002063469992208411
860.0 1.698658032810163e-10
861.0 0.00016632734514132608
862.0 0.00035579475934355287
863.0 0.00022771810108679347
864.0 9.964145419871784e-05
865.0 1.698658032810163e-10
866.0 1.698658032810163e-10
867.0 1.698658032810163e-10
868.0 1.698658032810163e-10
869.0 1.698658032810163e-10
870.0 1.698658032810163e-10
871.0 1.8692836079026165e-05
872.0 0.00018855818098018062
873.0 0.00010113440112036187
874.0 1.371063831356878e-05
875.0 4.23511949065869e-05
876.0 7.099176855263067e-05
877.0 1.698658032810163e-10
878.0 1.698658032810163e-10
879.0 1.8029126636065484e-05
880.0 0.000218279615182837
881.0 7.546331062258105e-05
882.0 1.698658032810163e-10
883.0 2.7892639309357037e-05
884.0 0.0001231382611877052
885.0 1.698658032810163e-10
886.0 1.698658032810163e-10
887.0 1.698658032810163e-10
888.0 1.698658032810163e-10
889.0 1.698658032810163e-10
890.0 1.698658032810163e-10
891.0 3.778386314934323e-05
892.0 7.70982467201975e-05
893.0 9.388669468535227e-05
894.0 0.00011067514833484893
895.0 1.698658032810163e-10
896.0 1.698658032810163e-10
897.0 1.698658032810163e-10
898.0 1.698658032810163e-10
899.0 1.698658032810163e-10
