lsstCam/transmission_filter_detector/r22_s10/r_57/19700101T000000.ecsv
# %ECSV 1.0
# ---
# datatype:
# - {name: wavelength, unit: nm, datatype: float32}
# - {name: efficiency, unit: '%', datatype: float64}
# meta: !!omap
# - {MODE: DETECTOR}
# - {TYPE: transmission_filter_detector}
# - {CALIBDATE: '1970-01-01T00:00:00'}
# - {INSTRUME: LSSTCam}
# - {OBSTYPE: transmission_filter_detector}
# - {CALIBCLS: lsst.ip.isr.IntermediateFilterDetectorTransmissionCurve}
# - {SOURCE: Materion (DM-46256)}
# - {DETECTOR: 93}
# - {FILTER: r_57}
# - {CALIB_ID: 'calibDate=1970-01-01T00:00:00 filter=r_57 detector=93'}
# - {DATE: '2025-04-02T15:59:44.612758'}
# - {CALIB_CREATION_DATE: '2025-04-02'}
# - {CALIB_CREATION_TIME: '15:59:44'}
# - __serialized_columns__:
#     efficiency:
#       __class__: astropy.units.quantity.Quantity
#       unit: !astropy.units.Unit {unit: '%'}
#       value: !astropy.table.SerializedColumn {name: efficiency}
#     wavelength:
#       __class__: astropy.units.quantity.Quantity
#       unit: !astropy.units.Unit {unit: nm}
#       value: !astropy.table.SerializedColumn {name: wavelength}
# schema: astropy-2.0
wavelength efficiency
[from data line 602]
902.0 1.5867222900173283e-10
903.0 1.5867222900173283e-10
904.0 1.5867222900173283e-10
905.0 1.5867222900173283e-10
906.0 1.5867222900173283e-10
907.0 1.5867222900173283e-10
908.0 1.5867222900173283e-10
909.0 1.5867222900173283e-10
910.0 1.5867222900173283e-10
911.0 1.5867222900173283e-10
912.0 1.5867222900173283e-10
913.0 1.5867222900173283e-10
914.0 1.5867222900173283e-10
915.0 8.751948143981281e-05
916.0 4.569395173348312e-05
917.0 3.868440856535926e-06
918.0 5.440921881927352e-05
919.0 0.00010494994739929098
920.0 9.424083202702604e-06
921.0 1.5867222900173283e-10
922.0 6.140743948890304e-05
923.0 0.00020891668555123033
924.0 0.00019130914097331697
925.0 0.00017370160776408738
926.0 0.00015685418475186452
927.0 0.00014000677310832543
928.0 0.00014564900538971415
929.0 0.00015129121493373532
930.0 0.00020044303710164968
931.0 0.0002495948820069316
932.0 8.007518772501498e-05
933.0 1.5867222900173283e-10
934.0 8.479020152662997e-05
935.0 0.0002590248186606914
936.0 0.00026675454591895686
937.0 0.0002744842959145899
938.0 0.00031626414056518115
939.0 0.00035804400795313995
940.0 0.0003500827915559057
941.0 0.0003421215296839364
942.0 0.0003841309535346227
943.0 0.00042614042286004405
944.0 0.0003806434506259393
945.0 0.00033514654660393717
946.0 0.00037825222989340546
947.0 0.0004213578904455062
948.0 0.000498883400723571
949.0 0.0005764090019511059
950.0 0.0005444171165436273
951.0 0.0005124252311361488
952.0 0.0006248851150303381
953.0 0.0007373451808234677
954.0 0.0011086311133112758
955.0 0.0014799173186474945
956.0 0.0015309191439882852
957.0 0.0015819208783796057
958.0 0.0016811580280773342
959.0 0.0017803955415729433
960.0 0.0019985440303571522
961.0 0.0022166927010403015
962.0 0.0023376951503450982
963.0 0.002458697599649895
964.0 0.002541987305448856
965.0 0.002625276829348877
966.0 0.0026492338292882778
967.0 0.0026731904654297978
968.0 0.002648295230756048
969.0 0.002623400177981239
970.0 0.002669326204340905
971.0 0.002715252594498452
972.0 0.0026928368242806755
973.0 0.0026704206902650185
974.0 0.0028842125175287947
975.0 0.0030980041628936306
976.0 0.0031630137527827173
977.0 0.0032280226150760427
978.0 0.0031217899959301576
979.0 0.003015557740582153
980.0 0.0029187956897658296
981.0 0.0028220338208484463
982.0 0.002905026667576749
983.0 0.0029880195143050514
984.0 0.0029212287699920125
985.0 0.0028544378437800333
986.0 0.0027830026738229208
987.0 0.0027115671400679275
988.0 0.0025297500542365015
989.0 0.002347933332202956
990.0 0.0024011644200072624
991.0 0.002454395689710509
992.0 0.0025380677470820956
993.0 0.0026217399863526225
994.0 0.0026552701456239447
995.0 0.0026887995772995055
996.0 0.00278425904980395
997.0 0.002879718340409454
998.0 0.0030004221116541885
999.0 0.003121125337202102
1000.0 0.003243496030336246
1001.0 0.00336586672347039
1002.0 0.0035896482586394995
1003.0 0.0038134297938086092
1004.0 0.003945034040953033
1005.0 0.004076638288097456
1006.0 0.004250240090186708
1007.0 0.004423841892275959
1008.0 0.004359189551905729
1009.0 0.0042945372115354985
1010.0 0.004293294841772877
1011.0 0.004292052472010255
1012.0 0.00415528702433221
1013.0 0.004018521212856285
1014.0 0.003703948823385872
1015.0 0.003389376070117578
1016.0 0.0032441523217130452
1017.0 0.0030989285733085126
1018.0 0.002758141272352077
1019.0 0.0024173543351935223
1020.0 0.0020571256754919887
1021.0 0.001696897015790455
1022.0 0.0014980896594352089
1023.0 0.0012992820302315522
1024.0 0.0013872665476810653
1025.0 0.0014752512470295187
1026.0 0.0013795301128993742
1027.0 0.0012838087968702894
1028.0 0.0011541471394593827
1029.0 0.0010244852092000656
1030.0 0.0009680697985459119
1031.0 0.0009116536602959968
1032.0 0.0008900105058273766
1033.0 0.0008683670785103459
1034.0 0.0007950568942760583
1035.0 0.0007217465281428304
1036.0 0.0007977569111972116
1037.0 0.0008737669304537121
1038.0 0.0007179638942034217
1039.0 0.0005621609489026014
1040.0 0.0006520900569739752
1041.0 0.0007420190740958788
1042.0 0.0008828209502098616
1043.0 0.0010236224625259638
1044.0 0.0009101823707169387
1045.0 0.0007967425517563242
1046.0 0.0007585747880511917
1047.0 0.0007204072062449995
1048.0 0.0006460106760641793
1049.0 0.0005716142368328292
1050.0 0.0005751594471803401
1051.0 0.0005787045665783808
1052.0 0.0009260188562620897
1053.0 0.001273332782147918
1054.0 0.0011028720109607093
1055.0 0.0009324111488240305
1056.0 0.0010541589290369302
1057.0 0.0011759068911487702
1058.0 0.0008561464710510336
1059.0 0.0005363861419027671
1060.0 0.0010002806448028423
1061.0 0.0014641746929555666
1062.0 0.0014806504623265937
1063.0 0.0014971260497986805
1064.0 0.0010773227586469147
1065.0 0.0006575192401214736
1066.0 0.0011595076102821622
1067.0 0.001661496025917586
1068.0 0.0017409667634638026
1069.0 0.0018204371372121386
1070.0 0.0013957092960481532
1071.0 0.0009709812729852274
1072.0 0.001320594128628727
1073.0 0.001670207166171167
1074.0 0.0023654967662878335
1075.0 0.0030607861845055595
1076.0 0.0031863030017120764
1077.0 0.003311820182716474
1078.0 0.003806774111581035
1079.0 0.004301728404243477
1080.0 0.004126781277591363
1081.0 0.003951833787141368
1082.0 0.003999203909188509
1083.0 0.00404657403123565
1084.0 0.004557328429655172
1085.0 0.005068082464276813
1086.0 0.005007939398637973
1087.0 0.004947796332999133
1088.0 0.004808043377124704
1089.0 0.004668290421250276
1090.0 0.004418949174578302
1091.0 0.004169607564108446
1092.0 0.003778833706746809
1093.0 0.003388060213183053
1094.0 0.0036513312807073817
1095.0 0.003914602712029591
1096.0 0.0031907198717817664
1097.0 0.002466836667736061
1098.0 0.001905557837744709
1099.0 0.0013442790987028275
1100.0 0.0016193214833037928
1101.0 0.0018943635950563475
