lsstCam/transmission_filter_detector/r22_s10/r_57/19700101T000000.ecsv
# %ECSV 1.0
# ---
# datatype:
# - {name: wavelength, unit: nm, datatype: float32}
# - {name: efficiency, unit: '%', datatype: float64}
# meta: !!omap
# - {MODE: DETECTOR}
# - {TYPE: transmission_filter_detector}
# - {CALIBDATE: '1970-01-01T00:00:00'}
# - {INSTRUME: LSSTCam}
# - {OBSTYPE: transmission_filter_detector}
# - {CALIBCLS: lsst.ip.isr.IntermediateFilterDetectorTransmissionCurve}
# - {SOURCE: Materion (DM-46256)}
# - {DETECTOR: 93}
# - {FILTER: r_57}
# - {CALIB_ID: 'calibDate=1970-01-01T00:00:00 filter=r_57 detector=93'}
# - {DATE: '2025-04-02T15:59:44.612758'}
# - {CALIB_CREATION_DATE: '2025-04-02'}
# - {CALIB_CREATION_TIME: '15:59:44'}
# - __serialized_columns__:
#     efficiency:
#       __class__: astropy.units.quantity.Quantity
#       unit: !astropy.units.Unit {unit: '%'}
#       value: !astropy.table.SerializedColumn {name: efficiency}
#     wavelength:
#       __class__: astropy.units.quantity.Quantity
#       unit: !astropy.units.Unit {unit: nm}
#       value: !astropy.table.SerializedColumn {name: wavelength}
# schema: astropy-2.0
wavelength efficiency
300.0 0.0019272374629508704
301.0 0.005294411312206648
302.0 0.008661585889058188
303.0 0.01002158533083275
304.0 0.011381585500203073
305.0 0.010122261301148683
306.0 0.008862937102094293
307.0 0.008168811473296955
308.0 0.007474687299691141
309.0 0.006265732372412458
310.0 0.005056778172729537
311.0 0.004884816735284403
312.0 0.00471285566163715
313.0 0.004546047421172261
314.0 0.004379239180707373
315.0 0.004376153083285317
316.0 0.00437306662206538
317.0 0.003910085797542706
318.0 0.0034471046092221513
319.0 0.003090266909566708
320.0 0.0027334286642144434
321.0 0.0026579926270642318
322.0 0.0025825567718129605
323.0 0.002429494088573847
324.0 0.002276431223435793
325.0 0.0021729541913373396
326.0 0.002069477159238886
327.0 0.0021669977286364883
328.0 0.0022645182980340905
329.0 0.0023209806386148557
330.0 0.002377442979195621
331.0 0.002232126280432567
332.0 0.0020868093997705728
333.0 0.001787656765372958
334.0 0.0014885042219248135
335.0 0.0012725832675641868
336.0 0.00105666222225409
337.0 0.0010763006685010623
338.0 0.0010959392056975048
339.0 0.0010643809218890965
340.0 0.001032822547131218
341.0 0.0009511331882094964
342.0 0.000869443920237245
343.0 0.0008468831765640061
344.0 0.0008243223419412971
345.0 0.0007390432529064128
346.0 0.0006537640274473233
347.0 0.0006517014753626427
348.0 0.0006496389687526971
349.0 0.0006283567927312106
350.0 0.005345082172425464
351.0 0.005669552047038451
352.0 0.005994021921651438
353.0 0.005064201104687527
354.0 0.004134381379117258
355.0 0.004552245081868023
356.0 0.004970109512214549
357.0 0.006529553502332419
358.0 0.00808899785624817
359.0 0.006077281796024181
360.0 0.004065565372002311
361.0 0.002943939034594223
362.0 0.0018223126971861348
363.0 0.002843888069037348
364.0 0.0038654630770906806
365.0 0.0037853144021937624
366.0 0.003705165727296844
367.0 0.003377637403900735
368.0 0.0030501087167067453
369.0 0.0026187251933151856
370.0 0.0021873418518225662
371.0 0.002258585845993366
372.0 0.002329829840164166
373.0 0.0030300750950118527
374.0 0.003730320167960599
375.0 0.0032633968658046797
376.0 0.0027964737455477007
377.0 0.0012183504622953478
378.0 1.5867222900173283e-10
379.0 0.0006003453563607763
380.0 0.001560463715577498
381.0 0.0022859971068101004
382.0 0.0030115308618405834
383.0 0.003044912045879755
384.0 0.0030782935937168077
385.0 0.0039970829675439745
386.0 0.00491587161377538
387.0 0.004416801311890595
388.0 0.003917730646207929
389.0 0.0033397998777218163
390.0 0.002761868563538883
391.0 0.002047075940936338
392.0 0.0013322833183337934
393.0 0.0014542007193085738
394.0 0.0015761179383844137
395.0 0.0011490565157146193
396.0 0.0007219952749437653
397.0 0.0008459102900815196
398.0 0.0009698257599666249
399.0 0.0007586701030959375
400.0 0.0005475142188515747
401.0 0.0001762815145411878
402.0 1.5867222900173283e-10
403.0 0.00011610676438067458
404.0 0.0004271655143384123
405.0 0.0007608984105900163
406.0 0.0010946309885184746
407.0 0.0016543668607482687
408.0 0.0022141026420285925
409.0 0.0017875230696517974
410.0 0.0013609432244265918
411.0 0.0009670626241131686
412.0 0.0005731821147492155
413.0 0.0005633063210552791
414.0 0.0005534305273613427
415.0 0.0006084035703679547
416.0 0.0006633768407482421
417.0 0.0011520622138050385
418.0 0.0016407480870839208
419.0 0.0021450181520776823
420.0 0.002649288217071444
421.0 0.003881634256686084
422.0 0.0051139799325028434
423.0 0.00793683502706699
424.0 0.010759689030237496
425.0 0.014620105503126979
426.0 0.018480517610441893
427.0 0.019271293422207236
428.0 0.020062070689164102
429.0 0.015410863852594048
430.0 0.010759656288428232
431.0 0.007659670518478379
432.0 0.004559683657134883
433.0 0.003527542867232114
434.0 0.0024954018954304047
435.0 0.0020035182387800887
436.0 0.001511634218331892
437.0 0.001379340210405644
438.0 0.0012470464753278065
439.0 0.001051698473020224
440.0 0.0008563505616621114
441.0 0.001109531967813382
442.0 0.0013627132830151822
443.0 0.0017752057829056866
444.0 0.0021876983737456612
445.0 0.0020546001906041056
446.0 0.00192150200746255
447.0 0.0017157706679427065
448.0 0.0015100394193723332
449.0 0.0014014438420417719
450.0 0.0012928477190143894
451.0 0.0013945753380539827
452.0 0.0014963031389925163
453.0 0.0015173706742643844
454.0 0.0015384381185867824
455.0 0.0013546267837227788
456.0 0.0011708154488587752
457.0 0.0007996314707270358
458.0 0.00042844749259529635
459.0 0.0007099736649252009
460.0 0.0009914998372551054
461.0 0.0016169584341696464
462.0 0.002242416849185247
463.0 0.002805099938996136
464.0 0.003367782846908085
465.0 0.00431124608439859
466.0 0.005254708958091214
467.0 0.005929481994826347
468.0 0.00660425575915724
469.0 0.005709546894649975
470.0 0.004814839121536352
471.0 0.0037097986933076754
472.0 0.0026047575374832377
473.0 0.0021687259504687972
474.0 0.0017326941815554164
475.0 0.0014074734281166457
476.0 0.0010822530384757556
477.0 0.0008432586582785007
478.0 0.0006042642326065106
479.0 0.0008569598321628291
480.0 0.0011096552952949423
481.0 0.000855022699397523
482.0 0.0006003902399243088
483.0 0.0006651639523624908
484.0 0.0007299375738512026
485.0 0.0006474034762504743
486.0 0.0005648692422255408
487.0 0.0005491782303579384
488.0 0.0005334870820661308
489.0 0.0005558812972594751
490.0 0.0005782754669780843
491.0 0.0007501364052586723
492.0 0.0009219973435392603
493.0 0.000982437177299289
494.0 0.001042877102008788
495.0 0.000902673855307512
496.0 0.000762470563131501
497.0 0.0010166970241698436
498.0 0.001270923348783981
499.0 0.0012648447409446817
500.0 0.0012587662240548525
501.0 0.0014332671526062768
502.0 0.0016077683540061116
503.0 0.0018994513084180653
504.0 0.002191134262830019
505.0 0.0027098014470539056
506.0 0.003228468995075673
507.0 0.003837585245491937
508.0 0.0044467018597060814
509.0 0.004932608499075286
510.0 0.005418513683252968
511.0 0.004853647624258883
512.0 0.004288781565264799
513.0 0.0036506862670648843
514.0 0.0030125911507639103
515.0 0.0028358455892885104
516.0 0.002659100209712051
517.0 0.0024771423341007903
518.0 0.0022951842765905894
519.0 0.07756332634016871
520.0 0.12241487856954336
521.0 0.0633283460047096
522.0 0.18680774373933673
523.0 0.13430172111839056
524.0 0.13540543150156736
525.0 0.15504061011597514
526.0 0.08948794566094875
527.0 0.10878056054934859
528.0 0.10321314912289381
529.0 0.13142471434548497
530.0 0.09758835076354444
531.0 0.12702319072559476
532.0 0.18974818522110581
533.0 0.20248389337211847
534.0 0.3180855652317405
535.0 0.3890616586431861
536.0 0.5179387982934713
537.0 0.6525455042719841
538.0 0.9522776119410992
539.0 1.474881824105978
540.0 2.388495020568371
541.0 3.7140682339668274
542.0 5.577520653605461
543.0 8.16662684082985
544.0 11.304131150245667
545.0 14.863696694374084
546.0 19.221024215221405
547.0 24.64471161365509
548.0 31.629866361618042
549.0 39.25872445106506
550.0 46.331849694252014
551.0 54.31693196296692
552.0 60.53985953330994
553.0 66.38015508651733
554.0 71.44328951835632
555.0 75.89749097824097
556.0 79.81677651405334
557.0 82.79575705528259
558.0 86.37489080429077
559.0 89.8418664932251
560.0 90.80871939659119
561.0 93.19040775299072
562.0 94.41791772842407
563.0 94.3585753440857
564.0 94.91941332817078
565.0 94.22175288200378
566.0 95.06233334541321
567.0 94.4580078125
568.0 95.30280232429504
569.0 95.56289911270142
570.0 95.00174522399902
571.0 95.92690467834473
572.0 95.72439789772034
573.0 96.12371921539307
574.0 96.21952176094055
575.0 96.42006158828735
576.0 96.9586968421936
577.0 96.66991829872131
578.0 96.08669877052307
579.0 96.46795392036438
580.0 95.9235668182373
581.0 95.95539569854736
582.0 96.34736180305481
583.0 95.94552516937256
584.0 95.37411332130432
585.0 95.81018686294556
586.0 95.76879143714905
587.0 95.26332020759583
588.0 95.82356810569763
589.0 96.67436480522156
590.0 95.88795900344849
591.0 94.99603509902954
592.0 95.58407664299011
593.0 94.99390721321106
594.0 95.54796814918518
595.0 95.92081308364868
596.0 96.44783139228821
597.0 96.35834693908691
598.0 96.2755024433136
599.0 96.353018283844
600.0 96.02336883544922
601.0 95.3855037689209
602.0 96.15315794944763
603.0 95.59218287467957
604.0 95.76244950294495
605.0 96.1078405380249
606.0 95.40589451789856
607.0 95.52088975906372
608.0 95.59376239776611
609.0 95.0070321559906
610.0 95.2724814414978
611.0 95.41014432907104
612.0 95.14777064323425
613.0 96.2788999080658
614.0 95.96648216247559
615.0 95.61426639556885
616.0 95.86847424507141
617.0 95.73901891708374
618.0 95.7635760307312
619.0 96.34281396865845
620.0 95.54225206375122
621.0 94.87050175666809
622.0 95.844167470932
623.0 95.99785804748535
624.0 95.73138356208801
625.0 96.32339477539062
626.0 95.47989964485168
627.0 94.4754958152771
628.0 96.57347798347473
629.0 94.99309659004211
630.0 95.45989036560059
631.0 95.36754488945007
632.0 96.2636411190033
633.0 95.81534266471863
634.0 95.52249312400818
635.0 95.73200941085815
636.0 95.64809203147888
637.0 95.16772031784058
638.0 94.963538646698
639.0 95.02696394920349
640.0 95.48142552375793
641.0 95.43492197990417
642.0 95.61010599136353
643.0 95.70809006690979
644.0 95.44416666030884
645.0 95.50641179084778
646.0 95.72630524635315
647.0 96.49075269699097
648.0 95.59403657913208
649.0 94.99785304069519
650.0 96.00420594215393
651.0 96.61091566085815
652.0 96.34724259376526
653.0 95.37782073020935
654.0 95.95168232917786
655.0 95.8910584449768
656.0 95.24418115615845
657.0 95.36513686180115
658.0 95.92301845550537
659.0 95.93943357467651
660.0 95.09831070899963
661.0 94.91157531738281
662.0 95.57204842567444
663.0 95.45692801475525
664.0 95.04561424255371
665.0 94.93672251701355
666.0 95.32858729362488
667.0 95.34961581230164
668.0 94.92344260215759
669.0 95.54523825645447
670.0 95.13924717903137
671.0 95.32917141914368
672.0 94.84429359436035
673.0 94.93939280509949
674.0 94.60099935531616
675.0 95.12308835983276
676.0 94.42850351333618
677.0 93.53242516517639
678.0 92.48512983322144
679.0 91.74948930740356
680.0 90.9949004650116
681.0 89.33328986167908
682.0 87.04893589019775
683.0 84.06922817230225
684.0 80.2015483379364
685.0 76.49168968200684
686.0 72.66433238983154
687.0 67.37797856330872
688.0 63.03527355194092
689.0 58.25691223144531
690.0 52.97724008560181
691.0 48.994818329811096
692.0 44.18385326862335
693.0 39.85292315483093
694.0 34.96459126472473
695.0 29.884308576583862
696.0 24.931447207927704
697.0 19.929352402687073
698.0 14.56100344657898
699.0 10.434240102767944
700.0 7.246103882789612
701.0 4.517399147152901
702.0 2.833317220211029
703.0 1.6109436750411987
704.0 0.9450783021748066
705.0 0.5171116441488266
706.0 0.39617931470274925
707.0 0.2410466317087412
708.0 0.1412070938386023
709.0 0.16144084511324763
710.0 0.07318449788726866
711.0 0.07332559325732291
712.0 0.12169722467660904
713.0 0.042731178109534085
714.0 0.08463842677883804
715.0 0.05667004734277725
716.0 0.04820487229153514
717.0 0.0996151240542531
718.0 0.06123812636360526
719.0 0.055180874187499285
720.0 1.5867222900173283e-10
721.0 0.004460011041373946
722.0 0.004205851655569859
723.0 0.003951692269765772
724.0 0.0036478737456491217
725.0 0.0033440548577345908
726.0 0.0031267376471078023
727.0 0.0029094206183799542
728.0 0.0026959567549056374
729.0 0.00248249270953238
730.0 0.002352439878450241
731.0 0.002222387593064923
732.0 0.002193754517065827
733.0 0.0021651214410667308
734.0 0.0020867262719548307
735.0 0.0020083311028429307
736.0 0.0017812213627621531
737.0 0.0015541116226813756
738.0 0.0015774714483995922
739.0 0.0016008312741178088
740.0 0.001584471101523377
741.0 0.001568111292726826
742.0 0.0014234678019420244
743.0 0.0012788242202077527
744.0 0.0013410383871814702
745.0 0.001403252190357307
746.0 0.001349115882476326
747.0 0.0012949793017469347
748.0 0.0011544905646587722
749.0 0.0010140017366211396
750.0 0.0010067172297567595
751.0 0.00099943299574079
752.0 0.0010456557902216446
753.0 0.001091878493753029
754.0 0.0010807356375153176
755.0 0.001069593145075487
756.0 0.0010082675544254016
757.0 0.0009469417818763759
758.0 0.0010214414032816421
759.0 0.0010959409337374382
760.0 0.0010870859114220366
761.0 0.0010782312529045157
762.0 0.0010920299246208742
763.0 0.0011058290510845836
764.0 0.0010422885679872707
765.0 0.0009787480848899577
766.0 0.000768627978686709
767.0 0.0005585078270087251
768.0 0.0005434398644865723
769.0 0.0005283717655402143
770.0 0.0006749376098014181
771.0 0.0008215036359615624
772.0 0.0007780852683936246
773.0 0.0007346666734520113
774.0 0.0008434057235717773
775.0 0.0009521447282168083
776.0 0.0009405673154105898
777.0 0.0009289899026043713
778.0 0.000859203100844752
779.0 0.000789416390034603
780.0 0.000680979019307415
781.0 0.000572541648580227
782.0 0.0006705196938128211
783.0 0.0007684976480959449
784.0 0.0008377305675821844
785.0 0.0009069632142200135
786.0 0.0007957375601108652
787.0 0.0006845119514764519
788.0 0.0006882425168441841
789.0 0.0006919732641108567
790.0 0.0007141867172322236
791.0 0.0007364001248788554
792.0 0.0007636276677658316
793.0 0.0007908552106528077
794.0 0.0008538322617823724
795.0 0.0009168090400635265
796.0 0.0007712123078817967
797.0 0.0006256155302253319
798.0 0.0007578261829621624
799.0 0.0008900367902242579
800.0 0.0007958339665492531
801.0 0.000701630960975308
802.0 0.0006053486231394345
803.0 0.0005090659669804154
804.0 0.000619187312622671
805.0 0.0007293087492143968
806.0 0.00064807582020876
807.0 0.0005668429366778582
808.0 0.000708575817043311
809.0 0.0008503086974087637
810.0 0.0007489674771932187
811.0 0.0006476265298260842
812.0 0.0006696068339806516
813.0 0.000691587138135219
814.0 0.0005454143774841214
815.0 0.0003992416623077588
816.0 0.0005394488198362524
817.0 0.0006796561137889512
818.0 0.0006388746896845987
819.0 0.0005980933110549813
820.0 0.00047736521082697436
821.0 0.00035663708786159987
822.0 0.00038851649151183665
823.0 0.00042039600884891115
824.0 0.00042776505324582104
825.0 0.0004351340976427309
826.0 0.0005174701527721481
827.0 0.0005998062079015654
828.0 0.0004494018867262639
829.0 0.00029899756555096246
830.0 0.00022028780222171918
831.0 0.00014157802752379212
832.0 8.683066425874131e-05
833.0 3.208327541415201e-05
834.0 1.5867222900173283e-10
835.0 1.5867222900173283e-10
836.0 0.00021184796423767693
837.0 0.0005102919658384053
838.0 0.0007028700565570034
839.0 0.0008954481927503366
840.0 0.001223028539243387
841.0 0.0015506087947869673
842.0 0.0019882791093550622
843.0 0.0024259496058220975
844.0 0.002207643228757661
845.0 0.0019893370335921645
846.0 0.0017033200492733158
847.0 0.0014173027921060566
848.0 0.0012734459232888184
849.0 0.0011295885997242294
850.0 0.001110460561903892
851.0 0.0010913325240835547
852.0 0.0010580191883491352
853.0 0.0010247055797663052
854.0 0.0009235004654328804
855.0 0.000822294987301575
856.0 0.0006414253221009858
857.0 0.00046055570237513166
858.0 0.0005837017852172721
859.0 0.0007068478225846775
860.0 0.0005413379312813049
861.0 0.00037582803997793235
862.0 0.000365248729394807
863.0 0.00035466939607431414
864.0 0.0002336401848879177
865.0 0.00011261101917625638
866.0 8.766930932324613e-05
867.0 6.272755967984267e-05
868.0 0.00012012984598186449
869.0 0.00017753208112480934
870.0 9.25119877592806e-05
871.0 7.49188657778177e-06
872.0 1.5867222900173283e-10
873.0 1.5867222900173283e-10
874.0 1.5867222900173283e-10
875.0 1.5867222900173283e-10
876.0 1.5867222900173283e-10
877.0 1.5867222900173283e-10
878.0 8.495561019117304e-05
879.0 0.0001875363750514225
880.0 0.00014798632719248417
881.0 0.00010843627933354583
882.0 0.0001225199753207562
883.0 0.00013660372815138544
884.0 1.5867222900173283e-10
885.0 1.5867222900173283e-10
886.0 1.5867222900173283e-10
887.0 5.748119065174251e-05
888.0 0.0001133032583311433
889.0 0.00016912532601054409
890.0 0.00013447119044940337
891.0 9.981700941352756e-05
892.0 1.5867222900173283e-10
893.0 1.5867222900173283e-10
894.0 1.5867222900173283e-10
895.0 1.545585632811708e-05
896.0 6.27714484835451e-06
897.0 1.5867222900173283e-10
898.0 6.309493301159819e-05
899.0 0.00012909138149552746
900.0 4.786431873071706e-05
