lsstCam/transmission_filter_detector/r32_s10/r_57/19700101T000000.ecsv
# %ECSV 1.0
# ---
# datatype:
# - {name: wavelength, unit: nm, datatype: float32}
# - {name: efficiency, unit: '%', datatype: float64}
# meta: !!omap
# - {MODE: DETECTOR}
# - {TYPE: transmission_filter_detector}
# - {CALIBDATE: '1970-01-01T00:00:00'}
# - {INSTRUME: LSSTCam}
# - {OBSTYPE: transmission_filter_detector}
# - {CALIBCLS: lsst.ip.isr.IntermediateFilterDetectorTransmissionCurve}
# - {SOURCE: Materion (DM-46256)}
# - {DETECTOR: 138}
# - {FILTER: r_57}
# - {CALIB_ID: 'calibDate=1970-01-01T00:00:00 filter=r_57 detector=138'}
# - {DATE: '2025-04-02T15:59:44.822360'}
# - {CALIB_CREATION_DATE: '2025-04-02'}
# - {CALIB_CREATION_TIME: '15:59:44'}
# - __serialized_columns__:
#     efficiency:
#       __class__: astropy.units.quantity.Quantity
#       unit: !astropy.units.Unit {unit: '%'}
#       value: !astropy.table.SerializedColumn {name: efficiency}
#     wavelength:
#       __class__: astropy.units.quantity.Quantity
#       unit: !astropy.units.Unit {unit: nm}
#       value: !astropy.table.SerializedColumn {name: wavelength}
# schema: astropy-2.0
wavelength efficiency
300.0 0.0016884647266124375
301.0 0.005182796667213552
302.0 0.008677129517309368
303.0 0.010749526700237766
304.0 0.012821925338357687
305.0 0.01171403782791458
306.0 0.010606151045067236
307.0 0.009079947631107643
308.0 0.007553743489552289
309.0 0.0065791849920060486
310.0 0.005604625403066166
311.0 0.005191145828575827
312.0 0.004777665890287608
313.0 0.004202861964586191
314.0 0.003628057675086893
315.0 0.0035707860661204904
316.0 0.0035135144571540877
317.0 0.0034295240766368806
318.0 0.00334553187713027
319.0 0.003137842213618569
320.0 0.002930152004410047
321.0 0.002868500268959906
322.0 0.0028068483516108245
323.0 0.002564876376709435
324.0 0.002322904583706986
325.0 0.0021923704480286688
326.0 0.002061836130451411
327.0 0.002091497299261391
328.0 0.0021211584680713713
329.0 0.00219273533730302
330.0 0.002264312206534669
331.0 0.0021764697521575727
332.0 0.0020886272977804765
333.0 0.0018578541130409576
334.0 0.0016270807464024983
335.0 0.0014408139577426482
336.0 0.001254547169082798
337.0 0.0011340586752339732
338.0 0.0010135702723346185
339.0 0.0009349543688585982
340.0 0.000856338556332048
341.0 0.0008244021955761127
342.0 0.0007924658348201774
343.0 0.0008319314474647399
344.0 0.0008713970601093024
345.0 0.0008491592780046631
346.0 0.0008269217687484343
347.0 0.0007905405254859943
348.0 0.0007541593731730245
349.0 0.0007668830221518874
350.0 0.0024930883228080347
351.0 0.004735552647616714
352.0 0.006978016608627513
353.0 0.006135299918241799
354.0 0.005292583955451846
355.0 0.004445699960342608
356.0 0.0035988159652333707
357.0 0.004238367182551883
358.0 0.0048779198550619185
359.0 0.004353886833996512
360.0 0.003829854540526867
361.0 0.0028473607017076574
362.0 0.001864867408585269
363.0 0.002337185105716344
364.0 0.002809502802847419
365.0 0.002360039434279315
366.0 0.0019105760657112114
367.0 0.0022841508325655013
368.0 0.002657725417520851
369.0 0.0036620578612200916
370.0 0.004666389577323571
371.0 0.004433472713571973
372.0 0.004200555486022495
373.0 0.003688250944833271
374.0 0.0031759456760482863
375.0 0.002214359301433433
376.0 0.001252772653970169
377.0 0.002014209167100489
378.0 0.00277564595307922
379.0 0.002345222674193792
380.0 0.0019147993953083642
381.0 0.0021220090275164694
382.0 0.002329218841623515
383.0 0.0030436862289207056
384.0 0.0037581532524200156
385.0 0.004369404632598162
386.0 0.0049806563765741885
387.0 0.004701268335338682
388.0 0.004421881021698937
389.0 0.0033702704968163744
390.0 0.002318659608135931
391.0 0.0018651837308425456
392.0 0.0014117083992459811
393.0 0.0015293859178200364
394.0 0.0016470638001919724
395.0 0.0012882625014754012
396.0 0.0009294611118093599
397.0 0.000791334969107993
398.0 0.0006532088718813611
399.0 0.0008513641660101712
400.0 0.0010495196875126567
401.0 0.0010446024134580512
402.0 0.0010396849575045053
403.0 0.0009504780791758094
404.0 0.0008612712008471135
405.0 0.0010348874639021233
406.0 0.0012085038179066032
407.0 0.0011733313840522896
408.0 0.001138158950197976
409.0 0.001143688405136345
410.0 0.0011492178600747138
411.0 0.0011687180631270166
412.0 0.0011882182661793195
413.0 0.0016667898307787254
414.0 0.0021453615772770718
415.0 0.001985842754947953
416.0 0.0018263242964167148
417.0 0.0014580070455849636
418.0 0.0010896897947532125
419.0 0.0017413956811651587
420.0 0.0023931012037792243
421.0 0.003858689160551876
422.0 0.005324277299223468
423.0 0.008330963464686647
424.0 0.011337648902554065
425.0 0.014961889246478677
426.0 0.01858613104559481
427.0 0.018931117665488273
428.0 0.01927610719576478
429.0 0.015416560927405953
430.0 0.011557013931451365
431.0 0.007910725253168494
432.0 0.0042644354834919795
433.0 0.0034468401281628758
434.0 0.0026292445909348316
435.0 0.0021272666344884783
436.0 0.001625288678042125
437.0 0.0011201961569895502
438.0 0.0006151037268864457
439.0 0.0007524844477302395
440.0 0.0008898650776245631
441.0 0.0010733053386502434
442.0 0.001256745781574864
443.0 0.0015855952369747683
444.0 0.0019144445104757324
445.0 0.001671627069299575
446.0 0.001428809900971828
447.0 0.0014016738532518502
448.0 0.001374537623632932
449.0 0.0013454930012812838
450.0 0.0013164481970306952
451.0 0.001323070864600595
452.0 0.0013296932593220845
453.0 0.001445500038244063
454.0 0.0015613066352671012
455.0 0.0013404203855316155
456.0 0.0011195341357961297
457.0 0.0009723677067086101
458.0 0.0008252010957221501
459.0 0.0009274151125282515
460.0 0.001029629129334353
461.0 0.001564938975207042
462.0 0.0021002491848776117
463.0 0.0028940992706338875
464.0 0.0036879493563901633
465.0 0.004548961442196742
466.0 0.005409972436609678
467.0 0.005960919224889949
468.0 0.006511865649372339
469.0 0.005667039295076393
470.0 0.004822212940780446
471.0 0.0035704808396985754
472.0 0.0023187480110209435
473.0 0.0016803216567495838
474.0 0.001041895302478224
475.0 0.0008356171747436747
476.0 0.0006293390924838604
477.0 0.0006862165264465148
478.0 0.0007430940058839042
479.0 0.0006710557954647811
480.0 0.0005990176305203931
481.0 0.0004935734068567399
482.0 0.00038812918319308665
483.0 0.00046611316975031514
484.0 0.0005440972927317489
485.0 0.0006097275672800606
486.0 0.0006753578418283723
487.0 0.0005135259016242344
488.0 0.00035169396142009646
489.0 0.0006488944563898258
490.0 0.0009460949513595551
491.0 0.0008460949175059795
492.0 0.0007460950200766092
493.0 0.0008349293239007238
494.0 0.0009237634913006332
495.0 0.0009758420674188528
496.0 0.0010279204616381321
497.0 0.0010213132554781623
498.0 0.0010147062312171329
499.0 0.0010726584150688723
500.0 0.001130610780819552
501.0 0.001274218720936915
502.0 0.0014178263882058673
503.0 0.0017366020983899944
504.0 0.0020553774447762407
505.0 0.0024108881916617975
506.0 0.0027663985747494735
507.0 0.0035572615161072463
508.0 0.004348124275566079
509.0 0.0047683810407761484
510.0 0.00518863853358198
511.0 0.0047368244850076735
512.0 0.004285010436433367
513.0 0.0036442750570131466
514.0 0.003003539859491866
515.0 0.002769850289041642
516.0 0.0025361605366924778
517.0 0.0025696503143990412
518.0 0.002603139728307724
519.0 1.5846102641853266e-10
520.0 0.07134790648706257
521.0 0.08719522738829255
522.0 0.09421271970495582
523.0 0.1237369840964675
524.0 0.09709503501653671
525.0 0.12171458220109344
526.0 0.057877664221450686
527.0 0.05021048127673566
528.0 0.199758424423635
529.0 0.11578939156606793
530.0 0.21806757431477308
531.0 0.1653105253353715
532.0 0.25231956969946623
533.0 0.23934072814881802
534.0 0.34686424769461155
535.0 0.3691318677738309
536.0 0.47730356454849243
537.0 0.6744318641722202
538.0 1.0878254659473896
539.0 1.6135374084115028
540.0 2.7115534991025925
541.0 4.030570015311241
542.0 5.982278659939766
543.0 8.744820207357407
544.0 11.96848601102829
545.0 15.684503316879272
546.0 20.116448402404785
547.0 25.662896037101746
548.0 32.74548053741455
549.0 40.66416621208191
550.0 47.619569301605225
551.0 55.64454793930054
552.0 61.64945363998413
553.0 67.30678081512451
554.0 72.01012969017029
555.0 76.19804739952087
556.0 80.09182810783386
557.0 83.33649039268494
558.0 86.85739636421204
559.0 90.43270945549011
560.0 91.20216965675354
561.0 93.33882331848145
562.0 94.30546164512634
563.0 94.60280537605286
564.0 95.09462714195251
565.0 94.82971429824829
566.0 95.26282548904419
567.0 94.51285600662231
568.0 95.2570378780365
569.0 95.64191699028015
570.0 95.26061415672302
571.0 96.21447324752808
572.0 96.04495167732239
573.0 96.02023363113403
574.0 96.47558927536011
575.0 96.27534747123718
576.0 97.08300828933716
577.0 96.61688804626465
578.0 96.80076241493225
579.0 96.47012948989868
580.0 95.87560296058655
581.0 95.79703211784363
582.0 96.24218344688416
583.0 96.04682326316833
584.0 95.79111337661743
585.0 95.70935368537903
586.0 95.97892761230469
587.0 95.6173837184906
588.0 95.81560492515564
589.0 96.66627049446106
590.0 96.04213833808899
591.0 95.60433030128479
592.0 95.62552571296692
593.0 95.35046219825745
594.0 95.42399048805237
595.0 95.93207836151123
596.0 96.3326632976532
597.0 96.51615619659424
598.0 95.92187404632568
599.0 96.10596299171448
600.0 96.05476260185242
601.0 95.6322968006134
602.0 95.86954712867737
603.0 95.71189284324646
604.0 95.99105715751648
605.0 96.26390933990479
606.0 95.95046639442444
607.0 95.81219553947449
608.0 95.78120708465576
609.0 95.33416628837585
610.0 95.47839164733887
611.0 95.25167942047119
612.0 95.47777771949768
613.0 96.24632000923157
614.0 96.44651412963867
615.0 95.86012959480286
616.0 95.77410221099854
617.0 95.89923620223999
618.0 95.8076000213623
619.0 96.37861251831055
620.0 95.5512285232544
621.0 95.16290426254272
622.0 96.03109359741211
623.0 96.16349339485168
624.0 95.76736092567444
625.0 96.2809681892395
626.0 95.66453695297241
627.0 94.72265839576721
628.0 96.59245610237122
629.0 94.8457419872284
630.0 96.00837826728821
631.0 95.65373659133911
632.0 96.1674153804779
633.0 96.0620105266571
634.0 95.43969631195068
635.0 95.65028548240662
636.0 95.55807709693909
637.0 95.36426663398743
638.0 95.02718448638916
639.0 94.95325684547424
640.0 95.11929154396057
641.0 94.92037296295166
642.0 95.47324180603027
643.0 95.44127583503723
644.0 95.61462998390198
645.0 95.46016454696655
646.0 95.49162983894348
647.0 96.54064178466797
648.0 95.90874910354614
649.0 95.33342123031616
650.0 95.8567202091217
651.0 96.2773323059082
652.0 96.23839855194092
653.0 95.5739676952362
654.0 96.18478417396545
655.0 96.12007737159729
656.0 95.33030390739441
657.0 95.36369442939758
658.0 95.80940008163452
659.0 95.75817584991455
660.0 95.20531892776489
661.0 94.89325284957886
662.0 95.3829288482666
663.0 95.272958278656
664.0 95.1472282409668
665.0 94.84289288520813
666.0 94.8632001876831
667.0 95.22758722305298
668.0 94.78610157966614
669.0 95.39774060249329
670.0 95.13176679611206
671.0 95.12007236480713
672.0 95.03909349441528
673.0 95.30267715454102
674.0 94.7860836982727
675.0 95.16578316688538
676.0 94.64486241340637
677.0 93.51170063018799
678.0 93.14669370651245
679.0 92.1440839767456
680.0 91.37795567512512
681.0 90.07670283317566
682.0 87.80788779258728
683.0 85.21284461021423
684.0 81.50997161865234
685.0 77.94455289840698
686.0 74.37180280685425
687.0 69.32060718536377
688.0 64.85499739646912
689.0 60.406726598739624
690.0 55.06323575973511
691.0 50.95822215080261
692.0 46.161943674087524
693.0 41.940656304359436
694.0 36.898013949394226
695.0 31.945976614952087
696.0 26.86183452606201
697.0 21.81420773267746
698.0 16.308404505252838
699.0 11.882387846708298
700.0 8.386135846376419
701.0 5.314977467060089
702.0 3.3764775842428207
703.0 2.0053915679454803
704.0 1.154013630002737
705.0 0.681388471275568
706.0 0.4423439037054777
707.0 0.29368619434535503
708.0 0.2322888234630227
709.0 0.15775394858792424
710.0 0.07432487909682095
711.0 0.07893120055086911
712.0 0.07745080511085689
713.0 0.054835015907883644
714.0 0.07932372973300517
715.0 0.08064399589784443
716.0 0.027160084573552012
717.0 0.056880846386775374
718.0 0.03419228014536202
719.0 0.042305001989006996
720.0 1.5846102641853266e-10
721.0 0.004597629595082253
722.0 0.004374167474452406
723.0 0.00415070571762044
724.0 0.0038499521906487644
725.0 0.0035491990274749696
726.0 0.0033374981285305694
727.0 0.00312579759338405
728.0 0.0029613000151584856
729.0 0.002796802800730802
730.0 0.002633083386172075
731.0 0.0024693639716133475
732.0 0.0023576147214043885
733.0 0.0022458658349933103
734.0 0.002151161606889218
735.0 0.0020564575606840663
736.0 0.0019738939954550005
737.0 0.0018913306121248752
738.0 0.0018224660379928537
739.0 0.0017536014638608322
740.0 0.0017006974303512834
741.0 0.0016477932149427943
742.0 0.0015404340956592932
743.0 0.0014330747035273816
744.0 0.0015142998563533183
745.0 0.0015955251001287252
746.0 0.0014444097359955776
747.0 0.00129329428091296
748.0 0.0013226733244664501
749.0 0.0013520523680199403
750.0 0.0013403736375039443
751.0 0.0013286949979374185
752.0 0.00127594503283035
753.0 0.0012231951586727519
754.0 0.001188009264296852
755.0 0.0011528233699209522
756.0 0.0011146847100462765
757.0 0.0010765460501716007
758.0 0.0010724886124080513
759.0 0.0010684313565434422
760.0 0.0010390826901129913
761.0 0.0010097340236825403
762.0 0.0009986868462874554
763.0 0.0009876398507913109
764.0 0.0010413817108201329
765.0 0.0010951233889500145
766.0 0.0009197288818540983
767.0 0.000744334329283447
768.0 0.0007356890364462743
769.0 0.0007270436071848962
770.0 0.0007403565177810378
771.0 0.0007536692919529742
772.0 0.0008445217645203229
773.0 0.0009353740097139962
774.0 0.0009543852684146259
775.0 0.0009733964361657854
776.0 0.0010122223102371208
777.0 0.0010510486390558071
778.0 0.000871376323630102
779.0 0.0006917042810528073
780.0 0.000745706574889482
781.0 0.000799709050625097
782.0 0.0008241466275649145
783.0 0.0008485843864036724
784.0 0.0008205560334317852
785.0 0.000792527680459898
786.0 0.0007839317731850315
787.0 0.000775335865910165
788.0 0.0006806276815041201
789.0 0.0005859195880475454
790.0 0.0006367600235535065
791.0 0.0006876005045342026
792.0 0.0006756901711924002
793.0 0.0006637797923758626
794.0 0.0006868079708510777
795.0 0.0007098362857504981
796.0 0.0006419007604563376
797.0 0.0005739652806369122
798.0 0.0006329729785647942
799.0 0.0006919809493410867
800.0 0.0007380576334981015
801.0 0.000784134135756176
802.0 0.0007680807357246522
803.0 0.0007520273811678635
804.0 0.0006931044481461868
805.0 0.0006341815605992451
806.0 0.000641552651359234
807.0 0.0006489236511697527
808.0 0.000607394667895278
809.0 0.000565865593671333
810.0 0.0006644134828093229
811.0 0.000762961008149432
812.0 0.0006223847321962239
813.0 0.00048180827434407547
814.0 0.0005499809503817232
815.0 0.000618153626419371
816.0 0.0007230763458210276
817.0 0.0008279991561721545
818.0 0.0006401959581125993
819.0 0.000452392669103574
820.0 0.0005475514171848772
821.0 0.0006427100743167102
822.0 0.000682399468132644
823.0 0.0007220888619485777
824.0 0.0005847800821356941
825.0 0.00044747125684807543
826.0 0.00048596621127217077
827.0 0.000524461120221531
828.0 0.0005119718935020501
829.0 0.0004994827122573042
830.0 0.00019982578578492394
831.0 1.5846102641853266e-10
832.0 1.5846102641853266e-10
833.0 1.5846102641853266e-10
834.0 1.5846102641853266e-10
835.0 3.487600608309549e-06
836.0 3.76269554180908e-05
837.0 7.176632266236993e-05
838.0 0.000635067408438772
839.0 0.0011983684998995159
840.0 0.0015483185052289627
841.0 0.0018982687834068201
842.0 0.0022058678950998
843.0 0.0025134671886917204
844.0 0.002437306466163136
845.0 0.0023611457436345518
846.0 0.0019712904759217054
847.0 0.0015814353901077993
848.0 0.0014458402802119963
849.0 0.001310245079366723
850.0 0.0013461244634527247
851.0 0.0013820039384881966
852.0 0.0013289227354107425
853.0 0.0012758415323332883
854.0 0.0010875610314542428
855.0 0.0008992805305751972
856.0 0.0007331947927013971
857.0 0.0005671088729286566
858.0 0.0004756387625093339
859.0 0.00038416869756474625
860.0 0.0002694237537070876
861.0 0.00015467882121811272
862.0 0.00025774638743314426
863.0 0.00036081394227949204
864.0 0.00027697058158082655
865.0 0.00019312722088216105
866.0 0.00018431159105603
867.0 0.0001754959498612152
868.0 9.118215302805766e-05
869.0 6.868347668387287e-06
870.0 6.38516155504476e-05
871.0 0.00012083489764336264
872.0 9.319707601207483e-05
873.0 6.55592657494708e-05
874.0 0.00011903475751751103
875.0 0.00017251021517949994
876.0 0.00010062491355711245
877.0 2.8739631829921564e-05
878.0 4.36024123473544e-05
879.0 5.846521275998384e-05
880.0 8.37712775592081e-05
881.0 0.00010907735941145802
882.0 0.00015803113910806132
883.0 0.00020698494154203217
884.0 0.00011789786640292732
885.0 2.8810791263822466e-05
886.0 9.339361781712796e-05
887.0 0.00015797644437043346
888.0 0.0001691103307166486
889.0 0.00018024422843154753
890.0 0.00010653774324964616
891.0 3.28312921737961e-05
892.0 4.092577228220762e-05
893.0 4.9020235337593476e-05
894.0 1.5846102641853266e-10
895.0 1.5846102641853266e-10
896.0 1.5846102641853266e-10
897.0 8.879078450263478e-06
898.0 5.1773542963928776e-05
899.0 9.46679961089103e-05
900.0 3.877028973420238e-05
