lsstCam/transmission_filter_detector/r32_s10/r_57/19700101T000000.ecsv
# %ECSV 1.0
# ---
# datatype:
# - {name: wavelength, unit: nm, datatype: float32}
# - {name: efficiency, unit: '%', datatype: float64}
# meta: !!omap
# - {MODE: DETECTOR}
# - {TYPE: transmission_filter_detector}
# - {CALIBDATE: '1970-01-01T00:00:00'}
# - {INSTRUME: LSSTCam}
# - {OBSTYPE: transmission_filter_detector}
# - {CALIBCLS: lsst.ip.isr.IntermediateFilterDetectorTransmissionCurve}
# - {SOURCE: Materion (DM-46256)}
# - {DETECTOR: 138}
# - {FILTER: r_57}
# - {CALIB_ID: 'calibDate=1970-01-01T00:00:00 filter=r_57 detector=138'}
# - {DATE: '2025-04-02T15:59:44.822360'}
# - {CALIB_CREATION_DATE: '2025-04-02'}
# - {CALIB_CREATION_TIME: '15:59:44'}
# - __serialized_columns__:
#     efficiency:
#       __class__: astropy.units.quantity.Quantity
#       unit: !astropy.units.Unit {unit: '%'}
#       value: !astropy.table.SerializedColumn {name: efficiency}
#     wavelength:
#       __class__: astropy.units.quantity.Quantity
#       unit: !astropy.units.Unit {unit: nm}
#       value: !astropy.table.SerializedColumn {name: wavelength}
# schema: astropy-2.0
wavelength efficiency
[from data line 602]
902.0 1.5846102641853266e-10
903.0 1.5846102641853266e-10
904.0 5.314580562298943e-05
905.0 0.00010803178156493232
906.0 0.0001428022414984298
907.0 0.0001775727355379786
908.0 0.00020511986349447398
909.0 0.0002326669800822856
910.0 9.75615421339171e-05
911.0 1.5846102641853266e-10
912.0 8.20735124307248e-05
913.0 0.00020169093204458477
914.0 0.00015652094589313492
915.0 0.00011135095974168507
916.0 0.00011286507515251287
917.0 0.0001143791791946569
918.0 0.0001516548081781366
919.0 0.00018893043716161628
920.0 0.0001709653588477522
921.0 0.00015300028053388814
922.0 0.0001492301180405775
923.0 0.00014545996691595064
924.0 0.00016730864444980398
925.0 0.00018915729924628977
926.0 0.0001742425070005993
927.0 0.0001593277147549088
928.0 0.00015906679209365393
929.0 0.00015880585806371528
930.0 0.00015078496744536096
931.0 0.00014276404272095533
932.0 9.939001301972894e-05
933.0 5.601597194981878e-05
934.0 1.5846102641853266e-10
935.0 1.5846102641853266e-10
936.0 1.5846102641853266e-10
937.0 2.4468721449011355e-05
938.0 2.105338410274271e-05
939.0 1.7638015492593695e-05
940.0 8.141028615682444e-05
941.0 0.00014518250281980727
942.0 0.00032134012144524604
943.0 0.0004974976945959497
944.0 0.00044001567403029185
945.0 0.0003825336079898989
946.0 0.0005224194865149911
947.0 0.0006623053650400834
948.0 0.0004555332907330012
949.0 0.00024876130737538915
950.0 0.0003167407840010128
951.0 0.00038472026062663645
952.0 0.0005929028247919632
953.0 0.0008010855708562303
954.0 0.0009074151421373244
955.0 0.001013744986266829
956.0 0.0011462700967967976
957.0 0.001278795207326766
958.0 0.001509953108325135
959.0 0.0017411110093235038
960.0 0.0019190392777090892
961.0 0.0020969673641957343
962.0 0.0021882209694013
963.0 0.0022794745746068656
964.0 0.0023718086595181376
965.0 0.00246414310822729
966.0 0.0024754039259278215
967.0 0.0024866651074262336
968.0 0.00248114356509177
969.0 0.002475622204656247
970.0 0.002501557355572004
971.0 0.00252749214268988
972.0 0.0026143790819332935
973.0 0.0027012662030756474
974.0 0.0028634656700887717
975.0 0.003025665500899777
976.0 0.00300207993859658
977.0 0.0029784947400912642
978.0 0.0030082361263339408
979.0 0.003037977330677677
980.0 0.0030496419640257955
981.0 0.0030613064154749736
982.0 0.003040391493414063
983.0 0.0030194760256563313
984.0 0.0029117785743437707
985.0 0.00280408094113227
986.0 0.0026843950763577595
987.0 0.00256470957538113
988.0 0.002536618740123231
989.0 0.0025085282686632127
990.0 0.0025449853637837805
991.0 0.0025814426408032887
992.0 0.0025288707547588274
993.0 0.002476298868714366
994.0 0.002506960663595237
995.0 0.0025376228222739883
996.0 0.0025858982553472742
997.0 0.00263417350652162
998.0 0.0027960155421169475
999.0 0.002957857577712275
1000.0 0.0030632920243078843
1001.0 0.0031687264709034935
1002.0 0.00337658311764244
1003.0 0.0035844394005835056
1004.0 0.003665178519440815
1005.0 0.003745917638298124
1006.0 0.0039031612686812878
1007.0 0.004060405262862332
1008.0 0.004080187136423774
1009.0 0.004099969009985216
1010.0 0.004071953662787564
1011.0 0.004043939043185674
1012.0 0.004028810144518502
1013.0 0.00401368088205345
1014.0 0.0038344318454619497
1015.0 0.003655183536466211
1016.0 0.0032648935302859172
1017.0 0.0028746029784088023
1018.0 0.002684212086023763
1019.0 0.002493821011739783
1020.0 0.0022993268430582248
1021.0 0.002104832492477726
1022.0 0.0018216247553937137
1023.0 0.0015384168364107609
1024.0 0.0014074346836423501
1025.0 0.0012764526218234096
1026.0 0.0011416030247346498
1027.0 0.0010067537914437708
1028.0 0.0009863540981314145
1029.0 0.0009659544957685284
1030.0 0.0009463617971050553
1031.0 0.0009267690984415822
1032.0 0.0008597344276495278
1033.0 0.000792699574958533
1034.0 0.0007281921170942951
1035.0 0.000663684568280587
1036.0 0.0006043246230547084
1037.0 0.0005449646778288297
1038.0 0.0007066025773383444
1039.0 0.0008682403858983889
1040.0 0.0007476731298083905
1041.0 0.0006271057827689219
1042.0 0.0006366359230014496
1043.0 0.0006461661087087123
1044.0 0.0007369933427980868
1045.0 0.0008278206223621964
1046.0 0.0007578174518130254
1047.0 0.0006878143267385894
1048.0 0.0006500251402030699
1049.0 0.0006122360900917556
1050.0 0.000781666130933445
1051.0 0.0009510961717751343
1052.0 0.0009883237908070441
1053.0 0.0010255511369905435
1054.0 0.0009984972166421358
1055.0 0.000971443296293728
1056.0 0.0009361671800434124
1057.0 0.0009008909728436265
1058.0 0.001092029833671404
1059.0 0.0012831685126002412
1060.0 0.0011900995559699368
1061.0 0.0010970305083901621
1062.0 0.0011179777175129857
1063.0 0.0011389247447368689
1064.0 0.0013314253010321409
1065.0 0.0015239258573274128
1066.0 0.00183314459718531
1067.0 0.002142363155144267
1068.0 0.002129113818227779
1069.0 0.0021158641175134107
1070.0 0.0022173826437210664
1071.0 0.0023189013518276624
1072.0 0.0022265863663051277
1073.0 0.0021342715626815334
1074.0 0.0021318866856745444
1075.0 0.0021295014448696747
1076.0 0.002377219789195806
1077.0 0.0026249379516229965
1078.0 0.0029825714591424912
1079.0 0.0033402047847630456
1080.0 0.0036758352507604286
1081.0 0.004011465352959931
1082.0 0.004126616477151401
1083.0 0.004241767601342872
1084.0 0.004151207394897938
1085.0 0.004060646824655123
1086.0 0.004281871224520728
1087.0 0.004503095260588452
1088.0 0.004082652230863459
1089.0 0.0036622092011384666
1090.0 0.0030002671337570064
1091.0 0.002338325430173427
1092.0 0.0031115650926949456
1093.0 0.0038848047552164644
1094.0 0.003399364140932448
1095.0 0.002913923526648432
1096.0 0.0030678678740514442
1097.0 0.003221812585252337
1098.0 0.0029714339689235203
1099.0 0.0027210553525947034
1100.0 0.002321986721653957
1101.0 0.0019229177269153297
