lsstCam/transmission_filter_detector/r32_s20/z_20/19700101T000000.ecsv
# %ECSV 1.0
# ---
# datatype:
# - {name: wavelength, unit: nm, datatype: float32}
# - {name: efficiency, unit: '%', datatype: float64}
# meta: !!omap
# - {MODE: DETECTOR}
# - {TYPE: transmission_filter_detector}
# - {CALIBDATE: '1970-01-01T00:00:00'}
# - {INSTRUME: LSSTCam}
# - {OBSTYPE: transmission_filter_detector}
# - {CALIBCLS: lsst.ip.isr.IntermediateFilterDetectorTransmissionCurve}
# - {SOURCE: Materion (DM-46256)}
# - {DETECTOR: 141}
# - {FILTER: z_20}
# - {CALIB_ID: 'calibDate=1970-01-01T00:00:00 filter=z_20 detector=141'}
# - {DATE: '2025-04-02T15:59:49.293329'}
# - {CALIB_CREATION_DATE: '2025-04-02'}
# - {CALIB_CREATION_TIME: '15:59:49'}
# - __serialized_columns__:
#     efficiency:
#       __class__: astropy.units.quantity.Quantity
#       unit: !astropy.units.Unit {unit: '%'}
#       value: !astropy.table.SerializedColumn {name: efficiency}
#     wavelength:
#       __class__: astropy.units.quantity.Quantity
#       unit: !astropy.units.Unit {unit: nm}
#       value: !astropy.table.SerializedColumn {name: wavelength}
# schema: astropy-2.0
wavelength efficiency
300.0 0.37956617306917906
301.0 0.3290102118626237
302.0 0.27845422737300396
303.0 0.23198716808110476
304.0 0.18552009714767337
305.0 0.17143299337476492
306.0 0.1573458779603243
307.0 0.14818015042692423
308.0 0.139014411251992
309.0 0.13233083300292492
310.0 0.12564724311232567
311.0 0.11564107844606042
312.0 0.10563492542132735
313.0 0.09815633529797196
314.0 0.09067775681614876
315.0 0.08496504160575569
316.0 0.07925231475383043
317.0 0.0736425630748272
318.0 0.06803281139582396
319.0 0.06471071392297745
320.0 0.06138862227089703
321.0 0.05946329329162836
322.0 0.05753797013312578
323.0 0.05486633162945509
324.0 0.0521946931257844
325.0 0.04938363563269377
326.0 0.04657257231883705
327.0 0.04192079068161547
328.0 0.03726901195477694
329.0 0.037154025631025434
330.0 0.037039039307273924
331.0 0.03561917110346258
332.0 0.03419930289965123
333.0 0.030447239987552166
334.0 0.026695179985836148
335.0 0.025899845059029758
336.0 0.025104513042606413
337.0 0.02046261797659099
338.0 0.015820725820958614
339.0 0.01746539492160082
340.0 0.01911006693262607
341.0 0.017463947006035596
342.0 0.015817828534636647
343.0 0.015771888138260692
344.0 0.015725947741884738
345.0 0.014450846356339753
346.0 0.013175740605220199
347.0 0.013353786198422313
348.0 0.013531830336432904
349.0 0.013476828462444246
350.0 0.013421826588455588
351.0 0.01238510012626648
352.0 0.011348376574460417
353.0 0.011454209015937522
354.0 0.011560043640201911
355.0 0.01145798887591809
356.0 0.01135593411163427
357.0 0.011025723506463692
358.0 0.01069551071850583
359.0 0.010381695756223053
360.0 0.010067880793940276
361.0 0.010225551523035392
362.0 0.010383223707322031
363.0 0.010148608998861164
364.0 0.009913993562804535
365.0 0.009787111048353836
366.0 0.009660229261498898
367.0 0.008993904339149594
368.0 0.008327577961608768
369.0 0.008654352859593928
370.0 0.008981127029983327
371.0 0.008769211126491427
372.0 0.00855729595059529
373.0 0.00817314867163077
374.0 0.0077890013926662505
375.0 0.006420772115234286
376.0 0.005052543201600201
377.0 0.004947683191858232
378.0 0.004842822818318382
379.0 0.005102252180222422
380.0 0.005361681542126462
381.0 0.005233893898548558
382.0 0.005106106254970655
383.0 0.004869317126576789
384.0 0.004632527998182923
385.0 0.004492113657761365
386.0 0.004351699317339808
387.0 0.004447445462574251
388.0 0.004543191607808694
389.0 0.004521354640019126
390.0 0.004499518036027439
391.0 0.004186152727925219
392.0 0.0038727874198229983
393.0 0.0038802674680482596
394.0 0.00388774715247564
395.0 0.0036952180380467325
396.0 0.0035026892874157056
397.0 0.0036580240703187883
398.0 0.003813358853221871
399.0 0.003912268948624842
400.0 0.004011178680229932
401.0 0.004847595118917525
402.0 0.005684011193807237
403.0 0.005116090687806718
404.0 0.004548169454210438
405.0 0.004466904283617623
406.0 0.004385638385429047
407.0 0.0041954896005336195
408.0 0.004005341179436073
409.0 0.003878341885865666
410.0 0.0037513425922952592
411.0 0.00442700220446568
412.0 0.005102662180433981
413.0 0.004929643182549626
414.0 0.004756624548463151
415.0 0.004501069997786544
416.0 0.004245515810907818
417.0 0.003291666871518828
418.0 0.002337818114028778
419.0 0.0028277028832235374
420.0 0.0033175874705193564
421.0 0.0026396008252049796
422.0 0.001961614179890603
423.0 0.0026769044779939577
424.0 0.0033921947760973126
425.0 0.0033955329854507
426.0 0.0033988711948040873
427.0 0.003092368569923565
428.0 0.0027858655812451616
429.0 0.002242789378215093
430.0 0.001699713357083965
431.0 0.0018435037418385036
432.0 0.001987294126593042
433.0 0.002228000266768504
434.0 0.0024687064069439657
435.0 0.0032101699616760015
436.0 0.003951632970711216
437.0 0.0030822164262644947
438.0 0.002212799336120952
439.0 0.002119345845130738
440.0 0.0020258921722415835
441.0 0.001998993320739828
442.0 0.0019720942873391323
443.0 0.0019777671695919707
444.0 0.0019834402337437496
445.0 0.0016769128706073388
446.0 0.0013703855074709281
447.0 0.0017099424439948052
448.0 0.0020494993805186823
449.0 0.0021392559574451298
450.0 0.0022290121705736965
451.0 0.0020126533854636364
452.0 0.0017962944184546359
453.0 0.002289723852300085
454.0 0.0027831529223476537
455.0 0.002424705417070072
456.0 0.0020662577298935503
457.0 0.0015665478713344783
458.0 0.001066837921825936
459.0 0.00136569769892958
460.0 0.001664557566982694
461.0 0.0013759002285951283
462.0 0.0010872427992580924
463.0 0.0011712802006513812
464.0 0.0012553175110951997
465.0 0.0011749189980037045
466.0 0.001094520393962739
467.0 0.0010063035915663932
468.0 0.0009180867891700473
469.0 0.0010640736945788376
470.0 0.0012100606909370981
471.0 0.0011838656973850448
472.0 0.0011576707038329914
473.0 0.0012756742762576323
474.0 0.0013936778486822732
475.0 0.001429863095836481
476.0 0.0014660481610917486
477.0 0.001295504262088798
478.0 0.0011249605449847877
479.0 0.0014720325452799443
480.0 0.0018191049093729816
481.0 0.0015492831153096631
482.0 0.0012794612302968744
483.0 0.0011289344911347143
484.0 0.000978407661023084
485.0 0.0014341610949486494
486.0 0.001889914710773155
487.0 0.0014907993318047374
488.0 0.00109168404378579
489.0 0.0012250824511284009
490.0 0.001358480949420482
491.0 0.0013909177141613327
492.0 0.0014233544789021835
493.0 0.001553039146529045
494.0 0.0016827238141559064
495.0 0.001551864443172235
496.0 0.0014210053450369742
497.0 0.0015765081116114743
498.0 0.0017320107872365043
499.0 0.0018802127669914626
500.0 0.0020284145648474805
501.0 0.0016736306861275807
502.0 0.0013188464436098002
503.0 0.0011911247383977752
504.0 0.0010634028512868099
505.0 0.0015278888895409182
506.0 0.0019923743820982054
507.0 0.001683770096860826
508.0 0.0013751657206739765
509.0 0.0011871365131810308
510.0 0.0009991069418902043
511.0 0.0010486020073585678
512.0 0.0010980967090290505
513.0 0.0013410628525889479
514.0 0.001584028905199375
515.0 0.0014543945326295216
516.0 0.0013247603419586085
517.0 0.0011297762284812052
518.0 0.0009347922059532721
519.0 0.0013081339602649678
520.0 0.0016814756236271933
521.0 0.0018069129509967752
522.0 0.001932350278366357
523.0 0.0015532352335867472
524.0 0.0011741198250092566
525.0 0.0011418795111239888
526.0 0.0011096391062892508
527.0 0.0011611832633207086
528.0 0.0012127273294026963
529.0 0.0011883220395247918
530.0 0.0011639168405963574
531.0 0.0012903586139145773
532.0 0.0014168004781822674
533.0 0.0014668180483567994
534.0 0.0015168355275818612
535.0 0.001628324025659822
536.0 0.0017398126146872528
537.0 0.0016178557416424155
538.0 0.0014958990504965186
539.0 0.0012064944712619763
540.0 0.000917089892027434
541.0 0.0010709994967328385
542.0 0.0012249089195393026
543.0 0.0010123068022949155
544.0 0.0007997045941010583
545.0 0.001333849286311306
546.0 0.0018679938875720836
547.0 0.0017440619558328763
548.0 0.0016201298421947286
549.0 0.0017906892026076093
550.0 0.0019612487449194305
551.0 0.0017980886696022935
552.0 0.0016349285942851566
553.0 0.0018250320863444358
554.0 0.0020151357603026554
555.0 0.001890929888759274
556.0 0.0017667238353169523
557.0 0.001389905264659319
558.0 0.0010130868759006262
559.0 0.001164837522082962
560.0 0.0013165882592147682
561.0 0.0011683230695780367
562.0 0.0010200578799413051
563.0 0.0013144588592695072
564.0 0.0016088599295471795
565.0 0.0017397049305145629
566.0 0.0018705501133808866
567.0 0.0020735771613544784
568.0 0.0022766042093280703
569.0 0.00248420092248125
570.0 0.0026917979994323105
571.0 0.0026480174710741267
572.0 0.002604237124614883
573.0 0.002345275970583316
574.0 0.0020863146346528083
575.0 0.0019395072740735486
576.0 0.0017926997315953486
577.0 0.001911051367642358
578.0 0.002029402821790427
579.0 0.0019590033843996935
580.0 0.00188860394700896
581.0 0.0019020126273971982
582.0 0.0019154213077854365
583.0 0.0016658645108691417
584.0 0.001416307804902317
585.0 0.001864216937974561
586.0 0.002312125980097335
587.0 0.0020782901628990658
588.0 0.0018444541638018563
589.0 0.0019912607967853546
590.0 0.002138067429768853
591.0 0.0017720502000884153
592.0 0.0014060327885090373
593.0 0.0012345041795924772
594.0 0.001062975570675917
595.0 0.0009571569535182789
596.0 0.0008513382454111706
597.0 0.0007443675258400617
598.0 0.0006373968517436879
599.0 0.0007762404493405484
600.0 0.0009150839105132036
601.0 0.000840610755403759
602.0 0.0007661375093448441
603.0 0.0011691524377965834
604.0 0.0015721670933999121
605.0 0.0011664874364214484
606.0 0.0007608073246956337
607.0 0.0008001432433957234
608.0 0.0008394793439947534
609.0 0.0007826387445675209
610.0 0.0007257981906150235
611.0 0.0010598286280583125
612.0 0.001393858838127926
613.0 0.001310707284574164
614.0 0.0012275559129193425
615.0 0.0012323678674874827
616.0 0.001237179822055623
617.0 0.00144269752127002
618.0 0.0016482154023833573
619.0 0.0016946820323937573
620.0 0.001741149026202038
621.0 0.0014917863154551014
622.0 0.0012424237866071053
623.0 0.001290745785809122
624.0 0.0013390677850111388
625.0 0.001561077260703314
626.0 0.001783086554496549
627.0 0.0019163860997650772
628.0 0.002049685463134665
629.0 0.002054924516414758
630.0 0.0020601633877959102
631.0 0.002189729639212601
632.0 0.002319295708730351
633.0 0.0028071284759789705
634.0 0.0032949614251265302
635.0 0.005751186108682305
636.0 0.008207411883631721
637.0 0.015124495257623494
638.0 0.022041579359211028
639.0 0.019815155246760696
640.0 0.017588731134310365
641.0 0.015353478374890983
642.0 0.013118227070663124
643.0 0.009546917863190174
644.0 0.005975610110908747
645.0 0.006062667671358213
646.0 0.006149725231807679
647.0 0.005833441173308529
648.0 0.005517157114809379
649.0 0.004433363938005641
650.0 0.0033495707612019032
651.0 0.003505532004055567
652.0 0.0036614928831113502
653.0 0.003021453994733747
654.0 0.002381415106356144
655.0 0.002387803942838218
656.0 0.002394192597421352
657.0 0.002489589314791374
658.0 0.0025849858502624556
659.0 0.002366826265642885
660.0 0.0021486666810233146
661.0 0.002347647568967659
662.0 0.0025466284569120035
663.0 0.0021008338080719113
664.0 0.0016550391592318192
665.0 0.0016027954188757576
666.0 0.001550551678519696
667.0 0.0015732272004242986
668.0 0.0015959029042278416
669.0 0.0014928868040442467
670.0 0.0013898705219617113
671.0 0.0012186818821646739
672.0 0.0010474931514181662
673.0 0.0013166606549930293
674.0 0.001585828431416303
675.0 0.001327875997958472
676.0 0.001069923564500641
677.0 0.0013626398867927492
678.0 0.0016553562090848573
679.0 0.0016900825357879512
680.0 0.0017248092262889259
681.0 0.0019773693566094153
682.0 0.002229929668828845
683.0 0.0025372484742547385
684.0 0.0028445674615795724
685.0 0.0027029864213545807
686.0 0.0025614051992306486
687.0 0.0024400917027378455
688.0 0.0023187782062450424
689.0 0.0022127514966996387
690.0 0.0021067251509521157
691.0 0.002113716436724644
692.0 0.0021207077224971727
693.0 0.002532349753892049
694.0 0.0029439917852869257
695.0 0.003380450652912259
696.0 0.0038169091567397118
697.0 0.0038101708923932165
698.0 0.0038034322642488405
699.0 0.005483539644046687
700.0 0.007163647387642413
701.0 0.0071584297984372824
702.0 0.007153212936827913
703.0 0.006514627602882683
704.0 0.005876042996533215
705.0 0.004864999937126413
706.0 0.0038539572415174916
707.0 0.0035192952054785565
708.0 0.0031846331694396213
709.0 0.0037468817026820034
710.0 0.004309130599722266
711.0 0.004100691148778424
712.0 0.003892252061632462
713.0 0.0031949937692843378
714.0 0.002497735658835154
715.0 0.0024800747269182466
716.0 0.002462413613102399
717.0 0.0022798023564973846
718.0 0.0020971910998923704
719.0 0.002001312532229349
720.0 0.0019054339645663276
721.0 0.002299515836057253
722.0 0.0026935977075481787
723.0 0.0026122284907614812
724.0 0.0025308596377726644
725.0 0.0019864843125105835
726.0 0.0014421090781979728
727.0 0.0014379378626472317
728.0 0.0014337665561470203
729.0 0.0013089481399219949
730.0 0.001184129541798029
731.0 0.0009538250196783338
732.0 0.0007235204520839034
733.0 0.001005428839562228
734.0 0.0012873371815658174
735.0 0.0012423214684531558
736.0 0.001197305664391024
737.0 0.0013324109204404522
738.0 0.0014675163583888207
739.0 0.0014272675798565615
740.0 0.0013870188013243023
741.0 0.0012249181963852607
742.0 0.0010628175004967488
743.0 0.0012708333997579757
744.0 0.0014788492080697324
745.0 0.0018634800653671846
746.0 0.0022481111955130473
747.0 0.0022204569177119993
748.0 0.0021928028218098916
749.0 0.0028439246307243593
750.0 0.0034950466215377674
751.0 0.0030892264476278797
752.0 0.0026834060918190517
753.0 0.00266373717749957
754.0 0.0026440682631800883
755.0 0.002363765270274598
756.0 0.0020834620954701677
757.0 0.0022607766368309967
758.0 0.002438090814393945
759.0 0.0026597694159136154
760.0 0.0028814478355343454
761.0 0.004516422268352471
762.0 0.006151396519271657
763.0 0.005718028114642948
764.0 0.005284658254822716
765.0 0.0046970082621555775
766.0 0.004109357178094797
767.0 0.004111529415240511
768.0 0.004113701288588345
769.0 0.0049458587454864755
770.0 0.005778016566182487
771.0 0.004791488754563034
772.0 0.003804961306741461
773.0 0.0038902748201508075
774.0 0.003975587969762273
775.0 0.057152274530380964
776.0 1.5892945596715502e-10
777.0 1.5892945596715502e-10
778.0 1.5892945596715502e-10
779.0 0.11203648755326867
780.0 0.053335155826061964
781.0 0.06555656436830759
782.0 0.1443773740902543
783.0 1.5892945596715502e-10
784.0 1.5892945596715502e-10
785.0 1.5892945596715502e-10
786.0 1.5892945596715502e-10
787.0 0.06589821423403919
788.0 0.056548352586105466
789.0 1.5892945596715502e-10
790.0 0.13058328768238425
791.0 0.017957776435650885
792.0 0.03437833511270583
793.0 0.14615211402997375
794.0 0.005978997069178149
795.0 0.05347393453121185
796.0 1.5892945596715502e-10
797.0 0.10015201987698674
798.0 0.11317956959828734
799.0 0.005136171239428222
800.0 0.09147688979282975
801.0 0.4242165479809046
802.0 0.4617455881088972
803.0 0.8228586055338383
804.0 1.2729167006909847
805.0 2.2029535844922066
806.0 3.442224860191345
807.0 5.302008241415024
808.0 7.159318029880524
809.0 9.661553800106049
810.0 12.596987187862396
811.0 15.756452083587646
812.0 18.869642913341522
813.0 21.939733624458313
814.0 24.502860009670258
815.0 28.364276885986328
816.0 32.984358072280884
817.0 38.33723962306976
818.0 43.98801922798157
819.0 49.925532937049866
820.0 57.34018087387085
821.0 65.09872078895569
822.0 71.3076651096344
823.0 77.30886936187744
824.0 82.64561891555786
825.0 88.29852342605591
826.0 91.26737117767334
827.0 94.61178779602051
828.0 97.29087352752686
829.0 98.34161400794983
830.0 98.70361685752869
831.0 99.39789175987244
832.0 98.77867102622986
833.0 99.39128160476685
834.0 98.28951358795166
835.0 99.35096502304077
836.0 99.2771565914154
837.0 99.4321882724762
838.0 98.42654466629028
839.0 98.77852201461792
840.0 98.66565465927124
841.0 99.4580864906311
842.0 99.59439635276794
843.0 99.94478821754456
844.0 98.60634803771973
845.0 98.54735136032104
846.0 99.10730123519897
847.0 98.91427755355835
848.0 99.88826513290405
849.0 98.65859150886536
850.0 98.35578203201294
851.0 99.27624464035034
852.0 99.03474450111389
853.0 98.6880362033844
854.0 99.99531507492065
855.0 98.24029207229614
856.0 98.95541667938232
857.0 97.82813787460327
858.0 98.88134002685547
859.0 99.49914216995239
860.0 98.95449876785278
861.0 98.91943335533142
862.0 98.79012107849121
863.0 98.40112924575806
864.0 99.43103194236755
865.0 99.59121346473694
866.0 98.99295568466187
867.0 99.47847723960876
868.0 99.83476996421814
869.0 98.99542927742004
870.0 98.17558526992798
871.0 98.87369871139526
872.0 99.43844676017761
873.0 99.34444427490234
874.0 99.77065324783325
875.0 99.24613833427429
876.0 98.94527196884155
877.0 99.6171772480011
878.0 99.46616291999817
879.0 98.73981475830078
880.0 98.76519441604614
881.0 100.1355767250061
882.0 99.2118239402771
883.0 98.70978593826294
884.0 99.37824010848999
885.0 99.0933358669281
886.0 98.878413438797
887.0 98.69958758354187
888.0 99.16738271713257
889.0 99.64445233345032
890.0 98.1322705745697
891.0 99.57146644592285
892.0 98.80107641220093
893.0 98.63210916519165
894.0 98.20035099983215
