lsstCam/transmission_filter_detector/r32_s20/z_20/19700101T000000.ecsv
# %ECSV 1.0
# ---
# datatype:
# - {name: wavelength, unit: nm, datatype: float32}
# - {name: efficiency, unit: '%', datatype: float64}
# meta: !!omap
# - {MODE: DETECTOR}
# - {TYPE: transmission_filter_detector}
# - {CALIBDATE: '1970-01-01T00:00:00'}
# - {INSTRUME: LSSTCam}
# - {OBSTYPE: transmission_filter_detector}
# - {CALIBCLS: lsst.ip.isr.IntermediateFilterDetectorTransmissionCurve}
# - {SOURCE: Materion (DM-46256)}
# - {DETECTOR: 141}
# - {FILTER: z_20}
# - {CALIB_ID: 'calibDate=1970-01-01T00:00:00 filter=z_20 detector=141'}
# - {DATE: '2025-04-02T15:59:49.293329'}
# - {CALIB_CREATION_DATE: '2025-04-02'}
# - {CALIB_CREATION_TIME: '15:59:49'}
# - __serialized_columns__:
#     efficiency:
#       __class__: astropy.units.quantity.Quantity
#       unit: !astropy.units.Unit {unit: '%'}
#       value: !astropy.table.SerializedColumn {name: efficiency}
#     wavelength:
#       __class__: astropy.units.quantity.Quantity
#       unit: !astropy.units.Unit {unit: nm}
#       value: !astropy.table.SerializedColumn {name: wavelength}
# schema: astropy-2.0
wavelength efficiency
[from data line 596]
896.0 99.15652275085449
897.0 99.08437132835388
898.0 98.82067441940308
899.0 98.68198037147522
900.0 98.94413948059082
901.0 99.27366375923157
902.0 99.26661849021912
903.0 98.96919131278992
904.0 97.88406491279602
905.0 98.57849478721619
906.0 98.3960211277008
907.0 99.15009140968323
908.0 98.32565188407898
909.0 98.22690486907959
910.0 98.07725548744202
911.0 96.97062969207764
912.0 96.03492617607117
913.0 95.10122537612915
914.0 92.67897605895996
915.0 90.25427103042603
916.0 88.33478689193726
917.0 86.81215047836304
918.0 83.18235874176025
919.0 82.18655586242676
920.0 79.39490675926208
921.0 75.71772933006287
922.0 71.35627269744873
923.0 65.66993594169617
924.0 60.121411085128784
925.0 54.804569482803345
926.0 48.72448444366455
927.0 42.00904965400696
928.0 36.132264137268066
929.0 29.830867052078247
930.0 24.199625849723816
931.0 19.099128246307373
932.0 13.529479503631592
933.0 9.196750074625015
934.0 5.819939449429512
935.0 3.5975370556116104
936.0 2.1960262209177017
937.0 1.3436862267553806
938.0 0.720051396638155
939.0 0.3853071480989456
940.0 0.350843439809978
941.0 0.2232952043414116
942.0 0.11065427679568529
943.0 0.032074921182356775
944.0 0.1485911081545055
945.0 1.5892945596715502e-10
946.0 0.03624806413426995
947.0 0.02724768710322678
948.0 1.5892945596715502e-10
949.0 0.022768904455006123
950.0 0.012898666318506002
951.0 0.022664800053462386
952.0 1.5892945596715502e-10
953.0 0.048586176126264036
954.0 0.10113922180607915
955.0 1.5892945596715502e-10
956.0 1.5892945596715502e-10
957.0 0.006448522617574781
958.0 0.011330549750709906
959.0 0.07501580403186381
960.0 0.0005371846327761887
961.0 1.5892945596715502e-10
962.0 0.06353385397233069
963.0 0.01867756072897464
964.0 0.041421627975068986
965.0 1.5892945596715502e-10
966.0 1.5892945596715502e-10
967.0 0.06565749063156545
968.0 1.5892945596715502e-10
969.0 0.020059077360201627
970.0 1.5892945596715502e-10
971.0 1.5892945596715502e-10
972.0 1.5892945596715502e-10
973.0 1.5892945596715502e-10
974.0 1.5892945596715502e-10
975.0 1.5892945596715502e-10
976.0 0.006249498255783692
977.0 0.006140059849712998
978.0 0.006030621443642303
979.0 0.005911123298574239
980.0 0.005791625153506175
981.0 0.005675294960383326
982.0 0.005558964403462596
983.0 0.0053874020522926
984.0 0.005215839337324724
985.0 0.0051429695304250345
986.0 0.005070099359727465
987.0 0.005043234341428615
988.0 0.005016368959331885
989.0 0.00496544198540505
990.0 0.0049145150114782155
991.0 0.004771010935655795
992.0 0.004627507223631255
993.0 0.004708507185569033
994.0 0.004789507147506811
995.0 0.004595396967488341
996.0 0.004401286787469871
997.0 0.004469960549613461
998.0 0.00453863394795917
999.0 0.004576232458930463
1000.0 0.004613831333699636
1001.0 0.004423953214427456
1002.0 0.004234075095155276
1003.0 0.004236706445226446
1004.0 0.004239337795297615
1005.0 0.004216868546791375
1006.0 0.004194399662083015
1007.0 0.004182010525255464
1008.0 0.0041696210246300325
1009.0 0.0042841071262955666
1010.0 0.004398593591758981
1011.0 0.004203397111268714
1012.0 0.004008200266980566
1013.0 0.004143232217757031
1014.0 0.0042782641685334966
1015.0 0.004230248305248097
1016.0 0.004182232805760577
1017.0 0.004229522164678201
1018.0 0.004276811523595825
1019.0 0.004342269312473945
1020.0 0.004407727101352066
1021.0 0.00434267712989822
1022.0 0.004277626794646494
1023.0 0.004393281778902747
1024.0 0.00450893712695688
1025.0 0.004363930565887131
1026.0 0.004218924732413143
1027.0 0.004431171691976488
1028.0 0.004643419015337713
1029.0 0.004633817661670037
1030.0 0.00462421630800236
1031.0 0.004534272738965228
1032.0 0.004444329533725977
1033.0 0.004603391425916925
1034.0 0.004762453318107873
1035.0 0.004911994983558543
1036.0 0.005061536285211332
1037.0 0.005221545507083647
1038.0 0.005381554728955962
1039.0 0.005390141814132221
1040.0 0.0053987285355106
1041.0 0.0053041017963550985
1042.0 0.005209475420997478
1043.0 0.0055247357522603124
1044.0 0.0058399964473210275
1045.0 0.005971834616502747
1046.0 0.006103672785684466
1047.0 0.006025544280419126
1048.0 0.005947416138951667
1049.0 0.006091974864830263
1050.0 0.00623653395450674
1051.0 0.006478706927737221
1052.0 0.006720879900967702
1053.0 0.006915063568158075
1054.0 0.007109245052561164
1055.0 0.007013295544311404
1056.0 0.006917344580870122
1057.0 0.0073130198870785534
1058.0 0.007708695920882747
1059.0 0.008059437823249027
1060.0 0.008410179725615308
1061.0 0.008334907033713534
1062.0 0.008259635069407523
1063.0 0.008644987246952951
1064.0 0.009030340879689902
1065.0 0.009171741112368181
1066.0 0.009313139889854938
1067.0 0.00965870640357025
1068.0 0.0100042721896898
1069.0 0.010126855340786278
1070.0 0.010249436309095472
1071.0 0.010416028089821339
1072.0 0.010582619142951444
1073.0 0.010621402907418087
1074.0 0.010660188127076253
1075.0 0.010972176096402109
1076.0 0.011284163338132203
1077.0 0.011770217679440975
1078.0 0.012256272020749748
1079.0 0.012483882892411202
1080.0 0.012711492308881134
1081.0 0.013656611554324627
1082.0 0.014601733710151166
1083.0 0.014596845721825957
1084.0 0.014591956278309226
1085.0 0.014632918464485556
1086.0 0.014673882105853409
1087.0 0.014897481014486402
1088.0 0.015121081378310919
1089.0 0.01509694557171315
1090.0 0.015072811220306903
1091.0 0.01654758962104097
1092.0 0.01802236947696656
1093.0 0.01786464999895543
1094.0 0.017706930520944297
1095.0 0.01782023173291236
1096.0 0.017933531489688903
1097.0 0.019084832456428558
1098.0 0.020236133423168212
1099.0 0.020719868189189583
1100.0 0.02120360150001943
1101.0 0.0226392803597264
1102.0 0.024074959219433367
1103.0 0.02451969776302576
1104.0 0.0249644392170012
1105.0 0.024760453379713
1106.0 0.024556470452807844
1107.0 0.025846491917036474
1108.0 0.02713651629164815
1109.0 0.028087591635994613
1110.0 0.029038666980341077
1111.0 0.029606741736643016
1112.0 0.030174822313711047
1113.0 0.029970440664328635
1114.0 0.029766061925329268
1115.0 0.030454527586698532
1116.0 0.031142993248067796
1117.0 0.032565221772529185
1118.0 0.03398745320737362
1119.0 0.03465812769718468
1120.0 0.0353287992766127
1121.0 0.03759819082915783
1122.0 0.039867585292086005
1123.0 0.04120748781133443
1124.0 0.0425473932409659
1125.0 0.04408614186104387
1126.0 0.04562489048112184
1127.0 0.04588531737681478
1128.0 0.04614574718289077
1129.0 0.051317666657269
1130.0 0.05648958031088114
1131.0 0.05903231794945896
1132.0 0.061575049767270684
1133.0 0.060923059936612844
1134.0 0.060271070105955005
1135.0 0.06710257730446756
1136.0 0.0739340961445123
1137.0 0.077898328891024
1138.0 0.08186256745830178
1139.0 0.08695936412550509
1140.0 0.09205614915117621
1141.0 0.10906965471804142
1142.0 0.12608314864337444
1143.0 0.20152057986706495
1144.0 0.2769580576568842
1145.0 0.6365091074258089
1146.0 0.9960600174963474
1147.0 1.397143304347992
1148.0 1.798226311802864
1149.0 1.7553413286805153
1150.0 1.7124556005001068
