ts8/qe_curves/rtm-018_s20/19700101T000000.ecsv
# %ECSV 0.9
# ---
# datatype:
# - {name: amp_name, datatype: string}
# - {name: wavelength, unit: nm, datatype: float32}
# - {name: efficiency, unit: '%', datatype: float32}
# meta: !!omap
# - {MODE: AMP}
# - {TYPE: QE}
# - {CALIBDATE: '1970-01-01T00:00:00'}
# - {INSTRUME: TS8}
# - {OBSTYPE: qe_curves}
# - {DETECTOR: 222}
# - {PICKLEFILE: RaftRun12120.p}
# - {CALIB_ID: 'raftName=RTM-018 detectorName=S20 detector=222 calibDate=1970-01-01T00:00:00 ccd=222 ccdnum=222 filter=None'}
# - {DATE: '2020-01-23T23:10:54.049271'}
# - {CALIB_CREATION_DATE: '2020-01-23'}
# - {CALIB_CREATION_TIME: '23:10:54'}
# - __serialized_columns__:
#     efficiency:
#       __class__: astropy.units.quantity.Quantity
#       unit: !astropy.units.Unit {unit: '%'}
#       value: !astropy.table.SerializedColumn {name: efficiency}
#     wavelength:
#       __class__: astropy.units.quantity.Quantity
#       unit: !astropy.units.Unit {unit: nm}
#       value: !astropy.table.SerializedColumn {name: wavelength}
# schema: astropy-2.0
amp_name wavelength efficiency
C02 319.994 48.533478
C02 324.969 50.557556
C02 349.982 60.53472
C02 374.975 73.08446
C02 400.019 82.96296
C02 424.965 84.43176
C02 450.035 84.016075
C02 475.003 85.37482
C02 500.018 84.83101
C02 525.002 85.571884
C02 550.029 87.576904
C02 575.023 89.9748
C02 599.982 91.00291
C02 619.997 92.38505
C02 624.979 92.686485
C02 650.012 93.57034
C02 675.004 94.87958
C02 700.03 96.43993
C02 725.012 97.15832
C02 750.022 98.22322
C02 774.987 99.708984
C02 799.976 99.39682
C02 824.988 99.439354
C02 850.022 98.63487
C02 869.967 97.049255
C02 875.002 96.12929
C02 899.999 91.00945
C02 919.999 84.1123
C02 925.012 81.41481
C02 949.965 70.612366
C02 975.002 55.661762
C02 999.976 38.609497
C02 1025.028 21.739923
C02 1050.014 10.060389
C02 1075.002 6.04807
C02 1099.99 4.088009
C00 319.994 48.35674
C00 324.969 50.368893
C00 349.982 60.405624
C00 374.975 73.23402
C00 400.019 83.16839
C00 424.965 84.59939
C00 450.035 84.19812
C00 475.003 85.62924
C00 500.018 85.10175
C00 525.002 85.80371
C00 550.029 87.701164
C00 575.023 89.94471
C00 599.982 90.849464
C00 619.997 92.158325
C00 624.979 92.44819
C00 650.012 93.281845
C00 675.004 94.569
C00 700.03 96.09194
C00 725.012 96.73093
C00 750.022 97.68988
C00 774.987 99.06774
C00 799.976 98.733475
C00 824.988 98.814285
C00 850.022 97.9994
C00 869.967 96.41088
C00 875.002 95.49506
C00 899.999 90.45077
C00 919.999 83.82819
C00 925.012 81.19406
C00 949.965 70.34953
C00 975.002 55.162792
C00 999.976 38.17067
C00 1025.028 21.519571
C00 1050.014 9.933052
C00 1075.002 5.9410467
C00 1099.99 4.00003
C13 319.994 48.18599
C13 324.969 50.1955
C13 349.982 60.36277
C13 374.975 73.34066
C13 400.019 83.37731
C13 424.965 84.74669
C13 450.035 84.115585
C13 475.003 85.28202
C13 500.018 84.66392
C13 525.002 85.401726
C13 550.029 87.49008
C13 575.023 90.00726
C13 599.982 91.15954
C13 619.997 92.61564
C13 624.979 92.93299
C13 650.012 93.877075
C13 675.004 95.19854
C13 700.03 96.70967
C13 725.012 97.27233
C13 750.022 98.06856
C13 774.987 99.317535
C13 799.976 98.86659
C13 824.988 98.91926
C13 850.022 97.94584
C13 869.967 96.192276
C13 875.002 95.27246
C13 899.999 90.46898
C13 919.999 83.94347
C13 925.012 81.36017
C13 949.965 70.478806
C13 975.002 55.239906
C13 999.976 37.93316
C13 1025.028 21.253714
C13 1050.014 10.02584
C13 1075.002 5.917106
C13 1099.99 3.9924212
C03 319.994 48.401054
C03 324.969 50.40365
C03 349.982 60.41334
C03 374.975 73.195625
C03 400.019 83.22542
C03 424.965 84.71434
C03 450.035 84.25432
C03 475.003 85.57147
C03 500.018 84.988174
C03 525.002 85.69287
C03 550.029 87.688416
C03 575.023 90.073524
C03 599.982 91.10306
C03 619.997 92.48635
C03 624.979 92.78941
C03 650.012 93.67869
C03 675.004 94.99172
C03 700.03 96.5569
C03 725.012 97.29723
C03 750.022 98.369026
C03 774.987 99.88287
C03 799.976 99.57477
C03 824.988 99.61645
C03 850.022 98.80594
C03 869.967 97.20456
C03 875.002 96.277695
C03 899.999 91.12207
C03 919.999 84.196526
C03 925.012 81.49925
C03 949.965 70.66616
C03 975.002 55.70265
C03 999.976 38.612026
C03 1025.028 21.742281
C03 1050.014 10.051653
C03 1075.002 6.036779
C03 1099.99 4.090748
C14 319.994 48.505646
C14 324.969 50.54579
C14 349.982 60.735786
C14 374.975 73.47899
C14 400.019 83.3138
C14 424.965 84.63909
C14 450.035 84.053566
C14 475.003 85.27878
C14 500.018 84.69882
C14 525.002 85.44956
C14 550.029 87.530785
C14 575.023 90.02838
C14 599.982 91.15554
C14 619.997 92.59385
C14 624.979 92.90505
C14 650.012 93.827644
C14 675.004 95.13888
C14 700.03 96.64368
C14 725.012 97.20496
C14 750.022 98.02175
C14 774.987 99.2771
C14 799.976 98.83599
C14 824.988 98.873245
C14 850.022 97.898315
C14 869.967 96.13884
C14 875.002 95.22288
C14 899.999 90.3692
C14 919.999 83.81328
C14 925.012 81.231255
C14 949.965 70.37679
C14 975.002 55.13276
C14 999.976 37.87059
C14 1025.028 21.141874
C14 1050.014 9.999707
C14 1075.002 5.891594
C14 1099.99 3.979547
C07 319.994 47.533245
C07 324.969 49.448345
C07 349.982 59.358368
C07 374.975 72.767456
C07 400.019 83.36354
C07 424.965 84.99102
C07 450.035 84.4676
C07 475.003 85.673836
C07 500.018 84.97573
C07 525.002 85.58586
C07 550.029 87.50321
C07 575.023 89.84906
C07 599.982 90.87179
C07 619.997 92.260704
C07 624.979 92.56964
C07 650.012 93.48186
C07 675.004 94.831566
C07 700.03 96.425186
C07 725.012 97.16699
C07 750.022 98.240105
C07 774.987 99.737564
C07 799.976 99.448616
C07 824.988 99.51142
C07 850.022 98.665985
C07 869.967 96.965836
C07 875.002 96.028046
C07 899.999 90.81548
C07 919.999 83.90781
C07 925.012 81.24165
C07 949.965 70.364815
C07 975.002 55.21888
C07 999.976 38.19212
C07 1025.028 21.523129
C07 1050.014 9.978985
C07 1075.002 5.9043713
C07 1099.99 4.052089
C15 319.994 48.755516
C15 324.969 50.81649
C15 349.982 60.98335
C15 374.975 73.45928
C15 400.019 83.12077
C15 424.965 84.46386
C15 450.035 83.9575
C15 475.003 85.260216
C15 500.018 84.723335
C15 525.002 85.495056
C15 550.029 87.5716
C15 575.023 90.0487
C15 599.982 91.15874
C15 619.997 92.57867
C15 624.979 92.8905
C15 650.012 93.79601
C15 675.004 95.09761
C15 700.03 96.59127
C15 725.012 97.152435
C15 750.022 97.96985
C15 774.987 99.2253
C15 799.976 98.777855
C15 824.988 98.807884
C15 850.022 97.83936
C15 869.967 96.09115
C15 875.002 95.17514
C15 899.999 90.31819
C15 919.999 83.745834
C15 925.012 81.15885
C15 949.965 70.30719
C15 975.002 55.083035
C15 999.976 37.83821
C15 1025.028 21.13232
C15 1050.014 10.000663
C15 1075.002 5.874238
C15 1099.99 3.9663565
C12 319.994 47.885048
C12 324.969 49.866753
C12 349.982 59.988796
C12 374.975 73.162415
C12 400.019 83.42269
C12 424.965 84.83606
C12 450.035 84.176254
C12 475.003 85.30804
C12 500.018 84.66962
C12 525.002 85.38344
C12 550.029 87.45811
C12 575.023 89.96962
C12 599.982 91.12521
C12 619.997 92.58399
C12 624.979 92.90212
C12 650.012 93.85334
C12 675.004 95.18892
C12 700.03 96.70011
C12 725.012 97.249466
C12 750.022 98.02992
C12 774.987 99.25307
C12 799.976 98.803635
C12 824.988 98.86937
C12 850.022 97.901665
C12 869.967 96.16883
C12 875.002 95.26202
C12 899.999 90.50896
C12 919.999 84.00168
C12 925.012 81.41222
C12 949.965 70.52619
C12 975.002 55.305943
C12 999.976 37.955593
C12 1025.028 21.395184
C12 1050.014 10.076592
C12 1075.002 5.9428153
C12 1099.99 4.007563
C05 319.994 48.033535
C05 324.969 49.990376
C05 349.982 59.970776
C05 374.975 73.1481
C05 400.019 83.50081
C05 424.965 85.052345
C05 450.035 84.53929
C05 475.003 85.78755
C05 500.018 85.12947
C05 525.002 85.78049
C05 550.029 87.729996
C05 575.023 90.099686
C05 599.982 91.12609
C05 619.997 92.51183
C05 624.979 92.81869
C05 650.012 93.71628
C05 675.004 95.0501
C05 700.03 96.62539
C05 725.012 97.369125
C05 750.022 98.443565
C05 774.987 99.95618
C05 799.976 99.65471
C05 824.988 99.7093
C05 850.022 98.88934
C05 869.967 97.222824
C05 875.002 96.27332
C05 899.999 91.077354
C05 919.999 84.1614
C05 925.012 81.48333
C05 949.965 70.626686
C05 975.002 55.577263
C05 999.976 38.49673
C05 1025.028 21.619759
C05 1050.014 10.063303
C05 1075.002 6.012643
C05 1099.99 4.1135774
C04 319.994 48.140945
C04 324.969 50.115185
C04 349.982 60.098206
C04 374.975 73.074066
C04 400.019 83.24748
C04 424.965 84.76827
C04 450.035 84.28741
C04 475.003 85.573784
C04 500.018 84.95234
C04 525.002 85.62421
C04 550.029 87.58935
C04 575.023 89.94907
C04 599.982 90.96836
C04 619.997 92.349434
C04 624.979 92.64892
C04 650.012 93.540146
C04 675.004 94.85459
C04 700.03 96.42272
C04 725.012 97.16816
C04 750.022 98.23786
C04 774.987 99.75926
C04 799.976 99.450554
C04 824.988 99.50036
C04 850.022 98.684586
C04 869.967 97.060005
C04 875.002 96.12827
C04 899.999 90.954575
C04 919.999 84.03765
C04 925.012 81.34841
C04 949.965 70.50676
C04 975.002 55.548725
C04 999.976 38.487614
C04 1025.028 21.647974
C04 1050.014 10.026569
C04 1075.002 6.009939
C04 1099.99 4.0918074
C01 319.994 48.664
C01 324.969 50.694805
C01 349.982 60.633022
C01 374.975 73.05648
C01 400.019 82.85673
C01 424.965 84.33694
C01 450.035 83.97568
C01 475.003 85.40004
C01 500.018 84.88933
C01 525.002 85.64225
C01 550.029 87.633965
C01 575.023 90.004036
C01 599.982 91.00774
C01 619.997 92.37725
C01 624.979 92.679115
C01 650.012 93.55026
C01 675.004 94.8637
C01 700.03 96.410065
C01 725.012 97.10339
C01 750.022 98.13402
C01 774.987 99.57766
C01 799.976 99.25609
C01 824.988 99.30333
C01 850.022 98.491196
C01 869.967 96.910095
C01 875.002 95.98905
C01 899.999 90.899734
C01 919.999 84.06218
C01 925.012 81.37491
C01 949.965 70.509895
C01 975.002 55.49281
C01 999.976 38.4766
C01 1025.028 21.68096
C01 1050.014 10.023901
C01 1075.002 6.0122657
C01 1099.99 4.0584393
C11 319.994 47.729885
C11 324.969 49.68959
C11 349.982 59.782825
C11 374.975 73.14666
C11 400.019 83.5901
C11 424.965 85.03712
C11 450.035 84.35397
C11 475.003 85.46225
C11 500.018 84.79353
C11 525.002 85.47697
C11 550.029 87.5241
C11 575.023 90.01099
C11 599.982 91.15484
C11 619.997 92.61689
C11 624.979 92.9344
C11 650.012 93.89022
C11 675.004 95.22914
C11 700.03 96.744576
C11 725.012 97.27865
C11 750.022 98.03383
C11 774.987 99.24083
C11 799.976 98.78627
C11 824.988 98.85744
C11 850.022 97.89969
C11 869.967 96.23103
C11 875.002 95.340294
C11 899.999 90.61949
C11 919.999 84.09605
C11 925.012 81.487526
C11 949.965 70.51953
C11 975.002 55.24177
C11 999.976 37.949886
C11 1025.028 21.514053
C11 1050.014 10.157808
C11 1075.002 5.958326
C11 1099.99 4.0209656
C16 319.994 48.90267
C16 324.969 50.968544
C16 349.982 61.02373
C16 374.975 73.26899
C16 400.019 82.865814
C16 424.965 84.29974
C16 450.035 83.91624
C16 475.003 85.32678
C16 500.018 84.83873
C16 525.002 85.62192
C16 550.029 87.676575
C16 575.023 90.10961
C16 599.982 91.17088
C16 619.997 92.569954
C16 624.979 92.87645
C16 650.012 93.76851
C16 675.004 95.06495
C16 700.03 96.55408
C16 725.012 97.10121
C16 750.022 97.89713
C16 774.987 99.133484
C16 799.976 98.68405
C16 824.988 98.72311
C16 850.022 97.75542
C16 869.967 96.01614
C16 875.002 95.09675
C16 899.999 90.25968
C16 919.999 83.72524
C16 925.012 81.14384
C16 949.965 70.258026
C16 975.002 55.005383
C16 999.976 37.787273
C16 1025.028 21.077965
C16 1050.014 9.973795
C16 1075.002 5.8553224
C16 1099.99 3.9563174
C17 319.994 48.50347
C17 324.969 50.534973
C17 349.982 60.582066
C17 374.975 73.24324
C17 400.019 83.04814
C17 424.965 84.48528
C17 450.035 84.093414
C17 475.003 85.53334
C17 500.018 85.03118
C17 525.002 85.75013
C17 550.029 87.698425
C17 575.023 89.98421
C17 599.982 90.92838
C17 619.997 92.26205
C17 624.979 92.55536
C17 650.012 93.41187
C17 675.004 94.69607
C17 700.03 96.168175
C17 725.012 96.67764
C17 750.022 97.42011
C17 774.987 98.60536
C17 799.976 98.16393
C17 824.988 98.25511
C17 850.022 97.32727
C17 869.967 95.58603
C17 875.002 94.660355
C17 899.999 89.83137
C17 919.999 83.488045
C17 925.012 80.9571
C17 949.965 70.163246
C17 975.002 54.806145
C17 999.976 37.61106
C17 1025.028 20.9091
C17 1050.014 9.880906
C17 1075.002 5.818238
C17 1099.99 3.9337606
C06 319.994 47.827858
C06 324.969 49.764317
C06 349.982 59.71118
C06 374.975 73.01233
C06 400.019 83.489716
C06 424.965 85.06626
C06 450.035 84.53374
C06 475.003 85.743706
C06 500.018 85.05779
C06 525.002 85.68764
C06 550.029 87.61875
C06 575.023 89.9894
C06 599.982 91.01699
C06 619.997 92.40839
C06 624.979 92.71787
C06 650.012 93.61811
C06 675.004 94.96322
C06 700.03 96.543045
C06 725.012 97.279976
C06 750.022 98.353775
C06 774.987 99.853615
C06 799.976 99.55955
C06 824.988 99.61747
C06 850.022 98.79347
C06 869.967 97.08043
C06 875.002 96.12377
C06 899.999 90.91505
C06 919.999 84.04589
C06 925.012 81.39226
C06 949.965 70.586586
C06 975.002 55.439777
C06 999.976 38.377792
C06 1025.028 21.55046
C06 1050.014 10.057067
C06 1075.002 5.982163
C06 1099.99 4.110549
C10 319.994 47.196697
C10 324.969 49.112694
C10 349.982 59.103508
C10 374.975 72.553825
C10 400.019 83.13807
C10 424.965 84.66288
C10 450.035 83.99112
C10 475.003 85.095726
C10 500.018 84.429665
C10 525.002 85.09693
C10 550.029 87.14882
C10 575.023 89.60269
C10 599.982 90.73353
C10 619.997 92.17335
C10 624.979 92.494865
C10 650.012 93.46506
C10 675.004 94.79497
C10 700.03 96.31322
C10 725.012 96.85438
C10 750.022 97.57789
C10 774.987 98.78046
C10 799.976 98.31541
C10 824.988 98.41362
C10 850.022 97.46166
C10 869.967 95.87581
C10 875.002 95.00948
C10 899.999 90.35046
C10 919.999 83.83436
C10 925.012 81.24956
C10 949.965 70.12802
C10 975.002 54.940258
C10 999.976 37.91205
C10 1025.028 21.477997
C10 1050.014 10.128557
C10 1075.002 5.9052157
C10 1099.99 3.9751244
