lsstCam/transmission_filter_detector/r22_s10/g_6/19700101T000000.ecsv
# %ECSV 1.0
# ---
# datatype:
# - {name: wavelength, unit: nm, datatype: float32}
# - {name: efficiency, unit: '%', datatype: float64}
# meta: !!omap
# - {MODE: DETECTOR}
# - {TYPE: transmission_filter_detector}
# - {CALIBDATE: '1970-01-01T00:00:00'}
# - {INSTRUME: LSSTCam}
# - {OBSTYPE: transmission_filter_detector}
# - {CALIBCLS: lsst.ip.isr.IntermediateFilterDetectorTransmissionCurve}
# - {SOURCE: Materion (DM-46256)}
# - {DETECTOR: 93}
# - {FILTER: g_6}
# - {CALIB_ID: 'calibDate=1970-01-01T00:00:00 filter=g_6 detector=93'}
# - {DATE: '2025-04-02T15:59:42.459103'}
# - {CALIB_CREATION_DATE: '2025-04-02'}
# - {CALIB_CREATION_TIME: '15:59:42'}
# - __serialized_columns__:
#     efficiency:
#       __class__: astropy.units.quantity.Quantity
#       unit: !astropy.units.Unit {unit: '%'}
#       value: !astropy.table.SerializedColumn {name: efficiency}
#     wavelength:
#       __class__: astropy.units.quantity.Quantity
#       unit: !astropy.units.Unit {unit: nm}
#       value: !astropy.table.SerializedColumn {name: wavelength}
# schema: astropy-2.0
wavelength efficiency
[from data line 608]
908.0 0.0003885699698003009
909.0 0.000271079898084281
910.0 0.0002942334049294004
911.0 0.0003173869345118874
912.0 0.0004349251867097337
913.0 0.0005524634616449475
914.0 0.0004441693818080239
915.0 0.0003358753701832029
916.0 0.00033627018183324253
917.0 0.00033666503895801725
918.0 0.0003474406412351527
919.0 0.00035821626624965575
920.0 0.00034521340239734855
921.0 0.0003322105612824089
922.0 0.0004906255981040886
923.0 0.0006490406121884007
924.0 0.0006218400358193321
925.0 0.0005946394139755284
926.0 0.0005954198059043847
927.0 0.0005962003342574462
928.0 0.0005940923074376769
929.0 0.0005919843715673778
930.0 0.0005734370006393874
931.0 0.0005548894932871917
932.0 0.0005566530944633996
933.0 0.0005584167411143426
934.0 0.0004682437065639533
935.0 0.0003780706947509316
936.0 0.0005215742476138985
937.0 0.000665077868688968
938.0 0.0007342287972278427
939.0 0.0008033798621909227
940.0 0.000706898890712182
941.0 0.0006104177828092361
942.0 0.000808209824754158
943.0 0.0010060017302748747
944.0 0.0008265265933005139
945.0 0.0006470513199019479
946.0 0.0008405373591813259
947.0 0.0010340232620364986
948.0 0.001048950980475638
949.0 0.0010638786079653073
950.0 0.0010714329619077034
951.0 0.0010789872249006294
952.0 0.001158909344667336
953.0 0.0012388312825351022
954.0 0.0011063142665079795
955.0 0.0009737973414303269
956.0 0.000933927276491886
957.0 0.0008940573025029153
958.0 0.0009235368452209514
959.0 0.0009530165698379278
960.0 0.0008064414032560308
961.0 0.0006598659183509881
962.0 0.0007494087185477838
963.0 0.0008389514732698444
964.0 0.0007840545549697708
965.0 0.0007291575457202271
966.0 0.0006882356501591858
967.0 0.0006473137545981444
968.0 0.0006904788733663736
969.0 0.0007336439011851326
970.0 0.0006942751042515738
971.0 0.0006549062163685448
972.0 0.0008202015123970341
973.0 0.0009854968993749935
974.0 0.0009740978384797927
975.0 0.0009626988685340621
976.0 0.0009507957656751387
977.0 0.0009388929356646258
978.0 0.0009724308256409131
979.0 0.0010059688975161407
980.0 0.0011109479601145722
981.0 0.0012159272955614142
982.0 0.0011769774573622271
983.0 0.0011380278010619804
984.0 0.001196834728034446
985.0 0.0012556417459563818
986.0 0.001252010406460613
987.0 0.0012483788850659039
988.0 0.0013123230928613339
989.0 0.0013762669368588831
990.0 0.0013751122423855122
991.0 0.0013739575479121413
992.0 0.0013017207493248861
993.0 0.0012294841326365713
994.0 0.0012469557077565696
995.0 0.0012644274647755083
996.0 0.001216241616930347
997.0 0.0011680557690851856
998.0 0.0012476421034079976
999.0 0.0013272285286802799
1000.0 0.001291155604121741
1001.0 0.0012550824067147914
1002.0 0.0012912552847410552
1003.0 0.0013274279808683787
1004.0 0.001274803616979625
1005.0 0.0012221792530908715
1006.0 0.0014516320334223565
1007.0 0.0016810847228043713
1008.0 0.0016701344065950252
1009.0 0.0016591840903856792
1010.0 0.0017788524928619154
1011.0 0.0018985212591360323
1012.0 0.0020176155885565095
1013.0 0.0021367102817748673
1014.0 0.002172882159356959
1015.0 0.0022090544007369317
1016.0 0.0025577639462426305
1017.0 0.00290647385554621
1018.0 0.00319367136398796
1019.0 0.0034808690543286502
1020.0 0.0036386871215654537
1021.0 0.003796505188802257
1022.0 0.003947571167373098
1023.0 0.00409863714594394
1024.0 0.004322867243899964
1025.0 0.004547096978058107
1026.0 0.004683007136918604
1027.0 0.004818916931981221
1028.0 0.005044396675657481
1029.0 0.005269876419333741
1030.0 0.005289858745527454
1031.0 0.005309840707923286
1032.0 0.005468570816447027
1033.0 0.005627300197375007
1034.0 0.005702960697817616
1035.0 0.005778621198260225
1036.0 0.005745185262640007
1037.0 0.005711748599424027
1038.0 0.00586895075684879
1039.0 0.006026152914273553
1040.0 0.006313734775176272
1041.0 0.006601315544685349
1042.0 0.0069471876486204565
1043.0 0.007293059752555564
1044.0 0.007656581874471158
1045.0 0.008020103996386752
1046.0 0.009004403545986861
1047.0 0.009988701640395448
1048.0 0.011531938798725605
1049.0 0.013075173774268478
1050.0 0.01547103893244639
1051.0 0.01786690263543278
1052.0 0.021681570797227323
1053.0 0.025496244779787958
1054.0 0.031014473643153906
1055.0 0.0365327054169029
1056.0 0.04359624290373176
1057.0 0.05065978039056063
1058.0 0.058999715838581324
1059.0 0.06733963964506984
1060.0 0.07567621651105583
1061.0 0.08401277591474354
1062.0 0.09282068931497633
1063.0 0.10162857361137867
1064.0 0.10960018262267113
1065.0 0.1175717799924314
1066.0 0.12616304447874427
1067.0 0.13475432060658932
1068.0 0.1429467578418553
1069.0 0.15113921836018562
1070.0 0.15994844725355506
1071.0 0.1687576645053923
1072.0 0.17736598383635283
1073.0 0.18597430316731334
1074.0 0.19508203258737922
1075.0 0.204189820215106
1076.0 0.21435506641864777
1077.0 0.22452031262218952
1078.0 0.23624601308256388
1079.0 0.2479716669768095
1080.0 0.2646479522809386
1081.0 0.2813242143020034
1082.0 0.31021025497466326
1083.0 0.3390963189303875
1084.0 0.382661004550755
1085.0 0.42622569017112255
1086.0 0.46538934111595154
1087.0 0.5045529454946518
1088.0 0.5746814887970686
1089.0 0.6448100320994854
1090.0 0.7236092817038298
1091.0 0.8024085313081741
1092.0 0.8451606146991253
1093.0 0.887912604957819
1094.0 0.9485642425715923
1095.0 1.0092157870531082
1096.0 1.0952003300189972
1097.0 1.1811848729848862
1098.0 1.2943928129971027
1099.0 1.4076011255383492
1100.0 1.6303813084959984
1101.0 1.8531613051891327
