lsstCam/transmission_filter_detector/r22_s10/g_6/19700101T000000.ecsv
# %ECSV 1.0
# ---
# datatype:
# - {name: wavelength, unit: nm, datatype: float32}
# - {name: efficiency, unit: '%', datatype: float64}
# meta: !!omap
# - {MODE: DETECTOR}
# - {TYPE: transmission_filter_detector}
# - {CALIBDATE: '1970-01-01T00:00:00'}
# - {INSTRUME: LSSTCam}
# - {OBSTYPE: transmission_filter_detector}
# - {CALIBCLS: lsst.ip.isr.IntermediateFilterDetectorTransmissionCurve}
# - {SOURCE: Materion (DM-46256)}
# - {DETECTOR: 93}
# - {FILTER: g_6}
# - {CALIB_ID: 'calibDate=1970-01-01T00:00:00 filter=g_6 detector=93'}
# - {DATE: '2025-04-02T15:59:42.459103'}
# - {CALIB_CREATION_DATE: '2025-04-02'}
# - {CALIB_CREATION_TIME: '15:59:42'}
# - __serialized_columns__:
#     efficiency:
#       __class__: astropy.units.quantity.Quantity
#       unit: !astropy.units.Unit {unit: '%'}
#       value: !astropy.table.SerializedColumn {name: efficiency}
#     wavelength:
#       __class__: astropy.units.quantity.Quantity
#       unit: !astropy.units.Unit {unit: nm}
#       value: !astropy.table.SerializedColumn {name: wavelength}
# schema: astropy-2.0
wavelength efficiency
300.0 0.49169822596013546
301.0 0.37037055008113384
302.0 0.24904280435293913
303.0 0.22411097306758165
304.0 0.19917914178222418
305.0 0.20858878269791603
306.0 0.21799840033054352
307.0 0.21667610853910446
308.0 0.21535379346460104
309.0 0.21728454157710075
310.0 0.21921531297266483
311.0 0.20919181406497955
312.0 0.19916833844035864
313.0 0.19595320336520672
314.0 0.19273809157311916
315.0 0.1878761686384678
316.0 0.18301428062841296
317.0 0.17919373931363225
318.0 0.1753732212819159
319.0 0.1637498731724918
320.0 0.1521265134215355
321.0 0.1423510373570025
322.0 0.13257557293400168
323.0 0.11685654753819108
324.0 0.10113753378391266
325.0 0.09170177509076893
326.0 0.08226602803915739
327.0 0.07330707157962024
328.0 0.06434812094084918
329.0 0.06063449545763433
330.0 0.05692086415365338
331.0 0.053243874572217464
332.0 0.049566884990781546
333.0 0.04666672321036458
334.0 0.043766567250713706
335.0 0.042041001142933965
336.0 0.04031543212477118
337.0 0.04090540751349181
338.0 0.04149538290221244
339.0 0.04047217080369592
340.0 0.03944895870517939
341.0 0.03758905513677746
342.0 0.03572915156837553
343.0 0.03236902703065425
344.0 0.029008902492932975
345.0 0.025863954215310514
346.0 0.022719007392879575
347.0 0.02123014273820445
348.0 0.019741278083529323
349.0 0.018134225683752447
350.0 0.5406656302511692
351.0 1.1230927892029285
352.0 0.5859608296304941
353.0 1.117628999054432
354.0 0.6630945485085249
355.0 0.8465979248285294
356.0 0.45382967218756676
357.0 0.9937582537531853
358.0 0.39695538580417633
359.0 0.8651914075016975
360.0 0.31514354050159454
361.0 1.034651417285204
362.0 0.25201395619660616
363.0 0.9114143438637257
364.0 0.34836214035749435
365.0 0.8505160920321941
366.0 0.3758719889447093
367.0 0.7899387739598751
368.0 0.3528270171955228
369.0 0.7596566341817379
370.0 0.3175675868988037
371.0 0.6697684992104769
372.0 0.2848076866939664
373.0 0.627724826335907
374.0 0.33467335160821676
375.0 0.6544603500515223
376.0 0.24789832532405853
377.0 0.5530643276870251
378.0 0.2845080802217126
379.0 0.5562371574342251
380.0 0.358636025339365
381.0 0.6474215537309647
382.0 0.5843271967023611
383.0 0.5636050831526518
384.0 0.6033665500581264
385.0 0.7220580242574215
386.0 0.7139754947274923
387.0 0.8464979007840157
388.0 0.9785757400095463
389.0 1.3219527900218964
390.0 1.860233023762703
391.0 2.9524488374590874
392.0 4.638436064124107
393.0 7.328671962022781
394.0 11.045253276824951
395.0 15.96187949180603
396.0 21.97725623846054
397.0 29.535943269729614
398.0 38.29122483730316
399.0 47.83303737640381
400.0 57.47237801551819
401.0 66.50676131248474
402.0 74.80963468551636
403.0 81.73746466636658
404.0 86.86012029647827
405.0 90.72626233100891
406.0 92.9360568523407
407.0 94.7300910949707
408.0 95.66370844841003
409.0 96.17971777915955
410.0 96.2303102016449
411.0 96.0643470287323
412.0 95.65020203590393
413.0 95.46249508857727
414.0 95.3076422214508
415.0 95.48366069793701
416.0 95.93666791915894
417.0 96.36462330818176
418.0 96.85859680175781
419.0 97.4672257900238
420.0 97.95483946800232
421.0 98.45843315124512
422.0 98.5963761806488
423.0 98.79117012023926
424.0 98.53368401527405
425.0 98.43221306800842
426.0 98.36961030960083
427.0 98.29291701316833
428.0 98.15378189086914
429.0 97.93390035629272
430.0 97.76490330696106
431.0 97.75999188423157
432.0 97.79670834541321
433.0 97.8537917137146
434.0 97.91093468666077
435.0 98.09958338737488
436.0 98.10552597045898
437.0 98.10347557067871
438.0 98.2105553150177
439.0 98.26257228851318
440.0 98.22894334793091
441.0 98.37841987609863
442.0 98.30641746520996
443.0 98.27336072921753
444.0 98.17805886268616
445.0 97.92435765266418
446.0 97.81399369239807
447.0 97.72355556488037
448.0 97.86432385444641
449.0 98.12346696853638
450.0 98.474782705307
451.0 98.71857166290283
452.0 98.81144165992737
453.0 98.85139465332031
454.0 98.89733791351318
455.0 99.09628629684448
456.0 99.16493892669678
457.0 99.35261011123657
458.0 99.36352968215942
459.0 99.39348101615906
460.0 99.4813323020935
461.0 99.61691498756409
462.0 99.48447346687317
463.0 99.42386150360107
464.0 99.52400922775269
465.0 99.44722056388855
466.0 99.49069023132324
467.0 99.46346282958984
468.0 99.46134686470032
469.0 99.54871535301208
470.0 99.3955135345459
471.0 99.22381639480591
472.0 99.30949807167053
473.0 99.20031428337097
474.0 99.02977347373962
475.0 99.0664005279541
476.0 99.07209873199463
477.0 99.0864098072052
478.0 99.24147129058838
479.0 99.21815395355225
480.0 99.32716488838196
481.0 99.40370917320251
482.0 99.56223368644714
483.0 99.48785901069641
484.0 99.6397316455841
485.0 99.6799647808075
486.0 99.69272017478943
487.0 99.69815611839294
488.0 99.71737861633301
489.0 99.73594546318054
490.0 99.67110753059387
491.0 99.67259168624878
492.0 99.56213235855103
493.0 99.56294298171997
494.0 99.47508573532104
495.0 99.55469369888306
496.0 99.38448667526245
497.0 99.30068254470825
498.0 99.12710785865784
499.0 99.16151762008667
500.0 99.06482696533203
501.0 99.06506538391113
502.0 98.96920919418335
503.0 99.07058477401733
504.0 98.94929528236389
505.0 99.07379150390625
506.0 99.00222420692444
507.0 99.0344226360321
508.0 99.02880191802979
509.0 98.9953875541687
510.0 98.94930720329285
511.0 98.88423085212708
512.0 98.8726019859314
513.0 98.92037510871887
514.0 98.8926887512207
515.0 98.92856478691101
516.0 99.02766346931458
517.0 99.0395724773407
518.0 99.08466339111328
519.0 99.10739660263062
520.0 99.18288588523865
521.0 99.24538731575012
522.0 99.29591417312622
523.0 99.29521679878235
524.0 99.3029773235321
525.0 99.3267297744751
526.0 99.42885637283325
527.0 99.44341778755188
528.0 99.53165650367737
529.0 99.64959621429443
530.0 99.65822696685791
531.0 99.75869655609131
532.0 99.60980415344238
533.0 99.57908391952515
534.0 99.5315670967102
535.0 99.31204915046692
536.0 98.87655377388
537.0 98.10284376144409
538.0 97.14536666870117
539.0 95.45806646347046
540.0 93.4184730052948
541.0 90.33335447311401
542.0 87.23487854003906
543.0 83.17119479179382
544.0 78.17904949188232
545.0 73.87012243270874
546.0 68.76219511032104
547.0 64.13191556930542
548.0 59.64667201042175
549.0 55.72898983955383
550.0 52.660638093948364
551.0 49.772822856903076
552.0 47.47836887836456
553.0 44.93674337863922
554.0 41.788989305496216
555.0 38.20655941963196
556.0 33.559450507164
557.0 28.285402059555054
558.0 22.68075793981552
559.0 17.392277717590332
560.0 12.52015084028244
561.0 8.168625831604004
562.0 5.048329755663872
563.0 2.846156246960163
564.0 1.5104293823242188
565.0 0.661844527348876
566.0 0.39496482349932194
567.0 0.1948046963661909
568.0 0.14408021233975887
569.0 0.06967868539504707
570.0 0.08084910223260522
571.0 0.04622901906259358
572.0 0.056403252528980374
573.0 0.030000446713529527
574.0 0.03642952942755073
575.0 0.0267876370344311
576.0 0.04065604880452156
577.0 0.0174807442817837
578.0 0.03696520288940519
579.0 0.022187939612194896
580.0 0.03157947212457657
581.0 0.018112827092409134
582.0 0.03167747054249048
583.0 0.007898094918346033
584.0 0.024627801030874252
585.0 0.016589030565228313
586.0 0.031883944757282734
587.0 0.008391734445467591
588.0 0.02217354194726795
589.0 0.016440065519418567
590.0 0.03012808447238058
591.0 0.008114967204164714
592.0 0.02116963150911033
593.0 0.009493732068222016
594.0 0.0154860332258977
595.0 0.007909555279184133
596.0 0.01282132143387571
597.0 0.008274193532997742
598.0 0.017763672803994268
599.0 0.007230316259665415
600.0 0.012448082270566374
601.0 0.0022534182789968327
602.0 0.0022345955585478805
603.0 0.0022157724743010476
604.0 0.002113590198860038
605.0 0.002011408105317969
606.0 0.0020255891286069527
607.0 0.0020397701518959366
608.0 0.0018028500562650152
609.0 0.0015659299606340937
610.0 0.0016699406842235476
611.0 0.001773951225914061
612.0 0.0017106684026657604
613.0 0.0016473857613164
614.0 0.001718685780360829
615.0 0.0017899861632031389
616.0 0.0018644814190338366
617.0 0.0019389766748645343
618.0 0.0018233989976579323
619.0 0.0017078213204513304
620.0 0.0016173002222785726
621.0 0.0015267793060047552
622.0 0.0015290564988390543
623.0 0.001531333509774413
624.0 0.0015908915884210728
625.0 0.0016504496670677327
626.0 0.0014057738553674426
627.0 0.0011610985893639736
628.0 0.0013396806025411934
629.0 0.0015182627066678833
630.0 0.0013894824405724648
631.0 0.001260701992578106
632.0 0.0013838753147865646
633.0 0.0015070481822476722
634.0 0.0014166426808515098
635.0 0.0013262366337585263
636.0 0.0013609091183752753
637.0 0.001395581966789905
638.0 0.001245515431946842
639.0 0.0010954487152048387
640.0 0.0011043824088119436
641.0 0.001113315829570638
642.0 0.0012128034541092347
643.0 0.0013122910786478315
644.0 0.0012536064787127543
645.0 0.0011949218787776772
646.0 0.0011685955541906878
647.0 0.0011422693205531687
648.0 0.0010343925168854184
649.0 0.0009265156222681981
650.0 0.0011576628821785562
651.0 0.0013888100511394441
652.0 0.0012015529136988334
653.0 0.0010142956853087526
654.0 0.0011259439816058148
655.0 0.0012375923688523471
656.0 0.0012199958291603252
657.0 0.0012023993804177735
658.0 0.0010240023584628943
659.0 0.0008456056093564257
660.0 0.0008945048648456577
661.0 0.0009434041203348897
662.0 0.0010669864423107356
663.0 0.001190569037134992
664.0 0.001150863135990221
665.0 0.0011111572348454501
666.0 0.001050046193995513
667.0 0.0009889348802971654
668.0 0.0010263001058774535
669.0 0.0010636652405082714
670.0 0.001152670392912114
671.0 0.0012416752724675462
672.0 0.001206900560646318
673.0 0.0011721257578756195
674.0 0.0010527021913731005
675.0 0.0009332786248705816
676.0 0.0009394775588589255
677.0 0.000945676310948329
678.0 0.0009676291483629029
679.0 0.000989582076726947
680.0 0.0010199139069300145
681.0 0.0010502456461836118
682.0 0.0010752936759672593
683.0 0.001100341796700377
684.0 0.0009776264960237313
685.0 0.0008549111043976154
686.0 0.0010404185559309553
687.0 0.001225925825565355
688.0 0.0011810399882961065
689.0 0.0011361540600773878
690.0 0.001059000987879699
691.0 0.0009818479156820104
692.0 0.0009754261554917321
693.0 0.000969004486250924
694.0 0.0011047305633837823
695.0 0.0012404565495671704
696.0 0.0012436818906280678
697.0 0.0012469069588405546
698.0 0.0012289170626900159
699.0 0.0012109271665394772
700.0 0.0011475739484012593
701.0 0.001084220548364101
702.0 0.0011463797818578314
703.0 0.0012085388334526215
704.0 0.0011366730177542195
705.0 0.001064806929207407
706.0 0.0011142115909024142
707.0 0.0011636162525974214
708.0 0.0011259624443482608
709.0 0.0010883087270485703
710.0 0.00119674950838089
711.0 0.0013051904716121498
712.0 0.0012573972526297439
713.0 0.0012096043064957485
714.0 0.001226630229211878
715.0 0.0012436564247764181
716.0 0.0014550863852491602
717.0 0.0016665166185703129
718.0 0.0019057157260249369
719.0 0.0021449150153785013
720.0 0.0019572531527956016
721.0 0.001769591290212702
722.0 0.0018242761143483222
723.0 0.001878961302281823
724.0 0.0019205464923288673
725.0 0.001962131864274852
726.0 0.0020442448658286594
727.0 0.002126357867382467
728.0 0.00207448592846049
729.0 0.0020226141714374535
730.0 0.002113972914230544
731.0 0.0022053314751246944
732.0 0.0020122646674280986
733.0 0.0018191976778325625
734.0 0.0014720473700435832
735.0 0.0011248968803556636
736.0 0.00107747937363456
737.0 0.0010300619578629266
738.0 0.0010143479812541045
739.0 0.0009986340046452824
740.0 0.0008217011782107875
741.0 0.0006447681244026171
742.0 0.0007015066785243107
743.0 0.0007582452781207394
744.0 0.000805503259471152
745.0 0.0008527616046194453
746.0 0.0009017226147989277
747.0 0.0009506837159278803
748.0 0.0010304681381967384
749.0 0.0011102528333140071
750.0 0.0010196681614615954
751.0 0.0009290836715081241
752.0 0.000930710848479066
753.0 0.0009323382073489483
754.0 0.0009986334589484613
755.0 0.0010649288014974445
756.0 0.0009736631000123452
757.0 0.0008823974894767161
758.0 0.0008846064702083822
759.0 0.0008868155418895185
760.0 0.0007613002708239947
761.0 0.0006357849088090006
762.0 0.0006783600838389248
763.0 0.0007209352133941138
764.0 0.0008038599844439887
765.0 0.0008867849828675389
766.0 0.0006899550953676226
767.0 0.0004931250714435009
768.0 0.0005489189788931981
769.0 0.00060471274991869
770.0 0.0005443162535812007
771.0 0.00048391962081950624
772.0 0.0005847614829690428
773.0 0.0006856033451185795
774.0 0.0007990543053892907
775.0 0.0009125054020842072
776.0 0.0008157976481015794
777.0 0.0007190898031694815
778.0 0.0007222973636089591
779.0 0.000725505014997907
780.0 0.0005618619979941286
781.0 0.00039821898099035025
782.0 0.0005584434347838396
783.0 0.0007186679340520641
784.0 0.0006803812539146747
785.0 0.0006420946647267556
786.0 0.0005481041625898797
787.0 0.0004541138423519442
788.0 0.00035305840810906375
789.0 0.0002520030648156535
790.0 0.00028334529815765563
791.0 0.00031468757697439287
792.0 0.000345467060469673
793.0 0.0003762465667023207
794.0 0.00033564947443665005
795.0 0.00029505235943361185
796.0 0.00037391321257018717
797.0 0.0004527739747572923
798.0 0.00043614973037620075
799.0 0.0004195254405203741
800.0 0.00048405609049950726
801.0 0.0005485869223775808
802.0 0.0004118472588743316
803.0 0.00027510770905792015
804.0 0.00025285137326136464
805.0 0.00023059499199007405
806.0 0.0002998869604198262
807.0 0.00036917886063747574
808.0 0.0004039014129375573
809.0 0.000438624010712374
810.0 0.0004076552158949198
811.0 0.000376686352865363
812.0 0.0003916415607818635
813.0 0.0004065967004862614
814.0 0.00040803088268148713
815.0 0.00040946515582618304
816.0 0.00045987771954969503
817.0 0.0005102903287479421
818.0 0.0004804556283488637
819.0 0.00045062092794978525
820.0 0.0005305076228978578
821.0 0.0006103943633206654
822.0 0.0005740568212786457
823.0 0.0005377193701860961
824.0 0.00043173108679184224
825.0 0.0003257426897107507
826.0 0.00039413148442690726
827.0 0.00046252025640569627
828.0 0.0004020088908873731
829.0 0.00034149752536905
830.0 0.0004849415745411534
831.0 0.0006283855327637866
832.0 0.0007540708338638069
833.0 0.000879756044014357
834.0 0.0005706551746698096
835.0 0.0002615543280626298
836.0 0.0005001914814783959
837.0 0.0007388286576315295
838.0 0.0005939529728493653
839.0 0.00044907733354193624
840.0 0.0005915499059483409
841.0 0.0007340223874052754
842.0 0.000558843248654739
843.0 0.00038366401895473246
844.0 0.0004423470272740815
845.0 0.0005010300810681656
846.0 0.0005970841357338941
847.0 0.0006931383722985629
848.0 0.0005860550118086394
849.0 0.0004789716513187159
850.0 0.00042376200326543767
851.0 0.00036855240068689454
852.0 0.0004063911546836607
853.0 0.00044422972678148653
854.0 0.0005994052571622888
855.0 0.0007545807420683559
856.0 0.0006868678156024544
857.0 0.000619154980086023
858.0 0.0005832951956108445
859.0 0.0005474354111356661
860.0 0.0005423128186521353
861.0 0.0005371902261686046
862.0 0.0005530684575205669
863.0 0.0005689466888725292
864.0 0.0005122198217577534
865.0 0.00045549295464297757
866.0 0.0005055749170423951
867.0 0.0005556568794418126
868.0 0.0006155359642434632
869.0 0.000675415139994584
870.0 0.0005622964636131655
871.0 0.0004491776962822769
872.0 0.0003783481815844425
873.0 0.0003075185531997704
874.0 0.00041098037399933673
875.0 0.0005144421720615355
876.0 0.000639628933640779
877.0 0.0007648156497452874
878.0 0.0006968552497710334
879.0 0.0006288947588473093
880.0 0.000669849168843939
881.0 0.000710803760739509
882.0 0.0005654445885738824
883.0 0.00042008564378193114
884.0 0.0005426962161436677
885.0 0.0006653068339801393
886.0 0.0006888640200486407
887.0 0.0007124213425413473
888.0 0.0006776697773602791
889.0 0.0006429181212297408
890.0 0.0006666467470495263
891.0 0.0006903753273945767
892.0 0.0006393283911165781
893.0 0.0005882815912627848
894.0 0.0005885375230718637
895.0 0.0005887935458304128
896.0 0.00039428500713256653
897.0 0.00019977644569735276
898.0 0.00029213179004727863
899.0 0.00038448715713457204
900.0 0.00033756546145014
901.0 0.0002906437430283404
902.0 0.0005018885985919042
903.0 0.0007131334314181004
904.0 0.000459722787127248
905.0 0.00020631209736166056
906.0 0.0003561860921763582
