lsstCam/transmission_filter_detector/r43_s12/g_6/19700101T000000.ecsv
# %ECSV 1.0
# ---
# datatype:
# - {name: wavelength, unit: nm, datatype: float32}
# - {name: efficiency, unit: '%', datatype: float64}
# meta: !!omap
# - {MODE: DETECTOR}
# - {TYPE: transmission_filter_detector}
# - {CALIBDATE: '1970-01-01T00:00:00'}
# - {INSTRUME: LSSTCam}
# - {OBSTYPE: transmission_filter_detector}
# - {CALIBCLS: lsst.ip.isr.IntermediateFilterDetectorTransmissionCurve}
# - {SOURCE: Materion (DM-46256)}
# - {DETECTOR: 185}
# - {FILTER: g_6}
# - {CALIB_ID: 'calibDate=1970-01-01T00:00:00 filter=g_6 detector=185'}
# - {DATE: '2025-04-02T15:59:42.885815'}
# - {CALIB_CREATION_DATE: '2025-04-02'}
# - {CALIB_CREATION_TIME: '15:59:42'}
# - __serialized_columns__:
#     efficiency:
#       __class__: astropy.units.quantity.Quantity
#       unit: !astropy.units.Unit {unit: '%'}
#       value: !astropy.table.SerializedColumn {name: efficiency}
#     wavelength:
#       __class__: astropy.units.quantity.Quantity
#       unit: !astropy.units.Unit {unit: nm}
#       value: !astropy.table.SerializedColumn {name: wavelength}
# schema: astropy-2.0
wavelength efficiency
300.0 0.3405597060918808
301.0 0.28740542475134134
302.0 0.2342511434108019
303.0 0.23160527925938368
304.0 0.22895941510796547
305.0 0.2274366095662117
306.0 0.22591380402445793
307.0 0.21373063791543245
308.0 0.20154747180640697
309.0 0.19222114933654666
310.0 0.18289482686668634
311.0 0.18647469114512205
312.0 0.19005455542355776
313.0 0.18740417435765266
314.0 0.18475381657481194
315.0 0.18132555996999145
316.0 0.17789731500670314
317.0 0.17648441717028618
318.0 0.17507155425846577
319.0 0.16081462381407619
320.0 0.1465576933696866
321.0 0.13334639370441437
322.0 0.12013510568067431
323.0 0.10832990519702435
324.0 0.09652471053414047
325.0 0.08693021372891963
326.0 0.07733571110293269
327.0 0.07237483514472842
328.0 0.06741395918652415
329.0 0.06131930276751518
330.0 0.05522464634850621
331.0 0.0510958896484226
332.0 0.04696712421718985
333.0 0.0450236169854179
334.0 0.043080109753645957
335.0 0.04145751881878823
336.0 0.03983492206316441
337.0 0.039763914537616074
338.0 0.03969290410168469
339.0 0.03934890846721828
340.0 0.03900490701198578
341.0 0.03716523933690041
342.0 0.035325565841048956
343.0 0.03198976628482342
344.0 0.028653960907831788
345.0 0.025501783238723874
346.0 0.022349598293658346
347.0 0.02066713059321046
348.0 0.018984665803145617
349.0 0.017232989193871617
350.0 0.6906320340931416
351.0 1.0831870138645172
352.0 0.4643579013645649
353.0 0.8390911854803562
354.0 0.5546336062252522
355.0 0.808689184486866
356.0 0.6752865854650736
357.0 0.9102084673941135
358.0 0.5203735083341599
359.0 0.7073791697621346
360.0 0.46797669492661953
361.0 0.8055287413299084
362.0 0.41274907998740673
363.0 0.7334071677178144
364.0 0.4772786982357502
365.0 0.7700823713093996
366.0 0.44366265647113323
367.0 0.5740089807659388
368.0 0.3773449454456568
369.0 0.6905626971274614
370.0 0.3210294060409069
371.0 0.4529070109128952
372.0 0.3620523028075695
373.0 0.563518051058054
374.0 0.4182827193289995
375.0 0.5660608410835266
376.0 0.3917492460459471
377.0 0.4960300400853157
378.0 0.3784416476264596
379.0 0.5757599137723446
380.0 0.37362994626164436
381.0 0.5218791775405407
382.0 0.5178777035325766
383.0 0.5428890697658062
384.0 0.4981622565537691
385.0 0.5293047986924648
386.0 0.7123498246073723
387.0 0.7472286932170391
388.0 0.9941659867763519
389.0 1.3399526476860046
390.0 2.0917631685733795
391.0 3.2604657113552094
392.0 5.052981153130531
393.0 8.059876412153244
394.0 12.142686545848846
395.0 17.422522604465485
396.0 23.962025344371796
397.0 31.98561668395996
398.0 41.09407365322113
399.0 50.70104002952576
400.0 60.05256175994873
401.0 68.66055130958557
402.0 76.24641060829163
403.0 82.30007886886597
404.0 86.56783699989319
405.0 89.67348337173462
406.0 91.32687449455261
407.0 92.5732672214508
408.0 93.25544834136963
409.0 93.61767768859863
410.0 93.63464713096619
411.0 93.36893558502197
412.0 92.95266270637512
413.0 92.76840686798096
414.0 92.69018173217773
415.0 93.009352684021
416.0 93.42080354690552
417.0 93.85308623313904
418.0 94.33184266090393
419.0 94.927579164505
420.0 95.30245065689087
421.0 95.87274193763733
422.0 95.97015380859375
423.0 96.0805594921112
424.0 95.82849740982056
425.0 95.71354985237122
426.0 95.62729001045227
427.0 95.68244218826294
428.0 95.39657831192017
429.0 95.3309953212738
430.0 95.28895616531372
431.0 95.37691473960876
432.0 95.47005891799927
433.0 95.50973773002625
434.0 95.56787610054016
435.0 95.65929770469666
436.0 95.72489857673645
437.0 95.74017524719238
438.0 95.8328127861023
439.0 95.91345191001892
440.0 96.00322842597961
441.0 96.04941010475159
442.0 95.98684310913086
443.0 95.87774276733398
444.0 95.7684338092804
445.0 95.47540545463562
446.0 95.39266228675842
447.0 95.29187679290771
448.0 95.37358283996582
449.0 95.63146829605103
450.0 95.91460227966309
451.0 96.14313840866089
452.0 96.2859570980072
453.0 96.37370109558105
454.0 96.40374183654785
455.0 96.69130444526672
456.0 96.8302309513092
457.0 96.97338342666626
458.0 96.92502617835999
459.0 96.9466507434845
460.0 96.9697117805481
461.0 97.000652551651
462.0 96.90346121788025
463.0 96.79083824157715
464.0 96.93115949630737
465.0 96.74853086471558
466.0 96.81823253631592
467.0 96.82309627532959
468.0 96.81601524353027
469.0 96.82667851448059
470.0 96.69526219367981
471.0 96.55081629753113
472.0 96.5902030467987
473.0 96.48399949073792
474.0 96.41619920730591
475.0 96.51421308517456
476.0 96.56963348388672
477.0 96.61962985992432
478.0 96.76737785339355
479.0 96.80069088935852
480.0 96.94494605064392
481.0 97.0355749130249
482.0 97.20746278762817
483.0 97.13190197944641
484.0 97.29470610618591
485.0 97.2663402557373
486.0 97.35515713691711
487.0 97.35966920852661
488.0 97.37671613693237
489.0 97.4657952785492
490.0 97.45581150054932
491.0 97.52007722854614
492.0 97.45838642120361
493.0 97.52848744392395
494.0 97.46614694595337
495.0 97.50440716743469
496.0 97.38385081291199
497.0 97.24108576774597
498.0 97.05495238304138
499.0 97.12554812431335
500.0 97.03676104545593
501.0 97.04096913337708
502.0 96.95993065834045
503.0 97.15431332588196
504.0 96.94244265556335
505.0 96.97137475013733
506.0 97.04211354255676
507.0 96.9744861125946
508.0 96.95686101913452
509.0 96.97749018669128
510.0 96.90802693367004
511.0 96.91882133483887
512.0 96.82385325431824
513.0 96.95001244544983
514.0 96.89293503761292
515.0 96.95888757705688
516.0 97.06225991249084
517.0 97.1017599105835
518.0 97.1251130104065
519.0 97.11358547210693
520.0 97.14101552963257
521.0 97.21952676773071
522.0 97.22023606300354
523.0 97.12730050086975
524.0 97.19552993774414
525.0 97.14130759239197
526.0 97.24466800689697
527.0 97.2020149230957
528.0 97.28935360908508
529.0 97.31255769729614
530.0 97.3578929901123
531.0 97.4387526512146
532.0 97.32977151870728
533.0 97.28255271911621
534.0 97.1742570400238
535.0 96.92776799201965
536.0 96.38643264770508
537.0 95.59177756309509
538.0 94.54352259635925
539.0 92.656409740448
540.0 90.46145677566528
541.0 87.19802498817444
542.0 83.86959433555603
543.0 79.60452437400818
544.0 74.59629774093628
545.0 70.22458910942078
546.0 65.24240374565125
547.0 60.98332405090332
548.0 56.927287578582764
549.0 53.50785851478577
550.0 50.87745189666748
551.0 48.28047752380371
552.0 46.011051535606384
553.0 43.279218673706055
554.0 39.77803587913513
555.0 35.82684099674225
556.0 30.71753680706024
557.0 25.21606981754303
558.0 19.68475878238678
559.0 14.616799354553223
560.0 10.193172842264175
561.0 6.41511082649231
562.0 3.8455527275800705
563.0 2.101326920092106
564.0 1.1024978943169117
565.0 0.5154252517968416
566.0 0.2964845858514309
567.0 0.15565692447125912
568.0 0.11346305254846811
569.0 0.06631214637309313
570.0 0.06307828589342535
571.0 0.03793137148022652
572.0 0.037210280424915254
573.0 0.028645520796999335
574.0 0.040702178375795484
575.0 0.020379381021484733
576.0 0.034296061494387686
577.0 0.028182481764815748
578.0 0.033695041202008724
579.0 0.015634551527909935
580.0 0.02508846519049257
581.0 0.012174818402854726
582.0 0.03372559731360525
583.0 0.016226917796302587
584.0 0.01842052151914686
585.0 0.009146091906586662
586.0 0.018772204930428416
587.0 0.008031751349335536
588.0 0.022392433311324567
589.0 0.01442518550902605
590.0 0.016341799346264452
591.0 0.007986735727172345
592.0 0.006053987090126611
593.0 0.009272971510654315
594.0 0.007489998097298667
595.0 0.002694663817237597
596.0 0.009821548883337528
597.0 0.0038539859815500677
598.0 0.007487671973649412
599.0 0.010011223639594391
600.0 0.009077296999748796
601.0 0.0022068797989049926
602.0 0.0021774478227598593
603.0 0.002148015846614726
604.0 0.002101072095683776
605.0 0.002054128344752826
606.0 0.0019607679860200733
607.0 0.0018674078091862611
608.0 0.0018660295609151945
609.0 0.0018646513126441278
610.0 0.0018552695109974593
611.0 0.0018458877093507908
612.0 0.0018332149920752272
613.0 0.001820542456698604
614.0 0.0018132916011381894
615.0 0.0018060409274767153
616.0 0.0017666383428149857
617.0 0.0017272353943553753
618.0 0.0015598217942169867
619.0 0.0013924079212301876
620.0 0.001473473366786493
621.0 0.0015545385394943878
622.0 0.0015504201655858196
623.0 0.0015463017916772515
624.0 0.0014746720808034297
625.0 0.0014030422789801378
626.0 0.001349618560197996
627.0 0.0012961951142642647
628.0 0.0013138254871591926
629.0 0.0013314560419530608
630.0 0.001437910304957768
631.0 0.0015443647498614155
632.0 0.001464946490159491
633.0 0.0013855286852049176
634.0 0.001258268366655102
635.0 0.0011310080481052864
636.0 0.001175571742351167
637.0 0.0012201355275465176
638.0 0.0011999292837572284
639.0 0.0011797231309174094
640.0 0.0012806587619706988
641.0 0.0013815946658723988
642.0 0.0012560485629364848
643.0 0.0011305028237984516
644.0 0.0011238656952627935
645.0 0.001117228930525016
646.0 0.001171258099930128
647.0 0.0012252870874362998
648.0 0.0012248602615727577
649.0 0.0012244334357092157
650.0 0.0011256635843892582
651.0 0.0010268938240187708
652.0 0.0011010413800249808
653.0 0.0011751889360311907
654.0 0.0010526787264097948
655.0 0.0009301685167883988
656.0 0.0009861319995252416
657.0 0.0010420955732115544
658.0 0.0010550018487265334
659.0 0.0010679082151909824
660.0 0.001086876818590099
661.0 0.0011058454219892155
662.0 0.0011446787539171055
663.0 0.001183512358693406
664.0 0.0011539073966559954
665.0 0.0011243024346185848
666.0 0.001057138251780998
667.0 0.0009899741598928813
668.0 0.0009600084013072774
669.0 0.0009300426427216735
670.0 0.0009321567631559446
671.0 0.0009342708835902158
672.0 0.0009546170986141078
673.0 0.0009749635864864103
674.0 0.0010007546734414063
675.0 0.0010265458513458725
676.0 0.0009561473234498408
677.0 0.000885748795553809
678.0 0.0009282394785259385
679.0 0.0009707301614980679
680.0 0.0010083096640300937
681.0 0.0010458895303600002
682.0 0.00102557496575173
683.0 0.0010052607649413403
684.0 0.0009512136784906033
685.0 0.0008971665920398664
686.0 0.0009256225894205272
687.0 0.0009540785868011881
688.0 0.0009621537174098194
689.0 0.0009702285751700401
690.0 0.0009790149306354579
691.0 0.0009878011042019352
692.0 0.0010052890502265655
693.0 0.0010227768143522553
694.0 0.0009920765478454996
695.0 0.0009613761903892737
696.0 0.0009911454981192946
697.0 0.0010209147148998454
698.0 0.0010147230568691157
699.0 0.0010085312169394456
700.0 0.000988806914392626
701.0 0.0009690824299468659
702.0 0.0010367665709054563
703.0 0.0011044507118640468
704.0 0.0010400522114650812
705.0 0.000975653892965056
706.0 0.0010091821422975045
707.0 0.001042710391629953
708.0 0.0010418661076982971
709.0 0.0010410220056655817
710.0 0.001068621077138232
711.0 0.0010962201486108825
712.0 0.001051411800290225
713.0 0.001006603633868508
714.0 0.001144056295743212
715.0 0.0012815087757189758
716.0 0.0013628413398691919
717.0 0.001444173994968878
718.0 0.001505265936430078
719.0 0.0015663581507396884
720.0 0.0013141983799869195
721.0 0.0010620386092341505
722.0 0.0011855629054480232
723.0 0.0013090873835608363
724.0 0.0013251717973616906
725.0 0.001341256302112015
726.0 0.0013673325156560168
727.0 0.0013934086382505484
728.0 0.0014392419871001039
729.0 0.0014850753359496593
730.0 0.001587979932082817
731.0 0.0016908843463170342
732.0 0.0015863523003645241
733.0 0.0014818203453614842
734.0 0.0014427121641347185
735.0 0.0014036042557563633
736.0 0.0012981510735698976
737.0 0.0011926978004339617
738.0 0.0010301487236574758
739.0 0.0008675998287799302
740.0 0.0009906800187309273
741.0 0.0011137603905808646
742.0 0.00119009609989007
743.0 0.001266432082047686
744.0 0.00118980879051378
745.0 0.0011131857718282845
746.0 0.0009936845344782341
747.0 0.0008741834790271241
748.0 0.0008768498446443118
749.0 0.0008795163921604399
750.0 0.0008797836926532909
751.0 0.0008800511750450823
752.0 0.0008382236956094857
753.0 0.0007963962161738891
754.0 0.0007504964287363691
755.0 0.0007045966412988491
756.0 0.0007190755695773987
757.0 0.0007335544978559483
758.0 0.000680249559081858
759.0 0.0006269447112572379
760.0 0.0006160290467960294
761.0 0.000605113427809556
762.0 0.0006308045158220921
763.0 0.000656495512885158
764.0 0.0004972900114807999
765.0 0.0003380845100764418
766.0 0.0004598610303219175
767.0 0.0005816375960421283
768.0 0.0005762927685282193
769.0 0.0005709478955395753
770.0 0.0005547199180000462
771.0 0.0005384919404605171
772.0 0.0005551134108827682
773.0 0.0005717349722544895
774.0 0.0005874127509741811
775.0 0.0006030906661180779
776.0 0.0005882438017579261
777.0 0.0005733968464483041
778.0 0.0005880465778318467
779.0 0.000602696218265919
780.0 0.0006329070856736507
781.0 0.0006631179985561175
782.0 0.0005528977453650441
783.0 0.0004426774921739707
784.0 0.0005172774763195775
785.0 0.0005918775968893897
786.0 0.0006177606337587349
787.0 0.0006436438525270205
788.0 0.0005571937435888685
789.0 0.0004707434982265113
790.0 0.00034237041290907655
791.0 0.0002139973730663769
792.0 0.00024127912183757871
793.0 0.00026856087060878053
794.0 0.0002750332441792125
795.0 0.00028150561774964444
796.0 0.0003938121153623797
797.0 0.0005061187039245851
798.0 0.00044432504182623234
799.0 0.00038253137972787954
800.0 0.00030296830573206535
801.0 0.0002234052089988836
802.0 0.0002883363094952074
803.0 0.00035326740999153117
804.0 0.00042836868487938773
805.0 0.0005034699825046118
806.0 0.00038581570152018685
807.0 0.0002681613750610268
808.0 0.00042319097701692954
809.0 0.0005782205789728323
810.0 0.0005218819751462433
811.0 0.0004655433258449193
812.0 0.0003713552132467157
813.0 0.00027716705517377704
814.0 0.0003492061296128668
815.0 0.00042124520405195653
816.0 0.000355618362846144
817.0 0.0002899915216403315
818.0 0.0003570161425159313
819.0 0.00042404080886626616
820.0 0.0004280647772247903
821.0 0.00043208879105804954
822.0 0.0004928621819999535
823.0 0.0005536355729418574
824.0 0.0003593936071411008
825.0 0.00016515161860297667
826.0 0.0003038703198399162
827.0 0.00044258899833948817
828.0 0.00037356471693783533
829.0 0.00030454041279881494
830.0 0.0003131444600512623
831.0 0.00032174850730370963
832.0 0.000329137537846691
833.0 0.0003365265683896723
834.0 0.00037883339700783836
835.0 0.0004211403393128421
836.0 0.00033691871976770926
837.0 0.0002526971002225764
838.0 0.00032176462809729856
839.0 0.0003908321559720207
840.0 0.0004070845079695573
841.0 0.000423336905441829
842.0 0.00046656500671815593
843.0 0.0005097930625197478
844.0 0.0003906715392076876
845.0 0.00027155006137036253
846.0 0.0003454950501691201
847.0 0.0004194400389678776
848.0 0.00042859819586738013
849.0 0.00043775635276688263
850.0 0.0003473693141131662
851.0 0.0002569823209341848
852.0 0.00021371176899265265
853.0 0.00017044127389453934
854.0 0.0002908409442170523
855.0 0.00041124058043351397
856.0 0.0003892545009875903
857.0 0.0003672684215416666
858.0 0.0004987160536984447
859.0 0.0006301636403804878
860.0 0.0004854867256653961
861.0 0.0003408098109503044
862.0 0.0002738908278843155
863.0 0.00020697184481832664
864.0 0.0002774352196865948
865.0 0.0003478986172922305
866.0 0.0003041267291337135
867.0 0.000260354818237829
868.0 0.00035669390854309313
869.0 0.00045303295337362215
870.0 0.0004151711891609011
871.0 0.00037730940221081255
872.0 0.00042997762648155913
873.0 0.00048264587348967325
874.0 0.00048825049816514365
875.0 0.000493855077365879
876.0 0.00036891549370920984
877.0 0.0002439759100525407
878.0 0.0003526399950715131
879.0 0.0004613040346157504
880.0 0.0005129483270138735
881.0 0.0005645923920383211
882.0 0.0006167844276205869
883.0 0.0006689762813039124
884.0 0.0006019195097906049
885.0 0.0005348626928025624
886.0 0.00043377986003179103
887.0 0.00033269695904891705
888.0 0.0004942555278830696
889.0 0.0006558140285051195
890.0 0.0006260637746891007
891.0 0.0005963134299236117
892.0 0.000559286445422913
893.0 0.0005222594154474791
894.0 0.0005214360498939641
895.0 0.0005206125933909789
896.0 0.0005525019787455676
897.0 0.0005843913186254213
898.0 0.0004799273028766038
899.0 0.00037546330986515386
900.0 0.00035222935821366264
901.0 0.00032899538382480387
902.0 0.00029510672447941033
903.0 0.0002612180196592817
904.0 0.00028791696422558744
905.0 0.0003146158860545256
