lsstCam/transmission_filter_detector/r43_s12/g_6/19700101T000000.ecsv
# %ECSV 1.0
# ---
# datatype:
# - {name: wavelength, unit: nm, datatype: float32}
# - {name: efficiency, unit: '%', datatype: float64}
# meta: !!omap
# - {MODE: DETECTOR}
# - {TYPE: transmission_filter_detector}
# - {CALIBDATE: '1970-01-01T00:00:00'}
# - {INSTRUME: LSSTCam}
# - {OBSTYPE: transmission_filter_detector}
# - {CALIBCLS: lsst.ip.isr.IntermediateFilterDetectorTransmissionCurve}
# - {SOURCE: Materion (DM-46256)}
# - {DETECTOR: 185}
# - {FILTER: g_6}
# - {CALIB_ID: 'calibDate=1970-01-01T00:00:00 filter=g_6 detector=185'}
# - {DATE: '2025-04-02T15:59:42.885815'}
# - {CALIB_CREATION_DATE: '2025-04-02'}
# - {CALIB_CREATION_TIME: '15:59:42'}
# - __serialized_columns__:
#     efficiency:
#       __class__: astropy.units.quantity.Quantity
#       unit: !astropy.units.Unit {unit: '%'}
#       value: !astropy.table.SerializedColumn {name: efficiency}
#     wavelength:
#       __class__: astropy.units.quantity.Quantity
#       unit: !astropy.units.Unit {unit: nm}
#       value: !astropy.table.SerializedColumn {name: wavelength}
# schema: astropy-2.0
wavelength efficiency
[from data line 607]
907.0 0.00026881079975282773
908.0 0.00028394160835887305
909.0 0.0002990723714901833
910.0 0.0003152877980028279
911.0 0.00033150326999020763
912.0 0.0003476760412013391
913.0 0.00036384885788720567
914.0 0.00036617827845475404
915.0 0.00036850772175966995
916.0 0.00034878166843554936
917.0 0.00032905559237406123
918.0 0.00031986137400963344
919.0 0.00031066715564520564
920.0 0.00033303942927886965
921.0 0.00035541170291253366
922.0 0.0003678271013995982
923.0 0.0003802424544119276
924.0 0.0003488875108814682
925.0 0.00031753256735100877
926.0 0.0003577933966880664
927.0 0.000398054180550389
928.0 0.0004640228780772304
929.0 0.0005299914391798666
930.0 0.00044825183067587204
931.0 0.0003665121766971424
932.0 0.0003746391485037748
933.0 0.00038276602936093695
934.0 0.00036904266380588524
935.0 0.000355319275513466
936.0 0.00047373405323014595
937.0 0.0005921488082094584
938.0 0.0006545158157678088
939.0 0.0007168827778514242
940.0 0.0006202041276992531
941.0 0.0005235253865976119
942.0 0.0004666007953346707
943.0 0.00040967615859699436
944.0 0.000577718219574308
945.0 0.0007457602805516217
946.0 0.0008519459697708953
947.0 0.0009581316589901689
948.0 0.0007670997547393199
949.0 0.0005760678504884709
950.0 0.0006193241006258177
951.0 0.0006625803052884294
952.0 0.0007153458682296332
953.0 0.0007681114766455721
954.0 0.0007103255029505817
955.0 0.0006525396656797966
956.0 0.0007306507995963329
957.0 0.0008087620699370746
958.0 0.0007947074664116371
959.0 0.0007806527719367296
960.0 0.0007005909083090955
961.0 0.0006205290446814615
962.0 0.0006547147677338216
963.0 0.0006889003088872414
964.0 0.0006077515536162537
965.0 0.0005266027073957957
966.0 0.0005160291493666591
967.0 0.0005054555003880523
968.0 0.0005867856543773087
969.0 0.0006681157174170949
970.0 0.0006347394901240477
971.0 0.0006013632173562655
972.0 0.0006498862603621092
973.0 0.0006984094397921581
974.0 0.000715301666787127
975.0 0.000732193893782096
976.0 0.0007866161467973143
977.0 0.0008410383088630624
978.0 0.0008734811672184151
979.0 0.0009059240255737677
980.0 0.0009159824912785552
981.0 0.0009260410479328129
982.0 0.0010445080988574773
983.0 0.0011629751497821417
984.0 0.001329298993368866
985.0 0.0014956230188545305
986.0 0.001525158677395666
987.0 0.001554694608785212
988.0 0.0015424731827806681
989.0 0.0015302513929782435
990.0 0.0016807432984933257
991.0 0.0018312348402105272
992.0 0.0017581938664079644
993.0 0.0016851528926054016
994.0 0.001694419734121766
995.0 0.00170368639373919
996.0 0.0016762212908361107
997.0 0.0016487565517309122
998.0 0.0016313626474584453
999.0 0.001613969106983859
1000.0 0.0015633968359907158
1001.0 0.0015128250197449233
1002.0 0.0014094909602135886
1003.0 0.0013061570825811941
1004.0 0.0013067769941699225
1005.0 0.001307396905758651
1006.0 0.00127431885630358
1007.0 0.0012412408977979794
1008.0 0.0011835285476990975
1009.0 0.0011258162885496859
1010.0 0.0012555647117551416
1011.0 0.001385313407809008
1012.0 0.0013027100067120045
1013.0 0.0012201064237160608
1014.0 0.001284549398405943
1015.0 0.0013489926459442358
1016.0 0.001553296715428587
1017.0 0.001757600693963468
1018.0 0.0019746814359677956
1019.0 0.0021917619960731827
1020.0 0.0022929974875296466
1021.0 0.0023942329789861105
1022.0 0.002638817750266753
1023.0 0.0028834023396484554
1024.0 0.0030223693102016114
1025.0 0.0031613359169568866
1026.0 0.0033243421057704836
1027.0 0.0034873479307862
1028.0 0.0036088047636440024
1029.0 0.003730261232703924
1030.0 0.003860462675220333
1031.0 0.003990663753938861
1032.0 0.004132439062232152
1033.0 0.004274214734323323
1034.0 0.004482994700083509
1035.0 0.004691774665843695
1036.0 0.004742384408018552
1037.0 0.004792993786395527
1038.0 0.004851454286836088
1039.0 0.004909915151074529
1040.0 0.0051808743592118844
1041.0 0.00545183356734924
1042.0 0.005574436363531277
1043.0 0.005697039523511194
1044.0 0.005916032387176529
1045.0 0.006135024887043983
1046.0 0.006337519880617037
1047.0 0.006540014146594331
1048.0 0.007035164890112355
1049.0 0.0075303163612261415
1050.0 0.008270049147540703
1051.0 0.009009781206259504
1052.0 0.010498785559320822
1053.0 0.011987790639977902
1054.0 0.013855105498805642
1055.0 0.01572241890244186
1056.0 0.01863467914517969
1057.0 0.02154693938791752
1058.0 0.025949045084416866
1059.0 0.03035115369129926
1060.0 0.036481383722275496
1061.0 0.04261160793248564
1062.0 0.05029941094107926
1063.0 0.05798721686005592
1064.0 0.0672469031997025
1065.0 0.07650661864317954
1066.0 0.08567302720621228
1067.0 0.09483944741077721
1068.0 0.1039199996739626
1069.0 0.11300056939944625
1070.0 0.12177455937489867
1071.0 0.13054857263341546
1072.0 0.1406915602274239
1073.0 0.15083453617990017
1074.0 0.16118459170684218
1075.0 0.17153463559225202
1076.0 0.18129146192222834
1077.0 0.19104828825220466
1078.0 0.20052124746143818
1079.0 0.20999421831220388
1080.0 0.2202061703428626
1081.0 0.23041809909045696
1082.0 0.24075412657111883
1083.0 0.2510901540517807
1084.0 0.2651577815413475
1085.0 0.2792254090309143
1086.0 0.30128981452435255
1087.0 0.3233542200177908
1088.0 0.35898026544600725
1089.0 0.3946063108742237
1090.0 0.43507893569767475
1091.0 0.47555151395499706
1092.0 0.5310492124408484
1093.0 0.5865469109266996
1094.0 0.6758744828402996
1095.0 0.7652020547538996
1096.0 0.8505513891577721
1097.0 0.9359004907310009
1098.0 0.9954686276614666
1099.0 1.0550367645919323
1100.0 1.1447792872786522
1101.0 1.2345219030976295
