lsstCam/transmission_filter_detector/r24_s12/g_6/19700101T000000.ecsv
# %ECSV 1.0
# ---
# datatype:
# - {name: wavelength, unit: nm, datatype: float32}
# - {name: efficiency, unit: '%', datatype: float64}
# meta: !!omap
# - {MODE: DETECTOR}
# - {TYPE: transmission_filter_detector}
# - {CALIBDATE: '1970-01-01T00:00:00'}
# - {INSTRUME: LSSTCam}
# - {OBSTYPE: transmission_filter_detector}
# - {CALIBCLS: lsst.ip.isr.IntermediateFilterDetectorTransmissionCurve}
# - {SOURCE: Materion (DM-46256)}
# - {DETECTOR: 113}
# - {FILTER: g_6}
# - {CALIB_ID: 'calibDate=1970-01-01T00:00:00 filter=g_6 detector=113'}
# - {DATE: '2025-04-02T15:59:42.551244'}
# - {CALIB_CREATION_DATE: '2025-04-02'}
# - {CALIB_CREATION_TIME: '15:59:42'}
# - __serialized_columns__:
#     efficiency:
#       __class__: astropy.units.quantity.Quantity
#       unit: !astropy.units.Unit {unit: '%'}
#       value: !astropy.table.SerializedColumn {name: efficiency}
#     wavelength:
#       __class__: astropy.units.quantity.Quantity
#       unit: !astropy.units.Unit {unit: nm}
#       value: !astropy.table.SerializedColumn {name: wavelength}
# schema: astropy-2.0
wavelength efficiency
300.0 0.46843038871884346
301.0 0.3547119675204158
302.0 0.24099349975585938
303.0 0.22340216673910618
304.0 0.20581083372235298
305.0 0.21148400846868753
306.0 0.2171571832150221
307.0 0.22032062988728285
308.0 0.2234840765595436
309.0 0.21541668102145195
310.0 0.2073492854833603
311.0 0.20432453602552414
312.0 0.20129976328462362
313.0 0.19210774917155504
314.0 0.1829157001338899
315.0 0.17911252798512578
316.0 0.175309379119426
317.0 0.17606932669878006
318.0 0.17682932084426284
319.0 0.16186893917620182
320.0 0.14690854586660862
321.0 0.13986221747472882
322.0 0.1328159007243812
323.0 0.11632117675617337
324.0 0.0998264760710299
325.0 0.08917552186176181
326.0 0.07852456765249372
327.0 0.07176031940616667
328.0 0.06499607115983963
329.0 0.061962788458913565
330.0 0.0589295057579875
331.0 0.054934993386268616
332.0 0.050940486835315824
333.0 0.04727902705781162
334.0 0.04361756728030741
335.0 0.04203055868856609
336.0 0.04044354718644172
337.0 0.04145662533119321
338.0 0.042469706386327744
339.0 0.04126157728023827
340.0 0.040053451084531844
341.0 0.037961374619044363
342.0 0.03586929815355688
343.0 0.03265035047661513
344.0 0.029431399889290333
345.0 0.025860616005957127
346.0 0.02228983212262392
347.0 0.020888388098683208
348.0 0.01948694116435945
349.0 0.017988048784900457
350.0 0.6755861919373274
351.0 0.7011047098785639
352.0 0.7473296951502562
353.0 0.9800310246646404
354.0 0.5399738438427448
355.0 0.7290028501302004
356.0 0.3844738006591797
357.0 0.7993473671376705
358.0 0.5837780889123678
359.0 0.8236105553805828
360.0 0.44046174734830856
361.0 0.9063933975994587
362.0 0.6031840573996305
363.0 0.8657276630401611
364.0 0.6415254436433315
365.0 0.7487017661333084
366.0 0.5549815017729998
367.0 0.7156784646213055
368.0 0.3149060532450676
369.0 0.6023390684276819
370.0 0.3700213273987174
371.0 0.5567366722971201
372.0 0.38353358395397663
373.0 0.6367417983710766
374.0 0.3815044416114688
375.0 0.5580991972237825
376.0 0.43872734531760216
377.0 0.5730853416025639
378.0 0.3229612950235605
379.0 0.49531711265444756
380.0 0.3550265450030565
381.0 0.4636420402675867
382.0 0.5231956019997597
383.0 0.44704251922667027
384.0 0.6012998521327972
385.0 0.6274512968957424
386.0 0.6050722673535347
387.0 0.7876099087297916
388.0 1.0059763677418232
389.0 1.3642601668834686
390.0 2.0109936594963074
391.0 3.206160292029381
392.0 4.953370988368988
393.0 7.894086837768555
394.0 11.878473311662674
395.0 17.007547616958618
396.0 23.42079132795334
397.0 31.34777843952179
398.0 40.345773100852966
399.0 49.89064037799835
400.0 59.23205018043518
401.0 67.96301007270813
402.0 75.6546139717102
403.0 81.8414032459259
404.0 86.24548316001892
405.0 89.38733339309692
406.0 91.16774797439575
407.0 92.44229197502136
408.0 93.2368278503418
409.0 93.56000423431396
410.0 93.64244937896729
411.0 93.36822628974915
412.0 93.11494827270508
413.0 92.89374947547913
414.0 92.73213148117065
415.0 93.01413297653198
416.0 93.4522271156311
417.0 93.81452798843384
418.0 94.38295364379883
419.0 94.93613243103027
420.0 95.38356065750122
421.0 95.8822250366211
422.0 95.9627628326416
423.0 96.12833857536316
424.0 95.88931202888489
425.0 95.76769471168518
426.0 95.75120806694031
427.0 95.73230147361755
428.0 95.57874798774719
429.0 95.419180393219
430.0 95.34395933151245
431.0 95.48612236976624
432.0 95.50498127937317
433.0 95.60192823410034
434.0 95.63419818878174
435.0 95.80584764480591
436.0 95.88391780853271
437.0 95.79127430915833
438.0 95.88428139686584
439.0 95.99799513816833
440.0 95.95176577568054
441.0 96.15567922592163
442.0 96.10333442687988
443.0 95.98190188407898
444.0 95.86654305458069
445.0 95.61116099357605
446.0 95.54869532585144
447.0 95.40796279907227
448.0 95.43309211730957
449.0 95.68396806716919
450.0 95.91020345687866
451.0 96.16758823394775
452.0 96.34109735488892
453.0 96.38439416885376
454.0 96.44774794578552
455.0 96.74069881439209
456.0 96.84969782829285
457.0 96.95928692817688
458.0 96.96984887123108
459.0 97.0151424407959
460.0 97.01963663101196
461.0 97.1125841140747
462.0 96.95457220077515
463.0 96.87783122062683
464.0 96.93000316619873
465.0 96.87289595603943
466.0 96.5476393699646
467.0 96.90588116645813
468.0 96.91810011863708
469.0 96.96199893951416
470.0 96.81249856948853
471.0 96.63245677947998
472.0 96.73475623130798
473.0 96.61805033683777
474.0 96.48606777191162
475.0 96.5938925743103
476.0 96.64075374603271
477.0 96.70581221580505
478.0 96.8475878238678
479.0 96.8211829662323
480.0 97.020024061203
481.0 97.09683060646057
482.0 97.27904200553894
483.0 97.18108773231506
484.0 97.35724329948425
485.0 97.38461971282959
486.0 97.4047303199768
487.0 97.41494059562683
488.0 97.46543765068054
489.0 97.57192730903625
490.0 97.54798412322998
491.0 97.54904508590698
492.0 97.4790096282959
493.0 97.5018560886383
494.0 97.47785925865173
495.0 97.53717184066772
496.0 97.42569327354431
497.0 97.31277823448181
498.0 97.13401794433594
499.0 97.13837504386902
500.0 97.09974527359009
501.0 97.11039066314697
502.0 97.01956510543823
503.0 97.20414876937866
504.0 97.02631831169128
505.0 97.0241367816925
506.0 97.05525636672974
507.0 96.97902798652649
508.0 97.00590968132019
509.0 97.0000147819519
510.0 96.94944620132446
511.0 96.92908525466919
512.0 96.86379432678223
513.0 96.96547985076904
514.0 96.95605635643005
515.0 96.95272445678711
516.0 97.06038236618042
517.0 97.09658026695251
518.0 97.1676230430603
519.0 97.14323282241821
520.0 97.15033173561096
521.0 97.25213050842285
522.0 97.2219705581665
523.0 97.19367623329163
524.0 97.18127846717834
525.0 97.20220565795898
526.0 97.22593426704407
527.0 97.21038341522217
528.0 97.28033542633057
529.0 97.35819101333618
530.0 97.4116563796997
531.0 97.50632643699646
532.0 97.37886190414429
533.0 97.38306403160095
534.0 97.294020652771
535.0 96.97869420051575
536.0 96.51647210121155
537.0 95.74046730995178
538.0 94.65739727020264
539.0 92.90984869003296
540.0 90.8290684223175
541.0 87.72370219230652
542.0 84.55055356025696
543.0 80.4535448551178
544.0 75.53521394729614
545.0 71.28310203552246
546.0 66.32561683654785
547.0 61.92552447319031
548.0 57.80920386314392
549.0 54.19512391090393
550.0 51.450055837631226
551.0 48.715394735336304
552.0 46.403297781944275
553.0 43.77656280994415
554.0 40.44235348701477
555.0 36.64001524448395
556.0 31.759706139564514
557.0 26.40610635280609
558.0 20.9071546792984
559.0 15.735338628292084
560.0 11.126991361379623
561.0 7.096940279006958
562.0 4.315465688705444
563.0 2.388676069676876
564.0 1.252279244363308
565.0 0.5858530290424824
566.0 0.32660497818142176
567.0 0.16888701356947422
568.0 0.11141608702018857
569.0 0.07502260850742459
570.0 0.06566988886334002
571.0 0.04407640080899
572.0 0.042477945680730045
573.0 0.031248197774402797
574.0 0.040237605571746826
575.0 0.028464585193432868
576.0 0.03181059437338263
577.0 0.022881681798025966
578.0 0.028740055859088898
579.0 0.019153283210471272
580.0 0.024116577696986496
581.0 0.02262790221720934
582.0 0.029206022736616433
583.0 0.010848539386643097
584.0 0.01903937809402123
585.0 0.01123268812079914
586.0 0.013173425395507365
587.0 0.015242780500557274
588.0 0.015300892118830234
589.0 0.010069994459627196
590.0 0.018387191812507808
591.0 0.011147165059810504
592.0 0.015409679326694459
593.0 0.006691993621643633
594.0 0.00987291059573181
595.0 0.007818273297743872
596.0 0.012410643103066832
597.0 0.0050558166549308226
598.0 0.01192802083096467
599.0 0.007992086466401815
600.0 0.008461159450234845
601.0 0.002129144559148699
602.0 0.002259710709040519
603.0 0.0023902768589323387
604.0 0.0021695304894819856
605.0 0.0019487843019305728
606.0 0.001963026079465635
607.0 0.0019772678570006974
608.0 0.001801738835638389
609.0 0.0016262098142760806
610.0 0.0017262946130358614
611.0 0.0018263792298967019
612.0 0.0017673826732789166
613.0 0.0017083861166611314
614.0 0.0016886469893506728
615.0 0.0016689080439391546
616.0 0.0017686112187220715
617.0 0.0018683143935049884
618.0 0.0017762202332960442
619.0 0.0016841262549860403
620.0 0.0016657044398016296
621.0 0.0016472829884150997
622.0 0.0014937473679310642
623.0 0.0013402116564975586
624.0 0.0013367926840146538
625.0 0.0013333738934306893
626.0 0.001305196747125592
627.0 0.0012770199646183755
628.0 0.001365325806546025
629.0 0.0014536320122715551
630.0 0.0013523353118216619
631.0 0.001251038338523358
632.0 0.0013543764907808509
633.0 0.0014577145520888735
634.0 0.001374961357214488
635.0 0.0012922078894916922
636.0 0.0012845818673667964
637.0 0.0012769563909387216
638.0 0.0012144398169766646
639.0 0.0011519231520651374
640.0 0.0011259337043156847
641.0 0.0010999440746672917
642.0 0.0012791448170901276
643.0 0.0014583456504624337
644.0 0.001326399615209084
645.0 0.001194453398056794
646.0 0.0012442725164873991
647.0 0.0012940916349180043
648.0 0.0011765278031816706
649.0 0.001058963971445337
650.0 0.001169515962828882
651.0 0.0012800677723134868
652.0 0.001162646458396921
653.0 0.001045225144480355
654.0 0.0011119744158349931
655.0 0.0011787239600380417
656.0 0.0011556870049389545
657.0 0.0011326501407893375
658.0 0.0011371685104677454
659.0 0.0011416873348935042
660.0 0.0010142059181816876
661.0 0.000886724501469871
662.0 0.001027993221214274
663.0 0.0011692619409586769
664.0 0.0011772058314818423
665.0 0.001185149358207127
666.0 0.0011216925486223772
667.0 0.0010582354661892168
668.0 0.0011329138033033814
669.0 0.0012075922313670162
670.0 0.0011629299478954636
671.0 0.001118267664423911
672.0 0.0011258370250288863
673.0 0.0011334062037349213
674.0 0.001109157983592013
675.0 0.0010849095815501641
676.0 0.0010586678399704397
677.0 0.0010324257345928345
678.0 0.0010782639947137795
679.0 0.001124102436733665
680.0 0.0010548712452873588
681.0 0.0009856400538410526
682.0 0.0010403094165667426
683.0 0.0010949785973934922
684.0 0.0009664950084697921
685.0 0.0008380114195460919
686.0 0.0010089383067679591
687.0 0.0011798651939898264
688.0 0.001109984441427514
689.0 0.0010401036888652015
690.0 0.0010036448657047004
691.0 0.0009671860425441992
692.0 0.0009664685421739705
693.0 0.000965751132753212
694.0 0.0010716506949393079
695.0 0.001177550348074874
696.0 0.0011434459338488523
697.0 0.0011093413377238903
698.0 0.0012131849871366285
699.0 0.0013170285455998965
700.0 0.0011697730769810732
701.0 0.0010225174264633097
702.0 0.0011672442269627936
703.0 0.0013119708455633372
704.0 0.001250958212040132
705.0 0.0011899454875674564
706.0 0.0011350130989740137
707.0 0.001080080710380571
708.0 0.0010826034667843487
709.0 0.0010851264050870668
710.0 0.0011412146704969928
711.0 0.0011973032997047994
712.0 0.001200456972583197
713.0 0.001203610827360535
714.0 0.001218410034198314
715.0 0.001233209331985563
716.0 0.001439832976757316
717.0 0.0016464568034280092
718.0 0.001887334292405285
719.0 0.0021282115994836204
720.0 0.0018033428204944357
721.0 0.001478473950555781
722.0 0.001531133966636844
723.0 0.0015837940736673772
724.0 0.0015685383914387785
725.0 0.0015532827092101797
726.0 0.0016517504263902083
727.0 0.0017502181435702369
728.0 0.001873160363174975
729.0 0.0019961024008807726
730.0 0.0020119248802075163
731.0 0.00202774735953426
732.0 0.0018672662918106653
733.0 0.0017067855878849514
734.0 0.0015250428077706601
735.0 0.0013433002095553093
736.0 0.0012228788364154752
737.0 0.0011024575542251114
738.0 0.0010563335308688693
739.0 0.0010102097803610377
740.0 0.0009129999853030313
741.0 0.0008157900992955547
742.0 0.0008431084097537678
743.0 0.0008704269021109212
744.0 0.0010128137546416838
745.0 0.0011552007890713867
746.0 0.0010439778634463437
747.0 0.0009327550287707709
748.0 0.0010899408152909018
749.0 0.001247126692760503
750.0 0.0010905756425927393
751.0 0.0009340249562228564
752.0 0.0008035382052185014
753.0 0.0006730514996888814
754.0 0.0007522128726122901
755.0 0.0008313742000609636
756.0 0.0008254508429672569
757.0 0.0008195275768230204
758.0 0.0008317523679579608
759.0 0.0008439773409918416
760.0 0.0007085352081048768
761.0 0.0005730929842684418
762.0 0.0005845664418302476
763.0 0.0005960398084425833
764.0 0.0007280425961653236
765.0 0.0008600454748375341
766.0 0.0007494850706279976
767.0 0.000638924620943726
768.0 0.0006128652785264421
769.0 0.0005868058906344231
770.0 0.0004950228230882203
771.0 0.0004032398010167526
772.0 0.0005106709522806341
773.0 0.0006181022399687208
774.0 0.0006840291007392807
775.0 0.0007499560524593107
776.0 0.0007507655027438886
777.0 0.0007515749075537315
778.0 0.000701936187397223
779.0 0.0006522975581901846
780.0 0.0006685352218482876
781.0 0.0006847729309811257
782.0 0.0006133781425887719
783.0 0.000541983308721683
784.0 0.0006426469553844072
785.0 0.0007433106020471314
786.0 0.00065566810008022
787.0 0.0005680258254869841
788.0 0.00040145837374439
789.0 0.00023489103568863356
790.0 0.0002690999053811538
791.0 0.00030330877507367404
792.0 0.00030873738978698384
793.0 0.0003141660272376612
794.0 0.0002766384568531066
795.0 0.00023911088646855205
796.0 0.0003765522478715866
797.0 0.0005139936092746211
798.0 0.0005020759999752045
799.0 0.0004901584361505229
800.0 0.0005283912742015673
801.0 0.000566624294151552
802.0 0.0004772189640789293
803.0 0.0003878136794810416
804.0 0.0003290924723842181
805.0 0.0002703712880247622
806.0 0.00031401530122820986
807.0 0.00035765931443165755
808.0 0.0004389676632854389
809.0 0.0005202759894018527
810.0 0.0003509567250148393
811.0 0.00018163740378440707
812.0 0.0002443573066557292
813.0 0.0003070772208957351
814.0 0.00033904545944096753
815.0 0.0003710136979862
816.0 0.0004422226993483491
817.0 0.0005134315870236605
818.0 0.00043169266064069234
819.0 0.0003499537797324592
820.0 0.00042636233956727665
821.0 0.000502770853927359
822.0 0.0004653134055843111
823.0 0.00042785595724126324
824.0 0.0004210327006148873
825.0 0.00041420939851377625
826.0 0.0005298118594510015
827.0 0.0006454143203882268
828.0 0.0005955737833573949
829.0 0.000545733246326563
830.0 0.00045609190237883013
831.0 0.00036645053569372976
832.0 0.00043125683077960275
833.0 0.0004960630576533731
834.0 0.0004091541541129118
835.0 0.00032224525057245046
836.0 0.0004385924057714874
837.0 0.0005549395609705243
838.0 0.0005001573754270794
839.0 0.0004453752808331046
840.0 0.0005000041255698306
841.0 0.0005546329248318216
842.0 0.00030586706998292357
843.0 5.710119239665801e-05
844.0 0.0001527573090243095
845.0 0.00024841340291459346
846.0 0.000420894048147602
847.0 0.0005933747161179781
848.0 0.00058335699577583
849.0 0.0005733392754336819
850.0 0.000532490457771928
851.0 0.0004916416401101742
852.0 0.0005553448772843694
853.0 0.0006190478870848892
854.0 0.0006233449312276207
855.0 0.0006276418389461469
856.0 0.0005355993835109985
857.0 0.0004435569735505851
858.0 0.0004578375865094131
859.0 0.00047211829041771125
860.0 0.0004629374871001346
861.0 0.00045375663830782287
862.0 0.000480887729281676
863.0 0.000508018774780794
864.0 0.0004929625902150292
865.0 0.00047790636017452925
866.0 0.0005042491466156207
867.0 0.0005305918875819771
868.0 0.0006194782145030331
869.0 0.0007083645414240891
870.0 0.0006129617304395651
871.0 0.000517558828505571
872.0 0.00045507294998969883
873.0 0.0003925869350496214
874.0 0.00045027563828625716
875.0 0.0005079643415228929
876.0 0.0005356146630219882
877.0 0.0005632649845210835
878.0 0.0006235382443264825
879.0 0.0006838115041318815
880.0 0.000648757622911944
881.0 0.0006137040145404171
882.0 0.000556254190087202
883.0 0.0004988045475329272
884.0 0.0005507545665750513
885.0 0.0006027046765666455
886.0 0.0006932262749614893
887.0 0.0007837479643058032
888.0 0.0006520916485897033
889.0 0.0005204352873988682
890.0 0.0005804213287774473
891.0 0.0006404073246812914
892.0 0.0006067425601941068
893.0 0.0005730778866563924
894.0 0.0005380998118198477
895.0 0.0005031217824580381
896.0 0.000315565125674766
897.0 0.00012800843478544266
898.0 0.00027658086310111685
899.0 0.0004251533027854748
900.0 0.00037599254483211553
901.0 0.00032683178687875625
902.0 0.0005018703632231336
903.0 0.0006769089850422461
904.0 0.00039917786125442944
905.0 0.00012144672609792906
906.0 0.0003274258460805868
