lsstCam/transmission_filter_detector/r24_s12/g_6/19700101T000000.ecsv
# %ECSV 1.0
# ---
# datatype:
# - {name: wavelength, unit: nm, datatype: float32}
# - {name: efficiency, unit: '%', datatype: float64}
# meta: !!omap
# - {MODE: DETECTOR}
# - {TYPE: transmission_filter_detector}
# - {CALIBDATE: '1970-01-01T00:00:00'}
# - {INSTRUME: LSSTCam}
# - {OBSTYPE: transmission_filter_detector}
# - {CALIBCLS: lsst.ip.isr.IntermediateFilterDetectorTransmissionCurve}
# - {SOURCE: Materion (DM-46256)}
# - {DETECTOR: 113}
# - {FILTER: g_6}
# - {CALIB_ID: 'calibDate=1970-01-01T00:00:00 filter=g_6 detector=113'}
# - {DATE: '2025-04-02T15:59:42.551244'}
# - {CALIB_CREATION_DATE: '2025-04-02'}
# - {CALIB_CREATION_TIME: '15:59:42'}
# - __serialized_columns__:
#     efficiency:
#       __class__: astropy.units.quantity.Quantity
#       unit: !astropy.units.Unit {unit: '%'}
#       value: !astropy.table.SerializedColumn {name: efficiency}
#     wavelength:
#       __class__: astropy.units.quantity.Quantity
#       unit: !astropy.units.Unit {unit: nm}
#       value: !astropy.table.SerializedColumn {name: wavelength}
# schema: astropy-2.0
wavelength efficiency
[from data line 608]
908.0 0.00048731772039900534
909.0 0.00044123053157818504
910.0 0.0003432135372349876
911.0 0.0002451965201544226
912.0 0.00042275955820514355
913.0 0.0006003226644679671
914.0 0.00041390421756659634
915.0 0.0002274858388773282
916.0 0.0002842798494384624
917.0 0.0003410738599995966
918.0 0.0003086285005338141
919.0 0.00027618314106803155
920.0 0.0003439818556216778
921.0 0.00041178059291269165
922.0 0.0004926110250380589
923.0 0.0005734414571634261
924.0 0.0005117084128869465
925.0 0.00044997527766099665
926.0 0.0004729231477540452
927.0 0.0004958710633218288
928.0 0.0005372693522076588
929.0 0.000578667777517694
930.0 0.0005356070687412284
931.0 0.0004925464054394979
932.0 0.0005051355856267037
933.0 0.0005177248567633796
934.0 0.0005210329163674032
935.0 0.000524341066920897
936.0 0.0004655236352846259
937.0 0.00040670629459782504
938.0 0.00055128484746092
939.0 0.000695863400324015
940.0 0.0006768159437342547
941.0 0.0006577683961950243
942.0 0.0006885939001222141
943.0 0.000719419404049404
944.0 0.0006923555247340119
945.0 0.0006652915544691496
946.0 0.0006502996711788
947.0 0.0006353077424137155
948.0 0.000880289553606417
949.0 0.0011252715012233239
950.0 0.0009978828529710881
951.0 0.0008704942956683226
952.0 0.000876184094522614
953.0 0.0008818738933769055
954.0 0.0007795879355398938
955.0 0.0006773020686523523
956.0 0.0005599785254162271
957.0 0.0004426548912306316
958.0 0.0005919438081036787
959.0 0.0007412327249767259
960.0 0.0006157883035484701
961.0 0.000490343700221274
962.0 0.0006036235845385818
963.0 0.0007169034233811544
964.0 0.0007331940651056357
965.0 0.0007494845704059117
966.0 0.0007794846169417724
967.0 0.0008094846634776331
968.0 0.000753278800402768
969.0 0.0006970728918531677
970.0 0.0006906253474880941
971.0 0.0006841778940724907
972.0 0.000776030447013909
973.0 0.0008678829544805922
974.0 0.0008501232514390722
975.0 0.0008323637302964926
976.0 0.0008352398253919091
977.0 0.000838116102386266
978.0 0.0009345811122329906
979.0 0.0010310462130291853
980.0 0.0010277958608639892
981.0 0.0010245455086987931
982.0 0.0009622002835385501
983.0 0.0008998552402772475
984.0 0.0009404876436747145
985.0 0.0009811201380216517
986.0 0.0011884256309713237
987.0 0.0013957309420220554
988.0 0.0014336947060655802
989.0 0.0014716581063112244
990.0 0.0015290484952856787
991.0 0.0015864392480580136
992.0 0.0015764619092806242
993.0 0.0015664845705032349
994.0 0.0015561341569991782
995.0 0.001545783925394062
996.0 0.001482827701693168
997.0 0.0014198713870428037
998.0 0.0014808345440542325
999.0 0.0015417977920151316
1000.0 0.0014351984646054916
1001.0 0.0013285989552969113
1002.0 0.001248135322384769
1003.0 0.0011676715985231567
1004.0 0.0011395913134037983
1005.0 0.0011115109373349696
1006.0 0.0013336596566659864
1007.0 0.0015558083759970032
1008.0 0.0015375244402093813
1009.0 0.00151924086821964
1010.0 0.0016183315892703831
1011.0 0.0017174224922200665
1012.0 0.0018345806893194094
1013.0 0.0019517390683176927
1014.0 0.0020383969967952
1015.0 0.0021250552890705876
1016.0 0.0024045015379670076
1017.0 0.0026839477868634276
1018.0 0.0028724361982312985
1019.0 0.003060924427700229
1020.0 0.003224916508770548
1021.0 0.003388908226042986
1022.0 0.003566196028259583
1023.0 0.0037434841942740604
1024.0 0.0038108162698335946
1025.0 0.0038781483453931287
1026.0 0.004013105353806168
1027.0 0.004148061998421326
1028.0 0.004394471034174785
1029.0 0.004640880069928244
1030.0 0.004666175664169714
1031.0 0.0046914705308154225
1032.0 0.005027539009461179
1033.0 0.0053636071243090555
1034.0 0.005267887536319904
1035.0 0.005172168675926514
1036.0 0.005301284909364767
1037.0 0.00543040077900514
1038.0 0.005708914977731183
1039.0 0.005987429176457226
1040.0 0.006271880556596443
1041.0 0.00655633193673566
1042.0 0.006719420343870297
1043.0 0.006882509478600696
1044.0 0.007216507219709456
1045.0 0.007550504233222455
1046.0 0.008496864029439166
1047.0 0.009443223098060116
1048.0 0.01063860472640954
1049.0 0.011833984171971679
1050.0 0.014076184015721083
1051.0 0.016318382404278964
1052.0 0.019704610167536885
1053.0 0.023090842296369374
1054.0 0.027618356398306787
1055.0 0.0321458705002442
1056.0 0.038591871270909905
1057.0 0.04503786622080952
1058.0 0.052404182497411966
1059.0 0.059770484222099185
1060.0 0.06735612405464053
1061.0 0.0749417522456497
1062.0 0.08209513616748154
1063.0 0.08924849680624902
1064.0 0.09450644720345736
1065.0 0.09976436849683523
1066.0 0.1045056851580739
1067.0 0.10924700181931257
1068.0 0.11569485068321228
1069.0 0.12214272283017635
1070.0 0.13179603265598416
1071.0 0.1414493308402598
1072.0 0.15435474924743176
1073.0 0.16726015601307154
1074.0 0.18226912943646312
1075.0 0.19727814942598343
1076.0 0.21145730279386044
1077.0 0.22563645616173744
1078.0 0.23938589729368687
1079.0 0.25313529185950756
1080.0 0.26937839575111866
1081.0 0.28562149964272976
1082.0 0.3096122993156314
1083.0 0.333603098988533
1084.0 0.370322004891932
1085.0 0.40704095736145973
1086.0 0.4411292728036642
1087.0 0.4752176348119974
1088.0 0.537486607208848
1089.0 0.5997556261718273
1090.0 0.6777542643249035
1091.0 0.7557528559118509
1092.0 0.7835051976144314
1093.0 0.8112573064863682
1094.0 0.8471961133182049
1095.0 0.8831348270177841
1096.0 0.9261501021683216
1097.0 0.9691654704511166
1098.0 1.0017508640885353
1099.0 1.034336443990469
1100.0 1.1737947352230549
1101.0 1.3132528401911259
