lsstCam/transmission_filter_detector/r02_s00/i_39/19700101T000000.ecsv
# %ECSV 1.0
# ---
# datatype:
# - {name: wavelength, unit: nm, datatype: float32}
# - {name: efficiency, unit: '%', datatype: float64}
# meta: !!omap
# - {MODE: DETECTOR}
# - {TYPE: transmission_filter_detector}
# - {CALIBDATE: '1970-01-01T00:00:00'}
# - {INSTRUME: LSSTCam}
# - {OBSTYPE: transmission_filter_detector}
# - {CALIBCLS: lsst.ip.isr.IntermediateFilterDetectorTransmissionCurve}
# - {SOURCE: Materion (DM-46256)}
# - {DETECTOR: 9}
# - {FILTER: i_39}
# - {CALIB_ID: 'calibDate=1970-01-01T00:00:00 filter=i_39 detector=9'}
# - {DATE: '2025-04-02T15:59:46.520621'}
# - {CALIB_CREATION_DATE: '2025-04-02'}
# - {CALIB_CREATION_TIME: '15:59:46'}
# - __serialized_columns__:
#     efficiency:
#       __class__: astropy.units.quantity.Quantity
#       unit: !astropy.units.Unit {unit: '%'}
#       value: !astropy.table.SerializedColumn {name: efficiency}
#     wavelength:
#       __class__: astropy.units.quantity.Quantity
#       unit: !astropy.units.Unit {unit: nm}
#       value: !astropy.table.SerializedColumn {name: wavelength}
# schema: astropy-2.0
wavelength efficiency
300.0 0.08746646926738322
301.0 0.04906306858174503
302.0 0.010659707913873717
303.0 0.028873037081211805
304.0 0.04708637134172022
305.0 0.03575595037546009
306.0 0.024425529409199953
307.0 0.0059312835219316185
308.0 1.700506705934468e-10
309.0 1.700506705934468e-10
310.0 1.700506705934468e-10
311.0 1.700506705934468e-10
312.0 0.005834366675117053
313.0 0.002007131843129173
314.0 1.700506705934468e-10
315.0 1.700506705934468e-10
316.0 1.700506705934468e-10
317.0 1.700506705934468e-10
318.0 0.0002659525080161984
319.0 1.700506705934468e-10
320.0 1.700506705934468e-10
321.0 1.700506705934468e-10
322.0 1.700506705934468e-10
323.0 1.700506705934468e-10
324.0 1.700506705934468e-10
325.0 1.700506705934468e-10
326.0 1.700506705934468e-10
327.0 1.700506705934468e-10
328.0 0.00288480514427647
329.0 0.0018808319509844296
330.0 0.000876859667187091
331.0 0.0012288594916753937
332.0 0.0015808600437594578
333.0 0.0019282897483208217
334.0 0.002275719634781126
335.0 0.0014594125786970835
336.0 0.0006431062956835376
337.0 0.001455852634535404
338.0 0.002268598836963065
339.0 0.003314886271255091
340.0 0.004361174433142878
341.0 1.700506705934468e-10
342.0 1.700506705934468e-10
343.0 1.700506705934468e-10
344.0 1.700506705934468e-10
345.0 1.700506705934468e-10
346.0 1.700506705934468e-10
347.0 1.700506705934468e-10
348.0 1.700506705934468e-10
349.0 1.700506705934468e-10
350.0 0.0003242762431909796
351.0 0.000152394875385653
352.0 1.700506705934468e-10
353.0 1.700506705934468e-10
354.0 1.700506705934468e-10
355.0 1.700506705934468e-10
356.0 1.700506705934468e-10
357.0 0.00042170531742158346
358.0 0.0013867122106603347
359.0 0.0013063132428214885
360.0 0.0012259138202352915
361.0 0.0006471251708717318
362.0 6.833660677330045e-05
363.0 1.700506705934468e-10
364.0 1.700506705934468e-10
365.0 0.0006358391601679614
366.0 0.0021129255401319824
367.0 0.0012908824828627985
368.0 0.00046883956201781984
369.0 0.0009537458026898094
370.0 0.0014386522707354743
371.0 0.0011072597771999426
372.0 0.0007758672836644109
373.0 0.000569125631955103
374.0 0.00036238391203369247
375.0 1.700506705934468e-10
376.0 1.700506705934468e-10
377.0 1.700506705934468e-10
378.0 1.700506705934468e-10
379.0 1.700506705934468e-10
380.0 1.700506705934468e-10
381.0 1.700506705934468e-10
382.0 1.700506705934468e-10
383.0 0.00026886148134508403
384.0 0.0012810422958864365
385.0 0.0010910357559623662
386.0 0.0009010290341393556
387.0 1.700506705934468e-10
388.0 1.700506705934468e-10
389.0 1.700506705934468e-10
390.0 1.700506705934468e-10
391.0 1.700506705934468e-10
392.0 1.700506705934468e-10
393.0 1.700506705934468e-10
394.0 0.00030105941277724924
395.0 1.700506705934468e-10
396.0 1.700506705934468e-10
397.0 1.700506705934468e-10
398.0 1.700506705934468e-10
399.0 1.700506705934468e-10
400.0 0.00019798908397206105
401.0 1.700506705934468e-10
402.0 1.700506705934468e-10
403.0 0.000635546575722401
404.0 0.0026898085707216524
405.0 0.004483598604565486
406.0 0.00627738845651038
407.0 0.00343265819537919
408.0 0.0005879253421881003
409.0 1.700506705934468e-10
410.0 1.700506705934468e-10
411.0 0.0016895141015993431
412.0 0.004832906051888131
413.0 0.0047001030907267705
414.0 0.0045673012209590524
415.0 0.004028318653581664
416.0 0.0034893349948106334
417.0 0.0018635311789694242
418.0 0.00023772688564349664
419.0 0.002877096449083183
420.0 0.005516465535038151
421.0 0.0050768856453942135
422.0 0.004637305755750276
423.0 0.004682411235990003
424.0 0.004727515988633968
425.0 0.003558118987712078
426.0 0.0023887208953965455
427.0 0.0033731048461049795
428.0 0.0043574887968134135
429.0 0.004765804987982847
430.0 0.005174122270545922
431.0 0.004714015813078731
432.0 0.004253910083207302
433.0 0.0053649368055630475
434.0 0.0064759631641209126
435.0 0.003954416388296522
436.0 0.001432869703421602
437.0 0.0017268001101911068
438.0 0.002020730789809022
439.0 0.0023635506295249797
440.0 0.0027063704692409374
441.0 0.0010566310265858192
442.0 1.700506705934468e-10
443.0 1.700506705934468e-10
444.0 1.700506705934468e-10
445.0 1.700506705934468e-10
446.0 1.700506705934468e-10
447.0 0.00014649713193648495
448.0 0.000339100074597809
449.0 1.700506705934468e-10
450.0 1.700506705934468e-10
451.0 0.00010417076055091457
452.0 0.0012530894309747964
453.0 0.0014892067156324629
454.0 0.0017253241821890697
455.0 0.0017637685232330114
456.0 0.0018022130461758934
457.0 0.0013473981198330875
458.0 0.0008925831025408115
459.0 0.0005015764145355206
460.0 0.00011056981747969985
461.0 0.00039318797462328803
462.0 0.0006758062227163464
463.0 0.00017127331375377253
464.0 1.700506705934468e-10
465.0 0.00020681147816503653
466.0 0.0007468825060641393
467.0 0.0007596468094561715
468.0 0.0007724110218987335
469.0 0.00048712427087593824
470.0 0.0002018376562773483
471.0 0.0004357490524853347
472.0 0.0006696604486933211
473.0 0.0008608212738181464
474.0 0.0010519823263166472
475.0 0.000511525558977155
476.0 1.700506705934468e-10
477.0 0.0004061384970555082
478.0 0.0008412079296249431
479.0 0.0010641765584296081
480.0 0.0012871451872342732
481.0 0.002513141771487426
482.0 0.003739136809599586
483.0 0.0050550774176372215
484.0 0.006371018389472738
485.0 0.006245682743610814
486.0 0.006120347825344652
487.0 0.00900309532880783
488.0 0.011885843559866771
489.0 0.01573410991113633
490.0 0.019582375534810126
491.0 0.02324436791241169
492.0 0.026906360290013254
493.0 0.029777936288155615
494.0 0.03264951810706407
495.0 0.0293619348667562
496.0 0.026074351626448333
497.0 0.019662725389935076
498.0 0.01325109915342182
499.0 0.009612503345124424
500.0 0.0059739079006249085
501.0 0.004315554542699829
502.0 0.0026572013666736893
503.0 0.002123627928085625
504.0 0.0015900543075986207
505.0 0.0015552079275948927
506.0 0.0015203614566416945
507.0 0.0018486565750208683
508.0 0.0021769514205516316
509.0 0.0022728419935447164
510.0 0.0023687322027399205
511.0 0.001817984230001457
512.0 0.001267236439161934
513.0 0.0014884862139297184
514.0 0.0017097359886975028
515.0 0.0021701029254472815
516.0 0.002630470225994941
517.0 0.0021691124857170507
518.0 0.001707754927338101
519.0 0.0020492710973485373
520.0 0.002390787449257914
521.0 0.001950389560079202
522.0 0.0015099917618499603
523.0 0.001527692802483216
524.0 0.001545394115964882
525.0 0.0020113919163122773
526.0 0.002477389534760732
527.0 0.002656654760357924
528.0 0.002835919804056175
529.0 0.00299100429401733
530.0 0.0031460891477763653
531.0 0.0028091571948607452
532.0 0.0024722254238440655
533.0 0.002040011531789787
534.0 0.0016077980035333894
535.0 0.0016003436030587181
536.0 0.0015928890206851065
537.0 0.002273781501571648
538.0 0.002954673436761368
539.0 0.003454102625255473
540.0 0.003953531995648518
541.0 0.004642887506633997
542.0 0.005332243745215237
543.0 0.005171242810320109
544.0 0.005010242966818623
545.0 0.004261314825271256
546.0 0.00351238704752177
547.0 0.0027380177925806493
548.0 0.001963648173841648
549.0 0.0020036659407196566
550.0 0.002043684071395546
551.0 0.0016550668078707531
552.0 0.0012664499081438407
553.0 0.0016159034203155898
554.0 0.0019653569324873388
555.0 0.001677604996075388
556.0 0.0013898530596634373
557.0 0.0010629157259245403
558.0 0.0007359785286098486
559.0 0.00028135664251749404
560.0 1.700506705934468e-10
561.0 0.0006550397301907651
562.0 0.001483344840380596
563.0 0.0015801988411112688
564.0 0.0016770529327914119
565.0 0.0013054387636657339
566.0 0.000933824685489526
567.0 0.0009513015356787946
568.0 0.0009687783858680632
569.0 0.0008953534234024119
570.0 0.00082192818808835
571.0 0.0005021155175199965
572.0 0.00018230282421427546
573.0 0.00037331044495658716
574.0 0.0005643181793857366
575.0 0.0005753160621679854
576.0 0.0005863137630512938
577.0 0.0006276271506067133
578.0 0.0006689404017379275
579.0 0.00030340158900798997
580.0 1.700506705934468e-10
581.0 0.0002247412339784205
582.0 0.0005116196916787885
583.0 0.00047616244955861475
584.0 0.0004407051619637059
585.0 0.0005344429609976942
586.0 0.0006281808509811526
587.0 0.000670481722409022
588.0 0.0007127825028874213
589.0 0.0007070176707202336
590.0 0.0007012528385530459
591.0 0.0009824138032854535
592.0 0.0012635748134925961
593.0 0.0007933947017590981
594.0 0.0003232146809750702
595.0 0.0005294508810038678
596.0 0.0007356869446084602
597.0 0.000682781683281064
598.0 0.0006298765129031381
599.0 0.0005843855888088001
600.0 0.0005388944828155218
601.0 0.00044504913603304885
602.0 0.00035120369830110576
603.0 0.00030676694677822525
604.0 0.0002623300360937719
605.0 0.0002251419800813892
606.0 0.00018795390133163892
607.0 0.0003887084858433809
608.0 0.0005894629339309176
609.0 0.0005209843493503286
610.0 0.00045250544644659385
611.0 0.0007146924417611444
612.0 0.0009768795280251652
613.0 0.0005620966021524509
614.0 0.00014731381270394195
615.0 1.700506705934468e-10
616.0 1.700506705934468e-10
617.0 1.700506705934468e-10
618.0 0.00015807344198037754
619.0 0.00026148541110160295
620.0 0.0003648974370662472
621.0 0.0005090748800284928
622.0 0.0006532523002533708
623.0 0.000525728182765306
624.0 0.00039820411075197626
625.0 0.00047201210691127926
626.0 0.0005458201030705823
627.0 0.00036953945254936116
628.0 0.00019325880202814005
629.0 0.000363216781806841
630.0 0.0005331748070602771
631.0 0.0004828415967494948
632.0 0.00043250843191344757
633.0 0.00047703119889774825
634.0 0.0005215539658820489
635.0 0.0004235403594066156
636.0 0.0003255266619817121
637.0 0.0003045369112442131
638.0 0.0002835470013451413
639.0 0.0005836443506268552
640.0 0.0008837415407469962
641.0 0.0006417108124878723
642.0 0.0003996799932792783
643.0 0.0005796247478428995
644.0 0.0007595694569317857
645.0 0.0007116347660485189
646.0 0.0006637001206399873
647.0 0.0007263223778863903
648.0 0.0007889450898801442
649.0 0.0006908979685249506
650.0 0.0005928508471697569
651.0 0.0007996636668394785
652.0 0.0010064765774586704
653.0 0.0011928537787753157
654.0 0.001379230889142491
655.0 0.001860000702436082
656.0 0.0023407706976286136
657.0 0.0032179446861846372
658.0 0.004095117765245959
659.0 0.006592817953787744
660.0 0.03543518541846424
661.0 0.0669860397465527
662.0 0.09037361014634371
663.0 0.07129275472834706
664.0 0.07644346333108842
665.0 0.11160647263750434
666.0 0.10995978955179453
667.0 0.1797485980205238
668.0 0.15963916666805744
669.0 0.23892431054264307
670.0 0.2953693037852645
671.0 0.44486294500529766
672.0 0.6688664201647043
673.0 1.1007695458829403
674.0 1.6292823478579521
675.0 2.4922145530581474
676.0 3.476279228925705
677.0 4.815260320901871
678.0 6.148957833647728
679.0 7.5653426349163055
680.0 9.360232204198837
681.0 11.361904442310333
682.0 13.936907052993774
683.0 16.68521910905838
684.0 19.705693423748016
685.0 22.585617005825043
686.0 25.593319535255432
687.0 28.754818439483643
688.0 31.924939155578613
689.0 35.048529505729675
690.0 38.61725926399231
691.0 42.4788624048233
692.0 47.23581075668335
693.0 52.260249853134155
694.0 58.010441064834595
695.0 63.60768675804138
696.0 69.90602016448975
697.0 75.49962997436523
698.0 81.72938227653503
699.0 86.37667894363403
700.0 90.14394879341125
701.0 93.17074418067932
702.0 95.32575607299805
703.0 96.51162028312683
704.0 97.14736938476562
705.0 97.65796065330505
706.0 97.70247340202332
707.0 97.85546064376831
708.0 97.88967370986938
709.0 98.00517559051514
710.0 97.74954319000244
711.0 97.93909788131714
712.0 97.8398084640503
713.0 97.84778952598572
714.0 97.96709418296814
715.0 98.0098307132721
716.0 97.88014888763428
717.0 98.0427622795105
718.0 98.14754724502563
719.0 98.11390042304993
720.0 98.36832880973816
721.0 98.25608134269714
722.0 97.99197316169739
723.0 97.7539598941803
724.0 97.4688708782196
725.0 97.16145992279053
726.0 96.85181379318237
727.0 96.58041596412659
728.0 96.27143144607544
729.0 96.0492491722107
730.0 96.0139274597168
731.0 96.1107611656189
732.0 96.12663984298706
733.0 96.44145369529724
734.0 96.91155552864075
735.0 97.16070294380188
736.0 97.48805165290833
737.0 97.98251390457153
738.0 98.1682300567627
739.0 98.59182238578796
740.0 98.64369630813599
741.0 98.46301674842834
742.0 98.7666130065918
743.0 98.64059686660767
744.0 98.46311211585999
745.0 98.42138886451721
746.0 98.41523170471191
747.0 98.62409830093384
748.0 98.54022264480591
749.0 98.36282134056091
750.0 98.38724136352539
751.0 98.32192659378052
752.0 98.2709288597107
753.0 98.35880994796753
754.0 98.37811589241028
755.0 98.45083355903625
756.0 98.53705763816833
757.0 98.53779077529907
758.0 98.72635006904602
759.0 98.67145419120789
760.0 98.49326014518738
761.0 98.40124845504761
762.0 98.4291136264801
763.0 98.39487075805664
764.0 98.29509258270264
765.0 98.28141927719116
766.0 98.28914999961853
767.0 98.13677668571472
768.0 98.11301231384277
769.0 98.23597073554993
770.0 97.97893166542053
771.0 98.04761409759521
772.0 98.12596440315247
773.0 98.08717966079712
774.0 97.87814617156982
775.0 98.02930355072021
776.0 97.86975979804993
777.0 97.9370653629303
778.0 97.87407517433167
779.0 97.87093997001648
780.0 97.76930809020996
781.0 98.02490472793579
782.0 97.85469174385071
783.0 97.88691401481628
784.0 97.87525534629822
785.0 98.05904030799866
786.0 98.11679720878601
787.0 97.89343476295471
788.0 98.01630973815918
789.0 98.08439612388611
790.0 98.05163741111755
791.0 98.1152355670929
792.0 97.94102311134338
793.0 97.93291687965393
794.0 97.87540435791016
795.0 97.76498675346375
796.0 97.83034324645996
797.0 97.93545007705688
798.0 97.941654920578
799.0 97.79325127601624
800.0 97.75736331939697
801.0 97.65627384185791
802.0 97.65474796295166
803.0 97.40533828735352
804.0 97.2525954246521
805.0 96.95799350738525
806.0 96.7716932296753
807.0 96.21855020523071
808.0 95.54709196090698
809.0 94.72588300704956
810.0 93.67356896400452
811.0 92.188161611557
812.0 90.25729298591614
813.0 88.02715539932251
814.0 85.38234829902649
815.0 82.09719061851501
816.0 78.66506576538086
817.0 74.60988163948059
818.0 69.85929608345032
819.0 65.57288765907288
820.0 60.60812473297119
821.0 55.90217113494873
822.0 51.40877962112427
823.0 46.736517548561096
824.0 42.10452437400818
825.0 37.78914213180542
826.0 33.33013355731964
827.0 28.6299467086792
828.0 24.419735372066498
829.0 20.21298259496689
830.0 15.863627195358276
831.0 12.36782819032669
832.0 8.895968645811081
833.0 6.116236746311188
834.0 4.009280726313591
835.0 2.5028957054018974
836.0 1.4725451357662678
837.0 0.8212612941861153
838.0 0.5055275280028582
839.0 0.31119734048843384
840.0 0.17395713366568089
841.0 0.04117016796953976
842.0 0.05376178305596113
843.0 0.02727051032707095
844.0 1.700506705934468e-10
845.0 1.700506705934468e-10
846.0 1.700506705934468e-10
847.0 1.700506705934468e-10
848.0 1.700506705934468e-10
849.0 1.700506705934468e-10
850.0 0.013246644812170416
851.0 1.700506705934468e-10
852.0 0.0010446294254506938
853.0 0.0011113940672657918
854.0 0.00117815880003036
855.0 0.0011031735994038172
856.0 0.0010281884897267446
857.0 0.0010775232112791855
858.0 0.0011268575690337457
859.0 0.0006355933692248072
860.0 0.0001443290557290311
861.0 0.00022199308205017587
862.0 0.00029965701742185047
863.0 0.0001041378709487617
864.0 1.700506705934468e-10
865.0 1.700506705934468e-10
866.0 5.824106352747549e-06
867.0 2.2277846767337905e-05
868.0 3.873153389122308e-05
869.0 1.700506705934468e-10
870.0 1.700506705934468e-10
871.0 2.8259512419026578e-05
872.0 0.00020218458303133957
873.0 0.0002509226078473148
874.0 0.00029966054171381984
875.0 0.00018686579323912156
876.0 7.407102202705573e-05
877.0 1.700506705934468e-10
878.0 1.700506705934468e-10
879.0 1.700506705934468e-10
880.0 0.00033793171496654395
881.0 0.0001482727952861751
882.0 1.700506705934468e-10
883.0 0.00017496437294539646
884.0 0.0003913148248102516
885.0 0.0001837512172642164
886.0 1.700506705934468e-10
887.0 3.573265132672532e-05
888.0 9.527772704132076e-05
889.0 1.700506705934468e-10
890.0 1.700506705934468e-10
891.0 5.929103608082187e-06
892.0 0.00016844594483700348
893.0 0.00026195668851869414
894.0 0.0003554674322003848
895.0 1.700506705934468e-10
896.0 1.700506705934468e-10
897.0 1.700506705934468e-10
898.0 1.700506705934468e-10
