lsstCam/transmission_filter_detector/r02_s00/i_39/19700101T000000.ecsv
# %ECSV 1.0
# ---
# datatype:
# - {name: wavelength, unit: nm, datatype: float32}
# - {name: efficiency, unit: '%', datatype: float64}
# meta: !!omap
# - {MODE: DETECTOR}
# - {TYPE: transmission_filter_detector}
# - {CALIBDATE: '1970-01-01T00:00:00'}
# - {INSTRUME: LSSTCam}
# - {OBSTYPE: transmission_filter_detector}
# - {CALIBCLS: lsst.ip.isr.IntermediateFilterDetectorTransmissionCurve}
# - {SOURCE: Materion (DM-46256)}
# - {DETECTOR: 9}
# - {FILTER: i_39}
# - {CALIB_ID: 'calibDate=1970-01-01T00:00:00 filter=i_39 detector=9'}
# - {DATE: '2025-04-02T15:59:46.520621'}
# - {CALIB_CREATION_DATE: '2025-04-02'}
# - {CALIB_CREATION_TIME: '15:59:46'}
# - __serialized_columns__:
#     efficiency:
#       __class__: astropy.units.quantity.Quantity
#       unit: !astropy.units.Unit {unit: '%'}
#       value: !astropy.table.SerializedColumn {name: efficiency}
#     wavelength:
#       __class__: astropy.units.quantity.Quantity
#       unit: !astropy.units.Unit {unit: nm}
#       value: !astropy.table.SerializedColumn {name: wavelength}
# schema: astropy-2.0
wavelength efficiency
[from data line 600]
900.0 1.700506705934468e-10
901.0 1.700506705934468e-10
902.0 1.700506705934468e-10
903.0 1.700506705934468e-10
904.0 1.700506705934468e-10
905.0 1.700506705934468e-10
906.0 1.700506705934468e-10
907.0 1.700506705934468e-10
908.0 9.949285413313191e-05
909.0 1.700506705934468e-10
910.0 1.700506705934468e-10
911.0 1.700506705934468e-10
912.0 4.371325132979109e-05
913.0 8.123950010485714e-05
914.0 0.00011876575172209414
915.0 3.495896692129463e-05
916.0 1.700506705934468e-10
917.0 1.700506705934468e-10
918.0 1.700506705934468e-10
919.0 1.700506705934468e-10
920.0 0.00014583624761144165
921.0 4.372328987756191e-05
922.0 1.700506705934468e-10
923.0 1.700506705934468e-10
924.0 1.700506705934468e-10
925.0 1.1205315075812905e-05
926.0 0.00021059513528598472
927.0 1.700506705934468e-10
928.0 1.700506705934468e-10
929.0 1.700506705934468e-10
930.0 0.00012637960935535375
931.0 0.00012586508546519326
932.0 0.00012535056157503277
933.0 3.326766773170675e-05
934.0 1.700506705934468e-10
935.0 1.700506705934468e-10
936.0 1.700506705934468e-10
937.0 1.700506705934468e-10
938.0 1.700506705934468e-10
939.0 1.700506705934468e-10
940.0 1.700506705934468e-10
941.0 1.700506705934468e-10
942.0 6.896416948620754e-05
943.0 1.700506705934468e-10
944.0 1.700506705934468e-10
945.0 1.700506705934468e-10
946.0 1.700506705934468e-10
947.0 1.700506705934468e-10
948.0 1.700506705934468e-10
949.0 1.700506705934468e-10
950.0 1.700506705934468e-10
951.0 1.700506705934468e-10
952.0 1.700506705934468e-10
953.0 1.700506705934468e-10
954.0 1.700506705934468e-10
955.0 5.418591513262072e-05
956.0 0.0002539552042435389
957.0 0.0001794163267732074
958.0 0.00010487739245945704
959.0 0.00012636396604648326
960.0 0.00014785055100219324
961.0 0.00016443193544546375
962.0 0.0001810133085200505
963.0 9.490761385677615e-05
964.0 8.801927720014646e-06
965.0 1.700506705934468e-10
966.0 1.700506705934468e-10
967.0 1.700506705934468e-10
968.0 1.700506705934468e-10
969.0 1.700506705934468e-10
970.0 9.968024414774845e-05
971.0 1.700506705934468e-10
972.0 1.700506705934468e-10
973.0 1.700506705934468e-10
974.0 1.700506705934468e-10
975.0 1.700506705934468e-10
976.0 1.700506705934468e-10
977.0 1.700506705934468e-10
978.0 1.700506705934468e-10
979.0 1.700506705934468e-10
980.0 1.700506705934468e-10
981.0 1.700506705934468e-10
982.0 1.700506705934468e-10
983.0 1.700506705934468e-10
984.0 1.700506705934468e-10
985.0 6.112170467531541e-05
986.0 0.0002446453436277807
987.0 1.941089919910155e-05
988.0 1.700506705934468e-10
989.0 1.700506705934468e-10
990.0 1.700506705934468e-10
991.0 1.700506705934468e-10
992.0 1.700506705934468e-10
993.0 1.700506705934468e-10
994.0 9.875817852389446e-06
995.0 1.700506705934468e-10
996.0 1.700506705934468e-10
997.0 6.720320016029291e-05
998.0 0.0002826755689966376
999.0 0.0003410531917324988
1000.0 0.0003994307917309925
1001.0 0.0001818707460188307
1002.0 1.700506705934468e-10
1003.0 8.331849130627234e-05
1004.0 0.00020232635051797843
1005.0 1.700506705934468e-10
1006.0 1.700506705934468e-10
1007.0 1.700506705934468e-10
1008.0 0.00010417196563139441
1009.0 5.671137159879436e-06
1010.0 1.700506705934468e-10
1011.0 3.594878137391788e-05
1012.0 0.0001647272597438132
1013.0 0.0003309116891614394
1014.0 0.0004970961981598521
1015.0 0.00042477254282857757
1016.0 0.0003524490011841408
1017.0 0.0004357697434898
1018.0 0.000519090599482297
1019.0 0.00041833172872429714
1020.0 0.0003175727897541947
1021.0 0.00020241218408045825
1022.0 8.725155566935427e-05
1023.0 0.00043279533201712184
1024.0 0.0007783392902638298
1025.0 0.0005756263817602303
1026.0 0.00037291349599399837
1027.0 0.0003834190465568099
1028.0 0.0003939245743822539
1029.0 0.0007873479262343608
1030.0 0.0011807712326117326
1031.0 0.001679732849879656
1032.0 0.0021786940124002285
1033.0 0.0024239403501269408
1034.0 0.0026691859602578916
1035.0 0.00325671790051274
1036.0 0.0038442492950707674
1037.0 0.0038290992961265147
1038.0 0.0038139485695865005
1039.0 0.0030311870432342403
1040.0 0.0022484256987809204
1041.0 0.001765114939189516
1042.0 0.0012818039976991713
1043.0 0.0018660064597497694
1044.0 0.0024502089218003675
1045.0 0.003038746399397496
1046.0 0.003627284604590386
1047.0 0.0035831901186611503
1048.0 0.003539095268934034
1049.0 0.003022041346412152
1050.0 0.00250498724199133
1051.0 0.0025955858291126788
1052.0 0.0026861847800319083
1053.0 0.0018387016098131426
1054.0 0.0009912183486449067
1055.0 0.0007934387213026639
1056.0 0.0005956590939604212
1057.0 0.0009321643119619694
1058.0 0.001268669711862458
1059.0 0.0011251738214923535
1060.0 0.0009816782039706595
1061.0 0.0017485672287875786
1062.0 0.002515455889806617
1063.0 0.002674952702363953
1064.0 0.0028344493330223486
1065.0 0.003090125392191112
1066.0 0.003345802178955637
1067.0 0.004329787770984694
1068.0 0.005313774090609513
1069.0 0.004370479655335657
1070.0 0.0034271852200618014
1071.0 0.003036259840882849
1072.0 0.0026453339160070755
1073.0 0.0026944158889818937
1074.0 0.0027434976800577715
1075.0 0.0026253877877024934
1076.0 0.002507277349650394
1077.0 0.0019395101844565943
1078.0 0.0013717425645154435
1079.0 0.0017954340364667587
1080.0 0.002219125599367544
1081.0 0.0012343941307335626
1082.0 0.0002496623892511707
1083.0 1.700506705934468e-10
1084.0 1.700506705934468e-10
1085.0 0.0002850101509466185
1086.0 0.0012713951946352609
1087.0 0.001406710816809209
1088.0 0.0015420266208820976
1089.0 1.700506705934468e-10
1090.0 1.700506705934468e-10
1091.0 1.700506705934468e-10
1092.0 1.700506705934468e-10
1093.0 1.700506705934468e-10
1094.0 1.700506705934468e-10
1095.0 1.700506705934468e-10
1096.0 1.700506705934468e-10
1097.0 1.700506705934468e-10
1098.0 1.700506705934468e-10
1099.0 1.700506705934468e-10
1100.0 0.0001513062102276308
