lsstCam/transmission_sensor/r20_s10/19700101T000000.ecsv
# %ECSV 1.0
# ---
# datatype:
# - {name: amp_name, datatype: string}
# - {name: wavelength, unit: nm, datatype: float32}
# - {name: efficiency, unit: '%', datatype: float64}
# meta: !!omap
# - {MODE: AMP}
# - {TYPE: transmission_sensor}
# - {CALIBDATE: '1970-01-01T00:00:00'}
# - {INSTRUME: LSSTCAM}
# - {OBSTYPE: transmission_sensor}
# - {DETECTOR: 75}
# - {PARQUETFILE: qe_raft_allvalues_nircorrected_20230725.parquet}
# - {CALIBCLS: lsst.ip.isr.IntermediateSensorTransmissionCurve}
# - {CALIB_ID: 'raftName=R20 detectorName=S10 detector=75 calibDate=1970-01-01T00:00:00 ccd=75 ccdnum=75 filter=None'}
# - {DATE: '2023-08-02T16:57:55.745864'}
# - {CALIB_CREATION_DATE: '2023-08-02'}
# - {CALIB_CREATION_TIME: '16:57:55'}
# - __serialized_columns__:
#     efficiency:
#       __class__: astropy.units.quantity.Quantity
#       unit: !astropy.units.Unit {unit: '%'}
#       value: !astropy.table.SerializedColumn {name: efficiency}
#     wavelength:
#       __class__: astropy.units.quantity.Quantity
#       unit: !astropy.units.Unit {unit: nm}
#       value: !astropy.table.SerializedColumn {name: wavelength}
# schema: astropy-2.0
amp_name wavelength efficiency
C00 319.994 44.45792007446289
C00 324.969 44.4029426574707
C00 349.982 47.01295852661133
C00 374.975 60.90361404418945
C00 400.019 78.45410919189453
C00 424.965 85.05205535888672
C00 450.035 86.5604476928711
C00 475.003 86.7280044555664
C00 500.018 86.31359100341797
C00 525.002 85.87088775634766
C00 550.029 86.2306137084961
C00 575.023 87.29139709472656
C00 599.982 88.61334228515625
C00 619.997 89.58700561523438
C00 624.979 89.98573303222656
C00 650.012 91.24317169189453
C00 675.004 92.87773132324219
C00 700.03 93.89156341552734
C00 725.012 95.02510833740234
C00 750.022 96.43367004394531
C00 774.987 97.74066925048828
C00 799.976 98.53836822509766
C00 824.988 98.38983917236328
C00 850.022 97.63142395019531
C00 869.967 95.42634582519531
C00 875.002 94.3560562133789
C00 899.999 88.82665252685547
C00 919.999 80.88630676269531
C00 925.012 78.095458984375
C00 949.965 64.3572769165039
C00 975.002 49.572628021240234
C00 999.976 32.25151443481445
C00 1025.028 15.602636337280273
C00 1050.014 6.25316047668457
C00 1075.002 0.918707474132816
C00 1099.99 0.09115331158424644
C01 319.994 44.15883255004883
C01 324.969 44.02846908569336
C01 349.982 46.341346740722656
C01 374.975 59.94679641723633
C01 400.019 77.52207946777344
C01 424.965 84.31774139404297
C01 450.035 85.9864273071289
C01 475.003 86.23207092285156
C01 500.018 85.82759857177734
C01 525.002 85.38182067871094
C01 550.029 85.72991943359375
C01 575.023 86.74357604980469
C01 599.982 88.01139068603516
C01 619.997 88.935546875
C01 624.979 89.32286071777344
C01 650.012 90.53660583496094
C01 675.004 92.13780975341797
C01 700.03 93.16532897949219
C01 725.012 94.34347534179688
C01 750.022 95.83399963378906
C01 774.987 97.21208190917969
C01 799.976 98.05155181884766
C01 824.988 97.91531372070312
C01 850.022 97.17646789550781
C01 869.967 94.9383544921875
C01 875.002 93.86429595947266
C01 899.999 88.2508544921875
C01 919.999 80.36226654052734
C01 925.012 77.64778900146484
C01 949.965 64.03752136230469
C01 975.002 49.22381591796875
C01 999.976 32.21995544433594
C01 1025.028 15.541962623596191
C01 1050.014 6.2043561935424805
C01 1075.002 0.9129938048158159
C01 1099.99 0.09058640656365383
C02 319.994 44.37382507324219
C02 324.969 44.16584014892578
C02 349.982 46.16049575805664
C02 374.975 59.55720138549805
C02 400.019 77.2310791015625
C02 424.965 84.2331771850586
C02 450.035 86.02796936035156
C02 475.003 86.29109954833984
C02 500.018 85.86042022705078
C02 525.002 85.38019561767578
C02 550.029 85.7009506225586
C02 575.023 86.6858901977539
C02 599.982 87.94473266601562
C02 619.997 88.85504913330078
C02 624.979 89.23868560791016
C02 650.012 90.44588470458984
C02 675.004 92.04430389404297
C02 700.03 93.08988952636719
C02 725.012 94.2837905883789
C02 750.022 95.81359100341797
C02 774.987 97.21465301513672
C02 799.976 98.07887268066406
C02 824.988 97.959228515625
C02 850.022 97.23272705078125
C02 869.967 94.92524719238281
C02 875.002 93.83658599853516
C02 899.999 88.1725082397461
C02 919.999 80.35841369628906
C02 925.012 77.69022369384766
C02 949.965 64.25531005859375
C02 975.002 49.262142181396484
C02 999.976 32.299747467041016
C02 1025.028 15.606865882873535
C02 1050.014 6.234758377075195
C02 1075.002 0.9127991169750623
C02 1099.99 0.09056708981495029
C03 319.994 44.696319580078125
C03 324.969 44.391300201416016
C03 349.982 45.99286651611328
C03 374.975 59.14018630981445
C03 400.019 76.95691680908203
C03 424.965 84.25049591064453
C03 450.035 86.22723388671875
C03 475.003 86.51232147216797
C03 500.018 86.0538330078125
C03 525.002 85.53478240966797
C03 550.029 85.82097625732422
C03 575.023 86.76866149902344
C03 599.982 88.0094985961914
C03 619.997 88.90253448486328
C03 624.979 89.28276824951172
C03 650.012 90.4836196899414
C03 675.004 92.07678985595703
C03 700.03 93.12515258789062
C03 725.012 94.31407165527344
C03 750.022 95.84562683105469
C03 774.987 97.2427978515625
C03 799.976 98.12214660644531
C03 824.988 98.02432250976562
C03 850.022 97.30699157714844
C03 869.967 94.93334197998047
C03 875.002 93.82222747802734
C03 899.999 88.10079956054688
C03 919.999 80.35184478759766
C03 925.012 77.73094177246094
C03 949.965 64.48656463623047
C03 975.002 49.25782775878906
C03 999.976 32.33405685424805
C03 1025.028 15.658330917358398
C03 1050.014 6.263591289520264
C03 1075.002 0.9131043317301176
C03 1099.99 0.09059737294255185
C04 319.994 44.745582580566406
C04 324.969 44.37397003173828
C04 349.982 45.69670867919922
C04 374.975 58.626277923583984
C04 400.019 76.50054168701172
C04 424.965 83.99176788330078
C04 450.035 86.11157989501953
C04 475.003 86.45298767089844
C04 500.018 85.99223327636719
C04 525.002 85.43803405761719
C04 550.029 85.68531036376953
C04 575.023 86.59197235107422
C04 599.982 87.8093490600586
C04 619.997 88.67225646972656
C04 624.979 89.04952239990234
C04 650.012 90.23175048828125
C04 675.004 91.81246948242188
C04 700.03 92.853759765625
C04 725.012 94.01053619384766
C04 750.022 95.52601623535156
C04 774.987 96.89271545410156
C04 799.976 97.76087188720703
C04 824.988 97.68766784667969
C04 850.022 96.98168182373047
C04 869.967 94.59320831298828
C04 875.002 93.48942565917969
C04 899.999 87.79502868652344
C04 919.999 80.12720489501953
C04 925.012 77.53820037841797
C04 949.965 64.36162567138672
C04 975.002 49.10429000854492
C04 999.976 32.2609748840332
C04 1025.028 15.642176628112793
C04 1050.014 6.263180255889893
C04 1075.002 0.9100596183771326
C04 1099.99 0.09029527928078934
C05 319.994 44.84579086303711
C05 324.969 44.41941452026367
C05 349.982 45.54024887084961
C05 374.975 58.33345413208008
C05 400.019 76.29285430908203
C05 424.965 83.94744110107422
C05 450.035 86.17481994628906
C05 475.003 86.55587768554688
C05 500.018 86.09080505371094
C05 525.002 85.50969696044922
C05 550.029 85.72904205322266
C05 575.023 86.61763000488281
C05 599.982 87.81685638427734
C05 619.997 88.6807861328125
C05 624.979 89.05655670166016
C05 650.012 90.2352294921875
C05 675.004 91.8162612915039
C05 700.03 92.83865356445312
C05 725.012 93.97600555419922
C05 750.022 95.4551773071289
C05 774.987 96.80252838134766
C05 799.976 97.66238403320312
C05 824.988 97.60800170898438
C05 850.022 96.9035415649414
C05 869.967 94.53901672363281
C05 875.002 93.43769836425781
C05 899.999 87.80435943603516
C05 919.999 80.20252990722656
C05 925.012 77.60939025878906
C05 949.965 64.3118896484375
C05 975.002 49.134666442871094
C05 999.976 32.27800369262695
C05 1025.028 15.650033950805664
C05 1050.014 6.269509315490723
C05 1075.002 0.9093849663534438
C05 1099.99 0.09022834092678902
C06 319.994 44.932151794433594
C06 324.969 44.47734451293945
C06 349.982 45.47872543334961
C06 374.975 58.20673370361328
C06 400.019 76.23509979248047
C06 424.965 83.97765350341797
C06 450.035 86.24146270751953
C06 475.003 86.62838745117188
C06 500.018 86.15422058105469
C06 525.002 85.54488372802734
C06 550.029 85.73723602294922
C06 575.023 86.63214874267578
C06 599.982 87.83706665039062
C06 619.997 88.71781921386719
C06 624.979 89.09640502929688
C06 650.012 90.28298950195312
C06 675.004 91.87210083007812
C06 700.03 92.87881469726562
C06 725.012 94.0016860961914
C06 750.022 95.44140625
C06 774.987 96.77075958251953
C06 799.976 97.61831665039062
C06 824.988 97.58382415771484
C06 850.022 96.88238525390625
C06 869.967 94.52873229980469
C06 875.002 93.42509460449219
C06 899.999 87.8563003540039
C06 919.999 80.30274963378906
C06 925.012 77.71139526367188
C06 949.965 64.34153747558594
C06 975.002 49.2016716003418
C06 999.976 32.31376266479492
C06 1025.028 15.681131362915039
C06 1050.014 6.294241905212402
C06 1075.002 0.9092540038195903
C06 1099.99 0.09021534694449289
C07 319.994 44.94254684448242
C07 324.969 44.446781158447266
C07 349.982 45.26298522949219
C07 374.975 57.86388397216797
C07 400.019 75.96739196777344
C07 424.965 83.84685516357422
C07 450.035 86.1928939819336
C07 475.003 86.57918548583984
C07 500.018 86.08547973632812
C07 525.002 85.45280456542969
C07 550.029 85.6157455444336
C07 575.023 86.52249908447266
C07 599.982 87.7640380859375
C07 619.997 88.6630859375
C07 624.979 89.04671478271484
C07 650.012 90.25076293945312
C07 675.004 91.85060119628906
C07 700.03 92.86892700195312
C07 725.012 93.97333526611328
C07 750.022 95.3979263305664
C07 774.987 96.69589233398438
C07 799.976 97.54684448242188
C07 824.988 97.5274658203125
C07 850.022 96.85150146484375
C07 869.967 94.46308898925781
C07 875.002 93.3349380493164
C07 899.999 87.72334289550781
C07 919.999 80.31588745117188
C07 925.012 77.74507141113281
C07 949.965 64.42721557617188
C07 975.002 49.33491516113281
C07 999.976 32.30062484741211
C07 1025.028 15.684632301330566
C07 1050.014 6.266733169555664
C07 1075.002 0.908839973663798
C07 1099.99 0.09017426725279686
C10 319.994 44.298133850097656
C10 324.969 44.215396881103516
C10 349.982 46.69819259643555
C10 374.975 60.493526458740234
C10 400.019 77.98611450195312
C10 424.965 84.6295166015625
C10 450.035 86.2254638671875
C10 475.003 86.43807220458984
C10 500.018 86.01837158203125
C10 525.002 85.56605529785156
C10 550.029 85.90416717529297
C10 575.023 86.9017562866211
C10 599.982 88.21866607666016
C10 619.997 89.12227630615234
C10 624.979 89.51211547851562
C10 650.012 90.7378158569336
C10 675.004 92.33442687988281
C10 700.03 93.3776626586914
C10 725.012 94.43791198730469
C10 750.022 95.86058807373047
C10 774.987 97.08323669433594
C10 799.976 97.86080932617188
C10 824.988 97.68367767333984
C10 850.022 96.97505187988281
C10 869.967 94.8399429321289
C10 875.002 93.80192565917969
C10 899.999 87.70478057861328
C10 919.999 79.39835357666016
C10 925.012 76.61518859863281
C10 949.965 63.07487106323242
C10 975.002 48.51372146606445
C10 999.976 31.561307907104492
C10 1025.028 15.253037452697754
C10 1050.014 6.189784526824951
C10 1075.002 0.9132480905558654
C10 1099.99 0.09061163656117403
C11 319.994 44.34275436401367
C11 324.969 44.20508575439453
C11 349.982 46.50052261352539
C11 374.975 60.12415313720703
C11 400.019 77.73556518554688
C11 424.965 84.57975006103516
C11 450.035 86.265625
C11 475.003 86.52507781982422
C11 500.018 86.13380432128906
C11 525.002 85.67886352539062
C11 550.029 86.01921081542969
C11 575.023 87.01522064208984
C11 599.982 88.25884246826172
C11 619.997 89.17711639404297
C11 624.979 89.56048583984375
C11 650.012 90.76248931884766
C11 675.004 92.36198425292969
C11 700.03 93.36862182617188
C11 725.012 94.53572082519531
C11 750.022 96.00347900390625
C11 774.987 97.37688446044922
C11 799.976 98.19237518310547
C11 824.988 98.02993774414062
C11 850.022 97.32315826416016
C11 869.967 95.129638671875
C11 875.002 94.05264282226562
C11 899.999 88.01049041748047
C11 919.999 79.56578826904297
C11 925.012 76.75910949707031
C11 949.965 63.20261001586914
C11 975.002 48.76210403442383
C11 999.976 31.67266273498535
C11 1025.028 15.238504409790039
C11 1050.014 6.157054901123047
C11 1075.002 0.91460853629894
C11 1099.99 0.09074661873798608
C12 319.994 44.47871780395508
C12 324.969 44.27641677856445
C12 349.982 46.29561996459961
C12 374.975 59.736114501953125
C12 400.019 77.4325180053711
C12 424.965 84.44810485839844
C12 450.035 86.25444793701172
C12 475.003 86.54901885986328
C12 500.018 86.14691162109375
C12 525.002 85.66246032714844
C12 550.029 85.97918701171875
C12 575.023 86.94161224365234
C12 599.982 88.1712417602539
C12 619.997 89.0693130493164
C12 624.979 89.45023345947266
C12 650.012 90.64386749267578
C12 675.004 92.234375
C12 700.03 93.2582015991211
C12 725.012 94.43987274169922
C12 750.022 95.9448013305664
C12 774.987 97.34209442138672
C12 799.976 98.1789321899414
C12 824.988 98.02348327636719
C12 850.022 97.30999755859375
C12 869.967 95.0753173828125
C12 875.002 93.9975814819336
C12 899.999 87.96233367919922
C12 919.999 79.57501983642578
C12 925.012 76.7764892578125
C12 949.965 63.19761276245117
C12 975.002 48.738929748535156
C12 999.976 31.679147720336914
C12 1025.028 15.258049964904785
C12 1050.014 6.159874439239502
C12 1075.002 0.9140492645919046
C12 1099.99 0.09069112831300638
C13 319.994 44.64506530761719
C13 324.969 44.37764358520508
C13 349.982 46.15254211425781
C13 374.975 59.43814468383789
C13 400.019 77.25902557373047
C13 424.965 84.4681625366211
C13 450.035 86.38482666015625
C13 475.003 86.70446014404297
C13 500.018 86.28207397460938
C13 525.002 85.76917266845703
C13 550.029 86.054931640625
C13 575.023 86.99560546875
C13 599.982 88.21692657470703
C13 619.997 89.10939025878906
C13 624.979 89.48998260498047
C13 650.012 90.6844711303711
C13 675.004 92.27439880371094
C13 700.03 93.29866790771484
C13 725.012 94.47803497314453
C13 750.022 95.98271942138672
C13 774.987 97.3771743774414
C13 799.976 98.21891021728516
C13 824.988 98.0736083984375
C13 850.022 97.34780883789062
C13 869.967 95.07383728027344
C13 875.002 93.98484802246094
C13 899.999 87.96444702148438
C13 919.999 79.64762115478516
C13 925.012 76.8528823852539
C13 949.965 63.2224006652832
C13 975.002 48.726837158203125
C13 999.976 31.690109252929688
C13 1025.028 15.274456977844238
C13 1050.014 6.157407760620117
C13 1075.002 0.9144105220882274
C13 1099.99 0.09072697194991107
C14 319.994 44.86655807495117
C14 324.969 44.54012680053711
C14 349.982 46.070823669433594
C14 374.975 59.236351013183594
C14 400.019 77.20198822021484
C14 424.965 84.61328887939453
C14 450.035 86.6783676147461
C14 475.003 87.06199645996094
C14 500.018 86.63109588623047
C14 525.002 86.0837173461914
C14 550.029 86.3333740234375
C14 575.023 87.23596954345703
C14 599.982 88.43378448486328
C14 619.997 89.30833435058594
C14 624.979 89.6857681274414
C14 650.012 90.86817169189453
C14 675.004 92.45281219482422
C14 700.03 93.4774169921875
C14 725.012 94.63673400878906
C14 750.022 96.12528228759766
C14 774.987 97.49429321289062
C14 799.976 98.33953857421875
C14 824.988 98.20287322998047
C14 850.022 97.46333312988281
C14 869.967 95.17285919189453
C14 875.002 94.08110809326172
C14 899.999 88.0641098022461
C14 919.999 79.78541564941406
C14 925.012 76.99674987792969
C14 949.965 63.271575927734375
C14 975.002 48.717735290527344
C14 999.976 31.724754333496094
C14 1025.028 15.318784713745117
C14 1050.014 6.1764445304870605
C14 1075.002 0.9157688889495963
C14 1099.99 0.09086174786199011
C15 319.994 45.006595611572266
C15 324.969 44.62504959106445
C15 349.982 45.93656921386719
C15 374.975 58.97462463378906
C15 400.019 77.04898071289062
C15 424.965 84.6488037109375
C15 450.035 86.84529876708984
C15 475.003 87.285888671875
C15 500.018 86.8543701171875
C15 525.002 86.281005859375
C15 550.029 86.48339080810547
C15 575.023 87.35124206542969
C15 599.982 88.51628112792969
C15 619.997 89.37683868408203
C15 624.979 89.75263977050781
C15 650.012 90.91976165771484
C15 675.004 92.49771118164062
C15 700.03 93.51038360595703
C15 725.012 94.6470947265625
C15 750.022 96.10572814941406
C15 774.987 97.4509506225586
C15 799.976 98.28732299804688
C15 824.988 98.1643295288086
C15 850.022 97.41416931152344
C15 869.967 95.11072540283203
C15 875.002 94.01802062988281
C15 899.999 88.02153015136719
C15 919.999 79.78977966308594
C15 925.012 77.01924896240234
C15 949.965 63.216705322265625
C15 975.002 48.6007080078125
C15 999.976 31.695735931396484
C15 1025.028 15.328753471374512
C15 1050.014 6.187251091003418
C15 1075.002 0.9155828209482331
C15 1099.99 0.09084328636583201
C16 319.994 45.08678436279297
C16 324.969 44.6465950012207
C16 349.982 45.736087799072266
C16 374.975 58.61284637451172
C16 400.019 76.7506103515625
C16 424.965 84.51207733154297
C16 450.035 86.83206176757812
C16 475.003 87.3155288696289
C16 500.018 86.88677215576172
C16 525.002 86.29268646240234
C16 550.029 86.48174285888672
C16 575.023 87.33451080322266
C16 599.982 88.47238159179688
C16 619.997 89.31645202636719
C16 624.979 89.68401336669922
C16 650.012 90.83470916748047
C16 675.004 92.3956527709961
C16 700.03 93.39103698730469
C16 725.012 94.5018310546875
C16 750.022 95.92033386230469
C16 774.987 97.23345184326172
C16 799.976 98.06538391113281
C16 824.988 97.9581298828125
C16 850.022 97.20735931396484
C16 869.967 94.89852905273438
C16 875.002 93.80630493164062
C16 899.999 87.8597640991211
C16 919.999 79.71304321289062
C16 925.012 76.9588394165039
C16 949.965 63.13003921508789
C16 975.002 48.475669860839844
C16 999.976 31.650678634643555
C16 1025.028 15.32876205444336
C16 1050.014 6.200337886810303
C16 1075.002 0.9138168792198302
C16 1099.99 0.0906680712498772
C17 319.994 44.987125396728516
C17 324.969 44.50706100463867
C17 349.982 45.42081832885742
C17 374.975 58.141822814941406
C17 400.019 76.29923248291016
C17 424.965 84.16966247558594
C17 450.035 86.5487060546875
C17 475.003 87.03585815429688
C17 500.018 86.5978012084961
C17 525.002 85.98060607910156
C17 550.029 86.15766143798828
C17 575.023 87.02421569824219
C17 599.982 88.18436431884766
C17 619.997 89.0307846069336
C17 624.979 89.40496826171875
C17 650.012 90.55892944335938
C17 675.004 92.12931823730469
C17 700.03 93.12033081054688
C17 725.012 94.20763397216797
C17 750.022 95.61239624023438
C17 774.987 96.89774322509766
C17 799.976 97.72489166259766
C17 824.988 97.65177917480469
C17 850.022 96.9195785522461
C17 869.967 94.60711669921875
C17 875.002 93.51549530029297
C17 899.999 87.65967559814453
C17 919.999 79.66458892822266
C17 925.012 76.9557876586914
C17 949.965 63.19047927856445
C17 975.002 48.46968460083008
C17 999.976 31.725955963134766
C17 1025.028 15.397592544555664
C17 1050.014 6.2296576499938965
C17 1075.002 0.9108833514892224
C17 1099.99 0.09037700932342284
