lsstCam/transmission_sensor/r20_s10/19700101T000000.ecsv
# %ECSV 1.0
# ---
# datatype:
# - {name: amp_name, datatype: string}
# - {name: wavelength, unit: nm, datatype: float32}
# - {name: efficiency, unit: '%', datatype: float64}
# meta: !!omap
# - {MODE: AMP}
# - {TYPE: transmission_sensor}
# - {CALIBDATE: '1970-01-01T00:00:00'}
# - {INSTRUME: LSSTCam}
# - {OBSTYPE: transmission_sensor}
# - {DETECTOR: 75}
# - {PARQUETFILE: qe_raft_allvalues_nircorrected_20230725_adjust.parquet}
# - {CORRFILE: qe_corr_factor_bydetnum.parquet}
# - {CALIBCLS: lsst.ip.isr.IntermediateSensorTransmissionCurve}
# - {CALIB_ID: 'raftName=R20 detectorName=S10 detector=75 calibDate=1970-01-01T00:00:00 ccd=75 ccdnum=75 filter=None'}
# - {DATE: '2025-03-03T21:56:47.797221'}
# - {CALIB_CREATION_DATE: '2025-03-03'}
# - {CALIB_CREATION_TIME: '21:56:47'}
# - __serialized_columns__:
#     efficiency:
#       __class__: astropy.units.quantity.Quantity
#       unit: !astropy.units.Unit {unit: '%'}
#       value: !astropy.table.SerializedColumn {name: efficiency}
#     wavelength:
#       __class__: astropy.units.quantity.Quantity
#       unit: !astropy.units.Unit {unit: nm}
#       value: !astropy.table.SerializedColumn {name: wavelength}
# schema: astropy-2.0
amp_name wavelength efficiency
C00 319.994 44.87829783342244
C00 324.969 44.82280057017316
C00 349.982 47.45749579048632
C00 374.975 61.479496243391566
C00 400.019 79.19594242538851
C00 424.965 85.85627634733574
C00 450.035 87.37893148506643
C00 475.003 87.5480726029516
C00 500.018 87.1297406094498
C00 525.002 86.68285132311863
C00 550.029 87.04597871171192
C00 575.023 88.1167924759245
C00 599.982 89.45123749440933
C00 619.997 90.43410742722537
C00 624.979 90.83660506418533
C00 650.012 92.10593360185243
C00 675.004 93.75594902855805
C00 700.03 94.77936754463907
C00 725.012 95.92363085084558
C00 750.022 97.34551139939828
C00 774.987 98.66486911026372
C00 799.976 99.47011083331272
C00 824.988 99.32017734442334
C00 850.022 98.55459082654649
C00 869.967 96.32866229291366
C00 875.002 95.24825241573848
C00 899.999 89.66656471938664
C00 919.999 81.65113796286087
C00 925.012 78.83390095327013
C00 949.965 64.96581568299557
C00 975.002 50.04136857946698
C00 999.976 32.556472906520966
C00 1025.028 15.750169134278893
C00 1050.014 6.3122880648218525
C00 1075.002 0.9273944344869773
C00 1099.99 0.09201522381003986
C01 319.994 44.5763822472584
C01 324.969 44.44478611387783
C01 349.982 46.77953349029176
C01 374.975 60.513631300480384
C01 400.019 78.25509977061179
C01 424.965 85.11501897941787
C01 450.035 86.79948337344433
C01 475.003 87.04744970495098
C01 500.018 86.63915281192291
C01 525.002 86.1891598068727
C01 550.029 86.54055005569471
C01 575.023 87.5637914364642
C01 599.982 88.84359406211618
C01 619.997 89.77648873248084
C01 624.979 90.16746487265746
C01 650.012 91.39268671775883
C01 675.004 93.00903103220719
C01 700.03 94.0462661025859
C01 725.012 95.2355525840568
C01 750.022 96.74017072615473
C01 774.987 98.13128364125185
C01 799.976 98.97869126997527
C01 824.988 98.84116495442679
C01 850.022 98.09533287455083
C01 869.967 95.83605669314262
C01 875.002 94.75184225753763
C01 899.999 89.0853221500436
C01 919.999 81.12214260887768
C01 925.012 78.38199796746973
C01 949.965 64.6430366377499
C01 975.002 49.68925823709602
C01 999.976 32.52461550582285
C01 1025.028 15.688921712248952
C01 1050.014 6.263022306308433
C01 1075.002 0.9216267388120439
C01 1099.99 0.0914429583438461
C02 319.994 44.7934076607656
C02 324.969 44.58345610741583
C02 349.982 46.59697244717597
C02 374.975 60.12035240125416
C02 400.019 77.96134781184773
C02 424.965 85.02965516234113
C02 450.035 86.84141823306025
C02 475.003 87.10703648343552
C02 500.018 86.67228481671036
C02 525.002 86.18751937985742
C02 550.029 86.51130732622516
C02 575.023 87.50556012818947
C02 599.982 88.77630574834863
C02 619.997 89.69522983370994
C02 624.979 90.08249383388015
C02 650.012 91.30110776170872
C02 675.004 92.91464101577878
C02 700.03 93.97011332170763
C02 725.012 95.17530347353792
C02 750.022 96.71956911927272
C02 774.987 98.13387905864222
C02 799.976 99.00627046782368
C02 824.988 98.88549499151573
C02 850.022 98.15212399572765
C02 869.967 95.82282545552644
C02 875.002 94.7238702813898
C02 899.999 89.0062350842225
C02 919.999 81.11825333355976
C02 925.012 78.42483390671376
C02 949.965 64.86288466393832
C02 975.002 49.72794689959015
C02 999.976 32.605162012580074
C02 1025.028 15.754438672901404
C02 1050.014 6.293711961719264
C02 1075.002 0.921430210074594
C02 1099.99 0.09142345894306354
C03 319.994 45.11895155717787
C03 324.969 44.8110480273313
C03 349.982 46.42775816470561
C03 374.975 59.69939418422084
C03 400.019 77.68459314145325
C03 424.965 85.04713764743353
C03 450.035 87.04256693158156
C03 475.003 87.3303502005013
C03 500.018 86.86752643766961
C03 525.002 86.3435678877615
C03 550.029 86.63246787929727
C03 575.023 87.5891140844747
C03 599.982 88.841684081366
C03 619.997 89.74316418931132
C03 624.979 90.12699330474531
C03 650.012 91.33919955521841
C03 675.004 92.94743415301379
C03 700.03 94.00570981778564
C03 725.012 95.20587086707614
C03 750.022 96.75190786592603
C03 774.987 98.1622900223012
C03 799.976 99.04995357594883
C03 824.988 98.95120449055025
C03 850.022 98.22709074017234
C03 869.967 95.8309967844617
C03 875.002 94.70937599198719
C03 899.999 88.93384835409762
C03 919.999 81.1116223116811
C03 925.012 78.4659370005191
C03 949.965 65.09632589990123
C03 975.002 49.72359168138762
C03 999.976 32.63979581674771
C03 1025.028 15.80639034184477
C03 1050.014 6.322817507591575
C03 1075.002 0.9217383108282411
C03 1099.99 0.09145402841679408
C04 319.994 45.168680370500184
C04 324.969 44.79355398993598
C04 349.982 46.12879996809024
C04 374.975 59.18062646909347
C04 400.019 77.22390270389495
C04 424.965 84.78596318291655
C04 450.035 86.9258193582266
C04 475.003 87.27045536060542
C04 500.018 86.8053442417947
C04 525.002 86.24590471883782
C04 550.029 86.49551917889502
C04 575.023 87.41075422885578
C04 599.982 88.63964200475186
C04 619.997 89.51070874986463
C04 624.979 89.89154196807354
C04 650.012 91.08494877092085
C04 675.004 92.68061446313436
C04 700.03 93.73175080469888
C04 725.012 94.89946528584211
C04 750.022 96.42927514985072
C04 774.987 97.80889737430562
C04 799.976 98.68526277569309
C04 824.988 98.61136654465274
C04 850.022 97.89870497724064
C04 869.967 95.48764693847514
C04 875.002 94.37342732140759
C04 899.999 88.62518622302568
C04 919.999 80.88485830680855
C04 925.012 78.27137311466477
C04 949.965 64.97020555810688
C04 975.002 49.56860213458495
C04 999.976 32.56602281027188
C04 1025.028 15.790083303574933
C04 1050.014 6.322402587378203
C04 1075.002 0.9186648077843785
C04 1099.99 0.09114907826835124
C05 319.994 45.2698361856747
C05 324.969 44.83942818484915
C05 349.982 45.970860733274186
C05 374.975 58.885033843396776
C05 400.019 77.01425151042122
C05 424.965 84.74121726292235
C05 450.035 86.98965738418737
C05 475.003 87.37431826543192
C05 500.018 86.90484807765101
C05 525.002 86.31824523975101
C05 550.029 86.53966437913716
C05 575.023 87.4366544920125
C05 599.982 88.64722031547034
C05 619.997 89.51931906631103
C05 624.979 89.89864278360446
C05 650.012 91.0884606710099
C05 675.004 92.68444212617001
C05 700.03 93.71650176483854
C05 725.012 94.86460813715128
C05 750.022 96.3577663947481
C05 774.987 97.71785752572532
C05 799.976 98.58584365672489
C05 824.988 98.53094711322768
C05 850.022 97.81982585287219
C05 869.967 95.43294293336001
C05 875.002 94.32121091218887
C05 899.999 88.63460520067677
C05 919.999 80.96089556465758
C05 925.012 78.3432361403904
C05 949.965 64.91999924959703
C05 975.002 49.5992657973142
C05 999.976 32.583212637023536
C05 1025.028 15.79801492222451
C05 1050.014 6.328791492241404
C05 1075.002 0.9179837764990122
C05 1099.99 0.09108150696986778
C06 319.994 45.35701371431058
C06 324.969 44.89790594225294
C06 349.982 45.908755552752105
C06 374.975 58.75711519311384
C06 400.019 76.95595088832893
C06 424.965 84.771715342643
C06 450.035 87.05693029488435
C06 475.003 87.44751365676153
C06 500.018 86.96886323892328
C06 525.002 86.35376472047618
C06 550.029 86.5479358280311
C06 575.023 87.45131051365604
C06 599.982 88.66762168243498
C06 619.997 89.5567023185747
C06 624.979 89.93886790238754
C06 650.012 91.13667228188146
C06 675.004 92.74080966290626
C06 700.03 93.75704264656824
C06 725.012 94.89053150491384
C06 750.022 96.3438651235623
C06 774.987 97.68578833280692
C06 799.976 98.5413595889303
C06 824.988 98.50654094791587
C06 850.022 97.79846949553244
C06 869.967 95.42256126379853
C06 875.002 94.30848797590137
C06 899.999 88.68703725288343
C06 919.999 81.06206293213502
C06 925.012 78.44620566712408
C06 949.965 64.94992741570675
C06 975.002 49.666904530937124
C06 999.976 32.61930973289494
C06 1025.028 15.829406380038005
C06 1050.014 6.353757944245058
C06 1075.002 0.9178515756315525
C06 1099.99 0.09106839012124887
C07 319.994 45.36750705613367
C07 324.969 44.86705359190926
C07 349.982 45.690975388787166
C07 374.975 58.41102360056654
C07 400.019 76.68571171678386
C07 424.965 84.63968022175132
C07 450.035 87.0079023212728
C07 475.003 87.39784645572148
C07 500.018 86.89947240602348
C07 525.002 86.2608148911457
C07 550.029 86.42529658018466
C07 575.023 87.34062404856881
C07 599.982 88.59390258670614
C07 619.997 89.50145150445447
C07 624.979 89.88870780308939
C07 650.012 91.10414099684607
C07 675.004 92.71910673647878
C07 700.03 93.74706145684148
C07 725.012 94.86191259980222
C07 750.022 96.2999740739845
C07 774.987 97.61021316707487
C07 799.976 98.46921160639918
C07 824.988 98.44964970678038
C07 850.022 97.76729368070687
C07 869.967 95.35629725422363
C07 875.002 94.2174789334622
C07 899.999 88.55282259750663
C07 919.999 81.07532497589234
C07 925.012 78.48020024386322
C07 949.965 65.0364156569348
C07 975.002 49.80140799388702
C07 999.976 32.60604768913762
C07 1025.028 15.83294042204099
C07 1050.014 6.325989096090304
C07 1075.002 0.9174336305587163
C07 1099.99 0.0910269219950803
C10 319.994 44.717000729222995
C10 324.969 44.63348142984653
C10 349.982 47.13975354931573
C10 374.975 61.065531020395206
C10 400.019 78.72352254959422
C10 424.965 85.42974221875753
C10 450.035 87.04078017539591
C10 475.003 87.25539885912717
C10 500.018 86.83172970167423
C10 525.002 86.3751364808865
C10 550.029 86.71644542002306
C10 575.023 87.72346736748658
C10 599.982 89.05282937268463
C10 619.997 89.9649838085322
C10 624.979 90.35850915688746
C10 650.012 91.5957993077773
C10 675.004 93.2075072979853
C10 700.03 94.26060753104697
C10 725.012 95.33088218778974
C10 750.022 96.76701057661597
C10 774.987 98.0012201133926
C10 799.976 98.78614518636506
C10 824.988 98.60733864169973
C10 850.022 97.89201234307971
C10 869.967 95.73671458952725
C10 875.002 94.68888220659915
C10 899.999 88.5340847621631
C10 919.999 80.14911523815331
C10 925.012 77.33963367459255
C10 949.965 63.671283871114866
C10 975.002 48.97244939293403
C10 999.976 31.85974003945793
C10 1025.028 15.397264571081868
C10 1050.014 6.2483128552638645
C10 1075.002 0.92188342898463
C10 1099.99 0.09146842690695368
C11 319.994 44.762043158325596
C11 324.969 44.623072804911565
C11 349.982 46.94021447166857
C11 374.975 60.692665040436566
C11 400.019 78.47060413090061
C11 424.965 85.37950510410654
C11 450.035 87.08132105712559
C11 475.003 87.34322716749446
C11 500.018 86.94825393050598
C11 525.002 86.4890113815809
C11 550.029 86.83257687055537
C11 575.023 87.8380046002153
C11 599.982 89.09338565748489
C11 619.997 90.02034244414637
C11 624.979 90.40733689058167
C11 650.012 91.62070607288251
C11 675.004 93.23532524342748
C11 700.03 94.25148121173663
C11 725.012 95.42961587011776
C11 750.022 96.91125263093123
C11 774.987 98.29764450489986
C11 799.976 99.12084620822881
C11 824.988 98.95687282051854
C11 850.022 98.24341029343701
C11 869.967 96.02914958575792
C11 875.002 94.94197005906898
C11 899.999 88.84268528095278
C11 919.999 80.31813313147396
C11 925.012 77.484915436171
C11 949.965 63.80023067635808
C11 975.002 49.223180575607266
C11 999.976 31.972147797680908
C11 1025.028 15.38259410905967
C11 1050.014 6.215273750245764
C11 1075.002 0.923256738602841
C11 1099.99 0.09160468542563895
C12 319.994 44.89929221860388
C12 324.969 44.69507830903994
C12 349.982 46.73337433857312
C12 374.975 60.300957254408075
C12 400.019 78.1646914479247
C12 424.965 85.24661511279844
C12 450.035 87.070038307936
C12 475.003 87.36739458521251
C12 500.018 86.96148516812217
C12 525.002 86.47245308072245
C12 550.029 86.79217461646077
C12 575.023 87.76370018780496
C12 599.982 89.00495662936552
C12 619.997 89.91151975059763
C12 624.979 90.29604200420708
C12 650.012 91.50096260230248
C12 675.004 93.10650936428408
C12 700.03 94.14001689158582
C12 725.012 95.33286148235747
C12 750.022 96.85202012306969
C12 774.987 98.2625255040094
C12 799.976 99.10727610306017
C12 824.988 98.95035732166912
C12 850.022 98.23012514507384
C12 869.967 95.97431465454298
C12 875.002 94.88638807893159
C12 899.999 88.79407319024651
C12 919.999 80.32745198916639
C12 925.012 77.50245953354566
C12 949.965 63.79518617074772
C12 975.002 49.19978716218517
C12 999.976 31.978694102671454
C12 1025.028 15.402324479762797
C12 1050.014 6.218119948878787
C12 1075.002 0.922692178628013
C12 1099.99 0.09154867030358711
C13 319.994 45.0672126431467
C13 324.969 44.797262279174745
C13 349.982 46.588943596643446
C13 374.975 60.000169943162994
C13 400.019 77.98955853558935
C13 424.965 85.26686244905743
C13 450.035 87.20164984438713
C13 475.003 87.52430566506828
C13 500.018 87.09792556719574
C13 525.002 86.58017445472572
C13 550.029 86.86863545875036
C13 575.023 87.81820395300272
C13 599.982 89.0510734226401
C13 619.997 89.9519759154392
C13 624.979 90.33616700303149
C13 650.012 91.54195017307859
C13 675.004 93.14691161837868
C13 700.03 94.18086583472683
C13 725.012 95.37138456184302
C13 750.022 96.89029675342618
C13 774.987 98.29793716324062
C13 799.976 99.14763214794309
C13 824.988 99.00095640847842
C13 850.022 98.26829395393636
C13 869.967 95.97282055669808
C13 875.002 94.87353421654427
C13 899.999 88.7962065155199
C13 919.999 80.40073979891937
C13 925.012 77.57957500633431
C13 949.965 63.82020845888217
C13 975.002 49.18758022876162
C13 999.976 31.9897592834893
C13 1025.028 15.418886631388881
C13 1050.014 6.215629946252602
C13 1075.002 0.9230568520424998
C13 1099.99 0.09158485286475389
C14 319.994 45.29079976471502
C14 324.969 44.96128187609672
C14 349.982 46.50645245222727
C14 374.975 59.796468185695375
C14 400.019 77.93198185781367
C14 424.965 85.4133610532106
C14 450.035 87.49796641440044
C14 475.003 87.88522271303536
C14 500.018 87.45024770178699
C14 525.002 86.8976933513731
C14 550.029 87.14971069043861
C14 575.023 88.06084082209352
C14 599.982 89.269981861524
C14 619.997 90.15280114947863
C14 624.979 90.53380380146376
C14 650.012 91.72738773962259
C14 675.004 93.32701202097155
C14 700.03 94.36130510487216
C14 725.012 95.53158419726464
C14 750.022 97.03420764172427
C14 774.987 98.41616343136991
C14 799.976 99.26940112230254
C14 824.988 99.13144352077822
C14 850.022 98.3849106011915
C14 869.967 96.0727787831361
C14 875.002 94.97070448720984
C14 899.999 88.89681167092168
C14 919.999 80.53983722766559
C14 925.012 77.72480285716577
C14 949.965 63.86984870454873
C14 975.002 49.178392297169
C14 999.976 32.02473195520939
C14 1025.028 15.463633514075003
C14 1050.014 6.234846720821545
C14 1075.002 0.9244280631218633
C14 1099.99 0.09172090316834262
C15 319.994 45.43216144483442
C15 324.969 45.047007665331755
C15 349.982 46.37092853585238
C15 374.975 59.532267017812174
C15 400.019 77.77752756771316
C15 424.965 85.44921169995294
C15 450.035 87.6664760063924
C15 475.003 88.11123196745018
C15 500.018 87.67563313184388
C15 525.002 87.09684735225612
C15 550.029 87.30114597870818
C15 575.023 88.17720331868432
C15 599.982 89.35325856253905
C15 619.997 90.22195323478466
C15 624.979 90.60130775821922
C15 650.012 91.7794655212062
C15 675.004 93.37233555611199
C15 700.03 94.39458343882998
C15 725.012 95.54204288217895
C15 750.022 97.01446860679394
C15 774.987 98.3724110094272
C15 799.976 99.21669181482571
C15 824.988 99.09253536452852
C15 850.022 98.33528190782788
C15 869.967 96.01005747979137
C15 875.002 94.90702049195474
C15 899.999 88.85382940250727
C15 919.999 80.54424250584746
C15 925.012 77.74751468471533
C15 949.965 63.81445926279342
C15 975.002 49.06025844746311
C15 999.976 31.995439165760512
C15 1025.028 15.473696532614149
C15 1050.014 6.245755464203954
C15 1075.002 0.9242402357298382
C15 1099.99 0.09170226710705937
C16 319.994 45.51310843142636
C16 324.969 45.06875680097094
C16 349.982 46.168551442453435
C16 374.975 59.16706791622776
C16 400.019 77.47633592586574
C16 424.965 85.31119248614635
C16 450.035 87.6531138426764
C16 475.003 88.14115243202461
C16 500.018 87.70834155219077
C16 525.002 87.10863840277439
C16 550.029 87.29948244708704
C16 575.023 88.16031385180871
C16 599.982 89.30894392852069
C16 619.997 90.16099558301974
C16 624.979 90.53203244834867
C16 650.012 91.69360880587136
C16 675.004 93.26931211863135
C16 700.03 94.27410832239808
C16 725.012 95.39540565039069
C16 750.022 96.82732129941712
C16 774.987 98.15285564157954
C16 799.976 98.99265415344334
C16 824.988 98.88438597043498
C16 850.022 98.12651639091169
C16 869.967 95.79585467896538
C16 875.002 94.69330288785159
C16 899.999 88.6905337499019
C16 919.999 80.46678046397108
C16 925.012 77.68653392834456
C16 949.965 63.72697367274622
C16 975.002 48.934037985710084
C16 999.976 31.949955823762952
C16 1025.028 15.473705196841342
C16 1050.014 6.25896600394407
C16 1075.002 0.9224575959052357
C16 1099.99 0.09152539522133986
C17 319.994 45.412507126792214
C17 324.969 44.927903422180215
C17 349.982 45.850300899954156
C17 374.975 58.691590530926106
C17 400.019 77.0206899939178
C17 424.965 84.96553988111019
C17 450.035 87.36707882226591
C17 475.003 87.85883725315581
C17 500.018 87.41663820181199
C17 525.002 86.7936071020234
C17 550.029 86.9723366313359
C17 575.023 87.84708471031395
C17 599.982 89.01820327005228
C17 619.997 89.8726269974185
C17 624.979 90.25034879537307
C17 650.012 91.41522140999687
C17 675.004 93.00045922343722
C17 700.03 94.00084244748679
C17 725.012 95.09842674834306
C17 750.022 96.51647193232482
C17 774.987 97.81397268605711
C17 799.976 98.64894233529849
C17 824.988 98.57513852268153
C17 850.022 97.83601448003705
C17 869.967 95.50168683729605
C17 875.002 94.39974346746959
C17 899.999 88.48855328557003
C17 919.999 80.41786801338877
C17 925.012 77.68345331423137
C17 949.965 63.78798523525811
C17 975.002 48.92799613128057
C17 999.976 32.02594494701646
C17 1025.028 15.543186522780717
C17 1050.014 6.288563004036626
C17 1075.002 0.9194963298141474
C17 1099.99 0.09123158112024132
