lsstCam/transmission_filter_detector/r30_s12/g_6/19700101T000000.ecsv
# %ECSV 1.0
# ---
# datatype:
# - {name: wavelength, unit: nm, datatype: float32}
# - {name: efficiency, unit: '%', datatype: float64}
# meta: !!omap
# - {MODE: DETECTOR}
# - {TYPE: transmission_filter_detector}
# - {CALIBDATE: '1970-01-01T00:00:00'}
# - {INSTRUME: LSSTCam}
# - {OBSTYPE: transmission_filter_detector}
# - {CALIBCLS: lsst.ip.isr.IntermediateFilterDetectorTransmissionCurve}
# - {SOURCE: Materion (DM-46256)}
# - {DETECTOR: 122}
# - {FILTER: g_6}
# - {CALIB_ID: 'calibDate=1970-01-01T00:00:00 filter=g_6 detector=122'}
# - {DATE: '2025-04-02T15:59:42.592757'}
# - {CALIB_CREATION_DATE: '2025-04-02'}
# - {CALIB_CREATION_TIME: '15:59:42'}
# - __serialized_columns__:
#     efficiency:
#       __class__: astropy.units.quantity.Quantity
#       unit: !astropy.units.Unit {unit: '%'}
#       value: !astropy.table.SerializedColumn {name: efficiency}
#     wavelength:
#       __class__: astropy.units.quantity.Quantity
#       unit: !astropy.units.Unit {unit: nm}
#       value: !astropy.table.SerializedColumn {name: wavelength}
# schema: astropy-2.0
wavelength efficiency
300.0 0.3502307925373316
301.0 0.3111032769083977
302.0 0.27197576127946377
303.0 0.24912033695727587
304.0 0.22626493591815233
305.0 0.2241562120616436
306.0 0.22204748820513487
307.0 0.21393804345279932
308.0 0.20582862198352814
309.0 0.20166358444839716
310.0 0.19749850034713745
311.0 0.20020415540784597
312.0 0.20290976390242577
313.0 0.1935640349984169
314.0 0.18421829445287585
315.0 0.17997941467911005
316.0 0.17574051162227988
317.0 0.172241625841707
318.0 0.16874275170266628
319.0 0.1586719648912549
320.0 0.14860117807984352
321.0 0.13806956121698022
322.0 0.12753793271258473
323.0 0.11474427301436663
324.0 0.10195059003308415
325.0 0.0910974747966975
326.0 0.08024435373954475
327.0 0.07338716532103717
328.0 0.0665299769025296
329.0 0.06320792599581182
330.0 0.059885880909860134
331.0 0.05488288006745279
332.0 0.04987987340427935
333.0 0.04774882399942726
334.0 0.04561777459457517
335.0 0.04301297012716532
336.0 0.04040817148052156
337.0 0.04017385363113135
338.0 0.03993953578174114
339.0 0.039326451951637864
340.0 0.038713362300768495
341.0 0.037278138916008174
342.0 0.035842915531247854
343.0 0.03296176728326827
344.0 0.030080616124905646
345.0 0.02645360946189612
346.0 0.02282660861965269
347.0 0.02074651711154729
348.0 0.018666425603441894
349.0 0.017308993847109377
350.0 0.6962010636925697
351.0 1.0509037412703037
352.0 0.5423895549029112
353.0 0.8052144199609756
354.0 0.5397588480263948
355.0 0.7982833310961723
356.0 0.6718152202665806
357.0 0.5688087549060583
358.0 0.6521231029182673
359.0 0.7635902613401413
360.0 0.6795009598135948
361.0 0.7142540998756886
362.0 0.5302134901285172
363.0 0.7279374171048403
364.0 0.5511850118637085
365.0 0.8357061073184013
366.0 0.46614217571914196
367.0 0.7204550318419933
368.0 0.3903115401044488
369.0 0.48318966291844845
370.0 0.5066425073891878
371.0 0.6344144698232412
372.0 0.35236263647675514
373.0 0.5858880933374166
374.0 0.44432347640395164
375.0 0.5701596848666668
376.0 0.3945322707295418
377.0 0.5677632056176662
378.0 0.40014488622546196
379.0 0.4785335622727871
380.0 0.4096158780157566
381.0 0.573984906077385
382.0 0.6133685354143381
383.0 0.5030759610235691
384.0 0.5654771346598864
385.0 0.6255373824387789
386.0 0.6843590643256903
387.0 0.6944105494767427
388.0 0.9391707368195057
389.0 1.1414089240133762
390.0 1.6846148297190666
391.0 2.5427786633372307
392.0 4.008819535374641
393.0 6.396708637475967
394.0 9.73106175661087
395.0 14.217022061347961
396.0 19.754940271377563
397.0 26.88804566860199
398.0 35.17073392868042
399.0 44.37800645828247
400.0 53.7806510925293
401.0 62.84380555152893
402.0 71.3486909866333
403.0 78.56032252311707
404.0 83.88192653656006
405.0 88.06049227714539
406.0 90.30588865280151
407.0 92.18075275421143
408.0 93.32190752029419
409.0 93.82852911949158
410.0 94.08031105995178
411.0 93.95316243171692
412.0 93.63524317741394
413.0 93.32064390182495
414.0 93.18519234657288
415.0 93.31202507019043
416.0 93.69341731071472
417.0 93.99146437644958
418.0 94.4742739200592
419.0 94.99125480651855
420.0 95.56064009666443
421.0 96.10884189605713
422.0 96.33570909500122
423.0 96.54237627983093
424.0 96.44662141799927
425.0 96.25197052955627
426.0 96.22265100479126
427.0 96.24280333518982
428.0 96.11743092536926
429.0 95.92781066894531
430.0 95.76966762542725
431.0 95.82409262657166
432.0 95.90225219726562
433.0 95.96139788627625
434.0 96.02572917938232
435.0 96.15283012390137
436.0 96.25696539878845
437.0 96.23660445213318
438.0 96.29262089729309
439.0 96.35327458381653
440.0 96.34016752243042
441.0 96.46424055099487
442.0 96.42343521118164
443.0 96.41873836517334
444.0 96.36093378067017
445.0 96.12136483192444
446.0 96.02073431015015
447.0 95.78031897544861
448.0 95.71343064308167
449.0 95.9094226360321
450.0 96.14554047584534
451.0 96.29752039909363
452.0 96.51809334754944
453.0 96.68579697608948
454.0 96.76393866539001
455.0 97.01805114746094
456.0 97.09236025810242
457.0 97.26762771606445
458.0 97.2841203212738
459.0 97.32169508934021
460.0 97.33111262321472
461.0 97.43642210960388
462.0 97.3695695400238
463.0 97.31134176254272
464.0 97.40022420883179
465.0 97.31148481369019
466.0 97.33752608299255
467.0 97.28978276252747
468.0 97.36071228981018
469.0 97.38041758537292
470.0 97.25063443183899
471.0 97.16936349868774
472.0 97.1791923046112
473.0 97.06454873085022
474.0 96.97733521461487
475.0 97.05308675765991
476.0 97.00121879577637
477.0 97.07655906677246
478.0 97.1660852432251
479.0 97.1274733543396
480.0 97.29897975921631
481.0 97.40837216377258
482.0 97.55412340164185
483.0 97.53299355506897
484.0 97.71509170532227
485.0 97.7165699005127
486.0 97.74037003517151
487.0 97.7846622467041
488.0 97.78217673301697
489.0 97.87207245826721
490.0 97.85481691360474
491.0 97.83604145050049
492.0 97.79818654060364
493.0 97.79127836227417
494.0 97.73721098899841
495.0 97.84497618675232
496.0 97.63745069503784
497.0 97.62066006660461
498.0 97.36183285713196
499.0 97.46406674385071
500.0 97.33380675315857
501.0 97.35975861549377
502.0 97.24521040916443
503.0 97.37715125083923
504.0 97.23827242851257
505.0 97.24507927894592
506.0 97.2874402999878
507.0 97.21052646636963
508.0 97.2359299659729
509.0 97.18485474586487
510.0 97.1356749534607
511.0 97.19706773757935
512.0 97.0154345035553
513.0 97.13494181632996
514.0 97.10679650306702
515.0 97.13484048843384
516.0 97.2452163696289
517.0 97.27236032485962
518.0 97.30210304260254
519.0 97.35150337219238
520.0 97.40085005760193
521.0 97.49208092689514
522.0 97.49329686164856
523.0 97.47236371040344
524.0 97.4541187286377
525.0 97.44487404823303
526.0 97.56799340248108
527.0 97.52221703529358
528.0 97.63237237930298
529.0 97.68986701965332
530.0 97.71062731742859
531.0 97.8476881980896
532.0 97.75806665420532
533.0 97.78419137001038
534.0 97.76493310928345
535.0 97.61648178100586
536.0 97.28032946586609
537.0 96.78831696510315
538.0 96.10470533370972
539.0 94.83906626701355
540.0 93.23467016220093
541.0 90.80194234848022
542.0 88.18373084068298
543.0 84.63122844696045
544.0 80.16235828399658
545.0 76.12648606300354
546.0 71.15311026573181
547.0 66.59143567085266
548.0 62.019819021224976
549.0 57.83452391624451
550.0 54.562872648239136
551.0 51.37876868247986
552.0 49.01321828365326
553.0 46.5393602848053
554.0 43.790966272354126
555.0 40.73305130004883
556.0 36.66366934776306
557.0 31.902840733528137
558.0 26.562032103538513
559.0 21.217525005340576
560.0 15.992213785648346
561.0 11.053849756717682
562.0 7.198697328567505
563.0 4.301260784268379
564.0 2.3925764486193657
565.0 1.1710460297763348
566.0 0.6204813253134489
567.0 0.31979172490537167
568.0 0.17682729521766305
569.0 0.10475657181814313
570.0 0.07568940636701882
571.0 0.056590879103168845
572.0 0.05106193129904568
573.0 0.03333115600980818
574.0 0.039309661951847374
575.0 0.026164011796936393
576.0 0.03793152573052794
577.0 0.023425747349392623
578.0 0.028015836142003536
579.0 0.021420141274575144
580.0 0.035505834966897964
581.0 0.02507999597582966
582.0 0.02107440523104742
583.0 0.019728299230337143
584.0 0.029056798666715622
585.0 0.02033141936408356
586.0 0.03143141802866012
587.0 0.01401017652824521
588.0 0.02194055268773809
589.0 0.014434341574087739
590.0 0.01793464762158692
591.0 0.0173929613083601
592.0 0.023439337383024395
593.0 0.010741460573626682
594.0 0.009800264524528757
595.0 0.010077105253003538
596.0 0.026102876290678978
597.0 0.014068459859117866
598.0 0.0023545768272015266
599.0 0.013117853086441755
600.0 0.013678387040272355
601.0 0.0021662945073330775
602.0 0.0021202404241194017
603.0 0.0020741859771078452
604.0 0.002003393638005946
605.0 0.0019326009351061657
606.0 0.0018904807802755386
607.0 0.0018483606254449114
608.0 0.0018767141227726825
609.0 0.0019050670744036324
610.0 0.001898818118206691
611.0 0.0018925689801108092
612.0 0.001824381251935847
613.0 0.0017561937056598254
614.0 0.0017013084288919345
615.0 0.0016464231521240436
616.0 0.0015568646631436422
617.0 0.0014673059922643006
618.0 0.0015749965314171277
619.0 0.0016826872524688952
620.0 0.0015092173271114007
621.0 0.0013357472198549658
622.0 0.0014178377568896394
623.0 0.0014999279301264323
624.0 0.0014979621482780203
625.0 0.001495996730227489
626.0 0.001486316068621818
627.0 0.001476635497965617
628.0 0.0014683765584777575
629.0 0.0014601175280404277
630.0 0.0014777986507397145
631.0 0.0014954796824895311
632.0 0.0014338030268845614
633.0 0.0013721263712795917
634.0 0.0014055849533178844
635.0 0.0014390437172551174
636.0 0.0014475564057647716
637.0 0.0014560688214260153
638.0 0.0013299132660904434
639.0 0.0012037578017043415
640.0 0.0013331437003216706
641.0 0.0014625296898884699
642.0 0.0013222004781709984
643.0 0.001181871357402997
644.0 0.001145156147686066
645.0 0.0011084412108175457
646.0 0.0011661029020615388
647.0 0.0012237645023560617
648.0 0.0012363238965917844
649.0 0.001248883199878037
650.0 0.0011767509022320155
651.0 0.0011046182407881133
652.0 0.0011309674846415874
653.0 0.0011573168194445316
654.0 0.001177208196168067
655.0 0.0011970996638410725
656.0 0.0011382418961147778
657.0 0.0010793844012368936
658.0 0.0011139325579279102
659.0 0.001148480805568397
660.0 0.0010824242053786293
661.0 0.001016367332340451
662.0 0.001051773961080471
663.0 0.0010871805898204912
664.0 0.0011131652172480244
665.0 0.0011391495718271472
666.0 0.0011522120075824205
667.0 0.001165274534287164
668.0 0.0011641063792922068
669.0 0.0011629379514488392
670.0 0.0012337759471847676
671.0 0.0013046140338701662
672.0 0.0011512173841765616
673.0 0.0009978210073313676
674.0 0.00106160232462571
675.0 0.0011253835509705823
676.0 0.001075187810783973
677.0 0.001024991706799483
678.0 0.001002450972009683
679.0 0.0009799104191188235
680.0 0.0010131614544661716
681.0 0.00104641267171246
682.0 0.0010468081200087909
683.0 0.0010472038411535323
684.0 0.0009876876902126241
685.0 0.000928171539271716
686.0 0.0009612355825083796
687.0 0.0009942997166945133
688.0 0.0010414470125397202
689.0 0.0010885941264859866
690.0 0.0011443346920714248
691.0 0.0012000750757579226
692.0 0.0011075250768044498
693.0 0.0010149751688004471
694.0 0.001008157414617017
695.0 0.0010013395694841165
696.0 0.0010440781807119492
697.0 0.0010868170647881925
698.0 0.001153091579908505
699.0 0.001219366276927758
700.0 0.0012696056728600524
701.0 0.0013198450687923469
702.0 0.0012502260688052047
703.0 0.0011806069778685924
704.0 0.0011596900549193379
705.0 0.0011387727681722026
706.0 0.0011384693607396912
707.0 0.0011381657714082394
708.0 0.0011134218766528647
709.0 0.00108867798189749
710.0 0.0011478259693831205
711.0 0.0012069738659192808
712.0 0.0012902320122520905
713.0 0.0013734899766859598
714.0 0.001359763427899452
715.0 0.0013460367881634738
716.0 0.0014614582141803112
717.0 0.0015768797311466187
718.0 0.0016513698938069865
719.0 0.0017258600564673543
720.0 0.0015161232113314327
721.0 0.001306386275246041
722.0 0.00147421569636208
723.0 0.0016420453903265297
724.0 0.00162252108566463
725.0 0.0016029965991037898
726.0 0.0016848014638526365
727.0 0.0017666063286014833
728.0 0.0018334490960114636
729.0 0.0019002922272193246
730.0 0.001962146779987961
731.0 0.0020240016965544783
732.0 0.001873993460321799
733.0 0.00172398540598806
734.0 0.0014802447367401328
735.0 0.0012365039765427355
736.0 0.0011012055438186508
737.0 0.0009659069291956257
738.0 0.0009478997526457533
739.0 0.0009298923941969406
740.0 0.0009261306331609376
741.0 0.0009223688721249346
742.0 0.0009537295227346476
743.0 0.0009850901733443607
744.0 0.0009455837243876886
745.0 0.0009060773663804866
746.0 0.0007651033229194582
747.0 0.0006241293704078998
748.0 0.0007670441846130416
749.0 0.0009099589988181833
750.0 0.0009482623681833502
751.0 0.000986565737548517
752.0 0.0009531660907668993
753.0 0.0009197663530358113
754.0 0.0008834852451400366
755.0 0.0008472040462947916
756.0 0.0008524948498234153
757.0 0.0008577856533520389
758.0 0.0009438424967811443
759.0 0.0010298997040081304
760.0 0.0009840541679295711
761.0 0.0009382086318510119
762.0 0.0008458421689283568
763.0 0.0007534757514804369
764.0 0.000710163567418931
765.0 0.0006668515652563656
766.0 0.0006586615654669004
767.0 0.0006504715656774351
768.0 0.0006776467671443243
769.0 0.0007048221050354186
770.0 0.0007358138645940926
771.0 0.0007668057151022367
772.0 0.0007262884992087493
773.0 0.0006857711468910566
774.0 0.0006241002665774431
775.0 0.0005624292953143595
776.0 0.0006291456429607933
777.0 0.0006958618541830219
778.0 0.0006308393949439051
779.0 0.0005658170266542584
780.0 0.0006248924364626873
781.0 0.0006839678462711163
782.0 0.0006458795724029187
783.0 0.0006077913894841913
784.0 0.00048648985284671653
785.0 0.0003651882934718742
786.0 0.0003722700057551265
787.0 0.0003793517407757463
788.0 0.00033961673580051865
789.0 0.00029988179903739365
790.0 0.0003386229536772589
791.0 0.0003773641537918593
792.0 0.0003212527417417732
793.0 0.00026514132969168713
794.0 0.000282477003565873
795.0 0.00029981265470269136
796.0 0.00027255323402641807
797.0 0.0002452938360875123
798.0 0.0002499279162293533
799.0 0.00025456199637119425
800.0 0.0003834535164060071
801.0 0.0005123450591781875
802.0 0.0005563410923059564
803.0 0.0006003372618579306
804.0 0.0005445135684567504
805.0 0.0004886899205303052
806.0 0.000431903845310444
807.0 0.0003751177700905828
808.0 0.0003689669711093302
809.0 0.00036281619486544514
810.0 0.0003332158257762785
811.0 0.0003036154566871119
812.0 0.0003468886006885441
813.0 0.00039016185837681405
814.0 0.0004433182311913697
815.0 0.0004964745585311903
816.0 0.0005356800102163106
817.0 0.0005748855528509011
818.0 0.0004771171006723307
819.0 0.0003793487167058629
820.0 0.00038315665733534843
821.0 0.0003869646207022015
822.0 0.00039358674257528037
823.0 0.00040020881897362415
824.0 0.0004160235675954027
825.0 0.00043183836169191636
826.0 0.00045441511247190647
827.0 0.00047699190872663166
828.0 0.000441090969616198
829.0 0.0004051900759804994
830.0 0.0004095490112376865
831.0 0.0004139079010201385
832.0 0.00033960795917664655
833.0 0.00026530801733315457
834.0 0.00029951609121781075
835.0 0.00033372416510246694
836.0 0.0003739784915524069
837.0 0.0004142328180023469
838.0 0.0005230747774476185
839.0 0.0006319167368928902
840.0 0.0005436060291685862
841.0 0.0004552953669190174
842.0 0.0004715637714980403
843.0 0.0004878321306023281
844.0 0.0006551970727741718
845.0 0.0008225620149460156
846.0 0.0006082319487177301
847.0 0.0003939018824894447
848.0 0.0003277365294707124
849.0 0.00026157117645198014
850.0 0.000249091590376338
851.0 0.0002366119815633283
852.0 0.0001431583882549603
853.0 4.9704789262250415e-05
854.0 0.0001854114884736191
855.0 0.00032111820473801345
856.0 0.00030128430807963014
857.0 0.0002814504568959819
858.0 0.0003746754373423755
859.0 0.0004679004177887691
860.0 0.0004914341388939647
861.0 0.0005149678599991603
862.0 0.0004858675310970284
863.0 0.0004567672476696316
864.0 0.00036762778563570464
865.0 0.0002784883008644101
866.0 0.0004385511147120269
867.0 0.0005986139512970112
868.0 0.00046997333811305
869.0 0.0003413326567169861
870.0 0.0004194128905510297
871.0 0.0004974931471224409
872.0 0.0004242596787662478
873.0 0.0003510262331474223
874.0 0.0004847255695494823
875.0 0.0006184249286889099
876.0 0.0005515184966498055
877.0 0.00048461206461070105
878.0 0.0005893535217182944
879.0 0.0006940949788258877
880.0 0.0007135177838790696
881.0 0.0007329405889322516
882.0 0.0005637971298710909
883.0 0.0003946537162846653
884.0 0.00045674423745367676
885.0 0.0005188347586226882
886.0 0.0005883385256311158
887.0 0.0006578423381142784
888.0 0.0005875105671293568
889.0 0.0005171788870939054
890.0 0.0005384023552323924
891.0 0.0005596258233708795
892.0 0.0005579335720540257
893.0 0.0005562414571613772
894.0 0.0005101042461319594
895.0 0.00046396708057727665
896.0 0.0004453067958820611
897.0 0.0004266465111868456
898.0 0.0004085816271981457
899.0 0.00039051669773471076
900.0 0.00035330890568729956
901.0 0.0003161010909025208
902.0 0.00038581965782213956
903.0 0.0004555381565296557
904.0 0.00047235980673576705
905.0 0.0004891815024166135
