lsstCam/transmission_filter_detector/r30_s12/g_6/19700101T000000.ecsv
# %ECSV 1.0
# ---
# datatype:
# - {name: wavelength, unit: nm, datatype: float32}
# - {name: efficiency, unit: '%', datatype: float64}
# meta: !!omap
# - {MODE: DETECTOR}
# - {TYPE: transmission_filter_detector}
# - {CALIBDATE: '1970-01-01T00:00:00'}
# - {INSTRUME: LSSTCam}
# - {OBSTYPE: transmission_filter_detector}
# - {CALIBCLS: lsst.ip.isr.IntermediateFilterDetectorTransmissionCurve}
# - {SOURCE: Materion (DM-46256)}
# - {DETECTOR: 122}
# - {FILTER: g_6}
# - {CALIB_ID: 'calibDate=1970-01-01T00:00:00 filter=g_6 detector=122'}
# - {DATE: '2025-04-02T15:59:42.592757'}
# - {CALIB_CREATION_DATE: '2025-04-02'}
# - {CALIB_CREATION_TIME: '15:59:42'}
# - __serialized_columns__:
#     efficiency:
#       __class__: astropy.units.quantity.Quantity
#       unit: !astropy.units.Unit {unit: '%'}
#       value: !astropy.table.SerializedColumn {name: efficiency}
#     wavelength:
#       __class__: astropy.units.quantity.Quantity
#       unit: !astropy.units.Unit {unit: nm}
#       value: !astropy.table.SerializedColumn {name: wavelength}
# schema: astropy-2.0
wavelength efficiency
[from data line 607]
907.0 0.00029427219487843104
908.0 0.0003513992623993545
909.0 0.00040852628444554284
910.0 0.0004756664111482678
911.0 0.0005428064923762577
912.0 0.0005447341663966654
913.0 0.0005466618404170731
914.0 0.00046136474338709377
915.0 0.0003760676463571144
916.0 0.00034614308788150083
917.0 0.0003162186203553574
918.0 0.0003120535438938532
919.0 0.00030788849016971653
920.0 0.000365840719496191
921.0 0.00042379292608529795
922.0 0.00035753337215282954
923.0 0.0002912738409577287
924.0 0.0004103473202121677
925.0 0.0005294207767292392
926.0 0.0004386544787848834
927.0 0.00034788813536579255
928.0 0.00046792383727733977
929.0 0.0005879594937141519
930.0 0.0005333689387043705
931.0 0.0004787785655935295
932.0 0.0004766377969644964
933.0 0.0004744971647596685
934.0 0.0005686535132554127
935.0 0.000662809907225892
936.0 0.0005495691766554955
937.0 0.0004363284915598342
938.0 0.0004200462171866093
939.0 0.00040376398828811944
940.0 0.0005018617230234668
941.0 0.000599959412284079
942.0 0.0006227018729987321
943.0 0.0006454443791881204
944.0 0.000515763349540066
945.0 0.0003860822744172765
946.0 0.00057784745877143
947.0 0.0007696126886003185
948.0 0.0007342303888435708
949.0 0.0006988480436120881
950.0 0.0006435038358176826
951.0 0.0005881594915990718
952.0 0.0008139561941788998
953.0 0.0010397528967587277
954.0 0.0009977296940633096
955.0 0.0009557062185194809
956.0 0.000739135657568113
957.0 0.0005225651420914801
958.0 0.0006293975729931844
959.0 0.0007362299129454186
960.0 0.0007371930678345961
961.0 0.0007381561772490386
962.0 0.0006882853995193727
963.0 0.0006384145308402367
964.0 0.0006203037173690973
965.0 0.0006021927219990175
966.0 0.0006564613613591064
967.0 0.0007107300007191952
968.0 0.0006258395842451137
969.0 0.0005409491677710321
970.0 0.0005776370016974397
971.0 0.0006143248356238473
972.0 0.0006258414487092523
973.0 0.0006373579708451871
974.0 0.0007211014690255979
975.0 0.0008048449672060087
976.0 0.0008102673746179789
977.0 0.000815689691080479
978.0 0.000850190372148063
979.0 0.0008846908713167068
980.0 0.000836423259897856
981.0 0.0007881557394284755
982.0 0.0008781944416114129
983.0 0.0009682330528448801
984.0 0.00109627017081948
985.0 0.0012243071978446096
986.0 0.0012720110134978313
987.0 0.0013197146472521126
988.0 0.001277364390261937
989.0 0.0012350138604233507
990.0 0.001304581110161962
991.0 0.001374148178001633
992.0 0.0013515529644791968
993.0 0.0013289574781083502
994.0 0.0013827871953253634
995.0 0.0014366170034918468
996.0 0.0013748008313996252
997.0 0.0013129844774084631
998.0 0.0012628143849724438
999.0 0.0012126442015869543
1000.0 0.0012767349289788399
1001.0 0.0013408254744717851
1002.0 0.0012945595699420664
1003.0 0.001248293756361818
1004.0 0.0012203787264297716
1005.0 0.0011924637874471955
1006.0 0.0013015212061873171
1007.0 0.0014105786249274388
1008.0 0.0013658083844347857
1009.0 0.0013210380529926624
1010.0 0.0014405851288756821
1011.0 0.0015601324776071124
1012.0 0.0016049802070483565
1013.0 0.0016498277545906603
1014.0 0.001849929140007589
1015.0 0.0020500303435255773
1016.0 0.0022165797417983413
1017.0 0.002383128958172165
1018.0 0.0025869183446047828
1019.0 0.002790707912936341
1020.0 0.0029556078516179696
1021.0 0.0031205079721985385
1022.0 0.003355132503202185
1023.0 0.0035897570342058316
1024.0 0.003693268809001893
1025.0 0.003796780583797954
1026.0 0.004070614158990793
1027.0 0.004344447370385751
1028.0 0.0044884480303153396
1029.0 0.004632448690244928
1030.0 0.004707766493083909
1031.0 0.004783084659720771
1032.0 0.004895816891803406
1033.0 0.005008549487683922
1034.0 0.005218612204771489
1035.0 0.005428674921859056
1036.0 0.005545646490645595
1037.0 0.005662618423230015
1038.0 0.005766984759247862
1039.0 0.005871350731467828
1040.0 0.0059223544667474926
1041.0 0.005973358202027157
1042.0 0.006123667844804004
1043.0 0.006273978215176612
1044.0 0.006494970148196444
1045.0 0.006715961353620514
1046.0 0.0074111841968260705
1047.0 0.008106406312435865
1048.0 0.009117650188272819
1049.0 0.010128894791705534
1050.0 0.011982738215010613
1051.0 0.013836580910719931
1052.0 0.01655068772379309
1053.0 0.019264793081674725
1054.0 0.02319627092219889
1055.0 0.02712774439714849
1056.0 0.03253451141063124
1057.0 0.037941266782581806
1058.0 0.04481666546780616
1059.0 0.05169205251149833
1060.0 0.06014792015776038
1061.0 0.06860378198325634
1062.0 0.07633873028680682
1063.0 0.08407367276959121
1064.0 0.09110336541198194
1065.0 0.09813305223360658
1066.0 0.10428107343614101
1067.0 0.11042911792173982
1068.0 0.11692515108734369
1069.0 0.12342119589447975
1070.0 0.13274616794660687
1071.0 0.14207112835720181
1072.0 0.15329562593251467
1073.0 0.16452011186629534
1074.0 0.1774472650140524
1075.0 0.19037441816180944
1076.0 0.2027454087510705
1077.0 0.21511642262339592
1078.0 0.22634700872004032
1079.0 0.23757759481668472
1080.0 0.2517699496820569
1081.0 0.26596225798130035
1082.0 0.2843920374289155
1083.0 0.302821840159595
1084.0 0.33513878006488085
1085.0 0.3674556966871023
1086.0 0.4052206873893738
1087.0 0.44298567809164524
1088.0 0.48818280920386314
1089.0 0.5333799868822098
1090.0 0.6040629465132952
1091.0 0.674745999276638
1092.0 0.7463008631020784
1093.0 0.8178560063242912
1094.0 0.8615022525191307
1095.0 0.9051487781107426
1096.0 0.9472369216382504
1097.0 0.9893250651657581
1098.0 1.057275664061308
1099.0 1.1252263560891151
1100.0 1.2309694662690163
1101.0 1.3367125764489174
