lsstCam/transmission_filter_detector/r42_s12/y_10/19700101T000000.ecsv
# %ECSV 1.0
# ---
# datatype:
# - {name: wavelength, unit: nm, datatype: float32}
# - {name: efficiency, unit: '%', datatype: float64}
# meta: !!omap
# - {MODE: DETECTOR}
# - {TYPE: transmission_filter_detector}
# - {CALIBDATE: '1970-01-01T00:00:00'}
# - {INSTRUME: LSSTCam}
# - {OBSTYPE: transmission_filter_detector}
# - {CALIBCLS: lsst.ip.isr.IntermediateFilterDetectorTransmissionCurve}
# - {SOURCE: Materion (DM-46256)}
# - {DETECTOR: 176}
# - {FILTER: y_10}
# - {CALIB_ID: 'calibDate=1970-01-01T00:00:00 filter=y_10 detector=176'}
# - {DATE: '2025-04-02T15:59:51.557426'}
# - {CALIB_CREATION_DATE: '2025-04-02'}
# - {CALIB_CREATION_TIME: '15:59:51'}
# - __serialized_columns__:
#     efficiency:
#       __class__: astropy.units.quantity.Quantity
#       unit: !astropy.units.Unit {unit: '%'}
#       value: !astropy.table.SerializedColumn {name: efficiency}
#     wavelength:
#       __class__: astropy.units.quantity.Quantity
#       unit: !astropy.units.Unit {unit: nm}
#       value: !astropy.table.SerializedColumn {name: wavelength}
# schema: astropy-2.0
wavelength efficiency
[from data line 578]
878.0 0.0008877334039425477
879.0 0.0013715839486394543
880.0 0.03335397923365235
881.0 0.09551398688927293
882.0 0.03508128575049341
883.0 0.09873441886156797
884.0 0.03289741580374539
885.0 0.09696168126538396
886.0 0.0426032260293141
887.0 0.09665876277722418
888.0 0.04379663441795856
889.0 0.10811793617904186
890.0 0.03513965639285743
891.0 0.08065319270826876
892.0 0.03680094669107348
893.0 0.10786260245367885
894.0 0.037608781713061035
895.0 0.09427886107005179
896.0 0.04885508678853512
897.0 0.09661881485953927
898.0 0.04471471474971622
899.0 0.11277624871581793
900.0 0.05920383846387267
901.0 0.12756092473864555
902.0 0.13765229377895594
903.0 0.15324874548241496
904.0 0.16921645728871226
905.0 0.1945850788615644
906.0 0.22487156093120575
907.0 0.2872155513614416
908.0 0.35683310125023127
909.0 0.46894242987036705
910.0 0.6372826639562845
911.0 0.883988942950964
912.0 1.2940464541316032
913.0 1.9277406856417656
914.0 2.7453845366835594
915.0 4.013537615537643
916.0 5.654683336615562
917.0 7.556269317865372
918.0 9.867799282073975
919.0 12.181010097265244
920.0 15.394432842731476
921.0 18.6969131231308
922.0 21.87308371067047
923.0 25.525662302970886
924.0 29.50718402862549
925.0 33.97069275379181
926.0 39.52561616897583
927.0 45.6971138715744
928.0 51.405686140060425
929.0 57.77616500854492
930.0 63.71670961380005
931.0 69.80094313621521
932.0 75.70613622665405
933.0 80.96707463264465
934.0 85.08913516998291
935.0 88.2525622844696
936.0 90.87496399879456
937.0 92.80548095703125
938.0 94.17446255683899
939.0 95.01022696495056
940.0 95.51326036453247
941.0 95.87494730949402
942.0 96.14201784133911
943.0 96.38736844062805
944.0 96.73217535018921
945.0 96.80585861206055
946.0 96.95534110069275
947.0 97.00323939323425
948.0 97.17131853103638
949.0 97.06136584281921
950.0 97.13261127471924
951.0 97.18939661979675
952.0 97.2307801246643
953.0 97.41426110267639
954.0 97.4317193031311
955.0 97.45686054229736
956.0 97.70557284355164
957.0 97.88767695426941
958.0 98.06424975395203
959.0 98.19527864456177
960.0 98.32063913345337
961.0 98.45191836357117
962.0 98.552006483078
963.0 98.61207008361816
964.0 98.67958426475525
965.0 98.69877696037292
966.0 98.81532788276672
967.0 98.85528683662415
968.0 98.8510251045227
969.0 98.84268641471863
970.0 98.88147115707397
971.0 98.94009828567505
972.0 98.98470640182495
973.0 99.05287623405457
974.0 99.06433820724487
975.0 99.04527068138123
976.0 99.12177920341492
977.0 99.075847864151
978.0 99.16203618049622
979.0 99.10706281661987
980.0 99.07973408699036
981.0 99.01064038276672
982.0 98.96292090415955
983.0 98.98832440376282
984.0 98.94631505012512
985.0 98.90309572219849
986.0 98.81694912910461
987.0 98.8865077495575
988.0 98.75261783599854
989.0 98.73928427696228
990.0 98.66206645965576
991.0 98.69064092636108
992.0 98.74646067619324
993.0 98.675137758255
994.0 98.63191246986389
995.0 98.69382381439209
996.0 98.66582155227661
997.0 98.769611120224
998.0 98.7872838973999
999.0 98.85846972465515
1000.0 98.90745878219604
1001.0 98.87322783470154
1002.0 98.99231195449829
1003.0 99.02401566505432
1004.0 99.09494519233704
1005.0 99.04786348342896
1006.0 99.2114245891571
1007.0 99.1716980934143
1008.0 99.17915463447571
1009.0 99.10293221473694
1010.0 99.15921688079834
1011.0 99.15141463279724
1012.0 99.05048608779907
1013.0 99.08266067504883
1014.0 99.0623950958252
1015.0 99.02123212814331
1016.0 99.00178909301758
1017.0 99.00022745132446
1018.0 99.04704689979553
1019.0 98.96535277366638
1020.0 98.99914860725403
1021.0 99.10723567008972
1022.0 98.97727966308594
1023.0 99.02756810188293
1024.0 98.99441003799438
1025.0 98.97921085357666
1026.0 99.02448654174805
1027.0 99.11797642707825
1028.0 99.04158115386963
1029.0 99.17327165603638
1030.0 99.18986558914185
1031.0 99.13134574890137
1032.0 99.15681481361389
1033.0 99.12256598472595
1034.0 99.17674660682678
1035.0 99.17892813682556
1036.0 99.13013577461243
1037.0 99.1445779800415
1038.0 99.11171793937683
1039.0 99.07414317131042
1040.0 99.0131676197052
1041.0 99.07150864601135
1042.0 99.02940392494202
1043.0 98.95375967025757
1044.0 99.07086491584778
1045.0 98.74101877212524
1046.0 99.01824593544006
1047.0 98.8580048084259
1048.0 98.92935156822205
1049.0 98.8096296787262
1050.0 98.80919456481934
1051.0 98.79499077796936
1052.0 98.8140344619751
1053.0 98.65796566009521
1054.0 98.93149733543396
1055.0 98.94928932189941
1056.0 98.91608953475952
1057.0 98.97522330284119
1058.0 98.87944459915161
1059.0 98.8481879234314
1060.0 98.98879528045654
1061.0 98.93559217453003
1062.0 98.86842370033264
1063.0 98.79947304725647
1064.0 99.13844466209412
1065.0 98.95844459533691
1066.0 99.09153580665588
1067.0 99.04789924621582
1068.0 98.99576902389526
1069.0 98.82718920707703
1070.0 99.12275075912476
1071.0 98.99218082427979
1072.0 99.00695085525513
1073.0 99.17584657669067
1074.0 98.7998366355896
1075.0 98.81328344345093
1076.0 98.5582172870636
1077.0 98.88988137245178
1078.0 99.15004372596741
1079.0 98.676198720932
1080.0 99.41485524177551
1081.0 98.73871207237244
1082.0 98.59731793403625
1083.0 98.59886169433594
1084.0 99.072927236557
1085.0 98.78675937652588
1086.0 98.67499470710754
1087.0 98.82640838623047
1088.0 98.84110689163208
1089.0 98.40664267539978
1090.0 98.7115204334259
1091.0 98.72398972511292
1092.0 98.69610071182251
1093.0 98.58369827270508
1094.0 98.6390471458435
1095.0 98.4306812286377
1096.0 98.57403039932251
1097.0 98.21892380714417
1098.0 97.91682958602905
1099.0 98.39111566543579
1100.0 98.16457629203796
