lsstCam/transmission_filter_detector/r42_s12/y_10/19700101T000000.ecsv
# %ECSV 1.0
# ---
# datatype:
# - {name: wavelength, unit: nm, datatype: float32}
# - {name: efficiency, unit: '%', datatype: float64}
# meta: !!omap
# - {MODE: DETECTOR}
# - {TYPE: transmission_filter_detector}
# - {CALIBDATE: '1970-01-01T00:00:00'}
# - {INSTRUME: LSSTCam}
# - {OBSTYPE: transmission_filter_detector}
# - {CALIBCLS: lsst.ip.isr.IntermediateFilterDetectorTransmissionCurve}
# - {SOURCE: Materion (DM-46256)}
# - {DETECTOR: 176}
# - {FILTER: y_10}
# - {CALIB_ID: 'calibDate=1970-01-01T00:00:00 filter=y_10 detector=176'}
# - {DATE: '2025-04-02T15:59:51.557426'}
# - {CALIB_CREATION_DATE: '2025-04-02'}
# - {CALIB_CREATION_TIME: '15:59:51'}
# - __serialized_columns__:
#     efficiency:
#       __class__: astropy.units.quantity.Quantity
#       unit: !astropy.units.Unit {unit: '%'}
#       value: !astropy.table.SerializedColumn {name: efficiency}
#     wavelength:
#       __class__: astropy.units.quantity.Quantity
#       unit: !astropy.units.Unit {unit: nm}
#       value: !astropy.table.SerializedColumn {name: wavelength}
# schema: astropy-2.0
wavelength efficiency
300.0 0.020781524654012173
301.0 0.018182568601332605
302.0 0.01558361400384456
303.0 0.012542592594400048
304.0 0.009501566819380969
305.0 0.01028977640089579
306.0 0.011077988165197894
307.0 0.008920528489397839
308.0 0.006763069541193545
309.0 0.00774505824665539
310.0 0.008727045496925712
311.0 0.007216855010483414
312.0 0.005706663068849593
313.0 0.004701480065705255
314.0 0.0036962952435715124
315.0 0.004926877227262594
316.0 0.006157459574751556
317.0 0.005533733929041773
318.0 0.004910008647129871
319.0 0.003104848292423412
320.0 0.0012996874829696026
321.0 0.002660209975147154
322.0 0.004020732740173116
323.0 0.0037343837902881205
324.0 0.0034480348404031247
325.0 0.0031206978746922687
326.0 0.0027933603632845916
327.0 0.0026229106879327446
328.0 0.0024524615582777187
329.0 0.002400349148956593
330.0 0.0023482367396354675
331.0 0.0023996066374820657
332.0 0.0024509763534297235
333.0 0.002065623448288534
334.0 0.0016802703612484038
335.0 0.0019993130990769714
336.0 0.002318355291208718
337.0 0.001981463901756797
338.0 0.0016445726942038164
339.0 0.0015998677554307505
340.0 0.0015551626347587444
341.0 0.0017634039977565408
342.0 0.001971645724552218
343.0 0.002087511711579282
344.0 0.002203377880505286
345.0 0.0014318861758511048
346.0 0.0006603945166716585
347.0 0.0007208629085653229
348.0 0.0007813310730853118
349.0 0.0011402864402043633
350.0 0.0014992417163739447
351.0 0.0012889022400486283
352.0 0.0010785626727738418
353.0 0.0012357726518530399
354.0 0.0013929824490332976
355.0 0.001881879688880872
356.0 0.0023707771106273867
357.0 0.0018157459635403939
358.0 0.0012607147255039308
359.0 0.0009782025699678343
360.0 0.0006956903689570026
361.0 0.0008559185516787693
362.0 0.0010161468708247412
363.0 0.0009522582331555896
364.0 0.0008883697773853783
365.0 0.0011479335626063403
366.0 0.0014074975297262426
367.0 0.0016400290405726992
368.0 0.0018725606423686258
369.0 0.0017170250430353917
370.0 0.0015614890799042769
371.0 0.0015622392311342992
372.0 0.0015629895642632619
373.0 0.0018333919797441922
374.0 0.0021037943952251226
375.0 0.00279543710348662
376.0 0.003487079811748117
377.0 0.00407122824981343
378.0 0.004655376687878743
379.0 0.004477211041375995
380.0 0.004299045031075366
381.0 0.0033546017220942304
382.0 0.0024101585950120352
383.0 0.0017905445929500274
384.0 0.0011709306818374898
385.0 0.0008862665708875284
386.0 0.0006016022325638914
387.0 0.0006318408850347623
388.0 0.0006620795829803683
389.0 0.0005639955361402826
390.0 0.000465911489300197
391.0 0.000564904212296824
392.0 0.000663896935293451
393.0 0.0006630136340390891
394.0 0.0006621302873099921
395.0 0.0007660734809178393
396.0 0.0008700166290509515
397.0 0.0008265797077910975
398.0 0.0007831429684301838
399.0 0.001013193468679674
400.0 0.0012432441508281045
401.0 0.001558226540510077
402.0 0.0018732085663941689
403.0 0.0019159086150466464
404.0 0.0019586084818001837
405.0 0.0019902348867617548
406.0 0.002021861291723326
407.0 0.0019015413272427395
408.0 0.0017812213627621531
409.0 0.0017118094547186047
410.0 0.0016423977285739966
411.0 0.0012095228157704696
412.0 0.000776648084865883
413.0 0.0008014579179871362
414.0 0.000826267569209449
415.0 0.0004788184924109373
416.0 0.00013136940424374188
417.0 1.636259487278191e-10
418.0 1.636259487278191e-10
419.0 1.636259487278191e-10
420.0 0.00014411218671739334
421.0 0.0001872016696324863
422.0 0.00023029108433547663
423.0 0.00015803914266143693
424.0 8.578694519201235e-05
425.0 1.636259487278191e-10
426.0 1.636259487278191e-10
427.0 1.636259487278191e-10
428.0 1.636259487278191e-10
429.0 1.636259487278191e-10
430.0 1.636259487278191e-10
431.0 1.636259487278191e-10
432.0 0.00039022484088491183
433.0 0.00014619852208852535
434.0 1.636259487278191e-10
435.0 2.9958474101476895e-05
436.0 0.00015774469375173794
437.0 1.636259487278191e-10
438.0 1.636259487278191e-10
439.0 0.0002628003812787938
440.0 0.0008101356797851622
441.0 0.00019613687527453294
442.0 1.636259487278191e-10
443.0 1.636259487278191e-10
444.0 0.00025687122615636326
445.0 0.0002540040895837592
446.0 0.00025113695301115513
447.0 0.00033675250961096026
448.0 0.0004223680207360303
449.0 0.00017871169575300883
450.0 1.636259487278191e-10
451.0 1.636259487278191e-10
452.0 1.636259487278191e-10
453.0 1.636259487278191e-10
454.0 1.636259487278191e-10
455.0 1.636259487278191e-10
456.0 0.00015476533690161887
457.0 1.636259487278191e-10
458.0 1.636259487278191e-10
459.0 1.636259487278191e-10
460.0 1.636259487278191e-10
461.0 8.091487870842684e-05
462.0 0.0001643882569624111
463.0 0.0003727616785909049
464.0 0.0005811350547446636
465.0 0.0006056134225218557
466.0 0.0006300918812485179
467.0 0.0005436323590402026
468.0 0.0004571729732560925
469.0 0.0008921696462493856
470.0 0.0013271663192426786
471.0 0.001454989796911832
472.0 0.0015828134564799257
473.0 0.00213191015063785
474.0 0.002681006480997894
475.0 0.002560916072980035
476.0 0.0024408253011642955
477.0 0.0022728008843841963
478.0 0.0021047762857051566
479.0 0.0025679062673589215
480.0 0.003031036067113746
481.0 0.0032789623219287023
482.0 0.0035268883948447183
483.0 0.003696767453220673
484.0 0.003866646147798747
485.0 0.0033265114325331524
486.0 0.0027863763534696773
487.0 0.0023220758521347307
488.0 0.001857775350799784
489.0 0.0018890688807005063
490.0 0.0019203624106012285
491.0 0.001641853668843396
492.0 0.0013633450180350337
493.0 0.0013839880921295844
494.0 0.0014046309843251947
495.0 0.001354492451355327
496.0 0.001304353827435989
497.0 0.0011927469131478574
498.0 0.001081139998859726
499.0 0.0017170057617477141
500.0 0.0023528709789388813
501.0 0.0022711015844834037
502.0 0.0021893318262300454
503.0 0.0024226525056292303
504.0 0.002655973003129475
505.0 0.0023046606656862423
506.0 0.001953347964445129
507.0 0.0018431584976497106
508.0 0.0017329690308542922
509.0 0.0018475675460649654
510.0 0.0019621660612756386
511.0 0.0019402777979848906
512.0 0.001918389716593083
513.0 0.001998160769289825
514.0 0.0020779318219865672
515.0 0.0018899758288171142
516.0 0.0017020198356476612
517.0 0.0014192855815053917
518.0 0.0011365510545147117
519.0 0.0011932265806535725
520.0 0.0012499022886913735
521.0 0.0013822603250446264
522.0 0.0015146181794989388
523.0 0.0014429101611312944
524.0 0.00137120214276365
525.0 0.0016866530131665058
526.0 0.002002104156417772
527.0 0.0021161393306101672
528.0 0.0022301746867015027
529.0 0.0021829040633747354
530.0 0.0021356330762500875
531.0 0.0020513534764177166
532.0 0.001967074058484286
533.0 0.0018853457731893286
534.0 0.0018036176697933115
535.0 0.0017745025616022758
536.0 0.0017453874534112401
537.0 0.0018953494873130694
538.0 0.002045311703113839
539.0 0.00254619062616257
540.0 0.003047069549211301
541.0 0.0036564866604749113
542.0 0.0042659041355364025
543.0 0.004371041359263472
544.0 0.004476178946788423
545.0 0.0046855562686687335
546.0 0.004894933590549044
547.0 0.004519389040069655
548.0 0.004143844489590265
549.0 0.003523492705426179
550.0 0.0029031407393631525
551.0 0.0024886750907171518
552.0 0.0020742092601722106
553.0 0.0021238005501800217
554.0 0.0021733922039857134
555.0 0.0029542745323851705
556.0 0.003735157224582508
557.0 0.004090569564141333
558.0 0.004445981903700158
559.0 0.004353730400907807
560.0 0.004261478534317575
561.0 0.003934688720619306
562.0 0.0036078992707189173
563.0 0.0035344088246347383
564.0 0.0034609180147526786
565.0 0.0036405137507244945
566.0 0.003820108759100549
567.0 0.004351000097813085
568.0 0.00488189107272774
569.0 0.005248574962024577
570.0 0.005615258851321414
571.0 0.006082984691602178
572.0 0.006550710531882942
573.0 0.0068428162194322795
574.0 0.007134921906981617
575.0 0.006885601760586724
576.0 0.00663628161419183
577.0 0.006244417454581708
578.0 0.005852553658769466
579.0 0.005435832281364128
580.0 0.005019110540160909
581.0 0.005579005301115103
582.0 0.006138900062069297
583.0 0.007330253720283508
584.0 0.008521608833689243
585.0 0.0096632051281631
586.0 0.01080480360542424
587.0 0.010840814502444118
588.0 0.01087682758225128
589.0 0.010564294643700123
590.0 0.010251763160340488
591.0 0.009745994611876085
592.0 0.009240226063411683
593.0 0.008263462950708345
594.0 0.007286697655217722
595.0 0.006266970012802631
596.0 0.005247241278993897
597.0 0.005290144690661691
598.0 0.005333048466127366
599.0 0.006143593054730445
600.0 0.0069541376433335245
601.0 0.008221643656725064
602.0 0.009489148942520842
603.0 0.010282950825057924
604.0 0.011076754162786528
605.0 0.01084060495486483
606.0 0.010604458657326177
607.0 0.010072331497212872
608.0 0.009540203609503806
609.0 0.008370406430913135
610.0 0.007200609252322465
611.0 0.00563849025638774
612.0 0.004076370896655135
613.0 0.003733530320459977
614.0 0.0033906901080626994
615.0 0.0036901434214087203
616.0 0.0039895963709568605
617.0 0.005268497989163734
618.0 0.006547398515976965
619.0 0.007993065082700923
620.0 0.009438730194233358
621.0 0.010451002890476957
622.0 0.011463275586720556
623.0 0.011552405339898542
624.0 0.011641534365480766
625.0 0.011086834274465218
626.0 0.01053213345585391
627.0 0.009012309601530433
628.0 0.007492486474802718
629.0 0.0062162449466995895
630.0 0.004940002327202819
631.0 0.004019900370622054
632.0 0.003099798414041288
633.0 0.002864644193323329
634.0 0.0026294901545043103
635.0 0.0026415629690745845
636.0 0.0026536356017459184
637.0 0.003236116754123941
638.0 0.0038185979065019637
639.0 0.0045255397708388045
640.0 0.005232481271377765
641.0 0.005464518108055927
642.0 0.005696554944734089
643.0 0.005791106741526164
644.0 0.0058856581745203584
645.0 0.005396703636506572
646.0 0.004907749462290667
647.0 0.004331754462327808
648.0 0.0037557590985670686
649.0 0.0030210068871383555
650.0 0.002286254857608583
651.0 0.0022435304344980977
652.0 0.002200805647589732
653.0 0.0018540091332397424
654.0 0.001507212709839223
655.0 0.0017393876987625845
656.0 0.001971562778635416
657.0 0.001911690014821943
658.0 0.001851816887210589
659.0 0.0015959294614731334
660.0 0.0013400417628872674
661.0 0.0016020592738641426
662.0 0.001864076875790488
663.0 0.0019478708054521121
664.0 0.0020316647351137362
665.0 0.002336841498618014
666.0 0.0026420184440212324
667.0 0.002954009141831193
668.0 0.0032660002034390345
669.0 0.004348882430349477
670.0 0.005431763929664157
671.0 0.006315009522950277
672.0 0.007198254024842754
673.0 0.007409850513795391
674.0 0.0076214470027480274
675.0 0.007487174298148602
676.0 0.007352900138357654
677.0 0.006842342554591596
678.0 0.006331783515634015
679.0 0.005362005322240293
680.0 0.004392226401250809
681.0 0.002838216460077092
682.0 0.001284205700358143
683.0 0.000918405203265138
684.0 0.0005526046606973978
685.0 0.00025216190806531813
686.0 1.636259487278191e-10
687.0 1.636259487278191e-10
688.0 3.439947988681524e-05
689.0 5.2052757837373065e-05
690.0 6.970610115786258e-05
691.0 0.00015963480564096244
692.0 0.00024956345896498533
693.0 0.0003560915274647414
694.0 0.0004626195277523948
695.0 0.0003518656285450561
696.0 0.00024111186576192267
697.0 0.0004164185611443827
698.0 0.0005917252110521076
699.0 0.0003784057298616972
700.0 0.0001650861804591841
701.0 1.636259487278191e-10
702.0 1.636259487278191e-10
703.0 1.636259487278191e-10
704.0 0.0001940224137797486
705.0 0.00022908454866410466
706.0 0.00026414670628582826
707.0 0.00016834839016155456
708.0 7.25500569842552e-05
709.0 0.00018237373069496243
710.0 0.000292197387352644
711.0 0.00014542512190018897
712.0 1.636259487278191e-10
713.0 0.00012534464985947125
714.0 0.0002520365114833112
715.0 0.0001975503437279258
716.0 0.000143064096391754
717.0 0.0001225450091624225
718.0 0.00010202585372098838
719.0 5.803632348033716e-05
720.0 1.4046879925899702e-05
721.0 0.00012105480209356756
722.0 0.0002280627995787654
723.0 0.0003282473016952281
724.0 0.00042843180381169077
725.0 0.0004727049599750899
726.0 0.0005169782070879592
727.0 0.00036932158309355145
728.0 0.00022166484541230602
729.0 0.00014878161209708196
730.0 7.589831056975527e-05
731.0 0.00026416921627969714
732.0 0.0004524399173533311
733.0 0.0003688697006509756
734.0 0.0002852996658475604
735.0 0.000439166751675657
736.0 0.0005930338829784887
737.0 0.0006187697636050871
738.0 0.0006445057351811556
739.0 0.0005250825324765174
740.0 0.0004056593752466142
741.0 0.000375352578885213
742.0 0.0003450457370490767
743.0 0.0004286943294573575
744.0 0.0005123430128151085
745.0 0.0005335611149348551
746.0 0.0005547793080040719
747.0 0.0004234586413076613
748.0 0.0002921382019849261
749.0 0.00041537823562975973
750.0 0.0005386181783251232
751.0 0.0002426103719699313
752.0 1.636259487278191e-10
753.0 0.00014818403997196583
754.0 0.00034976551432919223
755.0 0.0002857266963474103
756.0 0.0002216879238403635
757.0 0.00023935554054332897
758.0 0.00025702295260998653
759.0 0.00011532932830959908
760.0 1.636259487278191e-10
761.0 1.636259487278191e-10
762.0 1.636259487278191e-10
763.0 6.544998427671089e-05
764.0 0.00022841966256237356
765.0 0.0001909361117213848
766.0 0.0001534526177238149
767.0 3.369168268818612e-05
768.0 1.636259487278191e-10
769.0 1.636259487278191e-10
770.0 1.636259487278191e-10
771.0 1.636259487278191e-10
772.0 8.378891607208061e-05
773.0 6.893382646921964e-05
774.0 5.407873118201678e-05
775.0 0.0003168601551806205
776.0 0.0005796416189696174
777.0 0.0003398095032025594
778.0 9.997731922339881e-05
779.0 0.0004402706053951988
780.0 0.0007805638233548962
781.0 0.0007895888302300591
782.0 0.0007986139280546922
783.0 0.0006785686309740413
784.0 0.0005585234248428605
785.0 0.0004362585514172679
786.0 0.0003139937234664103
787.0 0.000597800726609421
788.0 0.0008816076842776965
789.0 0.0004742109013022855
790.0 6.681399895569484e-05
791.0 0.0003370844297023723
792.0 0.0006073549684515456
793.0 0.000743379632694996
794.0 0.0008794042514637113
795.0 0.0006180783657327993
796.0 0.00035675234357768204
797.0 0.0005553965365834301
798.0 0.0007540408205386484
799.0 0.0006810525064793183
800.0 0.0006080641924199881
801.0 0.0005818576028104872
802.0 0.0005556510132009862
803.0 0.0006126778771431418
804.0 0.0006697045591863571
805.0 0.0006352431682898896
806.0 0.0006007818683428923
807.0 0.0008597385203756858
808.0 0.0011186953088326845
809.0 0.0010023646609624848
810.0 0.0008860341040417552
811.0 0.0006859013865323504
812.0 0.0004857689418713562
813.0 0.00048423321459267754
814.0 0.00048269762373820413
815.0 0.00025218714654329233
816.0 2.167663382124374e-05
817.0 0.00033224969229195267
818.0 0.0006428229426092003
819.0 0.0006097885034250794
820.0 0.0005767540642409585
821.0 0.000538156928087119
822.0 0.0004995597919332795
823.0 0.0003820468009507749
824.0 0.00026453406007931335
825.0 0.00041056396185013
826.0 0.0005565939318330493
827.0 0.0005298268661135808
828.0 0.0005030597549193772
829.0 0.0004800907390745124
830.0 0.00045712154133070726
831.0 0.0004517366051004501
832.0 0.0004463515324459877
833.0 0.0007131367055990268
834.0 0.000979921969701536
835.0 0.0007323229965550127
836.0 0.0004847241143579595
837.0 0.0007643816388736013
838.0 0.0010440389814903028
839.0 0.001038727623381419
840.0 0.0010334163562220056
841.0 0.0006780140665796353
842.0 0.00032261173146252986
843.0 0.00028410149752744474
844.0 0.0002455914227539324
845.0 0.000709729556547245
846.0 0.0011738678040273953
847.0 0.0008081796295300592
848.0 0.0004424916369316634
849.0 0.0006859538189019077
850.0 0.0009294160918216221
851.0 0.0006215388111741049
852.0 0.00031366159873869037
853.0 0.0005103277999296552
854.0 0.0007069942512316629
855.0 0.0007652591193618719
856.0 0.0008235238965426106
857.0 0.0010757556083262898
858.0 0.001327987320109969
859.0 0.0014179528989188839
860.0 0.001507918659626739
861.0 0.00142409144245903
862.0 0.0013402643162407912
863.0 0.0012907156815344933
864.0 0.0012411669558787253
865.0 0.0015435118257300928
866.0 0.0018458566046319902
867.0 0.0020184101231279783
868.0 0.002190964005421847
869.0 0.002418412987026386
870.0 0.002645862150529865
871.0 0.0028483420464908704
872.0 0.0030508223062497564
873.0 0.0027557813154999167
874.0 0.002460740324750077
875.0 0.0022662055926048197
876.0 0.002071670678560622
