lsstCam/transmission_sensor/r41_s20/19700101T000000.ecsv
# %ECSV 1.0
# ---
# datatype:
# - {name: amp_name, datatype: string}
# - {name: wavelength, unit: nm, datatype: float32}
# - {name: efficiency, unit: '%', datatype: float64}
# meta: !!omap
# - {MODE: AMP}
# - {TYPE: transmission_sensor}
# - {CALIBDATE: '1970-01-01T00:00:00'}
# - {INSTRUME: LSSTCAM}
# - {OBSTYPE: transmission_sensor}
# - {DETECTOR: 168}
# - {PARQUETFILE: qe_raft_allvalues_nircorrected_20230725.parquet}
# - {CALIBCLS: lsst.ip.isr.IntermediateSensorTransmissionCurve}
# - {CALIB_ID: 'raftName=R41 detectorName=S20 detector=168 calibDate=1970-01-01T00:00:00 ccd=168 ccdnum=168 filter=None'}
# - {DATE: '2024-01-18T22:42:25.573401'}
# - {CALIB_CREATION_DATE: '2024-01-18'}
# - {CALIB_CREATION_TIME: '22:42:25'}
# - __serialized_columns__:
#     efficiency:
#       __class__: astropy.units.quantity.Quantity
#       unit: !astropy.units.Unit {unit: '%'}
#       value: !astropy.table.SerializedColumn {name: efficiency}
#     wavelength:
#       __class__: astropy.units.quantity.Quantity
#       unit: !astropy.units.Unit {unit: nm}
#       value: !astropy.table.SerializedColumn {name: wavelength}
# schema: astropy-2.0
amp_name wavelength efficiency
C00 319.994 45.52631759643555
C00 324.969 46.47126770019531
C00 349.982 53.262413024902344
C00 374.975 69.98278045654297
C00 400.019 85.46636962890625
C00 424.965 88.34021759033203
C00 450.035 88.6645736694336
C00 475.003 88.46577453613281
C00 500.018 88.09491729736328
C00 525.002 87.35822296142578
C00 550.029 88.46949768066406
C00 575.023 89.19905853271484
C00 599.982 89.97345733642578
C00 619.997 91.27056884765625
C00 624.979 91.26832580566406
C00 650.012 92.44251251220703
C00 675.004 93.57266998291016
C00 700.03 94.43757629394531
C00 725.012 95.35725402832031
C00 750.022 96.48214721679688
C00 774.987 98.34326171875
C00 799.976 98.29292297363281
C00 824.988 98.33403778076172
C00 850.022 97.19541931152344
C00 869.967 94.73483276367188
C00 875.002 93.9676742553711
C00 899.999 87.71321868896484
C00 919.999 80.5794448852539
C00 925.012 77.26445007324219
C00 949.965 64.88907623291016
C00 975.002 49.197845458984375
C00 999.976 30.975961685180664
C00 1025.028 15.226384162902832
C00 1050.014 6.216679573059082
C00 1075.002 0.9191689325037437
C00 1099.99 0.09119909705987679
C01 319.994 45.778236389160156
C01 324.969 46.72768020629883
C01 349.982 53.56008529663086
C01 374.975 70.23600769042969
C01 400.019 85.59310150146484
C01 424.965 88.34668731689453
C01 450.035 88.578857421875
C01 475.003 88.29981994628906
C01 500.018 87.90690612792969
C01 525.002 87.18601989746094
C01 550.029 88.34400177001953
C01 575.023 89.15323638916016
C01 599.982 90.00553131103516
C01 619.997 91.34591674804688
C01 624.979 91.355224609375
C01 650.012 92.56776428222656
C01 675.004 93.70719146728516
C01 700.03 94.61050415039062
C01 725.012 95.60845184326172
C01 750.022 96.81842041015625
C01 774.987 98.7673110961914
C01 799.976 98.74143981933594
C01 824.988 98.748779296875
C01 850.022 97.58439636230469
C01 869.967 95.12955474853516
C01 875.002 94.37344360351562
C01 899.999 88.13189697265625
C01 919.999 80.80792236328125
C01 925.012 77.4501953125
C01 949.965 65.02525329589844
C01 975.002 49.29182434082031
C01 999.976 31.17840576171875
C01 1025.028 15.363845825195312
C01 1050.014 6.224452972412109
C01 1075.002 0.9223718304149137
C01 1099.99 0.09151688564818124
C02 319.994 45.772705078125
C02 324.969 46.6829948425293
C02 349.982 53.38214874267578
C02 374.975 70.04725646972656
C02 400.019 85.5641098022461
C02 424.965 88.42304229736328
C02 450.035 88.66699981689453
C02 475.003 88.34963989257812
C02 500.018 87.9144515991211
C02 525.002 87.17133331298828
C02 550.029 88.31675720214844
C02 575.023 89.12456512451172
C02 599.982 89.98905181884766
C02 619.997 91.32948303222656
C02 624.979 91.34963989257812
C02 650.012 92.56175994873047
C02 675.004 93.70948791503906
C02 700.03 94.62335205078125
C02 725.012 95.65193939208984
C02 750.022 96.90260314941406
C02 774.987 98.88751220703125
C02 799.976 98.87274932861328
C02 824.988 98.87371063232422
C02 850.022 97.694091796875
C02 869.967 95.21293640136719
C02 875.002 94.4503402709961
C02 899.999 88.16490936279297
C02 919.999 80.78740692138672
C02 925.012 77.42943572998047
C02 949.965 65.00965881347656
C02 975.002 49.2804069519043
C02 999.976 31.198246002197266
C02 1025.028 15.459819793701172
C02 1050.014 6.247725963592529
C02 1075.002 0.9231734877807443
C02 1099.99 0.09159642535555146
C03 319.994 45.76762008666992
C03 324.969 46.62939453125
C03 349.982 53.154388427734375
C03 374.975 69.83660888671875
C03 400.019 85.58621978759766
C03 424.965 88.6075210571289
C03 450.035 88.89932250976562
C03 475.003 88.54617309570312
C03 500.018 88.06981658935547
C03 525.002 87.29086303710938
C03 550.029 88.40556335449219
C03 575.023 89.19377899169922
C03 599.982 90.04405975341797
C03 619.997 91.37677764892578
C03 624.979 91.40083312988281
C03 650.012 92.6102523803711
C03 675.004 93.75167846679688
C03 700.03 94.66504669189453
C03 725.012 95.698486328125
C03 750.022 96.95586395263672
C03 774.987 98.94600677490234
C03 799.976 98.92961883544922
C03 824.988 98.92832946777344
C03 850.022 97.70611572265625
C03 869.967 95.16309356689453
C03 875.002 94.3880615234375
C03 899.999 88.05633544921875
C03 919.999 80.65968322753906
C03 925.012 77.30232238769531
C03 949.965 64.85550689697266
C03 975.002 49.12321853637695
C03 999.976 31.080915451049805
C03 1025.028 15.447989463806152
C03 1050.014 6.2388787269592285
C03 1075.002 0.9236808454099745
C03 1099.99 0.09164676491342381
C04 319.994 45.73991012573242
C04 324.969 46.552574157714844
C04 349.982 52.89346694946289
C04 374.975 69.57920837402344
C04 400.019 85.56336975097656
C04 424.965 88.75023651123047
C04 450.035 89.09041595458984
C04 475.003 88.71695709228516
C04 500.018 88.19590759277344
C04 525.002 87.37791442871094
C04 550.029 88.45819854736328
C04 575.023 89.22647094726562
C04 599.982 90.06338500976562
C04 619.997 91.38391876220703
C04 624.979 91.40982055664062
C04 650.012 92.61597442626953
C04 675.004 93.7511978149414
C04 700.03 94.66452026367188
C04 725.012 95.68255615234375
C04 750.022 96.92536163330078
C04 774.987 98.89463806152344
C04 799.976 98.86492919921875
C04 824.988 98.85466766357422
C04 850.022 97.5712890625
C04 869.967 94.95787811279297
C04 875.002 94.16681671142578
C04 899.999 87.79486083984375
C04 919.999 80.38089752197266
C04 925.012 77.02141571044922
C04 949.965 64.47322845458984
C04 975.002 48.74098587036133
C04 999.976 30.881938934326172
C04 1025.028 15.387076377868652
C04 1050.014 6.17801570892334
C04 1075.002 0.9233903953601846
C04 1099.99 0.09161794672631464
C05 319.994 45.68159866333008
C05 324.969 46.44184875488281
C05 349.982 52.58243942260742
C05 374.975 69.26700592041016
C05 400.019 85.49214172363281
C05 424.965 88.864501953125
C05 450.035 89.27082824707031
C05 475.003 88.89396667480469
C05 500.018 88.33667755126953
C05 525.002 87.47389221191406
C05 550.029 88.51904296875
C05 575.023 89.26212310791016
C05 599.982 90.08381652832031
C05 619.997 91.3986587524414
C05 624.979 91.41859436035156
C05 650.012 92.6222915649414
C05 675.004 93.75984954833984
C05 700.03 94.66737365722656
C05 725.012 95.67010498046875
C05 750.022 96.89024353027344
C05 774.987 98.83805084228516
C05 799.976 98.80403900146484
C05 824.988 98.8006820678711
C05 850.022 97.48373413085938
C05 869.967 94.86365509033203
C05 875.002 94.08336639404297
C05 899.999 87.74581909179688
C05 919.999 80.31048583984375
C05 925.012 76.94408416748047
C05 949.965 64.23329162597656
C05 975.002 48.486698150634766
C05 999.976 30.874553680419922
C05 1025.028 15.33341121673584
C05 1050.014 6.172893524169922
C05 1075.002 0.9230560237032527
C05 1099.99 0.09158477067769477
C06 319.994 45.62453079223633
C06 324.969 46.346702575683594
C06 349.982 52.32805252075195
C06 374.975 68.99540710449219
C06 400.019 85.40181732177734
C06 424.965 88.9046630859375
C06 450.035 89.34883880615234
C06 475.003 88.95669555664062
C06 500.018 88.36864471435547
C06 525.002 87.47356414794922
C06 550.029 88.50106048583984
C06 575.023 89.23751831054688
C06 599.982 90.05903625488281
C06 619.997 91.3756332397461
C06 624.979 91.3922348022461
C06 650.012 92.59658813476562
C06 675.004 93.74291229248047
C06 700.03 94.64762115478516
C06 725.012 95.63341522216797
C06 750.022 96.8277587890625
C06 774.987 98.75057983398438
C06 799.976 98.7171401977539
C06 824.988 98.7251205444336
C06 850.022 97.39209747314453
C06 869.967 94.89112091064453
C06 875.002 94.16081237792969
C06 899.999 87.96456909179688
C06 919.999 80.45001220703125
C06 925.012 77.05172729492188
C06 949.965 64.03112030029297
C06 975.002 48.38776779174805
C06 999.976 30.97884178161621
C06 1025.028 15.30508804321289
C06 1050.014 6.242885112762451
C06 1075.002 0.9224609603609963
C06 1099.99 0.09152572903954956
C07 319.994 45.261817932128906
C07 324.969 45.94615173339844
C07 349.982 51.76932144165039
C07 374.975 68.38743591308594
C07 400.019 85.00850677490234
C07 424.965 88.66692352294922
C07 450.035 89.13147735595703
C07 475.003 88.7049560546875
C07 500.018 88.08438873291016
C07 525.002 87.17362976074219
C07 550.029 88.20732116699219
C07 575.023 88.96019744873047
C07 599.982 89.79686737060547
C07 619.997 91.12163543701172
C07 624.979 91.14250183105469
C07 650.012 92.35975646972656
C07 675.004 93.51664733886719
C07 700.03 94.4271011352539
C07 725.012 95.41783905029297
C07 750.022 96.6055908203125
C07 774.987 98.52082824707031
C07 799.976 98.50105285644531
C07 824.988 98.52721405029297
C07 850.022 97.20310974121094
C07 869.967 94.82179260253906
C07 875.002 94.14093780517578
C07 899.999 88.03870391845703
C07 919.999 80.51161193847656
C07 925.012 77.083251953125
C07 949.965 63.8023796081543
C07 975.002 48.41778564453125
C07 999.976 31.1622314453125
C07 1025.028 15.264660835266113
C07 1050.014 6.334932804107666
C07 1075.002 0.9203444377645745
C07 1099.99 0.09131572961194194
C10 319.994 45.358909606933594
C10 324.969 46.259212493896484
C10 349.982 52.8605842590332
C10 374.975 69.56603240966797
C10 400.019 85.26838684082031
C10 424.965 88.35968017578125
C10 450.035 88.8028335571289
C10 475.003 88.65198516845703
C10 500.018 88.26968383789062
C10 525.002 87.48735809326172
C10 550.029 88.52668762207031
C10 575.023 89.16426086425781
C10 599.982 89.87691497802734
C10 619.997 91.12895202636719
C10 624.979 91.13118743896484
C10 650.012 92.27334594726562
C10 675.004 93.38977813720703
C10 700.03 94.29338836669922
C10 725.012 95.36096954345703
C10 750.022 96.69072723388672
C10 774.987 98.75772094726562
C10 799.976 98.78666687011719
C10 824.988 98.79710388183594
C10 850.022 97.71578979492188
C10 869.967 95.29424285888672
C10 875.002 94.53762817382812
C10 899.999 87.84697723388672
C10 919.999 80.28600311279297
C10 925.012 76.9071044921875
C10 949.965 64.06028747558594
C10 975.002 48.46208572387695
C10 999.976 30.917383193969727
C10 1025.028 14.88161563873291
C10 1050.014 5.999024868011475
C10 1075.002 0.9211542534336435
C10 1099.99 0.0913960787786646
C11 319.994 45.53145217895508
C11 324.969 46.41523742675781
C11 349.982 52.95847702026367
C11 374.975 69.59988403320312
C11 400.019 85.29179382324219
C11 424.965 88.37298583984375
C11 450.035 88.80154418945312
C11 475.003 88.63015747070312
C11 500.018 88.22603607177734
C11 525.002 87.4290542602539
C11 550.029 88.48046875
C11 575.023 89.14681243896484
C11 599.982 89.88419342041016
C11 619.997 91.15762329101562
C11 624.979 91.15594482421875
C11 650.012 92.3095703125
C11 675.004 93.44091796875
C11 700.03 94.37615966796875
C11 725.012 95.5101089477539
C11 750.022 96.9298324584961
C11 774.987 99.09806060791016
C11 799.976 99.1640625
C11 824.988 99.16241455078125
C11 850.022 98.08170318603516
C11 869.967 95.66136169433594
C11 875.002 94.89253234863281
C11 899.999 88.14022064208984
C11 919.999 80.45734405517578
C11 925.012 77.0210189819336
C11 949.965 64.1857681274414
C11 975.002 48.69780349731445
C11 999.976 31.133089065551758
C11 1025.028 14.92690372467041
C11 1050.014 6.004114627838135
C11 1075.002 0.9234313801443587
C11 1099.99 0.09162201319894844
C12 319.994 45.586181640625
C12 324.969 46.4276123046875
C12 349.982 52.82427215576172
C12 374.975 69.46813201904297
C12 400.019 85.35517883300781
C12 424.965 88.58172607421875
C12 450.035 89.04904174804688
C12 475.003 88.8534927368164
C12 500.018 88.41157531738281
C12 525.002 87.58604431152344
C12 550.029 88.60929870605469
C12 575.023 89.26612091064453
C12 599.982 90.00154876708984
C12 619.997 91.26652526855469
C12 624.979 91.26714324951172
C12 650.012 92.42375183105469
C12 675.004 93.55026245117188
C12 700.03 94.49498748779297
C12 725.012 95.67546081542969
C12 750.022 97.15481567382812
C12 774.987 99.38314056396484
C12 799.976 99.47683715820312
C12 824.988 99.47081756591797
C12 850.022 98.39142608642578
C12 869.967 95.96564483642578
C12 875.002 95.18824768066406
C12 899.999 88.3917236328125
C12 919.999 80.67476654052734
C12 925.012 77.22917175292969
C12 949.965 64.40699768066406
C12 975.002 48.91680908203125
C12 999.976 31.33176040649414
C12 1025.028 15.053788185119629
C12 1050.014 6.054182052612305
C12 1075.002 0.9255742623275633
C12 1099.99 0.0918346280005406
C13 319.994 45.51448440551758
C13 324.969 46.30859375
C13 349.982 52.53626251220703
C13 374.975 69.15910339355469
C13 400.019 85.2311782836914
C13 424.965 88.61201477050781
C13 450.035 89.14305114746094
C13 475.003 88.9317398071289
C13 500.018 88.45919799804688
C13 525.002 87.60093688964844
C13 550.029 88.59252166748047
C13 575.023 89.2268295288086
C13 599.982 89.95079803466797
C13 619.997 91.20352935791016
C13 624.979 91.21192169189453
C13 650.012 92.36254119873047
C13 675.004 93.48699951171875
C13 700.03 94.43940734863281
C13 725.012 95.63189697265625
C13 750.022 97.1390151977539
C13 774.987 99.39559173583984
C13 799.976 99.50414276123047
C13 824.988 99.49944305419922
C13 850.022 98.41659545898438
C13 869.967 95.97711944580078
C13 875.002 95.19359588623047
C13 899.999 88.38690948486328
C13 919.999 80.64971160888672
C13 925.012 77.20425415039062
C13 949.965 64.37279510498047
C13 975.002 48.90531539916992
C13 999.976 31.34786605834961
C13 1025.028 15.085651397705078
C13 1050.014 6.056758880615234
C13 1075.002 0.9254234886715882
C13 1099.99 0.09181966837690765
C14 319.994 45.43629455566406
C14 324.969 46.17940902709961
C14 349.982 52.212379455566406
C14 374.975 68.79730224609375
C14 400.019 85.06360626220703
C14 424.965 88.6174545288086
C14 450.035 89.19739532470703
C14 475.003 88.9734115600586
C14 500.018 88.46026611328125
C14 525.002 87.56415557861328
C14 550.029 88.52075958251953
C14 575.023 89.12914276123047
C14 599.982 89.8329086303711
C14 619.997 91.06842803955078
C14 624.979 91.07820129394531
C14 650.012 92.21651458740234
C14 675.004 93.32794189453125
C14 700.03 94.27904510498047
C14 725.012 95.4684066772461
C14 750.022 96.98140716552734
C14 774.987 99.23197174072266
C14 799.976 99.34408569335938
C14 824.988 99.339111328125
C14 850.022 98.23076629638672
C14 869.967 95.78455352783203
C14 875.002 95.00676727294922
C14 899.999 88.23261260986328
C14 919.999 80.52176666259766
C14 925.012 77.071533203125
C14 949.965 64.17391967773438
C14 975.002 48.754859924316406
C14 999.976 31.31089210510254
C14 1025.028 15.116227149963379
C14 1050.014 6.058485984802246
C14 1075.002 0.9239219454541547
C14 1099.99 0.0916706866383133
C15 319.994 45.45067596435547
C15 324.969 46.15020751953125
C15 349.982 52.02328872680664
C15 374.975 68.62967681884766
C15 400.019 85.12519836425781
C15 424.965 88.84514617919922
C15 450.035 89.48819732666016
C15 475.003 89.25835418701172
C15 500.018 88.7128677368164
C15 525.002 87.77328491210938
C15 550.029 88.70242309570312
C15 575.023 89.29425811767578
C15 599.982 89.9828872680664
C15 619.997 91.22074890136719
C15 624.979 91.2219009399414
C15 650.012 92.35814666748047
C15 675.004 93.47984313964844
C15 700.03 94.4300308227539
C15 725.012 95.62323760986328
C15 750.022 97.12942504882812
C15 774.987 99.3824462890625
C15 799.976 99.49991607666016
C15 824.988 99.4946060180664
C15 850.022 98.35584259033203
C15 869.967 95.91473388671875
C15 875.002 95.14695739746094
C15 899.999 88.43534851074219
C15 919.999 80.67138671875
C15 925.012 77.16267395019531
C15 949.965 64.13499450683594
C15 975.002 48.78751754760742
C15 999.976 31.413408279418945
C15 1025.028 15.161131858825684
C15 1050.014 6.064232349395752
C15 1075.002 0.9253321389439357
C15 1099.99 0.09181060474085126
C16 319.994 45.40421676635742
C16 324.969 46.06269454956055
C16 349.982 51.774078369140625
C16 374.975 68.36051177978516
C16 400.019 85.0165786743164
C16 424.965 88.8705825805664
C16 450.035 89.56206512451172
C16 475.003 89.3237075805664
C16 500.018 88.75016784667969
C16 525.002 87.7738265991211
C16 550.029 88.6770248413086
C16 575.023 89.25074005126953
C16 599.982 89.9249038696289
C16 619.997 91.16316223144531
C16 624.979 91.15579223632812
C16 650.012 92.28797149658203
C16 675.004 93.41543579101562
C16 700.03 94.3624496459961
C16 725.012 95.55760955810547
C16 750.022 97.04405975341797
C16 774.987 99.28766632080078
C16 799.976 99.41624450683594
C16 824.988 99.4132080078125
C16 850.022 98.27046203613281
C16 869.967 95.89876556396484
C16 875.002 95.16210174560547
C16 899.999 88.5559310913086
C16 919.999 80.68028259277344
C16 925.012 77.10970306396484
C16 949.965 64.04747772216797
C16 975.002 48.81803512573242
C16 999.976 31.507827758789062
C16 1025.028 15.208393096923828
C16 1050.014 6.080874443054199
C16 1075.002 0.9245190125260898
C16 1099.99 0.09172992708467646
C17 319.994 45.07596206665039
C17 324.969 45.6938591003418
C17 349.982 51.273468017578125
C17 374.975 67.79957580566406
C17 400.019 84.65864562988281
C17 424.965 88.73206329345703
C17 450.035 89.46664428710938
C17 475.003 89.1444320678711
C17 500.018 88.53091430664062
C17 525.002 87.58098602294922
C17 550.029 88.4651870727539
C17 575.023 89.02792358398438
C17 599.982 89.68883514404297
C17 619.997 90.85201263427734
C17 624.979 90.91087341308594
C17 650.012 92.04619598388672
C17 675.004 93.10511016845703
C17 700.03 94.06877136230469
C17 725.012 95.2717056274414
C17 750.022 96.82573699951172
C17 774.987 99.07582092285156
C17 799.976 99.21624755859375
C17 824.988 99.22366333007812
C17 850.022 98.02389526367188
C17 869.967 95.73428344726562
C17 875.002 95.01649475097656
C17 899.999 88.44384002685547
C17 919.999 80.43659973144531
C17 925.012 76.90548706054688
C17 949.965 63.98405838012695
C17 975.002 48.75212478637695
C17 999.976 31.472002029418945
C17 1025.028 15.203965187072754
C17 1050.014 6.089725017547607
C17 1075.002 0.9224386412033885
C17 1099.99 0.0915235145532359
