lsstCam/transmission_sensor/r41_s20/19700101T000000.ecsv
# %ECSV 1.0
# ---
# datatype:
# - {name: amp_name, datatype: string}
# - {name: wavelength, unit: nm, datatype: float32}
# - {name: efficiency, unit: '%', datatype: float64}
# meta: !!omap
# - {MODE: AMP}
# - {TYPE: transmission_sensor}
# - {CALIBDATE: '1970-01-01T00:00:00'}
# - {INSTRUME: LSSTCam}
# - {OBSTYPE: transmission_sensor}
# - {DETECTOR: 168}
# - {PARQUETFILE: qe_raft_allvalues_nircorrected_20230725_adjust.parquet}
# - {CORRFILE: qe_corr_factor_bydetnum.parquet}
# - {CALIBCLS: lsst.ip.isr.IntermediateSensorTransmissionCurve}
# - {CALIB_ID: 'raftName=R41 detectorName=S20 detector=168 calibDate=1970-01-01T00:00:00 ccd=168 ccdnum=168 filter=None'}
# - {DATE: '2025-03-03T21:56:48.331839'}
# - {CALIB_CREATION_DATE: '2025-03-03'}
# - {CALIB_CREATION_TIME: '21:56:48'}
# - __serialized_columns__:
#     efficiency:
#       __class__: astropy.units.quantity.Quantity
#       unit: !astropy.units.Unit {unit: '%'}
#       value: !astropy.table.SerializedColumn {name: efficiency}
#     wavelength:
#       __class__: astropy.units.quantity.Quantity
#       unit: !astropy.units.Unit {unit: nm}
#       value: !astropy.table.SerializedColumn {name: wavelength}
# schema: astropy-2.0
amp_name wavelength efficiency
C00 319.994 45.36360730237047
C00 324.969 46.305180170338346
C00 349.982 53.07205405577333
C00 374.975 69.73266317518245
C00 400.019 85.16091426003005
C00 424.965 88.02449113713386
C00 450.035 88.3476879730592
C00 475.003 88.14959934452021
C00 500.018 87.78006754329014
C00 525.002 87.04600614052987
C00 550.029 88.15330918259546
C00 575.023 88.88026259642056
C00 599.982 89.65189371182004
C00 619.997 90.94436936830604
C00 624.979 90.94213434290825
C00 650.012 92.11212452589307
C00 675.004 93.23824283278708
C00 700.03 94.10005798320049
C00 725.012 95.0164488048071
C00 750.022 96.13732164393076
C00 774.987 97.99178455392808
C00 799.976 97.94162571864005
C00 824.988 97.98259358213917
C00 850.022 96.8480445161766
C00 869.967 94.39625206329934
C00 875.002 93.63183536661589
C00 899.999 87.39973311930406
C00 919.999 80.2914553032916
C00 925.012 76.98830822703282
C00 949.965 64.65716376485025
C00 975.002 49.022013186034926
C00 999.976 30.86525411863812
C00 1025.028 15.17196532176889
C00 1050.014 6.194461264730099
C00 1075.002 0.9158838381846969
C00 1099.99 0.0908731530194951
C01 319.994 45.614625741563124
C01 324.969 46.5606762624538
C01 349.982 53.368662451804774
C01 374.975 69.98498537919049
C01 400.019 85.28719319500573
C01 424.965 88.03093774100235
C01 450.035 88.262278073929
C01 475.003 87.98423787359185
C01 500.018 87.59272832261676
C01 525.002 86.87441852742194
C01 550.029 88.02826179222674
C01 575.023 88.83460422043694
C01 599.982 89.68385305458314
C01 619.997 91.01944797656682
C01 624.979 91.02872257175497
C01 650.012 92.23692864819128
C01 675.004 93.37228353963742
C01 700.03 94.27236779839275
C01 725.012 95.26674884297904
C01 750.022 96.4723930025478
C01 774.987 98.41431838602026
C01 799.976 98.38853957267352
C01 824.988 98.39585281904318
C01 850.022 97.23563136951473
C01 869.967 94.78956331842164
C01 875.002 94.0361545019287
C01 899.999 87.81691505384502
C01 919.999 80.51911620665182
C01 925.012 77.17338961592678
C01 949.965 64.79285413330373
C01 975.002 49.1156561889264
C01 999.976 31.06697466344853
C01 1025.028 15.308935698390243
C01 1050.014 6.202206882084463
C01 1075.002 0.9190752889925539
C01 1099.99 0.09118980583672506
C02 319.994 45.60911419934066
C02 324.969 46.51615060342349
C02 349.982 53.19136184010348
C02 374.975 69.79690875217838
C02 400.019 85.25830511163281
C02 424.965 88.10701983005397
C02 450.035 88.35010544950987
C02 475.003 88.03387976423005
C02 500.018 87.60024682642093
C02 525.002 86.8597844325554
C02 550.029 88.00111459598341
C02 575.023 88.80603542640657
C02 599.982 89.66743245982379
C02 619.997 91.0030729945707
C02 624.979 91.02315781464208
C02 650.012 92.23094577408222
C02 675.004 93.37457177992565
C02 700.03 94.28516978060327
C02 725.012 95.31008096803842
C02 750.022 96.55627487411012
C02 774.987 98.5340899001098
C02 799.976 98.51937978397123
C02 824.988 98.52033765199886
C02 850.022 97.34493475444522
C02 869.967 94.8726469666276
C02 875.002 94.11277634201177
C02 899.999 87.84980945825414
C02 919.999 80.49867408660187
C02 925.012 77.15270422780634
C02 949.965 64.77731538529999
C02 975.002 49.10427960556652
C02 999.976 31.08674399524097
C02 1025.028 15.404566657545411
C02 1050.014 6.225396695985483
C02 1075.002 0.9198740812484301
C02 1099.99 0.09126906127051773
C03 319.994 45.60404738155959
C03 324.969 46.462741858756004
C03 349.982 52.96441553670039
C03 374.975 69.58701402009251
C03 400.019 85.28033607626826
C03 424.965 88.29083926583218
C03 450.035 88.5815978249806
C03 475.003 88.22971056098963
C03 500.018 87.75505654479096
C03 525.002 86.97888695945106
C03 550.029 88.08960335663097
C03 575.023 88.87500192439582
C03 599.982 89.7222437969603
C03 619.997 91.05019858110457
C03 624.979 91.07416808817689
C03 650.012 92.27926489458702
C03 675.004 93.41661154336045
C03 700.03 94.32671540576985
C03 725.012 95.35646154610636
C03 750.022 96.60934532411706
C03 774.987 98.59237540937828
C03 799.976 98.57604604014537
C03 824.988 98.574761280648
C03 850.022 97.35691570691777
C03 869.967 94.82298226960778
C03 875.002 94.05072017765042
C03 899.999 87.74162358602256
C03 919.999 80.37140687508976
C03 925.012 77.02604518647048
C03 949.965 64.6237144051553
C03 975.002 48.94765297879487
C03 999.976 30.969832781511688
C03 1025.028 15.392778609050639
C03 1050.014 6.2165810792272405
C03 1075.002 0.9203796255900191
C03 1099.99 0.09131922091565615
C04 319.994 45.576436455556845
C04 324.969 46.38619603994497
C04 349.982 52.704426587407724
C04 374.975 69.33053345250421
C04 400.019 85.25756770529408
C04 424.965 88.43304465729896
C04 450.035 88.77200830504415
C04 475.003 88.39988417843773
C04 500.018 87.88069690108155
C04 525.002 87.06562723084186
C04 550.029 88.14205043220723
C04 575.023 88.90757703946238
C04 599.982 89.74149998516651
C04 619.997 91.05731417216695
C04 624.979 91.0831233940225
C04 650.012 92.28496648998957
C04 675.004 93.41613260934663
C04 700.03 94.32619085899282
C04 725.012 95.34058830450566
C04 750.022 96.57895201955786
C04 774.987 98.54119028691778
C04 799.976 98.51158760358774
C04 824.988 98.50136274249918
C04 850.022 97.22257091497929
C04 869.967 94.61850025209074
C04 875.002 93.83026609087904
C04 899.999 87.48108348250764
C04 919.999 80.09361754495032
C04 925.012 76.74614246496851
C04 949.965 64.24280221950175
C04 975.002 48.566786405904544
C04 999.976 30.77156740351522
C04 1025.028 15.332083225458696
C04 1050.014 6.15593558459507
C04 1075.002 0.9200902136038264
C04 1099.99 0.09129050572426345
C05 319.994 45.51833339734126
C05 324.969 46.275866367842035
C05 349.982 52.394510667706726
C05 374.975 69.01944680521389
C05 400.019 85.18659424572313
C05 424.965 88.54690171642429
C05 450.035 88.95177580702294
C05 475.003 88.57626113168381
C05 500.018 88.02096375011148
C05 525.002 87.16126199106061
C05 550.029 88.20267739665434
C05 575.023 88.94310177988386
C05 599.982 89.76185848181721
C05 619.997 91.07200148192392
C05 624.979 91.09186584030641
C05 650.012 92.29126105131398
C05 675.004 93.42475342159528
C05 700.03 94.32903405456689
C05 725.012 95.3281816329097
C05 750.022 96.54395942804061
C05 774.987 98.48480530945017
C05 799.976 98.45091502637742
C05 824.988 98.44757009040792
C05 850.022 97.13532890319308
C05 869.967 94.52461398112875
C05 875.002 93.74711402352825
C05 899.999 87.43221700884419
C05 919.999 80.02345751299015
C05 925.012 76.66908730363485
C05 949.965 64.00372292108203
C05 975.002 48.313407506215235
C05 999.976 30.76420854438233
C05 1025.028 15.278609862709983
C05 1050.014 6.1508317064438875
C05 1075.002 0.9197570369855775
C05 1099.99 0.09125744824628386
C06 319.994 45.46146948585983
C06 324.969 46.18106023948844
C06 349.982 52.14103294036377
C06 374.975 68.74881867890007
C06 400.019 85.09659266176209
C06 424.965 88.58691931402298
C06 450.035 89.0295075576777
C06 475.003 88.63876582155017
C06 500.018 88.05281666309372
C06 525.002 87.16093509959087
C06 550.029 88.18475918283593
C06 575.023 88.9185849196529
C06 599.982 89.73716677266057
C06 619.997 91.04905826202406
C06 624.979 91.06560049081865
C06 650.012 92.26564948476573
C06 675.004 93.40787669920374
C06 700.03 94.30935214723729
C06 725.012 95.29162300318856
C06 750.022 96.48169800624477
C06 774.987 98.3976469210632
C06 799.976 98.3643267975307
C06 824.988 98.37227862258545
C06 850.022 97.04401975335304
C06 869.967 94.55198163906098
C06 875.002 93.82428321676996
C06 899.999 87.65018520002006
C06 919.999 80.16248521528593
C06 925.012 76.77634571634762
C06 949.965 63.80227415231914
C06 975.002 48.21483072276875
C06 999.976 30.868123921657403
C06 1025.028 15.250387915733262
C06 1050.014 6.220573146274926
C06 1075.002 0.919164100389707
C06 1099.99 0.09119861762196124
C07 319.994 45.1000529554194
C07 324.969 45.78194095918275
C07 349.982 51.584298756749995
C07 374.975 68.14302036631555
C07 400.019 84.70468780017242
C07 424.965 88.35002942823785
C07 450.035 88.81292295365284
C07 475.003 88.38792603234678
C07 500.018 87.76957660774946
C07 525.002 86.86207267284362
C07 550.029 87.89206968337784
C07 575.023 88.64225519793652
C07 599.982 89.47593487557015
C07 619.997 90.79596824316847
C07 624.979 90.81676006106977
C07 650.012 92.0296642521178
C07 675.004 93.18242041273251
C07 700.03 94.08962026255021
C07 725.012 95.0768172969293
C07 750.022 96.26032406208176
C07 774.987 98.16871646246001
C07 799.976 98.1490117487488
C07 824.988 98.17507944292926
C07 850.022 96.85570746039762
C07 869.967 94.48290110916369
C07 875.002 93.8044796754051
C07 899.999 87.7240550700555
C07 919.999 80.22386479032618
C07 925.012 76.80775770595207
C07 949.965 63.57435097557042
C07 975.002 48.244741292250524
C07 999.976 31.050858153777323
C07 1025.028 15.210105193948346
C07 1050.014 6.312291860718044
C07 1075.002 0.9170551422094787
C07 1099.99 0.09098936872877907
C10 319.994 45.196797626209865
C10 324.969 46.09388284578345
C10 349.982 52.67166141916107
C10 374.975 69.31740457882394
C10 400.019 84.96363905910182
C10 424.965 88.04388416362973
C10 450.035 88.4854537222392
C10 475.003 88.33514446317358
C10 500.018 87.95420947113843
C10 525.002 87.17467974557462
C10 550.029 88.21029472811215
C10 575.023 88.84558929424585
C10 599.982 89.55569639418822
C10 619.997 90.80325868315654
C10 624.979 90.80548610642714
C10 650.012 91.94356255941209
C10 675.004 93.05600463946718
C10 700.03 93.95638538118344
C10 725.012 95.02015104075515
C10 750.022 96.3451561995445
C10 774.987 98.40476251212557
C10 799.976 98.43360498273528
C10 824.988 98.44400469274953
C10 850.022 97.36655520421168
C10 869.967 94.95366283623423
C10 875.002 94.19975227934587
C10 899.999 87.53301361343406
C10 919.999 79.99906228679444
C10 925.012 76.63223979307998
C10 949.965 63.83133708461774
C10 975.002 48.28888304385707
C10 999.976 30.806884985970417
C10 1025.028 14.828428994510858
C10 1050.014 5.97758445394086
C10 1075.002 0.9178620636109547
C10 1099.99 0.09106943072893003
C11 319.994 45.368723533978354
C11 324.969 46.24935014815657
C11 349.982 52.76920431330789
C11 374.975 69.35113521722542
C11 400.019 84.98696238536186
C11 424.965 88.05714227347246
C11 450.035 88.48416896274183
C11 475.003 88.31339477724465
C11 500.018 87.91071770140778
C11 525.002 87.11658428948624
C11 550.029 88.16424104151396
C11 575.023 88.82820322933168
C11 599.982 89.56294882354027
C11 619.997 90.83182747718692
C11 624.979 90.83015500920217
C11 650.012 91.97965745937383
C11 675.004 93.10696169811156
C11 700.03 94.03886085921312
C11 725.012 95.16875742332722
C11 750.022 96.58340686609905
C11 774.987 98.74388580454203
C11 799.976 98.80965180697865
C11 824.988 98.80800974750271
C11 850.022 97.73116082701394
C11 869.967 95.31946959513462
C11 875.002 94.55338803259362
C11 899.999 87.82520897462393
C11 919.999 80.16979085952839
C11 925.012 76.74574715435394
C11 949.965 63.956369270732054
C11 975.002 48.523758365933304
C11 999.976 31.021819928392137
C11 1025.028 14.87355522159024
C11 1050.014 5.982656023051428
C11 1075.002 0.9201310519090705
C11 1099.99 0.0912945576633924
C12 319.994 45.42325739347194
C12 324.969 46.26168079848049
C12 349.982 52.63547909473649
C12 374.975 69.21985408254992
C12 400.019 85.0501208581677
C12 424.965 88.26513647375748
C12 450.035 88.73078196922012
C12 475.003 88.53593184686977
C12 500.018 88.09559383286725
C12 525.002 87.27301326095059
C12 550.029 88.29261056147057
C12 575.023 88.94708529453845
C12 599.982 89.67988474418296
C12 619.997 90.94034024088825
C12 624.979 90.94095601319172
C12 650.012 92.09343089509991
C12 675.004 93.2159153851907
C12 700.03 94.15726399040607
C12 725.012 95.3335183262065
C12 750.022 96.80758599520011
C12 774.987 99.02794688962426
C12 799.976 99.12130861380922
C12 824.988 99.11531053544573
C12 850.022 98.03977678296314
C12 869.967 95.62266523438781
C12 875.002 94.84804648299739
C12 899.999 88.07581309788401
C12 919.999 80.38643628057088
C12 925.012 76.9531559908443
C12 949.965 64.17680815324904
C12 975.002 48.74198122837049
C12 999.976 31.219781221300465
C12 1025.028 14.99998619910998
C12 1050.014 6.032544507690789
C12 1075.002 0.9222662754673614
C12 1099.99 0.09150641258325644
C13 319.994 45.35181640307799
C13 324.969 46.14308761410745
C13 349.982 52.34849879280815
C13 374.975 68.9119299201762
C13 400.019 84.92656348473085
C13 424.965 88.29531691875498
C13 450.035 88.8244553806204
C13 475.003 88.61389926346784
C13 500.018 88.14304631087087
C13 525.002 87.28785261325163
C13 550.029 88.27589348375028
C13 575.023 88.90793433944094
C13 599.982 89.62931539402595
C13 619.997 90.87756947656978
C13 624.979 90.88593181649351
C13 650.012 92.03243902854703
C13 675.004 93.1528785464201
C13 700.03 94.1018824937293
C13 725.012 95.29011017987509
C13 750.022 96.79184198976186
C13 774.987 99.04035356122021
C13 799.976 99.14851662707018
C13 824.988 99.14383371671289
C13 850.022 98.06485620060717
C13 869.967 95.63409883370171
C13 875.002 94.85337557416698
C13 899.999 88.07101615561866
C13 919.999 80.36147089483491
C13 925.012 76.92832744339799
C13 949.965 64.1427278169962
C13 975.002 48.73052862373857
C13 999.976 31.23582931182684
C13 1025.028 15.031735533109078
C13 1050.014 6.035112126153737
C13 1075.002 0.9221160406738991
C13 1099.99 0.09149150642506697
C14 319.994 45.273906002433954
C14 324.969 46.01436459523589
C14 349.982 52.02577328876942
C14 374.975 68.5514218439366
C14 400.019 84.75959036283538
C14 424.965 88.300737235451
C14 450.035 88.87860533269023
C14 475.003 88.65542208225281
C14 500.018 88.14411060867936
C14 525.002 87.25120275800404
C14 550.029 88.2043878752751
C14 575.023 88.8105967027286
C14 599.982 89.511847324479
C14 619.997 90.74295100805197
C14 624.979 90.75268933299952
C14 650.012 91.88693431387397
C14 675.004 92.99438939848362
C14 700.03 93.94209338204105
C14 725.012 95.12720419603343
C14 750.022 96.63479724599404
C14 774.987 98.87731834121611
C14 799.976 98.98903160047007
C14 824.988 98.98407501353344
C14 850.022 97.87969118831396
C14 869.967 95.4422211430879
C14 875.002 94.66721468321012
C14 899.999 87.91727073505712
C14 919.999 80.23398322163389
C14 925.012 76.79608083856765
C14 949.965 63.94456316718517
C14 975.002 48.58061087422393
C14 999.976 31.198987502867368
C14 1025.028 15.062202008142604
C14 1050.014 6.036833057699407
C14 1075.002 0.9206198639466928
C14 1099.99 0.09134305714470288
C15 319.994 45.28823601221236
C15 324.969 45.98526745336488
C15 349.982 51.83735836709676
C15 374.975 68.3843955071507
C15 400.019 84.82096233574842
C15 424.965 88.52761511970925
C15 450.035 89.16836801317501
C15 475.003 88.93934632904539
C15 500.018 88.39580943825672
C15 525.002 87.45958466677642
C15 550.029 88.38540212611527
C15 575.023 88.97512193966459
C15 599.982 89.66128994104345
C15 619.997 90.89472747766784
C15 624.979 90.89587539887556
C15 650.012 92.02806020327787
C15 675.004 93.14574775110331
C15 700.03 94.09253947939632
C15 725.012 95.28148176549922
C15 750.022 96.7822861158672
C15 774.987 99.02725509604876
C15 799.976 99.1443050485995
C15 824.988 99.13901396806594
C15 850.022 98.00432046168649
C15 869.967 95.57193623955952
C15 875.002 94.80690377057259
C15 899.999 88.11928206123305
C15 919.999 80.38306853821977
C15 925.012 76.88689585013947
C15 949.965 63.905777114193434
C15 975.002 48.61315177971808
C15 999.976 31.301137286099447
C15 1025.028 15.106946228330013
C15 1050.014 6.042558884882417
C15 1075.002 0.9220250174286383
C15 1099.99 0.09148247518229355
C16 319.994 45.24194285860726
C16 324.969 45.89806725327828
C16 349.982 51.58903868306132
C16 374.975 68.11619245941475
C16 400.019 84.71273085075362
C16 424.965 88.55296061180539
C16 450.035 89.24197180875832
C16 475.003 89.00446615066971
C16 500.018 88.43297623815414
C16 525.002 87.46012441780788
C16 550.029 88.36009464465515
C16 575.023 88.93175940609639
C16 599.982 89.60351377429761
C16 619.997 90.83734662153658
C16 624.979 90.8300029666581
C16 650.012 91.95813583726101
C16 675.004 93.08157059325221
C16 700.03 94.02519983662862
C16 725.012 95.21608826729558
C16 750.022 96.69722591458836
C16 774.987 98.93281386980092
C16 799.976 99.06093251955981
C16 824.988 99.05790687293286
C16 850.022 97.91924505615324
C16 869.967 95.5560249873228
C16 875.002 94.82199399307135
C16 899.999 88.23943368168278
C16 919.999 80.39193261853893
C16 925.012 76.83411428096626
C16 949.965 63.818573113043236
C16 975.002 48.64356028853168
C16 999.976 31.39521931183692
C16 1025.028 15.154038555557372
C16 1050.014 6.059141499977783
C16 1075.002 0.9212147971109459
C16 1099.99 0.0914020858667062
C17 319.994 44.91486133568098
C17 324.969 45.53055001575712
C17 349.982 51.090217504483036
C17 374.975 67.5572612610392
C17 400.019 84.35607705300612
C17 424.965 88.41493639030047
C17 450.035 89.1468920038254
C17 475.003 88.82583136564422
C17 500.018 88.21450630658283
C17 525.002 87.26797305061474
C17 550.029 88.14901398072554
C17 575.023 88.7097392811211
C17 599.982 89.36828875437001
C17 619.997 90.52730906780033
C17 624.979 90.58595947917456
C17 650.012 91.71722442618527
C17 675.004 92.77235406925394
C17 700.03 93.73257115418815
C17 725.012 94.93120615247538
C17 750.022 96.47968344253587
C17 774.987 98.72172560374412
C17 799.976 98.8616503570499
C17 824.988 98.86903962469161
C17 850.022 97.67355950919378
C17 869.967 95.39213072694471
C17 875.002 94.67690739539445
C17 899.999 88.12774322881043
C17 919.999 80.14912067566235
C17 925.012 76.63062814211285
C17 949.965 63.75538043066497
C17 975.002 48.57788551162151
C17 999.976 31.359521623021557
C17 1025.028 15.1496264709817
C17 1050.014 6.067960442666677
C17 1075.002 0.9191418610003934
C17 1099.99 0.09119641105018446
