lsstCam/transmission_filter_detector/r24_s01/i_39/19700101T000000.ecsv
# %ECSV 1.0
# ---
# datatype:
# - {name: wavelength, unit: nm, datatype: float32}
# - {name: efficiency, unit: '%', datatype: float64}
# meta: !!omap
# - {MODE: DETECTOR}
# - {TYPE: transmission_filter_detector}
# - {CALIBDATE: '1970-01-01T00:00:00'}
# - {INSTRUME: LSSTCam}
# - {OBSTYPE: transmission_filter_detector}
# - {CALIBCLS: lsst.ip.isr.IntermediateFilterDetectorTransmissionCurve}
# - {SOURCE: Materion (DM-46256)}
# - {DETECTOR: 109}
# - {FILTER: i_39}
# - {CALIB_ID: 'calibDate=1970-01-01T00:00:00 filter=i_39 detector=109'}
# - {DATE: '2025-04-02T15:59:46.985340'}
# - {CALIB_CREATION_DATE: '2025-04-02'}
# - {CALIB_CREATION_TIME: '15:59:46'}
# - __serialized_columns__:
#     efficiency:
#       __class__: astropy.units.quantity.Quantity
#       unit: !astropy.units.Unit {unit: '%'}
#       value: !astropy.table.SerializedColumn {name: efficiency}
#     wavelength:
#       __class__: astropy.units.quantity.Quantity
#       unit: !astropy.units.Unit {unit: nm}
#       value: !astropy.table.SerializedColumn {name: wavelength}
# schema: astropy-2.0
wavelength efficiency
300.0 0.08990929345600307
301.0 0.04462403885554522
302.0 1.629248277089379e-10
303.0 0.012454390525817871
304.0 0.025569976423867047
305.0 0.023385648091789335
306.0 0.021201321214903146
307.0 0.003630216815508902
308.0 1.629248277089379e-10
309.0 1.629248277089379e-10
310.0 1.629248277089379e-10
311.0 1.629248277089379e-10
312.0 0.003197087426087819
313.0 0.0005419337867351715
314.0 1.629248277089379e-10
315.0 1.629248277089379e-10
316.0 1.629248277089379e-10
317.0 1.629248277089379e-10
318.0 1.629248277089379e-10
319.0 1.629248277089379e-10
320.0 1.629248277089379e-10
321.0 1.629248277089379e-10
322.0 1.629248277089379e-10
323.0 1.629248277089379e-10
324.0 1.629248277089379e-10
325.0 1.629248277089379e-10
326.0 1.629248277089379e-10
327.0 1.629248277089379e-10
328.0 0.0025819093934842385
329.0 0.0010561231647443492
330.0 1.629248277089379e-10
331.0 0.00018599707800603937
332.0 0.0008416572200076189
333.0 0.0010629991265886929
334.0 0.0012843410331697669
335.0 0.0008525410521542653
336.0 0.00042074134398717433
337.0 0.001145987607742427
338.0 0.001871233143901918
339.0 0.002372947710682638
340.0 0.002874662277463358
341.0 1.629248277089379e-10
342.0 1.629248277089379e-10
343.0 1.629248277089379e-10
344.0 1.629248277089379e-10
345.0 1.629248277089379e-10
346.0 1.629248277089379e-10
347.0 1.629248277089379e-10
348.0 1.629248277089379e-10
349.0 1.629248277089379e-10
350.0 1.629248277089379e-10
351.0 1.629248277089379e-10
352.0 0.0003709338216140168
353.0 1.629248277089379e-10
354.0 1.629248277089379e-10
355.0 1.629248277089379e-10
356.0 0.000445170280727325
357.0 0.0010044792361441068
358.0 0.0015637884644092992
359.0 0.0016261543350992724
360.0 0.0016885200238903053
361.0 0.0011065958460676484
362.0 0.0005246715772955213
363.0 0.00038628709262411576
364.0 0.00024790272163954796
365.0 0.0010440135156386532
366.0 0.0018401246052235365
367.0 0.0010225238838756923
368.0 0.00020492318526521558
369.0 0.0004406146217661444
370.0 0.000676306171953911
371.0 0.0005137652351550059
372.0 0.0003512242301439983
373.0 0.00039268479667953216
374.0 0.0004341452950029634
375.0 1.629248277089379e-10
376.0 1.629248277089379e-10
377.0 1.629248277089379e-10
378.0 1.629248277089379e-10
379.0 1.629248277089379e-10
380.0 1.629248277089379e-10
381.0 1.629248277089379e-10
382.0 1.629248277089379e-10
383.0 0.00029062098292342853
384.0 0.0012156801858509425
385.0 0.0011164755960635375
386.0 0.0010172709153266624
387.0 1.629248277089379e-10
388.0 1.629248277089379e-10
389.0 1.629248277089379e-10
390.0 1.629248277089379e-10
391.0 1.629248277089379e-10
392.0 1.629248277089379e-10
393.0 1.629248277089379e-10
394.0 0.0005244042313279351
395.0 1.629248277089379e-10
396.0 1.629248277089379e-10
397.0 1.629248277089379e-10
398.0 1.629248277089379e-10
399.0 1.629248277089379e-10
400.0 1.629248277089379e-10
401.0 0.00031318911624111934
402.0 0.0007036387160042068
403.0 0.0018048647689283825
404.0 0.0029060913220746443
405.0 0.0038057474739616737
406.0 0.004705403625848703
407.0 0.00238092579820659
408.0 5.6445941254423815e-05
409.0 1.629248277089379e-10
410.0 1.629248277089379e-10
411.0 0.0025205834390362725
412.0 0.0058443783927941695
413.0 0.00468992002424784
414.0 0.0035354627470951527
415.0 0.004620046456693672
416.0 0.005704629438696429
417.0 0.0032427884434582666
418.0 0.0007809476301190443
419.0 0.0029807557439198717
420.0 0.005180563675821759
421.0 0.005026552389608696
422.0 0.004872541103395633
423.0 0.004646691377274692
424.0 0.004420841651153751
425.0 0.0038063517422415316
426.0 0.0031918607419356704
427.0 0.00385776802431792
428.0 0.004523675670498051
429.0 0.004881008499069139
430.0 0.005238342055235989
431.0 0.0036278142943046987
432.0 0.00201728762476705
433.0 0.00305222456518095
434.0 0.004087161141796969
435.0 0.002736339592956938
436.0 0.0013855176803190261
437.0 0.001610051913303323
438.0 0.00183458614628762
439.0 0.0021239195120870136
440.0 0.002413252877886407
441.0 0.0007209509021777194
442.0 1.629248277089379e-10
443.0 1.629248277089379e-10
444.0 1.629248277089379e-10
445.0 1.629248277089379e-10
446.0 1.629248277089379e-10
447.0 0.00022834717583464226
448.0 0.0005843350209033815
449.0 1.629248277089379e-10
450.0 1.629248277089379e-10
451.0 0.00012501158153099823
452.0 0.0010151517926715314
453.0 0.0014480461686616763
454.0 0.0018809407265507616
455.0 0.0018286264094058424
456.0 0.0017763120922609232
457.0 0.0012441833860066254
458.0 0.0007120545888028573
459.0 0.0004724640803033253
460.0 0.0002328736172785284
461.0 0.0005214548764342908
462.0 0.0008100360901153181
463.0 0.0004173300567344995
464.0 2.4624097250125487e-05
465.0 0.00022955432541493792
466.0 0.0004344845365267247
467.0 0.000702094712323742
468.0 0.0009697048881207593
469.0 0.0005496801350091118
470.0 0.00012965548421561834
471.0 0.0003934705091523938
472.0 0.0006572856364073232
473.0 0.0009191775461658835
474.0 0.0011810698197223246
475.0 0.0005959241661912529
476.0 1.0778947512335435e-05
477.0 0.0005812339168187464
478.0 0.0011516889571794309
479.0 0.0011397243724786676
480.0 0.0011277598787273746
481.0 0.002416576535324566
482.0 0.0037053920095786452
483.0 0.005053925997344777
484.0 0.006402459257515147
485.0 0.006602533539989963
486.0 0.006802607822464779
487.0 0.01000413394649513
488.0 0.013205660798121244
489.0 0.01657268003327772
490.0 0.019939697813242674
491.0 0.022423667542170733
492.0 0.024907637271098793
493.0 0.026919777155853808
494.0 0.02893191995099187
495.0 0.026366391102783382
496.0 0.023800856433808804
497.0 0.019369715300854295
498.0 0.014938569802325219
499.0 0.010818435839610174
500.0 0.00669830187689513
501.0 0.004728909334517084
502.0 0.002759516610240098
503.0 0.002333497650397476
504.0 0.0019074785086559132
505.0 0.001776506360329222
506.0 0.0016455340301035903
507.0 0.0017866032067104243
508.0 0.0019276720195193775
509.0 0.0021741627278970554
510.0 0.0024206534362747334
511.0 0.0017899863451020792
512.0 0.0011593193448788952
513.0 0.0015139123206608929
514.0 0.0018685052054934204
515.0 0.0023509786842623726
516.0 0.002833452344930265
517.0 0.0022273126887739636
518.0 0.001621173032617662
519.0 0.0017724460121826269
520.0 0.001923719173646532
521.0 0.0016936110114329495
522.0 0.001463503394916188
523.0 0.0015595453078276478
524.0 0.0016555875845369883
525.0 0.0020443081666599028
526.0 0.0024330289306817576
527.0 0.0024830171241774224
528.0 0.002533005317673087
529.0 0.0023428719941875897
530.0 0.002152738488803152
531.0 0.0021182935597607866
532.0 0.0020838488126173615
533.0 0.002017398401221726
534.0 0.001950948171725031
535.0 0.0018994123820448294
536.0 0.0018478767742635682
537.0 0.002362867417105008
538.0 0.0028778580599464476
539.0 0.0035298329748911783
540.0 0.00418180825363379
541.0 0.004807323784916662
542.0 0.005432839679997414
543.0 0.005124360177433118
544.0 0.004815880674868822
545.0 0.003965858923038468
546.0 0.003115837898803875
547.0 0.0025509474653517827
548.0 0.0019860570318996906
549.0 0.0019446313672233373
550.0 0.0019032058844459243
551.0 0.0015797559171915054
552.0 0.0012563058589876164
553.0 0.0014965416994527914
554.0 0.0017367772670695558
555.0 0.0013163878065824974
556.0 0.0008959984370449092
557.0 0.000812040798336966
558.0 0.0007280832505784929
559.0 0.00027553010113479104
560.0 1.629248277089379e-10
561.0 0.0006661498900939478
562.0 0.0015093229194462765
563.0 0.0015834782971069217
564.0 0.0016576339476159774
565.0 0.0013384808880800847
566.0 0.0010193279194936622
567.0 0.00091945275926264
568.0 0.0008195775080821477
569.0 0.0007351452040893491
570.0 0.000650712581773405
571.0 0.00043069444473076146
572.0 0.00021067635316285305
573.0 0.0002731556605795049
574.0 0.00033563501347089186
575.0 0.00032240607197309146
576.0 0.0003091770622631884
577.0 0.0005029588919569505
578.0 0.0006967407443880802
579.0 0.000369331087313185
580.0 4.1921472870853904e-05
581.0 0.0001708429749669449
582.0 0.00029976447422086494
583.0 0.0004538871507975273
584.0 0.000608009759162087
585.0 0.0006646656402153894
586.0 0.0007213216576928971
587.0 0.0007170301614678465
588.0 0.0007127385288185906
589.0 0.0006759934876754414
590.0 0.0006392484010575572
591.0 0.0007435689894919051
592.0 0.0008478897143504582
593.0 0.0005864515514986124
594.0 0.00032501338864676654
595.0 0.0005875931037735427
596.0 0.0008501727279508486
597.0 0.0006635607860516757
598.0 0.000476948980576708
599.0 0.00045099150156602263
600.0 0.00042503384065639693
601.0 0.0003969711997342529
602.0 0.0003689084906000062
603.0 0.0002878194209188223
604.0 0.0002067302602881682
605.0 0.0001864852833932673
606.0 0.00016624032923573395
607.0 0.00043392074076109566
608.0 0.0007016010385996196
609.0 0.0006353111530188471
610.0 0.0005690210400643991
611.0 0.0007040071068331599
612.0 0.0008389932190766558
613.0 0.0005411962774815038
614.0 0.0002433994040984544
615.0 1.6736484553803166e-05
616.0 1.629248277089379e-10
617.0 1.629248277089379e-10
618.0 0.00019182771211490035
619.0 0.00030009941838216037
620.0 0.00040837121559889056
621.0 0.0005536178832699079
622.0 0.0006988645054661902
623.0 0.0005784990662505152
624.0 0.00045813367250957526
625.0 0.00042996921365556773
626.0 0.00040180484575103037
627.0 0.0003187860329489922
628.0 0.00023576719740958652
629.0 0.00039494898373959586
630.0 0.0005541308382817078
631.0 0.0005041049007559195
632.0 0.0004540789632301312
633.0 0.0004478377832128899
634.0 0.00044159655772091355
635.0 0.00047352168621728197
636.0 0.0005054467692389153
637.0 0.0004159289801464183
638.0 0.00032641107736708364
639.0 0.0005480084837472532
640.0 0.000769605776440585
641.0 0.0005877644071006216
642.0 0.0004059229922859231
643.0 0.0006110538834036561
644.0 0.0008161848199961241
645.0 0.0007617218670930015
646.0 0.0007072590506140841
647.0 0.0008006481948541477
648.0 0.000894037657417357
649.0 0.000759147451390163
650.0 0.0006242573363124393
651.0 0.0008306648851430509
652.0 0.0010370725249231327
653.0 0.0011699033166223671
654.0 0.0013027340173721313
655.0 0.0018274318790645339
656.0 0.0023521293769590557
657.0 0.003349634789628908
658.0 0.004347139110905118
659.0 0.007017331517999992
660.0 0.058824970619753
661.0 0.11170679936185479
662.0 0.07763084140606225
663.0 0.07238726830109954
664.0 0.1509396475739777
665.0 0.13756515691056848
666.0 0.12645204551517963
667.0 0.14941402478143573
668.0 0.21981731988489628
669.0 0.24197569582611322
670.0 0.3412993159145117
671.0 0.49279271624982357
672.0 0.791526585817337
673.0 1.3325740583240986
674.0 1.9834185019135475
675.0 2.806321531534195
676.0 3.9059896022081375
677.0 5.238709598779678
678.0 6.55406266450882
679.0 7.978839427232742
680.0 9.87575650215149
681.0 11.894088238477707
682.0 14.449670910835266
683.0 17.251327633857727
684.0 20.21210342645645
685.0 23.161137104034424
686.0 26.157405972480774
687.0 29.363587498664856
688.0 32.61197507381439
689.0 35.86869537830353
690.0 39.67928886413574
691.0 43.73224377632141
692.0 48.68643283843994
693.0 53.803908824920654
694.0 59.687334299087524
695.0 65.28933644294739
696.0 71.49226069450378
697.0 77.02093720436096
698.0 83.01265239715576
699.0 87.52472400665283
700.0 91.1060631275177
701.0 93.88205409049988
702.0 95.79617977142334
703.0 96.80508971214294
704.0 97.32407331466675
705.0 97.75019884109497
706.0 97.78111577033997
707.0 97.98492193222046
708.0 97.97155857086182
709.0 98.06225299835205
710.0 97.83501625061035
711.0 97.97064661979675
712.0 97.88596630096436
713.0 98.01369905471802
714.0 98.06969165802002
715.0 98.16177487373352
716.0 97.92376160621643
717.0 98.18840622901917
718.0 98.25308918952942
719.0 98.20809960365295
720.0 98.43758344650269
721.0 98.38244318962097
722.0 98.0952501296997
723.0 97.8498637676239
724.0 97.54794836044312
725.0 97.31043577194214
726.0 96.94827198982239
727.0 96.73701524734497
728.0 96.42183184623718
729.0 96.24931812286377
730.0 96.2558388710022
731.0 96.29101753234863
732.0 96.31892442703247
733.0 96.56458497047424
734.0 96.94785475730896
735.0 97.11412787437439
736.0 97.53594994544983
737.0 97.96801209449768
738.0 98.24220538139343
739.0 98.60392212867737
740.0 98.75076413154602
741.0 98.5727071762085
742.0 98.88087511062622
743.0 98.69405031204224
744.0 98.5994279384613
745.0 98.57617020606995
746.0 98.50241541862488
747.0 98.74294996261597
748.0 98.6625611782074
749.0 98.50772619247437
750.0 98.50465059280396
751.0 98.4692633152008
752.0 98.31554889678955
753.0 98.57328534126282
754.0 98.47022294998169
755.0 98.53979349136353
756.0 98.68781566619873
757.0 98.6135721206665
758.0 98.79269599914551
759.0 98.79676699638367
760.0 98.67168664932251
761.0 98.5807478427887
762.0 98.68044853210449
763.0 98.629629611969
764.0 98.5645055770874
765.0 98.42870831489563
766.0 98.43971729278564
767.0 98.2905387878418
768.0 98.35734367370605
769.0 98.33841919898987
770.0 98.1309175491333
771.0 98.17430377006531
772.0 98.20536971092224
773.0 98.07345271110535
774.0 97.89252877235413
775.0 98.02246689796448
776.0 97.84495234489441
777.0 97.95641899108887
778.0 97.94125556945801
779.0 97.97924160957336
780.0 97.92672991752625
781.0 98.19311499595642
782.0 98.06063771247864
783.0 98.15100431442261
784.0 98.17686080932617
785.0 98.22413921356201
786.0 98.38403463363647
787.0 98.1334924697876
788.0 98.26620817184448
789.0 98.34338426589966
790.0 98.244708776474
791.0 98.3080506324768
792.0 98.19704294204712
793.0 98.08048605918884
794.0 98.03202152252197
795.0 97.97329306602478
796.0 97.94657826423645
797.0 98.02480340003967
798.0 97.98774123191833
799.0 97.83334732055664
800.0 97.6183533668518
801.0 97.69951105117798
802.0 97.63327836990356
803.0 97.3910927772522
804.0 97.21962213516235
805.0 96.81470394134521
806.0 96.53123021125793
807.0 95.68529725074768
808.0 94.77172493934631
809.0 93.69536638259888
810.0 92.40707159042358
811.0 90.57339429855347
812.0 88.45502734184265
813.0 85.87673902511597
814.0 82.8582763671875
815.0 79.30588126182556
816.0 75.59915781021118
817.0 71.37032151222229
818.0 66.46237373352051
819.0 62.185537815093994
820.0 57.18274712562561
821.0 52.642202377319336
822.0 48.19314181804657
823.0 43.55283975601196
824.0 38.926613330841064
825.0 34.625181555747986
826.0 30.217748880386353
827.0 25.661298632621765
828.0 21.47519290447235
829.0 17.38991290330887
830.0 13.239268958568573
831.0 10.014499723911285
832.0 6.901745498180389
833.0 4.552211984992027
834.0 2.875802107155323
835.0 1.7265457659959793
836.0 1.0612204670906067
837.0 0.5645621102303267
838.0 0.33728843554854393
839.0 0.19596104975789785
840.0 0.08720284677110612
841.0 0.050900294445455074
842.0 0.011010730668203905
843.0 0.019913628057111055
844.0 0.005442177643999457
845.0 1.629248277089379e-10
846.0 1.629248277089379e-10
847.0 1.629248277089379e-10
848.0 1.629248277089379e-10
849.0 1.629248277089379e-10
850.0 1.629248277089379e-10
851.0 0.00011714173524524085
852.0 0.0010035673767561093
853.0 0.0010418291822134051
854.0 0.0010800911695696414
855.0 0.0010288705198036041
856.0 0.000977649960987037
857.0 0.0008042183253564872
858.0 0.0006307864623522619
859.0 0.0002895335228458862
860.0 1.629248277089379e-10
861.0 0.00013138138683643774
862.0 0.00031448216759599745
863.0 0.00014910202708051656
864.0 1.629248277089379e-10
865.0 5.2139012041152455e-05
866.0 0.0001205559897243802
867.0 7.836723057152994e-05
868.0 3.617841457526083e-05
869.0 1.629248277089379e-10
870.0 1.629248277089379e-10
871.0 2.4255228936453932e-05
872.0 0.0002510057584004244
873.0 0.00028317551823420217
874.0 0.0003153452325932449
875.0 0.0003300105618109228
876.0 0.00034467589102860074
877.0 1.629248277089379e-10
878.0 1.629248277089379e-10
879.0 5.425070526143827e-05
880.0 0.0005305769263941329
881.0 0.00023643749500479316
882.0 1.629248277089379e-10
883.0 8.665237487548438e-05
884.0 0.0002310066975041991
885.0 0.0001285090093006147
886.0 2.6011346676568792e-05
887.0 9.974878594221082e-05
888.0 0.00017348627352475887
889.0 9.223458050655609e-05
890.0 1.0982886067267827e-05
891.0 7.157356094467104e-05
892.0 0.00013216421166362124
893.0 0.00020063928332092473
894.0 0.00026911434360954445
895.0 1.629248277089379e-10
896.0 1.629248277089379e-10
897.0 1.629248277089379e-10
