lsstCam/transmission_filter_detector/r24_s01/i_39/19700101T000000.ecsv
# %ECSV 1.0
# ---
# datatype:
# - {name: wavelength, unit: nm, datatype: float32}
# - {name: efficiency, unit: '%', datatype: float64}
# meta: !!omap
# - {MODE: DETECTOR}
# - {TYPE: transmission_filter_detector}
# - {CALIBDATE: '1970-01-01T00:00:00'}
# - {INSTRUME: LSSTCam}
# - {OBSTYPE: transmission_filter_detector}
# - {CALIBCLS: lsst.ip.isr.IntermediateFilterDetectorTransmissionCurve}
# - {SOURCE: Materion (DM-46256)}
# - {DETECTOR: 109}
# - {FILTER: i_39}
# - {CALIB_ID: 'calibDate=1970-01-01T00:00:00 filter=i_39 detector=109'}
# - {DATE: '2025-04-02T15:59:46.985340'}
# - {CALIB_CREATION_DATE: '2025-04-02'}
# - {CALIB_CREATION_TIME: '15:59:46'}
# - __serialized_columns__:
#     efficiency:
#       __class__: astropy.units.quantity.Quantity
#       unit: !astropy.units.Unit {unit: '%'}
#       value: !astropy.table.SerializedColumn {name: efficiency}
#     wavelength:
#       __class__: astropy.units.quantity.Quantity
#       unit: !astropy.units.Unit {unit: nm}
#       value: !astropy.table.SerializedColumn {name: wavelength}
# schema: astropy-2.0
wavelength efficiency
[from data line 599]
899.0 1.629248277089379e-10
900.0 1.629248277089379e-10
901.0 1.629248277089379e-10
902.0 1.629248277089379e-10
903.0 1.629248277089379e-10
904.0 1.629248277089379e-10
905.0 1.629248277089379e-10
906.0 1.629248277089379e-10
907.0 7.455107038367714e-05
908.0 0.00025556673790561035
909.0 9.168013548332965e-06
910.0 1.629248277089379e-10
911.0 1.629248277089379e-10
912.0 0.00012940367923874874
913.0 9.028992167259275e-05
914.0 5.117616979077866e-05
915.0 1.629248277089379e-10
916.0 1.629248277089379e-10
917.0 1.629248277089379e-10
918.0 1.629248277089379e-10
919.0 1.629248277089379e-10
920.0 0.00010000638894780423
921.0 3.431644586271432e-05
922.0 1.629248277089379e-10
923.0 1.629248277089379e-10
924.0 1.629248277089379e-10
925.0 4.742260557577538e-05
926.0 0.0002452750095471856
927.0 4.202360415206385e-06
928.0 1.629248277089379e-10
929.0 1.629248277089379e-10
930.0 0.00015903269741102122
931.0 0.00017628092336963164
932.0 0.0001935291265908745
933.0 0.00017543106878292747
934.0 0.00015733303371234797
935.0 1.629248277089379e-10
936.0 1.629248277089379e-10
937.0 1.629248277089379e-10
938.0 1.629248277089379e-10
939.0 1.629248277089379e-10
940.0 1.629248277089379e-10
941.0 1.629248277089379e-10
942.0 1.629248277089379e-10
943.0 1.629248277089379e-10
944.0 1.629248277089379e-10
945.0 1.629248277089379e-10
946.0 1.629248277089379e-10
947.0 1.629248277089379e-10
948.0 1.629248277089379e-10
949.0 1.629248277089379e-10
950.0 1.629248277089379e-10
951.0 1.629248277089379e-10
952.0 1.9365623415978916e-05
953.0 1.629248277089379e-10
954.0 1.629248277089379e-10
955.0 7.097278853507305e-05
956.0 0.0003458675337242312
957.0 0.00025657357127784053
958.0 0.00016727957472539856
959.0 0.00015858473716434673
960.0 0.00014988994507803
961.0 0.00010613779295454151
962.0 6.238564083105302e-05
963.0 1.629248277089379e-10
964.0 1.629248277089379e-10
965.0 1.629248277089379e-10
966.0 1.629248277089379e-10
967.0 1.629248277089379e-10
968.0 1.629248277089379e-10
969.0 1.629248277089379e-10
970.0 1.629248277089379e-10
971.0 1.629248277089379e-10
972.0 1.629248277089379e-10
973.0 1.629248277089379e-10
974.0 1.629248277089379e-10
975.0 1.629248277089379e-10
976.0 1.629248277089379e-10
977.0 1.629248277089379e-10
978.0 1.629248277089379e-10
979.0 1.629248277089379e-10
980.0 1.629248277089379e-10
981.0 1.629248277089379e-10
982.0 1.629248277089379e-10
983.0 1.629248277089379e-10
984.0 1.629248277089379e-10
985.0 9.663699529482983e-05
986.0 0.0002554015736677684
987.0 5.094501602798118e-05
988.0 1.629248277089379e-10
989.0 1.629248277089379e-10
990.0 1.629248277089379e-10
991.0 1.629248277089379e-10
992.0 1.629248277089379e-10
993.0 1.2912714453250373e-05
994.0 8.708825021130906e-05
995.0 1.629248277089379e-10
996.0 1.629248277089379e-10
997.0 0.00013572910120274173
998.0 0.0003741472028195858
999.0 0.00032655939321557526
1000.0 0.00027897156087419717
1001.0 0.00010215250085821026
1002.0 1.629248277089379e-10
1003.0 7.821698204679706e-05
1004.0 0.00023110060283215716
1005.0 0.0001016043938761868
1006.0 1.629248277089379e-10
1007.0 7.429845823025971e-05
1008.0 0.00017648877701503807
1009.0 0.00012776848734574742
1010.0 7.904815220172168e-05
1011.0 0.00017002390677589574
1012.0 0.00026099964998138603
1013.0 0.00034076306292263325
1014.0 0.00042052652133861557
1015.0 0.0003427684305279399
1016.0 0.00026501036245463183
1017.0 0.0003365415977896191
1018.0 0.0004080729468114441
1019.0 0.00030677588256367017
1020.0 0.00020547877284116112
1021.0 0.00017296517853537807
1022.0 0.00014045156149222748
1023.0 0.00045540491555584595
1024.0 0.0007703583833063021
1025.0 0.0006319467502180487
1026.0 0.0004935351171297953
1027.0 0.0004078025995113421
1028.0 0.00032207010463025654
1029.0 0.0008235836503445171
1030.0 0.0013250972187961452
1031.0 0.0017894770280690864
1032.0 0.002253856473544147
1033.0 0.002488706559233833
1034.0 0.002723555917327758
1035.0 0.0033300286304438487
1036.0 0.003936501161660999
1037.0 0.0038894391764188185
1038.0 0.0038423768273787573
1039.0 0.003172993820044212
1040.0 0.002503610812709667
1041.0 0.002010216485359706
1042.0 0.0015168218851613346
1043.0 0.002235435567854438
1044.0 0.0029540493414970115
1045.0 0.0032739335438236594
1046.0 0.0035938184737460688
1047.0 0.0033551172236911952
1048.0 0.003116415609838441
1049.0 0.002704233702388592
1050.0 0.0022920516130398028
1051.0 0.0023534399588243105
1052.0 0.002414828850305639
1053.0 0.0016257272363873199
1054.0 0.0008366255315195303
1055.0 0.0008524873010173906
1056.0 0.0008683490705152508
1057.0 0.0008427879947703332
1058.0 0.0008172271918738261
1059.0 0.0010296896107320208
1060.0 0.0012421524843375664
1061.0 0.0017954635040950961
1062.0 0.0023487742510042153
1063.0 0.0027644380679703318
1064.0 0.0031801020668353885
1065.0 0.003320303949294612
1066.0 0.003460505831753835
1067.0 0.004383672785479575
1068.0 0.005306840103003196
1069.0 0.0043105286749778315
1070.0 0.0033142172469524667
1071.0 0.0029615148378070444
1072.0 0.0026088122467626818
1073.0 0.0028574850148288533
1074.0 0.0031061576009960845
1075.0 0.0031462830520467833
1076.0 0.003186408503097482
1077.0 0.002640651655383408
1078.0 0.0020948946257703938
1079.0 0.002126094841514714
1080.0 0.002157295421056915
1081.0 0.0011878315490321256
1082.0 0.000218367586057866
1083.0 0.00010270742905049701
1084.0 1.629248277089379e-10
1085.0 0.0005059881914348807
1086.0 0.001024929679260822
1087.0 0.0010937598744931165
1088.0 0.0011625902516243514
1089.0 1.629248277089379e-10
1090.0 1.629248277089379e-10
1091.0 1.629248277089379e-10
1092.0 1.629248277089379e-10
1093.0 1.629248277089379e-10
1094.0 0.0005991947091388283
1095.0 5.2076109113841085e-05
1096.0 1.629248277089379e-10
1097.0 1.629248277089379e-10
1098.0 1.629248277089379e-10
1099.0 1.629248277089379e-10
1100.0 0.0002678820692381123
