lsstCam/transmission_filter_detector/r02_s00/y_10/19700101T000000.ecsv
# %ECSV 1.0
# ---
# datatype:
# - {name: wavelength, unit: nm, datatype: float32}
# - {name: efficiency, unit: '%', datatype: float64}
# meta: !!omap
# - {MODE: DETECTOR}
# - {TYPE: transmission_filter_detector}
# - {CALIBDATE: '1970-01-01T00:00:00'}
# - {INSTRUME: LSSTCam}
# - {OBSTYPE: transmission_filter_detector}
# - {CALIBCLS: lsst.ip.isr.IntermediateFilterDetectorTransmissionCurve}
# - {SOURCE: Materion (DM-46256)}
# - {DETECTOR: 9}
# - {FILTER: y_10}
# - {CALIB_ID: 'calibDate=1970-01-01T00:00:00 filter=y_10 detector=9'}
# - {DATE: '2025-04-02T15:59:50.782875'}
# - {CALIB_CREATION_DATE: '2025-04-02'}
# - {CALIB_CREATION_TIME: '15:59:50'}
# - __serialized_columns__:
#     efficiency:
#       __class__: astropy.units.quantity.Quantity
#       unit: !astropy.units.Unit {unit: '%'}
#       value: !astropy.table.SerializedColumn {name: efficiency}
#     wavelength:
#       __class__: astropy.units.quantity.Quantity
#       unit: !astropy.units.Unit {unit: nm}
#       value: !astropy.table.SerializedColumn {name: wavelength}
# schema: astropy-2.0
wavelength efficiency
300.0 0.5287308245897293
301.0 0.2824014751240611
302.0 0.036072073271498084
303.0 0.034137952025048435
304.0 0.03220383368898183
305.0 0.019939379126299173
306.0 0.007674918742850423
307.0 0.01453532458981499
308.0 0.021395727526396513
309.0 0.014094883226789534
310.0 0.006794036744395271
311.0 0.006769681203877553
312.0 0.00674532275297679
313.0 0.007061296491883695
314.0 0.0073772702307906
315.0 0.006205413956195116
316.0 0.005033559864386916
317.0 0.0049601465434534475
318.0 0.004886729584541172
319.0 0.0026730547688202932
320.0 0.0004593783160089515
321.0 0.002452157605148386
322.0 0.0044449367123888806
323.0 0.0031406099878950045
324.0 0.001836283081502188
325.0 0.00038484436117869336
326.0 1.700506705934468e-10
327.0 1.700506705934468e-10
328.0 0.00098561822596821
329.0 0.0030029686968191527
330.0 0.005020319076720625
331.0 0.004336381971370429
332.0 0.0036524445022223517
333.0 0.002746220343396999
334.0 0.001839995638874825
335.0 0.0020406987459864467
336.0 0.0022414020349970087
337.0 0.0023784221411915496
338.0 0.00251544206548715
339.0 0.0013401542673818767
340.0 0.00016486648064528708
341.0 1.700506705934468e-10
342.0 1.700506705934468e-10
343.0 0.00039689075492788106
344.0 0.0013006966582906898
345.0 0.0016180954844458029
346.0 0.0019354949472472072
347.0 0.0016825115380925126
348.0 0.0014295279470388778
349.0 0.0013147099707566667
350.0 0.0011998918125755154
351.0 0.0013708725418837275
352.0 0.0015418527254951186
353.0 0.0013388471415964887
354.0 0.0011358413757989183
355.0 0.00127866896946216
356.0 0.0014214965631254017
357.0 0.0007952138730615843
358.0 0.00016893103520487784
359.0 0.00032646134968672413
360.0 0.00048399174374935683
361.0 0.0011114575499959756
362.0 0.0017389231288689189
363.0 0.0013963716810394544
364.0 0.001053819778462639
365.0 0.001280319247598527
366.0 0.0015068191714817658
367.0 0.00198650814127177
368.0 0.002466197111061774
369.0 0.002189261795138009
370.0 0.0019123264792142436
371.0 0.0018457714759279042
372.0 0.0017792159269447438
373.0 0.0020629495338653214
374.0 0.0023466829588869587
375.0 0.003207006011507474
376.0 0.004067329064127989
377.0 0.004042486762045883
378.0 0.0040176440961658955
379.0 0.003537931843311526
380.0 0.0030582195904571563
381.0 0.0021663041479769163
382.0 0.0012743884326482657
383.0 0.0012019568202958908
384.0 0.0011295249350951053
385.0 0.0008849910045682918
386.0 0.0006404571195162134
387.0 0.0006919685802131426
388.0 0.0007434800409100717
389.0 0.0006176268925628392
390.0 0.0004917738351650769
391.0 0.0004352699761511758
392.0 0.0003787661626120098
393.0 0.00047092144086491317
394.0 0.0005630768555420218
395.0 0.0005720680746890139
396.0 0.000581059339310741
397.0 0.0008360660103789996
398.0 0.0010910726814472582
399.0 0.0012665332178585231
400.0 0.0014419936633203179
401.0 0.001633231840969529
402.0 0.0018244703824166209
403.0 0.0018534299670136534
404.0 0.0018823899154085666
405.0 0.0017570126146893017
406.0 0.0016316354958689772
407.0 0.0014062205082154833
408.0 0.0011808056115114596
409.0 0.0010376222235208843
410.0 0.0008944384717324283
411.0 0.00020215768472553464
412.0 1.700506705934468e-10
413.0 0.000647653632768197
414.0 0.0017854301404440776
415.0 0.002608623617561534
416.0 0.0034318170946789905
417.0 0.0015664470993215218
418.0 1.700506705934468e-10
419.0 1.700506705934468e-10
420.0 1.700506705934468e-10
421.0 1.700506705934468e-10
422.0 0.0005544164196180645
423.0 0.0005836084710608702
424.0 0.000612800067756325
425.0 3.755187947263039e-05
426.0 1.700506705934468e-10
427.0 1.700506705934468e-10
428.0 1.700506705934468e-10
429.0 1.700506705934468e-10
430.0 1.700506705934468e-10
431.0 0.00015401303699036362
432.0 0.00043017253119614907
433.0 0.0005862601938133594
434.0 0.0007423483111779206
435.0 0.0002574160816948279
436.0 1.700506705934468e-10
437.0 1.700506705934468e-10
438.0 1.700506705934468e-10
439.0 1.700506705934468e-10
440.0 1.700506705934468e-10
441.0 1.700506705934468e-10
442.0 1.700506705934468e-10
443.0 1.700506705934468e-10
444.0 1.700506705934468e-10
445.0 1.700506705934468e-10
446.0 1.700506705934468e-10
447.0 0.00036289329727878794
448.0 0.0010105231012857985
449.0 0.0009359562682220712
450.0 0.0008613891623099335
451.0 0.00041328221414005384
452.0 1.700506705934468e-10
453.0 1.700506705934468e-10
454.0 1.700506705934468e-10
455.0 1.700506705934468e-10
456.0 0.00011883652177857584
457.0 0.00021353812371671665
458.0 0.0003082397142861737
459.0 0.00012249950032128254
460.0 1.700506705934468e-10
461.0 0.00014557006124960026
462.0 0.00035438083614280913
463.0 0.0005047932518209564
464.0 0.0006552057584485738
465.0 0.0005994822913635289
466.0 0.0005437589607026894
467.0 0.0009433404557057656
468.0 0.0013429216778604314
469.0 0.0013210145880293567
470.0 0.001299107043450931
471.0 0.001460981002310291
472.0 0.0016228546883212402
473.0 0.0021174259018152952
474.0 0.0026119972972082905
475.0 0.0027233772925683297
476.0 0.002834757287928369
477.0 0.003139982436550781
478.0 0.0034452077670721337
479.0 0.003798713078140281
480.0 0.004152218025410548
481.0 0.004242602517479099
482.0 0.00433298664574977
483.0 0.0037616384361172095
484.0 0.0031902894988888875
485.0 0.0034210741432616487
486.0 0.0036518580600386485
487.0 0.003086642755079083
488.0 0.0025214274501195177
489.0 0.002284460060764104
490.0 0.0020474932171055116
491.0 0.001644512485654559
492.0 0.0012415316632541362
493.0 0.0011459049346740358
494.0 0.0010502783879928757
495.0 0.0012784060345438775
496.0 0.0015065336810948793
497.0 0.001963108115887735
498.0 0.0024196830054279417
499.0 0.00228878761845408
500.0 0.0021578922314802185
501.0 0.0022708578399033286
502.0 0.002383823630225379
503.0 0.002521291571611073
504.0 0.002658759694895707
505.0 0.003150189877487719
506.0 0.003641620060079731
507.0 0.0025421059035579674
508.0 0.0014425911103899125
509.0 0.0017015921912388876
510.0 0.0019605931811383925
511.0 0.001944701034517493
512.0 0.001928809069795534
513.0 0.001888030965346843
514.0 0.0018472530427970923
515.0 0.001574517591507174
516.0 0.0013017818673688453
517.0 0.0014654043297923636
518.0 0.001629026337468531
519.0 0.0016538437193958089
520.0 0.0016786605556262657
521.0 0.0017114698493969627
522.0 0.0017442785974708386
523.0 0.0015639077901141718
524.0 0.0013835366189596243
525.0 0.0018620361515786499
526.0 0.002340536593692377
527.0 0.0023316280930885114
528.0 0.0023227199562825263
529.0 0.0025661473046056926
530.0 0.002809574107232038
531.0 0.0025003551854752004
532.0 0.002191135718021542
533.0 0.0023779588445904665
534.0 0.0025647812435636297
535.0 0.002308402872586157
536.0 0.002052024137810804
537.0 0.0023703794795437716
538.0 0.0026887348212767392
539.0 0.003133903373964131
540.0 0.0035790719266515225
541.0 0.0038104539271444082
542.0 0.004041835563839413
543.0 0.004268579505151138
544.0 0.004495323810260743
545.0 0.004708454798674211
546.0 0.004921585787087679
547.0 0.004153443660470657
548.0 0.003385301533853635
549.0 0.0028008616936858743
550.0 0.0022164218535181135
551.0 0.0023948239686433226
552.0 0.0025732260837685317
553.0 0.0032651634683134034
554.0 0.003957100125262514
555.0 0.003951863982365467
556.0 0.0039466282032663
557.0 0.0037904814234934747
558.0 0.003634334643720649
559.0 0.003548410313669592
560.0 0.0034624856198206544
561.0 0.003256693889852613
562.0 0.0030509012503898703
563.0 0.0030735187465325
564.0 0.003096136060776189
565.0 0.0037928472011117265
566.0 0.004489558341447264
567.0 0.004634879587683827
568.0 0.004780200833920389
569.0 0.005603496902040206
570.0 0.006426793697755784
571.0 0.006400392157956958
572.0 0.006373990618158132
573.0 0.006696744094369933
574.0 0.007019498298177496
575.0 0.0067364759161137044
576.0 0.006453454261645675
577.0 0.005777092519565485
578.0 0.005100731141283177
579.0 0.005550752757699229
580.0 0.006000775101711042
581.0 0.00688086511217989
582.0 0.007760954031255096
583.0 0.008997839904623106
584.0 0.010234722140012309
585.0 0.010767266940092668
586.0 0.011299810284981504
587.0 0.010920515342149884
588.0 0.010541217488935217
589.0 0.010527307313168421
590.0 0.010513401502976194
591.0 0.009662757656769827
592.0 0.008812115265754983
593.0 0.007056605682009831
594.0 0.005301098281051964
595.0 0.005166959454072639
596.0 0.005032820990891196
597.0 0.005762473301729187
598.0 0.006492125248769298
599.0 0.007515191100537777
600.0 0.008538255497114733
601.0 0.009094706911128014
602.0 0.00965115541475825
603.0 0.010474495502421632
604.0 0.011297834862489253
605.0 0.011361883662175387
606.0 0.011425933189457282
607.0 0.009927951759891585
608.0 0.00842997251311317
609.0 0.006540316826431081
610.0 0.004650662594940513
611.0 0.003890389416483231
612.0 0.0031301158742280677
613.0 0.0036103330785408616
614.0 0.004090549191460013
615.0 0.004647544847102836
616.0 0.005204540866543539
617.0 0.006606848182855174
618.0 0.00800915586296469
619.0 0.00891024392331019
620.0 0.009811332711251453
621.0 0.010760404984466732
622.0 0.011709476530086249
623.0 0.011784468370024115
624.0 0.011859458754770458
625.0 0.010351276432629675
626.0 0.008843091927701607
627.0 0.006870619108667597
628.0 0.004898144834442064
629.0 0.00403883786930237
630.0 0.003179530904162675
631.0 0.0028484657377703115
632.0 0.0025174009351758286
633.0 0.0026033996618934907
634.0 0.002689398570510093
635.0 0.0030243289074860513
636.0 0.003359259062563069
637.0 0.004106285632587969
638.0 0.004853311838814989
639.0 0.004858843021793291
640.0 0.004864373477175832
641.0 0.005344755118130706
642.0 0.005825137122883461
643.0 0.0053751791710965335
644.0 0.004925221219309606
645.0 0.004535387415671721
646.0 0.0041455536120338365
647.0 0.003551189001882449
648.0 0.002956824937427882
649.0 0.002056539960904047
650.0 0.0011562548934307415
651.0 0.0013583417057816405
652.0 0.0015604289728798904
653.0 0.0016300109564326704
654.0 0.00169959275808651
655.0 0.0017745496734278277
656.0 0.0018495067706680857
657.0 0.0017567139366292395
658.0 0.0016639211025903933
659.0 0.0019419450836721808
660.0 0.0022199692466529086
661.0 0.0019015464204130694
662.0 0.0015831235941732302
663.0 0.002343106098123826
664.0 0.003103088602074422
665.0 0.0034849694202421233
666.0 0.003866849874611944
667.0 0.004573901605908759
668.0 0.005280952245811932
669.0 0.005499141116160899
670.0 0.005717326712328941
671.0 0.006423977902159095
672.0 0.007130629091989249
673.0 0.008119663107208908
674.0 0.009108696394832805
675.0 0.008412444731220603
676.0 0.00771619743318297
677.0 0.0061897408158984035
678.0 0.004663284198613837
679.0 0.0030249871997511946
680.0 0.0013866909284843132
681.0 0.000644301735519548
682.0 1.700506705934468e-10
683.0 0.00025232852749468293
684.0 0.0006027447398082586
685.0 0.00023521754428657005
686.0 1.700506705934468e-10
687.0 8.387747811866575e-05
688.0 0.0003000646529471851
689.0 0.00027066705570177874
690.0 0.00024126948119373992
691.0 0.0002666009777385625
692.0 0.00029193256523285527
693.0 0.0003460874722804874
694.0 0.0004002423338533845
695.0 0.0005096008408145281
696.0 0.0006189593477756716
697.0 0.0006478491286543431
698.0 0.0006767388640582794
699.0 0.000490195952806971
700.0 0.0003036528141819872
701.0 0.00018856241013054387
702.0 7.34721425033058e-05
703.0 0.00020430588847375475
704.0 0.00033513965718157124
705.0 0.0003488275069685187
706.0 0.0003625151975938934
707.0 1.663243054395025e-06
708.0 1.700506705934468e-10
709.0 1.700506705934468e-10
710.0 0.00020796751414309256
711.0 0.0003318663630125229
712.0 0.0004557652573566884
713.0 0.00037486249766516266
714.0 0.0002939598289231071
715.0 0.0003506809207465267
716.0 0.0004074021489941515
717.0 0.00032735374588810373
718.0 0.0002473054564688937
719.0 0.00040482495933247264
720.0 0.0005623443485092139
721.0 0.0003440939963184064
722.0 0.0001258436668649665
723.0 0.00029331670248211594
724.0 0.0004607897608366329
725.0 0.000505353273183573
726.0 0.0005499169219547184
727.0 0.0003244875642849365
728.0 9.905857041303534e-05
729.0 0.00023256952772499062
730.0 0.0003660806896732538
731.0 0.0005146872354089282
732.0 0.0006632939403061755
733.0 0.00014680178992421133
734.0 1.700506705934468e-10
735.0 1.700506705934468e-10
736.0 1.700506705934468e-10
737.0 0.00021707176074414747
738.0 0.0008654215889691841
739.0 0.0005462353328766767
740.0 0.00022704884941049386
741.0 9.31733211473329e-05
742.0 1.700506705934468e-10
743.0 1.700506705934468e-10
744.0 1.700506705934468e-10
745.0 0.00022713850285072112
746.0 0.0005789274837297853
747.0 0.0002672349864951684
748.0 1.700506705934468e-10
749.0 1.700506705934468e-10
750.0 1.700506705934468e-10
751.0 1.700506705934468e-10
752.0 2.6990500145984697e-05
753.0 0.0003389616722415667
754.0 0.0006509328613901744
755.0 1.700506705934468e-10
756.0 1.700506705934468e-10
757.0 1.700506705934468e-10
758.0 1.700506705934468e-10
759.0 7.404190682791523e-05
760.0 0.00040246582102554385
761.0 9.512855854154623e-05
762.0 1.700506705934468e-10
763.0 1.700506705934468e-10
764.0 1.700506705934468e-10
765.0 0.00018783689483825583
766.0 0.0005320633590599755
767.0 3.234671623886243e-05
768.0 1.700506705934468e-10
769.0 1.700506705934468e-10
770.0 1.700506705934468e-10
771.0 1.700506705934468e-10
772.0 1.700506705934468e-10
773.0 0.0002759187736955937
774.0 0.0008607631571067031
775.0 0.00045800798034179024
776.0 5.525274673345848e-05
777.0 9.244865850632777e-05
778.0 0.0001296446384912997
779.0 0.0004920276751363417
780.0 0.0008544107913621701
781.0 0.0006915985522937262
782.0 0.0005287863132252824
783.0 0.00036894052755087614
784.0 0.00020909478735120501
785.0 5.9668735730156186e-05
786.0 1.700506705934468e-10
787.0 0.0005447489002108341
788.0 0.0011792552868428174
789.0 0.0010499305062694475
790.0 0.0009206059075950179
791.0 0.0006166753337311093
792.0 0.0003127445779682603
793.0 0.0005461281489260728
794.0 0.0007795113560860045
795.0 0.0007664673830731772
796.0 0.0007534232281614095
797.0 0.0004310067652113503
798.0 0.00010859039321076125
799.0 0.0005431173576653237
800.0 0.000977644322119886
801.0 0.0005652796971844509
802.0 0.00015291514046111843
803.0 0.00041860598685161676
804.0 0.0006842967650300125
805.0 0.0009599280929251108
806.0 0.0012355593753454741
807.0 0.0007276174073922448
808.0 0.0002196755076511181
809.0 1.700506705934468e-10
810.0 1.700506705934468e-10
811.0 0.00010440807045597467
812.0 0.0005309640982886776
813.0 0.0008831208106130362
814.0 0.0012352774319879245
815.0 0.001048670856107492
816.0 0.0008620637345302384
817.0 0.0008457554031338077
818.0 0.0008294471626868472
819.0 0.000847631054057274
820.0 0.0008658150363771711
821.0 0.0007473928690160392
822.0 0.0006289707471296424
823.0 0.0007221853138617007
824.0 0.0008154001989169046
825.0 0.0006675608801742783
826.0 0.0005197216523811221
827.0 0.0004372097464511171
828.0 0.00035469793147058226
829.0 0.00014073690408622497
830.0 1.700506705934468e-10
831.0 1.700506705934468e-10
832.0 3.464034534772509e-05
833.0 0.0003524543444655137
834.0 0.0006702682185277808
835.0 0.0002983990725624608
836.0 1.700506705934468e-10
837.0 3.933194818728225e-05
838.0 0.00015213414599202224
839.0 0.0006071999450796284
840.0 0.0010622657100611832
841.0 0.0012791632798325736
842.0 0.0014960609405534342
843.0 0.0010224228390143253
844.0 0.000548784555576276
845.0 0.0004738252300739987
846.0 0.000398865722672781
847.0 0.0007034019290586002
848.0 0.0010079381354444195
849.0 0.0010505796126381028
850.0 0.0010932207260339055
851.0 0.0010260123417538125
852.0 0.000958803684625309
853.0 0.00015462999272131128
854.0 1.700506705934468e-10
855.0 1.700506705934468e-10
856.0 1.700506705934468e-10
857.0 0.0003510802798700752
858.0 0.00138302139021107
859.0 0.001113663074647775
860.0 0.0008443044862360694
861.0 0.0011516050108184572
862.0 0.0014589058082492556
863.0 0.0015488800272578374
864.0 0.0016388545191148296
865.0 0.001847039493441116
866.0 0.0020552248315652832
867.0 0.0027830086764879525
868.0 0.0035107925214106217
869.0 0.00297888236673316
870.0 0.0024469720301567577
871.0 0.0033793978218454868
872.0 0.0043118234316352755
873.0 0.003132249548798427
874.0 0.0019526756659615785
875.0 0.00254204060183838
876.0 0.0031314055377151817
