lsstCam/transmission_filter_detector/r02_s00/y_10/19700101T000000.ecsv
# %ECSV 1.0
# ---
# datatype:
# - {name: wavelength, unit: nm, datatype: float32}
# - {name: efficiency, unit: '%', datatype: float64}
# meta: !!omap
# - {MODE: DETECTOR}
# - {TYPE: transmission_filter_detector}
# - {CALIBDATE: '1970-01-01T00:00:00'}
# - {INSTRUME: LSSTCam}
# - {OBSTYPE: transmission_filter_detector}
# - {CALIBCLS: lsst.ip.isr.IntermediateFilterDetectorTransmissionCurve}
# - {SOURCE: Materion (DM-46256)}
# - {DETECTOR: 9}
# - {FILTER: y_10}
# - {CALIB_ID: 'calibDate=1970-01-01T00:00:00 filter=y_10 detector=9'}
# - {DATE: '2025-04-02T15:59:50.782875'}
# - {CALIB_CREATION_DATE: '2025-04-02'}
# - {CALIB_CREATION_TIME: '15:59:50'}
# - __serialized_columns__:
#     efficiency:
#       __class__: astropy.units.quantity.Quantity
#       unit: !astropy.units.Unit {unit: '%'}
#       value: !astropy.table.SerializedColumn {name: efficiency}
#     wavelength:
#       __class__: astropy.units.quantity.Quantity
#       unit: !astropy.units.Unit {unit: nm}
#       value: !astropy.table.SerializedColumn {name: wavelength}
# schema: astropy-2.0
wavelength efficiency
[from data line 578]
878.0 0.0007292996542673791
879.0 0.0015607687601004727
880.0 0.06594370934180915
881.0 0.07847985252737999
882.0 0.04720863071270287
883.0 0.07943398668430746
884.0 0.060247088549658656
885.0 0.07937499321997166
886.0 0.0674883252941072
887.0 0.09285770356655121
888.0 0.0554123311303556
889.0 0.10424985084682703
890.0 0.06552248378284276
891.0 0.09746102150529623
892.0 0.0770225131418556
893.0 0.09237262420356274
894.0 0.06733500049449503
895.0 0.10989857837557793
896.0 0.06560172769241035
897.0 0.08818834321573377
898.0 0.07844782085157931
899.0 0.1368386554531753
900.0 0.07440667832270265
901.0 0.10340830776840448
902.0 0.1290749292820692
903.0 0.13811001554131508
904.0 0.13374118134379387
905.0 0.15354850329458714
906.0 0.17879711231216788
907.0 0.2262402093037963
908.0 0.27961384039372206
909.0 0.3535039722919464
910.0 0.4442802630364895
911.0 0.6328882183879614
912.0 0.885764230042696
913.0 1.287365984171629
914.0 1.8079733476042747
915.0 2.6778582483530045
916.0 3.844396397471428
917.0 5.2757628262043
918.0 7.085585594177246
919.0 8.975347131490707
920.0 11.72504723072052
921.0 14.674285054206848
922.0 17.593246698379517
923.0 20.904003083705902
924.0 24.38252717256546
925.0 28.236719965934753
926.0 33.10135900974274
927.0 38.59002888202667
928.0 43.84732246398926
929.0 49.83280301094055
930.0 55.59864044189453
931.0 61.69564723968506
932.0 67.98288226127625
933.0 73.90057444572449
934.0 78.8775622844696
935.0 82.8967809677124
936.0 86.42657399177551
937.0 89.27579522132874
938.0 91.41302704811096
939.0 92.88146495819092
940.0 93.92213225364685
941.0 94.57322955131531
942.0 95.09170651435852
943.0 95.46746015548706
944.0 95.96245884895325
945.0 96.22210264205933
946.0 96.44417762756348
947.0 96.60530090332031
948.0 96.94376587867737
949.0 96.84581160545349
950.0 97.0184326171875
951.0 96.97110652923584
952.0 97.00102210044861
953.0 97.07371592521667
954.0 97.06102013587952
955.0 97.11087346076965
956.0 97.27138876914978
957.0 97.44285941123962
958.0 97.63448238372803
959.0 97.76829481124878
960.0 97.94269800186157
961.0 98.05309772491455
962.0 98.23843240737915
963.0 98.30148816108704
964.0 98.41737747192383
965.0 98.49365949630737
966.0 98.59164357185364
967.0 98.70049953460693
968.0 98.69936108589172
969.0 98.66774678230286
970.0 98.7697422504425
971.0 98.77960085868835
972.0 98.82593750953674
973.0 98.91279935836792
974.0 98.9014208316803
975.0 98.90486001968384
976.0 98.97605180740356
977.0 98.95044565200806
978.0 98.98212552070618
979.0 98.99659752845764
980.0 98.95600080490112
981.0 98.90649914741516
982.0 98.86271357536316
983.0 98.9035964012146
984.0 98.86473417282104
985.0 98.86483550071716
986.0 98.74321818351746
987.0 98.78544807434082
988.0 98.67801666259766
989.0 98.65307807922363
990.0 98.5582709312439
991.0 98.56328964233398
992.0 98.60072135925293
993.0 98.54753017425537
994.0 98.48877191543579
995.0 98.50525259971619
996.0 98.46922159194946
997.0 98.55781197547913
998.0 98.59259128570557
999.0 98.62949848175049
1000.0 98.6798882484436
1001.0 98.67247939109802
1002.0 98.8305926322937
1003.0 98.85050654411316
1004.0 98.93217086791992
1005.0 98.89851808547974
1006.0 99.04165863990784
1007.0 99.03414845466614
1008.0 99.02815818786621
1009.0 99.00291562080383
1010.0 99.09810423851013
1011.0 99.07104969024658
1012.0 98.98301959037781
1013.0 99.01888966560364
1014.0 98.99783730506897
1015.0 98.89601469039917
1016.0 98.90702962875366
1017.0 98.92216324806213
1018.0 98.91100525856018
1019.0 98.82454872131348
1020.0 98.88632893562317
1021.0 98.96267652511597
1022.0 98.86911511421204
1023.0 98.8829493522644
1024.0 98.87183904647827
1025.0 98.79702925682068
1026.0 98.87023568153381
1027.0 98.9560604095459
1028.0 98.87813925743103
1029.0 99.01018738746643
1030.0 99.01601076126099
1031.0 98.98912906646729
1032.0 99.00673031806946
1033.0 98.99669885635376
1034.0 99.0125060081482
1035.0 99.05738830566406
1036.0 98.98901581764221
1037.0 99.00410771369934
1038.0 99.02851581573486
1039.0 98.88117909431458
1040.0 98.88612627983093
1041.0 98.87178540229797
1042.0 98.93000721931458
1043.0 98.82093667984009
1044.0 98.93015623092651
1045.0 98.61257076263428
1046.0 98.77999424934387
1047.0 98.71335029602051
1048.0 98.72751832008362
1049.0 98.66077303886414
1050.0 98.62812757492065
1051.0 98.60309362411499
1052.0 98.55717420578003
1053.0 98.44938516616821
1054.0 98.7280786037445
1055.0 98.75263571739197
1056.0 98.64258766174316
1057.0 98.70778918266296
1058.0 98.5272765159607
1059.0 98.65024089813232
1060.0 98.70631694793701
1061.0 98.65676760673523
1062.0 98.73195290565491
1063.0 98.75322580337524
1064.0 98.92471432685852
1065.0 98.76458644866943
1066.0 98.82057309150696
1067.0 98.89756441116333
1068.0 98.81858825683594
1069.0 98.7045407295227
1070.0 98.91947507858276
1071.0 98.77297878265381
1072.0 98.99517297744751
1073.0 99.05341863632202
1074.0 98.57879281044006
1075.0 98.60301613807678
1076.0 98.45786690711975
1077.0 98.61801862716675
1078.0 98.86450171470642
1079.0 98.53933453559875
1080.0 99.24710988998413
1081.0 98.67801666259766
1082.0 98.55325222015381
1083.0 98.5888659954071
1084.0 98.697030544281
1085.0 98.76364469528198
1086.0 98.68640303611755
1087.0 98.66055846214294
1088.0 98.48394989967346
1089.0 98.21820855140686
1090.0 98.53326678276062
1091.0 98.53967428207397
1092.0 98.5892117023468
1093.0 98.40919971466064
1094.0 97.98058271408081
1095.0 98.49184155464172
1096.0 98.77067804336548
1097.0 98.21715354919434
1098.0 97.54421710968018
1099.0 98.36511611938477
1100.0 98.03722500801086
