lsstCam/transmission_filter_detector/r31_s21/u_24/19700101T000000.ecsv
# %ECSV 1.0
# ---
# datatype:
# - {name: wavelength, unit: nm, datatype: float32}
# - {name: efficiency, unit: '%', datatype: float64}
# meta: !!omap
# - {MODE: DETECTOR}
# - {TYPE: transmission_filter_detector}
# - {CALIBDATE: '1970-01-01T00:00:00'}
# - {INSTRUME: LSSTCam}
# - {OBSTYPE: transmission_filter_detector}
# - {CALIBCLS: lsst.ip.isr.IntermediateFilterDetectorTransmissionCurve}
# - {SOURCE: Materion (DM-46256)}
# - {DETECTOR: 133}
# - {FILTER: u_24}
# - {CALIB_ID: 'calibDate=1970-01-01T00:00:00 filter=u_24 detector=133'}
# - {DATE: '2025-04-02T15:59:40.366461'}
# - {CALIB_CREATION_DATE: '2025-04-02'}
# - {CALIB_CREATION_TIME: '15:59:40'}
# - __serialized_columns__:
#     efficiency:
#       __class__: astropy.units.quantity.Quantity
#       unit: !astropy.units.Unit {unit: '%'}
#       value: !astropy.table.SerializedColumn {name: efficiency}
#     wavelength:
#       __class__: astropy.units.quantity.Quantity
#       unit: !astropy.units.Unit {unit: nm}
#       value: !astropy.table.SerializedColumn {name: wavelength}
# schema: astropy-2.0
wavelength efficiency
295.0 1.5980567563689263e-10
296.0 1.5980567563689263e-10
297.0 1.5980567563689263e-10
298.0 1.5980567563689263e-10
299.0 1.5980567563689263e-10
300.0 1.5980567563689263e-10
301.0 1.5980567563689263e-10
302.0 1.5980567563689263e-10
303.0 1.5980567563689263e-10
304.0 0.06691737798973918
305.0 0.7109563797712326
306.0 1.5845887362957
307.0 3.1291887164115906
308.0 5.251304060220718
309.0 8.439823985099792
310.0 11.708340793848038
311.0 15.489713847637177
312.0 19.331657886505127
313.0 22.417469322681427
314.0 25.582239031791687
315.0 28.010153770446777
316.0 30.07802665233612
317.0 32.72659182548523
318.0 35.41742265224457
319.0 39.064377546310425
320.0 44.368600845336914
321.0 49.81792867183685
322.0 55.86863160133362
323.0 61.43733263015747
324.0 65.9963071346283
325.0 69.20434832572937
326.0 71.74841165542603
327.0 73.68647456169128
328.0 75.36286115646362
329.0 76.776522397995
330.0 78.20388078689575
331.0 78.97495627403259
332.0 79.31357622146606
333.0 79.48368191719055
334.0 79.29216027259827
335.0 79.49641346931458
336.0 79.63464856147766
337.0 80.1298975944519
338.0 81.02174401283264
339.0 81.66425824165344
340.0 82.06692337989807
341.0 82.5588047504425
342.0 82.9265296459198
343.0 82.7987790107727
344.0 82.9579770565033
345.0 83.34771394729614
346.0 83.64642858505249
347.0 83.95905494689941
348.0 84.2954695224762
349.0 84.51915979385376
350.0 84.57030057907104
351.0 84.77370142936707
352.0 84.6768319606781
353.0 84.55267548561096
354.0 84.51064229011536
355.0 84.70653295516968
356.0 84.89558100700378
357.0 84.8013162612915
358.0 84.44520831108093
359.0 84.2495858669281
360.0 84.09440517425537
361.0 83.93446803092957
362.0 83.72848629951477
363.0 83.8836669921875
364.0 83.95633697509766
365.0 84.1926097869873
366.0 84.50372815132141
367.0 84.54582095146179
368.0 84.60571765899658
369.0 84.63868498802185
370.0 84.42462086677551
371.0 84.24708247184753
372.0 84.1684103012085
373.0 84.34085845947266
374.0 84.4080924987793
375.0 84.69536900520325
376.0 84.83914732933044
377.0 84.89723801612854
378.0 84.9649429321289
379.0 84.75192189216614
380.0 84.13751721382141
381.0 82.8120231628418
382.0 81.06845021247864
383.0 79.03211712837219
384.0 76.96066498756409
385.0 74.66424703598022
386.0 72.17857241630554
387.0 68.9186692237854
388.0 65.62901735305786
389.0 61.62922978401184
390.0 57.53430724143982
391.0 53.218674659729004
392.0 48.7557590007782
393.0 44.86861228942871
394.0 41.56248867511749
395.0 38.14774751663208
396.0 34.608277678489685
397.0 29.90439236164093
398.0 24.393051862716675
399.0 17.649561166763306
400.0 11.357757449150085
401.0 6.403612345457077
402.0 2.831936255097389
403.0 0.9658870287239552
404.0 0.3226850647479296
405.0 0.1449650852009654
406.0 0.07054881425574422
407.0 0.035507476422935724
408.0 1.5980567563689263e-10
409.0 1.5980567563689263e-10
410.0 1.5980567563689263e-10
411.0 1.5980567563689263e-10
412.0 1.5980567563689263e-10
413.0 1.5980567563689263e-10
414.0 1.5980567563689263e-10
415.0 1.5980567563689263e-10
416.0 1.5980567563689263e-10
417.0 1.5980567563689263e-10
418.0 1.5980567563689263e-10
419.0 1.5980567563689263e-10
420.0 1.5980567563689263e-10
421.0 1.5980567563689263e-10
422.0 1.5980567563689263e-10
423.0 1.5980567563689263e-10
424.0 1.5980567563689263e-10
425.0 1.5980567563689263e-10
426.0 1.5980567563689263e-10
427.0 1.5980567563689263e-10
428.0 1.5980567563689263e-10
429.0 1.5980567563689263e-10
430.0 1.5980567563689263e-10
431.0 1.5980567563689263e-10
432.0 1.5980567563689263e-10
433.0 1.5980567563689263e-10
434.0 1.5980567563689263e-10
435.0 1.5980567563689263e-10
436.0 1.5980567563689263e-10
437.0 1.5980567563689263e-10
438.0 1.5980567563689263e-10
439.0 1.5980567563689263e-10
440.0 1.5980567563689263e-10
441.0 1.5980567563689263e-10
442.0 1.5980567563689263e-10
443.0 1.5980567563689263e-10
444.0 1.5980567563689263e-10
445.0 1.5980567563689263e-10
446.0 1.5980567563689263e-10
447.0 1.5980567563689263e-10
448.0 1.5980567563689263e-10
449.0 1.5980567563689263e-10
450.0 1.5980567563689263e-10
451.0 1.5980567563689263e-10
452.0 1.5980567563689263e-10
453.0 1.5980567563689263e-10
454.0 1.5980567563689263e-10
455.0 1.5980567563689263e-10
456.0 1.5980567563689263e-10
457.0 1.5980567563689263e-10
458.0 0.0010587312317511532
459.0 0.000578261960981763
460.0 9.779281526789418e-05
461.0 1.5980567563689263e-10
462.0 1.5980567563689263e-10
463.0 1.5980567563689263e-10
464.0 0.0004246815478836652
465.0 1.5980567563689263e-10
466.0 1.5980567563689263e-10
467.0 1.5980567563689263e-10
468.0 1.5980567563689263e-10
469.0 1.5980567563689263e-10
470.0 1.5980567563689263e-10
471.0 1.5980567563689263e-10
472.0 1.5980567563689263e-10
473.0 1.5980567563689263e-10
474.0 1.5980567563689263e-10
475.0 1.5980567563689263e-10
476.0 1.5980567563689263e-10
477.0 1.5980567563689263e-10
478.0 1.5980567563689263e-10
479.0 1.5980567563689263e-10
480.0 0.00032119951356435195
481.0 0.00028952997581654927
482.0 0.0002578605517555843
483.0 5.522896344700712e-05
484.0 1.5980567563689263e-10
485.0 0.0001946919155670912
486.0 0.0005367865469452227
487.0 1.5980567563689263e-10
488.0 1.5980567563689263e-10
489.0 1.5980567563689263e-10
490.0 1.5980567563689263e-10
491.0 1.5980567563689263e-10
492.0 1.5980567563689263e-10
493.0 1.5980567563689263e-10
494.0 1.5980567563689263e-10
495.0 1.5980567563689263e-10
496.0 1.5980567563689263e-10
497.0 1.5980567563689263e-10
498.0 1.5980567563689263e-10
499.0 1.5980567563689263e-10
500.0 1.5980567563689263e-10
501.0 1.5980567563689263e-10
502.0 1.5980567563689263e-10
503.0 1.5980567563689263e-10
504.0 0.0002749039367699879
505.0 7.883054990998062e-05
506.0 1.5980567563689263e-10
507.0 1.5980567563689263e-10
508.0 1.5980567563689263e-10
509.0 1.5980567563689263e-10
510.0 1.5980567563689263e-10
511.0 1.5980567563689263e-10
512.0 6.911409400345292e-05
513.0 5.770954771833203e-05
514.0 4.6305038381433405e-05
515.0 0.00017197885426867288
516.0 0.00029765265026071575
517.0 1.5980567563689263e-10
518.0 1.5980567563689263e-10
519.0 1.5980567563689263e-10
520.0 1.5980567563689263e-10
521.0 1.5980567563689263e-10
522.0 1.5980567563689263e-10
523.0 1.5980567563689263e-10
524.0 1.5980567563689263e-10
525.0 1.5980567563689263e-10
526.0 1.5980567563689263e-10
527.0 1.5980567563689263e-10
528.0 1.5980567563689263e-10
529.0 1.5980567563689263e-10
530.0 1.5980567563689263e-10
531.0 1.5980567563689263e-10
532.0 1.5980567563689263e-10
533.0 1.5980567563689263e-10
534.0 0.00027847288492921507
535.0 4.003459821433353e-05
536.0 1.5980567563689263e-10
537.0 1.5980567563689263e-10
538.0 0.0001354995220026467
539.0 1.5980567563689263e-10
540.0 1.5980567563689263e-10
541.0 1.5980567563689263e-10
542.0 1.5980567563689263e-10
543.0 1.5980567563689263e-10
544.0 1.5980567563689263e-10
545.0 3.070229013246717e-05
546.0 6.451804779317172e-05
547.0 1.5980567563689263e-10
548.0 1.5980567563689263e-10
549.0 1.5980567563689263e-10
550.0 7.994084967322124e-05
551.0 1.5980567563689263e-10
552.0 1.5980567563689263e-10
553.0 1.5980567563689263e-10
554.0 1.5980567563689263e-10
555.0 1.5980567563689263e-10
556.0 0.00016713635204723687
557.0 1.5980567563689263e-10
558.0 1.5980567563689263e-10
559.0 1.5980567563689263e-10
560.0 1.5980567563689263e-10
561.0 0.00010205342277913587
562.0 0.00028995011689403327
563.0 0.00022427648218581453
564.0 0.00015860260873523657
565.0 2.3842252971917333e-05
566.0 1.5980567563689263e-10
567.0 1.5980567563689263e-10
568.0 1.5980567563689263e-10
569.0 4.153070563006622e-05
570.0 0.00028218964871484786
571.0 0.00037623944990627933
572.0 0.0004702892965724459
573.0 0.00040790578168525826
574.0 0.00034552226679807063
575.0 0.00018096753819918376
576.0 1.6412796810527652e-05
577.0 0.0002671562242539949
578.0 0.0005178996161703253
579.0 0.0007291345809790073
580.0 0.0009403695003129542
581.0 0.0010304385796189308
582.0 0.0011205075679754373
583.0 0.0011919594726350624
584.0 0.0012634112863452174
585.0 0.0009657674127083737
586.0 0.0006681237209704705
587.0 0.0005477511422213865
588.0 0.0004273783360986272
589.0 0.0005250838512438349
590.0 0.000622789502813248
591.0 0.0007662082680326421
592.0 0.0009096271242015064
593.0 0.0007701133654336445
594.0 0.0006305997430899879
595.0 0.000866165373736294
596.0 0.0011017311408068053
597.0 0.0010389601811766624
598.0 0.0009761888577486388
599.0 0.0013338109056348912
600.0 0.0016914327716222033
601.0 0.0020160046915407293
602.0 0.002340576429560315
603.0 0.0024401748305535875
604.0 0.002539773595344741
605.0 0.0021071758965263143
606.0 0.0016745780158089474
607.0 0.0011895916941284668
608.0 0.0007046053724479862
609.0 0.0006884763024572749
610.0 0.0006723473234160338
611.0 0.0005365628567233216
612.0 0.00040077829908113927
613.0 0.0006430771009036107
614.0 0.000885375811776612
615.0 0.0007757884304737672
616.0 0.000666200821797247
617.0 0.0005436143965198426
618.0 0.000421027925767703
619.0 0.00052726663852809
620.0 0.0006335053058137419
621.0 0.000541760164196603
622.0 0.00045001488615525886
623.0 0.0005294815764500527
624.0 0.0006089480848459061
625.0 0.0005801623046863824
626.0 0.000551376660951064
627.0 0.0007011316483840346
628.0 0.0008508868631906807
629.0 0.0009746097930474207
630.0 0.0010983328138536308
631.0 0.0013973680324852467
632.0 0.0016964033420663327
633.0 0.002089135341520887
634.0 0.002481867340975441
635.0 0.0027211681299377233
636.0 0.002960468737001065
637.0 0.0026997313398169354
638.0 0.0024389939426328056
639.0 0.002109917113557458
640.0 0.001780840648279991
641.0 0.0016894086002139375
642.0 0.0015979769159457646
643.0 0.0010328873941034544
644.0 0.00046779814510955475
645.0 0.00018718433238973375
646.0 1.5980567563689263e-10
647.0 1.5980567563689263e-10
648.0 1.5980567563689263e-10
649.0 3.102992707226804e-05
650.0 0.00035490897971612867
651.0 0.0006154028596938588
652.0 0.0008758968760957941
653.0 0.0008555446584068704
654.0 0.0008351926226168871
655.0 0.0013901219972467516
656.0 0.0019450515537755564
657.0 0.0023062557374942116
658.0 0.002667459921212867
659.0 0.0029721826649620198
660.0 0.0032769054087111726
661.0 0.0031994462915463373
662.0 0.0031219868105836213
663.0 0.0027483889425639063
664.0 0.0023747910745441914
665.0 0.0018782715414999984
666.0 0.0013817518265568651
667.0 0.0013802641660731751
668.0 0.0013787765055894852
669.0 0.001154706387751503
670.0 0.0009306362699135207
671.0 0.0006177767772896914
672.0 0.00030491726192849455
673.0 0.0004150502718403004
674.0 0.0005251834863884142
675.0 0.0006147569365566596
676.0 0.0007043302503006998
677.0 0.0009795965524972416
678.0 0.0012548628546937834
679.0 0.001890124440251384
680.0 0.002525386298657395
681.0 0.003641684088506736
682.0 0.004757981514558196
683.0 0.0062384184275288135
684.0 0.0077188546129036695
685.0 0.008560249261790887
686.0 0.009401643910678104
687.0 0.008796831389190629
688.0 0.0081920217780862
689.0 0.007066285616019741
690.0 0.0059405501815490425
691.0 0.004980503945262171
692.0 0.0040204577089753
693.0 0.0033184202038682997
694.0 0.002616382516862359
695.0 0.0019381088350201026
696.0 0.0012598352441273164
697.0 0.0011332617759762798
698.0 0.0010066884897241835
699.0 0.0008648808034195099
700.0 0.0007230731171148364
701.0 0.0008638668077765033
702.0 0.0010046604984381702
703.0 0.0008005203198990785
704.0 0.0005963801413599867
705.0 0.0007116797405615216
706.0 0.0008269794307125267
707.0 0.0008998085831990466
708.0 0.0009726378266350366
709.0 0.0009388881153427064
710.0 0.0009051385859493166
711.0 0.0009174422302749008
712.0 0.000929745874600485
713.0 0.0008198643627110869
714.0 0.000709982941771159
715.0 0.0006953046067792457
716.0 0.0006806262263125973
717.0 0.000685239410813665
718.0 0.0006898523224663222
719.0 0.0006681626018689713
720.0 0.0006464729722210905
721.0 0.0004191572770650964
722.0 0.00019184165012120502
723.0 0.00017765829625204788
724.0 0.00016347496512025828
725.0 0.0002400475295871729
726.0 0.00031662007131672
727.0 8.790610763753648e-05
728.0 1.5980567563689263e-10
729.0 1.5980567563689263e-10
730.0 1.267507485636088e-05
731.0 6.728137691425218e-05
732.0 0.00012188774007881875
733.0 0.00031183021746983286
734.0 0.0005017726834921632
735.0 0.0005824450454383623
736.0 0.0006631172709603561
737.0 0.0005163932655705139
738.0 0.0003696692601806717
739.0 0.00031393055905937217
740.0 0.00025819201709964545
741.0 0.0007681864190089982
742.0 0.0012781808436557185
743.0 0.001822706326493062
744.0 0.0023672317183809355
745.0 0.0030194423743523657
746.0 0.0036716526665259153
747.0 0.003681446105474606
748.0 0.003691239544423297
749.0 0.0037726473237853497
750.0 0.0038540551031474024
751.0 0.003768298847717233
752.0 0.003682542228489183
753.0 0.0034066011721733958
754.0 0.003130659388261847
755.0 0.00300852807413321
756.0 0.0028863971238024533
757.0 0.0024103177565848455
758.0 0.001934238025569357
759.0 0.001584533674758859
760.0 0.0012348295058473013
761.0 0.0010366264177719131
762.0 0.0008384235115954652
763.0 0.0006392723662429489
764.0 0.0004401215392135782
765.0 0.00032546370221098186
766.0 0.00021080568330944516
767.0 0.0003555561761459103
768.0 0.0005003066689823754
769.0 0.0005346415036910912
770.0 0.0005689764293492772
771.0 0.0005395516836870229
772.0 0.0005101268470752984
773.0 0.0006751175533281639
774.0 0.0008401079867326189
775.0 0.0007741682566120289
776.0 0.0007082286629156442
777.0 0.0007161427674873266
778.0 0.0007240570539579494
779.0 0.0008437119504378643
780.0 0.0009633668923925143
781.0 0.0012037065062031616
782.0 0.0014440459381148685
783.0 0.0010606720024952665
784.0 0.0006772981578251347
785.0 0.0010348438991059083
786.0 0.0013923895494372118
787.0 0.0010724774256232195
788.0 0.0007525653472839622
789.0 0.0007744650247332174
790.0 0.0007963647476572078
791.0 0.0007459839252987877
792.0 0.0006956030574656324
793.0 0.0008072998753050342
794.0 0.0009189967386191711
795.0 0.0008000612069736235
796.0 0.0006811256298533408
797.0 0.0003761572997973417
798.0 7.118889016055618e-05
799.0 0.00016366694808311877
800.0 0.0002561451537985704
801.0 5.76618219838565e-05
802.0 1.5980567563689263e-10
803.0 1.5980567563689263e-10
804.0 0.00013723839629165013
805.0 4.9651299605102395e-05
806.0 1.5980567563689263e-10
807.0 0.00013329680541573907
808.0 0.00030452938517555594
809.0 0.00024651230887684505
810.0 0.0001884951757347153
811.0 0.00013949791082268348
812.0 9.050065159499354e-05
813.0 5.140607868270308e-05
814.0 1.2311538455378468e-05
815.0 0.00018421083041175734
816.0 0.0003561101721061277
817.0 0.00037780737329740077
818.0 0.00039950464270077646
819.0 0.0002601231471999199
820.0 0.00012074161759301205
821.0 6.650769250882149e-05
822.0 1.2273655158878682e-05
823.0 0.0002327856918782345
824.0 0.00045329775275604334
825.0 0.0003190569259459153
826.0 0.0001848161559792061
827.0 1.5980567563689263e-10
828.0 1.5980567563689263e-10
829.0 1.5980567563689263e-10
830.0 1.5980567563689263e-10
831.0 1.5980567563689263e-10
832.0 9.642825489208917e-05
833.0 0.00015804341728653526
834.0 0.00021965859104966512
835.0 0.0002080558260786347
836.0 0.00019645299289550167
837.0 1.5980567563689263e-10
838.0 1.5980567563689263e-10
839.0 1.5980567563689263e-10
840.0 5.155916937837901e-05
841.0 1.5980567563689263e-10
842.0 1.5980567563689263e-10
843.0 1.5980567563689263e-10
844.0 1.5980567563689263e-10
845.0 1.5980567563689263e-10
846.0 0.00017990735159401083
847.0 0.00010690537237678654
848.0 3.390349263554526e-05
849.0 8.095341286207258e-05
850.0 0.00012800344393326668
851.0 0.00013261776530271163
852.0 0.00013723201846005395
853.0 0.00016723334965718095
854.0 0.00019723484001588076
855.0 0.0002594692887214478
856.0 0.00032170394206332276
857.0 0.000450761353931739
858.0 0.0005798187430627877
859.0 0.0006874987320770742
860.0 0.0007951787665660959
861.0 0.0007959131835377775
862.0 0.0007966476005094592
863.0 0.0010925323294941336
864.0 0.0013884172403777484
865.0 0.0011402867130527738
866.0 0.0008921560947783291
867.0 0.0014452970390266273
868.0 0.0019984374375781044
869.0 0.0019179415176040493
870.0 0.0018374454157310538
871.0 0.0019281696950201876
872.0 0.0020188939743093215
873.0 0.0023555612642667256
874.0 0.00269222873612307
