lsstCam/transmission_filter_detector/r31_s21/u_24/19700101T000000.ecsv
# %ECSV 1.0
# ---
# datatype:
# - {name: wavelength, unit: nm, datatype: float32}
# - {name: efficiency, unit: '%', datatype: float64}
# meta: !!omap
# - {MODE: DETECTOR}
# - {TYPE: transmission_filter_detector}
# - {CALIBDATE: '1970-01-01T00:00:00'}
# - {INSTRUME: LSSTCam}
# - {OBSTYPE: transmission_filter_detector}
# - {CALIBCLS: lsst.ip.isr.IntermediateFilterDetectorTransmissionCurve}
# - {SOURCE: Materion (DM-46256)}
# - {DETECTOR: 133}
# - {FILTER: u_24}
# - {CALIB_ID: 'calibDate=1970-01-01T00:00:00 filter=u_24 detector=133'}
# - {DATE: '2025-04-02T15:59:40.366461'}
# - {CALIB_CREATION_DATE: '2025-04-02'}
# - {CALIB_CREATION_TIME: '15:59:40'}
# - __serialized_columns__:
#     efficiency:
#       __class__: astropy.units.quantity.Quantity
#       unit: !astropy.units.Unit {unit: '%'}
#       value: !astropy.table.SerializedColumn {name: efficiency}
#     wavelength:
#       __class__: astropy.units.quantity.Quantity
#       unit: !astropy.units.Unit {unit: nm}
#       value: !astropy.table.SerializedColumn {name: wavelength}
# schema: astropy-2.0
wavelength efficiency
[from data line 581]
876.0 0.002347112967981957
877.0 0.002509365185687784
878.0 0.0026716175852925517
879.0 0.0026753552447189577
880.0 0.002679093086044304
881.0 0.0028289001420489512
882.0 0.0029787071980535984
883.0 0.002804982977977488
884.0 0.0026312583941034973
885.0 0.002770806349872146
886.0 0.0029103539418429136
887.0 0.0026265994165441953
888.0 0.002342844891245477
889.0 0.0026445464754942805
890.0 0.0029462478778441437
891.0 0.0030104914912953973
892.0 0.0030747349228477105
893.0 0.002981882971653249
894.0 0.002889030656660907
895.0 0.0031721378036309034
896.0 0.0034552449506008998
897.0 0.0034749416954582557
898.0 0.0034946388041134924
899.0 0.003416990875848569
900.0 0.003339343675179407
901.0 0.0037296853406587616
902.0 0.004120027006138116
903.0 0.004420204641064629
904.0 0.004720382275991142
905.0 0.004743919271277264
906.0 0.004767455902765505
907.0 0.005013787449570373
908.0 0.00526011899637524
909.0 0.005369996870285831
910.0 0.005479875471792184
911.0 0.005430084274848923
912.0 0.005380293077905662
913.0 0.005409774894360453
914.0 0.005439256710815243
915.0 0.005000936289434321
916.0 0.004562615504255518
917.0 0.00444326942670159
918.0 0.004323922621551901
919.0 0.004432603600434959
920.0 0.004541284215520136
921.0 0.004666684981202707
922.0 0.004792085383087397
923.0 0.0049202011723537
924.0 0.005048317325417884
925.0 0.005457302540889941
926.0 0.005866288120159879
927.0 0.006164893420645967
928.0 0.006463497265940532
929.0 0.00670650988467969
930.0 0.006949523231014609
931.0 0.006879060674691573
932.0 0.006808598118368536
933.0 0.0071671747718937695
934.0 0.00752574997022748
935.0 0.007489597192034125
936.0 0.007453444413840771
937.0 0.00701510944054462
938.0 0.006576775922439992
939.0 0.00644840401946567
940.0 0.006320031388895586
941.0 0.005806811896036379
942.0 0.005293593130772933
943.0 0.004796690336661413
944.0 0.004299787542549893
945.0 0.003573040885385126
946.0 0.0028462936825235374
947.0 0.002571585173427593
948.0 0.002296876482432708
949.0 0.0017528305761516094
950.0 0.0012087847608199809
951.0 0.0011878103578055743
952.0 0.001166836136690108
953.0 0.0014306542652775533
954.0 0.0016944724848144688
955.0 0.0018496453776606359
956.0 0.0020048180886078626
957.0 0.0021549947632593103
958.0 0.002305171437910758
959.0 0.0026454248654772528
960.0 0.0029856782930437475
961.0 0.0034094908187398687
962.0 0.0038333037082338706
963.0 0.0038880105421412736
964.0 0.003942717376048677
965.0 0.004363482366898097
966.0 0.004784246993949637
967.0 0.00450614134024363
968.0 0.004228035686537623
969.0 0.004502023148234002
970.0 0.0047760102461325005
971.0 0.004678380355471745
972.0 0.004580749737215228
973.0 0.004573293335852213
974.0 0.004565836934489198
975.0 0.004498817725107074
976.0 0.0044317985157249495
977.0 0.003879425275954418
978.0 0.003327051308588125
979.0 0.0033203057682840154
980.0 0.003313560227979906
981.0 0.0029833714506821707
982.0 0.002653182491485495
983.0 0.0025875711799017154
984.0 0.0025219602321158163
985.0 0.002691180634428747
986.0 0.002860401218640618
987.0 0.003183061198797077
988.0 0.003505721178953536
989.0 0.004076746699865907
990.0 0.00464777258457616
991.0 0.005172414603293873
992.0 0.005697056985809468
993.0 0.006132056296337396
994.0 0.006567054515471682
995.0 0.0066807406255975366
996.0 0.006794427463319153
997.0 0.00661954763927497
998.0 0.006444666360039264
999.0 0.006455263064708561
1000.0 0.0064658597693778574
1001.0 0.006479520379798487
1002.0 0.006493182445410639
1003.0 0.006051063246559352
1004.0 0.005608944047708064
1005.0 0.005438308289740235
1006.0 0.0052676718041766435
1007.0 0.005002857142244466
1008.0 0.004738042480312288
1009.0 0.004519968206295744
1010.0 0.00430189429607708
1011.0 0.003986914089182392
1012.0 0.0036719335184898227
1013.0 0.00313244599965401
1014.0 0.0025929582989192568
1015.0 0.0021712488887715153
1016.0 0.0017495392967248335
1017.0 0.0016064874216681346
1018.0 0.001463435728510376
1019.0 0.0014673717487312388
1020.0 0.0014713078599015716
1021.0 0.0012085786693205591
1022.0 0.000945849660638487
1023.0 0.0010288625162502285
1024.0 0.00111187537186197
1025.0 0.0010971598385367543
1026.0 0.001082444578059949
1027.0 0.0012425743989297189
1028.0 0.0014027041288500186
1029.0 0.0016471320122946054
1030.0 0.0018915601685876027
1031.0 0.0019323826563777402
1032.0 0.0019732055079657584
1033.0 0.0019020641047973186
1034.0 0.001830922883527819
1035.0 0.001802386213967111
1036.0 0.0017738491806085221
1037.0 0.0017530855984659865
1038.0 0.001732322016323451
1039.0 0.0019489385522319935
1040.0 0.0021655552700394765
1041.0 0.0019435916328802705
1042.0 0.0017216278138221242
1043.0 0.0018434539015288465
1044.0 0.001965279989235569
1045.0 0.0016778416465967894
1046.0 0.0013904031220590696
1047.0 0.002090344969474245
1048.0 0.00279028681688942
1049.0 0.002313067852810491
1050.0 0.001835848524933681
1051.0 0.0016835378119139932
1052.0 0.0015312267350964248
1053.0 0.0013012035196879879
1054.0 0.001071180395229021
1055.0 0.0014239403753890656
1056.0 0.0017767004464985803
1057.0 0.00135858253997867
1058.0 0.0009404648153577
1059.0 0.0014294161701400299
1060.0 0.0019183675249223597
1061.0 0.0017715250578476116
1062.0 0.0016246825907728635
1063.0 0.001468571736040758
1064.0 0.0013124607903591823
1065.0 0.0009336791663372423
1066.0 0.0005548976787395077
1067.0 0.000759395197746926
1068.0 0.0009638926712796092
1069.0 0.0007567793545604218
1070.0 0.0005496662197401747
1071.0 0.001639990477997344
1072.0 0.0027303147362545133
1073.0 0.0027406176741351373
1074.0 0.0027509206120157614
1075.0 0.002830121957231313
1076.0 0.0029093233024468645
1077.0 0.00333066018356476
1078.0 0.0037519967008847743
1079.0 0.004189954051980749
1080.0 0.0046279110392788425
1081.0 0.005518278703675605
1082.0 0.0064086460042744875
1083.0 0.0045293199946172535
1084.0 0.002649993075465318
1085.0 0.003684907278511673
1086.0 0.004719821663456969
1087.0 0.004487390106078237
1088.0 0.004254959640093148
1089.0 0.004784572956850752
1090.0 0.005314187001204118
1091.0 0.0038471465813927352
1092.0 0.002380105979682412
1093.0 0.0034945664083352312
1094.0 0.004609027018886991
1095.0 0.003362930510775186
1096.0 0.0021168340026633814
1097.0 0.002675308132893406
1098.0 0.003233782626921311
1099.0 0.005342241638572887
1100.0 0.007450700650224462
