lsstCam/transmission_filter_detector/r20_s00/i_39/19700101T000000.ecsv
# %ECSV 1.0
# ---
# datatype:
# - {name: wavelength, unit: nm, datatype: float32}
# - {name: efficiency, unit: '%', datatype: float64}
# meta: !!omap
# - {MODE: DETECTOR}
# - {TYPE: transmission_filter_detector}
# - {CALIBDATE: '1970-01-01T00:00:00'}
# - {INSTRUME: LSSTCam}
# - {OBSTYPE: transmission_filter_detector}
# - {CALIBCLS: lsst.ip.isr.IntermediateFilterDetectorTransmissionCurve}
# - {SOURCE: Materion (DM-46256)}
# - {DETECTOR: 72}
# - {FILTER: i_39}
# - {CALIB_ID: 'calibDate=1970-01-01T00:00:00 filter=i_39 detector=72'}
# - {DATE: '2025-04-02T15:59:46.812723'}
# - {CALIB_CREATION_DATE: '2025-04-02'}
# - {CALIB_CREATION_TIME: '15:59:46'}
# - __serialized_columns__:
#     efficiency:
#       __class__: astropy.units.quantity.Quantity
#       unit: !astropy.units.Unit {unit: '%'}
#       value: !astropy.table.SerializedColumn {name: efficiency}
#     wavelength:
#       __class__: astropy.units.quantity.Quantity
#       unit: !astropy.units.Unit {unit: nm}
#       value: !astropy.table.SerializedColumn {name: wavelength}
# schema: astropy-2.0
wavelength efficiency
300.0 0.0813881226349622
301.0 0.04265881434548646
302.0 0.0039295380702242255
303.0 0.022509503469336778
304.0 0.041089471778832376
305.0 0.03709685697685927
306.0 0.03310424217488617
307.0 0.015394978981930763
308.0 1.6987158207859565e-10
309.0 1.6987158207859565e-10
310.0 1.6987158207859565e-10
311.0 1.6987158207859565e-10
312.0 1.6987158207859565e-10
313.0 1.6987158207859565e-10
314.0 0.0007502038442908088
315.0 1.6987158207859565e-10
316.0 1.6987158207859565e-10
317.0 1.6987158207859565e-10
318.0 1.6987158207859565e-10
319.0 1.6987158207859565e-10
320.0 1.6987158207859565e-10
321.0 1.6987158207859565e-10
322.0 0.0008252891348092817
323.0 1.6987158207859565e-10
324.0 1.6987158207859565e-10
325.0 1.6987158207859565e-10
326.0 1.6987158207859565e-10
327.0 0.001198869267682312
328.0 0.0038790181861259043
329.0 0.003328629827592522
330.0 0.0027782425604527816
331.0 0.0028719648980768397
332.0 0.002965687781397719
333.0 0.0027340156520949677
334.0 0.0025023429770953953
335.0 0.0021543253751588054
336.0 0.0018063083189190365
337.0 0.0026542198611423373
338.0 0.0035021312214666978
339.0 0.0032694653782527894
340.0 0.0030368002626346424
341.0 9.970467544917483e-05
342.0 1.6987158207859565e-10
343.0 1.6987158207859565e-10
344.0 1.6987158207859565e-10
345.0 1.6987158207859565e-10
346.0 1.6987158207859565e-10
347.0 1.6987158207859565e-10
348.0 1.6987158207859565e-10
349.0 1.6987158207859565e-10
350.0 0.0003431995764913154
351.0 0.0001358811118734593
352.0 1.6987158207859565e-10
353.0 1.6987158207859565e-10
354.0 1.6987158207859565e-10
355.0 1.6987158207859565e-10
356.0 1.6987158207859565e-10
357.0 0.0007978141184139531
358.0 0.0020512450646492653
359.0 0.0015069031178427394
360.0 0.0009625608981878031
361.0 0.000699845759299933
362.0 0.00043713071136153303
363.0 0.00021671683043678058
364.0 1.6987158207859565e-10
365.0 0.0010917329746007454
366.0 0.002187163227063138
367.0 0.0012735687050735578
368.0 0.0003599742058213451
369.0 0.0007159942924772622
370.0 0.001072014492820017
371.0 0.0010686859241104685
372.0 0.0010653572644514497
373.0 0.0009362149285152555
374.0 0.000807072501629591
375.0 9.239032578989281e-05
376.0 1.6987158207859565e-10
377.0 1.6987158207859565e-10
378.0 1.6987158207859565e-10
379.0 1.6987158207859565e-10
380.0 1.6987158207859565e-10
381.0 1.6987158207859565e-10
382.0 1.6987158207859565e-10
383.0 0.0002608668637549272
384.0 0.0014574200577044394
385.0 0.0010121314517164137
386.0 0.0005668427093041828
387.0 1.6987158207859565e-10
388.0 1.6987158207859565e-10
389.0 1.6987158207859565e-10
390.0 1.6987158207859565e-10
391.0 1.6987158207859565e-10
392.0 1.6987158207859565e-10
393.0 0.0001898494133456552
394.0 0.0007800557796144858
395.0 1.6987158207859565e-10
396.0 1.6987158207859565e-10
397.0 1.6987158207859565e-10
398.0 1.6987158207859565e-10
399.0 0.0002866812565116561
400.0 0.000757075486035319
401.0 1.6987158207859565e-10
402.0 1.6987158207859565e-10
403.0 0.0010709085472626612
404.0 0.0039197471778607
405.0 0.004772758256876841
406.0 0.005625768972095102
407.0 0.0024004530132515356
408.0 1.6987158207859565e-10
409.0 1.6987158207859565e-10
410.0 0.0005157396572030848
411.0 0.0027163348931935616
412.0 0.004916930993204005
413.0 0.004749944491777569
414.0 0.004582959445542656
415.0 0.004500922295846976
416.0 0.004418885146151297
417.0 0.003078527151956223
418.0 0.0017381687939632684
419.0 0.004301110311644152
420.0 0.006864051101729274
421.0 0.005736056118621491
422.0 0.004608060771715827
423.0 0.004475183959584683
424.0 0.004342306783655658
425.0 0.004188920502201654
426.0 0.004035533856949769
427.0 0.0043650867155520245
428.0 0.004694639937952161
429.0 0.005063859498477541
430.0 0.005433079059002921
431.0 0.004224527947371826
432.0 0.0030159770176396705
433.0 0.004299107604310848
434.0 0.005582238009083085
435.0 0.004017245373688638
436.0 0.0024522532839910127
437.0 0.001889782834041398
438.0 0.0013273125659907237
439.0 0.0022268330212682486
440.0 0.0031263534765457734
441.0 0.0013418063645076472
442.0 1.6987158207859565e-10
443.0 1.6987158207859565e-10
444.0 1.6987158207859565e-10
445.0 1.6987158207859565e-10
446.0 1.6987158207859565e-10
447.0 1.0924551929747395e-05
448.0 0.00022341841940942686
449.0 1.6987158207859565e-10
450.0 1.6987158207859565e-10
451.0 1.6987158207859565e-10
452.0 0.0005389801117416937
453.0 0.0010185354767600074
454.0 0.0014980911146267317
455.0 0.0016181049431907013
456.0 0.0017381189536536112
457.0 0.0010350998309149873
458.0 0.0003320806399642606
459.0 1.6987158207859565e-10
460.0 1.6987158207859565e-10
461.0 6.130865699560673e-05
462.0 0.0004948607511323644
463.0 0.0001451157572773809
464.0 1.6987158207859565e-10
465.0 8.855872124513553e-05
466.0 0.00038174662222445477
467.0 0.0006012804078636691
468.0 0.0008208140570786782
469.0 0.0005274519935483113
470.0 0.00023408990728057688
471.0 0.0004467980943445582
472.0 0.0006595063496206421
473.0 0.0010537437447055709
474.0 0.0014479814126389101
475.0 0.0008285186595458072
476.0 0.0002090561565637472
477.0 0.00046212494453357067
478.0 0.0007151937552407617
479.0 0.0007620235919603147
480.0 0.0008088535651040729
481.0 0.0023386412067338824
482.0 0.0038684276660205796
483.0 0.005054719440522604
484.0 0.006241010851226747
485.0 0.006255207699723542
486.0 0.006269403820624575
487.0 0.009161150228464976
488.0 0.012052896636305377
489.0 0.0158213748363778
490.0 0.019589850853662938
491.0 0.022951480059418827
492.0 0.02631311072036624
493.0 0.029150533373467624
494.0 0.03198795602656901
495.0 0.02894208300858736
496.0 0.025896201259456575
497.0 0.019970360153820366
498.0 0.014044514682609588
499.0 0.010074921738123521
500.0 0.006105329521233216
501.0 0.00442721757281106
502.0 0.002749106533883605
503.0 0.002202364703407511
504.0 0.0016556225091335364
505.0 0.001540599623695016
506.0 0.0014255768292059656
507.0 0.0018021775758825243
508.0 0.0021787782316096127
509.0 0.002395444971625693
510.0 0.0026121117116417736
511.0 0.002036831938312389
512.0 0.0014615520740335342
513.0 0.001651813909120392
514.0 0.0018420756532577798
515.0 0.0022586116756428964
516.0 0.002675147698028013
517.0 0.0022354333850671537
518.0 0.0017957192540052347
519.0 0.0019048229660256766
520.0 0.0020139266780461185
521.0 0.0016991856682579964
522.0 0.0013844447494193446
523.0 0.0013639353710459545
524.0 0.001343426265520975
525.0 0.0017645021216594614
526.0 0.002185577977797948
527.0 0.0024626340746181086
528.0 0.002739689989539329
529.0 0.0030229986805352382
530.0 0.003306307553430088
531.0 0.003083439150941558
532.0 0.0028605712941498496
533.0 0.0022956854081712663
534.0 0.0017307998859905638
535.0 0.0018226244719699025
536.0 0.0019144490579492413
537.0 0.002405015220574569
538.0 0.0028955812013009563
539.0 0.0034121214412152767
540.0 0.003928662044927478
541.0 0.004498896305449307
542.0 0.0050691312935668975
543.0 0.005120033165439963
544.0 0.00517093540111091
545.0 0.004336574784247205
546.0 0.00350221453118138
547.0 0.0028521462809294462
548.0 0.0022020774849806912
549.0 0.0020369552657939494
550.0 0.0018718334104050882
551.0 0.001488243378844345
552.0 0.0011046537110814825
553.0 0.0015975727365002967
554.0 0.002090491761919111
555.0 0.0017259586456930265
556.0 0.0013614253475680016
557.0 0.0009995570508181117
558.0 0.000637688799542957
559.0 0.000205163473765424
560.0 1.6987158207859565e-10
561.0 0.0005100484941067407
562.0 0.0012474590221245307
563.0 0.0014254861525841989
564.0 0.0016035135558922775
565.0 0.001283816800423665
566.0 0.0009641200449550524
567.0 0.0009362891432829201
568.0 0.0009084582416107878
569.0 0.000879858089319896
570.0 0.0008512576641805936
571.0 0.0005959879217698472
572.0 0.00034071813388436567
573.0 0.0004033647655887762
574.0 0.00046601144276792184
575.0 0.0003871849003189709
576.0 0.0003083583123952849
577.0 0.0004285842351237079
578.0 0.000548810203326866
579.0 0.00022871035980642773
580.0 1.6987158207859565e-10
581.0 7.698721447013668e-05
582.0 0.0002453639126542839
583.0 0.0003881062184518669
584.0 0.0005308484560373472
585.0 0.0007225838089652825
586.0 0.0009143192983174231
587.0 0.0008191963388526347
588.0 0.0007240731974889059
589.0 0.0006783585376979318
590.0 0.0006326438324322226
591.0 0.0008448504559055436
592.0 0.0010570573977020103
593.0 0.0007130607627914287
594.0 0.00036906417335558217
595.0 0.000601685087531223
596.0 0.0008343058652826585
597.0 0.0006947150268388214
598.0 0.0005551242793444544
599.0 0.00048364399845013395
600.0 0.0004121635811316082
601.0 0.00038853686419315636
602.0 0.0003649101017799694
603.0 0.0003108672444795957
604.0 0.00025682422801764915
605.0 0.0001778979253685975
606.0 9.897164545691339e-05
607.0 0.00035359212233743165
608.0 0.0006082125310058473
609.0 0.000495260155730648
610.0 0.00038230750760703813
611.0 0.0006312300229183165
612.0 0.00088015258370433
613.0 0.000536989864485804
614.0 0.0001938272134793806
615.0 3.240662351799983e-05
616.0 1.6987158207859565e-10
617.0 6.313207450148184e-05
618.0 0.000255278246186208
619.0 0.0003062871655856725
620.0 0.00035729617593460716
621.0 0.0005247572516964283
622.0 0.0006922183274582494
623.0 0.0005991568286844995
624.0 0.0005060953753854847
625.0 0.0003803869503826718
626.0 0.000254678570854594
627.0 0.0002305112957401434
628.0 0.00020634404336306034
629.0 0.0003885031674144557
630.0 0.0005706623142032186
631.0 0.0005299703843775205
632.0 0.0004892785000265576
633.0 0.000448138962383382
634.0 0.00040699942474020645
635.0 0.00036741864732903196
636.0 0.00032783780170575483
637.0 0.00037141053326195106
638.0 0.00041498315113130957
639.0 0.0006449813554354478
640.0 0.0008749794687901158
641.0 0.0006107146873546299
642.0 0.0003464498377070413
643.0 0.0005590481578110484
644.0 0.0007716465006524231
645.0 0.0006646550900768489
646.0 0.0005576637704507448
647.0 0.0006640735591645353
648.0 0.0007704836207267363
649.0 0.0006554863375640707
650.0 0.000540488963451935
651.0 0.0007775669473630842
652.0 0.0010146450222237036
653.0 0.001128477197198663
654.0 0.0012423094631230924
655.0 0.0017805361494538374
656.0 0.0023187629267340526
657.0 0.0032168638426810503
658.0 0.004114964031032287
659.0 0.006558350287377834
660.0 0.09722113609313965
661.0 0.09776011575013399
662.0 0.1192066352814436
663.0 0.1264832098968327
664.0 0.08924462017603219
665.0 0.12833797372877598
666.0 0.12583662755787373
667.0 0.11954980436712503
668.0 0.18225271487608552
669.0 0.22330640349537134
670.0 0.3156474558636546
671.0 0.42374106124043465
672.0 0.6452655419707298
673.0 0.9849298745393753
674.0 1.5573599375784397
675.0 2.3416535928845406
676.0 3.292025998234749
677.0 4.602940008044243
678.0 5.922867730259895
679.0 7.34298974275589
680.0 9.091247618198395
681.0 11.03428602218628
682.0 13.524800539016724
683.0 16.262508928775787
684.0 19.304123520851135
685.0 22.182632982730865
686.0 25.20071566104889
687.0 28.378596901893616
688.0 31.493616104125977
689.0 34.60369408130646
690.0 38.11857998371124
691.0 41.89247786998749
692.0 46.4437872171402
693.0 51.398766040802
694.0 57.06812143325806
695.0 62.66812086105347
696.0 68.90289783477783
697.0 74.58822727203369
698.0 80.93997836112976
699.0 85.77335476875305
700.0 89.68267440795898
701.0 92.96134114265442
702.0 95.22992372512817
703.0 96.58355116844177
704.0 97.28724360466003
705.0 97.77795076370239
706.0 97.91904091835022
707.0 98.1099784374237
708.0 98.16409349441528
709.0 98.20120334625244
710.0 97.94527888298035
711.0 98.15415740013123
712.0 98.03480505943298
713.0 98.07626605033875
714.0 98.1713056564331
715.0 98.20408821105957
716.0 98.09352159500122
717.0 98.33989143371582
718.0 98.36999177932739
719.0 98.33017587661743
720.0 98.56172204017639
721.0 98.54810833930969
722.0 98.32084774971008
723.0 98.06122779846191
724.0 97.74981141090393
725.0 97.4707543849945
726.0 97.21365571022034
727.0 96.8992292881012
728.0 96.55520915985107
729.0 96.35398983955383
730.0 96.3230550289154
731.0 96.30674719810486
732.0 96.32238745689392
733.0 96.58125042915344
734.0 97.0249354839325
735.0 97.29647040367126
736.0 97.7213978767395
737.0 98.10063242912292
738.0 98.39634895324707
739.0 98.74709844589233
740.0 98.81799221038818
741.0 98.74757528305054
742.0 99.01394248008728
743.0 98.89432191848755
744.0 98.68640303611755
745.0 98.69030714035034
746.0 98.65009188652039
747.0 98.92022609710693
748.0 98.82625341415405
749.0 98.66980314254761
750.0 98.62558245658875
751.0 98.52854013442993
752.0 98.48556518554688
753.0 98.72623682022095
754.0 98.6085832118988
755.0 98.79927635192871
756.0 98.78621101379395
757.0 98.79341125488281
758.0 98.84282350540161
759.0 98.84980320930481
760.0 98.71477484703064
761.0 98.67680072784424
762.0 98.68704080581665
763.0 98.63048791885376
764.0 98.53023886680603
765.0 98.52290749549866
766.0 98.58430027961731
767.0 98.45688343048096
768.0 98.41277599334717
769.0 98.49449396133423
770.0 98.25595021247864
771.0 98.30535054206848
772.0 98.3913779258728
773.0 98.26122522354126
774.0 98.20706248283386
775.0 98.33698272705078
776.0 98.1543242931366
777.0 98.14686179161072
778.0 98.17957878112793
779.0 98.19468855857849
780.0 98.02042841911316
781.0 98.25935363769531
782.0 98.17172884941101
783.0 98.13985824584961
784.0 98.13558459281921
785.0 98.25300574302673
786.0 98.383629322052
787.0 98.21942448616028
788.0 98.26669096946716
789.0 98.34373593330383
790.0 98.31372499465942
791.0 98.27101230621338
792.0 98.22188019752502
793.0 98.164302110672
794.0 98.15534353256226
795.0 98.13900589942932
796.0 98.15025925636292
797.0 98.21457862854004
798.0 98.19501638412476
799.0 98.0611503124237
800.0 98.04065227508545
801.0 97.98750281333923
802.0 97.9613184928894
803.0 97.74029850959778
804.0 97.67475724220276
805.0 97.28381037712097
806.0 97.05250263214111
807.0 96.56342267990112
808.0 95.88606357574463
809.0 95.06268501281738
810.0 94.14033889770508
811.0 92.667555809021
812.0 90.8407211303711
813.0 88.68178725242615
814.0 86.12719774246216
815.0 82.97678828239441
816.0 79.56494092941284
817.0 75.55885910987854
818.0 70.82831859588623
819.0 66.56131148338318
820.0 61.50839328765869
821.0 56.879132986068726
822.0 52.27830410003662
823.0 47.6549357175827
824.0 42.97134578227997
825.0 38.651180267333984
826.0 34.21507179737091
827.0 29.518374800682068
828.0 25.276675820350647
829.0 20.965370535850525
830.0 16.475403308868408
831.0 12.9946768283844
832.0 9.337785840034485
833.0 6.4035385847091675
834.0 4.182523488998413
835.0 2.621091715991497
836.0 1.5550564043223858
837.0 0.9156914427876472
838.0 0.5267704371362925
839.0 0.28797537088394165
840.0 0.15755268977954984
841.0 0.07431423291563988
842.0 0.04378820885904133
843.0 0.03716028586495668
844.0 0.04310768563300371
845.0 1.6987158207859565e-10
846.0 1.6987158207859565e-10
847.0 1.6987158207859565e-10
848.0 1.6987158207859565e-10
849.0 1.6987158207859565e-10
850.0 1.6987158207859565e-10
851.0 4.529613306658575e-06
852.0 0.001478462218074128
853.0 0.0014818362615187652
854.0 0.0014852104868623428
855.0 0.001087661712517729
856.0 0.0006901128472236451
857.0 0.0008314780643559061
858.0 0.0009728430086397566
859.0 0.0006654391654592473
860.0 0.00035803507216769503
861.0 0.0003842873866233276
862.0 0.0004105396328668576
863.0 0.0002268788193759974
864.0 4.321803146467573e-05
865.0 1.6987158207859565e-10
866.0 1.6987158207859565e-10
867.0 7.614083870066679e-05
868.0 0.00021871178432775196
869.0 1.6987158207859565e-10
870.0 1.6987158207859565e-10
871.0 1.6987158207859565e-10
872.0 0.0001999298547161743
873.0 0.00011945189726247918
874.0 3.897391138707462e-05
875.0 0.00014023897847437183
876.0 0.00024150408535206225
877.0 1.6987158207859565e-10
878.0 1.6987158207859565e-10
879.0 6.483300580839568e-05
880.0 0.00039181559259304777
881.0 0.00016880421753739938
882.0 1.6987158207859565e-10
883.0 0.00012008190424239729
884.0 0.0002943709660030436
885.0 7.953236718094558e-05
886.0 1.6987158207859565e-10
887.0 1.6987158207859565e-10
888.0 0.00013153110103303334
889.0 6.143448558759701e-05
890.0 1.6987158207859565e-10
891.0 8.163480060829897e-05
892.0 0.00017193169696838595
893.0 0.00026794580207933905
894.0 0.00036395990719029214
895.0 2.8724124945256335e-05
