lsstCam/transmission_filter_detector/r20_s00/i_39/19700101T000000.ecsv
# %ECSV 1.0
# ---
# datatype:
# - {name: wavelength, unit: nm, datatype: float32}
# - {name: efficiency, unit: '%', datatype: float64}
# meta: !!omap
# - {MODE: DETECTOR}
# - {TYPE: transmission_filter_detector}
# - {CALIBDATE: '1970-01-01T00:00:00'}
# - {INSTRUME: LSSTCam}
# - {OBSTYPE: transmission_filter_detector}
# - {CALIBCLS: lsst.ip.isr.IntermediateFilterDetectorTransmissionCurve}
# - {SOURCE: Materion (DM-46256)}
# - {DETECTOR: 72}
# - {FILTER: i_39}
# - {CALIB_ID: 'calibDate=1970-01-01T00:00:00 filter=i_39 detector=72'}
# - {DATE: '2025-04-02T15:59:46.812723'}
# - {CALIB_CREATION_DATE: '2025-04-02'}
# - {CALIB_CREATION_TIME: '15:59:46'}
# - __serialized_columns__:
#     efficiency:
#       __class__: astropy.units.quantity.Quantity
#       unit: !astropy.units.Unit {unit: '%'}
#       value: !astropy.table.SerializedColumn {name: efficiency}
#     wavelength:
#       __class__: astropy.units.quantity.Quantity
#       unit: !astropy.units.Unit {unit: nm}
#       value: !astropy.table.SerializedColumn {name: wavelength}
# schema: astropy-2.0
wavelength efficiency
[from data line 597]
897.0 1.6987158207859565e-10
898.0 1.1365846575017713e-05
899.0 1.6987158207859565e-10
900.0 1.6987158207859565e-10
901.0 1.6987158207859565e-10
902.0 1.6987158207859565e-10
903.0 1.6987158207859565e-10
904.0 1.6987158207859565e-10
905.0 1.6987158207859565e-10
906.0 1.6987158207859565e-10
907.0 1.6836715133194957e-05
908.0 0.00011428470543251024
909.0 1.6987158207859565e-10
910.0 1.6987158207859565e-10
911.0 1.6987158207859565e-10
912.0 5.614172664536454e-05
913.0 8.266123927569424e-05
914.0 0.00010918075759036583
915.0 1.6987158207859565e-10
916.0 1.6987158207859565e-10
917.0 1.6987158207859565e-10
918.0 1.6987158207859565e-10
919.0 1.6987158207859565e-10
920.0 6.71225905080064e-05
921.0 0.00010582753020571545
922.0 0.00014453247558776638
923.0 1.6987158207859565e-10
924.0 1.6987158207859565e-10
925.0 9.689862281447859e-05
926.0 0.0003387949391253642
927.0 0.0001068089318323473
928.0 1.6987158207859565e-10
929.0 2.5901687195073464e-05
930.0 0.0001769804157447652
931.0 0.00014509857919620117
932.0 0.0001132167199102696
933.0 0.00010916511428149533
934.0 0.0001051134972840373
935.0 1.6987158207859565e-10
936.0 1.6987158207859565e-10
937.0 1.6987158207859565e-10
938.0 1.6987158207859565e-10
939.0 1.6987158207859565e-10
940.0 1.6987158207859565e-10
941.0 1.6987158207859565e-10
942.0 1.6987158207859565e-10
943.0 1.6987158207859565e-10
944.0 1.6987158207859565e-10
945.0 1.6987158207859565e-10
946.0 1.6987158207859565e-10
947.0 1.6987158207859565e-10
948.0 1.6987158207859565e-10
949.0 1.6987158207859565e-10
950.0 1.6987158207859565e-10
951.0 1.6987158207859565e-10
952.0 1.6987158207859565e-10
953.0 1.6987158207859565e-10
954.0 1.6987158207859565e-10
955.0 8.105683946268982e-05
956.0 0.0003390542588022072
957.0 0.00020494517229963094
958.0 7.083604600666149e-05
959.0 0.00012804465541194077
960.0 0.00018525325913287816
961.0 0.0001895748937386088
962.0 0.00019389653971302323
963.0 7.095029559422983e-05
964.0 1.6987158207859565e-10
965.0 1.6987158207859565e-10
966.0 1.6987158207859565e-10
967.0 1.6987158207859565e-10
968.0 1.6987158207859565e-10
969.0 1.6987158207859565e-10
970.0 1.6987158207859565e-10
971.0 1.6987158207859565e-10
972.0 1.6987158207859565e-10
973.0 1.6987158207859565e-10
974.0 1.0972596697911285e-05
975.0 1.6987158207859565e-10
976.0 1.6987158207859565e-10
977.0 1.6987158207859565e-10
978.0 1.6987158207859565e-10
979.0 1.6987158207859565e-10
980.0 1.6987158207859565e-10
981.0 1.6987158207859565e-10
982.0 1.6987158207859565e-10
983.0 1.6987158207859565e-10
984.0 1.6987158207859565e-10
985.0 0.0001024671405502886
986.0 0.00022094807263783878
987.0 2.0210137563481112e-05
988.0 1.6987158207859565e-10
989.0 1.6987158207859565e-10
990.0 1.6987158207859565e-10
991.0 1.6987158207859565e-10
992.0 1.6987158207859565e-10
993.0 1.6987158207859565e-10
994.0 2.95422296403558e-05
995.0 1.6987158207859565e-10
996.0 1.6987158207859565e-10
997.0 3.2373608860325476e-05
998.0 0.0003328811999381287
999.0 0.00032152936455531744
1000.0 0.00031017750643513864
1001.0 0.0001752421439960017
1002.0 4.0306724713445874e-05
1003.0 0.00012897437500214437
1004.0 0.00021764203665952664
1005.0 5.094130983707146e-05
1006.0 1.6987158207859565e-10
1007.0 8.998311784580437e-06
1008.0 0.00013375611160881817
1009.0 8.669508133607451e-05
1010.0 3.963401127293764e-05
1011.0 0.00017340545355182257
1012.0 0.0003071769015150494
1013.0 0.00037217719182081055
1014.0 0.00043717750486393925
1015.0 0.00039380793168675154
1016.0 0.00035043840398429893
1017.0 0.0004028123839816544
1018.0 0.00045518654587795027
1019.0 0.0004242846443958115
1020.0 0.0003933826519642025
1021.0 0.00038809625948488247
1022.0 0.00038280977605609223
1023.0 0.000688536874804413
1024.0 0.0009942640645022038
1025.0 0.0007599612672493095
1026.0 0.0005256586064206203
1027.0 0.00039689639379503205
1028.0 0.0002681342039068113
1029.0 0.0007620005362696247
1030.0 0.0012558668458950706
1031.0 0.001754789445840288
1032.0 0.0022537115000886843
1033.0 0.002437551120237913
1034.0 0.0026213901946903206
1035.0 0.003209827991668135
1036.0 0.003798265606747009
1037.0 0.0037690424505854025
1038.0 0.0037398189306259155
1039.0 0.0031332270737038925
1040.0 0.002526635034882929
1041.0 0.0019417893781792372
1042.0 0.0013569439033744857
1043.0 0.0019248991520726122
1044.0 0.0024928542188717984
1045.0 0.003078584632021375
1046.0 0.0036643155908677727
1047.0 0.0035255023249192163
1048.0 0.0033866886951727793
1049.0 0.0028764719900209457
1050.0 0.0023662549210712314
1051.0 0.002610260526125785
1052.0 0.0028542666768771596
1053.0 0.001954521758307237
1054.0 0.0010547765668889042
1055.0 0.0009434582352696452
1056.0 0.0008321398127009161
1057.0 0.0008640838132123463
1058.0 0.0008960279956227168
1059.0 0.0009678039532445837
1060.0 0.001039580183714861
1061.0 0.0017538324755150825
1062.0 0.002468084312567953
1063.0 0.0026599973352858797
1064.0 0.0028519103580038063
1065.0 0.0033149957744171843
1066.0 0.0037780817365273833
1067.0 0.004478816845221445
1068.0 0.005179552317713387
1069.0 0.004020578853669576
1070.0 0.0028616053896257654
1071.0 0.0026841888029593974
1072.0 0.0025067716705962084
1073.0 0.0024611403205199167
1074.0 0.002415508970443625
1075.0 0.0025678338715806603
1076.0 0.0027201580451219343
1077.0 0.002132386180164758
1078.0 0.0015446139514097013
1079.0 0.0017560558262630366
1080.0 0.0019674980649142526
1081.0 0.001257475832971977
1082.0 0.0005474536919791717
1083.0 1.6987158207859565e-10
1084.0 1.6987158207859565e-10
1085.0 1.6987158207859565e-10
1086.0 0.0009156157830148004
1087.0 0.0012077696737833321
1088.0 0.0014999235645518638
1089.0 1.6987158207859565e-10
1090.0 1.6987158207859565e-10
1091.0 1.6987158207859565e-10
1092.0 1.6987158207859565e-10
1093.0 1.6987158207859565e-10
1094.0 1.2187544484731916e-05
1095.0 1.6987158207859565e-10
1096.0 1.6987158207859565e-10
1097.0 1.6987158207859565e-10
1098.0 1.6987158207859565e-10
1099.0 1.6987158207859565e-10
1100.0 0.0006367152309394442
