lsstCam/transmission_sensor/r43_s10/19700101T000000.ecsv
# %ECSV 1.0
# ---
# datatype:
# - {name: amp_name, datatype: string}
# - {name: wavelength, unit: nm, datatype: float32}
# - {name: efficiency, unit: '%', datatype: float64}
# meta: !!omap
# - {MODE: AMP}
# - {TYPE: transmission_sensor}
# - {CALIBDATE: '1970-01-01T00:00:00'}
# - {INSTRUME: LSSTCam}
# - {OBSTYPE: transmission_sensor}
# - {DETECTOR: 183}
# - {PARQUETFILE: qe_raft_allvalues_nircorrected_20230725_adjust.parquet}
# - {CORRFILE: qe_corr_factor_bydetnum.parquet}
# - {CALIBCLS: lsst.ip.isr.IntermediateSensorTransmissionCurve}
# - {CALIB_ID: 'raftName=R43 detectorName=S10 detector=183 calibDate=1970-01-01T00:00:00 ccd=183 ccdnum=183 filter=None'}
# - {DATE: '2025-03-03T21:56:48.418831'}
# - {CALIB_CREATION_DATE: '2025-03-03'}
# - {CALIB_CREATION_TIME: '21:56:48'}
# - __serialized_columns__:
#     efficiency:
#       __class__: astropy.units.quantity.Quantity
#       unit: !astropy.units.Unit {unit: '%'}
#       value: !astropy.table.SerializedColumn {name: efficiency}
#     wavelength:
#       __class__: astropy.units.quantity.Quantity
#       unit: !astropy.units.Unit {unit: nm}
#       value: !astropy.table.SerializedColumn {name: wavelength}
# schema: astropy-2.0
amp_name wavelength efficiency
C00 319.994 47.30767799940749
C00 324.969 47.43641163624007
C00 349.982 50.70403088477873
C00 374.975 63.91244883274054
C00 400.019 79.22750474086271
C00 424.965 84.11684325556851
C00 450.035 85.83234288150355
C00 475.003 85.23889293867272
C00 500.018 85.18517591689033
C00 525.002 85.56386519128965
C00 550.029 86.21992488954746
C00 575.023 88.1612876736325
C00 599.982 89.34613893126732
C00 619.997 90.60247733244542
C00 624.979 90.73961264601728
C00 650.012 91.95609871022386
C00 675.004 93.27744844200646
C00 700.03 94.4749751060096
C00 725.012 95.57187346824497
C00 750.022 97.22703447694009
C00 774.987 98.47114249207033
C00 799.976 99.12028135706893
C00 824.988 99.21697353083005
C00 850.022 97.79324610705453
C00 869.967 96.03276873769879
C00 875.002 95.04687992711996
C00 899.999 89.38180193901543
C00 919.999 81.53956945187164
C00 925.012 79.1436567742811
C00 949.965 65.51911413565426
C00 975.002 50.1036447631604
C00 999.976 32.230658089752076
C00 1025.028 15.764333653564245
C00 1050.014 6.465277754051245
C00 1075.002 0.9262652720144641
C00 1099.99 0.09190318934685733
C01 319.994 47.584457620426775
C01 324.969 47.63909921028869
C01 349.982 50.63675225236924
C01 374.975 63.79834715713336
C01 400.019 79.39396535899854
C01 424.965 84.49657602589161
C01 450.035 86.3416993293001
C01 475.003 85.74385289261393
C01 500.018 85.64508139976938
C01 525.002 86.02011076567132
C01 550.029 86.6562519682075
C01 575.023 88.57459645985615
C01 599.982 89.73804070552514
C01 619.997 90.98285461495675
C01 624.979 91.11846304846367
C01 650.012 92.30865454994372
C01 675.004 93.61319325548362
C01 700.03 94.89391570111601
C01 725.012 96.01325689847687
C01 750.022 97.82106754984598
C01 774.987 99.1655736838196
C01 799.976 99.84408388996702
C01 824.988 99.97685340074013
C01 850.022 98.60295290732523
C01 869.967 96.9361599881856
C01 875.002 95.96793388066962
C01 899.999 90.24370655376772
C01 919.999 82.15537782942236
C01 925.012 79.69633364844294
C01 949.965 65.98507342944407
C01 975.002 50.525094352142396
C01 999.976 32.53326423488499
C01 1025.028 15.863974086948264
C01 1050.014 6.457508600806205
C01 1075.002 0.9319235758264217
C01 1099.99 0.0924646010529029
C02 319.994 47.54398762594153
C02 324.969 47.52580317491678
C02 349.982 50.248172784986416
C02 374.975 63.25860656332077
C02 400.019 78.99474376774596
C02 424.965 84.29184366019823
C02 450.035 86.22927031627664
C02 475.003 85.66313541380366
C02 500.018 85.55483434789045
C02 525.002 85.90036960841722
C02 550.029 86.49349729515394
C02 575.023 88.3656364011186
C02 599.982 89.4822154033871
C02 619.997 90.69624618306713
C02 624.979 90.82272402724094
C02 650.012 92.00212762233248
C02 675.004 93.29465845198473
C02 700.03 94.5715982248934
C02 725.012 95.71338993014389
C02 750.022 97.54733401619244
C02 774.987 98.92082018034347
C02 799.976 99.64033363808426
C02 824.988 99.78100609592718
C02 850.022 98.43234132378672
C02 869.967 96.78792985765939
C02 875.002 95.8274455691662
C02 899.999 90.13500650411895
C02 919.999 82.07359383639587
C02 925.012 79.62016611877092
C02 949.965 65.99019883589325
C02 975.002 50.50360677615302
C02 999.976 32.5549014297752
C02 1025.028 15.880488752675854
C02 1050.014 6.457341718186041
C02 1075.002 0.9293154907446672
C02 1099.99 0.09220582924708974
C03 319.994 47.75647715618598
C03 324.969 47.67164707579374
C03 349.982 50.136936886787566
C03 374.975 63.07032460395525
C03 400.019 78.99624762951846
C03 424.965 84.49666809906135
C03 450.035 86.53485349389798
C03 475.003 85.99843520696038
C03 500.018 85.87066066564599
C03 525.002 86.16996752219636
C03 550.029 86.72102544312351
C03 575.023 88.55071881783547
C03 599.982 89.63877048301113
C03 619.997 90.83445568361935
C03 624.979 90.9551175725709
C03 650.012 92.12931903357182
C03 675.004 93.42470413148618
C03 700.03 94.69330360976873
C03 725.012 95.84081919707174
C03 750.022 97.67044351690639
C03 774.987 99.04877119523321
C03 799.976 99.7753052321671
C03 824.988 99.92838454963324
C03 850.022 98.58074792788827
C03 869.967 96.92148966313947
C03 875.002 95.95593367754611
C03 899.999 90.28540802689831
C03 919.999 82.27405247246024
C03 925.012 79.82701616736847
C03 949.965 66.17136047013177
C03 975.002 50.60125037266818
C03 999.976 32.609615910896494
C03 1025.028 15.922012793135583
C03 1050.014 6.479954313218238
C03 1075.002 0.9304883359327984
C03 1099.99 0.09232219786918539
C04 319.994 47.83837240429258
C04 324.969 47.68751435204656
C04 349.982 49.90991514125161
C04 374.975 62.72743261067659
C04 400.019 78.79014183904305
C04 424.965 84.46005366855921
C04 450.035 86.58895415388764
C04 475.003 86.0631089359425
C04 500.018 85.91878424236633
C04 525.002 86.18189867044255
C04 550.029 86.70432950834298
C04 575.023 88.50457481426466
C04 599.982 89.56825010775019
C04 619.997 90.747615339021
C04 624.979 90.87105476859321
C04 650.012 92.03138387201913
C04 675.004 93.31665626678978
C04 700.03 94.5840357755732
C04 725.012 95.70549465583821
C04 750.022 97.51634372180892
C04 774.987 98.87599589220568
C04 799.976 99.6043407014779
C04 824.988 99.77992423618267
C04 850.022 98.42638725880984
C04 869.967 96.75998565064161
C04 875.002 95.79445268334071
C04 899.999 90.20282606640069
C04 919.999 82.3333706120688
C04 925.012 79.9104958412711
C04 949.965 66.25258435137565
C04 975.002 50.59118754249141
C04 999.976 32.61980150529959
C04 1025.028 15.951652681029506
C04 1050.014 6.492067210065128
C04 1075.002 0.9290203946002826
C04 1099.99 0.09217655007874315
C05 319.994 47.89549229697348
C05 324.969 47.69063333067169
C05 349.982 49.694249086650935
C05 374.975 62.406500068382236
C05 400.019 78.57439138403677
C05 424.965 84.38322628117069
C05 450.035 86.59035826972627
C05 475.003 86.07641350897072
C05 500.018 85.90610883599803
C05 525.002 86.1344656424953
C05 550.029 86.61929226331881
C05 575.023 88.39907430726454
C05 599.982 89.4514322736355
C05 619.997 90.62270273873287
C05 624.979 90.74508332685299
C05 650.012 91.89769362954858
C05 675.004 93.17863858534119
C05 700.03 94.43903587875224
C05 725.012 95.52829216789874
C05 750.022 97.31325332764266
C05 774.987 98.63889213458258
C05 799.976 99.36346961665937
C05 824.988 99.56777998032476
C05 850.022 98.21929168175966
C05 869.967 96.57115892502178
C05 875.002 95.60904033776559
C05 899.999 90.14604761172427
C05 919.999 82.4379887511922
C05 925.012 80.0360606265116
C05 949.965 66.37854044758757
C05 975.002 50.63565504709644
C05 999.976 32.699897490214084
C05 1025.028 16.022523126154592
C05 1050.014 6.526127569202357
C05 1075.002 0.927085828298102
C05 1099.99 0.09198460418749034
C06 319.994 47.75943117038199
C06 324.969 47.5025163357353
C06 349.982 49.30134985305422
C06 374.975 61.863490877043674
C06 400.019 78.05379433676711
C06 424.965 83.96743151936391
C06 450.035 86.2346796149992
C06 475.003 85.72948947813362
C06 500.018 85.53237616723668
C06 525.002 85.72964293341653
C06 550.029 86.16920791854595
C06 575.023 87.91670297096758
C06 599.982 88.95767455534667
C06 619.997 90.12216996970359
C06 624.979 90.24369888100358
C06 650.012 91.38800725289377
C06 675.004 92.66065027788099
C06 700.03 93.90947704296067
C06 725.012 94.9698607206278
C06 750.022 96.71141705360084
C06 774.987 98.0060425478648
C06 799.976 98.72010834306231
C06 824.988 98.9330275480989
C06 850.022 97.6186139951038
C06 869.967 96.03118047552067
C06 875.002 95.09188836159724
C06 899.999 89.76111270731055
C06 919.999 82.12306014684167
C06 925.012 79.72141591443446
C06 949.965 66.06931270699711
C06 975.002 50.39447321533003
C06 999.976 32.63495137810481
C06 1025.028 16.00132231972516
C06 1050.014 6.516093991438887
C06 1075.002 0.9213524670820216
C06 1099.99 0.09141574535476153
C07 319.994 47.97628266704313
C07 324.969 47.67023528719098
C07 349.982 49.29004787146795
C07 374.975 61.8161882860869
C07 400.019 78.19636964011809
C07 424.965 84.2935930504234
C07 450.035 86.61963753770536
C07 475.003 86.11780807153549
C07 500.018 85.91718830742407
C07 525.002 86.05182997264866
C07 550.029 86.45643784433136
C07 575.023 88.19678955333356
C07 599.982 89.23766139177877
C07 619.997 90.41566087103169
C07 624.979 90.53266285148585
C07 650.012 91.70595125355347
C07 675.004 93.00743619896348
C07 700.03 94.22722155175259
C07 725.012 95.31182814582694
C07 750.022 97.00389515006174
C07 774.987 98.27715199618059
C07 799.976 99.01660696793543
C07 824.988 99.2070066102051
C07 850.022 97.93252979458713
C07 869.967 96.4518781336164
C07 875.002 95.53680126333606
C07 899.999 90.18331422717878
C07 919.999 82.3949522171003
C07 925.012 79.93800270073258
C07 949.965 66.17852683184364
C07 975.002 50.55911922474545
C07 999.976 32.86277492749397
C07 1025.028 16.002807958682826
C07 1050.014 6.495961137868951
C07 1075.002 0.9241391612473424
C07 1099.99 0.09169223858976135
C10 319.994 47.5293326464237
C10 324.969 47.630820297775735
C10 349.982 50.79326513179047
C10 374.975 63.97485909629973
C10 400.019 79.37383969864499
C10 424.965 84.34820011284665
C10 450.035 86.10028347822725
C10 475.003 85.54481371791647
C10 500.018 85.51022489714872
C10 525.002 85.86050959868155
C10 550.029 86.47989348432404
C10 575.023 88.38530936838758
C10 599.982 89.53776621580026
C10 619.997 90.7728126964747
C10 624.979 90.90697865032226
C10 650.012 92.13178966362666
C10 675.004 93.41011053408151
C10 700.03 94.63683973842228
C10 725.012 95.69496762343063
C10 750.022 97.39490688367867
C10 774.987 98.64751632148209
C10 799.976 99.32937952556108
C10 824.988 99.44934319297539
C10 850.022 98.1360114997248
C10 869.967 96.54247813264604
C10 875.002 95.57188114100911
C10 899.999 89.75234273789228
C10 919.999 81.5992712296875
C10 925.012 79.11127770958724
C10 949.965 65.33775300954795
C10 975.002 50.22370050374446
C10 999.976 32.6859522413797
C10 1025.028 16.005878982532046
C10 1050.014 6.625758891178952
C10 1075.002 0.9278643999185794
C10 1099.99 0.09206185334841505
C11 319.994 47.592659805298275
C11 324.969 47.627379063056495
C11 349.982 50.54492844745842
C11 374.975 63.6661646128174
C11 400.019 79.26029813482043
C11 424.965 84.43217851641874
C11 450.035 86.29042991928011
C11 475.003 85.74627748608388
C11 500.018 85.68346823878913
C11 525.002 86.00280100975915
C11 550.029 86.59298235506401
C11 575.023 88.46195260943661
C11 599.982 89.5856519368321
C11 619.997 90.80422499288622
C11 624.979 90.9342246358028
C11 650.012 92.14202513099671
C11 675.004 93.4231695786571
C11 700.03 94.67419075428239
C11 725.012 95.79789775444202
C11 750.022 97.59179001165126
C11 774.987 98.93836779194415
C11 799.976 99.66677398332952
C11 824.988 99.797717376236
C11 850.022 98.5407881722187
C11 869.967 97.00895917439775
C11 875.002 96.03032879870052
C11 899.999 90.1239960875702
C11 919.999 81.72571071004057
C11 925.012 79.22828736280556
C11 949.965 65.61985752888418
C11 975.002 50.4959148300972
C11 999.976 32.94786971824923
C11 1025.028 16.164722464062457
C11 1050.014 6.665892722685073
C11 1075.002 0.9297392915498721
C11 1099.99 0.09224787837364437
C12 319.994 47.645145348435314
C12 324.969 47.61427398189604
C12 349.982 50.27894824197387
C12 374.975 63.29096644610426
C12 400.019 79.04721780173678
C12 424.965 84.40532384190962
C12 450.035 86.3547123372908
C12 475.003 85.82510746491438
C12 500.018 85.73878119551377
C12 525.002 86.02930273711758
C12 550.029 86.59332762945056
C12 575.023 88.43016434758195
C12 599.982 89.52261250661297
C12 619.997 90.72346147749109
C12 624.979 90.85227951472926
C12 650.012 92.04646852632911
C12 675.004 93.32372288256775
C12 700.03 94.5814040174713
C12 725.012 95.72881218607627
C12 750.022 97.54796318285237
C12 774.987 98.93037277170457
C12 799.976 99.6836617372137
C12 824.988 99.83294303642782
C12 850.022 98.59539523464196
C12 869.967 97.0802238077808
C12 875.002 96.09368281224961
C12 899.999 90.18265436946227
C12 919.999 81.76538657343677
C12 925.012 79.27247481151927
C12 949.965 65.70535513975707
C12 975.002 50.57849295421274
C12 999.976 33.02099499693756
C12 1025.028 16.237960916021937
C12 1050.014 6.683599064594007
C12 1075.002 0.929321482425051
C12 1099.99 0.09220642373611297
C13 319.994 47.80571328370742
C13 324.969 47.704183432152576
C13 349.982 50.104910769244405
C13 374.975 63.01160110356795
C13 400.019 78.93603944926902
C13 424.965 84.48795951175626
C13 450.035 86.55702778227838
C13 475.003 86.07240065332265
C13 500.018 85.98316640631091
C13 525.002 86.23489445239527
C13 550.029 86.73280313608679
C13 575.023 88.50097628788043
C13 599.982 89.54800935593445
C13 619.997 90.7235151868401
C13 624.979 90.84660934202576
C13 650.012 92.0248313314389
C13 675.004 93.29948462063223
C13 700.03 94.55703531854532
C13 725.012 95.70184242010497
C13 750.022 97.51965835591976
C13 774.987 98.9046229752324
C13 799.976 99.66320614800189
C13 824.988 99.82839308728956
C13 850.022 98.59122892371097
C13 869.967 97.07485287287898
C13 875.002 96.0937825581835
C13 899.999 90.19688734695211
C13 919.999 81.77007463232965
C13 925.012 79.27202211843469
C13 949.965 65.6814774977364
C13 975.002 50.54246165378565
C13 999.976 32.992828279759564
C13 1025.028 16.239740997303684
C13 1050.014 6.681751846625986
C13 1075.002 0.9290518141387867
C13 1099.99 0.092179667496489
C14 319.994 47.87327197200822
C14 324.969 47.71228203470812
C14 349.982 49.89499928775283
C14 374.975 62.70700387613929
C14 400.019 78.77241008110288
C14 424.965 84.48369345489138
C14 450.035 86.62238438726943
C14 475.003 86.12486701454932
C14 500.018 86.00036874352504
C14 525.002 86.22582524517533
C14 550.029 86.70225018925956
C14 575.023 88.4707609426756
C14 599.982 89.51477861442045
C14 619.997 90.68938673192108
C14 624.979 90.81079287899475
C14 650.012 91.98801740906897
C14 675.004 93.26314640963932
C14 700.03 94.51060742270111
C14 725.012 95.63986950410207
C14 750.022 97.43162106011472
C14 774.987 98.79069010043642
C14 799.976 99.54870548865914
C14 824.988 99.72637601521149
C14 850.022 98.49109935161268
C14 869.967 96.978168371882
C14 875.002 95.9971594392997
C14 899.999 90.11188079298452
C14 919.999 81.71444709227504
C14 925.012 79.23407262697124
C14 949.965 65.62135371789255
C14 975.002 50.45745893620014
C14 999.976 32.949047487545556
C14 1025.028 16.22513780894383
C14 1050.014 6.680931340410181
C14 1075.002 0.9282133086855264
C14 1099.99 0.09209647175573564
C15 319.994 48.020086477549576
C15 324.969 47.79920294332999
C15 349.982 49.74836509216889
C15 374.975 62.459798924518694
C15 400.019 78.6596588119853
C15 424.965 84.5488428952505
C15 450.035 86.79918021870918
C15 475.003 86.35486579257372
C15 500.018 86.23012966586093
C15 525.002 86.42098200121518
C15 550.029 86.86195877494737
C15 575.023 88.57795713055187
C15 599.982 89.57593821742394
C15 619.997 90.72312387586868
C15 624.979 90.83981127299289
C15 650.012 91.99685643336456
C15 675.004 93.26595464131655
C15 700.03 94.50255869311253
C15 725.012 95.60606330527716
C15 750.022 97.3675534795001
C15 774.987 98.7015939631793
C15 799.976 99.4592333859589
C15 824.988 99.66299131060582
C15 850.022 98.4541089556674
C15 869.967 96.94477650232095
C15 875.002 95.97401838263697
C15 899.999 90.08539441115438
C15 919.999 81.74100252898249
C15 925.012 79.29803278888781
C15 949.965 65.62112353496819
C15 975.002 50.44340243228565
C15 999.976 32.96578178614681
C15 1025.028 16.240713520159122
C15 1050.014 6.708591655154574
C15 1075.002 0.9276031700114628
C15 1099.99 0.09203593435701792
C16 319.994 48.03336035952123
C16 324.969 47.75285177512725
C16 349.982 49.466713265917235
C16 374.975 62.03355002156372
C16 400.019 78.29645317563151
C16 424.965 84.31490798921949
C16 450.035 86.65035161257964
C16 475.003 86.24348794823818
C16 500.018 86.11088723827629
C16 525.002 86.26201000088533
C16 550.029 86.64446660248008
C16 575.023 88.31406008053281
C16 599.982 89.28178745837933
C16 619.997 90.41324395032586
C16 624.979 90.52875741453582
C16 650.012 91.6696207153247
C16 675.004 92.92893614899124
C16 700.03 94.15367043465419
C16 725.012 95.23076539263012
C16 750.022 96.96169494726169
C16 774.987 98.26464539062349
C16 799.976 99.01510310616293
C16 824.988 99.24292281917
C16 850.022 98.0708006772525
C16 869.967 96.58349672976767
C16 875.002 95.61956737017317
C16 899.999 89.72896382554104
C16 919.999 81.45812306046756
C16 925.012 79.03381348277465
C16 949.965 65.33993207456527
C16 975.002 50.25994280518556
C16 999.976 32.78260221493803
C16 1025.028 16.17838957519656
C16 1050.014 6.758414269585379
C16 1075.002 0.9237368396059842
C16 1099.99 0.09165232060611107
C17 319.994 48.099280912676974
C17 324.969 47.769037471092105
C17 349.982 49.304434304240694
C17 374.975 61.79964964297135
C17 400.019 78.23154926372504
C17 424.965 84.41097866908483
C17 450.035 86.79651009678656
C17 475.003 86.36985070094981
C17 500.018 86.21650283673858
C17 525.002 86.3252949595571
C17 550.029 86.68354399027291
C17 575.023 88.36473101494944
C17 599.982 89.35914426649389
C17 619.997 90.5050409005622
C17 624.979 90.62322448669475
C17 650.012 91.78992965712555
C17 675.004 93.06136805814194
C17 700.03 94.28771362427543
C17 725.012 95.35930721035906
C17 750.022 97.0658450477722
C17 774.987 98.34647542023484
C17 799.976 99.10422226171248
C17 824.988 99.3420242408728
C17 850.022 98.18128080818303
C17 869.967 96.6814702551411
C17 875.002 95.70516472697996
C17 899.999 89.74630427250979
C17 919.999 81.48958139346395
C17 925.012 79.03418177545363
C17 949.965 65.39241378132023
C17 975.002 50.37096386598834
C17 999.976 32.71624431422599
C17 1025.028 16.21284028620969
C17 1050.014 6.815261779139115
C17 1075.002 0.9247292697461779
C17 1099.99 0.09175078861289426
