lsstCam/transmission_sensor/r43_s10/19700101T000000.ecsv
# %ECSV 1.0
# ---
# datatype:
# - {name: amp_name, datatype: string}
# - {name: wavelength, unit: nm, datatype: float32}
# - {name: efficiency, unit: '%', datatype: float64}
# meta: !!omap
# - {MODE: AMP}
# - {TYPE: transmission_sensor}
# - {CALIBDATE: '1970-01-01T00:00:00'}
# - {INSTRUME: LSSTCAM}
# - {OBSTYPE: transmission_sensor}
# - {DETECTOR: 183}
# - {PARQUETFILE: qe_raft_allvalues_nircorrected_20230725.parquet}
# - {CALIBCLS: lsst.ip.isr.IntermediateSensorTransmissionCurve}
# - {CALIB_ID: 'raftName=R43 detectorName=S10 detector=183 calibDate=1970-01-01T00:00:00 ccd=183 ccdnum=183 filter=None'}
# - {DATE: '2023-08-02T16:57:56.149461'}
# - {CALIB_CREATION_DATE: '2023-08-02'}
# - {CALIB_CREATION_TIME: '16:57:56'}
# - __serialized_columns__:
#     efficiency:
#       __class__: astropy.units.quantity.Quantity
#       unit: !astropy.units.Unit {unit: '%'}
#       value: !astropy.table.SerializedColumn {name: efficiency}
#     wavelength:
#       __class__: astropy.units.quantity.Quantity
#       unit: !astropy.units.Unit {unit: nm}
#       value: !astropy.table.SerializedColumn {name: wavelength}
# schema: astropy-2.0
amp_name wavelength efficiency
C00 319.994 47.04027557373047
C00 324.969 47.16828155517578
C00 349.982 50.41743087768555
C00 374.975 63.55118942260742
C00 400.019 78.77967834472656
C00 424.965 83.6413803100586
C00 450.035 85.34718322753906
C00 475.003 84.75708770751953
C00 500.018 84.70367431640625
C00 525.002 85.0802230834961
C00 550.029 85.73257446289062
C00 575.023 87.6629638671875
C00 599.982 88.84111785888672
C00 619.997 90.0903549194336
C00 624.979 90.22671508789062
C00 650.012 91.43632507324219
C00 675.004 92.75020599365234
C00 700.03 93.94096374511719
C00 725.012 95.03166198730469
C00 750.022 96.6774673461914
C00 774.987 97.91454315185547
C00 799.976 98.56001281738281
C00 824.988 98.65615844726562
C00 850.022 97.240478515625
C00 869.967 95.48995208740234
C00 875.002 94.50963592529297
C00 899.999 88.87657928466797
C00 919.999 81.07867431640625
C00 925.012 78.69630432128906
C00 949.965 65.14877319335938
C00 975.002 49.820438385009766
C00 999.976 32.04847717285156
C00 1025.028 15.675227165222168
C00 1050.014 6.4287333488464355
C00 1075.002 0.9210296402728225
C00 1099.99 0.0913837147753277
C01 319.994 47.31549072265625
C01 324.969 47.36982345581055
C01 349.982 50.35053253173828
C01 374.975 63.4377326965332
C01 400.019 78.94519805908203
C01 424.965 84.01896667480469
C01 450.035 85.8536605834961
C01 475.003 85.25919342041016
C01 500.018 85.16098022460938
C01 525.002 85.53388977050781
C01 550.029 86.16643524169922
C01 575.023 88.07393646240234
C01 599.982 89.23080444335938
C01 619.997 90.46858215332031
C01 624.979 90.60342407226562
C01 650.012 91.7868881225586
C01 675.004 93.08405303955078
C01 700.03 94.35753631591797
C01 725.012 95.47055053710938
C01 750.022 97.26814270019531
C01 774.987 98.60504913330078
C01 799.976 99.27972412109375
C01 824.988 99.4117431640625
C01 850.022 98.04560852050781
C01 869.967 96.38823699951172
C01 875.002 95.42548370361328
C01 899.999 89.73361206054688
C01 919.999 81.69100189208984
C01 925.012 79.24585723876953
C01 949.965 65.61209869384766
C01 975.002 50.239505767822266
C01 999.976 32.34937286376953
C01 1025.028 15.774304389953613
C01 1050.014 6.421008110046387
C01 1075.002 0.9266559610277265
C01 1099.99 0.09194195315183462
C02 319.994 47.27524948120117
C02 324.969 47.25716781616211
C02 349.982 49.964149475097656
C02 374.975 62.90104293823242
C02 400.019 78.54823303222656
C02 424.965 83.81539154052734
C02 450.035 85.74186706542969
C02 475.003 85.1789321899414
C02 500.018 85.07124328613281
C02 525.002 85.41482543945312
C02 550.029 86.00460052490234
C02 575.023 87.86615753173828
C02 599.982 88.97642517089844
C02 619.997 90.18359375
C02 624.979 90.30935668945312
C02 650.012 91.48209381103516
C02 675.004 92.76731872558594
C02 700.03 94.03704071044922
C02 725.012 95.17237854003906
C02 750.022 96.99595642089844
C02 774.987 98.36167907714844
C02 799.976 99.0771255493164
C02 824.988 99.21700286865234
C02 850.022 97.87596130371094
C02 869.967 96.2408447265625
C02 875.002 95.2857894897461
C02 899.999 89.62552642822266
C02 919.999 81.60968017578125
C02 925.012 79.17012023925781
C02 949.965 65.61719512939453
C02 975.002 50.2181396484375
C02 999.976 32.370887756347656
C02 1025.028 15.790725708007812
C02 1050.014 6.420842170715332
C02 1075.002 0.9240626179140146
C02 1099.99 0.09168464403054748
C03 319.994 47.48653793334961
C03 324.969 47.40218734741211
C03 349.982 49.85354232788086
C03 374.975 62.71382522583008
C03 400.019 78.54972839355469
C03 424.965 84.01905822753906
C03 450.035 86.04572296142578
C03 475.003 85.51233673095703
C03 500.018 85.38528442382812
C03 525.002 85.68289947509766
C03 550.029 86.23084259033203
C03 575.023 88.0501937866211
C03 599.982 89.13209533691406
C03 619.997 90.3210220336914
C03 624.979 90.44100189208984
C03 650.012 91.60856628417969
C03 675.004 92.8966293334961
C03 700.03 94.1580581665039
C03 725.012 95.29908752441406
C03 750.022 97.11837005615234
C03 774.987 98.48890686035156
C03 799.976 99.21133422851562
C03 824.988 99.3635482788086
C03 850.022 98.02352905273438
C03 869.967 96.37364959716797
C03 875.002 95.4135513305664
C03 899.999 89.77507781982422
C03 919.999 81.80900573730469
C03 925.012 79.37580108642578
C03 949.965 65.79733276367188
C03 975.002 50.31523132324219
C03 999.976 32.42529296875
C03 1025.028 15.832015037536621
C03 1050.014 6.443326950073242
C03 1075.002 0.925228833699446
C03 1099.99 0.09180035488939756
C04 319.994 47.567970275878906
C04 324.969 47.417964935302734
C04 349.982 49.627803802490234
C04 374.975 62.37287139892578
C04 400.019 78.34478759765625
C04 424.965 83.98265075683594
C04 450.035 86.09951782226562
C04 475.003 85.57664489746094
C04 500.018 85.43313598632812
C04 525.002 85.69476318359375
C04 550.029 86.21424102783203
C04 575.023 88.00431060791016
C04 599.982 89.06197357177734
C04 619.997 90.23467254638672
C04 624.979 90.35741424560547
C04 650.012 91.51118469238281
C04 675.004 92.78919219970703
C04 700.03 94.04940795898438
C04 725.012 95.1645278930664
C04 750.022 96.96514129638672
C04 774.987 98.31710815429688
C04 799.976 99.04133605957031
C04 824.988 99.21592712402344
C04 850.022 97.87004089355469
C04 869.967 96.21305847167969
C04 875.002 95.25298309326172
C04 899.999 89.69296264648438
C04 919.999 81.86798858642578
C04 925.012 79.45880889892578
C04 949.965 65.87809753417969
C04 975.002 50.30522537231445
C04 999.976 32.435420989990234
C04 1025.028 15.86148738861084
C04 1050.014 6.455371379852295
C04 1075.002 0.9237691897742362
C04 1099.99 0.09165553036008556
C05 319.994 47.6247673034668
C05 324.969 47.42106628417969
C05 349.982 49.41335678100586
C05 374.975 62.05375289916992
C05 400.019 78.13025665283203
C05 424.965 83.90625762939453
C05 450.035 86.10091400146484
C05 475.003 85.58987426757812
C05 500.018 85.4205322265625
C05 525.002 85.64759826660156
C05 550.029 86.12968444824219
C05 575.023 87.89940643310547
C05 599.982 88.94581604003906
C05 619.997 90.11046600341797
C05 624.979 90.2321548461914
C05 650.012 91.37825012207031
C05 675.004 92.6519546508789
C05 700.03 93.90522766113281
C05 725.012 94.98832702636719
C05 750.022 96.76319885253906
C05 774.987 98.08134460449219
C05 799.976 98.80182647705078
C05 824.988 99.0049819946289
C05 850.022 97.66411590576172
C05 869.967 96.02529907226562
C05 875.002 95.06861877441406
C05 899.999 89.63650512695312
C05 919.999 81.97201538085938
C05 925.012 79.58366394042969
C05 949.965 66.00334167480469
C05 975.002 50.34944152832031
C05 999.976 32.51506423950195
C05 1025.028 15.931957244873047
C05 1050.014 6.48923921585083
C05 1075.002 0.9218455584353367
C05 1099.99 0.09146466942584375
C06 319.994 47.48947525024414
C06 324.969 47.234012603759766
C06 349.982 49.02267837524414
C06 374.975 61.51381301879883
C06 400.019 77.61260223388672
C06 424.965 83.49281311035156
C06 450.035 85.74724578857422
C06 475.003 85.24491119384766
C06 500.018 85.04891204833984
C06 525.002 85.24506378173828
C06 550.029 85.68214416503906
C06 575.023 87.41976165771484
C06 599.982 88.45484924316406
C06 619.997 89.61276245117188
C06 624.979 89.73360443115234
C06 650.012 90.87144470214844
C06 675.004 92.13689422607422
C06 700.03 93.378662109375
C06 725.012 94.43305206298828
C06 750.022 96.16476440429688
C06 774.987 97.45207214355469
C06 799.976 98.16210174560547
C06 824.988 98.37381744384766
C06 850.022 97.06683349609375
C06 869.967 95.48837280273438
C06 875.002 94.55438995361328
C06 899.999 89.25374603271484
C06 919.999 81.65886688232422
C06 925.012 79.27079772949219
C06 949.965 65.69586181640625
C06 975.002 50.109622955322266
C06 999.976 32.45048522949219
C06 1025.028 15.910876274108887
C06 1050.014 6.479262351989746
C06 1075.002 0.9161446045315847
C06 1099.99 0.09089902601687219
C07 319.994 47.705101013183594
C07 324.969 47.40078353881836
C07 349.982 49.01144027709961
C07 374.975 61.46677780151367
C07 400.019 77.7543716430664
C07 424.965 83.81713104248047
C07 450.035 86.1300277709961
C07 475.003 85.63103485107422
C07 500.018 85.43154907226562
C07 525.002 85.5654296875
C07 550.029 85.9677505493164
C07 575.023 87.6982650756836
C07 599.982 88.7332534790039
C07 619.997 89.90459442138672
C07 624.979 90.02093505859375
C07 650.012 91.18759155273438
C07 675.004 92.48171997070312
C07 700.03 93.69461059570312
C07 725.012 94.77308654785156
C07 750.022 96.4555892944336
C07 774.987 97.72164916992188
C07 799.976 98.45692443847656
C07 824.988 98.64624786376953
C07 850.022 97.37897491455078
C07 869.967 95.90669250488281
C07 875.002 94.99678802490234
C07 899.999 89.6735610961914
C07 919.999 81.9292221069336
C07 925.012 79.48616027832031
C07 949.965 65.80445861816406
C07 975.002 50.273338317871094
C07 999.976 32.67702102661133
C07 1025.028 15.912353515625
C07 1050.014 6.459243297576904
C07 1075.002 0.9189155471569666
C07 1099.99 0.0911739563985499
C10 319.994 47.260677337646484
C10 324.969 47.36159133911133
C10 349.982 50.506160736083984
C10 374.975 63.61324691772461
C10 400.019 78.92518615722656
C10 424.965 83.87142944335938
C10 450.035 85.61360931396484
C10 475.003 85.061279296875
C10 500.018 85.02688598632812
C10 525.002 85.37519073486328
C10 550.029 85.99107360839844
C10 575.023 87.8857192993164
C10 599.982 89.03166198730469
C10 619.997 90.25972747802734
C10 624.979 90.39313507080078
C10 650.012 91.61102294921875
C10 675.004 92.88211822509766
C10 700.03 94.10191345214844
C10 725.012 95.15406036376953
C10 750.022 96.84439086914062
C10 774.987 98.08992004394531
C10 799.976 98.76792907714844
C10 824.988 98.88721466064453
C10 850.022 97.58130645751953
C10 869.967 95.99678039550781
C10 875.002 95.03166961669922
C10 899.999 89.24502563476562
C10 919.999 81.1380386352539
C10 925.012 78.66410827636719
C10 949.965 64.96843719482422
C10 975.002 49.939815521240234
C10 999.976 32.501197814941406
C10 1025.028 15.915407180786133
C10 1050.014 6.5883073806762695
C10 1075.002 0.9226197292492498
C10 1099.99 0.0915414819427841
C11 319.994 47.323646545410156
C11 324.969 47.35816955566406
C11 349.982 50.25922775268555
C11 374.975 63.306297302246094
C11 400.019 78.81228637695312
C11 424.965 83.9549331665039
C11 450.035 85.80268096923828
C11 475.003 85.26160430908203
C11 500.018 85.19915008544922
C11 525.002 85.51667785644531
C11 550.029 86.10352325439453
C11 575.023 87.96192932128906
C11 599.982 89.07927703857422
C11 619.997 90.29096221923828
C11 624.979 90.42022705078125
C11 650.012 91.62120056152344
C11 675.004 92.89510345458984
C11 700.03 94.13905334472656
C11 725.012 95.25640869140625
C11 750.022 97.0401611328125
C11 774.987 98.3791275024414
C11 799.976 99.1034164428711
C11 824.988 99.2336196899414
C11 850.022 97.98379516601562
C11 869.967 96.46062469482422
C11 875.002 95.4875259399414
C11 899.999 89.61457824707031
C11 919.999 81.26376342773438
C11 925.012 78.78045654296875
C11 949.965 65.24894714355469
C11 975.002 50.21049118041992
C11 999.976 32.761634826660156
C11 1025.028 16.073352813720703
C11 1050.014 6.628214359283447
C11 1075.002 0.9244840232230102
C11 1099.99 0.09172645547816892
C12 319.994 47.37583541870117
C12 324.969 47.34513854980469
C12 349.982 49.9947509765625
C12 374.975 62.93321990966797
C12 400.019 78.60041046142578
C12 424.965 83.92823028564453
C12 450.035 85.8666000366211
C12 475.003 85.3399887084961
C12 500.018 85.254150390625
C12 525.002 85.54302978515625
C12 550.029 86.10386657714844
C12 575.023 87.9303207397461
C12 599.982 89.01659393310547
C12 619.997 90.21065521240234
C12 624.979 90.3387451171875
C12 650.012 91.52618408203125
C12 675.004 92.79621887207031
C12 700.03 94.04679107666016
C12 725.012 95.18771362304688
C12 750.022 96.99658203125
C12 774.987 98.37117767333984
C12 799.976 99.12020874023438
C12 824.988 99.26864624023438
C12 850.022 98.03809356689453
C12 869.967 96.53148651123047
C12 875.002 95.55052185058594
C12 899.999 89.67290496826172
C12 919.999 81.30321502685547
C12 925.012 78.82439422607422
C12 949.965 65.3339614868164
C12 975.002 50.2926025390625
C12 999.976 32.834346771240234
C12 1025.028 16.146177291870117
C12 1050.014 6.645820617675781
C12 1075.002 0.9240685757269599
C12 1099.99 0.09168523515927458
C13 319.994 47.53549575805664
C13 324.969 47.434539794921875
C13 349.982 49.82169723510742
C13 374.975 62.655433654785156
C13 400.019 78.48986053466797
C13 424.965 84.0103988647461
C13 450.035 86.0677719116211
C13 475.003 85.58588409423828
C13 500.018 85.49715423583984
C13 525.002 85.7474594116211
C13 550.029 86.2425537109375
C13 575.023 88.000732421875
C13 599.982 89.0418472290039
C13 619.997 90.21070861816406
C13 624.979 90.3331069946289
C13 650.012 91.50466918945312
C13 675.004 92.7721176147461
C13 700.03 94.0225601196289
C13 725.012 95.16089630126953
C13 750.022 96.96843719482422
C13 774.987 98.34557342529297
C13 799.976 99.09986877441406
C13 824.988 99.26412200927734
C13 850.022 98.03395080566406
C13 869.967 96.5261459350586
C13 875.002 95.55062103271484
C13 899.999 89.68705749511719
C13 919.999 81.30787658691406
C13 925.012 78.82394409179688
C13 949.965 65.31021881103516
C13 975.002 50.25677490234375
C13 999.976 32.806339263916016
C13 1025.028 16.147947311401367
C13 1050.014 6.643983840942383
C13 1075.002 0.9238004317166044
C13 1099.99 0.09165863015690595
C14 319.994 47.6026725769043
C14 324.969 47.44259262084961
C14 349.982 49.612972259521484
C14 374.975 62.35255813598633
C14 400.019 78.32715606689453
C14 424.965 84.00615692138672
C14 450.035 86.13275909423828
C14 475.003 85.63805389404297
C14 500.018 85.5142593383789
C14 525.002 85.73844146728516
C14 550.029 86.21217346191406
C14 575.023 87.97068786621094
C14 599.982 89.00880432128906
C14 619.997 90.17677307128906
C14 624.979 90.29749298095703
C14 650.012 91.46806335449219
C14 675.004 92.7359848022461
C14 700.03 93.97639465332031
C14 725.012 95.09927368164062
C14 750.022 96.88089752197266
C14 774.987 98.23228454589844
C14 799.976 98.98601531982422
C14 824.988 99.16268157958984
C14 850.022 97.93438720703125
C14 869.967 96.43000793457031
C14 875.002 95.45454406738281
C14 899.999 89.60253143310547
C14 919.999 81.2525634765625
C14 925.012 78.78620910644531
C14 949.965 65.25043487548828
C14 975.002 50.1722526550293
C14 999.976 32.7628059387207
C14 1025.028 16.133426666259766
C14 1050.014 6.643167972564697
C14 1075.002 0.9229666658405465
C14 1099.99 0.09157590467264846
C15 319.994 47.7486572265625
C15 324.969 47.529022216796875
C15 349.982 49.467166900634766
C15 374.975 62.10675048828125
C15 400.019 78.21504211425781
C15 424.965 84.07093811035156
C15 450.035 86.30855560302734
C15 475.003 85.86675262451172
C15 500.018 85.74272155761719
C15 525.002 85.9324951171875
C15 550.029 86.37097930908203
C15 575.023 88.07727813720703
C15 599.982 89.06961822509766
C15 619.997 90.21031951904297
C15 624.979 90.32634735107422
C15 650.012 91.47685241699219
C15 675.004 92.73877716064453
C15 700.03 93.96839141845703
C15 725.012 95.06565856933594
C15 750.022 96.81719207763672
C15 774.987 98.14369201660156
C15 799.976 98.89704895019531
C15 824.988 99.09965515136719
C15 850.022 97.8976058959961
C15 869.967 96.39680480957031
C15 875.002 95.43153381347656
C15 899.999 89.5761947631836
C15 919.999 81.27896881103516
C15 925.012 78.84980773925781
C15 949.965 65.25020599365234
C15 975.002 50.15827560424805
C15 999.976 32.77944564819336
C15 1025.028 16.148914337158203
C15 1050.014 6.6706719398498535
C15 1075.002 0.9223599759208573
C15 1099.99 0.09151570945617146
C16 319.994 47.76185607910156
C16 324.969 47.482933044433594
C16 349.982 49.18710708618164
C16 374.975 61.68291091918945
C16 400.019 77.85388946533203
C16 424.965 83.83832550048828
C16 450.035 86.16056823730469
C16 475.003 85.7560043334961
C16 500.018 85.62415313720703
C16 525.002 85.77442169189453
C16 550.029 86.15471649169922
C16 575.023 87.81487274169922
C16 599.982 88.77713012695312
C16 619.997 89.90219116210938
C16 624.979 90.01705169677734
C16 650.012 91.1514663696289
C16 675.004 92.4036636352539
C16 700.03 93.62147521972656
C16 725.012 94.6924819946289
C16 750.022 96.41362762451172
C16 774.987 97.70921325683594
C16 799.976 98.45542907714844
C16 824.988 98.68196105957031
C16 850.022 97.51646423339844
C16 869.967 96.03756713867188
C16 875.002 95.07908630371094
C16 899.999 89.2217788696289
C16 919.999 80.99768829345703
C16 925.012 78.58708190917969
C16 949.965 64.9706039428711
C16 975.002 49.975852966308594
C16 999.976 32.5973014831543
C16 1025.028 16.086942672729492
C16 1050.014 6.720212936401367
C16 1075.002 0.9185154996027619
C16 1099.99 0.09113426404773785
C17 319.994 47.8274040222168
C17 324.969 47.499027252197266
C17 349.982 49.0257453918457
C17 374.975 61.45033264160156
C17 400.019 77.78935241699219
C17 424.965 83.93385314941406
C17 450.035 86.30590057373047
C17 475.003 85.88165283203125
C17 500.018 85.72917175292969
C17 525.002 85.83734893798828
C17 550.029 86.19357299804688
C17 575.023 87.8652572631836
C17 599.982 88.85404968261719
C17 619.997 89.99346923828125
C17 624.979 90.1109848022461
C17 650.012 91.2710952758789
C17 675.004 92.53534698486328
C17 700.03 93.7547607421875
C17 725.012 94.82029724121094
C17 750.022 96.5171890258789
C17 774.987 97.79058074951172
C17 799.976 98.5440444946289
C17 824.988 98.78050231933594
C17 850.022 97.6263198852539
C17 869.967 96.1349868774414
C17 875.002 95.16419982910156
C17 899.999 89.23902130126953
C17 919.999 81.02896881103516
C17 925.012 78.58744812011719
C17 949.965 65.02278900146484
C17 975.002 50.086246490478516
C17 999.976 32.53131866455078
C17 1025.028 16.121198654174805
C17 1050.014 6.776739120483398
C17 1075.002 0.9195023201202046
C17 1099.99 0.09123217547290513
