lsstCam/transmission_filter_detector/r33_s11/i_39/19700101T000000.ecsv
# %ECSV 1.0
# ---
# datatype:
# - {name: wavelength, unit: nm, datatype: float32}
# - {name: efficiency, unit: '%', datatype: float64}
# meta: !!omap
# - {MODE: DETECTOR}
# - {TYPE: transmission_filter_detector}
# - {CALIBDATE: '1970-01-01T00:00:00'}
# - {INSTRUME: LSSTCam}
# - {OBSTYPE: transmission_filter_detector}
# - {CALIBCLS: lsst.ip.isr.IntermediateFilterDetectorTransmissionCurve}
# - {SOURCE: Materion (DM-46256)}
# - {DETECTOR: 148}
# - {FILTER: i_39}
# - {CALIB_ID: 'calibDate=1970-01-01T00:00:00 filter=i_39 detector=148'}
# - {DATE: '2025-04-02T15:59:47.164694'}
# - {CALIB_CREATION_DATE: '2025-04-02'}
# - {CALIB_CREATION_TIME: '15:59:47'}
# - __serialized_columns__:
#     efficiency:
#       __class__: astropy.units.quantity.Quantity
#       unit: !astropy.units.Unit {unit: '%'}
#       value: !astropy.table.SerializedColumn {name: efficiency}
#     wavelength:
#       __class__: astropy.units.quantity.Quantity
#       unit: !astropy.units.Unit {unit: nm}
#       value: !astropy.table.SerializedColumn {name: wavelength}
# schema: astropy-2.0
wavelength efficiency
[from data line 597]
897.0 1.968760869885955e-05
898.0 4.5388043190541794e-05
899.0 1.369496231973244e-05
900.0 1.5954307102869492e-10
901.0 1.5954307102869492e-10
902.0 1.5954307102869492e-10
903.0 1.5954307102869492e-10
904.0 1.5954307102869492e-10
905.0 1.5954307102869492e-10
906.0 1.5954307102869492e-10
907.0 1.5954307102869492e-10
908.0 1.5954307102869492e-10
909.0 1.5954307102869492e-10
910.0 1.5954307102869492e-10
911.0 1.5954307102869492e-10
912.0 1.5954307102869492e-10
913.0 1.5954307102869492e-10
914.0 1.5954307102869492e-10
915.0 1.5954307102869492e-10
916.0 1.5954307102869492e-10
917.0 1.5954307102869492e-10
918.0 1.5954307102869492e-10
919.0 1.5954307102869492e-10
920.0 3.771802781216138e-06
921.0 1.5954307102869492e-10
922.0 1.5954307102869492e-10
923.0 1.5954307102869492e-10
924.0 6.594370347556833e-05
925.0 3.8591682027799834e-05
926.0 1.1239684027941621e-05
927.0 1.5954307102869492e-10
928.0 1.5954307102869492e-10
929.0 1.5954307102869492e-10
930.0 1.5954307102869492e-10
931.0 1.5954307102869492e-10
932.0 1.5954307102869492e-10
933.0 1.5954307102869492e-10
934.0 1.5954307102869492e-10
935.0 1.5954307102869492e-10
936.0 1.5954307102869492e-10
937.0 1.5954307102869492e-10
938.0 5.282096253722557e-05
939.0 1.5954307102869492e-10
940.0 1.5954307102869492e-10
941.0 1.5954307102869492e-10
942.0 0.00010655253390723374
943.0 0.00019307053662487306
944.0 0.0002795885393425124
945.0 4.882204507339338e-05
946.0 1.5954307102869492e-10
947.0 0.00018499557654649834
948.0 0.0005519355909200385
949.0 0.0002815241714415606
950.0 1.111276901610836e-05
951.0 2.2604915272950166e-05
952.0 3.409702173939877e-05
953.0 1.5954307102869492e-10
954.0 1.5954307102869492e-10
955.0 1.5954307102869492e-10
956.0 1.5954307102869492e-10
957.0 1.0350413504056633e-05
958.0 5.719954856431286e-05
959.0 7.359120104410977e-05
960.0 8.998288762995799e-05
961.0 7.412250511151797e-05
962.0 5.826214533044549e-05
963.0 0.00015521803788942634
964.0 0.00025217398160748417
965.0 8.187143976101652e-05
966.0 1.5954307102869492e-10
967.0 1.5954307102869492e-10
968.0 1.5954307102869492e-10
969.0 1.5954307102869492e-10
970.0 1.5954307102869492e-10
971.0 1.5954307102869492e-10
972.0 7.30314582142455e-05
973.0 8.74430327257869e-05
974.0 0.00010185461860601208
975.0 0.00011310604577374761
976.0 0.00012435747294148314
977.0 8.018617450034071e-05
978.0 3.601485900617263e-05
979.0 3.99359663560972e-05
980.0 4.3857036757799506e-05
981.0 1.5954307102869492e-10
982.0 1.5954307102869492e-10
983.0 1.5954307102869492e-10
984.0 1.5954307102869492e-10
985.0 1.5954307102869492e-10
986.0 5.184007818570535e-05
987.0 1.5954307102869492e-10
988.0 1.5954307102869492e-10
989.0 1.5954307102869492e-10
990.0 1.5954307102869492e-10
991.0 0.00011094258525190526
992.0 0.00022744927719031693
993.0 0.00019059190208281507
994.0 0.00015373454971268075
995.0 0.0001661943656472431
996.0 0.0001786541702131217
997.0 0.0002091104761348106
998.0 0.0002395667479504482
999.0 0.00016621448821751983
1000.0 9.286216595683072e-05
1001.0 0.0002242594291601563
1002.0 0.00035565665257308865
1003.0 0.0002978060138048022
1004.0 0.0002399553977738833
1005.0 0.00023019351829134393
1006.0 0.00022043163880880456
1007.0 0.00014838494735158747
1008.0 7.633825589437038e-05
1009.0 0.00021135938368388452
1010.0 0.0003463804205239285
1011.0 0.0002899611672546598
1012.0 0.00023354195946012624
1013.0 0.00023396282813337166
1014.0 0.00023438374228135217
1015.0 0.0001501488554822572
1016.0 6.591401984223921e-05
1017.0 0.00014155838243823382
1018.0 0.00021720275071857031
1019.0 3.8698726712027565e-05
1020.0 1.5954307102869492e-10
1021.0 5.064703856305641e-06
1022.0 0.00014993472632340854
1023.0 7.539934472333698e-05
1024.0 8.639705839641465e-07
1025.0 9.684911219665082e-05
1026.0 0.00019283431811345508
1027.0 0.0004536495453066891
1028.0 0.0007144646588130854
1029.0 0.000998260384221794
1030.0 0.0012820561096305028
1031.0 0.0017323925931123085
1032.0 0.0021827287127962336
1033.0 0.0023853972379583865
1034.0 0.0025880657631205395
1035.0 0.0028626402126974426
1036.0 0.0031372146622743458
1037.0 0.003185111563652754
1038.0 0.003233008465031162
1039.0 0.0029493015972548164
1040.0 0.0026655949113774113
1041.0 0.0025802319214562885
1042.0 0.002494869113434106
1043.0 0.0028482698326115496
1044.0 0.003201670915586874
1045.0 0.0032846637623151764
1046.0 0.0033676573366392404
1047.0 0.0033539923606440425
1048.0 0.0033403277484467253
1049.0 0.002845495691872202
1050.0 0.0023506638171966188
1051.0 0.0020800920538022183
1052.0 0.0018095202904078178
1053.0 0.0015866209650994278
1054.0 0.0013637216397910379
1055.0 0.0008755763701628894
1056.0 0.00038743105506000575
1057.0 0.0007567249213025207
1058.0 0.0011260189239692409
1059.0 0.0011256228390266187
1060.0 0.0011252270269324072
1061.0 0.001138641619036207
1062.0 0.0011520563930389471
1063.0 0.0018733611796051264
1064.0 0.0025946657842723653
1065.0 0.002821552880050149
1066.0 0.0030484399758279324
1067.0 0.003742341141332872
1068.0 0.004436242670635693
1069.0 0.004177916707703844
1070.0 0.003919590744771995
1071.0 0.0039378690416924655
1072.0 0.0039561473386129364
1073.0 0.003294095949968323
1074.0 0.0026320443794247694
1075.0 0.0028736812964780256
1076.0 0.003115318395430222
1077.0 0.0034363452869001776
1078.0 0.003757372178370133
1079.0 0.0035883225791621953
1080.0 0.0034192729799542576
1081.0 0.002530996971472632
1082.0 0.001642721144889947
1083.0 0.0014703002307214774
1084.0 0.001297879407502478
1085.0 0.0007386617653537542
1086.0 0.00017944428236660315
1087.0 0.0010692193427530583
1088.0 0.0019589946532505564
1089.0 0.0006678739737253636
1090.0 1.5954307102869492e-10
1091.0 1.5954307102869492e-10
1092.0 0.0002800024276439217
1093.0 1.5954307102869492e-10
1094.0 1.5954307102869492e-10
1095.0 1.5954307102869492e-10
1096.0 1.5954307102869492e-10
1097.0 1.5954307102869492e-10
1098.0 1.5954307102869492e-10
1099.0 0.00039631322579225525
1100.0 0.0016355357729480602
