lsstCam/transmission_filter_detector/r33_s11/i_39/19700101T000000.ecsv
# %ECSV 1.0
# ---
# datatype:
# - {name: wavelength, unit: nm, datatype: float32}
# - {name: efficiency, unit: '%', datatype: float64}
# meta: !!omap
# - {MODE: DETECTOR}
# - {TYPE: transmission_filter_detector}
# - {CALIBDATE: '1970-01-01T00:00:00'}
# - {INSTRUME: LSSTCam}
# - {OBSTYPE: transmission_filter_detector}
# - {CALIBCLS: lsst.ip.isr.IntermediateFilterDetectorTransmissionCurve}
# - {SOURCE: Materion (DM-46256)}
# - {DETECTOR: 148}
# - {FILTER: i_39}
# - {CALIB_ID: 'calibDate=1970-01-01T00:00:00 filter=i_39 detector=148'}
# - {DATE: '2025-04-02T15:59:47.164694'}
# - {CALIB_CREATION_DATE: '2025-04-02'}
# - {CALIB_CREATION_TIME: '15:59:47'}
# - __serialized_columns__:
#     efficiency:
#       __class__: astropy.units.quantity.Quantity
#       unit: !astropy.units.Unit {unit: '%'}
#       value: !astropy.table.SerializedColumn {name: efficiency}
#     wavelength:
#       __class__: astropy.units.quantity.Quantity
#       unit: !astropy.units.Unit {unit: nm}
#       value: !astropy.table.SerializedColumn {name: wavelength}
# schema: astropy-2.0
wavelength efficiency
300.0 1.5954307102869492e-10
301.0 1.5954307102869492e-10
302.0 0.0157745904289186
303.0 0.010097167978528887
304.0 0.004419746619532816
305.0 0.014015457418281585
306.0 0.02361117221880704
307.0 0.017502039554528892
308.0 0.01139290543505922
309.0 0.011359632480889559
310.0 0.01132636098191142
311.0 0.0030618870368925855
312.0 1.5954307102869492e-10
313.0 1.5954307102869492e-10
314.0 1.5954307102869492e-10
315.0 1.5954307102869492e-10
316.0 1.5954307102869492e-10
317.0 1.5954307102869492e-10
318.0 1.5954307102869492e-10
319.0 0.002152343404304702
320.0 0.006134434079285711
321.0 0.0014655638551630545
322.0 1.5954307102869492e-10
323.0 1.5954307102869492e-10
324.0 0.001741394225973636
325.0 0.0011812954653578345
326.0 0.0006211975232872646
327.0 1.5954307102869492e-10
328.0 1.5954307102869492e-10
329.0 0.0018918834030046128
330.0 0.004931741932523437
331.0 0.004714274109574035
332.0 0.004496805195230991
333.0 0.002523676994314883
334.0 0.0005505494300450664
335.0 0.00022114488729130244
336.0 1.5954307102869492e-10
337.0 0.000964489663601853
338.0 0.0020372395738377236
339.0 0.0006341927019093418
340.0 1.5954307102869492e-10
341.0 1.5954307102869492e-10
342.0 1.5954307102869492e-10
343.0 1.5954307102869492e-10
344.0 1.5954307102869492e-10
345.0 1.5954307102869492e-10
346.0 5.920236390011269e-05
347.0 1.5954307102869492e-10
348.0 1.5954307102869492e-10
349.0 0.00028229449071659474
350.0 0.0007996341992111411
351.0 1.5954307102869492e-10
352.0 1.5954307102869492e-10
353.0 1.5954307102869492e-10
354.0 1.5954307102869492e-10
355.0 0.0007578103577543516
356.0 0.001594764762558043
357.0 0.0005124790732224938
358.0 1.5954307102869492e-10
359.0 1.5954307102869492e-10
360.0 1.5954307102869492e-10
361.0 1.5954307102869492e-10
362.0 1.5954307102869492e-10
363.0 1.5954307102869492e-10
364.0 1.5954307102869492e-10
365.0 1.5954307102869492e-10
366.0 0.00032040500173025066
367.0 0.0004350908966443967
368.0 0.0005497766323969699
369.0 4.254674195180996e-05
370.0 1.5954307102869492e-10
371.0 1.5954307102869492e-10
372.0 1.5954307102869492e-10
373.0 1.5954307102869492e-10
374.0 1.5954307102869492e-10
375.0 8.701351248419087e-05
376.0 0.0004811660346604185
377.0 0.0007149887551349821
378.0 0.0009488115210842807
379.0 0.0009255374607164413
380.0 0.0009022631275001913
381.0 0.00036738263133884175
382.0 1.5954307102869492e-10
383.0 1.5954307102869492e-10
384.0 1.5954307102869492e-10
385.0 4.038435861275502e-05
386.0 0.0003522075985529227
387.0 0.00022312397049972787
388.0 9.404005254509684e-05
389.0 1.5954307102869492e-10
390.0 1.5954307102869492e-10
391.0 1.5954307102869492e-10
392.0 1.5954307102869492e-10
393.0 1.5954307102869492e-10
394.0 0.0002323254420844023
395.0 0.000676888430461986
396.0 0.0011214516234758776
397.0 0.0009257890269509517
398.0 0.0007301263849512907
399.0 0.001178359343612101
400.0 0.0016265923477476463
401.0 0.0031375937396660447
402.0 0.0046485947677865624
403.0 0.004248074765200727
404.0 0.0038475543988170102
405.0 0.002945359119621571
406.0 0.0020431645680218935
407.0 0.0035527977161109447
408.0 0.005062430500402115
409.0 0.005231399336480536
410.0 0.005400367444963194
411.0 0.004844783688895404
412.0 0.0042891995690297335
413.0 0.004451391578186303
414.0 0.004613582859747112
415.0 0.0036026929592480883
416.0 0.002591803240648005
417.0 0.0036269590054871514
418.0 0.004662114224629477
419.0 0.003875359470839612
420.0 0.0030886036256561056
421.0 0.0037266709114192054
422.0 0.0043647378333844244
423.0 0.004483082739170641
424.0 0.004601427644956857
425.0 0.004627951420843601
426.0 0.004654475924326107
427.0 0.005191236414248124
428.0 0.005727997267968021
429.0 0.004715712202596478
430.0 0.003703427137224935
431.0 0.0037900073948549107
432.0 0.0038765876524848863
433.0 0.0025885181457852013
434.0 0.0013004488209844567
435.0 0.0014058493434276897
436.0 0.001511249956820393
437.0 0.0013305634638527408
438.0 0.0011498769708850887
439.0 0.001351430455542868
440.0 0.0015529840311501175
441.0 0.001247156524186721
442.0 0.000941329199122265
443.0 0.002150615182472393
444.0 0.003359901165822521
445.0 0.0013953975212643854
446.0 1.5954307102869492e-10
447.0 1.5954307102869492e-10
448.0 0.00030481826343020657
449.0 0.00048520528252993245
450.0 0.0006655922788922908
451.0 0.0008989935849967878
452.0 0.0011323950275254901
453.0 0.0010133680007129442
454.0 0.0008943409739003982
455.0 0.0011433445251896046
456.0 0.0013923482583777513
457.0 0.0010202162229688838
458.0 0.0006480842330347514
459.0 0.00039080905480659567
460.0 0.0001335338197350211
461.0 0.00012237566124895238
462.0 0.00011121760508103762
463.0 0.00032495393043063814
464.0 0.0005386902557802387
465.0 0.0004371335307951085
466.0 0.000335577124133124
467.0 0.00042398842197144404
468.0 0.0005123996288602939
469.0 0.0006619377018068917
470.0 0.0008114758202282246
471.0 0.0005642335509037366
472.0 0.0003169915771650267
473.0 0.0006052624939911766
474.0 0.0008935333426052239
475.0 0.00048336801228288095
476.0 7.320264217014483e-05
477.0 0.00036564606489264406
478.0 0.0006580894478247501
479.0 0.0013389908417593688
480.0 0.002019892417592928
481.0 0.0022146054106997326
482.0 0.0024093185857054777
483.0 0.003657626803033054
484.0 0.004905934474663809
485.0 0.006324158312054351
486.0 0.00774238069425337
487.0 0.010066867980640382
488.0 0.012391354539431632
489.0 0.015159434406086802
490.0 0.017927515727933496
491.0 0.020707167277578264
492.0 0.023486820282414556
493.0 0.025148672284558415
494.0 0.02681052137631923
495.0 0.024727213894948363
496.0 0.022643904958385974
497.0 0.0189868631423451
498.0 0.01532982278149575
499.0 0.010883017966989428
500.0 0.006436216062866151
501.0 0.004409264511195943
502.0 0.0023823122319299728
503.0 0.002162244163628202
504.0 0.001942176095326431
505.0 0.0019486888049868867
506.0 0.001955201332748402
507.0 0.0018456325051374733
508.0 0.0017360638594254851
509.0 0.001934255487867631
510.0 0.0021324469344108365
511.0 0.0017961248886422254
512.0 0.0014598029338230845
513.0 0.0017488915545982309
514.0 0.002037980448221788
515.0 0.002394824696239084
516.0 0.00275166894425638
517.0 0.002633153781061992
518.0 0.002514638617867604
519.0 0.0022720807464793324
520.0 0.0020295232388889417
521.0 0.001869034895207733
522.0 0.0017085469153244048
523.0 0.0017547692550579086
524.0 0.0018009915947914124
525.0 0.0019255914594396017
526.0 0.0020501915059867315
527.0 0.002451312502671499
528.0 0.002852433499356266
529.0 0.0025287368771387264
530.0 0.0022050402549211867
531.0 0.001957650420081336
532.0 0.0017102611309383065
533.0 0.0015397801689687185
534.0 0.0013692992979486007
535.0 0.0016671550838509575
536.0 0.001965010778803844
537.0 0.002502839379303623
538.0 0.0030406677979044616
539.0 0.003939915040973574
540.0 0.004839162647840567
541.0 0.005194300319999456
542.0 0.005549438719754107
543.0 0.005109227276989259
544.0 0.004669016561820172
545.0 0.003908111102646217
546.0 0.0031472060072701424
547.0 0.0023599159248988144
548.0 0.0015726260244264267
549.0 0.0015572311895084567
550.0 0.001541836536489427
551.0 0.0015716897905804217
552.0 0.0016015430446714163
553.0 0.001668634831730742
554.0 0.001735726800689008
555.0 0.0011852938769152388
556.0 0.00063486122598988
557.0 0.0007014014954620507
558.0 0.0007679416739847511
559.0 0.0007521360203099903
560.0 0.0007363302756857593
561.0 0.0010936409125861246
562.0 0.0014509516404359601
563.0 0.0016148578652064316
564.0 0.0017787639080779627
565.0 0.0015950408851495013
566.0 0.0014113182260189205
567.0 0.0010850407306861598
568.0 0.0007587632808281342
569.0 0.0007628016646776814
570.0 0.0007668401849514339
571.0 0.0006595759259653278
572.0 0.0005523116215044865
573.0 0.0005495012374012731
574.0 0.0005466908078233246
575.0 0.0005285049610392889
576.0 0.0005103190687805181
577.0 0.00043108861973450985
578.0 0.000351858147951134
579.0 0.0004469033228815533
580.0 0.0005419485660240753
581.0 0.00045445358409779146
582.0 0.00036695860217150766
583.0 0.00044871521822642535
584.0 0.0005304717433318729
585.0 0.0005656825578626012
586.0 0.0006008933269185945
587.0 0.00047141816139628645
588.0 0.0003419431095608161
589.0 0.0006772422693757107
590.0 0.001012541451927973
591.0 0.0005935689387115417
592.0 0.00017459647096984554
593.0 0.0004215421085973503
594.0 0.0006684877916995902
595.0 0.0005322007382346783
596.0 0.0003959136392950313
597.0 0.00036657431792264106
598.0 0.00033723497381288325
599.0 0.0003741771479326417
600.0 0.00041111934478976764
601.0 0.00041715852603374515
602.0 0.00042319779822719283
603.0 0.0002992053850903176
604.0 0.00017521300605949364
605.0 0.00024027174276852747
606.0 0.00030533044537151
607.0 0.00039737242332194
608.0 0.0004894143330602674
609.0 0.00043159407141502015
610.0 0.0003737737870324054
611.0 0.00045735941966995597
612.0 0.0005409449840954039
613.0 0.0004280913344700821
614.0 0.0003152376848447602
615.0 0.000247885054704966
616.0 0.00018053240182780428
617.0 0.00024063472210400505
618.0 0.0003007370196428383
619.0 0.00017494971871201415
620.0 4.916244051855756e-05
621.0 8.755019962336519e-05
622.0 0.00012593798146554036
623.0 0.000220291553887364
624.0 0.00031464510357182007
625.0 0.00029105683552188566
626.0 0.0002674685902093188
627.0 0.00032330569865735015
628.0 0.0003791428525801166
629.0 0.00035291163840156514
630.0 0.00032668040148564614
631.0 0.0003383848252269672
632.0 0.00035008902159461286
633.0 0.00038205948840186466
634.0 0.00041402990973438136
635.0 0.000452884614787763
636.0 0.0004917393653158797
637.0 0.00042738611227832735
638.0 0.00036303272281656973
639.0 0.00041696262087498326
640.0 0.00047089270083233714
641.0 0.0006388043402694166
642.0 0.000806715979706496
643.0 0.0007125111551431473
644.0 0.0006183061486808583
645.0 0.0006766977548977593
646.0 0.0007350894065893954
647.0 0.0007456115781678818
648.0 0.0007561335678474279
649.0 0.0007455227660102537
650.0 0.0007349119186983444
651.0 0.0007640403964614961
652.0 0.0007931686013762373
653.0 0.0007703194569330662
654.0 0.0007474702670151601
655.0 0.0011668369552353397
656.0 0.001586203507031314
657.0 0.002590346230135765
658.0 0.003594488589442335
659.0 0.005900647374801338
660.0 0.04303754249121994
661.0 0.10438767494633794
662.0 0.11010959278792143
663.0 0.08497449452988803
664.0 0.13141869567334652
665.0 0.14283767668530345
666.0 0.15297550708055496
667.0 0.17208558274433017
668.0 0.2428032224997878
669.0 0.28175513725727797
670.0 0.39489842019975185
671.0 0.631970725953579
672.0 1.0346081107854843
673.0 1.628274843096733
674.0 2.410004660487175
675.0 3.369726240634918
676.0 4.467840865254402
677.0 5.807122588157654
678.0 7.142256945371628
679.0 8.708401024341583
680.0 10.717911273241043
681.0 12.860572338104248
682.0 15.414533019065857
683.0 18.207918107509613
684.0 21.177221834659576
685.0 24.133040010929108
686.0 27.105891704559326
687.0 30.421143770217896
688.0 33.750542998313904
689.0 37.246882915496826
690.0 41.27333462238312
691.0 45.6710010766983
692.0 50.804150104522705
693.0 56.21216297149658
694.0 62.23788857460022
695.0 67.9156243801117
696.0 74.09422993659973
697.0 79.52111959457397
698.0 85.03867387771606
699.0 89.23839926719666
700.0 92.3136055469513
701.0 94.68935132026672
702.0 96.23222947120667
703.0 97.11454510688782
704.0 97.32581377029419
705.0 97.77272939682007
706.0 97.67574667930603
707.0 97.83325791358948
708.0 97.86061644554138
709.0 97.9022204875946
710.0 97.6983904838562
711.0 97.938472032547
712.0 97.87461161613464
713.0 97.96093702316284
714.0 98.01990985870361
715.0 98.16356897354126
716.0 97.9132354259491
717.0 98.09276461601257
718.0 98.14453125
719.0 98.06110858917236
720.0 98.3289122581482
721.0 98.15318584442139
722.0 97.87636399269104
723.0 97.68229126930237
724.0 97.32824563980103
725.0 97.0774233341217
726.0 96.88305854797363
727.0 96.64106369018555
728.0 96.39268517494202
729.0 96.26109600067139
730.0 96.33041620254517
731.0 96.42829895019531
732.0 96.43577933311462
733.0 96.71411514282227
734.0 97.08166122436523
735.0 97.22986817359924
736.0 97.57848381996155
737.0 97.99569845199585
738.0 98.19937944412231
739.0 98.64180088043213
740.0 98.66291284561157
741.0 98.52822422981262
742.0 98.87306094169617
743.0 98.77848029136658
744.0 98.51318597793579
745.0 98.53842258453369
746.0 98.46993684768677
747.0 98.70859384536743
748.0 98.63314628601074
749.0 98.44084978103638
750.0 98.49374890327454
751.0 98.44381213188171
752.0 98.29744100570679
753.0 98.48260283470154
754.0 98.44640493392944
755.0 98.49519729614258
756.0 98.5732913017273
757.0 98.52942228317261
758.0 98.70069622993469
759.0 98.70219826698303
760.0 98.60782027244568
761.0 98.53020906448364
762.0 98.64506125450134
763.0 98.61823320388794
764.0 98.54075312614441
765.0 98.422110080719
766.0 98.47743511199951
767.0 98.25853109359741
768.0 98.2897698879242
769.0 98.24735522270203
770.0 97.94882535934448
771.0 98.05272221565247
772.0 97.9898452758789
773.0 97.88241386413574
774.0 97.69718647003174
775.0 97.78835773468018
776.0 97.71201014518738
777.0 97.87183403968811
778.0 97.84721732139587
779.0 97.99008965492249
780.0 97.91343212127686
781.0 98.33905696868896
782.0 98.21247458457947
783.0 98.30734729766846
784.0 98.31364154815674
785.0 98.4014093875885
786.0 98.60433340072632
787.0 98.3170211315155
788.0 98.3354389667511
789.0 98.42919111251831
790.0 98.32428097724915
791.0 98.43748211860657
792.0 98.24767112731934
793.0 98.17332625389099
794.0 98.04162979125977
795.0 97.91735410690308
796.0 97.89449572563171
797.0 97.98941016197205
798.0 97.80094623565674
799.0 97.73352146148682
800.0 97.49738574028015
801.0 97.57407903671265
802.0 97.38144278526306
803.0 97.07980155944824
804.0 96.70933485031128
805.0 96.01917862892151
806.0 95.29633522033691
807.0 94.2289412021637
808.0 92.73272156715393
809.0 91.06828570365906
810.0 89.22854661941528
811.0 86.82000041007996
812.0 83.97073745727539
813.0 80.76616525650024
814.0 77.09180116653442
815.0 73.02570343017578
816.0 68.87648105621338
817.0 64.2251193523407
818.0 59.30103063583374
819.0 55.1016628742218
820.0 50.28793811798096
821.0 45.834916830062866
822.0 41.40340983867645
823.0 36.82478964328766
824.0 32.15072751045227
825.0 27.944353222846985
826.0 23.556478321552277
827.0 19.046883285045624
828.0 15.04296213388443
829.0 11.328327655792236
830.0 7.871678471565247
831.0 5.454514920711517
832.0 3.390749543905258
833.0 2.030446380376816
834.0 1.208669412881136
835.0 0.6986974272876978
836.0 0.40544415824115276
837.0 0.25186657439917326
838.0 0.11458566877990961
839.0 0.10785205522552133
840.0 0.062556192278862
841.0 1.5954307102869492e-10
842.0 1.5954307102869492e-10
843.0 1.5954307102869492e-10
844.0 0.018540825112722814
845.0 0.003344712604302913
846.0 1.5954307102869492e-10
847.0 1.5954307102869492e-10
848.0 1.5954307102869492e-10
849.0 1.5954307102869492e-10
850.0 0.003342347190482542
851.0 0.0023896569473436102
852.0 0.0035993904020870104
853.0 0.0018642695067683235
854.0 0.00012914872513647424
855.0 0.0002696369620025507
856.0 0.00041012522160599474
857.0 0.0004888425337412627
858.0 0.0005675599368260009
859.0 0.00022844039904157398
860.0 1.5954307102869492e-10
861.0 1.5954307102869492e-10
862.0 1.5954307102869492e-10
863.0 1.5954307102869492e-10
864.0 1.5954307102869492e-10
865.0 1.6255086165983812e-05
866.0 0.00011147200211780728
867.0 1.5954307102869492e-10
868.0 1.5954307102869492e-10
869.0 7.129028176677821e-05
870.0 0.0002834002316376427
871.0 0.0002491499799361918
872.0 0.00021489966002263827
873.0 0.0001016727992464439
874.0 1.5954307102869492e-10
875.0 1.5954307102869492e-10
876.0 1.5954307102869492e-10
877.0 1.5954307102869492e-10
878.0 3.491903157737397e-05
879.0 4.368909287677525e-05
880.0 5.2459182597885956e-05
881.0 4.912672011414543e-05
882.0 4.5794271841259615e-05
883.0 1.5954307102869492e-10
884.0 1.5954307102869492e-10
885.0 1.5954307102869492e-10
886.0 0.00016404422922278172
887.0 1.913345926141119e-05
888.0 1.5954307102869492e-10
889.0 2.341844975717322e-05
890.0 0.00017261421589864767
891.0 6.1044931953802e-05
892.0 1.5954307102869492e-10
893.0 3.6697251459827385e-06
894.0 5.786376959804329e-05
895.0 2.5925453428499168e-05
