ts8/qe_curves/rtm-023_s22/19700101T000000.ecsv
# %ECSV 0.9
# ---
# datatype:
# - {name: amp_name, datatype: string}
# - {name: wavelength, unit: nm, datatype: float32}
# - {name: efficiency, unit: '%', datatype: float32}
# meta: !!omap
# - {MODE: AMP}
# - {TYPE: QE}
# - {CALIBDATE: '1970-01-01T00:00:00'}
# - {INSTRUME: TS8}
# - {OBSTYPE: qe_curves}
# - {DETECTOR: 107}
# - {PICKLEFILE: RaftRun10517.p}
# - {CALIB_ID: 'raftName=RTM-023 detectorName=S22 detector=107 calibDate=1970-01-01T00:00:00 ccd=107 ccdnum=107 filter=None'}
# - {DATE: '2019-11-26T21:24:01.470607'}
# - {CALIB_CREATION_DATE: '2019-11-26'}
# - {CALIB_CREATION_TIME: '21:24:01'}
# - __serialized_columns__:
#     efficiency:
#       __class__: astropy.units.quantity.Quantity
#       unit: !astropy.units.Unit {unit: '%'}
#       value: !astropy.table.SerializedColumn {name: efficiency}
#     wavelength:
#       __class__: astropy.units.quantity.Quantity
#       unit: !astropy.units.Unit {unit: nm}
#       value: !astropy.table.SerializedColumn {name: wavelength}
# schema: astropy-2.0
amp_name wavelength efficiency
C16 319.994 59.77669
C16 324.969 62.68552
C16 349.982 74.24623
C16 374.975 80.4269
C16 400.019 84.90354
C16 424.965 83.94783
C16 450.035 83.56656
C16 475.003 84.1619
C16 500.018 85.29503
C16 525.002 86.76292
C16 550.029 88.34974
C16 575.023 90.250114
C16 599.982 92.130585
C16 619.997 92.90505
C16 624.979 93.24262
C16 650.012 94.3889
C16 675.004 95.36135
C16 700.03 95.699486
C16 725.012 96.22139
C16 750.022 97.055916
C16 774.987 97.75367
C16 799.976 97.45021
C16 824.988 96.38111
C16 850.022 95.28408
C16 869.967 92.749794
C16 875.002 91.94317
C16 899.999 85.0466
C16 919.999 77.09993
C16 925.012 74.31369
C16 949.965 60.645905
C16 975.002 49.630203
C16 999.976 29.559996
C16 1025.028 14.4609375
C16 1050.014 5.710322
C16 1075.002 3.1923192
C16 1099.99 2.1787112
C10 319.994 56.94231
C10 324.969 59.785725
C10 349.982 72.18788
C10 374.975 80.62284
C10 400.019 85.512665
C10 424.965 84.37989
C10 450.035 83.70218
C10 475.003 84.01056
C10 500.018 84.84789
C10 525.002 86.0628
C10 550.029 87.45245
C10 575.023 89.248276
C10 599.982 91.080986
C10 619.997 91.861694
C10 624.979 92.20403
C10 650.012 93.38932
C10 675.004 94.43081
C10 700.03 94.88941
C10 725.012 95.59271
C10 750.022 96.646324
C10 774.987 97.54097
C10 799.976 97.38081
C10 824.988 96.376564
C10 850.022 95.39445
C10 869.967 92.94503
C10 875.002 92.1458
C10 899.999 85.087036
C10 919.999 76.78971
C10 925.012 74.01157
C10 949.965 60.872723
C10 975.002 49.922134
C10 999.976 29.588524
C10 1025.028 14.379522
C10 1050.014 5.7004113
C10 1075.002 3.175786
C10 1099.99 2.1704774
C01 319.994 59.606396
C01 324.969 62.524273
C01 349.982 74.22719
C01 374.975 80.56219
C01 400.019 85.01197
C01 424.965 84.02653
C01 450.035 83.61803
C01 475.003 84.196266
C01 500.018 85.29415
C01 525.002 86.72223
C01 550.029 88.27499
C01 575.023 90.15465
C01 599.982 92.0323
C01 619.997 92.80432
C01 624.979 93.14374
C01 650.012 94.293
C01 675.004 95.27926
C01 700.03 95.70107
C01 725.012 96.4467
C01 750.022 97.594666
C01 774.987 98.59658
C01 799.976 98.42553
C01 824.988 97.30588
C01 850.022 96.25125
C01 869.967 93.82954
C01 875.002 93.03996
C01 899.999 86.11921
C01 919.999 77.36698
C01 925.012 74.40942
C01 949.965 60.97387
C01 975.002 50.81542
C01 999.976 30.02782
C01 1025.028 14.716821
C01 1050.014 5.836749
C01 1075.002 3.2732015
C01 1099.99 2.2092767
C13 319.994 58.006046
C13 324.969 60.870564
C13 349.982 72.97328
C13 374.975 80.62145
C13 400.019 85.41904
C13 424.965 84.383026
C13 450.035 83.83579
C13 475.003 84.27468
C13 500.018 85.25285
C13 525.002 86.58642
C13 550.029 88.06554
C13 575.023 89.91263
C13 599.982 91.76415
C13 619.997 92.54025
C13 624.979 92.88033
C13 650.012 94.05661
C13 675.004 95.07095
C13 700.03 95.499146
C13 725.012 96.183174
C13 750.022 97.221275
C13 774.987 98.11477
C13 799.976 97.920654
C13 824.988 96.85288
C13 850.022 95.79447
C13 869.967 93.26943
C13 875.002 92.445076
C13 899.999 85.274
C13 919.999 76.966156
C13 925.012 74.16968
C13 949.965 60.818428
C13 975.002 49.942257
C13 999.976 29.541428
C13 1025.028 14.466122
C13 1050.014 5.7076693
C13 1075.002 3.1745431
C13 1099.99 2.17519
C00 319.994 60.446262
C00 324.969 63.412292
C00 349.982 74.97022
C00 374.975 80.68759
C00 400.019 84.93839
C00 424.965 83.9472
C00 450.035 83.608986
C00 475.003 84.26803
C00 500.018 85.42734
C00 525.002 86.89898
C00 550.029 88.4784
C00 575.023 90.37453
C00 599.982 92.260826
C00 619.997 93.0355
C00 624.979 93.37145
C00 650.012 94.51326
C00 675.004 95.48453
C00 700.03 95.881355
C00 725.012 96.583435
C00 750.022 97.67531
C00 774.987 98.625374
C00 799.976 98.41891
C00 824.988 97.2761
C00 850.022 96.205536
C00 869.967 93.79902
C00 875.002 93.00357
C00 899.999 86.05384
C00 919.999 77.24863
C00 925.012 74.273506
C00 949.965 60.82597
C00 975.002 50.55987
C00 999.976 29.99741
C00 1025.028 14.676476
C00 1050.014 5.7753625
C00 1075.002 3.2360249
C00 1099.99 2.1730611
C15 319.994 58.908905
C15 324.969 61.793064
C15 349.982 73.524315
C15 374.975 80.16563
C15 400.019 84.698715
C15 424.965 83.70514
C15 450.035 83.26208
C15 475.003 83.79897
C15 500.018 84.870514
C15 525.002 86.28546
C15 550.029 87.82759
C15 575.023 89.701126
C15 599.982 91.560905
C15 619.997 92.32934
C15 624.979 92.671036
C15 650.012 93.82148
C15 675.004 94.80199
C15 700.03 95.17216
C15 725.012 95.75032
C15 750.022 96.64786
C15 774.987 97.407196
C15 799.976 97.14291
C15 824.988 96.08471
C15 850.022 95.013626
C15 869.967 92.485535
C15 875.002 91.670876
C15 899.999 84.668434
C15 919.999 76.68219
C15 925.012 73.94546
C15 949.965 60.618168
C15 975.002 49.711273
C15 999.976 29.459202
C15 1025.028 14.425389
C15 1050.014 5.6976466
C15 1075.002 3.1857905
C15 1099.99 2.1763093
C04 319.994 58.027332
C04 324.969 60.901485
C04 349.982 73.09804
C04 374.975 80.751884
C04 400.019 85.47777
C04 424.965 84.396355
C04 450.035 83.81924
C04 475.003 84.23807
C04 500.018 85.18932
C04 525.002 86.50504
C04 550.029 87.97433
C04 575.023 89.80643
C04 599.982 91.66166
C04 619.997 92.43918
C04 624.979 92.78153
C04 650.012 93.95815
C04 675.004 94.9896
C04 700.03 95.48734
C04 725.012 96.37151
C04 750.022 97.67743
C04 774.987 98.82777
C04 799.976 98.74991
C04 824.988 97.665436
C04 850.022 96.64543
C04 869.967 94.176476
C04 875.002 93.36382
C04 899.999 86.2998
C04 919.999 77.55698
C04 925.012 74.63362
C04 949.965 61.44345
C04 975.002 51.084213
C04 999.976 30.08749
C04 1025.028 14.652848
C04 1050.014 5.838444
C04 1075.002 3.2654102
C04 1099.99 2.2309701
C07 319.994 56.34323
C07 324.969 59.143387
C07 349.982 71.5052
C07 374.975 80.230736
C07 400.019 85.29478
C07 424.965 84.23514
C07 450.035 83.589005
C07 475.003 83.911125
C07 500.018 84.74635
C07 525.002 85.94066
C07 550.029 87.296
C07 575.023 89.05738
C07 599.982 90.86815
C07 619.997 91.63966
C07 624.979 91.976395
C07 650.012 93.15121
C07 675.004 94.19364
C07 700.03 94.711784
C07 725.012 95.58777
C07 750.022 96.867424
C07 774.987 97.98076
C07 799.976 97.903175
C07 824.988 96.86258
C07 850.022 95.86298
C07 869.967 93.38512
C07 875.002 92.56204
C07 899.999 85.47924
C07 919.999 76.84675
C07 925.012 73.99181
C07 949.965 61.118664
C07 975.002 50.478207
C07 999.976 29.612694
C07 1025.028 14.450401
C07 1050.014 5.7409043
C07 1075.002 3.2297566
C07 1099.99 2.1928828
C06 319.994 56.748226
C06 324.969 59.566696
C06 349.982 71.899475
C06 374.975 80.404236
C06 400.019 85.41246
C06 424.965 84.34488
C06 450.035 83.70575
C06 475.003 84.03692
C06 500.018 84.90084
C06 525.002 86.14325
C06 550.029 87.56042
C06 575.023 89.35592
C06 599.982 91.198265
C06 619.997 91.979294
C06 624.979 92.31749
C06 650.012 93.50073
C06 675.004 94.547066
C06 700.03 95.07518
C06 725.012 95.983604
C06 750.022 97.321724
C06 774.987 98.49332
C06 799.976 98.432434
C06 824.988 97.36682
C06 850.022 96.37617
C06 869.967 93.921295
C06 875.002 93.10392
C06 899.999 85.99114
C06 919.999 77.25328
C06 925.012 74.368515
C06 949.965 61.35019
C06 975.002 50.791737
C06 999.976 29.848263
C06 1025.028 14.565611
C06 1050.014 5.778423
C06 1075.002 3.2471423
C06 1099.99 2.2032332
C02 319.994 58.892006
C02 324.969 61.784042
C02 349.982 73.64861
C02 374.975 80.45506
C02 400.019 85.00159
C02 424.965 83.98567
C02 450.035 83.5221
C02 475.003 84.04186
C02 500.018 85.08854
C02 525.002 86.47956
C02 550.029 87.99817
C02 575.023 89.85724
C02 599.982 91.72174
C02 619.997 92.49635
C02 624.979 92.8345
C02 650.012 93.98759
C02 675.004 94.98748
C02 700.03 95.434166
C02 725.012 96.22937
C02 750.022 97.42571
C02 774.987 98.479675
C02 799.976 98.33858
C02 824.988 97.24025
C02 850.022 96.20721
C02 869.967 93.775635
C02 875.002 92.98187
C02 899.999 86.05705
C02 919.999 77.3581
C02 925.012 74.42698
C02 949.965 61.097027
C02 975.002 50.902317
C02 999.976 30.02858
C02 1025.028 14.681314
C02 1050.014 5.845561
C02 1075.002 3.27815
C02 1099.99 2.231044
C11 319.994 57.22223
C11 324.969 60.064045
C11 349.982 72.397415
C11 374.975 80.72103
C11 400.019 85.666504
C11 424.965 84.57719
C11 450.035 83.93249
C11 475.003 84.27204
C11 500.018 85.15635
C11 525.002 86.42512
C11 550.029 87.86342
C11 575.023 89.68552
C11 599.982 91.53443
C11 619.997 92.32269
C11 624.979 92.66241
C11 650.012 93.85071
C11 675.004 94.893745
C11 700.03 95.35932
C11 725.012 96.09486
C11 750.022 97.19844
C11 774.987 98.14574
C11 799.976 97.990036
C11 824.988 96.95057
C11 850.022 95.950905
C11 869.967 93.47876
C11 875.002 92.66822
C11 899.999 85.50183
C11 919.999 77.13587
C11 925.012 74.32621
C11 949.965 61.00069
C11 975.002 50.051353
C11 999.976 29.724483
C11 1025.028 14.489654
C11 1050.014 5.7175813
C11 1075.002 3.1769955
C11 1099.99 2.1737905
C14 319.994 58.35786
C14 324.969 61.22655
C14 349.982 73.1295
C14 374.975 80.268166
C14 400.019 84.92647
C14 424.965 83.91406
C14 450.035 83.42213
C14 475.003 83.908
C14 500.018 84.93139
C14 525.002 86.30344
C14 550.029 87.810486
C14 575.023 89.66369
C14 599.982 91.51628
C14 619.997 92.28846
C14 624.979 92.62759
C14 650.012 93.788895
C14 675.004 94.78457
C14 700.03 95.18302
C14 725.012 95.8169
C14 750.022 96.78453
C14 774.987 97.61285
C14 799.976 97.38356
C14 824.988 96.31832
C14 850.022 95.25509
C14 869.967 92.73584
C14 875.002 91.91498
C14 899.999 84.840164
C14 919.999 76.67618
C14 925.012 73.91965
C14 949.965 60.633663
C14 975.002 49.803093
C14 999.976 29.434975
C14 1025.028 14.445349
C14 1050.014 5.705844
C14 1075.002 3.1766548
C14 1099.99 2.181422
C05 319.994 57.279194
C05 324.969 60.1144
C05 349.982 72.36375
C05 374.975 80.41553
C05 400.019 85.2461
C05 424.965 84.15415
C05 450.035 83.5312
C05 475.003 83.89828
C05 500.018 84.80305
C05 525.002 86.07555
C05 550.029 87.50935
C05 575.023 89.32268
C05 599.982 91.168564
C05 619.997 91.948685
C05 624.979 92.290886
C05 650.012 93.47284
C05 675.004 94.5102
C05 700.03 95.03057
C05 725.012 95.94798
C05 750.022 97.27459
C05 774.987 98.45046
C05 799.976 98.38913
C05 824.988 97.318886
C05 850.022 96.31891
C05 869.967 93.86441
C05 875.002 93.04816
C05 899.999 85.95336
C05 919.999 77.21142
C05 925.012 74.31345
C05 949.965 61.264587
C05 975.002 50.818943
C05 999.976 29.88598
C05 1025.028 14.583852
C05 1050.014 5.792657
C05 1075.002 3.2613995
C05 1099.99 2.2367632
C17 319.994 60.71627
C17 324.969 63.673607
C17 349.982 75.082794
C17 374.975 80.577545
C17 400.019 84.82962
C17 424.965 83.86295
C17 450.035 83.55077
C17 475.003 84.23329
C17 500.018 85.43521
C17 525.002 86.953156
C17 550.029 88.56883
C17 575.023 90.48707
C17 599.982 92.3769
C17 619.997 93.14879
C17 624.979 93.48999
C17 650.012 94.62481
C17 675.004 95.580605
C17 700.03 95.88518
C17 725.012 96.349594
C17 750.022 97.11705
C17 774.987 97.746735
C17 799.976 97.39661
C17 824.988 96.31584
C17 850.022 95.17618
C17 869.967 92.62769
C17 875.002 91.82602
C17 899.999 85.05146
C17 919.999 77.01822
C17 925.012 74.184166
C17 949.965 60.333084
C17 975.002 49.3978
C17 999.976 29.507956
C17 1025.028 14.383274
C17 1050.014 5.7300944
C17 1075.002 3.1536014
C17 1099.99 2.1525877
C12 319.994 57.295586
C12 324.969 60.13557
C12 349.982 72.31551
C12 374.975 80.29747
C12 400.019 85.1487
C12 424.965 84.08422
C12 450.035 83.48609
C12 475.003 83.8652
C12 500.018 84.787384
C12 525.002 86.07996
C12 550.029 87.52838
C12 575.023 89.351
C12 599.982 91.18907
C12 619.997 91.96991
C12 624.979 92.31131
C12 650.012 93.48597
C12 675.004 94.51115
C12 700.03 94.961494
C12 725.012 95.684074
C12 750.022 96.76705
C12 774.987 97.70141
C12 799.976 97.5405
C12 824.988 96.48168
C12 850.022 95.4622
C12 869.967 92.96777
C12 875.002 92.148506
C12 899.999 84.98836
C12 919.999 76.673416
C12 925.012 73.87261
C12 949.965 60.584225
C12 975.002 49.71131
C12 999.976 29.498117
C12 1025.028 14.401469
C12 1050.014 5.673923
C12 1075.002 3.1616013
C12 1099.99 2.1719463
C03 319.994 58.6144
C03 324.969 61.507645
C03 349.982 73.57067
C03 374.975 80.80465
C03 400.019 85.44429
C03 424.965 84.38975
C03 450.035 83.87139
C03 475.003 84.34565
C03 500.018 85.3488
C03 525.002 86.70194
C03 550.029 88.19635
C03 575.023 90.05094
C03 599.982 91.91197
C03 619.997 92.687904
C03 624.979 93.029884
C03 650.012 94.194954
C03 675.004 95.21366
C03 700.03 95.68632
C03 725.012 96.529564
C03 750.022 97.785065
C03 774.987 98.88957
C03 799.976 98.78482
C03 824.988 97.69021
C03 850.022 96.66172
C03 869.967 94.198845
C03 875.002 93.39647
C03 899.999 86.39895
C03 919.999 77.67449
C03 925.012 74.74383
C03 949.965 61.44815
C03 975.002 51.159794
C03 999.976 30.165833
C03 1025.028 14.702439
C03 1050.014 5.867982
C03 1075.002 3.2808118
C03 1099.99 2.2417862
