lsstCam/transmission_filter_detector/r13_s22/z_20/19700101T000000.ecsv
# %ECSV 1.0
# ---
# datatype:
# - {name: wavelength, unit: nm, datatype: float32}
# - {name: efficiency, unit: '%', datatype: float64}
# meta: !!omap
# - {MODE: DETECTOR}
# - {TYPE: transmission_filter_detector}
# - {CALIBDATE: '1970-01-01T00:00:00'}
# - {INSTRUME: LSSTCam}
# - {OBSTYPE: transmission_filter_detector}
# - {CALIBCLS: lsst.ip.isr.IntermediateFilterDetectorTransmissionCurve}
# - {SOURCE: Materion (DM-46256)}
# - {DETECTOR: 62}
# - {FILTER: z_20}
# - {CALIB_ID: 'calibDate=1970-01-01T00:00:00 filter=z_20 detector=62'}
# - {DATE: '2025-04-02T15:59:48.924724'}
# - {CALIB_CREATION_DATE: '2025-04-02'}
# - {CALIB_CREATION_TIME: '15:59:48'}
# - __serialized_columns__:
#     efficiency:
#       __class__: astropy.units.quantity.Quantity
#       unit: !astropy.units.Unit {unit: '%'}
#       value: !astropy.table.SerializedColumn {name: efficiency}
#     wavelength:
#       __class__: astropy.units.quantity.Quantity
#       unit: !astropy.units.Unit {unit: nm}
#       value: !astropy.table.SerializedColumn {name: wavelength}
# schema: astropy-2.0
wavelength efficiency
[from data line 597]
897.0 99.52419400215149
898.0 98.77254366874695
899.0 98.5478162765503
900.0 99.20104742050171
901.0 99.28771257400513
902.0 99.41654801368713
903.0 98.64373207092285
904.0 98.06780815124512
905.0 98.66103529930115
906.0 98.28348755836487
907.0 98.74357581138611
908.0 98.32434058189392
909.0 98.18989038467407
910.0 98.13324213027954
911.0 97.07190990447998
912.0 95.95925807952881
913.0 94.8462426662445
914.0 92.49929189682007
915.0 90.27252197265625
916.0 88.10592889785767
917.0 86.46755814552307
918.0 83.19642543792725
919.0 81.90900087356567
920.0 79.36494946479797
921.0 75.18846392631531
922.0 70.8715558052063
923.0 65.36862850189209
924.0 59.87345576286316
925.0 54.162657260894775
926.0 48.15524220466614
927.0 41.33988916873932
928.0 35.31336188316345
929.0 29.078039526939392
930.0 23.63256961107254
931.0 18.506011366844177
932.0 12.920884788036346
933.0 8.664525300264359
934.0 5.656123533844948
935.0 3.4246038645505905
936.0 1.9882146269083023
937.0 1.2144913896918297
938.0 0.6232495419681072
939.0 0.47156638465821743
940.0 0.23635912220925093
941.0 0.2784161129966378
942.0 0.16613006591796875
943.0 0.07629474275745451
944.0 0.1859423820860684
945.0 0.08423835970461369
946.0 1.5958125662920986e-10
947.0 1.5958125662920986e-10
948.0 1.5958125662920986e-10
949.0 0.28883740305900574
950.0 0.03382776922080666
951.0 0.1048061647452414
952.0 0.03163547662552446
953.0 1.5958125662920986e-10
954.0 0.04358291917014867
955.0 0.06583472131751478
956.0 1.5958125662920986e-10
957.0 0.09011293295770884
958.0 1.5958125662920986e-10
959.0 0.02175250119762495
960.0 1.5958125662920986e-10
961.0 0.06394665106199682
962.0 1.5958125662920986e-10
963.0 1.5958125662920986e-10
964.0 1.5958125662920986e-10
965.0 1.5958125662920986e-10
966.0 0.025423133047297597
967.0 0.04458792682271451
968.0 0.0020854529793723486
969.0 0.029086440918035805
970.0 1.5958125662920986e-10
971.0 0.07476891623809934
972.0 1.5958125662920986e-10
973.0 1.5958125662920986e-10
974.0 1.5958125662920986e-10
975.0 1.5958125662920986e-10
976.0 0.00647179113002494
977.0 0.00643364546704106
978.0 0.006395501259248704
979.0 0.0061633356381207705
980.0 0.005931168561801314
981.0 0.0058075005654245615
982.0 0.00568383329664357
983.0 0.005581175355473533
984.0 0.005478518141899258
985.0 0.005260336911305785
986.0 0.005042155316914432
987.0 0.0050018941692542285
988.0 0.004961633385391906
989.0 0.004929375427309424
990.0 0.004897117833024822
991.0 0.004954322139383294
992.0 0.005011526809539646
993.0 0.004938141501042992
994.0 0.004864755828748457
995.0 0.004795987479155883
996.0 0.004727219129563309
997.0 0.004537419954431243
998.0 0.004347621143097058
999.0 0.004334506593295373
1000.0 0.004321392043493688
1001.0 0.0044759028241969645
1002.0 0.00463041324110236
1003.0 0.004553512189886533
1004.0 0.004476611502468586
1005.0 0.004328517388785258
1006.0 0.00418042327510193
1007.0 0.004240701673552394
1008.0 0.004300979708204977
1009.0 0.004390555477584712
1010.0 0.004480131246964447
1011.0 0.004542818351183087
1012.0 0.004605505819199607
1013.0 0.0044021384383086115
1014.0 0.004198771057417616
1015.0 0.0044261658331379294
1016.0 0.004653560245060362
1017.0 0.004891534990747459
1018.0 0.005129510464030318
1019.0 0.004901392458123155
1020.0 0.004673274452215992
1021.0 0.004713889939012006
1022.0 0.004754505062010139
1023.0 0.0046518645831383765
1024.0 0.004549223740468733
1025.0 0.0047641929995734245
1026.0 0.004979161894880235
1027.0 0.0047994220949476585
1028.0 0.004619682295015082
1029.0 0.004657211320591159
1030.0 0.004694740709965117
1031.0 0.0048404541303170845
1032.0 0.004986167550669052
1033.0 0.005030200918554328
1034.0 0.005074234650237486
1035.0 0.005307407263899222
1036.0 0.005540580241358839
1037.0 0.005616687121801078
1038.0 0.005692794366041198
1039.0 0.005501349369296804
1040.0 0.005309903644956648
1041.0 0.005721324851037934
1042.0 0.0061327460571192205
1043.0 0.0056158613006118685
1044.0 0.0050989765441045165
1045.0 0.005742669964092784
1046.0 0.006386362656485289
1047.0 0.006203083466971293
1048.0 0.006019803913659416
1049.0 0.0060620714066317305
1050.0 0.006104338535806164
1051.0 0.006434210081351921
1052.0 0.006764083082089201
1053.0 0.006894083344377577
1054.0 0.007024084334261715
1055.0 0.007660793198738247
1056.0 0.008297502063214779
1057.0 0.008075874939095229
1058.0 0.007854249270167202
1059.0 0.007973369065439329
1060.0 0.008092487405519933
1061.0 0.008607358176959679
1062.0 0.009122229675995186
1063.0 0.009179880726151168
1064.0 0.009237532503902912
1065.0 0.009238992061000317
1066.0 0.009240454528480768
1067.0 0.009534237324260175
1068.0 0.009828022302826867
1069.0 0.010526143159950152
1070.0 0.011224264017073438
1071.0 0.011012621689587831
1072.0 0.010800979362102225
1073.0 0.010953054152196273
1074.0 0.011105128942290321
1075.0 0.011767516116378829
1076.0 0.012429906928446144
1077.0 0.012285310367587954
1078.0 0.012140713079134002
1079.0 0.013296416727826
1080.0 0.01445212255930528
1081.0 0.014449006994254887
1082.0 0.014445897249970585
1083.0 0.014218769501894712
1084.0 0.013991643209010363
1085.0 0.014644137991126627
1086.0 0.01529663277324289
1087.0 0.0152386593981646
1088.0 0.015180687478277832
1089.0 0.016802411118987948
1090.0 0.018424136214889586
1091.0 0.01820082397898659
1092.0 0.017977505922317505
1093.0 0.017482301336713135
1094.0 0.01698709384072572
1095.0 0.018299905059393495
1096.0 0.01961271627806127
1097.0 0.019917987810913473
1098.0 0.0202232607989572
1099.0 0.02224617637693882
1100.0 0.02426908613415435
1101.0 0.024598976597189903
1102.0 0.024928859784267843
1103.0 0.0261449022218585
1104.0 0.02736093883868307
1105.0 0.027414746000431478
1106.0 0.027468553162179887
1107.0 0.02867414732463658
1108.0 0.029879744397476315
1109.0 0.03098373708780855
1110.0 0.03208772977814078
1111.0 0.032030860893428326
1112.0 0.031973994919098914
1113.0 0.03406542236916721
1114.0 0.03615685272961855
1115.0 0.034815253457054496
1116.0 0.03347366291563958
1117.0 0.034218738437630236
1118.0 0.03496381395962089
1119.0 0.03841478028334677
1120.0 0.041865743696689606
1121.0 0.04295308899600059
1122.0 0.044040437205694616
1123.0 0.04410406399983913
1124.0 0.044167693704366684
1125.0 0.04479413910303265
1126.0 0.04542058450169861
1127.0 0.04877856117673218
1128.0 0.05213653785176575
1129.0 0.05670496029779315
1130.0 0.06127338856458664
1131.0 0.06134281284175813
1132.0 0.06141223129816353
1133.0 0.06370203336700797
1134.0 0.06599182961508632
1135.0 0.06585369119420648
1136.0 0.06571555277332664
1137.0 0.07090300205163658
1138.0 0.0760904629714787
1139.0 0.07996836211532354
1140.0 0.08384622633457184
1141.0 0.0928702240344137
1142.0 0.10189419845119119
1143.0 0.12455526739358902
1144.0 0.1472163014113903
1145.0 0.29926940333098173
1146.0 0.4513225518167019
1147.0 0.9651723317801952
1148.0 1.479022204875946
1149.0 1.6804574057459831
1150.0 1.8818939104676247
