lsstCam/transmission_filter_detector/r13_s22/z_20/19700101T000000.ecsv
# %ECSV 1.0
# ---
# datatype:
# - {name: wavelength, unit: nm, datatype: float32}
# - {name: efficiency, unit: '%', datatype: float64}
# meta: !!omap
# - {MODE: DETECTOR}
# - {TYPE: transmission_filter_detector}
# - {CALIBDATE: '1970-01-01T00:00:00'}
# - {INSTRUME: LSSTCam}
# - {OBSTYPE: transmission_filter_detector}
# - {CALIBCLS: lsst.ip.isr.IntermediateFilterDetectorTransmissionCurve}
# - {SOURCE: Materion (DM-46256)}
# - {DETECTOR: 62}
# - {FILTER: z_20}
# - {CALIB_ID: 'calibDate=1970-01-01T00:00:00 filter=z_20 detector=62'}
# - {DATE: '2025-04-02T15:59:48.924724'}
# - {CALIB_CREATION_DATE: '2025-04-02'}
# - {CALIB_CREATION_TIME: '15:59:48'}
# - __serialized_columns__:
#     efficiency:
#       __class__: astropy.units.quantity.Quantity
#       unit: !astropy.units.Unit {unit: '%'}
#       value: !astropy.table.SerializedColumn {name: efficiency}
#     wavelength:
#       __class__: astropy.units.quantity.Quantity
#       unit: !astropy.units.Unit {unit: nm}
#       value: !astropy.table.SerializedColumn {name: wavelength}
# schema: astropy-2.0
wavelength efficiency
300.0 0.8744003251194954
301.0 0.590886827558279
302.0 0.30737342312932014
303.0 0.2972925081849098
304.0 0.28721161652356386
305.0 0.24276552721858025
306.0 0.19831941463053226
307.0 0.1837838557548821
308.0 0.1692483201622963
309.0 0.14734409051015973
310.0 0.12543986085802317
311.0 0.1267092884518206
312.0 0.1279787626117468
313.0 0.11292226845398545
314.0 0.09786580922082067
315.0 0.09603847283869982
316.0 0.09421113645657897
317.0 0.07929520215839148
318.0 0.06437928532250226
319.0 0.06415643147192895
320.0 0.06393356597982347
321.0 0.06361334235407412
322.0 0.06329311872832477
323.0 0.05539536941796541
324.0 0.04749762010760605
325.0 0.04390910326037556
326.0 0.040320586413145065
327.0 0.039709245902486145
328.0 0.03909790830221027
329.0 0.03442786110099405
330.0 0.029757816810160875
331.0 0.027180928736925125
332.0 0.024604034842923284
333.0 0.023733389389235526
334.0 0.0228627395699732
335.0 0.02162579185096547
336.0 0.02038884413195774
337.0 0.024591558030806482
338.0 0.0287942704744637
339.0 0.02460247778799385
340.0 0.020410693832673132
341.0 0.017238016880583018
342.0 0.014065339928492904
343.0 0.013800273882225156
344.0 0.01353520929114893
345.0 0.012681883526965976
346.0 0.011828556307591498
347.0 0.011433558393036947
348.0 0.011038561206078157
349.0 0.013521536311600357
350.0 0.016004513599909842
351.0 0.013310862414073199
352.0 0.010617205407470465
353.0 0.011233696568524465
354.0 0.011850188457174227
355.0 0.010152740287594497
356.0 0.008455291390419006
357.0 0.009426931501366198
358.0 0.010398575250292197
359.0 0.010117737110704184
360.0 0.009836897515924647
361.0 0.008958315447671339
362.0 0.008079735562205315
363.0 0.009288184810429811
364.0 0.010496632603462785
365.0 0.010181335528614
366.0 0.00986604136414826
367.0 0.008563636220060289
368.0 0.007261229620780796
369.0 0.007847198867239058
370.0 0.008433168841293082
371.0 0.008389886352233589
372.0 0.008346605318365619
373.0 0.007280697172973305
374.0 0.006214791210368276
375.0 0.006488595681730658
376.0 0.006762399425497279
377.0 0.007100601214915514
378.0 0.007438802276737988
379.0 0.006258570647332817
380.0 0.005078339017927647
381.0 0.003233039751648903
382.0 0.0013877405763196293
383.0 0.003627746627898887
384.0 0.005867752406629734
385.0 0.0056045319070108235
386.0 0.005341311407391913
387.0 0.00598279875703156
388.0 0.006624287198064849
389.0 0.005851508103660308
390.0 0.005078730100649409
391.0 0.004702164005720988
392.0 0.0043255982745904475
393.0 0.004792277468368411
394.0 0.005258957025944255
395.0 0.0043230440496699885
396.0 0.003387130709597841
397.0 0.003596308670239523
398.0 0.003805486630881205
399.0 0.00402288387704175
400.0 0.004240280759404413
401.0 0.004619869287125766
402.0 0.0049994574510492384
403.0 0.005011837129131891
404.0 0.005024216807214543
405.0 0.004098028512089513
406.0 0.0031718409445602447
407.0 0.001858992618508637
408.0 0.0005461449745780556
409.0 0.0019717490431503393
410.0 0.0033973534300457686
411.0 0.00411191358580254
412.0 0.004826473741559312
413.0 0.004645829176297411
414.0 0.004465184611035511
415.0 0.0036312147130956873
416.0 0.0027972451789537445
417.0 0.0038138623494887725
418.0 0.0048304795200238
419.0 0.004373273623059504
420.0 0.003916067726095207
421.0 0.00386118445021566
422.0 0.0038063019019318745
423.0 0.0036081288271816447
424.0 0.0034099564800271764
425.0 0.0024823712010402232
426.0 0.0015547862858511508
427.0 0.0017845417460193858
428.0 0.0020142975699855015
429.0 0.001390244869980961
430.0 0.0007661928975721821
431.0 0.0007625851139891893
432.0 0.0007589771939819911
433.0 0.0007578923487017164
434.0 0.0007568076398456469
435.0 0.001266771687369328
436.0 0.0017767359167919494
437.0 0.0018439290215610527
438.0 0.0019111223082290962
439.0 0.002058408244920429
440.0 0.0022056941816117615
441.0 0.0016309124475810677
442.0 0.0010561308954493143
443.0 0.0021995127099216916
444.0 0.0033428943424951285
445.0 0.0033160402381327003
446.0 0.0032891857699723914
447.0 0.002543045411584899
448.0 0.0017969048712984659
449.0 0.0025009589080582373
450.0 0.0032050134905148298
451.0 0.002516677886887919
452.0 0.0018283421013620682
453.0 0.0017454018234275281
454.0 0.0016624617273919284
455.0 0.0024011897039599717
456.0 0.003139917680528015
457.0 0.0022586040358874016
458.0 0.0013772902093478478
459.0 0.0014978883882577065
460.0 0.0016184865671675652
461.0 0.0007929720595711842
462.0 1.5958125662920986e-10
463.0 0.0009746447176439688
464.0 0.0019818324290099554
465.0 0.002212935214629397
466.0 0.002444038000248838
467.0 0.0021326799469534308
468.0 0.001821321166062262
469.0 0.0016240775948972441
470.0 0.0014268337508838158
471.0 0.0013158480214769952
472.0 0.0012048627468175255
473.0 0.001250119566975627
474.0 0.0012953762961842585
475.0 0.0011130756320198998
476.0 0.000930774967855541
477.0 0.0013047557331447024
478.0 0.0016787364074843936
479.0 0.0020272116671549156
480.0 0.0023756869268254377
481.0 0.0019111615984002128
482.0 0.0014466361790255178
483.0 0.000994399579212768
484.0 0.000542162888450548
485.0 0.0013449403923004866
486.0 0.002147717896150425
487.0 0.0015077573152666446
488.0 0.0008677967343828641
489.0 0.0016487834727740847
490.0 0.0024297702111653052
491.0 0.002282460445712786
492.0 0.002135150680260267
493.0 0.0019800256268354133
494.0 0.0018249007553094998
495.0 0.0016062096619862132
496.0 0.0013875185686629266
497.0 0.0012153645911894273
498.0 0.0010432107956148684
499.0 0.0011941602679144125
500.0 0.001345109922112897
501.0 0.0008950528354034759
502.0 0.0004449956122698495
503.0 0.0011968088074354455
504.0 0.0019486220480757765
505.0 0.0021262429072521627
506.0 0.0023038635845296085
507.0 0.0022298267140286043
508.0 0.00215578966162866
509.0 0.0018268956409883685
510.0 0.0014980022569943685
511.0 0.0011627123058133293
512.0 0.0008274224455817603
513.0 0.001251598951057531
514.0 0.001675775638432242
515.0 0.0012800662261724938
516.0 0.0008843573596095666
517.0 0.0008888890079106204
518.0 0.0008934204743127339
519.0 0.0010762329111457802
520.0 0.001259044984180946
521.0 0.001603636883373838
522.0 0.00194822878256673
523.0 0.0013077397852612194
524.0 0.0006672507424809737
525.0 0.0007270785317814443
526.0 0.0007869064575061202
527.0 0.0011280510079814121
528.0 0.0014691958313051146
529.0 0.0012620534107554704
530.0 0.0010549104445090052
531.0 0.0011425022421462927
532.0 0.0012300938578846399
533.0 0.0008390516995859798
534.0 0.00044800949581258465
535.0 0.0010348023351980373
536.0 0.0016215950381592847
537.0 0.001596310903551057
538.0 0.0015710267689428292
539.0 0.001108636297431076
540.0 0.000646245507596177
541.0 0.0007657581591047347
542.0 0.0008852710379869677
543.0 0.0012918936590722296
544.0 0.0016985162801574916
545.0 0.0011057187293772586
546.0 0.000512921405970701
547.0 0.0012017504559480585
548.0 0.0018905791876022704
549.0 0.001663581315369811
550.0 0.001436583170288941
551.0 0.0014438550351769663
552.0 0.001451126445317641
553.0 0.0013038497854722664
554.0 0.0011565727618290111
555.0 0.0010325788025511429
556.0 0.000908585025172215
557.0 0.0013321099686436355
558.0 0.0017556347302161157
559.0 0.0017635096810408868
560.0 0.0017713842680677772
561.0 0.0016250856788246892
562.0 0.001478786907682661
563.0 0.0011960627489315812
564.0 0.0009133384992310312
565.0 0.0016077363397926092
566.0 0.002302134453202598
567.0 0.0026638626877684146
568.0 0.0030255905585363507
569.0 0.0028894188289996237
570.0 0.0027532470994628966
571.0 0.0026342451747041196
572.0 0.002515242886147462
573.0 0.002017241968133021
574.0 0.0015192412320175208
575.0 0.001959561814146582
576.0 0.0023998823962756433
577.0 0.0019605335182859562
578.0 0.00152118509504362
579.0 0.0016712159776943736
580.0 0.0018212465874967165
581.0 0.001686363248154521
582.0 0.001551479726913385
583.0 0.0019591090676840395
584.0 0.002366738408454694
585.0 0.0025318266125395894
586.0 0.0026969149985234253
587.0 0.0020612838852684945
588.0 0.0014256521353672724
589.0 0.0019885987057932653
590.0 0.0025515450033708476
591.0 0.0017807757103582844
592.0 0.001010006235446781
593.0 0.0008172939487849362
594.0 0.0006245814802241512
595.0 0.0010801801181514747
596.0 0.001535778574179858
597.0 0.001398151562170824
598.0 0.0012605246411112603
599.0 0.0009572331691742875
600.0 0.0006539418336615199
601.0 0.0005505706667463528
602.0 0.0004471993634069804
603.0 0.0009433048035134561
604.0 0.001439409788872581
605.0 0.0009167429197987076
606.0 0.00039407577787642367
607.0 0.0007765613190713339
608.0 0.001159046860266244
609.0 0.0011662498764053453
610.0 0.0011734527106455062
611.0 0.0009863085324468557
612.0 0.0007991640813997947
613.0 0.0007836458280507941
614.0 0.0007681276656512637
615.0 0.0012319322195253335
616.0 0.0016957368643488735
617.0 0.002178556678700261
618.0 0.002661376493051648
619.0 0.0022248032109928317
620.0 0.001788229747035075
621.0 0.0014900267160555813
622.0 0.0011918235031771474
623.0 0.0015303707186831161
624.0 0.001868917934189085
625.0 0.001672223697823938
626.0 0.0014755297343072016
627.0 0.0018663668015506119
628.0 0.0022572041416424327
629.0 0.002004248926823493
630.0 0.0017512935301056132
631.0 0.0015635254385415465
632.0 0.0013757570741290692
633.0 0.0017544711226946674
634.0 0.002133185262209736
635.0 0.0050744325562845916
636.0 0.008015679486561567
637.0 0.015365607396233827
638.0 0.02271553676109761
639.0 0.019850679382216185
640.0 0.016985820548143238
641.0 0.014733322313986719
642.0 0.012480825535021722
643.0 0.01003391807898879
644.0 0.00758701135055162
645.0 0.0068523193476721644
646.0 0.006117627344792709
647.0 0.005593953756033443
648.0 0.005070280167274177
649.0 0.004150532549829222
650.0 0.0032307860237779096
651.0 0.0036626355722546577
652.0 0.004094485484529287
653.0 0.003338601891300641
654.0 0.0025827179342741147
655.0 0.0028127733457949944
656.0 0.003042829303012695
657.0 0.0029421347790048458
658.0 0.002841440073098056
659.0 0.002658854646142572
660.0 0.0024762692191870883
661.0 0.0026842981242225505
662.0 0.0028923264835611917
663.0 0.0019407081708777696
664.0 0.0009890900400932878
665.0 0.0015197033462754916
666.0 0.002050317016255576
667.0 0.0024052293156273663
668.0 0.002760141978797037
669.0 0.0020087494704057463
670.0 0.0012573570529639255
671.0 0.0009349610081699211
672.0 0.0006125649179011816
673.0 0.0013318356650415808
674.0 0.0020511066395556554
675.0 0.002131770997948479
676.0 0.002212435174442362
677.0 0.001955313746293541
678.0 0.0016981921362457797
679.0 0.001422718651156174
680.0 0.0011472450751170982
681.0 0.001227193934028037
682.0 0.0013071427019895054
683.0 0.0023715358111076057
684.0 0.0034359291021246463
685.0 0.0028696993467747234
686.0 0.002303469955222681
687.0 0.0017209327779710293
688.0 0.0011383953278709669
689.0 0.0014409032701223623
690.0 0.0017434109395253472
691.0 0.002075813972624019
692.0 0.0024082170057226904
693.0 0.002746438440226484
694.0 0.003084660420427099
695.0 0.0033119544241344556
696.0 0.0035392480640439317
697.0 0.003697061401908286
698.0 0.003854875103570521
699.0 0.005705903458874673
700.0 0.007556931086583063
701.0 0.007164730050135404
702.0 0.006772529013687745
703.0 0.00619556667516008
704.0 0.005618603609036654
705.0 0.005136324398336001
706.0 0.004654045915231109
707.0 0.0044091371819376945
708.0 0.0041642280848464
709.0 0.004243614603183232
710.0 0.004323001121520065
711.0 0.0039296231989283115
712.0 0.003536245640134439
713.0 0.002525458694435656
714.0 0.0015146714758884627
715.0 0.002193404179706704
716.0 0.002872136792575475
717.0 0.002500110713299364
718.0 0.002128084088326432
719.0 0.0016584077457082458
720.0 0.0011887309483427089
721.0 0.0011880898455274291
722.0 0.0011874486517626792
723.0 0.0010149758963962086
724.0 0.0008425032319792081
725.0 0.0012662851077038795
726.0 0.001690067074378021
727.0 0.0017242375179193914
728.0 0.001758407597662881
729.0 0.0017730528270476498
730.0 0.0017876980564324185
731.0 0.0013986385056341533
732.0 0.0010095791367348284
733.0 0.0009612729627406225
734.0 0.0009129666977969464
735.0 0.0010353825018682983
736.0 0.0011577980330912396
737.0 0.0013236702216090634
738.0 0.001489542228227947
739.0 0.0012002882613160182
740.0 0.0009110342034546193
741.0 0.0010289310921507422
742.0 0.001146827889897395
743.0 0.0015884428648860194
744.0 0.0020300572941778228
745.0 0.0013395277164818253
746.0 0.0006489979114121525
747.0 0.0011653408364509232
748.0 0.0016816835341160186
749.0 0.002317152757314034
750.0 0.0029526221624109894
751.0 0.002918920108641032
752.0 0.0028852178729721345
753.0 0.002908376518462319
754.0 0.0029315353458514437
755.0 0.0019655912183225155
756.0 0.0009996472726925276
757.0 0.0019166898709954694
758.0 0.002833732469298411
759.0 0.002664154271769803
760.0 0.0024945758923422545
761.0 0.004357164289103821
762.0 0.006219751958269626
763.0 0.005764909656136297
764.0 0.0053100673540029675
765.0 0.005272729686112143
766.0 0.005235390926827677
767.0 0.004497290137805976
768.0 0.0037591893487842754
769.0 0.0033904550946317613
770.0 0.0030217213861760683
771.0 0.0039401907997671515
772.0 0.004858660031459294
773.0 0.004032589276903309
774.0 0.003206518158549443
775.0 0.039537143311463296
776.0 1.5958125662920986e-10
777.0 0.0551647215615958
778.0 1.5958125662920986e-10
779.0 0.11606331681832671
780.0 1.5958125662920986e-10
781.0 0.058275763876736164
782.0 0.034283497370779514
783.0 0.07027763640508056
784.0 1.5958125662920986e-10
785.0 0.07171895704232156
786.0 0.11472997721284628
787.0 0.03428024938330054
788.0 1.5958125662920986e-10
789.0 1.5958125662920986e-10
790.0 0.0853909703437239
791.0 0.1024409313686192
792.0 0.03745869908016175
793.0 0.15877265250310302
794.0 1.5958125662920986e-10
795.0 0.13084878446534276
796.0 0.06746160215698183
797.0 0.10937793413177133
798.0 0.20894119516015053
799.0 0.21729969885200262
800.0 0.15779660316184163
801.0 0.43390998616814613
802.0 0.5189661867916584
803.0 1.0397912003099918
804.0 1.6789741814136505
805.0 2.6003725826740265
806.0 4.025070741772652
807.0 5.71608804166317
808.0 7.88201168179512
809.0 10.389240086078644
810.0 13.571617007255554
811.0 16.93270206451416
812.0 19.87444907426834
813.0 22.98703044652939
814.0 25.829467177391052
815.0 29.801955819129944
816.0 34.691691398620605
817.0 40.411022305488586
818.0 46.25086784362793
819.0 52.105867862701416
820.0 59.64667797088623
821.0 67.66777634620667
822.0 73.95740747451782
823.0 79.44114208221436
824.0 84.77751016616821
825.0 89.52985405921936
826.0 92.70784854888916
827.0 95.58594822883606
828.0 97.99781441688538
829.0 98.98386001586914
830.0 99.04534220695496
831.0 99.49036836624146
832.0 98.69305491447449
833.0 99.66585636138916
834.0 98.40598702430725
835.0 99.38046336174011
836.0 99.33628439903259
837.0 98.92011880874634
838.0 97.86412119865417
839.0 98.66459965705872
840.0 99.02417659759521
841.0 99.43126440048218
842.0 99.41721558570862
843.0 99.8256504535675
844.0 98.44820499420166
845.0 98.6143708229065
846.0 98.824542760849
847.0 99.0563690662384
848.0 100.15941858291626
849.0 98.74120354652405
850.0 98.26287031173706
851.0 99.21451210975647
852.0 99.32618737220764
853.0 98.99460673332214
854.0 99.75571632385254
855.0 98.65049719810486
856.0 98.89898300170898
857.0 98.0540931224823
858.0 98.7238883972168
859.0 99.43482279777527
860.0 98.89459013938904
861.0 99.05099272727966
862.0 98.9892065525055
863.0 98.52150082588196
864.0 99.40021634101868
865.0 100.08872747421265
866.0 98.46253991127014
867.0 99.57348108291626
868.0 99.70124959945679
869.0 98.85132908821106
870.0 98.39683175086975
871.0 98.72990846633911
872.0 99.40179586410522
873.0 99.37245845794678
874.0 100.07306337356567
875.0 99.0760862827301
876.0 99.30240511894226
877.0 99.65707659721375
878.0 99.3165135383606
879.0 98.51635098457336
880.0 98.84294867515564
881.0 100.15863180160522
882.0 98.98838400840759
883.0 99.13501739501953
884.0 99.22202825546265
885.0 98.80092144012451
886.0 98.91949892044067
887.0 98.53065609931946
888.0 99.1237461566925
889.0 99.46842789649963
890.0 98.59046936035156
891.0 99.6202826499939
892.0 98.93713593482971
893.0 98.67058992385864
894.0 98.62756133079529
895.0 99.86347556114197
