lsstCam/transmission_filter_detector/r31_s10/i_39/19700101T000000.ecsv
# %ECSV 1.0
# ---
# datatype:
# - {name: wavelength, unit: nm, datatype: float32}
# - {name: efficiency, unit: '%', datatype: float64}
# meta: !!omap
# - {MODE: DETECTOR}
# - {TYPE: transmission_filter_detector}
# - {CALIBDATE: '1970-01-01T00:00:00'}
# - {INSTRUME: LSSTCam}
# - {OBSTYPE: transmission_filter_detector}
# - {CALIBCLS: lsst.ip.isr.IntermediateFilterDetectorTransmissionCurve}
# - {SOURCE: Materion (DM-46256)}
# - {DETECTOR: 129}
# - {FILTER: i_39}
# - {CALIB_ID: 'calibDate=1970-01-01T00:00:00 filter=i_39 detector=129'}
# - {DATE: '2025-04-02T15:59:47.077421'}
# - {CALIB_CREATION_DATE: '2025-04-02'}
# - {CALIB_CREATION_TIME: '15:59:47'}
# - __serialized_columns__:
#     efficiency:
#       __class__: astropy.units.quantity.Quantity
#       unit: !astropy.units.Unit {unit: '%'}
#       value: !astropy.table.SerializedColumn {name: efficiency}
#     wavelength:
#       __class__: astropy.units.quantity.Quantity
#       unit: !astropy.units.Unit {unit: nm}
#       value: !astropy.table.SerializedColumn {name: wavelength}
# schema: astropy-2.0
wavelength efficiency
[from data line 598]
898.0 8.951319045991113e-05
899.0 1.6023073709861557e-10
900.0 1.6023073709861557e-10
901.0 1.6023073709861557e-10
902.0 1.6023073709861557e-10
903.0 1.6023073709861557e-10
904.0 1.6023073709861557e-10
905.0 1.6023073709861557e-10
906.0 1.6023073709861557e-10
907.0 1.6023073709861557e-10
908.0 1.6023073709861557e-10
909.0 1.6023073709861557e-10
910.0 6.878858584968839e-05
911.0 1.6023073709861557e-10
912.0 1.6023073709861557e-10
913.0 1.6023073709861557e-10
914.0 1.6023073709861557e-10
915.0 1.6023073709861557e-10
916.0 8.399174475925975e-05
917.0 1.6023073709861557e-10
918.0 1.6023073709861557e-10
919.0 1.6023073709861557e-10
920.0 0.0001343684289167868
921.0 1.6023073709861557e-10
922.0 1.6023073709861557e-10
923.0 1.6023073709861557e-10
924.0 1.6023073709861557e-10
925.0 1.6023073709861557e-10
926.0 1.6023073709861557e-10
927.0 1.6023073709861557e-10
928.0 1.6023073709861557e-10
929.0 1.6023073709861557e-10
930.0 1.6023073709861557e-10
931.0 1.6023073709861557e-10
932.0 1.6023073709861557e-10
933.0 1.6023073709861557e-10
934.0 1.6023073709861557e-10
935.0 1.6023073709861557e-10
936.0 1.6023073709861557e-10
937.0 7.99705105691828e-05
938.0 0.0001845260726440756
939.0 3.0057506705816195e-05
940.0 1.6023073709861557e-10
941.0 7.328189610689151e-06
942.0 0.0001390673901369155
943.0 3.1993741345104354e-05
944.0 1.6023073709861557e-10
945.0 1.6023073709861557e-10
946.0 1.6023073709861557e-10
947.0 1.4843411122456018e-05
948.0 0.000319016771754832
949.0 0.00013863071899322676
950.0 1.6023073709861557e-10
951.0 1.0634409619569851e-05
952.0 6.302412316472328e-05
953.0 7.54292727833672e-05
954.0 8.783439398030168e-05
955.0 0.0001268805476684065
956.0 0.00016592672409387887
957.0 0.0001519989496046037
958.0 0.00013807116374664474
959.0 0.00022284898477664683
960.0 0.00030762682854401646
961.0 0.0002395627461737604
962.0 0.00017149868654087186
963.0 0.0002783395302685676
964.0 0.00038518041947099846
965.0 9.964311402654857e-05
966.0 1.6023073709861557e-10
967.0 1.6023073709861557e-10
968.0 1.6023073709861557e-10
969.0 1.6023073709861557e-10
970.0 1.6023073709861557e-10
971.0 1.6023073709861557e-10
972.0 6.518099553431966e-05
973.0 7.787382401147624e-05
974.0 9.056665248863283e-05
975.0 0.00013772648799204035
976.0 0.00018488633486413164
977.0 0.00016900119135243585
978.0 0.00015311604784074007
979.0 0.0002044030225079041
980.0 0.00025568999717506813
981.0 1.6023073709861557e-10
982.0 1.6023073709861557e-10
983.0 1.6023073709861557e-10
984.0 6.902098448335892e-05
985.0 6.734524760076965e-06
986.0 1.6023073709861557e-10
987.0 1.6023073709861557e-10
988.0 1.6023073709861557e-10
989.0 1.6023073709861557e-10
990.0 3.83443193641142e-05
991.0 0.00013904715387980104
992.0 0.00023975001113285543
993.0 0.00021560715595114743
994.0 0.0001914642780320719
995.0 0.00017093038877646904
996.0 0.0001503964995208662
997.0 0.00017784731198844383
998.0 0.00020529812445602147
999.0 0.00016051143347795005
1000.0 0.00011572470839382731
1001.0 0.00018432158412906574
1002.0 0.0002529184484956204
1003.0 0.00027979187962046126
1004.0 0.0003066653107453021
1005.0 0.000295849872600229
1006.0 0.0002850344571925234
1007.0 0.00015048800605654833
1008.0 1.5941557762744196e-05
1009.0 0.00013862548939869157
1010.0 0.00026130935566470725
1011.0 0.00022630422336078482
1012.0 0.00019129913653159747
1013.0 0.00022946001081436407
1014.0 0.00026762093057186576
1015.0 4.114199327887036e-05
1016.0 1.6023073709861557e-10
1017.0 1.6023073709861557e-10
1018.0 0.00017281126929447055
1019.0 1.6023073709861557e-10
1020.0 1.6023073709861557e-10
1021.0 1.6023073709861557e-10
1022.0 0.00019260000954091083
1023.0 0.00012625561112145078
1024.0 5.991122975501639e-05
1025.0 0.00011798066452683997
1026.0 0.00017605017319510807
1027.0 0.00047148896555881947
1028.0 0.0007669277692912146
1029.0 0.0008987789442471694
1030.0 0.001030630028253654
1031.0 0.0016212139598792419
1032.0 0.0022117978005553596
1033.0 0.002425680031592492
1034.0 0.0026395622626296245
1035.0 0.002859066989913117
1036.0 0.0030785715352976695
1037.0 0.00326322769979015
1038.0 0.0034478835004847497
1039.0 0.0031367759220302105
1040.0 0.0028256679797777906
1041.0 0.0025076196834561415
1042.0 0.0021895713871344924
1043.0 0.0024669749109307304
1044.0 0.0027443786166259088
1045.0 0.0030541024898411706
1046.0 0.003363826544955373
1047.0 0.003321925032651052
1048.0 0.003280023520346731
1049.0 0.002936184318969026
1050.0 0.0025923447537934408
1051.0 0.0022874552087159827
1052.0 0.0019825654817395844
1053.0 0.0015819789041415788
1054.0 0.0011813923265435733
1055.0 0.0008464963684673421
1056.0 0.0005116003194416407
1057.0 0.0008631986929685809
1058.0 0.0012147972483944613
1059.0 0.0010073765224660747
1060.0 0.0007999561603355687
1061.0 0.0008838228495733347
1062.0 0.000967689720710041
1063.0 0.0015703348253737204
1064.0 0.0021729796571889892
1065.0 0.002540263631090056
1066.0 0.002907547604991123
1067.0 0.0037883379263803363
1068.0 0.0046691282477695495
1069.0 0.004234733205521479
1070.0 0.003800338163273409
1071.0 0.004128633372602053
1072.0 0.004456928581930697
1073.0 0.0035542278055800125
1074.0 0.002651527029229328
1075.0 0.002884767309296876
1076.0 0.0031180075893644243
1077.0 0.003200771607225761
1078.0 0.0032835352612892166
1079.0 0.0033341621019644663
1080.0 0.0033847896702354774
1081.0 0.0022257085220189765
1082.0 0.001066627555701416
1083.0 0.0011600247489695903
1084.0 0.0012534220331872348
1085.0 0.000905141860130243
1086.0 0.0005568616415985161
1087.0 0.0011305703992547933
1088.0 0.001704279384284746
1089.0 0.0007956757144711446
1090.0 1.6023073709861557e-10
1091.0 0.00039954234125616495
1092.0 0.0009120122740569059
1093.0 1.6023073709861557e-10
1094.0 1.6023073709861557e-10
1095.0 1.6023073709861557e-10
1096.0 1.6023073709861557e-10
1097.0 1.6023073709861557e-10
1098.0 1.6023073709861557e-10
1099.0 1.6023073709861557e-10
1100.0 0.0001096442815651244
