lsstCam/transmission_filter_detector/r31_s10/i_39/19700101T000000.ecsv
# %ECSV 1.0
# ---
# datatype:
# - {name: wavelength, unit: nm, datatype: float32}
# - {name: efficiency, unit: '%', datatype: float64}
# meta: !!omap
# - {MODE: DETECTOR}
# - {TYPE: transmission_filter_detector}
# - {CALIBDATE: '1970-01-01T00:00:00'}
# - {INSTRUME: LSSTCam}
# - {OBSTYPE: transmission_filter_detector}
# - {CALIBCLS: lsst.ip.isr.IntermediateFilterDetectorTransmissionCurve}
# - {SOURCE: Materion (DM-46256)}
# - {DETECTOR: 129}
# - {FILTER: i_39}
# - {CALIB_ID: 'calibDate=1970-01-01T00:00:00 filter=i_39 detector=129'}
# - {DATE: '2025-04-02T15:59:47.077421'}
# - {CALIB_CREATION_DATE: '2025-04-02'}
# - {CALIB_CREATION_TIME: '15:59:47'}
# - __serialized_columns__:
#     efficiency:
#       __class__: astropy.units.quantity.Quantity
#       unit: !astropy.units.Unit {unit: '%'}
#       value: !astropy.table.SerializedColumn {name: efficiency}
#     wavelength:
#       __class__: astropy.units.quantity.Quantity
#       unit: !astropy.units.Unit {unit: nm}
#       value: !astropy.table.SerializedColumn {name: wavelength}
# schema: astropy-2.0
wavelength efficiency
300.0 1.6023073709861557e-10
301.0 0.0006371697963913903
302.0 0.010187755106016994
303.0 0.007126825948944315
304.0 0.004065896791871637
305.0 0.01275909598916769
306.0 0.02145229809684679
307.0 0.012416861136443913
308.0 0.0033814219932537526
309.0 0.00513068625878077
310.0 0.006879953434690833
311.0 6.8725034907402e-05
312.0 1.6023073709861557e-10
313.0 1.6023073709861557e-10
314.0 1.6023073709861557e-10
315.0 1.6023073709861557e-10
316.0 0.0004779926712217275
317.0 1.6023073709861557e-10
318.0 1.6023073709861557e-10
319.0 0.002970605419250205
320.0 0.00826113682705909
321.0 0.003019436917384155
322.0 1.6023073709861557e-10
323.0 1.6023073709861557e-10
324.0 0.0015243610505422112
325.0 0.0018603506759973243
326.0 0.0021963414837955497
327.0 0.001617617999727372
328.0 0.0010388956070528366
329.0 0.0027394984499551356
330.0 0.0044401007471606135
331.0 0.00390426030207891
332.0 0.003368418401805684
333.0 0.0030014449293958023
334.0 0.0026344729121774435
335.0 0.001801804501155857
336.0 0.0009691369086795021
337.0 0.002175492227252107
338.0 0.003381848000572063
339.0 0.0013658770512847695
340.0 1.6023073709861557e-10
341.0 1.6023073709861557e-10
342.0 1.6023073709861557e-10
343.0 1.6023073709861557e-10
344.0 1.6023073709861557e-10
345.0 0.0005895247340959031
346.0 0.0015532144971075468
347.0 0.0002707984094740823
348.0 1.6023073709861557e-10
349.0 1.6023073709861557e-10
350.0 0.000593489039601991
351.0 1.6023073709861557e-10
352.0 1.6023073709861557e-10
353.0 1.6023073709861557e-10
354.0 1.6023073709861557e-10
355.0 1.6023073709861557e-10
356.0 0.0011713555977621581
357.0 6.816312634327915e-05
358.0 1.6023073709861557e-10
359.0 1.6023073709861557e-10
360.0 0.0009445906471228227
361.0 0.00015787888969498454
362.0 1.6023073709861557e-10
363.0 1.6023073709861557e-10
364.0 1.6023073709861557e-10
365.0 1.6023073709861557e-10
366.0 0.0006055759058654075
367.0 0.0009356554073747247
368.0 0.0012657348634093069
369.0 0.0005076683464722009
370.0 1.6023073709861557e-10
371.0 1.6023073709861557e-10
372.0 1.6023073709861557e-10
373.0 4.1150750007545867e-05
374.0 0.0001977526153496001
375.0 0.00024478331397403963
376.0 0.0002918139671237441
377.0 0.00030417086236411706
378.0 0.00031652771212975495
379.0 0.0008351595170097426
380.0 0.0013537910490413196
381.0 0.0007756761078780983
382.0 0.00019756121218961198
383.0 1.6023073709861557e-10
384.0 1.6023073709861557e-10
385.0 1.6023073709861557e-10
386.0 0.000385187377105467
387.0 1.6023073709861557e-10
388.0 1.6023073709861557e-10
389.0 1.6023073709861557e-10
390.0 1.6023073709861557e-10
391.0 1.6023073709861557e-10
392.0 1.6023073709861557e-10
393.0 1.6023073709861557e-10
394.0 0.00020180414139758795
395.0 0.0005927875008637784
396.0 0.000983770951279439
397.0 0.0008923506356950384
398.0 0.0008009303201106377
399.0 0.0009983808013203088
400.0 0.0011958315553783905
401.0 0.002958791264973115
402.0 0.004721750156022608
403.0 0.0027602769478107803
404.0 0.0007988027391547803
405.0 0.0023538697860203683
406.0 0.003908937287633307
407.0 0.004512451414484531
408.0 0.005115965541335754
409.0 0.005204327680985443
410.0 0.005292689093039371
411.0 0.004765890844282694
412.0 0.004239092595526017
413.0 0.00422774137405213
414.0 0.004216389788780361
415.0 0.003971082696807571
416.0 0.0037257748772390187
417.0 0.004510756116360426
418.0 0.00529573590029031
419.0 0.004715914110420272
420.0 0.004136091229156591
421.0 0.003650645157904364
422.0 0.0031651987228542566
423.0 0.0038678135751979426
424.0 0.0045704284275416285
425.0 0.005110503479954787
426.0 0.005650578896165825
427.0 0.0054620217269985005
428.0 0.005273464557831176
429.0 0.00473609943583142
430.0 0.004198734313831665
431.0 0.0040626277041155845
432.0 0.003926520730601624
433.0 0.0028841610401286744
434.0 0.0018418011677567847
435.0 0.0018997723600477912
436.0 0.0019577435523387976
437.0 0.0014955245205783285
438.0 0.0010333055797673296
439.0 0.0010331020348530728
440.0 0.001032898489938816
441.0 0.0008324114787683357
442.0 0.0006319245130725903
443.0 0.0016453155694762245
444.0 0.002658706398506183
445.0 0.0012665258509514388
446.0 1.6023073709861557e-10
447.0 0.00012881032489531208
448.0 0.0003832753918686649
449.0 0.0006487972314062063
450.0 0.0009143189345195424
451.0 0.0009219291314366274
452.0 0.0009295394193031825
453.0 0.0008096555575320963
454.0 0.00068977169576101
455.0 0.0008600675755587872
456.0 0.0010303636372555047
457.0 0.0006697630396956811
458.0 0.00030916226023691706
459.0 0.0003618766186264111
460.0 0.00041459093154117
461.0 0.00047490711949649267
462.0 0.0005352235348254908
463.0 0.0005664870968757896
464.0 0.0005977507044008235
465.0 0.0005047443664807361
466.0 0.0004117383468837943
467.0 0.0004740118129120674
468.0 0.0005362851879908703
469.0 0.0006473731900769053
470.0 0.0007584614195366157
471.0 0.0006266966465773294
472.0 0.0004949322374159237
473.0 0.000540918881597463
474.0 0.0005869054803042673
475.0 0.0002685204890440218
476.0 1.6023073709861557e-10
477.0 0.00032456350709253456
478.0 0.0006989912890276173
479.0 0.0011415745575504843
480.0 0.0015841580534470268
481.0 0.0019093833543593064
482.0 0.002234608655271586
483.0 0.0032982694392558187
484.0 0.004361930041341111
485.0 0.005695621075574309
486.0 0.007029309927020222
487.0 0.00933397313929163
488.0 0.011638634896371514
489.0 0.014534048386849463
490.0 0.017429461877327412
491.0 0.020644172036554664
492.0 0.023858886561356485
493.0 0.02589697833172977
494.0 0.027935070102103055
495.0 0.02621165767777711
496.0 0.024488239432685077
497.0 0.020498817320913076
498.0 0.0165093966643326
499.0 0.011978525435552001
500.0 0.007447655661962926
501.0 0.004870710472459905
502.0 0.002293764009664301
503.0 0.0020732144548674114
504.0 0.0018526650819694623
505.0 0.0019009597963304259
506.0 0.0019492541468935087
507.0 0.002010004027397372
508.0 0.0020707537260022946
509.0 0.0021518588255275972
510.0 0.0022329639250529
511.0 0.0017983717043534853
512.0 0.001363779665553011
513.0 0.0015298275684472173
514.0 0.0016958758351393044
515.0 0.002146311271644663
516.0 0.0025967470719479024
517.0 0.0024606260922155343
518.0 0.0023245056581799872
519.0 0.001917285771924071
520.0 0.0015100658856681548
521.0 0.001593238084751647
522.0 0.0016764104657340795
523.0 0.0017123766156146303
524.0 0.0017483429473941214
525.0 0.001965189767361153
526.0 0.0021820371330250055
527.0 0.0026122326744371094
528.0 0.0030424283977481537
529.0 0.002947938446595799
530.0 0.0028534484954434447
531.0 0.0023494592824135907
532.0 0.0018454700693837367
533.0 0.0016540087017347105
534.0 0.001462547152186744
535.0 0.0016708690964151174
536.0 0.0018791910406434909
537.0 0.002528346340113785
538.0 0.0031775016395840794
539.0 0.0037723100831499323
540.0 0.004367118890513666
541.0 0.004867201278102584
542.0 0.005367283665691502
543.0 0.005106626485940069
544.0 0.004845968942390755
545.0 0.004127013744437136
546.0 0.0034080585464835167
547.0 0.0026353694920544513
548.0 0.0018626804376253858
549.0 0.0016591002349741757
550.0 0.001455520214221906
551.0 0.001577663169882726
552.0 0.0016998059436446056
553.0 0.0017333963114651851
554.0 0.001766986861184705
555.0 0.001374524708808167
556.0 0.000982062647381099
557.0 0.0008629158401163295
558.0 0.0007437691692757653
559.0 0.0006928099082870176
560.0 0.000641850692773005
561.0 0.0009842153303907253
562.0 0.0013265800589579158
563.0 0.0015469224308617413
564.0 0.0017672648027655669
565.0 0.0017531279809190892
566.0 0.0017389913409715518
567.0 0.001391939258610364
568.0 0.001044886994350236
569.0 0.0009573782335792203
570.0 0.0008698693818587344
571.0 0.0006346570899040671
572.0 0.0003994447069999296
573.0 0.000398752354158205
574.0 0.00039806000131648034
575.0 0.000370883412870171
576.0 0.00034370680168649415
577.0 0.0003746515858438215
578.0 0.0004055964836879866
579.0 0.0005438632342702476
580.0 0.0006821301212767139
581.0 0.0005230787337495713
582.0 0.00036402741443453124
583.0 0.00037985105336701963
584.0 0.0003956746240874054
585.0 0.00046846139412082266
586.0 0.0005412480277300347
587.0 0.0005242418410489336
588.0 0.0005072356543678325
589.0 0.0006720484179822961
590.0 0.0008368611815967597
591.0 0.000523226844961755
592.0 0.00020959234916517744
593.0 0.000426891938332119
594.0 0.0006441915047616931
595.0 0.0004955214080837322
596.0 0.00034685122045630123
597.0 0.00039980595829547383
598.0 0.00045276065065991133
599.0 0.00039463625398639124
600.0 0.00033651181183813605
601.0 0.00042908068280667067
602.0 0.0005216495992499404
603.0 0.00040179816096497234
604.0 0.00028194679089210695
605.0 0.00024364853743463755
606.0 0.0002053502612398006
607.0 0.0002998370518980664
608.0 0.00039432379708159715
609.0 0.00046863119678164367
610.0 0.0005429386874311604
611.0 0.0004672536761063384
612.0 0.0003915686647815164
613.0 0.0004012784756923793
614.0 0.00041098837755271234
615.0 0.00036474114040174754
616.0 0.0003184938805134152
617.0 0.00029165139494580217
618.0 0.0002648089548529242
619.0 0.0001882094693428371
620.0 0.00011160998383275
621.0 0.0002218547933807713
622.0 0.00033209958019142505
623.0 0.00034410647913318826
624.0 0.0003561133553375839
625.0 0.0003510219130475889
626.0 0.0003459304934949614
627.0 0.0003351557552377926
628.0 0.0003243810624553589
629.0 0.0003984167051385157
630.0 0.00047245234782167245
631.0 0.0004267887106834678
632.0 0.00038112482343422016
633.0 0.0003455624209891539
634.0 0.00030999997306935256
635.0 0.0003705082463056897
636.0 0.00043101654227939434
637.0 0.00036218866625858936
638.0 0.00029336067655094666
639.0 0.000398675410906435
640.0 0.000503990258948761
641.0 0.0005129043529450428
642.0 0.0005218184469413245
643.0 0.0005286301075102529
644.0 0.0005354415861802408
645.0 0.0006209616458363598
646.0 0.000706481796441949
647.0 0.0007911384273029398
648.0 0.0008757948307902552
649.0 0.0008813192835077643
650.0 0.0008868437362252735
651.0 0.0008420140147791244
652.0 0.0007971842023835052
653.0 0.0007063073553581489
654.0 0.0006154304628580576
655.0 0.0009967179721570574
656.0 0.0013780052540823817
657.0 0.002449704334139824
658.0 0.0035214030503993854
659.0 0.005675975990016013
660.0 0.05468326271511614
661.0 0.07164916605688632
662.0 0.06398888071998954
663.0 0.10614140192046762
664.0 0.08095849771052599
665.0 0.14149333583191037
666.0 0.16057672910392284
667.0 0.16740846913307905
668.0 0.1791620277799666
669.0 0.28118989430367947
670.0 0.3555613337084651
671.0 0.515633262693882
672.0 0.809591356664896
673.0 1.3021309860050678
674.0 1.977325789630413
675.0 2.880663238465786
676.0 3.941454738378525
677.0 5.217957496643066
678.0 6.545139849185944
679.0 7.95421227812767
680.0 9.828034788370132
681.0 11.876829713582993
682.0 14.407163858413696
683.0 17.064449191093445
684.0 20.046286284923553
685.0 22.970080375671387
686.0 25.9533554315567
687.0 29.17453944683075
688.0 32.54472613334656
689.0 35.8009397983551
690.0 39.577463269233704
691.0 43.69320273399353
692.0 48.58238101005554
693.0 53.70334982872009
694.0 59.57370400428772
695.0 65.22632241249084
696.0 71.4989721775055
697.0 77.03614234924316
698.0 82.89941549301147
699.0 87.41699457168579
700.0 90.94135165214539
701.0 93.76850128173828
702.0 95.69332003593445
703.0 96.74713611602783
704.0 97.20746278762817
705.0 97.61853814125061
706.0 97.65726327896118
707.0 97.85828590393066
708.0 97.88079261779785
709.0 97.91813492774963
710.0 97.6823627948761
711.0 97.89552092552185
712.0 97.81687259674072
713.0 97.94922471046448
714.0 97.95864820480347
715.0 97.99727201461792
716.0 97.8642225265503
717.0 98.00840616226196
718.0 98.14104437828064
719.0 98.10357689857483
720.0 98.34054112434387
721.0 98.29273223876953
722.0 97.96969890594482
723.0 97.74680733680725
724.0 97.42580652236938
725.0 97.1394419670105
726.0 96.90024256706238
727.0 96.67227864265442
728.0 96.44700884819031
729.0 96.21886014938354
730.0 96.21397852897644
731.0 96.29486799240112
732.0 96.2086021900177
733.0 96.56940698623657
734.0 96.87468409538269
735.0 97.04689383506775
736.0 97.50259518623352
737.0 97.8685200214386
738.0 98.08173179626465
739.0 98.51840138435364
740.0 98.63862991333008
741.0 98.53923320770264
742.0 98.8681972026825
743.0 98.6292839050293
744.0 98.50000739097595
745.0 98.48483800888062
746.0 98.41955304145813
747.0 98.71507287025452
748.0 98.51933121681213
749.0 98.44344854354858
750.0 98.50491285324097
751.0 98.38722348213196
752.0 98.29405546188354
753.0 98.46437573432922
754.0 98.37556481361389
755.0 98.43331575393677
756.0 98.52617383003235
757.0 98.59868884086609
758.0 98.6638605594635
759.0 98.64925146102905
760.0 98.59170317649841
761.0 98.5599160194397
762.0 98.56765866279602
763.0 98.51747751235962
764.0 98.4248161315918
765.0 98.4000563621521
766.0 98.46909046173096
767.0 98.22823405265808
768.0 98.21533560752869
769.0 98.32642674446106
770.0 98.01815748214722
771.0 98.00775647163391
772.0 98.07360172271729
773.0 97.96461462974548
774.0 97.7988064289093
775.0 97.86813855171204
776.0 97.80449271202087
777.0 97.81486392021179
778.0 97.84865379333496
779.0 97.87952899932861
780.0 97.78116345405579
781.0 98.1218159198761
782.0 98.13766479492188
783.0 98.14676642417908
784.0 98.1063187122345
785.0 98.28002452850342
786.0 98.45364689826965
787.0 98.15118312835693
788.0 98.28289747238159
789.0 98.28563928604126
790.0 98.28303456306458
791.0 98.3583152294159
792.0 98.18850755691528
793.0 98.05060029029846
794.0 98.06609153747559
795.0 97.94301986694336
796.0 97.94320464134216
797.0 97.91707396507263
798.0 97.93029427528381
799.0 97.77010679244995
800.0 97.48892784118652
801.0 97.65438437461853
802.0 97.52463698387146
803.0 97.26632237434387
804.0 97.04405665397644
805.0 96.5552806854248
806.0 96.0873007774353
807.0 95.23432850837708
808.0 94.07921433448792
809.0 92.73982048034668
810.0 91.20489954948425
811.0 89.19959664344788
812.0 86.74339056015015
813.0 84.01041626930237
814.0 80.62471151351929
815.0 76.94538235664368
816.0 73.0141282081604
817.0 68.54376792907715
818.0 63.57396841049194
819.0 59.25585627555847
820.0 54.328662157058716
821.0 49.918267130851746
822.0 45.53777277469635
823.0 41.03759527206421
824.0 36.2972229719162
825.0 32.071495056152344
826.0 27.700185775756836
827.0 23.066815733909607
828.0 18.894490599632263
829.0 14.817361533641815
830.0 10.804622620344162
831.0 7.852961868047714
832.0 5.116088688373566
833.0 3.2524824142456055
834.0 1.9631534814834595
835.0 1.2014097534120083
836.0 0.6870368495583534
837.0 0.3962975461035967
838.0 0.20347111858427525
839.0 0.1530075678601861
840.0 0.10622479021549225
841.0 0.014318778994493186
842.0 0.018760150123853236
843.0 0.02290301345055923
844.0 0.006215433677425608
845.0 1.6023073709861557e-10
846.0 1.6023073709861557e-10
847.0 1.6023073709861557e-10
848.0 1.6023073709861557e-10
849.0 1.6023073709861557e-10
850.0 1.6023073709861557e-10
851.0 0.003134974031127058
852.0 0.003646817640401423
853.0 0.0021659867343259975
854.0 0.0006851559192000423
855.0 0.0004640205133910058
856.0 0.00024288515305670444
857.0 0.000545269040230778
858.0 0.0008476529728795867
859.0 0.00025623469355195994
860.0 1.6023073709861557e-10
861.0 1.6023073709861557e-10
862.0 1.6023073709861557e-10
863.0 1.6023073709861557e-10
864.0 1.6023073709861557e-10
865.0 1.6023073709861557e-10
866.0 3.498672640489531e-05
867.0 1.6023073709861557e-10
868.0 1.6023073709861557e-10
869.0 1.6023073709861557e-10
870.0 7.089217888278654e-05
871.0 4.9250672873313306e-05
872.0 2.76091355999597e-05
873.0 6.229704307969541e-07
874.0 1.6023073709861557e-10
875.0 1.6023073709861557e-10
876.0 1.6023073709861557e-10
877.0 1.6023073709861557e-10
878.0 4.772698503074935e-05
879.0 3.0185378818714526e-05
880.0 1.2643791080790834e-05
881.0 5.823361561851925e-05
882.0 0.00010382340178693994
883.0 1.6023073709861557e-10
884.0 1.6023073709861557e-10
885.0 1.6023073709861557e-10
886.0 1.8017341574250167e-05
887.0 3.119316147603968e-05
888.0 4.4368960061547114e-05
889.0 0.00013902398450227338
890.0 0.00023367899757431587
891.0 3.648011102086457e-05
892.0 1.6023073709861557e-10
893.0 1.6023073709861557e-10
894.0 3.724358066392597e-05
895.0 1.2546011873837415e-05
896.0 1.6023073709861557e-10
