lsstCam/transmission_filter_detector/r42_s00/y_10/19700101T000000.ecsv
# %ECSV 1.0
# ---
# datatype:
# - {name: wavelength, unit: nm, datatype: float32}
# - {name: efficiency, unit: '%', datatype: float64}
# meta: !!omap
# - {MODE: DETECTOR}
# - {TYPE: transmission_filter_detector}
# - {CALIBDATE: '1970-01-01T00:00:00'}
# - {INSTRUME: LSSTCam}
# - {OBSTYPE: transmission_filter_detector}
# - {CALIBCLS: lsst.ip.isr.IntermediateFilterDetectorTransmissionCurve}
# - {SOURCE: Materion (DM-46256)}
# - {DETECTOR: 171}
# - {FILTER: y_10}
# - {CALIB_ID: 'calibDate=1970-01-01T00:00:00 filter=y_10 detector=171'}
# - {DATE: '2025-04-02T15:59:51.534661'}
# - {CALIB_CREATION_DATE: '2025-04-02'}
# - {CALIB_CREATION_TIME: '15:59:51'}
# - __serialized_columns__:
#     efficiency:
#       __class__: astropy.units.quantity.Quantity
#       unit: !astropy.units.Unit {unit: '%'}
#       value: !astropy.table.SerializedColumn {name: efficiency}
#     wavelength:
#       __class__: astropy.units.quantity.Quantity
#       unit: !astropy.units.Unit {unit: nm}
#       value: !astropy.table.SerializedColumn {name: wavelength}
# schema: astropy-2.0
wavelength efficiency
[from data line 576]
876.0 0.0022789306967752054
877.0 0.0019058972611674108
878.0 0.0015328641893574968
879.0 0.0015769110177643597
880.0 0.033462909050285816
881.0 0.09305676794610918
882.0 0.037919104215689
883.0 0.10008391691371799
884.0 0.034788393531925976
885.0 0.11707628145813942
886.0 0.03628302656579763
887.0 0.10108605492860079
888.0 0.03693154139909893
889.0 0.09524032357148826
890.0 0.04167421720921993
891.0 0.10655822698026896
892.0 0.033641536720097065
893.0 0.10912782745435834
894.0 0.044008283293806016
895.0 0.11073716450482607
896.0 0.04597163351718336
897.0 0.11364039964973927
898.0 0.056093919556587934
899.0 0.12654527090489864
900.0 0.07499430794268847
901.0 0.129104929510504
902.0 0.14690461102873087
903.0 0.1738603343255818
904.0 0.1983043272048235
905.0 0.21815472282469273
906.0 0.2757329726591706
907.0 0.3425863804295659
908.0 0.4475817549973726
909.0 0.5949818529188633
910.0 0.834055058658123
911.0 1.186350453644991
912.0 1.7500409856438637
913.0 2.6125382632017136
914.0 3.6878127604722977
915.0 5.283253639936447
916.0 7.265681773424149
917.0 9.48236957192421
918.0 12.099867314100266
919.0 14.629015326499939
920.0 18.01934987306595
921.0 21.48446887731552
922.0 24.895045161247253
923.0 28.90196144580841
924.0 33.30302536487579
925.0 38.24906051158905
926.0 44.26381289958954
927.0 50.81844925880432
928.0 56.69564604759216
929.0 63.17706108093262
930.0 68.99660229682922
931.0 74.84044432640076
932.0 80.23525476455688
933.0 84.95694994926453
934.0 88.49179148674011
935.0 91.08781814575195
936.0 93.10433268547058
937.0 94.57582831382751
938.0 95.50392627716064
939.0 95.99342346191406
940.0 96.34068608283997
941.0 96.5957760810852
942.0 96.82070016860962
943.0 96.92499041557312
944.0 97.21640944480896
945.0 97.22518920898438
946.0 97.32022881507874
947.0 97.318035364151
948.0 97.44040369987488
949.0 97.37884998321533
950.0 97.43918180465698
951.0 97.50231504440308
952.0 97.5805401802063
953.0 97.75886535644531
954.0 97.79666662216187
955.0 97.90897965431213
956.0 98.07024598121643
957.0 98.29801917076111
958.0 98.44858050346375
959.0 98.51778149604797
960.0 98.63786697387695
961.0 98.72782826423645
962.0 98.80424737930298
963.0 98.83219003677368
964.0 98.88671636581421
965.0 98.89090657234192
966.0 98.94165992736816
967.0 99.03008341789246
968.0 98.99458885192871
969.0 98.99440407752991
970.0 99.06179308891296
971.0 99.09693002700806
972.0 99.15774464607239
973.0 99.27130341529846
974.0 99.24697875976562
975.0 99.21508431434631
976.0 99.28077459335327
977.0 99.263596534729
978.0 99.28885102272034
979.0 99.2529809474945
980.0 99.21122193336487
981.0 99.1630494594574
982.0 99.07700419425964
983.0 99.1034984588623
984.0 99.06575679779053
985.0 99.05725717544556
986.0 98.93620610237122
987.0 99.01446104049683
988.0 98.89246225357056
989.0 98.87326955795288
990.0 98.81386756896973
991.0 98.8599419593811
992.0 98.93664121627808
993.0 98.87452125549316
994.0 98.86730909347534
995.0 98.90857338905334
996.0 98.86962175369263
997.0 98.99604320526123
998.0 99.04929399490356
999.0 99.05673861503601
1000.0 99.13855195045471
1001.0 99.07395839691162
1002.0 99.18475151062012
1003.0 99.19343590736389
1004.0 99.2946982383728
1005.0 99.19548630714417
1006.0 99.36754703521729
1007.0 99.33748841285706
1008.0 99.27970767021179
1009.0 99.22248125076294
1010.0 99.29145574569702
1011.0 99.26992058753967
1012.0 99.18745756149292
1013.0 99.15754795074463
1014.0 99.1550087928772
1015.0 99.14438724517822
1016.0 99.11617636680603
1017.0 99.15541410446167
1018.0 99.19112920761108
1019.0 99.10780191421509
1020.0 99.16252493858337
1021.0 99.30546879768372
1022.0 99.13555979728699
1023.0 99.19245839118958
1024.0 99.17465448379517
1025.0 99.187570810318
1026.0 99.24569129943848
1027.0 99.33677911758423
1028.0 99.2365300655365
1029.0 99.37930703163147
1030.0 99.4100034236908
1031.0 99.3337094783783
1032.0 99.41380023956299
1033.0 99.38850402832031
1034.0 99.37297105789185
1035.0 99.38640594482422
1036.0 99.35587644577026
1037.0 99.37083721160889
1038.0 99.31517839431763
1039.0 99.30534362792969
1040.0 99.21059608459473
1041.0 99.25594925880432
1042.0 99.23784732818604
1043.0 99.19130802154541
1044.0 99.24755096435547
1045.0 98.99292588233948
1046.0 99.18848872184753
1047.0 99.08416271209717
1048.0 99.17433261871338
1049.0 99.04247522354126
1050.0 99.04857277870178
1051.0 99.0075409412384
1052.0 99.01270270347595
1053.0 98.8759458065033
1054.0 99.15627241134644
1055.0 99.23245906829834
1056.0 99.0962028503418
1057.0 99.13355708122253
1058.0 99.02791380882263
1059.0 99.02387261390686
1060.0 99.18578267097473
1061.0 98.98266196250916
1062.0 99.14913177490234
1063.0 99.01116490364075
1064.0 99.21761751174927
1065.0 99.13946986198425
1066.0 99.17676448822021
1067.0 99.15348887443542
1068.0 99.12055134773254
1069.0 99.03319478034973
1070.0 99.29744601249695
1071.0 99.05577301979065
1072.0 99.17204976081848
1073.0 99.25195574760437
1074.0 98.82088303565979
1075.0 98.83391857147217
1076.0 98.85509014129639
1077.0 99.01596307754517
1078.0 99.12667274475098
1079.0 98.79785180091858
1080.0 99.52971935272217
1081.0 98.84706735610962
1082.0 98.80508780479431
1083.0 98.69216084480286
1084.0 99.1987407207489
1085.0 99.01716709136963
1086.0 98.75810146331787
1087.0 99.08865690231323
1088.0 98.78219962120056
1089.0 98.75336289405823
1090.0 98.90402555465698
1091.0 98.97408485412598
1092.0 98.70226979255676
1093.0 98.76206517219543
1094.0 98.61448407173157
1095.0 98.25559258460999
1096.0 98.6125111579895
1097.0 98.3273983001709
1098.0 98.0051577091217
1099.0 98.59700798988342
1100.0 98.13053607940674
