lsstCam/transmission_filter_detector/r42_s00/y_10/19700101T000000.ecsv
# %ECSV 1.0
# ---
# datatype:
# - {name: wavelength, unit: nm, datatype: float32}
# - {name: efficiency, unit: '%', datatype: float64}
# meta: !!omap
# - {MODE: DETECTOR}
# - {TYPE: transmission_filter_detector}
# - {CALIBDATE: '1970-01-01T00:00:00'}
# - {INSTRUME: LSSTCam}
# - {OBSTYPE: transmission_filter_detector}
# - {CALIBCLS: lsst.ip.isr.IntermediateFilterDetectorTransmissionCurve}
# - {SOURCE: Materion (DM-46256)}
# - {DETECTOR: 171}
# - {FILTER: y_10}
# - {CALIB_ID: 'calibDate=1970-01-01T00:00:00 filter=y_10 detector=171'}
# - {DATE: '2025-04-02T15:59:51.534661'}
# - {CALIB_CREATION_DATE: '2025-04-02'}
# - {CALIB_CREATION_TIME: '15:59:51'}
# - __serialized_columns__:
#     efficiency:
#       __class__: astropy.units.quantity.Quantity
#       unit: !astropy.units.Unit {unit: '%'}
#       value: !astropy.table.SerializedColumn {name: efficiency}
#     wavelength:
#       __class__: astropy.units.quantity.Quantity
#       unit: !astropy.units.Unit {unit: nm}
#       value: !astropy.table.SerializedColumn {name: wavelength}
# schema: astropy-2.0
wavelength efficiency
300.0 0.02733974251896143
301.0 0.021593019482679665
302.0 0.015846294991206378
303.0 0.015342482947744429
304.0 0.014838672359474003
305.0 0.013291557843331248
306.0 0.01174444259959273
307.0 0.009650576248532161
308.0 0.007556711352663115
309.0 0.00824109447421506
310.0 0.008925478323362768
311.0 0.006690089503536001
312.0 0.004454701047507115
313.0 0.006043937537469901
314.0 0.0076331729360390455
315.0 0.006412593938875943
316.0 0.005192014941712841
317.0 0.004715047180070542
318.0 0.004238080146024004
319.0 0.0034386484912829474
320.0 0.0026392155632493086
321.0 0.002912392847065348
322.0 0.003185570676578209
323.0 0.0037860438169445843
324.0 0.00438651732110884
325.0 0.0034189029975095764
326.0 0.0024512888558092527
327.0 0.0028485057555371895
328.0 0.0032457228371640667
329.0 0.003421161454753019
330.0 0.003596600072341971
331.0 0.002980553654197138
332.0 0.002364507054153364
333.0 0.002366167427680921
334.0 0.002367827619309537
335.0 0.002060773294942919
336.0 0.0017537187886773609
337.0 0.0016711232092347927
338.0 0.001588527811691165
339.0 0.0013663690879184287
340.0 0.0011442103641456924
341.0 0.0011922168596356642
342.0 0.001240223446075106
343.0 0.0017163441953016445
344.0 0.002192465035477653
345.0 0.001361576869385317
346.0 0.0005306887032929808
347.0 0.0009475256774749141
348.0 0.0013643625607073773
349.0 0.0015566907677566633
350.0 0.001749018883856479
351.0 0.0015368914318969473
352.0 0.0013247639799374156
353.0 0.0013510976714314893
354.0 0.0013774311810266227
355.0 0.00164559023687616
356.0 0.0019137494746246375
357.0 0.0012232950211910065
358.0 0.000532840294908965
359.0 0.00053655176088796
360.0 0.0005402631359174848
361.0 0.0007240349987114314
362.0 0.0009078069524548482
363.0 0.0010831351573870052
364.0 0.0012584634532686323
365.0 0.0012874981621280313
366.0 0.0013165328709874302
367.0 0.0015897412595222704
368.0 0.0018629494661581703
369.0 0.0015205554518615827
370.0 0.001178161346615525
371.0 0.001152505137724802
372.0 0.0011268491107330192
373.0 0.0015755431377328932
374.0 0.0020242368918843567
375.0 0.00290739717456745
376.0 0.003790557457250543
377.0 0.004122748214285821
378.0 0.0044549389713210985
379.0 0.004237458779243752
380.0 0.004019978587166406
381.0 0.0033337590139126405
382.0 0.002647539440658875
383.0 0.0018057013221550733
384.0 0.0009638632946007419
385.0 0.0007033620931906626
386.0 0.0004428608917805832
387.0 0.0004298246494727209
388.0 0.00041678840716485865
389.0 0.0005010034783481387
390.0 0.0005852184131072136
391.0 0.0005690144462278113
392.0 0.0005528104338736739
393.0 0.0006028610641806154
394.0 0.0006529116035380866
395.0 0.000647418710286729
396.0 0.0006419258625101065
397.0 0.0007356957667070674
398.0 0.0008294657163787633
399.0 0.001058148336596787
400.0 0.0012868308658653405
401.0 0.0015709942090325058
402.0 0.0018551572793512605
403.0 0.001870736014097929
404.0 0.0018863145669456571
405.0 0.001925758260767907
406.0 0.0019652017726912163
407.0 0.0018972918041981757
408.0 0.0018293821995030157
409.0 0.0016248945030383766
410.0 0.0014204067156242672
411.0 0.0008615414117230102
412.0 0.00030267610782175325
413.0 0.0004201197498332476
414.0 0.0005375635737436824
415.0 0.0005693877028534189
416.0 0.0006012116955389502
417.0 0.00048618212531437166
418.0 0.000371152464140323
419.0 0.00010615091241561458
420.0 1.6119672870823498e-10
421.0 1.6119672870823498e-10
422.0 1.6119672870823498e-10
423.0 1.6119672870823498e-10
424.0 1.6119672870823498e-10
425.0 1.6119672870823498e-10
426.0 1.6119672870823498e-10
427.0 1.6119672870823498e-10
428.0 0.0004652493771573063
429.0 3.5588249147622264e-05
430.0 1.6119672870823498e-10
431.0 1.6119672870823498e-10
432.0 0.0002818081611621892
433.0 0.00019794117633864516
434.0 0.00011407423698983621
435.0 0.00027465996481623733
436.0 0.0004352459200163139
437.0 0.0003780632141570095
438.0 0.00032088053103507264
439.0 0.00017364253608320723
440.0 2.640448428792297e-05
441.0 1.6119672870823498e-10
442.0 1.6119672870823498e-10
443.0 1.6119672870823498e-10
444.0 1.6119672870823498e-10
445.0 0.00018709519054027623
446.0 0.0003895776899298653
447.0 6.723543037878699e-05
448.0 1.6119672870823498e-10
449.0 1.6119672870823498e-10
450.0 0.00017362424387101782
451.0 7.943260698084487e-05
452.0 1.6119672870823498e-10
453.0 1.6119672870823498e-10
454.0 1.1938693944557599e-05
455.0 0.00019426206563366577
456.0 0.000376585558115039
457.0 1.6119672870823498e-10
458.0 1.6119672870823498e-10
459.0 1.6119672870823498e-10
460.0 1.6119672870823498e-10
461.0 1.6119672870823498e-10
462.0 1.6119672870823498e-10
463.0 0.00020363152088975767
464.0 0.0005224592314334586
465.0 0.0005778545528301038
466.0 0.000633249919701484
467.0 0.0006610661785089178
468.0 0.0006888824827910867
469.0 0.0010801711141539272
470.0 0.0014714597455167677
471.0 0.0015248628187691793
472.0 0.0015782658010721207
473.0 0.002174027576984372
474.0 0.002769789170997683
475.0 0.0026367275495431386
476.0 0.0025036661099875346
477.0 0.0025882478439598344
478.0 0.0026728295779321343
479.0 0.0030940776923671365
480.0 0.0035153258068021387
481.0 0.0038700061850249767
482.0 0.004224686563247815
483.0 0.004197804810246453
484.0 0.00417092269344721
485.0 0.0037726353184552863
486.0 0.0033743479434633628
487.0 0.002919476173701696
488.0 0.00246460476773791
489.0 0.0023103699277271517
490.0 0.002156135087716393
491.0 0.0020166506146779284
492.0 0.0018771661416394636
493.0 0.0016558786228415556
494.0 0.0014345911040436476
495.0 0.00173247026395984
496.0 0.0020303496057749726
497.0 0.0017653677787166089
498.0 0.0015003859516582452
499.0 0.0017761589333531447
500.0 0.002051931733149104
501.0 0.0023003829483059235
502.0 0.002548833981563803
503.0 0.002868251431209501
504.0 0.0031876686989562586
505.0 0.0027300035071675666
506.0 0.0022723383153788745
507.0 0.002228028461104259
508.0 0.0021837186068296432
509.0 0.0020038714865222573
510.0 0.001824024184315931
511.0 0.0020162367945886217
512.0 0.002208449222962372
513.0 0.0022000034732627682
514.0 0.0021915577235631645
515.0 0.0017078480595955625
516.0 0.0012241383046784904
517.0 0.00120002760013449
518.0 0.0011759168046410196
519.0 0.001281793629459571
520.0 0.0013876704542781226
521.0 0.0013230172953626607
522.0 0.0012583638635987882
523.0 0.0016016248991945758
524.0 0.0019448860257398337
525.0 0.0019639543097582646
526.0 0.001983022957574576
527.0 0.0021305415430106223
528.0 0.0022780601284466684
529.0 0.0022998063286649995
530.0 0.00232155234698439
531.0 0.0021912032025284134
532.0 0.0020608540580724366
533.0 0.0020526800653897226
534.0 0.0020445060727070086
535.0 0.0018327709767618217
536.0 0.0016210356989176944
537.0 0.0018114520571543835
538.0 0.0020018684153910726
539.0 0.0024536555429222062
540.0 0.002905442306655459
541.0 0.0036434543289942667
542.0 0.004381466351333074
543.0 0.004538824578048661
544.0 0.004696182804764248
545.0 0.00481611023133155
546.0 0.004936037657898851
547.0 0.004580095992423594
548.0 0.004224154326948337
549.0 0.0035229837521910667
550.0 0.0028218131774337962
551.0 0.0025522595024085604
552.0 0.002282705463585444
553.0 0.0024340502932318486
554.0 0.002585395486676134
555.0 0.0031510346161667258
556.0 0.0037166737456573173
557.0 0.00403410303988494
558.0 0.0043515319703146815
559.0 0.004248561890562996
560.0 0.004145592174609192
561.0 0.003918803849956021
562.0 0.0036920155253028497
563.0 0.0034982938814209774
564.0 0.003304572237539105
565.0 0.003555031435098499
566.0 0.0038054899050621316
567.0 0.004098800127394497
568.0 0.004392109622131102
569.0 0.004802459443453699
570.0 0.005212808900978416
571.0 0.0056549844885012135
572.0 0.0060971604398218915
573.0 0.006412001675926149
574.0 0.006726842548232526
575.0 0.006721707904944196
576.0 0.006716573261655867
577.0 0.006345089786918834
578.0 0.005973606312181801
579.0 0.005677109584212303
580.0 0.005380613220040686
581.0 0.0058419853303348646
582.0 0.006303357804426923
583.0 0.007644073775736615
584.0 0.008984789747046307
585.0 0.009885974577628076
586.0 0.010787162318592891
587.0 0.01080878937500529
588.0 0.01083041715901345
589.0 0.010706640023272485
590.0 0.010582865797914565
591.0 0.009860709542408586
592.0 0.00913855546968989
593.0 0.008220212475862354
594.0 0.007301868754439056
595.0 0.00636324766674079
596.0 0.005424625851446763
597.0 0.005492537820828147
598.0 0.005560449790209532
599.0 0.006392138311639428
600.0 0.007223826105473563
601.0 0.008548991900170222
602.0 0.00987415696727112
603.0 0.010322265734430403
604.0 0.010770375229185447
605.0 0.010582376853562891
606.0 0.010394379205536097
607.0 0.009950015373760834
608.0 0.009505649359198287
609.0 0.00822908041300252
610.0 0.006952512194402516
611.0 0.005545427120523527
612.0 0.0041383427742403
613.0 0.0037123641959624365
614.0 0.0032863859814824536
615.0 0.0038681904698023573
616.0 0.00444999459432438
617.0 0.005784082168247551
618.0 0.00711816901457496
619.0 0.008677129517309368
620.0 0.010236089292448014
621.0 0.010862857743632048
622.0 0.011489626922411844
623.0 0.011664509656839073
624.0 0.011839390936074778
625.0 0.011170638026669621
626.0 0.010501885117264464
627.0 0.009043839236255735
628.0 0.007585794810438529
629.0 0.006097470031818375
630.0 0.00460914452560246
631.0 0.0037053403502795845
632.0 0.002801535629259888
633.0 0.0026841185899684206
634.0 0.0025667013687780127
635.0 0.0025915391233866103
636.0 0.002616376877995208
637.0 0.003078800000366755
638.0 0.0035412231227383018
639.0 0.004331749732955359
640.0 0.005122276343172416
641.0 0.005396193228079937
642.0 0.005670110112987459
643.0 0.005874158887309022
644.0 0.006078207661630586
645.0 0.005498875907505862
646.0 0.004919544153381139
647.0 0.004501435978454538
648.0 0.004083328167325817
649.0 0.0032206211471930146
650.0 0.002357913945161272
651.0 0.0020291687178541906
652.0 0.0017004231267492287
653.0 0.001569800588185899
654.0 0.001439177958673099
655.0 0.0014655282939202152
656.0 0.001491878902015742
657.0 0.001553955917188432
658.0 0.0016160329323611222
659.0 0.0014279512470238842
660.0 0.0012398697435855865
661.0 0.0013445028343994636
662.0 0.0014491358342638705
663.0 0.0015919640645734034
664.0 0.0017347922039334662
665.0 0.0022320517018670216
666.0 0.0027293115635984577
667.0 0.0031492450943915173
668.0 0.003569179170881398
669.0 0.0046688317524967715
670.0 0.005768483970314264
671.0 0.0065402920881751925
672.0 0.007312098750844598
673.0 0.007512514275731519
674.0 0.0077129290730226785
675.0 0.007332148379646242
676.0 0.006951366231078282
677.0 0.006395800301106647
678.0 0.005840233279741369
679.0 0.00470825434604194
680.0 0.0035762750485446304
681.0 0.0023163989681052044
682.0 0.0010565224329184275
683.0 0.0007364546036114916
684.0 0.0004163869562034961
685.0 0.00015898637002464966
686.0 1.6119672870823498e-10
687.0 6.589429517589451e-05
688.0 0.0002302028406120371
689.0 0.00017487966488261009
690.0 0.0001195565573652857
691.0 0.00022053852717363043
692.0 0.0003215205197193427
693.0 0.00033306180284853326
694.0 0.0003446030859777238
695.0 0.00024367486730625387
696.0 0.00014274667137215147
697.0 0.00026626007638697047
698.0 0.0003897734586644219
699.0 0.0003163201199640753
700.0 0.00024286678126372863
701.0 0.00014390906244443613
702.0 4.4951221411793085e-05
703.0 6.745878522451676e-05
704.0 8.99663859854627e-05
705.0 0.00011695834700731211
706.0 0.00014395026255442644
707.0 0.0001567910544508777
708.0 0.00016963181224127766
709.0 0.0001911390427267179
710.0 0.00021264627321215812
711.0 0.00027414318992668996
712.0 0.0003356400611664867
713.0 0.00020751101601490518
714.0 7.9381953810298e-05
715.0 7.184552828221058e-05
716.0 6.430905159504618e-05
717.0 0.0001996459104702808
718.0 0.00033498267839604523
719.0 0.0002217574774476816
720.0 0.00010853240155483945
721.0 0.00018386917872703634
722.0 0.00025920603548001964
723.0 0.0002073331188512384
724.0 0.00015546013401035452
725.0 0.00039030005609674845
726.0 0.0006251400009205099
727.0 0.00030636199426226085
728.0 1.6119672870823498e-10
729.0 0.00019288277144369204
730.0 0.00039818137338443194
731.0 0.000314667113343603
732.0 0.00023115280782803893
733.0 0.0003310745114504243
734.0 0.00043099644244648516
735.0 0.00037036074900242966
736.0 0.0003097250782957417
737.0 0.00040618319872010034
738.0 0.0005026412054576213
739.0 0.0003350235374455224
740.0 0.0001674059490142099
741.0 8.545596870135341e-05
742.0 3.5060125469499326e-06
743.0 0.00019774784050241578
744.0 0.0003919896698789671
745.0 0.0004443956186150899
746.0 0.0004968016583006829
747.0 0.00038771577237639576
748.0 0.00027862995466421125
749.0 0.0005086444616608787
750.0 0.0007386589913949138
751.0 0.0004366206212580437
752.0 0.0001345823420706438
753.0 0.00015970858839864377
754.0 0.00018483486883269507
755.0 0.0002497465857231873
756.0 0.00031465833671973087
757.0 0.00038312768992909696
758.0 0.0004515969067142578
759.0 0.0002809175157381105
760.0 0.00011023802244380931
761.0 0.00014517798945234972
762.0 0.00018011786551141995
763.0 0.0003103662720604916
764.0 0.0004406146217661444
765.0 0.00023163643163570669
766.0 2.2658225873328774e-05
767.0 1.6119672870823498e-10
768.0 1.6119672870823498e-10
769.0 1.6119672870823498e-10
770.0 1.6119672870823498e-10
771.0 1.6119672870823498e-10
772.0 0.00012725774922728306
773.0 1.6119672870823498e-10
774.0 1.6119672870823498e-10
775.0 9.756216741152457e-05
776.0 0.00034431675430823816
777.0 0.000331393175656558
778.0 0.0003184694605806726
779.0 0.0004806490778719308
780.0 0.0006428286269510863
781.0 0.0006723907517880434
782.0 0.0007019528311502654
783.0 0.0004602484295901377
784.0 0.00021854405076737748
785.0 0.00012927798707096372
786.0 4.0011963164943154e-05
787.0 0.00037315101053536637
788.0 0.0007062900749588152
789.0 0.0004529947545961477
790.0 0.00019969925233453978
791.0 0.0002823241629812401
792.0 0.00036494900541583775
793.0 0.0008032313417061232
794.0 0.001241513564309571
795.0 0.0007022827503533335
796.0 0.00016305174312947202
797.0 0.0006353081971610663
798.0 0.001107564639823977
799.0 0.00097607144198264
800.0 0.0008445780622423626
801.0 0.0008423365216003731
802.0 0.0008400950719078537
803.0 0.0006850319550721906
804.0 0.0005299688382365275
805.0 0.0006514705091831274
806.0 0.0007729721801297273
807.0 0.0006106410182837863
808.0 0.00044830985643784516
809.0 0.0007886164894443937
810.0 0.0011289233043498825
811.0 0.0008872038961271755
812.0 0.000645484715278144
813.0 0.0005972133294562809
814.0 0.0005489419891091529
815.0 0.0003364827989571495
816.0 0.0001240235974364623
817.0 0.0004485460522118956
818.0 0.0007730685865681153
819.0 0.0006039261279511265
820.0 0.00043478385123307817
821.0 0.0005314797363098478
822.0 0.0006281757123360876
823.0 0.0005307112132868497
824.0 0.0004332468961365521
825.0 0.0005532764589588623
826.0 0.0006733061127306428
827.0 0.000379766856895003
828.0 8.6227612428047e-05
829.0 0.0003644094704213785
830.0 0.0006425912488339236
831.0 0.0008568331395508721
832.0 0.0010710750757425558
833.0 0.000883536267792806
834.0 0.0006959974143683212
835.0 0.00044325201997708064
836.0 0.0001905067051666265
837.0 0.0004651932613342069
838.0 0.0007398798061331036
839.0 0.0008051703844103031
840.0 0.0008704609172127675
841.0 0.0007549257588834735
842.0 0.0006393905550794443
843.0 0.0007489970357710263
844.0 0.0008586036528868135
845.0 0.0009004324965644628
846.0 0.0009422614311915822
847.0 0.0007815914614184294
848.0 0.000620921719018952
849.0 0.0007415269010380143
850.0 0.0008621321285318118
851.0 0.0007050478416203987
852.0 0.000547963736607926
853.0 0.0005789275292045204
854.0 0.0006098915491747903
855.0 0.0007428581739077345
856.0 0.0008758247531659435
857.0 0.0010492370165593456
858.0 0.0012226490980538074
859.0 0.0012524687008408364
860.0 0.0012822882126783952
861.0 0.0011880357305926736
862.0 0.001093783157557482
863.0 0.001287305713049136
864.0 0.0014808282685407903
865.0 0.0019502287614159286
866.0 0.002419629345240537
867.0 0.0024552948161726817
868.0 0.002490960650902707
869.0 0.0028180968001834117
870.0 0.0031452331313630566
871.0 0.0031061161280376837
872.0 0.0030669991247123107
873.0 0.002773622691165656
874.0 0.0024802464395179413
