lsstCam/transmission_filter_detector/r24_s11/z_20/19700101T000000.ecsv
# %ECSV 1.0
# ---
# datatype:
# - {name: wavelength, unit: nm, datatype: float32}
# - {name: efficiency, unit: '%', datatype: float64}
# meta: !!omap
# - {MODE: DETECTOR}
# - {TYPE: transmission_filter_detector}
# - {CALIBDATE: '1970-01-01T00:00:00'}
# - {INSTRUME: LSSTCam}
# - {OBSTYPE: transmission_filter_detector}
# - {CALIBCLS: lsst.ip.isr.IntermediateFilterDetectorTransmissionCurve}
# - {SOURCE: Materion (DM-46256)}
# - {DETECTOR: 112}
# - {FILTER: z_20}
# - {CALIB_ID: 'calibDate=1970-01-01T00:00:00 filter=z_20 detector=112'}
# - {DATE: '2025-04-02T15:59:49.158481'}
# - {CALIB_CREATION_DATE: '2025-04-02'}
# - {CALIB_CREATION_TIME: '15:59:49'}
# - __serialized_columns__:
#     efficiency:
#       __class__: astropy.units.quantity.Quantity
#       unit: !astropy.units.Unit {unit: '%'}
#       value: !astropy.table.SerializedColumn {name: efficiency}
#     wavelength:
#       __class__: astropy.units.quantity.Quantity
#       unit: !astropy.units.Unit {unit: nm}
#       value: !astropy.table.SerializedColumn {name: wavelength}
# schema: astropy-2.0
wavelength efficiency
[from data line 598]
898.0 98.69816303253174
899.0 98.6001193523407
900.0 98.66753816604614
901.0 99.62494969367981
902.0 99.19298887252808
903.0 98.62514138221741
904.0 97.63784408569336
905.0 98.27299118041992
906.0 97.82131910324097
907.0 98.67353439331055
908.0 98.35904836654663
909.0 98.29525351524353
910.0 98.13864231109619
911.0 97.0140814781189
912.0 95.47743201255798
913.0 94.83765959739685
914.0 92.27970242500305
915.0 90.03106355667114
916.0 87.7062976360321
917.0 86.51087284088135
918.0 82.73072242736816
919.0 81.76328539848328
920.0 78.56021523475647
921.0 74.77191686630249
922.0 69.99881863594055
923.0 64.13812637329102
924.0 58.70732665061951
925.0 52.970004081726074
926.0 46.9054639339447
927.0 39.99910652637482
928.0 33.90823304653168
929.0 27.680569887161255
930.0 22.131937742233276
931.0 17.16594099998474
932.0 11.84878796339035
933.0 7.644327729940414
934.0 4.932975769042969
935.0 3.101407177746296
936.0 1.6705704852938652
937.0 1.009630411863327
938.0 0.558288162574172
939.0 0.30269273556768894
940.0 0.16712704673409462
941.0 0.1514822943136096
942.0 0.12442353181540966
943.0 0.07563053513877094
944.0 1.6397474740872942e-10
945.0 0.07369517697952688
946.0 1.6397474740872942e-10
947.0 1.6397474740872942e-10
948.0 1.6397474740872942e-10
949.0 0.06106278160586953
950.0 1.6397474740872942e-10
951.0 1.6397474740872942e-10
952.0 0.0023062186301103793
953.0 0.03600424388423562
954.0 1.6397474740872942e-10
955.0 1.6397474740872942e-10
956.0 1.6397474740872942e-10
957.0 1.6397474740872942e-10
958.0 1.6397474740872942e-10
959.0 0.05132955266162753
960.0 0.03649148566182703
961.0 1.6397474740872942e-10
962.0 0.04788092337548733
963.0 1.6397474740872942e-10
964.0 1.6397474740872942e-10
965.0 0.003115689105470665
966.0 1.6397474740872942e-10
967.0 0.02078499528579414
968.0 0.016545846301596612
969.0 1.6397474740872942e-10
970.0 1.6397474740872942e-10
971.0 0.016861753829289228
972.0 0.017100344120990485
973.0 1.6397474740872942e-10
974.0 1.6397474740872942e-10
975.0 0.006899792788317427
976.0 0.0062594997871201485
977.0 0.006283505354076624
978.0 0.006307512376224622
979.0 0.006081086758058518
980.0 0.0058546607760945335
981.0 0.005690736725227907
982.0 0.005526813038159162
983.0 0.005449823947856203
984.0 0.005372835221351124
985.0 0.005209483424550854
986.0 0.005046131263952702
987.0 0.004975566116627306
988.0 0.004905000969301909
989.0 0.004823275958187878
990.0 0.004741551310871728
991.0 0.0047959107178030536
992.0 0.00485027048853226
993.0 0.0047891509893815964
994.0 0.004728031490230933
995.0 0.004691667709266767
996.0 0.004655303928302601
997.0 0.0044956170313525945
998.0 0.004335929770604707
999.0 0.004235453889123164
1000.0 0.00413497764384374
1001.0 0.0042302759538870305
1002.0 0.0043255746277282014
1003.0 0.004312680175644346
1004.0 0.00429978608735837
1005.0 0.004284758324502036
1006.0 0.004269730197847821
1007.0 0.004229293335811235
1008.0 0.00418885683757253
1009.0 0.004187882586847991
1010.0 0.004186908336123452
1011.0 0.004298707062844187
1012.0 0.0044105057895649225
1013.0 0.0043044205085607246
1014.0 0.004198335227556527
1015.0 0.004325709232944064
1016.0 0.00445308287453372
1017.0 0.004586307477438822
1018.0 0.0047195320803439245
1019.0 0.004585088754538447
1020.0 0.00445064579253085
1021.0 0.004494323366088793
1022.0 0.004538000575848855
1023.0 0.0045207401853986084
1024.0 0.004503479431150481
1025.0 0.004595876453095116
1026.0 0.00468827311124187
1027.0 0.004695886673289351
1028.0 0.004703500235336833
1029.0 0.004661186176235788
1030.0 0.004618871753336862
1031.0 0.004751689994009212
1032.0 0.004884507870883681
1033.0 0.004945183536619879
1034.0 0.005005859202356078
1035.0 0.00514796374773141
1036.0 0.005290068293106742
1037.0 0.005373045496526174
1038.0 0.005456022336147726
1039.0 0.005414190673036501
1040.0 0.005372358646127395
1041.0 0.00553831341676414
1042.0 0.005704268187400885
1043.0 0.005431827230495401
1044.0 0.0051593862735899165
1045.0 0.0056697888794587925
1046.0 0.006180191121529788
1047.0 0.00617595505900681
1048.0 0.006171718268888071
1049.0 0.006214705354068428
1050.0 0.006257692439248785
1051.0 0.0063833802414592355
1052.0 0.006509068771265447
1053.0 0.006749814929207787
1054.0 0.006990561814745888
1055.0 0.007470306445611641
1056.0 0.007950052531668916
1057.0 0.007680489943595603
1058.0 0.007410928810713813
1059.0 0.007527835987275466
1060.0 0.0076447424362413585
1061.0 0.008372206502826884
1062.0 0.009099671297008172
1063.0 0.009049731306731701
1064.0 0.008999790588859469
1065.0 0.009269417205359787
1066.0 0.009539046004647389
1067.0 0.009500994929112494
1068.0 0.00946294458117336
1069.0 0.010093751188833266
1070.0 0.010724557796493173
1071.0 0.010484756057849154
1072.0 0.010244954319205135
1073.0 0.010665129229892045
1074.0 0.011085304868174717
1075.0 0.011228208313696086
1076.0 0.011371114669600502
1077.0 0.012095306010451168
1078.0 0.012819496623706073
1079.0 0.013209573808126152
1080.0 0.013599649537354708
1081.0 0.013550133735407144
1082.0 0.01350061793345958
1083.0 0.013928620319347829
1084.0 0.014356622705236077
1085.0 0.014919339446350932
1086.0 0.015482056187465787
1087.0 0.015565395005978644
1088.0 0.0156487338244915
1089.0 0.01625145523576066
1090.0 0.016854176647029817
1091.0 0.016695866361260414
1092.0 0.01653755462029949
1093.0 0.017387587286066264
1094.0 0.018237617041449994
1095.0 0.019175508350599557
1096.0 0.02011339965974912
1097.0 0.019904841610696167
1098.0 0.01969628647202626
1099.0 0.02117290860041976
1100.0 0.022649527818430215
1101.0 0.02329341950826347
1102.0 0.0239373097429052
1103.0 0.02510594786144793
1104.0 0.02627458597999066
1105.0 0.026357226306572556
1106.0 0.026439872453920543
1107.0 0.027208964456804097
1108.0 0.02797806228045374
1109.0 0.029056376661174
1110.0 0.03013468813151121
1111.0 0.030165229691192508
1112.0 0.03019576834049076
1113.0 0.03185885143466294
1114.0 0.03352194034960121
1115.0 0.033153570257127285
1116.0 0.032785203075036407
1117.0 0.033679575426504016
1118.0 0.03457395068835467
1119.0 0.03753229684662074
1120.0 0.040490643004886806
1121.0 0.041650395723991096
1122.0 0.042810148443095386
1123.0 0.042802985990419984
1124.0 0.04279582644812763
1125.0 0.04335581907071173
1126.0 0.043915811693295836
1127.0 0.04768517392221838
1128.0 0.05145453033037484
1129.0 0.05340027855709195
1130.0 0.055346026783809066
1131.0 0.0569770869333297
1132.0 0.058608141262084246
1133.0 0.06197487819008529
1134.0 0.06534161511808634
1135.0 0.0644605839625001
1136.0 0.06357954698614776
1137.0 0.06935031851753592
1138.0 0.07512110169045627
1139.0 0.07842263439670205
1140.0 0.08172415546141565
1141.0 0.09453080710954964
1142.0 0.10733744129538536
1143.0 0.130175962112844
1144.0 0.15301448293030262
1145.0 0.29831184074282646
1146.0 0.4436091985553503
1147.0 0.9320355020463467
1148.0 1.4204617589712143
1149.0 1.5849201008677483
1150.0 1.7493795603513718
