lsstCam/transmission_filter_detector/r24_s11/z_20/19700101T000000.ecsv
# %ECSV 1.0
# ---
# datatype:
# - {name: wavelength, unit: nm, datatype: float32}
# - {name: efficiency, unit: '%', datatype: float64}
# meta: !!omap
# - {MODE: DETECTOR}
# - {TYPE: transmission_filter_detector}
# - {CALIBDATE: '1970-01-01T00:00:00'}
# - {INSTRUME: LSSTCam}
# - {OBSTYPE: transmission_filter_detector}
# - {CALIBCLS: lsst.ip.isr.IntermediateFilterDetectorTransmissionCurve}
# - {SOURCE: Materion (DM-46256)}
# - {DETECTOR: 112}
# - {FILTER: z_20}
# - {CALIB_ID: 'calibDate=1970-01-01T00:00:00 filter=z_20 detector=112'}
# - {DATE: '2025-04-02T15:59:49.158481'}
# - {CALIB_CREATION_DATE: '2025-04-02'}
# - {CALIB_CREATION_TIME: '15:59:49'}
# - __serialized_columns__:
#     efficiency:
#       __class__: astropy.units.quantity.Quantity
#       unit: !astropy.units.Unit {unit: '%'}
#       value: !astropy.table.SerializedColumn {name: efficiency}
#     wavelength:
#       __class__: astropy.units.quantity.Quantity
#       unit: !astropy.units.Unit {unit: nm}
#       value: !astropy.table.SerializedColumn {name: wavelength}
# schema: astropy-2.0
wavelength efficiency
300.0 0.5973250605165958
301.0 0.4422703757882118
302.0 0.28721573762595654
303.0 0.2671648282557726
304.0 0.24711391888558865
305.0 0.21412409842014313
306.0 0.18113424303010106
307.0 0.16269565094262362
308.0 0.14425707049667835
309.0 0.13713964726775885
310.0 0.13002223568037152
311.0 0.12391130439937115
312.0 0.11780038475990295
313.0 0.10993577307090163
314.0 0.10207116138190031
315.0 0.09378656395711005
316.0 0.08550196653231978
317.0 0.07453528232872486
318.0 0.06356860394589603
319.0 0.06656135083176196
320.0 0.06955410353839397
321.0 0.06481101736426353
322.0 0.06006794283166528
323.0 0.05600810400210321
324.0 0.05194826517254114
325.0 0.046108648530207574
326.0 0.04026903188787401
327.0 0.03929505473934114
328.0 0.03832107468042523
329.0 0.03439822176005691
330.0 0.030475371750071645
331.0 0.028593093156814575
332.0 0.02671081747394055
333.0 0.026339947362430394
334.0 0.02596907434053719
335.0 0.024930329527705908
336.0 0.023891583259683102
337.0 0.02404076949460432
338.0 0.024189949908759445
339.0 0.021441896387841552
340.0 0.018693845777306706
341.0 0.01755904668243602
342.0 0.016424249042756855
343.0 0.015204327064566314
344.0 0.013984406541567296
345.0 0.013349627261050045
346.0 0.012714846525341272
347.0 0.012524564226623625
348.0 0.012334284838289022
349.0 0.013590433809440583
350.0 0.014846582780592144
351.0 0.013144357944838703
352.0 0.011442133109085262
353.0 0.012758754019159824
354.0 0.014075374929234385
355.0 0.011835042096208781
356.0 0.009594708535587415
357.0 0.010089044371852651
358.0 0.010583380935713649
359.0 0.01014252848108299
360.0 0.009701677481643856
361.0 0.008847641583997756
362.0 0.007993608596734703
363.0 0.008220665040425956
364.0 0.00844772148411721
365.0 0.008486274600727484
366.0 0.008524829900125042
367.0 0.008237274596467614
368.0 0.007949720020405948
369.0 0.008263238851213828
370.0 0.008576758409617469
371.0 0.008157212869264185
372.0 0.007737667328910902
373.0 0.006873305392218754
374.0 0.006008943819324486
375.0 0.006089011731091887
376.0 0.006169079279061407
377.0 0.006689340807497501
378.0 0.0072096016083378345
379.0 0.006219386705197394
380.0 0.005229172165854834
381.0 0.004229599653626792
382.0 0.0032300267776008695
383.0 0.004254276427673176
384.0 0.005278526077745482
385.0 0.0050362075853627175
386.0 0.004793889456777833
387.0 0.005184782276046462
388.0 0.005575675822910853
389.0 0.005084259464638308
390.0 0.004592843833961524
391.0 0.004315711703384295
392.0 0.0040385803004028276
393.0 0.004477135735214688
394.0 0.004915691533824429
395.0 0.004295495818951167
396.0 0.0036752997402800247
397.0 0.0038300637243082747
398.0 0.003984827344538644
399.0 0.004093237657798454
400.0 0.004201647971058264
401.0 0.004523137613432482
402.0 0.004844627255806699
403.0 0.004825063660973683
404.0 0.004805500429938547
405.0 0.003935771019314416
406.0 0.003066041608690284
407.0 0.0024898317860788666
408.0 0.0019136223272653297
409.0 0.0026132720449822955
410.0 0.003312922126497142
411.0 0.0036923760490026325
412.0 0.004071829607710242
413.0 0.0040002614696277305
414.0 0.003928693331545219
415.0 0.003458789433352649
416.0 0.00298888571705902
417.0 0.003418410778976977
418.0 0.0038479356589959934
419.0 0.003487359208520502
420.0 0.0031267823942471296
421.0 0.0035121061955578625
422.0 0.0038974299968685955
423.0 0.0036164139601169154
424.0 0.0033353986509609967
425.0 0.002721061355259735
426.0 0.0021067244233563542
427.0 0.002191907879023347
428.0 0.0022770911527913995
429.0 0.0020007930288556963
430.0 0.0017244954506168142
431.0 0.0013335888070287183
432.0 0.0009426821634406224
433.0 0.001177042031486053
434.0 0.0014114022633293644
435.0 0.00157162739924388
436.0 0.0017318525351583958
437.0 0.0018105185517924838
438.0 0.0018891845684265718
439.0 0.002204887096013408
440.0 0.002520589805499185
441.0 0.0022627489670412615
442.0 0.0020049083104822785
443.0 0.0025196643036906607
444.0 0.003034420296899043
445.0 0.0031925123039400205
446.0 0.0033506046747788787
447.0 0.002587538256193511
448.0 0.0018244718376081437
449.0 0.0021299101717886515
450.0 0.00243534886976704
451.0 0.0021488014681381173
452.0 0.001862253702711314
453.0 0.0017125496015069075
454.0 0.0015628453184035607
455.0 0.0019972816517110914
456.0 0.0024317181669175625
457.0 0.0018554970665718429
458.0 0.0012792759662261233
459.0 0.0015640634956071153
460.0 0.0018488510249881074
461.0 0.0013330971341929398
462.0 0.0008173431524483021
463.0 0.0013648495951201767
464.0 0.0019123561287415214
465.0 0.0019388588043511845
466.0 0.0019653618437587284
467.0 0.001869288826128468
468.0 0.0017732156265992671
469.0 0.0015231839824991766
470.0 0.001273152247449616
471.0 0.0012495801456680056
472.0 0.0012260080438863952
473.0 0.0012767558473569807
474.0 0.001327503559878096
475.0 0.0012285141565371305
476.0 0.001129524753196165
477.0 0.0013015624972467776
478.0 0.0014735999684489798
479.0 0.0017416699847672135
480.0 0.002009739910135977
481.0 0.0016150852388818748
482.0 0.001220430749526713
483.0 0.0009842881809163373
484.0 0.0007481455213564914
485.0 0.0010829618986463174
486.0 0.0014177782759361435
487.0 0.0013788093383482192
488.0 0.001339840491709765
489.0 0.0017819131244323216
490.0 0.0022239859390538186
491.0 0.00205334563361248
492.0 0.001882705146272201
493.0 0.0020462348402361386
494.0 0.002209765079896897
495.0 0.0018216658645542338
496.0 0.0014335665582621004
497.0 0.0013277344805828761
498.0 0.0012219025848025922
499.0 0.0011482348782010376
500.0 0.0010745674444478936
501.0 0.0009429003512195777
502.0 0.000811233348940732
503.0 0.001246813280886272
504.0 0.0016823933037812822
505.0 0.0019241590052843094
506.0 0.0021659245248883963
507.0 0.0018619184629642405
508.0 0.0015579122191411443
509.0 0.001641742346691899
510.0 0.0017255730199394748
511.0 0.0015676325347158127
512.0 0.0014096921404416207
513.0 0.0014439101505558938
514.0 0.0014781285244680475
515.0 0.0012386191883706488
516.0 0.0009991102160711307
517.0 0.0011409550097596366
518.0 0.0012827998943976127
519.0 0.0012860323295171838
520.0 0.0012892644008388743
521.0 0.0014969983567425516
522.0 0.0017047323126462288
523.0 0.001370864538330352
524.0 0.001036996764014475
525.0 0.0008790772881184239
526.0 0.0007211579031718429
527.0 0.001052002698997967
528.0 0.0013828474038746208
529.0 0.001331534167547943
530.0 0.0012802206583728548
531.0 0.0012673803212237544
532.0 0.0012545398021757137
533.0 0.0009136956578004174
534.0 0.0005728515588998562
535.0 0.0009778866115084384
536.0 0.0013829217095917556
537.0 0.0015875099052209407
538.0 0.0017920980099006556
539.0 0.0014840213225397747
540.0 0.0011759443623304833
541.0 0.0010767224011942744
542.0 0.0009775004400580656
543.0 0.001160356987384148
544.0 0.00134321335281129
545.0 0.0011188213647983503
546.0 0.0008944292858359404
547.0 0.0013574348486145027
548.0 0.0018204402294941247
549.0 0.0016651323676342145
550.0 0.0015098241419764236
551.0 0.0016073667211458087
552.0 0.0017049089365173131
553.0 0.0017959124306798913
554.0 0.0018869153791456483
555.0 0.0014696061953145545
556.0 0.0010522968295845203
557.0 0.001334904936811654
558.0 0.0016175132259377278
559.0 0.001497805988037726
560.0 0.0013780985682387836
561.0 0.001399352913722396
562.0 0.0014206072592060082
563.0 0.0012826973033952527
564.0 0.001144787256635027
565.0 0.00162336236826377
566.0 0.0021019377527409233
567.0 0.002384125764365308
568.0 0.0026663135940907523
569.0 0.002697730087675154
570.0 0.002729146581259556
571.0 0.0025597875719540752
572.0 0.0023904281988507137
573.0 0.001937792512762826
574.0 0.0014851568266749382
575.0 0.0018558703231974505
576.0 0.0022265836378210224
577.0 0.002019548264797777
578.0 0.0018125130736734718
579.0 0.0019312223230372183
580.0 0.002049931572400965
581.0 0.001839629294408951
582.0 0.0016293268345179968
583.0 0.00207904122362379
584.0 0.0025287554308306426
585.0 0.0025202458346029744
586.0 0.0025117360564763658
587.0 0.0018853419533115812
588.0 0.001258947577298386
589.0 0.0017414751710020937
590.0 0.0022240032194531523
591.0 0.001977759529836476
592.0 0.0017315158402197994
593.0 0.0012896774933324195
594.0 0.0008478392373945098
595.0 0.0011082916898885742
596.0 0.0013687440514331684
597.0 0.0011536333659023512
598.0 0.0009385225894220639
599.0 0.0009827454050537199
600.0 0.001026968311634846
601.0 0.0009376128218718804
602.0 0.0008482571502099745
603.0 0.0012425235581758898
604.0 0.0016367897842428647
605.0 0.0012998195416003
606.0 0.0009628491170587949
607.0 0.0010081417713081464
608.0 0.001053434516506968
609.0 0.0011366692888259422
610.0 0.0012199039701954462
611.0 0.0009727259566716384
612.0 0.0007255477612488903
613.0 0.0008102676474663895
614.0 0.0008949875336838886
615.0 0.001117841929954011
616.0 0.0013406963262241334
617.0 0.0017229807781404816
618.0 0.00210526541195577
619.0 0.0018798624296323396
620.0 0.0016544594473089091
621.0 0.0017139429473900236
622.0 0.0017734260836732574
623.0 0.001629029975447338
624.0 0.001484633958170889
625.0 0.0014172263036016375
626.0 0.0013498189218807966
627.0 0.0016089508790173568
628.0 0.0018680831999517977
629.0 0.00197696663235547
630.0 0.002085850246658083
631.0 0.002195630622736644
632.0 0.002305410998815205
633.0 0.0025156166884698905
634.0 0.0027258220143266954
635.0 0.005676729415426962
636.0 0.008627636270830408
637.0 0.015669025015085936
638.0 0.02271041157655418
639.0 0.020294764544814825
640.0 0.01787911751307547
641.0 0.015164192882366478
642.0 0.012449269706849009
643.0 0.009561989281792194
644.0 0.006674708129139617
645.0 0.006544444477185607
646.0 0.006414180097635835
647.0 0.00605435598117765
648.0 0.005694531137123704
649.0 0.004459325282368809
650.0 0.0032241197914117947
651.0 0.0035038843634538352
652.0 0.0037836489354958758
653.0 0.003129569086013362
654.0 0.0024754890546319075
655.0 0.0025129025743808597
656.0 0.002550316094129812
657.0 0.002614474215079099
658.0 0.002678631972230505
659.0 0.0023490549210691825
660.0 0.0020194776880089194
661.0 0.0022370762962964363
662.0 0.0024546745407860726
663.0 0.001999559208343271
664.0 0.0015444438759004697
665.0 0.0017642534658079967
666.0 0.001984063237614464
667.0 0.00223505176109029
668.0 0.0024860402845661156
669.0 0.0018756603822112083
670.0 0.001265280479856301
671.0 0.0010838248272193596
672.0 0.0009023691745824181
673.0 0.0012615946616278961
674.0 0.0016208201486733742
675.0 0.0017248603398911655
676.0 0.001828900167311076
677.0 0.0017368112821714021
678.0 0.0016447218513349071
679.0 0.0014370492863235995
680.0 0.0012293766303628217
681.0 0.0013339003089640755
682.0 0.0014384239875653293
683.0 0.002218103145423811
684.0 0.0029977823942317627
685.0 0.002754641718638595
686.0 0.002511501224944368
687.0 0.0018634165826370008
688.0 0.001215331576531753
689.0 0.0016950356439338066
690.0 0.00217473952943692
691.0 0.0022963411538512446
692.0 0.0024179429601645097
693.0 0.002733202745730523
694.0 0.003048462895094417
695.0 0.0031385086913360283
696.0 0.0032285548513755202
697.0 0.003684240800794214
698.0 0.004139926750212908
699.0 0.005620732554234564
700.0 0.007101537630660459
701.0 0.007152294710977003
702.0 0.007203052518889308
703.0 0.006258938083192334
704.0 0.0053148232836974785
705.0 0.004659307160181925
706.0 0.004003791400464252
707.0 0.003736588769243099
708.0 0.0034693857742240652
709.0 0.0038355989090632647
710.0 0.004201812043902464
711.0 0.003855886825476773
712.0 0.003509961607051082
713.0 0.0026649438950698823
714.0 0.0018199260011897422
715.0 0.002147673330910038
716.0 0.0024754202968324535
717.0 0.0021146701328689232
718.0 0.0017539196051075123
719.0 0.001568126208439935
720.0 0.0013823328117723577
721.0 0.0011411299055907875
722.0 0.000899926817510277
723.0 0.0011528544746397529
724.0 0.001405782222718699
725.0 0.0014505030776490457
726.0 0.0014952242963772733
727.0 0.0014201051271811593
728.0 0.0013449856851366349
729.0 0.0014877105058985762
730.0 0.0016304351447615772
731.0 0.0013490093806467485
732.0 0.0010675837074813899
733.0 0.0013603947081719525
734.0 0.001653205617913045
735.0 0.0015356157746282406
736.0 0.0014180257494444959
737.0 0.001359781435894547
738.0 0.0013015368494961876
739.0 0.001428136329195695
740.0 0.0015547357179457322
741.0 0.0014447527973970864
742.0 0.0013347696949495003
743.0 0.001735919613565784
744.0 0.0021370695321820676
745.0 0.0016290909115923569
746.0 0.0011211119272047654
747.0 0.0014315432963485364
748.0 0.0017419746654923074
749.0 0.002415358721918892
750.0 0.003088742960244417
751.0 0.00289349518425297
752.0 0.002698247590160463
753.0 0.0028339787604636513
754.0 0.002969709566968959
755.0 0.0021151847249711864
756.0 0.001260659882973414
757.0 0.001960752342711203
758.0 0.0026608446205500513
759.0 0.0026550058464636095
760.0 0.0026491668904782273
761.0 0.0044445427192840725
762.0 0.006239918729988858
763.0 0.006004804163239896
764.0 0.005769689232693054
765.0 0.005410167432273738
766.0 0.005050645995652303
767.0 0.004627067028195597
768.0 0.004203487696941011
769.0 0.0042173225665465
770.0 0.00423115816374775
771.0 0.004561379682854749
772.0 0.00489160192955751
773.0 0.004258126500644721
774.0 0.0036246510717319325
775.0 0.005519493788597174
776.0 1.6397474740872942e-10
777.0 1.6397474740872942e-10
778.0 0.15552222030237317
779.0 0.1056337496265769
780.0 0.14947932213544846
781.0 0.05717813619412482
782.0 0.06768460152670741
783.0 1.6397474740872942e-10
784.0 0.05094240768812597
785.0 0.06850456702522933
786.0 0.07787040085531771
787.0 1.6397474740872942e-10
788.0 0.1301768352277577
789.0 0.11507796589285135
790.0 0.1781488535925746
791.0 0.1345478929579258
792.0 0.03932193503715098
793.0 0.06667020497843623
794.0 1.6397474740872942e-10
795.0 0.07893728907220066
796.0 0.1365233794786036
797.0 0.12802430428564548
798.0 0.06289490847848356
799.0 0.16227192245423794
800.0 0.055088725639507174
801.0 0.5175658501684666
802.0 0.915679894387722
803.0 1.497367862612009
804.0 2.432982064783573
805.0 3.694051131606102
806.0 5.406056717038155
807.0 7.7339693903923035
808.0 10.106533765792847
809.0 12.990951538085938
810.0 16.490672528743744
811.0 19.554050266742706
812.0 22.607769072055817
813.0 26.104560494422913
814.0 29.723313450813293
815.0 34.584254026412964
816.0 39.953961968421936
817.0 46.20222747325897
818.0 52.44477391242981
819.0 58.92723202705383
820.0 66.87557697296143
821.0 74.09018874168396
822.0 79.66062426567078
823.0 84.77542996406555
824.0 89.34910893440247
825.0 93.25363039970398
826.0 95.44575214385986
827.0 96.99900150299072
828.0 98.90720844268799
829.0 99.10748600959778
830.0 98.71237277984619
831.0 99.0277886390686
832.0 98.55782985687256
833.0 99.83517527580261
834.0 98.08139204978943
835.0 99.26043152809143
836.0 99.14866089820862
837.0 99.11763668060303
838.0 98.190176486969
839.0 98.03904294967651
840.0 98.80083203315735
841.0 99.57824349403381
842.0 99.53233003616333
843.0 99.56815242767334
844.0 98.15875887870789
845.0 98.30078482627869
846.0 98.931485414505
847.0 98.74412417411804
848.0 99.87825155258179
849.0 98.4073281288147
850.0 98.64585995674133
851.0 99.24312829971313
852.0 99.13203716278076
853.0 98.74622821807861
854.0 99.53391551971436
855.0 98.76243472099304
856.0 98.85836243629456
857.0 97.84154295921326
858.0 98.6237645149231
859.0 99.25310611724854
860.0 98.46293926239014
861.0 98.8818347454071
862.0 98.88088703155518
863.0 98.31830263137817
864.0 99.35804009437561
865.0 99.6464729309082
866.0 98.70598912239075
867.0 99.30704832077026
868.0 99.26562309265137
869.0 98.83593320846558
870.0 98.37576746940613
871.0 99.23458695411682
872.0 99.03185963630676
873.0 99.03618693351746
874.0 99.35731291770935
875.0 99.15520548820496
876.0 98.78227114677429
877.0 99.60966110229492
878.0 98.99358749389648
879.0 98.67839813232422
880.0 98.25971722602844
881.0 99.67873096466064
882.0 99.02797937393188
883.0 98.66089224815369
884.0 99.22329783439636
885.0 99.21918511390686
886.0 98.69158864021301
887.0 98.44391942024231
888.0 98.90062808990479
889.0 99.40125942230225
890.0 98.12214970588684
891.0 99.55472946166992
892.0 98.69165420532227
893.0 98.7230896949768
894.0 98.07443618774414
895.0 99.89032745361328
896.0 98.63343834877014
