lsstCam/transmission_sensor/r24_s21/19700101T000000.ecsv
# %ECSV 1.0
# ---
# datatype:
# - {name: amp_name, datatype: string}
# - {name: wavelength, unit: nm, datatype: float32}
# - {name: efficiency, unit: '%', datatype: float64}
# meta: !!omap
# - {MODE: AMP}
# - {TYPE: transmission_sensor}
# - {CALIBDATE: '1970-01-01T00:00:00'}
# - {INSTRUME: LSSTCam}
# - {OBSTYPE: transmission_sensor}
# - {DETECTOR: 115}
# - {PARQUETFILE: qe_raft_allvalues_nircorrected_20230725_adjust.parquet}
# - {CORRFILE: qe_corr_factor_bydetnum.parquet}
# - {CALIBCLS: lsst.ip.isr.IntermediateSensorTransmissionCurve}
# - {CALIB_ID: 'raftName=R24 detectorName=S21 detector=115 calibDate=1970-01-01T00:00:00 ccd=115 ccdnum=115 filter=None'}
# - {DATE: '2025-03-03T21:56:48.027706'}
# - {CALIB_CREATION_DATE: '2025-03-03'}
# - {CALIB_CREATION_TIME: '21:56:48'}
# - __serialized_columns__:
#     efficiency:
#       __class__: astropy.units.quantity.Quantity
#       unit: !astropy.units.Unit {unit: '%'}
#       value: !astropy.table.SerializedColumn {name: efficiency}
#     wavelength:
#       __class__: astropy.units.quantity.Quantity
#       unit: !astropy.units.Unit {unit: nm}
#       value: !astropy.table.SerializedColumn {name: wavelength}
# schema: astropy-2.0
amp_name wavelength efficiency
C00 319.994 41.40380118603337
C00 324.969 46.80574082405047
C00 349.982 70.74261953806463
C00 374.975 76.93525934532428
C00 400.019 83.9803230619309
C00 424.965 86.40298555580144
C00 450.035 88.62773572517678
C00 475.003 90.13769324527803
C00 500.018 92.6356785958143
C00 525.002 94.81176503652323
C00 550.029 95.62756016960452
C00 575.023 97.54388905723535
C00 599.982 98.29552308761247
C00 619.997 98.41497663409083
C00 624.979 98.47458951188142
C00 650.012 99.30018724657113
C00 675.004 99.07689901613068
C00 700.03 99.20153860203472
C00 725.012 98.53689791528858
C00 750.022 98.69799923080036
C00 774.987 98.12862829028255
C00 799.976 97.25737366676914
C00 824.988 95.57764359100366
C00 850.022 93.62377476351845
C00 869.967 90.61171850926846
C00 875.002 89.2906679801941
C00 899.999 82.40953018622422
C00 919.999 74.57715279171303
C00 925.012 72.24073193151281
C00 949.965 58.07561953146464
C00 975.002 43.21509189446204
C00 999.976 26.31441962766936
C00 1025.028 11.488949009741937
C00 1050.014 4.170055008255515
C00 1075.002 0.9402909844689511
C00 1099.99 0.09329480765143432
C01 319.994 41.66137194649859
C01 324.969 47.09886974356464
C01 349.982 71.30975812779013
C01 374.975 77.5341216139963
C01 400.019 84.25099179898368
C01 424.965 86.49648612606171
C01 450.035 88.62010473012143
C01 475.003 90.06581762418953
C01 500.018 92.52232984538021
C01 525.002 94.67488548641101
C01 550.029 95.47793951531034
C01 575.023 97.38341037017585
C01 599.982 98.13641114593601
C01 619.997 98.25543948273965
C01 624.979 98.31810475855238
C01 650.012 99.14321653932811
C01 675.004 98.9241500335153
C01 700.03 99.04919964303424
C01 725.012 98.3788034396195
C01 750.022 98.5310664683209
C01 774.987 97.9502148665855
C01 799.976 97.07574839142193
C01 824.988 95.38038426708036
C01 850.022 93.42417678638417
C01 869.967 90.4167219082571
C01 875.002 89.0555649952202
C01 899.999 82.08683400825679
C01 919.999 74.49089597198292
C01 925.012 72.2383704992121
C01 949.965 58.144962877079536
C01 975.002 43.07369449155586
C01 999.976 26.16241666024223
C01 1025.028 11.30956462734568
C01 1050.014 4.073729830870283
C01 1075.002 0.9387006244398157
C01 1099.99 0.09313701359037722
C02 319.994 41.9732594463951
C02 324.969 47.45340349592718
C02 349.982 71.943381287371
C02 374.975 78.19053904935444
C02 400.019 84.61286801126515
C02 424.965 86.69001727230125
C02 450.035 88.72216264508555
C02 475.003 90.11281847930657
C02 500.018 92.53210966789891
C02 525.002 94.66344279034294
C02 550.029 95.45717257851793
C02 575.023 97.35153483063122
C02 599.982 98.1031308958588
C02 619.997 98.22151382512044
C02 624.979 98.28405761245467
C02 650.012 99.11427950235704
C02 675.004 98.89461314718166
C02 700.03 99.01758226650641
C02 725.012 98.34464999110313
C02 750.022 98.49749009007738
C02 774.987 97.90496800137672
C02 799.976 97.03153417828034
C02 824.988 95.33271522533163
C02 850.022 93.32445752463103
C02 869.967 90.35419330698267
C02 875.002 89.01009033911424
C02 899.999 82.04487492499722
C02 919.999 74.1286932594155
C02 925.012 71.89609189711754
C02 949.965 58.273034512501006
C02 975.002 43.221219469596036
C02 999.976 26.28947272791379
C02 1025.028 11.304445976060418
C02 1050.014 3.9967308128528396
C02 1075.002 0.9383807439217244
C02 1099.99 0.0931052753392404
C03 319.994 42.39373486697474
C03 324.969 47.93108100730232
C03 349.982 72.73752109916089
C03 374.975 78.99659991809646
C03 400.019 85.16201112011385
C03 424.965 87.0987045139521
C03 450.035 89.05302133020174
C03 475.003 90.39625109963102
C03 500.018 92.79069030134161
C03 525.002 94.90594138644511
C03 550.029 95.68605687199896
C03 575.023 97.58185420676445
C03 599.982 98.33173424723333
C03 619.997 98.4455917306711
C03 624.979 98.50954782156782
C03 650.012 99.34024047932432
C03 675.004 99.11713448160162
C03 700.03 99.2400200775974
C03 725.012 98.56855325696594
C03 750.022 98.71694384041538
C03 774.987 98.12732988216865
C03 799.976 97.24889225236434
C03 824.988 95.5508326024062
C03 850.022 93.51628023914176
C03 869.967 90.49505919779544
C03 875.002 89.15513239637521
C03 899.999 82.40154991179321
C03 919.999 74.23873144881064
C03 925.012 71.91562117003532
C03 949.965 58.272935803112226
C03 975.002 43.40391156564502
C03 999.976 26.48762992762345
C03 1025.028 11.461057912640383
C03 1050.014 4.012161747878942
C03 1075.002 0.9404714691139345
C03 1099.99 0.09331271517210173
C04 319.994 42.814574752989856
C04 324.969 48.4059490976123
C04 349.982 73.45178982937146
C04 374.975 79.64676069681221
C04 400.019 85.5453832000587
C04 424.965 87.34326082115874
C04 450.035 89.22730414563003
C04 475.003 90.52821036636425
C04 500.018 92.89429719440652
C04 525.002 94.9909985074501
C04 550.029 95.75680872466138
C04 575.023 97.64100390973078
C04 599.982 98.38158248856503
C04 619.997 98.49182568976764
C04 624.979 98.55337479018421
C04 650.012 99.37666424378254
C04 675.004 99.15241929157396
C04 700.03 99.27157670988599
C04 725.012 98.6005882501386
C04 750.022 98.75399782635579
C04 774.987 98.16909913968057
C04 799.976 97.28889233390821
C04 824.988 95.59440140800581
C04 850.022 93.55754835667989
C04 869.967 90.49932648060252
C04 875.002 89.13862514935995
C04 899.999 82.50090470811085
C04 919.999 74.33687136034337
C04 925.012 71.99811184693215
C04 949.965 58.320084722312416
C04 975.002 43.3800732482557
C04 999.976 26.548896187676032
C04 1025.028 11.52304076489033
C04 1050.014 4.052474092777678
C04 1075.002 0.9408244805062624
C04 1099.99 0.0933477406381436
C05 319.994 43.07535356859029
C05 324.969 48.701610292600066
C05 349.982 73.9297255037634
C05 374.975 80.10014810551861
C05 400.019 85.76006852761586
C05 424.965 87.43758903167874
C05 450.035 89.25542113537128
C05 475.003 90.51510479674681
C05 500.018 92.85464639223832
C05 525.002 94.9351517724928
C05 550.029 95.69030896874621
C05 575.023 97.56751097327236
C05 599.982 98.30080783642691
C05 619.997 98.41041322311743
C05 624.979 98.4684467506876
C05 650.012 99.29188806488406
C05 675.004 99.06483369161033
C05 700.03 99.18876712573312
C05 725.012 98.5276647909231
C05 750.022 98.6917881323374
C05 774.987 98.12171863306826
C05 799.976 97.24877076388584
C05 824.988 95.55446207070119
C05 850.022 93.52315952423643
C05 869.967 90.45565896561415
C05 875.002 89.08034105180289
C05 899.999 82.45565784290207
C05 919.999 74.33539071951174
C05 925.012 71.98685897661171
C05 949.965 58.28064272846663
C05 975.002 43.29419228350592
C05 999.976 26.53989654898016
C05 1025.028 11.541437727223393
C05 1050.014 4.076443389932876
C05 1075.002 0.9402318115725193
C05 1099.99 0.09328893657101138
C06 319.994 43.39409377797679
C06 324.969 49.06363077244975
C06 349.982 74.44489739681346
C06 374.975 80.55236618761954
C06 400.019 86.0667282264222
C06 424.965 87.67181881821348
C06 450.035 89.45216413326098
C06 475.003 90.6960391063726
C06 500.018 93.02319647008771
C06 525.002 95.09235027063299
C06 550.029 95.84317943984009
C06 575.023 97.71703291817776
C06 599.982 98.44316955413113
C06 619.997 98.5463284584316
C06 624.979 98.60710306979779
C06 650.012 99.42557094940594
C06 675.004 99.19461375876061
C06 700.03 99.31762084323489
C06 725.012 98.66503029494929
C06 750.022 98.85378542537806
C06 774.987 98.29651777453013
C06 799.976 97.42599208188769
C06 824.988 95.72409795182712
C06 850.022 93.67647798409475
C06 869.967 90.60389768846547
C06 875.002 89.21451748326864
C06 899.999 82.55543025586455
C06 919.999 74.37663605796014
C06 925.012 72.01732221259387
C06 949.965 58.39581000956316
C06 975.002 43.313372277048025
C06 999.976 26.586373485033683
C06 1025.028 11.567942147238396
C06 1050.014 4.117139182841855
C06 1075.002 0.9417751512786642
C06 1099.99 0.09344206531881802
C07 319.994 43.6361785539491
C07 324.969 49.338650315638546
C07 349.982 74.84540694525575
C07 374.975 80.87645948308965
C07 400.019 86.2114134112776
C07 424.965 87.7321302547554
C07 450.035 89.47317404701039
C07 475.003 90.68802845982195
C07 500.018 92.99719034266029
C07 525.002 95.05539499408137
C07 550.029 95.79425754815689
C07 575.023 97.65892346030853
C07 599.982 98.38475637506566
C07 619.997 98.48425543895152
C07 624.979 98.54036033692563
C07 650.012 99.35572266730229
C07 675.004 99.12477306968688
C07 700.03 99.24913171348439
C07 725.012 98.6188646731219
C07 750.022 98.83087725415221
C07 774.987 98.30140009275958
C07 799.976 97.43662232375584
C07 824.988 95.7249863363261
C07 850.022 93.66226383211105
C07 869.967 90.58440638069723
C07 875.002 89.18392516577808
C07 899.999 82.48691834702434
C07 919.999 74.27152574497387
C07 925.012 71.9067221389857
C07 949.965 58.36182740421966
C07 975.002 43.25095377470723
C07 999.976 26.574839672606743
C07 1025.028 11.595750670139724
C07 1050.014 4.144043660620021
C07 1075.002 0.9415569057444796
C07 1099.99 0.09342041119741427
C10 319.994 39.32946893909233
C10 324.969 44.44378460427696
C10 349.982 66.81743310037064
C10 374.975 73.14794714466018
C10 400.019 81.78998450408875
C10 424.965 85.06114531084494
C10 450.035 87.73607863030644
C10 475.003 89.51921818035927
C10 500.018 92.18472854970764
C10 525.002 94.46661626912427
C10 550.029 95.34879726267215
C10 575.023 97.29669796865139
C10 599.982 98.07786888536214
C10 619.997 98.20501417113509
C10 624.979 98.26931194837758
C10 650.012 99.1010448512312
C10 675.004 98.89489408928817
C10 700.03 99.09572973029711
C10 725.012 98.66932794987598
C10 750.022 99.1459348440344
C10 774.987 98.894020890849
C10 799.976 98.15685917547239
C10 824.988 96.46070537602061
C10 850.022 94.60592558880636
C10 869.967 91.68008059610705
C10 875.002 90.32678246902266
C10 899.999 83.11110337043226
C10 919.999 74.38180691132601
C10 925.012 72.15111139953441
C10 949.965 58.67410214864137
C10 975.002 43.63949291150299
C10 999.976 26.575014312294577
C10 1025.028 11.599003334325628
C10 1050.014 4.211777283894888
C10 1075.002 0.9445584380856867
C10 1099.99 0.09371822047885776
C11 319.994 40.047253242149296
C11 324.969 45.261842460270195
C11 349.982 68.17209797283807
C11 374.975 74.45820797823836
C11 400.019 82.55504301133935
C11 424.965 85.52851908063788
C11 450.035 88.04343688786412
C11 475.003 89.73103334261204
C11 500.018 92.33782681169869
C11 525.002 94.58415637206637
C11 550.029 95.44387718315284
C11 575.023 97.38249920658716
C11 599.982 98.15363213776241
C11 619.997 98.2793878990626
C11 624.979 98.34487018897039
C11 650.012 99.1790784195733
C11 675.004 98.97165962163602
C11 700.03 99.17335327502431
C11 725.012 98.74719447156016
C11 750.022 99.22112861919173
C11 774.987 98.96387676598255
C11 799.976 98.22175680207742
C11 824.988 96.499695584587
C11 850.022 94.66975259819468
C11 869.967 91.6537935265731
C11 875.002 90.30115599309052
C11 899.999 83.22036707077702
C11 919.999 74.92226359396246
C11 925.012 72.27944879100258
C11 949.965 58.302897899120595
C11 975.002 43.65378299378574
C11 999.976 26.622842807671336
C11 1025.028 11.582776080288154
C11 1050.014 4.187086174334269
C11 1075.002 0.9452748055450351
C11 1099.99 0.09378929780006104
C12 319.994 40.62486641662988
C12 324.969 45.92100097942433
C12 349.982 69.2933606990305
C12 374.975 75.535112223721
C12 400.019 83.0928800986583
C12 424.965 85.78813995917767
C12 450.035 88.15374083330596
C12 475.003 89.75031963857282
C12 500.018 92.29775839288568
C12 525.002 94.50914482962678
C12 550.029 95.3501640080552
C12 575.023 97.2728558547471
C12 599.982 98.04065544579372
C12 619.997 98.16316898332413
C12 624.979 98.22712507422084
C12 650.012 99.06223687538254
C12 675.004 98.85495475198357
C12 700.03 99.05973117551362
C12 725.012 98.63403554687373
C12 750.022 99.11330759452909
C12 774.987 98.85257054059313
C12 799.976 98.10981276217592
C12 824.988 96.38831342889853
C12 850.022 94.53081533697798
C12 869.967 91.61364917746103
C12 875.002 90.19236306059993
C12 899.999 82.83279604529424
C12 919.999 74.70389564690097
C12 925.012 72.54130202033468
C12 949.965 58.69980075835761
C12 975.002 43.37147793840231
C12 999.976 26.277561162249036
C12 1025.028 11.431284693250925
C12 1050.014 4.117272535429577
C12 1075.002 0.9442475998244014
C12 1099.99 0.09368737939213426
C13 319.994 41.11963963483797
C13 324.969 46.4832724369802
C13 349.982 70.20878397750606
C13 374.975 76.42047469679942
C13 400.019 83.64238007991258
C13 424.965 86.14870257728543
C13 450.035 88.41644448198753
C13 475.003 89.9534483746133
C13 500.018 92.46560231895383
C13 525.002 94.6538755726616
C13 550.029 95.47679296779457
C13 575.023 97.39435951930004
C13 599.982 98.15281968356248
C13 619.997 98.2762519777115
C13 624.979 98.34043585950539
C13 650.012 99.16835706134628
C13 675.004 98.96164441519024
C13 700.03 99.16295841708325
C13 725.012 98.7454101095323
C13 750.022 99.22131844493937
C13 774.987 98.96213036910422
C13 799.976 98.21997244004956
C13 824.988 96.47677222730132
C13 850.022 94.5926681585908
C13 869.967 91.63676995352425
C13 875.002 90.33484626678265
C13 899.999 82.8927430164007
C13 919.999 74.69147344997506
C13 925.012 72.29450576930583
C13 949.965 58.88720432946315
C13 975.002 43.96559076686824
C13 999.976 26.546827087026696
C13 1025.028 11.427564108597073
C13 1050.014 4.09846507491723
C13 1075.002 0.9452766139620777
C13 1099.99 0.09378947722953865
C14 319.994 41.52229041771369
C14 324.969 46.9393781503929
C14 349.982 70.93525470677528
C14 374.975 77.0936727282494
C14 400.019 83.99060402442339
C14 424.965 86.32379784691364
C14 450.035 88.49434896882123
C14 475.003 89.97006951707715
C14 500.018 92.44267136863826
C14 525.002 94.60438420373548
C14 550.029 95.41362655200804
C14 575.023 97.31502754284404
C14 599.982 98.06955451761527
C14 619.997 98.18574306123412
C14 624.979 98.2455913229518
C14 650.012 99.07453758382997
C14 675.004 98.86051284987462
C14 700.03 99.06699770513349
C14 725.012 98.64481005631009
C14 750.022 99.13118158692738
C14 774.987 98.87965487826719
C14 799.976 98.13558350567628
C14 824.988 96.38557993813242
C14 850.022 94.50376896445346
C14 869.967 91.53629138878053
C14 875.002 90.15413215502413
C14 899.999 82.88952357172063
C14 919.999 74.74487522930269
C14 925.012 72.18486241746578
C14 949.965 58.4417858056429
C14 975.002 43.85702562527482
C14 999.976 26.641286277312574
C14 1025.028 11.467290841064324
C14 1050.014 4.065552137661715
C14 1075.002 0.9444178843150116
C14 1099.99 0.09370427486285546
C15 319.994 42.015260291319144
C15 324.969 47.497579743919246
C15 349.982 71.76391243251703
C15 374.975 77.82684050989556
C15 400.019 84.41445454679616
C15 424.965 86.59454251426547
C15 450.035 88.68970244223817
C15 475.003 90.12032798588342
C15 500.018 92.56400039350335
C15 525.002 94.70646489778932
C15 550.029 95.49939741782418
C15 575.023 97.3919525288199
C15 599.982 98.13572018021458
C15 619.997 98.24653285866012
C15 624.979 98.30781620302999
C15 650.012 99.12430230183271
C15 675.004 98.91170505749966
C15 700.03 99.11118913918536
C15 725.012 98.69885724317972
C15 750.022 99.1921156519216
C15 774.987 98.94664058809634
C15 799.976 98.20301720426987
C15 824.988 96.44932342419179
C15 850.022 94.53070903455931
C15 869.967 91.58722543338877
C15 875.002 90.23033580315894
C15 899.999 82.84959942047583
C15 919.999 74.54750200993081
C15 925.012 72.25799848151864
C15 949.965 58.82160434759182
C15 975.002 43.780415750040056
C15 999.976 26.51091205557217
C15 1025.028 11.424205141992486
C15 1050.014 4.0498782256786265
C15 1075.002 0.9449984000056828
C15 1099.99 0.09376187309637506
C16 319.994 42.368552583292086
C16 324.969 47.89710979150368
C16 349.982 72.29130910371548
C16 374.975 78.25091882316552
C16 400.019 84.66248846169968
C16 424.965 86.76513511715952
C16 450.035 88.8213959529247
C16 475.003 90.23073823374395
C16 500.018 92.6604774314867
C16 525.002 94.7892972610319
C16 550.029 95.57463675116095
C16 575.023 97.45502782824754
C16 599.982 98.1906557515832
C16 619.997 98.2938829931528
C16 624.979 98.3546727905788
C16 650.012 99.16800018894071
C16 675.004 98.94457528396195
C16 700.03 99.14094622338627
C16 725.012 98.73613902001729
C16 750.022 99.24215371900094
C16 774.987 99.0090856660418
C16 799.976 98.26736813272169
C16 824.988 96.50696211420687
C16 850.022 94.5813241719115
C16 869.967 91.61671676154297
C16 875.002 90.24303894219138
C16 899.999 82.93796710251976
C16 919.999 74.53202741498275
C16 925.012 72.18837799031218
C16 949.965 58.77045769814622
C16 975.002 43.87789886448592
C16 999.976 26.63765870727507
C16 1025.028 11.486542019261792
C16 1050.014 4.066428183487099
C16 1075.002 0.9454751099303121
C16 1099.99 0.09380917181715237
C17 319.994 42.62200792154835
C17 324.969 48.18750142373681
C17 349.982 72.77165936161745
C17 374.975 78.70597669845121
C17 400.019 84.91486558970932
C17 424.965 86.91092888438116
C17 450.035 88.91110760126197
C17 475.003 90.2867747944489
C17 500.018 92.69662784686831
C17 525.002 94.81542487693783
C17 550.029 95.58683875021961
C17 575.023 97.46729057154545
C17 599.982 98.20115691194293
C17 619.997 98.30150639517825
C17 624.979 98.35926657367183
C17 650.012 99.16773443289401
C17 675.004 98.94652669264775
C17 700.03 99.15367973453833
C17 725.012 98.75961666848609
C17 750.022 99.28961774894222
C17 774.987 99.07489445623554
C17 799.976 98.34032196405681
C17 824.988 96.57343149800242
C17 850.022 94.6417267248123
C17 869.967 91.66680797983167
C17 875.002 90.2879441210544
C17 899.999 82.99417070988264
C17 919.999 74.51097953608381
C17 925.012 72.1737917798631
C17 949.965 58.79746990203618
C17 975.002 43.87661943894679
C17 999.976 26.706901445243716
C17 1025.028 11.551517474423369
C17 1050.014 4.10171489171692
C17 1075.002 0.9459272968820359
C17 1099.99 0.09385403739108679
