lsstCam/transmission_sensor/r24_s21/19700101T000000.ecsv
# %ECSV 1.0
# ---
# datatype:
# - {name: amp_name, datatype: string}
# - {name: wavelength, unit: nm, datatype: float32}
# - {name: efficiency, unit: '%', datatype: float64}
# meta: !!omap
# - {MODE: AMP}
# - {TYPE: transmission_sensor}
# - {CALIBDATE: '1970-01-01T00:00:00'}
# - {INSTRUME: LSSTCAM}
# - {OBSTYPE: transmission_sensor}
# - {DETECTOR: 115}
# - {PARQUETFILE: qe_raft_allvalues_nircorrected_20230725.parquet}
# - {CALIBCLS: lsst.ip.isr.IntermediateSensorTransmissionCurve}
# - {CALIB_ID: 'raftName=R24 detectorName=S21 detector=115 calibDate=1970-01-01T00:00:00 ccd=115 ccdnum=115 filter=None'}
# - {DATE: '2023-08-02T16:57:55.894649'}
# - {CALIB_CREATION_DATE: '2023-08-02'}
# - {CALIB_CREATION_TIME: '16:57:55'}
# - __serialized_columns__:
#     efficiency:
#       __class__: astropy.units.quantity.Quantity
#       unit: !astropy.units.Unit {unit: '%'}
#       value: !astropy.table.SerializedColumn {name: efficiency}
#     wavelength:
#       __class__: astropy.units.quantity.Quantity
#       unit: !astropy.units.Unit {unit: nm}
#       value: !astropy.table.SerializedColumn {name: wavelength}
# schema: astropy-2.0
amp_name wavelength efficiency
C00 319.994 41.60209274291992
C00 324.969 47.029903411865234
C00 349.982 71.0814208984375
C00 374.975 77.30371856689453
C00 400.019 84.38252258300781
C00 424.965 86.81678771972656
C00 450.035 89.05219268798828
C00 475.003 90.56938171386719
C00 500.018 93.07933044433594
C00 525.002 95.26583862304688
C00 550.029 96.08554077148438
C00 575.023 98.01104736328125
C00 599.982 98.76628112792969
C00 619.997 98.88630676269531
C00 624.979 98.94620513916016
C00 650.012 99.7757568359375
C00 675.004 99.55139923095703
C00 700.03 99.6766357421875
C00 725.012 99.0088119506836
C00 750.022 99.17068481445312
C00 774.987 98.59858703613281
C00 799.976 97.72315979003906
C00 824.988 96.03538513183594
C00 850.022 94.07215881347656
C00 869.967 91.0456771850586
C00 875.002 89.71829986572266
C00 899.999 82.80420684814453
C00 919.999 74.93431854248047
C00 925.012 72.58670806884766
C00 949.965 58.353755950927734
C00 975.002 43.42205810546875
C00 999.976 26.440444946289062
C00 1025.028 11.54397201538086
C00 1050.014 4.19002628326416
C00 1075.002 0.9447942367766072
C00 1099.99 0.09374161620834708
C01 319.994 41.860897064208984
C01 324.969 47.32443618774414
C01 349.982 71.65127563476562
C01 374.975 77.90544891357422
C01 400.019 84.65448760986328
C01 424.965 86.91073608398438
C01 450.035 89.04452514648438
C01 475.003 90.49716186523438
C01 500.018 92.96543884277344
C01 525.002 95.12830352783203
C01 550.029 95.9352035522461
C01 575.023 97.84980010986328
C01 599.982 98.60640716552734
C01 619.997 98.72600555419922
C01 624.979 98.78897094726562
C01 650.012 99.61803436279297
C01 675.004 99.39791870117188
C01 700.03 99.52356719970703
C01 725.012 98.84996032714844
C01 750.022 99.0029525756836
C01 774.987 98.41931915283203
C01 799.976 97.54066467285156
C01 824.988 95.8371810913086
C01 850.022 93.8716049194336
C01 869.967 90.84974670410156
C01 875.002 89.48207092285156
C01 899.999 82.47996520996094
C01 919.999 74.84764862060547
C01 925.012 72.58433532714844
C01 949.965 58.423431396484375
C01 975.002 43.27998352050781
C01 999.976 26.2877140045166
C01 1025.028 11.363728523254395
C01 1050.014 4.093239784240723
C01 1075.002 0.9431962601770808
C01 1099.99 0.09358306643817299
C02 319.994 42.174278259277344
C02 324.969 47.680667877197266
C02 349.982 72.28793334960938
C02 374.975 78.56501007080078
C02 400.019 85.01809692382812
C02 424.965 87.10519409179688
C02 450.035 89.1470718383789
C02 475.003 90.54438781738281
C02 500.018 92.97526550292969
C02 525.002 95.11680603027344
C02 550.029 95.91433715820312
C02 575.023 97.8177719116211
C02 599.982 98.57296752929688
C02 619.997 98.6919174194336
C02 624.979 98.7547607421875
C02 650.012 99.58895874023438
C02 675.004 99.36824035644531
C02 700.03 99.4917984008789
C02 725.012 98.81564331054688
C02 750.022 98.9692153930664
C02 774.987 98.37385559082031
C02 799.976 97.4962387084961
C02 824.988 95.7892837524414
C02 850.022 93.77140808105469
C02 869.967 90.78691864013672
C02 875.002 89.4363784790039
C02 899.999 82.43780517578125
C02 919.999 74.48371124267578
C02 925.012 72.24041748046875
C02 949.965 58.55211639404297
C02 975.002 43.42821502685547
C02 999.976 26.41537857055664
C02 1025.028 11.358585357666016
C02 1050.014 4.015872001647949
C02 1075.002 0.9428748476835638
C02 1099.99 0.09355117618584183
C03 319.994 42.59676742553711
C03 324.969 48.1606330871582
C03 349.982 73.08587646484375
C03 374.975 79.37493133544922
C03 400.019 85.56986999511719
C03 424.965 87.51583862304688
C03 450.035 89.4795150756836
C03 475.003 90.82917785644531
C03 500.018 93.2350845336914
C03 525.002 95.36046600341797
C03 550.029 96.14431762695312
C03 575.023 98.0491943359375
C03 599.982 98.80266571044922
C03 619.997 98.91706848144531
C03 624.979 98.98133087158203
C03 650.012 99.81600189208984
C03 675.004 99.59182739257812
C03 700.03 99.71530151367188
C03 725.012 99.04061889648438
C03 750.022 99.1897201538086
C03 774.987 98.59728240966797
C03 799.976 97.71463775634766
C03 824.988 96.0084457397461
C03 850.022 93.96414947509766
C03 869.967 90.92845916748047
C03 875.002 89.58211517333984
C03 899.999 82.79618835449219
C03 919.999 74.59427642822266
C03 925.012 72.26004028320312
C03 949.965 58.55201721191406
C03 975.002 43.61178207397461
C03 999.976 26.614484786987305
C03 1025.028 11.515947341918945
C03 1050.014 4.031376838684082
C03 1075.002 0.944975585800711
C03 1099.99 0.09375960949191672
C04 319.994 43.019622802734375
C04 324.969 48.63777542114258
C04 349.982 73.8035659790039
C04 374.975 80.02820587158203
C04 400.019 85.955078125
C04 424.965 87.76156616210938
C04 450.035 89.65463256835938
C04 475.003 90.9617691040039
C04 500.018 93.33918762207031
C04 525.002 95.44593048095703
C04 550.029 96.21540832519531
C04 575.023 98.10862731933594
C04 599.982 98.85275268554688
C04 619.997 98.9635238647461
C04 624.979 99.0253677368164
C04 650.012 99.85260009765625
C04 675.004 99.62728118896484
C04 700.03 99.74700927734375
C04 725.012 99.07280731201172
C04 750.022 99.2269515991211
C04 774.987 98.63925170898438
C04 799.976 97.75482940673828
C04 824.988 96.0522232055664
C04 850.022 94.005615234375
C04 869.967 90.93274688720703
C04 875.002 89.5655288696289
C04 899.999 82.8960189819336
C04 919.999 74.69288635253906
C04 925.012 72.34292602539062
C04 949.965 58.59939193725586
C04 975.002 43.58782958984375
C04 999.976 26.676044464111328
C04 1025.028 11.578227043151855
C04 1050.014 4.071882247924805
C04 1075.002 0.9453302878392253
C04 1099.99 0.09379480270232006
C05 319.994 43.28165054321289
C05 324.969 48.934852600097656
C05 349.982 74.2837905883789
C05 374.975 80.4837646484375
C05 400.019 86.17079162597656
C05 424.965 87.8563461303711
C05 450.035 89.6828842163086
C05 475.003 90.94860076904297
C05 500.018 93.29934692382812
C05 525.002 95.38981628417969
C05 550.029 96.14859008789062
C05 575.023 98.03478240966797
C05 599.982 98.77159118652344
C05 619.997 98.88172149658203
C05 624.979 98.94003295898438
C05 650.012 99.76741790771484
C05 675.004 99.53927612304688
C05 700.03 99.66380310058594
C05 725.012 98.9995346069336
C05 750.022 99.16444396972656
C05 774.987 98.59164428710938
C05 799.976 97.71451568603516
C05 824.988 96.01209259033203
C05 850.022 93.97106170654297
C05 869.967 90.88887023925781
C05 875.002 89.50696563720703
C05 899.999 82.85055541992188
C05 919.999 74.69139862060547
C05 925.012 72.33161926269531
C05 949.965 58.55976104736328
C05 975.002 43.50153732299805
C05 999.976 26.667001724243164
C05 1025.028 11.596712112426758
C05 1050.014 4.095966339111328
C05 1075.002 0.9447347804886649
C05 1099.99 0.09373571701007881
C06 319.994 43.6019172668457
C06 324.969 49.298606872558594
C06 349.982 74.80142974853516
C06 374.975 80.93814849853516
C06 400.019 86.47891998291016
C06 424.965 88.0916976928711
C06 450.035 89.88056945800781
C06 475.003 91.13040161132812
C06 500.018 93.46870422363281
C06 525.002 95.54776763916016
C06 550.029 96.30219268798828
C06 575.023 98.18502044677734
C06 599.982 98.91463470458984
C06 619.997 99.0182876586914
C06 624.979 99.07935333251953
C06 650.012 99.90174102783203
C06 675.004 99.669677734375
C06 700.03 99.79327392578125
C06 725.012 99.13755798339844
C06 750.022 99.32721710205078
C06 774.987 98.76728057861328
C06 799.976 97.89258575439453
C06 824.988 96.18254089355469
C06 850.022 94.12511444091797
C06 869.967 91.0378189086914
C06 875.002 89.64178466796875
C06 899.999 82.9508056640625
C06 919.999 74.73284149169922
C06 925.012 72.36222839355469
C06 949.965 58.675479888916016
C06 975.002 43.520809173583984
C06 999.976 26.713701248168945
C06 1025.028 11.623343467712402
C06 1050.014 4.136857032775879
C06 1075.002 0.9462855115749336
C06 1099.99 0.09388957912383102
C07 319.994 43.84516143798828
C07 324.969 49.57494354248047
C07 349.982 75.203857421875
C07 374.975 81.2637939453125
C07 400.019 86.62429809570312
C07 424.965 88.15229797363281
C07 450.035 89.90167999267578
C07 475.003 91.12235260009766
C07 500.018 93.44257354736328
C07 525.002 95.51063537597656
C07 550.029 96.25303649902344
C07 575.023 98.12663269042969
C07 599.982 98.85594177246094
C07 619.997 98.95591735839844
C07 624.979 99.01229095458984
C07 650.012 99.83155822753906
C07 675.004 99.59950256347656
C07 700.03 99.72445678710938
C07 725.012 99.09117126464844
C07 750.022 99.30419921875
C07 774.987 98.77218627929688
C07 799.976 97.90326690673828
C07 824.988 96.18343353271484
C07 850.022 94.11083221435547
C07 869.967 91.01823425292969
C07 875.002 89.61104583740234
C07 899.999 82.88196563720703
C07 919.999 74.62722778320312
C07 925.012 72.2510986328125
C07 949.965 58.641334533691406
C07 975.002 43.458091735839844
C07 999.976 26.702112197875977
C07 1025.028 11.651285171508789
C07 1050.014 4.163890361785889
C07 1075.002 0.9460662208167474
C07 1099.99 0.09386782129626206
C10 319.994 39.517826080322266
C10 324.969 44.65663528442383
C10 349.982 67.13743591308594
C10 374.975 73.4982681274414
C10 400.019 82.18169403076172
C10 424.965 85.46852111816406
C10 450.035 88.15626525878906
C10 475.003 89.94794464111328
C10 500.018 92.626220703125
C10 525.002 94.91903686523438
C10 550.029 95.8054428100586
C10 575.023 97.7626724243164
C10 599.982 98.5475845336914
C10 619.997 98.67533874511719
C10 624.979 98.73994445800781
C10 650.012 99.5756607055664
C10 675.004 99.36852264404297
C10 700.03 99.57032012939453
C10 725.012 99.14187622070312
C10 750.022 99.62076568603516
C10 774.987 99.36764526367188
C10 799.976 98.626953125
C10 824.988 96.92267608642578
C10 850.022 95.05901336669922
C10 869.967 92.11915588378906
C10 875.002 90.7593765258789
C10 899.999 83.50914001464844
C10 919.999 74.738037109375
C10 925.012 72.49665832519531
C10 949.965 58.95510482788086
C10 975.002 43.84849166870117
C10 999.976 26.702287673950195
C10 1025.028 11.654553413391113
C10 1050.014 4.231948375701904
C10 1075.002 0.9490821281308781
C10 1099.99 0.09416705684931301
C11 319.994 40.23904800415039
C11 324.969 45.47861099243164
C11 349.982 68.49858856201172
C11 374.975 74.81480407714844
C11 400.019 82.9504165649414
C11 424.965 85.9381332397461
C11 450.035 88.46509552001953
C11 475.003 90.16077423095703
C11 500.018 92.7800521850586
C11 525.002 95.03713989257812
C11 550.029 95.9009780883789
C11 575.023 97.84888458251953
C11 599.982 98.62371063232422
C11 619.997 98.75006866455078
C11 624.979 98.81586456298828
C11 650.012 99.65406799316406
C11 675.004 99.4456558227539
C11 700.03 99.6483154296875
C11 725.012 99.2201156616211
C11 750.022 99.69631958007812
C11 774.987 99.43783569335938
C11 799.976 98.6921615600586
C11 824.988 96.96185302734375
C11 850.022 95.1231460571289
C11 869.967 92.09274291992188
C11 875.002 90.73362731933594
C11 899.999 83.61892700195312
C11 919.999 75.28108215332031
C11 925.012 72.6256103515625
C11 949.965 58.582122802734375
C11 975.002 43.862850189208984
C11 999.976 26.75034523010254
C11 1025.028 11.638248443603516
C11 1050.014 4.207139015197754
C11 1075.002 0.9498019264254336
C11 1099.99 0.0942384745748337
C12 319.994 40.819427490234375
C12 324.969 46.140926361083984
C12 349.982 69.6252212524414
C12 374.975 75.89686584472656
C12 400.019 83.49082946777344
C12 424.965 86.1989974975586
C12 450.035 88.575927734375
C12 475.003 90.1801528930664
C12 500.018 92.73979187011719
C12 525.002 94.9617691040039
C12 550.029 95.80681610107422
C12 575.023 97.73871612548828
C12 599.982 98.51019287109375
C12 619.997 98.63329315185547
C12 624.979 98.69755554199219
C12 650.012 99.53666687011719
C12 675.004 99.3283920288086
C12 700.03 99.53414916992188
C12 725.012 99.10641479492188
C12 750.022 99.58798217773438
C12 774.987 99.32599639892578
C12 799.976 98.57968139648438
C12 824.988 96.84993743896484
C12 850.022 94.9835433959961
C12 869.967 92.05240631103516
C12 875.002 90.62431335449219
C12 899.999 83.22949981689453
C12 919.999 75.0616683959961
C12 925.012 72.88871765136719
C12 949.965 58.980926513671875
C12 975.002 43.579193115234375
C12 999.976 26.403409957885742
C12 1025.028 11.486031532287598
C12 1050.014 4.136991024017334
C12 1075.002 0.9487698011994464
C12 1099.99 0.0941360680581052
C13 319.994 41.31657028198242
C13 324.969 46.70589065551758
C13 349.982 70.54502868652344
C13 374.975 76.78646850585938
C13 400.019 84.04296112060547
C13 424.965 86.56128692626953
C13 450.035 88.83988952636719
C13 475.003 90.3842544555664
C13 500.018 92.90843963623047
C13 525.002 95.10719299316406
C13 550.029 95.93405151367188
C13 575.023 97.86080169677734
C13 599.982 98.62289428710938
C13 619.997 98.74691772460938
C13 624.979 98.81140899658203
C13 650.012 99.64329528808594
C13 675.004 99.43559265136719
C13 700.03 99.63787078857422
C13 725.012 99.21832275390625
C13 750.022 99.6965103149414
C13 774.987 99.43608093261719
C13 799.976 98.69036865234375
C13 824.988 96.9388198852539
C13 850.022 95.04569244384766
C13 869.967 92.07563781738281
C13 875.002 90.7674789428711
C13 899.999 83.28973388671875
C13 919.999 75.04918670654297
C13 925.012 72.64073944091797
C13 949.965 59.169227600097656
C13 975.002 44.176151275634766
C13 999.976 26.673965454101562
C13 1025.028 11.482293128967285
C13 1050.014 4.118093490600586
C13 1075.002 0.9498037435033677
C13 1099.99 0.094238654863637
C14 319.994 41.72114944458008
C14 324.969 47.164180755615234
C14 349.982 71.27497863769531
C14 374.975 77.462890625
C14 400.019 84.39285278320312
C14 424.965 86.73722076416016
C14 450.035 88.91816711425781
C14 475.003 90.40095520019531
C14 500.018 92.8853988647461
C14 525.002 95.05746459960938
C14 550.029 95.8705825805664
C14 575.023 97.78108978271484
C14 599.982 98.53923034667969
C14 619.997 98.65597534179688
C14 624.979 98.71611022949219
C14 650.012 99.54902648925781
C14 675.004 99.33397674560547
C14 700.03 99.54145050048828
C14 725.012 99.11724090576172
C14 750.022 99.60594177246094
C14 774.987 99.35321044921875
C14 799.976 98.60557556152344
C14 824.988 96.8471908569336
C14 850.022 94.95636749267578
C14 869.967 91.97467803955078
C14 875.002 90.58589935302734
C14 899.999 83.2864990234375
C14 919.999 75.10284423828125
C14 925.012 72.53057098388672
C14 949.965 58.721675872802734
C14 975.002 44.06706619262695
C14 999.976 26.768877029418945
C14 1025.028 11.522210121154785
C14 1050.014 4.085022926330566
C14 1075.002 0.9489409012184813
C14 1099.99 0.09415304444480749
C15 319.994 42.21648025512695
C15 324.969 47.72505569458008
C15 349.982 72.10760498046875
C15 374.975 78.19956970214844
C15 400.019 84.81873321533203
C15 424.965 87.00926208496094
C15 450.035 89.11445617675781
C15 475.003 90.55193328857422
C15 500.018 93.00730895996094
C15 525.002 95.1600341796875
C15 550.029 95.9567642211914
C15 575.023 97.85838317871094
C15 599.982 98.605712890625
C15 619.997 98.71705627441406
C15 624.979 98.77863311767578
C15 650.012 99.59902954101562
C15 675.004 99.38541412353516
C15 700.03 99.58585357666016
C15 725.012 99.17154693603516
C15 750.022 99.66716766357422
C15 774.987 99.42051696777344
C15 799.976 98.67333221435547
C15 824.988 96.91123962402344
C15 850.022 94.98343658447266
C15 869.967 92.0258560180664
C15 875.002 90.66246795654297
C15 899.999 83.24638366699219
C15 919.999 74.90452575683594
C15 925.012 72.60405731201172
C15 949.965 59.10331344604492
C15 975.002 43.990089416503906
C15 999.976 26.63787841796875
C15 1025.028 11.478918075561523
C15 1050.014 4.069273948669434
C15 1075.002 0.9495241971215196
C15 1099.99 0.09421091852844402
C16 319.994 42.57146453857422
C16 324.969 48.12649917602539
C16 349.982 72.63752746582031
C16 374.975 78.62567901611328
C16 400.019 85.06795501708984
C16 424.965 87.18067169189453
C16 450.035 89.24678039550781
C16 475.003 90.66287231445312
C16 500.018 93.104248046875
C16 525.002 95.2432632446289
C16 550.029 96.03236389160156
C16 575.023 97.92176055908203
C16 599.982 98.6609115600586
C16 619.997 98.76463317871094
C16 624.979 98.82571411132812
C16 650.012 99.64293670654297
C16 675.004 99.41844177246094
C16 700.03 99.61575317382812
C16 725.012 99.2090072631836
C16 750.022 99.71744537353516
C16 774.987 99.48326110839844
C16 799.976 98.73799133300781
C16 824.988 96.96915435791016
C16 850.022 95.03429412841797
C16 869.967 92.05548858642578
C16 875.002 90.67523193359375
C16 899.999 83.33517456054688
C16 919.999 74.88897705078125
C16 925.012 72.53410339355469
C16 949.965 59.05192184448242
C16 975.002 44.08803939819336
C16 999.976 26.76523208618164
C16 1025.028 11.541553497314453
C16 1050.014 4.085903167724609
C16 1075.002 0.9500031901107573
C16 1099.99 0.09425844377279435
C17 319.994 42.826133728027344
C17 324.969 48.41828155517578
C17 349.982 73.12017822265625
C17 374.975 79.08291625976562
C17 400.019 85.32154083251953
C17 424.965 87.32716369628906
C17 450.035 89.33692169189453
C17 475.003 90.71917724609375
C17 500.018 93.14057159423828
C17 525.002 95.26951599121094
C17 550.029 96.04462432861328
C17 575.023 97.93408203125
C17 599.982 98.67146301269531
C17 619.997 98.77229309082031
C17 624.979 98.83032989501953
C17 650.012 99.64266967773438
C17 675.004 99.42040252685547
C17 700.03 99.62854766845703
C17 725.012 99.23259735107422
C17 750.022 99.76513671875
C17 774.987 99.54938507080078
C17 799.976 98.81129455566406
C17 824.988 97.03594207763672
C17 850.022 95.09498596191406
C17 869.967 92.10581970214844
C17 875.002 90.72035217285156
C17 899.999 83.39164733886719
C17 919.999 74.86782836914062
C17 925.012 72.51944732666016
C17 949.965 59.079063415527344
C17 975.002 44.086753845214844
C17 999.976 26.834806442260742
C17 1025.028 11.606840133666992
C17 1050.014 4.121358871459961
C17 1075.002 0.9504575426813878
C17 1099.99 0.0943035242174472
