lsstCam/transmission_filter_detector/r01_s00/u_24/19700101T000000.ecsv
# %ECSV 1.0
# ---
# datatype:
# - {name: wavelength, unit: nm, datatype: float32}
# - {name: efficiency, unit: '%', datatype: float64}
# meta: !!omap
# - {MODE: DETECTOR}
# - {TYPE: transmission_filter_detector}
# - {CALIBDATE: '1970-01-01T00:00:00'}
# - {INSTRUME: LSSTCam}
# - {OBSTYPE: transmission_filter_detector}
# - {CALIBCLS: lsst.ip.isr.IntermediateFilterDetectorTransmissionCurve}
# - {SOURCE: Materion (DM-46256)}
# - {DETECTOR: 0}
# - {FILTER: u_24}
# - {CALIB_ID: 'calibDate=1970-01-01T00:00:00 filter=u_24 detector=0'}
# - {DATE: '2025-04-02T15:59:39.743811'}
# - {CALIB_CREATION_DATE: '2025-04-02'}
# - {CALIB_CREATION_TIME: '15:59:39'}
# - __serialized_columns__:
#     efficiency:
#       __class__: astropy.units.quantity.Quantity
#       unit: !astropy.units.Unit {unit: '%'}
#       value: !astropy.table.SerializedColumn {name: efficiency}
#     wavelength:
#       __class__: astropy.units.quantity.Quantity
#       unit: !astropy.units.Unit {unit: nm}
#       value: !astropy.table.SerializedColumn {name: wavelength}
# schema: astropy-2.0
wavelength efficiency
295.0 2.6926598971355187e-10
296.0 2.6926598971355187e-10
297.0 2.6926598971355187e-10
298.0 2.6926598971355187e-10
299.0 2.6926598971355187e-10
300.0 2.6926598971355187e-10
301.0 2.6926598971355187e-10
302.0 2.6926598971355187e-10
303.0 2.6926598971355187e-10
304.0 0.7243272382766008
305.0 1.526707410812378
306.0 3.1718775629997253
307.0 5.844014510512352
308.0 8.906863629817963
309.0 12.625372409820557
310.0 16.6322261095047
311.0 20.385070145130157
312.0 24.001358449459076
313.0 26.53689980506897
314.0 29.203754663467407
315.0 31.492793560028076
316.0 34.170886874198914
317.0 37.82106339931488
318.0 41.975218057632446
319.0 47.52640724182129
320.0 54.16728854179382
321.0 59.44327712059021
322.0 65.09353518486023
323.0 69.40441727638245
324.0 72.46212363243103
325.0 74.72739219665527
326.0 76.76360607147217
327.0 78.08540463447571
328.0 79.924875497818
329.0 81.00438714027405
330.0 81.68674111366272
331.0 82.01423287391663
332.0 82.2125256061554
333.0 82.30563402175903
334.0 82.49472975730896
335.0 83.08694362640381
336.0 83.60399603843689
337.0 84.30567979812622
338.0 85.15571355819702
339.0 85.69782376289368
340.0 85.92814803123474
341.0 86.22794151306152
342.0 86.49269342422485
343.0 86.49442195892334
344.0 86.772620677948
345.0 87.24486827850342
346.0 87.60549426078796
347.0 87.92662024497986
348.0 88.17271590232849
349.0 88.29507231712341
350.0 88.30286264419556
351.0 88.49846124649048
352.0 88.42433094978333
353.0 88.41490745544434
354.0 88.25767636299133
355.0 88.42397928237915
356.0 88.34429979324341
357.0 88.10144066810608
358.0 87.67138719558716
359.0 87.43874430656433
360.0 87.2149646282196
361.0 87.02971935272217
362.0 87.01141476631165
363.0 87.32556700706482
364.0 87.60567903518677
365.0 88.14545273780823
366.0 88.39427828788757
367.0 88.3973479270935
368.0 88.39457631111145
369.0 88.5278046131134
370.0 88.47875595092773
371.0 88.5359525680542
372.0 88.66438269615173
373.0 88.97932767868042
374.0 88.98473381996155
375.0 89.39128518104553
376.0 89.68985676765442
377.0 89.72286581993103
378.0 89.57715630531311
379.0 88.87357115745544
380.0 87.59079575538635
381.0 85.86483001708984
382.0 83.81198048591614
383.0 81.78700804710388
384.0 79.5816421508789
385.0 76.87238454818726
386.0 73.79067540168762
387.0 69.72198486328125
388.0 65.43722152709961
389.0 60.62074899673462
390.0 56.39970302581787
391.0 52.28963494300842
392.0 48.29221069812775
393.0 44.80220973491669
394.0 40.956318378448486
395.0 36.04193329811096
396.0 30.258792638778687
397.0 22.79064804315567
398.0 15.782356262207031
399.0 9.335414320230484
400.0 4.514644667506218
401.0 1.7092492431402206
402.0 0.5305372644215822
403.0 0.21746838465332985
404.0 0.09123497875407338
405.0 0.029528376762755215
406.0 2.6926598971355187e-10
407.0 2.6926598971355187e-10
408.0 2.6926598971355187e-10
409.0 2.6926598971355187e-10
410.0 2.6926598971355187e-10
411.0 2.6926598971355187e-10
412.0 2.6926598971355187e-10
413.0 2.6926598971355187e-10
414.0 2.6926598971355187e-10
415.0 2.6926598971355187e-10
416.0 2.6926598971355187e-10
417.0 2.6926598971355187e-10
418.0 2.6926598971355187e-10
419.0 2.6926598971355187e-10
420.0 2.6926598971355187e-10
421.0 2.6926598971355187e-10
422.0 2.6926598971355187e-10
423.0 2.6926598971355187e-10
424.0 2.6926598971355187e-10
425.0 2.6926598971355187e-10
426.0 2.6926598971355187e-10
427.0 2.6926598971355187e-10
428.0 2.6926598971355187e-10
429.0 0.0012372939636406954
430.0 0.0035522803955245763
431.0 0.0016717121980036609
432.0 2.6926598971355187e-10
433.0 2.6926598971355187e-10
434.0 2.6926598971355187e-10
435.0 0.0007212700438685715
436.0 0.0017711827240418643
437.0 2.6926598971355187e-10
438.0 2.6926598971355187e-10
439.0 2.6926598971355187e-10
440.0 0.0021702295271097682
441.0 4.38438291894272e-05
442.0 2.6926598971355187e-10
443.0 2.6926598971355187e-10
444.0 2.6926598971355187e-10
445.0 2.6926598971355187e-10
446.0 2.6926598971355187e-10
447.0 2.6926598971355187e-10
448.0 0.00023896918719401583
449.0 0.000575827834836673
450.0 0.00091268639152986
451.0 2.6926598971355187e-10
452.0 2.6926598971355187e-10
453.0 2.6926598971355187e-10
454.0 2.6926598971355187e-10
455.0 2.6926598971355187e-10
456.0 2.6926598971355187e-10
457.0 2.6926598971355187e-10
458.0 2.6926598971355187e-10
459.0 2.6926598971355187e-10
460.0 2.6926598971355187e-10
461.0 2.6926598971355187e-10
462.0 2.6926598971355187e-10
463.0 2.6926598971355187e-10
464.0 2.6926598971355187e-10
465.0 2.6926598971355187e-10
466.0 0.00013379268466451322
467.0 2.6926598971355187e-10
468.0 2.6926598971355187e-10
469.0 2.6926598971355187e-10
470.0 0.00018915233113148133
471.0 2.6926598971355187e-10
472.0 2.6926598971355187e-10
473.0 2.6926598971355187e-10
474.0 2.6926598971355187e-10
475.0 2.6926598971355187e-10
476.0 0.0007172313871706137
477.0 0.0004229892965668114
478.0 0.00012874729691247921
479.0 3.462309337010083e-05
480.0 2.6926598971355187e-10
481.0 0.0002603770326459198
482.0 0.0005802546638733475
483.0 0.00036591486605175305
484.0 0.00015157487496253452
485.0 2.6926598971355187e-10
486.0 2.6926598971355187e-10
487.0 2.6926598971355187e-10
488.0 2.6926598971355187e-10
489.0 2.6926598971355187e-10
490.0 2.6926598971355187e-10
491.0 2.6926598971355187e-10
492.0 2.6926598971355187e-10
493.0 2.6926598971355187e-10
494.0 2.6926598971355187e-10
495.0 2.6926598971355187e-10
496.0 3.888347919200896e-05
497.0 0.0003791033577726921
498.0 0.0007193229066615459
499.0 0.0004674079264077591
500.0 0.00021549301436607493
501.0 2.6926598971355187e-10
502.0 2.6926598971355187e-10
503.0 2.6926598971355187e-10
504.0 2.6926598971355187e-10
505.0 2.6926598971355187e-10
506.0 2.6926598971355187e-10
507.0 2.6926598971355187e-10
508.0 2.6926598971355187e-10
509.0 2.6926598971355187e-10
510.0 2.6926598971355187e-10
511.0 0.0003033221901205252
512.0 0.0007668406396987848
513.0 0.0006487521204689983
514.0 0.0005306634193402715
515.0 0.0006346776899590623
516.0 0.0007386920060525881
517.0 9.357183898828225e-05
518.0 2.6926598971355187e-10
519.0 2.6926598971355187e-10
520.0 0.00023462582703359658
521.0 0.0005225552285992308
522.0 0.0008104845619527623
523.0 0.0002894010322052054
524.0 2.6926598971355187e-10
525.0 2.6926598971355187e-10
526.0 2.6926598971355187e-10
527.0 2.6926598971355187e-10
528.0 2.6926598971355187e-10
529.0 2.6926598971355187e-10
530.0 2.6926598971355187e-10
531.0 1.9412439655752678e-05
532.0 0.0005001919362257468
533.0 2.6926598971355187e-10
534.0 2.6926598971355187e-10
535.0 2.6926598971355187e-10
536.0 2.6926598971355187e-10
537.0 2.6926598971355187e-10
538.0 2.6926598971355187e-10
539.0 2.6926598971355187e-10
540.0 2.6926598971355187e-10
541.0 2.6926598971355187e-10
542.0 2.6926598971355187e-10
543.0 2.6926598971355187e-10
544.0 2.6926598971355187e-10
545.0 2.6926598971355187e-10
546.0 2.6926598971355187e-10
547.0 2.6926598971355187e-10
548.0 2.1154227169972728e-05
549.0 2.6926598971355187e-10
550.0 2.6926598971355187e-10
551.0 2.6926598971355187e-10
552.0 2.6926598971355187e-10
553.0 2.6926598971355187e-10
554.0 2.6926598971355187e-10
555.0 2.6926598971355187e-10
556.0 2.6926598971355187e-10
557.0 2.6926598971355187e-10
558.0 2.6926598971355187e-10
559.0 2.6926598971355187e-10
560.0 2.6926598971355187e-10
561.0 2.6926598971355187e-10
562.0 2.6926598971355187e-10
563.0 2.6926598971355187e-10
564.0 2.6926598971355187e-10
565.0 2.6926598971355187e-10
566.0 2.6926598971355187e-10
567.0 2.6926598971355187e-10
568.0 1.3353645300639982e-06
569.0 0.0002745440724538639
570.0 0.0005477526428876445
571.0 0.0005715522092941683
572.0 0.0005953519575996324
573.0 0.0005753402092523174
574.0 0.000555328779228148
575.0 0.00036866269965685206
576.0 0.00018199677924712887
577.0 0.00016933336155489087
578.0 0.00015666994386265287
579.0 0.0004244348474458093
580.0 0.0006921996828168631
581.0 0.0008627140232420061
582.0 0.0010332287274650298
583.0 0.001242066082340898
584.0 0.0014509036191157065
585.0 0.0010897980246227235
586.0 0.0007286920208571246
587.0 0.000904958233149955
588.0 0.0010812244909175206
589.0 0.0011263618034718093
590.0 0.001171499116026098
591.0 0.0010694186130422167
592.0 0.0009673381100583356
593.0 0.0006694592229905538
594.0 0.0003715801994985668
595.0 0.000708320885678404
596.0 0.0010450612535350956
597.0 0.0014096528502705041
598.0 0.0017742444470059127
599.0 0.0023320873879129067
600.0 0.00288992996502202
601.0 0.0026445921321283095
602.0 0.002399254299234599
603.0 0.0018568531231721863
604.0 0.0013144519471097738
605.0 0.0010821095202118158
606.0 0.0008497670933138579
607.0 0.0008554545274819247
608.0 0.0008611419616499916
609.0 0.0007087865014909767
610.0 0.0005564309958572267
611.0 0.0006410225068975706
612.0 0.0007256140634126496
613.0 0.0006599153039132943
614.0 0.0005942166353634093
615.0 0.000678615651850123
616.0 0.0007630147592863068
617.0 0.0006497238700831076
618.0 0.0005364331173041137
619.0 0.00038600555853918195
620.0 0.000235578158935823
621.0 0.0003913941782229813
622.0 0.0005472101292980369
623.0 0.0006409515208360972
624.0 0.0007346929123741575
625.0 0.0009225664143741596
626.0 0.0011104398254246917
627.0 0.0010278698937327135
628.0 0.0009453000529902056
629.0 0.0011541651474544778
630.0 0.00136303015096928
631.0 0.0018862378055928275
632.0 0.002409444823570084
633.0 0.0023942078769323416
634.0 0.002378970748395659
635.0 0.0023097307348507456
636.0 0.002240490539406892
637.0 0.0018992644982063212
638.0 0.0015580384570057504
639.0 0.00108349158836063
640.0 0.0006089444923418341
641.0 0.000751244806451723
642.0 0.0008935451660363469
643.0 0.0007153494152589701
644.0 0.0005371536190068582
645.0 0.0005730776138079818
646.0 0.0006090014721849002
647.0 0.0002144046902685659
648.0 2.6926598971355187e-10
649.0 6.79396805480792e-05
650.0 0.00031607146411261056
651.0 0.0007904388439783361
652.0 0.001264806451217737
653.0 0.0015598016034346074
654.0 0.001854796391853597
655.0 0.002082079299725592
656.0 0.002309362025698647
657.0 0.003198496051481925
658.0 0.004087630441063084
659.0 0.00426187580160331
660.0 0.0044361204345477745
661.0 0.004081263978150673
662.0 0.0037264071579556912
663.0 0.0028634249247261323
664.0 0.0020004426914965734
665.0 0.0017218877474078909
666.0 0.001443332166672917
667.0 0.0014472983821178786
668.0 0.0014512643247144297
669.0 0.0009082082215172704
670.0 0.00036515234569378663
671.0 0.000427760414822842
672.0 0.000490368302052957
673.0 0.0007397519766527694
674.0 0.0009891356057778466
675.0 0.0012087552022421733
676.0 0.0014283749806054402
677.0 0.0020795621821889654
678.0 0.0027307498385198414
679.0 0.0030641571356682107
680.0 0.00339756443281658
681.0 0.004947267007082701
682.0 0.0064969695813488215
683.0 0.008146090840455145
684.0 0.00979521282715723
685.0 0.009266634151572362
686.0 0.00873805838637054
687.0 0.007432864367729053
688.0 0.006127670349087566
689.0 0.004974032708560117
690.0 0.003820396159426309
691.0 0.0034992797736776993
692.0 0.00317816375172697
693.0 0.0028644710255321115
694.0 0.002550778299337253
695.0 0.0021344656488508917
696.0 0.0017181531802634709
697.0 0.0013418948583421297
698.0 0.0009656363545218483
699.0 0.0007850237125239801
700.0 0.0006044110250513768
701.0 0.0005213775693846401
702.0 0.00043834425014210865
703.0 0.000680811263009673
704.0 0.0009232784577761777
705.0 0.0010672578355297446
706.0 0.001211237395182252
707.0 0.0010474424016138073
708.0 0.000883647044247482
709.0 0.0006742928690073313
710.0 0.0004649386028177105
711.0 0.000507978211317095
712.0 0.0005510178198164795
713.0 0.0007007819476712029
714.0 0.0008505460755259264
715.0 0.0007502164407924283
716.0 0.0006498868060589302
717.0 0.0006772654160158709
718.0 0.0007046439804980764
719.0 0.00041885523387463763
720.0 0.0001330665099885664
721.0 0.00023383322513836902
722.0 0.0003345999175508041
723.0 0.000286604517896194
724.0 0.00023860914097895147
725.0 0.00022583378722629277
726.0 0.0002130583425241639
727.0 0.0004020878805022221
728.0 0.000591117532167118
729.0 0.0004692631591751706
730.0 0.00034740910450636875
731.0 0.00033316414373985026
732.0 0.00031891916023596423
733.0 0.00018886040606957977
734.0 5.8801725799639826e-05
735.0 0.00033683422770991456
736.0 0.0006148667125671636
737.0 0.000660749765302171
738.0 0.0007066327725624433
739.0 0.0008433861694356892
740.0 0.0009801395208342
741.0 0.0016636020518490113
742.0 0.0023470644009648822
743.0 0.0030279703423730098
744.0 0.0037088757380843163
745.0 0.004074247408425435
746.0 0.004439618714968674
747.0 0.004207893289276399
748.0 0.003976167499786243
749.0 0.003311613909318112
750.0 0.002647060500748921
751.0 0.002259014217997901
752.0 0.0018709682990447618
753.0 0.0018196205928688869
754.0 0.0017682727047940716
755.0 0.0019908284230041318
756.0 0.0022133845050120726
757.0 0.002016111830016598
758.0 0.0018188389731221832
759.0 0.0015955853086779825
760.0 0.001372331735183252
761.0 0.001243565566255711
762.0 0.0011147994882776402
763.0 0.0008892850928532425
764.0 0.0006637706974288449
765.0 0.0007564938641735353
766.0 0.0008492170309182256
767.0 0.0007748761163384188
768.0 0.0007005350653344067
769.0 0.0006731562280037906
770.0 0.0006457771632994991
771.0 0.0005604525540547911
772.0 0.00047512789933534805
773.0 0.0004327109309087973
774.0 0.00039029409890645184
775.0 0.0004271912530384725
776.0 0.00046408845264522824
777.0 0.0005774414603365585
778.0 0.0006907943316036835
779.0 0.0008434201845375355
780.0 0.000996045764622977
781.0 0.0011940211152250413
782.0 0.0013919965567765757
783.0 0.0012699042599706445
784.0 0.001147811872215243
785.0 0.0013018205208936706
786.0 0.0014558288057742175
787.0 0.001085266012523789
788.0 0.0007147033556975657
789.0 0.0007839006684662309
790.0 0.0008530982086085714
791.0 0.0007695517524552997
792.0 0.0006860051598778227
793.0 0.0002191874955315143
794.0 2.6926598971355187e-10
795.0 6.751150181116827e-05
796.0 0.0003826532520179171
797.0 0.00045567494453280233
798.0 0.0005286965915729525
799.0 0.0003364150416018674
800.0 0.0001441334006813122
801.0 2.51174583354441e-05
802.0 2.6926598971355187e-10
803.0 2.6926598971355187e-10
804.0 2.6926598971355187e-10
805.0 6.850938234492787e-05
806.0 0.00021460382413351908
807.0 9.007771382130159e-05
808.0 2.6926598971355187e-10
809.0 0.0001440689175069565
810.0 0.0003225863565603504
811.0 1.0192585619961392e-05
812.0 2.6926598971355187e-10
813.0 6.177558589115506e-05
814.0 0.00042575234147079755
815.0 0.0003321252506793826
816.0 0.00023849811441323254
817.0 0.00020843085621891078
818.0 0.000178363598024589
819.0 7.144693086047482e-05
820.0 2.6926598971355187e-10
821.0 2.6926598971355187e-10
822.0 2.6926598971355187e-10
823.0 2.6926598971355187e-10
824.0 0.0001203546958095103
825.0 2.6926598971355187e-10
826.0 2.6926598971355187e-10
827.0 0.00011867982721014414
828.0 0.0004299934062146349
829.0 0.0004510172857408179
830.0 0.00047204143811541144
831.0 0.00013712499367102282
832.0 2.6926598971355187e-10
833.0 2.6926598971355187e-10
834.0 2.6926598971355187e-10
835.0 2.6926598971355187e-10
836.0 3.131546577606059e-05
837.0 2.6926598971355187e-10
838.0 2.6926598971355187e-10
839.0 2.6926598971355187e-10
840.0 2.6926598971355187e-10
841.0 2.6926598971355187e-10
842.0 2.6926598971355187e-10
843.0 2.6926598971355187e-10
844.0 2.6926598971355187e-10
845.0 0.0001664503770371084
846.0 0.00047310923037002794
847.0 0.0002745756091826479
848.0 7.604194252053276e-05
849.0 0.00023936906927701784
850.0 0.00040269605960929766
851.0 0.0003231769596823142
852.0 0.00024365776880586054
853.0 0.00030861540381010855
854.0 0.00037357283417804865
855.0 0.0004056343186675804
856.0 0.00043769573494500946
857.0 0.0006736231625836808
858.0 0.0009095507266465575
859.0 0.0010586359167064074
860.0 0.001207721379614668
861.0 0.001226783570018597
862.0 0.001245845851371996
863.0 0.0014764131265110336
864.0 0.0017069800378521904
865.0 0.002147460327250883
866.0 0.002587940434750635
867.0 0.002390009285591077
868.0 0.0021920783183304593
869.0 0.002256359402963426
870.0 0.002320640123798512
871.0 0.0021474215827765875
872.0 0.0019742026779567823
873.0 0.002145636062778067
874.0 0.0023170696294982918
875.0 0.0025876235667965375
