lsstCam/transmission_filter_detector/r01_s00/u_24/19700101T000000.ecsv
# %ECSV 1.0
# ---
# datatype:
# - {name: wavelength, unit: nm, datatype: float32}
# - {name: efficiency, unit: '%', datatype: float64}
# meta: !!omap
# - {MODE: DETECTOR}
# - {TYPE: transmission_filter_detector}
# - {CALIBDATE: '1970-01-01T00:00:00'}
# - {INSTRUME: LSSTCam}
# - {OBSTYPE: transmission_filter_detector}
# - {CALIBCLS: lsst.ip.isr.IntermediateFilterDetectorTransmissionCurve}
# - {SOURCE: Materion (DM-46256)}
# - {DETECTOR: 0}
# - {FILTER: u_24}
# - {CALIB_ID: 'calibDate=1970-01-01T00:00:00 filter=u_24 detector=0'}
# - {DATE: '2025-04-02T15:59:39.743811'}
# - {CALIB_CREATION_DATE: '2025-04-02'}
# - {CALIB_CREATION_TIME: '15:59:39'}
# - __serialized_columns__:
#     efficiency:
#       __class__: astropy.units.quantity.Quantity
#       unit: !astropy.units.Unit {unit: '%'}
#       value: !astropy.table.SerializedColumn {name: efficiency}
#     wavelength:
#       __class__: astropy.units.quantity.Quantity
#       unit: !astropy.units.Unit {unit: nm}
#       value: !astropy.table.SerializedColumn {name: wavelength}
# schema: astropy-2.0
wavelength efficiency
[from data line 582]
877.0 0.0029628430638695136
878.0 0.0030675084417453036
879.0 0.00316038858727552
880.0 0.003253269096603617
881.0 0.003256637864978984
882.0 0.003260007724747993
883.0 0.002806652082654182
884.0 0.0023532968043582514
885.0 0.002371648406551685
886.0 0.0023900001906440593
887.0 0.0022322608856484294
888.0 0.0020745221263496205
889.0 0.002202198993472848
890.0 0.002329876042495016
891.0 0.0025782986995182
892.0 0.0028267215384403244
893.0 0.0028819495128118433
894.0 0.002937176941486541
895.0 0.003371150160091929
896.0 0.0038051231967983767
897.0 0.004412352791405283
898.0 0.00501958274981007
899.0 0.0051502160204108804
900.0 0.00528084892721381
901.0 0.005228874942986295
902.0 0.00517690132255666
903.0 0.005492103809956461
904.0 0.005807306297356263
905.0 0.005829549627378583
906.0 0.005851792593603022
907.0 0.006019906504661776
908.0 0.006188020051922649
909.0 0.006016357656335458
910.0 0.005844695260748267
911.0 0.005701732879970223
912.0 0.00555877122678794
913.0 0.005437055369839072
914.0 0.005315339512890205
915.0 0.004809747406397946
916.0 0.004304155299905688
917.0 0.004105064726900309
918.0 0.003905974153894931
919.0 0.004332330354372971
920.0 0.004758687282446772
921.0 0.0050766630010912195
922.0 0.0053946394473314285
923.0 0.006593297439394519
924.0 0.007791953976266086
925.0 0.008131964568747208
926.0 0.008471975161228329
927.0 0.009141900955000892
928.0 0.009811823110794649
929.0 0.009507023787591606
930.0 0.009202226647175848
931.0 0.008253582200268283
932.0 0.007304936298169196
933.0 0.0067834058427251875
934.0 0.006261875387281179
935.0 0.0060007598222000524
936.0 0.0057396442571189255
937.0 0.005997554035275243
938.0 0.006255465996218845
939.0 0.006139665492810309
940.0 0.006023864989401773
941.0 0.005398111170507036
942.0 0.004772355532622896
943.0 0.0037915073335170746
944.0 0.0028106593163101934
945.0 0.0022248219465836883
946.0 0.0016389847587561235
947.0 0.001569165578985121
948.0 0.0014993466720625293
949.0 0.0015133836313907523
950.0 0.0015274204997695051
951.0 0.0013914511328039225
952.0 0.0012554816748888697
953.0 0.0015461360817425884
954.0 0.001836790943343658
955.0 0.002571306140453089
956.0 0.0033058215194614604
957.0 0.0034215081541333348
958.0 0.0035371940612094477
959.0 0.00407374209316913
960.0 0.004610289761330932
961.0 0.005065956429461949
962.0 0.005521622733795084
963.0 0.005656674693454988
964.0 0.005791727016912773
965.0 0.005820290607516654
966.0 0.005848854925716296
967.0 0.0054670628742314875
968.0 0.005085271914140321
969.0 0.004959235229762271
970.0 0.004833198545384221
971.0 0.004722658195532858
972.0 0.004612117845681496
973.0 0.0043667954741977155
974.0 0.004121472738916054
975.0 0.004111235102755018
976.0 0.0041009971027961
977.0 0.003982202906627208
978.0 0.003863408346660435
979.0 0.0036018722312292084
980.0 0.003340335752000101
981.0 0.0032455332984682173
982.0 0.0031507308449363336
983.0 0.0032755058782640845
984.0 0.0034002809115918353
985.0 0.0040590814023744315
986.0 0.004717882256954908
987.0 0.005517427052836865
988.0 0.006316971848718822
989.0 0.007755435217404738
990.0 0.009193899313686416
991.0 0.009794509969651699
992.0 0.010395120625616983
993.0 0.010933898010989651
994.0 0.011472676851553842
995.0 0.010311383084626868
996.0 0.009150086407316849
997.0 0.00794111838331446
998.0 0.006732153269695118
999.0 0.006056393976905383
1000.0 0.005380633228924125
1001.0 0.004971997259417549
1002.0 0.004563361289910972
1003.0 0.004078517304151319
1004.0 0.0035936725907959044
1005.0 0.0041209008486475796
1006.0 0.004648128015105613
1007.0 0.004422941492521204
1008.0 0.004197752423351631
1009.0 0.003972873673774302
1010.0 0.003747995287994854
1011.0 0.0037051955587230623
1012.0 0.003662396193249151
1013.0 0.003393795486772433
1014.0 0.0031251947802957147
1015.0 0.002852646321116481
1016.0 0.002580097861937247
1017.0 0.0025522935175104067
1018.0 0.0025244889911846258
1019.0 0.0020414778191479854
1020.0 0.0015584662833134644
1021.0 0.0014747784916835371
1022.0 0.00139109070005361
1023.0 0.0016357666027033702
1024.0 0.0018804425053531304
1025.0 0.001881777097878512
1026.0 0.0018831120542017743
1027.0 0.0017836930055636913
1028.0 0.0016842741388245486
1029.0 0.0019212013285141438
1030.0 0.00215812906390056
1031.0 0.0026756510123959742
1032.0 0.0031931729608913884
1033.0 0.003022125929419417
1034.0 0.002851078716048505
1035.0 0.002916598714364227
1036.0 0.002982118348882068
1037.0 0.0029333881684578955
1038.0 0.002884657988033723
1039.0 0.002532983126002364
1040.0 0.002181308445869945
1041.0 0.001864527803263627
1042.0 0.0015477473425562494
1043.0 0.0017409371139365248
1044.0 0.0019341270672157407
1045.0 0.0015647818145225756
1046.0 0.0011954367437283508
1047.0 0.0015774639905430377
1048.0 0.001959491601155605
1049.0 0.0016369067452615127
1050.0 0.0013143213436705992
1051.0 0.0015381043340312317
1052.0 0.0017618869605939835
1053.0 0.0016321328075719066
1054.0 0.0015023787454992998
1055.0 0.0011935197107959539
1056.0 0.0008846611308399588
1057.0 0.0015206301213765983
1058.0 0.0021565991119132377
1059.0 0.0014155581993691158
1060.0 0.0006745176960976096
1061.0 0.0019433462512097321
1062.0 0.003212174487998709
1063.0 0.00255894356087083
1064.0 0.0019057120880461298
1065.0 0.0018564833226264454
1066.0 0.0018072547391057014
1067.0 0.0018060683942167088
1068.0 0.0018048815036308952
1069.0 0.0029816281312378123
1070.0 0.004158374576945789
1071.0 0.0027307794880471192
1072.0 0.00130318476294633
1073.0 0.0024501303414581344
1074.0 0.0035970751923741773
1075.0 0.004329334478825331
1076.0 0.005061592673882842
1077.0 0.006027150811860338
1078.0 0.006992708949837834
1079.0 0.007788721995893866
1080.0 0.008584732859162614
1081.0 0.006164122896734625
1082.0 0.003743513298104517
1083.0 0.0036540081055136397
1084.0 0.0035645029129227623
1085.0 0.0037481277104234323
1086.0 0.003931751780328341
1087.0 0.00428960811404977
1088.0 0.0046474651753669605
1089.0 0.005342782606021501
1090.0 0.006038100036676042
1091.0 0.004605652793543413
1092.0 0.003173205186612904
1093.0 0.002300566302437801
1094.0 0.001427927509212168
1095.0 0.002051578849204816
1096.0 0.0026752304620458744
1097.0 0.003289716914878227
1098.0 0.003904203185811639
1099.0 0.0031108269467949867
1100.0 0.002317450343980454
