lsstCam/transmission_filter_detector/r02_s02/r_57/19700101T000000.ecsv
# %ECSV 1.0
# ---
# datatype:
# - {name: wavelength, unit: nm, datatype: float32}
# - {name: efficiency, unit: '%', datatype: float64}
# meta: !!omap
# - {MODE: DETECTOR}
# - {TYPE: transmission_filter_detector}
# - {CALIBDATE: '1970-01-01T00:00:00'}
# - {INSTRUME: LSSTCam}
# - {OBSTYPE: transmission_filter_detector}
# - {CALIBCLS: lsst.ip.isr.IntermediateFilterDetectorTransmissionCurve}
# - {SOURCE: Materion (DM-46256)}
# - {DETECTOR: 11}
# - {FILTER: r_57}
# - {CALIB_ID: 'calibDate=1970-01-01T00:00:00 filter=r_57 detector=11'}
# - {DATE: '2025-04-02T15:59:44.236255'}
# - {CALIB_CREATION_DATE: '2025-04-02'}
# - {CALIB_CREATION_TIME: '15:59:44'}
# - __serialized_columns__:
#     efficiency:
#       __class__: astropy.units.quantity.Quantity
#       unit: !astropy.units.Unit {unit: '%'}
#       value: !astropy.table.SerializedColumn {name: efficiency}
#     wavelength:
#       __class__: astropy.units.quantity.Quantity
#       unit: !astropy.units.Unit {unit: nm}
#       value: !astropy.table.SerializedColumn {name: wavelength}
# schema: astropy-2.0
wavelength efficiency
300.0 0.003665620170067996
301.0 0.00907034773263149
302.0 0.014475075295194983
303.0 0.01713745150482282
304.0 0.019799826259259135
305.0 0.01741706219036132
306.0 0.015034298121463507
307.0 0.013019685866311193
308.0 0.011005072155967355
309.0 0.010473025031387806
310.0 0.009940977906808257
311.0 0.009299948578700423
312.0 0.00865891997818835
313.0 0.007919749623397365
314.0 0.007180579996202141
315.0 0.006468038191087544
316.0 0.005755496749770828
317.0 0.005365929609979503
318.0 0.004976361378794536
319.0 0.004712817826657556
320.0 0.004449275365914218
321.0 0.004138574513490312
322.0 0.0038278751162579283
323.0 0.003537580414558761
324.0 0.0032472857128595933
325.0 0.00361115307896398
326.0 0.0039750208088662475
327.0 0.003903594915755093
328.0 0.0038321690226439387
329.0 0.003835589814116247
330.0 0.0038390113331843168
331.0 0.0035673507227329537
332.0 0.0032956890208879486
333.0 0.0030391865948331542
334.0 0.002782683259283658
335.0 0.0024766684873611666
336.0 0.0021706535335397348
337.0 0.0019845103452098556
338.0 0.0017983671568799764
339.0 0.0017453079635743052
340.0 0.0016922489521675743
341.0 0.0016510277419001795
342.0 0.0016098065316327848
343.0 0.0015493320461246185
344.0 0.0014888577425153926
345.0 0.0013551397387345787
346.0 0.001221421825903235
347.0 0.001155008067144081
348.0 0.0010885943993343972
349.0 0.0010403406122350134
350.0 0.005666964716510847
351.0 0.005907555896556005
352.0 0.006148146349005401
353.0 0.005650856110150926
354.0 0.005153566235094331
355.0 0.00518936212756671
356.0 0.0052251587476348504
357.0 0.006659044447587803
358.0 0.008092930511338636
359.0 0.006120571924839169
360.0 0.004148213338339701
361.0 0.002785619471978862
362.0 0.0014230256056180224
363.0 0.002725777812884189
364.0 0.004028530020150356
365.0 0.00386123574571684
366.0 0.0036939418350812048
367.0 0.0031133593438426033
368.0 0.0025327768526040018
369.0 0.002189523365814239
370.0 0.0018462700609234162
371.0 0.0026735100618680008
372.0 0.0035007502447115257
373.0 0.00360538178938441
374.0 0.003710012970259413
375.0 0.0032033625757321715
376.0 0.00269671218120493
377.0 0.0012658921150432434
378.0 1.7054660635118513e-10
379.0 0.0007939243005239405
380.0 0.0017527763702673838
381.0 0.0024999488232424483
382.0 0.0032471216400153935
383.0 0.0034567401598906144
384.0 0.0036663586797658354
385.0 0.004618586535798386
386.0 0.005570813300437294
387.0 0.004888535841018893
388.0 0.004206258381600492
389.0 0.0036224297218723223
390.0 0.003038600698346272
391.0 0.002122040677932091
392.0 0.00120548065751791
393.0 0.001433768466085894
394.0 0.0016620560927549377
395.0 0.0013411420695774723
396.0 0.0010202283192484174
397.0 0.0007620322321599815
398.0 0.0005038363724452211
399.0 0.0005949267688265536
400.0 0.0006860166649858002
401.0 0.0004285010618332308
402.0 0.00017098501530199428
403.0 0.0003643399168140604
404.0 0.0005576950570684858
405.0 0.000941724738368066
406.0 0.0013257540558697656
407.0 0.00198560519493185
408.0 0.0026454559701960534
409.0 0.0021859661501366645
410.0 0.0017264761481783353
411.0 0.001237311153090559
412.0 0.0007481461125280475
413.0 0.0007509595434385119
414.0 0.0007537728833995061
415.0 0.0007423414899676573
416.0 0.0007309104603336891
417.0 0.0012279392649361398
418.0 0.0017249683878617361
419.0 0.0022296964743873104
420.0 0.002734424742811825
421.0 0.0043886717321584
422.0 0.006042918175808154
423.0 0.009639773634262383
424.0 0.013236628728918731
425.0 0.017564938752911985
426.0 0.021893245866522193
427.0 0.022256588272284716
428.0 0.02261993067804724
429.0 0.017163877782877535
430.0 0.011707823432516307
431.0 0.0084603154391516
432.0 0.005212807445786893
433.0 0.004318928768043406
434.0 0.0034250500902999192
435.0 0.0026714780688052997
436.0 0.0019179058654117398
437.0 0.0016410716852988116
438.0 0.0013642381418321747
439.0 0.0011350773092999589
440.0 0.000905916476767743
441.0 0.0011338939657434821
442.0 0.0013618715456686914
443.0 0.001713393248792272
444.0 0.002064915133814793
445.0 0.001929924292198848
446.0 0.0017949336324818432
447.0 0.0016563413737458177
448.0 0.0015177492969087325
449.0 0.001640509071876295
450.0 0.0017632684830459766
451.0 0.0018154718418372795
452.0 0.0018676752006285824
453.0 0.0017472199033363722
454.0 0.0016267649698420428
455.0 0.001427696679456858
456.0 0.001228628843819024
457.0 0.0009255298209609464
458.0 0.000622430934527074
459.0 0.000851699587656185
460.0 0.0010809681043610908
461.0 0.001741007508826442
462.0 0.0024010463675949723
463.0 0.003243578612455167
464.0 0.0040861108573153615
465.0 0.0052445800974965096
466.0 0.006403049337677658
467.0 0.0069889727456029505
468.0 0.007574897608719766
469.0 0.006413659866666421
470.0 0.00525242394360248
471.0 0.003972269769292325
472.0 0.0026921155949821696
473.0 0.0022126507246866822
474.0 0.0017331856724922545
475.0 0.0014730012480868027
476.0 0.0012128170965297613
477.0 0.0009466455594520085
478.0 0.0006804739314247854
479.0 0.0009254539691028185
480.0 0.001170433733932441
481.0 0.0008770995009399485
482.0 0.000583765313422191
483.0 0.0006729469532729127
484.0 0.0007621283202752238
485.0 0.0006691693670290988
486.0 0.0005762102318840334
487.0 0.0006322383342194371
488.0 0.0006882663910801057
489.0 0.0006705990927002858
490.0 0.0006529317033709958
491.0 0.0007913921763247345
492.0 0.0009298525583290029
493.0 0.0010869941434066277
494.0 0.0012441358194337226
495.0 0.0010812521395564545
496.0 0.0009183683687297162
497.0 0.001145167425420368
498.0 0.0013719662092626095
499.0 0.001408258503943216
500.0 0.0014445508895732928
501.0 0.0016010075341910124
502.0 0.0017574642697582021
503.0 0.0021520394511753693
504.0 0.002546614268794656
505.0 0.003174714947817847
506.0 0.003802815990638919
507.0 0.004491151412366889
508.0 0.00517948683409486
509.0 0.005652512481901795
510.0 0.0061255370383150876
511.0 0.005379680806072429
512.0 0.004633823846234009
513.0 0.00397371404687874
514.0 0.003313603883725591
515.0 0.003115455183433369
516.0 0.0029173064831411466
517.0 0.002703593418118544
518.0 0.0024898803530959412
519.0 0.068647600710392
520.0 0.11817918857559562
521.0 0.11620575096458197
522.0 0.12666101101785898
523.0 0.021678037592209876
524.0 0.09282361133955419
525.0 0.07655996596440673
526.0 0.1730192918330431
527.0 0.13341517187654972
528.0 0.13770984951406717
529.0 0.135778880212456
530.0 0.23028920404613018
531.0 0.29735511634498835
532.0 0.30470078345388174
533.0 0.36965636536478996
534.0 0.576852448284626
535.0 0.7517929188907146
536.0 1.1967158876359463
537.0 1.9302362576127052
538.0 3.013588674366474
539.0 4.585812985897064
540.0 6.889713555574417
541.0 9.61262658238411
542.0 12.979398667812347
543.0 17.210133373737335
544.0 22.308547794818878
545.0 28.285104036331177
546.0 35.37752628326416
547.0 42.6211416721344
548.0 51.375603675842285
549.0 58.924800157547
550.0 64.41152095794678
551.0 70.61622738838196
552.0 74.57152009010315
553.0 78.35874557495117
554.0 82.09708333015442
555.0 85.26696562767029
556.0 88.45779299736023
557.0 90.79064130783081
558.0 93.36257576942444
559.0 94.97166872024536
560.0 94.71779465675354
561.0 95.8541750907898
562.0 96.18648886680603
563.0 95.39040327072144
564.0 96.09473943710327
565.0 95.11458277702332
566.0 96.25765681266785
567.0 95.68338990211487
568.0 96.28954529762268
569.0 97.00044989585876
570.0 96.7222273349762
571.0 97.66367673873901
572.0 97.14043140411377
573.0 97.20273017883301
574.0 97.57500886917114
575.0 96.96364402770996
576.0 97.46626019477844
577.0 97.27906584739685
578.0 97.46972322463989
579.0 97.17149138450623
580.0 96.94124460220337
581.0 96.59283757209778
582.0 96.63106203079224
583.0 96.81785702705383
584.0 96.50340676307678
585.0 96.67716026306152
586.0 96.81051969528198
587.0 96.32498025894165
588.0 96.66985273361206
589.0 97.56975769996643
590.0 96.95484042167664
591.0 96.05161547660828
592.0 96.25621438026428
593.0 95.9548830986023
594.0 96.05464339256287
595.0 96.74075841903687
596.0 97.16243147850037
597.0 97.50515222549438
598.0 97.15707302093506
599.0 97.12625741958618
600.0 96.89017534255981
601.0 96.50024771690369
602.0 96.94237112998962
603.0 96.34661674499512
604.0 96.31925821304321
605.0 96.84693217277527
606.0 96.21735215187073
607.0 96.36279344558716
608.0 96.5283989906311
609.0 95.7771360874176
610.0 95.80551981925964
611.0 95.6845223903656
612.0 96.12386226654053
613.0 97.1468985080719
614.0 97.15029001235962
615.0 96.08857035636902
616.0 96.88215255737305
617.0 96.9199538230896
618.0 96.60438299179077
619.0 97.13721871376038
620.0 96.02295160293579
621.0 95.83793878555298
622.0 96.75030708312988
623.0 96.80987596511841
624.0 96.78507447242737
625.0 97.16952443122864
626.0 96.46173119544983
627.0 95.5598771572113
628.0 97.55465388298035
629.0 96.09217047691345
630.0 96.59416079521179
631.0 96.44516110420227
632.0 97.37629294395447
633.0 96.45709991455078
634.0 96.09231948852539
635.0 96.6836154460907
636.0 96.39497995376587
637.0 95.92066407203674
638.0 95.95921635627747
639.0 95.64334154129028
640.0 96.20003700256348
641.0 96.01978659629822
642.0 96.1841344833374
643.0 96.29119038581848
644.0 96.47895097732544
645.0 96.70196771621704
646.0 96.27060890197754
647.0 97.59501218795776
648.0 96.99485301971436
649.0 96.15399241447449
650.0 96.94717526435852
651.0 97.3396360874176
652.0 97.12320566177368
653.0 96.15251421928406
654.0 96.88116908073425
655.0 96.84259295463562
656.0 96.00785970687866
657.0 96.17702960968018
658.0 96.75936698913574
659.0 96.6493546962738
660.0 95.85161805152893
661.0 95.36291360855103
662.0 95.93348503112793
663.0 95.96866965293884
664.0 95.64061164855957
665.0 95.57068943977356
666.0 95.43755054473877
667.0 95.9520697593689
668.0 95.36736607551575
669.0 95.87453007698059
670.0 95.62991857528687
671.0 95.9940254688263
672.0 95.37358283996582
673.0 95.68544030189514
674.0 94.77846622467041
675.0 95.3637957572937
676.0 94.6548342704773
677.0 93.42374801635742
678.0 92.62871146202087
679.0 91.53966307640076
680.0 90.29853940010071
681.0 88.5545015335083
682.0 85.86900234222412
683.0 82.7502429485321
684.0 79.31764125823975
685.0 75.0304639339447
686.0 70.88937759399414
687.0 66.32432341575623
688.0 61.80012226104736
689.0 57.53644108772278
690.0 52.8542160987854
691.0 48.794519901275635
692.0 44.06227767467499
693.0 39.231112599372864
694.0 33.79739820957184
695.0 28.10685634613037
696.0 22.368142008781433
697.0 17.120252549648285
698.0 11.855408549308777
699.0 7.9619914293289185
700.0 5.280358716845512
701.0 3.1316526234149933
702.0 1.901567168533802
703.0 1.1078232899308205
704.0 0.6288768723607063
705.0 0.4090406000614166
706.0 0.2793105551972985
707.0 0.16848284285515547
708.0 0.11750028934329748
709.0 0.1247517648153007
710.0 0.04680741694755852
711.0 0.05123398150317371
712.0 0.05609150975942612
713.0 0.0520716595929116
714.0 0.008117809920804575
715.0 0.07853431161493063
716.0 0.027107438654638827
717.0 0.04933377495035529
718.0 0.053568597650155425
719.0 0.007040573109406978
720.0 1.7054660635118513e-10
721.0 0.004126383282709867
722.0 0.003900414230884053
723.0 0.0036744455428561196
724.0 0.0033940086723305285
725.0 0.0031135718018049374
726.0 0.00289620893454412
727.0 0.0026788460672833025
728.0 0.0025475348593317904
729.0 0.002416223651380278
730.0 0.0022476362573797815
731.0 0.0020790497728739865
732.0 0.002033728378592059
733.0 0.001988406802411191
734.0 0.0019008375602425076
735.0 0.001813267772377003
736.0 0.0016097777916002087
737.0 0.0014062879017728847
738.0 0.0014230692613637075
739.0 0.0014398506209545303
740.0 0.001482778043282451
741.0 0.001525705556559842
742.0 0.0013984288671053946
743.0 0.001271152086701477
744.0 0.0013136668712832034
745.0 0.0013561813830165192
746.0 0.0012351746590866242
747.0 0.001114167935156729
748.0 0.0010103967724717222
749.0 0.0009066255188372452
750.0 0.0009320021490566432
751.0 0.0009573792340233922
752.0 0.0009909798791341018
753.0 0.0010245805242448114
754.0 0.0010156574717257172
755.0 0.0010067346011055633
756.0 0.0009560108082951047
757.0 0.0009052867426362354
758.0 0.0009871425390883815
759.0 0.0010689981536415871
760.0 0.0010818543159984984
761.0 0.0010947109331027605
762.0 0.001028959195537027
763.0 0.0009632079127186444
764.0 0.0009292730283050332
765.0 0.0008953381438914221
766.0 0.0007488990831916453
767.0 0.0006024601589160739
768.0 0.0005797048288513906
769.0 0.0005569494533119723
770.0 0.0006914816367498133
771.0 0.0008260140020865947
772.0 0.0007670682862226386
773.0 0.0007081225248839473
774.0 0.0007984377589309588
775.0 0.000888752856553765
776.0 0.0008790189895080402
777.0 0.0008692850315128453
778.0 0.0008639647603558842
779.0 0.0008586444891989231
780.0 0.000722742061043391
781.0 0.0005868397693120642
782.0 0.0006564188879565336
783.0 0.000725998006601003
784.0 0.0007671396815567277
785.0 0.0008082812200882472
786.0 0.0006478097020590212
787.0 0.00048733818402979523
788.0 0.0005082392817712389
789.0 0.0005291405159368878
790.0 0.0006358708560583182
791.0 0.0007426010597555432
792.0 0.0007645346158824395
793.0 0.0007864681720093358
794.0 0.0007969576472532935
795.0 0.0008074469405983109
796.0 0.0006251568720472278
797.0 0.00044286666707193945
798.0 0.0005892431090614991
799.0 0.0007356195055763237
800.0 0.0006943059361219639
801.0 0.0006529921392939286
802.0 0.0005572689133259701
803.0 0.00046154545998433605
804.0 0.000541154304301017
805.0 0.0006207632395671681
806.0 0.0006190335625433363
807.0 0.0006173039764689747
808.0 0.0007241103503474733
809.0 0.0008309167242259718
810.0 0.0006817819212301401
811.0 0.000532647391082719
812.0 0.000593247932556551
813.0 0.0006538483830809128
814.0 0.0005447290277516004
815.0 0.000435609672422288
816.0 0.0005544147370528663
817.0 0.0006732199381076498
818.0 0.0005886307917535305
819.0 0.0005040416453994112
820.0 0.0004536339474725537
821.0 0.0004032262040709611
822.0 0.00041441439861955587
823.0 0.0004256026841176208
824.0 0.0003766028839891078
825.0 0.0003276030838605948
826.0 0.00043231511881458573
827.0 0.0005370271082938416
828.0 0.0003882947112288093
829.0 0.00023956231416377705
830.0 0.0001658070573284931
831.0 9.205183459926047e-05
832.0 3.587333026189299e-05
833.0 1.7054660635118513e-10
834.0 1.7054660635118513e-10
835.0 1.7054660635118513e-10
836.0 0.00015379167734863586
837.0 0.00043403838390077
838.0 0.000583913060836494
839.0 0.000733787783246953
840.0 0.0011444367373769637
841.0 0.0015550856915069744
842.0 0.0023579059416078962
843.0 0.003160726191708818
844.0 0.003880921212839894
845.0 0.004601115870173089
846.0 0.004960204751114361
847.0 0.0053192939958535135
848.0 0.004430755507200956
849.0 0.003542215927154757
850.0 0.0026088686354341917
851.0 0.001675521707511507
852.0 0.0013617057447845582
853.0 0.0010478894182597287
854.0 0.0009217891602020245
855.0 0.0007956886292959098
856.0 0.000698429903422948
857.0 0.0006011712684994563
858.0 0.0006671215487585869
859.0 0.0007330716925935121
860.0 0.0005592206889559748
861.0 0.00038536959436896723
862.0 0.0004128244654566515
863.0 0.00044027929106960073
864.0 0.0003507900373733719
865.0 0.0002613008064145106
866.0 0.00022696885935147293
867.0 0.00019263691228843527
868.0 0.00019526241885614581
869.0 0.00019788787994912127
870.0 0.00011244785582675831
871.0 2.7007820335711585e-05
872.0 1.7054660635118513e-10
873.0 1.7054660635118513e-10
874.0 1.7054660635118513e-10
875.0 1.7054660635118513e-10
876.0 1.7054660635118513e-10
877.0 0.0001266378035325033
878.0 0.00015105935062820208
879.0 0.00017548088635521708
880.0 0.0001480055857427942
881.0 0.0001205302623930038
882.0 9.834810725806165e-05
883.0 7.616599759785458e-05
884.0 1.7054660635118513e-10
885.0 1.7054660635118513e-10
886.0 1.7054660635118513e-10
887.0 9.002744718600297e-05
888.0 0.00018495891254133312
889.0 0.0002798903551592957
890.0 0.0002422386160105816
891.0 0.00020458680864976486
892.0 5.838974175276235e-05
893.0 1.7054660635118513e-10
894.0 1.7054660635118513e-10
895.0 2.383767991886998e-05
896.0 4.8635740768077085e-05
897.0 7.343386982938682e-05
898.0 5.306476964506146e-05
899.0 3.269568082941987e-05
900.0 1.7054660635118513e-10
901.0 1.7054660635118513e-10
