lsstCam/transmission_filter_detector/r02_s02/r_57/19700101T000000.ecsv
# %ECSV 1.0
# ---
# datatype:
# - {name: wavelength, unit: nm, datatype: float32}
# - {name: efficiency, unit: '%', datatype: float64}
# meta: !!omap
# - {MODE: DETECTOR}
# - {TYPE: transmission_filter_detector}
# - {CALIBDATE: '1970-01-01T00:00:00'}
# - {INSTRUME: LSSTCam}
# - {OBSTYPE: transmission_filter_detector}
# - {CALIBCLS: lsst.ip.isr.IntermediateFilterDetectorTransmissionCurve}
# - {SOURCE: Materion (DM-46256)}
# - {DETECTOR: 11}
# - {FILTER: r_57}
# - {CALIB_ID: 'calibDate=1970-01-01T00:00:00 filter=r_57 detector=11'}
# - {DATE: '2025-04-02T15:59:44.236255'}
# - {CALIB_CREATION_DATE: '2025-04-02'}
# - {CALIB_CREATION_TIME: '15:59:44'}
# - __serialized_columns__:
#     efficiency:
#       __class__: astropy.units.quantity.Quantity
#       unit: !astropy.units.Unit {unit: '%'}
#       value: !astropy.table.SerializedColumn {name: efficiency}
#     wavelength:
#       __class__: astropy.units.quantity.Quantity
#       unit: !astropy.units.Unit {unit: nm}
#       value: !astropy.table.SerializedColumn {name: wavelength}
# schema: astropy-2.0
wavelength efficiency
[from data line 603]
903.0 1.7054660635118513e-10
904.0 1.7054660635118513e-10
905.0 1.7054660635118513e-10
906.0 1.7054660635118513e-10
907.0 1.7054660635118513e-10
908.0 1.7054660635118513e-10
909.0 1.7054660635118513e-10
910.0 1.7054660635118513e-10
911.0 1.7054660635118513e-10
912.0 1.7054660635118513e-10
913.0 1.7054660635118513e-10
914.0 1.7054660635118513e-10
915.0 5.673006739925768e-05
916.0 2.149382254401644e-05
917.0 1.7054660635118513e-10
918.0 4.955526264893706e-05
919.0 0.00011285289929219289
920.0 6.115790256444598e-05
921.0 9.4628866520452e-06
922.0 0.0001041879386320943
923.0 0.00019891299416485708
924.0 0.00020227998902555555
925.0 0.0002056470293609891
926.0 0.00015515380482611363
927.0 0.00010466060302860569
928.0 0.0001871810468401236
929.0 0.0002697014906516415
930.0 0.00031394122288475046
931.0 0.00035818097785522696
932.0 0.00016965755094133783
933.0 1.7054660635118513e-10
934.0 0.00012177320058981422
935.0 0.0002624122089400771
936.0 0.0002391603175055934
937.0 0.00021590840333374217
938.0 0.0002845255266947788
939.0 0.000353142672793183
940.0 0.0003169239107592148
941.0 0.0002807051714626141
942.0 0.0004228990746923955
943.0 0.000565093023396912
944.0 0.00043641575757646933
945.0 0.00030773855996812927
946.0 0.0002739061073953053
947.0 0.00024007363208511379
948.0 0.00038092664453870384
949.0 0.000521779702467029
950.0 0.000545114107808331
951.0 0.000568448467674898
952.0 0.0006812966603320092
953.0 0.0007941449439385906
954.0 0.0011200537301192526
955.0 0.001445962789148325
956.0 0.0014659866792499088
957.0 0.0014860105693514924
958.0 0.0016313795640598983
959.0 0.001776749013515655
960.0 0.0019139588403049856
961.0 0.0020511688489932567
962.0 0.0022362472009263
963.0 0.002421325734758284
964.0 0.002382949060120154
965.0 0.002344572203583084
966.0 0.0022937099856790155
967.0 0.0022428474039770663
968.0 0.0022472037016996183
969.0 0.0022515601813211106
970.0 0.0023052405595080927
971.0 0.0023589213014929555
972.0 0.0024313452740898356
973.0 0.002503768519090954
974.0 0.002782295814540703
975.0 0.003060822928091511
976.0 0.0032110358006320894
977.0 0.0033612486731726676
978.0 0.0032648345950292423
979.0 0.0031684208806836978
980.0 0.0031119692721404135
981.0 0.00305551802739501
982.0 0.003194294185959734
983.0 0.0033330707083223388
984.0 0.0033076939871534705
985.0 0.003282316538388841
986.0 0.003145093796774745
987.0 0.0030078706913627684
988.0 0.002749259874690324
989.0 0.0024906494218157604
990.0 0.0025684037609607913
991.0 0.002646158100105822
992.0 0.0026699661248130724
993.0 0.0026937741495203227
994.0 0.002731382119236514
995.0 0.002768989907053765
996.0 0.0028206626666360535
997.0 0.0028723352443194017
998.0 0.0029900664230808616
999.0 0.0031077976018423215
1000.0 0.0032324296626029536
1001.0 0.0033570620871614665
1002.0 0.0035659952118294314
1003.0 0.0037749279726995155
1004.0 0.0039428039599442855
1005.0 0.004110679583391175
1006.0 0.004282307418179698
1007.0 0.004453935980563983
1008.0 0.004457476461539045
1009.0 0.004461016578716226
1010.0 0.004488338163355365
1011.0 0.004515659747994505
1012.0 0.004466928658075631
1013.0 0.004418197204358876
1014.0 0.004125752820982598
1015.0 0.003833308073808439
1016.0 0.003672690218081698
1017.0 0.0035120723623549566
1018.0 0.0030748098652111366
1019.0 0.002637548095663078
1020.0 0.0022166594135342166
1021.0 0.0017957705495064147
1022.0 0.0015642386642866768
1023.0 0.0013327065062185284
1024.0 0.0013944199054094497
1025.0 0.0014561335774487816
1026.0 0.0013331799891602714
1027.0 0.0012102261280233506
1028.0 0.0011154998901474755
1029.0 0.00102077337942319
1030.0 0.0009866443178907502
1031.0 0.0009525145287625492
1032.0 0.0009226308975485153
1033.0 0.000892746993486071
1034.0 0.0008826868906908203
1035.0 0.0008726266059966292
1036.0 0.0009111217877944
1037.0 0.0009496165148448199
1038.0 0.0007988668585312553
1039.0 0.0006481173386418959
1040.0 0.0007573492439405527
1041.0 0.0008665811037644744
1042.0 0.0009879397111944854
1043.0 0.001109298045776086
1044.0 0.0010048757758340798
1045.0 0.0009004536877910141
1046.0 0.0009142851922661066
1047.0 0.0009281168786401395
1048.0 0.0008221581992984284
1049.0 0.0007161996109061874
1050.0 0.0007156708306865767
1051.0 0.0007151420504669659
1052.0 0.0009838783626037184
1053.0 0.00125261421999312
1054.0 0.0011284525498922449
1055.0 0.0010042907888418995
1056.0 0.0010100961844727863
1057.0 0.001015902125800494
1058.0 0.0009075813977688085
1059.0 0.0007992607606865931
1060.0 0.0011925718354177661
1061.0 0.0015858824554015882
1062.0 0.0015102461475180462
1063.0 0.0014346098396345042
1064.0 0.001143681220128201
1065.0 0.0008527525096724275
1066.0 0.0011307996828691103
1067.0 0.0014088469470152631
1068.0 0.0017108492102124728
1069.0 0.0020128509277128614
1070.0 0.0013737483641307335
1071.0 0.0007346456186496653
1072.0 0.0012852694453613367
1073.0 0.0018358934539719485
1074.0 0.0024615594156784937
1075.0 0.0030872255592839792
1076.0 0.0032924181141424924
1077.0 0.0034976110327988863
1078.0 0.004026874739793129
1079.0 0.004556138810585253
1080.0 0.004359211379778571
1081.0 0.004162283585174009
1082.0 0.0038500133086927235
1083.0 0.003537743032211438
1084.0 0.004489095226745121
1085.0 0.005440447057480924
1086.0 0.005435454659163952
1087.0 0.005430462624644861
1088.0 0.005265436629997566
1089.0 0.005100410999148153
1090.0 0.004949110734742135
1091.0 0.004797810106538236
1092.0 0.004185649959254079
1093.0 0.003573489811969921
1094.0 0.004072091178386472
1095.0 0.004570692544803023
1096.0 0.003257497155573219
1097.0 0.0019443017663434148
1098.0 0.0017627435227041133
1099.0 0.0015811858247616328
1100.0 0.001787471592251677
1101.0 0.0019937569959438406
