lsstCam/transmission_filter_detector/r32_s10/y_10/19700101T000000.ecsv
# %ECSV 1.0
# ---
# datatype:
# - {name: wavelength, unit: nm, datatype: float32}
# - {name: efficiency, unit: '%', datatype: float64}
# meta: !!omap
# - {MODE: DETECTOR}
# - {TYPE: transmission_filter_detector}
# - {CALIBDATE: '1970-01-01T00:00:00'}
# - {INSTRUME: LSSTCam}
# - {OBSTYPE: transmission_filter_detector}
# - {CALIBCLS: lsst.ip.isr.IntermediateFilterDetectorTransmissionCurve}
# - {SOURCE: Materion (DM-46256)}
# - {DETECTOR: 138}
# - {FILTER: y_10}
# - {CALIB_ID: 'calibDate=1970-01-01T00:00:00 filter=y_10 detector=138'}
# - {DATE: '2025-04-02T15:59:51.384026'}
# - {CALIB_CREATION_DATE: '2025-04-02'}
# - {CALIB_CREATION_TIME: '15:59:51'}
# - __serialized_columns__:
#     efficiency:
#       __class__: astropy.units.quantity.Quantity
#       unit: !astropy.units.Unit {unit: '%'}
#       value: !astropy.table.SerializedColumn {name: efficiency}
#     wavelength:
#       __class__: astropy.units.quantity.Quantity
#       unit: !astropy.units.Unit {unit: nm}
#       value: !astropy.table.SerializedColumn {name: wavelength}
# schema: astropy-2.0
wavelength efficiency
[from data line 577]
877.0 0.0020566958482959308
878.0 0.0023413853341480717
879.0 0.0018692391677177511
880.0 0.036460766568779945
881.0 0.09965702192857862
882.0 0.042353407479822636
883.0 0.10757020208984613
884.0 0.032211432699114084
885.0 0.1136434031650424
886.0 0.03165750531479716
887.0 0.10156770003959537
888.0 0.03758934326469898
889.0 0.09970639366656542
890.0 0.03830307978205383
891.0 0.10166926076635718
892.0 0.03520453756209463
893.0 0.10076698381453753
894.0 0.047331416863016784
895.0 0.11520541738718748
896.0 0.05256598815321922
897.0 0.12441364815458655
898.0 0.06660572253167629
899.0 0.13570786686614156
900.0 0.08508693426847458
901.0 0.14783613150939345
902.0 0.16854130662977695
903.0 0.18777993973344564
904.0 0.22349173668771982
905.0 0.2693366026505828
906.0 0.33211158588528633
907.0 0.4417171236127615
908.0 0.6031380966305733
909.0 0.8050912991166115
910.0 1.167337317019701
911.0 1.6611114144325256
912.0 2.4521861225366592
913.0 3.6067701876163483
914.0 4.9741096794605255
915.0 6.932631134986877
916.0 9.257478266954422
917.0 11.750716716051102
918.0 14.562216401100159
919.0 17.24013239145279
920.0 20.813947916030884
921.0 24.586252868175507
922.0 28.373828530311584
923.0 32.90461599826813
924.0 37.80770003795624
925.0 43.245214223861694
926.0 49.67523217201233
927.0 56.51089549064636
928.0 62.511008977890015
929.0 68.9012885093689
930.0 74.442058801651
931.0 79.82912063598633
932.0 84.73718762397766
933.0 88.76598477363586
934.0 91.6652500629425
935.0 93.63692998886108
936.0 95.12099027633667
937.0 96.14900350570679
938.0 96.76469564437866
939.0 97.01164364814758
940.0 97.26661443710327
941.0 97.42434024810791
942.0 97.60687351226807
943.0 97.66543507575989
944.0 97.86580801010132
945.0 97.8145182132721
946.0 97.88197875022888
947.0 97.79399633407593
948.0 97.97994494438171
949.0 97.88761138916016
950.0 97.99662232398987
951.0 98.0595588684082
952.0 98.14482927322388
953.0 98.3413815498352
954.0 98.42199683189392
955.0 98.4823226928711
956.0 98.64822626113892
957.0 98.81225824356079
958.0 98.96286129951477
959.0 98.97615313529968
960.0 99.04735684394836
961.0 99.09189939498901
962.0 99.14188385009766
963.0 99.16315078735352
964.0 99.21486377716064
965.0 99.19437170028687
966.0 99.28028583526611
967.0 99.33028817176819
968.0 99.31845664978027
969.0 99.31654334068298
970.0 99.39583539962769
971.0 99.42077398300171
972.0 99.46675896644592
973.0 99.55708980560303
974.0 99.55148100852966
975.0 99.49297308921814
976.0 99.55939054489136
977.0 99.50109124183655
978.0 99.56650137901306
979.0 99.50203895568848
980.0 99.47591423988342
981.0 99.37412142753601
982.0 99.31511878967285
983.0 99.33085441589355
984.0 99.3067979812622
985.0 99.33920502662659
986.0 99.1971492767334
987.0 99.27338361740112
988.0 99.18579459190369
989.0 99.17169213294983
990.0 99.14981722831726
991.0 99.18957352638245
992.0 99.27852749824524
993.0 99.22990202903748
994.0 99.21050071716309
995.0 99.25586581230164
996.0 99.22839999198914
997.0 99.37080144882202
998.0 99.41495060920715
999.0 99.42139387130737
1000.0 99.47306513786316
1001.0 99.4235634803772
1002.0 99.51581358909607
1003.0 99.50342774391174
1004.0 99.60209727287292
1005.0 99.49724674224854
1006.0 99.64447617530823
1007.0 99.60082769393921
1008.0 99.55188632011414
1009.0 99.47601556777954
1010.0 99.56643581390381
1011.0 99.54339861869812
1012.0 99.46982264518738
1013.0 99.42137598991394
1014.0 99.44506883621216
1015.0 99.42928552627563
1016.0 99.39154386520386
1017.0 99.47723150253296
1018.0 99.53441023826599
1019.0 99.41982626914978
1020.0 99.49033856391907
1021.0 99.62639808654785
1022.0 99.49911236763
1023.0 99.55747723579407
1024.0 99.53504204750061
1025.0 99.54757690429688
1026.0 99.61156845092773
1027.0 99.7007668018341
1028.0 99.592125415802
1029.0 99.73828196525574
1030.0 99.75079894065857
1031.0 99.6680200099945
1032.0 99.74992871284485
1033.0 99.67474937438965
1034.0 99.69694018363953
1035.0 99.74783062934875
1036.0 99.66252446174622
1037.0 99.66259598731995
1038.0 99.63459968566895
1039.0 99.53806400299072
1040.0 99.49229955673218
1041.0 99.58706498146057
1042.0 99.47481155395508
1043.0 99.47240352630615
1044.0 99.55708980560303
1045.0 99.25590753555298
1046.0 99.47766065597534
1047.0 99.4568943977356
1048.0 99.47896003723145
1049.0 99.43528771400452
1050.0 99.3601143360138
1051.0 99.37047362327576
1052.0 99.32812452316284
1053.0 99.18937683105469
1054.0 99.49613213539124
1055.0 99.57302808761597
1056.0 99.41331148147583
1057.0 99.50795769691467
1058.0 99.32948350906372
1059.0 99.30475354194641
1060.0 99.51397776603699
1061.0 99.36997294425964
1062.0 99.37682747840881
1063.0 99.29897785186768
1064.0 99.44023489952087
1065.0 99.37418699264526
1066.0 99.45557713508606
1067.0 99.4753897190094
1068.0 99.45231080055237
1069.0 99.2317259311676
1070.0 99.50821995735168
1071.0 99.40027594566345
1072.0 99.3798017501831
1073.0 99.53799843788147
1074.0 99.09881353378296
1075.0 99.20921325683594
1076.0 99.1000235080719
1077.0 99.34266209602356
1078.0 99.46720600128174
1079.0 99.10109639167786
1080.0 99.81115460395813
1081.0 99.13992285728455
1082.0 99.15955066680908
1083.0 98.98359775543213
1084.0 99.5195746421814
1085.0 99.38405752182007
1086.0 99.20769333839417
1087.0 99.29875135421753
1088.0 98.99085760116577
1089.0 98.96650314331055
1090.0 99.01195764541626
1091.0 99.14956092834473
1092.0 98.711097240448
1093.0 98.99609684944153
1094.0 98.86403679847717
1095.0 98.6952543258667
1096.0 98.70762228965759
1097.0 98.71380925178528
1098.0 97.93545603752136
1099.0 98.76798987388611
1100.0 98.38220477104187
