lsstCam/transmission_filter_detector/r32_s10/y_10/19700101T000000.ecsv
# %ECSV 1.0
# ---
# datatype:
# - {name: wavelength, unit: nm, datatype: float32}
# - {name: efficiency, unit: '%', datatype: float64}
# meta: !!omap
# - {MODE: DETECTOR}
# - {TYPE: transmission_filter_detector}
# - {CALIBDATE: '1970-01-01T00:00:00'}
# - {INSTRUME: LSSTCam}
# - {OBSTYPE: transmission_filter_detector}
# - {CALIBCLS: lsst.ip.isr.IntermediateFilterDetectorTransmissionCurve}
# - {SOURCE: Materion (DM-46256)}
# - {DETECTOR: 138}
# - {FILTER: y_10}
# - {CALIB_ID: 'calibDate=1970-01-01T00:00:00 filter=y_10 detector=138'}
# - {DATE: '2025-04-02T15:59:51.384026'}
# - {CALIB_CREATION_DATE: '2025-04-02'}
# - {CALIB_CREATION_TIME: '15:59:51'}
# - __serialized_columns__:
#     efficiency:
#       __class__: astropy.units.quantity.Quantity
#       unit: !astropy.units.Unit {unit: '%'}
#       value: !astropy.table.SerializedColumn {name: efficiency}
#     wavelength:
#       __class__: astropy.units.quantity.Quantity
#       unit: !astropy.units.Unit {unit: nm}
#       value: !astropy.table.SerializedColumn {name: wavelength}
# schema: astropy-2.0
wavelength efficiency
300.0 0.022357112902682275
301.0 0.02341247018193826
302.0 0.024467826006002724
303.0 0.01726224727462977
304.0 0.010056665632873774
305.0 0.011630474182311445
306.0 0.013204279821366072
307.0 0.013221010158304125
308.0 0.013237740495242178
309.0 0.011504062422318384
310.0 0.009770387259777635
311.0 0.006124602805357426
312.0 0.0024788194423308596
313.0 0.0049684287660056725
314.0 0.007458036998286843
315.0 0.004625126166502014
316.0 0.0017922138795256615
317.0 0.002127183324773796
318.0 0.0024621522243251093
319.0 0.000920388447411824
320.0 1.5846102641853266e-10
321.0 1.5846102641853266e-10
322.0 0.0004124740826227935
323.0 0.0024350854801014066
324.0 0.004457696559256874
325.0 0.0028546266548801214
326.0 0.0012515568414528389
327.0 0.002614673758216668
328.0 0.0039777904021320865
329.0 0.003855688191833906
330.0 0.0037335859815357253
331.0 0.003111763362539932
332.0 0.0024899409254430793
333.0 0.0029373612051131204
334.0 0.003384781302884221
335.0 0.0026341806005802937
336.0 0.0018835789887816645
337.0 0.001980942761292681
338.0 0.0020783065338036977
339.0 0.0019157307178829797
340.0 0.001753155083861202
341.0 0.0014625218682340346
342.0 0.001171888561657397
343.0 0.0011954546607739758
344.0 0.0012190207598905545
345.0 0.0010632577868818771
346.0 0.0009074948138731997
347.0 0.0011332948815834243
348.0 0.001359095040243119
349.0 0.0010892938007600605
350.0 0.0008194925612770021
351.0 0.0009376073649036698
352.0 0.0010557222594798077
353.0 0.0012802262062905356
354.0 0.0015047300621517934
355.0 0.0015804904251126572
356.0 0.0016562506061745808
357.0 0.0014547990758728702
358.0 0.0012533477274701
359.0 0.0010682035281206481
360.0 0.0008830594197206665
361.0 0.0009067179234989453
362.0 0.0009303765182266943
363.0 0.0009384614713781048
364.0 0.0009465462426305749
365.0 0.0012600594345713034
366.0 0.001573572626512032
367.0 0.0018404653019388206
368.0 0.002107357795466669
369.0 0.001819901262933854
370.0 0.0015324450941989198
371.0 0.001408547268511029
372.0 0.0012846497156715486
373.0 0.0015910660295048729
374.0 0.0018974820704897866
375.0 0.002850933560694102
376.0 0.003804385050898418
377.0 0.004015544618596323
378.0 0.004226704186294228
379.0 0.0037931949918856844
380.0 0.0033596861612750217
381.0 0.002524810770410113
382.0 0.001689935197646264
383.0 0.001279323532799026
384.0 0.000868711867951788
385.0 0.0007769977855787147
386.0 0.0006852836577309063
387.0 0.0005176852027943823
388.0 0.00035008665690838825
389.0 0.00045115848479326814
390.0 0.0005522304036276182
391.0 0.00051408537729003
392.0 0.0004759402600029716
393.0 0.0005721018169424497
394.0 0.0006682631919829873
395.0 0.0006059310635464499
396.0 0.0005435989351099124
397.0 0.0006515008863061666
398.0 0.0007594027920276858
399.0 0.0009582303391653113
400.0 0.0011570577953534666
401.0 0.0014404724424821325
402.0 0.0017238868167623878
403.0 0.0017716498405206949
404.0 0.0018194126823800616
405.0 0.0017970274711842649
406.0 0.0017746420780895278
407.0 0.0016580625015194528
408.0 0.0015414831068483181
409.0 0.0013129431863490026
410.0 0.0010844032658496872
411.0 0.0008137045369949192
412.0 0.000543005717190681
413.0 0.00047354737944260705
414.0 0.0004040892690682085
415.0 0.0005984122708468931
416.0 0.0007927351362013724
417.0 0.0004170978627371369
418.0 4.1460344846200314e-05
419.0 1.5846102641853266e-10
420.0 1.5846102641853266e-10
421.0 1.5846102641853266e-10
422.0 1.5846102641853266e-10
423.0 0.00021537102838919964
424.0 0.00046685613597219344
425.0 4.606584695920901e-05
426.0 1.5846102641853266e-10
427.0 0.0002694361228350317
428.0 0.0009135966138273943
429.0 0.00036094984352530446
430.0 1.5846102641853266e-10
431.0 1.5846102641853266e-10
432.0 0.000151949734572554
433.0 1.5846102641853266e-10
434.0 1.5846102641853266e-10
435.0 3.4925224667858856e-05
436.0 0.00041968178265960887
437.0 0.00029924785849289037
438.0 0.0001788139229574881
439.0 0.00018166919062423403
440.0 0.00018452445829097996
441.0 0.0001954597109943279
442.0 0.00020639504327846225
443.0 0.00037789384350617183
444.0 0.0005493925527844112
445.0 0.0004906942649540724
446.0 0.0004319959316489985
447.0 0.0004392480605019955
448.0 0.00044650023482972756
449.0 0.00020082234186702408
450.0 1.5846102641853266e-10
451.0 9.66417474046466e-05
452.0 0.0002381391595918103
453.0 0.00014393814353752532
454.0 4.973701379640261e-05
455.0 0.00043723080125346314
456.0 0.000824724520498421
457.0 0.00028886988729937
458.0 1.5846102641853266e-10
459.0 1.5846102641853266e-10
460.0 1.5846102641853266e-10
461.0 1.5846102641853266e-10
462.0 0.00021719620235671755
463.0 0.00040523036659578793
464.0 0.0005932644853601232
465.0 0.000655505482427543
466.0 0.0007177464794949628
467.0 0.00086205427578534
468.0 0.0010063621630251873
469.0 0.001433034867659444
470.0 0.0018597074813442305
471.0 0.001983356742130127
472.0 0.0021070056391181424
473.0 0.002205446617153939
474.0 0.0023038877770886756
475.0 0.0025938774342648685
476.0 0.0028838676371378824
477.0 0.003121234112768434
478.0 0.0033586005883989856
479.0 0.0036253626603865996
480.0 0.0038921247323742136
481.0 0.004270653516869061
482.0 0.004649181937566027
483.0 0.004444763544597663
484.0 0.004240345151629299
485.0 0.003957312219426967
486.0 0.003674279651022516
487.0 0.0033013981010299176
488.0 0.00292851709673414
489.0 0.0026310630346415564
490.0 0.002333609154447913
491.0 0.0020722840417874977
492.0 0.001810959292924963
493.0 0.0016593581676715985
494.0 0.0015077568605192937
495.0 0.0017402979210601188
496.0 0.0019728387997020036
497.0 0.0019402024918235838
498.0 0.001907566183945164
499.0 0.0021147883671801537
500.0 0.0023220105504151434
501.0 0.0025766921680769883
502.0 0.0028313739676377736
503.0 0.0028563974410644732
504.0 0.002881420914491173
505.0 0.0026069477826240472
506.0 0.0023324746507569216
507.0 0.0022647707737633027
508.0 0.002197066896769684
509.0 0.002132909867214039
510.0 0.002068752837658394
511.0 0.0018832577552529983
512.0 0.0016977628547465429
513.0 0.0018372242266195826
514.0 0.0019766861441894434
515.0 0.0016104459064081311
516.0 0.001244205759576289
517.0 0.0012779089047398884
518.0 0.001311612140852958
519.0 0.0012924871043651365
520.0 0.001273362067877315
521.0 0.0012837609574489761
522.0 0.0012941595741722267
523.0 0.0015202469512587413
524.0 0.0017463342373957857
525.0 0.0020513400158961304
526.0 0.0023563459762954153
527.0 0.002413082984276116
528.0 0.0024698199922568165
529.0 0.002464005956426263
530.0 0.0024581919205957092
531.0 0.002344782478758134
532.0 0.0022313734007184394
533.0 0.002076827331620734
534.0 0.001922281262523029
535.0 0.001804936255211942
536.0 0.0016875916116987355
537.0 0.001887452344817575
538.0 0.0020873134417342953
539.0 0.002618579674162902
540.0 0.003149846088490449
541.0 0.0036299636121839285
542.0 0.004110081499675289
543.0 0.004497954432736151
544.0 0.004885827001999132
545.0 0.0047850429837126285
546.0 0.004684258965426125
547.0 0.004170256943325512
548.0 0.0036562549212248996
549.0 0.0031058112654136494
550.0 0.002555367609602399
551.0 0.0026792180506163277
552.0 0.0028030686735291965
553.0 0.0029009532227064483
554.0 0.0029988381356815808
555.0 0.003466237467364408
556.0 0.003933636617148295
557.0 0.004138297299505211
558.0 0.004342957981862128
559.0 0.00392968904634472
560.0 0.003516420110827312
561.0 0.0037258327211020514
562.0 0.003935245331376791
563.0 0.003486243440420367
564.0 0.003037241185666062
565.0 0.0032566564186709
566.0 0.0034760716516757384
567.0 0.0039010024920571595
568.0 0.004325933332438581
569.0 0.004935509423376061
570.0 0.005545085514313541
571.0 0.005851539026480168
572.0 0.0061579929024446756
573.0 0.006308926094789058
574.0 0.00645985928713344
575.0 0.0063035127823241055
576.0 0.006147167005110532
577.0 0.005766826507169753
578.0 0.005386486373026855
579.0 0.0056003751524258405
580.0 0.005814263204229064
581.0 0.006559859320987016
582.0 0.007305455801542848
583.0 0.008489797619404271
584.0 0.009674140892457217
585.0 0.010250935156363994
586.0 0.010827730147866532
587.0 0.010854176071006805
588.0 0.010880624176934361
589.0 0.010595050844131038
590.0 0.010309481876902282
591.0 0.009502550528850406
592.0 0.00869561918079853
593.0 0.007579641533084214
594.0 0.006463663885369897
595.0 0.0058612680732039735
596.0 0.005258874080027454
597.0 0.005643054464599118
598.0 0.006027234849170782
599.0 0.007154990453273058
600.0 0.008282744965981692
601.0 0.009537421283312142
602.0 0.010792096145451069
603.0 0.01078464338206686
604.0 0.010777191346278414
605.0 0.010696778917917982
606.0 0.01061636648955755
607.0 0.009422850416740403
608.0 0.008229335071519017
609.0 0.006748409941792488
610.0 0.00526748553966172
611.0 0.004399962199386209
612.0 0.0035324381315149367
613.0 0.0034044634958263487
614.0 0.00327648849633988
615.0 0.00428723287768662
616.0 0.00529797725903336
617.0 0.006729826418450102
618.0 0.008161673758877441
619.0 0.009572927228873596
620.0 0.010984179243678227
621.0 0.011044122220482677
622.0 0.011104065924882889
623.0 0.011280801118118688
624.0 0.011457535583758727
625.0 0.010481379285920411
626.0 0.009505221532890573
627.0 0.007682215073145926
628.0 0.00585920934099704
629.0 0.004772791726281866
630.0 0.0036863744753645733
631.0 0.0030253084332798608
632.0 0.0023642431187909096
633.0 0.0024362514523090795
634.0 0.0025082597858272493
635.0 0.002734564804995898
636.0 0.002960869824164547
637.0 0.003416564140934497
638.0 0.003872258457704447
639.0 0.004461989374249242
640.0 0.005051720290794037
641.0 0.005229308953857981
642.0 0.005406896889326163
643.0 0.005636476998915896
644.0 0.005866057108505629
645.0 0.005040032192482613
646.0 0.004214007276459597
647.0 0.00370133675460238
648.0 0.003188666596543044
649.0 0.0026267320208717138
650.0 0.0020647974452003837
651.0 0.0017826818293542601
652.0 0.001500565940659726
653.0 0.0014762950740987435
654.0 0.0014520243894367013
655.0 0.0013743459930992685
656.0 0.0012966675967618357
657.0 0.0013898102224629838
658.0 0.0014829527572146617
659.0 0.0014420480511034839
660.0 0.001401143344992306
661.0 0.0014586733414034825
662.0 0.001516203428764129
663.0 0.0016495088857482187
664.0 0.0017828142517828383
665.0 0.0024912838853197172
666.0 0.003199753336957656
667.0 0.003957533044740558
668.0 0.00471531311632134
669.0 0.005668298035743646
670.0 0.0066212829551659524
671.0 0.007061568612698466
672.0 0.007501854270230979
673.0 0.007442141213687137
674.0 0.007382427429547533
675.0 0.007142472168197855
676.0 0.006902516906848177
677.0 0.005754888479714282
678.0 0.004607260052580386
679.0 0.003379347253940068
680.0 0.0021514346371986903
681.0 0.0013186578144086525
682.0 0.0004858812644670252
683.0 0.0004896173322777031
684.0 0.0004933534910378512
685.0 0.0003985912371717859
686.0 0.000303828915093618
687.0 0.000230820683100319
688.0 0.0001578123828949174
689.0 0.0002717800271057058
690.0 0.00038574762584175915
691.0 0.00027812784537672997
692.0 0.00017050799669959815
693.0 0.00022386948330677114
694.0 0.00027723096991394414
695.0 0.00020345908069430152
696.0 0.00012968721421202645
697.0 0.0002789380687318044
698.0 0.0004281890142010525
699.0 0.0002904496341216145
700.0 0.00015271037909769802
701.0 0.00018322299411011045
702.0 0.00021373557501647156
703.0 0.00011080787771788891
704.0 7.880230157297774e-06
705.0 0.0001154687424786971
706.0 0.00022305723632598529
707.0 0.0004004197762697004
708.0 0.000577782338950783
709.0 0.0006648118869634345
710.0 0.0007518415259255562
711.0 0.0006022929028404178
712.0 0.00045274423428054433
713.0 0.00022324081783153815
714.0 1.5846102641853266e-10
715.0 0.00011572510629775934
716.0 0.00023771278847561916
717.0 0.00019364222225703998
718.0 0.00014957164466977702
719.0 0.0003583936859286041
720.0 0.0005672158749803202
721.0 0.0005900280939385993
722.0 0.0006128404947958188
723.0 0.00045757856241834816
724.0 0.00030231660730350995
725.0 0.0002881932914533536
726.0 0.00027406997560319724
727.0 0.00018542178850111668
728.0 9.677371508587385e-05
729.0 0.00029231862299639033
730.0 0.0004878634172200691
731.0 0.0003268033424319583
732.0 0.0001657433131185826
733.0 0.00036888302474835655
734.0 0.0005720229182770709
735.0 0.0003479767656244803
736.0 0.00012393068118399242
737.0 0.00012061010465913569
738.0 0.00011728958497769781
739.0 0.0001353961579297902
740.0 0.0001535027763566177
741.0 0.00015965982811394497
742.0 0.0001658169026086398
743.0 0.0002797457227643463
744.0 0.0003936744178645313
745.0 0.00046693176045664586
746.0 0.0005401888302003499
747.0 0.00030009248348505935
748.0 5.9996028767272946e-05
749.0 0.00016873675576789537
750.0 0.0002774775566649623
751.0 0.0005047707873018226
752.0 0.0007320640179386828
753.0 0.00041044277168111876
754.0 8.882154247658036e-05
755.0 0.00045047918320051394
756.0 0.000812136750028003
757.0 0.0005410119229054544
758.0 0.0002698872322071111
759.0 0.00024032231067394605
760.0 0.00021075734366604593
761.0 0.00040543286559113767
762.0 0.0006001083875162294
763.0 0.0005663700903824065
764.0 0.0005326316568243783
765.0 0.0004215104127069935
766.0 0.0003103892595390789
767.0 0.0004741820703202393
768.0 0.00063797506300034
769.0 0.0005374641659727786
770.0 0.00043695326894521713
771.0 0.000648158948024502
772.0 0.0008593646271037869
773.0 0.000530674469700898
774.0 0.00020198426682327408
775.0 0.00029873501716792816
776.0 0.0003954859039367875
777.0 0.0003145045639030286
778.0 0.00023352315565716708
779.0 0.0005692064860340906
780.0 0.0009048898391483817
781.0 0.0007342251137743006
782.0 0.0005635603429254843
783.0 0.0007068564173096092
784.0 0.0008501524462189991
785.0 0.0006949994713068008
786.0 0.000539846223546192
787.0 0.00034930635592900217
788.0 0.00015876630641287193
789.0 0.0003730436674231896
790.0 0.0005873209374840371
791.0 0.0006683726951450808
792.0 0.0007494243618566543
793.0 0.000850360174808884
794.0 0.0009512958058621734
795.0 0.0006948499049030943
796.0 0.00043840386751980986
797.0 0.0005843232884217286
798.0 0.0007302425728994422
799.0 0.0005034417426941218
800.0 0.0002766409579635365
801.0 0.0006762610155419679
802.0 0.0010758812095446046
803.0 0.0010251572348352056
804.0 0.0009744334420247469
805.0 0.0007282518254214665
806.0 0.000482070163343451
807.0 0.00025560027552273823
808.0 2.9130345069461328e-05
809.0 0.0004864970833295956
810.0 0.000943863869906636
811.0 0.000770139286032645
812.0 0.000596414656683919
813.0 0.000745740408092388
814.0 0.0008950660230766516
815.0 0.0008268734745797701
816.0 0.0007586809260828886
817.0 0.000772779640101362
818.0 0.0007868784450693056
819.0 0.0008652365977468435
820.0 0.0009435947504243813
821.0 0.0009601645615475718
822.0 0.0009767343726707622
823.0 0.0008878000699041877
824.0 0.0007988657671376131
825.0 0.0009496036000200547
826.0 0.0011003415238519665
827.0 0.0008135580173984636
828.0 0.0005267742835712852
829.0 0.0005778253580501769
830.0 0.0006288763415795984
831.0 0.0007051223292364739
832.0 0.000781368635216495
833.0 0.0010205711078015156
834.0 0.0012597736713360064
835.0 0.001121730383601971
836.0 0.0009836870049184654
837.0 0.0007073587312333984
838.0 0.00043103059397253674
839.0 0.0004956451903126435
840.0 0.0005602597866527503
841.0 0.0009414422493136954
842.0 0.0013226246664999053
843.0 0.0010721425496740267
844.0 0.0008216603418986779
845.0 0.0007676062523387372
846.0 0.0007135519354051212
847.0 0.000979378182819346
848.0 0.001245204566657776
849.0 0.0009560346370562911
850.0 0.0006668646619800711
851.0 0.0006192290129547473
852.0 0.0005715934094041586
853.0 0.0008336799510288984
854.0 0.0010957664926536381
855.0 0.000989735417533666
856.0 0.0008837043424136937
857.0 0.0010066411959996913
858.0 0.0011295780495856889
859.0 0.0008157808224495966
860.0 0.0005019837317377096
861.0 0.0009969805432774592
862.0 0.0014919773093424737
863.0 0.0014680843378300779
864.0 0.001444191366317682
865.0 0.0018009881387115456
866.0 0.0021577850930043496
867.0 0.0025058323444682173
868.0 0.0028538794140331447
869.0 0.002826916352205444
870.0 0.0027999527446809225
871.0 0.0032854983146535233
872.0 0.003771043338929303
873.0 0.0030447306926362216
874.0 0.0023184178644442
875.0 0.002045212204393465
