comCam/transmission_sensor/r22_s00/19700101T000000.ecsv
# %ECSV 1.0
# ---
# datatype:
# - {name: amp_name, datatype: string}
# - {name: wavelength, unit: nm, datatype: float32}
# - {name: efficiency, unit: '%', datatype: float64}
# meta: !!omap
# - {MODE: AMP}
# - {TYPE: transmission_sensor}
# - {CALIBDATE: '1970-01-01T00:00:00'}
# - {INSTRUME: ComCam}
# - {OBSTYPE: transmission_sensor}
# - {DETECTOR: 0}
# - {CALIBCLS: lsst.ip.isr.IntermediateSensorTransmissionCurve}
# - {SOURCE: Median of LSSTCam ITL sensor QE from DM-40164}
# - {CALIB_ID: 'raftName=R22 detectorName=R22_S00 detector=0 calibDate=1970-01-01T00:00:00'}
# - {DATE: '2024-08-20T17:43:39.595356'}
# - {CALIB_CREATION_DATE: '2024-08-20'}
# - {CALIB_CREATION_TIME: '17:43:39'}
# - __serialized_columns__:
#     efficiency:
#       __class__: astropy.units.quantity.Quantity
#       unit: !astropy.units.Unit {unit: '%'}
#       value: !astropy.table.SerializedColumn {name: efficiency}
#     wavelength:
#       __class__: astropy.units.quantity.Quantity
#       unit: !astropy.units.Unit {unit: nm}
#       value: !astropy.table.SerializedColumn {name: wavelength}
# schema: astropy-2.0
amp_name wavelength efficiency
C00 319.994 47.53349304199219
C00 324.969 48.875722885131836
C00 349.982 57.080278396606445
C00 374.975 72.54926300048828
C00 400.019 84.28225445823344
C00 424.965 85.74293899536133
C00 450.035 85.35898970060644
C00 475.003 85.27677917480469
C00 500.018 85.59198468697713
C00 525.002 86.19667728223627
C00 550.029 87.38334655761719
C00 575.023 88.8463249206543
C00 599.982 90.6515884399414
C00 619.997 91.67431640625
C00 624.979 92.01992416381836
C00 650.012 93.40509796142578
C00 675.004 94.65245767696143
C00 700.03 95.49894332885742
C00 725.012 96.28592300415039
C00 750.022 97.69941536644879
C00 774.987 98.9916716795143
C00 799.976 99.23845291137695
C00 824.988 98.62606430053711
C00 850.022 97.44396780477527
C00 869.967 95.12816619873047
C00 875.002 94.11059951782227
C00 899.999 87.63937759399414
C00 919.999 79.69084990809053
C00 925.012 76.8595793313635
C00 949.965 63.53200149536133
C00 975.002 48.71293067932129
C00 999.976 30.9714412689209
C00 1025.028 15.140185832977295
C00 1050.014 6.132261514663696
C00 1075.002 0.9294150946373725
C00 1099.99 0.09221571185381974
C01 319.994 47.53349304199219
C01 324.969 48.875722885131836
C01 349.982 57.080278396606445
C01 374.975 72.54926300048828
C01 400.019 84.28225445823344
C01 424.965 85.74293899536133
C01 450.035 85.35898970060644
C01 475.003 85.27677917480469
C01 500.018 85.59198468697713
C01 525.002 86.19667728223627
C01 550.029 87.38334655761719
C01 575.023 88.8463249206543
C01 599.982 90.6515884399414
C01 619.997 91.67431640625
C01 624.979 92.01992416381836
C01 650.012 93.40509796142578
C01 675.004 94.65245767696143
C01 700.03 95.49894332885742
C01 725.012 96.28592300415039
C01 750.022 97.69941536644879
C01 774.987 98.9916716795143
C01 799.976 99.23845291137695
C01 824.988 98.62606430053711
C01 850.022 97.44396780477527
C01 869.967 95.12816619873047
C01 875.002 94.11059951782227
C01 899.999 87.63937759399414
C01 919.999 79.69084990809053
C01 925.012 76.8595793313635
C01 949.965 63.53200149536133
C01 975.002 48.71293067932129
C01 999.976 30.9714412689209
C01 1025.028 15.140185832977295
C01 1050.014 6.132261514663696
C01 1075.002 0.9294150946373725
C01 1099.99 0.09221571185381974
C02 319.994 47.53349304199219
C02 324.969 48.875722885131836
C02 349.982 57.080278396606445
C02 374.975 72.54926300048828
C02 400.019 84.28225445823344
C02 424.965 85.74293899536133
C02 450.035 85.35898970060644
C02 475.003 85.27677917480469
C02 500.018 85.59198468697713
C02 525.002 86.19667728223627
C02 550.029 87.38334655761719
C02 575.023 88.8463249206543
C02 599.982 90.6515884399414
C02 619.997 91.67431640625
C02 624.979 92.01992416381836
C02 650.012 93.40509796142578
C02 675.004 94.65245767696143
C02 700.03 95.49894332885742
C02 725.012 96.28592300415039
C02 750.022 97.69941536644879
C02 774.987 98.9916716795143
C02 799.976 99.23845291137695
C02 824.988 98.62606430053711
C02 850.022 97.44396780477527
C02 869.967 95.12816619873047
C02 875.002 94.11059951782227
C02 899.999 87.63937759399414
C02 919.999 79.69084990809053
C02 925.012 76.8595793313635
C02 949.965 63.53200149536133
C02 975.002 48.71293067932129
C02 999.976 30.9714412689209
C02 1025.028 15.140185832977295
C02 1050.014 6.132261514663696
C02 1075.002 0.9294150946373725
C02 1099.99 0.09221571185381974
C03 319.994 47.53349304199219
C03 324.969 48.875722885131836
C03 349.982 57.080278396606445
C03 374.975 72.54926300048828
C03 400.019 84.28225445823344
C03 424.965 85.74293899536133
C03 450.035 85.35898970060644
C03 475.003 85.27677917480469
C03 500.018 85.59198468697713
C03 525.002 86.19667728223627
C03 550.029 87.38334655761719
C03 575.023 88.8463249206543
C03 599.982 90.6515884399414
C03 619.997 91.67431640625
C03 624.979 92.01992416381836
C03 650.012 93.40509796142578
C03 675.004 94.65245767696143
C03 700.03 95.49894332885742
C03 725.012 96.28592300415039
C03 750.022 97.69941536644879
C03 774.987 98.9916716795143
C03 799.976 99.23845291137695
C03 824.988 98.62606430053711
C03 850.022 97.44396780477527
C03 869.967 95.12816619873047
C03 875.002 94.11059951782227
C03 899.999 87.63937759399414
C03 919.999 79.69084990809053
C03 925.012 76.8595793313635
C03 949.965 63.53200149536133
C03 975.002 48.71293067932129
C03 999.976 30.9714412689209
C03 1025.028 15.140185832977295
C03 1050.014 6.132261514663696
C03 1075.002 0.9294150946373725
C03 1099.99 0.09221571185381974
C04 319.994 47.53349304199219
C04 324.969 48.875722885131836
C04 349.982 57.080278396606445
C04 374.975 72.54926300048828
C04 400.019 84.28225445823344
C04 424.965 85.74293899536133
C04 450.035 85.35898970060644
C04 475.003 85.27677917480469
C04 500.018 85.59198468697713
C04 525.002 86.19667728223627
C04 550.029 87.38334655761719
C04 575.023 88.8463249206543
C04 599.982 90.6515884399414
C04 619.997 91.67431640625
C04 624.979 92.01992416381836
C04 650.012 93.40509796142578
C04 675.004 94.65245767696143
C04 700.03 95.49894332885742
C04 725.012 96.28592300415039
C04 750.022 97.69941536644879
C04 774.987 98.9916716795143
C04 799.976 99.23845291137695
C04 824.988 98.62606430053711
C04 850.022 97.44396780477527
C04 869.967 95.12816619873047
C04 875.002 94.11059951782227
C04 899.999 87.63937759399414
C04 919.999 79.69084990809053
C04 925.012 76.8595793313635
C04 949.965 63.53200149536133
C04 975.002 48.71293067932129
C04 999.976 30.9714412689209
C04 1025.028 15.140185832977295
C04 1050.014 6.132261514663696
C04 1075.002 0.9294150946373725
C04 1099.99 0.09221571185381974
C05 319.994 47.53349304199219
C05 324.969 48.875722885131836
C05 349.982 57.080278396606445
C05 374.975 72.54926300048828
C05 400.019 84.28225445823344
C05 424.965 85.74293899536133
C05 450.035 85.35898970060644
C05 475.003 85.27677917480469
C05 500.018 85.59198468697713
C05 525.002 86.19667728223627
C05 550.029 87.38334655761719
C05 575.023 88.8463249206543
C05 599.982 90.6515884399414
C05 619.997 91.67431640625
C05 624.979 92.01992416381836
C05 650.012 93.40509796142578
C05 675.004 94.65245767696143
C05 700.03 95.49894332885742
C05 725.012 96.28592300415039
C05 750.022 97.69941536644879
C05 774.987 98.9916716795143
C05 799.976 99.23845291137695
C05 824.988 98.62606430053711
C05 850.022 97.44396780477527
C05 869.967 95.12816619873047
C05 875.002 94.11059951782227
C05 899.999 87.63937759399414
C05 919.999 79.69084990809053
C05 925.012 76.8595793313635
C05 949.965 63.53200149536133
C05 975.002 48.71293067932129
C05 999.976 30.9714412689209
C05 1025.028 15.140185832977295
C05 1050.014 6.132261514663696
C05 1075.002 0.9294150946373725
C05 1099.99 0.09221571185381974
C06 319.994 47.53349304199219
C06 324.969 48.875722885131836
C06 349.982 57.080278396606445
C06 374.975 72.54926300048828
C06 400.019 84.28225445823344
C06 424.965 85.74293899536133
C06 450.035 85.35898970060644
C06 475.003 85.27677917480469
C06 500.018 85.59198468697713
C06 525.002 86.19667728223627
C06 550.029 87.38334655761719
C06 575.023 88.8463249206543
C06 599.982 90.6515884399414
C06 619.997 91.67431640625
C06 624.979 92.01992416381836
C06 650.012 93.40509796142578
C06 675.004 94.65245767696143
C06 700.03 95.49894332885742
C06 725.012 96.28592300415039
C06 750.022 97.69941536644879
C06 774.987 98.9916716795143
C06 799.976 99.23845291137695
C06 824.988 98.62606430053711
C06 850.022 97.44396780477527
C06 869.967 95.12816619873047
C06 875.002 94.11059951782227
C06 899.999 87.63937759399414
C06 919.999 79.69084990809053
C06 925.012 76.8595793313635
C06 949.965 63.53200149536133
C06 975.002 48.71293067932129
C06 999.976 30.9714412689209
C06 1025.028 15.140185832977295
C06 1050.014 6.132261514663696
C06 1075.002 0.9294150946373725
C06 1099.99 0.09221571185381974
C07 319.994 47.53349304199219
C07 324.969 48.875722885131836
C07 349.982 57.080278396606445
C07 374.975 72.54926300048828
C07 400.019 84.28225445823344
C07 424.965 85.74293899536133
C07 450.035 85.35898970060644
C07 475.003 85.27677917480469
C07 500.018 85.59198468697713
C07 525.002 86.19667728223627
C07 550.029 87.38334655761719
C07 575.023 88.8463249206543
C07 599.982 90.6515884399414
C07 619.997 91.67431640625
C07 624.979 92.01992416381836
C07 650.012 93.40509796142578
C07 675.004 94.65245767696143
C07 700.03 95.49894332885742
C07 725.012 96.28592300415039
C07 750.022 97.69941536644879
C07 774.987 98.9916716795143
C07 799.976 99.23845291137695
C07 824.988 98.62606430053711
C07 850.022 97.44396780477527
C07 869.967 95.12816619873047
C07 875.002 94.11059951782227
C07 899.999 87.63937759399414
C07 919.999 79.69084990809053
C07 925.012 76.8595793313635
C07 949.965 63.53200149536133
C07 975.002 48.71293067932129
C07 999.976 30.9714412689209
C07 1025.028 15.140185832977295
C07 1050.014 6.132261514663696
C07 1075.002 0.9294150946373725
C07 1099.99 0.09221571185381974
C10 319.994 47.53349304199219
C10 324.969 48.875722885131836
C10 349.982 57.080278396606445
C10 374.975 72.54926300048828
C10 400.019 84.28225445823344
C10 424.965 85.74293899536133
C10 450.035 85.35898970060644
C10 475.003 85.27677917480469
C10 500.018 85.59198468697713
C10 525.002 86.19667728223627
C10 550.029 87.38334655761719
C10 575.023 88.8463249206543
C10 599.982 90.6515884399414
C10 619.997 91.67431640625
C10 624.979 92.01992416381836
C10 650.012 93.40509796142578
C10 675.004 94.65245767696143
C10 700.03 95.49894332885742
C10 725.012 96.28592300415039
C10 750.022 97.69941536644879
C10 774.987 98.9916716795143
C10 799.976 99.23845291137695
C10 824.988 98.62606430053711
C10 850.022 97.44396780477527
C10 869.967 95.12816619873047
C10 875.002 94.11059951782227
C10 899.999 87.63937759399414
C10 919.999 79.69084990809053
C10 925.012 76.8595793313635
C10 949.965 63.53200149536133
C10 975.002 48.71293067932129
C10 999.976 30.9714412689209
C10 1025.028 15.140185832977295
C10 1050.014 6.132261514663696
C10 1075.002 0.9294150946373725
C10 1099.99 0.09221571185381974
C11 319.994 47.53349304199219
C11 324.969 48.875722885131836
C11 349.982 57.080278396606445
C11 374.975 72.54926300048828
C11 400.019 84.28225445823344
C11 424.965 85.74293899536133
C11 450.035 85.35898970060644
C11 475.003 85.27677917480469
C11 500.018 85.59198468697713
C11 525.002 86.19667728223627
C11 550.029 87.38334655761719
C11 575.023 88.8463249206543
C11 599.982 90.6515884399414
C11 619.997 91.67431640625
C11 624.979 92.01992416381836
C11 650.012 93.40509796142578
C11 675.004 94.65245767696143
C11 700.03 95.49894332885742
C11 725.012 96.28592300415039
C11 750.022 97.69941536644879
C11 774.987 98.9916716795143
C11 799.976 99.23845291137695
C11 824.988 98.62606430053711
C11 850.022 97.44396780477527
C11 869.967 95.12816619873047
C11 875.002 94.11059951782227
C11 899.999 87.63937759399414
C11 919.999 79.69084990809053
C11 925.012 76.8595793313635
C11 949.965 63.53200149536133
C11 975.002 48.71293067932129
C11 999.976 30.9714412689209
C11 1025.028 15.140185832977295
C11 1050.014 6.132261514663696
C11 1075.002 0.9294150946373725
C11 1099.99 0.09221571185381974
C12 319.994 47.53349304199219
C12 324.969 48.875722885131836
C12 349.982 57.080278396606445
C12 374.975 72.54926300048828
C12 400.019 84.28225445823344
C12 424.965 85.74293899536133
C12 450.035 85.35898970060644
C12 475.003 85.27677917480469
C12 500.018 85.59198468697713
C12 525.002 86.19667728223627
C12 550.029 87.38334655761719
C12 575.023 88.8463249206543
C12 599.982 90.6515884399414
C12 619.997 91.67431640625
C12 624.979 92.01992416381836
C12 650.012 93.40509796142578
C12 675.004 94.65245767696143
C12 700.03 95.49894332885742
C12 725.012 96.28592300415039
C12 750.022 97.69941536644879
C12 774.987 98.9916716795143
C12 799.976 99.23845291137695
C12 824.988 98.62606430053711
C12 850.022 97.44396780477527
C12 869.967 95.12816619873047
C12 875.002 94.11059951782227
C12 899.999 87.63937759399414
C12 919.999 79.69084990809053
C12 925.012 76.8595793313635
C12 949.965 63.53200149536133
C12 975.002 48.71293067932129
C12 999.976 30.9714412689209
C12 1025.028 15.140185832977295
C12 1050.014 6.132261514663696
C12 1075.002 0.9294150946373725
C12 1099.99 0.09221571185381974
C13 319.994 47.53349304199219
C13 324.969 48.875722885131836
C13 349.982 57.080278396606445
C13 374.975 72.54926300048828
C13 400.019 84.28225445823344
C13 424.965 85.74293899536133
C13 450.035 85.35898970060644
C13 475.003 85.27677917480469
C13 500.018 85.59198468697713
C13 525.002 86.19667728223627
C13 550.029 87.38334655761719
C13 575.023 88.8463249206543
C13 599.982 90.6515884399414
C13 619.997 91.67431640625
C13 624.979 92.01992416381836
C13 650.012 93.40509796142578
C13 675.004 94.65245767696143
C13 700.03 95.49894332885742
C13 725.012 96.28592300415039
C13 750.022 97.69941536644879
C13 774.987 98.9916716795143
C13 799.976 99.23845291137695
C13 824.988 98.62606430053711
C13 850.022 97.44396780477527
C13 869.967 95.12816619873047
C13 875.002 94.11059951782227
C13 899.999 87.63937759399414
C13 919.999 79.69084990809053
C13 925.012 76.8595793313635
C13 949.965 63.53200149536133
C13 975.002 48.71293067932129
C13 999.976 30.9714412689209
C13 1025.028 15.140185832977295
C13 1050.014 6.132261514663696
C13 1075.002 0.9294150946373725
C13 1099.99 0.09221571185381974
C14 319.994 47.53349304199219
C14 324.969 48.875722885131836
C14 349.982 57.080278396606445
C14 374.975 72.54926300048828
C14 400.019 84.28225445823344
C14 424.965 85.74293899536133
C14 450.035 85.35898970060644
C14 475.003 85.27677917480469
C14 500.018 85.59198468697713
C14 525.002 86.19667728223627
C14 550.029 87.38334655761719
C14 575.023 88.8463249206543
C14 599.982 90.6515884399414
C14 619.997 91.67431640625
C14 624.979 92.01992416381836
C14 650.012 93.40509796142578
C14 675.004 94.65245767696143
C14 700.03 95.49894332885742
C14 725.012 96.28592300415039
C14 750.022 97.69941536644879
C14 774.987 98.9916716795143
C14 799.976 99.23845291137695
C14 824.988 98.62606430053711
C14 850.022 97.44396780477527
C14 869.967 95.12816619873047
C14 875.002 94.11059951782227
C14 899.999 87.63937759399414
C14 919.999 79.69084990809053
C14 925.012 76.8595793313635
C14 949.965 63.53200149536133
C14 975.002 48.71293067932129
C14 999.976 30.9714412689209
C14 1025.028 15.140185832977295
C14 1050.014 6.132261514663696
C14 1075.002 0.9294150946373725
C14 1099.99 0.09221571185381974
C15 319.994 47.53349304199219
C15 324.969 48.875722885131836
C15 349.982 57.080278396606445
C15 374.975 72.54926300048828
C15 400.019 84.28225445823344
C15 424.965 85.74293899536133
C15 450.035 85.35898970060644
C15 475.003 85.27677917480469
C15 500.018 85.59198468697713
C15 525.002 86.19667728223627
C15 550.029 87.38334655761719
C15 575.023 88.8463249206543
C15 599.982 90.6515884399414
C15 619.997 91.67431640625
C15 624.979 92.01992416381836
C15 650.012 93.40509796142578
C15 675.004 94.65245767696143
C15 700.03 95.49894332885742
C15 725.012 96.28592300415039
C15 750.022 97.69941536644879
C15 774.987 98.9916716795143
C15 799.976 99.23845291137695
C15 824.988 98.62606430053711
C15 850.022 97.44396780477527
C15 869.967 95.12816619873047
C15 875.002 94.11059951782227
C15 899.999 87.63937759399414
C15 919.999 79.69084990809053
C15 925.012 76.8595793313635
C15 949.965 63.53200149536133
C15 975.002 48.71293067932129
C15 999.976 30.9714412689209
C15 1025.028 15.140185832977295
C15 1050.014 6.132261514663696
C15 1075.002 0.9294150946373725
C15 1099.99 0.09221571185381974
C16 319.994 47.53349304199219
C16 324.969 48.875722885131836
C16 349.982 57.080278396606445
C16 374.975 72.54926300048828
C16 400.019 84.28225445823344
C16 424.965 85.74293899536133
C16 450.035 85.35898970060644
C16 475.003 85.27677917480469
C16 500.018 85.59198468697713
C16 525.002 86.19667728223627
C16 550.029 87.38334655761719
C16 575.023 88.8463249206543
C16 599.982 90.6515884399414
C16 619.997 91.67431640625
C16 624.979 92.01992416381836
C16 650.012 93.40509796142578
C16 675.004 94.65245767696143
C16 700.03 95.49894332885742
C16 725.012 96.28592300415039
C16 750.022 97.69941536644879
C16 774.987 98.9916716795143
C16 799.976 99.23845291137695
C16 824.988 98.62606430053711
C16 850.022 97.44396780477527
C16 869.967 95.12816619873047
C16 875.002 94.11059951782227
C16 899.999 87.63937759399414
C16 919.999 79.69084990809053
C16 925.012 76.8595793313635
C16 949.965 63.53200149536133
C16 975.002 48.71293067932129
C16 999.976 30.9714412689209
C16 1025.028 15.140185832977295
C16 1050.014 6.132261514663696
C16 1075.002 0.9294150946373725
C16 1099.99 0.09221571185381974
C17 319.994 47.53349304199219
C17 324.969 48.875722885131836
C17 349.982 57.080278396606445
C17 374.975 72.54926300048828
C17 400.019 84.28225445823344
C17 424.965 85.74293899536133
C17 450.035 85.35898970060644
C17 475.003 85.27677917480469
C17 500.018 85.59198468697713
C17 525.002 86.19667728223627
C17 550.029 87.38334655761719
C17 575.023 88.8463249206543
C17 599.982 90.6515884399414
C17 619.997 91.67431640625
C17 624.979 92.01992416381836
C17 650.012 93.40509796142578
C17 675.004 94.65245767696143
C17 700.03 95.49894332885742
C17 725.012 96.28592300415039
C17 750.022 97.69941536644879
C17 774.987 98.9916716795143
C17 799.976 99.23845291137695
C17 824.988 98.62606430053711
C17 850.022 97.44396780477527
C17 869.967 95.12816619873047
C17 875.002 94.11059951782227
C17 899.999 87.63937759399414
C17 919.999 79.69084990809053
C17 925.012 76.8595793313635
C17 949.965 63.53200149536133
C17 975.002 48.71293067932129
C17 999.976 30.9714412689209
C17 1025.028 15.140185832977295
C17 1050.014 6.132261514663696
C17 1075.002 0.9294150946373725
C17 1099.99 0.09221571185381974
