lsstCam/transmission_filter_detector/r42_s02/z_20/19700101T000000.ecsv
# %ECSV 1.0
# ---
# datatype:
# - {name: wavelength, unit: nm, datatype: float32}
# - {name: efficiency, unit: '%', datatype: float64}
# meta: !!omap
# - {MODE: DETECTOR}
# - {TYPE: transmission_filter_detector}
# - {CALIBDATE: '1970-01-01T00:00:00'}
# - {INSTRUME: LSSTCam}
# - {OBSTYPE: transmission_filter_detector}
# - {CALIBCLS: lsst.ip.isr.IntermediateFilterDetectorTransmissionCurve}
# - {SOURCE: Materion (DM-46256)}
# - {DETECTOR: 173}
# - {FILTER: z_20}
# - {CALIB_ID: 'calibDate=1970-01-01T00:00:00 filter=z_20 detector=173'}
# - {DATE: '2025-04-02T15:59:49.443526'}
# - {CALIB_CREATION_DATE: '2025-04-02'}
# - {CALIB_CREATION_TIME: '15:59:49'}
# - __serialized_columns__:
#     efficiency:
#       __class__: astropy.units.quantity.Quantity
#       unit: !astropy.units.Unit {unit: '%'}
#       value: !astropy.table.SerializedColumn {name: efficiency}
#     wavelength:
#       __class__: astropy.units.quantity.Quantity
#       unit: !astropy.units.Unit {unit: nm}
#       value: !astropy.table.SerializedColumn {name: wavelength}
# schema: astropy-2.0
wavelength efficiency
300.0 0.4042685031890869
301.0 0.3409613622352481
302.0 0.27765417471528053
303.0 0.2330876188352704
304.0 0.18852106295526028
305.0 0.1843176898546517
306.0 0.1801143167540431
307.0 0.16448432579636574
308.0 0.14885435812175274
309.0 0.13295989483594894
310.0 0.11706544319167733
311.0 0.11653667315840721
312.0 0.11600791476666927
313.0 0.10160355595871806
314.0 0.08719920297153294
315.0 0.08137630065903068
316.0 0.07555338670499623
317.0 0.07104449323378503
318.0 0.06653559394180775
319.0 0.06389431655406952
320.0 0.06125304498709738
321.0 0.05898730014450848
322.0 0.05672154948115349
323.0 0.05159811116755009
324.0 0.046474672853946686
325.0 0.045557707198895514
326.0 0.044640747364610434
327.0 0.04015592567157
328.0 0.03567110688891262
329.0 0.03589275584090501
330.0 0.03611440188251436
331.0 0.035326858051121235
332.0 0.03453931421972811
333.0 0.031316454987972975
334.0 0.028093598666600883
335.0 0.025749736232683063
336.0 0.023405875253956765
337.0 0.021275381732266396
338.0 0.01914488966576755
339.0 0.018835098308045417
340.0 0.018525306950323284
341.0 0.017961458070203662
342.0 0.017397612100467086
343.0 0.017271788965445012
344.0 0.01714596728561446
345.0 0.016069115372374654
346.0 0.01499226491432637
347.0 0.013545183173846453
348.0 0.012098102160962299
349.0 0.012396357487887144
350.0 0.012694612087216228
351.0 0.012178464385215193
352.0 0.011662315955618396
353.0 0.01128751173382625
354.0 0.010912706784438342
355.0 0.010960930376313627
356.0 0.011009157606167719
357.0 0.010653711797203869
358.0 0.010298267443431541
359.0 0.009784141002455726
360.0 0.00927001383388415
361.0 0.009373841749038547
362.0 0.009477669664192945
363.0 0.009008905908558518
364.0 0.00854014142532833
365.0 0.00879226136021316
366.0 0.00904438056750223
367.0 0.008742009231355041
368.0 0.00843963644001633
369.0 0.008055831858655438
370.0 0.007672028004890308
371.0 0.008290568803204224
372.0 0.00890910960151814
373.0 0.008448410517303273
374.0 0.007987710705492646
375.0 0.006628356641158462
376.0 0.005269003304420039
377.0 0.005243225677986629
378.0 0.005217447687755339
379.0 0.005266928565106355
380.0 0.00531640907865949
381.0 0.004818179877474904
382.0 0.004319950312492438
383.0 0.004577602885547094
384.0 0.004835254731005989
385.0 0.004869208351010457
386.0 0.004903161607217044
387.0 0.004896420432487503
388.0 0.0048896796215558425
389.0 0.004707453626906499
390.0 0.004525227268459275
391.0 0.00451023479399737
392.0 0.004495241955737583
393.0 0.0041610110201872885
394.0 0.0038267800846369937
395.0 0.003636316250776872
396.0 0.0034458520531188697
397.0 0.0035695135011337698
398.0 0.0036931753129465505
399.0 0.0040357783291256055
400.0 0.00437838098150678
401.0 0.004899084524367936
402.0 0.005419788067229092
403.0 0.005162976231076755
404.0 0.004906164031126536
405.0 0.004750139487441629
406.0 0.004594114943756722
407.0 0.00484524316561874
408.0 0.005096371751278639
409.0 0.004827154043596238
410.0 0.004557936699711718
411.0 0.004303853347664699
412.0 0.0040497696318197995
413.0 0.004280116991139948
414.0 0.004510464350460097
415.0 0.004210231054457836
416.0 0.0039099977584555745
417.0 0.0033738338970579207
418.0 0.002837670581357088
419.0 0.0032244039175566286
420.0 0.0036111374356551096
421.0 0.003090133031946607
422.0 0.0025691293558338657
423.0 0.0027543652322492562
424.0 0.002939601290563587
425.0 0.002966018655570224
426.0 0.0029924360205768608
427.0 0.002546735959185753
428.0 0.0021010360796935856
429.0 0.0018997576262336224
430.0 0.00169847953657154
431.0 0.0019159009752911516
432.0 0.0021333225959097035
433.0 0.0022595469999941997
434.0 0.0023857717678765766
435.0 0.002553359081503004
436.0 0.0027209467589273117
437.0 0.0025466746592428535
438.0 0.002372402377659455
439.0 0.002144469544873573
440.0 0.0019165365301887505
441.0 0.0018964494302053936
442.0 0.0018763621483230963
443.0 0.0017103062418755144
444.0 0.0015442503354279324
445.0 0.001845852966653183
446.0 0.0021474555978784338
447.0 0.0023652033632970415
448.0 0.0025829511287156492
449.0 0.0022041645934223197
450.0 0.0018253778762300499
451.0 0.001601135045348201
452.0 0.0013768923054158222
453.0 0.002020184365392197
454.0 0.002663476152520161
455.0 0.0023568996766698547
456.0 0.0020503232008195482
457.0 0.0015496663763769902
458.0 0.001049009460984962
459.0 0.001358553799946094
460.0 0.001668098229856696
461.0 0.001482011066400446
462.0 0.0012959238119947258
463.0 0.0011581464605114888
464.0 0.001020369199977722
465.0 0.0013925136045145337
466.0 0.0017646580090513453
467.0 0.0015377778254332952
468.0 0.0013108973689668346
469.0 0.001079030153050553
470.0 0.0008471628461848013
471.0 0.0010060308341053315
472.0 0.0011648988220258616
473.0 0.0013788234355160967
474.0 0.0015927480490063317
475.0 0.0015266148693626747
476.0 0.0014604817806684878
477.0 0.0014561514944944065
478.0 0.001451821117370855
479.0 0.0016728845366742462
480.0 0.0018939481378765777
481.0 0.0013645003491546959
482.0 0.0008350524694833439
483.0 0.0009769012649485376
484.0 0.001118749878514791
485.0 0.001329935184912756
486.0 0.001541120400361251
487.0 0.0012938687177665997
488.0 0.0010466170351719484
489.0 0.0011269020433246624
490.0 0.0012071870514773764
491.0 0.0012612281352630816
492.0 0.0013152691280993167
493.0 0.001577871989866253
494.0 0.0018404745787847787
495.0 0.0016318674170179293
496.0 0.0014232605280994903
497.0 0.0011690589417412411
498.0 0.0009148575372819323
499.0 0.0011850361261167563
500.0 0.0014552147149515804
501.0 0.001369891378999455
502.0 0.0012845679520978592
503.0 0.0011459914276201744
504.0 0.0010074148121930193
505.0 0.001307239381276304
506.0 0.001607063677511178
507.0 0.0014942611414880957
508.0 0.0013814586964144837
509.0 0.0012481025805755053
510.0 0.0011147464647365268
511.0 0.001153924677055329
512.0 0.0011931026165257208
513.0 0.0013747468074143399
514.0 0.0015563906345050782
515.0 0.0013688894796359818
516.0 0.0011813884157163557
517.0 0.0010471800123923458
518.0 0.0009129717909672763
519.0 0.0013515291357180104
520.0 0.001790086753317155
521.0 0.0017990407286561094
522.0 0.001807994703995064
523.0 0.0017220556401298381
524.0 0.001636116394365672
525.0 0.0011279446880507749
526.0 0.0006197727088874672
527.0 0.0009145887815975584
528.0 0.0012094049452571198
529.0 0.00119431288112537
530.0 0.0011792209079430904
531.0 0.0013283107364259195
532.0 0.0014774007468076888
533.0 0.0012900099136459175
534.0 0.0011026188076357357
535.0 0.0014567764083039947
536.0 0.0018109343727701344
537.0 0.001737460661388468
538.0 0.001663987131905742
539.0 0.0013170834790798835
540.0 0.0009701797353045549
541.0 0.0011468492630228866
542.0 0.001323518608842278
543.0 0.001037806214299053
544.0 0.0007520938652305631
545.0 0.0013144691365596373
546.0 0.0018768445443129167
547.0 0.0019867698938469402
548.0 0.002096695425279904
549.0 0.002059648249996826
550.0 0.0020226014385116287
551.0 0.001700043685559649
552.0 0.0013774859326076694
553.0 0.0016248683095909655
554.0 0.0018722505046753213
555.0 0.0019370867448742501
556.0 0.002001922985073179
557.0 0.0016190142559935339
558.0 0.001236105617863359
559.0 0.001413140034856042
560.0 0.0015901743608992547
561.0 0.0013435744222078938
562.0 0.0010969743925670628
563.0 0.0012587206583702937
564.0 0.001420467106072465
565.0 0.0016968737327260897
566.0 0.001973280268430244
567.0 0.002243515154987108
568.0 0.002513749677746091
569.0 0.002646692519192584
570.0 0.0027796351787401363
571.0 0.00267040086328052
572.0 0.0025611667297198437
573.0 0.0023769092877046205
574.0 0.002192651663790457
575.0 0.002075439624604769
576.0 0.0019582272216212004
577.0 0.0019710843844222836
578.0 0.0019839413653244264
579.0 0.0018586526493891142
580.0 0.001733363933453802
581.0 0.0016266982129309326
582.0 0.001520032401458593
583.0 0.0015154507309489418
584.0 0.0015108689694898203
585.0 0.0017821324945543893
586.0 0.002053395837720018
587.0 0.00201062903215643
588.0 0.0019678622265928425
589.0 0.0020154229787294753
590.0 0.002062984094663989
591.0 0.001858842369983904
592.0 0.0016547008272027597
593.0 0.0015895036995061673
594.0 0.0015243064808601048
595.0 0.0011630610970314592
596.0 0.0008018157132028136
597.0 0.0008574338608013932
598.0 0.0009130520993494429
599.0 0.0009321012839791365
600.0 0.0009511502867098898
601.0 0.0007785634807078168
602.0 0.0006059767201804789
603.0 0.000889995317265857
604.0 0.0011740137779270299
605.0 0.0011539870683918707
606.0 0.001133960086008301
607.0 0.0009761311957845464
608.0 0.0008183021236618515
609.0 0.0007880065822973847
610.0 0.0007577111318823881
611.0 0.0008805583092907909
612.0 0.0010034053957497235
613.0 0.0009616572242521215
614.0 0.0009199090527545195
615.0 0.0010344772817916237
616.0 0.0011490453289297875
617.0 0.0013385301826929208
618.0 0.0015280151274055243
619.0 0.0015564592104055919
620.0 0.0015849034753045999
621.0 0.0014521974662784487
622.0 0.0013194914572522976
623.0 0.0013191647667554207
624.0 0.0013188384400564246
625.0 0.0014641716006735805
626.0 0.0016095047612907365
627.0 0.00194895728782285
628.0 0.002288409450557083
629.0 0.002167389902751893
630.0 0.002046370536845643
631.0 0.0021464304154505953
632.0 0.0022464906578534283
633.0 0.0027101215891889296
634.0 0.0031737527024233714
635.0 0.005852431058883667
636.0 0.008531110506737605
637.0 0.015639200864825398
638.0 0.022747293405700475
639.0 0.020029768347740173
640.0 0.017312244744971395
641.0 0.014978392573539168
642.0 0.012644538946915418
643.0 0.009155846782959998
644.0 0.0056671557103982195
645.0 0.00578780600335449
646.0 0.0059084570239065215
647.0 0.005629094812320545
648.0 0.00534973296453245
649.0 0.004246691969456151
650.0 0.003143651338177733
651.0 0.0032991738407872617
652.0 0.0034546963433967903
653.0 0.0028624815968214534
654.0 0.002270266668347176
655.0 0.0021810710677527823
656.0 0.0020918754671583883
657.0 0.0021741765522165224
658.0 0.0022564776372746564
659.0 0.0022138923668535426
660.0 0.0021713069145334885
661.0 0.0022973346858634613
662.0 0.0024233626390923746
663.0 0.0019562532543204725
664.0 0.00148914368764963
665.0 0.0014772794202144723
666.0 0.0014654150618298445
667.0 0.0014693087905470748
668.0 0.0014732027011632454
669.0 0.001494589560024906
670.0 0.001515976146038156
671.0 0.001225703726959182
672.0 0.0009354312169307377
673.0 0.0012313847946643364
674.0 0.0015273384633474052
675.0 0.0013753914572589565
676.0 0.0012234443602210376
677.0 0.0013958714589534793
678.0 0.0015682984667364508
679.0 0.0019183818949386477
680.0 0.0022684656869387254
681.0 0.00205729556910228
682.0 0.0018461256331647746
683.0 0.00227104846999282
684.0 0.002695971488719806
685.0 0.002576305632828735
686.0 0.0024566397769376636
687.0 0.002424074773443863
688.0 0.002391509769950062
689.0 0.0023340320694842376
690.0 0.0022765545509173535
691.0 0.002387900349276606
692.0 0.002499246329534799
693.0 0.0029130364055163227
694.0 0.003326826117699966
695.0 0.0035221532016294077
696.0 0.003717479921760969
697.0 0.0035576853406382725
698.0 0.003397890759515576
699.0 0.005086883538751863
700.0 0.006775875226594508
701.0 0.006852261140011251
702.0 0.0069286492362152785
703.0 0.00629727219347842
704.0 0.005665898424922489
705.0 0.004696090763900429
706.0 0.0037262841942720115
707.0 0.003511727845761925
708.0 0.0032971714972518384
709.0 0.003898734212270938
710.0 0.004500296927290037
711.0 0.004026791793876328
712.0 0.0035532870242604986
713.0 0.002788239362416789
714.0 0.0020231918824720196
715.0 0.002251051046187058
716.0 0.0024789102099020965
717.0 0.002251542537123896
718.0 0.002024174864345696
719.0 0.0019082403014181182
720.0 0.0017923059203894809
721.0 0.001842289202613756
722.0 0.001892272848635912
723.0 0.002122831210726872
724.0 0.0023533897547167726
725.0 0.0021884059606236406
726.0 0.002023421984631568
727.0 0.0020207340639899485
728.0 0.0020180459614493884
729.0 0.0018502603779779747
730.0 0.001682474794506561
731.0 0.0014632861166319344
732.0 0.0012440977116057184
733.0 0.0014505523722618818
734.0 0.0016570069419685751
735.0 0.001436116872355342
736.0 0.0012152266208431683
737.0 0.0013042075806879438
738.0 0.001393188358633779
739.0 0.0015014973541838117
740.0 0.001609806167834904
741.0 0.0015634794181096368
742.0 0.001517152395535959
743.0 0.0016221691112150438
744.0 0.0017271859178435989
745.0 0.0018994927813764662
746.0 0.002071799826808274
747.0 0.0020936982764396816
748.0 0.00211559690797003
749.0 0.0028081776690669358
750.0 0.003500758612062782
751.0 0.003358581307111308
752.0 0.0032164047297555953
753.0 0.0030769078875891864
754.0 0.0029374114092206582
755.0 0.0027803996999864466
756.0 0.002623387990752235
757.0 0.0026609581254888326
758.0 0.00269852826022543
759.0 0.0028733047656714916
760.0 0.0030480810892186128
761.0 0.004625678775482811
762.0 0.00620327700744383
763.0 0.005905820580665022
764.0 0.005608364517684095
765.0 0.005084235453978181
766.0 0.0045601060264743865
767.0 0.004302882371121086
768.0 0.004045657260576263
769.0 0.0046066794311627746
770.0 0.005167701965547167
771.0 0.004364214328234084
772.0 0.003560727054718882
773.0 0.0037144003727007657
774.0 0.0038680736906826496
775.0 1.6079496675119875e-10
776.0 1.6079496675119875e-10
777.0 1.6079496675119875e-10
778.0 1.6079496675119875e-10
779.0 1.6079496675119875e-10
780.0 1.6079496675119875e-10
781.0 0.049046840285882354
782.0 1.6079496675119875e-10
783.0 1.6079496675119875e-10
784.0 0.07151662139222026
785.0 1.6079496675119875e-10
786.0 1.6079496675119875e-10
787.0 0.009522326581645757
788.0 0.03151974524371326
789.0 1.6079496675119875e-10
790.0 1.6079496675119875e-10
791.0 0.07556003984063864
792.0 0.06693985778838396
793.0 0.0756019027903676
794.0 0.09019413264468312
795.0 0.05263746716082096
796.0 0.019161570526193827
797.0 0.04842343332711607
798.0 0.040406748303212225
799.0 0.20229164510965347
800.0 0.24050972424447536
801.0 0.4421468358486891
802.0 0.6832296960055828
803.0 1.1356385424733162
804.0 2.0469384267926216
805.0 2.964269369840622
806.0 4.461440443992615
807.0 6.3780732452869415
808.0 8.666354417800903
809.0 11.375371366739273
810.0 14.512483775615692
811.0 17.743109166622162
812.0 20.696206390857697
813.0 23.76040369272232
814.0 26.906105875968933
815.0 31.220602989196777
816.0 36.40459179878235
817.0 42.34001636505127
818.0 48.194026947021484
819.0 54.33940887451172
820.0 62.02981472015381
821.0 69.64112520217896
822.0 75.66425204277039
823.0 81.19796514511108
824.0 86.37017011642456
825.0 90.94274640083313
826.0 93.82781982421875
827.0 96.22963666915894
828.0 97.93917536735535
829.0 98.81401658058167
830.0 98.68420958518982
831.0 99.2368996143341
832.0 98.64899516105652
833.0 99.85870718955994
834.0 98.47972393035889
835.0 99.19900894165039
836.0 99.08235669136047
837.0 99.23741817474365
838.0 98.1379747390747
839.0 98.40156435966492
840.0 98.52011203765869
841.0 99.68529343605042
842.0 99.47418570518494
843.0 99.6922492980957
844.0 98.37256073951721
845.0 98.44952821731567
846.0 98.79261255264282
847.0 98.42990040779114
848.0 99.6275007724762
849.0 98.6506462097168
850.0 98.2951283454895
851.0 99.3803858757019
852.0 99.29763078689575
853.0 98.95251989364624
854.0 99.59484934806824
855.0 98.3535647392273
856.0 99.0433931350708
857.0 97.98277616500854
858.0 98.5666811466217
859.0 99.43540096282959
860.0 98.47422242164612
861.0 98.84384274482727
862.0 98.74042272567749
863.0 98.49295616149902
864.0 99.49612021446228
865.0 99.81578588485718
866.0 98.56129288673401
867.0 99.46197867393494
868.0 99.56116080284119
869.0 98.91263842582703
870.0 98.18500876426697
871.0 99.00903701782227
872.0 99.17352795600891
873.0 98.91959428787231
874.0 99.55140352249146
875.0 98.83667230606079
876.0 99.05765056610107
877.0 99.5179295539856
878.0 99.43967461585999
879.0 98.66126775741577
880.0 98.38132858276367
881.0 99.93613958358765
882.0 98.9362120628357
883.0 98.74373078346252
884.0 99.08677935600281
885.0 98.94555807113647
886.0 98.77171516418457
887.0 98.6794650554657
888.0 99.10679459571838
889.0 99.3414044380188
890.0 98.1523334980011
891.0 99.38502907752991
892.0 98.79785776138306
893.0 98.84853959083557
894.0 98.16652536392212
895.0 99.57382678985596
