lsstCam/transmission_filter_detector/r42_s02/z_20/19700101T000000.ecsv
# %ECSV 1.0
# ---
# datatype:
# - {name: wavelength, unit: nm, datatype: float32}
# - {name: efficiency, unit: '%', datatype: float64}
# meta: !!omap
# - {MODE: DETECTOR}
# - {TYPE: transmission_filter_detector}
# - {CALIBDATE: '1970-01-01T00:00:00'}
# - {INSTRUME: LSSTCam}
# - {OBSTYPE: transmission_filter_detector}
# - {CALIBCLS: lsst.ip.isr.IntermediateFilterDetectorTransmissionCurve}
# - {SOURCE: Materion (DM-46256)}
# - {DETECTOR: 173}
# - {FILTER: z_20}
# - {CALIB_ID: 'calibDate=1970-01-01T00:00:00 filter=z_20 detector=173'}
# - {DATE: '2025-04-02T15:59:49.443526'}
# - {CALIB_CREATION_DATE: '2025-04-02'}
# - {CALIB_CREATION_TIME: '15:59:49'}
# - __serialized_columns__:
#     efficiency:
#       __class__: astropy.units.quantity.Quantity
#       unit: !astropy.units.Unit {unit: '%'}
#       value: !astropy.table.SerializedColumn {name: efficiency}
#     wavelength:
#       __class__: astropy.units.quantity.Quantity
#       unit: !astropy.units.Unit {unit: nm}
#       value: !astropy.table.SerializedColumn {name: wavelength}
# schema: astropy-2.0
wavelength efficiency
[from data line 597]
897.0 99.22212362289429
898.0 98.76270890235901
899.0 98.67882132530212
900.0 98.87779355049133
901.0 98.92571568489075
902.0 99.36498403549194
903.0 98.75592589378357
904.0 97.86960482597351
905.0 98.46903681755066
906.0 97.92477488517761
907.0 98.76939058303833
908.0 98.02736043930054
909.0 98.39293956756592
910.0 98.02666306495667
911.0 96.88045382499695
912.0 96.13557457923889
913.0 94.80886459350586
914.0 92.48602390289307
915.0 90.1397705078125
916.0 87.92649507522583
917.0 86.5570068359375
918.0 82.9351007938385
919.0 81.96969628334045
920.0 78.90244722366333
921.0 75.18802881240845
922.0 70.86641788482666
923.0 64.96763229370117
924.0 59.21608209609985
925.0 53.87659668922424
926.0 47.80892729759216
927.0 40.95841348171234
928.0 35.00466048717499
929.0 28.625759482383728
930.0 23.131942749023438
931.0 17.902691662311554
932.0 12.511469423770905
933.0 8.266669511795044
934.0 5.262544751167297
935.0 3.3003531396389008
936.0 1.928950846195221
937.0 1.1474878527224064
938.0 0.631167832762003
939.0 0.47721187584102154
940.0 0.30802206601947546
941.0 0.17805231036618352
942.0 0.13694671215489507
943.0 0.054580316646024585
944.0 0.10260074632242322
945.0 0.10471382411196828
946.0 0.03346547018736601
947.0 0.030828604940325022
948.0 1.6079496675119875e-10
949.0 0.05901315016672015
950.0 1.6079496675119875e-10
951.0 1.6079496675119875e-10
952.0 1.6079496675119875e-10
953.0 0.05609890213236213
954.0 0.0884267094079405
955.0 1.6079496675119875e-10
956.0 1.6079496675119875e-10
957.0 1.6079496675119875e-10
958.0 1.6079496675119875e-10
959.0 0.0025965289751184173
960.0 0.023229607904795557
961.0 0.029406743124127388
962.0 1.6079496675119875e-10
963.0 1.6079496675119875e-10
964.0 1.6079496675119875e-10
965.0 1.6079496675119875e-10
966.0 1.6079496675119875e-10
967.0 0.03125678049400449
968.0 1.6079496675119875e-10
969.0 0.019144959514960647
970.0 1.6079496675119875e-10
971.0 1.6079496675119875e-10
972.0 1.6079496675119875e-10
973.0 1.6079496675119875e-10
974.0 0.02444976707920432
975.0 1.6079496675119875e-10
976.0 0.006127532833488658
977.0 0.006027654308127239
978.0 0.00592777541896794
979.0 0.005779499406344257
980.0 0.005631223757518455
981.0 0.0055582848290214315
982.0 0.005485345536726527
983.0 0.005354333916329779
984.0 0.00522332193213515
985.0 0.0051548980991356075
986.0 0.005086473902338184
987.0 0.005016716750105843
988.0 0.004946959234075621
989.0 0.004831944534089416
990.0 0.004716929834103212
991.0 0.004641992927645333
992.0 0.0045670560211874545
993.0 0.0046566372475354
994.0 0.004746218110085465
995.0 0.004595002974383533
996.0 0.004443787838681601
997.0 0.0044207456085132435
998.0 0.004397703014547005
999.0 0.004398973396746442
1000.0 0.004400243778945878
1001.0 0.004289612115826458
1002.0 0.004178980452707037
1003.0 0.00421417789766565
1004.0 0.004249375706422143
1005.0 0.00409446147386916
1006.0 0.003939547605114058
1007.0 0.003983933856943622
1008.0 0.004028320108773187
1009.0 0.004147845538682304
1010.0 0.0042673713323893026
1011.0 0.004110980808036402
1012.0 0.003954590283683501
1013.0 0.004001072375103831
1014.0 0.004047554102726281
1015.0 0.00403658596042078
1016.0 0.004025617818115279
1017.0 0.004070604336448014
1018.0 0.0041155908547807485
1019.0 0.0041093087929766625
1020.0 0.0041030267311725765
1021.0 0.004084678221261129
1022.0 0.0040663293475518
1023.0 0.004188193997833878
1024.0 0.004310059011913836
1025.0 0.00430403852078598
1026.0 0.0042980183934560046
1027.0 0.0044277920096646994
1028.0 0.004557565625873394
1029.0 0.004581193206831813
1030.0 0.004604821151588112
1031.0 0.004632863783626817
1032.0 0.0046609060518676415
1033.0 0.004737082417705096
1034.0 0.004813258783542551
1035.0 0.004881396307609975
1036.0 0.004949533104081638
1037.0 0.005060300827608444
1038.0 0.005171068187337369
1039.0 0.005162905654287897
1040.0 0.005154743121238425
1041.0 0.005163385139894672
1042.0 0.0051720278861466795
1043.0 0.005267937376629561
1044.0 0.0053638472309103236
1045.0 0.005553116716328077
1046.0 0.0057423862017458305
1047.0 0.005716988380299881
1048.0 0.005691590195056051
1049.0 0.005793335731141269
1050.0 0.005895081267226487
1051.0 0.0061017712141619995
1052.0 0.006308461161097512
1053.0 0.006533140549436212
1054.0 0.00675781921017915
1055.0 0.006769454921595752
1056.0 0.006781089905416593
1057.0 0.0070743553806096315
1058.0 0.0073676215833984315
1059.0 0.007832930714357644
1060.0 0.008298240572912619
1061.0 0.00823850859887898
1062.0 0.00817877662484534
1063.0 0.008508971950504929
1064.0 0.008839166548568755
1065.0 0.008817311754683033
1066.0 0.008795456233201548
1067.0 0.009173465514322743
1068.0 0.009551474067848176
1069.0 0.00984404978225939
1070.0 0.010136624769074842
1071.0 0.010098978236783296
1072.0 0.010061330976895988
1073.0 0.01012051070574671
1074.0 0.010179690434597433
1075.0 0.010807659418787807
1076.0 0.011435629858169705
1077.0 0.011951570195378736
1078.0 0.012467510532587767
1079.0 0.012511799286585301
1080.0 0.012556088040582836
1081.0 0.01286173501284793
1082.0 0.013167381985113025
1083.0 0.013351006782613695
1084.0 0.013534631580114365
1085.0 0.014186043699737638
1086.0 0.014837457274552435
1087.0 0.014763104263693094
1088.0 0.014688752708025277
1089.0 0.015298603102564812
1090.0 0.01590845495229587
1091.0 0.016033048450481147
1092.0 0.016157643403857946
1093.0 0.015607057139277458
1094.0 0.015056472329888493
1095.0 0.016381374734919518
1096.0 0.01770627568475902
1097.0 0.018909250502474606
1098.0 0.020112226775381714
1099.0 0.020510226022452116
1100.0 0.02090822090394795
1101.0 0.021726095292251557
1102.0 0.022543971135746688
1103.0 0.02255513973068446
1104.0 0.022566309780813754
1105.0 0.0239384185988456
1106.0 0.02531052741687745
1107.0 0.025240692775696516
1108.0 0.025170858134515584
1109.0 0.027214104193262756
1110.0 0.029257353162392974
1111.0 0.028995928005315363
1112.0 0.028734508669003844
1113.0 0.028634187765419483
1114.0 0.028533869772218168
1115.0 0.029247626662254333
1116.0 0.029961386462673545
1117.0 0.03149928816128522
1118.0 0.0330371898598969
1119.0 0.0341651844792068
1120.0 0.0352931790985167
1121.0 0.03781105042435229
1122.0 0.040328921750187874
1123.0 0.04047357360832393
1124.0 0.04061822546645999
1125.0 0.042643307824619114
1126.0 0.044668387272395194
1127.0 0.0449817132903263
1128.0 0.04529504221864045
1129.0 0.04777265130542219
1130.0 0.05025026039220393
1131.0 0.05447202711366117
1132.0 0.05869379383511841
1133.0 0.05987834883853793
1134.0 0.06106290384195745
1135.0 0.06634919554926455
1136.0 0.07163548725657165
1137.0 0.07525362889282405
1138.0 0.07887177052907646
1139.0 0.08955814992077649
1140.0 0.10024451185017824
1141.0 0.1279771327972412
1142.0 0.15570976538583636
1143.0 0.30660664197057486
1144.0 0.4575035534799099
1145.0 0.8790351450443268
1146.0 1.3005668297410011
1147.0 1.5170448459684849
1148.0 1.7335224896669388
1149.0 1.8870091065764427
1150.0 2.040494978427887
