lsstCam/transmission_filter_detector/r14_s01/u_24/19700101T000000.ecsv
# %ECSV 1.0
# ---
# datatype:
# - {name: wavelength, unit: nm, datatype: float32}
# - {name: efficiency, unit: '%', datatype: float64}
# meta: !!omap
# - {MODE: DETECTOR}
# - {TYPE: transmission_filter_detector}
# - {CALIBDATE: '1970-01-01T00:00:00'}
# - {INSTRUME: LSSTCam}
# - {OBSTYPE: transmission_filter_detector}
# - {CALIBCLS: lsst.ip.isr.IntermediateFilterDetectorTransmissionCurve}
# - {SOURCE: Materion (DM-46256)}
# - {DETECTOR: 64}
# - {FILTER: u_24}
# - {CALIB_ID: 'calibDate=1970-01-01T00:00:00 filter=u_24 detector=64'}
# - {DATE: '2025-04-02T15:59:40.045796'}
# - {CALIB_CREATION_DATE: '2025-04-02'}
# - {CALIB_CREATION_TIME: '15:59:40'}
# - __serialized_columns__:
#     efficiency:
#       __class__: astropy.units.quantity.Quantity
#       unit: !astropy.units.Unit {unit: '%'}
#       value: !astropy.table.SerializedColumn {name: efficiency}
#     wavelength:
#       __class__: astropy.units.quantity.Quantity
#       unit: !astropy.units.Unit {unit: nm}
#       value: !astropy.table.SerializedColumn {name: wavelength}
# schema: astropy-2.0
wavelength efficiency
295.0 1.71853785542464e-10
296.0 1.71853785542464e-10
297.0 1.71853785542464e-10
298.0 1.71853785542464e-10
299.0 1.71853785542464e-10
300.0 1.71853785542464e-10
301.0 1.71853785542464e-10
302.0 1.71853785542464e-10
303.0 0.024226987443398684
304.0 0.5205517169088125
305.0 1.7395930364727974
306.0 3.0224591493606567
307.0 5.394509062170982
308.0 8.33129733800888
309.0 11.964302510023117
310.0 15.555734932422638
311.0 19.52952742576599
312.0 23.18800240755081
313.0 25.933459401130676
314.0 28.590813279151917
315.0 31.29635751247406
316.0 33.68638455867767
317.0 37.12373375892639
318.0 41.016656160354614
319.0 46.06821537017822
320.0 52.5112509727478
321.0 58.04703235626221
322.0 63.59768509864807
323.0 68.11015009880066
324.0 71.45524024963379
325.0 73.95013570785522
326.0 76.02540254592896
327.0 77.60793566703796
328.0 79.19052243232727
329.0 80.44874668121338
330.0 81.27102851867676
331.0 81.60408139228821
332.0 81.81720972061157
333.0 82.03944563865662
334.0 82.05848932266235
335.0 82.48180747032166
336.0 83.09410214424133
337.0 83.78973007202148
338.0 84.59274172782898
339.0 85.07541418075562
340.0 85.34510731697083
341.0 85.81751585006714
342.0 86.04506254196167
343.0 85.92302799224854
344.0 86.17093563079834
345.0 86.74293160438538
346.0 87.03033328056335
347.0 87.41075992584229
348.0 87.59239315986633
349.0 87.8321647644043
350.0 87.77926564216614
351.0 87.94113993644714
352.0 87.86145448684692
353.0 87.887042760849
354.0 87.78771162033081
355.0 87.87499666213989
356.0 87.90501356124878
357.0 87.76178359985352
358.0 87.29104995727539
359.0 87.12584972381592
360.0 86.95459961891174
361.0 86.82389855384827
362.0 86.705881357193
363.0 86.96392774581909
364.0 87.16546893119812
365.0 87.56190538406372
366.0 87.81946301460266
367.0 87.84652948379517
368.0 87.87679076194763
369.0 88.04060220718384
370.0 87.95993328094482
371.0 87.9565417766571
372.0 88.18044662475586
373.0 88.41999769210815
374.0 88.4992003440857
375.0 88.78703117370605
376.0 88.95631432533264
377.0 89.02739882469177
378.0 88.89004588127136
379.0 88.23245763778687
380.0 87.18202710151672
381.0 85.46081781387329
382.0 83.43406319618225
383.0 81.36469721794128
384.0 79.10558581352234
385.0 76.39269828796387
386.0 73.464435338974
387.0 69.55679655075073
388.0 65.51836133003235
389.0 60.89580059051514
390.0 56.55800104141235
391.0 52.332425117492676
392.0 48.21489453315735
393.0 44.59925293922424
394.0 40.79974591732025
395.0 36.24937832355499
396.0 31.04228675365448
397.0 24.07040297985077
398.0 17.2065332531929
399.0 10.762114077806473
400.0 5.6590735912323
401.0 2.328229695558548
402.0 0.766129745170474
403.0 0.2840516623109579
404.0 0.057161704171448946
405.0 0.07449015392921865
406.0 0.024976293207146227
407.0 0.00587662507314235
408.0 1.71853785542464e-10
409.0 1.71853785542464e-10
410.0 1.71853785542464e-10
411.0 1.71853785542464e-10
412.0 1.71853785542464e-10
413.0 1.71853785542464e-10
414.0 1.71853785542464e-10
415.0 1.71853785542464e-10
416.0 1.71853785542464e-10
417.0 1.71853785542464e-10
418.0 1.71853785542464e-10
419.0 1.71853785542464e-10
420.0 1.71853785542464e-10
421.0 1.71853785542464e-10
422.0 1.71853785542464e-10
423.0 1.71853785542464e-10
424.0 1.71853785542464e-10
425.0 1.71853785542464e-10
426.0 1.71853785542464e-10
427.0 1.71853785542464e-10
428.0 0.0023420541765517555
429.0 0.002499225956853479
430.0 0.0026563975552562624
431.0 0.0012255086403456517
432.0 1.71853785542464e-10
433.0 0.0005063426669948967
434.0 0.001218065881403163
435.0 0.0009537644473311957
436.0 0.0006894636953802546
437.0 1.71853785542464e-10
438.0 1.71853785542464e-10
439.0 0.0003146768221995444
440.0 0.002067580498987809
441.0 0.0004409626853885129
442.0 1.71853785542464e-10
443.0 1.71853785542464e-10
444.0 0.00043089203245472163
445.0 0.0006031253178662155
446.0 0.0007753594218229409
447.0 0.00013299707006808603
448.0 1.71853785542464e-10
449.0 0.0004572074431052897
450.0 0.0014237795767257921
451.0 1.71853785542464e-10
452.0 1.71853785542464e-10
453.0 1.71853785542464e-10
454.0 1.71853785542464e-10
455.0 1.71853785542464e-10
456.0 1.71853785542464e-10
457.0 1.71853785542464e-10
458.0 1.71853785542464e-10
459.0 1.71853785542464e-10
460.0 1.71853785542464e-10
461.0 1.71853785542464e-10
462.0 1.71853785542464e-10
463.0 1.71853785542464e-10
464.0 1.71853785542464e-10
465.0 1.71853785542464e-10
466.0 0.00019372769202163909
467.0 1.71853785542464e-10
468.0 1.71853785542464e-10
469.0 1.71853785542464e-10
470.0 5.7012448451132514e-05
471.0 1.71853785542464e-10
472.0 1.71853785542464e-10
473.0 1.71853785542464e-10
474.0 1.71853785542464e-10
475.0 1.71853785542464e-10
476.0 0.00034239380966027966
477.0 0.0005659544513036963
478.0 0.0007895152521086857
479.0 0.0003173812956447364
480.0 1.71853785542464e-10
481.0 3.602534945912339e-05
482.0 0.0002268029902552371
483.0 0.00031339986890088767
484.0 0.0003999966793344356
485.0 2.1996254417899763e-05
486.0 1.71853785542464e-10
487.0 1.71853785542464e-10
488.0 1.71853785542464e-10
489.0 1.71853785542464e-10
490.0 1.71853785542464e-10
491.0 1.71853785542464e-10
492.0 1.71853785542464e-10
493.0 1.71853785542464e-10
494.0 1.71853785542464e-10
495.0 9.809567700358457e-05
496.0 0.001129893098550383
497.0 0.0004795538643520558
498.0 1.71853785542464e-10
499.0 1.71853785542464e-10
500.0 8.619513778285182e-05
501.0 1.71853785542464e-10
502.0 1.71853785542464e-10
503.0 1.71853785542464e-10
504.0 1.71853785542464e-10
505.0 1.71853785542464e-10
506.0 0.00017161804635179578
507.0 1.71853785542464e-10
508.0 1.71853785542464e-10
509.0 1.71853785542464e-10
510.0 1.71853785542464e-10
511.0 0.00023593363494001096
512.0 0.0006617969120270573
513.0 0.000622665902483277
514.0 0.0005835347110405564
515.0 0.0005037160008214414
516.0 0.0004238973360770615
517.0 0.0001965579713214538
518.0 1.71853785542464e-10
519.0 0.00019892825093847932
520.0 0.0004286378953111125
521.0 0.0004416251158545492
522.0 0.00045461224544851575
523.0 0.00012159623565821676
524.0 1.71853785542464e-10
525.0 1.71853785542464e-10
526.0 1.71853785542464e-10
527.0 1.71853785542464e-10
528.0 1.71853785542464e-10
529.0 1.71853785542464e-10
530.0 1.71853785542464e-10
531.0 0.00016139787248903303
532.0 0.0006585625669686124
533.0 0.00025043375444511184
534.0 1.71853785542464e-10
535.0 1.71853785542464e-10
536.0 3.7612178971357935e-05
537.0 1.71853785542464e-10
538.0 1.71853785542464e-10
539.0 1.71853785542464e-10
540.0 4.594202493990451e-05
541.0 1.71853785542464e-10
542.0 1.71853785542464e-10
543.0 1.71853785542464e-10
544.0 1.71853785542464e-10
545.0 1.71853785542464e-10
546.0 1.71853785542464e-10
547.0 7.53386132146261e-05
548.0 0.0003660411493910942
549.0 1.71853785542464e-10
550.0 1.71853785542464e-10
551.0 1.71853785542464e-10
552.0 1.71853785542464e-10
553.0 1.71853785542464e-10
554.0 1.71853785542464e-10
555.0 1.71853785542464e-10
556.0 1.71853785542464e-10
557.0 1.71853785542464e-10
558.0 1.71853785542464e-10
559.0 1.71853785542464e-10
560.0 0.00018876465901485062
561.0 1.71853785542464e-10
562.0 1.71853785542464e-10
563.0 1.71853785542464e-10
564.0 1.71853785542464e-10
565.0 1.71853785542464e-10
566.0 1.71853785542464e-10
567.0 1.71853785542464e-10
568.0 1.71853785542464e-10
569.0 0.00016914242451093742
570.0 0.00046829836719552986
571.0 0.00038982229852990713
572.0 0.00031134645723795984
573.0 0.00045259916987561155
574.0 0.0005938522917858791
575.0 0.00026231830361211905
576.0 1.71853785542464e-10
577.0 2.6367820282757748e-05
578.0 0.00012195117733426741
579.0 0.0004196573172521312
580.0 0.0007173635822255164
581.0 0.0009955160749086645
582.0 0.0012736689313896932
583.0 0.0014701766303915065
584.0 0.0016666845112922601
585.0 0.0014016617569723167
586.0 0.0011366387298039626
587.0 0.001037275796988979
588.0 0.0009379129551234655
589.0 0.0008844293006404769
590.0 0.0008309454642585479
591.0 0.0009147521268459968
592.0 0.0009985586984839756
593.0 0.000800811994849937
594.0 0.000603065063842223
595.0 0.0006911206128279446
596.0 0.0007791759344399907
597.0 0.0010383382686995901
598.0 0.0012975005120097194
599.0 0.001850251828727778
600.0 0.002403002872597426
601.0 0.0025727524189278483
602.0 0.002742502147157211
603.0 0.002329295784875285
604.0 0.0019160896044922993
605.0 0.001423685080226278
606.0 0.0009312804650107864
607.0 0.000915619148145197
608.0 0.0008999577403301373
609.0 0.0006418853899958776
610.0 0.00038381308513635304
611.0 0.0005454014171846211
612.0 0.0007069897492328892
613.0 0.0008165470717358403
614.0 0.0009261043487640563
615.0 0.0009340309588878881
616.0 0.0009419577509106603
617.0 0.0007994554835022427
618.0 0.0006569535344169708
619.0 0.0004256027295923559
620.0 0.00019425206119194627
621.0 0.00037645152133336524
622.0 0.000558650890525314
623.0 0.0005577612228080397
624.0 0.0005568715550907655
625.0 0.0008245297067333013
626.0 0.0010921879948000424
627.0 0.0009941095413523726
628.0 0.0008960309969552327
629.0 0.001113874986913288
630.0 0.0013317189768713433
631.0 0.0017627251509111375
632.0 0.002193731052102521
633.0 0.002276032682857476
634.0 0.0023583343136124313
635.0 0.002476895315339789
636.0 0.0025954563170671463
637.0 0.0022697255189996213
638.0 0.0019439941752352752
639.0 0.0013089518688502721
640.0 0.0006739092441421235
641.0 0.0008193940630008001
642.0 0.0009648789273342118
643.0 0.0006668724381597713
644.0 0.00036886594898533076
645.0 0.000454766268376261
646.0 0.0005406665422924561
647.0 0.0003226798753530602
648.0 0.00010469335620655329
649.0 5.287066642267746e-05
650.0 1.048105957579537e-06
651.0 0.0004813115992874373
652.0 0.0009615751878300216
653.0 0.0012937413885083515
654.0 0.001625907316338271
655.0 0.0016654839782859199
656.0 0.0017050608221325092
657.0 0.002656583637872245
658.0 0.003608106999308802
659.0 0.004055059980601072
660.0 0.004502013325691223
661.0 0.004364856431493536
662.0 0.004227699537295848
663.0 0.0030359866286744364
664.0 0.0018442740838509053
665.0 0.00162381893460406
666.0 0.0014033636944077443
667.0 0.0014167055269354023
668.0 0.0014300473594630603
669.0 0.0009342033081338741
670.0 0.000438359302279423
671.0 0.0005172177679924062
672.0 0.0005960761882306542
673.0 0.00046638224375783466
674.0 0.00033668825381028
675.0 0.0007062354143272387
676.0 0.0010757825293694623
677.0 0.001700780376268085
678.0 0.002325778223166708
679.0 0.0025295601517427713
680.0 0.0027333418984198943
681.0 0.003614998422563076
682.0 0.004496654946706258
683.0 0.006408665649360046
684.0 0.008320677443407476
685.0 0.008790656283963472
686.0 0.009260639490094036
687.0 0.008284638897748664
688.0 0.007308638305403292
689.0 0.005632654938381165
690.0 0.0039566726627526805
691.0 0.00356213677150663
692.0 0.0031676008802605793
693.0 0.0029516937502194196
694.0 0.0027357864382793196
695.0 0.0023243694158736616
696.0 0.001912952575366944
697.0 0.0013647442756337114
698.0 0.0008165359759004787
699.0 0.0006097548975958489
700.0 0.00040297372834174894
701.0 0.0004258181888872059
702.0 0.00044866278585686814
703.0 0.0006530335213028593
704.0 0.0008574043931730557
705.0 0.0008960574632510543
706.0 0.000934710624278523
707.0 0.0009099438102566637
708.0 0.0008851765414874535
709.0 0.0006941030733287334
710.0 0.000503029423271073
711.0 0.000709754704075749
712.0 0.0009164800758298952
713.0 0.0009926216989697423
714.0 0.0010687634130590595
715.0 0.0007782392458466347
716.0 0.00048771498768473975
717.0 0.000473937734568608
718.0 0.00046016039050300606
719.0 0.0004039018222101731
720.0 0.00034764323117997264
721.0 0.0003218485289835371
722.0 0.0002960537813123665
723.0 0.0003490101335046347
724.0 0.0004019664629595354
725.0 0.0002173010898331995
726.0 3.2635605862196826e-05
727.0 0.00021671671674994286
728.0 0.0004007978986919625
729.0 0.0003851834208035143
730.0 0.00036956894291506615
731.0 0.00034081963349308353
732.0 0.00031207030133373337
733.0 0.00021992855181451887
734.0 0.000127786870507407
735.0 0.0003177639882778749
736.0 0.0005077411515230779
737.0 0.0006021010904078139
738.0 0.0006964611202420201
739.0 0.0005734982096328167
740.0 0.00045053525354887825
741.0 0.0008552124199923128
742.0 0.0012598898138094228
743.0 0.002071275594062172
744.0 0.0028826611014665104
745.0 0.0034859196603065357
746.0 0.00408917767344974
747.0 0.004471591091714799
748.0 0.004854004146181978
749.0 0.004253173028700985
750.0 0.003652342638815753
751.0 0.0030952258384786546
752.0 0.0025381097657373175
753.0 0.002085786582028959
754.0 0.00163346321642166
755.0 0.0018730610463535413
756.0 0.0021126592400833033
757.0 0.0018133699995814823
758.0 0.0015140807590796612
759.0 0.0012908751159557141
760.0 0.001067669472831767
761.0 0.001271619476028718
762.0 0.001475569479225669
763.0 0.0011787586117861792
764.0 0.0008819474714982789
765.0 0.0008626459930383135
766.0 0.0008433446055278182
767.0 0.0006433372163883178
768.0 0.00044332973629934713
769.0 0.0005590049113379791
770.0 0.0006746799044776708
771.0 0.0005970858637738274
772.0 0.0005194915502215736
773.0 0.0003867039140459383
774.0 0.0002539161187087302
775.0 0.00036022975109517574
776.0 0.00046654326979478355
777.0 0.0004544619514490478
778.0 0.00044238040572963655
779.0 0.0008121790415316354
780.0 0.0011819776773336343
781.0 0.0011289526810287498
782.0 0.0010759276847238652
783.0 0.0009637097718950827
784.0 0.0008514917681168299
785.0 0.0012013892956019845
786.0 0.0015512867321376689
787.0 0.00118542784548481
788.0 0.0008195685950340703
789.0 0.0009605733794160187
790.0 0.0011015781637979671
791.0 0.0009115868124354165
792.0 0.0007215953701233957
793.0 0.00012933716106999782
794.0 1.71853785542464e-10
795.0 1.71853785542464e-10
796.0 1.71853785542464e-10
797.0 0.0002924752834587707
798.0 0.0006129754183348268
799.0 0.0003155931608489482
800.0 1.821081099251387e-05
801.0 3.208570547030831e-05
802.0 4.596057010530785e-05
803.0 1.71853785542464e-10
804.0 1.71853785542464e-10
805.0 1.71853785542464e-10
806.0 1.71853785542464e-10
807.0 1.1942866251501982e-05
808.0 5.356064320949372e-05
809.0 0.0002840983597707236
810.0 0.0005146362127561588
811.0 0.00017833455103755114
812.0 1.71853785542464e-10
813.0 0.00029134826036170125
814.0 0.0007406637450912967
815.0 0.0005892842182220193
816.0 0.00043790478230221197
817.0 0.0004409190296428278
818.0 0.00044393332245817874
819.0 0.0002142523271686514
820.0 1.71853785542464e-10
821.0 1.71853785542464e-10
822.0 1.71853785542464e-10
823.0 1.71853785542464e-10
824.0 1.71853785542464e-10
825.0 1.71853785542464e-10
826.0 1.71853785542464e-10
827.0 9.353695418212737e-06
828.0 0.0004129026365262689
829.0 0.0003663172265078174
830.0 0.0003197321802872466
831.0 1.71853785542464e-10
832.0 1.71853785542464e-10
833.0 1.71853785542464e-10
834.0 1.71853785542464e-10
835.0 1.71853785542464e-10
836.0 0.0002108643911924446
837.0 1.71853785542464e-10
838.0 1.71853785542464e-10
839.0 1.71853785542464e-10
840.0 1.71853785542464e-10
841.0 1.71853785542464e-10
842.0 7.168213755903707e-05
843.0 7.543785613961518e-05
844.0 7.919351787677442e-05
845.0 0.00013091361097394838
846.0 0.00018263365291204536
847.0 0.00028096678761357907
848.0 0.0003792998768403777
849.0 0.00047982448450056836
850.0 0.0005803488875244511
851.0 0.0002727218088693917
852.0 1.71853785542464e-10
853.0 0.00024203200155170634
854.0 0.0005189690909901401
855.0 0.0003499236072457279
856.0 0.00018087807802658062
857.0 0.0004418819571583299
858.0 0.0007028857908153441
859.0 0.0008590963261667639
860.0 0.0010153065886697732
861.0 0.0010697269317461178
862.0 0.0011241472748224624
863.0 0.0013989320905238856
864.0 0.0016737169062253088
865.0 0.002053972093563061
866.0 0.0024342267352039926
867.0 0.002244070674350951
868.0 0.00205391497729579
869.0 0.0019766051991609856
870.0 0.0018992954210261814
871.0 0.0016998608771245927
872.0 0.0015004262422735337
873.0 0.0017629225112614222
874.0 0.0020254186892998405
875.0 0.0021937365090707317
876.0 0.0023620546926395036
877.0 0.0024758737708907574
878.0 0.0025896930310409516
879.0 0.0028257447411306202
880.0 0.0030617971788160503
881.0 0.0031501367629971355
882.0 0.0032384767109761015
883.0 0.002969950764963869
884.0 0.0027014253646484576
885.0 0.002724752812355291
