lsstCam/transmission_filter_detector/r14_s01/u_24/19700101T000000.ecsv
# %ECSV 1.0
# ---
# datatype:
# - {name: wavelength, unit: nm, datatype: float32}
# - {name: efficiency, unit: '%', datatype: float64}
# meta: !!omap
# - {MODE: DETECTOR}
# - {TYPE: transmission_filter_detector}
# - {CALIBDATE: '1970-01-01T00:00:00'}
# - {INSTRUME: LSSTCam}
# - {OBSTYPE: transmission_filter_detector}
# - {CALIBCLS: lsst.ip.isr.IntermediateFilterDetectorTransmissionCurve}
# - {SOURCE: Materion (DM-46256)}
# - {DETECTOR: 64}
# - {FILTER: u_24}
# - {CALIB_ID: 'calibDate=1970-01-01T00:00:00 filter=u_24 detector=64'}
# - {DATE: '2025-04-02T15:59:40.045796'}
# - {CALIB_CREATION_DATE: '2025-04-02'}
# - {CALIB_CREATION_TIME: '15:59:40'}
# - __serialized_columns__:
#     efficiency:
#       __class__: astropy.units.quantity.Quantity
#       unit: !astropy.units.Unit {unit: '%'}
#       value: !astropy.table.SerializedColumn {name: efficiency}
#     wavelength:
#       __class__: astropy.units.quantity.Quantity
#       unit: !astropy.units.Unit {unit: nm}
#       value: !astropy.table.SerializedColumn {name: wavelength}
# schema: astropy-2.0
wavelength efficiency
[from data line 592]
887.0 0.0024943004973465577
888.0 0.0022405207346309908
889.0 0.0022437528969021514
890.0 0.0022469848772743717
891.0 0.0024659619157318957
892.0 0.00268493913608836
893.0 0.0025008424927364103
894.0 0.002316745121788699
895.0 0.002799815047183074
896.0 0.0032828847906785086
897.0 0.003784606815315783
898.0 0.004286329203750938
899.0 0.00427965605922509
900.0 0.004272982550901361
901.0 0.00429270148742944
902.0 0.004312421151553281
903.0 0.004616272781277075
904.0 0.004920124774798751
905.0 0.005000986129743978
906.0 0.005081847484689206
907.0 0.005477774539031088
908.0 0.0058737019571708515
909.0 0.005972414510324597
910.0 0.006071127427276224
911.0 0.0061640697822440416
912.0 0.006257012137211859
913.0 0.006054833283997141
914.0 0.005852654066984542
915.0 0.005244974454399198
916.0 0.004637294478015974
917.0 0.004078035999555141
918.0 0.0035187775210943073
919.0 0.0040059469029074535
920.0 0.00449311664851848
921.0 0.0045405067794490606
922.0 0.0045878972741775215
923.0 0.005585486360359937
924.0 0.00658307399135083
925.0 0.006750039028702304
926.0 0.006917004793649539
927.0 0.007351686508627608
928.0 0.007786366040818393
929.0 0.00788456090958789
930.0 0.007982755778357387
931.0 0.007386078505078331
932.0 0.006789399776607752
933.0 0.006728329753968865
934.0 0.006667260458925739
935.0 0.006780934927519411
936.0 0.006894610123708844
937.0 0.007034363079583272
938.0 0.007174118945840746
939.0 0.007152225589379668
940.0 0.007130332960514352
941.0 0.006206912075867876
942.0 0.0052834893722319975
943.0 0.004504742173594423
944.0 0.003725995702552609
945.0 0.0029273856853251345
946.0 0.0021287760318955407
947.0 0.0018261691366205923
948.0 0.0015235625141940545
949.0 0.0013800088709103875
950.0 0.0012364551366772503
951.0 0.0014131906937109306
952.0 0.001589926250744611
953.0 0.0015434614397236146
954.0 0.0014969968106015585
955.0 0.0020335892259026878
956.0 0.0025701818231027573
957.0 0.0027346230126568116
958.0 0.0028990634746151045
959.0 0.003155514787067659
960.0 0.0034119653719244525
961.0 0.0038027665141271427
962.0 0.0041935669287340716
963.0 0.004308784264139831
964.0 0.004424001963343471
965.0 0.004547845674096607
966.0 0.004671689748647623
967.0 0.0047320936573669314
968.0 0.0047924982936820015
969.0 0.004631609408534132
970.0 0.004470720523386262
971.0 0.004726857878267765
972.0 0.004982994505553506
973.0 0.004915723184240051
974.0 0.004848451499128714
975.0 0.00445025107183028
976.0 0.004052050280733965
977.0 0.003783803549595177
978.0 0.0035155564546585083
979.0 0.003415800165385008
980.0 0.0033160438761115074
981.0 0.0031672803743276745
982.0 0.003018517054442782
983.0 0.0031149691494647413
984.0 0.0032114210625877604
985.0 0.0034609045542310923
986.0 0.0037103887734701857
987.0 0.004060241917613894
988.0 0.004410095061757602
989.0 0.005380664515541866
990.0 0.006351232877932489
991.0 0.006738871888956055
992.0 0.007126510899979621
993.0 0.007645551522728056
994.0 0.008164591417880729
995.0 0.007582278340123594
996.0 0.006999962351983413
997.0 0.0068305511376820505
998.0 0.006661143561359495
999.0 0.00656476549920626
1000.0 0.006468387437053025
1001.0 0.00595309684285894
1002.0 0.005437806612462737
1003.0 0.0049458838475402445
1004.0 0.0044539607188198715
1005.0 0.004612205157172866
1006.0 0.004770448140334338
1007.0 0.004791212995769456
1008.0 0.00481197566841729
1009.0 0.004246872777002864
1010.0 0.0036817706131841987
1011.0 0.0037407557101687416
1012.0 0.0037997408071532845
1013.0 0.003306264625280164
1014.0 0.0028127888072049245
1015.0 0.0023779650291544385
1016.0 0.0019431412511039525
1017.0 0.001710738979454618
1018.0 0.0014783367078052834
1019.0 0.0012073985999450088
1020.0 0.0009364602192363236
1021.0 0.0009391042112838477
1022.0 0.000941748294280842
1023.0 0.0010372733413532842
1024.0 0.0011327982974762563
1025.0 0.001251909907296067
1026.0 0.0013710216990148183
1027.0 0.0012115368917875458
1028.0 0.0010520518117118627
1029.0 0.0011697072295646649
1030.0 0.0012873627383669373
1031.0 0.0019435550711932592
1032.0 0.0025997474949690513
1033.0 0.002423570003884379
1034.0 0.0022473926946986467
1035.0 0.0025919080144376494
1036.0 0.002936423334176652
1037.0 0.0029733038900303654
1038.0 0.003010184627783019
1039.0 0.002633981239341665
1040.0 0.0022577782146981917
1041.0 0.0017394761016475968
1042.0 0.0012211744433443528
1043.0 0.001495001015427988
1044.0 0.0017688276784610935
1045.0 0.0014783682672714349
1046.0 0.0011879089470312465
1047.0 0.0016591566236456856
1048.0 0.0021304047550074756
1049.0 0.0017420874428353272
1050.0 0.0013537695849663578
1051.0 0.001247882846655557
1052.0 0.0011419957445468754
1053.0 0.000884239034348866
1054.0 0.0006264819148782408
1055.0 0.0002392288934061071
1056.0 1.71853785542464e-10
1057.0 0.0006252830644370988
1058.0 0.0013985899386170786
1059.0 0.0009629125997889787
1060.0 0.0005272355338092893
1061.0 0.0015621228158124723
1062.0 0.002597009915916715
1063.0 0.002533989209041465
1064.0 0.002470968320267275
1065.0 0.0013300626051204745
1066.0 0.00018915712871603318
1067.0 0.0007833814379409887
1068.0 0.0013776049854641315
1069.0 0.0023461283490178175
1070.0 0.0033146512578241527
1071.0 0.0018796645235852338
1072.0 0.00044467783482105006
1073.0 0.0008235334462369792
1074.0 0.0012023891031276435
1075.0 0.0031114024750422686
1076.0 0.005020415846956894
1077.0 0.005446593786473386
1078.0 0.005872771725989878
1079.0 0.0062135724874679
1080.0 0.006554369610967115
1081.0 0.0049852871597977355
1082.0 0.0034162043448304757
1083.0 0.0028857068173238076
1084.0 0.0023552092898171395
1085.0 0.002878055784094613
1086.0 0.003400901914574206
1087.0 0.003738227314897813
1088.0 0.004075552351423539
1089.0 0.005458139276015572
1090.0 0.006840725836809725
1091.0 0.005053075437899679
1092.0 0.0032654250389896333
1093.0 0.0021067275156383403
1094.0 0.0009480302651354577
1095.0 0.0006268117431318387
1096.0 0.00030559333481505746
1097.0 0.0012602107744896784
1098.0 0.0022148286006995477
1099.0 0.0025819488655542955
1100.0 0.0029490696761058643
