lsstCam/transmission_filter_detector/r41_s21/z_20/19700101T000000.ecsv
# %ECSV 1.0
# ---
# datatype:
# - {name: wavelength, unit: nm, datatype: float32}
# - {name: efficiency, unit: '%', datatype: float64}
# meta: !!omap
# - {MODE: DETECTOR}
# - {TYPE: transmission_filter_detector}
# - {CALIBDATE: '1970-01-01T00:00:00'}
# - {INSTRUME: LSSTCam}
# - {OBSTYPE: transmission_filter_detector}
# - {CALIBCLS: lsst.ip.isr.IntermediateFilterDetectorTransmissionCurve}
# - {SOURCE: Materion (DM-46256)}
# - {DETECTOR: 169}
# - {FILTER: z_20}
# - {CALIB_ID: 'calibDate=1970-01-01T00:00:00 filter=z_20 detector=169'}
# - {DATE: '2025-04-02T15:59:49.425197'}
# - {CALIB_CREATION_DATE: '2025-04-02'}
# - {CALIB_CREATION_TIME: '15:59:49'}
# - __serialized_columns__:
#     efficiency:
#       __class__: astropy.units.quantity.Quantity
#       unit: !astropy.units.Unit {unit: '%'}
#       value: !astropy.table.SerializedColumn {name: efficiency}
#     wavelength:
#       __class__: astropy.units.quantity.Quantity
#       unit: !astropy.units.Unit {unit: nm}
#       value: !astropy.table.SerializedColumn {name: wavelength}
# schema: astropy-2.0
wavelength efficiency
300.0 0.3537355223670602
301.0 0.3149206517264247
302.0 0.27610580436885357
303.0 0.23910440504550934
304.0 0.2021030057221651
305.0 0.18705850234255195
306.0 0.1720139873214066
307.0 0.1623203745111823
308.0 0.15262675005942583
309.0 0.1303495722822845
310.0 0.10807238286361098
311.0 0.10803546756505966
312.0 0.10799855226650834
313.0 0.09791494812816381
314.0 0.08783137309364974
315.0 0.07218773243948817
316.0 0.0565440917853266
317.0 0.06136000738479197
318.0 0.06617591716349125
319.0 0.06194444722495973
320.0 0.057712988927960396
321.0 0.05547911860048771
322.0 0.05324524827301502
323.0 0.04628210444934666
324.0 0.03931896353606135
325.0 0.038516559288837016
326.0 0.03771415795199573
327.0 0.03744124842341989
328.0 0.0371683418052271
329.0 0.03663224051706493
330.0 0.03609613631851971
331.0 0.03406306786928326
332.0 0.03202999650966376
333.0 0.0295326259220019
334.0 0.02703525824472308
335.0 0.025706776068545878
336.0 0.024378295347560197
337.0 0.023864985269028693
338.0 0.023351673735305667
339.0 0.02046982408501208
340.0 0.01758797443471849
341.0 0.016666529700160027
342.0 0.015745086420793086
343.0 0.01682804140727967
344.0 0.017910996393766254
345.0 0.016245852748397738
346.0 0.014580710558220744
347.0 0.013599991507362574
348.0 0.012619273911695927
349.0 0.012370037438813597
350.0 0.012120801693527028
351.0 0.011854985496029258
352.0 0.011589167115744203
353.0 0.011106879537692294
354.0 0.0106245897768531
355.0 0.010024296352639794
356.0 0.00942400292842649
357.0 0.009829908958636224
358.0 0.010235816444037482
359.0 0.00941445687203668
360.0 0.008593097300035879
361.0 0.008743139187572524
362.0 0.008893179619917646
363.0 0.008627258648630232
364.0 0.008361335494555533
365.0 0.008544154843548313
366.0 0.008726973464945331
367.0 0.008285138756036758
368.0 0.007843303319532424
369.0 0.007662596181035042
370.0 0.007481889770133421
371.0 0.00821535213617608
372.0 0.008948814502218738
373.0 0.007315025140997022
374.0 0.005681233233190142
375.0 0.005970370693830773
376.0 0.0062595085182692856
377.0 0.006236176704987884
378.0 0.006212846346898004
379.0 0.006092247349442914
380.0 0.005971648351987824
381.0 0.005017405055696145
382.0 0.004063161395606585
383.0 0.004563439506455325
384.0 0.005063717617304064
385.0 0.005080357368569821
386.0 0.005096997119835578
387.0 0.004655455995816737
388.0 0.004213914871797897
389.0 0.004152865949436091
390.0 0.004091817027074285
391.0 0.004103307219338603
392.0 0.004114797411602922
393.0 0.0037890942621743307
394.0 0.0034633914765436202
395.0 0.003546073639881797
396.0 0.0036287561670178548
397.0 0.0038468675484182313
398.0 0.004064979293616489
399.0 0.004514139800448902
400.0 0.004963300307281315
401.0 0.0042242452764185145
402.0 0.003485189881757833
403.0 0.0041567767766537145
404.0 0.004828364399145357
405.0 0.004433154026628472
406.0 0.0040379436541115865
407.0 0.0037171703297644854
408.0 0.003396397005417384
409.0 0.0033114902180386707
410.0 0.0032265830668620765
411.0 0.003015341098944191
412.0 0.002804098949127365
413.0 0.0038149595638969913
414.0 0.004825819996767677
415.0 0.004403954153531231
416.0 0.003982088674092665
417.0 0.0031385643524117768
418.0 0.002295040394528769
419.0 0.0031261293770512566
420.0 0.003957218359573744
421.0 0.0037528297980315983
422.0 0.003548441600287333
423.0 0.0033461277780588716
424.0 0.0031438135920325294
425.0 0.0026746196454041637
426.0 0.002205425698775798
427.0 0.0019236682419432327
428.0 0.0016419113308074884
429.0 0.001617251655261498
430.0 0.001592592707311269
431.0 0.0014831506632617675
432.0 0.0013737087101617362
433.0 0.0018204355001216754
434.0 0.002267162562930025
435.0 0.0026040175725938752
436.0 0.002940872946055606
437.0 0.002578326893853955
438.0 0.0022157812054501846
439.0 0.0019505123418639414
440.0 0.0016852431144798175
441.0 0.0015303541658795439
442.0 0.0013754651263298001
443.0 0.0015023678315628786
444.0 0.0016292704458464868
445.0 0.0020764700821018778
446.0 0.0025236691726604477
447.0 0.0029694114346057177
448.0 0.0034151536965509877
449.0 0.002532603684812784
450.0 0.0016500536730745807
451.0 0.0016133701137732714
452.0 0.0015766865544719622
453.0 0.0019469736798782833
454.0 0.0023172608052846044
455.0 0.0022454170903074555
456.0 0.0021735733753303066
457.0 0.001994771992031019
458.0 0.0018159707906306721
459.0 0.0018480021026334725
460.0 0.001880033960333094
461.0 0.001724248613754753
462.0 0.0015684634490753524
463.0 0.0012396881174936425
464.0 0.0009109127859119326
465.0 0.001414186590409372
466.0 0.001917460213007871
467.0 0.0014866272977087647
468.0 0.0010557941095612478
469.0 0.000824644484964665
470.0 0.0005934946784691419
471.0 0.0009390918421559036
472.0 0.0012846890967921354
473.0 0.0014433867363550235
474.0 0.0016020843759179115
475.0 0.0014844488759990782
476.0 0.0013668132851307746
477.0 0.0014241422832128592
478.0 0.0014814712812949438
479.0 0.0012949009033036418
480.0 0.0011083307981607504
481.0 0.0007973342690092977
482.0 0.00048633792175678536
483.0 0.0007936458132462576
484.0 0.0011009535228367895
485.0 0.0009657714144850615
486.0 0.0008305893970828038
487.0 0.0011159343557665125
488.0 0.0014012794053996913
489.0 0.0016483509170939215
490.0 0.0018954222468892112
491.0 0.001328544931311626
492.0 0.0007616676157340407
493.0 0.0011782954970840365
494.0 0.0015949233784340322
495.0 0.0012779671124008019
496.0 0.0009610110282665119
497.0 0.0009862924343906343
498.0 0.001011573931464227
499.0 0.001173828695755219
500.0 0.0013360834600462113
501.0 0.0012447461813280825
502.0 0.0011534089026099537
503.0 0.0011026065294572618
504.0 0.0010518043382035103
505.0 0.0014213002941687591
506.0 0.0017907959772855975
507.0 0.0017287822629441507
508.0 0.001666768548602704
509.0 0.0016306170437019318
510.0 0.0015944657207001
511.0 0.00140193533297861
512.0 0.0012094047633581795
513.0 0.0011007960893039126
514.0 0.0009921875061991159
515.0 0.0008347306902578566
516.0 0.0006772741016902728
517.0 0.0009469061296840664
518.0 0.001216538203152595
519.0 0.0014507833839161322
520.0 0.0016850286556291394
521.0 0.0016166230125236325
522.0 0.001548217551317066
523.0 0.0014626213669544086
524.0 0.0013770251825917512
525.0 0.0009957848305930384
526.0 0.0006145444331195904
527.0 0.0010187128282268532
528.0 0.001422881268808851
529.0 0.0013134385881130584
530.0 0.0012039959983667359
531.0 0.00139976027639932
532.0 0.0015955247363308445
533.0 0.001315073859586846
534.0 0.0010346229828428477
535.0 0.0013342220881895628
536.0 0.0016338215573341586
537.0 0.001541601523058489
538.0 0.0014493814887828194
539.0 0.0012552403859444894
540.0 0.0010610992831061594
541.0 0.0010529022802074905
542.0 0.0010447050954098813
543.0 0.0009334341484645847
544.0 0.0008221631105698179
545.0 0.000913201438379474
546.0 0.00100423976618913
547.0 0.0016009751561796293
548.0 0.0021977104552206583
549.0 0.0019984327082056552
550.0 0.001799154961190652
551.0 0.001853237881732639
552.0 0.0019073208022746257
553.0 0.0019689867258421145
554.0 0.002030652467510663
555.0 0.0015653895388823003
556.0 0.0011001262464560568
557.0 0.0011986587196588516
558.0 0.0012971911928616464
559.0 0.0015407413229695521
560.0 0.0017842916349763982
561.0 0.0014139499398879707
562.0 0.0010436082447995432
563.0 0.0011976917448919266
564.0 0.00135177515403484
565.0 0.0015267274648067541
566.0 0.0017016796846291982
567.0 0.0020895040506729856
568.0 0.002477328416716773
569.0 0.002528836739656981
570.0 0.002580344516900368
571.0 0.002511367893021088
572.0 0.0024423909053439274
573.0 0.002334163036721293
574.0 0.0022259351680986583
575.0 0.0021754371118731797
576.0 0.002124939055647701
577.0 0.0022524518499267288
578.0 0.0023799642804078758
579.0 0.002035873694694601
580.0 0.0016917831089813262
581.0 0.0016122128727147356
582.0 0.0015326430002460256
583.0 0.0016363106624339707
584.0 0.0017399781427229755
585.0 0.0017991353161050938
586.0 0.001858291943790391
587.0 0.002096006937790662
588.0 0.002333721931790933
589.0 0.0022733252990292385
590.0 0.002212928666267544
591.0 0.002038918864855077
592.0 0.0018649088815436698
593.0 0.0017073010894819163
594.0 0.0015496932974201627
595.0 0.001224623429152416
596.0 0.0008995535608846694
597.0 0.001082931885321159
598.0 0.0012663103007071186
599.0 0.0010816024769155774
600.0 0.0008968948350229766
601.0 0.0007978863322932739
602.0 0.0006988776931393659
603.0 0.0008778663868724834
604.0 0.0010568548532319255
605.0 0.0008825433724268805
606.0 0.000708232118995511
607.0 0.0008067971066338941
608.0 0.0009053620487975422
609.0 0.0009181741006614175
610.0 0.0009309862434747629
611.0 0.0009315685019828379
612.0 0.0009321508514403831
613.0 0.0007483612080250168
614.0 0.0005645714736601803
615.0 0.0011502520465000998
616.0 0.0017359327102894895
617.0 0.001532889473310206
618.0 0.0013298463272803929
619.0 0.0013269312148622703
620.0 0.0013240158295957372
621.0 0.001502741542935837
622.0 0.0016814670743769966
623.0 0.0014238766198104713
624.0 0.001166286165243946
625.0 0.001416596114722779
626.0 0.0016669058823026717
627.0 0.0019871553377015516
628.0 0.0023074047931004316
629.0 0.0021922769519733265
630.0 0.0020771491108462214
631.0 0.0022340133000398055
632.0 0.00239087767113233
633.0 0.002903525273723062
634.0 0.0034161730582127348
635.0 0.006049976582289673
636.0 0.008683779742568731
637.0 0.015872411313466728
638.0 0.02306104579474777
639.0 0.019873087876476347
640.0 0.016685134323779494
641.0 0.014605940668843687
642.0 0.012526744103524834
643.0 0.009003724699141458
644.0 0.005480703111970797
645.0 0.005619689909508452
646.0 0.005758677070843987
647.0 0.0055855332902865484
648.0 0.00541238987352699
649.0 0.004275386891094968
650.0 0.0031383835448650643
651.0 0.00309356655634474
652.0 0.003048749204026535
653.0 0.002866619252017699
654.0 0.0026844894819078036
655.0 0.0022788666683482006
656.0 0.001873244036687538
657.0 0.0020109047909500077
658.0 0.0021485651814145967
659.0 0.0022536258256877773
660.0 0.0023586864699609578
661.0 0.0022269128749030642
662.0 0.002095140007440932
663.0 0.0019219034584239125
664.0 0.0017486667275079526
665.0 0.0016648842574795708
666.0 0.0015811019693501294
667.0 0.0016853307897690684
668.0 0.0017895601558848284
669.0 0.0017050839232979342
670.0 0.0016206078726099804
671.0 0.0015915225958451629
672.0 0.0015624373190803453
673.0 0.001375889860355528
674.0 0.0011893425835296512
675.0 0.0011522008207975887
676.0 0.0011150592399644665
677.0 0.0013296135875862092
678.0 0.0015441679352079518
679.0 0.0016268220861093141
680.0 0.0017094762370106764
681.0 0.0017519476386951283
682.0 0.0017944190403795801
683.0 0.0023184098608908243
684.0 0.0028424004995031282
685.0 0.0027199232135899365
686.0 0.0025974459276767448
687.0 0.002486311859684065
688.0 0.002375177609792445
689.0 0.0022319920390145853
690.0 0.0020888064682367258
691.0 0.0025910077965818346
692.0 0.003093208943028003
693.0 0.003141232446068898
694.0 0.0031892559491097927
695.0 0.0034528537071309984
696.0 0.003716451465152204
697.0 0.0036976700357627124
698.0 0.0036788886063732207
699.0 0.0050952250603586435
700.0 0.0065115600591525435
701.0 0.006485549965873361
702.0 0.006459536962211132
703.0 0.005857791256858036
704.0 0.005256045187707059
705.0 0.004597846418619156
706.0 0.003939647285733372
707.0 0.0035177778045181185
708.0 0.0030959079595049843
709.0 0.003643294985522516
710.0 0.004190682011540048
711.0 0.003643700620159507
712.0 0.0030967192287789658
713.0 0.0023070462702889927
714.0 0.0015173732208495494
715.0 0.001877081194834318
716.0 0.0022367890778696164
717.0 0.0021510008082259446
718.0 0.0020652123566833325
719.0 0.0020332296116976067
720.0 0.0020012466848129407
721.0 0.0015689354768255726
722.0 0.0011366243597876746
723.0 0.001418669580743881
724.0 0.0017007148926495574
725.0 0.0015147329577303026
726.0 0.0013287508409121074
727.0 0.0016786907508503646
728.0 0.002028630842687562
729.0 0.0019006385628017597
730.0 0.001772646101017017
731.0 0.0018879234630730934
732.0 0.00200320082512917
733.0 0.0019369888832443394
734.0 0.0018707767594605684
735.0 0.0014195184121490456
736.0 0.0009682600648375228
737.0 0.0011085428013757337
738.0 0.0012488251741160639
739.0 0.0012089825759176165
740.0 0.0011691397048707586
741.0 0.0012411058378347661
742.0 0.001313071607000893
743.0 0.0014345258932735305
744.0 0.001555980088596698
745.0 0.001848035208240617
746.0 0.0021400903278845362
747.0 0.002259529719594866
748.0 0.002378969111305196
749.0 0.002936383680207655
750.0 0.0034937980672111735
751.0 0.0035999848478240892
752.0 0.0037061712646391243
753.0 0.003141570050502196
754.0 0.002576969018264208
755.0 0.002910658440669067
756.0 0.003244347681174986
757.0 0.002784376556519419
758.0 0.002324405613762792
759.0 0.0028401876988937147
760.0 0.003355969602125697
761.0 0.00487366814923007
762.0 0.0063913648773450404
763.0 0.006074369957786985
764.0 0.005757372855441645
765.0 0.005228581358096562
766.0 0.004699789496953599
767.0 0.004575668572215363
768.0 0.004451546919881366
769.0 0.004298172643757425
770.0 0.004144797276239842
771.0 0.004073162926943041
772.0 0.00400152821384836
773.0 0.0039612634282093495
774.0 0.0039209982787724584
775.0 0.05531510105356574
776.0 1.9519431643938434e-10
777.0 1.9519431643938434e-10
778.0 0.012579072790686041
779.0 0.10856625158339739
780.0 0.009549308015266433
781.0 1.9519431643938434e-10
782.0 0.06289271404966712
783.0 1.9519431643938434e-10
784.0 1.9519431643938434e-10
785.0 1.9519431643938434e-10
786.0 1.9519431643938434e-10
787.0 1.9519431643938434e-10
788.0 1.9519431643938434e-10
789.0 0.05228988011367619
790.0 1.9519431643938434e-10
791.0 0.18471998628228903
792.0 0.09396100649610162
793.0 0.06498002330772579
794.0 1.9519431643938434e-10
795.0 0.04204753786325455
796.0 1.9519431643938434e-10
797.0 0.06748649757355452
798.0 0.2652626018971205
799.0 0.14873998006805778
800.0 0.6178192794322968
801.0 0.9270792827010155
802.0 1.4481140300631523
803.0 2.409841865301132
804.0 3.632429987192154
805.0 5.19588440656662
806.0 7.00305849313736
807.0 9.525777399539948
808.0 12.237787991762161
809.0 15.107443928718567
810.0 18.359485268592834
811.0 21.489575505256653
812.0 25.087818503379822
813.0 29.40153181552887
814.0 34.109219908714294
815.0 39.74428176879883
816.0 45.747849345207214
817.0 52.726513147354126
818.0 59.691405296325684
819.0 66.69695973396301
820.0 74.18511509895325
821.0 80.55062294006348
822.0 85.99521517753601
823.0 89.59473371505737
824.0 92.79240369796753
825.0 95.9520697593689
826.0 97.17069268226624
827.0 98.08381199836731
828.0 99.20623302459717
829.0 99.27182197570801
830.0 98.7333357334137
831.0 98.80315661430359
832.0 98.48923087120056
833.0 99.52216744422913
834.0 98.16004037857056
835.0 98.86155128479004
836.0 98.77449870109558
837.0 98.68521690368652
838.0 97.68609404563904
839.0 98.5494315624237
840.0 98.3968734741211
841.0 99.1223156452179
842.0 98.81710410118103
843.0 99.43369626998901
844.0 97.96915650367737
845.0 98.68224263191223
846.0 99.15608167648315
847.0 98.70520234107971
848.0 99.73859786987305
849.0 98.85298609733582
850.0 98.12308549880981
851.0 98.8797128200531
852.0 99.1539716720581
853.0 98.49131107330322
854.0 99.73597526550293
855.0 98.36416244506836
856.0 99.05548691749573
857.0 97.8110134601593
858.0 98.59971404075623
859.0 98.96005988121033
860.0 98.43893051147461
861.0 98.53944182395935
862.0 98.90884160995483
863.0 98.21529388427734
864.0 99.3782639503479
865.0 99.49105381965637
866.0 98.12463521957397
867.0 99.23446774482727
868.0 99.54190850257874
869.0 98.70744347572327
870.0 97.77307510375977
871.0 98.5630750656128
872.0 99.00317788124084
873.0 99.04402494430542
874.0 99.5924174785614
875.0 98.70686531066895
876.0 98.81044030189514
877.0 99.42595362663269
878.0 98.94349575042725
879.0 98.31024408340454
880.0 98.57820868492126
881.0 99.94708895683289
882.0 98.87593388557434
883.0 98.7886369228363
884.0 98.98166060447693
885.0 99.0178644657135
886.0 98.39537739753723
887.0 98.54292273521423
888.0 98.666912317276
889.0 99.21116232872009
890.0 97.91375994682312
891.0 99.26556348800659
892.0 98.80279898643494
893.0 98.53365421295166
894.0 98.04731011390686
