lsstCam/transmission_filter_detector/r41_s21/z_20/19700101T000000.ecsv
# %ECSV 1.0
# ---
# datatype:
# - {name: wavelength, unit: nm, datatype: float32}
# - {name: efficiency, unit: '%', datatype: float64}
# meta: !!omap
# - {MODE: DETECTOR}
# - {TYPE: transmission_filter_detector}
# - {CALIBDATE: '1970-01-01T00:00:00'}
# - {INSTRUME: LSSTCam}
# - {OBSTYPE: transmission_filter_detector}
# - {CALIBCLS: lsst.ip.isr.IntermediateFilterDetectorTransmissionCurve}
# - {SOURCE: Materion (DM-46256)}
# - {DETECTOR: 169}
# - {FILTER: z_20}
# - {CALIB_ID: 'calibDate=1970-01-01T00:00:00 filter=z_20 detector=169'}
# - {DATE: '2025-04-02T15:59:49.425197'}
# - {CALIB_CREATION_DATE: '2025-04-02'}
# - {CALIB_CREATION_TIME: '15:59:49'}
# - __serialized_columns__:
#     efficiency:
#       __class__: astropy.units.quantity.Quantity
#       unit: !astropy.units.Unit {unit: '%'}
#       value: !astropy.table.SerializedColumn {name: efficiency}
#     wavelength:
#       __class__: astropy.units.quantity.Quantity
#       unit: !astropy.units.Unit {unit: nm}
#       value: !astropy.table.SerializedColumn {name: wavelength}
# schema: astropy-2.0
wavelength efficiency
[from data line 596]
896.0 98.97241592407227
897.0 98.67787957191467
898.0 98.68520498275757
899.0 98.73339533805847
900.0 98.7104058265686
901.0 99.18692111968994
902.0 98.79043698310852
903.0 98.68873357772827
904.0 97.60223627090454
905.0 98.1742799282074
906.0 97.64600992202759
907.0 98.36568832397461
908.0 97.82121777534485
909.0 97.93555736541748
910.0 97.39390015602112
911.0 96.55302166938782
912.0 95.41141986846924
913.0 93.84083151817322
914.0 91.38253331184387
915.0 89.47247266769409
916.0 87.27097511291504
917.0 86.14965081214905
918.0 82.23037719726562
919.0 81.15732669830322
920.0 77.39741802215576
921.0 73.12739491462708
922.0 68.3815598487854
923.0 62.520426511764526
924.0 57.122886180877686
925.0 51.578426361083984
926.0 44.624534249305725
927.0 37.07094192504883
928.0 30.85004985332489
929.0 24.698469042778015
930.0 19.05919462442398
931.0 13.791021704673767
932.0 9.166456013917923
933.0 5.737299472093582
934.0 3.402368351817131
935.0 2.061477117240429
936.0 1.1895584873855114
937.0 0.7886987179517746
938.0 0.46317800879478455
939.0 0.22095309104770422
940.0 0.18288264982402325
941.0 0.03248557623010129
942.0 0.1341049442999065
943.0 1.9519431643938434e-10
944.0 0.016747138579376042
945.0 0.11405154364183545
946.0 0.004256394458934665
947.0 1.9519431643938434e-10
948.0 1.9519431643938434e-10
949.0 1.9519431643938434e-10
950.0 1.9519431643938434e-10
951.0 0.04621523548848927
952.0 0.10996045311912894
953.0 1.9519431643938434e-10
954.0 0.008660916500957683
955.0 1.9519431643938434e-10
956.0 1.9519431643938434e-10
957.0 0.04612335760612041
958.0 0.06812367937527597
959.0 1.9519431643938434e-10
960.0 0.012172388233011588
961.0 1.9519431643938434e-10
962.0 1.9519431643938434e-10
963.0 1.9519431643938434e-10
964.0 0.02380787773290649
965.0 1.9519431643938434e-10
966.0 1.9519431643938434e-10
967.0 0.004782201358466409
968.0 1.9519431643938434e-10
969.0 0.0027494592359289527
970.0 1.9519431643938434e-10
971.0 1.9519431643938434e-10
972.0 1.9519431643938434e-10
973.0 1.9519431643938434e-10
974.0 1.9519431643938434e-10
975.0 1.9519431643938434e-10
976.0 0.005703545321011916
977.0 0.0056288106861757115
978.0 0.005554076415137388
979.0 0.005339261042536236
980.0 0.005124445306137204
981.0 0.005114234954817221
982.0 0.005104024239699356
983.0 0.005009494998375885
984.0 0.004914965757052414
985.0 0.004884746522293426
986.0 0.004854527651332319
987.0 0.004769236693391576
988.0 0.004683946099248715
989.0 0.004473708031582646
990.0 0.004263469963916577
991.0 0.004291787263355218
992.0 0.004320104198995978
993.0 0.004306517439545132
994.0 0.004292930316296406
995.0 0.004163388439337723
996.0 0.0040338469261769205
997.0 0.004121443998883478
998.0 0.004209041071590036
999.0 0.0041402236092835665
1000.0 0.004071406146977097
1001.0 0.003944736818084493
1002.0 0.003818067125394009
1003.0 0.003882135570165701
1004.0 0.003946204378735274
1005.0 0.0038281272281892598
1006.0 0.003710050441441126
1007.0 0.0038273545214906335
1008.0 0.003944658601540141
1009.0 0.003928126170649193
1010.0 0.003911594103556126
1011.0 0.003933732659788802
1012.0 0.003955871216021478
1013.0 0.003954269413952716
1014.0 0.003952667975681834
1015.0 0.003885467231157236
1016.0 0.0038182668504305184
1017.0 0.003909066072083078
1018.0 0.0039998649299377576
1019.0 0.003844130696961656
1020.0 0.003688396463985555
1021.0 0.0037905039789620787
1022.0 0.0038926114939386025
1023.0 0.003936302164220251
1024.0 0.0039799931982997805
1025.0 0.0040548020479036495
1026.0 0.0041296108975075185
1027.0 0.004149654705543071
1028.0 0.004169698877376504
1029.0 0.004206135417916812
1030.0 0.004242571594659239
1031.0 0.004269894998287782
1032.0 0.004297218765714206
1033.0 0.0043691266910173
1034.0 0.004441034980118275
1035.0 0.004302861634641886
1036.0 0.0041646886529633775
1037.0 0.004362118852441199
1038.0 0.004559549051919021
1039.0 0.004768543294630945
1040.0 0.0049775379011407495
1041.0 0.0050447950343368575
1042.0 0.005112052531330846
1043.0 0.0050958205974893644
1044.0 0.005079588299850002
1045.0 0.0050938266213051975
1046.0 0.005108065306558274
1047.0 0.005438468724605627
1048.0 0.005768872142652981
1049.0 0.005787720510852523
1050.0 0.005806568515254185
1051.0 0.005753562072641216
1052.0 0.005700555266230367
1053.0 0.0059102319937665015
1054.0 0.006119906174717471
1055.0 0.006336058868328109
1056.0 0.006552211561938748
1057.0 0.006670351285720244
1058.0 0.006788491737097502
1059.0 0.007300497236428782
1060.0 0.007812504918547347
1061.0 0.007788638322381303
1062.0 0.007764773181406781
1063.0 0.007931300206109881
1064.0 0.008097825775621459
1065.0 0.008171294757630676
1066.0 0.008244764467235655
1067.0 0.008463299309369177
1068.0 0.008681836334289983
1069.0 0.009092357504414394
1070.0 0.009502880129730329
1071.0 0.009690785373095423
1072.0 0.009878692799247801
1073.0 0.010149204899789765
1074.0 0.010419718455523252
1075.0 0.010688741167541593
1076.0 0.010957763879559934
1077.0 0.010653949721017852
1078.0 0.01035013556247577
1079.0 0.011401506344554946
1080.0 0.012452877126634121
1081.0 0.012006011820631102
1082.0 0.011559148697415367
1083.0 0.011765887757064775
1084.0 0.01197263045469299
1085.0 0.012798656825907528
1086.0 0.01362468465231359
1087.0 0.013568467693403363
1088.0 0.013512253644876182
1089.0 0.014560390263795853
1090.0 0.015608526882715523
1091.0 0.015304987027775496
1092.0 0.015001448628026992
1093.0 0.014772317081224173
1094.0 0.014543184079229832
1095.0 0.015715583867859095
1096.0 0.01688798365648836
1097.0 0.017346697859466076
1098.0 0.017805413517635316
1099.0 0.018596868903841823
1100.0 0.019388319924473763
1101.0 0.020624730677809566
1102.0 0.02186114143114537
1103.0 0.021691035362891853
1104.0 0.02152092638425529
1105.0 0.022418753360398114
1106.0 0.023316580336540937
1107.0 0.0235403174883686
1108.0 0.023764054640196264
1109.0 0.025434960843995214
1110.0 0.02710586995817721
1111.0 0.02661576436366886
1112.0 0.026125661679543555
1113.0 0.02736857859417796
1114.0 0.028611495508812368
1115.0 0.029174581868574023
1116.0 0.029737671138718724
1117.0 0.030398319358937442
1118.0 0.03105896757915616
1119.0 0.03289220039732754
1120.0 0.034725433215498924
1121.0 0.03614374145399779
1122.0 0.03756204678211361
1123.0 0.03651882871054113
1124.0 0.035475610638968647
1125.0 0.038491396117024124
1126.0 0.041507178684696555
1127.0 0.04188498132862151
1128.0 0.042262786882929504
1129.0 0.04318494175095111
1130.0 0.04410709661897272
1131.0 0.04991694004274905
1132.0 0.05572678055614233
1133.0 0.058733695186674595
1134.0 0.06174060981720686
1135.0 0.06530582322739065
1136.0 0.06887104245834053
1137.0 0.07774605182930827
1138.0 0.08662106120027602
1139.0 0.12044196482747793
1140.0 0.15426287427544594
1141.0 0.24127715732902288
1142.0 0.3282914636656642
1143.0 0.5881971679627895
1144.0 0.8481028489768505
1145.0 1.1562149971723557
1146.0 1.4643273316323757
1147.0 1.577589102089405
1148.0 1.6908511519432068
1149.0 2.304370515048504
1150.0 2.917889691889286
