lsstCam/transmission_filter_detector/r42_s10/z_20/19700101T000000.ecsv
# %ECSV 1.0
# ---
# datatype:
# - {name: wavelength, unit: nm, datatype: float32}
# - {name: efficiency, unit: '%', datatype: float64}
# meta: !!omap
# - {MODE: DETECTOR}
# - {TYPE: transmission_filter_detector}
# - {CALIBDATE: '1970-01-01T00:00:00'}
# - {INSTRUME: LSSTCam}
# - {OBSTYPE: transmission_filter_detector}
# - {CALIBCLS: lsst.ip.isr.IntermediateFilterDetectorTransmissionCurve}
# - {SOURCE: Materion (DM-46256)}
# - {DETECTOR: 174}
# - {FILTER: z_20}
# - {CALIB_ID: 'calibDate=1970-01-01T00:00:00 filter=z_20 detector=174'}
# - {DATE: '2025-04-02T15:59:49.448071'}
# - {CALIB_CREATION_DATE: '2025-04-02'}
# - {CALIB_CREATION_TIME: '15:59:49'}
# - __serialized_columns__:
#     efficiency:
#       __class__: astropy.units.quantity.Quantity
#       unit: !astropy.units.Unit {unit: '%'}
#       value: !astropy.table.SerializedColumn {name: efficiency}
#     wavelength:
#       __class__: astropy.units.quantity.Quantity
#       unit: !astropy.units.Unit {unit: nm}
#       value: !astropy.table.SerializedColumn {name: wavelength}
# schema: astropy-2.0
wavelength efficiency
[from data line 598]
898.0 99.04698133468628
899.0 98.39965105056763
900.0 98.82873296737671
901.0 99.11158680915833
902.0 99.102783203125
903.0 98.76598119735718
904.0 97.73306250572205
905.0 98.34913611412048
906.0 97.91176915168762
907.0 98.8416314125061
908.0 97.92817234992981
909.0 98.02404642105103
910.0 97.88993000984192
911.0 96.91737294197083
912.0 95.7948625087738
913.0 94.84769701957703
914.0 92.39015579223633
915.0 89.96583819389343
916.0 87.68477439880371
917.0 86.41055226325989
918.0 82.52283930778503
919.0 81.85414671897888
920.0 78.54210138320923
921.0 74.55773949623108
922.0 70.1103925704956
923.0 64.03111815452576
924.0 58.67404341697693
925.0 53.120458126068115
926.0 46.779948472976685
927.0 39.86961245536804
928.0 33.82650315761566
929.0 27.665945887565613
930.0 22.05829620361328
931.0 16.906239092350006
932.0 11.720645427703857
933.0 7.578934729099274
934.0 4.845797270536423
935.0 2.8869103640317917
936.0 1.6734039410948753
937.0 1.099859457463026
938.0 0.6147038657218218
939.0 0.3595802467316389
940.0 0.17877403879538178
941.0 0.19554360769689083
942.0 0.06770988693460822
943.0 0.022962734510656446
944.0 0.03610641579143703
945.0 0.0071238086093217134
946.0 0.06986319203861058
947.0 1.63794802374162e-10
948.0 1.63794802374162e-10
949.0 0.08084778673946857
950.0 1.63794802374162e-10
951.0 0.11687439400702715
952.0 0.08167347405105829
953.0 0.003143058347632177
954.0 0.07706523174419999
955.0 1.63794802374162e-10
956.0 1.63794802374162e-10
957.0 1.63794802374162e-10
958.0 0.01126076458604075
959.0 1.63794802374162e-10
960.0 0.037121298373676836
961.0 0.014264602214097977
962.0 1.63794802374162e-10
963.0 1.63794802374162e-10
964.0 0.04302511224523187
965.0 1.63794802374162e-10
966.0 1.63794802374162e-10
967.0 0.03356618690304458
968.0 1.63794802374162e-10
969.0 1.63794802374162e-10
970.0 1.63794802374162e-10
971.0 1.63794802374162e-10
972.0 1.63794802374162e-10
973.0 0.013664104335475713
974.0 1.63794802374162e-10
975.0 1.63794802374162e-10
976.0 0.005771806900156662
977.0 0.00568999421375338
978.0 0.005608181527350098
979.0 0.0054603406169917434
980.0 0.005312498979037628
981.0 0.005294375660014339
982.0 0.005276251977193169
983.0 0.005104882438899949
984.0 0.00493351326440461
985.0 0.004883626024820842
986.0 0.004833739149034955
987.0 0.004786740828421898
988.0 0.004739742507808842
989.0 0.0046293884224724025
990.0 0.004519034337135963
991.0 0.004452850771485828
992.0 0.004386666842037812
993.0 0.004423963764565997
994.0 0.004461260687094182
995.0 0.004381534381536767
996.0 0.004301808803575113
997.0 0.004291931327315979
998.0 0.004282054214854725
999.0 0.004215084118186496
1000.0 0.004148114021518268
1001.0 0.004069901115144603
1002.0 0.003991688208770938
1003.0 0.003985205330536701
1004.0 0.003978723179898225
1005.0 0.0038999867683742195
1006.0 0.0038212503568502143
1007.0 0.003892097811331041
1008.0 0.003962945629609749
1009.0 0.004055940735270269
1010.0 0.00414893584093079
1011.0 0.004085262116859667
1012.0 0.004021588392788544
1013.0 0.004026632086606696
1014.0 0.004031675780424848
1015.0 0.0039578084397362545
1016.0 0.0038839418266434222
1017.0 0.0038887235859874636
1018.0 0.0038935049815336242
1019.0 0.003926394856534898
1020.0 0.003959285095334053
1021.0 0.003936135180993006
1022.0 0.003912985266651958
1023.0 0.00403120975533966
1024.0 0.004149434971623123
1025.0 0.004099729630979709
1026.0 0.004050023926538415
1027.0 0.004180437827017158
1028.0 0.004310851363698021
1029.0 0.004329374496592209
1030.0 0.004347897265688516
1031.0 0.004334726327215321
1032.0 0.004321555752540007
1033.0 0.0044840911868959665
1034.0 0.004646626257454045
1035.0 0.0046023589675314724
1036.0 0.0045580916776089
1037.0 0.004760694719152525
1038.0 0.00496329776069615
1039.0 0.004992521280655637
1040.0 0.005021744800615124
1041.0 0.005133993181516416
1042.0 0.00524624229001347
1043.0 0.005299966505845077
1044.0 0.005353691449272446
1045.0 0.005418121872935444
1046.0 0.005482552660396323
1047.0 0.005519051046576351
1048.0 0.005555548705160618
1049.0 0.0057073859352385625
1050.0 0.0058592228015186265
1051.0 0.005752836659667082
1052.0 0.005646451245411299
1053.0 0.0059371239331085235
1054.0 0.006227796257007867
1055.0 0.006222569936653599
1056.0 0.00621734288870357
1057.0 0.006449884676840156
1058.0 0.006682427920168266
1059.0 0.007225677836686373
1060.0 0.00776892775320448
1061.0 0.007811510295141488
1062.0 0.00785409429227002
1063.0 0.008247028017649427
1064.0 0.008639961015433073
1065.0 0.00853315505082719
1066.0 0.00842635054141283
1067.0 0.00865995025378652
1068.0 0.00889355142135173
1069.0 0.009357587987324223
1070.0 0.009821625280892476
1071.0 0.009884190512821078
1072.0 0.00994675574474968
1073.0 0.010192841000389308
1074.0 0.010438926983624697
1075.0 0.010614300845190883
1076.0 0.010789676889544353
1077.0 0.010843824566109106
1078.0 0.010897973697865382
1079.0 0.0117347008199431
1080.0 0.01257142866961658
1081.0 0.012387915921863168
1082.0 0.012204403901705518
1083.0 0.012658201740123332
1084.0 0.013112001761328429
1085.0 0.013583287363871932
1086.0 0.014054574421606958
1087.0 0.013877179299015552
1088.0 0.013699785631615669
1089.0 0.014580172137357295
1090.0 0.015460560098290443
1091.0 0.015915499534457922
1092.0 0.016370437515433878
1093.0 0.015389655891340226
1094.0 0.014408874267246574
1095.0 0.01607669546501711
1096.0 0.017744516662787646
1097.0 0.018234524759463966
1098.0 0.01872453431133181
1099.0 0.01979567896341905
1100.0 0.020866820705123246
1101.0 0.02149936626665294
1102.0 0.02213191328337416
1103.0 0.02230390382464975
1104.0 0.022475894365925342
1105.0 0.02348223642911762
1106.0 0.02448857994750142
1107.0 0.02452404296491295
1108.0 0.024559503071941435
1109.0 0.026574975345283747
1110.0 0.028590447618626058
1111.0 0.027785031124949455
1112.0 0.026979614631272852
1113.0 0.02721976488828659
1114.0 0.027459912234917283
1115.0 0.028323227888904512
1116.0 0.02918654354289174
1117.0 0.0309499358991161
1118.0 0.0327133311657235
1119.0 0.03329877508804202
1120.0 0.03388421901036054
1121.0 0.03719810920301825
1122.0 0.04051199939567596
1123.0 0.038786575896665454
1124.0 0.03706115239765495
1125.0 0.04023204674012959
1126.0 0.043402938172221184
1127.0 0.04395640571601689
1128.0 0.04450987617019564
1129.0 0.04686905012931675
1130.0 0.04922822117805481
1131.0 0.052746490109711885
1132.0 0.05626475904136896
1133.0 0.05828450666740537
1134.0 0.060304265934973955
1135.0 0.06552076083607972
1136.0 0.07073726155795157
1137.0 0.07495491881854832
1138.0 0.07917257607914507
1139.0 0.09626197861507535
1140.0 0.11335137533023953
1141.0 0.169041333720088
1142.0 0.22473130375146866
1143.0 0.47029443085193634
1144.0 0.7158576045185328
1145.0 1.1129416525363922
1146.0 1.510025467723608
1147.0 1.6352076083421707
1148.0 1.760389655828476
1149.0 2.2442467510700226
1150.0 2.7281031012535095
