lsstCam/transmission_filter_detector/r42_s10/z_20/19700101T000000.ecsv
# %ECSV 1.0
# ---
# datatype:
# - {name: wavelength, unit: nm, datatype: float32}
# - {name: efficiency, unit: '%', datatype: float64}
# meta: !!omap
# - {MODE: DETECTOR}
# - {TYPE: transmission_filter_detector}
# - {CALIBDATE: '1970-01-01T00:00:00'}
# - {INSTRUME: LSSTCam}
# - {OBSTYPE: transmission_filter_detector}
# - {CALIBCLS: lsst.ip.isr.IntermediateFilterDetectorTransmissionCurve}
# - {SOURCE: Materion (DM-46256)}
# - {DETECTOR: 174}
# - {FILTER: z_20}
# - {CALIB_ID: 'calibDate=1970-01-01T00:00:00 filter=z_20 detector=174'}
# - {DATE: '2025-04-02T15:59:49.448071'}
# - {CALIB_CREATION_DATE: '2025-04-02'}
# - {CALIB_CREATION_TIME: '15:59:49'}
# - __serialized_columns__:
#     efficiency:
#       __class__: astropy.units.quantity.Quantity
#       unit: !astropy.units.Unit {unit: '%'}
#       value: !astropy.table.SerializedColumn {name: efficiency}
#     wavelength:
#       __class__: astropy.units.quantity.Quantity
#       unit: !astropy.units.Unit {unit: nm}
#       value: !astropy.table.SerializedColumn {name: wavelength}
# schema: astropy-2.0
wavelength efficiency
300.0 0.3616437315940857
301.0 0.32384488731622696
302.0 0.28604601975530386
303.0 0.23691195528954268
304.0 0.1877778908237815
305.0 0.18374164355918765
306.0 0.1797053962945938
307.0 0.16118332277983427
308.0 0.14266123762354255
309.0 0.12946705101057887
310.0 0.11627287603914738
311.0 0.10964581742882729
312.0 0.1030187588185072
313.0 0.09383269934915006
314.0 0.08464664570055902
315.0 0.0759069574996829
316.0 0.06716726929880679
317.0 0.06672393064945936
318.0 0.06628059200011194
319.0 0.061203190125525
320.0 0.05612579407170415
321.0 0.05412513273768127
322.0 0.05212447722442448
323.0 0.047810046817176044
324.0 0.04349561932031065
325.0 0.042329117422923446
326.0 0.04116261552553624
327.0 0.040604249807074666
328.0 0.04004588408861309
329.0 0.03908084472641349
330.0 0.03811580245383084
331.0 0.03541128826327622
332.0 0.03270676825195551
333.0 0.030339701334014535
334.0 0.027972637326456606
335.0 0.026219442952424288
336.0 0.024466251488775015
337.0 0.021809177997056395
338.0 0.019152103050146252
339.0 0.018324724806006998
340.0 0.017497346561867744
341.0 0.01669536577537656
342.0 0.015893386444076896
343.0 0.017015244520734996
344.0 0.018137102597393095
345.0 0.016052376304287463
346.0 0.013967648555990309
347.0 0.013259782281238586
348.0 0.012551916006486863
349.0 0.012782543490175158
350.0 0.013013170973863453
351.0 0.012153620627941564
352.0 0.011294068826828152
353.0 0.011184709728695452
354.0 0.011075349902966991
355.0 0.010791759268613532
356.0 0.010508171544643119
357.0 0.010780485172290355
358.0 0.011052799527533352
359.0 0.00950601461227052
360.0 0.007959229697007686
361.0 0.00877444981597364
362.0 0.009589669934939593
363.0 0.00921588289202191
364.0 0.008842095121508464
365.0 0.008911040640668944
366.0 0.008979986887425184
367.0 0.00852003286127001
368.0 0.008060077379923314
369.0 0.008096030069282278
370.0 0.008131982031045482
371.0 0.008902895206119865
372.0 0.009673809836385772
373.0 0.008286727825179696
374.0 0.006899642903590575
375.0 0.0063236861024051905
376.0 0.005747728937421925
377.0 0.00589415431022644
378.0 0.006040580046828836
379.0 0.005888975647394545
380.0 0.005737370884162374
381.0 0.004512195300776511
382.0 0.003287019717390649
383.0 0.0040071678085951135
384.0 0.004727316263597459
385.0 0.005141324436408468
386.0 0.005555332245421596
387.0 0.00476926397823263
388.0 0.003983195347245783
389.0 0.004052398435305804
390.0 0.004121601523365825
391.0 0.004312970850151032
392.0 0.004504340176936239
393.0 0.004130313391215168
394.0 0.003756286605494097
395.0 0.00367877546523232
396.0 0.003601265052566305
397.0 0.003498859950923361
398.0 0.003396454849280417
399.0 0.004173295747023076
400.0 0.004950136644765735
401.0 0.004298505518818274
402.0 0.0036468743928708136
403.0 0.004327991700847633
404.0 0.005009108645026572
405.0 0.004921882282360457
406.0 0.004834655919694342
407.0 0.0041833645809674636
408.0 0.003532073606038466
409.0 0.003316463335067965
410.0 0.003100853427895345
411.0 0.0034161548683186993
412.0 0.003731456308742054
413.0 0.003933822881663218
414.0 0.004136189818382263
415.0 0.0038542890251846984
416.0 0.0035723885957850143
417.0 0.0030001991035533138
418.0 0.0024280101570184343
419.0 0.002801707341859583
420.0 0.0031754047085996717
421.0 0.0032191186619456857
422.0 0.003262833342887461
423.0 0.0030896921089151874
424.0 0.0029165512387407944
425.0 0.003212905357941054
426.0 0.0035092594771413133
427.0 0.002500152368156705
428.0 0.0014910455320205074
429.0 0.001232591694133589
430.0 0.0009741382200445514
431.0 0.0013726859833695926
432.0 0.0017712342014419846
433.0 0.0019840679669869132
434.0 0.002196901732531842
435.0 0.0026166202587774023
436.0 0.003036338966921903
437.0 0.002386126834608149
438.0 0.0017359148841933347
439.0 0.001976031853700988
440.0 0.002216148641309701
441.0 0.0019367436834727414
442.0 0.0016573385437368415
443.0 0.0016635636711725965
444.0 0.0016697887986083515
445.0 0.0019597273421823047
446.0 0.002249665885756258
447.0 0.0025245621145586483
448.0 0.0027994583433610387
449.0 0.00217563738260651
450.0 0.0015518164218519814
451.0 0.0016624069758108817
452.0 0.0017729977116687223
453.0 0.0024383563868468627
454.0 0.0031037146982271224
455.0 0.002549080818425864
456.0 0.001994446756725665
457.0 0.001794517447706312
458.0 0.0015945881386869587
459.0 0.0016550828149775043
460.0 0.0017155778550659306
461.0 0.001437717401131522
462.0 0.001159856856247643
463.0 0.0011207104762434028
464.0 0.0010815640962391626
465.0 0.0013110165127727669
466.0 0.0015404686564579606
467.0 0.0013868767382518854
468.0 0.00123328472909634
469.0 0.0010278807167196646
470.0 0.0008224767043429893
471.0 0.0010174286217079498
472.0 0.0012123805390729103
473.0 0.0013348575521376915
474.0 0.001457334656151943
475.0 0.0015819958207430318
476.0 0.0017066569853341207
477.0 0.0015446727047674358
478.0 0.0013826886060996912
479.0 0.0013065755410934798
480.0 0.001230462748935679
481.0 0.0009219733328791335
482.0 0.000613483871347853
483.0 0.0007429950983350864
484.0 0.0008725061888981145
485.0 0.0012737787074001972
486.0 0.00167505131685175
487.0 0.0013690530977328308
488.0 0.001063055060512852
489.0 0.0012942758985445835
490.0 0.0015254966456268448
491.0 0.0012027059710817412
492.0 0.0008799151146376971
493.0 0.0011494878890516702
494.0 0.0014190606634656433
495.0 0.0011071430890297052
496.0 0.0007952257874421775
497.0 0.0008569012607040349
498.0 0.0009185767339658923
499.0 0.0012677406630245969
500.0 0.001616904410184361
501.0 0.0015825640730326995
502.0 0.0015482233720831573
503.0 0.0012234628229634836
504.0 0.0008987021828943398
505.0 0.0014343186194309965
506.0 0.001969934965018183
507.0 0.002003154259000439
508.0 0.0020363735529826954
509.0 0.0017548743926454335
510.0 0.0014733752323081717
511.0 0.001416921350028133
512.0 0.0013604671039502136
513.0 0.001365898788208142
514.0 0.0013713303815166
515.0 0.0012425997738318983
516.0 0.0011138695299450774
517.0 0.001115778741223039
518.0 0.0011176881343999412
519.0 0.0015276234989869408
520.0 0.0019375587726244703
521.0 0.0019439461539150216
522.0 0.0019503333533066325
523.0 0.0015311132301576436
524.0 0.0011118929251097143
525.0 0.0007745687071292195
526.0 0.0004372444891487248
527.0 0.0008654787961859256
528.0 0.0012937132851220667
529.0 0.0013126220437698066
530.0 0.0013315308024175465
531.0 0.0013151273378753103
532.0 0.0012987239642825443
533.0 0.0011647403880488127
534.0 0.0010307569027645513
535.0 0.0013789418517262675
536.0 0.001727126982586924
537.0 0.0016424737623310648
538.0 0.0015578205420752056
539.0 0.0013155516171536874
540.0 0.001073282601282699
541.0 0.0010811511856445577
542.0 0.001089019588107476
543.0 0.0008425552550761495
544.0 0.0005960906491964124
545.0 0.0010315141480532475
546.0 0.0014669376469100825
547.0 0.0018274588001077063
548.0 0.0021879797714063898
549.0 0.0018979935703100637
550.0 0.0016080071873147972
551.0 0.0014840046787867323
552.0 0.0013600020793091971
553.0 0.0016046822565840557
554.0 0.0018493625248083845
555.0 0.0016618225345155224
556.0 0.0014742825442226604
557.0 0.0012722700375888962
558.0 0.001070257440005662
559.0 0.0012950473319506273
560.0 0.0015198373148450628
561.0 0.0012392837561492343
562.0 0.0009587301065039355
563.0 0.0011854573131131474
564.0 0.0014121847016212996
565.0 0.00150034738908289
566.0 0.0015885101674939506
567.0 0.0020537012460408732
568.0 0.0025188921426888555
569.0 0.002663618761289399
570.0 0.0028083453798899427
571.0 0.0027294536266708747
572.0 0.0026505618734518066
573.0 0.00255102295341203
574.0 0.002451483851473313
575.0 0.0021408532120403834
576.0 0.001830222572607454
577.0 0.0019550168872228824
578.0 0.0020798106561414897
579.0 0.0019046699890168384
580.0 0.0017295295037911274
581.0 0.001601388976268936
582.0 0.001473248630645685
583.0 0.0014963846297177952
584.0 0.0015195205378404353
585.0 0.001680646528257057
586.0 0.0018417722458252683
587.0 0.0019700613847817294
588.0 0.0020983505237381905
589.0 0.002229138044640422
590.0 0.002359925565542653
591.0 0.002159015457436908
592.0 0.001958105349331163
593.0 0.0018431583157507703
594.0 0.0017282112821703777
595.0 0.0012159383913967758
596.0 0.0007036655460979091
597.0 0.0008651330063003115
598.0 0.0010266006029269192
599.0 0.0010427744200569578
600.0 0.0010589483281364664
601.0 0.0009757562111190055
602.0 0.0008925640941015445
603.0 0.0011045501196349505
604.0 0.001316535872319946
605.0 0.0009967417099687736
606.0 0.0006769473657186609
607.0 0.0008509014151059091
608.0 0.001024855282594217
609.0 0.0009555876204103697
610.0 0.0008863198672770523
611.0 0.0010226638551102951
612.0 0.001159007842943538
613.0 0.0008601162335253321
614.0 0.0005612246695818612
615.0 0.0009550756658427417
616.0 0.0013489267985278275
617.0 0.0013979430150357075
618.0 0.0014469592315435875
619.0 0.001569482083141338
620.0 0.0016920050256885588
621.0 0.0015017367331893183
622.0 0.0013114684406900778
623.0 0.0013410446626949124
624.0 0.0013706209756492171
625.0 0.0015701885786256753
626.0 0.001769755908753723
627.0 0.0019416513168835081
628.0 0.0021135467250132933
629.0 0.0021601646949420683
630.0 0.0022067826648708433
631.0 0.0021711324734496884
632.0 0.002135482463927474
633.0 0.0027152476832270622
634.0 0.0032950134482234716
635.0 0.006110763206379488
636.0 0.008926514419727027
637.0 0.015944684855639935
638.0 0.022962856746744365
639.0 0.019945316307712346
640.0 0.01692777732387185
641.0 0.014820214710198343
642.0 0.012712652096524835
643.0 0.009198844054481015
644.0 0.005685036740032956
645.0 0.005822400635224767
646.0 0.005959764530416578
647.0 0.005726458766730502
648.0 0.005493152639246546
649.0 0.004349929804448038
650.0 0.0032067066058516502
651.0 0.0032027695851866156
652.0 0.0031988318369258195
653.0 0.0028296579330344684
654.0 0.002460483847244177
655.0 0.0021156432921998203
656.0 0.0017708031009533443
657.0 0.0019408385924180038
658.0 0.0021108740838826634
659.0 0.002246384428872261
660.0 0.002381894228165038
661.0 0.002225527714472264
662.0 0.00206916120077949
663.0 0.0019324988898006268
664.0 0.001795836396922823
665.0 0.0017558306353748776
666.0 0.0017158250557258725
667.0 0.0017200040019815788
668.0 0.0017241833120351657
669.0 0.0015192965292953886
670.0 0.0013144096556061413
671.0 0.0012787594641849864
672.0 0.0012431090908648912
673.0 0.0012916239029436838
674.0 0.0013401388059719466
675.0 0.0012092333236068953
676.0 0.001078327841241844
677.0 0.0012402745596773457
678.0 0.0014022212781128474
679.0 0.0017011718227877282
680.0 0.0020001225493615493
681.0 0.0021280069631757215
682.0 0.002255891558888834
683.0 0.0024896116883610375
684.0 0.0027233316359343007
685.0 0.0028769658456440084
686.0 0.0030305998734547757
687.0 0.0027462068828754127
688.0 0.0024618138922960497
689.0 0.0021730598746216856
690.0 0.0018843060388462618
691.0 0.002220599344582297
692.0 0.0025568924684193917
693.0 0.002929714355559554
694.0 0.003302536060800776
695.0 0.003429530988796614
696.0 0.0035565259167924523
697.0 0.0035370539990253747
698.0 0.003517582081258297
699.0 0.005049655010225251
700.0 0.006581726484000683
701.0 0.006520206079585478
702.0 0.006458685675170273
703.0 0.00585730085731484
704.0 0.005255917858448811
705.0 0.00446432750322856
706.0 0.0036727367842104286
707.0 0.0033783733670134097
708.0 0.00308400958601851
709.0 0.003747157461475581
710.0 0.004410305700730532
711.0 0.003838846896542236
712.0 0.00326738809235394
713.0 0.002404398219368886
714.0 0.0015414085282827727
715.0 0.0019464045180939138
716.0 0.002351400689803995
717.0 0.002388952998444438
718.0 0.0024265051251859404
719.0 0.0023105731088435277
720.0 0.0021946412744000554
721.0 0.002066809611278586
722.0 0.0019389781300560571
723.0 0.0020093446437385865
724.0 0.002079711157421116
725.0 0.0020791932911379263
726.0 0.0020786752429557964
727.0 0.0019648228771984577
728.0 0.0018509706933400594
729.0 0.001766467175912112
730.0 0.001681963840383105
731.0 0.0017282347471336834
732.0 0.0017745058357832022
733.0 0.001795873322407715
734.0 0.0018172408090322278
735.0 0.0013332302842172794
736.0 0.0008492195775033906
737.0 0.0011331587302265689
738.0 0.0014170979738992173
739.0 0.001404812155669788
740.0 0.0013925262464908883
741.0 0.001281694039789727
742.0 0.0011708616511896253
743.0 0.001350244474451756
744.0 0.0015296271158149466
745.0 0.0018891305444412865
746.0 0.002248633791168686
747.0 0.002408987347735092
748.0 0.0025693410862004384
749.0 0.003249672590754926
750.0 0.003930004459107295
751.0 0.0038185495213838294
752.0 0.003707094583660364
753.0 0.003362277493579313
754.0 0.003017460403498262
755.0 0.0029758597520412877
756.0 0.0029342592824832536
757.0 0.0027826552468468435
758.0 0.0026310512112104334
759.0 0.003032881795661524
760.0 0.003434712562011555
761.0 0.00474903172289487
762.0 0.006063350156182423
763.0 0.005783505912404507
764.0 0.005503661304828711
765.0 0.004810050813830458
766.0 0.004116439959034324
767.0 0.00417538067267742
768.0 0.004234321022522636
769.0 0.004604714558809064
770.0 0.004975108095095493
771.0 0.004405654181027785
772.0 0.0038362009945558384
773.0 0.003937810470233671
774.0 0.004039419945911504
775.0 0.07683490985073149
776.0 1.63794802374162e-10
777.0 0.01704848255030811
778.0 1.63794802374162e-10
779.0 0.032527834991924465
780.0 0.022392078244592994
781.0 1.63794802374162e-10
782.0 0.05764559609815478
783.0 1.63794802374162e-10
784.0 0.03948508820030838
785.0 1.63794802374162e-10
786.0 1.63794802374162e-10
787.0 0.014695101708639413
788.0 0.0071861584729049355
789.0 1.63794802374162e-10
790.0 0.10350006632506847
791.0 0.018799348617903888
792.0 1.63794802374162e-10
793.0 0.09850164642557502
794.0 1.63794802374162e-10
795.0 0.07909591658972204
796.0 1.63794802374162e-10
797.0 0.24994928389787674
798.0 0.12118665035814047
799.0 0.08354288875125349
800.0 0.3033245215192437
801.0 0.587194599211216
802.0 0.8847641758620739
803.0 1.58130694180727
804.0 2.464352175593376
805.0 3.6877617239952087
806.0 5.400063470005989
807.0 7.595362514257431
808.0 10.08644700050354
809.0 13.158325850963593
810.0 16.543984413146973
811.0 19.474662840366364
812.0 22.58797436952591
813.0 26.03902518749237
814.0 29.52776551246643
815.0 34.51361060142517
816.0 40.02351760864258
817.0 45.91630697250366
818.0 52.40283012390137
819.0 58.952826261520386
820.0 66.80237650871277
821.0 73.9591896533966
822.0 79.7511100769043
823.0 84.61220264434814
824.0 89.07673358917236
825.0 93.0094301700592
826.0 95.36771178245544
827.0 97.12812304496765
828.0 98.3785331249237
829.0 99.16377067565918
830.0 98.81730079650879
831.0 98.90336990356445
832.0 98.57807159423828
833.0 99.57769513130188
834.0 98.34121465682983
835.0 98.97045493125916
836.0 99.03135299682617
837.0 98.89565706253052
838.0 98.08230400085449
839.0 98.38836193084717
840.0 98.47722053527832
841.0 99.58218932151794
842.0 99.46514964103699
843.0 99.87753629684448
844.0 98.33947420120239
845.0 98.6007571220398
846.0 98.98683428764343
847.0 99.03385639190674
848.0 99.7063934803009
849.0 98.61717820167542
850.0 98.2762336730957
851.0 99.24216866493225
852.0 99.17086958885193
853.0 98.54454398155212
854.0 99.86883997917175
855.0 98.13566207885742
856.0 98.78250360488892
857.0 97.85341024398804
858.0 98.84492754936218
859.0 99.47353601455688
860.0 98.59134554862976
861.0 98.80472421646118
862.0 99.00401830673218
863.0 98.31306338310242
864.0 99.3329405784607
865.0 99.53761696815491
866.0 98.74824285507202
867.0 99.35382604598999
868.0 99.79040026664734
869.0 98.75863790512085
870.0 98.14391136169434
871.0 98.58459234237671
872.0 99.04510974884033
873.0 99.12208914756775
874.0 99.54366087913513
875.0 99.03475046157837
876.0 98.7825095653534
877.0 99.61867928504944
878.0 99.38082695007324
879.0 98.63420128822327
880.0 98.539799451828
881.0 100.2367615699768
882.0 99.14969801902771
883.0 98.68695735931396
884.0 99.24530386924744
885.0 98.88286590576172
886.0 98.66860508918762
887.0 98.81871938705444
888.0 99.03596043586731
889.0 99.27644729614258
890.0 98.08827638626099
891.0 99.58807229995728
892.0 98.75833988189697
893.0 98.40938448905945
894.0 98.19226264953613
895.0 99.36249852180481
896.0 99.09189343452454
