lsstCam/transmission_sensor/r10_s12/19700101T000000.ecsv
# %ECSV 1.0
# ---
# datatype:
# - {name: amp_name, datatype: string}
# - {name: wavelength, unit: nm, datatype: float32}
# - {name: efficiency, unit: '%', datatype: float64}
# meta: !!omap
# - {MODE: AMP}
# - {TYPE: transmission_sensor}
# - {CALIBDATE: '1970-01-01T00:00:00'}
# - {INSTRUME: LSSTCam}
# - {OBSTYPE: transmission_sensor}
# - {DETECTOR: 32}
# - {PARQUETFILE: qe_raft_allvalues_nircorrected_20230725_adjust.parquet}
# - {CORRFILE: qe_corr_factor_bydetnum.parquet}
# - {CALIBCLS: lsst.ip.isr.IntermediateSensorTransmissionCurve}
# - {CALIB_ID: 'raftName=R10 detectorName=S12 detector=32 calibDate=1970-01-01T00:00:00 ccd=32 ccdnum=32 filter=None'}
# - {DATE: '2025-03-03T21:56:47.553087'}
# - {CALIB_CREATION_DATE: '2025-03-03'}
# - {CALIB_CREATION_TIME: '21:56:47'}
# - __serialized_columns__:
#     efficiency:
#       __class__: astropy.units.quantity.Quantity
#       unit: !astropy.units.Unit {unit: '%'}
#       value: !astropy.table.SerializedColumn {name: efficiency}
#     wavelength:
#       __class__: astropy.units.quantity.Quantity
#       unit: !astropy.units.Unit {unit: nm}
#       value: !astropy.table.SerializedColumn {name: wavelength}
# schema: astropy-2.0
amp_name wavelength efficiency
C00 319.994 48.084608726345536
C00 324.969 49.21625494376043
C00 349.982 56.511012829754904
C00 374.975 69.81036455494663
C00 400.019 81.84931612142043
C00 424.965 83.90603171121987
C00 450.035 83.9927489924109
C00 475.003 84.07753355359678
C00 500.018 84.49698791087428
C00 525.002 85.28949588354565
C00 550.029 86.38147495557487
C00 575.023 88.12515948246035
C00 599.982 90.14645991088543
C00 619.997 91.16537443584
C00 624.979 91.56990046379771
C00 650.012 93.1237764244175
C00 675.004 94.55984150440342
C00 700.03 95.38563091556347
C00 725.012 96.3083732930618
C00 750.022 97.5111822610663
C00 774.987 98.53932745676545
C00 799.976 98.62933809284525
C00 824.988 98.00339966109765
C00 850.022 97.1595199906894
C00 869.967 94.75900443549402
C00 875.002 94.04378207038856
C00 899.999 88.1109887793826
C00 919.999 80.713340611194
C00 925.012 77.99422002858981
C00 949.965 64.5449974633188
C00 975.002 53.8623824111785
C00 999.976 31.99573709236206
C00 1025.028 15.71730428027356
C00 1050.014 6.490399440611522
C00 1075.002 0.9289749504929958
C00 1099.99 0.09217204115616681
C01 319.994 48.25773018808676
C01 324.969 49.34306070329826
C01 349.982 56.537595460705724
C01 374.975 70.02338122303414
C01 400.019 82.32231455372057
C01 424.965 84.47517909833617
C01 450.035 84.54957335677437
C01 475.003 84.5801721798959
C01 500.018 84.95381334217134
C01 525.002 85.71528956244003
C01 550.029 86.79370867091313
C01 575.023 88.54266565797265
C01 599.982 90.57629684003058
C01 619.997 91.5979712891525
C01 624.979 92.00112895134659
C01 650.012 93.56433608415122
C01 675.004 95.01413893793375
C01 700.03 95.86016779298771
C01 725.012 96.84004910471828
C01 750.022 98.1015741064792
C01 774.987 99.19721761563818
C01 799.976 99.32696497502384
C01 824.988 98.69904743799097
C01 850.022 97.87663642139992
C01 869.967 95.57530805686879
C01 875.002 94.88807147743789
C01 899.999 88.94034212623212
C01 919.999 81.42186803420164
C01 925.012 78.63894449878745
C01 949.965 65.03459796046317
C01 975.002 54.219417643169706
C01 999.976 32.23284318259375
C01 1025.028 15.858540693729836
C01 1050.014 6.569998030843587
C01 1075.002 0.934599047628601
C01 1099.99 0.09273005890720969
C02 319.994 47.93404983794442
C02 324.969 48.96029710259852
C02 349.982 55.94793418345477
C02 374.975 69.48766216112689
C02 400.019 81.9932496456439
C02 424.965 84.27903121045361
C02 450.035 84.38577920177799
C02 475.003 84.39976436373526
C02 500.018 84.7361349534314
C02 525.002 85.45179797869805
C02 550.029 86.48646030625457
C02 575.023 88.20270793994695
C02 599.982 90.20801317760942
C02 619.997 91.2184546580614
C02 624.979 91.62330538297999
C02 650.012 93.17836416824294
C02 675.004 94.6267213474616
C02 700.03 95.49817706690331
C02 725.012 96.52462919987795
C02 750.022 97.85749476246893
C02 774.987 99.02007996172625
C02 799.976 99.19274143610625
C02 824.988 98.57561620758213
C02 850.022 97.78800961284381
C02 869.967 95.53431120011957
C02 875.002 94.84875995253316
C02 899.999 88.87537954141905
C02 919.999 81.30694850269548
C02 925.012 78.51587661973959
C02 949.965 64.99679395716247
C02 975.002 54.195915767907096
C02 999.976 32.21508535118644
C02 1025.028 15.847496165260413
C02 1050.014 6.550267858671022
C02 1075.002 0.9322731361081275
C02 1099.99 0.0924992841029193
C03 319.994 47.29967701609434
C03 324.969 48.26454882426493
C03 349.982 55.01034851631688
C03 374.975 68.46383852735926
C03 400.019 81.04889172760797
C03 424.965 83.4328709304393
C03 450.035 83.56913542168232
C03 475.003 83.5610953064609
C03 500.018 83.85904342245469
C03 525.002 84.52776454423628
C03 550.029 85.52555830497457
C03 575.023 87.20118789503873
C03 599.982 89.1690292881214
C03 619.997 90.16176705332622
C03 624.979 90.56411297311813
C03 650.012 92.1022952472961
C03 675.004 93.54589793530211
C03 700.03 94.43504190823094
C03 725.012 95.50268416995532
C03 750.022 96.89588152022704
C03 774.987 98.11841969404408
C03 799.976 98.33420401717896
C03 824.988 97.7315509960534
C03 850.022 96.98273022637841
C03 869.967 94.77019101888384
C03 875.002 94.09245569099822
C03 899.999 88.11727398483933
C03 919.999 80.563949085676
C03 925.012 77.79038764596676
C03 949.965 64.46969482647818
C03 975.002 53.762116762751376
C03 999.976 31.95018868000071
C03 1025.028 15.707763407968141
C03 1050.014 6.478640288920194
C03 1075.002 0.9231113880538724
C03 1099.99 0.09159026387770108
C04 319.994 47.59168781623231
C04 324.969 48.523927579835956
C04 349.982 55.22166052535985
C04 374.975 68.90204799956672
C04 400.019 81.80768533250952
C04 424.965 84.31887616607976
C04 450.035 84.46547684391032
C04 475.003 84.43020083837635
C04 500.018 84.69258690627538
C04 525.002 85.33125809741692
C04 550.029 86.30466866257025
C04 575.023 87.97567518638209
C04 599.982 89.95512063037567
C04 619.997 90.95744468680603
C04 624.979 91.35924171411648
C04 650.012 92.91866071571104
C04 675.004 94.38544831289882
C04 700.03 95.30454171502743
C04 725.012 96.4335130479552
C04 750.022 97.90224882690816
C04 774.987 99.20279931101305
C04 799.976 99.44860264126791
C04 824.988 98.84291138429424
C04 850.022 98.10588020665067
C04 869.967 95.87826578311594
C04 875.002 95.18230104014177
C04 899.999 89.08322425077279
C04 919.999 81.37999758801008
C04 925.012 78.56653707651455
C04 949.965 65.20180143354864
C04 975.002 54.37566645926598
C04 999.976 32.229493778824825
C04 1025.028 15.862585876700614
C04 1050.014 6.528045444051818
C04 1075.002 0.9326983528612809
C04 1099.99 0.0925414737185286
C05 319.994 47.54664770923232
C05 324.969 48.4489109855561
C05 349.982 55.059443469887675
C05 374.975 68.87065289580308
C05 400.019 81.99708416213412
C05 424.965 84.60390598155912
C05 450.035 84.75465814196076
C05 475.003 84.6923317872347
C05 500.018 84.92265016480832
C05 525.002 85.53547702404099
C05 550.029 86.5028729645383
C05 575.023 88.16441689120494
C05 599.982 90.14404787631901
C05 619.997 91.1454442271469
C05 624.979 91.54804526597948
C05 650.012 93.10691537509258
C05 675.004 94.58075353485914
C05 700.03 95.51518500294863
C05 725.012 96.6788061401287
C05 750.022 98.19742155697455
C05 774.987 99.546228194168
C05 799.976 99.81258793439763
C05 824.988 99.22323202690748
C05 850.022 98.50991145828708
C05 869.967 96.28184091283111
C05 875.002 95.57936676887961
C05 899.999 89.45105952215276
C05 919.999 81.69064753987772
C05 925.012 78.87326747221174
C05 949.965 65.56514506363665
C05 975.002 54.671515641334175
C05 999.976 32.311976470484574
C05 1025.028 15.983767421023462
C05 1050.014 6.555396331204685
C05 1075.002 0.9355100371459949
C05 1099.99 0.09282044645021663
C06 319.994 47.5547110170938
C06 324.969 48.411798896017224
C06 349.982 54.88801120543095
C06 374.975 68.76726783728765
C06 400.019 82.114902773648
C06 424.965 84.85325005486342
C06 450.035 85.04428783105237
C06 475.003 84.97757033647463
C06 500.018 85.18687618215226
C06 525.002 85.76663806753685
C06 550.029 86.70949619484877
C06 575.023 88.33998517647267
C06 599.982 90.32236062399406
C06 619.997 91.31969826281113
C06 624.979 91.71777673683168
C06 650.012 93.28185745907865
C06 675.004 94.7708172201655
C06 700.03 95.72214839198
C06 725.012 96.89079460117348
C06 750.022 98.43618205553065
C06 774.987 99.7953094175516
C06 799.976 100.07354378949286
C06 824.988 99.51803367473289
C06 850.022 98.8215355010373
C06 869.967 96.63210389392428
C06 875.002 95.94152757432447
C06 899.999 89.8445535843211
C06 919.999 82.0374316249616
C06 925.012 79.213433923998
C06 949.965 65.78436189750067
C06 975.002 54.77463011904889
C06 999.976 32.37679796673727
C06 1025.028 16.12050349594775
C06 1050.014 6.600765000605556
C06 1075.002 0.9377845489445703
C06 1099.99 0.09304612142132024
C07 319.994 47.28900453622591
C07 324.969 48.111921925458304
C07 349.982 54.40954704095624
C07 374.975 68.26231767786237
C07 400.019 81.72661932461355
C07 424.965 84.56464084193452
C07 450.035 84.78625424860493
C07 475.003 84.72435309228001
C07 500.018 84.90652354908535
C07 525.002 85.45397035598384
C07 550.029 86.3572386467103
C07 575.023 87.9716628596514
C07 599.982 89.91141023473922
C07 619.997 90.8948245586392
C07 624.979 91.29540783778641
C07 650.012 92.85053620096954
C07 675.004 94.3331179860394
C07 700.03 95.27287603046307
C07 725.012 96.40963235957157
C07 750.022 97.89990637026192
C07 774.987 99.20381205629575
C07 799.976 99.4905967815398
C07 824.988 98.94603359288898
C07 850.022 98.26961251460688
C07 869.967 96.17532484790735
C07 875.002 95.5283506916237
C07 899.999 89.57255030167643
C07 919.999 81.73942166192765
C07 925.012 78.91979963905571
C07 949.965 65.19761902745749
C07 975.002 54.20639497577501
C07 999.976 32.18506634406646
C07 1025.028 16.098168983568247
C07 1050.014 6.642019875475465
C07 1075.002 0.9326759411461667
C07 1099.99 0.09253925004874418
C10 319.994 48.76181835438974
C10 324.969 49.90855524960484
C10 349.982 57.31656279702103
C10 374.975 70.74631127552014
C10 400.019 82.85399809625707
C10 424.965 84.89966625850708
C10 450.035 84.98647631025835
C10 475.003 85.07378113833096
C10 500.018 85.49747201785974
C10 525.002 86.30362499376747
C10 550.029 87.40809716790997
C10 575.023 89.16932306156217
C10 599.982 91.21855515950168
C10 619.997 92.25181819777445
C10 624.979 92.66102140814465
C10 650.012 94.23492034801778
C10 675.004 95.68459177683995
C10 700.03 96.51740855793871
C10 725.012 97.445384741211
C10 750.022 98.6528167754678
C10 774.987 99.68846092478694
C10 799.976 99.77938380470917
C10 824.988 99.17111043380862
C10 850.022 98.408165346336
C10 869.967 96.08539152062775
C10 875.002 95.39035448325605
C10 899.999 89.34561804955185
C10 919.999 81.54518330141018
C10 925.012 78.74375203922668
C10 949.965 64.87840326052705
C10 975.002 54.23370044400776
C10 999.976 32.38137271498946
C10 1025.028 15.927902149274628
C10 1050.014 6.625852189452392
C10 1075.002 0.9398511934938168
C10 1099.99 0.09325117199490915
C11 319.994 48.65462583746416
C11 324.969 49.76591664778483
C11 349.982 57.08378986504088
C11 374.975 70.63118301025342
C11 400.019 82.89126866883637
C11 424.965 84.99368922131758
C11 450.035 85.05885280901119
C11 475.003 85.09506425102765
C11 500.018 85.47690787700495
C11 525.002 86.25630427716139
C11 550.029 87.34761849350885
C11 575.023 89.10099754394014
C11 599.982 91.14183390617727
C11 619.997 92.1648612593028
C11 624.979 92.56951871222087
C11 650.012 94.13751125975827
C11 675.004 95.59025957882864
C11 700.03 96.43686051900411
C11 725.012 97.4067999190282
C11 750.022 98.66652362574432
C11 774.987 99.76065961329928
C11 799.976 99.88114537842027
C11 824.988 99.27949737169739
C11 850.022 98.52504079048738
C11 869.967 96.23040736805409
C11 875.002 95.55214634032708
C11 899.999 89.50970597798901
C11 919.999 81.61333873967175
C11 925.012 78.77202386746201
C11 949.965 64.88453384838338
C11 975.002 54.173391848967086
C11 999.976 32.26907395181028
C11 1025.028 15.89216229093941
C11 1050.014 6.5966149675744985
C11 1075.002 0.9399813076534305
C11 1099.99 0.0932640818022926
C12 319.994 48.37509267767943
C12 324.969 49.42428905967467
C12 349.982 56.54503256728554
C12 374.975 70.18546685354596
C12 400.019 82.68165358795792
C12 424.965 84.92974711266721
C12 450.035 85.04141967456474
C12 475.003 85.0754510084154
C12 500.018 85.42363438278302
C12 525.002 86.14719836743072
C12 550.029 87.18270336090949
C12 575.023 88.88822826401328
C12 599.982 90.8891578235841
C12 619.997 91.89572613314577
C12 624.979 92.29916210702059
C12 650.012 93.85786986765325
C12 675.004 95.30960544144092
C12 700.03 96.17584281686872
C12 725.012 97.20287476584491
C12 750.022 98.53040602122168
C12 774.987 99.69519452128488
C12 799.976 99.85587313163295
C12 824.988 99.26240439597184
C12 850.022 98.52488617288698
C12 869.967 96.23145103685687
C12 875.002 95.55264884752843
C12 899.999 89.44914226390766
C12 919.999 81.5272863141625
C12 925.012 78.68355940738633
C12 949.965 64.85910698399564
C12 975.002 54.14488036345113
C12 999.976 32.220728893601475
C12 1025.028 15.85470231179961
C12 1050.014 6.555338349604531
C12 1075.002 0.9386839376647832
C12 1099.99 0.09313535794388832
C13 319.994 48.182199490285534
C13 324.969 49.187488339203796
C13 349.982 56.156408959530175
C13 374.975 69.8926675036459
C13 400.019 82.60460763767266
C13 424.965 84.97148613389842
C13 450.035 85.10875563954413
C13 475.003 85.1263820459911
C13 500.018 85.43898791050393
C13 525.002 86.13039916514596
C13 550.029 87.13675101006706
C13 575.023 88.8183411086271
C13 599.982 90.79388245821028
C13 619.997 91.78528278117153
C13 624.979 92.18425030639445
C13 650.012 93.73799484205388
C13 675.004 95.19300830897029
C13 700.03 96.07873523293001
C13 725.012 97.15190507386912
C13 750.022 98.55423259344516
C13 774.987 99.7933998901865
C13 799.976 99.99437184720193
C13 824.988 99.40285902418604
C13 850.022 98.68311409426852
C13 869.967 96.38401995406335
C13 875.002 95.69287928022203
C13 899.999 89.5307648951651
C13 919.999 81.55102784670574
C13 925.012 78.69978652454955
C13 949.965 64.92006497295804
C13 975.002 54.22494135694442
C13 999.976 32.23825673132817
C13 1025.028 15.801194958457058
C13 1050.014 6.502832628404647
C13 1075.002 0.9389103049687294
C13 1099.99 0.09315781789982651
C14 319.994 47.98061679374848
C14 324.969 48.939794808783894
C14 349.982 55.75548552166205
C14 374.975 69.56070351556149
C14 400.019 82.46039580176846
C14 424.965 84.94163720613889
C14 450.035 85.10494431569397
C14 475.003 85.11242780755391
C14 500.018 85.38978859005285
C14 525.002 86.03670089929633
C14 550.029 87.00436742059436
C14 575.023 88.65416814050971
C14 599.982 90.60493201962687
C14 619.997 91.58615850448103
C14 624.979 91.98554349722505
C14 650.012 93.53186638806473
C14 675.004 94.9921987004353
C14 700.03 95.89876034605052
C14 725.012 97.02351061848705
C14 750.022 98.48518037310119
C14 774.987 99.78755534489093
C14 799.976 100.03039774809791
C14 824.988 99.44670084478284
C14 850.022 98.74986251236635
C14 869.967 96.46108909698867
C14 875.002 95.763060209049
C14 899.999 89.54253129455645
C14 919.999 81.6012708359596
C14 925.012 78.76106921047283
C14 949.965 65.02974296781024
C14 975.002 54.298983860341686
C14 999.976 32.3206930377078
C14 1025.028 15.842169588926222
C14 1050.014 6.4681253257321805
C14 1075.002 0.9382519307847401
C14 1099.99 0.09309249461812702
C15 319.994 47.83351747415659
C15 324.969 48.74833956507383
C15 349.982 55.39582952134386
C15 374.975 69.25073388113567
C15 400.019 82.34899382067165
C15 424.965 84.95334175849008
C15 450.035 85.14736365436698
C15 475.003 85.13751451322075
C15 500.018 85.38157839547098
C15 525.002 85.9967477113499
C15 550.029 86.94032481050374
C15 575.023 88.5673426269984
C15 599.982 90.49575653197601
C15 619.997 91.46746630352482
C15 624.979 91.86558343194547
C15 650.012 93.4064173979705
C15 675.004 94.86773926298372
C15 700.03 95.79021105968134
C15 725.012 96.94807269124608
C15 750.022 98.45614318774383
C15 774.987 99.80627953630082
C15 799.976 100.08047065799131
C15 824.988 99.5107589166335
C15 850.022 98.82561740568818
C15 869.967 96.53812731639391
C15 875.002 95.8310378370701
C15 899.999 89.55752920179641
C15 919.999 81.76145466998635
C15 925.012 78.93652926342027
C15 949.965 65.1703676753849
C15 975.002 54.360680148346056
C15 999.976 32.44727653444504
C15 1025.028 15.93983186350641
C15 1050.014 6.433500163659933
C15 1075.002 0.9379748985871511
C15 1099.99 0.09306500773798648
C16 319.994 47.84300712938187
C16 324.969 48.716716400349576
C16 349.982 55.22658123049296
C16 374.975 69.17395078077111
C16 400.019 82.49171359673188
C16 424.965 85.23110454675009
C16 450.035 85.48038677301422
C16 475.003 85.48348685590248
C16 500.018 85.69807289263417
C16 525.002 86.27628087113462
C16 550.029 87.18245597274883
C16 575.023 88.76328178112041
C16 599.982 90.66048612345487
C16 619.997 91.61187914230955
C16 624.979 92.00618494688005
C16 650.012 93.53315744502817
C16 675.004 94.99127872571285
C16 700.03 95.92267195795424
C16 725.012 97.07857767687376
C16 750.022 98.60605268222321
C16 774.987 99.96328597863912
C16 799.976 100.24599653011231
C16 824.988 99.68955870974986
C16 850.022 99.02032734988691
C16 869.967 96.68678440830996
C16 875.002 95.95739907100675
C16 899.999 89.68887685334634
C16 919.999 82.06658477351927
C16 925.012 79.25726801371478
C16 949.965 65.44808407836477
C16 975.002 54.53678186433522
C16 999.976 32.58368791240846
C16 1025.028 16.030969275349214
C16 1050.014 6.423472245913217
C16 1075.002 0.9394029732657698
C16 1099.99 0.0932066999956538
C17 319.994 47.828550383743355
C17 324.969 48.656906447070234
C17 349.982 55.02177089154731
C17 374.975 69.0101025096146
C17 400.019 82.49841626970975
C17 424.965 85.34285441744781
C17 450.035 85.6402768336002
C17 475.003 85.65632614052295
C17 500.018 85.85449951897093
C17 525.002 86.40779087116498
C17 550.029 87.29349460248464
C17 575.023 88.841580133969
C17 599.982 90.69887767363716
C17 619.997 91.62677654810925
C17 624.979 92.01672213634812
C17 650.012 93.53282501718728
C17 675.004 94.98900584698679
C17 700.03 95.90902695471789
C17 725.012 97.0374184716441
C17 750.022 98.51914985991169
C17 774.987 99.8322089078899
C17 799.976 100.11297127759791
C17 824.988 99.57464690912371
C17 850.022 98.89357957194923
C17 869.967 96.59794886599329
C17 875.002 95.8795336474393
C17 899.999 89.76920842764036
C17 919.999 82.16401705441885
C17 925.012 79.32012779916225
C17 949.965 65.37363570376642
C17 975.002 54.470462510078534
C17 999.976 32.55920421538323
C17 1025.028 16.10040030881419
C17 1050.014 6.502284702283187
C17 1075.002 0.9385754316425063
C17 1099.99 0.09312459207604044
