lsstCam/transmission_sensor/r10_s12/19700101T000000.ecsv
# %ECSV 1.0
# ---
# datatype:
# - {name: amp_name, datatype: string}
# - {name: wavelength, unit: nm, datatype: float32}
# - {name: efficiency, unit: '%', datatype: float64}
# meta: !!omap
# - {MODE: AMP}
# - {TYPE: transmission_sensor}
# - {CALIBDATE: '1970-01-01T00:00:00'}
# - {INSTRUME: LSSTCAM}
# - {OBSTYPE: transmission_sensor}
# - {DETECTOR: 32}
# - {PARQUETFILE: qe_raft_allvalues_nircorrected_20230725.parquet}
# - {CALIBCLS: lsst.ip.isr.IntermediateSensorTransmissionCurve}
# - {CALIB_ID: 'raftName=R10 detectorName=S12 detector=32 calibDate=1970-01-01T00:00:00 ccd=32 ccdnum=32 filter=None'}
# - {DATE: '2024-01-18T22:42:25.085201'}
# - {CALIB_CREATION_DATE: '2024-01-18'}
# - {CALIB_CREATION_TIME: '22:42:25'}
# - __serialized_columns__:
#     efficiency:
#       __class__: astropy.units.quantity.Quantity
#       unit: !astropy.units.Unit {unit: '%'}
#       value: !astropy.table.SerializedColumn {name: efficiency}
#     wavelength:
#       __class__: astropy.units.quantity.Quantity
#       unit: !astropy.units.Unit {unit: nm}
#       value: !astropy.table.SerializedColumn {name: wavelength}
# schema: astropy-2.0
amp_name wavelength efficiency
C00 319.994 47.45338821411133
C00 324.969 48.5701789855957
C00 349.982 55.7691764831543
C00 374.975 68.8939437866211
C00 400.019 80.77485656738281
C00 424.965 82.80457305908203
C00 450.035 82.89015197753906
C00 475.003 82.97382354736328
C00 500.018 83.38777160644531
C00 525.002 84.16987609863281
C00 550.029 85.24752044677734
C00 575.023 86.96831512451172
C00 599.982 88.96308135986328
C00 619.997 89.96862030029297
C00 624.979 90.36783599853516
C00 650.012 91.90131378173828
C00 675.004 93.31852722167969
C00 700.03 94.13347625732422
C00 725.012 95.04410552978516
C00 750.022 96.23112487792969
C00 774.987 97.24577331542969
C00 799.976 97.33460235595703
C00 824.988 96.71688079833984
C00 850.022 95.88407897949219
C00 869.967 93.51507568359375
C00 875.002 92.80924224853516
C00 899.999 86.95433044433594
C00 919.999 79.65379333496094
C00 925.012 76.97036743164062
C00 949.965 63.697696685791016
C00 975.002 53.15531539916992
C00 999.976 31.575719833374023
C00 1025.028 15.510978698730469
C00 1050.014 6.405198097229004
C00 1075.002 0.9167800286742465
C00 1099.99 0.09096207221655493
C01 319.994 47.624237060546875
C01 324.969 48.69532012939453
C01 349.982 55.79541015625
C01 374.975 69.10416412353516
C01 400.019 81.24164581298828
C01 424.965 83.36624908447266
C01 450.035 83.43966674804688
C01 475.003 83.46986389160156
C01 500.018 83.8386001586914
C01 525.002 84.59008026123047
C01 550.029 85.65434265136719
C01 575.023 87.38034057617188
C01 599.982 89.38727569580078
C01 619.997 90.39553833007812
C01 624.979 90.79340362548828
C01 650.012 92.33609008789062
C01 675.004 93.76686096191406
C01 700.03 94.6017837524414
C01 725.012 95.56880187988281
C01 750.022 96.81376647949219
C01 774.987 97.89502716064453
C01 799.976 98.0230712890625
C01 824.988 97.40339660644531
C01 850.022 96.59178161621094
C01 869.967 94.32066345214844
C01 875.002 93.64244842529297
C01 899.999 87.77279663085938
C01 919.999 80.35301971435547
C01 925.012 77.60662841796875
C01 949.965 64.18087005615234
C01 975.002 53.50766372680664
C01 999.976 31.80971336364746
C01 1025.028 15.650361061096191
C01 1050.014 6.4837517738342285
C01 1075.002 0.9223302966664142
C01 1099.99 0.09151276470781139
C02 319.994 47.304805755615234
C02 324.969 48.31758117675781
C02 349.982 55.2134895324707
C02 374.975 68.57547760009766
C02 400.019 80.91690063476562
C02 424.965 83.17267608642578
C02 450.035 83.27802276611328
C02 475.003 83.29182434082031
C02 500.018 83.623779296875
C02 525.002 84.33004760742188
C02 550.029 85.35112762451172
C02 575.023 87.04484558105469
C02 599.982 89.0238265991211
C02 619.997 90.02100372314453
C02 624.979 90.42053985595703
C02 650.012 91.95518493652344
C02 675.004 93.38452911376953
C02 700.03 94.24454498291016
C02 725.012 95.25752258300781
C02 750.022 96.57289123535156
C02 774.987 97.72021484375
C02 799.976 97.89060974121094
C02 824.988 97.28158569335938
C02 850.022 96.50431823730469
C02 869.967 94.28020477294922
C02 875.002 93.60365295410156
C02 899.999 87.70868682861328
C02 919.999 80.23960876464844
C02 925.012 77.48517608642578
C02 949.965 64.14356231689453
C02 975.002 53.48447036743164
C02 999.976 31.79218864440918
C02 1025.028 15.639461517333984
C02 1050.014 6.464280605316162
C02 1075.002 0.9200349180565799
C02 1099.99 0.09128501935086462
C03 319.994 46.67876052856445
C03 324.969 47.63096618652344
C03 349.982 54.288211822509766
C03 374.975 67.56509399414062
C03 400.019 79.98493957519531
C03 424.965 82.3376235961914
C03 450.035 82.47209930419922
C03 475.003 82.46416473388672
C03 500.018 82.7582015991211
C03 525.002 83.41814422607422
C03 550.029 84.40283966064453
C03 575.023 86.05647277832031
C03 599.982 87.99848175048828
C03 619.997 88.97818756103516
C03 624.979 89.37525177001953
C03 650.012 90.89324188232422
C03 675.004 92.3178939819336
C03 700.03 93.19536590576172
C03 725.012 94.24899291992188
C03 750.022 95.6239013671875
C03 774.987 96.83039093017578
C03 799.976 97.04334259033203
C03 824.988 96.44860076904297
C03 850.022 95.70960998535156
C03 869.967 93.52611541748047
C03 875.002 92.8572769165039
C03 899.999 86.96053314208984
C03 919.999 79.50636291503906
C03 925.012 76.76921081542969
C03 949.965 63.623382568359375
C03 975.002 53.056365966796875
C03 999.976 31.53076934814453
C03 1025.028 15.50156307220459
C03 1050.014 6.3935933113098145
C03 1075.002 0.9109934389085913
C03 1099.99 0.09038793209603739
C04 319.994 46.96693801879883
C04 324.969 47.886940002441406
C04 349.982 54.49674987792969
C04 374.975 67.99755096435547
C04 400.019 80.73377227783203
C04 424.965 83.21199798583984
C04 450.035 83.35667419433594
C04 475.003 83.32186126708984
C04 500.018 83.58080291748047
C04 525.002 84.21109008789062
C04 550.029 85.17172241210938
C04 575.023 86.82079315185547
C04 599.982 88.77425384521484
C04 619.997 89.76342010498047
C04 624.979 90.15994262695312
C04 650.012 91.69889068603516
C04 675.004 93.14642333984375
C04 700.03 94.05345153808594
C04 725.012 95.1676025390625
C04 750.022 96.61705780029297
C04 774.987 97.9005355834961
C04 799.976 98.14311218261719
C04 824.988 97.54537200927734
C04 850.022 96.8180160522461
C04 869.967 94.61964416503906
C04 875.002 93.93281555175781
C04 899.999 87.91380310058594
C04 919.999 80.31169891357422
C04 925.012 77.53517150878906
C04 949.965 64.34587860107422
C04 975.002 53.661861419677734
C04 999.976 31.806407928466797
C04 1025.028 15.654353141784668
C04 1050.014 6.442349910736084
C04 1075.002 0.920454552866907
C04 1099.99 0.09132665513123471
C05 319.994 46.922489166259766
C05 324.969 47.81290817260742
C05 349.982 54.33666229248047
C05 374.975 67.96656799316406
C05 400.019 80.92068481445312
C05 424.965 83.4932861328125
C05 450.035 83.64205932617188
C05 475.003 83.58055114746094
C05 500.018 83.80784606933594
C05 525.002 84.41262817382812
C05 550.029 85.36732482910156
C05 575.023 87.0070571899414
C05 599.982 88.96070098876953
C05 619.997 89.9489517211914
C05 624.979 90.34626770019531
C05 650.012 91.88467407226562
C05 675.004 93.33916473388672
C05 700.03 94.2613296508789
C05 725.012 95.40967559814453
C05 750.022 96.90835571289062
C05 774.987 98.23945617675781
C05 799.976 98.5023193359375
C05 824.988 97.92070007324219
C05 850.022 97.21674346923828
C05 869.967 95.0179214477539
C05 875.002 94.32466888427734
C05 899.999 88.27680969238281
C05 919.999 80.61827087402344
C05 925.012 77.83787536621094
C05 949.965 64.70445251464844
C05 975.002 53.953826904296875
C05 999.976 31.887807846069336
C05 1025.028 15.773943901062012
C05 1050.014 6.46934175491333
C05 1075.002 0.9232293273619513
C05 1099.99 0.09160196570750005
C06 319.994 46.93044662475586
C06 324.969 47.776283264160156
C06 349.982 54.16748046875
C06 374.975 67.86454010009766
C06 400.019 81.03695678710938
C06 424.965 83.7393569946289
C06 450.035 83.92788696289062
C06 475.003 83.86204528808594
C06 500.018 84.068603515625
C06 525.002 84.64075469970703
C06 550.029 85.57123565673828
C06 575.023 87.1803207397461
C06 599.982 89.13667297363281
C06 619.997 90.12091827392578
C06 624.979 90.5137710571289
C06 650.012 92.05731964111328
C06 675.004 93.5267333984375
C06 700.03 94.465576171875
C06 725.012 95.61888122558594
C06 750.022 97.14398193359375
C06 774.987 98.48526763916016
C06 799.976 98.75984954833984
C06 824.988 98.21163177490234
C06 850.022 97.52427673339844
C06 869.967 95.36358642578125
C06 875.002 94.68207550048828
C06 899.999 88.6651382446289
C06 919.999 80.96050262451172
C06 925.012 78.17357635498047
C06 949.965 64.92079162597656
C06 975.002 54.05558776855469
C06 999.976 31.951778411865234
C06 1025.028 15.90888500213623
C06 1050.014 6.514114856719971
C06 1075.002 0.9254739809888455
C06 1099.99 0.09182467817823958
C07 319.994 46.66822814941406
C07 324.969 47.480342864990234
C07 349.982 53.69529724121094
C07 374.975 67.36621856689453
C07 400.019 80.65377044677734
C07 424.965 83.45453643798828
C07 450.035 83.6732406616211
C07 475.003 83.61215209960938
C07 500.018 83.79193115234375
C07 525.002 84.33219146728516
C07 550.029 85.22360229492188
C07 575.023 86.81683349609375
C07 599.982 88.73111724853516
C07 619.997 89.70162200927734
C07 624.979 90.0969467163086
C07 650.012 91.63166046142578
C07 675.004 93.09477996826172
C07 700.03 94.02220153808594
C07 725.012 95.14403533935547
C07 750.022 96.61474609375
C07 774.987 97.90153503417969
C07 799.976 98.18455505371094
C07 824.988 97.64714050292969
C07 850.022 96.97959899902344
C07 869.967 94.91280364990234
C07 875.002 94.27432250976562
C07 899.999 88.3967056274414
C07 919.999 80.6664047241211
C07 925.012 77.88379669189453
C07 949.965 64.34175109863281
C07 975.002 53.49481201171875
C07 999.976 31.762563705444336
C07 1025.028 15.88684368133545
C07 1050.014 6.55482816696167
C07 1075.002 0.9204324353568341
C07 1099.99 0.0913244606522042
C10 319.994 48.121707916259766
C10 324.969 49.25339126586914
C10 349.982 56.564151763916016
C10 374.975 69.8176040649414
C10 400.019 81.76634979248047
C10 424.965 83.78516387939453
C10 450.035 83.87083435058594
C10 475.003 83.95699310302734
C10 500.018 84.3751220703125
C10 525.002 85.17069244384766
C10 550.029 86.26066589355469
C10 575.023 87.99877166748047
C10 599.982 90.02110290527344
C10 619.997 91.04080200195312
C10 624.979 91.44463348388672
C10 650.012 92.99787139892578
C10 675.004 94.42851257324219
C10 700.03 95.25039672851562
C10 725.012 96.16619110107422
C10 750.022 97.35777282714844
C10 774.987 98.37982177734375
C10 799.976 98.46955108642578
C10 824.988 97.8692626953125
C10 850.022 97.1163330078125
C10 869.967 94.82405090332031
C10 875.002 94.13813781738281
C10 899.999 88.1727523803711
C10 919.999 80.47471618652344
C10 925.012 77.7100601196289
C10 949.965 64.02672576904297
C10 975.002 53.521759033203125
C10 999.976 31.9562931060791
C10 1025.028 15.718811988830566
C10 1050.014 6.538872718811035
C10 1075.002 0.9275134960996805
C10 1099.99 0.0920270369938726
C11 319.994 48.01592254638672
C11 324.969 49.11262512207031
C11 349.982 56.334434509277344
C11 374.975 69.70398712158203
C11 400.019 81.80313110351562
C11 424.965 83.8779525756836
C11 450.035 83.9422607421875
C11 475.003 83.97799682617188
C11 500.018 84.35482788085938
C11 525.002 85.12399291992188
C11 550.029 86.20098114013672
C11 575.023 87.93134307861328
C11 599.982 89.94538879394531
C11 619.997 90.95498657226562
C11 624.979 91.35433197021484
C11 650.012 92.90174102783203
C11 675.004 94.33541870117188
C11 700.03 95.17090606689453
C11 725.012 96.12811279296875
C11 750.022 97.37129974365234
C11 774.987 98.4510726928711
C11 799.976 98.56997680664062
C11 824.988 97.97622680664062
C11 850.022 97.23167419433594
C11 869.967 94.9671630859375
C11 875.002 94.29780578613281
C11 899.999 88.33468627929688
C11 919.999 80.54197692871094
C11 925.012 77.73796081542969
C11 949.965 64.03277587890625
C11 975.002 53.462242126464844
C11 999.976 31.845468521118164
C11 1025.028 15.683541297912598
C11 1050.014 6.510019302368164
C11 1075.002 0.9276419022132342
C11 1099.99 0.09203977733049513
C12 319.994 47.74005889892578
C12 324.969 48.775482177734375
C12 349.982 55.80274963378906
C12 374.975 69.26412200927734
C12 400.019 81.59626770019531
C12 424.965 83.81484985351562
C12 450.035 83.92505645751953
C12 475.003 83.9586410522461
C12 500.018 84.30225372314453
C12 525.002 85.01631927490234
C12 550.029 86.0382308959961
C12 575.023 87.72136688232422
C12 599.982 89.69602966308594
C12 619.997 90.68938446044922
C12 624.979 91.0875244140625
C12 650.012 92.62577056884766
C12 675.004 94.0584487915039
C12 700.03 94.91331481933594
C12 725.012 95.92686462402344
C12 750.022 97.23696899414062
C12 774.987 98.38646697998047
C12 799.976 98.54503631591797
C12 824.988 97.95935821533203
C12 850.022 97.23152160644531
C12 869.967 94.96819305419922
C12 875.002 94.29830169677734
C12 899.999 88.27491760253906
C12 919.999 80.4570541381836
C12 925.012 77.6506576538086
C12 949.965 64.00768280029297
C12 975.002 53.434104919433594
C12 999.976 31.797758102416992
C12 1025.028 15.646573066711426
C12 1050.014 6.469284534454346
C12 1075.002 0.9263615631742085
C12 1099.99 0.0919127432672663
C13 319.994 47.54969787597656
C13 324.969 48.54179000854492
C13 349.982 55.419227600097656
C13 374.975 68.97516632080078
C13 400.019 81.52023315429688
C13 424.965 83.85604095458984
C13 450.035 83.99150848388672
C13 475.003 84.00890350341797
C13 500.018 84.3174057006836
C13 525.002 84.99974060058594
C13 550.029 85.99288177490234
C13 575.023 87.65239715576172
C13 599.982 89.60200500488281
C13 619.997 90.58039093017578
C13 624.979 90.97412109375
C13 650.012 92.5074691772461
C13 675.004 93.9433822631836
C13 700.03 94.8174819946289
C13 725.012 95.8765640258789
C13 750.022 97.26048278808594
C13 774.987 98.48338317871094
C13 799.976 98.68171691894531
C13 824.988 98.09796905517578
C13 850.022 97.3876724243164
C13 869.967 95.11875915527344
C13 875.002 94.43669128417969
C13 899.999 88.35546875
C13 919.999 80.48048400878906
C13 925.012 77.66667175292969
C13 949.965 64.06784057617188
C13 975.002 53.51311492919922
C13 999.976 31.81505584716797
C13 1025.028 15.593768119812012
C13 1050.014 6.417468070983887
C13 1075.002 0.9265849588893379
C13 1099.99 0.09193490838489203
C14 319.994 47.35076141357422
C14 324.969 48.29734802246094
C14 349.982 55.02356719970703
C14 374.975 68.6475601196289
C14 400.019 81.37791442871094
C14 424.965 83.82658386230469
C14 450.035 83.98774719238281
C14 475.003 83.99513244628906
C14 500.018 84.26885223388672
C14 525.002 84.90727233886719
C14 550.029 85.86223602294922
C14 575.023 87.4903793334961
C14 599.982 89.41553497314453
C14 619.997 90.38388061523438
C14 624.979 90.77802276611328
C14 650.012 92.30404663085938
C14 675.004 93.74520874023438
C14 700.03 94.6398696899414
C14 725.012 95.7498550415039
C14 750.022 97.19233703613281
C14 774.987 98.47761535644531
C14 799.976 98.71726989746094
C14 824.988 98.1412353515625
C14 850.022 97.45354461669922
C14 869.967 95.19481658935547
C14 875.002 94.50595092773438
C14 899.999 88.36708068847656
C14 919.999 80.53006744384766
C14 925.012 77.7271499633789
C14 949.965 64.17607879638672
C14 975.002 53.586185455322266
C14 999.976 31.89640998840332
C14 1025.028 15.634204864501953
C14 1050.014 6.383216381072998
C14 1075.002 0.9259352273729436
C14 1099.99 0.09187044262073146
C15 319.994 47.20559310913086
C15 324.969 48.10840606689453
C15 349.982 54.66863250732422
C15 374.975 68.34165954589844
C15 400.019 81.26797485351562
C15 424.965 83.838134765625
C15 450.035 84.02960968017578
C15 475.003 84.01988983154297
C15 500.018 84.26074981689453
C15 525.002 84.86784362792969
C15 550.029 85.79903411865234
C15 575.023 87.40469360351562
C15 599.982 89.30779266357422
C15 619.997 90.2667465209961
C15 624.979 90.65963745117188
C15 650.012 92.18024444580078
C15 675.004 93.62238311767578
C15 700.03 94.53274536132812
C15 725.012 95.67540740966797
C15 750.022 97.16368103027344
C15 774.987 98.49609375
C15 799.976 98.76668548583984
C15 824.988 98.20445251464844
C15 850.022 97.52830505371094
C15 869.967 95.27084350585938
C15 875.002 94.57303619384766
C15 899.999 88.38188171386719
C15 919.999 80.68814849853516
C15 925.012 77.90030670166016
C15 949.965 64.31485748291016
C15 975.002 53.647071838378906
C15 999.976 32.021331787109375
C15 1025.028 15.730585098266602
C15 1050.014 6.349045753479004
C15 1075.002 0.9256618318568272
C15 1099.99 0.09184331656878568
C16 319.994 47.21495819091797
C16 324.969 48.07719802856445
C16 349.982 54.50160598754883
C16 374.975 68.26588439941406
C16 400.019 81.40882110595703
C16 424.965 84.11225128173828
C16 450.035 84.35826110839844
C16 475.003 84.36132049560547
C16 500.018 84.57308959960938
C16 525.002 85.14370727539062
C16 550.029 86.0379867553711
C16 575.023 87.59806060791016
C16 599.982 89.4703598022461
C16 619.997 90.40926361083984
C16 624.979 90.79839324951172
C16 650.012 92.3053207397461
C16 675.004 93.74430084228516
C16 700.03 94.66346740722656
C16 725.012 95.80419921875
C16 750.022 97.3116226196289
C16 774.987 98.65103912353516
C16 799.976 98.93003845214844
C16 824.988 98.38090515136719
C16 850.022 97.720458984375
C16 869.967 95.41754913330078
C16 875.002 94.69773864746094
C16 899.999 88.51150512695312
C16 919.999 80.98927307128906
C16 925.012 78.21683502197266
C16 949.965 64.58892822265625
C16 975.002 53.82086181640625
C16 999.976 32.15595245361328
C16 1025.028 15.820526123046875
C16 1050.014 6.339149475097656
C16 1075.002 0.9270711597877022
C16 1099.99 0.09198314879136414
C17 319.994 47.20069122314453
C17 324.969 48.01817321777344
C17 349.982 54.29948425292969
C17 374.975 68.10418701171875
C17 400.019 81.41543579101562
C17 424.965 84.2225341796875
C17 450.035 84.51605224609375
C17 475.003 84.53189086914062
C17 500.018 84.72746276855469
C17 525.002 85.27349090576172
C17 550.029 86.14756774902344
C17 575.023 87.67533111572266
C17 599.982 89.50824737548828
C17 619.997 90.42396545410156
C17 624.979 90.80879211425781
C17 650.012 92.30499267578125
C17 675.004 93.74205780029297
C17 700.03 94.6500015258789
C17 725.012 95.76358032226562
C17 750.022 97.22586059570312
C17 774.987 98.52168273925781
C17 799.976 98.79875946044922
C17 824.988 98.26750183105469
C17 850.022 97.59537506103516
C17 869.967 95.32987976074219
C17 875.002 94.62089538574219
C17 899.999 88.59078216552734
C17 919.999 81.0854263305664
C17 925.012 78.27886962890625
C17 949.965 64.51545715332031
C17 975.002 53.75541305541992
C17 999.976 32.13179016113281
C17 1025.028 15.889045715332031
C17 1050.014 6.416927337646484
C17 1075.002 0.9262544815417473
C17 1099.99 0.09190211872606738
