ts8/qe_curve/rtm-025_s20/19700101T000000.ecsv
# %ECSV 0.9
# ---
# datatype:
# - {name: amp_name, datatype: string}
# - {name: wavelength, unit: nm, datatype: float32}
# - {name: efficiency, unit: '%', datatype: float32}
# meta: !!omap
# - {MODE: AMP}
# - {TYPE: QE}
# - {CALIBDATE: '1970-01-01T00:00:00'}
# - {INSTRUME: TS8}
# - {OBSTYPE: qe_curve}
# - {DETECTOR: 186}
# - {PICKLEFILE: RaftRun10722.p}
# - {CALIB_ID: 'raftName=RTM-025 detectorName=S20 detector=186 calibDate=1970-01-01T00:00:00 ccd=186 ccdnum=186 filter=None'}
# - {DATE: '2020-01-13T16:41:36.599463'}
# - {CALIB_CREATION_DATE: '2020-01-13'}
# - {CALIB_CREATION_TIME: '16:41:36'}
# - __serialized_columns__:
#     efficiency:
#       __class__: astropy.units.quantity.Quantity
#       unit: !astropy.units.Unit {unit: '%'}
#       value: !astropy.table.SerializedColumn {name: efficiency}
#     wavelength:
#       __class__: astropy.units.quantity.Quantity
#       unit: !astropy.units.Unit {unit: nm}
#       value: !astropy.table.SerializedColumn {name: wavelength}
# schema: astropy-2.0
amp_name wavelength efficiency
C13 349.982 68.32897
C13 450.035 87.0118
C13 500.018 91.53162
C13 619.997 97.79973
C13 750.022 97.87988
C13 869.967 90.31893
C13 999.976 26.622005
C16 349.982 66.05697
C16 450.035 86.55434
C16 500.018 91.368965
C16 619.997 97.7776
C16 750.022 97.87206
C16 869.967 90.25578
C16 999.976 26.622238
C02 349.982 63.103428
C02 450.035 85.65078
C02 500.018 90.74293
C02 619.997 97.276306
C02 750.022 97.840904
C02 869.967 90.702866
C02 999.976 26.656513
C12 349.982 68.799484
C12 450.035 87.09742
C12 500.018 91.55711
C12 619.997 97.78205
C12 750.022 97.783035
C12 869.967 90.160126
C12 999.976 26.684551
C00 349.982 60.989807
C00 450.035 85.13908
C00 500.018 90.473236
C00 619.997 97.15896
C00 750.022 97.48917
C00 869.967 90.38179
C00 999.976 26.828426
C06 349.982 66.8501
C06 450.035 86.765305
C06 500.018 91.48576
C06 619.997 97.82619
C06 750.022 98.314575
C06 869.967 90.97917
C06 999.976 26.700602
C04 349.982 65.17944
C04 450.035 86.21369
C04 500.018 91.07989
C04 619.997 97.49443
C04 750.022 98.05181
C04 869.967 90.825005
C04 999.976 26.679302
C15 349.982 66.72338
C15 450.035 86.73844
C15 500.018 91.465126
C15 619.997 97.83289
C15 750.022 97.973236
C15 869.967 90.37003
C15 999.976 26.507498
C03 349.982 64.47335
C03 450.035 86.10279
C03 500.018 91.05582
C03 619.997 97.53761
C03 750.022 98.12925
C03 869.967 90.940735
C03 999.976 26.779806
C05 349.982 65.89996
C05 450.035 86.5197
C05 500.018 91.31867
C05 619.997 97.71306
C05 750.022 98.24208
C05 869.967 90.96626
C05 999.976 26.70876
C14 349.982 67.59153
C14 450.035 86.76244
C14 500.018 91.3634
C14 619.997 97.64562
C14 750.022 97.75577
C14 869.967 90.20691
C14 999.976 26.495462
C17 349.982 64.8871
C17 450.035 86.02146
C17 500.018 90.94457
C17 619.997 97.37481
C17 750.022 97.28149
C17 869.967 89.72892
C17 999.976 26.617517
C10 349.982 70.09805
C10 450.035 87.347534
C10 500.018 91.66612
C10 619.997 97.82282
C10 750.022 97.7021
C10 869.967 89.99948
C10 999.976 26.65202
C11 349.982 69.77543
C11 450.035 87.435974
C11 500.018 91.81495
C11 619.997 97.99495
C11 750.022 97.92688
C11 869.967 90.2746
C11 999.976 26.715738
C01 349.982 62.129627
C01 450.035 85.44164
C01 500.018 90.65198
C01 619.997 97.26646
C01 750.022 97.76466
C01 869.967 90.67012
C01 999.976 26.853136
C07 349.982 67.29547
C07 450.035 86.7998
C07 500.018 91.46023
C07 619.997 97.77826
C07 750.022 98.22717
C07 869.967 90.88819
C07 999.976 26.71971
