lsstCam/transmission_sensor/r21_s21/19700101T000000.ecsv
# %ECSV 1.0
# ---
# datatype:
# - {name: amp_name, datatype: string}
# - {name: wavelength, unit: nm, datatype: float32}
# - {name: efficiency, unit: '%', datatype: float64}
# meta: !!omap
# - {MODE: AMP}
# - {TYPE: transmission_sensor}
# - {CALIBDATE: '1970-01-01T00:00:00'}
# - {INSTRUME: LSSTCAM}
# - {OBSTYPE: transmission_sensor}
# - {DETECTOR: 88}
# - {PARQUETFILE: qe_raft_allvalues_nircorrected_20230725.parquet}
# - {CALIBCLS: lsst.ip.isr.IntermediateSensorTransmissionCurve}
# - {CALIB_ID: 'raftName=R21 detectorName=S21 detector=88 calibDate=1970-01-01T00:00:00 ccd=88 ccdnum=88 filter=None'}
# - {DATE: '2024-01-18T22:42:25.285496'}
# - {CALIB_CREATION_DATE: '2024-01-18'}
# - {CALIB_CREATION_TIME: '22:42:25'}
# - __serialized_columns__:
#     efficiency:
#       __class__: astropy.units.quantity.Quantity
#       unit: !astropy.units.Unit {unit: '%'}
#       value: !astropy.table.SerializedColumn {name: efficiency}
#     wavelength:
#       __class__: astropy.units.quantity.Quantity
#       unit: !astropy.units.Unit {unit: nm}
#       value: !astropy.table.SerializedColumn {name: wavelength}
# schema: astropy-2.0
amp_name wavelength efficiency
C00 319.992 38.990134369168
C00 330.006 48.485063294106126
C00 349.994 64.32678938771153
C00 370.001 68.92425784353013
C00 400.009 80.18962081361387
C00 429.983 84.23766267746744
C00 449.989 86.56776927450117
C00 469.993 88.57643366200183
C00 500.016 91.647203998295
C00 549.99 95.42430227175991
C00 569.998 96.56566927196003
C00 599.983 97.77977401148647
C00 630.013 98.49895416721189
C00 649.987 98.82942678754492
C00 670.017 98.85920303007028
C00 699.987 98.44420560293756
C00 720.012 98.23100768773853
C00 749.995 98.28056752450247
C00 770.007 98.29068082101001
C00 800.008 97.46898534491977
C00 830.013 95.67645870747462
C00 869.994 90.88529685258337
C00 900.005 82.35927310215526
C00 919.989 73.91615844845613
C00 959.989 52.66740102773689
C00 1000.013 26.181090550219924
C00 1030.002 9.548649315836563
C00 1049.996 4.0452624784419635
C00 1080.005 0.5956452831368891
C00 1100.007 0.11450481600803733
C01 319.992 39.66775271489137
C01 330.006 49.342338376064816
C01 349.994 65.52467069457525
C01 370.001 70.20710697526775
C01 400.009 81.09054744493986
C01 429.983 84.9254977596098
C01 449.989 87.18299051709457
C01 469.993 89.14525551960915
C01 500.016 92.17974676491704
C01 549.99 95.93547947526453
C01 569.998 97.06686845769889
C01 599.983 98.28365307296045
C01 630.013 99.008024206744
C01 649.987 99.33680956593058
C01 670.017 99.36363073938696
C01 699.987 98.94828835201629
C01 720.012 98.73264582666145
C01 749.995 98.7813793041027
C01 770.007 98.79745255425917
C01 800.008 97.95908536789857
C01 830.013 96.16135983462223
C01 869.994 91.26373586859707
C01 900.005 82.83914231457213
C01 919.989 74.28180433624034
C01 959.989 52.69063668526438
C01 1000.013 26.189452105099246
C01 1030.002 9.540162417891171
C01 1049.996 4.056110932977453
C01 1080.005 0.5986805385621072
C01 1100.007 0.115088303150203
C02 319.992 39.92865728122387
C02 330.006 49.67250201343647
C02 349.994 66.00349993383067
C02 370.001 70.7278282992166
C02 400.009 81.38884559694917
C02 429.983 85.08091817504334
C02 449.989 87.29047465417197
C02 469.993 89.21794806872428
C02 500.016 92.21427223136462
C02 549.99 95.94254454463353
C02 569.998 97.07264797212612
C02 599.983 98.28029352208964
C02 630.013 99.00019424586746
C02 649.987 99.32930152354879
C02 670.017 99.35507930058372
C02 699.987 98.93737088841469
C02 720.012 98.71873940440999
C02 749.995 98.77168656929524
C02 770.007 98.78088740454726
C02 800.008 97.93850820648868
C02 830.013 96.15024005818837
C02 869.994 91.18387685815235
C02 900.005 82.84007116302845
C02 919.989 74.29145892517678
C02 959.989 52.45692842029675
C02 1000.013 26.298157841353984
C02 1030.002 9.460798901232515
C02 1049.996 4.015825279391773
C02 1080.005 0.5986217901667663
C02 1100.007 0.11507700955921903
C03 319.992 40.48606087573003
C03 330.006 50.368300430577996
C03 349.994 66.921668536693
C03 370.001 71.62162711453796
C03 400.009 81.74865851559538
C03 429.983 85.21010520825402
C03 449.989 87.33185359469373
C03 469.993 89.20216583363089
C03 500.016 92.14432354504487
C03 549.99 95.8150989243654
C03 569.998 96.93451223298231
C03 599.983 98.12420832946744
C03 630.013 98.8322101732855
C03 649.987 99.14597504788192
C03 670.017 99.16878501961858
C03 699.987 98.74441675215019
C03 720.012 98.52331717443846
C03 749.995 98.56592716716216
C03 770.007 98.57654533196036
C03 800.008 97.73447714175715
C03 830.013 95.93631968595861
C03 869.994 91.00513962029558
C03 900.005 82.65857724523393
C03 919.989 74.13939726523792
C03 959.989 52.34950818818888
C03 1000.013 26.308117333185145
C03 1030.002 9.467519145553657
C03 1049.996 3.9906821157399563
C03 1080.005 0.5973747487010639
C03 1100.007 0.11483728256460128
C04 319.992 40.89978607075206
C04 330.006 50.8900915758542
C04 349.994 67.65687028178752
C04 370.001 72.38594486168793
C04 400.009 82.1522550354164
C04 429.983 85.42528193859658
C04 449.989 87.48639080855699
C04 469.993 89.3118128359199
C04 500.016 92.21536018678594
C04 549.99 95.85086631438563
C04 569.998 96.96218824328443
C04 599.983 98.14312589154638
C04 630.013 98.8459470811638
C04 649.987 99.16076895588111
C04 670.017 99.18444096621897
C04 699.987 98.75220948334237
C04 720.012 98.53104465975976
C04 749.995 98.57155694102417
C04 770.007 98.57816482983722
C04 800.008 97.74392252299079
C04 830.013 95.92590359495972
C04 869.994 91.09627530583707
C04 900.005 82.67247158991134
C04 919.989 74.00420287308964
C04 959.989 52.580818414142456
C04 1000.013 26.353330848780942
C04 1030.002 9.612838835700058
C04 1049.996 4.001729919253211
C04 1080.005 0.5974088644872332
C04 1100.007 0.11484384086688096
C05 319.992 41.27507016773047
C05 330.006 51.36579330304471
C05 349.994 68.30352424404026
C05 370.001 73.06329382885988
C05 400.009 82.59495257781244
C05 429.983 85.74631464094476
C05 449.989 87.76169205288174
C05 469.993 89.55698484062214
C05 500.016 92.43359795784117
C05 549.99 96.05560089740578
C05 569.998 97.15878335094777
C05 599.983 98.33950273641194
C05 630.013 99.03788838237678
C05 649.987 99.34721356751675
C05 670.017 99.36699160029531
C05 699.987 98.93678261360901
C05 720.012 98.7135979186187
C05 749.995 98.75286945338534
C05 770.007 98.7572350236504
C05 800.008 97.91716520335714
C05 830.013 96.10152337422916
C05 869.994 91.27003685612536
C05 900.005 82.83059844406054
C05 919.989 74.18721046758984
C05 959.989 52.61440957865455
C05 1000.013 26.27649916826829
C05 1030.002 9.61518967825728
C05 1049.996 4.050754433247026
C05 1080.005 0.5985077357860424
C05 1100.007 0.11505508413439082
C06 319.992 41.613800693635085
C06 330.006 51.80224759147304
C06 349.994 68.9406536658007
C06 370.001 73.74100417216405
C06 400.009 82.89953642052173
C06 429.983 85.87230687117462
C06 449.989 87.82603162724881
C06 469.993 89.58338739480294
C06 500.016 92.41864808089771
C06 549.99 96.00748678421641
C06 569.998 97.0988581082274
C06 599.983 98.27251069011784
C06 630.013 98.96794737176833
C06 649.987 99.27783312689495
C06 670.017 99.3010681987423
C06 699.987 98.86512004637109
C06 720.012 98.64066357789119
C06 749.995 98.67994352866516
C06 770.007 98.68552982717861
C06 800.008 97.84380684935338
C06 830.013 96.02803077671356
C06 869.994 91.21081687370999
C06 900.005 82.77740843617667
C06 919.989 74.09259398866078
C06 959.989 52.52261011310563
C06 1000.013 26.286462341981828
C06 1030.002 9.63674500692878
C06 1049.996 4.065016647749762
C06 1080.005 0.5980657574879774
C06 1100.007 0.11497011973505408
C07 319.992 41.93075943995911
C07 330.006 52.20384461819288
C07 349.994 69.50759577737311
C07 370.001 74.31925657636097
C07 400.009 83.26035594444019
C07 429.983 86.12604622341253
C07 449.989 88.04710412512391
C07 469.993 89.78072615133195
C07 500.016 92.60455151250777
C07 549.99 96.17511260482264
C07 569.998 97.27354145049293
C07 599.983 98.44406206112254
C07 630.013 99.14021417246182
C07 649.987 99.4481431086775
C07 670.017 99.46668438104356
C07 699.987 99.03274016632845
C07 720.012 98.80843315802093
C07 749.995 98.84599497600064
C07 770.007 98.84835877085524
C07 800.008 98.00375946832793
C07 830.013 96.18017375399886
C07 869.994 91.34935334611869
C07 900.005 82.93115204678399
C07 919.989 74.20141725927226
C07 959.989 52.58335422868993
C07 1000.013 26.410541778103852
C07 1030.002 9.693312725649752
C07 1049.996 4.094947107732119
C07 1080.005 0.5990721355903968
C07 1100.007 0.11516358242621348
C10 319.992 36.510115752689615
C10 330.006 45.36521745530257
C10 349.994 60.067993310547685
C10 370.001 64.5657725881536
C10 400.009 77.64492268538976
C10 429.983 82.60641577425396
C10 449.989 85.25705134288643
C10 469.993 87.46910765081056
C10 500.016 90.73633424400472
C10 549.99 94.67028331496002
C10 569.998 95.84668851549897
C10 599.983 97.09678267636458
C10 630.013 97.84194230329061
C10 649.987 98.18545892795282
C10 670.017 98.23072204020954
C10 699.987 97.8316434517041
C10 720.012 97.62239002843461
C10 749.995 97.68234452813277
C10 770.007 97.70163859561622
C10 800.008 96.89673139180076
C10 830.013 95.14182016584677
C10 869.994 90.41702420011151
C10 900.005 82.19662482866075
C10 919.989 73.63844393391273
C10 959.989 52.278874023503136
C10 1000.013 26.102064467810276
C10 1030.002 9.499069491118082
C10 1049.996 4.051049440525479
C10 1080.005 0.5920196684985838
C10 1100.007 0.11380784022592612
C11 319.992 37.22814712503888
C11 330.006 46.26678867963519
C11 349.994 61.3011458609697
C11 370.001 65.82641154280552
C11 400.009 78.36152125053013
C11 429.983 83.04299385107544
C11 449.989 85.5905049385243
C11 469.993 87.74052256280682
C11 500.016 90.94199585903576
C11 549.99 94.82482313329376
C11 569.998 95.98674821453136
C11 599.983 97.22521088300243
C11 630.013 97.96317645290918
C11 649.987 98.3055569609903
C11 670.017 98.34367452732057
C11 699.987 97.94513464960596
C11 720.012 97.72999507082582
C11 749.995 97.78862667097405
C11 770.007 97.80679799108721
C11 800.008 96.9979540072325
C11 830.013 95.2409083544584
C11 869.994 90.45651193868059
C11 900.005 82.2303550775627
C11 919.989 73.77401516403665
C11 959.989 52.218863469542704
C11 1000.013 26.020199654087573
C11 1030.002 9.4752776717656
C11 1049.996 4.040375872730559
C11 1080.005 0.5926638070448105
C11 1100.007 0.11393166722129985
C12 319.992 37.73891115578096
C12 330.006 46.91563080474737
C12 349.994 62.17604086661811
C12 370.001 66.73286575027691
C12 400.009 78.87111703368575
C12 429.983 83.3267463524431
C12 449.989 85.79401930463533
C12 469.993 87.88569479852136
C12 500.016 91.0405357095049
C12 549.99 94.87589436289649
C12 569.998 96.02992279060267
C12 599.983 97.25757430130011
C12 630.013 97.98657439862045
C12 649.987 98.32056538448613
C12 670.017 98.3563830218715
C12 699.987 97.95186543017489
C12 720.012 97.73425930013936
C12 749.995 97.78900301329224
C12 770.007 97.81029919125909
C12 800.008 96.99011766719181
C12 830.013 95.2375136521952
C12 869.994 90.39342456047602
C12 900.005 82.18348277446863
C12 919.989 73.71954700303456
C12 959.989 52.12353397140787
C12 1000.013 25.999246061477173
C12 1030.002 9.435585141158075
C12 1049.996 4.018797258657377
C12 1080.005 0.5926660889154287
C12 1100.007 0.11393210588031837
C13 319.992 38.530567589263434
C13 330.006 47.90622217006612
C13 349.994 63.53017102801172
C13 370.001 68.10921734246294
C13 400.009 79.71147585296426
C13 429.983 83.89583375759382
C13 449.989 86.27524944114094
C13 469.993 88.31075083346435
C13 500.016 91.40802118335917
C13 549.99 95.20390564175668
C13 569.998 96.3459484718263
C13 599.983 97.56482397763804
C13 630.013 98.29154447949236
C13 649.987 98.61894111775213
C13 670.017 98.64974254156834
C13 699.987 98.23937137157124
C13 720.012 98.02068735427983
C13 749.995 98.07526894969779
C13 770.007 98.09006359353991
C13 800.008 97.2576594443952
C13 830.013 95.50327476240314
C13 869.994 90.59495540758336
C13 900.005 82.38363810215863
C13 919.989 73.96254720326004
C13 959.989 52.04270441724934
C13 1000.013 26.050845802056763
C13 1030.002 9.431285344884042
C13 1049.996 4.022520265115775
C13 1080.005 0.5944010441906545
C13 1100.007 0.11426562776019576
C14 319.992 38.99039141044234
C14 330.006 48.48904049687764
C14 349.994 64.29294610037621
C14 370.001 68.85551687566085
C14 400.009 80.09796753949253
C14 429.983 84.10541583295117
C14 449.989 86.41619740046742
C14 469.993 88.40960266531376
C14 500.016 91.46638276403773
C14 549.99 95.21907991696024
C14 569.998 96.35126990056578
C14 599.983 97.55876301114674
C14 630.013 98.27321838710814
C14 649.987 98.59742827794801
C14 670.017 98.61796364947142
C14 699.987 98.20351716815465
C14 720.012 97.98369764418803
C14 749.995 98.03090663888328
C14 770.007 98.03957381925503
C14 800.008 97.20644861411947
C14 830.013 95.4360921353813
C14 869.994 90.50506751908007
C14 900.005 82.27379601487182
C14 919.989 73.89649504288612
C14 959.989 51.88723031328372
C14 1000.013 26.154474222512917
C14 1030.002 9.413105053835233
C14 1049.996 4.0025996065518195
C14 1080.005 0.5941321707408858
C14 1100.007 0.11421394044600586
C15 319.992 39.4145363681676
C15 330.006 49.024731389164515
C15 349.994 64.99398562375058
C15 370.001 69.55769238311574
C15 400.009 80.53432719684113
C15 429.983 84.40297498288153
C15 449.989 86.67099026398652
C15 469.993 88.63650650482842
C15 500.016 91.6612256894944
C15 549.99 95.39285623484888
C15 569.998 96.51824976851549
C15 599.983 97.71630222350801
C15 630.013 98.41970454362402
C15 649.987 98.73833431415785
C15 670.017 98.76552764493469
C15 699.987 98.33839253723977
C15 720.012 98.11383673558134
C15 749.995 98.15759575191744
C15 770.007 98.16629567217227
C15 800.008 97.32241561663663
C15 830.013 95.53712125854432
C15 869.994 90.62790964985926
C15 900.005 82.34055028079159
C15 919.989 73.91032499659289
C15 959.989 52.0486324888493
C15 1000.013 26.17292229416542
C15 1030.002 9.411569589873817
C15 1049.996 4.007711118802243
C15 1080.005 0.594899989069663
C15 1100.007 0.11436154322059884
C16 319.992 39.92282973352644
C16 330.006 49.668230892031694
C16 349.994 65.90817479531134
C16 370.001 70.49367824811146
C16 400.009 81.03112045220092
C16 429.983 84.68471010865801
C16 449.989 86.87620234374042
C16 469.993 88.78904530403308
C16 500.016 91.76994515082887
C16 549.99 95.4631106139681
C16 569.998 96.58035855301418
C16 599.983 97.77515941199876
C16 630.013 98.47630703966686
C16 649.987 98.79180996295867
C16 670.017 98.81146961830824
C16 699.987 98.3864477129249
C16 720.012 98.16346656726981
C16 749.995 98.20212703275237
C16 770.007 98.20975219853476
C16 800.008 97.3659216150461
C16 830.013 95.57318707028809
C16 869.994 90.6550976747661
C16 900.005 82.34712898432117
C16 919.989 73.94723250792916
C16 959.989 51.98683830028059
C16 1000.013 26.19168884864358
C16 1030.002 9.449552642795211
C16 1049.996 4.023335551319717
C16 1080.005 0.595169874919263
C16 1100.007 0.11441342515507649
C17 319.992 40.268707541432576
C17 330.006 50.1063891644351
C17 349.994 66.48525032211074
C17 370.001 71.06903241572805
C17 400.009 81.29513437427124
C17 429.983 84.8199267700297
C17 449.989 86.96304982831471
C17 469.993 88.84892809104205
C17 500.016 91.80993321862272
C17 549.99 95.47711880976124
C17 569.998 96.58970350104447
C17 599.983 97.7740191544139
C17 630.013 98.47014726613973
C17 649.987 98.78318337548737
C17 670.017 98.80869059209017
C17 699.987 98.37353622693001
C17 720.012 98.14440340259267
C17 749.995 98.1795772154824
C17 770.007 98.18828228382435
C17 800.008 97.34060242358198
C17 830.013 95.54213211746584
C17 869.994 90.63958158985633
C17 900.005 82.33129250196234
C17 919.989 73.91589466187317
C17 959.989 51.93110251151913
C17 1000.013 26.17923488150166
C17 1030.002 9.497879568695744
C17 1049.996 4.050549972757009
C17 1080.005 0.5950332075164587
C17 1100.007 0.1143871526800726
