lsstcam/transmission_sensor/r21_s21/19700101T000000.ecsv
# %ECSV 0.9
# ---
# datatype:
# - {name: amp_name, datatype: string}
# - {name: wavelength, unit: nm, datatype: float32}
# - {name: efficiency, unit: '%', datatype: float32}
# meta: !!omap
# - {MODE: AMP}
# - {TYPE: transmission_sensor}
# - {CALIBDATE: '1970-01-01T00:00:00'}
# - {INSTRUME: LSSTCAM}
# - {OBSTYPE: transmission_sensor}
# - {DETECTOR: 88}
# - {CALIBCLS: lsst.ip.isr.IntermediateSensorTransmissionCurve}
# - {PICKLEFILE: RaftRun10722.p}
# - {CALIB_ID: 'raftName=R21 detectorName=S21 detector=88 calibDate=1970-01-01T00:00:00 ccd=88 ccdnum=88 filter=None'}
# - {DATE: '2020-07-23T19:15:50.897153'}
# - {CALIB_CREATION_DATE: '2020-07-23'}
# - {CALIB_CREATION_TIME: '19:15:50'}
# - __serialized_columns__:
#     efficiency:
#       __class__: astropy.units.quantity.Quantity
#       unit: !astropy.units.Unit {unit: '%'}
#       value: !astropy.table.SerializedColumn {name: efficiency}
#     wavelength:
#       __class__: astropy.units.quantity.Quantity
#       unit: !astropy.units.Unit {unit: nm}
#       value: !astropy.table.SerializedColumn {name: wavelength}
# schema: astropy-2.0
amp_name wavelength efficiency
C07 349.982 70.83265
C07 450.035 86.90687
C07 500.018 91.36066
C07 619.997 97.65139
C07 750.022 97.62672
C07 869.967 90.018845
C07 999.976 26.611233
C12 349.982 64.05997
C12 450.035 85.645454
C12 500.018 90.837944
C12 619.997 97.59499
C12 750.022 98.16479
C12 869.967 90.9083
C12 999.976 26.763004
C13 349.982 65.41195
C13 450.035 86.09047
C13 500.018 91.174934
C13 619.997 97.864685
C13 750.022 98.42105
C13 869.967 91.088036
C13 999.976 26.789927
C15 349.982 66.885025
C15 450.035 86.41279
C15 500.018 91.34284
C15 619.997 97.91253
C15 750.022 98.46043
C15 869.967 91.08798
C15 999.976 26.882607
C03 349.982 68.54294
C03 450.035 86.70601
C03 500.018 91.44518
C03 619.997 97.9151
C03 750.022 97.7727
C03 869.967 89.9633
C03 999.976 26.550611
C01 349.982 67.05147
C01 450.035 86.49245
C01 500.018 91.41562
C01 619.997 98.01695
C01 750.022 97.9209
C01 869.967 90.1728
C01 999.976 26.491503
C00 349.982 65.99027
C00 450.035 86.08755
C00 500.018 91.10608
C00 619.997 97.75169
C00 750.022 97.67993
C00 869.967 90.03883
C00 999.976 26.591103
C06 349.982 70.79508
C06 450.035 87.38691
C06 500.018 91.91256
C06 619.997 98.266594
C06 750.022 98.189964
C06 869.967 90.51524
C06 999.976 26.715881
C04 349.982 68.87976
C04 450.035 86.34429
C04 500.018 90.97495
C04 619.997 97.35684
C04 750.022 97.22226
C04 869.967 89.55963
C04 999.976 26.47958
C05 349.982 69.1328
C05 450.035 86.08047
C05 500.018 90.628044
C05 619.997 96.943695
C05 750.022 96.82845
C05 869.967 89.22428
C05 999.976 26.340605
C02 349.982 67.43193
C02 450.035 86.45391
C02 500.018 91.292595
C02 619.997 97.8475
C02 750.022 97.73085
C02 869.967 89.925415
C02 999.976 26.453846
C10 349.982 61.9668
C10 450.035 85.22512
C10 500.018 90.65972
C10 619.997 97.58033
C10 750.022 98.191025
C10 869.967 91.07171
C10 999.976 26.907867
C14 349.982 66.032745
C14 450.035 85.99882
C14 500.018 90.979256
C14 619.997 97.582436
C14 750.022 98.12485
C14 869.967 90.76592
C14 999.976 26.733635
C11 349.982 63.234364
C11 450.035 85.54655
C11 500.018 90.85093
C11 619.997 97.685715
C11 750.022 98.272644
C11 869.967 91.07512
C11 999.976 26.818892
C16 349.982 67.65791
C16 450.035 86.40356
C16 500.018 91.227516
C16 619.997 97.726616
C16 750.022 98.30536
C16 869.967 90.94906
C16 999.976 26.865698
C17 349.982 68.338486
C17 450.035 86.57222
C17 500.018 91.342705
C17 619.997 97.80094
C17 750.022 98.41117
C17 869.967 91.086784
C17 999.976 26.892033
