lsstCam/transmission_sensor/r21_s21/19700101T000000.ecsv
# %ECSV 1.0
# ---
# datatype:
# - {name: amp_name, datatype: string}
# - {name: wavelength, unit: nm, datatype: float32}
# - {name: efficiency, unit: '%', datatype: float64}
# meta: !!omap
# - {MODE: AMP}
# - {TYPE: transmission_sensor}
# - {CALIBDATE: '1970-01-01T00:00:00'}
# - {INSTRUME: LSSTCAM}
# - {OBSTYPE: transmission_sensor}
# - {DETECTOR: 88}
# - {PARQUETFILE: qe_raft_allvalues_nircorrected_20230725.parquet}
# - {CALIBCLS: lsst.ip.isr.IntermediateSensorTransmissionCurve}
# - {CALIB_ID: 'raftName=R21 detectorName=S21 detector=88 calibDate=1970-01-01T00:00:00 ccd=88 ccdnum=88 filter=None'}
# - {DATE: '2023-08-02T16:57:55.792956'}
# - {CALIB_CREATION_DATE: '2023-08-02'}
# - {CALIB_CREATION_TIME: '16:57:55'}
# - __serialized_columns__:
#     efficiency:
#       __class__: astropy.units.quantity.Quantity
#       unit: !astropy.units.Unit {unit: '%'}
#       value: !astropy.table.SerializedColumn {name: efficiency}
#     wavelength:
#       __class__: astropy.units.quantity.Quantity
#       unit: !astropy.units.Unit {unit: nm}
#       value: !astropy.table.SerializedColumn {name: wavelength}
# schema: astropy-2.0
amp_name wavelength efficiency
C00 319.992 38.76919174194336
C00 330.006 49.71277618408203
C00 349.994 67.70695495605469
C00 370.001 72.75665283203125
C00 400.009 82.05079650878906
C00 429.983 85.6962661743164
C00 449.989 87.53150177001953
C00 469.993 88.89290618896484
C00 500.016 91.90396118164062
C00 549.99 95.52397155761719
C00 569.998 96.49778747558594
C00 599.983 97.4815444946289
C00 630.013 98.08734893798828
C00 649.987 98.41826629638672
C00 670.017 98.5192642211914
C00 699.987 98.30841827392578
C00 720.012 98.24488067626953
C00 749.995 97.62718200683594
C00 770.007 97.23918914794922
C00 800.008 96.12861633300781
C00 830.013 94.39695739746094
C00 869.994 89.46756744384766
C00 900.005 81.85459899902344
C00 919.989 74.82466888427734
C00 959.989 53.954986572265625
C00 1000.013 27.12550926208496
C00 1030.002 10.989497184753418
C00 1049.996 5.283180236816406
C00 1080.005 0.6768008136333274
C00 1100.007 0.09206600080132031
C01 319.992 39.442970275878906
C01 330.006 50.591758728027344
C01 349.994 68.96778106689453
C01 370.001 74.11083221435547
C01 400.009 82.9726333618164
C01 429.983 86.39601135253906
C01 449.989 88.15357208251953
C01 469.993 89.46376037597656
C01 500.016 92.43799591064453
C01 549.99 96.03568267822266
C01 569.998 96.9986343383789
C01 599.983 97.98388671875
C01 630.013 98.59429168701172
C01 649.987 98.92353820800781
C01 670.017 99.02195739746094
C01 699.987 98.81180572509766
C01 720.012 98.74658966064453
C01 749.995 98.12466430664062
C01 770.007 97.74053955078125
C01 800.008 96.61197662353516
C01 830.013 94.87537384033203
C01 869.994 89.84010314941406
C01 900.005 82.33152770996094
C01 919.989 75.19480895996094
C01 959.989 53.978790283203125
C01 1000.013 27.134172439575195
C01 1030.002 10.979729652404785
C01 1049.996 5.297348499298096
C01 1080.005 0.6802496168044935
C01 1100.007 0.09253514550257387
C02 319.992 39.702396392822266
C02 330.006 50.93028259277344
C02 349.994 69.47177124023438
C02 370.001 74.66050720214844
C02 400.009 83.2778549194336
C02 429.983 86.55412292480469
C02 449.989 88.26225280761719
C02 469.993 89.53671264648438
C02 500.016 92.47261810302734
C02 549.99 96.04275512695312
C02 569.998 97.00440979003906
C02 599.983 97.98053741455078
C02 630.013 98.58649444580078
C02 649.987 98.91606140136719
C02 670.017 99.01343536376953
C02 699.987 98.8009033203125
C02 720.012 98.73268127441406
C02 749.995 98.11503601074219
C02 770.007 97.72415161132812
C02 800.008 96.59168243408203
C02 830.013 94.8644027709961
C02 869.994 89.76148986816406
C02 900.005 82.33245086669922
C02 919.989 75.20458221435547
C02 959.989 53.7393684387207
C02 1000.013 27.24679946899414
C02 1030.002 10.88839054107666
C02 1049.996 5.244734764099121
C02 1080.005 0.6801828640526594
C02 1100.007 0.09252606504820672
C03 319.992 40.25664138793945
C03 330.006 51.643699645996094
C03 349.994 70.43818664550781
C03 370.001 75.60400390625
C03 400.009 83.6460189819336
C03 429.983 86.685546875
C03 449.989 88.30409240722656
C03 469.993 89.5208740234375
C03 500.016 92.40247344970703
C03 549.99 95.91517639160156
C03 569.998 96.86637115478516
C03 599.983 97.8249282836914
C03 630.013 98.4192123413086
C03 649.987 98.7334976196289
C03 670.017 98.8277816772461
C03 699.987 98.60821533203125
C03 720.012 98.5372314453125
C03 749.995 97.91064453125
C03 770.007 97.5219955444336
C03 800.008 96.39045715332031
C03 830.013 94.6533432006836
C03 869.994 89.58554077148438
C03 900.005 82.15206909179688
C03 919.989 75.05065155029297
C03 959.989 53.62932205200195
C03 1000.013 27.257118225097656
C03 1030.002 10.896124839782715
C03 1049.996 5.211897373199463
C03 1080.005 0.6787659155725555
C03 1100.007 0.09233331590063351
C04 319.992 40.66802215576172
C04 330.006 52.17870330810547
C04 349.994 71.21202087402344
C04 370.001 76.41082000732422
C04 400.009 84.0589828491211
C04 429.983 86.90444946289062
C04 449.989 88.4603500366211
C04 469.993 89.63091278076172
C04 500.016 92.47370910644531
C04 549.99 95.95098114013672
C04 569.998 96.89402770996094
C04 599.983 97.84378814697266
C04 630.013 98.43289184570312
C04 649.987 98.74822998046875
C04 670.017 98.8433837890625
C04 699.987 98.61599731445312
C04 720.012 98.54496002197266
C04 749.995 97.9162368774414
C04 770.007 97.52359771728516
C04 800.008 96.39977264404297
C04 830.013 94.64306640625
C04 869.994 89.67525482177734
C04 900.005 82.16587829589844
C04 919.989 74.9137954711914
C04 959.989 53.86628723144531
C04 1000.013 27.30396270751953
C04 1030.002 11.063372611999512
C04 1049.996 5.226325988769531
C04 1080.005 0.6788046795693348
C04 1100.007 0.09233858901214084
C05 319.992 41.04117965698242
C05 330.006 52.66645050048828
C05 349.994 71.89265441894531
C05 370.001 77.1258316040039
C05 400.009 84.51195526123047
C05 429.983 87.23104095458984
C05 449.989 88.73871612548828
C05 469.993 89.87696075439453
C05 500.016 92.69255828857422
C05 549.99 96.15592956542969
C05 569.998 97.09048461914062
C05 599.983 98.03956604003906
C05 630.013 98.62403106689453
C05 649.987 98.93389892578125
C05 670.017 99.02530670166016
C05 699.987 98.8003158569336
C05 720.012 98.7275390625
C05 749.995 98.09634399414062
C05 770.007 97.70075225830078
C05 800.008 96.57063293457031
C05 830.013 94.81633758544922
C05 869.994 89.84630584716797
C05 900.005 82.32303619384766
C05 919.989 75.09905242919922
C05 959.989 53.900699615478516
C05 1000.013 27.2243595123291
C05 1030.002 11.066078186035156
C05 1049.996 5.290352821350098
C05 1080.005 0.6800532699807215
C05 1100.007 0.09250843621607392
C06 319.992 41.37799072265625
C06 330.006 53.113956451416016
C06 349.994 72.56326293945312
C06 370.001 77.84122467041016
C06 400.009 84.8236083984375
C06 429.983 87.35921478271484
C06 449.989 88.80377197265625
C06 469.993 89.90345764160156
C06 500.016 92.67756652832031
C06 549.99 96.1077651977539
C06 569.998 97.03060150146484
C06 599.983 97.9727783203125
C06 630.013 98.55438232421875
C06 649.987 98.86480712890625
C06 670.017 98.95960998535156
C06 699.987 98.72875213623047
C06 720.012 98.65459442138672
C06 749.995 98.0239028930664
C06 770.007 97.62981414794922
C06 800.008 96.49828338623047
C06 830.013 94.74382781982422
C06 869.994 89.78800964355469
C06 900.005 82.27017211914062
C06 919.989 75.0032730102539
C06 959.989 53.80665588378906
C06 1000.013 27.234682083129883
C06 1030.002 11.090886116027832
C06 1049.996 5.308979511260986
C06 1080.005 0.6795510729849468
C06 1100.007 0.09244012177542305
C07 319.992 41.693153381347656
C07 330.006 53.52572250366211
C07 349.994 73.15999603271484
C07 370.001 78.45162963867188
C07 400.009 85.19280242919922
C07 429.983 87.61734771728516
C07 449.989 89.02730560302734
C07 469.993 90.10150146484375
C07 500.016 92.8639907836914
C07 549.99 96.27556610107422
C07 569.998 97.20516204833984
C07 599.983 98.14380645751953
C07 630.013 98.7259292602539
C07 649.987 99.03440856933594
C07 670.017 99.1246566772461
C07 699.987 98.8961410522461
C07 720.012 98.8223876953125
C07 749.995 98.18885040283203
C07 770.007 97.79090118408203
C07 800.008 96.65603637695312
C07 830.013 94.89393615722656
C07 869.994 89.92438507080078
C07 900.005 82.4229736328125
C07 919.989 75.11343383789062
C07 959.989 53.8688850402832
C07 1000.013 27.363237380981445
C07 1030.002 11.155989646911621
C07 1049.996 5.348069190979004
C07 1080.005 0.6806945681788535
C07 1100.007 0.09259567275485134
C10 319.992 36.303226470947266
C10 330.006 46.51393127441406
C10 349.994 63.22437286376953
C10 370.001 68.15582275390625
C10 400.009 79.44703674316406
C10 429.983 84.03677368164062
C10 449.989 86.20619201660156
C10 469.993 87.78162384033203
C10 500.016 90.99053955078125
C10 549.99 94.7691650390625
C10 569.998 95.77931213378906
C10 599.983 96.8006362915039
C10 630.013 97.4330825805664
C10 649.987 97.7769775390625
C10 670.017 97.8929443359375
C10 699.987 97.69670104980469
C10 720.012 97.63617706298828
C10 749.995 97.0329360961914
C10 770.007 96.65644836425781
C10 800.008 95.5642318725586
C10 830.013 93.86946868896484
C10 869.994 89.00659942626953
C10 900.005 81.69294738769531
C10 919.989 74.54354095458984
C10 959.989 53.55696105957031
C10 1000.013 27.04363250732422
C10 1030.002 10.932435989379883
C10 1049.996 5.290738105773926
C10 1080.005 0.672681215935511
C10 1100.007 0.09150560714146021
C11 319.992 37.017189025878906
C11 330.006 47.438331604003906
C11 349.994 64.52232360839844
C11 370.001 69.48655700683594
C11 400.009 80.18026733398438
C11 429.983 84.48091125488281
C11 449.989 86.5433578491211
C11 469.993 88.05400848388672
C11 500.016 91.19677734375
C11 549.99 94.92386627197266
C11 569.998 95.91927337646484
C11 599.983 96.92867279052734
C11 630.013 97.5538101196289
C11 649.987 97.89657592773438
C11 670.017 98.00550842285156
C11 699.987 97.8100357055664
C11 720.012 97.7437973022461
C11 749.995 97.13851165771484
C11 770.007 96.76048278808594
C11 800.008 95.6640625
C11 830.013 93.96723175048828
C11 869.994 89.04547119140625
C11 900.005 81.72647094726562
C11 919.989 74.68077850341797
C11 959.989 53.4954833984375
C11 1000.013 26.95881462097168
C11 1030.002 10.905054092407227
C11 1049.996 5.276798248291016
C11 1080.005 0.6734131171265738
C11 1100.007 0.09160516851060387
C12 319.992 37.52505874633789
C12 330.006 48.10360336303711
C12 349.994 65.44319152832031
C12 370.001 70.44341278076172
C12 400.009 80.70169067382812
C12 429.983 84.76957702636719
C12 449.989 86.74913787841797
C12 469.993 88.19969940185547
C12 500.016 91.29559326171875
C12 549.99 94.97499084472656
C12 569.998 95.96241760253906
C12 599.983 96.9609375
C12 630.013 97.57711029052734
C12 649.987 97.9115219116211
C12 670.017 98.01817321777344
C12 699.987 97.81675720214844
C12 720.012 97.74806213378906
C12 749.995 97.13888549804688
C12 770.007 96.76394653320312
C12 800.008 95.65633392333984
C12 830.013 93.96388244628906
C12 869.994 88.98336791992188
C12 900.005 81.67988586425781
C12 919.989 74.62564086914062
C12 959.989 53.397823333740234
C12 1000.013 26.937105178833008
C12 1030.002 10.85937213897705
C12 1049.996 5.2486162185668945
C12 1080.005 0.673415709897699
C12 1100.007 0.0916055212082716
C13 319.992 38.31222915649414
C13 330.006 49.11927795410156
C13 349.994 66.86847686767578
C13 370.001 71.89629364013672
C13 400.009 81.56155395507812
C13 429.983 85.34851837158203
C13 449.989 87.23572540283203
C13 469.993 88.62627410888672
C13 500.016 91.66410827636719
C13 549.99 95.3033447265625
C13 569.998 96.2782211303711
C13 599.983 97.26725006103516
C13 630.013 97.88080596923828
C13 649.987 98.20865631103516
C13 670.017 98.3105239868164
C13 699.987 98.10386657714844
C13 720.012 98.03453063964844
C13 749.995 97.42324829101562
C13 770.007 97.04071807861328
C13 800.008 95.92019653320312
C13 830.013 94.22608947753906
C13 869.994 89.18175506591797
C13 900.005 81.87881469726562
C13 919.989 74.87162780761719
C13 959.989 53.31501770019531
C13 1000.013 26.99056625366211
C13 1030.002 10.854423522949219
C13 1049.996 5.253478527069092
C13 1080.005 0.6753870495106084
C13 1100.007 0.09187368482558089
C14 319.992 38.769447326660156
C14 330.006 49.716854095458984
C14 349.994 67.67133331298828
C14 370.001 72.68408966064453
C14 400.009 81.95701599121094
C14 429.983 85.56172943115234
C14 449.989 87.37824249267578
C14 469.993 88.72547912597656
C14 500.016 91.7226333618164
C14 549.99 95.31853485107422
C14 569.998 96.28353881835938
C14 599.983 97.2612075805664
C14 630.013 97.86255645751953
C14 649.987 98.1872329711914
C14 670.017 98.27885437011719
C14 699.987 98.06806182861328
C14 720.012 97.9975357055664
C14 749.995 97.37918090820312
C14 770.007 96.99076843261719
C14 800.008 95.86968994140625
C14 830.013 94.15980529785156
C14 869.994 89.09326934814453
C14 900.005 81.76964569091797
C14 919.989 74.80476379394531
C14 959.989 53.15574264526367
C14 1000.013 27.097932815551758
C14 1030.002 10.833499908447266
C14 1049.996 5.227461814880371
C14 1080.005 0.6750815425676009
C14 1100.007 0.09183212636126886
C15 319.992 39.19118881225586
C15 330.006 50.266109466552734
C15 349.994 68.40921020507812
C15 370.001 73.42530822753906
C15 400.009 82.40350341796875
C15 429.983 85.86444091796875
C15 449.989 87.63587188720703
C15 469.993 88.95319366455078
C15 500.016 91.91802215576172
C15 549.99 95.49249267578125
C15 569.998 96.45040130615234
C15 599.983 97.41826629638672
C15 630.013 98.00843048095703
C15 649.987 98.32755279541016
C15 670.017 98.42591094970703
C15 699.987 98.20275115966797
C15 720.012 98.12769317626953
C15 749.995 97.5050277709961
C15 770.007 97.11613464355469
C15 800.008 95.98406219482422
C15 830.013 94.25948333740234
C15 869.994 89.21419525146484
C15 900.005 81.83599090576172
C15 919.989 74.81876373291016
C15 959.989 53.32109069824219
C15 1000.013 27.117046356201172
C15 1030.002 10.831732749938965
C15 1049.996 5.234137535095215
C15 1080.005 0.6759539746750161
C15 1100.007 0.09195080431419445
C16 319.992 39.69660186767578
C16 330.006 50.9259033203125
C16 349.994 69.3714370727539
C16 370.001 74.41333770751953
C16 400.009 82.91182708740234
C16 429.983 86.15105438232422
C16 449.989 87.84336853027344
C16 469.993 89.10627746582031
C16 500.016 92.02704620361328
C16 549.99 95.56282043457031
C16 569.998 96.51246643066406
C16 599.983 97.47694396972656
C16 630.013 98.0647964477539
C16 649.987 98.38080596923828
C16 670.017 98.47169494628906
C16 699.987 98.25074005126953
C16 720.012 98.17733001708984
C16 749.995 97.54926300048828
C16 770.007 97.15912628173828
C16 800.008 96.02696990966797
C16 830.013 94.2950668334961
C16 869.994 89.24095916748047
C16 900.005 81.842529296875
C16 919.989 74.85612487792969
C16 959.989 53.25778579711914
C16 1000.013 27.136489868164062
C16 1030.002 10.875447273254395
C16 1049.996 5.254543304443359
C16 1080.005 0.6762606319553952
C16 1100.007 0.0919925192602353
C17 319.992 40.04051971435547
C17 330.006 51.37515640258789
C17 349.994 69.97883605957031
C17 370.001 75.02068328857422
C17 400.009 83.18196868896484
C17 429.983 86.28861236572266
C17 449.989 87.93118286132812
C17 469.993 89.16637420654297
C17 500.016 92.06714630126953
C17 549.99 95.57684326171875
C17 569.998 96.52180480957031
C17 599.983 97.4758071899414
C17 630.013 98.05866241455078
C17 649.987 98.3722152709961
C17 670.017 98.46892547607422
C17 699.987 98.23784637451172
C17 720.012 98.15826416015625
C17 749.995 97.52686309814453
C17 770.007 97.13788604736328
C17 800.008 96.00199890136719
C17 830.013 94.2644271850586
C17 869.994 89.2256851196289
C17 900.005 81.82678985595703
C17 919.989 74.82440185546875
C17 959.989 53.200687408447266
C17 1000.013 27.123586654663086
C17 1030.002 10.931066513061523
C17 1049.996 5.290085792541504
C17 1080.005 0.6761053438803718
C17 1100.007 0.09197139524301849
