lsstCam/transmission_sensor/r21_s21/19700101T000000.ecsv
# %ECSV 1.0
# ---
# datatype:
# - {name: amp_name, datatype: string}
# - {name: wavelength, unit: nm, datatype: float32}
# - {name: efficiency, unit: '%', datatype: float64}
# meta: !!omap
# - {MODE: AMP}
# - {TYPE: transmission_sensor}
# - {CALIBDATE: '1970-01-01T00:00:00'}
# - {INSTRUME: LSSTCam}
# - {OBSTYPE: transmission_sensor}
# - {DETECTOR: 88}
# - {PARQUETFILE: qe_raft_allvalues_nircorrected_20230725_adjust.parquet}
# - {CORRFILE: qe_corr_factor_bydetnum.parquet}
# - {CALIBCLS: lsst.ip.isr.IntermediateSensorTransmissionCurve}
# - {CALIB_ID: 'raftName=R21 detectorName=S21 detector=88 calibDate=1970-01-01T00:00:00 ccd=88 ccdnum=88 filter=None'}
# - {DATE: '2025-03-03T21:56:47.870053'}
# - {CALIB_CREATION_DATE: '2025-03-03'}
# - {CALIB_CREATION_TIME: '21:56:47'}
# - __serialized_columns__:
#     efficiency:
#       __class__: astropy.units.quantity.Quantity
#       unit: !astropy.units.Unit {unit: '%'}
#       value: !astropy.table.SerializedColumn {name: efficiency}
#     wavelength:
#       __class__: astropy.units.quantity.Quantity
#       unit: !astropy.units.Unit {unit: nm}
#       value: !astropy.table.SerializedColumn {name: wavelength}
# schema: astropy-2.0
amp_name wavelength efficiency
C00 319.992 38.76788677295065
C00 330.006 49.711102854601926
C00 349.994 67.704675943446
C00 370.001 72.75420384685273
C00 400.009 82.04803468321417
C00 429.983 85.69338164242075
C00 449.989 87.52855546418846
C00 469.993 88.88991405833131
C00 500.016 91.90086769905147
C00 549.99 95.52075622566565
C00 569.998 96.49453936504088
C00 599.983 97.47826327087337
C00 630.013 98.08404732288645
C00 649.987 98.41495354262369
C00 670.017 98.51594806784344
C00 699.987 98.30510921764152
C00 720.012 98.24157375865752
C00 749.995 97.62389588092925
C00 770.007 97.23591608186214
C00 800.008 96.12538064874435
C00 830.013 94.39378000074785
C00 869.994 89.46455597014595
C00 900.005 81.85184377744659
C00 919.989 74.82215028978527
C00 959.989 53.95317045020284
C00 1000.013 27.12459621884346
C00 1030.002 10.989127278845475
C00 1049.996 5.283002405242361
C00 1080.005 0.676778032552878
C00 1100.007 0.09206290186448593
C01 319.992 39.44164262753553
C01 330.006 50.590055812040184
C01 349.994 68.96545961494404
C01 370.001 74.10833764756885
C01 400.009 82.96984050726063
C01 429.983 86.39310326725683
C01 449.989 88.15060483783385
C01 469.993 89.46074903042056
C01 500.016 92.43488445247397
C01 549.99 96.03245012210122
C01 569.998 96.9953693693543
C01 599.983 97.98058858618113
C01 630.013 98.59097300824313
C01 649.987 98.92020844681832
C01 670.017 99.0186243234866
C01 699.987 98.80847972481777
C01 720.012 98.743265855534
C01 749.995 98.1213614355054
C01 770.007 97.73724960926549
C01 800.008 96.60872466938926
C01 830.013 94.87218034014617
C01 869.994 89.83707913617974
C01 900.005 82.3287564349883
C01 919.989 75.19227790657301
C01 959.989 53.97697335990866
C01 1000.013 27.133259104731586
C01 1030.002 10.979360075271476
C01 1049.996 5.297170190821067
C01 1080.005 0.6802267196375074
C01 1100.007 0.09253203077435306
C02 319.992 39.70106001220918
C02 330.006 50.92856828209047
C02 349.994 69.46943282400066
C02 370.001 74.6579941333301
C02 400.009 83.27505179113594
C02 429.983 86.5512095174951
C02 449.989 88.25928190474391
C02 469.993 89.53369884535871
C02 500.016 92.46950547947557
C02 549.99 96.03952233277343
C02 569.998 97.00114462661305
C02 599.983 97.97723939471932
C02 630.013 98.58317602948692
C02 649.987 98.91273189184662
C02 670.017 99.01010257664642
C02 699.987 98.79757768700699
C02 720.012 98.7293579374591
C02 749.995 98.11173346369492
C02 770.007 97.72086222142956
C02 800.008 96.58843116303751
C02 830.013 94.86120964009586
C02 869.994 89.75846850104872
C02 900.005 82.32967956065318
C02 919.989 75.20205083200031
C02 959.989 53.73755957435316
C02 1000.013 27.245882343130535
C02 1030.002 10.888024038413123
C02 1049.996 5.244558226597703
C02 1080.005 0.6801599691325675
C02 1100.007 0.09252295062563354
C03 319.992 40.25528635146844
C03 330.006 51.641961321731934
C03 349.994 70.43581569978146
C03 370.001 75.60145907938131
C03 400.009 83.6432034612526
C03 429.983 86.68262904396703
C03 449.989 88.30112009603452
C03 469.993 89.51786075543907
C03 500.016 92.39936318722067
C03 549.99 95.91194789171551
C03 569.998 96.86311063773248
C03 599.983 97.82163550165525
C03 630.013 98.41589955570174
C03 649.987 98.7301742551958
C03 670.017 98.82445513921648
C03 699.987 98.60489618459349
C03 720.012 98.5339146871887
C03 749.995 97.90734886400938
C03 770.007 97.51871295909781
C03 800.008 96.38721265550835
C03 830.013 94.65015717403762
C03 869.994 89.58252532680655
C03 900.005 82.14930385739206
C03 919.989 75.04812534923602
C03 959.989 53.62751689179011
C03 1000.013 27.256200751905254
C03 1030.002 10.895758076783082
C03 1049.996 5.211721941002927
C03 1080.005 0.6787430683468763
C03 1100.007 0.09233020796598669
C04 319.992 40.6666532722353
C04 330.006 52.17694697564566
C04 349.994 71.2096238810769
C04 370.001 76.40824802306722
C04 400.009 84.05615342809764
C04 429.983 86.90152426360784
C04 449.989 88.45737246580532
C04 469.993 89.62789580886441
C04 500.016 92.47059644617043
C04 549.99 95.94775143506467
C04 569.998 96.89076626199004
C04 599.983 97.84049473011447
C04 630.013 98.42957859964486
C04 649.987 98.74490612014515
C04 670.017 98.8400567258666
C04 699.987 98.61267790507424
C04 720.012 98.54164300370536
C04 749.995 97.9129410219627
C04 770.007 97.52031507802032
C04 800.008 96.39652783267208
C04 830.013 94.63988072552038
C04 869.994 89.67223635732921
C04 900.005 82.16311259667653
C04 919.989 74.911273876703
C04 959.989 53.86447409499776
C04 1000.013 27.30304365754427
C04 1030.002 11.0630002194485
C04 1049.996 5.226150070906541
C04 1080.005 0.6787818310388614
C04 1100.007 0.09233548090000135
C05 319.992 41.03979821299378
C05 330.006 52.66467775048316
C05 349.994 71.89023451590879
C05 370.001 77.12323555249347
C05 400.009 84.50911059317902
C05 429.983 87.22810476225432
C05 449.989 88.73572918488432
C05 469.993 89.87393550053513
C05 500.016 92.68943826184716
C05 549.99 96.15269296180423
C05 569.998 97.0872165584403
C05 599.983 98.03626603330711
C05 630.013 98.62071138709995
C05 649.987 98.93056881585053
C05 670.017 99.02197351494841
C05 699.987 98.79699024340208
C05 720.012 98.72421589863163
C05 749.995 98.09304207626566
C05 770.007 97.69746365602323
C05 800.008 96.56738237205086
C05 830.013 94.81314607242066
C05 869.994 89.84328162515116
C05 900.005 82.32026520469901
C05 919.989 75.09652459897119
C05 959.989 53.8988853207119
C05 1000.013 27.22344314179328
C05 1030.002 11.065705702414663
C05 1049.996 5.290174748347227
C05 1080.005 0.6800303794227593
C05 1100.007 0.09250532238688632
C06 319.992 41.376597941624524
C06 330.006 53.112168638383686
C06 349.994 72.56082046376841
C06 370.001 77.83860453880604
C06 400.009 84.82075324015753
C06 429.983 87.35627427605488
C06 449.989 88.80078284227584
C06 469.993 89.9004314958583
C06 500.016 92.67444700621513
C06 549.99 96.10453021533858
C06 569.998 97.02733545642718
C06 599.983 97.96948056165175
C06 630.013 98.55106498879725
C06 649.987 98.86147934460185
C06 670.017 98.95627900998791
C06 699.987 98.72542893153009
C06 720.012 98.6512737128312
C06 749.995 98.02060341355516
C06 770.007 97.6265279334448
C06 800.008 96.49503525899308
C06 830.013 94.74063874747063
C06 869.994 89.78498738378508
C06 900.005 82.26740290939401
C06 919.989 75.00074840395617
C06 959.989 53.8048447545296
C06 1000.013 27.23376536513686
C06 1030.002 11.090512797373695
C06 1049.996 5.308800811284695
C06 1080.005 0.6795281993309096
C06 1100.007 0.09243701024569599
C07 319.992 41.6917499919571
C07 330.006 53.52392083060572
C07 349.994 73.15753347102502
C07 370.001 78.44898896086804
C07 400.009 85.18993484386723
C07 429.983 87.61439852188394
C07 449.989 89.02430894851648
C07 469.993 90.09846865295562
C07 500.016 92.86086498655541
C07 549.99 96.27232547048915
C07 569.998 97.20189012760318
C07 599.983 98.14050294206051
C07 630.013 98.7226061505714
C07 649.987 99.0310750762558
C07 670.017 99.12132014641931
C07 699.987 98.89281221324345
C07 720.012 98.81906133884404
C07 749.995 98.18554537119613
C07 770.007 97.78760954739629
C07 800.008 96.65278293975821
C07 830.013 94.89074203223409
C07 869.994 89.92135822064134
C07 900.005 82.42019927977482
C07 919.989 75.11090552358512
C07 959.989 53.86707181639354
C07 1000.013 27.362316335823735
C07 1030.002 11.155614136875995
C07 1049.996 5.347889175246111
C07 1080.005 0.6806716560348272
C07 1100.007 0.09259255598928634
C10 319.992 36.30200450621828
C10 330.006 46.512365617888484
C10 349.994 63.22224473464268
C10 370.001 68.15352863243066
C10 400.009 79.44436256000847
C10 429.983 84.03394500817662
C10 449.989 86.20329032062838
C10 469.993 87.778669115405
C10 500.016 90.98747681391704
C10 549.99 94.76597511385941
C10 569.998 95.77608820708691
C10 599.983 96.79737798708334
C10 630.013 97.42980298803639
C10 649.987 97.77368637104594
C10 670.017 97.88964926448453
C10 699.987 97.6934125838906
C10 720.012 97.63289063430847
C10 749.995 97.0296699725714
C10 770.007 96.65319491319542
C10 800.008 95.56101518544693
C10 830.013 93.86630904749445
C10 869.994 89.0036034687275
C10 900.005 81.69019760730336
C10 919.989 74.54103182284936
C10 959.989 53.55515833502574
C10 1000.013 27.042722220050056
C10 1030.002 10.93206800414883
C10 1049.996 5.290560019802402
C10 1080.005 0.6726585735205075
C10 1100.007 0.09150252706744749
C11 319.992 37.01594302920718
C11 330.006 47.43673483221096
C11 349.994 64.52015179031652
C11 370.001 69.48421809291409
C11 400.009 80.17756847032494
C11 429.983 84.47806763177101
C11 449.989 86.5404448041634
C11 469.993 88.05104459050663
C11 500.016 91.19370766493233
C11 549.99 94.92067113953406
C11 569.998 95.9160447386745
C11 599.983 96.92541017640482
C11 630.013 97.55052646341616
C11 649.987 97.89328073404222
C11 670.017 98.00220956249724
C11 699.987 97.80674342481366
C11 720.012 97.74050725107459
C11 749.995 97.13524198042688
C11 770.007 96.75722583523022
C11 800.008 95.66084245259458
C11 830.013 93.9640688183183
C11 869.994 89.04247392544261
C11 900.005 81.7237200384724
C11 919.989 74.67826475226867
C11 959.989 53.49368274322783
C11 1000.013 26.957907188663192
C11 1030.002 10.904687028849413
C11 1049.996 5.276620631534374
C11 1080.005 0.673390450075814
C11 1100.007 0.0916020850853606
C12 319.992 37.52379565479759
C12 330.006 48.101984198231094
C12 349.994 65.44098871387175
C12 370.001 70.44104165912391
C12 400.009 80.69897425908599
C12 429.983 84.76672368678042
C12 449.989 86.7462179069151
C12 469.993 88.1967306045266
C12 500.016 91.29252025676239
C12 549.99 94.97179399143748
C12 569.998 95.9591875125163
C12 599.983 96.95767379984902
C12 630.013 97.57382585003205
C12 649.987 97.90822621484789
C12 670.017 98.01487393112278
C12 699.987 97.81346469515047
C12 720.012 97.74477193906354
C12 749.995 97.13561580817547
C12 770.007 96.76068946375793
C12 800.008 95.65311413607792
C12 830.013 93.96071962685649
C12 869.994 88.98037274435114
C12 900.005 81.67713652351607
C12 919.989 74.62312897392125
C12 959.989 53.3960259657633
C12 1000.013 26.936198477263222
C12 1030.002 10.859006613071431
C12 1049.996 5.248439550415919
C12 1080.005 0.6733930427596667
C12 1100.007 0.09160243777115655
C13 319.992 38.31093956883847
C13 330.006 49.11762460174124
C13 349.994 66.86622607819626
C13 370.001 71.89387361460419
C13 400.009 81.55880859738232
C13 429.983 85.34564554485947
C13 449.989 87.23278905281822
C13 469.993 88.62329095307524
C13 500.016 91.66102286721444
C13 549.99 95.30013682089871
C13 569.998 96.27498041041788
C13 599.983 97.26397605041919
C13 630.013 97.87751130636211
C13 649.987 98.20535061273341
C13 670.017 98.30721485965395
C13 699.987 98.10056440606373
C13 720.012 98.0312308024078
C13 749.995 97.41996902950729
C13 770.007 97.03745169305215
C13 800.008 95.91696786433937
C13 830.013 94.22291783223135
C13 869.994 89.17875321264616
C13 900.005 81.87605866058962
C13 919.989 74.86910763249017
C13 959.989 53.31322311945173
C13 1000.013 26.989657752595306
C13 1030.002 10.85405816361376
C13 1049.996 5.253301695253064
C13 1080.005 0.6753643160173863
C13 1100.007 0.09187059236209233
C14 319.992 38.76814234906448
C14 330.006 49.715180628716595
C14 349.994 67.66905549940226
C14 370.001 72.68164311793862
C14 400.009 81.95425732228342
C14 429.983 85.55884942775651
C14 449.989 87.37530134554407
C14 469.993 88.72249263092932
C14 500.016 91.71954598271232
C14 549.99 95.31532643411163
C14 569.998 96.28029791941306
C14 599.983 97.25793377334001
C14 630.013 97.85926240892098
C14 649.987 98.18392799399817
C14 670.017 98.2755463089524
C14 699.987 98.06476086271455
C14 720.012 97.99423711357335
C14 749.995 97.37590313000062
C14 770.007 96.98750372835856
C14 800.008 95.86646297259176
C14 830.013 94.15663588366591
C14 869.994 89.09027047329741
C14 900.005 81.7668933288651
C14 919.989 74.80224586945755
C14 959.989 53.15395342571021
C14 1000.013 27.097020700532024
C14 1030.002 10.83313525339959
C14 1049.996 5.227285858785532
C14 1080.005 0.6750588193577268
C14 1100.007 0.09182903529663605
C15 319.992 39.18986963886355
C15 330.006 50.264417511902906
C15 349.994 68.40690755459401
C15 370.001 73.42283673545445
C15 400.009 82.40072972029749
C15 429.983 85.8615507253199
C15 449.989 87.63292206828321
C15 469.993 88.95019950464393
C15 500.016 91.9149281998809
C15 549.99 95.48927840340725
C15 569.998 96.4471547906233
C15 599.983 97.41498720257206
C15 630.013 98.00513152224639
C15 649.987 98.32424309505889
C15 670.017 98.42259793862536
C15 699.987 98.1994456601333
C15 720.012 98.12439020318273
C15 749.995 97.50174575679468
C15 770.007 97.11286571947588
C15 800.008 95.98083137624559
C15 830.013 94.25631056805902
C15 869.994 89.21119230625806
C15 900.005 81.83323631053233
C15 919.989 74.81624533718517
C15 959.989 53.3192959130818
C15 1000.013 27.116133597820646
C15 1030.002 10.831368154373752
C15 1049.996 5.233961354295978
C15 1080.005 0.6759312220991223
C15 1100.007 0.09194770925486788
C16 319.992 39.69526568210612
C16 330.006 50.92418915703561
C16 349.994 69.3691020337631
C16 370.001 74.41083295841362
C16 400.009 82.90903627958262
C16 429.983 86.14815454228096
C16 449.989 87.84041172702332
C16 469.993 89.10327815312061
C16 500.016 92.02394857798865
C16 549.99 95.55960379496759
C16 569.998 96.50921782602613
C16 599.983 97.47366290082445
C16 630.013 98.06149559176774
C16 649.987 98.37749447638792
C16 670.017 98.46838039412043
C16 699.987 98.24743293643127
C16 720.012 98.17402537322954
C16 749.995 97.54597949733133
C16 770.007 97.15585591056315
C16 800.008 96.02373764681786
C16 830.013 94.29189286641413
C16 869.994 89.23795532140164
C16 900.005 81.83977448156371
C16 919.989 74.85360522463048
C16 959.989 53.25599314279846
C16 1000.013 27.135576455315928
C16 1030.002 10.875081206260583
C16 1049.996 5.254366436786979
C16 1080.005 0.6762378690574332
C16 1100.007 0.09198942279678579
C17 319.992 40.03917195252884
C17 330.006 51.373427117475444
C17 349.994 69.97648057556097
C17 370.001 75.0181580962474
C17 400.009 83.17916878819275
C17 429.983 86.28570789548478
C17 449.989 87.92822310225216
C17 469.993 89.16337287099009
C17 500.016 92.06404732587768
C17 549.99 95.57362615010838
C17 569.998 96.51855589060303
C17 599.983 97.47252615930324
C17 630.013 98.05536176503585
C17 649.987 98.3689040673082
C17 670.017 98.46561101712581
C17 699.987 98.23453969367394
C17 720.012 98.15496015805171
C17 749.995 97.52358034896713
C17 770.007 97.13461639113333
C17 800.008 95.99876747903994
C17 830.013 94.26125424930562
C17 869.994 89.22268178767375
C17 900.005 81.8240355704345
C17 919.989 74.82188326996484
C17 959.989 53.1988966760554
C17 1000.013 27.12267367613645
C17 1030.002 10.930698573926973
C17 1049.996 5.289907728526809
C17 1080.005 0.6760825862093984
C17 1100.007 0.09196829949060231
