lsstCam/transmission_filter_detector/r31_s01/y_10/19700101T000000.ecsv
# %ECSV 1.0
# ---
# datatype:
# - {name: wavelength, unit: nm, datatype: float32}
# - {name: efficiency, unit: '%', datatype: float64}
# meta: !!omap
# - {MODE: DETECTOR}
# - {TYPE: transmission_filter_detector}
# - {CALIBDATE: '1970-01-01T00:00:00'}
# - {INSTRUME: LSSTCam}
# - {OBSTYPE: transmission_filter_detector}
# - {CALIBCLS: lsst.ip.isr.IntermediateFilterDetectorTransmissionCurve}
# - {SOURCE: Materion (DM-46256)}
# - {DETECTOR: 127}
# - {FILTER: y_10}
# - {CALIB_ID: 'calibDate=1970-01-01T00:00:00 filter=y_10 detector=127'}
# - {DATE: '2025-04-02T15:59:51.332265'}
# - {CALIB_CREATION_DATE: '2025-04-02'}
# - {CALIB_CREATION_TIME: '15:59:51'}
# - __serialized_columns__:
#     efficiency:
#       __class__: astropy.units.quantity.Quantity
#       unit: !astropy.units.Unit {unit: '%'}
#       value: !astropy.table.SerializedColumn {name: efficiency}
#     wavelength:
#       __class__: astropy.units.quantity.Quantity
#       unit: !astropy.units.Unit {unit: nm}
#       value: !astropy.table.SerializedColumn {name: wavelength}
# schema: astropy-2.0
wavelength efficiency
[from data line 577]
877.0 0.0020134066289756447
878.0 0.0020470495655899867
879.0 0.001754589902702719
880.0 0.08049608441069722
881.0 0.10897889733314514
882.0 0.0760119641199708
883.0 0.10151987662538886
884.0 0.07116871420294046
885.0 0.10716407559812069
886.0 0.06942067411728203
887.0 0.09328114683739841
888.0 0.06274196202866733
889.0 0.09916216367855668
890.0 0.07010268163867295
891.0 0.08912794291973114
892.0 0.07462273933924735
893.0 0.11274038115516305
894.0 0.08020203094929457
895.0 0.10156964417546988
896.0 0.09216152247972786
897.0 0.1256894669495523
898.0 0.08942228741943836
899.0 0.13379972660914063
900.0 0.10961905354633927
901.0 0.14314313884824514
902.0 0.16137950588017702
903.0 0.1859170850366354
904.0 0.22077353205531836
905.0 0.2687497064471245
906.0 0.3249166766181588
907.0 0.41472441516816616
908.0 0.552885327488184
909.0 0.7582931779325008
910.0 1.0917803272604942
911.0 1.5451140701770782
912.0 2.2797463461756706
913.0 3.3754803240299225
914.0 4.6592433005571365
915.0 6.5574027597904205
916.0 8.825241029262543
917.0 11.276982724666595
918.0 14.066146314144135
919.0 16.7209655046463
920.0 20.302943885326385
921.0 24.02585595846176
922.0 27.7544766664505
923.0 32.22004771232605
924.0 37.05046772956848
925.0 42.39542782306671
926.0 48.795732855796814
927.0 55.66262602806091
928.0 61.677223443984985
929.0 68.14306378364563
930.0 73.76508116722107
931.0 79.19464707374573
932.0 84.19556021690369
933.0 88.33056688308716
934.0 91.2908673286438
935.0 93.33599209785461
936.0 94.87072229385376
937.0 95.9351658821106
938.0 96.62773013114929
939.0 96.91189527511597
940.0 97.17532396316528
941.0 97.31419682502747
942.0 97.46081829071045
943.0 97.5428581237793
944.0 97.77323603630066
945.0 97.75835275650024
946.0 97.76626229286194
947.0 97.74117469787598
948.0 97.89031147956848
949.0 97.79841899871826
950.0 97.90030121803284
951.0 97.99981117248535
952.0 98.07336330413818
953.0 98.24184775352478
954.0 98.34852814674377
955.0 98.41411113739014
956.0 98.58230352401733
957.0 98.74066710472107
958.0 98.89770150184631
959.0 98.93419742584229
960.0 99.00109767913818
961.0 99.02003407478333
962.0 99.08462166786194
963.0 99.08159971237183
964.0 99.12251234054565
965.0 99.11236763000488
966.0 99.20625686645508
967.0 99.29220080375671
968.0 99.24570918083191
969.0 99.26780462265015
970.0 99.31888580322266
971.0 99.36670660972595
972.0 99.3792712688446
973.0 99.48944449424744
974.0 99.46144223213196
975.0 99.44667220115662
976.0 99.50473308563232
977.0 99.45145845413208
978.0 99.51086640357971
979.0 99.45211410522461
980.0 99.40667748451233
981.0 99.32304620742798
982.0 99.25732612609863
983.0 99.29847121238708
984.0 99.25280213356018
985.0 99.27278757095337
986.0 99.16242361068726
987.0 99.22491908073425
988.0 99.11364316940308
989.0 99.14727210998535
990.0 99.10510778427124
991.0 99.14919137954712
992.0 99.21395778656006
993.0 99.1631805896759
994.0 99.13443326950073
995.0 99.21016097068787
996.0 99.17500615119934
997.0 99.32425618171692
998.0 99.35398697853088
999.0 99.36556816101074
1000.0 99.40036535263062
1001.0 99.34208393096924
1002.0 99.45572018623352
1003.0 99.46984052658081
1004.0 99.52896237373352
1005.0 99.44692254066467
1006.0 99.58589673042297
1007.0 99.53517317771912
1008.0 99.49735403060913
1009.0 99.42428469657898
1010.0 99.46656823158264
1011.0 99.49918985366821
1012.0 99.42111372947693
1013.0 99.41247701644897
1014.0 99.39499497413635
1015.0 99.35517311096191
1016.0 99.32272434234619
1017.0 99.41938519477844
1018.0 99.46388602256775
1019.0 99.32106137275696
1020.0 99.40972924232483
1021.0 99.57199692726135
1022.0 99.43664073944092
1023.0 99.47606921195984
1024.0 99.45130944252014
1025.0 99.49772357940674
1026.0 99.54136610031128
1027.0 99.64895844459534
1028.0 99.60871934890747
1029.0 99.705570936203
1030.0 99.71336126327515
1031.0 99.63163137435913
1032.0 99.66039061546326
1033.0 99.61167573928833
1034.0 99.66346025466919
1035.0 99.67162013053894
1036.0 99.59918856620789
1037.0 99.63500499725342
1038.0 99.53588247299194
1039.0 99.52820539474487
1040.0 99.45724606513977
1041.0 99.53707456588745
1042.0 99.42824840545654
1043.0 99.38674569129944
1044.0 99.42578077316284
1045.0 99.22378063201904
1046.0 99.36572313308716
1047.0 99.31108951568604
1048.0 99.39807057380676
1049.0 99.3364930152893
1050.0 99.30096864700317
1051.0 99.32801127433777
1052.0 99.27414655685425
1053.0 99.16964769363403
1054.0 99.34438467025757
1055.0 99.46512579917908
1056.0 99.27747845649719
1057.0 99.48199987411499
1058.0 99.19517636299133
1059.0 99.26087856292725
1060.0 99.43773150444031
1061.0 99.27958846092224
1062.0 99.32422637939453
1063.0 99.36091303825378
1064.0 99.46945905685425
1065.0 99.35678243637085
1066.0 99.28692579269409
1067.0 99.44905638694763
1068.0 99.30344820022583
1069.0 99.12770390510559
1070.0 99.48657155036926
1071.0 99.38861131668091
1072.0 99.38880205154419
1073.0 99.63989853858948
1074.0 99.11463856697083
1075.0 99.11446571350098
1076.0 98.98329973220825
1077.0 99.3208646774292
1078.0 99.40149188041687
1079.0 99.07289147377014
1080.0 99.80342984199524
1081.0 99.04302954673767
1082.0 99.07678961753845
1083.0 99.02141690254211
1084.0 99.40959215164185
1085.0 99.14565682411194
1086.0 99.19911623001099
1087.0 99.17488098144531
1088.0 98.82973432540894
1089.0 98.89183640480042
1090.0 98.6900269985199
1091.0 99.00610446929932
1092.0 98.73511791229248
1093.0 98.83710145950317
1094.0 98.80313277244568
1095.0 98.8066017627716
1096.0 98.7994134426117
1097.0 98.66620302200317
1098.0 98.08977246284485
1099.0 98.89291524887085
1100.0 98.36328625679016
