lsstCam/transmission_filter_detector/r31_s01/y_10/19700101T000000.ecsv
# %ECSV 1.0
# ---
# datatype:
# - {name: wavelength, unit: nm, datatype: float32}
# - {name: efficiency, unit: '%', datatype: float64}
# meta: !!omap
# - {MODE: DETECTOR}
# - {TYPE: transmission_filter_detector}
# - {CALIBDATE: '1970-01-01T00:00:00'}
# - {INSTRUME: LSSTCam}
# - {OBSTYPE: transmission_filter_detector}
# - {CALIBCLS: lsst.ip.isr.IntermediateFilterDetectorTransmissionCurve}
# - {SOURCE: Materion (DM-46256)}
# - {DETECTOR: 127}
# - {FILTER: y_10}
# - {CALIB_ID: 'calibDate=1970-01-01T00:00:00 filter=y_10 detector=127'}
# - {DATE: '2025-04-02T15:59:51.332265'}
# - {CALIB_CREATION_DATE: '2025-04-02'}
# - {CALIB_CREATION_TIME: '15:59:51'}
# - __serialized_columns__:
#     efficiency:
#       __class__: astropy.units.quantity.Quantity
#       unit: !astropy.units.Unit {unit: '%'}
#       value: !astropy.table.SerializedColumn {name: efficiency}
#     wavelength:
#       __class__: astropy.units.quantity.Quantity
#       unit: !astropy.units.Unit {unit: nm}
#       value: !astropy.table.SerializedColumn {name: wavelength}
# schema: astropy-2.0
wavelength efficiency
300.0 0.02036878577200696
301.0 0.020100291294511408
302.0 0.019831795361824334
303.0 0.014778078184463084
304.0 0.009724359551910311
305.0 0.009966139623429626
306.0 0.010207918239757419
307.0 0.010342546011088416
308.0 0.010477173054823652
309.0 0.009995563596021384
310.0 0.009513957047602162
311.0 0.006243032112251967
312.0 0.0029721080863964744
313.0 0.00445780206064228
314.0 0.0059434947615955025
315.0 0.003478412691038102
316.0 0.0010133303476322908
317.0 0.0019503224393702112
318.0 0.0028873137125629
319.0 0.0014689497220388148
320.0 5.058499255028437e-05
321.0 1.5814026520580282e-10
322.0 1.5814026520580282e-10
323.0 0.0028183325412101112
324.0 0.0063382940425071865
325.0 0.0033195461583090946
326.0 0.0003007981376867974
327.0 0.0010877700333367102
328.0 0.0018747412468655966
329.0 0.0028113887310610153
330.0 0.0037480360333574936
331.0 0.0031813728128327057
332.0 0.002614709774206858
333.0 0.003549315078998916
334.0 0.004483920201892033
335.0 0.003840310455416329
336.0 0.003196699617546983
337.0 0.0025674045900814235
338.0 0.0019381091988179833
339.0 0.001771169263520278
340.0 0.0016042293282225728
341.0 0.0016795598639873788
342.0 0.0017548902178532444
343.0 0.0012983986380277202
344.0 0.0008419069672527257
345.0 0.0009071788554138038
346.0 0.0009724508345243521
347.0 0.0009131041224463843
348.0 0.0008537575013178866
349.0 0.0008828244972391985
350.0 0.0009118914022110403
351.0 0.0011802952940342948
352.0 0.0014486990949080791
353.0 0.0014159347301756497
354.0 0.0013831704563926905
355.0 0.001607115518709179
356.0 0.0018310603991267271
357.0 0.0016978559870040044
358.0 0.0015646515748812817
359.0 0.0011502773304528091
360.0 0.0007359030405496014
361.0 0.0008778973096923437
362.0 0.001019891624309821
363.0 0.001005609919957351
364.0 0.0009913280337059405
365.0 0.0012840920135204215
366.0 0.0015768560842843726
367.0 0.001688699921942316
368.0 0.0018005437596002594
369.0 0.001563684782013297
370.0 0.0013268259863252752
371.0 0.0012883802810392808
372.0 0.001249934848601697
373.0 0.0015986497601261362
374.0 0.0019473645807011053
375.0 0.002931770541181322
376.0 0.003916176501661539
377.0 0.00406276412832085
378.0 0.004209351391182281
379.0 0.003786830711760558
380.0 0.003364310396136716
381.0 0.0025115667085628957
382.0 0.0016588230209890753
383.0 0.0013018814570386894
384.0 0.0009449398021388333
385.0 0.0008108401743811555
386.0 0.0006767406375729479
387.0 0.0006801275958423503
388.0 0.0006835145541117527
389.0 0.0005958574547548778
390.0 0.0005082005372969434
391.0 0.0005319269803294446
392.0 0.0005556533324124757
393.0 0.0006647882855759235
394.0 0.0007739229658909608
395.0 0.0007030980668787379
396.0 0.0006322730314423097
397.0 0.0007545039807155263
398.0 0.0008767347026150674
399.0 0.0011025025742128491
400.0 0.0013282702639116906
401.0 0.001445126508770045
402.0 0.0015619825717294589
403.0 0.0016881684132386
404.0 0.0018143538909498602
405.0 0.0018647939214133658
406.0 0.0019152339518768713
407.0 0.0016353649698430672
408.0 0.0013554959878092632
409.0 0.0012208299267513212
410.0 0.0010861634109460283
411.0 0.0010583223229332361
412.0 0.0010304810530215036
413.0 0.0005768209575762739
414.0 0.00012316096444919822
415.0 0.00039567275962326676
416.0 0.0006681844752165489
417.0 1.5814026520580282e-10
418.0 1.5814026520580282e-10
419.0 1.5814026520580282e-10
420.0 1.5814026520580282e-10
421.0 0.00014152824405755382
422.0 0.0004721734512713738
423.0 0.0009768792551767547
424.0 0.0014815851500316057
425.0 0.00015509808690694626
426.0 1.5814026520580282e-10
427.0 1.5814026520580282e-10
428.0 0.0005835895990458084
429.0 0.00011646426401057397
430.0 1.5814026520580282e-10
431.0 0.00016974601066976902
432.0 0.0006901529559399933
433.0 9.132466516348359e-06
434.0 1.5814026520580282e-10
435.0 0.0001321071749771363
436.0 0.000936102333071176
437.0 0.00038993161979306024
438.0 1.5814026520580282e-10
439.0 1.5814026520580282e-10
440.0 4.8959060450215475e-05
441.0 0.00028687995836662594
442.0 0.0005248008619673783
443.0 0.000514090515935095
444.0 0.0005033800334786065
445.0 0.000625427810518886
446.0 0.0007474754511349602
447.0 0.0006392568593582837
448.0 0.0005310383585310774
449.0 0.00014637257663707715
450.0 1.5814026520580282e-10
451.0 1.7502907212474383e-05
452.0 0.0002732990878939745
453.0 0.00013795104223390808
454.0 2.602936532980493e-06
455.0 0.00048805623009684496
456.0 0.0009735094863572158
457.0 0.0002917998699558666
458.0 1.5814026520580282e-10
459.0 1.5814026520580282e-10
460.0 1.5814026520580282e-10
461.0 1.5814026520580282e-10
462.0 0.00033711658034007996
463.0 0.0005726858944399282
464.0 0.0008082552085397765
465.0 0.0007563955023215385
466.0 0.0007045358870527707
467.0 0.0008598069143772591
468.0 0.0010150781236006878
469.0 0.0014912477126927115
470.0 0.0019674174836836755
471.0 0.002182534080930054
472.0 0.0023976504962774925
473.0 0.0023953265554155223
474.0 0.0023930024326546118
475.0 0.0026830643037101254
476.0 0.002973126174765639
477.0 0.0030423067073570564
478.0 0.003111487239948474
479.0 0.0034297991078346968
480.0 0.0037481113395188004
481.0 0.004164353231317364
482.0 0.004580594759318046
483.0 0.004338104554335587
484.0 0.0040956139855552465
485.0 0.0037611531297443435
486.0 0.0034266922739334404
487.0 0.0031544808734906837
488.0 0.0028822696549468674
489.0 0.0025625959096942097
490.0 0.002242922164441552
491.0 0.002046825102297589
492.0 0.0018507280401536264
493.0 0.001752670323185157
494.0 0.001654612242418807
495.0 0.001855396112659946
496.0 0.002056179982901085
497.0 0.0018112359612132423
498.0 0.0015662919395253994
499.0 0.0018102122339769267
500.0 0.0020541321646305732
501.0 0.002539612069085706
502.0 0.003025091973540839
503.0 0.0029310156605788507
504.0 0.0028369393476168625
505.0 0.0024561555619584396
506.0 0.0020753721400978975
507.0 0.0021839778128196485
508.0 0.00229258366744034
509.0 0.0020430572476470843
510.0 0.0017935311916517094
511.0 0.0016571244486840442
512.0 0.001520717705716379
513.0 0.0016318233974743634
514.0 0.0017429292711312883
515.0 0.0016284688172163442
516.0 0.0015140086361498106
517.0 0.0013108886378176976
518.0 0.001107768821384525
519.0 0.0011487861229397822
520.0 0.0011898036063939799
521.0 0.001556408460601233
522.0 0.0019230135876568966
523.0 0.0018285989426658489
524.0 0.0017341841157758608
525.0 0.0019376608179300092
526.0 0.0021411373381852172
527.0 0.002092193244607188
528.0 0.0020432491510291584
529.0 0.0021224652300588787
530.0 0.0022016809452907182
531.0 0.0022121785150375217
532.0 0.002222676084784325
533.0 0.0020620163923013024
534.0 0.0019013566998182796
535.0 0.0016717709513613954
536.0 0.0014421850210055709
537.0 0.001962404894584324
538.0 0.002482624950062018
539.0 0.0028701324481517076
540.0 0.0032576401281403378
541.0 0.0035899462091038004
542.0 0.0039222515624715015
543.0 0.004436992821865715
544.0 0.004951733717462048
545.0 0.004921516665490344
546.0 0.004891299977316521
547.0 0.004316764170653187
548.0 0.0037422280001919717
549.0 0.0030712737498106435
550.0 0.0024003196813282557
551.0 0.0025203924451489
552.0 0.002640465390868485
553.0 0.0028774922611773945
554.0 0.003114519131486304
555.0 0.0038558860978810117
556.0 0.0045972534280736
557.0 0.0043512405682122335
558.0 0.004105227708350867
559.0 0.003821682548732497
560.0 0.0035381377529120073
561.0 0.0036777993955183774
562.0 0.0038174610381247476
563.0 0.0035518562071956694
564.0 0.0032862510124687105
565.0 0.0034004922781605273
566.0 0.003514733907650225
567.0 0.003885872138198465
568.0 0.004257010732544586
569.0 0.0049355563533026725
570.0 0.005614101610262878
571.0 0.005791775765828788
572.0 0.005969449921394698
573.0 0.006164215301396325
574.0 0.006358980317600071
575.0 0.00638895871816203
576.0 0.00641893784631975
577.0 0.0059743342717411
578.0 0.005529730697162449
579.0 0.0056987722928170115
580.0 0.005867813524673693
581.0 0.006780464173061773
582.0 0.007693114457651973
583.0 0.008702452760189772
584.0 0.009711793973110616
585.0 0.010129521251656115
586.0 0.010547247802605852
587.0 0.010685816232580692
588.0 0.010824386117747054
589.0 0.010614462371449918
590.0 0.010404540080344304
591.0 0.00963112834142521
592.0 0.008857717330101877
593.0 0.0076059332059230655
594.0 0.006354148354148492
595.0 0.005828113717143424
596.0 0.005302079807734117
597.0 0.005889845851925202
598.0 0.006477611168520525
599.0 0.007495808677049354
600.0 0.008514006913173944
601.0 0.009506991045782343
602.0 0.010499975905986503
603.0 0.010669360926840454
604.0 0.010838747402885929
605.0 0.010972054587909952
606.0 0.011105360317742452
607.0 0.009614747978048399
608.0 0.008124135638354346
609.0 0.006481941090896726
610.0 0.004839745452045463
611.0 0.004135068957111798
612.0 0.0034303920983802527
613.0 0.003353987995069474
614.0 0.0032775835279608145
615.0 0.004387923399917781
616.0 0.005498263271874748
617.0 0.006802539428463206
618.0 0.008106813038466498
619.0 0.00944922212511301
620.0 0.010791629756568
621.0 0.011153684317832813
622.0 0.011515741789480671
623.0 0.011658886796794832
624.0 0.01180203034891747
625.0 0.01048294361680746
626.0 0.00916385542950593
627.0 0.007310583896469325
628.0 0.005457313091028482
629.0 0.004510090366238728
630.0 0.0035628680052468553
631.0 0.002911840238084551
632.0 0.0022608128347201273
633.0 0.002460104224155657
634.0 0.002659395795490127
635.0 0.002906056397478096
636.0 0.0031527171813650057
637.0 0.003502938852761872
638.0 0.0038531605241587386
639.0 0.004376704964670353
640.0 0.004900249405181967
641.0 0.005130910358275287
642.0 0.005361570947570726
643.0 0.005524275547941215
644.0 0.005686979784513824
645.0 0.004914874807582237
646.0 0.004142769466852769
647.0 0.003392596772755496
648.0 0.0026424242605571635
649.0 0.0022197220459929667
650.0 0.0017970196495298296
651.0 0.001683538175711874
652.0 0.0015700563380960375
653.0 0.0016845384379848838
654.0 0.0017990203559747897
655.0 0.0015652194633730687
656.0 0.001331418206973467
657.0 0.001409545075148344
658.0 0.0014876717614242807
659.0 0.0015378414900624193
660.0 0.0015880110368016176
661.0 0.0015839510524529032
662.0 0.0015798914319020696
663.0 0.0017694359485176392
664.0 0.0019589802832342684
665.0 0.0025240580725949258
666.0 0.003089135861955583
667.0 0.004045336027047597
668.0 0.005001536555937491
669.0 0.005703185524907894
670.0 0.006404834857676178
671.0 0.006855703395558521
672.0 0.007306571933440864
673.0 0.007336521230172366
674.0 0.007366470526903868
675.0 0.007391932740574703
676.0 0.0074173949542455375
677.0 0.005902508564759046
678.0 0.00438761999248527
679.0 0.0031328105251304805
680.0 0.0018780001482809894
681.0 0.0013226793271314818
682.0 0.0007673586878809147
683.0 0.000666599908072385
684.0 0.0005658412192133255
685.0 0.00040064091990643647
686.0 0.00023544048417534214
687.0 0.000143319823564525
688.0 5.11991459006822e-05
689.0 0.00015194627849268727
690.0 0.0002526933940316667
691.0 0.0002669884906936204
692.0 0.0002812834281940013
693.0 0.00019371766484255204
694.0 0.00010615185601636767
695.0 0.00015909271269265446
696.0 0.00021203368305577897
697.0 0.0003021927341251285
698.0 0.0003923518306692131
699.0 0.0003138480451525538
700.0 0.00023534439606009983
701.0 7.547907330263115e-05
702.0 1.5814026520580282e-10
703.0 1.5814026520580282e-10
704.0 1.213062859051206e-05
705.0 7.583934120702907e-05
706.0 0.00013954800124338362
707.0 0.00031243487228493905
708.0 0.00048532178880122956
709.0 0.00071140448199003
710.0 0.000937487402552506
711.0 0.0006785795903851977
712.0 0.00041967177821788937
713.0 0.0002857974777725758
714.0 0.00015192320006462978
715.0 0.0002538933813411859
716.0 0.00035586353988037445
717.0 0.00018932898910861695
718.0 2.279448665376549e-05
719.0 0.0003839193141175201
720.0 0.000745044326322386
721.0 0.0006002514510328183
722.0 0.000455458803116926
723.0 0.0006313573067018297
724.0 0.0008072558557614684
725.0 0.0003145205710097798
726.0 1.5814026520580282e-10
727.0 1.5814026520580282e-10
728.0 0.00017274246602028143
729.0 0.00032919076602411224
730.0 0.0004856389296037378
731.0 0.0003600707941586734
732.0 0.00023450286334991688
733.0 0.00045480610424419865
734.0 0.0006751095952495234
735.0 0.0005728135874960572
736.0 0.0004705176706920611
737.0 0.00034457837045920314
738.0 0.00021863918391318293
739.0 0.00021256364561850205
740.0 0.00020648808458645362
741.0 0.0003895928330166498
742.0 0.0005726976269215811
743.0 0.0003760493200388737
744.0 0.0001794008881006448
745.0 0.0003870522959914524
746.0 0.0005947033969277982
747.0 0.0003726651129909442
748.0 0.00015062672673593624
749.0 0.0002517833991078078
750.0 0.000352940037373628
751.0 0.0005896856691833818
752.0 0.0008264311873062979
753.0 0.000508547645949875
754.0 0.00019066405911871698
755.0 0.00039449637370125856
756.0 0.00059832859733433
757.0 0.00042371234485472087
758.0 0.00024909618332458194
759.0 0.0003931372248189291
760.0 0.0005371783572627464
761.0 0.0004728826297650812
762.0 0.0004085869932168862
763.0 0.00046226955419115257
764.0 0.0005159521151654189
765.0 0.0005478178991324967
766.0 0.0005796836830995744
767.0 0.000602708496444393
768.0 0.0006257334007386817
769.0 0.00043686436583811883
770.0 0.00024799526272545336
771.0 0.00045119363676349167
772.0 0.0006543919880641624
773.0 0.00033833650832093554
774.0 2.228091773304186e-05
775.0 0.00032116088277689414
776.0 0.0006200410552992253
777.0 0.00045509327719628345
778.0 0.00029014545361860655
779.0 0.0005094640982861165
780.0 0.0007287826520041563
781.0 0.0006056609436200233
782.0 0.00048253941713483073
783.0 0.0008827066267258488
784.0 0.0012828738363168668
785.0 0.0010441503036417998
786.0 0.0008054264981183223
787.0 0.000526136000189581
788.0 0.00024684534309926676
789.0 0.0005218200385570526
790.0 0.0007967946658027358
791.0 0.0008356427315447945
792.0 0.0008744906153879128
793.0 0.0007726936928520445
794.0 0.0006708968157909112
795.0 0.0005519439582712948
796.0 0.00043299105527694337
797.0 0.0006507035777758574
798.0 0.0008684161002747715
799.0 0.0004477637503441656
800.0 2.711146578349144e-05
801.0 0.0005891273758606985
802.0 0.0011511432603583671
803.0 0.0009524664164928254
804.0 0.0007537897090514889
805.0 0.0007437181920977309
806.0 0.0007336467206187081
807.0 0.0006932171800144715
808.0 0.0006527877758344403
809.0 0.0006670124548691092
810.0 0.0006812371793785132
811.0 0.0006449033207900357
812.0 0.0006085693712520879
813.0 0.0006393640887836227
814.0 0.0006701586698909523
815.0 0.0005911497737542959
816.0 0.0005121407866681693
817.0 0.0006655344805039931
818.0 0.0008189284017134923
819.0 0.0008911093573260587
820.0 0.000963290312938625
821.0 0.0009618607691663783
822.0 0.0009604313163436018
823.0 0.0007772352546453476
824.0 0.000594039011048153
825.0 0.0008263928975793533
826.0 0.0010587467841105536
827.0 0.0009456422048970126
828.0 0.0008325374437845312
829.0 0.0006463453246396966
830.0 0.00046015320549486205
831.0 0.0005043475994170876
832.0 0.0005485420842887834
833.0 0.001023329696181463
834.0 0.0014981173080741428
835.0 0.0012993259588256478
836.0 0.0011005343367287423
837.0 0.0007207519047369715
838.0 0.00034096949548256816
839.0 0.0003660467200461426
840.0 0.00039112392187234946
841.0 0.0007889923836046364
842.0 0.0011868608453369234
843.0 0.0008817680281936191
844.0 0.0005766752565250499
845.0 0.0007153469596232753
846.0 0.0008540184353478253
847.0 0.0009776226761459839
848.0 0.0011012269169441424
849.0 0.0006990119345573476
850.0 0.00029679692943318514
851.0 0.0005589943157247035
852.0 0.0008211915883293841
853.0 0.0010721149010350928
854.0 0.0013230382137408014
855.0 0.001118494401453063
856.0 0.0009139508620137349
857.0 0.001123717720474815
858.0 0.0013334846698853653
859.0 0.0010393396223662421
860.0 0.0007451947112713242
861.0 0.0010398005542811006
862.0 0.001334406351816142
863.0 0.0013837448932463303
864.0 0.0014330835256259888
865.0 0.0018054319298244081
866.0 0.0021777803340228274
867.0 0.0027328063879394904
868.0 0.0032878324418561533
869.0 0.0028651393222389743
870.0 0.0024424458388239145
871.0 0.003090899917879142
872.0 0.003739353996934369
873.0 0.00293982338916976
874.0 0.0021402929633040912
875.0 0.002060028418782167
