lsstCam/transmission_filter_detector/r02_s22/y_10/19700101T000000.ecsv
# %ECSV 1.0
# ---
# datatype:
# - {name: wavelength, unit: nm, datatype: float32}
# - {name: efficiency, unit: '%', datatype: float64}
# meta: !!omap
# - {MODE: DETECTOR}
# - {TYPE: transmission_filter_detector}
# - {CALIBDATE: '1970-01-01T00:00:00'}
# - {INSTRUME: LSSTCam}
# - {OBSTYPE: transmission_filter_detector}
# - {CALIBCLS: lsst.ip.isr.IntermediateFilterDetectorTransmissionCurve}
# - {SOURCE: Materion (DM-46256)}
# - {DETECTOR: 17}
# - {FILTER: y_10}
# - {CALIB_ID: 'calibDate=1970-01-01T00:00:00 filter=y_10 detector=17'}
# - {DATE: '2025-04-02T15:59:50.819454'}
# - {CALIB_CREATION_DATE: '2025-04-02'}
# - {CALIB_CREATION_TIME: '15:59:50'}
# - __serialized_columns__:
#     efficiency:
#       __class__: astropy.units.quantity.Quantity
#       unit: !astropy.units.Unit {unit: '%'}
#       value: !astropy.table.SerializedColumn {name: efficiency}
#     wavelength:
#       __class__: astropy.units.quantity.Quantity
#       unit: !astropy.units.Unit {unit: nm}
#       value: !astropy.table.SerializedColumn {name: wavelength}
# schema: astropy-2.0
wavelength efficiency
300.0 0.5366484168916941
301.0 0.28952385764569044
302.0 0.04239924892317504
303.0 0.03606260288506746
304.0 0.02972596266772598
305.0 0.02269026736030355
306.0 0.0156545705976896
307.0 0.01884571829577908
308.0 0.022036864538677037
309.0 0.016842479817569256
310.0 0.01164809291367419
311.0 0.00936281867325306
312.0 0.0070775415224488825
313.0 0.00782109855208546
314.0 0.008564654854126275
315.0 0.006832242797827348
316.0 0.0050998321967199445
317.0 0.004735145557788201
318.0 0.004370454553281888
319.0 0.0020556852177833207
320.0 1.6140747592652271e-10
321.0 0.0020446315829758532
322.0 0.004348348738858476
323.0 0.002916064295277465
324.0 0.0014837797607469838
325.0 0.000499233283335343
326.0 1.6140747592652271e-10
327.0 0.0005146860075910809
328.0 0.0015146853911573999
329.0 0.003080140959355049
330.0 0.0046455963456537575
331.0 0.004340420491644181
332.0 0.004035243910038844
333.0 0.0027120811864733696
334.0 0.0013889176443626639
335.0 0.001836891533457674
336.0 0.002284865877300035
337.0 0.002664038947841618
338.0 0.00304321147268638
339.0 0.0016419591702288017
340.0 0.0002407065721854451
341.0 1.6140747592652271e-10
342.0 1.6140747592652271e-10
343.0 0.000266080814981251
344.0 0.0007744104550511111
345.0 0.0010963126442220528
346.0 0.0014182154700392857
347.0 0.0014813092093390878
348.0 0.0015444027667399496
349.0 0.0015209714547381736
350.0 0.001497539778938517
351.0 0.0015921530575724319
352.0 0.0016867657905095257
353.0 0.0012158890967839397
354.0 0.0007450122211594135
355.0 0.0009785911970539019
356.0 0.00121217008199892
357.0 0.0009435096217202954
358.0 0.0006748488431185251
359.0 0.0008171899935405236
360.0 0.0009595310075383168
361.0 0.0012956305909028742
362.0 0.0016317299014190212
363.0 0.0012941632121510338
364.0 0.0009565960681356955
365.0 0.0012975303434359375
366.0 0.0016384652553824708
367.0 0.0021410804038168862
368.0 0.0026436955522513017
369.0 0.0021124838895048015
370.0 0.0015812722267583013
371.0 0.0015738194633740932
372.0 0.0015663665180909447
373.0 0.0020662311726482585
374.0 0.0025660960091045126
375.0 0.0033719377825036645
376.0 0.004177779555902816
377.0 0.004109263318241574
378.0 0.004040746716782451
379.0 0.0036602305044652894
380.0 0.003279714655946009
381.0 0.0022002835976309143
382.0 0.0011208523574168794
383.0 0.0011474008715595119
384.0 0.0011739491128537338
385.0 0.000901675048226025
386.0 0.0006294009835983161
387.0 0.0006698156084894435
388.0 0.0007102303698047763
389.0 0.000612868279858958
390.0 0.0005155063263373449
391.0 0.0004993652055418352
392.0 0.00048322422117053065
393.0 0.000631287230135058
394.0 0.0007793503755237907
395.0 0.0006682179446215741
396.0 0.0005570854682446225
397.0 0.000792985792941181
398.0 0.0010288859812135343
399.0 0.0012850617167714518
400.0 0.001541237361379899
401.0 0.0016870359104359522
402.0 0.0018328346413909458
403.0 0.001809288005460985
404.0 0.001785741187632084
405.0 0.00171719857462449
406.0 0.0016486561435158364
407.0 0.0013968817256682087
408.0 0.001145107398770051
409.0 0.0009067917744687293
410.0 0.0006684756954200566
411.0 0.0002930103164544562
412.0 1.6140747592652271e-10
413.0 0.000794058996689273
414.0 0.0016705727830412798
415.0 0.0023738508389214985
416.0 0.0030771290767006576
417.0 0.001547436295368243
418.0 1.774365188111915e-05
419.0 1.6140747592652271e-10
420.0 1.6140747592652271e-10
421.0 1.6140747592652271e-10
422.0 0.0006072466021578293
423.0 0.0007489220479328651
424.0 0.0008905973118089605
425.0 9.86430563898466e-05
426.0 1.6140747592652271e-10
427.0 1.6140747592652271e-10
428.0 0.0005360203886084491
429.0 0.00013560672869061818
430.0 1.6140747592652271e-10
431.0 0.0007235677912831306
432.0 0.0017119427866418846
433.0 0.0010762068995973095
434.0 0.00044047155824955553
435.0 1.6140747592652271e-10
436.0 1.6140747592652271e-10
437.0 1.6140747592652271e-10
438.0 0.00020785978449566755
439.0 1.6140747592652271e-10
440.0 1.6140747592652271e-10
441.0 1.6140747592652271e-10
442.0 1.6140747592652271e-10
443.0 1.6140747592652271e-10
444.0 5.0977081400560564e-05
445.0 0.00037236852676869603
446.0 0.0006937598755030194
447.0 0.0006000526354910107
448.0 0.000506345350004267
449.0 0.0007405740234389668
450.0 0.000974802333075786
451.0 0.0006476612725236919
452.0 0.00032052032565843547
453.0 0.0001256132236449048
454.0 1.6140747592652271e-10
455.0 1.6140747592652271e-10
456.0 1.6140747592652271e-10
457.0 4.6191655656002695e-05
458.0 0.0002683340653675259
459.0 0.00030966041322244564
460.0 0.0003509867838147329
461.0 0.00038001394386810716
462.0 0.0004090410584467463
463.0 0.00033716551115503535
464.0 0.000265290032075427
465.0 0.00035967716485174606
466.0 0.0004540644567896379
467.0 0.0008977103789220564
468.0 0.0013413560736807995
469.0 0.0014720880244567525
470.0 0.0016028194295358844
471.0 0.0016374151527998038
472.0 0.0016720105122658424
473.0 0.0021669085981557146
474.0 0.0026618065021466464
475.0 0.002706499071791768
476.0 0.00275119182333583
477.0 0.0033119395084213465
478.0 0.003872687739203684
479.0 0.004297370105632581
480.0 0.004722052835859358
481.0 0.004629502291209064
482.0 0.0045369517465587705
483.0 0.003923027543351054
484.0 0.0033091026125475764
485.0 0.003576304152375087
486.0 0.003843505328404717
487.0 0.0032991600164677948
488.0 0.002754814522631932
489.0 0.0023665683329454623
490.0 0.001978322325157933
491.0 0.0017892769392346963
492.0 0.001600231189513579
493.0 0.0012580168913700618
494.0 0.0009158030479738954
495.0 0.0011482137779239565
496.0 0.001380624689772958
497.0 0.001820859506551642
498.0 0.002261094778077677
499.0 0.0022465968868345954
500.0 0.0022320993593893945
501.0 0.002288057112309616
502.0 0.002344015047128778
503.0 0.0025264505893574096
504.0 0.0027088857677881606
505.0 0.0032435116736451164
506.0 0.003778137397603132
507.0 0.0027872983991983347
508.0 0.0017964588550967164
509.0 0.001968894139281474
510.0 0.002141329059668351
511.0 0.0019905261069652624
512.0 0.0018397229723632336
513.0 0.001895177410915494
514.0 0.0019506325770635158
515.0 0.0018181308405473828
516.0 0.0016856291040312499
517.0 0.001592067928868346
518.0 0.0014985062080086209
519.0 0.0014725579603691585
520.0 0.0014466093489318155
521.0 0.0016928152035688981
522.0 0.0019390205125091597
523.0 0.0018092281607096083
524.0 0.0016794356270111166
525.0 0.002127721563738305
526.0 0.002576008228061255
527.0 0.0024024793674470857
528.0 0.0022289512344286777
529.0 0.0023878641513874754
530.0 0.002546776886447333
531.0 0.0024231318093370646
532.0 0.002299486550327856
533.0 0.0026098749003722332
534.0 0.0029202627047197893
535.0 0.0024207043679780327
536.0 0.001921146031236276
537.0 0.0023665023036301136
538.0 0.002811858394125011
539.0 0.00346519191225525
540.0 0.004118524884688668
541.0 0.004005996743217111
542.0 0.003893468965543434
543.0 0.004155737769906409
544.0 0.0044180062104715034
545.0 0.004968338907929137
546.0 0.0055186712415888906
547.0 0.004532903403742239
548.0 0.003547135565895587
549.0 0.003138370084343478
550.0 0.0027296042389934883
551.0 0.0026591360438033007
552.0 0.002588667666714173
553.0 0.00308346061501652
554.0 0.0035782526538241655
555.0 0.0038137430237839
556.0 0.004049233393743634
557.0 0.003784248838201165
558.0 0.003519264646456577
559.0 0.003300115349702537
560.0 0.0030809656891506165
561.0 0.0035149860195815563
562.0 0.003949005986214615
563.0 0.0036948527849745005
564.0 0.0034406995837343857
565.0 0.0038687794585712254
566.0 0.0042968600610038266
567.0 0.004544481271295808
568.0 0.00479210248158779
569.0 0.00522910340805538
570.0 0.00566610433452297
571.0 0.005818243880639784
572.0 0.005970383426756598
573.0 0.006407900218619034
574.0 0.006845416646683589
575.0 0.006709829904139042
576.0 0.006574242433998734
577.0 0.005902016710024327
578.0 0.005229791713645682
579.0 0.005918419628869742
580.0 0.006607047544093803
581.0 0.007016279414528981
582.0 0.007425509829772636
583.0 0.008354123565368354
584.0 0.009282733662985265
585.0 0.009477565617999062
586.0 0.00967239830060862
587.0 0.009912981477100402
588.0 0.010153563198400661
589.0 0.010481858771527186
590.0 0.010810156527440995
591.0 0.010184518760070205
592.0 0.009558880265103653
593.0 0.007819430175004527
594.0 0.006079984086682089
595.0 0.0058671848819358274
596.0 0.005654386040987447
597.0 0.0060585000028368086
598.0 0.006462613237090409
599.0 0.007370091043412685
600.0 0.008277566666947678
601.0 0.008844628609949723
602.0 0.009411688370164484
603.0 0.010475400631548837
604.0 0.011539114348124713
605.0 0.011672509572235867
606.0 0.011805904796347022
607.0 0.010182042024098337
608.0 0.008558180707041174
609.0 0.006613898585783318
610.0 0.004669618283514865
611.0 0.004004115180578083
612.0 0.003338612077641301
613.0 0.0037286648876033723
614.0 0.004118717333767563
615.0 0.004974370676791295
616.0 0.005830024747410789
617.0 0.0068786444899160415
618.0 0.007927264232421294
619.0 0.008890100434655324
620.0 0.009852938092080876
621.0 0.011088808969361708
622.0 0.0123246805742383
623.0 0.012235005851835012
624.0 0.012145330401835963
625.0 0.010799433948704973
626.0 0.009453535312786698
627.0 0.007407752855215222
628.0 0.005361968214856461
629.0 0.0044664084271062165
630.0 0.0035708482755580917
631.0 0.0030351966415764764
632.0 0.00249954446189804
633.0 0.0027404126740293577
634.0 0.002981281068059616
635.0 0.003000370634254068
636.0 0.0030194596547516994
637.0 0.003788245521718636
638.0 0.004557030842988752
639.0 0.00458281792816706
640.0 0.0046086046495474875
641.0 0.005133316517458297
642.0 0.0056580291129648685
643.0 0.005692066406481899
644.0 0.005726104063796811
645.0 0.00531826117367018
646.0 0.004910417919745669
647.0 0.004014444857602939
648.0 0.0031184717954602093
649.0 0.00236775213124929
650.0 0.0016170324670383707
651.0 0.0016168352885870263
652.0 0.001616638655832503
653.0 0.00155148736666888
654.0 0.0014863358956063166
655.0 0.0014772276699659415
656.0 0.0014681196262245066
657.0 0.001407466970704263
658.0 0.0013468144970829599
659.0 0.0018724254914559424
660.0 0.002398036485828925
661.0 0.0020632975065382197
662.0 0.0017285585272475146
663.0 0.0023409282221109606
664.0 0.0029532982807722874
665.0 0.0035930017475038767
666.0 0.004232705032336526
667.0 0.004779556911671534
668.0 0.00532640733581502
669.0 0.005364608659874648
670.0 0.005402806345955469
671.0 0.006140368350315839
672.0 0.00687793071847409
673.0 0.007703238225076348
674.0 0.008528545004082844
675.0 0.008035971404751763
676.0 0.007543398533016443
677.0 0.006068428047001362
678.0 0.0045934571971884
679.0 0.0030622522899648175
680.0 0.0015310481103369966
681.0 0.0007869557521189563
682.0 4.28632233706594e-05
683.0 0.00024901364668039605
684.0 0.0004551640813588165
685.0 0.00027724170195142506
686.0 9.931927706929855e-05
687.0 0.0001884915377559082
688.0 0.0002776638211798854
689.0 0.00030982560019765515
690.0 0.0003419873792154249
691.0 0.0003684898956635152
692.0 0.00039499236663687043
693.0 0.000379941798200889
694.0 0.00036489113881543744
695.0 0.0004286775038053747
696.0 0.000492463868795312
697.0 0.00042198084884148557
698.0 0.00035149778341292404
699.0 0.00036140932024864014
700.0 0.00037132060697331326
701.0 0.00028875042517029215
702.0 0.0002061803797914763
703.0 0.0003213547643099446
704.0 0.00043652912609104533
705.0 0.00038199550544959493
706.0 0.0003274616574344691
707.0 5.8632309674067074e-05
708.0 1.6140747592652271e-10
709.0 1.6140747592652271e-10
710.0 0.00016276493397526792
711.0 0.0003285842467448674
712.0 0.0004944035936205182
713.0 0.00037850898024771595
714.0 0.00026261438961228123
715.0 0.0003322891188872745
716.0 0.00040196387089963537
717.0 0.0003688781816890696
718.0 0.00033579249247850385
719.0 0.00046113295866234694
720.0 0.0005864733793714549
721.0 0.0003855403974739602
722.0 0.00018460741557646543
723.0 0.00026555758267932106
724.0 0.0003465078179942793
725.0 0.0004363609605206875
726.0 0.0005262142622086685
727.0 0.00019065256537942332
728.0 1.6140747592652271e-10
729.0 0.00012981074632989476
730.0 0.00040453051042277366
731.0 0.0006147293333924608
732.0 0.0008249283382610884
733.0 0.0003412648311496014
734.0 1.6140747592652271e-10
735.0 1.6140747592652271e-10
736.0 1.6140747592652271e-10
737.0 0.00026830648494069465
738.0 0.0008152554983098526
739.0 0.0006444471637223614
740.0 0.0004736385562864598
741.0 0.00018170427438235492
742.0 1.6140747592652271e-10
743.0 1.6140747592652271e-10
744.0 1.6140747592652271e-10
745.0 0.0002677471911738394
746.0 0.0008053650162764825
747.0 0.00047292096496676095
748.0 0.0001404769591317745
749.0 7.789573430727614e-06
750.0 1.6140747592652271e-10
751.0 1.6140747592652271e-10
752.0 3.61954761274319e-05
753.0 0.00024272501377708977
754.0 0.0004492545485845767
755.0 1.6140747592652271e-10
756.0 1.6140747592652271e-10
757.0 1.6140747592652271e-10
758.0 1.6140747592652271e-10
759.0 0.0001455407641515194
760.0 0.0007419704161293339
761.0 0.00038746466088923626
762.0 3.2958925544335216e-05
763.0 1.6140747592652271e-10
764.0 1.6140747592652271e-10
765.0 0.00010738821174527402
766.0 0.00047598223318345845
767.0 1.9288968644559645e-05
768.0 1.6140747592652271e-10
769.0 1.6140747592652271e-10
770.0 1.6140747592652271e-10
771.0 1.6140747592652271e-10
772.0 1.6140747592652271e-10
773.0 0.00026494142275623744
774.0 0.0006319329258985817
775.0 0.0004390409685584018
776.0 0.0002461489202687517
777.0 0.00031500105706072645
778.0 0.0003838533302769065
779.0 0.0004944627107761335
780.0 0.0006050721367500955
781.0 0.0006795935405534692
782.0 0.0007541148988821078
783.0 0.0005331005013431422
784.0 0.0003120861038041767
785.0 0.00012516586593847023
786.0 1.6140747592652271e-10
787.0 0.00037880686249991413
788.0 0.0008193682333512697
789.0 0.0007325156730075832
790.0 0.0006456632036133669
791.0 0.0005851878086104989
792.0 0.0005247121862339554
793.0 0.0005788367161585484
794.0 0.0006329609277599957
795.0 0.0006683306764898589
796.0 0.0007037003342702519
797.0 0.0002382357479291386
798.0 1.6140747592652271e-10
799.0 0.0003123301439700299
800.0 0.0008518891263520345
801.0 0.0005899799816688756
802.0 0.0003280707915109815
803.0 0.0004606236416293541
804.0 0.0005931763553235214
805.0 0.0008104797416308429
806.0 0.0010277831279381644
807.0 0.0006905381724209292
808.0 0.000353293216903694
809.0 0.00010963502745653386
810.0 1.6140747592652271e-10
811.0 0.0002773789447019226
812.0 0.0006887808467581635
813.0 0.000836214439914329
814.0 0.0009836479875957593
815.0 0.0010261200259265024
816.0 0.0010685915185604244
817.0 0.0010182855476159602
818.0 0.0009679796676209662
819.0 0.00101873683888698
820.0 0.001069494101102464
821.0 0.0010024758012150414
822.0 0.000935457501327619
823.0 0.0008029363925743382
824.0 0.000670415511194733
825.0 0.0006842494258307852
826.0 0.0006980834314163076
827.0 0.0006929545634193346
828.0 0.0006878258318465669
829.0 0.00039314377318078186
830.0 9.846170314631308e-05
831.0 0.00015273841427188017
832.0 0.00020701538687717402
833.0 0.0005202272404858377
834.0 0.0008334390258823987
835.0 0.0002593767931102775
836.0 1.6140747592652271e-10
837.0 1.6140747592652271e-10
838.0 0.00013921447816755972
839.0 0.0004301747594581684
840.0 0.0007211350293800933
841.0 0.0010737228876678273
842.0 0.001426310609531356
843.0 0.0009473067621001974
844.0 0.000468302550871158
845.0 0.0006384594144037692
846.0 0.0008086161869869102
847.0 0.001101963880500989
848.0 0.0013953114830655977
849.0 0.0011806025213445537
850.0 0.0009658931958256289
851.0 0.001014323061099276
852.0 0.0010627528354234528
853.0 0.00040717254705668893
854.0 1.6140747592652271e-10
855.0 1.6140747592652271e-10
856.0 1.6140747592652271e-10
857.0 0.00038795410546299536
858.0 0.0014101982742431574
859.0 0.0012504220649134368
860.0 0.0010906455827353057
861.0 0.0014112915778241586
862.0 0.001731937845761422
863.0 0.0019495219021337107
864.0 0.0021671061404049397
865.0 0.0021150657630641945
866.0 0.0020630253857234493
867.0 0.0026972798877977766
868.0 0.003331534389872104
869.0 0.003052031752304174
870.0 0.0027725292966351844
871.0 0.003463131361058913
872.0 0.004153733607381582
873.0 0.0029543049095082097
874.0 0.0017548769392305985
875.0 0.002484579454176128
