lsstCam/transmission_filter_detector/r02_s22/y_10/19700101T000000.ecsv
# %ECSV 1.0
# ---
# datatype:
# - {name: wavelength, unit: nm, datatype: float32}
# - {name: efficiency, unit: '%', datatype: float64}
# meta: !!omap
# - {MODE: DETECTOR}
# - {TYPE: transmission_filter_detector}
# - {CALIBDATE: '1970-01-01T00:00:00'}
# - {INSTRUME: LSSTCam}
# - {OBSTYPE: transmission_filter_detector}
# - {CALIBCLS: lsst.ip.isr.IntermediateFilterDetectorTransmissionCurve}
# - {SOURCE: Materion (DM-46256)}
# - {DETECTOR: 17}
# - {FILTER: y_10}
# - {CALIB_ID: 'calibDate=1970-01-01T00:00:00 filter=y_10 detector=17'}
# - {DATE: '2025-04-02T15:59:50.819454'}
# - {CALIB_CREATION_DATE: '2025-04-02'}
# - {CALIB_CREATION_TIME: '15:59:50'}
# - __serialized_columns__:
#     efficiency:
#       __class__: astropy.units.quantity.Quantity
#       unit: !astropy.units.Unit {unit: '%'}
#       value: !astropy.table.SerializedColumn {name: efficiency}
#     wavelength:
#       __class__: astropy.units.quantity.Quantity
#       unit: !astropy.units.Unit {unit: nm}
#       value: !astropy.table.SerializedColumn {name: wavelength}
# schema: astropy-2.0
wavelength efficiency
[from data line 577]
877.0 0.0021740606825915165
878.0 0.0011338397598592564
879.0 0.001955092011485249
880.0 0.060341786593198776
881.0 0.09106177021749318
882.0 0.07216238882392645
883.0 0.10039459448307753
884.0 0.06916513084433973
885.0 0.10203961282968521
886.0 0.07245313609018922
887.0 0.10555480839684606
888.0 0.06607355317100883
889.0 0.09300002711825073
890.0 0.06735343486070633
891.0 0.10128730209544301
892.0 0.0770495506003499
893.0 0.10039993794634938
894.0 0.07702287402935326
895.0 0.10158634977415204
896.0 0.07585640414617956
897.0 0.10480469791218638
898.0 0.07622776902280748
899.0 0.11542565189301968
900.0 0.09803724242374301
901.0 0.1384271658025682
902.0 0.14145630411803722
903.0 0.1682209549471736
904.0 0.19900749903172255
905.0 0.230203359387815
906.0 0.2895313547924161
907.0 0.34725123550742865
908.0 0.4732303321361542
909.0 0.6574402097612619
910.0 0.9198113344609737
911.0 1.2906755320727825
912.0 1.902935653924942
913.0 2.826441451907158
914.0 3.9408300071954727
915.0 5.6166429072618484
916.0 7.680704444646835
917.0 9.958286583423615
918.0 12.596684694290161
919.0 15.144462883472443
920.0 18.52649599313736
921.0 22.016534209251404
922.0 25.510793924331665
923.0 29.632389545440674
924.0 34.140872955322266
925.0 39.1985148191452
926.0 45.32632529735565
927.0 51.95800065994263
928.0 57.871198654174805
929.0 64.32146430015564
930.0 70.07167935371399
931.0 75.79289078712463
932.0 81.06553554534912
933.0 85.57660579681396
934.0 88.9882743358612
935.0 91.4314329624176
936.0 93.32989454269409
937.0 94.61610913276672
938.0 95.5744981765747
939.0 96.01845145225525
940.0 96.38774991035461
941.0 96.59945368766785
942.0 96.8292772769928
943.0 97.00151681900024
944.0 97.31131196022034
945.0 97.2337543964386
946.0 97.31677770614624
947.0 97.27315306663513
948.0 97.44940996170044
949.0 97.35535383224487
950.0 97.46137261390686
951.0 97.5168764591217
952.0 97.53594994544983
953.0 97.75109887123108
954.0 97.81904816627502
955.0 97.91862964630127
956.0 98.13097715377808
957.0 98.34011793136597
958.0 98.48614931106567
959.0 98.55099320411682
960.0 98.69608879089355
961.0 98.73203635215759
962.0 98.76731634140015
963.0 98.80889058113098
964.0 98.886638879776
965.0 98.85091781616211
966.0 98.93235564231873
967.0 98.9892303943634
968.0 98.97413849830627
969.0 98.97236824035645
970.0 99.0391731262207
971.0 99.02611374855042
972.0 99.1263747215271
973.0 99.23205971717834
974.0 99.19395446777344
975.0 99.19942617416382
976.0 99.24193620681763
977.0 99.25381541252136
978.0 99.31891560554504
979.0 99.22127723693848
980.0 99.21846389770508
981.0 99.12053346633911
982.0 99.08570051193237
983.0 99.11293387413025
984.0 99.04390573501587
985.0 99.03644323348999
986.0 98.9274263381958
987.0 98.99133443832397
988.0 98.8719642162323
989.0 98.85870218276978
990.0 98.79903197288513
991.0 98.85313510894775
992.0 98.9327073097229
993.0 98.85941743850708
994.0 98.82493019104004
995.0 98.8965392112732
996.0 98.89853000640869
997.0 99.0243673324585
998.0 99.02392029762268
999.0 99.08366203308105
1000.0 99.15395379066467
1001.0 99.09633994102478
1002.0 99.1425633430481
1003.0 99.18391108512878
1004.0 99.23869371414185
1005.0 99.2393434047699
1006.0 99.35107231140137
1007.0 99.3065595626831
1008.0 99.27936792373657
1009.0 99.20932650566101
1010.0 99.2632508277893
1011.0 99.27170872688293
1012.0 99.16910529136658
1013.0 99.16457533836365
1014.0 99.19122457504272
1015.0 99.14034605026245
1016.0 99.12219643592834
1017.0 99.12911653518677
1018.0 99.1613507270813
1019.0 99.0963339805603
1020.0 99.16326403617859
1021.0 99.26040172576904
1022.0 99.1231918334961
1023.0 99.19607043266296
1024.0 99.15490746498108
1025.0 99.12154078483582
1026.0 99.21979308128357
1027.0 99.31305050849915
1028.0 99.2399275302887
1029.0 99.32981133460999
1030.0 99.38053488731384
1031.0 99.37765002250671
1032.0 99.3850827217102
1033.0 99.36603307723999
1034.0 99.37359094619751
1035.0 99.40036535263062
1036.0 99.28554892539978
1037.0 99.33541417121887
1038.0 99.34872388839722
1039.0 99.25996661186218
1040.0 99.22078251838684
1041.0 99.27458763122559
1042.0 99.21445846557617
1043.0 99.14659857749939
1044.0 99.2583692073822
1045.0 98.96929860115051
1046.0 99.14664626121521
1047.0 99.07392263412476
1048.0 99.05081987380981
1049.0 99.02621507644653
1050.0 98.98712635040283
1051.0 98.9680290222168
1052.0 98.9766001701355
1053.0 98.9475429058075
1054.0 99.2236852645874
1055.0 99.2335855960846
1056.0 99.16672706604004
1057.0 99.18094277381897
1058.0 98.9321768283844
1059.0 99.0386962890625
1060.0 99.18115139007568
1061.0 99.05189275741577
1062.0 99.11916851997375
1063.0 99.02141094207764
1064.0 99.280446767807
1065.0 99.19276237487793
1066.0 99.1959810256958
1067.0 99.19100403785706
1068.0 99.07501935958862
1069.0 98.92131686210632
1070.0 99.2143988609314
1071.0 99.20725226402283
1072.0 99.32151436805725
1073.0 99.23925995826721
1074.0 98.86337518692017
1075.0 98.9236831665039
1076.0 98.64771366119385
1077.0 99.00334477424622
1078.0 99.07813668251038
1079.0 98.72378706932068
1080.0 99.39731955528259
1081.0 98.80273342132568
1082.0 98.91025424003601
1083.0 98.78883957862854
1084.0 99.1361141204834
1085.0 99.18175935745239
1086.0 98.90730381011963
1087.0 98.89389276504517
1088.0 98.85721802711487
1089.0 98.63817691802979
1090.0 98.67473244667053
1091.0 98.7051010131836
1092.0 98.94313216209412
1093.0 98.69211912155151
1094.0 98.50597381591797
1095.0 98.68740439414978
1096.0 98.70506525039673
1097.0 98.4491765499115
1098.0 97.75334000587463
1099.0 98.73718023300171
1100.0 98.35850596427917
