lsstcam/qe_curve/r23_s10/19700101T000000.ecsv
# %ECSV 0.9
# ---
# datatype:
# - {name: amp_name, datatype: string}
# - {name: wavelength, unit: nm, datatype: float32}
# - {name: efficiency, unit: '%', datatype: float32}
# meta: !!omap
# - {MODE: AMP}
# - {TYPE: QE}
# - {CALIBDATE: '1970-01-01T00:00:00'}
# - {INSTRUME: LSSTCAM}
# - {OBSTYPE: qe_curve}
# - {DETECTOR: 102}
# - {PICKLEFILE: RaftRun11852.p}
# - {CALIB_ID: 'raftName=R23 detectorName=S10 detector=102 calibDate=1970-01-01T00:00:00 ccd=102 ccdnum=102 filter=None'}
# - {DATE: '2020-01-23T13:45:24.345537'}
# - {CALIB_CREATION_DATE: '2020-01-23'}
# - {CALIB_CREATION_TIME: '13:45:24'}
# - __serialized_columns__:
#     efficiency:
#       __class__: astropy.units.quantity.Quantity
#       unit: !astropy.units.Unit {unit: '%'}
#       value: !astropy.table.SerializedColumn {name: efficiency}
#     wavelength:
#       __class__: astropy.units.quantity.Quantity
#       unit: !astropy.units.Unit {unit: nm}
#       value: !astropy.table.SerializedColumn {name: wavelength}
# schema: astropy-2.0
amp_name wavelength efficiency
C07 319.994 43.25814
C07 324.969 48.78961
C07 349.982 73.39684
C07 374.975 78.83541
C07 400.019 85.14791
C07 424.965 87.32801
C07 450.035 88.69212
C07 475.003 91.489876
C07 500.018 92.886604
C07 525.002 95.41149
C07 550.029 96.3437
C07 575.023 98.028046
C07 599.982 98.3765
C07 619.997 99.02823
C07 624.979 99.90738
C07 650.012 99.91432
C07 675.004 98.97884
C07 700.03 98.90672
C07 725.012 97.93907
C07 750.022 98.5594
C07 774.987 97.649
C07 799.976 96.982376
C07 824.988 96.29681
C07 850.022 93.37656
C07 869.967 90.11583
C07 875.002 88.96609
C07 899.999 81.993835
C07 919.999 73.64778
C07 925.012 70.60918
C07 949.965 57.045197
C07 975.002 42.094757
C07 999.976 25.861916
C07 1025.028 11.187599
C07 1050.014 3.9272947
C07 1075.002 2.1088085
C07 1099.99 1.6554074
C15 319.994 43.632023
C15 324.969 49.213154
C15 349.982 74.37185
C15 374.975 79.909195
C15 400.019 85.48376
C15 424.965 87.27812
C15 450.035 88.40828
C15 475.003 91.057846
C15 500.018 92.353134
C15 525.002 94.80719
C15 550.029 95.70154
C15 575.023 97.36131
C15 599.982 97.69977
C15 619.997 98.34738
C15 624.979 99.22269
C15 650.012 99.231926
C15 675.004 98.31576
C15 700.03 98.30144
C15 725.012 97.4682
C15 750.022 98.24954
C15 774.987 97.494675
C15 799.976 96.866264
C15 824.988 96.126236
C15 850.022 93.187996
C15 869.967 89.86507
C15 875.002 88.69353
C15 899.999 81.38332
C15 919.999 73.46296
C15 925.012 70.532394
C15 949.965 56.617817
C15 975.002 41.7785
C15 999.976 25.446522
C15 1025.028 11.013315
C15 1050.014 3.9026058
C15 1075.002 2.1166003
C15 1099.99 1.6483492
C10 319.994 43.75767
C10 324.969 49.360455
C10 349.982 74.44733
C10 374.975 79.85014
C10 400.019 85.6571
C10 424.965 87.59634
C10 450.035 88.82342
C10 475.003 91.539444
C10 500.018 92.8818
C10 525.002 95.37791
C10 550.029 96.29298
C10 575.023 97.966705
C10 599.982 98.30907
C10 619.997 98.96192
C10 624.979 99.83833
C10 650.012 99.84738
C10 675.004 98.91627
C10 700.03 98.851204
C10 725.012 97.88847
C10 750.022 98.5183
C10 774.987 97.6047
C10 799.976 96.92737
C10 824.988 96.22882
C10 850.022 93.26234
C10 869.967 89.96593
C10 875.002 88.81472
C10 899.999 81.770905
C10 919.999 73.65616
C10 925.012 70.69347
C10 949.965 56.945168
C10 975.002 42.05176
C10 999.976 25.692867
C10 1025.028 11.089773
C10 1050.014 3.9245968
C10 1075.002 2.1134367
C10 1099.99 1.6516783
C06 319.994 43.57156
C06 324.969 49.13708
C06 349.982 73.838005
C06 374.975 79.23449
C06 400.019 85.433846
C06 424.965 87.56065
C06 450.035 88.887375
C06 475.003 91.665726
C06 500.018 93.04127
C06 525.002 95.552574
C06 550.029 96.47034
C06 575.023 98.147
C06 599.982 98.48258
C06 619.997 99.1284
C06 624.979 100.00538
C06 650.012 100.00643
C06 675.004 99.06652
C06 700.03 99.000404
C06 725.012 98.0476
C06 750.022 98.69444
C06 774.987 97.81047
C06 799.976 97.15171
C06 824.988 96.45859
C06 850.022 93.53948
C06 869.967 90.22966
C06 875.002 89.07544
C06 899.999 82.12085
C06 919.999 73.78521
C06 925.012 70.734695
C06 949.965 57.05829
C06 975.002 42.14588
C06 999.976 25.859896
C06 1025.028 11.170056
C06 1050.014 3.9284413
C06 1075.002 2.1128101
C06 1099.99 1.6590188
C16 319.994 43.712463
C16 324.969 49.307495
C16 349.982 74.56852
C16 374.975 80.15557
C16 400.019 85.70564
C16 424.965 87.47666
C16 450.035 88.60127
C16 475.003 91.24639
C16 500.018 92.539894
C16 525.002 94.999664
C16 550.029 95.89661
C16 575.023 97.56113
C16 599.982 97.904236
C16 619.997 98.55605
C16 624.979 99.43124
C16 650.012 99.44675
C16 675.004 98.52987
C16 700.03 98.51169
C16 725.012 97.6652
C16 750.022 98.43087
C16 774.987 97.65048
C16 799.976 97.01233
C16 824.988 96.26155
C16 850.022 93.30005
C16 869.967 89.99592
C16 875.002 88.812256
C16 899.999 81.39884
C16 919.999 73.41308
C16 925.012 70.501465
C16 949.965 56.700237
C16 975.002 41.679794
C16 999.976 25.413656
C16 1025.028 10.982887
C16 1050.014 3.9091468
C16 1075.002 2.125158
C16 1099.99 1.6496352
C14 319.994 43.76196
C14 324.969 49.358505
C14 349.982 74.51884
C14 374.975 80.02556
C14 400.019 85.68192
C14 424.965 87.51946
C14 450.035 88.67791
C14 475.003 91.347115
C14 500.018 92.65745
C14 525.002 95.120636
C14 550.029 96.02043
C14 575.023 97.681694
C14 599.982 98.0174
C14 619.997 98.6634
C14 624.979 99.53964
C14 650.012 99.549484
C14 675.004 98.62702
C14 700.03 98.60081
C14 725.012 97.748726
C14 750.022 98.51717
C14 774.987 97.74567
C14 799.976 97.11167
C14 824.988 96.374886
C14 850.022 93.43676
C14 869.967 90.11899
C14 875.002 88.949814
C14 899.999 81.63675
C14 919.999 73.68513
C14 925.012 70.748024
C14 949.965 56.812096
C14 975.002 41.93557
C14 999.976 25.525097
C14 1025.028 11.033376
C14 1050.014 3.9043093
C14 1075.002 2.1192088
C14 1099.99 1.6514907
C04 319.994 43.75673
C04 324.969 49.347977
C04 349.982 74.22812
C04 374.975 79.60292
C04 400.019 85.55614
C04 424.965 87.5627
C04 450.035 88.826324
C04 475.003 91.56288
C04 500.018 92.91112
C04 525.002 95.401985
C04 550.029 96.31313
C04 575.023 97.9822
C04 599.982 98.31676
C04 619.997 98.958
C04 624.979 99.83404
C04 650.012 99.83277
C04 675.004 98.90259
C04 700.03 98.85571
C04 725.012 97.96351
C04 750.022 98.68176
C04 774.987 97.877785
C04 799.976 97.2415
C04 824.988 96.532234
C04 850.022 93.609245
C04 869.967 90.248436
C04 875.002 89.08928
C04 899.999 82.06413
C04 919.999 73.72338
C04 925.012 70.6968
C04 949.965 56.83954
C04 975.002 42.02874
C04 999.976 25.81113
C04 1025.028 11.166292
C04 1050.014 3.9267883
C04 1075.002 2.1133084
C04 1099.99 1.6582159
C05 319.994 43.699726
C05 324.969 49.281425
C05 349.982 74.08553
C05 374.975 79.46394
C05 400.019 85.53198
C05 424.965 87.59274
C05 450.035 88.8847
C05 475.003 91.641266
C05 500.018 93.001526
C05 525.002 95.50188
C05 550.029 96.41607
C05 575.023 98.088036
C05 599.982 98.42061
C05 619.997 99.06515
C05 624.979 99.942535
C05 650.012 99.94386
C05 675.004 99.0059
C05 700.03 98.94715
C05 725.012 98.02308
C05 750.022 98.71092
C05 774.987 97.86501
C05 799.976 97.21683
C05 824.988 96.51527
C05 850.022 93.596275
C05 869.967 90.24756
C05 875.002 89.08946
C05 899.999 82.101265
C05 919.999 73.78223
C05 925.012 70.760605
C05 949.965 57.004944
C05 975.002 42.05175
C05 999.976 25.81009
C05 1025.028 11.168643
C05 1050.014 3.930339
C05 1075.002 2.114356
C05 1099.99 1.658235
C01 319.994 43.67308
C01 324.969 49.258484
C01 349.982 74.20986
C01 374.975 79.62856
C01 400.019 85.45974
C01 424.965 87.38511
C01 450.035 88.60473
C01 475.003 91.31034
C01 500.018 92.6363
C01 525.002 95.11342
C01 550.029 96.018364
C01 575.023 97.68592
C01 599.982 98.022194
C01 619.997 98.6695
C01 624.979 99.5482
C01 650.012 99.54867
C01 675.004 98.62269
C01 700.03 98.59315
C01 725.012 97.72693
C01 750.022 98.47824
C01 774.987 97.69771
C01 799.976 97.07091
C01 824.988 96.35839
C01 850.022 93.43674
C01 869.967 90.1032
C01 875.002 88.9206
C01 899.999 81.91714
C01 919.999 73.624214
C01 925.012 70.56108
C01 949.965 56.78397
C01 975.002 41.821796
C01 999.976 25.744669
C01 1025.028 11.152961
C01 1050.014 3.9504614
C01 1075.002 2.1238756
C01 1099.99 1.6597573
C12 319.994 43.840054
C12 324.969 49.44319
C12 349.982 74.53862
C12 374.975 79.96124
C12 400.019 85.64312
C12 424.965 87.511444
C12 450.035 88.69199
C12 475.003 91.373634
C12 500.018 92.689674
C12 525.002 95.15857
C12 550.029 96.058464
C12 575.023 97.71667
C12 599.982 98.04839
C12 619.997 98.69302
C12 624.979 99.56842
C12 650.012 99.57166
C12 675.004 98.64184
C12 700.03 98.592125
C12 725.012 97.6851
C12 750.022 98.374886
C12 774.987 97.53241
C12 799.976 96.87286
C12 824.988 96.14973
C12 850.022 93.19084
C12 869.967 89.82186
C12 875.002 88.66523
C12 899.999 81.59844
C12 919.999 73.59495
C12 925.012 70.62261
C12 949.965 56.591682
C12 975.002 41.880898
C12 999.976 25.516968
C12 1025.028 11.035046
C12 1050.014 3.8958914
C12 1075.002 2.1016827
C12 1099.99 1.6458671
C13 319.994 43.844234
C13 324.969 49.450947
C13 349.982 74.60815
C13 374.975 80.06753
C13 400.019 85.71088
C13 424.965 87.549126
C13 450.035 88.71302
C13 475.003 91.38613
C13 500.018 92.697044
C13 525.002 95.15997
C13 550.029 96.06044
C13 575.023 97.71953
C13 599.982 98.05717
C13 619.997 98.69875
C13 624.979 99.57671
C13 650.012 99.57992
C13 675.004 98.65526
C13 700.03 98.61762
C13 725.012 97.73877
C13 750.022 98.47244
C13 774.987 97.66701
C13 799.976 97.02149
C13 824.988 96.29072
C13 850.022 93.341736
C13 869.967 89.99359
C13 875.002 88.825554
C13 899.999 81.64351
C13 919.999 73.679016
C13 925.012 70.73012
C13 949.965 56.719997
C13 975.002 41.910046
C13 999.976 25.528322
C13 1025.028 11.030355
C13 1050.014 3.9010298
C13 1075.002 2.1093602
C13 1099.99 1.6484265
C17 319.994 43.674767
C17 324.969 49.26595
C17 349.982 74.53016
C17 374.975 80.15543
C17 400.019 85.74522
C17 424.965 87.52978
C17 450.035 88.659325
C17 475.003 91.30755
C17 500.018 92.606026
C17 525.002 95.06672
C17 550.029 95.96713
C17 575.023 97.636086
C17 599.982 97.98049
C17 619.997 98.638374
C17 624.979 99.51456
C17 650.012 99.53248
C17 675.004 98.60917
C17 700.03 98.57045
C17 725.012 97.662704
C17 750.022 98.34851
C17 774.987 97.49406
C17 799.976 96.82358
C17 824.988 96.076454
C17 850.022 93.08029
C17 869.967 89.78555
C17 875.002 88.59428
C17 899.999 81.287445
C17 919.999 73.28844
C17 925.012 70.37507
C17 949.965 56.655365
C17 975.002 41.483265
C17 999.976 25.400944
C17 1025.028 10.996287
C17 1050.014 3.927832
C17 1075.002 2.12732
C17 1099.99 1.6493094
C02 319.994 43.82471
C02 324.969 49.427723
C02 349.982 74.42362
C02 374.975 79.84695
C02 400.019 85.729675
C02 424.965 87.68454
C02 450.035 88.92037
C02 475.003 91.64228
C02 500.018 92.98164
C02 525.002 95.46659
C02 550.029 96.37547
C02 575.023 98.04597
C02 599.982 98.383995
C02 619.997 99.028786
C02 624.979 99.908035
C02 650.012 99.91029
C02 675.004 98.97887
C02 700.03 98.953995
C02 725.012 98.10055
C02 750.022 98.86688
C02 774.987 98.10735
C02 799.976 97.4861
C02 824.988 96.767105
C02 850.022 93.84044
C02 869.967 90.491905
C02 875.002 89.30501
C02 899.999 82.21668
C02 919.999 73.90039
C02 925.012 70.820045
C02 949.965 57.031666
C02 975.002 42.026566
C02 999.976 25.823284
C02 1025.028 11.182242
C02 1050.014 3.9481306
C02 1075.002 2.1254597
C02 1099.99 1.6641611
C00 319.994 43.411762
C00 324.969 48.964836
C00 349.982 73.79837
C00 374.975 79.22661
C00 400.019 85.07551
C00 424.965 87.0052
C00 450.035 88.22524
C00 475.003 90.92298
C00 500.018 92.242226
C00 525.002 94.712364
C00 550.029 95.61838
C00 575.023 97.28046
C00 599.982 97.6165
C00 619.997 98.26442
C00 624.979 99.141495
C00 650.012 99.14307
C00 675.004 98.2234
C00 700.03 98.1655
C00 725.012 97.24679
C00 750.022 97.915985
C00 774.987 97.063934
C00 799.976 96.40913
C00 824.988 95.713715
C00 850.022 92.79252
C00 869.967 89.495224
C00 875.002 88.31509
C00 899.999 81.42039
C00 919.999 73.26638
C00 925.012 70.219826
C00 949.965 56.43428
C00 975.002 41.46614
C00 999.976 25.564402
C00 1025.028 11.10653
C00 1050.014 3.9517226
C00 1075.002 2.1220083
C00 1099.99 1.6536202
C11 319.994 43.894222
C11 324.969 49.50496
C11 349.982 74.584625
C11 374.975 79.97503
C11 400.019 85.736115
C11 424.965 87.64317
C11 450.035 88.851265
C11 475.003 91.55297
C11 500.018 92.87943
C11 525.002 95.35778
C11 550.029 96.26099
C11 575.023 97.9238
C11 599.982 98.25721
C11 619.997 98.900475
C11 624.979 99.77705
C11 650.012 99.77808
C11 675.004 98.8427
C11 700.03 98.782196
C11 725.012 97.8386
C11 750.022 98.49701
C11 774.987 97.61167
C11 799.976 96.94091
C11 824.988 96.23097
C11 850.022 93.26116
C11 869.967 89.91926
C11 875.002 88.77977
C11 899.999 81.726395
C11 919.999 73.578766
C11 925.012 70.5916
C11 949.965 56.67458
C11 975.002 41.98129
C11 999.976 25.641026
C11 1025.028 11.092637
C11 1050.014 3.9112272
C11 1075.002 2.1042583
C11 1099.99 1.6491718
C03 319.994 43.708347
C03 324.969 49.29255
C03 349.982 74.17288
C03 374.975 79.57044
C03 400.019 85.52507
C03 424.965 87.52327
C03 450.035 88.78333
C03 475.003 91.512764
C03 500.018 92.860146
C03 525.002 95.34817
C03 550.029 96.25767
C03 575.023 97.92542
C03 599.982 98.261375
C03 619.997 98.90453
C03 624.979 99.781715
C03 650.012 99.782715
C03 675.004 98.85057
C03 700.03 98.81537
C03 725.012 97.95178
C03 750.022 98.70568
C03 774.987 97.927376
C03 799.976 97.300766
C03 824.988 96.58437
C03 850.022 93.663864
C03 869.967 90.286865
C03 875.002 89.12295
C03 899.999 82.0796
C03 919.999 73.77186
C03 925.012 70.74435
C03 949.965 56.86614
C03 975.002 42.039814
C03 999.976 25.795128
C03 1025.028 11.156364
C03 1050.014 3.9309003
C03 1075.002 2.1142633
C03 1099.99 1.6587878
