ts8/transmission_sensor/rtm-017_s00/19700101T000000.ecsv
# %ECSV 0.9
# ---
# datatype:
# - {name: amp_name, datatype: string}
# - {name: wavelength, unit: nm, datatype: float32}
# - {name: efficiency, unit: '%', datatype: float32}
# meta: !!omap
# - {MODE: AMP}
# - {TYPE: transmission_sensor}
# - {CALIBDATE: '1970-01-01T00:00:00'}
# - {INSTRUME: TS8}
# - {OBSTYPE: transmission_sensor}
# - {DETECTOR: 207}
# - {CALIBCLS: lsst.ip.isr.IntermediateSensorTransmissionCurve}
# - {PICKLEFILE: RaftRun11166.p}
# - {CALIB_ID: 'raftName=RTM-017 detectorName=S00 detector=207 calibDate=1970-01-01T00:00:00 ccd=207 ccdnum=207 filter=None'}
# - {DATE: '2020-07-23T19:15:20.920862'}
# - {CALIB_CREATION_DATE: '2020-07-23'}
# - {CALIB_CREATION_TIME: '19:15:20'}
# - __serialized_columns__:
#     efficiency:
#       __class__: astropy.units.quantity.Quantity
#       unit: !astropy.units.Unit {unit: '%'}
#       value: !astropy.table.SerializedColumn {name: efficiency}
#     wavelength:
#       __class__: astropy.units.quantity.Quantity
#       unit: !astropy.units.Unit {unit: nm}
#       value: !astropy.table.SerializedColumn {name: wavelength}
# schema: astropy-2.0
amp_name wavelength efficiency
C06 349.982 56.656624
C06 450.035 83.9703
C06 500.018 84.07334
C06 619.997 90.78847
C06 750.022 97.9183
C06 869.967 95.83738
C06 999.976 32.599445
C07 349.982 56.48284
C07 450.035 84.204636
C07 500.018 84.26434
C07 619.997 90.99765
C07 750.022 98.19806
C07 869.967 96.15895
C07 999.976 32.773388
C13 349.982 57.985573
C13 450.035 83.92972
C13 500.018 84.290726
C13 619.997 91.334854
C13 750.022 97.85706
C13 869.967 95.41972
C13 999.976 32.34904
C05 349.982 57.193817
C05 450.035 84.27761
C05 500.018 84.42074
C05 619.997 91.2083
C05 750.022 98.352104
C05 869.967 96.186035
C05 999.976 32.821735
C02 349.982 57.555325
C02 450.035 83.6152
C02 500.018 84.09865
C02 619.997 90.880844
C02 750.022 97.82044
C02 869.967 95.62151
C02 999.976 32.718243
C10 349.982 58.52697
C10 450.035 84.597885
C10 500.018 85.22085
C10 619.997 92.11329
C10 750.022 98.28465
C10 869.967 95.65679
C10 999.976 32.41283
C16 349.982 57.16196
C16 450.035 84.27676
C16 500.018 84.41709
C16 619.997 91.33411
C16 750.022 97.8523
C16 869.967 95.55759
C16 999.976 32.811283
C12 349.982 58.64121
C12 450.035 84.30838
C12 500.018 84.686386
C12 619.997 91.87279
C12 750.022 98.3964
C12 869.967 95.92307
C12 999.976 32.543358
C03 349.982 57.310013
C03 450.035 83.86552
C03 500.018 84.351295
C03 619.997 91.0133
C03 750.022 98.0315
C03 869.967 95.83006
C03 999.976 32.736732
C17 349.982 56.695328
C17 450.035 84.30126
C17 500.018 84.56612
C17 619.997 91.28042
C17 750.022 97.759964
C17 869.967 95.52234
C17 999.976 32.880127
C14 349.982 57.697903
C14 450.035 84.15647
C14 500.018 84.44437
C14 619.997 91.45224
C14 750.022 98.00336
C14 869.967 95.62253
C14 999.976 32.495216
C04 349.982 57.324406
C04 450.035 84.025764
C04 500.018 84.26296
C04 619.997 91.07228
C04 750.022 98.16814
C04 869.967 95.96547
C04 999.976 32.781048
C01 349.982 57.717667
C01 450.035 83.77371
C01 500.018 84.43663
C01 619.997 91.10931
C01 750.022 97.93896
C01 869.967 95.75099
C01 999.976 32.80453
C11 349.982 58.35539
C11 450.035 84.10838
C11 500.018 84.71203
C11 619.997 91.64227
C11 750.022 98.01096
C11 869.967 95.539665
C11 999.976 32.38188
C15 349.982 57.391476
C15 450.035 84.19025
C15 500.018 84.34496
C15 619.997 91.39635
C15 750.022 97.97059
C15 869.967 95.64323
C15 999.976 32.652466
C00 349.982 58.097248
C00 450.035 83.79243
C00 500.018 84.342834
C00 619.997 91.23352
C00 750.022 97.84573
C00 869.967 95.40449
C00 999.976 32.614883
