lsstCam/transmission_filter_detector/r30_s00/u_24/19700101T000000.ecsv
# %ECSV 1.0
# ---
# datatype:
# - {name: wavelength, unit: nm, datatype: float32}
# - {name: efficiency, unit: '%', datatype: float64}
# meta: !!omap
# - {MODE: DETECTOR}
# - {TYPE: transmission_filter_detector}
# - {CALIBDATE: '1970-01-01T00:00:00'}
# - {INSTRUME: LSSTCam}
# - {OBSTYPE: transmission_filter_detector}
# - {CALIBCLS: lsst.ip.isr.IntermediateFilterDetectorTransmissionCurve}
# - {SOURCE: Materion (DM-46256)}
# - {DETECTOR: 117}
# - {FILTER: u_24}
# - {CALIB_ID: 'calibDate=1970-01-01T00:00:00 filter=u_24 detector=117'}
# - {DATE: '2025-04-02T15:59:40.290346'}
# - {CALIB_CREATION_DATE: '2025-04-02'}
# - {CALIB_CREATION_TIME: '15:59:40'}
# - __serialized_columns__:
#     efficiency:
#       __class__: astropy.units.quantity.Quantity
#       unit: !astropy.units.Unit {unit: '%'}
#       value: !astropy.table.SerializedColumn {name: efficiency}
#     wavelength:
#       __class__: astropy.units.quantity.Quantity
#       unit: !astropy.units.Unit {unit: nm}
#       value: !astropy.table.SerializedColumn {name: wavelength}
# schema: astropy-2.0
wavelength efficiency
[from data line 581]
876.0 0.0032452950108563527
877.0 0.0032993651984725147
878.0 0.0033534353860886768
879.0 0.003249793007853441
880.0 0.003146150629618205
881.0 0.003353372449055314
882.0 0.0035605939046945423
883.0 0.003411572106415406
884.0 0.0032625499443383887
885.0 0.0031112147553358227
886.0 0.0029598793844343163
887.0 0.0027745196348405443
888.0 0.002589159703347832
889.0 0.0026408079065731727
890.0 0.0026924561097985134
891.0 0.0028631962777581066
892.0 0.0030339364457177
893.0 0.0031587103876518086
894.0 0.003283484693383798
895.0 0.0035798537282971665
896.0 0.0038762231270084158
897.0 0.004278924097889103
898.0 0.0046816247049719095
899.0 0.00484792108181864
900.0 0.005014217458665371
901.0 0.005044007775723003
902.0 0.005073797728982754
903.0 0.004970932786818594
904.0 0.004868067480856553
905.0 0.0052629671699833125
906.0 0.0056578664953121915
907.0 0.005668062294716947
908.0 0.005678258094121702
909.0 0.005904530189582147
910.0 0.006130801921244711
911.0 0.006035371916368604
912.0 0.005939941911492497
913.0 0.005685973883373663
914.0 0.005432005855254829
915.0 0.005051056723459624
916.0 0.004670107591664419
917.0 0.004452350549399853
918.0 0.004234593507135287
919.0 0.004323929897509515
920.0 0.004413265924085863
921.0 0.004979248114977963
922.0 0.005545229942072183
923.0 0.006056783968233503
924.0 0.006568337994394824
925.0 0.00723990160622634
926.0 0.007911465945653617
927.0 0.00824501839815639
928.0 0.0085785701230634
929.0 0.008577439439250156
930.0 0.008576308755436912
931.0 0.008187192725017667
932.0 0.007798074511811137
933.0 0.007703309529460967
934.0 0.007608544547110796
935.0 0.007161618123063818
936.0 0.006714691699016839
937.0 0.006525286880787462
938.0 0.006335881334962323
939.0 0.0065598323999438435
940.0 0.006783781282138079
941.0 0.005807251363876276
942.0 0.00483072035422083
943.0 0.004587439616443589
944.0 0.004344158514868468
945.0 0.0038019799831090495
946.0 0.003259801451349631
947.0 0.0026754383725346997
948.0 0.002091075111820828
949.0 0.001979016451514326
950.0 0.0018669572455110028
951.0 0.0016839770978549495
952.0 0.0015009965864010155
953.0 0.0018203256331617013
954.0 0.002139654679922387
955.0 0.0022091255232226104
956.0 0.0022785961846238934
957.0 0.0028161939553683624
958.0 0.0033537922718096524
959.0 0.003721869143191725
960.0 0.004089946378371678
961.0 0.004805804928764701
962.0 0.005521663115359843
963.0 0.005437178697320633
964.0 0.0053526942792814225
965.0 0.005515521843335591
966.0 0.005678349771187641
967.0 0.005395628613769077
968.0 0.005112908547744155
969.0 0.005230695387581363
970.0 0.005348482591216452
971.0 0.005277861419017427
972.0 0.005207240246818401
973.0 0.004910596544505097
974.0 0.004613952842191793
975.0 0.004613602141034789
976.0 0.004613251076079905
977.0 0.00414509377151262
978.0 0.0036769364669453353
979.0 0.0035640201531350613
980.0 0.0034511045669205487
981.0 0.003627398837124929
982.0 0.003803693107329309
983.0 0.0037903930206084624
984.0 0.003777092570089735
985.0 0.003934196865884587
986.0 0.004091301889275201
987.0 0.0045170687371864915
988.0 0.004942835585097782
989.0 0.0056114280596375465
990.0 0.00628002017037943
991.0 0.007386303332168609
992.0 0.008492588676745072
993.0 0.00913713956833817
994.0 0.009781688277143985
995.0 0.00958539530984126
996.0 0.009389101614942774
997.0 0.0086990199633874
998.0 0.008008937584236264
999.0 0.0074979980126954615
1000.0 0.00698705916875042
1001.0 0.006513957487186417
1002.0 0.006040857260813937
1003.0 0.005630199666484259
1004.0 0.005219542435952462
1005.0 0.005008751031709835
1006.0 0.004797959263669327
1007.0 0.005088873149361461
1008.0 0.0053797888540429994
1009.0 0.005022155528422445
1010.0 0.004664522930397652
1011.0 0.004099108264199458
1012.0 0.003533693598001264
1013.0 0.003314769492135383
1014.0 0.0030958453862695023
1015.0 0.0029328079108381644
1016.0 0.002769770253507886
1017.0 0.002476151530572679
1018.0 0.002182532989536412
1019.0 0.001915504617500119
1020.0 0.0016484764273627661
1021.0 0.002228477387689054
1022.0 0.002808478348015342
1023.0 0.0025247190933441743
1024.0 0.002240960020571947
1025.0 0.0019093889932264574
1026.0 0.0015778183296788484
1027.0 0.0020758569007739425
1028.0 0.002573895108071156
1029.0 0.0023528822566731833
1030.0 0.0021318694052752107
1031.0 0.0022188231014297344
1032.0 0.002305776797584258
1033.0 0.0021035528334323317
1034.0 0.001901328687381465
1035.0 0.0018096145140589215
1036.0 0.0017179001588374376
1037.0 0.0022182244720170274
1038.0 0.002718549148994498
1039.0 0.0024574163035140373
1040.0 0.002196283094235696
1041.0 0.002176027737732511
1042.0 0.0021557725631282665
1043.0 0.0025910863769240677
1044.0 0.003026400190719869
1045.0 0.002707791827560868
1046.0 0.0023891834644018672
1047.0 0.0023527967641712166
1048.0 0.0023164102458395064
1049.0 0.0022551634174305946
1050.0 0.0021939164071227424
1051.0 0.002048427995759994
1052.0 0.0019029395843972452
1053.0 0.0017314139768132009
1054.0 0.0015598883692291565
1055.0 0.0017405613107257523
1056.0 0.001921234252222348
1057.0 0.0013475643754645716
1058.0 0.0007738944077573251
1059.0 0.001586203507031314
1060.0 0.0023985128791537136
1061.0 0.00213710154639557
1062.0 0.0018756902136374265
1063.0 0.0014226301573216915
1064.0 0.0009695701919554267
1065.0 0.0013461793969327118
1066.0 0.0017227886928594671
1067.0 0.0021771493265987374
1068.0 0.0026315103241358884
1069.0 0.0027172249247087166
1070.0 0.0028029393433826044
1071.0 0.0027095202312921174
1072.0 0.0026161007554037496
1073.0 0.0030013065043021925
1074.0 0.0033865118894027546
1075.0 0.002873412631743122
1076.0 0.002360313374083489
1077.0 0.002408091677352786
1078.0 0.0024558692530263215
1079.0 0.003654269312391989
1080.0 0.004852668644161895
1081.0 0.005565818355535157
1082.0 0.0062789687945041806
1083.0 0.005892968692933209
1084.0 0.005506968227564357
1085.0 0.005680489266524091
1086.0 0.005854009214090183
1087.0 0.005557761323871091
1088.0 0.005261513797449879
1089.0 0.005416099156718701
1090.0 0.0055706837883917615
1091.0 0.0039047674363246188
1092.0 0.0022388509023585357
1093.0 0.004185521538602188
1094.0 0.006132190173957497
1095.0 0.00468260986963287
1096.0 0.0032330292015103623
1097.0 0.0027944648536504246
1098.0 0.002355900505790487
1099.0 0.0031734933145344257
1100.0 0.003991087214672007
