lsstCam/transmission_filter_detector/r30_s00/u_24/19700101T000000.ecsv
# %ECSV 1.0
# ---
# datatype:
# - {name: wavelength, unit: nm, datatype: float32}
# - {name: efficiency, unit: '%', datatype: float64}
# meta: !!omap
# - {MODE: DETECTOR}
# - {TYPE: transmission_filter_detector}
# - {CALIBDATE: '1970-01-01T00:00:00'}
# - {INSTRUME: LSSTCam}
# - {OBSTYPE: transmission_filter_detector}
# - {CALIBCLS: lsst.ip.isr.IntermediateFilterDetectorTransmissionCurve}
# - {SOURCE: Materion (DM-46256)}
# - {DETECTOR: 117}
# - {FILTER: u_24}
# - {CALIB_ID: 'calibDate=1970-01-01T00:00:00 filter=u_24 detector=117'}
# - {DATE: '2025-04-02T15:59:40.290346'}
# - {CALIB_CREATION_DATE: '2025-04-02'}
# - {CALIB_CREATION_TIME: '15:59:40'}
# - __serialized_columns__:
#     efficiency:
#       __class__: astropy.units.quantity.Quantity
#       unit: !astropy.units.Unit {unit: '%'}
#       value: !astropy.table.SerializedColumn {name: efficiency}
#     wavelength:
#       __class__: astropy.units.quantity.Quantity
#       unit: !astropy.units.Unit {unit: nm}
#       value: !astropy.table.SerializedColumn {name: wavelength}
# schema: astropy-2.0
wavelength efficiency
295.0 1.7137079515866516e-10
296.0 1.7137079515866516e-10
297.0 1.7137079515866516e-10
298.0 1.7137079515866516e-10
299.0 1.7137079515866516e-10
300.0 1.7137079515866516e-10
301.0 1.7137079515866516e-10
302.0 1.7137079515866516e-10
303.0 1.7137079515866516e-10
304.0 0.5881527438759804
305.0 1.1529773473739624
306.0 3.219274803996086
307.0 5.4098788648843765
308.0 7.8687988221645355
309.0 11.665032058954239
310.0 15.578210353851318
311.0 19.27308440208435
312.0 22.887985408306122
313.0 25.84235966205597
314.0 28.477013111114502
315.0 31.069260835647583
316.0 33.44637155532837
317.0 36.92436218261719
318.0 40.89823663234711
319.0 45.64199149608612
320.0 51.99345350265503
321.0 57.39576816558838
322.0 63.0851149559021
323.0 67.82830357551575
324.0 71.23387455940247
325.0 73.77023100852966
326.0 75.99150538444519
327.0 77.46491432189941
328.0 79.0764570236206
329.0 80.43314814567566
330.0 81.34899139404297
331.0 81.72833919525146
332.0 81.84200525283813
333.0 82.16908574104309
334.0 82.19833374023438
335.0 82.56696462631226
336.0 83.07298421859741
337.0 83.83827805519104
338.0 84.64271426200867
339.0 85.10822653770447
340.0 85.40526032447815
341.0 85.8032763004303
342.0 86.07743382453918
343.0 86.0842227935791
344.0 86.34060621261597
345.0 86.76403164863586
346.0 87.13454008102417
347.0 87.46580481529236
348.0 87.67176270484924
349.0 87.81138062477112
350.0 87.82919645309448
351.0 88.01262974739075
352.0 87.94629573822021
353.0 87.8913402557373
354.0 87.85831332206726
355.0 87.98407912254333
356.0 87.98394203186035
357.0 87.71884441375732
358.0 87.25993633270264
359.0 87.0451807975769
360.0 86.99527978897095
361.0 86.81362271308899
362.0 86.80686354637146
363.0 87.03492879867554
364.0 87.27584481239319
365.0 87.6664400100708
366.0 87.91333436965942
367.0 88.00426125526428
368.0 87.98410892486572
369.0 88.05060982704163
370.0 88.01544904708862
371.0 88.04505467414856
372.0 88.23168873786926
373.0 88.5844349861145
374.0 88.64814639091492
375.0 88.96120190620422
376.0 89.15675282478333
377.0 89.21881318092346
378.0 89.12078738212585
379.0 88.48786950111389
380.0 87.50026226043701
381.0 85.83486676216125
382.0 83.87640714645386
383.0 81.82867765426636
384.0 79.64456081390381
385.0 76.97159051895142
386.0 74.03751015663147
387.0 70.14363408088684
388.0 66.2203311920166
389.0 61.583369970321655
390.0 57.301121950149536
391.0 52.98981070518494
392.0 48.75721633434296
393.0 45.10861933231354
394.0 41.25378429889679
395.0 36.82743310928345
396.0 31.890946626663208
397.0 25.286665558815002
398.0 18.501564860343933
399.0 11.916333436965942
400.0 6.559256464242935
401.0 2.9657362028956413
402.0 0.9961693547666073
403.0 0.3281539073213935
404.0 0.1238169614225626
405.0 0.035197261604480445
406.0 0.026477902429178357
407.0 0.008749316475586966
408.0 1.7137079515866516e-10
409.0 1.7137079515866516e-10
410.0 1.7137079515866516e-10
411.0 1.7137079515866516e-10
412.0 1.7137079515866516e-10
413.0 1.7137079515866516e-10
414.0 1.7137079515866516e-10
415.0 1.7137079515866516e-10
416.0 1.7137079515866516e-10
417.0 1.7137079515866516e-10
418.0 1.7137079515866516e-10
419.0 1.7137079515866516e-10
420.0 1.7137079515866516e-10
421.0 1.7137079515866516e-10
422.0 1.7137079515866516e-10
423.0 1.7137079515866516e-10
424.0 1.7137079515866516e-10
425.0 1.7137079515866516e-10
426.0 1.7137079515866516e-10
427.0 1.7137079515866516e-10
428.0 1.7137079515866516e-10
429.0 1.7137079515866516e-10
430.0 1.7137079515866516e-10
431.0 1.7137079515866516e-10
432.0 1.7137079515866516e-10
433.0 1.7137079515866516e-10
434.0 1.7137079515866516e-10
435.0 0.0009327202860731632
436.0 0.0027384734494262375
437.0 0.0015319181329687126
438.0 0.00032536274829908507
439.0 0.0002751924739641254
440.0 0.00022502238152810605
441.0 0.0001893457920232322
442.0 0.00015366978232123074
443.0 1.7137079515866516e-10
444.0 1.7137079515866516e-10
445.0 1.7137079515866516e-10
446.0 1.7137079515866516e-10
447.0 1.7137079515866516e-10
448.0 0.0003447532890277216
449.0 1.7137079515866516e-10
450.0 1.7137079515866516e-10
451.0 8.936784183788404e-05
452.0 0.000777447348809801
453.0 0.0005916499048908008
454.0 0.00040585277929494623
455.0 1.7137079515866516e-10
456.0 1.7137079515866516e-10
457.0 1.7137079515866516e-10
458.0 1.7137079515866516e-10
459.0 1.7137079515866516e-10
460.0 1.7137079515866516e-10
461.0 1.7137079515866516e-10
462.0 1.7137079515866516e-10
463.0 1.7137079515866516e-10
464.0 1.7137079515866516e-10
465.0 9.629144415157498e-05
466.0 0.0006638162631134037
467.0 0.0005329868145054206
468.0 0.00040215741137217265
469.0 8.942432714320603e-05
470.0 1.7137079515866516e-10
471.0 1.7137079515866516e-10
472.0 1.7137079515866516e-10
473.0 1.7137079515866516e-10
474.0 1.7137079515866516e-10
475.0 1.7137079515866516e-10
476.0 0.00030431926916207885
477.0 1.7137079515866516e-10
478.0 1.7137079515866516e-10
479.0 1.7137079515866516e-10
480.0 1.7137079515866516e-10
481.0 1.7137079515866516e-10
482.0 1.7137079515866516e-10
483.0 1.7137079515866516e-10
484.0 6.821980491622526e-06
485.0 1.7137079515866516e-10
486.0 1.7137079515866516e-10
487.0 1.7137079515866516e-10
488.0 0.00017381602219757042
489.0 2.6986339207724086e-05
490.0 1.7137079515866516e-10
491.0 1.7137079515866516e-10
492.0 1.7137079515866516e-10
493.0 1.7137079515866516e-10
494.0 1.7137079515866516e-10
495.0 1.7137079515866516e-10
496.0 1.7137079515866516e-10
497.0 1.7137079515866516e-10
498.0 1.7137079515866516e-10
499.0 1.7137079515866516e-10
500.0 1.7137079515866516e-10
501.0 1.7137079515866516e-10
502.0 1.7137079515866516e-10
503.0 1.7137079515866516e-10
504.0 1.7137079515866516e-10
505.0 1.7137079515866516e-10
506.0 1.7137079515866516e-10
507.0 0.00019414339931245195
508.0 0.0006374424629029818
509.0 0.0002059250618913211
510.0 1.7137079515866516e-10
511.0 0.0001383927042297728
512.0 0.0005023780431656633
513.0 9.871026804830763e-05
514.0 1.7137079515866516e-10
515.0 1.7137079515866516e-10
516.0 1.7137079515866516e-10
517.0 1.7137079515866516e-10
518.0 1.7137079515866516e-10
519.0 1.7137079515866516e-10
520.0 1.7137079515866516e-10
521.0 1.7137079515866516e-10
522.0 1.7137079515866516e-10
523.0 1.7137079515866516e-10
524.0 1.7137079515866516e-10
525.0 1.7137079515866516e-10
526.0 1.7137079515866516e-10
527.0 1.7137079515866516e-10
528.0 1.7137079515866516e-10
529.0 4.548306549168046e-05
530.0 0.00010731090469562332
531.0 1.7137079515866516e-10
532.0 1.7137079515866516e-10
533.0 1.7137079515866516e-10
534.0 1.7137079515866516e-10
535.0 1.7137079515866516e-10
536.0 1.7137079515866516e-10
537.0 1.7137079515866516e-10
538.0 1.7137079515866516e-10
539.0 1.7137079515866516e-10
540.0 4.0056889361039794e-05
541.0 1.7137079515866516e-10
542.0 1.7137079515866516e-10
543.0 1.7137079515866516e-10
544.0 9.504267381998943e-05
545.0 0.00022886861188453622
546.0 0.00036269452721171547
547.0 1.7137079515866516e-10
548.0 1.7137079515866516e-10
549.0 1.7137079515866516e-10
550.0 1.7137079515866516e-10
551.0 4.456453837065055e-05
552.0 0.0001984078608074924
553.0 1.7137079515866516e-10
554.0 1.7137079515866516e-10
555.0 1.7137079515866516e-10
556.0 1.7137079515866516e-10
557.0 1.7137079515866516e-10
558.0 1.7137079515866516e-10
559.0 1.7137079515866516e-10
560.0 1.7137079515866516e-10
561.0 1.7137079515866516e-10
562.0 1.7137079515866516e-10
563.0 1.7137079515866516e-10
564.0 4.676932405800471e-05
565.0 1.7137079515866516e-10
566.0 1.7137079515866516e-10
567.0 1.7137079515866516e-10
568.0 1.7137079515866516e-10
569.0 1.7137079515866516e-10
570.0 1.7137079515866516e-10
571.0 0.00017568050907357247
572.0 0.0003824818122666329
573.0 0.0003233729330531787
574.0 0.00026426412205182714
575.0 0.00029731197628279915
576.0 0.00033035983051377116
577.0 0.0002929715492427931
578.0 0.00025558324523444753
579.0 0.0005199008683121065
580.0 0.0007842186278139707
581.0 0.0010145122359972447
582.0 0.0012448058441805188
583.0 0.001396260176989017
584.0 0.0015477142369491048
585.0 0.0012494238035287708
586.0 0.000951133461057907
587.0 0.0007028374056972098
588.0 0.00045454144128598273
589.0 0.0008183184945664834
590.0 0.001182095456897514
591.0 0.00099262570074643
592.0 0.000803155853645876
593.0 0.0007547963832621463
594.0 0.0007064369128784165
595.0 0.0006959555321373045
596.0 0.000685474333295133
597.0 0.0010733758244896308
598.0 0.0014612772247346584
599.0 0.0018143751731258817
600.0 0.002167473212466575
601.0 0.0023123775463318452
602.0 0.002457282243994996
603.0 0.002116903669957537
604.0 0.0017765252778190188
605.0 0.001587400765856728
606.0 0.0013982765267428476
607.0 0.0010773960639198776
608.0 0.0007565155556221725
609.0 0.0006514402684842935
610.0 0.0005463648903969442
611.0 0.0004325775080360472
612.0 0.00031879001198831247
613.0 0.0005857817996002268
614.0 0.0008527735190000385
615.0 0.000662943330098642
616.0 0.00047311318667198066
617.0 0.00048730494199844543
618.0 0.0005014966973249102
619.0 0.0004388800334709231
620.0 0.00037626332414220087
621.0 0.0005737431820307393
622.0 0.0007712229489698075
623.0 0.0007283540526259458
624.0 0.000685485110807349
625.0 0.0009437319931748789
626.0 0.001201979011966614
627.0 0.0012932883691973984
628.0 0.0013845980902260635
629.0 0.0013630537068820558
630.0 0.0013415090506896377
631.0 0.001743537541187834
632.0 0.0021455660316860303
633.0 0.002550328827055637
634.0 0.002955091440526303
635.0 0.002918947211583145
636.0 0.0028828033464378677
637.0 0.0022176216589286923
638.0 0.001552439971419517
639.0 0.0015414017980219796
640.0 0.001530363988422323
641.0 0.0014676833416160662
642.0 0.0014050027857592795
643.0 0.0010416662007628474
644.0 0.0006783292974432698
645.0 0.00018576215552457143
646.0 1.7137079515866516e-10
647.0 7.721178576503007e-05
648.0 0.00046122863750497345
649.0 0.00018355299289396498
650.0 1.7137079515866516e-10
651.0 0.0003690842959258589
652.0 0.0008322914254677016
653.0 0.0011837245438073296
654.0 0.0015351577530964278
655.0 0.001769779555615969
656.0 0.0020044013581355102
657.0 0.0025671966795925982
658.0 0.003129991819150746
659.0 0.0036106259358348325
660.0 0.004091259324923158
661.0 0.0036634512071032077
662.0 0.0032356423616874963
663.0 0.0027101235900772735
664.0 0.0021846046365681104
665.0 0.0015873014490352944
666.0 0.0009899983524519484
667.0 0.0009567619599692989
668.0 0.0009235255674866494
669.0 0.0009498343388258945
670.0 0.0009761432011146098
671.0 0.0006193595254444517
672.0 0.0002625758497742936
673.0 0.0005463931302074343
674.0 0.000830210410640575
675.0 0.0010051547178591136
676.0 0.0011800987522292417
677.0 0.0014736853700014763
678.0 0.0017672718968242407
679.0 0.0022686022930429317
680.0 0.0027699326892616227
681.0 0.004086748231202364
682.0 0.005403564136940986
683.0 0.007045613892842084
684.0 0.008687664376338944
685.0 0.009284591942559928
686.0 0.009881522419163957
687.0 0.008508771861670539
688.0 0.007136020576581359
689.0 0.0059063968365080655
690.0 0.004676774551626295
691.0 0.004062252992298454
692.0 0.0034477310691727325
693.0 0.003073488551308401
694.0 0.0026992454877472483
695.0 0.0020556914023472928
696.0 0.0014121374078968074
697.0 0.001126211827795487
698.0 0.0008402862476941664
699.0 0.0006179667252581567
700.0 0.0003956470209232066
701.0 0.00040509803511667997
702.0 0.0004145489583606832
703.0 0.00037368004086602014
704.0 0.0003328110324218869
705.0 0.0006277733518800233
706.0 0.0009227356713381596
707.0 0.0009072788998309989
708.0 0.0008918221283238381
709.0 0.000990746048046276
710.0 0.0010896699677687138
711.0 0.000917785018827999
712.0 0.0007459002063114895
713.0 0.0006246907560125692
714.0 0.0005034814421378542
715.0 0.0005590817181655439
716.0 0.0006146819032437634
717.0 0.0006243325060495408
718.0 0.0006339831543300534
719.0 0.000573066927245236
720.0 0.0005121504727867432
721.0 0.00023127126951294485
722.0 1.7137079515866516e-10
723.0 0.00021778050722787157
724.0 0.0004851689482165966
725.0 0.00033710873594827717
726.0 0.00018904856915469281
727.0 0.0001484455424360931
728.0 0.00010784247024275828
729.0 0.00018097480278811418
730.0 0.0002541071125961025
731.0 0.00032140003440872533
732.0 0.0003886930244334508
733.0 0.0001933339262905065
734.0 1.7137079515866516e-10
735.0 0.000264546451944625
736.0 0.0005311179393174825
737.0 0.0004523486040852731
738.0 0.00037357924611569615
739.0 0.0006197210041136714
740.0 0.000865862693899544
741.0 0.001287946361117065
742.0 0.0017100299373851158
743.0 0.002517682150937617
744.0 0.0033253341825911775
745.0 0.003899105286109261
746.0 0.004472876025829464
747.0 0.004329192961449735
748.0 0.004185509533272125
749.0 0.0035888067941414192
750.0 0.0029921046007075347
751.0 0.0028902062695124187
752.0 0.002788307574519422
753.0 0.0024697563276276924
754.0 0.002151204716938082
755.0 0.002133753150701523
756.0 0.002116301220667083
757.0 0.0017842054148786701
758.0 0.0014521095181407873
759.0 0.0013166596545488574
760.0 0.0011812098819063976
761.0 0.0010324243703507818
762.0 0.000883638858795166
763.0 0.0006961470262467628
764.0 0.0005086552846478298
765.0 0.0003249206201871857
766.0 0.00014118604667601176
767.0 0.000490336469738395
768.0 0.0008394869837502483
769.0 0.0007889780135883484
770.0 0.000738469316274859
771.0 0.0007549590463895584
772.0 0.0007714488674537279
773.0 0.0006455032234953251
774.0 0.0005195575340621872
775.0 0.0005131006219016854
776.0 0.0005066437552159186
777.0 0.00048140582293854095
778.0 0.00045616789066116326
779.0 0.0006749347903678427
780.0 0.0008937015991250519
781.0 0.0010216837836196646
782.0 0.0011496659681142773
783.0 0.001117452575272182
784.0 0.0010852392733795568
785.0 0.0013594706615549512
786.0 0.0016337020497303456
787.0 0.0013288136869959999
788.0 0.0010239253242616542
789.0 0.0008341328793903813
790.0 0.0006443402980949031
791.0 0.0007747987183392979
792.0 0.0009052570021594875
793.0 0.0005941097242612159
794.0 0.00028296240088820923
795.0 0.0003281234739915817
796.0 0.0003732845470949542
797.0 0.0003937772817153018
798.0 0.00041426992538617924
799.0 0.00023458680971089052
800.0 5.4903659929550486e-05
801.0 4.1153917607061885e-06
802.0 1.7137079515866516e-10
803.0 2.2299194313291082e-05
804.0 9.127124940278009e-05
805.0 0.00023365771539829439
806.0 0.0003760442950806464
807.0 0.00028819433737226063
808.0 0.00020034442513860995
809.0 0.00032986320093186805
810.0 0.0004593819085130235
811.0 0.00024680075512151234
812.0 3.421978078677057e-05
813.0 5.995131004965515e-05
814.0 8.568296721023216e-05
815.0 0.0003147125880786916
816.0 0.0005437422260001767
817.0 0.0005859320481249597
818.0 0.0006281218702497426
819.0 0.0005149460321263177
820.0 0.0004017703304270981
821.0 0.00019949497982452158
822.0 1.7137079515866516e-10
823.0 5.46785145161266e-05
824.0 0.0001121372861234704
825.0 1.7137079515866516e-10
826.0 1.7137079515866516e-10
827.0 1.7137079515866516e-10
828.0 0.00010096739515574882
829.0 1.7137079515866516e-10
830.0 1.7137079515866516e-10
831.0 1.7137079515866516e-10
832.0 1.7137079515866516e-10
833.0 1.7137079515866516e-10
834.0 5.928609425609466e-06
835.0 0.0001402289058205497
836.0 0.000274529247690225
837.0 1.7137079515866516e-10
838.0 1.7137079515866516e-10
839.0 1.7137079515866516e-10
840.0 1.7137079515866516e-10
841.0 1.7137079515866516e-10
842.0 1.7137079515866516e-10
843.0 1.7137079515866516e-10
844.0 0.00012660918855544878
845.0 0.0003655597083707107
846.0 0.0006045102509233402
847.0 0.0003368461420905078
848.0 6.918198778294027e-05
849.0 0.00022234348762140144
850.0 0.00037550505567196524
851.0 0.00041278908611275256
852.0 0.0004500731392909074
853.0 0.00029658326639037114
854.0 0.00014309340485851862
855.0 0.00022399015051632887
856.0 0.00030488688480545534
857.0 0.0004936764980811859
858.0 0.0006824660431448137
859.0 0.0008911832992453128
860.0 0.0010999006917700171
861.0 0.0012401903404679615
862.0 0.001380480080115376
863.0 0.0015949039152474143
864.0 0.0018093278413289227
865.0 0.0017953569113160484
866.0 0.0017813856175052933
867.0 0.0021423480575322174
868.0 0.0025033104975591414
869.0 0.0024129289158736356
870.0 0.0023225476979860105
871.0 0.0021554498744080774
872.0 0.0019883520508301444
873.0 0.0024776312784524634
874.0 0.0029669105060747825
