lsstCam/transmission_filter_detector/r02_s12/r_57/19700101T000000.ecsv
# %ECSV 1.0
# ---
# datatype:
# - {name: wavelength, unit: nm, datatype: float32}
# - {name: efficiency, unit: '%', datatype: float64}
# meta: !!omap
# - {MODE: DETECTOR}
# - {TYPE: transmission_filter_detector}
# - {CALIBDATE: '1970-01-01T00:00:00'}
# - {INSTRUME: LSSTCam}
# - {OBSTYPE: transmission_filter_detector}
# - {CALIBCLS: lsst.ip.isr.IntermediateFilterDetectorTransmissionCurve}
# - {SOURCE: Materion (DM-46256)}
# - {DETECTOR: 14}
# - {FILTER: r_57}
# - {CALIB_ID: 'calibDate=1970-01-01T00:00:00 filter=r_57 detector=14'}
# - {DATE: '2025-04-02T15:59:44.249902'}
# - {CALIB_CREATION_DATE: '2025-04-02'}
# - {CALIB_CREATION_TIME: '15:59:44'}
# - __serialized_columns__:
#     efficiency:
#       __class__: astropy.units.quantity.Quantity
#       unit: !astropy.units.Unit {unit: '%'}
#       value: !astropy.table.SerializedColumn {name: efficiency}
#     wavelength:
#       __class__: astropy.units.quantity.Quantity
#       unit: !astropy.units.Unit {unit: nm}
#       value: !astropy.table.SerializedColumn {name: wavelength}
# schema: astropy-2.0
wavelength efficiency
300.0 0.0027141042664879933
301.0 0.006740067328792065
302.0 0.010766029299702495
303.0 0.014258180453907698
304.0 0.017750333063304424
305.0 0.015806809824425727
306.0 0.01386328658554703
307.0 0.012315818457864225
308.0 0.010768347419798374
309.0 0.01016927053569816
310.0 0.009570193651597947
311.0 0.008622685709269717
312.0 0.007675177039345726
313.0 0.006867681804578751
314.0 0.006060185478418134
315.0 0.005360378781915642
316.0 0.004660570266423747
317.0 0.0044283973693381995
318.0 0.004196223744656891
319.0 0.004059858110849746
320.0 0.003923493204638362
321.0 0.0036508350603980944
322.0 0.003378178007551469
323.0 0.003371569255250506
324.0 0.003364960866747424
325.0 0.0033317901397822425
326.0 0.003298620504210703
327.0 0.003203886080882512
328.0 0.003109152748947963
329.0 0.003202576408511959
330.0 0.003295999704278074
331.0 0.0030923638405511156
332.0 0.002888725975935813
333.0 0.0025349836505483836
334.0 0.002181241325160954
335.0 0.001924634307215456
336.0 0.001668027471168898
337.0 0.001478924423281569
338.0 0.0012898212844447698
339.0 0.0012658259947784245
340.0 0.0012418307051120792
341.0 0.0012148788300692104
342.0 0.0011879269550263416
343.0 0.0011444702977314591
344.0 0.0011010135494871065
345.0 0.0010183129234064836
346.0 0.0009356125701742712
347.0 0.0009468852113059256
348.0 0.00095815785243758
349.0 0.0008741130841372069
350.0 0.005652010077028535
351.0 0.0056517183111282066
352.0 0.005651426545227878
353.0 0.005217060970608145
354.0 0.004782696123584174
355.0 0.004978539072908461
356.0 0.005174382386030629
357.0 0.0065687163441907614
358.0 0.007963050302350894
359.0 0.006091408067732118
360.0 0.004219765469315462
361.0 0.0028696014851448126
362.0 0.001519437319075223
363.0 0.0025754652597242966
364.0 0.00363149301847443
365.0 0.0036893601645715535
366.0 0.0037472280382644385
367.0 0.0033218180760741234
368.0 0.0028964077500859275
369.0 0.0022854123017168604
370.0 0.0016744166714488529
371.0 0.0020700392269645818
372.0 0.002465661964379251
373.0 0.0030129396691336296
374.0 0.0035602173738880083
375.0 0.0031863706681178883
376.0 0.0028125239623477682
377.0 0.0012122988664486911
378.0 1.6359115668010404e-10
379.0 0.000725141808288754
380.0 0.0018382099369773641
381.0 0.002698413300095126
382.0 0.0035586170270107687
383.0 0.003408512202440761
384.0 0.003258407741668634
385.0 0.004337036807555705
386.0 0.005415664782049134
387.0 0.004673969669966027
388.0 0.003932274194085039
389.0 0.0032880401704460382
390.0 0.0026438057830091566
391.0 0.0020762810891028494
392.0 0.0015087566680449527
393.0 0.0015279783838195726
394.0 0.001547199826745782
395.0 0.0011820755389635451
396.0 0.0008169512511813082
397.0 0.0007268335139087867
398.0 0.0006367160040099407
399.0 0.0005564304501604056
400.0 0.00047614444156351965
401.0 0.00014975381645854213
402.0 1.6359115668010404e-10
403.0 6.75491435231379e-05
404.0 0.0003117358573945239
405.0 0.000782076040195534
406.0 0.0012524159501481336
407.0 0.0018679502318263985
408.0 0.0024834844225551933
409.0 0.002063745523628313
410.0 0.0016440062609035522
411.0 0.0012396563761285506
412.0 0.0008353066732524894
413.0 0.0008971813258540351
414.0 0.0009590558875061106
415.0 0.0009218075319950003
416.0 0.0008845594493323006
417.0 0.0014875677152303979
418.0 0.0020905765268253163
419.0 0.002515490814403165
420.0 0.0029404054657788947
421.0 0.004355299461167306
422.0 0.005770193456555717
423.0 0.008995540702017024
424.0 0.012220887583680451
425.0 0.016495025192853063
426.0 0.02076915989164263
427.0 0.02129621570929885
428.0 0.021823274437338114
429.0 0.016650001634843647
430.0 0.011476728832349181
431.0 0.008235059794969857
432.0 0.004993388211005367
433.0 0.004052721487823874
434.0 0.0031120544008444995
435.0 0.0024187327653635293
436.0 0.0017254107660846785
437.0 0.0014933985767129343
438.0 0.001261386842088541
439.0 0.0010780064258142374
440.0 0.0008946259185904637
441.0 0.0011612734851951245
442.0 0.0014279211427492555
443.0 0.0017064472558558919
444.0 0.0019849734599119984
445.0 0.0019115499526378699
446.0 0.0018381264453637414
447.0 0.0016193083865800872
448.0 0.0014004904187459033
449.0 0.0013842599400959443
450.0 0.0013680290066986345
451.0 0.0015975025235093199
452.0 0.001826976404117886
453.0 0.0017112464774982072
454.0 0.0015955167327774689
455.0 0.0014430260307563003
456.0 0.0012905356015835423
457.0 0.0008843586329021491
458.0 0.0004781818461196963
459.0 0.0007678117981413379
460.0 0.0010574417501629796
461.0 0.0016854961359058507
462.0 0.0023135498850024305
463.0 0.0030510840588249266
464.0 0.0037886180507484823
465.0 0.004931323201162741
466.0 0.006074027987779118
467.0 0.006674592441413552
468.0 0.007275157986441627
469.0 0.006208451668499038
470.0 0.005141746805747971
471.0 0.0038952082832111046
472.0 0.002648669760674238
473.0 0.002238123124698177
474.0 0.001827576124924235
475.0 0.0014922968148312066
476.0 0.0011570175956876483
477.0 0.0009248611604562029
478.0 0.0006927044978510821
479.0 0.0008913591045711655
480.0 0.0010900134839175735
481.0 0.0008743320904613938
482.0 0.0006586507424799493
483.0 0.0007099043614289258
484.0 0.000761157843953697
485.0 0.000699514384905342
486.0 0.0006378707894327817
487.0 0.0006213248525455128
488.0 0.0006047787337593036
489.0 0.0006292010766628664
490.0 0.000653623328616959
491.0 0.0007985706361068878
492.0 0.0009435178071726114
493.0 0.0010763636964838952
494.0 0.0012092098586435895
495.0 0.0010300886060576886
496.0 0.0008509671715728473
497.0 0.0011165191608597524
498.0 0.001382070877298247
499.0 0.0013522908375307452
500.0 0.0013225109796621837
501.0 0.0015194980733213015
502.0 0.0017164853488793597
503.0 0.0020834839233430102
504.0 0.002450482679705601
505.0 0.0030259356208262034
506.0 0.0036013891076436266
507.0 0.004249725679983385
508.0 0.0048980618885252625
509.0 0.005446662908070721
510.0 0.005995262472424656
511.0 0.005262295962893404
512.0 0.0045293287257663906
513.0 0.0038926089473534375
514.0 0.003255888805142604
515.0 0.003065042619709857
516.0 0.0028741967980749905
517.0 0.0026581981728668325
518.0 0.002442199365759734
519.0 0.042012654012069106
520.0 0.0160536466864869
521.0 0.12892847880721092
522.0 0.09251415031030774
523.0 0.018692413868848234
524.0 0.05817599594593048
525.0 0.16484707593917847
526.0 0.11837600031867623
527.0 0.12237492483109236
528.0 0.08033962221816182
529.0 0.12976862490177155
530.0 0.2428269712254405
531.0 0.25155774783343077
532.0 0.3267676569521427
533.0 0.32016029581427574
534.0 0.434105284512043
535.0 0.5969494581222534
536.0 0.8878360502421856
537.0 1.3421288691461086
538.0 2.0641446113586426
539.0 3.225742280483246
540.0 5.0796955823898315
541.0 7.301414757966995
542.0 10.086341947317123
543.0 13.659115135669708
544.0 18.037588894367218
545.0 22.782951593399048
546.0 28.806480765342712
547.0 35.59054136276245
548.0 44.04853880405426
549.0 51.719361543655396
550.0 58.45147967338562
551.0 65.54353833198547
552.0 70.11270523071289
553.0 74.46917295455933
554.0 78.35751175880432
555.0 81.80729150772095
556.0 85.80406308174133
557.0 88.25494647026062
558.0 91.25255942344666
559.0 93.5481071472168
560.0 93.69159936904907
561.0 94.98011469841003
562.0 95.88761329650879
563.0 95.47121524810791
564.0 95.9690272808075
565.0 95.15459537506104
566.0 95.91470956802368
567.0 95.46740055084229
568.0 95.99398374557495
569.0 96.91584706306458
570.0 96.06043696403503
571.0 97.13619947433472
572.0 96.82631492614746
573.0 97.10521101951599
574.0 97.80053496360779
575.0 96.73526883125305
576.0 97.27126359939575
577.0 97.0938503742218
578.0 97.10426330566406
579.0 96.94781303405762
580.0 96.48329019546509
581.0 96.3499367237091
582.0 96.41150832176208
583.0 96.62670493125916
584.0 96.35120630264282
585.0 96.27709984779358
586.0 96.98998928070068
587.0 96.05665802955627
588.0 96.42876982688904
589.0 97.51235842704773
590.0 96.98998928070068
591.0 96.0809588432312
592.0 95.96298933029175
593.0 95.86247205734253
594.0 95.88176012039185
595.0 96.27985954284668
596.0 97.11496829986572
597.0 97.13687896728516
598.0 96.49375081062317
599.0 96.88819646835327
600.0 96.78951501846313
601.0 96.27567529678345
602.0 96.52646780014038
603.0 96.50733470916748
604.0 96.59812450408936
605.0 96.85614109039307
606.0 96.37637138366699
607.0 96.14925980567932
608.0 96.35521173477173
609.0 95.47626972198486
610.0 95.61325907707214
611.0 95.9720253944397
612.0 95.85323333740234
613.0 96.90900444984436
614.0 96.683669090271
615.0 96.05660438537598
616.0 96.57818675041199
617.0 96.61218523979187
618.0 96.42674922943115
619.0 96.98331356048584
620.0 96.09873294830322
621.0 95.70178985595703
622.0 97.11737036705017
623.0 96.64101004600525
624.0 96.80861234664917
625.0 96.94969058036804
626.0 96.2188720703125
627.0 95.26523351669312
628.0 97.68142700195312
629.0 95.59323191642761
630.0 96.60943150520325
631.0 96.247798204422
632.0 96.67434692382812
633.0 96.52552604675293
634.0 95.78651785850525
635.0 96.23891115188599
636.0 96.40824794769287
637.0 95.72920203208923
638.0 95.8733320236206
639.0 95.62387466430664
640.0 95.76925039291382
641.0 95.5972671508789
642.0 95.75794339179993
643.0 95.80492973327637
644.0 96.37923836708069
645.0 96.38291001319885
646.0 96.26151919364929
647.0 97.5645899772644
648.0 96.38657569885254
649.0 96.06127142906189
650.0 96.4970588684082
651.0 96.9547986984253
652.0 97.09070920944214
653.0 95.66305875778198
654.0 96.48149609565735
655.0 96.40801548957825
656.0 95.9592878818512
657.0 96.1098313331604
658.0 96.17511034011841
659.0 96.41116261482239
660.0 95.60138583183289
661.0 95.3588604927063
662.0 95.76788544654846
663.0 95.90383172035217
664.0 95.31155228614807
665.0 95.54436206817627
666.0 95.35715579986572
667.0 95.86779475212097
668.0 95.07209658622742
669.0 95.78105807304382
670.0 95.6558883190155
671.0 95.3869640827179
672.0 95.41768431663513
673.0 95.47882080078125
674.0 95.14778852462769
675.0 95.58568596839905
676.0 95.09288668632507
677.0 93.69915127754211
678.0 93.0728554725647
679.0 92.22336411476135
680.0 91.28755927085876
681.0 89.70168828964233
682.0 87.59037852287292
683.0 84.74997878074646
684.0 81.40624165534973
685.0 77.78831720352173
686.0 73.73031377792358
687.0 69.31705474853516
688.0 64.85862731933594
689.0 60.4273796081543
690.0 55.56579828262329
691.0 51.64501667022705
692.0 46.72527611255646
693.0 42.20625162124634
694.0 37.056589126586914
695.0 31.752970814704895
696.0 26.324689388275146
697.0 21.035459637641907
698.0 15.416333079338074
699.0 10.965031385421753
700.0 7.609123736619949
701.0 4.710786044597626
702.0 2.9503630474209785
703.0 1.6935339197516441
704.0 0.9866705164313316
705.0 0.5239332560449839
706.0 0.3709605196490884
707.0 0.24655896704643965
708.0 0.14695465797558427
709.0 0.12079220032319427
710.0 0.0869978975970298
711.0 0.09088776423595846
712.0 0.0584846711717546
713.0 0.0942524871788919
714.0 0.06302919355221093
715.0 0.07913551526144147
716.0 0.0535612809471786
717.0 0.01426527596777305
718.0 0.04443241050466895
719.0 0.0610969087574631
720.0 1.6359115668010404e-10
721.0 0.004331888339947909
722.0 0.004081288352608681
723.0 0.0038306883652694523
724.0 0.003559820106602274
725.0 0.0032889514841372147
726.0 0.003058258516830392
727.0 0.0028275653676246293
728.0 0.002677642805792857
729.0 0.002527719880163204
730.0 0.002380687146796845
731.0 0.0022336547772283666
732.0 0.0021547455617110245
733.0 0.0020758365280926228
734.0 0.00203116396733094
735.0 0.001986491224670317
736.0 0.0017597107216715813
737.0 0.0015329304005717859
738.0 0.0015289026123355143
739.0 0.0015248746422003023
740.0 0.001520948080724338
741.0 0.0015170217011473142
742.0 0.0014042880138731562
743.0 0.0012915543265989982
744.0 0.0013581188795797061
745.0 0.001424682886863593
746.0 0.0013448910067381803
747.0 0.0012650990356632974
748.0 0.001141314351116307
749.0 0.0010175294846703764
750.0 0.0009904651960823685
751.0 0.0009634012712922413
752.0 0.0010399617167422548
753.0 0.001116521980293328
754.0 0.0010983820175169967
755.0 0.0010802425094880164
756.0 0.0010312396625522524
757.0 0.0009822368156164885
758.0 0.0010434653631818946
759.0 0.0011046937288483605
760.0 0.001111203800974181
761.0 0.001117714145948412
762.0 0.0010664687579264864
763.0 0.0010152238246519119
764.0 0.0010159804332943168
765.0 0.0010167371328861918
766.0 0.0008158722266671248
767.0 0.0006150073204480577
768.0 0.0006215240773599362
769.0 0.0006280407887970796
770.0 0.0007438602096954128
771.0 0.0008596798579674214
772.0 0.0008019653250812553
773.0 0.000744250701245619
774.0 0.0008528257239959203
775.0 0.0009614006557967514
776.0 0.0009133161256613676
777.0 0.0008652315045765135
778.0 0.00086989275587257
779.0 0.0008745539162191562
780.0 0.000753486574467388
781.0 0.0006324192781903548
782.0 0.0007022154022706673
783.0 0.0007720114808762446
784.0 0.000793255640019197
785.0 0.0008144996172632091
786.0 0.000695858307153685
787.0 0.000577216997044161
788.0 0.0006086185749154538
789.0 0.000640020334685687
790.0 0.0007047511644486804
791.0 0.0007694819032622036
792.0 0.0007759482286928687
793.0 0.0007824144631740637
794.0 0.0007587037998746382
795.0 0.000734992772777332
796.0 0.0006289490556810051
797.0 0.0005229052476352081
798.0 0.0006791323357902002
799.0 0.0008353594239451922
800.0 0.0007456200819433434
801.0 0.000655880467093084
802.0 0.0005571950623561861
803.0 0.00045850933929614257
804.0 0.0006108314209996024
805.0 0.0007631535481777973
806.0 0.0006613765435758978
807.0 0.0005595995844487334
808.0 0.0006877214673295384
809.0 0.0008158433047356084
810.0 0.0007197011200332781
811.0 0.0006235592081793584
812.0 0.0006539716650877381
813.0 0.0006843841219961178
814.0 0.0005340517873264616
815.0 0.0003837195436062757
816.0 0.0005478026196215069
817.0 0.0007118857865862083
818.0 0.0006833132374595152
819.0 0.0006547406428580871
820.0 0.0005283580776449526
821.0 0.00040197546695708297
822.0 0.0004030520813103067
823.0 0.00040412878661300056
824.0 0.00042338556340837386
825.0 0.00044264243115321733
826.0 0.0005349485491024097
827.0 0.0006272547125263372
828.0 0.0004937859102938091
829.0 0.00036031722174811875
830.0 0.00020683646653196774
831.0 5.3355739737526164e-05
832.0 4.525014674072736e-06
833.0 1.6359115668010404e-10
834.0 1.6359115668010404e-10
835.0 1.6359115668010404e-10
836.0 0.0001834564500313718
837.0 0.000490814591103117
838.0 0.0006988168024690822
839.0 0.0009068190593097825
840.0 0.0012170040463388432
841.0 0.0015271889424184337
842.0 0.002062142812064849
843.0 0.0025970968636102043
844.0 0.002801094888127409
845.0 0.003005092730745673
846.0 0.0033548865758348256
847.0 0.0037046796933282167
848.0 0.003464578912826255
849.0 0.003224477040930651
850.0 0.002560686152719427
851.0 0.001896895446407143
852.0 0.0015264542525983416
853.0 0.0011560126949916594
854.0 0.0010012037819251418
855.0 0.0008463946869596839
856.0 0.0006677675173705211
857.0 0.0004891404387308285
858.0 0.0005903850251343101
859.0 0.0006916295205883216
860.0 0.0005313918336469214
861.0 0.00037115403301868355
862.0 0.0004020489996037213
863.0 0.0004329439889261266
864.0 0.00029808920771756675
865.0 0.00016323450608979329
866.0 0.00016844094261614373
867.0 0.0001736473222990753
868.0 0.00019608228285505902
869.0 0.00021851722067367518
870.0 9.941182952388772e-05
871.0 1.6359115668010404e-10
872.0 1.6359115668010404e-10
873.0 1.6359115668010404e-10
874.0 1.6359115668010404e-10
875.0 1.6359115668010404e-10
876.0 1.6359115668010404e-10
877.0 2.088574575509483e-05
878.0 9.708212473924505e-05
879.0 0.00017327848809145507
880.0 0.00015167172477958957
881.0 0.00013006492736167274
882.0 0.00016483342051287764
883.0 0.00019960195913881762
884.0 9.036246524374292e-05
885.0 1.6359115668010404e-10
886.0 4.202047421131283e-05
887.0 0.0001029179543365899
888.0 0.00014194685036272858
889.0 0.00018097574638886726
890.0 0.00017378089296471444
891.0 0.0001665860054345103
892.0 5.4197050758375553e-05
893.0 1.6359115668010404e-10
894.0 1.6359115668010404e-10
895.0 1.6359115668010404e-10
896.0 2.6073308845298016e-05
897.0 7.622309112775838e-05
898.0 6.108570005380898e-05
899.0 4.594831182203052e-05
900.0 1.4585474161776801e-05
