lsstCam/transmission_filter_detector/r02_s12/r_57/19700101T000000.ecsv
# %ECSV 1.0
# ---
# datatype:
# - {name: wavelength, unit: nm, datatype: float32}
# - {name: efficiency, unit: '%', datatype: float64}
# meta: !!omap
# - {MODE: DETECTOR}
# - {TYPE: transmission_filter_detector}
# - {CALIBDATE: '1970-01-01T00:00:00'}
# - {INSTRUME: LSSTCam}
# - {OBSTYPE: transmission_filter_detector}
# - {CALIBCLS: lsst.ip.isr.IntermediateFilterDetectorTransmissionCurve}
# - {SOURCE: Materion (DM-46256)}
# - {DETECTOR: 14}
# - {FILTER: r_57}
# - {CALIB_ID: 'calibDate=1970-01-01T00:00:00 filter=r_57 detector=14'}
# - {DATE: '2025-04-02T15:59:44.249902'}
# - {CALIB_CREATION_DATE: '2025-04-02'}
# - {CALIB_CREATION_TIME: '15:59:44'}
# - __serialized_columns__:
#     efficiency:
#       __class__: astropy.units.quantity.Quantity
#       unit: !astropy.units.Unit {unit: '%'}
#       value: !astropy.table.SerializedColumn {name: efficiency}
#     wavelength:
#       __class__: astropy.units.quantity.Quantity
#       unit: !astropy.units.Unit {unit: nm}
#       value: !astropy.table.SerializedColumn {name: wavelength}
# schema: astropy-2.0
wavelength efficiency
[from data line 602]
902.0 1.6359115668010404e-10
903.0 1.6359115668010404e-10
904.0 1.6359115668010404e-10
905.0 3.769403633668844e-06
906.0 1.6359115668010404e-10
907.0 1.6359115668010404e-10
908.0 1.6359115668010404e-10
909.0 1.6359115668010404e-10
910.0 1.6359115668010404e-10
911.0 1.6359115668010404e-10
912.0 1.6359115668010404e-10
913.0 1.6359115668010404e-10
914.0 1.6359115668010404e-10
915.0 7.235927341753268e-05
916.0 2.6706777589424746e-05
917.0 1.6359115668010404e-10
918.0 3.9929543049765925e-05
919.0 9.880474181045429e-05
920.0 2.4806135456856282e-05
921.0 1.6359115668010404e-10
922.0 7.687543757128878e-05
923.0 0.00020294335172366118
924.0 0.0002043581844191067
925.0 0.00020577303985191975
926.0 0.00017987323417401058
927.0 0.0001539734284961014
928.0 0.0001841847961259191
929.0 0.00021439614101836924
930.0 0.00024111072889354546
931.0 0.0002678253167687217
932.0 0.00012379260851957952
933.0 1.6359115668010404e-10
934.0 9.408362302565365e-05
935.0 0.0002084072775687673
936.0 0.0002527146534703206
937.0 0.00029702202937187394
938.0 0.0003011233729921514
939.0 0.0003052247166124289
940.0 0.00032451985134684946
941.0 0.00034381494060653495
942.0 0.00042023020796477795
943.0 0.0004966455435351236
944.0 0.0003769390104935155
945.0 0.00025723256840137765
946.0 0.00028134684271208243
947.0 0.0003054611170227872
948.0 0.00043306363295414485
949.0 0.0005606661943602376
950.0 0.000532342164660804
951.0 0.0005040180440119002
952.0 0.0006679388206976
953.0 0.00083185968833277
954.0 0.001137094932346372
955.0 0.0014423303582589142
956.0 0.001485902612330392
957.0 0.0015294748664018698
958.0 0.0016943678929237649
959.0 0.001859261465142481
960.0 0.001954814615601208
961.0 0.002050368129857816
962.0 0.002229333040304482
963.0 0.002408297950751148
964.0 0.0024358194423257373
965.0 0.0024633403882035054
966.0 0.0024607415980426595
967.0 0.002458142625982873
968.0 0.00236417654377874
969.0 0.002270210643473547
970.0 0.002319967643416021
971.0 0.0023697248252574354
972.0 0.002499279253243003
973.0 0.00262883331743069
974.0 0.0028873873816337436
975.0 0.0031459414458367974
976.0 0.003241993545088917
977.0 0.0033380456443410367
978.0 0.003227983688702807
979.0 0.0031179220968624577
980.0 0.003025383011845406
981.0 0.0029328439268283546
982.0 0.00307710979541298
983.0 0.003221376027795486
984.0 0.0031868246878730133
985.0 0.0031522729841526598
986.0 0.0030159902962623164
987.0 0.002879707608371973
988.0 0.0026713229090091772
989.0 0.002462938391545322
990.0 0.0025303112124674954
991.0 0.002597684033389669
992.0 0.0026362307835370302
993.0 0.002674777715583332
994.0 0.002745678648352623
995.0 0.0028165793992229737
996.0 0.0028532729629660025
997.0 0.002889966344810091
998.0 0.003027242564712651
999.0 0.003164518784615211
1000.0 0.003272976027801633
1001.0 0.0033814336347859353
1002.0 0.003603168443078175
1003.0 0.003824903251370415
1004.0 0.003946668221033178
1005.0 0.0040684331906959414
1006.0 0.004318521678214893
1007.0 0.0045686108933296055
1008.0 0.0045029748434899375
1009.0 0.0044373387936502695
1010.0 0.0044249736674828455
1011.0 0.004412609268911183
1012.0 0.004374848140287213
1013.0 0.004337087011663243
1014.0 0.00405210375902243
1015.0 0.003767120506381616
1016.0 0.003652037412393838
1017.0 0.0035369543184060603
1018.0 0.0031166604458121583
1019.0 0.002696366937016137
1020.0 0.0022143920432426967
1021.0 0.001732416967570316
1022.0 0.0015483336028410122
1023.0 0.0013642498743138276
1024.0 0.0014279935385275166
1025.0 0.0014917375665390864
1026.0 0.0013813922123517841
1027.0 0.0012710465853160713
1028.0 0.0011976267160207499
1029.0 0.0011242068467254285
1030.0 0.0010689496775739826
1031.0 0.0010136918717762455
1032.0 0.0009627376130083576
1033.0 0.0009117831723415293
1034.0 0.0008529315891792066
1035.0 0.0007940798241179436
1036.0 0.0008760819582676049
1037.0 0.0009580838195688557
1038.0 0.0007508832823077682
1039.0 0.0005436827905214159
1040.0 0.0006926850346644642
1041.0 0.0008416872333327774
1042.0 0.0009842015060712583
1043.0 0.0011267154150118586
1044.0 0.0010213560017291456
1045.0 0.0009159969522443134
1046.0 0.0009486264389124699
1047.0 0.0009812561074795667
1048.0 0.0008929179784900043
1049.0 0.0008045801223488525
1050.0 0.0007256770459207473
1051.0 0.000646773878543172
1052.0 0.0009452771337237209
1053.0 0.001243780025106389
1054.0 0.0010663501598173752
1055.0 0.0008889201126294211
1056.0 0.0009526310350338463
1057.0 0.0010163424121856224
1058.0 0.0008352815711987205
1059.0 0.0006542210485349642
1060.0 0.0009984341886593029
1061.0 0.0013426468285615556
1062.0 0.0015072010683070403
1063.0 0.001671755308052525
1064.0 0.001217623685079161
1065.0 0.0007634918802068569
1066.0 0.0011287780580460094
1067.0 0.001494064326834632
1068.0 0.001846955819928553
1069.0 0.002199846858275123
1070.0 0.0014942352208890952
1071.0 0.0007886234016041271
1072.0 0.0012249237443029415
1073.0 0.0016612242689006962
1074.0 0.002260483415739145
1075.0 0.0028597423806786537
1076.0 0.00326220178976655
1077.0 0.003664661562652327
1078.0 0.004129004810238257
1079.0 0.004593348421622068
1080.0 0.004397665907163173
1081.0 0.004201983392704278
1082.0 0.0038826241507194936
1083.0 0.003563264908734709
1084.0 0.004354763586889021
1085.0 0.005146262265043333
1086.0 0.00496791981277056
1087.0 0.004789577360497788
1088.0 0.004661688581109047
1089.0 0.004533800893113948
1090.0 0.004412890848470852
1091.0 0.0042919804400298744
1092.0 0.003794252552324906
1093.0 0.0032965250284178182
1094.0 0.0038517569919349626
1095.0 0.004406988591654226
1096.0 0.003490097151370719
1097.0 0.0025732055291882716
1098.0 0.0020199297068757005
1099.0 0.0014666540664620697
1100.0 0.0016789092114777304
1101.0 0.0018911639926955104
