lsstCam/transmission_filter_detector/r24_s02/i_39/19700101T000000.ecsv
# %ECSV 1.0
# ---
# datatype:
# - {name: wavelength, unit: nm, datatype: float32}
# - {name: efficiency, unit: '%', datatype: float64}
# meta: !!omap
# - {MODE: DETECTOR}
# - {TYPE: transmission_filter_detector}
# - {CALIBDATE: '1970-01-01T00:00:00'}
# - {INSTRUME: LSSTCam}
# - {OBSTYPE: transmission_filter_detector}
# - {CALIBCLS: lsst.ip.isr.IntermediateFilterDetectorTransmissionCurve}
# - {SOURCE: Materion (DM-46256)}
# - {DETECTOR: 110}
# - {FILTER: i_39}
# - {CALIB_ID: 'calibDate=1970-01-01T00:00:00 filter=i_39 detector=110'}
# - {DATE: '2025-04-02T15:59:46.989921'}
# - {CALIB_CREATION_DATE: '2025-04-02'}
# - {CALIB_CREATION_TIME: '15:59:46'}
# - __serialized_columns__:
#     efficiency:
#       __class__: astropy.units.quantity.Quantity
#       unit: !astropy.units.Unit {unit: '%'}
#       value: !astropy.table.SerializedColumn {name: efficiency}
#     wavelength:
#       __class__: astropy.units.quantity.Quantity
#       unit: !astropy.units.Unit {unit: nm}
#       value: !astropy.table.SerializedColumn {name: wavelength}
# schema: astropy-2.0
wavelength efficiency
300.0 0.09275900665670633
301.0 0.05298884934745729
302.0 0.013218726962804794
303.0 0.018778805679176003
304.0 0.024338887305930257
305.0 0.02326399553567171
306.0 0.022189105220604688
307.0 0.0036261273635318503
308.0 1.706775888156431e-10
309.0 1.706775888156431e-10
310.0 1.706775888156431e-10
311.0 1.706775888156431e-10
312.0 0.005753961886512116
313.0 0.0013497234249371104
314.0 1.706775888156431e-10
315.0 1.706775888156431e-10
316.0 1.706775888156431e-10
317.0 1.706775888156431e-10
318.0 1.706775888156431e-10
319.0 1.706775888156431e-10
320.0 1.706775888156431e-10
321.0 1.706775888156431e-10
322.0 1.706775888156431e-10
323.0 1.706775888156431e-10
324.0 1.706775888156431e-10
325.0 1.706775888156431e-10
326.0 1.706775888156431e-10
327.0 1.706775888156431e-10
328.0 0.0029714534321101382
329.0 0.0017774269508663565
330.0 0.0005834004696225747
331.0 0.0006090509941714117
332.0 0.0006347019279928645
333.0 0.0014264383935369551
334.0 0.0022181753593031317
335.0 0.0018552314941189252
336.0 0.0014922884474799503
337.0 0.0019731045540538616
338.0 0.0024539203877793625
339.0 0.0028458058295655064
340.0 0.003237691635149531
341.0 1.706775888156431e-10
342.0 1.706775888156431e-10
343.0 1.706775888156431e-10
344.0 1.706775888156431e-10
345.0 1.706775888156431e-10
346.0 1.706775888156431e-10
347.0 1.706775888156431e-10
348.0 1.706775888156431e-10
349.0 1.706775888156431e-10
350.0 1.706775888156431e-10
351.0 1.706775888156431e-10
352.0 1.706775888156431e-10
353.0 1.706775888156431e-10
354.0 1.706775888156431e-10
355.0 1.706775888156431e-10
356.0 0.00012186656022095121
357.0 0.0008762909601500724
358.0 0.001630715632927604
359.0 0.0017068156012101099
360.0 0.001782915205694735
361.0 0.001150854950537905
362.0 0.0005187946499063401
363.0 0.0002838327191057033
364.0 4.88708394641435e-05
365.0 0.0009972111911338288
366.0 0.0019455517758615315
367.0 0.001034390788845485
368.0 0.00012322972224865225
369.0 0.0005775325917056762
370.0 0.0010318356544303242
371.0 0.0005711799531127326
372.0 0.00011052433137592743
373.0 0.00036405242553883
374.0 0.0006175805083330488
375.0 1.706775888156431e-10
376.0 1.706775888156431e-10
377.0 1.706775888156431e-10
378.0 9.649414778323262e-06
379.0 1.706775888156431e-10
380.0 1.706775888156431e-10
381.0 1.706775888156431e-10
382.0 1.706775888156431e-10
383.0 0.00035275804748380324
384.0 0.0014046477190277074
385.0 0.0012844002412748523
386.0 0.001164152672572527
387.0 1.706775888156431e-10
388.0 1.706775888156431e-10
389.0 1.706775888156431e-10
390.0 1.706775888156431e-10
391.0 1.706775888156431e-10
392.0 1.706775888156431e-10
393.0 1.706775888156431e-10
394.0 0.0006000370376568753
395.0 1.706775888156431e-10
396.0 1.706775888156431e-10
397.0 1.706775888156431e-10
398.0 1.706775888156431e-10
399.0 1.706775888156431e-10
400.0 7.266799570970761e-05
401.0 1.706775888156431e-10
402.0 1.706775888156431e-10
403.0 1.706775888156431e-10
404.0 0.00010495149354028399
405.0 0.0021428097170428373
406.0 0.0041806677472777665
407.0 0.002187811696785502
408.0 0.00019495278138492722
409.0 1.706775888156431e-10
410.0 1.706775888156431e-10
411.0 0.0021382165868999436
412.0 0.005254063944448717
413.0 0.0050042170187225565
414.0 0.004754371548187919
415.0 0.005142379814060405
416.0 0.00553038771613501
417.0 0.002703534482861869
418.0 1.706775888156431e-10
419.0 0.0030658196919830516
420.0 0.006254957406781614
421.0 0.0052899027650710195
422.0 0.0043248477595625445
423.0 0.004316183185437694
424.0 0.004307518611312844
425.0 0.0032103653211379424
426.0 0.002113211121468339
427.0 0.003545882645994425
428.0 0.004978555080015212
429.0 0.004943384919897653
430.0 0.0049082154873758554
431.0 0.0037267222069203854
432.0 0.002545229835959617
433.0 0.003695547638926655
434.0 0.004845865623792633
435.0 0.003407654003240168
436.0 0.0019694418369908817
437.0 0.0015008433365437668
438.0 0.0010322447451471817
439.0 0.0017796784959500656
440.0 0.0025271127015003003
441.0 0.0006309054242592538
442.0 1.706775888156431e-10
443.0 1.706775888156431e-10
444.0 1.706775888156431e-10
445.0 1.706775888156431e-10
446.0 0.00015393853800560464
447.0 0.0003022826831511338
448.0 0.00045062697608955204
449.0 1.706775888156431e-10
450.0 1.706775888156431e-10
451.0 0.00028602557904378045
452.0 0.0012831629646825604
453.0 0.0014685389942314941
454.0 0.0016539153875783086
455.0 0.001862819590314757
456.0 0.0020717237930512056
457.0 0.0014284603821579367
458.0 0.000785197062214138
459.0 0.00048261936171911657
460.0 0.00018004170669883024
461.0 0.000417194360124995
462.0 0.0006543470135511598
463.0 0.00037701736346207326
464.0 9.968784979719203e-05
465.0 0.0004274380444257986
466.0 0.000755188148104935
467.0 0.0008797494956525043
468.0 0.0010043107977253385
469.0 0.00043419117901066784
470.0 1.706775888156431e-10
471.0 0.00041791154217207804
472.0 0.0009717516149976291
473.0 0.00115208349598106
474.0 0.0013324156498129014
475.0 0.0006413778919522883
476.0 1.706775888156431e-10
477.0 0.0005778806098533096
478.0 0.0012054208127665333
479.0 0.0012308527402637992
480.0 0.001256284667761065
481.0 0.002373260576860048
482.0 0.003490235030767508
483.0 0.004903299850411713
484.0 0.006316364306258038
485.0 0.006307647709036246
486.0 0.006298931111814454
487.0 0.009215608588419855
488.0 0.012132286792621017
489.0 0.015919041470624506
490.0 0.019705794693436474
491.0 0.023303939087782055
492.0 0.02690208493731916
493.0 0.029458865174092352
494.0 0.032015645410865545
495.0 0.028895869036205113
496.0 0.025776083930395544
497.0 0.019956377218477428
498.0 0.014136664685793221
499.0 0.010266041499562562
500.0 0.0063954190409276634
501.0 0.004672452269005589
502.0 0.0029494851332856342
503.0 0.002326431786059402
504.0 0.0017033778931363486
505.0 0.0016911137208808213
506.0 0.0016788495486252941
507.0 0.0018204300431534648
508.0 0.0019620101738837548
509.0 0.0021875534002901986
510.0 0.002413096444797702
511.0 0.0017950947949429974
512.0 0.0011770929631893523
513.0 0.0014987983377068304
514.0 0.001820503530325368
515.0 0.0023595188395120203
516.0 0.0028985341486986727
517.0 0.0023469961888622493
518.0 0.0017954582290258259
519.0 0.0019882956621586345
520.0 0.0021811332771903835
521.0 0.0018607097445055842
522.0 0.001540286211820785
523.0 0.001539598270028364
524.0 0.0015389105101348832
525.0 0.00199211008293787
526.0 0.0024453094738419168
527.0 0.002706009217945393
528.0 0.0029667089620488696
529.0 0.0029212160370661877
530.0 0.0028757229301845655
531.0 0.0027121339371660724
532.0 0.0025485451260465197
533.0 0.002235557076346595
534.0 0.0019225692085456103
535.0 0.0018263461242895573
536.0 0.0017301232219324447
537.0 0.0023343378416029736
538.0 0.0029385524612735026
539.0 0.0034317785321036354
540.0 0.0039250047848327085
541.0 0.004546199124888517
542.0 0.005167393464944325
543.0 0.005154475365998223
544.0 0.005141557630850002
545.0 0.00434459034295287
546.0 0.003547623782651499
547.0 0.0027743510145228356
548.0 0.0020010784282931127
549.0 0.001975149461941328
550.0 0.0019492206774884835
551.0 0.0015974419511621818
552.0 0.0012456634976842906
553.0 0.0017327556633972563
554.0 0.0022198477381607518
555.0 0.0016635825886623934
556.0 0.0011073176210629754
557.0 0.000882075255503878
558.0 0.0006568330263689859
559.0 0.00020474292341532419
560.0 1.706775888156431e-10
561.0 0.0005500015504367184
562.0 0.0013473504623107146
563.0 0.001559363772685174
564.0 0.0017713773559080437
565.0 0.001344013162452029
566.0 0.0009166488780465443
567.0 0.0009544795830151998
568.0 0.000992310197034385
569.0 0.0009028232852870133
570.0 0.0008133360097417608
571.0 0.00046968470996944234
572.0 0.00012603347840922652
573.0 0.0002709673935896717
574.0 0.0004159014224569546
575.0 0.0003649347263490199
576.0 0.0003139680302410852
577.0 0.00047480671128141694
578.0 0.0006356453923217487
579.0 0.00026847844765143236
580.0 1.706775888156431e-10
581.0 0.00013676045682586846
582.0 0.0003722093879332533
583.0 0.0004314656052883947
584.0 0.0004907217771688011
585.0 0.0005955786036793143
586.0 0.0007004355211392976
587.0 0.0006651063358731335
588.0 0.0006297770141827641
589.0 0.0006408018180081854
590.0 0.0006518265763588715
591.0 0.000865299443830736
592.0 0.001078772584151011
593.0 0.000703796331436024
594.0 0.0003288202151452424
595.0 0.0005951486855337862
596.0 0.0008614771104475949
597.0 0.00068613971961895
598.0 0.0005108023742650403
599.0 0.0005214822522248141
600.0 0.0005321619028109126
601.0 0.00047764515329618007
602.0 0.0004231283128319774
603.0 0.00026449963570485124
604.0 0.0001058707994161523
605.0 0.00015199930203380063
606.0 0.00019812780465144897
607.0 0.0004296108272683341
608.0 0.0006610937361983815
609.0 0.0005866507763130357
610.0 0.0005122075435792794
611.0 0.0006348201168293599
612.0 0.0007574327355541755
613.0 0.0004741555585496826
614.0 0.00019087851796939503
615.0 1.706775888156431e-10
616.0 1.706775888156431e-10
617.0 1.706775888156431e-10
618.0 0.00011353610034348094
619.0 0.0002870051957870601
620.0 0.00046047434807405807
621.0 0.000612927306065103
622.0 0.0007653801731066778
623.0 0.000578710842091823
624.0 0.0003920414656022331
625.0 0.0003864832251565531
626.0 0.0003809249847108731
627.0 0.00031791298624739284
628.0 0.00025490098778391257
629.0 0.00039873252717370633
630.0 0.0005425641120382352
631.0 0.0004340063696872676
632.0 0.0003254486500736675
633.0 0.0003811446958934539
634.0 0.00043684071897587273
635.0 0.0004258410172042204
636.0 0.000414841269957833
637.0 0.00036648320929089095
638.0 0.0003181250349371112
639.0 0.0005867279014637461
640.0 0.0008553306543035433
641.0 0.0006120123543951195
642.0 0.00036869398627459304
643.0 0.0005410589892562712
644.0 0.0007134239695005817
645.0 0.0006692646365991095
646.0 0.0006251053946471075
647.0 0.0007710649697401095
648.0 0.0009170250450551976
649.0 0.0007845751497370657
650.0 0.0006521251634694636
651.0 0.0008446339052170515
652.0 0.0010371427379141096
653.0 0.001156338203145424
654.0 0.001275533577427268
655.0 0.0018340768292546272
656.0 0.002392619899183046
657.0 0.0032466025004396215
658.0 0.004100583464605734
659.0 0.006600870256079361
660.0 0.051622738828882575
661.0 0.08042076951824129
662.0 0.08986630709841847
663.0 0.05329045816324651
664.0 0.10777307907119393
665.0 0.09986403165385127
666.0 0.10574102634564042
667.0 0.16458352329209447
668.0 0.18447685288265347
669.0 0.24451524950563908
670.0 0.29333624988794327
671.0 0.464513897895813
672.0 0.6942519452422857
673.0 1.1405074037611485
674.0 1.7485208809375763
675.0 2.5469642132520676
676.0 3.6217093467712402
677.0 4.936852678656578
678.0 6.289800256490707
679.0 7.731218636035919
680.0 9.603995829820633
681.0 11.615519970655441
682.0 14.199599623680115
683.0 17.029938101768494
684.0 20.06497234106064
685.0 23.013626039028168
686.0 26.002654433250427
687.0 29.184377193450928
688.0 32.33237266540527
689.0 35.48124134540558
690.0 39.10068869590759
691.0 42.98108220100403
692.0 47.779491543769836
693.0 52.82238721847534
694.0 58.61475467681885
695.0 64.17199969291687
696.0 70.44007182121277
697.0 76.0202169418335
698.0 82.11585283279419
699.0 86.76761984825134
700.0 90.50967693328857
701.0 93.41288805007935
702.0 95.55096626281738
703.0 96.63057327270508
704.0 97.16072082519531
705.0 97.66971468925476
706.0 97.70312905311584
707.0 97.95282483100891
708.0 97.93887138366699
709.0 98.00724387168884
710.0 97.74123430252075
711.0 97.97021150588989
712.0 97.81454801559448
713.0 97.89941906929016
714.0 97.99409508705139
715.0 98.10751080513
716.0 97.87728786468506
717.0 98.11816215515137
718.0 98.19878339767456
719.0 98.15037846565247
720.0 98.35681319236755
721.0 98.30814003944397
722.0 98.03249835968018
723.0 97.80233502388
724.0 97.50261902809143
725.0 97.24505543708801
726.0 96.90262079238892
727.0 96.64053320884705
728.0 96.33642435073853
729.0 96.10798358917236
730.0 96.16868495941162
731.0 96.13894820213318
732.0 96.22857570648193
733.0 96.53552174568176
734.0 96.92693948745728
735.0 97.18160033226013
736.0 97.55979776382446
737.0 97.92542457580566
738.0 98.25674295425415
739.0 98.59448671340942
740.0 98.73953461647034
741.0 98.52389693260193
742.0 98.78780841827393
743.0 98.63669872283936
744.0 98.54914546012878
745.0 98.47214221954346
746.0 98.42793941497803
747.0 98.68071675300598
748.0 98.55262041091919
749.0 98.47012162208557
750.0 98.43454360961914
751.0 98.36764335632324
752.0 98.29345941543579
753.0 98.46869111061096
754.0 98.43608140945435
755.0 98.4962522983551
756.0 98.60760569572449
757.0 98.5765814781189
758.0 98.69874715805054
759.0 98.64166378974915
760.0 98.56442213058472
761.0 98.4720766544342
762.0 98.5586166381836
763.0 98.50729703903198
764.0 98.31531643867493
765.0 98.31656217575073
766.0 98.32170009613037
767.0 98.1921136379242
768.0 98.29065799713135
769.0 98.28957319259644
770.0 98.06467294692993
771.0 98.16108345985413
772.0 98.16893935203552
773.0 98.04235100746155
774.0 97.95036315917969
775.0 98.03287386894226
776.0 97.87545204162598
777.0 97.98445105552673
778.0 97.92065620422363
779.0 97.91523218154907
780.0 97.85959720611572
781.0 98.01799058914185
782.0 97.91247248649597
783.0 97.9535460472107
784.0 98.0238139629364
785.0 98.03652763366699
786.0 98.16325306892395
787.0 97.9620099067688
788.0 98.10173511505127
789.0 98.20340871810913
790.0 98.07180762290955
791.0 98.13826084136963
792.0 98.08114171028137
793.0 97.97064065933228
794.0 97.92036414146423
795.0 97.88937568664551
796.0 97.90652990341187
797.0 97.97987341880798
798.0 97.96401858329773
799.0 97.85334467887878
800.0 97.67093062400818
801.0 97.72052764892578
802.0 97.68816828727722
803.0 97.4309504032135
804.0 97.31812477111816
805.0 97.00227975845337
806.0 96.80473208427429
807.0 96.16563320159912
808.0 95.42675614356995
809.0 94.61314678192139
810.0 93.60963702201843
811.0 92.06878542900085
812.0 90.21357297897339
813.0 87.89936900138855
814.0 85.11616587638855
815.0 81.8618655204773
816.0 78.40960025787354
817.0 74.19155836105347
818.0 69.40306425094604
819.0 65.1801586151123
820.0 60.0441038608551
821.0 55.430591106414795
822.0 50.876712799072266
823.0 46.20142579078674
824.0 41.586264967918396
825.0 37.29692995548248
826.0 32.8078955411911
827.0 28.186050057411194
828.0 23.915331065654755
829.0 19.70982849597931
830.0 15.340793132781982
831.0 11.856643110513687
832.0 8.443102985620499
833.0 5.7557858526706696
834.0 3.703252226114273
835.0 2.2897932678461075
836.0 1.3576624915003777
837.0 0.731333252042532
838.0 0.42274920269846916
839.0 0.26613951195031404
840.0 0.09843175066635013
841.0 0.07136919302865863
842.0 0.02931748458649963
843.0 0.005063625940238126
844.0 0.009458827116759494
845.0 1.706775888156431e-10
846.0 1.706775888156431e-10
847.0 1.706775888156431e-10
848.0 1.706775888156431e-10
849.0 1.706775888156431e-10
850.0 1.706775888156431e-10
851.0 1.706775888156431e-10
852.0 0.0009338582458440214
853.0 0.0009928302461048588
854.0 0.0010518025192141067
855.0 0.0009138603672909085
856.0 0.0007759182153677102
857.0 0.0008218626135203522
858.0 0.0008678066478751134
859.0 0.000498187273478834
860.0 0.00012856770581493038
861.0 0.00024292855869134655
862.0 0.0003572893092496088
863.0 0.00022766685106034856
864.0 9.804443834582344e-05
865.0 9.476884770265315e-05
866.0 9.149317179435457e-05
867.0 0.0001046415718519711
868.0 0.00011778993211919442
869.0 1.436906700291729e-05
870.0 1.706775888156431e-10
871.0 6.639578487011022e-05
872.0 0.0002218433564848965
873.0 0.00022906735921424115
874.0 0.00023629133920621825
875.0 0.00024963333089544903
876.0 0.0002629753225846798
877.0 1.706775888156431e-10
878.0 1.706775888156431e-10
879.0 1.706775888156431e-10
880.0 0.0005174182206246769
881.0 0.00020174857127130963
882.0 1.706775888156431e-10
883.0 0.00011437551847848226
884.0 0.0003426721377763897
885.0 0.00018284863472217694
886.0 2.3025165774015477e-05
887.0 0.00011768124750233255
888.0 0.0002123373860740685
889.0 0.00012083653473382583
890.0 2.9335691920095996e-05
891.0 9.393983191330335e-05
892.0 0.00015854394632697222
893.0 0.00022793856260250323
894.0 0.00029733316750935046
895.0 1.706775888156431e-10
896.0 1.706775888156431e-10
897.0 1.706775888156431e-10
