lsstCam/transmission_filter_detector/r24_s02/i_39/19700101T000000.ecsv
# %ECSV 1.0
# ---
# datatype:
# - {name: wavelength, unit: nm, datatype: float32}
# - {name: efficiency, unit: '%', datatype: float64}
# meta: !!omap
# - {MODE: DETECTOR}
# - {TYPE: transmission_filter_detector}
# - {CALIBDATE: '1970-01-01T00:00:00'}
# - {INSTRUME: LSSTCam}
# - {OBSTYPE: transmission_filter_detector}
# - {CALIBCLS: lsst.ip.isr.IntermediateFilterDetectorTransmissionCurve}
# - {SOURCE: Materion (DM-46256)}
# - {DETECTOR: 110}
# - {FILTER: i_39}
# - {CALIB_ID: 'calibDate=1970-01-01T00:00:00 filter=i_39 detector=110'}
# - {DATE: '2025-04-02T15:59:46.989921'}
# - {CALIB_CREATION_DATE: '2025-04-02'}
# - {CALIB_CREATION_TIME: '15:59:46'}
# - __serialized_columns__:
#     efficiency:
#       __class__: astropy.units.quantity.Quantity
#       unit: !astropy.units.Unit {unit: '%'}
#       value: !astropy.table.SerializedColumn {name: efficiency}
#     wavelength:
#       __class__: astropy.units.quantity.Quantity
#       unit: !astropy.units.Unit {unit: nm}
#       value: !astropy.table.SerializedColumn {name: wavelength}
# schema: astropy-2.0
wavelength efficiency
[from data line 599]
899.0 1.706775888156431e-10
900.0 1.706775888156431e-10
901.0 1.706775888156431e-10
902.0 1.706775888156431e-10
903.0 1.706775888156431e-10
904.0 1.706775888156431e-10
905.0 1.706775888156431e-10
906.0 1.706775888156431e-10
907.0 6.897172397657414e-05
908.0 0.00027937451250181766
909.0 1.706775888156431e-10
910.0 1.706775888156431e-10
911.0 1.706775888156431e-10
912.0 0.00014039665074960794
913.0 9.825625966186635e-05
914.0 5.6115862889782875e-05
915.0 2.255538156248349e-06
916.0 1.706775888156431e-10
917.0 1.706775888156431e-10
918.0 1.706775888156431e-10
919.0 1.706775888156431e-10
920.0 0.00012660491393035045
921.0 5.39387315257045e-05
922.0 1.706775888156431e-10
923.0 1.706775888156431e-10
924.0 1.706775888156431e-10
925.0 8.032190521589655e-05
926.0 0.00025306580937467515
927.0 1.706775888156431e-10
928.0 1.706775888156431e-10
929.0 1.706775888156431e-10
930.0 0.00024100438622554066
931.0 0.00022350266135617858
932.0 0.00020600091374944896
933.0 0.0002007615648835781
934.0 0.0001955222387550748
935.0 1.706775888156431e-10
936.0 1.706775888156431e-10
937.0 1.706775888156431e-10
938.0 1.706775888156431e-10
939.0 1.706775888156431e-10
940.0 1.706775888156431e-10
941.0 1.706775888156431e-10
942.0 1.706775888156431e-10
943.0 1.706775888156431e-10
944.0 1.706775888156431e-10
945.0 1.706775888156431e-10
946.0 1.706775888156431e-10
947.0 1.706775888156431e-10
948.0 1.706775888156431e-10
949.0 1.706775888156431e-10
950.0 1.706775888156431e-10
951.0 1.706775888156431e-10
952.0 1.706775888156431e-10
953.0 1.706775888156431e-10
954.0 1.706775888156431e-10
955.0 8.317364290633122e-05
956.0 0.0004172068202024093
957.0 0.0003182737600582186
958.0 0.0002193406771766604
959.0 0.00019368624180060579
960.0 0.00016803182916191872
961.0 0.00010950121804853552
962.0 5.097058988212666e-05
963.0 1.706775888156431e-10
964.0 1.706775888156431e-10
965.0 1.706775888156431e-10
966.0 1.706775888156431e-10
967.0 1.706775888156431e-10
968.0 1.706775888156431e-10
969.0 1.706775888156431e-10
970.0 1.706775888156431e-10
971.0 1.706775888156431e-10
972.0 1.706775888156431e-10
973.0 1.706775888156431e-10
974.0 1.706775888156431e-10
975.0 1.706775888156431e-10
976.0 1.706775888156431e-10
977.0 1.706775888156431e-10
978.0 1.706775888156431e-10
979.0 1.706775888156431e-10
980.0 1.706775888156431e-10
981.0 1.706775888156431e-10
982.0 1.706775888156431e-10
983.0 1.706775888156431e-10
984.0 1.706775888156431e-10
985.0 4.180043902124453e-05
986.0 0.00019186566078133183
987.0 1.706775888156431e-10
988.0 1.706775888156431e-10
989.0 1.706775888156431e-10
990.0 1.706775888156431e-10
991.0 1.706775888156431e-10
992.0 1.706775888156431e-10
993.0 1.706775888156431e-10
994.0 2.3449215902360265e-06
995.0 1.706775888156431e-10
996.0 1.706775888156431e-10
997.0 0.00010658839073585114
998.0 0.0003283602609371883
999.0 0.00028359024781821063
1000.0 0.00023882016648713034
1001.0 8.351249221050239e-05
1002.0 1.706775888156431e-10
1003.0 3.6132996683591045e-05
1004.0 0.0001440612777514616
1005.0 3.5075220239377813e-05
1006.0 1.706775888156431e-10
1007.0 8.753197562327841e-05
1008.0 0.0002489747885192628
1009.0 0.00012224312513353652
1010.0 1.706775888156431e-10
1011.0 9.857315035333158e-05
1012.0 0.00020163486169622047
1013.0 0.00038731368476874195
1014.0 0.0005729926215281012
1015.0 0.00043924178498855326
1016.0 0.000305491016661108
1017.0 0.00043702857510652393
1018.0 0.0005685662927135127
1019.0 0.000384244503948139
1020.0 0.00019992269244539784
1021.0 0.00019702990812220378
1022.0 0.00019413710106164217
1023.0 0.0005494417109730421
1024.0 0.0009047464118339121
1025.0 0.0006813059371779673
1026.0 0.0004578655534714926
1027.0 0.00035666682833834784
1028.0 0.0002554681259425706
1029.0 0.0007302036010514712
1030.0 0.0012049390534230042
1031.0 0.0016896630768314935
1032.0 0.0021743868273915723
1033.0 0.002437444527458865
1034.0 0.0027005014999303967
1035.0 0.0033386222639819607
1036.0 0.003976743028033525
1037.0 0.0038842026697238907
1038.0 0.003791661947616376
1039.0 0.0031313196814153343
1040.0 0.002470977597113233
1041.0 0.0018902259398601018
1042.0 0.0013094741007080302
1043.0 0.002062936073343735
1044.0 0.00281639804597944
1045.0 0.0032873078453121707
1046.0 0.003758218008442782
1047.0 0.003571685010683723
1048.0 0.0033851523767225444
1049.0 0.002978374141093809
1050.0 0.002571595541667193
1051.0 0.0027128193323733285
1052.0 0.0028540434868773445
1053.0 0.0019121544028166682
1054.0 0.0009702652278065216
1055.0 0.0009288582077715546
1056.0 0.0008874511877365876
1057.0 0.0009007472726807464
1058.0 0.0009140436304733157
1059.0 0.001032901036523981
1060.0 0.0011517588973219972
1061.0 0.0016446065274067223
1062.0 0.0021374537027440965
1063.0 0.002360768849030137
1064.0 0.0025840838134172373
1065.0 0.0029977274607517757
1066.0 0.0034113712899852544
1067.0 0.004269141572876833
1068.0 0.005126911855768412
1069.0 0.0041940973460441455
1070.0 0.003261282472521998
1071.0 0.0029487177016562782
1072.0 0.0026361525669926777
1073.0 0.0025377521524205804
1074.0 0.002439351737848483
1075.0 0.0024555265554226935
1076.0 0.0024717011910979636
1077.0 0.002142338053090498
1078.0 0.001812974369386211
1079.0 0.0018515955162001774
1080.0 0.001890216844913084
1081.0 0.0011309424735372886
1082.0 0.000371668011212023
1083.0 0.00011989644690402201
1084.0 1.706775888156431e-10
1085.0 0.00040119093682733364
1086.0 0.0009342575140180998
1087.0 0.0009995670552598312
1088.0 0.0010648765965015627
1089.0 1.706775888156431e-10
1090.0 1.706775888156431e-10
1091.0 1.706775888156431e-10
1092.0 1.706775888156431e-10
1093.0 1.706775888156431e-10
1094.0 0.0007216568064905005
1095.0 0.0005683347808371764
1096.0 0.0004150130280322628
1097.0 1.706775888156431e-10
1098.0 1.706775888156431e-10
1099.0 1.706775888156431e-10
1100.0 0.00042784104152815416
