ts8/qe_curve/rtm-019_s22/19700101T000000.ecsv
# %ECSV 0.9
# ---
# datatype:
# - {name: amp_name, datatype: string}
# - {name: wavelength, unit: nm, datatype: float32}
# - {name: efficiency, unit: '%', datatype: float32}
# meta: !!omap
# - {MODE: AMP}
# - {TYPE: QE}
# - {CALIBDATE: '1970-01-01T00:00:00'}
# - {INSTRUME: TS8}
# - {OBSTYPE: qe_curve}
# - {DETECTOR: 143}
# - {PICKLEFILE: RaftRun11808.p}
# - {CALIB_ID: 'raftName=RTM-019 detectorName=S22 detector=143 calibDate=1970-01-01T00:00:00 ccd=143 ccdnum=143 filter=None'}
# - {DATE: '2020-01-23T13:37:36.284549'}
# - {CALIB_CREATION_DATE: '2020-01-23'}
# - {CALIB_CREATION_TIME: '13:37:36'}
# - __serialized_columns__:
#     efficiency:
#       __class__: astropy.units.quantity.Quantity
#       unit: !astropy.units.Unit {unit: '%'}
#       value: !astropy.table.SerializedColumn {name: efficiency}
#     wavelength:
#       __class__: astropy.units.quantity.Quantity
#       unit: !astropy.units.Unit {unit: nm}
#       value: !astropy.table.SerializedColumn {name: wavelength}
# schema: astropy-2.0
amp_name wavelength efficiency
C07 319.994 43.122105
C07 324.969 48.706814
C07 349.982 72.384384
C07 374.975 77.338745
C07 400.019 84.20769
C07 424.965 86.24861
C07 450.035 88.091835
C07 475.003 90.50547
C07 500.018 93.35134
C07 525.002 94.02104
C07 550.029 95.63197
C07 575.023 96.99836
C07 599.982 98.08118
C07 619.997 98.612656
C07 624.979 98.46486
C07 650.012 98.81927
C07 675.004 99.09705
C07 700.03 99.07412
C07 725.012 98.96487
C07 750.022 98.8661
C07 774.987 99.30294
C07 799.976 98.32324
C07 824.988 96.99416
C07 850.022 94.70942
C07 869.967 91.527626
C07 875.002 91.08075
C07 899.999 83.156815
C07 919.999 74.148605
C07 925.012 70.63929
C07 949.965 57.48971
C07 975.002 42.41741
C07 999.976 25.855352
C07 1025.028 11.219733
C07 1050.014 3.9937785
C07 1075.002 2.208157
C07 1099.99 1.72406
C12 319.994 43.798367
C12 324.969 49.48381
C12 349.982 74.01791
C12 374.975 79.10503
C12 400.019 85.286964
C12 424.965 86.954254
C12 450.035 88.58896
C12 475.003 90.88038
C12 500.018 93.66152
C12 525.002 94.285324
C12 550.029 95.88156
C12 575.023 97.25014
C12 599.982 98.34501
C12 619.997 98.88502
C12 624.979 98.74224
C12 650.012 99.10916
C12 675.004 99.397316
C12 700.03 99.33428
C12 725.012 99.08496
C12 750.022 98.81137
C12 774.987 99.094315
C12 799.976 98.06299
C12 824.988 96.75006
C12 850.022 94.40938
C12 869.967 91.272804
C12 875.002 90.88024
C12 899.999 83.16273
C12 919.999 74.44656
C12 925.012 70.927185
C12 949.965 57.69147
C12 975.002 42.627518
C12 999.976 25.93021
C12 1025.028 11.257503
C12 1050.014 3.9254565
C12 1075.002 2.1489599
C12 1099.99 1.7117548
C02 319.994 42.163597
C02 324.969 47.608643
C02 349.982 70.40343
C02 374.975 75.3327
C02 400.019 83.10718
C02 424.965 85.670746
C02 450.035 87.81154
C02 475.003 90.40385
C02 500.018 93.36501
C02 525.002 94.10022
C02 550.029 95.75022
C02 575.023 97.138245
C02 599.982 98.22956
C02 619.997 98.760216
C02 624.979 98.613464
C02 650.012 98.9678
C02 675.004 99.23962
C02 700.03 99.18488
C02 725.012 99.023415
C02 750.022 98.86918
C02 774.987 99.280174
C02 799.976 98.30375
C02 824.988 96.99529
C02 850.022 94.70689
C02 869.967 91.59328
C02 875.002 91.17492
C02 899.999 83.21539
C02 919.999 74.27894
C02 925.012 70.774315
C02 949.965 57.68532
C02 975.002 42.60954
C02 999.976 25.877121
C02 1025.028 11.232187
C02 1050.014 3.9719613
C02 1075.002 2.1920085
C02 1099.99 1.7217513
C01 319.994 41.855686
C01 324.969 47.255928
C01 349.982 69.72764
C01 374.975 74.654854
C01 400.019 82.73117
C01 424.965 85.474556
C01 450.035 87.71143
C01 475.003 90.36221
C01 500.018 93.35973
C01 525.002 94.11297
C01 550.029 95.77453
C01 575.023 97.1667
C01 599.982 98.25418
C01 619.997 98.78506
C01 624.979 98.63827
C01 650.012 98.990524
C01 675.004 99.257
C01 700.03 99.1859
C01 725.012 98.98688
C01 750.022 98.79269
C01 774.987 99.16813
C01 799.976 98.17799
C01 824.988 96.88426
C01 850.022 94.60427
C01 869.967 91.49639
C01 875.002 91.08503
C01 899.999 83.16768
C01 919.999 74.36984
C01 925.012 70.795006
C01 949.965 57.670174
C01 975.002 42.65163
C01 999.976 25.838047
C01 1025.028 11.233118
C01 1050.014 3.9906197
C01 1075.002 2.1933901
C01 1099.99 1.7201142
C10 319.994 44.143627
C10 324.969 49.87793
C10 349.982 74.68187
C10 374.975 79.73303
C10 400.019 85.6118
C10 424.965 87.1089
C10 450.035 88.65852
C10 475.003 90.89176
C10 500.018 93.63929
C10 525.002 94.2448
C10 550.029 95.829056
C10 575.023 97.18841
C10 599.982 98.27623
C10 619.997 98.817085
C10 624.979 98.671295
C10 650.012 99.03841
C10 675.004 99.325806
C10 700.03 99.25205
C10 725.012 98.973465
C10 750.022 98.65762
C10 774.987 98.882355
C10 799.976 97.826065
C10 824.988 96.509995
C10 850.022 94.159256
C10 869.967 91.03495
C10 875.002 90.62863
C10 899.999 82.86289
C10 919.999 74.25738
C10 925.012 70.75848
C10 949.965 57.44834
C10 975.002 42.411133
C10 999.976 25.824808
C10 1025.028 11.270725
C10 1050.014 3.970955
C10 1075.002 2.1637
C10 1099.99 1.7096411
C03 319.994 42.482662
C03 324.969 47.976543
C03 349.982 71.06507
C03 374.975 75.99936
C03 400.019 83.50404
C03 424.965 85.91351
C03 450.035 87.96576
C03 475.003 90.50368
C03 500.018 93.434746
C03 525.002 94.14864
C03 550.029 95.78933
C03 575.023 97.17126
C03 599.982 98.26276
C03 619.997 98.79574
C03 624.979 98.649796
C03 650.012 99.00531
C03 675.004 99.278854
C03 700.03 99.243065
C03 725.012 99.11418
C03 750.022 99.00095
C03 774.987 99.45558
C03 799.976 98.486694
C03 824.988 97.16545
C03 850.022 94.89061
C03 869.967 91.74634
C03 875.002 91.31154
C03 899.999 83.36388
C03 919.999 74.35625
C03 925.012 70.84135
C03 949.965 57.765976
C03 975.002 42.643196
C03 999.976 25.930742
C03 1025.028 11.218624
C03 1050.014 3.9667182
C03 1075.002 2.1967645
C03 1099.99 1.7252799
C13 319.994 43.712044
C13 324.969 49.382915
C13 349.982 73.69034
C13 374.975 78.690895
C13 400.019 85.047
C13 424.965 86.81986
C13 450.035 88.52074
C13 475.003 90.849434
C13 500.018 93.65009
C13 525.002 94.28755
C13 550.029 95.89127
C13 575.023 97.25331
C13 599.982 98.34597
C13 619.997 98.881966
C13 624.979 98.73722
C13 650.012 99.10239
C13 675.004 99.38051
C13 700.03 99.29759
C13 725.012 99.0162
C13 750.022 98.70311
C13 774.987 98.9458
C13 799.976 97.90053
C13 824.988 96.59676
C13 850.022 94.25583
C13 869.967 91.13033
C13 875.002 90.74934
C13 899.999 83.10879
C13 919.999 74.33102
C13 925.012 70.82501
C13 949.965 57.6852
C13 975.002 42.573284
C13 999.976 25.913239
C13 1025.028 11.234603
C13 1050.014 3.9081504
C13 1075.002 2.1450887
C13 1099.99 1.7086416
C14 319.994 43.52461
C14 324.969 49.163998
C14 349.982 73.19442
C14 374.975 78.10424
C14 400.019 84.6681
C14 424.965 86.571
C14 450.035 88.342606
C14 475.003 90.71536
C14 500.018 93.54067
C14 525.002 94.18976
C14 550.029 95.79542
C14 575.023 97.16018
C14 599.982 98.24342
C14 619.997 98.77689
C14 624.979 98.62927
C14 650.012 98.98759
C14 675.004 99.25829
C14 700.03 99.155846
C14 725.012 98.82973
C14 750.022 98.45958
C14 774.987 98.65323
C14 799.976 97.58807
C14 824.988 96.2873
C14 850.022 93.96627
C14 869.967 90.839516
C14 875.002 90.45051
C14 899.999 82.85371
C14 919.999 74.18227
C14 925.012 70.740555
C14 949.965 57.611507
C14 975.002 42.385197
C14 999.976 25.815998
C14 1025.028 11.170995
C14 1050.014 3.895692
C14 1075.002 2.1494684
C14 1099.99 1.7051544
C16 319.994 43.229378
C16 324.969 48.8149
C16 349.982 72.318245
C16 374.975 77.17667
C16 400.019 84.31288
C16 424.965 86.53648
C16 450.035 88.49571
C16 475.003 90.98509
C16 500.018 93.88687
C16 525.002 94.57576
C16 550.029 96.20232
C16 575.023 97.57427
C16 599.982 98.65574
C16 619.997 99.18092
C16 624.979 99.036064
C16 650.012 99.37987
C16 675.004 99.63317
C16 700.03 99.492485
C16 725.012 99.07431
C16 750.022 98.58603
C16 774.987 98.66856
C16 799.976 97.56502
C16 824.988 96.30246
C16 850.022 93.93532
C16 869.967 90.796326
C16 875.002 90.42877
C16 899.999 83.108215
C16 919.999 74.33626
C16 925.012 70.8433
C16 949.965 57.60136
C16 975.002 42.475353
C16 999.976 25.928934
C16 1025.028 11.329162
C16 1050.014 3.9519167
C16 1075.002 2.1653185
C16 1099.99 1.6973729
C17 319.994 43.026302
C17 324.969 48.582714
C17 349.982 71.79639
C17 374.975 76.55144
C17 400.019 83.954384
C17 424.965 86.34648
C17 450.035 88.40226
C17 475.003 90.952385
C17 500.018 93.89097
C17 525.002 94.60025
C17 550.029 96.23719
C17 575.023 97.60991
C17 599.982 98.68839
C17 619.997 99.20669
C17 624.979 99.05831
C17 650.012 99.39933
C17 675.004 99.64222
C17 700.03 99.47736
C17 725.012 99.01648
C17 750.022 98.47579
C17 774.987 98.5046
C17 799.976 97.383934
C17 824.988 96.13209
C17 850.022 93.762566
C17 869.967 90.70783
C17 875.002 90.34406
C17 899.999 82.893425
C17 919.999 74.31027
C17 925.012 70.84459
C17 949.965 57.576256
C17 975.002 42.548252
C17 999.976 25.931334
C17 1025.028 11.360961
C17 1050.014 3.9545274
C17 1075.002 2.158567
C17 1099.99 1.6932192
C06 319.994 42.95881
C06 324.969 48.5236
C06 349.982 72.118996
C06 374.975 77.08254
C06 400.019 84.0298
C06 424.965 86.1226
C06 450.035 87.992744
C06 475.003 90.42476
C06 500.018 93.28155
C06 525.002 93.95455
C06 550.029 95.57084
C06 575.023 96.94347
C06 599.982 98.02891
C06 619.997 98.56229
C06 624.979 98.413055
C06 650.012 98.7737
C06 675.004 99.05647
C06 700.03 99.046036
C06 725.012 98.97268
C06 750.022 98.92046
C06 774.987 99.41491
C06 799.976 98.455574
C06 824.988 97.117874
C06 850.022 94.85106
C06 869.967 91.66428
C06 875.002 91.22633
C06 899.999 83.23419
C06 919.999 74.14351
C06 925.012 70.65034
C06 949.965 57.6123
C06 975.002 42.487232
C06 999.976 25.861385
C06 1025.028 11.164423
C06 1050.014 3.9620297
C06 1075.002 2.2025828
C06 1099.99 1.7273773
C00 319.994 41.415157
C00 324.969 46.749855
C00 349.982 68.7971
C00 374.975 73.68942
C00 400.019 82.186356
C00 424.965 85.16159
C00 450.035 87.52685
C00 475.003 90.258125
C00 500.018 93.30484
C00 525.002 94.08733
C00 550.029 95.76169
C00 575.023 97.1574
C00 599.982 98.24618
C00 619.997 98.77432
C00 624.979 98.62924
C00 650.012 98.97032
C00 675.004 99.22531
C00 700.03 99.138916
C00 725.012 98.90957
C00 750.022 98.66799
C00 774.987 99.00387
C00 799.976 98.00072
C00 824.988 96.71124
C00 850.022 94.440056
C00 869.967 91.393074
C00 875.002 91.00066
C00 899.999 83.01212
C00 919.999 74.28856
C00 925.012 70.72034
C00 949.965 57.640087
C00 975.002 42.627747
C00 999.976 25.798279
C00 1025.028 11.298457
C00 1050.014 4.011192
C00 1075.002 2.1883469
C00 1099.99 1.714389
C15 319.994 43.28628
C15 324.969 48.888916
C15 349.982 72.633896
C15 374.975 77.53615
C15 400.019 84.397705
C15 424.965 86.459015
C15 450.035 88.32174
C15 475.003 90.74966
C15 500.018 93.60822
C15 525.002 94.27724
C15 550.029 95.891914
C15 575.023 97.25888
C15 599.982 98.34072
C15 619.997 98.87192
C15 624.979 98.72699
C15 650.012 99.077225
C15 675.004 99.3411
C15 700.03 99.21526
C15 725.012 98.845924
C15 750.022 98.41796
C15 774.987 98.555504
C15 799.976 97.46735
C15 824.988 96.18999
C15 850.022 93.87139
C15 869.967 90.68504
C15 875.002 90.285675
C15 899.999 82.92218
C15 919.999 74.305855
C15 925.012 70.847855
C15 949.965 57.466187
C15 975.002 42.302822
C15 999.976 25.7932
C15 1025.028 11.201754
C15 1050.014 3.928543
C15 1075.002 2.167192
C15 1099.99 1.6991961
C11 319.994 44.000107
C11 324.969 49.71252
C11 349.982 74.43163
C11 374.975 79.505516
C11 400.019 85.4862
C11 424.965 87.03924
C11 450.035 88.61287
C11 475.003 90.86862
C11 500.018 93.622475
C11 525.002 94.23446
C11 550.029 95.82521
C11 575.023 97.18899
C11 599.982 98.27809
C11 619.997 98.818275
C11 624.979 98.677536
C11 650.012 99.04608
C11 675.004 99.33324
C11 700.03 99.27397
C11 725.012 99.03189
C11 750.022 98.76603
C11 774.987 99.045265
C11 799.976 98.007225
C11 824.988 96.687035
C11 850.022 94.32944
C11 869.967 91.18556
C11 875.002 90.788124
C11 899.999 83.00658
C11 919.999 74.277275
C11 925.012 70.733345
C11 949.965 57.510178
C11 975.002 42.474342
C11 999.976 25.840076
C11 1025.028 11.226735
C11 1050.014 3.9309778
C11 1075.002 2.1512876
C11 1099.99 1.709273
C05 319.994 42.780876
C05 324.969 48.31889
C05 349.982 71.74985
C05 374.975 76.742714
C05 400.019 83.94771
C05 424.965 86.170265
C05 450.035 88.11107
C05 475.003 90.58635
C05 500.018 93.47482
C05 525.002 94.167076
C05 550.029 95.79549
C05 575.023 97.17449
C05 599.982 98.26702
C05 619.997 98.80148
C05 624.979 98.65573
C05 650.012 99.016785
C05 675.004 99.30183
C05 700.03 99.28806
C05 725.012 99.21692
C05 750.022 99.17039
C05 774.987 99.67514
C05 799.976 98.72532
C05 824.988 97.37744
C05 850.022 95.114296
C05 869.967 91.92827
C05 875.002 91.48757
C05 899.999 83.49008
C05 919.999 74.36503
C05 925.012 70.84163
C05 949.965 57.778217
C05 975.002 42.61609
C05 999.976 25.93434
C05 1025.028 11.181755
C05 1050.014 3.952488
C05 1075.002 2.199316
C05 1099.99 1.7302387
C04 319.994 42.659904
C04 324.969 48.177814
C04 349.982 71.44189
C04 374.975 76.41762
C04 400.019 83.771324
C04 424.965 86.07909
C04 450.035 88.07002
C04 475.003 90.57465
C04 500.018 93.481445
C04 525.002 94.183655
C04 550.029 95.818146
C04 575.023 97.20073
C04 599.982 98.28929
C04 619.997 98.82283
C04 624.979 98.674995
C04 650.012 99.03155
C04 675.004 99.31473
C04 700.03 99.29081
C04 725.012 99.19539
C04 750.022 99.119644
C04 774.987 99.607925
C04 799.976 98.65281
C04 824.988 97.315704
C04 850.022 95.04084
C04 869.967 91.87169
C04 875.002 91.44617
C04 899.999 83.45425
C04 919.999 74.37211
C04 925.012 70.8102
C04 949.965 57.807236
C04 975.002 42.7079
C04 999.976 25.98361
C04 1025.028 11.208894
C04 1050.014 3.9586434
C04 1075.002 2.1972182
C04 1099.99 1.729271
