lsstCam/transmission_filter_detector/r30_s22/i_39/19700101T000000.ecsv
# %ECSV 1.0
# ---
# datatype:
# - {name: wavelength, unit: nm, datatype: float32}
# - {name: efficiency, unit: '%', datatype: float64}
# meta: !!omap
# - {MODE: DETECTOR}
# - {TYPE: transmission_filter_detector}
# - {CALIBDATE: '1970-01-01T00:00:00'}
# - {INSTRUME: LSSTCam}
# - {OBSTYPE: transmission_filter_detector}
# - {CALIBCLS: lsst.ip.isr.IntermediateFilterDetectorTransmissionCurve}
# - {SOURCE: Materion (DM-46256)}
# - {DETECTOR: 125}
# - {FILTER: i_39}
# - {CALIB_ID: 'calibDate=1970-01-01T00:00:00 filter=i_39 detector=125'}
# - {DATE: '2025-04-02T15:59:47.058880'}
# - {CALIB_CREATION_DATE: '2025-04-02'}
# - {CALIB_CREATION_TIME: '15:59:47'}
# - __serialized_columns__:
#     efficiency:
#       __class__: astropy.units.quantity.Quantity
#       unit: !astropy.units.Unit {unit: '%'}
#       value: !astropy.table.SerializedColumn {name: efficiency}
#     wavelength:
#       __class__: astropy.units.quantity.Quantity
#       unit: !astropy.units.Unit {unit: nm}
#       value: !astropy.table.SerializedColumn {name: wavelength}
# schema: astropy-2.0
wavelength efficiency
300.0 1.6625933485850397e-10
301.0 0.0009385937119077425
302.0 0.0029463986720656976
303.0 0.009832611976889893
304.0 0.0167188307386823
305.0 0.020995931117795408
306.0 0.02527303295210004
307.0 0.01804978965083137
308.0 0.010826541983988136
309.0 0.008379328937735409
310.0 0.005932118074269965
311.0 1.6625933485850397e-10
312.0 1.6625933485850397e-10
313.0 1.6625933485850397e-10
314.0 1.6625933485850397e-10
315.0 1.6625933485850397e-10
316.0 1.6625933485850397e-10
317.0 1.6625933485850397e-10
318.0 0.00038420121200033464
319.0 0.003993103382526897
320.0 0.007602002733619884
321.0 0.0038812493585282937
322.0 0.0001604955627954041
323.0 0.0001599983988853637
324.0 0.00015950082570270752
325.0 0.0008210551641241182
326.0 0.0014826106053078547
327.0 1.6625933485850397e-10
328.0 1.6625933485850397e-10
329.0 0.0002662383394635981
330.0 0.002693703936529346
331.0 0.0026637369956006296
332.0 0.002633769872772973
333.0 0.002205919736297801
334.0 0.0017780703274183907
335.0 0.002129162385244854
336.0 0.0024802540792734362
337.0 0.0032242442102869973
338.0 0.003968234159401618
339.0 0.0017671200112090446
340.0 1.6625933485850397e-10
341.0 1.6625933485850397e-10
342.0 1.6625933485850397e-10
343.0 1.6625933485850397e-10
344.0 1.6625933485850397e-10
345.0 0.0004269136752554914
346.0 0.002028402923315298
347.0 0.0007805569111951627
348.0 1.6625933485850397e-10
349.0 1.6625933485850397e-10
350.0 0.0004377075583761325
351.0 8.44825535750715e-05
352.0 1.6625933485850397e-10
353.0 4.945789555677038e-06
354.0 0.0002786341383398394
355.0 0.0008749043445277493
356.0 0.0014711740732309408
357.0 1.6625933485850397e-10
358.0 1.6625933485850397e-10
359.0 1.6625933485850397e-10
360.0 0.0004828619239560794
361.0 0.0006209466846485157
362.0 0.0007590315817651572
363.0 1.6625933485850397e-10
364.0 1.6625933485850397e-10
365.0 5.6103840506693814e-05
366.0 0.0009021850928547792
367.0 0.0004939694008498918
368.0 8.575374863539764e-05
369.0 1.6625933485850397e-10
370.0 1.6625933485850397e-10
371.0 1.6625933485850397e-10
372.0 1.6625933485850397e-10
373.0 9.378117056257906e-05
374.0 0.00033459989481343655
375.0 0.00029779059786960715
376.0 0.0002609813236631453
377.0 0.0003435510734561831
378.0 0.00042612073229975067
379.0 0.0006163767011457821
380.0 0.0008066324880928732
381.0 0.0005221934316068655
382.0 0.00023775460249453317
383.0 0.00037708487070631236
384.0 0.0005164150479686214
385.0 0.0005566408617596608
386.0 0.0005968668119749054
387.0 0.000310301334138785
388.0 2.3735746879083308e-05
389.0 1.6625933485850397e-10
390.0 1.6625933485850397e-10
391.0 1.6625933485850397e-10
392.0 1.6625933485850397e-10
393.0 1.6625933485850397e-10
394.0 0.0007017950792942429
395.0 0.0010045734597952105
396.0 0.001307351794821443
397.0 0.0008204868208849803
398.0 0.0003336219151606201
399.0 0.0012650765711441636
400.0 0.00219653138628928
401.0 0.0026708325094659813
402.0 0.003145132723147981
403.0 0.0024687895347597077
404.0 0.001792444527382031
405.0 0.0024612434572190978
406.0 0.003130042750854045
407.0 0.004203510980005376
408.0 0.005276979209156707
409.0 0.0037511334085138515
410.0 0.0022252872440731153
411.0 0.002341386971238535
412.0 0.002457486880302895
413.0 0.003228439891245216
414.0 0.003999393084086478
415.0 0.005663682168233208
416.0 0.007327971252379939
417.0 0.00686948696966283
418.0 0.00641100195934996
419.0 0.004318706123740412
420.0 0.0022264108338276856
421.0 0.0032704643672332168
422.0 0.004314517354941927
423.0 0.004507632911554538
424.0 0.0047007484681671485
425.0 0.0054576023103436455
426.0 0.006214456516318023
427.0 0.005855238123331219
428.0 0.005496019730344415
429.0 0.00413878915423993
430.0 0.002781558760034386
431.0 0.0034093071008101106
432.0 0.004037055623484775
433.0 0.003270316665293649
434.0 0.0025035782527993433
435.0 0.0024463844965794124
436.0 0.0023891909222584218
437.0 0.0015201187125057913
438.0 0.0006510465937026311
439.0 0.0009747956937644631
440.0 0.0012985446119273547
441.0 0.0007120901045709616
442.0 0.00012563574500745744
443.0 0.0007212898708530702
444.0 0.0013169440535421018
445.0 0.0006521598606923362
446.0 1.6625933485850397e-10
447.0 0.0002117189296768629
448.0 0.0004360622369858902
449.0 0.0003166239821439376
450.0 0.00019718552266567713
451.0 0.0002727220135056996
452.0 0.0003482587317193975
453.0 0.00031375075195683166
454.0 0.00027924293135583866
455.0 0.00040665177039045375
456.0 0.0005340606094250688
457.0 0.0004598990472004516
458.0 0.000385737303076894
459.0 0.0005090540525998222
460.0 0.0006323707566480152
461.0 0.0007542747880506795
462.0 0.0008761789104028139
463.0 0.0006595204013137845
464.0 0.00044286189222475514
465.0 0.0002954668843813124
466.0 0.00014807220622969908
467.0 0.0001488329758103646
468.0 0.00014959367717892746
469.0 0.00037148358842387097
470.0 0.000593373624724336
471.0 0.0004108675057068467
472.0 0.0002283616140630329
473.0 0.0001895088985293114
474.0 0.00015065631941979518
475.0 0.00025408767214685213
476.0 0.0003575189339244389
477.0 0.0004515432465268532
478.0 0.0005455674454424297
479.0 0.0008759608135733288
480.0 0.001206354318128433
481.0 0.001490003978688037
482.0 0.0017736538211465813
483.0 0.002835727900674101
484.0 0.0038978014345047995
485.0 0.004538443681667559
486.0 0.005179084837436676
487.0 0.007220193947432563
488.0 0.009261302329832688
489.0 0.013022343046031892
490.0 0.016783384489826858
491.0 0.021069272770546377
492.0 0.02535516396164894
493.0 0.02843251859303564
494.0 0.03150987613480538
495.0 0.03014688554685563
496.0 0.02878389204852283
497.0 0.023026682902127504
498.0 0.017269476666115224
499.0 0.0129626045236364
500.0 0.008655730925966054
501.0 0.00561755477974657
502.0 0.0025793757231440395
503.0 0.0019688784959726036
504.0 0.0013583811778516974
505.0 0.0015023792002466507
506.0 0.0016463769497931935
507.0 0.00195910943148192
508.0 0.002271841549372766
509.0 0.002392865644651465
510.0 0.0025138895580312237
511.0 0.0020459301595110446
512.0 0.0015779709428898059
513.0 0.001647829958528746
514.0 0.0017176891560666263
515.0 0.002068690082523972
516.0 0.0024196910089813173
517.0 0.002308904004166834
518.0 0.002198117181251291
519.0 0.0017141634089057334
520.0 0.0012302095456107054
521.0 0.0015517420251853764
522.0 0.0018732744138105772
523.0 0.0019310067727928981
524.0 0.001988739131775219
525.0 0.0022701431589666754
526.0 0.002551547368057072
527.0 0.0028582802769960836
528.0 0.0031650135497329757
529.0 0.0032743624615250155
530.0 0.003383711737114936
531.0 0.003063513577217236
532.0 0.0027433161449152976
533.0 0.0020657715140259825
534.0 0.0013882268831366673
535.0 0.001609908758837264
536.0 0.0018315906345378608
537.0 0.0021869551346753724
538.0 0.002542319634812884
539.0 0.0032599135010968894
540.0 0.003977507731178775
541.0 0.004581230314215645
542.0 0.005184952897252515
543.0 0.005039947063778527
544.0 0.00489494159410242
545.0 0.004417943273438141
546.0 0.003940944952773862
547.0 0.002902138112403918
548.0 0.0018633314539329149
549.0 0.0017599546481505968
550.0 0.0016565776604693383
551.0 0.0014490439752989914
552.0 0.0012415101082297042
553.0 0.0015244361748045776
554.0 0.001807362241379451
555.0 0.0016141852029250003
556.0 0.00142100834636949
557.0 0.0010728014785854612
558.0 0.0007245947017509025
559.0 0.0006100411610532319
560.0 0.0004954877113050316
561.0 0.0007396450200758409
562.0 0.00098380223789718
563.0 0.0013518573723558802
564.0 0.00171991232491564
565.0 0.001591163527336903
566.0 0.0014624147297581658
567.0 0.0014029539670445956
568.0 0.0013434931133815553
569.0 0.0010517414921196178
570.0 0.0007599900527566206
571.0 0.0005225383574725129
572.0 0.0002850867758752429
573.0 0.0002939973683169228
574.0 0.0003029079607586027
575.0 0.0003591383801904158
576.0 0.0004153687768848613
577.0 0.000436718755736365
578.0 0.00045806878006260376
579.0 0.0004164140591456089
580.0 0.0003747594064407167
581.0 0.00036446951980906306
582.0 0.0003541796786521445
583.0 0.00029571217510238057
584.0 0.0002372446488152491
585.0 0.0003980410383519484
586.0 0.0005588372459897073
587.0 0.0004874977548752213
588.0 0.0004161582637607353
589.0 0.0005755350684921723
590.0 0.0007349120096478146
591.0 0.0005487865109898848
592.0 0.00036266101233195513
593.0 0.0005091146249469602
594.0 0.0006555683285114355
595.0 0.0004489958428166574
596.0 0.00024242335712187923
597.0 0.00023480185973312473
598.0 0.00022718038508173777
599.0 0.0002990082066389732
600.0 0.0003708360509335762
601.0 0.00043138588807778433
602.0 0.0004919358161714626
603.0 0.00036798858218389796
604.0 0.000244041461883171
605.0 0.00022340257146424847
606.0 0.0002027636583079584
607.0 0.00019476487977954093
608.0 0.00018676610125112347
609.0 0.0002477380803611595
610.0 0.0003087101276832982
611.0 0.0003317240953037981
612.0 0.0003547381083990331
613.0 0.0003078768713749014
614.0 0.0002610156798255048
615.0 0.00039540836951346137
616.0 0.0005298011274135206
617.0 0.00037128943404241
618.0 0.00021277783162076958
619.0 0.0001101585553442419
620.0 7.539289015312534e-06
621.0 0.00019576223166950513
622.0 0.0003839851615339285
623.0 0.00037883396544202697
624.0 0.00037368286029959563
625.0 0.00040087488741846755
626.0 0.00042806691453733947
627.0 0.00039330166146100964
628.0 0.0003585364083846798
629.0 0.0004144163540331647
630.0 0.00047029625420691445
631.0 0.0004909471044811653
632.0 0.0005115978183312109
633.0 0.00036767748952115653
634.0 0.00022375718344846973
635.0 0.0003187439006069326
636.0 0.00041373068597749807
637.0 0.0002851769068001886
638.0 0.0001566230480420927
639.0 0.00024464050056849374
640.0 0.00033265803267568117
641.0 0.00047605503823433537
642.0 0.0006194519755808869
643.0 0.00054041715884523
644.0 0.0004613821602106327
645.0 0.0006440807283070171
646.0 0.0008267794328276068
647.0 0.0009295165000366978
648.0 0.0010322533853468485
649.0 0.0009840113307291176
650.0 0.0009357691851619165
651.0 0.0009559049431118183
652.0 0.00097604070106172
653.0 0.0009397753274242859
654.0 0.000903510044736322
655.0 0.0010364946319896262
656.0 0.0011694789463945199
657.0 0.002022026455961168
658.0 0.002874574056477286
659.0 0.004727960185846314
660.0 0.04425658262334764
661.0 0.10342203313484788
662.0 0.07105206022970378
663.0 0.10202295379713178
664.0 0.10577910579741001
665.0 0.10017768945544958
666.0 0.0862033455632627
667.0 0.16328745987266302
668.0 0.1830469467677176
669.0 0.20638778805732727
670.0 0.2842821879312396
671.0 0.43225130066275597
672.0 0.6645562592893839
673.0 1.05981957167387
674.0 1.6365896910429
675.0 2.4689624086022377
676.0 3.4333765506744385
677.0 4.713975265622139
678.0 6.045746058225632
679.0 7.390940934419632
680.0 9.186779707670212
681.0 11.13680973649025
682.0 13.64552527666092
683.0 16.33598655462265
684.0 19.34797316789627
685.0 22.272029519081116
686.0 25.3085196018219
687.0 28.476154804229736
688.0 31.73571228981018
689.0 34.89691615104675
690.0 38.48630487918854
691.0 42.39152371883392
692.0 47.033801674842834
693.0 52.01647877693176
694.0 57.634830474853516
695.0 63.2584810256958
696.0 69.54656839370728
697.0 75.15731453895569
698.0 81.30695819854736
699.0 86.1148476600647
700.0 89.94132280349731
701.0 93.20459961891174
702.0 95.3466534614563
703.0 96.65106534957886
704.0 97.3162829875946
705.0 97.78736233711243
706.0 97.91879057884216
707.0 98.13634157180786
708.0 98.18241000175476
709.0 98.1765866279602
710.0 97.9868471622467
711.0 98.17264676094055
712.0 97.95816540718079
713.0 98.11049103736877
714.0 98.13430309295654
715.0 98.2250452041626
716.0 98.11375737190247
717.0 98.26780557632446
718.0 98.41358065605164
719.0 98.33945631980896
720.0 98.62743616104126
721.0 98.55892062187195
722.0 98.26231002807617
723.0 98.07988405227661
724.0 97.69956469535828
725.0 97.44647145271301
726.0 97.14174270629883
727.0 96.88830971717834
728.0 96.57372236251831
729.0 96.39785885810852
730.0 96.3496744632721
731.0 96.37865424156189
732.0 96.34172916412354
733.0 96.6582179069519
734.0 96.99476361274719
735.0 97.24554419517517
736.0 97.6669430732727
737.0 98.07453155517578
738.0 98.28801155090332
739.0 98.71972799301147
740.0 98.90978932380676
741.0 98.77021908760071
742.0 99.03225898742676
743.0 98.89748096466064
744.0 98.71068000793457
745.0 98.69034886360168
746.0 98.58623147010803
747.0 98.90704154968262
748.0 98.74886870384216
749.0 98.64199161529541
750.0 98.69283437728882
751.0 98.58502149581909
752.0 98.45777750015259
753.0 98.70348572731018
754.0 98.56418371200562
755.0 98.68648052215576
756.0 98.72828125953674
757.0 98.77817630767822
758.0 98.92181754112244
759.0 98.92403483390808
760.0 98.80074858665466
761.0 98.76872301101685
762.0 98.79630208015442
763.0 98.7375259399414
764.0 98.5228955745697
765.0 98.57078790664673
766.0 98.61294031143188
767.0 98.46944808959961
768.0 98.42983484268188
769.0 98.5094666481018
770.0 98.2711672782898
771.0 98.26188683509827
772.0 98.35739731788635
773.0 98.28975796699524
774.0 98.1071412563324
775.0 98.18506836891174
776.0 98.09465408325195
777.0 98.1336772441864
778.0 98.15659523010254
779.0 98.15874099731445
780.0 98.03246259689331
781.0 98.27862977981567
782.0 98.23424816131592
783.0 98.1795072555542
784.0 98.16854000091553
785.0 98.33692908287048
786.0 98.49793910980225
787.0 98.20724725723267
788.0 98.37449789047241
789.0 98.38552474975586
790.0 98.36098551750183
791.0 98.4092116355896
792.0 98.28048944473267
793.0 98.2228934764862
794.0 98.17559719085693
795.0 98.11518788337708
796.0 98.14817905426025
797.0 98.19695353507996
798.0 98.23729991912842
799.0 98.05084466934204
800.0 97.81224727630615
801.0 97.98198342323303
802.0 97.86996245384216
803.0 97.6058304309845
804.0 97.47388958930969
805.0 97.1705675125122
806.0 96.81674242019653
807.0 96.25056385993958
808.0 95.44826745986938
809.0 94.41072940826416
810.0 93.29069256782532
811.0 91.73080921173096
812.0 89.73879814147949
813.0 87.40416765213013
814.0 84.57043170928955
815.0 81.35291934013367
816.0 77.78701782226562
817.0 73.6679196357727
818.0 68.87373924255371
819.0 64.61981534957886
820.0 59.57756042480469
821.0 54.984891414642334
822.0 50.53685903549194
823.0 45.84282040596008
824.0 41.2076860666275
825.0 36.922404170036316
826.0 32.4614554643631
827.0 27.79480218887329
828.0 23.56622815132141
829.0 19.358542561531067
830.0 14.983002841472626
831.0 11.584662646055222
832.0 8.186710625886917
833.0 5.539010465145111
834.0 3.540908917784691
835.0 2.1844791248440742
836.0 1.2736964970827103
837.0 0.7290944922715425
838.0 0.3847329644486308
839.0 0.2536077285185456
840.0 0.160963402595371
841.0 0.07002362399362028
842.0 0.053319294238463044
843.0 0.033956245169974864
844.0 1.6625933485850397e-10
845.0 0.007908047700766474
846.0 1.6625933485850397e-10
847.0 1.6625933485850397e-10
848.0 1.6625933485850397e-10
849.0 1.6625933485850397e-10
850.0 1.6625933485850397e-10
851.0 0.002633800067997072
852.0 0.003308250234113075
853.0 0.0015084189726621844
854.0 1.6625933485850397e-10
855.0 1.6625933485850397e-10
856.0 0.0001942989683811902
857.0 0.0003872345587296877
858.0 0.0005801702172902878
859.0 0.00028872073016827926
860.0 1.6625933485850397e-10
861.0 1.6625933485850397e-10
862.0 1.6625933485850397e-10
863.0 1.6625933485850397e-10
864.0 9.16235933345888e-05
865.0 0.00011386083542674896
866.0 0.0001360980490971997
867.0 0.00010544648603172391
868.0 7.479484338546172e-05
869.0 0.00015979456975401263
870.0 0.0002447942279104609
871.0 0.00011459721918072319
872.0 1.6625933485850397e-10
873.0 0.000101532032203977
874.0 0.00021866387669433607
875.0 0.00017878512608149322
876.0 0.00013890638683733414
877.0 0.00010277723276885808
878.0 6.66480900690658e-05
879.0 1.6625933485850397e-10
880.0 1.6625933485850397e-10
881.0 1.6625933485850397e-10
882.0 0.00013888355852031964
883.0 3.5656742625178595e-05
884.0 1.6625933485850397e-10
885.0 8.579602308600442e-05
886.0 0.00023916206828289432
887.0 0.00014475938314717496
888.0 5.035664685237862e-05
889.0 2.5665755742920737e-05
890.0 9.748556628608185e-07
891.0 1.6625933485850397e-10
892.0 1.6625933485850397e-10
893.0 1.6625933485850397e-10
894.0 7.962077006595791e-05
895.0 9.815880730457138e-05
896.0 0.00011669683317450108
