lsstCam/transmission_filter_detector/r30_s22/i_39/19700101T000000.ecsv
# %ECSV 1.0
# ---
# datatype:
# - {name: wavelength, unit: nm, datatype: float32}
# - {name: efficiency, unit: '%', datatype: float64}
# meta: !!omap
# - {MODE: DETECTOR}
# - {TYPE: transmission_filter_detector}
# - {CALIBDATE: '1970-01-01T00:00:00'}
# - {INSTRUME: LSSTCam}
# - {OBSTYPE: transmission_filter_detector}
# - {CALIBCLS: lsst.ip.isr.IntermediateFilterDetectorTransmissionCurve}
# - {SOURCE: Materion (DM-46256)}
# - {DETECTOR: 125}
# - {FILTER: i_39}
# - {CALIB_ID: 'calibDate=1970-01-01T00:00:00 filter=i_39 detector=125'}
# - {DATE: '2025-04-02T15:59:47.058880'}
# - {CALIB_CREATION_DATE: '2025-04-02'}
# - {CALIB_CREATION_TIME: '15:59:47'}
# - __serialized_columns__:
#     efficiency:
#       __class__: astropy.units.quantity.Quantity
#       unit: !astropy.units.Unit {unit: '%'}
#       value: !astropy.table.SerializedColumn {name: efficiency}
#     wavelength:
#       __class__: astropy.units.quantity.Quantity
#       unit: !astropy.units.Unit {unit: nm}
#       value: !astropy.table.SerializedColumn {name: wavelength}
# schema: astropy-2.0
wavelength efficiency
[from data line 598]
898.0 0.0001101082830246014
899.0 7.3053314508797484e-06
900.0 1.6625933485850397e-10
901.0 1.6625933485850397e-10
902.0 1.6625933485850397e-10
903.0 1.6625933485850397e-10
904.0 1.6625933485850397e-10
905.0 1.6625933485850397e-10
906.0 1.6625933485850397e-10
907.0 1.6625933485850397e-10
908.0 1.6625933485850397e-10
909.0 1.6625933485850397e-10
910.0 1.6625933485850397e-10
911.0 1.6625933485850397e-10
912.0 1.6625933485850397e-10
913.0 1.6625933485850397e-10
914.0 8.4292068436298e-06
915.0 8.263020845333813e-05
916.0 0.00015683122001064476
917.0 4.7539555225739605e-05
918.0 1.6625933485850397e-10
919.0 4.9694750714479596e-05
920.0 0.0001611416223568085
921.0 1.6625933485850397e-10
922.0 1.6625933485850397e-10
923.0 1.6625933485850397e-10
924.0 4.617512558979797e-05
925.0 9.651969321566867e-05
926.0 0.00014686426084153936
927.0 1.6625933485850397e-10
928.0 1.6625933485850397e-10
929.0 1.6625933485850397e-10
930.0 1.6625933485850397e-10
931.0 1.6625933485850397e-10
932.0 9.467457857681438e-05
933.0 2.133807726067971e-05
934.0 1.6625933485850397e-10
935.0 1.6625933485850397e-10
936.0 1.6625933485850397e-10
937.0 4.251813265909732e-05
938.0 0.00015087487099663122
939.0 1.6625933485850397e-10
940.0 1.6625933485850397e-10
941.0 9.999241257219182e-06
942.0 0.0001797165282368951
943.0 5.690430953109171e-05
944.0 1.6625933485850397e-10
945.0 1.6625933485850397e-10
946.0 1.6625933485850397e-10
947.0 7.314921504075755e-05
948.0 0.0001869301740953233
949.0 1.6625933485850397e-10
950.0 1.6625933485850397e-10
951.0 8.220895075794488e-07
952.0 0.0002057147412415361
953.0 7.432013262587134e-05
954.0 1.6625933485850397e-10
955.0 5.946854457761219e-05
956.0 0.00017601158788238536
957.0 0.00021452269720612094
958.0 0.00025303384063590784
959.0 0.0003289736014266964
960.0 0.000404913362217485
961.0 0.00026291702397429617
962.0 0.0001209206743624236
963.0 0.00013979268942421186
964.0 0.00015866472722336766
965.0 7.895391007650687e-06
966.0 1.6625933485850397e-10
967.0 1.6625933485850397e-10
968.0 1.6625933485850397e-10
969.0 1.6625933485850397e-10
970.0 1.6625933485850397e-10
971.0 1.6625933485850397e-10
972.0 1.1128170740448695e-05
973.0 1.4207599008386751e-05
974.0 1.728705001369235e-05
975.0 0.00011880431429744931
976.0 0.00022032161268725758
977.0 0.00011472417327240692
978.0 9.12672817321436e-06
979.0 5.2426798902160954e-05
980.0 9.57268866841332e-05
981.0 1.6625933485850397e-10
982.0 1.6625933485850397e-10
983.0 1.6625933485850397e-10
984.0 1.6625933485850397e-10
985.0 1.6625933485850397e-10
986.0 1.6625933485850397e-10
987.0 1.6625933485850397e-10
988.0 1.6625933485850397e-10
989.0 1.6625933485850397e-10
990.0 3.924213842765312e-05
991.0 9.369492772748345e-05
992.0 0.00014814773976468132
993.0 0.0001546562884868763
994.0 0.00016116481447170372
995.0 0.00024787050278973766
996.0 0.0003345761570017203
997.0 0.00020746786049130606
998.0 8.035955261220806e-05
999.0 9.541004146740306e-05
1000.0 0.00011046049621654674
1001.0 0.00010729013411037158
1002.0 0.0001041197378981451
1003.0 0.00021425823888421291
1004.0 0.00032439677397633204
1005.0 0.0002667535000000498
1006.0 0.0002091102714985027
1007.0 0.00021198281956458231
1008.0 0.00021485536763066193
1009.0 0.00017420960602976265
1010.0 0.00013356374211070943
1011.0 0.00012083015690222965
1012.0 0.0001080965603250661
1013.0 0.00020376805878186133
1014.0 0.0002994396254507592
1015.0 0.00019830342807836132
1016.0 9.716731028674985e-05
1017.0 0.00021331434254534543
1018.0 0.0003294613406978897
1019.0 0.00023853935999795794
1020.0 0.00014761739066670998
1021.0 6.07005461006338e-05
1022.0 1.6625933485850397e-10
1023.0 3.3868840887407714e-05
1024.0 9.395397455591592e-05
1025.0 0.0003070504590141354
1026.0 0.0005201470230531413
1027.0 0.000554404323338531
1028.0 0.0005886615781491855
1029.0 0.0008957546924648341
1030.0 0.0012028477613057476
1031.0 0.001436697675671894
1032.0 0.0016705476809875108
1033.0 0.002097228934871964
1034.0 0.0025239098249585368
1035.0 0.002703303107409738
1036.0 0.0028826960260630585
1037.0 0.003207287227269262
1038.0 0.0035318778827786446
1039.0 0.0032470481528434902
1040.0 0.002962217877211515
1041.0 0.0026452518795849755
1042.0 0.0023282858819584362
1043.0 0.0023013095415080898
1044.0 0.0022743332010577433
1045.0 0.002713310459512286
1046.0 0.003152287899865769
1047.0 0.003277922951383516
1048.0 0.0034035580029012635
1049.0 0.0031073384889168665
1050.0 0.0028111186111345887
1051.0 0.0024248451154562645
1052.0 0.0020385718016768806
1053.0 0.0019746274119825102
1054.0 0.00191068302228814
1055.0 0.0012811859960493166
1056.0 0.0006516887879115529
1057.0 0.001099138353310991
1058.0 0.00154658828250831
1059.0 0.0009471739758737385
1060.0 0.00034776003303704783
1061.0 0.000784161329647759
1062.0 0.0012205628991068806
1063.0 0.0016633319319225848
1064.0 0.0021061008737888187
1065.0 0.0023981168851605617
1066.0 0.002690133078431245
1067.0 0.003468683280516416
1068.0 0.004247233300702646
1069.0 0.00426386613980867
1070.0 0.004280499706510454
1071.0 0.004309671203373
1072.0 0.004338842700235546
1073.0 0.0034528671676525846
1074.0 0.002566891271271743
1075.0 0.0025775172616704367
1076.0 0.00258814288827125
1077.0 0.002908732676587533
1078.0 0.003229322101105936
1079.0 0.0028438487788662314
1080.0 0.002458375456626527
1081.0 0.0022717920728609897
1082.0 0.0020852086890954524
1083.0 0.0020708419469883665
1084.0 0.002056475386780221
1085.0 0.0014436981473409105
1086.0 0.0008309211807500105
1087.0 0.0010164035302295815
1088.0 0.0012018863344565034
1089.0 0.0004711276233138051
1090.0 1.6625933485850397e-10
1091.0 0.00013027005252297386
1092.0 0.0005201710791880032
1093.0 1.6625933485850397e-10
1094.0 1.6625933485850397e-10
1095.0 1.6625933485850397e-10
1096.0 0.0005574698207055917
1097.0 1.6625933485850397e-10
1098.0 1.6625933485850397e-10
1099.0 0.0004106000233150553
1100.0 0.0016996822523651645
