lsstCam/transmission_sensor/r24_s01/19700101T000000.ecsv
# %ECSV 1.0
# ---
# datatype:
# - {name: amp_name, datatype: string}
# - {name: wavelength, unit: nm, datatype: float32}
# - {name: efficiency, unit: '%', datatype: float64}
# meta: !!omap
# - {MODE: AMP}
# - {TYPE: transmission_sensor}
# - {CALIBDATE: '1970-01-01T00:00:00'}
# - {INSTRUME: LSSTCam}
# - {OBSTYPE: transmission_sensor}
# - {DETECTOR: 109}
# - {PARQUETFILE: qe_raft_allvalues_nircorrected_20230725_adjust.parquet}
# - {CORRFILE: qe_corr_factor_bydetnum.parquet}
# - {CALIBCLS: lsst.ip.isr.IntermediateSensorTransmissionCurve}
# - {CALIB_ID: 'raftName=R24 detectorName=S01 detector=109 calibDate=1970-01-01T00:00:00 ccd=109 ccdnum=109 filter=None'}
# - {DATE: '2025-03-03T21:56:47.991447'}
# - {CALIB_CREATION_DATE: '2025-03-03'}
# - {CALIB_CREATION_TIME: '21:56:47'}
# - __serialized_columns__:
#     efficiency:
#       __class__: astropy.units.quantity.Quantity
#       unit: !astropy.units.Unit {unit: '%'}
#       value: !astropy.table.SerializedColumn {name: efficiency}
#     wavelength:
#       __class__: astropy.units.quantity.Quantity
#       unit: !astropy.units.Unit {unit: nm}
#       value: !astropy.table.SerializedColumn {name: wavelength}
# schema: astropy-2.0
amp_name wavelength efficiency
C00 319.994 45.34180008930229
C00 324.969 51.285383307279915
C00 349.982 75.94056137152964
C00 374.975 79.69219113202769
C00 400.019 84.90714668147614
C00 424.965 86.64620672313832
C00 450.035 88.59827552827238
C00 475.003 89.96762619737336
C00 500.018 92.35535738407224
C00 525.002 94.43489059707139
C00 550.029 95.15915960573273
C00 575.023 96.97802535220684
C00 599.982 97.63702003592704
C00 619.997 97.68912034912233
C00 624.979 97.72759419453011
C00 650.012 98.46558770312132
C00 675.004 98.18724428723606
C00 700.03 98.33991049662072
C00 725.012 97.92559649928747
C00 750.022 98.3908268831737
C00 774.987 98.09351801820955
C00 799.976 97.30422353542995
C00 824.988 95.51368153716274
C00 850.022 93.42668279947647
C00 869.967 90.42813595655845
C00 875.002 89.02402912252519
C00 899.999 81.74445632758378
C00 919.999 73.29680793366663
C00 925.012 70.69511782580842
C00 949.965 57.48323550926033
C00 975.002 42.859192641137724
C00 999.976 26.119339011643667
C00 1025.028 11.310105885676244
C00 1050.014 3.9499478418678047
C00 1075.002 0.9373645619042261
C00 1099.99 0.09300445069301146
C01 319.994 45.47440741417406
C01 324.969 51.43537248508484
C01 349.982 76.18064208815989
C01 374.975 79.89379046231612
C01 400.019 84.97115412950069
C01 424.965 86.64134282069065
C01 450.035 88.55706432381265
C01 475.003 89.89898107492198
C01 500.018 92.26887041171202
C01 525.002 94.33946007695468
C01 550.029 95.05693470405734
C01 575.023 96.8678598470006
C01 599.982 97.52708829967565
C01 619.997 97.57492044421143
C01 624.979 97.61441985664693
C01 650.012 98.35140288007847
C01 675.004 98.07288602271059
C01 700.03 98.22859122850828
C01 725.012 97.80841038450173
C01 750.022 98.26566246018696
C01 774.987 97.96818769467421
C01 799.976 97.17926271766197
C01 824.988 95.39489674436318
C01 850.022 93.3134556750551
C01 869.967 90.33507328972634
C01 875.002 88.93360578260267
C01 899.999 81.70593723657183
C01 919.999 73.17528578181512
C01 925.012 70.56918422755089
C01 949.965 57.52920881355836
C01 975.002 42.863445727929175
C01 999.976 26.121060229835418
C01 1025.028 11.260486539775972
C01 1050.014 3.913706584240512
C01 1075.002 0.9361721267737142
C01 1099.99 0.0928861383748297
C02 319.994 45.90244214097015
C02 324.969 51.91806390171151
C02 349.982 76.86976280331952
C02 374.975 80.52152043355872
C02 400.019 85.47368197308641
C02 424.965 87.07884519015813
C02 450.035 88.96671048298295
C02 475.003 90.29386208526661
C02 500.018 92.65962653114367
C02 525.002 94.722418870602
C02 550.029 95.43588926173611
C02 575.023 97.24687473215161
C02 599.982 97.90272484638237
C02 619.997 97.94855864340089
C02 624.979 97.98999607588144
C02 650.012 98.72144405373686
C02 675.004 98.4423540853829
C02 700.03 98.5963550400904
C02 725.012 98.16937227359114
C02 750.022 98.62801188113741
C02 774.987 98.32553747636449
C02 799.976 97.53494595293219
C02 824.988 95.75014260545983
C02 850.022 93.65783505021827
C02 869.967 90.67998807120544
C02 875.002 89.28219299895312
C02 899.999 82.08759144863241
C02 919.999 73.44606564087088
C02 925.012 70.82516123311088
C02 949.965 57.832867144973584
C02 975.002 43.126243508316946
C02 999.976 26.31560690157473
C02 1025.028 11.327812941389325
C02 1050.014 3.908547171440642
C02 1075.002 0.9396242118683491
C02 1099.99 0.093228651086554
C03 319.994 45.98218751830988
C03 324.969 52.005825291922356
C03 349.982 76.94128102163536
C03 374.975 80.48714885626185
C03 400.019 85.31526957197289
C03 424.965 86.87329441043936
C03 450.035 88.73322808362667
C03 475.003 90.0460820749944
C03 500.018 92.39884595060823
C03 525.002 94.44413578218898
C03 550.029 95.14710919315695
C03 575.023 96.94746948752784
C03 599.982 97.59482851004375
C03 619.997 97.63588135488891
C03 624.979 97.67588600990425
C03 650.012 98.39626389660745
C03 675.004 98.11344870684395
C03 700.03 98.26257821816975
C03 725.012 97.83497709508023
C03 750.022 98.29027606885239
C03 774.987 97.98805051490237
C03 799.976 97.20303174171632
C03 824.988 95.41652414315377
C03 850.022 93.32614706702321
C03 869.967 90.38421755678289
C03 875.002 88.99011000126995
C03 899.999 81.83980389742618
C03 919.999 73.1227330125782
C03 925.012 70.53154742582015
C03 949.965 57.73644499203227
C03 975.002 43.02404499991065
C03 999.976 26.256789501394536
C03 1025.028 11.276941800440506
C03 1050.014 3.8728026728424036
C03 1075.002 0.9364066194568604
C03 1099.99 0.09290940452342748
C04 319.994 46.14946805783963
C04 324.969 52.19576256773742
C04 349.982 77.17839815119282
C04 374.975 80.6370626247265
C04 400.019 85.36468531265443
C04 424.965 86.87782651178982
C04 450.035 88.72000882627665
C04 475.003 90.01925897265896
C04 500.018 92.361623900249
C04 525.002 94.40621996589923
C04 550.029 95.10759469885339
C04 575.023 96.9001425855719
C04 599.982 97.54215508586239
C04 619.997 97.57933943155149
C04 624.979 97.61416346489
C04 650.012 98.33463184280153
C04 675.004 98.04760881185075
C04 700.03 98.19279441468022
C04 725.012 97.76703327949339
C04 750.022 98.23054433042138
C04 774.987 97.93114662673163
C04 799.976 97.14458196206996
C04 824.988 95.35331603413611
C04 850.022 93.28236440406015
C04 869.967 90.35167088552065
C04 875.002 88.93025006696048
C04 899.999 81.72264794637654
C04 919.999 72.94977414972581
C04 925.012 70.4163973632218
C04 949.965 57.82126541797243
C04 975.002 42.952443831320515
C04 999.976 26.22797182200884
C04 1025.028 11.188750576990097
C04 1050.014 3.8648135245487536
C04 1075.002 0.9358375579393718
C04 1099.99 0.09285294276244833
C05 319.994 46.574501492892814
C05 324.969 52.67641793217668
C05 349.982 77.81774116083763
C05 374.975 81.16397030802281
C05 400.019 85.79151726047314
C05 424.965 87.26350758262103
C05 450.035 89.0934509611814
C05 475.003 90.38887785401182
C05 500.018 92.73359555301842
C05 525.002 94.77779949009921
C05 550.029 95.47305852555715
C05 575.023 97.2646562545882
C05 599.982 97.9019330483095
C05 619.997 97.9363121665404
C05 624.979 97.97210898036845
C05 650.012 98.69424390470004
C05 675.004 98.39931043395453
C05 700.03 98.53767903242323
C05 725.012 98.1197076820867
C05 750.022 98.59571406069807
C05 774.987 98.30500351300789
C05 799.976 97.52024113157877
C05 824.988 95.71622348420459
C05 850.022 93.68348930777947
C05 869.967 90.70000925104819
C05 875.002 89.22723467176145
C05 899.999 81.98437868459943
C05 919.999 73.29434958917369
C05 925.012 70.77428255122804
C05 949.965 58.094677063003765
C05 975.002 42.986939834028846
C05 999.976 26.22839599954788
C05 1025.028 11.16339795678999
C05 1050.014 3.8882059732101153
C05 1075.002 0.9393165117374503
C05 1099.99 0.09319812136224451
C06 319.994 46.74333923529922
C06 324.969 52.86580094934073
C06 349.982 77.99577507229044
C06 374.975 81.2230384442594
C06 400.019 85.80326603568783
C06 424.965 87.26300988097523
C06 450.035 89.08770476945253
C06 475.003 90.38120118317192
C06 500.018 92.72217857890094
C06 525.002 94.76137533578753
C06 550.029 95.45225308857556
C06 575.023 97.23869281873188
C06 599.982 97.86856441523827
C06 619.997 97.89481440658763
C06 624.979 97.92938958910325
C06 650.012 98.64341800935539
C06 675.004 98.34497046335309
C06 700.03 98.482569886551
C06 725.012 98.07443945512023
C06 750.022 98.5599398696721
C06 774.987 98.28718428590115
C06 799.976 97.50649400884683
C06 824.988 95.71068089769446
C06 850.022 93.72521329575305
C06 869.967 90.65633970209554
C06 875.002 89.16819669926096
C06 899.999 82.05350642682858
C06 919.999 73.45189478287406
C06 925.012 70.95770823051043
C06 949.965 57.99555148521363
C06 975.002 42.816590134349944
C06 999.976 26.18104458955635
C06 1025.028 11.22348694697055
C06 1050.014 3.954811273007099
C06 1075.002 0.9389756925683982
C06 1099.99 0.09316430559739529
C07 319.994 46.95944355218935
C07 324.969 53.11116409025716
C07 349.982 78.28296400378983
C07 374.975 81.39829729199015
C07 400.019 85.87846422980904
C07 424.965 87.2994476741956
C07 450.035 89.10620268062173
C07 475.003 90.39193193229292
C07 500.018 92.72276677175508
C07 525.002 94.75507865587466
C07 550.029 95.43861907985404
C07 575.023 97.2211676880522
C07 599.982 97.84324195877427
C07 619.997 97.86637000343629
C07 624.979 97.89734816042083
C07 650.012 98.60433334829139
C07 675.004 98.30200976219902
C07 700.03 98.44439767850433
C07 725.012 98.04585177422237
C07 750.022 98.55586776529731
C07 774.987 98.2993628943554
C07 799.976 97.52598732330765
C07 824.988 95.75283471890761
C07 850.022 93.77949293888226
C07 869.967 90.71194654961356
C07 875.002 89.26168919933262
C07 899.999 82.20713033483472
C07 919.999 73.64871316098913
C07 925.012 71.06883897527219
C07 949.965 57.81857330452465
C07 975.002 42.74682141272847
C07 999.976 26.17641068559651
C07 1025.028 11.352552860699708
C07 1050.014 4.042436455097075
C07 1075.002 0.9389368972896406
C07 1099.99 0.09316045636547746
C10 319.994 44.431714925271855
C10 324.969 50.24504358979426
C10 349.982 73.98239195076742
C10 374.975 77.71532773581154
C10 400.019 83.79096779047696
C10 424.965 85.98378845536969
C10 450.035 88.19194738007415
C10 475.003 89.7125616448307
C10 500.018 92.19515024066018
C10 525.002 94.33175324237868
C10 550.029 95.08408960748999
C10 575.023 96.91620477505025
C10 599.982 97.57768042606546
C10 619.997 97.6247584771985
C10 624.979 97.66617328687695
C10 650.012 98.38939410570849
C10 675.004 98.09283933414707
C10 700.03 98.14601800090828
C10 725.012 97.44894914128376
C10 750.022 97.56743983765625
C10 774.987 96.94580294110779
C10 799.976 96.04622983911155
C10 824.988 94.32523033444498
C10 850.022 92.2442568030466
C10 869.967 89.39253194564199
C10 875.002 88.02757010014496
C10 899.999 81.10021925175519
C10 919.999 72.90260560738444
C10 925.012 70.42862875821424
C10 949.965 57.277812925420015
C10 975.002 42.34402619212207
C10 999.976 25.799955947547815
C10 1025.028 11.147327283760854
C10 1050.014 3.8934655390400366
C10 1075.002 0.9295202016328469
C10 1099.99 0.09222614047335088
C11 319.994 44.813071270438364
C11 324.969 50.67887729485742
C11 349.982 74.64953838417122
C11 374.975 78.33535841341218
C11 400.019 84.22871146983331
C11 424.965 86.33361992583465
C11 450.035 88.49793586010384
C11 475.003 89.99356701042761
C11 500.018 92.46483666428199
C11 525.002 94.5888387652407
C11 550.029 95.34020234986248
C11 575.023 97.16914278419719
C11 599.982 97.83245088218106
C11 619.997 97.87566043415805
C11 624.979 97.91667557433306
C11 650.012 98.64329735441095
C11 675.004 98.34156950210674
C11 700.03 98.39032164059387
C11 725.012 97.68538004584474
C11 750.022 97.79353212166566
C11 774.987 97.15624778701034
C11 799.976 96.24773113725762
C11 824.988 94.52314214799401
C11 850.022 92.43869978694302
C11 869.967 89.58404904713579
C11 875.002 88.21112397530582
C11 899.999 81.27417351789919
C11 919.999 73.01525962081973
C11 925.012 70.56969701106476
C11 949.965 57.5380844929086
C11 975.002 42.40022500296125
C11 999.976 25.8443758194362
C11 1025.028 11.09444554127698
C11 1050.014 3.867957622729801
C11 1075.002 0.9316741719389248
C11 1099.99 0.0924398554283081
C12 319.994 45.008121299524
C12 324.969 50.89855978494355
C12 349.982 74.98244799867872
C12 374.975 78.61964408531101
C12 400.019 84.36115289415649
C12 424.965 86.38608220386327
C12 450.035 88.51145675481496
C12 475.003 89.98003857478247
C12 500.018 92.43397162130785
C12 525.002 94.55075704840235
C12 550.029 95.29340331328845
C12 575.023 97.11978737098788
C12 599.982 97.77329225473613
C12 619.997 97.81820605780331
C12 624.979 97.85969627682205
C12 650.012 98.58375413933062
C12 675.004 98.28321021366871
C12 700.03 98.32694009009359
C12 725.012 97.61630509015379
C12 750.022 97.71479722948561
C12 774.987 97.07006245201123
C12 799.976 96.16015827039746
C12 824.988 94.438087953099
C12 850.022 92.3578835969714
C12 869.967 89.49950009482062
C12 875.002 88.12008981972708
C12 899.999 81.18812391971257
C12 919.999 72.94984955906608
C12 925.012 70.5116318190538
C12 949.965 57.53412927301124
C12 975.002 42.39231456316651
C12 999.976 25.835756531842883
C12 1025.028 11.064362870208186
C12 1050.014 3.8531821051198705
C12 1075.002 0.9309240687036395
C12 1099.99 0.09236543087440877
C13 319.994 45.31096898053127
C13 324.969 51.23948541232217
C13 349.982 75.41050157780988
C13 374.975 78.94733537347155
C13 400.019 84.5631292711463
C13 424.965 86.53455565392868
C13 450.035 88.62702156878481
C13 475.003 90.0822483945898
C13 500.018 92.52400283266094
C13 525.002 94.62857948756508
C13 550.029 95.36497431814247
C13 575.023 97.17793551327314
C13 599.982 97.82858992395903
C13 619.997 97.86519361772802
C13 624.979 97.90099043155607
C13 650.012 98.621292908919
C13 675.004 98.3107874094069
C13 700.03 98.34936682789107
C13 725.012 97.63005221288573
C13 750.022 97.72156898824221
C13 774.987 97.07631388631994
C13 799.976 96.15966056875165
C13 824.988 94.43666271656782
C13 850.022 92.3795713232342
C13 869.967 89.5224773208021
C13 875.002 88.12076850378955
C13 899.999 81.23860293209195
C13 919.999 73.07757789962214
C13 925.012 70.60782397350728
C13 949.965 57.52571359063666
C13 975.002 42.44084801456684
C13 999.976 25.88817356426732
C13 1025.028 11.099761899766293
C13 1050.014 3.8627131387679348
C13 1075.002 0.9309885830702959
C13 1099.99 0.09237183193060026
C14 319.994 45.523623320103866
C14 324.969 51.47914006617985
C14 349.982 75.71586416031529
C14 374.975 79.16983817288393
C14 400.019 84.65089066135714
C14 424.965 86.55289520548331
C14 450.035 88.61527279357013
C14 475.003 90.04649682636591
C14 500.018 92.47316939638226
C14 525.002 94.56302614806492
C14 550.029 95.28792105425053
C14 575.023 97.09479671562109
C14 599.982 97.73634921893591
C14 619.997 97.77090177864945
C14 624.979 97.81026545427245
C14 650.012 98.52239355914969
C14 675.004 98.2074841541656
C14 700.03 98.24430653502138
C14 725.012 97.52628896066875
C14 750.022 97.62106341952507
C14 774.987 96.97870403626932
C14 799.976 96.0660097090654
C14 824.988 94.34843378844728
C14 850.022 92.32248645264681
C14 869.967 89.4085790532523
C14 875.002 87.99274606680643
C14 899.999 81.1997218762467
C14 919.999 73.13032673314378
C14 925.012 70.62018356437818
C14 949.965 57.34416183346006
C14 975.002 42.2663319488378
C14 999.976 25.80334559739313
C14 1025.028 11.089950201979896
C14 1050.014 3.8680763924407326
C14 1075.002 0.9300310713847901
C14 1099.99 0.09227682850081231
C15 319.994 45.864303867126594
C15 324.969 51.858075771523566
C15 349.982 76.17847784009402
C15 374.975 79.51599720847756
C15 400.019 84.87562557724162
C15 424.965 86.73239205813744
C15 450.035 88.77045767491994
C15 475.003 90.18953326299759
C15 500.018 92.60909473222608
C15 525.002 94.69374823942984
C15 550.029 95.40789731462641
C15 575.023 97.20969038646251
C15 599.982 97.84182426317712
C15 619.997 97.86702606469667
C15 624.979 97.90721170212868
C15 650.012 98.61185920045072
C15 675.004 98.29149770016483
C15 700.03 98.32467026895134
C15 725.012 97.60865104211598
C15 750.022 97.71453329679466
C15 774.987 97.08242204288213
C15 799.976 96.17149983517466
C15 824.988 94.45549996976825
C15 850.022 92.44452138801218
C15 869.967 89.52148191751049
C15 875.002 88.12018785186945
C15 899.999 81.28671409118675
C15 919.999 73.24050732021807
C15 925.012 70.77311370645378
C15 949.965 57.49940704228209
C15 975.002 42.33696787787243
C15 999.976 25.806723935837404
C15 1025.028 11.106968204846224
C15 1050.014 3.8882441491886293
C15 1075.002 0.9309215540669302
C15 1099.99 0.09236518137446462
C16 319.994 46.08628257162407
C16 324.969 52.106202664761035
C16 349.982 76.49073283630047
C16 374.975 79.75956183662845
C16 400.019 85.04542478873653
C16 424.965 86.87024787309228
C16 450.035 88.89968666134743
C16 475.003 90.31226950522749
C16 500.018 92.7285808318902
C16 525.002 94.80957698609066
C16 550.029 95.5175500363188
C16 575.023 97.31643230762032
C16 599.982 97.94361179067891
C16 619.997 97.9654050900181
C16 624.979 98.00003305907191
C16 650.012 98.70232778597742
C16 675.004 98.37925909037567
C16 700.03 98.41259755971079
C16 725.012 97.70784448831236
C16 750.022 97.8335066129449
C16 774.987 97.21882245756969
C16 799.976 96.3173339583305
C16 824.988 94.60846027557999
C16 850.022 92.6197199082707
C16 869.967 89.69432012541841
C16 875.002 88.28538709360762
C16 899.999 81.47403843336132
C16 919.999 73.47203661766125
C16 925.012 70.97728449524556
C16 949.965 57.51713954864751
C16 975.002 42.443038655901795
C16 999.976 25.8702770425868
C16 1025.028 11.169512711669455
C16 1050.014 3.932722227661535
C16 1075.002 0.9320550065666862
C16 1099.99 0.09247764149020898
C17 319.994 46.101586897232664
C17 324.969 52.123339437338295
C17 349.982 76.49333445853992
C17 374.975 79.71147330033574
C17 400.019 84.91661809461455
C17 424.965 86.70256766405909
C17 450.035 88.70924791341956
C17 475.003 90.10719380435243
C17 500.018 92.50981833575541
C17 525.002 94.58267782214031
C17 550.029 95.28548533255969
C17 575.023 97.07165358909101
C17 599.982 97.6954999793095
C17 619.997 97.71377920339191
C17 624.979 97.75108420402545
C17 650.012 98.44423931888976
C17 675.004 98.11954178153809
C17 700.03 98.16172576648735
C17 725.012 97.47354766808112
C17 750.022 97.62472831346238
C17 774.987 97.03833774255797
C17 799.976 96.14970653583548
C17 824.988 94.44771018491797
C17 850.022 92.47194022413579
C17 869.967 89.55967674835925
C17 875.002 88.18822969959864
C17 899.999 81.35213169387441
C17 919.999 73.39459876613391
C17 925.012 70.87717105509783
C17 949.965 57.239229736468836
C17 975.002 42.428160393065745
C17 999.976 25.820367370726473
C17 1025.028 11.243796567539835
C17 1050.014 3.984442901959379
C17 1075.002 0.9300659854055966
C17 1099.99 0.09228029263788187
