lsstCam/transmission_sensor/r24_s01/19700101T000000.ecsv
# %ECSV 1.0
# ---
# datatype:
# - {name: amp_name, datatype: string}
# - {name: wavelength, unit: nm, datatype: float32}
# - {name: efficiency, unit: '%', datatype: float64}
# meta: !!omap
# - {MODE: AMP}
# - {TYPE: transmission_sensor}
# - {CALIBDATE: '1970-01-01T00:00:00'}
# - {INSTRUME: LSSTCAM}
# - {OBSTYPE: transmission_sensor}
# - {DETECTOR: 109}
# - {PARQUETFILE: qe_raft_allvalues_nircorrected_20230725.parquet}
# - {CALIBCLS: lsst.ip.isr.IntermediateSensorTransmissionCurve}
# - {CALIB_ID: 'raftName=R24 detectorName=S01 detector=109 calibDate=1970-01-01T00:00:00 ccd=109 ccdnum=109 filter=None'}
# - {DATE: '2024-01-18T22:42:25.361539'}
# - {CALIB_CREATION_DATE: '2024-01-18'}
# - {CALIB_CREATION_TIME: '22:42:25'}
# - __serialized_columns__:
#     efficiency:
#       __class__: astropy.units.quantity.Quantity
#       unit: !astropy.units.Unit {unit: '%'}
#       value: !astropy.table.SerializedColumn {name: efficiency}
#     wavelength:
#       __class__: astropy.units.quantity.Quantity
#       unit: !astropy.units.Unit {unit: nm}
#       value: !astropy.table.SerializedColumn {name: wavelength}
# schema: astropy-2.0
amp_name wavelength efficiency
C00 319.994 45.87369155883789
C00 324.969 51.88699722290039
C00 349.982 76.8313980102539
C00 374.975 80.62703704833984
C00 400.019 85.90316772460938
C00 424.965 87.66262817382812
C00 450.035 89.6375961303711
C00 475.003 91.02301025390625
C00 500.018 93.43875122070312
C00 525.002 95.54267883300781
C00 550.029 96.27544403076172
C00 575.023 98.11564636230469
C00 599.982 98.7823715209961
C00 619.997 98.8350830078125
C00 624.979 98.87400817871094
C00 650.012 99.62065887451172
C00 675.004 99.33905029296875
C00 700.03 99.4935073852539
C00 725.012 99.07433319091797
C00 750.022 99.5450210571289
C00 774.987 99.24422454833984
C00 799.976 98.44567108154297
C00 824.988 96.63412475585938
C00 850.022 94.52264404296875
C00 869.967 91.48892211914062
C00 875.002 90.06834411621094
C00 899.999 82.70337677001953
C00 919.999 74.15663146972656
C00 925.012 71.52442169189453
C00 949.965 58.157554626464844
C00 975.002 43.361961364746094
C00 999.976 26.425737380981445
C00 1025.028 11.442781448364258
C00 1050.014 3.996283531188965
C00 1075.002 0.9483605129546889
C00 1099.99 0.09409545885446574
C01 319.994 46.00785446166992
C01 324.969 52.03874588012695
C01 349.982 77.07429504394531
C01 374.975 80.83100128173828
C01 400.019 85.96792602539062
C01 424.965 87.65770721435547
C01 450.035 89.59590148925781
C01 475.003 90.95355987548828
C01 500.018 93.35124969482422
C01 525.002 95.44612884521484
C01 550.029 96.1720199584961
C01 575.023 98.00418853759766
C01 599.982 98.67115020751953
C01 619.997 98.71954345703125
C01 624.979 98.75950622558594
C01 650.012 99.50513458251953
C01 675.004 99.22335052490234
C01 700.03 99.3808822631836
C01 725.012 98.95577239990234
C01 750.022 99.41838836669922
C01 774.987 99.11742401123047
C01 799.976 98.31924438476562
C01 824.988 96.51394653320312
C01 850.022 94.40808868408203
C01 869.967 91.39476776123047
C01 875.002 89.97686004638672
C01 899.999 82.6644058227539
C01 919.999 74.03368377685547
C01 925.012 71.39701080322266
C01 949.965 58.20406723022461
C01 975.002 43.36626434326172
C01 999.976 26.427478790283203
C01 1025.028 11.392580032348633
C01 1050.014 3.9596171379089355
C01 1075.002 0.9471540897144715
C01 1099.99 0.09397575864888962
C02 319.994 46.44091033935547
C02 324.969 52.527099609375
C02 349.982 77.77149963378906
C02 374.975 81.46609497070312
C02 400.019 86.47634887695312
C02 424.965 88.100341796875
C02 450.035 90.0103530883789
C02 475.003 91.35307312011719
C02 500.018 93.74658966064453
C02 525.002 95.83358001708984
C02 550.029 96.555419921875
C02 575.023 98.38764953613281
C02 599.982 99.05119323730469
C02 619.997 99.09756469726562
C02 624.979 99.13948822021484
C02 650.012 99.8795166015625
C02 675.004 99.59715270996094
C02 700.03 99.75296020507812
C02 725.012 99.32096862792969
C02 750.022 99.78498840332031
C02 774.987 99.47896575927734
C02 799.976 98.6791000366211
C02 824.988 96.87335968017578
C02 850.022 94.75650787353516
C02 869.967 91.74372863769531
C02 875.002 90.32953643798828
C02 899.999 83.050537109375
C02 919.999 74.3076400756836
C02 925.012 71.65599060058594
C02 949.965 58.511287689208984
C02 975.002 43.632144927978516
C02 999.976 26.62430763244629
C02 1025.028 11.46069622039795
C02 1050.014 3.954397201538086
C02 1075.002 0.9506466702153393
C02 1099.99 0.09432228927761797
C03 319.994 46.52159118652344
C03 324.969 52.61589050292969
C03 349.982 77.84385681152344
C03 374.975 81.43132019042969
C03 400.019 86.31607818603516
C03 424.965 87.89237976074219
C03 450.035 89.77413177490234
C03 475.003 91.10238647460938
C03 500.018 93.48274993896484
C03 525.002 95.55203247070312
C03 550.029 96.26325225830078
C03 575.023 98.08473205566406
C03 599.982 98.73968505859375
C03 619.997 98.78121948242188
C03 624.979 98.82169342041016
C03 650.012 99.55052185058594
C03 675.004 99.26438903808594
C03 700.03 99.41526794433594
C03 725.012 98.98265075683594
C03 750.022 99.44329071044922
C03 774.987 99.13751983642578
C03 799.976 98.34329223632812
C03 824.988 96.53582763671875
C03 850.022 94.42092895507812
C03 869.967 91.44448852539062
C03 875.002 90.03402709960938
C03 899.999 82.79984283447266
C03 919.999 73.98051452636719
C03 925.012 71.35893249511719
C03 949.965 58.413734436035156
C03 975.002 43.52874755859375
C03 999.976 26.564800262451172
C03 1025.028 11.409228324890137
C03 1050.014 3.9182333946228027
C03 1075.002 0.9473913331630833
C03 1099.99 0.09399929772590983
C04 319.994 46.690834045410156
C04 324.969 52.80805587768555
C04 349.982 78.08375549316406
C04 374.975 81.58299255371094
C04 400.019 86.36607360839844
C04 424.965 87.89696502685547
C04 450.035 89.76075744628906
C04 475.003 91.07524871826172
C04 500.018 93.4450912475586
C04 525.002 95.513671875
C04 550.029 96.22327423095703
C04 575.023 98.03684997558594
C04 599.982 98.68639373779297
C04 619.997 98.72401428222656
C04 624.979 98.75924682617188
C04 650.012 99.48816680908203
C04 675.004 99.1977767944336
C04 700.03 99.34466552734375
C04 725.012 98.91390991210938
C04 750.022 99.38285827636719
C04 774.987 99.07994842529297
C04 799.976 98.2841567993164
C04 824.988 96.47187805175781
C04 850.022 94.37663269042969
C04 869.967 91.41156005859375
C04 875.002 89.97346496582031
C04 899.999 82.68131256103516
C04 919.999 73.80552673339844
C04 925.012 71.242431640625
C04 949.965 58.499549865722656
C04 975.002 43.45630645751953
C04 999.976 26.53564453125
C04 1025.028 11.320002555847168
C04 1050.014 3.9101505279541016
C04 1075.002 0.9468155961504402
C04 1099.99 0.0939421736284341
C05 319.994 47.120853424072266
C05 324.969 53.294349670410156
C05 349.982 78.73059844970703
C05 374.975 82.11608123779297
C05 400.019 86.79791259765625
C05 424.965 88.28717041015625
C05 450.035 90.13858032226562
C05 475.003 91.44920349121094
C05 500.018 93.82142639160156
C05 525.002 95.88961029052734
C05 550.029 96.59302520751953
C05 575.023 98.4056396484375
C05 599.982 99.0503921508789
C05 619.997 99.08517456054688
C05 624.979 99.12139129638672
C05 650.012 99.85199737548828
C05 675.004 99.55360412597656
C05 700.03 99.69359588623047
C05 725.012 99.27072143554688
C05 750.022 99.75231170654297
C05 774.987 99.45819091796875
C05 799.976 98.66422271728516
C05 824.988 96.83904266357422
C05 850.022 94.78246307373047
C05 869.967 91.76398468017578
C05 875.002 90.27393341064453
C05 899.999 82.94611358642578
C05 919.999 74.15414428710938
C05 925.012 71.6045150756836
C05 949.965 58.77616882324219
C05 975.002 43.491207122802734
C05 999.976 26.536073684692383
C05 1025.028 11.294352531433105
C05 1050.014 3.9338173866271973
C05 1075.002 0.9503353605436972
C05 1099.99 0.09429140141799194
C06 319.994 47.29167175292969
C06 324.969 53.48595428466797
C06 349.982 78.91072082519531
C06 374.975 82.17584228515625
C06 400.019 86.80979919433594
C06 424.965 88.28666687011719
C06 450.035 90.13276672363281
C06 475.003 91.44143676757812
C06 500.018 93.80987548828125
C06 525.002 95.87299346923828
C06 550.029 96.57197570800781
C06 575.023 98.3793716430664
C06 599.982 99.01663208007812
C06 619.997 99.0431900024414
C06 624.979 99.07817077636719
C06 650.012 99.80057525634766
C06 675.004 99.49862670898438
C06 700.03 99.6378402709961
C06 725.012 99.22492218017578
C06 750.022 99.71611785888672
C06 774.987 99.4401626586914
C06 799.976 98.65031433105469
C06 824.988 96.83343505859375
C06 850.022 94.82467651367188
C06 869.967 91.71980285644531
C06 875.002 90.21420288085938
C06 899.999 83.01605224609375
C06 919.999 74.31353759765625
C06 925.012 71.79009246826172
C06 949.965 58.675880432128906
C06 975.002 43.3188591003418
C06 999.976 26.48816680908203
C06 1025.028 11.355146408081055
C06 1050.014 4.001204013824463
C06 1075.002 0.9499905433240975
C06 1099.99 0.09425718897024034
C07 319.994 47.510311126708984
C07 324.969 53.734195709228516
C07 349.982 79.20127868652344
C07 374.975 82.35315704345703
C07 400.019 86.88587951660156
C07 424.965 88.32353210449219
C07 450.035 90.15148162841797
C07 475.003 91.4522933959961
C07 500.018 93.81047058105469
C07 525.002 95.86662292480469
C07 550.029 96.55818176269531
C07 575.023 98.36164093017578
C07 599.982 98.99101257324219
C07 619.997 99.01441192626953
C07 624.979 99.0457534790039
C07 650.012 99.76103210449219
C07 675.004 99.45516204833984
C07 700.03 99.5992202758789
C07 725.012 99.19599914550781
C07 750.022 99.71199798583984
C07 774.987 99.45248413085938
C07 799.976 98.67003631591797
C07 824.988 96.87608337402344
C07 850.022 94.87959289550781
C07 869.967 91.77606201171875
C07 875.002 90.30879211425781
C07 899.999 83.17147827148438
C07 919.999 74.51266479492188
C07 925.012 71.90252685546875
C07 949.965 58.496826171875
C07 975.002 43.24827194213867
C07 999.976 26.483478546142578
C07 1025.028 11.485726356506348
C07 1050.014 4.08985710144043
C07 1075.002 0.9499512929492081
C07 1099.99 0.09425329458410239
C10 319.994 44.95293045043945
C10 324.969 50.83445358276367
C10 349.982 74.85025787353516
C10 374.975 78.62698364257812
C10 400.019 84.77389526367188
C10 424.965 86.99243927001953
C10 450.035 89.22650146484375
C10 475.003 90.76495361328125
C10 500.018 93.27666473388672
C10 525.002 95.4383316040039
C10 550.029 96.19949340820312
C10 575.023 98.0531005859375
C10 599.982 98.72233581542969
C10 619.997 98.76996612548828
C10 624.979 98.8118667602539
C10 650.012 99.54357147216797
C10 675.004 99.24353790283203
C10 700.03 99.2973403930664
C10 725.012 98.59209442138672
C10 750.022 98.71197509765625
C10 774.987 98.08304595947266
C10 799.976 97.17292022705078
C10 824.988 95.43173217773438
C10 850.022 93.32634735107422
C10 869.967 90.44116973876953
C10 875.002 89.06019592285156
C10 899.999 82.05158233642578
C10 919.999 73.75780487060547
C10 925.012 71.25480651855469
C10 949.965 57.94972229003906
C10 975.002 42.84075164794922
C10 999.976 26.10260772705078
C10 1025.028 11.278093338012695
C10 1050.014 3.939138650894165
C10 1075.002 0.9404241327744376
C10 1099.99 0.09330801850398385
C11 319.994 45.33876037597656
C11 324.969 51.27337646484375
C11 349.982 75.52523040771484
C11 374.975 79.25428771972656
C11 400.019 85.2167739868164
C11 424.965 87.34637451171875
C11 450.035 89.53607940673828
C11 475.003 91.04925537109375
C11 500.018 93.54951477050781
C11 525.002 95.69843292236328
C11 550.029 96.45861053466797
C11 575.023 98.30900573730469
C11 599.982 98.98009490966797
C11 619.997 99.02381134033203
C11 624.979 99.0653076171875
C11 650.012 99.80045318603516
C11 675.004 99.49518585205078
C11 700.03 99.54450988769531
C11 725.012 98.831298828125
C11 750.022 98.94071960449219
C11 774.987 98.29595947265625
C11 799.976 97.37678527832031
C11 824.988 95.63196563720703
C11 850.022 93.5230712890625
C11 869.967 90.63493347167969
C11 875.002 89.24590301513672
C11 899.999 82.22757720947266
C11 919.999 73.87178039550781
C11 925.012 71.39752960205078
C11 949.965 58.21304702758789
C11 975.002 42.89760971069336
C11 999.976 26.14754867553711
C11 1025.028 11.224591255187988
C11 1050.014 3.9133315086364746
C11 1075.002 0.9426033706797106
C11 1099.99 0.09352424048692032
C12 319.994 45.53609848022461
C12 324.969 51.495635986328125
C12 349.982 75.86204528808594
C12 374.975 79.54190826416016
C12 400.019 85.35076904296875
C12 424.965 87.39945220947266
C12 450.035 89.54975891113281
C12 475.003 91.03556823730469
C12 500.018 93.5182876586914
C12 525.002 95.65990447998047
C12 550.029 96.41126251220703
C12 575.023 98.25907135009766
C12 599.982 98.92024230957031
C12 619.997 98.96568298339844
C12 624.979 99.00765991210938
C12 650.012 99.7402114868164
C12 675.004 99.43614196777344
C12 700.03 99.48038482666016
C12 725.012 98.76141357421875
C12 750.022 98.8610610961914
C12 774.987 98.2087631225586
C12 799.976 97.2881851196289
C12 824.988 95.54591369628906
C12 850.022 93.4413070678711
C12 869.967 90.54939270019531
C12 875.002 89.15380096435547
C12 899.999 82.14051818847656
C12 919.999 73.80560302734375
C12 925.012 71.33878326416016
C12 949.965 58.20904541015625
C12 975.002 42.88960647583008
C12 999.976 26.13882827758789
C12 1025.028 11.1941556930542
C12 1050.014 3.8983826637268066
C12 1075.002 0.9418444682015339
C12 1099.99 0.093448942880225
C13 319.994 45.842498779296875
C13 324.969 51.84056091308594
C13 349.982 76.29512023925781
C13 374.975 79.87344360351562
C13 400.019 85.55511474609375
C13 424.965 87.54966735839844
C13 450.035 89.66667938232422
C13 475.003 91.13897705078125
C13 500.018 93.609375
C13 525.002 95.73863983154297
C13 550.029 96.48367309570312
C13 575.023 98.31790161132812
C13 599.982 98.97618865966797
C13 619.997 99.01322174072266
C13 624.979 99.0494384765625
C13 650.012 99.77819061279297
C13 675.004 99.46404266357422
C13 700.03 99.5030746459961
C13 725.012 98.77532196044922
C13 750.022 98.86791229248047
C13 774.987 98.215087890625
C13 799.976 97.28768157958984
C13 824.988 95.54447174072266
C13 850.022 93.46324920654297
C13 869.967 90.57263946533203
C13 875.002 89.15448760986328
C13 899.999 82.19158935546875
C13 919.999 73.93482971191406
C13 925.012 71.43610382080078
C13 949.965 58.200531005859375
C13 975.002 42.9387092590332
C13 999.976 26.19186019897461
C13 1025.028 11.22996997833252
C13 1050.014 3.9080255031585693
C13 1075.002 0.9419097393674619
C13 1099.99 0.09345541902534499
C14 319.994 46.057647705078125
C14 324.969 52.08302688598633
C14 349.982 76.60406494140625
C14 374.975 80.09855651855469
C14 400.019 85.64390563964844
C14 424.965 87.56822204589844
C14 450.035 89.65479278564453
C14 475.003 91.1028060913086
C14 500.018 93.55794525146484
C14 525.002 95.67231750488281
C14 550.029 96.40571594238281
C14 575.023 98.2337875366211
C14 599.982 98.88286590576172
C14 619.997 98.9178237915039
C14 624.979 98.95764923095703
C14 650.012 99.67813110351562
C14 675.004 99.35952758789062
C14 700.03 99.39678192138672
C14 725.012 98.67034149169922
C14 750.022 98.76622772216797
C14 774.987 98.1163330078125
C14 799.976 97.19293212890625
C14 824.988 95.45520782470703
C14 850.022 93.4054946899414
C14 869.967 90.45740509033203
C14 875.002 89.02496337890625
C14 899.999 82.15225219726562
C14 919.999 73.98819732666016
C14 925.012 71.4486083984375
C14 949.965 58.016849517822266
C14 975.002 42.76214599609375
C14 999.976 26.106037139892578
C14 1025.028 11.220043182373047
C14 1050.014 3.913451671600342
C14 1075.002 0.9409409953908584
C14 1099.99 0.0933593011379532
C15 319.994 46.40232467651367
C15 324.969 52.466407775878906
C15 349.982 77.07210540771484
C15 374.975 80.44877624511719
C15 400.019 85.87127685546875
C15 424.965 87.74982452392578
C15 450.035 89.81179809570312
C15 475.003 91.24752044677734
C15 500.018 93.69546508789062
C15 525.002 95.80457305908203
C15 550.029 96.527099609375
C15 575.023 98.35002899169922
C15 599.982 98.98957824707031
C15 619.997 99.01507568359375
C15 624.979 99.05573272705078
C15 650.012 99.76864624023438
C15 675.004 99.44452667236328
C15 700.03 99.47808837890625
C15 725.012 98.75366973876953
C15 750.022 98.86079406738281
C15 774.987 98.22126770019531
C15 799.976 97.2996597290039
C15 824.988 95.56352996826172
C15 850.022 93.52896118164062
C15 869.967 90.5716323852539
C15 875.002 89.15390014648438
C15 899.999 82.24026489257812
C15 919.999 74.09967041015625
C15 925.012 71.60333251953125
C15 949.965 58.17391586303711
C15 975.002 42.83361053466797
C15 999.976 26.109455108642578
C15 1025.028 11.237260818481445
C15 1050.014 3.9338560104370117
C15 1075.002 0.9418419240663527
C15 1099.99 0.09344869045346957
C16 319.994 46.62690734863281
C16 324.969 52.717445373535156
C16 349.982 77.38802337646484
C16 374.975 80.69519805908203
C16 400.019 86.0430679321289
C16 424.965 87.88929748535156
C16 450.035 89.94254302978516
C16 475.003 91.37169647216797
C16 500.018 93.81635284423828
C16 525.002 95.92176055908203
C16 550.029 96.6380386352539
C16 575.023 98.45802307128906
C16 599.982 99.09255981445312
C16 619.997 99.11460876464844
C16 624.979 99.14964294433594
C16 650.012 99.86017608642578
C16 675.004 99.53331756591797
C16 700.03 99.56704711914062
C16 725.012 98.8540267944336
C16 750.022 98.98116302490234
C16 774.987 98.35926818847656
C16 799.976 97.44720458984375
C16 824.988 95.7182846069336
C16 850.022 93.70621490478516
C16 869.967 90.74649810791016
C16 875.002 89.32103729248047
C16 899.999 82.4297866821289
C16 919.999 74.33391571044922
C16 925.012 71.80989837646484
C16 949.965 58.191856384277344
C16 975.002 42.94092559814453
C16 999.976 26.17375373840332
C16 1025.028 11.300539016723633
C16 1050.014 3.978855848312378
C16 1075.002 0.9429886727677274
C16 1099.99 0.09356246980612358
C17 319.994 46.642391204833984
C17 324.969 52.73478317260742
C17 349.982 77.39065551757812
C17 374.975 80.64654541015625
C17 400.019 85.91275024414062
C17 424.965 87.71965026855469
C17 450.035 89.74987030029297
C17 475.003 91.16421508789062
C17 500.018 93.59502410888672
C17 525.002 95.69219970703125
C17 550.029 96.40325164794922
C17 575.023 98.21037292480469
C17 599.982 98.84153747558594
C17 619.997 98.86003112792969
C17 624.979 98.89777374267578
C17 650.012 99.59906005859375
C17 675.004 99.27055358886719
C17 700.03 99.313232421875
C17 725.012 98.61698150634766
C17 750.022 98.76993560791016
C17 774.987 98.17666625976562
C17 799.976 97.2776107788086
C17 824.988 95.55564880371094
C17 850.022 93.55670166015625
C17 869.967 90.61027526855469
C17 875.002 89.22274017333984
C17 899.999 82.30644989013672
C17 919.999 74.25556945800781
C17 925.012 71.70861053466797
C17 949.965 57.91068649291992
C17 975.002 42.925872802734375
C17 999.976 26.123258590698242
C17 1025.028 11.375694274902344
C17 1050.014 4.031183242797852
C17 1075.002 0.9409763189778885
C17 1099.99 0.0933628059118072
