lsstCam/transmission_filter_detector/r11_s21/i_39/19700101T000000.ecsv
# %ECSV 1.0
# ---
# datatype:
# - {name: wavelength, unit: nm, datatype: float32}
# - {name: efficiency, unit: '%', datatype: float64}
# meta: !!omap
# - {MODE: DETECTOR}
# - {TYPE: transmission_filter_detector}
# - {CALIBDATE: '1970-01-01T00:00:00'}
# - {INSTRUME: LSSTCam}
# - {OBSTYPE: transmission_filter_detector}
# - {CALIBCLS: lsst.ip.isr.IntermediateFilterDetectorTransmissionCurve}
# - {SOURCE: Materion (DM-46256)}
# - {DETECTOR: 43}
# - {FILTER: i_39}
# - {CALIB_ID: 'calibDate=1970-01-01T00:00:00 filter=i_39 detector=43'}
# - {DATE: '2025-04-02T15:59:46.678493'}
# - {CALIB_CREATION_DATE: '2025-04-02'}
# - {CALIB_CREATION_TIME: '15:59:46'}
# - __serialized_columns__:
#     efficiency:
#       __class__: astropy.units.quantity.Quantity
#       unit: !astropy.units.Unit {unit: '%'}
#       value: !astropy.table.SerializedColumn {name: efficiency}
#     wavelength:
#       __class__: astropy.units.quantity.Quantity
#       unit: !astropy.units.Unit {unit: nm}
#       value: !astropy.table.SerializedColumn {name: wavelength}
# schema: astropy-2.0
wavelength efficiency
300.0 0.08286209776997566
301.0 0.052608875557780266
302.0 0.022355691180564463
303.0 0.031152853625826538
304.0 0.039950013160705566
305.0 0.0347867317032069
306.0 0.029623450245708227
307.0 0.012228862033225596
308.0 1.598082343540197e-10
309.0 1.598082343540197e-10
310.0 1.598082343540197e-10
311.0 1.598082343540197e-10
312.0 0.0034252097975695506
313.0 0.0006565761395904701
314.0 1.598082343540197e-10
315.0 1.598082343540197e-10
316.0 1.598082343540197e-10
317.0 1.598082343540197e-10
318.0 1.598082343540197e-10
319.0 1.598082343540197e-10
320.0 1.598082343540197e-10
321.0 1.598082343540197e-10
322.0 1.598082343540197e-10
323.0 1.598082343540197e-10
324.0 1.598082343540197e-10
325.0 1.598082343540197e-10
326.0 1.598082343540197e-10
327.0 0.0002613666765682865
328.0 0.003642079173005186
329.0 0.0024246430257335305
330.0 0.001207206878461875
331.0 0.000527661131854984
332.0 1.598082343540197e-10
333.0 0.0015536728824372403
334.0 0.0032592302886769176
335.0 0.002147061786672566
336.0 0.0010348937394155655
337.0 0.0020463241526158527
338.0 0.0030577542929677293
339.0 0.002987066727655474
340.0 0.0029163795261410996
341.0 1.598082343540197e-10
342.0 1.598082343540197e-10
343.0 1.598082343540197e-10
344.0 1.598082343540197e-10
345.0 1.598082343540197e-10
346.0 1.598082343540197e-10
347.0 1.598082343540197e-10
348.0 1.598082343540197e-10
349.0 1.598082343540197e-10
350.0 1.598082343540197e-10
351.0 1.598082343540197e-10
352.0 1.598082343540197e-10
353.0 1.598082343540197e-10
354.0 1.598082343540197e-10
355.0 1.598082343540197e-10
356.0 1.598082343540197e-10
357.0 0.0007733257916697767
358.0 0.0018818866010406055
359.0 0.001461683859815821
360.0 0.0010414806638436858
361.0 0.0009687668352853507
362.0 0.0008960528248280752
363.0 0.0003696525254781591
364.0 1.598082343540197e-10
365.0 0.0012764963685185649
366.0 0.0027097408747067675
367.0 0.0015731915482319891
368.0 0.00043664240365615115
369.0 0.0008831626473693177
370.0 0.0013296830729814246
371.0 0.001046484976541251
372.0 0.0007632868801010773
373.0 0.0008315259947266895
374.0 0.0008997650184028316
375.0 0.0004166881808487233
376.0 1.598082343540197e-10
377.0 0.00014947540876164567
378.0 0.0003653396333902492
379.0 2.8851070510427235e-05
380.0 1.598082343540197e-10
381.0 1.598082343540197e-10
382.0 1.598082343540197e-10
383.0 2.2970991153670184e-05
384.0 0.0010824592209246475
385.0 0.0012065649571013637
386.0 0.0013306705113791395
387.0 1.598082343540197e-10
388.0 1.598082343540197e-10
389.0 1.598082343540197e-10
390.0 1.598082343540197e-10
391.0 1.598082343540197e-10
392.0 1.598082343540197e-10
393.0 1.598082343540197e-10
394.0 0.0010195259164902382
395.0 1.598082343540197e-10
396.0 1.598082343540197e-10
397.0 1.598082343540197e-10
398.0 1.598082343540197e-10
399.0 1.3504264018138201e-05
400.0 4.971088856109418e-05
401.0 0.00036600140447262675
402.0 0.0006822907835157821
403.0 0.0016064966985140927
404.0 0.002530702477088198
405.0 0.004362604158814065
406.0 0.006194505840539932
407.0 0.0038513131585204974
408.0 0.001508117657067487
409.0 0.0006909579042257974
410.0 1.598082343540197e-10
411.0 0.0020077037333976477
412.0 0.004141612589592114
413.0 0.0041416420572204515
414.0 0.004141672616242431
415.0 0.003733173798536882
416.0 0.0033246749808313325
417.0 0.0022804702894063666
418.0 0.0012362654160824604
419.0 0.003214826574549079
420.0 0.005193387187318876
421.0 0.004476046524359845
422.0 0.003758705497602932
423.0 0.004234033985994756
424.0 0.004709361746790819
425.0 0.003217272023903206
426.0 0.0017251810277230106
427.0 0.0031691964977653697
428.0 0.004613212149706669
429.0 0.005113584848004393
430.0 0.0056139586376957595
431.0 0.004312914097681642
432.0 0.003011870830960106
433.0 0.0032789808756206185
434.0 0.003546091102180071
435.0 0.0026661578885978088
436.0 0.001786224493116606
437.0 0.001577623152115848
438.0 0.0013690219930140302
439.0 0.0017437105270801112
440.0 0.002118399424944073
441.0 0.0006958083758945577
442.0 1.598082343540197e-10
443.0 1.598082343540197e-10
444.0 1.598082343540197e-10
445.0 1.598082343540197e-10
446.0 1.598082343540197e-10
447.0 4.602694048116973e-05
448.0 0.000468472853754065
449.0 1.598082343540197e-10
450.0 1.598082343540197e-10
451.0 1.598082343540197e-10
452.0 0.001138718107540626
453.0 0.0013951173968962394
454.0 0.0016515170500497334
455.0 0.001821861951611936
456.0 0.001992207035073079
457.0 0.0013440765542327426
458.0 0.0006959459824429359
459.0 0.0003264153747295495
460.0 1.598082343540197e-10
461.0 0.00018990615444636205
462.0 0.000422927541876561
463.0 0.0001598573931005376
464.0 1.598082343540197e-10
465.0 0.00023094974039850058
466.0 0.0005651120773109142
467.0 0.0006528686299134279
468.0 0.0007406250915664714
469.0 0.0006202503755048383
470.0 0.0004998756594432052
471.0 0.0006423443210223923
472.0 0.0007848130735510495
473.0 0.0008078625796770211
474.0 0.0008309124496008735
475.0 0.0004609363713825587
476.0 9.096063422475709e-05
477.0 0.0006843321898486465
478.0 0.0012777037227351684
479.0 0.001228738074132707
480.0 0.0011797725164797157
481.0 0.0024999982997542247
482.0 0.00382022226403933
483.0 0.005416851854533888
484.0 0.007013481081230566
485.0 0.007825256034266204
486.0 0.008637030987301841
487.0 0.0116171439003665
488.0 0.014597256085835397
489.0 0.017401021614205092
490.0 0.02020478423219174
491.0 0.02218779263785109
492.0 0.024170801043510437
493.0 0.025354832177981734
494.0 0.026538869133219123
495.0 0.023683249310124665
496.0 0.02082762512145564
497.0 0.01701094297459349
498.0 0.013194256462156773
499.0 0.009482306631980464
500.0 0.005770356438006274
501.0 0.004291463483241387
502.0 0.0028125707103754394
503.0 0.0024745113478275016
504.0 0.0021364518033806235
505.0 0.002085728192469105
506.0 0.002035004581557587
507.0 0.0019569795767893083
508.0 0.0018789543901220895
509.0 0.0018154642020817846
510.0 0.001751973650243599
511.0 0.0013889774891140405
512.0 0.0010259812370350119
513.0 0.0014770619600312784
514.0 0.0019281425920780748
515.0 0.00231813064601738
516.0 0.0027081188818556257
517.0 0.0023751836124574766
518.0 0.002042248524958268
519.0 0.002117458643624559
520.0 0.0021926689441897906
521.0 0.0017647624190431088
522.0 0.0013368559848458972
523.0 0.0013465737538354006
524.0 0.0013562917956733145
525.0 0.0019171880921931006
526.0 0.0024780843887128867
527.0 0.0024485176254529506
528.0 0.002418951044091955
529.0 0.001889069244498387
530.0 0.0013591874449048191
531.0 0.0013100984688207973
532.0 0.0012610094017873053
533.0 0.0014876725799695123
534.0 0.0017143358491011895
535.0 0.0017023621694534086
536.0 0.001690388671704568
537.0 0.002441936157993041
538.0 0.0031934832804836333
539.0 0.0038731701351935044
540.0 0.004552857353701256
541.0 0.0051147027988918126
542.0 0.00567654860788025
543.0 0.004971774615114555
544.0 0.00426700062234886
545.0 0.0034165335819125175
546.0 0.0025660670871729963
547.0 0.0021228677724138834
548.0 0.0016796684576547705
549.0 0.0017973479771171696
550.0 0.0019150278603774495
551.0 0.0017169142665807158
552.0 0.0015188009456323925
553.0 0.0015737048670416698
554.0 0.0016286088794004172
555.0 0.0012404893823259044
556.0 0.0008523698852513917
557.0 0.0007409596946672536
558.0 0.0006295496405073209
559.0 0.0002123093281625188
560.0 1.598082343540197e-10
561.0 0.0005943146788922604
562.0 0.0013935605238657445
563.0 0.0015586263543809764
564.0 0.0017236923667951487
565.0 0.0013765325093118008
566.0 0.0010293728337273933
567.0 0.0007425685453199549
568.0 0.00045576421143778134
569.0 0.0006319799467746634
570.0 0.00080819545473787
571.0 0.0004953573352395324
572.0 0.00018251915889777592
573.0 0.0003019750693056267
574.0 0.00042143101381952874
575.0 0.0004264149993105093
576.0 0.0004313988938520197
577.0 0.0004611162694345694
578.0 0.0004908337814413244
579.0 0.0002087141410811455
580.0 1.598082343540197e-10
581.0 9.207654443343927e-05
582.0 0.00025755857677722815
583.0 0.0004394370535010239
584.0 0.0006213154392753495
585.0 0.0008025003808143083
586.0 0.0009836853678280022
587.0 0.0008727683962206356
588.0 0.0007618512881890638
589.0 0.000627918416284956
590.0 0.0004939855443808483
591.0 0.0007195442321972223
592.0 0.0009451030564378016
593.0 0.0006339049377857009
594.0 0.0003227067509214976
595.0 0.0006732637302775402
596.0 0.00102382064142148
597.0 0.0008020242603379302
598.0 0.0005802280611533206
599.0 0.000498922418046277
600.0 0.0004176165930402931
601.0 0.00039725414353597444
602.0 0.0003768916940316558
603.0 0.000278108632301155
604.0 0.0001793254227777652
605.0 0.0001934621195687214
606.0 0.0002075988049909938
607.0 0.00040592553887108807
608.0 0.0006042521818017121
609.0 0.0005860021246917313
610.0 0.0005677517492586048
611.0 0.000741615986044053
612.0 0.0009154802683042362
613.0 0.0006326926722977078
614.0 0.000349905189978017
615.0 3.039065745724656e-05
616.0 1.598082343540197e-10
617.0 1.598082343540197e-10
618.0 0.00018628255702424212
619.0 0.00030528733532264596
620.0 0.0004242921932018362
621.0 0.0005879262516828021
622.0 0.0007515602646890329
623.0 0.0006246117209229851
624.0 0.0004976632226316724
625.0 0.0004451995664567221
626.0 0.0003927359557565069
627.0 0.0003084717945966986
628.0 0.00022420763343689032
629.0 0.0004342406100477092
630.0 0.0006442735866585281
631.0 0.0005768507890024921
632.0 0.000509427945871721
633.0 0.0004541401722235605
634.0 0.0003988523531006649
635.0 0.0004339711267675739
636.0 0.0004690897640102776
637.0 0.00040373229239776265
638.0 0.00033837468436104245
639.0 0.0005953796971880365
640.0 0.0008523846190655604
641.0 0.0005936971319897566
642.0 0.00033500966765132034
643.0 0.0006120527814346133
644.0 0.0008890959179552738
645.0 0.0007515702236560173
646.0 0.0006140446657809662
647.0 0.0007653149623365607
648.0 0.000916585668164771
649.0 0.0007638142960786354
650.0 0.0006110430149419699
651.0 0.0008583722774346825
652.0 0.0011057017218263354
653.0 0.001207482364407042
654.0 0.0013092628250888083
655.0 0.0019484275981085375
656.0 0.002587592462077737
657.0 0.003577097595552914
658.0 0.004566601273836568
659.0 0.0071992966695688665
660.0 0.056376203428953886
661.0 0.13313909294083714
662.0 0.1092436839826405
663.0 0.13469672994688153
664.0 0.11871124152094126
665.0 0.15175016596913338
666.0 0.20215900149196386
667.0 0.22446895018219948
668.0 0.17753842985257506
669.0 0.3391067497432232
670.0 0.4508598707616329
671.0 0.7039341609925032
672.0 1.0710736736655235
673.0 1.7016950994729996
674.0 2.4941351264715195
675.0 3.404602035880089
676.0 4.588642343878746
677.0 5.887313187122345
678.0 7.253144681453705
679.0 8.785029500722885
680.0 10.870266705751419
681.0 12.95534074306488
682.0 15.553152561187744
683.0 18.285611271858215
684.0 21.247360110282898
685.0 24.104975163936615
686.0 27.171555161476135
687.0 30.503740906715393
688.0 33.8436096906662
689.0 37.38275170326233
690.0 41.46937429904938
691.0 45.88921070098877
692.0 51.04530453681946
693.0 56.4713716506958
694.0 62.57662773132324
695.0 68.23006272315979
696.0 74.3878960609436
697.0 79.8442542552948
698.0 85.47443747520447
699.0 89.5235002040863
700.0 92.56700873374939
701.0 94.84193921089172
702.0 96.35845422744751
703.0 97.05514311790466
704.0 97.4768340587616
705.0 97.69394993782043
706.0 97.67778515815735
707.0 97.85391688346863
708.0 97.89358973503113
709.0 97.84703850746155
710.0 97.62107729911804
711.0 97.91043996810913
712.0 97.87304401397705
713.0 97.94519543647766
714.0 98.0236291885376
715.0 98.06925654411316
716.0 97.95306921005249
717.0 98.07010293006897
718.0 98.13851714134216
719.0 97.99503087997437
720.0 98.16874265670776
721.0 98.1469988822937
722.0 97.82113432884216
723.0 97.525954246521
724.0 97.2258448600769
725.0 97.03491926193237
726.0 96.8569278717041
727.0 96.65963053703308
728.0 96.38146758079529
729.0 96.2918758392334
730.0 96.23109698295593
731.0 96.32012844085693
732.0 96.45352363586426
733.0 96.72861695289612
734.0 97.02737331390381
735.0 97.25648164749146
736.0 97.6218581199646
737.0 97.996985912323
738.0 98.2344388961792
739.0 98.62399101257324
740.0 98.68757128715515
741.0 98.46031665802002
742.0 98.73596429824829
743.0 98.62939119338989
744.0 98.49191904067993
745.0 98.48310351371765
746.0 98.48539233207703
747.0 98.66247177124023
748.0 98.55851531028748
749.0 98.44669699668884
750.0 98.43583106994629
751.0 98.27567338943481
752.0 98.24545979499817
753.0 98.42948317527771
754.0 98.42413663864136
755.0 98.45338463783264
756.0 98.57385158538818
757.0 98.53652119636536
758.0 98.66571426391602
759.0 98.73442053794861
760.0 98.66573810577393
761.0 98.51425886154175
762.0 98.61847162246704
763.0 98.59322905540466
764.0 98.48929047584534
765.0 98.40323328971863
766.0 98.45528602600098
767.0 98.18878769874573
768.0 98.25312495231628
769.0 98.25823307037354
770.0 97.99482226371765
771.0 97.97335267066956
772.0 98.0590283870697
773.0 97.84778356552124
774.0 97.69571423530579
775.0 97.82151579856873
776.0 97.76555895805359
777.0 97.82596230506897
778.0 97.83555865287781
779.0 97.95210361480713
780.0 97.88882732391357
781.0 98.24693202972412
782.0 98.15396666526794
783.0 98.26895594596863
784.0 98.2635498046875
785.0 98.44331741333008
786.0 98.50921630859375
787.0 98.25289249420166
788.0 98.36790561676025
789.0 98.48482012748718
790.0 98.35214614868164
791.0 98.3751893043518
792.0 98.1637179851532
793.0 98.12077283859253
794.0 98.03350567817688
795.0 97.91569709777832
796.0 97.9708731174469
797.0 97.87875413894653
798.0 97.86081314086914
799.0 97.61204719543457
800.0 97.47274518013
801.0 97.48597741127014
802.0 97.28283286094666
803.0 96.94369435310364
804.0 96.45522236824036
805.0 95.73861956596375
806.0 94.96496915817261
807.0 93.68985295295715
808.0 92.21407175064087
809.0 90.466970205307
810.0 88.48977088928223
811.0 85.98718047142029
812.0 82.99985527992249
813.0 79.70396876335144
814.0 75.84171891212463
815.0 71.77349925041199
816.0 67.64630079269409
817.0 62.87190318107605
818.0 58.01456570625305
819.0 53.76918315887451
820.0 48.960983753204346
821.0 44.44473087787628
822.0 40.133750438690186
823.0 35.533249378204346
824.0 30.9393048286438
825.0 26.82649791240692
826.0 22.490669786930084
827.0 18.01721453666687
828.0 14.117732644081116
829.0 10.454951971769333
830.0 7.028847932815552
831.0 4.769051820039749
832.0 2.944713272154331
833.0 1.769060455262661
834.0 1.0212363675236702
835.0 0.5798009224236012
836.0 0.35855036694556475
837.0 0.201319414190948
838.0 0.13020698679611087
839.0 0.08302973583340645
840.0 0.06586685194633901
841.0 1.598082343540197e-10
842.0 1.598082343540197e-10
843.0 0.021490934886969626
844.0 1.598082343540197e-10
845.0 0.006715791096212342
846.0 0.011908770102309063
847.0 1.598082343540197e-10
848.0 1.598082343540197e-10
849.0 1.598082343540197e-10
850.0 1.598082343540197e-10
851.0 1.598082343540197e-10
852.0 0.0012842772775911726
853.0 0.0011559201084310189
854.0 0.0010275630302203353
855.0 0.0008593340680818073
856.0 0.0006911052423674846
857.0 0.0008386954505112953
858.0 0.0009862854312814306
859.0 0.0006210281753737945
860.0 0.00025577080577932065
861.0 0.00021825351268489612
862.0 0.00018073615137836896
863.0 9.403506737726275e-05
864.0 7.3340345352335135e-06
865.0 8.330761716024426e-05
866.0 0.0001592811599948618
867.0 3.601492721827526e-05
868.0 1.598082343540197e-10
869.0 1.598082343540197e-10
870.0 1.598082343540197e-10
871.0 3.822416942966811e-05
872.0 0.00023468928702641279
873.0 0.0002494779209882836
874.0 0.0002642665094754193
875.0 0.00025898546027747216
876.0 0.000253704411079525
877.0 1.598082343540197e-10
878.0 1.598082343540197e-10
879.0 9.273261980524694e-06
880.0 0.0004892639026365941
881.0 0.00023294924176298082
882.0 1.598082343540197e-10
883.0 0.00010428387895444757
884.0 0.00023193322249426274
885.0 7.075225880726066e-05
886.0 1.598082343540197e-10
887.0 6.702822474835557e-05
888.0 0.00022448516574513633
889.0 0.00011268519983786973
890.0 8.852751420818095e-07
891.0 9.09549953576061e-05
892.0 0.00018102471130987396
893.0 0.00022828771761851385
894.0 0.0002755507011897862
895.0 2.39977168803307e-05
896.0 1.598082343540197e-10
897.0 1.598082343540197e-10
898.0 1.598082343540197e-10
