lsstCam/transmission_filter_detector/r11_s21/i_39/19700101T000000.ecsv
# %ECSV 1.0
# ---
# datatype:
# - {name: wavelength, unit: nm, datatype: float32}
# - {name: efficiency, unit: '%', datatype: float64}
# meta: !!omap
# - {MODE: DETECTOR}
# - {TYPE: transmission_filter_detector}
# - {CALIBDATE: '1970-01-01T00:00:00'}
# - {INSTRUME: LSSTCam}
# - {OBSTYPE: transmission_filter_detector}
# - {CALIBCLS: lsst.ip.isr.IntermediateFilterDetectorTransmissionCurve}
# - {SOURCE: Materion (DM-46256)}
# - {DETECTOR: 43}
# - {FILTER: i_39}
# - {CALIB_ID: 'calibDate=1970-01-01T00:00:00 filter=i_39 detector=43'}
# - {DATE: '2025-04-02T15:59:46.678493'}
# - {CALIB_CREATION_DATE: '2025-04-02'}
# - {CALIB_CREATION_TIME: '15:59:46'}
# - __serialized_columns__:
#     efficiency:
#       __class__: astropy.units.quantity.Quantity
#       unit: !astropy.units.Unit {unit: '%'}
#       value: !astropy.table.SerializedColumn {name: efficiency}
#     wavelength:
#       __class__: astropy.units.quantity.Quantity
#       unit: !astropy.units.Unit {unit: nm}
#       value: !astropy.table.SerializedColumn {name: wavelength}
# schema: astropy-2.0
wavelength efficiency
[from data line 600]
900.0 1.598082343540197e-10
901.0 1.598082343540197e-10
902.0 1.598082343540197e-10
903.0 1.598082343540197e-10
904.0 1.598082343540197e-10
905.0 1.598082343540197e-10
906.0 1.598082343540197e-10
907.0 0.00015062679494803888
908.0 0.00035969019336334895
909.0 6.898924880260893e-05
910.0 1.598082343540197e-10
911.0 1.598082343540197e-10
912.0 0.00014736930324943387
913.0 0.0001171513531517121
914.0 8.69334144226741e-05
915.0 1.598082343540197e-10
916.0 1.598082343540197e-10
917.0 1.598082343540197e-10
918.0 1.598082343540197e-10
919.0 1.598082343540197e-10
920.0 5.853989932802506e-05
921.0 7.237511479019076e-07
922.0 1.598082343540197e-10
923.0 1.598082343540197e-10
924.0 1.598082343540197e-10
925.0 0.00015610960417689057
926.0 0.00035614523312688107
927.0 4.7309052320088085e-05
928.0 1.598082343540197e-10
929.0 1.2225795842368825e-05
930.0 0.00028597869459190406
931.0 0.0002281359456901555
932.0 0.0001702931740510394
933.0 0.00014295253549789777
934.0 0.0001156119196821237
935.0 1.598082343540197e-10
936.0 1.598082343540197e-10
937.0 1.598082343540197e-10
938.0 1.598082343540197e-10
939.0 1.598082343540197e-10
940.0 1.598082343540197e-10
941.0 1.598082343540197e-10
942.0 1.598082343540197e-10
943.0 1.598082343540197e-10
944.0 1.598082343540197e-10
945.0 1.598082343540197e-10
946.0 1.598082343540197e-10
947.0 1.598082343540197e-10
948.0 1.598082343540197e-10
949.0 1.598082343540197e-10
950.0 1.598082343540197e-10
951.0 1.598082343540197e-10
952.0 1.598082343540197e-10
953.0 1.598082343540197e-10
954.0 1.598082343540197e-10
955.0 8.306769245791656e-05
956.0 0.00023508121103077428
957.0 0.00017199557760250173
958.0 0.0001089098873308103
959.0 9.075988032236637e-05
960.0 7.260988468260621e-05
961.0 0.00010437809123686748
962.0 0.00013614630915981252
963.0 4.627919452104834e-05
964.0 1.598082343540197e-10
965.0 1.598082343540197e-10
966.0 1.598082343540197e-10
967.0 1.598082343540197e-10
968.0 1.598082343540197e-10
969.0 1.598082343540197e-10
970.0 1.598082343540197e-10
971.0 1.598082343540197e-10
972.0 1.598082343540197e-10
973.0 1.598082343540197e-10
974.0 1.598082343540197e-10
975.0 1.598082343540197e-10
976.0 1.598082343540197e-10
977.0 1.598082343540197e-10
978.0 1.598082343540197e-10
979.0 1.598082343540197e-10
980.0 1.598082343540197e-10
981.0 1.598082343540197e-10
982.0 1.598082343540197e-10
983.0 1.598082343540197e-10
984.0 1.598082343540197e-10
985.0 2.1726613397277106e-05
986.0 0.00018951570837089093
987.0 1.598082343540197e-10
988.0 1.598082343540197e-10
989.0 1.598082343540197e-10
990.0 1.598082343540197e-10
991.0 1.598082343540197e-10
992.0 1.598082343540197e-10
993.0 1.598082343540197e-10
994.0 1.598082343540197e-10
995.0 1.598082343540197e-10
996.0 1.598082343540197e-10
997.0 5.977855721539527e-05
998.0 0.0002947318762380746
999.0 0.0003058341462747194
1000.0 0.00031693630262452643
1001.0 0.00015521652585448464
1002.0 1.598082343540197e-10
1003.0 3.267385295657732e-05
1004.0 7.185108188423328e-05
1005.0 1.598082343540197e-10
1006.0 1.598082343540197e-10
1007.0 1.1717801129407235e-05
1008.0 0.00015817691974007175
1009.0 9.362733521811606e-05
1010.0 2.9077693852741504e-05
1011.0 0.0001346785893474589
1012.0 0.00024027947347349254
1013.0 0.00038435973692685366
1014.0 0.0005284400685923174
1015.0 0.00043920267671637703
1016.0 0.00034996533031517174
1017.0 0.00042655137804104015
1018.0 0.0005031376076658489
1019.0 0.0004087640718353214
1020.0 0.00031439039958058856
1021.0 0.00019915673874493223
1022.0 8.392302675019891e-05
1023.0 0.0005282739493850386
1024.0 0.0009726250027597416
1025.0 0.000691508648742456
1026.0 0.00041039229472517036
1027.0 0.00041936687011912
1028.0 0.00042834144551306963
1029.0 0.0007481570264644688
1030.0 0.0010679725164663978
1031.0 0.001760953091434203
1032.0 0.0024539333026041277
1033.0 0.0025169551008730195
1034.0 0.00257997617154615
1035.0 0.003173480581608601
1036.0 0.0037669844459742308
1037.0 0.0037425244954647496
1038.0 0.0037180645449552685
1039.0 0.0032516774808755144
1040.0 0.0027852909624925815
1041.0 0.0023257385691977106
1042.0 0.0018661861759028398
1043.0 0.00275913280347595
1044.0 0.0036520792491501197
1045.0 0.003584791556932032
1046.0 0.003517504228511825
1047.0 0.003011677290487569
1048.0 0.002505850534362253
1049.0 0.0022654256099485792
1050.0 0.0020250006855349056
1051.0 0.0020653806132031605
1052.0 0.002105760904669296
1053.0 0.0012783937563654035
1054.0 0.0004510264716373058
1055.0 0.000662045567878522
1056.0 0.0008730646186450031
1057.0 0.0007193531473603798
1058.0 0.0005656418579746969
1059.0 0.0007445700703101465
1060.0 0.0009234986464434769
1061.0 0.0016548394341953099
1062.0 0.0023861799490987323
1063.0 0.002637922443682328
1064.0 0.002889664756366983
1065.0 0.003453420868027024
1066.0 0.004017177343484946
1067.0 0.004373726915218867
1068.0 0.00473027685075067
1069.0 0.003996306986664422
1070.0 0.003262336758780293
1071.0 0.003301222386653535
1072.0 0.0033401072869310156
1073.0 0.0032221811125054955
1074.0 0.003104254574282095
1075.0 0.003396782631170936
1076.0 0.0036893103242618963
1077.0 0.0026838537451112643
1078.0 0.0016783968021627516
1079.0 0.001990467353607528
1080.0 0.0023025379050523043
1081.0 0.001374490875605261
1082.0 0.00044644375520874746
1083.0 0.00014505775425277534
1084.0 1.598082343540197e-10
1085.0 0.0004939664449921111
1086.0 0.0011442615686974023
1087.0 0.0008183965292118955
1088.0 0.000492531580675859
1089.0 1.598082343540197e-10
1090.0 1.598082343540197e-10
1091.0 1.598082343540197e-10
1092.0 1.598082343540197e-10
1093.0 1.598082343540197e-10
1094.0 1.598082343540197e-10
1095.0 0.0002457664550092886
1096.0 0.0005102475370222237
1097.0 1.598082343540197e-10
1098.0 1.598082343540197e-10
1099.0 1.598082343540197e-10
1100.0 1.598082343540197e-10
