lsstCam/transmission_filter_detector/r34_s00/y_10/19700101T000000.ecsv
# %ECSV 1.0
# ---
# datatype:
# - {name: wavelength, unit: nm, datatype: float32}
# - {name: efficiency, unit: '%', datatype: float64}
# meta: !!omap
# - {MODE: DETECTOR}
# - {TYPE: transmission_filter_detector}
# - {CALIBDATE: '1970-01-01T00:00:00'}
# - {INSTRUME: LSSTCam}
# - {OBSTYPE: transmission_filter_detector}
# - {CALIBCLS: lsst.ip.isr.IntermediateFilterDetectorTransmissionCurve}
# - {SOURCE: Materion (DM-46256)}
# - {DETECTOR: 153}
# - {FILTER: y_10}
# - {CALIB_ID: 'calibDate=1970-01-01T00:00:00 filter=y_10 detector=153'}
# - {DATE: '2025-04-02T15:59:51.452672'}
# - {CALIB_CREATION_DATE: '2025-04-02'}
# - {CALIB_CREATION_TIME: '15:59:51'}
# - __serialized_columns__:
#     efficiency:
#       __class__: astropy.units.quantity.Quantity
#       unit: !astropy.units.Unit {unit: '%'}
#       value: !astropy.table.SerializedColumn {name: efficiency}
#     wavelength:
#       __class__: astropy.units.quantity.Quantity
#       unit: !astropy.units.Unit {unit: nm}
#       value: !astropy.table.SerializedColumn {name: wavelength}
# schema: astropy-2.0
wavelength efficiency
[from data line 578]
878.0 0.0022737593099009246
879.0 0.001823539423639886
880.0 0.06817645044066012
881.0 0.09130732505582273
882.0 0.06975450669415295
883.0 0.08202891331166029
884.0 0.06790552288293839
885.0 0.09287787834182382
886.0 0.05802934756502509
887.0 0.10680045234039426
888.0 0.06948951631784439
889.0 0.09086145437322557
890.0 0.06762713310308754
891.0 0.1014231238514185
892.0 0.07037979084998369
893.0 0.11080338153988123
894.0 0.07012953865341842
895.0 0.09640702628530562
896.0 0.06996438605710864
897.0 0.1072381273843348
898.0 0.07680486305616796
899.0 0.12778890086337924
900.0 0.09690322913229465
901.0 0.1354983076453209
902.0 0.15586644876748323
903.0 0.16662172274664044
904.0 0.1906928955577314
905.0 0.23366468958556652
906.0 0.27087656781077385
907.0 0.3525026608258486
908.0 0.46206978149712086
909.0 0.6097869481891394
910.0 0.8624139241874218
911.0 1.2254283763468266
912.0 1.7933618277311325
913.0 2.6833923533558846
914.0 3.7583451718091965
915.0 5.363065749406815
916.0 7.343167066574097
917.0 9.569389373064041
918.0 12.142851203680038
919.0 14.634981751441956
920.0 17.999805510044098
921.0 21.403852105140686
922.0 24.803344905376434
923.0 28.805619478225708
924.0 33.187028765678406
925.0 38.07998299598694
926.0 44.02610957622528
927.0 50.49506425857544
928.0 56.346821784973145
929.0 62.731367349624634
930.0 68.47594976425171
931.0 74.26528930664062
932.0 79.63212728500366
933.0 84.3783974647522
934.0 87.92175054550171
935.0 90.5921220779419
936.0 92.65320301055908
937.0 94.1687285900116
938.0 95.17359733581543
939.0 95.72514295578003
940.0 96.15958333015442
941.0 96.37742042541504
942.0 96.67649269104004
943.0 96.81457281112671
944.0 97.11440801620483
945.0 97.11143374443054
946.0 97.19347953796387
947.0 97.24602103233337
948.0 97.32326865196228
949.0 97.2195565700531
950.0 97.37669229507446
951.0 97.37744927406311
952.0 97.46205806732178
953.0 97.62036204338074
954.0 97.7177381515503
955.0 97.80465960502625
956.0 97.98117280006409
957.0 98.16993474960327
958.0 98.35540652275085
959.0 98.45088720321655
960.0 98.57264757156372
961.0 98.69434237480164
962.0 98.69917035102844
963.0 98.74868392944336
964.0 98.8224983215332
965.0 98.82619380950928
966.0 98.87944459915161
967.0 98.96149039268494
968.0 98.94270300865173
969.0 98.93100261688232
970.0 98.97533059120178
971.0 99.02377724647522
972.0 99.07331466674805
973.0 99.1592288017273
974.0 99.17466640472412
975.0 99.14249777793884
976.0 99.20819401741028
977.0 99.16755557060242
978.0 99.24885630607605
979.0 99.18782114982605
980.0 99.16079044342041
981.0 99.1017758846283
982.0 99.03531670570374
983.0 99.08422827720642
984.0 99.00911450386047
985.0 99.00650382041931
986.0 98.91549348831177
987.0 98.95427227020264
988.0 98.82922768592834
989.0 98.85164499282837
990.0 98.78620505332947
991.0 98.81666302680969
992.0 98.85312914848328
993.0 98.8253116607666
994.0 98.81556034088135
995.0 98.86631965637207
996.0 98.81763458251953
997.0 98.94818663597107
998.0 98.96180629730225
999.0 98.99890422821045
1000.0 99.05575513839722
1001.0 99.00485873222351
1002.0 99.12481307983398
1003.0 99.15707111358643
1004.0 99.22881126403809
1005.0 99.16764497756958
1006.0 99.29766058921814
1007.0 99.29981231689453
1008.0 99.23408627510071
1009.0 99.1980791091919
1010.0 99.22563433647156
1011.0 99.24262762069702
1012.0 99.13466572761536
1013.0 99.14554357528687
1014.0 99.12158846855164
1015.0 99.07112121582031
1016.0 99.08395409584045
1017.0 99.09532070159912
1018.0 99.0924596786499
1019.0 99.0312397480011
1020.0 99.08697009086609
1021.0 99.23824071884155
1022.0 99.13709759712219
1023.0 99.11805987358093
1024.0 99.10698533058167
1025.0 99.10471439361572
1026.0 99.15103316307068
1027.0 99.21982288360596
1028.0 99.21329617500305
1029.0 99.24676418304443
1030.0 99.32788610458374
1031.0 99.25188422203064
1032.0 99.32804703712463
1033.0 99.25537109375
1034.0 99.2826759815216
1035.0 99.36776757240295
1036.0 99.30815696716309
1037.0 99.28272366523743
1038.0 99.24279451370239
1039.0 99.24490451812744
1040.0 99.15586709976196
1041.0 99.18326735496521
1042.0 99.19536709785461
1043.0 99.10032153129578
1044.0 99.21168088912964
1045.0 98.90150427818298
1046.0 99.14185404777527
1047.0 98.97786974906921
1048.0 99.02180433273315
1049.0 98.94821047782898
1050.0 98.99741411209106
1051.0 98.97297620773315
1052.0 98.94851446151733
1053.0 98.88812899589539
1054.0 99.08741116523743
1055.0 99.18674230575562
1056.0 99.06161427497864
1057.0 99.1116464138031
1058.0 98.91065955162048
1059.0 98.97335171699524
1060.0 98.99899959564209
1061.0 99.01776909828186
1062.0 99.10629391670227
1063.0 99.00932312011719
1064.0 99.17954802513123
1065.0 99.02902245521545
1066.0 99.06179308891296
1067.0 99.23670887947083
1068.0 99.07350540161133
1069.0 98.93316626548767
1070.0 99.22711849212646
1071.0 98.95718097686768
1072.0 99.10974502563477
1073.0 99.29498434066772
1074.0 98.95151853561401
1075.0 98.83279800415039
1076.0 98.63288402557373
1077.0 98.96408319473267
1078.0 99.20505285263062
1079.0 98.74158501625061
1080.0 99.42016005516052
1081.0 98.90714883804321
1082.0 98.75789284706116
1083.0 98.77560138702393
1084.0 98.95282983779907
1085.0 99.00853633880615
1086.0 98.82703423500061
1087.0 98.85446429252625
1088.0 98.68762493133545
1089.0 98.56092929840088
1090.0 98.88351559638977
1091.0 98.72799515724182
1092.0 98.7197995185852
1093.0 98.79297018051147
1094.0 98.65280985832214
1095.0 98.4476089477539
1096.0 98.62253069877625
1097.0 98.3001708984375
1098.0 97.85664677619934
1099.0 98.78721237182617
1100.0 98.42883944511414
