lsstCam/transmission_filter_detector/r34_s00/y_10/19700101T000000.ecsv
# %ECSV 1.0
# ---
# datatype:
# - {name: wavelength, unit: nm, datatype: float32}
# - {name: efficiency, unit: '%', datatype: float64}
# meta: !!omap
# - {MODE: DETECTOR}
# - {TYPE: transmission_filter_detector}
# - {CALIBDATE: '1970-01-01T00:00:00'}
# - {INSTRUME: LSSTCam}
# - {OBSTYPE: transmission_filter_detector}
# - {CALIBCLS: lsst.ip.isr.IntermediateFilterDetectorTransmissionCurve}
# - {SOURCE: Materion (DM-46256)}
# - {DETECTOR: 153}
# - {FILTER: y_10}
# - {CALIB_ID: 'calibDate=1970-01-01T00:00:00 filter=y_10 detector=153'}
# - {DATE: '2025-04-02T15:59:51.452672'}
# - {CALIB_CREATION_DATE: '2025-04-02'}
# - {CALIB_CREATION_TIME: '15:59:51'}
# - __serialized_columns__:
#     efficiency:
#       __class__: astropy.units.quantity.Quantity
#       unit: !astropy.units.Unit {unit: '%'}
#       value: !astropy.table.SerializedColumn {name: efficiency}
#     wavelength:
#       __class__: astropy.units.quantity.Quantity
#       unit: !astropy.units.Unit {unit: nm}
#       value: !astropy.table.SerializedColumn {name: wavelength}
# schema: astropy-2.0
wavelength efficiency
300.0 0.018556462600827217
301.0 0.01800893514882773
302.0 0.017461406241636723
303.0 0.016608367150183767
304.0 0.015755326603539288
305.0 0.01330746163148433
306.0 0.010859593021450564
307.0 0.011267750960541889
308.0 0.011675909627228975
309.0 0.009307137224823236
310.0 0.006938368460396305
311.0 0.00508050034113694
312.0 0.003222633313271217
313.0 0.004224760050419718
314.0 0.0052268871513661
315.0 0.003294591442681849
316.0 0.001362295552098658
317.0 0.0028462556656450033
318.0 0.004330215597292408
319.0 0.002806612246786244
320.0 0.00128300889628008
321.0 0.0012381272426864598
322.0 0.0011932456800423097
323.0 0.003099925015703775
324.0 0.005006603532820009
325.0 0.0031464478524867445
326.0 0.0012862921721534804
327.0 0.0020451083400985226
328.0 0.002803923962346744
329.0 0.0030934126698412
330.0 0.0033829008316388354
331.0 0.002615838275232818
332.0 0.001848775900725741
333.0 0.0025484203433734365
334.0 0.0032480649679200724
335.0 0.0030013707146281376
336.0 0.0027546762794372626
337.0 0.0023849166609579697
338.0 0.0020151574062765576
339.0 0.0017227686839760281
340.0 0.0014303798707260285
341.0 0.0012966986105311662
342.0 0.0011630171684373636
343.0 0.0011608375643845648
344.0 0.0011586578693822958
345.0 0.0011224597983527929
346.0 0.0010862616363738198
347.0 0.0012585765034600627
348.0 0.0014308914614957757
349.0 0.0010495785318198614
350.0 0.000668265602143947
351.0 0.0010713662049965933
352.0 0.0014744668987987097
353.0 0.0013928106454841327
354.0 0.0013111543012200855
355.0 0.001506484841229394
356.0 0.0017018151993397623
357.0 0.0016438249076600187
358.0 0.0015858347978792153
359.0 0.0012489187611208763
360.0 0.0009120028153120074
361.0 0.0007966376870172098
362.0 0.000681272467772942
363.0 0.0008590386642026715
364.0 0.0010368049515818711
365.0 0.0012362032975943293
366.0 0.001435601916455198
367.0 0.0017122731151175685
368.0 0.0019889439499820583
369.0 0.0015980296666384675
370.0 0.0012071154742443468
371.0 0.0012786346815119032
372.0 0.0013501540706783999
373.0 0.00167814469023142
374.0 0.00200613503693603
375.0 0.0029180338970036246
376.0 0.0038299327570712194
377.0 0.00400053286284674
378.0 0.00417113296862226
379.0 0.0037902213080087677
380.0 0.0034093100111931562
381.0 0.002633298390719574
382.0 0.0018572867702459916
383.0 0.0014127710528555326
384.0 0.0009682553354650736
385.0 0.0008212078682845458
386.0 0.0006741604920534883
387.0 0.0006185719030327164
388.0 0.0005629833594866795
389.0 0.0006230548478924902
390.0 0.0006831263362983009
391.0 0.0006082009804231348
392.0 0.0005332755790732335
393.0 0.0006118943929322995
394.0 0.0006905131158418953
395.0 0.0006332867542369058
396.0 0.0005760603926319163
397.0 0.0007544355412392179
398.0 0.0009328106898465194
399.0 0.001009691277431557
400.0 0.0010865717740671244
401.0 0.0013518273590307217
402.0 0.0016170830349437892
403.0 0.001749991497490555
404.0 0.0018828999600373209
405.0 0.0018451686628395692
406.0 0.0018074373656418175
407.0 0.0017024343833327293
408.0 0.0015974312191247009
409.0 0.001326172332483111
410.0 0.001054913445841521
411.0 0.0012295023225306068
412.0 0.0014040911082702223
413.0 0.0011088140126958024
414.0 0.000813537189969793
415.0 0.0007339012881857343
416.0 0.0006542653409269406
417.0 0.0003143476988043403
418.0 1.609347095692104e-10
419.0 1.609347095692104e-10
420.0 1.609347095692104e-10
421.0 6.202693612067378e-05
422.0 0.0004204443030175753
423.0 0.0007443451522703981
424.0 0.001068246001523221
425.0 0.0003496425733828801
426.0 1.609347095692104e-10
427.0 0.00015908810837572673
428.0 0.0006871370715089142
429.0 0.0001424547463102499
430.0 1.609347095692104e-10
431.0 1.609347095692104e-10
432.0 1.609347095692104e-10
433.0 1.609347095692104e-10
434.0 1.609347095692104e-10
435.0 1.609347095692104e-10
436.0 0.0003024375018867431
437.0 0.0001566117020956881
438.0 1.0785991122475025e-05
439.0 0.00015528787571383873
440.0 0.0002997897354362067
441.0 0.0001606516548235959
442.0 2.151366800262622e-05
443.0 5.566955678659724e-05
444.0 8.982527219814074e-05
445.0 0.00019570304630178725
446.0 0.00030158082608977566
447.0 0.000574564865019056
448.0 0.0008475490176351741
449.0 0.0002601486357889371
450.0 1.609347095692104e-10
451.0 1.609347095692104e-10
452.0 0.00020215090899000643
453.0 1.609347095692104e-10
454.0 1.609347095692104e-10
455.0 0.00017331198023384786
456.0 0.000710465201336774
457.0 0.0003110221314273076
458.0 1.609347095692104e-10
459.0 1.609347095692104e-10
460.0 1.609347095692104e-10
461.0 0.00015333462215494365
462.0 0.00043775944504886866
463.0 0.0005880244316358585
464.0 0.0007382894636975834
465.0 0.0007381313025689451
466.0 0.0007379731869150419
467.0 0.0010394754099252168
468.0 0.0013409775419859216
469.0 0.001604444878466893
470.0 0.0018679125787457451
471.0 0.0020592149667209014
472.0 0.0022505171727971174
473.0 0.0023753118512104265
474.0 0.0025001063477247953
475.0 0.0028428034056560136
476.0 0.003185500463587232
477.0 0.0030074681490077637
478.0 0.0028294358344282955
479.0 0.0031324325391324237
480.0 0.0034354296076344326
481.0 0.003990066397818737
482.0 0.004544703188003041
483.0 0.004263167647877708
484.0 0.003981631743954495
485.0 0.003715443381224759
486.0 0.0034492550184950233
487.0 0.003109735553152859
488.0 0.0027702162697096355
489.0 0.002481495357642416
490.0 0.002192774263676256
491.0 0.0018434428056934848
492.0 0.0014941116205591243
493.0 0.0015214531231322326
494.0 0.0015487943528569303
495.0 0.0016872128981049173
496.0 0.0018256312614539638
497.0 0.001854364927567076
498.0 0.001883098593680188
499.0 0.0020631921870517544
500.0 0.002243285962322261
501.0 0.002632900941534899
502.0 0.0030225161026464775
503.0 0.002950659836642444
504.0 0.0028788033887394704
505.0 0.002716141170822084
506.0 0.002553479134803638
507.0 0.00240036806644639
508.0 0.0022472571799880825
509.0 0.002007259536185302
510.0 0.0017672617104835808
511.0 0.001657661414355971
512.0 0.001548061118228361
513.0 0.002059779581031762
514.0 0.002571498043835163
515.0 0.001920186696224846
516.0 0.0012688753486145288
517.0 0.001401591180183459
518.0 0.0015343071936513297
519.0 0.0013176199900044594
520.0 0.0011009328773070592
521.0 0.0014001293493492994
522.0 0.0016993257304420695
523.0 0.0018781323888106272
524.0 0.0020569388652802445
525.0 0.002288728137500584
526.0 0.0025205172278219834
527.0 0.0023424216124112718
528.0 0.00216432599700056
529.0 0.0021841156922164373
530.0 0.0022039053874323145
531.0 0.002123536978615448
532.0 0.0020431687516975217
533.0 0.001988328222068958
534.0 0.001933487510541454
535.0 0.001757029167492874
536.0 0.001580570824444294
537.0 0.0019445380530669354
538.0 0.002308505463588517
539.0 0.0026923786208499223
540.0 0.003076251960010268
541.0 0.003475965786492452
542.0 0.0038756792491767555
543.0 0.004255615931469947
544.0 0.004635552249965258
545.0 0.00493973093398381
546.0 0.005243909254204482
547.0 0.004658964462578297
548.0 0.0040740196709521115
549.0 0.0032817075407365337
550.0 0.002489395046723075
551.0 0.0025415345589863136
552.0 0.0025936742531484924
553.0 0.002755687091848813
554.0 0.002917700112448074
555.0 0.0035353030398255214
556.0 0.004152905603405088
557.0 0.004066785186296329
558.0 0.003980664405389689
559.0 0.003844125967589207
560.0 0.003707587893586606
561.0 0.003774082870222628
562.0 0.003840578210656531
563.0 0.0035502460377756506
564.0 0.003259914956288412
565.0 0.00351019662048202
566.0 0.003760478284675628
567.0 0.003979596294811927
568.0 0.004198714304948226
569.0 0.00488612859044224
570.0 0.005573542875936255
571.0 0.006057822247385047
572.0 0.00654210161883384
573.0 0.006663805834250525
574.0 0.006785509322071448
575.0 0.006658623897237703
576.0 0.006531737744808197
577.0 0.006091823524911888
578.0 0.005651909305015579
579.0 0.005715799125027843
580.0 0.005779688945040107
581.0 0.006632912118220702
582.0 0.007486135291401297
583.0 0.008366933616343886
584.0 0.009247732668882236
585.0 0.009466249321121722
586.0 0.009684765973361209
587.0 0.010138262587133795
588.0 0.010591761383693665
589.0 0.010778733849292621
590.0 0.010965709225274622
591.0 0.010202930570812896
592.0 0.009440150461159647
593.0 0.008103765867417678
594.0 0.006767382001271471
595.0 0.006151494017103687
596.0 0.005535606760531664
597.0 0.005877709554624744
598.0 0.006219811621122062
599.0 0.007049969281069934
600.0 0.007880125485826284
601.0 0.008803710079519078
602.0 0.00972729321802035
603.0 0.010159601515624672
604.0 0.010591910540824756
605.0 0.010831938561750576
606.0 0.011071965127484873
607.0 0.009855770622380078
608.0 0.00863957466208376
609.0 0.007059594645397738
610.0 0.005479614992509596
611.0 0.0045304695959202945
612.0 0.0035813245631288737
613.0 0.0036436598747968674
614.0 0.0037059948226669803
615.0 0.004548479773802683
616.0 0.005390963997342624
617.0 0.006657489575445652
618.0 0.007924013334559277
619.0 0.009107818186748773
620.0 0.010291621583746746
621.0 0.010733668023021892
622.0 0.011175713734701276
623.0 0.011651506065391004
624.0 0.01212729694088921
625.0 0.010962253145407885
626.0 0.009797209349926561
627.0 0.007987339631654322
628.0 0.006177472096169367
629.0 0.004914049713988788
630.0 0.00365062769560609
631.0 0.0030660852644359693
632.0 0.002481543197063729
633.0 0.0026262978281010874
634.0 0.002771052277239505
635.0 0.0030882511055096984
636.0 0.0034054497518809512
637.0 0.003683266186271794
638.0 0.003961082620662637
639.0 0.004397916927700862
640.0 0.0048347512347390875
641.0 0.0051466733566485345
642.0 0.005458595114760101
643.0 0.0057576020481064916
644.0 0.006056608981452882
645.0 0.005478285311255604
646.0 0.0048999620048562065
647.0 0.0041225157474400476
648.0 0.0033450698538217694
649.0 0.0026093270207638852
650.0 0.0018735840058070607
651.0 0.0016557007256778888
652.0 0.0014378172636497766
653.0 0.001414106009178795
654.0 0.0013903947547078133
655.0 0.001221904494741466
656.0 0.0010534140528761782
657.0 0.0012104563211323693
658.0 0.0013674986803380307
659.0 0.0015305682609323412
660.0 0.0016936381143750623
661.0 0.0018350316167925484
662.0 0.001976425301108975
663.0 0.0019638115190900862
664.0 0.0019511979189701378
665.0 0.002629893606354017
666.0 0.003308589293737896
667.0 0.003951828330173157
668.0 0.004595067730406299
669.0 0.005182524910196662
670.0 0.005769981726189144
671.0 0.0063896935898810625
672.0 0.0070094050897751
673.0 0.007410840771626681
674.0 0.007812277181074023
675.0 0.007853589340811595
676.0 0.007894900772953406
677.0 0.006516408029710874
678.0 0.005137913831276819
679.0 0.003580435804906301
680.0 0.0020229574147379026
681.0 0.0013187507647671737
682.0 0.0006145444785943255
683.0 0.0005833176601299783
684.0 0.0005520908871403662
685.0 0.00037844552025489975
686.0 0.00020480006241996307
687.0 0.00022288131731329486
688.0 0.0002409625494692591
689.0 0.00016869759065230028
690.0 9.643260909797391e-05
691.0 9.076213132175326e-05
692.0 8.509159670211375e-05
693.0 0.00028718211524392245
694.0 0.0004892727247352013
695.0 0.0004066720066475682
696.0 0.00032407133403467014
697.0 0.00029515767892007716
698.0 0.0002662440920175868
699.0 0.00014346072703119717
700.0 2.0677529732893163e-05
701.0 0.00010482818879609113
702.0 0.00018897883364843437
703.0 3.1050603865878657e-05
704.0 1.609347095692104e-10
705.0 3.7714445966230414e-05
706.0 0.0002023064325840096
707.0 0.0003269740773248486
708.0 0.0004516416993283201
709.0 0.0005848623914062046
710.0 0.0007180831744335592
711.0 0.0006143341579445405
712.0 0.0005105850959807867
713.0 0.0002534402256060275
714.0 1.609347095692104e-10
715.0 9.526342523713538e-05
716.0 0.00019423141566221602
717.0 0.00012691050415014615
718.0 5.9589547163341194e-05
719.0 0.00030945875550969504
720.0 0.0005593280548055191
721.0 0.0005709866854886059
722.0 0.0005826453616464278
723.0 0.000449868230134598
724.0 0.00031709107588540064
725.0 0.0001390869442730036
726.0 1.609347095692104e-10
727.0 0.0001360053033749864
728.0 0.0003109278395641013
729.0 0.0003417723974052933
730.0 0.0003726169097717502
731.0 0.00027256019166088663
732.0 0.00017250359860554454
733.0 0.0003086618107772665
734.0 0.0004448201707418775
735.0 0.00037738168430223595
736.0 0.0003099432433373295
737.0 8.662773325340822e-05
738.0 1.609347095692104e-10
739.0 5.985092457194696e-05
740.0 0.0002563896032370394
741.0 0.00037344782413128996
742.0 0.0004905060450255405
743.0 0.00035891680454369634
744.0 0.000227327473112382
745.0 0.00029117702524672495
746.0 0.0003550264636942302
747.0 0.00037736069771199254
748.0 0.00039969486351765227
749.0 0.00027735213734558783
750.0 0.00015500943391089095
751.0 0.00047953126340871677
752.0 0.000804053070169175
753.0 0.000593708136875648
754.0 0.0003833631126326509
755.0 0.0003844100319838617
756.0 0.0003854569968098076
757.0 0.0002628407628435525
758.0 0.00014022458572071628
759.0 0.00025689378162496723
760.0 0.0003735629661605344
761.0 0.0005398449502536096
762.0 0.0007061269116093172
763.0 0.0006666398348897928
764.0 0.0006271526217460632
765.0 0.0004732388333650306
766.0 0.00031932504498399794
767.0 0.00044045791582902893
768.0 0.0005615908776235301
769.0 0.0004887223894911585
770.0 0.0004158538104093168
771.0 0.0005744724148826208
772.0 0.0007330909738811897
773.0 0.0006225296147022163
774.0 0.000511968255523243
775.0 0.0003416172148718033
776.0 0.00017126625380115001
777.0 0.00014489810382656287
778.0 0.00011852995385197573
779.0 0.000555038377569872
780.0 0.000991546858131187
781.0 0.0008428872206422966
782.0 0.000694227492203936
783.0 0.0006506724275823217
784.0 0.0006071174084354425
785.0 0.0006341730113490485
786.0 0.0006612285233131843
787.0 0.0004950672519044019
788.0 0.0003289059350208845
789.0 0.00019315111785545014
790.0 5.739624384659692e-05
791.0 0.00038376265365513973
792.0 0.0007101290520949988
793.0 0.0007925842510303482
794.0 0.0008750394044909626
795.0 0.0008566710675950162
796.0 0.0008383027306990698
797.0 0.0007903647201601416
798.0 0.0007424266641464783
799.0 0.00039126448427850846
800.0 4.0102284515342035e-05
801.0 0.00036453250231716083
802.0 0.0006889628821227234
803.0 0.0008095757038972806
804.0 0.000930188616621308
805.0 0.0007762924724374898
806.0 0.0006223961463547312
807.0 0.00022716633338859538
808.0 1.609347095692104e-10
809.0 0.00023301286091736984
810.0 0.0006340894287859555
811.0 0.0007249615919135977
812.0 0.0008158337550412398
813.0 0.0008624268048151862
814.0 0.0009090197636396624
815.0 0.0007656456546101253
816.0 0.0006222715001058532
817.0 0.0007578574241051683
818.0 0.0008934433026297484
819.0 0.0009143016541202087
820.0 0.0009351599146611989
821.0 0.0007728599484835286
822.0 0.0006105600277805934
823.0 0.0005500457064044895
824.0 0.0004895313850283856
825.0 0.0008760343916947022
826.0 0.001262537443835754
827.0 0.0010948814633593429
828.0 0.0009272253919334617
829.0 0.0007897236173448619
830.0 0.0006522218882309971
831.0 0.0006141866379039129
832.0 0.0005761515694757691
833.0 0.0006959135589568177
834.0 0.0008156754120136611
835.0 0.0007323925274249632
836.0 0.0006491093699878547
837.0 0.00041521598177496344
838.0 0.000181322650405491
839.0 0.0003515397338560433
840.0 0.0005217568741500145
841.0 0.0009167080861516297
842.0 0.00131165934362798
843.0 0.0011719082976924255
844.0 0.0010321572517568711
845.0 0.0009208573828800581
846.0 0.0008095575140032452
847.0 0.0009956804206012748
848.0 0.0011818034181487747
849.0 0.0008711683221918065
850.0 0.0005605329988611629
851.0 0.0008937466191127896
852.0 0.0012269601938896812
853.0 0.0010362777175032534
854.0 0.0008455953320662957
855.0 0.0008505606274411548
856.0 0.0008555259228160139
857.0 0.0009965635399566963
858.0 0.001137601248046849
859.0 0.0008594002792960964
860.0 0.000581199356020079
861.0 0.0010988262147293426
862.0 0.0016164531189133413
863.0 0.0017236467101611197
864.0 0.0018308401195099577
865.0 0.001975933446374256
866.0 0.002121026409440674
867.0 0.002418106305412948
868.0 0.002715186019486282
869.0 0.0027479893105919473
870.0 0.002780792419798672
871.0 0.0032348776585422456
872.0 0.0036889625334879383
873.0 0.0028969212507945485
874.0 0.0021048799681011587
875.0 0.001959243127203081
876.0 0.0018136061044060625
