lsstCam/transmission_filter_detector/r13_s02/i_39/19700101T000000.ecsv
# %ECSV 1.0
# ---
# datatype:
# - {name: wavelength, unit: nm, datatype: float32}
# - {name: efficiency, unit: '%', datatype: float64}
# meta: !!omap
# - {MODE: DETECTOR}
# - {TYPE: transmission_filter_detector}
# - {CALIBDATE: '1970-01-01T00:00:00'}
# - {INSTRUME: LSSTCam}
# - {OBSTYPE: transmission_filter_detector}
# - {CALIBCLS: lsst.ip.isr.IntermediateFilterDetectorTransmissionCurve}
# - {SOURCE: Materion (DM-46256)}
# - {DETECTOR: 56}
# - {FILTER: i_39}
# - {CALIB_ID: 'calibDate=1970-01-01T00:00:00 filter=i_39 detector=56'}
# - {DATE: '2025-04-02T15:59:46.738672'}
# - {CALIB_CREATION_DATE: '2025-04-02'}
# - {CALIB_CREATION_TIME: '15:59:46'}
# - __serialized_columns__:
#     efficiency:
#       __class__: astropy.units.quantity.Quantity
#       unit: !astropy.units.Unit {unit: '%'}
#       value: !astropy.table.SerializedColumn {name: efficiency}
#     wavelength:
#       __class__: astropy.units.quantity.Quantity
#       unit: !astropy.units.Unit {unit: nm}
#       value: !astropy.table.SerializedColumn {name: wavelength}
# schema: astropy-2.0
wavelength efficiency
300.0 0.07404781063087285
301.0 0.030080703436397016
302.0 1.623034063917561e-10
303.0 0.014801840006839484
304.0 0.04349004884716123
305.0 0.035991118056699634
306.0 0.02849219017662108
307.0 0.008929102477850392
308.0 1.623034063917561e-10
309.0 1.623034063917561e-10
310.0 1.623034063917561e-10
311.0 0.0017632395611144602
312.0 0.005142384179634973
313.0 0.004015471859020181
314.0 0.0028885575375170447
315.0 1.623034063917561e-10
316.0 1.623034063917561e-10
317.0 1.623034063917561e-10
318.0 1.623034063917561e-10
319.0 1.623034063917561e-10
320.0 1.623034063917561e-10
321.0 1.623034063917561e-10
322.0 0.0002510665581212379
323.0 1.623034063917561e-10
324.0 1.623034063917561e-10
325.0 1.623034063917561e-10
326.0 1.623034063917561e-10
327.0 1.623034063917561e-10
328.0 0.0031326017051469535
329.0 0.002371619120822288
330.0 0.0016106370821944438
331.0 0.00121544808280305
332.0 0.0008202599019568879
333.0 0.0012567922567541245
334.0 0.0016933248843997717
335.0 0.0008516747584508266
336.0 1.0025278385228376e-05
337.0 0.0013400070201896597
338.0 0.002669988498382736
339.0 0.002684155697352253
340.0 0.00269832307822071
341.0 1.623034063917561e-10
342.0 1.623034063917561e-10
343.0 1.623034063917561e-10
344.0 1.623034063917561e-10
345.0 1.623034063917561e-10
346.0 1.623034063917561e-10
347.0 1.623034063917561e-10
348.0 1.623034063917561e-10
349.0 1.623034063917561e-10
350.0 1.623034063917561e-10
351.0 1.623034063917561e-10
352.0 0.00024346704776689876
353.0 1.623034063917561e-10
354.0 1.623034063917561e-10
355.0 1.623034063917561e-10
356.0 1.623034063917561e-10
357.0 0.00040424529288429767
358.0 0.0010931956239801366
359.0 0.001223364051838871
360.0 0.0013535319340007845
361.0 0.0009933013643603772
362.0 0.0006330707492452348
363.0 0.00024920959731389303
364.0 1.623034063917561e-10
365.0 0.0011629687833192293
366.0 0.0024605891667306423
367.0 0.001626892844797112
368.0 0.000793196613813052
369.0 0.0010205914804828353
370.0 0.0012479866200010292
371.0 0.0010235006811853964
372.0 0.0007990149242687039
373.0 0.0009963411685021129
374.0 0.0011936673217860516
375.0 0.00018215703221358126
376.0 1.623034063917561e-10
377.0 1.623034063917561e-10
378.0 0.00022818085199105553
379.0 1.0059422805852591e-05
380.0 1.623034063917561e-10
381.0 1.623034063917561e-10
382.0 1.623034063917561e-10
383.0 0.00017159176195491455
384.0 0.0013680996744369622
385.0 0.0011276899385848083
386.0 0.0008872799298842438
387.0 1.623034063917561e-10
388.0 1.623034063917561e-10
389.0 1.623034063917561e-10
390.0 1.623034063917561e-10
391.0 1.623034063917561e-10
392.0 1.623034063917561e-10
393.0 1.623034063917561e-10
394.0 0.0007254384399857372
395.0 1.623034063917561e-10
396.0 1.623034063917561e-10
397.0 1.623034063917561e-10
398.0 1.623034063917561e-10
399.0 1.623034063917561e-10
400.0 1.623034063917561e-10
401.0 0.001665773379500024
402.0 0.0036673303839052096
403.0 0.0035201595892431214
404.0 0.0033729887945810333
405.0 0.00540090368303936
406.0 0.007428817480104044
407.0 0.0036282450309954584
408.0 1.623034063917561e-10
409.0 1.623034063917561e-10
410.0 6.457135555137938e-05
411.0 0.00220817128138151
412.0 0.004351771713118069
413.0 0.004821483526029624
414.0 0.005291196066536941
415.0 0.004758189970743842
416.0 0.0042251835111528635
417.0 0.0030334236726048402
418.0 0.0018416636521578766
419.0 0.0032966057915473357
420.0 0.004751547385239974
421.0 0.00411648434237577
422.0 0.0034814205719158053
423.0 0.0035884648241335526
424.0 0.0036955090763513
425.0 0.0028235897843842395
426.0 0.0019516697648214176
427.0 0.0034767606848618016
428.0 0.005001851968700066
429.0 0.005446263094199821
430.0 0.005890675311093219
431.0 0.004559915396384895
432.0 0.0032291558454744518
433.0 0.0036679357435787097
434.0 0.0041067156416829675
435.0 0.00315724391839467
436.0 0.0022077718313084915
437.0 0.001957663698703982
438.0 0.0017075557479984127
439.0 0.002140026663255412
440.0 0.0025724981242092326
441.0 0.0009769608368515037
442.0 1.623034063917561e-10
443.0 1.623034063917561e-10
444.0 1.623034063917561e-10
445.0 1.623034063917561e-10
446.0 1.623034063917561e-10
447.0 0.0003566741952454322
448.0 0.0007469287993444595
449.0 1.623034063917561e-10
450.0 1.623034063917561e-10
451.0 1.4605912213028205e-05
452.0 0.0009570015208737459
453.0 0.0017066655345843174
454.0 0.002456329639244359
455.0 0.002252141166536603
456.0 0.0020479528757277876
457.0 0.0014252532309910748
458.0 0.000802553586254362
459.0 0.0003689956429298036
460.0 1.623034063917561e-10
461.0 0.0002584027242846787
462.0 0.0005813677944388473
463.0 0.00015343784980359487
464.0 1.623034063917561e-10
465.0 0.00011267096624578699
466.0 0.000499834004585864
467.0 0.0005819279067509342
468.0 0.0006640218089160044
469.0 0.00039639739952690434
470.0 0.00012877302424385562
471.0 0.000582505936108646
472.0 0.0010362389730289578
473.0 0.001131552107835887
474.0 0.0012268654245417565
475.0 0.0007672773790545762
476.0 0.00030768972010264406
477.0 0.0009246504305338021
478.0 0.0015416113456012681
479.0 0.0013689910701941699
480.0 0.0011963708857365418
481.0 0.00248655560426414
482.0 0.003776738594751805
483.0 0.00514499879500363
484.0 0.006513258267659694
485.0 0.006717724318150431
486.0 0.006922191096236929
487.0 0.010273377847624943
488.0 0.013624563871417195
489.0 0.01676758110988885
490.0 0.01991059834836051
491.0 0.022005684149917215
492.0 0.02410076995147392
493.0 0.02629104710649699
494.0 0.028481322806328535
495.0 0.025816960260272026
496.0 0.02315259334864095
497.0 0.018883540178649127
498.0 0.014614485553465784
499.0 0.010358441795688123
500.0 0.006102398037910461
501.0 0.004461986100068316
502.0 0.002821574526024051
503.0 0.002460252471792046
504.0 0.0020989302356611006
505.0 0.0019154791516484693
506.0 0.0017320282495347783
507.0 0.0018037355403066613
508.0 0.001875442649179604
509.0 0.0020557112293317914
510.0 0.0022359796275850385
511.0 0.0017315078366664238
512.0 0.0012270360457478091
513.0 0.0015105472812138032
514.0 0.001794058334780857
515.0 0.0023865679395385087
516.0 0.0029790777261951007
517.0 0.0024810278773657046
518.0 0.001982978210435249
519.0 0.0020614394088624977
520.0 0.0021399006072897464
521.0 0.0017893846234073862
522.0 0.001438868639525026
523.0 0.001524769322713837
524.0 0.0016106703697005287
525.0 0.0020001754819531925
526.0 0.0023896807761047967
527.0 0.0024268174456665292
528.0 0.0024639544790261425
529.0 0.002090251655317843
530.0 0.001716548649710603
531.0 0.0017604648746782914
532.0 0.00180438128154492
533.0 0.0017431639207643457
534.0 0.0016819467418827116
535.0 0.0016033371139201336
536.0 0.001524727213109145
537.0 0.0022678403183817863
538.0 0.003010952968907077
539.0 0.003629108687164262
540.0 0.004247264587320387
541.0 0.00493789957545232
542.0 0.005628535291180015
543.0 0.005203362889005803
544.0 0.004778190850629471
545.0 0.0038269216020125896
546.0 0.00287565344478935
547.0 0.00228128774324432
548.0 0.00168692185980035
549.0 0.0017894559277920052
550.0 0.001891990177682601
551.0 0.0016130155927385204
552.0 0.0013340413715923205
553.0 0.0014746779925189912
554.0 0.001615314613445662
555.0 0.0012670280739257578
556.0 0.0009187413525069132
557.0 0.0008249986422015354
558.0 0.0007312560228456277
559.0 0.0002796838089125231
560.0 1.623034063917561e-10
561.0 0.000567157303521526
562.0 0.0013062031030131038
563.0 0.0014727776033396367
564.0 0.0016393521946156397
565.0 0.0013170778402127326
566.0 0.0009948035767592955
567.0 0.0008973454896477051
568.0 0.0007998873115866445
569.0 0.0007900413038441911
570.0 0.0007801949323038571
571.0 0.00045766541916236747
572.0 0.00013513587191482657
573.0 0.0003489777100185165
574.0 0.0005628196049656253
575.0 0.00047990470193326473
576.0 0.00039698966247669887
577.0 0.0005113462066219654
578.0 0.0006257027507672319
579.0 0.0002919785401900299
580.0 1.623034063917561e-10
581.0 0.0001610834715393139
582.0 0.00036391261346579995
583.0 0.0004641712166630896
584.0 0.000564429728910909
585.0 0.0008084592082013842
586.0 0.0010524889148655348
587.0 0.0009152906386589166
588.0 0.0007780923624522984
589.0 0.0006548568762809737
590.0 0.0005316214810591191
591.0 0.0007362179076153552
592.0 0.0009408145160705317
593.0 0.0005374761258281069
594.0 0.00013413772421699832
595.0 0.000542016641702503
596.0 0.0009498954568698537
597.0 0.0007681664101255592
598.0 0.0005864375452802051
599.0 0.0005694683295587311
600.0 0.0005524989774130518
601.0 0.00042423198465257883
602.0 0.00029596492368000327
603.0 0.00031150650556810433
604.0 0.0003270479282946326
605.0 0.00020021259388158796
606.0 7.3377276521569e-05
607.0 0.00037765285014756955
608.0 0.0006819283044023905
609.0 0.0004958015324518783
610.0 0.00030967441944085294
611.0 0.0005926023732172325
612.0 0.0008755304406804498
613.0 0.0005464272362587508
614.0 0.0002173242137359921
615.0 1.623034063917561e-10
616.0 1.623034063917561e-10
617.0 1.623034063917561e-10
618.0 0.00011145197049700073
619.0 0.00026796144538820954
620.0 0.00042447099986020476
621.0 0.0005508101367013296
622.0 0.0006771492735424545
623.0 0.0005519532351172529
624.0 0.00042675728764152154
625.0 0.0004413679562276229
626.0 0.0004559786248137243
627.0 0.00032331799957319163
628.0 0.00019065734022660763
629.0 0.0003954493877245113
630.0 0.0006002414920658339
631.0 0.00054421070672106
632.0 0.0004881799213762861
633.0 0.0004503707259573275
634.0 0.00041256157601310406
635.0 0.00039987230593396816
636.0 0.0003871829449053621
637.0 0.00035748746540775755
638.0 0.0003277918267485802
639.0 0.0006381313596648397
640.0 0.0009484708243689965
641.0 0.0006480499450844945
642.0 0.00034762913401209516
643.0 0.0005439450887934072
644.0 0.0007402610663120868
645.0 0.0007119722340576118
646.0 0.0006836835382273421
647.0 0.0007967900273797568
648.0 0.0009098969712795224
649.0 0.0008055773832893465
650.0 0.0007012578407739056
651.0 0.000878781884239288
652.0 0.0010563060641288757
653.0 0.0012342145964794327
654.0 0.0014121230378805194
655.0 0.0019544906535884365
656.0 0.002496857996447943
657.0 0.00348190005752258
658.0 0.004466940663405694
659.0 0.007000577897997573
660.0 0.03626630350481719
661.0 0.06386676686815917
662.0 0.0941118341870606
663.0 0.07852130220271647
664.0 0.10984378168359399
665.0 0.1386595773510635
666.0 0.1621516072191298
667.0 0.1685032621026039
668.0 0.18396414816379547
669.0 0.2218659734353423
670.0 0.31968792900443077
671.0 0.5603840574622154
672.0 0.8243340067565441
673.0 1.3098335824906826
674.0 2.0516395568847656
675.0 2.922862395644188
676.0 3.9697032421827316
677.0 5.293520167469978
678.0 6.632016599178314
679.0 8.000090718269348
680.0 9.920959919691086
681.0 11.97560727596283
682.0 14.478842914104462
683.0 17.263297736644745
684.0 20.22695392370224
685.0 23.134244978427887
686.0 26.12183690071106
687.0 29.305145144462585
688.0 32.52139687538147
689.0 35.82095205783844
690.0 39.66567516326904
691.0 43.773627281188965
692.0 48.73472452163696
693.0 53.938984870910645
694.0 59.849148988723755
695.0 65.56186079978943
696.0 71.81125283241272
697.0 77.4837076663971
698.0 83.41005444526672
699.0 87.94073462486267
700.0 91.37440323829651
701.0 94.1154420375824
702.0 95.92699408531189
703.0 96.93737030029297
704.0 97.3896861076355
705.0 97.78369665145874
706.0 97.85051941871643
707.0 97.94875979423523
708.0 97.94204831123352
709.0 98.07128310203552
710.0 97.77580499649048
711.0 98.00834655761719
712.0 97.97073602676392
713.0 97.98701405525208
714.0 98.07019829750061
715.0 98.10255169868469
716.0 97.92575240135193
717.0 98.16198945045471
718.0 98.26608896255493
719.0 98.19093346595764
720.0 98.45163226127625
721.0 98.39991927146912
722.0 98.0480432510376
723.0 97.86027669906616
724.0 97.55410552024841
725.0 97.27060794830322
726.0 96.94616794586182
727.0 96.74567580223083
728.0 96.45587205886841
729.0 96.24289870262146
730.0 96.26612067222595
731.0 96.32062315940857
732.0 96.29617929458618
733.0 96.55247330665588
734.0 96.91451787948608
735.0 97.12411165237427
736.0 97.52646684646606
737.0 97.89419174194336
738.0 98.23587536811829
739.0 98.55782389640808
740.0 98.62597584724426
741.0 98.53342771530151
742.0 98.85399341583252
743.0 98.76291751861572
744.0 98.52938055992126
745.0 98.57693910598755
746.0 98.51158857345581
747.0 98.72757196426392
748.0 98.60814809799194
749.0 98.58042597770691
750.0 98.5599160194397
751.0 98.45188856124878
752.0 98.31820726394653
753.0 98.52671027183533
754.0 98.42240810394287
755.0 98.58862161636353
756.0 98.60198497772217
757.0 98.62249493598938
758.0 98.82199764251709
759.0 98.77904653549194
760.0 98.67092967033386
761.0 98.59851002693176
762.0 98.72404336929321
763.0 98.64280819892883
764.0 98.54632019996643
765.0 98.43112826347351
766.0 98.49327802658081
767.0 98.30123782157898
768.0 98.3898937702179
769.0 98.39771389961243
770.0 98.09253811836243
771.0 98.15520644187927
772.0 98.1167733669281
773.0 98.04749488830566
774.0 97.86548018455505
775.0 97.98008799552917
776.0 97.81673550605774
777.0 97.86192178726196
778.0 97.85595536231995
779.0 97.95016646385193
780.0 97.8650689125061
781.0 98.25401306152344
782.0 98.08876514434814
783.0 98.12102317810059
784.0 98.15582036972046
785.0 98.31313490867615
786.0 98.51757287979126
787.0 98.208487033844
788.0 98.28431606292725
789.0 98.34519624710083
790.0 98.35001826286316
791.0 98.27732443809509
792.0 98.14284443855286
793.0 98.11773300170898
794.0 98.12358617782593
795.0 98.02194833755493
796.0 97.96604514122009
797.0 98.04134368896484
798.0 97.93639183044434
799.0 97.86264300346375
800.0 97.68850803375244
801.0 97.69845008850098
802.0 97.5689172744751
803.0 97.37750291824341
804.0 97.07428216934204
805.0 96.70867919921875
806.0 96.28075957298279
807.0 95.49411535263062
808.0 94.43995356559753
809.0 93.31570267677307
810.0 91.86489582061768
811.0 90.02832174301147
812.0 87.73351907730103
813.0 84.97560620307922
814.0 81.80522322654724
815.0 78.14458012580872
816.0 74.34497475624084
817.0 69.88975405693054
818.0 64.97960090637207
819.0 60.63655614852905
820.0 55.684179067611694
821.0 51.19884014129639
822.0 46.71652317047119
823.0 42.18242168426514
824.0 37.56011724472046
825.0 33.342090249061584
826.0 28.93128991127014
827.0 24.307481944561005
828.0 20.130112767219543
829.0 16.005462408065796
830.0 11.887329816818237
831.0 8.799239993095398
832.0 5.891266092658043
833.0 3.8324471563100815
834.0 2.3363955318927765
835.0 1.372187677770853
836.0 0.7984490133821964
837.0 0.4685675725340843
838.0 0.26123831048607826
839.0 0.1642314367927611
840.0 0.09840150596573949
841.0 0.06250077276490629
842.0 0.025827664649114013
843.0 1.623034063917561e-10
844.0 0.004436706512933597
845.0 1.623034063917561e-10
846.0 1.623034063917561e-10
847.0 1.623034063917561e-10
848.0 0.003307887163828127
849.0 1.623034063917561e-10
850.0 1.623034063917561e-10
851.0 1.623034063917561e-10
852.0 0.0004973424438503571
853.0 0.000817704221844906
854.0 0.0011380663636373356
855.0 0.0008555244676244911
856.0 0.0005729827080358518
857.0 0.000812423513707472
858.0 0.0010518640010559466
859.0 0.0005884200618311297
860.0 0.0001249759407073725
861.0 0.00020056297671544598
862.0 0.00027614994451141683
863.0 0.00016870046692929463
864.0 6.125107461230073e-05
865.0 5.765015771430626e-05
866.0 5.404920671026048e-05
867.0 8.008750569388212e-05
868.0 0.00010612575351842679
869.0 1.623034063917561e-10
870.0 1.623034063917561e-10
871.0 1.623034063917561e-10
872.0 0.00016812477952043992
873.0 0.00015196216054391698
874.0 0.00013579949609265896
875.0 0.00014212121186574223
876.0 0.00014844295037619304
877.0 1.623034063917561e-10
878.0 1.623034063917561e-10
879.0 9.507486709026125e-06
880.0 0.00044013013393850997
881.0 0.0002331726363991038
882.0 2.6215155912723276e-05
883.0 0.00015500762629017117
884.0 0.0002838001364580123
885.0 7.996011390787316e-05
886.0 1.623034063917561e-10
887.0 1.623034063917561e-10
888.0 0.00010497858511371305
889.0 5.394489335230901e-05
890.0 2.9112243282725103e-06
891.0 0.00010237012020297698
892.0 0.0002018289933403139
893.0 0.00020048894384672167
894.0 0.00019914889435312944
895.0 1.623034063917561e-10
896.0 1.623034063917561e-10
897.0 1.623034063917561e-10
