lsstCam/transmission_filter_detector/r13_s02/i_39/19700101T000000.ecsv
# %ECSV 1.0
# ---
# datatype:
# - {name: wavelength, unit: nm, datatype: float32}
# - {name: efficiency, unit: '%', datatype: float64}
# meta: !!omap
# - {MODE: DETECTOR}
# - {TYPE: transmission_filter_detector}
# - {CALIBDATE: '1970-01-01T00:00:00'}
# - {INSTRUME: LSSTCam}
# - {OBSTYPE: transmission_filter_detector}
# - {CALIBCLS: lsst.ip.isr.IntermediateFilterDetectorTransmissionCurve}
# - {SOURCE: Materion (DM-46256)}
# - {DETECTOR: 56}
# - {FILTER: i_39}
# - {CALIB_ID: 'calibDate=1970-01-01T00:00:00 filter=i_39 detector=56'}
# - {DATE: '2025-04-02T15:59:46.738672'}
# - {CALIB_CREATION_DATE: '2025-04-02'}
# - {CALIB_CREATION_TIME: '15:59:46'}
# - __serialized_columns__:
#     efficiency:
#       __class__: astropy.units.quantity.Quantity
#       unit: !astropy.units.Unit {unit: '%'}
#       value: !astropy.table.SerializedColumn {name: efficiency}
#     wavelength:
#       __class__: astropy.units.quantity.Quantity
#       unit: !astropy.units.Unit {unit: nm}
#       value: !astropy.table.SerializedColumn {name: wavelength}
# schema: astropy-2.0
wavelength efficiency
[from data line 599]
899.0 1.623034063917561e-10
900.0 1.623034063917561e-10
901.0 1.623034063917561e-10
902.0 1.623034063917561e-10
903.0 1.623034063917561e-10
904.0 1.623034063917561e-10
905.0 1.623034063917561e-10
906.0 1.623034063917561e-10
907.0 4.0527118017053e-05
908.0 0.00019238595996284857
909.0 1.623034063917561e-10
910.0 1.623034063917561e-10
911.0 1.623034063917561e-10
912.0 8.652968404021522e-05
913.0 7.788320885993016e-05
914.0 6.923675641701266e-05
915.0 1.623034063917561e-10
916.0 1.623034063917561e-10
917.0 1.623034063917561e-10
918.0 1.623034063917561e-10
919.0 1.623034063917561e-10
920.0 3.4983747809747e-05
921.0 1.623034063917561e-10
922.0 1.623034063917561e-10
923.0 1.623034063917561e-10
924.0 1.623034063917561e-10
925.0 3.075114420880709e-05
926.0 0.0002774457470877678
927.0 6.452992806771363e-06
928.0 1.623034063917561e-10
929.0 1.623034063917561e-10
930.0 0.00020328786831669277
931.0 0.00013564856544689974
932.0 6.800925689276482e-05
933.0 4.418414505380497e-05
934.0 2.0359074426323787e-05
935.0 1.623034063917561e-10
936.0 1.623034063917561e-10
937.0 1.623034063917561e-10
938.0 1.623034063917561e-10
939.0 1.623034063917561e-10
940.0 1.623034063917561e-10
941.0 1.623034063917561e-10
942.0 1.623034063917561e-10
943.0 1.623034063917561e-10
944.0 1.623034063917561e-10
945.0 1.623034063917561e-10
946.0 1.623034063917561e-10
947.0 1.623034063917561e-10
948.0 1.623034063917561e-10
949.0 1.623034063917561e-10
950.0 1.623034063917561e-10
951.0 1.623034063917561e-10
952.0 1.623034063917561e-10
953.0 1.623034063917561e-10
954.0 1.623034063917561e-10
955.0 0.00011292545423202682
956.0 0.00029289108169905376
957.0 0.00026622537916409783
958.0 0.00023955960841703927
959.0 0.00020337274690973572
960.0 0.00016718590813979972
961.0 0.00017483284864283632
962.0 0.00018247977777718916
963.0 8.367383088625502e-05
964.0 1.623034063917561e-10
965.0 1.623034063917561e-10
966.0 1.623034063917561e-10
967.0 1.623034063917561e-10
968.0 1.623034063917561e-10
969.0 1.623034063917561e-10
970.0 2.845752362645726e-05
971.0 1.623034063917561e-10
972.0 1.623034063917561e-10
973.0 1.623034063917561e-10
974.0 1.623034063917561e-10
975.0 1.623034063917561e-10
976.0 3.0343147727762698e-05
977.0 1.623034063917561e-10
978.0 1.623034063917561e-10
979.0 1.623034063917561e-10
980.0 1.623034063917561e-10
981.0 1.623034063917561e-10
982.0 1.623034063917561e-10
983.0 1.623034063917561e-10
984.0 1.623034063917561e-10
985.0 0.000139351982397784
986.0 0.000308176777252811
987.0 2.173968738361509e-05
988.0 1.623034063917561e-10
989.0 1.623034063917561e-10
990.0 1.623034063917561e-10
991.0 1.623034063917561e-10
992.0 1.623034063917561e-10
993.0 1.623034063917561e-10
994.0 7.851532473068801e-05
995.0 1.623034063917561e-10
996.0 1.623034063917561e-10
997.0 7.466705937986262e-05
998.0 0.00029644588721566834
999.0 0.0003049876113436767
1000.0 0.00031352928999694996
1001.0 0.00017459600485381088
1002.0 3.5662668551594834e-05
1003.0 7.10068661646801e-05
1004.0 0.0001063510921994748
1005.0 2.0540079503916786e-05
1006.0 1.623034063917561e-10
1007.0 1.9789510474765848e-05
1008.0 0.00010484999393156613
1009.0 7.757125786156394e-05
1010.0 5.029244789511722e-05
1011.0 0.00011202685072930763
1012.0 0.00017376121377310483
1013.0 0.00034852132557716686
1014.0 0.0005232815055933315
1015.0 0.0004099895249964902
1016.0 0.0002966976580864866
1017.0 0.000422710536440718
1018.0 0.0005487235739565222
1019.0 0.0003802117817031103
1020.0 0.0002116999439749634
1021.0 0.00023566565232613357
1022.0 0.00025963136067730375
1023.0 0.0005913814220548375
1024.0 0.0009231316653313115
1025.0 0.0007167140665842453
1026.0 0.000510296422362444
1027.0 0.00046263321564765647
1028.0 0.00041496991798339877
1029.0 0.0007855814146751072
1030.0 0.0011561928658920806
1031.0 0.0017266043869312853
1032.0 0.002297015453223139
1033.0 0.002491243321856018
1034.0 0.002685470462893136
1035.0 0.0032034866308094934
1036.0 0.0037215020711300895
1037.0 0.003738296072697267
1038.0 0.0037550897104665637
1039.0 0.0031785773899173364
1040.0 0.0026020657969638705
1041.0 0.0021785544959129766
1042.0 0.0017550431948620826
1043.0 0.002553881495259702
1044.0 0.003352719431859441
1045.0 0.0036032866773894057
1046.0 0.0038538546505151317
1047.0 0.0035394619771977887
1048.0 0.0032250693038804457
1049.0 0.002826282798196189
1050.0 0.002427496474410873
1051.0 0.002372875860601198
1052.0 0.0023182556105894037
1053.0 0.0015514569895458408
1054.0 0.0007846584594517481
1055.0 0.0007372600066446466
1056.0 0.000689861462888075
1057.0 0.0007974637810548302
1058.0 0.0009050661901710555
1059.0 0.0008825644727039617
1060.0 0.0008600631190347485
1061.0 0.0016835629139677621
1062.0 0.002507062345102895
1063.0 0.002617563404783141
1064.0 0.0027280644644633867
1065.0 0.0030871160561218858
1066.0 0.0034461678296793252
1067.0 0.0041510225855745375
1068.0 0.004855876977671869
1069.0 0.003980476321885362
1070.0 0.0031050753023009747
1071.0 0.0029343029382289387
1072.0 0.002763530210359022
1073.0 0.002868264891731087
1074.0 0.002972999391204212
1075.0 0.003303708217572421
1076.0 0.00363441722583957
1077.0 0.0029645501854247414
1078.0 0.002294682781212032
1079.0 0.0021869413103559054
1080.0 0.002079199839499779
1081.0 0.0012311205864534713
1082.0 0.00038304119698295835
1083.0 1.623034063917561e-10
1084.0 1.623034063917561e-10
1085.0 0.00026491300104680704
1086.0 0.0011969634215347469
1087.0 0.000875249406817602
1088.0 0.0005535354830499273
1089.0 1.623034063917561e-10
1090.0 1.623034063917561e-10
1091.0 1.623034063917561e-10
1092.0 1.623034063917561e-10
1093.0 1.623034063917561e-10
1094.0 0.0002552219712015358
1095.0 0.00041592170418880414
1096.0 0.0005766215963376453
1097.0 1.623034063917561e-10
1098.0 1.623034063917561e-10
1099.0 1.623034063917561e-10
1100.0 1.623034063917561e-10
