lsstCam/transmission_filter_detector/r31_s01/r_57/19700101T000000.ecsv
# %ECSV 1.0
# ---
# datatype:
# - {name: wavelength, unit: nm, datatype: float32}
# - {name: efficiency, unit: '%', datatype: float64}
# meta: !!omap
# - {MODE: DETECTOR}
# - {TYPE: transmission_filter_detector}
# - {CALIBDATE: '1970-01-01T00:00:00'}
# - {INSTRUME: LSSTCam}
# - {OBSTYPE: transmission_filter_detector}
# - {CALIBCLS: lsst.ip.isr.IntermediateFilterDetectorTransmissionCurve}
# - {SOURCE: Materion (DM-46256)}
# - {DETECTOR: 127}
# - {FILTER: r_57}
# - {CALIB_ID: 'calibDate=1970-01-01T00:00:00 filter=r_57 detector=127'}
# - {DATE: '2025-04-02T15:59:44.770809'}
# - {CALIB_CREATION_DATE: '2025-04-02'}
# - {CALIB_CREATION_TIME: '15:59:44'}
# - __serialized_columns__:
#     efficiency:
#       __class__: astropy.units.quantity.Quantity
#       unit: !astropy.units.Unit {unit: '%'}
#       value: !astropy.table.SerializedColumn {name: efficiency}
#     wavelength:
#       __class__: astropy.units.quantity.Quantity
#       unit: !astropy.units.Unit {unit: nm}
#       value: !astropy.table.SerializedColumn {name: wavelength}
# schema: astropy-2.0
wavelength efficiency
300.0 0.0017903645129990764
301.0 0.005025239806855097
302.0 0.008260115282610059
303.0 0.011324743536533788
304.0 0.014389374700840563
305.0 0.01264048769371584
306.0 0.010891599958995357
307.0 0.009163668437395245
308.0 0.007435736188199371
309.0 0.006760811811545864
310.0 0.0060858859797008336
311.0 0.005594640606432222
312.0 0.0051033934141742066
313.0 0.004782550968229771
314.0 0.004461707430891693
315.0 0.0041820887417998165
316.0 0.0039024707803037018
317.0 0.0035407694667810574
318.0 0.003179067061864771
319.0 0.0032143932912731543
320.0 0.0032497184292878956
321.0 0.0030536069971276447
322.0 0.0028574953830684535
323.0 0.00254556489380775
324.0 0.002233634404547047
325.0 0.0021292687961249612
326.0 0.0020249030058039352
327.0 0.0022473634089692496
328.0 0.002469823812134564
329.0 0.0024411459889961407
330.0 0.0024124676201608963
331.0 0.0021938738427706994
332.0 0.0019752797015826218
333.0 0.0018117883882950991
334.0 0.0016482968931086361
335.0 0.0015363119018729776
336.0 0.0014243270015867893
337.0 0.001245701696461765
338.0 0.0010670765732356813
339.0 0.0009440518624614924
340.0 0.0008210270607378334
341.0 0.0008066249392868485
342.0 0.0007922229087853339
343.0 0.0007628769708389882
344.0 0.0007335308509937022
345.0 0.0007378680038527818
346.0 0.0007422052931360668
347.0 0.0007288078450073954
348.0 0.0007154104878281942
349.0 0.0006859199402242666
350.0 0.0024889390260796063
351.0 0.004976283889845945
352.0 0.007463628571713343
353.0 0.007421613554470241
354.0 0.007379598537227139
355.0 0.005047032391303219
356.0 0.002714466245379299
357.0 0.003189165363437496
358.0 0.0036638652090914547
359.0 0.003818387267529033
360.0 0.003972908962168731
361.0 0.002625923116283957
362.0 0.0012789369975507725
363.0 0.0018072512830258347
364.0 0.0023355658413493074
365.0 0.0017012778698699549
366.0 0.0010669898983906023
367.0 0.0020513052731985226
368.0 0.0030356204661075026
369.0 0.0035610712075140327
370.0 0.004086521585122682
371.0 0.003984157592640258
372.0 0.0038817936001578346
373.0 0.002961352947750129
374.0 0.0020409124772413634
375.0 0.0014289005775935948
376.0 0.0008168884960468858
377.0 0.001913351661642082
378.0 0.0030098148272372782
379.0 0.0025044719222933054
380.0 0.0019991295630461536
381.0 0.0022235612050280906
382.0 0.0024479932108079083
383.0 0.0032350519177271053
384.0 0.004022110442747362
385.0 0.004446718230610713
386.0 0.004871326018474065
387.0 0.004472029468161054
388.0 0.004072733281645924
389.0 0.003436104452703148
390.0 0.0027994750780635513
391.0 0.0024260625650640577
392.0 0.0020526507796603255
393.0 0.0018947142962133512
394.0 0.0017367781765642576
395.0 0.0014193986316968221
396.0 0.0011020190868293867
397.0 0.00085688334365841
398.0 0.0006117477823863737
399.0 0.00048690708354115486
400.0 0.00036206645290803863
401.0 0.000554685448150849
402.0 0.0007473044206562918
403.0 0.0006312101049843477
404.0 0.0005151158802618738
405.0 0.001033311400533421
406.0 0.001551506829855498
407.0 0.0014137560356175527
408.0 0.001276004968531197
409.0 0.0008405680091527756
410.0 0.0004051310497743543
411.0 0.0007126037871785229
412.0 0.0010200766155321617
413.0 0.001539202821732033
414.0 0.0020583291188813746
415.0 0.0019305294699734077
416.0 0.0018027298210654408
417.0 0.0014976652892073616
418.0 0.0011926007573492825
419.0 0.0019430190150160342
420.0 0.0026934369088849053
421.0 0.003978916356572881
422.0 0.005264395076665096
423.0 0.00836141625768505
424.0 0.011458436347311363
425.0 0.015095279377419502
426.0 0.018732120224740356
427.0 0.019111784058623016
428.0 0.0194914493476972
429.0 0.01533412141725421
430.0 0.011176791304023936
431.0 0.007712560909567401
432.0 0.004248331242706627
433.0 0.0034331791539443657
434.0 0.0026180270651821047
435.0 0.0020667584976763465
436.0 0.001515489839221118
437.0 0.001024561879603425
438.0 0.0005336343292583479
439.0 0.0007096640729287174
440.0 0.0008856936801748816
441.0 0.0009546885848976672
442.0 0.001023683580569923
443.0 0.0014195449693943374
444.0 0.0018154063582187518
445.0 0.001655362211749889
446.0 0.0014953184290789068
447.0 0.0013906427739129867
448.0 0.001285967300646007
449.0 0.0012172925380582456
450.0 0.001148617775470484
451.0 0.0012842150681535713
452.0 0.0014198119060893077
453.0 0.0015834113582968712
454.0 0.0017470103557570837
455.0 0.001556480856379494
456.0 0.0013659514479513746
457.0 0.001043484553520102
458.0 0.0007210173407656839
459.0 0.0009198261068377178
460.0 0.0011186349183844868
461.0 0.0015824356523808092
462.0 0.0020462362954276614
463.0 0.002886770380428061
464.0 0.00372730428352952
465.0 0.0045834727643523365
466.0 0.00543963978998363
467.0 0.005997209154884331
468.0 0.00655477779218927
469.0 0.005686419899575412
470.0 0.004818062006961554
471.0 0.0036995676055084914
472.0 0.002581073022156488
473.0 0.0018345566786592826
474.0 0.0010880401532631367
475.0 0.0007592636393383145
476.0 0.0004304871254134923
477.0 0.0006440546712838113
478.0 0.0008576222171541303
479.0 0.0007769616786390543
480.0 0.0006963011855987133
481.0 0.0005856986717844848
482.0 0.00047509615797025617
483.0 0.0005775201316282619
484.0 0.0006799441507610027
485.0 0.0007133506642276188
486.0 0.0007467572231689701
487.0 0.0004738715233543189
488.0 0.00020098582353966776
489.0 0.00046773693611612543
490.0 0.000734488003217848
491.0 0.0007763173016428482
492.0 0.0008181466000678483
493.0 0.0008756589522818103
494.0 0.0009331713044957723
495.0 0.0009919287549564615
496.0 0.0010506860235182103
497.0 0.001037094170897035
498.0 0.0010235023182758596
499.0 0.001098497068596771
500.0 0.001173492182715563
501.0 0.0012012383194814902
502.0 0.0012289840924495365
503.0 0.0016578638678765856
504.0 0.0020867430066573434
505.0 0.0024617194867460057
506.0 0.0028366961487336084
507.0 0.0035963232221547514
508.0 0.004355950295575894
509.0 0.0047058209020178765
510.0 0.00505569223605562
511.0 0.004715159593615681
512.0 0.004374626587377861
513.0 0.0037015812267782167
514.0 0.003028535684279632
515.0 0.0027905793103855103
516.0 0.0025526227545924485
517.0 0.002699473589018453
518.0 0.0028463240596465766
519.0 1.5814026520580282e-10
520.0 0.07937264163047075
521.0 0.037303747376427054
522.0 0.1238287310115993
523.0 0.10517985792830586
524.0 0.035588047467172146
525.0 0.11567360488697886
526.0 0.049810914788395166
527.0 0.10271789506077766
528.0 0.10419721947982907
529.0 0.08962528081610799
530.0 0.1502437167800963
531.0 0.17088468885049224
532.0 0.24611074477434158
533.0 0.24103405885398388
534.0 0.3056019311770797
535.0 0.4017503932118416
536.0 0.5789767019450665
537.0 0.7264784071594477
538.0 1.1495410464704037
539.0 1.749839261174202
540.0 2.82601248472929
541.0 4.197172820568085
542.0 6.320637464523315
543.0 9.02339220046997
544.0 12.29407787322998
545.0 16.060227155685425
546.0 20.50788253545761
547.0 26.125681400299072
548.0 33.27733874320984
549.0 41.152653098106384
550.0 48.262470960617065
551.0 56.16798400878906
552.0 62.21446990966797
553.0 67.59283542633057
554.0 72.57877588272095
555.0 76.24257206916809
556.0 80.37686347961426
557.0 83.4945023059845
558.0 86.71912550926208
559.0 90.51788449287415
560.0 91.28136038780212
561.0 93.46461892127991
562.0 94.47747468948364
563.0 94.68807578086853
564.0 94.86790299415588
565.0 94.70314383506775
566.0 95.30285000801086
567.0 94.51294541358948
568.0 94.99931931495667
569.0 95.58025002479553
570.0 95.30948996543884
571.0 96.42238020896912
572.0 96.1645781993866
573.0 96.55177593231201
574.0 96.44622802734375
575.0 96.24705910682678
576.0 96.7977523803711
577.0 96.75213098526001
578.0 96.6092586517334
579.0 96.83800935745239
580.0 96.1155354976654
581.0 95.96186876296997
582.0 96.06226682662964
583.0 96.03038430213928
584.0 95.36088705062866
585.0 95.74500322341919
586.0 95.95947861671448
587.0 95.6982433795929
588.0 95.88961005210876
589.0 96.60425186157227
590.0 95.7782506942749
591.0 95.46136856079102
592.0 95.68508863449097
593.0 95.27364373207092
594.0 95.54616808891296
595.0 95.795339345932
596.0 96.58070206642151
597.0 96.39382362365723
598.0 96.06590867042542
599.0 96.28503918647766
600.0 96.10514044761658
601.0 95.28768062591553
602.0 95.8505630493164
603.0 95.67686915397644
604.0 96.10835909843445
605.0 96.10555768013
606.0 95.91416120529175
607.0 95.61582207679749
608.0 95.82483768463135
609.0 95.12826800346375
610.0 95.55177688598633
611.0 95.63289880752563
612.0 95.57762742042542
613.0 96.22153639793396
614.0 96.3683545589447
615.0 95.93437910079956
616.0 96.042799949646
617.0 96.09236121177673
618.0 95.66993713378906
619.0 96.61359786987305
620.0 95.77319622039795
621.0 95.45423984527588
622.0 95.97907066345215
623.0 96.06896042823792
624.0 95.83755731582642
625.0 96.17806077003479
626.0 95.73574662208557
627.0 94.357168674469
628.0 96.64840698242188
629.0 94.89557147026062
630.0 95.84935307502747
631.0 95.5656349658966
632.0 96.25415205955505
633.0 95.83919048309326
634.0 95.63677906990051
635.0 95.86160182952881
636.0 95.57187557220459
637.0 95.15523910522461
638.0 94.99068856239319
639.0 94.87744569778442
640.0 95.23324966430664
641.0 94.95261311531067
642.0 95.43960690498352
643.0 95.40778398513794
644.0 95.40281891822815
645.0 95.49598693847656
646.0 95.53983211517334
647.0 96.31332755088806
648.0 95.97235918045044
649.0 94.91801261901855
650.0 95.75163722038269
651.0 96.13621830940247
652.0 96.24950289726257
653.0 95.590341091156
654.0 95.87207436561584
655.0 96.03433609008789
656.0 95.4467236995697
657.0 95.2835738658905
658.0 95.8422839641571
659.0 96.07599377632141
660.0 94.9785828590393
661.0 94.7222113609314
662.0 95.28709053993225
663.0 95.51884531974792
664.0 95.21236419677734
665.0 94.94507908821106
666.0 95.07035613059998
667.0 95.30978798866272
668.0 94.90038752555847
669.0 95.47975659370422
670.0 95.33911347389221
671.0 95.2932059764862
672.0 95.12114524841309
673.0 94.75846886634827
674.0 94.66546773910522
675.0 95.16772031784058
676.0 94.86815929412842
677.0 93.79671216011047
678.0 92.85947680473328
679.0 92.53642559051514
680.0 91.37893319129944
681.0 90.19873142242432
682.0 88.36268186569214
683.0 85.54928302764893
684.0 82.21883773803711
685.0 78.30604314804077
686.0 74.73341822624207
687.0 69.94885802268982
688.0 65.56781530380249
689.0 61.04963421821594
690.0 55.873918533325195
691.0 51.72972083091736
692.0 46.878600120544434
693.0 42.578402161598206
694.0 37.775447964668274
695.0 32.67098665237427
696.0 27.516943216323853
697.0 22.40270972251892
698.0 16.82501584291458
699.0 12.295473366975784
700.0 8.724566549062729
701.0 5.4947905242443085
702.0 3.539363294839859
703.0 2.0384324714541435
704.0 1.1743687093257904
705.0 0.748433917760849
706.0 0.4567775409668684
707.0 0.2907178830355406
708.0 0.21719643846154213
709.0 0.18465674947947264
710.0 0.12305211275815964
711.0 0.02400558296358213
712.0 0.1139885513111949
713.0 0.07636414375156164
714.0 0.10220324620604515
715.0 0.03690133453346789
716.0 0.027352140750735998
717.0 0.07438223110511899
718.0 0.06056143902242184
719.0 1.5814026520580282e-10
720.0 1.5814026520580282e-10
721.0 0.004741565862786956
722.0 0.004392610571812838
723.0 0.00404365491704084
724.0 0.0037755806260975078
725.0 0.0035075063351541758
726.0 0.0032296542485710233
727.0 0.002951802161987871
728.0 0.0028170861696708016
729.0 0.0026823701773537323
730.0 0.002543311165936757
731.0 0.0024042521545197815
732.0 0.0023358115868177265
733.0 0.002267371201014612
734.0 0.002129692438757047
735.0 0.0019920138583984226
736.0 0.0018939399524242617
737.0 0.0017958664102479815
738.0 0.0017804895833251067
739.0 0.001765112938301172
740.0 0.0016837015209603123
741.0 0.0016022904674173333
742.0 0.0014502495105261914
743.0 0.0012982083717361093
744.0 0.001474399778089719
745.0 0.0016505911844433285
746.0 0.001456688823964214
747.0 0.001262786281586159
748.0 0.001281375534745166
749.0 0.0012999646060052328
750.0 0.0012509179214248434
751.0 0.0012018715096928645
752.0 0.0012421638530213386
753.0 0.0012824564691982232
754.0 0.0012409694136295002
755.0 0.001199482267111307
756.0 0.001082540984498337
757.0 0.0009655998837843072
758.0 0.0009556065379001666
759.0 0.000945613192016026
760.0 0.0008824793439998757
761.0 0.0008193454050342552
762.0 0.0008903218258637935
763.0 0.0009612986104912125
764.0 0.0009824570952332579
765.0 0.001003615489025833
766.0 0.0009464471077080816
767.0 0.0008892784535419196
768.0 0.0008082361091510393
769.0 0.0007271933554875432
770.0 0.0006626422418776201
771.0 0.0005980909918434918
772.0 0.0007219059625640512
773.0 0.0008457205694867298
774.0 0.0009417936780664604
775.0 0.0010378669685451314
776.0 0.0011059920325351413
777.0 0.0011741176422219723
778.0 0.0009864765161182731
779.0 0.0007988358447619248
780.0 0.0008005714335013181
781.0 0.0008023072950891219
782.0 0.0008420495760219637
783.0 0.0008817920388537459
784.0 0.0008135326424962841
785.0 0.0007452734280377626
786.0 0.0008555258318665437
787.0 0.0009657781447458547
788.0 0.0007348387043748517
789.0 0.0005038990821049083
790.0 0.000664397657601512
791.0 0.0008248964149970561
792.0 0.0008283199349534698
793.0 0.0008317431820614729
794.0 0.0008361312211491168
795.0 0.000840519442135701
796.0 0.0007039352567517199
797.0 0.0005673511168424739
798.0 0.0006551801106979838
799.0 0.0007430094228766393
800.0 0.0008188488209270872
801.0 0.0008946880370785948
802.0 0.0008711018381291069
803.0 0.0008475155482301489
804.0 0.000717469538358273
805.0 0.0005874235284863971
806.0 0.0006331590157060418
807.0 0.000678894230077276
808.0 0.0006243134066608036
809.0 0.0005697322649211856
810.0 0.00064892997215793
811.0 0.000728127406546264
812.0 0.000578906292503234
813.0 0.00042968513298546895
814.0 0.00043450518205645494
815.0 0.0004393253220769111
816.0 0.0006154890797915868
817.0 0.0007916530194052029
818.0 0.0006753421530447667
819.0 0.0005590310593106551
820.0 0.000589169167142245
821.0 0.0006193072749738349
822.0 0.0006267445769481128
823.0 0.0006341819243971258
824.0 0.0005172626970306737
825.0 0.0004003431968158111
826.0 0.00039489141272497363
827.0 0.00038943962863413617
828.0 0.0004363312655186746
829.0 0.0004832229024032131
830.0 0.0002237344915556605
831.0 1.5814026520580282e-10
832.0 1.5814026520580282e-10
833.0 1.5814026520580282e-10
834.0 1.5814026520580282e-10
835.0 0.00020015684185636928
836.0 0.0001801261760192574
837.0 0.0001600955215508293
838.0 0.0006524292075482663
839.0 0.0011447628821770195
840.0 0.0014628684766648803
841.0 0.0017809741621022113
842.0 0.0019976809198851697
843.0 0.0022143884052638896
844.0 0.0021975181880407035
845.0 0.002180648334615398
846.0 0.0018783386622089893
847.0 0.0015760291717015207
848.0 0.0015183629329840187
849.0 0.0014606966033170465
850.0 0.0013986295925860759
851.0 0.0013365623090066947
852.0 0.001288639941776637
853.0 0.0012407177564455196
854.0 0.0009995158507081214
855.0 0.0007583139904454583
856.0 0.0006405064141290495
857.0 0.0005226986104389653
858.0 0.00044049461394024547
859.0 0.0003582906856536283
860.0 0.0002604321707622148
861.0 0.00016257364450211753
862.0 0.00029079290015943116
863.0 0.00041901212171069346
864.0 0.00029730576898145955
865.0 0.00017559941625222564
866.0 0.00012781621308022295
867.0 8.003297011782706e-05
868.0 2.109186851839695e-05
869.0 1.5814026520580282e-10
870.0 1.5814026520580282e-10
871.0 1.5814026520580282e-10
872.0 1.5814026520580282e-10
873.0 1.5814026520580282e-10
874.0 1.5814026520580282e-10
875.0 1.5814026520580282e-10
876.0 6.5981691932393e-05
877.0 0.00020148286239418667
878.0 0.0001808252022783563
879.0 0.00016016757626857725
880.0 0.0001274579176424595
881.0 9.474826470068365e-05
882.0 0.00016799368722786312
883.0 0.00024123908133333316
884.0 0.00010795183698064648
885.0 1.5814026520580282e-10
886.0 0.00010071161113955895
887.0 0.0002267586751258932
888.0 0.0002062410658254521
889.0 0.0001857234906310623
890.0 0.000150433584167331
891.0 0.00011514372317833477
892.0 6.763983719793032e-05
893.0 2.0135966849466058e-05
894.0 1.9739535161988897e-05
895.0 1.9343100632340793e-05
896.0 1.5814026520580282e-10
897.0 1.5814026520580282e-10
898.0 5.470380983751966e-05
899.0 0.00013532862794818357
900.0 0.00010233161447104067
