lsstCam/transmission_filter_detector/r31_s01/r_57/19700101T000000.ecsv
# %ECSV 1.0
# ---
# datatype:
# - {name: wavelength, unit: nm, datatype: float32}
# - {name: efficiency, unit: '%', datatype: float64}
# meta: !!omap
# - {MODE: DETECTOR}
# - {TYPE: transmission_filter_detector}
# - {CALIBDATE: '1970-01-01T00:00:00'}
# - {INSTRUME: LSSTCam}
# - {OBSTYPE: transmission_filter_detector}
# - {CALIBCLS: lsst.ip.isr.IntermediateFilterDetectorTransmissionCurve}
# - {SOURCE: Materion (DM-46256)}
# - {DETECTOR: 127}
# - {FILTER: r_57}
# - {CALIB_ID: 'calibDate=1970-01-01T00:00:00 filter=r_57 detector=127'}
# - {DATE: '2025-04-02T15:59:44.770809'}
# - {CALIB_CREATION_DATE: '2025-04-02'}
# - {CALIB_CREATION_TIME: '15:59:44'}
# - __serialized_columns__:
#     efficiency:
#       __class__: astropy.units.quantity.Quantity
#       unit: !astropy.units.Unit {unit: '%'}
#       value: !astropy.table.SerializedColumn {name: efficiency}
#     wavelength:
#       __class__: astropy.units.quantity.Quantity
#       unit: !astropy.units.Unit {unit: nm}
#       value: !astropy.table.SerializedColumn {name: wavelength}
# schema: astropy-2.0
wavelength efficiency
[from data line 602]
902.0 6.155031542220968e-05
903.0 5.3766024166179704e-05
904.0 3.2334449429072265e-05
905.0 1.0902886060648598e-05
906.0 0.00010576393378869398
907.0 0.00020062502699147444
908.0 0.00022539582005265402
909.0 0.0002501666131138336
910.0 9.346285310130042e-05
911.0 1.5814026520580282e-10
912.0 5.8772371858140104e-05
913.0 0.00018078568473356427
914.0 0.00011487987876535044
915.0 4.89740784814785e-05
916.0 4.896612040283799e-05
917.0 4.8958145271171816e-05
918.0 0.00014303323041531257
919.0 0.00023710831555945333
920.0 0.00020624718217732152
921.0 0.00017538602605782216
922.0 0.00019305498426547274
923.0 0.00021072391973575577
924.0 0.00017161378309538122
925.0 0.00013250361234895536
926.0 0.00011281914567007334
927.0 9.313465056948189e-05
928.0 9.453511324863939e-05
929.0 9.593553613740369e-05
930.0 0.00012468699424061924
931.0 0.00015343838413173216
932.0 0.00011221634395042202
933.0 7.09942924004281e-05
934.0 3.746865502307628e-05
935.0 3.943052462318519e-06
936.0 3.760701758892537e-05
937.0 7.12709265826561e-05
938.0 6.812339279349544e-05
939.0 6.497581352959969e-05
940.0 0.00010776473118312424
941.0 0.00015055359199322993
942.0 0.00026771710963657824
943.0 0.0003848806500172941
944.0 0.0003406963060115231
945.0 0.0002965119392683846
946.0 0.0004256536612956552
947.0 0.0005547954060602933
948.0 0.00040491067920811474
949.0 0.000255026111517509
950.0 0.00035952664347860264
951.0 0.000464027289126534
952.0 0.0006467434104706626
953.0 0.0008294598046632018
954.0 0.0009661527656135149
955.0 0.0011028460903617088
956.0 0.001210346363222925
957.0 0.0013178467270336114
958.0 0.0015646126485080458
959.0 0.0018113785699824803
960.0 0.0019371218513697386
961.0 0.002062865132756997
962.0 0.002258827407786157
963.0 0.0024547895009163767
964.0 0.002481560113665182
965.0 0.002508330908312928
966.0 0.002551162106101401
967.0 0.0025939933038898744
968.0 0.002562769441283308
969.0 0.0025315459424746223
970.0 0.0025423019906156696
971.0 0.002553058038756717
972.0 0.0026803973014466465
973.0 0.0028077369279344566
974.0 0.002951655005745124
975.0 0.003095573265454732
976.0 0.003013270725205075
977.0 0.002930968184955418
978.0 0.003030589869013056
979.0 0.003130211553070694
980.0 0.0031092822609934956
981.0 0.0030883526051184162
982.0 0.003056511195609346
983.0 0.0030246696042013355
984.0 0.0028754038794431835
985.0 0.0027261379727860913
986.0 0.0026382294890936464
987.0 0.0025503210054012015
988.0 0.002520331872801762
989.0 0.002490343467798084
990.0 0.0025099670892814174
991.0 0.0025295901650679298
992.0 0.0025214221750502475
993.0 0.002513254185032565
994.0 0.0025974559321184643
995.0 0.0026816576792043634
996.0 0.0027475278329802677
997.0 0.0028133981686551124
998.0 0.0029822387659805827
999.0 0.0031510797271039337
1000.0 0.003194336750311777
1001.0 0.003237594137317501
1002.0 0.0034563319786684588
1003.0 0.0036750698200194165
1004.0 0.003682943861349486
1005.0 0.003690818266477436
1006.0 0.00391825451515615
1007.0 0.004145691491430625
1008.0 0.004154133057454601
1009.0 0.004162574259680696
1010.0 0.004130283195991069
1011.0 0.004097992859897204
1012.0 0.004056013494846411
1013.0 0.004014033765997738
1014.0 0.0037786958273500204
1015.0 0.0035433575249044225
1016.0 0.0032343636121368036
1017.0 0.002925369881268125
1018.0 0.002680658690223936
1019.0 0.0024359478629776277
1020.0 0.0022401178284781054
1021.0 0.002044287793978583
1022.0 0.0017187459889100865
1023.0 0.00139320427479106
1024.0 0.001310326115344651
1025.0 0.0012274477739993017
1026.0 0.001110615903598955
1027.0 0.000993784033198608
1028.0 0.0009682067684479989
1029.0 0.0009426295946468599
1030.0 0.0009017016964207869
1031.0 0.0008607738891441841
1032.0 0.000841002201923402
1033.0 0.00082123051470262
1034.0 0.0006664648481091717
1035.0 0.0005116989996167831
1036.0 0.0005941508788964711
1037.0 0.0006766027581761591
1038.0 0.0007232874850160442
1039.0 0.0007699722118559293
1040.0 0.0006475616828538477
1041.0 0.000525151108377031
1042.0 0.0005474556473927805
1043.0 0.0005697600499843247
1044.0 0.0007068485047057038
1045.0 0.0008439368684776127
1046.0 0.0008271551450889092
1047.0 0.000810373603599146
1048.0 0.000767119308875408
1049.0 0.0007238652415253455
1050.0 0.0009144583600573242
1051.0 0.001105051524064038
1052.0 0.0009894305549096316
1053.0 0.000873808949108934
1054.0 0.0008407555469602812
1055.0 0.0008077020538621582
1056.0 0.0008408888788835611
1057.0 0.0008740756129554939
1058.0 0.0010246787496726029
1059.0 0.0011752817954402417
1060.0 0.0012442333172657527
1061.0 0.0013131846571923234
1062.0 0.0013601936188933905
1063.0 0.0014072023077460472
1064.0 0.0014009939150128048
1065.0 0.0013947855222795624
1066.0 0.0016626865544822067
1067.0 0.0019305876776343212
1068.0 0.0019646668079076335
1069.0 0.0019987457562820055
1070.0 0.0022254700525081716
1071.0 0.002452194348734338
1072.0 0.001971281562873628
1073.0 0.001490368686063448
1074.0 0.001946847805811558
1075.0 0.0024033266527112573
1076.0 0.0026396766770631075
1077.0 0.0028760265195160173
1078.0 0.0030828530725557357
1079.0 0.003289679079898633
1080.0 0.003911950625479221
1081.0 0.004534221443464048
1082.0 0.004275634637451731
1083.0 0.004017047831439413
1084.0 0.00411977744079195
1085.0 0.004222506686346605
1086.0 0.0041275681724073365
1087.0 0.004032629294670187
1088.0 0.003822282815235667
1089.0 0.003611935972003266
1090.0 0.002734778718149755
1091.0 0.0018576218280941248
1092.0 0.003186227331752889
1093.0 0.004514833199209534
1094.0 0.004147631625528447
1095.0 0.0037804307794431224
1096.0 0.003412045043660328
1097.0 0.003043659125978593
1098.0 0.00380716664949432
1099.0 0.004570674718706869
1100.0 0.0033571686799405143
1101.0 0.0021436624592752196
