ts8/transmission_sensor/rtm-007_s20/19700101T000000.ecsv
# %ECSV 0.9
# ---
# datatype:
# - {name: amp_name, datatype: string}
# - {name: wavelength, unit: nm, datatype: float32}
# - {name: efficiency, unit: '%', datatype: float32}
# meta: !!omap
# - {MODE: AMP}
# - {TYPE: transmission_sensor}
# - {CALIBDATE: '1970-01-01T00:00:00'}
# - {INSTRUME: TS8}
# - {OBSTYPE: transmission_sensor}
# - {DETECTOR: 51}
# - {CALIBCLS: lsst.ip.isr.IntermediateSensorTransmissionCurve}
# - {PICKLEFILE: RaftRun11903.p}
# - {CALIB_ID: 'raftName=RTM-007 detectorName=S20 detector=51 calibDate=1970-01-01T00:00:00 ccd=51 ccdnum=51 filter=None'}
# - {DATE: '2020-07-23T19:16:12.665119'}
# - {CALIB_CREATION_DATE: '2020-07-23'}
# - {CALIB_CREATION_TIME: '19:16:12'}
# - __serialized_columns__:
#     efficiency:
#       __class__: astropy.units.quantity.Quantity
#       unit: !astropy.units.Unit {unit: '%'}
#       value: !astropy.table.SerializedColumn {name: efficiency}
#     wavelength:
#       __class__: astropy.units.quantity.Quantity
#       unit: !astropy.units.Unit {unit: nm}
#       value: !astropy.table.SerializedColumn {name: wavelength}
# schema: astropy-2.0
amp_name wavelength efficiency
C15 319.994 40.861546
C15 324.969 46.159332
C15 349.982 67.95464
C15 374.975 72.66203
C15 400.019 81.746315
C15 424.965 84.4783
C15 450.035 86.78623
C15 475.003 89.86203
C15 500.018 91.9066
C15 525.002 93.97574
C15 550.029 96.74474
C15 575.023 97.87524
C15 599.982 98.278786
C15 619.997 98.39244
C15 624.979 99.44298
C15 650.012 98.968765
C15 675.004 99.44682
C15 700.03 98.442444
C15 725.012 98.8166
C15 750.022 98.91536
C15 774.987 98.81575
C15 799.976 97.944496
C15 824.988 96.07167
C15 850.022 94.22449
C15 869.967 91.02539
C15 875.002 90.12829
C15 899.999 82.9655
C15 919.999 73.39162
C15 925.012 70.90748
C15 949.965 57.69969
C15 975.002 42.84283
C15 999.976 25.882776
C15 1025.028 11.105715
C15 1050.014 3.8815246
C15 1075.002 2.1492467
C15 1099.99 1.6741724
C03 319.994 41.4768
C03 324.969 46.867455
C03 349.982 69.03985
C03 374.975 73.57619
C03 400.019 82.2832
C03 424.965 84.82076
C03 450.035 87.033775
C03 475.003 90.05344
C03 500.018 92.06577
C03 525.002 94.11474
C03 550.029 96.8703
C03 575.023 97.9928
C03 599.982 98.39095
C03 619.997 98.49664
C03 624.979 99.54645
C03 650.012 99.064384
C03 675.004 99.53596
C03 700.03 98.47052
C03 725.012 98.69234
C03 750.022 98.58526
C03 774.987 98.27266
C03 799.976 97.315475
C03 824.988 95.471634
C03 850.022 93.58322
C03 869.967 90.308876
C03 875.002 89.427124
C03 899.999 82.50339
C03 919.999 73.271034
C03 925.012 70.82542
C03 949.965 57.340282
C03 975.002 42.545677
C03 999.976 25.711329
C03 1025.028 11.013052
C03 1050.014 3.8293514
C03 1075.002 2.1364582
C03 1099.99 1.6673506
C17 319.994 41.323524
C17 324.969 46.695038
C17 349.982 68.81418
C17 374.975 73.43357
C17 400.019 82.25893
C17 424.965 84.842896
C17 450.035 87.07163
C17 475.003 90.1089
C17 500.018 92.13057
C17 525.002 94.18968
C17 550.029 96.9535
C17 575.023 98.08205
C17 599.982 98.48348
C17 619.997 98.593124
C17 624.979 99.64365
C17 650.012 99.16429
C17 675.004 99.64275
C17 700.03 98.620316
C17 725.012 98.971275
C17 750.022 99.03999
C17 774.987 98.90116
C17 799.976 98.008995
C17 824.988 96.12246
C17 850.022 94.27302
C17 869.967 91.043495
C17 875.002 90.14779
C17 899.999 83.01824
C17 919.999 73.50278
C17 925.012 71.0218
C17 949.965 57.537598
C17 975.002 42.6819
C17 999.976 25.868526
C17 1025.028 11.181219
C17 1050.014 3.915647
C17 1075.002 2.164794
C17 1099.99 1.676356
C02 319.994 41.262253
C02 324.969 46.620354
C02 349.982 68.59349
C02 374.975 73.0894
C02 400.019 81.901184
C02 424.965 84.523
C02 450.035 86.77786
C02 475.003 89.82824
C02 500.018 91.85093
C02 525.002 93.90956
C02 550.029 96.66464
C02 575.023 97.78911
C02 599.982 98.18335
C02 619.997 98.28979
C02 624.979 99.33868
C02 650.012 98.85303
C02 675.004 99.32187
C02 700.03 98.26394
C02 725.012 98.48902
C02 750.022 98.39283
C02 774.987 98.08825
C02 799.976 97.13766
C02 824.988 95.29903
C02 850.022 93.41715
C02 869.967 90.187325
C02 875.002 89.31509
C02 899.999 82.33995
C02 919.999 73.13131
C02 925.012 70.72072
C02 949.965 57.33362
C02 975.002 42.545784
C02 999.976 25.660175
C02 1025.028 10.976015
C02 1050.014 3.8219686
C02 1075.002 2.1343348
C02 1099.99 1.6604744
C04 319.994 41.66118
C04 324.969 47.08171
C04 349.982 69.48251
C04 374.975 74.04837
C04 400.019 82.55744
C04 424.965 84.978004
C04 450.035 87.125404
C04 475.003 90.11104
C04 500.018 92.096664
C04 525.002 94.13272
C04 550.029 96.884415
C04 575.023 98.00342
C04 599.982 98.40287
C04 619.997 98.51398
C04 624.979 99.56101
C04 650.012 99.08294
C04 675.004 99.55772
C04 700.03 98.48752
C04 725.012 98.69213
C04 750.022 98.560646
C04 774.987 98.22156
C04 799.976 97.25825
C04 824.988 95.39941
C04 850.022 93.5437
C04 869.967 90.23286
C04 875.002 89.32713
C04 899.999 82.43953
C04 919.999 73.38132
C04 925.012 70.90654
C04 949.965 57.163586
C04 975.002 42.401146
C04 999.976 25.70571
C04 1025.028 11.044454
C04 1050.014 3.8356657
C04 1075.002 2.1296859
C04 1099.99 1.6700612
C00 319.994 40.764187
C00 324.969 46.04854
C00 349.982 67.570244
C00 374.975 72.064514
C00 400.019 81.31937
C00 424.965 84.20433
C00 450.035 86.60584
C00 475.003 89.74445
C00 500.018 91.82026
C00 525.002 93.91172
C00 550.029 96.689384
C00 575.023 97.817856
C00 599.982 98.21639
C00 619.997 98.325874
C00 624.979 99.3739
C00 650.012 98.88469
C00 675.004 99.34948
C00 700.03 98.25297
C00 725.012 98.386986
C00 750.022 98.184586
C00 774.987 97.7722
C00 799.976 96.79375
C00 824.988 94.97742
C00 850.022 93.15746
C00 869.967 90.01325
C00 875.002 89.12602
C00 899.999 82.10112
C00 919.999 73.4063
C00 925.012 71.0867
C00 949.965 57.520744
C00 975.002 42.516724
C00 999.976 25.634323
C00 1025.028 11.059204
C00 1050.014 3.8958154
C00 1075.002 2.1333454
C00 1099.99 1.6491101
C16 319.994 40.974396
C16 324.969 46.29474
C16 349.982 68.17252
C16 374.975 72.8515
C16 400.019 81.863846
C16 424.965 84.54863
C16 450.035 86.82752
C16 475.003 89.88882
C16 500.018 91.923485
C16 525.002 93.98755
C16 550.029 96.75459
C16 575.023 97.8818
C16 599.982 98.28803
C16 619.997 98.3983
C16 624.979 99.4467
C16 650.012 98.97248
C16 675.004 99.452614
C16 700.03 98.4377
C16 725.012 98.80029
C16 750.022 98.8847
C16 774.987 98.76588
C16 799.976 97.886444
C16 824.988 96.00826
C16 850.022 94.16968
C16 869.967 90.96138
C16 875.002 90.01329
C16 899.999 82.967804
C16 919.999 73.29771
C16 925.012 70.94085
C16 949.965 57.61105
C16 975.002 42.767887
C16 999.976 25.950935
C16 1025.028 11.136303
C16 1050.014 3.886637
C16 1075.002 2.1564245
C16 1099.99 1.6761361
C07 319.994 42.359364
C07 324.969 47.885994
C07 349.982 70.80097
C07 374.975 75.30127
C07 400.019 83.41781
C07 424.965 85.61568
C07 450.035 87.652985
C07 475.003 90.5823
C07 500.018 92.53326
C07 525.002 94.55412
C07 550.029 97.299706
C07 575.023 98.417755
C07 599.982 98.8115
C07 619.997 98.91989
C07 624.979 99.97211
C07 650.012 99.48789
C07 675.004 99.96171
C07 700.03 98.86205
C07 725.012 98.99184
C07 750.022 98.765755
C07 774.987 98.320244
C07 799.976 97.303955
C07 824.988 95.40392
C07 850.022 93.458885
C07 869.967 90.14213
C07 875.002 89.21865
C07 899.999 82.20916
C07 919.999 73.1993
C07 925.012 70.813194
C07 949.965 56.788204
C07 975.002 41.83809
C07 999.976 25.353495
C07 1025.028 11.012457
C07 1050.014 3.842557
C07 1075.002 2.1147053
C07 1099.99 1.6595153
C06 319.994 41.982826
C06 324.969 47.4509
C06 349.982 70.14475
C06 374.975 74.69824
C06 400.019 82.917915
C06 424.965 85.17265
C06 450.035 87.22819
C06 475.003 90.16053
C06 500.018 92.11223
C06 525.002 94.12981
C06 550.029 96.867836
C06 575.023 97.982056
C06 599.982 98.38112
C06 619.997 98.489784
C06 624.979 99.53869
C06 650.012 99.06045
C06 675.004 99.534256
C06 700.03 98.450226
C06 725.012 98.60158
C06 750.022 98.40623
C06 774.987 97.99705
C06 799.976 97.00329
C06 824.988 95.121155
C06 850.022 93.22991
C06 869.967 89.8999
C06 875.002 88.9837
C06 899.999 82.02352
C06 919.999 73.12731
C06 925.012 70.67398
C06 949.965 56.75753
C06 975.002 41.920773
C06 999.976 25.41628
C06 1025.028 10.958271
C06 1050.014 3.8250237
C06 1075.002 2.120358
C06 1099.99 1.6624677
C10 319.994 39.126762
C10 324.969 44.183514
C10 349.982 64.733765
C10 374.975 69.55813
C10 400.019 79.8344
C10 424.965 83.26832
C10 450.035 85.95609
C10 475.003 89.25781
C10 500.018 91.444046
C10 525.002 93.604935
C10 550.029 96.421486
C10 575.023 97.580925
C10 599.982 98.00134
C10 619.997 98.12364
C10 624.979 99.17051
C10 650.012 98.69894
C10 675.004 99.17603
C10 700.03 98.14649
C10 725.012 98.43415
C10 750.022 98.42796
C10 774.987 98.218056
C10 799.976 97.32413
C10 824.988 95.494606
C10 850.022 93.75736
C10 869.967 90.61403
C10 875.002 89.76412
C10 899.999 82.791824
C10 919.999 73.64796
C10 925.012 71.272095
C10 949.965 57.62112
C10 975.002 43.012737
C10 999.976 25.899986
C10 1025.028 11.238056
C10 1050.014 3.911805
C10 1075.002 2.1206183
C10 1099.99 1.6609238
C14 319.994 40.58293
C14 324.969 45.845364
C14 349.982 67.43539
C14 374.975 72.15758
C14 400.019 81.45528
C14 424.965 84.312874
C14 450.035 86.68654
C14 475.003 89.80222
C14 500.018 91.87309
C14 525.002 93.96443
C14 550.029 96.73899
C14 575.023 97.87664
C14 599.982 98.28241
C14 619.997 98.398994
C14 624.979 99.45238
C14 650.012 98.97786
C14 675.004 99.46297
C14 700.03 98.45606
C14 725.012 98.84717
C14 750.022 98.96563
C14 774.987 98.8785
C14 799.976 98.01352
C14 824.988 96.1444
C14 850.022 94.30563
C14 869.967 91.12257
C14 875.002 90.22783
C14 899.999 83.078896
C14 919.999 73.453705
C14 925.012 70.94733
C14 949.965 57.799553
C14 975.002 42.930397
C14 999.976 25.93873
C14 1025.028 11.123245
C14 1050.014 3.8815258
C14 1075.002 2.1446822
C14 1099.99 1.673328
C05 319.994 41.872154
C05 324.969 47.32338
C05 349.982 69.883965
C05 374.975 74.41593
C05 400.019 82.73834
C05 424.965 85.06143
C05 450.035 87.15342
C05 475.003 90.1077
C05 500.018 92.07156
C05 525.002 94.098816
C05 550.029 96.83904
C05 575.023 97.95032
C05 599.982 98.35589
C05 619.997 98.45835
C05 624.979 99.50941
C05 650.012 99.02862
C05 675.004 99.50477
C05 700.03 98.42387
C05 725.012 98.602005
C05 750.022 98.43884
C05 774.987 98.06211
C05 799.976 97.088066
C05 824.988 95.2249
C05 850.022 93.35494
C05 869.967 90.04118
C05 875.002 89.13492
C05 899.999 82.22464
C05 919.999 73.2565
C05 925.012 70.76876
C05 949.965 56.939247
C05 975.002 42.136562
C05 999.976 25.553251
C05 1025.028 11.0182
C05 1050.014 3.8297288
C05 1075.002 2.125048
C05 1099.99 1.6693208
C12 319.994 40.089268
C12 324.969 45.27855
C12 349.982 66.481445
C12 374.975 71.21439
C12 400.019 80.882835
C12 424.965 83.965866
C12 450.035 86.46208
C12 475.003 89.65256
C12 500.018 91.765495
C12 525.002 93.88426
C12 550.029 96.67925
C12 575.023 97.82604
C12 599.982 98.23572
C12 619.997 98.35453
C12 624.979 99.400795
C12 650.012 98.92737
C12 675.004 99.41317
C12 700.03 98.41224
C12 725.012 98.80093
C12 750.022 98.91998
C12 774.987 98.83108
C12 799.976 97.97866
C12 824.988 96.10995
C12 850.022 94.32923
C12 869.967 91.191895
C12 875.002 90.29573
C12 899.999 82.978745
C12 919.999 73.71828
C12 925.012 71.29707
C12 949.965 57.98517
C12 975.002 42.978115
C12 999.976 25.912218
C12 1025.028 11.124947
C12 1050.014 3.8962712
C12 1075.002 2.144034
C12 1099.99 1.6680812
C13 319.994 40.239006
C13 324.969 45.45071
C13 349.982 66.79211
C13 374.975 71.51984
C13 400.019 81.010284
C13 424.965 83.97983
C13 450.035 86.41848
C13 475.003 89.566574
C13 500.018 91.65631
C13 525.002 93.75341
C13 550.029 96.53626
C13 575.023 97.67756
C13 599.982 98.08843
C13 619.997 98.20224
C13 624.979 99.25184
C13 650.012 98.77588
C13 675.004 99.26157
C13 700.03 98.25974
C13 725.012 98.65892
C13 750.022 98.77994
C13 774.987 98.7023
C13 799.976 97.85182
C13 824.988 95.98252
C13 850.022 94.17549
C13 869.967 91.01994
C13 875.002 90.1254
C13 899.999 82.871735
C13 919.999 73.45995
C13 925.012 71.008545
C13 949.965 57.820892
C13 975.002 42.889267
C13 999.976 25.874382
C13 1025.028 11.096789
C13 1050.014 3.8798976
C13 1075.002 2.1466296
C13 1099.99 1.6715521
C11 319.994 39.65118
C11 324.969 44.78113
C11 349.982 65.68079
C11 374.975 70.447
C11 400.019 80.36323
C11 424.965 83.59253
C11 450.035 86.17061
C11 475.003 89.4027
C11 500.018 91.54628
C11 525.002 93.68133
C11 550.029 96.48237
C11 575.023 97.63454
C11 599.982 98.04829
C11 619.997 98.168846
C11 624.979 99.218254
C11 650.012 98.74592
C11 675.004 99.225746
C11 700.03 98.21417
C11 725.012 98.570755
C11 750.022 98.65186
C11 774.987 98.52437
C11 799.976 97.65983
C11 824.988 95.80602
C11 850.022 94.0623
C11 869.967 90.90528
C11 875.002 90.020004
C11 899.999 82.86922
C11 919.999 73.718414
C11 925.012 71.30435
C11 949.965 57.78761
C11 975.002 42.944485
C11 999.976 25.895992
C11 1025.028 11.160029
C11 1050.014 3.906361
C11 1075.002 2.129669
C11 1099.99 1.6616132
C01 319.994 41.0531
C01 324.969 46.38002
C01 349.982 68.15323
C01 374.975 72.65229
C01 400.019 81.69188
C01 424.965 84.44637
C01 450.035 86.77777
C01 475.003 89.87011
C01 500.018 91.92302
C01 525.002 93.99964
C01 550.029 96.768585
C01 575.023 97.89612
C01 599.982 98.28985
C01 619.997 98.399704
C01 624.979 99.44743
C01 650.012 98.96441
C01 675.004 99.43272
C01 700.03 98.363884
C01 725.012 98.56759
C01 750.022 98.44889
C01 774.987 98.1178
C01 799.976 97.16259
C01 824.988 95.33233
C01 850.022 93.46318
C01 869.967 90.289375
C01 875.002 89.41869
C01 899.999 82.31186
C01 919.999 73.31933
C01 925.012 70.966576
C01 949.965 57.568047
C01 975.002 42.618565
C01 999.976 25.642914
C01 1025.028 10.994357
C01 1050.014 3.8532786
C01 1075.002 2.1440494
C01 1099.99 1.6578151
