lsstCam/transmission_filter_detector/r14_s11/i_39/19700101T000000.ecsv
# %ECSV 1.0
# ---
# datatype:
# - {name: wavelength, unit: nm, datatype: float32}
# - {name: efficiency, unit: '%', datatype: float64}
# meta: !!omap
# - {MODE: DETECTOR}
# - {TYPE: transmission_filter_detector}
# - {CALIBDATE: '1970-01-01T00:00:00'}
# - {INSTRUME: LSSTCam}
# - {OBSTYPE: transmission_filter_detector}
# - {CALIBCLS: lsst.ip.isr.IntermediateFilterDetectorTransmissionCurve}
# - {SOURCE: Materion (DM-46256)}
# - {DETECTOR: 67}
# - {FILTER: i_39}
# - {CALIB_ID: 'calibDate=1970-01-01T00:00:00 filter=i_39 detector=67'}
# - {DATE: '2025-04-02T15:59:46.789498'}
# - {CALIB_CREATION_DATE: '2025-04-02'}
# - {CALIB_CREATION_TIME: '15:59:46'}
# - __serialized_columns__:
#     efficiency:
#       __class__: astropy.units.quantity.Quantity
#       unit: !astropy.units.Unit {unit: '%'}
#       value: !astropy.table.SerializedColumn {name: efficiency}
#     wavelength:
#       __class__: astropy.units.quantity.Quantity
#       unit: !astropy.units.Unit {unit: nm}
#       value: !astropy.table.SerializedColumn {name: wavelength}
# schema: astropy-2.0
wavelength efficiency
[from data line 600]
900.0 1.673724201768645e-10
901.0 1.673724201768645e-10
902.0 1.673724201768645e-10
903.0 1.673724201768645e-10
904.0 1.673724201768645e-10
905.0 1.673724201768645e-10
906.0 1.673724201768645e-10
907.0 0.00014675705415356788
908.0 0.00032067616757558426
909.0 2.48473952524364e-05
910.0 1.673724201768645e-10
911.0 1.673724201768645e-10
912.0 9.423479241377208e-06
913.0 2.6573022182674322e-05
914.0 4.372256796614238e-05
915.0 1.673724201768645e-10
916.0 1.673724201768645e-10
917.0 1.673724201768645e-10
918.0 1.673724201768645e-10
919.0 1.673724201768645e-10
920.0 3.777780079872173e-05
921.0 4.7665454872003465e-05
922.0 5.755309757660143e-05
923.0 1.673724201768645e-10
924.0 1.673724201768645e-10
925.0 2.8348100045150204e-05
926.0 0.00028083227334718686
927.0 4.771251127522191e-06
928.0 1.673724201768645e-10
929.0 1.673724201768645e-10
930.0 0.00021130945242475718
931.0 0.0002601208734631655
932.0 0.00030893222628947115
933.0 0.00023822303774068132
934.0 0.0001675138491918915
935.0 1.673724201768645e-10
936.0 1.673724201768645e-10
937.0 1.673724201768645e-10
938.0 1.673724201768645e-10
939.0 1.673724201768645e-10
940.0 1.673724201768645e-10
941.0 1.673724201768645e-10
942.0 1.673724201768645e-10
943.0 1.673724201768645e-10
944.0 1.673724201768645e-10
945.0 1.673724201768645e-10
946.0 1.673724201768645e-10
947.0 1.673724201768645e-10
948.0 1.673724201768645e-10
949.0 1.673724201768645e-10
950.0 1.673724201768645e-10
951.0 1.673724201768645e-10
952.0 1.673724201768645e-10
953.0 1.673724201768645e-10
954.0 1.673724201768645e-10
955.0 5.205720299272798e-05
956.0 0.00023685895484959474
957.0 0.000194721314983326
958.0 0.00015258361827363842
959.0 0.00016783587852842174
960.0 0.00018308815015188884
961.0 0.0001105856426875107
962.0 3.808316648701293e-05
963.0 1.673724201768645e-10
964.0 1.673724201768645e-10
965.0 1.673724201768645e-10
966.0 1.673724201768645e-10
967.0 1.673724201768645e-10
968.0 1.673724201768645e-10
969.0 1.673724201768645e-10
970.0 1.673724201768645e-10
971.0 1.673724201768645e-10
972.0 1.673724201768645e-10
973.0 1.673724201768645e-10
974.0 1.673724201768645e-10
975.0 1.673724201768645e-10
976.0 1.673724201768645e-10
977.0 1.673724201768645e-10
978.0 1.673724201768645e-10
979.0 1.673724201768645e-10
980.0 1.673724201768645e-10
981.0 1.673724201768645e-10
982.0 1.673724201768645e-10
983.0 1.673724201768645e-10
984.0 1.673724201768645e-10
985.0 5.4515811598321307e-05
986.0 0.0002159346877306234
987.0 1.339099355845974e-05
988.0 1.673724201768645e-10
989.0 1.673724201768645e-10
990.0 1.673724201768645e-10
991.0 1.673724201768645e-10
992.0 1.673724201768645e-10
993.0 1.673724201768645e-10
994.0 1.673724201768645e-10
995.0 1.673724201768645e-10
996.0 1.673724201768645e-10
997.0 4.924986569676548e-05
998.0 0.0003379590907570673
999.0 0.0003393071210666676
1000.0 0.0003406551059015328
1001.0 0.00012506849316196167
1002.0 1.673724201768645e-10
1003.0 1.3677282595381257e-05
1004.0 0.00011787276434915839
1005.0 1.673724201768645e-10
1006.0 1.673724201768645e-10
1007.0 1.3490247852132597e-05
1008.0 0.0001646193254600803
1009.0 0.00017015091771099833
1010.0 0.00017568244174981373
1011.0 0.00019785484255407937
1012.0 0.00022002718651492614
1013.0 0.000372964359485195
1014.0 0.000525901577930199
1015.0 0.0004232924766256474
1016.0 0.000320683466270566
1017.0 0.00044899270505993627
1018.0 0.0005773020347987767
1019.0 0.0003909139195457101
1020.0 0.0002045257815552759
1021.0 0.00015464842135770596
1022.0 0.00010477106116013601
1023.0 0.0004873054876952665
1024.0 0.0008698400051798671
1025.0 0.0006698449396935757
1026.0 0.0004698499196820194
1027.0 0.00038615135053987615
1028.0 0.00030245280413510045
1029.0 0.0007127058779587969
1030.0 0.0011229589290451258
1031.0 0.0016497508113388903
1032.0 0.0021765425117337145
1033.0 0.0023924871129565872
1034.0 0.0026084309865836985
1035.0 0.003237062628613785
1036.0 0.00386569372494705
1037.0 0.003878580901073292
1038.0 0.003891467349603772
1039.0 0.0032005566026782617
1040.0 0.0025096460376516916
1041.0 0.001964167859114241
1042.0 0.0014186894077283796
1043.0 0.0021484913304448128
1044.0 0.0028782929803128354
1045.0 0.003360708797117695
1046.0 0.0038431255234172568
1047.0 0.003572256173356436
1048.0 0.0033013871870934963
1049.0 0.003059410664718598
1050.0 0.0028174345061415806
1051.0 0.002737502654781565
1052.0 0.0026575713491183706
1053.0 0.0018284572433913127
1054.0 0.0009993431376642548
1055.0 0.0009088450497074518
1056.0 0.0008183468708011787
1057.0 0.000801535315986257
1058.0 0.0007847240340197459
1059.0 0.0008978662663139403
1060.0 0.0010110088624060154
1061.0 0.0017318792743026279
1062.0 0.0024527493224013597
1063.0 0.0025362644009874202
1064.0 0.002619779661472421
1065.0 0.002985831815749407
1066.0 0.003351884151925333
1067.0 0.004183002238278277
1068.0 0.005014119960833341
1069.0 0.004242566501488909
1070.0 0.0034710126783465967
1071.0 0.0033533910027472302
1072.0 0.003235769327147864
1073.0 0.0030835202778689563
1074.0 0.0029312710466911085
1075.0 0.002782666706480086
1076.0 0.0026340620024711825
1077.0 0.0019561526642064564
1078.0 0.0012782429621438496
1079.0 0.001573538793309126
1080.0 0.0018688349882722832
1081.0 0.0012022995178995188
1082.0 0.0005357639565772843
1083.0 0.00021034259134466993
1084.0 1.673724201768645e-10
1085.0 0.00038356279219442513
1086.0 0.0008822047675494105
1087.0 0.0009098810551222414
1088.0 0.0009375575245940126
1089.0 1.673724201768645e-10
1090.0 1.673724201768645e-10
1091.0 1.673724201768645e-10
1092.0 1.673724201768645e-10
1093.0 1.673724201768645e-10
1094.0 0.0005967953711660812
1095.0 0.0008664327651786152
1096.0 0.0011360703865648247
1097.0 1.673724201768645e-10
1098.0 1.673724201768645e-10
1099.0 1.673724201768645e-10
1100.0 1.673724201768645e-10
