lsstCam/transmission_filter_detector/r14_s11/i_39/19700101T000000.ecsv
# %ECSV 1.0
# ---
# datatype:
# - {name: wavelength, unit: nm, datatype: float32}
# - {name: efficiency, unit: '%', datatype: float64}
# meta: !!omap
# - {MODE: DETECTOR}
# - {TYPE: transmission_filter_detector}
# - {CALIBDATE: '1970-01-01T00:00:00'}
# - {INSTRUME: LSSTCam}
# - {OBSTYPE: transmission_filter_detector}
# - {CALIBCLS: lsst.ip.isr.IntermediateFilterDetectorTransmissionCurve}
# - {SOURCE: Materion (DM-46256)}
# - {DETECTOR: 67}
# - {FILTER: i_39}
# - {CALIB_ID: 'calibDate=1970-01-01T00:00:00 filter=i_39 detector=67'}
# - {DATE: '2025-04-02T15:59:46.789498'}
# - {CALIB_CREATION_DATE: '2025-04-02'}
# - {CALIB_CREATION_TIME: '15:59:46'}
# - __serialized_columns__:
#     efficiency:
#       __class__: astropy.units.quantity.Quantity
#       unit: !astropy.units.Unit {unit: '%'}
#       value: !astropy.table.SerializedColumn {name: efficiency}
#     wavelength:
#       __class__: astropy.units.quantity.Quantity
#       unit: !astropy.units.Unit {unit: nm}
#       value: !astropy.table.SerializedColumn {name: wavelength}
# schema: astropy-2.0
wavelength efficiency
300.0 0.07510872092097998
301.0 0.03676937776617706
302.0 1.673724201768645e-10
303.0 0.019747721671592444
304.0 0.04106537962798029
305.0 0.0344079831847921
306.0 0.02775058674160391
307.0 0.0014830158761469647
308.0 1.673724201768645e-10
309.0 1.673724201768645e-10
310.0 1.673724201768645e-10
311.0 1.673724201768645e-10
312.0 0.004035846723127179
313.0 0.0008411924682150129
314.0 1.673724201768645e-10
315.0 1.673724201768645e-10
316.0 1.673724201768645e-10
317.0 1.673724201768645e-10
318.0 1.673724201768645e-10
319.0 1.673724201768645e-10
320.0 1.673724201768645e-10
321.0 1.673724201768645e-10
322.0 1.673724201768645e-10
323.0 1.673724201768645e-10
324.0 1.673724201768645e-10
325.0 1.673724201768645e-10
326.0 1.673724201768645e-10
327.0 1.673724201768645e-10
328.0 0.004447572791832499
329.0 0.002669579225766938
330.0 0.0008915858416003175
331.0 1.673724201768645e-10
332.0 1.673724201768645e-10
333.0 0.000651944264973281
334.0 0.00239498167502461
335.0 0.0013968548955745064
336.0 0.0003987286618212238
337.0 0.001449577302992111
338.0 0.002500425762264058
339.0 0.003196514444425702
340.0 0.003892603490385227
341.0 0.0007136759450077079
342.0 1.673724201768645e-10
343.0 1.673724201768645e-10
344.0 1.673724201768645e-10
345.0 1.673724201768645e-10
346.0 1.673724201768645e-10
347.0 1.673724201768645e-10
348.0 1.673724201768645e-10
349.0 1.673724201768645e-10
350.0 1.673724201768645e-10
351.0 1.673724201768645e-10
352.0 0.00016190537053262233
353.0 1.673724201768645e-10
354.0 1.673724201768645e-10
355.0 1.673724201768645e-10
356.0 1.673724201768645e-10
357.0 0.00037607167087116977
358.0 0.0008233643711719196
359.0 0.001096473351935856
360.0 0.0013695818779524416
361.0 0.0009352196684631053
362.0 0.0005008575044485042
363.0 0.0004372714101918973
364.0 0.00037368542962212814
365.0 0.001301569318457041
366.0 0.002229453639301937
367.0 0.0012882112969236914
368.0 0.00034696874990913784
369.0 0.0008380215149372816
370.0 0.001329074348177528
371.0 0.0011185758921783417
372.0 0.0009080773452296853
373.0 0.000984175676421728
374.0 0.0010602740985632408
375.0 5.357946974982042e-05
376.0 1.673724201768645e-10
377.0 1.673724201768645e-10
378.0 1.2815449679237645e-05
379.0 0.00010842604751815088
380.0 0.00020403658709255978
381.0 1.673724201768645e-10
382.0 1.673724201768645e-10
383.0 5.305173544911668e-05
384.0 0.0012786824299837463
385.0 0.0011636829185590614
386.0 0.001048683134285966
387.0 1.673724201768645e-10
388.0 1.673724201768645e-10
389.0 1.673724201768645e-10
390.0 1.673724201768645e-10
391.0 1.673724201768645e-10
392.0 1.673724201768645e-10
393.0 1.673724201768645e-10
394.0 0.00047500407163170166
395.0 1.673724201768645e-10
396.0 1.673724201768645e-10
397.0 1.673724201768645e-10
398.0 1.673724201768645e-10
399.0 1.673724201768645e-10
400.0 1.673724201768645e-10
401.0 0.0004059026196046034
402.0 0.0009960614988813177
403.0 0.002107379987137392
404.0 0.003218699202989228
405.0 0.004523398820310831
406.0 0.005828097710036673
407.0 0.0022577438357984647
408.0 1.673724201768645e-10
409.0 1.673724201768645e-10
410.0 0.0012295928172534332
411.0 0.003033615394087974
412.0 0.0048376383347203955
413.0 0.004498986527323723
414.0 0.004160335811320692
415.0 0.005028238592785783
416.0 0.0058961406466551125
417.0 0.003270482920925133
418.0 0.0006448249223467428
419.0 0.003242523962398991
420.0 0.005840222729602829
421.0 0.004742628880194388
422.0 0.003645033939392306
423.0 0.003949102756450884
424.0 0.0042531712097115815
425.0 0.003073630796279758
426.0 0.0018940896552521735
427.0 0.00305084977298975
428.0 0.004207610254525207
429.0 0.00484010815853253
430.0 0.005472606790135615
431.0 0.003903235847246833
432.0 0.0023338652681559324
433.0 0.003662404924398288
434.0 0.004990944580640644
435.0 0.003267726060585119
436.0 0.0015445077224285342
437.0 0.0013246775779407471
438.0 0.0011048477972508408
439.0 0.0016319778296747245
440.0 0.0021591080439975485
441.0 0.0006438340733438963
442.0 1.673724201768645e-10
443.0 1.673724201768645e-10
444.0 1.673724201768645e-10
445.0 1.673724201768645e-10
446.0 1.673724201768645e-10
447.0 0.00017719027027851553
448.0 0.00046300424401124474
449.0 1.673724201768645e-10
450.0 1.673724201768645e-10
451.0 0.00022172262106323615
452.0 0.0014300442671810742
453.0 0.0016381265595555305
454.0 0.0018462091247783974
455.0 0.0018582040866021998
456.0 0.0018701990484260023
457.0 0.0011107579666713718
458.0 0.0003513169986035791
459.0 0.0002364514102737303
460.0 0.00012158586741861654
461.0 0.0004207499841868412
462.0 0.0007199140327429632
463.0 0.00020655754724430153
464.0 1.673724201768645e-10
465.0 0.00018206252434538328
466.0 0.0006709240551572293
467.0 0.0008291613085020799
468.0 0.0009873986527964007
469.0 0.0005037354640080594
470.0 2.0072332063136855e-05
471.0 0.00038751318243157584
472.0 0.0007549540441686986
473.0 0.0009071522072190419
474.0 0.0010593505976430606
475.0 0.0005768856681243051
476.0 9.442112514079781e-05
477.0 0.0006038439096300863
478.0 0.0011132667168567423
479.0 0.0011975688721577171
480.0 0.0012818709365092218
481.0 0.002546568612160627
482.0 0.003811264832620509
483.0 0.005203079126658849
484.0 0.006594893056899309
485.0 0.006621501233894378
486.0 0.006648109410889447
487.0 0.009518794831819832
488.0 0.012389480252750218
489.0 0.015992527187336236
490.0 0.01959557266673073
491.0 0.022770697250962257
492.0 0.02594582038000226
493.0 0.02867278817575425
494.0 0.03139975597150624
495.0 0.0286313850665465
496.0 0.02586300834082067
497.0 0.02012527984334156
498.0 0.014387549890670925
499.0 0.010204180580331013
500.0 0.006020811997586861
501.0 0.004518943023867905
502.0 0.0030170744139468297
503.0 0.002401717756583821
504.0 0.0017863607354229316
505.0 0.0018473598174750805
506.0 0.0019083590814261697
507.0 0.0021825013391207904
508.0 0.0024566434149164706
509.0 0.002475180008332245
510.0 0.00249371678364696
511.0 0.0019429346139077097
512.0 0.0013921526260674
513.0 0.0016682224668329582
514.0 0.0019442919438006356
515.0 0.0024771276002866216
516.0 0.0030099632567726076
517.0 0.002282846617163159
518.0 0.0015557301594526507
519.0 0.0019076207536272705
520.0 0.0022595113478018902
521.0 0.0018808063032338396
522.0 0.0015021014405647293
523.0 0.0014056466170586646
524.0 0.0013091919754515402
525.0 0.001817752308852505
526.0 0.002326312278455589
527.0 0.002543228220019955
528.0 0.0027601441615843214
529.0 0.002698405660339631
530.0 0.0026366675228928216
531.0 0.0025128085326286964
532.0 0.0023889500880613923
533.0 0.002048909846052993
534.0 0.0017088697859435342
535.0 0.0015981529941200279
536.0 0.0014874360203975812
537.0 0.002188264625146985
538.0 0.0028890930479974486
539.0 0.0034492706618038937
540.0 0.0040094480937113985
541.0 0.004662251012632623
542.0 0.005315053931553848
543.0 0.005167328708921559
544.0 0.00501960348628927
545.0 0.00418092604377307
546.0 0.003342249328852631
547.0 0.0025385448680026457
548.0 0.0017348404071526602
549.0 0.0018308706785319373
550.0 0.0019269009499112144
551.0 0.0016173627955140546
552.0 0.0013078250049147755
553.0 0.001635827538848389
554.0 0.0019638302546809427
555.0 0.0015309111404349096
556.0 0.0010979920261888765
557.0 0.000875510522746481
558.0 0.0006530291557282908
559.0 0.00028831116196670337
560.0 1.673724201768645e-10
561.0 0.0006239118192752358
562.0 0.001324230652244296
563.0 0.0014823552191955969
564.0 0.0016404799680458382
565.0 0.001336329569312511
566.0 0.0010321790796297137
567.0 0.0009755452992976643
568.0 0.0009189112461172044
569.0 0.0008873161277733743
570.0 0.0008557207365811337
571.0 0.0004924644599668682
572.0 0.00012920814924655133
573.0 0.0003227372872061096
574.0 0.0005162665274838218
575.0 0.0004565550170809729
576.0 0.00039684346120338887
577.0 0.000448864329882781
578.0 0.0005008851985621732
579.0 0.00018418950276100077
580.0 1.673724201768645e-10
581.0 0.00014078353842705837
582.0 0.00041407329263165593
583.0 0.0004608399649441708
584.0 0.0005076065008324804
585.0 0.0006619345185754355
586.0 0.0008162626727425959
587.0 0.0007651207852177322
588.0 0.0007139788067433983
589.0 0.00069307534431573
590.0 0.0006721718818880618
591.0 0.0008306410563818645
592.0 0.0009891104127746075
593.0 0.000656218526273733
594.0 0.00032332663977285847
595.0 0.0006179969204822555
596.0 0.0009126671102421824
597.0 0.0006756079528713599
598.0 0.00043854884097527247
599.0 0.0004674554475059267
600.0 0.0004963619176123757
601.0 0.0004256632109900238
602.0 0.00035496448163030436
603.0 0.0003157919991281233
604.0 0.0002766194029391045
605.0 0.00020157594917691313
606.0 0.00012653249541472178
607.0 0.0003800508920903667
608.0 0.0006335691523418063
609.0 0.0005844557563250419
610.0 0.0005353420874598669
611.0 0.0006748530267941533
612.0 0.0008143640116031747
613.0 0.00044373700802680105
614.0 7.311012382160698e-05
615.0 1.673724201768645e-10
616.0 1.673724201768645e-10
617.0 1.673724201768645e-10
618.0 9.222909511663602e-05
619.0 0.0002134291889888118
620.0 0.000334629362441774
621.0 0.0004943790372635704
622.0 0.0006541286893479992
623.0 0.0005462587523652473
624.0 0.0004383888153824955
625.0 0.00046230966290750075
626.0 0.00048623055590724107
627.0 0.00035606883557193214
628.0 0.0002259071607113583
629.0 0.0004563378752209246
630.0 0.000686768635205226
631.0 0.0005426586994872196
632.0 0.0003985488092439482
633.0 0.0004284080659999745
634.0 0.0004582673227560008
635.0 0.00040620925574330613
636.0 0.0003541510977811413
637.0 0.0003561996209100471
638.0 0.0003582479848773801
639.0 0.0006097904588386882
640.0 0.0008613328645878937
641.0 0.0006038750143488869
642.0 0.0003464171641098801
643.0 0.0004946241915604332
644.0 0.0006428312190109864
645.0 0.0006260354894038755
646.0 0.0006092398507462349
647.0 0.0007769953299430199
648.0 0.0009447511729376856
649.0 0.0008053125384321902
650.0 0.0006658739494014299
651.0 0.0008645482012070715
652.0 0.0010632225894369185
653.0 0.0011832412383228075
654.0 0.0013032598872086965
655.0 0.0017498901797807775
656.0 0.0021965202904539183
657.0 0.0032240535801975057
658.0 0.004251585778547451
659.0 0.006717688665958121
660.0 0.052785256411880255
661.0 0.1349680358543992
662.0 0.1145946909673512
663.0 0.07790916715748608
664.0 0.11403983226045966
665.0 0.1293078064918518
666.0 0.11311090784147382
667.0 0.146512221544981
668.0 0.18110839882865548
669.0 0.2542799571529031
670.0 0.34871085081249475
671.0 0.4562477581202984
672.0 0.7107476703822613
673.0 1.1887621134519577
674.0 1.783083751797676
675.0 2.5860385969281197
676.0 3.623000904917717
677.0 4.926253855228424
678.0 6.259187310934067
679.0 7.706625014543533
680.0 9.528937935829163
681.0 11.54688373208046
682.0 14.102107286453247
683.0 16.911786794662476
684.0 19.943879544734955
685.0 22.841739654541016
686.0 25.870603322982788
687.0 29.030519723892212
688.0 32.22010135650635
689.0 35.37744581699371
690.0 39.059680700302124
691.0 42.99590885639191
692.0 47.79355525970459
693.0 52.821511030197144
694.0 58.53952169418335
695.0 64.2000675201416
696.0 70.46963572502136
697.0 76.02850794792175
698.0 82.18909502029419
699.0 86.86981201171875
700.0 90.55302143096924
701.0 93.44848990440369
702.0 95.5288290977478
703.0 96.62172794342041
704.0 97.20034599304199
705.0 97.69155979156494
706.0 97.73983359336853
707.0 97.93201684951782
708.0 98.0040192604065
709.0 98.08633327484131
710.0 97.79682755470276
711.0 97.97255396842957
712.0 97.86407947540283
713.0 97.9070782661438
714.0 97.99929857254028
715.0 98.0743408203125
716.0 97.96026349067688
717.0 98.09902310371399
718.0 98.20225834846497
719.0 98.18824529647827
720.0 98.34811091423035
721.0 98.35445284843445
722.0 98.0446457862854
723.0 97.82630801200867
724.0 97.52014875411987
725.0 97.21753597259521
726.0 96.88394069671631
727.0 96.64707779884338
728.0 96.31508588790894
729.0 96.10673189163208
730.0 96.11694812774658
731.0 96.19707465171814
732.0 96.18644118309021
733.0 96.49683833122253
734.0 96.92078828811646
735.0 97.07084894180298
736.0 97.50155806541443
737.0 97.93844223022461
738.0 98.23872447013855
739.0 98.59981536865234
740.0 98.66488575935364
741.0 98.50961565971375
742.0 98.79541993141174
743.0 98.70448112487793
744.0 98.50540161132812
745.0 98.45287203788757
746.0 98.3945906162262
747.0 98.65396618843079
748.0 98.54269623756409
749.0 98.44622015953064
750.0 98.49218726158142
751.0 98.38488101959229
752.0 98.2828676700592
753.0 98.51530194282532
754.0 98.42808246612549
755.0 98.50131869316101
756.0 98.56050610542297
757.0 98.56780171394348
758.0 98.73277544975281
759.0 98.70023131370544
760.0 98.54937791824341
761.0 98.50183725357056
762.0 98.57597947120667
763.0 98.52465987205505
764.0 98.39756488800049
765.0 98.33695888519287
766.0 98.4131395816803
767.0 98.15481901168823
768.0 98.25645089149475
769.0 98.22372794151306
770.0 98.01954627037048
771.0 98.11453223228455
772.0 98.12678098678589
773.0 98.05400967597961
774.0 97.91550636291504
775.0 98.01518321037292
776.0 97.90500402450562
777.0 97.97592163085938
778.0 97.92471528053284
779.0 97.9446291923523
780.0 97.84725904464722
781.0 98.17408323287964
782.0 97.92909026145935
783.0 98.02231192588806
784.0 97.98403978347778
785.0 98.09579849243164
786.0 98.27861189842224
787.0 97.98952341079712
788.0 98.07484745979309
789.0 98.24222326278687
790.0 98.15737009048462
791.0 98.1263518333435
792.0 97.97365069389343
793.0 97.97080159187317
794.0 97.99051284790039
795.0 97.84087538719177
796.0 97.89901971817017
797.0 98.00137877464294
798.0 97.9959487915039
799.0 97.85974621772766
800.0 97.63903021812439
801.0 97.66383767127991
802.0 97.61875867843628
803.0 97.41196036338806
804.0 97.22898602485657
805.0 96.92149758338928
806.0 96.63316607475281
807.0 96.09851837158203
808.0 95.29762268066406
809.0 94.32876706123352
810.0 93.28933954238892
811.0 91.84011220932007
812.0 89.82967734336853
813.0 87.4286413192749
814.0 84.6808135509491
815.0 81.36848211288452
816.0 77.88330316543579
817.0 73.69468808174133
818.0 68.93024444580078
819.0 64.6750807762146
820.0 59.62235927581787
821.0 54.969578981399536
822.0 50.46265125274658
823.0 45.81073820590973
824.0 41.13921821117401
825.0 36.91674768924713
826.0 32.41465389728546
827.0 27.800554037094116
828.0 23.590052127838135
829.0 19.41521018743515
830.0 15.050618350505829
831.0 11.637607961893082
832.0 8.222915232181549
833.0 5.623957887291908
834.0 3.5872403532266617
835.0 2.182188257575035
836.0 1.2894508428871632
837.0 0.7568881381303072
838.0 0.40034670382738113
839.0 0.24794237688183784
840.0 0.11368963168933988
841.0 0.08125485037453473
842.0 0.03417409607209265
843.0 0.01937144552357495
844.0 1.673724201768645e-10
845.0 1.673724201768645e-10
846.0 1.673724201768645e-10
847.0 1.673724201768645e-10
848.0 1.673724201768645e-10
849.0 1.673724201768645e-10
850.0 1.673724201768645e-10
851.0 1.673724201768645e-10
852.0 0.0012124114618927706
853.0 0.0011955802619922906
854.0 0.0011787495168391615
855.0 0.0009676555237092543
856.0 0.0007565616215288173
857.0 0.0008662462278152816
858.0 0.0009759305612533353
859.0 0.00066365018938086
860.0 0.00035136963560944423
861.0 0.00029987616017024266
862.0 0.00024838257104420336
863.0 0.00013909526614952483
864.0 2.9808015256094222e-05
865.0 1.673724201768645e-10
866.0 1.673724201768645e-10
867.0 8.561711339893918e-07
868.0 5.5714383506710874e-05
869.0 1.673724201768645e-10
870.0 1.673724201768645e-10
871.0 1.673724201768645e-10
872.0 0.00026945697300106985
873.0 0.0002499816901035956
874.0 0.00023050633899401873
875.0 0.00018942866972793126
876.0 0.00014835102319921134
877.0 1.673724201768645e-10
878.0 1.673724201768645e-10
879.0 1.673724201768645e-10
880.0 0.0004945653472532285
881.0 0.00023944576241774485
882.0 1.673724201768645e-10
883.0 0.0001154703340944252
884.0 0.0002466144678692217
885.0 8.697529096934886e-05
886.0 1.673724201768645e-10
887.0 6.890907684464764e-05
888.0 0.00021048201688245172
889.0 8.069922046161082e-05
890.0 1.673724201768645e-10
891.0 7.712712886132067e-05
892.0 0.000203337754101085
893.0 0.00026984725991496816
894.0 0.00033635674299148377
895.0 5.489167165251274e-05
896.0 1.673724201768645e-10
897.0 1.673724201768645e-10
898.0 1.673724201768645e-10
