lsstCam/transmission_filter_detector/r40_sw0/r_57/19700101T000000.ecsv
# %ECSV 1.0
# ---
# datatype:
# - {name: wavelength, unit: nm, datatype: float32}
# - {name: efficiency, unit: '%', datatype: float64}
# meta: !!omap
# - {MODE: DETECTOR}
# - {TYPE: transmission_filter_detector}
# - {CALIBDATE: '1970-01-01T00:00:00'}
# - {INSTRUME: LSSTCam}
# - {OBSTYPE: transmission_filter_detector}
# - {CALIBCLS: lsst.ip.isr.IntermediateFilterDetectorTransmissionCurve}
# - {SOURCE: Materion (DM-46256)}
# - {DETECTOR: 199}
# - {FILTER: r_57}
# - {CALIB_ID: 'calibDate=1970-01-01T00:00:00 filter=r_57 detector=199'}
# - {DATE: '2025-04-02T15:59:45.104180'}
# - {CALIB_CREATION_DATE: '2025-04-02'}
# - {CALIB_CREATION_TIME: '15:59:45'}
# - __serialized_columns__:
#     efficiency:
#       __class__: astropy.units.quantity.Quantity
#       unit: !astropy.units.Unit {unit: '%'}
#       value: !astropy.table.SerializedColumn {name: efficiency}
#     wavelength:
#       __class__: astropy.units.quantity.Quantity
#       unit: !astropy.units.Unit {unit: nm}
#       value: !astropy.table.SerializedColumn {name: wavelength}
# schema: astropy-2.0
wavelength efficiency
[from data line 603]
903.0 1.6608260990438883e-10
904.0 5.9259076579110115e-05
905.0 0.00017036409190041013
906.0 9.380593155583483e-05
907.0 1.7247764105832175e-05
908.0 8.868706231623946e-05
909.0 0.00016012634205253562
910.0 9.315675697507686e-05
911.0 2.618716337110527e-05
912.0 0.00012582572708197404
913.0 0.00022546430500369752
914.0 0.00017086307479985408
915.0 0.00011626184459601063
916.0 5.5831458212196594e-05
917.0 1.6608260990438883e-10
918.0 1.6768905197750428e-05
919.0 3.8136761304485844e-05
920.0 9.598824135537143e-05
921.0 0.00015383974414362456
922.0 0.00017517101014163927
923.0 0.00019650228750833776
924.0 0.00024114408461173298
925.0 0.00028578585897776065
926.0 0.00025924539386323886
927.0 0.00023270497422345215
928.0 0.0002257497271784814
929.0 0.00021879445739614312
930.0 0.00014565215451511904
931.0 7.25098345810693e-05
932.0 4.863895242124272e-05
933.0 2.47680674192452e-05
934.0 2.8607001922864583e-05
935.0 3.244593074214208e-05
936.0 1.6608260990438883e-10
937.0 1.6608260990438883e-10
938.0 1.6608260990438883e-10
939.0 1.6608260990438883e-10
940.0 1.6608260990438883e-10
941.0 4.6078929472059826e-05
942.0 0.00019442729808361037
943.0 0.0003427756382734515
944.0 0.00034262891404068796
945.0 0.0003424821215958218
946.0 0.0005231977411312982
947.0 0.0007039134288788773
948.0 0.0005702568614651682
949.0 0.0004366004759503994
950.0 0.0004659663318307139
951.0 0.0004953321422362933
952.0 0.0004960922524333
953.0 0.0004968523626303067
954.0 0.0008236839676101226
955.0 0.0011505157090141438
956.0 0.0010748573913588189
957.0 0.000999199073703494
958.0 0.001245826297235908
959.0 0.0014924533388693817
960.0 0.001638846515561454
961.0 0.0017852393284556456
962.0 0.0018903836462413892
963.0 0.0019955277821281925
964.0 0.0020979674445698038
965.0 0.002200407107011415
966.0 0.0022404063201975077
967.0 0.002280405897181481
968.0 0.002245515315735247
969.0 0.002210624370491132
970.0 0.00230928144446807
971.0 0.002407938336546067
972.0 0.0024677068722667173
973.0 0.002527475226088427
974.0 0.002732396205828991
975.0 0.0029373177312663756
976.0 0.0030771701858611777
977.0 0.0032170224585570395
978.0 0.00318725396937225
979.0 0.00315748511638958
980.0 0.003202383959433064
981.0 0.003247282438678667
982.0 0.003267404099460691
983.0 0.0032875253964448348
984.0 0.0032308522349921986
985.0 0.0031741794373374432
986.0 0.003039765033463482
987.0 0.0029053508114884607
988.0 0.0028743081202264875
989.0 0.0028432656108634546
990.0 0.0027991418392048217
991.0 0.0027550184313440695
992.0 0.0026506197173148394
993.0 0.0025462211851845495
994.0 0.0025550943973939866
995.0 0.0025639679734013043
996.0 0.002650080932653509
997.0 0.002736194073804654
998.0 0.0027975433113169856
999.0 0.0028588921850314364
1000.0 0.002915703043981921
1001.0 0.0029725139029324055
1002.0 0.003182351792929694
1003.0 0.0033921900467248634
1004.0 0.003670474688988179
1005.0 0.003948758967453614
1006.0 0.0040153474401449785
1007.0 0.004081935912836343
1008.0 0.0040870691009331495
1009.0 0.004092202289029956
1010.0 0.0040903851186158136
1011.0 0.004088567948201671
1012.0 0.004088611603947356
1013.0 0.0040886552596930414
1014.0 0.004027333125122823
1015.0 0.003966010990552604
1016.0 0.0035271146771265194
1017.0 0.003088217999902554
1018.0 0.002857440267689526
1019.0 0.0026266621716786176
1020.0 0.002385049629083369
1021.0 0.002143436540791299
1022.0 0.0018988313968293369
1023.0 0.0016542258890694939
1024.0 0.0014604605894419365
1025.0 0.0012666955626627896
1026.0 0.0010890935300267301
1027.0 0.0009114918611885514
1028.0 0.0008636089660285506
1029.0 0.0008157262527674902
1030.0 0.0008320205779455137
1031.0 0.0008483149031235371
1032.0 0.0006888266852911329
1033.0 0.0005293383310345234
1034.0 0.0005626548045256641
1035.0 0.0005959713234915398
1036.0 0.0005893345587537624
1037.0 0.0005826978394907201
1038.0 0.0008559010893804953
1039.0 0.0011291042937955353
1040.0 0.001023873392114183
1041.0 0.0009186423085338902
1042.0 0.0008817609341349453
1043.0 0.00084487937783706
1044.0 0.0008067374437814578
1045.0 0.0007685953278269153
1046.0 0.0006504942575702444
1047.0 0.000532392959939898
1048.0 0.0007129089226509677
1049.0 0.0008934249308367725
1050.0 0.0009664947356213816
1051.0 0.0010395643585070502
1052.0 0.0011416204870329238
1053.0 0.0012436764336598571
1054.0 0.0012049365977873094
1055.0 0.001166196852864232
1056.0 0.00115520761028165
1057.0 0.0011442184586485382
1058.0 0.0011414359505579341
1059.0 0.0011386532605683897
1060.0 0.0010698528967623133
1061.0 0.0010010523510572966
1062.0 0.0008586413059674669
1063.0 0.0007162302608776372
1064.0 0.001011435415421147
1065.0 0.0013066406609141268
1066.0 0.001605887882760726
1067.0 0.0019051347408094443
1068.0 0.00183457068487769
1069.0 0.0017640060832491145
1070.0 0.0016664142094668932
1071.0 0.0015688225175836124
1072.0 0.002044359644060023
1073.0 0.002519897316233255
1074.0 0.0023979768229764886
1075.0 0.0022760565116186626
1076.0 0.002309713454451412
1077.0 0.0023433700334862806
1078.0 0.002814346407831181
1079.0 0.0032853226002771407
1080.0 0.0031752948416396976
1081.0 0.0030652670830022544
1082.0 0.0036306890251580626
1083.0 0.004196110967313871
1084.0 0.0038466710975626484
1085.0 0.003497231227811426
1086.0 0.004037780672661029
1087.0 0.004578330481308512
1088.0 0.003984105205745436
1089.0 0.00338987993018236
1090.0 0.0033189222449436784
1091.0 0.0032479645597049966
1092.0 0.0033530101063661277
1093.0 0.003458055289229378
1094.0 0.0030303921448648907
1095.0 0.0026027291823993437
1096.0 0.0030326311389217153
1097.0 0.0034625329135451466
1098.0 0.0027055133614339866
1099.0 0.0019484938093228266
1100.0 0.0014859792827337515
1101.0 0.0010234643923467956
