lsstCam/transmission_filter_detector/r40_sw0/r_57/19700101T000000.ecsv
# %ECSV 1.0
# ---
# datatype:
# - {name: wavelength, unit: nm, datatype: float32}
# - {name: efficiency, unit: '%', datatype: float64}
# meta: !!omap
# - {MODE: DETECTOR}
# - {TYPE: transmission_filter_detector}
# - {CALIBDATE: '1970-01-01T00:00:00'}
# - {INSTRUME: LSSTCam}
# - {OBSTYPE: transmission_filter_detector}
# - {CALIBCLS: lsst.ip.isr.IntermediateFilterDetectorTransmissionCurve}
# - {SOURCE: Materion (DM-46256)}
# - {DETECTOR: 199}
# - {FILTER: r_57}
# - {CALIB_ID: 'calibDate=1970-01-01T00:00:00 filter=r_57 detector=199'}
# - {DATE: '2025-04-02T15:59:45.104180'}
# - {CALIB_CREATION_DATE: '2025-04-02'}
# - {CALIB_CREATION_TIME: '15:59:45'}
# - __serialized_columns__:
#     efficiency:
#       __class__: astropy.units.quantity.Quantity
#       unit: !astropy.units.Unit {unit: '%'}
#       value: !astropy.table.SerializedColumn {name: efficiency}
#     wavelength:
#       __class__: astropy.units.quantity.Quantity
#       unit: !astropy.units.Unit {unit: nm}
#       value: !astropy.table.SerializedColumn {name: wavelength}
# schema: astropy-2.0
wavelength efficiency
300.0 0.0029757180527667515
301.0 0.006922840839251876
302.0 0.010869964171433821
303.0 0.01401289482600987
304.0 0.01715582620818168
305.0 0.015184532094281167
306.0 0.013213237980380654
307.0 0.011173092207172886
308.0 0.009132945706369355
309.0 0.00818986663944088
310.0 0.007246787572512403
311.0 0.006884408503537998
312.0 0.006522031617350876
313.0 0.006503563781734556
314.0 0.00648509812890552
315.0 0.005900683026993647
316.0 0.005316269016475417
317.0 0.004838803215534426
318.0 0.004361337414593436
319.0 0.0041978400986408815
320.0 0.004034344601677731
321.0 0.0038230315112741664
322.0 0.0036117191484663635
323.0 0.0034648157452465966
324.0 0.0033179137972183526
325.0 0.0031711366318631917
326.0 0.003024360557901673
327.0 0.002836247585946694
328.0 0.002648135523486417
329.0 0.002810511978168506
330.0 0.002972888250951655
331.0 0.0027996327844448388
332.0 0.002626378773129545
333.0 0.0024102586394292302
334.0 0.0021941386876278557
335.0 0.001987056566576939
336.0 0.0017799742636270821
337.0 0.0016667019735905342
338.0 0.001553429501655046
339.0 0.0014081711924518459
340.0 0.0012629127922991756
341.0 0.0011888751032529399
342.0 0.0011148375961056445
343.0 0.00114055146696046
344.0 0.0011662655197142158
345.0 0.001117681404139148
346.0 0.0010690971976146102
347.0 0.0010702613508328795
348.0 0.0010714254131016787
349.0 0.001006747243081918
350.0 0.0044127060391474515
351.0 0.004731111039291136
352.0 0.005049516767030582
353.0 0.004198523311060853
354.0 0.0033475313102826476
355.0 0.0040343435102840886
356.0 0.004721155346487649
357.0 0.005136690379003994
358.0 0.005552227594307624
359.0 0.004296506813261658
360.0 0.0030407862141146325
361.0 0.0029968034141347744
362.0 0.0029528207960538566
363.0 0.0027049314667237923
364.0 0.0024570423192926683
365.0 0.0026144081857637502
366.0 0.002771773870335892
367.0 0.0027257139663561247
368.0 0.002679654244275298
369.0 0.0035195218515582383
370.0 0.00435939036833588
371.0 0.004016460297862068
372.0 0.0036735302273882553
373.0 0.0036474350054049864
374.0 0.0036213397834217176
375.0 0.0027593581762630492
376.0 0.0018973762053065002
377.0 0.0017722877601045184
378.0 0.0016471996787004173
379.0 0.0020018032955704257
380.0 0.002356406912440434
381.0 0.0026783796784002334
382.0 0.003000352626258973
383.0 0.0036118151911068708
384.0 0.004223277574055828
385.0 0.0046876277338014916
386.0 0.005151978257345036
387.0 0.004560215893434361
388.0 0.003968453893321566
389.0 0.0027179241442354396
390.0 0.0014673942132503726
391.0 0.0010520849173190072
392.0 0.0006367755304381717
393.0 0.0009157208296528552
394.0 0.0011946662198170088
395.0 0.0011999120033578947
396.0 0.0012051578778482508
397.0 0.001140318636316806
398.0 0.001075479212886421
399.0 0.0012688474271271843
400.0 0.0014622161870647687
401.0 0.0011899424862349406
402.0 0.0009176688763545826
403.0 0.001164329660241492
404.0 0.001410990626027342
405.0 0.0012492798305174801
406.0 0.0010875692169065587
407.0 0.0011419441761972848
408.0 0.0011963192264374811
409.0 0.0015342106053140014
410.0 0.0018721018932410516
411.0 0.0018960421584779397
412.0 0.001919982605613768
413.0 0.0018904067474068142
414.0 0.001860831252997741
415.0 0.0017501390175311826
416.0 0.0016394471458625048
417.0 0.0017830543583841063
418.0 0.001926661207107827
419.0 0.00252379359153565
420.0 0.0031209256121655926
421.0 0.004878933759755455
422.0 0.006636940815951675
423.0 0.009839507401920855
424.0 0.013042072532698512
425.0 0.017318683967459947
426.0 0.021595296857412905
427.0 0.02158681454602629
428.0 0.021578332234639674
429.0 0.01721155713312328
430.0 0.01284478057641536
431.0 0.009112262341659516
432.0 0.005379744106903672
433.0 0.004350885865278542
434.0 0.0033220283512491733
435.0 0.0027569791200221516
436.0 0.00219192988879513
437.0 0.0016570178559049964
438.0 0.0011221055501664523
439.0 0.0011225918569834903
440.0 0.0011230782547499985
441.0 0.0012934580809087493
442.0 0.0014638382708653808
443.0 0.0016113555830088444
444.0 0.001758872895152308
445.0 0.0013433540516416542
446.0 0.00092783502623206
447.0 0.0011420662303862628
448.0 0.0013562970707425848
449.0 0.0014912766346242279
450.0 0.0016262558347079903
451.0 0.001619596514501609
452.0 0.0016129373761941679
453.0 0.0015818854080862366
454.0 0.0015508336218772456
455.0 0.001233928014698904
456.0 0.0009170223165710922
457.0 0.0010077059414470568
458.0 0.0010983896572724916
459.0 0.0012588507161126472
460.0 0.0014193117749528028
461.0 0.0020355610104161315
462.0 0.0026518104277784005
463.0 0.003591217318898998
464.0 0.004530624573817477
465.0 0.005466976290335879
466.0 0.006403327279258519
467.0 0.0068579720391426235
468.0 0.0073126182542182505
469.0 0.006344064604490995
470.0 0.005375511682359502
471.0 0.003915814158972353
472.0 0.0024561159079894423
473.0 0.0018114131307811476
474.0 0.0011667105354717933
475.0 0.0010312209269613959
476.0 0.0008957315003499389
477.0 0.0008704229003342334
478.0 0.0008451143912679981
479.0 0.0007918302799225785
480.0 0.0007385461231024237
481.0 0.0006783418939448893
482.0 0.0006181375283631496
483.0 0.0005807208253827412
484.0 0.0005433040769275976
485.0 0.0007008263764873846
486.0 0.0008583486305724364
487.0 0.0007855402145651169
488.0 0.0007127318440325325
489.0 0.0008614765647507738
490.0 0.00101022123999428
491.0 0.0009031955414684489
492.0 0.000796169933892088
493.0 0.0008518576578353532
494.0 0.000907545199879678
495.0 0.0009756476174516138
496.0 0.0010437500350235496
497.0 0.001121838613471482
498.0 0.0011999273738183547
499.0 0.0012292853170947637
500.0 0.001258643351320643
501.0 0.0015529300071648322
502.0 0.0018472168449079618
503.0 0.002139913158316631
504.0 0.0024326092898263596
505.0 0.00303908182104351
506.0 0.00364555417036172
507.0 0.004452211214811541
508.0 0.005258868259261362
509.0 0.005560489444178529
510.0 0.005862110265297815
511.0 0.00523193011758849
512.0 0.004601749606081285
513.0 0.00394113922084216
514.0 0.003280528835603036
515.0 0.003095740976277739
516.0 0.0029109531169524416
517.0 0.002880740794353187
518.0 0.002850528653652873
519.0 0.03483563777990639
520.0 0.08618336287327111
521.0 0.0898299622349441
522.0 0.09472213569097221
523.0 0.09469400392845273
524.0 0.10360305896028876
525.0 0.1067612087354064
526.0 0.09595558512955904
527.0 0.12834001099690795
528.0 0.12907274067401886
529.0 0.12583188945427537
530.0 0.18597233574837446
531.0 0.16293005319312215
532.0 0.26633122470229864
533.0 0.2709039952605963
534.0 0.3582439851015806
535.0 0.5505838897079229
536.0 0.7993774488568306
537.0 1.213167142122984
538.0 1.9236158579587936
539.0 3.034757822751999
540.0 4.878009855747223
541.0 7.029286026954651
542.0 9.923741221427917
543.0 13.471925258636475
544.0 17.67573207616806
545.0 22.532211244106293
546.0 28.61112356185913
547.0 35.39048135280609
548.0 44.02147829532623
549.0 52.09574103355408
550.0 58.444517850875854
551.0 65.57165384292603
552.0 70.00985741615295
553.0 74.35813546180725
554.0 78.14662456512451
555.0 82.20007419586182
556.0 85.68705320358276
557.0 88.09278607368469
558.0 91.13095998764038
559.0 93.80014538764954
560.0 94.1510796546936
561.0 95.06002068519592
562.0 95.75642943382263
563.0 95.40989995002747
564.0 95.76351642608643
565.0 95.42767405509949
566.0 95.92288732528687
567.0 95.57865262031555
568.0 95.86093425750732
569.0 96.77878022193909
570.0 96.54810428619385
571.0 97.20492362976074
572.0 97.04069495201111
573.0 97.03094363212585
574.0 97.25274443626404
575.0 97.0024824142456
576.0 97.73369431495667
577.0 97.32771515846252
578.0 97.29350805282593
579.0 97.09656238555908
580.0 96.51041030883789
581.0 96.8038260936737
582.0 96.83613777160645
583.0 96.70299887657166
584.0 96.31197452545166
585.0 96.5327262878418
586.0 96.78558707237244
587.0 96.38206958770752
588.0 96.66028022766113
589.0 97.65937328338623
590.0 96.61780595779419
591.0 95.99190354347229
592.0 96.10474705696106
593.0 96.23600244522095
594.0 96.09436988830566
595.0 96.88162207603455
596.0 97.08261489868164
597.0 97.23119139671326
598.0 96.86703681945801
599.0 97.29285836219788
600.0 97.12162017822266
601.0 96.14914059638977
602.0 96.68511152267456
603.0 96.22781872749329
604.0 96.27318382263184
605.0 96.62251472473145
606.0 96.28069996833801
607.0 96.22167944908142
608.0 96.4200496673584
609.0 95.58376669883728
610.0 96.16257548332214
611.0 95.86623311042786
612.0 96.09429836273193
613.0 97.25529551506042
614.0 96.59116268157959
615.0 96.25937938690186
616.0 96.67164087295532
617.0 96.74855470657349
618.0 96.58926129341125
619.0 97.3808765411377
620.0 96.0781991481781
621.0 95.74146270751953
622.0 96.57781720161438
623.0 96.8897819519043
624.0 96.50665521621704
625.0 97.16826677322388
626.0 96.13945484161377
627.0 95.390784740448
628.0 97.411447763443
629.0 95.79832553863525
630.0 96.73442840576172
631.0 96.38590812683105
632.0 97.34745025634766
633.0 96.8339741230011
634.0 95.831960439682
635.0 96.52788639068604
636.0 96.07746601104736
637.0 96.00146412849426
638.0 95.4166054725647
639.0 95.35117149353027
640.0 95.62988877296448
641.0 95.77004313468933
642.0 96.31147384643555
643.0 96.08131647109985
644.0 96.20247483253479
645.0 96.37686610221863
646.0 96.53608798980713
647.0 97.14842438697815
648.0 96.34597897529602
649.0 95.93009352684021
650.0 96.68151140213013
651.0 97.07132577896118
652.0 97.19420671463013
653.0 95.89247703552246
654.0 96.78487777709961
655.0 96.81333303451538
656.0 95.92731595039368
657.0 95.9344208240509
658.0 96.66744470596313
659.0 96.33837342262268
660.0 95.79988718032837
661.0 95.5105721950531
662.0 95.76103091239929
663.0 95.80896496772766
664.0 95.68953514099121
665.0 95.44785022735596
666.0 95.57441473007202
667.0 95.68806886672974
668.0 95.13643980026245
669.0 95.99301218986511
670.0 95.79074382781982
671.0 95.74745297431946
672.0 95.54248452186584
673.0 95.7126259803772
674.0 95.11277079582214
675.0 95.86676359176636
676.0 95.36111354827881
677.0 94.02762651443481
678.0 93.32340955734253
679.0 92.42279529571533
680.0 91.68102145195007
681.0 90.29377102851868
682.0 87.85935044288635
683.0 85.22558808326721
684.0 81.78620934486389
685.0 78.32058668136597
686.0 74.16664361953735
687.0 69.81357336044312
688.0 65.17304182052612
689.0 60.73567271232605
690.0 56.05381727218628
691.0 51.995885372161865
692.0 47.323912382125854
693.0 42.87563860416412
694.0 37.6962810754776
695.0 32.31535255908966
696.0 26.81565284729004
697.0 21.448205411434174
698.0 15.632618963718414
699.0 11.147461831569672
700.0 7.666227221488953
701.0 4.751436412334442
702.0 2.8859632089734077
703.0 1.6633747145533562
704.0 0.9285664185881615
705.0 0.5955370608717203
706.0 0.3705811919644475
707.0 0.26865052059292793
708.0 0.1828762819059193
709.0 0.11915432987734675
710.0 0.11969926999881864
711.0 0.05330867716111243
712.0 0.11470216559246182
713.0 0.03569054533727467
714.0 0.025347867631353438
715.0 0.05834849434904754
716.0 0.05156530532985926
717.0 0.0780747621320188
718.0 0.02153495734091848
719.0 0.042748343548737466
720.0 1.6608260990438883e-10
721.0 0.004224516305839643
722.0 0.0041326657083118334
723.0 0.004040815110784024
724.0 0.0037590565625578165
725.0 0.003477298014331609
726.0 0.0032829400879563764
727.0 0.0030885821615811437
728.0 0.0029604720111819915
729.0 0.002832361678883899
730.0 0.0026390478524263017
731.0 0.0024457340259687044
732.0 0.0023527156372438185
733.0 0.0022596976123168133
734.0 0.002183567085012328
735.0 0.002107436739606783
736.0 0.002010138086916413
737.0 0.0019128394342260435
738.0 0.001716497354209423
739.0 0.001520155456091743
740.0 0.0015492094462388195
741.0 0.001578263436385896
742.0 0.001514662380941445
743.0 0.0014510611435980536
744.0 0.001444339613954071
745.0 0.0014376181752595585
746.0 0.0013510054486687295
747.0 0.0012643925401789602
748.0 0.0011991510291409213
749.0 0.0011339095181028824
750.0 0.001108632204704918
751.0 0.0010833548913069535
752.0 0.0010601691428746562
753.0 0.0010369833034928888
754.0 0.0011225148227822501
755.0 0.0012080462511221413
756.0 0.0011713927960954607
757.0 0.00113473934106878
758.0 0.0011566161447262857
759.0 0.001178493221232202
760.0 0.0012283641808608081
761.0 0.0012782353223883547
762.0 0.00114206477519474
763.0 0.0010058942280011252
764.0 0.0010547699275775813
765.0 0.0011036455362045672
766.0 0.0008880966561264358
767.0 0.0006725476396240992
768.0 0.0007514586286561098
769.0 0.0008303694812639151
770.0 0.0008320427696162369
771.0 0.0008337160579685587
772.0 0.000862754495756235
773.0 0.000891792842594441
774.0 0.0008362638254766352
775.0 0.0007807347174093593
776.0 0.0007964391443238128
777.0 0.0008121438440866768
778.0 0.0007762263521726709
779.0 0.0007403088147839298
780.0 0.0006681460035906639
781.0 0.0005959831014479278
782.0 0.0006455624770751456
783.0 0.0006951419436518336
784.0 0.0007101069513737457
785.0 0.0007250717771967174
786.0 0.0006954574473638786
787.0 0.0006658430720563047
788.0 0.0006859423137939302
789.0 0.0007060417374304961
790.0 0.0005708270691684447
791.0 0.00043561226448218804
792.0 0.0004812174665858038
793.0 0.0005268227141641546
794.0 0.0006636126272496767
795.0 0.0008004025403351989
796.0 0.0006753589332220145
797.0 0.0005503154625330353
798.0 0.0006107630724727642
799.0 0.0006712107278872281
800.0 0.0006753959041816415
801.0 0.0006795808985771146
802.0 0.000655173062114045
803.0 0.0006307652256509755
804.0 0.0006348090209939983
805.0 0.0006388526799128158
806.0 0.0006160917564557167
807.0 0.0005933308784733526
808.0 0.0006701473466819152
809.0 0.0007469638603652129
810.0 0.0006877361556689721
811.0 0.0006285084054979961
812.0 0.0006311556262517115
813.0 0.0006338026196317514
814.0 0.0006996147476456827
815.0 0.0007654267392354086
816.0 0.0007778922736179084
817.0 0.0007903578989498783
818.0 0.0005247446551948087
819.0 0.00025913161607604707
820.0 0.0004243466264597373
821.0 0.00058956161410606
822.0 0.00054556503528147
823.0 0.0005015685474063503
824.0 0.00048106303438544273
825.0 0.00046055774873821065
826.0 0.0005105721356812865
827.0 0.0005605865226243623
828.0 0.0005299144959280966
829.0 0.0004992426056560362
830.0 0.0002223554247393622
831.0 1.6608260990438883e-10
832.0 1.6608260990438883e-10
833.0 1.6608260990438883e-10
834.0 1.6608260990438883e-10
835.0 1.6608260990438883e-10
836.0 0.00012175277106507565
837.0 0.0002937240424216725
838.0 0.0011046988220186904
839.0 0.0019156736016157083
840.0 0.002514182597224135
841.0 0.0031126914109336212
842.0 0.003640861905296333
843.0 0.004169030944467522
844.0 0.004011019700556062
845.0 0.003853008456644602
846.0 0.003659320282167755
847.0 0.0034656324714887887
848.0 0.003246460619266145
849.0 0.003027288767043501
850.0 0.002745251913438551
851.0 0.002463215059833601
852.0 0.002121973921020981
853.0 0.00178073241841048
854.0 0.001494814841862535
855.0 0.0012088972653145902
856.0 0.0010012706297857221
857.0 0.0007936438123579137
858.0 0.0006082780146243749
859.0 0.0004229122623655712
860.0 0.0003518693119985983
861.0 0.00028082636163162533
862.0 0.0002913863909270731
863.0 0.0003019463974851533
864.0 0.00023552161110274028
865.0 0.00016909683608901105
866.0 0.00019506449007167248
867.0 0.0002210321099482826
868.0 0.00013632901527671493
869.0 5.162588649909594e-05
870.0 0.00018285932128492277
871.0 0.00031409274470206583
872.0 0.0002989151880683494
873.0 0.0002837376541720005
874.0 0.00025933209144568536
875.0 0.00023492652871937025
876.0 0.00012272433878024458
877.0 1.0522157367631735e-05
878.0 2.2094017992912995e-05
879.0 3.366589851339086e-05
880.0 5.0713401833490934e-05
881.0 6.776095347049704e-05
882.0 6.51309562726965e-05
883.0 6.250098181226349e-05
884.0 0.00010385971336290822
885.0 0.00014521849607262993
886.0 0.00019665592390083475
887.0 0.000248093328991672
888.0 0.000257055262409267
889.0 0.000266017195826862
890.0 0.00022900374005985213
891.0 0.0001919903070302098
892.0 0.0001836514456954319
893.0 0.000175312584360654
894.0 8.844139642860682e-05
895.0 1.5701781208576904e-06
896.0 1.6608260990438883e-10
897.0 1.6608260990438883e-10
898.0 1.1062211591195137e-06
899.0 3.7931022234261036e-05
900.0 1.6608260990438883e-10
901.0 1.6608260990438883e-10
