lsstCam/transmission_filter_detector/r30_s12/u_24/19700101T000000.ecsv
# %ECSV 1.0
# ---
# datatype:
# - {name: wavelength, unit: nm, datatype: float32}
# - {name: efficiency, unit: '%', datatype: float64}
# meta: !!omap
# - {MODE: DETECTOR}
# - {TYPE: transmission_filter_detector}
# - {CALIBDATE: '1970-01-01T00:00:00'}
# - {INSTRUME: LSSTCam}
# - {OBSTYPE: transmission_filter_detector}
# - {CALIBCLS: lsst.ip.isr.IntermediateFilterDetectorTransmissionCurve}
# - {SOURCE: Materion (DM-46256)}
# - {DETECTOR: 122}
# - {FILTER: u_24}
# - {CALIB_ID: 'calibDate=1970-01-01T00:00:00 filter=u_24 detector=122'}
# - {DATE: '2025-04-02T15:59:40.313547'}
# - {CALIB_CREATION_DATE: '2025-04-02'}
# - {CALIB_CREATION_TIME: '15:59:40'}
# - __serialized_columns__:
#     efficiency:
#       __class__: astropy.units.quantity.Quantity
#       unit: !astropy.units.Unit {unit: '%'}
#       value: !astropy.table.SerializedColumn {name: efficiency}
#     wavelength:
#       __class__: astropy.units.quantity.Quantity
#       unit: !astropy.units.Unit {unit: nm}
#       value: !astropy.table.SerializedColumn {name: wavelength}
# schema: astropy-2.0
wavelength efficiency
295.0 1.6236929335777806e-10
296.0 1.6236929335777806e-10
297.0 1.6236929335777806e-10
298.0 0.05424676928669214
299.0 1.6236929335777806e-10
300.0 1.6236929335777806e-10
301.0 1.6236929335777806e-10
302.0 1.6236929335777806e-10
303.0 1.6236929335777806e-10
304.0 0.31429952941834927
305.0 0.6625347770750523
306.0 1.9730335101485252
307.0 3.760497272014618
308.0 6.207677721977234
309.0 9.451532363891602
310.0 13.00763189792633
311.0 16.729258000850677
312.0 20.530997216701508
313.0 23.698140680789948
314.0 26.58664882183075
315.0 29.05179262161255
316.0 31.315836310386658
317.0 33.888936042785645
318.0 37.02769875526428
319.0 40.94628691673279
320.0 46.82321846485138
321.0 52.26457715034485
322.0 58.20463299751282
323.0 63.61110210418701
324.0 67.88200736045837
325.0 70.8031952381134
326.0 73.26290607452393
327.0 75.01532435417175
328.0 76.7313003540039
329.0 77.99340486526489
330.0 79.26531434059143
331.0 79.93062138557434
332.0 80.22446632385254
333.0 80.35860657691956
334.0 80.26853203773499
335.0 80.39846420288086
336.0 80.71765303611755
337.0 81.32586479187012
338.0 82.2327733039856
339.0 82.74114727973938
340.0 83.1504762172699
341.0 83.5996687412262
342.0 83.93922448158264
343.0 83.8795006275177
344.0 84.12504196166992
345.0 84.4720184803009
346.0 84.84741449356079
347.0 85.1676881313324
348.0 85.45218110084534
349.0 85.6425940990448
350.0 85.67335605621338
351.0 85.88519096374512
352.0 85.74638366699219
353.0 85.75229048728943
354.0 85.71069836616516
355.0 85.91057062149048
356.0 86.09395623207092
357.0 85.94987392425537
358.0 85.56169271469116
359.0 85.35221219062805
360.0 85.22973656654358
361.0 84.94218587875366
362.0 84.80831980705261
363.0 84.97830033302307
364.0 85.08694171905518
365.0 85.4205310344696
366.0 85.68594455718994
367.0 85.8130395412445
368.0 85.8616590499878
369.0 85.870760679245
370.0 85.7314944267273
371.0 85.58849692344666
372.0 85.62316298484802
373.0 85.7978880405426
374.0 85.83952784538269
375.0 86.17072701454163
376.0 86.3542914390564
377.0 86.42258644104004
378.0 86.5037202835083
379.0 86.15343570709229
380.0 85.41186451911926
381.0 83.99847149848938
382.0 82.18794465065002
383.0 80.08997440338135
384.0 78.04014682769775
385.0 75.6557822227478
386.0 73.0689525604248
387.0 69.6606993675232
388.0 66.14954471588135
389.0 61.882323026657104
390.0 57.708364725112915
391.0 53.39449644088745
392.0 48.90015125274658
393.0 45.188987255096436
394.0 41.82543456554413
395.0 38.18107545375824
396.0 34.256863594055176
397.0 28.96541953086853
398.0 22.85103052854538
399.0 15.92874526977539
400.0 9.833195060491562
401.0 5.183010920882225
402.0 2.126030996441841
403.0 0.6993773393332958
404.0 0.22170173469930887
405.0 0.14170442009344697
406.0 0.049130397383123636
407.0 0.03713313490152359
408.0 1.6236929335777806e-10
409.0 0.004441822966327891
410.0 1.6236929335777806e-10
411.0 1.6236929335777806e-10
412.0 1.6236929335777806e-10
413.0 1.6236929335777806e-10
414.0 1.6236929335777806e-10
415.0 1.6236929335777806e-10
416.0 1.6236929335777806e-10
417.0 1.6236929335777806e-10
418.0 1.6236929335777806e-10
419.0 1.6236929335777806e-10
420.0 1.6236929335777806e-10
421.0 1.6236929335777806e-10
422.0 1.6236929335777806e-10
423.0 1.6236929335777806e-10
424.0 1.6236929335777806e-10
425.0 1.6236929335777806e-10
426.0 0.0005808973128296202
427.0 0.0006753828984074062
428.0 0.0007698688932578079
429.0 0.0003071175115110236
430.0 1.6236929335777806e-10
431.0 1.6236929335777806e-10
432.0 2.75112057579463e-05
433.0 1.6236929335777806e-10
434.0 1.6236929335777806e-10
435.0 1.6236929335777806e-10
436.0 1.6236929335777806e-10
437.0 1.6236929335777806e-10
438.0 1.6236929335777806e-10
439.0 1.6236929335777806e-10
440.0 0.0006400504844350507
441.0 1.6236929335777806e-10
442.0 1.6236929335777806e-10
443.0 1.6236929335777806e-10
444.0 1.6236929335777806e-10
445.0 1.6236929335777806e-10
446.0 1.6236929335777806e-10
447.0 1.6236929335777806e-10
448.0 1.6236929335777806e-10
449.0 1.6236929335777806e-10
450.0 1.6236929335777806e-10
451.0 1.6236929335777806e-10
452.0 1.6236929335777806e-10
453.0 1.6236929335777806e-10
454.0 1.6236929335777806e-10
455.0 1.6236929335777806e-10
456.0 1.6236929335777806e-10
457.0 1.6236929335777806e-10
458.0 0.0011932537745451555
459.0 0.0005946958026470384
460.0 1.6236929335777806e-10
461.0 1.6236929335777806e-10
462.0 1.6236929335777806e-10
463.0 1.6236929335777806e-10
464.0 0.0005695200343325268
465.0 0.00038460657378891483
466.0 0.0001996931132453028
467.0 0.00031918325475999154
468.0 0.000438673259850475
469.0 3.59307023245492e-05
470.0 1.6236929335777806e-10
471.0 1.6236929335777806e-10
472.0 1.6236929335777806e-10
473.0 1.6236929335777806e-10
474.0 1.6236929335777806e-10
475.0 1.6236929335777806e-10
476.0 1.6236929335777806e-10
477.0 1.6236929335777806e-10
478.0 1.6236929335777806e-10
479.0 1.6236929335777806e-10
480.0 1.6236929335777806e-10
481.0 1.6236929335777806e-10
482.0 1.6236929335777806e-10
483.0 1.6236929335777806e-10
484.0 1.6236929335777806e-10
485.0 1.6236929335777806e-10
486.0 1.6236929335777806e-10
487.0 1.6236929335777806e-10
488.0 1.6236929335777806e-10
489.0 1.6236929335777806e-10
490.0 1.6236929335777806e-10
491.0 1.6236929335777806e-10
492.0 1.6236929335777806e-10
493.0 1.6236929335777806e-10
494.0 0.0001326327264905558
495.0 1.6236929335777806e-10
496.0 1.6236929335777806e-10
497.0 1.6236929335777806e-10
498.0 1.6236929335777806e-10
499.0 1.6236929335777806e-10
500.0 1.6236929335777806e-10
501.0 1.6236929335777806e-10
502.0 1.6236929335777806e-10
503.0 1.6236929335777806e-10
504.0 1.6236929335777806e-10
505.0 1.6236929335777806e-10
506.0 1.6236929335777806e-10
507.0 0.00020226668766554212
508.0 0.0006483226570708212
509.0 9.330227612736053e-05
510.0 1.6236929335777806e-10
511.0 1.6236929335777806e-10
512.0 0.00012862612948083552
513.0 0.00013125106761435745
514.0 0.00013387597164182807
515.0 0.00015214216091408161
516.0 0.00017040825923686498
517.0 1.6236929335777806e-10
518.0 1.6236929335777806e-10
519.0 1.6236929335777806e-10
520.0 1.6236929335777806e-10
521.0 1.6236929335777806e-10
522.0 1.6236929335777806e-10
523.0 1.6236929335777806e-10
524.0 1.6236929335777806e-10
525.0 1.6236929335777806e-10
526.0 1.6236929335777806e-10
527.0 1.6236929335777806e-10
528.0 1.6236929335777806e-10
529.0 1.6236929335777806e-10
530.0 0.00036906124023516895
531.0 1.6236929335777806e-10
532.0 1.6236929335777806e-10
533.0 1.6236929335777806e-10
534.0 0.00041910948311851826
535.0 1.7288523679326318e-05
536.0 1.6236929335777806e-10
537.0 1.6236929335777806e-10
538.0 0.0001614733150745451
539.0 8.034759844122163e-05
540.0 1.6236929335777806e-10
541.0 2.7472847818899027e-05
542.0 5.5723910463711945e-05
543.0 0.00010157284577871906
544.0 0.00014742175835635862
545.0 0.0002871120159397833
546.0 0.0004268022166797891
547.0 0.000179156677404535
548.0 1.6236929335777806e-10
549.0 1.6236929335777806e-10
550.0 1.6236929335777806e-10
551.0 1.6236929335777806e-10
552.0 1.6236929335777806e-10
553.0 1.6236929335777806e-10
554.0 1.6236929335777806e-10
555.0 1.6236929335777806e-10
556.0 1.6236929335777806e-10
557.0 1.6236929335777806e-10
558.0 1.6236929335777806e-10
559.0 1.6236929335777806e-10
560.0 1.6236929335777806e-10
561.0 1.6236929335777806e-10
562.0 0.00031473327908315696
563.0 0.0003050123041248298
564.0 0.0002952909881059895
565.0 7.637854082531703e-05
566.0 1.6236929335777806e-10
567.0 1.6236929335777806e-10
568.0 1.6236929335777806e-10
569.0 1.6236929335777806e-10
570.0 9.223432471117121e-05
571.0 0.00024121256956277648
572.0 0.0003901909167325357
573.0 0.00040783097574603744
574.0 0.00042547108023427427
575.0 0.0003283114438090706
576.0 0.00023115178464649944
577.0 0.00034430402138241334
578.0 0.0004574562353809597
579.0 0.000648428249405697
580.0 0.0008394003089051694
581.0 0.0010910108358075377
582.0 0.001342621362709906
583.0 0.0014376496437762398
584.0 0.001532677561044693
585.0 0.0010949324860121123
586.0 0.0006571875928784721
587.0 0.0003292472229077248
588.0 1.3067785964437917e-06
589.0 0.00043246768655080814
590.0 0.0008636286111141089
591.0 0.0009340834367321804
592.0 0.0010045381714007817
593.0 0.000887477017386118
594.0 0.0007704159543209244
595.0 0.0010204985301243141
596.0 0.001270581196877174
597.0 0.00103917436717893
598.0 0.0008077671736828052
599.0 0.0012999915270484053
600.0 0.001792215698515065
601.0 0.0023064663764671423
602.0 0.0028207170544192195
603.0 0.0028528944312711246
604.0 0.00288507199002197
605.0 0.0021442199795274064
606.0 0.0014033679690328427
607.0 0.0009970458449970465
608.0 0.0005907236300117802
609.0 0.000537075038664625
610.0 0.0004834264018427348
611.0 0.00045719802983512636
612.0 0.00043096965782751795
613.0 0.0005924155175307533
614.0 0.0007538612408097833
615.0 0.0007262382496264763
616.0 0.0006986149401200237
617.0 0.0005983156825095648
618.0 0.0004980163794243708
619.0 0.0006123382718214998
620.0 0.0007266600732691586
621.0 0.0006567945547431009
622.0 0.0005869289907423081
623.0 0.000643351677354076
624.0 0.0006997741820669034
625.0 0.0007291559086297639
626.0 0.0007585376351926243
627.0 0.0008376391633646563
628.0 0.0009167407370114233
629.0 0.0010659798135748133
630.0 0.0012152185263403226
631.0 0.0015391538909170777
632.0 0.0018630897102411836
633.0 0.0022385424017556943
634.0 0.0026139954570680857
635.0 0.002929339461843483
636.0 0.0032446838304167613
637.0 0.0027009338737116195
638.0 0.0021571839170064777
639.0 0.001714735662972089
640.0 0.0012722876817861106
641.0 0.0012933540347148664
642.0 0.0013144204785930924
643.0 0.0009250211405742448
644.0 0.0005356218935048673
645.0 0.0003094187150054495
646.0 8.321566724589502e-05
647.0 1.6236929335777806e-10
648.0 1.6236929335777806e-10
649.0 1.6236929335777806e-10
650.0 1.511703828782629e-05
651.0 0.0003610907697293442
652.0 0.0007070644642226398
653.0 0.0009579032848705538
654.0 0.001208742196467938
655.0 0.0015562460248474963
656.0 0.0019037501260754652
657.0 0.002291418240929488
658.0 0.002679086355783511
659.0 0.0032727013604016975
660.0 0.0038663165469188243
661.0 0.0035935576306656003
662.0 0.0033207983506144956
663.0 0.0030046512620174326
664.0 0.0026885041734203696
665.0 0.0018224329323857091
666.0 0.0009563617823005188
667.0 0.0011023796105291694
668.0 0.00124839743875782
669.0 0.0010484213817107957
670.0 0.0008484453246637713
671.0 0.000578206072532339
672.0 0.0003079667976635392
673.0 0.00035060277241427684
674.0 0.0003932389063265873
675.0 0.0005722271907870891
676.0 0.0007512154297728557
677.0 0.0011209325748495758
678.0 0.0014906494470778853
679.0 0.001923732997965999
680.0 0.0023568165488541126
681.0 0.003375833694008179
682.0 0.004394850475364365
683.0 0.005810155562357977
684.0 0.007225460285553709
685.0 0.00867897251737304
686.0 0.010132485476788133
687.0 0.009308815788244829
688.0 0.008485146827297285
689.0 0.006982069317018613
690.0 0.005478992534335703
691.0 0.004494894892559387
692.0 0.0035107976145809516
693.0 0.0031589304853696376
694.0 0.0028070633561583236
695.0 0.0019875373254762962
696.0 0.0011680112038447987
697.0 0.0009918283467413858
698.0 0.000815645580587443
699.0 0.0006018786280037602
700.0 0.0003881116754200775
701.0 0.0005776933448942145
702.0 0.0007672750143683515
703.0 0.0006646836936852196
704.0 0.0005620924639515579
705.0 0.0007449859367625322
706.0 0.0009278793186240364
707.0 0.0009374709406984039
708.0 0.0009470625627727713
709.0 0.0009410867278347723
710.0 0.0009351108928967733
711.0 0.0008803584023553412
712.0 0.000825605820864439
713.0 0.0007960124094097409
714.0 0.000766419088904513
715.0 0.0007148691111069638
716.0 0.0006633189059357392
717.0 0.0006976465101615759
718.0 0.0007319738870137371
719.0 0.0005496980065800017
720.0 0.00036742219435836887
721.0 0.00037034151318948716
722.0 0.0003732606501216651
723.0 0.0002882234639400849
724.0 0.00020318618680903455
725.0 0.0003170817080899724
726.0 0.00043097729758301284
727.0 0.0002214720552728977
728.0 1.1966773172389367e-05
729.0 0.0001691823740657128
730.0 0.0003263979806433781
731.0 0.00023403033537761075
732.0 0.0001416627696926298
733.0 0.0002806537622745964
734.0 0.0004196448116999818
735.0 0.000484237034470425
736.0 0.0005488292572408682
737.0 0.0005211727966525359
738.0 0.0004935162905894686
739.0 0.0005465249614644563
740.0 0.0005995336778141791
741.0 0.0009285790838475805
742.0 0.0012576246263051871
743.0 0.0018124888811144046
744.0 0.002367353044974152
745.0 0.0032745090720709413
746.0 0.00418166491726879
747.0 0.004227421959512867
748.0 0.004273179001756944
749.0 0.004188249295111746
750.0 0.004103319588466547
751.0 0.0038318987208185717
752.0 0.0035604774893727154
753.0 0.003070313687203452
754.0 0.0025801493393373676
755.0 0.002548900738474913
756.0 0.002517651955713518
757.0 0.0020855381080764346
758.0 0.0016534240785404108
759.0 0.0014113859833742026
760.0 0.001169347706309054
761.0 0.0009492791832599323
762.0 0.0007292106602108106
763.0 0.0006826838671258884
764.0 0.0006361573014146416
765.0 0.0004801127943210304
766.0 0.0003240681280658464
767.0 0.00036111830468144035
768.0 0.00039816841308493167
769.0 0.0004327213446231326
770.0 0.0004672744125855388
771.0 0.00048749989218777046
772.0 0.0005077254627394723
773.0 0.0007195439138740767
774.0 0.0009313622285844758
775.0 0.0009354637768410612
776.0 0.0009395655069965869
777.0 0.0007376478606602177
778.0 0.0005357305326469941
779.0 0.0007808091140759643
780.0 0.0010258876500301994
781.0 0.0012447641893231776
782.0 0.0014636406376666855
783.0 0.0011182530215592124
784.0 0.0007728654054517392
785.0 0.001192038234876236
786.0 0.0016112109733512625
787.0 0.0012895645340904593
788.0 0.0009679180948296562
789.0 0.0009045676051755436
790.0 0.0008412172064709011
791.0 0.0007044728135952028
792.0 0.0005677284207195044
793.0 0.000781833387009101
794.0 0.0009959383532986976
795.0 0.0007882377758505754
796.0 0.0005805371984024532
797.0 0.00028190354441903764
798.0 1.6236929335777806e-10
799.0 4.1024821939572576e-05
800.0 9.877998081719852e-05
801.0 1.6236929335777806e-10
802.0 1.6236929335777806e-10
803.0 1.6236929335777806e-10
804.0 1.6236929335777806e-10
805.0 6.017677378622466e-05
806.0 0.00016888325262698345
807.0 0.00021881121483602328
808.0 0.000268739131570328
809.0 0.000207755624614947
810.0 0.0001467720721848309
811.0 6.306975706138473e-05
812.0 1.6236929335777806e-10
813.0 3.5496160677439548e-06
814.0 2.773180085569038e-05
815.0 0.00023014413272903766
816.0 0.00043255649870843627
817.0 0.00049959598982241
818.0 0.0005666355264111189
819.0 0.00026080815587192774
820.0 1.6236929335777806e-10
821.0 1.6236929335777806e-10
822.0 3.982060903240381e-07
823.0 0.0002135986278517521
824.0 0.0004267990334483329
825.0 0.00031557087822875474
826.0 0.000204342950382852
827.0 1.6236929335777806e-10
828.0 1.6236929335777806e-10
829.0 1.6236929335777806e-10
830.0 1.6236929335777806e-10
831.0 1.6236929335777806e-10
832.0 0.00022469503164757043
833.0 0.00019724441244761692
834.0 0.0001697938387223985
835.0 0.00010111792789757601
836.0 3.2442025599266344e-05
837.0 1.6236929335777806e-10
838.0 1.6236929335777806e-10
839.0 1.6236929335777806e-10
840.0 1.6236929335777806e-10
841.0 1.6236929335777806e-10
842.0 1.6236929335777806e-10
843.0 1.6236929335777806e-10
844.0 0.0002815339712469722
845.0 0.00023496827452618163
846.0 0.00018840265738617745
847.0 1.6236929335777806e-10
848.0 1.6236929335777806e-10
849.0 3.6022979088556895e-05
850.0 0.00032836840091476915
851.0 0.00033233725389436586
852.0 0.00033630615234869765
853.0 0.00014593741752833012
854.0 1.6236929335777806e-10
855.0 7.635580345777271e-05
856.0 0.0001971427309399587
857.0 0.0003567640078472323
858.0 0.0005163852620171383
859.0 0.000711740449332865
860.0 0.0009070956366485916
861.0 0.0008320311280840542
862.0 0.0007569666195195168
863.0 0.0011188454664079472
864.0 0.0014807245861447882
865.0 0.0012314206287555862
866.0 0.000982116580416914
867.0 0.0014262616787164006
868.0 0.0018704065951169468
869.0 0.0017345420928904787
870.0 0.0015986775906640105
871.0 0.0017586284229764715
872.0 0.0019185792552889325
873.0 0.0023512007828685455
874.0 0.002783822492347099
875.0 0.0026577286917017773
