lsstCam/transmission_filter_detector/r30_s12/u_24/19700101T000000.ecsv
# %ECSV 1.0
# ---
# datatype:
# - {name: wavelength, unit: nm, datatype: float32}
# - {name: efficiency, unit: '%', datatype: float64}
# meta: !!omap
# - {MODE: DETECTOR}
# - {TYPE: transmission_filter_detector}
# - {CALIBDATE: '1970-01-01T00:00:00'}
# - {INSTRUME: LSSTCam}
# - {OBSTYPE: transmission_filter_detector}
# - {CALIBCLS: lsst.ip.isr.IntermediateFilterDetectorTransmissionCurve}
# - {SOURCE: Materion (DM-46256)}
# - {DETECTOR: 122}
# - {FILTER: u_24}
# - {CALIB_ID: 'calibDate=1970-01-01T00:00:00 filter=u_24 detector=122'}
# - {DATE: '2025-04-02T15:59:40.313547'}
# - {CALIB_CREATION_DATE: '2025-04-02'}
# - {CALIB_CREATION_TIME: '15:59:40'}
# - __serialized_columns__:
#     efficiency:
#       __class__: astropy.units.quantity.Quantity
#       unit: !astropy.units.Unit {unit: '%'}
#       value: !astropy.table.SerializedColumn {name: efficiency}
#     wavelength:
#       __class__: astropy.units.quantity.Quantity
#       unit: !astropy.units.Unit {unit: nm}
#       value: !astropy.table.SerializedColumn {name: wavelength}
# schema: astropy-2.0
wavelength efficiency
[from data line 582]
877.0 0.0025114506570389494
878.0 0.0024912666049203835
879.0 0.0024917451810324565
880.0 0.0024922237571445294
881.0 0.0027354446501703933
882.0 0.002978665543196257
883.0 0.0028980584829696454
884.0 0.002817451058945153
885.0 0.002748405677266419
886.0 0.002679360295587685
887.0 0.0024998918888741173
888.0 0.002320423118362669
889.0 0.002563928319432307
890.0 0.0028074337024008855
891.0 0.002910147850343492
892.0 0.0030128621801850386
893.0 0.002883323577407282
894.0 0.002753784974629525
895.0 0.003233778988942504
896.0 0.003713773185154423
897.0 0.0037668662116630003
898.0 0.0038199588743736967
899.0 0.0037311052437871695
900.0 0.0036422523407964036
901.0 0.003809100962826051
902.0 0.003975949948653579
903.0 0.004102584352949634
904.0 0.00422921875724569
905.0 0.0045954580855323
906.0 0.00496169705002103
907.0 0.005146361218066886
908.0 0.005331025386112742
909.0 0.005558883276535198
910.0 0.005786741530755535
911.0 0.005776452235295437
912.0 0.00576616293983534
913.0 0.005615710324491374
914.0 0.005465257345349528
915.0 0.005057499947724864
916.0 0.0046497425501002
917.0 0.004400499528856017
918.0 0.004151256143813953
919.0 0.004204399010632187
920.0 0.0042575418774504215
921.0 0.004518551213550381
922.0 0.0047795601858524606
923.0 0.005035642607253976
924.0 0.0052917253924533725
925.0 0.005797217818326317
926.0 0.006302710244199261
927.0 0.006492299871752039
928.0 0.006681889499304816
929.0 0.006912271783221513
930.0 0.007142655522329733
931.0 0.007012879359535873
932.0 0.0068831039243377745
933.0 0.007123501563910395
934.0 0.007363898475887254
935.0 0.007280395220732316
936.0 0.00719689269317314
937.0 0.006932370888534933
938.0 0.006667851266684011
939.0 0.006631940777879208
940.0 0.006596028833882883
941.0 0.005951686762273312
942.0 0.0053073454182595015
943.0 0.004812020051758736
944.0 0.004316694321460091
945.0 0.0033927241020137444
946.0 0.0024687535187695175
947.0 0.002292974568263162
948.0 0.0021171950720599853
949.0 0.0015655225070076995
950.0 0.0010138498510059435
951.0 0.0011338367585267406
952.0 0.0012538234841485973
953.0 0.0014616268344980199
954.0 0.0016694302757969126
955.0 0.001722342858556658
956.0 0.001775255259417463
957.0 0.00211795158975292
958.0 0.002460647920088377
959.0 0.002795183172565885
960.0 0.0031297182431444526
961.0 0.00353505092789419
962.0 0.003940383612643927
963.0 0.004041646025143564
964.0 0.0041429080738453194
965.0 0.004482100121094845
966.0 0.00482129180454649
967.0 0.004447768515092321
968.0 0.0040742448618402705
969.0 0.0043897882278542966
970.0 0.004705331957666203
971.0 0.0046014782128622755
972.0 0.004497624468058348
973.0 0.004616289515979588
974.0 0.004734954200102948
975.0 0.004570275996229611
976.0 0.004405598156154156
977.0 0.003967136944993399
978.0 0.0035286757338326424
979.0 0.003274129267083481
980.0 0.00301958298223326
981.0 0.0029255357731017284
982.0 0.002831489109667018
983.0 0.002690348628675565
984.0 0.002549208511481993
985.0 0.002796768421831075
986.0 0.0030443285140790977
987.0 0.0033053609513444826
988.0 0.0035663928429130465
989.0 0.004171724503976293
990.0 0.004777055801241659
991.0 0.0053315026889322326
992.0 0.005885950304218568
993.0 0.006508104706881568
994.0 0.007130258745746687
995.0 0.00721133328625001
996.0 0.007292408554349095
997.0 0.007037024624878541
998.0 0.006781639967812225
999.0 0.006733620830345899
1000.0 0.006685603875666857
1001.0 0.006562688940903172
1002.0 0.00643977546133101
1003.0 0.006048450813977979
1004.0 0.005657126530422829
1005.0 0.005415323539637029
1006.0 0.005173519457457587
1007.0 0.005110994970891625
1008.0 0.005048470484325662
1009.0 0.004845826333621517
1010.0 0.004643182182917371
1011.0 0.004100186924915761
1012.0 0.00355719166691415
1013.0 0.0030935523682273924
1014.0 0.0026299130695406348
1015.0 0.0022202355467015877
1016.0 0.0018105578419636004
1017.0 0.0016552317902096547
1018.0 0.0014999058294051792
1019.0 0.0014875911801937036
1020.0 0.0014752768038306385
1021.0 0.0013059780940238852
1022.0 0.0011366795661160722
1023.0 0.001108609103539493
1024.0 0.0010805387319123838
1025.0 0.0009023493475979194
1026.0 0.0007241600997076603
1027.0 0.00138274444907438
1028.0 0.0020413284801179543
1029.0 0.0018111990357283503
1030.0 0.001581069409439806
1031.0 0.0017300048057222739
1032.0 0.0018789402020047419
1033.0 0.0019100978533970192
1034.0 0.001941255686688237
1035.0 0.0017439750081393868
1036.0 0.0015466943295905367
1037.0 0.0017640732039581053
1038.0 0.0019814518964267336
1039.0 0.0022343965611071326
1040.0 0.0024873412257875316
1041.0 0.0022523465304402635
1042.0 0.0020173518350929953
1043.0 0.0021869083866477013
1044.0 0.002356464756303467
1045.0 0.0020548375687212683
1046.0 0.001753210017341189
1047.0 0.0020245352061465383
1048.0 0.002295860576850828
1049.0 0.0020996174498577602
1050.0 0.0019033741409657523
1051.0 0.0017703825506032445
1052.0 0.0016373909602407366
1053.0 0.001292221168114338
1054.0 0.0009470513759879395
1055.0 0.001416919258190319
1056.0 0.0018867871403926983
1057.0 0.0016366881027352065
1058.0 0.001386589246976655
1059.0 0.0014817614101048093
1060.0 0.001576933755131904
1061.0 0.0016937288819462992
1062.0 0.0018105241906596348
1063.0 0.0013673748981091194
1064.0 0.0009242256965080742
1065.0 0.0008940302905102726
1066.0 0.0008638350664114114
1067.0 0.0011429057849454693
1068.0 0.0014219767763279378
1069.0 0.000898477082955651
1070.0 0.0003749777306438773
1071.0 0.001800304562493693
1072.0 0.003225631735404022
1073.0 0.0027569627491175197
1074.0 0.002288294126628898
1075.0 0.0024358472728636116
1076.0 0.0025834007828962058
1077.0 0.0027198138923267834
1078.0 0.002856227001757361
1079.0 0.004119480581721291
1080.0 0.005382734161685221
1081.0 0.005812961899209768
1082.0 0.0062431892729364336
1083.0 0.0051687355153262615
1084.0 0.004094280666322447
1085.0 0.004336456913733855
1086.0 0.004578632797347382
1087.0 0.004190283289062791
1088.0 0.0038019337807781994
1089.0 0.004541515227174386
1090.0 0.005281097401166335
1091.0 0.0032674000976840034
1092.0 0.0012537026123027317
1093.0 0.002957578908535652
1094.0 0.004661455386667512
1095.0 0.002434534144413192
1096.0 0.00020761315226991428
1097.0 0.0010140993254026398
1098.0 0.0018205853848485276
1099.0 0.0034182670788140967
1100.0 0.0050159480451839045
