lsstCam/transmission_filter_detector/r02_s12/g_6/19700101T000000.ecsv
# %ECSV 1.0
# ---
# datatype:
# - {name: wavelength, unit: nm, datatype: float32}
# - {name: efficiency, unit: '%', datatype: float64}
# meta: !!omap
# - {MODE: DETECTOR}
# - {TYPE: transmission_filter_detector}
# - {CALIBDATE: '1970-01-01T00:00:00'}
# - {INSTRUME: LSSTCam}
# - {OBSTYPE: transmission_filter_detector}
# - {CALIBCLS: lsst.ip.isr.IntermediateFilterDetectorTransmissionCurve}
# - {SOURCE: Materion (DM-46256)}
# - {DETECTOR: 14}
# - {FILTER: g_6}
# - {CALIB_ID: 'calibDate=1970-01-01T00:00:00 filter=g_6 detector=14'}
# - {DATE: '2025-04-02T15:59:42.094900'}
# - {CALIB_CREATION_DATE: '2025-04-02'}
# - {CALIB_CREATION_TIME: '15:59:42'}
# - __serialized_columns__:
#     efficiency:
#       __class__: astropy.units.quantity.Quantity
#       unit: !astropy.units.Unit {unit: '%'}
#       value: !astropy.table.SerializedColumn {name: efficiency}
#     wavelength:
#       __class__: astropy.units.quantity.Quantity
#       unit: !astropy.units.Unit {unit: nm}
#       value: !astropy.table.SerializedColumn {name: wavelength}
# schema: astropy-2.0
wavelength efficiency
[from data line 608]
908.0 0.0005012142082705395
909.0 0.00040887352952267975
910.0 0.00031786257750354707
911.0 0.00022685164822178194
912.0 0.0003406604946576408
913.0 0.0004544693638308672
914.0 0.0003403198661544593
915.0 0.00022617043669015402
916.0 0.00024051223590504378
917.0 0.00025485403511993354
918.0 0.0002254080754937604
919.0 0.00019596209313021973
920.0 0.000275289244200394
921.0 0.0003546164407453034
922.0 0.0005212476480664918
923.0 0.0006878788553876802
924.0 0.0006277751708694268
925.0 0.0005676713954017032
926.0 0.0005969232915958855
927.0 0.0006261753242142731
928.0 0.0005195255653234199
929.0 0.0004128758519073017
930.0 0.0005031863111071289
931.0 0.0005934968157816911
932.0 0.0005411811343947193
933.0 0.0004888654984824825
934.0 0.0004776073637913214
935.0 0.0004663491836254252
936.0 0.0005332166438165586
937.0 0.000600084058532957
938.0 0.0006210734682099428
939.0 0.0006420628324121935
940.0 0.0005360135219234508
941.0 0.0004299640750105027
942.0 0.0006641035270149587
943.0 0.0008982428880699445
944.0 0.0007865581210353412
945.0 0.000674873399475473
946.0 0.0005917805992794456
947.0 0.0005086877536086831
948.0 0.0008234612323576584
949.0 0.0011382349839550443
950.0 0.0010260703675157856
951.0 0.0009139056601270568
952.0 0.0008865078598319087
953.0 0.0008591099685872905
954.0 0.0007614849437231896
955.0 0.000663860009808559
956.0 0.0005956874701951165
957.0 0.0005275147486827336
958.0 0.0006854255389043828
959.0 0.0008433363291260321
960.0 0.0006834183750470402
961.0 0.000523500284543843
962.0 0.0005694585979654221
963.0 0.000615416820437531
964.0 0.0007157881555031054
965.0 0.0008161593541444745
966.0 0.0008008079930732492
967.0 0.000785456632002024
968.0 0.0007019497843430145
969.0 0.00061844298215874
970.0 0.0006602672328881454
971.0 0.0007020915745670209
972.0 0.0008254755812231451
973.0 0.0009488597243034746
974.0 0.0008751847417443059
975.0 0.0008015101229830179
976.0 0.0008672030162415467
977.0 0.0009328962732979562
978.0 0.0009708654943096917
979.0 0.0010088348062708974
980.0 0.001052342304319609
981.0 0.0010958498023683205
982.0 0.0009892223715723958
983.0 0.0008825947588775307
984.0 0.0009109898201131728
985.0 0.0009393850632477552
986.0 0.0010757687959994655
987.0 0.0012121524378017057
988.0 0.0013127020793035626
989.0 0.0014132512660580687
990.0 0.0014657633983006235
991.0 0.0015182756214926485
992.0 0.001503616203990532
993.0 0.001488956968387356
994.0 0.001489059013692895
995.0 0.0014891613318468444
996.0 0.0013764662071480416
997.0 0.0012637713552976493
998.0 0.0013318935998540837
999.0 0.0014000159353599884
1000.0 0.0013345836123335175
1001.0 0.0012691511074081063
1002.0 0.0012051557860104367
1003.0 0.001141160464612767
1004.0 0.0011642443496384658
1005.0 0.0011873282346641645
1006.0 0.0013598189980257303
1007.0 0.0015323099432862364
1008.0 0.0015786627045599744
1009.0 0.0016250160115305334
1010.0 0.0016913676518015563
1011.0 0.0017577198377694003
1012.0 0.0019103368686046451
1013.0 0.0020629540813388303
1014.0 0.0021195370209170505
1015.0 0.0021761203242931515
1016.0 0.0025056611775653437
1017.0 0.0028352023946354166
1018.0 0.0030415105356951244
1019.0 0.0032478186767548323
1020.0 0.0032919717341428623
1021.0 0.0033361244277330115
1022.0 0.003610446219681762
1023.0 0.003884768739226274
1024.0 0.004031092248624191
1025.0 0.004177415758022107
1026.0 0.004261031426722184
1027.0 0.0043446470954222605
1028.0 0.0044234788219910115
1029.0 0.004502310184761882
1030.0 0.004710119537776336
1031.0 0.004917928163195029
1032.0 0.005249487730907276
1033.0 0.005581047298619524
1034.0 0.005478859384311363
1035.0 0.005376671833801083
1036.0 0.005421237801783718
1037.0 0.005465803405968472
1038.0 0.005731914643547498
1039.0 0.005998025517328642
1040.0 0.0063972591306082904
1041.0 0.006796490924898535
1042.0 0.006919090810697526
1043.0 0.0070416906964965165
1044.0 0.00732050248188898
1045.0 0.00759931281208992
1046.0 0.008699620957486331
1047.0 0.009799929102882743
1048.0 0.01128224321291782
1049.0 0.012764552957378328
1050.0 0.015153382264543325
1051.0 0.01754220575094223
1052.0 0.0212136292248033
1053.0 0.024885061429813504
1054.0 0.029738154262304306
1055.0 0.03459124709479511
1056.0 0.04140138044022024
1057.0 0.048211507964879274
1058.0 0.05584748578257859
1059.0 0.06348344613797963
1060.0 0.0709831016138196
1061.0 0.07848272798582911
1062.0 0.08534304215572774
1063.0 0.09220332140102983
1064.0 0.09748413576744497
1065.0 0.10276493849232793
1066.0 0.10776773560792208
1067.0 0.11277054436504841
1068.0 0.1189074944704771
1069.0 0.12504447950050235
1070.0 0.13473100261762738
1071.0 0.14441750245168805
1072.0 0.15747484285384417
1073.0 0.17053214833140373
1074.0 0.18495090771466494
1075.0 0.19936971366405487
1076.0 0.21353373304009438
1077.0 0.22769777569919825
1078.0 0.24203592911362648
1079.0 0.25637405924499035
1080.0 0.2738583832979202
1081.0 0.2913427073508501
1082.0 0.3189858281984925
1083.0 0.3466289257630706
1084.0 0.3851028624922037
1085.0 0.4235768225044012
1086.0 0.4587907809764147
1087.0 0.49400473944842815
1088.0 0.5577696021646261
1089.0 0.6215344648808241
1090.0 0.6982255727052689
1091.0 0.7749165873974562
1092.0 0.8041957393288612
1093.0 0.8334746584296227
1094.0 0.8697956800460815
1095.0 0.906116422265768
1096.0 0.9488743729889393
1097.0 0.991632416844368
1098.0 1.009836234152317
1099.0 1.028040237724781
1100.0 1.1816772632300854
1101.0 1.3353139162063599
