lsstCam/transmission_filter_detector/r02_s12/g_6/19700101T000000.ecsv
# %ECSV 1.0
# ---
# datatype:
# - {name: wavelength, unit: nm, datatype: float32}
# - {name: efficiency, unit: '%', datatype: float64}
# meta: !!omap
# - {MODE: DETECTOR}
# - {TYPE: transmission_filter_detector}
# - {CALIBDATE: '1970-01-01T00:00:00'}
# - {INSTRUME: LSSTCam}
# - {OBSTYPE: transmission_filter_detector}
# - {CALIBCLS: lsst.ip.isr.IntermediateFilterDetectorTransmissionCurve}
# - {SOURCE: Materion (DM-46256)}
# - {DETECTOR: 14}
# - {FILTER: g_6}
# - {CALIB_ID: 'calibDate=1970-01-01T00:00:00 filter=g_6 detector=14'}
# - {DATE: '2025-04-02T15:59:42.094900'}
# - {CALIB_CREATION_DATE: '2025-04-02'}
# - {CALIB_CREATION_TIME: '15:59:42'}
# - __serialized_columns__:
#     efficiency:
#       __class__: astropy.units.quantity.Quantity
#       unit: !astropy.units.Unit {unit: '%'}
#       value: !astropy.table.SerializedColumn {name: efficiency}
#     wavelength:
#       __class__: astropy.units.quantity.Quantity
#       unit: !astropy.units.Unit {unit: nm}
#       value: !astropy.table.SerializedColumn {name: wavelength}
# schema: astropy-2.0
wavelength efficiency
300.0 0.4889092408120632
301.0 0.36671406123787165
302.0 0.24451881181448698
303.0 0.22192816250026226
304.0 0.19933748990297318
305.0 0.20724651403725147
306.0 0.21515553817152977
307.0 0.22249154280871153
308.0 0.2298275474458933
309.0 0.22270283661782742
310.0 0.21557812578976154
311.0 0.21130521781742573
312.0 0.20703235641121864
313.0 0.20280415192246437
314.0 0.19857592415064573
315.0 0.18686596304178238
316.0 0.17515603685751557
317.0 0.17518893582746387
318.0 0.17522185808047652
319.0 0.16134571051225066
320.0 0.14746951637789607
321.0 0.14117880491539836
322.0 0.13488809345290065
323.0 0.1150025287643075
324.0 0.09511701064184308
325.0 0.08667766232974827
326.0 0.07823831983841956
327.0 0.07140450179576874
328.0 0.06457067793235183
329.0 0.06162962527014315
330.0 0.058688566787168384
331.0 0.055159395560622215
332.0 0.05163023015484214
333.0 0.047416030429303646
334.0 0.0432018336141482
335.0 0.04206824523862451
336.0 0.04093465395271778
337.0 0.041792873525992036
338.0 0.04265109309926629
339.0 0.04105285042896867
340.0 0.039454607758671045
341.0 0.03783395513892174
342.0 0.03621330251917243
343.0 0.03250550362281501
344.0 0.028797710547223687
345.0 0.02566784096416086
346.0 0.022537971381098032
347.0 0.021344803099054843
348.0 0.02015163190662861
349.0 0.01837037125369534
350.0 0.784064456820488
351.0 1.0451991111040115
352.0 0.6431853398680687
353.0 0.6376712117344141
354.0 0.6103045307099819
355.0 0.8270073682069778
356.0 0.6154429633170366
357.0 0.8365608751773834
358.0 0.47011678107082844
359.0 0.9941284544765949
360.0 0.7010196801275015
361.0 0.9704546071588993
362.0 0.6120565347373486
363.0 0.9560536593198776
364.0 0.3971010446548462
365.0 0.7450730539858341
366.0 0.4632539115846157
367.0 0.6215367466211319
368.0 0.44695762917399406
369.0 0.6627165246754885
370.0 0.4800097085535526
371.0 0.5150335840880871
372.0 0.49020424485206604
373.0 0.6028458010405302
374.0 0.40459707379341125
375.0 0.5422754678875208
376.0 0.37467952352017164
377.0 0.49087018705904484
378.0 0.3560921410098672
379.0 0.607806583866477
380.0 0.44202818535268307
381.0 0.601841090247035
382.0 0.5449401214718819
383.0 0.5277282558381557
384.0 0.5043590907007456
385.0 0.651389779523015
386.0 0.5908252205699682
387.0 0.7784199435263872
388.0 0.9389223530888557
389.0 1.1647404171526432
390.0 1.7418645322322845
391.0 2.80909426510334
392.0 4.300682619214058
393.0 6.9149307906627655
394.0 10.436082631349564
395.0 15.147863328456879
396.0 20.967447757720947
397.0 28.308525681495667
398.0 36.911240220069885
399.0 46.187469363212585
400.0 55.68922758102417
401.0 64.60967659950256
402.0 72.87749648094177
403.0 79.74976897239685
404.0 84.87531542778015
405.0 88.55622410774231
406.0 90.61093330383301
407.0 92.26577281951904
408.0 93.3018684387207
409.0 93.70250105857849
410.0 93.86997818946838
411.0 93.7081515789032
412.0 93.30579042434692
413.0 93.16476583480835
414.0 93.07225346565247
415.0 93.20634603500366
416.0 93.51669549942017
417.0 93.93666386604309
418.0 94.39017176628113
419.0 94.95058059692383
420.0 95.44538259506226
421.0 95.99601030349731
422.0 96.19256258010864
423.0 96.40371799468994
424.0 96.2382435798645
425.0 96.0961639881134
426.0 96.08867168426514
427.0 96.10567688941956
428.0 95.9699034690857
429.0 95.78434824943542
430.0 95.61944007873535
431.0 95.74249982833862
432.0 95.81874012947083
433.0 95.84127068519592
434.0 95.91315984725952
435.0 96.07281684875488
436.0 96.13538980484009
437.0 96.1942970752716
438.0 96.15087509155273
439.0 96.26318216323853
440.0 96.16965055465698
441.0 96.40854001045227
442.0 96.30347490310669
443.0 96.36435508728027
444.0 96.27695679664612
445.0 95.97017168998718
446.0 95.77022194862366
447.0 95.60226798057556
448.0 95.60017585754395
449.0 95.80278992652893
450.0 96.05137705802917
451.0 96.24062180519104
452.0 96.45072221755981
453.0 96.55482172966003
454.0 96.61871194839478
455.0 96.91486954689026
456.0 97.0128059387207
457.0 97.15211987495422
458.0 97.14756608009338
459.0 97.19662070274353
460.0 97.17680811882019
461.0 97.31152653694153
462.0 97.27583527565002
463.0 97.1356213092804
464.0 97.22143411636353
465.0 97.1750557422638
466.0 97.1084475517273
467.0 97.14515805244446
468.0 97.19417691230774
469.0 97.21968173980713
470.0 97.06951379776001
471.0 96.92305326461792
472.0 97.0355212688446
473.0 96.8614399433136
474.0 96.82153463363647
475.0 96.88811898231506
476.0 96.88262939453125
477.0 96.98432087898254
478.0 97.0888614654541
479.0 97.05864191055298
480.0 97.23866581916809
481.0 97.32745885848999
482.0 97.53584265708923
483.0 97.39537239074707
484.0 97.5583553314209
485.0 97.59584665298462
486.0 97.58975505828857
487.0 97.6351261138916
488.0 97.67980575561523
489.0 97.74867296218872
490.0 97.68375158309937
491.0 97.76211977005005
492.0 97.68340587615967
493.0 97.68078327178955
494.0 97.65722751617432
495.0 97.69014716148376
496.0 97.52621054649353
497.0 97.49394059181213
498.0 97.23753333091736
499.0 97.31624722480774
500.0 97.28320240974426
501.0 97.2050130367279
502.0 97.12278842926025
503.0 97.26163148880005
504.0 97.12426662445068
505.0 97.16458320617676
506.0 97.11950421333313
507.0 97.0809817314148
508.0 97.06054329872131
509.0 97.10434675216675
510.0 97.05818295478821
511.0 96.97847366333008
512.0 96.9339907169342
513.0 97.01621532440186
514.0 96.98876738548279
515.0 96.99895977973938
516.0 97.11564779281616
517.0 97.14436531066895
518.0 97.18358516693115
519.0 97.18729853630066
520.0 97.26195931434631
521.0 97.37106561660767
522.0 97.33648300170898
523.0 97.31222987174988
524.0 97.36241102218628
525.0 97.31210470199585
526.0 97.42729663848877
527.0 97.3908543586731
528.0 97.4684476852417
529.0 97.61268496513367
530.0 97.56045937538147
531.0 97.72210121154785
532.0 97.56724834442139
533.0 97.5870132446289
534.0 97.57120013237
535.0 97.41387963294983
536.0 97.04537987709045
537.0 96.44487500190735
538.0 95.62534093856812
539.0 94.2841112613678
540.0 92.50470995903015
541.0 89.869624376297
542.0 87.10507154464722
543.0 83.39776992797852
544.0 78.79561185836792
545.0 74.66664910316467
546.0 69.6803331375122
547.0 65.17235040664673
548.0 60.7063353061676
549.0 56.676989793777466
550.0 53.59511971473694
551.0 50.57559609413147
552.0 48.27689826488495
553.0 45.774465799331665
554.0 42.86356270313263
555.0 39.604365825653076
556.0 35.25635004043579
557.0 30.220404267311096
558.0 24.765658378601074
559.0 19.378839433193207
560.0 14.347554743289948
561.0 9.648848325014114
562.0 6.155527755618095
563.0 3.5813435912132263
564.0 1.9532505422830582
565.0 0.9516007266938686
566.0 0.5061935633420944
567.0 0.2598206279799342
568.0 0.18109068041667342
569.0 0.09242406231351197
570.0 0.08144710445776582
571.0 0.05126583273522556
572.0 0.06364800501614809
573.0 0.0330487935571
574.0 0.04172680783085525
575.0 0.03603423247113824
576.0 0.019554032769519836
577.0 0.02494055370334536
578.0 0.03371737839188427
579.0 0.02191733365179971
580.0 0.025951809948310256
581.0 0.02164586476283148
582.0 0.025213483604602516
583.0 0.022054638247936964
584.0 0.02571475924924016
585.0 0.023186876205727458
586.0 0.019384309416636825
587.0 0.015047463239170611
588.0 0.013932285946793854
589.0 0.015356976655311882
590.0 0.0157787770149298
591.0 0.008755176531849429
592.0 0.024704929091967642
593.0 0.006872533413115889
594.0 0.018215230375062674
595.0 0.0014670862583443522
596.0 0.01603889395482838
597.0 0.010285736061632633
598.0 0.0028491951525211334
599.0 0.009653424785938114
600.0 0.01567630679346621
601.0 0.0023947912268340588
602.0 0.0023749738829792477
603.0 0.002355156175326556
604.0 0.0021818903405801393
605.0 0.0020086243239347823
606.0 0.002011458491324447
607.0 0.002014292294916231
608.0 0.0019300314306747168
609.0 0.0018457703845342621
610.0 0.0018688622731133364
611.0 0.00189195379789453
612.0 0.0018600847397465259
613.0 0.0018282160453964025
614.0 0.0017990232663578354
615.0 0.0017698310330160893
616.0 0.0018315626221010461
617.0 0.0018932943930849433
618.0 0.0018169264876632951
619.0 0.001740558582241647
620.0 0.0017190506696351804
621.0 0.0016975429389276542
622.0 0.0016184400010388345
623.0 0.0015393365174531937
624.0 0.0015050277397676837
625.0 0.0014707190530316439
626.0 0.0014076774277782533
627.0 0.0013446362572722137
628.0 0.0014007519894221332
629.0 0.0014568681763194036
630.0 0.0013556150406657252
631.0 0.001254361450264696
632.0 0.0013861771549272817
633.0 0.0015179924048425164
634.0 0.0014453128642344382
635.0 0.001372632868879009
636.0 0.001356685515929712
637.0 0.0013407386177277658
638.0 0.0012528238585218787
639.0 0.0011649090083665214
640.0 0.00115860366349807
641.0 0.001152297954831738
642.0 0.0013375779417401645
643.0 0.001522857928648591
644.0 0.00143737270263955
645.0 0.001351887021883158
646.0 0.001260059252672363
647.0 0.0011682314834615681
648.0 0.0010979976650560275
649.0 0.0010277637557010166
650.0 0.0012487405001593288
651.0 0.00146971678987029
652.0 0.001177417016151594
653.0 0.0008851170605339576
654.0 0.001046378838509554
655.0 0.0012076407983840909
656.0 0.0011756545973184984
657.0 0.001143668396252906
658.0 0.0010683176697057206
659.0 0.0009929673979058862
660.0 0.0009389662409375887
661.0 0.0008849649930198211
662.0 0.0010189720342168584
663.0 0.0011529793482623063
664.0 0.001189868362416746
665.0 0.0012267573765711859
666.0 0.001146711019828217
667.0 0.001066664481186308
668.0 0.0011579862075450365
669.0 0.0012493077520048246
670.0 0.0012489774235291407
671.0 0.0012486470041039865
672.0 0.001253921254829038
673.0 0.0012591954146046191
674.0 0.0011789224117819685
675.0 0.0010986494999087881
676.0 0.0010600820132822264
677.0 0.001021514162857784
678.0 0.0010973533790092915
679.0 0.001173192504211329
680.0 0.0010672778444131836
681.0 0.0009613632755645085
682.0 0.0009978630259865895
683.0 0.0010343628673581406
684.0 0.0008766762221057434
685.0 0.0007189893494796706
686.0 0.0009586347914591897
687.0 0.0011982801879639737
688.0 0.001159912244474981
689.0 0.0011215444828849286
690.0 0.0010141221537196543
691.0 0.00090669982455438
692.0 0.0009429089004697744
693.0 0.000979118067334639
694.0 0.0010523440323595423
695.0 0.0011255699973844457
696.0 0.0011396272384445183
697.0 0.0011536842066561803
698.0 0.0012790339496859815
699.0 0.0014043836927157827
700.0 0.0011609014109126292
701.0 0.0009174189472105354
702.0 0.0011087990969826933
703.0 0.001300179155805381
704.0 0.0011954653018619865
705.0 0.0010907512660196517
706.0 0.0010999773621733766
707.0 0.001109203640226042
708.0 0.0010842345545825083
709.0 0.0010592655598884448
710.0 0.001200799670186825
711.0 0.0013423340533336159
712.0 0.001251974026672542
713.0 0.0011616142728598788
714.0 0.0012282962416065857
715.0 0.001294978483201703
716.0 0.00147128648677608
717.0 0.0016475947631988674
718.0 0.0018936052583740093
719.0 0.0021396153897512704
720.0 0.0017856267731986009
721.0 0.0014316380656964611
722.0 0.001566742139402777
723.0 0.0017018466678564437
724.0 0.0016412441254942678
725.0 0.001580641583132092
726.0 0.0017340280464850366
727.0 0.0018874146917369217
728.0 0.001962009810085874
729.0 0.0020366049284348264
730.0 0.002031689655268565
731.0 0.002026774382102303
732.0 0.0019149461877532303
733.0 0.0018031181753030978
734.0 0.0015894820535322651
735.0 0.001375846204609843
736.0 0.0012225051250425167
737.0 0.0010691639545257203
738.0 0.0011221697604923975
739.0 0.0011751754755096044
740.0 0.0009817683348956052
741.0 0.0007883611033321358
742.0 0.0008002572030818556
743.0 0.0008121533937810455
744.0 0.0009273676369048189
745.0 0.0010425820619275328
746.0 0.0010358073268434964
747.0 0.00102903259175946
748.0 0.0011815462130471133
749.0 0.0013340600162337068
750.0 0.0011280336366326082
751.0 0.0009220078027283307
752.0 0.0007960019502206706
753.0 0.000669996416036156
754.0 0.000816434567241231
755.0 0.000962872763921041
756.0 0.0009349536412628368
757.0 0.0009070345186046325
758.0 0.0008918755156628322
759.0 0.0008767167855694424
760.0 0.0007001121502980823
761.0 0.0005235075150267221
762.0 0.0005933092779741855
763.0 0.0006631109499721788
764.0 0.0007924069905129727
765.0 0.0009217033039021771
766.0 0.0007594975613756105
767.0 0.0005972919097985141
768.0 0.0004998496024199994
769.0 0.00040240729504148476
770.0 0.0003848244887194596
771.0 0.0003672416823974345
772.0 0.0005925392542849295
773.0 0.0008178370080713648
774.0 0.0008716617230675183
775.0 0.0009254866199626122
776.0 0.0008805868674244266
777.0 0.0008356872058357112
778.0 0.0007891073437349405
779.0 0.0007425276635331102
780.0 0.0006766041678929469
781.0 0.0006106807632022537
782.0 0.0006144697181298397
783.0 0.0006182584911584854
784.0 0.0007620881660841405
785.0 0.0009059178410097957
786.0 0.0008072523996816017
787.0 0.0007085872312018182
788.0 0.0004498104772210354
789.0 0.00019103379145235522
790.0 0.00019580527350626653
791.0 0.00020057675556017784
792.0 0.00022355036435328657
793.0 0.00024652399588376284
794.0 0.0002129862195943133
795.0 0.00017944844330486376
796.0 0.0003417302195884986
797.0 0.0005040119958721334
798.0 0.0004824530606128974
799.0 0.00046089417082839645
800.0 0.0005296342806104803
801.0 0.0005983745268167695
802.0 0.0005045475973020075
803.0 0.00041072075873671565
804.0 0.0003085904609179124
805.0 0.00020646023131121183
806.0 0.0002965827889056527
807.0 0.00038670532376272604
808.0 0.0004485252702579601
809.0 0.0005103452622279292
810.0 0.00038536986721737776
811.0 0.0002603944039947237
812.0 0.00027718645014829235
813.0 0.00029397847356449347
814.0 0.000379284642804123
815.0 0.0004645908120437525
816.0 0.0005167436029296368
817.0 0.0005688962573913159
818.0 0.0003751734993784339
819.0 0.00018145075273423572
820.0 0.00035188766105420655
821.0 0.000522324489793391
822.0 0.00042867773117905017
823.0 0.00033503101803944446
824.0 0.00039759743231115863
825.0 0.0004601638011081377
826.0 0.0006185518486745423
827.0 0.0007769398507662117
828.0 0.0006329952157102525
829.0 0.0004890504897048231
830.0 0.00044022040128766093
831.0 0.00039139026739576366
832.0 0.0005307424544298556
833.0 0.0006700945505144773
834.0 0.000503847604704788
835.0 0.0003376007043698337
836.0 0.00042820156522793695
837.0 0.0005188025170355104
838.0 0.0004921564141113777
839.0 0.00046551035666198004
840.0 0.0005973453426122433
841.0 0.0007291802830877714
842.0 0.000384272198061808
843.0 3.936404198157106e-05
844.0 9.292123763771087e-05
845.0 0.00014647845318904729
846.0 0.00038565754039154854
847.0 0.0006248367299122037
848.0 0.0005602823421213543
849.0 0.00049572799980524
850.0 0.0004882837856712285
851.0 0.0004808395715372171
852.0 0.0006198241862875875
853.0 0.0007588084827148123
854.0 0.0006500216386484681
855.0 0.0005412346126831835
856.0 0.0005541476184589555
857.0 0.0005670606242347276
858.0 0.0005732410500058904
859.0 0.0005794214303023182
860.0 0.0005874197086086497
861.0 0.0005954179869149812
862.0 0.0005788655926153297
863.0 0.0005623131983156782
864.0 0.0004754740530188428
865.0 0.0003886349077220075
866.0 0.00036735530102305347
867.0 0.000346075717061467
868.0 0.000614627333561657
869.0 0.0008831790182739496
870.0 0.0006517505880765384
871.0 0.0004203220214549219
872.0 0.0003792364850596641
873.0 0.0003381508349775686
874.0 0.00042988535824406426
875.0 0.0005216199042479275
876.0 0.0006546880285895895
877.0 0.0007877561074565165
878.0 0.0007612371064169565
879.0 0.0007347181508521317
880.0 0.0006707107786496636
881.0 0.0006067037247703411
882.0 0.0005135739684192231
883.0 0.00042044448491651565
884.0 0.00049469690566184
885.0 0.0005689495537808398
886.0 0.0006794560704292962
887.0 0.0007899629054008983
888.0 0.0006382160336215748
889.0 0.00048646934374119155
890.0 0.0005023193807573989
891.0 0.0005181695996725466
892.0 0.0005487117505253991
893.0 0.0005792539923277218
894.0 0.0005487355338118505
895.0 0.0005182170752959792
896.0 0.0003351958639541408
897.0 0.0001521745957688836
898.0 0.0002883406295950408
899.0 0.00042450665205251426
900.0 0.00033644157610979164
901.0 0.00024837645469233394
902.0 0.00045270885493664537
903.0 0.0006570413006556919
904.0 0.000343073452313547
905.0 2.910551870627387e-05
906.0 0.00031133024549490074
