lsstCam/transmission_filter_detector/r43_s01/y_10/19700101T000000.ecsv
# %ECSV 1.0
# ---
# datatype:
# - {name: wavelength, unit: nm, datatype: float32}
# - {name: efficiency, unit: '%', datatype: float64}
# meta: !!omap
# - {MODE: DETECTOR}
# - {TYPE: transmission_filter_detector}
# - {CALIBDATE: '1970-01-01T00:00:00'}
# - {INSTRUME: LSSTCam}
# - {OBSTYPE: transmission_filter_detector}
# - {CALIBCLS: lsst.ip.isr.IntermediateFilterDetectorTransmissionCurve}
# - {SOURCE: Materion (DM-46256)}
# - {DETECTOR: 181}
# - {FILTER: y_10}
# - {CALIB_ID: 'calibDate=1970-01-01T00:00:00 filter=y_10 detector=181'}
# - {DATE: '2025-04-02T15:59:51.579894'}
# - {CALIB_CREATION_DATE: '2025-04-02'}
# - {CALIB_CREATION_TIME: '15:59:51'}
# - __serialized_columns__:
#     efficiency:
#       __class__: astropy.units.quantity.Quantity
#       unit: !astropy.units.Unit {unit: '%'}
#       value: !astropy.table.SerializedColumn {name: efficiency}
#     wavelength:
#       __class__: astropy.units.quantity.Quantity
#       unit: !astropy.units.Unit {unit: nm}
#       value: !astropy.table.SerializedColumn {name: wavelength}
# schema: astropy-2.0
wavelength efficiency
300.0 0.023822531511541456
301.0 0.02113930240739137
302.0 0.01845607184804976
303.0 0.015503287431783974
304.0 0.012550501560326666
305.0 0.013258223771117628
306.0 0.01396594598190859
307.0 0.011724782234523445
308.0 0.009483621397521347
309.0 0.009275627235183492
310.0 0.0090676338004414
311.0 0.0072611088398844
312.0 0.005454584970721044
313.0 0.006638366903644055
314.0 0.007822147017577663
315.0 0.006134284194558859
316.0 0.004446421371540055
317.0 0.005346064062905498
318.0 0.0062457074818667024
319.0 0.0038624886656180024
320.0 0.001479270122217713
321.0 0.002128940832335502
322.0 0.002778611633402761
323.0 0.0028834076147177257
324.0 0.00298820341413375
325.0 0.0030072460504015908
326.0 0.0030262885047704913
327.0 0.002575675171101466
328.0 0.0021250620193313807
329.0 0.0026040581360575743
330.0 0.003083054252783768
331.0 0.0029502651159418747
332.0 0.002817475797201041
333.0 0.0023863802198320627
334.0 0.0019552842786652036
335.0 0.002033321470662486
336.0 0.002111358662659768
337.0 0.001879474257293623
338.0 0.0016475902157253586
339.0 0.0012788488675141707
340.0 0.0009101073374040425
341.0 0.001028207680064952
342.0 0.0011463080227258615
343.0 0.0015794079445186071
344.0 0.0020125078663113527
345.0 0.0012198832337162457
346.0 0.0004272584192221984
347.0 0.001016599253489403
348.0 0.0016059399058576673
349.0 0.001505013551650336
350.0 0.0014040871064935345
351.0 0.0014838940842309967
352.0 0.001563701152917929
353.0 0.0014501624718832318
354.0 0.0013366236998990644
355.0 0.0018404267393634655
356.0 0.0023442298697773367
357.0 0.0015135945432120934
358.0 0.0006829590802226448
359.0 0.0008226467798522208
360.0 0.000962334615906002
361.0 0.0010120377737621311
362.0 0.0010617409316182602
363.0 0.0010990380360453855
364.0 0.0011363353223714512
365.0 0.0012067381248925813
366.0 0.0012771411093126517
367.0 0.0015892626834101975
368.0 0.0019013843484572135
369.0 0.001433783836546354
370.0 0.0009661835065344349
371.0 0.0011098863978986628
372.0 0.0012535895621113013
373.0 0.0016064846931840293
374.0 0.001959379733307287
375.0 0.0028382695745676756
376.0 0.003717159415828064
377.0 0.004144235936109908
378.0 0.004571312456391752
379.0 0.00419894240621943
380.0 0.0038265723560471088
381.0 0.0031744628358865157
382.0 0.0025223536795238033
383.0 0.0017625809050514363
384.0 0.0010028082215285394
385.0 0.0007721740985289216
386.0 0.0005415400210040389
387.0 0.00041393832361791283
388.0 0.0002863366262317868
389.0 0.0003577644065444474
390.0 0.00042919214138237294
391.0 0.00046110731091175694
392.0 0.0004930224804411409
393.0 0.00060774455050705
394.0 0.0007224665296234889
395.0 0.00069094130594749
396.0 0.0006594160367967561
397.0 0.0007852015187381767
398.0 0.0009109871825785376
399.0 0.0010496998584130779
400.0 0.001188412443298148
401.0 0.0014825381185801234
402.0 0.0017766635210136883
403.0 0.0018439144696458243
404.0 0.0019111654182779603
405.0 0.0019274102669442073
406.0 0.0019436549337115139
407.0 0.0018074229956255294
408.0 0.0016711906937416643
409.0 0.0015803962014615536
410.0 0.001489601800130913
411.0 0.0011612849448283669
412.0 0.0008329681804752909
413.0 0.0008215420166379772
414.0 0.0008101159437501337
415.0 0.0006375283646775642
416.0 0.00046494069465552457
417.0 0.00023218458409246523
418.0 1.6263865254551035e-10
419.0 1.6263865254551035e-10
420.0 1.6263865254551035e-10
421.0 1.6263865254551035e-10
422.0 1.6263865254551035e-10
423.0 1.6263865254551035e-10
424.0 1.637624507111468e-05
425.0 1.6263865254551035e-10
426.0 1.6263865254551035e-10
427.0 0.00013935498373029986
428.0 0.0008136169526551384
429.0 0.0003573270760170999
430.0 1.6263865254551035e-10
431.0 1.6263865254551035e-10
432.0 1.6263865254551035e-10
433.0 1.6263865254551035e-10
434.0 1.6263865254551035e-10
435.0 1.6263865254551035e-10
436.0 0.0001747423198139586
437.0 0.00010665127092579496
438.0 3.856029593407584e-05
439.0 0.0004086914032086497
440.0 0.0007788225047988817
441.0 0.00021953396753815468
442.0 1.6263865254551035e-10
443.0 1.6263865254551035e-10
444.0 0.00025590393306629267
445.0 9.642426448408514e-05
446.0 1.6263865254551035e-10
447.0 1.988677666986405e-06
448.0 6.703279495923198e-05
449.0 0.00014197557902662084
450.0 0.00021691814708901802
451.0 0.00012037029364364571
452.0 2.38224700410683e-05
453.0 9.846448847383726e-05
454.0 0.00017310652538071736
455.0 0.0003669262923722272
456.0 0.0005607461389445234
457.0 0.00037836759929632535
458.0 0.00019598892322392203
459.0 0.00024244013729912695
460.0 0.00028889148779853713
461.0 0.00011853190926558455
462.0 1.6263865254551035e-10
463.0 0.00022946562694414752
464.0 0.0005107590368425008
465.0 0.0006869720891700126
466.0 0.0008631853233964648
467.0 0.00082620654211496
468.0 0.0007892278517829254
469.0 0.0011837294550787192
470.0 0.001578231058374513
471.0 0.0014232281500881072
472.0 0.0012682254237006418
473.0 0.0019915389202651568
474.0 0.0027148522349307314
475.0 0.0027972242605756037
476.0 0.002879596286220476
477.0 0.0026764992071548477
478.0 0.002473401946190279
479.0 0.0030038610930205323
480.0 0.0035343200579518452
481.0 0.003959395689889789
482.0 0.004384471685625613
483.0 0.004213377178530209
484.0 0.004042282671434805
485.0 0.003750951145775616
486.0 0.0034596196201164275
487.0 0.002989812674059067
488.0 0.0025200059099006467
489.0 0.0023636901460122317
490.0 0.002207374564022757
491.0 0.0019524151866789907
492.0 0.0016974558093352243
493.0 0.0016817739378893748
494.0 0.001666091884544585
495.0 0.0017470070815761574
496.0 0.0018279222786077298
497.0 0.0016571557353017852
498.0 0.0014863891919958405
499.0 0.001925096512422897
500.0 0.0023638034690520726
501.0 0.0025659543098299764
502.0 0.00276810496870894
503.0 0.0028465015930123627
504.0 0.0029248980354168452
505.0 0.0026914112822851166
506.0 0.0024579241653555073
507.0 0.0021999208911438473
508.0 0.0019419177988311276
509.0 0.0018571790860733017
510.0 0.0017724405552144162
511.0 0.002024143577727955
512.0 0.002275846782140434
513.0 0.002144122299796436
514.0 0.002012397635553498
515.0 0.0016964555470622145
516.0 0.0013805131857225206
517.0 0.0013201368346926756
518.0 0.0012597602108144201
519.0 0.0013179307643440552
520.0 0.0013761014088231605
521.0 0.0013229798241809476
522.0 0.0012698581485892646
523.0 0.001604066346772015
524.0 0.0019382743630558252
525.0 0.0020801577193196863
526.0 0.0022220412574824877
527.0 0.002213975676568225
528.0 0.0022059102775529027
529.0 0.0023385278836940415
530.0 0.00247114530793624
531.0 0.002212654180766549
532.0 0.0019541628716979176
533.0 0.002097310425597243
534.0 0.0022404579794965684
535.0 0.002021046202571597
536.0 0.0018016344256466255
537.0 0.001884365701698698
538.0 0.0019670973415486515
539.0 0.0023045504349283874
540.0 0.0026420035283081234
541.0 0.0033246909879380837
542.0 0.004007378811365925
543.0 0.004263125447323546
544.0 0.004518872083281167
545.0 0.004839491521124728
546.0 0.0051601105951704085
547.0 0.004764078767038882
548.0 0.004368046938907355
549.0 0.003482200190774165
550.0 0.0025963530788430944
551.0 0.002140881224477198
552.0 0.0016854090063134208
553.0 0.0020225479602231644
554.0 0.0023596872779307887
555.0 0.0030521798180416226
556.0 0.0037446723581524566
557.0 0.004177655137027614
558.0 0.004610637915902771
559.0 0.004328649083618075
560.0 0.004046660251333378
561.0 0.0038156995287863538
562.0 0.0035847384424414486
563.0 0.003264671249780804
564.0 0.002944603875221219
565.0 0.0032081974495667964
566.0 0.003471790478215553
567.0 0.003942562034353614
568.0 0.004413332862895913
569.0 0.004896559767075814
570.0 0.005379786671255715
571.0 0.005829733345308341
572.0 0.006279679655563086
573.0 0.00643918028799817
574.0 0.0065986816480290145
575.0 0.006617372127948329
576.0 0.006636062607867643
577.0 0.006203998054843396
578.0 0.005771933501819149
579.0 0.005308143227011897
580.0 0.004844352952204645
581.0 0.005546667307498865
582.0 0.006248981662793085
583.0 0.007582402031403035
584.0 0.008915823127608746
585.0 0.009818397666094825
586.0 0.01072097584255971
587.0 0.010868140088859946
588.0 0.011015305062755942
589.0 0.010661490523489192
590.0 0.010307678894605488
591.0 0.009747488365974277
592.0 0.00918729929253459
593.0 0.008233751577790827
594.0 0.007280203863047063
595.0 0.006297357322182506
596.0 0.00531451114511583
597.0 0.005398845678428188
598.0 0.005483180575538427
599.0 0.006354496872518212
600.0 0.007225813169497997
601.0 0.008316995081258938
602.0 0.009408175537828356
603.0 0.010095473408000544
604.0 0.010782772005768493
605.0 0.01070751968654804
606.0 0.010632268822519109
607.0 0.010007737728301436
608.0 0.009383207361679524
609.0 0.008257267472799867
610.0 0.0071313290391117334
611.0 0.005592893649009056
612.0 0.0040544593503000215
613.0 0.003678828215925023
614.0 0.0033031970815500244
615.0 0.0037187965062912554
616.0 0.0041343955672346056
617.0 0.005533314470085315
618.0 0.006932232645340264
619.0 0.008447816071566194
620.0 0.009963398042600602
621.0 0.010762838064692914
622.0 0.011562277359189466
623.0 0.01162078115157783
624.0 0.011679284216370434
625.0 0.011081317643402144
626.0 0.010483351798029616
627.0 0.009094749839277938
628.0 0.007706149335717782
629.0 0.00613855809206143
630.0 0.004570966484607197
631.0 0.003700578599818982
632.0 0.0028301908969297074
633.0 0.002692745692911558
634.0 0.0025553006707923487
635.0 0.002496391061868053
636.0 0.002437481271044817
637.0 0.0030897921533323824
638.0 0.003742102489923127
639.0 0.004479959898162633
640.0 0.005217816942604259
641.0 0.005470235555549152
642.0 0.005722654168494046
643.0 0.005862636680831201
644.0 0.006002619193168357
645.0 0.005452881669043563
646.0 0.00490314450871665
647.0 0.004513986277743243
648.0 0.004124827682971954
649.0 0.003187270340276882
650.0 0.0022497129975818098
651.0 0.0021745085177826695
652.0 0.002099303856084589
653.0 0.0018358836314291693
654.0 0.0015724634067737497
655.0 0.0015096548850124236
656.0 0.0014468464542005677
657.0 0.0017383783415425569
658.0 0.002029910137935076
659.0 0.0017837124687503092
660.0 0.0015375146176666021
661.0 0.0015906078260741197
662.0 0.0016437012163805775
663.0 0.0018104690752807073
664.0 0.001977236934180837
665.0 0.0023812872314010747
666.0 0.002785337892419193
667.0 0.003029628351214342
668.0 0.003273918991908431
669.0 0.004464809171622619
670.0 0.005655698987538926
671.0 0.0063995314121712
672.0 0.00714336201781407
673.0 0.0074948780820705
674.0 0.00784639414632693
675.0 0.007372979598585516
676.0 0.006899565050844103
677.0 0.006372464122250676
678.0 0.005845363193657249
679.0 0.004742352030007169
680.0 0.003639340866357088
681.0 0.0023624717869097367
682.0 0.0010856021617655642
683.0 0.0007401594302791636
684.0 0.00039471678974223323
685.0 0.0002175448571506422
686.0 4.0372853504777595e-05
687.0 0.0002457180698911543
688.0 0.0004510632606979925
689.0 0.000321731772601197
690.0 0.00019240026176703395
691.0 0.0002017691258515697
692.0 0.0002111379217240028
693.0 0.00032870564155018656
694.0 0.00044627322495216504
695.0 0.0004124179667996941
696.0 0.0003785628223340609
697.0 0.000400010731027578
698.0 0.0004214585260342574
699.0 0.0003657938123069471
700.0 0.00031012914405437186
701.0 0.00010705258546295227
702.0 1.6263865254551035e-10
703.0 0.00012904690720461076
704.0 0.0003541178557497915
705.0 0.00030190312827471644
706.0 0.0002496883098501712
707.0 0.00020446680082386592
708.0 0.00015924531453492818
709.0 0.00017940053567144787
710.0 0.0001995557340706
711.0 0.0002484953029124881
712.0 0.0002974347580675385
713.0 0.00017082240901800105
714.0 4.421004291543795e-05
715.0 6.528306926156802e-05
716.0 8.635598760520224e-05
717.0 0.00017768986708688317
718.0 0.00026902348508883733
719.0 8.128901640702679e-05
720.0 1.6263865254551035e-10
721.0 0.00018829337022907566
722.0 0.0004830321813642513
723.0 0.0002048952865152387
724.0 1.6263865254551035e-10
725.0 0.00033786159292503726
726.0 0.0007489648396585835
727.0 0.00042097044570255093
728.0 9.297596079704817e-05
729.0 0.00024262806164188078
730.0 0.0003922800260625081
731.0 0.00019849685486406088
732.0 4.7135721104041295e-06
733.0 0.00021375681171775796
734.0 0.0004228002580930479
735.0 0.00028552253752422985
736.0 0.0001482447828493605
737.0 0.00040597601582703646
738.0 0.0006637072146986611
739.0 0.00033460594295320334
740.0 5.504769617914462e-06
741.0 2.276931709843666e-06
742.0 1.6263865254551035e-10
743.0 0.00029066063689242583
744.0 0.0005822721959702903
745.0 0.00044911125769431237
746.0 0.0003159504103678046
747.0 0.0003515504886308918
748.0 0.00038715070331818424
749.0 0.00035357195429241983
750.0 0.0003199931825292879
751.0 0.0001947059217854985
752.0 6.941884862499137e-05
753.0 0.00020916006633342477
754.0 0.00034890140341303777
755.0 0.0003798455509240739
756.0 0.0004107897893845802
757.0 0.000438042798123206
758.0 0.00046529571591236163
759.0 0.00027212745408178307
760.0 7.895910130173434e-05
761.0 0.0002688892664082232
762.0 0.0004588192041410366
763.0 0.0004165940026723547
764.0 0.00037436864204209996
765.0 0.00023313409656111617
766.0 9.189956813315803e-05
767.0 0.00010154117262572981
768.0 0.00011118274869659217
769.0 9.399660427789058e-06
770.0 1.6263865254551035e-10
771.0 1.6263865254551035e-10
772.0 1.6263865254551035e-10
773.0 3.613731962559541e-05
774.0 7.830001891306893e-05
775.0 0.00024255600692413282
776.0 0.00040681197788217105
777.0 0.0003573822141333949
778.0 0.000307952336697781
779.0 0.0006260384907363914
780.0 0.0009441247129871044
781.0 0.0008887055628292728
782.0 0.0008332862307725009
783.0 0.0005564387265621917
784.0 0.0002795912223518826
785.0 0.00017796799056668533
786.0 7.634479288753937e-05
787.0 0.0004416222964209737
788.0 0.0008068996976362541
789.0 0.0004203730441076914
790.0 3.3846293945316575e-05
791.0 0.00016622195744275814
792.0 0.00029859756978112273
793.0 0.0005824654635944171
794.0 0.0008663333574077114
795.0 0.000615548651694553
796.0 0.00036476380955718923
797.0 0.0008164441169355996
798.0 0.001268124469788745
799.0 0.0009608598702470772
800.0 0.0006535951342812041
801.0 0.0007866167834436055
802.0 0.0009196384780807421
803.0 0.0006714595656376332
804.0 0.00042328060771978926
805.0 0.0005747186150983907
806.0 0.0007261566679517273
807.0 0.0004922214884572895
808.0 0.0002582862634881167
809.0 0.0006059698080207454
810.0 0.0009536534889775794
811.0 0.0008991185495688114
812.0 0.0008445837011095136
813.0 0.0005858751592313638
814.0 0.00032716661735321395
815.0 0.0003192443273292156
816.0 0.0003113220600425848
817.0 0.0004576965238811681
818.0 0.0006040710559318541
819.0 0.0006020165983500192
820.0 0.0005999621862429194
821.0 0.0006938978913240135
822.0 0.0007878335054556374
823.0 0.0006397141532943351
824.0 0.0004915951194561785
825.0 0.0006378914804372471
826.0 0.0007841877959435806
827.0 0.0005290204171615187
828.0 0.00027385294742998667
829.0 0.0004745525529870065
830.0 0.000675251976645086
831.0 0.0009530373063171282
832.0 0.0012308225450397003
833.0 0.0009956003850675188
834.0 0.0007603783160448074
835.0 0.0004684295163315255
836.0 0.00017648093262323528
837.0 0.0003477364089121693
838.0 0.0005189919647818897
839.0 0.0006301244411588414
840.0 0.0007412570084852632
841.0 0.0007140489742596401
842.0 0.000686840940034017
843.0 0.0008688592060934752
844.0 0.0010508774721529335
845.0 0.0009618189324100967
846.0 0.00087276039266726
847.0 0.0008377782251045574
848.0 0.000802796239440795
849.0 0.0009495725862507243
850.0 0.0010963491149595939
851.0 0.0008876821993908379
852.0 0.0006790154202462872
853.0 0.0005405066076491494
854.0 0.00040199802242568694
855.0 0.0005747819159296341
856.0 0.000747565673009376
857.0 0.001142590099334484
858.0 0.0015376142982859164
859.0 0.0014622945855080616
860.0 0.0013869748727302067
861.0 0.0011985155651927926
862.0 0.0010100561667059083
863.0 0.001481798153690761
864.0 0.0019535400497261435
865.0 0.0019756438632612117
866.0 0.00199774785869522
867.0 0.002401128404017072
868.0 0.002804509495035745
869.0 0.0029938122679595836
870.0 0.003183115040883422
871.0 0.0031424151529790834
872.0 0.003101714901276864
873.0 0.0028772732548532076
874.0 0.002652831608429551
875.0 0.002383040737186093
