lsstCam/transmission_filter_detector/r43_s01/y_10/19700101T000000.ecsv
# %ECSV 1.0
# ---
# datatype:
# - {name: wavelength, unit: nm, datatype: float32}
# - {name: efficiency, unit: '%', datatype: float64}
# meta: !!omap
# - {MODE: DETECTOR}
# - {TYPE: transmission_filter_detector}
# - {CALIBDATE: '1970-01-01T00:00:00'}
# - {INSTRUME: LSSTCam}
# - {OBSTYPE: transmission_filter_detector}
# - {CALIBCLS: lsst.ip.isr.IntermediateFilterDetectorTransmissionCurve}
# - {SOURCE: Materion (DM-46256)}
# - {DETECTOR: 181}
# - {FILTER: y_10}
# - {CALIB_ID: 'calibDate=1970-01-01T00:00:00 filter=y_10 detector=181'}
# - {DATE: '2025-04-02T15:59:51.579894'}
# - {CALIB_CREATION_DATE: '2025-04-02'}
# - {CALIB_CREATION_TIME: '15:59:51'}
# - __serialized_columns__:
#     efficiency:
#       __class__: astropy.units.quantity.Quantity
#       unit: !astropy.units.Unit {unit: '%'}
#       value: !astropy.table.SerializedColumn {name: efficiency}
#     wavelength:
#       __class__: astropy.units.quantity.Quantity
#       unit: !astropy.units.Unit {unit: nm}
#       value: !astropy.table.SerializedColumn {name: wavelength}
# schema: astropy-2.0
wavelength efficiency
[from data line 577]
877.0 0.0018035208995570429
878.0 0.0014937926607672125
879.0 0.0015431751307914965
880.0 0.06676396005786955
881.0 0.08836649940349162
882.0 0.06493153632618487
883.0 0.09392484789714217
884.0 0.062341365264728665
885.0 0.09057780844159424
886.0 0.06024339236319065
887.0 0.1025179517455399
888.0 0.07963296957314014
889.0 0.10359870502725244
890.0 0.07283714949153364
891.0 0.0867798866238445
892.0 0.07524750544689596
893.0 0.10987329296767712
894.0 0.07437465828843415
895.0 0.10134675540030003
896.0 0.08032962214201689
897.0 0.10366713395342231
898.0 0.08448053267784417
899.0 0.13358982978388667
900.0 0.09615363669581711
901.0 0.13094459427520633
902.0 0.1383253838866949
903.0 0.14971093041822314
904.0 0.17876935889944434
905.0 0.20813795272260904
906.0 0.2469202969223261
907.0 0.3204737324267626
908.0 0.40384745225310326
909.0 0.5314111243933439
910.0 0.7565709762275219
911.0 1.0338744148612022
912.0 1.5317383222281933
913.0 2.2855184972286224
914.0 3.2427944242954254
915.0 4.692704975605011
916.0 6.524533033370972
917.0 8.617711812257767
918.0 11.127568781375885
919.0 13.580253720283508
920.0 16.90153479576111
921.0 20.301583409309387
922.0 23.582276701927185
923.0 27.460163831710815
924.0 31.66467249393463
925.0 36.37339174747467
926.0 42.18375086784363
927.0 48.57717156410217
928.0 54.42877411842346
929.0 60.84094047546387
930.0 66.6852355003357
931.0 72.5509524345398
932.0 78.18475365638733
933.0 83.09907913208008
934.0 86.8679404258728
935.0 89.70335125923157
936.0 91.9764518737793
937.0 93.6414897441864
938.0 94.77395415306091
939.0 95.44880390167236
940.0 95.89280486106873
941.0 96.18985056877136
942.0 96.40414714813232
943.0 96.64884209632874
944.0 96.99371457099915
945.0 96.9523549079895
946.0 97.07765579223633
947.0 97.12249636650085
948.0 97.22667932510376
949.0 97.15787172317505
950.0 97.26711511611938
951.0 97.32358455657959
952.0 97.349613904953
953.0 97.52189517021179
954.0 97.55802750587463
955.0 97.62218594551086
956.0 97.87272214889526
957.0 98.07315468788147
958.0 98.21184277534485
959.0 98.30688238143921
960.0 98.48310947418213
961.0 98.58328104019165
962.0 98.63487482070923
963.0 98.6881971359253
964.0 98.74070286750793
965.0 98.77983927726746
966.0 98.86370897293091
967.0 98.89743328094482
968.0 98.89137744903564
969.0 98.88095259666443
970.0 98.95341992378235
971.0 99.00248050689697
972.0 99.03784394264221
973.0 99.11821484565735
974.0 99.14057850837708
975.0 99.11252856254578
976.0 99.165940284729
977.0 99.13771152496338
978.0 99.20876622200012
979.0 99.16501045227051
980.0 99.1384506225586
981.0 99.04100298881531
982.0 98.98428916931152
983.0 99.01870489120483
984.0 98.97222518920898
985.0 98.95519614219666
986.0 98.82457256317139
987.0 98.93377423286438
988.0 98.80869388580322
989.0 98.76797795295715
990.0 98.74483942985535
991.0 98.72191548347473
992.0 98.81471991539001
993.0 98.7608551979065
994.0 98.72807264328003
995.0 98.78042936325073
996.0 98.74829053878784
997.0 98.87571334838867
998.0 98.88601899147034
999.0 98.92238974571228
1000.0 98.95853996276855
1001.0 98.95457029342651
1002.0 99.07606244087219
1003.0 99.07994270324707
1004.0 99.19147491455078
1005.0 99.14465546607971
1006.0 99.23425912857056
1007.0 99.22217130661011
1008.0 99.21441674232483
1009.0 99.16086792945862
1010.0 99.20669198036194
1011.0 99.1995096206665
1012.0 99.10048246383667
1013.0 99.12700057029724
1014.0 99.10099506378174
1015.0 99.050772190094
1016.0 99.01570081710815
1017.0 99.04305338859558
1018.0 99.117511510849
1019.0 99.00485277175903
1020.0 99.04615879058838
1021.0 99.18091297149658
1022.0 99.01905059814453
1023.0 99.09951686859131
1024.0 99.05719757080078
1025.0 99.07659888267517
1026.0 99.09554719924927
1027.0 99.2059051990509
1028.0 99.11196827888489
1029.0 99.22053217887878
1030.0 99.26350116729736
1031.0 99.23220872879028
1032.0 99.23685789108276
1033.0 99.2022454738617
1034.0 99.27101135253906
1035.0 99.25667643547058
1036.0 99.22517538070679
1037.0 99.2129921913147
1038.0 99.13460612297058
1039.0 99.14091229438782
1040.0 99.03299808502197
1041.0 99.1503119468689
1042.0 99.14932250976562
1043.0 99.03356432914734
1044.0 99.10587668418884
1045.0 98.82799983024597
1046.0 99.09088611602783
1047.0 98.93800020217896
1048.0 98.9987313747406
1049.0 98.88980388641357
1050.0 98.908531665802
1051.0 98.86326789855957
1052.0 98.9467442035675
1053.0 98.77883791923523
1054.0 99.07985925674438
1055.0 99.09498691558838
1056.0 98.86811971664429
1057.0 99.03721213340759
1058.0 98.92739057540894
1059.0 98.94483685493469
1060.0 99.06713366508484
1061.0 99.0538239479065
1062.0 98.99837374687195
1063.0 98.90653491020203
1064.0 99.1251528263092
1065.0 99.01859760284424
1066.0 99.08286333084106
1067.0 99.07872676849365
1068.0 99.01744723320007
1069.0 98.91499280929565
1070.0 99.21875
1071.0 98.97046685218811
1072.0 99.03798699378967
1073.0 99.20194149017334
1074.0 98.78610372543335
1075.0 98.88573288917542
1076.0 98.52648973464966
1077.0 98.99333715438843
1078.0 99.12659525871277
1079.0 98.75736832618713
1080.0 99.4145154953003
1081.0 98.7866759300232
1082.0 98.71194958686829
1083.0 98.81051182746887
1084.0 99.13721680641174
1085.0 98.94153475761414
1086.0 98.87458086013794
1087.0 98.86913895606995
1088.0 98.59048128128052
1089.0 98.54087233543396
1090.0 98.61802458763123
1091.0 98.76240491867065
1092.0 98.8291084766388
1093.0 98.66179823875427
1094.0 98.42952489852905
1095.0 98.5477864742279
1096.0 98.73639345169067
1097.0 98.38671684265137
1098.0 97.81289100646973
1099.0 98.99898767471313
1100.0 98.12583327293396
