ts8/qe_curve/rtm-013_s01/19700101T000000.ecsv
# %ECSV 0.9
# ---
# datatype:
# - {name: amp_name, datatype: string}
# - {name: wavelength, unit: nm, datatype: float32}
# - {name: efficiency, unit: '%', datatype: float32}
# meta: !!omap
# - {MODE: AMP}
# - {TYPE: QE}
# - {CALIBDATE: '1970-01-01T00:00:00'}
# - {INSTRUME: TS8}
# - {OBSTYPE: qe_curve}
# - {DETECTOR: 109}
# - {PICKLEFILE: RaftRun10982.p}
# - {CALIB_ID: 'raftName=RTM-013 detectorName=S01 detector=109 calibDate=1970-01-01T00:00:00 ccd=109 ccdnum=109 filter=None'}
# - {DATE: '2020-07-23T19:15:16.653546'}
# - {CALIB_CREATION_DATE: '2020-07-23'}
# - {CALIB_CREATION_TIME: '19:15:16'}
# - __serialized_columns__:
#     efficiency:
#       __class__: astropy.units.quantity.Quantity
#       unit: !astropy.units.Unit {unit: '%'}
#       value: !astropy.table.SerializedColumn {name: efficiency}
#     wavelength:
#       __class__: astropy.units.quantity.Quantity
#       unit: !astropy.units.Unit {unit: nm}
#       value: !astropy.table.SerializedColumn {name: wavelength}
# schema: astropy-2.0
amp_name wavelength efficiency
C15 319.994 46.41673
C15 324.969 48.41121
C15 349.982 57.896748
C15 374.975 74.73568
C15 400.019 86.34333
C15 424.965 87.38438
C15 450.035 85.94478
C15 475.003 84.81933
C15 500.018 84.45879
C15 525.002 84.87131
C15 550.029 86.280876
C15 575.023 88.11247
C15 599.982 90.12065
C15 619.997 91.41354
C15 624.979 91.673
C15 650.012 93.24369
C15 675.004 94.567085
C15 700.03 95.62127
C15 725.012 96.122765
C15 750.022 97.72882
C15 774.987 98.55249
C15 799.976 99.235374
C15 824.988 98.03887
C15 850.022 97.23798
C15 869.967 95.13549
C15 875.002 93.95725
C15 899.999 87.18687
C15 919.999 79.40291
C15 925.012 76.80936
C15 949.965 62.824432
C15 975.002 47.614822
C15 999.976 31.113977
C15 1025.028 15.033634
C15 1050.014 6.1657
C15 1075.002 3.3660042
C15 1099.99 2.2951963
C17 319.994 45.963303
C17 324.969 47.914276
C17 349.982 57.17942
C17 374.975 74.232994
C17 400.019 86.221405
C17 424.965 87.40422
C17 450.035 86.04377
C17 475.003 84.93708
C17 500.018 84.539024
C17 525.002 84.80799
C17 550.029 86.07806
C17 575.023 87.82606
C17 599.982 89.77584
C17 619.997 91.01606
C17 624.979 91.30481
C17 650.012 92.83837
C17 675.004 94.204994
C17 700.03 95.25672
C17 725.012 95.818016
C17 750.022 97.48722
C17 774.987 98.3903
C17 799.976 99.14844
C17 824.988 97.95001
C17 850.022 97.19663
C17 869.967 95.07133
C17 875.002 93.88688
C17 899.999 86.81945
C17 919.999 79.00442
C17 925.012 76.48422
C17 949.965 62.780476
C17 975.002 47.636837
C17 999.976 30.90268
C17 1025.028 14.899547
C17 1050.014 6.1080813
C17 1075.002 3.3731723
C17 1099.99 2.2964854
C10 319.994 48.132896
C10 324.969 50.4826
C10 349.982 60.739647
C10 374.975 76.26932
C10 400.019 86.1756
C10 424.965 86.46371
C10 450.035 85.11222
C10 475.003 84.31461
C10 500.018 84.28865
C10 525.002 84.9082
C10 550.029 86.52005
C10 575.023 88.52764
C10 599.982 90.604256
C10 619.997 91.85814
C10 624.979 92.1801
C10 650.012 93.67711
C10 675.004 95.01725
C10 700.03 95.949585
C10 725.012 96.363945
C10 750.022 97.85914
C10 774.987 98.59366
C10 799.976 99.22829
C10 824.988 97.875114
C10 850.022 96.97158
C10 869.967 94.72698
C10 875.002 93.614426
C10 899.999 87.101105
C10 919.999 79.19293
C10 925.012 76.56497
C10 949.965 62.373634
C10 975.002 47.233295
C10 999.976 30.961878
C10 1025.028 15.042663
C10 1050.014 6.1820855
C10 1075.002 3.3594382
C10 1099.99 2.2734487
C16 319.994 46.091385
C16 324.969 48.06986
C16 349.982 57.400536
C16 374.975 74.33852
C16 400.019 86.16915
C16 424.965 87.276825
C16 450.035 85.888725
C16 475.003 84.74784
C16 500.018 84.3496
C16 525.002 84.67721
C16 550.029 86.037384
C16 575.023 87.851326
C16 599.982 89.83603
C16 619.997 91.08489
C16 624.979 91.377304
C16 650.012 92.91146
C16 675.004 94.274574
C16 700.03 95.3113
C16 725.012 95.840645
C16 750.022 97.467995
C16 774.987 98.335266
C16 799.976 99.06672
C16 824.988 97.85132
C16 850.022 97.09086
C16 869.967 94.97085
C16 875.002 93.81206
C16 899.999 86.97308
C16 919.999 79.16097
C16 925.012 76.59941
C16 949.965 62.634182
C16 975.002 47.5102
C16 999.976 30.987219
C16 1025.028 14.951175
C16 1050.014 6.14164
C16 1075.002 3.3699272
C16 1099.99 2.2869475
C07 319.994 45.83762
C07 324.969 47.770844
C07 349.982 57.021675
C07 374.975 74.06155
C07 400.019 86.08132
C07 424.965 87.310715
C07 450.035 85.93679
C07 475.003 84.81895
C07 500.018 84.425186
C07 525.002 84.71669
C07 550.029 86.00752
C07 575.023 87.73058
C07 599.982 89.66345
C07 619.997 90.90446
C07 624.979 91.180534
C07 650.012 92.7185
C07 675.004 94.08416
C07 700.03 95.25542
C07 725.012 96.10581
C07 750.022 98.150246
C07 774.987 99.41868
C07 799.976 100.30906
C07 824.988 99.06403
C07 850.022 98.34813
C07 869.967 96.2675
C07 875.002 95.03473
C07 899.999 87.66153
C07 919.999 78.89514
C07 925.012 76.08884
C07 949.965 62.363525
C07 975.002 47.599533
C07 999.976 30.74719
C07 1025.028 14.925269
C07 1050.014 6.057884
C07 1075.002 3.3318276
C07 1099.99 2.253168
C03 319.994 46.68111
C03 324.969 48.775032
C03 349.982 58.4217
C03 374.975 74.71278
C03 400.019 85.72065
C03 424.965 86.502266
C03 450.035 85.036316
C03 475.003 83.94886
C03 500.018 83.67306
C03 525.002 84.18825
C03 550.029 85.73974
C03 575.023 87.692505
C03 599.982 89.76596
C03 619.997 91.065315
C03 624.979 91.346794
C03 650.012 92.90512
C03 675.004 94.24646
C03 700.03 95.360886
C03 725.012 96.10753
C03 750.022 98.01893
C03 774.987 99.155464
C03 799.976 99.95218
C03 824.988 98.66285
C03 850.022 97.932556
C03 869.967 95.85612
C03 875.002 94.640236
C03 899.999 87.5214
C03 919.999 78.91577
C03 925.012 76.1305
C03 949.965 62.22342
C03 975.002 47.513702
C03 999.976 30.851892
C03 1025.028 15.096328
C03 1050.014 6.1486115
C03 1075.002 3.349466
C03 1099.99 2.2715485
C12 319.994 47.34428
C12 324.969 49.545044
C12 349.982 59.545227
C12 374.975 75.720604
C12 400.019 86.28044
C12 424.965 86.82172
C12 450.035 85.39164
C12 475.003 84.42122
C12 500.018 84.23285
C12 525.002 84.8034
C12 550.029 86.370415
C12 575.023 88.3238
C12 599.982 90.37017
C12 619.997 91.633675
C12 624.979 91.92611
C12 650.012 93.445404
C12 675.004 94.76882
C12 700.03 95.740295
C12 725.012 96.17378
C12 750.022 97.69503
C12 774.987 98.43839
C12 799.976 99.08604
C12 824.988 97.816315
C12 850.022 96.969025
C12 869.967 94.76773
C12 875.002 93.59757
C12 899.999 86.861336
C12 919.999 79.202614
C12 925.012 76.66418
C12 949.965 62.89284
C12 975.002 47.53281
C12 999.976 31.086315
C12 1025.028 15.138624
C12 1050.014 6.205135
C12 1075.002 3.37488
C12 1099.99 2.2889354
C13 319.994 46.998978
C13 324.969 49.130127
C13 349.982 58.93339
C13 374.975 75.40096
C13 400.019 86.38029
C13 424.965 87.094666
C13 450.035 85.6561
C13 475.003 84.60772
C13 500.018 84.34636
C13 525.002 84.85334
C13 550.029 86.38238
C13 575.023 88.30984
C13 599.982 90.3489
C13 619.997 91.61748
C13 624.979 91.907196
C13 650.012 93.43858
C13 675.004 94.77275
C13 700.03 95.76408
C13 725.012 96.2162
C13 750.022 97.757454
C13 774.987 98.52451
C13 799.976 99.19141
C13 824.988 97.945595
C13 850.022 97.12519
C13 869.967 94.96661
C13 875.002 93.805016
C13 899.999 87.06199
C13 919.999 79.362274
C13 925.012 76.81618
C13 949.965 63.00772
C13 975.002 47.625786
C13 999.976 31.096184
C13 1025.028 15.133053
C13 1050.014 6.2040844
C13 1075.002 3.3780057
C13 1099.99 2.2933884
C14 319.994 46.659214
C14 324.969 48.718937
C14 349.982 58.328045
C14 374.975 74.994576
C14 400.019 86.32818
C14 424.965 87.21463
C14 450.035 85.787895
C14 475.003 84.69615
C14 500.018 84.38017
C14 525.002 84.82703
C14 550.029 86.29821
C14 575.023 88.18319
C14 599.982 90.202805
C14 619.997 91.46798
C14 624.979 91.75704
C14 650.012 93.29439
C14 675.004 94.63572
C14 700.03 95.64857
C14 725.012 96.126175
C14 750.022 97.69211
C14 774.987 98.48694
C14 799.976 99.17481
C14 824.988 97.946625
C14 850.022 97.14537
C14 869.967 95.02794
C14 875.002 93.86766
C14 899.999 87.12901
C14 919.999 79.363846
C14 925.012 76.79869
C14 949.965 62.92751
C14 975.002 47.590385
C14 999.976 31.075972
C14 1025.028 15.086901
C14 1050.014 6.174383
C14 1075.002 3.3692605
C14 1099.99 2.2921796
C05 319.994 46.25384
C05 324.969 48.237953
C05 349.982 57.664402
C05 374.975 74.41914
C05 400.019 86.035385
C05 424.965 87.07969
C05 450.035 85.626724
C05 475.003 84.4632
C05 500.018 84.09693
C05 525.002 84.52744
C05 550.029 85.995476
C05 575.023 87.84912
C05 599.982 89.85772
C05 619.997 91.13523
C05 624.979 91.40698
C05 650.012 92.96063
C05 675.004 94.305855
C05 700.03 95.45861
C05 725.012 96.25337
C05 750.022 98.22565
C05 774.987 99.426926
C05 799.976 100.2604
C05 824.988 98.99793
C05 850.022 98.26519
C05 869.967 96.17464
C05 875.002 94.9379
C05 899.999 87.76149
C05 919.999 79.067406
C05 925.012 76.23859
C05 949.965 62.276093
C05 975.002 47.630486
C05 999.976 30.892664
C05 1025.028 15.04587
C05 1050.014 6.094327
C05 1075.002 3.338145
C05 1099.99 2.2602718
C00 319.994 47.575027
C00 324.969 49.848507
C00 349.982 59.93933
C00 374.975 75.35735
C00 400.019 85.41809
C00 424.965 85.88172
C00 450.035 84.50782
C00 475.003 83.69535
C00 500.018 83.670044
C00 525.002 84.33066
C00 550.029 85.97043
C00 575.023 87.9537
C00 599.982 90.03589
C00 619.997 91.34045
C00 624.979 91.615295
C00 650.012 93.15885
C00 675.004 94.4684
C00 700.03 95.54683
C00 725.012 96.24452
C00 750.022 98.10477
C00 774.987 99.18992
C00 799.976 99.93586
C00 824.988 98.62605
C00 850.022 97.864555
C00 869.967 95.8596
C00 875.002 94.69372
C00 899.999 87.71256
C00 919.999 78.9347
C00 925.012 76.07667
C00 949.965 62.051014
C00 975.002 47.68287
C00 999.976 31.09639
C00 1025.028 15.065449
C00 1050.014 6.1933823
C00 1075.002 3.353804
C00 1099.99 2.2756145
C02 319.994 47.10248
C02 324.969 49.25437
C02 349.982 59.069633
C02 374.975 75.161026
C02 400.019 85.915474
C02 424.965 86.593445
C02 450.035 85.138824
C02 475.003 84.110535
C02 500.018 83.89877
C02 525.002 84.45564
C02 550.029 86.04209
C02 575.023 88.021355
C02 599.982 90.11794
C02 619.997 91.430214
C02 624.979 91.71158
C02 650.012 93.27979
C02 675.004 94.618126
C02 700.03 95.7265
C02 725.012 96.459015
C02 750.022 98.358864
C02 774.987 99.48023
C02 799.976 100.26383
C02 824.988 98.968056
C02 850.022 98.23279
C02 869.967 96.16275
C02 875.002 94.95486
C02 899.999 87.85457
C02 919.999 79.2243
C02 925.012 76.434784
C02 949.965 62.47336
C02 975.002 47.731853
C02 999.976 31.047577
C02 1025.028 15.18847
C02 1050.014 6.2051377
C02 1075.002 3.3634944
C02 1099.99 2.2826915
C04 319.994 46.595947
C04 324.969 48.64321
C04 349.982 58.197334
C04 374.975 74.77433
C04 400.019 86.12083
C04 424.965 87.025406
C04 450.035 85.56973
C04 475.003 84.43584
C04 500.018 84.11304
C04 525.002 84.57431
C04 550.029 86.09008
C04 575.023 88.003815
C04 599.982 90.048355
C04 619.997 91.33214
C04 624.979 91.61869
C04 650.012 93.17193
C04 675.004 94.52732
C04 700.03 95.6571
C04 725.012 96.426674
C04 750.022 98.37014
C04 774.987 99.54472
C04 799.976 100.36599
C04 824.988 99.072945
C04 850.022 98.34979
C04 869.967 96.25185
C04 875.002 95.02093
C04 899.999 87.84955
C04 919.999 79.183426
C04 925.012 76.37405
C04 949.965 62.391766
C04 975.002 47.66842
C04 999.976 30.932375
C04 1025.028 15.102744
C04 1050.014 6.1282983
C04 1075.002 3.354932
C04 1099.99 2.270294
C11 319.994 47.698166
C11 324.969 49.961864
C11 349.982 60.124878
C11 374.975 75.95865
C11 400.019 86.1317
C11 424.965 86.54107
C11 450.035 85.11633
C11 475.003 84.20694
C11 500.018 84.0866
C11 525.002 84.70523
C11 550.029 86.30463
C11 575.023 88.283646
C11 599.982 90.34831
C11 619.997 91.6274
C11 624.979 91.91355
C11 650.012 93.44236
C11 675.004 94.751526
C11 700.03 95.71725
C11 725.012 96.13724
C11 750.022 97.64262
C11 774.987 98.37168
C11 799.976 98.99168
C11 824.988 97.700226
C11 850.022 96.81538
C11 869.967 94.58782
C11 875.002 93.41731
C11 899.999 86.767845
C11 919.999 79.089325
C11 925.012 76.525185
C11 949.965 62.664993
C11 975.002 47.33058
C11 999.976 30.978794
C11 1025.028 15.091115
C11 1050.014 6.1824093
C11 1075.002 3.3597682
C11 1099.99 2.2804458
C06 319.994 46.523567
C06 324.969 48.503143
C06 349.982 57.922966
C06 374.975 75.02421
C06 400.019 87.001755
C06 424.965 88.16048
C06 450.035 86.72143
C06 475.003 85.54373
C06 500.018 85.14881
C06 525.002 85.519936
C06 550.029 86.9358
C06 575.023 88.75883
C06 599.982 90.75306
C06 619.997 92.02091
C06 624.979 92.30116
C06 650.012 93.8624
C06 675.004 95.23191
C06 700.03 96.406685
C06 725.012 97.232735
C06 750.022 99.25899
C06 774.987 100.50844
C06 799.976 101.38042
C06 824.988 100.107346
C06 850.022 99.38483
C06 869.967 97.26976
C06 875.002 96.02843
C06 899.999 88.74384
C06 919.999 79.90822
C06 925.012 77.047134
C06 949.965 62.963413
C06 975.002 48.154568
C06 999.976 31.209696
C06 1025.028 15.196517
C06 1050.014 6.1556826
C06 1075.002 3.3768382
C06 1099.99 2.2781692
C01 319.994 47.252335
C01 324.969 49.456703
C01 349.982 59.38192
C01 374.975 75.126305
C01 400.019 85.53944
C01 424.965 86.11261
C01 450.035 84.69004
C01 475.003 83.735466
C01 500.018 83.59577
C01 525.002 84.20484
C01 550.029 85.82341
C01 575.023 87.82293
C01 599.982 89.92276
C01 619.997 91.234406
C01 624.979 91.52022
C01 650.012 93.07571
C01 675.004 94.402145
C01 700.03 95.49508
C01 725.012 96.20764
C01 750.022 98.083275
C01 774.987 99.18208
C01 799.976 99.94529
C01 824.988 98.649475
C01 850.022 97.91135
C01 869.967 95.874725
C01 875.002 94.690544
C01 899.999 87.67934
C01 919.999 78.99035
C01 925.012 76.17669
C01 949.965 62.180573
C01 975.002 47.61625
C01 999.976 31.056372
C01 1025.028 15.14514
C01 1050.014 6.204376
C01 1075.002 3.3540978
C01 1099.99 2.2771525
