lsstCam/transmission_filter_detector/r11_s00/z_20/19700101T000000.ecsv
# %ECSV 1.0
# ---
# datatype:
# - {name: wavelength, unit: nm, datatype: float32}
# - {name: efficiency, unit: '%', datatype: float64}
# meta: !!omap
# - {MODE: DETECTOR}
# - {TYPE: transmission_filter_detector}
# - {CALIBDATE: '1970-01-01T00:00:00'}
# - {INSTRUME: LSSTCam}
# - {OBSTYPE: transmission_filter_detector}
# - {CALIBCLS: lsst.ip.isr.IntermediateFilterDetectorTransmissionCurve}
# - {SOURCE: Materion (DM-46256)}
# - {DETECTOR: 36}
# - {FILTER: z_20}
# - {CALIB_ID: 'calibDate=1970-01-01T00:00:00 filter=z_20 detector=36'}
# - {DATE: '2025-04-02T15:59:48.801585'}
# - {CALIB_CREATION_DATE: '2025-04-02'}
# - {CALIB_CREATION_TIME: '15:59:48'}
# - __serialized_columns__:
#     efficiency:
#       __class__: astropy.units.quantity.Quantity
#       unit: !astropy.units.Unit {unit: '%'}
#       value: !astropy.table.SerializedColumn {name: efficiency}
#     wavelength:
#       __class__: astropy.units.quantity.Quantity
#       unit: !astropy.units.Unit {unit: nm}
#       value: !astropy.table.SerializedColumn {name: wavelength}
# schema: astropy-2.0
wavelength efficiency
300.0 0.8740231394767761
301.0 0.5895596463233232
302.0 0.30509624630212784
303.0 0.29667674098163843
304.0 0.288257235661149
305.0 0.24346050340682268
306.0 0.19866374786943197
307.0 0.1833930960856378
308.0 0.16812245594337583
309.0 0.14723656931892037
310.0 0.12635068269446492
311.0 0.1265476574189961
312.0 0.12674464378505945
313.0 0.11177817359566689
314.0 0.09681172086857259
315.0 0.09566739317961037
316.0 0.09452305966988206
317.0 0.07971060113050044
318.0 0.064898154232651
319.0 0.06474719848483801
320.0 0.06459624273702502
321.0 0.06390981725417078
322.0 0.06322339759208262
323.0 0.055347924353554845
324.0 0.04747245111502707
325.0 0.04374798445496708
326.0 0.04002351779490709
327.0 0.039110914804041386
328.0 0.038198314723558724
329.0 0.03397854452487081
330.0 0.029758777236565948
331.0 0.026936395443044603
332.0 0.02411401510471478
333.0 0.023306642833631486
334.0 0.022499266196973622
335.0 0.021373842901084572
336.0 0.020248418150004
337.0 0.024401246628258377
338.0 0.028554070740938187
339.0 0.024685016251169145
340.0 0.020815966126974672
341.0 0.0174089043866843
342.0 0.014001844101585448
343.0 0.013809416850563139
344.0 0.013616992509923875
345.0 0.012774701463058591
346.0 0.011932409688597545
347.0 0.011315158189972863
348.0 0.010697908146539703
349.0 0.01337771536782384
350.0 0.01605752477189526
351.0 0.013288785703480244
352.0 0.01052004299708642
353.0 0.011061873374274
354.0 0.011603704479057342
355.0 0.009890794171951711
356.0 0.008177885320037603
357.0 0.00920086822588928
358.0 0.010223854042124003
359.0 0.01002255521598272
360.0 0.009821255662245676
361.0 0.008839546353556216
362.0 0.007857839955249801
363.0 0.009163442882709205
364.0 0.010469044354977086
365.0 0.01015767120406963
366.0 0.009846300963545218
367.0 0.00862335946294479
368.0 0.007400417234748602
369.0 0.007870836998336017
370.0 0.008341258217114955
371.0 0.008244595665019006
372.0 0.00814793529571034
373.0 0.007112953608157113
374.0 0.006077974467189051
375.0 0.006380716513376683
376.0 0.006683458195766434
377.0 0.007076952897477895
378.0 0.007470446143997833
379.0 0.006276030035223812
380.0 0.00508161356265191
381.0 0.0032268006179947406
382.0 0.001371988037135452
383.0 0.0035616416425909847
384.0 0.005751295611844398
385.0 0.005501597479451448
386.0 0.005251900074654259
387.0 0.005916587542742491
388.0 0.006581276102224365
389.0 0.005808589776279405
390.0 0.005035904177930206
391.0 0.004663670915761031
392.0 0.004291438017389737
393.0 0.004754344263346866
394.0 0.005217250873101875
395.0 0.004313952013035305
396.0 0.003410652789170854
397.0 0.00359840014425572
398.0 0.0037861471355427057
399.0 0.003997386374976486
400.0 0.004208625250612386
401.0 0.004756141424877569
402.0 0.005303657235344872
403.0 0.005329292980604805
404.0 0.005354929089662619
405.0 0.004315172918722965
406.0 0.003275417475379072
407.0 0.0017524735085316934
408.0 0.00022953026928007603
409.0 0.0020222116290824488
410.0 0.0038148929888848215
411.0 0.004251519203535281
412.0 0.004688145418185741
413.0 0.0045850640162825584
414.0 0.004481982614379376
415.0 0.003641076182248071
416.0 0.0028001702958135866
417.0 0.0037602363590849563
418.0 0.004720302968053147
419.0 0.004294051177566871
420.0 0.003867799023282714
421.0 0.0037262030673446134
422.0 0.003584607839002274
423.0 0.003550081964931451
424.0 0.003515556818456389
425.0 0.0026286796128260903
426.0 0.0017418024071957916
427.0 0.001872981374617666
428.0 0.0020041605239384808
429.0 0.0013538900020648725
430.0 0.0007036196620902047
431.0 0.0007142293270590017
432.0 0.0007248388101288583
433.0 0.0006535825377795845
434.0 0.0005823263109050458
435.0 0.0011991241080977488
436.0 0.001815922041714657
437.0 0.0020064728232682683
438.0 0.0021970237867208198
439.0 0.00221647133002989
440.0 0.0022359190552379005
441.0 0.0016515352399437688
442.0 0.0010671516065485775
443.0 0.0021956186174065806
444.0 0.0033240856282645836
445.0 0.0033145377528853714
446.0 0.0033049898775061592
447.0 0.0026186911782133393
448.0 0.0019323924789205194
449.0 0.0026322008125134744
450.0 0.003332009873702191
451.0 0.002601745472929906
452.0 0.00187148034456186
453.0 0.0017349628251395188
454.0 0.0015984458514139988
455.0 0.00232936508837156
456.0 0.0030602845072280616
457.0 0.002256742664030753
458.0 0.0014532007298839744
459.0 0.001561777389724739
460.0 0.0016703537767170928
461.0 0.0008169252396328375
462.0 1.6352427224808341e-10
463.0 0.0009613976544642355
464.0 0.0019592989701777697
465.0 0.0021881662178202532
466.0 0.002417033465462737
467.0 0.002129668791894801
468.0 0.001842303572630044
469.0 0.0016537887859158218
470.0 0.001465273726353189
471.0 0.0013672590284841135
472.0 0.0012692446944129188
473.0 0.0012713632713712286
474.0 0.0012734817573800683
475.0 0.0010756483789009508
476.0 0.0008778149094723631
477.0 0.0012697766578639857
478.0 0.001661738133407198
479.0 0.002020179272221867
480.0 0.0023786205929354765
481.0 0.0018853217625292018
482.0 0.0013920231140218675
483.0 0.0009552953997626901
484.0 0.0005185677309782477
485.0 0.0013121111805958208
486.0 0.0021056544937891886
487.0 0.0014749465663044248
488.0 0.000844238638819661
489.0 0.0016948235497693531
490.0 0.0025454084607190453
491.0 0.0023581866116728634
492.0 0.002170964944525622
493.0 0.0020143785150139593
494.0 0.0018577924493001774
495.0 0.0016310041246470064
496.0 0.0014042157090443652
497.0 0.0012894305655208882
498.0 0.0011746456948458217
499.0 0.0012323451301199384
500.0 0.0012900447472929955
501.0 0.000866730169946095
502.0 0.00044341531975078396
503.0 0.0012440783393685706
504.0 0.0020447414499358274
505.0 0.0022226306100492366
506.0 0.002400519952061586
507.0 0.0022964806703384966
508.0 0.0021924410248175263
509.0 0.0018704491594689898
510.0 0.0015484574760193937
511.0 0.0012307850738579873
512.0 0.0009131128535955213
513.0 0.0013197787666285876
514.0 0.0017264450434595346
515.0 0.0012950437849212904
516.0 0.000863642981130397
517.0 0.0008577730113756843
518.0 0.0008519029506715015
519.0 0.001043081829266157
520.0 0.0012342603440629318
521.0 0.0016513075024704449
522.0 0.0020683548427768983
523.0 0.0013963698620500509
524.0 0.0007243851996463491
525.0 0.0007800068487995304
526.0 0.0008356287253263872
527.0 0.0012126653018640354
528.0 0.0015897019693511538
529.0 0.0013325008694664575
530.0 0.0010752990419859998
531.0 0.0011291079317743424
532.0 0.001182916821562685
533.0 0.0008491098924423568
534.0 0.0005153029178472934
535.0 0.0010780157936096657
536.0 0.001640728623897303
537.0 0.0016373349353671074
538.0 0.0016339410649379715
539.0 0.001141938628279604
540.0 0.000649935918772826
541.0 0.0007488748906325782
542.0 0.0008478140443912707
543.0 0.001277715364267351
544.0 0.0017076166841434315
545.0 0.0011293451279925648
546.0 0.0005510736627911683
547.0 0.0012336533472989686
548.0 0.001916232577059418
549.0 0.0016696625607437454
550.0 0.0014230922715796623
551.0 0.0014671639291918837
552.0 0.0015112354049051646
553.0 0.001318741215072805
554.0 0.001126246752392035
555.0 0.001039778635458788
556.0 0.0009533104275760707
557.0 0.0013324797691893764
558.0 0.0017116488379542716
559.0 0.0017176185792777687
560.0 0.0017235877749044448
561.0 0.0015941175661282614
562.0 0.0014646471754531376
563.0 0.0011902864571311511
564.0 0.0009159257388091646
565.0 0.0016845786376507021
566.0 0.0024532319002901204
567.0 0.0027907328330911696
568.0 0.0031282335839932784
569.0 0.002961450081784278
570.0 0.0027946667614742182
571.0 0.0026434518076712266
572.0 0.0024922361262724735
573.0 0.0020088342353119515
574.0 0.0015254325262503698
575.0 0.001987646464840509
576.0 0.002449860221531708
577.0 0.002044233406195417
578.0 0.0016386071365559474
579.0 0.0017412405213690363
580.0 0.0018438737242831849
581.0 0.0016613192201475613
582.0 0.0014787647160119377
583.0 0.0019086850443272851
584.0 0.002338605554541573
585.0 0.0025285362426075153
586.0 0.002718467112572398
587.0 0.002064888940367382
588.0 0.0014113103134150151
589.0 0.0020460525774979033
590.0 0.002680795114429202
591.0 0.001851904198701959
592.0 0.001023013192025246
593.0 0.0008167176929418929
594.0 0.0006104219664848642
595.0 0.0010634918908181135
596.0 0.0015165617696766276
597.0 0.0013986259546072688
598.0 0.0012806900485884398
599.0 0.0009147211130766664
600.0 0.0005487522685143631
601.0 0.00048293500185536686
602.0 0.00041711764424690045
603.0 0.000901315979717765
604.0 0.0013855138604412787
605.0 0.0008739913937461097
606.0 0.00036246860872779507
607.0 0.0008148484994308092
608.0 0.0012672284356085584
609.0 0.0012103380868211389
610.0 0.0011534474651853088
611.0 0.0010187972293351777
612.0 0.0008841469025355764
613.0 0.0008551707651349716
614.0 0.0008261945367848966
615.0 0.0012740775673591997
616.0 0.0017219608707819134
617.0 0.0021777643269160762
618.0 0.0026335676011512987
619.0 0.0022005351638654247
620.0 0.0017675025446806103
621.0 0.001477731711929664
622.0 0.0011879606063303072
623.0 0.0015391995475511067
624.0 0.0018904385797213763
625.0 0.0017069738532882184
626.0 0.0015235092178045306
627.0 0.0018953418475575745
628.0 0.002267174750159029
629.0 0.0020313109416747466
630.0 0.0017954469512915239
631.0 0.001602989505045116
632.0 0.0014105314221524168
633.0 0.0017923206542036496
634.0 0.0021741103410022333
635.0 0.0051416285714367405
636.0 0.008109146438073367
637.0 0.015416098176501691
638.0 0.02272305137012154
639.0 0.01981561945285648
640.0 0.016908187535591424
641.0 0.01464125671191141
642.0 0.012374328798614442
643.0 0.009931655222317204
644.0 0.007488983101211488
645.0 0.006741857941960916
646.0 0.005994732782710344
647.0 0.00547331255802419
648.0 0.004951892333338037
649.0 0.004061058280058205
650.0 0.003170224590576254
651.0 0.003651972656371072
652.0 0.004133721085963771
653.0 0.0033329048164887354
654.0 0.0025320883651147597
655.0 0.0027948490242124535
656.0 0.0030576102290069684
657.0 0.002976741780003067
658.0 0.0028958733309991658
659.0 0.002725811646087095
660.0 0.002555750143073965
661.0 0.002733526525844354
662.0 0.002911302544816863
663.0 0.0020156991013209336
664.0 0.0011200956578250043
665.0 0.0016134963516378775
666.0 0.0021068974092486314
667.0 0.0024012373614823446
668.0 0.0026955773137160577
669.0 0.0019745399185921997
670.0 0.0012535024325188715
671.0 0.0009156578926194925
672.0 0.0005778134891443187
673.0 0.0013018352547078393
674.0 0.002025857065746095
675.0 0.002095142554026097
676.0 0.0021644276785082184
677.0 0.0018931448721559718
678.0 0.0016218613382079639
679.0 0.0013599149497167673
680.0 0.0010979683793266304
681.0 0.0011561124665604439
682.0 0.001214256371895317
683.0 0.0023457383576896973
684.0 0.0034772208891808987
685.0 0.0028869359084637836
686.0 0.00229665165534243
687.0 0.0017061651305994019
688.0 0.001115678605856374
689.0 0.0014344732335302979
690.0 0.0017532676793052815
691.0 0.0020990308257751167
692.0 0.0024447937903460115
693.0 0.0028143267627456225
694.0 0.0031838600989431143
695.0 0.0032947747968137264
696.0 0.003405688767088577
697.0 0.0036752975574927405
698.0 0.0039449067116947845
699.0 0.0058025645557790995
700.0 0.007660221308469772
701.0 0.007220142288133502
702.0 0.006780061812605709
703.0 0.006250559817999601
704.0 0.005721056368201971
705.0 0.005153371239430271
706.0 0.0045856868382543325
707.0 0.0043213265598751605
708.0 0.004056966281495988
709.0 0.004219526817905717
710.0 0.0043820877181133255
711.0 0.003934870983357541
712.0 0.0034876546123996377
713.0 0.0024561868485761806
714.0 0.0014247189028537832
715.0 0.0021689485947717912
716.0 0.002913178104790859
717.0 0.002513979052309878
718.0 0.0021147796360310167
719.0 0.0016747177141951397
720.0 0.0012346556104603224
721.0 0.001149307263403898
722.0 0.0010639588253980037
723.0 0.0009497595783614088
724.0 0.0008355601494258735
725.0 0.0012617616448551416
726.0 0.0016879630493349396
727.0 0.0017117330571636558
728.0 0.0017355027011944912
729.0 0.0018117887520929798
730.0 0.001888074621092528
731.0 0.0014390961041499395
732.0 0.0009901178600557614
733.0 0.0009944864359567873
734.0 0.0009988550118578132
735.0 0.00109122238427517
736.0 0.0011835895747935865
737.0 0.0013498577573045623
738.0 0.0015161257579165976
739.0 0.001143857207352994
740.0 0.0007715887477388605
741.0 0.0009238043276127428
742.0 0.0010760198165371548
743.0 0.001526401138107758
744.0 0.0019767821868299507
745.0 0.0013225226211943664
746.0 0.0006682629646093119
747.0 0.0011857770914502908
748.0 0.0017032911273417994
749.0 0.0023506743673351593
750.0 0.0029980576073285192
751.0 0.002969559318444226
752.0 0.0029410608476609923
753.0 0.0029658005587407388
754.0 0.0029905402698204853
755.0 0.0019444241843302734
756.0 0.0008983080988400616
757.0 0.0018704236936173402
758.0 0.0028425391064956784
759.0 0.00273221103270771
760.0 0.0026218825951218605
761.0 0.004366191205917858
762.0 0.0061105012719053775
763.0 0.005645388955599628
764.0 0.005180277366889641
765.0 0.005149159551365301
766.0 0.005118044646224007
767.0 0.0045028835302218795
768.0 0.0038877216866239905
769.0 0.0033978514693444595
770.0 0.002907981070165988
771.0 0.003823778752121143
772.0 0.004739575524581596
773.0 0.003990828918176703
774.0 0.0032420815841760486
775.0 0.08749931585043669
776.0 0.0011606753105297685
777.0 1.6352427224808341e-10
778.0 0.025304642622359097
779.0 0.06306949653662741
780.0 1.6352427224808341e-10
781.0 0.1091359299607575
782.0 0.06615983438678086
783.0 1.6352427224808341e-10
784.0 1.6352427224808341e-10
785.0 0.08172150701284409
786.0 1.6352427224808341e-10
787.0 0.06127723609097302
788.0 0.01831427653087303
789.0 0.03959149762522429
790.0 1.6352427224808341e-10
791.0 0.019094561866950244
792.0 0.13303328305482864
793.0 0.02077136596199125
794.0 0.10959286009892821
795.0 0.11777341132983565
796.0 0.1719873514957726
797.0 0.1242179423570633
798.0 0.12151137925684452
799.0 0.11912205955013633
800.0 0.23846589028835297
801.0 0.41736913844943047
802.0 0.8596637286245823
803.0 1.3379166834056377
804.0 2.2484371438622475
805.0 3.3637668937444687
806.0 5.026168376207352
807.0 7.035022974014282
808.0 9.243131428956985
809.0 12.062663584947586
810.0 15.201833844184875
811.0 18.478301167488098
812.0 21.395836770534515
813.0 24.6359646320343
814.0 28.050824999809265
815.0 32.48193562030792
816.0 37.77619004249573
817.0 43.631067872047424
818.0 49.7243732213974
819.0 56.050044298172
820.0 63.86193037033081
821.0 71.51456475257874
822.0 77.24135518074036
823.0 82.39241242408752
824.0 86.94921135902405
825.0 91.45252108573914
826.0 94.23131942749023
827.0 96.28307819366455
828.0 98.52274656295776
829.0 99.02250170707703
830.0 98.69679808616638
831.0 98.86705875396729
832.0 98.54484796524048
833.0 99.76558685302734
834.0 98.23225736618042
835.0 98.93461465835571
836.0 99.34959411621094
837.0 98.91900420188904
838.0 98.45924377441406
839.0 98.47466945648193
840.0 98.61865639686584
841.0 99.31401014328003
842.0 99.56274032592773
843.0 99.87194538116455
844.0 98.24934601783752
845.0 98.76177906990051
846.0 99.00609850883484
847.0 98.85293245315552
848.0 99.67656135559082
849.0 99.00026321411133
850.0 98.06996583938599
851.0 99.48572516441345
852.0 99.55353140830994
853.0 98.81619811058044
854.0 100.06976127624512
855.0 98.22056293487549
856.0 99.09307360649109
857.0 97.98997640609741
858.0 98.55568408966064
859.0 99.53113198280334
860.0 98.40841293334961
861.0 98.7787127494812
862.0 98.68748188018799
863.0 98.27718734741211
864.0 99.55767393112183
865.0 99.76810812950134
866.0 98.76095652580261
867.0 99.25386905670166
868.0 99.39705729484558
869.0 98.93432855606079
870.0 98.14281463623047
871.0 98.84807467460632
872.0 99.49730038642883
873.0 99.11306500434875
874.0 99.62186217308044
875.0 98.95512461662292
876.0 99.06985759735107
877.0 99.34343099594116
878.0 99.17140007019043
879.0 98.68083000183105
880.0 98.60995411872864
881.0 100.07239580154419
882.0 98.60138893127441
883.0 98.60467910766602
884.0 99.07827973365784
885.0 98.73939752578735
886.0 98.87197017669678
887.0 98.5010027885437
888.0 98.90657067298889
889.0 99.5912492275238
890.0 97.94604778289795
891.0 99.36776757240295
892.0 98.84113669395447
893.0 98.3403205871582
894.0 98.25944900512695
