lsstCam/transmission_filter_detector/r11_s00/z_20/19700101T000000.ecsv
# %ECSV 1.0
# ---
# datatype:
# - {name: wavelength, unit: nm, datatype: float32}
# - {name: efficiency, unit: '%', datatype: float64}
# meta: !!omap
# - {MODE: DETECTOR}
# - {TYPE: transmission_filter_detector}
# - {CALIBDATE: '1970-01-01T00:00:00'}
# - {INSTRUME: LSSTCam}
# - {OBSTYPE: transmission_filter_detector}
# - {CALIBCLS: lsst.ip.isr.IntermediateFilterDetectorTransmissionCurve}
# - {SOURCE: Materion (DM-46256)}
# - {DETECTOR: 36}
# - {FILTER: z_20}
# - {CALIB_ID: 'calibDate=1970-01-01T00:00:00 filter=z_20 detector=36'}
# - {DATE: '2025-04-02T15:59:48.801585'}
# - {CALIB_CREATION_DATE: '2025-04-02'}
# - {CALIB_CREATION_TIME: '15:59:48'}
# - __serialized_columns__:
#     efficiency:
#       __class__: astropy.units.quantity.Quantity
#       unit: !astropy.units.Unit {unit: '%'}
#       value: !astropy.table.SerializedColumn {name: efficiency}
#     wavelength:
#       __class__: astropy.units.quantity.Quantity
#       unit: !astropy.units.Unit {unit: nm}
#       value: !astropy.table.SerializedColumn {name: wavelength}
# schema: astropy-2.0
wavelength efficiency
[from data line 596]
896.0 98.97214770317078
897.0 99.31616187095642
898.0 98.89670014381409
899.0 98.60105514526367
900.0 98.75704646110535
901.0 99.37732815742493
902.0 98.88158440589905
903.0 98.50085377693176
904.0 97.66088128089905
905.0 98.45927357673645
906.0 98.0837881565094
907.0 98.46943020820618
908.0 98.28423261642456
909.0 98.46144914627075
910.0 98.24531674385071
911.0 96.9463050365448
912.0 95.98374962806702
913.0 95.04185318946838
914.0 92.77188181877136
915.0 90.24568200111389
916.0 88.47381472587585
917.0 87.04707026481628
918.0 83.15898776054382
919.0 82.05151557922363
920.0 78.89560461044312
921.0 75.40984153747559
922.0 71.11983299255371
923.0 65.53452014923096
924.0 59.71923470497131
925.0 54.18893098831177
926.0 48.49441051483154
927.0 41.261330246925354
928.0 35.30330955982208
929.0 29.10105586051941
930.0 23.419183492660522
931.0 18.26934963464737
932.0 12.851771712303162
933.0 8.569125086069107
934.0 5.4946694523096085
935.0 3.3805545419454575
936.0 1.891210675239563
937.0 1.128604356199503
938.0 0.6766684353351593
939.0 0.3662428352981806
940.0 0.2009017625823617
941.0 0.21827614400535822
942.0 0.16305396566167474
943.0 0.18809023313224316
944.0 1.6352427224808341e-10
945.0 0.12856307439506054
946.0 0.000722313734513591
947.0 1.6352427224808341e-10
948.0 1.6352427224808341e-10
949.0 0.03885120968334377
950.0 0.02044662833213806
951.0 0.08414858602918684
952.0 0.0101159093901515
953.0 0.031832154490984976
954.0 1.6352427224808341e-10
955.0 1.6352427224808341e-10
956.0 1.6352427224808341e-10
957.0 1.6352427224808341e-10
958.0 1.6352427224808341e-10
959.0 1.6352427224808341e-10
960.0 0.007192372140707448
961.0 0.01523264218121767
962.0 1.6352427224808341e-10
963.0 1.6352427224808341e-10
964.0 1.6352427224808341e-10
965.0 0.03983377828262746
966.0 1.6352427224808341e-10
967.0 0.05649637314490974
968.0 1.6352427224808341e-10
969.0 0.0387082778615877
970.0 0.008062263805186376
971.0 0.007667468162253499
972.0 0.058367138262838125
973.0 1.6352427224808341e-10
974.0 1.6352427224808341e-10
975.0 1.6352427224808341e-10
976.0 0.006294818740570918
977.0 0.0062905171944294125
978.0 0.00628621710347943
979.0 0.0061133308918215334
980.0 0.0059404424973763525
981.0 0.00584252666158136
982.0 0.005744611189584248
983.0 0.005593700552708469
984.0 0.005442790279630572
985.0 0.005185174086363986
986.0 0.0049275568017037585
987.0 0.004943052408634685
988.0 0.004958548743161373
989.0 0.0048925103328656405
990.0 0.004826472286367789
991.0 0.004878136678598821
992.0 0.004929801434627734
993.0 0.004831787737202831
994.0 0.004733772948384285
995.0 0.00468234829895664
996.0 0.0046309232857311144
997.0 0.004466957398108207
998.0 0.00430299187428318
999.0 0.004319201980251819
1000.0 0.004335412086220458
1001.0 0.004454002191778272
1002.0 0.004572591569740325
1003.0 0.004484724559006281
1004.0 0.0043968571844743565
1005.0 0.004298045314499177
1006.0 0.004199233444523998
1007.0 0.004265742245479487
1008.0 0.004332251410232857
1009.0 0.004402413105708547
1010.0 0.004472574801184237
1011.0 0.0045595781557494774
1012.0 0.004646581146516837
1013.0 0.004457146133063361
1014.0 0.004267710755812004
1015.0 0.004416438605403528
1016.0 0.004565165363601409
1017.0 0.004833885031985119
1018.0 0.00510260506416671
1019.0 0.004853079735767096
1020.0 0.004603554407367483
1021.0 0.00462661191704683
1022.0 0.004649669062928297
1023.0 0.0046364646550500765
1024.0 0.004623259883373976
1025.0 0.004720425567938946
1026.0 0.004817590888706036
1027.0 0.004823546260013245
1028.0 0.004829501995118335
1029.0 0.004763269316754304
1030.0 0.0046970370021881536
1031.0 0.004796525172423571
1032.0 0.004896013342658989
1033.0 0.004965651896782219
1034.0 0.005035291178501211
1035.0 0.005233860065345652
1036.0 0.005432429679785855
1037.0 0.005536282333196141
1038.0 0.005640134622808546
1039.0 0.005556038013310172
1040.0 0.005471940676216036
1041.0 0.0057762805226957425
1042.0 0.00608062109677121
1043.0 0.005614643669105135
1044.0 0.005148666241439059
1045.0 0.005872924157301895
1046.0 0.006597182073164731
1047.0 0.0062102306401357055
1048.0 0.00582327920710668
1049.0 0.006004248280078173
1050.0 0.006185217353049666
1051.0 0.006479427247541025
1052.0 0.006773637869628146
1053.0 0.006850000499980524
1054.0 0.006926362402737141
1055.0 0.007535872282460332
1056.0 0.008145382889779285
1057.0 0.007873323920648545
1058.0 0.0076012649515178055
1059.0 0.007708288467256352
1060.0 0.007815310527803376
1061.0 0.008408800204051659
1062.0 0.009002290607895702
1063.0 0.00906488930922933
1064.0 0.009127488738158718
1065.0 0.009142775525106117
1066.0 0.0091580644948408
1067.0 0.009423807932762429
1068.0 0.009689553553471342
1069.0 0.010373026452725753
1070.0 0.011056498624384403
1071.0 0.0108418520539999
1072.0 0.010627205483615398
1073.0 0.010690944327507168
1074.0 0.010754683171398938
1075.0 0.01133652840508148
1076.0 0.01191837654914707
1077.0 0.012026572221657261
1078.0 0.012134765711380169
1079.0 0.013339589349925518
1080.0 0.014544415171258152
1081.0 0.014434319746214896
1082.0 0.014324227231554687
1083.0 0.014133195509202778
1084.0 0.013942165242042392
1085.0 0.014943374844733626
1086.0 0.01594458590261638
1087.0 0.015623208309989423
1088.0 0.015301832172553986
1089.0 0.016530990251339972
1090.0 0.017760146874934435
1091.0 0.017818745982367545
1092.0 0.017877340724226087
1093.0 0.017812727310229093
1094.0 0.01774810953065753
1095.0 0.018797269149217755
1096.0 0.01984642876777798
1097.0 0.020423188107088208
1098.0 0.02099994890158996
1099.0 0.022657346562482417
1100.0 0.024314738402608782
1101.0 0.024333305191248655
1102.0 0.024351870524697006
1103.0 0.025678571546450257
1104.0 0.027005266747437418
1105.0 0.0272554432740435
1106.0 0.02750562271103263
1107.0 0.028394267428666353
1108.0 0.029282912146300077
1109.0 0.030852030613459647
1110.0 0.03242114617023617
1111.0 0.03227711713407189
1112.0 0.0321330880979076
1113.0 0.03377905813977122
1114.0 0.035425034002400935
1115.0 0.0338831712724641
1116.0 0.032341311452910304
1117.0 0.0333388801664114
1118.0 0.03433645179029554
1119.0 0.03805824089795351
1120.0 0.041780027095228434
1121.0 0.0432258821092546
1122.0 0.0446717458544299
1123.0 0.043966027442365885
1124.0 0.04326030903030187
1125.0 0.04444590595085174
1126.0 0.045631505781784654
1127.0 0.04853226419072598
1128.0 0.05143302259966731
1129.0 0.05565374158322811
1130.0 0.059874466387555
1131.0 0.060234940610826015
1132.0 0.060595409013330936
1133.0 0.06358947139233351
1134.0 0.06658353377133608
1135.0 0.06423183949664235
1136.0 0.061880145221948624
1137.0 0.06860106950625777
1138.0 0.0753220054320991
1139.0 0.07963399984873831
1140.0 0.08394595934078097
1141.0 0.09301234968006611
1142.0 0.10207872837781906
1143.0 0.12481882004067302
1144.0 0.1475588884204626
1145.0 0.2953762421384454
1146.0 0.4431936424225569
1147.0 0.9363922290503979
1148.0 1.4295907691121101
1149.0 1.6259491443634033
1150.0 1.822308637201786
