lsstCam/transmission_filter_detector/r32_s00/g_6/19700101T000000.ecsv
# %ECSV 1.0
# ---
# datatype:
# - {name: wavelength, unit: nm, datatype: float32}
# - {name: efficiency, unit: '%', datatype: float64}
# meta: !!omap
# - {MODE: DETECTOR}
# - {TYPE: transmission_filter_detector}
# - {CALIBDATE: '1970-01-01T00:00:00'}
# - {INSTRUME: LSSTCam}
# - {OBSTYPE: transmission_filter_detector}
# - {CALIBCLS: lsst.ip.isr.IntermediateFilterDetectorTransmissionCurve}
# - {SOURCE: Materion (DM-46256)}
# - {DETECTOR: 135}
# - {FILTER: g_6}
# - {CALIB_ID: 'calibDate=1970-01-01T00:00:00 filter=g_6 detector=135'}
# - {DATE: '2025-04-02T15:59:42.652686'}
# - {CALIB_CREATION_DATE: '2025-04-02'}
# - {CALIB_CREATION_TIME: '15:59:42'}
# - __serialized_columns__:
#     efficiency:
#       __class__: astropy.units.quantity.Quantity
#       unit: !astropy.units.Unit {unit: '%'}
#       value: !astropy.table.SerializedColumn {name: efficiency}
#     wavelength:
#       __class__: astropy.units.quantity.Quantity
#       unit: !astropy.units.Unit {unit: nm}
#       value: !astropy.table.SerializedColumn {name: wavelength}
# schema: astropy-2.0
wavelength efficiency
300.0 0.3599292831495404
301.0 0.313288951292634
302.0 0.26664864271879196
303.0 0.2541450783610344
304.0 0.24164151400327682
305.0 0.23522181436419487
306.0 0.22880213800817728
307.0 0.22140734363347292
308.0 0.21401254925876856
309.0 0.21053224336355925
310.0 0.20705191418528557
311.0 0.2017781138420105
312.0 0.19650429021567106
313.0 0.18880724674090743
314.0 0.18111017998307943
315.0 0.17920697573572397
316.0 0.1773037714883685
317.0 0.17452373867854476
318.0 0.1717437175102532
319.0 0.1623264281079173
320.0 0.15290911542251706
321.0 0.1404737588018179
322.0 0.12803840218111873
323.0 0.11480865068733692
324.0 0.10157889919355512
325.0 0.09085722267627716
326.0 0.08013554033823311
327.0 0.07196153164841235
328.0 0.06378751713782549
329.0 0.061729148728773
330.0 0.059670774498954415
331.0 0.055193580919876695
332.0 0.050716387340798974
333.0 0.04733711830340326
334.0 0.0439578463556245
335.0 0.04204901051707566
336.0 0.04014017467852682
337.0 0.04021074564661831
338.0 0.040281316614709795
339.0 0.03973172279074788
340.0 0.039182123146019876
341.0 0.03734328201971948
342.0 0.03550444089341909
343.0 0.03259338263887912
344.0 0.0296823272947222
345.0 0.026229029754176736
346.0 0.022775735124014318
347.0 0.0208585275686346
348.0 0.018941318558063358
349.0 0.017515543731860816
350.0 0.16121520893648267
351.0 1.2475323863327503
352.0 0.4720207769423723
353.0 1.029325369745493
354.0 0.37842157762497663
355.0 0.7836773060262203
356.0 0.33990051597356796
357.0 1.0063410736620426
358.0 0.31805119942873716
359.0 0.8027256466448307
360.0 0.30205019284039736
361.0 0.9167063981294632
362.0 0.27748222928494215
363.0 0.8680626749992371
364.0 0.3432048251852393
365.0 0.7460662163794041
366.0 0.2920858096331358
367.0 0.7301159203052521
368.0 0.2799286274239421
369.0 0.6464310456067324
370.0 0.2855063881725073
371.0 0.5778422113507986
372.0 0.21715275943279266
373.0 0.5873455666005611
374.0 0.228435592725873
375.0 0.689146900549531
376.0 0.2578910905867815
377.0 0.528787961229682
378.0 0.23683977779000998
379.0 0.5658696871250868
380.0 0.24891023058444262
381.0 0.5527472589164972
382.0 0.5776261445134878
383.0 0.5289715714752674
384.0 0.551922619342804
385.0 0.6660210900008678
386.0 0.6725175771862268
387.0 0.7969279773533344
388.0 0.9294155985116959
389.0 1.2425938621163368
390.0 1.8028054386377335
391.0 2.747017703950405
392.0 4.376655071973801
393.0 6.938186287879944
394.0 10.473351925611496
395.0 15.317945182323456
396.0 21.099598705768585
397.0 28.412190079689026
398.0 37.03792095184326
399.0 46.457305550575256
400.0 56.04550242424011
401.0 65.1071548461914
402.0 73.50006699562073
403.0 80.65055012702942
404.0 85.98525524139404
405.0 90.01156687736511
406.0 92.33757853507996
407.0 94.21103000640869
408.0 95.25277018547058
409.0 95.8276093006134
410.0 95.93026041984558
411.0 95.80225348472595
412.0 95.40807604789734
413.0 95.1795220375061
414.0 95.02027034759521
415.0 95.19473910331726
416.0 95.59206962585449
417.0 96.00394368171692
418.0 96.47427201271057
419.0 97.10020422935486
420.0 97.61480689048767
421.0 98.14150929450989
422.0 98.26571345329285
423.0 98.47628474235535
424.0 98.25330972671509
425.0 98.19998741149902
426.0 98.07114601135254
427.0 98.0624258518219
428.0 97.83944487571716
429.0 97.70107865333557
430.0 97.55285978317261
431.0 97.52146601676941
432.0 97.5421667098999
433.0 97.63476848602295
434.0 97.70457744598389
435.0 97.85163998603821
436.0 97.88824915885925
437.0 97.86398410797119
438.0 97.99913167953491
439.0 98.0523943901062
440.0 97.99181818962097
441.0 98.1427550315857
442.0 98.13053607940674
443.0 98.07994961738586
444.0 97.97160029411316
445.0 97.73572087287903
446.0 97.6169764995575
447.0 97.49917387962341
448.0 97.5731909275055
449.0 97.83045053482056
450.0 98.10464978218079
451.0 98.30983877182007
452.0 98.5064685344696
453.0 98.57279658317566
454.0 98.64758849143982
455.0 98.85486364364624
456.0 98.85365962982178
457.0 99.04471635818481
458.0 99.091637134552
459.0 99.10825490951538
460.0 99.20283555984497
461.0 99.34242367744446
462.0 99.22584891319275
463.0 99.14062023162842
464.0 99.26589131355286
465.0 99.1825520992279
466.0 99.20888543128967
467.0 99.16952252388
468.0 99.20117855072021
469.0 99.23459887504578
470.0 99.11669492721558
471.0 98.96636605262756
472.0 99.02874231338501
473.0 98.9183783531189
474.0 98.69880080223083
475.0 98.81051182746887
476.0 98.83931875228882
477.0 98.85236620903015
478.0 98.91907572746277
479.0 98.92293810844421
480.0 99.04610514640808
481.0 99.11398887634277
482.0 99.28665161132812
483.0 99.2103636264801
484.0 99.37911033630371
485.0 99.41286444664001
486.0 99.42020773887634
487.0 99.43742156028748
488.0 99.43474531173706
489.0 99.4987964630127
490.0 99.42670464515686
491.0 99.4726836681366
492.0 99.3565022945404
493.0 99.33350086212158
494.0 99.25246834754944
495.0 99.3552565574646
496.0 99.17237162590027
497.0 99.07482862472534
498.0 98.8918125629425
499.0 98.9461898803711
500.0 98.86186122894287
501.0 98.86309504508972
502.0 98.70753288269043
503.0 98.88536334037781
504.0 98.72347116470337
505.0 98.7811803817749
506.0 98.802649974823
507.0 98.78929257392883
508.0 98.77075552940369
509.0 98.71713519096375
510.0 98.69243502616882
511.0 98.64022135734558
512.0 98.61021637916565
513.0 98.69253039360046
514.0 98.64718317985535
515.0 98.69449138641357
516.0 98.76524209976196
517.0 98.76736998558044
518.0 98.84198904037476
519.0 98.8469660282135
520.0 98.93801808357239
521.0 99.03926253318787
522.0 99.06619191169739
523.0 99.05629754066467
524.0 99.06651377677917
525.0 99.05193448066711
526.0 99.19242858886719
527.0 99.16653037071228
528.0 99.28258657455444
529.0 99.36566352844238
530.0 99.37106966972351
531.0 99.49050545692444
532.0 99.34477806091309
533.0 99.3474543094635
534.0 99.36792850494385
535.0 99.1350531578064
536.0 98.74347448348999
537.0 98.07676672935486
538.0 97.21325635910034
539.0 95.69304585456848
540.0 93.80244016647339
541.0 90.94467759132385
542.0 87.92255520820618
543.0 84.03251767158508
544.0 79.22244668006897
545.0 75.01794099807739
546.0 69.92698907852173
547.0 65.29837846755981
548.0 60.73598265647888
549.0 56.69732689857483
550.0 53.51768136024475
551.0 50.512874126434326
552.0 48.14542233943939
553.0 45.59755623340607
554.0 42.61055886745453
555.0 39.2517626285553
556.0 34.79780554771423
557.0 29.703199863433838
558.0 24.203824996948242
559.0 18.890975415706635
560.0 13.855922222137451
561.0 9.283159673213959
562.0 5.878295004367828
563.0 3.4089092165231705
564.0 1.8462346866726875
565.0 0.7703135721385479
566.0 0.4785700235515833
567.0 0.22078717593103647
568.0 0.16534299356862903
569.0 0.07177427760325372
570.0 0.09062999743036926
571.0 0.044895868632011116
572.0 0.05739441839978099
573.0 0.030729512218385935
574.0 0.05394906620495021
575.0 0.02138542040484026
576.0 0.0448774837423116
577.0 0.017131937784142792
578.0 0.02474762441124767
579.0 0.017155952809844166
580.0 0.03751934564206749
581.0 0.019097737094853073
582.0 0.022143971000332385
583.0 0.016850163228809834
584.0 0.02304842200828716
585.0 0.010696651588659734
586.0 0.019787078781519085
587.0 0.012431450886651874
588.0 0.024347811995539814
589.0 0.01727793278405443
590.0 0.018774170894175768
591.0 0.008903053821995854
592.0 0.022016400180291384
593.0 0.007695185922784731
594.0 0.02919203252531588
595.0 0.011923923739232123
596.0 0.014230713713914156
597.0 0.008700969920028001
598.0 0.020700083405245095
599.0 0.005764010347775184
600.0 0.021461879077833146
601.0 0.0021433914298540913
602.0 0.002072821735055186
603.0 0.0020022520402562805
604.0 0.0018705588445300236
605.0 0.0017388654669048265
606.0 0.0019170063751516864
607.0 0.002095147647196427
608.0 0.0019368939319974743
609.0 0.0017786400348995812
610.0 0.0019369201254448853
611.0 0.002095200034091249
612.0 0.0018425998860038817
613.0 0.001589999556017574
614.0 0.0015822968634893186
615.0 0.0015745943528600037
616.0 0.0014760867088625673
617.0 0.001377579064865131
618.0 0.001527459971839562
619.0 0.0016773408788139932
620.0 0.0015038888705021236
621.0 0.0013304367712407839
622.0 0.00141819709824631
623.0 0.0015059570614539552
624.0 0.0014868540347379167
625.0 0.0014677511899208184
626.0 0.0014045052921574097
627.0 0.0013412595762929413
628.0 0.0014581702089344617
629.0 0.0015750807506265119
630.0 0.0014704449313285295
631.0 0.001365809021081077
632.0 0.001331285329797538
633.0 0.0012967618204129394
634.0 0.0013291524737724103
635.0 0.0013615429452329408
636.0 0.0013815559213981032
637.0 0.001401569079462206
638.0 0.0013241359738458414
639.0 0.0012467026863305364
640.0 0.0013281729479786009
641.0 0.0014096429367782548
642.0 0.0013025412954448257
643.0 0.0011954396541113965
644.0 0.0011817847735073883
645.0 0.0011681299838528503
646.0 0.0012073416655766778
647.0 0.0012465534382499754
648.0 0.0012118445738451555
649.0 0.001177135891339276
650.0 0.0011619762517511845
651.0 0.0011468167940620333
652.0 0.0011686266589094885
653.0 0.0011904365237569436
654.0 0.0010933898920484353
655.0 0.0009963434422388673
656.0 0.00107848482002737
657.0 0.001160626379714813
658.0 0.0010754429240478203
659.0 0.0009902598321787082
660.0 0.0010229371582681779
661.0 0.0010556143934081774
662.0 0.0010597917025734205
663.0 0.0010639690117386635
664.0 0.001081436039385153
665.0 0.0010989029760821722
666.0 0.001109940876631299
667.0 0.0011209785043320153
668.0 0.0011185254152223933
669.0 0.0011160724170622416
670.0 0.0010963761269522365
671.0 0.0010766794730443507
672.0 0.001172600514109945
673.0 0.001268521555175539
674.0 0.0011748728866223246
675.0 0.00108122421806911
676.0 0.001066994354914641
677.0 0.0010527641279622912
678.0 0.0010996768651239108
679.0 0.0011465896932350006
680.0 0.0010551117156865075
681.0 0.0009636338290874846
682.0 0.000981058201432461
683.0 0.0009984825737774372
684.0 0.0009973326996259857
685.0 0.0009961829164240044
686.0 0.0010418483725516126
687.0 0.0010875136467802804
688.0 0.0010605890565784648
689.0 0.0010336641935282387
690.0 0.0011008552064595278
691.0 0.001168046219390817
692.0 0.0011148079465783667
693.0 0.0010615698556648567
694.0 0.0011102877579105552
695.0 0.0011590056601562537
696.0 0.001188055375678232
697.0 0.00121710500025074
698.0 0.0011747163625841495
699.0 0.0011323273611196782
700.0 0.0012424371561792213
701.0 0.001352546769339824
702.0 0.00132093937281752
703.0 0.0012893320672446862
704.0 0.0012423689440765884
705.0 0.0011954054571106099
706.0 0.0011047434782085475
707.0 0.0010140814083570149
708.0 0.0010708387890190352
709.0 0.0011275963515799958
710.0 0.001194183641928248
711.0 0.0012607711141754407
712.0 0.0012763643098878674
713.0 0.001291957505600294
714.0 0.001291964144911617
715.0 0.00129197078422294
716.0 0.001414608777849935
717.0 0.0015372468624264002
718.0 0.0018502034436096437
719.0 0.002163160388590768
720.0 0.0018329621525481343
721.0 0.0015027639165055007
722.0 0.00161817097250605
723.0 0.0017335782104055397
724.0 0.0018674740204005502
725.0 0.0020013696484966204
726.0 0.002052987474598922
727.0 0.002104605118802283
728.0 0.0021811692931805737
729.0 0.002257733285659924
730.0 0.0022482463464257307
731.0 0.0022387595890904777
732.0 0.001992079705814831
733.0 0.0017453998225391842
734.0 0.0014855651897960342
735.0 0.0012257301932550035
736.0 0.0011214715414098464
737.0 0.0010172128895646892
738.0 0.0009851140021055471
739.0 0.0009530152055958752
740.0 0.000892655680218013
741.0 0.0008322960638906807
742.0 0.0009044611942954361
743.0 0.0009766265975486021
744.0 0.00092451082309708
745.0 0.0008723950486455578
746.0 0.000781923699832987
747.0 0.0006914522600709461
748.0 0.000746846444599214
749.0 0.0008022405381780118
750.0 0.0008178144526027609
751.0 0.0008333884579769801
752.0 0.0008878334483597428
753.0 0.0009422785296919756
754.0 0.0008466076906188391
755.0 0.0007509368060709676
756.0 0.0007895327144069597
757.0 0.0008281285772682168
758.0 0.0008721623999008443
759.0 0.0009161964044324122
760.0 0.0008691426955920178
761.0 0.0008220888048526831
762.0 0.0007426373940688791
763.0 0.0006631860742345452
764.0 0.0007660406481591053
765.0 0.0008688953130331356
766.0 0.0008218732546083629
767.0 0.0007748510142846499
768.0 0.0007830514732631855
769.0 0.0007912519322417211
770.0 0.0007311798071896192
771.0 0.0006711075911880471
772.0 0.000652724020255846
773.0 0.0006343403583741747
774.0 0.0006823269359301776
775.0 0.0007303134225367103
776.0 0.0007068913419061573
777.0 0.0006834691248513991
778.0 0.000630313024885254
779.0 0.000577156970393844
780.0 0.0005809512003907003
781.0 0.0005847453849128215
782.0 0.0005724179573007859
783.0 0.0005600905296887504
784.0 0.0005370116468839115
785.0 0.0005139329005032778
786.0 0.00040097656892612576
787.0 0.0002880202146116062
788.0 0.00036745723264175467
789.0 0.0004468942279345356
790.0 0.0005722304194932804
791.0 0.0006975666565267602
792.0 0.00048322376642317977
793.0 0.0002688808990569669
794.0 0.00035132347875332925
795.0 0.0004337660357123241
796.0 0.00039855990507930983
797.0 0.0003633537744462956
798.0 0.0003533113385856268
799.0 0.000343268902724958
800.0 0.0004042224190925481
801.0 0.00046517593546013813
802.0 0.0004828470991924405
803.0 0.0005005183993489482
804.0 0.0005216679710429162
805.0 0.0005428174972621491
806.0 0.0004483536940824706
807.0 0.00035388986816542456
808.0 0.00037682323181797983
809.0 0.00039975666368263774
810.0 0.0003853252565022558
811.0 0.0003708937811097712
812.0 0.00042732808651635423
813.0 0.0004837624601350399
814.0 0.0005068864084023517
815.0 0.0005300104476191336
816.0 0.0005809763024444692
817.0 0.0006319422027445398
818.0 0.0005238596259005135
819.0 0.000415776958107017
820.0 0.0005333879471436376
821.0 0.0006509990271297283
822.0 0.0005916976533626439
823.0 0.0005323961886460893
824.0 0.0004631481260730652
825.0 0.00039390001802530605
826.0 0.00042181873141089454
827.0 0.0004497375357459532
828.0 0.0004037253347632941
829.0 0.0003577131565180025
830.0 0.0004352462383394595
831.0 0.0005127792064740788
832.0 0.0005544463419937529
833.0 0.0005961133865639567
834.0 0.00042704641600721516
835.0 0.0002579794454504736
836.0 0.00046182863115973305
837.0 0.0006656777259195223
838.0 0.0006843732990091667
839.0 0.0007030689175735461
840.0 0.0007031641871435568
841.0 0.0007032594567135675
842.0 0.0006425661467801547
843.0 0.0005818727458972717
844.0 0.0005349576440494275
845.0 0.0004880424967268482
846.0 0.00036535620893118903
847.0 0.00024266992113552988
848.0 0.00030446603886957746
849.0 0.00036626211112888996
850.0 0.0003918751190212788
851.0 0.00041748812691366766
852.0 0.0003670445039460901
853.0 0.0003166009037158801
854.0 0.00046420573198702186
855.0 0.0006118106284702662
856.0 0.0005237698587734485
857.0 0.00043572908907663077
858.0 0.00045829469854652416
859.0 0.00048086035349115264
860.0 0.00045731057980447076
861.0 0.0004337608061177889
862.0 0.0005555018105951604
863.0 0.0006772427695977967
864.0 0.000565155596632394
865.0 0.0004530683327175211
866.0 0.0005096485892863711
867.0 0.0005662288003804861
868.0 0.0005193187462282367
869.0 0.00047240860112651717
870.0 0.00041956536733778194
871.0 0.00036672215628641425
872.0 0.0004935237484460231
873.0 0.0006203253633429995
874.0 0.0006239275990083115
875.0 0.0006275297891988885
876.0 0.0006092129297030624
877.0 0.0005908960247325012
878.0 0.000604477827437222
879.0 0.0006180595391924726
880.0 0.0006897278126416495
881.0 0.0007613961315655615
882.0 0.0005849537046742626
883.0 0.0004085112777829636
884.0 0.00043755367187259253
885.0 0.0004665960204874864
886.0 0.0005323843197402311
887.0 0.000598172664467711
888.0 0.0006609308002225589
889.0 0.0007236888905026717
890.0 0.0006282969025050988
891.0 0.0005329048235580558
892.0 0.0005991321813780814
893.0 0.0006653597210970474
894.0 0.00050703947636066
895.0 0.0003487192998363753
896.0 0.00038627026697213296
897.0 0.0004238212568452582
898.0 0.000391388903153711
899.0 0.0003589565494621638
900.0 0.00039234118958120234
901.0 0.00042572587517497595
902.0 0.0004236288987158332
903.0 0.00042153196773142554
904.0 0.000416304828831926
905.0 0.00041107768993242644
906.0 0.0004715160685009323
