lsstCam/transmission_filter_detector/r32_s00/g_6/19700101T000000.ecsv
# %ECSV 1.0
# ---
# datatype:
# - {name: wavelength, unit: nm, datatype: float32}
# - {name: efficiency, unit: '%', datatype: float64}
# meta: !!omap
# - {MODE: DETECTOR}
# - {TYPE: transmission_filter_detector}
# - {CALIBDATE: '1970-01-01T00:00:00'}
# - {INSTRUME: LSSTCam}
# - {OBSTYPE: transmission_filter_detector}
# - {CALIBCLS: lsst.ip.isr.IntermediateFilterDetectorTransmissionCurve}
# - {SOURCE: Materion (DM-46256)}
# - {DETECTOR: 135}
# - {FILTER: g_6}
# - {CALIB_ID: 'calibDate=1970-01-01T00:00:00 filter=g_6 detector=135'}
# - {DATE: '2025-04-02T15:59:42.652686'}
# - {CALIB_CREATION_DATE: '2025-04-02'}
# - {CALIB_CREATION_TIME: '15:59:42'}
# - __serialized_columns__:
#     efficiency:
#       __class__: astropy.units.quantity.Quantity
#       unit: !astropy.units.Unit {unit: '%'}
#       value: !astropy.table.SerializedColumn {name: efficiency}
#     wavelength:
#       __class__: astropy.units.quantity.Quantity
#       unit: !astropy.units.Unit {unit: nm}
#       value: !astropy.table.SerializedColumn {name: wavelength}
# schema: astropy-2.0
wavelength efficiency
[from data line 608]
908.0 0.00048158121899177786
909.0 0.00043120799091411754
910.0 0.0004276819709048141
911.0 0.0004241559508955106
912.0 0.00044355483623803593
913.0 0.00046295372158056125
914.0 0.0005050728759670164
915.0 0.0005471920303534716
916.0 0.0004584250746120233
917.0 0.0003696581870826776
918.0 0.0004567560154100647
919.0 0.0005438538210000843
920.0 0.0004737967628898332
921.0 0.0004037397047795821
922.0 0.0004161340712016681
923.0 0.00042852843762375414
924.0 0.0004210321549180662
925.0 0.0004135358722123783
926.0 0.00046807967919448856
927.0 0.0005226235316513339
928.0 0.0006410102287190966
929.0 0.0007593970167363295
930.0 0.0006324333753582323
931.0 0.0005054697339801351
932.0 0.0005170363237994025
933.0 0.0005286029590934049
934.0 0.0005925067398493411
935.0 0.0006564104751305422
936.0 0.0006016936822561547
937.0 0.0005469769348565023
938.0 0.0004766538040712476
939.0 0.00040633085518493317
940.0 0.0006029310043231817
941.0 0.0007995311534614302
942.0 0.0007453501893905923
943.0 0.0006911691798450192
944.0 0.0007403426934615709
945.0 0.0007895161616033874
946.0 0.0010030275007011369
947.0 0.0012165389307483565
948.0 0.0009278885045205243
949.0 0.0006392380782926921
950.0 0.0006949452654225752
951.0 0.0007506524525524583
952.0 0.0008824514225125313
953.0 0.0010142503015231341
954.0 0.0010351711352996062
955.0 0.001056091787177138
956.0 0.0009079098163056187
957.0 0.0007597279363835696
958.0 0.0007217353868327336
959.0 0.0006837427918071626
960.0 0.0007449692020600196
961.0 0.0008061954758886714
962.0 0.0007543215360783506
963.0 0.0007024475962680299
964.0 0.0006755275990144582
965.0 0.0006486074653366813
966.0 0.0006750184638804058
967.0 0.0007014294169493951
968.0 0.0007534586984547786
969.0 0.000805487889010692
970.0 0.0007368090791715076
971.0 0.000668130178382853
972.0 0.0007324696525756735
973.0 0.0007968090358190238
974.0 0.0008763508958509192
975.0 0.0009558927558828145
976.0 0.0009099191629502457
977.0 0.0008639454790682066
978.0 0.0008863356015353929
979.0 0.0009087257240025792
980.0 0.001034820161294192
981.0 0.0011609145076363347
982.0 0.0011938519492105115
983.0 0.0012267894817341585
984.0 0.0012685753063124139
985.0 0.0013103610399411991
986.0 0.0013109292012813967
987.0 0.0013114971807226539
988.0 0.001275692557101138
989.0 0.0012398876606312115
990.0 0.001290820182475727
991.0 0.0013417526133707725
992.0 0.0012705127119261306
993.0 0.0011992728104814887
994.0 0.0012585421245603357
995.0 0.0013178117114875931
996.0 0.001321543186350027
997.0 0.0013252744793135207
998.0 0.0012583102034113836
999.0 0.0011913460184587166
1000.0 0.0012383862667775247
1001.0 0.0012854261512984522
1002.0 0.0013514228157873731
1003.0 0.0014174193893268239
1004.0 0.001385934137942968
1005.0 0.0013544489775085822
1006.0 0.001488265479565598
1007.0 0.001622081981622614
1008.0 0.0015684900063206442
1009.0 0.0015148981219681446
1010.0 0.0015543346307822503
1011.0 0.001593771048646886
1012.0 0.0017094169379561208
1013.0 0.001825062463467475
1014.0 0.0020560561097227037
1015.0 0.0022870493921800517
1016.0 0.002481631418049801
1017.0 0.0026762132620206103
1018.0 0.0028336229661363177
1019.0 0.0029910328521509655
1020.0 0.0033469197660451755
1021.0 0.003702806861838326
1022.0 0.0037997771869413555
1023.0 0.003896747512044385
1024.0 0.004091391747351736
1025.0 0.004286035982659087
1026.0 0.004502867159317248
1027.0 0.0047196983359754086
1028.0 0.004982668542652391
1029.0 0.005245639113127254
1030.0 0.005171004886506125
1031.0 0.005096370659884997
1032.0 0.005366126060835086
1033.0 0.0056358807341894135
1034.0 0.005645578130497597
1035.0 0.0056552751630079
1036.0 0.005794878597953357
1037.0 0.0059344820328988135
1038.0 0.0059306617913534865
1039.0 0.0059268415498081595
1040.0 0.006061949534341693
1041.0 0.006197057518875226
1042.0 0.0064111314713954926
1043.0 0.00662520615151152
1044.0 0.00725411664461717
1045.0 0.007883027865318581
1046.0 0.008721039193915203
1047.0 0.009559049794916064
1048.0 0.010822741751326248
1049.0 0.012086434435332194
1050.0 0.014104985166341066
1051.0 0.016123535169754177
1052.0 0.019498424080666155
1053.0 0.022873315901961178
1054.0 0.0280757958535105
1055.0 0.0332782743498683
1056.0 0.03964982461184263
1057.0 0.04602137196343392
1058.0 0.05402819951996207
1059.0 0.06203502416610718
1060.0 0.07078777416609228
1061.0 0.07954052416607738
1062.0 0.08797690970823169
1063.0 0.09641327778808773
1064.0 0.10472678113728762
1065.0 0.11304024374112487
1066.0 0.12136428849771619
1067.0 0.12968835653737187
1068.0 0.13808280928060412
1069.0 0.14647727366536856
1070.0 0.1552182249724865
1071.0 0.1639591413550079
1072.0 0.17242477042600513
1073.0 0.18089041113853455
1074.0 0.18985919887199998
1075.0 0.1988279866054654
1076.0 0.20895353518426418
1077.0 0.21907913032919168
1078.0 0.22981257643550634
1079.0 0.240546022541821
1080.0 0.256073335185647
1081.0 0.2716006012633443
1082.0 0.2956352196633816
1083.0 0.31966983806341887
1084.0 0.36239048931747675
1085.0 0.40511111728847027
1086.0 0.4444544203579426
1087.0 0.48379763029515743
1088.0 0.5432881880551577
1089.0 0.6027787458151579
1090.0 0.6856097374111414
1091.0 0.7684408221393824
1092.0 0.8208850398659706
1093.0 0.8733294904232025
1094.0 0.9288571774959564
1095.0 0.9843850508332253
1096.0 1.0597056709229946
1097.0 1.1350261978805065
1098.0 1.2643847614526749
1099.0 1.3937435112893581
1100.0 1.5939822420477867
1101.0 1.7942210659384727
