lsstCam/transmission_filter_detector/r31_s00/i_39/19700101T000000.ecsv
# %ECSV 1.0
# ---
# datatype:
# - {name: wavelength, unit: nm, datatype: float32}
# - {name: efficiency, unit: '%', datatype: float64}
# meta: !!omap
# - {MODE: DETECTOR}
# - {TYPE: transmission_filter_detector}
# - {CALIBDATE: '1970-01-01T00:00:00'}
# - {INSTRUME: LSSTCam}
# - {OBSTYPE: transmission_filter_detector}
# - {CALIBCLS: lsst.ip.isr.IntermediateFilterDetectorTransmissionCurve}
# - {SOURCE: Materion (DM-46256)}
# - {DETECTOR: 126}
# - {FILTER: i_39}
# - {CALIB_ID: 'calibDate=1970-01-01T00:00:00 filter=i_39 detector=126'}
# - {DATE: '2025-04-02T15:59:47.063485'}
# - {CALIB_CREATION_DATE: '2025-04-02'}
# - {CALIB_CREATION_TIME: '15:59:47'}
# - __serialized_columns__:
#     efficiency:
#       __class__: astropy.units.quantity.Quantity
#       unit: !astropy.units.Unit {unit: '%'}
#       value: !astropy.table.SerializedColumn {name: efficiency}
#     wavelength:
#       __class__: astropy.units.quantity.Quantity
#       unit: !astropy.units.Unit {unit: nm}
#       value: !astropy.table.SerializedColumn {name: wavelength}
# schema: astropy-2.0
wavelength efficiency
[from data line 597]
897.0 1.6030265222871654e-10
898.0 1.6030265222871654e-10
899.0 1.6030265222871654e-10
900.0 1.6030265222871654e-10
901.0 1.6030265222871654e-10
902.0 1.6030265222871654e-10
903.0 1.6030265222871654e-10
904.0 2.5965141503547784e-05
905.0 1.6030265222871654e-10
906.0 1.6030265222871654e-10
907.0 1.6030265222871654e-10
908.0 1.6030265222871654e-10
909.0 1.6030265222871654e-10
910.0 0.00014741875702384277
911.0 0.00010512768540138495
912.0 6.283661377892713e-05
913.0 1.6030265222871654e-10
914.0 1.6030265222871654e-10
915.0 1.6030265222871654e-10
916.0 1.5339247738666018e-05
917.0 1.6030265222871654e-10
918.0 1.6030265222871654e-10
919.0 1.6030265222871654e-10
920.0 1.6030265222871654e-10
921.0 1.6030265222871654e-10
922.0 1.6030265222871654e-10
923.0 1.6030265222871654e-10
924.0 1.6030265222871654e-10
925.0 1.6030265222871654e-10
926.0 4.984828478882264e-05
927.0 1.6030265222871654e-10
928.0 1.6030265222871654e-10
929.0 1.6030265222871654e-10
930.0 1.6030265222871654e-10
931.0 4.4830883894064755e-06
932.0 3.5492854522090056e-05
933.0 1.1847013325905209e-05
934.0 1.6030265222871654e-10
935.0 1.6030265222871654e-10
936.0 1.6030265222871654e-10
937.0 1.6030265222871654e-10
938.0 1.4200563214217254e-05
939.0 1.6030265222871654e-10
940.0 1.6030265222871654e-10
941.0 1.6030265222871654e-10
942.0 8.186447075786418e-05
943.0 1.4365428846474515e-06
944.0 1.6030265222871654e-10
945.0 1.6030265222871654e-10
946.0 1.6030265222871654e-10
947.0 1.6030265222871654e-10
948.0 0.0002460339146637125
949.0 6.7656219471246e-05
950.0 1.6030265222871654e-10
951.0 1.6030265222871654e-10
952.0 1.9320394528676843e-05
953.0 7.612317745042674e-05
954.0 0.00013292597031977493
955.0 9.83383642960689e-05
956.0 6.375079237841419e-05
957.0 5.443847044261929e-05
958.0 4.512615419116628e-05
959.0 4.270580689080816e-05
960.0 4.02854567482791e-05
961.0 6.185084089338488e-05
962.0 8.341621082763595e-05
963.0 0.00020353568288555834
964.0 0.00032365519473387394
965.0 0.00019034953311347635
966.0 5.704386580873688e-05
967.0 1.6030265222871654e-10
968.0 1.6030265222871654e-10
969.0 1.6030265222871654e-10
970.0 1.6030265222871654e-10
971.0 9.110377341414733e-07
972.0 2.947386690266285e-05
973.0 0.00010881278740271227
974.0 0.00018815169369190698
975.0 0.00011448971690697363
976.0 4.082771170033084e-05
977.0 0.0001346014528280648
978.0 0.00022837518827145686
979.0 0.0001241635914084327
980.0 1.995195191284438e-05
981.0 1.6030265222871654e-10
982.0 1.6030265222871654e-10
983.0 1.6030265222871654e-10
984.0 1.6030265222871654e-10
985.0 1.6030265222871654e-10
986.0 1.6030265222871654e-10
987.0 1.6030265222871654e-10
988.0 1.6030265222871654e-10
989.0 1.6030265222871654e-10
990.0 6.22871880295861e-05
991.0 0.0001590924057381926
992.0 0.0002558976348154829
993.0 0.00015093565934876096
994.0 4.5973698092893756e-05
995.0 3.973511653043715e-06
996.0 1.6030265222871654e-10
997.0 6.424526759474247e-05
998.0 0.0001665171907916374
999.0 0.00012492160976762534
1000.0 8.332600032190385e-05
1001.0 0.00022333090328174876
1002.0 0.000363335789188568
1003.0 0.00027252281142864376
1004.0 0.0001817098336687195
1005.0 0.00019605884062912082
1006.0 0.0002104078248521546
1007.0 6.403956831491087e-05
1008.0 1.6030265222871654e-10
1009.0 0.00010543806183704874
1010.0 0.00029320472094696015
1011.0 0.0002751328338490566
1012.0 0.00025706101496325573
1013.0 0.00023006634819466854
1014.0 0.00020307168142608134
1015.0 0.00013611338545160834
1016.0 6.91551463205542e-05
1017.0 9.572648878020118e-05
1018.0 0.00012229786534589948
1019.0 1.6030265222871654e-10
1020.0 1.6030265222871654e-10
1021.0 1.3254326347578171e-05
1022.0 0.00017471203364038956
1023.0 0.00017011084310070146
1024.0 0.00016550966392969713
1025.0 0.00021845980882062577
1026.0 0.0002714099991862895
1027.0 0.00046080249376245774
1028.0 0.000650194988338626
1029.0 0.0009648510058468673
1030.0 0.0012795069778803736
1031.0 0.0017773654690245166
1032.0 0.002275223596370779
1033.0 0.002423650585114956
1034.0 0.002572077573859133
1035.0 0.0030070494176470675
1036.0 0.003442021261435002
1037.0 0.003258267679484561
1038.0 0.003074514461332001
1039.0 0.0029269023798406124
1040.0 0.0027792904802481644
1041.0 0.0025937564714695327
1042.0 0.002408222462690901
1043.0 0.002658029188751243
1044.0 0.002907836460508406
1045.0 0.00309850147459656
1046.0 0.003289166488684714
1047.0 0.003362537972861901
1048.0 0.003435909457039088
1049.0 0.0029630185963469557
1050.0 0.002490127553755883
1051.0 0.002272371420986019
1052.0 0.002054615288216155
1053.0 0.0015393326975754462
1054.0 0.0010240500159852672
1055.0 0.0008053474630287383
1056.0 0.0005866449100722093
1057.0 0.0005380954462452792
1058.0 0.0004895461188425543
1059.0 0.0007554084731964394
1060.0 0.001021271054924
1061.0 0.0009722669346956536
1062.0 0.0009232630873157177
1063.0 0.0014758939869352616
1064.0 0.0020285247956053354
1065.0 0.002597968887130264
1066.0 0.0031674131605541334
1067.0 0.004091375740244985
1068.0 0.005015338683733717
1069.0 0.004663444269681349
1070.0 0.0043115494918311015
1071.0 0.004188074672129005
1072.0 0.004064599852426909
1073.0 0.0031219915399560705
1074.0 0.0021793830455862917
1075.0 0.0027468948246678337
1076.0 0.0033144064218504354
1077.0 0.003083609772147611
1078.0 0.0028528129405458458
1079.0 0.0029816739697707817
1080.0 0.003110535180894658
1081.0 0.0018932292732642964
1082.0 0.0006759236384823453
1083.0 0.0005430367764347466
1084.0 0.00041015009628608823
1085.0 0.00018637631455931114
1086.0 1.6030265222871654e-10
1087.0 0.00036418264244275633
1088.0 0.0007657628884771839
1089.0 0.00016528182413821924
1090.0 1.6030265222871654e-10
1091.0 1.6030265222871654e-10
1092.0 0.00042407177716086153
1093.0 3.984008571933373e-05
1094.0 1.6030265222871654e-10
1095.0 1.6030265222871654e-10
1096.0 1.6030265222871654e-10
1097.0 1.6030265222871654e-10
1098.0 1.6030265222871654e-10
1099.0 1.6030265222871654e-10
1100.0 0.0002470910430929507
