lsstCam/transmission_filter_detector/r31_s00/i_39/19700101T000000.ecsv
# %ECSV 1.0
# ---
# datatype:
# - {name: wavelength, unit: nm, datatype: float32}
# - {name: efficiency, unit: '%', datatype: float64}
# meta: !!omap
# - {MODE: DETECTOR}
# - {TYPE: transmission_filter_detector}
# - {CALIBDATE: '1970-01-01T00:00:00'}
# - {INSTRUME: LSSTCam}
# - {OBSTYPE: transmission_filter_detector}
# - {CALIBCLS: lsst.ip.isr.IntermediateFilterDetectorTransmissionCurve}
# - {SOURCE: Materion (DM-46256)}
# - {DETECTOR: 126}
# - {FILTER: i_39}
# - {CALIB_ID: 'calibDate=1970-01-01T00:00:00 filter=i_39 detector=126'}
# - {DATE: '2025-04-02T15:59:47.063485'}
# - {CALIB_CREATION_DATE: '2025-04-02'}
# - {CALIB_CREATION_TIME: '15:59:47'}
# - __serialized_columns__:
#     efficiency:
#       __class__: astropy.units.quantity.Quantity
#       unit: !astropy.units.Unit {unit: '%'}
#       value: !astropy.table.SerializedColumn {name: efficiency}
#     wavelength:
#       __class__: astropy.units.quantity.Quantity
#       unit: !astropy.units.Unit {unit: nm}
#       value: !astropy.table.SerializedColumn {name: wavelength}
# schema: astropy-2.0
wavelength efficiency
300.0 1.6030265222871654e-10
301.0 1.6030265222871654e-10
302.0 0.000610805045653251
303.0 1.6030265222871654e-10
304.0 1.6030265222871654e-10
305.0 0.004891569915344007
306.0 0.010426902008475736
307.0 0.0071099748311098665
308.0 0.0037930483813397586
309.0 0.004139465818298049
310.0 0.004485882163862698
311.0 0.0003223905878257938
312.0 1.6030265222871654e-10
313.0 1.6030265222871654e-10
314.0 1.6030265222871654e-10
315.0 1.6030265222871654e-10
316.0 1.6030265222871654e-10
317.0 1.6030265222871654e-10
318.0 1.6030265222871654e-10
319.0 1.6030265222871654e-10
320.0 0.002963000770250801
321.0 0.001322823572991183
322.0 1.6030265222871654e-10
323.0 0.001336780951533001
324.0 0.002990914617839735
325.0 0.0017367063264828175
326.0 0.00048249721658066846
327.0 0.0009236987352778669
328.0 0.001364900526823476
329.0 0.0020577412215061486
330.0 0.002750581370492
331.0 0.0030398690796573646
332.0 0.003329155151732266
333.0 0.0025677441954030655
334.0 0.0018063334209728055
335.0 0.0012606938980752602
336.0 0.0007150542842282448
337.0 0.0010473373549757525
338.0 0.0013796201528748497
339.0 0.0007329235359065933
340.0 8.622718610240554e-05
341.0 4.372233775029599e-05
342.0 1.2176227137672413e-06
343.0 0.0009920274351316039
344.0 0.001982837238756474
345.0 0.0007430319328705082
346.0 1.6030265222871654e-10
347.0 1.6030265222871654e-10
348.0 1.6030265222871654e-10
349.0 1.6030265222871654e-10
350.0 0.00032692105378373526
351.0 1.6030265222871654e-10
352.0 1.6030265222871654e-10
353.0 1.6030265222871654e-10
354.0 1.6030265222871654e-10
355.0 1.6030265222871654e-10
356.0 0.00013073564559817896
357.0 0.00018113616988557624
358.0 0.00023153677375375992
359.0 0.0004720026936411159
360.0 0.0007124687726900447
361.0 8.478883160023543e-05
362.0 1.6030265222871654e-10
363.0 1.6030265222871654e-10
364.0 1.6030265222871654e-10
365.0 1.6030265222871654e-10
366.0 5.2501724212561385e-05
367.0 0.0006759511506970739
368.0 0.0012994006283406634
369.0 0.0003680610916489968
370.0 1.6030265222871654e-10
371.0 1.6030265222871654e-10
372.0 1.6030265222871654e-10
373.0 0.00019720475847861962
374.0 0.0005838866854901426
375.0 0.0006116238637332572
376.0 0.0006393610419763718
377.0 0.0003906095571437618
378.0 0.00014185811778588686
379.0 0.0004415818693814799
380.0 0.0007413053481286624
381.0 0.00018959411818286753
382.0 1.6030265222871654e-10
383.0 1.6030265222871654e-10
384.0 1.6030265222871654e-10
385.0 8.41318410493841e-06
386.0 0.00027829389637190616
387.0 1.6030265222871654e-10
388.0 1.6030265222871654e-10
389.0 1.6030265222871654e-10
390.0 1.6030265222871654e-10
391.0 1.6030265222871654e-10
392.0 0.0003695025952765718
393.0 0.0003023863882845035
394.0 0.00023527029497927288
395.0 0.0008446723768429365
396.0 0.0014540744814439677
397.0 0.0013463132745528128
398.0 0.0012385519767121878
399.0 0.0014455704331339803
400.0 0.001652588980505243
401.0 0.0035388282412895933
402.0 0.005425066774478182
403.0 0.005134875755175017
404.0 0.004844684372073971
405.0 0.003615331297623925
406.0 0.0023859789507696405
407.0 0.0034781180147547275
408.0 0.004570257442537695
409.0 0.005212162068346515
410.0 0.005854066694155335
411.0 0.005965889067738317
412.0 0.0060777114413212985
413.0 0.005616248381556943
414.0 0.005154784957994707
415.0 0.0043623185774777085
416.0 0.0035698525607585907
417.0 0.004166840517427772
418.0 0.004763827382703312
419.0 0.004201157207717188
420.0 0.0036384859413374215
421.0 0.003848705455311574
422.0 0.004058925333083607
423.0 0.004382524639368057
424.0 0.004706123945652507
425.0 0.005281371340970509
426.0 0.00585661873628851
427.0 0.005279893593979068
428.0 0.004703168087871745
429.0 0.004720753713627346
430.0 0.004738339703180827
431.0 0.00411499131587334
432.0 0.0034916429285658523
433.0 0.0031791223591426387
434.0 0.0028666019716183655
435.0 0.0024764354748185724
436.0 0.0020862686142208986
437.0 0.0018549286323832348
438.0 0.001623588650545571
439.0 0.0014683312656416092
440.0 0.0013130738807376474
441.0 0.0015835908925510012
442.0 0.001854107904364355
443.0 0.0024310385924763978
444.0 0.0030079690986895002
445.0 0.0018001328498939984
446.0 0.000592296373724821
447.0 0.00034437953218002804
448.0 9.646253147366224e-05
449.0 0.0006106189175625332
450.0 0.0011247751899645664
451.0 0.0008419568985118531
452.0 0.0005591386070591398
453.0 0.0006909588591952343
454.0 0.0008227790203818586
455.0 0.001077381330105709
456.0 0.0013319838217284996
457.0 0.0006808008492953377
458.0 2.961796781164594e-05
459.0 0.00018023008578893496
460.0 0.00033084209007938625
461.0 0.0005752713150286581
462.0 0.0008197004717658274
463.0 0.0006718579697917448
464.0 0.0005240153768681921
465.0 0.00047454636842303444
466.0 0.00042507740545261186
467.0 0.000553922654944472
468.0 0.000682767813486862
469.0 0.0005631090971291997
470.0 0.0004434504717210075
471.0 0.0005503283318830654
472.0 0.0006572064648935338
473.0 0.000843943143991055
474.0 0.001030679777613841
475.0 0.0006282696631387807
476.0 0.0002258594577142503
477.0 0.00025041945264092647
478.0 0.0002749792429312947
479.0 0.0011062699741160031
480.0 0.0019375609554117545
481.0 0.0024728456992306747
482.0 0.003008130988746416
483.0 0.004128726868657395
484.0 0.005249322930467315
485.0 0.0063909457821864635
486.0 0.007532566814916208
487.0 0.01029326522257179
488.0 0.013053961447440088
489.0 0.01561442477395758
490.0 0.018174889555666596
491.0 0.020867303828708827
492.0 0.023559721012134105
493.0 0.025140176876448095
494.0 0.026720634195953608
495.0 0.02455628418829292
496.0 0.02239193272544071
497.0 0.018786336295306683
498.0 0.015180741320364177
499.0 0.0105599632661324
500.0 0.005939187758485787
501.0 0.004016785533167422
502.0 0.002094383853545878
503.0 0.002145481266779825
504.0 0.0021965784981148317
505.0 0.002090709676849656
506.0 0.00198484085558448
507.0 0.002138924173777923
508.0 0.002293007855769247
509.0 0.002295552985742688
510.0 0.00229809829761507
511.0 0.0018981985704158433
512.0 0.0014982991160650272
513.0 0.0016445566870970652
514.0 0.0017908145309775136
515.0 0.0020646979464800097
516.0 0.0023385813619825058
517.0 0.0022347247067955323
518.0 0.0021308684154064395
519.0 0.0020950103134964593
520.0 0.002059152211586479
521.0 0.0019688599422806874
522.0 0.001878567854873836
523.0 0.0018575385183794424
524.0 0.001836509363783989
525.0 0.002180176852561999
526.0 0.00252384470513789
527.0 0.002714341644605156
528.0 0.002904838402173482
529.0 0.002742096876318101
530.0 0.0025793551685637794
531.0 0.0023496924768551253
532.0 0.002120030148944352
533.0 0.0019517567125149071
534.0 0.0017834834579844028
535.0 0.001942193011927884
536.0 0.0021009025658713654
537.0 0.0027606238290900365
538.0 0.0034203450923087075
539.0 0.0039932852814672515
540.0 0.004566225470625795
541.0 0.0048977053666021675
542.0 0.0052291852625785396
543.0 0.005306876118993387
544.0 0.005384566611610353
545.0 0.004273645390640013
546.0 0.003162723805871792
547.0 0.00255203867709497
548.0 0.0019413535483181477
549.0 0.001640749724174384
550.0 0.0013401459909800906
551.0 0.0016251531633315608
552.0 0.0019101604266325012
553.0 0.0017952557755052112
554.0 0.0016803511243779212
555.0 0.0011738798093574587
556.0 0.0006674086762359366
557.0 0.0007897177965787705
558.0 0.0009120269169216044
559.0 0.0007570402431156253
560.0 0.0006020535693096463
561.0 0.0010612413461785764
562.0 0.001520429395895917
563.0 0.0015399406038341112
564.0 0.0015594516298733652
565.0 0.0015524283298873343
566.0 0.001545405393699184
567.0 0.0012008064004476182
568.0 0.0008562073162465822
569.0 0.000870295480126515
570.0 0.0008843836440064479
571.0 0.0006103386567701818
572.0 0.00033629353310971055
573.0 0.0005059259365225444
574.0 0.0006755583399353782
575.0 0.0005459684871311765
576.0 0.00041637867980170995
577.0 0.0004763185643241741
578.0 0.0005362585852708435
579.0 0.0005969053745502606
580.0 0.0006575522093044128
581.0 0.0005220565526542487
582.0 0.0003865609414788196
583.0 0.0005040591986471554
584.0 0.0006215574103407562
585.0 0.0006402740837074816
586.0 0.0006589908025489422
587.0 0.0005931681698712055
588.0 0.0005273455826682039
589.0 0.0006387581834133016
590.0 0.0007501707841583993
591.0 0.0005559541477850871
592.0 0.0003617374659370398
593.0 0.0004892314791504759
594.0 0.000616725446889177
595.0 0.00047866701606835704
596.0 0.00034060849429806694
597.0 0.00043781506064988207
598.0 0.0005350216724764323
599.0 0.0003683571321744239
600.0 0.0002016925918724155
601.0 0.0003052613010368077
602.0 0.000408830055675935
603.0 0.00036154551708023064
604.0 0.0003142610466966289
605.0 0.0002666965428943513
606.0 0.00021913206182944123
607.0 0.00035608593407232547
608.0 0.0004930398517899448
609.0 0.0004990253273717826
610.0 0.0005050108484283555
611.0 0.0005081427389086457
612.0 0.0005112745839142008
613.0 0.000459426792076556
614.0 0.0004075791366631165
615.0 0.00035881769235857064
616.0 0.00031005624805402476
617.0 0.00035775431115325773
618.0 0.0004054524197272258
619.0 0.00031398892588185845
620.0 0.00022252550024859374
621.0 0.0002041583229583921
622.0 0.00018579116840555798
623.0 0.00031665001642977586
624.0 0.00044750886445399374
625.0 0.00030450055419350974
626.0 0.0001614922666703933
627.0 0.000264359732682351
628.0 0.0003672272214316763
629.0 0.00033092103421950014
630.0 0.00029461477879522135
631.0 0.0003791573817579774
632.0 0.00046369982555916067
633.0 0.00041364105527463835
634.0 0.0003635821713032783
635.0 0.0004135766630497528
636.0 0.0004635711775335949
637.0 0.0004849519427807536
638.0 0.0005063326625531772
639.0 0.0006296973879216239
640.0 0.0007530621587648056
641.0 0.0006636915713897906
642.0 0.0005743210749642458
643.0 0.0006416539235942764
644.0 0.0007089868176990421
645.0 0.0006942054824321531
646.0 0.0006794242381147342
647.0 0.0006026764822308905
648.0 0.0005259285899228416
649.0 0.0006329825282591628
650.0 0.0007400365575449541
651.0 0.0007869408364058472
652.0 0.0008338451152667403
653.0 0.0008035979590204079
654.0 0.000773351075622486
655.0 0.0012534126653918065
656.0 0.001733474164211657
657.0 0.0028201231543789618
658.0 0.003906772326445207
659.0 0.006281283276621252
660.0 0.05636382265947759
661.0 0.0662531005218625
662.0 0.07025867234915495
663.0 0.1006833859719336
664.0 0.1099234214052558
665.0 0.12499361764639616
666.0 0.17456021159887314
667.0 0.1675507053732872
668.0 0.1876375637948513
669.0 0.3200617851689458
670.0 0.38182842545211315
671.0 0.5686500109732151
672.0 0.887509249150753
673.0 1.3795665465295315
674.0 2.102537825703621
675.0 3.0537886545062065
676.0 4.158860072493553
677.0 5.438860505819321
678.0 6.772436201572418
679.0 8.226174116134644
680.0 10.173457860946655
681.0 12.252326309680939
682.0 14.809074997901917
683.0 17.548835277557373
684.0 20.498742163181305
685.0 23.406437039375305
686.0 26.361319422721863
687.0 29.62726652622223
688.0 32.94598460197449
689.0 36.246463656425476
690.0 40.12984335422516
691.0 44.39239203929901
692.0 49.398231506347656
693.0 54.65260148048401
694.0 60.66320538520813
695.0 66.3845956325531
696.0 72.71286249160767
697.0 78.20848822593689
698.0 83.99401307106018
699.0 88.34898471832275
700.0 91.64487719535828
701.0 94.17092800140381
702.0 95.98698616027832
703.0 96.86900973320007
704.0 97.2087025642395
705.0 97.66087532043457
706.0 97.64708876609802
707.0 97.76739478111267
708.0 97.83967733383179
709.0 97.84640073776245
710.0 97.61999845504761
711.0 97.80319333076477
712.0 97.80791997909546
713.0 97.91527986526489
714.0 97.93062210083008
715.0 98.02820086479187
716.0 97.81055450439453
717.0 98.02601933479309
718.0 98.08998107910156
719.0 98.08362126350403
720.0 98.31688404083252
721.0 98.16721677780151
722.0 97.87521958351135
723.0 97.60071635246277
724.0 97.28503227233887
725.0 97.03269600868225
726.0 96.8188226222992
727.0 96.57019972801208
728.0 96.39189839363098
729.0 96.18314504623413
730.0 96.21966481208801
731.0 96.2867796421051
732.0 96.29601240158081
733.0 96.61115407943726
734.0 96.92578911781311
735.0 97.0815658569336
736.0 97.55942821502686
737.0 97.94648885726929
738.0 98.12004566192627
739.0 98.5016405582428
740.0 98.65177869796753
741.0 98.46367835998535
742.0 98.80755543708801
743.0 98.65012168884277
744.0 98.48233461380005
745.0 98.46349954605103
746.0 98.40959310531616
747.0 98.66836667060852
748.0 98.53127598762512
749.0 98.43446612358093
750.0 98.39541912078857
751.0 98.31891655921936
752.0 98.26640486717224
753.0 98.4606146812439
754.0 98.3879804611206
755.0 98.47630858421326
756.0 98.49088788032532
757.0 98.52105975151062
758.0 98.66026043891907
759.0 98.6046314239502
760.0 98.54602217674255
761.0 98.47796559333801
762.0 98.52577447891235
763.0 98.51742386817932
764.0 98.38425517082214
765.0 98.34520220756531
766.0 98.44419956207275
767.0 98.14930558204651
768.0 98.14574122428894
769.0 98.27851057052612
770.0 97.96645641326904
771.0 97.9766845703125
772.0 98.02290797233582
773.0 97.88762331008911
774.0 97.72456884384155
775.0 97.7451741695404
776.0 97.6416826248169
777.0 97.71221876144409
778.0 97.79630899429321
779.0 97.8568971157074
780.0 97.74142503738403
781.0 98.12250137329102
782.0 98.14544916152954
783.0 98.15025925636292
784.0 98.18865060806274
785.0 98.3233392238617
786.0 98.54564070701599
787.0 98.1297492980957
788.0 98.25767874717712
789.0 98.27184677124023
790.0 98.19872379302979
791.0 98.37698340415955
792.0 98.16145896911621
793.0 98.03730249404907
794.0 98.04499745368958
795.0 97.88848161697388
796.0 97.9235291481018
797.0 97.89144396781921
798.0 97.85240888595581
799.0 97.70383834838867
800.0 97.46301770210266
801.0 97.59385585784912
802.0 97.37446308135986
803.0 97.12092876434326
804.0 96.92355394363403
805.0 96.39221429824829
806.0 95.78132629394531
807.0 94.76078748703003
808.0 93.53399872779846
809.0 92.03017950057983
810.0 90.31645655632019
811.0 88.10413479804993
812.0 85.37275791168213
813.0 82.35608339309692
814.0 78.73960733413696
815.0 74.7261106967926
816.0 70.6476628780365
817.0 66.07891917228699
818.0 61.04937791824341
819.0 56.76891207695007
820.0 51.97685956954956
821.0 47.55711257457733
822.0 43.22023391723633
823.0 38.69369924068451
824.0 33.98681581020355
825.0 29.74756956100464
826.0 25.319933891296387
827.0 20.674553513526917
828.0 16.489453613758087
829.0 12.531512975692749
830.0 8.777926117181778
831.0 6.152918189764023
832.0 3.8411859422922134
833.0 2.3440876975655556
834.0 1.376340351998806
835.0 0.8530701510608196
836.0 0.47109308652579784
837.0 0.27065377216786146
838.0 0.16789971850812435
839.0 0.10414761491119862
840.0 0.05379345966503024
841.0 0.019806937780231237
842.0 0.011045440624002367
843.0 0.00044408429857867304
844.0 0.01343286712653935
845.0 1.6030265222871654e-10
846.0 1.6030265222871654e-10
847.0 1.6030265222871654e-10
848.0 1.6030265222871654e-10
849.0 1.6030265222871654e-10
850.0 1.6030265222871654e-10
851.0 0.002156028313038405
852.0 0.0026894731490756385
853.0 0.0018465661923983134
854.0 0.001003659508569399
855.0 0.0006033067165844841
856.0 0.0002029540837611421
857.0 0.00029306745545909507
858.0 0.0003831808498944156
859.0 1.6030265222871654e-10
860.0 1.6030265222871654e-10
861.0 1.6030265222871654e-10
862.0 1.6030265222871654e-10
863.0 1.6030265222871654e-10
864.0 1.6030265222871654e-10
865.0 1.6030265222871654e-10
866.0 1.6030265222871654e-10
867.0 1.6030265222871654e-10
868.0 1.6030265222871654e-10
869.0 1.6030265222871654e-10
870.0 1.6030265222871654e-10
871.0 3.8933259816076315e-05
872.0 0.00017743707303452538
873.0 6.791739224354387e-05
874.0 1.6030265222871654e-10
875.0 1.6030265222871654e-10
876.0 1.6030265222871654e-10
877.0 1.6030265222871654e-10
878.0 5.9080935699284964e-06
879.0 1.294309157628959e-05
880.0 1.997810841203318e-05
881.0 9.411433552486415e-05
882.0 0.0001682505626376951
883.0 5.988014208924142e-05
884.0 1.6030265222871654e-10
885.0 1.6030265222871654e-10
886.0 1.6030265222871654e-10
887.0 1.6030265222871654e-10
888.0 1.6030265222871654e-10
889.0 1.6030265222871654e-10
890.0 0.0001579778540872212
891.0 6.804014560657379e-05
892.0 1.6030265222871654e-10
893.0 1.6030265222871654e-10
894.0 1.6030265222871654e-10
895.0 1.6030265222871654e-10
