ts8/qe_curves/rtm-025_s10/19700101T000000.ecsv
# %ECSV 0.9
# ---
# datatype:
# - {name: amp_name, datatype: string}
# - {name: wavelength, unit: nm, datatype: float32}
# - {name: efficiency, unit: '%', datatype: float32}
# meta: !!omap
# - {MODE: AMP}
# - {TYPE: QE}
# - {CALIBDATE: '1970-01-01T00:00:00'}
# - {INSTRUME: TS8}
# - {OBSTYPE: qe_curves}
# - {DETECTOR: 183}
# - {PICKLEFILE: RaftRun10722.p}
# - {CALIB_ID: 'raftName=RTM-025 detectorName=S10 detector=183 calibDate=1970-01-01T00:00:00 ccd=183 ccdnum=183 filter=None'}
# - {DATE: '2020-01-13T16:41:36.421818'}
# - {CALIB_CREATION_DATE: '2020-01-13'}
# - {CALIB_CREATION_TIME: '16:41:36'}
# - __serialized_columns__:
#     efficiency:
#       __class__: astropy.units.quantity.Quantity
#       unit: !astropy.units.Unit {unit: '%'}
#       value: !astropy.table.SerializedColumn {name: efficiency}
#     wavelength:
#       __class__: astropy.units.quantity.Quantity
#       unit: !astropy.units.Unit {unit: nm}
#       value: !astropy.table.SerializedColumn {name: wavelength}
# schema: astropy-2.0
amp_name wavelength efficiency
C13 349.982 67.22979
C13 450.035 85.38671
C13 500.018 90.159935
C13 619.997 96.33244
C13 750.022 95.9577
C13 869.967 88.548706
C13 999.976 26.019405
C16 349.982 65.6144
C16 450.035 86.06147
C16 500.018 91.22977
C16 619.997 97.60841
C16 750.022 97.24309
C16 869.967 89.58635
C16 999.976 26.424486
C02 349.982 63.291714
C02 450.035 85.69684
C02 500.018 91.129036
C02 619.997 97.683235
C02 750.022 97.35813
C02 869.967 89.81441
C02 999.976 26.501478
C12 349.982 68.05347
C12 450.035 85.73159
C12 500.018 90.4425
C12 619.997 96.57253
C12 750.022 96.09222
C12 869.967 88.644264
C12 999.976 26.08876
C00 349.982 60.531937
C00 450.035 84.933914
C00 500.018 90.65627
C00 619.997 97.34276
C00 750.022 96.83355
C00 869.967 89.306984
C00 999.976 26.477045
C06 349.982 66.95339
C06 450.035 86.67643
C06 500.018 91.71433
C06 619.997 98.08074
C06 750.022 97.50797
C06 869.967 89.67874
C06 999.976 26.375288
C04 349.982 65.44672
C04 450.035 86.23918
C04 500.018 91.4171
C04 619.997 97.88552
C04 750.022 97.488525
C04 869.967 89.82742
C04 999.976 26.319298
C15 349.982 66.36632
C15 450.035 86.18691
C15 500.018 91.25012
C15 619.997 97.587166
C15 750.022 97.26662
C15 869.967 89.648094
C15 999.976 26.197289
C03 349.982 64.13941
C03 450.035 85.6565
C03 500.018 90.93991
C03 619.997 97.42269
C03 750.022 97.07865
C03 869.967 89.49617
C03 999.976 26.36479
C05 349.982 66.10694
C05 450.035 86.395874
C05 500.018 91.5039
C05 619.997 97.90872
C05 750.022 97.41589
C05 869.967 89.65508
C05 999.976 26.37258
C14 349.982 67.23549
C14 450.035 86.41586
C14 500.018 91.36644
C14 619.997 97.679985
C14 750.022 97.359406
C14 869.967 89.83089
C14 999.976 26.275461
C17 349.982 64.50218
C17 450.035 85.80329
C17 500.018 91.10366
C17 619.997 97.54074
C17 750.022 97.02491
C17 869.967 89.38015
C17 999.976 26.527777
C10 349.982 69.9939
C10 450.035 86.912544
C10 500.018 91.54569
C10 619.997 97.67693
C10 750.022 97.05702
C10 869.967 89.39179
C10 999.976 26.31037
C11 349.982 69.49155
C11 450.035 86.929276
C11 500.018 91.62392
C11 619.997 97.79363
C11 750.022 97.249466
C11 869.967 89.64916
C11 999.976 26.392267
C01 349.982 62.096184
C01 450.035 85.28893
C01 500.018 90.836586
C01 619.997 97.427925
C01 750.022 97.055756
C01 869.967 89.56597
C01 999.976 26.492474
C07 349.982 67.5596
C07 450.035 86.679
C07 500.018 91.64386
C07 619.997 97.96203
C07 750.022 97.308304
C07 869.967 89.439575
C07 999.976 26.307632
