lsstCam/transmission_filter_detector/r23_s21/y_10/19700101T000000.ecsv
# %ECSV 1.0
# ---
# datatype:
# - {name: wavelength, unit: nm, datatype: float32}
# - {name: efficiency, unit: '%', datatype: float64}
# meta: !!omap
# - {MODE: DETECTOR}
# - {TYPE: transmission_filter_detector}
# - {CALIBDATE: '1970-01-01T00:00:00'}
# - {INSTRUME: LSSTCam}
# - {OBSTYPE: transmission_filter_detector}
# - {CALIBCLS: lsst.ip.isr.IntermediateFilterDetectorTransmissionCurve}
# - {SOURCE: Materion (DM-46256)}
# - {DETECTOR: 106}
# - {FILTER: y_10}
# - {CALIB_ID: 'calibDate=1970-01-01T00:00:00 filter=y_10 detector=106'}
# - {DATE: '2025-04-02T15:59:51.234428'}
# - {CALIB_CREATION_DATE: '2025-04-02'}
# - {CALIB_CREATION_TIME: '15:59:51'}
# - __serialized_columns__:
#     efficiency:
#       __class__: astropy.units.quantity.Quantity
#       unit: !astropy.units.Unit {unit: '%'}
#       value: !astropy.table.SerializedColumn {name: efficiency}
#     wavelength:
#       __class__: astropy.units.quantity.Quantity
#       unit: !astropy.units.Unit {unit: nm}
#       value: !astropy.table.SerializedColumn {name: wavelength}
# schema: astropy-2.0
wavelength efficiency
[from data line 577]
877.0 0.0019335859178681858
878.0 0.00178982772922609
879.0 0.0018559227100922726
880.0 0.062054162845015526
881.0 0.09832533542066813
882.0 0.0619037717115134
883.0 0.09391690255142748
884.0 0.08204557234421372
885.0 0.09743270929902792
886.0 0.07070910069160163
887.0 0.10464497609063983
888.0 0.07596325594931841
889.0 0.11909711174666882
890.0 0.08214779663830996
891.0 0.09226120309904218
892.0 0.0798256485722959
893.0 0.10214652866125107
894.0 0.07862751954235137
895.0 0.0956852629315108
896.0 0.07988830329850316
897.0 0.12537238653749228
898.0 0.08762371726334095
899.0 0.12576185399666429
900.0 0.1176270772702992
901.0 0.14681214233860373
902.0 0.17624011961743236
903.0 0.2016486832872033
904.0 0.21706584375351667
905.0 0.2904303139075637
906.0 0.34720844123512506
907.0 0.46692900359630585
908.0 0.6239403039216995
909.0 0.8604064583778381
910.0 1.239402499049902
911.0 1.7704164609313011
912.0 2.5824978947639465
913.0 3.8006719201803207
914.0 5.218943208456039
915.0 7.236761599779129
916.0 9.611745923757553
917.0 12.17966303229332
918.0 15.030454099178314
919.0 17.714813351631165
920.0 21.35092318058014
921.0 25.192242860794067
922.0 29.086023569107056
923.0 33.720773458480835
924.0 38.74443173408508
925.0 44.23161745071411
926.0 50.76652765274048
927.0 57.68560767173767
928.0 63.68030309677124
929.0 70.04455924034119
930.0 75.48167705535889
931.0 80.76394200325012
932.0 85.47601103782654
933.0 89.34423923492432
934.0 92.08651185035706
935.0 93.97157430648804
936.0 95.29218673706055
937.0 96.26518487930298
938.0 96.83283567428589
939.0 97.10309505462646
940.0 97.34727740287781
941.0 97.44341373443604
942.0 97.63510227203369
943.0 97.66240119934082
944.0 97.89538383483887
945.0 97.80309200286865
946.0 97.84414172172546
947.0 97.8343665599823
948.0 97.9537844657898
949.0 97.8294849395752
950.0 98.05684089660645
951.0 98.1233298778534
952.0 98.12565445899963
953.0 98.34052324295044
954.0 98.44972491264343
955.0 98.5045850276947
956.0 98.65947365760803
957.0 98.81156086921692
958.0 98.9574134349823
959.0 98.98420572280884
960.0 99.07451868057251
961.0 99.09538626670837
962.0 99.13538694381714
963.0 99.17846918106079
964.0 99.19055700302124
965.0 99.17986989021301
966.0 99.24683570861816
967.0 99.3563711643219
968.0 99.32438135147095
969.0 99.30222034454346
970.0 99.36899542808533
971.0 99.41216111183167
972.0 99.46021437644958
973.0 99.562007188797
974.0 99.53746795654297
975.0 99.49159622192383
976.0 99.54150915145874
977.0 99.52697157859802
978.0 99.58263635635376
979.0 99.506276845932
980.0 99.47000741958618
981.0 99.34680461883545
982.0 99.2987871170044
983.0 99.32550191879272
984.0 99.25861954689026
985.0 99.31376576423645
986.0 99.18155670166016
987.0 99.23802614212036
988.0 99.16626811027527
989.0 99.18909072875977
990.0 99.14548993110657
991.0 99.20105934143066
992.0 99.28021430969238
993.0 99.21020269393921
994.0 99.23385381698608
995.0 99.25636649131775
996.0 99.25220012664795
997.0 99.38240051269531
998.0 99.4167685508728
999.0 99.42796230316162
1000.0 99.45477247238159
1001.0 99.41859245300293
1002.0 99.53334927558899
1003.0 99.55026507377625
1004.0 99.58224892616272
1005.0 99.51437711715698
1006.0 99.62472319602966
1007.0 99.61804747581482
1008.0 99.5611846446991
1009.0 99.51512813568115
1010.0 99.5357096195221
1011.0 99.53418374061584
1012.0 99.45201873779297
1013.0 99.46278929710388
1014.0 99.42079782485962
1015.0 99.41169023513794
1016.0 99.37840700149536
1017.0 99.44115281105042
1018.0 99.47007298469543
1019.0 99.41467046737671
1020.0 99.50423836708069
1021.0 99.64037537574768
1022.0 99.51229691505432
1023.0 99.49812889099121
1024.0 99.54449534416199
1025.0 99.52423572540283
1026.0 99.62974786758423
1027.0 99.66319799423218
1028.0 99.6325671672821
1029.0 99.70841407775879
1030.0 99.76784586906433
1031.0 99.69810843467712
1032.0 99.73759055137634
1033.0 99.65193271636963
1034.0 99.69242811203003
1035.0 99.76828098297119
1036.0 99.6740996837616
1037.0 99.6273934841156
1038.0 99.64273571968079
1039.0 99.5618462562561
1040.0 99.46857690811157
1041.0 99.55710172653198
1042.0 99.54834580421448
1043.0 99.45243000984192
1044.0 99.53645467758179
1045.0 99.29831027984619
1046.0 99.45477843284607
1047.0 99.39984679222107
1048.0 99.48123097419739
1049.0 99.3898093700409
1050.0 99.42687749862671
1051.0 99.4372308254242
1052.0 99.32637810707092
1053.0 99.17308688163757
1054.0 99.53725934028625
1055.0 99.59262609481812
1056.0 99.42432641983032
1057.0 99.52495098114014
1058.0 99.22979474067688
1059.0 99.33788776397705
1060.0 99.38738346099854
1061.0 99.33246374130249
1062.0 99.39091205596924
1063.0 99.32664632797241
1064.0 99.45381879806519
1065.0 99.41519498825073
1066.0 99.40997362136841
1067.0 99.59346652030945
1068.0 99.42343831062317
1069.0 99.19447898864746
1070.0 99.57994818687439
1071.0 99.38430786132812
1072.0 99.48248267173767
1073.0 99.56374764442444
1074.0 99.15870428085327
1075.0 99.11418557167053
1076.0 98.92693161964417
1077.0 99.28444623947144
1078.0 99.4587242603302
1079.0 99.24482703208923
1080.0 99.8197853565216
1081.0 99.07113909721375
1082.0 99.16357398033142
1083.0 99.0483820438385
1084.0 99.45617318153381
1085.0 99.19374585151672
1086.0 99.29533004760742
1087.0 99.19566512107849
1088.0 98.93301725387573
1089.0 98.81470799446106
1090.0 98.94127249717712
1091.0 99.1909384727478
1092.0 98.9126205444336
1093.0 98.82821440696716
1094.0 98.77086877822876
1095.0 98.7862229347229
1096.0 98.82582426071167
1097.0 98.43844175338745
1098.0 97.94541001319885
1099.0 99.03391599655151
1100.0 98.51458668708801
