lsstCam/transmission_filter_detector/r23_s21/y_10/19700101T000000.ecsv
# %ECSV 1.0
# ---
# datatype:
# - {name: wavelength, unit: nm, datatype: float32}
# - {name: efficiency, unit: '%', datatype: float64}
# meta: !!omap
# - {MODE: DETECTOR}
# - {TYPE: transmission_filter_detector}
# - {CALIBDATE: '1970-01-01T00:00:00'}
# - {INSTRUME: LSSTCam}
# - {OBSTYPE: transmission_filter_detector}
# - {CALIBCLS: lsst.ip.isr.IntermediateFilterDetectorTransmissionCurve}
# - {SOURCE: Materion (DM-46256)}
# - {DETECTOR: 106}
# - {FILTER: y_10}
# - {CALIB_ID: 'calibDate=1970-01-01T00:00:00 filter=y_10 detector=106'}
# - {DATE: '2025-04-02T15:59:51.234428'}
# - {CALIB_CREATION_DATE: '2025-04-02'}
# - {CALIB_CREATION_TIME: '15:59:51'}
# - __serialized_columns__:
#     efficiency:
#       __class__: astropy.units.quantity.Quantity
#       unit: !astropy.units.Unit {unit: '%'}
#       value: !astropy.table.SerializedColumn {name: efficiency}
#     wavelength:
#       __class__: astropy.units.quantity.Quantity
#       unit: !astropy.units.Unit {unit: nm}
#       value: !astropy.table.SerializedColumn {name: wavelength}
# schema: astropy-2.0
wavelength efficiency
300.0 0.12557852314785123
301.0 0.0718437833711505
302.0 0.018109037773683667
303.0 0.01921371294884011
304.0 0.0203183910343796
305.0 0.01464332890463993
306.0 0.008968264592112973
307.0 0.010314047540305182
308.0 0.01165982976090163
309.0 0.011300571350147948
310.0 0.010941314394585788
311.0 0.008163203892763704
312.0 0.005385093754739501
313.0 0.0031974381272448227
314.0 0.0010097814083565027
315.0 0.0021958489014650695
316.0 0.0033819171221693978
317.0 0.0024944809410953894
318.0 0.001607043668627739
319.0 0.00178025529748993
320.0 0.0019534663806553
321.0 0.002081343154713977
322.0 0.0022092199287726544
323.0 0.004071103103342466
324.0 0.005932986459811218
325.0 0.003245137122576125
326.0 0.0005572877398662968
327.0 0.001302658984059235
328.0 0.002048030000878498
329.0 0.002558002779551316
330.0 0.0030679751944262534
331.0 0.0023371418137685396
332.0 0.0016063084331108257
333.0 0.0024236611352534965
334.0 0.0032410134735982865
335.0 0.0034775879612425342
336.0 0.0037141617212910205
337.0 0.002972245965793263
338.0 0.002230330210295506
339.0 0.0017191316146636382
340.0 0.0012079330190317705
341.0 0.00101651557997684
342.0 0.0008250978680734988
343.0 0.0011193792488484178
344.0 0.0014136606296233367
345.0 0.0013660581316798925
346.0 0.0013184558156353887
347.0 0.001358657937089447
348.0 0.001398859967594035
349.0 0.0013752362065133639
350.0 0.0013516123544832226
351.0 0.001708200215944089
352.0 0.0020647881683544256
353.0 0.001821379737521056
354.0 0.0015779716704855673
355.0 0.001587985570949968
356.0 0.0015979992895154282
357.0 0.0017280932297580875
358.0 0.0018581871700007468
359.0 0.0014321564776764717
360.0 0.0010061256034532562
361.0 0.0009894463801174425
362.0 0.0009727669748826884
363.0 0.001028546739689773
364.0 0.0010843264135473873
365.0 0.0014042328075447585
366.0 0.0017241394743905403
367.0 0.0018813563656294718
368.0 0.002038573074969463
369.0 0.0015698567949584685
370.0 0.001101140514947474
371.0 0.001287159921048442
372.0 0.0014731792361999396
373.0 0.001825462095439434
374.0 0.0021777448637294583
375.0 0.0030707971745869145
376.0 0.00396384930354543
377.0 0.00410534230468329
378.0 0.00424683494202327
379.0 0.0036461038689594716
380.0 0.0030453729777946137
381.0 0.0022595013433601707
382.0 0.0014736296179762576
383.0 0.0012602657079696655
384.0 0.001046901525114663
385.0 0.0008725754923943896
386.0 0.0006982495506235864
387.0 0.0007532019935752032
388.0 0.0008081545274762902
389.0 0.0007608502073708223
390.0 0.0007135458872653544
391.0 0.0006549400950461859
392.0 0.0005963342118775472
393.0 0.0006778559054509969
394.0 0.0007593775080749765
395.0 0.0007062416898406809
396.0 0.0006531057806569152
397.0 0.0008165803592419252
398.0 0.000980054846877465
399.0 0.0010850930266315117
400.0 0.0011901312063855585
401.0 0.0013658905118063558
402.0 0.0015416499081766233
403.0 0.001660657835600432
404.0 0.0017796657630242407
405.0 0.0018171696865465492
406.0 0.0018546736100688577
407.0 0.0015714944311184809
408.0 0.0012883151612186339
409.0 0.0011394050488888752
410.0 0.0009904947546601761
411.0 0.0012427515684976242
412.0 0.0014950083823350724
413.0 0.0008176228220690973
414.0 0.00014023728454048978
415.0 0.0004666148925025482
416.0 0.0007929925232019741
417.0 0.00037138627249078127
418.0 1.5741586636627836e-10
419.0 0.0001389166527587804
420.0 0.00032805317005113466
421.0 0.00029911784622527193
422.0 0.00027018274977308465
423.0 0.0007557920071121771
424.0 0.0012414013326633722
425.0 1.5741586636627836e-10
426.0 1.5741586636627836e-10
427.0 1.5741586636627836e-10
428.0 0.00020613094875443494
429.0 1.5741586636627836e-10
430.0 1.5741586636627836e-10
431.0 1.5741586636627836e-10
432.0 0.0007256081062223529
433.0 0.0003073845618928317
434.0 1.5741586636627836e-10
435.0 0.00014564933508154354
436.0 0.00040213772081187926
437.0 0.00011974925655522384
438.0 1.5741586636627836e-10
439.0 1.5741586636627836e-10
440.0 1.5741586636627836e-10
441.0 1.5741586636627836e-10
442.0 1.5741586636627836e-10
443.0 1.5741586636627836e-10
444.0 1.5741586636627836e-10
445.0 1.5741586636627836e-10
446.0 6.228377174011257e-05
447.0 0.0003618207074396196
448.0 0.000661357671560836
449.0 0.0003931820174329914
450.0 0.00012500630646172795
451.0 0.00019760827854042873
452.0 0.0002702104666241212
453.0 0.00025805427412706194
454.0 0.00024589810436737025
455.0 0.00047317885218944866
456.0 0.0007004593953752192
457.0 0.00034268784929736285
458.0 1.5741586636627836e-10
459.0 1.5741586636627836e-10
460.0 1.5741586636627836e-10
461.0 0.0002572751100160531
462.0 0.0006096142897149548
463.0 0.0006639073944825213
464.0 0.0007182005901995581
465.0 0.0008118337063933723
466.0 0.0009054670044861268
467.0 0.0011970202649536077
468.0 0.0014885735254210886
469.0 0.0017407846826245077
470.0 0.001992995930777397
471.0 0.0022413803890231065
472.0 0.002489764847268816
473.0 0.0026489244191907346
474.0 0.002808083991112653
475.0 0.0028395412300596945
476.0 0.002870998469006736
477.0 0.003034506516996771
478.0 0.0031980147468857467
479.0 0.0034863780456362292
480.0 0.0037747417081845924
481.0 0.004063481537741609
482.0 0.004352221367298625
483.0 0.004113259637961164
484.0 0.003874297908623703
485.0 0.003620880306698382
486.0 0.003367462704773061
487.0 0.003082467446802184
488.0 0.002797472188831307
489.0 0.0025054847355931997
490.0 0.002213497100456152
491.0 0.0018547229046816938
492.0 0.0014959487998567056
493.0 0.0014398874554899521
494.0 0.0013838259292242583
495.0 0.0013975824003864545
496.0 0.00141133850775077
497.0 0.0015871453797444701
498.0 0.0017629525245865807
499.0 0.002066959859803319
500.0 0.0023709671950200573
501.0 0.002731337008299306
502.0 0.0030917071853764355
503.0 0.0029013297535129823
504.0 0.0027109525035484694
505.0 0.0024519380531273782
506.0 0.0021929237846052274
507.0 0.0020979416149202734
508.0 0.0020029594452353194
509.0 0.001882321339508053
510.0 0.0017616828699829057
511.0 0.0018660393834579736
512.0 0.0019703958969330415
513.0 0.002003684676310513
514.0 0.0020369732737890445
515.0 0.0017208438293891959
516.0 0.0014047144759388175
517.0 0.001409413744113408
518.0 0.0014141133760858793
519.0 0.001424957372364588
520.0 0.0014358015505422372
521.0 0.0015472811355721205
522.0 0.001658760811551474
523.0 0.0019030023395316675
524.0 0.002147243867511861
525.0 0.00223587267100811
526.0 0.002324501474504359
527.0 0.0022392134269466624
528.0 0.0021539253793889657
529.0 0.0022020180040271953
530.0 0.0022501108105643652
531.0 0.0022158868887345307
532.0 0.0021816631488036364
533.0 0.0021804919015266933
534.0 0.0021793204723508097
535.0 0.001853658613981679
536.0 0.0015279963918146677
537.0 0.0020114453946007416
538.0 0.0024948945792857558
539.0 0.002976269752252847
540.0 0.003457644925219938
541.0 0.0037396239349618554
542.0 0.004021602580905892
543.0 0.004440635893843137
544.0 0.004859668842982501
545.0 0.004945626278640702
546.0 0.005031583350501023
547.0 0.004198137321509421
548.0 0.0033646912925178185
549.0 0.002740606214501895
550.0 0.0021165211364859715
551.0 0.0023588418116560206
552.0 0.0026011624868260697
553.0 0.003001113327627536
554.0 0.003401064168429002
555.0 0.003820204801741056
556.0 0.00423934543505311
557.0 0.00420053765992634
558.0 0.00416172988479957
559.0 0.0037770580092910677
560.0 0.003392385769984685
561.0 0.003564658254617825
562.0 0.003736930011655204
563.0 0.003590110645745881
564.0 0.003443291279836558
565.0 0.003827878026640974
566.0 0.0042124644096475095
567.0 0.0042918527469737455
568.0 0.004371241084299982
569.0 0.005020673779654317
570.0 0.005670106111210771
571.0 0.0059637342928908765
572.0 0.0062573621107731014
573.0 0.0064905900217127055
574.0 0.006723817205056548
575.0 0.006431704969145358
576.0 0.006139591278042644
577.0 0.005821199010824785
578.0 0.005502806016011164
579.0 0.005816277553094551
580.0 0.006129748362582177
581.0 0.007104661199264228
582.0 0.008079574763542041
583.0 0.008967761823441833
584.0 0.009855949610937387
585.0 0.010071091674035415
586.0 0.010286234464729205
587.0 0.010551010200288147
588.0 0.01081578666344285
589.0 0.010565068805590272
590.0 0.010314350947737694
591.0 0.009646009129937738
592.0 0.008977667312137783
593.0 0.0074700867116916925
594.0 0.0059625072026392445
595.0 0.005643003532895818
596.0 0.005323499863152392
597.0 0.005871094617759809
598.0 0.006418689008569345
599.0 0.007450080011039972
600.0 0.0084814710135106
601.0 0.009610232518753037
602.0 0.010738993296399713
603.0 0.01100176596082747
604.0 0.011264541535638273
605.0 0.011077142698923126
606.0 0.010889741679420695
607.0 0.009375359513796866
608.0 0.007860977348173037
609.0 0.006257850327529013
610.0 0.004654723306884989
611.0 0.0038029556890251115
612.0 0.002951188616862055
613.0 0.003409038617974147
614.0 0.003866888437187299
615.0 0.004757945862365887
616.0 0.005649002559948713
617.0 0.007159165397752076
618.0 0.008669325325172395
619.0 0.009802604472497478
620.0 0.0109358828922268
621.0 0.011487195297377184
622.0 0.012038507702527568
623.0 0.011981996067333966
624.0 0.011925480794161558
625.0 0.010317825217498466
626.0 0.008710168185643852
627.0 0.0070967260398902
628.0 0.00548328498553019
629.0 0.004404941137181595
630.0 0.0033265972888329998
631.0 0.0028014554118271917
632.0 0.0022763133529224433
633.0 0.002637075158418156
634.0 0.0029978371458128095
635.0 0.003165537418681197
636.0 0.0033332373277517036
637.0 0.003923573967767879
638.0 0.004513910971581936
639.0 0.004844456634600647
640.0 0.005175002297619358
641.0 0.005372050509322435
642.0 0.005569098721025512
643.0 0.005583160964306444
644.0 0.005597223207587376
645.0 0.005021169636165723
646.0 0.0044451157009461895
647.0 0.0036107732739765197
648.0 0.0027764310289057903
649.0 0.0022281103156274185
650.0 0.001679789784247987
651.0 0.0017337848476017825
652.0 0.0017877800928545184
653.0 0.0016976944607449695
654.0 0.001607609010534361
655.0 0.0015681871445849538
656.0 0.0015287650967366062
657.0 0.0014689777344756294
658.0 0.0014091904631641228
659.0 0.0016782545571913943
660.0 0.001947318742168136
661.0 0.0018722106688073836
662.0 0.0017971025954466313
663.0 0.001982885987672489
664.0 0.0021686697436962277
665.0 0.002795707405311987
666.0 0.003422745066927746
667.0 0.004235600863466971
668.0 0.005048456296208315
669.0 0.005757058897870593
670.0 0.006465659680543467
671.0 0.007064757664920762
672.0 0.007663856376893818
673.0 0.007744557660771534
674.0 0.00782525967224501
675.0 0.007532152812927961
676.0 0.007239045953610912
677.0 0.005718990723835304
678.0 0.004198932947474532
679.0 0.002829171899065841
680.0 0.0014594098502129782
681.0 0.0009344502359454054
682.0 0.00040949071262730286
683.0 0.0004938912752550095
684.0 0.0005782917924079811
685.0 0.0004126167368667666
686.0 0.0002469415449013468
687.0 0.00030549986149708275
688.0 0.00036405815535545116
689.0 0.0002654593572515296
690.0 0.00016686061599102686
691.0 0.00013211795248935232
692.0 9.73753230937291e-05
693.0 0.0001950621935975505
694.0 0.000292749109576107
695.0 0.0003751727263079374
696.0 0.0004575963430397678
697.0 0.00041568055166862905
698.0 0.0003737647148227552
699.0 0.00024469493382639484
700.0 0.00011562517556740204
701.0 0.0001289916781388456
702.0 0.00014235822618502425
703.0 0.00014665522485302063
704.0 0.00015095225762706832
705.0 0.0002229294523203862
706.0 0.0002949065901702852
707.0 0.00025068820832530037
708.0 0.000206469803742948
709.0 0.00043050549720646814
710.0 0.0006545413270941935
711.0 0.0005991736088617472
712.0 0.0005438059361040359
713.0 0.0003222858595108846
714.0 0.00010076576018036576
715.0 0.00017661594711171347
716.0 0.0002524660885683261
717.0 2.5070499987123185e-05
718.0 1.5741586636627836e-10
719.0 0.00027414578198659
720.0 0.0007506167094106786
721.0 0.000705791308064363
722.0 0.0006609659521927824
723.0 0.0006323101843008772
724.0 0.000603654461883707
725.0 0.00012658274499699473
726.0 1.5741586636627836e-10
727.0 1.5741586636627836e-10
728.0 0.0003175396159349475
729.0 0.00031264726203517057
730.0 0.00030775506729696644
731.0 0.00038904800021555275
732.0 0.00047034118324518204
733.0 0.0004025716862088302
734.0 0.00033480232559668366
735.0 0.00034928009426948847
736.0 0.00036375799936649855
737.0 0.0003222212171749561
738.0 0.00028068463961972157
739.0 0.0003049018005185644
740.0 0.0003291189159426722
741.0 0.0004751542292069644
742.0 0.0006211896106833592
743.0 0.00038509720070578624
744.0 0.00014900475662216195
745.0 0.0002870679054467473
746.0 0.00042513106564001646
747.0 0.00038615180528722703
748.0 0.0003471725449344376
749.0 0.00013560547813540325
750.0 1.5741586636627836e-10
751.0 0.0003188811433574301
752.0 0.0007137237389542861
753.0 0.0005919531304243719
754.0 0.0004701823854702525
755.0 0.0001523615537735168
756.0 1.5741586636627836e-10
757.0 1.5741586636627836e-10
758.0 2.426395724342001e-05
759.0 0.00038907396628928836
760.0 0.0007538839781773277
761.0 0.000707971003066632
762.0 0.0006620581643801415
763.0 0.0005668029189109802
764.0 0.00047154758249234874
765.0 0.00042116580516449176
766.0 0.00037078395962453214
767.0 0.00023097968551155645
768.0 9.117545687331585e-05
769.0 0.0001415160454598663
770.0 0.00019185654309694655
771.0 0.00019961855741712498
772.0 0.00020738045805046568
773.0 0.00034695808608375955
774.0 0.0004865356459049508
775.0 0.0005386871634982526
776.0 0.0005908386810915545
777.0 0.00045348028834268916
778.0 0.0003161220092806616
779.0 0.0005842485279572429
780.0 0.000852375160320662
781.0 0.0006906159796926659
782.0 0.0005288567081151996
783.0 0.0006469685104093514
784.0 0.0007650803127035033
785.0 0.0006809014848840889
786.0 0.0005967226570646744
787.0 0.0003051533212783397
788.0 1.3583969860064826e-05
789.0 9.268902658732259e-05
790.0 0.00017179399947053753
791.0 0.000577498121856479
792.0 0.0009832021532929502
793.0 0.0008258981324615888
794.0 0.0006685940661554923
795.0 0.0007462731900886865
796.0 0.0008239520866482053
797.0 0.0007602723144373158
798.0 0.0006965926331758965
799.0 0.0005027794941270258
800.0 0.0003089663550781552
801.0 0.00024964740532595897
802.0 0.00019032846694244654
803.0 0.00038587295421166345
804.0 0.0005814174983242992
805.0 0.0007877221833041403
806.0 0.000994026686385041
807.0 0.0007670430932193995
808.0 0.0005400592726800824
809.0 0.0005012995643483009
810.0 0.0004625397195923142
811.0 0.0007793309123371728
812.0 0.0010961220141325612
813.0 0.001114750102715334
814.0 0.001133378373197047
815.0 0.0009070975465874653
816.0 0.0006808167199778836
817.0 0.0007809700946381781
818.0 0.0008811235602479428
819.0 0.0009105497156269848
820.0 0.0009399757800565567
821.0 0.0007060448751872173
822.0 0.00047211392484314274
823.0 0.00038651464819849934
824.0 0.0003009154625033261
825.0 0.0004890921445621643
826.0 0.0006772687356715323
827.0 0.0009116045475821011
828.0 0.001145940404967405
829.0 0.0007573450602649245
830.0 0.00036874980651191436
831.0 0.0002975136112581822
832.0 0.00022627759790339042
833.0 0.00044061685002816375
834.0 0.000654956056678202
835.0 0.00047212233766913414
836.0 0.000289288482235861
837.0 0.00018481122197044897
838.0 8.033395602069504e-05
839.0 0.00028207027753524017
840.0 0.00048380661610281095
841.0 0.0006744825441273861
842.0 0.0008651584721519612
843.0 0.000829256259748945
844.0 0.0007933538654469885
845.0 0.0009387727004650515
846.0 0.0010841916264325846
847.0 0.0010629849384713452
848.0 0.001041778341459576
849.0 0.0007252570412674686
850.0 0.0004087355591764208
851.0 0.0008239019734901376
852.0 0.0012390682968543842
853.0 0.0010150811249332037
854.0 0.0007910940439614933
855.0 0.0006851245416328311
856.0 0.0005791550393041689
857.0 0.0006959853180887876
858.0 0.0008128156878228765
859.0 0.0007722981536062434
860.0 0.0007317806648643455
861.0 0.001199055441247765
862.0 0.0016663301721564494
863.0 0.001733243880153168
864.0 0.0018001572243520059
865.0 0.0020824256353080273
866.0 0.0023646940462640487
867.0 0.0027389454771764576
868.0 0.0031131967261899263
869.0 0.0030544462788384408
870.0 0.0029956960133858956
871.0 0.0031021438189782202
872.0 0.0032085914426716045
873.0 0.0027601086912909523
874.0 0.0023116261218092404
875.0 0.002194485205109231
