lsstCam/transmission_filter_detector/r13_s11/u_24/19700101T000000.ecsv
# %ECSV 1.0
# ---
# datatype:
# - {name: wavelength, unit: nm, datatype: float32}
# - {name: efficiency, unit: '%', datatype: float64}
# meta: !!omap
# - {MODE: DETECTOR}
# - {TYPE: transmission_filter_detector}
# - {CALIBDATE: '1970-01-01T00:00:00'}
# - {INSTRUME: LSSTCam}
# - {OBSTYPE: transmission_filter_detector}
# - {CALIBCLS: lsst.ip.isr.IntermediateFilterDetectorTransmissionCurve}
# - {SOURCE: Materion (DM-46256)}
# - {DETECTOR: 58}
# - {FILTER: u_24}
# - {CALIB_ID: 'calibDate=1970-01-01T00:00:00 filter=u_24 detector=58'}
# - {DATE: '2025-04-02T15:59:40.017991'}
# - {CALIB_CREATION_DATE: '2025-04-02'}
# - {CALIB_CREATION_TIME: '15:59:40'}
# - __serialized_columns__:
#     efficiency:
#       __class__: astropy.units.quantity.Quantity
#       unit: !astropy.units.Unit {unit: '%'}
#       value: !astropy.table.SerializedColumn {name: efficiency}
#     wavelength:
#       __class__: astropy.units.quantity.Quantity
#       unit: !astropy.units.Unit {unit: nm}
#       value: !astropy.table.SerializedColumn {name: wavelength}
# schema: astropy-2.0
wavelength efficiency
295.0 1.596398577566327e-10
296.0 1.596398577566327e-10
297.0 1.596398577566327e-10
298.0 1.596398577566327e-10
299.0 0.05187556380406022
300.0 1.596398577566327e-10
301.0 1.596398577566327e-10
302.0 1.596398577566327e-10
303.0 1.596398577566327e-10
304.0 0.07025182712823153
305.0 0.8433287963271141
306.0 1.5121720731258392
307.0 3.1793441623449326
308.0 5.159648135304451
309.0 8.389773219823837
310.0 11.420949548482895
311.0 15.395382046699524
312.0 19.18584704399109
313.0 22.060103714466095
314.0 25.273150205612183
315.0 27.699261903762817
316.0 29.756447672843933
317.0 32.25117325782776
318.0 34.96675789356232
319.0 38.66554796695709
320.0 43.97902190685272
321.0 49.137288331985474
322.0 55.23108243942261
323.0 60.80511212348938
324.0 65.34523963928223
325.0 68.70701909065247
326.0 71.15495204925537
327.0 73.12468886375427
328.0 74.84194040298462
329.0 76.27483010292053
330.0 77.59862542152405
331.0 78.35235595703125
332.0 78.72657775878906
333.0 78.84202003479004
334.0 78.74886989593506
335.0 78.82429361343384
336.0 79.05333042144775
337.0 79.53469157218933
338.0 80.33371567726135
339.0 80.93888759613037
340.0 81.44283294677734
341.0 81.94395899772644
342.0 82.23384022712708
343.0 82.19602704048157
344.0 82.41491913795471
345.0 82.75980949401855
346.0 83.08916687965393
347.0 83.45739245414734
348.0 83.60433578491211
349.0 83.89073610305786
350.0 83.93188714981079
351.0 84.21103954315186
352.0 84.06104445457458
353.0 83.930104970932
354.0 83.82976055145264
355.0 84.0857982635498
356.0 84.2048168182373
357.0 84.19051170349121
358.0 83.92499685287476
359.0 83.71097445487976
360.0 83.56925845146179
361.0 83.31766724586487
362.0 83.17828178405762
363.0 83.3207368850708
364.0 83.40166211128235
365.0 83.6518943309784
366.0 83.80811214447021
367.0 83.8481605052948
368.0 83.88915657997131
369.0 83.86926651000977
370.0 83.65486264228821
371.0 83.44902992248535
372.0 83.40844511985779
373.0 83.54885578155518
374.0 83.57844948768616
375.0 83.82580280303955
376.0 83.91169309616089
377.0 83.9968740940094
378.0 84.04208421707153
379.0 83.88664126396179
380.0 83.11489820480347
381.0 81.93358778953552
382.0 80.18458485603333
383.0 78.20016741752625
384.0 76.11608505249023
385.0 73.78915548324585
386.0 71.35929465293884
387.0 68.18545460700989
388.0 64.92929458618164
389.0 60.99655032157898
390.0 56.97981119155884
391.0 52.75154113769531
392.0 48.34253489971161
393.0 44.566673040390015
394.0 41.263046860694885
395.0 37.856316566467285
396.0 34.330928325653076
397.0 29.573145508766174
398.0 24.08168315887451
399.0 17.390158772468567
400.0 11.187653988599777
401.0 6.235089153051376
402.0 2.8432482853531837
403.0 0.9454278275370598
404.0 0.3246762091293931
405.0 0.1139401807449758
406.0 0.040537852328270674
407.0 0.030666860402561724
408.0 0.02238754095742479
409.0 1.596398577566327e-10
410.0 1.596398577566327e-10
411.0 1.596398577566327e-10
412.0 1.596398577566327e-10
413.0 1.596398577566327e-10
414.0 1.596398577566327e-10
415.0 1.596398577566327e-10
416.0 1.596398577566327e-10
417.0 1.596398577566327e-10
418.0 1.596398577566327e-10
419.0 1.596398577566327e-10
420.0 1.596398577566327e-10
421.0 1.596398577566327e-10
422.0 1.596398577566327e-10
423.0 1.596398577566327e-10
424.0 1.596398577566327e-10
425.0 1.596398577566327e-10
426.0 1.596398577566327e-10
427.0 0.0002686037532839691
428.0 0.0015496056221309118
429.0 0.0015158419955696445
430.0 0.0014820780961599667
431.0 0.0007693452971579973
432.0 5.661266868628445e-05
433.0 0.0006493918590422254
434.0 0.0012421708561305422
435.0 0.0012513821275206283
436.0 0.0012605935808096547
437.0 1.596398577566327e-10
438.0 1.596398577566327e-10
439.0 1.596398577566327e-10
440.0 0.0013961622244096361
441.0 1.596398577566327e-10
442.0 1.596398577566327e-10
443.0 1.596398577566327e-10
444.0 1.596398577566327e-10
445.0 1.596398577566327e-10
446.0 1.596398577566327e-10
447.0 1.596398577566327e-10
448.0 1.596398577566327e-10
449.0 6.797052378715307e-05
450.0 0.0011370548236300237
451.0 1.596398577566327e-10
452.0 1.596398577566327e-10
453.0 1.596398577566327e-10
454.0 1.596398577566327e-10
455.0 1.596398577566327e-10
456.0 1.596398577566327e-10
457.0 1.596398577566327e-10
458.0 1.596398577566327e-10
459.0 1.596398577566327e-10
460.0 1.596398577566327e-10
461.0 1.596398577566327e-10
462.0 1.596398577566327e-10
463.0 1.596398577566327e-10
464.0 1.596398577566327e-10
465.0 0.00017241106888832292
466.0 0.0004321954293118324
467.0 1.596398577566327e-10
468.0 1.596398577566327e-10
469.0 1.596398577566327e-10
470.0 0.00029249945328047033
471.0 1.596398577566327e-10
472.0 1.596398577566327e-10
473.0 1.596398577566327e-10
474.0 1.596398577566327e-10
475.0 1.596398577566327e-10
476.0 1.596398577566327e-10
477.0 0.0004652457846532343
478.0 0.000975157308857888
479.0 0.0006479794592451071
480.0 0.0003208018824807368
481.0 0.00027399719328968786
482.0 0.00022719252683600644
483.0 1.596398577566327e-10
484.0 1.596398577566327e-10
485.0 1.596398577566327e-10
486.0 1.596398577566327e-10
487.0 1.596398577566327e-10
488.0 1.596398577566327e-10
489.0 1.596398577566327e-10
490.0 1.596398577566327e-10
491.0 1.596398577566327e-10
492.0 4.153355348535115e-05
493.0 1.596398577566327e-10
494.0 1.596398577566327e-10
495.0 2.96649886877276e-05
496.0 0.0011124941011075862
497.0 0.0005504728505911771
498.0 1.596398577566327e-10
499.0 0.00032268724226014456
500.0 0.0006569232937181368
501.0 0.0002477411044310429
502.0 1.596398577566327e-10
503.0 1.596398577566327e-10
504.0 1.596398577566327e-10
505.0 1.596398577566327e-10
506.0 7.981565204318031e-05
507.0 1.596398577566327e-10
508.0 1.596398577566327e-10
509.0 1.596398577566327e-10
510.0 1.596398577566327e-10
511.0 6.987715437389852e-05
512.0 0.0005465419690153794
513.0 0.00047036719479365274
514.0 0.0003941921477235155
515.0 0.0003652605755632976
516.0 0.00033632907161518233
517.0 0.00016719205859772046
518.0 1.596398577566327e-10
519.0 0.00016827333411129075
520.0 0.00033849159990495536
521.0 0.00040094496398523916
522.0 0.00046339828259078786
523.0 7.490686471101071e-05
524.0 1.596398577566327e-10
525.0 1.596398577566327e-10
526.0 1.596398577566327e-10
527.0 1.596398577566327e-10
528.0 1.596398577566327e-10
529.0 1.596398577566327e-10
530.0 1.596398577566327e-10
531.0 1.596398577566327e-10
532.0 0.00042024857975775376
533.0 9.629594615034875e-05
534.0 1.596398577566327e-10
535.0 1.596398577566327e-10
536.0 1.596398577566327e-10
537.0 1.596398577566327e-10
538.0 1.596398577566327e-10
539.0 1.596398577566327e-10
540.0 0.00012853957969127805
541.0 1.596398577566327e-10
542.0 1.596398577566327e-10
543.0 1.596398577566327e-10
544.0 1.596398577566327e-10
545.0 1.596398577566327e-10
546.0 1.596398577566327e-10
547.0 2.758727930540772e-05
548.0 0.00024722880880290177
549.0 1.596398577566327e-10
550.0 1.596398577566327e-10
551.0 1.596398577566327e-10
552.0 1.596398577566327e-10
553.0 1.596398577566327e-10
554.0 1.596398577566327e-10
555.0 1.596398577566327e-10
556.0 1.596398577566327e-10
557.0 1.596398577566327e-10
558.0 1.596398577566327e-10
559.0 1.596398577566327e-10
560.0 7.421893997161533e-05
561.0 8.051355848692765e-06
562.0 1.596398577566327e-10
563.0 1.596398577566327e-10
564.0 1.596398577566327e-10
565.0 1.596398577566327e-10
566.0 1.596398577566327e-10
567.0 6.234569127627765e-06
568.0 7.789082019371563e-05
569.0 0.0003474252935120603
570.0 0.0006169595963001484
571.0 0.00047998228183132596
572.0 0.0003430051492614439
573.0 0.0004750022526422981
574.0 0.0006069997652957682
575.0 0.0003300446678622393
576.0 5.308974095896701e-05
577.0 0.00012645084552787011
578.0 0.000199811961465457
579.0 0.00040237810026155785
580.0 0.0006049442163202912
581.0 0.0008374985554837622
582.0 0.0010700531674956437
583.0 0.0014327413737191819
584.0 0.0017954296708921902
585.0 0.0015270532458089292
586.0 0.0012586765478772577
587.0 0.0012253505701664835
588.0 0.0011920245015062392
589.0 0.001054417316481704
590.0 0.0009168097676592879
591.0 0.0009506243259238545
592.0 0.000984438793238951
593.0 0.0009004166713566519
594.0 0.0008163940947270021
595.0 0.0007870686204114463
596.0 0.0007577427822980098
597.0 0.00097666652436601
598.0 0.0011955900845350698
599.0 0.0016007061276468448
600.0 0.0020058219888596795
601.0 0.0021951060261926614
602.0 0.0023843902454245836
603.0 0.002096155731123872
604.0 0.001807921398722101
605.0 0.0015103228179214057
606.0 0.00121272405522177
607.0 0.0011554694538062904
608.0 0.0010982148523908108
609.0 0.0006959471647860482
610.0 0.0002936796136054909
611.0 0.0004294477548683062
612.0 0.0005652159416058566
613.0 0.0005823918854730437
614.0 0.0005995678748149658
615.0 0.0006936036697879899
616.0 0.0007876396011852194
617.0 0.0008491533662891015
618.0 0.0009106674042413943
619.0 0.0005002596481062938
620.0 8.98519942893472e-05
621.0 0.0003304347046650946
622.0 0.0005710173354600556
623.0 0.00058236951190338
624.0 0.0005937216883467045
625.0 0.0007468865987902973
626.0 0.0009000515092338901
627.0 0.0007745029506622814
628.0 0.0006489543466159375
629.0 0.0008260246431746054
630.0 0.0010030949852080084
631.0 0.0014730712791788392
632.0 0.0019430473912507296
633.0 0.001998962579818908
634.0 0.0020548777683870867
635.0 0.0022992568119661883
636.0 0.00254363585554529
637.0 0.0024090357328532264
638.0 0.002274435246363282
639.0 0.0016082736692624167
640.0 0.0009421117283636704
641.0 0.0010297444532625377
642.0 0.001117377178161405
643.0 0.0007523212843807414
644.0 0.0003872653906000778
645.0 0.000521335960002034
646.0 0.000655406483929255
647.0 0.00026784848614624934
648.0 1.596398577566327e-10
649.0 1.596398577566327e-10
650.0 9.377961305290228e-05
651.0 0.00044604375943890773
652.0 0.000798308064986486
653.0 0.0011472081496322062
654.0 0.0014961079614295159
655.0 0.0015195461855910253
656.0 0.0015429843188030645
657.0 0.0024596145522082224
658.0 0.003376245149411261
659.0 0.003909513907274231
660.0 0.0044427826651372015
661.0 0.004325972986407578
662.0 0.0042091633076779544
663.0 0.0031894353014649823
664.0 0.002169707659049891
665.0 0.0018829281543730758
666.0 0.0015961484677973203
667.0 0.0015296149285859428
668.0 0.001463081207475625
669.0 0.000968428412306821
670.0 0.00047377561713801697
671.0 0.0004649141374102328
672.0 0.00045605256673297845
673.0 0.00035023588225158164
674.0 0.00024441919777018484
675.0 0.0005404403509601252
676.0 0.0008364615496248007
677.0 0.0014667841242044233
678.0 0.0020971068806829862
679.0 0.0021983205442666076
680.0 0.0022995340259512886
681.0 0.0031999250495573506
682.0 0.004100315709365532
683.0 0.00589989977015648
684.0 0.007699483830947429
685.0 0.00820383575046435
686.0 0.008708191307960078
687.0 0.00802997819846496
688.0 0.007351765816565603
689.0 0.005929794133407995
690.0 0.004507823177846149
691.0 0.004099783836863935
692.0 0.0036917444958817214
693.0 0.0032484222174389288
694.0 0.0028051001208950765
695.0 0.002348940324736759
696.0 0.0018927808923763223
697.0 0.0013426636542135384
698.0 0.0007925464160507545
699.0 0.0006923732144059613
700.0 0.0005921998763369629
701.0 0.000558485680812737
702.0 0.0005247715307632461
703.0 0.0006665887212875532
704.0 0.0008084061846602708
705.0 0.0007404314601444639
706.0 0.0006724568720528623
707.0 0.0007747090421617031
708.0 0.0008769608029979281
709.0 0.0006747204679413699
710.0 0.00047247990551113617
711.0 0.0005885817245143699
712.0 0.0007046835435176035
713.0 0.0008585814612160902
714.0 0.001012479424389312
715.0 0.0007485164587706095
716.0 0.0004845534476771718
717.0 0.0005160337423149031
718.0 0.0005475139460031642
719.0 0.0005201439762458904
720.0 0.0004927738700644113
721.0 0.000384332724934211
722.0 0.00027589151159190806
723.0 0.0004269036253390368
724.0 0.0005779158072982682
725.0 0.00034843837966036517
726.0 0.00011896081559825689
727.0 0.00028852148261648836
728.0 0.0004580821951094549
729.0 0.00040700774661672767
730.0 0.00035593336633610306
731.0 0.00034217603115394013
732.0 0.0003284187414465123
733.0 0.0002179873035856872
734.0 0.00010755593393696472
735.0 0.00026155184968956746
736.0 0.0004155477654421702
737.0 0.0004816909040528117
738.0 0.0005478340426634531
739.0 0.0005233456704445416
740.0 0.0004988572072761599
741.0 0.0008718699973542243
742.0 0.0012448830602806993
743.0 0.0018350978280068375
744.0 0.0024253124138340354
745.0 0.002952649083454162
746.0 0.003479985025478527
747.0 0.00398625161324162
748.0 0.004492518201004714
749.0 0.00401195757149253
750.0 0.0035313973057782277
751.0 0.00320523940899875
752.0 0.0028790815122192726
753.0 0.0024257024051621556
754.0 0.0019723232981050387
755.0 0.002216550819866825
756.0 0.002460778705426492
757.0 0.002055238110187929
758.0 0.0016496975149493665
759.0 0.0013855158613296226
760.0 0.0011213342077098787
761.0 0.0012976078323845286
762.0 0.0014738815480086487
763.0 0.0011297632227069698
764.0 0.0007856448064558208
765.0 0.0009026135558087844
766.0 0.0010195823961112183
767.0 0.0008805408469925169
768.0 0.0007414993433485506
769.0 0.0006804986242059385
770.0 0.0006194977686391212
771.0 0.00046022732931305654
772.0 0.0003009567535627866
773.0 0.0003892311269737547
774.0 0.00047750545490998775
775.0 0.0005069848157290835
776.0 0.0005364639946492389
777.0 0.0005187193892197683
778.0 0.0005009744654671522
779.0 0.0006542642495332984
780.0 0.0008075539881247096
781.0 0.0009174731530947611
782.0 0.0010273923180648126
783.0 0.0009527929250907619
784.0 0.0008781932592683006
785.0 0.0011338343028910458
786.0 0.0013894750736653805
787.0 0.0011078162970079575
788.0 0.0008261573384515941
789.0 0.0008984034138848074
790.0 0.0009706493983685505
791.0 0.0008666926078149118
792.0 0.000762735817261273
793.0 0.00020334487089712638
794.0 1.596398577566327e-10
795.0 1.596398577566327e-10
796.0 1.596398577566327e-10
797.0 0.00024713542643439723
798.0 0.0006161445980978897
799.0 0.0003210745262549608
800.0 2.6004366304732685e-05
801.0 1.596398577566327e-10
802.0 1.596398577566327e-10
803.0 1.596398577566327e-10
804.0 1.596398577566327e-10
805.0 1.596398577566327e-10
806.0 1.596398577566327e-10
807.0 1.596398577566327e-10
808.0 1.596398577566327e-10
809.0 0.00019349693047843175
810.0 0.0004859828095504781
811.0 0.0001399189386575017
812.0 1.596398577566327e-10
813.0 0.00015703183180448832
814.0 0.0005202086413191864
815.0 0.0003763114591492922
816.0 0.00023241425424203044
817.0 0.00022095184704085113
818.0 0.0002094893261528341
819.0 0.00010259408327328856
820.0 1.596398577566327e-10
821.0 1.596398577566327e-10
822.0 1.596398577566327e-10
823.0 1.596398577566327e-10
824.0 1.596398577566327e-10
825.0 1.596398577566327e-10
826.0 1.596398577566327e-10
827.0 0.00013417580930763506
828.0 0.0005226334451435832
829.0 0.00030421892915910576
830.0 8.580483950026974e-05
831.0 1.596398577566327e-10
832.0 1.596398577566327e-10
833.0 1.596398577566327e-10
834.0 1.596398577566327e-10
835.0 1.596398577566327e-10
836.0 1.596398577566327e-10
837.0 1.596398577566327e-10
838.0 1.596398577566327e-10
839.0 1.596398577566327e-10
840.0 1.596398577566327e-10
841.0 1.596398577566327e-10
842.0 0.00014819711395830382
843.0 0.00010971331221298897
844.0 7.122942520254583e-05
845.0 0.00011720821930794045
846.0 0.0001631869281482068
847.0 0.00010150932894248399
848.0 3.9831789422350994e-05
849.0 0.0001214535700455599
850.0 0.00020307518298068317
851.0 5.3984598480383283e-05
852.0 1.596398577566327e-10
853.0 0.00019646599866973702
854.0 0.00048803790377860423
855.0 0.0003190916004314204
856.0 0.00015014527434686897
857.0 0.000429366082244087
858.0 0.0007085868219292024
859.0 0.0008090837582130916
860.0 0.0009095805580727756
861.0 0.0009059444892045576
862.0 0.0009023084203363396
863.0 0.0010792139619297814
864.0 0.0012561193216242827
865.0 0.001797031109163072
866.0 0.002337942714802921
867.0 0.0021586236471193843
868.0 0.0019793051251326688
869.0 0.0018457978512742557
870.0 0.0017122903955169022
871.0 0.0016395577404182404
872.0 0.0015668249034206383
873.0 0.0017071406546165235
874.0 0.0018474562239134684
875.0 0.0021116780771990307
876.0 0.0023759001123835333
877.0 0.0024814951757434756
878.0 0.002587090421002358
879.0 0.0027255220629740506
