lsstCam/transmission_filter_detector/r13_s11/u_24/19700101T000000.ecsv
# %ECSV 1.0
# ---
# datatype:
# - {name: wavelength, unit: nm, datatype: float32}
# - {name: efficiency, unit: '%', datatype: float64}
# meta: !!omap
# - {MODE: DETECTOR}
# - {TYPE: transmission_filter_detector}
# - {CALIBDATE: '1970-01-01T00:00:00'}
# - {INSTRUME: LSSTCam}
# - {OBSTYPE: transmission_filter_detector}
# - {CALIBCLS: lsst.ip.isr.IntermediateFilterDetectorTransmissionCurve}
# - {SOURCE: Materion (DM-46256)}
# - {DETECTOR: 58}
# - {FILTER: u_24}
# - {CALIB_ID: 'calibDate=1970-01-01T00:00:00 filter=u_24 detector=58'}
# - {DATE: '2025-04-02T15:59:40.017991'}
# - {CALIB_CREATION_DATE: '2025-04-02'}
# - {CALIB_CREATION_TIME: '15:59:40'}
# - __serialized_columns__:
#     efficiency:
#       __class__: astropy.units.quantity.Quantity
#       unit: !astropy.units.Unit {unit: '%'}
#       value: !astropy.table.SerializedColumn {name: efficiency}
#     wavelength:
#       __class__: astropy.units.quantity.Quantity
#       unit: !astropy.units.Unit {unit: nm}
#       value: !astropy.table.SerializedColumn {name: wavelength}
# schema: astropy-2.0
wavelength efficiency
[from data line 586]
881.0 0.0029769837055937387
882.0 0.0030900137062417343
883.0 0.0028033065973431803
884.0 0.0025166002160403877
885.0 0.0025240477043553255
886.0 0.0025314957383670844
887.0 0.002315035635547247
888.0 0.00209857589652529
889.0 0.0020424839021870866
890.0 0.0019863919078488834
891.0 0.0022663953131996095
892.0 0.0025463987185503356
893.0 0.0023992772185010836
894.0 0.0022521548089571297
895.0 0.0026691704988479614
896.0 0.0030861858249409124
897.0 0.0036117566196480766
898.0 0.004137328141951002
899.0 0.0042099174606846645
900.0 0.004282506779418327
901.0 0.00427061204391066
902.0 0.004258717308402993
903.0 0.004516425178735517
904.0 0.0047741326852701604
905.0 0.00495839849463664
906.0 0.005142663576407358
907.0 0.005424197661341168
908.0 0.005705731746274978
909.0 0.005696508378605358
910.0 0.0056872857385315
911.0 0.005825545304105617
912.0 0.005963805233477615
913.0 0.005827459244756028
914.0 0.005691112892236561
915.0 0.004987158899893984
916.0 0.004283204907551408
917.0 0.003916474088327959
918.0 0.0035497432691045105
919.0 0.0040209713915828615
920.0 0.004492199150263332
921.0 0.004563899346976541
922.0 0.004635599179891869
923.0 0.0055292846809607
924.0 0.006422967999242246
925.0 0.006652752199443057
926.0 0.006882536399643868
927.0 0.007344800542341545
928.0 0.007807062502251938
929.0 0.007819020538590848
930.0 0.007830977847333997
931.0 0.007364488556049764
932.0 0.006897997809574008
933.0 0.006774128996767104
934.0 0.006650260911555961
935.0 0.006839905836386606
936.0 0.00702955003362149
937.0 0.007084006938384846
938.0 0.007138466753531247
939.0 0.006975759606575593
940.0 0.006813052459619939
941.0 0.00608863883826416
942.0 0.0053642237617168576
943.0 0.0043608524720184505
944.0 0.0033574822737136856
945.0 0.002726151251408737
946.0 0.002094820411002729
947.0 0.001747751775837969
948.0 0.0014006830497237388
949.0 0.0013206480616645422
950.0 0.0012406129826558754
951.0 0.001248552325705532
952.0 0.0012564914868562482
953.0 0.0014463732441072352
954.0 0.001636255365156103
955.0 0.002170223342545796
956.0 0.00270419150183443
957.0 0.0028159765861346386
958.0 0.0029277607609401457
959.0 0.0031192179449135438
960.0 0.00331067421939224
961.0 0.0036377114156493917
962.0 0.003964748248108663
963.0 0.004176489528617822
964.0 0.004388231172924861
965.0 0.004539309884421527
966.0 0.004690388959716074
967.0 0.004729073407361284
968.0 0.004767758218804374
969.0 0.0046889537770766765
970.0 0.004610149335348979
971.0 0.004702815203927457
972.0 0.004795480344910175
973.0 0.004700979116023518
974.0 0.0046064771595411
975.0 0.004225780503475107
976.0 0.003845083119813353
977.0 0.0036551278753904626
978.0 0.003465171903371811
979.0 0.0032806892704684287
980.0 0.003096206273767166
981.0 0.0029915416234871373
982.0 0.0028868767913081683
983.0 0.002984488855872769
984.0 0.003082100738538429
985.0 0.0034294778743060306
986.0 0.0037768553738715127
987.0 0.004111463567824103
988.0 0.004446071761776693
989.0 0.0054082993301562965
990.0 0.006370525807142258
991.0 0.006464093166869134
992.0 0.006557661254191771
993.0 0.0069320667535066605
994.0 0.00730647225282155
995.0 0.006922316970303655
996.0 0.006538159504998475
997.0 0.006454224785557017
998.0 0.006370292976498604
999.0 0.006418456905521452
1000.0 0.006466618651757017
1001.0 0.006020378350513056
1002.0 0.005574137685471214
1003.0 0.005112002327223308
1004.0 0.004649867696571164
1005.0 0.004804218770004809
1006.0 0.0049585691158426926
1007.0 0.004896337486570701
1008.0 0.0048341033107135445
1009.0 0.004410402470966801
1010.0 0.003986702358815819
1011.0 0.00389280503441114
1012.0 0.003798908437602222
1013.0 0.0032071675377665088
1014.0 0.0026154266379307956
1015.0 0.0021983301849104464
1016.0 0.0017812337318900973
1017.0 0.0016242944184341468
1018.0 0.001467354923079256
1019.0 0.0012311651516938582
1020.0 0.0009949750165105797
1021.0 0.0009770091310201678
1022.0 0.0009590433364792261
1023.0 0.001079561570804799
1024.0 0.0012000799870293122
1025.0 0.0013632116861117538
1026.0 0.001526343658042606
1027.0 0.0012187028914922848
1028.0 0.0009110618520935532
1029.0 0.00097234715212835
1030.0 0.0010336326340620872
1031.0 0.0016095882529043593
1032.0 0.0021855439626961015
1033.0 0.002097185279126279
1034.0 0.0020088265955564566
1035.0 0.0022844480554340407
1036.0 0.002560069151513744
1037.0 0.0026250027076457627
1038.0 0.002689936081878841
1039.0 0.002408573345746845
1040.0 0.0021272107915137894
1041.0 0.0017062404367607087
1042.0 0.0012852703548560385
1043.0 0.0012536917893157806
1044.0 0.0012221134966239333
1045.0 0.0013007535926590208
1046.0 0.0013793939615425188
1047.0 0.0015068090760905761
1048.0 0.001634224463487044
1049.0 0.0013854646567779128
1050.0 0.0011367043043719605
1051.0 0.0010774759175546933
1052.0 0.0010182472578890156
1053.0 0.0007487760285584955
1054.0 0.0004793044809048297
1055.0 0.0004732086381409317
1056.0 0.00046711320464964956
1057.0 0.0010290785212418996
1058.0 0.0015910438378341496
1059.0 0.0009954670531442389
1060.0 0.0003998905867774738
1061.0 0.0011785557944676839
1062.0 0.001957220956683159
1063.0 0.0018802551494445652
1064.0 0.0018032889784080908
1065.0 0.001247091859113425
1066.0 0.0006908948762429645
1067.0 0.0007438060947606573
1068.0 0.0007967166311573237
1069.0 0.0017612666852073744
1070.0 0.002725816193560604
1071.0 0.0016016312656574883
1072.0 0.00047744661060278304
1073.0 0.0009575969670549966
1074.0 0.0014377473235072102
1075.0 0.0032345247745979577
1076.0 0.005031302134739235
1077.0 0.005157588020665571
1078.0 0.005283874270389788
1079.0 0.005696802691090852
1080.0 0.00610972783761099
1081.0 0.004187260128674097
1082.0 0.002264792055939324
1083.0 0.002376771954004653
1084.0 0.0024887518520699814
1085.0 0.0036462854041019455
1086.0 0.0048038189561339095
1087.0 0.004313050885684788
1088.0 0.0038222824514377862
1089.0 0.005593434980255552
1090.0 0.007364587509073317
1091.0 0.005232926559983753
1092.0 0.0031012656108941883
1093.0 0.002073363611998502
1094.0 0.0010454618859512266
1095.0 0.00079095898399828
1096.0 0.0005364561275200685
1097.0 0.0017273943740292452
1098.0 0.002918333120760508
1099.0 0.0023426528059644625
1100.0 0.0017669726730673574
