lsstCam/transmission_filter_detector/r20_s12/z_20/19700101T000000.ecsv
# %ECSV 1.0
# ---
# datatype:
# - {name: wavelength, unit: nm, datatype: float32}
# - {name: efficiency, unit: '%', datatype: float64}
# meta: !!omap
# - {MODE: DETECTOR}
# - {TYPE: transmission_filter_detector}
# - {CALIBDATE: '1970-01-01T00:00:00'}
# - {INSTRUME: LSSTCam}
# - {OBSTYPE: transmission_filter_detector}
# - {CALIBCLS: lsst.ip.isr.IntermediateFilterDetectorTransmissionCurve}
# - {SOURCE: Materion (DM-46256)}
# - {DETECTOR: 77}
# - {FILTER: z_20}
# - {CALIB_ID: 'calibDate=1970-01-01T00:00:00 filter=z_20 detector=77'}
# - {DATE: '2025-04-02T15:59:48.995417'}
# - {CALIB_CREATION_DATE: '2025-04-02'}
# - {CALIB_CREATION_TIME: '15:59:48'}
# - __serialized_columns__:
#     efficiency:
#       __class__: astropy.units.quantity.Quantity
#       unit: !astropy.units.Unit {unit: '%'}
#       value: !astropy.table.SerializedColumn {name: efficiency}
#     wavelength:
#       __class__: astropy.units.quantity.Quantity
#       unit: !astropy.units.Unit {unit: nm}
#       value: !astropy.table.SerializedColumn {name: wavelength}
# schema: astropy-2.0
wavelength efficiency
300.0 0.6198644172400236
301.0 0.45486236922442913
302.0 0.2898603677749634
303.0 0.2650186885148287
304.0 0.24017700925469398
305.0 0.20976804662495852
306.0 0.17935908399522305
307.0 0.15906667103990912
308.0 0.13877424644306302
309.0 0.13488007243722677
310.0 0.1309859100729227
311.0 0.12066686758771539
312.0 0.11034783674404025
313.0 0.10449198307469487
314.0 0.09863612940534949
315.0 0.08891388424672186
316.0 0.07919162744656205
317.0 0.07215937948785722
318.0 0.06512713734991848
319.0 0.06925060297362506
320.0 0.07337406859733164
321.0 0.06652722950093448
322.0 0.05968039040453732
323.0 0.05579723510891199
324.0 0.05191407981328666
325.0 0.046388772898353636
326.0 0.04086346598342061
327.0 0.04038014158140868
328.0 0.0398968142690137
329.0 0.03619684430304915
330.0 0.03249688015785068
331.0 0.02916649973485619
332.0 0.025836119311861694
333.0 0.025215093046426773
334.0 0.024594063870608807
335.0 0.02355591714149341
336.0 0.022517767501994967
337.0 0.02307112590642646
338.0 0.023624481400474906
339.0 0.022084705415181816
340.0 0.02054493234027177
341.0 0.01886475074570626
342.0 0.017184570606332272
343.0 0.01513394236098975
344.0 0.013083314115647227
345.0 0.01323207252426073
346.0 0.013380832388065755
347.0 0.012614103616215289
348.0 0.011847375571960583
349.0 0.01327499485341832
350.0 0.014702613407280296
351.0 0.01325366465607658
352.0 0.011804712994489819
353.0 0.012483113096095622
354.0 0.013161513197701424
355.0 0.011114407243439928
356.0 0.009067302016774192
357.0 0.009619280172046274
358.0 0.01017126051010564
359.0 0.009922164463205263
360.0 0.009673069143900648
361.0 0.008929979958338663
362.0 0.008186893683159724
363.0 0.008331493881996721
364.0 0.008476093353237957
365.0 0.008775105379754677
366.0 0.009074118861462921
367.0 0.008713447459740564
368.0 0.00835277751320973
369.0 0.008497760427417234
370.0 0.008642743341624737
371.0 0.00796782405814156
372.0 0.007292903319466859
373.0 0.0064023151935543865
374.0 0.005511728159035556
375.0 0.0058312802138971165
376.0 0.006150831177365035
377.0 0.006614495941903442
378.0 0.007078159978846088
379.0 0.006064209082978778
380.0 0.005050258187111467
381.0 0.004074756725458428
382.0 0.00309925562760327
383.0 0.0042105079046450555
384.0 0.005321760545484722
385.0 0.004908261325908825
386.0 0.004494761742535047
387.0 0.005193089964450337
388.0 0.0058914185501635075
389.0 0.005140791108715348
390.0 0.00439016439486295
391.0 0.00422515622631181
392.0 0.0040601484215585515
393.0 0.004583977715810761
394.0 0.00510780701006297
395.0 0.004394420102471486
396.0 0.00368103246728424
397.0 0.0037932259147055447
398.0 0.003905418634531088
399.0 0.0038624373701168224
400.0 0.0038194561057025567
401.0 0.004445683953235857
402.0 0.005071911800769158
403.0 0.004974147668690421
404.0 0.004876383900409564
405.0 0.004544416515273042
406.0 0.0042124494939344
407.0 0.0030422148483921774
408.0 0.0018719811123446561
409.0 0.0027971713279839605
410.0 0.003722362089320086
411.0 0.003988287426182069
412.0 0.0042542131268419325
413.0 0.004213846841594204
414.0 0.004173480920144357
415.0 0.0035539476812118664
416.0 0.0029344146241783164
417.0 0.003358546018716879
418.0 0.0037826775951543823
419.0 0.0032216583349509165
420.0 0.0026606388928485103
421.0 0.003309156818431802
422.0 0.0039576745621161535
423.0 0.003724487032741308
424.0 0.0034913002309622243
425.0 0.0027360720196156763
426.0 0.0019808443539659493
427.0 0.0024855758965713903
428.0 0.0029903074391768314
429.0 0.0025402985556866042
430.0 0.0020902898540953174
431.0 0.0014001785530126654
432.0 0.0007100670700310729
433.0 0.001016403257381171
434.0 0.001322739444731269
435.0 0.0015835879821679555
436.0 0.001844436519604642
437.0 0.0018853310393751599
438.0 0.0019262255591456778
439.0 0.0022468786482932046
440.0 0.002567531555541791
441.0 0.0021451547581818886
442.0 0.0017227779608219862
443.0 0.0023583237634738907
444.0 0.0029938695661257952
445.0 0.0030712937586940825
446.0 0.0031487179512623698
447.0 0.0023870885343058035
448.0 0.0016254592992481776
449.0 0.0022411981262848713
450.0 0.0028569371352205053
451.0 0.0024411085178144276
452.0 0.0020252795366104692
453.0 0.0018366921722190455
454.0 0.0016481048078276217
455.0 0.0022446856746682897
456.0 0.002841266723407898
457.0 0.0020869103536824696
458.0 0.0013325541658559814
459.0 0.0014635265870310832
460.0 0.0015944991901051253
461.0 0.0012672515367739834
462.0 0.0009400036105944309
463.0 0.0015458605048479512
464.0 0.0021517174900509417
465.0 0.0020147967006778345
466.0 0.0018778759113047272
467.0 0.00181840132427169
468.0 0.0017589265553397126
469.0 0.001500785947428085
470.0 0.0012426455214153975
471.0 0.001301554493693402
472.0 0.0013604635569208767
473.0 0.001374179009872023
474.0 0.001387894280924229
475.0 0.0012612706086656544
476.0 0.0011346468454576097
477.0 0.0012496991985244676
478.0 0.001364751278742915
479.0 0.0017909356756717898
480.0 0.0022171201635501347
481.0 0.0016038618923630565
482.0 0.0009906037121254485
483.0 0.0007959225513332058
484.0 0.000601241390540963
485.0 0.0009189651791530196
486.0 0.0012366887858661357
487.0 0.001240998517459957
488.0 0.0012453079762053676
489.0 0.001757673999236431
490.0 0.0022700402041664347
491.0 0.0021693760572816245
492.0 0.0020687119103968143
493.0 0.0022054904547985643
494.0 0.0023422695448971353
495.0 0.001813518065318931
496.0 0.001284766403841786
497.0 0.0012156197044532746
498.0 0.0011464730960142333
499.0 0.001240779965883121
500.0 0.0013350867448025383
501.0 0.0010410176400910132
502.0 0.000746948535379488
503.0 0.0011536827514646575
504.0 0.0015604171494487673
505.0 0.0019329938368173316
506.0 0.0023055708879837766
507.0 0.002017610313487239
508.0 0.001729649375192821
509.0 0.0016446367226308212
510.0 0.0015596242519677617
511.0 0.0012681179214268923
512.0 0.000976611681835493
513.0 0.0013243406101537403
514.0 0.001672069811320398
515.0 0.001231731948792003
516.0 0.0007913942681625485
517.0 0.0011077117960667238
518.0 0.001424029323970899
519.0 0.001281481127080042
520.0 0.0011389326573407743
521.0 0.0015269357390934601
522.0 0.0019149387298966758
523.0 0.001449411047360627
524.0 0.0009838833648245782
525.0 0.0008131225513352547
526.0 0.0006423618287954014
527.0 0.0010133224350283854
528.0 0.0013842831322108395
529.0 0.0012433381016307976
530.0 0.0011023927982023451
531.0 0.0012861301911470946
532.0 0.0014698674931423739
533.0 0.0009152076017926447
534.0 0.00036054766496818047
535.0 0.0009446514013689011
536.0 0.001528755274193827
537.0 0.0016557096387259662
538.0 0.001782663821359165
539.0 0.0014372662917594425
540.0 0.0010918683983618394
541.0 0.0011138560694234911
542.0 0.001135843740485143
543.0 0.0012669705938606057
544.0 0.0013980973562865984
545.0 0.0010062770343211014
546.0 0.0006144568033050746
547.0 0.0011315853953419719
548.0 0.0016487138054799289
549.0 0.0014874452972435392
550.0 0.0013261766071082093
551.0 0.001528199209133163
552.0 0.001730221811158117
553.0 0.0017580476196599193
554.0 0.0017858732462627813
555.0 0.0013362340723688249
556.0 0.0008865948984748684
557.0 0.0012850348866777495
558.0 0.0016834748748806305
559.0 0.0015557025108137168
560.0 0.0014279296919994522
561.0 0.001375622559862677
562.0 0.0013233151548774913
563.0 0.0011600791367527563
564.0 0.000996842936729081
565.0 0.0015245696886267979
566.0 0.0020522968043223955
567.0 0.0023238439098349772
568.0 0.002595391015347559
569.0 0.0025620422093197703
570.0 0.002528693585190922
571.0 0.0024394797947024927
572.0 0.002350265822315123
573.0 0.0018708451534621418
574.0 0.001391424666508101
575.0 0.0018543785699876025
576.0 0.002317332473467104
577.0 0.0020771070921909995
578.0 0.0018368820747127756
579.0 0.0018542796169640496
580.0 0.0018716769773163833
581.0 0.0016731635696487501
582.0 0.0014746500710316468
583.0 0.0019975752366008237
584.0 0.0025205003112205304
585.0 0.002502877759980038
586.0 0.0024852548449416645
587.0 0.001976915700652171
588.0 0.001468576374463737
589.0 0.0019444994904915802
590.0 0.0024204227884183638
591.0 0.0019531136786099523
592.0 0.0014858042959531303
593.0 0.0011650849955913145
594.0 0.0008443656952294987
595.0 0.0011272192750766408
596.0 0.0014100727639743127
597.0 0.0011656836250040215
598.0 0.0009212945769832004
599.0 0.0009165127266896889
600.0 0.0009117310582951177
601.0 0.0007887985702836886
602.0 0.0006658660367975244
603.0 0.0010771304005174898
604.0 0.0014883945368637796
605.0 0.0011775223356380593
606.0 0.000866650134412339
607.0 0.0008850622180034406
608.0 0.0009034743925440125
609.0 0.000967652795225149
610.0 0.0010318310160073452
611.0 0.0008141514626913704
612.0 0.0005964718639006605
613.0 0.0006199170002219034
614.0 0.0006433619091694709
615.0 0.0009960701390809845
616.0 0.0013487781870935578
617.0 0.0018049406207865104
618.0 0.002261103145428933
619.0 0.0019555582184693776
620.0 0.0016500131096108817
621.0 0.0017904216292663477
622.0 0.0019308294213260524
623.0 0.0017398615455022082
624.0 0.0015488933058804832
625.0 0.0015547677321592346
626.0 0.0015606425222358666
627.0 0.0017822865629568696
628.0 0.0020039311493746936
629.0 0.00206382610485889
630.0 0.0021237214241409674
631.0 0.002184793629567139
632.0 0.00224586565309437
633.0 0.0024405791918979958
634.0 0.0026352927307016216
635.0 0.005478708408190869
636.0 0.008322123903781176
637.0 0.015422482101712376
638.0 0.0225228417548351
639.0 0.020090534235350788
640.0 0.017658229626249522
641.0 0.015137385344132781
642.0 0.012616546882782131
643.0 0.009738483640830964
644.0 0.006860419671284035
645.0 0.00658363351249136
646.0 0.006306847353698686
647.0 0.006013096935930662
648.0 0.005719346518162638
649.0 0.004433009962667711
650.0 0.003146673407172784
651.0 0.0035317476431373507
652.0 0.003916822242899798
653.0 0.0031181662052404135
654.0 0.0023195098037831485
655.0 0.0024564920749980956
656.0 0.002593474528111983
657.0 0.002691949157451745
658.0 0.0027904234229936264
659.0 0.002566395232861396
660.0 0.0023423672246281058
661.0 0.002368067180213984
662.0 0.0023937671357998624
663.0 0.0019431858163443394
664.0 0.0014926046787877567
665.0 0.001760558552632574
666.0 0.0020285124264773913
667.0 0.002327571746718604
668.0 0.002626631066959817
669.0 0.0019190671082469635
670.0 0.0012115034223825205
671.0 0.0010297350854671095
672.0 0.0008479666576022282
673.0 0.0012757328477164265
674.0 0.0017034990378306247
675.0 0.001739083745633252
676.0 0.0017746682715369388
677.0 0.0018137965525966138
678.0 0.0018529246517573483
679.0 0.0015366536899819039
680.0 0.001220382546307519
681.0 0.001286628503294196
682.0 0.0013528742783819325
683.0 0.002261839108541608
684.0 0.0031708041206002235
685.0 0.0027858895919052884
686.0 0.002400975427008234
687.0 0.0018110760720446706
688.0 0.001221176626131637
689.0 0.0015393698049592786
690.0 0.0018575630747363903
691.0 0.0021567842850345187
692.0 0.0024560051315347664
693.0 0.0029017823180765845
694.0 0.003347559686517343
695.0 0.003214833850506693
696.0 0.0030821076506981626
697.0 0.003406517134862952
698.0 0.0037309266190277413
699.0 0.0052610332204494625
700.0 0.006791138730477542
701.0 0.006872814265079796
702.0 0.006954490527277812
703.0 0.006107392982812598
704.0 0.005260294710751623
705.0 0.004620365143637173
706.0 0.003980435576522723
707.0 0.0037318044633138925
708.0 0.0034831729863071814
709.0 0.0038304551708279178
710.0 0.004177737355348654
711.0 0.003914718035957776
712.0 0.0036516990803647786
713.0 0.0028786753318854608
714.0 0.002105651583406143
715.0 0.0022780623112339526
716.0 0.0024504730390617624
717.0 0.002153003697458189
718.0 0.0018555341739556752
719.0 0.0015051324226078577
720.0 0.0011547303074621595
721.0 0.0010092012416862417
722.0 0.0008636720849608537
723.0 0.0009258185855287593
724.0 0.000987965177046135
725.0 0.0013304056665219832
726.0 0.0016728463378967717
727.0 0.0015317204088205472
728.0 0.0013905941159464419
729.0 0.001482430161559023
730.0 0.0015742658433737233
731.0 0.0014746305168955587
732.0 0.0013749950085184537
733.0 0.0015562698536086828
734.0 0.0017375445167999715
735.0 0.0014294677384896204
736.0 0.001121390778280329
737.0 0.0012185915693407878
738.0 0.001315791996603366
739.0 0.0014696625839860644
740.0 0.0016235329894698225
741.0 0.0013356387171370443
742.0 0.0010477445357537363
743.0 0.001614051143405959
744.0 0.002180357842007652
745.0 0.001588099985383451
746.0 0.0009958419468603097
747.0 0.001244761369889602
748.0 0.0014936808838683646
749.0 0.002221847898908891
750.0 0.0029500151867978275
751.0 0.002991239307448268
752.0 0.0030324634280987084
753.0 0.0029743221602984704
754.0 0.0029161808924982324
755.0 0.0021510270016733557
756.0 0.0013858729289495386
757.0 0.002098069126077462
758.0 0.0028102655051043257
759.0 0.002810039404721465
760.0 0.002809813122439664
761.0 0.0043517673475435
762.0 0.005893722118344158
763.0 0.005668625817634165
764.0 0.005443531699711457
765.0 0.005334267916623503
766.0 0.005225005588727072
767.0 0.0045179356675362214
768.0 0.0038108664739411324
769.0 0.00386118954338599
770.0 0.003911513340426609
771.0 0.0042917239625239745
772.0 0.00467193458462134
773.0 0.003994709186372347
774.0 0.0033174837881233543
775.0 1.602435740523378e-10
776.0 0.04069404094479978
777.0 0.04746443300973624
778.0 0.04559143562801182
779.0 0.04584998241625726
780.0 0.07064381497912109
781.0 1.602435740523378e-10
782.0 0.11595351388677955
783.0 0.007650496991118416
784.0 0.09313650662079453
785.0 1.602435740523378e-10
786.0 0.05400822847150266
787.0 1.602435740523378e-10
788.0 1.602435740523378e-10
789.0 0.004769145016325638
790.0 0.06304947310127318
791.0 0.16173984622582793
792.0 0.05833889008499682
793.0 1.602435740523378e-10
794.0 1.602435740523378e-10
795.0 0.03722243709489703
796.0 0.0413134868722409
797.0 0.06072676042094827
798.0 0.09726932039484382
799.0 0.23753885179758072
800.0 0.17918830271810293
801.0 0.3503785468637943
802.0 0.6149367894977331
803.0 1.1112770065665245
804.0 1.720171980559826
805.0 2.6332437992095947
806.0 4.06920462846756
807.0 5.76954111456871
808.0 7.921090722084045
809.0 10.453774780035019
810.0 13.649937510490417
811.0 16.564616560935974
812.0 19.747596979141235
813.0 22.71987646818161
814.0 25.59419274330139
815.0 29.62453067302704
816.0 34.53940153121948
817.0 40.32955467700958
818.0 46.03577256202698
819.0 51.86120271682739
820.0 59.72999930381775
821.0 67.17233657836914
822.0 73.51411581039429
823.0 79.2602002620697
824.0 84.57669615745544
825.0 89.42142128944397
826.0 92.48641729354858
827.0 95.42297720909119
828.0 97.73573875427246
829.0 98.72923493385315
830.0 98.57611060142517
831.0 99.23480749130249
832.0 98.51332902908325
833.0 99.91062879562378
834.0 98.42981100082397
835.0 99.27319884300232
836.0 99.38496351242065
837.0 99.21327829360962
838.0 98.36432933807373
839.0 98.50625991821289
840.0 98.82898926734924
841.0 99.64855909347534
842.0 99.80348348617554
843.0 99.79617595672607
844.0 98.54485392570496
845.0 98.71577024459839
846.0 99.2151141166687
847.0 98.68236184120178
848.0 99.78331327438354
849.0 98.73799085617065
850.0 98.30791354179382
851.0 99.46057796478271
852.0 99.35758709907532
853.0 98.59851598739624
854.0 99.78840947151184
855.0 98.72480630874634
856.0 99.28777813911438
857.0 98.12162518501282
858.0 98.4950304031372
859.0 99.19829368591309
860.0 98.49390983581543
861.0 99.03088212013245
862.0 99.01421666145325
863.0 98.36078882217407
864.0 99.44575428962708
865.0 99.99718070030212
866.0 98.64497780799866
867.0 99.31212067604065
868.0 99.37815070152283
869.0 99.20525550842285
870.0 98.20284843444824
871.0 98.91679286956787
872.0 99.38364624977112
873.0 99.35027360916138
874.0 99.77765083312988
875.0 98.96007180213928
876.0 99.22101497650146
877.0 99.66232776641846
878.0 98.95175099372864
879.0 98.83912801742554
880.0 98.41061234474182
881.0 100.04709959030151
882.0 98.8839864730835
883.0 99.12494421005249
884.0 99.20312166213989
885.0 99.01643395423889
886.0 98.68980646133423
887.0 98.6842393875122
888.0 98.775714635849
889.0 99.67560172080994
890.0 98.31040501594543
891.0 99.1613507270813
892.0 98.70915412902832
893.0 98.8071620464325
894.0 98.11484217643738
895.0 99.55375790596008
