lsstCam/transmission_filter_detector/r20_s12/z_20/19700101T000000.ecsv
# %ECSV 1.0
# ---
# datatype:
# - {name: wavelength, unit: nm, datatype: float32}
# - {name: efficiency, unit: '%', datatype: float64}
# meta: !!omap
# - {MODE: DETECTOR}
# - {TYPE: transmission_filter_detector}
# - {CALIBDATE: '1970-01-01T00:00:00'}
# - {INSTRUME: LSSTCam}
# - {OBSTYPE: transmission_filter_detector}
# - {CALIBCLS: lsst.ip.isr.IntermediateFilterDetectorTransmissionCurve}
# - {SOURCE: Materion (DM-46256)}
# - {DETECTOR: 77}
# - {FILTER: z_20}
# - {CALIB_ID: 'calibDate=1970-01-01T00:00:00 filter=z_20 detector=77'}
# - {DATE: '2025-04-02T15:59:48.995417'}
# - {CALIB_CREATION_DATE: '2025-04-02'}
# - {CALIB_CREATION_TIME: '15:59:48'}
# - __serialized_columns__:
#     efficiency:
#       __class__: astropy.units.quantity.Quantity
#       unit: !astropy.units.Unit {unit: '%'}
#       value: !astropy.table.SerializedColumn {name: efficiency}
#     wavelength:
#       __class__: astropy.units.quantity.Quantity
#       unit: !astropy.units.Unit {unit: nm}
#       value: !astropy.table.SerializedColumn {name: wavelength}
# schema: astropy-2.0
wavelength efficiency
[from data line 597]
897.0 99.31777715682983
898.0 98.91936779022217
899.0 98.43624234199524
900.0 98.90767931938171
901.0 99.12256002426147
902.0 99.32242035865784
903.0 98.78457188606262
904.0 97.68254160881042
905.0 98.64519238471985
906.0 98.1187641620636
907.0 98.67352247238159
908.0 98.13601970672607
909.0 98.51435422897339
910.0 98.02813529968262
911.0 97.08473682403564
912.0 96.10657691955566
913.0 95.11606693267822
914.0 92.71755814552307
915.0 90.62196612358093
916.0 88.62460851669312
917.0 87.08043694496155
918.0 83.70298743247986
919.0 82.534259557724
920.0 79.83852624893188
921.0 75.99936127662659
922.0 71.99933528900146
923.0 66.38679504394531
924.0 60.79939603805542
925.0 55.44140338897705
926.0 49.44566488265991
927.0 42.337724566459656
928.0 36.55014932155609
929.0 30.204591155052185
930.0 24.34716820716858
931.0 19.244885444641113
932.0 13.79038691520691
933.0 9.448490291833878
934.0 6.08111172914505
935.0 3.7955619394779205
936.0 2.1218156442046165
937.0 1.265873946249485
938.0 0.7358425762504339
939.0 0.5284554790705442
940.0 0.3122312016785145
941.0 0.23596077226102352
942.0 0.1573780900798738
943.0 0.051938160322606564
944.0 0.10109858121722937
945.0 1.602435740523378e-10
946.0 1.602435740523378e-10
947.0 1.602435740523378e-10
948.0 1.602435740523378e-10
949.0 1.602435740523378e-10
950.0 0.007325532351387665
951.0 1.602435740523378e-10
952.0 1.602435740523378e-10
953.0 0.012832680658902973
954.0 1.602435740523378e-10
955.0 0.014528258179780096
956.0 0.023840951325837523
957.0 0.03274813061580062
958.0 1.602435740523378e-10
959.0 0.028759933775290847
960.0 1.602435740523378e-10
961.0 0.01050816717906855
962.0 1.602435740523378e-10
963.0 1.602435740523378e-10
964.0 0.05808976711705327
965.0 0.017949164612218738
966.0 0.0477602647151798
967.0 1.602435740523378e-10
968.0 0.039929451304487884
969.0 1.602435740523378e-10
970.0 1.602435740523378e-10
971.0 1.602435740523378e-10
972.0 0.07636711234226823
973.0 1.602435740523378e-10
974.0 1.602435740523378e-10
975.0 1.602435740523378e-10
976.0 0.0064876716351136565
977.0 0.006425063475035131
978.0 0.006362458225339651
979.0 0.006182213110150769
980.0 0.006001967994961888
981.0 0.005816431439598091
982.0 0.005630895248032175
983.0 0.005616603812086396
984.0 0.0056023127399384975
985.0 0.005308033723849803
986.0 0.005013754707761109
987.0 0.005072347994428128
988.0 0.005130941644893028
989.0 0.004965511834598146
990.0 0.004800082388101146
991.0 0.004841750342166051
992.0 0.004883418660028838
993.0 0.004894718586001545
994.0 0.004906018148176372
995.0 0.004788707155967131
996.0 0.00467139579996001
997.0 0.004516676563071087
998.0 0.004361957326182164
999.0 0.004349267328507267
1000.0 0.004336576603236608
1001.0 0.004352246833150275
1002.0 0.0043679163354681805
1003.0 0.004373837145976722
1004.0 0.004379757956485264
1005.0 0.004365451604826376
1006.0 0.004351144889369607
1007.0 0.0043519998143892735
1008.0 0.00435285473940894
1009.0 0.004394539064378478
1010.0 0.004436223389348015
1011.0 0.00449204417236615
1012.0 0.004547864955384284
1013.0 0.004416269439388998
1014.0 0.0042846739233937114
1015.0 0.0044448392145568505
1016.0 0.0046050045057199895
1017.0 0.004689818888437003
1018.0 0.004774633271154016
1019.0 0.004681032442022115
1020.0 0.004587431612890214
1021.0 0.004691405047196895
1022.0 0.004795378117705695
1023.0 0.0046913817641325295
1024.0 0.004587385410559364
1025.0 0.004698579869000241
1026.0 0.004809774327441119
1027.0 0.004901083229924552
1028.0 0.004992392496205866
1029.0 0.004778930815518834
1030.0 0.004565469134831801
1031.0 0.004756346606882289
1032.0 0.004947224078932777
1033.0 0.00496001448482275
1034.0 0.004972804890712723
1035.0 0.005122381480759941
1036.0 0.005271958070807159
1037.0 0.0054818898206576705
1038.0 0.005691821934306063
1039.0 0.005578390482696705
1040.0 0.005464958667289466
1041.0 0.00562898931093514
1042.0 0.005793019954580814
1043.0 0.005578240234171972
1044.0 0.005363460149965249
1045.0 0.00579964071221184
1046.0 0.00623582091066055
1047.0 0.006101938197389245
1048.0 0.005968055120320059
1049.0 0.0061071463278494775
1050.0 0.006246237899176776
1051.0 0.006471035158028826
1052.0 0.006695833144476637
1053.0 0.006844515155535191
1054.0 0.006993197894189507
1055.0 0.00753365529817529
1056.0 0.008074114884948358
1057.0 0.007735643885098398
1058.0 0.0073971728852484375
1059.0 0.0077162876550573856
1060.0 0.008035401697270572
1061.0 0.00838862033560872
1062.0 0.008741838246351108
1063.0 0.008972673094831407
1064.0 0.009203507215715945
1065.0 0.009319079254055396
1066.0 0.009434653475182131
1067.0 0.009656868496676907
1068.0 0.009879083518171683
1069.0 0.01057686677086167
1070.0 0.011274650023551658
1071.0 0.010842924530152231
1072.0 0.010411199764348567
1073.0 0.010801784083014354
1074.0 0.011192369129275903
1075.0 0.01158437371486798
1076.0 0.01197638048324734
1077.0 0.01230798225151375
1078.0 0.012639584019780159
1079.0 0.013163847324904054
1080.0 0.01368811063002795
1081.0 0.014011272287461907
1082.0 0.014334433944895864
1083.0 0.014149819617159665
1084.0 0.013965205289423466
1085.0 0.01475552999181673
1086.0 0.01554585323901847
1087.0 0.015909361536614597
1088.0 0.0162728683790192
1089.0 0.016972138837445527
1090.0 0.017671409295871854
1091.0 0.017467376892454922
1092.0 0.01726334448903799
1093.0 0.018204617663286626
1094.0 0.019145887927152216
1095.0 0.019909894035663456
1096.0 0.020673901599366218
1097.0 0.020779084297828376
1098.0 0.02088426990667358
1099.0 0.021976296557113528
1100.0 0.02306832029717043
1101.0 0.02367216657148674
1102.0 0.024276012845803052
1103.0 0.02532578946556896
1104.0 0.0263755617197603
1105.0 0.026620118296705186
1106.0 0.02686467196326703
1107.0 0.027877584216184914
1108.0 0.0288904964691028
1109.0 0.029928181902505457
1110.0 0.030965861515142024
1111.0 0.03067412762902677
1112.0 0.030382393742911518
1113.0 0.031816030968911946
1114.0 0.03324967110529542
1115.0 0.033913509105332196
1116.0 0.03457734710536897
1117.0 0.03518057055771351
1118.0 0.035783794010058045
1119.0 0.039471680065616965
1120.0 0.043159566121175885
1121.0 0.04419785691425204
1122.0 0.045236150617711246
1123.0 0.04486028337851167
1124.0 0.04448441322892904
1125.0 0.04578798252623528
1126.0 0.04709155473392457
1127.0 0.050821067998185754
1128.0 0.054550584172829986
1129.0 0.054605602053925395
1130.0 0.054660619935020804
1131.0 0.05705396179109812
1132.0 0.05944729782640934
1133.0 0.06211824947968125
1134.0 0.06478919531218708
1135.0 0.06494403351098299
1136.0 0.0650988717097789
1137.0 0.0715561443939805
1138.0 0.07801343454048038
1139.0 0.08249841630458832
1140.0 0.08698339224793017
1141.0 0.09790143230929971
1142.0 0.10881944326683879
1143.0 0.13213419588282704
1144.0 0.15544890193268657
1145.0 0.3029374871402979
1146.0 0.45042610727250576
1147.0 0.9538189508020878
1148.0 1.457211747765541
1149.0 1.6327958554029465
1150.0 1.8083812668919563
