lsstCam/transmission_filter_detector/r30_s20/u_24/19700101T000000.ecsv
# %ECSV 1.0
# ---
# datatype:
# - {name: wavelength, unit: nm, datatype: float32}
# - {name: efficiency, unit: '%', datatype: float64}
# meta: !!omap
# - {MODE: DETECTOR}
# - {TYPE: transmission_filter_detector}
# - {CALIBDATE: '1970-01-01T00:00:00'}
# - {INSTRUME: LSSTCam}
# - {OBSTYPE: transmission_filter_detector}
# - {CALIBCLS: lsst.ip.isr.IntermediateFilterDetectorTransmissionCurve}
# - {SOURCE: Materion (DM-46256)}
# - {DETECTOR: 123}
# - {FILTER: u_24}
# - {CALIB_ID: 'calibDate=1970-01-01T00:00:00 filter=u_24 detector=123'}
# - {DATE: '2025-04-02T15:59:40.318173'}
# - {CALIB_CREATION_DATE: '2025-04-02'}
# - {CALIB_CREATION_TIME: '15:59:40'}
# - __serialized_columns__:
#     efficiency:
#       __class__: astropy.units.quantity.Quantity
#       unit: !astropy.units.Unit {unit: '%'}
#       value: !astropy.table.SerializedColumn {name: efficiency}
#     wavelength:
#       __class__: astropy.units.quantity.Quantity
#       unit: !astropy.units.Unit {unit: nm}
#       value: !astropy.table.SerializedColumn {name: wavelength}
# schema: astropy-2.0
wavelength efficiency
[from data line 582]
877.0 0.002994776332343463
878.0 0.003230278889532201
879.0 0.0031992331059882417
880.0 0.0031681869586464018
881.0 0.0032023155654314905
882.0 0.00323644453601446
883.0 0.00324171815009322
884.0 0.0032469914003740996
885.0 0.0030186076401150785
886.0 0.002790224243653938
887.0 0.0026300287572667003
888.0 0.0024698332708794624
889.0 0.002611051604617387
890.0 0.0027522699383553118
891.0 0.003002524681505747
892.0 0.0032527797884540632
893.0 0.0032157651730813086
894.0 0.003178750557708554
895.0 0.003449122596066445
896.0 0.0037194942706264555
897.0 0.0038255871913861483
898.0 0.003931679020752199
899.0 0.003928102887584828
900.0 0.003924526754417457
901.0 0.004270081262802705
902.0 0.004615635771187954
903.0 0.0046056062274146825
904.0 0.004595576319843531
905.0 0.004943644307786599
906.0 0.005291712295729667
907.0 0.005437706568045542
908.0 0.005583701567957178
909.0 0.005882335608475842
910.0 0.006180969648994505
911.0 0.005918327224208042
912.0 0.005655684071825817
913.0 0.005503780266735703
914.0 0.005351875734049827
915.0 0.004914185410598293
916.0 0.004476494723348878
917.0 0.004217817695462145
918.0 0.00395913993997965
919.0 0.0040706559957470745
920.0 0.004182172051514499
921.0 0.004741510201711208
922.0 0.005300848351907916
923.0 0.005607381172012538
924.0 0.00591391435591504
925.0 0.006416256655938923
926.0 0.0069185982283670455
927.0 0.007159318920457736
928.0 0.0074000374297611415
929.0 0.007645587174920365
930.0 0.007891136920079589
931.0 0.007680128328502178
932.0 0.00746912119211629
933.0 0.007687109609832987
934.0 0.007905098755145445
935.0 0.007561434176750481
936.0 0.007217771781142801
937.0 0.006863467569928616
938.0 0.00650916263111867
939.0 0.006666184344794601
940.0 0.0068232046032790095
941.0 0.0060750095144612715
942.0 0.005326814789441414
943.0 0.004918199556414038
944.0 0.004509583959588781
945.0 0.003554188151611015
946.0 0.00259879270743113
947.0 0.0022261685444391333
948.0 0.001853544199548196
949.0 0.0017147553080576472
950.0 0.0015759664165670983
951.0 0.001437029550288571
952.0 0.001298092865908984
953.0 0.0015516421626671217
954.0 0.001805191277526319
955.0 0.0018344318959861994
956.0 0.0018636725144460797
957.0 0.0022621776224696077
958.0 0.0026606830942910165
959.0 0.003025026308023371
960.0 0.003389369885553606
961.0 0.0038996575312921777
962.0 0.00440994554082863
963.0 0.004388504385133274
964.0 0.0043670632294379175
965.0 0.004936410550726578
966.0 0.005505758599610999
967.0 0.0052514813432935625
968.0 0.004997205542167649
969.0 0.004985903433407657
970.0 0.004974601688445546
971.0 0.004957399505656213
972.0 0.004940196959068999
973.0 0.004901701322523877
974.0 0.004863205322180875
975.0 0.004746138074551709
976.0 0.004629070463124663
977.0 0.004309192081564106
978.0 0.003989312972407788
979.0 0.0036572942917700857
980.0 0.0033252756111323833
981.0 0.0033104883186751977
982.0 0.003295701026218012
983.0 0.0030735831387573853
984.0 0.002851464887498878
985.0 0.003200891296728514
986.0 0.003550318069756031
987.0 0.003831721915048547
988.0 0.004113125396543182
989.0 0.004787893340107985
990.0 0.005462661283672787
991.0 0.006227157427929342
992.0 0.006991653935983777
993.0 0.007871785055613145
994.0 0.008751915447646752
995.0 0.008819910726742819
996.0 0.008887905278243124
997.0 0.00871127558639273
998.0 0.008534643711755052
999.0 0.00804334122221917
1000.0 0.007552041643066332
1001.0 0.006707635475322604
1002.0 0.005863229671376757
1003.0 0.0050698705308604985
1004.0 0.00427651139034424
1005.0 0.0044815118599217385
1006.0 0.0046865119657013565
1007.0 0.004559813532978296
1008.0 0.004433114736457355
1009.0 0.00435212132288143
1010.0 0.004271129000699148
1011.0 0.004012254066765308
1012.0 0.0037533784052357078
1013.0 0.00341620652761776
1014.0 0.0030790342862019315
1015.0 0.002637601937749423
1016.0 0.0021961695892969146
1017.0 0.0020194091121084057
1018.0 0.0018426486349198967
1019.0 0.0018426444512442686
1020.0 0.0018426404494675808
1021.0 0.0016634070561849512
1022.0 0.0014841737538517918
1023.0 0.00152704342326615
1024.0 0.0015699128198320977
1025.0 0.0014868715879856609
1026.0 0.0014038306289876346
1027.0 0.0015489407815039158
1028.0 0.0016940506611717865
1029.0 0.0019078726836596616
1030.0 0.0021216950699454173
1031.0 0.00208704914257396
1032.0 0.0020524033971014433
1033.0 0.001984783921216149
1034.0 0.0019171644453308545
1035.0 0.0018502663806430064
1036.0 0.0017833683159551583
1037.0 0.0022478910977952182
1038.0 0.0027124140615342185
1039.0 0.0023667273126193322
1040.0 0.0020210409275023267
1041.0 0.00216958924283972
1042.0 0.002318137740076054
1043.0 0.002174101973650977
1044.0 0.0020300658434280194
1045.0 0.0018438053302816115
1046.0 0.001657544453337323
1047.0 0.0019523893570294604
1048.0 0.002247234442620538
1049.0 0.0021855254090041853
1050.0 0.002123816193488892
1051.0 0.0016843227058416232
1052.0 0.0012448291272448841
1053.0 0.0012319953384576365
1054.0 0.0012191614587209187
1055.0 0.0015513593098148704
1056.0 0.0018835573428077623
1057.0 0.0015053411516419146
1058.0 0.001127124960476067
1059.0 0.0016144473192980513
1060.0 0.002101769860018976
1061.0 0.002208822115790099
1062.0 0.0023158743715612218
1063.0 0.0014772311260458082
1064.0 0.0006385880169545999
1065.0 0.0012743417755700648
1066.0 0.001910095670609735
1067.0 0.0017628288333071396
1068.0 0.0016155621779034846
1069.0 0.0016727779438951984
1070.0 0.0017299937098869123
1071.0 0.0015762650946271606
1072.0 0.0014225361155695282
1073.0 0.0022901771444594488
1074.0 0.003157817991450429
1075.0 0.0024687707991688512
1076.0 0.0017797237887862138
1077.0 0.002127804145857226
1078.0 0.002475884321029298
1079.0 0.0033717511541908607
1080.0 0.004267617987352423
1081.0 0.0045063410652801394
1082.0 0.004745063415612094
1083.0 0.004737305425805971
1084.0 0.004729547435999848
1085.0 0.005037005394115113
1086.0 0.005344463716028258
1087.0 0.00469490114483051
1088.0 0.004045339665026404
1089.0 0.003494065094855614
1090.0 0.002942791434179526
1091.0 0.002672831942618359
1092.0 0.0024028728148550726
1093.0 0.004027599788969383
1094.0 0.005652327308780514
1095.0 0.003914333501597866
1096.0 0.002176339694415219
1097.0 0.0027896072424482554
1098.0 0.0034028751542791724
1099.0 0.004549861478153616
1100.0 0.0056968496210174635
