lsstCam/transmission_filter_detector/r30_s20/u_24/19700101T000000.ecsv
# %ECSV 1.0
# ---
# datatype:
# - {name: wavelength, unit: nm, datatype: float32}
# - {name: efficiency, unit: '%', datatype: float64}
# meta: !!omap
# - {MODE: DETECTOR}
# - {TYPE: transmission_filter_detector}
# - {CALIBDATE: '1970-01-01T00:00:00'}
# - {INSTRUME: LSSTCam}
# - {OBSTYPE: transmission_filter_detector}
# - {CALIBCLS: lsst.ip.isr.IntermediateFilterDetectorTransmissionCurve}
# - {SOURCE: Materion (DM-46256)}
# - {DETECTOR: 123}
# - {FILTER: u_24}
# - {CALIB_ID: 'calibDate=1970-01-01T00:00:00 filter=u_24 detector=123'}
# - {DATE: '2025-04-02T15:59:40.318173'}
# - {CALIB_CREATION_DATE: '2025-04-02'}
# - {CALIB_CREATION_TIME: '15:59:40'}
# - __serialized_columns__:
#     efficiency:
#       __class__: astropy.units.quantity.Quantity
#       unit: !astropy.units.Unit {unit: '%'}
#       value: !astropy.table.SerializedColumn {name: efficiency}
#     wavelength:
#       __class__: astropy.units.quantity.Quantity
#       unit: !astropy.units.Unit {unit: nm}
#       value: !astropy.table.SerializedColumn {name: wavelength}
# schema: astropy-2.0
wavelength efficiency
295.0 2.6922973399290395e-10
296.0 2.6922973399290395e-10
297.0 2.6922973399290395e-10
298.0 2.6922973399290395e-10
299.0 2.6922973399290395e-10
300.0 2.6922973399290395e-10
301.0 2.6922973399290395e-10
302.0 2.6922973399290395e-10
303.0 0.13125903205946088
304.0 0.4816995467990637
305.0 1.656554453074932
306.0 3.424029052257538
307.0 5.585791543126106
308.0 8.877433091402054
309.0 12.621033191680908
310.0 16.46883189678192
311.0 20.301108062267303
312.0 23.735618591308594
313.0 26.573750376701355
314.0 29.174241423606873
315.0 31.71120584011078
316.0 34.3494713306427
317.0 37.77346312999725
318.0 42.1116828918457
319.0 47.27427363395691
320.0 53.90465259552002
321.0 59.29248332977295
322.0 64.88403677940369
323.0 69.24933791160583
324.0 72.40806221961975
325.0 74.76422786712646
326.0 76.92654728889465
327.0 78.25058102607727
328.0 80.09148836135864
329.0 81.08448386192322
330.0 81.86278343200684
331.0 82.25365281105042
332.0 82.33151435852051
333.0 82.64577984809875
334.0 82.69827365875244
335.0 83.1925630569458
336.0 83.79276990890503
337.0 84.60559844970703
338.0 85.27000546455383
339.0 85.83943247795105
340.0 86.00631952285767
341.0 86.45943999290466
342.0 86.71860098838806
343.0 86.68633699417114
344.0 86.99672818183899
345.0 87.48870491981506
346.0 87.79824376106262
347.0 88.15078139305115
348.0 88.35994601249695
349.0 88.52364420890808
350.0 88.40793371200562
351.0 88.61912488937378
352.0 88.56852054595947
353.0 88.58550190925598
354.0 88.5044276714325
355.0 88.63446712493896
356.0 88.53959441184998
357.0 88.4104073047638
358.0 87.77302503585815
359.0 87.52288222312927
360.0 87.3553454875946
361.0 87.18584775924683
362.0 87.16275691986084
363.0 87.51924633979797
364.0 87.84713745117188
365.0 88.30811381340027
366.0 88.58847618103027
367.0 88.64677548408508
368.0 88.6299729347229
369.0 88.76023888587952
370.0 88.74297142028809
371.0 88.68576884269714
372.0 88.90016674995422
373.0 89.16411995887756
374.0 89.33089971542358
375.0 89.79896903038025
376.0 90.04643559455872
377.0 90.14018177986145
378.0 89.97358679771423
379.0 89.19825553894043
380.0 87.95963525772095
381.0 86.14701628684998
382.0 84.13640856742859
383.0 81.98253512382507
384.0 79.81544733047485
385.0 77.11576223373413
386.0 74.06525015830994
387.0 69.87999677658081
388.0 65.5699610710144
389.0 60.73351502418518
390.0 56.51109218597412
391.0 52.28692889213562
392.0 48.25505018234253
393.0 44.77441906929016
394.0 40.93307852745056
395.0 36.11377775669098
396.0 30.55521249771118
397.0 23.274174332618713
398.0 16.20747447013855
399.0 9.756004810333252
400.0 4.7618236392736435
401.0 1.8466584384441376
402.0 0.5813701078295708
403.0 0.2311553806066513
404.0 0.060765311354771256
405.0 0.05353107117116451
406.0 0.015452825755346566
407.0 2.6922973399290395e-10
408.0 2.6922973399290395e-10
409.0 2.6922973399290395e-10
410.0 2.6922973399290395e-10
411.0 2.6922973399290395e-10
412.0 0.0009237425729224924
413.0 2.6922973399290395e-10
414.0 2.6922973399290395e-10
415.0 2.6922973399290395e-10
416.0 2.6922973399290395e-10
417.0 2.6922973399290395e-10
418.0 2.6922973399290395e-10
419.0 2.6922973399290395e-10
420.0 2.6922973399290395e-10
421.0 2.6922973399290395e-10
422.0 2.6922973399290395e-10
423.0 2.6922973399290395e-10
424.0 2.6922973399290395e-10
425.0 2.6922973399290395e-10
426.0 2.6922973399290395e-10
427.0 2.6922973399290395e-10
428.0 2.6922973399290395e-10
429.0 2.6922973399290395e-10
430.0 2.6922973399290395e-10
431.0 2.6922973399290395e-10
432.0 0.00045655488065676764
433.0 2.6922973399290395e-10
434.0 2.6922973399290395e-10
435.0 2.6922973399290395e-10
436.0 0.0004534317668003496
437.0 2.6922973399290395e-10
438.0 2.6922973399290395e-10
439.0 2.6922973399290395e-10
440.0 2.6922973399290395e-10
441.0 2.6922973399290395e-10
442.0 2.6922973399290395e-10
443.0 2.6922973399290395e-10
444.0 6.742100708834187e-05
445.0 2.6922973399290395e-10
446.0 2.6922973399290395e-10
447.0 2.6922973399290395e-10
448.0 2.6922973399290395e-10
449.0 2.6922973399290395e-10
450.0 2.6922973399290395e-10
451.0 2.6922973399290395e-10
452.0 0.00011032193469873164
453.0 1.735088659415851e-05
454.0 2.6922973399290395e-10
455.0 2.6922973399290395e-10
456.0 2.6922973399290395e-10
457.0 2.6922973399290395e-10
458.0 0.0004953369170834776
459.0 0.0001994808826566441
460.0 2.6922973399290395e-10
461.0 0.00011855124739668099
462.0 0.0003334778057251242
463.0 2.6922973399290395e-10
464.0 2.6922973399290395e-10
465.0 2.6922973399290395e-10
466.0 2.6922973399290395e-10
467.0 0.00016545632206543814
468.0 0.0005750619948230451
469.0 2.077727501159643e-06
470.0 2.6922973399290395e-10
471.0 2.6922973399290395e-10
472.0 2.6922973399290395e-10
473.0 2.6922973399290395e-10
474.0 0.00023467757728212746
475.0 2.6922973399290395e-10
476.0 2.6922973399290395e-10
477.0 2.6922973399290395e-10
478.0 2.6922973399290395e-10
479.0 2.6922973399290395e-10
480.0 2.6922973399290395e-10
481.0 1.3374001639476774e-05
482.0 0.0006778466286050389
483.0 0.00018576556612970307
484.0 2.6922973399290395e-10
485.0 2.6922973399290395e-10
486.0 2.6922973399290395e-10
487.0 2.6922973399290395e-10
488.0 2.6922973399290395e-10
489.0 2.6922973399290395e-10
490.0 3.538956150350714e-05
491.0 2.6922973399290395e-10
492.0 2.6922973399290395e-10
493.0 8.551910468668211e-05
494.0 0.0002841715968315839
495.0 0.0004997245468985057
496.0 0.000715277519702795
497.0 0.0003203223286618595
498.0 2.6922973399290395e-10
499.0 2.6922973399290395e-10
500.0 2.6922973399290395e-10
501.0 2.6922973399290395e-10
502.0 2.6922973399290395e-10
503.0 2.6922973399290395e-10
504.0 2.6922973399290395e-10
505.0 2.6922973399290395e-10
506.0 2.6922973399290395e-10
507.0 0.00021440291675389744
508.0 0.0007097269190126099
509.0 2.6922973399290395e-10
510.0 2.6922973399290395e-10
511.0 2.6922973399290395e-10
512.0 0.00013466558357322356
513.0 0.00035589191611506976
514.0 0.0005771183623437537
515.0 0.00046326895244419575
516.0 0.00034941951980727026
517.0 2.6922973399290395e-10
518.0 2.6922973399290395e-10
519.0 2.6922973399290395e-10
520.0 1.7344189018331235e-05
521.0 2.6922973399290395e-10
522.0 2.6922973399290395e-10
523.0 2.6922973399290395e-10
524.0 2.6922973399290395e-10
525.0 2.6922973399290395e-10
526.0 2.6922973399290395e-10
527.0 2.6922973399290395e-10
528.0 2.6922973399290395e-10
529.0 2.6922973399290395e-10
530.0 0.00014506061916108592
531.0 2.6922973399290395e-10
532.0 2.6922973399290395e-10
533.0 2.6922973399290395e-10
534.0 2.6922973399290395e-10
535.0 2.6922973399290395e-10
536.0 2.6922973399290395e-10
537.0 2.6922973399290395e-10
538.0 2.6922973399290395e-10
539.0 1.949475887386143e-05
540.0 3.922225744190655e-05
541.0 2.6922973399290395e-10
542.0 2.6922973399290395e-10
543.0 2.6922973399290395e-10
544.0 2.6922973399290395e-10
545.0 9.814326631385484e-05
546.0 0.0002569601520008291
547.0 2.6922973399290395e-10
548.0 2.6922973399290395e-10
549.0 2.6922973399290395e-10
550.0 2.6922973399290395e-10
551.0 2.6922973399290395e-10
552.0 2.6922973399290395e-10
553.0 2.6922973399290395e-10
554.0 0.00010826805691976915
555.0 5.085803991278226e-05
556.0 2.6922973399290395e-10
557.0 7.778647841405473e-05
558.0 0.00016212475202337373
559.0 3.5951822496826935e-05
560.0 2.6922973399290395e-10
561.0 2.0713559933938086e-05
562.0 0.0001316481984758866
563.0 0.0004547827302303631
564.0 0.0007779170118737966
565.0 0.00026286838874511886
566.0 2.6922973399290395e-10
567.0 2.6922973399290395e-10
568.0 2.6922973399290395e-10
569.0 2.6922973399290395e-10
570.0 2.6922973399290395e-10
571.0 0.00024838625449774554
572.0 0.0007355814432230545
573.0 0.0005382280050980626
574.0 0.00034087468065990834
575.0 0.0004248781806381885
576.0 0.0005088817033538362
577.0 0.0005785994289908558
578.0 0.0006483171091531403
579.0 0.0008772823093750048
580.0 0.001106247327697929
581.0 0.0014458910300163552
582.0 0.0017855343685369007
583.0 0.0013491371646523476
584.0 0.0009127399607677944
585.0 0.0007463301244570175
586.0 0.0005799205609946512
587.0 0.000506544938616571
588.0 0.00043316931623849086
589.0 0.0006423669219657313
590.0 0.0008515646186424419
591.0 0.0010748454769782256
592.0 0.0012981263353140093
593.0 0.0009086633326660376
594.0 0.000519200375492801
595.0 0.0008838342182571068
596.0 0.001248468197445618
597.0 0.001479106049373513
598.0 0.0017097436284529977
599.0 0.0021831237972946838
600.0 0.00265650414803531
601.0 0.003080145688727498
602.0 0.003503787229419686
603.0 0.002758930168056395
604.0 0.002014073652389925
605.0 0.001580912976351101
606.0 0.0011477525731606875
607.0 0.000924646246858174
608.0 0.0007015397841314552
609.0 0.0007914492925920058
610.0 0.0008813588465272915
611.0 0.0006468509127444122
612.0 0.00041234288801206276
613.0 0.000624329504717025
614.0 0.000836316030472517
615.0 0.000542104362466489
616.0 0.0002478925807736232
617.0 0.000365957930625882
618.0 0.00048402330321550835
619.0 0.0005609243544313358
620.0 0.0006378254511218984
621.0 0.0005303998477756977
622.0 0.00042297428990423214
623.0 0.00047854441618255805
624.0 0.0005341146334103541
625.0 0.0007868387911003083
626.0 0.0010395629942649975
627.0 0.0011614089089562185
628.0 0.00128325509649585
629.0 0.001474161854275735
630.0 0.00166506852110615
631.0 0.0017304022549069487
632.0 0.001795736352505628
633.0 0.002529837547626812
634.0 0.003263939288444817
635.0 0.0031698909879196435
636.0 0.0030758434149902314
637.0 0.0022854072085465305
638.0 0.0014949715477996506
639.0 0.0013454467080009636
640.0 0.0011959219591517467
641.0 0.0012353019883448724
642.0 0.0012746821994369384
643.0 0.0010001602277043276
644.0 0.0007256382104969816
645.0 0.0002899480705309543
646.0 2.6922973399290395e-10
647.0 2.6922973399290395e-10
648.0 2.5956020976991567e-05
649.0 9.791617685550591e-05
650.0 0.00016987627304843045
651.0 0.0005814482392452192
652.0 0.0009930202395480592
653.0 0.0012454032912501134
654.0 0.0014977864339016378
655.0 0.001749813418427948
656.0 0.0020018405848531984
657.0 0.0025670859031379223
658.0 0.003132330675725825
659.0 0.003696647399920039
660.0 0.004260963760316372
661.0 0.0036563866160577163
662.0 0.0030518087442032993
663.0 0.0024389344616793096
664.0 0.0018260599972563796
665.0 0.0014157423720462248
666.0 0.00100542474683607
667.0 0.0011330495908623561
668.0 0.0012606747077370528
669.0 0.0009792629498406313
670.0 0.0006978513283684151
671.0 0.00044709954636346083
672.0 0.00019634771888377145
673.0 0.0004881298082182184
674.0 0.0007799120794516057
675.0 0.0010031187230197247
676.0 0.0012263252756383736
677.0 0.0016111736840684898
678.0 0.001996021637751255
679.0 0.0026242387320962735
680.0 0.003252456008340232
681.0 0.004338090002420358
682.0 0.005423723996500485
683.0 0.007314437971217558
684.0 0.009205152309732512
685.0 0.010145285341423005
686.0 0.011085418373113498
687.0 0.009610384586267173
688.0 0.008135350071825087
689.0 0.006338416278595105
690.0 0.004541482121567242
691.0 0.003918615402653813
692.0 0.003295748683740385
693.0 0.00297364986181492
694.0 0.002651551039889455
695.0 0.001889511440822389
696.0 0.0011274718417553231
697.0 0.001048252306645736
698.0 0.0009690328624856193
699.0 0.000572669341636356
700.0 0.00017630579804972513
701.0 0.00046466207095363643
702.0 0.0007530184120696504
703.0 0.0006414331892301561
704.0 0.0005298476935422514
705.0 0.0007990671292645857
706.0 0.0010682867468858603
707.0 0.001018294642562978
708.0 0.0009683028110885061
709.0 0.0009532385774946306
710.0 0.0009381744348502252
711.0 0.0009299437806475908
712.0 0.0009217131264449563
713.0 0.0007535039003414568
714.0 0.0005852947197126923
715.0 0.0006059166025806917
716.0 0.0006265383035497507
717.0 0.0005366471214074409
718.0 0.00044675584831566084
719.0 0.00046355412450793665
720.0 0.00048035240070021246
721.0 0.0003236043312426773
722.0 0.00016685612536093686
723.0 0.0002540576360843261
724.0 0.00034125907859561266
725.0 0.0004393722065287875
726.0 0.0005374855390982702
727.0 0.0004395063115225639
728.0 0.00034152701573475497
729.0 0.0003412373416722403
730.0 0.00034094764487235807
731.0 0.00033062617603718536
732.0 0.0003203048436262179
733.0 0.00047956259550119285
734.0 0.0006388203473761678
735.0 0.0006619782652705908
736.0 0.0006851360922155436
737.0 0.0005355697339837207
738.0 0.0003860034212266328
739.0 0.0004849407559959218
740.0 0.000583878181714681
741.0 0.001095055904443143
742.0 0.00160623367264634
743.0 0.002447723818477243
744.0 0.003289213782409206
745.0 0.004333380275056697
746.0 0.005377546767704189
747.0 0.005044755744165741
748.0 0.004711964720627293
749.0 0.004061067011207342
750.0 0.0034101693017873913
751.0 0.0031151092116488144
752.0 0.002820048939611297
753.0 0.0025947761969291605
754.0 0.002369503090449143
755.0 0.0021691172150895
756.0 0.0019687311578309163
757.0 0.001746734960761387
758.0 0.001524738581792917
759.0 0.0013818422303302214
760.0 0.0012389459698169958
761.0 0.0009532713193038944
762.0 0.0006675968052149983
763.0 0.0005694606443285011
764.0 0.0004713247108156793
765.0 0.00034491467886255123
766.0 0.00021850469238415826
767.0 0.0004539194378594402
768.0 0.0006893342288094573
769.0 0.0005666871402354445
770.0 0.00044404014261090197
771.0 0.0005986652013234561
772.0 0.0007532903055107454
773.0 0.0007530942184530431
774.0 0.0007528979949711356
775.0 0.0006871280220366316
776.0 0.0006213580491021276
777.0 0.0006205679255799623
778.0 0.0006197778475325322
779.0 0.0009040210898092482
780.0 0.0011882642866112292
781.0 0.0013408379345491994
782.0 0.0014934115824871697
783.0 0.0013551725714933127
784.0 0.001216933651448926
785.0 0.0014226407984097023
786.0 0.0016283478544210084
787.0 0.0015549698218819685
788.0 0.001481591425545048
789.0 0.001227449502039235
790.0 0.000973307487583952
791.0 0.0008277609595097601
792.0 0.0006822144314355683
793.0 0.000690138995196321
794.0 0.0006980635134823387
795.0 0.00064677797126933
796.0 0.0005954922471573809
797.0 0.0005918403985560872
798.0 0.0005881883680558531
799.0 0.00038820562622277066
800.0 0.0001882229526017909
801.0 7.532908625762502e-05
802.0 2.6922973399290395e-10
803.0 2.6922973399290395e-10
804.0 2.6922973399290395e-10
805.0 2.707081989683502e-05
806.0 0.00026490936306799995
807.0 0.00032459508929605363
808.0 0.0003842807018372696
809.0 0.00020949760255462024
810.0 3.471451748282561e-05
811.0 7.593647524117841e-05
812.0 0.00011715846994775347
813.0 2.6922973399290395e-10
814.0 2.6922973399290395e-10
815.0 1.4412143478637063e-06
816.0 0.00022802460080129094
817.0 0.0005375050477596233
818.0 0.0008469854947179556
819.0 0.00036227970667823683
820.0 2.6922973399290395e-10
821.0 2.6922973399290395e-10
822.0 2.6922973399290395e-10
823.0 9.238476081918634e-05
824.0 0.0002662460929059307
825.0 1.4000634962485492e-05
826.0 2.6922973399290395e-10
827.0 2.6922973399290395e-10
828.0 2.6922973399290395e-10
829.0 2.6922973399290395e-10
830.0 2.6922973399290395e-10
831.0 2.6922973399290395e-10
832.0 2.6922973399290395e-10
833.0 9.43342683967785e-06
834.0 0.0002211948867625324
835.0 0.00021172634205868235
836.0 0.00020225777461746475
837.0 1.3849371782725939e-05
838.0 2.6922973399290395e-10
839.0 2.6922973399290395e-10
840.0 6.370106575559475e-05
841.0 2.6922973399290395e-10
842.0 2.6922973399290395e-10
843.0 2.6922973399290395e-10
844.0 5.1729756478380295e-05
845.0 0.00012970477882845444
846.0 0.00020767984096892178
847.0 0.00028551514787977794
848.0 0.00036335052300273674
849.0 0.00035997525174025213
850.0 0.0003566000259525026
851.0 0.0003452038754403475
852.0 0.0003338077476655599
853.0 0.00037940117181278765
854.0 0.0004249946869094856
855.0 0.00034368217711744364
856.0 0.00026236964458803413
857.0 0.00026864465780818136
858.0 0.00027491955734149087
859.0 0.000531993327967939
860.0 0.000789067053119652
861.0 0.0007675986125832424
862.0 0.0007461300810973626
863.0 0.0011962434655288234
864.0 0.0016463569409097545
865.0 0.0015487858036067337
866.0 0.0014512144844047725
867.0 0.0017491729522589594
868.0 0.0020471310563152656
869.0 0.0019948192857555114
870.0 0.0019425075151957572
871.0 0.0018992492186953314
872.0 0.0018559907402959652
873.0 0.0023677514036535285
874.0 0.0028795118851121515
875.0 0.0028193930120323785
