lsstCam/transmission_filter_detector/r22_s21/z_20/19700101T000000.ecsv
# %ECSV 1.0
# ---
# datatype:
# - {name: wavelength, unit: nm, datatype: float32}
# - {name: efficiency, unit: '%', datatype: float64}
# meta: !!omap
# - {MODE: DETECTOR}
# - {TYPE: transmission_filter_detector}
# - {CALIBDATE: '1970-01-01T00:00:00'}
# - {INSTRUME: LSSTCam}
# - {OBSTYPE: transmission_filter_detector}
# - {CALIBCLS: lsst.ip.isr.IntermediateFilterDetectorTransmissionCurve}
# - {SOURCE: Materion (DM-46256)}
# - {DETECTOR: 97}
# - {FILTER: z_20}
# - {CALIB_ID: 'calibDate=1970-01-01T00:00:00 filter=z_20 detector=97'}
# - {DATE: '2025-04-02T15:59:49.088626'}
# - {CALIB_CREATION_DATE: '2025-04-02'}
# - {CALIB_CREATION_TIME: '15:59:49'}
# - __serialized_columns__:
#     efficiency:
#       __class__: astropy.units.quantity.Quantity
#       unit: !astropy.units.Unit {unit: '%'}
#       value: !astropy.table.SerializedColumn {name: efficiency}
#     wavelength:
#       __class__: astropy.units.quantity.Quantity
#       unit: !astropy.units.Unit {unit: nm}
#       value: !astropy.table.SerializedColumn {name: wavelength}
# schema: astropy-2.0
wavelength efficiency
300.0 0.47221407294273376
301.0 0.37958258762955666
302.0 0.2869511255994439
303.0 0.2578222658485174
304.0 0.2286933595314622
305.0 0.20007630810141563
306.0 0.1714592450298369
307.0 0.15449648490175605
308.0 0.13753371313214302
309.0 0.13671134365722537
310.0 0.13588896254077554
311.0 0.12620101915672421
312.0 0.11651308741420507
313.0 0.11206921190023422
314.0 0.10762532474473119
315.0 0.09471378871239722
316.0 0.08180224103853106
317.0 0.07259643170982599
318.0 0.06339062238112092
319.0 0.06707654101774096
320.0 0.07076247129589319
321.0 0.06510033854283392
322.0 0.059438205789774656
323.0 0.05685269716195762
324.0 0.05426718853414059
325.0 0.04721544682979584
326.0 0.040163708035834134
327.0 0.04001946363132447
328.0 0.039875219226814806
329.0 0.03635652828961611
330.0 0.032837840262800455
331.0 0.03125691437162459
332.0 0.029675988480448723
333.0 0.028700337861664593
334.0 0.02772469015326351
335.0 0.026925039128400385
336.0 0.026125385193154216
337.0 0.024356931680813432
338.0 0.022588475258089602
339.0 0.02052700729109347
340.0 0.018465540779288858
341.0 0.018039897258859128
342.0 0.017614253738429397
343.0 0.016508097178302705
344.0 0.015401942073367536
345.0 0.014237870345823467
346.0 0.013073794252704829
347.0 0.013345721527002752
348.0 0.013617647346109152
349.0 0.014121810090728104
350.0 0.014625968469772488
351.0 0.013414265413302928
352.0 0.01220256308442913
353.0 0.013725656026508659
354.0 0.015248751151375473
355.0 0.012779208191204816
356.0 0.010309664503438398
357.0 0.010644180292729288
358.0 0.010978695354424417
359.0 0.010499691416043788
360.0 0.010020688932854682
361.0 0.009235168545274064
362.0 0.00844965034048073
363.0 0.008252179395640269
364.0 0.008054708450799808
365.0 0.008139992132782936
366.0 0.008225277269957587
367.0 0.008318261825479567
368.0 0.00841124783619307
369.0 0.00850622818688862
370.0 0.00860120853758417
371.0 0.00809190605650656
372.0 0.007582602120237425
373.0 0.0068457782617770135
374.0 0.0061089551309123635
375.0 0.006145265797385946
376.0 0.006181575736263767
377.0 0.006692994793411344
378.0 0.007204412395367399
379.0 0.006306907016551122
380.0 0.005409400910139084
381.0 0.0048173424147535115
382.0 0.004225283919367939
383.0 0.004686757893068716
384.0 0.005148232230567373
385.0 0.004961138620274141
386.0 0.0047740450099809095
387.0 0.004989833178115077
388.0 0.0052056220738450065
389.0 0.004935848846798763
390.0 0.004666075619752519
391.0 0.00431347252742853
392.0 0.003960869798902422
393.0 0.004476170943235047
394.0 0.004991472087567672
395.0 0.00449462459073402
396.0 0.003997777457698248
397.0 0.00410719912906643
398.0 0.004216620436636731
399.0 0.004279479617252946
400.0 0.004342339525464922
401.0 0.004723017264041118
402.0 0.005103695366415195
403.0 0.004975482443114743
404.0 0.00484726951981429
405.0 0.004062045263708569
406.0 0.0032768206438049674
407.0 0.0030827166483504698
408.0 0.002888612652895972
409.0 0.0031248469895217568
410.0 0.003361081689945422
411.0 0.0036907473258906975
412.0 0.004020412598038092
413.0 0.003885415571858175
414.0 0.003750418545678258
415.0 0.003670850128401071
416.0 0.0035912817111238837
417.0 0.003641828880063258
418.0 0.003692375685204752
419.0 0.0033987224014708772
420.0 0.0031050691177370027
421.0 0.0036608395021175966
422.0 0.004216610250296071
423.0 0.003951934559154324
424.0 0.0036872585042146966
425.0 0.0029923477995907888
426.0 0.0022974367311690003
427.0 0.0023874537873780355
428.0 0.0024774708435870707
429.0 0.0023231346858665347
430.0 0.002168798710044939
431.0 0.0016088844859041274
432.0 0.0010489698070159648
433.0 0.0014712747542944271
434.0 0.0018935797925223596
435.0 0.001931762380991131
436.0 0.001969944787560962
437.0 0.00198819070647005
438.0 0.002006436261581257
439.0 0.002325545392523054
440.0 0.002644654887262732
441.0 0.002457845948811155
442.0 0.002271037192258518
443.0 0.002651027352840174
444.0 0.0030310173315228894
445.0 0.0031725528970127925
446.0 0.0033140884625026956
447.0 0.0027227411919739097
448.0 0.002131394103344064
449.0 0.0020744899302371778
450.0 0.0020175859390292317
451.0 0.002001795655814931
452.0 0.0019860051907016896
453.0 0.001715404141577892
454.0 0.0014448030015046243
455.0 0.0018568425730336457
456.0 0.0022688822355121374
457.0 0.0018519902369007468
458.0 0.0014350984201882966
459.0 0.0018002943761530332
460.0 0.002165489968319889
461.0 0.0015902671293588355
462.0 0.0010150441084988415
463.0 0.0014583140909962822
464.0 0.0019015842553926632
465.0 0.0017997035683947615
466.0 0.0016978232451947406
467.0 0.0017738777387421578
468.0 0.0018499318684916943
469.0 0.0014959815416659694
470.0 0.0011420312148402445
471.0 0.0010901791938522365
472.0 0.0010383271728642285
473.0 0.0011868545698234811
474.0 0.0013353817848837934
475.0 0.0013137221685610712
476.0 0.0012920622793899383
477.0 0.0014479287528956775
478.0 0.001603794953553006
479.0 0.0017312315321760252
480.0 0.0018586682926979847
481.0 0.001526189225842245
482.0 0.0011937104318349157
483.0 0.0010135228876606561
484.0 0.0008333353434863966
485.0 0.001091842568712309
486.0 0.0013503497029887512
487.0 0.0014804477359575685
488.0 0.0016105461327242665
489.0 0.0018891490981332026
490.0 0.002167752245441079
491.0 0.0019704137230291963
492.0 0.001773075564415194
493.0 0.001935979162226431
494.0 0.002098883305734489
495.0 0.0017533162463223562
496.0 0.0014077489140618127
497.0 0.0013248599316284526
498.0 0.0012419709491950925
499.0 0.0011309336514386814
500.0 0.0010198963536822703
501.0 0.0009286022759624757
502.0 0.0008373082891921513
503.0 0.0011813416676886845
504.0 0.0015253750461852178
505.0 0.0018484313841327094
506.0 0.002171487722080201
507.0 0.0017566935639479198
508.0 0.0013418993148661684
509.0 0.0015093604815774597
510.0 0.0016768219211371616
511.0 0.0015902300219750032
512.0 0.0015036378499644343
513.0 0.0013836847756465431
514.0 0.0012637317922781222
515.0 0.0011208574505872093
516.0 0.000977983381744707
517.0 0.0011886367246916052
518.0 0.0013992902495374437
519.0 0.0013525674148695543
520.0 0.0013058443983027246
521.0 0.0014586432371288538
522.0 0.0016114418031065725
523.0 0.0013319335266714916
524.0 0.0010524250683374703
525.0 0.0009461110494157765
526.0 0.0008397970304940827
527.0 0.0010152215509151574
528.0 0.0011906462532351725
529.0 0.0012943870387971401
530.0 0.0013981275515106972
531.0 0.0014239737538446207
532.0 0.001449819956178544
533.0 0.0010642417691997252
534.0 0.0006786635822209064
535.0 0.0009262253115593921
536.0 0.0011737869499484077
537.0 0.0013695570487470832
538.0 0.0015653271475457586
539.0 0.0014109899893810507
540.0 0.0012566523764689919
541.0 0.0011484576134535018
542.0 0.001040262941387482
543.0 0.0011809677744167857
544.0 0.0013216725164966192
545.0 0.0011928445928788278
546.0 0.0010640167602105066
547.0 0.0014777418073208537
548.0 0.0018914668544312008
549.0 0.001716359292913694
550.0 0.0015412513675983064
551.0 0.0017522879716125317
552.0 0.0019633247575256974
553.0 0.002025605135713704
554.0 0.00208788515010383
555.0 0.001523802347946912
556.0 0.0009597192729415838
557.0 0.001192336821986828
558.0 0.0014249546438804828
559.0 0.0012301394235691987
560.0 0.0010353241123084445
561.0 0.0011718719179043546
562.0 0.0013084197235002648
563.0 0.001313480970566161
564.0 0.001318542126682587
565.0 0.0018011780412052758
566.0 0.0022838137738290243
567.0 0.0024274666429846548
568.0 0.002571119330241345
569.0 0.002548797056078911
570.0 0.0025264751457143575
571.0 0.0022962040020502172
572.0 0.0020659324945881963
573.0 0.001745229928928893
574.0 0.00142452745421906
575.0 0.001762109786795918
576.0 0.0020996920284233056
577.0 0.002081982347590383
578.0 0.0020642726667574607
579.0 0.0020419241991476156
580.0 0.0020195753677398898
581.0 0.0018896444089477882
582.0 0.0017597134501556866
583.0 0.002165625846828334
584.0 0.002571538061602041
585.0 0.0025889428798109293
586.0 0.0026063473342219368
587.0 0.0020313607819844037
588.0 0.0014563739568984602
589.0 0.0015451356375706382
590.0 0.001633897227293346
591.0 0.0015440153219969943
592.0 0.0014541335076501127
593.0 0.0011619299584708642
594.0 0.0008697265911905561
595.0 0.0011065265425713733
596.0 0.0013433264939521905
597.0 0.0010767562343971804
598.0 0.0008101860657916404
599.0 0.0009813928045332432
600.0 0.001152599543274846
601.0 0.0010963980457745492
602.0 0.0010401965482742526
603.0 0.0013994521395943593
604.0 0.001758707730914466
605.0 0.0014425194422074128
606.0 0.0011263313353992999
607.0 0.0010922672117885668
608.0 0.0010582029972283635
609.0 0.0011609439752646722
610.0 0.0012636848623515107
611.0 0.0009887173291645013
612.0 0.0007137498869269621
613.0 0.0008236363100877497
614.0 0.0009335226422990672
615.0 0.0011524475667101797
616.0 0.0013713724911212921
617.0 0.0015721027011750266
618.0 0.0017728330931277014
619.0 0.0017025684428517707
620.0 0.0016323036106768996
621.0 0.0018354878193349577
622.0 0.0020386718460940756
623.0 0.0017228703654836863
624.0 0.0014070689758227672
625.0 0.0014254916095524095
626.0 0.0014439144251809921
627.0 0.0016208206943701953
628.0 0.001797727236407809
629.0 0.001884185076050926
630.0 0.001970642915694043
631.0 0.002248257260362152
632.0 0.002525871605030261
633.0 0.002764660894172266
634.0 0.0030034498195163906
635.0 0.005771741780336015
636.0 0.00854003374115564
637.0 0.015374654321931303
638.0 0.022209274175111204
639.0 0.02014349156524986
640.0 0.018077708955388516
641.0 0.015374091162811965
642.0 0.012670476280618459
643.0 0.009585650695953518
644.0 0.006500824383692816
645.0 0.006546446093125269
646.0 0.006592067802557722
647.0 0.006350524927256629
648.0 0.006108982051955536
649.0 0.004801102113560773
650.0 0.0034932225389638916
651.0 0.0035866236430592835
652.0 0.0036800243833567947
653.0 0.003115808794973418
654.0 0.0025515932065900415
655.0 0.0024814729840727523
656.0 0.002411352761555463
657.0 0.0025591245503164828
658.0 0.0027068957933806814
659.0 0.0022197238649823703
660.0 0.0017325517546851188
661.0 0.0020058758309460245
662.0 0.0022791999072069302
663.0 0.001980013257707469
664.0 0.0016808269720058888
665.0 0.001820358374970965
666.0 0.0019598899598349817
667.0 0.0022592646928387694
668.0 0.0025586396077414975
669.0 0.0019646180589916185
670.0 0.001370596237393329
671.0 0.0012851612154918257
672.0 0.001199725920741912
673.0 0.0013622161532111932
674.0 0.0015247062947310042
675.0 0.0015059935321914963
676.0 0.001487280496803578
677.0 0.0016016991139622405
678.0 0.0017161180949187838
679.0 0.0014589490092475899
680.0 0.0012017800145258661
681.0 0.001465581499360269
682.0 0.001729383075144142
683.0 0.0023097705707186833
684.0 0.0028901580662932247
685.0 0.0026849220375879668
686.0 0.0024796858269837685
687.0 0.0018706443370319903
688.0 0.0012616025742318016
689.0 0.0017855865735327825
690.0 0.002309570845682174
691.0 0.002304554436705075
692.0 0.002299538209626917
693.0 0.0025450073735555634
694.0 0.0027904767193831503
695.0 0.003018547795363702
696.0 0.0032466185075463727
697.0 0.0036242745409253985
698.0 0.0040019302105065435
699.0 0.005404432886280119
700.0 0.006806936289649457
701.0 0.007124389958335087
702.0 0.007441843627020717
703.0 0.006444347673095763
704.0 0.005446851355372928
705.0 0.004769378210767172
706.0 0.004091905429959297
707.0 0.003678824214148335
708.0 0.003265742998337373
709.0 0.003858693889924325
710.0 0.004451645145309158
711.0 0.004103856917936355
712.0 0.003756069054361433
713.0 0.002877251426980365
714.0 0.001998433617700357
715.0 0.0022528169211000204
716.0 0.0025072000426007435
717.0 0.002107051113853231
718.0 0.0017069021851057187
719.0 0.00159681512741372
720.0 0.0014867280697217211
721.0 0.001191899809782626
722.0 0.0008970715498435311
723.0 0.0012868549674749374
724.0 0.0016766383851063438
725.0 0.001549336411699187
726.0 0.0014220345292415004
727.0 0.0012789149877789896
728.0 0.0011357953553670086
729.0 0.0013705207493330818
730.0 0.001605246143299155
731.0 0.001373601389786927
732.0 0.0011419569091231097
733.0 0.0014905064745107666
734.0 0.0018390561308478937
735.0 0.0016999007129925303
736.0 0.0015607451132382266
737.0 0.0014255394489737228
738.0 0.0012903336937597487
739.0 0.001543242069601547
740.0 0.0017961501725949347
741.0 0.0016500061974511482
742.0 0.0015038620404084213
743.0 0.0018486212866264395
744.0 0.002193380714743398
745.0 0.0018488173736841418
746.0 0.0015042541235743556
747.0 0.001722847082419321
748.0 0.0019414401322137564
749.0 0.002573930032667704
750.0 0.0032064199331216514
751.0 0.002892831980716437
752.0 0.002579244028311223
753.0 0.0028433127226890065
754.0 0.00310738141706679
755.0 0.002339273487450555
756.0 0.0015711657397332601
757.0 0.0020647137716878206
758.0 0.002558261803642381
759.0 0.002755174682533834
760.0 0.0029520875614252873
761.0 0.004503606032812968
762.0 0.00605512541369535
763.0 0.0059082718507852405
764.0 0.00576141792407725
765.0 0.0052841249271295965
766.0 0.004806833385373466
767.0 0.004499866190599278
768.0 0.00419289935962297
769.0 0.004553998951450922
770.0 0.004915099270874634
771.0 0.0049073947593569756
772.0 0.0048996906116371974
773.0 0.004412002817844041
774.0 0.003924315024050884
775.0 1.571931603980281e-10
776.0 0.04767718492075801
777.0 1.571931603980281e-10
778.0 1.571931603980281e-10
779.0 1.571931603980281e-10
780.0 0.006283088441705331
781.0 1.571931603980281e-10
782.0 0.07094622706063092
783.0 1.571931603980281e-10
784.0 1.571931603980281e-10
785.0 0.0008539847840438597
786.0 0.16640981193631887
787.0 0.0612242438364774
788.0 0.008925230213208124
789.0 0.0786025426350534
790.0 1.571931603980281e-10
791.0 1.571931603980281e-10
792.0 0.255218124948442
793.0 0.15763164265081286
794.0 0.0742327538318932
795.0 1.571931603980281e-10
796.0 0.08226560312323272
797.0 0.04151743487454951
798.0 0.02134634560206905
799.0 1.571931603980281e-10
800.0 0.04685731837525964
801.0 0.17817321931943297
802.0 0.33490241039544344
803.0 0.5440304055809975
804.0 0.9915572591125965
805.0 1.352243311703205
806.0 2.248569391667843
807.0 3.5368386656045914
808.0 5.124209821224213
809.0 7.267423719167709
810.0 9.493254870176315
811.0 12.566760182380676
812.0 15.852539241313934
813.0 18.999342620372772
814.0 21.48040384054184
815.0 24.58450347185135
816.0 28.29541563987732
817.0 33.0555260181427
818.0 38.244348764419556
819.0 43.36548149585724
820.0 50.142353773117065
821.0 57.13369846343994
822.0 64.19649124145508
823.0 70.50776481628418
824.0 77.36650705337524
825.0 82.51530528068542
826.0 87.28120923042297
827.0 91.53795838356018
828.0 95.1786458492279
829.0 96.89838290214539
830.0 98.1202781200409
831.0 99.43877458572388
832.0 98.83078336715698
833.0 99.62455630302429
834.0 98.77614974975586
835.0 99.69868659973145
836.0 99.65622425079346
837.0 99.71229434013367
838.0 98.45623970031738
839.0 98.77758622169495
840.0 99.12335872650146
841.0 100.17257928848267
842.0 99.88598227500916
843.0 99.88833665847778
844.0 98.65935444831848
845.0 99.13830757141113
846.0 99.0500807762146
847.0 98.95347952842712
848.0 100.19457340240479
849.0 98.7610936164856
850.0 98.30325245857239
851.0 99.30469393730164
852.0 99.57704544067383
853.0 99.08595085144043
854.0 99.82953071594238
855.0 99.0538239479065
856.0 99.01766180992126
857.0 98.52244257926941
858.0 98.65259528160095
859.0 99.25692081451416
860.0 98.8773763179779
861.0 99.30897951126099
862.0 99.17627573013306
863.0 98.61165881156921
864.0 99.5848536491394
865.0 99.64047074317932
866.0 99.05211329460144
867.0 99.5567798614502
868.0 99.99541640281677
869.0 98.99144768714905
870.0 98.48043322563171
871.0 99.10199046134949
872.0 99.38374161720276
873.0 99.4011402130127
874.0 100.04465579986572
875.0 99.57875609397888
876.0 99.20065999031067
877.0 99.409019947052
878.0 99.12265539169312
879.0 99.03197288513184
880.0 98.8537847995758
881.0 100.13552904129028
882.0 99.1864264011383
883.0 99.5819091796875
884.0 99.39069747924805
885.0 99.34412240982056
886.0 99.14466142654419
887.0 99.00973439216614
888.0 99.76764917373657
889.0 99.84734058380127
890.0 98.83751273155212
891.0 99.58038330078125
892.0 99.27891492843628
893.0 99.17804002761841
894.0 98.76527190208435
895.0 99.88189339637756
