lsstCam/transmission_filter_detector/r22_s21/z_20/19700101T000000.ecsv
# %ECSV 1.0
# ---
# datatype:
# - {name: wavelength, unit: nm, datatype: float32}
# - {name: efficiency, unit: '%', datatype: float64}
# meta: !!omap
# - {MODE: DETECTOR}
# - {TYPE: transmission_filter_detector}
# - {CALIBDATE: '1970-01-01T00:00:00'}
# - {INSTRUME: LSSTCam}
# - {OBSTYPE: transmission_filter_detector}
# - {CALIBCLS: lsst.ip.isr.IntermediateFilterDetectorTransmissionCurve}
# - {SOURCE: Materion (DM-46256)}
# - {DETECTOR: 97}
# - {FILTER: z_20}
# - {CALIB_ID: 'calibDate=1970-01-01T00:00:00 filter=z_20 detector=97'}
# - {DATE: '2025-04-02T15:59:49.088626'}
# - {CALIB_CREATION_DATE: '2025-04-02'}
# - {CALIB_CREATION_TIME: '15:59:49'}
# - __serialized_columns__:
#     efficiency:
#       __class__: astropy.units.quantity.Quantity
#       unit: !astropy.units.Unit {unit: '%'}
#       value: !astropy.table.SerializedColumn {name: efficiency}
#     wavelength:
#       __class__: astropy.units.quantity.Quantity
#       unit: !astropy.units.Unit {unit: nm}
#       value: !astropy.table.SerializedColumn {name: wavelength}
# schema: astropy-2.0
wavelength efficiency
[from data line 597]
897.0 99.5000958442688
898.0 99.2832899093628
899.0 98.98316860198975
900.0 99.1284430027008
901.0 99.69207048416138
902.0 99.57639575004578
903.0 99.15153980255127
904.0 98.08260798454285
905.0 98.79486560821533
906.0 98.39526414871216
907.0 99.11360740661621
908.0 98.36403131484985
909.0 98.39090704917908
910.0 98.29195737838745
911.0 97.55722284317017
912.0 96.38960361480713
913.0 95.15805840492249
914.0 93.12835335731506
915.0 91.0043478012085
916.0 88.81941437721252
917.0 87.30928897857666
918.0 83.75840783119202
919.0 82.6651930809021
920.0 79.47774529457092
921.0 76.31964683532715
922.0 71.91805839538574
923.0 66.5144145488739
924.0 61.00794076919556
925.0 55.693769454956055
926.0 49.617815017700195
927.0 42.72575080394745
928.0 36.8524968624115
929.0 30.488857626914978
930.0 24.81677383184433
931.0 19.748495519161224
932.0 14.16366994380951
933.0 9.647969156503677
934.0 6.457681208848953
935.0 4.120589047670364
936.0 2.2924067452549934
937.0 1.4895393513143063
938.0 0.9159752167761326
939.0 0.5186379887163639
940.0 0.37773381918668747
941.0 0.14079062966629863
942.0 1.571931603980281e-10
943.0 1.571931603980281e-10
944.0 0.03286285791546106
945.0 1.571931603980281e-10
946.0 0.07292460068129003
947.0 0.056723650777712464
948.0 0.1148386625573039
949.0 1.571931603980281e-10
950.0 0.01248056796612218
951.0 1.571931603980281e-10
952.0 1.571931603980281e-10
953.0 1.571931603980281e-10
954.0 0.11728846002370119
955.0 1.571931603980281e-10
956.0 1.571931603980281e-10
957.0 1.571931603980281e-10
958.0 0.024669826962053776
959.0 1.571931603980281e-10
960.0 1.571931603980281e-10
961.0 0.06261836388148367
962.0 1.571931603980281e-10
963.0 0.008010012243175879
964.0 1.571931603980281e-10
965.0 0.06232004379853606
966.0 1.571931603980281e-10
967.0 1.571931603980281e-10
968.0 1.571931603980281e-10
969.0 0.013432587729766965
970.0 1.571931603980281e-10
971.0 0.03516714787110686
972.0 0.0030412109481403604
973.0 0.004846175579586998
974.0 1.571931603980281e-10
975.0 0.04407696251291782
976.0 0.006634619785472751
977.0 0.006673312600469217
978.0 0.006712006143061444
979.0 0.006458387360908091
980.0 0.0062047678511589766
981.0 0.006061198655515909
982.0 0.005917629096074961
983.0 0.005841918755322695
984.0 0.005766208414570428
985.0 0.0055577394959982485
986.0 0.005349270213628188
987.0 0.0053534422477241606
988.0 0.005357613918022253
989.0 0.005164517642697319
990.0 0.004971421731170267
991.0 0.0050264618039363995
992.0 0.005081501876702532
993.0 0.004961834929417819
994.0 0.004842167618335225
995.0 0.004841719419346191
996.0 0.004841270856559277
997.0 0.004713316593552008
998.0 0.004585361966746859
999.0 0.004527957207756117
1000.0 0.004470552084967494
1001.0 0.004473171793506481
1002.0 0.004475791865843348
1003.0 0.004547896605799906
1004.0 0.004620000981958583
1005.0 0.004616457226802595
1006.0 0.004612913471646607
1007.0 0.00454943765362259
1008.0 0.004485961471800692
1009.0 0.004506809273152612
1010.0 0.004527657074504532
1011.0 0.004609626193996519
1012.0 0.0046915956772863865
1013.0 0.004617957165464759
1014.0 0.004544318653643131
1015.0 0.004611678014043719
1016.0 0.004679037010646425
1017.0 0.0047214947699103504
1018.0 0.004763952165376395
1019.0 0.004690579589805566
1020.0 0.004617206650436856
1021.0 0.0047342113248305395
1022.0 0.004851215999224223
1023.0 0.0047881676437100396
1024.0 0.004725118924397975
1025.0 0.004733767127618194
1026.0 0.004742415330838412
1027.0 0.004891631760983728
1028.0 0.005040847827331163
1029.0 0.004965508196619339
1030.0 0.004890168565907516
1031.0 0.004962468665326014
1032.0 0.0050347691285423934
1033.0 0.0051808430725941435
1034.0 0.005326917744241655
1035.0 0.005399542715167627
1036.0 0.005472167686093599
1037.0 0.005578305717790499
1038.0 0.005684443021891639
1039.0 0.005714322105632164
1040.0 0.0057442011893726885
1041.0 0.005899810639675707
1042.0 0.006055420089978725
1043.0 0.0059900321502937
1044.0 0.005924643483012915
1045.0 0.006199242488946766
1046.0 0.006473840767284855
1047.0 0.00656393458484672
1048.0 0.0066540276748128235
1049.0 0.006570491677848622
1050.0 0.006486954225692898
1051.0 0.0069155023084022105
1052.0 0.00734404893592
1053.0 0.007487109542125836
1054.0 0.007630172331118956
1055.0 0.007751821976853535
1056.0 0.007873472350183874
1057.0 0.008012104080989957
1058.0 0.008150737994583324
1059.0 0.008263695781351998
1060.0 0.00837665211292915
1061.0 0.00895136981853284
1062.0 0.009526087524136528
1063.0 0.009739159577293321
1064.0 0.009952232358045876
1065.0 0.010019110777648166
1066.0 0.010085988469654694
1067.0 0.0100333483715076
1068.0 0.009980708273360506
1069.0 0.010673778160708025
1070.0 0.011366846592864022
1071.0 0.011326367530273274
1072.0 0.011285888467682526
1073.0 0.011643610923783854
1074.0 0.012001333379885182
1075.0 0.012140946637373418
1076.0 0.012280562077648938
1077.0 0.012934680853504688
1078.0 0.013588799629360437
1079.0 0.013858081365469843
1080.0 0.014127363101579249
1081.0 0.014855650078970939
1082.0 0.015583935601171106
1083.0 0.015442488074768335
1084.0 0.015301040548365563
1085.0 0.015570061805192381
1086.0 0.0158390830620192
1087.0 0.016203950508497655
1088.0 0.016568819410167634
1089.0 0.017149046470876783
1090.0 0.017729273531585932
1091.0 0.017359841149300337
1092.0 0.016990405856631696
1093.0 0.018172366253565997
1094.0 0.019354325195308775
1095.0 0.020784628577530384
1096.0 0.02221493050456047
1097.0 0.02240964095108211
1098.0 0.022604349942412227
1099.0 0.02310917916474864
1100.0 0.023614005476702005
1101.0 0.024267254048027098
1102.0 0.02492050116416067
1103.0 0.025928841205313802
1104.0 0.026937181246466935
1105.0 0.02696811279747635
1106.0 0.026999044348485768
1107.0 0.028174568433314562
1108.0 0.0293500954285264
1109.0 0.02970448404084891
1110.0 0.030058875563554466
1111.0 0.030553611577488482
1112.0 0.03104835341218859
1113.0 0.03281098906882107
1114.0 0.034573624725453556
1115.0 0.034286067239008844
1116.0 0.03399851266294718
1117.0 0.0354472198523581
1118.0 0.03689592413138598
1119.0 0.03866985207423568
1120.0 0.04044377710670233
1121.0 0.04193136701360345
1122.0 0.04341895692050457
1123.0 0.044648360926657915
1124.0 0.04587776493281126
1125.0 0.04670285852625966
1126.0 0.04752795211970806
1127.0 0.05092059727758169
1128.0 0.05431324243545532
1129.0 0.05762418149970472
1130.0 0.060935126384720206
1131.0 0.06292686448432505
1132.0 0.0649185967631638
1133.0 0.06621621432714164
1134.0 0.06751383771188557
1135.0 0.06904607289470732
1136.0 0.07057830807752907
1137.0 0.07721284637227654
1138.0 0.08384739048779011
1139.0 0.08661315659992397
1140.0 0.08937892271205783
1141.0 0.10113426251336932
1142.0 0.11288960231468081
1143.0 0.14067637966945767
1144.0 0.16846315702423453
1145.0 0.32918844372034073
1146.0 0.4899137653410435
1147.0 1.0044007562100887
1148.0 1.5188878402113914
1149.0 1.6592223197221756
1150.0 1.7995579168200493
