lsstCam/transmission_filter_detector/r32_s20/i_39/19700101T000000.ecsv
# %ECSV 1.0
# ---
# datatype:
# - {name: wavelength, unit: nm, datatype: float32}
# - {name: efficiency, unit: '%', datatype: float64}
# meta: !!omap
# - {MODE: DETECTOR}
# - {TYPE: transmission_filter_detector}
# - {CALIBDATE: '1970-01-01T00:00:00'}
# - {INSTRUME: LSSTCam}
# - {OBSTYPE: transmission_filter_detector}
# - {CALIBCLS: lsst.ip.isr.IntermediateFilterDetectorTransmissionCurve}
# - {SOURCE: Materion (DM-46256)}
# - {DETECTOR: 141}
# - {FILTER: i_39}
# - {CALIB_ID: 'calibDate=1970-01-01T00:00:00 filter=i_39 detector=141'}
# - {DATE: '2025-04-02T15:59:47.132435'}
# - {CALIB_CREATION_DATE: '2025-04-02'}
# - {CALIB_CREATION_TIME: '15:59:47'}
# - __serialized_columns__:
#     efficiency:
#       __class__: astropy.units.quantity.Quantity
#       unit: !astropy.units.Unit {unit: '%'}
#       value: !astropy.table.SerializedColumn {name: efficiency}
#     wavelength:
#       __class__: astropy.units.quantity.Quantity
#       unit: !astropy.units.Unit {unit: nm}
#       value: !astropy.table.SerializedColumn {name: wavelength}
# schema: astropy-2.0
wavelength efficiency
300.0 0.018962232570629567
301.0 0.019015552243217826
302.0 0.01906888501252979
303.0 0.011933395580854267
304.0 0.0047979134251363575
305.0 0.010029427357949317
306.0 0.015260939835570753
307.0 0.02077199169434607
308.0 0.026283040642738342
309.0 0.013302240404300392
310.0 0.0003214402795492788
311.0 1.5892945596715502e-10
312.0 1.5892945596715502e-10
313.0 1.5892945596715502e-10
314.0 1.5892945596715502e-10
315.0 1.5892945596715502e-10
316.0 0.001701396467979066
317.0 0.0011479678505565971
318.0 0.0005945408247498563
319.0 0.003420470602577552
320.0 0.0062463979702442884
321.0 0.002716269409575034
322.0 1.5892945596715502e-10
323.0 0.0005236142897047102
324.0 0.0018610884580994025
325.0 0.0010305465366400313
326.0 0.00020000472886749776
327.0 0.0013578938705904875
328.0 0.0025157838535960764
329.0 0.0032534233469050378
330.0 0.003991062840213999
331.0 0.0031553194276057184
332.0 0.0023195749236037955
333.0 0.00215812906390056
334.0 0.0019966835679952055
335.0 0.001193996831716504
336.0 0.0003913095952157164
337.0 0.0016824420526972972
338.0 0.0029735741918557324
339.0 0.0015381769117084332
340.0 0.00010277966566718533
341.0 1.5892945596715502e-10
342.0 1.5892945596715502e-10
343.0 5.115396675137163e-05
344.0 0.0008788872946752235
345.0 0.0016351805243175477
346.0 0.0023914735720609315
347.0 0.0007013374670350458
348.0 1.5892945596715502e-10
349.0 1.5892945596715502e-10
350.0 0.00030793630685366224
351.0 1.5892945596715502e-10
352.0 1.5892945596715502e-10
353.0 1.5892945596715502e-10
354.0 1.5892945596715502e-10
355.0 1.5892945596715502e-10
356.0 0.0006981250407989137
357.0 3.069848446557444e-05
358.0 1.5892945596715502e-10
359.0 1.5892945596715502e-10
360.0 0.0002526547632442089
361.0 2.440213719978601e-06
362.0 1.5892945596715502e-10
363.0 1.5892945596715502e-10
364.0 1.5892945596715502e-10
365.0 1.5892945596715502e-10
366.0 1.5892945596715502e-10
367.0 6.878196927573299e-05
368.0 0.0002822811211444787
369.0 1.5892945596715502e-10
370.0 1.5892945596715502e-10
371.0 1.5892945596715502e-10
372.0 6.850669365121576e-05
373.0 0.0003211158855265239
374.0 0.0005737251740356442
375.0 0.0006086292160034645
376.0 0.0006435333943954902
377.0 0.0007064400051604025
378.0 0.0007693466614000499
379.0 0.0007615690265083686
380.0 0.000753791300667217
381.0 0.0003620694087658194
382.0 1.5892945596715502e-10
383.0 1.5892945596715502e-10
384.0 1.5892945596715502e-10
385.0 0.0001412827714375453
386.0 0.0004287051979190437
387.0 3.9320781297647045e-05
388.0 1.5892945596715502e-10
389.0 1.5892945596715502e-10
390.0 2.0674593770309002e-05
391.0 1.5892945596715502e-10
392.0 1.5892945596715502e-10
393.0 0.00015246827160808607
394.0 0.00040401741898676846
395.0 0.0005615730515273754
396.0 0.0007191286385932472
397.0 0.000501224712934345
398.0 0.0002833208100128104
399.0 0.001005104604701046
400.0 0.0017268883311771788
401.0 0.001859012081695255
402.0 0.0019911351046175696
403.0 0.003095127976848744
404.0 0.004199119575787336
405.0 0.0034452077670721337
406.0 0.002691296140255872
407.0 0.003925530108972453
408.0 0.005159763895790093
409.0 0.0039056998502928764
410.0 0.0026516348953009583
411.0 0.0030171486287144944
412.0 0.003382662544026971
413.0 0.003247091080993414
414.0 0.0031115199817577377
415.0 0.0036826004361500964
416.0 0.004253680890542455
417.0 0.005223058906267397
418.0 0.0061924365581944585
419.0 0.004115036063012667
420.0 0.002037634840235114
421.0 0.0032572424970567226
422.0 0.004476850517676212
423.0 0.004563505717669614
424.0 0.004650161281460896
425.0 0.004890446871286258
426.0 0.00513073246111162
427.0 0.004750973312184215
428.0 0.0043712148908525705
429.0 0.0033368451113346964
430.0 0.0023024753318168223
431.0 0.0032554726203670725
432.0 0.004208469908917323
433.0 0.003200567516614683
434.0 0.0021926653062109835
435.0 0.0021028175979154184
436.0 0.0020129700715187937
437.0 0.0019461802367004566
438.0 0.0018793905837810598
439.0 0.0016146521375048906
440.0 0.0013499136002792511
441.0 0.0014350337551150005
442.0 0.00152015390995075
443.0 0.0014512667803501245
444.0 0.0013823795598000288
445.0 0.0009705954653327353
446.0 0.0005588110980170313
447.0 0.00032399279916717205
448.0 8.917440368350071e-05
449.0 0.00032551631647947943
450.0 0.0005618579962174408
451.0 0.0008867675205692649
452.0 0.0012116772268200293
453.0 0.0007780942723911721
454.0 0.00034451143164915266
455.0 0.0005129414603288751
456.0 0.0006813713298470248
457.0 0.00042175383896392304
458.0 0.00016213588196478668
459.0 0.0005833510385855334
460.0 0.0010045661838375963
461.0 0.0007911937245808076
462.0 0.0005778212198492838
463.0 0.00040634854485688265
464.0 0.0002348759153392166
465.0 0.00024431101337540895
466.0 0.0002537463160479092
467.0 0.000379438529307663
468.0 0.0005051306743553141
469.0 0.0006415680672944291
470.0 0.0007780056876072194
471.0 0.0006502883934444981
472.0 0.0005225714176049223
473.0 0.00042065507841471117
474.0 0.00031873885291133774
475.0 0.0004648396952688927
476.0 0.0006109404239396099
477.0 0.0005367545782064553
478.0 0.00046256873247330077
479.0 0.0008673916454426944
480.0 0.0012722147403110284
481.0 0.0015082645404618233
482.0 0.0017443144315620884
483.0 0.002882933767978102
484.0 0.004021552740596235
485.0 0.005467253140523098
486.0 0.006912952085258439
487.0 0.009020394645631313
488.0 0.011127836478408426
489.0 0.014395549078471959
490.0 0.017663263133727014
491.0 0.02101126010529697
492.0 0.024359258532058448
493.0 0.026373783475719392
494.0 0.028388306964188814
495.0 0.026358070317655802
496.0 0.024327832215931267
497.0 0.020467118883971125
498.0 0.016606407007202506
499.0 0.0122751051094383
500.0 0.007943804666865617
501.0 0.005439776577986777
502.0 0.002935747033916414
503.0 0.0020673895051004365
504.0 0.0011990317034360487
505.0 0.0016197813238250092
506.0 0.0020405304894666187
507.0 0.002148774547094945
508.0 0.002257018604723271
509.0 0.002184148797823582
510.0 0.002111279172822833
511.0 0.001962221176654566
512.0 0.0018131633623852395
513.0 0.001836292358348146
514.0 0.001859421536209993
515.0 0.0020409826902323402
516.0 0.0022225438442546874
517.0 0.0021347816073102877
518.0 0.0020470197341637686
519.0 0.0018093802282237448
520.0 0.001571740722283721
521.0 0.0017247501091333106
522.0 0.001877759859780781
523.0 0.0019830175006063655
524.0 0.0020882753233308904
525.0 0.002380334808549378
526.0 0.002672394475666806
527.0 0.002871692595363129
528.0 0.003070990351261571
529.0 0.0028508495233836584
530.0 0.0026307081498089246
531.0 0.0022274136426858604
532.0 0.0018241193174617365
533.0 0.00155775614985032
534.0 0.0012913928912894335
535.0 0.0015476631233468652
536.0 0.0018039330825558864
537.0 0.0022641890609520487
538.0 0.002724445039348211
539.0 0.00349387846654281
540.0 0.00426331243943423
541.0 0.004839054236072116
542.0 0.00541479566891212
543.0 0.005154474274604581
544.0 0.004894152880297042
545.0 0.0041715560655575246
546.0 0.0034489592508180067
547.0 0.0026982108465745114
548.0 0.0019474622604320757
549.0 0.0018424982044962235
550.0 0.0017375343304593116
551.0 0.0016812149624456652
552.0 0.0016248955944320187
553.0 0.0016883288481039926
554.0 0.001751762283674907
555.0 0.001400313794874819
556.0 0.001048865306074731
557.0 0.000802205249783583
558.0 0.0005555451480176998
559.0 0.0005628985491057392
560.0 0.0005702520411432488
561.0 0.0008756251190789044
562.0 0.001180998242489295
563.0 0.0014103444300417323
564.0 0.0016396905266446993
565.0 0.0016183590560103767
566.0 0.0015970277672749944
567.0 0.0012034618521283846
568.0 0.000809896027931245
569.0 0.0008195444024750032
570.0 0.0008291930498671718
571.0 0.0006280971774685895
572.0 0.0004270013505447423
573.0 0.0004276387244317448
574.0 0.00042827605284401216
575.0 0.0005045982561568962
576.0 0.0005809204594697803
577.0 0.0005397121185524156
578.0 0.0004985039140592562
579.0 0.0005010935183236143
580.0 0.0005036831680627074
581.0 0.00047649732550780755
582.0 0.0004493114829529077
583.0 0.00038115031202323735
584.0 0.0003129890956188319
585.0 0.00034192673865618417
586.0 0.00037086424526933115
587.0 0.00039269434637390077
588.0 0.0004145244020037353
589.0 0.0005758467523264699
590.0 0.0007371691935986746
591.0 0.0005192216576688224
592.0 0.00030127416721370537
593.0 0.000509307392349001
594.0 0.0007173407084337668
595.0 0.00043860736695933156
596.0 0.0001598740482222638
597.0 0.0003102134087384911
598.0 0.0004605527465173509
599.0 0.0003496786575851729
600.0 0.00023880459139036248
601.0 0.00033159351460199105
602.0 0.00042438255150045734
603.0 0.00034708109524217434
604.0 0.00026977968445862643
605.0 0.00023483553377445787
606.0 0.00019989133761555422
607.0 0.00021885593923798297
608.0 0.00023782056359777926
609.0 0.00028639415177167393
610.0 0.0003349677854203037
611.0 0.0003202549123670906
612.0 0.00030554203931387747
613.0 0.00034844447327486705
614.0 0.00039134702092269436
615.0 0.00040524396354157943
616.0 0.0004191409971099347
617.0 0.00035568364182836376
618.0 0.00029222628654679283
619.0 0.00021185906007303856
620.0 0.0001314917881245492
621.0 0.00030239036732382374
622.0 0.0004732889010483632
623.0 0.00041177104321832303
624.0 0.0003502532536003855
625.0 0.00034284237244719407
626.0 0.0003354314912940026
627.0 0.0003806972699749167
628.0 0.00042596307139319833
629.0 0.00045714564294030424
630.0 0.0004883281690126751
631.0 0.0005168295501789544
632.0 0.0005453307494462933
633.0 0.00033546468785061734
634.0 0.0001255986376236251
635.0 0.00023793359105184209
636.0 0.0003502685785861104
637.0 0.00030635610528406687
638.0 0.0002624436092446558
639.0 0.0003533542212608154
640.0 0.00044426492422644515
641.0 0.0005938138201599941
642.0 0.0007433626706188079
643.0 0.0005898647486901609
644.0 0.0004363666903373087
645.0 0.000584750296184211
646.0 0.0007331339475058485
647.0 0.0008008136319404002
648.0 0.0008684931344760116
649.0 0.0008602155503467657
650.0 0.0008519378752680495
651.0 0.0008660976163810119
652.0 0.0008802572665445041
653.0 0.0008692514711583499
654.0 0.0008582456757721957
655.0 0.001108924061554717
656.0 0.0013596021744888276
657.0 0.0022086849639890715
658.0 0.003057767389691435
659.0 0.005030531974625774
660.0 0.018357604858465493
661.0 0.11075482470914721
662.0 0.09119691676460207
663.0 0.1457202830351889
664.0 0.13158333022147417
665.0 0.1289972336962819
666.0 0.15430930070579052
667.0 0.22451397962868214
668.0 0.22749630734324455
669.0 0.28372493106871843
670.0 0.37932214327156544
671.0 0.5911760032176971
672.0 0.9425687603652477
673.0 1.5217011794447899
674.0 2.237303927540779
675.0 3.1774796545505524
676.0 4.27219495177269
677.0 5.63008151948452
678.0 6.968165934085846
679.0 8.424187451601028
680.0 10.40865108370781
681.0 12.523332238197327
682.0 15.065805613994598
683.0 17.84730553627014
684.0 20.81158757209778
685.0 23.70295375585556
686.0 26.763099431991577
687.0 30.010956525802612
688.0 33.40979814529419
689.0 36.88977360725403
690.0 40.80290198326111
691.0 45.071154832839966
692.0 50.07440447807312
693.0 55.39733171463013
694.0 61.30869388580322
695.0 66.96044206619263
696.0 73.08837175369263
697.0 78.60832214355469
698.0 84.3712568283081
699.0 88.63574862480164
700.0 91.9008195400238
701.0 94.32869553565979
702.0 96.01420164108276
703.0 96.89701795578003
704.0 97.33003973960876
705.0 97.69464135169983
706.0 97.70561456680298
707.0 97.82987833023071
708.0 97.82847762107849
709.0 97.8789210319519
710.0 97.73491024971008
711.0 97.87138104438782
712.0 97.83675074577332
713.0 97.89497256278992
714.0 97.94420599937439
715.0 98.06811213493347
716.0 97.8727638721466
717.0 98.15685749053955
718.0 98.17365407943726
719.0 98.14684391021729
720.0 98.2778549194336
721.0 98.18476438522339
722.0 97.8935956954956
723.0 97.6331353187561
724.0 97.32005000114441
725.0 97.08291292190552
726.0 96.86274528503418
727.0 96.68828845024109
728.0 96.40244841575623
729.0 96.2163507938385
730.0 96.33665680885315
731.0 96.33145928382874
732.0 96.42376899719238
733.0 96.64870500564575
734.0 97.01451659202576
735.0 97.21250534057617
736.0 97.61858582496643
737.0 97.97367453575134
738.0 98.19746613502502
739.0 98.58314990997314
740.0 98.6967146396637
741.0 98.54570031166077
742.0 98.80244135856628
743.0 98.62249493598938
744.0 98.51364493370056
745.0 98.5314428806305
746.0 98.57750535011292
747.0 98.73038530349731
748.0 98.61561059951782
749.0 98.45705032348633
750.0 98.4326958656311
751.0 98.29646348953247
752.0 98.3214795589447
753.0 98.48453998565674
754.0 98.40156435966492
755.0 98.49748611450195
756.0 98.50879311561584
757.0 98.6112654209137
758.0 98.68356585502625
759.0 98.73849749565125
760.0 98.61132502555847
761.0 98.57561588287354
762.0 98.62727522850037
763.0 98.50998520851135
764.0 98.50174188613892
765.0 98.4286367893219
766.0 98.57589602470398
767.0 98.35152626037598
768.0 98.30907583236694
769.0 98.2711672782898
770.0 98.00857901573181
771.0 98.01263213157654
772.0 98.05110692977905
773.0 97.95358777046204
774.0 97.7924644947052
775.0 97.83948063850403
776.0 97.76986837387085
777.0 97.8151798248291
778.0 97.84085750579834
779.0 97.93334603309631
780.0 97.87629842758179
781.0 98.22348952293396
782.0 98.17654490470886
783.0 98.320072889328
784.0 98.20209741592407
785.0 98.41902256011963
786.0 98.4545886516571
787.0 98.2886016368866
788.0 98.39726090431213
789.0 98.35949540138245
790.0 98.42970371246338
791.0 98.39387536048889
792.0 98.23088049888611
793.0 98.17482829093933
794.0 98.08070063591003
795.0 97.93952107429504
796.0 97.94262051582336
797.0 97.94991612434387
798.0 97.84190654754639
799.0 97.69678115844727
800.0 97.56507277488708
801.0 97.51912951469421
802.0 97.43363857269287
803.0 97.11705446243286
804.0 96.80370688438416
805.0 96.14595174789429
806.0 95.48393487930298
807.0 94.33867335319519
808.0 92.94245839118958
809.0 91.32516384124756
810.0 89.5051658153534
811.0 87.12656497955322
812.0 84.41019058227539
813.0 81.30775690078735
814.0 77.6189923286438
815.0 73.63254427909851
816.0 69.51470375061035
817.0 64.9565041065216
818.0 60.07193922996521
819.0 55.78024983406067
820.0 50.93053579330444
821.0 46.50311768054962
822.0 42.12817847728729
823.0 37.451836466789246
824.0 32.794731855392456
825.0 28.552347421646118
826.0 24.209502339363098
827.0 19.650407135486603
828.0 15.608519315719604
829.0 11.828400939702988
830.0 8.208033442497253
831.0 5.70395439863205
832.0 3.5602841526269913
833.0 2.1533483639359474
834.0 1.2913589365780354
835.0 0.7636466063559055
836.0 0.4099187906831503
837.0 0.2414432354271412
838.0 0.12609887635335326
839.0 0.07977899513207376
840.0 0.04768867511302233
841.0 0.014799943892285228
842.0 0.03265137493144721
843.0 1.5892945596715502e-10
844.0 1.5892945596715502e-10
845.0 0.0013970990039524622
846.0 0.01499364007031545
847.0 1.5892945596715502e-10
848.0 1.5892945596715502e-10
849.0 1.5892945596715502e-10
850.0 1.5892945596715502e-10
851.0 0.0026727982913143933
852.0 0.0028207996365381405
853.0 0.001603302916919347
854.0 0.00038580615182581823
855.0 0.0004454018835531315
856.0 0.0005049975698057096
857.0 0.00037108170545252506
858.0 0.00023716581836197292
859.0 0.00020150557702436345
860.0 0.00016584531294938643
861.0 1.5892945596715502e-10
862.0 1.5892945596715502e-10
863.0 1.5892945596715502e-10
864.0 0.00010502919849386672
865.0 0.00010379241075497703
866.0 0.0001025556002787198
867.0 3.001210018283018e-05
868.0 1.5892945596715502e-10
869.0 0.00010346724366172566
870.0 0.0002494659156582202
871.0 0.00012727629155051545
872.0 5.086631915673934e-06
873.0 5.385740564634034e-05
874.0 0.00010262817795592127
875.0 4.320007178648666e-05
876.0 1.5892945596715502e-10
877.0 1.5892945596715502e-10
878.0 1.5892945596715502e-10
879.0 1.5892945596715502e-10
880.0 1.5892945596715502e-10
881.0 6.25700749878888e-05
882.0 0.0001650083049753448
883.0 5.0706830734270625e-05
884.0 1.5892945596715502e-10
885.0 7.415703180413402e-05
886.0 0.00021190865027165273
887.0 0.00017024393628162215
888.0 0.0001285792109229078
889.0 7.985519800968177e-05
890.0 3.1131202149481396e-05
891.0 1.5892945596715502e-10
892.0 1.5892945596715502e-10
893.0 1.5892945596715502e-10
894.0 1.0433726060909976e-05
895.0 8.068072361311351e-05
