lsstCam/transmission_filter_detector/r32_s20/i_39/19700101T000000.ecsv
# %ECSV 1.0
# ---
# datatype:
# - {name: wavelength, unit: nm, datatype: float32}
# - {name: efficiency, unit: '%', datatype: float64}
# meta: !!omap
# - {MODE: DETECTOR}
# - {TYPE: transmission_filter_detector}
# - {CALIBDATE: '1970-01-01T00:00:00'}
# - {INSTRUME: LSSTCam}
# - {OBSTYPE: transmission_filter_detector}
# - {CALIBCLS: lsst.ip.isr.IntermediateFilterDetectorTransmissionCurve}
# - {SOURCE: Materion (DM-46256)}
# - {DETECTOR: 141}
# - {FILTER: i_39}
# - {CALIB_ID: 'calibDate=1970-01-01T00:00:00 filter=i_39 detector=141'}
# - {DATE: '2025-04-02T15:59:47.132435'}
# - {CALIB_CREATION_DATE: '2025-04-02'}
# - {CALIB_CREATION_TIME: '15:59:47'}
# - __serialized_columns__:
#     efficiency:
#       __class__: astropy.units.quantity.Quantity
#       unit: !astropy.units.Unit {unit: '%'}
#       value: !astropy.table.SerializedColumn {name: efficiency}
#     wavelength:
#       __class__: astropy.units.quantity.Quantity
#       unit: !astropy.units.Unit {unit: nm}
#       value: !astropy.table.SerializedColumn {name: wavelength}
# schema: astropy-2.0
wavelength efficiency
[from data line 597]
897.0 0.00012678370922003523
898.0 0.00010263966032653116
899.0 1.5892945596715502e-10
900.0 1.5892945596715502e-10
901.0 1.5892945596715502e-10
902.0 1.5892945596715502e-10
903.0 1.5892945596715502e-10
904.0 1.5892945596715502e-10
905.0 1.5892945596715502e-10
906.0 1.5892945596715502e-10
907.0 1.5892945596715502e-10
908.0 1.5892945596715502e-10
909.0 1.5892945596715502e-10
910.0 1.5892945596715502e-10
911.0 1.5892945596715502e-10
912.0 1.5892945596715502e-10
913.0 1.5892945596715502e-10
914.0 8.089551783996285e-05
915.0 6.900029916323547e-05
916.0 5.7105097539533745e-05
917.0 1.5892945596715502e-10
918.0 1.5892945596715502e-10
919.0 1.5892945596715502e-10
920.0 9.171802730634226e-05
921.0 1.5892945596715502e-10
922.0 1.5892945596715502e-10
923.0 2.5053327590285335e-05
924.0 0.0002907297812271281
925.0 0.00015294037893909262
926.0 1.5150922649809218e-05
927.0 1.5892945596715502e-10
928.0 1.5892945596715502e-10
929.0 1.5892945596715502e-10
930.0 1.5892945596715502e-10
931.0 1.5892945596715502e-10
932.0 1.5892945596715502e-10
933.0 1.5892945596715502e-10
934.0 1.5892945596715502e-10
935.0 1.5892945596715502e-10
936.0 1.5892945596715502e-10
937.0 6.101367375777045e-05
938.0 0.00019136919036100153
939.0 5.532011755349231e-05
940.0 1.5892945596715502e-10
941.0 3.840738145299838e-05
942.0 0.00015754367268527858
943.0 7.502775360990199e-05
944.0 1.5892945596715502e-10
945.0 5.106618914396677e-05
946.0 0.00010962057785945944
947.0 0.0001472001031288528
948.0 0.00018477966250429745
949.0 0.00015353325579781085
950.0 0.00012228688319737557
951.0 0.00012281753924980876
952.0 0.00012334819530224195
953.0 1.5892945596715502e-10
954.0 1.5892945596715502e-10
955.0 4.037637495457602e-05
956.0 0.00024711573587410385
957.0 0.00022996371171757346
958.0 0.0002128117557731457
959.0 0.00023523389245383441
960.0 0.0002576560746092582
961.0 0.00019658471046568593
962.0 0.00013551333495342988
963.0 0.00020477937141549774
964.0 0.00027404541924624937
965.0 0.00012720081485895207
966.0 1.5892945596715502e-10
967.0 1.5892945596715502e-10
968.0 1.350696408053409e-05
969.0 1.5892945596715502e-10
970.0 1.5892945596715502e-10
971.0 1.5892945596715502e-10
972.0 1.5892945596715502e-10
973.0 1.5892945596715502e-10
974.0 1.5892945596715502e-10
975.0 6.292603416113707e-05
976.0 0.00015477429542443133
977.0 0.00011739060710169724
978.0 8.000689035725372e-05
979.0 8.606137953393045e-05
980.0 9.211582323587209e-05
981.0 2.628697188811202e-05
982.0 1.5892945596715502e-10
983.0 1.5892945596715502e-10
984.0 2.229115558805006e-06
985.0 1.5892945596715502e-10
986.0 1.5892945596715502e-10
987.0 1.5892945596715502e-10
988.0 1.5892945596715502e-10
989.0 1.5892945596715502e-10
990.0 1.5892945596715502e-10
991.0 5.1566024694693624e-05
992.0 0.00012014535286652972
993.0 8.523090855305782e-05
994.0 5.031642444919271e-05
995.0 0.00011407508964111912
996.0 0.0001778337264113361
997.0 5.76323373024934e-05
998.0 1.5892945596715502e-10
999.0 1.5892945596715502e-10
1000.0 4.404453193274094e-05
1001.0 9.30361863993312e-05
1002.0 0.00014202784086592146
1003.0 0.0002546881205489626
1004.0 0.00036734845707542263
1005.0 0.0003087915274591069
1006.0 0.00025023462058015866
1007.0 0.000138941322802566
1008.0 2.7648027867144265e-05
1009.0 5.029230010222818e-05
1010.0 7.293650128303852e-05
1011.0 0.00010896536650761846
1012.0 0.00014499423741654027
1013.0 0.00018441456859363825
1014.0 0.00022383496798283886
1015.0 0.00023137033622333547
1016.0 0.00023890574993856717
1017.0 0.0003627389787652646
1018.0 0.00048657220759196207
1019.0 0.00027811952350020874
1020.0 6.96668450927973e-05
1021.0 9.760044576978544e-05
1022.0 0.0001255340407624317
1023.0 0.00012580161410369328
1024.0 0.00012606918744495488
1025.0 0.00022986814656178467
1026.0 0.0003336671397846658
1027.0 0.0004764037839777302
1028.0 0.0006191404281707946
1029.0 0.0009181614586850628
1030.0 0.0012171823982498609
1031.0 0.0014832604392722715
1032.0 0.001749338480294682
1033.0 0.0020105106159462593
1034.0 0.0022716827515978366
1035.0 0.0026029183572973125
1036.0 0.0029341535991989076
1037.0 0.0031799896532902494
1038.0 0.003425826071179472
1039.0 0.003337482121423818
1040.0 0.003249138535466045
1041.0 0.003084172203671187
1042.0 0.0029192060537752695
1043.0 0.003137763269478455
1044.0 0.003356321030878462
1045.0 0.0033908454497577623
1046.0 0.0034253698686370626
1047.0 0.003134756479994394
1048.0 0.002844143455149606
1049.0 0.002710000808292534
1050.0 0.002575858343334403
1051.0 0.0021353205738705583
1052.0 0.0016947828044067137
1053.0 0.001741532832966186
1054.0 0.0017882830434245989
1055.0 0.001260117733181687
1056.0 0.0007319525138882454
1057.0 0.0009742992915562354
1058.0 0.0012166463420726359
1059.0 0.0008677436198922805
1060.0 0.0005188410341361305
1061.0 0.000812691268947674
1062.0 0.0011065416401834227
1063.0 0.001603120290383231
1064.0 0.002099698940583039
1065.0 0.0025477394956396893
1066.0 0.00299578041449422
1067.0 0.0037023168260930106
1068.0 0.004408853055792861
1069.0 0.004370777242002077
1070.0 0.004332701428211294
1071.0 0.004170069223619066
1072.0 0.0040074377466226
1073.0 0.003550475594238378
1074.0 0.0030935138056520373
1075.0 0.0029814505978720263
1076.0 0.0028693875719909556
1077.0 0.0031582749215885997
1078.0 0.0034471617254894227
1079.0 0.003329077298985794
1080.0 0.003210992508684285
1081.0 0.0027235664674662985
1082.0 0.002236140426248312
1083.0 0.0019066459572059102
1084.0 0.0015771514881635085
1085.0 0.001033764419844374
1086.0 0.00049037753342418
1087.0 0.0007975766493473202
1088.0 0.001104776038118871
1089.0 0.0003764273287742981
1090.0 1.5892945596715502e-10
1091.0 9.405414971297432e-05
1092.0 0.0005400294867285993
1093.0 0.00010243957149214111
1094.0 1.5892945596715502e-10
1095.0 1.4253234326133679e-05
1096.0 0.0003636568635556614
1097.0 1.5892945596715502e-10
1098.0 1.5892945596715502e-10
1099.0 0.0001532860892439203
1100.0 0.0006747815405105939
