lsstCam/transmission_filter_detector/r02_s01/y_10/19700101T000000.ecsv
# %ECSV 1.0
# ---
# datatype:
# - {name: wavelength, unit: nm, datatype: float32}
# - {name: efficiency, unit: '%', datatype: float64}
# meta: !!omap
# - {MODE: DETECTOR}
# - {TYPE: transmission_filter_detector}
# - {CALIBDATE: '1970-01-01T00:00:00'}
# - {INSTRUME: LSSTCam}
# - {OBSTYPE: transmission_filter_detector}
# - {CALIBCLS: lsst.ip.isr.IntermediateFilterDetectorTransmissionCurve}
# - {SOURCE: Materion (DM-46256)}
# - {DETECTOR: 10}
# - {FILTER: y_10}
# - {CALIB_ID: 'calibDate=1970-01-01T00:00:00 filter=y_10 detector=10'}
# - {DATE: '2025-04-02T15:59:50.787392'}
# - {CALIB_CREATION_DATE: '2025-04-02'}
# - {CALIB_CREATION_TIME: '15:59:50'}
# - __serialized_columns__:
#     efficiency:
#       __class__: astropy.units.quantity.Quantity
#       unit: !astropy.units.Unit {unit: '%'}
#       value: !astropy.table.SerializedColumn {name: efficiency}
#     wavelength:
#       __class__: astropy.units.quantity.Quantity
#       unit: !astropy.units.Unit {unit: nm}
#       value: !astropy.table.SerializedColumn {name: wavelength}
# schema: astropy-2.0
wavelength efficiency
300.0 0.5305516067892313
301.0 0.28712113853543997
302.0 0.04369064117781818
303.0 0.036691673449240625
304.0 0.029692708631046116
305.0 0.020042716641910374
306.0 0.010392722469987348
307.0 0.016064010560512543
308.0 0.02173529501305893
309.0 0.015563437773380429
310.0 0.009391578350914642
311.0 0.00815134699223563
312.0 0.006911112723173574
313.0 0.007265655585797504
314.0 0.007620197720825672
315.0 0.006327453593257815
316.0 0.005034711648477241
317.0 0.005180195876164362
318.0 0.0053256761020747945
319.0 0.002933194991783239
320.0 0.0005407122444012202
321.0 0.002290811244165525
322.0 0.00404091042582877
323.0 0.002979920645884704
324.0 0.0019189310478395782
325.0 0.0006501032657979522
326.0 1.7072420950905998e-10
327.0 0.0005064517154096393
328.0 0.0016316285837092437
329.0 0.0034022021281998605
330.0 0.005172775854589418
331.0 0.004565595736494288
332.0 0.003958415618399158
333.0 0.0030342513127834536
334.0 0.0021100866433698684
335.0 0.0022122672817204148
336.0 0.002314448465767782
337.0 0.002701692756090779
338.0 0.003088936864514835
339.0 0.001605460056453012
340.0 0.00012198318017908605
341.0 1.7072420950905998e-10
342.0 1.7072420950905998e-10
343.0 0.000302187618217431
344.0 0.0010583679795672651
345.0 0.0013866265362594277
346.0 0.0017148857295978814
347.0 0.0016650235920678824
348.0 0.0016151614545378834
349.0 0.0014198901226336602
350.0 0.0012246184269315563
351.0 0.0014022463801666163
352.0 0.0015798737877048552
353.0 0.0012975407116755378
354.0 0.0010152076356462203
355.0 0.0010160951205762103
356.0 0.0010169826055062003
357.0 0.0007201700100267772
358.0 0.0004233572781231487
359.0 0.0004911690211883979
360.0 0.0005589809006778523
361.0 0.001096851428883383
362.0 0.0016347217751899734
363.0 0.001257445001101587
364.0 0.0008801678632153198
365.0 0.001170541872852482
366.0 0.001460916428186465
367.0 0.001957184031198267
368.0 0.0024534516342100687
369.0 0.0021861216737306677
370.0 0.0019187920770491473
371.0 0.0018938386347144842
372.0 0.0018688850104808807
373.0 0.0021566764189628884
374.0 0.0024444676455459557
375.0 0.0033102172892540693
376.0 0.0041759667510632426
377.0 0.004075904507772066
378.0 0.003975841900683008
379.0 0.00351019152731169
380.0 0.003044540972041432
381.0 0.0021313890101737343
382.0 0.0012182368664070964
383.0 0.0011664560588542372
384.0 0.0011146748875034973
385.0 0.0008884326234692708
386.0 0.0006621903139603091
387.0 0.0006804720214859117
388.0 0.0006987537744862493
389.0 0.0005704991508537205
390.0 0.00044224466364539694
391.0 0.0004236656877765199
392.0 0.0004050867119076429
393.0 0.0005601722023129696
394.0 0.0007152578746172367
395.0 0.0006941800620552385
396.0 0.0006731022949679755
397.0 0.0008812414307612926
398.0 0.0010893803846556693
399.0 0.0013015417607675772
400.0 0.001513703136879485
401.0 0.0016516863979632035
402.0 0.0017896698409458622
403.0 0.0018039076167042367
404.0 0.0018181455743615516
405.0 0.0017428237697458826
406.0 0.0016675023289280944
407.0 0.0014369327800523024
408.0 0.0012063633221259806
409.0 0.001015178804664174
410.0 0.0008239939234044868
411.0 0.00023398483790515456
412.0 1.7072420950905998e-10
413.0 0.0006518117061204975
414.0 0.0016596475688857026
415.0 0.002381969716225285
416.0 0.0031042924092616886
417.0 0.0014370627468451858
418.0 1.7072420950905998e-10
419.0 1.7072420950905998e-10
420.0 1.7072420950905998e-10
421.0 1.7072420950905998e-10
422.0 0.0006776596364943543
423.0 0.00042155706978519447
424.0 0.0001654540938034188
425.0 1.7072420950905998e-10
426.0 1.7072420950905998e-10
427.0 1.7072420950905998e-10
428.0 3.737667668701761e-05
429.0 1.7072420950905998e-10
430.0 1.7072420950905998e-10
431.0 0.0002629793698361027
432.0 0.000729367866370012
433.0 0.0006342296273942338
434.0 0.0005390919795900118
435.0 0.0002328594064238132
436.0 1.7072420950905998e-10
437.0 1.7072420950905998e-10
438.0 1.7072420950905998e-10
439.0 1.7072420950905998e-10
440.0 1.7072420950905998e-10
441.0 1.7072420950905998e-10
442.0 1.7072420950905998e-10
443.0 1.7072420950905998e-10
444.0 1.7072420950905998e-10
445.0 1.7072420950905998e-10
446.0 3.9194591749946994e-05
447.0 0.0005159198735782411
448.0 0.0009926450729835778
449.0 0.0009257722012989689
450.0 0.0008588990567659494
451.0 0.00033505548344692215
452.0 1.7072420950905998e-10
453.0 1.7072420950905998e-10
454.0 1.7072420950905998e-10
455.0 4.888461191399074e-06
456.0 9.11727852326294e-05
457.0 0.00015507199577768915
458.0 0.00021897124042880023
459.0 0.00025155427465506364
460.0 0.0002841373998307972
461.0 0.0003377527036718675
462.0 0.0003913679847755702
463.0 0.0004511498900683364
464.0 0.0005109318863105727
465.0 0.0005457923634821782
466.0 0.0005806530680274591
467.0 0.0010057399776997045
468.0 0.0014308266145235393
469.0 0.0014202054444467649
470.0 0.0014095837286731694
471.0 0.0014448528418142814
472.0 0.0014801218640059233
473.0 0.002152323941118084
474.0 0.002824526200129185
475.0 0.0028101565476390533
476.0 0.0027957868951489218
477.0 0.0031646206480218098
478.0 0.0035334542189957574
479.0 0.0038956964999670163
480.0 0.0042579384171403944
481.0 0.004322147651691921
482.0 0.004386356522445567
483.0 0.0037810961657669395
484.0 0.0031758354452904314
485.0 0.0033359290682710707
486.0 0.0034960223274538293
487.0 0.003027853927051183
488.0 0.0025596851628506556
489.0 0.002261588269902859
490.0 0.001963491922651883
491.0 0.001666623393248301
492.0 0.0013697546819457784
493.0 0.0011998314221273176
494.0 0.0010299084351572674
495.0 0.0012061022971465718
496.0 0.0013822962500853464
497.0 0.0018785181964631192
498.0 0.002374740506638773
499.0 0.0022112990336609073
500.0 0.0020478573787841015
501.0 0.002186511665058788
502.0 0.0023251661332324147
503.0 0.002538195076340344
504.0 0.0027512242013472132
505.0 0.0032092630135593936
506.0 0.0036673016438726336
507.0 0.0025869383534882218
508.0 0.0015065743355080485
509.0 0.001762344254530035
510.0 0.0020181141735520214
511.0 0.0020329489416326396
512.0 0.0020477840735111386
513.0 0.0019282913854112849
514.0 0.0018087990611093119
515.0 0.0015690466170781292
516.0 0.0013292943549458869
517.0 0.0013837799087923486
518.0 0.0014382650988409296
519.0 0.0014775077943340875
520.0 0.0015167500350798946
521.0 0.0016436528312624432
522.0 0.001770555172697641
523.0 0.0015769093806738965
524.0 0.001383263497700682
525.0 0.0019159562725690193
526.0 0.0024486498659825884
527.0 0.0022382859242497943
528.0 0.002027922346314881
529.0 0.0023864324248279445
530.0 0.0027449421395431273
531.0 0.0024640416086185724
532.0 0.0021831407138961367
533.0 0.002307657996425405
534.0 0.002432174551358912
535.0 0.002173607390432153
536.0 0.001915039865707513
537.0 0.0023299151507671922
538.0 0.0027447904358268715
539.0 0.0032319567253580317
540.0 0.0037191224691923708
541.0 0.003941002796636894
542.0 0.004162883124081418
543.0 0.004342311876825988
544.0 0.004521740265772678
545.0 0.0046678411308676004
546.0 0.004813941632164642
547.0 0.004099610669072717
548.0 0.0033852800697786734
549.0 0.002917450910899788
550.0 0.0024496219339198433
551.0 0.00257583124039229
552.0 0.002702040728763677
553.0 0.003274701884947717
554.0 0.003847361949738115
555.0 0.003789715265156701
556.0 0.003732068944373168
557.0 0.0036271165299694985
558.0 0.003522164115565829
559.0 0.003392143116798252
560.0 0.0032621221180306748
561.0 0.003310934334876947
562.0 0.0033597461879253387
563.0 0.0032422340154880658
564.0 0.003124721843050793
565.0 0.0036590521631296724
566.0 0.004193382847006433
567.0 0.004380112295621075
568.0 0.004566841380437836
569.0 0.005297401366988197
570.0 0.006027960989740677
571.0 0.006254315667320043
572.0 0.006480669981101528
573.0 0.006690574809908867
574.0 0.006900481093907729
575.0 0.006756448419764638
576.0 0.0066124164732173085
577.0 0.005825974221806973
578.0 0.005039532334194519
579.0 0.00561568231205456
580.0 0.006191832653712481
581.0 0.006859191489638761
582.0 0.007526548870373517
583.0 0.00868869828991592
584.0 0.009850844071479514
585.0 0.01040346032823436
586.0 0.010956075129797682
587.0 0.01065605174517259
588.0 0.01035602472256869
589.0 0.010412305709905922
590.0 0.010468591790413484
591.0 0.009744717681314796
592.0 0.009020842844620347
593.0 0.007303537131519988
594.0 0.005586234692600556
595.0 0.005475227226270363
596.0 0.005364220487535931
597.0 0.005860500823473558
598.0 0.006356780795613304
599.0 0.007428442768286914
600.0 0.008500103285769
601.0 0.008995937241706997
602.0 0.009491768287261948
603.0 0.010425467189634219
604.0 0.011359166819602251
605.0 0.011440221715020016
606.0 0.01152127588284202
607.0 0.009900118311634287
608.0 0.008278963650809601
609.0 0.006490699161076918
610.0 0.004702436126535758
611.0 0.003956409273087047
612.0 0.0032103827834362164
613.0 0.0036474848457146436
614.0 0.004084586180397309
615.0 0.004709678978542797
616.0 0.005334771776688285
617.0 0.0065986729168798774
618.0 0.007862573693273589
619.0 0.008794293535174802
620.0 0.009726013377076015
621.0 0.010788357758428901
622.0 0.011850702139781788
623.0 0.011908386659342796
624.0 0.01196606972371228
625.0 0.01045909448293969
626.0 0.008952118514571339
627.0 0.0070560272433795035
628.0 0.0051599341531982645
629.0 0.004186844307696447
630.0 0.0032137548259925097
631.0 0.0029844759410480037
632.0 0.0027551970561034977
633.0 0.0027901027351617813
634.0 0.002825008414220065
635.0 0.0030926137696951628
636.0 0.00336021876137238
637.0 0.004078229540027678
638.0 0.004796239954885095
639.0 0.004811229155166075
640.0 0.0048262176278512925
641.0 0.005210861854720861
642.0 0.005595505717792548
643.0 0.00532335507159587
644.0 0.005051204061601311
645.0 0.004695417737821117
646.0 0.004339631414040923
647.0 0.0037139241612749174
648.0 0.0030882172723067924
649.0 0.0021913203454460017
650.0 0.0012944236004841514
651.0 0.0014500895304081496
652.0 0.0016057558241300285
653.0 0.0015907822671579197
654.0 0.0015758083463879302
655.0 0.0016091224097181112
656.0 0.0016424368368461728
657.0 0.0017242384274140932
658.0 0.0018060403817798942
659.0 0.001955506013473496
660.0 0.002104971827066038
661.0 0.0019111184883513488
662.0 0.0017172651496366598
663.0 0.00240054250753019
664.0 0.0030838200473226607
665.0 0.0035256856790510938
666.0 0.003967551310779527
667.0 0.00461592608189676
668.0 0.00526429976162035
669.0 0.005534572483156808
670.0 0.005804841930512339
671.0 0.006485531775979325
672.0 0.0071662216214463115
673.0 0.008122310100588948
674.0 0.009078398579731584
675.0 0.008456794603262097
676.0 0.007835194264771417
677.0 0.006274507904890925
678.0 0.004713821545010433
679.0 0.0030488190532196313
680.0 0.001383817107125651
681.0 0.0007192636530817254
682.0 5.4710079666620004e-05
683.0 0.0004382075530884322
684.0 0.0008217050890380051
685.0 0.0003850675966532435
686.0 1.7072420950905998e-10
687.0 0.00012316722859395668
688.0 0.00029790433018206386
689.0 0.00030635264920420013
690.0 0.00031480099096370395
691.0 0.0003070193770327023
692.0 0.0002992378085764358
693.0 0.0003156989578201319
694.0 0.00033216001611435786
695.0 0.0005055693236499792
696.0 0.0006789786311856005
697.0 0.0006295014372881269
698.0 0.0005800241524411831
699.0 0.0004974056537321303
700.0 0.00041478692764940206
701.0 0.00024213895812863484
702.0 6.949112503207289e-05
703.0 0.00018812332882589544
704.0 0.00030675555535708554
705.0 0.00035293451219331473
706.0 0.00039911328713060357
707.0 3.4987650554541005e-07
708.0 1.7072420950905998e-10
709.0 1.7072420950905998e-10
710.0 0.00010961559837596724
711.0 0.0002645181211846648
712.0 0.00041942066673072986
713.0 0.000288042178908654
714.0 0.00015666371382394573
715.0 0.00026413054001750425
716.0 0.0003715973889484303
717.0 0.00024670971470186487
718.0 0.00012182209729871829
719.0 0.00033860476378322346
720.0 0.0005553873506869422
721.0 0.0003614119577832753
722.0 0.0001674365421422408
723.0 0.00032880100206966745
724.0 0.0004901654847344616
725.0 0.0005393931587605039
726.0 0.0005886210146854864
727.0 0.0003168785269735963
728.0 4.513641158609971e-05
729.0 0.0002455994717820431
730.0 0.0004460627678781748
731.0 0.0006478093382611405
732.0 0.0008495560905430466
733.0 0.0003199558932465152
734.0 1.7072420950905998e-10
735.0 1.7072420950905998e-10
736.0 1.7072420950905998e-10
737.0 0.0001769789491845586
738.0 0.0008143639206537046
739.0 0.0005229918315308169
740.0 0.00023161942408478353
741.0 0.00012671339391090441
742.0 2.1807342420743225e-05
743.0 1.7072420950905998e-10
744.0 1.7072420950905998e-10
745.0 0.00025412514332856517
746.0 0.000581328094995115
747.0 0.00023960869839356747
748.0 1.7072420950905998e-10
749.0 1.7072420950905998e-10
750.0 1.7072420950905998e-10
751.0 1.7072420950905998e-10
752.0 1.7072420950905998e-10
753.0 0.00020582817796821473
754.0 0.0004185429588687839
755.0 1.7072420950905998e-10
756.0 1.7072420950905998e-10
757.0 1.7072420950905998e-10
758.0 1.7072420950905998e-10
759.0 3.7836073829566885e-05
760.0 0.000461339732282795
761.0 0.00013467060853145085
762.0 1.7072420950905998e-10
763.0 1.7072420950905998e-10
764.0 1.7072420950905998e-10
765.0 0.00013732849311054451
766.0 0.0005830995178257581
767.0 6.84330416333978e-05
768.0 1.7072420950905998e-10
769.0 1.7072420950905998e-10
770.0 1.7072420950905998e-10
771.0 1.7072420950905998e-10
772.0 1.7072420950905998e-10
773.0 0.00018160421859647613
774.0 0.0007212793207145296
775.0 0.00035359673802304314
776.0 1.7072420950905998e-10
777.0 0.00011128933010695619
778.0 0.00023666473225603113
779.0 0.000545608600077685
780.0 0.0008545524906367064
781.0 0.0007441162779286969
782.0 0.0006336800652206875
783.0 0.0004615239959093742
784.0 0.0002893679265980609
785.0 8.436816187895602e-05
786.0 1.7072420950905998e-10
787.0 0.0005309004791342886
788.0 0.0011824326975329313
789.0 0.001055576740327524
790.0 0.0009287207831221167
791.0 0.0006650175691902405
792.0 0.0004013141733594239
793.0 0.0006047871011105599
794.0 0.0008082597560132854
795.0 0.0008307696589326952
796.0 0.0008532794709026348
797.0 0.00038186362871783786
798.0 1.7072420950905998e-10
799.0 0.00043927384467679076
800.0 0.0009680999028205406
801.0 0.0006298791959125083
802.0 0.00029165855721657863
803.0 0.0005191375748836435
804.0 0.0007466165698133409
805.0 0.0009095042514672969
806.0 0.0010723919331212528
807.0 0.0006678919817204587
808.0 0.00026339205305703217
809.0 2.220147905518388e-05
810.0 1.7072420950905998e-10
811.0 0.00013645242233906174
812.0 0.0004918938884657109
813.0 0.0008233642802224495
814.0 0.0011548344446055125
815.0 0.0009828332622419111
816.0 0.0008108314432320185
817.0 0.0008334703125001397
818.0 0.0008561090908187907
819.0 0.0008815790351945907
820.0 0.0009070489795703907
821.0 0.0007760390872135758
822.0 0.000645029194856761
823.0 0.0006688705070700962
824.0 0.000692712137606577
825.0 0.0005810022230434697
826.0 0.0004692923994298326
827.0 0.0004775341039930936
828.0 0.0004857758995058248
829.0 0.0002557733978392207
830.0 2.57708876461038e-05
831.0 2.3061311082983593e-05
832.0 2.0351937735085812e-05
833.0 0.0002866620661734487
834.0 0.000552972096556914
835.0 0.0001310881089011673
836.0 1.7072420950905998e-10
837.0 1.7072420950905998e-10
838.0 1.7072420950905998e-10
839.0 0.00046660329644510057
840.0 0.0009992844752559904
841.0 0.0012702771527983714
842.0 0.0015412699212902226
843.0 0.0010263237527396996
844.0 0.000511377311340766
845.0 0.0004863773938268423
846.0 0.0004613773853634484
847.0 0.0006850442787253996
848.0 0.0009087110811378807
849.0 0.0009941300049831625
850.0 0.0010795484740810934
851.0 0.0010947516784653999
852.0 0.0011099546100012958
853.0 0.0002888468316086801
854.0 1.7072420950905998e-10
855.0 1.7072420950905998e-10
856.0 1.7072420950905998e-10
857.0 0.0002668311935849488
858.0 0.0013191518519306555
859.0 0.0011478131455078255
860.0 0.000976474166236585
861.0 0.0012668217095779255
862.0 0.0015571697076666169
863.0 0.0016855343346833251
864.0 0.0018138991435989738
865.0 0.0018167616872233339
866.0 0.0018196244127466343
867.0 0.0025186396669596434
868.0 0.003217654739273712
869.0 0.0029554037610068917
870.0 0.0026931524189421907
871.0 0.0035076831409242004
872.0 0.004322214226704091
873.0 0.0030251858333940618
