lsstCam/transmission_filter_detector/r02_s01/y_10/19700101T000000.ecsv
# %ECSV 1.0
# ---
# datatype:
# - {name: wavelength, unit: nm, datatype: float32}
# - {name: efficiency, unit: '%', datatype: float64}
# meta: !!omap
# - {MODE: DETECTOR}
# - {TYPE: transmission_filter_detector}
# - {CALIBDATE: '1970-01-01T00:00:00'}
# - {INSTRUME: LSSTCam}
# - {OBSTYPE: transmission_filter_detector}
# - {CALIBCLS: lsst.ip.isr.IntermediateFilterDetectorTransmissionCurve}
# - {SOURCE: Materion (DM-46256)}
# - {DETECTOR: 10}
# - {FILTER: y_10}
# - {CALIB_ID: 'calibDate=1970-01-01T00:00:00 filter=y_10 detector=10'}
# - {DATE: '2025-04-02T15:59:50.787392'}
# - {CALIB_CREATION_DATE: '2025-04-02'}
# - {CALIB_CREATION_TIME: '15:59:50'}
# - __serialized_columns__:
#     efficiency:
#       __class__: astropy.units.quantity.Quantity
#       unit: !astropy.units.Unit {unit: '%'}
#       value: !astropy.table.SerializedColumn {name: efficiency}
#     wavelength:
#       __class__: astropy.units.quantity.Quantity
#       unit: !astropy.units.Unit {unit: nm}
#       value: !astropy.table.SerializedColumn {name: wavelength}
# schema: astropy-2.0
wavelength efficiency
[from data line 575]
875.0 0.002493239298928529
876.0 0.003258320066379383
877.0 0.002050387774943374
878.0 0.0008424558473052457
879.0 0.0016299862181767821
880.0 0.06368187605403364
881.0 0.08481505792587996
882.0 0.053159036906436086
883.0 0.08643027977086604
884.0 0.05958682158961892
885.0 0.08358263876289129
886.0 0.0650454661808908
887.0 0.10414134012535214
888.0 0.05740999476984143
889.0 0.09891880908980966
890.0 0.06534442654810846
891.0 0.09498813888058066
892.0 0.07771227974444628
893.0 0.09628359694033861
894.0 0.06576136802323163
895.0 0.10825047502294183
896.0 0.06959764868952334
897.0 0.09480836451984942
898.0 0.08153344388119876
899.0 0.12152284616604447
900.0 0.07859935285523534
901.0 0.10775591945275664
902.0 0.13020912883803248
903.0 0.13261567801237106
904.0 0.14017209177836776
905.0 0.14402337837964296
906.0 0.18602253403514624
907.0 0.2294589765369892
908.0 0.2929570619016886
909.0 0.36250154953449965
910.0 0.4833742044866085
911.0 0.663433875888586
912.0 0.9443303570151329
913.0 1.383961271494627
914.0 1.959262229502201
915.0 2.8933437541127205
916.0 4.1268303990364075
917.0 5.624813959002495
918.0 7.50315859913826
919.0 9.439381957054138
920.0 12.235334515571594
921.0 15.168994665145874
922.0 18.1018203496933
923.0 21.418297290802002
924.0 24.953700602054596
925.0 28.900116682052612
926.0 33.842962980270386
927.0 39.42502737045288
928.0 44.707125425338745
929.0 50.68862438201904
930.0 56.43455386161804
931.0 62.518954277038574
932.0 68.73825788497925
933.0 74.57963228225708
934.0 79.46780323982239
935.0 83.43271017074585
936.0 86.86357736587524
937.0 89.63760137557983
938.0 91.70693159103394
939.0 93.12859177589417
940.0 94.08103227615356
941.0 94.70616579055786
942.0 95.2048122882843
943.0 95.5867350101471
944.0 96.04318737983704
945.0 96.25502824783325
946.0 96.51468396186829
947.0 96.66330218315125
948.0 96.93989157676697
949.0 96.89033627510071
950.0 97.03034162521362
951.0 97.01666831970215
952.0 97.00777530670166
953.0 97.11037874221802
954.0 97.09838032722473
955.0 97.12462425231934
956.0 97.33946323394775
957.0 97.49309420585632
958.0 97.65900373458862
959.0 97.82463312149048
960.0 97.99328446388245
961.0 98.1046199798584
962.0 98.25161099433899
963.0 98.31136465072632
964.0 98.46956133842468
965.0 98.51847887039185
966.0 98.61729145050049
967.0 98.72093200683594
968.0 98.71729016304016
969.0 98.68916273117065
970.0 98.78073334693909
971.0 98.78678917884827
972.0 98.85048866271973
973.0 98.93347024917603
974.0 98.9031970500946
975.0 98.93314838409424
976.0 98.97724986076355
977.0 98.95992875099182
978.0 98.996901512146
979.0 99.001544713974
980.0 98.98200631141663
981.0 98.91059994697571
982.0 98.8848626613617
983.0 98.93274307250977
984.0 98.87179732322693
985.0 98.87361526489258
986.0 98.77121448516846
987.0 98.80179762840271
988.0 98.6786961555481
989.0 98.68576526641846
990.0 98.58281016349792
991.0 98.5857903957367
992.0 98.61933588981628
993.0 98.55271577835083
994.0 98.49780201911926
995.0 98.54295253753662
996.0 98.49595427513123
997.0 98.61786961555481
998.0 98.59877228736877
999.0 98.67478013038635
1000.0 98.70010018348694
1001.0 98.69614243507385
1002.0 98.81405830383301
1003.0 98.85197877883911
1004.0 98.93363118171692
1005.0 98.9223837852478
1006.0 99.06081557273865
1007.0 99.04512763023376
1008.0 99.03618693351746
1009.0 98.99739623069763
1010.0 99.07953143119812
1011.0 99.05949831008911
1012.0 98.99203777313232
1013.0 99.0305244922638
1014.0 99.02217984199524
1015.0 98.90405535697937
1016.0 98.92659783363342
1017.0 98.95197749137878
1018.0 98.93222451210022
1019.0 98.84196519851685
1020.0 98.91668558120728
1021.0 98.98846745491028
1022.0 98.86268377304077
1023.0 98.87787103652954
1024.0 98.87092113494873
1025.0 98.8032579421997
1026.0 98.87607097625732
1027.0 98.97987246513367
1028.0 98.88367652893066
1029.0 99.03075695037842
1030.0 99.0244448184967
1031.0 98.98216128349304
1032.0 99.0185558795929
1033.0 99.03441071510315
1034.0 99.01159405708313
1035.0 99.09375309944153
1036.0 98.97719621658325
1037.0 99.02797937393188
1038.0 99.04494285583496
1039.0 98.89405965805054
1040.0 98.89364242553711
1041.0 98.92054796218872
1042.0 98.95120859146118
1043.0 98.84940981864929
1044.0 98.9488422870636
1045.0 98.60933423042297
1046.0 98.79472255706787
1047.0 98.74127507209778
1048.0 98.7005889415741
1049.0 98.66419434547424
1050.0 98.63916039466858
1051.0 98.59918355941772
1052.0 98.57197999954224
1053.0 98.4819233417511
1054.0 98.74534606933594
1055.0 98.8271176815033
1056.0 98.67622256278992
1057.0 98.70307445526123
1058.0 98.5361099243164
1059.0 98.65002036094666
1060.0 98.79752397537231
1061.0 98.71301651000977
1062.0 98.7555980682373
1063.0 98.7165629863739
1064.0 99.00451898574829
1065.0 98.77824783325195
1066.0 98.87529611587524
1067.0 98.9029049873352
1068.0 98.92694354057312
1069.0 98.74549508094788
1070.0 98.98845553398132
1071.0 98.8551914691925
1072.0 98.94676208496094
1073.0 99.00505542755127
1074.0 98.62979054450989
1075.0 98.71749877929688
1076.0 98.50468039512634
1077.0 98.65726828575134
1078.0 98.87767434120178
1079.0 98.55201244354248
1080.0 99.24415349960327
1081.0 98.59629273414612
1082.0 98.6085832118988
1083.0 98.56587648391724
1084.0 98.85565638542175
1085.0 98.8476037979126
1086.0 98.69418144226074
1087.0 98.67377877235413
1088.0 98.59638214111328
1089.0 98.3197808265686
1090.0 98.5155999660492
1091.0 98.50581288337708
1092.0 98.57133626937866
1093.0 98.6166775226593
1094.0 98.1478214263916
1095.0 98.48344922065735
1096.0 98.77264499664307
1097.0 98.25828075408936
1098.0 97.48693108558655
1099.0 98.4383761882782
1100.0 97.97316193580627
