lsstCam/transmission_sensor/r02_s12/19700101T000000.ecsv
# %ECSV 1.0
# ---
# datatype:
# - {name: amp_name, datatype: string}
# - {name: wavelength, unit: nm, datatype: float32}
# - {name: efficiency, unit: '%', datatype: float64}
# meta: !!omap
# - {MODE: AMP}
# - {TYPE: transmission_sensor}
# - {CALIBDATE: '1970-01-01T00:00:00'}
# - {INSTRUME: LSSTCAM}
# - {OBSTYPE: transmission_sensor}
# - {DETECTOR: 14}
# - {PARQUETFILE: qe_raft_allvalues_nircorrected_20230725.parquet}
# - {CALIBCLS: lsst.ip.isr.IntermediateSensorTransmissionCurve}
# - {CALIB_ID: 'raftName=R02 detectorName=S12 detector=14 calibDate=1970-01-01T00:00:00 ccd=14 ccdnum=14 filter=None'}
# - {DATE: '2023-08-02T16:57:55.519655'}
# - {CALIB_CREATION_DATE: '2023-08-02'}
# - {CALIB_CREATION_TIME: '16:57:55'}
# - __serialized_columns__:
#     efficiency:
#       __class__: astropy.units.quantity.Quantity
#       unit: !astropy.units.Unit {unit: '%'}
#       value: !astropy.table.SerializedColumn {name: efficiency}
#     wavelength:
#       __class__: astropy.units.quantity.Quantity
#       unit: !astropy.units.Unit {unit: nm}
#       value: !astropy.table.SerializedColumn {name: wavelength}
# schema: astropy-2.0
amp_name wavelength efficiency
C00 319.994 47.129146575927734
C00 324.969 49.01451873779297
C00 349.982 57.444034576416016
C00 374.975 72.39891815185547
C00 400.019 83.83235931396484
C00 424.965 85.43277740478516
C00 450.035 84.99491882324219
C00 475.003 85.07930755615234
C00 500.018 85.56922149658203
C00 525.002 86.41020965576172
C00 550.029 87.92469024658203
C00 575.023 89.44506072998047
C00 599.982 91.09518432617188
C00 619.997 92.16429901123047
C00 624.979 92.39372253417969
C00 650.012 93.8257064819336
C00 675.004 95.11915588378906
C00 700.03 96.1316146850586
C00 725.012 96.556396484375
C00 750.022 98.06402587890625
C00 774.987 98.81797790527344
C00 799.976 99.43063354492188
C00 824.988 98.18412780761719
C00 850.022 97.06847381591797
C00 869.967 94.8021469116211
C00 875.002 93.62471771240234
C00 899.999 87.14507293701172
C00 919.999 79.12779998779297
C00 925.012 76.51039123535156
C00 949.965 62.65404510498047
C00 975.002 48.21726989746094
C00 999.976 31.52456283569336
C00 1025.028 15.073351860046387
C00 1050.014 6.050703525543213
C00 1075.002 0.9342427186755741
C00 1099.99 0.09269470427584303
C01 319.994 47.237327575683594
C01 324.969 49.12217330932617
C01 349.982 57.5739860534668
C01 374.975 72.60181427001953
C01 400.019 84.02235412597656
C01 424.965 85.61976623535156
C01 450.035 85.1675033569336
C01 475.003 85.20624542236328
C01 500.018 85.6447982788086
C01 525.002 86.40764617919922
C01 550.029 87.86498260498047
C01 575.023 89.38805389404297
C01 599.982 91.04542541503906
C01 619.997 92.11581420898438
C01 624.979 92.34539794921875
C01 650.012 93.7697525024414
C01 675.004 95.05113220214844
C01 700.03 96.06448364257812
C01 725.012 96.51444244384766
C01 750.022 98.06599426269531
C01 774.987 98.85416412353516
C01 799.976 99.4834213256836
C01 824.988 98.22665405273438
C01 850.022 97.12300872802734
C01 869.967 94.87459564208984
C01 875.002 93.68624877929688
C01 899.999 86.99748992919922
C01 919.999 78.98991394042969
C01 925.012 76.3512954711914
C01 949.965 62.78927993774414
C01 975.002 48.2374382019043
C01 999.976 31.48504066467285
C01 1025.028 15.083786010742188
C01 1050.014 6.075964450836182
C01 1075.002 0.9342611351299344
C01 1099.99 0.09269653153952581
C02 319.994 47.14964294433594
C02 324.969 49.001441955566406
C02 349.982 57.357398986816406
C02 374.975 72.52465057373047
C02 400.019 84.1397476196289
C02 424.965 85.82526397705078
C02 450.035 85.37226104736328
C02 475.003 85.3531723022461
C02 500.018 85.72817993164062
C02 525.002 86.43172454833984
C02 550.029 87.8454360961914
C02 575.023 89.36231231689453
C02 599.982 91.02749633789062
C02 619.997 92.10352325439453
C02 624.979 92.33576965332031
C02 650.012 93.76766204833984
C02 675.004 95.05711364746094
C02 700.03 96.09404754638672
C02 725.012 96.59537506103516
C02 750.022 98.22040557861328
C02 774.987 99.07233428955078
C02 799.976 99.73817443847656
C02 824.988 98.47731018066406
C02 850.022 97.42582702636719
C02 869.967 95.0840835571289
C02 875.002 93.86659240722656
C02 899.999 86.91297149658203
C02 919.999 78.8369140625
C02 925.012 76.21491241455078
C02 949.965 62.99321746826172
C02 975.002 48.3658332824707
C02 999.976 31.41912078857422
C02 1025.028 15.027680397033691
C02 1050.014 6.044649124145508
C02 1075.002 0.9357315966583017
C02 1099.99 0.09284242938148518
C03 319.994 46.708984375
C03 324.969 48.494049072265625
C03 349.982 56.629634857177734
C03 374.975 71.84496307373047
C03 400.019 83.68598937988281
C03 424.965 85.51460266113281
C03 450.035 85.11045837402344
C03 475.003 85.09712219238281
C03 500.018 85.45319366455078
C03 525.002 86.13343811035156
C03 550.029 87.51038360595703
C03 575.023 88.97596740722656
C03 599.982 90.60411071777344
C03 619.997 91.6617660522461
C03 624.979 91.88997650146484
C03 650.012 93.3146743774414
C03 675.004 94.62088775634766
C03 700.03 95.6867904663086
C03 725.012 96.25102996826172
C03 750.022 97.95275115966797
C03 774.987 98.88831329345703
C03 799.976 99.60722351074219
C03 824.988 98.36021423339844
C03 850.022 97.37825775146484
C03 869.967 95.03726196289062
C03 875.002 93.81901550292969
C03 899.999 86.7916488647461
C03 919.999 78.656982421875
C03 925.012 76.03375244140625
C03 949.965 63.00343322753906
C03 975.002 48.4602165222168
C03 999.976 31.336109161376953
C03 1025.028 14.967387199401855
C03 1050.014 6.003174304962158
C03 1075.002 0.9331809164029364
C03 1099.99 0.09258935322980964
C04 319.994 46.61568832397461
C04 324.969 48.36014938354492
C04 349.982 56.41911697387695
C04 374.975 71.79449462890625
C04 400.019 83.85567474365234
C04 424.965 85.75779724121094
C04 450.035 85.35137939453125
C04 475.003 85.29206085205078
C04 500.018 85.60247039794922
C04 525.002 86.23572540283203
C04 550.029 87.60509490966797
C04 575.023 89.06829833984375
C04 599.982 90.6965103149414
C04 619.997 91.74797058105469
C04 624.979 91.98773193359375
C04 650.012 93.41309356689453
C04 675.004 94.73262786865234
C04 700.03 95.82671356201172
C04 725.012 96.44422912597656
C04 750.022 98.19489288330078
C04 774.987 99.20877075195312
C04 799.976 99.95509338378906
C04 824.988 98.70989227294922
C04 850.022 97.73127746582031
C04 869.967 95.39945983886719
C04 875.002 94.16985321044922
C04 899.999 87.07014465332031
C04 919.999 78.8245620727539
C04 925.012 76.16941833496094
C04 949.965 63.13330841064453
C04 975.002 48.61182403564453
C04 999.976 31.38075828552246
C04 1025.028 14.979736328125
C04 1050.014 5.986942291259766
C04 1075.002 0.9354871464193912
C04 1099.99 0.0928181752533523
C05 319.994 46.2374382019043
C05 324.969 47.911834716796875
C05 349.982 55.71426010131836
C05 374.975 71.17191314697266
C05 400.019 83.52532196044922
C05 424.965 85.59239196777344
C05 450.035 85.24175262451172
C05 475.003 85.20063018798828
C05 500.018 85.50125885009766
C05 525.002 86.12273406982422
C05 550.029 87.46723937988281
C05 575.023 88.86417388916016
C05 599.982 90.44786071777344
C05 619.997 91.4711685180664
C05 624.979 91.7104721069336
C05 650.012 93.124267578125
C05 675.004 94.45265197753906
C05 700.03 95.57186126708984
C05 725.012 96.23624420166016
C05 750.022 98.03890991210938
C05 774.987 99.11710357666016
C05 799.976 99.9030990600586
C05 824.988 98.6767578125
C05 850.022 97.72403717041016
C05 869.967 95.4323501586914
C05 875.002 94.19731140136719
C05 899.999 87.06635284423828
C05 919.999 78.74211883544922
C05 925.012 76.08045196533203
C05 949.965 63.10210418701172
C05 975.002 48.56148910522461
C05 999.976 31.378263473510742
C05 1025.028 14.945672035217285
C05 1050.014 5.946953296661377
C05 1075.002 0.9340005579747434
C05 1099.99 0.09267067731357508
C06 319.994 46.31296920776367
C06 324.969 47.97792434692383
C06 349.982 55.805545806884766
C06 374.975 71.38814544677734
C06 400.019 83.86051177978516
C06 424.965 85.94373321533203
C06 450.035 85.54713439941406
C06 475.003 85.43551635742188
C06 500.018 85.69163513183594
C06 525.002 86.2706069946289
C06 550.029 87.62720489501953
C06 575.023 89.06641387939453
C06 599.982 90.68936920166016
C06 619.997 91.73116302490234
C06 624.979 91.97764587402344
C06 650.012 93.40342712402344
C06 675.004 94.74171447753906
C06 700.03 95.87309265136719
C06 725.012 96.54098510742188
C06 750.022 98.34306335449219
C06 774.987 99.4318618774414
C06 799.976 100.2199935913086
C06 824.988 98.99822235107422
C06 850.022 98.07103729248047
C06 869.967 95.80243682861328
C06 875.002 94.56253051757812
C06 899.999 87.41891479492188
C06 919.999 79.05265808105469
C06 925.012 76.39466094970703
C06 949.965 63.41933059692383
C06 975.002 48.81387710571289
C06 999.976 31.522869110107422
C06 1025.028 14.996933937072754
C06 1050.014 5.955225944519043
C06 1075.002 0.9368981451324739
C06 1099.99 0.09295817324940649
C07 319.994 46.139747619628906
C07 324.969 47.793338775634766
C07 349.982 55.59321594238281
C07 374.975 71.28533935546875
C07 400.019 83.91065216064453
C07 424.965 86.02519226074219
C07 450.035 85.53583526611328
C07 475.003 85.2910385131836
C07 500.018 85.46363067626953
C07 525.002 86.019287109375
C07 550.029 87.38847351074219
C07 575.023 88.90357971191406
C07 599.982 90.58155822753906
C07 619.997 91.66738891601562
C07 624.979 91.90970611572266
C07 650.012 93.35563659667969
C07 675.004 94.69625854492188
C07 700.03 95.81227111816406
C07 725.012 96.44280242919922
C07 750.022 98.20000457763672
C07 774.987 99.2188491821289
C07 799.976 99.99075317382812
C07 824.988 98.79146575927734
C07 850.022 97.91970825195312
C07 869.967 95.64894104003906
C07 875.002 94.39730834960938
C07 899.999 87.1766586303711
C07 919.999 78.913818359375
C07 925.012 76.3167495727539
C07 949.965 63.41609573364258
C07 975.002 48.77922439575195
C07 999.976 31.425128936767578
C07 1025.028 14.938772201538086
C07 1050.014 5.948010444641113
C07 1075.002 0.9355357972243059
C07 1099.99 0.09282300234152135
C10 319.994 47.07045364379883
C10 324.969 48.94929122924805
C10 349.982 57.26103591918945
C10 374.975 72.18975830078125
C10 400.019 83.71388244628906
C10 424.965 85.38999938964844
C10 450.035 84.93404388427734
C10 475.003 85.01647186279297
C10 500.018 85.5027084350586
C10 525.002 86.37286376953125
C10 550.029 87.81558990478516
C10 575.023 89.35895538330078
C10 599.982 91.00466918945312
C10 619.997 92.09786987304688
C10 624.979 92.30098724365234
C10 650.012 93.76349639892578
C10 675.004 95.02845764160156
C10 700.03 96.01537322998047
C10 725.012 96.44173431396484
C10 750.022 98.01444244384766
C10 774.987 98.72260284423828
C10 799.976 99.40475463867188
C10 824.988 98.17961120605469
C10 850.022 97.31523895263672
C10 869.967 95.34239196777344
C10 875.002 94.2816390991211
C10 899.999 87.77081298828125
C10 919.999 79.5374755859375
C10 925.012 76.89495086669922
C10 949.965 62.961875915527344
C10 975.002 48.598087310791016
C10 999.976 31.862388610839844
C10 1025.028 15.475486755371094
C10 1050.014 6.231232643127441
C10 1075.002 0.9337705775551755
C10 1099.99 0.09264785886762422
C11 319.994 47.35068130493164
C11 324.969 49.237266540527344
C11 349.982 57.60428237915039
C11 374.975 72.64989471435547
C11 400.019 84.17081451416016
C11 424.965 85.82636260986328
C11 450.035 85.34992980957031
C11 475.003 85.39466857910156
C11 500.018 85.83992767333984
C11 525.002 86.6443099975586
C11 550.029 88.05780029296875
C11 575.023 89.60625457763672
C11 599.982 91.26538848876953
C11 619.997 92.35784149169922
C11 624.979 92.56206512451172
C11 650.012 94.02162170410156
C11 675.004 95.2810287475586
C11 700.03 96.26567840576172
C11 725.012 96.71961975097656
C11 750.022 98.33246612548828
C11 774.987 99.07398986816406
C11 799.976 99.76142120361328
C11 824.988 98.52067565917969
C11 850.022 97.62191009521484
C11 869.967 95.62538146972656
C11 875.002 94.54256439208984
C11 899.999 88.04783630371094
C11 919.999 79.76311492919922
C11 925.012 77.07398986816406
C11 949.965 63.282249450683594
C11 975.002 48.77880096435547
C11 999.976 31.864124298095703
C11 1025.028 15.484724044799805
C11 1050.014 6.285699367523193
C11 1075.002 0.9368000436727568
C11 1099.99 0.09294843971269733
C12 319.994 47.214508056640625
C12 324.969 49.07459259033203
C12 349.982 57.394718170166016
C12 374.975 72.53076934814453
C12 400.019 84.1581039428711
C12 424.965 85.8607406616211
C12 450.035 85.38983917236328
C12 475.003 85.37615203857422
C12 500.018 85.7575912475586
C12 525.002 86.47528839111328
C12 550.029 87.84617614746094
C12 575.023 89.38926696777344
C12 599.982 91.05728149414062
C12 619.997 92.15631866455078
C12 624.979 92.36711120605469
C12 650.012 93.82149505615234
C12 675.004 95.09178161621094
C12 700.03 96.09996032714844
C12 725.012 96.59085845947266
C12 750.022 98.25570678710938
C12 774.987 99.06663513183594
C12 799.976 99.78160095214844
C12 824.988 98.53802490234375
C12 850.022 97.6329116821289
C12 869.967 95.60370635986328
C12 875.002 94.49844360351562
C12 899.999 87.96078491210938
C12 919.999 79.68377685546875
C12 925.012 76.9920883178711
C12 949.965 63.33127975463867
C12 975.002 48.767913818359375
C12 999.976 31.730871200561523
C12 1025.028 15.389527320861816
C12 1050.014 6.221664905548096
C12 1075.002 0.9360681359707603
C12 1099.99 0.09287582050289502
C13 319.994 47.0441780090332
C13 324.969 48.86956787109375
C13 349.982 57.10939407348633
C13 374.975 72.3746337890625
C13 400.019 84.18562316894531
C13 424.965 85.95661163330078
C13 450.035 85.46940612792969
C13 475.003 85.36266326904297
C13 500.018 85.65972137451172
C13 525.002 86.32147216796875
C13 550.029 87.66401672363281
C13 575.023 89.22227478027344
C13 599.982 90.91481018066406
C13 619.997 92.02378845214844
C13 624.979 92.24232482910156
C13 650.012 93.70813751220703
C13 675.004 94.99825286865234
C13 700.03 96.03138732910156
C13 725.012 96.57571411132812
C13 750.022 98.30807495117188
C13 774.987 99.18933868408203
C13 799.976 99.94131469726562
C13 824.988 98.70384979248047
C13 850.022 97.82588195800781
C13 869.967 95.78173828125
C13 875.002 94.66321563720703
C13 899.999 88.0858154296875
C13 919.999 79.8108901977539
C13 925.012 77.12104797363281
C13 949.965 63.55632781982422
C13 975.002 48.946128845214844
C13 999.976 31.73051643371582
C13 1025.028 15.397329330444336
C13 1050.014 6.192549705505371
C13 1075.002 0.936566394852981
C13 1099.99 0.09292525729144792
C14 319.994 46.9076042175293
C14 324.969 48.69242477416992
C14 349.982 56.81208419799805
C14 374.975 72.21170043945312
C14 400.019 84.25567626953125
C14 424.965 86.14276123046875
C14 450.035 85.66275787353516
C14 475.003 85.52334594726562
C14 500.018 85.78218841552734
C14 525.002 86.41107177734375
C14 550.029 87.74159240722656
C14 575.023 89.28941345214844
C14 599.982 90.98136138916016
C14 619.997 92.09680938720703
C14 624.979 92.31474304199219
C14 650.012 93.7933349609375
C14 675.004 95.09701538085938
C14 700.03 96.1601791381836
C14 725.012 96.7664794921875
C14 750.022 98.565185546875
C14 774.987 99.52505493164062
C14 799.976 100.31835174560547
C14 824.988 99.0909194946289
C14 850.022 98.23747253417969
C14 869.967 96.18827819824219
C14 875.002 95.05784606933594
C14 899.999 88.40415954589844
C14 919.999 80.0842056274414
C14 925.012 77.38988494873047
C14 949.965 63.912841796875
C14 975.002 49.233890533447266
C14 999.976 31.874853134155273
C14 1025.028 15.44819164276123
C14 1050.014 6.194382190704346
C14 1075.002 0.939015175580306
C14 1099.99 0.09316822306556448
C15 319.994 46.68194580078125
C15 324.969 48.423439025878906
C15 349.982 56.411460876464844
C15 374.975 71.88874816894531
C15 400.019 84.11939239501953
C15 424.965 86.10442352294922
C15 450.035 85.62940979003906
C15 475.003 85.47515869140625
C15 500.018 85.70690155029297
C15 525.002 86.31610107421875
C15 550.029 87.61456298828125
C15 575.023 89.14264678955078
C15 599.982 90.81425476074219
C15 619.997 91.9264907836914
C15 624.979 92.14025115966797
C15 650.012 93.6196517944336
C15 675.004 94.9180908203125
C15 700.03 95.9969253540039
C15 725.012 96.63652801513672
C15 750.022 98.49266052246094
C15 774.987 99.49076080322266
C15 799.976 100.31663513183594
C15 824.988 99.09532928466797
C15 850.022 98.26309204101562
C15 869.967 96.21314239501953
C15 875.002 95.07915496826172
C15 899.999 88.38816833496094
C15 919.999 80.02581787109375
C15 925.012 77.34040832519531
C15 949.965 63.97773361206055
C15 975.002 49.26253890991211
C15 999.976 31.937299728393555
C15 1025.028 15.419647216796875
C15 1050.014 6.177733898162842
C15 1075.002 0.9383238442415561
C15 1099.99 0.09309962980524678
C16 319.994 46.487850189208984
C16 324.969 48.18438720703125
C16 349.982 56.039710998535156
C16 374.975 71.5849380493164
C16 400.019 84.01286315917969
C16 424.965 86.09927368164062
C16 450.035 85.63871002197266
C16 475.003 85.4775390625
C16 500.018 85.69473266601562
C16 525.002 86.30145263671875
C16 550.029 87.58466339111328
C16 575.023 89.091552734375
C16 599.982 90.74774932861328
C16 619.997 91.85254669189453
C16 624.979 92.05758666992188
C16 650.012 93.53768157958984
C16 675.004 94.83179473876953
C16 700.03 95.92034149169922
C16 725.012 96.57482147216797
C16 750.022 98.45044708251953
C16 774.987 99.45567321777344
C16 799.976 100.2938232421875
C16 824.988 99.09032440185547
C16 850.022 98.28241729736328
C16 869.967 96.23097229003906
C16 875.002 95.09558868408203
C16 899.999 88.39823150634766
C16 919.999 80.0529556274414
C16 925.012 77.38640594482422
C16 949.965 64.0781478881836
C16 975.002 49.31880187988281
C16 999.976 31.929767608642578
C16 1025.028 15.405410766601562
C16 1050.014 6.166914939880371
C16 1075.002 0.9379215883135102
C16 1099.99 0.09305971834161098
C17 319.994 46.231231689453125
C17 324.969 47.89742660522461
C17 349.982 55.642642974853516
C17 374.975 71.29875946044922
C17 400.019 83.92665100097656
C17 424.965 86.07767486572266
C17 450.035 85.5916519165039
C17 475.003 85.3775405883789
C17 500.018 85.56114196777344
C17 525.002 86.13921356201172
C17 550.029 87.42185974121094
C17 575.023 88.94134521484375
C17 599.982 90.5971908569336
C17 619.997 91.69652557373047
C17 624.979 91.90247344970703
C17 650.012 93.37813568115234
C17 675.004 94.67542266845703
C17 700.03 95.74842834472656
C17 725.012 96.36923217773438
C17 750.022 98.19173431396484
C17 774.987 99.1490707397461
C17 799.976 99.98107147216797
C17 824.988 98.8019790649414
C17 850.022 98.03976440429688
C17 869.967 95.98320007324219
C17 875.002 94.85564422607422
C17 899.999 88.22074127197266
C17 919.999 80.01689147949219
C17 925.012 77.40635681152344
C17 949.965 64.21638488769531
C17 975.002 49.35346984863281
C17 999.976 31.884862899780273
C17 1025.028 15.369220733642578
C17 1050.014 6.162789821624756
C17 1075.002 0.9354572940217174
C17 1099.99 0.09281521332587994
