lsstCam/transmission_sensor/r02_s12/19700101T000000.ecsv
# %ECSV 1.0
# ---
# datatype:
# - {name: amp_name, datatype: string}
# - {name: wavelength, unit: nm, datatype: float32}
# - {name: efficiency, unit: '%', datatype: float64}
# meta: !!omap
# - {MODE: AMP}
# - {TYPE: transmission_sensor}
# - {CALIBDATE: '1970-01-01T00:00:00'}
# - {INSTRUME: LSSTCam}
# - {OBSTYPE: transmission_sensor}
# - {DETECTOR: 14}
# - {PARQUETFILE: qe_raft_allvalues_nircorrected_20230725_adjust.parquet}
# - {CORRFILE: qe_corr_factor_bydetnum.parquet}
# - {CALIBCLS: lsst.ip.isr.IntermediateSensorTransmissionCurve}
# - {CALIB_ID: 'raftName=R02 detectorName=S12 detector=14 calibDate=1970-01-01T00:00:00 ccd=14 ccdnum=14 filter=None'}
# - {DATE: '2025-03-03T21:56:47.451352'}
# - {CALIB_CREATION_DATE: '2025-03-03'}
# - {CALIB_CREATION_TIME: '21:56:47'}
# - __serialized_columns__:
#     efficiency:
#       __class__: astropy.units.quantity.Quantity
#       unit: !astropy.units.Unit {unit: '%'}
#       value: !astropy.table.SerializedColumn {name: efficiency}
#     wavelength:
#       __class__: astropy.units.quantity.Quantity
#       unit: !astropy.units.Unit {unit: nm}
#       value: !astropy.table.SerializedColumn {name: wavelength}
# schema: astropy-2.0
amp_name wavelength efficiency
C00 319.994 47.18636292391777
C00 324.969 49.074023990156235
C00 349.982 57.51377354075268
C00 374.975 72.48681284115152
C00 400.019 83.93413458026647
C00 424.965 85.53649563176117
C00 450.035 85.09810547536925
C00 475.003 85.18259665900172
C00 500.018 85.67310537121357
C00 525.002 86.51511451792787
C00 550.029 88.0314337384456
C00 575.023 89.55365000206652
C00 599.982 91.20577690306537
C00 619.997 92.2761895288317
C00 624.979 92.50589157955152
C00 650.012 93.9396140033404
C00 675.004 95.23463369569464
C00 700.03 96.24832165554878
C00 725.012 96.67361915406654
C00 750.022 98.18307886071555
C00 774.987 98.9379462098637
C00 799.976 99.5513456337905
C00 824.988 98.30332659715368
C00 850.022 97.186318164484
C00 869.967 94.91723986411408
C00 875.002 93.73838122677283
C00 899.999 87.25086994758878
C00 919.999 79.22386376294523
C00 925.012 76.60327738941598
C00 949.965 62.73010919500032
C00 975.002 48.27580726327422
C00 999.976 31.562834701162746
C00 1025.028 15.091651409434816
C00 1050.014 6.058049280424309
C00 1075.002 0.9353769203402018
C00 1099.99 0.09280723872303774
C01 319.994 47.29467525899747
C01 324.969 49.181809257911944
C01 349.982 57.64388278320922
C01 374.975 72.68995528193642
C01 400.019 84.12436005228523
C01 424.965 85.72371147297336
C01 450.035 85.27089953241202
C01 475.003 85.30968863199485
C01 500.018 85.74877390616187
C01 525.002 86.51254792921975
C01 550.029 87.97165360978566
C01 575.023 89.49657395793834
C01 599.982 91.15595758296313
C01 619.997 92.22764586442663
C01 624.979 92.45750832694071
C01 650.012 93.88359209386019
C01 675.004 95.16652743104704
C01 700.03 96.1811091137549
C01 725.012 96.63161417994169
C01 750.022 98.18504963418785
C01 774.987 98.97417635939527
C01 799.976 99.60419750066991
C01 824.988 98.34590447054374
C01 850.022 97.2409192837865
C01 869.967 94.98977654974593
C01 875.002 93.79998699442457
C01 899.999 87.10310776910704
C01 919.999 79.08581031734451
C01 925.012 76.4439884777183
C01 949.965 62.86550820733893
C01 975.002 48.296000052708486
C01 999.976 31.52326454891502
C01 1025.028 15.102098227535834
C01 1050.014 6.083340873318903
C01 1075.002 0.9353953591527489
C01 1099.99 0.09280906820507927
C02 319.994 47.20688417559742
C02 324.969 49.060931332282074
C02 349.982 57.42703277267217
C02 374.975 72.61269790635927
C02 400.019 84.24189606553473
C02 424.965 85.92945869575074
C02 450.035 85.47590580547306
C02 475.003 85.45679388598582
C02 500.018 85.83225678708759
C02 525.002 86.5366555302996
C02 550.029 87.95208337088624
C02 575.023 89.47080112966097
C02 599.982 91.13800673932002
C02 619.997 92.21533998821003
C02 624.979 92.44786834197153
C02 650.012 93.88149910187798
C02 675.004 95.17251613803266
C02 700.03 96.21070890912384
C02 725.012 96.71264505201232
C02 750.022 98.3396484105677
C02 774.987 99.19261139123273
C02 799.976 99.85925989219615
C02 824.988 98.59686490333111
C02 850.022 97.54410521358997
C02 869.967 95.199518790066
C02 875.002 93.98054956550352
C02 899.999 87.0184867283078
C02 919.999 78.93262469248549
C02 925.012 76.30743984752087
C02 949.965 63.069693324786506
C02 975.002 48.42455100916367
C02 999.976 31.45726464389916
C02 1025.028 15.04592449975035
C02 1050.014 6.051987528782384
C02 1075.002 0.936867605870211
C02 1099.99 0.0929551431718606
C03 319.994 46.76569063213444
C03 324.969 48.55292245718242
C03 349.982 56.69838511322825
C03 374.975 71.9321852431779
C03 400.019 83.78758694822697
C03 424.965 85.61842022668552
C03 450.035 85.2137852949995
C03 475.003 85.20043292279178
C03 500.018 85.55693667754369
C03 525.002 86.23800696267654
C03 550.029 87.61662411580954
C03 575.023 89.08398718445127
C03 599.982 90.71410711500937
C03 619.997 91.77304647815785
C03 624.979 92.00153398243543
C03 650.012 93.42796148891404
C03 675.004 94.7357606542108
C03 700.03 95.80295740543511
C03 725.012 96.36788191286868
C03 750.022 98.0716690502753
C03 774.987 99.00836698754273
C03 799.976 99.72814998568971
C03 824.988 98.47962679769951
C03 850.022 97.49647818800925
C03 869.967 95.15264035285847
C03 875.002 93.93291490126592
C03 899.999 86.89701680677055
C03 919.999 78.75247460887749
C03 925.012 76.12605994015688
C03 949.965 63.079921486334634
C03 975.002 48.51904883329505
C03 999.976 31.37415223783162
C03 1025.028 14.985558104175675
C03 1050.014 6.010462357792146
C03 1075.002 0.9343138290043678
C03 1099.99 0.09270175977733824
C04 319.994 46.67228131660694
C04 324.969 48.418860209795966
C04 349.982 56.487611654230804
C04 374.975 71.8816555279868
C04 400.019 83.95747831565937
C04 424.965 85.8619100530546
C04 450.035 85.4549988016215
C04 475.003 85.3956082444619
C04 500.018 85.70639463785042
C04 525.002 86.34041843532462
C04 550.029 87.71145040218632
C04 575.023 89.17643020988478
C04 599.982 90.8066188883547
C04 619.997 91.85935566212524
C04 624.979 92.09940809290309
C04 650.012 93.52650016252933
C04 675.004 94.84763642272007
C04 700.03 95.94305037241996
C04 725.012 96.56131562077258
C04 750.022 98.31410474199642
C04 774.987 99.32921349202826
C04 799.976 100.07644218430701
C04 824.988 98.82972935799486
C04 850.022 97.8499264800134
C04 869.967 95.51527794907652
C04 875.002 94.28417853740542
C04 899.999 87.17585069847438
C04 919.999 78.92025770701393
C04 925.012 76.2618905366086
C04 949.965 63.20995434222248
C04 975.002 48.6708404032754
C04 999.976 31.418855567495584
C04 1025.028 14.997922225150914
C04 1050.014 5.994210637886436
C04 1075.002 0.936622858860598
C04 1099.99 0.09293085959841126
C05 319.994 46.29357198633568
C05 324.969 47.97000127416453
C05 349.982 55.78189906203726
C05 374.975 71.25831821147288
C05 400.019 83.62672447321422
C05 424.965 85.69630397212595
C05 450.035 85.34523894106505
C05 475.003 85.30406658053897
C05 500.018 85.60506021582093
C05 525.002 86.22728992708876
C05 550.029 87.57342751121307
C05 575.023 88.9720579453439
C05 599.982 90.55766742232399
C05 619.997 91.58221755224642
C05 624.979 91.82181166361212
C05 650.012 93.23732352942434
C05 675.004 94.56732063158358
C05 700.03 95.68788867835441
C05 725.012 96.35307819585577
C05 750.022 98.15793240230147
C05 774.987 99.23743502974239
C05 799.976 100.02438473774204
C05 824.988 98.79655467121106
C05 850.022 97.84267739464434
C05 869.967 95.54820819884051
C05 875.002 94.3116700634784
C05 899.999 87.17205428601028
C05 919.999 78.83771438088316
C05 925.012 76.1728161588545
C05 949.965 63.17871223562663
C05 975.002 48.62044436457951
C05 999.976 31.41635772669929
C05 1025.028 14.963816577061138
C05 1050.014 5.954173095321514
C05 1075.002 0.9351344656482439
C05 1099.99 0.09278318259124022
C06 319.994 46.36919468934277
C06 324.969 48.03617113929574
C06 349.982 55.87329559147967
C06 374.975 71.47481302446552
C06 400.019 83.96232122411458
C06 424.965 86.04807175961884
C06 450.035 85.65099145957664
C06 475.003 85.53923790957728
C06 500.018 85.79566762068315
C06 525.002 86.37534237453154
C06 550.029 87.73358722979384
C06 575.023 89.17454346163804
C06 599.982 90.79946910552495
C06 619.997 91.84252770104194
C06 624.979 92.08930978852175
C06 650.012 93.5168219842758
C06 675.004 94.85673406305153
C06 700.03 95.98948576752906
C06 725.012 96.65818906719035
C06 750.022 98.4624550970571
C06 774.987 99.55257545754648
C06 799.976 100.34166398946957
C06 824.988 99.11840947840335
C06 850.022 98.19009878637853
C06 869.967 95.91874416626152
C06 875.002 94.67733256781673
C06 899.999 87.52504425860226
C06 919.999 79.14863063143848
C06 925.012 76.487406603364
C06 949.965 63.49632376892797
C06 975.002 48.87313877247623
C06 999.976 31.561138919337736
C06 1025.028 15.015140712566657
C06 1050.014 5.962455786448219
C06 1075.002 0.9380355705729444
C06 1099.99 0.09307102755667869
C07 319.994 46.195762804451405
C07 324.969 47.8513614749974
C07 349.982 55.66070795147574
C07 374.975 71.3718821231503
C07 400.019 84.01252247706029
C07 424.965 86.12962969901345
C07 450.035 85.63967860875306
C07 475.003 85.3945846644414
C07 500.018 85.56738636014103
C07 525.002 86.12371737859652
C07 550.029 87.49456601769334
C07 575.023 89.01151160807437
C07 599.982 90.6915272453034
C07 619.997 91.7786761682706
C07 624.979 92.02128754909971
C07 650.012 93.46897343764586
C07 675.004 94.81122294542364
C07 700.03 95.92859039496618
C07 725.012 96.559887191938
C07 750.022 98.31922264209892
C07 774.987 99.33930415775275
C07 799.976 100.1121452665146
C07 824.988 98.91140187724253
C07 850.022 98.03858602737392
C07 869.967 95.765062028706
C07 875.002 94.51190981465294
C07 899.999 87.2824939870281
C07 919.999 79.00962235372907
C07 925.012 76.40940063941365
C07 949.965 63.49308497841535
C07 975.002 48.83844399297541
C07 999.976 31.463280086183815
C07 1025.028 14.95690836675487
C07 1050.014 5.95523152671398
C07 1075.002 0.9366715687292044
C07 1099.99 0.09293569254682554
C10 319.994 47.12759873662146
C10 324.969 49.00871729325127
C10 349.982 57.33055271708318
C10 374.975 72.27739906307683
C10 400.019 83.81551387774152
C10 424.965 85.49366568269443
C10 450.035 85.03715663220828
C10 475.003 85.11968468102532
C10 500.018 85.60651156062612
C10 525.002 86.47772329255214
C10 550.029 87.92220094521315
C10 575.023 89.46744012063843
C10 599.982 91.11515187796677
C10 619.997 92.2096797434698
C10 624.979 92.41304370530392
C10 650.012 93.87732839522728
C10 675.004 95.14382534283118
C10 700.03 96.13193907948656
C10 725.012 96.55881777997628
C10 750.022 98.1334352297213
C10 774.987 98.84245536033929
C10 799.976 99.5254353096895
C10 824.988 98.298804512287
C10 850.022 97.43338288226798
C10 869.967 95.45814079569338
C10 875.002 94.39610013785592
C10 899.999 87.87736966804661
C10 919.999 79.63403672086156
C10 925.012 76.98830388891824
C10 949.965 63.03831372236699
C10 975.002 48.657087001582035
C10 999.976 31.90107060801148
C10 1025.028 15.494274509867857
C10 1050.014 6.238797566348397
C10 1075.002 0.9349042060248144
C10 1099.99 0.09276033644293873
C11 319.994 47.40816660343463
C11 324.969 49.29704221611532
C11 349.982 57.67421588963762
C11 374.975 72.7380940975274
C11 400.019 84.27300067630694
C11 424.965 85.93055866233993
C11 450.035 85.45354745681632
C11 475.003 85.49834054069849
C11 500.018 85.94414019425373
C11 525.002 86.74949906530864
C11 550.029 88.16470538484609
C11 575.023 89.71503954440327
C11 599.982 91.37618769916489
C11 619.997 92.46996697629471
C11 624.979 92.67443854337489
C11 650.012 94.1357670730898
C11 675.004 95.39670307849276
C11 700.03 96.38254813405793
C11 725.012 96.83704057913054
C11 750.022 98.4518450026655
C11 774.987 99.1942689797734
C11 799.976 99.88253487967722
C11 824.988 98.6402830289768
C11 850.022 97.74042633379051
C11 869.967 95.74147385629328
C11 875.002 94.65734220278951
C11 899.999 88.15472929897464
C11 919.999 79.85994999777417
C11 925.012 77.16756024967252
C11 949.965 63.35907620162697
C11 975.002 48.83802004751915
C11 999.976 31.902808402449267
C11 1025.028 15.503523013672488
C11 1050.014 6.29333041515512
C11 1075.002 0.9379373500147995
C11 1099.99 0.09306128220313294
C12 319.994 47.27182803630109
C12 324.969 49.13417077434591
C12 349.982 57.46439726274886
C12 374.975 72.61882410916854
C12 400.019 84.26027467396251
C12 424.965 85.96497845019346
C12 450.035 85.49350527090016
C12 475.003 85.47980152047646
C12 500.018 85.86170380931914
C12 525.002 86.58027226102388
C12 550.029 87.95282432060257
C12 575.023 89.49778850438057
C12 599.982 91.16782805573817
C12 619.997 92.2681994937463
C12 624.979 92.47924794439103
C12 650.012 93.93539746474848
C12 675.004 95.20722619484722
C12 700.03 96.21662886819763
C12 725.012 96.70812296714563
C12 750.022 98.37499247590243
C12 774.987 99.18690531455128
C12 799.976 99.9027391270968
C12 824.988 98.65765333469783
C12 850.022 97.75144127699619
C12 869.967 95.7197724321273
C12 875.002 94.61316785011374
C12 899.999 88.06757222409475
C12 919.999 79.78051560498923
C12 925.012 77.08555926817948
C12 949.965 63.40816602999819
C12 975.002 48.82711968416652
C12 999.976 31.76939353123249
C12 1025.028 15.408210717752402
C12 1050.014 6.229218213218111
C12 1075.002 0.9372045537525634
C12 1099.99 0.09298857483119996
C13 319.994 47.10129120236323
C13 324.969 48.928897148294446
C13 349.982 57.17872677314692
C13 374.975 72.46249899633621
C13 400.019 84.28782730929045
C13 424.965 86.06096581241438
C13 450.035 85.57316882339117
C13 475.003 85.46629637513135
C13 500.018 85.76371511899843
C13 525.002 86.42626929987985
C13 550.029 87.77044374918871
C13 575.023 89.33059358282308
C13 599.982 91.02518377735893
C13 619.997 92.1355083852679
C13 624.979 92.35431007263507
C13 650.012 93.82190230098288
C13 675.004 95.1135839002852
C13 700.03 96.14797262025543
C13 725.012 96.69296023325987
C13 750.022 98.42742421665402
C13 774.987 99.3097578329819
C13 799.976 100.06264677000087
C13 824.988 98.8236795417543
C13 850.022 97.944645825194
C13 869.967 95.89802049017483
C13 875.002 94.77813992252224
C13 899.999 88.19275453287052
C13 919.999 79.90778326709037
C13 925.012 77.21467548524299
C13 949.965 63.63348731100341
C13 975.002 49.0055510699789
C13 999.976 31.769038333688066
C13 1025.028 15.416022199233476
C13 1050.014 6.200067666356306
C13 1075.002 0.9377034175376026
C13 1099.99 0.09303807163765479
C14 319.994 46.96455160574405
C14 324.969 48.75153899377221
C14 349.982 56.88105595360315
C14 374.975 72.29936784023323
C14 400.019 84.35796545666531
C14 424.965 86.24734140137095
C14 450.035 85.76675530443245
C14 475.003 85.62717412745785
C14 500.018 85.88633083906609
C14 525.002 86.51597768615412
C14 550.029 87.8481136122368
C14 575.023 89.39781376327383
C14 599.982 91.09181578123074
C14 619.997 92.20861797016495
C14 624.979 92.42681620363945
C14 650.012 93.9072031822435
C14 675.004 95.21246631345964
C14 700.03 96.27692078686783
C14 725.012 96.88395720962242
C14 750.022 98.6848469531529
C14 774.987 99.64588165120624
C14 799.976 100.4401415538299
C14 824.988 99.21121915936659
C14 850.022 98.35673608598455
C14 869.967 96.30505396011785
C14 875.002 95.17324944909213
C14 899.999 88.51148512940324
C14 919.999 80.18143051077986
C14 925.012 77.48383883735015
C14 949.965 63.990434107853744
C14 975.002 49.29366211045061
C14 999.976 31.913550263671866
C14 1025.028 15.466946260085459
C14 1050.014 6.201902376253126
C14 1075.002 0.9401551711659968
C14 1099.99 0.0932813323802843
C15 319.994 46.73861923218927
C15 324.969 48.4822266878561
C15 349.982 56.47994626206236
C15 374.975 71.97602349495139
C15 400.019 84.22151612900716
C15 424.965 86.2089571506022
C15 450.035 85.7333667352563
C15 475.003 85.5789283706707
C15 500.018 85.81095257307882
C15 525.002 86.42089168544379
C15 550.029 87.72092997536124
C15 575.023 89.25086892107711
C15 599.982 90.9245062798202
C15 619.997 92.0380925942124
C15 624.979 92.25211248237933
C15 650.012 93.73330915861155
C15 675.004 95.0333245325584
C15 700.03 96.11346880717635
C15 725.012 96.75384796716588
C15 750.022 98.61223388095235
C15 774.987 99.61154588857828
C15 799.976 100.4384228560343
C15 824.988 99.2156343030371
C15 850.022 98.38238669575202
C15 869.967 96.32994834285522
C15 875.002 95.19458421772836
C15 899.999 88.49547450460497
C15 919.999 80.12297186975832
C15 925.012 77.43430214755207
C15 949.965 64.05540470385645
C15 975.002 49.32234526699522
C15 999.976 31.976072670147932
C15 1025.028 15.438367180240697
C15 1050.014 6.185233872131979
C15 1075.002 0.9394630005280589
C15 1099.99 0.0932126558454722
C16 319.994 46.54428798210323
C16 324.969 48.24288465216709
C16 349.982 56.10774506744382
C16 374.975 71.6718445397549
C16 400.019 84.11485756313968
C16 424.965 86.20380105721534
C16 450.035 85.74267825798009
C16 475.003 85.58131163161396
C16 500.018 85.79876891537212
C16 525.002 86.40622546425453
C16 550.029 87.69099407909005
C16 575.023 89.19971283602273
C16 599.982 90.85792010788963
C16 619.997 91.96405873183414
C16 624.979 92.16934763519936
C16 650.012 93.65123942920668
C16 675.004 94.94692368470858
C16 700.03 96.03679196952127
C16 725.012 96.69206651040615
C16 750.022 98.56996919249394
C16 774.987 99.5764157056359
C16 799.976 100.41558327199478
C16 824.988 99.21062334413078
C16 850.022 98.40173541360221
C16 869.967 96.34779988395901
C16 875.002 95.21103788462506
C16 899.999 88.50554989301571
C16 919.999 80.15014257224279
C16 925.012 77.4803556098177
C16 949.965 64.1559408862431
C16 975.002 49.37867654207864
C16 999.976 31.968531406153613
C16 1025.028 15.42411344652239
C16 1050.014 6.174401779275112
C16 1075.002 0.9390602562479669
C16 1099.99 0.09317269592799503
C17 319.994 46.28735793897242
C17 324.969 47.95557567066667
C17 349.982 55.710194990004176
C17 374.975 71.38531852058358
C17 400.019 84.02854074051542
C17 424.965 86.18217601961807
C17 450.035 85.69556302240962
C17 475.003 85.48119175602669
C17 500.018 85.66501603358887
C17 525.002 86.24378942592668
C17 550.029 87.52799278015385
C17 575.023 89.04932295957792
C17 599.982 90.70717885322883
C17 619.997 91.80784819885486
C17 624.979 92.01404610238751
C17 650.012 93.49149983675373
C17 675.004 94.7903617735133
C17 700.03 95.86467011428302
C17 725.012 96.48622762374634
C17 750.022 98.31094233805248
C17 774.987 99.26944100202519
C17 799.976 100.10245181094733
C17 824.988 98.92192794640856
C17 850.022 98.15878793187085
C17 869.967 96.09972686346829
C17 875.002 94.97080212608233
C17 899.999 88.32784417960592
C17 919.999 80.11403464122111
C17 925.012 77.5003306975312
C17 949.965 64.29434571005982
C17 975.002 49.413386598893204
C17 999.976 31.923572181484523
C17 1025.028 15.387879477662377
C17 1050.014 6.170271652989037
C17 1075.002 0.9365929702211228
C17 1099.99 0.09292789407506065
