lsstCam/transmission_filter_detector/r02_s11/g_6/19700101T000000.ecsv
# %ECSV 1.0
# ---
# datatype:
# - {name: wavelength, unit: nm, datatype: float32}
# - {name: efficiency, unit: '%', datatype: float64}
# meta: !!omap
# - {MODE: DETECTOR}
# - {TYPE: transmission_filter_detector}
# - {CALIBDATE: '1970-01-01T00:00:00'}
# - {INSTRUME: LSSTCam}
# - {OBSTYPE: transmission_filter_detector}
# - {CALIBCLS: lsst.ip.isr.IntermediateFilterDetectorTransmissionCurve}
# - {SOURCE: Materion (DM-46256)}
# - {DETECTOR: 13}
# - {FILTER: g_6}
# - {CALIB_ID: 'calibDate=1970-01-01T00:00:00 filter=g_6 detector=13'}
# - {DATE: '2025-04-02T15:59:42.090364'}
# - {CALIB_CREATION_DATE: '2025-04-02'}
# - {CALIB_CREATION_TIME: '15:59:42'}
# - __serialized_columns__:
#     efficiency:
#       __class__: astropy.units.quantity.Quantity
#       unit: !astropy.units.Unit {unit: '%'}
#       value: !astropy.table.SerializedColumn {name: efficiency}
#     wavelength:
#       __class__: astropy.units.quantity.Quantity
#       unit: !astropy.units.Unit {unit: nm}
#       value: !astropy.table.SerializedColumn {name: wavelength}
# schema: astropy-2.0
wavelength efficiency
[from data line 608]
908.0 0.0005012700967199635
909.0 0.00041881639845087193
910.0 0.0003405978532100562
911.0 0.00026237935344397556
912.0 0.00038509201658598613
913.0 0.0005078047706774669
914.0 0.00032824939353304217
915.0 0.0001486940846007201
916.0 0.00020232712358847493
917.0 0.0002559601171014947
918.0 0.00024818577912810724
919.0 0.0002404114411547198
920.0 0.000277268850368273
921.0 0.0003141262823191937
922.0 0.0005067753136245301
923.0 0.0006994243449298665
924.0 0.0006379827027558349
925.0 0.0005765409241575981
926.0 0.0005919322120462311
927.0 0.0006073235454095993
928.0 0.0005405693627835717
929.0 0.00047381527110701427
930.0 0.0005006699211662635
931.0 0.000527524662174983
932.0 0.0004971898306393996
933.0 0.0004668549991038162
934.0 0.0004767687642015517
935.0 0.0004866825292992871
936.0 0.0005240283371676924
937.0 0.0005613741450360976
938.0 0.0005969141056993976
939.0 0.0006324540663626976
940.0 0.0005463155957841082
941.0 0.0004601769887813134
942.0 0.0006874333848827519
943.0 0.0009146897355094552
944.0 0.0007475289294234244
945.0 0.0005803680778626585
946.0 0.000540495148015907
947.0 0.0005006222181691555
948.0 0.0007981120688782539
949.0 0.0010956020560115576
950.0 0.0009811714335228316
951.0 0.0008667407200846355
952.0 0.0008874179911799729
953.0 0.0009080952622753102
954.0 0.0007857574928493705
955.0 0.0006634197234234307
956.0 0.000618382409811602
957.0 0.0005733448688260978
958.0 0.000711773282091599
959.0 0.0008502017408318352
960.0 0.0006745072823832743
961.0 0.0004988127329852432
962.0 0.0005745618182118051
963.0 0.0006503108579636319
964.0 0.0007451646069966955
965.0 0.0008400181286560837
966.0 0.0008338617590197828
967.0 0.0008277052074845415
968.0 0.000758414853407885
969.0 0.0006891244538564933
970.0 0.0006966427463339642
971.0 0.0007041610842861701
972.0 0.0008077411621343344
973.0 0.000911321330931969
974.0 0.0008212502507376485
975.0 0.0007311795343412086
976.0 0.0008158808668667916
977.0 0.0009005825631902553
978.0 0.000956784060690552
979.0 0.0010129855581908487
980.0 0.0010468160326126963
981.0 0.001080646597984014
982.0 0.0009915561349771451
983.0 0.0009024656719702762
984.0 0.0009333211892226245
985.0 0.0009641770702728536
986.0 0.0011008432920789346
987.0 0.0012375093319860753
988.0 0.0012964442248630803
989.0 0.0013553787539422046
990.0 0.001419817181158578
991.0 0.0014842556993244216
992.0 0.0014703567103424575
993.0 0.001456457994208904
994.0 0.0014701814507134259
995.0 0.0014839051800663583
996.0 0.0013389725609158631
997.0 0.0011940402146137785
998.0 0.0012930350749229547
999.0 0.001392030026181601
1000.0 0.0013403699995251372
1001.0 0.001288709700020263
1002.0 0.0011965203157160431
1003.0 0.0011043312042602338
1004.0 0.0011261580766586121
1005.0 0.0011479848581075203
1006.0 0.0013393575500231236
1007.0 0.0015307303328881972
1008.0 0.0015925865227472968
1009.0 0.0016544432583032176
1010.0 0.001685045390331652
1011.0 0.0017156478861579672
1012.0 0.0018807655578712001
1013.0 0.0020458834114833735
1014.0 0.002085006781271659
1015.0 0.002124130514857825
1016.0 0.0024573511836933903
1017.0 0.002790572398225777
1018.0 0.0030172031983966008
1019.0 0.0032438339985674247
1020.0 0.0032671225199010223
1021.0 0.003290410677436739
1022.0 0.0036031364288646728
1023.0 0.003915862180292606
1024.0 0.004050363713758998
1025.0 0.004184864883427508
1026.0 0.004269900091458112
1027.0 0.004354934935690835
1028.0 0.004470815838431008
1029.0 0.0045866963773733005
1030.0 0.004763972901855595
1031.0 0.00494124906254001
1032.0 0.005295273149386048
1033.0 0.005649297236232087
1034.0 0.005512568895937875
1035.0 0.005375840555643663
1036.0 0.005431114186649211
1037.0 0.005486387453856878
1038.0 0.005737454557674937
1039.0 0.005988521297695115
1040.0 0.006381354614859447
1041.0 0.006774186476832256
1042.0 0.006937440775800496
1043.0 0.007100695074768737
1044.0 0.0073905794124584645
1045.0 0.007680462294956669
1046.0 0.00867443741299212
1047.0 0.009668411075836048
1048.0 0.011141682625748217
1049.0 0.01261495053768158
1050.0 0.01500348444096744
1051.0 0.01739201252348721
1052.0 0.021064846077933908
1053.0 0.024737685453146696
1054.0 0.029501927201636136
1055.0 0.03426617186050862
1056.0 0.04113137838430703
1057.0 0.047996576176956296
1058.0 0.05565827013924718
1059.0 0.06331994663923979
1060.0 0.0707404047716409
1061.0 0.07816082797944546
1062.0 0.08511990308761597
1063.0 0.09207894909195602
1064.0 0.09738301741890609
1065.0 0.10268706828355789
1066.0 0.10777665302157402
1067.0 0.11286624940112233
1068.0 0.11908692540600896
1069.0 0.12530763633549213
1070.0 0.13512918958440423
1071.0 0.14495073119178414
1072.0 0.1579541596584022
1073.0 0.17095755320042372
1074.0 0.18544388003647327
1075.0 0.19993027672171593
1076.0 0.2138062845915556
1077.0 0.22768229246139526
1078.0 0.24180184118449688
1079.0 0.25592136662453413
1080.0 0.27323376853019
1081.0 0.29054617043584585
1082.0 0.31792318914085627
1083.0 0.3453001845628023
1084.0 0.38361239712685347
1085.0 0.42192465625703335
1086.0 0.45697628520429134
1087.0 0.4920280072838068
1088.0 0.5557234399020672
1089.0 0.6194189190864563
1090.0 0.6962072104215622
1091.0 0.7729955017566681
1092.0 0.8025937713682652
1093.0 0.8321918547153473
1094.0 0.8683810941874981
1095.0 0.9045700542628765
1096.0 0.9478198364377022
1097.0 0.9910698048770428
1098.0 1.0104842483997345
1099.0 1.0298988781869411
1100.0 1.1849530972540379
1101.0 1.3400070369243622
