lsstCam/transmission_filter_detector/r02_s11/g_6/19700101T000000.ecsv
# %ECSV 1.0
# ---
# datatype:
# - {name: wavelength, unit: nm, datatype: float32}
# - {name: efficiency, unit: '%', datatype: float64}
# meta: !!omap
# - {MODE: DETECTOR}
# - {TYPE: transmission_filter_detector}
# - {CALIBDATE: '1970-01-01T00:00:00'}
# - {INSTRUME: LSSTCam}
# - {OBSTYPE: transmission_filter_detector}
# - {CALIBCLS: lsst.ip.isr.IntermediateFilterDetectorTransmissionCurve}
# - {SOURCE: Materion (DM-46256)}
# - {DETECTOR: 13}
# - {FILTER: g_6}
# - {CALIB_ID: 'calibDate=1970-01-01T00:00:00 filter=g_6 detector=13'}
# - {DATE: '2025-04-02T15:59:42.090364'}
# - {CALIB_CREATION_DATE: '2025-04-02'}
# - {CALIB_CREATION_TIME: '15:59:42'}
# - __serialized_columns__:
#     efficiency:
#       __class__: astropy.units.quantity.Quantity
#       unit: !astropy.units.Unit {unit: '%'}
#       value: !astropy.table.SerializedColumn {name: efficiency}
#     wavelength:
#       __class__: astropy.units.quantity.Quantity
#       unit: !astropy.units.Unit {unit: nm}
#       value: !astropy.table.SerializedColumn {name: wavelength}
# schema: astropy-2.0
wavelength efficiency
300.0 0.4983136896044016
301.0 0.3721429267898202
302.0 0.24597211740911007
303.0 0.22175810299813747
304.0 0.19754408858716488
305.0 0.20490840543061495
306.0 0.21227269899100065
307.0 0.22014998830854893
308.0 0.22802730090916157
309.0 0.22091814316809177
310.0 0.21380898542702198
311.0 0.20971819758415222
312.0 0.20562743302434683
313.0 0.2013779478147626
314.0 0.19712846260517836
315.0 0.18582226475700736
316.0 0.1745161018334329
317.0 0.17518223030492663
318.0 0.17584840534254909
319.0 0.161646434571594
320.0 0.14744442887604237
321.0 0.14052370097488165
322.0 0.1336029963567853
323.0 0.11435366468504071
324.0 0.09510439704172313
325.0 0.08660684688948095
326.0 0.07810930255800486
327.0 0.07101513911038637
328.0 0.0639209698420018
329.0 0.061781262047588825
330.0 0.05964154843240976
331.0 0.05540515994653106
332.0 0.05116877146065235
333.0 0.047653779620304704
334.0 0.04413878486957401
335.0 0.04245947056915611
336.0 0.04078015626873821
337.0 0.041626428719609976
338.0 0.04247270117048174
339.0 0.040862703463062644
340.0 0.03925270575564355
341.0 0.03763652057386935
342.0 0.03602033539209515
343.0 0.03256361815147102
344.0 0.029106903821229935
345.0 0.025786255719140172
346.0 0.022465609072241932
347.0 0.02124179300153628
348.0 0.020017974020447582
349.0 0.018267970881424844
350.0 0.7778021972626448
351.0 1.067624520510435
352.0 0.5870982073247433
353.0 0.7339666597545147
354.0 0.5561260040849447
355.0 0.763386394828558
356.0 0.6748472806066275
357.0 0.8858615532517433
358.0 0.5643365439027548
359.0 0.9540673345327377
360.0 0.7129352074116468
361.0 0.8884779177606106
362.0 0.6205107551068068
363.0 0.8768652565777302
364.0 0.39334981702268124
365.0 0.726969912648201
366.0 0.520679634064436
367.0 0.5732589866966009
368.0 0.5006303545087576
369.0 0.6456794682890177
370.0 0.45303446240723133
371.0 0.5777282640337944
372.0 0.39855754002928734
373.0 0.5950972437858582
374.0 0.43098130263388157
375.0 0.5262039136141539
376.0 0.3616755362600088
377.0 0.47721443697810173
378.0 0.3285139100626111
379.0 0.5764448549598455
380.0 0.40956842713057995
381.0 0.6011688616126776
382.0 0.4878545179963112
383.0 0.5540207494050264
384.0 0.5236787255853415
385.0 0.6412884220480919
386.0 0.5858486518263817
387.0 0.7237807381898165
388.0 0.9359448216855526
389.0 1.1627495288848877
390.0 1.7242137342691422
391.0 2.721407823264599
392.0 4.19159010052681
393.0 6.702624261379242
394.0 10.187947005033493
395.0 14.772534370422363
396.0 20.49098014831543
397.0 27.787381410598755
398.0 36.35976016521454
399.0 45.58732211589813
400.0 55.10098934173584
401.0 64.13844227790833
402.0 72.46716022491455
403.0 79.51749563217163
404.0 84.71185564994812
405.0 88.47346305847168
406.0 90.611332654953
407.0 92.24415421485901
408.0 93.36841106414795
409.0 93.76806020736694
410.0 93.9807116985321
411.0 93.80537867546082
412.0 93.4349775314331
413.0 93.2914674282074
414.0 93.10017824172974
415.0 93.22365522384644
416.0 93.57017278671265
417.0 93.95458102226257
418.0 94.39743161201477
419.0 94.97709274291992
420.0 95.51187753677368
421.0 96.07768654823303
422.0 96.24146819114685
423.0 96.5215802192688
424.0 96.25545144081116
425.0 96.18432521820068
426.0 96.15117907524109
427.0 96.19255065917969
428.0 96.03882431983948
429.0 95.83936929702759
430.0 95.68845629692078
431.0 95.7696795463562
432.0 95.84949016571045
433.0 95.91485261917114
434.0 95.94994187355042
435.0 96.14697694778442
436.0 96.19668126106262
437.0 96.19255661964417
438.0 96.1948573589325
439.0 96.2986946105957
440.0 96.21679782867432
441.0 96.44931554794312
442.0 96.35857939720154
443.0 96.40565514564514
444.0 96.29364609718323
445.0 96.0483729839325
446.0 95.86970806121826
447.0 95.67286372184753
448.0 95.64681053161621
449.0 95.85409760475159
450.0 96.04928493499756
451.0 96.24881744384766
452.0 96.47139310836792
453.0 96.58942818641663
454.0 96.65798544883728
455.0 96.9422459602356
456.0 97.06541895866394
457.0 97.18455076217651
458.0 97.20738530158997
459.0 97.24860787391663
460.0 97.21645712852478
461.0 97.3632276058197
462.0 97.3273515701294
463.0 97.18872904777527
464.0 97.27240204811096
465.0 97.25365042686462
466.0 97.17754125595093
467.0 97.20585942268372
468.0 97.24768400192261
469.0 97.28577136993408
470.0 97.15224504470825
471.0 97.02908992767334
472.0 97.117018699646
473.0 96.96109294891357
474.0 96.88757658004761
475.0 96.95042371749878
476.0 96.93084955215454
477.0 97.00254797935486
478.0 97.11700677871704
479.0 97.08124995231628
480.0 97.27916717529297
481.0 97.3747968673706
482.0 97.57313132286072
483.0 97.4242091178894
484.0 97.62595891952515
485.0 97.63139486312866
486.0 97.65576124191284
487.0 97.69864678382874
488.0 97.71578311920166
489.0 97.78285026550293
490.0 97.74407148361206
491.0 97.82624840736389
492.0 97.72992134094238
493.0 97.72173762321472
494.0 97.67561554908752
495.0 97.76158928871155
496.0 97.59693741798401
497.0 97.51325249671936
498.0 97.29190468788147
499.0 97.36155271530151
500.0 97.28531241416931
501.0 97.24299311637878
502.0 97.15559482574463
503.0 97.31076955795288
504.0 97.16031551361084
505.0 97.16789722442627
506.0 97.17521667480469
507.0 97.15117812156677
508.0 97.13906049728394
509.0 97.14627861976624
510.0 97.08625078201294
511.0 97.03494906425476
512.0 96.9359278678894
513.0 97.03857898712158
514.0 96.99656367301941
515.0 97.02668190002441
516.0 97.11347818374634
517.0 97.19589352607727
518.0 97.21712470054626
519.0 97.22082018852234
520.0 97.28219509124756
521.0 97.40492105484009
522.0 97.40245342254639
523.0 97.39044308662415
524.0 97.37434387207031
525.0 97.36118912696838
526.0 97.48294949531555
527.0 97.4414050579071
528.0 97.52264618873596
529.0 97.63820767402649
530.0 97.65871167182922
531.0 97.76426553726196
532.0 97.63072729110718
533.0 97.6220428943634
534.0 97.63749837875366
535.0 97.47949838638306
536.0 97.13981747627258
537.0 96.59608006477356
538.0 95.83699107170105
539.0 94.52624917030334
540.0 92.83815026283264
541.0 90.27677178382874
542.0 87.5558078289032
543.0 83.93784165382385
544.0 79.32721972465515
545.0 75.1994252204895
546.0 70.19683122634888
547.0 65.6328022480011
548.0 61.10047698020935
549.0 57.01301097869873
550.0 53.885459899902344
551.0 50.855982303619385
552.0 48.574209213256836
553.0 46.100589632987976
554.0 43.30802261829376
555.0 40.11422395706177
556.0 35.83900034427643
557.0 30.857160687446594
558.0 25.37197470664978
559.0 19.94229406118393
560.0 14.786553382873535
561.0 9.982528537511826
562.0 6.378388404846191
563.0 3.720550611615181
564.0 2.0307013764977455
565.0 0.9816501289606094
566.0 0.5219819489866495
567.0 0.2681423909962177
568.0 0.17772121354937553
569.0 0.10023815557360649
570.0 0.08023778209462762
571.0 0.056722224690020084
572.0 0.06681334925815463
573.0 0.03237085766158998
574.0 0.03982394409831613
575.0 0.03594445588532835
576.0 0.030290550785139203
577.0 0.02694715221878141
578.0 0.03658596251625568
579.0 0.021732896857429296
580.0 0.03300306561868638
581.0 0.01926441182149574
582.0 0.025670859031379223
583.0 0.021108593500684947
584.0 0.025569929857738316
585.0 0.023042329121381044
586.0 0.020297996525187045
587.0 0.013157537614461035
588.0 0.014129083137959242
589.0 0.019960562349297106
590.0 0.016593361215200275
591.0 0.013762782327830791
592.0 0.026767305098474026
593.0 0.00828602205729112
594.0 0.016197608783841133
595.0 0.0088242617493961
596.0 0.011001154052792117
597.0 0.010171136818826199
598.0 0.007448607357218862
599.0 0.012315985804889351
600.0 0.01713778910925612
601.0 0.0023012586098047905
602.0 0.0023399756173603237
603.0 0.002378692261117976
604.0 0.0022364540200214833
605.0 0.00209421559702605
606.0 0.0020921033865306526
607.0 0.002089990994136315
608.0 0.0019333861928316765
609.0 0.001776781391527038
610.0 0.001857592724263668
611.0 0.0019384038751013577
612.0 0.0018697830455494113
613.0 0.0018011625797953457
614.0 0.001785645872587338
615.0 0.001770129892975092
616.0 0.001854944639489986
617.0 0.0019397595679038204
618.0 0.0018107462892658077
619.0 0.001681733010627795
620.0 0.0017070005924324505
621.0 0.0017322683561360464
622.0 0.0016104784663184546
623.0 0.0014886883036524523
624.0 0.0014943963833502494
625.0 0.0015001043720985763
626.0 0.0013849699826096185
627.0 0.0012698359569185413
628.0 0.0013720881725021172
629.0 0.001474340842833044
630.0 0.0013607864275400061
631.0 0.0012472316484490875
632.0 0.0013809573829348665
633.0 0.0015146826626732945
634.0 0.0014266587641031947
635.0 0.0013386345017352141
636.0 0.0013541412954509724
637.0 0.001369648816762492
638.0 0.0012725338820018806
639.0 0.0011754191291402094
640.0 0.0011554447155504022
641.0 0.0011354701200616546
642.0 0.0013495182429323904
643.0 0.0015635665477020666
644.0 0.001472894200560404
645.0 0.0013822214896208607
646.0 0.0012882816918136086
647.0 0.0011943419849558268
648.0 0.0010853741514438298
649.0 0.0009764062269823626
650.0 0.0012032489394186996
651.0 0.0014300911971076857
652.0 0.0012123420674470253
653.0 0.000994592937786365
654.0 0.0011188082680746447
655.0 0.0012430237802618649
656.0 0.0012223533303767908
657.0 0.001201682971441187
658.0 0.0010961879524984397
659.0 0.000990693206404103
660.0 0.0009519064406049438
661.0 0.0009131193110079039
662.0 0.0010256092537019867
663.0 0.00113809937829501
664.0 0.0011907196494576056
665.0 0.0012433397387212608
666.0 0.0011693884516716935
667.0 0.0010954368917737156
668.0 0.0011693095984810498
669.0 0.001243182305188384
670.0 0.0012284348485991359
671.0 0.0012136873010604177
672.0 0.001219147179654101
673.0 0.0012246067853993736
674.0 0.0011644011465250514
675.0 0.001104195416701259
676.0 0.0010590198144200258
677.0 0.0010138437573914416
678.0 0.0010642451343301218
679.0 0.0011146466022182722
680.0 0.001050346327247098
681.0 0.0009860459613264538
682.0 0.0010213091627520043
683.0 0.0010565723641775548
684.0 0.0009109636266657617
685.0 0.000765354616305558
686.0 0.000968091899267165
687.0 0.001170829182228772
688.0 0.0011535561498021707
689.0 0.0011362832992745098
690.0 0.001030042676575249
691.0 0.0009238021448254585
692.0 0.0009383245014760178
693.0 0.000952846858126577
694.0 0.0010440563528391067
695.0 0.0011352657566021662
696.0 0.0011251235264353454
697.0 0.001114980932470644
698.0 0.001226068434334593
699.0 0.001337156027148012
700.0 0.0010943240340566263
701.0 0.0008514918590663001
702.0 0.0010468083928572014
703.0 0.0012421247447491623
704.0 0.001195713866763981
705.0 0.0011493027159303892
706.0 0.0011215239283046685
707.0 0.0010937451406789478
708.0 0.001051797516993247
709.0 0.0010098500752064865
710.0 0.0011538726539583877
711.0 0.0012978955055586994
712.0 0.0012062982023053337
713.0 0.0011147010809509084
714.0 0.0011974881090281997
715.0 0.0012802754099539015
716.0 0.0014602738701796625
717.0 0.001640272603253834
718.0 0.0019136010450893082
719.0 0.002186929305025842
720.0 0.0018137714505428448
721.0 0.0014406135051103774
722.0 0.0015595409422530793
723.0 0.001678468834143132
724.0 0.0016333184248651378
725.0 0.0015881678336882032
726.0 0.0017206068150699139
727.0 0.0018530457964516245
728.0 0.0019403807527851313
729.0 0.002027715527219698
730.0 0.0020429968571988866
731.0 0.002058278005279135
732.0 0.0019375569536350667
733.0 0.0018168359019909985
734.0 0.0016192996554309502
735.0 0.0014217635907698423
736.0 0.0012592955499712843
737.0 0.001096827327273786
738.0 0.0011157826520502567
739.0 0.0011347379768267274
740.0 0.00095104269348667
741.0 0.0007673472282476723
742.0 0.0007524937700509327
743.0 0.0007376403573289281
744.0 0.0008978408004622906
745.0 0.0010580414709693287
746.0 0.0010327791642339434
747.0 0.001007516766549088
748.0 0.0011584314961510245
749.0 0.0013093462257529609
750.0 0.0010833431588253006
751.0 0.0008573405466449913
752.0 0.0007573211405542679
753.0 0.0006573020073119551
754.0 0.0007936623660498299
755.0 0.0009300226338382345
756.0 0.0008922761480789632
757.0 0.0008545295713702217
758.0 0.0008788908417045604
759.0 0.0009032523848873097
760.0 0.0007141710739233531
761.0 0.0005250897629593965
762.0 0.0005970297934254631
763.0 0.0006689697329420596
764.0 0.0008031789548113011
765.0 0.0009373884495289531
766.0 0.0007586654646729585
767.0 0.0005799425707664341
768.0 0.0005217768830334535
769.0 0.0004636111498257378
770.0 0.0004104420895600924
771.0 0.0003572730520318146
772.0 0.0005803586645924952
773.0 0.0008034444363147486
774.0 0.0008721794984012377
775.0 0.0009409145604877267
776.0 0.0008718411663721781
777.0 0.0008027676813071594
778.0 0.0007892461326264311
779.0 0.0007757246748951729
780.0 0.0006861293968540849
781.0 0.000596534164287732
782.0 0.0005955909728072584
783.0 0.0005946476449025795
784.0 0.0007077547252265504
785.0 0.0008208618055505212
786.0 0.0007429963716276689
787.0 0.0006651313015026972
788.0 0.0004258199169271393
789.0 0.0001865086460384191
790.0 0.00021865719190827804
791.0 0.00025080571504076943
792.0 0.0002497343302820809
793.0 0.0002486629909981275
794.0 0.00021734647361881798
795.0 0.00018602995623950846
796.0 0.0003430762035350199
797.0 0.0005001224053557962
798.0 0.0004963406809110893
799.0 0.0004925589564663824
800.0 0.0005363367108657258
801.0 0.0005801146016892744
802.0 0.0004825771156902192
803.0 0.0003850397206406342
804.0 0.0002900790377680096
805.0 0.00019511840037012007
806.0 0.00029827224352629855
807.0 0.00040142608668247703
808.0 0.0004807674940821016
809.0 0.0005601089014817262
810.0 0.00041561374928278383
811.0 0.00027111855160910636
812.0 0.00028689873943221755
813.0 0.00030267888178059366
814.0 0.00037196903122094227
815.0 0.0004412591806612909
816.0 0.0005273521310300566
817.0 0.0006134449904493522
818.0 0.0004134194114158163
819.0 0.00021339385511964792
820.0 0.00036417973205971066
821.0 0.0005149655407876708
822.0 0.0004419022843649145
823.0 0.0003688390279421583
824.0 0.00043756726881838404
825.0 0.0005062954187451396
826.0 0.00064294590629288
827.0 0.0007795963028911501
828.0 0.0006797377409384353
829.0 0.0005798791789857205
830.0 0.00046202962948882487
831.0 0.0003441800572545617
832.0 0.0005272891485219589
833.0 0.0007103981715772534
834.0 0.0005667877758241957
835.0 0.0004231774255458731
836.0 0.0004916033049084945
837.0 0.0005600292297458509
838.0 0.0005176533250050852
839.0 0.0004752774202643195
840.0 0.0006125239451648667
841.0 0.0007497704245906789
842.0 0.000421244931203546
843.0 9.271932981391728e-05
844.0 0.00010750386536528822
845.0 0.00012228841796968482
846.0 0.0003706962615979137
847.0 0.0006191042302816641
848.0 0.0005272112048260169
849.0 0.00043531827031983994
850.0 0.0004800290298589971
851.0 0.0005247397893981542
852.0 0.000614475993643282
853.0 0.000704211834090529
854.0 0.0006179902811709326
855.0 0.0005317685463523958
856.0 0.0005550301466428209
857.0 0.0005782917924079811
858.0 0.0005757271537731867
859.0 0.0005731625151383923
860.0 0.0005542496182897594
861.0 0.0005353367214411264
862.0 0.0005354556378733832
863.0 0.0005355745997803751
864.0 0.000489117110191728
865.0 0.00044265966607781593
866.0 0.0004346915829955833
867.0 0.0004267234999133507
868.0 0.0006283068614720833
869.0 0.0008298902685055509
870.0 0.0006204865712788887
871.0 0.0004110827376280213
872.0 0.00034986146602022927
873.0 0.00028864008072559955
874.0 0.00038379293982870877
875.0 0.00047894582166918553
876.0 0.0006284741630224744
877.0 0.0007780025043757632
878.0 0.0007552715487690875
879.0 0.0007325405476876767
880.0 0.0006733538157277508
881.0 0.0006141673111415002
882.0 0.0005110388883622363
883.0 0.00040791064748191275
884.0 0.0005187293027120177
885.0 0.000629548185315798
886.0 0.0006936467343621189
887.0 0.0007577455562568503
888.0 0.0005925365258008242
889.0 0.00042732763176900335
890.0 0.00047942917262844276
891.0 0.0005315308953868225
892.0 0.0005215917099121725
893.0 0.0005116526608617278
894.0 0.0004927763257001061
895.0 0.0004738999905384844
896.0 0.00027205130663787713
897.0 7.020258863121853e-05
898.0 0.0002457487425999716
899.0 0.00042129486246267334
900.0 0.00034496674743422773
901.0 0.00026863858693104703
902.0 0.00046974278120615054
903.0 0.0006708470209559891
904.0 0.0003525766260281671
905.0 3.4306171414755227e-05
906.0 0.00030901503578206757
