lsstCam/transmission_sensor/r14_s22/19700101T000000.ecsv
# %ECSV 1.0
# ---
# datatype:
# - {name: amp_name, datatype: string}
# - {name: wavelength, unit: nm, datatype: float32}
# - {name: efficiency, unit: '%', datatype: float64}
# meta: !!omap
# - {MODE: AMP}
# - {TYPE: transmission_sensor}
# - {CALIBDATE: '1970-01-01T00:00:00'}
# - {INSTRUME: LSSTCam}
# - {OBSTYPE: transmission_sensor}
# - {DETECTOR: 71}
# - {PARQUETFILE: qe_raft_allvalues_nircorrected_20230725_adjust.parquet}
# - {CORRFILE: qe_corr_factor_bydetnum.parquet}
# - {CALIBCLS: lsst.ip.isr.IntermediateSensorTransmissionCurve}
# - {CALIB_ID: 'raftName=R14 detectorName=S22 detector=71 calibDate=1970-01-01T00:00:00 ccd=71 ccdnum=71 filter=None'}
# - {DATE: '2025-03-03T21:56:47.774023'}
# - {CALIB_CREATION_DATE: '2025-03-03'}
# - {CALIB_CREATION_TIME: '21:56:47'}
# - __serialized_columns__:
#     efficiency:
#       __class__: astropy.units.quantity.Quantity
#       unit: !astropy.units.Unit {unit: '%'}
#       value: !astropy.table.SerializedColumn {name: efficiency}
#     wavelength:
#       __class__: astropy.units.quantity.Quantity
#       unit: !astropy.units.Unit {unit: nm}
#       value: !astropy.table.SerializedColumn {name: wavelength}
# schema: astropy-2.0
amp_name wavelength efficiency
C00 319.994 41.742560504934666
C00 324.969 47.11980839579253
C00 349.982 68.7572307985938
C00 374.975 73.3659616973021
C00 400.019 81.72599575810273
C00 424.965 84.6232118701523
C00 450.035 87.28083030505036
C00 475.003 89.50310652526503
C00 500.018 91.93863369269563
C00 525.002 94.35678322974317
C00 550.029 95.10261233915637
C00 575.023 97.01825746841845
C00 599.982 97.74242135425034
C00 619.997 98.10723038824645
C00 624.979 98.95660563092292
C00 650.012 99.05787918828607
C00 675.004 98.43036038023403
C00 700.03 98.11069227886766
C00 725.012 97.34808398405845
C00 750.022 97.53332164567867
C00 774.987 97.87613972021445
C00 799.976 96.52743410075972
C00 824.988 94.9777039924318
C00 850.022 92.94987694148591
C00 869.967 89.99247544434769
C00 875.002 88.57171401835258
C00 899.999 82.61029291711131
C00 919.999 73.73372507996838
C00 925.012 70.99921025186266
C00 949.965 58.08999814381684
C00 975.002 42.812163502840484
C00 999.976 26.353884762055586
C00 1025.028 11.379304543006853
C00 1050.014 4.070560305983433
C00 1075.002 0.9291931468041967
C00 1099.99 0.09219369039371131
C01 319.994 42.1027637851065
C01 324.969 47.52717520114522
C01 349.982 69.43955656210414
C01 374.975 74.02628892609911
C01 400.019 82.10151619984148
C01 424.965 84.84629549576282
C01 450.035 87.41882868895972
C01 475.003 89.58651006080008
C01 500.018 91.98668352247753
C01 525.002 94.38333449150979
C01 550.029 95.11183899731093
C01 575.023 97.02480248701086
C01 599.982 97.74215622039533
C01 619.997 98.10178378133912
C01 624.979 98.95709044711495
C01 650.012 99.05992450659619
C01 675.004 98.43676146901942
C01 700.03 98.12700179857765
C01 725.012 97.4018304040967
C01 750.022 97.63600420009989
C01 774.987 98.02145579852225
C01 799.976 96.68200713823408
C01 824.988 95.12744401849187
C01 850.022 93.05879392912651
C01 869.967 90.08074986756203
C01 875.002 88.67564648951888
C01 899.999 82.68537882485187
C01 919.999 73.66775220158738
C01 925.012 70.86130277098931
C01 949.965 58.18144281041189
C01 975.002 42.95840376201435
C01 999.976 26.462000666691388
C01 1025.028 11.414609956522119
C01 1050.014 4.024116429837618
C01 1075.002 0.9301709722888268
C01 1099.99 0.09229070933998651
C02 319.994 42.28594855316359
C02 324.969 47.73781268607598
C02 349.982 69.86882342388117
C02 374.975 74.4502000840048
C02 400.019 82.2900869727819
C02 424.965 84.9019130032922
C02 450.035 87.4003753726506
C02 475.003 89.52304459116223
C02 500.018 91.89464419852196
C02 525.002 94.2782354313814
C02 550.029 95.00034642365017
C02 575.023 96.90254547883644
C02 599.982 97.62111882795399
C02 619.997 97.98488247703604
C02 624.979 98.83540158291558
C02 650.012 98.94226567699306
C02 675.004 98.32503406251566
C02 700.03 98.02803111812665
C02 725.012 97.34536446823128
C02 750.022 97.63409523634378
C02 774.987 98.07018740107421
C02 799.976 96.74410148707885
C02 824.988 95.17072143888349
C02 850.022 93.12697120613065
C02 869.967 90.0438205091848
C02 875.002 88.63589913702548
C02 899.999 82.5984982481896
C02 919.999 73.75676142434277
C02 925.012 70.90324694685285
C02 949.965 58.006977158558314
C02 975.002 42.97693661847997
C02 999.976 26.419912561020837
C02 1025.028 11.479432343353672
C02 1050.014 4.042246377534279
C02 1075.002 0.9301523154468011
C02 1099.99 0.09228885822526041
C03 319.994 42.44010495172294
C03 324.969 47.91575916668327
C03 349.982 70.21620180072321
C03 374.975 74.7951316541277
C03 400.019 82.39896608415751
C03 424.965 84.88488383454715
C03 450.035 87.31114646755819
C03 475.003 89.38968983734216
C03 500.018 91.7337155237802
C03 525.002 94.09267960913516
C03 550.029 94.80431402650429
C03 575.023 96.70487682704247
C03 599.982 97.42070035932085
C03 619.997 97.78189599763574
C03 624.979 98.62996072154313
C03 650.012 98.73903678949674
C03 675.004 98.12596398891658
C03 700.03 97.84931574933982
C03 725.012 97.208714479356
C03 750.022 97.54768432536754
C03 774.987 98.03921219155534
C03 799.976 96.73446576526226
C03 824.988 95.14512465899494
C03 850.022 93.13916736346138
C03 869.967 90.06284954472196
C03 875.002 88.63656575928951
C03 899.999 82.33190994459744
C03 919.999 73.6201265859735
C03 925.012 70.81369230588142
C03 949.965 57.9291527968581
C03 975.002 42.962986790079626
C03 999.976 26.324350744420048
C03 1025.028 11.445640086625248
C03 1050.014 4.055700973769719
C03 1075.002 0.9293286318921463
C03 1099.99 0.09220713309967007
C04 319.994 42.79039601334367
C04 324.969 48.31465305155494
C04 349.982 70.889066073236
C04 374.975 75.48220710126934
C04 400.019 82.88590334702701
C04 424.965 85.25554853911262
C04 450.035 87.6232620416831
C04 475.003 89.6627474069967
C04 500.018 91.98719863968157
C04 525.002 94.33449683541582
C04 550.029 95.03969986298756
C04 575.023 96.93670229461551
C04 599.982 97.65367726534997
C04 619.997 98.01666823862597
C04 624.979 98.86639194294045
C04 650.012 98.97479381337703
C04 675.004 98.3621073506999
C04 700.03 98.09789010129688
C04 725.012 97.49678620045746
C04 750.022 97.88735109465513
C04 774.987 98.42292905704059
C04 799.976 97.13406036103648
C04 824.988 95.52007695675867
C04 850.022 93.50988509479785
C04 869.967 90.50059311460647
C04 875.002 89.07298365989897
C04 899.999 82.47775629061528
C04 919.999 73.70149237845142
C04 925.012 70.92492732094016
C04 949.965 58.17304185483438
C04 975.002 43.18509320805308
C04 999.976 26.38577278956102
C04 1025.028 11.459231984321322
C04 1050.014 4.061694892706333
C04 1075.002 0.9325641971897601
C04 1099.99 0.09252816291604657
C05 319.994 43.045041930580595
C05 324.969 48.60516779174905
C05 349.982 71.39959267394893
C05 374.975 75.99158226352621
C05 400.019 83.16814212331812
C05 424.965 85.41494701274829
C05 450.035 87.71105922395843
C05 475.003 89.71114569841664
C05 500.018 92.00679581919375
C05 525.002 94.34086762318921
C05 550.029 95.0405028398056
C05 575.023 96.9330055711513
C05 599.982 97.64661712955353
C05 619.997 98.00833546032545
C05 624.979 98.85605929784784
C05 650.012 98.96453692081441
C05 675.004 98.35851668077768
C05 700.03 98.10787428475149
C05 725.012 97.53310196334166
C05 750.022 97.95730098086136
C05 774.987 98.52816447172296
C05 799.976 97.2465074165753
C05 824.988 95.61436613085539
C05 850.022 93.5916902519498
C05 869.967 90.60429075292976
C05 875.002 89.17815089730433
C05 899.999 82.44257681568115
C05 919.999 73.53200366781915
C05 925.012 70.75115859236263
C05 949.965 58.0991831380799
C05 975.002 43.17522265339348
C05 999.976 26.333564145881855
C05 1025.028 11.443684724444505
C05 1050.014 4.051179021181758
C05 1075.002 0.9332303128497633
C05 1099.99 0.09259425429988422
C06 319.994 43.15005008767296
C06 324.969 48.72681120443042
C06 349.982 71.6383116217524
C06 374.975 76.19901541643777
C06 400.019 83.16864209001615
C06 424.965 85.3131810639401
C06 450.035 87.55085019825172
C06 475.003 89.51499967247575
C06 500.018 91.78701500389144
C06 525.002 94.10292892644479
C06 550.029 94.78980741700842
C06 575.023 96.6774544111808
C06 599.982 97.38919488209194
C06 619.997 97.74576961607654
C06 624.979 98.59498577844
C06 650.012 98.70261497307054
C06 675.004 98.09564025115576
C06 700.03 97.84800523057075
C06 725.012 97.27870224182725
C06 750.022 97.70554502264412
C06 774.987 98.26612889518408
C06 799.976 96.98245682273829
C06 824.988 95.32986235391714
C06 850.022 93.27892320606685
C06 869.967 90.31769620616339
C06 875.002 88.90936577034205
C06 899.999 82.12900679298015
C06 919.999 73.1268412610896
C06 925.012 70.34929899594128
C06 949.965 57.783874594815295
C06 975.002 42.93337891372733
C06 999.976 26.148765848935657
C06 1025.028 11.374794426751706
C06 1050.014 4.02703953058917
C06 1075.002 0.9308318634019581
C06 1099.99 0.0923562823490832
C07 319.994 43.39244303318165
C07 324.969 49.004304084716736
C07 349.982 72.07397199706179
C07 374.975 76.59420121496574
C07 400.019 83.39683901140198
C07 424.965 85.4566336300098
C07 450.035 87.65072233380977
C07 475.003 89.5885250780982
C07 500.018 91.84270068869782
C07 525.002 94.14887283589258
C07 550.029 94.83113799737892
C07 575.023 96.7104370627448
C07 599.982 97.41886714809473
C07 619.997 97.77908557877257
C07 624.979 98.62527163993585
C07 650.012 98.73052220512423
C07 675.004 98.11847206369913
C07 700.03 97.86144372939356
C07 725.012 97.25194644822962
C07 750.022 97.62374744074515
C07 774.987 98.12599428992858
C07 799.976 96.81155153979493
C07 824.988 95.15686630114566
C07 850.022 93.06754334634203
C07 869.967 90.07883332855292
C07 875.002 88.69663751558316
C07 899.999 81.9796076533051
C07 919.999 72.92071105169411
C07 925.012 70.1450853255549
C07 949.965 57.419698094444726
C07 975.002 42.71870381894732
C07 999.976 25.984365814506443
C07 1025.028 11.37097555233285
C07 1050.014 4.033371495190929
C07 1075.002 0.9300530628048469
C07 1099.99 0.09227901046930724
C10 319.994 40.16612762978013
C10 324.969 45.3239318040942
C10 349.982 66.00727002962014
C10 374.975 70.9026030503478
C10 400.019 80.26882766618742
C10 424.965 83.69701598679818
C10 450.035 86.63032060414193
C10 475.003 89.01614653663651
C10 500.018 91.55525013834239
C10 525.002 94.04190268827308
C10 550.029 94.832410639883
C10 575.023 96.77603117847578
C10 599.982 97.52122396663694
C10 619.997 97.89736557912174
C10 624.979 98.74791498601328
C10 650.012 98.8637709054023
C10 675.004 98.26410630263295
C10 700.03 98.02619790690055
C10 725.012 97.50635374499704
C10 750.022 98.00610833594332
C10 774.987 98.66963989675953
C10 799.976 97.45076653847967
C10 824.988 95.87433366332513
C10 850.022 93.96903632966168
C10 869.967 91.1181201639509
C10 875.002 89.66412610304279
C10 899.999 83.37694639702278
C10 919.999 74.18087711407948
C10 925.012 71.549355425768
C10 949.965 58.66742937902984
C10 975.002 43.57941542773898
C10 999.976 26.625421599670293
C10 1025.028 11.577381311556232
C10 1050.014 4.136308767494292
C10 1075.002 0.933694599115316
C10 1099.99 0.09264032035662133
C11 319.994 40.666526117231456
C11 324.969 45.89052663989004
C11 349.982 66.88192389155915
C11 374.975 71.69767130426399
C11 400.019 80.71980520306374
C11 424.965 83.96546780262844
C11 450.035 86.79539294227494
C11 475.003 89.11733676621665
C11 500.018 91.61758689528317
C11 525.002 94.07271881747896
C11 550.029 94.84544765029678
C11 575.023 96.77718261693185
C11 599.982 97.51334570351646
C11 619.997 97.88676022492109
C11 624.979 98.73949887992977
C11 650.012 98.84992334291746
C11 675.004 98.24574388935984
C11 700.03 98.02137247073925
C11 725.012 97.52755687814532
C11 750.022 98.05787761494847
C11 774.987 98.75012695988941
C11 799.976 97.53926064403103
C11 824.988 95.95822201505221
C11 850.022 93.98908044910088
C11 869.967 91.08219831422272
C11 875.002 89.67156500148924
C11 899.999 83.4928629184358
C11 919.999 74.0772779540452
C11 925.012 71.23840644060516
C11 949.965 58.466317774747154
C11 975.002 43.38623511334777
C11 999.976 26.5867859155547
C11 1025.028 11.54046047533862
C11 1050.014 4.090287211703253
C11 1075.002 0.9341875471911887
C11 1099.99 0.09268923021184731
C12 319.994 41.15670937601166
C12 324.969 46.44876218399987
C12 349.982 67.75925939306032
C12 374.975 72.50266313961077
C12 400.019 81.20203065856697
C12 424.965 84.27553048319022
C12 450.035 87.01504497827625
C12 475.003 89.28579524244086
C12 500.018 91.75364601442442
C12 525.002 94.18972617532404
C12 550.029 94.95266020601228
C12 575.023 96.87905461928203
C12 599.982 97.6113770525954
C12 619.997 97.98073881364479
C12 624.979 98.83263661557041
C12 650.012 98.94370497506314
C12 675.004 98.33957854827653
C12 700.03 98.12385806858246
C12 725.012 97.65512413867306
C12 750.022 98.22463923450057
C12 774.987 98.95245439227867
C12 799.976 97.74405003364545
C12 824.988 96.15696635277226
C12 850.022 94.1477819994605
C12 869.967 91.18635804297904
C12 875.002 89.81372977454885
C12 899.999 83.62694489654392
C12 919.999 74.17491538996812
C12 925.012 71.12670933511339
C12 949.965 58.32534989166161
C12 975.002 43.358346819426586
C12 999.976 26.596703815545553
C12 1025.028 11.544159092616095
C12 1050.014 4.078244926699085
C12 1075.002 0.9357759545585613
C12 1099.99 0.09284683053159817
C13 319.994 41.465662282008886
C13 324.969 46.7957958868304
C13 349.982 68.26931632808723
C13 374.975 72.98777476650717
C13 400.019 81.44488569450868
C13 424.965 84.37516021065227
C13 450.035 87.03546028511249
C13 475.003 89.25494123696998
C13 500.018 91.68643079455134
C13 525.002 94.09601272045536
C13 550.029 94.84200848543458
C13 575.023 96.75283575378837
C13 599.982 97.47950704836342
C13 619.997 97.84470242026255
C13 624.979 98.69362314775898
C13 650.012 98.80647926695983
C13 675.004 98.20393606805031
C13 700.03 97.99326828210755
C13 725.012 97.5570776390881
C13 750.022 98.16465080598994
C13 774.987 98.92671368258311
C13 799.976 97.72711176793642
C13 824.988 96.12089299798407
C13 850.022 94.14694114637746
C13 869.967 91.11526429356972
C13 875.002 89.70687325572437
C13 899.999 83.40531571950949
C13 919.999 74.00678264962293
C13 925.012 70.98853672038501
C13 949.965 58.34462512292128
C13 975.002 43.39310586781919
C13 999.976 26.63595877659393
C13 1025.028 11.563616129947773
C13 1050.014 4.075685438091555
C13 1075.002 0.9352041366596477
C13 1099.99 0.09279009528498627
C14 319.994 41.742011299092134
C14 324.969 47.10753648593179
C14 349.982 68.75486731965765
C14 374.975 73.40490607297745
C14 400.019 81.60473868332437
C14 424.965 84.40377194123501
C14 450.035 86.99378881835696
C14 475.003 89.1677349244287
C14 500.018 91.5686507609002
C14 525.002 93.95906729671307
C14 550.029 94.69298053315654
C14 575.023 96.59258885181666
C14 599.982 97.31074556201918
C14 619.997 97.67003981183096
C14 624.979 98.51711975284829
C14 650.012 98.62426413128678
C14 675.004 98.02087250404122
C14 700.03 97.82489313366634
C14 725.012 97.41517799988351
C14 750.022 98.05596865119234
C14 774.987 98.84613571641724
C14 799.976 97.65200313443687
C14 824.988 96.03167924339768
C14 850.022 94.09892919286054
C14 869.967 91.05508648373409
C14 875.002 89.60625117011928
C14 899.999 83.18717115885528
C14 919.999 73.83437746658548
C14 925.012 70.94614560459445
C14 949.965 58.40209099218276
C14 975.002 43.407828372025584
C14 999.976 26.655701779726378
C14 1025.028 11.59078856246042
C14 1050.014 4.0809350884208735
C14 1075.002 0.9341684622954153
C14 1099.99 0.09268733662602162
C15 319.994 42.029355795905545
C15 324.969 47.43659411339223
C15 349.982 69.28446840742575
C15 374.975 73.8808213427313
C15 400.019 81.84994204769623
C15 424.965 84.53358905190387
C15 450.035 87.06500377181428
C15 475.003 89.20050546890869
C15 500.018 91.58092267076094
C15 525.002 93.95530997122484
C15 550.029 94.6773755119756
C15 575.023 96.57415826126655
C15 599.982 97.28664868222472
C15 619.997 97.64423092485839
C15 624.979 98.4892125207946
C15 650.012 98.59180417217982
C15 675.004 97.98825346462124
C15 700.03 97.79491785754352
C15 725.012 97.4016940495427
C15 750.022 98.05801396950247
C15 774.987 98.86244523612721
C15 799.976 97.67161546445506
C15 824.988 96.02769466031943
C15 850.022 94.10556511448894
C15 869.967 91.06931280886894
C15 875.002 89.60033489752593
C15 899.999 82.98545732195905
C15 919.999 73.75297379784254
C15 925.012 70.86864319114675
C15 949.965 58.36344205137441
C15 975.002 43.33254172008052
C15 999.976 26.570669564796223
C15 1025.028 11.548937183446133
C15 1050.014 4.087045950325681
C15 1075.002 0.9341878206119337
C15 1099.99 0.09268925734040245
C16 319.994 42.273578165013845
C16 324.969 47.71766630072126
C16 349.982 69.7391199420073
C16 374.975 74.3098988231833
C16 400.019 82.08297198049635
C16 424.965 84.66186838621364
C16 450.035 87.13655203640361
C16 475.003 89.24066946031712
C16 500.018 91.59864876278202
C16 525.002 93.95921122652008
C16 550.029 94.67485295272644
C16 575.023 96.5667345133261
C16 599.982 97.27382377889495
C16 619.997 97.63179235943164
C16 624.979 98.4758876507668
C16 650.012 98.57762329856295
C16 675.004 97.97328476469234
C16 700.03 97.78222930876775
C16 725.012 97.38346799082359
C16 750.022 98.03279595226394
C16 774.987 98.82010714710765
C16 799.976 97.62219451388006
C16 824.988 95.97407701958218
C16 850.022 94.03853927594088
C16 869.967 91.02452791313023
C16 875.002 89.56220864917461
C16 899.999 82.86711671958588
C16 919.999 73.64079187615874
C16 925.012 70.76315021786236
C16 949.965 58.249563273018516
C16 975.002 43.2794808604388
C16 999.976 26.509957699624046
C16 1025.028 11.549465557342916
C16 1050.014 4.086793599710104
C16 1075.002 0.9339476633726174
C16 1099.99 0.0926654291597454
C17 319.994 42.54056795701503
C17 324.969 48.02086958969114
C17 349.982 70.2177850286003
C17 374.975 74.7305601975518
C17 400.019 82.28282988040746
C17 424.965 84.75234720805112
C17 450.035 87.1660424963344
C17 475.003 89.23489711753078
C17 500.018 91.5685447073582
C17 525.002 93.91747915774054
C17 550.029 94.62324275403432
C17 575.023 96.50610218831042
C17 599.982 97.21113098506315
C17 619.997 97.56557707295462
C17 624.979 98.41297517459797
C17 650.012 98.50955965035384
C17 675.004 97.90400150075014
C17 700.03 97.70392391850201
C17 725.012 97.27016493169573
C17 750.022 97.86921593897203
C17 774.987 98.60040208433534
C17 799.976 97.3819302144645
C17 824.988 95.74183491309411
C17 850.022 93.80507755371974
C17 869.967 90.82517755517014
C17 875.002 89.37122894578003
C17 899.999 82.66399388563157
C17 919.999 73.52461022089071
C17 925.012 70.67278502481989
C17 949.965 58.113148116986245
C17 975.002 43.13539197311707
C17 999.976 26.42980962906594
C17 1025.028 11.569636562269888
C17 1050.014 4.1174601176692125
C17 1075.002 0.9323896900942817
C17 1099.99 0.09251084848234958
