lsstCam/transmission_sensor/r14_s22/19700101T000000.ecsv
# %ECSV 1.0
# ---
# datatype:
# - {name: amp_name, datatype: string}
# - {name: wavelength, unit: nm, datatype: float32}
# - {name: efficiency, unit: '%', datatype: float64}
# meta: !!omap
# - {MODE: AMP}
# - {TYPE: transmission_sensor}
# - {CALIBDATE: '1970-01-01T00:00:00'}
# - {INSTRUME: LSSTCAM}
# - {OBSTYPE: transmission_sensor}
# - {DETECTOR: 71}
# - {PARQUETFILE: qe_raft_allvalues_nircorrected_20230725.parquet}
# - {CALIBCLS: lsst.ip.isr.IntermediateSensorTransmissionCurve}
# - {CALIB_ID: 'raftName=R14 detectorName=S22 detector=71 calibDate=1970-01-01T00:00:00 ccd=71 ccdnum=71 filter=None'}
# - {DATE: '2024-01-18T22:42:25.224561'}
# - {CALIB_CREATION_DATE: '2024-01-18'}
# - {CALIB_CREATION_TIME: '22:42:25'}
# - __serialized_columns__:
#     efficiency:
#       __class__: astropy.units.quantity.Quantity
#       unit: !astropy.units.Unit {unit: '%'}
#       value: !astropy.table.SerializedColumn {name: efficiency}
#     wavelength:
#       __class__: astropy.units.quantity.Quantity
#       unit: !astropy.units.Unit {unit: nm}
#       value: !astropy.table.SerializedColumn {name: wavelength}
# schema: astropy-2.0
amp_name wavelength efficiency
C00 319.994 42.04090118408203
C00 324.969 47.456581115722656
C00 349.982 69.24864959716797
C00 374.975 73.89031982421875
C00 400.019 82.31010437011719
C00 424.965 85.22802734375
C00 450.035 87.9046401977539
C00 475.003 90.1427993774414
C00 500.018 92.59573364257812
C00 525.002 95.03116607666016
C00 550.029 95.7823257446289
C00 575.023 97.71166229248047
C00 599.982 98.44100189208984
C00 619.997 98.80841827392578
C00 624.979 99.66386413574219
C00 650.012 99.76586151123047
C00 675.004 99.13385772705078
C00 700.03 98.81190490722656
C00 725.012 98.0438461303711
C00 750.022 98.23040771484375
C00 774.987 98.57567596435547
C00 799.976 97.21733093261719
C00 824.988 95.65652465820312
C00 850.022 93.61420440673828
C00 869.967 90.63566589355469
C00 875.002 89.20475006103516
C00 899.999 83.20072174072266
C00 919.999 74.26071166992188
C00 925.012 71.50665283203125
C00 949.965 58.50517654418945
C00 975.002 43.11814880371094
C00 999.976 26.542240142822266
C00 1025.028 11.460634231567383
C00 1050.014 4.099653244018555
C00 1075.002 0.9358342371236051
C00 1099.99 0.09285261327415872
C01 319.994 42.40367889404297
C01 324.969 47.866859436035156
C01 349.982 69.93585205078125
C01 374.975 74.55536651611328
C01 400.019 82.68830871582031
C01 424.965 85.45270538330078
C01 450.035 88.04362487792969
C01 475.003 90.22679901123047
C01 500.018 92.64412689208984
C01 525.002 95.05790710449219
C01 550.029 95.79161834716797
C01 575.023 97.71825408935547
C01 599.982 98.44073486328125
C01 619.997 98.80293273925781
C01 624.979 99.66435241699219
C01 650.012 99.7679214477539
C01 675.004 99.14030456542969
C01 700.03 98.82833099365234
C01 725.012 98.09797668457031
C01 750.022 98.33382415771484
C01 774.987 98.72203063964844
C01 799.976 97.37300872802734
C01 824.988 95.80733489990234
C01 850.022 93.7238998413086
C01 869.967 90.72457122802734
C01 875.002 89.3094253540039
C01 899.999 83.2763442993164
C01 919.999 74.19426727294922
C01 925.012 71.36775970458984
C01 949.965 58.59727478027344
C01 975.002 43.26543426513672
C01 999.976 26.6511287689209
C01 1025.028 11.49619197845459
C01 1050.014 4.052877426147461
C01 1075.002 0.9368190512815616
C01 1099.99 0.09295032563018099
C02 319.994 42.588172912597656
C02 324.969 48.079002380371094
C02 349.982 70.3681869506836
C02 374.975 74.98230743408203
C02 400.019 82.87822723388672
C02 424.965 85.50872039794922
C02 450.035 88.02503967285156
C02 475.003 90.16287994384766
C02 500.018 92.55142974853516
C02 525.002 94.95205688476562
C02 550.029 95.67932891845703
C02 575.023 97.59512329101562
C02 599.982 98.31883239746094
C02 619.997 98.68519592285156
C02 624.979 99.54179382324219
C02 650.012 99.64942169189453
C02 675.004 99.02777862548828
C02 700.03 98.72865295410156
C02 725.012 98.04110717773438
C02 750.022 98.33190155029297
C02 774.987 98.77111053466797
C02 799.976 97.435546875
C02 824.988 95.85092163085938
C02 850.022 93.79256439208984
C02 869.967 90.6873779296875
C02 875.002 89.26939392089844
C02 899.999 83.1888427734375
C02 919.999 74.2839126586914
C02 925.012 71.41000366210938
C02 949.965 58.42156219482422
C02 975.002 43.28409957885742
C02 999.976 26.608739852905273
C02 1025.028 11.561477661132812
C02 1050.014 4.071136951446533
C02 1075.002 0.9368002610961363
C02 1099.99 0.0929484612852453
C03 319.994 42.743431091308594
C03 324.969 48.25822067260742
C03 349.982 70.71804809570312
C03 374.975 75.32970428466797
C03 400.019 82.98788452148438
C03 424.965 85.49156951904297
C03 450.035 87.93517303466797
C03 475.003 90.02857208251953
C03 500.018 92.38935089111328
C03 525.002 94.76517486572266
C03 550.029 95.48189544677734
C03 575.023 97.39604187011719
C03 599.982 98.11698150634766
C03 619.997 98.48075866699219
C03 624.979 99.33488464355469
C03 650.012 99.44474029541016
C03 675.004 98.82728576660156
C03 700.03 98.54866027832031
C03 725.012 97.90348052978516
C03 750.022 98.244873046875
C03 774.987 98.73991394042969
C03 799.976 97.42584228515625
C03 824.988 95.82514190673828
C03 850.022 93.80484771728516
C03 869.967 90.70654296875
C03 875.002 89.27006530761719
C03 899.999 82.92034912109375
C03 919.999 74.14630126953125
C03 925.012 71.31980895996094
C03 949.965 58.34318161010742
C03 975.002 43.270050048828125
C03 999.976 26.512495040893555
C03 1025.028 11.527443885803223
C03 1050.014 4.08468770980835
C03 1075.002 0.9359706905448976
C03 1099.99 0.09286615205726217
C04 319.994 43.09622573852539
C04 324.969 48.65996551513672
C04 349.982 71.39572143554688
C04 374.975 76.02169036865234
C04 400.019 83.47830200195312
C04 424.965 85.86488342285156
C04 450.035 88.24951934814453
C04 475.003 90.30358123779297
C04 500.018 92.64464569091797
C04 525.002 95.00872039794922
C04 550.029 95.71896362304688
C04 575.023 97.62952423095703
C04 599.982 98.35162353515625
C04 619.997 98.71720886230469
C04 624.979 99.57300567626953
C04 650.012 99.68218231201172
C04 675.004 99.06511688232422
C04 700.03 98.79901123046875
C04 725.012 98.19361114501953
C04 750.022 98.58696746826172
C04 774.987 99.12637329101562
C04 799.976 97.82829284667969
C04 824.988 96.20277404785156
C04 850.022 94.17821502685547
C04 869.967 91.14741516113281
C04 875.002 89.70960235595703
C04 899.999 83.0672378540039
C04 919.999 74.2282485961914
C04 925.012 71.43183898925781
C04 949.965 58.58881378173828
C04 975.002 43.493743896484375
C04 999.976 26.574356079101562
C04 1025.028 11.541132926940918
C04 1050.014 4.090724468231201
C04 1075.002 0.9392293809392146
C04 1099.99 0.09318947632448897
C05 319.994 43.352691650390625
C05 324.969 48.95255661010742
C05 349.982 71.90989685058594
C05 374.975 76.53470611572266
C05 400.019 83.76255798339844
C05 424.965 86.02542114257812
C05 450.035 88.33794403076172
C05 475.003 90.35232543945312
C05 500.018 92.66438293457031
C05 525.002 95.01513671875
C05 550.029 95.71977233886719
C05 575.023 97.62580108642578
C05 599.982 98.34451293945312
C05 619.997 98.70881652832031
C05 624.979 99.5625991821289
C05 650.012 99.6718521118164
C05 675.004 99.0615005493164
C05 700.03 98.80906677246094
C05 725.012 98.23018646240234
C05 750.022 98.65741729736328
C05 774.987 99.23236083984375
C05 799.976 97.94154357910156
C05 824.988 96.29773712158203
C05 850.022 94.26060485839844
C05 869.967 91.2518539428711
C05 875.002 89.81552124023438
C05 899.999 83.03180694580078
C05 919.999 74.05754852294922
C05 925.012 71.25682830810547
C05 949.965 58.514427185058594
C05 975.002 43.483802795410156
C05 999.976 26.521774291992188
C05 1025.028 11.525474548339844
C05 1050.014 4.080133438110352
C05 1075.002 0.9399002574331483
C05 1099.99 0.09325604007389551
C06 319.994 43.45845031738281
C06 324.969 49.075069427490234
C06 349.982 72.15032196044922
C06 374.975 76.74362182617188
C06 400.019 83.7630615234375
C06 424.965 85.92292785644531
C06 450.035 88.17658996582031
C06 475.003 90.15477752685547
C06 500.018 92.44303131103516
C06 525.002 94.77549743652344
C06 550.029 95.46728515625
C06 575.023 97.36842346191406
C06 599.982 98.08525085449219
C06 619.997 98.44437408447266
C06 624.979 99.2996597290039
C06 650.012 99.4080581665039
C06 675.004 98.79674530029297
C06 700.03 98.5473403930664
C06 725.012 97.97396850585938
C06 750.022 98.40386199951172
C06 774.987 98.96845245361328
C06 799.976 97.67560577392578
C06 824.988 96.01119995117188
C06 850.022 93.94560241699219
C06 869.967 90.96321105957031
C06 875.002 89.54481506347656
C06 899.999 82.71599578857422
C06 919.999 73.64949035644531
C06 925.012 70.85209655761719
C06 949.965 58.19686508178711
C06 975.002 43.240230560302734
C06 999.976 26.335655212402344
C06 1025.028 11.45609188079834
C06 1050.014 4.055821418762207
C06 1075.002 0.9374846658879609
C06 1099.99 0.09301636729994035
C07 319.994 43.70257568359375
C07 324.969 49.35454559326172
C07 349.982 72.58909606933594
C07 374.975 77.14163208007812
C07 400.019 83.99288940429688
C07 424.965 86.0674057006836
C07 450.035 88.27717590332031
C07 475.003 90.22882843017578
C07 500.018 92.49911499023438
C07 525.002 94.82176971435547
C07 550.029 95.5089111328125
C07 575.023 97.40164184570312
C07 599.982 98.1151351928711
C07 619.997 98.4779281616211
C07 624.979 99.33016204833984
C07 650.012 99.43616485595703
C07 675.004 98.81974029541016
C07 700.03 98.56087493896484
C07 725.012 97.947021484375
C07 750.022 98.32147979736328
C07 774.987 98.82731628417969
C07 799.976 97.50347900390625
C07 824.988 95.83696746826172
C07 850.022 93.73271179199219
C07 869.967 90.72264099121094
C07 875.002 89.33056640625
C07 899.999 82.5655288696289
C07 919.999 73.44188690185547
C07 925.012 70.64642333984375
C07 949.965 57.83008575439453
C07 975.002 43.02402114868164
C07 999.976 26.170080184936523
C07 1025.028 11.452245712280273
C07 1050.014 4.062198638916016
C07 1075.002 0.936700299079859
C07 1099.99 0.09293854314582346
C10 319.994 40.45320129394531
C10 324.969 45.64786911010742
C10 349.982 66.47903442382812
C10 374.975 71.40935516357422
C10 400.019 80.84252166748047
C10 424.965 84.29521179199219
C10 450.035 87.24948120117188
C10 475.003 89.65235900878906
C10 500.018 92.20960998535156
C10 525.002 94.71403503417969
C10 550.029 95.51019287109375
C10 575.023 97.46770477294922
C10 599.982 98.21822357177734
C10 619.997 98.59705352783203
C10 624.979 99.45368194580078
C10 650.012 99.57036590576172
C10 675.004 98.96641540527344
C10 700.03 98.726806640625
C10 725.012 98.2032470703125
C10 750.022 98.70657348632812
C10 774.987 99.37484741210938
C10 799.976 98.14726257324219
C10 824.988 96.55956268310547
C10 850.022 94.6406478881836
C10 869.967 91.76935577392578
C10 875.002 90.30496978759766
C10 899.999 83.97285461425781
C10 919.999 74.7110595703125
C10 925.012 72.06072998046875
C10 949.965 59.086734771728516
C10 975.002 43.89088439941406
C10 999.976 26.815717697143555
C10 1025.028 11.660126686096191
C10 1050.014 4.165871620178223
C10 1075.002 0.9403678620260415
C10 1099.99 0.09330243537202286
C11 319.994 40.957176208496094
C11 324.969 46.21851348876953
C11 349.982 67.35993957519531
C11 374.975 72.2101058959961
C11 400.019 81.29672241210938
C11 424.965 84.56558227539062
C11 450.035 87.41573333740234
C11 475.003 89.7542724609375
C11 500.018 92.27239227294922
C11 525.002 94.74507141113281
C11 550.029 95.52332305908203
C11 575.023 97.46886444091797
C11 599.982 98.21028900146484
C11 619.997 98.58637237548828
C11 624.979 99.44520568847656
C11 650.012 99.5564193725586
C11 675.004 98.94792175292969
C11 700.03 98.7219467163086
C11 725.012 98.22460174560547
C11 750.022 98.75871276855469
C11 774.987 99.4559097290039
C11 799.976 98.23638916015625
C11 824.988 96.64405059814453
C11 850.022 94.66083526611328
C11 869.967 91.7331771850586
C11 875.002 90.31246185302734
C11 899.999 84.089599609375
C11 919.999 74.60671997070312
C11 925.012 71.74755859375
C11 949.965 58.884185791015625
C11 975.002 43.69632339477539
C11 999.976 26.776805877685547
C11 1025.028 11.622941970825195
C11 1050.014 4.119521141052246
C11 1075.002 0.9408643332797442
C11 1099.99 0.09335169479371647
C12 319.994 41.450862884521484
C12 324.969 46.780738830566406
C12 349.982 68.24354553222656
C12 374.975 73.0208511352539
C12 400.019 81.78239440917969
C12 424.965 84.87786102294922
C12 450.035 87.63695526123047
C12 475.003 89.92393493652344
C12 500.018 92.409423828125
C12 525.002 94.8629150390625
C12 550.029 95.63130187988281
C12 575.023 97.57146453857422
C12 599.982 98.30902099609375
C12 619.997 98.68102264404297
C12 624.979 99.53900909423828
C12 650.012 99.65087127685547
C12 675.004 99.04242706298828
C12 700.03 98.82516479492188
C12 725.012 98.35308074951172
C12 750.022 98.92666625976562
C12 774.987 99.65968322753906
C12 799.976 98.44264221191406
C12 824.988 96.8442153930664
C12 850.022 94.82067108154297
C12 869.967 91.83808135986328
C12 875.002 90.45564270019531
C12 899.999 84.22463989257812
C12 919.999 74.7050552368164
C12 925.012 71.63506317138672
C12 949.965 58.742210388183594
C12 975.002 43.668235778808594
C12 999.976 26.786794662475586
C12 1025.028 11.626667022705078
C12 1050.014 4.10739278793335
C12 1075.002 0.9424640932456879
C12 1099.99 0.09351042150786813
C13 319.994 41.76202392578125
C13 324.969 47.130252838134766
C13 349.982 68.75724792480469
C13 374.975 73.50942993164062
C13 400.019 82.02698516845703
C13 424.965 84.97820281982422
C13 450.035 87.65751647949219
C13 475.003 89.89286041259766
C13 500.018 92.34172821044922
C13 525.002 94.7685317993164
C13 550.029 95.51985931396484
C13 575.023 97.44434356689453
C13 599.982 98.17620849609375
C13 619.997 98.54401397705078
C13 624.979 99.39900207519531
C13 650.012 99.51266479492188
C13 675.004 98.90581512451172
C13 700.03 98.69364166259766
C13 725.012 98.25433349609375
C13 750.022 98.86624908447266
C13 774.987 99.63375854492188
C13 799.976 98.42558288574219
C13 824.988 96.8078842163086
C13 850.022 94.81982421875
C13 869.967 91.7664794921875
C13 875.002 90.3480224609375
C13 899.999 84.00142669677734
C13 919.999 74.53572082519531
C13 925.012 71.49590301513672
C13 949.965 58.76162338256836
C13 975.002 43.703243255615234
C13 999.976 26.826330184936523
C13 1025.028 11.646263122558594
C13 1050.014 4.1048150062561035
C13 1075.002 0.9418881884738503
C13 1099.99 0.09345328076547924
C14 319.994 42.040348052978516
C14 324.969 47.44422149658203
C14 349.982 69.24626922607422
C14 374.975 73.9295425415039
C14 400.019 82.18798065185547
C14 424.965 85.00701904296875
C14 450.035 87.61554718017578
C14 475.003 89.8050308227539
C14 500.018 92.22310638427734
C14 525.002 94.63060760498047
C14 550.029 95.36976623535156
C14 575.023 97.28295135498047
C14 599.982 98.00624084472656
C14 619.997 98.36810302734375
C14 624.979 99.22123718261719
C14 650.012 99.32914733886719
C14 675.004 98.72144317626953
C14 700.03 98.52406311035156
C14 725.012 98.11141967773438
C14 750.022 98.75679016113281
C14 774.987 99.55260467529297
C14 799.976 98.34993743896484
C14 824.988 96.71803283691406
C14 850.022 94.77146911621094
C14 869.967 91.70587158203125
C14 875.002 90.2466812133789
C14 899.999 83.78172302246094
C14 919.999 74.3620834350586
C14 925.012 71.45320892333984
C14 949.965 58.81949996948242
C14 975.002 43.71807098388672
C14 999.976 26.846214294433594
C14 1025.028 11.673629760742188
C14 1050.014 4.11010217666626
C14 1075.002 0.9408451119812035
C14 1099.99 0.0933497876741335
C15 319.994 42.32974624633789
C15 324.969 47.775630950927734
C15 349.982 69.77965545654297
C15 374.975 74.40885925292969
C15 400.019 82.4349365234375
C15 424.965 85.13776397705078
C15 450.035 87.68727111816406
C15 475.003 89.8380355834961
C15 500.018 92.23546600341797
C15 525.002 94.62682342529297
C15 550.029 95.35404968261719
C15 575.023 97.26438903808594
C15 599.982 97.98197174072266
C15 619.997 98.34210968017578
C15 624.979 99.19313049316406
C15 650.012 99.29645538330078
C15 675.004 98.68859100341797
C15 700.03 98.4938735961914
C15 725.012 98.09783935546875
C15 750.022 98.75885009765625
C15 774.987 99.56903076171875
C15 799.976 98.36968994140625
C15 824.988 96.71401977539062
C15 850.022 94.77815246582031
C15 869.967 91.72019958496094
C15 875.002 90.24072265625
C15 899.999 83.57856750488281
C15 919.999 74.28009796142578
C15 925.012 71.37515258789062
C15 949.965 58.780574798583984
C15 975.002 43.64224624633789
C15 999.976 26.760574340820312
C15 1025.028 11.631479263305664
C15 1050.014 4.1162567138671875
C15 1075.002 0.9408646086546705
C15 1099.99 0.09335172211616367
C16 319.994 42.575714111328125
C16 324.969 48.058712005615234
C16 349.982 70.23755645751953
C16 374.975 74.84100341796875
C16 400.019 82.66963195800781
C16 424.965 85.26696014404297
C16 450.035 87.75933074951172
C16 475.003 89.87848663330078
C16 500.018 92.2533187866211
C16 525.002 94.63075256347656
C16 550.029 95.35150909423828
C16 575.023 97.25691223144531
C16 599.982 97.96905517578125
C16 619.997 98.32958221435547
C16 624.979 99.1797103881836
C16 650.012 99.28217315673828
C16 675.004 98.67351531982422
C16 700.03 98.48109436035156
C16 725.012 98.07948303222656
C16 750.022 98.73345184326172
C16 774.987 99.5263900756836
C16 799.976 98.31991577148438
C16 824.988 96.66001892089844
C16 850.022 94.71064758300781
C16 869.967 91.67509460449219
C16 875.002 90.20232391357422
C16 899.999 83.45938110351562
C16 919.999 74.1671142578125
C16 925.012 71.26890563964844
C16 949.965 58.6658821105957
C16 975.002 43.58880615234375
C16 999.976 26.69942855834961
C16 1025.028 11.632011413574219
C16 1050.014 4.116002559661865
C16 1075.002 0.9406227349735975
C16 1099.99 0.09332772363173239
C17 319.994 42.84461212158203
C17 324.969 48.36408233642578
C17 349.982 70.71964263916016
C17 374.975 75.2646713256836
C17 400.019 82.87091827392578
C17 424.965 85.35808563232422
C17 450.035 87.78903198242188
C17 475.003 89.87267303466797
C17 500.018 92.2229995727539
C17 525.002 94.5887222290039
C17 550.029 95.29953002929688
C17 575.023 97.19584655761719
C17 599.982 97.90591430664062
C17 619.997 98.26289367675781
C17 624.979 99.11634826660156
C17 650.012 99.213623046875
C17 675.004 98.6037368774414
C17 700.03 98.40222930908203
C17 725.012 97.96537017822266
C17 750.022 98.5687026977539
C17 774.987 99.30511474609375
C17 799.976 98.07793426513672
C17 824.988 96.42611694335938
C17 850.022 94.47551727294922
C17 869.967 91.47431945800781
C17 875.002 90.00997924804688
C17 899.999 83.25480651855469
C17 919.999 74.05010223388672
C17 925.012 71.17789459228516
C17 949.965 58.52849197387695
C17 975.002 43.443687438964844
C17 999.976 26.61870765686035
C17 1025.028 11.652326583862305
C17 1050.014 4.146888256072998
C17 1075.002 0.9390536266139364
C17 1099.99 0.09317203814179706
