lsstCam/transmission_filter_detector/r14_s12/y_10/19700101T000000.ecsv
# %ECSV 1.0
# ---
# datatype:
# - {name: wavelength, unit: nm, datatype: float32}
# - {name: efficiency, unit: '%', datatype: float64}
# meta: !!omap
# - {MODE: DETECTOR}
# - {TYPE: transmission_filter_detector}
# - {CALIBDATE: '1970-01-01T00:00:00'}
# - {INSTRUME: LSSTCam}
# - {OBSTYPE: transmission_filter_detector}
# - {CALIBCLS: lsst.ip.isr.IntermediateFilterDetectorTransmissionCurve}
# - {SOURCE: Materion (DM-46256)}
# - {DETECTOR: 68}
# - {FILTER: y_10}
# - {CALIB_ID: 'calibDate=1970-01-01T00:00:00 filter=y_10 detector=68'}
# - {DATE: '2025-04-02T15:59:51.056333'}
# - {CALIB_CREATION_DATE: '2025-04-02'}
# - {CALIB_CREATION_TIME: '15:59:51'}
# - __serialized_columns__:
#     efficiency:
#       __class__: astropy.units.quantity.Quantity
#       unit: !astropy.units.Unit {unit: '%'}
#       value: !astropy.table.SerializedColumn {name: efficiency}
#     wavelength:
#       __class__: astropy.units.quantity.Quantity
#       unit: !astropy.units.Unit {unit: nm}
#       value: !astropy.table.SerializedColumn {name: wavelength}
# schema: astropy-2.0
wavelength efficiency
300.0 0.5305088590830564
301.0 0.2842938993126154
302.0 0.03807889006566256
303.0 0.03319845418445766
304.0 0.028318021213635802
305.0 0.018858340627048165
306.0 0.009398657130077481
307.0 0.016355981642846018
308.0 0.023313304700423032
309.0 0.016356429841835052
310.0 0.009399551345268264
311.0 0.00819131382741034
312.0 0.006983075581956655
313.0 0.006814554944867268
314.0 0.006646035035373643
315.0 0.005374411921366118
316.0 0.004102790626347996
317.0 0.004454458758118562
318.0 0.004806123979506083
319.0 0.0021201689378358424
320.0 1.951905000477372e-10
321.0 0.0019083518054685555
322.0 0.004382491169963032
323.0 0.003173097866238095
324.0 0.001963704744412098
325.0 0.000764289143262431
326.0 1.951905000477372e-10
327.0 0.0004984020506526576
328.0 0.0014319310139399022
329.0 0.0031034152925712988
330.0 0.004774899935000576
331.0 0.003901783566107042
332.0 0.003028667015314568
333.0 0.002096932257700246
334.0 0.001165197045338573
335.0 0.0013326633052201942
336.0 0.001500129837950226
337.0 0.002401007259322796
338.0 0.003301884134998545
339.0 0.0017406020560883917
340.0 0.00017931979527929798
341.0 1.951905000477372e-10
342.0 1.951905000477372e-10
343.0 9.813547876547091e-05
344.0 0.0008905530194169842
345.0 0.001124711889133323
346.0 0.0013588714864454232
347.0 0.0014500184988719411
348.0 0.0015411653293995187
349.0 0.0014533738067257218
350.0 0.0013655821021529846
351.0 0.0013989777471579146
352.0 0.0014323727555165533
353.0 0.0014139787708700169
354.0 0.0013955847862234805
355.0 0.0015346360669354908
356.0 0.0016736874385969713
357.0 0.0010491880857443903
358.0 0.00042468846004339866
359.0 0.0008105836968752556
360.0 0.0011964790246565826
361.0 0.0014665751223219559
362.0 0.0017366710380883887
363.0 0.001154441179096466
364.0 0.0005722110472561326
365.0 0.0011349791748216376
366.0 0.0016977479390334338
367.0 0.002135348222509492
368.0 0.002572948687884491
369.0 0.002343707274121698
370.0 0.0021144660422578454
371.0 0.001945389885804616
372.0 0.001776313547452446
373.0 0.0021331446987460367
374.0 0.0024899758500396274
375.0 0.0033572596294106916
376.0 0.004224543226882815
377.0 0.004100739170098677
378.0 0.003976935113314539
379.0 0.0035033484891755506
380.0 0.0030297615012386814
381.0 0.002070122536679264
382.0 0.0011104833902209066
383.0 0.0011530937626957893
384.0 0.0011957037713727914
385.0 0.0008969393093138933
386.0 0.0005981748472549953
387.0 0.0007213842309283791
388.0 0.000844593614601763
389.0 0.0007178374744398752
390.0 0.0005910814252274577
391.0 0.0005702850558009231
392.0 0.0005494886863743886
393.0 0.0006100790415075608
394.0 0.0006706695785396732
395.0 0.0005930658062425209
396.0 0.0005154620339453686
397.0 0.0007512015599786537
398.0 0.0009869409950624686
399.0 0.0011936706869164482
400.0 0.0014004002878209576
401.0 0.0015463330782949924
402.0 0.0016922660506679676
403.0 0.0018167385860579088
404.0 0.00194121112144785
405.0 0.0018904776879935525
406.0 0.0018397440726403147
407.0 0.001578683077241294
408.0 0.0013176221727917437
409.0 0.001046432680595899
410.0 0.0007752428246021736
411.0 0.000618639433014323
412.0 0.00046203608690120745
413.0 0.0009422111361345742
414.0 0.0014223860489437357
415.0 0.0019081973732681945
416.0 0.0023940086975926533
417.0 0.0012914488252135925
418.0 0.00018888867998612113
419.0 1.951905000477372e-10
420.0 1.951905000477372e-10
421.0 6.227609787856636e-05
422.0 0.0005572076133830706
423.0 0.0009185805538436398
424.0 0.0012799532669305336
425.0 0.0002639213107613614
426.0 1.951905000477372e-10
427.0 1.951905000477372e-10
428.0 0.00048614779188937973
429.0 9.368650353280827e-05
430.0 1.951905000477372e-10
431.0 0.000551756829736405
432.0 0.0014022886716702487
433.0 0.0011398684364394285
434.0 0.0008774486559559591
435.0 0.0002052461695711827
436.0 1.951905000477372e-10
437.0 1.951905000477372e-10
438.0 1.7298549437327893e-05
439.0 1.951905000477372e-10
440.0 1.951905000477372e-10
441.0 1.951905000477372e-10
442.0 1.951905000477372e-10
443.0 1.951905000477372e-10
444.0 1.951905000477372e-10
445.0 1.951905000477372e-10
446.0 4.269659541478177e-05
447.0 0.00041432922444073483
448.0 0.0007859617653593887
449.0 0.0008669279850437306
450.0 0.0009478940228291322
451.0 0.0003614423803810496
452.0 1.951905000477372e-10
453.0 1.951905000477372e-10
454.0 0.00011101429890914005
455.0 1.951905000477372e-10
456.0 1.951905000477372e-10
457.0 1.951905000477372e-10
458.0 1.951905000477372e-10
459.0 1.951905000477372e-10
460.0 2.5584171226000763e-05
461.0 7.150952683332434e-05
462.0 0.0001174348085442034
463.0 0.0003689493723868509
464.0 0.0006204639248608146
465.0 0.0005701655936718453
466.0 0.0005198674443818163
467.0 0.0010166952961299103
468.0 0.0015135229659790639
469.0 0.0015064623767102603
470.0 0.0014994012417446356
471.0 0.0016846590369823389
472.0 0.0018699169231695123
473.0 0.0023859318389440887
474.0 0.0029019471185165457
475.0 0.002832514473993797
476.0 0.002763081829471048
477.0 0.003012438173755072
478.0 0.0032617946999380365
479.0 0.0038139751268317923
480.0 0.004366155553725548
481.0 0.004433661888469942
482.0 0.004501168223214336
483.0 0.003892024324159138
484.0 0.0032828800613060594
485.0 0.0035270732041681185
486.0 0.0037712656194344163
487.0 0.003215494507458061
488.0 0.0026597233954817057
489.0 0.0023154709197115153
490.0 0.001971218989638146
491.0 0.0017141686839750037
492.0 0.0014571184692613315
493.0 0.0011591747352213133
494.0 0.000861231455928646
495.0 0.0012696003977907822
496.0 0.0016779693396529183
497.0 0.002137623778253328
498.0 0.002597278398752678
499.0 0.0025688583264127374
500.0 0.0025404382540727966
501.0 0.0022718202671967447
502.0 0.002003202280320693
503.0 0.002323049193364568
504.0 0.0026428957426105626
505.0 0.003179118357365951
506.0 0.0037153411540202796
507.0 0.0027470005079521798
508.0 0.0017786594980861992
509.0 0.001992041870835237
510.0 0.002205424061685335
511.0 0.0021883819499635138
512.0 0.0021713396563427523
513.0 0.002072302231681533
514.0 0.0019732649889192544
515.0 0.0017140821000793949
516.0 0.0014548989383911248
517.0 0.0013533693163481075
518.0 0.0012518395124061499
519.0 0.0013105150173942093
520.0 0.0013691904314327985
521.0 0.0015291776435333304
522.0 0.001689164673734922
523.0 0.00146711072375183
524.0 0.0012450566828192677
525.0 0.0019721288481377997
526.0 0.002699201832001563
527.0 0.0027016849344363436
528.0 0.002704168582567945
529.0 0.0028337073672446422
530.0 0.0029632457881234586
531.0 0.0027732668968383223
532.0 0.0025832878236542456
533.0 0.0025934408768080175
534.0 0.002603593202366028
535.0 0.0021391768314060755
536.0 0.0016747600966482423
537.0 0.0022843914848635904
538.0 0.002894022509281058
539.0 0.003407700205571018
540.0 0.003921376992366277
541.0 0.004263379378244281
542.0 0.004605381400324404
543.0 0.0044461889046942815
544.0 0.0042869967728620395
545.0 0.004597357110469602
546.0 0.004907717448077165
547.0 0.004153783447691239
548.0 0.0033998494473053142
549.0 0.0031443541956832632
550.0 0.0028888589440612122
551.0 0.002705178121686913
552.0 0.002521497299312614
553.0 0.0028507727620308287
554.0 0.003180047497153282
555.0 0.003702890535350889
556.0 0.0042257339373463765
557.0 0.003938422742066905
558.0 0.0036511115467874333
559.0 0.0034155116736656055
560.0 0.0031799118005437776
561.0 0.0031283863791031763
562.0 0.0030768605938646942
563.0 0.0030719580536242574
564.0 0.0030670555133838207
565.0 0.003628189006121829
566.0 0.004189322498859838
567.0 0.004610281030181795
568.0 0.005031239561503753
569.0 0.005593785681412555
570.0 0.0061563318013213575
571.0 0.006446120096370578
572.0 0.0067359091190155596
573.0 0.006737967487424612
574.0 0.006740026583429426
575.0 0.0065532163716852665
576.0 0.0063664068875368685
577.0 0.005541114660445601
578.0 0.004715823524747975
579.0 0.005437533036456443
580.0 0.006159242911962792
581.0 0.006794304499635473
582.0 0.007429365359712392
583.0 0.008724404324311763
584.0 0.010019440378528088
585.0 0.010499325435375795
586.0 0.01097920976462774
587.0 0.010553209722274914
588.0 0.010127207497134805
589.0 0.01032744039548561
590.0 0.010527675476623699
591.0 0.00973253627307713
592.0 0.008937397069530562
593.0 0.007479202758986503
594.0 0.006021010995027609
595.0 0.005638431684928946
596.0 0.005255852738628164
597.0 0.005934302316745743
598.0 0.006612752622459084
599.0 0.007484279194613919
600.0 0.008355805766768754
601.0 0.00898666912689805
602.0 0.009617529576644301
603.0 0.010464613296790048
604.0 0.011311697744531557
605.0 0.011351875582477078
606.0 0.01139205414801836
607.0 0.009816225792746991
608.0 0.008240400347858667
609.0 0.006655484321527183
610.0 0.005070569750387222
611.0 0.004300169894122519
612.0 0.0035297704016556963
613.0 0.003714575359481387
614.0 0.0038993799535091966
615.0 0.004691070716944523
616.0 0.005482762207975611
617.0 0.006600216147489846
618.0 0.00771767008700408
619.0 0.008598911517765373
620.0 0.009480154403718188
621.0 0.010380607272963971
622.0 0.011281060869805515
623.0 0.01143266272265464
624.0 0.011584262392716482
625.0 0.010327604104531929
626.0 0.009070942178368568
627.0 0.007135245687095448
628.0 0.005199546649237163
629.0 0.0043166281102458015
630.0 0.003433710298850201
631.0 0.0029527931474149227
632.0 0.0024718761778785847
633.0 0.0026001071091741323
634.0 0.0027283382223686203
635.0 0.0031376337574329227
636.0 0.0035469285649014637
637.0 0.004363008338259533
638.0 0.005179088111617602
639.0 0.005114392115501687
640.0 0.005049695755587891
641.0 0.005265161962597631
642.0 0.005480628533405252
643.0 0.005253055860521272
644.0 0.005025482823839411
645.0 0.004842350244871341
646.0 0.0046592173021053895
647.0 0.003733755147550255
648.0 0.0028082929929951206
649.0 0.0020459132429095916
650.0 0.0012835330380767118
651.0 0.0013292833500599954
652.0 0.0013750339348916896
653.0 0.001510934998805169
654.0 0.0016468358808197081
655.0 0.00167136295203818
656.0 0.0016958903870545328
657.0 0.001699075619399082
658.0 0.0017022612155415118
659.0 0.0018226193787995726
660.0 0.001942977360158693
661.0 0.0017775300875655375
662.0 0.0016120824511745013
663.0 0.0022409503799281083
664.0 0.0028698183086817153
665.0 0.0034721986594377086
666.0 0.004074579192092642
667.0 0.004727413033833727
668.0 0.005380246147979051
669.0 0.005567436164710671
670.0 0.005754623271059245
671.0 0.006286537973210216
672.0 0.006818452675361186
673.0 0.007836315489839762
674.0 0.008854178304318339
675.0 0.008355930185643956
676.0 0.007857682794565335
677.0 0.006431202928069979
678.0 0.005004722333978862
679.0 0.0033396932849427685
680.0 0.0016746651454013772
681.0 0.0008016118044906761
682.0 1.951905000477372e-10
683.0 0.00026345016976847546
684.0 0.0005983420123811811
685.0 0.000267236055151443
686.0 1.951905000477372e-10
687.0 0.00013375048411035095
688.0 0.00033137087029899703
689.0 0.0003069596914428985
690.0 0.00028254853532416746
691.0 0.00036458113754633814
692.0 0.0004466137852432439
693.0 0.00045302494982024655
694.0 0.0004594361143972492
695.0 0.00044779403651773464
696.0 0.000436151913163485
697.0 0.0004770106897922233
698.0 0.0005178693754714914
699.0 0.0004218181857140735
700.0 0.00032576676858298015
701.0 0.00031158858746493934
702.0 0.0002974105427711038
703.0 0.0003728567889993428
704.0 0.00044830308070231695
705.0 0.0003834995823126519
706.0 0.0003186959020240465
707.0 3.3734528415152454e-05
708.0 1.951905000477372e-10
709.0 1.951905000477372e-10
710.0 0.0002438357569189975
711.0 0.000403666808779235
712.0 0.0005634979061142076
713.0 0.0004382486167742172
714.0 0.0003129994411210646
715.0 0.00047412736421392765
716.0 0.0006352553100441583
717.0 0.0004904236448055599
718.0 0.00034559200230432907
719.0 0.0005112111921334872
720.0 0.0006768301773263374
721.0 0.0004482876647671219
722.0 0.0002197451749452739
723.0 0.0003125829380223877
724.0 0.0004054206328873988
725.0 0.0005170104032004019
726.0 0.0006286003099376103
727.0 0.0004451987024367554
728.0 0.00026179736778431106
729.0 0.0004174935838818783
730.0 0.0005731899818783859
731.0 0.0007588398602820234
732.0 0.0009444899660593364
733.0 0.0004450477263162611
734.0 1.951905000477372e-10
735.0 1.951905000477372e-10
736.0 1.951905000477372e-10
737.0 0.000402394607590395
738.0 0.0008974949196272064
739.0 0.0005681792117684381
740.0 0.00023886323106125928
741.0 0.00015501012740060105
742.0 7.115706353033602e-05
743.0 7.825621395340931e-06
744.0 1.951905000477372e-10
745.0 0.00023732357021799544
746.0 0.0005301530109136365
747.0 0.0003437270834183437
748.0 0.00015730114455436706
749.0 1.951905000477372e-10
750.0 1.951905000477372e-10
751.0 1.951905000477372e-10
752.0 1.951905000477372e-10
753.0 0.00010840368531717104
754.0 0.00030522905944962986
755.0 1.951905000477372e-10
756.0 1.951905000477372e-10
757.0 1.951905000477372e-10
758.0 1.951905000477372e-10
759.0 0.0001150072307609662
760.0 0.0006313365702226292
761.0 0.00029308641842362704
762.0 1.951905000477372e-10
763.0 1.951905000477372e-10
764.0 1.951905000477372e-10
765.0 7.557507615274517e-05
766.0 0.0003521259259287035
767.0 6.127810934231093e-05
768.0 1.951905000477372e-10
769.0 1.951905000477372e-10
770.0 1.951905000477372e-10
771.0 1.951905000477372e-10
772.0 1.951905000477372e-10
773.0 0.00013697397207579343
774.0 0.0004651901235774858
775.0 0.00032011623716243776
776.0 0.00017504227116660331
777.0 0.00019553185666154604
778.0 0.00021602149899990764
779.0 0.0004686053216573782
780.0 0.0007211890988401137
781.0 0.0007913561603345443
782.0 0.0008615230399300344
783.0 0.0006755075901310192
784.0 0.0004894922767562093
785.0 0.00026648131097317673
786.0 4.347002118265664e-05
787.0 0.0005437303570943186
788.0 0.0010439905054226983
789.0 0.0008403925676248036
790.0 0.0006367948117258493
791.0 0.0005510869414138142
792.0 0.00046537898015230894
793.0 0.0005700097517546965
794.0 0.0006746403414581437
795.0 0.0007991451639099978
796.0 0.0009236498954123817
797.0 0.00048660031097824685
798.0 4.955077770318894e-05
799.0 0.0005975901331112254
800.0 0.0011456294487288687
801.0 0.0006345007477648323
802.0 0.00012337209227553103
803.0 0.00034131960546801565
804.0 0.0005592670277110301
805.0 0.0006712525646435097
806.0 0.0007832380106265191
807.0 0.0004988519776816247
808.0 0.00021446585378726013
809.0 1.951905000477372e-10
810.0 1.951905000477372e-10
811.0 0.0001649505975365173
812.0 0.0005788727321487386
813.0 0.0009032819434651174
814.0 0.0012276909728825558
815.0 0.0011644950973277446
816.0 0.001101298494177172
817.0 0.0010283114534104243
818.0 0.0009553245035931468
819.0 0.0009539487109577749
820.0 0.0009525731002213433
821.0 0.0008101367711788043
822.0 0.0006677003966615302
823.0 0.0005632719876302872
824.0 0.00045884385144745465
825.0 0.0005234849595581181
826.0 0.0005881261131435167
827.0 0.0006246956672839588
828.0 0.0006612652668991359
829.0 0.00040481850192009006
830.0 0.00014837163462289027
831.0 0.0001941740492839017
832.0 0.00023997658900043461
833.0 0.00047556650315527804
834.0 0.0007111563718353864
835.0 0.0001733407543724752
836.0 1.951905000477372e-10
837.0 1.951905000477372e-10
838.0 1.951905000477372e-10
839.0 0.00044038688429282047
840.0 0.0009465600669500418
841.0 0.0012444983440218493
842.0 0.0015424366210936569
843.0 0.0011222918146813754
844.0 0.0007021465989964781
845.0 0.000590843046666123
846.0 0.00047953931243682746
847.0 0.0008068399438343477
848.0 0.001134140620706603
849.0 0.0008922937013267074
850.0 0.000650446372674196
851.0 0.0010081996151711792
852.0 0.0013659528121934272
853.0 0.0005347664227883797
854.0 1.951905000477372e-10
855.0 1.951905000477372e-10
856.0 1.951905000477372e-10
857.0 0.0003678480425151065
858.0 0.0015025184438854922
859.0 0.0012164874533482362
860.0 0.0009304561899625696
861.0 0.0011113482287328225
862.0 0.0012922403584525455
863.0 0.0015386463928734884
864.0 0.0017850527001428418
865.0 0.0017942935301107354
866.0 0.0018035345419775695
867.0 0.002521245005482342
868.0 0.003238955105189234
869.0 0.0029141905542928725
870.0 0.00258942545769969
871.0 0.0033204320061486214
872.0 0.004051438736496493
873.0 0.002976273390231654
874.0 0.0019011084077646956
875.0 0.00272864072030643
