lsstCam/transmission_filter_detector/r14_s12/y_10/19700101T000000.ecsv
# %ECSV 1.0
# ---
# datatype:
# - {name: wavelength, unit: nm, datatype: float32}
# - {name: efficiency, unit: '%', datatype: float64}
# meta: !!omap
# - {MODE: DETECTOR}
# - {TYPE: transmission_filter_detector}
# - {CALIBDATE: '1970-01-01T00:00:00'}
# - {INSTRUME: LSSTCam}
# - {OBSTYPE: transmission_filter_detector}
# - {CALIBCLS: lsst.ip.isr.IntermediateFilterDetectorTransmissionCurve}
# - {SOURCE: Materion (DM-46256)}
# - {DETECTOR: 68}
# - {FILTER: y_10}
# - {CALIB_ID: 'calibDate=1970-01-01T00:00:00 filter=y_10 detector=68'}
# - {DATE: '2025-04-02T15:59:51.056333'}
# - {CALIB_CREATION_DATE: '2025-04-02'}
# - {CALIB_CREATION_TIME: '15:59:51'}
# - __serialized_columns__:
#     efficiency:
#       __class__: astropy.units.quantity.Quantity
#       unit: !astropy.units.Unit {unit: '%'}
#       value: !astropy.table.SerializedColumn {name: efficiency}
#     wavelength:
#       __class__: astropy.units.quantity.Quantity
#       unit: !astropy.units.Unit {unit: nm}
#       value: !astropy.table.SerializedColumn {name: wavelength}
# schema: astropy-2.0
wavelength efficiency
[from data line 577]
877.0 0.002318810402357485
878.0 0.0010814481356646866
879.0 0.0019244964278186671
880.0 0.07141669630073011
881.0 0.10228378232568502
882.0 0.06810208433307707
883.0 0.0912058399990201
884.0 0.06908599752932787
885.0 0.09959925664588809
886.0 0.07124802796170115
887.0 0.0947381486184895
888.0 0.07662253337912261
889.0 0.09379715193063021
890.0 0.06395962554961443
891.0 0.10212616762146354
892.0 0.07262989529408514
893.0 0.09981690673157573
894.0 0.07723236340098083
895.0 0.09926705388352275
896.0 0.08101762505248189
897.0 0.11424400145187974
898.0 0.08124313899315894
899.0 0.11207862989977002
900.0 0.08358972263522446
901.0 0.12758239172399044
902.0 0.1348701654933393
903.0 0.13020200422033668
904.0 0.15450899954885244
905.0 0.15452296938747168
906.0 0.18537851283326745
907.0 0.2176473382860422
908.0 0.26514683850109577
909.0 0.31630576122552156
910.0 0.40801865980029106
911.0 0.5288116168230772
912.0 0.7281049154698849
913.0 1.0503720492124557
914.0 1.4706376008689404
915.0 2.1660208702087402
916.0 3.142813965678215
917.0 4.362790286540985
918.0 5.9151481837034225
919.0 7.600938528776169
920.0 10.048311203718185
921.0 12.704089283943176
922.0 15.324750542640686
923.0 18.266786634922028
924.0 21.373620629310608
925.0 24.761568009853363
926.0 29.011180996894836
927.0 33.948469161987305
928.0 38.77038657665253
929.0 44.37384605407715
930.0 49.906644225120544
931.0 55.936288833618164
932.0 62.24988102912903
933.0 68.4278666973114
934.0 73.83561134338379
935.0 78.40436697006226
936.0 82.69327282905579
937.0 86.15903854370117
938.0 89.0187680721283
939.0 91.1354124546051
940.0 92.56343245506287
941.0 93.51687431335449
942.0 94.17014718055725
943.0 94.6287214756012
944.0 95.15848755836487
945.0 95.48512697219849
946.0 95.88675498962402
947.0 96.21694684028625
948.0 96.60053253173828
949.0 96.6533362865448
950.0 96.89215421676636
951.0 96.94153666496277
952.0 96.88794016838074
953.0 97.04713821411133
954.0 96.97880148887634
955.0 96.96836471557617
956.0 97.08021879196167
957.0 97.1839964389801
958.0 97.36403226852417
959.0 97.45349287986755
960.0 97.65861630439758
961.0 97.80261516571045
962.0 97.97524809837341
963.0 98.12124967575073
964.0 98.2144296169281
965.0 98.37414026260376
966.0 98.4916090965271
967.0 98.62465858459473
968.0 98.66281747817993
969.0 98.68029952049255
970.0 98.72763752937317
971.0 98.77676367759705
972.0 98.79472851753235
973.0 98.86537194252014
974.0 98.90427589416504
975.0 98.83340001106262
976.0 98.90186786651611
977.0 98.8840401172638
978.0 98.94875884056091
979.0 98.92383217811584
980.0 98.9392340183258
981.0 98.84639382362366
982.0 98.84693622589111
983.0 98.89904856681824
984.0 98.84454011917114
985.0 98.88385534286499
986.0 98.75710010528564
987.0 98.82846474647522
988.0 98.7255334854126
989.0 98.68614077568054
990.0 98.61268997192383
991.0 98.58998656272888
992.0 98.60120415687561
993.0 98.5473096370697
994.0 98.46537709236145
995.0 98.47822785377502
996.0 98.44210147857666
997.0 98.51842522621155
998.0 98.51568937301636
999.0 98.5875129699707
1000.0 98.58648777008057
1001.0 98.60256314277649
1002.0 98.71745109558105
1003.0 98.74657988548279
1004.0 98.83875846862793
1005.0 98.78877997398376
1006.0 98.95745515823364
1007.0 98.98548722267151
1008.0 98.97677302360535
1009.0 98.94283413887024
1010.0 99.00645017623901
1011.0 99.03082251548767
1012.0 98.98076057434082
1013.0 98.97353649139404
1014.0 98.95871877670288
1015.0 98.9184021949768
1016.0 98.89252185821533
1017.0 98.90277981758118
1018.0 98.92725348472595
1019.0 98.81210923194885
1020.0 98.87166619300842
1021.0 98.97580742835999
1022.0 98.82977604866028
1023.0 98.87447357177734
1024.0 98.84232878684998
1025.0 98.78966808319092
1026.0 98.82869720458984
1027.0 98.92054796218872
1028.0 98.88308644294739
1029.0 98.94075989723206
1030.0 99.0049421787262
1031.0 98.98954629898071
1032.0 98.98974895477295
1033.0 98.9412248134613
1034.0 98.95598888397217
1035.0 98.99764657020569
1036.0 98.96566867828369
1037.0 99.01326298713684
1038.0 99.00861978530884
1039.0 98.86668920516968
1040.0 98.81857633590698
1041.0 98.90092611312866
1042.0 98.93866777420044
1043.0 98.79457950592041
1044.0 98.89148473739624
1045.0 98.57922196388245
1046.0 98.78997802734375
1047.0 98.64799976348877
1048.0 98.6825704574585
1049.0 98.54475259780884
1050.0 98.55740070343018
1051.0 98.60656261444092
1052.0 98.50654602050781
1053.0 98.38136434555054
1054.0 98.62975478172302
1055.0 98.71512651443481
1056.0 98.60309362411499
1057.0 98.59921336174011
1058.0 98.52242469787598
1059.0 98.55813980102539
1060.0 98.74194860458374
1061.0 98.5856294631958
1062.0 98.60051274299622
1063.0 98.64479899406433
1064.0 98.79235625267029
1065.0 98.721843957901
1066.0 98.81289005279541
1067.0 98.79142045974731
1068.0 98.80293607711792
1069.0 98.61113429069519
1070.0 99.0640938282013
1071.0 98.69649410247803
1072.0 98.846036195755
1073.0 98.96289706230164
1074.0 98.5769510269165
1075.0 98.60561490058899
1076.0 98.41482043266296
1077.0 98.75301122665405
1078.0 98.87341856956482
1079.0 98.49517345428467
1080.0 99.2110550403595
1081.0 98.5502541065216
1082.0 98.40174317359924
1083.0 98.46112132072449
1084.0 98.85702133178711
1085.0 98.84304404258728
1086.0 98.55761528015137
1087.0 98.44648241996765
1088.0 98.56675267219543
1089.0 98.55687022209167
1090.0 98.39264154434204
1091.0 98.63948225975037
1092.0 98.43634366989136
1093.0 98.54136109352112
1094.0 98.2870101928711
1095.0 98.16333651542664
1096.0 98.28559160232544
1097.0 98.1402575969696
1098.0 97.6266860961914
1099.0 98.3164370059967
1100.0 97.94590473175049
