lsstcam/qe_curves/r02_s11/19700101T000000.ecsv
# %ECSV 0.9
# ---
# datatype:
# - {name: amp_name, datatype: string}
# - {name: wavelength, unit: nm, datatype: float32}
# - {name: efficiency, unit: '%', datatype: float32}
# meta: !!omap
# - {MODE: AMP}
# - {TYPE: QE}
# - {CALIBDATE: '1970-01-01T00:00:00'}
# - {INSTRUME: LSSTCAM}
# - {OBSTYPE: qe_curves}
# - {DETECTOR: 13}
# - {PICKLEFILE: RaftRun10982.p}
# - {CALIB_ID: 'raftName=R02 detectorName=S11 detector=13 calibDate=1970-01-01T00:00:00 ccd=13 ccdnum=13 filter=None'}
# - {DATE: '2020-01-23T01:49:19.973538'}
# - {CALIB_CREATION_DATE: '2020-01-23'}
# - {CALIB_CREATION_TIME: '01:49:19'}
# - __serialized_columns__:
#     efficiency:
#       __class__: astropy.units.quantity.Quantity
#       unit: !astropy.units.Unit {unit: '%'}
#       value: !astropy.table.SerializedColumn {name: efficiency}
#     wavelength:
#       __class__: astropy.units.quantity.Quantity
#       unit: !astropy.units.Unit {unit: nm}
#       value: !astropy.table.SerializedColumn {name: wavelength}
# schema: astropy-2.0
amp_name wavelength efficiency
C02 319.994 64.34474
C02 324.969 67.772606
C02 349.982 76.61634
C02 374.975 80.43927
C02 400.019 84.53354
C02 424.965 84.03293
C02 450.035 83.54759
C02 475.003 84.17304
C02 500.018 85.45917
C02 525.002 87.156
C02 550.029 89.33344
C02 575.023 91.428604
C02 599.982 93.30962
C02 619.997 94.38856
C02 624.979 94.53647
C02 650.012 95.73856
C02 675.004 96.546074
C02 700.03 96.97748
C02 725.012 96.74444
C02 750.022 97.61551
C02 774.987 97.623795
C02 799.976 97.71775
C02 824.988 96.116714
C02 850.022 94.877625
C02 869.967 92.73967
C02 875.002 91.6335
C02 899.999 85.051544
C02 919.999 77.20284
C02 925.012 74.6742
C02 949.965 60.595684
C02 975.002 45.489708
C02 999.976 29.568645
C02 1025.028 14.526845
C02 1050.014 5.8604555
C02 1075.002 3.2896214
C02 1099.99 2.2422838
C00 319.994 65.41736
C00 324.969 68.823685
C00 349.982 77.083244
C00 374.975 80.10054
C00 400.019 84.12526
C00 424.965 83.74153
C00 450.035 83.38721
C00 475.003 84.136604
C00 500.018 85.51506
C00 525.002 87.26462
C00 550.029 89.4611
C00 575.023 91.553604
C00 599.982 93.41989
C00 619.997 94.48568
C00 624.979 94.6224
C00 650.012 95.796104
C00 675.004 96.56442
C00 700.03 96.96258
C00 725.012 96.71068
C00 750.022 97.569275
C00 774.987 97.57284
C00 799.976 97.64314
C00 824.988 96.02521
C00 850.022 94.76943
C00 869.967 92.58453
C00 875.002 91.44426
C00 899.999 84.76605
C00 919.999 76.97422
C00 925.012 74.472115
C00 949.965 60.665382
C00 975.002 45.499153
C00 999.976 29.546032
C00 1025.028 14.456318
C00 1050.014 5.860067
C00 1075.002 3.2843304
C00 1099.99 2.223942
C05 319.994 63.04469
C05 324.969 66.485634
C05 349.982 76.04586
C05 374.975 80.895744
C05 400.019 85.14789
C05 424.965 84.57347
C05 450.035 84.03876
C05 475.003 84.69407
C05 500.018 85.968864
C05 525.002 87.5668
C05 550.029 89.63593
C05 575.023 91.583374
C05 599.982 93.384155
C05 619.997 94.42212
C05 624.979 94.58084
C05 650.012 95.77612
C05 675.004 96.63456
C05 700.03 97.12984
C05 725.012 96.9595
C05 750.022 97.88568
C05 774.987 97.99232
C05 799.976 98.135635
C05 824.988 96.59459
C05 850.022 95.41957
C05 869.967 93.37294
C05 875.002 92.264175
C05 899.999 85.757996
C05 919.999 77.909485
C05 925.012 75.32073
C05 949.965 61.008163
C05 975.002 45.89838
C05 999.976 29.88833
C05 1025.028 14.674847
C05 1050.014 5.937908
C05 1075.002 3.3428342
C05 1099.99 2.2753325
C07 319.994 61.505814
C07 324.969 64.931564
C07 349.982 74.75884
C07 374.975 80.15416
C07 400.019 84.6111
C07 424.965 84.02582
C07 450.035 83.354904
C07 475.003 83.90485
C07 500.018 85.13486
C07 525.002 86.77492
C07 550.029 88.83945
C07 575.023 90.81531
C07 599.982 92.62827
C07 619.997 93.70547
C07 624.979 93.84313
C07 650.012 95.090675
C07 675.004 95.950874
C07 700.03 96.47893
C07 725.012 96.38179
C07 750.022 97.424446
C07 774.987 97.574005
C07 799.976 97.76751
C07 824.988 96.233864
C07 850.022 95.10869
C07 869.967 93.08569
C07 875.002 91.96672
C07 899.999 85.50745
C07 919.999 77.54029
C07 925.012 74.875
C07 949.965 60.492565
C07 975.002 45.646404
C07 999.976 29.87472
C07 1025.028 14.537483
C07 1050.014 5.938495
C07 1075.002 3.3047345
C07 1099.99 2.243744
C15 319.994 63.749756
C15 324.969 67.1512
C15 349.982 76.22017
C15 374.975 80.369026
C15 400.019 84.533516
C15 424.965 84.018486
C15 450.035 83.539825
C15 475.003 84.15607
C15 500.018 85.43656
C15 525.002 87.09816
C15 550.029 89.308235
C15 575.023 91.377235
C15 599.982 93.26458
C15 619.997 94.32057
C15 624.979 94.49564
C15 650.012 95.67526
C15 675.004 96.51077
C15 700.03 96.97211
C15 725.012 96.74792
C15 750.022 97.582825
C15 774.987 97.64676
C15 799.976 97.72108
C15 824.988 96.16291
C15 850.022 94.95066
C15 869.967 92.79989
C15 875.002 91.651215
C15 899.999 84.951035
C15 919.999 77.208786
C15 925.012 74.690765
C15 949.965 60.611412
C15 975.002 45.487335
C15 999.976 29.619268
C15 1025.028 14.56724
C15 1050.014 5.8673754
C15 1075.002 3.282476
C15 1099.99 2.2553363
C01 319.994 65.043625
C01 324.969 68.4682
C01 349.982 77.00557
C01 374.975 80.38163
C01 400.019 84.4152
C01 424.965 83.96067
C01 450.035 83.52539
C01 475.003 84.18819
C01 500.018 85.50994
C01 525.002 87.2388
C01 550.029 89.44052
C01 575.023 91.551315
C01 599.982 93.43972
C01 619.997 94.52101
C01 624.979 94.661385
C01 650.012 95.85516
C01 675.004 96.64738
C01 700.03 97.062325
C01 725.012 96.81671
C01 750.022 97.6817
C01 774.987 97.68265
C01 799.976 97.76213
C01 824.988 96.15285
C01 850.022 94.91196
C01 869.967 92.77798
C01 875.002 91.655914
C01 899.999 85.04216
C01 919.999 77.24824
C01 925.012 74.72052
C01 949.965 60.688683
C01 975.002 45.55758
C01 999.976 29.6445
C01 1025.028 14.549293
C01 1050.014 5.9011445
C01 1075.002 3.3073564
C01 1099.99 2.242761
C06 319.994 62.223625
C06 324.969 65.655266
C06 349.982 75.404655
C06 374.975 80.6167
C06 400.019 84.97386
C06 424.965 84.39718
C06 450.035 83.82171
C06 475.003 84.47137
C06 500.018 85.75322
C06 525.002 87.37286
C06 550.029 89.42543
C06 575.023 91.347404
C06 599.982 93.1266
C06 619.997 94.16598
C06 624.979 94.316315
C06 650.012 95.52916
C06 675.004 96.39225
C06 700.03 96.91241
C06 725.012 96.78194
C06 750.022 97.756645
C06 774.987 97.89534
C06 799.976 98.06348
C06 824.988 96.5263
C06 850.022 95.37539
C06 869.967 93.35295
C06 875.002 92.23778
C06 899.999 85.71965
C06 919.999 77.80228
C06 925.012 75.159294
C06 949.965 60.74649
C06 975.002 45.76384
C06 999.976 29.864603
C06 1025.028 14.620271
C06 1050.014 5.930546
C06 1075.002 3.3222399
C06 1099.99 2.2598336
C10 319.994 62.313107
C10 324.969 65.739235
C10 349.982 75.575424
C10 374.975 80.76492
C10 400.019 84.986435
C10 424.965 84.27744
C10 450.035 83.56034
C10 475.003 83.98605
C10 500.018 85.13261
C10 525.002 86.723694
C10 550.029 88.89035
C10 575.023 90.93512
C10 599.982 92.82749
C10 619.997 93.91569
C10 624.979 94.09012
C10 650.012 95.32804
C10 675.004 96.22005
C10 700.03 96.77199
C10 725.012 96.670586
C10 750.022 97.6542
C10 774.987 97.84322
C10 799.976 97.993645
C10 824.988 96.45701
C10 850.022 95.234344
C10 869.967 93.05215
C10 875.002 91.873505
C10 899.999 85.185684
C10 919.999 77.21372
C10 925.012 74.57841
C10 949.965 60.239807
C10 975.002 45.22845
C10 999.976 29.692503
C10 1025.028 14.487707
C10 1050.014 5.92644
C10 1075.002 3.2614965
C10 1099.99 2.2236817
C03 319.994 63.74021
C03 324.969 67.17597
C03 349.982 76.33191
C03 374.975 80.58078
C03 400.019 84.73827
C03 424.965 84.20566
C03 450.035 83.68497
C03 475.003 84.29966
C03 500.018 85.572235
C03 525.002 87.23316
C03 550.029 89.36871
C03 575.023 91.43078
C03 599.982 93.29751
C03 619.997 94.374626
C03 624.979 94.52362
C03 650.012 95.733215
C03 675.004 96.55765
C03 700.03 97.00811
C03 725.012 96.78945
C03 750.022 97.67922
C03 774.987 97.707054
C03 799.976 97.815506
C03 824.988 96.23327
C03 850.022 95.009605
C03 869.967 92.89768
C03 875.002 91.80076
C03 899.999 85.26408
C03 919.999 77.38005
C03 925.012 74.844864
C03 949.965 60.69826
C03 975.002 45.60542
C03 999.976 29.647127
C03 1025.028 14.579336
C03 1050.014 5.86962
C03 1075.002 3.3014674
C03 1099.99 2.2531412
C16 319.994 64.42437
C16 324.969 67.82763
C16 349.982 76.61046
C16 374.975 80.338554
C16 400.019 84.46666
C16 424.965 84.004364
C16 450.035 83.6088
C16 475.003 84.31013
C16 500.018 85.65206
C16 525.002 87.3335
C16 550.029 89.55334
C16 575.023 91.6106
C16 599.982 93.482346
C16 619.997 94.524925
C16 624.979 94.69616
C16 650.012 95.85942
C16 675.004 96.683624
C16 700.03 97.13171
C16 725.012 96.900406
C16 750.022 97.723946
C16 774.987 97.79392
C16 799.976 97.864685
C16 824.988 96.30729
C16 850.022 95.10706
C16 869.967 92.98215
C16 875.002 91.83802
C16 899.999 85.14725
C16 919.999 77.418144
C16 925.012 74.8982
C16 949.965 60.869595
C16 975.002 45.710457
C16 999.976 29.791182
C16 1025.028 14.640119
C16 1050.014 5.899647
C16 1075.002 3.3049996
C16 1099.99 2.269621
C04 319.994 63.473534
C04 324.969 66.917076
C04 349.982 76.29253
C04 374.975 80.8318
C04 400.019 85.0111
C04 424.965 84.43747
C04 450.035 83.90423
C04 475.003 84.5261
C04 500.018 85.789185
C04 525.002 87.405
C04 550.029 89.50974
C04 575.023 91.51681
C04 599.982 93.3537
C04 619.997 94.40982
C04 624.979 94.56737
C04 650.012 95.76728
C04 675.004 96.61192
C04 700.03 97.08489
C04 725.012 96.88747
C04 750.022 97.78255
C04 774.987 97.84923
C04 799.976 97.970795
C04 824.988 96.41227
C04 850.022 95.20751
C04 869.967 93.12851
C04 875.002 92.0291
C04 899.999 85.511475
C04 919.999 77.64648
C04 925.012 75.09423
C04 949.965 60.882565
C04 975.002 45.764973
C04 999.976 29.768513
C04 1025.028 14.629853
C04 1050.014 5.893593
C04 1075.002 3.3222027
C04 1099.99 2.2676063
C14 319.994 63.368355
C14 324.969 66.78205
C14 349.982 76.13753
C14 374.975 80.6796
C14 400.019 84.90032
C14 424.965 84.33847
C14 450.035 83.81106
C14 475.003 84.3858
C14 500.018 85.632996
C14 525.002 87.26834
C14 550.029 89.461105
C14 575.023 91.53012
C14 599.982 93.41972
C14 619.997 94.48334
C14 624.979 94.6606
C14 650.012 95.85182
C14 675.004 96.706894
C14 700.03 97.179474
C14 725.012 96.97164
C14 750.022 97.821236
C14 774.987 97.89706
C14 799.976 97.98273
C14 824.988 96.41993
C14 850.022 95.19862
C14 869.967 93.0149
C14 875.002 91.861305
C14 899.999 85.111206
C14 919.999 77.3629
C14 925.012 74.849754
C14 949.965 60.72544
C14 975.002 45.552917
C14 999.976 29.604345
C14 1025.028 14.561233
C14 1050.014 5.858526
C14 1075.002 3.2769518
C14 1099.99 2.2551613
C11 319.994 62.413433
C11 324.969 65.82644
C11 349.982 75.6043
C11 374.975 80.77165
C11 400.019 85.00361
C11 424.965 84.30772
C11 450.035 83.66888
C11 475.003 84.14631
C11 500.018 85.310104
C11 525.002 86.850235
C11 550.029 89.013695
C11 575.023 91.03778
C11 599.982 92.914696
C11 619.997 93.96488
C11 624.979 94.16736
C11 650.012 95.362495
C11 675.004 96.26977
C11 700.03 96.806076
C11 725.012 96.67033
C11 750.022 97.570694
C11 774.987 97.75318
C11 799.976 97.874855
C11 824.988 96.34713
C11 850.022 95.11241
C11 869.967 92.91159
C11 875.002 91.740326
C11 899.999 85.03054
C11 919.999 77.19944
C11 925.012 74.633644
C11 949.965 60.417988
C11 975.002 45.242863
C11 999.976 29.655357
C11 1025.028 14.515801
C11 1050.014 5.8715773
C11 1075.002 3.279849
C11 1099.99 2.238345
C12 319.994 62.474873
C12 324.969 65.87927
C12 349.982 75.54982
C12 374.975 80.62357
C12 400.019 84.886345
C12 424.965 84.249466
C12 450.035 83.66228
C12 475.003 84.190414
C12 500.018 85.391
C12 525.002 86.9427
C12 550.029 89.08813
C12 575.023 91.101585
C12 599.982 92.96663
C12 619.997 94.01121
C12 624.979 94.20455
C12 650.012 95.39479
C12 675.004 96.28443
C12 700.03 96.79671
C12 725.012 96.63503
C12 750.022 97.51237
C12 774.987 97.65311
C12 799.976 97.7656
C12 824.988 96.24078
C12 850.022 95.02131
C12 869.967 92.82714
C12 875.002 91.66019
C12 899.999 84.94098
C12 919.999 77.22546
C12 925.012 74.717674
C12 949.965 60.698757
C12 975.002 45.43424
C12 999.976 29.638187
C12 1025.028 14.545468
C12 1050.014 5.871334
C12 1075.002 3.2938097
C12 1099.99 2.2535255
C13 319.994 62.818333
C13 324.969 66.23093
C13 349.982 75.79653
C13 374.975 80.70493
C13 400.019 84.97977
C13 424.965 84.390114
C13 450.035 83.837746
C13 475.003 84.39631
C13 500.018 85.62437
C13 525.002 87.21406
C13 550.029 89.3757
C13 575.023 91.41121
C13 599.982 93.28604
C13 619.997 94.34056
C13 624.979 94.52633
C13 650.012 95.7192
C13 675.004 96.591576
C13 700.03 97.08413
C13 725.012 96.89531
C13 750.022 97.75913
C13 774.987 97.86247
C13 799.976 97.95764
C13 824.988 96.414185
C13 850.022 95.19395
C13 869.967 92.99828
C13 875.002 91.836914
C13 899.999 85.09268
C13 919.999 77.36564
C13 925.012 74.85529
C13 949.965 60.778904
C13 975.002 45.54655
C13 999.976 29.622332
C13 1025.028 14.556006
C13 1050.014 5.85625
C13 1075.002 3.2821121
C13 1099.99 2.2548475
C17 319.994 65.052895
C17 324.969 68.45033
C17 349.982 76.8594
C17 374.975 80.07779
C17 400.019 84.14859
C17 424.965 83.75035
C17 450.035 83.44477
C17 475.003 84.23728
C17 500.018 85.65219
C17 525.002 87.37103
C17 550.029 89.59834
C17 575.023 91.62969
C17 599.982 93.46664
C17 619.997 94.47808
C17 624.979 94.65128
C17 650.012 95.78126
C17 675.004 96.59032
C17 700.03 97.0212
C17 725.012 96.78345
C17 750.022 97.605255
C17 774.987 97.684975
C17 799.976 97.755295
C17 824.988 96.2033
C17 850.022 95.01602
C17 869.967 92.874054
C17 875.002 91.717155
C17 899.999 84.97367
C17 919.999 77.30548
C17 925.012 74.81818
C17 949.965 61.07576
C17 975.002 45.872787
C17 999.976 29.820227
C17 1025.028 14.573395
C17 1050.014 5.883008
C17 1075.002 3.307492
C17 1099.99 2.271034
