lsstcam/qe_curve/r02_s20/19700101T000000.ecsv
# %ECSV 0.9
# ---
# datatype:
# - {name: amp_name, datatype: string}
# - {name: wavelength, unit: nm, datatype: float32}
# - {name: efficiency, unit: '%', datatype: float32}
# meta: !!omap
# - {MODE: AMP}
# - {TYPE: QE}
# - {CALIBDATE: '1970-01-01T00:00:00'}
# - {INSTRUME: LSSTCAM}
# - {OBSTYPE: qe_curve}
# - {DETECTOR: 15}
# - {PICKLEFILE: RaftRun10982.p}
# - {CALIB_ID: 'raftName=R02 detectorName=S20 detector=15 calibDate=1970-01-01T00:00:00 ccd=15 ccdnum=15 filter=None'}
# - {DATE: '2020-01-23T01:49:20.076714'}
# - {CALIB_CREATION_DATE: '2020-01-23'}
# - {CALIB_CREATION_TIME: '01:49:20'}
# - __serialized_columns__:
#     efficiency:
#       __class__: astropy.units.quantity.Quantity
#       unit: !astropy.units.Unit {unit: '%'}
#       value: !astropy.table.SerializedColumn {name: efficiency}
#     wavelength:
#       __class__: astropy.units.quantity.Quantity
#       unit: !astropy.units.Unit {unit: nm}
#       value: !astropy.table.SerializedColumn {name: wavelength}
# schema: astropy-2.0
amp_name wavelength efficiency
C02 319.994 47.947327
C02 324.969 50.013668
C02 349.982 58.88207
C02 374.975 73.11235
C02 400.019 83.65196
C02 424.965 84.77003
C02 450.035 84.093285
C02 475.003 83.94169
C02 500.018 84.367065
C02 525.002 85.22073
C02 550.029 86.80546
C02 575.023 88.63814
C02 599.982 90.583565
C02 619.997 91.814995
C02 624.979 92.08142
C02 650.012 93.62474
C02 675.004 94.97057
C02 700.03 96.05811
C02 725.012 96.77087
C02 750.022 98.69598
C02 774.987 99.81429
C02 799.976 100.597275
C02 824.988 99.13817
C02 850.022 98.08927
C02 869.967 95.74417
C02 875.002 94.522995
C02 899.999 87.25823
C02 919.999 78.82552
C02 925.012 76.12602
C02 949.965 62.59321
C02 975.002 48.38791
C02 999.976 31.702047
C02 1025.028 15.355888
C02 1050.014 6.152248
C02 1075.002 3.5093198
C02 1099.99 2.362021
C00 319.994 48.737087
C00 324.969 50.899723
C00 349.982 59.985226
C00 374.975 73.87155
C00 400.019 84.006325
C00 424.965 84.970055
C00 450.035 84.30239
C00 475.003 84.24132
C00 500.018 84.77375
C00 525.002 85.70075
C00 550.029 87.34327
C00 575.023 89.22641
C00 599.982 91.20439
C00 619.997 92.44955
C00 624.979 92.71733
C00 650.012 94.2645
C00 675.004 95.59618
C00 700.03 96.634705
C00 725.012 97.22875
C00 750.022 99.002075
C00 774.987 99.96453
C00 799.976 100.65244
C00 824.988 99.17433
C00 850.022 98.06524
C00 869.967 95.70221
C00 875.002 94.494125
C00 899.999 87.307076
C00 919.999 78.94371
C00 925.012 76.309166
C00 949.965 62.65645
C00 975.002 48.226383
C00 999.976 31.705591
C00 1025.028 15.388214
C00 1050.014 6.132448
C00 1075.002 3.4647453
C00 1099.99 2.355577
C05 319.994 47.678734
C05 324.969 49.61637
C05 349.982 58.144836
C05 374.975 72.94409
C05 400.019 84.20903
C05 424.965 85.60959
C05 450.035 84.976746
C05 475.003 84.838196
C05 500.018 85.19502
C05 525.002 85.911255
C05 550.029 87.404976
C05 575.023 89.14373
C05 599.982 90.99535
C05 619.997 92.171265
C05 624.979 92.42718
C05 650.012 93.94797
C05 675.004 95.30384
C05 700.03 96.41843
C05 725.012 97.173294
C05 750.022 99.15221
C05 774.987 100.33364
C05 799.976 101.18547
C05 824.988 99.79415
C05 850.022 98.824104
C05 869.967 96.541306
C05 875.002 95.33467
C05 899.999 88.1434
C05 919.999 79.72559
C05 925.012 76.980545
C05 949.965 63.379852
C05 975.002 49.139618
C05 999.976 32.082664
C05 1025.028 15.556887
C05 1050.014 6.310904
C05 1075.002 3.6043956
C05 1099.99 2.4186597
C07 319.994 46.86498
C07 324.969 48.690544
C07 349.982 56.901905
C07 374.975 72.00399
C07 400.019 83.88069
C07 424.965 85.539406
C07 450.035 84.899994
C07 475.003 84.685356
C07 500.018 84.97527
C07 525.002 85.64518
C07 550.029 87.135956
C07 575.023 88.8778
C07 599.982 90.730255
C07 619.997 91.91289
C07 624.979 92.17108
C07 650.012 93.71431
C07 675.004 95.09888
C07 700.03 96.2488
C07 725.012 97.02785
C07 750.022 99.03095
C07 774.987 100.23049
C07 799.976 101.130165
C07 824.988 99.79246
C07 850.022 98.858955
C07 869.967 96.62359
C07 875.002 95.42534
C07 899.999 88.391106
C07 919.999 79.931755
C07 925.012 77.16789
C07 949.965 63.575256
C07 975.002 49.32156
C07 999.976 32.329247
C07 1025.028 15.637667
C07 1050.014 6.3773837
C07 1075.002 3.5760093
C07 1099.99 2.4094057
C15 319.994 48.10312
C15 324.969 50.18155
C15 349.982 59.084717
C15 374.975 73.30011
C15 400.019 83.814026
C15 424.965 84.91294
C15 450.035 84.21717
C15 475.003 84.06516
C15 500.018 84.50434
C15 525.002 85.353836
C15 550.029 86.93508
C15 575.023 88.78103
C15 599.982 90.747925
C15 619.997 91.99877
C15 624.979 92.26593
C15 650.012 93.82599
C15 675.004 95.17163
C15 700.03 96.219795
C15 725.012 96.77987
C15 750.022 98.486015
C15 774.987 99.3944
C15 799.976 100.08207
C15 824.988 98.67728
C15 850.022 97.54235
C15 869.967 94.99481
C15 875.002 93.76628
C15 899.999 87.09148
C15 919.999 79.22049
C15 925.012 76.63829
C15 949.965 63.500782
C15 975.002 48.84669
C15 999.976 31.676104
C15 1025.028 15.65191
C15 1050.014 6.2819786
C15 1075.002 3.4211197
C15 1099.99 2.3314574
C01 319.994 48.30339
C01 324.969 50.409554
C01 349.982 59.38897
C01 374.975 73.42411
C01 400.019 83.73494
C01 424.965 84.767
C01 450.035 84.09231
C01 475.003 83.9838
C01 500.018 84.46072
C01 525.002 85.36104
C01 550.029 86.98363
C01 575.023 88.84592
C01 599.982 90.80363
C01 619.997 92.04059
C01 624.979 92.30631
C01 650.012 93.84677
C01 675.004 95.18521
C01 700.03 96.24823
C01 725.012 96.91482
C01 750.022 98.782036
C01 774.987 99.84257
C01 799.976 100.58295
C01 824.988 99.107285
C01 850.022 98.029854
C01 869.967 95.66594
C01 875.002 94.449844
C01 899.999 87.19726
C01 919.999 78.78491
C01 925.012 76.10042
C01 949.965 62.506927
C01 975.002 48.251373
C01 999.976 31.635035
C01 1025.028 15.317962
C01 1050.014 6.1233487
C01 1075.002 3.49565
C01 1099.99 2.3532906
C06 319.994 47.11266
C06 324.969 48.992203
C06 349.982 57.349476
C06 374.975 72.21797
C06 400.019 83.678635
C06 424.965 85.17349
C06 450.035 84.52897
C06 475.003 84.348404
C06 500.018 84.66958
C06 525.002 85.35561
C06 550.029 86.836655
C06 575.023 88.57238
C06 599.982 90.416275
C06 619.997 91.59165
C06 624.979 91.84824
C06 650.012 93.370026
C06 675.004 94.729645
C06 700.03 95.85302
C06 725.012 96.61086
C06 750.022 98.58717
C06 774.987 99.76346
C06 799.976 100.63169
C06 824.988 99.27282
C06 850.022 98.32925
C06 869.967 96.079445
C06 875.002 94.884346
C06 899.999 87.82701
C06 919.999 79.45588
C06 925.012 76.70334
C06 949.965 63.162525
C06 975.002 48.996414
C06 999.976 32.014107
C06 1025.028 15.500339
C06 1050.014 6.323541
C06 1075.002 3.5981293
C06 1099.99 2.4142509
C10 319.994 46.722607
C10 324.969 48.553856
C10 349.982 56.81389
C10 374.975 71.97846
C10 400.019 83.78902
C10 424.965 85.41743
C10 450.035 84.76331
C10 475.003 84.532135
C10 500.018 84.80873
C10 525.002 85.45542
C10 550.029 86.917915
C10 575.023 88.64436
C10 599.982 90.50527
C10 619.997 91.69731
C10 624.979 91.95515
C10 650.012 93.50275
C10 675.004 94.87484
C10 700.03 95.95442
C10 725.012 96.50878
C10 750.022 98.17989
C10 774.987 99.06324
C10 799.976 99.79637
C10 824.988 98.50093
C10 850.022 97.375465
C10 869.967 95.10404
C10 875.002 93.97026
C10 899.999 87.638016
C10 919.999 79.80758
C10 925.012 77.179985
C10 949.965 63.355785
C10 975.002 48.779987
C10 999.976 32.01708
C10 1025.028 15.652198
C10 1050.014 6.4212217
C10 1075.002 3.452421
C10 1099.99 2.3164816
C03 319.994 47.92297
C03 324.969 49.95562
C03 349.982 58.752304
C03 374.975 73.19976
C03 400.019 83.98817
C03 424.965 85.1935
C03 450.035 84.51665
C03 475.003 84.34205
C03 500.018 84.726524
C03 525.002 85.52057
C03 550.029 87.04819
C03 575.023 88.84673
C03 599.982 90.78205
C03 619.997 92.012856
C03 624.979 92.28032
C03 650.012 93.835724
C03 675.004 95.19845
C03 700.03 96.30426
C03 725.012 97.044464
C03 750.022 99.00646
C03 774.987 100.160324
C03 799.976 100.973
C03 824.988 99.53143
C03 850.022 98.51214
C03 869.967 96.18011
C03 875.002 94.96665
C03 899.999 87.6979
C03 919.999 79.24533
C03 925.012 76.533264
C03 949.965 62.9726
C03 975.002 48.748055
C03 999.976 31.903547
C03 1025.028 15.449603
C03 1050.014 6.206701
C03 1075.002 3.541745
C03 1099.99 2.3845255
C16 319.994 48.3964
C16 324.969 50.514748
C16 349.982 59.523815
C16 374.975 73.5635
C16 400.019 83.86686
C16 424.965 84.88161
C16 450.035 84.18419
C16 475.003 84.06038
C16 500.018 84.5428
C16 525.002 85.44562
C16 550.029 87.08147
C16 575.023 88.963715
C16 599.982 90.949196
C16 619.997 92.20437
C16 624.979 92.47166
C16 650.012 94.02912
C16 675.004 95.36877
C16 700.03 96.39474
C16 725.012 96.91983
C16 750.022 98.585686
C16 774.987 99.44976
C16 799.976 100.106476
C16 824.988 98.68708
C16 850.022 97.53441
C16 869.967 94.97306
C16 875.002 93.74263
C16 899.999 87.05747
C16 919.999 79.21227
C16 925.012 76.637886
C16 949.965 63.454723
C16 975.002 48.80687
C16 999.976 31.62953
C16 1025.028 15.614248
C16 1050.014 6.2705913
C16 1075.002 3.4197369
C16 1099.99 2.326212
C04 319.994 47.743008
C04 324.969 49.726997
C04 349.982 58.394794
C04 374.975 73.001656
C04 400.019 83.99985
C04 424.965 85.29098
C04 450.035 84.636185
C04 475.003 84.475975
C04 500.018 84.83898
C04 525.002 85.57862
C04 550.029 87.06065
C04 575.023 88.81512
C04 599.982 90.70627
C04 619.997 91.91205
C04 624.979 92.17352
C04 650.012 93.7133
C04 675.004 95.07172
C04 700.03 96.18317
C04 725.012 96.934845
C04 750.022 98.90197
C04 774.987 100.07212
C04 799.976 100.90642
C04 824.988 99.484795
C04 850.022 98.49229
C04 869.967 96.18382
C04 875.002 94.973724
C04 899.999 87.74223
C04 919.999 79.315636
C04 925.012 76.603775
C04 949.965 63.052162
C04 975.002 48.840343
C04 999.976 31.925314
C04 1025.028 15.466765
C04 1050.014 6.2314367
C04 1075.002 3.5604608
C04 1099.99 2.3942041
C14 319.994 48.04572
C14 324.969 50.08347
C14 349.982 58.915394
C14 374.975 73.38343
C14 400.019 84.164856
C14 424.965 85.34595
C14 450.035 84.64426
C14 475.003 84.46142
C14 500.018 84.85582
C14 525.002 85.64951
C14 550.029 87.189644
C14 575.023 89.00955
C14 599.982 90.966034
C14 619.997 92.21304
C14 624.979 92.48322
C14 650.012 94.04695
C14 675.004 95.40888
C14 700.03 96.469734
C14 725.012 97.04122
C14 750.022 98.763855
C14 774.987 99.68378
C14 799.976 100.387825
C14 824.988 98.99585
C14 850.022 97.85555
C14 869.967 95.283295
C14 875.002 94.04834
C14 899.999 87.35962
C14 919.999 79.467354
C14 925.012 76.87468
C14 949.965 63.685646
C14 975.002 48.975018
C14 999.976 31.753092
C14 1025.028 15.7201605
C14 1050.014 6.313725
C14 1075.002 3.4396853
C14 1099.99 2.346053
C11 319.994 47.195335
C11 324.969 49.072495
C11 349.982 57.42805
C11 374.975 72.39139
C11 400.019 83.90884
C11 424.965 85.44516
C11 450.035 84.81803
C11 475.003 84.625175
C11 500.018 84.946304
C11 525.002 85.619514
C11 550.029 87.08634
C11 575.023 88.8207
C11 599.982 90.685036
C11 619.997 91.87102
C11 624.979 92.128654
C11 650.012 93.65724
C11 675.004 95.01158
C11 700.03 96.0749
C11 725.012 96.621635
C11 750.022 98.296844
C11 774.987 99.18371
C11 799.976 99.90859
C11 824.988 98.599625
C11 850.022 97.48331
C11 869.967 95.13558
C11 875.002 93.98767
C11 899.999 87.664734
C11 919.999 79.783905
C11 925.012 77.15143
C11 949.965 63.58495
C11 975.002 48.801422
C11 999.976 31.935734
C11 1025.028 15.752914
C11 1050.014 6.470975
C11 1075.002 3.4961114
C11 1099.99 2.3636267
C12 319.994 47.49898
C12 324.969 49.440495
C12 349.982 57.989845
C12 374.975 72.78094
C12 400.019 84.01545
C12 424.965 85.39256
C12 450.035 84.724976
C12 475.003 84.553505
C12 500.018 84.90722
C12 525.002 85.615715
C12 550.029 87.10923
C12 575.023 88.87258
C12 599.982 90.75997
C12 619.997 91.96038
C12 624.979 92.22393
C12 650.012 93.764145
C12 675.004 95.11952
C12 700.03 96.18113
C12 725.012 96.737564
C12 750.022 98.4296
C12 774.987 99.33333
C12 799.976 100.05048
C12 824.988 98.71743
C12 850.022 97.60036
C12 869.967 95.124504
C12 875.002 93.93292
C12 899.999 87.47151
C12 919.999 79.65416
C12 925.012 77.049355
C12 949.965 63.730698
C12 975.002 48.89243
C12 999.976 31.873755
C12 1025.028 15.797168
C12 1050.014 6.426411
C12 1075.002 3.4791796
C12 1099.99 2.3663528
C13 319.994 47.86368
C13 324.969 49.861534
C13 349.982 58.564632
C13 374.975 73.20522
C13 400.019 84.201256
C13 424.965 85.47207
C13 450.035 84.78917
C13 475.003 84.615
C13 500.018 84.992714
C13 525.002 85.73658
C13 550.029 87.24593
C13 575.023 89.038795
C13 599.982 90.96243
C13 619.997 92.19095
C13 624.979 92.45838
C13 650.012 94.014824
C13 675.004 95.375984
C13 700.03 96.43529
C13 725.012 97.00238
C13 750.022 98.71418
C13 774.987 99.629974
C13 799.976 100.33989
C13 824.988 98.97093
C13 850.022 97.83067
C13 869.967 95.27204
C13 875.002 94.04996
C13 899.999 87.44491
C13 919.999 79.577034
C13 925.012 76.970825
C13 949.965 63.726997
C13 975.002 48.93924
C13 999.976 31.788258
C13 1025.028 15.755795
C13 1050.014 6.3551373
C13 1075.002 3.45423
C13 1099.99 2.3585272
C17 319.994 48.738132
C17 324.969 50.897083
C17 349.982 59.99964
C17 374.975 73.85656
C17 400.019 83.95322
C17 424.965 84.894356
C17 450.035 84.195816
C17 475.003 84.112335
C17 500.018 84.640274
C17 525.002 85.581314
C17 550.029 87.24436
C17 575.023 89.14273
C17 599.982 91.14102
C17 619.997 92.39892
C17 624.979 92.66455
C17 650.012 94.22329
C17 675.004 95.54562
C17 700.03 96.547775
C17 725.012 96.991745
C17 750.022 98.5546
C17 774.987 99.31779
C17 799.976 99.916824
C17 824.988 98.508026
C17 850.022 97.32541
C17 869.967 94.72064
C17 875.002 93.473854
C17 899.999 86.75095
C17 919.999 79.04573
C17 925.012 76.51699
C17 949.965 63.354996
C17 975.002 48.65763
C17 999.976 31.46956
C17 1025.028 15.521513
C17 1050.014 6.2237854
C17 1075.002 3.390324
C17 1099.99 2.317763
