lsstCam/transmission_filter_detector/r33_s01/u_24/19700101T000000.ecsv
# %ECSV 1.0
# ---
# datatype:
# - {name: wavelength, unit: nm, datatype: float32}
# - {name: efficiency, unit: '%', datatype: float64}
# meta: !!omap
# - {MODE: DETECTOR}
# - {TYPE: transmission_filter_detector}
# - {CALIBDATE: '1970-01-01T00:00:00'}
# - {INSTRUME: LSSTCam}
# - {OBSTYPE: transmission_filter_detector}
# - {CALIBCLS: lsst.ip.isr.IntermediateFilterDetectorTransmissionCurve}
# - {SOURCE: Materion (DM-46256)}
# - {DETECTOR: 145}
# - {FILTER: u_24}
# - {CALIB_ID: 'calibDate=1970-01-01T00:00:00 filter=u_24 detector=145'}
# - {DATE: '2025-04-02T15:59:40.421740'}
# - {CALIB_CREATION_DATE: '2025-04-02'}
# - {CALIB_CREATION_TIME: '15:59:40'}
# - __serialized_columns__:
#     efficiency:
#       __class__: astropy.units.quantity.Quantity
#       unit: !astropy.units.Unit {unit: '%'}
#       value: !astropy.table.SerializedColumn {name: efficiency}
#     wavelength:
#       __class__: astropy.units.quantity.Quantity
#       unit: !astropy.units.Unit {unit: nm}
#       value: !astropy.table.SerializedColumn {name: wavelength}
# schema: astropy-2.0
wavelength efficiency
[from data line 581]
876.0 0.002594192665128503
877.0 0.0027255424356553704
878.0 0.002856892388081178
879.0 0.002823695831466466
880.0 0.0027904994567506947
881.0 0.002780937938950956
882.0 0.0027713760573533364
883.0 0.0026869203793467022
884.0 0.002602464701340068
885.0 0.002661629878275562
886.0 0.002720795055211056
887.0 0.0023711854737484828
888.0 0.002021575710386969
889.0 0.0022016723960405216
890.0 0.002381769081694074
891.0 0.002534780651330948
892.0 0.002687792402866762
893.0 0.0028802514862036332
894.0 0.003072710387641564
895.0 0.003050472696486395
896.0 0.0030282348234322853
897.0 0.0033384272683179006
898.0 0.003648619895102456
899.0 0.003779254257096909
900.0 0.0039098889828892425
901.0 0.004057928526890464
902.0 0.004205967707093805
903.0 0.004282683948986232
904.0 0.00435940055467654
905.0 0.004904569868813269
906.0 0.005449738455354236
907.0 0.005435443745227531
908.0 0.005421149035100825
909.0 0.005513500582310371
910.0 0.005605852129519917
911.0 0.005598541611107066
912.0 0.005591231456492096
913.0 0.005261474507278763
914.0 0.004931717194267549
915.0 0.0046291715989355
916.0 0.004326626003603451
917.0 0.004249260746291839
918.0 0.004171895488980226
919.0 0.004283435919205658
920.0 0.004394975985633209
921.0 0.0045324861275730655
922.0 0.00466999554191716
923.0 0.005174229954718612
924.0 0.005678464003722183
925.0 0.006093358024372719
926.0 0.006508252408821136
927.0 0.006766346632502973
928.0 0.007024443038972095
929.0 0.007229916809592396
930.0 0.00743539203540422
931.0 0.007429208199027926
932.0 0.00742302363505587
933.0 0.007483184162992984
934.0 0.0075433432357385755
935.0 0.007439541514031589
936.0 0.007335739064728841
937.0 0.007015567098278552
938.0 0.0066953936766367406
939.0 0.006520424358313903
940.0 0.006345452857203782
941.0 0.005473831697599962
942.0 0.004602210901794024
943.0 0.004028853800264187
944.0 0.003455497426330112
945.0 0.0030843984859529883
946.0 0.0027132995455758646
947.0 0.002274883445352316
948.0 0.0018364673451287672
949.0 0.0016200227037188597
950.0 0.001403577971359482
951.0 0.0013147351637599058
952.0 0.001225891992362449
953.0 0.0015262821762007661
954.0 0.0018266726328874938
955.0 0.0022278434698819183
956.0 0.002629013943078462
957.0 0.002648119152581785
958.0 0.0026672241801861674
959.0 0.0030162238545017317
960.0 0.0033652231650194153
961.0 0.0038133854104671627
962.0 0.00426154765591491
963.0 0.0044106320274295285
964.0 0.004559716035146266
965.0 0.004774019180331379
966.0 0.004988322325516492
967.0 0.004823684139410034
968.0 0.004659045589505695
969.0 0.0046559536713175476
970.0 0.0046528617531294
971.0 0.004561206151265651
972.0 0.004469550185604021
973.0 0.004390985850477591
974.0 0.004312421515351161
975.0 0.004108520079171285
976.0 0.0039046186429914087
977.0 0.003381735587026924
978.0 0.0028588527129613794
979.0 0.0026779354811878875
980.0 0.002497018431313336
981.0 0.0026851332222577184
982.0 0.0028732481951010413
983.0 0.002853144542314112
984.0 0.0028330412533250637
985.0 0.0030146546123432927
986.0 0.0031962685170583427
987.0 0.0035458990168990567
988.0 0.0038955295167397708
989.0 0.004451247150427662
990.0 0.005006964784115553
991.0 0.005535870513995178
992.0 0.006064776607672684
993.0 0.006415657844627276
994.0 0.006766537262592465
995.0 0.006918352300999686
996.0 0.0070701673394069076
997.0 0.006718795339111239
998.0 0.006367424066411331
999.0 0.006425431638490409
1000.0 0.006483437027782202
1001.0 0.006318406667560339
1002.0 0.006153374852146953
1003.0 0.006075220517232083
1004.0 0.005997066546115093
1005.0 0.005528339897864498
1006.0 0.0050596132496139035
1007.0 0.005092787250760011
1008.0 0.0051259634346934035
1009.0 0.004732098750537261
1010.0 0.004338234430179
1011.0 0.003633393134805374
1012.0 0.002928552021330688
1013.0 0.002656754986674059
1014.0 0.00238495777011849
1015.0 0.002059287544398103
1016.0 0.0017336171367787756
1017.0 0.0014563080185325816
1018.0 0.001178999082185328
1019.0 0.001122792764363112
1020.0 0.0010665864465408958
1021.0 0.0013133798347553238
1022.0 0.0015601734048686922
1023.0 0.0014943629139452241
1024.0 0.0014285526049206965
1025.0 0.0013944429156254046
1026.0 0.001360333408229053
1027.0 0.0016733534721424803
1028.0 0.0019863733541569673
1029.0 0.0017874444893095642
1030.0 0.0015885156244621612
1031.0 0.00157640333782183
1032.0 0.0015642912330804393
1033.0 0.0017694423149805516
1034.0 0.0019745932149817236
1035.0 0.0018486261978978291
1036.0 0.0017226589989149943
1037.0 0.0018761918909149244
1038.0 0.0020297246010159142
1039.0 0.0018735452613327652
1040.0 0.0017173655578517355
1041.0 0.0018150383766624145
1042.0 0.001912711377372034
1043.0 0.001890095700218808
1044.0 0.0018674802049645223
1045.0 0.0019077506294706836
1046.0 0.0019480206901789643
1047.0 0.0017283049601246603
1048.0 0.0015085889572219457
1049.0 0.0015167778656177688
1050.0 0.0015249665921146516
1051.0 0.0016929121557041071
1052.0 0.0018608578102430329
1053.0 0.001877055547083728
1054.0 0.0018932534658233635
1055.0 0.0017067382941604592
1056.0 0.0015202230315480847
1057.0 0.0009628476618672721
1058.0 0.0004054723831359297
1059.0 0.0005256113126961282
1060.0 0.0006457502877310617
1061.0 0.00036667213407781674
1062.0 8.759402021496498e-05
1063.0 0.00027307694381306646
1064.0 0.0004585601800499717
1065.0 0.0007973088031576481
1066.0 0.001136057653639
1067.0 0.0012700190382020082
1068.0 0.001403980695613427
1069.0 0.00206514941964997
1070.0 0.002726318416534923
1071.0 0.002927530658780597
1072.0 0.003128743264824152
1073.0 0.0029995171644259244
1074.0 0.002870291245926637
1075.0 0.002844655500666704
1076.0 0.0028190201192046516
1077.0 0.0024226490495493636
1078.0 0.0020262779798940755
1079.0 0.003364427902852185
1080.0 0.004702578007709235
1081.0 0.004809714300790802
1082.0 0.0049168516852660105
1083.0 0.005169697033124976
1084.0 0.005422540561994538
1085.0 0.005549895649892278
1086.0 0.005677250737790018
1087.0 0.00512046754010953
1088.0 0.004563684342429042
1089.0 0.005730744305765256
1090.0 0.006897803541505709
1091.0 0.005906901424168609
1092.0 0.004915999306831509
1093.0 0.004770553277921863
1094.0 0.004625105793820694
1095.0 0.004513961175689474
1096.0 0.004402816557558253
1097.0 0.004443697253009304
1098.0 0.004484578676056117
1099.0 0.0030779148801229894
1100.0 0.001671251629886683
