lsstCam/transmission_filter_detector/r33_s01/u_24/19700101T000000.ecsv
# %ECSV 1.0
# ---
# datatype:
# - {name: wavelength, unit: nm, datatype: float32}
# - {name: efficiency, unit: '%', datatype: float64}
# meta: !!omap
# - {MODE: DETECTOR}
# - {TYPE: transmission_filter_detector}
# - {CALIBDATE: '1970-01-01T00:00:00'}
# - {INSTRUME: LSSTCam}
# - {OBSTYPE: transmission_filter_detector}
# - {CALIBCLS: lsst.ip.isr.IntermediateFilterDetectorTransmissionCurve}
# - {SOURCE: Materion (DM-46256)}
# - {DETECTOR: 145}
# - {FILTER: u_24}
# - {CALIB_ID: 'calibDate=1970-01-01T00:00:00 filter=u_24 detector=145'}
# - {DATE: '2025-04-02T15:59:40.421740'}
# - {CALIB_CREATION_DATE: '2025-04-02'}
# - {CALIB_CREATION_TIME: '15:59:40'}
# - __serialized_columns__:
#     efficiency:
#       __class__: astropy.units.quantity.Quantity
#       unit: !astropy.units.Unit {unit: '%'}
#       value: !astropy.table.SerializedColumn {name: efficiency}
#     wavelength:
#       __class__: astropy.units.quantity.Quantity
#       unit: !astropy.units.Unit {unit: nm}
#       value: !astropy.table.SerializedColumn {name: wavelength}
# schema: astropy-2.0
wavelength efficiency
295.0 1.5798786974843826e-10
296.0 1.5798786974843826e-10
297.0 1.5798786974843826e-10
298.0 1.5798786974843826e-10
299.0 1.5798786974843826e-10
300.0 1.5798786974843826e-10
301.0 1.5798786974843826e-10
302.0 1.5798786974843826e-10
303.0 1.5798786974843826e-10
304.0 0.41223629377782345
305.0 0.604770565405488
306.0 1.569562777876854
307.0 2.8257934376597404
308.0 4.807215556502342
309.0 7.644683122634888
310.0 10.882122814655304
311.0 14.414933323860168
312.0 18.315908312797546
313.0 21.417060494422913
314.0 24.740387499332428
315.0 27.212071418762207
316.0 29.235491156578064
317.0 31.59262239933014
318.0 34.21802520751953
319.0 37.501344084739685
320.0 42.67647862434387
321.0 47.81103432178497
322.0 53.73237133026123
323.0 59.295064210891724
324.0 64.05640840530396
325.0 67.68285036087036
326.0 70.12470960617065
327.0 72.07450866699219
328.0 73.87137413024902
329.0 75.22047758102417
330.0 76.71778798103333
331.0 77.58408188819885
332.0 78.09456586837769
333.0 78.12173962593079
334.0 78.0419111251831
335.0 78.15719842910767
336.0 78.27520966529846
337.0 78.75608801841736
338.0 79.55436110496521
339.0 80.21284341812134
340.0 80.66195845603943
341.0 81.1724841594696
342.0 81.49351477622986
343.0 81.42533898353577
344.0 81.59633278846741
345.0 81.96428418159485
346.0 82.26707577705383
347.0 82.5079083442688
348.0 82.86113142967224
349.0 83.0601692199707
350.0 83.10579061508179
351.0 83.34923386573792
352.0 83.12402367591858
353.0 83.12414884567261
354.0 82.95682072639465
355.0 83.28445553779602
356.0 83.41730833053589
357.0 83.31381678581238
358.0 82.989901304245
359.0 82.81003832817078
360.0 82.7513575553894
361.0 82.54286050796509
362.0 82.33728408813477
363.0 82.54396319389343
364.0 82.6596736907959
365.0 82.82675743103027
366.0 82.980477809906
367.0 83.09217691421509
368.0 82.9851746559143
369.0 82.96002149581909
370.0 82.66698122024536
371.0 82.43223428726196
372.0 82.40247368812561
373.0 82.5302004814148
374.0 82.48707056045532
375.0 82.79549479484558
376.0 82.87707567214966
377.0 82.98137187957764
378.0 82.99903869628906
379.0 82.78164267539978
380.0 82.16979503631592
381.0 80.95353841781616
382.0 79.26886677742004
383.0 77.35377550125122
384.0 75.24202466011047
385.0 72.93768525123596
386.0 70.5407977104187
387.0 67.36326217651367
388.0 64.17272090911865
389.0 60.36652326583862
390.0 56.47501349449158
391.0 52.28210687637329
392.0 47.84441292285919
393.0 43.98040771484375
394.0 40.65326750278473
395.0 37.36496567726135
396.0 34.06376540660858
397.0 29.729339480400085
398.0 24.630479514598846
399.0 18.225446343421936
400.0 12.026723474264145
401.0 7.029377669095993
402.0 3.314303606748581
403.0 1.1738834902644157
404.0 0.3731279168277979
405.0 0.12729023583233356
406.0 0.06659775972366333
407.0 0.025712468777783215
408.0 0.03267939609941095
409.0 0.005646832869388163
410.0 1.5798786974843826e-10
411.0 1.5798786974843826e-10
412.0 1.5798786974843826e-10
413.0 1.5798786974843826e-10
414.0 1.5798786974843826e-10
415.0 1.5798786974843826e-10
416.0 1.5798786974843826e-10
417.0 1.5798786974843826e-10
418.0 1.5798786974843826e-10
419.0 1.5798786974843826e-10
420.0 1.5798786974843826e-10
421.0 1.5798786974843826e-10
422.0 1.5798786974843826e-10
423.0 1.5798786974843826e-10
424.0 1.5798786974843826e-10
425.0 1.5798786974843826e-10
426.0 0.0035726410715142265
427.0 0.0011749635632440913
428.0 1.5798786974843826e-10
429.0 1.5798786974843826e-10
430.0 1.5798786974843826e-10
431.0 1.5798786974843826e-10
432.0 1.5798786974843826e-10
433.0 0.00010296579375790316
434.0 0.001309480649069883
435.0 0.0007564193765574601
436.0 0.00020335774024715647
437.0 0.0002118394377248478
438.0 0.0002203207031925558
439.0 1.5798786974843826e-10
440.0 1.5798786974843826e-10
441.0 1.5798786974843826e-10
442.0 1.5798786974843826e-10
443.0 1.5798786974843826e-10
444.0 4.024758126774941e-06
445.0 1.5798786974843826e-10
446.0 1.5798786974843826e-10
447.0 1.5798786974843826e-10
448.0 1.5798786974843826e-10
449.0 1.5798786974843826e-10
450.0 1.5798786974843826e-10
451.0 0.00012340078683337197
452.0 0.0009838317964749876
453.0 0.0004895627625955967
454.0 1.5798786974843826e-10
455.0 6.545525934598118e-05
456.0 0.00013561704008679953
457.0 1.5798786974843826e-10
458.0 1.5798786974843826e-10
459.0 1.5798786974843826e-10
460.0 1.5798786974843826e-10
461.0 1.5798786974843826e-10
462.0 1.5798786974843826e-10
463.0 0.0002961170821436099
464.0 0.0008690575668879319
465.0 0.0002997099727508612
466.0 1.5798786974843826e-10
467.0 1.5798786974843826e-10
468.0 1.5798786974843826e-10
469.0 1.5798786974843826e-10
470.0 0.00037947067994537065
471.0 0.00014344475403049728
472.0 1.5798786974843826e-10
473.0 1.5798786974843826e-10
474.0 1.5798786974843826e-10
475.0 1.5798786974843826e-10
476.0 1.5798786974843826e-10
477.0 1.5798786974843826e-10
478.0 1.5798786974843826e-10
479.0 1.5798786974843826e-10
480.0 1.5798786974843826e-10
481.0 1.5798786974843826e-10
482.0 1.5798786974843826e-10
483.0 1.5798786974843826e-10
484.0 4.7289020699281537e-05
485.0 1.5798786974843826e-10
486.0 1.5798786974843826e-10
487.0 1.5798786974843826e-10
488.0 6.054211212358496e-05
489.0 1.5798786974843826e-10
490.0 1.5798786974843826e-10
491.0 1.5798786974843826e-10
492.0 1.5798786974843826e-10
493.0 1.5798786974843826e-10
494.0 1.5798786974843826e-10
495.0 1.5798786974843826e-10
496.0 1.5798786974843826e-10
497.0 1.5798786974843826e-10
498.0 1.5798786974843826e-10
499.0 1.5798786974843826e-10
500.0 1.5798786974843826e-10
501.0 1.5798786974843826e-10
502.0 1.5798786974843826e-10
503.0 1.5798786974843826e-10
504.0 0.00012482174724937067
505.0 1.5798786974843826e-10
506.0 1.5798786974843826e-10
507.0 9.737152595334919e-05
508.0 0.0003823836777883116
509.0 0.00022837357391836122
510.0 7.436328246512858e-05
511.0 0.00021877356175536988
512.0 0.00036318385809863685
513.0 0.0001797881623133435
514.0 1.5798786974843826e-10
515.0 1.5798786974843826e-10
516.0 1.5798786974843826e-10
517.0 1.5798786974843826e-10
518.0 1.5798786974843826e-10
519.0 1.5798786974843826e-10
520.0 1.5798786974843826e-10
521.0 1.5798786974843826e-10
522.0 1.5798786974843826e-10
523.0 1.5798786974843826e-10
524.0 1.5798786974843826e-10
525.0 1.5798786974843826e-10
526.0 1.5798786974843826e-10
527.0 1.5798786974843826e-10
528.0 1.5798786974843826e-10
529.0 1.5798786974843826e-10
530.0 1.5798786974843826e-10
531.0 1.5798786974843826e-10
532.0 1.5798786974843826e-10
533.0 0.00017599395505385473
534.0 0.0007461317181878258
535.0 0.00018541134068073006
536.0 1.5798786974843826e-10
537.0 1.5798786974843826e-10
538.0 1.5798786974843826e-10
539.0 1.5798786974843826e-10
540.0 0.0001295846118409827
541.0 1.5798786974843826e-10
542.0 1.5798786974843826e-10
543.0 1.5798786974843826e-10
544.0 1.5798786974843826e-10
545.0 0.00029119810278643854
546.0 0.0007156857918744208
547.0 0.0002466503246978391
548.0 1.5798786974843826e-10
549.0 1.5798786974843826e-10
550.0 1.5798786974843826e-10
551.0 8.606775168118475e-05
552.0 0.0001745513259265863
553.0 1.5798786974843826e-10
554.0 1.5798786974843826e-10
555.0 1.5798786974843826e-10
556.0 1.5798786974843826e-10
557.0 1.5798786974843826e-10
558.0 1.5798786974843826e-10
559.0 1.5798786974843826e-10
560.0 1.5798786974843826e-10
561.0 1.5798786974843826e-10
562.0 1.5798786974843826e-10
563.0 1.5798786974843826e-10
564.0 1.5798786974843826e-10
565.0 1.5798786974843826e-10
566.0 1.5798786974843826e-10
567.0 1.5798786974843826e-10
568.0 9.211357792082708e-05
569.0 0.0002546918040025048
570.0 0.00041726989365997724
571.0 0.00024036387458181707
572.0 6.345782708194747e-05
573.0 8.946465186454589e-05
574.0 0.00011547149370016996
575.0 0.00010902904250542633
576.0 0.00010258656857331516
577.0 6.551786100317258e-05
578.0 2.844915911737189e-05
579.0 0.00048455235628352966
580.0 0.0009406557182956021
581.0 0.0009615996532374993
582.0 0.0009825434972299263
583.0 0.0013545457477448508
584.0 0.0017265476344618946
585.0 0.0015829709809622727
586.0 0.0014393942365131807
587.0 0.0009793301614990924
588.0 0.0005192659045860637
589.0 0.0008526211786374915
590.0 0.001185976270789979
591.0 0.0009397802386956755
592.0 0.0006935840247024316
593.0 0.0006303130703599891
594.0 0.0005670422069670167
595.0 0.0005393406809162116
596.0 0.0005116392458148766
597.0 0.000654785753795295
598.0 0.0007979320798767731
599.0 0.0011624317266978323
600.0 0.0015269313735188916
601.0 0.001758753387548495
602.0 0.0019905754015780985
603.0 0.001965448427654337
604.0 0.0019403212718316354
605.0 0.001794093259377405
606.0 0.0016478652469231747
607.0 0.0013205059985921253
608.0 0.000993146386463195
609.0 0.0007442629794240929
610.0 0.0004953793904860504
611.0 0.00042317328734498005
612.0 0.0003509671387291746
613.0 0.00028626873245229945
614.0 0.0002215702352259541
615.0 0.00030143098683765857
616.0 0.00038129160202515777
617.0 0.0005421645710157463
618.0 0.0007030375400063349
619.0 0.0005351424533728277
620.0 0.000367247344001953
621.0 0.0004773557520820759
622.0 0.0005874640464753611
623.0 0.0005080489700048929
624.0 0.00042863380258495454
625.0 0.0005632482498185709
626.0 0.0006978628334763926
627.0 0.0007164397175074555
628.0 0.0007350166015385184
629.0 0.0007499044841097202
630.0 0.000764792366680922
631.0 0.0012713113392237574
632.0 0.0017778305846150033
633.0 0.002291042073920835
634.0 0.0028042535632266663
635.0 0.002695273724384606
636.0 0.0025862938855425455
637.0 0.0023271080863196403
638.0 0.0020679224689956754
639.0 0.0019004179193871096
640.0 0.001732913551677484
641.0 0.001746188172546681
642.0 0.0017594624296179973
643.0 0.001338099900749512
644.0 0.0009167372809315566
645.0 0.000554110420125653
646.0 0.00019148340015817666
647.0 9.817292720981641e-05
648.0 4.862520341930576e-06
649.0 1.5798786974843826e-10
650.0 1.5798786974843826e-10
651.0 0.0002791609631458414
652.0 0.0007186900347733172
653.0 0.0009600900739314966
654.0 0.0012014903404633515
655.0 0.0013333004972082563
656.0 0.001465110653953161
657.0 0.0019638855519588105
658.0 0.0024626606318634003
659.0 0.002967727959912736
660.0 0.003472794924164191
661.0 0.0034299508115509525
662.0 0.003387106698937714
663.0 0.0031502666388405487
664.0 0.0029134260330465622
665.0 0.002255823346786201
666.0 0.0015982208424247801
667.0 0.0014883233234286308
668.0 0.0013784254406346008
669.0 0.0012572807463584468
670.0 0.001136136143031763
671.0 0.0007818401172698941
672.0 0.0004275441824574955
673.0 0.0005962875093246112
674.0 0.0007650310180906672
675.0 0.0008398300451517571
676.0 0.0009146289812633768
677.0 0.0010558247595326975
678.0 0.0011970205378020182
679.0 0.0015813910067663528
680.0 0.001965761839528568
681.0 0.003034642941202037
682.0 0.004103523679077625
683.0 0.005629265797324479
684.0 0.0071550071879755706
685.0 0.007970559818204492
686.0 0.008786113176029176
687.0 0.008038338273763657
688.0 0.007290565554285422
689.0 0.006347662565531209
690.0 0.005404759940574877
691.0 0.004808571611647494
692.0 0.004212382918922231
693.0 0.003397145337658003
694.0 0.002581907028798014
695.0 0.002089171357511077
696.0 0.0015964358681230806
697.0 0.0011905181054316927
698.0 0.0007846003427403048
699.0 0.000765230470278766
700.0 0.0007458603249688167
701.0 0.000651304617349524
702.0 0.000556748682356556
703.0 0.0004143533715250669
704.0 0.0002719581289056805
705.0 0.0004177735718258191
706.0 0.000563588946533855
707.0 0.0007321042176045012
708.0 0.0009006192158267368
709.0 0.0009502700777375139
710.0 0.0009999207577493507
711.0 0.0006844597919553053
712.0 0.00036899875794915715
713.0 0.0005389573288994143
714.0 0.000708915922587039
715.0 0.0006308679076028056
716.0 0.0005528198926185723
717.0 0.0006075383680581581
718.0 0.0006622567980230087
719.0 0.0006932484666322125
720.0 0.0007242401352414163
721.0 0.0003115517984042526
722.0 1.5798786974843826e-10
723.0 0.0002320994099136442
724.0 0.0005653354037349345
725.0 0.00021006987935834331
726.0 1.5798786974843826e-10
727.0 1.5798786974843826e-10
728.0 7.759917366456648e-05
729.0 0.0002584817366368952
730.0 0.0004393642939248821
731.0 0.00038275238694041036
732.0 0.0003261405709054088
733.0 0.0003147260713376454
734.0 0.0003033116854567197
735.0 0.00022085591808718164
736.0 0.00013840020756106242
737.0 0.00022822835035185562
738.0 0.00031805643629922997
739.0 0.0005932941803621361
740.0 0.000868531788000837
741.0 0.0011430575796111953
742.0 0.001417583098373143
743.0 0.001889500163088087
744.0 0.002361417136853561
745.0 0.002783859963528812
746.0 0.003206302790204063
747.0 0.003248479697504081
748.0 0.0032906569686019793
749.0 0.0032948537409538403
750.0 0.003299050877103582
751.0 0.003114987339358777
752.0 0.0029309238016139716
753.0 0.002778153066174127
754.0 0.0026253823307342827
755.0 0.0027033434889744967
756.0 0.0027813046472147107
757.0 0.0024391134502366185
758.0 0.0020969224351574667
759.0 0.001680811692494899
760.0 0.0012647011317312717
761.0 0.0009888569366012234
762.0 0.0007130127414711751
763.0 0.0006185538495628862
764.0 0.0005240950940788025
765.0 0.00043446752897580154
766.0 0.0003448399638728006
767.0 0.0006034679245203733
768.0 0.0008620960215921514
769.0 0.0007472375727957115
770.0 0.0006323793058982119
771.0 0.0007620145879627671
772.0 0.0008916498700273223
773.0 0.0008813426575215999
774.0 0.0008710354450158775
775.0 0.0007797161742928438
776.0 0.0006883969035698101
777.0 0.0005000040346203605
778.0 0.0003116111429335433
779.0 0.0004406147127156146
780.0 0.0005696182142855832
781.0 0.0007164930593717145
782.0 0.0008633679499325808
783.0 0.000944710336625576
784.0 0.0010260525414196309
785.0 0.001119409080274636
786.0 0.0012127655281801708
787.0 0.0009832075193116907
788.0 0.0007536495559179457
789.0 0.0007853496754250955
790.0 0.0008170497494575102
791.0 0.00064775008468132
792.0 0.00047845023800618947
793.0 0.0005267465439828811
794.0 0.0005750428044848377
795.0 0.00034610354759934125
796.0 0.00011716435892594745
797.0 0.0002211088030890096
798.0 0.0003250532245147042
799.0 0.0001002951648843009
800.0 1.5798786974843826e-10
801.0 1.5798786974843826e-10
802.0 9.248398669114977e-06
803.0 3.640396926130052e-05
804.0 6.355957111736643e-05
805.0 0.00011185778703293181
806.0 0.00016015609389796737
807.0 0.00013483221437127213
808.0 0.00010950843716273084
809.0 0.0002083934759866679
810.0 0.000307278514810605
811.0 0.0002196660716435872
812.0 0.0001320537194260396
813.0 8.555705903745547e-05
814.0 3.906048391399963e-05
815.0 0.0003218889105482958
816.0 0.0006047173428669339
817.0 0.00024669673166499706
818.0 1.5798786974843826e-10
819.0 3.933973289349524e-05
820.0 0.00019000340216734912
821.0 9.436569143872475e-05
822.0 1.5798786974843826e-10
823.0 1.5798786974843826e-10
824.0 1.5798786974843826e-10
825.0 1.5798786974843826e-10
826.0 1.5798786974843826e-10
827.0 1.5798786974843826e-10
828.0 1.5798786974843826e-10
829.0 1.5798786974843826e-10
830.0 1.5798786974843826e-10
831.0 1.5798786974843826e-10
832.0 1.5798786974843826e-10
833.0 1.5798786974843826e-10
834.0 1.5798786974843826e-10
835.0 1.5798786974843826e-10
836.0 1.5798786974843826e-10
837.0 1.5798786974843826e-10
838.0 1.5798786974843826e-10
839.0 1.5798786974843826e-10
840.0 1.5798786974843826e-10
841.0 1.5798786974843826e-10
842.0 1.5798786974843826e-10
843.0 1.5798786974843826e-10
844.0 1.5798786974843826e-10
845.0 0.00023058223632688168
846.0 0.0004999709290132159
847.0 1.5798786974843826e-10
848.0 1.5798786974843826e-10
849.0 1.5798786974843826e-10
850.0 0.00032846951398823876
851.0 0.00024304638372996124
852.0 0.00015762327620905126
853.0 4.399741726501816e-05
854.0 1.5798786974843826e-10
855.0 0.0001883118557088892
856.0 0.00044625203372561373
857.0 0.0005447466264740797
858.0 0.0006432410827983404
859.0 0.0008189137588487938
860.0 0.0009945862075255718
861.0 0.000970052042248426
862.0 0.0009455176950723398
863.0 0.0010793767614813987
864.0 0.0012132359188399278
865.0 0.0012668458111875225
866.0 0.0013204557035351172
867.0 0.0014708429262100253
868.0 0.001621229966985993
869.0 0.0014693399862153456
870.0 0.0013174498235457577
871.0 0.001397927371726837
872.0 0.0014784048289584462
873.0 0.002128820779034868
874.0 0.0027792370019597
