lsstCam/transmission_filter_detector/r32_s12/u_24/19700101T000000.ecsv
# %ECSV 1.0
# ---
# datatype:
# - {name: wavelength, unit: nm, datatype: float32}
# - {name: efficiency, unit: '%', datatype: float64}
# meta: !!omap
# - {MODE: DETECTOR}
# - {TYPE: transmission_filter_detector}
# - {CALIBDATE: '1970-01-01T00:00:00'}
# - {INSTRUME: LSSTCam}
# - {OBSTYPE: transmission_filter_detector}
# - {CALIBCLS: lsst.ip.isr.IntermediateFilterDetectorTransmissionCurve}
# - {SOURCE: Materion (DM-46256)}
# - {DETECTOR: 140}
# - {FILTER: u_24}
# - {CALIB_ID: 'calibDate=1970-01-01T00:00:00 filter=u_24 detector=140'}
# - {DATE: '2025-04-02T15:59:40.398686'}
# - {CALIB_CREATION_DATE: '2025-04-02'}
# - {CALIB_CREATION_TIME: '15:59:40'}
# - __serialized_columns__:
#     efficiency:
#       __class__: astropy.units.quantity.Quantity
#       unit: !astropy.units.Unit {unit: '%'}
#       value: !astropy.table.SerializedColumn {name: efficiency}
#     wavelength:
#       __class__: astropy.units.quantity.Quantity
#       unit: !astropy.units.Unit {unit: nm}
#       value: !astropy.table.SerializedColumn {name: wavelength}
# schema: astropy-2.0
wavelength efficiency
[from data line 581]
876.0 0.0026228890419588424
877.0 0.0027891117497347295
878.0 0.0029553350032074377
879.0 0.0028098653274355456
880.0 0.002664395833562594
881.0 0.0025873305276036263
882.0 0.0025102650397457182
883.0 0.0024474884412484244
884.0 0.00238471166085219
885.0 0.002381087324465625
886.0 0.00237746298807906
887.0 0.0022455718863056973
888.0 0.0021136807845323347
889.0 0.0023735745344311
890.0 0.002633468648127746
891.0 0.0027927108021685854
892.0 0.0029519531381083652
893.0 0.0029711498427786864
894.0 0.002990346729347948
895.0 0.0031549789127893746
896.0 0.0033196112781297415
897.0 0.003417825428186916
898.0 0.00351603957824409
899.0 0.003551233749021776
900.0 0.0035864282835973427
901.0 0.003908557846443728
902.0 0.0042306874092901126
903.0 0.004359878221293911
904.0 0.00448906903329771
905.0 0.0047987203288357705
906.0 0.005108371624373831
907.0 0.0051516170060494915
908.0 0.005194862387725152
909.0 0.005265839718049392
910.0 0.005336817048373632
911.0 0.005363990567275323
912.0 0.005391164086177014
913.0 0.005180443622521125
914.0 0.004969723158865236
915.0 0.004736891787615605
916.0 0.004504060416365974
917.0 0.004391525726532564
918.0 0.0042789910366991535
919.0 0.004367963265394792
920.0 0.0044569354940904304
921.0 0.0045889122702647
922.0 0.004720888682641089
923.0 0.005132049773237668
924.0 0.005543210136238486
925.0 0.005821525337523781
926.0 0.006099840175011195
927.0 0.006402676808647811
928.0 0.00670551453367807
929.0 0.007115332846296951
930.0 0.007525153341703117
931.0 0.0074195464549120516
932.0 0.007313941023312509
933.0 0.007674709922866896
934.0 0.008035478094825521
935.0 0.007875831215642393
936.0 0.007716183608863503
937.0 0.007189761527115479
938.0 0.006663340172963217
939.0 0.006431600195355713
940.0 0.006199859490152448
941.0 0.005557718395721167
942.0 0.004915577665087767
943.0 0.0043513318814802915
944.0 0.0037870868254685774
945.0 0.0031077590392669663
946.0 0.002428430707368534
947.0 0.002145216603821609
948.0 0.001862002318375744
949.0 0.0016155780031112954
950.0 0.0013691538697457872
951.0 0.0015403798897750676
952.0 0.001711605909804348
953.0 0.0017379630662617274
954.0 0.0017643202227191068
955.0 0.0019548018826753832
956.0 0.002145283178833779
957.0 0.002151490298274439
958.0 0.002157697599614039
959.0 0.0025428278604522347
960.0 0.0029279583031893708
961.0 0.0034010288800345734
962.0 0.0038740992749808356
963.0 0.004068910493515432
964.0 0.004263722075847909
965.0 0.004514406100497581
966.0 0.004765090488945134
967.0 0.004616220394382253
968.0 0.004467349936021492
969.0 0.00459505790786352
970.0 0.004722765515907668
971.0 0.0046561013732571155
972.0 0.004589436866808683
973.0 0.004474792149267159
974.0 0.004360147431725636
975.0 0.004194779467070475
976.0 0.004029411866213195
977.0 0.0034999484341824427
978.0 0.0029704851840506308
979.0 0.002714786933211144
980.0 0.002459088500472717
981.0 0.0025765619284356944
982.0 0.0026940355382976122
983.0 0.002651746581250336
984.0 0.00260945762420306
985.0 0.0028702272174996324
986.0 0.0031309969926951453
987.0 0.003395499152247794
988.0 0.0036600005842046812
989.0 0.004129692024434917
990.0 0.004599383464665152
991.0 0.005055389920016751
992.0 0.00551139673916623
993.0 0.006003289672662504
994.0 0.006495181878563017
995.0 0.006564713839907199
996.0 0.00663424507365562
997.0 0.006446926272474229
998.0 0.006259606743697077
999.0 0.0062063991208560765
1000.0 0.0061531907704193145
1001.0 0.006231776205822825
1002.0 0.006310360913630575
1003.0 0.006162681529531255
1004.0 0.006015001781634055
1005.0 0.00573010001971852
1006.0 0.005445198257802986
1007.0 0.005276463707559742
1008.0 0.005107730248710141
1009.0 0.004686570900958031
1010.0 0.004265411917003803
1011.0 0.0038849775592098013
1012.0 0.003504542837617919
1013.0 0.002954324554593768
1014.0 0.0024041059077717364
1015.0 0.0020276434952393174
1016.0 0.0016511810827068985
1017.0 0.001440869800717337
1018.0 0.0012305586096772458
1019.0 0.0013544276953325607
1020.0 0.0014782966900384054
1021.0 0.001428724681318272
1022.0 0.0013791527635476086
1023.0 0.0012886930562672205
1024.0 0.0011982332580373622
1025.0 0.0012302461072977167
1026.0 0.0012622592294064816
1027.0 0.0015223353329929523
1028.0 0.0017824111637310125
1029.0 0.0016644227798678912
1030.0 0.00154643439600477
1031.0 0.0015705953046563081
1032.0 0.0015947562133078463
1033.0 0.0015761803297209553
1034.0 0.001557604264235124
1035.0 0.0014728178939549252
1036.0 0.0013880310689273756
1037.0 0.0016501091522513889
1038.0 0.001912187144625932
1039.0 0.0017722406482789665
1040.0 0.0016322941519320011
1041.0 0.001682014590187464
1042.0 0.0017317350284429267
1043.0 0.00160338659043191
1044.0 0.0014750380614714231
1045.0 0.001765391971275676
1046.0 0.0020557457901304588
1047.0 0.00201229613594478
1048.0 0.001968846481759101
1049.0 0.0020333356587798335
1050.0 0.0020978248358005658
1051.0 0.00182471103471471
1052.0 0.0015515972336288542
1053.0 0.0013016595403314568
1054.0 0.0010517218470340595
1055.0 0.0012482689271564595
1056.0 0.0014448160072788596
1057.0 0.0008933634489949327
1058.0 0.0003419110043978435
1059.0 0.0005911201697017532
1060.0 0.0008403294486925006
1061.0 0.0008971256647782866
1062.0 0.0009539219718135428
1063.0 0.0006731890152877895
1064.0 0.000392456422559917
1065.0 0.0006997133368713548
1066.0 0.0010069705240312032
1067.0 0.0013212177691457327
1068.0 0.0016354651961592026
1069.0 0.002141311233572196
1070.0 0.00264715745288413
1071.0 0.002470371146046091
1072.0 0.0022935852030059323
1073.0 0.0022171856471686624
1074.0 0.002140785909432452
1075.0 0.0020929908714606427
1076.0 0.0020451960153877735
1077.0 0.0021789834136143327
1078.0 0.002312770993739832
1079.0 0.003428833224461414
1080.0 0.004544895637081936
1081.0 0.0047484452807111666
1082.0 0.004951994924340397
1083.0 0.004843267743126489
1084.0 0.00473453983431682
1085.0 0.004538448774837889
1086.0 0.004342357715358958
1087.0 0.003936030771001242
1088.0 0.003529703462845646
1089.0 0.004347783760749735
1090.0 0.005165863694855943
1091.0 0.004742673263535835
1092.0 0.004319483196013607
1093.0 0.004043930312036537
1094.0 0.003768377791857347
1095.0 0.003928579099010676
1096.0 0.0040887814975576475
1097.0 0.004325105692259967
1098.0 0.004561430978355929
1099.0 0.0035074539482593536
1100.0 0.0024534772819606587
