lsstCam/transmission_filter_detector/r32_s12/u_24/19700101T000000.ecsv
# %ECSV 1.0
# ---
# datatype:
# - {name: wavelength, unit: nm, datatype: float32}
# - {name: efficiency, unit: '%', datatype: float64}
# meta: !!omap
# - {MODE: DETECTOR}
# - {TYPE: transmission_filter_detector}
# - {CALIBDATE: '1970-01-01T00:00:00'}
# - {INSTRUME: LSSTCam}
# - {OBSTYPE: transmission_filter_detector}
# - {CALIBCLS: lsst.ip.isr.IntermediateFilterDetectorTransmissionCurve}
# - {SOURCE: Materion (DM-46256)}
# - {DETECTOR: 140}
# - {FILTER: u_24}
# - {CALIB_ID: 'calibDate=1970-01-01T00:00:00 filter=u_24 detector=140'}
# - {DATE: '2025-04-02T15:59:40.398686'}
# - {CALIB_CREATION_DATE: '2025-04-02'}
# - {CALIB_CREATION_TIME: '15:59:40'}
# - __serialized_columns__:
#     efficiency:
#       __class__: astropy.units.quantity.Quantity
#       unit: !astropy.units.Unit {unit: '%'}
#       value: !astropy.table.SerializedColumn {name: efficiency}
#     wavelength:
#       __class__: astropy.units.quantity.Quantity
#       unit: !astropy.units.Unit {unit: nm}
#       value: !astropy.table.SerializedColumn {name: wavelength}
# schema: astropy-2.0
wavelength efficiency
295.0 1.5750015224316738e-10
296.0 1.5750015224316738e-10
297.0 0.018729724979493767
298.0 1.5750015224316738e-10
299.0 0.09158288594335318
300.0 1.5750015224316738e-10
301.0 1.5750015224316738e-10
302.0 0.07600821554660797
303.0 1.5750015224316738e-10
304.0 0.06723746191710234
305.0 0.5607310682535172
306.0 1.3940687291324139
307.0 2.6427865028381348
308.0 4.589545726776123
309.0 7.551691681146622
310.0 10.592039674520493
311.0 14.04237449169159
312.0 17.92634129524231
313.0 21.30887806415558
314.0 24.084395170211792
315.0 26.762694120407104
316.0 28.822186589241028
317.0 31.26702606678009
318.0 33.75421762466431
319.0 37.113675475120544
320.0 42.08002984523773
321.0 47.11403250694275
322.0 53.14301252365112
323.0 58.66319537162781
324.0 63.60815167427063
325.0 67.11151003837585
326.0 69.64731812477112
327.0 71.59993648529053
328.0 73.50322008132935
329.0 74.83441829681396
330.0 76.30537152290344
331.0 77.28792428970337
332.0 77.7563750743866
333.0 77.90248394012451
334.0 77.7546763420105
335.0 77.86920070648193
336.0 77.98919081687927
337.0 78.3353865146637
338.0 79.26474213600159
339.0 79.88459467887878
340.0 80.38676381111145
341.0 80.83922266960144
342.0 81.16406798362732
343.0 81.13665580749512
344.0 81.31362199783325
345.0 81.60994052886963
346.0 81.83910846710205
347.0 82.14494585990906
348.0 82.50974416732788
349.0 82.68786668777466
350.0 82.7247142791748
351.0 82.95862078666687
352.0 82.75830745697021
353.0 82.76453614234924
354.0 82.6808512210846
355.0 82.88077712059021
356.0 83.05474519729614
357.0 82.96365141868591
358.0 82.65575170516968
359.0 82.44156837463379
360.0 82.43369460105896
361.0 82.24657773971558
362.0 82.07433223724365
363.0 82.24236369132996
364.0 82.31498003005981
365.0 82.49281048774719
366.0 82.61653780937195
367.0 82.75193572044373
368.0 82.58061408996582
369.0 82.57206678390503
370.0 82.25656747817993
371.0 81.9823145866394
372.0 81.95347785949707
373.0 82.12619423866272
374.0 82.11636543273926
375.0 82.42924213409424
376.0 82.48380422592163
377.0 82.50545263290405
378.0 82.57988691329956
379.0 82.37324357032776
380.0 81.7549467086792
381.0 80.56107759475708
382.0 78.88621687889099
383.0 76.92839503288269
384.0 74.85475540161133
385.0 72.50834107398987
386.0 70.12284398078918
387.0 66.98008179664612
388.0 63.8270378112793
389.0 60.04311442375183
390.0 56.1861515045166
391.0 52.00732350349426
392.0 47.59339690208435
393.0 43.68731081485748
394.0 40.415337681770325
395.0 37.175452709198
396.0 33.88541638851166
397.0 29.71268892288208
398.0 24.78373497724533
399.0 18.528813123703003
400.0 12.319540977478027
401.0 7.305794209241867
402.0 3.5208068788051605
403.0 1.2725154869258404
404.0 0.36911568604409695
405.0 0.15734985936433077
406.0 0.061104039195925
407.0 0.038969400338828564
408.0 0.023510929895564914
409.0 0.012926080671604723
410.0 1.5750015224316738e-10
411.0 1.5750015224316738e-10
412.0 1.5750015224316738e-10
413.0 1.5750015224316738e-10
414.0 1.5750015224316738e-10
415.0 1.5750015224316738e-10
416.0 1.5750015224316738e-10
417.0 1.5750015224316738e-10
418.0 1.5750015224316738e-10
419.0 1.5750015224316738e-10
420.0 1.5750015224316738e-10
421.0 1.5750015224316738e-10
422.0 1.5750015224316738e-10
423.0 1.5750015224316738e-10
424.0 1.5750015224316738e-10
425.0 1.5750015224316738e-10
426.0 0.0013880483493267093
427.0 0.0009303858860221226
428.0 0.0004727237865154166
429.0 0.00011203881058463594
430.0 1.5750015224316738e-10
431.0 1.5750015224316738e-10
432.0 1.5750015224316738e-10
433.0 1.5750015224316738e-10
434.0 1.5750015224316738e-10
435.0 1.5750015224316738e-10
436.0 0.0002506252712919377
437.0 1.5750015224316738e-10
438.0 1.5750015224316738e-10
439.0 1.5750015224316738e-10
440.0 1.5750015224316738e-10
441.0 1.5750015224316738e-10
442.0 1.5750015224316738e-10
443.0 1.5750015224316738e-10
444.0 1.5750015224316738e-10
445.0 1.5750015224316738e-10
446.0 1.5750015224316738e-10
447.0 1.5750015224316738e-10
448.0 1.5750015224316738e-10
449.0 1.5750015224316738e-10
450.0 1.5750015224316738e-10
451.0 1.5750015224316738e-10
452.0 0.00047247403927030973
453.0 1.5750015224316738e-10
454.0 1.5750015224316738e-10
455.0 1.5750015224316738e-10
456.0 0.0001598064613972383
457.0 1.5750015224316738e-10
458.0 1.5750015224316738e-10
459.0 1.5750015224316738e-10
460.0 1.5750015224316738e-10
461.0 1.5750015224316738e-10
462.0 1.5750015224316738e-10
463.0 1.5750015224316738e-10
464.0 1.5750015224316738e-10
465.0 1.5750015224316738e-10
466.0 1.5750015224316738e-10
467.0 1.5750015224316738e-10
468.0 1.5750015224316738e-10
469.0 1.5750015224316738e-10
470.0 5.220533125793736e-05
471.0 0.00011861746997965383
472.0 0.0001850294893301907
473.0 1.5750015224316738e-10
474.0 1.5750015224316738e-10
475.0 1.5750015224316738e-10
476.0 1.5750015224316738e-10
477.0 1.5750015224316738e-10
478.0 1.5750015224316738e-10
479.0 1.5750015224316738e-10
480.0 1.5750015224316738e-10
481.0 1.5750015224316738e-10
482.0 1.5750015224316738e-10
483.0 1.5750015224316738e-10
484.0 0.0002730831283770385
485.0 9.389578963237e-05
486.0 1.5750015224316738e-10
487.0 1.5750015224316738e-10
488.0 1.5750015224316738e-10
489.0 1.5750015224316738e-10
490.0 1.5750015224316738e-10
491.0 1.5750015224316738e-10
492.0 1.5750015224316738e-10
493.0 1.5750015224316738e-10
494.0 1.5750015224316738e-10
495.0 1.5750015224316738e-10
496.0 1.5750015224316738e-10
497.0 1.5750015224316738e-10
498.0 1.5750015224316738e-10
499.0 1.5750015224316738e-10
500.0 1.5750015224316738e-10
501.0 1.5750015224316738e-10
502.0 1.5750015224316738e-10
503.0 1.5750015224316738e-10
504.0 1.5750015224316738e-10
505.0 1.5750015224316738e-10
506.0 1.5750015224316738e-10
507.0 1.076984101899825e-06
508.0 0.00022069391434342833
509.0 1.5750015224316738e-10
510.0 1.5750015224316738e-10
511.0 1.5750015224316738e-10
512.0 1.4965829109314654e-05
513.0 0.00013945409591542557
514.0 0.00026394238830107497
515.0 3.570751800907601e-05
516.0 1.5750015224316738e-10
517.0 1.5750015224316738e-10
518.0 1.5750015224316738e-10
519.0 1.5750015224316738e-10
520.0 1.5750015224316738e-10
521.0 1.5750015224316738e-10
522.0 1.5750015224316738e-10
523.0 1.5750015224316738e-10
524.0 1.5750015224316738e-10
525.0 1.5750015224316738e-10
526.0 1.5750015224316738e-10
527.0 1.5750015224316738e-10
528.0 1.5750015224316738e-10
529.0 1.5750015224316738e-10
530.0 1.5750015224316738e-10
531.0 1.5750015224316738e-10
532.0 1.5750015224316738e-10
533.0 7.381273121609411e-05
534.0 0.0005624616733257426
535.0 0.0001333111640633433
536.0 1.5750015224316738e-10
537.0 1.5750015224316738e-10
538.0 1.5750015224316738e-10
539.0 1.5750015224316738e-10
540.0 1.5750015224316738e-10
541.0 1.5750015224316738e-10
542.0 1.5750015224316738e-10
543.0 6.409266575246875e-05
544.0 0.00030776943731325446
545.0 0.0003245866992074298
546.0 0.0003414039611016051
547.0 0.0002149190095224185
548.0 8.843410341796698e-05
549.0 1.5750015224316738e-10
550.0 1.5750015224316738e-10
551.0 1.5750015224316738e-10
552.0 1.1679523481689102e-05
553.0 1.5750015224316738e-10
554.0 1.5750015224316738e-10
555.0 1.5750015224316738e-10
556.0 1.5750015224316738e-10
557.0 1.5750015224316738e-10
558.0 6.847438953627716e-05
559.0 0.00014134764114714926
560.0 0.00021422085865197005
561.0 0.00011624922535702353
562.0 1.8277512481290614e-05
563.0 1.0969444019792718e-05
564.0 3.6611009335274503e-06
565.0 1.5750015224316738e-10
566.0 1.5750015224316738e-10
567.0 1.5750015224316738e-10
568.0 1.5750015224316738e-10
569.0 8.587300612816762e-05
570.0 0.00020084394236619119
571.0 0.00018304415334569057
572.0 0.00016524439843124128
573.0 0.0002590652911749203
574.0 0.0003528861725499155
575.0 0.00025737240321177524
576.0 0.00016185861113626743
577.0 2.9788202482450288e-05
578.0 1.5750015224316738e-10
579.0 0.0002154514504582039
580.0 0.0005331851752998773
581.0 0.0006619809937546961
582.0 0.0007907767212600447
583.0 0.0011238699698878918
584.0 0.0014569631275662687
585.0 0.001411533958162181
586.0 0.0013661048797075637
587.0 0.0009531383511784952
588.0 0.0005401719135988969
589.0 0.0007426969204971101
590.0 0.0009452219273953233
591.0 0.0009476472769165412
592.0 0.000950072626437759
593.0 0.0007090807230270002
594.0 0.00046808891056571156
595.0 0.0006161995315778768
596.0 0.0007643102435395122
597.0 0.0009461537956667598
598.0 0.0011279968930466566
599.0 0.0012315758795011789
600.0 0.0013351546840567607
601.0 0.0016750871509429999
602.0 0.002015019708778709
603.0 0.0019855382561217993
604.0 0.0019560568034648895
605.0 0.0019094066374236718
606.0 0.001862756471382454
607.0 0.0015742596588097513
608.0 0.0012857623914896976
609.0 0.000936263950279681
610.0 0.0005867652362212539
611.0 0.0005881520792172523
612.0 0.0005895389222132508
613.0 0.0004646217348636128
614.0 0.0003397044793018722
615.0 0.00034530364700913196
616.0 0.0003509026555548189
617.0 0.00043465101953188423
618.0 0.0005183992925594794
619.0 0.0005908104867557995
620.0 0.0006632215900026495
621.0 0.00052249329201004
622.0 0.0003817649485426955
623.0 0.00040366653593082447
624.0 0.00042556807784421835
625.0 0.0006179465344757773
626.0 0.0008103250365820713
627.0 0.0007796548743499443
628.0 0.0007489849849662278
629.0 0.0008059528227022383
630.0 0.0008629205694887787
631.0 0.0011303092833259143
632.0 0.00139769808811252
633.0 0.0019357607015990652
634.0 0.0024738234060350806
635.0 0.0025585673938621767
636.0 0.0026433117454871535
637.0 0.002464350836817175
638.0 0.002285390110046137
639.0 0.002152596425730735
640.0 0.0020198029233142734
641.0 0.001901012728922069
642.0 0.0017822223526309244
643.0 0.001359284851787379
644.0 0.0009363475328427739
645.0 0.0004296131464798236
646.0 1.5750015224316738e-10
647.0 1.5750015224316738e-10
648.0 2.160966516839835e-05
649.0 1.5750015224316738e-10
650.0 1.5750015224316738e-10
651.0 0.0002447297447361052
652.0 0.000576535785512533
653.0 0.0007274319159478182
654.0 0.0008783281373325735
655.0 0.001117960982810473
656.0 0.0013575939192378428
657.0 0.0017992828361457214
658.0 0.00224097184400307
659.0 0.002667823719093576
660.0 0.0030946754122851416
661.0 0.0031046653020894155
662.0 0.00311465555569157
663.0 0.0030563427571905777
664.0 0.002998029776790645
665.0 0.0024270566427730955
666.0 0.001856083508755546
667.0 0.001814351708162576
668.0 0.0017726200894685462
669.0 0.0014421193554881029
670.0 0.00111161889435607
671.0 0.0008294642611872405
672.0 0.0005473095825436758
673.0 0.000569932581129251
674.0 0.0005925557161390316
675.0 0.0006998866865615128
676.0 0.0008072175660345238
677.0 0.000921881746762665
678.0 0.001036545836541336
679.0 0.001567992876516655
680.0 0.0020994400983909145
681.0 0.0031666699214838445
682.0 0.004233899380778894
683.0 0.005446289287647232
684.0 0.006658679194515571
685.0 0.007493874727515504
686.0 0.00832907244330272
687.0 0.007898680632933974
688.0 0.007468289550160989
689.0 0.006828331243013963
690.0 0.0061883736634626985
691.0 0.005305547165335156
692.0 0.004422720667207614
693.0 0.0035667490010382608
694.0 0.002710777334868908
695.0 0.002154284084099345
696.0 0.0015977906514308415
697.0 0.001284311292693019
698.0 0.0009708317520562559
699.0 0.0008504503966832999
700.0 0.0007300690413103439
701.0 0.000676876106808777
702.0 0.000623683126832475
703.0 0.00045860392674512696
704.0 0.00029352461297094123
705.0 0.0006022037723596441
706.0 0.0009108829544857144
707.0 0.000873080989549635
708.0 0.0008352790246135555
709.0 0.0008406597771681845
710.0 0.0008460405297228135
711.0 0.00070369424065575
712.0 0.0005613478606392164
713.0 0.0005995145329507068
714.0 0.0006376812962116674
715.0 0.0005545654857996851
716.0 0.00047144972086243797
717.0 0.0006183574441820383
718.0 0.0007652651220269036
719.0 0.000738487278795219
720.0 0.0007117093900887994
721.0 0.0004797918336407747
722.0 0.00024787429993011756
723.0 0.00021253447357594268
724.0 0.00017719470406518667
725.0 0.00016547108998565818
726.0 0.00015374744180007838
727.0 0.00010781794799186173
728.0 6.188836891851679e-05
729.0 0.0001534596890451212
730.0 0.00024503099211869994
731.0 0.0002657289314811351
732.0 0.00028642698453040794
733.0 0.00037472018448170274
734.0 0.00046301342990773264
735.0 0.0004538297162071103
736.0 0.0004446460479812231
737.0 0.0004371972408989677
738.0 0.00042974838834197726
739.0 0.0005905185844312655
740.0 0.0007512887805205537
741.0 0.0009950167623173911
742.0 0.0012387446986394934
743.0 0.001581592732691206
744.0 0.0019244405848439783
745.0 0.0023274194973055273
746.0 0.0027303984097670764
747.0 0.002712356763368007
748.0 0.002694314935069997
749.0 0.003031414780707564
750.0 0.003368514808244072
751.0 0.0033309119316982105
752.0 0.0032933086913544685
753.0 0.00329138056258671
754.0 0.0032894520700210705
755.0 0.0030609578971052542
756.0 0.002832463178492617
757.0 0.002537528234825004
758.0 0.0022425934730563313
759.0 0.0018163509594160132
760.0 0.001390108354826225
761.0 0.001156197231466649
762.0 0.0009222862900060136
763.0 0.0005770085408585146
764.0 0.00023173095087258844
765.0 0.00027619796583167044
766.0 0.0003206649580533849
767.0 0.0005588271505985176
768.0 0.0007969892976689152
769.0 0.0006996490355959395
770.0 0.0006023087735229637
771.0 0.000706473065292812
772.0 0.0008106374480121303
773.0 0.000729188832337968
774.0 0.0006477401257143356
775.0 0.0006313758603937458
776.0 0.0006150116860226262
777.0 0.0005531418082682649
778.0 0.0004912720214633737
779.0 0.0006305611350398976
780.0 0.0007698501576669514
781.0 0.0008902931767806876
782.0 0.001010736286843894
783.0 0.0009791918273549527
784.0 0.0009476470950176008
785.0 0.001074631200026488
786.0 0.0012016151231364347
787.0 0.0010977970305248164
788.0 0.0009939788469637278
789.0 0.0010102320629812311
790.0 0.0010264851880492643
791.0 0.00087278604041785
792.0 0.0007190868473117007
793.0 0.0008104137123154942
794.0 0.000901740713743493
795.0 0.0007677486792090349
796.0 0.0006337565537251066
797.0 0.0004436776180227753
798.0 0.0002535986141083413
799.0 0.00017219616665897775
800.0 9.079382152776816e-05
801.0 9.306439778811182e-05
802.0 9.533511615700263e-05
803.0 2.955099773771508e-05
804.0 1.5750015224316738e-10
805.0 1.5750015224316738e-10
806.0 1.5750015224316738e-10
807.0 0.00014059839941182872
808.0 0.0002858049583664979
809.0 0.00018775259604808525
810.0 8.970018257059564e-05
811.0 0.00019313290522404714
812.0 0.0002965656904052594
813.0 1.5750015224316738e-10
814.0 1.5750015224316738e-10
815.0 2.1412614614746417e-05
816.0 0.00033991780128417304
817.0 0.00029903721951995976
818.0 0.0002581567059678491
819.0 0.00010733984936450724
820.0 1.5750015224316738e-10
821.0 1.5750015224316738e-10
822.0 2.737872328850699e-06
823.0 1.5750015224316738e-10
824.0 1.5750015224316738e-10
825.0 1.5750015224316738e-10
826.0 0.00010697656307456782
827.0 3.817380900272838e-06
828.0 1.5750015224316738e-10
829.0 1.5750015224316738e-10
830.0 1.5750015224316738e-10
831.0 1.5750015224316738e-10
832.0 1.5750015224316738e-10
833.0 1.5750015224316738e-10
834.0 1.5750015224316738e-10
835.0 1.5750015224316738e-10
836.0 1.5750015224316738e-10
837.0 1.5750015224316738e-10
838.0 0.0002490471160854213
839.0 1.5750015224316738e-10
840.0 1.5750015224316738e-10
841.0 1.5750015224316738e-10
842.0 1.5750015224316738e-10
843.0 1.5750015224316738e-10
844.0 7.447491867651479e-06
845.0 6.080764478610945e-05
846.0 0.00011416785810069996
847.0 1.5750015224316738e-10
848.0 1.5750015224316738e-10
849.0 7.563153872069961e-05
850.0 0.00046835766625008546
851.0 0.0002552507567088469
852.0 4.214379032418947e-05
853.0 1.5750015224316738e-10
854.0 1.5750015224316738e-10
855.0 1.5750015224316738e-10
856.0 0.00020264544673409546
857.0 0.00024947221390902996
858.0 0.00029629898108396446
859.0 0.000433305831393227
860.0 0.0005703125680156518
861.0 0.0007183730303950142
862.0 0.0008664334018249065
863.0 0.001072624399967026
864.0 0.0012788154890586156
865.0 0.0010679215847630985
866.0 0.0008570275895181112
867.0 0.0010557917448750231
868.0 0.001254555809282465
869.0 0.0013630446119350381
870.0 0.0014715333236381412
871.0 0.0015109497326193377
872.0 0.001550365959701594
873.0 0.002310809213668108
874.0 0.0030712526495335624
