lsstCam/transmission_sensor/r32_s22/19700101T000000.ecsv
# %ECSV 1.0
# ---
# datatype:
# - {name: amp_name, datatype: string}
# - {name: wavelength, unit: nm, datatype: float32}
# - {name: efficiency, unit: '%', datatype: float64}
# meta: !!omap
# - {MODE: AMP}
# - {TYPE: transmission_sensor}
# - {CALIBDATE: '1970-01-01T00:00:00'}
# - {INSTRUME: LSSTCam}
# - {OBSTYPE: transmission_sensor}
# - {DETECTOR: 143}
# - {PARQUETFILE: qe_raft_allvalues_nircorrected_20230725_adjust.parquet}
# - {CORRFILE: qe_corr_factor_bydetnum.parquet}
# - {CALIBCLS: lsst.ip.isr.IntermediateSensorTransmissionCurve}
# - {CALIB_ID: 'raftName=R32 detectorName=S22 detector=143 calibDate=1970-01-01T00:00:00 ccd=143 ccdnum=143 filter=None'}
# - {DATE: '2025-03-03T21:56:48.187351'}
# - {CALIB_CREATION_DATE: '2025-03-03'}
# - {CALIB_CREATION_TIME: '21:56:48'}
# - __serialized_columns__:
#     efficiency:
#       __class__: astropy.units.quantity.Quantity
#       unit: !astropy.units.Unit {unit: '%'}
#       value: !astropy.table.SerializedColumn {name: efficiency}
#     wavelength:
#       __class__: astropy.units.quantity.Quantity
#       unit: !astropy.units.Unit {unit: nm}
#       value: !astropy.table.SerializedColumn {name: wavelength}
# schema: astropy-2.0
amp_name wavelength efficiency
C00 319.992 53.1975136512701
C00 330.006 53.34549443411225
C00 349.994 65.03935723682044
C00 370.001 66.4951828018975
C00 400.009 79.31840584799018
C00 429.983 85.66264614440442
C00 449.989 88.49100549152708
C00 469.993 90.76850156604597
C00 500.016 93.70991264140916
C00 549.99 96.30838937213147
C00 569.998 97.04519031805862
C00 599.983 97.49444452754514
C00 630.013 97.10685148198965
C00 649.987 97.09126150816768
C00 670.017 96.6881235682326
C00 699.987 96.07749246827764
C00 720.012 95.17645960053152
C00 749.995 94.20133115599876
C00 770.007 93.4769495964464
C00 800.008 92.31319373852844
C00 830.013 90.4639148003869
C00 869.994 85.83740411601838
C00 900.005 78.71357496962102
C00 919.989 72.10660416979455
C00 959.989 52.49891753275726
C00 1000.013 27.17614935007754
C00 1030.002 11.301730820798388
C00 1049.996 5.6078258127899705
C00 1080.005 0.653050563834867
C00 1100.007 0.08883522673466672
C01 319.992 53.911804928970454
C01 330.006 54.13397144748398
C01 349.994 66.22306826123051
C01 370.001 67.70849599346833
C01 400.009 80.00930089509698
C01 429.983 86.07167446481007
C01 449.989 88.79311288785541
C01 469.993 90.99222332532149
C01 500.016 93.88037303951653
C01 549.99 96.44712135604598
C01 569.998 97.18743098523814
C01 599.983 97.64631716891249
C01 630.013 97.26703376723512
C01 649.987 97.26131619129366
C01 670.017 96.85960576703384
C01 699.987 96.26675099385612
C01 720.012 95.3685956971817
C01 749.995 94.39407582512104
C01 770.007 93.67261691608279
C01 800.008 92.50227945957782
C01 830.013 90.66158064196865
C01 869.994 86.03438625272408
C01 900.005 78.9018718004288
C01 919.989 72.23047496420553
C01 959.989 52.72432225788152
C01 1000.013 27.181072400847103
C01 1030.002 11.220922163717827
C01 1049.996 5.550930391157712
C01 1080.005 0.6543867711697003
C01 1100.007 0.08901699257046569
C02 319.992 54.70046977335208
C02 330.006 54.97261436698066
C02 349.994 67.34219547119547
C02 370.001 68.7988925721585
C02 400.009 80.71246506377067
C02 429.983 86.58038845879155
C02 449.989 89.22834739076275
C02 469.993 91.38623267817528
C02 500.016 94.2406479429917
C02 549.99 96.78056647806658
C02 569.998 97.52378373129201
C02 599.983 97.97384937074132
C02 630.013 97.59777412271309
C02 649.987 97.59040363388449
C02 670.017 97.18790431938308
C02 699.987 96.58711556434704
C02 720.012 95.68468523388724
C02 749.995 94.70755075416872
C02 770.007 93.98082506361277
C02 800.008 92.8033199757699
C02 830.013 90.94020916205909
C02 869.994 86.30008448609277
C02 900.005 79.2244152106346
C02 919.989 72.43510557963448
C02 959.989 52.917096979965386
C02 1000.013 27.316226204022964
C02 1030.002 11.264210637415172
C02 1049.996 5.550616243793649
C02 1080.005 0.6565599335614142
C02 1100.007 0.08931261037479847
C03 319.992 55.12343891131274
C03 330.006 55.42145534824539
C03 349.994 67.95051249310843
C03 370.001 69.40055286308048
C03 400.009 81.07947934388116
C03 429.983 86.8191817783017
C03 449.989 89.42614095743123
C03 469.993 91.55081772229286
C03 500.016 94.37369991716675
C03 549.99 96.89846424636262
C03 569.998 97.63410064002838
C03 599.983 98.08641273835612
C03 630.013 97.70408647431832
C03 649.987 97.6971367269519
C03 670.017 97.28921285288449
C03 699.987 96.68876219366628
C03 720.012 95.78789461720886
C03 749.995 94.8003768392629
C03 770.007 94.07083368355839
C03 800.008 92.89018054798954
C03 830.013 91.01115669111974
C03 869.994 86.37503657228456
C03 900.005 79.3635829624921
C03 919.989 72.62766241774686
C03 959.989 52.90129663541233
C03 1000.013 27.409799856536548
C03 1030.002 11.318714500713837
C03 1049.996 5.5493220881354155
C03 1080.005 0.6572034428013751
C03 1100.007 0.08940014768416406
C04 319.992 55.52499907076463
C04 330.006 55.835314682225736
C04 349.994 68.48162345671076
C04 370.001 69.9054876971427
C04 400.009 81.25362122978262
C04 429.983 86.82525247654178
C04 449.989 89.36692159662894
C04 469.993 91.45083903234158
C04 500.016 94.23573428377263
C04 549.99 96.71929600263614
C04 569.998 97.4483282579937
C04 599.983 97.88743207970505
C04 630.013 97.50282179058682
C04 649.987 97.48950832860488
C04 670.017 97.08048000819923
C04 699.987 96.4775574928907
C04 720.012 95.57091223456867
C04 749.995 94.58502482978865
C04 770.007 93.84829150302507
C04 800.008 92.65840459500937
C04 830.013 90.78340783499189
C04 869.994 86.1470998851468
C04 900.005 79.23349871827352
C04 919.989 72.5027998756036
C04 959.989 52.75936025446887
C04 1000.013 27.437056014383604
C04 1030.002 11.32098162100337
C04 1049.996 5.537070340936953
C04 1080.005 0.6557105076279073
C04 1100.007 0.08919706197843191
C05 319.992 56.04686499205953
C05 330.006 56.381722603274596
C05 349.994 69.1994309309165
C05 370.001 70.60303947524048
C05 400.009 81.68377678218219
C05 429.983 87.12159721748628
C05 449.989 89.615993029001
C05 469.993 91.66593559164235
C05 500.016 94.422866562319
C05 549.99 96.89090592652411
C05 569.998 97.61081710804078
C05 599.983 98.05011627400242
C05 630.013 97.65303400582663
C05 649.987 97.64152372153976
C05 670.017 97.23104534573766
C05 699.987 96.61693561547929
C05 720.012 95.71012506586852
C05 749.995 94.71474092522782
C05 770.007 93.97150864552158
C05 800.008 92.77207992220279
C05 830.013 90.87859307757044
C05 869.994 86.22378001662969
C05 900.005 79.30232751354247
C05 919.989 72.56884125868558
C05 959.989 52.729003006648306
C05 1000.013 27.415117352426908
C05 1030.002 11.327020387971757
C05 1049.996 5.540274737965903
C05 1080.005 0.656609754718299
C05 1100.007 0.08931938760463817
C06 319.992 56.5138880150829
C06 330.006 56.84499276272009
C06 349.994 69.73127067883726
C06 370.001 71.10439800687415
C06 400.009 82.04437475499438
C06 429.983 87.41202903823903
C06 449.989 89.87514722998468
C06 469.993 91.90440584181547
C06 500.016 94.6402546599406
C06 549.99 97.08147175593153
C06 569.998 97.79374948520572
C06 599.983 98.22588853306985
C06 630.013 97.81501195552676
C06 649.987 97.79544747753525
C06 670.017 97.38315841079768
C06 699.987 96.75736559172333
C06 720.012 95.84527323411409
C06 749.995 94.84018950012198
C06 770.007 94.08538683020569
C06 800.008 92.86498113970093
C06 830.013 90.95025436446872
C06 869.994 86.24979836812149
C06 900.005 79.32295887167022
C06 919.989 72.582372604639
C06 959.989 52.603648347259096
C06 1000.013 27.38179425295998
C06 1030.002 11.350413801100153
C06 1049.996 5.549927373564829
C06 1080.005 0.657479412852208
C06 1100.007 0.08943768821072567
C07 319.992 57.05783159328182
C07 330.006 57.409729233715304
C07 349.994 70.44627571437525
C07 370.001 71.769177030364
C07 400.009 82.44561184510924
C07 429.983 87.69283639804434
C07 449.989 90.11347472859028
C07 469.993 92.1186308652303
C07 500.016 94.82742450468895
C07 549.99 97.24954294359293
C07 569.998 97.96483348226596
C07 599.983 98.38495134549629
C07 630.013 97.9742851386843
C07 649.987 97.94957409102143
C07 670.017 97.52735252048018
C07 699.987 96.900860970049
C07 720.012 95.98566564415616
C07 749.995 94.96696040532585
C07 770.007 94.20581656051525
C07 800.008 92.971594020922
C07 830.013 91.03259196596989
C07 869.994 86.28603472655202
C07 900.005 79.35897734612927
C07 919.989 72.6097433394021
C07 959.989 52.518038729565404
C07 1000.013 27.462766323019157
C07 1030.002 11.443686923997893
C07 1049.996 5.602080531774556
C07 1080.005 0.6583582399988809
C07 1100.007 0.0895572360882695
C10 319.992 50.05829773937782
C10 330.006 50.06846691025398
C10 349.994 60.7722837296229
C10 370.001 62.36733715248063
C10 400.009 77.13855184565938
C10 429.983 84.5271550968567
C10 449.989 87.74811130763867
C10 469.993 90.27923183820967
C10 500.016 93.4664761393342
C10 549.99 96.25119107299574
C10 569.998 97.02739896480058
C10 599.983 97.50967386582809
C10 630.013 97.1387527007116
C10 649.987 97.13329057494363
C10 670.017 96.73526163847792
C10 699.987 96.12991985976183
C10 720.012 95.2339208630811
C10 749.995 94.26215083700542
C10 770.007 93.54187901994975
C10 800.008 92.38825852332617
C10 830.013 90.56532100601346
C10 869.994 86.01978051339401
C10 900.005 79.15653308365557
C10 919.989 72.3525951736042
C10 959.989 52.63268326476994
C10 1000.013 27.399893649074254
C10 1030.002 11.369873093726127
C10 1049.996 5.630124640708156
C10 1080.005 0.6534722023953538
C10 1100.007 0.08889258271779452
C11 319.992 51.215554644353126
C11 330.006 51.3066414142956
C11 349.994 62.492353716052015
C11 370.001 64.07827103858806
C11 400.009 78.040959636398
C11 429.983 84.99319388538817
C11 449.989 88.0480774304541
C11 469.993 90.46880591988479
C11 500.016 93.55934730387075
C11 549.99 96.27569926316791
C11 569.998 97.04539317554932
C11 599.983 97.52175515638507
C11 630.013 97.15811432121244
C11 649.987 97.1498422435363
C11 670.017 96.75835733945561
C11 699.987 96.16339134572658
C11 720.012 95.27220082289938
C11 749.995 94.30173058741222
C11 770.007 93.58282618010865
C11 800.008 92.42647086398088
C11 830.013 90.59091110280268
C11 869.994 86.05318438019519
C11 900.005 79.06187376790476
C11 919.989 72.38777216513887
C11 959.989 52.67587688380728
C11 1000.013 27.190383184008006
C11 1030.002 11.302383533557801
C11 1049.996 5.590084234749562
C11 1080.005 0.6537465913743248
C11 1100.007 0.08892990816931429
C12 319.992 52.24782503871864
C12 330.006 52.397308469640016
C12 349.994 63.932679466191864
C12 370.001 65.48712382470852
C12 400.009 78.83377930271868
C12 429.983 85.46542358400605
C12 449.989 88.39481347473544
C12 469.993 90.73182192643206
C12 500.016 93.74560053329078
C12 549.99 96.40815769135166
C12 569.998 97.17163064068507
C12 599.983 97.64112551979876
C12 630.013 97.269573242489
C12 649.987 97.2682283724581
C12 670.017 96.86386577433845
C12 699.987 96.2753311143885
C12 720.012 95.37524491493228
C12 749.995 94.40606695679327
C12 770.007 93.68161026483695
C12 800.008 92.51889874733405
C12 830.013 90.68293327117446
C12 869.994 86.16426763945195
C12 900.005 78.98009214619289
C12 919.989 72.42141645563274
C12 959.989 52.9273600663465
C12 1000.013 27.05654419790147
C12 1030.002 11.251923671902352
C12 1049.996 5.588273543814095
C12 1080.005 0.6544699005488073
C12 1100.007 0.08902830075646267
C13 319.992 52.795589099659
C13 330.006 52.98600842087868
C13 349.994 64.73878254153291
C13 370.001 66.25383498065266
C13 400.009 79.14849391643172
C13 429.983 85.52522897755922
C13 449.989 88.36757046505907
C13 469.993 90.64333098104646
C13 500.016 93.60210515496512
C13 549.99 96.22094276716092
C13 569.998 96.9720714625235
C13 599.983 97.43602157022484
C13 630.013 97.063860720443
C13 649.987 97.05598684450786
C13 670.017 96.65499017808568
C13 699.987 96.06016693592417
C13 720.012 95.16548275631277
C13 749.995 94.18976827902911
C13 770.007 93.46489084561061
C13 800.008 92.30175858664553
C13 830.013 90.46000040214052
C13 869.994 85.924700456181
C13 900.005 78.89161622728808
C13 919.989 72.39783990726968
C13 959.989 52.60814877825638
C13 1000.013 27.1086917211809
C13 1030.002 11.240523268756275
C13 1049.996 5.564079970583512
C13 1080.005 0.6529704032963315
C13 1100.007 0.08882432240350106
C14 319.992 53.632582862888725
C14 330.006 53.8528973676446
C14 349.994 65.85470159784872
C14 370.001 67.34189494157962
C14 400.009 79.81622564339726
C14 429.983 85.9862338950253
C14 449.989 88.75254138971631
C14 469.993 90.98178743441127
C14 500.016 93.89722523772505
C14 549.99 96.48420671064127
C14 569.998 97.2309777265741
C14 599.983 97.6874221071197
C14 630.013 97.30831902321184
C14 649.987 97.29476513753723
C14 670.017 96.89213809794909
C14 699.987 96.29155220040374
C14 720.012 95.38622175915103
C14 749.995 94.40178440976747
C14 770.007 93.67543438123133
C14 800.008 92.49777902858054
C14 830.013 90.64433024201915
C14 869.994 86.11845941275676
C14 900.005 79.01504374051568
C14 919.989 72.4884420732066
C14 959.989 52.928118903626505
C14 1000.013 27.079059501058566
C14 1030.002 11.23191591272746
C14 1049.996 5.580768755813413
C14 1080.005 0.6544402009603639
C14 1100.007 0.08902426068694984
C15 319.992 54.50455076016243
C15 330.006 54.751278061530904
C15 349.994 66.97935855274523
C15 370.001 68.43574009761161
C15 400.009 80.63002227690394
C15 429.983 86.64875894639631
C15 449.989 89.35734972836428
C15 469.993 91.55195222159269
C15 500.016 94.43652563335917
C15 549.99 96.99608377882953
C15 569.998 97.7334106515844
C15 599.983 98.18223660636835
C15 630.013 97.78870058765952
C15 649.987 97.77897094134653
C15 670.017 97.36796663871671
C15 699.987 96.75454812657478
C15 720.012 95.8408028560784
C15 749.995 94.8500618980025
C15 770.007 94.10677702561348
C15 800.008 92.91380217579497
C15 830.013 91.04531939520093
C15 869.994 86.4603494169826
C15 900.005 79.47988041058377
C15 919.989 72.71004509869041
C15 959.989 52.89603361051484
C15 1000.013 27.418832649802795
C15 1030.002 11.3182036003669
C15 1049.996 5.595514429245864
C15 1080.005 0.6575478716184512
C15 1100.007 0.08944700073621448
C16 319.992 55.66484301425778
C16 330.006 55.94816355297559
C16 349.994 68.5050422270255
C16 370.001 69.95382037261099
C16 400.009 82.05751541244722
C16 429.983 88.01175091313881
C16 449.989 90.6995375324499
C16 469.993 92.88700996054237
C16 500.016 95.77582835313268
C16 549.99 98.34811392783408
C16 569.998 99.09411859324649
C16 599.983 99.54612264871798
C16 630.013 99.15270684185549
C16 649.987 99.13687644434086
C16 670.017 98.71889234138303
C16 699.987 98.09625508327505
C16 720.012 97.17225423963795
C16 749.995 96.15581799940728
C16 770.007 95.40350972530251
C16 800.008 94.18485461981004
C16 830.013 92.28159304942233
C16 869.994 87.66395550196162
C16 900.005 80.53857862804267
C16 919.989 73.62024411971983
C16 959.989 53.88480234298677
C16 1000.013 27.734454487293668
C16 1030.002 11.467233419399362
C16 1049.996 5.677753889044364
C16 1080.005 0.6666000169887227
C16 1100.007 0.09067837458524858
C17 319.992 55.36427958883085
C17 330.006 55.65951988343712
C17 349.994 68.15336247056351
C17 370.001 69.5266550898891
C17 400.009 81.12845064478313
C17 429.983 86.84879897194324
C17 449.989 89.44216669919618
C17 469.993 91.56156916929973
C17 500.016 94.37375250984951
C17 549.99 96.87424155932551
C17 569.998 97.59754872550121
C17 599.983 98.0352100050565
C17 630.013 97.63335682922916
C17 649.987 97.61482917841231
C17 670.017 97.2002936527963
C17 699.987 96.58336645738939
C17 720.012 95.6637909123456
C17 749.995 94.65904527417132
C17 770.007 93.91365669447138
C17 800.008 92.7051144105521
C17 830.013 90.82883288642688
C17 869.994 86.28787547044907
C17 900.005 79.37144932518684
C17 919.989 72.5394870284579
C17 959.989 53.032440246526754
C17 1000.013 27.40085158722476
C17 1030.002 11.3601237251571
C17 1049.996 5.629315558632998
C17 1080.005 0.6562236365536684
C17 1100.007 0.08926686350221659
