lsstCam/transmission_sensor/r32_s22/19700101T000000.ecsv
# %ECSV 1.0
# ---
# datatype:
# - {name: amp_name, datatype: string}
# - {name: wavelength, unit: nm, datatype: float32}
# - {name: efficiency, unit: '%', datatype: float64}
# meta: !!omap
# - {MODE: AMP}
# - {TYPE: transmission_sensor}
# - {CALIBDATE: '1970-01-01T00:00:00'}
# - {INSTRUME: LSSTCAM}
# - {OBSTYPE: transmission_sensor}
# - {DETECTOR: 143}
# - {PARQUETFILE: qe_raft_allvalues_nircorrected_20230725.parquet}
# - {CALIBCLS: lsst.ip.isr.IntermediateSensorTransmissionCurve}
# - {CALIB_ID: 'raftName=R32 detectorName=S22 detector=143 calibDate=1970-01-01T00:00:00 ccd=143 ccdnum=143 filter=None'}
# - {DATE: '2024-01-18T22:42:25.483370'}
# - {CALIB_CREATION_DATE: '2024-01-18'}
# - {CALIB_CREATION_TIME: '22:42:25'}
# - __serialized_columns__:
#     efficiency:
#       __class__: astropy.units.quantity.Quantity
#       unit: !astropy.units.Unit {unit: '%'}
#       value: !astropy.table.SerializedColumn {name: efficiency}
#     wavelength:
#       __class__: astropy.units.quantity.Quantity
#       unit: !astropy.units.Unit {unit: nm}
#       value: !astropy.table.SerializedColumn {name: wavelength}
# schema: astropy-2.0
amp_name wavelength efficiency
C00 319.992 48.1776153274913
C00 330.006 53.657184201732235
C00 349.994 66.98361528332393
C00 370.001 67.20326656079195
C00 400.009 81.28245930689239
C00 429.983 87.27768968245027
C00 449.989 90.318607508024
C00 469.993 92.89839472926299
C00 500.016 96.02375761321707
C00 549.99 98.98100975925074
C00 569.998 99.71109595314786
C00 599.983 100.09801339132851
C00 630.013 99.89079126028186
C00 649.987 99.79440591462273
C00 670.017 99.2782165764643
C00 699.987 98.55242729255038
C00 720.012 98.00976209975684
C00 749.995 97.79275798100197
C00 770.007 97.53368042171692
C00 800.008 96.46240496481552
C00 830.013 94.40095696697072
C00 869.994 89.32219381262794
C00 900.005 81.00984295390916
C00 919.989 72.51906235995367
C00 959.989 51.48644060680775
C00 1000.013 25.813222241547443
C00 1030.002 9.29078611419079
C00 1049.996 3.9640042524053105
C00 1080.005 0.5687828010746863
C00 1100.007 0.11592843693846032
C01 319.992 48.82450365077685
C01 330.006 54.450268168693555
C01 349.994 68.20271164642307
C01 370.001 68.42949989678831
C01 400.009 81.9904620453667
C01 429.983 87.69442963185038
C01 449.989 90.62695431912293
C01 469.993 93.1273661449427
C01 500.016 96.19842694636596
C01 549.99 99.12359164586816
C01 569.998 99.85724408029454
C01 599.983 100.25394175999642
C01 630.013 100.05556578416822
C01 649.987 99.96919513676224
C01 670.017 99.4542924608989
C01 699.987 98.74656107562893
C01 720.012 98.20761788471142
C01 749.995 97.99285104283344
C01 770.007 97.73783934971765
C01 800.008 96.65998954247178
C01 830.013 94.6072253408983
C01 869.994 89.52717294467008
C01 900.005 81.20363286496762
C01 919.989 72.64364170976347
C01 959.989 51.7074982502413
C01 1000.013 25.817898393491713
C01 1030.002 9.224355939820608
C01 1049.996 3.923786581453712
C01 1080.005 0.5699465880657886
C01 1100.007 0.11616563821556096
C02 319.992 49.53874739803188
C02 330.006 55.29381115368717
C02 349.994 69.3552935548272
C02 370.001 69.5315077242275
C02 400.009 82.71103770892476
C02 429.983 88.21273468197677
C02 449.989 91.07117770684115
C02 469.993 93.53062097185861
C02 500.016 96.56759760323985
C02 549.99 99.4662900867004
C02 569.998 100.20283669365297
C02 599.983 100.59022064115351
C02 630.013 100.39578807853981
C02 649.987 100.3074447929844
C02 670.017 99.79138551409966
C02 699.987 99.0751781661597
C02 720.012 98.53311707248074
C02 749.995 98.31827720712728
C02 770.007 98.05942317433255
C02 800.008 96.97456095970591
C02 830.013 94.89797993617384
C02 869.994 89.80365787965897
C02 900.005 81.53558565731221
C02 919.989 72.84944283619157
C02 959.989 51.89655518218417
C02 1000.013 25.946274018501256
C02 1030.002 9.259941989135433
C02 1049.996 3.923564520082942
C02 1080.005 0.5718393318452146
C02 1100.007 0.11655141434567472
C03 319.992 49.92180372952986
C03 330.006 55.74527464586183
C03 349.994 69.98179533924285
C03 370.001 70.1395748834732
C03 400.009 83.0871398628851
C03 429.983 88.45603009925021
C03 449.989 91.27305629796253
C03 469.993 93.69906802266559
C03 500.016 96.70393483969671
C03 549.99 99.58745959467768
C03 569.998 100.31618409228462
C03 599.983 100.70578999008903
C03 630.013 100.50514828083774
C03 649.987 100.41714947133175
C03 670.017 99.89540791270271
C03 699.987 99.17944319002908
C03 720.012 98.63939888994139
C03 749.995 98.41464228777465
C03 770.007 98.15333800585921
C03 800.008 97.06532566357544
C03 830.013 94.97201514294711
C03 869.994 89.88165283813225
C03 900.005 81.67881327372494
C03 919.989 73.04310112188791
C03 959.989 51.881059557900294
C03 1000.013 26.03515480352975
C03 1030.002 9.30474784625009
C03 1049.996 3.922649720175853
C03 1080.005 0.5723998045073514
C03 1100.007 0.11666564902285816
C04 319.992 50.28547130654748
C04 330.006 56.16155209820445
C04 349.994 70.52878310127063
C04 370.001 70.64988659056945
C04 400.009 83.2655937867012
C04 429.983 88.46221525160074
C04 449.989 91.21261388152179
C04 469.993 93.59674332143814
C04 500.016 96.56256261805476
C04 549.99 99.40331931576269
C04 569.998 100.1253084007661
C04 599.983 100.50149559433356
C04 630.013 100.29811357418352
C04 649.987 100.2037404338737
C04 670.017 99.68108350763077
C04 699.987 98.9627979031644
C04 720.012 98.41595717135192
C04 749.995 98.19107998048241
C04 770.007 97.92113789652535
C04 800.008 96.82313205145964
C04 830.013 94.73435452419055
C04 869.994 89.6444624762475
C04 900.005 81.54493415314134
C04 919.989 72.91752435143306
C04 959.989 51.74186051550421
C04 1000.013 26.061044021714913
C04 1030.002 9.306611572261545
C04 1049.996 3.9139893267158183
C04 1080.005 0.5710995133862451
C04 1100.007 0.1164006256836327
C05 319.992 50.75809218453606
C05 330.006 56.711152599240506
C05 349.994 71.26804839758374
C05 370.001 71.3548663516315
C05 400.009 83.7064006941239
C05 429.983 88.76414713793986
C05 449.989 91.466829378531
C05 469.993 93.8168871458494
C05 500.016 96.75431548656407
C05 549.99 99.5796915265522
C05 569.998 100.29226094385722
C05 599.983 100.66852423620388
C05 630.013 100.45263219782612
C05 649.987 100.35998812900266
C05 670.017 99.8356822074235
C05 699.987 99.10576637517275
C05 720.012 98.55931422134306
C05 749.995 98.32574150354003
C05 770.007 98.04970244051844
C05 800.008 96.94191675603068
C05 830.013 94.8336822838655
C05 869.994 89.724255634445
C05 900.005 81.61577085313363
C05 919.989 72.9839434989328
C05 959.989 51.712088727620696
C05 1000.013 26.040205618544718
C05 1030.002 9.311575846600258
C05 1049.996 3.916254419083734
C05 1080.005 0.5718827242235924
C05 1100.007 0.11656025851359063
C06 319.992 51.18104532666593
C06 330.006 57.17712957713196
C06 349.994 71.81578672988903
C06 370.001 71.86156367351545
C06 400.009 84.07592766252297
C06 429.983 89.06005462465043
C06 449.989 91.73133588326205
C06 469.993 94.06095312743498
C06 500.016 96.97707123785679
C06 549.99 99.77554568155702
C06 569.998 100.4802186133991
C06 599.983 100.84899045689181
C06 630.013 100.61925386576544
C06 649.987 100.51819731845093
C06 670.017 99.99187009544764
C06 699.987 99.24981379635264
C06 720.012 98.69848560756147
C06 749.995 98.4559728067832
C06 770.007 98.16852273279302
C06 800.008 97.0389936147234
C06 830.013 94.90846231163248
C06 869.994 89.75133026768407
C06 900.005 81.63700407856521
C06 919.989 72.99755224576408
C06 959.989 51.589151617128806
C06 1000.013 26.00855372551026
C06 1030.002 9.330806812308348
C06 1049.996 3.923077578332688
C06 1080.005 0.5726401641781305
C06 1100.007 0.11671463876179508
C07 319.992 51.673660538762434
C07 330.006 57.74516571909804
C07 349.994 72.5521658126608
C07 370.001 72.53342169445975
C07 400.009 84.48710003923688
C07 429.983 89.34615619532012
C07 449.989 91.97458555237095
C07 469.993 94.28020496527208
C07 500.016 97.16886260013663
C07 549.99 99.94828095389016
C07 569.998 100.65600241876867
C07 599.983 101.01230100864151
C07 630.013 100.78309322467103
C07 649.987 100.67661501320086
C07 670.017 100.1399268941713
C07 699.987 99.39700558368958
C07 720.012 98.84305735110588
C07 749.995 98.58757685419423
C07 770.007 98.29417889594335
C07 800.008 97.1503984367897
C07 830.013 94.99438329342092
C07 869.994 89.78903773407507
C07 900.005 81.67407330024004
C07 919.989 73.02507954432399
C07 959.989 51.50519303847797
C07 1000.013 26.085464917484916
C07 1030.002 9.4074836194971
C07 1049.996 3.959943085183528
C07 1080.005 0.5734055900024492
C07 1100.007 0.11687064667771295
C10 319.992 45.33462650616177
C10 330.006 50.361009494813224
C10 349.994 62.588983750434615
C10 370.001 63.031464938319345
C10 400.009 79.04862855417929
C10 429.983 86.12079061680609
C10 449.989 89.56037035338984
C10 469.993 92.3976442318832
C10 500.016 95.77431028144007
C10 549.99 98.92222417014604
C10 569.998 99.69281585780224
C10 599.983 100.11364942592284
C10 630.013 99.92360704960744
C10 649.987 99.8376051241592
C10 670.017 99.32661738696828
C10 699.987 98.60620520197166
C10 720.012 98.06893392329467
C10 749.995 97.85589641304085
C10 770.007 97.60142766496011
C10 800.008 96.54084369471434
C10 830.013 94.5067764296223
C10 869.994 89.51197424787057
C10 900.005 81.46572324224505
C10 919.989 72.76646046101044
C10 959.989 51.61762657673178
C10 1000.013 26.025745408125672
C10 1030.002 9.346803665231853
C10 1049.996 3.9797666265663874
C10 1080.005 0.5691500326104291
C10 1100.007 0.1160032855060554
C11 319.992 46.38268071351573
C11 330.006 51.60641846781106
C11 349.994 64.36047275534337
C11 370.001 64.76061795619312
C11 400.009 79.97338143775976
C11 429.983 86.59561588308222
C11 449.989 89.86653166731982
C11 469.993 92.59166669084249
C11 500.016 95.86947458093995
C11 549.99 98.94741247852113
C11 569.998 99.71130438328906
C11 599.983 100.12605334483142
C11 630.013 99.94352374510721
C11 649.987 99.85461761229091
C11 670.017 99.35033177834367
C11 699.987 98.64053890596591
C11 720.012 98.10835343701396
C11 749.995 97.89698514188346
C11 770.007 97.64415185793342
C11 800.008 96.5807735696283
C11 830.013 94.53348022230152
C11 869.994 89.54673423036577
C11 900.005 81.36830248215304
C11 919.989 72.80183866904159
C11 959.989 51.65998717778173
C11 1000.013 25.826742226070024
C11 1030.002 9.291322688166748
C11 1049.996 3.9514632618067504
C11 1080.005 0.5693890152263029
C11 1100.007 0.11605199457577652
C12 319.992 47.31754256250578
C12 330.006 52.70345812808936
C12 349.994 65.84385497234065
C12 370.001 66.18447311894434
C12 400.009 80.78583261572362
C12 429.983 87.07674877997324
C12 449.989 90.2204288404662
C12 469.993 92.86085439775384
C12 500.016 96.06032669521889
C12 549.99 99.08354671415964
C12 569.998 99.84100968818649
C12 599.983 100.2486114689729
C12 630.013 100.05817806320545
C12 649.987 99.97629976185583
C12 670.017 99.45866658578825
C12 699.987 98.75536221815675
C12 720.012 98.21446504263912
C12 749.995 98.00529933653746
C12 770.007 97.74722299356885
C12 800.008 96.67735581917444
C12 830.013 94.62950724894127
C12 869.994 89.66232719959467
C12 900.005 81.28413509001071
C12 919.989 72.83567540880311
C12 959.989 51.906620338043325
C12 1000.013 25.699615477962805
C12 1030.002 9.249841273556369
C12 1049.996 3.9501833385695466
C12 1080.005 0.5700189906693823
C12 1100.007 0.11618039520302445
C13 319.992 47.81361774359799
C13 330.006 53.29559776533986
C13 349.994 66.67405533980032
C13 370.001 66.95934871168542
C13 400.009 81.1083400780072
C13 429.983 87.1376817164958
C13 449.989 90.19262318174835
C13 469.993 92.77028700231858
C13 500.016 95.91328819055518
C13 549.99 98.89113645416869
C13 569.998 99.6359684667021
C13 599.983 100.03803026108403
C13 630.013 99.84656800391798
C13 649.987 99.75814915938966
C13 670.017 99.24419560510273
C13 699.987 98.53465545833922
C13 720.012 97.99845848649994
C13 749.995 97.78075426921595
C13 770.007 97.52109834286881
C13 800.008 96.4504558359089
C13 830.013 94.39687221183688
C13 869.994 89.41303417173992
C13 900.005 81.19307811161215
C13 919.989 72.81196399983222
C13 959.989 51.59356525428812
C13 1000.013 25.74914772001881
C13 1030.002 9.240469372125942
C13 1049.996 3.9330816256475467
C13 1080.005 0.5687129842210323
C13 1100.007 0.1159142069745782
C14 319.992 48.57162992854205
C14 330.006 54.167551814927236
C14 349.994 67.82333319141584
C14 370.001 68.05899503954262
C14 400.009 81.7926059346485
C14 429.983 87.60737820545157
C14 449.989 90.5855448990798
C14 469.993 93.11668537467104
C14 500.016 96.21569525182491
C14 549.99 99.16170614315186
C14 569.998 99.90198708393609
C14 599.983 100.29614439702928
C14 630.013 100.09803464011361
C14 649.987 100.00357534428035
C14 670.017 99.48769627178226
C14 699.987 98.7720011557378
C14 720.012 98.22576865589602
C14 749.995 98.00085351735746
C14 770.007 97.74077908776627
C14 800.008 96.65528683010972
C14 830.013 94.58922419351384
C14 869.994 89.6146592703834
C14 900.005 81.32010630803975
C14 919.989 72.90308442073089
C14 959.989 51.90736454063613
C14 1000.013 25.721001602860163
C14 1030.002 9.233393544083281
C14 1049.996 3.9448784285132716
C14 1080.005 0.5699931234302418
C14 1100.007 0.11617512298207154
C15 319.992 49.36131596928752
C15 330.006 55.07118161321648
C15 349.994 68.9816101485235
C15 370.001 69.16448816700795
C15 400.009 82.626553503815
C15 429.983 88.28239419483548
C15 449.989 91.20284432575606
C15 469.993 93.70022914311988
C15 500.016 96.76831182152813
C15 549.99 99.68778813260458
C15 569.998 100.41822222584814
C15 599.983 100.80417281456666
C15 630.013 100.59218818177622
C15 649.987 100.501262054505
C15 670.017 99.97627136436077
C15 699.987 99.24692375392888
C15 720.012 98.6938821511016
C15 749.995 98.46622158994553
C15 770.007 98.19084122405816
C15 800.008 97.09000901527216
C15 830.013 95.00766462777166
C15 869.994 89.9704291766912
C15 900.005 81.79850340353397
C15 919.989 73.12595504137991
C15 959.989 51.87589803397692
C15 1000.013 26.04373458784871
C15 1030.002 9.304327851655959
C15 1049.996 3.9553017037971627
C15 1080.005 0.572699789222466
C15 1100.007 0.1167267914467552
C16 319.992 50.4121190998947
C16 330.006 56.27506032807495
C16 349.994 70.5529019420436
C16 370.001 70.6987339436592
C16 400.009 84.08939370414669
C16 429.983 89.67108337579414
C16 449.989 92.57275229330507
C16 469.993 95.0666141630275
C16 500.016 98.14068402964632
C16 549.99 101.07733799680514
C16 569.998 101.81630985585436
C16 599.983 102.20448115001021
C16 630.013 101.99529889884937
C16 649.987 101.89697337655963
C16 670.017 101.3633858261837
C16 699.987 100.62319278324155
C16 720.012 100.06496943358479
C16 749.995 99.82175965761289
C16 770.007 99.54384978146052
C16 800.008 98.41819159265522
C16 830.013 96.2977416301772
C16 869.994 91.22289873939192
C16 900.005 82.88808644388031
C16 919.989 74.04136050702311
C16 959.989 52.8455976965751
C16 1000.013 26.34352748825144
C16 1030.002 9.426840429173652
C16 1049.996 4.013434316906018
C16 1080.005 0.5805838718411286
C16 1100.007 0.11833371305716307
C17 319.992 50.13991786156886
C17 330.006 55.98473015662591
C17 349.994 70.19070922503983
C17 370.001 70.26701992843799
C17 400.009 83.13732377329296
C17 429.983 88.48620568163362
C17 449.989 91.28941301887956
C17 469.993 93.71007175359341
C17 500.016 96.70398873097545
C17 549.99 99.56256471233517
C17 569.998 100.27862806869659
C17 599.983 100.65321989844603
C17 630.013 100.43239089960575
C17 649.987 100.33255037578796
C17 670.017 99.80410673445685
C17 699.987 99.07133248304115
C17 720.012 98.5116007490944
C17 749.995 98.2679224551516
C17 770.007 97.98933981925339
C17 800.008 96.8719413381958
C17 830.013 94.78175650027349
C17 869.994 89.79095320769434
C17 900.005 81.6869091175075
C17 919.989 72.9544213590828
C17 959.989 52.00967397629077
C17 1000.013 26.02665530415451
C17 1030.002 9.33878902574349
C17 1049.996 3.9791947106593066
C17 1080.005 0.5715464296341892
C17 1100.007 0.1164917154668833
