lsstcam/transmission_sensor/r32_s22/19700101T000000.ecsv
# %ECSV 0.9
# ---
# datatype:
# - {name: amp_name, datatype: string}
# - {name: wavelength, unit: nm, datatype: float32}
# - {name: efficiency, unit: '%', datatype: float32}
# meta: !!omap
# - {MODE: AMP}
# - {TYPE: QE}
# - {CALIBDATE: '1970-01-01T00:00:00'}
# - {INSTRUME: LSSTCAM}
# - {OBSTYPE: qe_curve}
# - {DETECTOR: 143}
# - {PICKLEFILE: RaftRun12002.p}
# - {CALIB_ID: 'raftName=R32 detectorName=S22 detector=143 calibDate=1970-01-01T00:00:00 ccd=143 ccdnum=143 filter=None'}
# - {DATE: '2020-07-23T19:16:16.688242'}
# - {CALIB_CREATION_DATE: '2020-07-23'}
# - {CALIB_CREATION_TIME: '19:16:16'}
# - __serialized_columns__:
#     efficiency:
#       __class__: astropy.units.quantity.Quantity
#       unit: !astropy.units.Unit {unit: '%'}
#       value: !astropy.table.SerializedColumn {name: efficiency}
#     wavelength:
#       __class__: astropy.units.quantity.Quantity
#       unit: !astropy.units.Unit {unit: nm}
#       value: !astropy.table.SerializedColumn {name: wavelength}
# schema: astropy-2.0
amp_name wavelength efficiency
C01 349.982 66.745125
C01 450.035 87.673134
C01 500.018 93.530624
C01 619.997 99.096214
C01 750.022 94.91689
C01 869.967 87.35287
C01 999.976 29.766634
C04 349.982 68.59295
C04 450.035 87.90554
C04 500.018 93.5424
C04 619.997 99.00399
C04 750.022 95.14983
C04 869.967 87.72272
C04 999.976 30.022299
C17 349.982 68.00895
C17 450.035 87.605446
C17 500.018 93.283104
C17 619.997 98.73273
C17 750.022 95.37039
C17 869.967 88.313644
C17 999.976 30.13497
C11 349.982 63.30715
C11 450.035 86.872215
C11 500.018 93.08808
C11 619.997 98.817406
C11 750.022 95.239334
C11 869.967 88.14696
C11 999.976 29.994484
C07 349.982 69.937355
C07 450.035 88.14036
C07 500.018 93.63767
C07 619.997 98.99499
C07 750.022 95.13492
C07 869.967 87.52351
C07 999.976 29.823435
C06 349.982 69.45895
C06 450.035 88.07576
C06 500.018 93.62303
C06 619.997 99.01869
C06 750.022 95.24679
C06 869.967 87.760765
C06 999.976 29.911629
C15 349.982 66.84243
C15 450.035 87.34381
C15 500.018 93.14079
C15 619.997 98.65621
C15 750.022 95.38179
C15 869.967 88.38277
C15 999.976 30.151154
C05 349.982 69.12621
C05 450.035 87.99171
C05 500.018 93.57348
C05 619.997 99.00607
C05 750.022 95.23402
C05 869.967 87.81337
C05 999.976 29.993147
C03 349.982 68.020096
C03 450.035 87.83578
C03 500.018 93.54457
C03 619.997 99.05186
C03 750.022 95.10362
C03 869.967 87.635254
C03 999.976 29.950956
C00 349.982 65.77216
C00 450.035 87.54354
C00 500.018 93.5203
C00 619.997 99.100716
C00 750.022 94.789856
C00 869.967 87.164215
C00 999.976 29.772982
C13 349.982 65.32434
C13 450.035 87.11253
C13 500.018 93.07761
C13 619.997 98.6921
C13 750.022 95.29134
C13 869.967 88.26771
C13 999.976 30.079208
C02 349.982 67.63163
C02 450.035 87.88399
C02 500.018 93.66052
C02 619.997 99.19905
C02 750.022 95.128006
C02 869.967 87.598
C02 999.976 29.8659
C12 349.982 64.61532
C12 450.035 87.16448
C12 500.018 93.24027
C12 619.997 98.90597
C12 750.022 95.41276
C12 869.967 88.356255
C12 999.976 29.932436
C10 349.982 61.653763
C10 450.035 86.49761
C10 500.018 92.89529
C10 619.997 98.68402
C10 750.022 95.013885
C10 869.967 87.90032
C10 999.976 30.072083
C16 349.982 67.38498
C16 450.035 87.46677
C16 500.018 93.20647
C16 619.997 98.70005
C16 750.022 95.43383
C16 869.967 88.43594
C16 999.976 30.076967
C14 349.982 66.270805
C14 450.035 87.35914
C14 500.018 93.2364
C14 619.997 98.805145
C14 750.022 95.473724
C14 869.967 88.470825
C14 999.976 30.028023
