lsstCam/transmission_sensor/r32_s22/19700101T000000.ecsv
# %ECSV 1.0
# ---
# datatype:
# - {name: amp_name, datatype: string}
# - {name: wavelength, unit: nm, datatype: float32}
# - {name: efficiency, unit: '%', datatype: float64}
# meta: !!omap
# - {MODE: AMP}
# - {TYPE: transmission_sensor}
# - {CALIBDATE: '1970-01-01T00:00:00'}
# - {INSTRUME: LSSTCAM}
# - {OBSTYPE: transmission_sensor}
# - {DETECTOR: 143}
# - {PARQUETFILE: qe_raft_allvalues_nircorrected_20230725.parquet}
# - {CALIBCLS: lsst.ip.isr.IntermediateSensorTransmissionCurve}
# - {CALIB_ID: 'raftName=R32 detectorName=S22 detector=143 calibDate=1970-01-01T00:00:00 ccd=143 ccdnum=143 filter=None'}
# - {DATE: '2023-08-02T16:57:55.998357'}
# - {CALIB_CREATION_DATE: '2023-08-02'}
# - {CALIB_CREATION_TIME: '16:57:55'}
# - __serialized_columns__:
#     efficiency:
#       __class__: astropy.units.quantity.Quantity
#       unit: !astropy.units.Unit {unit: '%'}
#       value: !astropy.table.SerializedColumn {name: efficiency}
#     wavelength:
#       __class__: astropy.units.quantity.Quantity
#       unit: !astropy.units.Unit {unit: nm}
#       value: !astropy.table.SerializedColumn {name: wavelength}
# schema: astropy-2.0
amp_name wavelength efficiency
C00 319.992 54.01994323730469
C00 330.006 54.17021179199219
C00 349.994 66.04486083984375
C00 370.001 67.523193359375
C00 400.009 80.54466247558594
C00 429.983 86.98698425292969
C00 449.989 89.85906982421875
C00 469.993 92.1717758178711
C00 500.016 95.15866088867188
C00 549.99 97.79730987548828
C00 569.998 98.54550170898438
C00 599.983 99.00170135498047
C00 630.013 98.60811614990234
C00 649.987 98.59228515625
C00 670.017 98.18291473388672
C00 699.987 97.5628433227539
C00 720.012 96.64788055419922
C00 749.995 95.65767669677734
C00 770.007 94.9220962524414
C00 800.008 93.74034881591797
C00 830.013 91.86248016357422
C00 869.994 87.16444396972656
C00 900.005 79.93048095703125
C00 919.989 73.22136688232422
C00 959.989 53.310546875
C00 1000.013 27.596290588378906
C00 1030.002 11.476454734802246
C00 1049.996 5.694522380828857
C00 1080.005 0.6631466767546396
C00 1100.007 0.0902086127020565
C01 319.992 54.745277404785156
C01 330.006 54.97087860107422
C01 349.994 67.24687194824219
C01 370.001 68.75526428222656
C01 400.009 81.2462387084961
C01 429.983 87.40233612060547
C01 449.989 90.16584777832031
C01 469.993 92.39895629882812
C01 500.016 95.33175659179688
C01 549.99 97.93818664550781
C01 569.998 98.68994140625
C01 599.983 99.15592193603516
C01 630.013 98.7707748413086
C01 649.987 98.76496887207031
C01 670.017 98.35704803466797
C01 699.987 97.7550277709961
C01 720.012 96.84298706054688
C01 749.995 95.85340118408203
C01 770.007 95.12078857421875
C01 800.008 93.93235778808594
C01 830.013 92.06320190429688
C01 869.994 87.36447143554688
C01 900.005 80.12168884277344
C01 919.989 73.34715270996094
C01 959.989 53.53943634033203
C01 1000.013 27.601289749145508
C01 1030.002 11.394396781921387
C01 1049.996 5.636747360229492
C01 1080.005 0.6645035417550256
C01 1100.007 0.09039318862409505
C02 319.992 55.54613494873047
C02 330.006 55.822486877441406
C02 349.994 68.38330078125
C02 370.001 69.86251831054688
C02 400.009 81.96027374267578
C02 429.983 87.91891479492188
C02 449.989 90.6078109741211
C02 469.993 92.79905700683594
C02 500.016 95.69760131835938
C02 549.99 98.27678680419922
C02 569.998 99.031494140625
C02 599.983 99.48851776123047
C02 630.013 99.10662841796875
C02 649.987 99.0991439819336
C02 670.017 98.69042205810547
C02 699.987 98.0803451538086
C02 720.012 97.1639633178711
C02 749.995 96.17172241210938
C02 770.007 95.43376159667969
C02 800.008 94.23805236816406
C02 830.013 92.34613800048828
C02 869.994 87.63427734375
C02 900.005 80.44921875
C02 919.989 73.55494689941406
C02 959.989 53.735191345214844
C02 1000.013 27.73853302001953
C02 1030.002 11.4383544921875
C02 1049.996 5.636428356170654
C02 1080.005 0.6667103010749327
C02 1100.007 0.09069337665759372
C03 319.992 55.975643157958984
C03 330.006 56.27826690673828
C03 349.994 69.00102233886719
C03 370.001 70.47348022460938
C03 400.009 82.33296203613281
C03 429.983 88.1613998413086
C03 449.989 90.80866241455078
C03 469.993 92.9661865234375
C03 500.016 95.83271026611328
C03 549.99 98.3965072631836
C03 569.998 99.14351654052734
C03 599.983 99.60282135009766
C03 630.013 99.21458435058594
C03 649.987 99.20752716064453
C03 670.017 98.79329681396484
C03 699.987 98.18356323242188
C03 720.012 97.26876831054688
C03 749.995 96.26598358154297
C03 770.007 95.52516174316406
C03 800.008 94.32625579833984
C03 830.013 92.41818237304688
C03 869.994 87.71038818359375
C03 900.005 80.59053802490234
C03 919.989 73.75048065185547
C03 959.989 53.719146728515625
C03 1000.013 27.833553314208984
C03 1030.002 11.493700981140137
C03 1049.996 5.6351141929626465
C03 1080.005 0.6673637589196593
C03 1100.007 0.09078226728722116
C04 319.992 56.3834114074707
C04 330.006 56.698524475097656
C04 349.994 69.54034423828125
C04 370.001 70.98622131347656
C04 400.009 82.50979614257812
C04 429.983 88.16756439208984
C04 449.989 90.74852752685547
C04 469.993 92.86466217041016
C04 500.016 95.69261169433594
C04 549.99 98.21456909179688
C04 569.998 98.95487213134766
C04 599.983 99.40076446533203
C04 630.013 99.01020812988281
C04 649.987 98.99668884277344
C04 670.017 98.58133697509766
C04 699.987 97.9690933227539
C04 720.012 97.04843139648438
C04 749.995 96.04730224609375
C04 770.007 95.29917907714844
C04 800.008 94.09089660644531
C04 830.013 92.1869125366211
C04 869.994 87.47892761230469
C04 900.005 80.45844268798828
C04 919.989 73.62368774414062
C04 959.989 53.575016021728516
C04 1000.013 27.861230850219727
C04 1030.002 11.496003150939941
C04 1049.996 5.622673034667969
C04 1080.005 0.6658477430799644
C04 1100.007 0.09057604189165333
C05 319.992 56.91334533691406
C05 330.006 57.253379821777344
C05 349.994 70.26924896240234
C05 370.001 71.6945571899414
C05 400.009 82.94660186767578
C05 429.983 88.46849060058594
C05 449.989 91.00144958496094
C05 469.993 93.08308410644531
C05 500.016 95.88263702392578
C05 549.99 98.38883209228516
C05 569.998 99.119873046875
C05 599.983 99.56596374511719
C05 630.013 99.1627426147461
C05 649.987 99.15105438232422
C05 670.017 98.7342300415039
C05 699.987 98.11062622070312
C05 720.012 97.1897964477539
C05 749.995 96.17902374267578
C05 770.007 95.42430114746094
C05 800.008 94.20632934570312
C05 830.013 92.2835693359375
C05 869.994 87.55679321289062
C05 900.005 80.52833557128906
C05 919.989 73.69075012207031
C05 959.989 53.544189453125
C05 1000.013 27.838953018188477
C05 1030.002 11.502135276794434
C05 1049.996 5.625926971435547
C05 1080.005 0.6667608924631803
C05 1100.007 0.09070025866290034
C06 319.992 57.38758850097656
C06 330.006 57.723812103271484
C06 349.994 70.80931091308594
C06 370.001 72.20366668701172
C06 400.009 83.31277465820312
C06 429.983 88.76341247558594
C06 449.989 91.26461029052734
C06 469.993 93.32524108886719
C06 500.016 96.10338592529297
C06 549.99 98.58234405517578
C06 569.998 99.30563354492188
C06 599.983 99.74445343017578
C06 630.013 99.32722473144531
C06 649.987 99.30735778808594
C06 670.017 98.8886947631836
C06 699.987 98.25322723388672
C06 720.012 97.32703399658203
C06 749.995 96.30641174316406
C06 770.007 95.5399398803711
C06 800.008 94.30066680908203
C06 830.013 92.35633850097656
C06 869.994 87.58321380615234
C06 900.005 80.54928588867188
C06 919.989 73.7044906616211
C06 959.989 53.41689682006836
C06 1000.013 27.80511474609375
C06 1030.002 11.525890350341797
C06 1049.996 5.63572883605957
C06 1080.005 0.667643995446857
C06 1100.007 0.09082038818751832
C07 319.992 57.93994140625
C07 330.006 58.297279357910156
C07 349.994 71.53536987304688
C07 370.001 72.87872314453125
C07 400.009 83.72021484375
C07 429.983 89.0485610961914
C07 449.989 91.50662231445312
C07 469.993 93.54277801513672
C07 500.016 96.29344940185547
C07 549.99 98.75301361083984
C07 569.998 99.47936248779297
C07 599.983 99.90597534179688
C07 630.013 99.48896026611328
C07 649.987 99.4638671875
C07 670.017 99.03511810302734
C07 699.987 98.39894104003906
C07 720.012 97.46959686279297
C07 749.995 96.43514251708984
C07 770.007 95.6622314453125
C07 800.008 94.40892791748047
C07 830.013 92.43994903564453
C07 869.994 87.62001037597656
C07 900.005 80.58586120605469
C07 919.989 73.73228454589844
C07 959.989 53.32996368408203
C07 1000.013 27.887338638305664
C07 1030.002 11.62060546875
C07 1049.996 5.688688278198242
C07 1080.005 0.6685364091955499
C07 1100.007 0.09094178426631615
C10 319.992 50.83219528198242
C10 330.006 50.84252166748047
C10 349.994 61.71181869506836
C10 370.001 63.3315315246582
C10 400.009 78.33110809326172
C10 429.983 85.83393859863281
C10 449.989 89.10469055175781
C10 469.993 91.67494201660156
C10 500.016 94.91146087646484
C10 549.99 97.73922729492188
C10 569.998 98.52743530273438
C10 599.983 99.01716613769531
C10 630.013 98.64051055908203
C10 649.987 98.63496398925781
C10 670.017 98.23078155517578
C10 699.987 97.61608123779297
C10 720.012 96.70623016357422
C10 749.995 95.71943664550781
C10 770.007 94.98802947998047
C10 800.008 93.81657409667969
C10 830.013 91.9654541015625
C10 869.994 87.34963989257812
C10 900.005 80.38028717041016
C10 919.989 73.47116088867188
C10 959.989 53.446380615234375
C10 1000.013 27.82349395751953
C10 1030.002 11.545650482177734
C10 1049.996 5.717165946960449
C10 1080.005 0.6635748338157659
C10 1100.007 0.09026685540439772
C11 319.992 52.00734329223633
C11 330.006 52.09983825683594
C11 349.994 63.45848083496094
C11 370.001 65.06891632080078
C11 400.009 79.24746704101562
C11 429.983 86.30718231201172
C11 449.989 89.40929412841797
C11 469.993 91.86744689941406
C11 500.016 95.00576782226562
C11 549.99 97.76411437988281
C11 569.998 98.54570770263672
C11 599.983 99.02943420410156
C11 630.013 98.66017150878906
C11 649.987 98.65177154541016
C11 670.017 98.25423431396484
C11 699.987 97.65007019042969
C11 720.012 96.74510192871094
C11 749.995 95.75962829589844
C11 770.007 95.02960968017578
C11 800.008 93.85537719726562
C11 830.013 91.99143981933594
C11 869.994 87.38356018066406
C11 900.005 80.28416442871094
C11 919.989 73.50688171386719
C11 959.989 53.49024200439453
C11 1000.013 27.61074447631836
C11 1030.002 11.477117538452148
C11 1049.996 5.676506519317627
C11 1080.005 0.6638534648278489
C11 1100.007 0.09030475790460896
C12 319.992 53.055572509765625
C12 330.006 53.207366943359375
C12 349.994 64.92107391357422
C12 370.001 66.49954986572266
C12 400.009 80.05254364013672
C12 429.983 86.78671264648438
C12 449.989 89.76139068603516
C12 469.993 92.13452911376953
C12 500.016 95.19490051269531
C12 549.99 97.89862060546875
C12 569.998 98.67389678955078
C12 599.983 99.15065002441406
C12 630.013 98.77335357666016
C12 649.987 98.77198791503906
C12 670.017 98.36137390136719
C12 699.987 97.76374053955078
C12 720.012 96.84973907470703
C12 749.995 95.8655776977539
C12 770.007 95.12992095947266
C12 800.008 93.94923400878906
C12 830.013 92.08488464355469
C12 869.994 87.4963607788086
C12 900.005 80.20111846923828
C12 919.989 73.54104614257812
C12 959.989 53.74561309814453
C12 1000.013 27.474836349487305
C12 1030.002 11.425877571105957
C12 1049.996 5.674667835235596
C12 1080.005 0.664587956308122
C12 1100.007 0.09040467163380259
C13 319.992 53.6118049621582
C13 330.006 53.80516815185547
C13 349.994 65.73963928222656
C13 370.001 67.27811431884766
C13 400.009 80.37212371826172
C13 429.983 86.84744262695312
C13 449.989 89.73372650146484
C13 469.993 92.04467010498047
C13 500.016 95.04918670654297
C13 549.99 97.70851135253906
C13 569.998 98.47125244140625
C13 599.983 98.94237518310547
C13 630.013 98.56446075439453
C13 649.987 98.55646514892578
C13 670.017 98.1492691040039
C13 699.987 97.54524993896484
C13 720.012 96.63673400878906
C13 749.995 95.64593505859375
C13 770.007 94.90985107421875
C13 800.008 93.7287368774414
C13 830.013 91.85850524902344
C13 869.994 87.25308990478516
C13 900.005 80.11127471923828
C13 919.989 73.51710510253906
C13 959.989 53.42146682739258
C13 1000.013 27.527790069580078
C13 1030.002 11.414300918579102
C13 1049.996 5.650100231170654
C13 1080.005 0.663065276940168
C13 1100.007 0.09019753979074581
C14 319.992 54.46173858642578
C14 330.006 54.68545913696289
C14 349.994 66.87281036376953
C14 370.001 68.38299560546875
C14 400.009 81.05017852783203
C14 429.983 87.3155746459961
C14 449.989 90.12464904785156
C14 469.993 92.38835906982422
C14 500.016 95.34886932373047
C14 549.99 97.97584533691406
C14 569.998 98.73416137695312
C14 599.983 99.19766235351562
C14 630.013 98.81269836425781
C14 649.987 98.79893493652344
C14 670.017 98.39008331298828
C14 699.987 97.78021240234375
C14 720.012 96.86088562011719
C14 749.995 95.8612289428711
C14 770.007 95.12364959716797
C14 800.008 93.92778778076172
C14 830.013 92.04568481445312
C14 869.994 87.44984436035156
C14 900.005 80.23661041259766
C14 919.989 73.6091079711914
C14 959.989 53.74638366699219
C14 1000.013 27.497699737548828
C14 1030.002 11.405560493469238
C14 1049.996 5.667047023773193
C14 1080.005 0.6645577975662604
C14 1100.007 0.09040056910511696
C15 319.992 55.34718704223633
C15 330.006 55.59772872924805
C15 349.994 68.01485443115234
C15 370.001 69.4937515258789
C15 400.009 81.87655639648438
C15 429.983 87.98834228515625
C15 449.989 90.73880767822266
C15 469.993 92.96733856201172
C15 500.016 95.8965072631836
C15 549.99 98.49563598632812
C15 569.998 99.2443618774414
C15 599.983 99.70012664794922
C15 630.013 99.30050659179688
C15 649.987 99.2906265258789
C15 670.017 98.8732681274414
C15 699.987 98.2503662109375
C15 720.012 97.32249450683594
C15 749.995 96.31643676757812
C15 770.007 95.56166076660156
C15 800.008 94.3502426147461
C15 830.013 92.45287322998047
C15 869.994 87.7970199584961
C15 900.005 80.70863342285156
C15 919.989 73.83413696289062
C15 959.989 53.713802337646484
C15 1000.013 27.84272575378418
C15 1030.002 11.493182182312012
C15 1049.996 5.682020664215088
C15 1080.005 0.667713512580511
C15 1100.007 0.09082984468395533
C16 319.992 56.52541732788086
C16 330.006 56.81311798095703
C16 349.994 69.56412506103516
C16 370.001 71.0353012084961
C16 400.009 83.32611846923828
C16 429.983 89.37240600585938
C16 449.989 92.10174560546875
C16 469.993 94.32303619384766
C16 500.016 97.25651550292969
C16 549.99 99.86856842041016
C16 569.998 100.62610626220703
C16 599.983 101.08509826660156
C16 630.013 100.68560028076172
C16 649.987 100.66952514648438
C16 670.017 100.24507904052734
C16 699.987 99.6128158569336
C16 720.012 98.67453002929688
C16 749.995 97.64237976074219
C16 770.007 96.8784408569336
C16 800.008 95.64094543457031
C16 830.013 93.70825958251953
C16 869.994 89.01923370361328
C16 900.005 81.78369903564453
C16 919.989 74.75840759277344
C16 959.989 54.717857360839844
C16 1000.013 28.163227081298828
C16 1030.002 11.644515991210938
C16 1049.996 5.765531539916992
C16 1080.005 0.6769056034418144
C16 1100.007 0.09208025548068503
C17 319.992 56.22020721435547
C17 330.006 56.52001190185547
C17 349.994 69.2070083618164
C17 370.001 70.60153198242188
C17 400.009 82.3826904296875
C17 429.983 88.19147491455078
C17 449.989 90.82493591308594
C17 469.993 92.97710418701172
C17 500.016 95.832763671875
C17 549.99 98.37191009521484
C17 569.998 99.10639953613281
C17 599.983 99.55082702636719
C17 630.013 99.14276123046875
C17 649.987 99.12394714355469
C17 670.017 98.7030029296875
C17 699.987 98.0765380859375
C17 720.012 97.14274597167969
C17 749.995 96.12246704101562
C17 770.007 95.36555480957031
C17 800.008 94.1383285522461
C17 830.013 92.23303985595703
C17 869.994 87.62187957763672
C17 900.005 80.59852600097656
C17 919.989 73.66094207763672
C17 959.989 53.852317810058594
C17 1000.013 27.824466705322266
C17 1030.002 11.535750389099121
C17 1049.996 5.716344356536865
C17 1080.005 0.6663688049405759
C17 1100.007 0.09064692254178001
