lsstCam/transmission_filter_detector/r20_s22/g_6/19700101T000000.ecsv
# %ECSV 1.0
# ---
# datatype:
# - {name: wavelength, unit: nm, datatype: float32}
# - {name: efficiency, unit: '%', datatype: float64}
# meta: !!omap
# - {MODE: DETECTOR}
# - {TYPE: transmission_filter_detector}
# - {CALIBDATE: '1970-01-01T00:00:00'}
# - {INSTRUME: LSSTCam}
# - {OBSTYPE: transmission_filter_detector}
# - {CALIBCLS: lsst.ip.isr.IntermediateFilterDetectorTransmissionCurve}
# - {SOURCE: Materion (DM-46256)}
# - {DETECTOR: 80}
# - {FILTER: g_6}
# - {CALIB_ID: 'calibDate=1970-01-01T00:00:00 filter=g_6 detector=80'}
# - {DATE: '2025-04-02T15:59:42.398894'}
# - {CALIB_CREATION_DATE: '2025-04-02'}
# - {CALIB_CREATION_TIME: '15:59:42'}
# - __serialized_columns__:
#     efficiency:
#       __class__: astropy.units.quantity.Quantity
#       unit: !astropy.units.Unit {unit: '%'}
#       value: !astropy.table.SerializedColumn {name: efficiency}
#     wavelength:
#       __class__: astropy.units.quantity.Quantity
#       unit: !astropy.units.Unit {unit: nm}
#       value: !astropy.table.SerializedColumn {name: wavelength}
# schema: astropy-2.0
wavelength efficiency
300.0 0.3826565109193325
301.0 0.31940173357725143
302.0 0.25614690966904163
303.0 0.2395187970250845
304.0 0.22289068438112736
305.0 0.21930423099547625
306.0 0.21571777760982513
307.0 0.21546636708080769
308.0 0.2152149798348546
309.0 0.21002278663218021
310.0 0.20483057014644146
311.0 0.2036654856055975
312.0 0.2025003544986248
313.0 0.19248659955337644
314.0 0.1824728329665959
315.0 0.1802552375011146
316.0 0.1780376536771655
317.0 0.17219646833837032
318.0 0.16635529464110732
319.0 0.15854790108278394
320.0 0.15074051916599274
321.0 0.13865247601643205
322.0 0.12656444450840354
323.0 0.11483118869364262
324.0 0.10309793287888169
325.0 0.09258118225261569
326.0 0.08206443744711578
327.0 0.07350289961323142
328.0 0.06494136760011315
329.0 0.06190009880810976
330.0 0.05885883001610637
331.0 0.053944444516673684
332.0 0.04903005319647491
333.0 0.046891035162843764
334.0 0.04475201421882957
335.0 0.042323910747654736
336.0 0.039895804366096854
337.0 0.040484804776497185
338.0 0.041073805186897516
339.0 0.04031109856441617
340.0 0.039548391941934824
341.0 0.037636334309354424
342.0 0.03572427376639098
343.0 0.03278800577390939
344.0 0.0298517377814278
345.0 0.02631352108437568
346.0 0.022775302932132035
347.0 0.02122999430866912
348.0 0.019684685685206205
349.0 0.018000441195908934
350.0 0.5802860017865896
351.0 1.1510753072798252
352.0 0.6749250460416079
353.0 1.0051315650343895
354.0 0.6686219945549965
355.0 0.8703939616680145
356.0 0.6240383256226778
357.0 0.7886002771556377
358.0 0.6316620390862226
359.0 0.7674974855035543
360.0 0.7426196709275246
361.0 0.8425774052739143
362.0 0.5092223640531301
363.0 0.6294360384345055
364.0 0.6049575284123421
365.0 0.7770147174596786
366.0 0.4630687180906534
367.0 0.7313717622309923
368.0 0.4245561081916094
369.0 0.6198921706527472
370.0 0.49827592447400093
371.0 0.657660560682416
372.0 0.38008682895451784
373.0 0.6696386262774467
374.0 0.4123881459236145
375.0 0.5127157550305128
376.0 0.3888561623170972
377.0 0.6036765873432159
378.0 0.37625746335834265
379.0 0.5068104714155197
380.0 0.4441967234015465
381.0 0.5606608465313911
382.0 0.5638367496430874
383.0 0.44024456292390823
384.0 0.584930507466197
385.0 0.6028106436133385
386.0 0.6624030414968729
387.0 0.7472565397620201
388.0 0.8205225691199303
389.0 1.1340304277837276
390.0 1.5688640996813774
391.0 2.4800358340144157
392.0 3.9125628769397736
393.0 6.298863887786865
394.0 9.487160295248032
395.0 13.847599923610687
396.0 19.304442405700684
397.0 26.37460231781006
398.0 34.538233280181885
399.0 43.75196993350983
400.0 53.030556440353394
401.0 62.19976544380188
402.0 70.80859541893005
403.0 78.24941277503967
404.0 83.70099067687988
405.0 87.96708583831787
406.0 90.43720960617065
407.0 92.34495759010315
408.0 93.549245595932
409.0 94.05719637870789
410.0 94.39566731452942
411.0 94.26577091217041
412.0 93.88046264648438
413.0 93.62936615943909
414.0 93.52278709411621
415.0 93.59328150749207
416.0 93.96721720695496
417.0 94.26727294921875
418.0 94.72936987876892
419.0 95.27759552001953
420.0 95.81557512283325
421.0 96.45258784294128
422.0 96.5890109539032
423.0 96.87188863754272
424.0 96.69700860977173
425.0 96.57852053642273
426.0 96.54406905174255
427.0 96.5955913066864
428.0 96.4461088180542
429.0 96.18532657623291
430.0 96.09910249710083
431.0 96.1105465888977
432.0 96.15998268127441
433.0 96.17427587509155
434.0 96.31608724594116
435.0 96.50412797927856
436.0 96.52818441390991
437.0 96.50453329086304
438.0 96.62131667137146
439.0 96.6511070728302
440.0 96.61572575569153
441.0 96.75899147987366
442.0 96.71133756637573
443.0 96.77426218986511
444.0 96.69362306594849
445.0 96.45193815231323
446.0 96.35342955589294
447.0 96.1266577243805
448.0 96.08109593391418
449.0 96.21180295944214
450.0 96.4526355266571
451.0 96.63753509521484
452.0 96.82252407073975
453.0 96.99476361274719
454.0 97.07837104797363
455.0 97.37414121627808
456.0 97.40672707557678
457.0 97.57212996482849
458.0 97.5409209728241
459.0 97.68560528755188
460.0 97.65496253967285
461.0 97.7728545665741
462.0 97.6624846458435
463.0 97.62662649154663
464.0 97.74029850959778
465.0 97.67739176750183
466.0 97.66957759857178
467.0 97.63391613960266
468.0 97.71978259086609
469.0 97.71189093589783
470.0 97.6203441619873
471.0 97.49462008476257
472.0 97.51282334327698
473.0 97.36924767494202
474.0 97.32674956321716
475.0 97.35856652259827
476.0 97.35754728317261
477.0 97.35778570175171
478.0 97.43000268936157
479.0 97.40524291992188
480.0 97.59901165962219
481.0 97.71198630332947
482.0 97.88089394569397
483.0 97.81221747398376
484.0 97.96960353851318
485.0 97.96236753463745
486.0 98.02287817001343
487.0 98.06650876998901
488.0 98.01149368286133
489.0 98.18159341812134
490.0 98.1252133846283
491.0 98.13148379325867
492.0 98.05524349212646
493.0 98.07923436164856
494.0 98.04677367210388
495.0 98.15390706062317
496.0 97.91439771652222
497.0 97.85569906234741
498.0 97.65865802764893
499.0 97.68655300140381
500.0 97.63433933258057
501.0 97.61041402816772
502.0 97.51580357551575
503.0 97.6316511631012
504.0 97.47828245162964
505.0 97.47915267944336
506.0 97.48703837394714
507.0 97.46854901313782
508.0 97.44910001754761
509.0 97.43552803993225
510.0 97.40511178970337
511.0 97.40185141563416
512.0 97.3059594631195
513.0 97.39857912063599
514.0 97.35206961631775
515.0 97.37482070922852
516.0 97.4627673625946
517.0 97.48321771621704
518.0 97.57713079452515
519.0 97.55843877792358
520.0 97.63174653053284
521.0 97.72061109542847
522.0 97.74936437606812
523.0 97.74394631385803
524.0 97.72561192512512
525.0 97.72771000862122
526.0 97.82236814498901
527.0 97.8624165058136
528.0 97.91902899742126
529.0 97.97372817993164
530.0 98.00344705581665
531.0 98.16361665725708
532.0 98.06365370750427
533.0 98.05138111114502
534.0 98.04998636245728
535.0 97.90663719177246
536.0 97.59518504142761
537.0 97.10159301757812
538.0 96.48717045783997
539.0 95.25346159934998
540.0 93.70791912078857
541.0 91.29962921142578
542.0 88.7370228767395
543.0 85.26309132575989
544.0 80.89144229888916
545.0 76.89611315727234
546.0 72.01403975486755
547.0 67.45290160179138
548.0 62.785255908966064
549.0 58.48429203033447
550.0 55.14234900474548
551.0 51.84914469718933
552.0 49.3931382894516
553.0 46.89203500747681
554.0 44.1652774810791
555.0 41.164371371269226
556.0 37.234824895858765
557.0 32.58010149002075
558.0 27.318036556243896
559.0 22.03727960586548
560.0 16.731448471546173
561.0 11.708851903676987
562.0 7.727313041687012
563.0 4.679393023252487
564.0 2.6217762380838394
565.0 1.299415249377489
566.0 0.6878938525915146
567.0 0.3470411757007241
568.0 0.20160996355116367
569.0 0.11853323085233569
570.0 0.08927217568270862
571.0 0.06055739358998835
572.0 0.057094189105555415
573.0 0.034011396928690374
574.0 0.052987743401899934
575.0 0.031912437407299876
576.0 0.031697319354861975
577.0 0.02831126330420375
578.0 0.02736328460741788
579.0 0.024830925394780934
580.0 0.03147956740576774
581.0 0.023391671129502356
582.0 0.02360195212531835
583.0 0.018066920165438205
584.0 0.021743617253378034
585.0 0.016616431821603328
586.0 0.028841037419624627
587.0 0.015551308752037585
588.0 0.03258670913055539
589.0 0.01830472465371713
590.0 0.013805758499074727
591.0 0.012987050286028534
592.0 0.02116070972988382
593.0 0.011172351514687762
594.0 0.014151219511404634
595.0 0.01729429350234568
596.0 0.01626000739634037
597.0 0.013818971638102084
598.0 0.006594920705538243
599.0 0.009842786676017568
600.0 0.009068072540685534
601.0 0.002044802749878727
602.0 0.0020793841031263582
603.0 0.0021139654563739896
604.0 0.0019740729840123095
605.0 0.001834180329751689
606.0 0.0018641921997186728
607.0 0.0018942040696856566
608.0 0.0018929882571683265
609.0 0.0018917722627520561
610.0 0.0019126056940876879
611.0 0.00193343930732226
612.0 0.0018733704564510845
613.0 0.0018133012417820282
614.0 0.0017412194210919552
615.0 0.001669137600401882
616.0 0.0015575851648463868
617.0 0.0014460322745435406
618.0 0.001574893576616887
619.0 0.0017037549696397036
620.0 0.001600667201273609
621.0 0.001497579796705395
622.0 0.0014723004824190866
623.0 0.0014470207133854274
624.0 0.0013749040590482764
625.0 0.0013027874047111254
626.0 0.001354439700662624
627.0 0.001406092087563593
628.0 0.0014137472135189455
629.0 0.0014214024304237682
630.0 0.0014452791219810024
631.0 0.001469155540689826
632.0 0.0014341620953928214
633.0 0.0013991686500958167
634.0 0.0013612405382446013
635.0 0.0013233122444944456
636.0 0.0013651079825649504
637.0 0.0014069039934838656
638.0 0.0012163377505203243
639.0 0.0010257714166073129
640.0 0.0011292711860733107
641.0 0.001232770682690898
642.0 0.0011699479728122242
643.0 0.0011071251719840802
644.0 0.00108392769107013
645.0 0.0010607303011056501
646.0 0.001134484318754403
647.0 0.0012082382454536855
648.0 0.0011477832231321372
649.0 0.0010873281098611187
650.0 0.0010852447303477675
651.0 0.0010831613508344162
652.0 0.0011676182111841626
653.0 0.001252075071533909
654.0 0.0011732226994354278
655.0 0.0010943705092358869
656.0 0.001100850113289198
657.0 0.0011073299901909195
658.0 0.0010931978067674208
659.0 0.0010790658961923327
660.0 0.0009897845302475616
661.0 0.0009005031643027905
662.0 0.0010687130270525813
663.0 0.0012369231626507826
664.0 0.0011869614354509395
665.0 0.0011369996173016261
666.0 0.0011534361874510068
667.0 0.0011698723938025068
668.0 0.0011650567103060894
669.0 0.001160241117759142
670.0 0.001135509319283301
671.0 0.0011107774298579898
672.0 0.001047355090122437
673.0 0.0009839328413363546
674.0 0.0009557847079122439
675.0 0.0009276366654376034
676.0 0.0010492362889635842
677.0 0.0011708356396411546
678.0 0.001068182973540388
679.0 0.0009655303074396215
680.0 0.000980260028882185
681.0 0.0009949898412742186
682.0 0.0010325160474167205
683.0 0.0010700421626097523
684.0 0.0010204429599980358
685.0 0.0009708436664368492
686.0 0.0009594717084837612
687.0 0.0009480995686317328
688.0 0.001027653615892632
689.0 0.0011072073903051205
690.0 0.0011110693776572589
691.0 0.0011149315469083376
692.0 0.0010677473255782388
693.0 0.00102056310424814
694.0 0.0010845167707884684
695.0 0.001148470528278267
696.0 0.0011329881999699865
697.0 0.0011175056897627655
698.0 0.0010746638508862816
699.0 0.0010318218301108573
700.0 0.0011093725333921611
701.0 0.0011869234185724054
702.0 0.0011712755622284021
703.0 0.001155627796833869
704.0 0.0011196468221896794
705.0 0.0010836657565960195
706.0 0.0011105756129836664
707.0 0.0011374854693713132
708.0 0.0011038479897251818
709.0 0.0010702105100790504
710.0 0.0011702411939040758
711.0 0.0012702722415269818
712.0 0.0012405371307977475
713.0 0.0012108018381695729
714.0 0.001222998253069818
715.0 0.001235194577020593
716.0 0.001419182626705151
717.0 0.0016031706763897091
718.0 0.0018416230886941776
719.0 0.0020800758647965267
720.0 0.0018347562217968516
721.0 0.0015894367606961168
722.0 0.0015852318028919399
723.0 0.0015810270269867033
724.0 0.0016653513739584014
725.0 0.0017496757209300995
726.0 0.0017885558918351308
727.0 0.0018274358808412217
728.0 0.0020251063688192517
729.0 0.002222777038696222
730.0 0.0021993591872160323
731.0 0.002175941517634783
732.0 0.0019190696548321284
733.0 0.001662197792029474
734.0 0.00139519470394589
735.0 0.0011281912520644255
736.0 0.0010889930308621842
737.0 0.0010497949006094132
738.0 0.0009863209015747998
739.0 0.000922847175388597
740.0 0.0008822336894809268
741.0 0.0008416201126237866
742.0 0.0009445177965972107
743.0 0.001047415571520105
744.0 0.0009273930118069984
745.0 0.0008073704520938918
746.0 0.0007542939783888869
747.0 0.0007012174592091469
748.0 0.0008165688996086828
749.0 0.0009319202945334837
750.0 0.0009266845154343173
751.0 0.0009214489182340913
752.0 0.0009511005373497028
753.0 0.0009807521564653143
754.0 0.0009752164260135032
755.0 0.0009696809684101027
756.0 0.0009380680239701178
757.0 0.0009064550795301329
758.0 0.0008586911462771241
759.0 0.0008109273949230555
760.0 0.0008326080205733888
761.0 0.0008542885552742518
762.0 0.0008147074368025642
763.0 0.0007751263183308765
764.0 0.0007814786840754095
765.0 0.0007878311407694127
766.0 0.0006897157163621159
767.0 0.0005916002010053489
768.0 0.0005964005140413065
769.0 0.0006012007816025289
770.0 0.0006824003776273457
771.0 0.0007635998372279573
772.0 0.000690689421389834
773.0 0.0006177789146022405
774.0 0.0006576391115231672
775.0 0.0006974992629693588
776.0 0.0007373080279649002
777.0 0.0007771168384351768
778.0 0.0006969924015720608
779.0 0.0006168680101836799
780.0 0.0005246269665803993
781.0 0.00043238592297711875
782.0 0.0005063775461167097
783.0 0.0005803691692563007
784.0 0.0004939169230055995
785.0 0.0004074646767548984
786.0 0.00039762103369866963
787.0 0.0003877773906424409
788.0 0.00036050712424184894
789.0 0.00033323692605335964
790.0 0.00041755947677302174
791.0 0.0005018820957047865
792.0 0.0003760098252314492
793.0 0.0002501375774954795
794.0 0.0003310182364657521
795.0 0.0004118988272239221
796.0 0.0003416448180360021
797.0 0.00027139074063597945
798.0 0.00026652974156604614
799.0 0.00026166874249611283
800.0 0.0003641764124040492
801.0 0.0004666841050493531
802.0 0.0004366145276435418
803.0 0.0004065449502377305
804.0 0.00041462881199549884
805.0 0.00042271267375326715
806.0 0.00042787187339854427
807.0 0.00043303116399329156
808.0 0.00041007428990269545
809.0 0.00038711741581209935
810.0 0.00038450839383585844
811.0 0.00038189928091014735
812.0 0.0003563526433936204
813.0 0.0003308060513518285
814.0 0.0003371699449417065
815.0 0.0003435338385315845
816.0 0.00040183253986469936
817.0 0.00046013124119781423
818.0 0.0004029471256217221
819.0 0.00034576296457089484
820.0 0.0004073180662089726
821.0 0.00046887312237231527
822.0 0.0004654737040254986
823.0 0.00046207410377974156
824.0 0.00038782800402259454
825.0 0.0003135817451038747
826.0 0.00037445215639309026
827.0 0.00043532254494493827
828.0 0.00040098584577208385
829.0 0.00036664916933659697
830.0 0.0004168879513599677
831.0 0.0004671267106459709
832.0 0.0005309287189447787
833.0 0.0005947307272435864
834.0 0.0004635398454411188
835.0 0.0003323490091133863
836.0 0.0004422227448230842
837.0 0.0005520965260075172
838.0 0.0006060919986339286
839.0 0.00066008747126034
840.0 0.0005811134087707615
841.0 0.0005021393008064479
842.0 0.0005194542609388009
843.0 0.0005367691755964188
844.0 0.0005553630217036698
845.0 0.0005739568678109208
846.0 0.0005489067916641943
847.0 0.0005238566700427327
848.0 0.0004636725407181075
849.0 0.00040348836591874715
850.0 0.0003640722752606962
851.0 0.0003246561618652777
852.0 0.00032650307275616797
853.0 0.00032834993817232316
854.0 0.0005010350832890254
855.0 0.0006737202511430951
856.0 0.000510463132741279
857.0 0.00034720605981419794
858.0 0.0003744628884305712
859.0 0.00040171967157220934
860.0 0.0004005263235740131
861.0 0.0003993329755758168
862.0 0.0005152335688762832
863.0 0.0006311342531262198
864.0 0.0005597177278104937
865.0 0.0004883011570200324
866.0 0.0005053667337051593
867.0 0.000522432219440816
868.0 0.0004833777438761899
869.0 0.0004443231773620937
870.0 0.00039487017602368724
871.0 0.0003454171519479132
872.0 0.0003708073791131028
873.0 0.0003961975835409248
874.0 0.0004257509317540098
875.0 0.00045530427996709477
876.0 0.00046370064410439227
877.0 0.00047209700824168976
878.0 0.0004723875917989062
879.0 0.0004726781298813876
880.0 0.0006218611815711483
881.0 0.0007710443242103793
882.0 0.0005578937816608232
883.0 0.00034474335279810475
884.0 0.0004349399205239024
885.0 0.0005251364655123325
886.0 0.0005903853889321908
887.0 0.0006556343123520492
888.0 0.0007229512448247988
889.0 0.0007902680408733431
890.0 0.0006425762876460794
891.0 0.0004948844434693456
892.0 0.0005845629857503809
893.0 0.0006742417554050917
894.0 0.0005300033080857247
895.0 0.000385764997190563
896.0 0.0003748273684323067
897.0 0.0003638897624114179
898.0 0.000331937712871877
899.0 0.0002999856633323361
900.0 0.0003533160452207085
901.0 0.0004066464043717133
902.0 0.0003464446535872412
903.0 0.00028624288006540155
904.0 0.00039458686842408497
905.0 0.0005029308340454008
