lsstCam/transmission_filter_detector/r20_s22/g_6/19700101T000000.ecsv
# %ECSV 1.0
# ---
# datatype:
# - {name: wavelength, unit: nm, datatype: float32}
# - {name: efficiency, unit: '%', datatype: float64}
# meta: !!omap
# - {MODE: DETECTOR}
# - {TYPE: transmission_filter_detector}
# - {CALIBDATE: '1970-01-01T00:00:00'}
# - {INSTRUME: LSSTCam}
# - {OBSTYPE: transmission_filter_detector}
# - {CALIBCLS: lsst.ip.isr.IntermediateFilterDetectorTransmissionCurve}
# - {SOURCE: Materion (DM-46256)}
# - {DETECTOR: 80}
# - {FILTER: g_6}
# - {CALIB_ID: 'calibDate=1970-01-01T00:00:00 filter=g_6 detector=80'}
# - {DATE: '2025-04-02T15:59:42.398894'}
# - {CALIB_CREATION_DATE: '2025-04-02'}
# - {CALIB_CREATION_TIME: '15:59:42'}
# - __serialized_columns__:
#     efficiency:
#       __class__: astropy.units.quantity.Quantity
#       unit: !astropy.units.Unit {unit: '%'}
#       value: !astropy.table.SerializedColumn {name: efficiency}
#     wavelength:
#       __class__: astropy.units.quantity.Quantity
#       unit: !astropy.units.Unit {unit: nm}
#       value: !astropy.table.SerializedColumn {name: wavelength}
# schema: astropy-2.0
wavelength efficiency
[from data line 607]
907.0 0.0005432772923086304
908.0 0.00042941919673467055
909.0 0.0003155611011607107
910.0 0.0003912253760063322
911.0 0.0004668896053772187
912.0 0.0004967582754034083
913.0 0.0005266268999548629
914.0 0.0005475067155202851
915.0 0.0005683865310857072
916.0 0.0004761721811519237
917.0 0.0003839578312181402
918.0 0.00046810573621769436
919.0 0.0005522536866919836
920.0 0.0005578956006502267
921.0 0.0005635375146084698
922.0 0.0005328806764737237
923.0 0.0005022238838137127
924.0 0.00047360585995193105
925.0 0.0004449877451406792
926.0 0.000499388715979876
927.0 0.0005537896413443377
928.0 0.0005147714546183124
929.0 0.0004757532678922871
930.0 0.0004514018201007275
931.0 0.0004270502813596977
932.0 0.0005030622105550719
933.0 0.0005790743216493865
934.0 0.0005283613063511439
935.0 0.0004776483365276363
936.0 0.00047897256081341766
937.0 0.0004802969215234043
938.0 0.0005562881142395781
939.0 0.0006322795798041625
940.0 0.000645401632937137
941.0 0.0006585236405953765
942.0 0.0007572813956358004
943.0 0.0008560392416256946
944.0 0.0008530983905075118
945.0 0.0008501577212882694
946.0 0.000946912587096449
947.0 0.0010436675438540988
948.0 0.000895708490133984
949.0 0.0007477494364138693
950.0 0.0008091886229522061
951.0 0.0008706277185410727
952.0 0.0009002485967357643
953.0 0.0009298692930315156
954.0 0.0007896037459431682
955.0 0.0006493381079053506
956.0 0.0006129213943495415
957.0 0.0005765046807937324
958.0 0.000693585752742365
959.0 0.0008106667337415274
960.0 0.0007896594070189167
961.0 0.0007686518983973656
962.0 0.0007247331268445123
963.0 0.0006808142188674537
964.0 0.0005997580501571065
965.0 0.0005187016995478189
966.0 0.0005863162641617237
967.0 0.0006539307378261583
968.0 0.0007052796718198806
969.0 0.0007566285148641327
970.0 0.0006467080311267637
971.0 0.0005367875019146595
972.0 0.0007441112757078372
973.0 0.0009514349585515447
974.0 0.0009734989362186752
975.0 0.0009955628229363356
976.0 0.0009096926987695042
977.0 0.0008238224836532027
978.0 0.000907465164345922
979.0 0.0009911078450386412
980.0 0.0010543122698436491
981.0 0.001117516694648657
982.0 0.0010289998499501962
983.0 0.0009404830052517354
984.0 0.0010436056982143782
985.0 0.001146728391177021
986.0 0.001170787618320901
987.0 0.001194846845464781
988.0 0.0012425371096469462
989.0 0.001290227191930171
990.0 0.0013106270671414677
991.0 0.0013310268514032941
992.0 0.0012947841241839342
993.0 0.001258541306015104
994.0 0.001323086235061055
995.0 0.0013876315279048868
996.0 0.0013395723726716824
997.0 0.0012915134902868886
998.0 0.0012982766747882124
999.0 0.0013050399502390064
1000.0 0.001297825565416133
1001.0 0.0012906110896437895
1002.0 0.0013357916941458825
1003.0 0.0013809722076985054
1004.0 0.001351936771243345
1005.0 0.0013229013347881846
1006.0 0.0015118381270440295
1007.0 0.001700774737400934
1008.0 0.0015825718946871348
1009.0 0.0014643692338722758
1010.0 0.0016255367881967686
1011.0 0.0017867045244202018
1012.0 0.0018907312551164068
1013.0 0.001994757985812612
1014.0 0.002076477903756313
1015.0 0.002158197639801074
1016.0 0.002404197948635556
1017.0 0.002650198257470038
1018.0 0.002815824336721562
1019.0 0.0029814507797709666
1020.0 0.003243684841436334
1021.0 0.0035059190850006416
1022.0 0.003530560206854716
1023.0 0.0035552013287087902
1024.0 0.003761462721740827
1025.0 0.003967723750974983
1026.0 0.004126816565985791
1027.0 0.004285909017198719
1028.0 0.004692611764767207
1029.0 0.005099314148537815
1030.0 0.004958549470757134
1031.0 0.004817784429178573
1032.0 0.0050870879931608215
1033.0 0.005356390829547308
1034.0 0.005499749386217445
1035.0 0.005643107942887582
1036.0 0.005637857611873187
1037.0 0.005632606917060912
1038.0 0.00588013390370179
1039.0 0.006127660890342668
1040.0 0.006212482549017295
1041.0 0.006297304207691923
1042.0 0.006660992949036881
1043.0 0.00702468169038184
1044.0 0.007237390673253685
1045.0 0.007450099656125531
1046.0 0.00861552616697736
1047.0 0.009780952677829191
1048.0 0.01092152451747097
1049.0 0.01206209635711275
1050.0 0.014419738727156073
1051.0 0.016777380369603634
1052.0 0.020153213699813932
1053.0 0.023529048485215753
1054.0 0.028893339913338423
1055.0 0.034257626975886524
1056.0 0.04075619508512318
1057.0 0.04725476319435984
1058.0 0.054723728680983186
1059.0 0.06219269707798958
1060.0 0.07046490791253746
1061.0 0.07873711874708533
1062.0 0.0860317493788898
1063.0 0.09332635090686381
1064.0 0.09908770443871617
1065.0 0.10484902886673808
1066.0 0.1108244527131319
1067.0 0.11679988820105791
1068.0 0.12410787167027593
1069.0 0.1314158784225583
1070.0 0.14168820343911648
1071.0 0.15196051681414247
1072.0 0.16348654171451926
1073.0 0.17501257825642824
1074.0 0.18780383979901671
1075.0 0.2005951013416052
1076.0 0.21372917108237743
1077.0 0.22686324082314968
1078.0 0.2395410556346178
1079.0 0.2522188238799572
1080.0 0.26928854640573263
1081.0 0.28635822236537933
1082.0 0.31147373374551535
1083.0 0.3365892916917801
1084.0 0.37900081370025873
1085.0 0.4214123357087374
1086.0 0.45654899440705776
1087.0 0.49168565310537815
1088.0 0.5534482188522816
1089.0 0.6152107380330563
1090.0 0.6932098884135485
1091.0 0.7712091319262981
1092.0 0.8067997172474861
1093.0 0.8423903957009315
1094.0 0.8828119374811649
1095.0 0.9232335723936558
1096.0 0.9718482382595539
1097.0 1.020462904125452
1098.0 1.0924222879111767
1099.0 1.1643817648291588
1100.0 1.2948930263519287
1101.0 1.4254042878746986
