lsstCam/transmission_filter_detector/r03_s00/z_20/19700101T000000.ecsv
# %ECSV 1.0
# ---
# datatype:
# - {name: wavelength, unit: nm, datatype: float32}
# - {name: efficiency, unit: '%', datatype: float64}
# meta: !!omap
# - {MODE: DETECTOR}
# - {TYPE: transmission_filter_detector}
# - {CALIBDATE: '1970-01-01T00:00:00'}
# - {INSTRUME: LSSTCam}
# - {OBSTYPE: transmission_filter_detector}
# - {CALIBCLS: lsst.ip.isr.IntermediateFilterDetectorTransmissionCurve}
# - {SOURCE: Materion (DM-46256)}
# - {DETECTOR: 18}
# - {FILTER: z_20}
# - {CALIB_ID: 'calibDate=1970-01-01T00:00:00 filter=z_20 detector=18'}
# - {DATE: '2025-04-02T15:59:48.717848'}
# - {CALIB_CREATION_DATE: '2025-04-02'}
# - {CALIB_CREATION_TIME: '15:59:48'}
# - __serialized_columns__:
#     efficiency:
#       __class__: astropy.units.quantity.Quantity
#       unit: !astropy.units.Unit {unit: '%'}
#       value: !astropy.table.SerializedColumn {name: efficiency}
#     wavelength:
#       __class__: astropy.units.quantity.Quantity
#       unit: !astropy.units.Unit {unit: nm}
#       value: !astropy.table.SerializedColumn {name: wavelength}
# schema: astropy-2.0
wavelength efficiency
300.0 0.8563565090298653
301.0 0.5793384276330471
302.0 0.30232041608542204
303.0 0.293787126429379
304.0 0.28525381349027157
305.0 0.24345689453184605
306.0 0.20165995229035616
307.0 0.18443327862769365
308.0 0.16720661660656333
309.0 0.14580682618543506
310.0 0.12440703576430678
311.0 0.12546058278530836
312.0 0.1265141530893743
313.0 0.11062925914302468
314.0 0.0947444059420377
315.0 0.09467592462897301
316.0 0.09460743749514222
317.0 0.07921586511656642
318.0 0.06382429855875671
319.0 0.06373217911459506
320.0 0.06364005384966731
321.0 0.06288806325756013
322.0 0.06213607266545296
323.0 0.05403406103141606
324.0 0.04593204357661307
325.0 0.042885029688477516
326.0 0.039838015800341964
327.0 0.03906124329660088
328.0 0.03828447079285979
329.0 0.03388179175090045
330.0 0.029479115619324148
331.0 0.026859468198381364
332.0 0.024239823687821627
333.0 0.023346225498244166
334.0 0.02245262439828366
335.0 0.021171855041757226
336.0 0.01989108568523079
337.0 0.023898239305708557
338.0 0.027905384195037186
339.0 0.024004785518627614
340.0 0.020104192662984133
341.0 0.017016804486047477
342.0 0.013929417764302343
343.0 0.013644680439028889
344.0 0.01335994602413848
345.0 0.012817645620089024
346.0 0.012275343760848045
347.0 0.011508955503813922
348.0 0.010742568701971322
349.0 0.01316222915193066
350.0 0.015581888146698475
351.0 0.013014659634791315
352.0 0.010447426029713824
353.0 0.01094652689062059
354.0 0.011445627751527354
355.0 0.009890546789392829
356.0 0.008335465827258304
357.0 0.009198910265695304
358.0 0.01006235834211111
359.0 0.009801065607462078
360.0 0.009539772872813046
361.0 0.00870468356879428
362.0 0.00786959717515856
363.0 0.009221860091201961
364.0 0.0105741222796496
365.0 0.01019243209157139
366.0 0.009810744086280465
367.0 0.008631691889604554
368.0 0.007452638237737119
369.0 0.007861822814447805
370.0 0.008271008118754253
371.0 0.008215549314627424
372.0 0.008160091238096356
373.0 0.007116313645383343
374.0 0.006072536780266091
375.0 0.006380707782227546
376.0 0.006688878056593239
377.0 0.0069574649387504905
378.0 0.007226050365716219
379.0 0.006162425415823236
380.0 0.005098799374536611
381.0 0.0032470543374074623
382.0 0.0013953093002783135
383.0 0.0035810360714094713
384.0 0.005766762842540629
385.0 0.005510438131750561
386.0 0.005254114148556255
387.0 0.005862813122803345
388.0 0.006471513188444078
389.0 0.00572637545701582
390.0 0.004981238816981204
391.0 0.004627715316019021
392.0 0.004274191451258957
393.0 0.0047171553887892514
394.0 0.005160119690117426
395.0 0.004249808625900187
396.0 0.0033394971978850663
397.0 0.0035207674955017865
398.0 0.0037020370655227453
399.0 0.003963395283790305
400.0 0.0042247531382599846
401.0 0.004834905848838389
402.0 0.005445058195618913
403.0 0.005175753904040903
404.0 0.004906449612462893
405.0 0.003904187906300649
406.0 0.0029019263820373453
407.0 0.0014759324585611466
408.0 4.993902393835015e-05
409.0 0.0018170470866607502
410.0 0.0035841552744386718
411.0 0.004093398820259608
412.0 0.004602642366080545
413.0 0.004508953861659393
414.0 0.004415264629642479
415.0 0.0036692159483209252
416.0 0.002923167630797252
417.0 0.0038392183341784403
418.0 0.00475526976515539
419.0 0.004274150705896318
420.0 0.003793031646637246
421.0 0.0036649591493187472
422.0 0.003536887015798129
423.0 0.003430940705584362
424.0 0.0033249951229663566
425.0 0.0025722414648043923
426.0 0.0018194876247434877
427.0 0.001937684282893315
428.0 0.002055881304841023
429.0 0.0012434884411050007
430.0 0.00043109585021738894
431.0 0.0005862513717147522
432.0 0.00074140666583844
433.0 0.0006974425559747033
434.0 0.0006534785370604368
435.0 0.0012503464859037194
436.0 0.0018472144802217372
437.0 0.0019588382201618515
438.0 0.002070461960101966
439.0 0.002072945426334627
440.0 0.002075428892567288
441.0 0.0015188548786682077
442.0 0.0009622809557185974
443.0 0.00205440755962627
444.0 0.0031465340725844726
445.0 0.0033071413781726733
446.0 0.003467748683760874
447.0 0.0025683275453047827
448.0 0.001668906224949751
449.0 0.002446314465487376
450.0 0.0032237232517218217
451.0 0.0024807877707644366
452.0 0.0017378519260091707
453.0 0.001656666245253291
454.0 0.0015754805644974113
455.0 0.0023809281628928147
456.0 0.003186375761288218
457.0 0.0022951971914153546
458.0 0.0014040185305930208
459.0 0.0015441630239365622
460.0 0.0016843074263306335
461.0 0.0007684798219997901
462.0 1.7283993247046991e-10
463.0 0.000921532409847714
464.0 0.001990412965824362
465.0 0.002209279773524031
466.0 0.0024281465812237
467.0 0.002122675687132869
468.0 0.0018172040654462762
469.0 0.00163549975695787
470.0 0.0014537952665705234
471.0 0.0013763285096501932
472.0 0.0012988620255782735
473.0 0.001291232638322981
474.0 0.0012836032510676887
475.0 0.001165285357274115
476.0 0.0010469674634805415
477.0 0.00127775065266178
478.0 0.0015085335689946078
479.0 0.0019555884136934765
480.0 0.002402643076493405
481.0 0.0018759750673780218
482.0 0.001349307149212109
483.0 0.0008839058864396065
484.0 0.000418504532717634
485.0 0.0012774430615536403
486.0 0.0021363815903896466
487.0 0.001559230986458715
488.0 0.0009820803825277835
489.0 0.00168174065038329
490.0 0.0023814011001377366
491.0 0.0022105887182988226
492.0 0.0020397761545609683
493.0 0.0019612507458077744
494.0 0.0018827253370545805
495.0 0.0016558287825318985
496.0 0.0014289321370597463
497.0 0.0012645320566662122
498.0 0.0011001321581716184
499.0 0.0012751399481203407
500.0 0.0014501478290185332
501.0 0.0009427751137991436
502.0 0.0004354020802566083
503.0 0.0012780778888554778
504.0 0.002120753561030142
505.0 0.0022345377146848477
506.0 0.0023483218683395535
507.0 0.0022328596969600767
508.0 0.002117397161782719
509.0 0.0018389981050859205
510.0 0.001560599594085943
511.0 0.0012490455446823034
512.0 0.0009374914952786639
513.0 0.0013343949831323698
514.0 0.0017312988347839564
515.0 0.0013560092156694736
516.0 0.0009807203241507523
517.0 0.0008507126949552912
518.0 0.0007207050657598302
519.0 0.000980146160145523
520.0 0.0012395868907333352
521.0 0.0016589718143222854
522.0 0.002078356556012295
523.0 0.0013738425877818372
524.0 0.0006693286650261143
525.0 0.0007093171461747261
526.0 0.0007493058546970133
527.0 0.0011290796464891173
528.0 0.001508853802079102
529.0 0.0013034744370088447
530.0 0.0010980944352922961
531.0 0.0011938694115087856
532.0 0.0012896442967758048
533.0 0.0009418507033842616
534.0 0.0005940570645179832
535.0 0.0011309320143482182
536.0 0.0016678071915521286
537.0 0.0016773608876974322
538.0 0.0016869145838427357
539.0 0.00122752899187617
540.0 0.0007681430361117236
541.0 0.0008195321242965292
542.0 0.0008709213943802752
543.0 0.0012596908163686749
544.0 0.001648460420256015
545.0 0.001061349394149147
546.0 0.00047423864089068957
547.0 0.0011720980182872154
548.0 0.0018699571228353307
549.0 0.0017062695405911654
550.0 0.0015425815945491195
551.0 0.0015673496818635613
552.0 0.0015921175872790627
553.0 0.0013262427273730282
554.0 0.0010603674127196427
555.0 0.001006988895824179
556.0 0.000953610197029775
557.0 0.0013240508451417554
558.0 0.0016944914023042656
559.0 0.001768761285347864
560.0 0.001843030986492522
561.0 0.0016471332855871879
562.0 0.0014512354937323835
563.0 0.00119547739814152
564.0 0.0009397193025506567
565.0 0.0017873868273454718
566.0 0.0026350546249886975
567.0 0.002962115831905976
568.0 0.0032891770388232544
569.0 0.0030220378903322853
570.0 0.0027548987418413162
571.0 0.0026026284103863873
572.0 0.0024503575332346372
573.0 0.0020014529582113028
574.0 0.001552548746985849
575.0 0.001969743061636109
576.0 0.0023869371943874285
577.0 0.0019940021957154386
578.0 0.0016010677427402698
579.0 0.0016687587049091235
580.0 0.0017364494851790369
581.0 0.001569900632603094
582.0 0.0014033515981282108
583.0 0.0018482753148418851
584.0 0.0022931990315555595
585.0 0.0025458446543780155
586.0 0.002798490459099412
587.0 0.0022255417206906714
588.0 0.0016525928003829904
589.0 0.002221742397523485
590.0 0.00279089199466398
591.0 0.0019322349544381723
592.0 0.0010735777323134243
593.0 0.00082686829045997
594.0 0.0005801586212328402
595.0 0.0010335050319554284
596.0 0.0014868513062538113
597.0 0.0013646632396557834
598.0 0.0012424750821082853
599.0 0.000906009336176794
600.0 0.0005695435902453028
601.0 0.0005036602487962227
602.0 0.00043777672544820234
603.0 0.00096090234364965
604.0 0.0014840275071037468
605.0 0.0009426100405107718
606.0 0.0004011923465441214
607.0 0.0007703441042394843
608.0 0.0011394959074095823
609.0 0.001161256841442082
610.0 0.0011830175935756415
611.0 0.0010020632544183172
612.0 0.0008211088243115228
613.0 0.0007820231076038908
614.0 0.000742937436370994
615.0 0.001175425586552592
616.0 0.0016079140550573356
617.0 0.002113155642291531
618.0 0.0026183972295257263
619.0 0.0021714084141422063
620.0 0.0017244192349608056
621.0 0.0014843079952697735
622.0 0.0012441963917808607
623.0 0.0015677735063945875
624.0 0.0018913506210083142
625.0 0.001657379289099481
626.0 0.001423408139089588
627.0 0.0018747397916740738
628.0 0.0023260719899553806
629.0 0.00215882664633682
630.0 0.0019915813027182594
631.0 0.0017865670088212937
632.0 0.0015815525330253877
633.0 0.0018878557966672815
634.0 0.0021941592422081158
635.0 0.005156214319868013
636.0 0.00811826903373003
637.0 0.015376831288449466
638.0 0.022635396453551948
639.0 0.019671711197588593
640.0 0.016708024486433715
641.0 0.014493365597445518
642.0 0.012278709618840367
643.0 0.009822654101299122
644.0 0.0073666000389494
645.0 0.0066517910454422235
646.0 0.005936982779530808
647.0 0.005416432395577431
648.0 0.004895881284028292
649.0 0.004039675332023762
650.0 0.0031834697438171133
651.0 0.00361208149115555
652.0 0.004040693238493986
653.0 0.003239632860640995
654.0 0.0024385723008890636
655.0 0.002715242953854613
656.0 0.002991913970618043
657.0 0.002918763129855506
658.0 0.002845611743396148
659.0 0.0026875924959313124
660.0 0.0025295736122643575
661.0 0.0026705407435656525
662.0 0.002811507692968007
663.0 0.0019643533960334025
664.0 0.0011171989171998575
665.0 0.0015892333976808004
666.0 0.0020612680600606836
667.0 0.002353395029786043
668.0 0.0026455221814103425
669.0 0.0019626733774202876
670.0 0.0012798245734302327
671.0 0.000954762344917981
672.0 0.0006297002073551994
673.0 0.0013035543815931305
674.0 0.001977408828679472
675.0 0.0020405333998496644
676.0 0.0021036579710198566
677.0 0.0018746855857898481
678.0 0.0016457126548630185
679.0 0.001385208815918304
680.0 0.0011247049769735895
681.0 0.0012178998986200895
682.0 0.0013110947293171193
683.0 0.0024234612283180468
684.0 0.0035358280001673847
685.0 0.0028909542379551567
686.0 0.0022460810214397497
687.0 0.001663634247961454
688.0 0.001081187292584218
689.0 0.0014499392818834167
690.0 0.001818691089283675
691.0 0.0021665120584657416
692.0 0.002514332845748868
693.0 0.0028502725399448536
694.0 0.0031862124160397798
695.0 0.0033271928259637207
696.0 0.003468172872089781
697.0 0.0037664533010683954
698.0 0.00406473373004701
699.0 0.005959338159300387
700.0 0.007853942224755883
701.0 0.007377078145509586
702.0 0.006900213338667527
703.0 0.006347455928334966
704.0 0.005794700336991809
705.0 0.005133997547090985
706.0 0.004473295484785922
707.0 0.00425360631197691
708.0 0.004033916775370017
709.0 0.0042956155084539205
710.0 0.0045573138777399436
711.0 0.004012137287645601
712.0 0.0034669610613491386
713.0 0.002490863698767498
714.0 0.0015147663361858577
715.0 0.0021930578441242687
716.0 0.00287134953396162
717.0 0.002463100099703297
718.0 0.002054850301647093
719.0 0.0016288142433040775
720.0 0.0012027778211631812
721.0 0.0011416006600484252
722.0 0.0010804230441863183
723.0 0.0010227995517197996
724.0 0.0009651761502027512
725.0 0.0012481343219405971
726.0 0.0015310928574763238
727.0 0.001659287590882741
728.0 0.0017874821423902176
729.0 0.0018132332115783356
730.0 0.0018389842807664536
731.0 0.001365996831736993
732.0 0.0008930094736570027
733.0 0.0009446674994251225
734.0 0.0009963255251932424
735.0 0.0010777734132716432
736.0 0.0011592210285016336
737.0 0.0013360052435018588
738.0 0.0015127891856536735
739.0 0.0011778390216932166
740.0 0.0008428886758338194
741.0 0.0010291949365637265
742.0 0.0012155010153946932
743.0 0.0016051140846684575
744.0 0.001994726699194871
745.0 0.0013718061381950974
746.0 0.0007488853952963836
747.0 0.0012398705621308181
748.0 0.001730855910864193
749.0 0.002430160020594485
750.0 0.003129463948425837
751.0 0.003080149326706305
752.0 0.003030834523087833
753.0 0.0029538779926951975
754.0 0.002876921644201502
755.0 0.0019141332813887857
756.0 0.0009513447366771288
757.0 0.001855397567851469
758.0 0.0027594505809247494
759.0 0.002680574652913492
760.0 0.002601698724902235
761.0 0.004528191493591294
762.0 0.006454683898482472
763.0 0.0058517249271972105
764.0 0.005248765955911949
765.0 0.005319759657140821
766.0 0.005390754085965455
767.0 0.0046739893150515854
768.0 0.003957223816541955
769.0 0.003507307337713428
770.0 0.003057391950278543
771.0 0.003945919161196798
772.0 0.0048344460083171725
773.0 0.004114634430152364
774.0 0.003394822488189675
775.0 0.04098839999642223
776.0 0.05009961314499378
777.0 1.7283993247046991e-10
778.0 1.7283993247046991e-10
779.0 1.7283993247046991e-10
780.0 1.7283993247046991e-10
781.0 0.08431024034507573
782.0 1.7283993247046991e-10
783.0 0.06200387724675238
784.0 1.7283993247046991e-10
785.0 0.006704367115162313
786.0 0.07765701157040894
787.0 0.007728627679171041
788.0 0.06583145586773753
789.0 1.7283993247046991e-10
790.0 0.06761066615581512
791.0 0.00369737645087298
792.0 0.005255918586044572
793.0 0.04078831698279828
794.0 0.12640455970540643
795.0 0.11609654175117612
796.0 0.0055063261243049055
797.0 1.7283993247046991e-10
798.0 0.13857341837137938
799.0 0.28833826072514057
800.0 0.4248136654496193
801.0 0.5846954882144928
802.0 1.1726449243724346
803.0 1.8853113055229187
804.0 3.2221704721450806
805.0 4.875355586409569
806.0 6.782703101634979
807.0 9.38538983464241
808.0 12.104719877243042
809.0 15.302099287509918
810.0 18.586669862270355
811.0 21.94100171327591
812.0 25.314778089523315
813.0 29.398781061172485
814.0 33.96048545837402
815.0 39.53139781951904
816.0 45.54167985916138
817.0 52.12758779525757
818.0 58.953601121902466
819.0 65.65941572189331
820.0 73.21310639381409
821.0 79.894357919693
822.0 85.16196012496948
823.0 88.90355825424194
824.0 92.65366196632385
825.0 95.87961435317993
826.0 96.84804081916809
827.0 97.70410060882568
828.0 99.02412295341492
829.0 99.04323220252991
830.0 98.31412434577942
831.0 99.13275241851807
832.0 98.55769276618958
833.0 99.41092729568481
834.0 98.04930090904236
835.0 98.94737601280212
836.0 98.64062070846558
837.0 98.6013650894165
838.0 97.71280884742737
839.0 97.99018502235413
840.0 98.70675802230835
841.0 98.81008267402649
842.0 99.0919828414917
843.0 99.50220584869385
844.0 97.93665409088135
845.0 98.17701578140259
846.0 98.53988289833069
847.0 98.63854050636292
848.0 99.61297512054443
849.0 98.98006916046143
850.0 98.288094997406
851.0 99.14340376853943
852.0 99.28650856018066
853.0 98.52127432823181
854.0 99.86912608146667
855.0 98.18723201751709
856.0 98.51441383361816
857.0 97.42696285247803
858.0 98.81036877632141
859.0 99.0251898765564
860.0 98.4961211681366
861.0 98.77578020095825
862.0 98.53938221931458
863.0 98.22370409965515
864.0 99.3090271949768
865.0 99.47546720504761
866.0 98.36133122444153
867.0 99.34125542640686
868.0 99.65096712112427
869.0 98.87050986289978
870.0 98.05814623832703
871.0 98.76865148544312
872.0 99.11097884178162
873.0 98.99898767471313
874.0 99.58762526512146
875.0 98.72329235076904
876.0 99.16650056838989
877.0 99.6237576007843
878.0 98.87365698814392
879.0 98.66273403167725
880.0 98.68783354759216
881.0 99.76907968521118
882.0 98.38051795959473
883.0 98.73268604278564
884.0 99.12970662117004
885.0 98.74325394630432
886.0 98.58734011650085
887.0 98.54896664619446
888.0 98.99370074272156
889.0 99.33057427406311
890.0 98.01635146141052
891.0 99.11032319068909
892.0 98.77249598503113
893.0 98.50095510482788
894.0 98.05716276168823
895.0 99.55993890762329
