lsstCam/transmission_filter_detector/r03_s00/z_20/19700101T000000.ecsv
# %ECSV 1.0
# ---
# datatype:
# - {name: wavelength, unit: nm, datatype: float32}
# - {name: efficiency, unit: '%', datatype: float64}
# meta: !!omap
# - {MODE: DETECTOR}
# - {TYPE: transmission_filter_detector}
# - {CALIBDATE: '1970-01-01T00:00:00'}
# - {INSTRUME: LSSTCam}
# - {OBSTYPE: transmission_filter_detector}
# - {CALIBCLS: lsst.ip.isr.IntermediateFilterDetectorTransmissionCurve}
# - {SOURCE: Materion (DM-46256)}
# - {DETECTOR: 18}
# - {FILTER: z_20}
# - {CALIB_ID: 'calibDate=1970-01-01T00:00:00 filter=z_20 detector=18'}
# - {DATE: '2025-04-02T15:59:48.717848'}
# - {CALIB_CREATION_DATE: '2025-04-02'}
# - {CALIB_CREATION_TIME: '15:59:48'}
# - __serialized_columns__:
#     efficiency:
#       __class__: astropy.units.quantity.Quantity
#       unit: !astropy.units.Unit {unit: '%'}
#       value: !astropy.table.SerializedColumn {name: efficiency}
#     wavelength:
#       __class__: astropy.units.quantity.Quantity
#       unit: !astropy.units.Unit {unit: nm}
#       value: !astropy.table.SerializedColumn {name: wavelength}
# schema: astropy-2.0
wavelength efficiency
[from data line 597]
897.0 98.81250858306885
898.0 98.69692325592041
899.0 98.33402037620544
900.0 98.6457347869873
901.0 98.87279868125916
902.0 98.92815947532654
903.0 98.15444946289062
904.0 97.48536348342896
905.0 98.6011266708374
906.0 97.81522154808044
907.0 98.54419827461243
908.0 98.11156988143921
909.0 97.72703647613525
910.0 97.62588143348694
911.0 96.60493731498718
912.0 95.6585705280304
913.0 94.27573084831238
914.0 91.96519255638123
915.0 90.03060460090637
916.0 87.29761242866516
917.0 86.20893955230713
918.0 82.40550756454468
919.0 81.1953067779541
920.0 77.867192029953
921.0 73.49011898040771
922.0 68.65708231925964
923.0 62.75426149368286
924.0 57.212573289871216
925.0 51.673489809036255
926.0 45.300257205963135
927.0 37.904271483421326
928.0 31.97307288646698
929.0 25.700047612190247
930.0 20.344145596027374
931.0 15.24263620376587
932.0 10.253564268350601
933.0 6.573865562677383
934.0 3.9169661700725555
935.0 2.4351224303245544
936.0 1.3347924686968327
937.0 0.9343217127025127
938.0 0.534310657531023
939.0 0.4121556878089905
940.0 0.15119119780138135
941.0 1.7283993247046991e-10
942.0 0.2546127187088132
943.0 0.15102106845006347
944.0 0.07026686216704547
945.0 1.7283993247046991e-10
946.0 0.009989777026930824
947.0 1.7283993247046991e-10
948.0 1.7283993247046991e-10
949.0 0.04524585965555161
950.0 1.7283993247046991e-10
951.0 1.7283993247046991e-10
952.0 1.7283993247046991e-10
953.0 1.7283993247046991e-10
954.0 0.04398193850647658
955.0 1.7283993247046991e-10
956.0 0.0270254589850083
957.0 1.7283993247046991e-10
958.0 0.034481671173125505
959.0 1.7283993247046991e-10
960.0 1.7283993247046991e-10
961.0 1.7283993247046991e-10
962.0 1.7283993247046991e-10
963.0 0.009240944928023964
964.0 0.016557372873649
965.0 1.7283993247046991e-10
966.0 0.022270721092354506
967.0 0.053204764844849706
968.0 1.7283993247046991e-10
969.0 1.7283993247046991e-10
970.0 1.7283993247046991e-10
971.0 0.07046011742204428
972.0 1.7283993247046991e-10
973.0 1.7283993247046991e-10
974.0 1.7283993247046991e-10
975.0 1.7283993247046991e-10
976.0 0.006311407923931256
977.0 0.006276458589127287
978.0 0.006241511437110603
979.0 0.006041870074113831
980.0 0.005842227255925536
981.0 0.0057189179642591625
982.0 0.00559560940018855
983.0 0.005492196578416042
984.0 0.005388784484239295
985.0 0.00512923434143886
986.0 0.004869683471042663
987.0 0.004828097007703036
988.0 0.004786510180565529
989.0 0.004685834937845357
990.0 0.004585160422720946
991.0 0.004695448660640977
992.0 0.00480573762615677
993.0 0.004781478855875321
994.0 0.004757219721795991
995.0 0.004707051994046196
996.0 0.004656884266296402
997.0 0.004466072641662322
998.0 0.004275261380826123
999.0 0.004264156450517476
1000.0 0.004253051520208828
1001.0 0.0043964999349555
1002.0 0.004539947985904291
1003.0 0.0044581203837879
1004.0 0.004376292781671509
1005.0 0.004203984281048179
1006.0 0.004031675780424848
1007.0 0.004118508877581917
1008.0 0.004205341974738985
1009.0 0.004300276850699447
1010.0 0.004395211362862028
1011.0 0.0044136955693829805
1012.0 0.0044321801397018135
1013.0 0.004259574052412063
1014.0 0.004086967965122312
1015.0 0.004305369657231495
1016.0 0.0045237709855427966
1017.0 0.004775587876792997
1018.0 0.005027405131841078
1019.0 0.0048314846935682
1020.0 0.004635564619093202
1021.0 0.00459966468042694
1022.0 0.004563764377962798
1023.0 0.004506014374783263
1024.0 0.004448264007805847
1025.0 0.004604631612892263
1026.0 0.004760998854180798
1027.0 0.004703250669990666
1028.0 0.0046455024858005345
1029.0 0.004592478580889292
1030.0 0.004539455403573811
1031.0 0.0046948192903073505
1032.0 0.004850183540838771
1033.0 0.004863738286076114
1034.0 0.004877293395111337
1035.0 0.005117580076330341
1036.0 0.0053578667575493455
1037.0 0.005437478466774337
1038.0 0.005517089812201448
1039.0 0.005400012378231622
1040.0 0.005282934216666035
1041.0 0.005627356222248636
1042.0 0.005971778591629118
1043.0 0.0054439300583908334
1044.0 0.00491608188895043
1045.0 0.005638301445287652
1046.0 0.006360520637826994
1047.0 0.0060800881328759715
1048.0 0.005799654536531307
1049.0 0.00585617235628888
1050.0 0.005912690539844334
1051.0 0.006172138819238171
1052.0 0.006431589281419292
1053.0 0.006575734732905403
1054.0 0.006719881639583036
1055.0 0.007429529068758711
1056.0 0.008139177953125909
1057.0 0.007843169441912323
1058.0 0.007547161658294499
1059.0 0.007637372618773952
1060.0 0.007727581396466121
1061.0 0.008239861926995218
1062.0 0.008752142457524315
1063.0 0.008793243614491075
1064.0 0.008834345499053597
1065.0 0.008841526141623035
1066.0 0.008848708966979757
1067.0 0.009134256833931431
1068.0 0.009419806156074628
1069.0 0.010102937812916934
1070.0 0.01078606946975924
1071.0 0.010604235285427421
1072.0 0.010422401101095602
1073.0 0.010723440936999395
1074.0 0.011024482228094712
1075.0 0.011343552614562213
1076.0 0.01166262591141276
1077.0 0.011646444181678817
1078.0 0.01163026099675335
1079.0 0.012884785246569663
1080.0 0.014139310223981738
1081.0 0.014073931379243731
1082.0 0.014008553989697248
1083.0 0.013905162631999701
1084.0 0.013801772729493678
1085.0 0.014181315782479942
1086.0 0.014560863201040775
1087.0 0.014727211964782327
1088.0 0.014893563638906926
1089.0 0.016568356659263372
1090.0 0.018243146769236773
1091.0 0.017811337602324784
1092.0 0.017379522614646703
1093.0 0.017150196072179824
1094.0 0.016920865164138377
1095.0 0.018040997383650392
1096.0 0.01916113105835393
1097.0 0.01972514291992411
1098.0 0.02028915478149429
1099.0 0.0223094699322246
1100.0 0.024329780717380345
1101.0 0.02428165898891166
1102.0 0.02423353580525145
1103.0 0.025837423163466156
1104.0 0.027441303245723248
1105.0 0.027281910297460854
1106.0 0.027122514438815415
1107.0 0.02803344978019595
1108.0 0.028944382211193442
1109.0 0.030051101930439472
1110.0 0.031157824560068548
1111.0 0.03161204804200679
1112.0 0.03206627443432808
1113.0 0.032949764863587916
1114.0 0.033833261113613844
1115.0 0.03343624994158745
1116.0 0.0330392416799441
1117.0 0.03420411376282573
1118.0 0.0353689887560904
1119.0 0.038077650242485106
1120.0 0.04078630590811372
1121.0 0.04201855917926878
1122.0 0.04325081536080688
1123.0 0.042924442095682025
1124.0 0.04259806883055717
1125.0 0.04400893812999129
1126.0 0.045419810339808464
1127.0 0.049195782048627734
1128.0 0.052971759578213096
1129.0 0.05616059643216431
1130.0 0.05934943328611553
1131.0 0.05933538777753711
1132.0 0.059321330627426505
1133.0 0.06342267733998597
1134.0 0.06752401823177934
1135.0 0.0639581005088985
1136.0 0.060392176965251565
1137.0 0.06724869599565864
1138.0 0.0741052208468318
1139.0 0.07730185752734542
1140.0 0.08049844764173031
1141.0 0.08970042108558118
1142.0 0.09890237124636769
1143.0 0.11718934401869774
1144.0 0.13547627022489905
1145.0 0.26595068629831076
1146.0 0.396425137296319
1147.0 0.8172130212187767
1148.0 1.2380009517073631
1149.0 1.4177764765918255
1150.0 1.5975529327988625
