lsstCam/transmission_filter_detector/r23_s21/g_6/19700101T000000.ecsv
# %ECSV 1.0
# ---
# datatype:
# - {name: wavelength, unit: nm, datatype: float32}
# - {name: efficiency, unit: '%', datatype: float64}
# meta: !!omap
# - {MODE: DETECTOR}
# - {TYPE: transmission_filter_detector}
# - {CALIBDATE: '1970-01-01T00:00:00'}
# - {INSTRUME: LSSTCam}
# - {OBSTYPE: transmission_filter_detector}
# - {CALIBCLS: lsst.ip.isr.IntermediateFilterDetectorTransmissionCurve}
# - {SOURCE: Materion (DM-46256)}
# - {DETECTOR: 106}
# - {FILTER: g_6}
# - {CALIB_ID: 'calibDate=1970-01-01T00:00:00 filter=g_6 detector=106'}
# - {DATE: '2025-04-02T15:59:42.519003'}
# - {CALIB_CREATION_DATE: '2025-04-02'}
# - {CALIB_CREATION_TIME: '15:59:42'}
# - __serialized_columns__:
#     efficiency:
#       __class__: astropy.units.quantity.Quantity
#       unit: !astropy.units.Unit {unit: '%'}
#       value: !astropy.table.SerializedColumn {name: efficiency}
#     wavelength:
#       __class__: astropy.units.quantity.Quantity
#       unit: !astropy.units.Unit {unit: nm}
#       value: !astropy.table.SerializedColumn {name: wavelength}
# schema: astropy-2.0
wavelength efficiency
[from data line 608]
908.0 0.0004740471467812313
909.0 0.00042508577280386817
910.0 0.0004155923306825571
911.0 0.000406098888561246
912.0 0.0004865547907684231
913.0 0.0005670106475008652
914.0 0.0005546193278860301
915.0 0.0005422279627964599
916.0 0.00039657202250964474
917.0 0.00025091608222282957
918.0 0.00034911720376840094
919.0 0.0004473183253139723
920.0 0.0005084432814328466
921.0 0.0005695682830264559
922.0 0.0005241193321126048
923.0 0.0004786703357240185
924.0 0.00041939260881918017
925.0 0.00036011483643960673
926.0 0.00044045982576790266
927.0 0.0005208048605709337
928.0 0.0005591658464254579
929.0 0.0005975269232294522
930.0 0.0005387328656070167
931.0 0.00047993867156037595
932.0 0.0004721301593235694
933.0 0.0004643216925614979
934.0 0.00047393423301400617
935.0 0.0004835467734665144
936.0 0.0005722083187720273
937.0 0.0006608699550270103
938.0 0.0007203856966953026
939.0 0.0007799017112120055
940.0 0.0007199932952062227
941.0 0.000660084924675175
942.0 0.0006878372460050741
943.0 0.0007155896128097083
944.0 0.0007395601642201655
945.0 0.0007635307156306226
946.0 0.0009263704669137951
947.0 0.0010892102181969676
948.0 0.000943982922763098
949.0 0.0007987556273292284
950.0 0.000854646168590989
951.0 0.0009105366189032793
952.0 0.00099934586614836
953.0 0.0010881550224439707
954.0 0.0009331838555226568
955.0 0.0007782125067024026
956.0 0.0007391472536255606
957.0 0.0007000820005487185
958.0 0.0007396834462269908
959.0 0.0007792848919052631
960.0 0.0007940871000755578
961.0 0.0008088892172963824
962.0 0.0007262013241415843
963.0 0.0006435134764615213
964.0 0.0005558154953178018
965.0 0.00046811733227514196
966.0 0.0005647152647725306
967.0 0.0006613131517951842
968.0 0.0007024459137028316
969.0 0.0007435786301357439
970.0 0.0006982478680583881
971.0 0.0006529170605062973
972.0 0.0007956730769365095
973.0 0.0009384291843161918
974.0 0.0009176040293823462
975.0 0.0008967789653979708
976.0 0.0008471182809444144
977.0 0.0007974576874403283
978.0 0.000879125036590267
979.0 0.0009607923857402056
980.0 0.0010362979082856327
981.0 0.0011118033398815896
982.0 0.0010822779586305842
983.0 0.0010527525773795787
984.0 0.0011776554856623989
985.0 0.0013025584848946892
986.0 0.0012749398592859507
987.0 0.0012473213246266823
988.0 0.0012681222870014608
989.0 0.001288923158426769
990.0 0.0012912118108943105
991.0 0.0012935003724123817
992.0 0.0012620682355191093
993.0 0.001230636098625837
994.0 0.0012598880857694894
995.0 0.001289140072913142
996.0 0.001250549394171685
997.0 0.001211958715430228
998.0 0.0012172779861430172
999.0 0.0012225974387547467
1000.0 0.0011666666978271678
1001.0 0.0011107356840511784
1002.0 0.0012091805729141925
1003.0 0.0013076253708277363
1004.0 0.0013053284419584088
1005.0 0.0013030315130890813
1006.0 0.0014191663467499893
1007.0 0.0015353012713603675
1008.0 0.0015582863852614537
1009.0 0.0015812716810614802
1010.0 0.0016406856957473792
1011.0 0.0017000998923322186
1012.0 0.0018026199541054666
1013.0 0.0019051398339797743
1014.0 0.0020949550162185915
1015.0 0.0022847701984574087
1016.0 0.002584637149993796
1017.0 0.0028845037377323024
1018.0 0.003045048470085021
1019.0 0.00320559338433668
1020.0 0.003386185926501639
1021.0 0.003566778468666598
1022.0 0.0037572528526652604
1023.0 0.003947727236663923
1024.0 0.004132678805035539
1025.0 0.0043176300096092746
1026.0 0.004567383439280093
1027.0 0.004817136868950911
1028.0 0.0050368693337077275
1029.0 0.005256602162262425
1030.0 0.005162759407539852
1031.0 0.005068916652817279
1032.0 0.005290778062772006
1033.0 0.0055126394727267325
1034.0 0.005574854367296211
1035.0 0.00563706926186569
1036.0 0.005645564669976011
1037.0 0.005654059714288451
1038.0 0.005874575435882434
1039.0 0.006095091157476418
1040.0 0.006229098653420806
1041.0 0.006363105785567313
1042.0 0.0066710286773741245
1043.0 0.006978952296776697
1044.0 0.007441810885211453
1045.0 0.007904669473646209
1046.0 0.008832612365949899
1047.0 0.009760554530657828
1048.0 0.010984019900206476
1049.0 0.012207485269755125
1050.0 0.014705715875606984
1051.0 0.017203946481458843
1052.0 0.02086958265863359
1053.0 0.024535218835808337
1054.0 0.029570457991212606
1055.0 0.03460570005699992
1056.0 0.041240418795496225
1057.0 0.04787513753399253
1058.0 0.055892986711114645
1059.0 0.06391084170900285
1060.0 0.07214408833533525
1061.0 0.08037733496166766
1062.0 0.088305096141994
1063.0 0.09623283403925598
1064.0 0.10340237058699131
1065.0 0.11057188967242837
1066.0 0.11800529900938272
1067.0 0.12543871998786926
1068.0 0.1338463742285967
1069.0 0.1422540401108563
1070.0 0.15203574439510703
1071.0 0.1618174253962934
1072.0 0.17154064262285829
1073.0 0.18126385984942317
1074.0 0.1920394948683679
1075.0 0.20281514152884483
1076.0 0.2139638178050518
1077.0 0.2251125406473875
1078.0 0.23632124066352844
1079.0 0.24752991739660501
1080.0 0.26363462675362825
1081.0 0.2797393128275871
1082.0 0.30545874033123255
1083.0 0.33117816783487797
1084.0 0.3740629181265831
1085.0 0.41694766841828823
1086.0 0.45461799018085003
1087.0 0.4922882653772831
1088.0 0.5558004137128592
1089.0 0.6193125620484352
1090.0 0.6992351729422808
1091.0 0.7791578304022551
1092.0 0.8199235424399376
1093.0 0.8606892079114914
1094.0 0.9096560068428516
1095.0 0.9586228057742119
1096.0 1.023460365831852
1097.0 1.0882977396249771
1098.0 1.1860653758049011
1099.0 1.2838331051170826
1100.0 1.4682642184197903
1101.0 1.6526954248547554
