lsstCam/transmission_filter_detector/r23_s21/g_6/19700101T000000.ecsv
# %ECSV 1.0
# ---
# datatype:
# - {name: wavelength, unit: nm, datatype: float32}
# - {name: efficiency, unit: '%', datatype: float64}
# meta: !!omap
# - {MODE: DETECTOR}
# - {TYPE: transmission_filter_detector}
# - {CALIBDATE: '1970-01-01T00:00:00'}
# - {INSTRUME: LSSTCam}
# - {OBSTYPE: transmission_filter_detector}
# - {CALIBCLS: lsst.ip.isr.IntermediateFilterDetectorTransmissionCurve}
# - {SOURCE: Materion (DM-46256)}
# - {DETECTOR: 106}
# - {FILTER: g_6}
# - {CALIB_ID: 'calibDate=1970-01-01T00:00:00 filter=g_6 detector=106'}
# - {DATE: '2025-04-02T15:59:42.519003'}
# - {CALIB_CREATION_DATE: '2025-04-02'}
# - {CALIB_CREATION_TIME: '15:59:42'}
# - __serialized_columns__:
#     efficiency:
#       __class__: astropy.units.quantity.Quantity
#       unit: !astropy.units.Unit {unit: '%'}
#       value: !astropy.table.SerializedColumn {name: efficiency}
#     wavelength:
#       __class__: astropy.units.quantity.Quantity
#       unit: !astropy.units.Unit {unit: nm}
#       value: !astropy.table.SerializedColumn {name: wavelength}
# schema: astropy-2.0
wavelength efficiency
300.0 0.39841500110924244
301.0 0.3233368508517742
302.0 0.24825867731124163
303.0 0.2380676567554474
304.0 0.22787663619965315
305.0 0.22082035429775715
306.0 0.21376409567892551
307.0 0.21581691689789295
308.0 0.21786971483379602
309.0 0.21111872047185898
310.0 0.2043677493929863
311.0 0.2002686494961381
312.0 0.1961695495992899
313.0 0.1871111453510821
314.0 0.17805274110287428
315.0 0.1784216263331473
316.0 0.17879053484648466
317.0 0.17466879216954112
318.0 0.17054707277566195
319.0 0.16118143685162067
320.0 0.15181578928604722
321.0 0.14172274386510253
322.0 0.13162971008569002
323.0 0.11762857902795076
324.0 0.1036274479702115
325.0 0.0921595434192568
326.0 0.0806916388683021
327.0 0.07273124065250158
328.0 0.06477084243670106
329.0 0.06153025315143168
330.0 0.0582896638661623
331.0 0.054000894306227565
332.0 0.04971212474629283
333.0 0.04690621863119304
334.0 0.044100312516093254
335.0 0.042236410081386566
336.0 0.04037250473629683
337.0 0.040680376696400344
338.0 0.04098824574612081
339.0 0.040091315167956054
340.0 0.0391943845897913
341.0 0.03735507489182055
342.0 0.0355157651938498
343.0 0.0324117107084021
344.0 0.029307656222954392
345.0 0.02611543459352106
346.0 0.02292321005370468
347.0 0.021319671941455454
348.0 0.019716132374014705
349.0 0.017957364616449922
350.0 0.75959712266922
351.0 1.1305619962513447
352.0 0.8148116059601307
353.0 1.0630704462528229
354.0 0.8721421472728252
355.0 1.043072436004877
356.0 0.7064257748425007
357.0 0.8903400972485542
358.0 0.7052518893033266
359.0 0.9496284648776054
360.0 0.604941276833415
361.0 0.8367069065570831
362.0 0.4682378377765417
363.0 0.7425859104841948
364.0 0.5957056302577257
365.0 0.8078179322183132
366.0 0.5327328108251095
367.0 0.7390582468360662
368.0 0.5484141875058413
369.0 0.7136103697121143
370.0 0.41444101370871067
371.0 0.5373240448534489
372.0 0.36763253156095743
373.0 0.6344849243760109
374.0 0.37045134231448174
375.0 0.582818640395999
376.0 0.40041618049144745
377.0 0.5335732363164425
378.0 0.4204776603728533
379.0 0.5426736548542976
380.0 0.49772714264690876
381.0 0.5411353893578053
382.0 0.5755422171205282
383.0 0.5590018816292286
384.0 0.5549619905650616
385.0 0.5860022269189358
386.0 0.6765429396182299
387.0 0.752271618694067
388.0 0.9550755843520164
389.0 1.1893774382770061
390.0 1.7402980476617813
391.0 2.6423560455441475
392.0 4.192617163062096
393.0 6.735792756080627
394.0 10.097241401672363
395.0 14.83457088470459
396.0 20.55356800556183
397.0 27.840733528137207
398.0 36.37155890464783
399.0 45.63603401184082
400.0 55.17259240150452
401.0 64.33306336402893
402.0 72.70944118499756
403.0 79.96089458465576
404.0 85.37396192550659
405.0 89.44188952445984
406.0 91.7343020439148
407.0 93.59374642372131
408.0 94.74348425865173
409.0 95.32328844070435
410.0 95.48851251602173
411.0 95.30932903289795
412.0 94.92708444595337
413.0 94.68927383422852
414.0 94.52921748161316
415.0 94.68485116958618
416.0 95.00834941864014
417.0 95.37891149520874
418.0 95.86304426193237
419.0 96.49592638015747
420.0 97.0393419265747
421.0 97.66020774841309
422.0 97.77042269706726
423.0 97.91387915611267
424.0 97.77854084968567
425.0 97.63897657394409
426.0 97.63213992118835
427.0 97.64570593833923
428.0 97.44016528129578
429.0 97.21189737319946
430.0 97.04585671424866
431.0 97.06474542617798
432.0 97.06661105155945
433.0 97.15681672096252
434.0 97.30021357536316
435.0 97.41237759590149
436.0 97.47704863548279
437.0 97.41390347480774
438.0 97.52081632614136
439.0 97.57415056228638
440.0 97.54958152770996
441.0 97.71960973739624
442.0 97.64135479927063
443.0 97.68251776695251
444.0 97.58686423301697
445.0 97.36359119415283
446.0 97.25514054298401
447.0 97.04945683479309
448.0 97.10543751716614
449.0 97.33197093009949
450.0 97.62629866600037
451.0 97.80906438827515
452.0 98.02321791648865
453.0 98.11064600944519
454.0 98.1000006198883
455.0 98.34368824958801
456.0 98.41305017471313
457.0 98.58420491218567
458.0 98.54173064231873
459.0 98.68938326835632
460.0 98.63738417625427
461.0 98.84495139122009
462.0 98.72055649757385
463.0 98.67016077041626
464.0 98.77216815948486
465.0 98.7165629863739
466.0 98.72428178787231
467.0 98.71189594268799
468.0 98.76629710197449
469.0 98.78213405609131
470.0 98.66214990615845
471.0 98.54492545127869
472.0 98.5777497291565
473.0 98.43434691429138
474.0 98.30794930458069
475.0 98.38789105415344
476.0 98.35066199302673
477.0 98.42013716697693
478.0 98.50622415542603
479.0 98.4362542629242
480.0 98.6041247844696
481.0 98.70392680168152
482.0 98.87670874595642
483.0 98.763906955719
484.0 98.92589449882507
485.0 98.95509481430054
486.0 98.9697277545929
487.0 99.01408553123474
488.0 98.97997975349426
489.0 99.12588000297546
490.0 99.0122377872467
491.0 99.03907179832458
492.0 98.947674036026
493.0 98.91272187232971
494.0 98.88295531272888
495.0 98.92660975456238
496.0 98.76567721366882
497.0 98.70330691337585
498.0 98.48406910896301
499.0 98.54527115821838
500.0 98.48225116729736
501.0 98.44114780426025
502.0 98.32916855812073
503.0 98.48523139953613
504.0 98.30849766731262
505.0 98.29952716827393
506.0 98.39922189712524
507.0 98.33951592445374
508.0 98.34021329879761
509.0 98.3256995677948
510.0 98.26681017875671
511.0 98.23049306869507
512.0 98.19623231887817
513.0 98.2625961303711
514.0 98.28259944915771
515.0 98.26706051826477
516.0 98.36531281471252
517.0 98.36536049842834
518.0 98.41898083686829
519.0 98.45503568649292
520.0 98.49550724029541
521.0 98.61971735954285
522.0 98.64957928657532
523.0 98.61814975738525
524.0 98.66940379142761
525.0 98.64686727523804
526.0 98.71695041656494
527.0 98.74334931373596
528.0 98.83944392204285
529.0 98.92147183418274
530.0 98.9744246006012
531.0 99.10430312156677
532.0 98.95879030227661
533.0 98.9151656627655
534.0 98.94018173217773
535.0 98.77137541770935
536.0 98.38874340057373
537.0 97.84215092658997
538.0 97.00685143470764
539.0 95.59698104858398
540.0 93.7825620174408
541.0 91.03668928146362
542.0 88.16308975219727
543.0 84.44661498069763
544.0 79.67342138290405
545.0 75.52274465560913
546.0 70.48097848892212
547.0 65.83357453346252
548.0 61.22406721115112
549.0 57.14868903160095
550.0 53.94541025161743
551.0 50.85082650184631
552.0 48.507946729660034
553.0 46.02255821228027
554.0 43.11763644218445
555.0 39.8453414440155
556.0 35.527974367141724
557.0 30.508816242218018
558.0 25.054296851158142
559.0 19.676363468170166
560.0 14.515772461891174
561.0 9.83617976307869
562.0 6.270290166139603
563.0 3.6828193813562393
564.0 2.0016659051179886
565.0 0.9856155142188072
566.0 0.5129580851644278
567.0 0.27422597631812096
568.0 0.1654480234719813
569.0 0.1040429575368762
570.0 0.08440795936621726
571.0 0.05133438389748335
572.0 0.05875721690244973
573.0 0.04024282970931381
574.0 0.05005672574043274
575.0 0.033535194233991206
576.0 0.04184090066701174
577.0 0.020792514260392636
578.0 0.03400003770366311
579.0 0.029540594550780952
580.0 0.03530512913130224
581.0 0.02838580694515258
582.0 0.03109800163656473
583.0 0.02181251475121826
584.0 0.032182090217247605
585.0 0.016953978047240525
586.0 0.02704318903852254
587.0 0.01836319424910471
588.0 0.023498438531532884
589.0 0.014884573465678841
590.0 0.0150499094161205
591.0 0.011923793499590829
592.0 0.021376588847488165
593.0 0.011778553016483784
594.0 0.01903108786791563
595.0 0.005273097849567421
596.0 0.014483377162832767
597.0 0.01467036345275119
598.0 0.010680595732992515
599.0 0.014093278150539845
600.0 0.018019031267613173
601.0 0.0022324409655993804
602.0 0.0021552261387114413
603.0 0.002078010766126681
604.0 0.001894266824820079
605.0 0.001710523065412417
606.0 0.0018171804185840301
607.0 0.0019238379536545835
608.0 0.0018209681002190337
609.0 0.0017180980648845434
610.0 0.0018603324861032888
611.0 0.0020025669073220342
612.0 0.0018298256691196002
613.0 0.0016570844309171662
614.0 0.0016532014342374168
615.0 0.0016493186194566078
616.0 0.001611469815543387
617.0 0.001573620829731226
618.0 0.0016319620044669136
619.0 0.0016903033611015417
620.0 0.001600562609382905
621.0 0.001510822130512679
622.0 0.0015024646927486174
623.0 0.0014941069821361452
624.0 0.001459112718293909
625.0 0.0014241183635022026
626.0 0.0013782660971628502
627.0 0.0013324138308234978
628.0 0.0013943242265668232
629.0 0.0014562346223101486
630.0 0.0014050508070795331
631.0 0.0013538667190005071
632.0 0.0013551443771575578
633.0 0.0013564220353146084
634.0 0.001367343884339789
635.0 0.0013782653695670888
636.0 0.0013481504538503941
637.0 0.0013180355381336994
638.0 0.001155509744421579
639.0 0.0009929838597599883
640.0 0.0011076316695834976
641.0 0.0012222793884575367
642.0 0.0012452745068003424
643.0 0.0012682695341936778
644.0 0.0011579067177081015
645.0 0.0010475439012225252
646.0 0.0011958686627622228
647.0 0.0013441934243019205
648.0 0.0012942297871632036
649.0 0.0012442660590750165
650.0 0.0012455799151211977
651.0 0.0012468935892684385
652.0 0.0011903088307008147
653.0 0.0011337242540321313
654.0 0.0010790936357807368
655.0 0.001024463381327223
656.0 0.0010429809663037304
657.0 0.0010614988241286483
658.0 0.0010795652997330762
659.0 0.0010976319572364446
660.0 0.0010318718523194548
661.0 0.000966111747402465
662.0 0.0011155978427268565
663.0 0.0012650841199501883
664.0 0.0012027586308249738
665.0 0.0011404331416997593
666.0 0.0011144544259877875
667.0 0.001088475255528465
668.0 0.0011311536582070403
669.0 0.0011738321518350858
670.0 0.0011507300769153517
671.0 0.0011276278200966772
672.0 0.0011600819561863318
673.0 0.0011925360013265163
674.0 0.0010715939424699172
675.0 0.0009506517017143779
676.0 0.0010043521797342692
677.0 0.00105805238490575
678.0 0.001037411220750073
679.0 0.001016770056594396
680.0 0.0010244157238048501
681.0 0.0010320616638637148
682.0 0.0010748660315584857
683.0 0.0011176704902027268
684.0 0.0010617592124617659
685.0 0.0010058481166197453
686.0 0.000990451553661842
687.0 0.0009750549907039385
688.0 0.0010426908374938648
689.0 0.0011103265023848508
690.0 0.0011106736565125175
691.0 0.0011110209015896544
692.0 0.0011200292647117749
693.0 0.0011290376278338954
694.0 0.0012188453183625825
695.0 0.0013086529179417994
696.0 0.0012188546861580107
697.0 0.0011290562724752817
698.0 0.0011784341950260568
699.0 0.0012278120266273618
700.0 0.0011914789865841158
701.0 0.0011551458555913996
702.0 0.0012419541235431097
703.0 0.0013287623005453497
704.0 0.0011897312106157187
705.0 0.0010506999387871474
706.0 0.0010975312761729583
707.0 0.0011443626135587692
708.0 0.0011370023457857314
709.0 0.0011296420780126937
710.0 0.001144980615208624
711.0 0.001160319516202435
712.0 0.0012024205716443248
713.0 0.0012445216270862147
714.0 0.0012195767340017483
715.0 0.0011946320228162222
716.0 0.0014172628652886488
717.0 0.0016398937077610753
718.0 0.0018845756130758673
719.0 0.0021292577002895996
720.0 0.0018473660020390525
721.0 0.0015654741218895651
722.0 0.0015784302377142012
723.0 0.0015913865354377776
724.0 0.001754382719809655
725.0 0.0019173789041815326
726.0 0.0019641067410702817
727.0 0.00201083421416115
728.0 0.002116780888172798
729.0 0.002222727380285505
730.0 0.0022054242435842752
731.0 0.0021881212887819856
732.0 0.001910190076159779
733.0 0.0016322594092343934
734.0 0.0013708618098462466
735.0 0.0011094640285591595
736.0 0.0011198198080819566
737.0 0.0011301756785542239
738.0 0.0010375054444011766
739.0 0.00094483548309654
740.0 0.0009258900718123186
741.0 0.0009069446605280973
742.0 0.0009090002095035743
743.0 0.0009110559403779916
744.0 0.0009017916454467922
745.0 0.0008925273505155928
746.0 0.0007734216524113435
747.0 0.0006543159088323591
748.0 0.000803282000561012
749.0 0.0009522481377643999
750.0 0.0009337742085335776
751.0 0.0009153003702522255
752.0 0.0008830375008983538
753.0 0.0008507745405950118
754.0 0.000886894304130692
755.0 0.0009230140676663723
756.0 0.0008813135536911432
757.0 0.0008396132216148544
758.0 0.0008495893780491315
759.0 0.0008595656254328787
760.0 0.0008119915037241299
761.0 0.0007644172910659108
762.0 0.0007493584234907757
763.0 0.0007342996013903758
764.0 0.0007642513082828373
765.0 0.000794203151599504
766.0 0.000791806451161392
767.0 0.0007894096597738098
768.0 0.0006418651082640281
769.0 0.0004943204203300411
770.0 0.0006003528142173309
771.0 0.0007063851171551505
772.0 0.0007502626885980135
773.0 0.0007941402145661414
774.0 0.0007585504590679193
775.0 0.0007229607945191674
776.0 0.0007271727099578129
777.0 0.0007313845799217233
778.0 0.0006971290076762671
779.0 0.0006628734354308108
780.0 0.000598506130700116
781.0 0.0005341388714441564
782.0 0.0005647769285133108
783.0 0.0005954149401077302
784.0 0.0005212131327425595
785.0 0.00044701132537738886
786.0 0.0004102844286535401
787.0 0.00037355755466705887
788.0 0.0003611971351347165
789.0 0.0003488367383397417
790.0 0.00041819266698439606
791.0 0.0004875486411037855
792.0 0.0004062409516336629
793.0 0.00032493330763827544
794.0 0.0002989528638863703
795.0 0.00027297244287183275
796.0 0.0003592242137528956
797.0 0.000445476007371326
798.0 0.0003889652816724265
799.0 0.0003324546014482621
800.0 0.0003799145360972034
801.0 0.00042737451622087974
802.0 0.0003225781028959318
803.0 0.00021778171230835142
804.0 0.0003100828507740516
805.0 0.0004023839665023843
806.0 0.0004114959210710367
807.0 0.00042060783016495407
808.0 0.0004416416686581215
809.0 0.0004626756435754942
810.0 0.00037070706184749724
811.0 0.0002787384801195003
812.0 0.00033251310469495365
813.0 0.000386287729270407
814.0 0.00039550304791191593
815.0 0.00040471836655342486
816.0 0.0004670598173106555
817.0 0.000529401222593151
818.0 0.0004433146386872977
819.0 0.00035722805478144437
820.0 0.0004296232873457484
821.0 0.0005020184289605822
822.0 0.0005204113222134765
823.0 0.0005388041699916357
824.0 0.000477895446238108
825.0 0.00041698667700984515
826.0 0.00048714991862652823
827.0 0.0005573131602432113
828.0 0.0004198687747702934
829.0 0.0002824243665600079
830.0 0.0004210803581372602
831.0 0.0005597362815024098
832.0 0.0005953308118478162
833.0 0.0006309252512437524
834.0 0.00045656129259441514
835.0 0.0002821973112077103
836.0 0.0005119002253195504
837.0 0.000741603162168758
838.0 0.0007010952685959637
839.0 0.0006605874204979045
840.0 0.0006102319730416639
841.0 0.000559876434635953
842.0 0.00044362291191646364
843.0 0.0003273692300354014
844.0 0.00036997846564190695
845.0 0.00041258772398578003
846.0 0.0004651699782698415
847.0 0.000517752232553903
848.0 0.0004901596639683703
849.0 0.0004625670953828376
850.0 0.00042065557863679715
851.0 0.00037874403915338917
852.0 0.0003594665031414479
853.0 0.0003401888534426689
854.0 0.0005120551122672623
855.0 0.0006839212801423855
856.0 0.00048799329306348227
857.0 0.00029206532872194657
858.0 0.0003440779209995526
859.0 0.00039609049053979106
860.0 0.0004057707428728463
861.0 0.00041545099520590156
862.0 0.0004979743607691489
863.0 0.0005804977263323963
864.0 0.0005658649570250418
865.0 0.0005512320967682172
866.0 0.0006059697170712752
867.0 0.0006607072464248631
868.0 0.0006174602276587393
869.0 0.0005742132088926155
870.0 0.000521214906257228
871.0 0.0004682165581471054
872.0 0.0004619765604729764
873.0 0.00045573656279884744
874.0 0.0005692697413905989
875.0 0.0006828029654570855
876.0 0.0005765517016698141
877.0 0.0004703004378825426
878.0 0.0005190616775507806
879.0 0.0005678228262695484
880.0 0.0007150340934458654
881.0 0.0008622455425211228
882.0 0.0006920139185240259
883.0 0.0005217824309511343
884.0 0.0005517698809853755
885.0 0.0005817573310196167
886.0 0.0006482705884991447
887.0 0.0007147839824028779
888.0 0.000654168616165407
889.0 0.0005935531589784659
890.0 0.0005152497124072397
891.0 0.0004369461748865433
892.0 0.0005375148248276673
893.0 0.0006380837021424668
894.0 0.0005684991265297867
895.0 0.0004989146418665769
896.0 0.0005155118742550258
897.0 0.0005321090611687396
898.0 0.00043423237912065815
899.0 0.0003363557198099443
900.0 0.0002951548140117666
901.0 0.00025395395368832396
902.0 0.00037323513879528036
903.0 0.0004925163466396043
904.0 0.00040034024095803034
905.0 0.0003081641580138239
906.0 0.0004155863280175254
