lsstCam/transmission_filter_detector/r31_s02/i_39/19700101T000000.ecsv
# %ECSV 1.0
# ---
# datatype:
# - {name: wavelength, unit: nm, datatype: float32}
# - {name: efficiency, unit: '%', datatype: float64}
# meta: !!omap
# - {MODE: DETECTOR}
# - {TYPE: transmission_filter_detector}
# - {CALIBDATE: '1970-01-01T00:00:00'}
# - {INSTRUME: LSSTCam}
# - {OBSTYPE: transmission_filter_detector}
# - {CALIBCLS: lsst.ip.isr.IntermediateFilterDetectorTransmissionCurve}
# - {SOURCE: Materion (DM-46256)}
# - {DETECTOR: 128}
# - {FILTER: i_39}
# - {CALIB_ID: 'calibDate=1970-01-01T00:00:00 filter=i_39 detector=128'}
# - {DATE: '2025-04-02T15:59:47.072885'}
# - {CALIB_CREATION_DATE: '2025-04-02'}
# - {CALIB_CREATION_TIME: '15:59:47'}
# - __serialized_columns__:
#     efficiency:
#       __class__: astropy.units.quantity.Quantity
#       unit: !astropy.units.Unit {unit: '%'}
#       value: !astropy.table.SerializedColumn {name: efficiency}
#     wavelength:
#       __class__: astropy.units.quantity.Quantity
#       unit: !astropy.units.Unit {unit: nm}
#       value: !astropy.table.SerializedColumn {name: wavelength}
# schema: astropy-2.0
wavelength efficiency
300.0 0.004575927596306428
301.0 1.5868230123991522e-10
302.0 1.5868230123991522e-10
303.0 1.5868230123991522e-10
304.0 1.5868230123991522e-10
305.0 0.0018555005226517096
306.0 0.008318004984175786
307.0 0.011684430501190946
308.0 0.015050855290610343
309.0 0.01126920324168168
310.0 0.0074875504651572555
311.0 0.001315658664680086
312.0 1.5868230123991522e-10
313.0 1.5868230123991522e-10
314.0 1.5868230123991522e-10
315.0 1.5868230123991522e-10
316.0 1.5868230123991522e-10
317.0 0.001851612796599511
318.0 0.00466750752821099
319.0 0.006108618254074827
320.0 0.007549730071332306
321.0 0.003896585258189589
322.0 0.00024343785298697185
323.0 0.002927186324086506
324.0 0.005610932566924021
325.0 0.0015864765373407863
326.0 1.5868230123991522e-10
327.0 1.5868230123991522e-10
328.0 0.0001249924366675259
329.0 0.0014702970474900212
330.0 0.002815601874317508
331.0 0.002918152677011676
332.0 0.0030207025702111423
333.0 0.0030556097044609487
334.0 0.0030905164749128744
335.0 0.0012267442798474804
336.0 1.5868230123991522e-10
337.0 1.5868230123991522e-10
338.0 0.00024210596620832803
339.0 0.0006697438948322088
340.0 0.001097382300940808
341.0 0.0007155743332987186
342.0 0.0003337663656566292
343.0 0.0012401850653986912
344.0 0.002146603583241813
345.0 0.0015843126675463282
346.0 0.0010220217518508434
347.0 1.5868230123991522e-10
348.0 1.5868230123991522e-10
349.0 1.5868230123991522e-10
350.0 0.000584419922233792
351.0 1.5868230123991522e-10
352.0 1.5868230123991522e-10
353.0 1.5868230123991522e-10
354.0 1.5868230123991522e-10
355.0 1.5868230123991522e-10
356.0 0.00010378880688222125
357.0 0.00048705778681323864
358.0 0.000870326766744256
359.0 0.00041677726585476194
360.0 1.5868230123991522e-10
361.0 1.5868230123991522e-10
362.0 1.5868230123991522e-10
363.0 1.5868230123991522e-10
364.0 1.5868230123991522e-10
365.0 1.5868230123991522e-10
366.0 1.5868230123991522e-10
367.0 0.0006127180313342251
368.0 0.0012712641364487354
369.0 0.00047541916501359083
370.0 1.5868230123991522e-10
371.0 1.5868230123991522e-10
372.0 0.00019885758320015157
373.0 0.00020536376723612193
374.0 0.0002118697466357844
375.0 0.0004190700110484613
376.0 0.0006262702754611382
377.0 0.00021923960957792588
378.0 1.5868230123991522e-10
379.0 0.00029167231332394294
380.0 0.0007711352736805566
381.0 1.5868230123991522e-10
382.0 1.5868230123991522e-10
383.0 1.5868230123991522e-10
384.0 0.00014591074659620062
385.0 0.00030496332783513935
386.0 0.00046401601139223203
387.0 4.8380184125562664e-05
388.0 1.5868230123991522e-10
389.0 1.5868230123991522e-10
390.0 1.5868230123991522e-10
391.0 1.5868230123991522e-10
392.0 1.5868230123991522e-10
393.0 1.5868230123991522e-10
394.0 0.00010991419685524306
395.0 0.0004113338491151808
396.0 0.0007127534445316996
397.0 0.0011064521459047683
398.0 0.0015001508472778369
399.0 0.001394514401908964
400.0 0.0012888778655906208
401.0 0.002155180300178472
402.0 0.0030214820071705617
403.0 0.004117092612432316
404.0 0.005212704127188772
405.0 0.004021212953375652
406.0 0.0028297225071582943
407.0 0.0036655957956099883
408.0 0.004501469447859563
409.0 0.004641540363081731
410.0 0.004781610914506018
411.0 0.006229345308383927
412.0 0.007677079702261835
413.0 0.005879679883946665
414.0 0.004082280065631494
415.0 0.003117628875770606
416.0 0.0021529776859097183
417.0 0.0034030501410597935
418.0 0.004653121868614107
419.0 0.004066697511007078
420.0 0.0034802716982085258
421.0 0.004200135299470276
422.0 0.004919999264529906
423.0 0.0050254911911906675
424.0 0.005130983481649309
425.0 0.0054939348046900705
426.0 0.0058568861277308315
427.0 0.005222862819209695
428.0 0.004588839510688558
429.0 0.00430035033787135
430.0 0.004011861528852023
431.0 0.003506735447444953
432.0 0.0030016097298357636
433.0 0.002811810372804757
434.0 0.002622011015773751
435.0 0.0025710687623359263
436.0 0.002520126145100221
437.0 0.0019799024812527932
438.0 0.0014396789993043058
439.0 0.0015281148080248386
440.0 0.001616550434846431
441.0 0.0018698243366088718
442.0 0.0021230982383713126
443.0 0.002106358988385182
444.0 0.00208961919270223
445.0 0.001507558954472188
446.0 0.0009254988071916159
447.0 0.0006376237706717802
448.0 0.00034974868867720943
449.0 0.0005042076736572199
450.0 0.0006586666131624952
451.0 0.0007425960575346835
452.0 0.0008265254109574016
453.0 0.0010343550457037054
454.0 0.0012421844076015987
455.0 0.001235459239978809
456.0 0.0012287342542549595
457.0 0.0007022549652901944
458.0 0.00017577566495674546
459.0 0.0005567822427110514
460.0 0.0009377887181472033
461.0 0.0007166212526499294
462.0 0.0004954537416779203
463.0 0.00039196784200612456
464.0 0.0002884818968595937
465.0 0.00032515390557819046
466.0 0.00036182591429678723
467.0 0.0005223542302701389
468.0 0.0006828825007687556
469.0 0.0007110137630661484
470.0 0.0007391450253635412
471.0 0.0007099543836375233
472.0 0.000680764060234651
473.0 0.0008087215974228457
474.0 0.0009366791346110404
475.0 0.0005975471594865667
476.0 0.0002584150934126228
477.0 0.00015147354588407325
478.0 4.4531830667438044e-05
479.0 0.0011472349797259085
480.0 0.002249938370368909
481.0 0.002811569174809847
482.0 0.003373200524947606
483.0 0.004345482375356369
484.0 0.005317764589563012
485.0 0.00699214797350578
486.0 0.008666529174661264
487.0 0.011005497799487785
488.0 0.013344462786335498
489.0 0.015975783753674477
490.0 0.01860710617620498
491.0 0.021176476730033755
492.0 0.023745848739054054
493.0 0.025025245849974453
494.0 0.02630464732646942
495.0 0.023538206005468965
496.0 0.020771761774085462
497.0 0.017305258370470256
498.0 0.013838756422046572
499.0 0.00972506168182008
500.0 0.005611369124380872
501.0 0.003885204205289483
502.0 0.002159039104299154
503.0 0.0020020577721879818
504.0 0.0018450764400768094
505.0 0.0020611108993762173
506.0 0.002277145176776685
507.0 0.002409396256553009
508.0 0.0025416473363293335
509.0 0.002391679117863532
510.0 0.002241711081296671
511.0 0.002034891258517746
512.0 0.0018280717995367013
513.0 0.001784135565685574
514.0 0.0017401998775312677
515.0 0.001913459891511593
516.0 0.0020867200873908587
517.0 0.002106143620039802
518.0 0.0021255673345876858
519.0 0.0020750479961861856
520.0 0.002024528475885745
521.0 0.001882428114186041
522.0 0.001740327752486337
523.0 0.0016099889762699604
524.0 0.0014796502000535838
525.0 0.002053221578535158
526.0 0.002626793138915673
527.0 0.0028115216991864145
528.0 0.002996250259457156
529.0 0.00274966823781142
530.0 0.0025030863980646245
531.0 0.0022769700080971234
532.0 0.0020508538000285625
533.0 0.0018596017980598845
534.0 0.0016683497960912064
535.0 0.001886706922960002
536.0 0.0021050640498287976
537.0 0.0029412020012387075
538.0 0.0037773395888507366
539.0 0.004341995008871891
540.0 0.004906650792690925
541.0 0.005146497642272152
542.0 0.005386344855651259
543.0 0.005216337740421295
544.0 0.005046330988989212
545.0 0.003983516216976568
546.0 0.002920701626862865
547.0 0.002324864544789307
548.0 0.001729027644614689
549.0 0.0015377783711301163
550.0 0.0013465290976455435
551.0 0.0015125236132007558
552.0 0.001678518128755968
553.0 0.0017436808775528334
554.0 0.001808843808248639
555.0 0.0012443210835044738
556.0 0.0006797983132855734
557.0 0.0007931327672849875
558.0 0.0009064672667591367
559.0 0.0006750535703758942
560.0 0.0004436399649421219
561.0 0.0011448736586316954
562.0 0.0018461076251696795
563.0 0.0016948057236731984
564.0 0.0015435038221767172
565.0 0.0015018229532870464
566.0 0.0014601419934479054
567.0 0.0010452546121086925
568.0 0.0006303671852947446
569.0 0.0006830064648966072
570.0 0.00073564583544794
571.0 0.0005835356205352582
572.0 0.0004314252691983711
573.0 0.0006311050128715578
574.0 0.0008307847565447446
575.0 0.0006528392532345606
576.0 0.0004748938408738468
577.0 0.0005109938683744986
578.0 0.0005470940777740907
579.0 0.0005277429409034085
580.0 0.0005083919404569315
581.0 0.0004900467502011452
582.0 0.00047170165089482907
583.0 0.0004851333414990222
584.0 0.0004985650775779504
585.0 0.0005635713932861108
586.0 0.0006285777544690063
587.0 0.0006084858796384651
588.0 0.000588394050282659
589.0 0.0006394808679033304
590.0 0.0006905677764734719
591.0 0.0005181750566407572
592.0 0.0003457822231212049
593.0 0.00045133701860322617
594.0 0.0005568917458731448
595.0 0.0003869701686198823
596.0 0.00021704861410398735
597.0 0.0003726709792317706
598.0 0.0005282933670969214
599.0 0.0004173942670604447
600.0 0.0003064952352360706
601.0 0.0002845643621185445
602.0 0.00026263348900101846
603.0 0.00021461780761455884
604.0 0.00016660211485941545
605.0 0.00012258569768164307
606.0 7.856924071347748e-05
607.0 0.00032911855214479147
608.0 0.0005796679488412337
609.0 0.0005076751222077291
610.0 0.00043568238652369473
611.0 0.0004874236310570268
612.0 0.0005391647391661536
613.0 0.0005033152319811052
614.0 0.00046746572479605675
615.0 0.00043241561797913164
616.0 0.00039736546568747144
617.0 0.00037678757962567033
618.0 0.0003562096935638692
619.0 0.00032855805329745635
620.0 0.00030090643576841103
621.0 0.00023535196760349208
622.0 0.00016979748806988937
623.0 0.0003043183824047446
624.0 0.00043883924263354857
625.0 0.0002891320718845236
626.0 0.00013942491250418243
627.0 0.00029652464945684187
628.0 0.00045362435230345
629.0 0.00038159378163982183
630.0 0.0003095632337135612
631.0 0.0004482526946958387
632.0 0.0005869419510418084
633.0 0.0004473224180401303
634.0 0.00030770270313951187
635.0 0.00032046013984654564
636.0 0.0003332175765535794
637.0 0.00042357064558018465
638.0 0.0005139236236573197
639.0 0.0006327803930616938
640.0 0.000751637253415538
641.0 0.0006851919351902325
642.0 0.0006187467079143971
643.0 0.0006235966338863363
644.0 0.0006284465598582756
645.0 0.0006507712896564044
646.0 0.0006730960649292683
647.0 0.0006462149485741975
648.0 0.0006193337867443915
649.0 0.0006616330210817978
650.0 0.0007039323008939391
651.0 0.0008358032573596574
652.0 0.0009676741683506407
653.0 0.0009161848538496997
654.0 0.0008646955393487588
655.0 0.0013599683370557614
656.0 0.0018552409528638236
657.0 0.002908699752879329
658.0 0.003962158007198013
659.0 0.006381762796081603
660.0 0.04453727451618761
661.0 0.10192332556471229
662.0 0.06039062864147127
663.0 0.17973319627344608
664.0 0.09901506127789617
665.0 0.14706713845953345
666.0 0.14787253458052874
667.0 0.19590486772358418
668.0 0.23289050441235304
669.0 0.3206868888810277
670.0 0.4139123950153589
671.0 0.712349871173501
672.0 1.1419061571359634
673.0 1.774175837635994
674.0 2.626366913318634
675.0 3.570619225502014
676.0 4.744386300444603
677.0 6.066983938217163
678.0 7.446419447660446
679.0 9.016510099172592
680.0 11.081820726394653
681.0 13.311341404914856
682.0 15.886290371418
683.0 18.64514946937561
684.0 21.639159321784973
685.0 24.585531651973724
686.0 27.632591128349304
687.0 30.963364243507385
688.0 34.451285004615784
689.0 38.09275031089783
690.0 42.08962321281433
691.0 46.629416942596436
692.0 51.74019932746887
693.0 57.263559103012085
694.0 63.369220495224
695.0 68.93270015716553
696.0 75.21185874938965
697.0 80.57456612586975
698.0 86.07087731361389
699.0 90.02418518066406
700.0 92.9164707660675
701.0 95.04976272583008
702.0 96.44591212272644
703.0 97.2609281539917
704.0 97.40597009658813
705.0 97.81873822212219
706.0 97.77066707611084
707.0 97.8027880191803
708.0 97.82129526138306
709.0 97.85670042037964
710.0 97.72174954414368
711.0 97.91052341461182
712.0 97.91786670684814
713.0 97.91373610496521
714.0 98.03931713104248
715.0 98.13097715377808
716.0 97.88198471069336
717.0 98.11305403709412
718.0 98.11174273490906
719.0 98.2062816619873
720.0 98.20930361747742
721.0 98.14341068267822
722.0 97.8239119052887
723.0 97.50627875328064
724.0 97.22331762313843
725.0 97.04509377479553
726.0 96.79959416389465
727.0 96.73817753791809
728.0 96.50579690933228
729.0 96.31839394569397
730.0 96.37966752052307
731.0 96.523517370224
732.0 96.57455682754517
733.0 96.8530535697937
734.0 97.17800617218018
735.0 97.39311337471008
736.0 97.8550910949707
737.0 98.20107817649841
738.0 98.34505915641785
739.0 98.69369268417358
740.0 98.7820565700531
741.0 98.65102767944336
742.0 98.79837036132812
743.0 98.64594340324402
744.0 98.51376414299011
745.0 98.51137399673462
746.0 98.57157468795776
747.0 98.75099062919617
748.0 98.60729575157166
749.0 98.49421381950378
750.0 98.45986366271973
751.0 98.36971759796143
752.0 98.30599427223206
753.0 98.53978157043457
754.0 98.47478866577148
755.0 98.58662486076355
756.0 98.62837195396423
757.0 98.63176941871643
758.0 98.64916205406189
759.0 98.7323522567749
760.0 98.62889647483826
761.0 98.62050414085388
762.0 98.70964288711548
763.0 98.6687183380127
764.0 98.48533868789673
765.0 98.49086403846741
766.0 98.46541285514832
767.0 98.29074740409851
768.0 98.26682209968567
769.0 98.22262525558472
770.0 98.01074266433716
771.0 97.9464590549469
772.0 97.97990918159485
773.0 98.04542660713196
774.0 97.69539833068848
775.0 97.77798652648926
776.0 97.73310422897339
777.0 97.83515334129333
778.0 97.9777455329895
779.0 97.99268245697021
780.0 97.87569046020508
781.0 98.27004671096802
782.0 98.32671284675598
783.0 98.412424325943
784.0 98.3974814414978
785.0 98.48859906196594
786.0 98.68692755699158
787.0 98.25750589370728
788.0 98.3843982219696
789.0 98.42042326927185
790.0 98.42074513435364
791.0 98.49196076393127
792.0 98.23380708694458
793.0 98.13871383666992
794.0 98.05920124053955
795.0 97.8895366191864
796.0 97.92091250419617
797.0 97.9291558265686
798.0 97.8611707687378
799.0 97.7308988571167
800.0 97.54840731620789
801.0 97.48896956443787
802.0 97.27337956428528
803.0 96.83679938316345
804.0 96.39211297035217
805.0 95.54237127304077
806.0 94.54938173294067
807.0 93.0793046951294
808.0 91.4051353931427
809.0 89.57691192626953
810.0 87.33186721801758
811.0 84.66523885726929
812.0 81.43044710159302
813.0 78.00769805908203
814.0 74.06249046325684
815.0 69.7209119796753
816.0 65.44575095176697
817.0 60.787200927734375
818.0 55.93942999839783
819.0 51.78055763244629
820.0 46.859219670295715
821.0 42.4391508102417
822.0 38.02080154418945
823.0 33.39255750179291
824.0 28.768116235733032
825.0 24.585989117622375
826.0 20.286253094673157
827.0 15.946575999259949
828.0 12.087425589561462
829.0 8.69939923286438
830.0 5.661729723215103
831.0 3.6805178970098495
832.0 2.165033295750618
833.0 1.2204335071146488
834.0 0.7482531014829874
835.0 0.44470876455307007
836.0 0.25112442672252655
837.0 0.10906087700277567
838.0 0.09179581538774073
839.0 0.05205919733271003
840.0 0.016583182150498033
841.0 0.04908990231342614
842.0 0.0014291505976871122
843.0 1.5868230123991522e-10
844.0 1.5868230123991522e-10
845.0 1.5868230123991522e-10
846.0 1.5868230123991522e-10
847.0 1.5868230123991522e-10
848.0 1.5868230123991522e-10
849.0 1.5868230123991522e-10
850.0 1.5868230123991522e-10
851.0 0.0015286435882444493
852.0 0.002239052628283389
853.0 0.0017600930732442066
854.0 0.0012811335182050243
855.0 0.0005323105597199174
856.0 1.5868230123991522e-10
857.0 6.650040518252354e-05
858.0 0.00034951312954945024
859.0 1.5142363452014251e-05
860.0 1.5868230123991522e-10
861.0 1.5868230123991522e-10
862.0 1.5868230123991522e-10
863.0 1.5868230123991522e-10
864.0 1.5868230123991522e-10
865.0 1.5868230123991522e-10
866.0 1.5868230123991522e-10
867.0 1.5868230123991522e-10
868.0 1.5868230123991522e-10
869.0 1.5868230123991522e-10
870.0 1.5868230123991522e-10
871.0 6.6915035290548985e-06
872.0 5.032887884226511e-05
873.0 3.929271485958452e-05
874.0 2.8256539508220158e-05
875.0 1.5868230123991522e-10
876.0 1.5868230123991522e-10
877.0 1.5868230123991522e-10
878.0 8.133680466926307e-05
879.0 7.373719768111187e-05
880.0 6.613767595808895e-05
881.0 5.044463478043326e-05
882.0 3.475161065580323e-05
883.0 1.5868230123991522e-10
884.0 1.5868230123991522e-10
885.0 1.5868230123991522e-10
886.0 1.5868230123991522e-10
887.0 1.5868230123991522e-10
888.0 1.5868230123991522e-10
889.0 1.5868230123991522e-10
890.0 8.533090323226133e-06
891.0 1.380697938202502e-05
892.0 1.9080871993537585e-05
893.0 1.5868230123991522e-10
894.0 1.5868230123991522e-10
895.0 1.5868230123991522e-10
