lsstCam/transmission_filter_detector/r31_s02/i_39/19700101T000000.ecsv
# %ECSV 1.0
# ---
# datatype:
# - {name: wavelength, unit: nm, datatype: float32}
# - {name: efficiency, unit: '%', datatype: float64}
# meta: !!omap
# - {MODE: DETECTOR}
# - {TYPE: transmission_filter_detector}
# - {CALIBDATE: '1970-01-01T00:00:00'}
# - {INSTRUME: LSSTCam}
# - {OBSTYPE: transmission_filter_detector}
# - {CALIBCLS: lsst.ip.isr.IntermediateFilterDetectorTransmissionCurve}
# - {SOURCE: Materion (DM-46256)}
# - {DETECTOR: 128}
# - {FILTER: i_39}
# - {CALIB_ID: 'calibDate=1970-01-01T00:00:00 filter=i_39 detector=128'}
# - {DATE: '2025-04-02T15:59:47.072885'}
# - {CALIB_CREATION_DATE: '2025-04-02'}
# - {CALIB_CREATION_TIME: '15:59:47'}
# - __serialized_columns__:
#     efficiency:
#       __class__: astropy.units.quantity.Quantity
#       unit: !astropy.units.Unit {unit: '%'}
#       value: !astropy.table.SerializedColumn {name: efficiency}
#     wavelength:
#       __class__: astropy.units.quantity.Quantity
#       unit: !astropy.units.Unit {unit: nm}
#       value: !astropy.table.SerializedColumn {name: wavelength}
# schema: astropy-2.0
wavelength efficiency
[from data line 597]
897.0 1.5868230123991522e-10
898.0 1.5868230123991522e-10
899.0 1.5868230123991522e-10
900.0 1.5868230123991522e-10
901.0 1.5868230123991522e-10
902.0 1.5868230123991522e-10
903.0 1.5868230123991522e-10
904.0 1.5868230123991522e-10
905.0 1.883453819573333e-05
906.0 6.020103455739445e-05
907.0 1.5868230123991522e-10
908.0 1.5868230123991522e-10
909.0 9.093913178048751e-06
910.0 0.0001603278064976621
911.0 0.00010618675787554821
912.0 5.204567514738301e-05
913.0 1.5868230123991522e-10
914.0 1.5868230123991522e-10
915.0 1.5868230123991522e-10
916.0 1.5868230123991522e-10
917.0 1.5868230123991522e-10
918.0 1.5868230123991522e-10
919.0 1.5868230123991522e-10
920.0 2.370535838736032e-05
921.0 4.783758527082682e-05
922.0 7.196981073320785e-05
923.0 8.478293125335767e-05
924.0 9.759603472048184e-05
925.0 5.056818395132723e-05
926.0 3.5403346032580885e-06
927.0 1.5868230123991522e-10
928.0 1.5868230123991522e-10
929.0 1.5868230123991522e-10
930.0 0.00011639481272140983
931.0 1.5868230123991522e-10
932.0 1.5868230123991522e-10
933.0 1.5868230123991522e-10
934.0 1.5868230123991522e-10
935.0 1.5868230123991522e-10
936.0 5.259778959043615e-05
937.0 6.0244133237574715e-05
938.0 6.789043709432008e-05
939.0 1.5868230123991522e-10
940.0 1.5868230123991522e-10
941.0 1.5868230123991522e-10
942.0 0.00016467173509226996
943.0 0.0001710930291665136
944.0 0.0001775142891347059
945.0 1.5868230123991522e-10
946.0 1.5868230123991522e-10
947.0 1.5868230123991522e-10
948.0 4.699522548889945e-05
949.0 3.5411847676414254e-06
950.0 1.5868230123991522e-10
951.0 1.5757457560994226e-05
952.0 7.142771210055798e-05
953.0 1.0395413596597791e-05
954.0 1.5868230123991522e-10
955.0 1.5868230123991522e-10
956.0 1.5868230123991522e-10
957.0 1.5868230123991522e-10
958.0 4.9421936409999034e-05
959.0 8.460213507532899e-05
960.0 0.00011978233942500083
961.0 0.00012044855566273327
962.0 0.00012111474916309817
963.0 0.0002702769506868208
964.0 0.00041943922042264603
965.0 0.00027690821298165247
966.0 0.000134377251015394
967.0 1.5868230123991522e-10
968.0 1.5868230123991522e-10
969.0 1.5868230123991522e-10
970.0 1.5868230123991522e-10
971.0 1.5868230123991522e-10
972.0 1.5868230123991522e-10
973.0 3.412422699966555e-05
974.0 0.00012259835102668148
975.0 8.41982000565622e-05
976.0 4.57980348755882e-05
977.0 0.00015987174037945806
978.0 0.000273945443041157
979.0 0.00012290388440305833
980.0 1.5868230123991522e-10
981.0 1.5868230123991522e-10
982.0 1.5868230123991522e-10
983.0 1.5868230123991522e-10
984.0 1.5868230123991522e-10
985.0 1.5868230123991522e-10
986.0 1.5868230123991522e-10
987.0 1.5868230123991522e-10
988.0 1.5868230123991522e-10
989.0 1.5868230123991522e-10
990.0 7.617462642883766e-05
991.0 0.0001925668584590312
992.0 0.000308959079120541
993.0 0.00017721195035846904
994.0 4.5464830122909916e-05
995.0 5.921612569181889e-05
996.0 7.296741273421503e-05
997.0 6.669589680541321e-06
998.0 1.5868230123991522e-10
999.0 1.6617695663967424e-06
1000.0 6.295177286119724e-05
1001.0 0.00024143221253325464
1002.0 0.00041991265788965393
1003.0 0.00029153657123970333
1004.0 0.0001631604959584365
1005.0 0.00011324995057293563
1006.0 6.333934834401589e-05
1007.0 1.5868230123991522e-10
1008.0 1.5868230123991522e-10
1009.0 8.925455858843634e-05
1010.0 0.0003027326783922035
1011.0 0.0002678774080777657
1012.0 0.00023302211502596037
1013.0 0.00024883163405320374
1014.0 0.0002646411530804471
1015.0 0.00026604527647577925
1016.0 0.00026744944534584647
1017.0 0.0002227966433565598
1018.0 0.00017814386410464067
1019.0 6.326194466055313e-05
1020.0 1.5868230123991522e-10
1021.0 5.452039317788149e-05
1022.0 0.00016066077250798116
1023.0 0.00015343957784352824
1024.0 0.00014621840591644286
1025.0 0.00022915030513104284
1026.0 0.0003120822839264292
1027.0 0.0005244750354904681
1028.0 0.0007368677870545071
1029.0 0.000916125463845674
1030.0 0.0010953831406368408
1031.0 0.0016240543118328787
1032.0 0.002152725210180506
1033.0 0.0023433505702996626
1034.0 0.0025339764761156403
1035.0 0.002963379301945679
1036.0 0.003392781945876777
1037.0 0.003261679012211971
1038.0 0.003130576078547165
1039.0 0.003102996197412722
1040.0 0.003075416316278279
1041.0 0.002828112155839335
1042.0 0.002580808177299332
1043.0 0.002977970871143043
1044.0 0.0033751337468856946
1045.0 0.003113155617029406
1046.0 0.0028511773052741773
1047.0 0.0029978160455357283
1048.0 0.0031444549676962197
1049.0 0.0028615879273274913
1050.0 0.002578720886958763
1051.0 0.002146689803339541
1052.0 0.0017146589016192593
1053.0 0.0014776941497984808
1054.0 0.0012407293979777023
1055.0 0.0010962800843117293
1056.0 0.0009518308615952265
1057.0 0.0006093808224250097
1058.0 0.00026693089694163064
1059.0 0.0006976943950576242
1060.0 0.0011284578249615151
1061.0 0.0009828681868384592
1062.0 0.0008372786396648735
1063.0 0.0015625248124706559
1064.0 0.0022877709852764383
1065.0 0.0030020668418728746
1066.0 0.0037163623346714303
1067.0 0.004513700332609005
1068.0 0.00531103833054658
1069.0 0.004853099380852655
1070.0 0.004395159339765087
1071.0 0.00405331484216731
1072.0 0.0037114699807716534
1073.0 0.0031835505069466308
1074.0 0.002655630851222668
1075.0 0.002836146450135857
1076.0 0.0030166618671501055
1077.0 0.002851324461516924
1078.0 0.002685987055883743
1079.0 0.002720905285968911
1080.0 0.0027558236979530193
1081.0 0.0017956035662791692
1082.0 0.0008353836165042594
1083.0 0.0005225726908975048
1084.0 0.0002097618789775879
1085.0 1.5868230123991522e-10
1086.0 1.5868230123991522e-10
1087.0 0.00010543253665673546
1088.0 0.0005492003310791915
1089.0 0.000484099564346252
1090.0 0.0004189987976133125
1091.0 0.00021903756532992702
1092.0 1.9076448154464742e-05
1093.0 1.5868230123991522e-10
1094.0 1.5868230123991522e-10
1095.0 1.5868230123991522e-10
1096.0 1.5868230123991522e-10
1097.0 1.5868230123991522e-10
1098.0 1.5868230123991522e-10
1099.0 6.915310564181709e-05
1100.0 0.0009719957233755849
