lsstCam/transmission_sensor/r22_s10/19700101T000000.ecsv
# %ECSV 1.0
# ---
# datatype:
# - {name: amp_name, datatype: string}
# - {name: wavelength, unit: nm, datatype: float32}
# - {name: efficiency, unit: '%', datatype: float64}
# meta: !!omap
# - {MODE: AMP}
# - {TYPE: transmission_sensor}
# - {CALIBDATE: '1970-01-01T00:00:00'}
# - {INSTRUME: LSSTCAM}
# - {OBSTYPE: transmission_sensor}
# - {DETECTOR: 93}
# - {PARQUETFILE: qe_raft_allvalues_nircorrected_20230725.parquet}
# - {CALIBCLS: lsst.ip.isr.IntermediateSensorTransmissionCurve}
# - {CALIB_ID: 'raftName=R22 detectorName=S10 detector=93 calibDate=1970-01-01T00:00:00 ccd=93 ccdnum=93 filter=None'}
# - {DATE: '2023-08-02T16:57:55.811604'}
# - {CALIB_CREATION_DATE: '2023-08-02'}
# - {CALIB_CREATION_TIME: '16:57:55'}
# - __serialized_columns__:
#     efficiency:
#       __class__: astropy.units.quantity.Quantity
#       unit: !astropy.units.Unit {unit: '%'}
#       value: !astropy.table.SerializedColumn {name: efficiency}
#     wavelength:
#       __class__: astropy.units.quantity.Quantity
#       unit: !astropy.units.Unit {unit: nm}
#       value: !astropy.table.SerializedColumn {name: wavelength}
# schema: astropy-2.0
amp_name wavelength efficiency
C00 319.994 41.02947235107422
C00 324.969 46.37133026123047
C00 349.982 70.88162231445312
C00 374.975 77.7593765258789
C00 400.019 85.11947631835938
C00 424.965 86.17450714111328
C00 450.035 87.41411590576172
C00 475.003 89.66281127929688
C00 500.018 91.76596069335938
C00 525.002 93.81575012207031
C00 550.029 95.4811782836914
C00 575.023 96.35862731933594
C00 599.982 98.0084457397461
C00 619.997 98.32389068603516
C00 624.979 98.46757507324219
C00 650.012 98.96641540527344
C00 675.004 99.3306655883789
C00 700.03 98.7429428100586
C00 725.012 98.14575958251953
C00 750.022 98.26821899414062
C00 774.987 98.29996490478516
C00 799.976 97.46417999267578
C00 824.988 95.7007064819336
C00 850.022 93.686279296875
C00 869.967 90.54694366455078
C00 875.002 90.07210540771484
C00 899.999 82.87863159179688
C00 919.999 73.81070709228516
C00 925.012 71.89977264404297
C00 949.965 57.878726959228516
C00 975.002 43.26172637939453
C00 999.976 26.056415557861328
C00 1025.028 11.164355278015137
C00 1050.014 3.9344468116760254
C00 1075.002 0.9361960683209158
C00 1099.99 0.0928885138331484
C01 319.994 41.189674377441406
C01 324.969 46.55414962768555
C01 349.982 71.30457305908203
C01 374.975 78.30127716064453
C01 400.019 85.4212417602539
C01 424.965 86.32088470458984
C01 450.035 87.46576690673828
C01 475.003 89.65327453613281
C01 500.018 91.71565246582031
C01 525.002 93.742919921875
C01 550.029 95.40501403808594
C01 575.023 96.26285552978516
C01 599.982 97.9246597290039
C01 619.997 98.23546600341797
C01 624.979 98.37979125976562
C01 650.012 98.88750457763672
C01 675.004 99.26084899902344
C01 700.03 98.7000961303711
C01 725.012 98.16622924804688
C01 750.022 98.36830139160156
C01 774.987 98.47905731201172
C01 799.976 97.66814422607422
C01 824.988 95.89201354980469
C01 850.022 93.92256927490234
C01 869.967 90.73558044433594
C01 875.002 90.23344421386719
C01 899.999 82.97467803955078
C01 919.999 73.90837097167969
C01 925.012 71.88249206542969
C01 949.965 57.835235595703125
C01 975.002 43.34355926513672
C01 999.976 26.208585739135742
C01 1025.028 11.27934455871582
C01 1050.014 3.9343421459198
C01 1075.002 0.9371487716477507
C01 1099.99 0.0929830401820064
C02 319.994 41.43701934814453
C02 324.969 46.83526611328125
C02 349.982 71.88604736328125
C02 374.975 78.96378326416016
C02 400.019 85.81266784667969
C02 424.965 86.53504943847656
C02 450.035 87.58804321289062
C02 475.003 89.7210922241211
C02 500.018 91.74346923828125
C02 525.002 93.74754333496094
C02 550.029 95.39784240722656
C02 575.023 96.25074768066406
C02 599.982 97.92018127441406
C02 619.997 98.23306274414062
C02 624.979 98.38465118408203
C02 650.012 98.89657592773438
C02 675.004 99.27403259277344
C02 700.03 98.7310562133789
C02 725.012 98.21856689453125
C02 750.022 98.43726348876953
C02 774.987 98.56504821777344
C02 799.976 97.76990509033203
C02 824.988 95.96839904785156
C02 850.022 94.02989196777344
C02 869.967 90.90953063964844
C02 875.002 90.40409088134766
C02 899.999 83.03330993652344
C02 919.999 73.93689727783203
C02 925.012 71.94267272949219
C02 949.965 57.84830856323242
C02 975.002 43.41555404663086
C02 999.976 26.28692054748535
C02 1025.028 11.341119766235352
C02 1050.014 3.978679895401001
C02 1075.002 0.93780561735654
C02 1099.99 0.09304821180980072
C03 319.994 41.48657989501953
C03 324.969 46.891353607177734
C03 349.982 72.12590026855469
C03 374.975 79.30944061279297
C03 400.019 85.86876678466797
C03 424.965 86.42664337158203
C03 450.035 87.38188171386719
C03 475.003 89.45579528808594
C03 500.018 91.43516540527344
C03 525.002 93.41490936279297
C03 550.029 95.039306640625
C03 575.023 95.89836120605469
C03 599.982 97.55481719970703
C03 619.997 97.87542724609375
C03 624.979 98.02952575683594
C03 650.012 98.54240417480469
C03 675.004 98.92239379882812
C03 700.03 98.38516998291016
C03 725.012 97.86744689941406
C03 750.022 98.07861328125
C03 774.987 98.18773651123047
C03 799.976 97.39897918701172
C03 824.988 95.6142578125
C03 850.022 93.64303588867188
C03 869.967 90.59969329833984
C03 875.002 90.13489532470703
C03 899.999 82.9467544555664
C03 919.999 73.55792236328125
C03 925.012 71.55714416503906
C03 949.965 57.70963668823242
C03 975.002 43.21842956542969
C03 999.976 26.165061950683594
C03 1025.028 11.297057151794434
C03 1050.014 3.9738519191741943
C03 1075.002 0.9343889203185483
C03 1099.99 0.09270921026854625
C04 319.994 41.73100280761719
C04 324.969 47.16796875
C04 349.982 72.70038604736328
C04 374.975 80.0380630493164
C04 400.019 86.44873046875
C04 424.965 86.8858871459961
C04 450.035 87.7682113647461
C04 475.003 89.79772186279297
C04 500.018 91.757080078125
C04 525.002 93.7232666015625
C04 550.029 95.34420013427734
C04 575.023 96.20630645751953
C04 599.982 97.87356567382812
C04 619.997 98.19994354248047
C04 624.979 98.3544921875
C04 650.012 98.87458038330078
C04 675.004 99.26437377929688
C04 700.03 98.7226333618164
C04 725.012 98.18192291259766
C04 750.022 98.36661529541016
C04 774.987 98.45108032226562
C04 799.976 97.65343475341797
C04 824.988 95.88081359863281
C04 850.022 93.8928451538086
C04 869.967 90.82463836669922
C04 875.002 90.36090087890625
C04 899.999 83.50094604492188
C04 919.999 73.91564178466797
C04 925.012 71.822998046875
C04 949.965 57.82872009277344
C04 975.002 43.33845138549805
C04 999.976 26.303483963012695
C04 1025.028 11.339037895202637
C04 1050.014 3.9834234714508057
C04 1075.002 0.9371329358727571
C04 1099.99 0.09298146897095956
C05 319.994 41.877254486083984
C05 324.969 47.334228515625
C05 349.982 73.0804443359375
C05 374.975 80.49675750732422
C05 400.019 86.6756362915039
C05 424.965 86.9731216430664
C05 450.035 87.77596282958984
C05 475.003 89.76046752929688
C05 500.018 91.68840026855469
C05 525.002 93.63951110839844
C05 550.029 95.25213623046875
C05 575.023 96.1099853515625
C05 599.982 97.78038024902344
C05 619.997 98.107666015625
C05 624.979 98.26065063476562
C05 650.012 98.78724670410156
C05 675.004 99.18025970458984
C05 700.03 98.63153076171875
C05 725.012 98.06741333007812
C05 750.022 98.21782684326172
C05 774.987 98.26275634765625
C05 799.976 97.45427703857422
C05 824.988 95.69010162353516
C05 850.022 93.70659637451172
C05 869.967 90.59495544433594
C05 875.002 90.12451934814453
C05 899.999 83.44912719726562
C05 919.999 74.01618194580078
C05 925.012 71.93060302734375
C05 949.965 57.727081298828125
C05 975.002 43.22855758666992
C05 999.976 26.270404815673828
C05 1025.028 11.307695388793945
C05 1050.014 3.976675510406494
C05 1075.002 0.9357158271496723
C05 1099.99 0.09284086474532612
C06 319.994 42.20049285888672
C06 324.969 47.699607849121094
C06 349.982 73.73036193847656
C06 374.975 81.24899291992188
C06 400.019 87.2301254272461
C06 424.965 87.40349578857422
C06 450.035 88.14405059814453
C06 475.003 90.08969116210938
C06 500.018 92.00039672851562
C06 525.002 93.94416046142578
C06 550.029 95.55338287353516
C06 575.023 96.41194152832031
C06 599.982 98.08451080322266
C06 619.997 98.41456604003906
C06 624.979 98.56978607177734
C06 650.012 99.1010971069336
C06 675.004 99.4981460571289
C06 700.03 98.93728637695312
C06 725.012 98.34891510009766
C06 750.022 98.46247863769531
C06 774.987 98.47403717041016
C06 799.976 97.64261627197266
C06 824.988 95.87671661376953
C06 850.022 93.89802551269531
C06 869.967 90.73794555664062
C06 875.002 90.25773620605469
C06 899.999 83.5569076538086
C06 919.999 74.26246643066406
C06 925.012 72.22980499267578
C06 949.965 57.90094757080078
C06 975.002 43.181121826171875
C06 999.976 26.262266159057617
C06 1025.028 11.329099655151367
C06 1050.014 3.9792518615722656
C06 1075.002 0.9380470168516604
C06 1099.99 0.09307216324593741
C07 319.994 42.2152214050293
C07 324.969 47.722679138183594
C07 349.982 73.9077377319336
C07 374.975 81.48040771484375
C07 400.019 87.31683349609375
C07 424.965 87.40191650390625
C07 450.035 88.08628845214844
C07 475.003 90.00626373291016
C07 500.018 91.89291381835938
C07 525.002 93.8254623413086
C07 550.029 95.43456268310547
C07 575.023 96.2957763671875
C07 599.982 97.97120666503906
C07 619.997 98.3064193725586
C07 624.979 98.4594955444336
C07 650.012 98.99615478515625
C07 675.004 99.3971176147461
C07 700.03 98.83547973632812
C07 725.012 98.22691345214844
C07 750.022 98.31266784667969
C07 774.987 98.292724609375
C07 799.976 97.44696807861328
C07 824.988 95.67823028564453
C07 850.022 93.69497680664062
C07 869.967 90.53560638427734
C07 875.002 90.0530776977539
C07 899.999 83.3358383178711
C07 919.999 74.0987319946289
C07 925.012 72.11721801757812
C07 949.965 57.84772491455078
C07 975.002 42.999080657958984
C07 999.976 26.162296295166016
C07 1025.028 11.329315185546875
C07 1050.014 3.9792306423187256
C07 1075.002 0.9366199529712971
C07 1099.99 0.0929305712787444
C10 319.994 39.798484802246094
C10 324.969 44.96827697753906
C10 349.982 68.4263916015625
C10 374.975 75.33662414550781
C10 400.019 83.80873107910156
C10 424.965 85.46856689453125
C10 450.035 87.04367065429688
C10 475.003 89.49185943603516
C10 500.018 91.71631622314453
C10 525.002 93.84334564208984
C10 550.029 95.55623626708984
C10 575.023 96.45450592041016
C10 599.982 98.12815856933594
C10 619.997 98.44220733642578
C10 624.979 98.59751892089844
C10 650.012 99.099609375
C10 675.004 99.4549331665039
C10 700.03 98.86415100097656
C10 725.012 98.25557708740234
C10 750.022 98.36239624023438
C10 774.987 98.37975311279297
C10 799.976 97.54536437988281
C10 824.988 95.79192352294922
C10 850.022 93.8180160522461
C10 869.967 90.69036102294922
C10 875.002 90.25873565673828
C10 899.999 83.25682067871094
C10 919.999 73.87715911865234
C10 925.012 71.6963119506836
C10 949.965 57.72160339355469
C10 975.002 42.98365020751953
C10 999.976 26.07086181640625
C10 1025.028 11.181882858276367
C10 1050.014 3.9634850025177
C10 1075.002 0.9370934626346333
C10 1099.99 0.09297755247253624
C11 319.994 40.21377182006836
C11 324.969 45.4420051574707
C11 349.982 69.2482681274414
C11 374.975 76.17505645751953
C11 400.019 84.32820129394531
C11 424.965 85.79397583007812
C11 450.035 87.2595443725586
C11 475.003 89.64248657226562
C11 500.018 91.82494354248047
C11 525.002 93.92871856689453
C11 550.029 95.62501525878906
C11 575.023 96.51338958740234
C11 599.982 98.18736267089844
C11 619.997 98.49967956542969
C11 624.979 98.65106964111328
C11 650.012 99.15573120117188
C11 675.004 99.51530456542969
C11 700.03 98.94934844970703
C11 725.012 98.39505767822266
C11 750.022 98.57947540283203
C11 774.987 98.66841888427734
C11 799.976 97.85795593261719
C11 824.988 96.09256744384766
C11 850.022 94.1097640991211
C11 869.967 90.85194396972656
C11 875.002 90.38414764404297
C11 899.999 83.4814682006836
C11 919.999 74.16609954833984
C11 925.012 72.33574676513672
C11 949.965 58.127464294433594
C11 975.002 43.52867126464844
C11 999.976 26.380578994750977
C11 1025.028 11.322803497314453
C11 1050.014 3.968618869781494
C11 1075.002 0.9391608094611829
C11 1099.99 0.09318267272543398
C12 319.994 40.493675231933594
C12 324.969 45.76185607910156
C12 349.982 69.84622955322266
C12 374.975 76.77642822265625
C12 400.019 84.5670166015625
C12 424.965 85.8284912109375
C12 450.035 87.1788101196289
C12 475.003 89.48780059814453
C12 500.018 91.62355041503906
C12 525.002 93.69434356689453
C12 550.029 95.3743667602539
C12 575.023 96.2518539428711
C12 599.982 97.91996765136719
C12 619.997 98.23131561279297
C12 624.979 98.3792495727539
C12 650.012 98.88481903076172
C12 675.004 99.25049591064453
C12 700.03 98.69243621826172
C12 725.012 98.15876770019531
C12 750.022 98.35873413085938
C12 774.987 98.46990966796875
C12 799.976 97.66732025146484
C12 824.988 95.89691162109375
C12 850.022 93.92728424072266
C12 869.967 90.70165252685547
C12 875.002 90.28646087646484
C12 899.999 83.25483703613281
C12 919.999 74.18795776367188
C12 925.012 71.98626708984375
C12 949.965 57.60932159423828
C12 975.002 43.141639709472656
C12 999.976 26.14316177368164
C12 1025.028 11.27381706237793
C12 1050.014 3.9681320190429688
C12 1075.002 0.9370576264180657
C12 1099.99 0.09297399683605045
C13 319.994 40.691402435302734
C13 324.969 45.9859733581543
C13 349.982 70.29931640625
C13 374.975 77.28492736816406
C13 400.019 84.79750061035156
C13 424.965 85.89636993408203
C13 450.035 87.15269470214844
C13 475.003 89.40946197509766
C13 500.018 91.5088119506836
C13 525.002 93.55682373046875
C13 550.029 95.22176361083984
C13 575.023 96.09555053710938
C13 599.982 97.76039123535156
C13 619.997 98.07361602783203
C13 624.979 98.22594451904297
C13 650.012 98.72974395751953
C13 675.004 99.1017837524414
C13 700.03 98.54374694824219
C13 725.012 97.99938201904297
C13 750.022 98.1859130859375
C13 774.987 98.28531646728516
C13 799.976 97.47842407226562
C13 824.988 95.70687866210938
C13 850.022 93.75430297851562
C13 869.967 90.55288696289062
C13 875.002 90.12220001220703
C13 899.999 83.06539916992188
C13 919.999 74.1692886352539
C13 925.012 71.94922637939453
C13 949.965 57.53300094604492
C13 975.002 43.046775817871094
C13 999.976 26.05457878112793
C13 1025.028 11.236844062805176
C13 1050.014 3.9741265773773193
C13 1075.002 0.9354112795832369
C13 1099.99 0.0928106478155665
C14 319.994 40.970245361328125
C14 324.969 46.301727294921875
C14 349.982 70.909423828125
C14 374.975 78.02788543701172
C14 400.019 85.38839721679688
C14 424.965 86.3690185546875
C14 450.035 87.56046295166016
C14 475.003 89.78099060058594
C14 500.018 91.85958862304688
C14 525.002 93.90086364746094
C14 550.029 95.56609344482422
C14 575.023 96.4389419555664
C14 599.982 98.11518859863281
C14 619.997 98.43151092529297
C14 624.979 98.58448028564453
C14 650.012 99.09329986572266
C14 675.004 99.46971130371094
C14 700.03 98.90388488769531
C14 725.012 98.33580780029297
C14 750.022 98.49816131591797
C14 774.987 98.56697082519531
C14 799.976 97.74459075927734
C14 824.988 95.97490692138672
C14 850.022 94.00845336914062
C14 869.967 90.8402328491211
C14 875.002 90.39440155029297
C14 899.999 83.2982177734375
C14 919.999 74.27737426757812
C14 925.012 72.3048324584961
C14 949.965 57.9983024597168
C14 975.002 43.38222885131836
C14 999.976 26.226102828979492
C14 1025.028 11.294082641601562
C14 1050.014 3.9838273525238037
C14 1075.002 0.9383863299519319
C14 1099.99 0.09310582958002582
C15 319.994 41.284542083740234
C15 324.969 46.660152435302734
C15 349.982 71.57318115234375
C15 374.975 78.7858657836914
C15 400.019 85.95701599121094
C15 424.965 86.80924224853516
C15 450.035 87.9289779663086
C15 475.003 90.10906982421875
C15 500.018 92.16290283203125
C15 525.002 94.19528198242188
C15 550.029 95.8597183227539
C15 575.023 96.7339859008789
C15 599.982 98.41121673583984
C15 619.997 98.73697662353516
C15 624.979 98.89115905761719
C15 650.012 99.4049301147461
C15 675.004 99.78311157226562
C15 700.03 99.21107482910156
C15 725.012 98.61571502685547
C15 750.022 98.74044036865234
C15 774.987 98.77387237548828
C15 799.976 97.94208526611328
C15 824.988 96.15972900390625
C15 850.022 94.20643615722656
C15 869.967 91.09564208984375
C15 875.002 90.57540893554688
C15 899.999 83.41089630126953
C15 919.999 74.20854949951172
C15 925.012 72.31426239013672
C15 949.965 58.16130065917969
C15 975.002 43.63310623168945
C15 999.976 26.29875946044922
C15 1025.028 11.300254821777344
C15 1050.014 3.984969139099121
C15 1075.002 0.940694878783568
C15 1099.99 0.09333488167428051
C16 319.994 41.272056579589844
C16 324.969 46.64788818359375
C16 349.982 71.63356018066406
C16 374.975 78.89593505859375
C16 400.019 85.89390563964844
C16 424.965 86.64849090576172
C16 450.035 87.7063980102539
C16 475.003 89.84494018554688
C16 500.018 91.87293243408203
C16 525.002 93.88375091552734
C16 550.029 95.5331802368164
C16 575.023 96.40479278564453
C16 599.982 98.07746887207031
C16 619.997 98.40253448486328
C16 624.979 98.55500030517578
C16 650.012 99.07225799560547
C16 675.004 99.45332336425781
C16 700.03 98.8752212524414
C16 725.012 98.24942016601562
C16 750.022 98.34383392333984
C16 774.987 98.33490753173828
C16 799.976 97.4964599609375
C16 824.988 95.72447967529297
C16 850.022 93.75721740722656
C16 869.967 90.68416595458984
C16 875.002 90.21198272705078
C16 899.999 83.12841033935547
C16 919.999 73.94900512695312
C16 925.012 71.9281005859375
C16 949.965 57.75493240356445
C16 975.002 43.299800872802734
C16 999.976 26.12533950805664
C16 1025.028 11.24342155456543
C16 1050.014 3.985915422439575
C16 1075.002 0.9369168704610203
C16 1099.99 0.09296003115930225
C17 319.994 41.346351623535156
C17 324.969 46.7370719909668
C17 349.982 71.89714813232422
C17 374.975 79.20410919189453
C17 400.019 86.05963134765625
C17 424.965 86.72473907470703
C17 450.035 87.73902893066406
C17 475.003 89.85697174072266
C17 500.018 91.87095642089844
C17 525.002 93.87635803222656
C17 550.029 95.52472686767578
C17 575.023 96.39736938476562
C17 599.982 98.0766372680664
C17 619.997 98.40039825439453
C17 624.979 98.55352020263672
C17 650.012 99.07720184326172
C17 675.004 99.45706176757812
C17 700.03 98.87313842773438
C17 725.012 98.23904418945312
C17 750.022 98.29967498779297
C17 774.987 98.26335906982422
C17 799.976 97.4095458984375
C17 824.988 95.64799499511719
C17 850.022 93.66604614257812
C17 869.967 90.6044692993164
C17 875.002 90.16124725341797
C17 899.999 83.1480941772461
C17 919.999 73.937255859375
C17 925.012 71.85861206054688
C17 949.965 57.671817779541016
C17 975.002 43.239749908447266
C17 999.976 26.15912437438965
C17 1025.028 11.305671691894531
C17 1050.014 4.0109992027282715
C17 1075.002 0.9364961711971491
C17 1099.99 0.09291828976482942
