lsstCam/transmission_sensor/r22_s10/19700101T000000.ecsv
# %ECSV 1.0
# ---
# datatype:
# - {name: amp_name, datatype: string}
# - {name: wavelength, unit: nm, datatype: float32}
# - {name: efficiency, unit: '%', datatype: float64}
# meta: !!omap
# - {MODE: AMP}
# - {TYPE: transmission_sensor}
# - {CALIBDATE: '1970-01-01T00:00:00'}
# - {INSTRUME: LSSTCam}
# - {OBSTYPE: transmission_sensor}
# - {DETECTOR: 93}
# - {PARQUETFILE: qe_raft_allvalues_nircorrected_20230725_adjust.parquet}
# - {CORRFILE: qe_corr_factor_bydetnum.parquet}
# - {CALIBCLS: lsst.ip.isr.IntermediateSensorTransmissionCurve}
# - {CALIB_ID: 'raftName=R22 detectorName=S10 detector=93 calibDate=1970-01-01T00:00:00 ccd=93 ccdnum=93 filter=None'}
# - {DATE: '2025-03-03T21:56:47.898345'}
# - {CALIB_CREATION_DATE: '2025-03-03'}
# - {CALIB_CREATION_TIME: '21:56:47'}
# - __serialized_columns__:
#     efficiency:
#       __class__: astropy.units.quantity.Quantity
#       unit: !astropy.units.Unit {unit: '%'}
#       value: !astropy.table.SerializedColumn {name: efficiency}
#     wavelength:
#       __class__: astropy.units.quantity.Quantity
#       unit: !astropy.units.Unit {unit: nm}
#       value: !astropy.table.SerializedColumn {name: wavelength}
# schema: astropy-2.0
amp_name wavelength efficiency
C00 319.994 41.12087285827779
C00 324.969 46.47463071484866
C00 349.982 71.03952383888702
C00 374.975 77.93259948116054
C00 400.019 85.30909521576635
C00 424.965 86.36647630886958
C00 450.035 87.60884652433204
C00 475.003 89.86255127005529
C00 500.018 91.97038582658136
C00 525.002 94.02474152881982
C00 550.029 95.69387973032104
C00 575.023 96.57328344103955
C00 599.982 98.22677712783211
C00 619.997 98.54292478430567
C00 624.979 98.68692925425117
C00 650.012 99.18688084257572
C00 675.004 99.55194245828261
C00 700.03 98.9629104220812
C00 725.012 98.3643968618139
C00 750.022 98.48712907373421
C00 774.987 98.51894570408749
C00 799.976 97.68129893121065
C00 824.988 95.91389696699135
C00 850.022 93.89498228414425
C00 869.967 90.7486532187429
C00 875.002 90.27275717454029
C00 899.999 83.06325860573969
C00 919.999 73.9751336783149
C00 925.012 72.05994228091414
C00 949.965 58.007662202536174
C00 975.002 43.358099632741414
C00 999.976 26.114460896039635
C00 1025.028 11.189225881426266
C00 1050.014 3.9432114974871326
C00 1075.002 0.938281612944896
C00 1099.99 0.09309543965478924
C01 319.994 41.28143176338667
C01 324.969 46.657857344226294
C01 349.982 71.46341678214453
C01 374.975 78.47570729676552
C01 400.019 85.61153289429629
C01 424.965 86.5131799546177
C01 450.035 87.6606125871755
C01 475.003 89.85299328208566
C01 500.018 91.91996552844402
C01 525.002 93.95174908629342
C01 550.029 95.61754581520046
C01 575.023 96.47729830265344
C01 599.982 98.14280446872621
C01 619.997 98.45430311985135
C01 624.979 98.5989498865884
C01 650.012 99.10779422691989
C01 675.004 99.48197033995461
C01 700.03 98.91996829373127
C01 725.012 98.3849121271919
C01 750.022 98.58743442268259
C01 774.987 98.69843707176659
C01 799.976 97.88571753151453
C01 824.988 96.10563020566194
C01 850.022 94.13179864046995
C01 869.967 90.93771022078201
C01 875.002 90.43445539181515
C01 899.999 83.15951901417934
C01 919.999 74.0730151215142
C01 925.012 72.04262320671319
C01 949.965 57.96407395419951
C01 975.002 43.44011481591114
C01 999.976 26.266970063680503
C01 1025.028 11.304471321369972
C01 1050.014 3.943106598569166
C01 1075.002 0.9392364385892332
C01 1099.99 0.09319017657804009
C02 319.994 41.529327739366764
C02 324.969 46.9396000672044
C02 349.982 72.04618642462826
C02 374.975 79.13968925142953
C02 400.019 86.00383095252141
C02 424.965 86.72782177885388
C02 450.035 87.7831612857268
C02 475.003 89.92096204613523
C02 500.018 91.94784426775381
C02 525.002 93.95638279886109
C02 550.029 95.6103582082473
C02 575.023 96.4651634811272
C02 599.982 98.13831603757568
C02 619.997 98.451894506883
C02 624.979 98.60382063725771
C02 650.012 99.11688578507659
C02 675.004 99.49518330252381
C02 700.03 98.95099734587585
C02 725.012 98.43736636516917
C02 750.022 98.65655014528852
C02 774.987 98.78461953769107
C02 799.976 97.98770508634557
C02 824.988 96.18218586610342
C02 850.022 94.23936041388488
C02 869.967 91.1120479213479
C02 875.002 90.60548220534837
C02 899.999 83.21828152421658
C02 919.999 74.10160497512894
C02 925.012 72.10293793399669
C02 949.965 57.97717604410827
C02 975.002 43.5122699786914
C02 999.976 26.34547937686297
C02 1025.028 11.366384144241989
C02 1050.014 3.987543118338129
C02 1075.002 0.9398947475396267
C02 1099.99 0.09325549338732211
C03 319.994 41.57899869124729
C03 324.969 46.99581250605134
C03 349.982 72.28657364525941
C03 374.975 79.48611661379086
C03 400.019 86.06005486095391
C03 424.965 86.61917421800561
C03 450.035 87.57654052499473
C03 475.003 89.65507411360113
C03 500.018 91.6388536326719
C03 525.002 93.62300782487108
C03 550.029 95.25102373893182
C03 575.023 96.11199200245451
C03 599.982 97.77213804887393
C03 619.997 98.09346231163184
C03 624.979 98.24790410444015
C03 650.012 98.761925051056
C03 675.004 99.14276117010795
C03 700.03 98.60434059180326
C03 725.012 98.08546418729885
C03 750.022 98.29710098011739
C03 774.987 98.40646730166098
C03 799.976 97.61595287905995
C03 824.988 95.82725571764432
C03 850.022 93.85164254349479
C03 869.967 90.80152036180047
C03 875.002 90.33568696733228
C03 899.999 83.1315332254043
C03 919.999 73.72178582599695
C03 925.012 71.71655053553197
C03 949.965 57.83819525263961
C03 975.002 43.314706367359335
C03 999.976 26.223349318184745
C03 1025.028 11.322223372425949
C03 1050.014 3.982704386928509
C03 1075.002 0.9364704391962893
C03 1099.99 0.09291573665934362
C04 319.994 41.82396609971349
C04 324.969 47.27304385870779
C04 349.982 72.862339194159
C04 374.975 80.21636218745064
C04 400.019 86.64131051814324
C04 424.965 87.0794410402803
C04 450.035 87.96373079444888
C04 475.003 89.99776239106873
C04 500.018 91.96148542818405
C04 525.002 93.93205198468563
C04 550.029 95.55659643751578
C04 575.023 96.42062325718877
C04 599.982 98.09159659238016
C04 619.997 98.4187015262621
C04 624.979 98.57359445610258
C04 650.012 99.09484124162346
C04 675.004 99.48550297230818
C04 700.03 98.94255573090108
C04 725.012 98.4006407521947
C04 750.022 98.58574457040957
C04 774.987 98.6703977582589
C04 799.976 97.87097529087018
C04 824.988 96.09440530459042
C04 850.022 94.10200830356624
C04 869.967 91.02696653563751
C04 875.002 90.56219598943154
C04 899.999 83.68695937590454
C04 919.999 74.08030213154224
C04 925.012 71.9829966545635
C04 949.965 57.957543936818674
C04 975.002 43.43499555755461
C04 999.976 26.362079690368606
C04 1025.028 11.36429763546822
C04 1050.014 3.992297261554219
C04 1075.002 0.9392205675372112
C04 1099.99 0.09318860186683889
C05 319.994 41.970543580020404
C05 324.969 47.439673997774975
C05 349.982 73.24324413072434
C05 374.975 80.67607846961829
C05 400.019 86.86872181430685
C05 424.965 87.16686986783601
C05 450.035 87.97149952707059
C05 475.003 89.9604250668642
C05 500.018 91.89265262202203
C05 525.002 93.84810991114122
C05 550.029 95.46432744485224
C05 575.023 96.3240875786956
C05 599.982 97.9982035803314
C05 619.997 98.32621843466805
C05 624.979 98.47954385448152
C05 650.012 99.00731301099286
C05 675.004 99.40120151841613
C05 700.03 98.85125018342488
C05 725.012 98.28587607904586
C05 750.022 98.43662466530273
C05 774.987 98.4816542582252
C05 799.976 97.671373916503
C05 824.988 95.90326848436912
C05 850.022 93.91534462171472
C05 869.967 90.79677195337717
C05 875.002 90.32528787642133
C05 899.999 83.6350250924728
C05 919.999 74.18106626391318
C05 925.012 72.09084134442233
C05 949.965 57.85567872423364
C05 975.002 43.32485695058307
C05 999.976 26.32892685329718
C05 1025.028 11.33288530800606
C05 1050.014 3.985534268216614
C05 1075.002 0.937800301950325
C05 1099.99 0.09304768442007923
C06 319.994 42.29450202426274
C06 324.969 47.80586727925747
C06 349.982 73.89460954126845
C06 374.975 81.42998962149086
C06 400.019 87.42444617403174
C06 424.965 87.59820274892907
C06 450.035 88.34040727713645
C06 475.003 90.29038210435627
C06 500.018 92.20534411004577
C06 525.002 94.15343792523318
C06 550.029 95.76624516883663
C06 575.023 96.62671641698492
C06 599.982 98.30301163987781
C06 619.997 98.63380213392082
C06 624.979 98.78936794611437
C06 650.012 99.3218625718779
C06 675.004 99.7197960198099
C06 700.03 99.15768692412131
C06 725.012 98.56800494473795
C06 750.022 98.6818214654802
C06 774.987 98.69340574689937
C06 799.976 97.86013270931744
C06 824.988 96.09029919295867
C06 850.022 94.10720020263133
C06 869.967 90.94008060179847
C06 875.002 90.45880149877136
C06 899.999 83.74304564931026
C06 919.999 74.42789939163104
C06 925.012 72.39070983578603
C06 949.965 58.029932314505395
C06 975.002 43.27731551842218
C06 999.976 26.320770066363906
C06 1025.028 11.354337256205078
C06 1050.014 3.9881163586666073
C06 1075.002 0.9401366847954109
C06 1099.99 0.09327949817957785
C07 319.994 42.309263380883024
C07 324.969 47.82898996375357
C07 349.982 74.07238047111302
C07 374.975 81.6619199343665
C07 400.019 87.51134740065153
C07 424.965 87.59661994612131
C07 450.035 88.28251645560205
C07 475.003 90.20676882559803
C07 500.018 92.09762176243296
C07 525.002 94.03447538376808
C07 550.029 95.64716028512554
C07 575.023 96.51029247712457
C07 599.982 98.18945509640834
C07 619.997 98.52541455034532
C07 624.979 98.6788317268433
C07 650.012 99.21668647226019
C07 675.004 99.61854251845493
C07 700.03 99.05565349094802
C07 725.012 98.44573151624019
C07 750.022 98.53167694406302
C07 774.987 98.51168927962094
C07 799.976 97.66404867452307
C07 824.988 95.89137070094453
C07 850.022 93.90369916917254
C07 869.967 90.73729068264463
C07 875.002 90.25368707694331
C07 899.999 83.52148384178408
C07 919.999 74.26380020777822
C07 925.012 72.27787205301188
C07 949.965 57.97659109524453
C07 975.002 43.094868820862864
C07 999.976 26.220577501673556
C07 1025.028 11.354553266733191
C07 1050.014 3.988095092143375
C07 1075.002 0.9387064418743483
C07 1099.99 0.09313759079088718
C10 319.994 39.88714306393987
C10 324.969 45.06845187836765
C10 349.982 68.5788236593033
C10 374.975 75.50444998540614
C10 400.019 83.9954300564409
C10 424.965 85.65896345379673
C10 450.035 87.23757603964009
C10 475.003 89.69121860090705
C10 500.018 91.92063076440671
C10 525.002 94.05239852280872
C10 550.029 95.76910491883714
C10 575.023 96.66937562889093
C10 599.982 98.34675663921716
C10 619.997 98.66150500625197
C10 624.979 98.81716257513003
C10 650.012 99.32037152575464
C10 675.004 99.67648686472197
C10 700.03 99.08438862597988
C10 725.012 98.47445900488168
C10 750.022 98.5815161165318
C10 774.987 98.59891165463652
C10 799.976 97.76266417119844
C10 824.988 96.00531721032317
C10 850.022 94.0270125067614
C10 869.967 90.89239006502525
C10 875.002 90.45980317591058
C10 899.999 83.44229017666298
C10 919.999 74.04173373848722
C10 925.012 71.85602834237505
C10 949.965 57.850188615943885
C10 975.002 43.07940399632802
C10 999.976 26.128939336216018
C10 1025.028 11.206792507515633
C10 1050.014 3.9723143761061324
C10 1075.002 0.9391810063653709
C10 1099.99 0.09318467664371301
C11 319.994 40.303355208064986
C11 324.969 45.543235372770596
C11 349.982 69.40253106252523
C11 374.975 76.34475005574335
C11 400.019 84.51605748434133
C11 424.965 85.98509729610095
C11 450.035 87.45393065532042
C11 475.003 89.84218128609443
C11 500.018 92.02950007057588
C11 525.002 94.13796163111276
C11 550.029 95.83803712807406
C11 575.023 96.72839046981056
C11 599.982 98.40609262853258
C11 619.997 98.71910526495209
C11 624.979 98.87083258917704
C11 650.012 99.37661837335826
C11 675.004 99.73699275176484
C11 700.03 99.16977586730529
C11 725.012 98.61425031373017
C11 750.022 98.7990788618915
C11 774.987 98.88822048089138
C11 799.976 98.07595207767149
C11 824.988 96.30663086946788
C11 850.022 94.31941047472804
C11 869.967 91.05433296679213
C11 875.002 90.5854945409063
C11 899.999 83.66743814127538
C11 919.999 74.33131783479561
C11 925.012 72.49688761254295
C11 949.965 58.25695364475983
C11 975.002 43.62563918559667
C11 999.976 26.439346465115023
C11 1025.028 11.348027072547534
C11 1050.014 3.9774596799798783
C11 1075.002 0.9412529585777002
C11 1099.99 0.09339025383875693
C12 319.994 40.58388215497336
C12 324.969 45.86379881968612
C12 349.982 70.00182455461083
C12 374.975 76.9474614843269
C12 400.019 84.75540479588139
C12 424.965 86.01968956616061
C12 450.035 87.3730165523648
C12 475.003 89.68715072122718
C12 500.018 91.82765830382861
C12 525.002 93.90306451877136
C12 550.029 95.5868302650613
C12 575.023 96.46627220773168
C12 599.982 98.13810193864515
C12 619.997 98.45014348348697
C12 624.979 98.59840699287172
C12 650.012 99.10510269750765
C12 675.004 99.4715941882148
C12 700.03 98.91229131779407
C12 725.012 98.37743395740446
C12 750.022 98.57784584915147
C12 774.987 98.68926904970613
C12 799.976 97.88489172135395
C12 824.988 96.11053918828314
C12 850.022 94.13652410972213
C12 869.967 90.9037067227813
C12 875.002 90.48759015853587
C12 899.999 83.44030211516531
C12 919.999 74.35322474322199
C12 925.012 72.14662940860342
C12 949.965 57.73765668878476
C12 975.002 43.23774544822795
C12 999.976 26.20140035461131
C12 1025.028 11.29893151154278
C12 1050.014 3.9769717446940294
C12 1075.002 0.9391450903172046
C12 1099.99 0.09318111308640935
C13 319.994 40.7820498311451
C13 324.969 46.0884153601674
C13 349.982 70.45592073985235
C13 374.975 77.45709340286707
C13 400.019 84.98640224913119
C13 424.965 86.08771950133318
C13 450.035 87.3468429581088
C13 475.003 89.60863758484952
C13 500.018 91.7126642389685
C13 525.002 93.76523833224942
C13 550.029 95.4338871647666
C13 575.023 96.30962060810478
C13 599.982 97.97817003754707
C13 619.997 98.2920925944213
C13 624.979 98.44476042466248
C13 650.012 98.94968216673124
C13 675.004 99.3225507470117
C13 700.03 98.76327081576213
C13 725.012 98.21769321606578
C13 750.022 98.40463981436119
C13 774.987 98.50426463456614
C13 799.976 97.69557474204207
C13 824.988 95.92008289680528
C13 850.022 93.96315750073396
C13 869.967 90.75460975684558
C13 875.002 90.32296337374711
C13 899.999 83.25044224213676
C13 919.999 74.33451402597265
C13 925.012 72.1095061833294
C13 949.965 57.661166022661476
C13 975.002 43.14267023029653
C13 999.976 26.112620027556687
C13 1025.028 11.261876147983356
C13 1050.014 3.982979656982034
C13 1075.002 0.9374950759495729
C13 1099.99 0.09301740017668998
C14 319.994 41.06151392979126
C14 324.969 46.404872695451175
C14 349.982 71.06738728541606
C14 374.975 78.2017065440428
C14 400.019 85.57861518372891
C14 424.965 86.56142103149797
C14 450.035 87.75551958451865
C14 475.003 89.98099385697483
C14 500.018 92.06422232927191
C14 525.002 94.1100446598511
C14 550.029 95.77898405520256
C14 575.023 96.65377699252451
C14 599.982 98.33375777557848
C14 619.997 98.65078476694525
C14 624.979 98.80409489397796
C14 650.012 99.31404796091394
C14 675.004 99.69129792287968
C14 700.03 99.12421102705652
C14 725.012 98.5548684460725
C14 750.022 98.71758363326734
C14 774.987 98.78654642806575
C14 799.976 97.96233436307901
C14 824.988 96.18870823709389
C14 850.022 94.21787405692916
C14 869.967 91.04259575756544
C14 875.002 90.59577128957123
C14 899.999 83.48377949084151
C14 919.999 74.44284043842515
C14 925.012 72.46590443874064
C14 949.965 58.12750407889447
C14 975.002 43.478870545530356
C14 999.976 26.284526175983103
C14 1025.028 11.319242235978225
C14 1050.014 3.992702042344732
C14 1075.002 0.9404767537764601
C14 1099.99 0.0933132395114626
C15 319.994 41.37651080451327
C15 324.969 46.764096292106224
C15 349.982 71.73262324810169
C15 374.975 78.96137542786829
C15 400.019 86.1485006584296
C15 424.965 87.00262540256605
C15 450.035 88.12485553244557
C15 475.003 90.30980393591054
C15 500.018 92.36821222504811
C15 525.002 94.40511886444924
C15 550.029 96.07326303520162
C15 575.023 96.94947820113346
C15 599.982 98.63044536854589
C15 619.997 98.9569309448074
C15 624.979 99.11145684790985
C15 650.012 99.62637242219965
C15 675.004 100.00539634673255
C15 700.03 99.43208528914357
C15 725.012 98.83539921617607
C15 750.022 98.96040240603796
C15 774.987 98.99390888866427
C15 799.976 98.1602688243443
C15 824.988 96.37394204394514
C15 850.022 94.4162978871785
C15 869.967 91.29857396817265
C15 875.002 90.77718190123463
C15 899.999 83.59670903030018
C15 919.999 74.373862350846
C15 925.012 72.475355377245
C15 949.965 58.29086538607604
C15 975.002 43.73030680025439
C15 999.976 26.357344663128455
C15 1025.028 11.325428165792163
C15 1050.014 3.993846372454395
C15 1075.002 0.9427904453145953
C15 1099.99 0.09354280186033163
C16 319.994 41.36399748666345
C16 324.969 46.75180471957729
C16 349.982 71.79313678153495
C16 374.975 79.07168990181846
C16 400.019 86.08524971724182
C16 424.965 86.84151595735011
C16 450.035 87.90177973962498
C16 475.003 90.04508590110392
C16 500.018 92.077595866039
C16 525.002 94.09289380623841
C16 550.029 95.74599752712179
C16 575.023 96.6195517492029
C16 599.982 98.29595402156103
C16 619.997 98.62174377629835
C16 624.979 98.77454924156628
C16 650.012 99.29295921625777
C16 675.004 99.67487347635269
C16 700.03 99.09548353841502
C16 725.012 98.46828836784849
C16 750.022 98.56291244874774
C16 774.987 98.55396617200817
C16 799.976 97.71365080889022
C16 824.988 95.93772311940201
C16 850.022 93.96607842185747
C16 869.967 90.88618119604018
C16 875.002 90.41294609568831
C16 899.999 83.31359378024963
C16 919.999 74.11373979665517
C16 925.012 72.0883333283791
C16 949.965 57.883591872300116
C16 975.002 43.39625894391133
C16 999.976 26.18353838669368
C16 1025.028 11.268468292286004
C16 1050.014 3.9947947638106807
C16 1075.002 0.9390040208010242
C16 1099.99 0.09316711629861182
C17 319.994 41.43845803614198
C17 324.969 46.841187199874
C17 349.982 72.05731192262489
C17 374.975 79.38055054826398
C17 400.019 86.2513446089827
C17 424.965 86.91793398276484
C17 450.035 87.93448335126185
C17 475.003 90.0571442587264
C17 500.018 92.0756154509317
C17 525.002 94.08548445396436
C17 550.029 95.73752532658553
C17 575.023 96.61211181136734
C17 599.982 98.29512056501008
C17 619.997 98.61960278699316
C17 624.979 98.77306584183339
C17 650.012 99.29791407722122
C17 675.004 99.67862020763678
C17 700.03 99.09339607384246
C17 725.012 98.45788927693754
C17 750.022 98.5186551412532
C17 774.987 98.48225832306488
C17 799.976 97.62654312973028
C17 824.988 95.86106805588565
C17 850.022 93.8747040568679
C17 869.967 90.80630700217566
C17 875.002 90.36209759968993
C17 899.999 83.33332146741893
C17 919.999 74.1019643554766
C17 925.012 72.01869000483725
C17 949.965 57.80029209554728
C17 975.002 43.33607420526422
C17 999.976 26.21739851487486
C17 1025.028 11.330857102958907
C17 1050.014 4.019934422718077
C17 1075.002 0.9385823843541015
C17 1099.99 0.0931252819176976
