lsstCam/transmission_filter_detector/r23_s11/i_39/19700101T000000.ecsv
# %ECSV 1.0
# ---
# datatype:
# - {name: wavelength, unit: nm, datatype: float32}
# - {name: efficiency, unit: '%', datatype: float64}
# meta: !!omap
# - {MODE: DETECTOR}
# - {TYPE: transmission_filter_detector}
# - {CALIBDATE: '1970-01-01T00:00:00'}
# - {INSTRUME: LSSTCam}
# - {OBSTYPE: transmission_filter_detector}
# - {CALIBCLS: lsst.ip.isr.IntermediateFilterDetectorTransmissionCurve}
# - {SOURCE: Materion (DM-46256)}
# - {DETECTOR: 103}
# - {FILTER: i_39}
# - {CALIB_ID: 'calibDate=1970-01-01T00:00:00 filter=i_39 detector=103'}
# - {DATE: '2025-04-02T15:59:46.957799'}
# - {CALIB_CREATION_DATE: '2025-04-02'}
# - {CALIB_CREATION_TIME: '15:59:46'}
# - __serialized_columns__:
#     efficiency:
#       __class__: astropy.units.quantity.Quantity
#       unit: !astropy.units.Unit {unit: '%'}
#       value: !astropy.table.SerializedColumn {name: efficiency}
#     wavelength:
#       __class__: astropy.units.quantity.Quantity
#       unit: !astropy.units.Unit {unit: nm}
#       value: !astropy.table.SerializedColumn {name: wavelength}
# schema: astropy-2.0
wavelength efficiency
300.0 0.044057267950847745
301.0 0.011705786164384335
302.0 1.5955325168709455e-10
303.0 0.007635066140210256
304.0 0.035915811895392835
305.0 0.023711449466645718
306.0 0.011507089948281646
307.0 0.004043599983560853
308.0 1.5955325168709455e-10
309.0 0.0013263533219287638
310.0 0.006072593168937601
311.0 0.001925089418364223
312.0 1.5955325168709455e-10
313.0 1.5955325168709455e-10
314.0 1.5955325168709455e-10
315.0 1.5955325168709455e-10
316.0 1.5955325168709455e-10
317.0 1.5955325168709455e-10
318.0 1.5955325168709455e-10
319.0 1.5955325168709455e-10
320.0 1.5955325168709455e-10
321.0 1.5955325168709455e-10
322.0 0.0002756132289505331
323.0 0.00019057814597545075
324.0 0.00010554325626799255
325.0 1.5955325168709455e-10
326.0 1.5955325168709455e-10
327.0 1.5955325168709455e-10
328.0 0.0005896607945032883
329.0 1.5955325168709455e-10
330.0 1.5955325168709455e-10
331.0 5.667874916071014e-05
332.0 0.0010599271263345145
333.0 0.0008329926458827686
334.0 0.000606058347329963
335.0 0.0016289233826682903
336.0 0.0026517887818044983
337.0 0.002067443710984662
338.0 0.0014830980035185348
339.0 0.0014474767340288963
340.0 0.001411855555488728
341.0 5.529881264010328e-05
342.0 1.5955325168709455e-10
343.0 0.00035036982808378525
344.0 0.0020019981093355455
345.0 0.0008606244591646828
346.0 1.5955325168709455e-10
347.0 1.5955325168709455e-10
348.0 1.5955325168709455e-10
349.0 1.5955325168709455e-10
350.0 0.0007358775746979518
351.0 0.0003396169631741941
352.0 1.5955325168709455e-10
353.0 1.5955325168709455e-10
354.0 1.5955325168709455e-10
355.0 1.5955325168709455e-10
356.0 1.5955325168709455e-10
357.0 0.000628691486781463
358.0 0.0012665888789342716
359.0 0.0007585555977129843
360.0 0.0002505221118553891
361.0 0.0003764027042052476
362.0 0.0005022833192924736
363.0 0.0002663847908479511
364.0 3.0486251034744782e-05
365.0 0.0002893610144383274
366.0 0.0005482360393216368
367.0 8.508591236022767e-05
368.0 1.5955325168709455e-10
369.0 0.0004795002041646512
370.0 0.001337064622930484
371.0 0.0010765573279059026
372.0 0.0008160500328813214
373.0 0.000987424482445931
374.0 0.0011587989320105407
375.0 0.0005659073394781444
376.0 1.5955325168709455e-10
377.0 1.5955325168709455e-10
378.0 1.5955325168709455e-10
379.0 1.5955325168709455e-10
380.0 1.5955325168709455e-10
381.0 1.5955325168709455e-10
382.0 1.5955325168709455e-10
383.0 0.00032379416552430484
384.0 0.0012166706255811732
385.0 0.0006031924840499414
386.0 1.5955325168709455e-10
387.0 1.5955325168709455e-10
388.0 1.5955325168709455e-10
389.0 1.5955325168709455e-10
390.0 1.5955325168709455e-10
391.0 1.804828571039252e-05
392.0 0.00042447900341358036
393.0 3.973118509748019e-05
394.0 1.5955325168709455e-10
395.0 2.918928565520673e-06
396.0 0.0003508545205477276
397.0 0.0003357395826242282
398.0 0.00032062471291283146
399.0 0.0008216821697715204
400.0 0.0013227397175796796
401.0 0.003918599759344943
402.0 0.006514458800666034
403.0 0.006506089266622439
404.0 0.006497720460174605
405.0 0.004640654879040085
406.0 0.0027835889341076836
407.0 0.002318317820027005
408.0 0.0018530454326537438
409.0 0.001461258580093272
410.0 0.0010694709089875687
411.0 0.0036342251405585557
412.0 0.006198979826876894
413.0 0.004639031976694241
414.0 0.0030790844903094694
415.0 0.003826226748060435
416.0 0.004573369005811401
417.0 0.003701419336721301
418.0 0.0028294696676312014
419.0 0.003293946065241471
420.0 0.0037584224628517404
421.0 0.004520721995504573
422.0 0.0052830215281574056
423.0 0.005278959361021407
424.0 0.005274896830087528
425.0 0.005330760177457705
426.0 0.0053866224334342405
427.0 0.004587478906614706
428.0 0.0037883350159972906
429.0 0.003935994391213171
430.0 0.004083654494024813
431.0 0.0034285221772734076
432.0 0.002773389860522002
433.0 0.0025636469217715785
434.0 0.002353903983021155
435.0 0.002044433495029807
436.0 0.0017349626432405785
437.0 0.0016346812117262743
438.0 0.001534400144009851
439.0 0.0017571588614373468
440.0 0.001979917760763783
441.0 0.0013538212442654185
442.0 0.0007277250460901996
443.0 0.0008250754945038352
444.0 0.0009224259883922059
445.0 0.0009141918781097047
446.0 0.0009059578587766737
447.0 0.00045505048547056504
448.0 4.143127441125216e-06
449.0 1.5955325168709455e-10
450.0 1.5955325168709455e-10
451.0 8.097229624581814e-05
452.0 0.0005466965376399457
453.0 0.0006842582024546573
454.0 0.0008218200491683092
455.0 0.0009061866876436397
456.0 0.0009905534170684405
457.0 0.0006693914656352717
458.0 0.00034822953693947056
459.0 0.0003093527539022034
460.0 0.00027047587991546607
461.0 0.0004170734882791294
462.0 0.0005636711648548953
463.0 0.0005147918272996321
464.0 0.00046591244426963385
465.0 0.0002731026597757591
466.0 8.029281275412359e-05
467.0 0.00038396524359995965
468.0 0.00068763765739277
469.0 0.0005567682364926441
470.0 0.000425898770117783
471.0 0.00035393711641518166
472.0 0.00028197553092468297
473.0 0.0006054714503989089
474.0 0.0009289674380852375
475.0 0.0008278625500679482
476.0 0.0007267576620506588
477.0 0.0008755147064221092
478.0 0.0010242715688946191
479.0 0.001220963258674601
480.0 0.0014176550394040532
481.0 0.002488501377229113
482.0 0.0035593475331552327
483.0 0.005235073695075698
484.0 0.006910799129400402
485.0 0.00788369434303604
486.0 0.008856589556671679
487.0 0.011502785491757095
488.0 0.014148979971650988
489.0 0.016996960039250553
490.0 0.019844938651658595
491.0 0.021803802519571036
492.0 0.023762666387483478
493.0 0.024821539409458637
494.0 0.02588040952105075
495.0 0.023018634237814695
496.0 0.020156857499387115
497.0 0.016391449025832117
498.0 0.012626040552277118
499.0 0.008780163625488058
500.0 0.004934287426294759
501.0 0.0035938577639171854
502.0 0.002253428283438552
503.0 0.0023787468308000825
504.0 0.0025040651962626725
505.0 0.0021252695660223253
506.0 0.001746473935781978
507.0 0.0018552942492533475
508.0 0.001964114562724717
509.0 0.0020524768842733465
510.0 0.0021408395696198568
511.0 0.0017927783119375817
512.0 0.001444717145204777
513.0 0.001812377740861848
514.0 0.0021800386093673296
515.0 0.0024626961021567695
516.0 0.0027453535949462093
517.0 0.0024537674107705243
518.0 0.0021621814084937796
519.0 0.0020780049453605898
520.0 0.0019938284822274
521.0 0.0017748887330526486
522.0 0.001555948801978957
523.0 0.0015040645848785061
524.0 0.0014521803677780554
525.0 0.00200094891624758
526.0 0.002549717464717105
527.0 0.002489579128450714
528.0 0.0024294411559822038
529.0 0.002205215423600748
530.0 0.0019809895093203522
531.0 0.0017957421732717194
532.0 0.0016104952010209672
533.0 0.0016278354451060295
534.0 0.0016451756891910918
535.0 0.0017894068150781095
536.0 0.0019336377590661868
537.0 0.0025615889171604067
538.0 0.0031895400752546266
539.0 0.003849391214316711
540.0 0.004509241989580914
541.0 0.0052089231758145615
542.0 0.005908604725846089
543.0 0.0053070776630192995
544.0 0.00470555096399039
545.0 0.0036406650906428695
546.0 0.002575779399194289
547.0 0.0020856175979133695
548.0 0.00159545579663245
549.0 0.0016401154425693676
550.0 0.0016847754523041658
551.0 0.0015747564248158596
552.0 0.0014647375792264938
553.0 0.0014496493349724915
554.0 0.0014345610907184891
555.0 0.0010392984222562518
556.0 0.0006440357537940145
557.0 0.0007237954832817195
558.0 0.0008035553037188947
559.0 0.0005181831966183381
560.0 0.00023281095309357625
561.0 0.0008584529496147297
562.0 0.0014840950825600885
563.0 0.0016208248780458234
564.0 0.0017575546735315584
565.0 0.0014784096492803656
566.0 0.0011992649888270535
567.0 0.0009507170943834353
568.0 0.0007021695182629628
569.0 0.0006515793756989297
570.0 0.0006009892786096316
571.0 0.000617573414274375
572.0 0.0006341575499391183
573.0 0.00048533861445321236
574.0 0.0003365196789673064
575.0 0.000496580105391331
576.0 0.0006566404863406206
577.0 0.0005351659638108686
578.0 0.00041369157770532183
579.0 0.00027590017452894244
580.0 0.00013810881682729814
581.0 0.00015535774764430244
582.0 0.0001726066898299905
583.0 0.00041699468056322075
584.0 0.0006613826371903997
585.0 0.0006823816875112243
586.0 0.0007033810106804594
587.0 0.0006894385023770155
588.0 0.0006754958576493664
589.0 0.0005960516318737064
590.0 0.0005166073606233113
591.0 0.0006462391866079997
592.0 0.0007758710125926882
593.0 0.0006173871042847168
594.0 0.00045890310502727516
595.0 0.0005488771421369165
596.0 0.0006388511337718228
597.0 0.000576250522499322
598.0 0.0005136499567015562
599.0 0.00046318245949805714
600.0 0.00041271500776929315
601.0 0.00039468868635594845
602.0 0.0003766623422052362
603.0 0.0003711143108375836
604.0 0.0003655661657830933
605.0 0.0003023024646608974
606.0 0.000239038786276069
607.0 0.00035574560115492204
608.0 0.0004724524387711426
609.0 0.000496415941597661
610.0 0.0005203793079999741
611.0 0.000566685866942862
612.0 0.00061299242588575
613.0 0.00041135654100799
614.0 0.0002097207243423327
615.0 0.00010474526561665698
616.0 1.5955325168709455e-10
617.0 0.00020982658952561906
618.0 0.000419883463109727
619.0 0.0003792464667640161
620.0 0.00033860958410514286
621.0 0.0003412304749872419
622.0 0.00034385136586934095
623.0 0.0004266109044692712
624.0 0.000509370465806569
625.0 0.00037500367398024537
626.0 0.00024063692762865685
627.0 0.0002762807298495318
628.0 0.0003119245320704067
629.0 0.00040604854802950285
630.0 0.000500172563988599
631.0 0.0005214427801547572
632.0 0.0005427129508461803
633.0 0.00047675803216407076
634.0 0.00041080293158302084
635.0 0.00042018218664452434
636.0 0.00042956139623129275
637.0 0.00047141102186287753
638.0 0.0005132605565449921
639.0 0.0006178735930006951
640.0 0.0007224864475574577
641.0 0.000640252210359904
642.0 0.0005580179731623502
643.0 0.0007302053745661397
644.0 0.0009023928214446642
645.0 0.0008531051207683049
646.0 0.0008038174200919457
647.0 0.000768344307289226
648.0 0.0007328711490117712
649.0 0.0007924581950646825
650.0 0.0008520453775417991
651.0 0.0009170359589916188
652.0 0.0009820265404414386
653.0 0.0010949137504212558
654.0 0.0012078011423000135
655.0 0.0017070689864340238
656.0 0.002206336648669094
657.0 0.003273080801591277
658.0 0.00433982459071558
659.0 0.007028965774225071
660.0 0.10355452541261911
661.0 0.09932612301781774
662.0 0.06754783680662513
663.0 0.10274631204083562
664.0 0.12123698834329844
665.0 0.10536885820329189
666.0 0.16584808472543955
667.0 0.2614190801978111
668.0 0.2305032918229699
669.0 0.34973621368408203
670.0 0.5010853987187147
671.0 0.7825418375432491
672.0 1.229986920952797
673.0 1.8918992951512337
674.0 2.7334213256835938
675.0 3.840843588113785
676.0 4.875732213258743
677.0 6.253718584775925
678.0 7.719839364290237
679.0 9.248300641775131
680.0 11.384037137031555
681.0 13.656532764434814
682.0 16.21462255716324
683.0 19.08024549484253
684.0 22.02693819999695
685.0 24.994783103466034
686.0 27.975109219551086
687.0 31.354472041130066
688.0 34.825608134269714
689.0 38.43144774436951
690.0 42.65555143356323
691.0 47.23065793514252
692.0 52.58250832557678
693.0 58.129048347473145
694.0 64.30498361587524
695.0 70.0430154800415
696.0 76.2078046798706
697.0 81.58529996871948
698.0 86.82903051376343
699.0 90.6586229801178
700.0 93.3936595916748
701.0 95.32976150512695
702.0 96.55710458755493
703.0 97.26723432540894
704.0 97.43249416351318
705.0 97.74564504623413
706.0 97.69301414489746
707.0 97.72588610649109
708.0 97.81507849693298
709.0 97.9030430316925
710.0 97.63981699943542
711.0 97.9851245880127
712.0 97.79211282730103
713.0 98.00199866294861
714.0 98.03280234336853
715.0 98.14703464508057
716.0 97.85617589950562
717.0 98.0802834033966
718.0 98.11572432518005
719.0 97.96291589736938
720.0 98.20038676261902
721.0 98.03647994995117
722.0 97.70162105560303
723.0 97.47442603111267
724.0 97.20503091812134
725.0 96.91724181175232
726.0 96.7672348022461
727.0 96.55517935752869
728.0 96.44729495048523
729.0 96.19715213775635
730.0 96.4057981967926
731.0 96.40220403671265
732.0 96.50501012802124
733.0 96.88439965248108
734.0 97.2113847732544
735.0 97.414630651474
736.0 97.72346019744873
737.0 98.08089137077332
738.0 98.2724666595459
739.0 98.56975078582764
740.0 98.65444302558899
741.0 98.46593141555786
742.0 98.84372353553772
743.0 98.65553975105286
744.0 98.48660826683044
745.0 98.4374463558197
746.0 98.49340915679932
747.0 98.68836402893066
748.0 98.56404066085815
749.0 98.4028697013855
750.0 98.36199879646301
751.0 98.39135408401489
752.0 98.35531115531921
753.0 98.56953024864197
754.0 98.39542508125305
755.0 98.5565721988678
756.0 98.56874942779541
757.0 98.50674867630005
758.0 98.56085777282715
759.0 98.70063662528992
760.0 98.56494069099426
761.0 98.55881929397583
762.0 98.66102933883667
763.0 98.59052300453186
764.0 98.52616786956787
765.0 98.44999313354492
766.0 98.45816493034363
767.0 98.2608437538147
768.0 98.2115089893341
769.0 98.22068810462952
770.0 97.91739583015442
771.0 97.92035222053528
772.0 97.95713424682617
773.0 97.82114028930664
774.0 97.65077829360962
775.0 97.76335954666138
776.0 97.71415591239929
777.0 97.82145619392395
778.0 97.89180755615234
779.0 98.0036199092865
780.0 97.93510437011719
781.0 98.30372929573059
782.0 98.22769165039062
783.0 98.34818243980408
784.0 98.36043119430542
785.0 98.5047698020935
786.0 98.61657619476318
787.0 98.38765263557434
788.0 98.35769534111023
789.0 98.48877787590027
790.0 98.43776822090149
791.0 98.38191866874695
792.0 98.289954662323
793.0 98.194020986557
794.0 98.06376695632935
795.0 97.89113998413086
796.0 97.9095995426178
797.0 97.96624779701233
798.0 97.8058397769928
799.0 97.68205285072327
800.0 97.39049077033997
801.0 97.4251925945282
802.0 97.15370535850525
803.0 96.76133394241333
804.0 96.2464988231659
805.0 95.35641670227051
806.0 94.48597431182861
807.0 93.08105111122131
808.0 91.31409525871277
809.0 89.38260674476624
810.0 87.20722794532776
811.0 84.4091534614563
812.0 81.19540810585022
813.0 77.62319445610046
814.0 73.47520589828491
815.0 69.25313472747803
816.0 64.90576267242432
817.0 60.13691425323486
818.0 55.30807375907898
819.0 51.17013454437256
820.0 46.387097239494324
821.0 41.96341931819916
822.0 37.51654326915741
823.0 32.92343616485596
824.0 28.31035554409027
825.0 24.158458411693573
826.0 19.802288711071014
827.0 15.3254896402359
828.0 11.593972146511078
829.0 8.264940977096558
830.0 5.33093698322773
831.0 3.470301628112793
832.0 2.0491186529397964
833.0 1.190642360597849
834.0 0.6955808959901333
835.0 0.3684068098664284
836.0 0.22443481720983982
837.0 0.17455144552513957
838.0 0.07946159457787871
839.0 0.08996973047032952
840.0 0.03224901738576591
841.0 0.04871030105277896
842.0 1.5955325168709455e-10
843.0 1.5955325168709455e-10
844.0 0.023014108592178673
845.0 1.5955325168709455e-10
846.0 1.5955325168709455e-10
847.0 1.5955325168709455e-10
848.0 1.5955325168709455e-10
849.0 1.5955325168709455e-10
850.0 0.015903830353636295
851.0 1.5955325168709455e-10
852.0 0.0004221714334562421
853.0 0.0005123751634528162
854.0 0.0006025789843988605
855.0 0.0005622213393507991
856.0 0.0005218636943027377
857.0 0.0003164785312037566
858.0 0.00011109319757451885
859.0 1.5955325168709455e-10
860.0 1.5955325168709455e-10
861.0 2.613684273455874e-05
862.0 0.0002533220595068997
863.0 2.4058817871264182e-05
864.0 1.5955325168709455e-10
865.0 1.5955325168709455e-10
866.0 1.5955325168709455e-10
867.0 1.5955325168709455e-10
868.0 1.5955325168709455e-10
869.0 1.5955325168709455e-10
870.0 1.9448826549250953e-05
871.0 4.4498085571831325e-05
872.0 6.954728064556548e-05
873.0 0.00016765524151196587
874.0 0.00026576319669402437
875.0 0.00017143585182566312
876.0 7.71085353790113e-05
877.0 1.5955325168709455e-10
878.0 1.5955325168709455e-10
879.0 3.781657085255574e-05
880.0 0.00022779397568228887
881.0 8.923606742428092e-05
882.0 1.5955325168709455e-10
883.0 3.8713534422640805e-05
884.0 0.00012674887557295733
885.0 2.9977579174556013e-05
886.0 1.5955325168709455e-10
887.0 1.5955325168709455e-10
888.0 1.5955325168709455e-10
889.0 1.5955325168709455e-10
890.0 1.5955325168709455e-10
891.0 5.1374644272073056e-05
892.0 0.0002084698508042493
893.0 0.00012400413424984436
894.0 3.953844611714885e-05
895.0 1.5955325168709455e-10
