lsstCam/transmission_filter_detector/r23_s11/i_39/19700101T000000.ecsv
# %ECSV 1.0
# ---
# datatype:
# - {name: wavelength, unit: nm, datatype: float32}
# - {name: efficiency, unit: '%', datatype: float64}
# meta: !!omap
# - {MODE: DETECTOR}
# - {TYPE: transmission_filter_detector}
# - {CALIBDATE: '1970-01-01T00:00:00'}
# - {INSTRUME: LSSTCam}
# - {OBSTYPE: transmission_filter_detector}
# - {CALIBCLS: lsst.ip.isr.IntermediateFilterDetectorTransmissionCurve}
# - {SOURCE: Materion (DM-46256)}
# - {DETECTOR: 103}
# - {FILTER: i_39}
# - {CALIB_ID: 'calibDate=1970-01-01T00:00:00 filter=i_39 detector=103'}
# - {DATE: '2025-04-02T15:59:46.957799'}
# - {CALIB_CREATION_DATE: '2025-04-02'}
# - {CALIB_CREATION_TIME: '15:59:46'}
# - __serialized_columns__:
#     efficiency:
#       __class__: astropy.units.quantity.Quantity
#       unit: !astropy.units.Unit {unit: '%'}
#       value: !astropy.table.SerializedColumn {name: efficiency}
#     wavelength:
#       __class__: astropy.units.quantity.Quantity
#       unit: !astropy.units.Unit {unit: nm}
#       value: !astropy.table.SerializedColumn {name: wavelength}
# schema: astropy-2.0
wavelength efficiency
[from data line 597]
897.0 1.5955325168709455e-10
898.0 1.5955325168709455e-10
899.0 1.5955325168709455e-10
900.0 1.5955325168709455e-10
901.0 1.5955325168709455e-10
902.0 1.5955325168709455e-10
903.0 1.5955325168709455e-10
904.0 1.5955325168709455e-10
905.0 1.5955325168709455e-10
906.0 4.859294904235867e-05
907.0 8.964752851170488e-05
908.0 0.00013070211934973486
909.0 5.3280348311091075e-05
910.0 1.5955325168709455e-10
911.0 6.177871796353429e-05
912.0 0.00014769888139198883
913.0 0.00012974246601515915
914.0 0.0001117860392696457
915.0 1.3597559700428974e-05
916.0 1.5955325168709455e-10
917.0 1.5955325168709455e-10
918.0 1.5955325168709455e-10
919.0 1.5955325168709455e-10
920.0 1.5955325168709455e-10
921.0 3.630537719345739e-05
922.0 7.700999731241609e-05
923.0 3.21433731187426e-05
924.0 1.5955325168709455e-10
925.0 0.00011949209692829754
926.0 0.00025170745630020974
927.0 2.0957860158432595e-05
928.0 1.5955325168709455e-10
929.0 1.5955325168709455e-10
930.0 0.0001863796001089213
931.0 0.00015910769661786617
932.0 0.00013183578175812727
933.0 4.843091119255405e-05
934.0 1.5955325168709455e-10
935.0 1.5955325168709455e-10
936.0 1.5955325168709455e-10
937.0 1.5955325168709455e-10
938.0 1.5955325168709455e-10
939.0 1.5955325168709455e-10
940.0 1.5955325168709455e-10
941.0 1.5955325168709455e-10
942.0 0.00012561255289256223
943.0 1.5955325168709455e-10
944.0 1.5955325168709455e-10
945.0 1.5955325168709455e-10
946.0 1.5955325168709455e-10
947.0 1.5955325168709455e-10
948.0 1.5955325168709455e-10
949.0 1.5955325168709455e-10
950.0 1.5955325168709455e-10
951.0 1.5955325168709455e-10
952.0 9.472614124206302e-05
953.0 1.5955325168709455e-10
954.0 1.5955325168709455e-10
955.0 1.5955325168709455e-10
956.0 1.1789531839667688e-05
957.0 1.63417396947807e-05
958.0 2.0893928365239844e-05
959.0 5.0828793973778374e-05
960.0 8.076368089859898e-05
961.0 6.72635621867812e-05
962.0 5.3763443474963424e-05
963.0 7.273907272065117e-05
964.0 9.171469628199702e-05
965.0 5.935488047725812e-05
966.0 2.6995058988177334e-05
967.0 1.5955325168709455e-10
968.0 1.5955325168709455e-10
969.0 1.5955325168709455e-10
970.0 5.160155183148163e-05
971.0 1.5955325168709455e-10
972.0 1.5955325168709455e-10
973.0 1.5955325168709455e-10
974.0 0.00014010233826411422
975.0 2.3596487608301686e-05
976.0 1.5955325168709455e-10
977.0 1.5955325168709455e-10
978.0 1.318894504720447e-05
979.0 1.5955325168709455e-10
980.0 1.5955325168709455e-10
981.0 1.5955325168709455e-10
982.0 1.5955325168709455e-10
983.0 1.5955325168709455e-10
984.0 1.5955325168709455e-10
985.0 3.692203165428509e-05
986.0 0.00020382512957439758
987.0 5.01897886806546e-05
988.0 1.5955325168709455e-10
989.0 1.5955325168709455e-10
990.0 1.5955325168709455e-10
991.0 1.5955325168709455e-10
992.0 3.6749480614162167e-05
993.0 1.5955325168709455e-10
994.0 1.5955325168709455e-10
995.0 1.5955325168709455e-10
996.0 1.5955325168709455e-10
997.0 5.828200073665357e-05
998.0 0.0002071592689389945
999.0 0.00016818650010463898
1000.0 0.00012921365168949706
1001.0 0.00015013384881967795
1002.0 0.00017105400047512376
1003.0 0.0001498298274782428
1004.0 0.00012860562037531054
1005.0 0.00011221542308703647
1006.0 9.582516895534354e-05
1007.0 0.00013341525573196122
1008.0 0.000171005387983314
1009.0 0.00023050697564030997
1010.0 0.00029000852919125464
1011.0 0.0002809631041600369
1012.0 0.0002719176109167165
1013.0 0.00023083882751961937
1014.0 0.00018976004412252223
1015.0 0.0002606178213682142
1016.0 0.0003314756440886413
1017.0 0.0003175552137690829
1018.0 0.00030363482892425964
1019.0 0.00024304281396325678
1020.0 0.00018245075352751883
1021.0 0.00017868173927126918
1022.0 0.0001749127363837033
1023.0 0.00025130475478363223
1024.0 0.00032769678455224494
1025.0 0.0003406389396332088
1026.0 0.0003535810719768051
1027.0 0.0003066154931730125
1028.0 0.0002596499143692199
1029.0 0.0007873356480558868
1030.0 0.0013150212907930836
1031.0 0.0017663080143393017
1032.0 0.002217594192188699
1033.0 0.0024015400413190946
1034.0 0.0025854853447526693
1035.0 0.0031884534109849483
1036.0 0.0037914211134193465
1037.0 0.003658364948933013
1038.0 0.003525308784446679
1039.0 0.003195717727066949
1040.0 0.0028661264877882786
1041.0 0.002818832581397146
1042.0 0.0027715386750060134
1043.0 0.003142396599287167
1044.0 0.0035132547054672614
1045.0 0.0033349326258758083
1046.0 0.003156610910082236
1047.0 0.0028566366381710395
1048.0 0.002556662366259843
1049.0 0.002246586336696055
1050.0 0.0019365103071322665
1051.0 0.0018613804058986716
1052.0 0.0017862508684629574
1053.0 0.0014724004358868115
1054.0 0.0011585500942601357
1055.0 0.0009916507224261295
1056.0 0.0008247513505921233
1057.0 0.0007642852324352134
1058.0 0.000703819387126714
1059.0 0.0009984618372982368
1060.0 0.0012931043784192298
1061.0 0.0015997631635400467
1062.0 0.001906422221509274
1063.0 0.0023414595489157364
1064.0 0.0027764966944232583
1065.0 0.0033014410291798413
1066.0 0.0038263853639364243
1067.0 0.0042594394471962005
1068.0 0.0046924938942538574
1069.0 0.003999295950052328
1070.0 0.00330609836964868
1071.0 0.0032843625376699492
1072.0 0.0032626263418933377
1073.0 0.0032755899155745283
1074.0 0.003288553489255719
1075.0 0.003329188621137291
1076.0 0.0033698237530188635
1077.0 0.0031482341000810266
1078.0 0.002926644083345309
1079.0 0.002795096588670276
1080.0 0.0026635492758941837
1081.0 0.00182775820576353
1082.0 0.0009919672265823465
1083.0 0.0002201338702434441
1084.0 1.5955325168709455e-10
1085.0 0.0004345333309174748
1086.0 0.0014207663298293483
1087.0 0.0007072297194099519
1088.0 1.5955325168709455e-10
1089.0 1.5955325168709455e-10
1090.0 1.5955325168709455e-10
1091.0 1.5955325168709455e-10
1092.0 1.5955325168709455e-10
1093.0 1.5955325168709455e-10
1094.0 0.00015503807162531302
1095.0 1.5955325168709455e-10
1096.0 1.5955325168709455e-10
1097.0 1.5955325168709455e-10
1098.0 1.5955325168709455e-10
1099.0 0.0004208006430417299
1100.0 0.0013649478205479681
