lsstCam/transmission_filter_detector/r23_s20/i_39/19700101T000000.ecsv
# %ECSV 1.0
# ---
# datatype:
# - {name: wavelength, unit: nm, datatype: float32}
# - {name: efficiency, unit: '%', datatype: float64}
# meta: !!omap
# - {MODE: DETECTOR}
# - {TYPE: transmission_filter_detector}
# - {CALIBDATE: '1970-01-01T00:00:00'}
# - {INSTRUME: LSSTCam}
# - {OBSTYPE: transmission_filter_detector}
# - {CALIBCLS: lsst.ip.isr.IntermediateFilterDetectorTransmissionCurve}
# - {SOURCE: Materion (DM-46256)}
# - {DETECTOR: 105}
# - {FILTER: i_39}
# - {CALIB_ID: 'calibDate=1970-01-01T00:00:00 filter=i_39 detector=105'}
# - {DATE: '2025-04-02T15:59:46.966964'}
# - {CALIB_CREATION_DATE: '2025-04-02'}
# - {CALIB_CREATION_TIME: '15:59:46'}
# - __serialized_columns__:
#     efficiency:
#       __class__: astropy.units.quantity.Quantity
#       unit: !astropy.units.Unit {unit: '%'}
#       value: !astropy.table.SerializedColumn {name: efficiency}
#     wavelength:
#       __class__: astropy.units.quantity.Quantity
#       unit: !astropy.units.Unit {unit: nm}
#       value: !astropy.table.SerializedColumn {name: wavelength}
# schema: astropy-2.0
wavelength efficiency
300.0 0.0029300075766514055
301.0 1.5744064038591965e-10
302.0 1.5744064038591965e-10
303.0 0.0029446622647810727
304.0 0.019288973999209702
305.0 0.0058453402743907645
306.0 1.5744064038591965e-10
307.0 1.5744064038591965e-10
308.0 1.5744064038591965e-10
309.0 1.5744064038591965e-10
310.0 0.0010807846592797432
311.0 0.002543770460761152
312.0 0.004006759263575077
313.0 1.5744064038591965e-10
314.0 1.5744064038591965e-10
315.0 1.5744064038591965e-10
316.0 1.5744064038591965e-10
317.0 1.5744064038591965e-10
318.0 1.5744064038591965e-10
319.0 0.0010527934136916883
320.0 0.002315059282409493
321.0 0.001688239717623219
322.0 0.0010614193342917133
323.0 0.0016063610019045882
324.0 0.0021513029423658736
325.0 0.0011873077710333746
326.0 0.0002233121449535247
327.0 1.5744064038591965e-10
328.0 1.5744064038591965e-10
329.0 1.5744064038591965e-10
330.0 1.5744064038591965e-10
331.0 0.00098665441328194
332.0 0.0032664240279700607
333.0 0.0024594290152890608
334.0 0.0016524336388101801
335.0 0.0011265710782026872
336.0 0.0006007080628478434
337.0 0.0007549516340077389
338.0 0.0009091946594708133
339.0 0.0011568626177904662
340.0 0.001404530576110119
341.0 0.000987933799478924
342.0 0.0005713367954740534
343.0 0.0011299082871119026
344.0 0.0016884800061234273
345.0 0.0005931460691499524
346.0 1.5744064038591965e-10
347.0 1.5744064038591965e-10
348.0 1.5744064038591965e-10
349.0 1.5744064038591965e-10
350.0 0.001281463210034417
351.0 0.000435939546150621
352.0 1.5744064038591965e-10
353.0 1.5744064038591965e-10
354.0 1.5744064038591965e-10
355.0 3.1208799100568285e-06
356.0 0.0005043524652137421
357.0 0.0009404085176356602
358.0 0.0013764645700575784
359.0 0.0006132980161055457
360.0 1.5744064038591965e-10
361.0 0.00047695184548501857
362.0 0.0011037722288165241
363.0 0.0002994873284478672
364.0 1.5744064038591965e-10
365.0 1.5744064038591965e-10
366.0 1.5744064038591965e-10
367.0 1.5744064038591965e-10
368.0 1.5744064038591965e-10
369.0 0.0006182097422424704
370.0 0.0012450402209651656
371.0 0.0008396617886319291
372.0 0.0004342833562986925
373.0 0.0006997773652983597
374.0 0.0009652713742980268
375.0 0.0004933706804877147
376.0 2.146998667740263e-05
377.0 1.5744064038591965e-10
378.0 1.5744064038591965e-10
379.0 1.5744064038591965e-10
380.0 1.5744064038591965e-10
381.0 1.5744064038591965e-10
382.0 1.5744064038591965e-10
383.0 0.0003976752850576304
384.0 0.001234138289873954
385.0 0.000622265224592411
386.0 1.0392232496769793e-05
387.0 3.724684347616858e-05
388.0 6.410110700016958e-05
389.0 0.0003076903567489353
390.0 0.0005512794359674444
391.0 0.0007655211447854526
392.0 0.000979762990027666
393.0 0.00033399749099771725
394.0 1.5744064038591965e-10
395.0 0.00014624124560214113
396.0 0.0006042503628123086
397.0 0.0006652957381447777
398.0 0.0007263410680025117
399.0 0.0012000421520497184
400.0 0.0016737430996727198
401.0 0.0035475368349580094
402.0 0.005421329478849657
403.0 0.005451184551930055
404.0 0.005481039988808334
405.0 0.004215396256768145
406.0 0.0029497525247279555
407.0 0.0024223525542765856
408.0 0.0018949518562294543
409.0 0.0018655253370525315
410.0 0.001836098454077728
411.0 0.004353989424998872
412.0 0.006871880759717897
413.0 0.00498624358442612
414.0 0.003100606772932224
415.0 0.0028418300644261762
416.0 0.0025830533559201285
417.0 0.0033119118597824126
418.0 0.004040769999846816
419.0 0.0031433817639481276
420.0 0.002245992982352618
421.0 0.004061138315591961
422.0 0.0058762838307302445
423.0 0.005511058770935051
424.0 0.005145833711139858
425.0 0.005696391599485651
426.0 0.006246948760235682
427.0 0.0057013003242900595
428.0 0.005155651524546556
429.0 0.004628739407053217
430.0 0.0041018283809535205
431.0 0.00395032147935126
432.0 0.003798814577748999
433.0 0.0028766515242750756
434.0 0.0019544886527000926
435.0 0.0022348654965753667
436.0 0.0025152417947538197
437.0 0.0022658576199319214
438.0 0.002016473445110023
439.0 0.0019102310034213588
440.0 0.0018039883798337542
441.0 0.001503034400229808
442.0 0.0012020808753732126
443.0 0.001447744398319628
444.0 0.0016934078303165734
445.0 0.001303993758483557
446.0 0.000914579868549481
447.0 0.0003629970933616278
448.0 1.5744064038591965e-10
449.0 1.5744064038591965e-10
450.0 1.5744064038591965e-10
451.0 0.00012187575748612289
452.0 0.00039126221054175403
453.0 0.0009254432370653376
454.0 0.0014596244000131264
455.0 0.0012681401130976155
456.0 0.0010766558261821046
457.0 0.0006894487796671456
458.0 0.0003022417786269216
459.0 0.00042692108763731085
460.0 0.0005516003966477001
461.0 0.0006844894414825831
462.0 0.0008173784408427309
463.0 0.0008044928108574823
464.0 0.0007916071808722336
465.0 0.0003819544417638099
466.0 1.5744064038591965e-10
467.0 0.0002884181867557345
468.0 0.000604534761805553
469.0 0.0004659103069570847
470.0 0.00032728582937124884
471.0 0.0003995865426986711
472.0 0.0004718874151876662
473.0 0.0005812097697344143
474.0 0.0006905320788064273
475.0 0.0007613267371198162
476.0 0.0008321212590089999
477.0 0.0007888149411883205
478.0 0.0007455084414687008
479.0 0.0013665158803632949
480.0 0.0019875235011568293
481.0 0.002519613553886302
482.0 0.0030517036066157743
483.0 0.004873048601439223
484.0 0.00669439323246479
485.0 0.007972309686010703
486.0 0.009250225411960855
487.0 0.011557312973309308
488.0 0.013864399807062
489.0 0.016440669423900545
490.0 0.019016937585547566
491.0 0.021250889403745532
492.0 0.023484839766751975
493.0 0.024810517788864672
494.0 0.026136197266168892
495.0 0.023409882851410657
496.0 0.020683568436652422
497.0 0.01641332491999492
498.0 0.012143085041316226
499.0 0.008408736903220415
500.0 0.004674388037528843
501.0 0.003318287417641841
502.0 0.0019621866158558987
503.0 0.0022179670850164257
504.0 0.0024737473722780123
505.0 0.0021123643819009885
506.0 0.001750981027726084
507.0 0.0019876386431860738
508.0 0.0022242962586460635
509.0 0.002284157926624175
510.0 0.0023440194127033465
511.0 0.0022117772459750995
512.0 0.002079535261145793
513.0 0.002086654603772331
514.0 0.00209377431019675
515.0 0.002224524359917268
516.0 0.0023552744096377864
517.0 0.002541267531341873
518.0 0.0027272606530459598
519.0 0.0023387679902953096
520.0 0.0019502753275446594
521.0 0.0017878805010695942
522.0 0.0016254854926955886
523.0 0.0015172395251283888
524.0 0.0014089936485106591
525.0 0.0021005367671023123
526.0 0.0027920799766434357
527.0 0.0026103158234036528
528.0 0.00242855185206281
529.0 0.002223456249339506
530.0 0.002018360282818321
531.0 0.0018248701962875202
532.0 0.0016313804735546
533.0 0.0016283056538668461
534.0 0.0016252308341790922
535.0 0.0018939392248285003
536.0 0.0021626476154779084
537.0 0.002781659168249462
538.0 0.003400670539122075
539.0 0.004113203976885416
540.0 0.004825737778446637
541.0 0.005372285522753373
542.0 0.005918833630857989
543.0 0.005485713336383924
544.0 0.005052593041909859
545.0 0.0038097619835752994
546.0 0.0025669314709375612
547.0 0.002108475200657267
548.0 0.0016500191122759134
549.0 0.0016221581972786225
550.0 0.0015942976460792124
551.0 0.0016329360732925124
552.0 0.0016715748643036932
553.0 0.0014950684089853894
554.0 0.0013185619536670856
555.0 0.0008614841135567985
556.0 0.0004044060915475711
557.0 0.0006521165232697967
558.0 0.0008998270459414925
559.0 0.0005368270194594515
560.0 0.00017382698160872678
561.0 0.000761023920858861
562.0 0.0013482210306392517
563.0 0.0015939715012791567
564.0 0.001839721699070651
565.0 0.0014935304534446914
566.0 0.001147339389717672
567.0 0.0009606021194485947
568.0 0.0007738649401289877
569.0 0.0007191317763499683
570.0 0.0006643986125709489
571.0 0.0005316854640113888
572.0 0.0003989721335528884
573.0 0.00048604192670609336
574.0 0.0005731116743845632
575.0 0.0005420072739070747
576.0 0.0005109028279548511
577.0 0.00039179285522550344
578.0 0.0002726828824961558
579.0 0.0002768271770037245
580.0 0.0002809714715112932
581.0 0.00029763311886199517
582.0 0.00031429467526322696
583.0 0.0004139921657042578
584.0 0.0005136896561452886
585.0 0.0005650766524922801
586.0 0.0006164638762129471
587.0 0.0005319793217495317
588.0 0.00044749476728611626
589.0 0.0005709281595045468
590.0 0.0006943615517229773
591.0 0.000794938750914298
592.0 0.0008955158591561485
593.0 0.0006540836693602614
594.0 0.0004126514340896392
595.0 0.0004705564606410917
596.0 0.0005284614417178091
597.0 0.0005867120762559352
598.0 0.0006449626653193263
599.0 0.0005605172646028223
600.0 0.00047607195483578835
601.0 0.00042434935494384263
602.0 0.00037262673231452936
603.0 0.00026629961666913005
604.0 0.0001599724669176794
605.0 0.0002737294380494859
606.0 0.0003874864432873437
607.0 0.0003850528628390748
608.0 0.000382619327865541
609.0 0.00038102277812868124
610.0 0.00037942616017971886
611.0 0.00041968864934460726
612.0 0.000459951070297393
613.0 0.0003420933808229165
614.0 0.00022423571408580756
615.0 0.0002638704245327972
616.0 0.00030350511224241927
617.0 0.00038785642573202495
618.0 0.0004722077392216306
619.0 0.00039382825889333617
620.0 0.00031544884677714435
621.0 0.00022735703169018961
622.0 0.00013926527344665374
623.0 0.0003004552354468615
624.0 0.00046164523155312054
625.0 0.0003435459575484856
626.0 0.00022544677449332085
627.0 0.00030690346193296136
628.0 0.0003883601038978668
629.0 0.00039319984352914616
630.0 0.00039803953768569045
631.0 0.000416392049373826
632.0 0.0004347445155872265
633.0 0.00045733713704976253
634.0 0.0004799297585122986
635.0 0.0004769453425979009
636.0 0.0004739609721582383
637.0 0.0005272510406939546
638.0 0.0005805410182802007
639.0 0.0006206384114193497
640.0 0.0006607357590837637
641.0 0.0006186050995893311
642.0 0.0005764745310443686
643.0 0.0007060372354317224
644.0 0.0008355999852938112
645.0 0.0008173633432306815
646.0 0.0007991266102180816
647.0 0.0007189296411524992
648.0 0.0006387326266121818
649.0 0.0007312411980819888
650.0 0.0008237497240770608
651.0 0.0009247784873878118
652.0 0.0010258072506985627
653.0 0.001127443101722747
654.0 0.0012290793165448122
655.0 0.0016234575014095753
656.0 0.002017835504375398
657.0 0.0030519997380906716
658.0 0.004086163244210184
659.0 0.006778956594644114
660.0 0.05740440683439374
661.0 0.13030956033617258
662.0 0.10133375180885196
663.0 0.11625740444287658
664.0 0.12559308670461178
665.0 0.10856697335839272
666.0 0.15832168282940984
667.0 0.23990424815565348
668.0 0.22799945436418056
669.0 0.350480736233294
670.0 0.5321998614817858
671.0 0.8083031512796879
672.0 1.3366580940783024
673.0 1.9848007708787918
674.0 2.8714846819639206
675.0 3.9560355246067047
676.0 5.014839023351669
677.0 6.4020611345767975
678.0 7.911369204521179
679.0 9.50796902179718
680.0 11.709709465503693
681.0 14.037294685840607
682.0 16.57560169696808
683.0 19.478890299797058
684.0 22.43715673685074
685.0 25.425422191619873
686.0 28.35800349712372
687.0 31.80275559425354
688.0 35.304561257362366
689.0 38.9830619096756
690.0 43.230852484703064
691.0 47.90005087852478
692.0 53.32774519920349
693.0 58.95791053771973
694.0 65.16974568367004
695.0 70.863276720047
696.0 77.06936001777649
697.0 82.3746383190155
698.0 87.53056526184082
699.0 91.23255610466003
700.0 93.83158087730408
701.0 95.58332562446594
702.0 96.74026370048523
703.0 97.38749265670776
704.0 97.47132658958435
705.0 97.8530764579773
706.0 97.75353670120239
707.0 97.84311056137085
708.0 97.7612853050232
709.0 97.95831441879272
710.0 97.70651459693909
711.0 98.06325435638428
712.0 97.86243438720703
713.0 98.03018569946289
714.0 98.06959629058838
715.0 98.17578196525574
716.0 97.9698121547699
717.0 98.11108708381653
718.0 98.13359379768372
719.0 97.96925187110901
720.0 98.20493459701538
721.0 98.06450009346008
722.0 97.70466089248657
723.0 97.3978042602539
724.0 97.1909761428833
725.0 96.99835181236267
726.0 96.81915640830994
727.0 96.60608768463135
728.0 96.46438360214233
729.0 96.2864637374878
730.0 96.50872349739075
731.0 96.51713371276855
732.0 96.60986065864563
733.0 97.0186173915863
734.0 97.3892331123352
735.0 97.5610077381134
736.0 97.92126417160034
737.0 98.19190502166748
738.0 98.37102890014648
739.0 98.68171215057373
740.0 98.7110435962677
741.0 98.60914349555969
742.0 98.90078902244568
743.0 98.69517683982849
744.0 98.49992990493774
745.0 98.557448387146
746.0 98.55867028236389
747.0 98.70497584342957
748.0 98.62173199653625
749.0 98.46370220184326
750.0 98.47199320793152
751.0 98.47200512886047
752.0 98.4161913394928
753.0 98.63216876983643
754.0 98.43076467514038
755.0 98.56842756271362
756.0 98.57677221298218
757.0 98.59721660614014
758.0 98.69120717048645
759.0 98.73279333114624
760.0 98.60278367996216
761.0 98.61631989479065
762.0 98.73685240745544
763.0 98.609060049057
764.0 98.60140681266785
765.0 98.4439492225647
766.0 98.43395352363586
767.0 98.28184247016907
768.0 98.24755787849426
769.0 98.1298565864563
770.0 97.95622229576111
771.0 97.91123867034912
772.0 97.94323444366455
773.0 97.9137122631073
774.0 97.67473340034485
775.0 97.79075384140015
776.0 97.76400923728943
777.0 97.89059162139893
778.0 97.99496531486511
779.0 98.06683659553528
780.0 97.98058867454529
781.0 98.47238063812256
782.0 98.2862114906311
783.0 98.44865202903748
784.0 98.43738079071045
785.0 98.62417578697205
786.0 98.66586923599243
787.0 98.39790463447571
788.0 98.38817715644836
789.0 98.57518076896667
790.0 98.48172068595886
791.0 98.47399592399597
792.0 98.30761551856995
793.0 98.1846570968628
794.0 98.15258979797363
795.0 97.90952801704407
796.0 97.87006974220276
797.0 97.96072244644165
798.0 97.79223799705505
799.0 97.75752425193787
800.0 97.36689925193787
801.0 97.4460780620575
802.0 97.12393879890442
803.0 96.64693474769592
804.0 95.99272012710571
805.0 95.0182318687439
806.0 94.01065707206726
807.0 92.56709814071655
808.0 90.60671329498291
809.0 88.52017521858215
810.0 86.23650670051575
811.0 83.21197628974915
812.0 79.88178133964539
813.0 76.14235281944275
814.0 71.92114591598511
815.0 67.50398874282837
816.0 63.129037618637085
817.0 58.362072706222534
818.0 53.61257791519165
819.0 49.49140250682831
820.0 44.695210456848145
821.0 40.2191698551178
822.0 35.71730852127075
823.0 31.16932511329651
824.0 26.586386561393738
825.0 22.387690842151642
826.0 18.014071881771088
827.0 13.629566133022308
828.0 9.968524426221848
829.0 6.903809309005737
830.0 4.243915155529976
831.0 2.692471630871296
832.0 1.5589678660035133
833.0 0.8963546715676785
834.0 0.5107959732413292
835.0 0.26503189001232386
836.0 0.15772206243127584
837.0 0.11253972770646214
838.0 0.06039721192792058
839.0 0.08101639687083662
840.0 0.02536937827244401
841.0 1.5744064038591965e-10
842.0 1.5744064038591965e-10
843.0 1.5744064038591965e-10
844.0 0.03486872592475265
845.0 1.5744064038591965e-10
846.0 1.5744064038591965e-10
847.0 1.5744064038591965e-10
848.0 1.5744064038591965e-10
849.0 1.5744064038591965e-10
850.0 0.01880183699540794
851.0 1.5744064038591965e-10
852.0 0.00039884134821477346
853.0 0.0004948771220369963
854.0 0.0005909130322834244
855.0 0.0004432361038197996
856.0 0.0002955593117803801
857.0 5.812545964545279e-05
858.0 1.5744064038591965e-10
859.0 1.5744064038591965e-10
860.0 1.5744064038591965e-10
861.0 1.5744064038591965e-10
862.0 0.00010596689890007838
863.0 1.5744064038591965e-10
864.0 1.5744064038591965e-10
865.0 1.5744064038591965e-10
866.0 1.5744064038591965e-10
867.0 1.5744064038591965e-10
868.0 1.5744064038591965e-10
869.0 1.5744064038591965e-10
870.0 0.00017316292542091105
871.0 0.00012301817378101987
872.0 7.287336529770982e-05
873.0 9.319318223788287e-05
874.0 0.00011351297644068836
875.0 1.5744064038591965e-10
876.0 1.5744064038591965e-10
877.0 1.5744064038591965e-10
878.0 8.603107062299387e-05
879.0 4.351854272499622e-05
880.0 1.0061058652865995e-06
881.0 6.099361371525447e-05
882.0 0.00012098118986614281
883.0 4.58483270904253e-05
884.0 1.5744064038591965e-10
885.0 1.5744064038591965e-10
886.0 1.5744064038591965e-10
887.0 1.5744064038591965e-10
888.0 1.5744064038591965e-10
889.0 1.5744064038591965e-10
890.0 1.5744064038591965e-10
891.0 4.8500709226573235e-05
892.0 0.00021850803477718728
893.0 5.208611355556059e-05
894.0 1.5744064038591965e-10
895.0 1.5744064038591965e-10
