lsstCam/transmission_filter_detector/r23_s20/i_39/19700101T000000.ecsv
# %ECSV 1.0
# ---
# datatype:
# - {name: wavelength, unit: nm, datatype: float32}
# - {name: efficiency, unit: '%', datatype: float64}
# meta: !!omap
# - {MODE: DETECTOR}
# - {TYPE: transmission_filter_detector}
# - {CALIBDATE: '1970-01-01T00:00:00'}
# - {INSTRUME: LSSTCam}
# - {OBSTYPE: transmission_filter_detector}
# - {CALIBCLS: lsst.ip.isr.IntermediateFilterDetectorTransmissionCurve}
# - {SOURCE: Materion (DM-46256)}
# - {DETECTOR: 105}
# - {FILTER: i_39}
# - {CALIB_ID: 'calibDate=1970-01-01T00:00:00 filter=i_39 detector=105'}
# - {DATE: '2025-04-02T15:59:46.966964'}
# - {CALIB_CREATION_DATE: '2025-04-02'}
# - {CALIB_CREATION_TIME: '15:59:46'}
# - __serialized_columns__:
#     efficiency:
#       __class__: astropy.units.quantity.Quantity
#       unit: !astropy.units.Unit {unit: '%'}
#       value: !astropy.table.SerializedColumn {name: efficiency}
#     wavelength:
#       __class__: astropy.units.quantity.Quantity
#       unit: !astropy.units.Unit {unit: nm}
#       value: !astropy.table.SerializedColumn {name: wavelength}
# schema: astropy-2.0
wavelength efficiency
[from data line 597]
897.0 1.5744064038591965e-10
898.0 1.5744064038591965e-10
899.0 1.5744064038591965e-10
900.0 1.5744064038591965e-10
901.0 1.5744064038591965e-10
902.0 1.5744064038591965e-10
903.0 1.5744064038591965e-10
904.0 1.5744064038591965e-10
905.0 0.00011274033795416472
906.0 0.00023540992515336256
907.0 0.0001555986614221183
908.0 7.578742611258349e-05
909.0 0.00017387586694894708
910.0 0.00027196426799491746
911.0 0.00021714197373512434
912.0 0.00016231970221269876
913.0 0.00014193315109878313
914.0 0.00012154661135355127
915.0 8.152313171194692e-05
916.0 4.149970322941954e-05
917.0 1.5744064038591965e-10
918.0 1.5744064038591965e-10
919.0 1.5744064038591965e-10
920.0 4.319338131608674e-05
921.0 5.847860506946745e-05
922.0 7.376379471679684e-05
923.0 4.968450184605899e-05
924.0 2.5605197606637375e-05
925.0 0.00012888397122878814
926.0 0.00023216277895699022
927.0 1.3081439931283967e-05
928.0 1.5744064038591965e-10
929.0 1.5744064038591965e-10
930.0 7.872066589698079e-05
931.0 0.00016067598380686832
932.0 0.00024263126761070453
933.0 9.943040595317143e-05
934.0 1.5744064038591965e-10
935.0 1.5744064038591965e-10
936.0 1.5744064038591965e-10
937.0 1.5744064038591965e-10
938.0 1.5744064038591965e-10
939.0 1.5744064038591965e-10
940.0 1.5744064038591965e-10
941.0 1.5744064038591965e-10
942.0 2.645949415125415e-06
943.0 5.8602967101251124e-05
944.0 0.00011455995263531804
945.0 1.5744064038591965e-10
946.0 1.5744064038591965e-10
947.0 1.5744064038591965e-10
948.0 1.5744064038591965e-10
949.0 1.5744064038591965e-10
950.0 1.5744064038591965e-10
951.0 1.5744064038591965e-10
952.0 9.700308964966098e-05
953.0 7.081426360855403e-05
954.0 4.462545746264368e-05
955.0 1.5744064038591965e-10
956.0 1.5744064038591965e-10
957.0 1.5744064038591965e-10
958.0 7.778804729241529e-05
959.0 6.161751002764504e-05
960.0 4.544701539543894e-05
961.0 3.295650685686269e-05
962.0 2.0465992633944552e-05
963.0 7.23943003322347e-05
964.0 0.0001243226165570377
965.0 0.0001835221951296262
966.0 0.00024272176233353093
967.0 1.1809530775508392e-05
968.0 1.5744064038591965e-10
969.0 1.5744064038591965e-10
970.0 0.00011568498621272738
971.0 2.8869581569779257e-05
972.0 1.5744064038591965e-10
973.0 4.646839784072654e-05
974.0 0.00015088256759554497
975.0 1.5744064038591965e-10
976.0 1.5744064038591965e-10
977.0 1.5744064038591965e-10
978.0 1.5744064038591965e-10
979.0 1.5744064038591965e-10
980.0 1.5744064038591965e-10
981.0 1.5744064038591965e-10
982.0 4.223644012313343e-06
983.0 1.5744064038591965e-10
984.0 1.5744064038591965e-10
985.0 1.5744064038591965e-10
986.0 5.8599454177965526e-05
987.0 1.5744064038591965e-10
988.0 1.5744064038591965e-10
989.0 1.5744064038591965e-10
990.0 4.239017812324164e-05
991.0 6.797282026127505e-05
992.0 9.355547376799223e-05
993.0 1.5744064038591965e-10
994.0 1.5744064038591965e-10
995.0 1.5744064038591965e-10
996.0 0.00011686624930007383
997.0 0.00016420864312749472
998.0 0.00021155099148018053
999.0 0.0002428116204100661
1000.0 0.00027407218112784903
1001.0 0.0003186401954735629
1002.0 0.00036320818708190927
1003.0 0.00020085788037249586
1004.0 3.850751966183452e-05
1005.0 1.550277346495932e-05
1006.0 1.5744064038591965e-10
1007.0 6.62324396216718e-05
1008.0 0.00013996691450302023
1009.0 0.00023557925032946514
1010.0 0.00033119154068117496
1011.0 0.00023628119834029349
1012.0 0.0001413707764186256
1013.0 0.00014257283282859134
1014.0 0.0001437748778698733
1015.0 0.00021947548702883068
1016.0 0.0002951761189251556
1017.0 0.0002765115368674742
1018.0 0.000257847045759263
1019.0 0.00017795061921788147
1020.0 9.805422678255127e-05
1021.0 0.00012232017070346046
1022.0 0.00014658611462436966
1023.0 0.00023060335934133036
1024.0 0.0003146206609017099
1025.0 0.00038099401535873767
1026.0 0.00044736734707839787
1027.0 0.0003511414888635045
1028.0 0.0002549156306486111
1029.0 0.0008062653250817675
1030.0 0.001357615019514924
1031.0 0.00171757310454268
1032.0 0.0020775307348230854
1033.0 0.0023097905796021223
1034.0 0.0025420500605832785
1035.0 0.0031698575185146183
1036.0 0.003797664976445958
1037.0 0.003583182842703536
1038.0 0.0033687007089611143
1039.0 0.0031184004910755903
1040.0 0.002868099727493245
1041.0 0.0030450621125055477
1042.0 0.00322202431561891
1043.0 0.003375244705239311
1044.0 0.003528465094859712
1045.0 0.0031175986805465072
1046.0 0.0027067320843343623
1047.0 0.0028432110411813483
1048.0 0.0029796899980283342
1049.0 0.0026113160856766626
1050.0 0.002242942173324991
1051.0 0.002028272137977183
1052.0 0.001813602284528315
1053.0 0.0016780468286015093
1054.0 0.0015424911907757632
1055.0 0.000991777687886497
1056.0 0.0004410640485730255
1057.0 0.0006418369139282731
1058.0 0.0008426100066571962
1059.0 0.0010856761946342885
1060.0 0.0013287423826113809
1061.0 0.0015366858860943466
1062.0 0.0017446292986278422
1063.0 0.0022083713702159002
1064.0 0.002672113259905018
1065.0 0.003392800863366574
1066.0 0.00411348846682813
1067.0 0.004417717718752101
1068.0 0.004721948062069714
1069.0 0.0044111537135904655
1070.0 0.004100359001313336
1071.0 0.003997036401415244
1072.0 0.0038937134377192706
1073.0 0.003743821071111597
1074.0 0.0035939290683018044
1075.0 0.0032371946872444823
1076.0 0.002880460669985041
1077.0 0.002773400228761602
1078.0 0.0026663397875381634
1079.0 0.0023904070985736325
1080.0 0.0021144744096091017
1081.0 0.0016945483366725966
1082.0 0.001274622536584502
1083.0 0.0007887260835559573
1084.0 0.0003028298124263529
1085.0 0.0005670650807587663
1086.0 0.00083130053099012
1087.0 0.00018110730479747872
1088.0 1.5744064038591965e-10
1089.0 1.5744064038591965e-10
1090.0 1.5744064038591965e-10
1091.0 1.5744064038591965e-10
1092.0 1.5744064038591965e-10
1093.0 0.00039333049244305585
1094.0 0.000992457444226602
1095.0 0.00028240924621059094
1096.0 1.5744064038591965e-10
1097.0 1.5744064038591965e-10
1098.0 1.5744064038591965e-10
1099.0 0.0013176925676816609
1100.0 0.002794553802232258
