ts8/qe_curve/rtm-016_s20/19700101T000000.ecsv
# %ECSV 0.9
# ---
# datatype:
# - {name: amp_name, datatype: string}
# - {name: wavelength, unit: nm, datatype: float32}
# - {name: efficiency, unit: '%', datatype: float32}
# meta: !!omap
# - {MODE: AMP}
# - {TYPE: QE}
# - {CALIBDATE: '1970-01-01T00:00:00'}
# - {INSTRUME: TS8}
# - {OBSTYPE: qe_curve}
# - {DETECTOR: 132}
# - {PICKLEFILE: RaftRun12027.p}
# - {CALIB_ID: 'raftName=RTM-016 detectorName=S20 detector=132 calibDate=1970-01-01T00:00:00 ccd=132 ccdnum=132 filter=None'}
# - {DATE: '2020-01-23T13:26:18.799506'}
# - {CALIB_CREATION_DATE: '2020-01-23'}
# - {CALIB_CREATION_TIME: '13:26:18'}
# - __serialized_columns__:
#     efficiency:
#       __class__: astropy.units.quantity.Quantity
#       unit: !astropy.units.Unit {unit: '%'}
#       value: !astropy.table.SerializedColumn {name: efficiency}
#     wavelength:
#       __class__: astropy.units.quantity.Quantity
#       unit: !astropy.units.Unit {unit: nm}
#       value: !astropy.table.SerializedColumn {name: wavelength}
# schema: astropy-2.0
amp_name wavelength efficiency
C12 319.994 41.926228
C12 324.969 47.381924
C12 349.982 72.282036
C12 374.975 79.45042
C12 400.019 85.73549
C12 424.965 87.59924
C12 450.035 89.47909
C12 475.003 90.764946
C12 500.018 93.119644
C12 525.002 95.205635
C12 550.029 95.97376
C12 575.023 97.867424
C12 599.982 98.61696
C12 619.997 98.73648
C12 624.979 98.79767
C12 650.012 99.63176
C12 675.004 99.42781
C12 700.03 99.57821
C12 725.012 98.98446
C12 750.022 99.24192
C12 774.987 98.75911
C12 799.976 97.91611
C12 824.988 96.19079
C12 850.022 94.18323
C12 869.967 91.05135
C12 875.002 89.65863
C12 899.999 82.93236
C12 919.999 74.96363
C12 925.012 72.585785
C12 949.965 58.531918
C12 975.002 43.48544
C12 999.976 26.55373
C12 1025.028 11.566635
C12 1050.014 4.105121
C12 1075.002 2.2220254
C12 1099.99 1.770118
C10 319.994 42.33024
C10 324.969 47.847527
C10 349.982 73.22013
C10 374.975 80.4994
C10 400.019 86.413574
C10 424.965 88.06259
C10 450.035 89.82288
C10 475.003 91.03745
C10 500.018 93.35599
C10 525.002 95.427864
C10 550.029 96.187836
C10 575.023 98.085205
C10 599.982 98.84091
C10 619.997 98.96373
C10 624.979 99.026634
C10 650.012 99.872925
C10 675.004 99.67079
C10 700.03 99.81513
C10 725.012 99.17994
C10 750.022 99.38434
C10 774.987 98.84304
C10 799.976 97.97289
C10 824.988 96.22731
C10 850.022 94.184586
C10 869.967 91.030785
C10 875.002 89.61459
C10 899.999 82.828766
C10 919.999 74.91811
C10 925.012 72.58245
C10 949.965 58.507263
C10 975.002 43.29419
C10 999.976 26.493177
C10 1025.028 11.5885315
C10 1050.014 4.1489167
C10 1075.002 2.2357595
C10 1099.99 1.767775
C01 319.994 39.284737
C01 324.969 44.377087
C01 349.982 67.03997
C01 374.975 73.97289
C01 400.019 82.326065
C01 424.965 85.36363
C01 450.035 87.88272
C01 475.003 89.5591
C01 500.018 92.14684
C01 525.002 94.37253
C01 550.029 95.22457
C01 575.023 97.15549
C01 599.982 97.9214
C01 619.997 98.04184
C01 624.979 98.10399
C01 650.012 98.93001
C01 675.004 98.72605
C01 700.03 98.93625
C01 725.012 98.52412
C01 750.022 99.02367
C01 774.987 98.78728
C01 799.976 98.06369
C01 824.988 96.34213
C01 850.022 94.50155
C01 869.967 91.573555
C01 875.002 90.238655
C01 899.999 83.01572
C01 919.999 74.76882
C01 925.012 72.49778
C01 949.965 58.845818
C01 975.002 43.72121
C01 999.976 26.516037
C01 1025.028 11.4637165
C01 1050.014 4.101719
C01 1075.002 2.270003
C01 1099.99 1.7975137
C16 319.994 40.752766
C16 324.969 46.054947
C16 349.982 70.1177
C16 374.975 77.25712
C16 400.019 84.42765
C16 424.965 86.786514
C16 450.035 88.936806
C16 475.003 90.38616
C16 500.018 92.8442
C16 525.002 94.99939
C16 550.029 95.8106
C16 575.023 97.73168
C16 599.982 98.49729
C16 619.997 98.62455
C16 624.979 98.68663
C16 650.012 99.52693
C16 675.004 99.32678
C16 700.03 99.49906
C16 725.012 98.94757
C16 750.022 99.25955
C16 774.987 98.82999
C16 799.976 98.02103
C16 824.988 96.30064
C16 850.022 94.3146
C16 869.967 91.395935
C16 875.002 90.06033
C16 899.999 82.98219
C16 919.999 74.86935
C16 925.012 72.47518
C16 949.965 58.673424
C16 975.002 43.79199
C16 999.976 26.43851
C16 1025.028 11.485033
C16 1050.014 4.095237
C16 1075.002 2.2442527
C16 1099.99 1.7910874
C11 319.994 42.24996
C11 324.969 47.75052
C11 349.982 72.957825
C11 374.975 80.180626
C11 400.019 86.23291
C11 424.965 87.96862
C11 450.035 89.78124
C11 475.003 91.02464
C11 500.018 93.35368
C11 525.002 95.43275
C11 550.029 96.19395
C11 575.023 98.087776
C11 599.982 98.837456
C11 619.997 98.9614
C11 624.979 99.02153
C11 650.012 99.86325
C11 675.004 99.65576
C11 700.03 99.806175
C11 725.012 99.18748
C11 750.022 99.41591
C11 774.987 98.89987
C11 799.976 98.042984
C11 824.988 96.31054
C11 850.022 94.276665
C11 869.967 91.147064
C11 875.002 89.75312
C11 899.999 82.96417
C11 919.999 75.00127
C11 925.012 72.646576
C11 949.965 58.611664
C11 975.002 43.461006
C11 999.976 26.526134
C11 1025.028 11.568128
C11 1050.014 4.125093
C11 1075.002 2.236603
C11 1099.99 1.7723243
C02 319.994 39.776512
C02 324.969 44.93746
C02 349.982 68.02741
C02 374.975 75.02156
C02 400.019 82.96693
C02 424.965 85.769585
C02 450.035 88.15698
C02 475.003 89.753494
C02 500.018 92.29236
C02 525.002 94.493614
C02 550.029 95.32752
C02 575.023 97.24621
C02 599.982 98.01014
C02 619.997 98.1323
C02 624.979 98.19204
C02 650.012 99.02173
C02 675.004 98.82225
C02 700.03 99.04196
C02 725.012 98.66057
C02 750.022 99.1991
C02 774.987 99.003975
C02 799.976 98.29117
C02 824.988 96.54793
C02 850.022 94.66572
C02 869.967 91.77379
C02 875.002 90.46359
C02 899.999 83.05897
C02 919.999 74.82669
C02 925.012 72.48465
C02 949.965 58.93977
C02 975.002 43.842937
C02 999.976 26.512463
C02 1025.028 11.430664
C02 1050.014 4.0664945
C02 1075.002 2.256926
C02 1099.99 1.8010676
C14 319.994 41.49754
C14 324.969 46.895897
C14 349.982 71.45536
C14 374.975 78.57204
C14 400.019 85.20971
C14 424.965 87.27733
C14 450.035 89.26478
C14 475.003 90.62014
C14 500.018 93.015495
C14 525.002 95.129616
C14 550.029 95.91184
C14 575.023 97.81411
C14 599.982 98.56877
C14 619.997 98.69003
C14 624.979 98.753044
C14 650.012 99.58808
C14 675.004 99.385315
C14 700.03 99.55394
C14 725.012 99.00728
C14 750.022 99.3271
C14 774.987 98.9058
C14 799.976 98.08703
C14 824.988 96.36559
C14 850.022 94.33758
C14 869.967 91.219
C14 875.002 89.87041
C14 899.999 83.13399
C14 919.999 74.88784
C14 925.012 72.41652
C14 949.965 58.5063
C14 975.002 43.83319
C14 999.976 26.658424
C14 1025.028 11.563735
C14 1050.014 4.0351768
C14 1075.002 2.1983435
C14 1099.99 1.7743218
C06 319.994 41.294968
C06 324.969 46.661057
C06 349.982 70.88284
C06 374.975 77.88771
C06 400.019 84.75975
C06 424.965 86.9651
C06 450.035 89.030525
C06 475.003 90.42775
C06 500.018 92.852264
C06 525.002 94.97959
C06 550.029 95.76765
C06 575.023 97.67263
C06 599.982 98.41922
C06 619.997 98.53787
C06 624.979 98.60267
C06 650.012 99.42971
C06 675.004 99.230606
C06 700.03 99.44094
C06 725.012 99.03254
C06 750.022 99.543274
C06 774.987 99.314125
C06 799.976 98.56876
C06 824.988 96.80847
C06 850.022 94.826416
C06 869.967 91.86707
C06 875.002 90.55903
C06 899.999 83.29969
C06 919.999 74.92097
C06 925.012 72.321045
C06 949.965 58.656265
C06 975.002 43.83672
C06 999.976 26.515148
C06 1025.028 11.4984045
C06 1050.014 4.065938
C06 1075.002 2.2389586
C06 1099.99 1.7933631
C15 319.994 41.011433
C15 324.969 46.345493
C15 349.982 70.602936
C15 374.975 77.7468
C15 400.019 84.65965
C15 424.965 86.88003
C15 450.035 88.94904
C15 475.003 90.35248
C15 500.018 92.77868
C15 525.002 94.90951
C15 550.029 95.70985
C15 575.023 97.61761
C15 599.982 98.37848
C15 619.997 98.50334
C15 624.979 98.56818
C15 650.012 99.40869
C15 675.004 99.20928
C15 700.03 99.38621
C15 725.012 98.85198
C15 750.022 99.186485
C15 774.987 98.77812
C15 799.976 97.97178
C15 824.988 96.248215
C15 850.022 94.23164
C15 869.967 91.23582
C15 875.002 89.90494
C15 899.999 82.93982
C15 919.999 74.73259
C15 925.012 72.332054
C15 949.965 58.615177
C15 975.002 43.88175
C15 999.976 26.505842
C15 1025.028 11.442236
C15 1050.014 4.023857
C15 1075.002 2.2127268
C15 1099.99 1.7796898
C17 319.994 40.58734
C17 324.969 45.858166
C17 349.982 69.53476
C17 374.975 76.47514
C17 400.019 83.96407
C17 424.965 86.52783
C17 450.035 88.79594
C17 475.003 90.31759
C17 500.018 92.82196
C17 525.002 94.994415
C17 550.029 95.807686
C17 575.023 97.71971
C17 599.982 98.47425
C17 619.997 98.58965
C17 624.979 98.65077
C17 650.012 99.473015
C17 675.004 99.25208
C17 700.03 99.38765
C17 725.012 98.76007
C17 750.022 98.98432
C17 774.987 98.46467
C17 799.976 97.62463
C17 824.988 95.926674
C17 850.022 93.971054
C17 869.967 91.12501
C17 875.002 89.81224
C17 899.999 82.715965
C17 919.999 74.695526
C17 925.012 72.3362
C17 949.965 58.55202
C17 975.002 43.5996
C17 999.976 26.41864
C17 1025.028 11.568755
C17 1050.014 4.1381197
C17 1075.002 2.2608843
C17 1099.99 1.7928079
C00 319.994 38.965973
C00 324.969 44.009262
C00 349.982 66.32768
C00 374.975 73.22758
C00 400.019 82.01375
C00 424.965 85.295616
C00 450.035 87.96013
C00 475.003 89.72485
C00 500.018 92.36973
C00 525.002 94.63449
C00 550.029 95.50297
C00 575.023 97.44777
C00 599.982 98.212975
C00 619.997 98.3356
C00 624.979 98.39507
C00 650.012 99.22046
C00 675.004 99.00773
C00 700.03 99.1883
C00 725.012 98.70472
C00 750.022 99.12072
C00 774.987 98.794495
C00 799.976 98.034096
C00 824.988 96.33706
C00 850.022 94.53238
C00 869.967 91.62891
C00 875.002 90.219635
C00 899.999 83.10619
C00 919.999 74.63734
C00 925.012 72.23258
C00 949.965 58.44518
C00 975.002 43.518223
C00 999.976 26.461643
C00 1025.028 11.537304
C00 1050.014 4.170951
C00 1075.002 2.283526
C00 1099.99 1.791764
C05 319.994 40.92759
C05 324.969 46.24486
C05 349.982 70.31803
C05 374.975 77.431725
C05 400.019 84.56331
C05 424.965 86.88626
C05 450.035 89.00841
C05 475.003 90.44192
C05 500.018 92.888405
C05 525.002 95.03477
C05 550.029 95.8343
C05 575.023 97.74865
C05 599.982 98.50778
C05 619.997 98.63426
C05 624.979 98.69511
C05 650.012 99.532455
C05 675.004 99.33806
C05 700.03 99.56141
C05 725.012 99.17014
C05 750.022 99.69718
C05 774.987 99.48945
C05 799.976 98.75807
C05 824.988 96.99228
C05 850.022 95.03717
C05 869.967 92.08893
C05 875.002 90.7146
C05 899.999 83.37331
C05 919.999 74.869
C05 925.012 72.39021
C05 949.965 58.806805
C05 975.002 44.02236
C05 999.976 26.533838
C05 1025.028 11.461758
C05 1050.014 4.0409017
C05 1075.002 2.2334044
C05 1099.99 1.7955229
C04 319.994 40.57375
C04 324.969 45.843533
C04 349.982 69.644905
C04 374.975 76.71986
C04 400.019 84.0387
C04 424.965 86.47615
C04 450.035 88.65989
C04 475.003 90.12793
C04 500.018 92.59329
C04 525.002 94.74829
C04 550.029 95.55331
C04 575.023 97.46955
C04 599.982 98.22878
C04 619.997 98.35412
C04 624.979 98.414955
C04 650.012 99.25061
C04 675.004 99.056725
C04 700.03 99.27848
C04 725.012 98.90112
C04 750.022 99.44701
C04 774.987 99.25178
C04 799.976 98.5285
C04 824.988 96.77752
C04 850.022 94.824356
C04 869.967 91.897026
C04 875.002 90.54707
C04 899.999 83.212746
C04 919.999 74.68733
C04 925.012 72.36161
C04 949.965 58.933098
C04 975.002 44.13813
C04 999.976 26.605303
C04 1025.028 11.455689
C04 1050.014 4.0266438
C04 1075.002 2.2338688
C04 1099.99 1.7958057
C07 319.994 41.49091
C07 324.969 46.889103
C07 349.982 71.315704
C07 374.975 78.315384
C07 400.019 85.00699
C07 424.965 87.1085
C07 450.035 89.12218
C07 475.003 90.49475
C07 500.018 92.90077
C07 525.002 95.021805
C07 550.029 95.8038
C07 575.023 97.70715
C07 599.982 98.458534
C07 619.997 98.57348
C07 624.979 98.63624
C07 650.012 99.46353
C07 675.004 99.26596
C07 700.03 99.47105
C07 725.012 99.05791
C07 750.022 99.55001
C07 774.987 99.30789
C07 799.976 98.55541
C07 824.988 96.78924
C07 850.022 94.79995
C07 869.967 91.816284
C07 875.002 90.47051
C07 899.999 83.23696
C07 919.999 74.77183
C07 925.012 72.379585
C07 949.965 58.8067
C07 975.002 44.046833
C07 999.976 26.641037
C07 1025.028 11.567399
C07 1050.014 4.0853972
C07 1075.002 2.2410262
C07 1099.99 1.7896485
C13 319.994 41.75668
C13 324.969 47.188732
C13 349.982 71.93671
C13 374.975 79.05778
C13 400.019 85.51219
C13 424.965 87.47484
C13 450.035 89.40397
C13 475.003 90.72367
C13 500.018 93.09628
C13 525.002 95.19526
C13 550.029 95.96678
C13 575.023 97.86426
C13 599.982 98.613045
C13 619.997 98.734474
C13 624.979 98.79289
C13 650.012 99.624916
C13 675.004 99.42206
C13 700.03 99.58148
C13 725.012 99.01051
C13 750.022 99.30205
C13 774.987 98.8527
C13 799.976 98.02102
C13 824.988 96.29283
C13 850.022 94.28459
C13 869.967 91.13598
C13 875.002 89.75263
C13 899.999 83.0402
C13 919.999 74.98143
C13 925.012 72.57134
C13 949.965 58.523273
C13 975.002 43.651653
C13 999.976 26.633467
C13 1025.028 11.586943
C13 1050.014 4.081832
C13 1075.002 2.2093732
C13 1099.99 1.7716017
C03 319.994 40.334633
C03 324.969 45.572376
C03 349.982 69.11847
C03 374.975 76.18183
C03 400.019 83.80099
C03 424.965 86.40615
C03 450.035 88.69315
C03 475.003 90.22755
C03 500.018 92.73598
C03 525.002 94.91733
C03 550.029 95.74006
C03 575.023 97.66531
C03 599.982 98.42893
C03 619.997 98.55349
C03 624.979 98.61407
C03 650.012 99.45077
C03 675.004 99.25556
C03 700.03 99.48225
C03 725.012 99.1092
C03 750.022 99.66152
C03 774.987 99.476234
C03 799.976 98.76357
C03 824.988 97.01276
C03 850.022 95.084816
C03 869.967 92.165955
C03 875.002 90.83939
C03 899.999 83.45768
C03 919.999 75.00707
C03 925.012 72.71041
C03 949.965 59.246674
C03 975.002 44.263546
C03 999.976 26.70449
C03 1025.028 11.497245
C03 1050.014 4.0567613
C03 1075.002 2.2514677
C03 1099.99 1.8057638
