lsstCam/transmission_filter_detector/r34_s22/z_20/19700101T000000.ecsv
# %ECSV 1.0
# ---
# datatype:
# - {name: wavelength, unit: nm, datatype: float32}
# - {name: efficiency, unit: '%', datatype: float64}
# meta: !!omap
# - {MODE: DETECTOR}
# - {TYPE: transmission_filter_detector}
# - {CALIBDATE: '1970-01-01T00:00:00'}
# - {INSTRUME: LSSTCam}
# - {OBSTYPE: transmission_filter_detector}
# - {CALIBCLS: lsst.ip.isr.IntermediateFilterDetectorTransmissionCurve}
# - {SOURCE: Materion (DM-46256)}
# - {DETECTOR: 161}
# - {FILTER: z_20}
# - {CALIB_ID: 'calibDate=1970-01-01T00:00:00 filter=z_20 detector=161'}
# - {DATE: '2025-04-02T15:59:49.388286'}
# - {CALIB_CREATION_DATE: '2025-04-02'}
# - {CALIB_CREATION_TIME: '15:59:49'}
# - __serialized_columns__:
#     efficiency:
#       __class__: astropy.units.quantity.Quantity
#       unit: !astropy.units.Unit {unit: '%'}
#       value: !astropy.table.SerializedColumn {name: efficiency}
#     wavelength:
#       __class__: astropy.units.quantity.Quantity
#       unit: !astropy.units.Unit {unit: nm}
#       value: !astropy.table.SerializedColumn {name: wavelength}
# schema: astropy-2.0
wavelength efficiency
300.0 0.4041138105094433
301.0 0.3469778457656503
302.0 0.2898418577387929
303.0 0.2395011018961668
304.0 0.1891603576950729
305.0 0.17391936853528023
306.0 0.1586783560924232
307.0 0.15492518432438374
308.0 0.15117194270715117
309.0 0.13829206582158804
310.0 0.1254122005775571
311.0 0.1172813237644732
312.0 0.10915043530985713
313.0 0.10050196433439851
314.0 0.09185345843434334
315.0 0.08540311828255653
316.0 0.07895277231000364
317.0 0.0728658342268318
318.0 0.06677889032289386
319.0 0.06517445435747504
320.0 0.06357001257129014
321.0 0.0597741745878011
322.0 0.05597833660431206
323.0 0.05366959376260638
324.0 0.0513608509209007
325.0 0.049511773977428675
326.0 0.04766269994433969
327.0 0.04166035505477339
328.0 0.035658013075590134
329.0 0.03572337154764682
330.0 0.03578873001970351
331.0 0.034741833223961294
332.0 0.03369493642821908
333.0 0.02991317887790501
334.0 0.026131418417207897
335.0 0.02556078543420881
336.0 0.02499015536159277
337.0 0.020490818133112043
338.0 0.01599148235982284
339.0 0.017875363118946552
340.0 0.019759245333261788
341.0 0.017772603314369917
342.0 0.015785961295478046
343.0 0.015343875566031784
344.0 0.014901789836585522
345.0 0.013426493387669325
346.0 0.011951195483561605
347.0 0.012768260785378516
348.0 0.01358532317681238
349.0 0.012946037168148905
350.0 0.012306749704293907
351.0 0.01183586718980223
352.0 0.01136498831328936
353.0 0.011510008334880695
354.0 0.011655030539259315
355.0 0.01143133340519853
356.0 0.011207636998733506
357.0 0.010872375423787162
358.0 0.010537112393649295
359.0 0.010417195153422654
360.0 0.010297278640791774
361.0 0.010002636554418132
362.0 0.00970799446804449
363.0 0.010003344505093992
364.0 0.010298693814547732
365.0 0.010107823618454859
366.0 0.009916952694766223
367.0 0.009273878822568804
368.0 0.008630803495179862
369.0 0.008931443153414875
370.0 0.00923208353924565
371.0 0.008577868720749393
372.0 0.007923653902253136
373.0 0.007945049583213404
374.0 0.00796644453657791
375.0 0.006660155486315489
376.0 0.005353866072255187
377.0 0.005082237476017326
378.0 0.0048106088797794655
379.0 0.0051307393732713535
380.0 0.005450870230561122
381.0 0.005361416697269306
382.0 0.005271962800179608
383.0 0.004824129428016022
384.0 0.004376294964458793
385.0 0.0043601445213425905
386.0 0.0043439940782263875
387.0 0.004583104600897059
388.0 0.00482221512356773
389.0 0.004721171717392281
390.0 0.004620128311216831
391.0 0.004189618630334735
392.0 0.0037591089494526386
393.0 0.003679533620015718
394.0 0.003599958654376678
395.0 0.003352654675836675
396.0 0.0031053506972966716
397.0 0.0034620592487044632
398.0 0.0038187685277080163
399.0 0.003908223152393475
400.0 0.003997677777078934
401.0 0.004681299833464436
402.0 0.005364921526052058
403.0 0.004747375714941882
404.0 0.004129830267629586
405.0 0.0042458683310542256
406.0 0.004361906758276746
407.0 0.004607368464348838
408.0 0.004852830898016691
409.0 0.004129315129830502
410.0 0.003405800089240074
411.0 0.0042227442463627085
412.0 0.005039688039687462
413.0 0.005267659435048699
414.0 0.005495631194207817
415.0 0.004755036934511736
416.0 0.0040144430386135355
417.0 0.0029955497666378506
418.0 0.0019766568584600464
419.0 0.0027889846023754217
420.0 0.003601312346290797
421.0 0.0029446166081470437
422.0 0.0022879208700032905
423.0 0.0025322324290755205
424.0 0.0027765439881477505
425.0 0.00306828114844393
426.0 0.003360018308740109
427.0 0.0032103263947647065
428.0 0.0030606344807893038
429.0 0.0024231225324911065
430.0 0.0017856105841929093
431.0 0.001867635000962764
432.0 0.0019496594177326187
433.0 0.00199910718947649
434.0 0.0020485551431193016
435.0 0.00302169664792018
436.0 0.003994838334619999
437.0 0.0030393559427466244
438.0 0.00208387373277219
439.0 0.0021078456484247
440.0 0.00213181774597615
441.0 0.002368672357988544
442.0 0.0026055269700009376
443.0 0.002348123052797746
444.0 0.0020907191355945542
445.0 0.0017886850400827825
446.0 0.0014866511264699511
447.0 0.001632526982575655
448.0 0.0017784028386813588
449.0 0.0020709660020656884
450.0 0.002363529165450018
451.0 0.0020380783098516986
452.0 0.0017126270904554985
453.0 0.002014290657825768
454.0 0.0023159538613981567
455.0 0.0021215448214206845
456.0 0.0019271359633421525
457.0 0.0014490182365989313
458.0 0.0009709003279567696
459.0 0.0013565831977757625
460.0 0.0017422662494936958
461.0 0.0014454467418545391
462.0 0.0011486274161143228
463.0 0.0011379461284377612
464.0 0.0011272647498117294
465.0 0.0011100913980044425
466.0 0.0010929178642982151
467.0 0.0010336521881981753
468.0 0.0009743866030476056
469.0 0.0011217489372938871
470.0 0.001269111453439109
471.0 0.0013384652447712142
472.0 0.0014078190361033194
473.0 0.0015251395780069288
474.0 0.0016424597561126575
475.0 0.0016293883163598366
476.0 0.0016163168766070157
477.0 0.001544732367619872
478.0 0.0014731478586327285
479.0 0.0017299307728535496
480.0 0.0019867136870743707
481.0 0.0017529200704302639
482.0 0.001519126362836687
483.0 0.0012282688658160623
484.0 0.0009374113687954377
485.0 0.0013130031220498495
486.0 0.001688594784354791
487.0 0.001353352672595065
488.0 0.0010181105608353391
489.0 0.0010723244486143813
490.0 0.001126538154494483
491.0 0.0012310191777942237
492.0 0.001335500110144494
493.0 0.0016165884517249651
494.0 0.001897676702355966
495.0 0.0016740854334784672
496.0 0.001450494437449379
497.0 0.001514762880105991
498.0 0.0015790312318131328
499.0 0.001712059929559473
500.0 0.0018450882635079324
501.0 0.001700297616480384
502.0 0.001555506605654955
503.0 0.001240043911820976
504.0 0.0009245813089364674
505.0 0.001536782474431675
506.0 0.0021489831851795316
507.0 0.0017458525690017268
508.0 0.0013427218618744519
509.0 0.0011830136827484239
510.0 0.001023305503622396
511.0 0.0010827136065927334
512.0 0.0011421216186136007
513.0 0.0014074244973016903
514.0 0.0016727271940908395
515.0 0.0015646786778233945
516.0 0.0014566302525054198
517.0 0.0011727506716852076
518.0 0.0008888711818144657
519.0 0.0014437692698265892
520.0 0.001998667539737653
521.0 0.002026555739575997
522.0 0.002054443939414341
523.0 0.0018974338672705926
524.0 0.0017404234313289635
525.0 0.0013207205483922735
526.0 0.0009010175745061133
527.0 0.0009886570296657737
528.0 0.0010762964848254342
529.0 0.001162683383881813
530.0 0.0012490701919887215
531.0 0.0012769733075401746
532.0 0.001304876604990568
533.0 0.0013790204320685007
534.0 0.0014531642591464333
535.0 0.0016870042600203305
536.0 0.0019208448065910488
537.0 0.0018131479009753093
538.0 0.0017054513591574505
539.0 0.0013620064237329643
540.0 0.0010185618521063589
541.0 0.0010851324077520985
542.0 0.001151702872448368
543.0 0.0009638113624532707
544.0 0.0007759198524581734
545.0 0.0012785024409822654
546.0 0.0017810849385568872
547.0 0.001589661587786395
548.0 0.0013982379641674925
549.0 0.001847454950620886
550.0 0.0022966720280237496
551.0 0.0020633719032048248
552.0 0.0018300717783859
553.0 0.0017865961126517504
554.0 0.001743120446917601
555.0 0.0017202151866513304
556.0 0.0016973095625871792
557.0 0.0014944106624170672
558.0 0.0012915117622469552
559.0 0.0013085144928481895
560.0 0.0013255170415504836
561.0 0.0012402354514051694
562.0 0.001154953679360915
563.0 0.0015470779544557445
564.0 0.001939202229550574
565.0 0.0020048209989909083
566.0 0.002070439950330183
567.0 0.0022077856556279585
568.0 0.0023451311790267937
569.0 0.0024636641683173366
570.0 0.00258219752140576
571.0 0.0025772134904400446
572.0 0.002572229459474329
573.0 0.0022611935492022894
574.0 0.0019501572751323693
575.0 0.0018103659385815263
576.0 0.0016705746020306833
577.0 0.0018307446225662716
578.0 0.00199091464310186
579.0 0.0019227298253099434
580.0 0.001854545007518027
581.0 0.0019525075913406909
582.0 0.0020504705389612354
583.0 0.0017405189282726496
584.0 0.0014305676813819446
585.0 0.0018818342141457833
586.0 0.002333100746909622
587.0 0.0020621087969630025
588.0 0.001791116847016383
589.0 0.0019692037312779576
590.0 0.002147290615539532
591.0 0.0017837330233305693
592.0 0.0014201755220710766
593.0 0.001243354199687019
594.0 0.001066532604454551
595.0 0.0009999828762374818
596.0 0.0009334327842225321
597.0 0.0006412188213289483
598.0 0.00034900476748589426
599.0 0.0007158990229072515
600.0 0.0010827931873791385
601.0 0.0009361132470075972
602.0 0.0007894333066360559
603.0 0.0011992527106485795
604.0 0.0016090718418126926
605.0 0.001319906641583657
606.0 0.0010307412594556808
607.0 0.000991697652352741
608.0 0.0009526541361992713
609.0 0.0008180761142284609
610.0 0.0006834982741565909
611.0 0.0009399718692293391
612.0 0.0011964452824031468
613.0 0.0012960209460288752
614.0 0.0013955971553514246
615.0 0.0012284304830245674
616.0 0.0010612638106977101
617.0 0.0014641230336565059
618.0 0.0018669823475647718
619.0 0.0017415806723874994
620.0 0.0016161793610081077
621.0 0.0014962765817472246
622.0 0.0013763738934358116
623.0 0.001359405359835364
624.0 0.001342436735285446
625.0 0.0014824475329078268
626.0 0.0016224581486312672
627.0 0.0019247821910539642
628.0 0.0022271058696787804
629.0 0.0022593672838411294
630.0 0.0022916281523066573
631.0 0.0023684511688770726
632.0 0.0024452738216496073
633.0 0.0028348644264042377
634.0 0.0032244555768556893
635.0 0.005829497240483761
636.0 0.008434540359303355
637.0 0.015414258814416826
638.0 0.022393980179913342
639.0 0.019931109272874892
640.0 0.01746823836583644
641.0 0.01516952324891463
642.0 0.012870806676801294
643.0 0.009417896217200905
644.0 0.005964985757600516
645.0 0.006084012784413062
646.0 0.006203039811225608
647.0 0.005749836782342754
648.0 0.005296634117257781
649.0 0.004247140896040946
650.0 0.003197648038621992
651.0 0.003406064206501469
652.0 0.0036144800105830655
653.0 0.002836372732417658
654.0 0.00205826509045437
655.0 0.002191301427956205
656.0 0.0023243375835590996
657.0 0.0024778702936600894
658.0 0.002631403003761079
659.0 0.0024042388758971356
660.0 0.002177074748033192
661.0 0.0025191071472363546
662.0 0.0028611395464395173
663.0 0.0023757926101097837
664.0 0.0018904460375779308
665.0 0.00167917060025502
666.0 0.0014678955267299898
667.0 0.0013567669157055207
668.0 0.0012456382137315813
669.0 0.0013061830941296648
670.0 0.0013667280654772185
671.0 0.0011842983440146782
672.0 0.0010018683497037273
673.0 0.001377412900183117
674.0 0.0017529573597130366
675.0 0.0014371637007570826
676.0 0.0011213701327505987
677.0 0.0014056603504286613
678.0 0.0016899506590561941
679.0 0.0017454929547966458
680.0 0.0018010352505370975
681.0 0.0019966892068623565
682.0 0.0021923435269854963
683.0 0.0025605078917578794
684.0 0.002928672438429203
685.0 0.0027545427656150423
686.0 0.002580413274699822
687.0 0.002515680534997955
688.0 0.0024509481590939686
689.0 0.0024449112970614806
690.0 0.0024388747988268733
691.0 0.0023582790163345635
692.0 0.002277683415741194
693.0 0.00283699446299579
694.0 0.003396305692149326
695.0 0.0036278419429436326
696.0 0.0038593778299400583
697.0 0.004058916965732351
698.0 0.004258456101524644
699.0 0.005939582479186356
700.0 0.007620706310262904
701.0 0.0074818126449827105
702.0 0.007342918979702517
703.0 0.006600152119062841
704.0 0.005857384530827403
705.0 0.004721167715615593
706.0 0.0035849512642016634
707.0 0.0032884523534448817
708.0 0.0029919538064859807
709.0 0.0036831272154813632
710.0 0.004374300624476746
711.0 0.004192844062345102
712.0 0.00401138786401134
713.0 0.0031454772397410125
714.0 0.0022795664335717447
715.0 0.0023587715986650437
716.0 0.0024379765818594024
717.0 0.0022017648007022217
718.0 0.001965553019545041
719.0 0.0018538605218054727
720.0 0.0017421680240659043
721.0 0.002276531813549809
722.0 0.0028108957849326544
723.0 0.002663249324541539
724.0 0.002515603046049364
725.0 0.0018580023606773466
726.0 0.0012004016753053293
727.0 0.0013593314179161098
728.0 0.0015182608876784798
729.0 0.001393581351294415
730.0 0.0012689017239608802
731.0 0.0009869630048342515
732.0 0.0007050241947581526
733.0 0.0011638886462606024
734.0 0.001622753006813582
735.0 0.0013582841347670183
736.0 0.0010938150808215141
737.0 0.0010757708878372796
738.0 0.0010577268767519854
739.0 0.0014557283975591417
740.0 0.001853729918366298
741.0 0.0013616862815979403
742.0 0.0008696422810317017
743.0 0.001252112997462973
744.0 0.0016345837138942443
745.0 0.0019960552890552208
746.0 0.0023575270461151376
747.0 0.0022605790945817716
748.0 0.002163631324947346
749.0 0.0029099954190314747
750.0 0.003656359695014544
751.0 0.0033261312637478113
752.0 0.002995903014380019
753.0 0.003094561179750599
754.0 0.003193219527020119
755.0 0.0027450038032839075
756.0 0.002296788079547696
757.0 0.0022616137357545085
758.0 0.0022264390281634405
759.0 0.0026244162654620595
760.0 0.003022393138962798
761.0 0.004742709643323906
762.0 0.006463025783887133
763.0 0.005876831346540712
764.0 0.005290638728183694
765.0 0.004637254460249096
766.0 0.003983869828516617
767.0 0.004198112583253533
768.0 0.004412355701788329
769.0 0.005338851042324677
770.0 0.006265346746658906
771.0 0.005039252937422134
772.0 0.0038131594919832423
773.0 0.003938803638448007
774.0 0.0040644477849127725
775.0 0.023413787130266428
776.0 0.01415936421835795
777.0 0.1528139691799879
778.0 2.688533423667039e-10
779.0 0.08614687831141055
780.0 0.09267817949876189
781.0 0.1254824921488762
782.0 2.688533423667039e-10
783.0 0.09626657119952142
784.0 2.688533423667039e-10
785.0 0.10979471262544394
786.0 2.688533423667039e-10
787.0 0.03704802948050201
788.0 2.688533423667039e-10
789.0 2.688533423667039e-10
790.0 2.688533423667039e-10
791.0 0.002079998557746876
792.0 0.037816347321495414
793.0 2.688533423667039e-10
794.0 0.11304120998829603
795.0 0.06185293896123767
796.0 0.023404255625791848
797.0 0.07628393941558897
798.0 0.22329569328576326
799.0 0.4319755360484123
800.0 0.5709182936698198
801.0 1.1018515564501286
802.0 1.5379036776721478
803.0 2.608189173042774
804.0 4.090679809451103
805.0 5.9042662382125854
806.0 7.877732813358307
807.0 10.545449703931808
808.0 13.609400391578674
809.0 17.079007625579834
810.0 20.332184433937073
811.0 23.408912122249603
812.0 27.202948927879333
813.0 31.95326328277588
814.0 36.67260706424713
815.0 42.458564043045044
816.0 48.59638214111328
817.0 55.709534883499146
818.0 62.88485527038574
819.0 69.25104856491089
820.0 76.63695216178894
821.0 82.98639059066772
822.0 88.01057934761047
823.0 90.83381295204163
824.0 93.8442051410675
825.0 96.70566916465759
826.0 97.53839373588562
827.0 97.77597784996033
828.0 98.9429771900177
829.0 99.70945715904236
830.0 98.88730645179749
831.0 98.99640083312988
832.0 98.43575954437256
833.0 99.53885078430176
834.0 97.8751540184021
835.0 99.17876124382019
836.0 98.69813323020935
837.0 98.62397313117981
838.0 98.01478385925293
839.0 98.30406308174133
840.0 98.33285212516785
841.0 98.97340536117554
842.0 99.42694306373596
843.0 99.34058785438538
844.0 98.01252484321594
845.0 98.26300740242004
846.0 98.81390929222107
847.0 98.70575666427612
848.0 99.42817091941833
849.0 98.87579083442688
850.0 98.253333568573
851.0 99.27643537521362
852.0 98.91076683998108
853.0 98.53483438491821
854.0 99.60395693778992
855.0 98.12811613082886
856.0 98.68285655975342
857.0 97.68726229667664
858.0 98.14633131027222
859.0 99.0513563156128
860.0 98.5171914100647
861.0 98.7013041973114
862.0 98.47301244735718
863.0 98.5545814037323
864.0 99.5482325553894
865.0 99.5995819568634
866.0 98.5119879245758
867.0 99.37811493873596
868.0 99.62759613990784
869.0 99.13241863250732
870.0 98.00180196762085
871.0 98.92305135726929
872.0 98.82495403289795
873.0 99.09214973449707
874.0 98.99044632911682
875.0 98.65458607673645
876.0 99.05644655227661
877.0 99.42577481269836
878.0 99.12229180335999
879.0 98.48702549934387
880.0 98.56131672859192
881.0 99.4987964630127
882.0 98.28276038169861
883.0 98.61648678779602
884.0 98.93543124198914
885.0 99.0372896194458
886.0 98.75948429107666
887.0 98.62768054008484
888.0 99.2936372756958
889.0 99.52511787414551
890.0 97.81355261802673
891.0 98.8324761390686
892.0 98.41482639312744
893.0 98.80712628364563
894.0 98.02457094192505
895.0 99.36293363571167
896.0 98.57034683227539
