lsstCam/transmission_filter_detector/r34_s22/z_20/19700101T000000.ecsv
# %ECSV 1.0
# ---
# datatype:
# - {name: wavelength, unit: nm, datatype: float32}
# - {name: efficiency, unit: '%', datatype: float64}
# meta: !!omap
# - {MODE: DETECTOR}
# - {TYPE: transmission_filter_detector}
# - {CALIBDATE: '1970-01-01T00:00:00'}
# - {INSTRUME: LSSTCam}
# - {OBSTYPE: transmission_filter_detector}
# - {CALIBCLS: lsst.ip.isr.IntermediateFilterDetectorTransmissionCurve}
# - {SOURCE: Materion (DM-46256)}
# - {DETECTOR: 161}
# - {FILTER: z_20}
# - {CALIB_ID: 'calibDate=1970-01-01T00:00:00 filter=z_20 detector=161'}
# - {DATE: '2025-04-02T15:59:49.388286'}
# - {CALIB_CREATION_DATE: '2025-04-02'}
# - {CALIB_CREATION_TIME: '15:59:49'}
# - __serialized_columns__:
#     efficiency:
#       __class__: astropy.units.quantity.Quantity
#       unit: !astropy.units.Unit {unit: '%'}
#       value: !astropy.table.SerializedColumn {name: efficiency}
#     wavelength:
#       __class__: astropy.units.quantity.Quantity
#       unit: !astropy.units.Unit {unit: nm}
#       value: !astropy.table.SerializedColumn {name: wavelength}
# schema: astropy-2.0
wavelength efficiency
[from data line 598]
898.0 98.84727597236633
899.0 99.09777045249939
900.0 98.74510765075684
901.0 99.43038821220398
902.0 99.10628199577332
903.0 98.43118786811829
904.0 97.53397703170776
905.0 98.41529726982117
906.0 97.74966835975647
907.0 98.25075268745422
908.0 97.77401089668274
909.0 97.70342111587524
910.0 97.49294519424438
911.0 96.18567228317261
912.0 95.59686779975891
913.0 93.66462230682373
914.0 91.21823906898499
915.0 88.3192241191864
916.0 86.20399832725525
917.0 84.87783670425415
918.0 81.14354014396667
919.0 79.61112856864929
920.0 75.96805691719055
921.0 71.41270041465759
922.0 66.48479700088501
923.0 59.749430418014526
924.0 54.2247474193573
925.0 48.623788356781006
926.0 41.85163974761963
927.0 34.76029634475708
928.0 28.738081455230713
929.0 22.59168177843094
930.0 17.40172505378723
931.0 12.563952803611755
932.0 8.083302527666092
933.0 4.9124713987112045
934.0 3.029702790081501
935.0 1.6577403992414474
936.0 1.0517033748328686
937.0 0.6620822474360466
938.0 0.4595124162733555
939.0 0.15734476037323475
940.0 0.17152087530121207
941.0 2.688533423667039e-10
942.0 0.09889047360047698
943.0 0.11471367906779051
944.0 0.06488363724201918
945.0 0.037544770748354495
946.0 0.003768391252378933
947.0 2.688533423667039e-10
948.0 2.688533423667039e-10
949.0 2.688533423667039e-10
950.0 0.008774519665166736
951.0 2.688533423667039e-10
952.0 0.03940602473448962
953.0 2.688533423667039e-10
954.0 0.04895679885521531
955.0 2.688533423667039e-10
956.0 2.688533423667039e-10
957.0 0.013607043365482241
958.0 0.09881957666948438
959.0 0.08692580158822238
960.0 0.08040437242016196
961.0 2.688533423667039e-10
962.0 0.034964282531291246
963.0 2.688533423667039e-10
964.0 2.688533423667039e-10
965.0 2.688533423667039e-10
966.0 2.688533423667039e-10
967.0 2.688533423667039e-10
968.0 0.020354639855213463
969.0 2.688533423667039e-10
970.0 0.0023879780201241374
971.0 2.688533423667039e-10
972.0 2.688533423667039e-10
973.0 2.688533423667039e-10
974.0 2.688533423667039e-10
975.0 2.688533423667039e-10
976.0 0.0058703608374344185
977.0 0.005756209429819137
978.0 0.005642059113597497
979.0 0.005546445754589513
980.0 0.005450832031783648
981.0 0.005350251740310341
982.0 0.005249671085039154
983.0 0.005056365989730693
984.0 0.004863060894422233
985.0 0.004833360071643256
986.0 0.004803659612662159
987.0 0.004741576049127616
988.0 0.004679492121795192
989.0 0.004670777707360685
990.0 0.004662062929128297
991.0 0.004410434848978184
992.0 0.004158807132625952
993.0 0.0043314688809914514
994.0 0.0045041306293569505
995.0 0.004346027344581671
996.0 0.004187924059806392
997.0 0.004259045090293512
998.0 0.004330166484578513
999.0 0.004372950206743553
1000.0 0.004415734656504355
1001.0 0.004187685772194527
1002.0 0.003959636887884699
1003.0 0.00393994887417648
1004.0 0.003920261224266142
1005.0 0.0038917572965146974
1006.0 0.003863253732561134
1007.0 0.0038857728213770315
1008.0 0.0039082915463950485
1009.0 0.003923769691027701
1010.0 0.003939248199458234
1011.0 0.003834784365608357
1012.0 0.003730320167960599
1013.0 0.003941648174077272
1014.0 0.004152975816396065
1015.0 0.003983273927588016
1016.0 0.0038135720387799665
1017.0 0.003908421058440581
1018.0 0.004003270078101195
1019.0 0.004004472430096939
1020.0 0.004005674782092683
1021.0 0.003948781159124337
1022.0 0.0038918871723581105
1023.0 0.004022414577775635
1024.0 0.00415294234699104
1025.0 0.004156069553573616
1026.0 0.004159196760156192
1027.0 0.004288377385819331
1028.0 0.004417557647684589
1029.0 0.004407881715451367
1030.0 0.004398205783218145
1031.0 0.004275160608813167
1032.0 0.004152115798206069
1033.0 0.004345130219007842
1034.0 0.004538144639809616
1035.0 0.004679834091803059
1036.0 0.004821523179998621
1037.0 0.004876445746049285
1038.0 0.004931368675897829
1039.0 0.004807538061868399
1040.0 0.0046837074478389695
1041.0 0.004687398541136645
1042.0 0.00469108963443432
1043.0 0.004955898111802526
1044.0 0.005220707316766493
1045.0 0.005384703035815619
1046.0 0.005548698754864745
1047.0 0.005531811621040106
1048.0 0.005514925214811228
1049.0 0.0057099616242339835
1050.0 0.005904997306060977
1051.0 0.0061100334278307855
1052.0 0.006315070640994236
1053.0 0.006592238059965894
1054.0 0.00686940475134179
1055.0 0.00678181677358225
1056.0 0.00669422879582271
1057.0 0.0069518835516646504
1058.0 0.007209539762698114
1059.0 0.007567442662548274
1060.0 0.007925345562398434
1061.0 0.007978739449754357
1062.0 0.00803213260951452
1063.0 0.00830355565994978
1064.0 0.0085749794379808
1065.0 0.008563222945667803
1066.0 0.008551467180950567
1067.0 0.008798193448456004
1068.0 0.00904491898836568
1069.0 0.0096111572929658
1070.0 0.010177394142374396
1071.0 0.009976428555091843
1072.0 0.009775462240213528
1073.0 0.009866258915280923
1074.0 0.009957055590348318
1075.0 0.009984489588532597
1076.0 0.010011922859121114
1077.0 0.011191879457328469
1078.0 0.012371837510727346
1079.0 0.012320828682277352
1080.0 0.012269819853827357
1081.0 0.01296738046221435
1082.0 0.013664941070601344
1083.0 0.013529445277526975
1084.0 0.01339394657406956
1085.0 0.01333658437943086
1086.0 0.013279223639983684
1087.0 0.01427359675290063
1088.0 0.0152679713210091
1089.0 0.014740813639946282
1090.0 0.014213657414074987
1091.0 0.01581638935022056
1092.0 0.017419119831174612
1093.0 0.01693530794000253
1094.0 0.016451493138447404
1095.0 0.016861384210642427
1096.0 0.01727127528283745
1097.0 0.01805472857085988
1098.0 0.018838180403690785
1099.0 0.019535579485818744
1100.0 0.020232975657563657
1101.0 0.02099529083352536
1102.0 0.021757606009487063
1103.0 0.022454043210018426
1104.0 0.023150484776124358
1105.0 0.02353462768951431
1106.0 0.02391877060290426
1107.0 0.025096090394072235
1108.0 0.026273413095623255
1109.0 0.026912198518402874
1110.0 0.02755098685156554
1111.0 0.028600997757166624
1112.0 0.02965100866276771
1113.0 0.028152327286079526
1114.0 0.026653645909391344
1115.0 0.028205750277265906
1116.0 0.029757857555523515
1117.0 0.030044117011129856
1118.0 0.030330376466736197
1119.0 0.032522561377845705
1120.0 0.034714743378572166
1121.0 0.03472285461612046
1122.0 0.03473096585366875
1123.0 0.037644224357791245
1124.0 0.040557485772296786
1125.0 0.04099984362255782
1126.0 0.0414422043832019
1127.0 0.04158423689659685
1128.0 0.041726272320374846
1129.0 0.04658247926272452
1130.0 0.05143868620507419
1131.0 0.0523368245922029
1132.0 0.05323496297933161
1133.0 0.053850730182603
1134.0 0.0544664915651083
1135.0 0.06274505867622793
1136.0 0.07102363160811365
1137.0 0.07343313773162663
1138.0 0.07584264385513961
1139.0 0.08325983653776348
1140.0 0.09067702339962125
1141.0 0.10481575736775994
1142.0 0.11895447969436646
1143.0 0.18511941889300942
1144.0 0.2512844046577811
1145.0 0.5644918419420719
1146.0 0.8776992559432983
1147.0 1.2628576718270779
1148.0 1.6480159014463425
1149.0 1.6535349190235138
1150.0 1.6590531915426254
