lsstCam/transmission_filter_detector/r31_s10/y_10/19700101T000000.ecsv
# %ECSV 1.0
# ---
# datatype:
# - {name: wavelength, unit: nm, datatype: float32}
# - {name: efficiency, unit: '%', datatype: float64}
# meta: !!omap
# - {MODE: DETECTOR}
# - {TYPE: transmission_filter_detector}
# - {CALIBDATE: '1970-01-01T00:00:00'}
# - {INSTRUME: LSSTCam}
# - {OBSTYPE: transmission_filter_detector}
# - {CALIBCLS: lsst.ip.isr.IntermediateFilterDetectorTransmissionCurve}
# - {SOURCE: Materion (DM-46256)}
# - {DETECTOR: 129}
# - {FILTER: y_10}
# - {CALIB_ID: 'calibDate=1970-01-01T00:00:00 filter=y_10 detector=129'}
# - {DATE: '2025-04-02T15:59:51.341558'}
# - {CALIB_CREATION_DATE: '2025-04-02'}
# - {CALIB_CREATION_TIME: '15:59:51'}
# - __serialized_columns__:
#     efficiency:
#       __class__: astropy.units.quantity.Quantity
#       unit: !astropy.units.Unit {unit: '%'}
#       value: !astropy.table.SerializedColumn {name: efficiency}
#     wavelength:
#       __class__: astropy.units.quantity.Quantity
#       unit: !astropy.units.Unit {unit: nm}
#       value: !astropy.table.SerializedColumn {name: wavelength}
# schema: astropy-2.0
wavelength efficiency
300.0 0.01794156269170344
301.0 0.023772298300173134
302.0 0.029603030998259783
303.0 0.02305919479113072
304.0 0.016515357128810138
305.0 0.013636986841447651
306.0 0.010758615098893642
307.0 0.008376648474950343
308.0 0.005994683306198567
309.0 0.006569523975485936
310.0 0.00714436755515635
311.0 0.00421941076638177
312.0 0.0012944547961524222
313.0 0.005451693505165167
314.0 0.009608930122340098
315.0 0.005889397652936168
316.0 0.002169863728340715
317.0 0.0035963119444204494
318.0 0.005022759432904422
319.0 0.002046952249656897
320.0 1.6023073709861557e-10
321.0 1.6023073709861557e-10
322.0 0.0001158339159701427
323.0 0.002117508847732097
324.0 0.0041191833588527516
325.0 0.0031642568501411006
326.0 0.0022093301595305093
327.0 0.0026820882339961827
328.0 0.0031548461265629157
329.0 0.003632179505075328
330.0 0.00410951288358774
331.0 0.0033812808396760374
332.0 0.002653049159562215
333.0 0.0024538659999961965
334.0 0.002254682476632297
335.0 0.001541972960694693
336.0 0.0008292637176054996
337.0 0.0013395360838330816
338.0 0.001849808541010134
339.0 0.0010613003723847214
340.0 0.00027279238565824926
341.0 0.0007911259672255255
342.0 0.0013094593668938614
343.0 0.0010852566447283607
344.0 0.0008610538316133898
345.0 0.0006287353699008236
346.0 0.00039641699913772754
347.0 0.0006034117177478038
348.0 0.0008104066182568204
349.0 0.0007525707133027026
350.0 0.0006947347173991147
351.0 0.0008241813702625223
352.0 0.0009536280231259298
353.0 0.0013133923857822083
354.0 0.0016731566574890167
355.0 0.0015924804756650701
356.0 0.0015118039300432429
357.0 0.001409095693816198
358.0 0.001306387821387034
359.0 0.0010815633686434012
360.0 0.0008567389158997685
361.0 0.000652289509162074
362.0 0.00044784010242437944
363.0 0.0006848961220384808
364.0 0.0009219521416525822
365.0 0.001225985852215672
366.0 0.0015300198356271721
367.0 0.0019390985471545719
368.0 0.0023481770767830312
369.0 0.002054414289887063
370.0 0.0017606520486879162
371.0 0.0015589219401590526
372.0 0.0013571921044785995
373.0 0.0015727946447441354
374.0 0.0017883970940602012
375.0 0.002664072781044524
376.0 0.003539749013725668
377.0 0.003860437936964445
378.0 0.004181126496405341
379.0 0.003756074875127524
380.0 0.0033310232538497075
381.0 0.0025674553398857825
382.0 0.001803887244022917
383.0 0.001347331635770388
384.0 0.0008907758456189185
385.0 0.0008536944733350538
386.0 0.0008166129191522487
387.0 0.0006510084858746268
388.0 0.00048540400712226983
389.0 0.00044678549784293864
390.0 0.0004081670795130776
391.0 0.0005095044343761401
392.0 0.0006108417437644675
393.0 0.0006553398179676151
394.0 0.0006998376647970872
395.0 0.000633573608865845
396.0 0.0005673094619851327
397.0 0.0006417995336960303
398.0 0.0007162893780332524
399.0 0.0008945011359173805
400.0 0.0010727127119025681
401.0 0.001388646342093125
402.0 0.0017045796994352713
403.0 0.0018622444258653559
404.0 0.002019909334194381
405.0 0.0018963421098305844
406.0 0.001772774885466788
407.0 0.0016370135199395008
408.0 0.0015012516996648628
409.0 0.0013540048712457065
410.0 0.0012067577699781395
411.0 0.0009122492883761879
412.0 0.0006177406248752959
413.0 0.0006459706128225662
414.0 0.0006742007371940417
415.0 0.00043349618863430806
416.0 0.00019279141270089895
417.0 1.6023073709861557e-10
418.0 1.6023073709861557e-10
419.0 1.6023073709861557e-10
420.0 1.6023073709861557e-10
421.0 1.6023073709861557e-10
422.0 1.6023073709861557e-10
423.0 1.6023073709861557e-10
424.0 0.0006112557002779795
425.0 0.00023137049538490828
426.0 1.6023073709861557e-10
427.0 0.00044085081754019484
428.0 0.001030216026265407
429.0 0.0004288247055228567
430.0 1.6023073709861557e-10
431.0 1.6023073709861557e-10
432.0 0.0001197408209918649
433.0 6.518891382256697e-05
434.0 1.0637127445534134e-05
435.0 0.00035873515571438475
436.0 0.0007068334070936544
437.0 0.0002955357786049717
438.0 1.6023073709861557e-10
439.0 0.0005281395715428516
440.0 0.0011720409929694142
441.0 0.001001181317406008
442.0 0.0008303218237415422
443.0 0.0008631995115138125
444.0 0.0008960771992860828
445.0 0.0008002158210729249
446.0 0.0007043543519102968
447.0 0.0005611592314380687
448.0 0.0004179642473900458
449.0 0.00022628310034633614
450.0 3.46019533026265e-05
451.0 0.0001614490997781104
452.0 0.0002882962917283294
453.0 0.00010082009112011292
454.0 1.6023073709861557e-10
455.0 0.00044859953050035983
456.0 0.0009838552614382934
457.0 0.0004890698619419709
458.0 1.6023073709861557e-10
459.0 1.6023073709861557e-10
460.0 1.6023073709861557e-10
461.0 1.6023073709861557e-10
462.0 0.00014095789993007202
463.0 0.0001855180812526669
464.0 0.00023007839899946703
465.0 0.0005670094651577529
466.0 0.0009039405995281413
467.0 0.0009598821634426713
468.0 0.0010158239092561416
469.0 0.0012892930499219801
470.0 0.0015627621905878186
471.0 0.0016853238776093349
472.0 0.0018078852008329704
473.0 0.0019406686988077126
474.0 0.002073452378681395
475.0 0.002538233093218878
476.0 0.003003013989655301
477.0 0.003115589788649231
478.0 0.0032281648600474
479.0 0.0037014811823610216
480.0 0.004174797868472524
481.0 0.004513427120400593
482.0 0.004852056008530781
483.0 0.004362695835880004
484.0 0.0038733352994313464
485.0 0.0038050420698709786
486.0 0.0037367492041084915
487.0 0.0033005679142661393
488.0 0.0028643862606259063
489.0 0.0025704957806738093
490.0 0.002276605118822772
491.0 0.001906716170196887
492.0 0.0015368275853688829
493.0 0.0015253348465193994
494.0 0.0015138418348215055
495.0 0.0016756062905187719
496.0 0.001837370655266568
497.0 0.0015672263543820009
498.0 0.001297082235396374
499.0 0.0016100824723253027
500.0 0.0019230827092542313
501.0 0.0022131946025183424
502.0 0.0025033068595803343
503.0 0.0027422074708738364
504.0 0.0029811079002683982
505.0 0.002554091770434752
506.0 0.002127075640601106
507.0 0.0021859421394765377
508.0 0.002244808456453029
509.0 0.00194062631635461
510.0 0.0016364445400540717
511.0 0.0015830728443688713
512.0 0.001529701148683671
513.0 0.0020157298422418535
514.0 0.0025017587176989764
515.0 0.0019981600416940637
516.0 0.0014945614566386212
517.0 0.0015134694876905996
518.0 0.001532377427793108
519.0 0.0012363901987555437
520.0 0.0009404028787685093
521.0 0.0010953264791169204
522.0 0.0012502501704148017
523.0 0.0014070697943679988
524.0 0.001563889418321196
525.0 0.00194428394024726
526.0 0.002324678462173324
527.0 0.002107822183461394
528.0 0.0018909659047494642
529.0 0.0021979351004119962
530.0 0.0025049042960745282
531.0 0.002419285192445386
532.0 0.0023336666345130652
533.0 0.002128964479197748
534.0 0.0019242625057813711
535.0 0.0017556914826855063
536.0 0.0015871202776907012
537.0 0.0019614079064922407
538.0 0.0023356955352937803
539.0 0.002522992144804448
540.0 0.002710288572416175
541.0 0.0034270338801434264
542.0 0.004143779369769618
543.0 0.004463698496692814
544.0 0.004783618351211771
545.0 0.004940694270771928
546.0 0.005097770190332085
547.0 0.004506979166762903
548.0 0.003916187779395841
549.0 0.003308026134618558
550.0 0.0026998648536391556
551.0 0.0025647688744356856
552.0 0.002429673077131156
553.0 0.0024976723580039106
554.0 0.002565671456977725
555.0 0.0034701533877523616
556.0 0.0043746349547291175
557.0 0.004334737241151743
558.0 0.0042948398913722485
559.0 0.0039675091102253646
560.0 0.003640179056674242
561.0 0.00391741850762628
562.0 0.004194657958578318
563.0 0.00372892536688596
564.0 0.003263192775193602
565.0 0.0035124136047670618
566.0 0.003761634070542641
567.0 0.003970593024860136
568.0 0.004179551615379751
569.0 0.004772136526298709
570.0 0.005364721801015548
571.0 0.005709608376491815
572.0 0.006054495315765962
573.0 0.006227687117643654
574.0 0.006400879647117108
575.0 0.006559447501786053
576.0 0.006718015356454998
577.0 0.005996874097036198
578.0 0.005275733201415278
579.0 0.005367049379856326
580.0 0.005458365558297373
581.0 0.00614378514001146
582.0 0.006829204357927665
583.0 0.008125016029225662
584.0 0.00942082770052366
585.0 0.00978053649305366
586.0 0.01014024528558366
587.0 0.010527187987463549
588.0 0.010914133599726483
589.0 0.010752758680609986
590.0 0.010591386671876535
591.0 0.010045478848041967
592.0 0.00949957175180316
593.0 0.008429940498899668
594.0 0.007360307790804654
595.0 0.00636600234429352
596.0 0.005371698716771789
597.0 0.005785011671832763
598.0 0.006198324263095856
599.0 0.007029889820842072
600.0 0.00786145610618405
601.0 0.008823731332086027
602.0 0.009786005830392241
603.0 0.010466993262525648
604.0 0.011147982877446339
605.0 0.01110876037273556
606.0 0.01106953714042902
607.0 0.010051617573481053
608.0 0.00903369946172461
609.0 0.007153383921831846
610.0 0.005273067290545441
611.0 0.00437779126514215
612.0 0.0034825148759409785
613.0 0.0034792778023984283
614.0 0.0034760403650579974
615.0 0.004226923920214176
616.0 0.004977807475370355
617.0 0.0063360799686051905
618.0 0.007694351370446384
619.0 0.008965449524112046
620.0 0.010236549860564992
621.0 0.010694490629248321
622.0 0.011152432125527412
623.0 0.011710717808455229
624.0 0.012269000581
625.0 0.011276018631178886
626.0 0.010283034498570487
627.0 0.008224696648539975
628.0 0.006166358798509464
629.0 0.004873940633842722
630.0 0.003581523196771741
631.0 0.0028008962544845417
632.0 0.002020270039793104
633.0 0.002263717215100769
634.0 0.0025071645723073743
635.0 0.0027696005417965353
636.0 0.0030320366931846365
637.0 0.0034196607884950936
638.0 0.0038072848838055506
639.0 0.004374958371045068
640.0 0.004942632585880347
641.0 0.005155246981303208
642.0 0.0053678613767260686
643.0 0.005711208359571174
644.0 0.006054555342416279
645.0 0.0053508258133661
646.0 0.004647096648113802
647.0 0.0038890702853677794
648.0 0.003131044650217518
649.0 0.0025120069039985538
650.0 0.0018929687939817086
651.0 0.0017536558516439982
652.0 0.0016143427274073474
653.0 0.001524671824881807
654.0 0.0014350009223562665
655.0 0.0014067557458474766
656.0 0.001378510660288157
657.0 0.00145655858432292
658.0 0.0015346065993071534
659.0 0.0014800922144786455
660.0 0.001425578011549078
661.0 0.0014664385162177496
662.0 0.0015072990208864212
663.0 0.0018142220142181031
664.0 0.0021211442799540237
665.0 0.0026571347916615196
666.0 0.0031931253033690155
667.0 0.004039711348013952
668.0 0.004886297028861009
669.0 0.0054595024266745895
670.0 0.006032708552083932
671.0 0.006646925612585619
672.0 0.007261141581693664
673.0 0.007544754771515727
674.0 0.00782836796133779
675.0 0.007680537964915857
676.0 0.007532710151281208
677.0 0.006409173511201516
678.0 0.0052856372349197045
679.0 0.003839948112727143
680.0 0.002394259354332462
681.0 0.0015484076357097365
682.0 0.0007025560989859514
683.0 0.0006738739557476947
684.0 0.0006451919034589082
685.0 0.0004096443717571674
686.0 0.0001740967945806915
687.0 0.00013335876474229735
688.0 9.26206155327236e-05
689.0 0.00019740612060559215
690.0 0.0003021915745193837
691.0 0.00029440818707371363
692.0 0.0002866246177291032
693.0 0.00037529237033595564
694.0 0.0004639599865186028
695.0 0.00033208582408406073
696.0 0.00020021186628582655
697.0 0.00013728215435548918
698.0 7.435248221554502e-05
699.0 0.00016230681012530113
700.0 0.0002502612687749206
701.0 0.00024859689347067615
702.0 0.0002469325636411668
703.0 0.0002680258603504626
704.0 0.00028911915705975844
705.0 0.00022751714823243674
706.0 0.0001659151166677475
707.0 0.00026872801299759885
708.0 0.00037154093206481775
709.0 0.0005789896476926515
710.0 0.000786438522482058
711.0 0.0006256762844714103
712.0 0.0004649140464607626
713.0 0.00029919053758931113
714.0 0.00013346702871785965
715.0 0.00021436649149109144
716.0 0.0002952659315269557
717.0 0.00015576762280034018
718.0 1.6269278546587884e-05
719.0 0.00022521758182847407
720.0 0.00043416584958322346
721.0 0.0005876254363101907
722.0 0.0007410851139866281
723.0 0.0005253608378552599
724.0 0.00030963651624915656
725.0 0.000485251212012372
726.0 0.0006608659077755874
727.0 0.0004087687102583004
728.0 0.00015667163779653492
729.0 0.00032202306101680733
730.0 0.0004873742909694556
731.0 0.000430276122642681
732.0 0.00037317793157853885
733.0 0.0005540528945857659
734.0 0.0007349280622293008
735.0 0.000505435309605673
736.0 0.0002759426251941477
737.0 0.00021106354779476533
738.0 0.00014618452723880182
739.0 0.0001379704713144747
740.0 0.00012975652907698532
741.0 0.00013958832596472348
742.0 0.00014942013422114542
743.0 0.00040709614950174
744.0 0.0006647720056207618
745.0 0.00048052229431050364
746.0 0.0002962722646770999
747.0 0.0002201978304583463
748.0 0.00014412329392143874
749.0 0.0002754094339252333
750.0 0.00040669547161087394
751.0 0.0005460392912937095
752.0 0.0006853831564512802
753.0 0.0004807447567145573
754.0 0.00027610644792730454
755.0 0.0005808885816804832
756.0 0.0008856707609083969
757.0 0.0005534425781661412
758.0 0.00022121466827229597
759.0 0.0002898764705605572
760.0 0.00035853822737408336
761.0 0.0005794510343548609
762.0 0.0008003637958609033
763.0 0.0005655950644722907
764.0 0.00033082599202316487
765.0 0.0002572138328105211
766.0 0.00018360174180998
767.0 0.0003944325271731941
768.0 0.0006052634034858784
769.0 0.0005937731657468248
770.0 0.0005822830189572414
771.0 0.000689044782120618
772.0 0.0007958065907587297
773.0 0.0005052876531408401
774.0 0.00021476867004821543
775.0 0.0002905505425587762
776.0 0.00036633266518038
777.0 0.00021826476768183056
778.0 7.019662575658003e-05
779.0 0.0005057865109847626
780.0 0.0009413764928467572
781.0 0.000723710581951309
782.0 0.0005060444891569205
783.0 0.0007358591574302409
784.0 0.0009656737347540911
785.0 0.0006713392394885886
786.0 0.00037700426673836773
787.0 0.00027705209504347295
788.0 0.00017709983239910798
789.0 0.0003742740773304831
790.0 0.0005714482995244907
791.0 0.0005029950898460811
792.0 0.0004345417892182013
793.0 0.0006820967428211588
794.0 0.0009296516509493813
795.0 0.0007717745575064328
796.0 0.0006138972821645439
797.0 0.0005906947535549989
798.0 0.0005674921339959837
799.0 0.000472859937872272
800.0 0.00037822780996066285
801.0 0.0006677333203697344
802.0 0.000957239080889849
803.0 0.0009424035852134693
804.0 0.0009275681804865599
805.0 0.0007808599548297934
806.0 0.000634151729173027
807.0 0.0002310626086909906
808.0 1.6023073709861557e-10
809.0 0.0002490952965672477
810.0 0.0006702172413497465
811.0 0.00060682114053634
812.0 0.0005434249942481983
813.0 0.0006605223461519927
814.0 0.0007776195161568467
815.0 0.0007961808478285093
816.0 0.0008147419066517614
817.0 0.0007518913662352134
818.0 0.0006890407803439302
819.0 0.0006337421382340835
820.0 0.0005784434961242368
821.0 0.000828671454655705
822.0 0.0010788994586619083
823.0 0.0008248203812399879
824.0 0.0005707413947675377
825.0 0.0008580012945458293
826.0 0.001145261285273591
827.0 0.0005746062015532516
828.0 3.951037186311623e-06
829.0 0.00023452387267752783
830.0 0.0004650967639463488
831.0 0.0004773185082740383
832.0 0.0004895403890259331
833.0 0.0007067990736686625
834.0 0.0009240574399882462
835.0 0.00103708143797121
836.0 0.001150105435954174
837.0 0.0005503798547579208
838.0 1.6023073709861557e-10
839.0 0.00026856127988139633
840.0 0.0005864681497769197
841.0 0.001077656361303525
842.0 0.0015688447092543356
843.0 0.0013599310477729887
844.0 0.0011510173862916417
845.0 0.000627898407401517
846.0 0.00010477922387508443
847.0 0.0007443357390002348
848.0 0.0013838923223374877
849.0 0.0010991038834617939
850.0 0.0008143154445861001
851.0 0.0006467567800427787
852.0 0.0004791982064489275
853.0 0.0006839982688688906
854.0 0.0008887982403393835
855.0 0.0009458482054469641
856.0 0.0010028980796050746
857.0 0.0009896983101498336
858.0 0.0009764983587956522
859.0 0.0008482822522637434
860.0 0.00072006628215604
861.0 0.0010792256944114342
862.0 0.0014383849702426232
863.0 0.0016319430869771168
864.0 0.00182550102181267
865.0 0.002055814547929913
866.0 0.002286128255946096
867.0 0.0025714900402817875
868.0 0.0028568516427185386
869.0 0.0027356720238458365
870.0 0.002614492223074194
871.0 0.00319219907396473
872.0 0.0037699057429563254
873.0 0.0031727329769637436
874.0 0.0025755605747690424
875.0 0.00235057723330101
876.0 0.002125593709934037
