lsstCam/transmission_filter_detector/r31_s10/y_10/19700101T000000.ecsv
# %ECSV 1.0
# ---
# datatype:
# - {name: wavelength, unit: nm, datatype: float32}
# - {name: efficiency, unit: '%', datatype: float64}
# meta: !!omap
# - {MODE: DETECTOR}
# - {TYPE: transmission_filter_detector}
# - {CALIBDATE: '1970-01-01T00:00:00'}
# - {INSTRUME: LSSTCam}
# - {OBSTYPE: transmission_filter_detector}
# - {CALIBCLS: lsst.ip.isr.IntermediateFilterDetectorTransmissionCurve}
# - {SOURCE: Materion (DM-46256)}
# - {DETECTOR: 129}
# - {FILTER: y_10}
# - {CALIB_ID: 'calibDate=1970-01-01T00:00:00 filter=y_10 detector=129'}
# - {DATE: '2025-04-02T15:59:51.341558'}
# - {CALIB_CREATION_DATE: '2025-04-02'}
# - {CALIB_CREATION_TIME: '15:59:51'}
# - __serialized_columns__:
#     efficiency:
#       __class__: astropy.units.quantity.Quantity
#       unit: !astropy.units.Unit {unit: '%'}
#       value: !astropy.table.SerializedColumn {name: efficiency}
#     wavelength:
#       __class__: astropy.units.quantity.Quantity
#       unit: !astropy.units.Unit {unit: nm}
#       value: !astropy.table.SerializedColumn {name: wavelength}
# schema: astropy-2.0
wavelength efficiency
[from data line 578]
878.0 0.0025989862479036674
879.0 0.0017915579519467428
880.0 0.08069503819569945
881.0 0.11217630235478282
882.0 0.07962289382703602
883.0 0.10321715380996466
884.0 0.0678137643262744
885.0 0.08278628229163587
886.0 0.07449876866303384
887.0 0.09675860637798905
888.0 0.06494761328212917
889.0 0.10096512269228697
890.0 0.07391725084744394
891.0 0.09290964808315039
892.0 0.08105444139800966
893.0 0.10422174818813801
894.0 0.0797158048953861
895.0 0.09719260269775987
896.0 0.07969223079271615
897.0 0.11001707753166556
898.0 0.08643378969281912
899.0 0.12951414100825787
900.0 0.10409313254058361
901.0 0.12417846592143178
902.0 0.1559052267111838
903.0 0.16140631632879376
904.0 0.1911435043439269
905.0 0.22842681501060724
906.0 0.2783488482236862
907.0 0.3534246701747179
908.0 0.4530612379312515
909.0 0.6043849512934685
910.0 0.8394547738134861
911.0 1.1987844482064247
912.0 1.7818549647927284
913.0 2.6379965245723724
914.0 3.6979228258132935
915.0 5.328982695937157
916.0 7.317836582660675
917.0 9.564153850078583
918.0 12.185618281364441
919.0 14.711084961891174
920.0 18.13400834798813
921.0 21.592703461647034
922.0 24.99687224626541
923.0 29.052436351776123
924.0 33.46626162528992
925.0 38.45057785511017
926.0 44.48878765106201
927.0 51.10259652137756
928.0 57.01804161071777
929.0 63.53195309638977
930.0 69.32299733161926
931.0 75.1548171043396
932.0 80.56055903434753
933.0 85.22530794143677
934.0 88.74838948249817
935.0 91.26670956611633
936.0 93.23652386665344
937.0 94.65597867965698
938.0 95.59704065322876
939.0 96.08266949653625
940.0 96.46519422531128
941.0 96.65838479995728
942.0 96.89557552337646
943.0 97.00452089309692
944.0 97.28832244873047
945.0 97.26366400718689
946.0 97.37569093704224
947.0 97.39330410957336
948.0 97.49012589454651
949.0 97.38872647285461
950.0 97.46915698051453
951.0 97.54871726036072
952.0 97.57816195487976
953.0 97.77964949607849
954.0 97.86939024925232
955.0 97.93967008590698
956.0 98.13724160194397
957.0 98.3192503452301
958.0 98.47389459609985
959.0 98.57715368270874
960.0 98.67900013923645
961.0 98.73147010803223
962.0 98.81886839866638
963.0 98.83713126182556
964.0 98.85031580924988
965.0 98.87802004814148
966.0 98.99671673774719
967.0 99.04228448867798
968.0 99.05176758766174
969.0 98.97863864898682
970.0 99.05427694320679
971.0 99.10918474197388
972.0 99.13670420646667
973.0 99.21818971633911
974.0 99.24914240837097
975.0 99.2142915725708
976.0 99.26830530166626
977.0 99.24898743629456
978.0 99.31559562683105
979.0 99.27887916564941
980.0 99.222332239151
981.0 99.14049506187439
982.0 99.09417033195496
983.0 99.10937547683716
984.0 99.0554690361023
985.0 99.07330274581909
986.0 98.9458441734314
987.0 99.0050733089447
988.0 98.87980818748474
989.0 98.91331791877747
990.0 98.84655475616455
991.0 98.86896014213562
992.0 98.98490905761719
993.0 98.88994097709656
994.0 98.87771010398865
995.0 98.9321231842041
996.0 98.90992641448975
997.0 99.01883006095886
998.0 99.0635097026825
999.0 99.10452365875244
1000.0 99.12676215171814
1001.0 99.07225966453552
1002.0 99.217289686203
1003.0 99.2321789264679
1004.0 99.30790066719055
1005.0 99.23657774925232
1006.0 99.34374690055847
1007.0 99.32774305343628
1008.0 99.2867112159729
1009.0 99.26527142524719
1010.0 99.29862022399902
1011.0 99.28551912307739
1012.0 99.20138716697693
1013.0 99.22127723693848
1014.0 99.17653799057007
1015.0 99.12760257720947
1016.0 99.10849928855896
1017.0 99.17206168174744
1018.0 99.21413064002991
1019.0 99.10069704055786
1020.0 99.14922714233398
1021.0 99.31980967521667
1022.0 99.15986657142639
1023.0 99.2217481136322
1024.0 99.17566180229187
1025.0 99.19473528862
1026.0 99.24648404121399
1027.0 99.33128952980042
1028.0 99.3009090423584
1029.0 99.39027428627014
1030.0 99.43851232528687
1031.0 99.35487508773804
1032.0 99.38488602638245
1033.0 99.3743896484375
1034.0 99.41909313201904
1035.0 99.45011138916016
1036.0 99.34874176979065
1037.0 99.41397905349731
1038.0 99.25915002822876
1039.0 99.28290843963623
1040.0 99.24976229667664
1041.0 99.27021265029907
1042.0 99.24864172935486
1043.0 99.18042421340942
1044.0 99.21687245368958
1045.0 99.01403188705444
1046.0 99.21234846115112
1047.0 99.06723499298096
1048.0 99.16805624961853
1049.0 99.09053444862366
1050.0 99.0594208240509
1051.0 99.09889101982117
1052.0 98.94911050796509
1053.0 98.91469478607178
1054.0 99.14000034332275
1055.0 99.20265078544617
1056.0 99.02103543281555
1057.0 99.19080138206482
1058.0 98.98343682289124
1059.0 99.079829454422
1060.0 99.14942979812622
1061.0 99.03916120529175
1062.0 99.17086362838745
1063.0 99.08475875854492
1064.0 99.16929006576538
1065.0 99.16318655014038
1066.0 99.04616475105286
1067.0 99.24636483192444
1068.0 99.02434945106506
1069.0 98.87933135032654
1070.0 99.31660890579224
1071.0 99.0738034248352
1072.0 99.20604228973389
1073.0 99.35295581817627
1074.0 98.87920022010803
1075.0 98.84740710258484
1076.0 98.76285791397095
1077.0 99.15030598640442
1078.0 99.05030727386475
1079.0 98.92880916595459
1080.0 99.58458542823792
1081.0 98.8140344619751
1082.0 98.82540702819824
1083.0 98.69609475135803
1084.0 99.19177293777466
1085.0 99.03204441070557
1086.0 98.81174564361572
1087.0 98.89416694641113
1088.0 98.84704947471619
1089.0 98.53928685188293
1090.0 98.64562153816223
1091.0 98.90568852424622
1092.0 98.67427349090576
1093.0 98.85687232017517
1094.0 98.59919548034668
1095.0 98.6278772354126
1096.0 98.81476759910583
1097.0 98.51807355880737
1098.0 98.01216125488281
1099.0 98.8718569278717
1100.0 98.33229184150696
