lsstCam/transmission_filter_detector/r10_s00/z_20/19700101T000000.ecsv
# %ECSV 1.0
# ---
# datatype:
# - {name: wavelength, unit: nm, datatype: float32}
# - {name: efficiency, unit: '%', datatype: float64}
# meta: !!omap
# - {MODE: DETECTOR}
# - {TYPE: transmission_filter_detector}
# - {CALIBDATE: '1970-01-01T00:00:00'}
# - {INSTRUME: LSSTCam}
# - {OBSTYPE: transmission_filter_detector}
# - {CALIBCLS: lsst.ip.isr.IntermediateFilterDetectorTransmissionCurve}
# - {SOURCE: Materion (DM-46256)}
# - {DETECTOR: 27}
# - {FILTER: z_20}
# - {CALIB_ID: 'calibDate=1970-01-01T00:00:00 filter=z_20 detector=27'}
# - {DATE: '2025-04-02T15:59:48.759705'}
# - {CALIB_CREATION_DATE: '2025-04-02'}
# - {CALIB_CREATION_TIME: '15:59:48'}
# - __serialized_columns__:
#     efficiency:
#       __class__: astropy.units.quantity.Quantity
#       unit: !astropy.units.Unit {unit: '%'}
#       value: !astropy.table.SerializedColumn {name: efficiency}
#     wavelength:
#       __class__: astropy.units.quantity.Quantity
#       unit: !astropy.units.Unit {unit: nm}
#       value: !astropy.table.SerializedColumn {name: wavelength}
# schema: astropy-2.0
wavelength efficiency
[from data line 597]
897.0 99.10701513290405
898.0 98.6478865146637
899.0 98.32543134689331
900.0 98.65647554397583
901.0 99.37677383422852
902.0 98.82146120071411
903.0 98.21391105651855
904.0 97.62917160987854
905.0 98.39750528335571
906.0 98.07922840118408
907.0 98.52465987205505
908.0 97.92160391807556
909.0 98.03611040115356
910.0 97.65424132347107
911.0 96.54728770256042
912.0 95.40436863899231
913.0 93.8436508178711
914.0 91.6958212852478
915.0 89.0665590763092
916.0 86.77406311035156
917.0 85.43747663497925
918.0 81.57463073730469
919.0 80.51204681396484
920.0 76.59484148025513
921.0 72.03400731086731
922.0 67.40972995758057
923.0 61.1234188079834
924.0 55.44988512992859
925.0 49.525561928749084
926.0 42.99890100955963
927.0 35.401490330696106
928.0 29.27841544151306
929.0 23.117458820343018
930.0 17.719949781894684
931.0 12.862235307693481
932.0 8.307044953107834
933.0 5.003424361348152
934.0 3.073453903198242
935.0 1.863015815615654
936.0 0.9988679550588131
937.0 0.6534066051244736
938.0 0.46719610691070557
939.0 0.3019856521859765
940.0 0.05855936906300485
941.0 0.0997583381831646
942.0 0.0008860518391884398
943.0 0.022291819914244115
944.0 0.08535967790521681
945.0 2.683987363957807e-10
946.0 0.13433920685201883
947.0 0.11991841020062566
948.0 0.057655677665024996
949.0 2.683987363957807e-10
950.0 0.19423796329647303
951.0 0.023615482496097684
952.0 0.030638888711109757
953.0 2.683987363957807e-10
954.0 2.683987363957807e-10
955.0 0.019111722940579057
956.0 2.683987363957807e-10
957.0 2.683987363957807e-10
958.0 2.683987363957807e-10
959.0 2.683987363957807e-10
960.0 2.683987363957807e-10
961.0 0.022749089112039655
962.0 2.683987363957807e-10
963.0 0.06955635617487133
964.0 0.06552451523020864
965.0 0.00889433576958254
966.0 2.683987363957807e-10
967.0 2.683987363957807e-10
968.0 2.683987363957807e-10
969.0 2.683987363957807e-10
970.0 0.062067952239885926
971.0 2.683987363957807e-10
972.0 2.683987363957807e-10
973.0 2.683987363957807e-10
974.0 0.02215782878920436
975.0 2.683987363957807e-10
976.0 0.006080643288441934
977.0 0.006041671440470964
978.0 0.006002701775287278
979.0 0.005834027615492232
980.0 0.005665351636707783
981.0 0.005519115802599117
982.0 0.005372881059884094
983.0 0.005262098056846298
984.0 0.005151315053808503
985.0 0.00491361970489379
986.0 0.004675923628383316
987.0 0.004659956903196871
988.0 0.004643989814212546
989.0 0.00457345086033456
990.0 0.004502911906456575
991.0 0.004610922042047605
992.0 0.004718932177638635
993.0 0.004614820136339404
994.0 0.00451070700364653
995.0 0.004551968959276564
996.0 0.004593230914906599
997.0 0.004403860293678008
998.0 0.004214489672449417
999.0 0.004158543742960319
1000.0 0.00410259744967334
1001.0 0.004268137854523957
1002.0 0.004433677895576693
1003.0 0.004366271969047375
1004.0 0.004298866042518057
1005.0 0.004133467155043036
1006.0 0.003968068631365895
1007.0 0.003972371632698923
1008.0 0.003976674997829832
1009.0 0.004126929707126692
1010.0 0.004277184416423552
1011.0 0.004384956991998479
1012.0 0.0044927299313712865
1013.0 0.004335031553637236
1014.0 0.0041773328121053055
1015.0 0.0042747691622935236
1016.0 0.00437220478488598
1017.0 0.004634166180039756
1018.0 0.004896128302789293
1019.0 0.004682243161369115
1020.0 0.004468358383746818
1021.0 0.00451640116807539
1022.0 0.004564443952403963
1023.0 0.004424788130563684
1024.0 0.004285132308723405
1025.0 0.004491907020565122
1026.0 0.004698681368608959
1027.0 0.004597127917804755
1028.0 0.004495574830798432
1029.0 0.0045370630687102675
1030.0 0.004578552034217864
1031.0 0.004569130760501139
1032.0 0.004559708759188652
1033.0 0.00469136648462154
1034.0 0.004823024573852308
1035.0 0.005030274041928351
1036.0 0.005237523510004394
1037.0 0.005341439100448042
1038.0 0.0054453546908916906
1039.0 0.00526976291439496
1040.0 0.005094170774100348
1041.0 0.00557691091671586
1042.0 0.006059651786927134
1043.0 0.005397579298005439
1044.0 0.004735506809083745
1045.0 0.005462451372295618
1046.0 0.00618939520791173
1047.0 0.005923454591538757
1048.0 0.005657512883772142
1049.0 0.005788393536931835
1050.0 0.005919273826293647
1051.0 0.006113327981438488
1052.0 0.0063073843193706125
1053.0 0.006613244477193803
1054.0 0.006919103907421231
1055.0 0.007467161049135029
1056.0 0.008015218190848827
1057.0 0.00759186950745061
1058.0 0.007168521551648155
1059.0 0.007370501407422125
1060.0 0.007572479080408812
1061.0 0.008154567331075668
1062.0 0.008736655581742525
1063.0 0.008422616519965231
1064.0 0.008108577458187938
1065.0 0.008390234143007547
1066.0 0.00867189301061444
1067.0 0.008870592864695936
1068.0 0.009069294901564717
1069.0 0.0100848832516931
1070.0 0.01110047014662996
1071.0 0.010680058767320588
1072.0 0.010259647388011217
1073.0 0.010289681813446805
1074.0 0.010319716238882393
1075.0 0.010889378609135747
1076.0 0.011459043162176386
1077.0 0.011358522169757634
1078.0 0.011258001177338883
1079.0 0.01237068499904126
1080.0 0.013483368093147874
1081.0 0.013462752394843847
1082.0 0.013442139606922865
1083.0 0.013471176498569548
1084.0 0.013500214845407754
1085.0 0.014177372213453054
1086.0 0.014854533947072923
1087.0 0.014506551087833941
1088.0 0.014158572594169527
1089.0 0.015716244524810463
1090.0 0.0172739164554514
1091.0 0.017188029596582055
1092.0 0.01710214273771271
1093.0 0.01668011536821723
1094.0 0.016258086543530226
1095.0 0.017377470794599503
1096.0 0.018496857956051826
1097.0 0.018627832469064742
1098.0 0.018758806982077658
1099.0 0.021652771101798862
1100.0 0.02454673231113702
1101.0 0.02395119227003306
1102.0 0.02335565077373758
1103.0 0.02460747491568327
1104.0 0.025859291781671345
1105.0 0.02589199284557253
1106.0 0.025924696819856763
1107.0 0.027254244196228683
1108.0 0.028583788662217557
1109.0 0.029869028367102146
1110.0 0.03115426516160369
1111.0 0.031338093685917556
1112.0 0.03152192512061447
1113.0 0.0323253741953522
1114.0 0.033128829090856016
1115.0 0.03204757522325963
1116.0 0.030966324266046286
1117.0 0.03256874333601445
1118.0 0.03417115949559957
1119.0 0.036881869891658425
1120.0 0.03959257446695119
1121.0 0.04129389999434352
1122.0 0.04299522843211889
1123.0 0.04275272658560425
1124.0 0.04251022182870656
1125.0 0.04383440245874226
1126.0 0.045158585999161005
1127.0 0.047655918751843274
1128.0 0.05015325150452554
1129.0 0.053973100148141384
1130.0 0.05779295461252332
1131.0 0.05789345013909042
1132.0 0.05799393984489143
1133.0 0.0600568309891969
1134.0 0.06211971631273627
1135.0 0.06123073981143534
1136.0 0.06034175748936832
1137.0 0.06592650897800922
1138.0 0.07151127210818231
1139.0 0.07661055424250662
1140.0 0.08170980145223439
1141.0 0.08972123614512384
1142.0 0.0977326650172472
1143.0 0.11714803986251354
1144.0 0.13656337978318334
1145.0 0.2818856155499816
1146.0 0.42720790952444077
1147.0 0.9005583822727203
1148.0 1.3739089481532574
1149.0 1.5704266726970673
1150.0 1.7669456079602242
