lsstCam/transmission_filter_detector/r10_s00/z_20/19700101T000000.ecsv
# %ECSV 1.0
# ---
# datatype:
# - {name: wavelength, unit: nm, datatype: float32}
# - {name: efficiency, unit: '%', datatype: float64}
# meta: !!omap
# - {MODE: DETECTOR}
# - {TYPE: transmission_filter_detector}
# - {CALIBDATE: '1970-01-01T00:00:00'}
# - {INSTRUME: LSSTCam}
# - {OBSTYPE: transmission_filter_detector}
# - {CALIBCLS: lsst.ip.isr.IntermediateFilterDetectorTransmissionCurve}
# - {SOURCE: Materion (DM-46256)}
# - {DETECTOR: 27}
# - {FILTER: z_20}
# - {CALIB_ID: 'calibDate=1970-01-01T00:00:00 filter=z_20 detector=27'}
# - {DATE: '2025-04-02T15:59:48.759705'}
# - {CALIB_CREATION_DATE: '2025-04-02'}
# - {CALIB_CREATION_TIME: '15:59:48'}
# - __serialized_columns__:
#     efficiency:
#       __class__: astropy.units.quantity.Quantity
#       unit: !astropy.units.Unit {unit: '%'}
#       value: !astropy.table.SerializedColumn {name: efficiency}
#     wavelength:
#       __class__: astropy.units.quantity.Quantity
#       unit: !astropy.units.Unit {unit: nm}
#       value: !astropy.table.SerializedColumn {name: wavelength}
# schema: astropy-2.0
wavelength efficiency
300.0 0.8704123087227345
301.0 0.5859259516000748
302.0 0.3014397341758013
303.0 0.29426112305372953
304.0 0.2870824886485934
305.0 0.24327910505235195
306.0 0.19947565160691738
307.0 0.1832414767704904
308.0 0.16700730193406343
309.0 0.14612512895837426
310.0 0.1252429559826851
311.0 0.12570524122565985
312.0 0.12616754975169897
313.0 0.11135080130770802
314.0 0.09653407614678144
315.0 0.0958059390541166
316.0 0.09507780778221786
317.0 0.07953180465847254
318.0 0.0639858131762594
319.0 0.06446712068282068
320.0 0.06494842818938196
321.0 0.0635786505881697
322.0 0.06220887298695743
323.0 0.054162199376150966
324.0 0.046115528675727546
325.0 0.04303499881643802
326.0 0.03995447186753154
327.0 0.03898615832440555
328.0 0.03801784769166261
329.0 0.033486244501546025
330.0 0.028954644221812487
331.0 0.026405267999507487
332.0 0.023855890322010964
333.0 0.022983105736784637
334.0 0.022110318241175264
335.0 0.020950115867890418
336.0 0.01978991349460557
337.0 0.024144965573213995
338.0 0.02850001328624785
339.0 0.024259697238449007
340.0 0.020019385556224734
341.0 0.01680609566392377
342.0 0.013592808682005852
343.0 0.01337820867775008
344.0 0.013163611583877355
345.0 0.012401204730849713
346.0 0.011638797877822071
347.0 0.011035804345738143
348.0 0.01043281372403726
349.0 0.01309528888668865
350.0 0.015757765504531562
351.0 0.012989499373361468
352.0 0.010221226693829522
353.0 0.010845208453247324
354.0 0.011469189485069364
355.0 0.00980282129603438
356.0 0.008136453834595159
357.0 0.009216055332217366
358.0 0.01029566046781838
359.0 0.010004008072428405
360.0 0.00971235494944267
361.0 0.00875608529895544
362.0 0.007799818558851257
363.0 0.009141291957348585
364.0 0.010482764628250152
365.0 0.010220022522844374
366.0 0.009957283327821642
367.0 0.008778397750575095
368.0 0.007599511445732787
369.0 0.007981733506312594
370.0 0.008363956294488162
371.0 0.008299150067614391
372.0 0.008234345295932144
373.0 0.007189714233390987
374.0 0.006145084626041353
375.0 0.006494754779851064
376.0 0.006844424206065014
377.0 0.0071655886131338775
378.0 0.00748675229260698
379.0 0.006276558997342363
380.0 0.005066365338279866
381.0 0.0031875413696980104
382.0 0.0013087174920656253
383.0 0.003487307913019322
384.0 0.005665898788720369
385.0 0.005497229358297773
386.0 0.0053285606554709375
387.0 0.005918737952015363
388.0 0.006508915976155549
389.0 0.005773802331532352
390.0 0.005038689778302796
391.0 0.004620214167516679
392.0 0.00420173819293268
393.0 0.004718795753433369
394.0 0.005235853313934058
395.0 0.004312671080697328
396.0 0.003389488483662717
397.0 0.003539545286912471
398.0 0.0036896017263643444
399.0 0.0039568440115544945
400.0 0.004224085569148883
401.0 0.004860883927904069
402.0 0.005497682286659256
403.0 0.0054208445362746716
404.0 0.005344007149687968
405.0 0.004073790114489384
406.0 0.002803573624987621
407.0 0.001435777812730521
408.0 6.79827621752338e-05
409.0 0.001756509482220281
410.0 0.0034450364182703197
411.0 0.003960561298299581
412.0 0.004476085814530961
413.0 0.004305111360736191
414.0 0.004134136543143541
415.0 0.0035629163903649896
416.0 0.0029916969651822
417.0 0.003863362508127466
418.0 0.004735028051072732
419.0 0.004262182847014628
420.0 0.003789338006754406
421.0 0.003740007014130242
422.0 0.00369067674910184
423.0 0.003524754720274359
424.0 0.0033588334190426394
425.0 0.002527463948354125
426.0 0.0016960944776656106
427.0 0.0018993983758264221
428.0 0.0021027026377851143
429.0 0.0013905252671975177
430.0 0.0006783481239835965
431.0 0.0007074469522194704
432.0 0.0007365457804553444
433.0 0.0006424314960895572
434.0 0.0005483172571985051
435.0 0.001213523319165688
436.0 0.001878729381132871
437.0 0.0019237511878600344
438.0 0.0019687728126882575
439.0 0.0020775738448719494
440.0 0.0021863748770556413
441.0 0.0016249574400717393
442.0 0.0010635400940373074
443.0 0.0022967093173065223
444.0 0.003529878449626267
445.0 0.0034733369830064476
446.0 0.003416795516386628
447.0 0.0026881758458330296
448.0 0.001959556175279431
449.0 0.002635298551467713
450.0 0.0033110416552517563
451.0 0.0025366040063090622
452.0 0.0017621661754674278
453.0 0.0016782401871751063
454.0 0.001594314380781725
455.0 0.0023434613467543386
456.0 0.003092608312726952
457.0 0.00232607180805644
458.0 0.0015595349395880476
459.0 0.001662087561271619
460.0 0.0017646401829551905
461.0 0.0008752735993766692
462.0 2.683987363957807e-10
463.0 0.0009960598617908545
464.0 0.0020062134353793226
465.0 0.0022156456907396205
466.0 0.0024250781279988587
467.0 0.002181012496293988
468.0 0.0019369463188922964
469.0 0.0017566057067597285
470.0 0.0015762647308292799
471.0 0.001457607595511945
472.0 0.0013389506420935504
473.0 0.0013085396858514287
474.0 0.001278128729609307
475.0 0.00114253161882516
476.0 0.0010069345989904832
477.0 0.0013037683856964577
478.0 0.0016006018995540217
479.0 0.0019414948837948032
480.0 0.0022823876861366443
481.0 0.0018204094885732047
482.0 0.0013584315638581757
483.0 0.0008849961886880919
484.0 0.0004115608589927433
485.0 0.0012809785403078422
486.0 0.002150396176148206
487.0 0.0015806735973455943
488.0 0.0010109513823408633
489.0 0.0017342337741865776
490.0 0.002457516166032292
491.0 0.0022551132133230567
492.0 0.0020527102606138214
493.0 0.0019276560124126263
494.0 0.0018026019461103715
495.0 0.001656572931096889
496.0 0.0015105440070328768
497.0 0.001379959394398611
498.0 0.0012493749636632856
499.0 0.0012747617802233435
500.0 0.0013001486877328716
501.0 0.0008761592653172556
502.0 0.0004521696155279642
503.0 0.001297520884691039
504.0 0.002142872108379379
505.0 0.002303320070495829
506.0 0.0024637683964101598
507.0 0.0023328460883931257
508.0 0.0022019235984771512
509.0 0.0018297760107088834
510.0 0.0014576289686374366
511.0 0.0011579771125980187
512.0 0.0008583252565586008
513.0 0.0012814055480703246
514.0 0.0017044860214809887
515.0 0.0013550182302424219
516.0 0.0010055508028017357
517.0 0.0009554855751048308
518.0 0.0009054202564584557
519.0 0.0010811797437781934
520.0 0.0012569391401484609
521.0 0.0015649624401703477
522.0 0.0018729859220911749
523.0 0.0013168868463253602
524.0 0.000760787997933221
525.0 0.0007540301339759026
526.0 0.0007472723154933192
527.0 0.001154033907369012
528.0 0.0015607956811436452
529.0 0.0013340299119590782
530.0 0.0011072637789766304
531.0 0.001167149002867518
532.0 0.0012270342267584056
533.0 0.0008657517355459277
534.0 0.0005044691533839796
535.0 0.0011702788469847292
536.0 0.001836088631534949
537.0 0.0018146447473554872
538.0 0.0017932008631760255
539.0 0.001285088546865154
540.0 0.0007769759577058721
541.0 0.0007944812750793062
542.0 0.0008119866834022105
543.0 0.0011973469554504845
544.0 0.001582707409397699
545.0 0.0011045065548387356
546.0 0.000626306064077653
547.0 0.0012696790690824855
548.0 0.001913051528390497
549.0 0.0017711252439767122
550.0 0.0016291989595629275
551.0 0.0016433765267720446
552.0 0.0016575540939811617
553.0 0.0013836248399456963
554.0 0.0011096949492639396
555.0 0.0010288397788826842
556.0 0.0009479846085014287
557.0 0.0013501206922228448
558.0 0.0017522566849947907
559.0 0.0017835835024015978
560.0 0.0018149097741115838
561.0 0.0016574371329625137
562.0 0.0014999643099145032
563.0 0.0012585562217282131
564.0 0.0010171480425924528
565.0 0.0018872413420467637
566.0 0.0027573350962484255
567.0 0.003043039578187745
568.0 0.003328743696329184
569.0 0.0029803719371557236
570.0 0.0026320003598812036
571.0 0.002498757021385245
572.0 0.0023655133190914057
573.0 0.0019296267055324279
574.0 0.0014937403648218606
575.0 0.0019430435713729821
576.0 0.0023923466869746335
577.0 0.0020188677808619104
578.0 0.0016453896023449488
579.0 0.0017742971976986155
580.0 0.0019032046111533418
581.0 0.001689252894720994
582.0 0.0014753007235412952
583.0 0.0019287494069430977
584.0 0.0023821981812943704
585.0 0.002567608498793561
586.0 0.0027530188162927516
587.0 0.0022034684661775827
588.0 0.0016539177522645332
589.0 0.0022905340301804245
590.0 0.002927150489995256
591.0 0.0019384182451176457
592.0 0.0009496860911895055
593.0 0.0008018309927138034
594.0 0.0006539758487633662
595.0 0.0010845835276995786
596.0 0.0015151910702115856
597.0 0.0013574423974205274
598.0 0.001199693633679999
599.0 0.0008644026820547879
600.0 0.0005291119578032522
601.0 0.0004742941200674977
602.0 0.0004194761913822731
603.0 0.0009094721463043243
604.0 0.0013994674191053491
605.0 0.0008698601050127763
606.0 0.00034025254080916056
607.0 0.0007837824341550004
608.0 0.0012273122592887376
609.0 0.001207051445817342
610.0 0.001186790359497536
611.0 0.0010476282113813795
612.0 0.0009084658813662827
613.0 0.0008850027370499447
614.0 0.000861539774632547
615.0 0.0012740148122247774
616.0 0.0016864900317159481
617.0 0.0021210635168245062
618.0 0.0025556370019330643
619.0 0.002171847336285282
620.0 0.0017880573068396188
621.0 0.0015529072697972879
622.0 0.0013177570508560166
623.0 0.001651762067922391
624.0 0.0019857672668877058
625.0 0.0017182454030262306
626.0 0.0014507237210636958
627.0 0.001904575947264675
628.0 0.0023584287191624753
629.0 0.002208672776760068
630.0 0.0020589170162566006
631.0 0.0018242322767036967
632.0 0.001589547173352912
633.0 0.0019092556613031775
634.0 0.0022289643311523832
635.0 0.005227749716141261
636.0 0.008226534555433318
637.0 0.015568263188470155
638.0 0.02290999109391123
639.0 0.019896657613571733
640.0 0.01688332122284919
641.0 0.014640107110608369
642.0 0.012396897363942116
643.0 0.009878062701318413
644.0 0.007359230221481994
645.0 0.006654658500337973
646.0 0.005950086779193953
647.0 0.005537808101507835
648.0 0.005125528696225956
649.0 0.0041762858018046245
650.0 0.0032270432711811736
651.0 0.0036544115573633462
652.0 0.004081779843545519
653.0 0.003344676224514842
654.0 0.002607572423585225
655.0 0.002802397830237169
656.0 0.002997223964484874
657.0 0.0029265771445352584
658.0 0.002855929960787762
659.0 0.0027273723389953375
660.0 0.0025988145353039727
661.0 0.0027698853955371305
662.0 0.0029409557100734673
663.0 0.0019478566173347645
664.0 0.0009547576155455317
665.0 0.0014892075341776945
666.0 0.0020236575437593274
667.0 0.0023394681193167344
668.0 0.0026552788767730817
669.0 0.0020053978005307727
670.0 0.001355516906187404
671.0 0.0009806177331483923
672.0 0.0006057183327357052
673.0 0.0012591703125508502
674.0 0.0019126224287902005
675.0 0.0020667328499257565
676.0 0.002220843089162372
677.0 0.0019532573787728325
678.0 0.0016856713045854121
679.0 0.0013951301298220642
680.0 0.0011045886822103057
681.0 0.001188556052511558
682.0 0.0012725231499643996
683.0 0.002341568688279949
684.0 0.0034106145903933793
685.0 0.002816309279296547
686.0 0.002222004513896536
687.0 0.0016455185686936602
688.0 0.0010690328053897247
689.0 0.0014714585631736554
690.0 0.0018738843209575862
691.0 0.002204224256274756
692.0 0.0025345640096929856
693.0 0.002871252399927471
694.0 0.0032079409720608965
695.0 0.0033439177059335634
696.0 0.0034798944398062304
697.0 0.003791839480982162
698.0 0.0041037848859559745
699.0 0.005999381028232165
700.0 0.007894977170508355
701.0 0.007360563176916912
702.0 0.006826149910921231
703.0 0.006261561065912247
704.0 0.005696970401913859
705.0 0.005072509156889282
706.0 0.004448047911864705
707.0 0.004254140367265791
708.0 0.004060232458868995
709.0 0.004252338476362638
710.0 0.004444444493856281
711.0 0.003973244747612625
712.0 0.0035020450013689697
713.0 0.002440587559249252
714.0 0.0013791302080790047
715.0 0.0021323879991541617
716.0 0.002885645517380908
717.0 0.0024903756639105268
718.0 0.0020951052647433244
719.0 0.0016649328244966455
720.0 0.001234760111401556
721.0 0.0011496351362438872
722.0 0.001064509888237808
723.0 0.000931663453229703
724.0 0.0007988168363226578
725.0 0.0011942577657464426
726.0 0.0015896990589681081
727.0 0.001669000084802974
728.0 0.0017483011106378399
729.0 0.0017853204553830437
730.0 0.0018223396182293072
731.0 0.0013647116247739177
732.0 0.000907083540369058
733.0 0.0009752846381161362
734.0 0.0010434853720653336
735.0 0.0011139520211145282
736.0 0.0011844183973153122
737.0 0.0012916598279844038
738.0 0.0013989011677040253
739.0 0.0011026936590496916
740.0 0.000806486150395358
741.0 0.00103487036540173
742.0 0.0012632542166102212
743.0 0.0016247282474068925
744.0 0.001986201823456213
745.0 0.0013467595636029728
746.0 0.0007073173492244678
747.0 0.001217490262206411
748.0 0.00172766358446097
749.0 0.0023615466488990933
750.0 0.0029954300771350972
751.0 0.002993594534927979
752.0 0.0029917591746198013
753.0 0.00300051524391165
754.0 0.0030092716770013794
755.0 0.00197047720575938
756.0 0.0009316828254668508
757.0 0.0019142740711686201
758.0 0.0028968654078198597
759.0 0.00275529564532917
760.0 0.00261372570093954
761.0 0.004440377961145714
762.0 0.0062670289480593055
763.0 0.005771730866399594
764.0 0.00527643169334624
765.0 0.005280934783513658
766.0 0.005285439328872599
767.0 0.0046161476348061115
768.0 0.003946855940739624
769.0 0.003484309127088636
770.0 0.0030217624953365885
771.0 0.003890756852342747
772.0 0.0047597510274499655
773.0 0.003977536107413471
774.0 0.003195321187376976
775.0 2.683987363957807e-10
776.0 0.11889896122738719
777.0 0.04871981800533831
778.0 2.683987363957807e-10
779.0 2.683987363957807e-10
780.0 0.05603861063718796
781.0 0.09515417623333633
782.0 2.683987363957807e-10
783.0 2.683987363957807e-10
784.0 0.04217953246552497
785.0 0.025671455659903586
786.0 0.03636201145127416
787.0 2.683987363957807e-10
788.0 2.683987363957807e-10
789.0 0.038949804729782045
790.0 0.059170916210860014
791.0 2.683987363957807e-10
792.0 0.08744447841309011
793.0 2.683987363957807e-10
794.0 0.05041537806391716
795.0 0.09627177496440709
796.0 0.0883454515133053
797.0 0.2193802036345005
798.0 0.09373091161251068
799.0 0.3713862504810095
800.0 0.4896415863186121
801.0 0.9821780025959015
802.0 1.4478666707873344
803.0 2.3655764758586884
804.0 3.8117606192827225
805.0 5.501091480255127
806.0 7.553195208311081
807.0 10.22503525018692
808.0 13.1199911236763
809.0 16.38149470090866
810.0 19.855472445487976
811.0 23.241938650608063
812.0 26.793798804283142
813.0 31.251969933509827
814.0 36.32293939590454
815.0 42.139869928359985
816.0 48.12294840812683
817.0 55.06311058998108
818.0 62.04841136932373
819.0 68.96783113479614
820.0 76.34798884391785
821.0 82.66214728355408
822.0 87.65619397163391
823.0 90.99833965301514
824.0 94.22287940979004
825.0 96.70056700706482
826.0 97.24146723747253
827.0 98.09275269508362
828.0 99.37335252761841
829.0 99.07063841819763
830.0 98.93728494644165
831.0 99.44354295730591
832.0 98.07278513908386
833.0 99.14559125900269
834.0 98.07319641113281
835.0 99.2431104183197
836.0 98.65774512290955
837.0 98.62502217292786
838.0 97.5953757762909
839.0 97.8513240814209
840.0 98.45737218856812
841.0 98.93813133239746
842.0 99.13347363471985
843.0 99.61504936218262
844.0 98.06514382362366
845.0 98.19584488868713
846.0 98.6505925655365
847.0 98.8429844379425
848.0 99.84030723571777
849.0 98.85528087615967
850.0 97.79171943664551
851.0 98.73008728027344
852.0 99.3396520614624
853.0 98.52648377418518
854.0 99.16847348213196
855.0 97.94675707817078
856.0 98.83219003677368
857.0 97.90558218955994
858.0 98.60101342201233
859.0 99.5179831981659
860.0 98.61605763435364
861.0 98.88087511062622
862.0 98.59306812286377
863.0 98.30145835876465
864.0 98.9776074886322
865.0 100.08143186569214
866.0 98.46878051757812
867.0 98.91569018363953
868.0 99.49909448623657
869.0 99.06962513923645
870.0 98.05825352668762
871.0 98.59371781349182
872.0 98.91345500946045
873.0 99.39080476760864
874.0 99.40442442893982
875.0 98.58379364013672
876.0 99.16755557060242
877.0 99.39725995063782
878.0 98.74429702758789
879.0 98.63547682762146
880.0 98.21032285690308
881.0 99.7877299785614
882.0 98.79333972930908
883.0 98.4127938747406
884.0 98.7781286239624
885.0 99.17694330215454
886.0 98.59312176704407
887.0 98.51773977279663
888.0 98.75955581665039
889.0 99.50484037399292
890.0 98.13831448554993
891.0 99.05068874359131
892.0 98.72429370880127
893.0 98.17870259284973
894.0 98.19144606590271
895.0 99.21351075172424
