lsstCam/transmission_sensor/r11_s01/19700101T000000.ecsv
# %ECSV 1.0
# ---
# datatype:
# - {name: amp_name, datatype: string}
# - {name: wavelength, unit: nm, datatype: float32}
# - {name: efficiency, unit: '%', datatype: float64}
# meta: !!omap
# - {MODE: AMP}
# - {TYPE: transmission_sensor}
# - {CALIBDATE: '1970-01-01T00:00:00'}
# - {INSTRUME: LSSTCAM}
# - {OBSTYPE: transmission_sensor}
# - {DETECTOR: 37}
# - {PARQUETFILE: qe_raft_allvalues_nircorrected_20230725.parquet}
# - {CALIBCLS: lsst.ip.isr.IntermediateSensorTransmissionCurve}
# - {CALIB_ID: 'raftName=R11 detectorName=S01 detector=37 calibDate=1970-01-01T00:00:00 ccd=37 ccdnum=37 filter=None'}
# - {DATE: '2023-08-02T16:57:55.603578'}
# - {CALIB_CREATION_DATE: '2023-08-02'}
# - {CALIB_CREATION_TIME: '16:57:55'}
# - __serialized_columns__:
#     efficiency:
#       __class__: astropy.units.quantity.Quantity
#       unit: !astropy.units.Unit {unit: '%'}
#       value: !astropy.table.SerializedColumn {name: efficiency}
#     wavelength:
#       __class__: astropy.units.quantity.Quantity
#       unit: !astropy.units.Unit {unit: nm}
#       value: !astropy.table.SerializedColumn {name: wavelength}
# schema: astropy-2.0
amp_name wavelength efficiency
C00 319.992 44.03031921386719
C00 330.006 56.928436279296875
C00 349.994 79.28125
C00 370.001 86.29682159423828
C00 400.009 89.7408676147461
C00 429.983 90.50250244140625
C00 449.989 91.32901000976562
C00 469.993 92.6034164428711
C00 500.016 94.43473815917969
C00 549.99 97.35152435302734
C00 569.998 98.28731536865234
C00 599.983 99.17601776123047
C00 630.013 100.09588623046875
C00 649.987 100.22686004638672
C00 670.017 100.66199493408203
C00 699.987 100.19959259033203
C00 720.012 100.02944946289062
C00 749.995 99.3108139038086
C00 770.007 98.96043395996094
C00 800.008 97.84188842773438
C00 830.013 96.63848876953125
C00 869.994 91.46807098388672
C00 900.005 84.76195526123047
C00 919.989 77.9770736694336
C00 959.989 56.99282455444336
C00 1000.013 29.875288009643555
C00 1030.002 12.938618659973145
C00 1049.996 6.398139953613281
C00 1080.005 0.6884726069964427
C00 1100.007 0.09365372840961424
C01 319.992 44.10487747192383
C01 330.006 57.02748489379883
C01 349.994 79.3837661743164
C01 370.001 86.346923828125
C01 400.009 89.63319396972656
C01 429.983 90.33537292480469
C01 449.989 91.14434051513672
C01 469.993 92.40289306640625
C01 500.016 94.2171859741211
C01 549.99 97.11194610595703
C01 569.998 98.04273986816406
C01 599.983 98.92188262939453
C01 630.013 99.83329772949219
C01 649.987 99.963623046875
C01 670.017 100.3942642211914
C01 699.987 99.9317855834961
C01 720.012 99.75862121582031
C01 749.995 99.03794860839844
C01 770.007 98.69037628173828
C01 800.008 97.57337188720703
C01 830.013 96.37446594238281
C01 869.994 91.21672058105469
C01 900.005 84.5346450805664
C01 919.989 77.85167694091797
C01 959.989 56.819740295410156
C01 1000.013 29.749404907226562
C01 1030.002 12.861311912536621
C01 1049.996 6.3254008293151855
C01 1080.005 0.6865809680052933
C01 1100.007 0.0933964065604574
C02 319.992 44.30644226074219
C02 330.006 57.30012893676758
C02 349.994 79.80379486083984
C02 370.001 86.79142761230469
C02 400.009 89.84608459472656
C02 429.983 90.44803619384766
C02 449.989 91.2168960571289
C02 469.993 92.45469665527344
C02 500.016 94.246337890625
C02 549.99 97.1250991821289
C02 569.998 98.05448913574219
C02 599.983 98.93701171875
C02 630.013 99.84354400634766
C02 649.987 99.97746276855469
C02 670.017 100.4095458984375
C02 699.987 99.94641876220703
C02 720.012 99.77483367919922
C02 749.995 99.0566635131836
C02 770.007 98.70600128173828
C02 800.008 97.5973129272461
C02 830.013 96.4014663696289
C02 869.994 91.27031707763672
C02 900.005 84.56477355957031
C02 919.989 77.85014343261719
C02 959.989 56.861087799072266
C02 1000.013 29.956157684326172
C02 1030.002 12.77879810333252
C02 1049.996 6.28824520111084
C02 1080.005 0.6867107064719579
C02 1100.007 0.09341405503477258
C03 319.992 44.71149826049805
C03 330.006 57.815826416015625
C03 349.994 80.42265319824219
C03 370.001 87.32373046875
C03 400.009 90.3003921508789
C03 429.983 90.884033203125
C03 449.989 91.65523529052734
C03 469.993 92.89405822753906
C03 500.016 94.69462585449219
C03 549.99 97.57518768310547
C03 569.998 98.499755859375
C03 599.983 99.37286376953125
C03 630.013 100.27840423583984
C03 649.987 100.40373992919922
C03 670.017 100.83097839355469
C03 699.987 100.35965728759766
C03 720.012 100.18026733398438
C03 749.995 99.44818878173828
C03 770.007 99.09666442871094
C03 800.008 97.97745513916016
C03 830.013 96.77388763427734
C03 869.994 91.64679718017578
C03 900.005 84.86815643310547
C03 919.989 78.21250915527344
C03 959.989 56.94684600830078
C03 1000.013 29.891786575317383
C03 1030.002 12.705894470214844
C03 1049.996 6.328662395477295
C03 1080.005 0.6894249534245007
C03 1100.007 0.09378327720039956
C04 319.992 44.836238861083984
C04 330.006 57.98173522949219
C04 349.994 80.61082458496094
C04 370.001 87.43199157714844
C04 400.009 90.30062866210938
C04 429.983 90.85240173339844
C04 449.989 91.61735534667969
C04 469.993 92.85366821289062
C04 500.016 94.64436340332031
C04 549.99 97.51970672607422
C04 569.998 98.44224548339844
C04 599.983 99.3125991821289
C04 630.013 100.20852661132812
C04 649.987 100.33222198486328
C04 670.017 100.75726318359375
C04 699.987 100.27818298339844
C04 720.012 100.09954071044922
C04 749.995 99.36832427978516
C04 770.007 99.01010131835938
C04 800.008 97.88921356201172
C04 830.013 96.6832046508789
C04 869.994 91.62239074707031
C04 900.005 84.74752044677734
C04 919.989 78.09232330322266
C04 959.989 57.30625915527344
C04 1000.013 29.65678596496582
C04 1030.002 12.81004524230957
C04 1049.996 6.291697978973389
C04 1080.005 0.6888712840771709
C04 1100.007 0.09370796091598009
C05 319.992 45.085426330566406
C05 330.006 58.30059051513672
C05 349.994 80.97057342529297
C05 370.001 87.68277740478516
C05 400.009 90.40635681152344
C05 429.983 90.92015838623047
C05 449.989 91.67169189453125
C05 469.993 92.90431213378906
C05 500.016 94.6925277709961
C05 549.99 97.55220794677734
C05 569.998 98.47075653076172
C05 599.983 99.33240509033203
C05 630.013 100.22039794921875
C05 649.987 100.33805084228516
C05 670.017 100.75987243652344
C05 699.987 100.27558898925781
C05 720.012 100.09065246582031
C05 749.995 99.353515625
C05 770.007 98.99382781982422
C05 800.008 97.87451934814453
C05 830.013 96.66912078857422
C05 869.994 91.68911743164062
C05 900.005 84.60523986816406
C05 919.989 78.12781524658203
C05 959.989 57.42896270751953
C05 1000.013 29.6980037689209
C05 1030.002 12.738751411437988
C05 1049.996 6.267143249511719
C05 1080.005 0.6887686189081035
C05 1100.007 0.09369399525378343
C06 319.992 45.594764709472656
C06 330.006 58.9578971862793
C06 349.994 81.79173278808594
C06 370.001 88.43053436279297
C06 400.009 91.08663940429688
C06 429.983 91.58546447753906
C06 449.989 92.34258270263672
C06 469.993 93.58175659179688
C06 500.016 95.38087463378906
C06 549.99 98.25272369384766
C06 569.998 99.17310333251953
C06 599.983 100.03214263916016
C06 630.013 100.91614532470703
C06 649.987 101.02485656738281
C06 670.017 101.44410705566406
C06 699.987 100.9471206665039
C06 720.012 100.75377655029297
C06 749.995 100.00639343261719
C06 770.007 99.64286041259766
C06 800.008 98.50753784179688
C06 830.013 97.31826782226562
C06 869.994 92.28943634033203
C06 900.005 85.27631378173828
C06 919.989 78.96481323242188
C06 959.989 57.57326126098633
C06 1000.013 29.757801055908203
C06 1030.002 12.837359428405762
C06 1049.996 6.368779182434082
C06 1080.005 0.693294692924936
C06 1100.007 0.09430968235945274
C07 319.992 45.272281646728516
C07 330.006 58.54778289794922
C07 349.994 81.2210922241211
C07 370.001 87.78177642822266
C07 400.009 90.25899505615234
C07 429.983 90.69712829589844
C07 449.989 91.42771911621094
C07 469.993 92.64129638671875
C07 500.016 94.41316986083984
C07 549.99 97.24706268310547
C07 569.998 98.15436553955078
C07 599.983 98.99681854248047
C07 630.013 99.87416076660156
C07 649.987 99.98355102539062
C07 670.017 100.3902816772461
C07 699.987 99.89713287353516
C07 720.012 99.70933532714844
C07 749.995 98.96800231933594
C07 770.007 98.6053466796875
C07 800.008 97.48529815673828
C07 830.013 96.32581329345703
C07 869.994 91.3680191040039
C07 900.005 84.47270965576172
C07 919.989 78.17093658447266
C07 959.989 56.8966064453125
C07 1000.013 29.40960121154785
C07 1030.002 12.81549072265625
C07 1049.996 6.385151386260986
C07 1080.005 0.6860960385359235
C07 1100.007 0.0933304410414801
C10 319.992 43.12476348876953
C10 330.006 55.742916107177734
C10 349.994 77.37359619140625
C10 370.001 84.05538940429688
C10 400.009 88.42595672607422
C10 429.983 89.64810180664062
C10 449.989 90.64495086669922
C10 469.993 92.03119659423828
C10 500.016 93.95977020263672
C10 549.99 96.94400787353516
C10 569.998 97.88863372802734
C10 599.983 98.7777099609375
C10 630.013 99.69110870361328
C10 649.987 99.82490539550781
C10 670.017 100.25064849853516
C10 699.987 99.78389739990234
C10 720.012 99.60926818847656
C10 749.995 98.8890151977539
C10 770.007 98.53553771972656
C10 800.008 97.42626190185547
C10 830.013 96.23809814453125
C10 869.994 91.2410888671875
C10 900.005 84.35443878173828
C10 919.989 77.7022705078125
C10 959.989 56.88784408569336
C10 1000.013 29.582073211669922
C10 1030.002 12.780818939208984
C10 1049.996 6.307046413421631
C10 1080.005 0.6855484785097936
C10 1100.007 0.09325595581511961
C11 319.992 43.79583740234375
C11 330.006 56.605899810791016
C11 349.994 78.49417114257812
C11 370.001 85.14558410644531
C11 400.009 89.35372924804688
C11 429.983 90.51795959472656
C11 449.989 91.505859375
C11 469.993 92.8918228149414
C11 500.016 94.82678985595703
C11 549.99 97.81436920166016
C11 569.998 98.76239776611328
C11 599.983 99.65045166015625
C11 630.013 100.55709838867188
C11 649.987 100.68304443359375
C11 670.017 101.11254119873047
C11 699.987 100.63202667236328
C11 720.012 100.45565795898438
C11 749.995 99.71732330322266
C11 770.007 99.3659896850586
C11 800.008 98.24029541015625
C11 830.013 97.0396499633789
C11 869.994 92.02978515625
C11 900.005 85.00431823730469
C11 919.989 78.4051742553711
C11 959.989 57.34238815307617
C11 1000.013 29.748985290527344
C11 1030.002 12.795279502868652
C11 1049.996 6.324995517730713
C11 1080.005 0.6912907293664029
C11 1100.007 0.09403708086892662
C12 319.992 44.021583557128906
C12 330.006 56.89976119995117
C12 349.994 78.8593978881836
C12 370.001 85.44932556152344
C12 400.009 89.42266082763672
C12 429.983 90.49854278564453
C12 449.989 91.45842742919922
C12 469.993 92.82279968261719
C12 500.016 94.73461151123047
C12 549.99 97.70613861083984
C12 569.998 98.6461410522461
C12 599.983 99.52066040039062
C12 630.013 100.42263793945312
C12 649.987 100.54275512695312
C12 670.017 100.96582794189453
C12 699.987 100.4829330444336
C12 720.012 100.30067443847656
C12 749.995 99.5645751953125
C12 770.007 99.209228515625
C12 800.008 98.08573913574219
C12 830.013 96.89173126220703
C12 869.994 91.9145736694336
C12 900.005 84.83185577392578
C12 919.989 78.30160522460938
C12 959.989 57.29160690307617
C12 1000.013 29.79043960571289
C12 1030.002 12.744063377380371
C12 1049.996 6.281550407409668
C12 1080.005 0.6902317973446678
C12 1100.007 0.09389303311603131
C13 319.992 44.21254348754883
C13 330.006 57.14607620239258
C13 349.994 79.14192962646484
C13 370.001 85.65834045410156
C13 400.009 89.49910736083984
C13 429.983 90.53041076660156
C13 449.989 91.46546173095703
C13 469.993 92.81929016113281
C13 500.016 94.71809387207031
C13 549.99 97.67485809326172
C13 569.998 98.60449981689453
C13 599.983 99.47386169433594
C13 630.013 100.36975860595703
C13 649.987 100.48931121826172
C13 670.017 100.90177917480469
C13 699.987 100.41900634765625
C13 720.012 100.23050689697266
C13 749.995 99.49345397949219
C13 770.007 99.13221740722656
C13 800.008 98.01156616210938
C13 830.013 96.81947326660156
C13 869.994 91.8750228881836
C13 900.005 84.7594223022461
C13 919.989 78.32762145996094
C13 959.989 57.211673736572266
C13 1000.013 29.6721134185791
C13 1030.002 12.740424156188965
C13 1049.996 6.290290355682373
C13 1080.005 0.6897387412408171
C13 1100.007 0.09382596212152627
C14 319.992 44.4835090637207
C14 330.006 57.50397491455078
C14 349.994 79.65416717529297
C14 370.001 86.18295288085938
C14 400.009 89.85965728759766
C14 429.983 90.81800842285156
C14 449.989 91.73480987548828
C14 469.993 93.07445526123047
C14 500.016 94.96817016601562
C14 549.99 97.91178894042969
C14 569.998 98.84677124023438
C14 599.983 99.7160873413086
C14 630.013 100.60894012451172
C14 649.987 100.72805786132812
C14 670.017 101.14592742919922
C14 699.987 100.65443420410156
C14 720.012 100.46794128417969
C14 749.995 99.7259292602539
C14 770.007 99.36763000488281
C14 800.008 98.24497985839844
C14 830.013 97.06089782714844
C14 869.994 92.11554718017578
C14 900.005 84.98866271972656
C14 919.989 78.60855865478516
C14 959.989 57.37552261352539
C14 1000.013 29.734722137451172
C14 1030.002 12.778085708618164
C14 1049.996 6.3258843421936035
C14 1080.005 0.6913503803593857
C14 1100.007 0.09404519526278836
C15 319.992 44.40482711791992
C15 330.006 57.40883255004883
C15 349.994 79.51458740234375
C15 370.001 85.98328399658203
C15 400.009 89.46829986572266
C15 429.983 90.34757232666016
C15 449.989 91.2425308227539
C15 469.993 92.56053924560547
C15 500.016 94.42949676513672
C15 549.99 97.3423843383789
C15 569.998 98.26825714111328
C15 599.983 99.12541961669922
C15 630.013 100.0139389038086
C15 649.987 100.12613677978516
C15 670.017 100.54046630859375
C15 699.987 100.05123901367188
C15 720.012 99.8637924194336
C15 749.995 99.1240234375
C15 770.007 98.76155090332031
C15 800.008 97.65640258789062
C15 830.013 96.47857666015625
C15 869.994 91.5887451171875
C15 900.005 84.59317016601562
C15 919.989 78.32760620117188
C15 959.989 56.806190490722656
C15 1000.013 29.657546997070312
C15 1030.002 12.656085014343262
C15 1049.996 6.2866010665893555
C15 1080.005 0.687177657453821
C15 1100.007 0.09347757491921185
C16 319.992 45.11341094970703
C16 330.006 58.3087272644043
C16 349.994 80.59595489501953
C16 370.001 86.97315979003906
C16 400.009 90.44109344482422
C16 429.983 91.3343734741211
C16 449.989 92.24260711669922
C16 469.993 93.58445739746094
C16 500.016 95.47078704833984
C16 549.99 98.4056625366211
C16 569.998 99.32626342773438
C16 599.983 100.1809310913086
C16 630.013 101.05744934082031
C16 649.987 101.16484832763672
C16 670.017 101.5699462890625
C16 699.987 101.06089782714844
C16 720.012 100.86353302001953
C16 749.995 100.10139465332031
C16 770.007 99.73770141601562
C16 800.008 98.609130859375
C16 830.013 97.43328857421875
C16 869.994 92.48460388183594
C16 900.005 85.48145294189453
C16 919.989 79.14955139160156
C16 959.989 57.1979866027832
C16 1000.013 29.96558952331543
C16 1030.002 12.790423393249512
C16 1049.996 6.3880815505981445
C16 1080.005 0.6939532842473535
C16 1100.007 0.09439927130201314
C17 319.992 45.10285186767578
C17 330.006 58.284114837646484
C17 349.994 80.46881866455078
C17 370.001 86.71947479248047
C17 400.009 90.048828125
C17 429.983 90.91048431396484
C17 449.989 91.80583953857422
C17 469.993 93.1351547241211
C17 500.016 95.00392150878906
C17 549.99 97.90377807617188
C17 569.998 98.82037353515625
C17 599.983 99.65912628173828
C17 630.013 100.51887512207031
C17 649.987 100.6166763305664
C17 670.017 101.01487731933594
C17 699.987 100.49327087402344
C17 720.012 100.29666137695312
C17 749.995 99.53607940673828
C17 770.007 99.16559600830078
C17 800.008 98.03959655761719
C17 830.013 96.89630126953125
C17 869.994 91.98053741455078
C17 900.005 85.15816497802734
C17 919.989 78.53548431396484
C17 959.989 57.01948165893555
C17 1000.013 29.791231155395508
C17 1030.002 12.8461332321167
C17 1049.996 6.437196254730225
C17 1080.005 0.690034222418109
C17 1100.007 0.0938661567692828
