lsstCam/transmission_sensor/r11_s01/19700101T000000.ecsv
# %ECSV 1.0
# ---
# datatype:
# - {name: amp_name, datatype: string}
# - {name: wavelength, unit: nm, datatype: float32}
# - {name: efficiency, unit: '%', datatype: float64}
# meta: !!omap
# - {MODE: AMP}
# - {TYPE: transmission_sensor}
# - {CALIBDATE: '1970-01-01T00:00:00'}
# - {INSTRUME: LSSTCAM}
# - {OBSTYPE: transmission_sensor}
# - {DETECTOR: 37}
# - {PARQUETFILE: qe_raft_allvalues_nircorrected_20230725.parquet}
# - {CALIBCLS: lsst.ip.isr.IntermediateSensorTransmissionCurve}
# - {CALIB_ID: 'raftName=R11 detectorName=S01 detector=37 calibDate=1970-01-01T00:00:00 ccd=37 ccdnum=37 filter=None'}
# - {DATE: '2024-01-18T22:42:25.102904'}
# - {CALIB_CREATION_DATE: '2024-01-18'}
# - {CALIB_CREATION_TIME: '22:42:25'}
# - __serialized_columns__:
#     efficiency:
#       __class__: astropy.units.quantity.Quantity
#       unit: !astropy.units.Unit {unit: '%'}
#       value: !astropy.table.SerializedColumn {name: efficiency}
#     wavelength:
#       __class__: astropy.units.quantity.Quantity
#       unit: !astropy.units.Unit {unit: nm}
#       value: !astropy.table.SerializedColumn {name: wavelength}
# schema: astropy-2.0
amp_name wavelength efficiency
C00 319.992 43.63720567327261
C00 330.006 54.483788334457415
C00 349.994 73.15211622802667
C00 370.001 78.92634521767829
C00 400.009 85.52185531259674
C00 429.983 86.99159330771293
C00 449.989 88.31819152363758
C00 469.993 89.95914651353455
C00 500.016 92.40065033097284
C00 549.99 95.84363849546965
C00 569.998 96.91120915062689
C00 599.983 98.02796602289997
C00 630.013 98.70091893492854
C00 649.987 98.77234820293336
C00 670.017 98.95347598991614
C00 699.987 98.4052694999164
C00 720.012 98.22942521692136
C00 749.995 98.32481093299445
C00 770.007 98.36768749259768
C00 800.008 97.53397918226375
C00 830.013 95.70616881387862
C00 869.994 90.58661964307527
C00 900.005 82.54005650371529
C00 919.989 73.92541771710388
C00 959.989 52.22550611809787
C00 1000.013 26.208881391792474
C00 1030.002 9.538390782630511
C00 1049.996 4.032631314239194
C00 1080.005 0.5591098852306855
C00 1100.007 0.1175831489897466
C01 319.992 43.71109825682748
C01 330.006 54.578583556319295
C01 349.994 73.24670700578115
C01 370.001 78.97216829823755
C01 400.009 85.41924375851781
C01 429.983 86.83094733057732
C01 449.989 88.13960997771406
C01 469.993 89.76434903741855
C01 500.016 92.18778413605149
C01 549.99 95.60777109579425
C01 569.998 96.67005791567823
C01 599.983 97.77677273412712
C01 630.013 98.44198994869171
C01 649.987 98.51293135036875
C01 670.017 98.69028942494558
C01 699.987 98.14225824407823
C01 720.012 97.96347050873223
C01 749.995 98.05465476845666
C01 770.007 98.09924738746302
C01 800.008 97.26630766554695
C01 830.013 95.4446931473246
C01 869.994 90.3376914313664
C01 900.005 82.31870489498874
C01 919.989 73.80653654986267
C01 959.989 52.0668999584672
C01 1000.013 26.098447132567497
C01 1030.002 9.481400002813741
C01 1049.996 3.986785166367861
C01 1080.005 0.5575736816860688
C01 1100.007 0.1172600789546126
C02 319.992 43.910863425538466
C02 330.006 54.839519589321874
C02 349.994 73.63426380257317
C02 370.001 79.37870771038054
C02 400.009 85.62212569751154
C02 429.983 86.93923999671269
C02 449.989 88.20977360100399
C02 469.993 89.81467338634477
C02 500.016 92.21630813152035
C02 549.99 95.62072044287534
C02 569.998 96.68164268349246
C02 599.983 97.79172669064579
C02 630.013 98.45209343025707
C02 649.987 98.52657022729402
C02 670.017 98.70531172887912
C02 699.987 98.15662937930408
C02 720.012 97.979391229756
C02 749.995 98.07318386314732
C02 770.007 98.11477879790222
C02 800.008 97.29017336293172
C02 830.013 95.47143308791105
C02 869.994 90.3907714340149
C02 900.005 82.34804360422085
C02 919.989 73.80508272200824
C02 959.989 52.1047888387316
C02 1000.013 26.279826438791364
C02 1030.002 9.420570560518874
C02 1049.996 3.9633666492858057
C02 1080.005 0.5576790425362604
C02 1100.007 0.11728223678239033
C03 319.992 44.31230298550815
C03 330.006 55.333071742522016
C03 349.994 74.20527897988609
C03 370.001 79.86554741353554
C03 400.009 86.05507476650733
C03 429.983 87.35832315454017
C03 449.989 88.63366222482098
C03 469.993 90.24148908678109
C03 500.016 92.65494014558973
C03 549.99 96.06383748562583
C03 569.998 97.12067529334595
C03 599.983 98.22253336134574
C03 630.013 98.88089331280476
C03 649.987 98.94666117020745
C03 670.017 99.11959132183034
C03 699.987 98.56246784039514
C03 720.012 98.37752912901452
C03 749.995 98.46082189059734
C03 770.007 98.50310197736431
C03 800.008 97.66911926410891
C03 830.013 95.84026141788758
C03 869.994 90.76362350671138
C03 900.005 82.64347378214296
C03 919.989 74.14862007411875
C03 959.989 52.183373571384436
C03 1000.013 26.223355192036358
C03 1030.002 9.366825770566825
C03 1049.996 3.9888408722345883
C03 1080.005 0.5598832875370087
C03 1100.007 0.11774579873180202
C04 319.992 44.43592987127148
C04 330.006 55.49185602094361
C04 349.994 74.3789030732504
C04 370.001 79.96456211022135
C04 400.009 86.05530015856972
C04 429.983 87.32791878034114
C04 449.989 88.59703105871851
C04 469.993 90.20225240000416
C04 500.016 92.60576032822547
C04 549.99 96.00921587775245
C04 569.998 97.06397011166823
C04 599.983 98.16296639082587
C04 630.013 98.81198952452702
C04 649.987 98.87618110830151
C04 670.017 99.04712726760872
C04 699.987 98.48245253639264
C04 720.012 98.29825517647214
C04 749.995 98.38175031977723
C04 770.007 98.41705735683551
C04 800.008 97.58115538394564
C04 830.013 95.75045329869839
C04 869.994 90.73945227134163
C04 900.005 82.52600007477959
C04 919.989 74.03467902839286
C04 959.989 52.51272263686573
C04 1000.013 26.017194731868916
C04 1030.002 9.44360605064614
C04 1049.996 3.965542872411679
C04 1080.005 0.5594336516297911
C04 1100.007 0.11765123841858614
C05 319.992 44.68289253361762
C05 330.006 55.79701887149423
C05 349.994 74.71084018298147
C05 370.001 80.19392871309377
C05 400.009 86.15605768116774
C05 429.983 87.393046915233
C05 449.989 88.64957630846308
C05 469.993 90.25145019502216
C05 500.016 92.65288725400272
C05 549.99 96.04121368434494
C05 569.998 97.092081980059
C05 599.983 98.18254302780139
C05 630.013 98.82369541977324
C05 649.987 98.88192537620166
C05 670.017 99.04969223413156
C05 699.987 98.47990499417325
C05 720.012 98.2895268752991
C05 749.995 98.36708869205829
C05 770.007 98.40088133219353
C05 800.008 97.56650741289303
C05 830.013 95.736505310475
C05 869.994 90.80553593015497
C05 900.005 82.38744915341483
C05 919.989 74.06832682530246
C05 959.989 52.62516231973176
C05 1000.013 26.053354133403055
C05 1030.002 9.391048012024317
C05 1049.996 3.950066472761515
C05 1080.005 0.5593502770549552
C05 1100.007 0.11763370439653814
C06 319.992 45.187683413957714
C06 330.006 56.426099167423295
C06 349.994 75.4685167477274
C06 370.001 80.87782092043534
C06 400.009 86.80435795970536
C06 429.983 88.03254345244457
C06 449.989 89.29835004284793
C06 469.993 90.90955037743069
C06 500.016 93.32640739092675
C06 549.99 96.73087908474606
C06 569.998 97.78459532774919
C06 599.983 98.87418048421361
C06 630.013 99.50974664418766
C06 649.987 99.5587640419617
C06 670.017 99.72231345528796
C06 699.987 99.13941122537433
C06 720.012 98.94071807963951
C06 749.995 99.01348443158456
C06 770.007 99.04602639374691
C06 800.008 98.19753379202386
C06 830.013 96.37938969725036
C06 869.994 91.40006973917949
C06 900.005 83.04093194028395
C06 919.989 74.86183474782199
C06 959.989 52.75739063173118
C06 1000.013 26.105812874610685
C06 1030.002 9.463742155414492
C06 1049.996 4.014125753853541
C06 1080.005 0.5630259101860056
C06 1100.007 0.11840670542817192
C07 319.992 44.868079559469166
C07 330.006 56.03359620161746
C07 349.994 74.94199168840274
C07 370.001 80.28447238498912
C07 400.009 86.01562388487818
C07 429.983 87.17866894346247
C07 449.989 88.41364651397672
C07 469.993 89.99594480402331
C07 500.016 92.37954660545846
C07 549.99 95.7407948410414
C07 569.998 96.78012073248996
C07 599.983 97.8508411965206
C07 630.013 98.4822835058503
C07 649.987 98.53257013015308
C07 670.017 98.68637447604227
C07 699.987 98.1082260771357
C07 720.012 97.91507151681995
C07 749.995 97.98540293799441
C07 770.007 98.01472708993144
C07 800.008 97.17851110384845
C07 830.013 95.39650987489742
C07 869.994 90.48753193421656
C07 900.005 82.25839300804365
C07 919.989 74.10920759661222
C07 959.989 52.13733643206511
C07 1000.013 25.80034541205316
C07 1030.002 9.447620476058217
C07 1049.996 4.024444856329284
C07 1080.005 0.5571798695616516
C07 1100.007 0.11717725861656722
C10 319.992 42.7397349728501
C10 330.006 53.349177332548365
C10 349.994 71.39194073723803
C10 370.001 76.87635024060785
C10 400.009 84.26876269427358
C10 429.983 86.17033786685367
C10 449.989 87.65668357118771
C10 469.993 89.40326627521884
C10 500.016 91.9359130009771
C10 549.99 95.44243407262199
C10 569.998 96.51810939289918
C10 599.983 97.63426899417094
C10 630.013 98.30178251314939
C10 649.987 98.37622679675516
C10 670.017 98.54911126755911
C10 699.987 97.99701836648815
C10 720.012 97.81680508060921
C10 749.995 97.90720003651364
C10 770.007 97.94533626692434
C10 800.008 97.11966063655609
C10 830.013 95.30964095799366
C10 869.994 90.36182488737484
C10 900.005 82.14322241535791
C10 919.989 73.66489321218414
C10 959.989 52.12930702363561
C10 1000.013 25.951651005932135
C10 1030.002 9.422060327147278
C10 1049.996 3.9752167116570325
C10 1080.005 0.5567351950455485
C10 1100.007 0.11708374170466837
C11 319.992 43.404817373147196
C11 330.006 54.17510238014802
C11 349.994 72.42588544762467
C11 370.001 77.87343312067996
C11 400.009 85.15291758931842
C11 429.983 87.00645082390378
C11 449.989 88.4892107442328
C11 469.993 90.23931750589223
C11 500.016 92.78425738545025
C11 549.99 96.29931430174658
C11 569.998 97.37963998945314
C11 599.983 98.49690792209962
C11 630.013 99.1557034975408
C11 649.987 99.22191235287382
C11 670.017 99.39637520933287
C11 699.987 98.82995977343096
C11 720.012 98.64796411540235
C11 749.995 98.7272843220313
C11 770.007 98.77081404763463
C11 800.008 97.9311323745624
C11 830.013 96.10345980454719
C11 869.994 91.14292073844834
C11 900.005 82.77606632295462
C11 919.989 74.33127437664626
C11 959.989 52.54582952726007
C11 1000.013 26.098079012792507
C11 1030.002 9.432720700618964
C11 1049.996 3.986529705843487
C11 1080.005 0.5613984876512065
C11 1100.007 0.11806445165761013
C12 319.992 43.62854801063047
C12 330.006 54.45634463398618
C12 349.994 72.76287697265883
C12 370.001 78.15123249379171
C12 400.009 85.21860846943626
C12 429.983 86.98778726087035
C12 449.989 88.44334247441225
C12 469.993 90.17226531373679
C12 500.016 92.69406452670783
C12 549.99 96.19276010354916
C12 569.998 97.26501096870423
C12 599.983 98.36861911307518
C12 630.013 99.0231169308188
C12 649.987 99.08365895215626
C12 670.017 99.25215209168829
C12 699.987 98.68353603798597
C12 720.012 98.49576951451908
C12 749.995 98.5760527668737
C12 770.007 98.61499183557706
C12 800.008 97.77706249004332
C12 830.013 95.95696814925189
C12 869.994 91.02881951140279
C12 900.005 82.60812468654247
C12 919.989 74.23308674916395
C12 959.989 52.49929601179925
C12 1000.013 26.134445900018004
C12 1030.002 9.394964010193364
C12 1049.996 3.959147042506734
C12 1080.005 0.560538526985927
C12 1100.007 0.11788359833038063
C13 319.992 43.81780300373221
C13 330.006 54.692082260622854
C13 349.994 73.02356653742801
C13 370.001 78.34239575174834
C13 400.009 85.2914610005686
C13 429.983 87.01841897120065
C13 449.989 88.45014487826855
C13 469.993 90.16885600585667
C13 500.016 92.6779026711229
C13 549.99 96.16196409250945
C13 569.998 97.22395274615222
C13 599.983 98.32236214419699
C13 630.013 98.97097454010442
C13 649.987 99.03099063194598
C13 670.017 99.18919041344458
C13 699.987 98.62075410782052
C13 720.012 98.42686463392819
C13 749.995 98.50563767486138
C13 770.007 98.53844200307066
C13 800.008 97.70312293938213
C13 830.013 95.88540726276015
C13 869.994 90.9896498695907
C13 900.005 82.53758994218958
C13 919.989 74.25775119186854
C13 959.989 52.42604907047068
C13 1000.013 26.03064114328624
C13 1030.002 9.392281164769113
C13 1049.996 3.9646556730376177
C13 1080.005 0.560138115206526
C13 1100.007 0.11779939005726967
C14 319.992 44.086349332464366
C14 330.006 55.034611916324884
C14 349.994 73.49620364529694
C14 370.001 78.8222018527709
C14 400.009 85.63506029360778
C14 429.983 87.29485970680295
C14 449.989 88.71061349621046
C14 469.993 90.41673492335845
C14 500.016 92.92259241817293
C14 549.99 96.39522509807978
C14 569.998 97.46283216299705
C14 599.983 98.56178381112132
C14 630.013 99.20682275088147
C14 649.987 99.26627253691959
C14 670.017 99.429194780982
C14 699.987 98.85196604254372
C14 720.012 98.66002640286035
C14 749.995 98.73580483520335
C14 770.007 98.77244454238289
C14 800.008 97.93580208080658
C14 830.013 96.12450267952127
C14 869.994 91.2278562985582
C14 900.005 82.76082118966916
C14 919.989 74.52409100820601
C14 959.989 52.57619236644972
C14 1000.013 26.085566286986293
C14 1030.002 9.420045380872144
C14 1049.996 3.9870899157463495
C14 1080.005 0.5614469303336046
C14 1100.007 0.11807463935647283
C15 319.992 44.00836987846575
C15 330.006 54.94355520042051
C15 349.994 73.36741460912683
C15 370.001 78.63958637518355
C15 400.009 85.26210186676498
C15 429.983 86.84267347489576
C15 449.989 88.2345632723241
C15 469.993 89.91749366508606
C15 500.016 92.39552183453549
C15 549.99 95.8346400512683
C15 569.998 96.89241775452301
C15 599.983 97.97795359746793
C15 630.013 98.62011365161256
C15 649.987 98.6730866521245
C15 670.017 98.83401004914856
C15 699.987 98.25957256328108
C15 720.012 98.06674916252645
C15 749.995 98.1398750074701
C15 770.007 98.16999569214425
C15 800.008 97.34907706791742
C15 830.013 95.54779945680262
C15 869.994 90.70613087466123
C15 900.005 82.37569583915675
C15 919.989 74.25773672591973
C15 959.989 52.054483563716836
C15 1000.013 26.017862367279008
C15 1030.002 9.330106081451703
C15 1049.996 3.9623303811822272
C15 1080.005 0.5580582542975197
C15 1100.007 0.11736198660295452
C16 319.992 44.71062729918214
C16 330.006 55.80480620861079
C16 349.994 74.36518294034548
C16 370.001 79.54491842743876
C16 400.009 86.18916123149165
C16 429.983 87.79119314871454
C16 449.989 89.20167032469953
C16 469.993 90.91217406219062
C16 500.016 93.4143831267552
C16 549.99 96.88144904506366
C16 569.998 97.93561105104189
C16 599.983 99.02124657600731
C16 630.013 99.64908140373475
C16 649.987 99.69672421434404
C16 670.017 99.84601684074973
C16 699.987 99.25115092277946
C16 720.012 99.04849948794445
C16 749.995 99.10754243692007
C16 770.007 99.14029932498201
C16 800.008 98.29880709552154
C16 830.013 96.49330078633805
C16 869.994 91.59335650754267
C16 900.005 83.2406937062583
C16 919.989 75.03697398994773
C16 959.989 52.413506833881634
C16 1000.013 26.288100767370093
C16 1030.002 9.429140761179681
C16 1049.996 4.026291685649611
C16 1080.005 0.5635607534244276
C16 1100.007 0.11851918519977098
C17 319.992 44.70016249123741
C17 330.006 55.78125070037074
C17 349.994 74.24787545202959
C17 370.001 79.3129002682069
C17 400.009 85.81533758995775
C17 429.983 87.38374813412244
C17 449.989 88.77930154382658
C17 469.993 90.4757011266069
C17 500.016 92.95757369081545
C17 549.99 96.38733831476473
C17 569.998 97.43680404829753
C17 599.983 98.50548212712317
C17 630.013 99.11801292223002
C17 649.987 99.15650739676973
C17 670.017 99.30036896237664
C17 699.987 98.69368874300736
C17 720.012 98.4918286678092
C17 749.995 98.54783989746092
C17 770.007 98.5716206752735
C17 800.008 97.73106512299962
C17 830.013 95.96149406742406
C17 869.994 91.09414758298982
C17 900.005 82.92588021803319
C17 919.989 74.45481357940119
C17 959.989 52.24993341722949
C17 1000.013 26.13514030777537
C17 1030.002 9.470210231384913
C17 1049.996 4.057247790909667
C17 1080.005 0.5603780760204271
C17 1100.007 0.11784985482077673
