lsstCam/transmission_sensor/r11_s01/19700101T000000.ecsv
# %ECSV 1.0
# ---
# datatype:
# - {name: amp_name, datatype: string}
# - {name: wavelength, unit: nm, datatype: float32}
# - {name: efficiency, unit: '%', datatype: float64}
# meta: !!omap
# - {MODE: AMP}
# - {TYPE: transmission_sensor}
# - {CALIBDATE: '1970-01-01T00:00:00'}
# - {INSTRUME: LSSTCam}
# - {OBSTYPE: transmission_sensor}
# - {DETECTOR: 37}
# - {PARQUETFILE: qe_raft_allvalues_nircorrected_20230725_adjust.parquet}
# - {CORRFILE: qe_corr_factor_bydetnum.parquet}
# - {CALIBCLS: lsst.ip.isr.IntermediateSensorTransmissionCurve}
# - {CALIB_ID: 'raftName=R11 detectorName=S01 detector=37 calibDate=1970-01-01T00:00:00 ccd=37 ccdnum=37 filter=None'}
# - {DATE: '2025-03-03T21:56:47.580897'}
# - {CALIB_CREATION_DATE: '2025-03-03'}
# - {CALIB_CREATION_TIME: '21:56:47'}
# - __serialized_columns__:
#     efficiency:
#       __class__: astropy.units.quantity.Quantity
#       unit: !astropy.units.Unit {unit: '%'}
#       value: !astropy.table.SerializedColumn {name: efficiency}
#     wavelength:
#       __class__: astropy.units.quantity.Quantity
#       unit: !astropy.units.Unit {unit: nm}
#       value: !astropy.table.SerializedColumn {name: wavelength}
# schema: astropy-2.0
amp_name wavelength efficiency
C00 319.992 44.06681783750737
C00 330.006 56.97562670642255
C00 349.994 79.34696963495014
C00 370.001 86.36835673795171
C00 400.009 89.81525767620136
C00 429.983 90.57752385469783
C00 449.989 91.40471655069679
C00 469.993 92.68017939405767
C00 500.016 94.51301917163134
C00 549.99 97.43222321489343
C00 569.998 98.36878994790351
C00 599.983 99.25822902408362
C00 630.013 100.17886001182407
C00 649.987 100.30994239756619
C00 670.017 100.74543798726826
C00 699.987 100.28265233834546
C00 720.012 100.11236817195443
C00 749.995 99.3931369049767
C00 770.007 99.04246651613728
C00 800.008 97.92299377345361
C00 830.013 96.71859656556205
C00 869.994 91.54389279843498
C00 900.005 84.83221808828513
C00 919.989 78.04171221658106
C00 959.989 57.04006835577716
C00 1000.013 29.90005291965726
C00 1030.002 12.949344036970762
C00 1049.996 6.4034436467577684
C00 1080.005 0.6890433115250038
C00 1100.007 0.09373136200952341
C01 319.992 44.14143790010799
C01 330.006 57.07475742657732
C01 349.994 79.44957078932869
C01 370.001 86.41850050373306
C01 400.009 89.70749477587057
C01 429.983 90.41025579725817
C01 449.989 91.21989397558829
C01 469.993 92.4794897951493
C01 500.016 94.29528664821804
C01 549.99 97.1924463711191
C01 569.998 98.12401170827313
C01 599.983 99.00388322871636
C01 630.013 99.91605383995527
C01 649.987 100.04648718959392
C01 670.017 100.47748534088495
C01 699.987 100.01462333477352
C01 720.012 99.84131542371225
C01 749.995 99.12004541979778
C01 770.007 98.7721849755004
C01 800.008 97.65425464802729
C01 830.013 96.45435487854675
C01 869.994 91.29233404045317
C01 900.005 84.60471948044449
C01 919.989 77.91621154132869
C01 959.989 56.86684061976397
C01 1000.013 29.7740654673273
C01 1030.002 12.871973206649312
C01 1049.996 6.330644225873841
C01 1080.005 0.6871501044730082
C01 1100.007 0.09347382685522833
C02 319.992 44.34316977464132
C02 330.006 57.34762747590918
C02 349.994 79.86994765567961
C02 370.001 86.8633727562004
C02 400.009 89.92056187505784
C02 429.983 90.52301245772614
C02 449.989 91.29250966198704
C02 469.993 92.53133632623738
C02 500.016 94.32446272999823
C02 549.99 97.20561035044102
C02 569.998 98.13577071532403
C02 599.983 99.01902485922412
C02 630.013 99.92630861038991
C02 649.987 100.06033838361361
C02 670.017 100.49277968576999
C02 699.987 100.02926864355508
C02 720.012 99.85754132629873
C02 749.995 99.13877583817172
C02 770.007 98.78782292773433
C02 800.008 97.67821553382322
C02 830.013 96.48137768760724
C02 869.994 91.34597496547433
C02 900.005 84.6348729342393
C02 919.989 77.91467676183699
C02 959.989 56.908222398148624
C02 1000.013 29.980989630688303
C02 1030.002 12.789390998203029
C02 1049.996 6.293457797772648
C02 1080.005 0.6872799504854628
C02 1100.007 0.09349148995912225
C03 319.992 44.74856154272119
C03 330.006 57.86375243895801
C03 349.994 80.48931899135103
C03 370.001 87.39611686135721
C03 400.009 90.37524602626571
C03 429.983 90.95937088365987
C03 449.989 91.73121225361209
C03 469.993 92.97106210419024
C03 500.016 94.77312229902222
C03 549.99 97.65607194911698
C03 569.998 98.58140653967779
C03 599.983 99.45523820649943
C03 630.013 100.36152931421287
C03 649.987 100.48696890371433
C03 670.017 100.91456152439193
C03 699.987 100.44284972011684
C03 720.012 100.26331106246238
C03 749.995 99.53062565884589
C03 770.007 99.17880991217685
C03 800.008 98.05867286195198
C03 830.013 96.8541076682454
C03 869.994 91.72276714854826
C03 900.005 84.93850729487511
C03 919.989 78.2773428650121
C03 959.989 56.99405169604192
C03 1000.013 29.91656516170114
C03 1030.002 12.71642693213109
C03 1049.996 6.333908495688296
C03 1080.005 0.6899964473939396
C03 1100.007 0.0938610181888683
C04 319.992 44.87340554615123
C04 330.006 58.0297987813794
C04 349.994 80.67764636141821
C04 370.001 87.50446771204052
C04 400.009 90.3754827335505
C04 429.983 90.9277131932488
C04 449.989 91.69330090945122
C04 469.993 92.93063860852304
C04 500.016 94.72281818314472
C04 549.99 97.60054500153635
C04 569.998 98.52384849087929
C04 599.983 99.39492366319094
C04 630.013 100.29159376513546
C04 649.987 100.4153916750811
C04 670.017 100.8407852087258
C04 699.987 100.3613078783658
C04 720.012 100.18251752116004
C04 749.995 99.45069495377521
C04 770.007 99.09217504594336
C04 800.008 97.97035813756838
C04 830.013 96.76334951382525
C04 869.994 91.6983404839016
C04 900.005 84.81777130819403
C04 919.989 78.15705738574401
C04 959.989 57.35376277601658
C04 1000.013 29.681369749245356
C04 1030.002 12.82066403927631
C04 1049.996 6.2969134377911375
C04 1080.005 0.6894423190862958
C04 1100.007 0.09378563947154424
C05 319.992 45.12279957783504
C05 330.006 58.348918379871854
C05 349.994 81.0376934130229
C05 370.001 87.75546142682639
C05 400.009 90.48129852557089
C05 429.983 90.99552601248197
C05 449.989 91.74768249920221
C05 469.993 92.98132451034375
C05 500.016 94.77102247633456
C05 549.99 97.63307316389793
C05 569.998 98.55238317227489
C05 599.983 99.41474598936246
C05 630.013 100.30347494368819
C05 649.987 100.42122536429336
C05 670.017 100.84339662457737
C05 699.987 100.35871173395198
C05 720.012 100.17362190868322
C05 749.995 99.43587402345976
C05 770.007 99.07588805760598
C05 800.008 97.95565174303589
C05 830.013 96.7492539768019
C05 869.994 91.7651224810881
C05 900.005 84.67537278709514
C05 919.989 78.19257874990038
C05 959.989 57.476568042509875
C05 1000.013 29.722621720409318
C05 1030.002 12.749311109884724
C05 1049.996 6.272338353859066
C05 1080.005 0.6893395688136581
C05 1100.007 0.09377166223261005
C06 319.992 45.632560169210535
C06 330.006 59.00676992075952
C06 349.994 81.85953347009804
C06 370.001 88.50383823270884
C06 400.009 91.16214503381816
C06 429.983 91.66138360459877
C06 449.989 92.41912943752763
C06 469.993 93.65933053117352
C06 500.016 95.45993993942132
C06 549.99 98.33416959857313
C06 569.998 99.25531217947749
C06 599.983 100.1150635807135
C06 630.013 100.99979905407324
C06 649.987 101.10860041216955
C06 670.017 101.5281984351963
C06 699.987 101.03080007266199
C06 720.012 100.83729568520485
C06 749.995 100.08929302954674
C06 770.007 99.7254586613854
C06 800.008 98.5891949729193
C06 830.013 97.39893911636428
C06 869.994 92.36593901991945
C06 900.005 85.3470029826733
C06 919.989 79.03027055933764
C06 959.989 57.62098621124835
C06 1000.013 29.78246857593738
C06 1030.002 12.848000867275085
C06 1049.996 6.374058537173665
C06 1080.005 0.6938693946877348
C06 1100.007 0.09438785970777819
C07 319.992 45.30980978639815
C07 330.006 58.59631567107267
C07 349.994 81.28841987764851
C07 370.001 87.85454251480854
C07 400.009 90.33381461570843
C07 429.983 90.77231104292414
C07 449.989 91.5035074813621
C07 469.993 92.71809073821854
C07 500.016 94.49143299440219
C07 549.99 97.32767495220449
C07 569.998 98.23572991097556
C07 599.983 99.07888125940076
C07 630.013 99.95695075019204
C07 649.987 100.06643168726725
C07 670.017 100.47349949563784
C07 699.987 99.97994189969221
C07 720.012 99.79198867984937
C07 749.995 99.05004114925059
C07 770.007 98.68708488875863
C07 800.008 97.56610790945871
C07 830.013 96.40566189934961
C07 869.994 91.44375798124956
C07 900.005 84.54273271470473
C07 919.989 78.23573583292095
C07 959.989 56.94377048732102
C07 1000.013 29.433980093763406
C07 1030.002 12.82611403361565
C07 1049.996 6.390444312623858
C07 1080.005 0.6866647730247631
C07 1100.007 0.09340780665459772
C10 319.992 43.1605114583562
C10 330.006 55.7891238056893
C10 349.994 77.43773449013992
C10 370.001 84.12506652855062
C10 400.009 88.49925680139032
C10 429.983 89.72241497053128
C10 449.989 90.72009036161172
C10 469.993 92.10748520780325
C10 500.016 94.03765749373916
C10 549.99 97.02436892747984
C10 569.998 97.9697778229347
C10 599.983 98.85959104933914
C10 630.013 99.77374694748275
C10 649.987 99.90765454920462
C10 670.017 100.33375056898483
C10 699.987 99.86661256030942
C10 720.012 99.69183859122623
C10 749.995 98.97098855184929
C10 770.007 98.617218061151
C10 800.008 97.50702271688735
C10 830.013 96.31787403956764
C10 869.994 91.31672252650549
C10 900.005 84.42436380087155
C10 919.989 77.76668125881062
C10 959.989 56.935000864205456
C10 1000.013 29.60659506333774
C10 1030.002 12.79141350923719
C10 1049.996 6.312274595216238
C10 1080.005 0.6861167591025982
C10 1100.007 0.09333325968423237
C11 319.992 43.83214165393436
C11 330.006 56.65282287357811
C11 349.994 78.55923833404148
C11 370.001 85.21616493993484
C11 400.009 89.4277983938741
C11 429.983 90.59299382111675
C11 449.989 91.58171251396948
C11 469.993 92.96882483856301
C11 500.016 94.90539585690715
C11 549.99 97.89545173551035
C11 569.998 98.84426616157866
C11 599.983 99.7330562016553
C11 630.013 100.64045448860406
C11 649.987 100.76650493561465
C11 670.017 101.19635772907606
C11 699.987 100.71544488356959
C11 720.012 100.53892997058536
C11 749.995 99.79998327750022
C11 770.007 99.44835842380276
C11 800.008 98.32173101254331
C11 830.013 97.12009029916173
C11 869.994 92.10607259981337
C11 900.005 85.0747819694449
C11 919.989 78.47016767349032
C11 959.989 57.38992172269811
C11 1000.013 29.77364550278977
C11 1030.002 12.805886059879466
C11 1049.996 6.330238578309179
C11 1080.005 0.6918637699576949
C11 1100.007 0.09411503224616251
C12 319.992 44.05807493940784
C12 330.006 56.94692785707137
C12 349.994 78.92476783179067
C12 370.001 85.52015817935727
C12 400.009 89.49678711381236
C12 429.983 90.57356091660729
C12 449.989 91.5342412497906
C12 469.993 92.8997444899984
C12 500.016 94.81314110158962
C12 549.99 97.78713142770249
C12 569.998 98.72791307752563
C12 599.983 99.60315735233715
C12 630.013 100.505882579341
C12 649.987 100.62609933713932
C12 670.017 101.04952285531705
C12 699.987 100.56622766552495
C12 720.012 100.38381797757754
C12 749.995 99.64710855011961
C12 770.007 99.29146730829957
C12 800.008 98.16704661979189
C12 830.013 96.97204898182218
C12 869.994 91.99076560924475
C12 900.005 84.90217654451915
C12 919.989 78.3665127899085
C12 959.989 57.339098377937844
C12 1000.013 29.815134181238523
C12 1030.002 12.754627479143938
C12 1049.996 6.286757454469292
C12 1080.005 0.6908039601417032
C12 1100.007 0.09397086508589489
C13 319.992 44.2491931647199
C13 330.006 57.1934470406028
C13 349.994 79.20753377277057
C13 370.001 85.72934633336152
C13 400.009 89.57329701683186
C13 429.983 90.60545531430316
C13 449.989 91.54128138258342
C13 469.993 92.89623205932085
C13 500.016 94.79660977024858
C13 549.99 97.75582498035918
C13 569.998 98.6862373239647
C13 599.983 99.556319852824
C13 630.013 100.45295941189308
C13 649.987 100.57261112649545
C13 670.017 100.9854209954519
C13 699.987 100.50224797716163
C13 720.012 100.31359227118328
C13 749.995 99.57592837886733
C13 770.007 99.21439236208411
C13 800.008 98.09281216099392
C13 830.013 96.89973108845913
C13 869.994 91.95118204265262
C13 900.005 84.82968302962222
C13 919.989 78.39255059123549
C13 959.989 57.259098951397384
C13 1000.013 29.69670990844358
C13 1030.002 12.750985241245704
C13 1049.996 6.295504647660688
C13 1080.005 0.6903104953224608
C13 1100.007 0.09390373849336037
C14 319.992 44.52038335590163
C14 330.006 57.55164243038291
C14 349.994 79.72019593731447
C14 370.001 86.25439363390319
C14 400.009 89.9341458189173
C14 429.983 90.89329137260889
C14 449.989 91.81085280136593
C14 469.993 93.15160867673478
C14 500.016 95.04689336318006
C14 549.99 97.99295222968762
C14 569.998 98.9287095764981
C14 599.983 99.79874629104421
C14 630.013 100.69233919828645
C14 649.987 100.81155567691356
C14 670.017 101.2297716348259
C14 699.987 100.73787098987381
C14 720.012 100.55122347795675
C14 749.995 99.80859636837906
C14 770.007 99.45000010335858
C14 800.008 98.32641934392595
C14 830.013 97.1413557761986
C14 869.994 92.1919057155661
C14 900.005 85.05911347433552
C14 919.989 78.67372066697277
C14 959.989 57.42308364972543
C14 1000.013 29.759370526373104
C14 1030.002 12.788678012954081
C14 1049.996 6.331128139556861
C14 1080.005 0.6919234703979491
C14 1100.007 0.094123153366394
C15 319.992 44.4416361872549
C15 330.006 57.45642119828663
C15 349.994 79.58050046069351
C15 370.001 86.05455923550763
C15 400.009 89.54246398405813
C15 429.983 90.42246531172206
C15 449.989 91.31816567737083
C15 469.993 92.63726665404074
C15 500.016 94.50777343277163
C15 549.99 97.42307562369409
C15 569.998 98.34971592218069
C15 599.983 99.2075889365761
C15 630.013 100.09684475550345
C15 649.987 100.20913563712072
C15 670.017 100.62380862148005
C15 699.987 100.13417578503065
C15 720.012 99.94657380825556
C15 749.995 99.20619160002394
C15 770.007 98.84341859678473
C15 800.008 97.73735417642662
C15 830.013 96.55855189816793
C15 869.994 91.66466696371039
C15 900.005 84.66329307985194
C15 919.989 78.39253531979777
C15 959.989 56.85327958306111
C15 1000.013 29.68213141220206
C15 1030.002 12.666576187061155
C15 1049.996 6.291812300357408
C15 1080.005 0.6877472885430603
C15 1100.007 0.09355506249792327
C16 319.992 45.150807394629005
C16 330.006 58.35706187404055
C16 349.994 80.66276434535185
C16 370.001 87.04525557954618
C16 400.009 90.51606395355971
C16 429.983 91.41008446105835
C16 449.989 92.31907097753086
C16 469.993 93.66203357565146
C16 500.016 95.54992688623618
C16 549.99 98.48723521892533
C16 569.998 99.40859923567676
C16 599.983 100.26397537000356
C16 630.013 101.1412202031575
C16 649.987 101.24870821760916
C16 670.017 101.65414198214279
C16 699.987 101.14467154808413
C16 720.012 100.94714313678556
C16 749.995 100.18437300084405
C16 770.007 99.82037828258655
C16 800.008 98.69087220531529
C16 830.013 97.5140552139613
C16 869.994 92.56126834418514
C16 900.005 85.55231219149451
C16 919.989 79.21516185591592
C16 959.989 57.24540047175497
C16 1000.013 29.990429288134198
C16 1030.002 12.801025924822387
C16 1049.996 6.393376905900149
C16 1080.005 0.6945285319448
C16 1100.007 0.09447752291446283
C17 319.992 45.14023955972092
C17 330.006 58.332429044984565
C17 349.994 80.53552272619844
C17 370.001 86.79136029159191
C17 400.009 90.1234734681557
C17 429.983 90.98584392096214
C17 449.989 91.88194134399184
C17 469.993 93.21235845601853
C17 500.016 95.0826743417778
C17 549.99 97.98493472488018
C17 569.998 98.90228998922788
C17 599.983 99.74173801400393
C17 630.013 100.60219953709431
C17 649.987 100.70008181721478
C17 670.017 101.09861289189514
C17 699.987 100.57657406458597
C17 720.012 100.37980158945496
C17 749.995 99.61858914016175
C17 770.007 99.24779863211509
C17 800.008 98.12086579210107
C17 830.013 96.97662277742185
C17 869.994 92.0567840345448
C17 900.005 85.22875624034195
C17 919.989 78.60058575169124
C17 959.989 57.06674755748875
C17 1000.013 29.815926387070686
C17 1030.002 12.85678194396894
C17 1049.996 6.442532323321011
C17 1080.005 0.6906062214367977
C17 1100.007 0.09394396646018764
