lsstCam/transmission_filter_detector/r12_s00/z_20/19700101T000000.ecsv
# %ECSV 1.0
# ---
# datatype:
# - {name: wavelength, unit: nm, datatype: float32}
# - {name: efficiency, unit: '%', datatype: float64}
# meta: !!omap
# - {MODE: DETECTOR}
# - {TYPE: transmission_filter_detector}
# - {CALIBDATE: '1970-01-01T00:00:00'}
# - {INSTRUME: LSSTCam}
# - {OBSTYPE: transmission_filter_detector}
# - {CALIBCLS: lsst.ip.isr.IntermediateFilterDetectorTransmissionCurve}
# - {SOURCE: Materion (DM-46256)}
# - {DETECTOR: 45}
# - {FILTER: z_20}
# - {CALIB_ID: 'calibDate=1970-01-01T00:00:00 filter=z_20 detector=45'}
# - {DATE: '2025-04-02T15:59:48.844042'}
# - {CALIB_CREATION_DATE: '2025-04-02'}
# - {CALIB_CREATION_TIME: '15:59:48'}
# - __serialized_columns__:
#     efficiency:
#       __class__: astropy.units.quantity.Quantity
#       unit: !astropy.units.Unit {unit: '%'}
#       value: !astropy.table.SerializedColumn {name: efficiency}
#     wavelength:
#       __class__: astropy.units.quantity.Quantity
#       unit: !astropy.units.Unit {unit: nm}
#       value: !astropy.table.SerializedColumn {name: wavelength}
# schema: astropy-2.0
wavelength efficiency
300.0 0.8746218867599964
301.0 0.5890685133635998
302.0 0.3035151632502675
303.0 0.2961265854537487
304.0 0.2887380076572299
305.0 0.24330515880137682
306.0 0.197872263379395
307.0 0.18273531459271908
308.0 0.16759837744757533
309.0 0.1460053608752787
310.0 0.12441233266144991
311.0 0.126759335398674
312.0 0.12910636141896248
313.0 0.11425493285059929
314.0 0.09940352756530046
315.0 0.09696659981273115
316.0 0.09452966041862965
317.0 0.0790569290984422
318.0 0.06358420941978693
319.0 0.06423054728657007
320.0 0.06487688515335321
321.0 0.06367906462401152
322.0 0.06248124409466982
323.0 0.05549814086407423
324.0 0.04851504636462778
325.0 0.044125388376414776
326.0 0.03973573038820177
327.0 0.03947447403334081
328.0 0.03921321767847985
329.0 0.034564713132567704
330.0 0.029916211497038603
331.0 0.02723125508055091
332.0 0.02454630157444626
333.0 0.02374737523496151
334.0 0.022948445985093713
335.0 0.02184719924116507
336.0 0.020745949586853385
337.0 0.024726882111281157
338.0 0.028707811725325882
339.0 0.024698456400074065
340.0 0.02068910689558834
341.0 0.017322605708613992
342.0 0.013956105976831168
343.0 0.013819721061736345
344.0 0.013683339057024568
345.0 0.012858714035246521
346.0 0.012034088285872713
347.0 0.011520534462761134
348.0 0.01100698282243684
349.0 0.01361679460387677
350.0 0.016226609295699745
351.0 0.013431486149784178
352.0 0.010636360093485564
353.0 0.01121682653320022
354.0 0.011797293700510636
355.0 0.010168847802560776
356.0 0.00854040335980244
357.0 0.009478593710809946
358.0 0.010416786972200498
359.0 0.010168796143261716
360.0 0.00992080385913141
361.0 0.008960653940448537
362.0 0.00800050693214871
363.0 0.009196549945045263
364.0 0.010392592230346054
365.0 0.010117608326254413
366.0 0.009842628060141578
367.0 0.008594694372732192
368.0 0.007346759957727045
369.0 0.007837289740564302
370.0 0.008327820978593081
371.0 0.008373537275474519
372.0 0.008419255027547479
373.0 0.007325406477320939
374.0 0.006231560109881684
375.0 0.006490800296887755
376.0 0.006750041211489588
377.0 0.0071034388383850455
378.0 0.00745683501008898
379.0 0.006308500451268628
380.0 0.005160165164852515
381.0 0.003276309507782571
382.0 0.0013924542145105079
383.0 0.0035607452446129173
384.0 0.0057290366385132074
385.0 0.0054834559705341235
386.0 0.00523787566635292
387.0 0.005862043326487765
388.0 0.006486212078016251
389.0 0.005768900518887676
390.0 0.005051590051152743
391.0 0.004704033199232072
392.0 0.004356476711109281
393.0 0.004822886330657639
394.0 0.005289296314003877
395.0 0.004353273106971756
396.0 0.003417249536141753
397.0 0.003610363637562841
398.0 0.0038034773751860484
399.0 0.004028701005154289
400.0 0.00425392463512253
401.0 0.004672856448451057
402.0 0.005091788261779584
403.0 0.00508004377479665
404.0 0.005068299287813716
405.0 0.0041377479647053406
406.0 0.003207197369192727
407.0 0.0016827361832838506
408.0 0.00015827542938495753
409.0 0.0018343696865485981
410.0 0.0035104640119243413
411.0 0.004149806409259327
412.0 0.004789148806594312
413.0 0.0047177119995467365
414.0 0.00464627482870128
415.0 0.003827246473520063
416.0 0.0030082186640356667
417.0 0.003954500061809085
418.0 0.004900782005279325
419.0 0.004412818816490471
420.0 0.003924855627701618
421.0 0.0038969985325820744
422.0 0.0038691418012604117
423.0 0.0037091154808877036
424.0 0.0035490902519086376
425.0 0.002543219488870818
426.0 0.0015373485439340584
427.0 0.0018286216800333932
428.0 0.0021198951799306087
429.0 0.0014307398487289902
430.0 0.0007415850177494576
431.0 0.0008067085218499415
432.0 0.0008718320714251604
433.0 0.0007089329301379621
434.0 0.0005460337888507638
435.0 0.0010492657565919217
436.0 0.0015524978152825497
437.0 0.001806375257729087
438.0 0.0020602527001756243
439.0 0.0021700865545426495
440.0 0.0022799207727075554
441.0 0.0016579891962464899
442.0 0.0010360577107348945
443.0 0.0022359236027114093
444.0 0.003435789403738454
445.0 0.0033363659895258024
446.0 0.003236942575313151
447.0 0.002618893631733954
448.0 0.0020008443243568763
449.0 0.0026352568966103718
450.0 0.003269669832661748
451.0 0.0025596875275368802
452.0 0.0018497048586141318
453.0 0.0017059135643648915
454.0 0.0015621222701156512
455.0 0.002310196214239113
456.0 0.0030582705221604556
457.0 0.002292460158059839
458.0 0.001526649975858163
459.0 0.0015636665921192616
460.0 0.0016006832083803602
461.0 0.0007241356797749177
462.0 1.5971634821990155e-10
463.0 0.0009340991709905211
464.0 0.0020206105546094477
465.0 0.002282906643813476
466.0 0.0025452029149164446
467.0 0.0021875333914067596
468.0 0.0018298631403013133
469.0 0.0016318217603839003
470.0 0.0014337800166686065
471.0 0.0013189157471060753
472.0 0.0012040517503919546
473.0 0.0012319472261879127
474.0 0.0012598428838828113
475.0 0.001086555221263552
476.0 0.0009132675586442929
477.0 0.001303281169384718
478.0 0.0016932946891756728
479.0 0.001996086211875081
480.0 0.002298877552675549
481.0 0.0018297319911653176
482.0 0.0013605865206045564
483.0 0.0008898451596905943
484.0 0.000419103707827162
485.0 0.0012801779121218715
486.0 0.002141252116416581
487.0 0.0014654801816504914
488.0 0.0007897082468844019
489.0 0.001629280268389266
490.0 0.00246885228989413
491.0 0.0022926646124687977
492.0 0.002116476753144525
493.0 0.001964063812920358
494.0 0.0018116514183930121
495.0 0.0016734715245547704
496.0 0.0015352916307165287
497.0 0.0013027323802816682
498.0 0.001070173311745748
499.0 0.0012239542229508515
500.0 0.0013777353160548955
501.0 0.0009072547982214019
502.0 0.00043677423491317313
503.0 0.001284810423385352
504.0 0.0021328465663827956
505.0 0.002287968345626723
506.0 0.002443090306769591
507.0 0.0022976451873546466
508.0 0.0021521997041418217
509.0 0.001879383489722386
510.0 0.0016065672753029503
511.0 0.0012322665497777052
512.0 0.0008579660061514005
513.0 0.001291444459639024
514.0 0.0017249232769245282
515.0 0.0013456661690725014
516.0 0.0009664094250183553
517.0 0.000943505801842548
518.0 0.0009206024515151512
519.0 0.0011013496077794116
520.0 0.0012820965821447317
521.0 0.00159991359396372
522.0 0.0019177303329342976
523.0 0.0012664215319091454
524.0 0.0006151126854092581
525.0 0.0007159309916460188
526.0 0.0008167495252564549
527.0 0.0011714952051988803
528.0 0.0015262412489391863
529.0 0.001329128735960694
530.0 0.0011320156772853807
531.0 0.0011886128049809486
532.0 0.0012452095688786358
533.0 0.0009044852959050331
534.0 0.0005637609774566954
535.0 0.0011592231203394476
536.0 0.0017546852177474648
537.0 0.001717935265332926
538.0 0.001681185131019447
539.0 0.0011520050975377671
540.0 0.0006228246547834715
541.0 0.0007523358817707049
542.0 0.0008818471542326733
543.0 0.0012511684872151818
544.0 0.0016204898201976903
545.0 0.0011207456736883614
546.0 0.0006210018000274431
547.0 0.0012404596418491565
548.0 0.001859917028923519
549.0 0.0016437499652965926
550.0 0.0014275829926191363
551.0 0.0014646911949967034
552.0 0.0015017990335763898
553.0 0.0012942497050971724
554.0 0.0010867001037695445
555.0 0.0009740399946167599
556.0 0.0008613797945145052
557.0 0.0013064161976217292
558.0 0.0017514523278805427
559.0 0.0017551647033542395
560.0 0.0017588765331311151
561.0 0.0015892712326603942
562.0 0.0014196659321896732
563.0 0.0011785479728132486
564.0 0.0009374299224873539
565.0 0.001698062987998128
566.0 0.0024586963263573125
567.0 0.002807227792800404
568.0 0.003155758895445615
569.0 0.003021821794391144
570.0 0.0028878843295387924
571.0 0.0026843503292184323
572.0 0.0024808154194033705
573.0 0.002029792813118547
574.0 0.001578770206833724
575.0 0.0020300598407629877
576.0 0.0024813494746922515
577.0 0.0020222167222527787
578.0 0.001563084515510127
579.0 0.0017539847249281593
580.0 0.0019448849343461916
581.0 0.0017269783711526543
582.0 0.0015090717170096468
583.0 0.0019391520254430361
584.0 0.0023692324248258956
585.0 0.002549633427406661
586.0 0.002730034429987427
587.0 0.0021127496438566595
588.0 0.0014954644939280115
589.0 0.002016231883317232
590.0 0.0025369992727064528
591.0 0.0016812518879305571
592.0 0.0008255045941041317
593.0 0.0007005333827692084
594.0 0.0005755620350100799
595.0 0.0010223167919320986
596.0 0.0014690712305309717
597.0 0.0014261832802731078
598.0 0.0013832951481163036
599.0 0.0010179481250816025
600.0 0.0006526013294205768
601.0 0.0005742153462051647
602.0 0.0004958291810908122
603.0 0.000932725833990844
604.0 0.0013696218047698494
605.0 0.0008509540748491418
606.0 0.0003322859811305534
607.0 0.0007654808541701641
608.0 0.0011986756362603046
609.0 0.001161720047093695
610.0 0.001124764276028145
611.0 0.0009651710570324212
612.0 0.0008055777470872272
613.0 0.0008001301466720179
614.0 0.0007946826372062787
615.0 0.001241553127329098
616.0 0.0016884237993508577
617.0 0.002165963996958453
618.0 0.002643504376464989
619.0 0.0021707170162699185
620.0 0.0016979294741759077
621.0 0.001502971826994326
622.0 0.001308013543166453
623.0 0.001599712049937807
624.0 0.0018914108295575716
625.0 0.001706577131699305
626.0 0.0015217436157399788
627.0 0.0018835700757335871
628.0 0.0022453970814240165
629.0 0.0020469284208957106
630.0 0.0018484595784684643
631.0 0.0016433845303254202
632.0 0.0014383095731318463
633.0 0.0017646700143814087
634.0 0.002091030910378322
635.0 0.005039709139964543
636.0 0.007988386641955003
637.0 0.015316082863137126
638.0 0.022643781267106533
639.0 0.01986520364880562
640.0 0.017086623120121658
641.0 0.014759211626369506
642.0 0.012431801587808877
643.0 0.009985834185499698
644.0 0.0075398682383820415
645.0 0.006845407915534452
646.0 0.006150948320282623
647.0 0.005596897972282022
648.0 0.005042847260483541
649.0 0.00411418586736545
650.0 0.00318552520184312
651.0 0.003612255386542529
652.0 0.004038985207444057
653.0 0.003301828110124916
654.0 0.002564670649007894
655.0 0.002791255246847868
656.0 0.0030178402084857225
657.0 0.00298098566418048
658.0 0.0029441307560773566
659.0 0.0027672502255882137
660.0 0.0025903700588969514
661.0 0.00270682321570348
662.0 0.002823276190611068
663.0 0.0019472006897558458
664.0 0.0010711251889006235
665.0 0.0015925921616144478
666.0 0.0021140593162272125
667.0 0.0024580956960562617
668.0 0.002802132257784251
669.0 0.0020033447071909904
670.0 0.0012045573384966701
671.0 0.000902456849871669
672.0 0.0006003565431456082
673.0 0.0012994187272852287
674.0 0.0019984814571216702
675.0 0.0021190784536884166
676.0 0.002239675450255163
677.0 0.0019834275008179247
678.0 0.0017271790056838654
679.0 0.001364275703963358
680.0 0.0010013720384449698
681.0 0.0011587411790969782
682.0 0.0013161103197489865
683.0 0.0023784596123732626
684.0 0.00344080945069436
685.0 0.002907933230744675
686.0 0.002375057556491811
687.0 0.0017710335669107735
688.0 0.0011670095773297362
689.0 0.0015370265828096308
690.0 0.0019070437701884657
691.0 0.0021678904886357486
692.0 0.002428737025184091
693.0 0.002808199860737659
694.0 0.0031876628781901672
695.0 0.0033066829928429797
696.0 0.003425703107495792
697.0 0.0036187015211908147
698.0 0.0038116995710879564
699.0 0.005662731200573035
700.0 0.007513762830058113
701.0 0.007120837835827842
702.0 0.006727913569193333
703.0 0.006226923142094165
704.0 0.005725932714994997
705.0 0.005193889228394255
706.0 0.004661846469389275
707.0 0.004411880581756122
708.0 0.004161914330325089
709.0 0.004264482413418591
710.0 0.004367050132714212
711.0 0.003943399133277126
712.0 0.003519748861435801
713.0 0.0025283286959165707
714.0 0.0015369085303973407
715.0 0.002209937883890234
716.0 0.002882966691686306
717.0 0.0025034321879502386
718.0 0.0021238975023152307
719.0 0.00167095768119907
720.0 0.0012180174962850288
721.0 0.001187524503620807
722.0 0.0011570310562092345
723.0 0.0010244983968732413
724.0 0.0008919657375372481
725.0 0.0012855003660661168
726.0 0.0016790350855444558
727.0 0.001721634907880798
728.0 0.0017642345483181998
729.0 0.001838075513660442
730.0 0.001911916297103744
731.0 0.0014620007277699187
732.0 0.0010120851584360935
733.0 0.0009790276635612827
734.0 0.0009459699867875315
735.0 0.001023026015900541
736.0 0.0011000814993167296
737.0 0.0013248984032543376
738.0 0.001549714943394065
739.0 0.0012531269021565095
740.0 0.0009565389518684242
741.0 0.0010703184671001509
742.0 0.0011840979823318776
743.0 0.001601771691639442
744.0 0.002019445128098596
745.0 0.0013251683412818238
746.0 0.0006308916454145219
747.0 0.0011311389243928716
748.0 0.0016313864762196317
749.0 0.0022932568754185922
750.0 0.002955127456516493
751.0 0.0029061282475595362
752.0 0.0028571290386025794
753.0 0.0028929225663887337
754.0 0.0029287159122759476
755.0 0.0019371134840184823
756.0 0.0009455106919631362
757.0 0.0018924858522950672
758.0 0.002839461012626998
759.0 0.0026585250452626497
760.0 0.002477589077898301
761.0 0.00436788031947799
762.0 0.0062581726524513215
763.0 0.005783018059446476
764.0 0.005307863102643751
765.0 0.005278179014567286
766.0 0.005248497109278105
767.0 0.0044831518607679754
768.0 0.003717806248459965
769.0 0.0033591899409657344
770.0 0.0030005745429662056
771.0 0.0039228907553479075
772.0 0.004845206785830669
773.0 0.003910407758667134
774.0 0.0029756087315035984
775.0 0.03291189786978066
776.0 0.12213288573548198
777.0 1.5971634821990155e-10
778.0 0.008640454325359315
779.0 0.10037419851869345
780.0 0.12294957414269447
781.0 0.05621400778181851
782.0 1.5971634821990155e-10
783.0 1.5971634821990155e-10
784.0 0.13721806462854147
785.0 0.011275790893705562
786.0 1.5971634821990155e-10
787.0 1.5971634821990155e-10
788.0 0.0584749854169786
789.0 0.04238321853335947
790.0 0.06425863830372691
791.0 1.5971634821990155e-10
792.0 1.5971634821990155e-10
793.0 0.013784444308839738
794.0 0.17271216493099928
795.0 0.10954232420772314
796.0 0.044499762589111924
797.0 0.0390178058296442
798.0 0.061002245638519526
799.0 0.21313827019184828
800.0 0.2287874696776271
801.0 0.2896621357649565
802.0 0.5470560863614082
803.0 0.8881314657628536
804.0 1.6350608319044113
805.0 2.410883456468582
806.0 3.7226278334856033
807.0 5.533023551106453
808.0 7.577453553676605
809.0 9.866929799318314
810.0 12.887215614318848
811.0 16.189968585968018
812.0 19.188857078552246
813.0 22.20718413591385
814.0 25.107890367507935
815.0 29.021331667900085
816.0 33.44660699367523
817.0 38.862890005111694
818.0 44.89782452583313
819.0 50.46710968017578
820.0 57.9492449760437
821.0 65.56062698364258
822.0 72.05826044082642
823.0 77.9660165309906
824.0 83.7835431098938
825.0 88.42088580131531
826.0 91.98959469795227
827.0 94.78750824928284
828.0 97.48947024345398
829.0 98.29478859901428
830.0 98.42543601989746
831.0 99.09210205078125
832.0 98.37600588798523
833.0 99.73655939102173
834.0 98.75531196594238
835.0 99.17215704917908
836.0 99.0698516368866
837.0 99.25794005393982
838.0 98.58514666557312
839.0 98.44663739204407
840.0 98.84810447692871
841.0 99.52262043952942
842.0 99.51813817024231
843.0 100.0464677810669
844.0 98.3155608177185
845.0 98.83025884628296
846.0 98.90269041061401
847.0 98.90609383583069
848.0 99.73319172859192
849.0 98.8926649093628
850.0 97.89692759513855
851.0 98.96438121795654
852.0 98.96671772003174
853.0 98.75085949897766
854.0 100.00839233398438
855.0 98.51862788200378
856.0 98.93141984939575
857.0 97.94145226478577
858.0 98.76021146774292
859.0 99.69916343688965
860.0 98.74141812324524
861.0 98.94724488258362
862.0 98.74488115310669
863.0 98.52793216705322
864.0 99.32432770729065
865.0 99.72269535064697
866.0 98.6035168170929
867.0 99.13275241851807
868.0 99.69701766967773
869.0 98.95184636116028
870.0 98.29306602478027
871.0 98.80803227424622
872.0 99.4682252407074
873.0 99.76701140403748
874.0 99.71784949302673
875.0 99.52363967895508
876.0 99.07252788543701
877.0 99.7144877910614
878.0 99.24149513244629
879.0 98.98390173912048
880.0 98.36031794548035
881.0 99.70723986625671
882.0 98.94413352012634
883.0 98.97191524505615
884.0 98.95752668380737
885.0 99.00537133216858
886.0 98.75536561012268
887.0 98.33536744117737
888.0 99.15350079536438
889.0 99.84817504882812
890.0 98.58407974243164
891.0 99.74230527877808
892.0 99.02237057685852
893.0 98.72637391090393
894.0 98.46374988555908
895.0 99.75560903549194
