lsstCam/transmission_filter_detector/r12_s00/z_20/19700101T000000.ecsv
# %ECSV 1.0
# ---
# datatype:
# - {name: wavelength, unit: nm, datatype: float32}
# - {name: efficiency, unit: '%', datatype: float64}
# meta: !!omap
# - {MODE: DETECTOR}
# - {TYPE: transmission_filter_detector}
# - {CALIBDATE: '1970-01-01T00:00:00'}
# - {INSTRUME: LSSTCam}
# - {OBSTYPE: transmission_filter_detector}
# - {CALIBCLS: lsst.ip.isr.IntermediateFilterDetectorTransmissionCurve}
# - {SOURCE: Materion (DM-46256)}
# - {DETECTOR: 45}
# - {FILTER: z_20}
# - {CALIB_ID: 'calibDate=1970-01-01T00:00:00 filter=z_20 detector=45'}
# - {DATE: '2025-04-02T15:59:48.844042'}
# - {CALIB_CREATION_DATE: '2025-04-02'}
# - {CALIB_CREATION_TIME: '15:59:48'}
# - __serialized_columns__:
#     efficiency:
#       __class__: astropy.units.quantity.Quantity
#       unit: !astropy.units.Unit {unit: '%'}
#       value: !astropy.table.SerializedColumn {name: efficiency}
#     wavelength:
#       __class__: astropy.units.quantity.Quantity
#       unit: !astropy.units.Unit {unit: nm}
#       value: !astropy.table.SerializedColumn {name: wavelength}
# schema: astropy-2.0
wavelength efficiency
[from data line 597]
897.0 99.42878484725952
898.0 98.82280826568604
899.0 98.42472672462463
900.0 98.87147545814514
901.0 99.45086240768433
902.0 99.43065643310547
903.0 98.54813814163208
904.0 97.76157140731812
905.0 99.01936650276184
906.0 98.08402061462402
907.0 99.08204674720764
908.0 98.08045029640198
909.0 98.28404188156128
910.0 98.08869361877441
911.0 96.9856321811676
912.0 96.14145159721375
913.0 94.98668909072876
914.0 92.96702146530151
915.0 90.45655131340027
916.0 88.3509874343872
917.0 86.66986227035522
918.0 83.5520327091217
919.0 82.16784596443176
920.0 79.39000129699707
921.0 75.78333616256714
922.0 71.24274969100952
923.0 65.88214039802551
924.0 60.32776236534119
925.0 54.907459020614624
926.0 48.687830567359924
927.0 41.80265963077545
928.0 36.24037802219391
929.0 29.79811728000641
930.0 24.101661145687103
931.0 18.99067312479019
932.0 13.363800942897797
933.0 8.962997049093246
934.0 5.896852537989616
935.0 3.8413170725107193
936.0 2.022872120141983
937.0 1.280560065060854
938.0 0.779311079531908
939.0 0.5363430827856064
940.0 0.29189346823841333
941.0 0.15953808324411511
942.0 0.23711798712611198
943.0 0.08698658784851432
944.0 1.5971634821990155e-10
945.0 0.23273341357707977
946.0 0.1355185406282544
947.0 1.5971634821990155e-10
948.0 1.5971634821990155e-10
949.0 1.5971634821990155e-10
950.0 0.11875699274241924
951.0 0.02288274554302916
952.0 0.04228691686876118
953.0 1.5971634821990155e-10
954.0 0.01462282962165773
955.0 1.5971634821990155e-10
956.0 1.5971634821990155e-10
957.0 1.5971634821990155e-10
958.0 1.5971634821990155e-10
959.0 1.5971634821990155e-10
960.0 1.5971634821990155e-10
961.0 0.03202049701940268
962.0 1.5971634821990155e-10
963.0 0.06260779337026179
964.0 0.046909821685403585
965.0 1.5971634821990155e-10
966.0 0.02490196784492582
967.0 1.5971634821990155e-10
968.0 0.0863045803271234
969.0 1.5971634821990155e-10
970.0 0.011933519272133708
971.0 0.08409395231865346
972.0 0.01906484831124544
973.0 1.5971634821990155e-10
974.0 0.027248731930740178
975.0 1.5971634821990155e-10
976.0 0.006463963654823601
977.0 0.006409352499758825
978.0 0.006354743527481332
979.0 0.006131416012067348
980.0 0.005908087405259721
981.0 0.0058022655139211565
982.0 0.0056964443501783535
983.0 0.005586338011198677
984.0 0.005476232763612643
985.0 0.005245682768872939
986.0 0.0050151324103353545
987.0 0.0050524242396932095
988.0 0.0050897160690510646
989.0 0.004994677874492481
990.0 0.004899640043731779
991.0 0.004908308619633317
992.0 0.004916977559332736
993.0 0.004920351420878433
994.0 0.0049237252824241295
995.0 0.004843526767217554
996.0 0.004763328252010979
997.0 0.0046046730858506635
998.0 0.004446017919690348
999.0 0.004384510975796729
1000.0 0.00432300366810523
1001.0 0.004519248614087701
1002.0 0.004715493560070172
1003.0 0.0046021938032936305
1004.0 0.004488894046517089
1005.0 0.004337749487604015
1006.0 0.00418660492869094
1007.0 0.004271506622899324
1008.0 0.004356408680905588
1009.0 0.004423209975357167
1010.0 0.004490011633606628
1011.0 0.004578430161927827
1012.0 0.004666848690249026
1013.0 0.0045265293010743335
1014.0 0.004386209911899641
1015.0 0.004501066359807737
1016.0 0.004615922807715833
1017.0 0.0049245383706875145
1018.0 0.005233154297457077
1019.0 0.005015137867303565
1020.0 0.004797121437150054
1021.0 0.004791707033291459
1022.0 0.004786291901837103
1023.0 0.004644693399313837
1024.0 0.004503094532992691
1025.0 0.004707991683972068
1026.0 0.0049128888349514455
1027.0 0.004858502506976947
1028.0 0.00480411654280033
1029.0 0.004804671334568411
1030.0 0.004805226490134373
1031.0 0.004898959014099091
1032.0 0.004992691538063809
1033.0 0.0050096208724426106
1034.0 0.005026550934417173
1035.0 0.005162567686056718
1036.0 0.005298584437696263
1037.0 0.005396931737777777
1038.0 0.00549527867406141
1039.0 0.005371801307774149
1040.0 0.005248323577689007
1041.0 0.005766216418123804
1042.0 0.006284109258558601
1043.0 0.0056822365877451375
1044.0 0.005080363916931674
1045.0 0.00584116205573082
1046.0 0.006601959466934204
1047.0 0.006332974589895457
1048.0 0.006063987530069426
1049.0 0.006184654193930328
1050.0 0.0063053215853869915
1051.0 0.006588418909814209
1052.0 0.006871517689432949
1053.0 0.006900596781633794
1054.0 0.006929676601430401
1055.0 0.007586798892589286
1056.0 0.008243922638939694
1057.0 0.007970670412760228
1058.0 0.007697418186580762
1059.0 0.007922864460851997
1060.0 0.00814830927993171
1061.0 0.008690394315635785
1062.0 0.009232479351339862
1063.0 0.009236281766789034
1064.0 0.009240085637429729
1065.0 0.009538413723930717
1066.0 0.00983674472081475
1067.0 0.009782117558643222
1068.0 0.009727492579258978
1069.0 0.010588817531242967
1070.0 0.01145014466601424
1071.0 0.01103333561331965
1072.0 0.010616526560625061
1073.0 0.010834555723704398
1074.0 0.011052585614379495
1075.0 0.011976614769082516
1076.0 0.012900648289360106
1077.0 0.012751379108522087
1078.0 0.012602111382875592
1079.0 0.013232830679044127
1080.0 0.013863549975212663
1081.0 0.01433802826795727
1082.0 0.0148125080158934
1083.0 0.014423567336052656
1084.0 0.014034628111403435
1085.0 0.014838934293948114
1086.0 0.01564324484206736
1087.0 0.015727330173831433
1088.0 0.015811416960787028
1089.0 0.01700619322946295
1090.0 0.018200969498138875
1091.0 0.01829053071560338
1092.0 0.018380086112301797
1093.0 0.017860575462691486
1094.0 0.01734106190269813
1095.0 0.019090012938249856
1096.0 0.020838963973801583
1097.0 0.020920706447213888
1098.0 0.021002450375817716
1099.0 0.023066587164066732
1100.0 0.025130721041932702
1101.0 0.02487858582753688
1102.0 0.02462645061314106
1103.0 0.02611507661640644
1104.0 0.02760369679890573
1105.0 0.027746919658966362
1106.0 0.027890142519026995
1107.0 0.028764930902980268
1108.0 0.029639722197316587
1109.0 0.031095524900592864
1110.0 0.032551324693486094
1111.0 0.03254654293414205
1112.0 0.03254176408518106
1113.0 0.03427371848374605
1114.0 0.03600567579269409
1115.0 0.03458833962213248
1116.0 0.033171006361953914
1117.0 0.03390530473552644
1118.0 0.03463960310909897
1119.0 0.03810702473856509
1120.0 0.041574446368031204
1121.0 0.043112930143252015
1122.0 0.04465141973923892
1123.0 0.04423440259415656
1124.0 0.043817388359457254
1125.0 0.04385175125207752
1126.0 0.043886114144697785
1127.0 0.04808600642718375
1128.0 0.05228589870966971
1129.0 0.05737301544286311
1130.0 0.062460132176056504
1131.0 0.06114018615335226
1132.0 0.059820234309881926
1133.0 0.0637750665191561
1134.0 0.06772989872843027
1135.0 0.06576547166332603
1136.0 0.06380105041898787
1137.0 0.07003222708590329
1138.0 0.07626341539435089
1139.0 0.0823816517367959
1140.0 0.08849984151311219
1141.0 0.09626717655919492
1142.0 0.10403449414297938
1143.0 0.1280531520023942
1144.0 0.15207178657874465
1145.0 0.30367912258952856
1146.0 0.455286493524909
1147.0 0.9748363867402077
1148.0 1.4943862333893776
1149.0 1.694527454674244
1150.0 1.8946697935461998
