lsstCam/transmission_filter_detector/r24_s21/r_57/19700101T000000.ecsv
# %ECSV 1.0
# ---
# datatype:
# - {name: wavelength, unit: nm, datatype: float32}
# - {name: efficiency, unit: '%', datatype: float64}
# meta: !!omap
# - {MODE: DETECTOR}
# - {TYPE: transmission_filter_detector}
# - {CALIBDATE: '1970-01-01T00:00:00'}
# - {INSTRUME: LSSTCam}
# - {OBSTYPE: transmission_filter_detector}
# - {CALIBCLS: lsst.ip.isr.IntermediateFilterDetectorTransmissionCurve}
# - {SOURCE: Materion (DM-46256)}
# - {DETECTOR: 115}
# - {FILTER: r_57}
# - {CALIB_ID: 'calibDate=1970-01-01T00:00:00 filter=r_57 detector=115'}
# - {DATE: '2025-04-02T15:59:44.715110'}
# - {CALIB_CREATION_DATE: '2025-04-02'}
# - {CALIB_CREATION_TIME: '15:59:44'}
# - __serialized_columns__:
#     efficiency:
#       __class__: astropy.units.quantity.Quantity
#       unit: !astropy.units.Unit {unit: '%'}
#       value: !astropy.table.SerializedColumn {name: efficiency}
#     wavelength:
#       __class__: astropy.units.quantity.Quantity
#       unit: !astropy.units.Unit {unit: nm}
#       value: !astropy.table.SerializedColumn {name: wavelength}
# schema: astropy-2.0
wavelength efficiency
300.0 0.00277477392955916
301.0 0.006784223660361022
302.0 0.010793673573061824
303.0 0.013317991397343576
304.0 0.015842309221625328
305.0 0.014122208813205361
306.0 0.012402109859976918
307.0 0.010664265573723242
308.0 0.008926422015065327
309.0 0.007990382437128574
310.0 0.0070543435867875814
311.0 0.006533740815939382
312.0 0.006013139136484824
313.0 0.005252801929600537
314.0 0.004492463631322607
315.0 0.004170573083683848
316.0 0.0038486832636408508
317.0 0.00406678045692388
318.0 0.004284877650206909
319.0 0.003996071973233484
320.0 0.0037072666600579396
321.0 0.003648999336292036
322.0 0.0035907312849303707
323.0 0.003295268106739968
324.0 0.0029998043828527443
325.0 0.002945530468423385
326.0 0.0028912567358929664
327.0 0.003003411984536797
328.0 0.003115567596978508
329.0 0.0030809846066404134
330.0 0.0030464019801001996
331.0 0.002753577609837521
332.0 0.002460753603372723
333.0 0.0020843299353145994
334.0 0.0017079064491554163
335.0 0.0016157708159880713
336.0 0.0015236353647196665
337.0 0.0014217779607861303
338.0 0.0013199204659031238
339.0 0.0012747203072649427
340.0 0.0012295200576772913
341.0 0.0011755868399632163
342.0 0.0011216537131986115
343.0 0.001123865968111204
344.0 0.0011260782230237965
345.0 0.001051389244821621
346.0 0.000976700357568916
347.0 0.000978674415819114
348.0 0.0009806486559682526
349.0 0.0009586753549228888
350.0 0.004192554115434177
351.0 0.005147310730535537
352.0 0.006102066981839016
353.0 0.005995945684844628
354.0 0.005889824751648121
355.0 0.004946111585013568
356.0 0.004002398782176897
357.0 0.004594913116306998
358.0 0.00518742817803286
359.0 0.0044553293264470994
360.0 0.003723230111063458
361.0 0.0025743966034497134
362.0 0.0014255633686843794
363.0 0.0022301997887552716
364.0 0.0030348361178766936
365.0 0.002928092362708412
366.0 0.0028213491532369517
367.0 0.0029910472221672535
368.0 0.0031607447454007342
369.0 0.003073658444918692
370.0 0.0029865719625377096
371.0 0.0029817647373420186
372.0 0.002976957694045268
373.0 0.0027054911697632633
374.0 0.002434024281683378
375.0 0.0018163065760745667
376.0 0.0011985888704657555
377.0 0.0013029613910475746
378.0 0.0014073340025788639
379.0 0.0016839325326145627
380.0 0.0019605315173976123
381.0 0.0022695656298310496
382.0 0.0025786001060623676
383.0 0.0032632058719173074
384.0 0.003947812001570128
385.0 0.004924719905829988
386.0 0.005901627446291968
387.0 0.005115153908263892
388.0 0.004328680734033696
389.0 0.003585088416002691
390.0 0.002841495370375924
391.0 0.002307012618985027
392.0 0.001772530231392011
393.0 0.0018407848983770236
394.0 0.0019090395653620362
395.0 0.0015348870874731801
396.0 0.0011607347914832644
397.0 0.0009319875061919447
398.0 0.0007032404482743004
399.0 0.0005552801212616032
400.0 0.00040731947592576034
401.0 0.0003181722831868683
402.0 0.000229024703912728
403.0 0.00020553839021886233
404.0 0.00018205223568656947
405.0 0.0007968556019477546
406.0 0.0014116590136836749
407.0 0.0017306652807747014
408.0 0.0020496714569162577
409.0 0.0014710353752889205
410.0 0.0008923994755605236
411.0 0.0009147251148533542
412.0 0.0009370507541461848
413.0 0.0011561170140339527
414.0 0.001375183455820661
415.0 0.001444691042706836
416.0 0.0015141989933908917
417.0 0.001658649489399977
418.0 0.0018031001673080027
419.0 0.0022848111257189885
420.0 0.0027665217203320935
421.0 0.004134015034651384
422.0 0.005501507985172793
423.0 0.008872577745933086
424.0 0.012243646779097617
425.0 0.016233499627560377
426.0 0.020223349565640092
427.0 0.020694723934866488
428.0 0.021166098304092884
429.0 0.016459819744341075
430.0 0.011753541184589267
431.0 0.008309907570946962
432.0 0.004866273593506776
433.0 0.003950325117330067
434.0 0.003034376641153358
435.0 0.0024546929125790484
436.0 0.001875009184004739
437.0 0.00143030374601949
438.0 0.0009855985808826517
439.0 0.0009445711839362048
440.0 0.0009035436960402876
441.0 0.0011040887329727411
442.0 0.001304633951804135
443.0 0.0016242820493062027
444.0 0.0019439303287072107
445.0 0.0017661761376075447
446.0 0.0015884223103057593
447.0 0.0013962600860395469
448.0 0.001204098134621745
449.0 0.0012331648576946463
450.0 0.0012622313988686074
451.0 0.0014441157873079646
452.0 0.0016260000847978517
453.0 0.0017208645658683963
454.0 0.0018157290469389409
455.0 0.0016017333109630272
456.0 0.0013877377568860538
457.0 0.001020125546347117
458.0 0.0006525133812829154
459.0 0.000853445817483589
460.0 0.0010543782991589978
461.0 0.0016188401787076145
462.0 0.0021833016944583505
463.0 0.0030326313208206557
464.0 0.003881960947182961
465.0 0.0049650301662040874
466.0 0.006048098293831572
467.0 0.0065677821112331
468.0 0.00708746665623039
469.0 0.006105909415055066
470.0 0.005124352173879743
471.0 0.003924336124327965
472.0 0.002724319710978307
473.0 0.0020456460333662108
474.0 0.0013669720829057042
475.0 0.0010338280844734982
476.0 0.0007006841769907624
477.0 0.0007420139354508137
478.0 0.0007833436029613949
479.0 0.0008479483767587226
480.0 0.0009125531505560502
481.0 0.0007496546459151432
482.0 0.0005867562776984414
483.0 0.0006351573574647773
484.0 0.0006835583917563781
485.0 0.0006946387657080777
486.0 0.0007057190941850422
487.0 0.0005627736300084507
488.0 0.00041982812035712413
489.0 0.0005573849648499163
490.0 0.0006949417638679733
491.0 0.0008001677997526713
492.0 0.0009053938811121043
493.0 0.0009517736543784849
494.0 0.0009981534276448656
495.0 0.000979661399469478
496.0 0.0009611692803446203
497.0 0.001071883707481902
498.0 0.0011825981346191838
499.0 0.0012168974535597954
500.0 0.0012511969543993473
501.0 0.0013563564607466105
502.0 0.0014615161489928141
503.0 0.0018697272025747225
504.0 0.0022779380742576905
505.0 0.0028147605917183682
506.0 0.0033515829272801057
507.0 0.004056913167005405
508.0 0.004762243770528585
509.0 0.005158585554454476
510.0 0.005554927702178247
511.0 0.005069852340966463
512.0 0.004584776979754679
513.0 0.0038764701457694173
514.0 0.0031681636755820364
515.0 0.002958119148388505
516.0 0.0027480749849928543
517.0 0.002723386751313228
518.0 0.002698698517633602
519.0 0.017357917386107147
520.0 0.05213191616348922
521.0 0.08408757857978344
522.0 0.1345998956821859
523.0 0.1875210553407669
524.0 0.047645377344451845
525.0 0.08309243712574244
526.0 0.08410743321292102
527.0 0.1249813474714756
528.0 0.14191099908202887
529.0 0.1632658182643354
530.0 0.1092555932700634
531.0 0.20541490521281958
532.0 0.22855093702673912
533.0 0.2973313443362713
534.0 0.46546244993805885
535.0 0.5133155733346939
536.0 0.8298415690660477
537.0 1.2537376955151558
538.0 1.95248294621706
539.0 3.0689628794789314
540.0 4.732352122664452
541.0 6.88585638999939
542.0 9.489452093839645
543.0 12.96515017747879
544.0 17.18132346868515
545.0 21.960829198360443
546.0 27.768883109092712
547.0 34.42640006542206
548.0 42.58664548397064
549.0 50.72478652000427
550.0 57.290297746658325
551.0 64.5983338356018
552.0 69.31770443916321
553.0 73.69229197502136
554.0 77.72912979125977
555.0 81.57579898834229
556.0 85.26767492294312
557.0 87.72943019866943
558.0 90.76171517372131
559.0 93.40332746505737
560.0 93.49650740623474
561.0 95.5132782459259
562.0 95.81173062324524
563.0 95.49078345298767
564.0 95.65074443817139
565.0 95.436030626297
566.0 95.75791358947754
567.0 95.81108093261719
568.0 95.99409103393555
569.0 96.76116704940796
570.0 96.02809548377991
571.0 96.99046015739441
572.0 96.71123623847961
573.0 96.62718176841736
574.0 96.91474437713623
575.0 97.10065722465515
576.0 97.41079211235046
577.0 97.25175499916077
578.0 97.30327725410461
579.0 97.11746573448181
580.0 96.94644212722778
581.0 96.44147157669067
582.0 96.88509106636047
583.0 96.8686044216156
584.0 96.27463817596436
585.0 96.48751020431519
586.0 96.85454964637756
587.0 96.12442255020142
588.0 96.64136171340942
589.0 97.67622351646423
590.0 96.7008888721466
591.0 96.07967138290405
592.0 96.26339077949524
593.0 95.62903642654419
594.0 96.01194262504578
595.0 96.55226469039917
596.0 97.39002585411072
597.0 97.42945432662964
598.0 96.92251682281494
599.0 97.02739715576172
600.0 97.25449085235596
601.0 96.30430936813354
602.0 97.25484848022461
603.0 96.414315700531
604.0 96.26100659370422
605.0 97.12292551994324
606.0 96.0787832736969
607.0 96.30411267280579
608.0 96.44051790237427
609.0 95.72476148605347
610.0 95.8791434764862
611.0 95.84816098213196
612.0 95.67235708236694
613.0 97.11905121803284
614.0 96.78693413734436
615.0 96.42817974090576
616.0 96.70251607894897
617.0 96.41023278236389
618.0 96.54790163040161
619.0 97.3900854587555
620.0 96.48287296295166
621.0 95.76852917671204
622.0 96.65707349777222
623.0 96.64222598075867
624.0 96.42141461372375
625.0 96.85148596763611
626.0 96.10303044319153
627.0 95.05503177642822
628.0 97.25945591926575
629.0 95.68485617637634
630.0 96.48478031158447
631.0 96.29756808280945
632.0 96.9032347202301
633.0 96.71324491500854
634.0 95.93538641929626
635.0 96.36080265045166
636.0 96.075040102005
637.0 95.93427777290344
638.0 95.54837942123413
639.0 95.50555348396301
640.0 95.61377763748169
641.0 95.69118022918701
642.0 96.28071784973145
643.0 95.99720239639282
644.0 96.30475044250488
645.0 96.67878746986389
646.0 96.27851247787476
647.0 97.16179966926575
648.0 96.45212292671204
649.0 95.62709927558899
650.0 96.33361101150513
651.0 97.20691442489624
652.0 97.01569676399231
653.0 95.78570127487183
654.0 96.79094552993774
655.0 96.71289920806885
656.0 95.46830654144287
657.0 95.95637321472168
658.0 96.20854258537292
659.0 96.34822010993958
660.0 95.52206993103027
661.0 95.42494416236877
662.0 95.90446352958679
663.0 95.98938226699829
664.0 94.96604204177856
665.0 95.28420567512512
666.0 95.1173722743988
667.0 95.7079529762268
668.0 94.98462080955505
669.0 95.938640832901
670.0 95.47867178916931
671.0 95.86338996887207
672.0 95.4458475112915
673.0 95.29320001602173
674.0 94.87228393554688
675.0 95.49606442451477
676.0 94.92210149765015
677.0 94.07899975776672
678.0 93.48666667938232
679.0 92.08173155784607
680.0 91.63284301757812
681.0 89.95654582977295
682.0 87.57289052009583
683.0 84.58066582679749
684.0 81.41391277313232
685.0 77.6341438293457
686.0 73.66732954978943
687.0 69.3502128124237
688.0 64.6111786365509
689.0 60.33002734184265
690.0 55.159926414489746
691.0 51.18784308433533
692.0 46.4832603931427
693.0 42.083486914634705
694.0 37.16308772563934
695.0 31.869924068450928
696.0 26.314887404441833
697.0 21.163998544216156
698.0 15.491156280040741
699.0 10.995545238256454
700.0 7.640017569065094
701.0 4.674370586872101
702.0 2.9108429327607155
703.0 1.7113711684942245
704.0 1.0081041604280472
705.0 0.5690596532076597
706.0 0.3253568196669221
707.0 0.18780817044898868
708.0 0.18631108105182648
709.0 0.12752129696309566
710.0 0.10009583784267306
711.0 0.08123134612105787
712.0 0.09619150077924132
713.0 0.0505309144500643
714.0 0.0271511118626222
715.0 0.05681440816260874
716.0 0.06445100880227983
717.0 0.07272507646121085
718.0 0.06194653105922043
719.0 0.010026436939369887
720.0 1.6472836549680236e-10
721.0 0.004518974310485646
722.0 0.004227847239235416
723.0 0.003936720531783067
724.0 0.0036727629776578397
725.0 0.0034088054235326126
726.0 0.0031396091799251735
727.0 0.0028704129363177344
728.0 0.0027264813979854807
729.0 0.0025825500415521674
730.0 0.0024003507860470563
731.0 0.0022181517124408856
732.0 0.0021651921997545287
733.0 0.0021122330508660525
734.0 0.0020337820387794636
735.0 0.0019553310266928747
736.0 0.0018413651559967548
737.0 0.0017273992853006348
738.0 0.0016894839063752443
739.0 0.001651568163651973
740.0 0.0016086138202808797
741.0 0.001565659295010846
742.0 0.0014349171578942332
743.0 0.00130417483887868
744.0 0.001378179331368301
745.0 0.0014521839148073923
746.0 0.0012901735317427665
747.0 0.001128163330577081
748.0 0.0011032655493181664
749.0 0.0010783675861603115
750.0 0.0010675911653379444
751.0 0.0010568150173639879
752.0 0.0011319562872813549
753.0 0.0012070978300471324
754.0 0.0011529837138368748
755.0 0.001098870052373968
756.0 0.0010520518117118627
757.0 0.0010052336619992275
758.0 0.0010313737220712937
759.0 0.0010575138730928302
760.0 0.0009857123586698435
761.0 0.0009139110261457972
762.0 0.0009095995665120427
763.0 0.0009052882887772284
764.0 0.0009245606634067371
765.0 0.0009438329470867757
766.0 0.0008314117621921469
767.0 0.0007189903953985777
768.0 0.0006746591225237353
769.0 0.0006303277132246876
770.0 0.0006453221885749372
771.0 0.0006603167548746569
772.0 0.0007028146228549303
773.0 0.0007453123998857336
774.0 0.000893709875526838
775.0 0.0010421073966426775
776.0 0.0010465656487212982
777.0 0.0010510241736483295
778.0 0.0008839102520141751
779.0 0.000716796512278961
780.0 0.0007077489499351941
781.0 0.0006987015694903675
782.0 0.0008023497684916947
783.0 0.0009059981493919622
784.0 0.0008445483217656147
785.0 0.0007830985850887373
786.0 0.0007683804142288864
787.0 0.0007536621069448302
788.0 0.0006487240170827135
789.0 0.0005437859272205969
790.0 0.0006693843261018628
791.0 0.0007949827704578638
792.0 0.0007699591151322238
793.0 0.0007449353688571136
794.0 0.0007702611583226826
795.0 0.0007955870387377217
796.0 0.0006801575182180386
797.0 0.0005647279976983555
798.0 0.0006303720965661341
799.0 0.0006960163318581181
800.0 0.0007087709036568413
801.0 0.0007215252935566241
802.0 0.0006929649771336699
803.0 0.0006644046152359806
804.0 0.0006780822332075331
805.0 0.0006917599421285558
806.0 0.0006882261004648171
807.0 0.0006846921678516082
808.0 0.0006920964551682118
809.0 0.0006995006515353452
810.0 0.0006744762686139438
811.0 0.0006494518402178073
812.0 0.0005984955350868404
813.0 0.0005475391844811384
814.0 0.0004861087745666737
815.0 0.00042467841012694407
816.0 0.0005768951723439386
817.0 0.0007291121619346086
818.0 0.0006289801603998058
819.0 0.0005288480679155327
820.0 0.00046228155952121597
821.0 0.0003957150056521641
822.0 0.00048740052989160176
823.0 0.0005790860996057745
824.0 0.0005226490884524537
825.0 0.0004662118954001926
826.0 0.0004871219971391838
827.0 0.0005080320079287048
828.0 0.00044099820115661714
829.0 0.0003739643261724268
830.0 0.0001816614030758501
831.0 1.6472836549680236e-10
832.0 1.6472836549680236e-10
833.0 1.6472836549680236e-10
834.0 1.6472836549680236e-10
835.0 9.477947173763823e-05
836.0 0.00019694605271070031
837.0 0.0002991126621054718
838.0 0.0006709649824188091
839.0 0.0010428172572574113
840.0 0.0013571731869888026
841.0 0.0016715292076696642
842.0 0.0020496907382039353
843.0 0.002427852632536087
844.0 0.0026612699002726004
845.0 0.0028946875318069942
846.0 0.0030933533707866445
847.0 0.0032920190278673545
848.0 0.0032204949093284085
849.0 0.003148970063193701
850.0 0.0025643139451858588
851.0 0.0019796580090769567
852.0 0.001644863914407324
853.0 0.0013100698197376914
854.0 0.0010970890798489563
855.0 0.0008841080671118107
856.0 0.000688910859025782
857.0 0.0004937135599902831
858.0 0.000533670299773803
859.0 0.0005736270395573229
860.0 0.0004660824288293952
861.0 0.00035853781810146756
862.0 0.0004114090643270174
863.0 0.00046428031055256724
864.0 0.0003511534941935679
865.0 0.00023802672330930363
866.0 0.0002144801555914455
867.0 0.00019093356513621984
868.0 0.0001589663838785782
869.0 0.000126999179883569
870.0 6.665322302978893e-05
871.0 6.3072739919789456e-06
872.0 1.6472836549680236e-10
873.0 1.6472836549680236e-10
874.0 1.6472836549680236e-10
875.0 1.6472836549680236e-10
876.0 2.9933804057691304e-05
877.0 0.00014411529036806314
878.0 0.00015891473594820127
879.0 0.00017371417015965562
880.0 0.0001417369389855594
881.0 0.00010975969644277939
882.0 0.00014903392866472132
883.0 0.00018830817225534702
884.0 7.853478791730595e-05
885.0 1.6472836549680236e-10
886.0 8.663116091156553e-05
887.0 0.00020450092961254995
888.0 0.00022407864435081137
889.0 0.00024365638182644034
890.0 0.0001678324679232901
891.0 9.20085369671142e-05
892.0 1.472871247187868e-05
893.0 1.6472836549680236e-10
894.0 1.6472836549680236e-10
895.0 6.102988550082955e-05
896.0 5.791466151094937e-05
897.0 5.479947162712051e-05
898.0 0.00010790151918627089
899.0 0.00016100356106107938
900.0 6.292677880992414e-05
