lsstCam/transmission_filter_detector/r24_s21/r_57/19700101T000000.ecsv
# %ECSV 1.0
# ---
# datatype:
# - {name: wavelength, unit: nm, datatype: float32}
# - {name: efficiency, unit: '%', datatype: float64}
# meta: !!omap
# - {MODE: DETECTOR}
# - {TYPE: transmission_filter_detector}
# - {CALIBDATE: '1970-01-01T00:00:00'}
# - {INSTRUME: LSSTCam}
# - {OBSTYPE: transmission_filter_detector}
# - {CALIBCLS: lsst.ip.isr.IntermediateFilterDetectorTransmissionCurve}
# - {SOURCE: Materion (DM-46256)}
# - {DETECTOR: 115}
# - {FILTER: r_57}
# - {CALIB_ID: 'calibDate=1970-01-01T00:00:00 filter=r_57 detector=115'}
# - {DATE: '2025-04-02T15:59:44.715110'}
# - {CALIB_CREATION_DATE: '2025-04-02'}
# - {CALIB_CREATION_TIME: '15:59:44'}
# - __serialized_columns__:
#     efficiency:
#       __class__: astropy.units.quantity.Quantity
#       unit: !astropy.units.Unit {unit: '%'}
#       value: !astropy.table.SerializedColumn {name: efficiency}
#     wavelength:
#       __class__: astropy.units.quantity.Quantity
#       unit: !astropy.units.Unit {unit: nm}
#       value: !astropy.table.SerializedColumn {name: wavelength}
# schema: astropy-2.0
wavelength efficiency
[from data line 602]
902.0 1.6472836549680236e-10
903.0 1.6472836549680236e-10
904.0 1.6472836549680236e-10
905.0 1.6472836549680236e-10
906.0 2.8429980147848255e-05
907.0 6.25934774234338e-05
908.0 7.833473318896722e-05
909.0 9.407597190147499e-05
910.0 1.1089168339140087e-05
911.0 1.6472836549680236e-10
912.0 1.6472836549680236e-10
913.0 1.908508906467432e-06
914.0 1.8948961155729194e-05
915.0 3.5989393154522986e-05
916.0 2.1228422042440798e-05
917.0 6.467438851132101e-06
918.0 9.145613830696675e-05
919.0 0.00017644481431489112
920.0 0.00012313028037169715
921.0 6.981572369113564e-05
922.0 0.00014948885791454813
923.0 0.00022916199213796062
924.0 0.00017865162362795672
925.0 0.0001281412664866366
926.0 0.00012919165328639792
927.0 0.00013024202871747548
928.0 0.00011462383326943382
929.0 9.900560371534084e-05
930.0 0.0001707317665022856
931.0 0.0002424579179205466
932.0 0.0001647861836318043
933.0 8.711446071174578e-05
934.0 0.0001125190010498045
935.0 0.000137923552756547
936.0 0.00018856196675187675
937.0 0.00023920035800983896
938.0 0.00023265049549081596
939.0 0.0002261006557091605
940.0 0.0002035524403254385
941.0 0.00018100417946698144
942.0 0.00028928131996508455
943.0 0.00039755846046318766
944.0 0.00031913123166305013
945.0 0.0002407040028629126
946.0 0.00034700071864790516
947.0 0.0004532974344328977
948.0 0.00040765467019809876
949.0 0.00036201204238750506
950.0 0.0004503543550526956
951.0 0.0005386967586673563
952.0 0.0006779728664696449
953.0 0.000817249201645609
954.0 0.0010230723091808613
955.0 0.0012288956895645242
956.0 0.0013095491340209264
957.0 0.0013902023965783883
958.0 0.0016468262401758693
959.0 0.0019034505385207012
960.0 0.0019965922547271475
961.0 0.0020897343347314745
962.0 0.0022497933969134465
963.0 0.002409852640994359
964.0 0.0024119655790855177
965.0 0.0024140785171766765
966.0 0.0024603923520771787
967.0 0.0025067058231798
968.0 0.002409501394140534
969.0 0.002312297510798089
970.0 0.0023720065655652434
971.0 0.002431715802231338
972.0 0.0025357547201565467
973.0 0.002639793456182815
974.0 0.0028711798222502694
975.0 0.0031025661883177236
976.0 0.0031426265195477754
977.0 0.003182687214575708
978.0 0.003180940984748304
979.0 0.0031791947549209
980.0 0.003120884866802953
981.0 0.003062574614887126
982.0 0.003072248728130944
983.0 0.0030819224775768816
984.0 0.0030065637474763207
985.0 0.0029312048354768194
986.0 0.0028343496524030343
987.0 0.0027374942874303088
988.0 0.002640193451952655
989.0 0.0025428929802728817
990.0 0.0026053739929920994
991.0 0.002667855005711317
992.0 0.002662555743881967
993.0 0.0026572568458504975
994.0 0.002741845673881471
995.0 0.002826434138114564
996.0 0.0028235437639523298
997.0 0.0028206533897900954
998.0 0.002957751348731108
999.0 0.0030948496714700013
1000.0 0.0031988805858418345
1001.0 0.0033029118640115485
1002.0 0.0035347700759302825
1003.0 0.0037666279240511358
1004.0 0.003851861765724607
1005.0 0.003937095243600197
1006.0 0.004124826591578312
1007.0 0.004312558667152189
1008.0 0.004284307942725718
1009.0 0.004256057218299247
1010.0 0.00422173434344586
1011.0 0.004187411832390353
1012.0 0.004206204539514147
1013.0 0.00422499688284006
1014.0 0.004056492980453186
1015.0 0.0038879890780663118
1016.0 0.003603267396101728
1017.0 0.003318546077935025
1018.0 0.0029502243705792353
1019.0 0.0025819032089202665
1020.0 0.0022878613890497945
1021.0 0.001993819751078263
1022.0 0.001674993291089777
1023.0 0.0013561666492023505
1024.0 0.0013413397937256377
1025.0 0.001326513029198395
1026.0 0.0011733056453522295
1027.0 0.0010200981705565937
1028.0 0.0009863871127890889
1029.0 0.0009526758731226437
1030.0 0.000921980245038867
1031.0 0.00089128443505615
1032.0 0.0008170864930434618
1033.0 0.0007428883236570982
1034.0 0.0007504411314585013
1035.0 0.000757993711886229
1036.0 0.0007815187927917577
1037.0 0.0008050437827478163
1038.0 0.0007788874427205883
1039.0 0.0007527311026933603
1040.0 0.0007451449619111372
1041.0 0.0007375588666036492
1042.0 0.0007668557373108342
1043.0 0.0007961523806443438
1044.0 0.0008204190635296982
1045.0 0.0008446860192634631
1046.0 0.0009398383554071188
1047.0 0.001034990964399185
1048.0 0.0008930411240726244
1049.0 0.0007510913746955339
1050.0 0.0008071732736425474
1051.0 0.000863255172589561
1052.0 0.0009578648132446688
1053.0 0.0010524740901018959
1054.0 0.0008913770216167904
1055.0 0.0007302798167074798
1056.0 0.0008439910743618384
1057.0 0.0009577023774909321
1058.0 0.0009165161827695556
1059.0 0.0008753298061492387
1060.0 0.0009820055311138276
1061.0 0.001088680983230006
1062.0 0.0012251911357452627
1063.0 0.0013617011063615791
1064.0 0.0010762986676127184
1065.0 0.0007908960469649173
1066.0 0.0012581906048581004
1067.0 0.0017254853446502239
1068.0 0.0019256796804256737
1069.0 0.002125873652403243
1070.0 0.001896595858852379
1071.0 0.0016673178834025748
1072.0 0.0017328778994851746
1073.0 0.001798437733668834
1074.0 0.0022205151253729127
1075.0 0.002642592153279111
1076.0 0.0029509072192013264
1077.0 0.003259222285123542
1078.0 0.0034800941648427397
1079.0 0.0037009660445619375
1080.0 0.0040254384657600895
1081.0 0.004349910523160361
1082.0 0.004255938256392255
1083.0 0.004161966353422031
1084.0 0.004452276698430069
1085.0 0.004742585952044465
1086.0 0.004751616506837308
1087.0 0.0047606466978322715
1088.0 0.004870954944635741
1089.0 0.004981263555237092
1090.0 0.0042265732190571725
1091.0 0.0034718825190793723
1092.0 0.00393455229641404
1093.0 0.004397222073748708
1094.0 0.00433147833973635
1095.0 0.004265734969521873
1096.0 0.0034745178709272295
1097.0 0.0026833013180294074
1098.0 0.0028420929083949886
1099.0 0.003000885044457391
1100.0 0.002880222564272117
1101.0 0.002759559720288962
