lsstCam/transmission_filter_detector/r24_s22/y_10/19700101T000000.ecsv
# %ECSV 1.0
# ---
# datatype:
# - {name: wavelength, unit: nm, datatype: float32}
# - {name: efficiency, unit: '%', datatype: float64}
# meta: !!omap
# - {MODE: DETECTOR}
# - {TYPE: transmission_filter_detector}
# - {CALIBDATE: '1970-01-01T00:00:00'}
# - {INSTRUME: LSSTCam}
# - {OBSTYPE: transmission_filter_detector}
# - {CALIBCLS: lsst.ip.isr.IntermediateFilterDetectorTransmissionCurve}
# - {SOURCE: Materion (DM-46256)}
# - {DETECTOR: 116}
# - {FILTER: y_10}
# - {CALIB_ID: 'calibDate=1970-01-01T00:00:00 filter=y_10 detector=116'}
# - {DATE: '2025-04-02T15:59:51.280791'}
# - {CALIB_CREATION_DATE: '2025-04-02'}
# - {CALIB_CREATION_TIME: '15:59:51'}
# - __serialized_columns__:
#     efficiency:
#       __class__: astropy.units.quantity.Quantity
#       unit: !astropy.units.Unit {unit: '%'}
#       value: !astropy.table.SerializedColumn {name: efficiency}
#     wavelength:
#       __class__: astropy.units.quantity.Quantity
#       unit: !astropy.units.Unit {unit: nm}
#       value: !astropy.table.SerializedColumn {name: wavelength}
# schema: astropy-2.0
wavelength efficiency
300.0 0.2255499828606844
301.0 0.12340943794697523
302.0 0.021268872660584748
303.0 0.018215278396382928
304.0 0.01516168558737263
305.0 0.011089552572229877
306.0 0.007017415919108316
307.0 0.011538534454302862
308.0 0.016059652261901647
309.0 0.012876457185484469
310.0 0.009693264291854575
311.0 0.008021377288969234
312.0 0.006349489558488131
313.0 0.004211904888506979
314.0 0.0020743204004247673
315.0 0.0020837822376051918
316.0 0.002093244438583497
317.0 0.0021548512449953705
318.0 0.0022164562324178405
319.0 0.0013066422070551198
320.0 0.000396827635995578
321.0 0.0014830371583229862
322.0 0.0025692472263472155
323.0 0.0035436103644315153
324.0 0.004517973866313696
325.0 0.002538363332860172
326.0 0.0005587527539319126
327.0 0.0013018973731959704
328.0 0.0020450415831874125
329.0 0.0032260712032439187
330.0 0.004407100277603604
331.0 0.003363631185493432
332.0 0.0023201622752822004
333.0 0.0031331182981375605
334.0 0.003946074502891861
335.0 0.0035688244679477066
336.0 0.0031915740692056715
337.0 0.0027285526812192984
338.0 0.002265531111333985
339.0 0.0020501360268099234
340.0 0.0018347411241848022
341.0 0.001359630550723523
342.0 0.0008845197044138331
343.0 0.0008539385817130096
344.0 0.0008233574590121862
345.0 0.0014627864402427804
346.0 0.002102215694321785
347.0 0.0017480717360740528
348.0 0.00139392759592738
349.0 0.0012819093171856366
350.0 0.001169890947494423
351.0 0.0015343110135290772
352.0 0.0018987306248163804
353.0 0.0014577520232705865
354.0 0.0010167732398258522
355.0 0.0011650055967038497
356.0 0.0013132379535818473
357.0 0.0011642226127150934
358.0 0.0010152071808988694
359.0 0.0010634635145834181
360.0 0.0011117200301669072
361.0 0.001175027500721626
362.0 0.0012383347893774044
363.0 0.0012096545106032863
364.0 0.0011809739589807577
365.0 0.001348445312032709
366.0 0.0015159169379330706
367.0 0.0018055643522529863
368.0 0.0020952114937244914
369.0 0.0016848918676259927
370.0 0.0012745723324769642
371.0 0.0015069148503243923
372.0 0.0017392574591212906
373.0 0.002067173227260355
374.0 0.0023950889953994192
375.0 0.003343651769682765
376.0 0.004292214725865051
377.0 0.0041698385757626966
378.0 0.004047462425660342
379.0 0.003639714850578457
380.0 0.0032319669116986915
381.0 0.002359066274948418
382.0 0.001486165274400264
383.0 0.0013310684153111652
384.0 0.0011759712833736558
385.0 0.0009954781489796005
386.0 0.0008149850145855453
387.0 0.0007117705081327586
388.0 0.0006085559562052367
389.0 0.0005912210326641798
390.0 0.0005738861091231229
391.0 0.0005094080279377522
392.0 0.0004449299467523815
393.0 0.0005561758825933794
394.0 0.0006674218639091123
395.0 0.0006567075615748763
396.0 0.0006459932592406403
397.0 0.0008592699487053324
398.0 0.0010725466381700244
399.0 0.0012243659512023441
400.0 0.001376185264234664
401.0 0.0014998162441770546
402.0 0.0016234473150689155
403.0 0.0017282322005485184
404.0 0.001833016904129181
405.0 0.0018701364751905203
406.0 0.0019072562281507999
407.0 0.001669927041803021
408.0 0.001432597764505772
409.0 0.0011591534530452918
410.0 0.0008857089596858714
411.0 0.0006833593488408951
412.0 0.00048100969252118375
413.0 0.0005007333129469771
414.0 0.0005204568878980353
415.0 0.0006167751962493639
416.0 0.0007130935955501627
417.0 0.00018973798887600424
418.0 1.7057277899162893e-10
419.0 1.7057277899162893e-10
420.0 1.7057277899162893e-10
421.0 0.0006300076620391337
422.0 0.001886002610262949
423.0 0.0016414167475886643
424.0 0.0013968308849143796
425.0 0.0004023437668365659
426.0 1.7057277899162893e-10
427.0 1.8106072730006417e-05
428.0 0.0006283556103880983
429.0 0.0002518074779800372
430.0 1.7057277899162893e-10
431.0 0.00010903753491220414
432.0 0.00034281574698979966
433.0 1.7057277899162893e-10
434.0 1.7057277899162893e-10
435.0 1.7057277899162893e-10
436.0 0.0003176975496899104
437.0 1.7057277899162893e-10
438.0 1.7057277899162893e-10
439.0 1.7057277899162893e-10
440.0 1.7057277899162893e-10
441.0 1.7057277899162893e-10
442.0 1.7057277899162893e-10
443.0 1.7057277899162893e-10
444.0 1.7057277899162893e-10
445.0 0.0003508615463942988
446.0 0.0007651444320799783
447.0 0.0006982910690567223
448.0 0.0006314377515082015
449.0 0.0002499174570402829
450.0 1.7057277899162893e-10
451.0 1.7057277899162893e-10
452.0 1.7057277899162893e-10
453.0 0.0001495295009590336
454.0 0.00043700961214199197
455.0 0.00045225151552585885
456.0 0.00046749337343499064
457.0 3.4601706033754454e-05
458.0 1.7057277899162893e-10
459.0 1.7057277899162893e-10
460.0 1.7057277899162893e-10
461.0 0.00029045361316093476
462.0 0.0006664346528850729
463.0 0.0007590872883156408
464.0 0.0008517399692209437
465.0 0.0006842228685854934
466.0 0.0005167057679500431
467.0 0.0007957483830978163
468.0 0.0010747906344477087
469.0 0.001505228010501014
470.0 0.0019356653865543194
471.0 0.0022234287825995125
472.0 0.0025111921786447056
473.0 0.0026803818400367163
474.0 0.002849571501428727
475.0 0.0030060778954066336
476.0 0.003162583743687719
477.0 0.0029690798328374512
478.0 0.0027755759219871834
479.0 0.0030106341000646353
480.0 0.003245692278142087
481.0 0.0037184519896982238
482.0 0.00419121133745648
483.0 0.0039260365156224
484.0 0.003660861329990439
485.0 0.003540168472682126
486.0 0.003419475251575932
487.0 0.0029493525289581157
488.0 0.00247922998823924
489.0 0.0021182739146752283
490.0 0.001757318023010157
491.0 0.0015311594324884936
492.0 0.0013050005691184197
493.0 0.0012991058611078188
494.0 0.001293211153097218
495.0 0.0015417352187796496
496.0 0.0017902590116136707
497.0 0.0021715044567827135
498.0 0.002552750265749637
499.0 0.0023270649762707762
500.0 0.002101380050589796
501.0 0.0023901853637653403
502.0 0.002678991040738765
503.0 0.002468314232828561
504.0 0.002257637243019417
505.0 0.002675650284800213
506.0 0.0030936633265810087
507.0 0.0024498811399098486
508.0 0.0018060985894408077
509.0 0.0018802436898113228
510.0 0.0019543889720807783
511.0 0.0016636282452964224
512.0 0.0013728678823099472
513.0 0.0016879819668247364
514.0 0.002003096233238466
515.0 0.0016823170881252736
516.0 0.0013615381249110214
517.0 0.001364326544717187
518.0 0.0013671152373717632
519.0 0.0013384033991314936
520.0 0.0013096916518406942
521.0 0.0015367400919785723
522.0 0.00176378835021751
523.0 0.0017108803149312735
524.0 0.0016579720977460966
525.0 0.0020259953089407645
526.0 0.002394018883933313
527.0 0.002468116690579336
528.0 0.00254221486102324
529.0 0.002605329063953832
530.0 0.002668443448783364
531.0 0.0026327532395953313
532.0 0.0025970630304072984
533.0 0.0022909096514922567
534.0 0.0019847559087793343
535.0 0.0017879759980132803
536.0 0.0015911957234493457
537.0 0.0019678920580190606
538.0 0.0023445883925887756
539.0 0.00304282148135826
540.0 0.0037410547520266846
541.0 0.003652579471236095
542.0 0.0035641038266476244
543.0 0.003928871592506766
544.0 0.0042936389945680276
545.0 0.004579015148920007
546.0 0.004864390939474106
547.0 0.0041325405618408695
548.0 0.0034006894566118717
549.0 0.0029288055884535424
550.0 0.002456921538396273
551.0 0.0024702154405531473
552.0 0.002483509342710022
553.0 0.002820638837874867
554.0 0.003157768151140772
555.0 0.003624864257290028
556.0 0.004091961091035046
557.0 0.00394397065974772
558.0 0.0037959805922582746
559.0 0.0036388097214512527
560.0 0.00348163848684635
561.0 0.003542979175108485
562.0 0.0036043191357748583
563.0 0.0033298685593763366
564.0 0.003055417982977815
565.0 0.003686150739667937
566.0 0.004316883496358059
567.0 0.0044931777665624395
568.0 0.00466947203676682
569.0 0.005472538759931922
570.0 0.006275605846894905
571.0 0.0064658946939744055
572.0 0.006656183541053906
573.0 0.006777373346267268
574.0 0.00689856315148063
575.0 0.006628446135437116
576.0 0.006358329846989363
577.0 0.005622581375064328
578.0 0.0048868325393414125
579.0 0.0053406456572702155
580.0 0.005794458411401138
581.0 0.0067153043346479535
582.0 0.007636149530299008
583.0 0.008672132389619946
584.0 0.009708115976536646
585.0 0.010203775309491903
586.0 0.01069943537004292
587.0 0.010752493108157068
588.0 0.01080555230146274
589.0 0.010677927639335394
590.0 0.010550305887591094
591.0 0.009657746704760939
592.0 0.008765188249526545
593.0 0.007269508932949975
594.0 0.005773832890554331
595.0 0.005655864515574649
596.0 0.005537897231988609
597.0 0.005994788807583973
598.0 0.006451680383179337
599.0 0.007515123434131965
600.0 0.008578565757488832
601.0 0.009149416291620582
602.0 0.00972026537056081
603.0 0.010263708827551454
604.0 0.01080715301213786
605.0 0.010999829100910574
606.0 0.011192505189683288
607.0 0.009625796519685537
608.0 0.008059087849687785
609.0 0.006392325303750113
610.0 0.0047255638492060825
611.0 0.0040376984543399885
612.0 0.0033498334232717752
613.0 0.003540359830367379
614.0 0.0037308862374629825
615.0 0.0045470878831110895
616.0 0.005363289528759196
617.0 0.006653527088928968
618.0 0.007943762466311455
619.0 0.008978334517451003
620.0 0.010012905113399029
621.0 0.010475481394678354
622.0 0.010938059131149203
623.0 0.01123159599956125
624.0 0.011525131412781775
625.0 0.010210850450675935
626.0 0.008896568033378571
627.0 0.007244044536491856
628.0 0.00559152067580726
629.0 0.004581365647027269
630.0 0.0035712109820451587
631.0 0.0031729359761811793
632.0 0.0027746607884182595
633.0 0.002765243152680341
634.0 0.002755825153144542
635.0 0.003209344868082553
636.0 0.003662864037323743
637.0 0.004108165376237594
638.0 0.004553466715151444
639.0 0.004731726949103177
640.0 0.004909987183054909
641.0 0.005293919093674049
642.0 0.0056778510042931885
643.0 0.005511871131602675
644.0 0.00534589089511428
645.0 0.004957029159413651
646.0 0.00456816705991514
647.0 0.003812145587289706
648.0 0.0030561241146642715
649.0 0.0024051170839811675
650.0 0.0017541100532980636
651.0 0.0017058846424333751
652.0 0.0016576592315686867
653.0 0.001629928192414809
654.0 0.0016021973351598717
655.0 0.0015378498574136756
656.0 0.0014735021977685392
657.0 0.001295962829317432
658.0 0.0011184235518157948
659.0 0.00149655643326696
660.0 0.0018746892237686552
661.0 0.0018635217202245258
662.0 0.0018523547623772174
663.0 0.0020234027033438906
664.0 0.002194450826209504
665.0 0.0028333284717518836
666.0 0.0034722059353953227
667.0 0.004263579830876552
668.0 0.00505495372635778
669.0 0.005273747592582367
670.0 0.005492538912221789
671.0 0.006132822454674169
672.0 0.006773106724722311
673.0 0.007553066097898409
674.0 0.00833302692626603
675.0 0.008219361916417256
676.0 0.008105699089355767
677.0 0.006367648165905848
678.0 0.004629595787264407
679.0 0.003205862594768405
680.0 0.0017821288565755822
681.0 0.0011256105608481448
682.0 0.0004690924470196478
683.0 0.0005282361598801799
684.0 0.0005873799636901822
685.0 0.0003297932607893017
686.0 7.220642714855785e-05
687.0 0.0001679502474871697
688.0 0.0002636940735101234
689.0 8.244940090662567e-05
690.0 1.7057277899162893e-10
691.0 5.3120731990929926e-05
692.0 0.00020503680389083456
693.0 0.0002208494834121666
694.0 0.00023666211745876353
695.0 0.000286310819319624
696.0 0.00033595952118048444
697.0 0.00048281858653353993
698.0 0.0006296776518865954
699.0 0.00042401684368087444
700.0 0.00021835601273778593
701.0 0.00013961806644147146
702.0 6.088010877647321e-05
703.0 1.7057277899162893e-10
704.0 1.7057277899162893e-10
705.0 1.3977903279283055e-05
706.0 0.0002457578830217244
707.0 0.00015792152225913014
708.0 7.008507623140758e-05
709.0 0.00028777978968719253
710.0 0.0005054744633525843
711.0 0.00047224166337400675
712.0 0.0004390088633954292
713.0 0.0002741325943134143
714.0 0.00010925633660008316
715.0 0.00019913350115530193
716.0 0.0002890106316044694
717.0 0.0001732554437694489
718.0 5.7500267303112196e-05
719.0 0.00027100857096229447
720.0 0.0004845169769396307
721.0 0.0005268397671898128
722.0 0.0005691627393389354
723.0 0.0004334896402724553
724.0 0.00029781656394334277
725.0 1.7057277899162893e-10
726.0 1.7057277899162893e-10
727.0 3.239333068449923e-05
728.0 0.00040707241169002373
729.0 0.0005168717052583816
730.0 0.0006266709988267394
731.0 0.0004949362391926115
732.0 0.0003632017978816293
733.0 0.000350270943272335
734.0 0.00033734029329934856
735.0 0.00019569108644645894
736.0 5.40419705430395e-05
737.0 0.00034778779536281945
738.0 0.000641533688394702
739.0 0.0005320534910424612
740.0 0.0004225730208418099
741.0 0.0003922160431102384
742.0 0.00036185906537866686
743.0 0.0001301342877013667
744.0 1.7057277899162893e-10
745.0 0.00027913933990930673
746.0 0.0006598691470571794
747.0 0.0005522750143427402
748.0 0.0004446807906788308
749.0 8.790910897005233e-05
750.0 1.7057277899162893e-10
751.0 0.0002207950046795304
752.0 0.0007104525138856843
753.0 0.0006167436367832124
754.0 0.0005230346687312704
755.0 0.00016117036238938454
756.0 1.7057277899162893e-10
757.0 1.7057277899162893e-10
758.0 1.7057277899162893e-10
759.0 0.00010388139344286174
760.0 0.00038826538002467714
761.0 0.0002934527174147661
762.0 0.00019864010027959011
763.0 0.0002900348363255034
764.0 0.0003814297542703571
765.0 0.0006168877007439733
766.0 0.0008523456017428543
767.0 0.0006290020792221185
768.0 0.0004056586476508528
769.0 0.00014031954833626514
770.0 1.7057277899162893e-10
771.0 0.0001259146074517048
772.0 0.00037684862945752684
773.0 0.00037084819268784486
774.0 0.000364847551281855
775.0 0.00015200913594526355
776.0 1.7057277899162893e-10
777.0 0.000294224992103409
778.0 0.0006492794454970863
779.0 0.0007266044576681452
780.0 0.0008039295607886743
781.0 0.0007719683708273806
782.0 0.0007400072263408219
783.0 0.0005470315954880789
784.0 0.000354056055584806
785.0 0.0005381121354730567
786.0 0.0007221681244118372
787.0 0.0006328186827886384
788.0 0.0005434691956907045
789.0 0.0004488115791900782
790.0 0.0003541539172147168
791.0 0.0006661475254077232
792.0 0.000978140906227054
793.0 0.0007976629603945184
794.0 0.0006171851509861881
795.0 0.0007618932613695506
796.0 0.0009066014172276482
797.0 0.0007472097422578372
798.0 0.0005878181582374964
799.0 0.00038674061215715483
800.0 0.00018566312292023213
801.0 0.0003697332431329414
802.0 0.0005538033747143345
803.0 0.00043774152800324373
804.0 0.00032167968129215296
805.0 0.0006007428055454511
806.0 0.000879805793374544
807.0 0.0006812928404542617
808.0 0.0004827797965845093
809.0 0.00029977161375427386
810.0 0.00011676337408061954
811.0 0.00042206534089928027
812.0 0.0007273672508745221
813.0 0.0007622978046128992
814.0 0.0007972284947754815
815.0 0.0007959853064676281
816.0 0.0007947421181597747
817.0 0.0009587494787410833
818.0 0.001122756839322392
819.0 0.001196782341139624
820.0 0.0012708076610579155
821.0 0.0008808956408756785
822.0 0.0004909834842692362
823.0 0.0005326512564352015
824.0 0.000574319119550637
825.0 0.0007565178748336621
826.0 0.0009387166755914222
827.0 0.0011355464266671333
828.0 0.0013323761777428444
829.0 0.0007008652119111503
830.0 6.935417218301154e-05
831.0 0.0002614866616568179
832.0 0.00045361925913312007
833.0 0.000690554497850826
834.0 0.0009274896910937969
835.0 0.0003713255637194379
836.0 1.7057277899162893e-10
837.0 0.00010046884426628822
838.0 0.00038577641134907026
839.0 0.0004279633685655426
840.0 0.000470150325782015
841.0 0.000831516990729142
842.0 0.0011928836102015339
843.0 0.0008868306395015679
844.0 0.0005807774414279265
845.0 0.0009731042155181058
846.0 0.0013654311260324903
847.0 0.0013131648302078247
848.0 0.0012608987162820995
849.0 0.0009147856872004922
850.0 0.0005686725216946797
851.0 0.0010097955055243801
852.0 0.0014509184438793454
853.0 0.0009645431418903172
854.0 0.0004781680218002293
855.0 0.0003118537279078737
856.0 0.0001455395022276207
857.0 0.0007393452960968716
858.0 0.001333151067228755
859.0 0.0009424254130863119
860.0 0.0005516995770449284
861.0 0.0009697561836219393
862.0 0.0013878129720978905
863.0 0.0013020409824093804
864.0 0.0012162689927208703
865.0 0.001585515565238893
866.0 0.001954762228706386
867.0 0.0024517068595741875
868.0 0.002948651490441989
869.0 0.0029381908461800776
870.0 0.002927730201918166
871.0 0.0033608412195462734
872.0 0.00379395205527544
873.0 0.002915561526606325
874.0 0.00203717099793721
875.0 0.0021899213606957346
