lsstCam/transmission_filter_detector/r24_s22/y_10/19700101T000000.ecsv
# %ECSV 1.0
# ---
# datatype:
# - {name: wavelength, unit: nm, datatype: float32}
# - {name: efficiency, unit: '%', datatype: float64}
# meta: !!omap
# - {MODE: DETECTOR}
# - {TYPE: transmission_filter_detector}
# - {CALIBDATE: '1970-01-01T00:00:00'}
# - {INSTRUME: LSSTCam}
# - {OBSTYPE: transmission_filter_detector}
# - {CALIBCLS: lsst.ip.isr.IntermediateFilterDetectorTransmissionCurve}
# - {SOURCE: Materion (DM-46256)}
# - {DETECTOR: 116}
# - {FILTER: y_10}
# - {CALIB_ID: 'calibDate=1970-01-01T00:00:00 filter=y_10 detector=116'}
# - {DATE: '2025-04-02T15:59:51.280791'}
# - {CALIB_CREATION_DATE: '2025-04-02'}
# - {CALIB_CREATION_TIME: '15:59:51'}
# - __serialized_columns__:
#     efficiency:
#       __class__: astropy.units.quantity.Quantity
#       unit: !astropy.units.Unit {unit: '%'}
#       value: !astropy.table.SerializedColumn {name: efficiency}
#     wavelength:
#       __class__: astropy.units.quantity.Quantity
#       unit: !astropy.units.Unit {unit: nm}
#       value: !astropy.table.SerializedColumn {name: wavelength}
# schema: astropy-2.0
wavelength efficiency
[from data line 577]
877.0 0.0020302786651882343
878.0 0.001717885425023269
879.0 0.0020281997421989217
880.0 0.049462291644886136
881.0 0.09444114984944463
882.0 0.06540780304931104
883.0 0.09608964901417494
884.0 0.047147966688498855
885.0 0.08906787843443453
886.0 0.0572280609048903
887.0 0.08577387197874486
888.0 0.06222061929292977
889.0 0.09231846779584885
890.0 0.06318656378425658
891.0 0.09167298558168113
892.0 0.06143165519461036
893.0 0.0949243491049856
894.0 0.06796122179366648
895.0 0.09193082223646343
896.0 0.06417518015950918
897.0 0.117452850099653
898.0 0.07025587256066501
899.0 0.09786979062482715
900.0 0.08453798363916576
901.0 0.10700603015720844
902.0 0.1376812462694943
903.0 0.1353326253592968
904.0 0.1437250175513327
905.0 0.1681023626588285
906.0 0.18682582303881645
907.0 0.22593887988477945
908.0 0.27751917950809
909.0 0.3692943602800369
910.0 0.48164469189941883
911.0 0.6610183510929346
912.0 0.9331885725259781
913.0 1.3828852213919163
914.0 1.9421553239226341
915.0 2.8615491464734077
916.0 4.073690623044968
917.0 5.525942891836166
918.0 7.35509917140007
919.0 9.251698851585388
920.0 11.991632729768753
921.0 14.917273819446564
922.0 17.830953001976013
923.0 21.0944801568985
924.0 24.593237042427063
925.0 28.443026542663574
926.0 33.28444957733154
927.0 38.74262571334839
928.0 43.9644992351532
929.0 49.8538613319397
930.0 55.59468865394592
931.0 61.60258650779724
932.0 67.7569031715393
933.0 73.65401983261108
934.0 78.57112884521484
935.0 82.62048959732056
936.0 86.17448806762695
937.0 89.05864357948303
938.0 91.31460785865784
939.0 92.81697869300842
940.0 93.88219118118286
941.0 94.50597763061523
942.0 95.02543210983276
943.0 95.34298181533813
944.0 95.88375091552734
945.0 96.047043800354
946.0 96.40757441520691
947.0 96.63180708885193
948.0 96.84165120124817
949.0 96.85348272323608
950.0 96.97222709655762
951.0 96.96292877197266
952.0 97.00613617897034
953.0 97.1104085445404
954.0 97.09115624427795
955.0 97.09397554397583
956.0 97.24411964416504
957.0 97.42333889007568
958.0 97.58201837539673
959.0 97.7324366569519
960.0 97.90526628494263
961.0 98.03196787834167
962.0 98.18113446235657
963.0 98.27181696891785
964.0 98.42133522033691
965.0 98.46823215484619
966.0 98.59325289726257
967.0 98.71009588241577
968.0 98.71715307235718
969.0 98.71366024017334
970.0 98.77028465270996
971.0 98.79947900772095
972.0 98.83796572685242
973.0 98.89885187149048
974.0 98.90269041061401
975.0 98.88622164726257
976.0 98.96121025085449
977.0 98.9093005657196
978.0 98.99796843528748
979.0 98.96787405014038
980.0 98.93558025360107
981.0 98.9094078540802
982.0 98.85971546173096
983.0 98.91671538352966
984.0 98.88593554496765
985.0 98.88222813606262
986.0 98.75630140304565
987.0 98.79189729690552
988.0 98.68041276931763
989.0 98.67998361587524
990.0 98.60548377037048
991.0 98.58571290969849
992.0 98.61729741096497
993.0 98.54899644851685
994.0 98.51109385490417
995.0 98.52113127708435
996.0 98.47501516342163
997.0 98.56603145599365
998.0 98.5943615436554
999.0 98.61840009689331
1000.0 98.69369268417358
1001.0 98.64674806594849
1002.0 98.78497123718262
1003.0 98.7976610660553
1004.0 98.89946579933167
1005.0 98.89740943908691
1006.0 99.02470707893372
1007.0 99.00360703468323
1008.0 99.01391863822937
1009.0 98.95915985107422
1010.0 99.06219840049744
1011.0 99.06787872314453
1012.0 98.96490573883057
1013.0 99.0035355091095
1014.0 98.9744484424591
1015.0 98.92894625663757
1016.0 98.89668226242065
1017.0 98.92040491104126
1018.0 98.93888831138611
1019.0 98.84418249130249
1020.0 98.90647530555725
1021.0 98.98324012756348
1022.0 98.83692860603333
1023.0 98.88253808021545
1024.0 98.88092279434204
1025.0 98.820561170578
1026.0 98.86319041252136
1027.0 98.9477276802063
1028.0 98.9118218421936
1029.0 98.98698329925537
1030.0 99.0360975265503
1031.0 99.0069329738617
1032.0 99.02729988098145
1033.0 98.99611473083496
1034.0 99.01660084724426
1035.0 99.08308982849121
1036.0 99.03932213783264
1037.0 98.99401068687439
1038.0 98.97515177726746
1039.0 98.94205927848816
1040.0 98.87579083442688
1041.0 98.95076155662537
1042.0 98.89626502990723
1043.0 98.79059195518494
1044.0 98.87563586235046
1045.0 98.6054539680481
1046.0 98.81765842437744
1047.0 98.66235852241516
1048.0 98.70001077651978
1049.0 98.561030626297
1050.0 98.634934425354
1051.0 98.5782265663147
1052.0 98.60035181045532
1053.0 98.43336343765259
1054.0 98.61636161804199
1055.0 98.82223010063171
1056.0 98.65477681159973
1057.0 98.76033663749695
1058.0 98.5548734664917
1059.0 98.62585067749023
1060.0 98.78711700439453
1061.0 98.72203469276428
1062.0 98.64104986190796
1063.0 98.65801930427551
1064.0 98.96852374076843
1065.0 98.67250919342041
1066.0 98.8414466381073
1067.0 98.83887767791748
1068.0 98.83729815483093
1069.0 98.60003590583801
1070.0 99.07987117767334
1071.0 98.83227944374084
1072.0 99.00676608085632
1073.0 99.04164671897888
1074.0 98.61761331558228
1075.0 98.59625697135925
1076.0 98.51202368736267
1077.0 98.70410561561584
1078.0 98.92310500144958
1079.0 98.58220219612122
1080.0 99.21835064888
1081.0 98.65105748176575
1082.0 98.57431054115295
1083.0 98.61132502555847
1084.0 98.73639941215515
1085.0 98.73932003974915
1086.0 98.58733415603638
1087.0 98.61034750938416
1088.0 98.38778376579285
1089.0 98.45948219299316
1090.0 98.59259128570557
1091.0 98.43671321868896
1092.0 98.48436117172241
1093.0 98.350590467453
1094.0 98.39577674865723
1095.0 98.16532135009766
1096.0 98.44813346862793
1097.0 98.39600324630737
1098.0 97.63328433036804
1099.0 98.45582842826843
1100.0 98.10200929641724
