lsstCam/transmission_filter_detector/r43_s00/y_10/19700101T000000.ecsv
# %ECSV 1.0
# ---
# datatype:
# - {name: wavelength, unit: nm, datatype: float32}
# - {name: efficiency, unit: '%', datatype: float64}
# meta: !!omap
# - {MODE: DETECTOR}
# - {TYPE: transmission_filter_detector}
# - {CALIBDATE: '1970-01-01T00:00:00'}
# - {INSTRUME: LSSTCam}
# - {OBSTYPE: transmission_filter_detector}
# - {CALIBCLS: lsst.ip.isr.IntermediateFilterDetectorTransmissionCurve}
# - {SOURCE: Materion (DM-46256)}
# - {DETECTOR: 180}
# - {FILTER: y_10}
# - {CALIB_ID: 'calibDate=1970-01-01T00:00:00 filter=y_10 detector=180'}
# - {DATE: '2025-04-02T15:59:51.575352'}
# - {CALIB_CREATION_DATE: '2025-04-02'}
# - {CALIB_CREATION_TIME: '15:59:51'}
# - __serialized_columns__:
#     efficiency:
#       __class__: astropy.units.quantity.Quantity
#       unit: !astropy.units.Unit {unit: '%'}
#       value: !astropy.table.SerializedColumn {name: efficiency}
#     wavelength:
#       __class__: astropy.units.quantity.Quantity
#       unit: !astropy.units.Unit {unit: nm}
#       value: !astropy.table.SerializedColumn {name: wavelength}
# schema: astropy-2.0
wavelength efficiency
[from data line 576]
876.0 0.002136109469574876
877.0 0.0018175855075241998
878.0 0.0014990617273724638
879.0 0.0015449679267476313
880.0 0.06225610268302262
881.0 0.08880469249561429
882.0 0.06480164011009037
883.0 0.0902056519407779
884.0 0.05921260453760624
885.0 0.10157831711694598
886.0 0.055228458950296044
887.0 0.10177544318139553
888.0 0.07303900783881545
889.0 0.11454143095761538
890.0 0.07060746429488063
891.0 0.08734118891879916
892.0 0.058639695635065436
893.0 0.11298606405034661
894.0 0.07740621222183108
895.0 0.10886741802096367
896.0 0.08062285487540066
897.0 0.10493260342627764
898.0 0.07275164825841784
899.0 0.12467877240851521
900.0 0.08677333244122565
901.0 0.13238252140581608
902.0 0.13764066388830543
903.0 0.16200528480112553
904.0 0.18749451264739037
905.0 0.22046614903956652
906.0 0.26964687276631594
907.0 0.3377189626917243
908.0 0.42516463436186314
909.0 0.5710096098482609
910.0 0.8166307583451271
911.0 1.1140573769807816
912.0 1.6487188637256622
913.0 2.4676868692040443
914.0 3.4735452383756638
915.0 5.003456771373749
916.0 6.9443851709365845
917.0 9.116125851869583
918.0 11.711734533309937
919.0 14.212973415851593
920.0 17.607976496219635
921.0 21.063600480556488
922.0 24.439918994903564
923.0 28.42111587524414
924.0 32.74974524974823
925.0 37.59462833404541
926.0 43.540868163108826
927.0 50.06226897239685
928.0 55.99073767662048
929.0 62.50314116477966
930.0 68.36418509483337
931.0 74.22000765800476
932.0 79.75074648857117
933.0 84.52767729759216
934.0 88.10955286026001
935.0 90.75725674629211
936.0 92.81091690063477
937.0 94.29957866668701
938.0 95.29756307601929
939.0 95.80550789833069
940.0 96.20190262794495
941.0 96.46397829055786
942.0 96.63931727409363
943.0 96.81846499443054
944.0 97.15402722358704
945.0 97.08974361419678
946.0 97.18723893165588
947.0 97.20449447631836
948.0 97.32208251953125
949.0 97.25005626678467
950.0 97.34304547309875
951.0 97.38101959228516
952.0 97.44916558265686
953.0 97.645103931427
954.0 97.67999053001404
955.0 97.7636992931366
956.0 98.0194628238678
957.0 98.18385243415833
958.0 98.35078716278076
959.0 98.43791723251343
960.0 98.58523607254028
961.0 98.6635684967041
962.0 98.74674081802368
963.0 98.77769351005554
964.0 98.82329106330872
965.0 98.8363265991211
966.0 98.92976880073547
967.0 98.96828532218933
968.0 98.95467758178711
969.0 98.93373847007751
970.0 98.99303317070007
971.0 99.06066656112671
972.0 99.08023476600647
973.0 99.16450381278992
974.0 99.18762445449829
975.0 99.15509223937988
976.0 99.22569990158081
977.0 99.18394088745117
978.0 99.26572442054749
979.0 99.21718239784241
980.0 99.18508529663086
981.0 99.09073114395142
982.0 99.03092980384827
983.0 99.07832741737366
984.0 98.99573922157288
985.0 99.00081753730774
986.0 98.87178540229797
987.0 98.96908402442932
988.0 98.8372802734375
989.0 98.81694912910461
990.0 98.78506660461426
991.0 98.78636598587036
992.0 98.86349439620972
993.0 98.8183081150055
994.0 98.77356290817261
995.0 98.84281754493713
996.0 98.8030731678009
997.0 98.95707964897156
998.0 98.95912408828735
999.0 99.00482892990112
1000.0 99.04759526252747
1001.0 99.0194022655487
1002.0 99.11067485809326
1003.0 99.14230108261108
1004.0 99.24572110176086
1005.0 99.18621182441711
1006.0 99.30292963981628
1007.0 99.26953315734863
1008.0 99.25285577774048
1009.0 99.2036759853363
1010.0 99.26591515541077
1011.0 99.23712611198425
1012.0 99.1365909576416
1013.0 99.16667342185974
1014.0 99.12496209144592
1015.0 99.09936189651489
1016.0 99.04444813728333
1017.0 99.07581806182861
1018.0 99.14119839668274
1019.0 99.05805587768555
1020.0 99.07264113426208
1021.0 99.20668601989746
1022.0 99.07114505767822
1023.0 99.14420247077942
1024.0 99.10832643508911
1025.0 99.127197265625
1026.0 99.14492964744568
1027.0 99.23976063728333
1028.0 99.16364550590515
1029.0 99.2864191532135
1030.0 99.32793974876404
1031.0 99.26857948303223
1032.0 99.28022623062134
1033.0 99.26410913467407
1034.0 99.35822486877441
1035.0 99.32952523231506
1036.0 99.25577640533447
1037.0 99.27306175231934
1038.0 99.23118948936462
1039.0 99.18251037597656
1040.0 99.11034107208252
1041.0 99.18531775474548
1042.0 99.1887629032135
1043.0 99.11743998527527
1044.0 99.18562173843384
1045.0 98.89297485351562
1046.0 99.12306666374207
1047.0 98.97372722625732
1048.0 99.07190799713135
1049.0 98.97931218147278
1050.0 98.95200729370117
1051.0 98.92868995666504
1052.0 98.98608922958374
1053.0 98.83103966712952
1054.0 99.15434718132019
1055.0 99.10281300544739
1056.0 98.95351529121399
1057.0 99.11724328994751
1058.0 98.97415041923523
1059.0 98.95688891410828
1060.0 99.06638860702515
1061.0 99.1165816783905
1062.0 99.01919364929199
1063.0 98.93679022789001
1064.0 99.12863969802856
1065.0 99.08309578895569
1066.0 99.12464022636414
1067.0 99.13740754127502
1068.0 99.00866746902466
1069.0 98.9739716053009
1070.0 99.31106567382812
1071.0 99.02201890945435
1072.0 98.99426102638245
1073.0 99.22110438346863
1074.0 98.82185459136963
1075.0 98.91124367713928
1076.0 98.63460063934326
1077.0 99.08969402313232
1078.0 99.23756122589111
1079.0 98.77015948295593
1080.0 99.49234127998352
1081.0 98.7492322921753
1082.0 98.75743985176086
1083.0 98.80238175392151
1084.0 99.23923015594482
1085.0 98.86943697929382
1086.0 98.90193939208984
1087.0 98.93377423286438
1088.0 98.89041781425476
1089.0 98.58644604682922
1090.0 98.7464964389801
1091.0 98.65514039993286
1092.0 98.77367615699768
1093.0 98.73648285865784
1094.0 98.43182563781738
1095.0 98.51576089859009
1096.0 98.62043857574463
1097.0 98.29835891723633
1098.0 97.72949814796448
1099.0 98.85889291763306
1100.0 98.01087379455566
