lsstCam/transmission_filter_detector/r43_s00/y_10/19700101T000000.ecsv
# %ECSV 1.0
# ---
# datatype:
# - {name: wavelength, unit: nm, datatype: float32}
# - {name: efficiency, unit: '%', datatype: float64}
# meta: !!omap
# - {MODE: DETECTOR}
# - {TYPE: transmission_filter_detector}
# - {CALIBDATE: '1970-01-01T00:00:00'}
# - {INSTRUME: LSSTCam}
# - {OBSTYPE: transmission_filter_detector}
# - {CALIBCLS: lsst.ip.isr.IntermediateFilterDetectorTransmissionCurve}
# - {SOURCE: Materion (DM-46256)}
# - {DETECTOR: 180}
# - {FILTER: y_10}
# - {CALIB_ID: 'calibDate=1970-01-01T00:00:00 filter=y_10 detector=180'}
# - {DATE: '2025-04-02T15:59:51.575352'}
# - {CALIB_CREATION_DATE: '2025-04-02'}
# - {CALIB_CREATION_TIME: '15:59:51'}
# - __serialized_columns__:
#     efficiency:
#       __class__: astropy.units.quantity.Quantity
#       unit: !astropy.units.Unit {unit: '%'}
#       value: !astropy.table.SerializedColumn {name: efficiency}
#     wavelength:
#       __class__: astropy.units.quantity.Quantity
#       unit: !astropy.units.Unit {unit: nm}
#       value: !astropy.table.SerializedColumn {name: wavelength}
# schema: astropy-2.0
wavelength efficiency
300.0 0.023089467140380293
301.0 0.02124246530001983
302.0 0.019395463459659368
303.0 0.01651808706810698
304.0 0.013640709221363068
305.0 0.012452955706976354
306.0 0.011265204375376925
307.0 0.010958354687318206
308.0 0.010651508637238294
309.0 0.00978736934484914
310.0 0.008923230780055746
311.0 0.007399669266305864
312.0 0.005876108116353862
313.0 0.006583888171007857
314.0 0.007291666406672448
315.0 0.005943442738498561
316.0 0.004595219070324674
317.0 0.00497745095344726
318.0 0.005359683927963488
319.0 0.003196879697497934
320.0 0.0010340756489313208
321.0 0.001612575761100743
322.0 0.002191075873270165
323.0 0.002805022450047545
324.0 0.0034189688449259847
325.0 0.0032854452001629397
326.0 0.0031519219191977754
327.0 0.002904472785303369
328.0 0.0026570238333079033
329.0 0.002989090535265859
330.0 0.0033211574191227555
331.0 0.0030618572054663673
332.0 0.0028025566280120984
333.0 0.002072807365038898
334.0 0.001343057920166757
335.0 0.0017213154933415353
336.0 0.0020995728846173733
337.0 0.0017833048332249746
338.0 0.0014670371456304565
339.0 0.0012191151654405985
340.0 0.0009711931852507405
341.0 0.0011249538147239946
342.0 0.0012787144441972487
343.0 0.0017280559404753149
344.0 0.0021773972548544407
345.0 0.0013766583833785262
346.0 0.0005759194664278766
347.0 0.001042543226503767
348.0 0.0015091668501554523
349.0 0.0014451117749558762
350.0 0.00138105660880683
351.0 0.0014140168786980212
352.0 0.0014469771485892124
353.0 0.0013159497939341236
354.0 0.0011849221664306242
355.0 0.0018366594304097816
356.0 0.0024883969672373496
357.0 0.001778738442226313
358.0 0.001069080190063687
359.0 0.000983998688752763
360.0 0.0008989173693407793
361.0 0.0009423406481801067
362.0 0.0009857640179689042
363.0 0.0010541836672928184
364.0 0.0011226033166167326
365.0 0.0012263892131159082
366.0 0.0013301751096150838
367.0 0.0016403739209636115
368.0 0.0019505723685142584
369.0 0.0015290099327103235
370.0 0.0011074478607042693
371.0 0.001169542065326823
372.0 0.001231636451848317
373.0 0.0015956218703649938
374.0 0.0019596072888816707
375.0 0.0027917059924220666
376.0 0.0036238045140635222
377.0 0.004029339470434934
378.0 0.004434874790604226
379.0 0.004105165135115385
380.0 0.0037754558434244245
381.0 0.003131998164462857
382.0 0.0024885401217034087
383.0 0.0017343541912850924
384.0 0.0009801682608667761
385.0 0.0007562273367511807
386.0 0.0005322864581103204
387.0 0.0004546496256807586
388.0 0.00037701279325119685
389.0 0.0004252755843481282
390.0 0.0004735383299703244
391.0 0.0004898441602563253
392.0 0.000506149945067591
393.0 0.0006066395144443959
394.0 0.0007071290383464657
395.0 0.0007251460374391172
396.0 0.0007431630365317687
397.0 0.0008019915185286663
398.0 0.0008608200914750341
399.0 0.001023986260406673
400.0 0.0011871524293383118
401.0 0.0014804792044742499
402.0 0.0017738058886607178
403.0 0.0018285665646544658
404.0 0.0018833270587492734
405.0 0.0019467172023723833
406.0 0.0020101073459954932
407.0 0.0018382010239292867
408.0 0.0016662947018630803
409.0 0.00157360755110858
410.0 0.0014809205822530203
411.0 0.0011377598639228381
412.0 0.0007945992365421262
413.0 0.0010184815437241923
414.0 0.0012423640328051988
415.0 0.0007625704256497556
416.0 0.000282776591120637
417.0 7.714643857070769e-05
418.0 1.6200365701712904e-10
419.0 1.6200365701712904e-10
420.0 1.6200365701712904e-10
421.0 1.4013212989993917e-05
422.0 0.00017138216890089097
423.0 4.766613130868791e-05
424.0 1.6200365701712904e-10
425.0 1.6200365701712904e-10
426.0 1.6200365701712904e-10
427.0 1.6200365701712904e-10
428.0 0.00026491557036933955
429.0 7.364229190898186e-05
430.0 1.6200365701712904e-10
431.0 1.6200365701712904e-10
432.0 1.6200365701712904e-10
433.0 1.6200365701712904e-10
434.0 7.102034942363389e-05
435.0 0.00023504107957705855
436.0 0.00039906203710415866
437.0 0.00024044097699515987
438.0 8.182001351997314e-05
439.0 0.00047252206059056334
440.0 0.0008632241588202305
441.0 0.00041097468965745065
442.0 1.6200365701712904e-10
443.0 0.00011332525673424243
444.0 0.0002679254521353869
445.0 9.708296602184419e-05
446.0 1.6200365701712904e-10
447.0 1.6200365701712904e-10
448.0 1.6200365701712904e-10
449.0 1.6200365701712904e-10
450.0 0.00010696430763346143
451.0 0.00015382945548481075
452.0 0.00020069464881089516
453.0 0.00017277479855692945
454.0 0.0001448550506211177
455.0 0.0003447317794780247
456.0 0.0005446084742288804
457.0 0.00027894220693269745
458.0 1.3275754895403225e-05
459.0 0.00011007249440808664
460.0 0.00020686936750280438
461.0 0.0001016754936244979
462.0 1.6200365701712904e-10
463.0 0.00029326135972951306
464.0 0.00059004123613704
465.0 0.0005726824838347966
466.0 0.0005553238224820234
467.0 0.0006261996077228105
468.0 0.0006970754384383326
469.0 0.0010361235581513029
470.0 0.0013751717233390082
471.0 0.0013177527762309182
472.0 0.0012603339200722985
473.0 0.0019887813323293813
474.0 0.0027172289264854044
475.0 0.0027341751774656586
476.0 0.002751121428445913
477.0 0.0025574752726242878
478.0 0.0023638289349037223
479.0 0.0029826260288245976
480.0 0.0036014233046444133
481.0 0.003955177453462966
482.0 0.004308931966079399
483.0 0.004204555807518773
484.0 0.004100179648958147
485.0 0.003742065018741414
486.0 0.0033839503885246813
487.0 0.0028984477467020042
488.0 0.0024129452867782675
489.0 0.0022549325876752846
490.0 0.002096920070471242
491.0 0.0019295834135846235
492.0 0.001762246756698005
493.0 0.0016052326827775687
494.0 0.0014482186088571325
495.0 0.0016125697584357113
496.0 0.00177692090801429
497.0 0.0016994730685837567
498.0 0.0016220254110521637
499.0 0.0021017716790083796
500.0 0.002581517765065655
501.0 0.002666984983079601
502.0 0.002752452201093547
503.0 0.002827936077665072
504.0 0.002903419590438716
505.0 0.0026686273486120626
506.0 0.0024338347429875284
507.0 0.002184682853112463
508.0 0.0019355309632373974
509.0 0.0019223953131586313
510.0 0.0019092596630798653
511.0 0.0019283505025669
512.0 0.0019474417058518156
513.0 0.0020508854504441842
514.0 0.0021543290131376125
515.0 0.0017318432583124377
516.0 0.0013093574125377927
517.0 0.0012294020962144714
518.0 0.0011494465070427395
519.0 0.0012373601748549845
520.0 0.0013252740245661698
521.0 0.00129013424157165
522.0 0.0012549943676276598
523.0 0.0015225556126097217
524.0 0.001790116584743373
525.0 0.0019525758034433238
526.0 0.002115034840244334
527.0 0.0022273197828326374
528.0 0.0023396047254209407
529.0 0.0023565800802316517
530.0 0.002373555616941303
531.0 0.002159470932383556
532.0 0.0019453864297247492
533.0 0.0021088420908199623
534.0 0.0022722977519151755
535.0 0.0020718412997666746
536.0 0.0018713850295171142
537.0 0.001850111766543705
538.0 0.0018288388673681766
539.0 0.002287190181959886
540.0 0.002745541132753715
541.0 0.0034320750273764133
542.0 0.004118608558201231
543.0 0.004267207987140864
544.0 0.004415807416080497
545.0 0.004845936564379372
546.0 0.0052760653488803655
547.0 0.004816292130271904
548.0 0.004356518184067681
549.0 0.003453060344327241
550.0 0.0025496023226878606
551.0 0.00222788548853714
552.0 0.001906168290588539
553.0 0.0021566385839832947
554.0 0.002407109241175931
555.0 0.003207089685020037
556.0 0.004007070674560964
557.0 0.004288947457098402
558.0 0.00457082423963584
559.0 0.004307525887270458
560.0 0.004044227171107195
561.0 0.0037354016967583448
562.0 0.0034265762224094942
563.0 0.003305606878711842
564.0 0.003184637171216309
565.0 0.003510415626806207
566.0 0.0038361933548003435
567.0 0.0041593822970753536
568.0 0.004482570875552483
569.0 0.0048711593990447
570.0 0.005259747922536917
571.0 0.005710871118935756
572.0 0.0061619946791324764
573.0 0.0063851941376924515
574.0 0.006608394323848188
575.0 0.006617449253099039
576.0 0.006626503454754129
577.0 0.006213186134118587
578.0 0.005799869177280925
579.0 0.005377950219553895
580.0 0.004956031625624746
581.0 0.005614667679765262
582.0 0.006273303733905777
583.0 0.007567406282760203
584.0 0.008861508831614628
585.0 0.00975232760538347
586.0 0.010643149289535359
587.0 0.010654758079908788
588.0 0.01066636759787798
589.0 0.010431475675432011
590.0 0.010196585208177567
591.0 0.009593685535946861
592.0 0.008990787318907678
593.0 0.008058171079028398
594.0 0.0071255548391491175
595.0 0.006235336331883445
596.0 0.005345117824617773
597.0 0.005397054337663576
598.0 0.005448991214507259
599.0 0.006350950570777059
600.0 0.0072529102908447385
601.0 0.008357571641681716
602.0 0.00946223153732717
603.0 0.01016283204080537
604.0 0.010863433999475092
605.0 0.010712704533943906
606.0 0.010561976523604244
607.0 0.010036310413852334
608.0 0.009510643576504663
609.0 0.008298736065626144
610.0 0.007086829282343388
611.0 0.005503555803443305
612.0 0.0039202826883411035
613.0 0.0036883455322822556
614.0 0.0034564083762234077
615.0 0.0039052578358678147
616.0 0.004354107295512222
617.0 0.005648296792060137
618.0 0.00694248519721441
619.0 0.008526571764377877
620.0 0.010110657603945583
621.0 0.010816892609000206
622.0 0.011523126886459067
623.0 0.011619163706200197
624.0 0.011715199798345566
625.0 0.01112148238462396
626.0 0.010527765698498115
627.0 0.009114001295529306
628.0 0.007700237620156258
629.0 0.006140470213722438
630.0 0.004580701352097094
631.0 0.003710775126819499
632.0 0.002840848537744023
633.0 0.0026822846848517656
634.0 0.0025237210138584487
635.0 0.002579882311692927
636.0 0.0026360436095274054
637.0 0.0032542215194553137
638.0 0.0038723996112821624
639.0 0.004531534796115011
640.0 0.00519067034474574
641.0 0.005470201722346246
642.0 0.005749733099946752
643.0 0.005901728945900686
644.0 0.006053724428056739
645.0 0.005440421955427155
646.0 0.00482711911899969
647.0 0.004475986497709528
648.0 0.004124853512621485
649.0 0.003170992567902431
650.0 0.0022171318050823174
651.0 0.00209278950933367
652.0 0.0019684470316860825
653.0 0.001797159893612843
654.0 0.0016258725736406632
655.0 0.0015908322893665172
656.0 0.0015557921869913116
657.0 0.001746382076817099
658.0 0.0019369719666428864
659.0 0.0017301221305388026
660.0 0.0015232722944347188
661.0 0.0015560228348476812
662.0 0.001588773557159584
663.0 0.0017943124476005323
664.0 0.0019998511561425403
665.0 0.002388378925388679
666.0 0.0027769070584326982
667.0 0.003112387639703229
668.0 0.00344786822097376
669.0 0.004573275873553939
670.0 0.0056986835261341184
671.0 0.006409743218682706
672.0 0.0071208014560397714
673.0 0.007366114004980773
674.0 0.007611425826326013
675.0 0.007189774623839185
676.0 0.006768123421352357
677.0 0.00630210415693
678.0 0.005836083801114
679.0 0.0048162695748033
680.0 0.0037964549846947193
681.0 0.0024727425625314936
682.0 0.0011490297765703872
683.0 0.0008229550076066516
684.0 0.0004968803750671213
685.0 0.0003216763161617564
686.0 0.00014647225725639146
687.0 0.00021968030523566995
688.0 0.0002928883986896835
689.0 0.0002107667114614742
690.0 0.00012864495602116222
691.0 0.00020010259049740853
692.0 0.00027156013402418466
693.0 0.0003448032430242165
694.0 0.0004180461928626755
695.0 0.0003512159764795797
696.0 0.0002843859192580567
697.0 0.00037642330426024273
698.0 0.00046846062105032615
699.0 0.0004191894731775392
700.0 0.0003699183253047522
701.0 0.00018271737189934356
702.0 1.6200365701712904e-10
703.0 0.00011695902912833844
704.0 0.0002384017534495797
705.0 0.0002681598061826662
706.0 0.0002979179043904878
707.0 0.00027015510113415075
708.0 0.00024239234335254878
709.0 0.0002943249683085014
710.0 0.00034625759326445404
711.0 0.00030241346848924877
712.0 0.00025856927550194087
713.0 0.00015640993069609976
714.0 5.425057452157489e-05
715.0 1.7028899890192406e-05
716.0 1.6200365701712904e-10
717.0 8.333175287589256e-05
718.0 0.00018685619807001785
719.0 6.323305115074618e-05
720.0 1.6200365701712904e-10
721.0 0.00019756780602619983
722.0 0.0004555256964522414
723.0 0.00020818840766878566
724.0 1.6200365701712904e-10
725.0 0.0003146480366922333
726.0 0.0006684450454486068
727.0 0.00035724790450331056
728.0 4.605076924235618e-05
729.0 0.00017445087223677547
730.0 0.0003028508672286989
731.0 0.00026226300633425126
732.0 0.00022167503175296588
733.0 0.0002951475835288875
734.0 0.00036862031720374944
735.0 0.000251134565587563
736.0 0.00013364882534006028
737.0 0.00038620783016085625
738.0 0.0006387667326634983
739.0 0.0003944172476622043
740.0 0.00015006789908511564
741.0 0.00011455573485363857
742.0 7.90436104125547e-05
743.0 0.0003231028358641197
744.0 0.0005671621238434454
745.0 0.0004984467068425147
746.0 0.0004297314262657892
747.0 0.0004223491032462334
748.0 0.00041496687117614783
749.0 0.0003877881226799218
750.0 0.00036060937418369576
751.0 0.00024357709662581328
752.0 0.00012654500096687116
753.0 0.00016639552313790773
754.0 0.00020624618173314957
755.0 0.00037501295082620345
756.0 0.00054377978813136
757.0 0.0004986206022294937
758.0 0.0004534613253781572
759.0 0.0002876253574868315
760.0 0.00012178920769656543
761.0 0.0002680553961909027
762.0 0.0004143214027862996
763.0 0.0003632777179518598
764.0 0.0003122338966932148
765.0 0.00016178769328689668
766.0 1.134149698600595e-05
767.0 3.213761345932653e-06
768.0 1.6200365701712904e-10
769.0 1.6200365701712904e-10
770.0 1.6200365701712904e-10
771.0 1.7740168800628453e-05
772.0 8.78449668562098e-05
773.0 0.00011748172710213112
774.0 0.00014711844187331735
775.0 0.00029717994038946927
776.0 0.0004472414275369374
777.0 0.00036928495319443755
778.0 0.0002913283196903649
779.0 0.0005480125309986761
780.0 0.0008046967195696197
781.0 0.0007396770797640784
782.0 0.0006746573035343317
783.0 0.0004968543635186506
784.0 0.0003190514462403371
785.0 0.00024818255042191595
786.0 0.00017731364323481102
787.0 0.0004504388925852254
788.0 0.0007235641078295885
789.0 0.0003603148797992617
790.0 1.6200365701712904e-10
791.0 0.00018173200260207523
792.0 0.0003663985353341559
793.0 0.0006465233582275687
794.0 0.0009266481356462464
795.0 0.0006206312718859408
796.0 0.0003146142944387975
797.0 0.0006911314358148957
798.0 0.001067648463504156
799.0 0.000805872605269542
800.0 0.0005440967015601927
801.0 0.0006244284122658428
802.0 0.0007047602593956981
803.0 0.0007158697826525895
804.0 0.0007269791240105405
805.0 0.0006883576588734286
806.0 0.0006497361482615815
807.0 0.00046562568059016485
808.0 0.0002815151447066455
809.0 0.0006673446932836669
810.0 0.0010531743100727908
811.0 0.0008585127943661064
812.0 0.0006638514150836272
813.0 0.0005301141300151357
814.0 0.00039637689042137936
815.0 0.00034870281524490565
816.0 0.0003010287173310644
817.0 0.0004497360350796953
818.0 0.0005984433300909586
819.0 0.0006290937562880572
820.0 0.0006597442734346259
821.0 0.0007955244655022398
822.0 0.0009313046575698536
823.0 0.0007333842404477764
824.0 0.0005354641871235799
825.0 0.0006686767392238835
826.0 0.0008018892913241871
827.0 0.00045636975301022176
828.0 0.0001108501123781025
829.0 0.00041392304410692304
830.0 0.0007169957370933844
831.0 0.0008837556379148737
832.0 0.001050515584211098
833.0 0.000864423782331869
834.0 0.0006783320259273751
835.0 0.00042923543333017733
836.0 0.00018013903400060371
837.0 0.00046280906644824427
838.0 0.0007454792012140388
839.0 0.0007576375992357498
840.0 0.0007697960427321959
841.0 0.0007196706519607687
842.0 0.0006695453066640766
843.0 0.0009190620403387584
844.0 0.001168578728538705
845.0 0.0009884784049063455
846.0 0.000808378081273986
847.0 0.0009016980584419798
848.0 0.0009950181265594438
849.0 0.0010268528058077209
850.0 0.0010586875760054681
851.0 0.0008115531272778753
852.0 0.0005644187694997527
853.0 0.0005259574209048878
854.0 0.00048749625420896336
855.0 0.0006476006092270836
856.0 0.0008077047823462635
857.0 0.001153922039520694
858.0 0.001500139114796184
859.0 0.0013963423043605871
860.0 0.0012925454029755201
861.0 0.0012830271771235857
862.0 0.001273508769372711
863.0 0.001476429770264076
864.0 0.001679350680205971
865.0 0.0018391565390629694
866.0 0.001998962579818908
867.0 0.0023185772079159506
868.0 0.0026381921998108737
869.0 0.0027994761694571935
870.0 0.002960759957204573
871.0 0.0030319786674226634
872.0 0.0031031977414386347
873.0 0.0029531958716688678
874.0 0.0028031943656969815
