lsstCam/transmission_filter_detector/r43_s10/r_57/19700101T000000.ecsv
# %ECSV 1.0
# ---
# datatype:
# - {name: wavelength, unit: nm, datatype: float32}
# - {name: efficiency, unit: '%', datatype: float64}
# meta: !!omap
# - {MODE: DETECTOR}
# - {TYPE: transmission_filter_detector}
# - {CALIBDATE: '1970-01-01T00:00:00'}
# - {INSTRUME: LSSTCam}
# - {OBSTYPE: transmission_filter_detector}
# - {CALIBCLS: lsst.ip.isr.IntermediateFilterDetectorTransmissionCurve}
# - {SOURCE: Materion (DM-46256)}
# - {DETECTOR: 183}
# - {FILTER: r_57}
# - {CALIB_ID: 'calibDate=1970-01-01T00:00:00 filter=r_57 detector=183'}
# - {DATE: '2025-04-02T15:59:45.030754'}
# - {CALIB_CREATION_DATE: '2025-04-02'}
# - {CALIB_CREATION_TIME: '15:59:45'}
# - __serialized_columns__:
#     efficiency:
#       __class__: astropy.units.quantity.Quantity
#       unit: !astropy.units.Unit {unit: '%'}
#       value: !astropy.table.SerializedColumn {name: efficiency}
#     wavelength:
#       __class__: astropy.units.quantity.Quantity
#       unit: !astropy.units.Unit {unit: nm}
#       value: !astropy.table.SerializedColumn {name: wavelength}
# schema: astropy-2.0
wavelength efficiency
300.0 0.0028668280720012262
301.0 0.007197311788331717
302.0 0.011527795868460089
303.0 0.014076393563300371
304.0 0.016624992713332176
305.0 0.014946958981454372
306.0 0.013268925249576569
307.0 0.01169553361251019
308.0 0.010122142703039572
309.0 0.009004004823509604
310.0 0.007885866943979636
311.0 0.007240564445964992
312.0 0.00659526267554611
313.0 0.005902307020733133
314.0 0.005209352093515918
315.0 0.005018561569158919
316.0 0.004827771408599801
317.0 0.004389653986436315
318.0 0.0039515376556664705
319.0 0.003838117845589295
320.0 0.003724697307916358
321.0 0.0036344968975754455
322.0 0.003544297578628175
323.0 0.0032923955586738884
324.0 0.0030404937206185423
325.0 0.00283705594483763
326.0 0.0026336183509556577
327.0 0.00273082605417585
328.0 0.002828033575497102
329.0 0.002938959551102016
330.0 0.0030498851629090495
331.0 0.0028917267627548426
332.0 0.0027335676350048743
333.0 0.002378974932071287
334.0 0.0020243820472387597
335.0 0.0018901866496889852
336.0 0.0017559912521392107
337.0 0.0015879972124821506
338.0 0.0014200029909261502
339.0 0.0012850407074438408
340.0 0.001150078242062591
341.0 0.0011749917575798463
342.0 0.0011999051821476314
343.0 0.001181338848255109
344.0 0.0011627726053120568
345.0 0.0011154798812640365
346.0 0.0010681871572160162
347.0 0.00101181658465066
348.0 0.0009554457392368931
349.0 0.0009716226486489177
350.0 0.0062004808569327
351.0 0.005649074591929093
352.0 0.005097670509712771
353.0 0.005034000059822574
354.0 0.004970330337528139
355.0 0.005140181019669399
356.0 0.005310031701810658
357.0 0.005127635813551024
358.0 0.004945241380482912
359.0 0.0038008565752534196
360.0 0.0026564715881249867
361.0 0.0032969048334052786
362.0 0.003937338624382392
363.0 0.0032436419132864103
364.0 0.002549945202190429
365.0 0.0027531988962437026
366.0 0.0029564525902969763
367.0 0.0038091213355073705
368.0 0.004661789716919884
369.0 0.0042703974031610414
370.0 0.0038790065445937216
371.0 0.0035100612876703963
372.0 0.0031411163945449516
373.0 0.00368482869816944
374.0 0.004228540637996048
375.0 0.0032793926948215812
376.0 0.0023302447516471148
377.0 0.001990893179026898
378.0 0.001651541970204562
379.0 0.0019395916751818731
380.0 0.0022276415620581247
381.0 0.003292096880613826
382.0 0.004356552381068468
383.0 0.004578779044095427
384.0 0.004801006434718147
385.0 0.005280754703562707
386.0 0.0057605029724072665
387.0 0.0047445500968024135
388.0 0.0037285968573996797
389.0 0.002812177626765333
390.0 0.0018957580323331058
391.0 0.0016530617358512245
392.0 0.0014103654393693432
393.0 0.0011658799849101342
394.0 0.0009213947123498656
395.0 0.0013655040675075725
396.0 0.0018096134226652794
397.0 0.0016731873984099366
398.0 0.001536761010356713
399.0 0.0013088603736832738
400.0 0.0010809599189087749
401.0 0.0009958848750102334
402.0 0.0009108098311116919
403.0 0.001247243744728621
404.0 0.0015836776583455503
405.0 0.001570222775626462
406.0 0.001556768074806314
407.0 0.0014411435586225707
408.0 0.001325519315287238
409.0 0.0014427434507524595
410.0 0.0015599674952682108
411.0 0.0016569028957746923
412.0 0.0017538382962811738
413.0 0.0015405095837195404
414.0 0.001327180871157907
415.0 0.0013843174201610964
416.0 0.0014414541510632262
417.0 0.0018462613297742791
418.0 0.002251068508485332
419.0 0.0029926230126875453
420.0 0.0037341775168897584
421.0 0.005523275103769265
422.0 0.007312370871659368
423.0 0.01037848342093639
424.0 0.01344459451502189
425.0 0.018221305799670517
426.0 0.022998017084319144
427.0 0.022872195404488593
428.0 0.022746375179849565
429.0 0.018053202074952424
430.0 0.013360030425246805
431.0 0.009464711911277846
432.0 0.0055693915783194825
433.0 0.004678313052863814
434.0 0.0037872341636102647
435.0 0.0030890805646777153
436.0 0.0023909266019472852
437.0 0.0019371027519810013
438.0 0.0014832784472673666
439.0 0.0012601791240740567
440.0 0.001037079800880747
441.0 0.0011581113540160004
442.0 0.001279142907151254
443.0 0.0014557236681866925
444.0 0.0016323041563737206
445.0 0.0011735821317415684
446.0 0.0007148601525841514
447.0 0.0010202521480096038
448.0 0.001325644007010851
449.0 0.0014495446521323174
450.0 0.0015734451153548434
451.0 0.0015566467482130975
452.0 0.0015398487448692322
453.0 0.0015583631466142833
454.0 0.0015768780940561555
455.0 0.001338254332949873
456.0 0.001099630753742531
457.0 0.0012064657312294003
458.0 0.0013133009815646801
459.0 0.0014337839274958242
460.0 0.0015542666005785577
461.0 0.0022303305740933865
462.0 0.002906394911406096
463.0 0.0038153681089170277
464.0 0.00472434185212478
465.0 0.005767880429630168
466.0 0.006811418279539794
467.0 0.007341653690673411
468.0 0.007871892012190074
469.0 0.006735351053066552
470.0 0.005598810821538791
471.0 0.004081077349837869
472.0 0.002563344060035888
473.0 0.0019009363313671201
474.0 0.001238528966496233
475.0 0.0010956661753880326
476.0 0.0009528036571282428
477.0 0.0010217874660156667
478.0 0.0010907711839536205
479.0 0.0009680943549028598
480.0 0.0008454173439531587
481.0 0.0008289167453767732
482.0 0.0008124160558509175
483.0 0.0006807938916608691
484.0 0.0005491715910466155
485.0 0.0007417751476168633
486.0 0.0009343784768134356
487.0 0.0009056612725544255
488.0 0.0008769439773459453
489.0 0.0009488576324656606
490.0 0.0010207711966359057
491.0 0.0009416707143827807
492.0 0.000862570323079126
493.0 0.0009131679689744487
494.0 0.0009637654329708312
495.0 0.001036550929711666
496.0 0.0011093364264525007
497.0 0.0011343443475198
498.0 0.0011593524504860397
499.0 0.0012415986020641867
500.0 0.0013238447536423337
501.0 0.0016274358131340705
502.0 0.0019310269635752775
503.0 0.0023102820705389604
504.0 0.0026895371775026433
505.0 0.003305556674604304
506.0 0.003921575989807025
507.0 0.0047713521780679
508.0 0.005621128002530895
509.0 0.005798149140900932
510.0 0.005975169915473089
511.0 0.005396424967329949
512.0 0.004817679655388929
513.0 0.004124372571823187
514.0 0.0034310651244595647
515.0 0.003242586535634473
516.0 0.003054108310607262
517.0 0.0030988438084023073
518.0 0.003143580033793114
519.0 0.08630380616523325
520.0 0.10045371018350124
521.0 0.023688153305556625
522.0 0.07186940056271851
523.0 0.11250462848693132
524.0 0.06443489110097289
525.0 0.07750872755423188
526.0 0.12946395436301827
527.0 0.1576872542500496
528.0 0.15352992340922356
529.0 0.08653351687826216
530.0 0.18501420272514224
531.0 0.18618531757965684
532.0 0.20352844148874283
533.0 0.34645332489162683
534.0 0.3894744673743844
535.0 0.6681648083031178
536.0 0.8656769059598446
537.0 1.3485954143106937
538.0 2.0528392866253853
539.0 3.267940878868103
540.0 5.059856548905373
541.0 7.274315506219864
542.0 10.097325593233109
543.0 13.70876133441925
544.0 18.090251088142395
545.0 22.937677800655365
546.0 28.883889317512512
547.0 35.80973446369171
548.0 43.99808645248413
549.0 51.965880393981934
550.0 58.46102833747864
551.0 65.59057235717773
552.0 70.11945247650146
553.0 74.62150454521179
554.0 78.2647967338562
555.0 82.27788805961609
556.0 85.85848212242126
557.0 88.12239170074463
558.0 91.25259518623352
559.0 93.65620613098145
560.0 94.10610795021057
561.0 95.42078971862793
562.0 95.82183957099915
563.0 95.16000747680664
564.0 95.65094113349915
565.0 95.42521238327026
566.0 96.00356817245483
567.0 95.31677961349487
568.0 96.09767198562622
569.0 97.0034658908844
570.0 96.3876724243164
571.0 97.20721244812012
572.0 96.71913385391235
573.0 97.0288097858429
574.0 97.17444181442261
575.0 97.18624353408813
576.0 97.65129089355469
577.0 97.31952548027039
578.0 97.26128578186035
579.0 97.23425507545471
580.0 96.61693572998047
581.0 96.67736291885376
582.0 96.77228927612305
583.0 97.02062010765076
584.0 96.12515568733215
585.0 96.53740525245667
586.0 96.8510627746582
587.0 96.5573787689209
588.0 96.87875509262085
589.0 97.6407527923584
590.0 96.83771133422852
591.0 96.05348706245422
592.0 95.94843983650208
593.0 95.89331150054932
594.0 95.90252637863159
595.0 96.52301073074341
596.0 97.21744060516357
597.0 97.34678268432617
598.0 97.02110290527344
599.0 97.30756878852844
600.0 96.87629342079163
601.0 96.19385004043579
602.0 96.63649201393127
603.0 96.3100790977478
604.0 96.64804339408875
605.0 97.04744815826416
606.0 96.63748145103455
607.0 96.23303413391113
608.0 96.29262089729309
609.0 95.58947086334229
610.0 96.323162317276
611.0 95.85981965065002
612.0 95.82769870758057
613.0 96.90226316452026
614.0 96.56038880348206
615.0 96.3564932346344
616.0 96.4845061302185
617.0 96.44763469696045
618.0 96.25293612480164
619.0 97.17713594436646
620.0 96.32788300514221
621.0 95.93425989151001
622.0 96.55076265335083
623.0 96.89035415649414
624.0 96.51350378990173
625.0 97.19001054763794
626.0 96.23659253120422
627.0 95.60890793800354
628.0 97.23063707351685
629.0 95.85392475128174
630.0 96.7217206954956
631.0 96.46862745285034
632.0 96.90272808074951
633.0 96.42904996871948
634.0 96.16570472717285
635.0 96.56376838684082
636.0 96.0225760936737
637.0 96.01346254348755
638.0 95.53406834602356
639.0 95.547354221344
640.0 95.83199620246887
641.0 95.54219245910645
642.0 96.53604626655579
643.0 96.22963666915894
644.0 96.22198343276978
645.0 96.04451656341553
646.0 96.14757299423218
647.0 97.43408560752869
648.0 96.36028409004211
649.0 95.57321667671204
650.0 96.52729034423828
651.0 96.83712124824524
652.0 96.75728678703308
653.0 95.90862989425659
654.0 96.57610654830933
655.0 96.73362374305725
656.0 95.82860469818115
657.0 95.80347537994385
658.0 96.32484912872314
659.0 96.56291604042053
660.0 95.80570459365845
661.0 95.47956585884094
662.0 95.77947854995728
663.0 96.12346291542053
664.0 95.76024413108826
665.0 95.2415406703949
666.0 95.49826383590698
667.0 95.66400051116943
668.0 95.3869104385376
669.0 95.55562138557434
670.0 95.6603467464447
671.0 95.35325169563293
672.0 95.34361362457275
673.0 95.61180472373962
674.0 94.81709003448486
675.0 95.44118046760559
676.0 95.0073778629303
677.0 93.91140937805176
678.0 93.05958151817322
679.0 92.0562207698822
680.0 91.05069637298584
681.0 89.80606198310852
682.0 87.3824954032898
683.0 84.57882404327393
684.0 81.32394552230835
685.0 77.43406295776367
686.0 73.71392250061035
687.0 68.80336999893188
688.0 64.43889737129211
689.0 59.97893214225769
690.0 55.02336621284485
691.0 50.923216342926025
692.0 46.26675248146057
693.0 41.899946331977844
694.0 36.52316629886627
695.0 31.481152772903442
696.0 25.917744636535645
697.0 20.728398859500885
698.0 15.186287462711334
699.0 10.78547090291977
700.0 7.401774823665619
701.0 4.612588509917259
702.0 2.802441082894802
703.0 1.6509618610143661
704.0 0.973675400018692
705.0 0.547491991892457
706.0 0.35181206185370684
707.0 0.2527032047510147
708.0 0.19175831694155931
709.0 0.11337174801155925
710.0 0.08738198084756732
711.0 0.10951651493087411
712.0 0.04987238789908588
713.0 0.03767292946577072
714.0 0.020246261556167156
715.0 0.06866073235869408
716.0 0.08353992598131299
717.0 0.04895039019174874
718.0 0.05906746373511851
719.0 0.032845098758116364
720.0 1.6420361164531938e-10
721.0 0.003962117625633255
722.0 0.003878709685523063
723.0 0.0037953017454128712
724.0 0.003557718446245417
725.0 0.0033201344194822013
726.0 0.0030601022444898263
727.0 0.00280006952380063
728.0 0.0026957695808960125
729.0 0.002591469092294574
730.0 0.0024494249373674393
731.0 0.0023073806005413644
732.0 0.0022382120732800104
733.0 0.002169043364119716
734.0 0.002041353036474902
735.0 0.0019136627088300884
736.0 0.001841298580984585
737.0 0.001768934635038022
738.0 0.0015308847650885582
739.0 0.0012928350770380348
740.0 0.0014386057046067435
741.0 0.0015843765140743926
742.0 0.0014599624591937754
743.0 0.0013355485862120986
744.0 0.0013112558917782735
745.0 0.001286963470192859
746.0 0.0012341961337369867
747.0 0.0011814287972811144
748.0 0.0011360425560269505
749.0 0.0010906564057222567
750.0 0.0010470786037330981
751.0 0.0010035006198449992
752.0 0.0010201260920439381
753.0 0.0010367516551923472
754.0 0.0011058335076086223
755.0 0.0011749155419238377
756.0 0.0011154512321809307
757.0 0.0010559870133874938
758.0 0.0010604679118841887
759.0 0.0010649489922798239
760.0 0.0011772091056627687
761.0 0.0012894692190457135
762.0 0.0012489816072047688
763.0 0.0012084938134648837
764.0 0.0010605815987219103
765.0 0.000912669474928407
766.0 0.0007183784418884898
767.0 0.0005240872269496322
768.0 0.0006602494067919906
769.0 0.0007964114047354087
770.0 0.0007234236363728996
771.0 0.0006504359589598607
772.0 0.0006443742677220143
773.0 0.0006383124855346978
774.0 0.0006140062851045514
775.0 0.0005897001756238751
776.0 0.0006501704319816781
777.0 0.0007106407792889513
778.0 0.0006937604666745756
779.0 0.0006768801085854648
780.0 0.000642680697637843
781.0 0.000608481195740751
782.0 0.0006481300715677207
783.0 0.0006877791747683659
784.0 0.0007088362053764286
785.0 0.0007298933269339614
786.0 0.0006764957561244955
787.0 0.0006230981853150297
788.0 0.0006610056971112499
789.0 0.0006989134362811456
790.0 0.0005774356395704672
791.0 0.00045595761548611335
792.0 0.000548429034097353
793.0 0.0006409004527085926
794.0 0.0007539731086581014
795.0 0.0008670457646076102
796.0 0.0007739568900433369
797.0 0.000680868197378004
798.0 0.0006905515874677803
799.0 0.0007002349775575567
800.0 0.0006932308679097332
801.0 0.0006862266673124395
802.0 0.0006852329079265473
803.0 0.0006842391485406552
804.0 0.0006367691639752593
805.0 0.000589298952036188
806.0 0.0005871758730791043
807.0 0.0005850527486472856
808.0 0.0006945947461645119
809.0 0.0008041367436817382
810.0 0.000664048275211826
811.0 0.000523959943166119
812.0 0.000657334294373868
813.0 0.0007907087820058223
814.0 0.0007902842298790347
815.0 0.0007898597687017173
816.0 0.0007157867912610527
817.0 0.0006417137683456531
818.0 0.00041992334445239976
819.0 0.00019813301150861662
820.0 0.0003765717565329396
821.0 0.0005550106379814679
822.0 0.0005902391421841457
823.0 0.0006254676463868236
824.0 0.0005485748715727823
825.0 0.0004716822786576813
826.0 0.0004909835752187064
827.0 0.0005102849627292017
828.0 0.0004984696715837345
829.0 0.00048665442591300234
830.0 0.0002681909791135695
831.0 4.972754936716228e-05
832.0 5.475665716403455e-05
833.0 5.9785770645248704e-05
834.0 5.0644013072087546e-05
835.0 4.15022299193879e-05
836.0 0.00033368139611411607
837.0 0.0006258603207243141
838.0 0.0015636633179383352
839.0 0.0025014664061018266
840.0 0.0033272677683271468
841.0 0.004153068584855646
842.0 0.004749215077026747
843.0 0.0053453590226126835
844.0 0.004851185440202244
845.0 0.004357011857791804
846.0 0.004140623423154466
847.0 0.003924235716112889
848.0 0.003787407695199363
849.0 0.0036505800380837172
850.0 0.0034550466807559133
851.0 0.0032595133234281093
852.0 0.0028540209314087406
853.0 0.0024485283574904315
854.0 0.0020328754544607364
855.0 0.0016172225514310412
856.0 0.0012816411071980838
857.0 0.000946059481066186
858.0 0.0007223824923130451
859.0 0.0004987055035599042
860.0 0.00033042122140614083
861.0 0.0001621368937776424
862.0 0.00017255348438993678
863.0 0.0001829700636335474
864.0 0.0002133128418790875
865.0 0.00024365563149331138
866.0 0.00022457870727521367
867.0 0.00020550178305711597
868.0 0.00010518803037484759
869.0 4.874256376297126e-06
870.0 4.223928158353374e-05
871.0 7.960430252751394e-05
872.0 0.00010664041383279255
873.0 0.00013367654219109681
874.0 0.00013745740261583705
875.0 0.00014123828577794484
876.0 8.532025503882323e-05
877.0 2.940224419489823e-05
878.0 9.276271839553374e-06
879.0 1.6420361164531938e-10
880.0 2.3312230723604443e-05
881.0 5.7474204595564515e-05
882.0 2.658140658695629e-05
883.0 1.6420361164531938e-10
884.0 6.444539621952572e-05
885.0 0.0001332022179667547
886.0 0.00020902944015688263
887.0 0.0002848566509783268
888.0 0.0002010112893913174
889.0 0.00011716592780430801
890.0 0.00016527897059859242
891.0 0.0002133919906555093
892.0 0.00023947445697558578
893.0 0.00026555692329566227
894.0 0.00014858127315164893
895.0 3.160562869197747e-05
896.0 2.821130635766167e-05
897.0 2.4816992549858696e-05
898.0 6.822929208283313e-05
899.0 0.00011164156603626907
900.0 9.80187678578659e-05
901.0 8.439592988906952e-05
