lsstCam/transmission_filter_detector/r43_s10/r_57/19700101T000000.ecsv
# %ECSV 1.0
# ---
# datatype:
# - {name: wavelength, unit: nm, datatype: float32}
# - {name: efficiency, unit: '%', datatype: float64}
# meta: !!omap
# - {MODE: DETECTOR}
# - {TYPE: transmission_filter_detector}
# - {CALIBDATE: '1970-01-01T00:00:00'}
# - {INSTRUME: LSSTCam}
# - {OBSTYPE: transmission_filter_detector}
# - {CALIBCLS: lsst.ip.isr.IntermediateFilterDetectorTransmissionCurve}
# - {SOURCE: Materion (DM-46256)}
# - {DETECTOR: 183}
# - {FILTER: r_57}
# - {CALIB_ID: 'calibDate=1970-01-01T00:00:00 filter=r_57 detector=183'}
# - {DATE: '2025-04-02T15:59:45.030754'}
# - {CALIB_CREATION_DATE: '2025-04-02'}
# - {CALIB_CREATION_TIME: '15:59:45'}
# - __serialized_columns__:
#     efficiency:
#       __class__: astropy.units.quantity.Quantity
#       unit: !astropy.units.Unit {unit: '%'}
#       value: !astropy.table.SerializedColumn {name: efficiency}
#     wavelength:
#       __class__: astropy.units.quantity.Quantity
#       unit: !astropy.units.Unit {unit: nm}
#       value: !astropy.table.SerializedColumn {name: wavelength}
# schema: astropy-2.0
wavelength efficiency
[from data line 603]
903.0 0.00016580148667344474
904.0 0.00019988892745459452
905.0 0.00023397635686706053
906.0 0.00016080290379250073
907.0 8.762945071794093e-05
908.0 0.0001325075572822243
909.0 0.0001773856524778239
910.0 0.00011494865930217202
911.0 5.251166612652014e-05
912.0 0.0001440179858036572
913.0 0.00023552431684947805
914.0 0.0001630472979741171
915.0 9.057027909875615e-05
916.0 0.00012137545581936138
917.0 0.00015218062117128284
918.0 6.892901183164213e-05
919.0 1.6420361164531938e-10
920.0 5.199213433115801e-05
921.0 0.00011830684343294706
922.0 0.0001337323283223668
923.0 0.00014915787005520542
924.0 0.00019187389170838287
925.0 0.0002345899247302441
926.0 0.00025740355340531096
927.0 0.0002802172275551129
928.0 0.00025953861495509045
929.0 0.00023885997961770045
930.0 0.00015871627283559064
931.0 7.857256605348084e-05
932.0 0.00010688381735235453
933.0 0.00013519509138859576
934.0 0.000162612491294567
935.0 0.0001900298798318545
936.0 0.00015316176131818793
937.0 0.0001162936314358376
938.0 4.142734155720973e-05
939.0 1.6420361164531938e-10
940.0 0.0001249179945261858
941.0 0.00028327492600510595
942.0 0.0003154513933623093
943.0 0.0003476278152447776
944.0 0.0002620269924591412
945.0 0.00017642610146140214
946.0 0.0003616021786001511
947.0 0.0005467783012136351
948.0 0.0005459942713059718
949.0 0.0005452104232972488
950.0 0.0005682285063812742
951.0 0.0005912464985158294
952.0 0.0005963873718428658
953.0 0.0006015283361193724
954.0 0.0008787833394308109
955.0 0.0011560385246411897
956.0 0.0009841442988545168
957.0 0.0008122503459162544
958.0 0.0011269088645349257
959.0 0.0014415671103051864
960.0 0.0015472724044229835
961.0 0.001652977880439721
962.0 0.0017949138054973446
963.0 0.0019368495486560278
964.0 0.0020185983885312453
965.0 0.002100347410305403
966.0 0.002155725633201655
967.0 0.0022111042198957875
968.0 0.002172673885070253
969.0 0.002134243732143659
970.0 0.002213673542428296
971.0 0.0022931031708139926
972.0 0.0024250308342743665
973.0 0.0025569586796336807
974.0 0.002731543827394489
975.0 0.0029061295208521187
976.0 0.0030359769880305976
977.0 0.0031658244552090764
978.0 0.003200357241439633
979.0 0.0032348903914680704
980.0 0.0032617561373626813
981.0 0.003288622247055173
982.0 0.0033077729312935844
983.0 0.0033269243431277573
984.0 0.003259747609263286
985.0 0.0031925708753988147
986.0 0.0030495921237161383
987.0 0.0029066137358313426
988.0 0.0028971486244699918
989.0 0.0028876836950075813
990.0 0.002838273394445423
991.0 0.0027888634576811455
992.0 0.0027484926249599084
993.0 0.0027081223379354924
994.0 0.002778536691039335
995.0 0.002848951226042118
996.0 0.0028561826184159145
997.0 0.0028634138288907707
998.0 0.0028869369998574257
999.0 0.0029104601708240807
1000.0 0.002978052361868322
1001.0 0.0030456441891146824
1002.0 0.0032229643693426624
1003.0 0.0034002841857727617
1004.0 0.0037308909668354318
1005.0 0.004061497384100221
1006.0 0.00412344052165281
1007.0 0.0041853836592053995
1008.0 0.004195708243059926
1009.0 0.004206032099318691
1010.0 0.0042120227590203285
1011.0 0.0042180134187219664
1012.0 0.004188413731753826
1013.0 0.004158813680987805
1014.0 0.004130091110710055
1015.0 0.004101368904230185
1016.0 0.00363436593033839
1017.0 0.0031673629564465955
1018.0 0.0028437616492738016
1019.0 0.002520159978303127
1020.0 0.0023075423086993396
1021.0 0.0020949242752976716
1022.0 0.0019714767404366285
1023.0 0.0018480288417777047
1024.0 0.0015507181160501204
1025.0 0.0012534072084235959
1026.0 0.0011415956578275654
1027.0 0.001029784561978886
1028.0 0.0008709702342457604
1029.0 0.0007121561338863103
1030.0 0.0007535759323218372
1031.0 0.000794995685282629
1032.0 0.0005969845460640499
1033.0 0.0003989732704212656
1034.0 0.0005727202278649202
1035.0 0.00074646732173278
1036.0 0.0007482030014216434
1037.0 0.0007499388175347121
1038.0 0.001017040449369233
1039.0 0.0012841421266784891
1040.0 0.0010157048563996796
1041.0 0.0007472674951713998
1042.0 0.0007522525720560225
1043.0 0.0007572376034659101
1044.0 0.0007439321962010581
1045.0 0.0007306266525120009
1046.0 0.0006226754521776456
1047.0 0.0005147241154190851
1048.0 0.0007854077921365388
1049.0 0.001056091787177138
1050.0 0.0010865509466384538
1051.0 0.0011170102879987098
1052.0 0.0013585284250439145
1053.0 0.001600046562089119
1054.0 0.001338810943707358
1055.0 0.0010775755072245374
1056.0 0.0012436559700290672
1057.0 0.0014097367056820076
1058.0 0.0012794477697752882
1059.0 0.0011491588338685688
1060.0 0.0011430792255850974
1061.0 0.001136999526352156
1062.0 0.000784089024818968
1063.0 0.00043117838686157484
1064.0 0.0007288806045835372
1065.0 0.0010265826858812943
1066.0 0.001272488952963613
1067.0 0.001518394947197521
1068.0 0.001446205351385288
1069.0 0.0013740156646235846
1070.0 0.0015575631550746039
1071.0 0.0017411104636266828
1072.0 0.0019763123418670148
1073.0 0.002211514402006287
1074.0 0.0023271877580555156
1075.0 0.002442861114104744
1076.0 0.002425284947094042
1077.0 0.0024077085981843993
1078.0 0.0029180477213230915
1079.0 0.0034283868444617838
1080.0 0.003528199522406794
1081.0 0.0036280122003518045
1082.0 0.004056625402881764
1083.0 0.0044852382416138425
1084.0 0.0036670466215582564
1085.0 0.0028488550015026703
1086.0 0.0031785908504389226
1087.0 0.0035083270631730556
1088.0 0.0034978234907612205
1089.0 0.0034873206459451467
1090.0 0.003629966522566974
1091.0 0.0037726123991888016
1092.0 0.003439898500801064
1093.0 0.003107184238615446
1094.0 0.0030135735869407654
1095.0 0.0029199631171650253
1096.0 0.0025358222046634182
1097.0 0.002151681110262871
1098.0 0.0021898442355450243
1099.0 0.0022280073608271778
1100.0 0.0016488158507854678
1101.0 0.0010696240678953473
