lsstCam/transmission_sensor/r24_s11/19700101T000000.ecsv
# %ECSV 1.0
# ---
# datatype:
# - {name: amp_name, datatype: string}
# - {name: wavelength, unit: nm, datatype: float32}
# - {name: efficiency, unit: '%', datatype: float64}
# meta: !!omap
# - {MODE: AMP}
# - {TYPE: transmission_sensor}
# - {CALIBDATE: '1970-01-01T00:00:00'}
# - {INSTRUME: LSSTCam}
# - {OBSTYPE: transmission_sensor}
# - {DETECTOR: 112}
# - {PARQUETFILE: qe_raft_allvalues_nircorrected_20230725_adjust.parquet}
# - {CORRFILE: qe_corr_factor_bydetnum.parquet}
# - {CALIBCLS: lsst.ip.isr.IntermediateSensorTransmissionCurve}
# - {CALIB_ID: 'raftName=R24 detectorName=S11 detector=112 calibDate=1970-01-01T00:00:00 ccd=112 ccdnum=112 filter=None'}
# - {DATE: '2025-03-03T21:56:48.009162'}
# - {CALIB_CREATION_DATE: '2025-03-03'}
# - {CALIB_CREATION_TIME: '21:56:48'}
# - __serialized_columns__:
#     efficiency:
#       __class__: astropy.units.quantity.Quantity
#       unit: !astropy.units.Unit {unit: '%'}
#       value: !astropy.table.SerializedColumn {name: efficiency}
#     wavelength:
#       __class__: astropy.units.quantity.Quantity
#       unit: !astropy.units.Unit {unit: nm}
#       value: !astropy.table.SerializedColumn {name: wavelength}
# schema: astropy-2.0
amp_name wavelength efficiency
C00 319.994 39.97821582448346
C00 324.969 45.182390279543064
C00 349.982 69.02255316174109
C00 374.975 76.47070929878838
C00 400.019 84.17097516787959
C00 424.965 86.7816744356976
C00 450.035 89.05887234770842
C00 475.003 90.58675006305792
C00 500.018 93.09975948782004
C00 525.002 95.3049009063667
C00 550.029 96.1515360105227
C00 575.023 98.11449966352396
C00 599.982 98.9129823291783
C00 619.997 99.06393597716188
C00 624.979 99.13615315729514
C00 650.012 100.00358570747808
C00 675.004 99.81579655354395
C00 700.03 99.93847699951517
C00 725.012 99.19710696710034
C00 750.022 99.23991083504541
C00 774.987 98.52735727861932
C00 799.976 97.60447252411069
C00 824.988 95.93030107418102
C00 850.022 93.8944621908779
C00 869.967 90.87261929910142
C00 875.002 89.49416488250613
C00 899.999 82.61986675122849
C00 919.999 75.02964064347404
C00 925.012 72.55846331489633
C00 949.965 57.914628056660725
C00 975.002 42.763271605874934
C00 999.976 25.827663772155436
C00 1025.028 11.119089959176778
C00 1050.014 3.9901417161344823
C00 1075.002 0.9454537522977595
C00 1099.99 0.09380705273247135
C01 319.994 40.35799494098632
C01 324.969 45.61575840018486
C01 349.982 69.77323536921655
C01 374.975 77.2626573732334
C01 400.019 84.64948476491428
C01 424.965 87.07879173857684
C01 450.035 89.25457340715832
C01 475.003 90.71794690249051
C01 500.018 93.19562056354684
C01 525.002 95.37441702011014
C01 550.029 96.2076615685093
C01 575.023 98.15787741243001
C01 599.982 98.95211335897292
C01 619.997 99.10280684758749
C01 624.979 99.17365436516047
C01 650.012 100.04514999254737
C01 675.004 99.85544790207653
C01 700.03 99.97413413655914
C01 725.012 99.22043714110185
C01 750.022 99.2471417351541
C01 774.987 98.51694325211356
C01 799.976 97.58053786216358
C01 824.988 95.88365602967028
C01 850.022 93.82562708254152
C01 869.967 90.81972277798876
C01 875.002 89.44092403281687
C01 899.999 82.42289550191822
C01 919.999 74.85084229126235
C01 925.012 72.4929414126415
C01 949.965 58.09789502862212
C01 975.002 42.82299731042358
C01 999.976 25.75497027082454
C01 1025.028 11.004356808047236
C01 1050.014 3.91057646852965
C01 1075.002 0.9455226410826719
C01 1099.99 0.09381388781442353
C02 319.994 40.92081912881232
C02 324.969 46.25287721722297
C02 349.982 70.83255075752216
C02 374.975 78.35635970872261
C02 400.019 85.37949195430116
C02 424.965 87.61148335007685
C02 450.035 89.6833160472544
C02 475.003 91.08511594134349
C02 500.018 93.52802006790887
C02 525.002 95.68771776608983
C02 550.029 96.50304957675938
C02 575.023 98.45413006799468
C02 599.982 99.24314752366548
C02 619.997 99.39022173635264
C02 624.979 99.46259195140883
C02 650.012 100.33370499148837
C02 675.004 100.14152373526599
C02 700.03 100.25601681286018
C02 725.012 99.49247967185813
C02 750.022 99.50732405938288
C02 774.987 98.76069727736521
C02 799.976 97.82146074134093
C02 824.988 96.11281817502002
C02 850.022 94.00129587057916
C02 869.967 90.98506170872827
C02 875.002 89.64785785561024
C02 899.999 82.60577988657228
C02 919.999 74.71660770860949
C02 925.012 72.38065968968372
C02 949.965 58.258424836908375
C02 975.002 43.15623468098869
C02 999.976 25.961546374485547
C02 1025.028 11.05416298018486
C02 1050.014 3.8550656805225385
C02 1075.002 0.9480013855600643
C02 1099.99 0.09405982656429465
C03 319.994 41.13499150346054
C03 324.969 46.4925643393976
C03 349.982 71.29058428186808
C03 374.975 78.85560553781507
C03 400.019 85.62688055897253
C03 424.965 87.71213441889152
C03 450.035 89.69368416328328
C03 475.003 91.04282474039026
C03 500.018 93.44683504129159
C03 525.002 95.58128962893434
C03 550.029 96.38465410863034
C03 575.023 98.32827414737254
C03 599.982 99.11687840875142
C03 619.997 99.26066237059545
C03 624.979 99.32884708050936
C03 650.012 100.20210260951
C03 675.004 100.01147465775541
C03 700.03 100.13052052430693
C03 725.012 99.36511635724507
C03 750.022 99.38220270639081
C03 774.987 98.63338752497518
C03 799.976 97.68952168253209
C03 824.988 95.99139261541687
C03 850.022 93.87452939216556
C03 869.967 90.7513161674366
C03 875.002 89.40435633798144
C03 899.999 82.63662407528993
C03 919.999 74.65234069272273
C03 925.012 72.26525605429808
C03 949.965 57.99900386142121
C03 975.002 43.039599114473404
C03 999.976 26.00537748935081
C03 1025.028 11.137816651402739
C03 1050.014 3.878792788855418
C03 1075.002 0.9468093605299428
C03 1099.99 0.09394155493589688
C04 319.994 41.444470202239906
C04 324.969 46.84291866609304
C04 349.982 71.9229704939144
C04 374.975 79.56315485226115
C04 400.019 86.10112048165732
C04 424.965 88.04350858926988
C04 450.035 89.95248917320563
C04 475.003 91.24922294095336
C04 500.018 93.62345264585144
C04 525.002 95.74417234916073
C04 550.029 96.53682438425125
C04 575.023 98.47529479783667
C04 599.982 99.25991249947307
C04 619.997 99.40732338899068
C04 624.979 99.47911207133971
C04 650.012 100.35281905336302
C04 675.004 100.16212223589311
C04 700.03 100.28305808374287
C04 725.012 99.52461700567459
C04 750.022 99.54600363615482
C04 774.987 98.80591909709264
C04 799.976 97.8611273933658
C04 824.988 96.171361684789
C04 850.022 94.02363896932775
C04 869.967 90.91784877057499
C04 875.002 89.55485853294235
C04 899.999 82.76720877503078
C04 919.999 74.78359874612451
C04 925.012 72.4203416452009
C04 949.965 58.23045387886884
C04 975.002 43.05259177943063
C04 999.976 25.979470589834367
C04 1025.028 11.118935967785573
C04 1050.014 3.9048455497827828
C04 1075.002 0.9483698838427683
C04 1099.99 0.09409638862537213
C05 319.994 41.585801779443905
C05 324.969 47.003693330256
C05 349.982 72.23695224530115
C05 374.975 79.89956387160409
C05 400.019 86.20886471915004
C05 424.965 88.03245946783395
C05 450.035 89.86724106938442
C05 475.003 91.12147703903295
C05 500.018 93.46913222956329
C05 525.002 95.56864129255372
C05 550.029 96.3486909017405
C05 575.023 98.27800217518823
C05 599.982 99.06207660284821
C05 619.997 99.20624315199959
C05 624.979 99.28002894009293
C05 650.012 100.14960397919698
C05 675.004 99.96206733288568
C05 700.03 100.08720398937004
C05 725.012 99.33884026097705
C05 750.022 99.37623434439634
C05 774.987 98.65085646142826
C05 799.976 97.71197190572673
C05 824.988 96.02487665655515
C05 850.022 93.85108444197184
C05 869.967 90.75811856976108
C05 875.002 89.41825956073012
C05 899.999 82.62531479448499
C05 919.999 74.56125430659154
C05 925.012 72.19609192087738
C05 949.965 58.11012634483774
C05 975.002 43.08147329526163
C05 999.976 25.951486241239078
C05 1025.028 11.101988306538736
C05 1050.014 3.8958542698261884
C05 1075.002 0.9467524997908091
C05 1099.99 0.09393591326559693
C06 319.994 41.74151863940384
C06 324.969 47.18379247931263
C06 349.982 72.6124769909464
C06 374.975 80.30744785170405
C06 400.019 86.35638273311372
C06 424.965 88.02519796074066
C06 450.035 89.77784571915164
C06 475.003 90.98200101026956
C06 500.018 93.29565184092361
C06 525.002 95.37431754741023
C06 550.029 96.14476421518282
C06 575.023 98.06741846948285
C06 599.982 98.84602955039404
C06 619.997 98.99121378178293
C06 624.979 99.0621225133251
C06 650.012 99.93459756421876
C06 675.004 99.75214167734893
C06 700.03 99.88543509522574
C06 725.012 99.15812132048252
C06 750.022 99.21788145788884
C06 774.987 98.51480076319245
C06 799.976 97.58639909971201
C06 824.988 95.89045078024861
C06 850.022 93.71028466112503
C06 869.967 90.5957944270034
C06 875.002 89.25799373768594
C06 899.999 82.45555315447265
C06 919.999 74.36505588364209
C06 925.012 71.98479660278035
C06 949.965 57.884709729226834
C06 975.002 42.949423286133666
C06 999.976 25.870249565335307
C06 1025.028 11.08127885559249
C06 1050.014 3.898194269444699
C06 1075.002 0.9452438791304093
C06 1099.99 0.09378622930961338
C07 319.994 41.92317109292827
C07 324.969 47.38919595287665
C07 349.982 73.07958548622241
C07 374.975 80.89925685393403
C07 400.019 86.77433641114283
C07 424.965 88.33167334915741
C07 450.035 90.01704695544596
C07 475.003 91.17997463832505
C07 500.018 93.47188685817613
C07 525.002 95.53717731239819
C07 550.029 96.30511420743463
C07 575.023 98.22969670176364
C07 599.982 99.01565345897573
C07 619.997 99.16425802089223
C07 624.979 99.23601609625669
C07 650.012 100.1167244260043
C07 675.004 99.93846934776903
C07 700.03 100.0883440995459
C07 725.012 99.38377896609705
C07 750.022 99.47966299706229
C07 774.987 98.80405207103283
C07 799.976 97.8841744527599
C07 824.988 96.17436882102469
C07 850.022 93.98941270881322
C07 869.967 90.81456550108584
C07 875.002 89.46270855409674
C07 899.999 82.64282198966882
C07 919.999 74.50452426065935
C07 925.012 72.10901504972709
C07 949.965 57.87904743707823
C07 975.002 42.963517802536025
C07 999.976 25.931694999830444
C07 1025.028 11.134685174292171
C07 1050.014 3.9212370247315764
C07 1075.002 0.9477378581920521
C07 1099.99 0.0940336796209381
C10 319.994 38.07287747171358
C10 324.969 43.0136367397974
C10 349.982 65.4641239196759
C10 374.975 73.01798892974087
C10 400.019 82.17293591054154
C10 424.965 85.56402911612292
C10 450.035 88.26128493635323
C10 475.003 90.03815812306492
C10 500.018 92.71570304522113
C10 525.002 95.01877151095421
C10 550.029 95.93314752374762
C10 575.023 97.93281660301494
C10 599.982 98.75894502749759
C10 619.997 98.92302907186902
C10 624.979 98.99874309999136
C10 650.012 99.87978045482328
C10 675.004 99.69655174159261
C10 700.03 99.82271373206063
C10 725.012 99.0738526401681
C10 750.022 99.11528684555289
C10 774.987 98.40994123399706
C10 799.976 97.50482383404125
C10 824.988 95.86652377004765
C10 850.022 93.91203060003089
C10 869.967 90.94386470747403
C10 875.002 89.6021616276217
C10 899.999 82.71504682154821
C10 919.999 74.96228232214398
C10 925.012 72.6028740495322
C10 949.965 58.06632009814746
C10 975.002 42.91979189918028
C10 999.976 25.965083394141896
C10 1025.028 11.142054762299784
C10 1050.014 4.003312762423752
C10 1075.002 0.9442664657048819
C10 1099.99 0.09368925124746381
C11 319.994 38.841116610722814
C11 324.969 43.88786021468561
C11 349.982 66.86689558552563
C11 374.975 74.39315309549305
C11 400.019 83.05950547783756
C11 424.965 86.17768385360195
C11 450.035 88.72856177004445
C11 475.003 90.4149147998398
C11 500.018 93.03655606464768
C11 525.002 95.30845896832494
C11 550.029 96.19649001913501
C11 575.023 98.1852247531586
C11 599.982 99.00276791846457
C11 619.997 99.1593609033583
C11 624.979 99.23489128957311
C11 650.012 100.10976898875687
C11 675.004 99.92341836309832
C11 700.03 100.039969760406
C11 725.012 99.27851389435588
C11 750.022 99.30091820707364
C11 774.987 98.57521129902125
C11 799.976 97.65483631724877
C11 824.988 95.99736862915749
C11 850.022 94.0199355241927
C11 869.967 91.06380582832472
C11 875.002 89.70424357296582
C11 899.999 82.72738143633681
C11 919.999 75.21494297991048
C11 925.012 72.82452983191197
C11 949.965 58.25885716056567
C11 975.002 42.99725435129715
C11 999.976 25.958221690784775
C11 1025.028 11.094232305350712
C11 1050.014 3.9641991881750442
C11 1075.002 0.9460349669825402
C11 1099.99 0.09386472031954432
C12 319.994 39.35798441119129
C12 324.969 44.477235961640915
C12 349.982 67.84087104905626
C12 374.975 75.3441809723295
C12 400.019 83.57418487890806
C12 424.965 86.45060633516509
C12 450.035 88.87089190012061
C12 475.003 90.48106414527867
C12 500.018 93.04917379404371
C12 525.002 95.29143383314837
C12 550.029 96.15911123920802
C12 575.023 98.13444011398245
C12 599.982 98.94345158233477
C12 619.997 99.0980474614842
C12 624.979 99.17314169816865
C12 650.012 100.04687928717654
C12 675.004 99.8577510776667
C12 700.03 99.97784523344033
C12 725.012 99.21052812984179
C12 750.022 99.22177619667754
C12 774.987 98.48387240526719
C12 799.976 97.55800346976133
C12 824.988 95.89576109207448
C12 850.022 93.8859381456704
C12 869.967 90.94386470747403
C12 875.002 89.59740989326455
C12 899.999 82.60368330812805
C12 919.999 75.03319870543228
C12 925.012 72.66964318640896
C12 949.965 58.26052141535259
C12 975.002 43.05688440901897
C12 999.976 25.967744288864434
C12 1025.028 11.078002951773403
C12 1050.014 3.9150101771875714
C12 1075.002 0.945280985185009
C12 1099.99 0.09378991093826214
C13 319.994 39.800217079744115
C13 324.969 44.97829525457015
C13 349.982 68.71085928245223
C13 374.975 76.24457724491275
C13 400.019 84.07385155403858
C13 424.965 86.73068319937549
C13 450.035 89.02969623965078
C13 475.003 90.5664958910074
C13 500.018 93.08966683465245
C13 525.002 95.29973597771762
C13 550.029 96.15058719400051
C13 575.023 98.1168793565756
C13 599.982 98.92298316139215
C13 619.997 99.07571966622791
C13 624.979 99.14740887587705
C13 650.012 100.02463566112786
C13 675.004 99.83549214812574
C13 700.03 99.95153087844157
C13 725.012 99.18430559579679
C13 750.022 99.19893573442943
C13 774.987 98.45853747377522
C13 799.976 97.52875084424221
C13 824.988 95.8505163171086
C13 850.022 93.81057609787081
C13 869.967 90.86182268528832
C13 875.002 89.54592129344292
C13 899.999 82.5857935256369
C13 919.999 74.81767962346224
C13 925.012 72.53661757964728
C13 949.965 58.162609671658466
C13 975.002 42.96142887583795
C13 999.976 25.86027551423299
C13 1025.028 11.08641126432044
C13 1050.014 3.896382001193249
C13 1075.002 0.9450633851491314
C13 1099.99 0.09376832086260739
C14 319.994 40.19283965215434
C14 324.969 45.42255946172495
C14 349.982 69.48023470576426
C14 374.975 77.07090461479523
C14 400.019 84.65806237234482
C14 424.965 87.16175962204632
C14 450.035 89.37247916353397
C14 475.003 90.85603031345521
C14 500.018 93.3503541741269
C14 525.002 95.54089606102552
C14 550.029 96.38190713176365
C14 575.023 98.34463358063434
C14 599.982 99.1467967361853
C14 619.997 99.2994567235596
C14 624.979 99.3697992258869
C14 650.012 100.24559513460827
C14 675.004 100.06255006328513
C14 700.03 100.18423578225729
C14 725.012 99.4171099723124
C14 750.022 99.43646889006375
C14 774.987 98.70066932884376
C14 799.976 97.76713334369883
C14 824.988 96.07534757413927
C14 850.022 94.04152110007276
C14 869.967 91.04065929623073
C14 875.002 89.69933880368573
C14 899.999 82.81192557951253
C14 919.999 75.11768163463883
C14 925.012 72.71730591315722
C14 949.965 58.46657528733908
C14 975.002 43.385875060472614
C14 999.976 26.077879697028035
C14 1025.028 11.115541461901211
C14 1050.014 3.8857750072143498
C14 1075.002 0.9473263517447027
C14 1099.99 0.0939928503292753
C15 319.994 40.5162789617785
C15 324.969 45.79374566730498
C15 349.982 70.10053115889869
C15 374.975 77.69267785493598
C15 400.019 85.00004951462876
C15 424.965 87.34737568007478
C15 450.035 89.47529567650818
C15 475.003 90.90048695856797
C15 500.018 93.3606763796789
C15 525.002 95.53161449294947
C15 550.029 96.35863051998516
C15 575.023 98.31329202841715
C15 599.982 99.1133586055239
C15 619.997 99.26200907791728
C15 624.979 99.33115025609953
C15 650.012 100.20892796707292
C15 675.004 100.0228910630064
C15 700.03 100.1451889216703
C15 725.012 99.38810985441613
C15 750.022 99.42143320888533
C15 774.987 98.70298780792623
C15 799.976 97.77423416412303
C15 824.988 96.06572932923278
C15 850.022 94.02411337758885
C15 869.967 90.9738136418925
C15 875.002 89.63892826785695
C15 899.999 82.79097509856265
C15 919.999 74.94677988445062
C15 925.012 72.58193122032849
C15 949.965 58.25394473953944
C15 975.002 43.16533643303028
C15 999.976 25.99014477570912
C15 1025.028 11.144426803605285
C15 1050.014 3.8944817378611107
C15 1075.002 0.947183107241184
C15 1099.99 0.0939786377412322
C16 319.994 40.749852338781864
C16 324.969 46.056682620146596
C16 349.982 70.5747098676143
C16 374.975 78.19593319900933
C16 400.019 85.26955931741045
C16 424.965 87.48883351109019
C16 450.035 89.54338091372219
C16 475.003 90.93021399234819
C16 500.018 93.36372942639147
C16 525.002 95.51810150925428
C16 550.029 96.32945441192751
C16 575.023 98.27986920124805
C16 599.982 99.07646188560415
C16 619.997 99.22578571165846
C16 624.979 99.29859972799116
C16 650.012 100.17197768493016
C16 675.004 99.98595608435592
C16 700.03 100.11708405807319
C16 725.012 99.37715255393395
C16 750.022 99.4333699328743
C16 774.987 98.73305151853691
C16 799.976 97.8097918284671
C16 824.988 96.10475323458132
C16 850.022 94.06077289337804
C16 869.967 90.99120606088412
C16 875.002 89.64480480889767
C16 899.999 82.79995059679283
C16 919.999 74.91048000073032
C16 925.012 72.50705123253616
C16 949.965 58.16250254721241
C16 975.002 43.115424092914864
C16 999.976 26.054319970642116
C16 1025.028 11.195801583702996
C16 1050.014 3.924995466792045
C16 1075.002 0.9472968273192229
C16 1099.99 0.09398992094290272
C17 319.994 40.8156037934211
C17 324.969 46.13468452036682
C17 349.982 70.79804138240021
C17 374.975 78.45157038602693
C17 400.019 85.30246947758772
C17 424.965 87.39461756078497
C17 450.035 89.37475938388572
C17 475.003 90.72060205840344
C17 500.018 93.12362528405183
C17 525.002 95.26139307777613
C17 550.029 96.07002961056726
C17 575.023 98.01114752831947
C17 599.982 98.80777847140631
C17 619.997 98.95918357241254
C17 624.979 99.03244139002176
C17 650.012 99.90793122889725
C17 675.004 99.72760252745623
C17 700.03 99.86635929208182
C17 725.012 99.15959810748886
C17 750.022 99.25075335933538
C17 774.987 98.57893004764858
C17 799.976 97.67203744258671
C17 824.988 95.966532092186
C17 850.022 93.91251266003813
C17 869.967 90.83516400171295
C17 875.002 89.49000233260229
C17 899.999 82.63761880228901
C17 919.999 74.64764252058862
C17 925.012 72.25350297221664
C17 949.965 58.01175932224788
C17 975.002 42.95318794523788
C17 999.976 25.954885529464782
C17 1025.028 11.158827389853514
C17 1050.014 3.9288442951038727
C17 1075.002 0.9455570474277699
C17 1099.99 0.0938173015803757
