lsstCam/transmission_sensor/r24_s11/19700101T000000.ecsv
# %ECSV 1.0
# ---
# datatype:
# - {name: amp_name, datatype: string}
# - {name: wavelength, unit: nm, datatype: float32}
# - {name: efficiency, unit: '%', datatype: float64}
# meta: !!omap
# - {MODE: AMP}
# - {TYPE: transmission_sensor}
# - {CALIBDATE: '1970-01-01T00:00:00'}
# - {INSTRUME: LSSTCAM}
# - {OBSTYPE: transmission_sensor}
# - {DETECTOR: 112}
# - {PARQUETFILE: qe_raft_allvalues_nircorrected_20230725.parquet}
# - {CALIBCLS: lsst.ip.isr.IntermediateSensorTransmissionCurve}
# - {CALIB_ID: 'raftName=R24 detectorName=S11 detector=112 calibDate=1970-01-01T00:00:00 ccd=112 ccdnum=112 filter=None'}
# - {DATE: '2023-08-02T16:57:55.883321'}
# - {CALIB_CREATION_DATE: '2023-08-02'}
# - {CALIB_CREATION_TIME: '16:57:55'}
# - __serialized_columns__:
#     efficiency:
#       __class__: astropy.units.quantity.Quantity
#       unit: !astropy.units.Unit {unit: '%'}
#       value: !astropy.table.SerializedColumn {name: efficiency}
#     wavelength:
#       __class__: astropy.units.quantity.Quantity
#       unit: !astropy.units.Unit {unit: nm}
#       value: !astropy.table.SerializedColumn {name: wavelength}
# schema: astropy-2.0
amp_name wavelength efficiency
C00 319.994 39.86143493652344
C00 324.969 45.05040740966797
C00 349.982 68.82093048095703
C00 374.975 76.24732971191406
C00 400.019 83.92510223388672
C00 424.965 86.5281753540039
C00 450.035 88.79872131347656
C00 475.003 90.32213592529297
C00 500.018 92.82780456542969
C00 525.002 95.02650451660156
C00 550.029 95.87066650390625
C00 575.023 97.82789611816406
C00 599.982 98.6240463256836
C00 619.997 98.7745590209961
C00 624.979 98.84656524658203
C00 650.012 99.71146392822266
C00 675.004 99.52422332763672
C00 700.03 99.64654541015625
C00 725.012 98.90734100341797
C00 750.022 98.95001983642578
C00 774.987 98.23954772949219
C00 799.976 97.3193588256836
C00 824.988 95.65007781982422
C00 850.022 93.62018585205078
C00 869.967 90.60717010498047
C00 875.002 89.23274230957031
C00 899.999 82.37852478027344
C00 919.999 74.81047058105469
C00 925.012 72.34651184082031
C00 949.965 57.745452880859375
C00 975.002 42.63835525512695
C00 999.976 25.75221824645996
C00 1025.028 11.086609840393066
C00 1050.014 3.9784860610961914
C00 1075.002 0.942691975003765
C00 1099.99 0.09353303172655388
C01 319.994 40.24010467529297
C01 324.969 45.48250961303711
C01 349.982 69.56941986083984
C01 374.975 77.0369644165039
C01 400.019 84.40221405029297
C01 424.965 86.82442474365234
C01 450.035 88.99385070800781
C01 475.003 90.45294952392578
C01 500.018 92.92338562011719
C01 525.002 95.09581756591797
C01 550.029 95.92662811279297
C01 575.023 97.87114715576172
C01 599.982 98.6630630493164
C01 619.997 98.81331634521484
C01 624.979 98.88395690917969
C01 650.012 99.7529067993164
C01 675.004 99.56375885009766
C01 700.03 99.68209838867188
C01 725.012 98.93060302734375
C01 750.022 98.95722961425781
C01 774.987 98.22916412353516
C01 799.976 97.29549407958984
C01 824.988 95.60356903076172
C01 850.022 93.55155181884766
C01 869.967 90.55442810058594
C01 875.002 89.17965698242188
C01 899.999 82.18212890625
C01 919.999 74.63219451904297
C01 925.012 72.28118133544922
C01 949.965 57.928184509277344
C01 975.002 42.697906494140625
C01 999.976 25.679737091064453
C01 1025.028 10.972211837768555
C01 1050.014 3.899153232574463
C01 1075.002 0.9427606625567488
C01 1099.99 0.09353984684245897
C02 319.994 40.80128479003906
C02 324.969 46.117767333984375
C02 349.982 70.62564086914062
C02 374.975 78.12747192382812
C02 400.019 85.13008880615234
C02 424.965 87.35556030273438
C02 450.035 89.42134094238281
C02 475.003 90.81904602050781
C02 500.018 93.25481414794922
C02 525.002 95.408203125
C02 550.029 96.22115325927734
C02 575.023 98.16653442382812
C02 599.982 98.9532470703125
C02 619.997 99.09989166259766
C02 624.979 99.17205047607422
C02 650.012 100.04061889648438
C02 675.004 99.8489990234375
C02 700.03 99.9631576538086
C02 725.012 99.20185089111328
C02 750.022 99.2166519165039
C02 774.987 98.47220611572266
C02 799.976 97.53571319580078
C02 824.988 95.83206176757812
C02 850.022 93.7267074584961
C02 869.967 90.71928405761719
C02 875.002 89.385986328125
C02 899.999 82.3644790649414
C02 919.999 74.49835205078125
C02 925.012 72.16922760009766
C02 949.965 58.0882453918457
C02 975.002 43.03017044067383
C02 999.976 25.885709762573242
C02 1025.028 11.021872520446777
C02 1050.014 3.8438045978546143
C02 1075.002 0.9452321663413007
C02 1099.99 0.09378506717743834
C03 319.994 41.01483154296875
C03 324.969 46.356754302978516
C03 349.982 71.08233642578125
C03 374.975 78.62525939941406
C03 400.019 85.37675476074219
C03 424.965 87.45591735839844
C03 450.035 89.43167877197266
C03 475.003 90.7768783569336
C03 500.018 93.17386627197266
C03 525.002 95.30208587646484
C03 550.029 96.10310363769531
C03 575.023 98.04104614257812
C03 599.982 98.82734680175781
C03 619.997 98.97071075439453
C03 624.979 99.0386962890625
C03 650.012 99.9094009399414
C03 675.004 99.71932983398438
C03 700.03 99.83802795410156
C03 725.012 99.07485961914062
C03 750.022 99.0918960571289
C03 774.987 98.34526824951172
C03 799.976 97.40415954589844
C03 824.988 95.71099090576172
C03 850.022 93.60031127929688
C03 869.967 90.48622131347656
C03 875.002 89.14319610595703
C03 899.999 82.39523315429688
C03 919.999 74.43427276611328
C03 925.012 72.05416107177734
C03 949.965 57.82958221435547
C03 975.002 42.913875579833984
C03 999.976 25.929412841796875
C03 1025.028 11.105281829833984
C03 1050.014 3.867462396621704
C03 1075.002 0.9440436233510506
C03 1099.99 0.09366714103383773
C04 319.994 41.32340621948242
C04 324.969 46.706085205078125
C04 349.982 71.71287536621094
C04 374.975 79.33074188232422
C04 400.019 85.849609375
C04 424.965 87.78632354736328
C04 450.035 89.68972778320312
C04 475.003 90.98267364501953
C04 500.018 93.34996795654297
C04 525.002 95.46449279785156
C04 550.029 96.25482940673828
C04 575.023 98.18763732910156
C04 599.982 98.96996307373047
C04 619.997 99.116943359375
C04 624.979 99.18852233886719
C04 650.012 100.05967712402344
C04 675.004 99.86953735351562
C04 700.03 99.99011993408203
C04 725.012 99.23389434814453
C04 750.022 99.25521850585938
C04 774.987 98.51729583740234
C04 799.976 97.57526397705078
C04 824.988 95.89043426513672
C04 850.022 93.74898529052734
C04 869.967 90.65226745605469
C04 875.002 89.29325866699219
C04 899.999 82.52543640136719
C04 919.999 74.56514739990234
C04 925.012 72.20879364013672
C04 949.965 58.06035614013672
C04 975.002 42.92683029174805
C04 999.976 25.903581619262695
C04 1025.028 11.086456298828125
C04 1050.014 3.8934390544891357
C04 1075.002 0.9455995881988623
C04 1099.99 0.09382152243660208
C05 319.994 41.464324951171875
C05 324.969 46.866390228271484
C05 349.982 72.02593994140625
C05 374.975 79.66616821289062
C05 400.019 85.95703887939453
C05 424.965 87.77530670166016
C05 450.035 89.60472869873047
C05 475.003 90.85530090332031
C05 500.018 93.19609832763672
C05 525.002 95.28947448730469
C05 550.029 96.06724548339844
C05 575.023 97.99092102050781
C05 599.982 98.772705078125
C05 619.997 98.91645050048828
C05 624.979 98.99002075195312
C05 650.012 99.8570556640625
C05 675.004 99.6700668334961
C05 700.03 99.79483795166016
C05 725.012 99.04866027832031
C05 750.022 99.08594512939453
C05 774.987 98.36268615722656
C05 799.976 97.42654418945312
C05 824.988 95.74437713623047
C05 850.022 93.57693481445312
C05 869.967 90.49300384521484
C05 875.002 89.15705871582031
C05 899.999 82.38395690917969
C05 919.999 74.34345245361328
C05 925.012 71.98519897460938
C05 949.965 57.94038009643555
C05 975.002 42.95562744140625
C05 999.976 25.87567901611328
C05 1025.028 11.069558143615723
C05 1050.014 3.884474039077759
C05 1075.002 0.943986928708564
C05 1099.99 0.09366151584349451
C06 319.994 41.61958694458008
C06 324.969 47.045963287353516
C06 349.982 72.4003677368164
C06 374.975 80.07286071777344
C06 400.019 86.1041259765625
C06 424.965 87.76806640625
C06 450.035 89.51559448242188
C06 475.003 90.71623229980469
C06 500.018 93.02312469482422
C06 525.002 95.09571838378906
C06 550.029 95.8639144897461
C06 575.023 97.78095245361328
C06 599.982 98.55728912353516
C06 619.997 98.7020492553711
C06 624.979 98.77275085449219
C06 650.012 99.6426773071289
C06 675.004 99.46075439453125
C06 700.03 99.59365844726562
C06 725.012 98.86846923828125
C06 750.022 98.92805480957031
C06 774.987 98.2270278930664
C06 799.976 97.30133819580078
C06 824.988 95.61034393310547
C06 850.022 93.4365463256836
C06 869.967 90.3311538696289
C06 875.002 88.99726104736328
C06 899.999 82.21469116210938
C06 919.999 74.1478271484375
C06 925.012 71.77452087402344
C06 949.965 57.71562194824219
C06 975.002 42.8239631652832
C06 999.976 25.794679641723633
C06 1025.028 11.048909187316895
C06 1050.014 3.8868072032928467
C06 1075.002 0.9424827148996628
C06 1099.99 0.09351226913126816
C07 319.994 41.80070877075195
C07 324.969 47.25076675415039
C07 349.982 72.8661117553711
C07 374.975 80.6629409790039
C07 400.019 86.52085876464844
C07 424.965 88.07364654541016
C07 450.035 89.75409698486328
C07 475.003 90.91362762451172
C07 500.018 93.19884490966797
C07 525.002 95.25810241699219
C07 550.029 96.02379608154297
C07 575.023 97.94275665283203
C07 599.982 98.7264175415039
C07 619.997 98.87458801269531
C07 624.979 98.94613647460938
C07 650.012 99.82427215576172
C07 675.004 99.64653778076172
C07 700.03 99.79597473144531
C07 725.012 99.09346771240234
C07 750.022 99.18907165527344
C07 774.987 98.51543426513672
C07 799.976 97.5982437133789
C07 824.988 95.8934326171875
C07 850.022 93.71485900878906
C07 869.967 90.54928588867188
C07 875.002 89.20137786865234
C07 899.999 82.40141296386719
C07 919.999 74.2868881225586
C07 925.012 71.89837646484375
C07 949.965 57.70997619628906
C07 975.002 42.838016510009766
C07 999.976 25.855945587158203
C07 1025.028 11.10215950012207
C07 1050.014 3.909782648086548
C07 1075.002 0.9449694087665224
C07 1099.99 0.09375899661225925
C10 319.994 37.96166229248047
C10 324.969 42.88798904418945
C10 349.982 65.27289581298828
C10 374.975 72.80469512939453
C10 400.019 81.93289947509766
C10 424.965 85.3140869140625
C10 450.035 88.00346374511719
C10 475.003 89.775146484375
C10 500.018 92.44486999511719
C10 525.002 94.7412109375
C10 550.029 95.65291595458984
C10 575.023 97.64674377441406
C10 599.982 98.470458984375
C10 619.997 98.63406372070312
C10 624.979 98.70955657958984
C10 650.012 99.58802032470703
C10 675.004 99.40532684326172
C10 700.03 99.53112030029297
C10 725.012 98.7844467163086
C10 750.022 98.82575988769531
C10 774.987 98.12247467041016
C10 799.976 97.22000122070312
C10 824.988 95.58648681640625
C10 850.022 93.63770294189453
C10 869.967 90.67820739746094
C10 875.002 89.34042358398438
C10 899.999 82.47342681884766
C10 919.999 74.7433090209961
C10 925.012 72.39079284667969
C10 949.965 57.89670181274414
C10 975.002 42.79441833496094
C10 999.976 25.889236450195312
C10 1025.028 11.10950756072998
C10 1050.014 3.9916186332702637
C10 1075.002 0.941508156609248
C10 1099.99 0.0934155743530015
C11 319.994 38.727657318115234
C11 324.969 43.75965881347656
C11 349.982 66.67156982421875
C11 374.975 74.17584228515625
C11 400.019 82.81687927246094
C11 424.965 85.92594909667969
C11 450.035 88.46937561035156
C11 475.003 90.15080261230469
C11 500.018 92.76478576660156
C11 525.002 95.0300521850586
C11 550.029 95.91548919677734
C11 575.023 97.8984146118164
C11 599.982 98.71356964111328
C11 619.997 98.86970520019531
C11 624.979 98.94501495361328
C11 650.012 99.81733703613281
C11 675.004 99.63153076171875
C11 700.03 99.74774169921875
C11 725.012 98.98851013183594
C11 750.022 99.01084899902344
C11 774.987 98.28726196289062
C11 799.976 97.36957550048828
C11 824.988 95.71694946289062
C11 850.022 93.74529266357422
C11 869.967 90.79779815673828
C11 875.002 89.44220733642578
C11 899.999 82.48572540283203
C11 919.999 74.99523162841797
C11 925.012 72.61180114746094
C11 949.965 58.08867645263672
C11 975.002 42.87165451049805
C11 999.976 25.882394790649414
C11 1025.028 11.061824798583984
C11 1050.014 3.9526193141937256
C11 1075.002 0.9432714918947451
C11 1099.99 0.09359053086008569
C12 319.994 39.24301528930664
C12 324.969 44.347312927246094
C12 349.982 67.6427001953125
C12 374.975 75.12409210205078
C12 400.019 83.3300552368164
C12 424.965 86.19807434082031
C12 450.035 88.61128997802734
C12 475.003 90.21675872802734
C12 500.018 92.7773666381836
C12 525.002 95.01307678222656
C12 550.029 95.87821960449219
C12 575.023 97.8477783203125
C12 599.982 98.65442657470703
C12 619.997 98.8085708618164
C12 624.979 98.8834457397461
C12 650.012 99.75463104248047
C12 675.004 99.56605529785156
C12 700.03 99.68579864501953
C12 725.012 98.92072296142578
C12 750.022 98.93193817138672
C12 774.987 98.1961898803711
C12 799.976 97.27302551269531
C12 824.988 95.61563873291016
C12 850.022 93.61168670654297
C12 869.967 90.67820739746094
C12 875.002 89.33568572998047
C12 899.999 82.36238861083984
C12 919.999 74.81401824951172
C12 925.012 72.45736694335938
C12 949.965 58.090335845947266
C12 975.002 42.93111038208008
C12 999.976 25.891889572143555
C12 1025.028 11.045642852783203
C12 1050.014 3.903573989868164
C12 1075.002 0.9425197125632823
C12 1099.99 0.09351594000546343
C13 319.994 39.683956146240234
C13 324.969 44.84690856933594
C13 349.982 68.51014709472656
C13 374.975 76.02185821533203
C13 400.019 83.82826232910156
C13 424.965 86.47733306884766
C13 450.035 88.7696304321289
C13 475.003 90.30194091796875
C13 500.018 92.81774139404297
C13 525.002 95.02135467529297
C13 550.029 95.86972045898438
C13 575.023 97.83026885986328
C13 599.982 98.63401794433594
C13 619.997 98.78630828857422
C13 624.979 98.8577880859375
C13 650.012 99.73245239257812
C13 675.004 99.54386138916016
C13 700.03 99.65956115722656
C13 725.012 98.89457702636719
C13 750.022 98.90916442871094
C13 774.987 98.17092895507812
C13 799.976 97.24385833740234
C13 824.988 95.57052612304688
C13 850.022 93.53654479980469
C13 869.967 90.59640502929688
C13 875.002 89.28434753417969
C13 899.999 82.34455108642578
C13 919.999 74.59912872314453
C13 925.012 72.3247299194336
C13 949.965 57.99271011352539
C13 975.002 42.835933685302734
C13 999.976 25.78473472595215
C13 1025.028 11.05402660369873
C13 1050.014 3.885000228881836
C13 1075.002 0.942302748161709
C13 1099.99 0.09349441299686043
C14 319.994 40.07543182373047
C14 324.969 45.28987503051758
C14 349.982 69.27727508544922
C14 374.975 76.84577178955078
C14 400.019 84.4107666015625
C14 424.965 86.90715026855469
C14 450.035 89.11141204833984
C14 475.003 90.59062957763672
C14 500.018 93.07766723632812
C14 525.002 95.26181030273438
C14 550.029 96.1003646850586
C14 575.023 98.05735778808594
C14 599.982 98.857177734375
C14 619.997 99.00939178466797
C14 624.979 99.07952880859375
C14 650.012 99.95276641845703
C14 675.004 99.77025604248047
C14 700.03 99.89158630371094
C14 725.012 99.12670135498047
C14 750.022 99.14600372314453
C14 774.987 98.412353515625
C14 799.976 97.4815444946289
C14 824.988 95.7947006225586
C14 850.022 93.76681518554688
C14 869.967 90.77471923828125
C14 875.002 89.43731689453125
C14 899.999 82.57002258300781
C14 919.999 74.89825439453125
C14 925.012 72.50489044189453
C14 949.965 58.2957878112793
C14 975.002 43.25914001464844
C14 999.976 26.0017032623291
C14 1025.028 11.0830717086792
C14 1050.014 3.8744242191314697
C14 1075.002 0.9445591043760264
C14 1099.99 0.09371828658757315
C15 319.994 40.397926330566406
C15 324.969 45.659976959228516
C15 349.982 69.89575958251953
C15 374.975 77.46572875976562
C15 400.019 84.75175476074219
C15 424.965 87.09222412109375
C15 450.035 89.21392822265625
C15 475.003 90.63495635986328
C15 500.018 93.08795928955078
C15 525.002 95.25255584716797
C15 550.029 96.07715606689453
C15 575.023 98.02610778808594
C15 599.982 98.82383728027344
C15 619.997 98.97205352783203
C15 624.979 99.0409927368164
C15 650.012 99.91620635986328
C15 675.004 99.730712890625
C15 700.03 99.85265350341797
C15 725.012 99.09778594970703
C15 750.022 99.13101196289062
C15 774.987 98.41466522216797
C15 799.976 97.4886245727539
C15 824.988 95.78511047363281
C15 850.022 93.74945831298828
C15 869.967 90.70806884765625
C15 875.002 89.37708282470703
C15 899.999 82.54913330078125
C15 919.999 74.72785186767578
C15 925.012 72.36991119384766
C15 949.965 58.083778381347656
C15 975.002 43.03924560546875
C15 999.976 25.91422462463379
C15 1025.028 11.111872673034668
C15 1050.014 3.883105516433716
C15 1075.002 0.9444162783058963
C15 1099.99 0.09370411551610645
C16 319.994 40.63081741333008
C16 324.969 45.92214584350586
C16 349.982 70.3685531616211
C16 374.975 77.96751403808594
C16 400.019 85.02047729492188
C16 424.965 87.23326873779297
C16 450.035 89.28181457519531
C16 475.003 90.66459655761719
C16 500.018 93.09100341796875
C16 525.002 95.23908233642578
C16 550.029 96.04806518554688
C16 575.023 97.99278259277344
C16 599.982 98.78704833984375
C16 619.997 98.9359359741211
C16 624.979 99.00853729248047
C16 650.012 99.87936401367188
C16 675.004 99.69388580322266
C16 700.03 99.82463073730469
C16 725.012 99.08686065673828
C16 750.022 99.14291381835938
C16 774.987 98.44464111328125
C16 799.976 97.52407836914062
C16 824.988 95.82402038574219
C16 850.022 93.7860107421875
C16 869.967 90.72541046142578
C16 875.002 89.38294219970703
C16 899.999 82.5580825805664
C16 919.999 74.69165802001953
C16 925.012 72.29524993896484
C16 949.965 57.99260330200195
C16 975.002 42.989479064941406
C16 999.976 25.978212356567383
C16 1025.028 11.163097381591797
C16 1050.014 3.913530111312866
C16 1075.002 0.9445296661947312
C16 1099.99 0.09371536575826933
C17 319.994 40.69637680053711
C17 324.969 45.99991989135742
C17 349.982 70.59123229980469
C17 374.975 78.22240447998047
C17 400.019 85.05329132080078
C17 424.965 87.13932800292969
C17 450.035 89.11368560791016
C17 475.003 90.45559692382812
C17 500.018 92.85160064697266
C17 525.002 94.98312377929688
C17 550.029 95.78939819335938
C17 575.023 97.72484588623047
C17 599.982 98.51914978027344
C17 619.997 98.67011260986328
C17 624.979 98.74315643310547
C17 650.012 99.6160888671875
C17 675.004 99.43628692626953
C17 700.03 99.57463836669922
C17 725.012 98.86994171142578
C17 750.022 98.96083068847656
C17 774.987 98.29096984863281
C17 799.976 97.38672637939453
C17 824.988 95.68620300292969
C17 850.022 93.63818359375
C17 869.967 90.56982421875
C17 875.002 89.22859191894531
C17 899.999 82.39622497558594
C17 919.999 74.4295883178711
C17 925.012 72.04244232177734
C17 949.965 57.84230041503906
C17 975.002 42.82771682739258
C17 999.976 25.87906837463379
C17 1025.028 11.12623119354248
C17 1050.014 3.917367696762085
C17 1075.002 0.9427949683970231
C17 1099.99 0.09354325063641486
