lsstCam/transmission_filter_detector/r01_s22/g_6/19700101T000000.ecsv
# %ECSV 1.0
# ---
# datatype:
# - {name: wavelength, unit: nm, datatype: float32}
# - {name: efficiency, unit: '%', datatype: float64}
# meta: !!omap
# - {MODE: DETECTOR}
# - {TYPE: transmission_filter_detector}
# - {CALIBDATE: '1970-01-01T00:00:00'}
# - {INSTRUME: LSSTCam}
# - {OBSTYPE: transmission_filter_detector}
# - {CALIBCLS: lsst.ip.isr.IntermediateFilterDetectorTransmissionCurve}
# - {SOURCE: Materion (DM-46256)}
# - {DETECTOR: 8}
# - {FILTER: g_6}
# - {CALIB_ID: 'calibDate=1970-01-01T00:00:00 filter=g_6 detector=8'}
# - {DATE: '2025-04-02T15:59:42.067530'}
# - {CALIB_CREATION_DATE: '2025-04-02'}
# - {CALIB_CREATION_TIME: '15:59:42'}
# - __serialized_columns__:
#     efficiency:
#       __class__: astropy.units.quantity.Quantity
#       unit: !astropy.units.Unit {unit: '%'}
#       value: !astropy.table.SerializedColumn {name: efficiency}
#     wavelength:
#       __class__: astropy.units.quantity.Quantity
#       unit: !astropy.units.Unit {unit: nm}
#       value: !astropy.table.SerializedColumn {name: wavelength}
# schema: astropy-2.0
wavelength efficiency
[from data line 608]
908.0 0.00045047995627101045
909.0 0.00038912407944735605
910.0 0.0003511666363920085
911.0 0.000313209193336661
912.0 0.00043035638555011246
913.0 0.0005475036687130341
914.0 0.00030572243758797413
915.0 6.39412576219911e-05
916.0 0.00014638392258348176
917.0 0.00022882654775457922
918.0 0.00027728622171707684
919.0 0.00032574589567957446
920.0 0.0003472011030680733
921.0 0.00036865633319393964
922.0 0.0005209268692851765
923.0 0.0006731974281137809
924.0 0.0005710495770472335
925.0 0.00046890168050595094
926.0 0.0005378243258746807
927.0 0.0006067470621928805
928.0 0.0005553371465794044
929.0 0.0005039273219153984
930.0 0.000536925244887243
931.0 0.0005699232133338228
932.0 0.0004889639512839494
933.0 0.00040800473470881116
934.0 0.0004159109721513232
935.0 0.0004238172095938353
936.0 0.0005017004241381073
937.0 0.0005795836386823794
938.0 0.0006554625542776193
939.0 0.0007313413789233891
940.0 0.0005819131729367655
941.0 0.00043248478505120147
942.0 0.0006880437467771117
943.0 0.0009436026630282868
944.0 0.0007301587174879387
945.0 0.0005167146809981205
946.0 0.0004953669758833712
947.0 0.00047401922529388685
948.0 0.0008606640221842099
949.0 0.0012473089554987382
950.0 0.001048396370606497
951.0 0.0008494838766637258
952.0 0.0008811430234345607
953.0 0.0009128020792559255
954.0 0.0008450616405752953
955.0 0.0007773212928441353
956.0 0.0006808057150919922
957.0 0.0005842899554409087
958.0 0.0006975767519179499
959.0 0.0008108636393444613
960.0 0.0006454573849623557
961.0 0.0004800509941560449
962.0 0.000584479948884109
963.0 0.000688908812662703
964.0 0.000785579231887823
965.0 0.0008822496056382079
966.0 0.000873903809406329
967.0 0.0008655579222249798
968.0 0.000794872084952658
969.0 0.0007241862931550713
970.0 0.0007300500328710768
971.0 0.0007359137725870823
972.0 0.0008151173460646532
973.0 0.0008943210559664294
974.0 0.000878447372087976
975.0 0.000862573961057933
976.0 0.0008786078069533687
977.0 0.0008946420166466851
978.0 0.0009487137504038401
979.0 0.0010027854841609951
980.0 0.0010635645594447851
981.0 0.0011243437256780453
982.0 0.0010368752555223182
983.0 0.0009494066034676507
984.0 0.0009676360605226364
985.0 0.0009858657904260326
986.0 0.0011310286936350167
987.0 0.0012761915058945306
988.0 0.0012528074876172468
989.0 0.0012294232874410227
990.0 0.0013841091458743904
991.0 0.001538795004307758
992.0 0.001489248370489804
993.0 0.00143970173667185
994.0 0.0014448430192715023
995.0 0.0014499844837700948
996.0 0.0012830538253183477
997.0 0.0011161230759171303
998.0 0.0012858935406256933
999.0 0.0014556640053342562
1000.0 0.0013950922038930003
1001.0 0.001334520220552804
1002.0 0.0012074335245415568
1003.0 0.00108034691947978
1004.0 0.001099537439586129
1005.0 0.0011187276868440676
1006.0 0.0013484861483448185
1007.0 0.0015782447007950395
1008.0 0.0016487396351294592
1009.0 0.0017192351151607
1010.0 0.0018113987607648596
1011.0 0.0019035625882679597
1012.0 0.0019791905288002454
1013.0 0.0020548186512314714
1014.0 0.002086891072394792
1015.0 0.002118963675457053
1016.0 0.0024981529350043274
1017.0 0.0028773425583494827
1018.0 0.003095224019489251
1019.0 0.0033131051168311387
1020.0 0.003348003519931808
1021.0 0.0033829019230324775
1022.0 0.0037316178350010887
1023.0 0.0040803337469697
1024.0 0.004192235792288557
1025.0 0.004304138201405294
1026.0 0.004418287062435411
1027.0 0.004532435559667647
1028.0 0.004567703581415117
1029.0 0.004602970875566825
1030.0 0.004815161810256541
1031.0 0.005027352381148376
1032.0 0.00538820204383228
1033.0 0.005749052070314065
1034.0 0.0056040666095213965
1035.0 0.005459081148728728
1036.0 0.005547190085053444
1037.0 0.005635298657580279
1038.0 0.005822368621011265
1039.0 0.00600943858444225
1040.0 0.006412229413399473
1041.0 0.006815019150963053
1042.0 0.007094619650160894
1043.0 0.007374219421762973
1044.0 0.007583875412819907
1045.0 0.007793529948685318
1046.0 0.008763160440139472
1047.0 0.009732789476402104
1048.0 0.011326334060868248
1049.0 0.012919875734951347
1050.0 0.01539920485811308
1051.0 0.017878531070891768
1052.0 0.021612635464407504
1053.0 0.025346744223497808
1054.0 0.03027597558684647
1055.0 0.035205206950195134
1056.0 0.042160655721090734
1057.0 0.0491160957608372
1058.0 0.056881754426285625
1059.0 0.06464739562943578
1060.0 0.07216095109470189
1061.0 0.07967447745613754
1062.0 0.08691257680766284
1063.0 0.0941506470553577
1064.0 0.09955215500667691
1065.0 0.10495365131646395
1066.0 0.11054001515731215
1067.0 0.11612636735662818
1068.0 0.12269015423953533
1069.0 0.12925396440550685
1070.0 0.13932844158262014
1071.0 0.14940291875973344
1072.0 0.16242893179878592
1073.0 0.17545490991324186
1074.0 0.18905949546024203
1075.0 0.20266412757337093
1076.0 0.21592590492218733
1077.0 0.2291877055540681
1078.0 0.24314993061125278
1079.0 0.2571121323853731
1080.0 0.27477459516376257
1081.0 0.292437057942152
1082.0 0.32064171973615885
1083.0 0.3488463815301657
1084.0 0.38863394875079393
1085.0 0.4284215625375509
1086.0 0.46400981955230236
1087.0 0.4995980765670538
1088.0 0.5638414528220892
1089.0 0.6280848290771246
1090.0 0.705947307869792
1091.0 0.7838097400963306
1092.0 0.8144261315464973
1093.0 0.8450423367321491
1094.0 0.88308434933424
1095.0 0.9211260825395584
1096.0 0.9679843671619892
1097.0 1.0148427449166775
1098.0 1.0398886166512966
1099.0 1.0649347677826881
1100.0 1.2297909706830978
1101.0 1.3946468010544777
