lsstCam/transmission_filter_detector/r01_s22/g_6/19700101T000000.ecsv
# %ECSV 1.0
# ---
# datatype:
# - {name: wavelength, unit: nm, datatype: float32}
# - {name: efficiency, unit: '%', datatype: float64}
# meta: !!omap
# - {MODE: DETECTOR}
# - {TYPE: transmission_filter_detector}
# - {CALIBDATE: '1970-01-01T00:00:00'}
# - {INSTRUME: LSSTCam}
# - {OBSTYPE: transmission_filter_detector}
# - {CALIBCLS: lsst.ip.isr.IntermediateFilterDetectorTransmissionCurve}
# - {SOURCE: Materion (DM-46256)}
# - {DETECTOR: 8}
# - {FILTER: g_6}
# - {CALIB_ID: 'calibDate=1970-01-01T00:00:00 filter=g_6 detector=8'}
# - {DATE: '2025-04-02T15:59:42.067530'}
# - {CALIB_CREATION_DATE: '2025-04-02'}
# - {CALIB_CREATION_TIME: '15:59:42'}
# - __serialized_columns__:
#     efficiency:
#       __class__: astropy.units.quantity.Quantity
#       unit: !astropy.units.Unit {unit: '%'}
#       value: !astropy.table.SerializedColumn {name: efficiency}
#     wavelength:
#       __class__: astropy.units.quantity.Quantity
#       unit: !astropy.units.Unit {unit: nm}
#       value: !astropy.table.SerializedColumn {name: wavelength}
# schema: astropy-2.0
wavelength efficiency
300.0 0.4915798082947731
301.0 0.3692264435812831
302.0 0.24687305558472872
303.0 0.22054016590118408
304.0 0.19420726457610726
305.0 0.2036242512986064
306.0 0.21304120309650898
307.0 0.21867405157536268
308.0 0.22430687677115202
309.0 0.2194049535319209
310.0 0.2145031001418829
311.0 0.2096080919727683
312.0 0.20471310708671808
313.0 0.20123959984630346
314.0 0.19776606932282448
315.0 0.187473907135427
316.0 0.17718179151415825
317.0 0.17736302688717842
318.0 0.1775443204678595
319.0 0.16133867902681231
320.0 0.14513301430270076
321.0 0.14080452965572476
322.0 0.13647606829181314
323.0 0.11568395420908928
324.0 0.09489189251326025
325.0 0.08688150555826724
326.0 0.07887111860327423
327.0 0.07140940288081765
328.0 0.06394768715836108
329.0 0.06201931391842663
330.0 0.0600909348577261
331.0 0.05605283658951521
332.0 0.05201473832130432
333.0 0.048103302833624184
334.0 0.04419186734594405
335.0 0.04259070847183466
336.0 0.04098954959772527
337.0 0.04182430275250226
338.0 0.04265905008651316
339.0 0.04079773789271712
340.0 0.03893642860930413
341.0 0.03741140535566956
342.0 0.035886382102034986
343.0 0.03250316658522934
344.0 0.02911995106842369
345.0 0.025955509045161307
346.0 0.022791061201132834
347.0 0.021322981046978384
348.0 0.01985489798244089
349.0 0.018121773609891534
350.0 0.7084453944116831
351.0 1.131690014153719
352.0 0.5727942567318678
353.0 0.9455927647650242
354.0 0.689364317804575
355.0 0.7028007879853249
356.0 0.6626167334616184
357.0 1.023001503199339
358.0 0.5172851495444775
359.0 0.8714583702385426
360.0 0.5991851910948753
361.0 0.8390780538320541
362.0 0.6216566078364849
363.0 0.8823311887681484
364.0 0.5734934937208891
365.0 0.7573883049190044
366.0 0.47164056450128555
367.0 0.5881729070097208
368.0 0.4289786797016859
369.0 0.6270221900194883
370.0 0.45529655180871487
371.0 0.6324845366179943
372.0 0.3328116610646248
373.0 0.6069505587220192
374.0 0.4611158277839422
375.0 0.5343126598745584
376.0 0.368264177814126
377.0 0.45940629206597805
378.0 0.3647484350949526
379.0 0.4441572353243828
380.0 0.36703338846564293
381.0 0.5103239323943853
382.0 0.6121182348579168
383.0 0.5620872601866722
384.0 0.5167302209883928
385.0 0.5655728746205568
386.0 0.6577576510608196
387.0 0.7083327975124121
388.0 0.8336428552865982
389.0 1.1678175069391727
390.0 1.7305318266153336
391.0 2.6126133278012276
392.0 4.108906164765358
393.0 6.513151526451111
394.0 9.900655597448349
395.0 14.34837281703949
396.0 20.04474252462387
397.0 27.18542516231537
398.0 35.553139448165894
399.0 44.737815856933594
400.0 54.16973829269409
401.0 63.243573904037476
402.0 71.75448536872864
403.0 79.00921702384949
404.0 84.3636155128479
405.0 88.31257224082947
406.0 90.5522346496582
407.0 92.36971139907837
408.0 93.47859621047974
409.0 94.00056004524231
410.0 94.17083263397217
411.0 94.118732213974
412.0 93.73418092727661
413.0 93.44615936279297
414.0 93.29782128334045
415.0 93.4647262096405
416.0 93.77314448356628
417.0 94.12320256233215
418.0 94.56835985183716
419.0 95.19293904304504
420.0 95.72773575782776
421.0 96.32064700126648
422.0 96.44074440002441
423.0 96.72820568084717
424.0 96.45525813102722
425.0 96.43568992614746
426.0 96.39178514480591
427.0 96.46093845367432
428.0 96.25779390335083
429.0 96.09465599060059
430.0 95.95545530319214
431.0 95.99689841270447
432.0 95.96238136291504
433.0 96.10818028450012
434.0 96.16413116455078
435.0 96.34106755256653
436.0 96.40170335769653
437.0 96.37818336486816
438.0 96.42905592918396
439.0 96.52872085571289
440.0 96.46421074867249
441.0 96.61509990692139
442.0 96.58088684082031
443.0 96.60061001777649
444.0 96.54881954193115
445.0 96.30596041679382
446.0 96.21513485908508
447.0 95.91221809387207
448.0 95.91361284255981
449.0 96.07046842575073
450.0 96.28364443778992
451.0 96.51695489883423
452.0 96.68740034103394
453.0 96.80253267288208
454.0 96.87303304672241
455.0 97.13773131370544
456.0 97.24977612495422
457.0 97.41140604019165
458.0 97.43124842643738
459.0 97.45727181434631
460.0 97.42931127548218
461.0 97.57652282714844
462.0 97.54358530044556
463.0 97.4256694316864
464.0 97.58368134498596
465.0 97.49671816825867
466.0 97.4363923072815
467.0 97.4572241306305
468.0 97.53180146217346
469.0 97.55207896232605
470.0 97.4027693271637
471.0 97.29309678077698
472.0 97.36869931221008
473.0 97.23244905471802
474.0 97.14223146438599
475.0 97.20430970191956
476.0 97.18612432479858
477.0 97.18680381774902
478.0 97.3229706287384
479.0 97.2797155380249
480.0 97.47244715690613
481.0 97.56990075111389
482.0 97.73781299591064
483.0 97.63587713241577
484.0 97.85979390144348
485.0 97.84470200538635
486.0 97.85289168357849
487.0 97.90510535240173
488.0 97.91863560676575
489.0 98.01931381225586
490.0 97.93432950973511
491.0 97.99625277519226
492.0 97.95171022415161
493.0 97.91156649589539
494.0 97.85574674606323
495.0 97.9856550693512
496.0 97.80170321464539
497.0 97.68661856651306
498.0 97.51280546188354
499.0 97.55489826202393
500.0 97.45609760284424
501.0 97.43595123291016
502.0 97.33748435974121
503.0 97.49612212181091
504.0 97.34020829200745
505.0 97.33988642692566
506.0 97.33052849769592
507.0 97.32081890106201
508.0 97.3065733909607
509.0 97.34318852424622
510.0 97.26141691207886
511.0 97.23305106163025
512.0 97.09751009941101
513.0 97.1967101097107
514.0 97.16684222221375
515.0 97.19153046607971
516.0 97.28202223777771
517.0 97.32636213302612
518.0 97.3775863647461
519.0 97.42103219032288
520.0 97.49085903167725
521.0 97.58874773979187
522.0 97.57300615310669
523.0 97.58477210998535
524.0 97.6013720035553
525.0 97.55334258079529
526.0 97.68248200416565
527.0 97.66877293586731
528.0 97.75474667549133
529.0 97.78614640235901
530.0 97.8253424167633
531.0 97.96031713485718
532.0 97.85488247871399
533.0 97.85394668579102
534.0 97.8876531124115
535.0 97.70856499671936
536.0 97.3926842212677
537.0 96.90195918083191
538.0 96.1839497089386
539.0 94.90216970443726
540.0 93.25437545776367
541.0 90.78828692436218
542.0 88.09731602668762
543.0 84.56751704216003
544.0 80.00594973564148
545.0 76.02266669273376
546.0 71.07203602790833
547.0 66.5219247341156
548.0 61.922115087509155
549.0 57.78278112411499
550.0 54.53277826309204
551.0 51.351726055145264
552.0 48.99134635925293
553.0 46.480581164360046
554.0 43.70921850204468
555.0 40.614381432533264
556.0 36.4633172750473
557.0 31.64401352405548
558.0 26.27122700214386
559.0 20.92115730047226
560.0 15.67533016204834
561.0 10.781649500131607
562.0 7.004523277282715
563.0 4.173039644956589
564.0 2.3095624521374702
565.0 1.1306502856314182
566.0 0.6064231973141432
567.0 0.303152808919549
568.0 0.18284693360328674
569.0 0.10581673122942448
570.0 0.07794289849698544
571.0 0.04838079621549696
572.0 0.06420706049539149
573.0 0.03233292081858963
574.0 0.04095443873666227
575.0 0.0329867732943967
576.0 0.042589366785250604
577.0 0.027034591767005622
578.0 0.023951148614287376
579.0 0.02568878117017448
580.0 0.03884290636051446
581.0 0.019302307919133455
582.0 0.0249939359491691
583.0 0.015309781883843243
584.0 0.01721471780911088
585.0 0.018921586161013693
586.0 0.025178471696563065
587.0 0.011513112258398905
588.0 0.013738362758886069
589.0 0.021083398314658552
590.0 0.027082517044618726
591.0 0.017559212574269623
592.0 0.021220164489932358
593.0 0.00954861388891004
594.0 0.012872190563939512
595.0 0.019522709771990776
596.0 0.005142271038494073
597.0 0.01879098708741367
598.0 0.013755484542343765
599.0 0.009018866694532335
600.0 0.009278508514398709
601.0 0.00234631952480413
602.0 0.0024058235794655047
603.0 0.002465327452227939
604.0 0.0022652626284980215
605.0 0.0020651979866670445
606.0 0.0021142774130566977
607.0 0.0021633566575474106
608.0 0.0019137054550810717
609.0 0.0016640540707157925
610.0 0.001822985905164387
611.0 0.0019819171939161606
612.0 0.0018765131244435906
613.0 0.001771109236869961
614.0 0.00182931253220886
615.0 0.0018875163732445799
616.0 0.0019345474356669001
617.0 0.0019815784980892204
618.0 0.0018444712623022497
619.0 0.001707364026515279
620.0 0.0017033527910825796
621.0 0.0016993417375488207
622.0 0.0014688712326460518
623.0 0.0012384006367938127
624.0 0.0013658232091984246
625.0 0.0014932458725525066
626.0 0.0013851644325768575
627.0 0.001277083356399089
628.0 0.0014049977835384198
629.0 0.0015329125744756311
630.0 0.0014043337614566553
631.0 0.0012757547665387392
632.0 0.0014266608559410088
633.0 0.0015775663996464573
634.0 0.0014554541849065572
635.0 0.0013333416063687764
636.0 0.0013333339666132815
637.0 0.0013333267816051375
638.0 0.0012313383194850758
639.0 0.001129349857365014
640.0 0.001139568121288903
641.0 0.0011497861123643816
642.0 0.0013264028893900104
643.0 0.0015030199392640498
644.0 0.001423051526217023
645.0 0.0013430828403215855
646.0 0.0012846010577050038
647.0 0.0012261191841389518
648.0 0.0011093598004663363
649.0 0.0009926001439453103
650.0 0.0012184231309220195
651.0 0.0014442454812524375
652.0 0.0011899202036147472
653.0 0.0009355948350275867
654.0 0.0010911301615124103
655.0 0.0012466657608456444
656.0 0.0012666350812651217
657.0 0.0012866043107351288
658.0 0.001142516794061521
659.0 0.0009984297321352642
660.0 0.000941293819778366
661.0 0.0008841578164719976
662.0 0.0010541180017753504
663.0 0.001224078550876584
664.0 0.0012512990906543564
665.0 0.0012785193575837184
666.0 0.0011944578545808326
667.0 0.0011103960787295364
668.0 0.0011531980817380827
669.0 0.0011960002666455694
670.0 0.0012047339623677544
671.0 0.0012134675671404693
672.0 0.001167607570096152
673.0 0.0011217473911528941
674.0 0.0011138553418277297
675.0 0.0011059632015530951
676.0 0.0010445128282299265
677.0 0.0009830620911088772
678.0 0.0010731146176112816
679.0 0.0011631673260126263
680.0 0.0010888286851695739
681.0 0.0010144900443265215
682.0 0.001044711643771734
683.0 0.0010749332432169467
684.0 0.0009682829841040075
685.0 0.0008616326340415981
686.0 0.0010471902896824758
687.0 0.0012327480362728238
688.0 0.0011829632057924755
689.0 0.0011331783753121272
690.0 0.0010046851457445882
691.0 0.0008761920071265195
692.0 0.0009033044079842512
693.0 0.0009304168088419829
694.0 0.0010139287041965872
695.0 0.0010974405995511916
696.0 0.001099912878999021
697.0 0.0011023847946489695
698.0 0.001235670606547501
699.0 0.0013689564184460323
700.0 0.0011690554856613744
701.0 0.0009691544619272463
702.0 0.001125378730648663
703.0 0.0012816029084206093
704.0 0.001238615732290782
705.0 0.0011956283742620144
706.0 0.001175717534351861
707.0 0.0011558066034922376
708.0 0.0010534513421589509
709.0 0.0009510960808256641
710.0 0.0011552848263818305
711.0 0.0013594739357358776
712.0 0.0012447824701666832
713.0 0.0011300911864964291
714.0 0.0012109391718695406
715.0 0.0012917873391415924
716.0 0.0015031314433144871
717.0 0.0017144759112852626
718.0 0.001971919664356392
719.0 0.002229363417427521
720.0 0.0018768409063341096
721.0 0.001524318395240698
722.0 0.0015854451703489758
723.0 0.0016465724911540747
724.0 0.001644498661335092
725.0 0.001642424649617169
726.0 0.001781433638825547
727.0 0.0019204424461349845
728.0 0.0019716977476491593
729.0 0.002022953049163334
730.0 0.0020363637304399163
731.0 0.002049774593615439
732.0 0.0019637820514617488
733.0 0.0018777895093080588
734.0 0.0016601010429440066
735.0 0.0014424127584788948
736.0 0.001319429065915756
737.0 0.0011964451914536767
738.0 0.0011369812455086503
739.0 0.0010775173905130941
740.0 0.0008892930964066181
741.0 0.0007010685294517316
742.0 0.0006953538104426116
743.0 0.0006896391369082266
744.0 0.0008852053724694997
745.0 0.0010807718354044482
746.0 0.0010673029464669526
747.0 0.001053834148478927
748.0 0.0011544880180736072
749.0 0.0012551419786177576
750.0 0.001065690321411239
751.0 0.0008762391189520713
752.0 0.0007956883564474992
753.0 0.0007151377758418676
754.0 0.0008374547178391367
755.0 0.0009597715688869357
756.0 0.0009147284799837507
757.0 0.0008696853001310956
758.0 0.0009216467333317269
759.0 0.0009736085303302389
760.0 0.0007756259947200306
761.0 0.0005776434136350872
762.0 0.0005981128651910694
763.0 0.0006185821348481113
764.0 0.0007545898824901087
765.0 0.0008905977665563114
766.0 0.0007527505204052432
767.0 0.00061490331972891
768.0 0.0005805862201668788
769.0 0.0005462690751301125
770.0 0.00040972231545310933
771.0 0.0002731756012508413
772.0 0.0004956503289577086
773.0 0.0007181251930887811
774.0 0.0008094518307188991
775.0 0.0009007784683490172
776.0 0.000834191723697586
777.0 0.0007676048880966846
778.0 0.0007023064426903147
779.0 0.00063700804275868
780.0 0.0005836202490172582
781.0 0.0005302324098011013
782.0 0.000557476641915855
783.0 0.0005847207376064034
784.0 0.000692369940225035
785.0 0.0008000190973689314
786.0 0.0007204510893643601
787.0 0.0006408833996829344
788.0 0.0003845562787319068
789.0 0.0001282292714677169
790.0 0.0001856109065556666
791.0 0.00024299251890624873
792.0 0.00027193450478080194
793.0 0.0003008765133927227
794.0 0.00033014755445037736
795.0 0.00035941861824539956
796.0 0.00038007744933565846
797.0 0.00040073632590065245
798.0 0.0004518723471846897
799.0 0.0005030084139434621
800.0 0.0005349842922441894
801.0 0.0005669603524438571
802.0 0.00046984323489596136
803.0 0.0003727262310349033
804.0 0.0003309161456854781
805.0 0.00028910612854815554
806.0 0.0003622316626206157
807.0 0.0004353571966930758
808.0 0.000456324232800398
809.0 0.0004772912689077202
810.0 0.00039429060052498244
811.0 0.0003112899094048771
812.0 0.0002940255171779427
813.0 0.00027676112495100824
814.0 0.0003565247197911958
815.0 0.00043628833736875094
816.0 0.0004721091954706935
817.0 0.0005079299626231659
818.0 0.0003377610710231238
819.0 0.00016759220216044923
820.0 0.0003950096925109392
821.0 0.0006224271146493265
822.0 0.0004921684649161762
823.0 0.00036190979244565824
824.0 0.00042183992263744585
825.0 0.00048176998461713083
826.0 0.0006071413736208342
827.0 0.0007325126262003323
828.0 0.0006369861239363672
829.0 0.000541459530722932
830.0 0.00043515037759789266
831.0 0.00032884122447285336
832.0 0.00046548634600185324
833.0 0.0006021313311066478
834.0 0.0004947632533003343
835.0 0.0003873951754940208
836.0 0.0004912065833195811
837.0 0.0005950180820946116
838.0 0.0005226005669101141
839.0 0.00045018314267508686
840.0 0.0005679313289874699
841.0 0.0006856794698251178
842.0 0.00038744951780245174
843.0 8.921946346163168e-05
844.0 0.00013698246448257123
845.0 0.00018474545413482701
846.0 0.00047158559937088285
847.0 0.0007584258582937764
848.0 0.0006050107003829908
849.0 0.0004515956788964104
850.0 0.0004950040420226287
851.0 0.000538412405148847
852.0 0.0006079122158553218
853.0 0.0006774116172891809
854.0 0.0006166955699882237
855.0 0.0005559793407883262
856.0 0.0005731098553951597
857.0 0.0005902404609514633
858.0 0.0006014882728777593
859.0 0.0006127360848040553
860.0 0.0005483585937327007
861.0 0.000483981057186611
862.0 0.0004794278083863901
863.0 0.0004748745595861692
864.0 0.00047202929636114277
865.0 0.00046918403313611634
866.0 0.00048347060328524094
867.0 0.0004977572189091006
868.0 0.0006682143975922372
869.0 0.0008386716217501089
870.0 0.0006546817530761473
871.0 0.00047069165702851024
872.0 0.00035513176044332795
873.0 0.00023957177290867548
874.0 0.00033763915325835114
875.0 0.0004357065336080268
876.0 0.0005967712240817491
877.0 0.0007578358236060012
878.0 0.0007277831628016429
879.0 0.0006977304565225495
880.0 0.00063045204115042
881.0 0.000563173898626701
882.0 0.0005531864644581219
883.0 0.0005431993031379534
884.0 0.0006103750365582528
885.0 0.0006775509518774925
886.0 0.0007291273959708633
887.0 0.0007807040674379095
888.0 0.0005889242402190575
889.0 0.0003971445494244108
890.0 0.00044209400584804825
891.0 0.0004870435532211559
892.0 0.0004979433469998185
893.0 0.0005088432317279512
894.0 0.00046788950385234784
895.0 0.00042693586692621466
896.0 0.00021461303276737453
897.0 2.290185641129483e-06
898.0 0.00019814337974821683
899.0 0.00039399651541316416
900.0 0.0003504991354930098
901.0 0.0003070017100981204
902.0 0.0005056403097114526
903.0 0.0007042789093247848
904.0 0.0004120780431549065
905.0 0.00011987708603555802
906.0 0.00031585652777721407
