lsstCam/transmission_filter_detector/r03_s00/u_24/19700101T000000.ecsv
# %ECSV 1.0
# ---
# datatype:
# - {name: wavelength, unit: nm, datatype: float32}
# - {name: efficiency, unit: '%', datatype: float64}
# meta: !!omap
# - {MODE: DETECTOR}
# - {TYPE: transmission_filter_detector}
# - {CALIBDATE: '1970-01-01T00:00:00'}
# - {INSTRUME: LSSTCam}
# - {OBSTYPE: transmission_filter_detector}
# - {CALIBCLS: lsst.ip.isr.IntermediateFilterDetectorTransmissionCurve}
# - {SOURCE: Materion (DM-46256)}
# - {DETECTOR: 18}
# - {FILTER: u_24}
# - {CALIB_ID: 'calibDate=1970-01-01T00:00:00 filter=u_24 detector=18'}
# - {DATE: '2025-04-02T15:59:39.830652'}
# - {CALIB_CREATION_DATE: '2025-04-02'}
# - {CALIB_CREATION_TIME: '15:59:39'}
# - __serialized_columns__:
#     efficiency:
#       __class__: astropy.units.quantity.Quantity
#       unit: !astropy.units.Unit {unit: '%'}
#       value: !astropy.table.SerializedColumn {name: efficiency}
#     wavelength:
#       __class__: astropy.units.quantity.Quantity
#       unit: !astropy.units.Unit {unit: nm}
#       value: !astropy.table.SerializedColumn {name: wavelength}
# schema: astropy-2.0
wavelength efficiency
[from data line 581]
876.0 0.0023381748178508133
877.0 0.002505864904378541
878.0 0.002673555354704149
879.0 0.0028352522349450737
880.0 0.002996949478983879
881.0 0.0030488334232359193
882.0 0.003100718095083721
883.0 0.0029913739126641303
884.0 0.00288202991214348
885.0 0.0027509386200108565
886.0 0.0026198471459792927
887.0 0.0023868115022196434
888.0 0.0021537760403589346
889.0 0.002018685881921556
890.0 0.0018835957234841771
891.0 0.002185780613217503
892.0 0.002487965684849769
893.0 0.0024263841623906046
894.0 0.0023648022761335596
895.0 0.00278932748187799
896.0 0.003213851960026659
897.0 0.0036518980778055266
898.0 0.004089944195584394
899.0 0.004377024015411735
900.0 0.004664103107643314
901.0 0.004428311149240471
902.0 0.004192519190837629
903.0 0.004567359064822085
904.0 0.0049421985750086606
905.0 0.005076638990431093
906.0 0.005211079405853525
907.0 0.005628619328490458
908.0 0.006046159614925273
909.0 0.006082443360355683
910.0 0.006118726741988212
911.0 0.006107756053097546
912.0 0.00609678536420688
913.0 0.005977230102871545
914.0 0.005857674477738328
915.0 0.005177598359296098
916.0 0.004497522240853868
917.0 0.004149788219365291
918.0 0.003802054561674595
919.0 0.004075673859915696
920.0 0.004349293158156797
921.0 0.004502501542447135
922.0 0.004655710290535353
923.0 0.00552192832401488
924.0 0.006388144538505003
925.0 0.006614031735807657
926.0 0.006839919660706073
927.0 0.007447767711710185
928.0 0.008055612852331251
929.0 0.007936173642519861
930.0 0.00781673370511271
931.0 0.007283108425326645
932.0 0.006749481690349057
933.0 0.006636874604737386
934.0 0.0065242667915299535
935.0 0.006754774949513376
936.0 0.006985283107496798
937.0 0.007113749597920105
938.0 0.0072422175435349345
939.0 0.0072037473728414625
940.0 0.007165276474552229
941.0 0.006375375960487872
942.0 0.0055854743550298735
943.0 0.004408688255352899
944.0 0.0032319021556759253
945.0 0.002446289363433607
946.0 0.0016606767530902289
947.0 0.0016424501154688187
948.0 0.0016242236597463489
949.0 0.001429130497854203
950.0 0.001234037245012587
951.0 0.0013524023415811826
952.0 0.0014707676200487185
953.0 0.0016274023437290452
954.0 0.0017840371583588421
955.0 0.002318288716196548
956.0 0.002852540092135314
957.0 0.0028611566449399106
958.0 0.002869772106350865
959.0 0.0030966930353315547
960.0 0.003323613418615423
961.0 0.0038018322811694816
962.0 0.00428005114372354
963.0 0.004421896665007807
964.0 0.004563741822494194
965.0 0.004626459849532694
966.0 0.004689177876571193
967.0 0.004760356023325585
968.0 0.004831534533877857
969.0 0.0047195295337587595
970.0 0.004607524169841781
971.0 0.004811676626559347
972.0 0.005015828719479032
973.0 0.004839788016397506
974.0 0.004663746221922338
975.0 0.004426805753610097
976.0 0.004189864193904214
977.0 0.0038444479287136346
978.0 0.003499031299725175
979.0 0.0033019136026268825
980.0 0.0031047955417307094
981.0 0.0030176042855600826
982.0 0.002930412665591575
983.0 0.0029970302421133965
984.0 0.003063647818635218
985.0 0.0033676573366392404
986.0 0.003671666854643263
987.0 0.004016780439997092
988.0 0.004361894025350921
989.0 0.0054366959375329316
990.0 0.0065114967583213
991.0 0.006780658441130072
992.0 0.007049820851534605
993.0 0.007481622014893219
994.0 0.007913423178251833
995.0 0.007790753443259746
996.0 0.007668080070288852
997.0 0.007130249287001789
998.0 0.006592421414097771
999.0 0.006575992301804945
1000.0 0.00655956391710788
1001.0 0.00604820997978095
1002.0 0.0055368564062519
1003.0 0.00483061267004814
1004.0 0.00412436893384438
1005.0 0.004529627040028572
1006.0 0.004934884418617003
1007.0 0.004853930659010075
1008.0 0.0047729743528179824
1009.0 0.004160632670391351
1010.0 0.0035482913517626002
1011.0 0.0034830925869755447
1012.0 0.003417893822188489
1013.0 0.0030164965210133232
1014.0 0.002615099037939217
1015.0 0.0022307804101728834
1016.0 0.0018464621462044306
1017.0 0.0017670367014943622
1018.0 0.0016876112567842938
1019.0 0.001510045512986835
1020.0 0.0013324794963409659
1021.0 0.001207591049023904
1022.0 0.0010827027836057823
1023.0 0.0012080998203600757
1024.0 0.001333496857114369
1025.0 0.0013036005839239806
1026.0 0.0012737043107335921
1027.0 0.0010959097380691674
1028.0 0.0009181149835058022
1029.0 0.0008563247320125811
1030.0 0.0007945347533677705
1031.0 0.0016792704627732746
1032.0 0.0025640065359766595
1033.0 0.002380598562012892
1034.0 0.002197190588049125
1035.0 0.0024058808776317164
1036.0 0.002614571167214308
1037.0 0.0028894752176711336
1038.0 0.003164379086229019
1039.0 0.002809061152220238
1040.0 0.0024537434001103975
1041.0 0.0017981714336201549
1042.0 0.0011426000128267333
1043.0 0.0011992092368018348
1044.0 0.001255818824574817
1045.0 0.0014642341739090625
1046.0 0.0016726497051422484
1047.0 0.0021122648831806146
1048.0 0.002551880243117921
1049.0 0.0016615555068710819
1050.0 0.0007712299520790111
1051.0 0.0009538227459415793
1052.0 0.0011364150850567967
1053.0 0.0008634026016807184
1054.0 0.0005903898454562295
1055.0 0.0004744771558762295
1056.0 0.0003585647618820076
1057.0 0.001245604198629735
1058.0 0.0021326433852664195
1059.0 0.0013595386917586438
1060.0 0.0005864341801498085
1061.0 0.0017595153622096404
1062.0 0.0029325965442694724
1063.0 0.00220514448301401
1064.0 0.0014776920579606667
1065.0 0.0014057953194424044
1066.0 0.0013338987628230825
1067.0 0.0009840226994128898
1068.0 0.0006341459993564058
1069.0 0.0014301193914434407
1070.0 0.002226092510682065
1071.0 0.0010170056157221552
1072.0 1.7283993247046991e-10
1073.0 0.0007435861334670335
1074.0 0.001679253182373941
1075.0 0.0029706890927627683
1076.0 0.004262125003151596
1077.0 0.004740617077914067
1078.0 0.005219109516474418
1079.0 0.006074730845284648
1080.0 0.006930349627509713
1081.0 0.005357877307687886
1082.0 0.0037854046240681782
1083.0 0.0030240165870054625
1084.0 0.002262629641336389
1085.0 0.0029293238185346127
1086.0 0.0035960176319349557
1087.0 0.0037866375350859016
1088.0 0.0039772574382368475
1089.0 0.006041486267349683
1090.0 0.008105715096462518
1091.0 0.004913779775961302
1092.0 0.0017218435459653847
1093.0 0.0005196276561036939
1094.0 1.7283993247046991e-10
1095.0 1.7283993247046991e-10
1096.0 0.0005220059847488301
1097.0 0.0008102480933303013
1098.0 0.0010984905202349182
1099.0 0.002164276702387724
1100.0 0.0032300631573889405
