lsstCam/transmission_filter_detector/r03_s00/u_24/19700101T000000.ecsv
# %ECSV 1.0
# ---
# datatype:
# - {name: wavelength, unit: nm, datatype: float32}
# - {name: efficiency, unit: '%', datatype: float64}
# meta: !!omap
# - {MODE: DETECTOR}
# - {TYPE: transmission_filter_detector}
# - {CALIBDATE: '1970-01-01T00:00:00'}
# - {INSTRUME: LSSTCam}
# - {OBSTYPE: transmission_filter_detector}
# - {CALIBCLS: lsst.ip.isr.IntermediateFilterDetectorTransmissionCurve}
# - {SOURCE: Materion (DM-46256)}
# - {DETECTOR: 18}
# - {FILTER: u_24}
# - {CALIB_ID: 'calibDate=1970-01-01T00:00:00 filter=u_24 detector=18'}
# - {DATE: '2025-04-02T15:59:39.830652'}
# - {CALIB_CREATION_DATE: '2025-04-02'}
# - {CALIB_CREATION_TIME: '15:59:39'}
# - __serialized_columns__:
#     efficiency:
#       __class__: astropy.units.quantity.Quantity
#       unit: !astropy.units.Unit {unit: '%'}
#       value: !astropy.table.SerializedColumn {name: efficiency}
#     wavelength:
#       __class__: astropy.units.quantity.Quantity
#       unit: !astropy.units.Unit {unit: nm}
#       value: !astropy.table.SerializedColumn {name: wavelength}
# schema: astropy-2.0
wavelength efficiency
295.0 1.7283993247046991e-10
296.0 1.7283993247046991e-10
297.0 1.7283993247046991e-10
298.0 1.7283993247046991e-10
299.0 1.7283993247046991e-10
300.0 1.7283993247046991e-10
301.0 1.7283993247046991e-10
302.0 1.7283993247046991e-10
303.0 0.13463696232065558
304.0 0.30514446552842855
305.0 1.5326657332479954
306.0 3.0478082597255707
307.0 5.435623973608017
308.0 8.206290006637573
309.0 11.6738460958004
310.0 15.581944584846497
311.0 19.521085917949677
312.0 23.20573925971985
313.0 25.978457927703857
314.0 28.637492656707764
315.0 31.13996982574463
316.0 33.47499370574951
317.0 36.86119616031647
318.0 40.968576073646545
319.0 45.91758847236633
320.0 52.2966206073761
321.0 57.89503455162048
322.0 63.49266171455383
323.0 68.08708906173706
324.0 71.38664722442627
325.0 73.79112243652344
326.0 75.83984136581421
327.0 77.51672267913818
328.0 79.14018034934998
329.0 80.50050735473633
330.0 81.19757771492004
331.0 81.6941499710083
332.0 81.79100751876831
333.0 81.96069598197937
334.0 81.95220828056335
335.0 82.51172304153442
336.0 83.00014734268188
337.0 83.68073105812073
338.0 84.60933566093445
339.0 84.91500616073608
340.0 85.29422283172607
341.0 85.61764359474182
342.0 85.97755432128906
343.0 85.95820665359497
344.0 86.15702986717224
345.0 86.67716979980469
346.0 87.09374666213989
347.0 87.3533308506012
348.0 87.56164312362671
349.0 87.76824474334717
350.0 87.66456246376038
351.0 87.90412545204163
352.0 87.80107498168945
353.0 87.85794377326965
354.0 87.80510425567627
355.0 87.92954087257385
356.0 87.98664808273315
357.0 87.80122995376587
358.0 87.35695481300354
359.0 87.09864616394043
360.0 86.91694736480713
361.0 86.71645522117615
362.0 86.69828772544861
363.0 86.87959313392639
364.0 87.11108565330505
365.0 87.51097321510315
366.0 87.78589367866516
367.0 87.88522481918335
368.0 87.86431550979614
369.0 88.04230690002441
370.0 87.99508810043335
371.0 87.92940974235535
372.0 88.04966807365417
373.0 88.37437629699707
374.0 88.39973211288452
375.0 88.74570727348328
376.0 88.98329138755798
377.0 89.04469609260559
378.0 88.90659213066101
379.0 88.28526139259338
380.0 87.26965188980103
381.0 85.5789303779602
382.0 83.52714776992798
383.0 81.52589201927185
384.0 79.37067747116089
385.0 76.71082615852356
386.0 73.73226881027222
387.0 69.79791522026062
388.0 65.79146981239319
389.0 61.168503761291504
390.0 56.88615441322327
391.0 52.69852876663208
392.0 48.65468442440033
393.0 45.06782591342926
394.0 41.329723596572876
395.0 36.69329881668091
396.0 31.417036056518555
397.0 24.404893815517426
398.0 17.430147528648376
399.0 10.868699848651886
400.0 5.722058936953545
401.0 2.4315835908055305
402.0 0.756156537681818
403.0 0.26385048404335976
404.0 0.11991357896476984
405.0 0.02447500010021031
406.0 0.02148925996152684
407.0 0.012325122952461243
408.0 1.7283993247046991e-10
409.0 1.7283993247046991e-10
410.0 1.7283993247046991e-10
411.0 1.7283993247046991e-10
412.0 1.7283993247046991e-10
413.0 1.7283993247046991e-10
414.0 1.7283993247046991e-10
415.0 1.7283993247046991e-10
416.0 1.7283993247046991e-10
417.0 1.7283993247046991e-10
418.0 1.7283993247046991e-10
419.0 1.7283993247046991e-10
420.0 1.7283993247046991e-10
421.0 1.7283993247046991e-10
422.0 1.7283993247046991e-10
423.0 1.7283993247046991e-10
424.0 1.7283993247046991e-10
425.0 1.7283993247046991e-10
426.0 1.7283993247046991e-10
427.0 1.7283993247046991e-10
428.0 0.000395092683902476
429.0 0.001517736200185027
430.0 0.0026403795345686376
431.0 0.0004499839633353986
432.0 1.7283993247046991e-10
433.0 1.7283993247046991e-10
434.0 1.7283993247046991e-10
435.0 1.7283993247046991e-10
436.0 1.7283993247046991e-10
437.0 1.0652477122619075e-06
438.0 1.673814296054843e-05
439.0 0.0009936082278727554
440.0 0.0019704784790519625
441.0 1.7283993247046991e-10
442.0 1.7283993247046991e-10
443.0 1.7283993247046991e-10
444.0 1.7283993247046991e-10
445.0 1.7283993247046991e-10
446.0 0.0005546476131712552
447.0 0.00029107930004101945
448.0 2.751138197254477e-05
449.0 0.0005480970685312059
450.0 0.0010686827408790123
451.0 1.7283993247046991e-10
452.0 1.7283993247046991e-10
453.0 1.7283993247046991e-10
454.0 1.7283993247046991e-10
455.0 1.7283993247046991e-10
456.0 1.7283993247046991e-10
457.0 1.7283993247046991e-10
458.0 1.7283993247046991e-10
459.0 1.7283993247046991e-10
460.0 1.7283993247046991e-10
461.0 1.7283993247046991e-10
462.0 1.7283993247046991e-10
463.0 1.7283993247046991e-10
464.0 1.7283993247046991e-10
465.0 1.7283993247046991e-10
466.0 0.000702946817909833
467.0 0.0007572027698188322
468.0 0.0008114588126773015
469.0 0.0007113812444003997
470.0 0.000611303676123498
471.0 1.7283993247046991e-10
472.0 1.7283993247046991e-10
473.0 1.7283993247046991e-10
474.0 1.7283993247046991e-10
475.0 1.7283993247046991e-10
476.0 1.7283993247046991e-10
477.0 0.00027708040306606563
478.0 0.0005575502655119635
479.0 1.7283993247046991e-10
480.0 1.7283993247046991e-10
481.0 1.7283993247046991e-10
482.0 0.0002233088707725983
483.0 1.7283993247046991e-10
484.0 1.7283993247046991e-10
485.0 1.7283993247046991e-10
486.0 1.7283993247046991e-10
487.0 1.7283993247046991e-10
488.0 1.7283993247046991e-10
489.0 1.7283993247046991e-10
490.0 1.7283993247046991e-10
491.0 1.7283993247046991e-10
492.0 1.7283993247046991e-10
493.0 1.7283993247046991e-10
494.0 1.7283993247046991e-10
495.0 0.00042783590288308915
496.0 0.0010461127203598153
497.0 0.0005005960701964796
498.0 1.7283993247046991e-10
499.0 1.7283993247046991e-10
500.0 3.054088608678285e-05
501.0 5.476286446537415e-05
502.0 7.898486842350394e-05
503.0 1.7283993247046991e-10
504.0 1.7283993247046991e-10
505.0 1.7283993247046991e-10
506.0 1.7283993247046991e-10
507.0 1.7283993247046991e-10
508.0 1.7283993247046991e-10
509.0 2.2444322667070082e-05
510.0 5.548511694541958e-05
511.0 0.00029962181997689186
512.0 0.0005437584604806034
513.0 0.00032220348202827154
514.0 0.00010064810567200766
515.0 0.0002529248149585328
516.0 0.00040520149013900664
517.0 1.7283993247046991e-10
518.0 1.7283993247046991e-10
519.0 1.7283993247046991e-10
520.0 0.00035574839785113
521.0 0.00041360453906236216
522.0 0.00047146058932412416
523.0 0.00016551715589230298
524.0 1.7283993247046991e-10
525.0 1.7283993247046991e-10
526.0 1.7283993247046991e-10
527.0 1.7283993247046991e-10
528.0 1.7283993247046991e-10
529.0 1.7283993247046991e-10
530.0 1.7283993247046991e-10
531.0 0.00013706228401133558
532.0 0.0006024694357620319
533.0 7.294898409782036e-05
534.0 1.7283993247046991e-10
535.0 1.7283993247046991e-10
536.0 1.7283993247046991e-10
537.0 1.7283993247046991e-10
538.0 0.00012703558240900747
539.0 1.7283993247046991e-10
540.0 1.7283993247046991e-10
541.0 1.7283993247046991e-10
542.0 1.7283993247046991e-10
543.0 1.7283993247046991e-10
544.0 1.7283993247046991e-10
545.0 1.7283993247046991e-10
546.0 1.7283993247046991e-10
547.0 1.7283993247046991e-10
548.0 0.00015690043255744968
549.0 1.7283993247046991e-10
550.0 1.7283993247046991e-10
551.0 1.7283993247046991e-10
552.0 1.7283993247046991e-10
553.0 1.7283993247046991e-10
554.0 1.7283993247046991e-10
555.0 1.7283993247046991e-10
556.0 1.7283993247046991e-10
557.0 1.7283993247046991e-10
558.0 1.7283993247046991e-10
559.0 3.153787986320822e-05
560.0 0.00040705781430006027
561.0 0.00013602093531517312
562.0 1.7283993247046991e-10
563.0 1.7283993247046991e-10
564.0 1.7283993247046991e-10
565.0 1.7283993247046991e-10
566.0 1.7283993247046991e-10
567.0 1.7283993247046991e-10
568.0 1.7283993247046991e-10
569.0 1.7283993247046991e-10
570.0 0.00022391941456589848
571.0 0.0004066655037604505
572.0 0.0005894117748539429
573.0 0.0004419951892487006
574.0 0.00029457896744133905
575.0 6.340147251648887e-05
576.0 1.7283993247046991e-10
577.0 1.7283993247046991e-10
578.0 7.05150966950896e-05
579.0 0.0003434052359807538
580.0 0.0006162953013699735
581.0 0.0009276624950871337
582.0 0.0012390299161779694
583.0 0.0015322701074182987
584.0 0.0018255104805575684
585.0 0.0014416432350117248
586.0 0.0010577755347185303
587.0 0.0009275862794311251
588.0 0.0007973971150931902
589.0 0.0007537804322055308
590.0 0.0007101636128936661
591.0 0.0009094290362554602
592.0 0.0011086945050919894
593.0 0.0008722949132788926
594.0 0.0006358950940921204
595.0 0.0007517270660173381
596.0 0.0008675587196194101
597.0 0.0009700042937765829
598.0 0.0010724497769842856
599.0 0.0016603764379397035
600.0 0.0022483030988951214
601.0 0.0025898110834532417
602.0 0.002931319068011362
603.0 0.0024188237148337066
604.0 0.0019063287254539318
605.0 0.0015060816622280981
606.0 0.0011058347809012048
607.0 0.0010432482667965814
608.0 0.0009806618436414283
609.0 0.0007162816018535523
610.0 0.00045190145101514645
611.0 0.0006603243036806816
612.0 0.000868747247295687
613.0 0.0007894013833720237
614.0 0.0007100556558725657
615.0 0.0008568526027374901
616.0 0.0010036494131782092
617.0 0.0008866620191838592
618.0 0.0007696747161389794
619.0 0.00044989710659137927
620.0 0.00013011961073061684
621.0 0.0004560090928862337
622.0 0.0007818984158802778
623.0 0.0007476593964383937
624.0 0.0007134203315217746
625.0 0.000791694583313074
626.0 0.000869968698680168
627.0 0.0009419760317541659
628.0 0.0010139831829292234
629.0 0.001074405554390978
630.0 0.001134828107751673
631.0 0.001589640487509314
632.0 0.0020444527763174847
633.0 0.002198432594013866
634.0 0.0023524125936091878
635.0 0.0025532326617394574
636.0 0.0027540523660718463
637.0 0.00239266300923191
638.0 0.0020312734704930335
639.0 0.0013812281395075843
640.0 0.0007311825356737245
641.0 0.0009386823876411654
642.0 0.0011461821486591361
643.0 0.0007827022272977047
644.0 0.000419222214986803
645.0 0.0003275370772826136
646.0 0.00023585191684105666
647.0 0.0001305327032241621
648.0 2.5213665821866016e-05
649.0 0.00010509872936381726
650.0 0.00018498390090826433
651.0 0.0005684806183126057
652.0 0.0009519773811916821
653.0 0.0013157901776139624
654.0 0.001679602610238362
655.0 0.001810110370570328
656.0 0.0019406179490033537
657.0 0.002882195076381322
658.0 0.003823772567557171
659.0 0.004086068656761199
660.0 0.0043483647459652275
661.0 0.004220974733470939
662.0 0.004093584720976651
663.0 0.0030343271646415815
664.0 0.001975069972104393
665.0 0.0016178839359781705
666.0 0.0012606974451045971
667.0 0.0013340056284505408
668.0 0.001407313538948074
669.0 0.0008048837116803043
670.0 0.0002024539753620047
671.0 0.0003816356183961034
672.0 0.0005608171704807319
673.0 0.0005446060640679207
674.0 0.0005283950031298446
675.0 0.0008398656063945964
676.0 0.001151336073235143
677.0 0.0019068595065618865
678.0 0.002662383485585451
679.0 0.002629366281325929
680.0 0.0025963490770664066
681.0 0.0035776720324065536
682.0 0.004558994987746701
683.0 0.00632910305284895
684.0 0.0080992111179512
685.0 0.00874086981639266
686.0 0.009382530697621405
687.0 0.008286486990982667
688.0 0.007190443284343928
689.0 0.005656955545418896
690.0 0.004123468170291744
691.0 0.0037063658965053037
692.0 0.0032892643503146246
693.0 0.002996162947965786
694.0 0.002703061909414828
695.0 0.002369462526985444
696.0 0.002035863508353941
697.0 0.0014838135030004196
698.0 0.0009317635885963682
699.0 0.0006548976671183482
700.0 0.00037803179111506324
701.0 0.00048141432671400253
702.0 0.0005847968168382067
703.0 0.0007851813279557973
704.0 0.000985565930022858
705.0 0.0010485468010301702
706.0 0.0011115281267848331
707.0 0.0010216363989457022
708.0 0.0009317443982581608
709.0 0.0007776816346449777
710.0 0.0006236189619812649
711.0 0.0006752803528797813
712.0 0.0007269416073540924
713.0 0.0007455914783349726
714.0 0.0007642413038411178
715.0 0.0007180426564445952
716.0 0.0006718440090480726
717.0 0.000620553419139469
718.0 0.0005692627382813953
719.0 0.00048285937737091444
720.0 0.0003964559709856985
721.0 0.0003913271484634606
722.0 0.00038619828046648763
723.0 0.0004657464614865603
724.0 0.0005452945970318979
725.0 0.0003548356289684307
726.0 0.000164376535849442
727.0 0.0003423145699343877
728.0 0.0005202526608627522
729.0 0.00029256727884785505
730.0 6.488197641374427e-05
731.0 0.0001439778429812577
732.0 0.00022307376639219
733.0 0.0001750889509821718
734.0 0.00012710421515294001
735.0 0.00037818419968971284
736.0 0.0006292641955951694
737.0 0.0006940016646694858
738.0 0.0007587391337438021
739.0 0.0006384327207342722
740.0 0.0005181262622500071
741.0 0.0011146623364766128
742.0 0.0017111984561779536
743.0 0.0023139593395171687
744.0 0.002916719859058503
745.0 0.0036019595427205786
746.0 0.004287198316887952
747.0 0.004687161344918422
748.0 0.005087124009151012
749.0 0.004311289012548514
750.0 0.0035354543797438964
751.0 0.0031351144571090117
752.0 0.0027347747163730673
753.0 0.0023426080588251352
754.0 0.0019504412193782628
755.0 0.0021975618437863886
756.0 0.0024446828319923952
757.0 0.0020406030671438202
758.0 0.0016365229384973645
759.0 0.0013185366697143763
760.0 0.0010005504918808583
761.0 0.0011682383956213016
762.0 0.001335926299361745
763.0 0.0010846907571249176
764.0 0.0008334550329891499
765.0 0.0008007044016267173
766.0 0.0007679538612137549
767.0 0.0005841914571647067
768.0 0.0004004289166914532
769.0 0.0005169506039237604
770.0 0.000633472018307657
771.0 0.00043776908569270745
772.0 0.00024206588022934739
773.0 0.00017625160353418323
774.0 0.00011043729273296776
775.0 0.00026918376079265727
776.0 0.000427930217483663
777.0 0.0004826869371754583
778.0 0.0005374434749683132
779.0 0.0008068590432230849
780.0 0.0010762746569525916
781.0 0.0011440056368883234
782.0 0.0012117367077735253
783.0 0.0010954629033221863
784.0 0.0009791886441234965
785.0 0.0010938999366771895
786.0 0.0012086110473319422
787.0 0.0009967151527234819
788.0 0.0007848192581150215
789.0 0.0008699932550371159
790.0 0.0009551671610097401
791.0 0.0008144459570758045
792.0 0.0006737245712429285
793.0 0.0001362223542855645
794.0 1.7283993247046991e-10
795.0 1.7283993247046991e-10
796.0 0.00013503371292244992
797.0 0.00036855599319096655
798.0 0.0006020782620907994
799.0 0.000274105263997626
800.0 1.7283993247046991e-10
801.0 1.7283993247046991e-10
802.0 1.7283993247046991e-10
803.0 1.7283993247046991e-10
804.0 1.7283993247046991e-10
805.0 1.7283993247046991e-10
806.0 2.661527389591356e-05
807.0 1.7283993247046991e-10
808.0 1.7283993247046991e-10
809.0 1.7283993247046991e-10
810.0 0.00014440024642681237
811.0 2.464773452004465e-06
812.0 1.7283993247046991e-10
813.0 0.00020873167159152217
814.0 0.0005569340373767773
815.0 0.00042228170968883205
816.0 0.0002876293592635193
817.0 0.00032479106266691815
818.0 0.00036195278880768456
819.0 0.00017261716038774466
820.0 1.7283993247046991e-10
821.0 1.7283993247046991e-10
822.0 1.7283993247046991e-10
823.0 1.7283993247046991e-10
824.0 1.7283993247046991e-10
825.0 1.7283993247046991e-10
826.0 1.7283993247046991e-10
827.0 0.0002577380882939906
828.0 0.000572144563193433
829.0 0.00057627257774584
830.0 0.0005804010925203329
831.0 8.01999021859956e-05
832.0 1.7283993247046991e-10
833.0 1.7283993247046991e-10
834.0 1.7283993247046991e-10
835.0 1.7283993247046991e-10
836.0 3.57855640231719e-05
837.0 1.7283993247046991e-10
838.0 1.7283993247046991e-10
839.0 1.7283993247046991e-10
840.0 1.7283993247046991e-10
841.0 1.7283993247046991e-10
842.0 0.00011470574463601224
843.0 1.7283993247046991e-10
844.0 1.7283993247046991e-10
845.0 1.7283993247046991e-10
846.0 1.7283993247046991e-10
847.0 0.00013989614444653853
848.0 0.0002981352054121089
849.0 0.0003736804728760035
850.0 0.0004492256266530603
851.0 0.00034114375466742786
852.0 0.0002330618826817954
853.0 0.0003429842763580382
854.0 0.0004529066245595459
855.0 0.0005060237981524551
856.0 0.0005591408353211591
857.0 0.0005719673481507925
858.0 0.000584793906455161
859.0 0.0008691584298503585
860.0 0.0011535228622960858
861.0 0.0010512319931876846
862.0 0.0009489411240792833
863.0 0.0011304478903184645
864.0 0.0013119544746587053
865.0 0.0016815758499433286
866.0 0.0020511970433290116
867.0 0.001981492096092552
868.0 0.0019117869669571519
869.0 0.001980832894332707
870.0 0.002049878276011441
871.0 0.0019285362213850021
872.0 0.001807193984859623
873.0 0.0018542019461165182
874.0 0.0019012095435755327
