lsstCam/transmission_filter_detector/r03_s00/g_6/19700101T000000.ecsv
# %ECSV 1.0
# ---
# datatype:
# - {name: wavelength, unit: nm, datatype: float32}
# - {name: efficiency, unit: '%', datatype: float64}
# meta: !!omap
# - {MODE: DETECTOR}
# - {TYPE: transmission_filter_detector}
# - {CALIBDATE: '1970-01-01T00:00:00'}
# - {INSTRUME: LSSTCam}
# - {OBSTYPE: transmission_filter_detector}
# - {CALIBCLS: lsst.ip.isr.IntermediateFilterDetectorTransmissionCurve}
# - {SOURCE: Materion (DM-46256)}
# - {DETECTOR: 18}
# - {FILTER: g_6}
# - {CALIB_ID: 'calibDate=1970-01-01T00:00:00 filter=g_6 detector=18'}
# - {DATE: '2025-04-02T15:59:42.112906'}
# - {CALIB_CREATION_DATE: '2025-04-02'}
# - {CALIB_CREATION_TIME: '15:59:42'}
# - __serialized_columns__:
#     efficiency:
#       __class__: astropy.units.quantity.Quantity
#       unit: !astropy.units.Unit {unit: '%'}
#       value: !astropy.table.SerializedColumn {name: efficiency}
#     wavelength:
#       __class__: astropy.units.quantity.Quantity
#       unit: !astropy.units.Unit {unit: nm}
#       value: !astropy.table.SerializedColumn {name: wavelength}
# schema: astropy-2.0
wavelength efficiency
300.0 0.49730981700122356
301.0 0.3667544573545456
302.0 0.2361990511417389
303.0 0.21499081049114466
304.0 0.19378256984055042
305.0 0.2037510508671403
306.0 0.2137195086106658
307.0 0.22175030317157507
308.0 0.22978109773248434
309.0 0.22262141574174166
310.0 0.21546175703406334
311.0 0.21114784758538008
312.0 0.20683398470282555
313.0 0.19999234937131405
314.0 0.19315071403980255
315.0 0.1846197759732604
316.0 0.1760888728313148
317.0 0.17621105071157217
318.0 0.1763332518748939
319.0 0.1613001455552876
320.0 0.14626701595261693
321.0 0.14073550701141357
322.0 0.13520402135327458
323.0 0.11498646344989538
324.0 0.09476894047111273
325.0 0.08650098461657763
326.0 0.07823302876204252
327.0 0.0711393659003079
328.0 0.06404570303857327
329.0 0.061430648202076554
330.0 0.05881558754481375
331.0 0.055163458455353975
332.0 0.0515113293658942
333.0 0.047526179696433246
334.0 0.04354103293735534
335.0 0.04221274284645915
336.0 0.04088445275556296
337.0 0.04187171580269933
338.0 0.04285897593945265
339.0 0.04110054287593812
340.0 0.03934211272280663
341.0 0.03754015197046101
342.0 0.035738194128498435
343.0 0.03231811570003629
344.0 0.02889803727157414
345.0 0.02558879496064037
346.0 0.022279552649706602
347.0 0.0209774705581367
348.0 0.019675387011375278
349.0 0.01817843731259927
350.0 0.7824338972568512
351.0 0.9208069182932377
352.0 0.615538889542222
353.0 0.9119948372244835
354.0 0.5009772721678019
355.0 0.6988435052335262
356.0 0.7127882912755013
357.0 1.001693494617939
358.0 0.35302736796438694
359.0 0.9976807981729507
360.0 0.683863228186965
361.0 0.724747683852911
362.0 0.43082376942038536
363.0 0.7954451255500317
364.0 0.4167106933891773
365.0 0.8311793208122253
366.0 0.3763924818485975
367.0 0.5470444448292255
368.0 0.3950608894228935
369.0 0.6387470755726099
370.0 0.3767745103687048
371.0 0.5506531801074743
372.0 0.4673378076404333
373.0 0.5644504446536303
374.0 0.3434411948546767
375.0 0.4834429360926151
376.0 0.3344810800626874
377.0 0.5555280018597841
378.0 0.2973836148157716
379.0 0.5586878396570683
380.0 0.4118925426155329
381.0 0.5644368473440409
382.0 0.6246913224458694
383.0 0.5484367720782757
384.0 0.5325162783265114
385.0 0.6676541641354561
386.0 0.6363384891301394
387.0 0.8005551062524319
388.0 0.9745312854647636
389.0 1.3362898491322994
390.0 2.037590928375721
391.0 3.2917242497205734
392.0 5.0849854946136475
393.0 8.076423406600952
394.0 12.09443286061287
395.0 17.431390285491943
396.0 23.829285800457
397.0 31.81276023387909
398.0 40.89883863925934
399.0 50.45049786567688
400.0 59.85481142997742
401.0 68.44463348388672
402.0 76.14227533340454
403.0 82.1495771408081
404.0 86.47554516792297
405.0 89.5658791065216
406.0 91.19753837585449
407.0 92.52621531486511
408.0 93.2127058506012
409.0 93.46835017204285
410.0 93.49402785301208
411.0 93.24077367782593
412.0 92.88581609725952
413.0 92.72953867912292
414.0 92.70737767219543
415.0 92.98056364059448
416.0 93.35439801216125
417.0 93.75787377357483
418.0 94.25220489501953
419.0 94.75796222686768
420.0 95.25108337402344
421.0 95.76422572135925
422.0 95.86693048477173
423.0 95.99674344062805
424.0 95.79926133155823
425.0 95.65269351005554
426.0 95.64433693885803
427.0 95.61036229133606
428.0 95.44072151184082
429.0 95.33465504646301
430.0 95.23184895515442
431.0 95.35312056541443
432.0 95.49530744552612
433.0 95.50670385360718
434.0 95.47331929206848
435.0 95.65793871879578
436.0 95.71227431297302
437.0 95.75104117393494
438.0 95.81966400146484
439.0 95.90272903442383
440.0 95.88274955749512
441.0 96.03037238121033
442.0 95.9586501121521
443.0 95.90768814086914
444.0 95.77505588531494
445.0 95.48510909080505
446.0 95.3593373298645
447.0 95.27276158332825
448.0 95.3029453754425
449.0 95.54776549339294
450.0 95.8313524723053
451.0 96.02815508842468
452.0 96.23572826385498
453.0 96.27848267555237
454.0 96.33640646934509
455.0 96.63428664207458
456.0 96.70064449310303
457.0 96.90412282943726
458.0 96.86070084571838
459.0 96.87889218330383
460.0 96.85693979263306
461.0 96.97649478912354
462.0 96.86588644981384
463.0 96.75700664520264
464.0 96.834397315979
465.0 96.7499852180481
466.0 96.75001502037048
467.0 96.73835039138794
468.0 96.77287340164185
469.0 96.8069076538086
470.0 96.64208889007568
471.0 96.51028513908386
472.0 96.64559960365295
473.0 96.47778868675232
474.0 96.40454053878784
475.0 96.51026725769043
476.0 96.54328227043152
477.0 96.598881483078
478.0 96.72513604164124
479.0 96.73152565956116
480.0 96.89726829528809
481.0 97.01175093650818
482.0 97.17431664466858
483.0 97.0754623413086
484.0 97.24524021148682
485.0 97.27411270141602
486.0 97.2750723361969
487.0 97.31520414352417
488.0 97.32731580734253
489.0 97.426438331604
490.0 97.37774729728699
491.0 97.46600389480591
492.0 97.39030003547668
493.0 97.42426872253418
494.0 97.37115502357483
495.0 97.40335941314697
496.0 97.24345803260803
497.0 97.19250202178955
498.0 96.92617058753967
499.0 97.02867269515991
500.0 97.01598286628723
501.0 96.9673216342926
502.0 96.89050316810608
503.0 97.07275032997131
504.0 96.8903660774231
505.0 96.89210653305054
506.0 96.90789580345154
507.0 96.83547616004944
508.0 96.83465957641602
509.0 96.86415195465088
510.0 96.7538595199585
511.0 96.77274227142334
512.0 96.74580097198486
513.0 96.78658246994019
514.0 96.7770516872406
515.0 96.83440923690796
516.0 96.90407514572144
517.0 96.96575999259949
518.0 96.99803590774536
519.0 96.95992469787598
520.0 97.03243374824524
521.0 97.11692333221436
522.0 97.10135459899902
523.0 97.08013534545898
524.0 97.07601070404053
525.0 97.03832268714905
526.0 97.1439778804779
527.0 97.11341261863708
528.0 97.16453552246094
529.0 97.29104042053223
530.0 97.29252457618713
531.0 97.37248420715332
532.0 97.27746844291687
533.0 97.25155830383301
534.0 97.14083075523376
535.0 96.86762690544128
536.0 96.32805585861206
537.0 95.50349712371826
538.0 94.3993330001831
539.0 92.57543683052063
540.0 90.37567973136902
541.0 87.18387484550476
542.0 83.9073896408081
543.0 79.80368137359619
544.0 74.84517693519592
545.0 70.56676149368286
546.0 65.66922068595886
547.0 61.35769486427307
548.0 57.256656885147095
549.0 53.74653935432434
550.0 51.0517954826355
551.0 48.344334959983826
552.0 46.01837694644928
553.0 43.2513564825058
554.0 39.78292644023895
555.0 35.92064082622528
556.0 30.981647968292236
557.0 25.557225942611694
558.0 20.07490247488022
559.0 15.005071461200714
560.0 10.548440366983414
561.0 6.679686903953552
562.0 4.031078144907951
563.0 2.203618735074997
564.0 1.1540232226252556
565.0 0.554009759798646
566.0 0.30421207193285227
567.0 0.15687824925407767
568.0 0.11871249880641699
569.0 0.07380032329820096
570.0 0.06708921864628792
571.0 0.03812490031123161
572.0 0.04007303505204618
573.0 0.03109811805188656
574.0 0.03597434260882437
575.0 0.02633299445733428
576.0 0.024411269987467676
577.0 0.016548838175367564
578.0 0.03654485917650163
579.0 0.01999736705329269
580.0 0.022260600235313177
581.0 0.021068225032649934
582.0 0.014501623809337616
583.0 0.010954821482300758
584.0 0.017480023961979896
585.0 0.020978981046937406
586.0 0.018872646614909172
587.0 0.01394635037286207
588.0 0.020274455891922116
589.0 0.013292832591105253
590.0 0.014725029177498072
591.0 0.00790016129030846
592.0 0.013035160372965038
593.0 0.009193051664624363
594.0 0.013242139539215714
595.0 0.0038375867006834596
596.0 0.006700670928694308
597.0 0.009084622433874756
598.0 0.007241423736559227
599.0 0.005149615026311949
600.0 0.009561663318891078
601.0 0.002285602386109531
602.0 0.0023031409000395797
603.0 0.002320679595868569
604.0 0.002155689799110405
605.0 0.0019907000023522414
606.0 0.0019339571736054495
607.0 0.0018772143448586576
608.0 0.0017936747099156491
609.0 0.0017101348930737004
610.0 0.0017980572010856122
611.0 0.0018859793271985836
612.0 0.00176392168214079
613.0 0.0016418640370829962
614.0 0.0017080608813557774
615.0 0.001774257907527499
616.0 0.0018511840607970953
617.0 0.001928109850268811
618.0 0.0018267022824147716
619.0 0.0017252945326617919
620.0 0.0016958763808361255
621.0 0.0016664584109093994
622.0 0.0015548524970654398
623.0 0.0014432463103730697
624.0 0.0014680677850265056
625.0 0.0014928891687304713
626.0 0.0014395926882571075
627.0 0.001386296389682684
628.0 0.0014386923794518225
629.0 0.0014910887330188416
630.0 0.0013507646144717
631.0 0.0012104400411772076
632.0 0.0013096716429572552
633.0 0.0014089028809394222
634.0 0.001401516783516854
635.0 0.0013941303222964052
636.0 0.0013787398529530037
637.0 0.0013633498383569531
638.0 0.0012369362593744881
639.0 0.001110522589442553
640.0 0.0010796716196637135
641.0 0.0010488205589354038
642.0 0.0012699709259322844
643.0 0.0014911214748281054
644.0 0.0013918085642217193
645.0 0.001292495107918512
646.0 0.001191067167383153
647.0 0.001089639226847794
648.0 0.0010632758858264424
649.0 0.0010369124538556207
650.0 0.001259682721865829
651.0 0.0014824524441792164
652.0 0.0011772756806749385
653.0 0.0008720988262211904
654.0 0.0009739751476445235
655.0 0.0010758515600173268
656.0 0.0010937297702184878
657.0 0.0011116077985207085
658.0 0.0010351722266932484
659.0 0.0009587369277141988
660.0 0.000943325267144246
661.0 0.000927913515624823
662.0 0.0010467531865288038
663.0 0.001165593130281195
664.0 0.001170869745692471
665.0 0.0011761462701542769
666.0 0.0010737547199823894
667.0 0.0009713628969620913
668.0 0.0010815649147843942
669.0 0.001191766841657227
670.0 0.0011990879102086183
671.0 0.0012064089787600096
672.0 0.001224867628479842
673.0 0.0012433260963007342
674.0 0.0011724977412086446
675.0 0.0011016692951670848
676.0 0.0010512104381632525
677.0 0.0010007511264120694
678.0 0.0010687679605325684
679.0 0.0011367847946530674
680.0 0.0010454870789544657
681.0 0.000954189363255864
682.0 0.0010225076039205305
683.0 0.0010908257536357269
684.0 0.0008779271411185618
685.0 0.0006650283921771916
686.0 0.0009034940376295708
687.0 0.001141959637607215
688.0 0.0011264685781497974
689.0 0.00111097760964185
690.0 0.0010053509868157562
691.0 0.0008997245458886027
692.0 0.0009089332706935238
693.0 0.0009181419954984449
694.0 0.0010082289918500464
695.0 0.001098315988201648
696.0 0.00112861416710075
697.0 0.0011589121641009115
698.0 0.0012727011380775366
699.0 0.0013864901120541617
700.0 0.0011693975466187112
701.0 0.0009523047083348501
702.0 0.001100185818359023
703.0 0.0012480667464842554
704.0 0.0011917913980141748
705.0 0.0011355156857462134
706.0 0.0011193654245289508
707.0 0.0011032153452106286
708.0 0.0010965509318339173
709.0 0.0010898867003561463
710.0 0.0011772427569667343
711.0 0.0012645989954762626
712.0 0.0011985239325440489
713.0 0.0011324491424602456
714.0 0.0011918559721380007
715.0 0.0012512630746641662
716.0 0.0014349508091981988
717.0 0.0016186389984795824
718.0 0.0018578306480776519
719.0 0.0020970222976757213
720.0 0.0017361837308271788
721.0 0.001375344982079696
722.0 0.0015267172784660943
723.0 0.0016780901205493137
724.0 0.001635066291783005
725.0 0.0015920426449156366
726.0 0.001687051735643763
727.0 0.0017820608263718896
728.0 0.0019136987248202786
729.0 0.002045336259470787
730.0 0.0020097386368433945
731.0 0.0019741406504181214
732.0 0.0018457838450558484
733.0 0.0017174270396935754
734.0 0.0015223599802993704
735.0 0.0013272931028041057
736.0 0.0011676645044644829
737.0 0.0010080358151753899
738.0 0.0010712256880651694
739.0 0.0011344154700054787
740.0 0.0010089968782267533
741.0 0.0008835782864480279
742.0 0.0008977454854175448
743.0 0.0009119127753365319
744.0 0.0010168842891289387
745.0 0.0011218558938708156
746.0 0.0010818237569765188
747.0 0.001041791620082222
748.0 0.0012104786037525628
749.0 0.0013791659512207843
750.0 0.0011290582733636256
751.0 0.0008789508683548775
752.0 0.000785124211688526
753.0 0.0006912976004969096
754.0 0.0007973510037118103
755.0 0.000903404361451976
756.0 0.0008708000677870587
757.0 0.000838195592223201
758.0 0.000847461251396453
759.0 0.0008567271834181156
760.0 0.0006559091161761899
761.0 0.00045509095798479393
762.0 0.0005483240329340333
763.0 0.0006415569714590674
764.0 0.0007438455213559791
765.0 0.0008461342986265663
766.0 0.0007410716079903068
767.0 0.0006360090537782526
768.0 0.0005538490768230986
769.0 0.0004716890998679446
770.0 0.0003887974344252143
771.0 0.00030590583719458664
772.0 0.0005620539013762027
773.0 0.0008182021701941267
774.0 0.0008732068636163604
775.0 0.0009282116479880642
776.0 0.0008438661097898148
777.0 0.0007595204351673601
778.0 0.0007295444902410964
779.0 0.0006995686817390379
780.0 0.0006273403414525092
781.0 0.0005551120011659805
782.0 0.0005433215392258717
783.0 0.0005315309408615576
784.0 0.0006802469215472229
785.0 0.0008289628567581531
786.0 0.0007438743978127604
787.0 0.0006587862571905134
788.0 0.00045116844376025256
789.0 0.00024355072127946187
790.0 0.00022787648958910722
791.0 0.00021220223516138503
792.0 0.0002812288357745274
793.0 0.0003502554591250373
794.0 0.00029593218187073944
795.0 0.00024160892735380912
796.0 0.00042303186091885436
797.0 0.0006044547717465321
798.0 0.0005646770205203211
799.0 0.0005248992692941101
800.0 0.0005110453002998838
801.0 0.0004971914677298628
802.0 0.00042533861233096104
803.0 0.00035348589335626457
804.0 0.00026145062292926013
805.0 0.00016941542071435833
806.0 0.0002633972371768323
807.0 0.0003573790536393062
808.0 0.0004534836989478208
809.0 0.000549588366993703
810.0 0.0004186947080597747
811.0 0.00028780098091374384
812.0 0.00026598454496706836
813.0 0.00024416808628302533
814.0 0.00031303311516239773
815.0 0.00038189814404177014
816.0 0.0004777228241437115
817.0 0.0005735474132961826
818.0 0.0003548683253029594
819.0 0.00013618924867841997
820.0 0.0003527384933477151
821.0 0.000569287703910959
822.0 0.0004473011813388439
823.0 0.00032531468150409637
824.0 0.0003940006990887923
825.0 0.00046268664846138563
826.0 0.0005667829100275412
827.0 0.0006708791261189617
828.0 0.0005735191734856926
829.0 0.00047615922085242346
830.0 0.00041474618228676263
831.0 0.00035333316645846935
832.0 0.00045377828428172506
833.0 0.0005542233338928781
834.0 0.0004622158030542778
835.0 0.00037020829495304497
836.0 0.00046821719479339663
837.0 0.0005662261173711158
838.0 0.00048823417273524683
839.0 0.0004102422735741129
840.0 0.000535846402272
841.0 0.000661450485495152
842.0 0.00037942161270621
843.0 9.739266033648164e-05
844.0 0.00013462577044265345
845.0 0.0001718589032861928
846.0 0.00043444224502309225
847.0 0.0006970256436034106
848.0 0.0006101453891460551
849.0 0.0005232652256381698
850.0 0.0004914842975267675
851.0 0.00045970336941536516
852.0 0.0006013501661072951
853.0 0.0007429966444760794
854.0 0.0006922028205735842
855.0 0.0006414088147721486
856.0 0.0006016796305630123
857.0 0.000561950446353876
858.0 0.000574144178244751
859.0 0.000586337955610361
860.0 0.0006059678526071366
861.0 0.0006255977496039122
862.0 0.0005400405825639609
863.0 0.0004544834155240096
864.0 0.00042849028432101477
865.0 0.000402497198592755
866.0 0.000414495525546954
867.0 0.000426493852501153
868.0 0.0006435260729631409
869.0 0.0008605582479503937
870.0 0.0006121471869846573
871.0 0.00036373594411998056
872.0 0.0003037378291992354
873.0 0.0002437396233290201
874.0 0.0003653910198408994
875.0 0.0004870424163527787
876.0 0.0006025873517501168
877.0 0.0007181322416727198
878.0 0.0007304990504053421
879.0 0.0007428658591379644
880.0 0.0006763359124306589
881.0 0.000609806238571764
882.0 0.0005055183009972097
883.0 0.0004012306817458011
884.0 0.0005437958861875813
885.0 0.000686361318003037
886.0 0.0007241215371323051
887.0 0.0007618820291099837
888.0 0.0006789925464545377
889.0 0.0005961032002232969
890.0 0.0005593755304289516
891.0 0.0005226480425335467
892.0 0.0005194788627704838
893.0 0.0005163098194316262
894.0 0.0005459157819132088
895.0 0.0005755217443947913
896.0 0.00037709871776314685
897.0 0.0001786756001820322
898.0 0.0003021908923983574
899.0 0.00042570618461468257
900.0 0.0003184877641615458
901.0 0.00021126932097104145
902.0 0.00042120873331441544
903.0 0.000631148168395157
904.0 0.0003516562856020755
905.0 7.216431185952388e-05
906.0 0.0003539523277140688
