lsstCam/transmission_filter_detector/r03_s00/g_6/19700101T000000.ecsv
# %ECSV 1.0
# ---
# datatype:
# - {name: wavelength, unit: nm, datatype: float32}
# - {name: efficiency, unit: '%', datatype: float64}
# meta: !!omap
# - {MODE: DETECTOR}
# - {TYPE: transmission_filter_detector}
# - {CALIBDATE: '1970-01-01T00:00:00'}
# - {INSTRUME: LSSTCam}
# - {OBSTYPE: transmission_filter_detector}
# - {CALIBCLS: lsst.ip.isr.IntermediateFilterDetectorTransmissionCurve}
# - {SOURCE: Materion (DM-46256)}
# - {DETECTOR: 18}
# - {FILTER: g_6}
# - {CALIB_ID: 'calibDate=1970-01-01T00:00:00 filter=g_6 detector=18'}
# - {DATE: '2025-04-02T15:59:42.112906'}
# - {CALIB_CREATION_DATE: '2025-04-02'}
# - {CALIB_CREATION_TIME: '15:59:42'}
# - __serialized_columns__:
#     efficiency:
#       __class__: astropy.units.quantity.Quantity
#       unit: !astropy.units.Unit {unit: '%'}
#       value: !astropy.table.SerializedColumn {name: efficiency}
#     wavelength:
#       __class__: astropy.units.quantity.Quantity
#       unit: !astropy.units.Unit {unit: nm}
#       value: !astropy.table.SerializedColumn {name: wavelength}
# schema: astropy-2.0
wavelength efficiency
[from data line 608]
908.0 0.0005038070412410889
909.0 0.00037187385260040173
910.0 0.00031100107662496157
911.0 0.0002501283006495214
912.0 0.00038251964724622667
913.0 0.0005149110165802995
914.0 0.0003288179186711204
915.0 0.0001427248548679927
916.0 0.00016362824908355833
917.0 0.00018453162056175643
918.0 0.00022486869966087397
919.0 0.0002652057901286753
920.0 0.00033008168429660145
921.0 0.0003949575784645276
922.0 0.0005401689122663811
923.0 0.0006853802460682346
924.0 0.0005712430720450357
925.0 0.0004571058070723666
926.0 0.0005416638487076852
927.0 0.0006262220267672092
928.0 0.0005331399734131992
929.0 0.0004400580110086594
930.0 0.0004716810508398339
931.0 0.0005033041361457435
932.0 0.0004828667442779988
933.0 0.00046242935241025407
934.0 0.00047440694288525265
935.0 0.00048638448788551614
936.0 0.0005317560862749815
937.0 0.0005771276846644469
938.0 0.0006020701221132185
939.0 0.0006270125140872551
940.0 0.0005849701665283646
941.0 0.0005429276370705338
942.0 0.0006708860837534303
943.0 0.0007988444849615917
944.0 0.0006371993549691979
945.0 0.00047555413402733393
946.0 0.00044260518734517973
947.0 0.00040965624066302553
948.0 0.0007872665264585521
949.0 0.0011648769032035489
950.0 0.0009895680705085397
951.0 0.0008142592378135305
952.0 0.000870568874233868
953.0 0.0009268786016036756
954.0 0.0008066696864261758
955.0 0.000686460816723411
956.0 0.0006498622042272473
957.0 0.0006132633643574081
958.0 0.000722004369890783
959.0 0.0008307453754241578
960.0 0.0006619941359531367
961.0 0.0004932428055326454
962.0 0.0005436147148429882
963.0 0.0005939865786785958
964.0 0.0006733576356054982
965.0 0.0007527285106334602
966.0 0.0007766601811454166
967.0 0.0008005918061826378
968.0 0.0006919903171365149
969.0 0.0005833888735651271
970.0 0.0006487993232440203
971.0 0.0007142097729229135
972.0 0.0008034709026105702
973.0 0.0008927320777729619
974.0 0.0008664241249789484
975.0 0.0008401165359828155
976.0 0.0008585344403400086
977.0 0.0008769526175456122
978.0 0.0009318397133029066
979.0 0.000986726809060201
980.0 0.0010430616384837776
981.0 0.0010993965588568244
982.0 0.0010095137440657709
983.0 0.0009196308383252472
984.0 0.000963942329690326
985.0 0.001008253912004875
986.0 0.0011877205906785093
987.0 0.0013671873603016138
988.0 0.0014712089068780188
989.0 0.001575230089656543
990.0 0.001625079858058598
991.0 0.0016749296264606528
992.0 0.0016520889403182082
993.0 0.0016292482541757636
994.0 0.0015955596609273925
995.0 0.0015618712495779619
996.0 0.001467178935854463
997.0 0.0013724867130804341
998.0 0.0014410265066544525
999.0 0.0015095663911779411
1000.0 0.0014074215869186446
1001.0 0.0013052766007604077
1002.0 0.0012298391084186733
1003.0 0.0011544017979758792
1004.0 0.0011408840691728983
1005.0 0.0011273664313193876
1006.0 0.0013301492799655534
1007.0 0.0015329322195611894
1008.0 0.0015545887436019257
1009.0 0.0015762459952384233
1010.0 0.0016763433450250886
1011.0 0.0017764410586096346
1012.0 0.0018687782358028926
1013.0 0.001961115594895091
1014.0 0.0020548499378492124
1015.0 0.002148584826500155
1016.0 0.0024271070287795737
1017.0 0.002705629594856873
1018.0 0.0029163093131501228
1019.0 0.0031269890314433724
1020.0 0.0031893760024104267
1021.0 0.003251763337175362
1022.0 0.003522629413055256
1023.0 0.00379349548893515
1024.0 0.003961719630751759
1025.0 0.004129943408770487
1026.0 0.00423563142248895
1027.0 0.004341319072409533
1028.0 0.004373721822048537
1029.0 0.004406124571687542
1030.0 0.004545421325019561
1031.0 0.004684717714553699
1032.0 0.005055682777310722
1033.0 0.005426647840067744
1034.0 0.0053453703003469855
1035.0 0.005264093488221988
1036.0 0.005324730227584951
1037.0 0.005385366966947913
1038.0 0.005670899554388598
1039.0 0.005956432141829282
1040.0 0.0062985454860609025
1041.0 0.006640657375101
1042.0 0.006812492210883647
1043.0 0.006984326319070533
1044.0 0.007190420001279563
1045.0 0.007396512955892831
1046.0 0.008383894601138309
1047.0 0.009371275518788025
1048.0 0.01075534601113759
1049.0 0.01213941359310411
1050.0 0.014374776219483465
1051.0 0.016610135207884014
1052.0 0.019973161397501826
1053.0 0.023336194863077253
1054.0 0.027886699535883963
1055.0 0.03243720275349915
1056.0 0.0389370194170624
1057.0 0.04543683025985956
1058.0 0.052877055713906884
1059.0 0.06031726370565593
1060.0 0.0677025702316314
1061.0 0.07508784183301032
1062.0 0.08218795992434025
1063.0 0.08928804891183972
1064.0 0.09451039368286729
1065.0 0.09973271517083049
1066.0 0.10487159015610814
1067.0 0.11001045349985361
1068.0 0.11634874390438199
1069.0 0.1226870808750391
1070.0 0.13249695766717196
1071.0 0.1423068344593048
1072.0 0.15568335074931383
1073.0 0.1690598437562585
1074.0 0.1836498617194593
1075.0 0.19823992624878883
1076.0 0.21217025350779295
1077.0 0.22610060404986143
1078.0 0.23986496962606907
1079.0 0.2536293352022767
1080.0 0.2695265458896756
1081.0 0.28542373329401016
1082.0 0.3105058800429106
1083.0 0.33558805007487535
1084.0 0.3708197269588709
1085.0 0.4060514736920595
1086.0 0.440304446965456
1087.0 0.4745574202388525
1088.0 0.5372871179133654
1089.0 0.6000168155878782
1090.0 0.6758211646229029
1091.0 0.7516255136579275
1092.0 0.7804503198713064
1093.0 0.8092748001217842
1094.0 0.84558529779315
1095.0 0.8818954229354858
1096.0 0.9255660697817802
1097.0 0.9692369028925896
1098.0 0.9897627867758274
1099.0 1.0102889500558376
1100.0 1.1681897565722466
1101.0 1.326090283691883
