lsstCam/transmission_filter_detector/r42_s20/i_39/19700101T000000.ecsv
# %ECSV 1.0
# ---
# datatype:
# - {name: wavelength, unit: nm, datatype: float32}
# - {name: efficiency, unit: '%', datatype: float64}
# meta: !!omap
# - {MODE: DETECTOR}
# - {TYPE: transmission_filter_detector}
# - {CALIBDATE: '1970-01-01T00:00:00'}
# - {INSTRUME: LSSTCam}
# - {OBSTYPE: transmission_filter_detector}
# - {CALIBCLS: lsst.ip.isr.IntermediateFilterDetectorTransmissionCurve}
# - {SOURCE: Materion (DM-46256)}
# - {DETECTOR: 177}
# - {FILTER: i_39}
# - {CALIB_ID: 'calibDate=1970-01-01T00:00:00 filter=i_39 detector=177'}
# - {DATE: '2025-04-02T15:59:47.298546'}
# - {CALIB_CREATION_DATE: '2025-04-02'}
# - {CALIB_CREATION_TIME: '15:59:47'}
# - __serialized_columns__:
#     efficiency:
#       __class__: astropy.units.quantity.Quantity
#       unit: !astropy.units.Unit {unit: '%'}
#       value: !astropy.table.SerializedColumn {name: efficiency}
#     wavelength:
#       __class__: astropy.units.quantity.Quantity
#       unit: !astropy.units.Unit {unit: nm}
#       value: !astropy.table.SerializedColumn {name: wavelength}
# schema: astropy-2.0
wavelength efficiency
[from data line 601]
901.0 3.8749672626181564e-05
902.0 7.240597028612683e-05
903.0 0.0001075962927643559
904.0 0.0001427865981895593
905.0 0.00015126906873774715
906.0 0.00015975155065461877
907.0 0.00010202562634731294
908.0 4.429970488217805e-05
909.0 6.93427978148975e-05
910.0 9.438589927412977e-05
911.0 7.173267135840433e-05
912.0 4.9079415020969464e-05
913.0 6.281374567151943e-05
914.0 7.654805926904373e-05
915.0 1.70721293005216e-10
916.0 1.70721293005216e-10
917.0 1.70721293005216e-10
918.0 1.70721293005216e-10
919.0 1.70721293005216e-10
920.0 1.70721293005216e-10
921.0 1.70721293005216e-10
922.0 1.70721293005216e-10
923.0 2.447423241846991e-05
924.0 7.30936960735562e-05
925.0 7.485589890166011e-05
926.0 7.661813015147345e-05
927.0 2.372291447727548e-05
928.0 1.70721293005216e-10
929.0 0.00013684532405022765
930.0 0.0003028629180334974
931.0 6.165854529172066e-05
932.0 1.70721293005216e-10
933.0 1.70721293005216e-10
934.0 1.70721293005216e-10
935.0 1.70721293005216e-10
936.0 1.70721293005216e-10
937.0 1.70721293005216e-10
938.0 1.70721293005216e-10
939.0 6.160965995150036e-05
940.0 0.00013230493323135306
941.0 0.00012220963299114374
942.0 0.0001121143782256695
943.0 0.00012745470030495198
944.0 0.00014279510196502088
945.0 0.00019318260910949903
946.0 0.00024357011625397718
947.0 0.00017597454871065565
948.0 0.00010837896979865036
949.0 2.6226132376905298e-05
950.0 1.70721293005216e-10
951.0 1.70721293005216e-10
952.0 1.70721293005216e-10
953.0 1.70721293005216e-10
954.0 1.70721293005216e-10
955.0 1.70721293005216e-10
956.0 6.411290343066867e-06
957.0 1.70721293005216e-10
958.0 1.70721293005216e-10
959.0 5.4050241260483745e-05
960.0 0.00016343580000466318
961.0 0.00011274814823991619
962.0 6.206051352819486e-05
963.0 4.080185078692011e-05
964.0 1.9543197993243666e-05
965.0 1.70721293005216e-10
966.0 1.70721293005216e-10
967.0 1.70721293005216e-10
968.0 6.3402563910131e-05
969.0 1.70721293005216e-10
970.0 1.70721293005216e-10
971.0 1.70721293005216e-10
972.0 1.70721293005216e-10
973.0 1.70721293005216e-10
974.0 1.70721293005216e-10
975.0 2.7511962485959884e-06
976.0 4.795444397132087e-05
977.0 1.70721293005216e-10
978.0 1.70721293005216e-10
979.0 1.70721293005216e-10
980.0 4.022875828013639e-05
981.0 1.70721293005216e-10
982.0 1.70721293005216e-10
983.0 1.70721293005216e-10
984.0 6.087582846703299e-05
985.0 1.70721293005216e-10
986.0 1.70721293005216e-10
987.0 1.70721293005216e-10
988.0 1.70721293005216e-10
989.0 1.2494702161802707e-05
990.0 4.380031839446019e-05
991.0 1.8716234251314745e-05
992.0 1.70721293005216e-10
993.0 4.038251688598393e-05
994.0 8.713291776984988e-05
995.0 0.0001328948201262392
996.0 0.00017865670542960288
997.0 0.00014701506643177709
998.0 0.00011537340469658375
999.0 1.70721293005216e-10
1000.0 1.70721293005216e-10
1001.0 1.70721293005216e-10
1002.0 8.192623681679834e-05
1003.0 3.951027736093238e-05
1004.0 1.70721293005216e-10
1005.0 0.00010397126288808067
1006.0 0.00021084824766148813
1007.0 0.00019656342828966444
1008.0 0.00018227872260467848
1009.0 0.00024427572498098016
1010.0 0.00030627272735728184
1011.0 0.00030996616260381415
1012.0 0.00031365959785034647
1013.0 0.00023246336695592618
1014.0 0.0001512671246928221
1015.0 8.418576271651546e-05
1016.0 1.7104423477576347e-05
1017.0 0.0002430481117698946
1018.0 0.00046899176595616154
1019.0 0.0003891435881087091
1020.0 0.000309295342049154
1021.0 0.00038444427445938345
1022.0 0.0004595931386575103
1023.0 0.00039049796214385424
1024.0 0.000321402694680728
1025.0 0.00021571413526544347
1026.0 0.00011002563269357779
1027.0 0.00040767504287941847
1028.0 0.0007053242825350026
1029.0 0.0007656341040274128
1030.0 0.0008259437890956178
1031.0 0.0009630849490349647
1032.0 0.0011002262908732519
1033.0 0.0013814345948048867
1034.0 0.0016626428987365216
1035.0 0.0020773963115061633
1036.0 0.0024921495423768647
1037.0 0.002627476533234585
1038.0 0.002762803705991246
1039.0 0.002994177702930756
1040.0 0.003225551699870266
1041.0 0.003316483343951404
1042.0 0.003407414988032542
1043.0 0.003262184327468276
1044.0 0.00311695366690401
1045.0 0.003385018862900324
1046.0 0.0036530840588966385
1047.0 0.0035299763112561777
1048.0 0.0034068681998178363
1049.0 0.0029632703444804065
1050.0 0.002519672671041917
1051.0 0.002587613562354818
1052.0 0.0026555548174655996
1053.0 0.002522628528822679
1054.0 0.0023897022401797585
1055.0 0.0022646681827609427
1056.0 0.0021396337615442462
1057.0 0.0017062331608030945
1058.0 0.0012728318324661814
1059.0 0.001334688022325281
1060.0 0.0013965438483865
1061.0 0.0012345732102403417
1062.0 0.0010726022992457729
1063.0 0.0013508381925930735
1064.0 0.0016290739949909039
1065.0 0.0021208752514212392
1066.0 0.0026126765078515746
1067.0 0.0026455412807990797
1068.0 0.0026784064175444655
1069.0 0.0026041183446068317
1070.0 0.0025298300897702575
1071.0 0.0027215884983888827
1072.0 0.0029133467251085676
1073.0 0.0026400202841614373
1074.0 0.0023666936613153666
1075.0 0.0023536898879683577
1076.0 0.002340686296520289
1077.0 0.002518360452086199
1078.0 0.0026960344257531688
1079.0 0.0027539555958355777
1080.0 0.0028118767659179866
1081.0 0.0017525479051982984
1082.0 0.0006932188625796698
1083.0 0.000636938329989789
1084.0 0.000580657660975703
1085.0 0.0003755632178581436
1086.0 0.00017046882021531928
1087.0 0.0004141772478760686
1088.0 0.0006578855845873477
1089.0 0.0008944046385295223
1090.0 0.001130924192693783
1091.0 0.0016584739569225349
1092.0 0.0021860236302018166
1093.0 0.0014935551007511094
1094.0 0.0008010865713004023
1095.0 0.00034579995826788945
1096.0 1.70721293005216e-10
1097.0 1.70721293005216e-10
1098.0 1.70721293005216e-10
1099.0 1.70721293005216e-10
1100.0 0.0009795397090783808
