lsstCam/transmission_filter_detector/r42_s20/i_39/19700101T000000.ecsv
# %ECSV 1.0
# ---
# datatype:
# - {name: wavelength, unit: nm, datatype: float32}
# - {name: efficiency, unit: '%', datatype: float64}
# meta: !!omap
# - {MODE: DETECTOR}
# - {TYPE: transmission_filter_detector}
# - {CALIBDATE: '1970-01-01T00:00:00'}
# - {INSTRUME: LSSTCam}
# - {OBSTYPE: transmission_filter_detector}
# - {CALIBCLS: lsst.ip.isr.IntermediateFilterDetectorTransmissionCurve}
# - {SOURCE: Materion (DM-46256)}
# - {DETECTOR: 177}
# - {FILTER: i_39}
# - {CALIB_ID: 'calibDate=1970-01-01T00:00:00 filter=i_39 detector=177'}
# - {DATE: '2025-04-02T15:59:47.298546'}
# - {CALIB_CREATION_DATE: '2025-04-02'}
# - {CALIB_CREATION_TIME: '15:59:47'}
# - __serialized_columns__:
#     efficiency:
#       __class__: astropy.units.quantity.Quantity
#       unit: !astropy.units.Unit {unit: '%'}
#       value: !astropy.table.SerializedColumn {name: efficiency}
#     wavelength:
#       __class__: astropy.units.quantity.Quantity
#       unit: !astropy.units.Unit {unit: nm}
#       value: !astropy.table.SerializedColumn {name: wavelength}
# schema: astropy-2.0
wavelength efficiency
300.0 0.04113138420507312
301.0 0.028237153310328722
302.0 0.015342936967499554
303.0 0.00962284830166027
304.0 0.0039027625462040305
305.0 1.70721293005216e-10
306.0 1.70721293005216e-10
307.0 1.70721293005216e-10
308.0 0.0023946962755871937
309.0 1.70721293005216e-10
310.0 1.70721293005216e-10
311.0 1.70721293005216e-10
312.0 1.70721293005216e-10
313.0 0.00027174937713425606
314.0 0.004700836871052161
315.0 0.010554314212640747
316.0 0.016407790826633573
317.0 0.010439353354740888
318.0 0.004470916610443965
319.0 0.0009362989658256993
320.0 1.70721293005216e-10
321.0 1.70721293005216e-10
322.0 1.70721293005216e-10
323.0 0.0017434695109841414
324.0 0.0062312006775755435
325.0 0.003170169293298386
326.0 0.0001091393187380163
327.0 0.0006305112037807703
328.0 0.0011518824976519682
329.0 0.0010909057891694829
330.0 0.0010299274435965344
331.0 0.0019577892089728266
332.0 0.0028856513381469995
333.0 0.0012261540177860297
334.0 1.70721293005216e-10
335.0 1.70721293005216e-10
336.0 1.70721293005216e-10
337.0 0.0008200377124012448
338.0 0.001859760050137993
339.0 0.0003565809720385005
340.0 1.70721293005216e-10
341.0 1.3546205934744648e-06
342.0 0.0011493069905554876
343.0 0.0006559811936313054
344.0 0.00016265599924736307
345.0 1.70721293005216e-10
346.0 1.70721293005216e-10
347.0 1.70721293005216e-10
348.0 0.00028651152206293773
349.0 0.0006373946689564036
350.0 0.0009882777703751344
351.0 0.00126013464978314
352.0 0.0015319916201406159
353.0 0.001311347932642093
354.0 0.00109070424514357
355.0 0.0013004557331441902
356.0 0.0015102073120942805
357.0 0.0005510409209819045
358.0 1.70721293005216e-10
359.0 1.70721293005216e-10
360.0 1.70721293005216e-10
361.0 1.70721293005216e-10
362.0 3.836248652078211e-06
363.0 0.0005674900421581697
364.0 0.0011311439266137313
365.0 0.0006111860329838237
366.0 9.122810524786473e-05
367.0 1.70721293005216e-10
368.0 1.70721293005216e-10
369.0 1.70721293005216e-10
370.0 1.70721293005216e-10
371.0 1.70721293005216e-10
372.0 0.00013532848015529453
373.0 0.00021287835352268303
374.0 0.00029042805635981495
375.0 0.000536511743121082
376.0 0.0007825955435691867
377.0 0.0005818752015329665
378.0 0.00038115483675937867
379.0 0.0002628866695886245
380.0 0.00014461842283708393
381.0 8.091395216069941e-05
382.0 1.720950848493885e-05
383.0 1.70721293005216e-10
384.0 1.70721293005216e-10
385.0 4.680638596710196e-05
386.0 0.0004953102234139806
387.0 0.0002151214403056656
388.0 1.70721293005216e-10
389.0 1.70721293005216e-10
390.0 1.70721293005216e-10
391.0 6.827288530075748e-05
392.0 0.000421749200540944
393.0 0.0008688321941008326
394.0 0.0013159149602870457
395.0 0.0009614693226467352
396.0 0.0006070234121580143
397.0 0.0009536561265122145
398.0 0.0013002888408664148
399.0 0.001870502637757454
400.0 0.002440716343699023
401.0 0.0046564604417653754
402.0 0.006872205267427489
403.0 0.005124529707245529
404.0 0.003376854510861449
405.0 0.0012419539416441694
406.0 1.70721293005216e-10
407.0 0.0004990652996639255
408.0 0.0018910779544967227
409.0 0.0034385717299301177
410.0 0.004986065687262453
411.0 0.004346491914475337
412.0 0.003706917414092459
413.0 0.004055253157275729
414.0 0.0044035881728632376
415.0 0.005229189991950989
416.0 0.006054790355847217
417.0 0.005720013359677978
418.0 0.005385236727306619
419.0 0.0052865867473883554
420.0 0.005187937858863734
421.0 0.0052235762268537655
422.0 0.0052592156862374395
423.0 0.0051862756663467735
424.0 0.005113334555062465
425.0 0.004777538197231479
426.0 0.004441741475602612
427.0 0.0037821955629624426
428.0 0.003122650014120154
429.0 0.0035668581404024735
430.0 0.004011066630482674
431.0 0.0045795724872732535
432.0 0.005148077252670191
433.0 0.004447736137080938
434.0 0.0037473946576938033
435.0 0.002656238211784512
436.0 0.0015650819477741607
437.0 0.0010306424883310683
438.0 0.0004962029834132409
439.0 0.0011068260391766671
440.0 0.0017174492313642986
441.0 0.0009072035027202219
442.0 9.695756943983724e-05
443.0 0.0005651445917465026
444.0 0.00103333140941686
445.0 0.0005869287178938976
446.0 0.0001405259581588325
447.0 0.00019594660898292204
448.0 0.0002513671233828063
449.0 0.00048202696234511677
450.0 0.0007126868695195299
451.0 0.00039864080463303253
452.0 8.459468290311634e-05
453.0 1.70721293005216e-10
454.0 1.70721293005216e-10
455.0 1.70721293005216e-10
456.0 0.00015239905906128115
457.0 0.00020722688987007132
458.0 0.00026205457288597245
459.0 0.00018030178807748598
460.0 9.854912832452101e-05
461.0 0.00033821852412074804
462.0 0.000577888022235129
463.0 0.0006315091923170257
464.0 0.0006851304988231277
465.0 0.0003552007910911925
466.0 2.5271049253206e-05
467.0 0.0003379752797627589
468.0 0.0006506794761662604
469.0 0.0005079955826658988
470.0 0.00036531164369080216
471.0 0.00023485879410145571
472.0 0.00010440586493132287
473.0 5.729436907131458e-05
474.0 1.018284407905412e-05
475.0 9.77469881036086e-05
476.0 0.00018531110299591091
477.0 0.00021049936549388804
478.0 0.0002356877303100191
479.0 0.00014560356476067682
480.0 5.551951858251414e-05
481.0 0.000312744941766141
482.0 0.0005699703251593746
483.0 0.0010503501471248455
484.0 0.001530729787191376
485.0 0.002566290640970692
486.0 0.0036018511309521273
487.0 0.005966329626971856
488.0 0.008330807031597942
489.0 0.014253695553634316
490.0 0.02017658407567069
491.0 0.02566890907473862
492.0 0.03116123261861503
493.0 0.033816733048297465
494.0 0.036472236388362944
495.0 0.03469966177362949
496.0 0.03292708715889603
497.0 0.027374830096960068
498.0 0.02182257449021563
499.0 0.01569881133036688
500.0 0.009575051808496937
501.0 0.006036874037818052
502.0 0.002498695903341286
503.0 0.0018904629541793838
504.0 0.0012822300050174817
505.0 0.0019124225218547508
506.0 0.0025426152205909602
507.0 0.002670598951226566
508.0 0.0027985830456600524
509.0 0.0030361052267835476
510.0 0.003273627589805983
511.0 0.0026323808924644254
512.0 0.0019911345589207485
513.0 0.001887297912617214
514.0 0.0017834616301115602
515.0 0.0015937252101139165
516.0 0.0014039890629646834
517.0 0.0016611860701232217
518.0 0.0019183831682312302
519.0 0.0017192773157148622
520.0 0.0015201715541479643
521.0 0.0013333141396287829
522.0 0.0011464567251096014
523.0 0.001654697371122893
524.0 0.0021629384718835354
525.0 0.002724447040236555
526.0 0.0032859556085895747
527.0 0.0041530827729729936
528.0 0.005020210301154293
529.0 0.0052188992412993684
530.0 0.005417588909040205
531.0 0.005190026786294766
532.0 0.004962464299751446
533.0 0.004222488860250451
534.0 0.0034825134207494557
535.0 0.0025473829737165943
536.0 0.0016122523447847925
537.0 0.0018181002815254033
538.0 0.002023948218266014
539.0 0.0027654710720526055
540.0 0.0035069941077381372
541.0 0.004280485154595226
542.0 0.005053976201452315
543.0 0.005073381180409342
544.0 0.005092786159366369
545.0 0.005067611346021295
546.0 0.005042436168878339
547.0 0.004205538425594568
548.0 0.003368639954715036
549.0 0.002963443512271624
550.0 0.0025582467060303316
551.0 0.0025705856387503445
552.0 0.002582924753369298
553.0 0.0027003468858310953
554.0 0.002817769200191833
555.0 0.0023768605387886055
556.0 0.0019359522411832586
557.0 0.0015875910321483389
558.0 0.0012392298231134191
559.0 0.0009267865607398562
560.0 0.0006143432983662933
561.0 0.0005006169430998852
562.0 0.00038689063330821227
563.0 0.0009287908142141532
564.0 0.0014706910405948292
565.0 0.0018468528651283123
566.0 0.0022230147806112655
567.0 0.0020915098502882756
568.0 0.0019600047380663455
569.0 0.001600253744982183
570.0 0.0012405022971506696
571.0 0.0009077404683921486
572.0 0.0005749785941588925
573.0 0.00043186569200770464
574.0 0.00028875274438178167
575.0 0.00043557570279517677
576.0 0.0005823986612085719
577.0 0.0005995483206788776
578.0 0.0006166979801491834
579.0 0.0004793885636900086
580.0 0.00034207914723083377
581.0 0.0002733022256506956
582.0 0.00020452530407055747
583.0 0.0003395792646188056
584.0 0.00047463327064178884
585.0 0.0003815398940787418
586.0 0.0002884465175156947
587.0 0.0005459725798573345
588.0 0.0008034986421989743
589.0 0.0010024667972174939
590.0 0.0012014349522360135
591.0 0.0010167304026253987
592.0 0.0008320258530147839
593.0 0.0006893247700645588
594.0 0.0005466238690132741
595.0 0.0006015883172949543
596.0 0.0006565527201018995
597.0 0.0003995550287072547
598.0 0.0001425574168933963
599.0 0.00020568372747220565
600.0 0.0002688101176318014
601.0 0.0004007231837022118
602.0 0.0005326362042978872
603.0 0.00035488706089381594
604.0 0.00017713790612106095
605.0 0.00024592432055214886
606.0 0.0003147106326650828
607.0 0.0002886271886382019
608.0 0.0002625436763992184
609.0 0.00042749870772240683
610.0 0.0005924538072576979
611.0 0.0005561252237384906
612.0 0.0005197966856940184
613.0 0.00030453031740762526
614.0 8.926393775254837e-05
615.0 0.00013467659982779878
616.0 0.00018008927327173296
617.0 0.0003891011147061363
618.0 0.0005981130016152747
619.0 0.0005098140263726236
620.0 0.00042151518755417783
621.0 0.0002984513002957101
622.0 0.00017538746988066123
623.0 7.173472340582521e-05
624.0 1.70721293005216e-10
625.0 0.00014603045883632149
626.0 0.00032397890663560247
627.0 0.0003390711981410277
628.0 0.0003541635123838205
629.0 0.0003437254463278805
630.0 0.0003332873802719405
631.0 0.0002845032668119529
632.0 0.00023571913061459782
633.0 0.0002867526518457453
634.0 0.00033778617307689274
635.0 0.000280768995253311
636.0 0.00022375186290446436
637.0 0.00024951273189799394
638.0 0.0002752736236288911
639.0 0.0004308918050810462
640.0 0.0005865098046342609
641.0 0.00042009878598037176
642.0 0.0002536877218517475
643.0 0.0003299309810245177
644.0 0.0004061741492478177
645.0 0.0005258036708255531
646.0 0.0006454331469285535
647.0 0.0006331833446893143
648.0 0.0006209334515006049
649.0 0.0005706796400772873
650.0 0.0005204257377044996
651.0 0.0006165077593323076
652.0 0.0007125898264348507
653.0 0.0007135382020351244
654.0 0.0007144866685848683
655.0 0.0007319060387089849
656.0 0.0007493254088331014
657.0 0.00116191749839345
658.0 0.0015745097698527388
659.0 0.002828671676979866
660.0 0.01567649596836418
661.0 0.06473149987868965
662.0 0.10183480335399508
663.0 0.1312532927840948
664.0 0.081647903425619
665.0 0.09819939732551575
666.0 0.14015206834301353
667.0 0.1403186353854835
668.0 0.1465815817937255
669.0 0.25761693250387907
670.0 0.29236560221761465
671.0 0.4003638867288828
672.0 0.6722304970026016
673.0 1.0088058188557625
674.0 1.5483316965401173
675.0 2.297450974583626
676.0 3.293997049331665
677.0 4.6012647449970245
678.0 5.95649890601635
679.0 7.36025869846344
680.0 9.141291677951813
681.0 11.133768409490585
682.0 13.618788123130798
683.0 16.414715349674225
684.0 19.44953203201294
685.0 22.44744896888733
686.0 25.491058826446533
687.0 28.696441650390625
688.0 31.845295429229736
689.0 35.01196503639221
690.0 38.532555103302
691.0 42.34878122806549
692.0 46.889716386795044
693.0 51.82012319564819
694.0 57.46249556541443
695.0 63.03446888923645
696.0 69.28407549858093
697.0 74.9052345752716
698.0 81.05394840240479
699.0 85.88172793388367
700.0 89.79877233505249
701.0 93.01428198814392
702.0 95.30189633369446
703.0 96.54797911643982
704.0 97.25678563117981
705.0 97.76988625526428
706.0 97.90206551551819
707.0 98.08159470558167
708.0 98.14547300338745
709.0 98.17271828651428
710.0 97.94163703918457
711.0 98.13134670257568
712.0 98.02245497703552
713.0 98.0708658695221
714.0 98.13770651817322
715.0 98.16900491714478
716.0 98.07360172271729
717.0 98.31570982933044
718.0 98.3620285987854
719.0 98.32654595375061
720.0 98.5934317111969
721.0 98.51067066192627
722.0 98.27998876571655
723.0 98.0533242225647
724.0 97.74208664894104
725.0 97.43152856826782
726.0 97.17503190040588
727.0 96.82799577713013
728.0 96.52190208435059
729.0 96.28756642341614
730.0 96.21521830558777
731.0 96.3192343711853
732.0 96.26103639602661
733.0 96.66357040405273
734.0 96.97969555854797
735.0 97.25528359413147
736.0 97.73142337799072
737.0 98.07832837104797
738.0 98.37165474891663
739.0 98.76422882080078
740.0 98.8851249217987
741.0 98.67240190505981
742.0 99.01867508888245
743.0 98.84188771247864
744.0 98.69176149368286
745.0 98.67240190505981
746.0 98.6680805683136
747.0 98.93494844436646
748.0 98.7242341041565
749.0 98.58988523483276
750.0 98.59997034072876
751.0 98.46524596214294
752.0 98.44480156898499
753.0 98.65208864212036
754.0 98.57385754585266
755.0 98.69031310081482
756.0 98.68625998497009
757.0 98.74438643455505
758.0 98.83598685264587
759.0 98.894864320755
760.0 98.76802563667297
761.0 98.65625500679016
762.0 98.7484335899353
763.0 98.71899485588074
764.0 98.50521087646484
765.0 98.45484495162964
766.0 98.58489632606506
767.0 98.3722448348999
768.0 98.42411279678345
769.0 98.45260381698608
770.0 98.25174808502197
771.0 98.27884435653687
772.0 98.35152626037598
773.0 98.28916192054749
774.0 98.10486435890198
775.0 98.21047186851501
776.0 98.12657237052917
777.0 98.20315837860107
778.0 98.13445210456848
779.0 98.1840193271637
780.0 97.94450402259827
781.0 98.26393723487854
782.0 98.09170365333557
783.0 98.15826416015625
784.0 98.12906980514526
785.0 98.21909070014954
786.0 98.34078550338745
787.0 98.15319180488586
788.0 98.25453162193298
789.0 98.38817119598389
790.0 98.25467467308044
791.0 98.32945466041565
792.0 98.17582964897156
793.0 98.12288284301758
794.0 98.16653728485107
795.0 98.0228841304779
796.0 98.0845034122467
797.0 98.22216629981995
798.0 98.20709824562073
799.0 98.1061041355133
800.0 97.94513583183289
801.0 97.90627956390381
802.0 97.8980541229248
803.0 97.65437245368958
804.0 97.57179617881775
805.0 97.2876250743866
806.0 96.9832181930542
807.0 96.47853970527649
808.0 95.74045538902283
809.0 94.9600100517273
810.0 93.97685527801514
811.0 92.47033596038818
812.0 90.68580865859985
813.0 88.4585440158844
814.0 85.82777380943298
815.0 82.62003660202026
816.0 79.28256392478943
817.0 75.19474625587463
818.0 70.58368921279907
819.0 66.31212830543518
820.0 61.21516823768616
821.0 56.571245193481445
822.0 51.990312337875366
823.0 47.31861650943756
824.0 42.63582527637482
825.0 38.28178346157074
826.0 33.7154746055603
827.0 29.05142605304718
828.0 24.734938144683838
829.0 20.49892246723175
830.0 16.043458878993988
831.0 12.564337253570557
832.0 9.020905941724777
833.0 6.199388578534126
834.0 4.020161926746368
835.0 2.469959110021591
836.0 1.497666072100401
837.0 0.8581087924540043
838.0 0.4883026238530874
839.0 0.2982473699375987
840.0 0.17412009183317423
841.0 0.0946526532061398
842.0 0.04144207341596484
843.0 0.012838297698181123
844.0 0.030916265677660704
845.0 0.019976621842943132
846.0 1.70721293005216e-10
847.0 1.70721293005216e-10
848.0 1.70721293005216e-10
849.0 1.70721293005216e-10
850.0 1.70721293005216e-10
851.0 0.0033294581953668967
852.0 0.0034821157896658406
853.0 0.002622858482936863
854.0 0.0017636015400057659
855.0 0.0012506755410868209
856.0 0.0007377498604910215
857.0 0.0005599448741122615
858.0 0.00038213997868297156
859.0 0.0004462710421648808
860.0 0.0005104021511215251
861.0 0.0003316460151836509
862.0 0.00015288987924577668
863.0 8.091334962045948e-05
864.0 8.936878970189355e-06
865.0 8.799822239780042e-05
866.0 0.000167059602063091
867.0 8.757447744756064e-05
868.0 8.089325831406313e-06
869.0 1.70721293005216e-10
870.0 1.70721293005216e-10
871.0 1.70721293005216e-10
872.0 1.70721293005216e-10
873.0 7.099019683209917e-06
874.0 7.431788162648445e-05
875.0 1.9373278803413996e-05
876.0 1.70721293005216e-10
877.0 9.591577736500767e-05
878.0 0.00022740284748579143
879.0 0.00013294002201291732
880.0 3.847718517135945e-05
881.0 6.595265062969702e-05
882.0 9.34281104036927e-05
883.0 9.701064982436947e-05
884.0 0.00010059317219202057
885.0 6.182300467116875e-05
886.0 2.305283999248786e-05
887.0 1.70721293005216e-10
888.0 1.70721293005216e-10
889.0 1.70721293005216e-10
890.0 1.70721293005216e-10
891.0 1.4954591165405873e-05
892.0 0.00014416241356229875
893.0 8.46664931941632e-05
894.0 2.5170558615172922e-05
895.0 1.70721293005216e-10
896.0 1.70721293005216e-10
897.0 1.70721293005216e-10
898.0 0.00011799081676144851
899.0 6.154207881081675e-05
