lsstCam/transmission_filter_detector/r43_s11/i_39/19700101T000000.ecsv
# %ECSV 1.0
# ---
# datatype:
# - {name: wavelength, unit: nm, datatype: float32}
# - {name: efficiency, unit: '%', datatype: float64}
# meta: !!omap
# - {MODE: DETECTOR}
# - {TYPE: transmission_filter_detector}
# - {CALIBDATE: '1970-01-01T00:00:00'}
# - {INSTRUME: LSSTCam}
# - {OBSTYPE: transmission_filter_detector}
# - {CALIBCLS: lsst.ip.isr.IntermediateFilterDetectorTransmissionCurve}
# - {SOURCE: Materion (DM-46256)}
# - {DETECTOR: 184}
# - {FILTER: i_39}
# - {CALIB_ID: 'calibDate=1970-01-01T00:00:00 filter=i_39 detector=184'}
# - {DATE: '2025-04-02T15:59:47.331646'}
# - {CALIB_CREATION_DATE: '2025-04-02'}
# - {CALIB_CREATION_TIME: '15:59:47'}
# - __serialized_columns__:
#     efficiency:
#       __class__: astropy.units.quantity.Quantity
#       unit: !astropy.units.Unit {unit: '%'}
#       value: !astropy.table.SerializedColumn {name: efficiency}
#     wavelength:
#       __class__: astropy.units.quantity.Quantity
#       unit: !astropy.units.Unit {unit: nm}
#       value: !astropy.table.SerializedColumn {name: wavelength}
# schema: astropy-2.0
wavelength efficiency
[from data line 597]
897.0 0.00012689181403402472
898.0 0.0001830862061069638
899.0 6.577295152965235e-05
900.0 1.6822555718234988e-10
901.0 1.842047652189649e-05
902.0 8.83812504071102e-05
903.0 2.1833646712821064e-05
904.0 1.6822555718234988e-10
905.0 7.66887183090148e-05
906.0 0.00019809142486337805
907.0 0.00011983856893493794
908.0 4.1585704479985e-05
909.0 1.6822555718234988e-10
910.0 1.6822555718234988e-10
911.0 1.6822555718234988e-10
912.0 1.6822555718234988e-10
913.0 4.908989126306551e-05
914.0 0.00012544434184746933
915.0 0.00011030670066247694
916.0 9.516905947748455e-05
917.0 1.0971744046628373e-05
918.0 1.6822555718234988e-10
919.0 1.6822555718234988e-10
920.0 1.6822555718234988e-10
921.0 1.6822555718234988e-10
922.0 0.00012472161188270547
923.0 2.977961344186042e-05
924.0 1.6822555718234988e-10
925.0 1.6822555718234988e-10
926.0 1.6822555718234988e-10
927.0 1.6822555718234988e-10
928.0 1.6822555718234988e-10
929.0 2.4531260578442016e-05
930.0 0.0003096122782153543
931.0 7.216220865302603e-05
932.0 1.6822555718234988e-10
933.0 1.6822555718234988e-10
934.0 1.6822555718234988e-10
935.0 1.6822555718234988e-10
936.0 1.6822555718234988e-10
937.0 1.6822555718234988e-10
938.0 1.6822555718234988e-10
939.0 7.687073093620711e-05
940.0 0.0001650548597353918
941.0 0.00026094405711774016
942.0 0.0003568333340808749
943.0 6.270887524806312e-05
944.0 1.6822555718234988e-10
945.0 1.6822555718234988e-10
946.0 0.00015882473007877707
947.0 7.33187562218518e-05
948.0 1.6822555718234988e-10
949.0 1.6822555718234988e-10
950.0 1.6822555718234988e-10
951.0 1.6822555718234988e-10
952.0 1.6822555718234988e-10
953.0 1.6822555718234988e-10
954.0 1.6822555718234988e-10
955.0 1.6822555718234988e-10
956.0 0.00020958368622814305
957.0 9.122221058532887e-05
958.0 1.6822555718234988e-10
959.0 4.995299605070613e-05
960.0 0.00012704523442153004
961.0 0.00018164496395911556
962.0 0.0002362446821280173
963.0 0.00012008759995296714
964.0 3.9304996590772134e-06
965.0 1.6822555718234988e-10
966.0 1.6822555718234988e-10
967.0 1.6822555718234988e-10
968.0 1.6822555718234988e-10
969.0 4.575996115363523e-05
970.0 0.00015074477914822637
971.0 3.158197614538949e-05
972.0 1.6822555718234988e-10
973.0 1.6822555718234988e-10
974.0 5.563948093367799e-05
975.0 0.00013184044291847385
976.0 0.0002080414105876116
977.0 4.8504870164833847e-05
978.0 1.6822555718234988e-10
979.0 1.6822555718234988e-10
980.0 7.705795610490895e-05
981.0 4.6683436494276975e-05
982.0 1.6308922567986883e-05
983.0 9.369750273435784e-05
984.0 0.00017108606016336125
985.0 0.00015178346757238614
986.0 0.00013248081813799217
987.0 5.344887199498771e-05
988.0 1.6822555718234988e-10
989.0 1.6822555718234988e-10
990.0 8.015634023195162e-06
991.0 7.297622914848034e-05
992.0 0.00013793684274787665
993.0 9.921531045620213e-05
994.0 6.049374974281818e-05
995.0 0.0001105917249333288
996.0 0.00016068968307081377
997.0 8.698627880221466e-05
998.0 1.3282868849273655e-05
999.0 1.6822555718234988e-10
1000.0 1.6822555718234988e-10
1001.0 1.6309423145344226e-06
1002.0 0.00017201982700498775
1003.0 0.00012833195341954706
1004.0 8.464408551844826e-05
1005.0 0.0001684335984464269
1006.0 0.0002522232080082176
1007.0 0.0002750032990661566
1008.0 0.0002977834810735658
1009.0 0.0002276404984513647
1010.0 0.00015749759540995
1011.0 0.00024127648430294357
1012.0 0.00032505545277672354
1013.0 0.00023198226699605584
1014.0 0.00013890906984670437
1015.0 0.0001365466914649005
1016.0 0.00013418431308309664
1017.0 0.0002595924115667003
1018.0 0.0003850005214189878
1019.0 0.00028035283321514726
1020.0 0.0001757051563799905
1021.0 0.00011034504723284044
1022.0 4.498490682181e-05
1023.0 5.270039196147991e-05
1024.0 6.0415828784243786e-05
1025.0 6.877609166622278e-05
1026.0 7.713637728556932e-05
1027.0 0.00027437783955974737
1028.0 0.00047161920520011336
1029.0 0.0007398358320642728
1030.0 0.001008052277029492
1031.0 0.0010439039215270896
1032.0 0.0010797556569741573
1033.0 0.0013059150660410523
1034.0 0.0015320742022595368
1035.0 0.0020633644453482702
1036.0 0.002594654324639123
1037.0 0.002895389661716763
1038.0 0.0031961251806933433
1039.0 0.003336087320349179
1040.0 0.003476049460005015
1041.0 0.0033451709896326065
1042.0 0.003214292519260198
1043.0 0.0032640640711179003
1044.0 0.0033138356229756027
1045.0 0.003359605761943385
1046.0 0.003405375173315406
1047.0 0.0032942440157057717
1048.0 0.0031831128580961376
1049.0 0.0030225104637793265
1050.0 0.002861907887563575
1051.0 0.002520622183510568
1052.0 0.0021793366613565013
1053.0 0.0021867295799893327
1054.0 0.002194123044318985
1055.0 0.0018815220755641349
1056.0 0.0015689211068092845
1057.0 0.0012690746189036872
1058.0 0.0009692279490991496
1059.0 0.0009165945812128484
1060.0 0.0008639609404781368
1061.0 0.0011577583791222423
1062.0 0.0014515557268168777
1063.0 0.0013442410818242934
1064.0 0.0012369263458822388
1065.0 0.0020768713511643
1066.0 0.0029168166292947717
1067.0 0.0033235195587622
1068.0 0.003730222670128569
1069.0 0.003517046570777893
1070.0 0.003303870471427217
1071.0 0.003289915548521094
1072.0 0.00327596026181709
1073.0 0.0031331743230111897
1074.0 0.0029903885661042295
1075.0 0.002850664168363437
1076.0 0.002710939406824764
1077.0 0.003014170579263009
1078.0 0.0033174019336001948
1079.0 0.0030642997444374487
1080.0 0.0028111975552747026
1081.0 0.0021907830159761943
1082.0 0.001570368476677686
1083.0 0.0013705182027479168
1084.0 0.0011706678378686775
1085.0 0.0007153578735596966
1086.0 0.00026004786377598066
1087.0 0.0003474502136668889
1088.0 0.0004348525635577971
1089.0 0.00015268891502273618
1090.0 1.6822555718234988e-10
1091.0 0.0010387238944531418
1092.0 0.0022069221813580953
1093.0 0.0010179036507906858
1094.0 1.6822555718234988e-10
1095.0 1.6822555718234988e-10
1096.0 1.6822555718234988e-10
1097.0 1.6822555718234988e-10
1098.0 0.00010242122243653284
1099.0 0.0003600453510443913
1100.0 0.0006176695933390874
