lsstCam/transmission_filter_detector/r43_s11/i_39/19700101T000000.ecsv
# %ECSV 1.0
# ---
# datatype:
# - {name: wavelength, unit: nm, datatype: float32}
# - {name: efficiency, unit: '%', datatype: float64}
# meta: !!omap
# - {MODE: DETECTOR}
# - {TYPE: transmission_filter_detector}
# - {CALIBDATE: '1970-01-01T00:00:00'}
# - {INSTRUME: LSSTCam}
# - {OBSTYPE: transmission_filter_detector}
# - {CALIBCLS: lsst.ip.isr.IntermediateFilterDetectorTransmissionCurve}
# - {SOURCE: Materion (DM-46256)}
# - {DETECTOR: 184}
# - {FILTER: i_39}
# - {CALIB_ID: 'calibDate=1970-01-01T00:00:00 filter=i_39 detector=184'}
# - {DATE: '2025-04-02T15:59:47.331646'}
# - {CALIB_CREATION_DATE: '2025-04-02'}
# - {CALIB_CREATION_TIME: '15:59:47'}
# - __serialized_columns__:
#     efficiency:
#       __class__: astropy.units.quantity.Quantity
#       unit: !astropy.units.Unit {unit: '%'}
#       value: !astropy.table.SerializedColumn {name: efficiency}
#     wavelength:
#       __class__: astropy.units.quantity.Quantity
#       unit: !astropy.units.Unit {unit: nm}
#       value: !astropy.table.SerializedColumn {name: wavelength}
# schema: astropy-2.0
wavelength efficiency
300.0 0.08407189161516726
301.0 0.026006446569226682
302.0 1.6822555718234988e-10
303.0 1.6822555718234988e-10
304.0 0.004503469972405583
305.0 0.0023104699721443467
306.0 0.00011746650443456019
307.0 0.007709595956839621
308.0 0.01530172594357282
309.0 0.0041225921449949965
310.0 1.6822555718234988e-10
311.0 1.6822555718234988e-10
312.0 1.6822555718234988e-10
313.0 0.0018320799426874146
314.0 0.0077016709838062525
315.0 0.010154449410038069
316.0 0.012607227836269885
317.0 0.009476213017478585
318.0 0.006345199653878808
319.0 0.0043872052629012614
320.0 0.002429210871923715
321.0 0.0005583731763181277
322.0 1.6822555718234988e-10
323.0 0.00022002402602083748
324.0 0.0017525142538943328
325.0 0.0014297729649115354
326.0 0.0011070324035244994
327.0 0.0018049340724246576
328.0 0.0025028364689205773
329.0 1.6822555718234988e-10
330.0 1.6822555718234988e-10
331.0 1.6822555718234988e-10
332.0 0.002604114342830144
333.0 0.002143538949894719
334.0 0.0016829630112624727
335.0 0.0019025368601433001
336.0 0.0021221090719336644
337.0 0.0013012657291255891
338.0 0.0004804211584996665
339.0 1.6822555718234988e-10
340.0 1.6822555718234988e-10
341.0 1.6822555718234988e-10
342.0 0.0002646318080223864
343.0 0.0008453496775473468
344.0 0.0014260678653954528
345.0 0.0011893689588760026
346.0 0.0009526701433060225
347.0 0.0004940446615364635
348.0 3.54188983919812e-05
349.0 1.6822555718234988e-10
350.0 1.6822555718234988e-10
351.0 1.6822555718234988e-10
352.0 1.6822555718234988e-10
353.0 0.0002897248805311392
354.0 0.0008594000973971561
355.0 0.0011905445717275143
356.0 0.0015216892279568128
357.0 0.0002685407935132389
358.0 1.6822555718234988e-10
359.0 1.6822555718234988e-10
360.0 1.6822555718234988e-10
361.0 1.6822555718234988e-10
362.0 5.6661207281649695e-06
363.0 0.00018791308775689686
364.0 0.00037015995530964574
365.0 0.0005270309429761255
366.0 0.0006839019079052377
367.0 0.00022300623641058337
368.0 1.6822555718234988e-10
369.0 1.6822555718234988e-10
370.0 1.6822555718234988e-10
371.0 0.00017436765347156324
372.0 0.0006779148407076718
373.0 0.0010636956176313106
374.0 0.0014494763490802143
375.0 0.0012557743502839003
376.0 0.0010620724424370565
377.0 0.000797440588939935
378.0 0.0005328087354428135
379.0 0.00019277008505014237
380.0 1.6822555718234988e-10
381.0 1.6822555718234988e-10
382.0 1.6822555718234988e-10
383.0 1.6822555718234988e-10
384.0 1.6822555718234988e-10
385.0 7.543751223693107e-06
386.0 0.00036343471947475336
387.0 1.6822555718234988e-10
388.0 1.6822555718234988e-10
389.0 1.6822555718234988e-10
390.0 0.00013837369579050574
391.0 0.0001883280219772132
392.0 0.0002382821776336641
393.0 0.0006355693130899454
394.0 0.0010328561984351836
395.0 0.000795496362115955
396.0 0.000558136343897786
397.0 0.0009831725037656724
398.0 0.001408208663633559
399.0 0.0015991434338502586
400.0 0.001790078022168018
401.0 0.006300883978838101
402.0 0.010811689571710303
403.0 0.0066558008256834
404.0 0.002499910806363914
405.0 0.00038340522223734297
406.0 1.6822555718234988e-10
407.0 1.6822555718234988e-10
408.0 0.0013701270290766843
409.0 0.0027086625777883455
410.0 0.004047198308398947
411.0 0.004179685856797732
412.0 0.004312173405196518
413.0 0.00547220952284988
414.0 0.006632246368099004
415.0 0.006472859240602702
416.0 0.006313472840702161
417.0 0.006247112469282001
418.0 0.006180752825457603
419.0 0.004692014408647083
420.0 0.003203277083230205
421.0 0.0040229853766504675
422.0 0.004842694397666492
423.0 0.004369884845800698
424.0 0.0038970745663391426
425.0 0.004777991853188723
426.0 0.005658908776240423
427.0 0.0048218207666650414
428.0 0.00398473275708966
429.0 0.0029975877623655833
430.0 0.002010442767641507
431.0 0.003493690019240603
432.0 0.004976936907041818
433.0 0.004741689917864278
434.0 0.004506442928686738
435.0 0.003770402690861374
436.0 0.003034362816833891
437.0 0.002328843402210623
438.0 0.001623323987587355
439.0 0.0016892363419174217
440.0 0.0017551486962474883
441.0 0.0009077254617295694
442.0 6.0302119209154625e-05
443.0 0.0007702486982452683
444.0 0.001480195078329416
445.0 0.0011605208783294074
446.0 0.0008408466783293989
447.0 0.0008526781130058225
448.0 0.0008645095476822462
449.0 0.0007627141258126358
450.0 0.0006609184310946148
451.0 0.0001612654500604549
452.0 1.6822555718234988e-10
453.0 1.6822555718234988e-10
454.0 1.6822555718234988e-10
455.0 7.235572070385388e-05
456.0 0.00037637898913089884
457.0 0.0003062936457354226
458.0 0.0002362080522289034
459.0 0.0003337459020258393
460.0 0.0004312838427722454
461.0 0.0003580446900741663
462.0 0.0002848055601134547
463.0 6.896437980685732e-05
464.0 1.6822555718234988e-10
465.0 1.6822555718234988e-10
466.0 1.6822555718234988e-10
467.0 0.0004391986749396892
468.0 0.000930624628381338
469.0 0.0006514285814773757
470.0 0.00037223253457341343
471.0 0.0004676616754295537
472.0 0.0005630906798614888
473.0 0.0001413477434653032
474.0 1.6822555718234988e-10
475.0 1.6822555718234988e-10
476.0 0.00018437925746184192
477.0 0.00036758881378773367
478.0 0.000550798540643882
479.0 0.0003146933977404842
480.0 7.858839694563358e-05
481.0 0.00047077242015802767
482.0 0.0008629564945294987
483.0 0.0016957672414719127
484.0 0.0025285778974648565
485.0 0.0030531846277881414
486.0 0.003577790630515665
487.0 0.005525897358893417
488.0 0.007474004087271169
489.0 0.012563786003738642
490.0 0.0176535701029934
491.0 0.022954623273108155
492.0 0.028255677898414433
493.0 0.03156757156830281
494.0 0.03487947105895728
495.0 0.033259918563999236
496.0 0.03164036606904119
497.0 0.025894088321365416
498.0 0.020147812028881162
499.0 0.01521336380392313
500.0 0.010278917761752382
501.0 0.006738457159372047
502.0 0.0031979965569917113
503.0 0.0023041420718072914
504.0 0.0014102877685218118
505.0 0.001986483039218001
506.0 0.00256267812801525
507.0 0.0027429094188846648
508.0 0.002923140345956199
509.0 0.0027591278922045603
510.0 0.002595115620351862
511.0 0.002438929004711099
512.0 0.0022827423890703358
513.0 0.002015354039031081
514.0 0.0017479655070928857
515.0 0.0015027319022919983
516.0 0.0012574984793900512
517.0 0.0017400545402779244
518.0 0.002222610783064738
519.0 0.0019725197489606217
520.0 0.0017224287148565054
521.0 0.0017752168787410483
522.0 0.0018280052245245315
523.0 0.0019147093553328887
524.0 0.0020014133042423055
525.0 0.0023887629140517674
526.0 0.0027761127057601698
527.0 0.0036611385439755395
528.0 0.00454616492788773
529.0 0.0042764579120557755
530.0 0.004006750896223821
531.0 0.003952080442104489
532.0 0.0038974099879851565
533.0 0.0031753534130984917
534.0 0.0024532972020097077
535.0 0.0019152130334987305
536.0 0.0013771288649877533
537.0 0.001740281550155487
538.0 0.002103434417222161
539.0 0.0028667824153671972
540.0 0.0036301309592090547
541.0 0.004340672603575513
542.0 0.0050512146117398515
543.0 0.0051420225645415485
544.0 0.005232830153545365
545.0 0.004827364318771288
546.0 0.004421898483997211
547.0 0.0034751745261019096
548.0 0.002528450386307668
549.0 0.0021796367946080863
550.0 0.0018308232029085048
551.0 0.0021320918676792644
552.0 0.0024333603505510837
553.0 0.0023515865905210376
554.0 0.0022698128304909915
555.0 0.0019808214346994646
556.0 0.0016918300389079377
557.0 0.0014079500942898449
558.0 0.0011240699677728117
559.0 0.0007596329396619694
560.0 0.0003951959570258623
561.0 0.0006310790013230871
562.0 0.0008669620001455769
563.0 0.001081094433175167
564.0 0.001295226775255287
565.0 0.0015384181097033434
566.0 0.0017816093532019295
567.0 0.0017672942703939043
568.0 0.0017529790056869388
569.0 0.0014784260201849975
570.0 0.0012038731256325264
571.0 0.0008440587407676503
572.0 0.00048424431042803917
573.0 0.0004885413545707706
574.0 0.0004928383077640319
575.0 0.00045538536141975783
576.0 0.00041793236960074864
577.0 0.0005228150257607922
578.0 0.0006276977728703059
579.0 0.0004153102509008022
580.0 0.00020292266071919585
581.0 0.00031471040529140737
582.0 0.0004264982180757215
583.0 0.00040189506762544625
584.0 0.00037729196264990605
585.0 0.0004203240678180009
586.0 0.0004633561275113607
587.0 0.0005651051196764456
588.0 0.0006668540663667955
589.0 0.0008601376976002939
590.0 0.0010534213288337924
591.0 0.000789126079325797
592.0 0.0005248307388683315
593.0 0.0005181782853469485
594.0 0.0005115259682497708
595.0 0.0004010697466583224
596.0 0.00029061345685477136
597.0 0.0002864191628759727
598.0 0.00028222489163454156
599.0 0.0002128672122125863
600.0 0.00014350957826536614
601.0 0.0002401346364422352
602.0 0.0003367597173564718
603.0 0.00030559424430975923
604.0 0.00027442881673778174
605.0 0.00038827370190119836
606.0 0.0005021185188525124
607.0 0.0003844451839540852
608.0 0.0002667716898940853
609.0 0.00039356832530756947
610.0 0.0005203649834584212
611.0 0.0004445778358785901
612.0 0.00036879073377349414
613.0 0.0003678315124489018
614.0 0.00036687235933641205
615.0 0.0002750698286035913
616.0 0.00018326733197682188
617.0 0.0002984433876918047
618.0 0.00041361945477547124
619.0 0.0004976907803211361
620.0 0.0005817621968162712
621.0 0.0004080966846231604
622.0 0.00023443114969268208
623.0 0.00021083435512991855
624.0 0.00018723767425399274
625.0 0.00022715507839166094
626.0 0.0002670725052666967
627.0 0.00032349396406061715
628.0 0.00037991544559190515
629.0 0.0003527170974848559
630.0 0.00032551874937780667
631.0 0.00033748603982530767
632.0 0.0003494532847980736
633.0 0.0002943729214166524
634.0 0.0002392925580352312
635.0 0.00026119530502910493
636.0 0.0002830980747603462
637.0 0.0002892020347644575
638.0 0.00029530608571803896
639.0 0.00047545704546791967
640.0 0.0006556078915309627
641.0 0.0006282296908466378
642.0 0.0006008513537381077
643.0 0.0004808004632650409
644.0 0.00036074950457987143
645.0 0.0004487094884098042
646.0 0.0005366694949771045
647.0 0.0005523862000700319
648.0 0.0005681028142134892
649.0 0.0005125547886564163
650.0 0.00045700658120040316
651.0 0.0006225555353012169
652.0 0.0007881044439272955
653.0 0.0008378904567507561
654.0 0.0008876765605236869
655.0 0.0008627004717709497
656.0 0.0008377243830182124
657.0 0.0013232660421635956
658.0 0.001808807792258449
659.0 0.0032889980502659455
660.0 0.07264518062584102
661.0 0.08869615267030895
662.0 0.10793262626975775
663.0 0.11565072927623987
664.0 0.10913207661360502
665.0 0.1417792751453817
666.0 0.15264523681253195
667.0 0.16209370223805308
668.0 0.20014652982354164
669.0 0.2276446670293808
670.0 0.32080397941172123
671.0 0.4612947814166546
672.0 0.720063503831625
673.0 1.125473715364933
674.0 1.724674180150032
675.0 2.5285279378294945
676.0 3.5086870193481445
677.0 4.854096472263336
678.0 6.226015090942383
679.0 7.597201317548752
680.0 9.408581256866455
681.0 11.42890751361847
682.0 13.967274129390717
683.0 16.724413633346558
684.0 19.8037251830101
685.0 22.702598571777344
686.0 25.71980059146881
687.0 28.90377640724182
688.0 32.09953308105469
689.0 35.296064615249634
690.0 38.89981210231781
691.0 42.8668349981308
692.0 47.63405621051788
693.0 52.698880434036255
694.0 58.42193961143494
695.0 64.07127380371094
696.0 70.33580541610718
697.0 75.93700885772705
698.0 82.0235013961792
699.0 86.6991639137268
700.0 90.4161810874939
701.0 93.38303208351135
702.0 95.50185203552246
703.0 96.76387906074524
704.0 97.32137322425842
705.0 97.79601097106934
706.0 97.85169959068298
707.0 98.07482361793518
708.0 98.08396697044373
709.0 98.1357991695404
710.0 97.92826175689697
711.0 98.07644486427307
712.0 97.97804355621338
713.0 98.06942343711853
714.0 98.06697964668274
715.0 98.09659719467163
716.0 97.99988269805908
717.0 98.26108813285828
718.0 98.32472205162048
719.0 98.29515218734741
720.0 98.53597283363342
721.0 98.49002361297607
722.0 98.24202060699463
723.0 97.9756236076355
724.0 97.66932725906372
725.0 97.37988710403442
726.0 97.0960021018982
727.0 96.73026204109192
728.0 96.48131132125854
729.0 96.27651572227478
730.0 96.21738791465759
731.0 96.300208568573
732.0 96.3014543056488
733.0 96.58180475234985
734.0 96.95596098899841
735.0 97.14066982269287
736.0 97.66420722007751
737.0 97.99903631210327
738.0 98.40051531791687
739.0 98.6187756061554
740.0 98.78345131874084
741.0 98.61812591552734
742.0 98.96395206451416
743.0 98.80542755126953
744.0 98.63018989562988
745.0 98.60725402832031
746.0 98.57345819473267
747.0 98.84735941886902
748.0 98.66117835044861
749.0 98.5166072845459
750.0 98.61295819282532
751.0 98.4904944896698
752.0 98.41344356536865
753.0 98.57626557350159
754.0 98.5219955444336
755.0 98.5684871673584
756.0 98.64354729652405
757.0 98.64622354507446
758.0 98.79921078681946
759.0 98.79852533340454
760.0 98.7028956413269
761.0 98.64022731781006
762.0 98.68311882019043
763.0 98.66753220558167
764.0 98.51323366165161
765.0 98.4523057937622
766.0 98.48915338516235
767.0 98.32456707954407
768.0 98.39733839035034
769.0 98.405921459198
770.0 98.13192486763
771.0 98.1593132019043
772.0 98.23631048202515
773.0 98.14298748970032
774.0 97.96802997589111
775.0 98.15298318862915
776.0 97.94962406158447
777.0 98.03659319877625
778.0 98.00217747688293
779.0 98.02817702293396
780.0 97.92601466178894
781.0 98.18522334098816
782.0 98.0580747127533
783.0 98.17675352096558
784.0 98.15943837165833
785.0 98.24532270431519
786.0 98.40832948684692
787.0 98.13128113746643
788.0 98.2124924659729
789.0 98.35134148597717
790.0 98.36866855621338
791.0 98.29174876213074
792.0 98.12464118003845
793.0 98.19727540016174
794.0 98.12248349189758
795.0 98.0509340763092
796.0 98.03768992424011
797.0 98.11627864837646
798.0 98.03862571716309
799.0 97.96659350395203
800.0 97.76153564453125
801.0 97.83108830451965
802.0 97.70652651786804
803.0 97.54089713096619
804.0 97.37443923950195
805.0 97.0656156539917
806.0 96.78141474723816
807.0 96.1380124092102
808.0 95.39874196052551
809.0 94.41700577735901
810.0 93.27536821365356
811.0 91.73499345779419
812.0 89.72622156143188
813.0 87.36258149147034
814.0 84.56061482429504
815.0 81.21552467346191
816.0 77.6978075504303
817.0 73.47118258476257
818.0 68.68225336074829
819.0 64.39930200576782
820.0 59.387826919555664
821.0 54.81763482093811
822.0 50.21074414253235
823.0 45.60075402259827
824.0 40.97359776496887
825.0 36.67255342006683
826.0 32.139983773231506
827.0 27.441546320915222
828.0 23.19890707731247
829.0 18.996675312519073
830.0 14.682431519031525
831.0 11.305681616067886
832.0 7.940228283405304
833.0 5.35142682492733
834.0 3.422694280743599
835.0 2.090686745941639
836.0 1.2551447376608849
837.0 0.7146964780986309
838.0 0.36665969528257847
839.0 0.2544091548770666
840.0 0.14576301909983158
841.0 0.09533690172247589
842.0 0.04108775465283543
843.0 0.026822902145795524
844.0 0.0076132673711981624
845.0 0.05521896528080106
846.0 1.6822555718234988e-10
847.0 1.6822555718234988e-10
848.0 1.6822555718234988e-10
849.0 1.6822555718234988e-10
850.0 1.6822555718234988e-10
851.0 0.002066840352199506
852.0 0.0026757490559248254
853.0 0.002076533201034181
854.0 0.0014773175280424766
855.0 0.001062355386238778
856.0 0.0006473933353845496
857.0 0.0005878206593479263
858.0 0.000528247983311303
859.0 0.00030498631531372666
860.0 8.172478374035563e-05
861.0 0.0001152867639575561
862.0 0.00014884858501318377
863.0 0.0001877961494756164
864.0 0.00022674375941278413
865.0 0.00019929373138438677
866.0 0.0001718437147246732
867.0 1.6822555718234988e-10
868.0 1.6822555718234988e-10
869.0 1.6822555718234988e-10
870.0 1.6822555718234988e-10
871.0 1.6822555718234988e-10
872.0 3.23456049500237e-05
873.0 0.00010741707683337154
874.0 0.00018248850892632618
875.0 0.00011034397857656586
876.0 3.8199439700292714e-05
877.0 0.00012012023944407701
878.0 0.00020204104203003226
879.0 0.00013472152886606636
880.0 6.740207254551933e-05
881.0 0.0001668264189902402
882.0 0.00026625077680364484
883.0 0.00024477983515680535
884.0 0.0002233088707725983
885.0 0.00010594102377581294
886.0 1.6822555718234988e-10
887.0 1.6822555718234988e-10
888.0 1.6822555718234988e-10
889.0 1.6822555718234988e-10
890.0 8.275511049760098e-05
891.0 7.371033348135825e-05
892.0 6.466557351814117e-05
893.0 8.700216653778625e-05
894.0 0.00010933875955743133
895.0 9.001809075925848e-05
