lsstCam/transmission_filter_detector/r02_s11/i_39/19700101T000000.ecsv
# %ECSV 1.0
# ---
# datatype:
# - {name: wavelength, unit: nm, datatype: float32}
# - {name: efficiency, unit: '%', datatype: float64}
# meta: !!omap
# - {MODE: DETECTOR}
# - {TYPE: transmission_filter_detector}
# - {CALIBDATE: '1970-01-01T00:00:00'}
# - {INSTRUME: LSSTCam}
# - {OBSTYPE: transmission_filter_detector}
# - {CALIBCLS: lsst.ip.isr.IntermediateFilterDetectorTransmissionCurve}
# - {SOURCE: Materion (DM-46256)}
# - {DETECTOR: 13}
# - {FILTER: i_39}
# - {CALIB_ID: 'calibDate=1970-01-01T00:00:00 filter=i_39 detector=13'}
# - {DATE: '2025-04-02T15:59:46.539029'}
# - {CALIB_CREATION_DATE: '2025-04-02'}
# - {CALIB_CREATION_TIME: '15:59:46'}
# - __serialized_columns__:
#     efficiency:
#       __class__: astropy.units.quantity.Quantity
#       unit: !astropy.units.Unit {unit: '%'}
#       value: !astropy.table.SerializedColumn {name: efficiency}
#     wavelength:
#       __class__: astropy.units.quantity.Quantity
#       unit: !astropy.units.Unit {unit: nm}
#       value: !astropy.table.SerializedColumn {name: wavelength}
# schema: astropy-2.0
wavelength efficiency
[from data line 597]
897.0 1.6357509964592953e-10
898.0 1.6357509964592953e-10
899.0 1.6357509964592953e-10
900.0 1.6357509964592953e-10
901.0 1.6357509964592953e-10
902.0 1.6357509964592953e-10
903.0 1.6357509964592953e-10
904.0 1.6357509964592953e-10
905.0 1.6357509964592953e-10
906.0 1.6357509964592953e-10
907.0 4.568360623125045e-06
908.0 0.00011928500498470385
909.0 1.6357509964592953e-10
910.0 1.6357509964592953e-10
911.0 1.6357509964592953e-10
912.0 5.314037707648822e-05
913.0 0.00010932919849437894
914.0 0.00016551805401832098
915.0 3.722097972058691e-05
916.0 1.6357509964592953e-10
917.0 1.6357509964592953e-10
918.0 1.6357509964592953e-10
919.0 1.6357509964592953e-10
920.0 0.000143261343055201
921.0 1.6357509964592953e-10
922.0 1.6357509964592953e-10
923.0 1.6357509964592953e-10
924.0 1.6357509964592953e-10
925.0 1.6357509964592953e-10
926.0 0.00023707821128482465
927.0 1.7762090465112124e-05
928.0 1.6357509964592953e-10
929.0 1.6357509964592953e-10
930.0 0.00010034058277597069
931.0 0.0001499926497672277
932.0 0.00019964470538980095
933.0 9.581229960531346e-05
934.0 1.6357509964592953e-10
935.0 1.6357509964592953e-10
936.0 1.6357509964592953e-10
937.0 1.6357509964592953e-10
938.0 1.6357509964592953e-10
939.0 1.6357509964592953e-10
940.0 1.6357509964592953e-10
941.0 1.6357509964592953e-10
942.0 8.038965120249486e-05
943.0 1.6357509964592953e-10
944.0 1.6357509964592953e-10
945.0 1.6357509964592953e-10
946.0 1.6357509964592953e-10
947.0 1.6357509964592953e-10
948.0 1.6357509964592953e-10
949.0 1.6357509964592953e-10
950.0 1.6357509964592953e-10
951.0 1.6357509964592953e-10
952.0 4.474661636777455e-05
953.0 1.6357509964592953e-10
954.0 1.6357509964592953e-10
955.0 0.00011542831543920329
956.0 0.0003072321533181821
957.0 0.0001848600163611991
958.0 6.248783392948098e-05
959.0 9.681639312475454e-05
960.0 0.00013114496368871187
961.0 0.00016264323221548693
962.0 0.00019414148937357822
963.0 7.24220342362969e-05
964.0 1.6357509964592953e-10
965.0 1.6357509964592953e-10
966.0 1.6357509964592953e-10
967.0 1.6357509964592953e-10
968.0 1.6357509964592953e-10
969.0 1.6357509964592953e-10
970.0 1.6357509964592953e-10
971.0 1.6357509964592953e-10
972.0 1.6357509964592953e-10
973.0 1.6357509964592953e-10
974.0 1.6357509964592953e-10
975.0 1.6357509964592953e-10
976.0 1.6357509964592953e-10
977.0 1.6357509964592953e-10
978.0 1.6357509964592953e-10
979.0 1.6357509964592953e-10
980.0 1.6357509964592953e-10
981.0 1.6357509964592953e-10
982.0 1.6357509964592953e-10
983.0 1.6357509964592953e-10
984.0 1.6357509964592953e-10
985.0 0.00012510909073171206
986.0 0.0002772846528387163
987.0 6.231055635907978e-05
988.0 1.6357509964592953e-10
989.0 1.6357509964592953e-10
990.0 1.6357509964592953e-10
991.0 1.6357509964592953e-10
992.0 1.6357509964592953e-10
993.0 1.6357509964592953e-10
994.0 2.6714775458458462e-05
995.0 1.6357509964592953e-10
996.0 1.6357509964592953e-10
997.0 4.041140755361994e-05
998.0 0.0002932422830781434
999.0 0.00041001735553436447
1000.0 0.0005267923825158505
1001.0 0.0002865822352760006
1002.0 4.637202266621898e-05
1003.0 0.00011765639555960661
1004.0 0.00018894081676990027
1005.0 3.190086772519862e-05
1006.0 1.6357509964592953e-10
1007.0 2.9257662959025765e-05
1008.0 0.00018365444702794775
1009.0 0.00012464017800084548
1010.0 6.562586918335e-05
1011.0 0.00016510175555595197
1012.0 0.00026457760213816073
1013.0 0.0004127035026613157
1014.0 0.0005608294941339409
1015.0 0.0004405049367051106
1016.0 0.0003201804474883829
1017.0 0.0003611571173678385
1018.0 0.0004021339464088669
1019.0 0.0003021670863745385
1020.0 0.0002022001353907399
1021.0 0.00014379404547071317
1022.0 8.538795555068646e-05
1023.0 0.0004640365659724921
1024.0 0.000842685312818503
1025.0 0.0006490844498330262
1026.0 0.0004554836323222844
1027.0 0.00046992490752018057
1028.0 0.00048436609176860657
1029.0 0.0008453705049760174
1030.0 0.0012063749636581633
1031.0 0.0017543788999319077
1032.0 0.0023023825633572415
1033.0 0.0024645694793434814
1034.0 0.00262675566773396
1035.0 0.003189074413967319
1036.0 0.0037513924326049164
1037.0 0.0037717083614552394
1038.0 0.0037920239265076816
1039.0 0.0031589508580509573
1040.0 0.002525878335291054
1041.0 0.0020167633920209482
1042.0 0.0015076484487508424
1043.0 0.0022970465579419397
1044.0 0.0030864444852340966
1045.0 0.003385918535059318
1046.0 0.00368539294868242
1047.0 0.0033851225452963263
1048.0 0.0030848521419102326
1049.0 0.002756909998424817
1050.0 0.002428967854939401
1051.0 0.0025127101253019646
1052.0 0.0025964525775634684
1053.0 0.0017738371752784587
1054.0 0.0009512217729934491
1055.0 0.0008344019988726359
1056.0 0.0007175821338023525
1057.0 0.0007958846254041418
1058.0 0.0008741874808038119
1059.0 0.0009235657671524677
1060.0 0.0009729443263495341
1061.0 0.0018169243048760109
1062.0 0.0026609041015035473
1063.0 0.002891799340432044
1064.0 0.0031226947612594813
1065.0 0.0032898900826694444
1066.0 0.003457085767877288
1067.0 0.004397627344587818
1068.0 0.005338169648894109
1069.0 0.0043008887587348
1070.0 0.0032636075047776103
1071.0 0.002917768870247528
1072.0 0.002571929871919565
1073.0 0.002754271190497093
1074.0 0.0029366126909735613
1075.0 0.0030640570912510157
1076.0 0.0031915016734274104
1077.0 0.0024857898097252473
1078.0 0.0017800774003262632
1079.0 0.0019073357179877348
1080.0 0.002034594399447087
1081.0 0.0015758909285068512
1082.0 0.001117187366617145
1083.0 0.000360157036993769
1084.0 1.6357509964592953e-10
1085.0 0.0005097550001664786
1086.0 0.0014163838386593852
1087.0 0.0011009175068465993
1088.0 0.0007854511750338133
1089.0 1.6357509964592953e-10
1090.0 1.6357509964592953e-10
1091.0 1.6357509964592953e-10
1092.0 1.6357509964592953e-10
1093.0 1.6357509964592953e-10
1094.0 0.00039972619561012834
1095.0 0.00015317943962145364
1096.0 1.6357509964592953e-10
1097.0 1.6357509964592953e-10
1098.0 1.6357509964592953e-10
1099.0 1.6357509964592953e-10
1100.0 0.0002460991709085647
