lsstCam/transmission_filter_detector/r02_s11/i_39/19700101T000000.ecsv
# %ECSV 1.0
# ---
# datatype:
# - {name: wavelength, unit: nm, datatype: float32}
# - {name: efficiency, unit: '%', datatype: float64}
# meta: !!omap
# - {MODE: DETECTOR}
# - {TYPE: transmission_filter_detector}
# - {CALIBDATE: '1970-01-01T00:00:00'}
# - {INSTRUME: LSSTCam}
# - {OBSTYPE: transmission_filter_detector}
# - {CALIBCLS: lsst.ip.isr.IntermediateFilterDetectorTransmissionCurve}
# - {SOURCE: Materion (DM-46256)}
# - {DETECTOR: 13}
# - {FILTER: i_39}
# - {CALIB_ID: 'calibDate=1970-01-01T00:00:00 filter=i_39 detector=13'}
# - {DATE: '2025-04-02T15:59:46.539029'}
# - {CALIB_CREATION_DATE: '2025-04-02'}
# - {CALIB_CREATION_TIME: '15:59:46'}
# - __serialized_columns__:
#     efficiency:
#       __class__: astropy.units.quantity.Quantity
#       unit: !astropy.units.Unit {unit: '%'}
#       value: !astropy.table.SerializedColumn {name: efficiency}
#     wavelength:
#       __class__: astropy.units.quantity.Quantity
#       unit: !astropy.units.Unit {unit: nm}
#       value: !astropy.table.SerializedColumn {name: wavelength}
# schema: astropy-2.0
wavelength efficiency
300.0 0.08679196471348405
301.0 0.03781758714467287
302.0 1.6357509964592953e-10
303.0 0.015006466128397733
304.0 0.04116969066672027
305.0 0.03383632574696094
306.0 0.026502960827201605
307.0 0.006341300468193367
308.0 1.6357509964592953e-10
309.0 1.6357509964592953e-10
310.0 1.6357509964592953e-10
311.0 1.6357509964592953e-10
312.0 0.005171586235519499
313.0 0.0030530394724337384
314.0 0.0009344903446617536
315.0 1.6357509964592953e-10
316.0 1.6357509964592953e-10
317.0 1.6357509964592953e-10
318.0 1.6357509964592953e-10
319.0 1.6357509964592953e-10
320.0 1.6357509964592953e-10
321.0 1.6357509964592953e-10
322.0 1.6357509964592953e-10
323.0 1.6357509964592953e-10
324.0 1.6357509964592953e-10
325.0 1.6357509964592953e-10
326.0 1.6357509964592953e-10
327.0 1.6357509964592953e-10
328.0 0.0017808157281251624
329.0 0.0012434571544872597
330.0 0.000706099626768264
331.0 0.0006700312496832339
332.0 0.0006339631909213495
333.0 0.001558786243549548
334.0 0.002483609932824038
335.0 0.001592368062119931
336.0 0.0007011269190115854
337.0 0.0011531493328220677
338.0 0.0016051715647336096
339.0 0.0025873127015074715
340.0 0.0035694538382813334
341.0 1.6357509964592953e-10
342.0 1.6357509964592953e-10
343.0 1.6357509964592953e-10
344.0 1.6357509964592953e-10
345.0 1.6357509964592953e-10
346.0 1.6357509964592953e-10
347.0 1.6357509964592953e-10
348.0 1.6357509964592953e-10
349.0 1.6357509964592953e-10
350.0 1.6357509964592953e-10
351.0 1.6357509964592953e-10
352.0 0.0004899506166111678
353.0 1.6357509964592953e-10
354.0 1.6357509964592953e-10
355.0 1.6357509964592953e-10
356.0 1.6357509964592953e-10
357.0 0.00044629127842199523
358.0 0.0011297762284812052
359.0 0.0012520189557108097
360.0 0.001374261046294123
361.0 0.0008418164725298993
362.0 0.00030937196697777836
363.0 2.2272641331255727e-05
364.0 1.6357509964592953e-10
365.0 0.0009406607205164619
366.0 0.0021461484720930457
367.0 0.0013933028640167322
368.0 0.000640457392364624
369.0 0.0009113493433687836
370.0 0.0011822414307971485
371.0 0.0009064287951332517
372.0 0.0006306161139946198
373.0 0.000338139489031164
374.0 4.566290954244323e-05
375.0 1.6357509964592953e-10
376.0 1.6357509964592953e-10
377.0 1.6357509964592953e-10
378.0 1.6357509964592953e-10
379.0 1.6357509964592953e-10
380.0 1.6357509964592953e-10
381.0 1.6357509964592953e-10
382.0 1.6357509964592953e-10
383.0 0.0004402269496495137
384.0 0.0014809991625952534
385.0 0.001199528378492687
386.0 0.00091805741249118
387.0 1.6357509964592953e-10
388.0 1.6357509964592953e-10
389.0 1.6357509964592953e-10
390.0 1.6357509964592953e-10
391.0 1.6357509964592953e-10
392.0 1.6357509964592953e-10
393.0 1.6357509964592953e-10
394.0 0.00037031745705462527
395.0 1.6357509964592953e-10
396.0 1.6357509964592953e-10
397.0 1.6357509964592953e-10
398.0 1.6357509964592953e-10
399.0 1.6357509964592953e-10
400.0 1.6357509964592953e-10
401.0 1.6357509964592953e-10
402.0 1.6357509964592953e-10
403.0 0.0011981610441580415
404.0 0.0033146643545478582
405.0 0.004173866909695789
406.0 0.0050330691010458395
407.0 0.0027685029635904357
408.0 0.0005039339612267213
409.0 1.6357509964592953e-10
410.0 1.6357509964592953e-10
411.0 0.0013520610082196072
412.0 0.003939695307053626
413.0 0.004605294452630915
414.0 0.005270895053399727
415.0 0.004622788401320577
416.0 0.003974681021645665
417.0 0.0021564250346273184
418.0 0.00033816891118476633
419.0 0.0028076794478693046
420.0 0.0052771898481296375
421.0 0.0046736415242776275
422.0 0.004070093200425617
423.0 0.004105543484911323
424.0 0.004140993405599147
425.0 0.0033570682717254385
426.0 0.0025731418645591475
427.0 0.0035916949855163693
428.0 0.0046102482883725315
429.0 0.005182320819585584
430.0 0.0057543948059901595
431.0 0.0041523060644976795
432.0 0.002550218050600961
433.0 0.0034321801649639383
434.0 0.004314142279326916
435.0 0.0029395778256002814
436.0 0.001565012826176826
437.0 0.0016897191017051227
438.0 0.0018144251953344792
439.0 0.0020909486920572817
440.0 0.002367472552577965
441.0 0.000834652382764034
442.0 1.6357509964592953e-10
443.0 1.6357509964592953e-10
444.0 1.6357509964592953e-10
445.0 1.6357509964592953e-10
446.0 1.6357509964592953e-10
447.0 1.6357509964592953e-10
448.0 0.00034883696571341716
449.0 1.6357509964592953e-10
450.0 1.6357509964592953e-10
451.0 0.0002317891585335019
452.0 0.001483004234614782
453.0 0.0016281999705825
454.0 0.0017733962522470392
455.0 0.0019462975615169853
456.0 0.0021191990526858717
457.0 0.0014185248801368289
458.0 0.0007178506621130509
459.0 0.000499407724419143
460.0 0.0002809648094626027
461.0 0.0005155482995178318
462.0 0.0007501317213609582
463.0 0.00014912820915924385
464.0 1.6357509964592953e-10
465.0 0.00012203847745695384
466.0 0.0006959522124816431
467.0 0.000888724116521189
468.0 0.0010814959750859998
469.0 0.0006795386525482172
470.0 0.00027758139822253725
471.0 0.0005455386144603835
472.0 0.0008134958079608623
473.0 0.0008819343747745734
474.0 0.0009503731234872248
475.0 0.000570270594835165
476.0 0.000190168270819413
477.0 0.000681406845615129
478.0 0.0011726454431482125
479.0 0.0011681311661959626
480.0 0.0011636169801931828
481.0 0.0025424229534110054
482.0 0.003921227471437305
483.0 0.005244049680186436
484.0 0.006566871888935566
485.0 0.006739604577887803
486.0 0.006912337266840041
487.0 0.010025280789704993
488.0 0.013138224312569946
489.0 0.01652152423048392
490.0 0.01990482269320637
491.0 0.02230713434983045
492.0 0.024709446006454527
493.0 0.02699319156818092
494.0 0.029276940040290356
495.0 0.026453658938407898
496.0 0.02363037201575935
497.0 0.019063070067204535
498.0 0.014495763753075153
499.0 0.010446554369991645
500.0 0.006397346442099661
501.0 0.004619121318683028
502.0 0.0028408969228621572
503.0 0.0024177556042559445
504.0 0.001994613921851851
505.0 0.001837947274907492
506.0 0.0016812808098620735
507.0 0.0017109894542954862
508.0 0.0017406977349310182
509.0 0.0019942795915994793
510.0 0.0022478614482679404
511.0 0.001663948205532506
512.0 0.0010800352356454823
513.0 0.0014082238521950785
514.0 0.0017364125596941449
515.0 0.002248954479000531
516.0 0.0027614963983069174
517.0 0.002301618587807752
518.0 0.001841740777308587
519.0 0.0018610387996886857
520.0 0.0018803368220687844
521.0 0.0015855965102673508
522.0 0.0012908562894153874
523.0 0.0014001190720591694
524.0 0.0015093819456524216
525.0 0.0019623983462224714
526.0 0.002415414564893581
527.0 0.0024232173018390313
528.0 0.002431020220683422
529.0 0.0021256662876112387
530.0 0.001820312172640115
531.0 0.0017446525816922076
532.0 0.0016689929907443002
533.0 0.001629174039408099
534.0 0.0015893554518697783
535.0 0.0016518117263331078
536.0 0.0017142680007964373
537.0 0.00230146360991057
538.0 0.0028886590371257626
539.0 0.0035448119888314977
540.0 0.004200965486234054
541.0 0.004809890015167184
542.0 0.005418814544100314
543.0 0.005021389006287791
544.0 0.004623963832273148
545.0 0.0037706184230046347
546.0 0.0029172735594329424
547.0 0.002414129994576797
548.0 0.001910986247821711
549.0 0.0019227694792789407
550.0 0.0019345528926351108
551.0 0.0016423193301307037
552.0 0.0013500860404747073
553.0 0.001549339503981173
554.0 0.001748593058437109
555.0 0.0013663872778124642
556.0 0.0009841815881372895
557.0 0.0008194446309062187
558.0 0.000654707764624618
559.0 0.00022854394501337083
560.0 1.6357509964592953e-10
561.0 0.0006266161562962225
562.0 0.0014508522326650564
563.0 0.0015531933968304656
564.0 0.0016555348338442855
565.0 0.0013534704521589447
566.0 0.0010514064342714846
567.0 0.0008658339538669679
568.0 0.0006802615189371863
569.0 0.0006873724942124682
570.0 0.0006944832875888096
571.0 0.00042090114220627584
572.0 0.00014731904229847714
573.0 0.0002775734174065292
574.0 0.0004078278834640514
575.0 0.00045154256440582685
576.0 0.0004952571998728672
577.0 0.000648680133963353
578.0 0.0008021030225791037
579.0 0.0003772279569602688
580.0 1.6357509964592953e-10
581.0 0.00015362114709205343
582.0 0.0003548892891558353
583.0 0.0004229164460411994
584.0 0.0004909434665023582
585.0 0.000648251807433553
586.0 0.0008055602847889531
587.0 0.0007787089998601004
588.0 0.0007518576694565127
589.0 0.0007074811492202571
590.0 0.0006631047199334716
591.0 0.000810766050562961
592.0 0.000958427699515596
593.0 0.0006060218765924219
594.0 0.0002536159172450425
595.0 0.0005277633590594633
596.0 0.0008019106644496787
597.0 0.0006847251825092826
598.0 0.0005675397460436216
599.0 0.000575548756387434
600.0 0.0005835576757817762
601.0 0.0004312049895816017
602.0 0.0002788523033814272
603.0 0.00018561282786322408
604.0 9.237323297384137e-05
605.0 0.0001060764589055907
606.0 0.00011977971325904946
607.0 0.00033338021694362396
608.0 0.0005469805728353094
609.0 0.0005159503416507505
610.0 0.0004849197921430459
611.0 0.0006857216703792801
612.0 0.0008865235940902494
613.0 0.00059658445934474
614.0 0.0003066453928113333
615.0 1.6357509964592953e-10
616.0 1.6357509964592953e-10
617.0 1.6357509964592953e-10
618.0 7.51845277591201e-05
619.0 0.00025204767553077545
620.0 0.00042891092562058475
621.0 0.0005606303147942526
622.0 0.0006923496584931854
623.0 0.0005966678600088926
624.0 0.0005009861069993349
625.0 0.0004094120413355995
626.0 0.0003178380211465992
627.0 0.00025914575871865964
628.0 0.00020045354176545516
629.0 0.0003896060661645606
630.0 0.0005787586360384012
631.0 0.0005364038770494517
632.0 0.0004940491180605022
633.0 0.000527592919752351
634.0 0.0005611366759694647
635.0 0.000529876751897973
636.0 0.0004986167368770111
637.0 0.0004035938673041528
638.0 0.00030857083856972167
639.0 0.0005711677658837289
640.0 0.0008337645340361632
641.0 0.0006260140708036488
642.0 0.00041826360757113434
643.0 0.0006111981292633573
644.0 0.0008041326509555802
645.0 0.0007089707651175559
646.0 0.0006138089702290017
647.0 0.0007398744401143631
648.0 0.0008659403647470754
649.0 0.0007686548997298814
650.0 0.0006713694801874226
651.0 0.0008673474440001883
652.0 0.0010633255442371592
653.0 0.0012612125829036813
654.0 0.001459099439671263
655.0 0.002021367254201323
656.0 0.002583634886832442
657.0 0.0034513173886807635
658.0 0.0043189986172365025
659.0 0.007014934089966118
660.0 0.03198677150066942
661.0 0.08737141033634543
662.0 0.11214996920898557
663.0 0.06894275429658592
664.0 0.11146459728479385
665.0 0.13922526268288493
666.0 0.1153763267211616
667.0 0.17979422118514776
668.0 0.18860267009586096
669.0 0.2886806847527623
670.0 0.3470301628112793
671.0 0.5102145485579967
672.0 0.7826101034879684
673.0 1.2766962870955467
674.0 1.9526012241840363
675.0 2.825405076146126
676.0 3.876706585288048
677.0 5.1514483988285065
678.0 6.498411297798157
679.0 7.885381579399109
680.0 9.721499681472778
681.0 11.766140162944794
682.0 14.319825172424316
683.0 17.038315534591675
684.0 20.050080120563507
685.0 22.91509658098221
686.0 25.862467288970947
687.0 29.084208607673645
688.0 32.28822946548462
689.0 35.61166524887085
690.0 39.35635983943939
691.0 43.43295991420746
692.0 48.29051494598389
693.0 53.53606939315796
694.0 59.41060781478882
695.0 65.02917408943176
696.0 71.34072184562683
697.0 76.90280079841614
698.0 82.9628050327301
699.0 87.44143843650818
700.0 91.0451889038086
701.0 93.82854104042053
702.0 95.76963186264038
703.0 96.8337893486023
704.0 97.39124178886414
705.0 97.7364718914032
706.0 97.80694842338562
707.0 97.9175329208374
708.0 98.0076014995575
709.0 98.07387590408325
710.0 97.83287048339844
711.0 98.06593060493469
712.0 97.97773361206055
713.0 97.97698259353638
714.0 98.06215167045593
715.0 98.1234073638916
716.0 97.96879887580872
717.0 98.16815853118896
718.0 98.2413649559021
719.0 98.24307560920715
720.0 98.45741987228394
721.0 98.39714169502258
722.0 98.0795681476593
723.0 97.86560535430908
724.0 97.5883424282074
725.0 97.24955558776855
726.0 96.9475269317627
727.0 96.69685363769531
728.0 96.42254114151001
729.0 96.23188376426697
730.0 96.20497822761536
731.0 96.28816843032837
732.0 96.27781510353088
733.0 96.53026461601257
734.0 96.96415662765503
735.0 97.14820981025696
736.0 97.48425483703613
737.0 97.98582196235657
738.0 98.20652604103088
739.0 98.57168197631836
740.0 98.67833852767944
741.0 98.54624271392822
742.0 98.89354705810547
743.0 98.68914484977722
744.0 98.54035973548889
745.0 98.48904013633728
746.0 98.54028820991516
747.0 98.7477958202362
748.0 98.64155650138855
749.0 98.53402972221375
750.0 98.46338033676147
751.0 98.38925004005432
752.0 98.32918047904968
753.0 98.5342264175415
754.0 98.39745163917542
755.0 98.54701161384583
756.0 98.59740734100342
757.0 98.62192273139954
758.0 98.74900579452515
759.0 98.81472587585449
760.0 98.66729378700256
761.0 98.56886863708496
762.0 98.66295456886292
763.0 98.55443239212036
764.0 98.44031929969788
765.0 98.42526316642761
766.0 98.50016832351685
767.0 98.32199215888977
768.0 98.32397103309631
769.0 98.38050603866577
770.0 98.11562299728394
771.0 98.10136556625366
772.0 98.16735982894897
773.0 98.06109666824341
774.0 97.87325263023376
775.0 97.97154664993286
776.0 97.88016676902771
777.0 97.91786670684814
778.0 97.88580536842346
779.0 97.99991250038147
780.0 97.93123602867126
781.0 98.19406270980835
782.0 98.08889627456665
783.0 98.20287823677063
784.0 98.10852408409119
785.0 98.30509424209595
786.0 98.32382798194885
787.0 98.13469648361206
788.0 98.22349548339844
789.0 98.39779734611511
790.0 98.28018546104431
791.0 98.3611524105072
792.0 98.18662405014038
793.0 98.10328483581543
794.0 98.03060293197632
795.0 97.94239401817322
796.0 97.93735146522522
797.0 97.99050688743591
798.0 97.91120290756226
799.0 97.82570004463196
800.0 97.6574182510376
801.0 97.69916534423828
802.0 97.65007495880127
803.0 97.42715954780579
804.0 97.18899726867676
805.0 96.80012464523315
806.0 96.48340344429016
807.0 95.75239419937134
808.0 94.75093483924866
809.0 93.66329312324524
810.0 92.32965111732483
811.0 90.49631953239441
812.0 88.33510279655457
813.0 85.73615550994873
814.0 82.72485136985779
815.0 79.16369438171387
816.0 75.45729875564575
817.0 71.17211818695068
818.0 66.30353331565857
819.0 61.946845054626465
820.0 57.02478289604187
821.0 52.48173475265503
822.0 48.06315302848816
823.0 43.45724582672119
824.0 38.83168697357178
825.0 34.56492722034454
826.0 30.141016840934753
827.0 25.551313161849976
828.0 21.35629951953888
829.0 17.256255447864532
830.0 13.097520172595978
831.0 9.899888187646866
832.0 6.808321177959442
833.0 4.478904232382774
834.0 2.8097039088606834
835.0 1.6884567216038704
836.0 0.999454315751791
837.0 0.5613935645669699
838.0 0.320986844599247
839.0 0.21163562778383493
840.0 0.10966559639200568
841.0 0.042369108996354043
842.0 0.01582812110427767
843.0 0.0035452023439574987
844.0 1.6357509964592953e-10
845.0 1.6357509964592953e-10
846.0 1.6357509964592953e-10
847.0 1.6357509964592953e-10
848.0 0.009630632848711684
849.0 1.6357509964592953e-10
850.0 0.023998829419724643
851.0 1.6357509964592953e-10
852.0 0.0012207490726723336
853.0 0.0010025923074863385
854.0 0.0007844356332498137
855.0 0.0008195664122467861
856.0 0.0008546972821932286
857.0 0.0009102033800445497
858.0 0.0009657091140979901
859.0 0.000565280242881272
860.0 0.00016485123524034861
861.0 0.0002982312707899837
862.0 0.0004316111699154135
863.0 0.00017878810467664152
864.0 1.6357509964592953e-10
865.0 1.6357509964592953e-10
866.0 4.873395482718479e-05
867.0 6.240457537387556e-05
868.0 7.607519592056633e-05
869.0 1.6357509964592953e-10
870.0 1.6357509964592953e-10
871.0 1.6357509964592953e-10
872.0 0.00014039289908396313
873.0 0.00018275062529937713
874.0 0.00022510830604005605
875.0 0.00015131741974983015
876.0 7.752659030302311e-05
877.0 1.6357509964592953e-10
878.0 1.6357509964592953e-10
879.0 1.6357509964592953e-10
880.0 0.000411813607570366
881.0 0.0002095732952511753
882.0 7.3330362226897705e-06
883.0 0.00019209037418477237
884.0 0.0003768477427001926
885.0 0.00015908814248177805
886.0 1.6357509964592953e-10
887.0 8.101728212750459e-05
888.0 0.000220706056097697
889.0 0.00011122683645226061
890.0 1.7476562419460606e-06
891.0 6.631738074247551e-05
892.0 0.00013088706509734038
893.0 0.0002186224492106703
894.0 0.0003063578105866327
895.0 1.6357509964592953e-10
