lsstCam/transmission_filter_detector/r21_s22/g_6/19700101T000000.ecsv
# %ECSV 1.0
# ---
# datatype:
# - {name: wavelength, unit: nm, datatype: float32}
# - {name: efficiency, unit: '%', datatype: float64}
# meta: !!omap
# - {MODE: DETECTOR}
# - {TYPE: transmission_filter_detector}
# - {CALIBDATE: '1970-01-01T00:00:00'}
# - {INSTRUME: LSSTCam}
# - {OBSTYPE: transmission_filter_detector}
# - {CALIBCLS: lsst.ip.isr.IntermediateFilterDetectorTransmissionCurve}
# - {SOURCE: Materion (DM-46256)}
# - {DETECTOR: 89}
# - {FILTER: g_6}
# - {CALIB_ID: 'calibDate=1970-01-01T00:00:00 filter=g_6 detector=89'}
# - {DATE: '2025-04-02T15:59:42.440836'}
# - {CALIB_CREATION_DATE: '2025-04-02'}
# - {CALIB_CREATION_TIME: '15:59:42'}
# - __serialized_columns__:
#     efficiency:
#       __class__: astropy.units.quantity.Quantity
#       unit: !astropy.units.Unit {unit: '%'}
#       value: !astropy.table.SerializedColumn {name: efficiency}
#     wavelength:
#       __class__: astropy.units.quantity.Quantity
#       unit: !astropy.units.Unit {unit: nm}
#       value: !astropy.table.SerializedColumn {name: wavelength}
# schema: astropy-2.0
wavelength efficiency
300.0 0.3794141113758087
301.0 0.32005468383431435
302.0 0.2606951864436269
303.0 0.23353309370577335
304.0 0.20637097768485546
305.0 0.2136147115379572
306.0 0.2208584686741233
307.0 0.21568124648183584
308.0 0.21050400100648403
309.0 0.2052434952929616
310.0 0.1999829662963748
311.0 0.19862684421241283
312.0 0.19727072212845087
313.0 0.18911578226834536
314.0 0.18096084240823984
315.0 0.1790615264326334
316.0 0.17716222209855914
317.0 0.17373374430462718
318.0 0.17030531307682395
319.0 0.1619668328203261
320.0 0.15362832928076386
321.0 0.1419793232344091
322.0 0.13033035211265087
323.0 0.11732192942872643
324.0 0.10431348346173763
325.0 0.09270340669900179
326.0 0.08109331829473376
327.0 0.07118759676814079
328.0 0.06128187524154782
329.0 0.05992650403641164
330.0 0.05857112701050937
331.0 0.05449937889352441
332.0 0.05042761913500726
333.0 0.04693184746429324
334.0 0.04343606997281313
335.0 0.041935735498555005
336.0 0.04043539520353079
337.0 0.040616473415866494
338.0 0.0407975516282022
339.0 0.039916468085721135
340.0 0.039035381632857025
341.0 0.037082668859511614
342.0 0.03512995899654925
343.0 0.03227590350434184
344.0 0.029421848012134433
345.0 0.026040419470518827
346.0 0.022658992384094745
347.0 0.020826756372116506
348.0 0.01899452181532979
349.0 0.01750598312355578
350.0 0.637112045660615
351.0 0.9635414928197861
352.0 0.8375258184969425
353.0 1.1104770004749298
354.0 0.6469205487519503
355.0 0.6519467104226351
356.0 0.5009177140891552
357.0 1.0565174743533134
358.0 0.5579065997153521
359.0 0.8481104858219624
360.0 0.4400243517011404
361.0 1.009790413081646
362.0 0.40681948885321617
363.0 0.7986417040228844
364.0 0.5966105498373508
365.0 0.7888016290962696
366.0 0.4258462227880955
367.0 0.6753747351467609
368.0 0.48405746929347515
369.0 0.817559938877821
370.0 0.4712050314992666
371.0 0.6022911053150892
372.0 0.39492426440119743
373.0 0.5881508346647024
374.0 0.37369048222899437
375.0 0.6820159032940865
376.0 0.40124510414898396
377.0 0.5369704216718674
378.0 0.40862802416086197
379.0 0.5218002945184708
380.0 0.3937749657779932
381.0 0.5493591073900461
382.0 0.5738020408898592
383.0 0.5955883767455816
384.0 0.5815556272864342
385.0 0.681509030982852
386.0 0.6676119286566973
387.0 0.8239912800490856
388.0 0.9411371313035488
389.0 1.2427179142832756
390.0 1.7902679741382599
391.0 2.787756361067295
392.0 4.398157820105553
393.0 6.987959146499634
394.0 10.471025854349136
395.0 15.325106680393219
396.0 21.08669877052307
397.0 28.465580940246582
398.0 37.09108829498291
399.0 46.52465283870697
400.0 56.12592697143555
401.0 65.20452499389648
402.0 73.51745367050171
403.0 80.72255849838257
404.0 86.04256510734558
405.0 90.05372524261475
406.0 92.30237007141113
407.0 94.17040944099426
408.0 95.23575901985168
409.0 95.78514099121094
410.0 95.9108829498291
411.0 95.8010196685791
412.0 95.3965425491333
413.0 95.18653154373169
414.0 95.01232504844666
415.0 95.16669511795044
416.0 95.59274911880493
417.0 95.97099423408508
418.0 96.44560813903809
419.0 97.05255031585693
420.0 97.56521582603455
421.0 98.09475541114807
422.0 98.2267439365387
423.0 98.44984412193298
424.0 98.24063777923584
425.0 98.1357991695404
426.0 98.04432988166809
427.0 98.03628325462341
428.0 97.84254431724548
429.0 97.64404892921448
430.0 97.5299596786499
431.0 97.48932719230652
432.0 97.53701686859131
433.0 97.62454628944397
434.0 97.70047068595886
435.0 97.83706665039062
436.0 97.8977382183075
437.0 97.84892201423645
438.0 97.93211817741394
439.0 98.01903367042542
440.0 97.98367023468018
441.0 98.17635416984558
442.0 98.10385704040527
443.0 98.03849458694458
444.0 97.96351194381714
445.0 97.74035215377808
446.0 97.56670594215393
447.0 97.5100576877594
448.0 97.58288264274597
449.0 97.81298041343689
450.0 98.08467030525208
451.0 98.34035634994507
452.0 98.4943151473999
453.0 98.57102036476135
454.0 98.58148694038391
455.0 98.79522323608398
456.0 98.82344007492065
457.0 99.00548458099365
458.0 99.04419183731079
459.0 99.06557202339172
460.0 99.1900622844696
461.0 99.30367469787598
462.0 99.1655707359314
463.0 99.11576509475708
464.0 99.23664927482605
465.0 99.15476441383362
466.0 99.23114776611328
467.0 99.16965365409851
468.0 99.18202757835388
469.0 99.24697279930115
470.0 99.11524057388306
471.0 98.93928170204163
472.0 99.00456070899963
473.0 98.91567826271057
474.0 98.72222542762756
475.0 98.80706071853638
476.0 98.79233837127686
477.0 98.84167909622192
478.0 98.94571900367737
479.0 98.90885353088379
480.0 99.04931783676147
481.0 99.13057088851929
482.0 99.28160905838013
483.0 99.1701066493988
484.0 99.39600229263306
485.0 99.40288066864014
486.0 99.3977963924408
487.0 99.43923950195312
488.0 99.43553805351257
489.0 99.51884746551514
490.0 99.44956302642822
491.0 99.46696758270264
492.0 99.35203194618225
493.0 99.35283064842224
494.0 99.21956658363342
495.0 99.34390783309937
496.0 99.14706349372864
497.0 99.04230237007141
498.0 98.89966249465942
499.0 98.95723462104797
500.0 98.83958697319031
501.0 98.85088801383972
502.0 98.7168550491333
503.0 98.8243579864502
504.0 98.73217940330505
505.0 98.81327748298645
506.0 98.75343441963196
507.0 98.7722635269165
508.0 98.7625241279602
509.0 98.69426488876343
510.0 98.71128797531128
511.0 98.6243724822998
512.0 98.55982065200806
513.0 98.66489768028259
514.0 98.64845275878906
515.0 98.66669178009033
516.0 98.78045320510864
517.0 98.75704050064087
518.0 98.80799651145935
519.0 98.85872006416321
520.0 98.91607165336609
521.0 99.01338815689087
522.0 99.03417825698853
523.0 99.04921650886536
524.0 99.07476902008057
525.0 99.04246926307678
526.0 99.16108250617981
527.0 99.1924524307251
528.0 99.28792715072632
529.0 99.36915636062622
530.0 99.37379360198975
531.0 99.54708218574524
532.0 99.36044812202454
533.0 99.31117296218872
534.0 99.35616850852966
535.0 99.11455512046814
536.0 98.75175952911377
537.0 98.06599020957947
538.0 97.24112153053284
539.0 95.69799900054932
540.0 93.78913640975952
541.0 90.90171456336975
542.0 87.94341087341309
543.0 84.04837250709534
544.0 79.16830778121948
545.0 74.99375939369202
546.0 69.92040276527405
547.0 65.25844931602478
548.0 60.71738600730896
549.0 56.66861534118652
550.0 53.49681377410889
551.0 50.49347281455994
552.0 48.14208745956421
553.0 45.608699321746826
554.0 42.609164118766785
555.0 39.26284313201904
556.0 34.79360044002533
557.0 29.69893515110016
558.0 24.156224727630615
559.0 18.8243106007576
560.0 13.804955780506134
561.0 9.223369508981705
562.0 5.83089254796505
563.0 3.3671144396066666
564.0 1.8173979595303535
565.0 0.8902782574295998
566.0 0.47123217955231667
567.0 0.24479904677718878
568.0 0.16616181237623096
569.0 0.08639692096039653
570.0 0.08807731792330742
571.0 0.052141002379357815
572.0 0.06136762676760554
573.0 0.042685490916483104
574.0 0.051921617705374956
575.0 0.02983809681609273
576.0 0.039963258313946426
577.0 0.02511267375666648
578.0 0.034501374466344714
579.0 0.03312902990728617
580.0 0.03594791633076966
581.0 0.027566865901462734
582.0 0.028686606674455106
583.0 0.01775819546310231
584.0 0.025872030528262258
585.0 0.02125541213899851
586.0 0.02700500190258026
587.0 0.014690449461340904
588.0 0.034397144918330014
589.0 0.023074510681908578
590.0 0.018959549197461456
591.0 0.01538446667836979
592.0 0.014680458116345108
593.0 0.016604816482868046
594.0 0.017617765115574002
595.0 0.01779925951268524
596.0 0.017972287605516613
597.0 0.012716282799374312
598.0 0.007095314504113048
599.0 0.007284328603418544
600.0 0.021298743376974016
601.0 0.0018790642570820637
602.0 0.0019857532606692985
603.0 0.0020924419004586525
604.0 0.0020395429601194337
605.0 0.0019866438378812745
606.0 0.002028089693340007
607.0 0.0020695359125966206
608.0 0.0018020942661678419
609.0 0.0015346524378401227
610.0 0.0017192938685184345
611.0 0.0019039352991967462
612.0 0.0017157271940959617
613.0 0.001527518907096237
614.0 0.0015909396097413264
615.0 0.001654360312386416
616.0 0.0016394895283156075
617.0 0.0016246183804469183
618.0 0.0017420450603822246
619.0 0.001859471740317531
620.0 0.0016997631973936222
621.0 0.0015400550182675943
622.0 0.0015454374079126865
623.0 0.0015508192518609576
624.0 0.0014262560398492496
625.0 0.0013016927368880715
626.0 0.0012282993338885717
627.0 0.0011549061127880123
628.0 0.0014148967238725163
629.0 0.0016748874259064905
630.0 0.0015141587027756032
631.0 0.0013534298886952456
632.0 0.001376333057123702
633.0 0.0013992363165016286
634.0 0.0013718190530198626
635.0 0.0013444016076391563
636.0 0.001349101512460038
637.0 0.0013538017810788006
638.0 0.00122012143037864
639.0 0.0010864408977795392
640.0 0.0010436359843879472
641.0 0.001000830889097415
642.0 0.0011063408237532713
643.0 0.0012118507584091276
644.0 0.0011837761121569201
645.0 0.0011557017387531232
646.0 0.001180028084490914
647.0 0.0012043547030771151
648.0 0.0012549679013318382
649.0 0.0013055808267381508
650.0 0.0012574688298627734
651.0 0.0012093567420379259
652.0 0.001214058829646092
653.0 0.0012187611901026685
654.0 0.0011802735571109224
655.0 0.0011417861969675869
656.0 0.0011299624929961283
657.0 0.0011181388799741399
658.0 0.0011038837328669615
659.0 0.0010896287676587235
660.0 0.001086616703105392
661.0 0.0010836045476025902
662.0 0.0010838790331035852
663.0 0.0010841536095540505
664.0 0.0011485964932944626
665.0 0.0012130391951359343
666.0 0.0011575982171052601
667.0 0.0011021569662261754
668.0 0.0010937909792119171
669.0 0.0010854252650460694
670.0 0.0011454656487330794
671.0 0.0012055058505211491
672.0 0.0012505661288741976
673.0 0.0012956261343788356
674.0 0.0010947436749120243
675.0 0.0008938613063946832
676.0 0.000972619545791531
677.0 0.001051377421390498
678.0 0.0010701073733798694
679.0 0.0010888373253692407
680.0 0.0010090487194247544
681.0 0.0009292602044297382
682.0 0.0009989177669922356
683.0 0.0010685753295547329
684.0 0.001045470344251953
685.0 0.0010223653589491732
686.0 0.0010316853149561211
687.0 0.001041005270963069
688.0 0.0009958915143215563
689.0 0.0009507775757811032
690.0 0.001016339138004696
691.0 0.0010819008821272291
692.0 0.0010340585504309274
693.0 0.000986216309684096
694.0 0.0010958183338516392
695.0 0.0012054203580191825
696.0 0.0012400772902765311
697.0 0.0012747340406349394
698.0 0.0012234929272381123
699.0 0.0011722515409928747
700.0 0.0011892477232322562
701.0 0.001206243996421108
702.0 0.0012226184480823576
703.0 0.0012389926268951967
704.0 0.0011406022167648189
705.0 0.0010422116247355007
706.0 0.0010745939107437152
707.0 0.0011069761967519298
708.0 0.001137439176090993
709.0 0.0011679024282784667
710.0 0.001279281968891155
711.0 0.0013906619642511941
712.0 0.0013652983398060314
713.0 0.001339934806310339
714.0 0.0013610430869448464
715.0 0.0013821515494782943
716.0 0.0014836179616395384
717.0 0.0015850844647502527
718.0 0.0019366185370017774
719.0 0.002288152973051183
720.0 0.001981057721422985
721.0 0.0016739621059969068
722.0 0.0017163918528240174
723.0 0.0017588214177521877
724.0 0.0018731623640633188
725.0 0.00198750331037445
726.0 0.002033513010246679
727.0 0.002079522528219968
728.0 0.0021515086700674146
729.0 0.0022234949938138016
730.0 0.0021744268451584503
731.0 0.0021253588784020394
732.0 0.002017176848312374
733.0 0.001908994818222709
734.0 0.0015644274753867649
735.0 0.0012198599506518804
736.0 0.0011604096471273806
737.0 0.0011009596164512914
738.0 0.0010534709872445092
739.0 0.0010059826308861375
740.0 0.0008989443813334219
741.0 0.0007919057679828256
742.0 0.0007972013918333687
743.0 0.0008024972885323223
744.0 0.000847261162562063
745.0 0.000892025218490744
746.0 0.0008418206562055275
747.0 0.000791616093920311
748.0 0.0008713995157449972
749.0 0.0009511830285191536
750.0 0.0009217056685884017
751.0 0.0008922286724555306
752.0 0.0009829759619606193
753.0 0.0010737233424151782
754.0 0.0009640312782721594
755.0 0.0008543393050786108
756.0 0.0008861466085363645
757.0 0.0009179539119941182
758.0 0.0009010275789478328
759.0 0.0008841012459015474
760.0 0.0008407248060393613
761.0 0.0007973480933287647
762.0 0.0007643811841262504
763.0 0.0007314144113479415
764.0 0.0008566923497710377
765.0 0.0009819702427193988
766.0 0.0007230325081764022
767.0 0.0004640945462597301
768.0 0.0005916518603044096
769.0 0.000719209083399619
770.0 0.0006806966666772496
771.0 0.0006421842499548802
772.0 0.000623116284259595
773.0 0.0006040483185643097
774.0 0.0006719927114318125
775.0 0.0007399371497740503
776.0 0.0007768587238388136
777.0 0.0008137802069541067
778.0 0.0007283586000994546
779.0 0.0006429369932448026
780.0 0.0005885298833163688
781.0 0.0005341226369637297
782.0 0.0005614061592496
783.0 0.0005886896815354703
784.0 0.0005068246082373662
785.0 0.00042495962588873226
786.0 0.0004089105459570419
787.0 0.00039286151150008664
788.0 0.0004263857135811122
789.0 0.0004599099611368729
790.0 0.0004679157882492291
791.0 0.00047592166083632037
792.0 0.0004093407824257156
793.0 0.0003427599494898459
794.0 0.0003006972747243708
795.0 0.00025863462269626325
796.0 0.0002473386530255084
797.0 0.00023604270609212108
798.0 0.00031134829896473093
799.0 0.0003866538918373408
800.0 0.0004433169578987872
801.0 0.0004999800694349688
802.0 0.00039322317206824664
803.0 0.0002864662747015245
804.0 0.000261372588283848
805.0 0.00023627885639143642
806.0 0.0002462520342305652
807.0 0.00025622516659495886
808.0 0.0003132272013317561
809.0 0.00037022921333118575
810.0 0.0003321081294416217
811.0 0.0002939870000773226
812.0 0.00035168338854418835
813.0 0.00040937975427368656
814.0 0.0004261261892679613
815.0 0.00044287262426223606
816.0 0.0004562301910482347
817.0 0.00046958775783423334
818.0 0.0004420602635946125
819.0 0.00041453263293078635
820.0 0.0005327292910806136
821.0 0.000650925994705176
822.0 0.0005746512215409894
823.0 0.0004983764938515378
824.0 0.00039430333345080726
825.0 0.00029022999115113635
826.0 0.00041423108996241353
827.0 0.0005382321887736907
828.0 0.0004700201770901913
829.0 0.00040180811993195675
830.0 0.000460168575955322
831.0 0.0005185289410292171
832.0 0.0006289991233643377
833.0 0.0007394692602247233
834.0 0.0005012127985537518
835.0 0.00026295640509488294
836.0 0.0005711429821531055
837.0 0.0008793294000497553
838.0 0.0007183262823673431
839.0 0.0005573231192101957
840.0 0.0005163293735677144
841.0 0.0004753355369757628
842.0 0.0003910817213181872
843.0 0.0003068278601858765
844.0 0.00039747396840539295
845.0 0.0004881200766249094
846.0 0.0004675344371207757
847.0 0.0004469487521419069
848.0 0.00040309096220880747
849.0 0.00035923305858887034
850.0 0.0003775452569243498
851.0 0.00039585738704772666
852.0 0.0004273471404303564
853.0 0.000458836848338251
854.0 0.000539364009455312
855.0 0.000619891125097638
856.0 0.0005005698767490685
857.0 0.00038124865113786655
858.0 0.00048745228014013264
859.0 0.0005936558409302961
860.0 0.0005951528237346793
861.0 0.0005966498520137975
862.0 0.0006907102033437695
863.0 0.0007847705091990065
864.0 0.0007090552117006155
865.0 0.0006333398687274894
866.0 0.0005642893029289553
867.0 0.0004952387371304212
868.0 0.0004333710876380792
869.0 0.00037150343814573716
870.0 0.0004450541382539086
871.0 0.000518604792887345
872.0 0.00045372794374998193
873.0 0.00038885100366314873
874.0 0.0006256209871935425
875.0 0.0008623910616734065
876.0 0.0007268733497767244
877.0 0.0005913556378800422
878.0 0.0006468537776527228
879.0 0.0007023518719506683
880.0 0.0008063439963734709
881.0 0.0009103363481699489
882.0 0.0006546447366417851
883.0 0.0003989532615378266
884.0 0.0004335988705861382
885.0 0.0004682445251091849
886.0 0.0005386900284065632
887.0 0.0006091355771786766
888.0 0.0006402469807653688
889.0 0.0006713582934025908
890.0 0.0005643960776069434
891.0 0.0004574337708618259
892.0 0.0005774640158051625
893.0 0.0006974943516979693
894.0 0.000511777943756897
895.0 0.0003260615130784572
896.0 0.0003346334324305644
897.0 0.00034320530630793655
898.0 0.0003248614575568354
899.0 0.00030651763154310174
900.0 0.0003297605189800379
901.0 0.0003530034973664442
902.0 0.0004248015557095641
903.0 0.000496599614052684
904.0 0.000534109449290554
905.0 0.0005716191481042188
906.0 0.0006000344001222402
