lsstCam/transmission_filter_detector/r21_s22/g_6/19700101T000000.ecsv
# %ECSV 1.0
# ---
# datatype:
# - {name: wavelength, unit: nm, datatype: float32}
# - {name: efficiency, unit: '%', datatype: float64}
# meta: !!omap
# - {MODE: DETECTOR}
# - {TYPE: transmission_filter_detector}
# - {CALIBDATE: '1970-01-01T00:00:00'}
# - {INSTRUME: LSSTCam}
# - {OBSTYPE: transmission_filter_detector}
# - {CALIBCLS: lsst.ip.isr.IntermediateFilterDetectorTransmissionCurve}
# - {SOURCE: Materion (DM-46256)}
# - {DETECTOR: 89}
# - {FILTER: g_6}
# - {CALIB_ID: 'calibDate=1970-01-01T00:00:00 filter=g_6 detector=89'}
# - {DATE: '2025-04-02T15:59:42.440836'}
# - {CALIB_CREATION_DATE: '2025-04-02'}
# - {CALIB_CREATION_TIME: '15:59:42'}
# - __serialized_columns__:
#     efficiency:
#       __class__: astropy.units.quantity.Quantity
#       unit: !astropy.units.Unit {unit: '%'}
#       value: !astropy.table.SerializedColumn {name: efficiency}
#     wavelength:
#       __class__: astropy.units.quantity.Quantity
#       unit: !astropy.units.Unit {unit: nm}
#       value: !astropy.table.SerializedColumn {name: wavelength}
# schema: astropy-2.0
wavelength efficiency
[from data line 608]
908.0 0.00045589272303914186
909.0 0.0002833358394127572
910.0 0.0002794056626953534
911.0 0.00027547546324058203
912.0 0.0003744018613360822
913.0 0.00047332823669421487
914.0 0.0005075784883956658
915.0 0.0005418286491476465
916.0 0.0005149759999767412
917.0 0.000488123441755306
918.0 0.00043040695345553104
919.0 0.0003726905106304912
920.0 0.00041220509956474416
921.0 0.00045171964302426204
922.0 0.00046135328375385143
923.0 0.0004709869244834408
924.0 0.0004848209300689632
925.0 0.0004986547992302803
926.0 0.0005332784439815441
927.0 0.000567902134207543
928.0 0.0005964161573501769
929.0 0.0006249301804928109
930.0 0.0004928517228108831
931.0 0.00036077321965422016
932.0 0.00046602335714851506
933.0 0.0005712736310670152
934.0 0.0005559708824875997
935.0 0.0005406682248576544
936.0 0.0005276997853798093
937.0 0.0005147313913766993
938.0 0.0006542444225487998
939.0 0.0007937574991956353
940.0 0.0007057216407702072
941.0 0.0006176856004458386
942.0 0.0006880089586047688
943.0 0.0007583322258142289
944.0 0.0008301763955387287
945.0 0.0009020204743137583
946.0 0.0009566437256580684
947.0 0.0010112668860529084
948.0 0.0009728441000333987
949.0 0.0009344213140138891
950.0 0.0009484739166509826
951.0 0.0009625263373891357
952.0 0.0010013580322265625
953.0 0.0010401894542155787
954.0 0.0009396067980560474
955.0 0.0008390240509470459
956.0 0.00078383354775724
957.0 0.0007286431355169043
958.0 0.000797985376266297
959.0 0.0008673276170156896
960.0 0.0008015392268134747
961.0 0.0007357505637628492
962.0 0.0007757648745609913
963.0 0.0008157790944096632
964.0 0.0007273219125636388
965.0 0.0006388644578692038
966.0 0.000644448982711765
967.0 0.0006500335075543262
968.0 0.0006373987616825616
969.0 0.0006247639248613268
970.0 0.0006103504802013049
971.0 0.0005959371264907531
972.0 0.0007280732916115085
973.0 0.000860209547681734
974.0 0.000934038598643383
975.0 0.0010078677405545022
976.0 0.0008456763680442236
977.0 0.0006834851319581503
978.0 0.0008403412721236236
979.0 0.0009971975487133022
980.0 0.001091970352717908
981.0 0.0011867430657730438
982.0 0.001159887597168563
983.0 0.0011330323104630224
984.0 0.0011959667972405441
985.0 0.0012589011930685956
986.0 0.0012585872354975436
987.0 0.0012582730960275512
988.0 0.0012282364878046792
989.0 0.0011981996067333966
990.0 0.001186296321975533
991.0 0.0011743928553187288
992.0 0.0012043284186802339
993.0 0.001234264072991209
994.0 0.001267144125449704
995.0 0.001300024177908199
996.0 0.001241947575181257
997.0 0.0011838707905553747
998.0 0.0012470397450670134
999.0 0.001310208608629182
1000.0 0.0012507508472481277
1001.0 0.0011912929949176032
1002.0 0.0012648267329495866
1003.0 0.0013383603800320998
1004.0 0.0013361159290070646
1005.0 0.0013338714779820293
1006.0 0.0015356758012785576
1007.0 0.001737480124575086
1008.0 0.0016414260244346224
1009.0 0.0015453719242941588
1010.0 0.0016581347153987736
1011.0 0.0017708976884023286
1012.0 0.001880148374766577
1013.0 0.001989398879231885
1014.0 0.0021647156245307997
1015.0 0.0023400323698297143
1016.0 0.0025632512915763073
1017.0 0.0027864703952218406
1018.0 0.002976245195895899
1019.0 0.003166020178468898
1020.0 0.0034576729376567528
1021.0 0.0037493260606424883
1022.0 0.0038973696064203978
1023.0 0.0040454127884004265
1024.0 0.004176712536718696
1025.0 0.004308012285036966
1026.0 0.004527049532043748
1027.0 0.004746086415252648
1028.0 0.005124014205648564
1029.0 0.005501941632246599
1030.0 0.005339554991223849
1031.0 0.005177167986403219
1032.0 0.005383586176321842
1033.0 0.0055900040024425834
1034.0 0.005582690573646687
1035.0 0.0055753771448507905
1036.0 0.0056668279285077006
1037.0 0.005758278712164611
1038.0 0.005959413829259574
1039.0 0.006160548946354538
1040.0 0.006322043918771669
1041.0 0.006483538163593039
1042.0 0.0066619759309105575
1043.0 0.006840413698228076
1044.0 0.007424900104524568
1045.0 0.00800938651082106
1046.0 0.009027290798258036
1047.0 0.010045195085695013
1048.0 0.011275848373770714
1049.0 0.012506500934250653
1050.0 0.014802502118982375
1051.0 0.017098501848522574
1052.0 0.020643060270231217
1053.0 0.024187621602322906
1054.0 0.02954868832603097
1055.0 0.03490975359454751
1056.0 0.0417330302298069
1057.0 0.048556303954683244
1058.0 0.0567518116440624
1059.0 0.06494731060229242
1060.0 0.07338959258049726
1061.0 0.0818318862002343
1062.0 0.09010893409140408
1063.0 0.09838595287874341
1064.0 0.1061011222191155
1065.0 0.11381625663489103
1066.0 0.12230249121785164
1067.0 0.13078872580081224
1068.0 0.13910442357882857
1069.0 0.14742014463990927
1070.0 0.1567286322824657
1071.0 0.16603710828348994
1072.0 0.1746969879604876
1073.0 0.18335687927901745
1074.0 0.19296514801681042
1075.0 0.20257341675460339
1076.0 0.21272366866469383
1077.0 0.22287399042397738
1078.0 0.2342861145734787
1079.0 0.2456982620060444
1080.0 0.26246276684105396
1081.0 0.27922724839299917
1082.0 0.3052430460229516
1083.0 0.33125882036983967
1084.0 0.3757318714633584
1085.0 0.42020496912300587
1086.0 0.4576388746500015
1087.0 0.4950728267431259
1088.0 0.561212096363306
1089.0 0.6273512728512287
1090.0 0.7108553778380156
1091.0 0.7943593896925449
1092.0 0.8335476741194725
1093.0 0.8727357722818851
1094.0 0.9284630417823792
1095.0 0.9841903112828732
1096.0 1.0605760850012302
1097.0 1.1369617655873299
1098.0 1.2575211003422737
1099.0 1.3780804350972176
1100.0 1.5917904675006866
1101.0 1.8055004999041557
