lsstCam/transmission_sensor/r32_s00/19700101T000000.ecsv
# %ECSV 1.0
# ---
# datatype:
# - {name: amp_name, datatype: string}
# - {name: wavelength, unit: nm, datatype: float32}
# - {name: efficiency, unit: '%', datatype: float64}
# meta: !!omap
# - {MODE: AMP}
# - {TYPE: transmission_sensor}
# - {CALIBDATE: '1970-01-01T00:00:00'}
# - {INSTRUME: LSSTCAM}
# - {OBSTYPE: transmission_sensor}
# - {DETECTOR: 135}
# - {PARQUETFILE: qe_raft_allvalues_nircorrected_20230725.parquet}
# - {CALIBCLS: lsst.ip.isr.IntermediateSensorTransmissionCurve}
# - {CALIB_ID: 'raftName=R32 detectorName=S00 detector=135 calibDate=1970-01-01T00:00:00 ccd=135 ccdnum=135 filter=None'}
# - {DATE: '2024-01-18T22:42:25.455926'}
# - {CALIB_CREATION_DATE: '2024-01-18'}
# - {CALIB_CREATION_TIME: '22:42:25'}
# - __serialized_columns__:
#     efficiency:
#       __class__: astropy.units.quantity.Quantity
#       unit: !astropy.units.Unit {unit: '%'}
#       value: !astropy.table.SerializedColumn {name: efficiency}
#     wavelength:
#       __class__: astropy.units.quantity.Quantity
#       unit: !astropy.units.Unit {unit: nm}
#       value: !astropy.table.SerializedColumn {name: wavelength}
# schema: astropy-2.0
amp_name wavelength efficiency
C00 319.992 42.22081090813301
C00 330.006 48.91430478513461
C00 349.994 70.18198094387463
C00 370.001 75.04379446231172
C00 400.009 82.84547484602689
C00 429.983 84.80648401677578
C00 449.989 86.18049514741409
C00 469.993 87.69938177590026
C00 500.016 90.12696619478515
C00 549.99 93.42427743261135
C00 569.998 94.59418230480628
C00 599.983 95.7657595793893
C00 630.013 96.38199815193808
C00 649.987 96.81130511893954
C00 670.017 96.7985969216001
C00 699.987 96.74439363190808
C00 720.012 96.58840816749263
C00 749.995 96.85702223916898
C00 770.007 96.85966512123024
C00 800.008 96.13346632951364
C00 830.013 94.40726050464367
C00 869.994 89.89549897600877
C00 900.005 81.8567130615999
C00 919.989 73.61030099537149
C00 959.989 52.2135523291785
C00 1000.013 26.255460257319314
C00 1030.002 9.628497282120613
C00 1049.996 4.098849609101687
C00 1080.005 0.5633408055161236
C00 1100.007 0.11481925776191314
C01 319.992 42.766985895941794
C01 330.006 49.56126013113116
C01 349.994 71.19668231851765
C01 370.001 76.16458038771313
C01 400.009 83.54594768815585
C01 429.983 85.2707608425333
C01 449.989 86.56345559870184
C01 469.993 88.03316930358353
C01 500.016 90.41707064699408
C01 549.99 93.6819672631121
C01 569.998 94.846876832274
C01 599.983 96.0170546454868
C01 630.013 96.63484821401437
C01 649.987 97.06687856184433
C01 670.017 97.05179472229356
C01 699.987 96.99587356345378
C01 720.012 96.84948217552875
C01 749.995 97.12005094128727
C01 770.007 97.1247824574072
C01 800.008 96.39442368544468
C01 830.013 94.64902939919705
C01 869.994 90.05289617969602
C01 900.005 81.94774684273833
C01 919.989 73.65216243759545
C01 959.989 52.234544736969646
C01 1000.013 26.24107854773413
C01 1030.002 9.616131375109232
C01 1049.996 4.074932371327635
C01 1080.005 0.5648706376643483
C01 1100.007 0.1151310658007406
C02 319.992 43.19189526439667
C02 330.006 50.05681575161336
C02 349.994 71.9616217610241
C02 370.001 76.99796194276675
C02 400.009 83.98896428908684
C02 429.983 85.52316558071904
C02 449.989 86.74538098409131
C02 469.993 88.16509104208643
C02 500.016 90.50571410176647
C02 549.99 93.73933205248012
C02 569.998 94.89137280760009
C02 599.983 96.05593260027489
C02 630.013 96.67363823912626
C02 649.987 97.10213912508057
C02 670.017 97.08670286184257
C02 699.987 97.03341328784346
C02 720.012 96.88099457579935
C02 749.995 97.15375337054485
C02 770.007 97.16150958476132
C02 800.008 96.42905417664514
C02 830.013 94.67107610061042
C02 869.994 90.02009076211846
C02 900.005 81.87763699022986
C02 919.989 73.60544990405239
C02 959.989 52.131222154220836
C02 1000.013 26.13436915287004
C02 1030.002 9.580791609389127
C02 1049.996 4.051285656748169
C02 1080.005 0.5650666610649407
C02 1100.007 0.11517101898918285
C03 319.992 43.56361909174058
C03 330.006 50.495341421581735
C03 349.994 72.63015548097992
C03 370.001 77.7105121703344
C03 400.009 84.40106057946275
C03 429.983 85.76735662030066
C03 449.989 86.93538887480032
C03 469.993 88.31508319825556
C03 500.016 90.62397466358328
C03 549.99 93.82775367087471
C03 569.998 94.97706847416754
C03 599.983 96.13503843883674
C03 630.013 96.74754718715279
C03 649.987 97.1775794321885
C03 670.017 97.15995981060664
C03 699.987 97.10534837046573
C03 720.012 96.9578065350153
C03 749.995 97.22750717083636
C03 770.007 97.2336233189194
C03 800.008 96.50545166244692
C03 830.013 94.73467597325099
C03 869.994 90.04491373657241
C03 900.005 81.89498080838102
C03 919.989 73.64566409096862
C03 959.989 52.07849429526912
C03 1000.013 26.086430120919427
C03 1030.002 9.585190743943091
C03 1049.996 4.049978515226356
C03 1080.005 0.5654956256942624
C03 1100.007 0.1152584499010972
C04 319.992 43.79573980426662
C04 330.006 50.78032491708981
C04 349.994 73.21914422719624
C04 370.001 78.50576803599526
C04 400.009 84.8514376925677
C04 429.983 86.01513780400654
C04 449.989 87.10169370674019
C04 469.993 88.43438640254983
C04 500.016 90.69083064423671
C04 549.99 93.87159769753129
C04 569.998 95.02431263950335
C04 599.983 96.18723055036376
C04 630.013 96.8111384058459
C04 649.987 97.24847895717139
C04 670.017 97.24096212337228
C04 699.987 97.1975599907331
C04 720.012 97.05536886435785
C04 749.995 97.3338870441629
C04 770.007 97.34839069233762
C04 800.008 96.62499790808492
C04 830.013 94.8607388864891
C04 869.994 90.15871632433675
C04 900.005 81.99598941137187
C04 919.989 73.67817849275376
C04 959.989 52.08690157406508
C04 1000.013 26.184067317143068
C04 1030.002 9.590771113293048
C04 1049.996 4.054367961514942
C04 1080.005 0.5661143634183706
C04 1100.007 0.11538456007372405
C05 319.992 44.19616742553064
C05 330.006 51.24016927656981
C05 349.994 73.85455226304906
C05 370.001 79.12788270079297
C05 400.009 85.18084371019425
C05 429.983 86.2125115270339
C05 449.989 87.25653426405702
C05 469.993 88.55991044424496
C05 500.016 90.79517955738461
C05 549.99 93.94978801347432
C05 569.998 95.09187488378751
C05 599.983 96.24608745414017
C05 630.013 96.86046256210494
C05 649.987 97.29302186754077
C05 670.017 97.27911035543191
C05 699.987 97.23075309131744
C05 720.012 97.08123332645081
C05 749.995 97.36229348881834
C05 770.007 97.3734764570192
C05 800.008 96.64458600047784
C05 830.013 94.87560394547906
C05 869.994 90.16325873320532
C05 900.005 82.02074862034199
C05 919.989 73.7032651332201
C05 959.989 52.077746408505064
C05 1000.013 26.14235661271533
C05 1030.002 9.658004218504951
C05 1049.996 4.066447900926656
C05 1080.005 0.5662795810497995
C05 1100.007 0.11541823447760903
C06 319.992 44.463347115933516
C06 330.006 51.55851376280779
C06 349.994 74.35302378136609
C06 370.001 79.67028346651774
C06 400.009 85.50974157530669
C06 429.983 86.4276905277436
C06 449.989 87.43553798481013
C06 469.993 88.71108678948669
C06 500.016 90.92642021862355
C06 549.99 94.06119724499969
C06 569.998 95.20379414997029
C06 599.983 96.35892608958463
C06 630.013 96.97296831933824
C06 649.987 97.40586957025018
C06 670.017 97.39446536331619
C06 699.987 97.34675554081718
C06 720.012 97.2035227933492
C06 749.995 97.4800998974058
C06 770.007 97.49416250304198
C06 800.008 96.76286824496346
C06 830.013 94.98492014669051
C06 869.994 90.2295263021728
C06 900.005 82.05200306214626
C06 919.989 73.63092191158614
C06 959.989 52.003079309750554
C06 1000.013 26.161560771253342
C06 1030.002 9.646587931623682
C06 1049.996 4.073024104032333
C06 1080.005 0.5669647663771523
C06 1100.007 0.11555788789867434
C07 319.992 44.674378007609626
C07 330.006 51.813729687246635
C07 349.994 74.73615508776082
C07 370.001 80.03886723246362
C07 400.009 85.67094141148486
C07 429.983 86.49333122255275
C07 449.989 87.46801370589951
C07 469.993 88.72791150176486
C07 500.016 90.92369485967015
C07 549.99 94.0490895602872
C07 569.998 95.18898789031113
C07 599.983 96.34095274937506
C07 630.013 96.94914093391883
C07 649.987 97.38179879153635
C07 670.017 97.36785803219917
C07 699.987 97.31562015043856
C07 720.012 97.16626961208159
C07 749.995 97.44507152207699
C07 770.007 97.45167348911255
C07 800.008 96.71789806731752
C07 830.013 94.92404867095317
C07 869.994 90.14748148519018
C07 900.005 81.93873084097095
C07 919.989 73.46024963802793
C07 959.989 51.911137131997684
C07 1000.013 26.13221216404874
C07 1030.002 9.675230945304284
C07 1049.996 4.08175818601899
C07 1080.005 0.5667610314239979
C07 1100.007 0.11551636295343287
C10 319.992 40.567415222503875
C10 330.006 46.96540928680959
C10 349.994 67.26837545633828
C10 370.001 72.1061725080302
C10 400.009 81.71558233235943
C10 429.983 84.54203047933295
C10 449.989 86.23256365891277
C10 469.993 87.95985723463467
C10 500.016 90.60448911694189
C10 549.99 94.0915282306825
C10 569.998 95.30018923045203
C10 599.983 96.519436502924
C10 630.013 97.16996352756243
C10 649.987 97.61370302149348
C10 670.017 97.60832689802946
C10 699.987 97.56187488528212
C10 720.012 97.41189302759612
C10 749.995 97.68043474940319
C10 770.007 97.69668301703693
C10 800.008 96.97199370270692
C10 830.013 95.24327110862983
C10 869.994 90.75161404645193
C10 900.005 82.73120337367581
C10 919.989 74.3055258536205
C10 959.989 52.303070322247876
C10 1000.013 26.33036075748123
C10 1030.002 9.711328863030705
C10 1049.996 4.160812034013151
C10 1080.005 0.5681299517976521
C10 1100.007 0.11579537420150698
C11 319.992 41.220386559127
C11 330.006 47.738281685143164
C11 349.994 68.47567161662101
C11 370.001 73.4208899425117
C11 400.009 82.46349044175179
C11 429.983 84.97575663302244
C11 449.989 86.55244376033481
C11 469.993 88.2063300420626
C11 500.016 90.77868112733623
C11 549.99 94.21247380826651
C11 569.998 95.41786734423947
C11 599.983 96.6285339066081
C11 630.013 97.26792399145829
C11 649.987 97.71415624238199
C11 670.017 97.71337532592754
C11 699.987 97.66647130068276
C11 720.012 97.51829089858097
C11 749.995 97.79349115118252
C11 770.007 97.80741315020171
C11 800.008 97.08378322077613
C11 830.013 95.34474708885503
C11 869.994 90.82437077094596
C11 900.005 82.71127692723108
C11 919.989 74.34248331100629
C11 959.989 52.46341650762767
C11 1000.013 26.36577890643112
C11 1030.002 9.680687786832438
C11 1049.996 4.125545103487616
C11 1080.005 0.5687875142916876
C11 1100.007 0.11592939757911062
C12 319.992 41.9649977432116
C12 330.006 48.61164891974956
C12 349.994 69.73043167465842
C12 370.001 74.6718468882796
C12 400.009 83.12569785971274
C12 429.983 85.36389790769286
C12 449.989 86.84253208455917
C12 469.993 88.4349708075467
C12 500.016 90.9522572374021
C12 549.99 94.3345004291284
C12 569.998 95.51909491614282
C12 599.983 96.72029822211584
C12 630.013 97.35335633606617
C12 649.987 97.79100202967147
C12 670.017 97.77772973479337
C12 699.987 97.72803305769871
C12 720.012 97.57865420496724
C12 749.995 97.84992185603755
C12 770.007 97.86255479669241
C12 800.008 97.12959344887739
C12 830.013 95.38502230406145
C12 869.994 90.81190846503112
C12 900.005 82.6740453247354
C12 919.989 74.24900535040115
C12 959.989 52.48601152991323
C12 1000.013 26.407339745630583
C12 1030.002 9.665084678840929
C12 1049.996 4.102763731200523
C12 1080.005 0.5691157238400063
C12 1100.007 0.11599629274516168
C13 319.992 42.45100261139595
C13 330.006 49.179261861923855
C13 349.994 70.52388504987208
C13 370.001 75.45087598671634
C13 400.009 83.56350204773392
C13 429.983 85.62923175766082
C13 449.989 87.0487279911406
C13 469.993 88.60612457623391
C13 500.016 91.08993405707335
C13 549.99 94.44404872186824
C13 569.998 95.62249942507634
C13 599.983 96.80758848727099
C13 630.013 97.4343679007649
C13 649.987 97.868141268867
C13 670.017 97.85283045048608
C13 699.987 97.79042714693269
C13 720.012 97.63663454565662
C13 749.995 97.90646175645138
C13 770.007 97.91448232958328
C13 800.008 97.18003573089119
C13 830.013 95.42384707838542
C13 869.994 90.80553658339963
C13 900.005 82.61588979360977
C13 919.989 74.18394632196284
C13 959.989 52.4565750016136
C13 1000.013 26.399782256261666
C13 1030.002 9.65108125614177
C13 1049.996 4.088254725852642
C13 1080.005 0.5694445682309762
C13 1100.007 0.11606331730386682
C14 319.992 42.73972120417032
C14 330.006 49.53152278861848
C14 349.994 71.18343514001161
C14 370.001 76.27075674994755
C14 400.009 84.0016296055368
C14 429.983 85.83673290217303
C14 449.989 87.17158360567966
C14 469.993 88.66944793346003
C14 500.016 91.09509992107824
C14 549.99 94.41615008356071
C14 569.998 95.59466242177554
C14 599.983 96.77578416036796
C14 630.013 97.40616610725358
C14 649.987 97.84686600567913
C14 670.017 97.84092696776253
C14 699.987 97.7890245130097
C14 720.012 97.64362870471496
C14 749.995 97.91951842541161
C14 770.007 97.93020012901657
C14 800.008 97.19794372237345
C14 830.013 95.43519971837354
C14 869.994 90.78742949400267
C14 900.005 82.54476699407599
C14 919.989 74.11159554411186
C14 959.989 52.43067159354418
C14 1000.013 26.364908260819217
C14 1030.002 9.658692886111503
C14 1049.996 4.0899492300346765
C14 1080.005 0.5695205138525822
C14 1100.007 0.11607879642381994
C15 319.992 43.26391841448426
C15 330.006 50.13936993956977
C15 349.994 72.07655960537494
C15 370.001 77.19622160220612
C15 400.009 84.57534919251931
C15 429.983 86.24312343823411
C15 449.989 87.51962211273103
C15 469.993 88.97858279772291
C15 500.016 91.38010779806922
C15 549.99 94.67163149707946
C15 569.998 95.83975310890735
C15 599.983 97.02636183563305
C15 630.013 97.65002003678748
C15 649.987 98.08768962909615
C15 670.017 98.07388190477056
C15 699.987 98.02556099852963
C15 720.012 97.87366226347888
C15 749.995 98.14627860264036
C15 770.007 98.16206314838752
C15 800.008 97.42924808232533
C15 830.013 95.65570593361217
C15 869.994 91.0065831308275
C15 900.005 82.74420157176412
C15 919.989 74.26187358796565
C15 959.989 52.59583667492097
C15 1000.013 26.463025382595323
C15 1030.002 9.701044399816707
C15 1049.996 4.106709386677869
C15 1080.005 0.5708393990650885
C15 1100.007 0.1163476095821964
C16 319.992 43.44498332099403
C16 330.006 50.354929776375755
C16 349.994 72.45458393874749
C16 370.001 77.65527889715317
C16 400.009 84.8240051560867
C16 429.983 86.36804361299689
C16 449.989 87.60088426536011
C16 469.993 89.02949523830507
C16 500.016 91.4016335145486
C16 549.99 94.67909841743467
C16 569.998 95.8415054660203
C16 599.983 97.02541302840311
C16 630.013 97.65308057672458
C16 649.987 98.08908738685912
C16 670.017 98.0781248830583
C16 699.987 98.03296721391425
C16 720.012 97.88616509648583
C16 749.995 98.16183117008761
C16 770.007 98.17963886226755
C16 800.008 97.44913451039398
C16 830.013 95.67563577535924
C16 869.994 91.01874052461518
C16 900.005 82.70376874737163
C16 919.989 74.21326444395362
C16 959.989 52.527447403979046
C16 1000.013 26.569292318214018
C16 1030.002 9.677525474594278
C16 1049.996 4.10969310814551
C16 1080.005 0.5709298590806668
C16 1100.007 0.11636604700363676
C17 319.992 43.836647048322035
C17 330.006 50.827492801027
C17 349.994 73.13450001827246
C17 370.001 78.3185261768564
C17 400.009 85.2469728305522
C17 429.983 86.69272583694216
C17 449.989 87.89660120334588
C17 469.993 89.31372368434627
C17 500.016 91.6748007077251
C17 549.99 94.94394629878266
C17 569.998 96.11318257560578
C17 599.983 97.29421088803517
C17 630.013 97.91776318083043
C17 649.987 98.35300876424888
C17 670.017 98.34559451981048
C17 699.987 98.28756839127762
C17 720.012 98.13707281580218
C17 749.995 98.41324614455849
C17 770.007 98.42166945563599
C17 800.008 97.67937899360315
C17 830.013 95.8851107996702
C17 869.994 91.15681099039688
C17 900.005 82.76816434147005
C17 919.989 74.21561442744309
C17 959.989 52.54422880402971
C17 1000.013 26.475672937396137
C17 1030.002 9.724510053665986
C17 1049.996 4.110562765531785
C17 1080.005 0.5723921361411597
C17 1100.007 0.1166640860682386
