lsstCam/transmission_sensor/r32_s00/19700101T000000.ecsv
# %ECSV 1.0
# ---
# datatype:
# - {name: amp_name, datatype: string}
# - {name: wavelength, unit: nm, datatype: float32}
# - {name: efficiency, unit: '%', datatype: float64}
# meta: !!omap
# - {MODE: AMP}
# - {TYPE: transmission_sensor}
# - {CALIBDATE: '1970-01-01T00:00:00'}
# - {INSTRUME: LSSTCAM}
# - {OBSTYPE: transmission_sensor}
# - {DETECTOR: 135}
# - {PARQUETFILE: qe_raft_allvalues_nircorrected_20230725.parquet}
# - {CALIBCLS: lsst.ip.isr.IntermediateSensorTransmissionCurve}
# - {CALIB_ID: 'raftName=R32 detectorName=S00 detector=135 calibDate=1970-01-01T00:00:00 ccd=135 ccdnum=135 filter=None'}
# - {DATE: '2023-08-02T16:57:55.970385'}
# - {CALIB_CREATION_DATE: '2023-08-02'}
# - {CALIB_CREATION_TIME: '16:57:55'}
# - __serialized_columns__:
#     efficiency:
#       __class__: astropy.units.quantity.Quantity
#       unit: !astropy.units.Unit {unit: '%'}
#       value: !astropy.table.SerializedColumn {name: efficiency}
#     wavelength:
#       __class__: astropy.units.quantity.Quantity
#       unit: !astropy.units.Unit {unit: nm}
#       value: !astropy.table.SerializedColumn {name: wavelength}
# schema: astropy-2.0
amp_name wavelength efficiency
C00 319.992 47.34077835083008
C00 330.006 49.38198471069336
C00 349.994 69.19840240478516
C00 370.001 75.40104675292969
C00 400.009 82.09349060058594
C00 429.983 84.52400970458984
C00 449.989 85.74201202392578
C00 469.993 87.013427734375
C00 500.016 89.31499481201172
C00 549.99 92.3070297241211
C00 569.998 93.4884033203125
C00 599.983 94.7168960571289
C00 630.013 95.14437866210938
C00 649.987 95.6451187133789
C00 670.017 95.73065185546875
C00 699.987 95.77296447753906
C00 720.012 95.24627685546875
C00 749.995 94.74237060546875
C00 770.007 94.26612854003906
C00 800.008 93.42069244384766
C00 830.013 91.86861419677734
C00 869.994 87.7238998413086
C00 900.005 80.76606750488281
C00 919.989 74.32317352294922
C00 959.989 54.063419342041016
C00 1000.013 28.069076538085938
C00 1030.002 11.8936128616333
C00 1049.996 5.888235569000244
C00 1080.005 0.656801827257159
C00 1100.007 0.08934551545519683
C01 319.992 47.95318603515625
C01 330.006 50.035125732421875
C01 349.994 70.19888305664062
C01 370.001 76.52716827392578
C01 400.009 82.78760528564453
C01 429.983 84.98674011230469
C01 449.989 86.1230239868164
C01 469.993 87.3446044921875
C01 500.016 89.60248565673828
C01 549.99 92.56163787841797
C01 569.998 93.73814392089844
C01 599.983 94.96543884277344
C01 630.013 95.39398193359375
C01 649.987 95.89761352539062
C01 670.017 95.9810562133789
C01 699.987 96.02191925048828
C01 720.012 95.50372314453125
C01 749.995 94.9996566772461
C01 770.007 94.5241470336914
C01 800.008 93.67428588867188
C01 830.013 92.1038818359375
C01 869.994 87.87749481201172
C01 900.005 80.85588836669922
C01 919.989 74.36544036865234
C01 959.989 54.08515548706055
C01 1000.013 28.053701400756836
C01 1030.002 11.878337860107422
C01 1049.996 5.853877067565918
C01 1080.005 0.6585854661139787
C01 1100.007 0.08958814592063566
C02 319.992 48.429622650146484
C02 330.006 50.53541946411133
C02 349.994 70.9531021118164
C02 370.001 77.36451721191406
C02 400.009 83.22660064697266
C02 429.983 85.2383041381836
C02 449.989 86.30402374267578
C02 469.993 87.47549438476562
C02 500.016 89.6903305053711
C02 549.99 92.61831665039062
C02 569.998 93.78211975097656
C02 599.983 95.00389099121094
C02 630.013 95.4322738647461
C02 649.987 95.93244934082031
C02 670.017 96.01557922363281
C02 699.987 96.05908203125
C02 720.012 95.53479766845703
C02 749.995 95.03262329101562
C02 770.007 94.55989074707031
C02 800.008 93.70793914794922
C02 830.013 92.12533569335938
C02 869.994 87.8454818725586
C02 900.005 80.78671264648438
C02 919.989 74.31827545166016
C02 959.989 53.978172302246094
C02 1000.013 27.939620971679688
C02 1030.002 11.834684371948242
C02 1049.996 5.819907188415527
C02 1080.005 0.6588140107648075
C02 1100.007 0.08961923511494879
C03 319.992 48.8464241027832
C03 330.006 50.9781379699707
C03 349.994 71.61226654052734
C03 370.001 78.08045959472656
C03 400.009 83.63495635986328
C03 429.983 85.48168182373047
C03 449.989 86.4930648803711
C03 469.993 87.62431335449219
C03 500.016 89.80752563476562
C03 549.99 92.70568084716797
C03 569.998 93.86681365966797
C03 599.983 95.0821304321289
C03 630.013 95.50523376464844
C03 649.987 96.0069808959961
C03 670.017 96.08802795410156
C03 699.987 96.13029479980469
C03 720.012 95.61054229736328
C03 749.995 95.10476684570312
C03 770.007 94.63007354736328
C03 800.008 93.78218078613281
C03 830.013 92.18722534179688
C03 869.994 87.86970520019531
C03 900.005 80.80382537841797
C03 919.989 74.35887908935547
C03 959.989 53.92357635498047
C03 1000.013 27.888370513916016
C03 1030.002 11.840118408203125
C03 1049.996 5.818029403686523
C03 1080.005 0.6593141427446115
C03 1100.007 0.08968726864907861
C04 319.992 49.106693267822266
C04 330.006 51.265846252441406
C04 349.994 72.19300079345703
C04 370.001 78.87950134277344
C04 400.009 84.08124542236328
C04 429.983 85.7286376953125
C04 449.989 86.65852355957031
C04 469.993 87.74268341064453
C04 500.016 89.873779296875
C04 549.99 92.7490005493164
C04 569.998 93.91350555419922
C04 599.983 95.13375091552734
C04 630.013 95.56800842285156
C04 649.987 96.0770263671875
C04 670.017 96.16813659667969
C04 699.987 96.2215805053711
C04 720.012 95.70674896240234
C04 749.995 95.20882415771484
C04 770.007 94.74176788330078
C04 800.008 93.89835357666016
C04 830.013 92.30989837646484
C04 869.994 87.98075866699219
C04 900.005 80.90348815917969
C04 919.989 74.39170837402344
C04 959.989 53.932281494140625
C04 1000.013 27.992752075195312
C04 1030.002 11.84701156616211
C04 1049.996 5.824335098266602
C04 1080.005 0.6600355321128375
C04 1100.007 0.089785400082752
C05 319.992 49.55567932128906
C05 330.006 51.73008728027344
C05 349.994 72.81950378417969
C05 370.001 79.50457763671875
C05 400.009 84.40766143798828
C05 429.983 85.92535400390625
C05 449.989 86.81257629394531
C05 469.993 87.86722564697266
C05 500.016 89.97718811035156
C05 549.99 92.82625579833984
C05 569.998 93.98027801513672
C05 599.983 95.19196319580078
C05 630.013 95.61669921875
C05 649.987 96.12103271484375
C05 670.017 96.20586395263672
C05 699.987 96.25444030761719
C05 720.012 95.73225402832031
C05 749.995 95.23661041259766
C05 770.007 94.76618194580078
C05 800.008 93.91738891601562
C05 830.013 92.3243637084961
C05 869.994 87.98519134521484
C05 900.005 80.92791748046875
C05 919.989 74.41703796386719
C05 959.989 53.92280197143555
C05 1000.013 27.94816017150879
C05 1030.002 11.930061340332031
C05 1049.996 5.841688632965088
C05 1080.005 0.6602281601652615
C05 1100.007 0.08981160350046602
C06 319.992 49.85525894165039
C06 330.006 52.051475524902344
C06 349.994 73.31098937988281
C06 370.001 80.049560546875
C06 400.009 84.73357391357422
C06 429.983 86.13981628417969
C06 449.989 86.99066925048828
C06 469.993 88.01721954345703
C06 500.016 90.10724639892578
C06 549.99 92.93633270263672
C06 569.998 94.09088897705078
C06 599.983 95.3035659790039
C06 630.013 95.7277603149414
C06 649.987 96.2325210571289
C06 670.017 96.3199462890625
C06 699.987 96.36927795410156
C06 720.012 95.85284423828125
C06 749.995 95.35184478759766
C06 770.007 94.88363647460938
C06 800.008 94.03233337402344
C06 830.013 92.43074035644531
C06 869.994 88.04985809326172
C06 900.005 80.95875549316406
C06 919.989 74.343994140625
C06 959.989 53.845489501953125
C06 1000.013 27.968690872192383
C06 1030.002 11.915959358215332
C06 1049.996 5.851135730743408
C06 1080.005 0.6610270211222676
C06 1100.007 0.08992027348434656
C07 319.992 50.091880798339844
C07 330.006 52.30913162231445
C07 349.994 73.68875122070312
C07 370.001 80.4198989868164
C07 400.009 84.893310546875
C07 429.983 86.20523834228516
C07 449.989 87.02297973632812
C07 469.993 88.0339126586914
C07 500.016 90.10454559326172
C07 549.99 92.92436981201172
C07 569.998 94.07625579833984
C07 599.983 95.2857894897461
C07 630.013 95.70423889160156
C07 649.987 96.208740234375
C07 670.017 96.29363250732422
C07 699.987 96.33845520019531
C07 720.012 95.81610870361328
C07 749.995 95.31758117675781
C07 770.007 94.84228515625
C07 800.008 93.98863220214844
C07 830.013 92.37150573730469
C07 869.994 87.96979522705078
C07 900.005 80.84699249267578
C07 919.989 74.17166900634766
C07 959.989 53.75028991699219
C07 1000.013 27.937314987182617
C07 1030.002 11.951340675354004
C07 1049.996 5.863682746887207
C07 1080.005 0.6607894855342227
C07 1100.007 0.08988796124240069
C10 319.992 45.486881256103516
C10 330.006 47.41445541381836
C10 349.994 66.32563018798828
C10 370.001 72.4494400024414
C10 400.009 80.9738540649414
C10 429.983 84.26043701171875
C10 449.989 85.79381561279297
C10 469.993 87.27186584472656
C10 500.016 89.78821563720703
C10 549.99 92.96630096435547
C10 569.998 94.1861572265625
C10 599.983 95.46231842041016
C10 630.013 95.92222595214844
C10 649.987 96.43785095214844
C10 670.017 96.53144836425781
C10 699.987 96.58223724365234
C10 720.012 96.05831909179688
C10 749.995 95.54780578613281
C10 770.007 95.08073425292969
C10 800.008 94.23555755615234
C10 830.013 92.68214416503906
C10 869.994 88.55933380126953
C10 900.005 81.62890625
C10 919.989 75.02513122558594
C10 959.989 54.15610885620117
C10 1000.013 28.149150848388672
C10 1030.002 11.995930671691895
C10 1049.996 5.977248191833496
C10 1080.005 0.6623855165583944
C10 1100.007 0.09010507119645274
C11 319.992 46.21903610229492
C11 330.006 48.19471740722656
C11 349.994 67.51600646972656
C11 370.001 73.77041625976562
C11 400.009 81.71497344970703
C11 429.983 84.69271850585938
C11 449.989 86.11206817626953
C11 469.993 87.51641082763672
C11 500.016 89.9608383178711
C11 549.99 93.08580017089844
C11 569.998 94.30245971679688
C11 599.983 95.57022094726562
C11 630.013 96.01892852783203
C11 649.987 96.53709411621094
C11 670.017 96.63533782958984
C11 699.987 96.68578338623047
C11 720.012 96.16323852539062
C11 749.995 95.65839385986328
C11 770.007 95.1884994506836
C11 800.008 94.34419250488281
C11 830.013 92.78089141845703
C11 869.994 88.63033294677734
C11 900.005 81.60924530029297
C11 919.989 75.06244659423828
C11 959.989 54.32213592529297
C11 1000.013 28.187015533447266
C11 1030.002 11.958081245422363
C11 1049.996 5.9265851974487305
C11 1080.005 0.6631521719176181
C11 1100.007 0.09020936021545924
C12 319.992 47.0539436340332
C12 330.006 49.07643508911133
C12 349.994 68.75318145751953
C12 370.001 75.02732849121094
C12 400.009 82.37117004394531
C12 429.983 85.0795669555664
C12 449.989 86.40068054199219
C12 469.993 87.7432632446289
C12 500.016 90.13285064697266
C12 549.99 93.20636749267578
C12 569.998 94.40250396728516
C12 599.983 95.66098022460938
C12 630.013 96.10326385498047
C12 649.987 96.6130142211914
C12 670.017 96.69898223876953
C12 699.987 96.7467269897461
C12 720.012 96.22276306152344
C12 749.995 95.71359252929688
C12 770.007 95.2421646118164
C12 800.008 94.38871002197266
C12 830.013 92.82008361816406
C12 869.994 88.61817169189453
C12 900.005 81.572509765625
C12 919.989 74.96806335449219
C12 959.989 54.34553146362305
C12 1000.013 28.231447219848633
C12 1030.002 11.938807487487793
C12 1049.996 5.893858432769775
C12 1080.005 0.6635348330508932
C12 1100.007 0.09026141405389011
C13 319.992 47.59888458251953
C13 330.006 49.64947509765625
C13 349.994 69.53551483154297
C13 370.001 75.81006622314453
C13 400.009 82.80500030517578
C13 429.983 85.3440170288086
C13 449.989 86.60582733154297
C13 469.993 87.91307830810547
C13 500.016 90.269287109375
C13 549.99 93.31460571289062
C13 569.998 94.50469970703125
C13 599.983 95.747314453125
C13 630.013 96.18323516845703
C13 649.987 96.68922424316406
C13 670.017 96.77325439453125
C13 699.987 96.8084945678711
C13 720.012 96.27993774414062
C13 749.995 95.7688980102539
C13 770.007 95.2927017211914
C13 800.008 94.43772888183594
C13 830.013 92.85786437988281
C13 869.994 88.61195373535156
C13 900.005 81.51512908935547
C13 919.989 74.90237426757812
C13 959.989 54.3150520324707
C13 1000.013 28.22336769104004
C13 1030.002 11.921509742736816
C13 1049.996 5.873015403747559
C13 1080.005 0.6639182343503507
C13 1100.007 0.09031356857798646
C14 319.992 47.92261505126953
C14 330.006 50.005104064941406
C14 349.994 70.18582153320312
C14 370.001 76.63385009765625
C14 400.009 83.23915100097656
C14 429.983 85.55082702636719
C14 449.989 86.72805786132812
C14 469.993 87.97590637207031
C14 500.016 90.27440643310547
C14 549.99 93.28704071044922
C14 569.998 94.47718811035156
C14 599.983 95.71585845947266
C14 630.013 96.1553955078125
C14 649.987 96.66820526123047
C14 670.017 96.76148223876953
C14 699.987 96.8071060180664
C14 720.012 96.28683471679688
C14 749.995 95.78166961669922
C14 770.007 95.30799865722656
C14 800.008 94.45513153076172
C14 830.013 92.86891174316406
C14 869.994 88.59428405761719
C14 900.005 81.44495391845703
C14 919.989 74.8293228149414
C14 959.989 54.288230895996094
C14 1000.013 28.186084747314453
C14 1030.002 11.930912017822266
C14 1049.996 5.8754496574401855
C14 1080.005 0.6640067797256449
C14 1100.007 0.09032561350823563
C15 319.992 48.510379791259766
C15 330.006 50.6187629699707
C15 349.994 71.0664291381836
C15 370.001 77.563720703125
C15 400.009 83.80766296386719
C15 429.983 85.95586395263672
C15 449.989 87.07432556152344
C15 469.993 88.28262329101562
C15 500.016 90.55684661865234
C15 549.99 93.53946685791016
C15 569.998 94.71941375732422
C15 599.983 95.96369171142578
C15 630.013 96.3961181640625
C15 649.987 96.9061279296875
C15 670.017 96.99186706542969
C15 699.987 97.04126739501953
C15 720.012 96.513671875
C15 749.995 96.00347900390625
C15 770.007 95.53365325927734
C15 800.008 94.6799087524414
C15 830.013 93.08348846435547
C15 869.994 88.80814361572266
C15 900.005 81.64173126220703
C15 919.989 74.9810562133789
C15 959.989 54.45924758911133
C15 1000.013 28.290979385375977
C15 1030.002 11.983226776123047
C15 1049.996 5.899526596069336
C15 1080.005 0.6655444745083315
C15 1100.007 0.09053478791559931
C16 319.992 48.713401794433594
C16 330.006 50.83638381958008
C16 349.994 71.43915557861328
C16 370.001 78.02496337890625
C16 400.009 84.05406188964844
C16 429.983 86.08036804199219
C16 449.989 87.1551742553711
C16 469.993 88.33313751220703
C16 500.016 90.57817840576172
C16 549.99 93.54684448242188
C16 569.998 94.72114562988281
C16 599.983 95.96275329589844
C16 630.013 96.39913940429688
C16 649.987 96.90750885009766
C16 670.017 96.99606323242188
C16 699.987 97.04859924316406
C16 720.012 96.5260009765625
C16 749.995 96.01869201660156
C16 770.007 95.5507583618164
C16 800.008 94.69923400878906
C16 830.013 93.1028823852539
C16 869.994 88.82000732421875
C16 900.005 81.60183715820312
C16 919.989 74.93197631835938
C16 959.989 54.38843536376953
C16 1000.013 28.404586791992188
C16 1030.002 11.954174995422363
C16 1049.996 5.903812885284424
C16 1080.005 0.6656499422872387
C16 1100.007 0.0905491348200678
C17 319.992 49.15256118774414
C17 330.006 51.3134651184082
C17 349.994 72.10954284667969
C17 370.001 78.69136810302734
C17 400.009 84.47319030761719
C17 429.983 86.40396881103516
C17 449.989 87.44938659667969
C17 469.993 88.61514282226562
C17 500.016 90.84888458251953
C17 549.99 93.80852508544922
C17 569.998 94.9896469116211
C17 599.983 96.22860717773438
C17 630.013 96.6604232788086
C17 649.987 97.16825103759766
C17 670.017 97.26058197021484
C17 699.987 97.30064392089844
C17 720.012 96.77342224121094
C17 749.995 96.26461791992188
C17 770.007 95.78630828857422
C17 800.008 94.92298126220703
C17 830.013 93.30672454833984
C17 869.994 88.95474243164062
C17 900.005 81.66537475585938
C17 919.989 74.9343490600586
C17 959.989 54.40581130981445
C17 1000.013 28.304500579833984
C17 1030.002 12.012212753295898
C17 1049.996 5.905062198638916
C17 1080.005 0.6673548183336455
C17 1100.007 0.09078105108892098
