lsstCam/transmission_sensor/r32_s00/19700101T000000.ecsv
# %ECSV 1.0
# ---
# datatype:
# - {name: amp_name, datatype: string}
# - {name: wavelength, unit: nm, datatype: float32}
# - {name: efficiency, unit: '%', datatype: float64}
# meta: !!omap
# - {MODE: AMP}
# - {TYPE: transmission_sensor}
# - {CALIBDATE: '1970-01-01T00:00:00'}
# - {INSTRUME: LSSTCam}
# - {OBSTYPE: transmission_sensor}
# - {DETECTOR: 135}
# - {PARQUETFILE: qe_raft_allvalues_nircorrected_20230725_adjust.parquet}
# - {CORRFILE: qe_corr_factor_bydetnum.parquet}
# - {CALIBCLS: lsst.ip.isr.IntermediateSensorTransmissionCurve}
# - {CALIB_ID: 'raftName=R32 detectorName=S00 detector=135 calibDate=1970-01-01T00:00:00 ccd=135 ccdnum=135 filter=None'}
# - {DATE: '2025-03-03T21:56:48.143567'}
# - {CALIB_CREATION_DATE: '2025-03-03'}
# - {CALIB_CREATION_TIME: '21:56:48'}
# - __serialized_columns__:
#     efficiency:
#       __class__: astropy.units.quantity.Quantity
#       unit: !astropy.units.Unit {unit: '%'}
#       value: !astropy.table.SerializedColumn {name: efficiency}
#     wavelength:
#       __class__: astropy.units.quantity.Quantity
#       unit: !astropy.units.Unit {unit: nm}
#       value: !astropy.table.SerializedColumn {name: wavelength}
# schema: astropy-2.0
amp_name wavelength efficiency
C00 319.992 47.55978462082648
C00 330.006 49.610433938890694
C00 349.994 69.5185256585279
C00 370.001 75.74986446523698
C00 400.009 82.47326866494689
C00 429.983 84.91503175229171
C00 449.989 86.1386687517934
C00 469.993 87.41596624158932
C00 500.016 89.72818074916654
C00 549.99 92.73405730961012
C00 569.998 93.92089613543627
C00 599.983 95.15507208282462
C00 630.013 95.58453229303396
C00 649.987 96.0875888505944
C00 670.017 96.17351768314525
C00 699.987 96.21602605040303
C00 720.012 95.686901884288
C00 749.995 95.18066448063813
C00 770.007 94.70221924065157
C00 800.008 93.85287201725869
C00 830.013 92.29361359953054
C00 869.994 88.12972510998937
C00 900.005 81.13970469047023
C00 919.989 74.66700481543305
C00 959.989 54.31352566107123
C00 1000.013 28.198928728290618
C00 1030.002 11.948634681728953
C00 1049.996 5.9154755205547005
C00 1080.005 0.6598403011337062
C00 1100.007 0.0897588425858946
C01 319.992 48.17502540438198
C01 330.006 50.266596499003946
C01 349.994 70.52363469934105
C01 370.001 76.88119561063021
C01 400.009 83.17059443933312
C01 429.983 85.37990282740024
C01 449.989 86.52144333903715
C01 469.993 87.74867507785436
C01 500.016 90.01700157408682
C01 549.99 92.98984332333656
C01 569.998 94.17179207734328
C01 599.983 95.40476466850022
C01 630.013 95.83529027053228
C01 649.987 96.34125174536476
C01 670.017 96.42508045302765
C01 699.987 96.46613252930473
C01 720.012 95.94553916246088
C01 749.995 95.43914080033419
C01 770.007 94.96143137052735
C01 800.008 94.10763862729863
C01 830.013 92.52996962569866
C01 869.994 88.28403063642892
C01 900.005 81.2299410784482
C01 919.989 74.7094671945546
C01 959.989 54.33536236109241
C01 1000.013 28.183482463033453
C01 1030.002 11.933289015519794
C01 1049.996 5.880958071010438
C01 1080.005 0.6616321913988606
C01 1100.007 0.09000259549999344
C02 319.992 48.65366609394753
C02 330.006 50.76920467223612
C02 349.994 71.28134289660085
C02 370.001 77.72241826328866
C02 400.009 83.61162066580498
C02 429.983 85.6326306300672
C02 449.989 86.70328042970135
C02 469.993 87.88017048872247
C02 500.016 90.10525280751743
C02 549.99 93.04678430068205
C02 569.998 94.21597134688419
C02 599.983 95.4433947029357
C02 630.013 95.87375934649096
C02 649.987 96.37624871703787
C02 670.017 96.4597631724365
C02 699.987 96.50346723123633
C02 720.012 95.97675744227352
C02 749.995 95.47225992311112
C02 770.007 94.99734044023573
C02 800.008 94.14144757211906
C02 830.013 92.55152273221306
C02 869.994 88.2518695998235
C02 900.005 81.16044533991119
C02 919.989 74.66208408485615
C02 959.989 54.22788425437184
C02 1000.013 28.068874279024463
C02 1030.002 11.889433579104859
C02 1049.996 5.846831041581067
C02 1080.005 0.6618617933350415
C02 1100.007 0.09003382851806108
C03 319.992 49.07239573903589
C03 330.006 51.21397126712158
C03 349.994 71.94355672897339
C03 370.001 78.44167271396853
C03 400.009 84.0218654997584
C03 429.983 85.87713422103788
C03 449.989 86.89319610296377
C03 469.993 88.02967791961507
C03 500.016 90.22299010096258
C03 549.99 93.13455265868221
C03 569.998 94.30105706360412
C03 599.983 95.52199609244681
C03 630.013 95.94705677095655
C03 649.987 96.45112506751411
C03 670.017 96.53254706271416
C03 699.987 96.57500944183572
C03 720.012 96.05285247835994
C03 749.995 95.5447372258139
C03 770.007 95.06784791776988
C03 800.008 94.21603266439917
C03 830.013 92.61369869239971
C03 869.994 88.27620498857998
C03 900.005 81.17763723817286
C03 919.989 74.70287556169457
C03 959.989 54.173035737224936
C03 1000.013 28.01738672816724
C03 1030.002 11.894892754110153
C03 1049.996 5.844944569909354
C03 1080.005 0.6623642390080973
C03 1100.007 0.09010217678657136
C04 319.992 49.33386895227644
C04 330.006 51.503010535688965
C04 349.994 72.52697755460052
C04 370.001 79.24441096128955
C04 400.009 84.47021916927002
C04 429.983 86.12523255132407
C04 449.989 87.05942022137697
C04 469.993 88.14859557522354
C04 500.016 90.28955026347009
C04 549.99 93.17807276493713
C04 569.998 94.34796496256149
C04 599.983 95.57385538073859
C04 630.013 96.01012183511037
C04 649.987 96.52149458063955
C04 670.017 96.61302630112144
C04 699.987 96.66671745017315
C04 720.012 96.14950421134239
C04 749.995 95.64927592416026
C04 770.007 95.18005897017774
C04 800.008 94.33274288946846
C04 830.013 92.73693923281405
C04 869.994 88.38777220708059
C04 900.005 81.27776107544088
C04 919.989 74.73585672006281
C04 959.989 54.181781147798525
C04 1000.013 28.12225117581192
C04 1030.002 11.901817800957865
C04 1049.996 5.851279435675412
C04 1080.005 0.6630889656428459
C04 1100.007 0.09020076219248616
C05 319.992 49.784932089481096
C05 330.006 51.96939921929318
C05 349.994 73.15637885177101
C05 370.001 79.87237896154744
C05 400.009 84.79814523936686
C05 429.983 86.32285890209485
C05 449.989 87.21418562917884
C05 469.993 88.27371396453404
C05 500.016 90.39343746321981
C05 549.99 93.25568540951922
C05 569.998 94.4150463239463
C05 599.983 95.63233696064788
C05 630.013 96.05903788268324
C05 649.987 96.56570450893796
C05 670.017 96.65092819006658
C05 699.987 96.69972926729888
C05 720.012 96.1751272679134
C05 749.995 95.67719072285352
C05 770.007 95.20458597616853
C05 800.008 94.3518662894519
C05 830.013 92.75147148386358
C05 869.994 88.39222539160579
C05 900.005 81.30230341081041
C05 919.989 74.76130348877825
C05 959.989 54.17225777125367
C05 1000.013 28.07745298260421
C05 1030.002 11.98525177711809
C05 1049.996 5.868713250695388
C05 1080.005 0.6632824848244978
C05 1100.007 0.09022708683154411
C06 319.992 50.0858976147115
C06 330.006 52.292274259093794
C06 349.994 73.65013814112308
C06 370.001 80.41988305277683
C06 400.009 85.12556543996514
C06 429.983 86.53831332034518
C06 449.989 87.39310247319227
C06 469.993 88.42440175758995
C06 500.016 90.52409742294637
C06 549.99 93.36627154778019
C06 569.998 94.52616899046332
C06 599.983 95.74445603678326
C06 630.013 96.17061276587322
C06 649.987 96.67770861473277
C06 670.017 96.7655382902479
C06 699.987 96.81509817172804
C06 720.012 96.29627534812914
C06 749.995 95.79295819113005
C06 770.007 95.32258386905234
C06 800.008 94.4673424995323
C06 830.013 92.85834024777908
C06 869.994 88.45719129872388
C06 900.005 81.33328408525253
C06 919.989 74.68792175272957
C06 959.989 54.09458764150127
C06 1000.013 28.098078661704587
C06 1030.002 11.971084556899896
C06 1049.996 5.8782040523104175
C06 1080.005 0.6640850414444088
C06 1100.007 0.09033625954074222
C07 319.992 50.32361412324316
C07 330.006 52.55112231622439
C07 349.994 74.0296475706943
C07 370.001 80.79193473958897
C07 400.009 85.28604104134925
C07 429.983 86.60403803171113
C07 449.989 87.42556243268321
C07 469.993 88.44117209793615
C07 500.016 90.52138412290864
C07 549.99 93.3542533148447
C07 569.998 94.51146811624758
C07 599.983 95.72659731054623
C07 630.013 96.14698252853897
C07 649.987 96.65381777795986
C07 670.017 96.73910277660346
C07 699.987 96.78413282666467
C07 720.012 96.25936986880238
C07 749.995 95.75853607115985
C07 770.007 95.28104125265544
C07 800.008 94.42343915880878
C07 830.013 92.79883159949392
C07 869.994 88.37675804845284
C07 900.005 81.22100405064032
C07 919.989 74.51479941388146
C07 959.989 53.99894764751594
C07 1000.013 28.06655762666174
C07 1030.002 12.006629553863108
C07 1049.996 5.890809113025957
C07 1080.005 0.6638464069774492
C07 1100.007 0.09030379781702122
C10 319.992 45.697311091537216
C10 330.006 47.633802526093056
C10 349.994 66.63246352234931
C10 370.001 72.78460309377627
C10 400.009 81.34845250551996
C10 429.983 84.65023972855303
C10 449.989 86.1907119926301
C10 469.993 87.67559992938055
C10 500.016 90.20359077216175
C10 549.99 93.39637844763388
C10 569.998 94.621877966653
C10 599.983 95.90394289323837
C10 630.013 96.36597803327922
C10 649.987 96.88398839980466
C10 670.017 96.97801880902186
C10 699.987 97.02904264617207
C10 720.012 96.50270076229911
C10 749.995 95.98982573765299
C10 770.007 95.52059345429171
C10 800.008 94.67150683033748
C10 830.013 93.11090709196922
C10 869.994 88.9690239256154
C10 900.005 82.00653507032092
C10 919.989 75.37220989049382
C10 959.989 54.406643972253136
C10 1000.013 28.27937347559572
C10 1030.002 12.051425830898474
C10 1049.996 6.004899930502327
C10 1080.005 0.6654498215050947
C10 1100.007 0.09052191215762695
C11 319.992 46.43285300713284
C11 330.006 48.417674140524596
C11 349.994 67.82834668163456
C11 370.001 74.11169040573348
C11 400.009 82.09300043112782
C11 429.983 85.08452102837742
C11 449.989 86.51043684509878
C11 469.993 87.92127621782515
C11 500.016 90.37701203389535
C11 549.99 93.51643047726942
C11 569.998 94.73871849144162
C11 599.983 96.01234459502828
C11 630.013 96.46312797107086
C11 649.987 96.98369067915722
C11 670.017 97.08238888420203
C11 699.987 97.1330678103305
C11 720.012 96.60810557054454
C11 749.995 96.1009254101019
C11 770.007 95.62885719167294
C11 800.008 94.78064434230713
C11 830.013 93.21011116651259
C11 869.994 89.04035152491237
C11 900.005 81.98678316580897
C11 919.989 75.40969788621287
C11 959.989 54.57343911002456
C11 1000.013 28.317413328949556
C11 1030.002 12.01340130692338
C11 1049.996 5.954002560726755
C11 1080.005 0.6662200235388017
C11 1100.007 0.09062668363488297
C12 319.992 47.2716229591922
C12 330.006 49.303470794226605
C12 349.994 69.07124504552839
C12 370.001 75.374417321033
C12 400.009 82.75223269933461
C12 429.983 85.47315910299085
C12 449.989 86.80038437935676
C12 469.993 88.14917809161581
C12 500.016 90.54982012047921
C12 549.99 93.63755556341705
C12 569.998 94.83922556317825
C12 599.983 96.10352373979904
C12 630.013 96.54785344739028
C12 649.987 97.0599620030992
C12 670.017 97.14632772294426
C12 699.987 97.19429334903501
C12 720.012 96.66790547702583
C12 749.995 96.15637943770919
C12 770.007 95.68277061671644
C12 800.008 94.82536780479344
C12 830.013 93.24948467581717
C12 869.994 89.02813401005321
C12 900.005 81.9498776864822
C12 919.989 75.31487801399035
C12 959.989 54.59694287998417
C12 1000.013 28.362050563680448
C12 1030.002 11.994038385397056
C12 1049.996 5.921124396621954
C12 1080.005 0.6666044549257649
C12 1100.007 0.09067897828297923
C13 319.992 47.81908489463003
C13 330.006 49.879161780621956
C13 349.994 69.85719762312446
C13 370.001 76.16077612716579
C13 400.009 83.18806993110155
C13 429.983 85.73883256600732
C13 449.989 87.00648021188373
C13 469.993 88.3197787476605
C13 500.016 90.68688776052086
C13 549.99 93.74629451153935
C13 569.998 94.94189407731781
C13 599.983 96.19025736473397
C13 630.013 96.62819472138887
C13 649.987 97.13652458523732
C13 670.017 97.22094347398188
C13 699.987 97.2563466741917
C13 720.012 96.72534465918051
C13 749.995 96.2119407709677
C13 770.007 95.73354151911737
C13 800.008 94.87461343400933
C13 830.013 93.28744021758791
C13 869.994 89.02188728821493
C13 900.005 81.89223155771448
C13 919.989 75.24888503849638
C13 959.989 54.56632244594254
C13 1000.013 28.353933657635373
C13 1030.002 11.976660618418114
C13 1049.996 5.900184944300404
C13 1080.005 0.6669896299030416
C13 1100.007 0.0907313740825295
C14 319.992 48.14431299406788
C14 330.006 50.23643594632465
C14 349.994 70.51051275113596
C14 370.001 76.98837096212058
C14 400.009 83.62422907982211
C14 429.983 85.94659930081741
C14 449.989 87.12927620031448
C14 469.993 88.38289746463991
C14 500.016 90.69203076708955
C14 549.99 93.71860198883786
C14 569.998 94.91425520744194
C14 599.983 96.1586558504527
C14 630.013 96.60022626986999
C14 649.987 97.11540836601714
C14 670.017 97.2091168582807
C14 699.987 97.25495170072597
C14 720.012 96.7322735383729
C14 749.995 96.22477146097663
C14 770.007 95.74890922130847
C14 800.008 94.89209659046713
C14 830.013 93.29853868779875
C14 869.994 89.00413586762909
C14 900.005 81.82173174486971
C14 919.989 75.17549563775832
C14 959.989 54.53937723045485
C14 1000.013 28.31647823684616
C14 1030.002 11.986106389983084
C14 1049.996 5.902630459253197
C14 1080.005 0.6670785849038858
C14 1100.007 0.09074347473461804
C15 319.992 48.73479683095143
C15 330.006 50.852933738937175
C15 349.994 71.39519419253433
C15 370.001 77.92254330279474
C15 400.009 84.19537107307512
C15 429.983 86.35350999489397
C15 449.989 87.47714579215759
C15 469.993 88.69103330677794
C15 500.016 90.97577756764548
C15 549.99 93.97219590140388
C15 569.998 95.15760143031743
C15 599.983 96.4076356200167
C15 630.013 96.84206254893917
C15 649.987 97.35443170408674
C15 670.017 97.44056748325063
C15 699.987 97.49019634693512
C15 720.012 96.96016008278481
C15 749.995 96.44760697509231
C15 770.007 95.97560773886771
C15 800.008 95.11791366874857
C15 830.013 93.51410807638966
C15 869.994 89.21898477541903
C15 900.005 82.01941941315546
C15 919.989 75.32793097999107
C15 959.989 54.71118507507564
C15 1000.013 28.421858134851114
C15 1030.002 12.03866316500772
C15 1049.996 5.926818781782354
C15 1080.005 0.6686233933169452
C15 1100.007 0.090953616817384
C16 319.992 48.938758047488264
C16 330.006 51.071561338587564
C16 349.994 71.76964492711996
C16 370.001 78.38591976347571
C16 400.009 84.44290988103715
C16 429.983 86.47859006075761
C16 449.989 87.55836850543396
C16 469.993 88.74178121511075
C16 500.016 90.99720803912993
C16 549.99 93.97960765602672
C16 569.998 95.15934131480489
C16 599.983 96.40669286322392
C16 630.013 96.84509776593053
C16 649.987 97.3558190128631
C16 670.017 97.4447830624053
C16 699.987 97.49756211342174
C16 720.012 96.97254622081016
C16 749.995 96.46289036570032
C16 770.007 95.99279197244
C16 800.008 95.13732832692816
C16 830.013 93.5335917167736
C16 869.994 89.23090336739268
C16 900.005 81.97934075242864
C16 919.989 75.27862403326021
C16 959.989 54.640045260668295
C16 1000.013 28.535991108119028
C16 1030.002 12.009476985964852
C16 1049.996 5.9311249000802295
C16 1080.005 0.6687293490072402
C16 1100.007 0.09096803009300529
C17 319.992 49.379949064781634
C17 330.006 51.55084969440506
C17 349.994 72.44313351755889
C17 370.001 79.0554073860624
C17 400.009 84.863977256384
C17 429.983 86.80368786047615
C17 449.989 87.85394192169107
C17 469.993 89.02509112837248
C17 500.016 91.26916654743155
C17 549.99 94.2424988368011
C17 569.998 95.42908472787796
C17 599.983 96.67377662908487
C17 630.013 97.10759038285757
C17 649.987 97.61776743684472
C17 670.017 97.71052550762613
C17 699.987 97.75077279151914
C17 720.012 97.22111209714805
C17 749.995 96.70995396292128
C17 770.007 96.22943159211488
C17 800.008 95.36211067214437
C17 830.013 93.73837688741794
C17 869.994 89.36626178170434
C17 900.005 82.04317228551966
C17 919.989 75.28100775165494
C17 959.989 54.6575015907133
C17 1000.013 28.435441880590854
C17 1030.002 12.067783236104752
C17 1049.996 5.932379992964914
C17 1080.005 0.6704421120921946
C17 1100.007 0.09120101924487313
