lsstCam/transmission_filter_detector/r23_s00/z_20/19700101T000000.ecsv
# %ECSV 1.0
# ---
# datatype:
# - {name: wavelength, unit: nm, datatype: float32}
# - {name: efficiency, unit: '%', datatype: float64}
# meta: !!omap
# - {MODE: DETECTOR}
# - {TYPE: transmission_filter_detector}
# - {CALIBDATE: '1970-01-01T00:00:00'}
# - {INSTRUME: LSSTCam}
# - {OBSTYPE: transmission_filter_detector}
# - {CALIBCLS: lsst.ip.isr.IntermediateFilterDetectorTransmissionCurve}
# - {SOURCE: Materion (DM-46256)}
# - {DETECTOR: 99}
# - {FILTER: z_20}
# - {CALIB_ID: 'calibDate=1970-01-01T00:00:00 filter=z_20 detector=99'}
# - {DATE: '2025-04-02T15:59:49.097746'}
# - {CALIB_CREATION_DATE: '2025-04-02'}
# - {CALIB_CREATION_TIME: '15:59:49'}
# - __serialized_columns__:
#     efficiency:
#       __class__: astropy.units.quantity.Quantity
#       unit: !astropy.units.Unit {unit: '%'}
#       value: !astropy.table.SerializedColumn {name: efficiency}
#     wavelength:
#       __class__: astropy.units.quantity.Quantity
#       unit: !astropy.units.Unit {unit: nm}
#       value: !astropy.table.SerializedColumn {name: wavelength}
# schema: astropy-2.0
wavelength efficiency
[from data line 597]
897.0 99.42559003829956
898.0 99.50295090675354
899.0 98.75582456588745
900.0 99.03249740600586
901.0 99.50525164604187
902.0 99.59039092063904
903.0 99.06100034713745
904.0 98.12243580818176
905.0 98.88785481452942
906.0 98.47154021263123
907.0 99.08701181411743
908.0 98.497873544693
909.0 98.32788705825806
910.0 98.00332188606262
911.0 97.13618159294128
912.0 96.1236834526062
913.0 95.17040252685547
914.0 92.91616082191467
915.0 90.71581363677979
916.0 88.78101110458374
917.0 87.11564540863037
918.0 83.73444080352783
919.0 82.95892477035522
920.0 79.76387739181519
921.0 76.03546380996704
922.0 71.82957530021667
923.0 66.31003022193909
924.0 60.73877811431885
925.0 55.267977714538574
926.0 49.32831525802612
927.0 42.53809154033661
928.0 36.546072363853455
929.0 30.11106252670288
930.0 24.686165153980255
931.0 19.34211403131485
932.0 13.843214511871338
933.0 9.467218816280365
934.0 6.192757934331894
935.0 3.749174252152443
936.0 2.292068488895893
937.0 1.3935880735516548
938.0 0.7627323269844055
939.0 0.501940306276083
940.0 0.349235231988132
941.0 0.1910540391691029
942.0 0.0925125612411648
943.0 0.14050784520804882
944.0 0.2613974967971444
945.0 0.13322207378223538
946.0 0.057545717572793365
947.0 0.04356088174972683
948.0 1.5792300193245845e-10
949.0 0.07453248254023492
950.0 0.08590490906499326
951.0 0.032410011044703424
952.0 1.5792300193245845e-10
953.0 0.11058845557272434
954.0 0.01060588110703975
955.0 0.08909156313166022
956.0 1.5792300193245845e-10
957.0 0.027871032943949103
958.0 1.5792300193245845e-10
959.0 1.5792300193245845e-10
960.0 1.5792300193245845e-10
961.0 1.5792300193245845e-10
962.0 0.053737079724669456
963.0 1.5792300193245845e-10
964.0 0.026102730771526694
965.0 0.04253184306435287
966.0 0.0531724828761071
967.0 0.10929570998996496
968.0 0.029122750856913626
969.0 0.03374801599420607
970.0 1.5792300193245845e-10
971.0 1.5792300193245845e-10
972.0 1.5792300193245845e-10
973.0 1.5792300193245845e-10
974.0 0.03580274642445147
975.0 1.5792300193245845e-10
976.0 0.006649454007856548
977.0 0.006613393634324893
978.0 0.006577335443580523
979.0 0.0064077677961904556
980.0 0.0062381994212046266
981.0 0.0060550926718860865
982.0 0.005871986650163308
983.0 0.005792880256194621
984.0 0.005713773862225935
985.0 0.005441890607471578
986.0 0.005170006261323579
987.0 0.005189041621633805
988.0 0.005208077345741913
989.0 0.0051290619012434036
990.0 0.005050046820542775
991.0 0.005102989234728739
992.0 0.0051559312851168215
993.0 0.005106487151351757
994.0 0.005057042289990932
995.0 0.00497979017382022
996.0 0.004902538057649508
997.0 0.004748336868942715
998.0 0.004594135680235922
999.0 0.004543434624793008
1000.0 0.004492733569350094
1001.0 0.004620284016709775
1002.0 0.004747834100271575
1003.0 0.004674455340136774
1004.0 0.004601076580001973
1005.0 0.00446510712208692
1006.0 0.004329138027969748
1007.0 0.0044405023800209165
1008.0 0.004551866732072085
1009.0 0.004609068128047511
1010.0 0.004666269160225056
1011.0 0.004741466909763403
1012.0 0.00481666465930175
1013.0 0.004644562795874663
1014.0 0.004472460932447575
1015.0 0.004603107299772091
1016.0 0.004733753303298727
1017.0 0.004927277041133493
1018.0 0.005120801506564021
1019.0 0.005003876140108332
1020.0 0.004886950773652643
1021.0 0.004873549551120959
1022.0 0.004860147964791395
1023.0 0.004791834726347588
1024.0 0.004723521487903781
1025.0 0.004913141674478538
1026.0 0.005102761861053295
1027.0 0.004976454147254117
1028.0 0.0048501471610507
1029.0 0.004888632247457281
1030.0 0.004927118061459623
1031.0 0.005061216506874189
1032.0 0.005195314952288754
1033.0 0.005222515392233618
1034.0 0.005249716559774242
1035.0 0.005412087557488121
1036.0 0.005574458191404119
1037.0 0.005648803926305845
1038.0 0.005723149297409691
1039.0 0.005672953193425201
1040.0 0.005622756361844949
1041.0 0.005986591713735834
1042.0 0.006350427429424599
1043.0 0.00583796099817846
1044.0 0.005325494566932321
1045.0 0.00601731262577232
1046.0 0.0067091299570165575
1047.0 0.006483898323494941
1048.0 0.006258665962377563
1049.0 0.006344806024571881
1050.0 0.00643094681436196
1051.0 0.0067607645178213716
1052.0 0.007090583676472306
1053.0 0.007181914406828582
1054.0 0.00727324586478062
1055.0 0.007922961958684027
1056.0 0.008572678780183196
1057.0 0.008245897333836183
1058.0 0.007919116615084931
1059.0 0.008062060078373179
1060.0 0.008205002086469904
1061.0 0.008730752597330138
1062.0 0.009256503108190373
1063.0 0.009367691382067278
1064.0 0.009478880383539945
1065.0 0.009568967652739957
1066.0 0.009659056377131492
1067.0 0.009893606329569593
1068.0 0.010128157737199217
1069.0 0.010860666225198656
1070.0 0.011593173258006573
1071.0 0.01138942243414931
1072.0 0.011185671610292047
1073.0 0.011357681069057435
1074.0 0.011529690527822822
1075.0 0.01211722192238085
1076.0 0.012704756227321923
1077.0 0.012700639490503818
1078.0 0.012696522753685713
1079.0 0.01388130767736584
1080.0 0.015066095511429012
1081.0 0.014983949949964881
1082.0 0.014901805843692273
1083.0 0.014750065747648478
1084.0 0.014598325651604682
1085.0 0.01509208814240992
1086.0 0.01558585063321516
1087.0 0.01612039195606485
1088.0 0.01665493327891454
1089.0 0.01782040053512901
1090.0 0.018985866336151958
1091.0 0.018662413640413433
1092.0 0.018338958034291863
1093.0 0.018454868404660374
1094.0 0.01857077731983736
1095.0 0.019450766558293253
1096.0 0.020330755796749145
1097.0 0.020737166050821543
1098.0 0.021143579215276986
1099.0 0.02321349602425471
1100.0 0.025283408467657864
1101.0 0.02518797409720719
1102.0 0.025092536816373467
1103.0 0.026554858777672052
1104.0 0.028017174918204546
1105.0 0.027890672208741307
1106.0 0.027764172409661114
1107.0 0.028951221611350775
1108.0 0.030138270813040435
1109.0 0.031655264319851995
1110.0 0.03317225491628051
1111.0 0.03277092764619738
1112.0 0.03236960037611425
1113.0 0.03396709798835218
1114.0 0.03556460433173925
1115.0 0.035417472827248275
1116.0 0.035270347143523395
1117.0 0.03618743212427944
1118.0 0.03710452001541853
1119.0 0.04029037954751402
1120.0 0.04347623325884342
1121.0 0.045191909885033965
1122.0 0.04690758651122451
1123.0 0.04642164567485452
1124.0 0.045935704838484526
1125.0 0.04649055190384388
1126.0 0.04704540187958628
1127.0 0.05147636402398348
1128.0 0.05590732907876372
1129.0 0.059447623789310455
1130.0 0.06298791849985719
1131.0 0.06250565056689084
1132.0 0.0620233709923923
1133.0 0.06494703702628613
1134.0 0.06787069723941386
1135.0 0.06696561467833817
1136.0 0.06606052629649639
1137.0 0.07265218300744891
1138.0 0.07924384553916752
1139.0 0.08308132528327405
1140.0 0.08691877010278404
1141.0 0.09809606708586216
1142.0 0.10927333496510983
1143.0 0.1303241355344653
1144.0 0.15137490117922425
1145.0 0.301308766938746
1146.0 0.4512426909059286
1147.0 0.9605812840163708
1148.0 1.4699200168251991
1149.0 1.6634780913591385
1150.0 1.8570374697446823
