lsstCam/transmission_filter_detector/r23_s00/z_20/19700101T000000.ecsv
# %ECSV 1.0
# ---
# datatype:
# - {name: wavelength, unit: nm, datatype: float32}
# - {name: efficiency, unit: '%', datatype: float64}
# meta: !!omap
# - {MODE: DETECTOR}
# - {TYPE: transmission_filter_detector}
# - {CALIBDATE: '1970-01-01T00:00:00'}
# - {INSTRUME: LSSTCam}
# - {OBSTYPE: transmission_filter_detector}
# - {CALIBCLS: lsst.ip.isr.IntermediateFilterDetectorTransmissionCurve}
# - {SOURCE: Materion (DM-46256)}
# - {DETECTOR: 99}
# - {FILTER: z_20}
# - {CALIB_ID: 'calibDate=1970-01-01T00:00:00 filter=z_20 detector=99'}
# - {DATE: '2025-04-02T15:59:49.097746'}
# - {CALIB_CREATION_DATE: '2025-04-02'}
# - {CALIB_CREATION_TIME: '15:59:49'}
# - __serialized_columns__:
#     efficiency:
#       __class__: astropy.units.quantity.Quantity
#       unit: !astropy.units.Unit {unit: '%'}
#       value: !astropy.table.SerializedColumn {name: efficiency}
#     wavelength:
#       __class__: astropy.units.quantity.Quantity
#       unit: !astropy.units.Unit {unit: nm}
#       value: !astropy.table.SerializedColumn {name: wavelength}
# schema: astropy-2.0
wavelength efficiency
300.0 0.7915928028523922
301.0 0.5492053925991058
302.0 0.3068180987611413
303.0 0.29078309889882803
304.0 0.2747480757534504
305.0 0.23443028330802917
306.0 0.19411244429647923
307.0 0.1781914383172989
308.0 0.16227043233811855
309.0 0.14456447679549456
310.0 0.12685852125287056
311.0 0.12539165327325463
312.0 0.12392483185976744
313.0 0.11123435106128454
314.0 0.09854389354586601
315.0 0.0936585245653987
316.0 0.08877315558493137
317.0 0.07678581168875098
318.0 0.06479847943410277
319.0 0.06584806251339614
320.0 0.06689763977192342
321.0 0.06502845208160579
322.0 0.06315925857052207
323.0 0.05692550912499428
324.0 0.050691759679466486
325.0 0.04595352220349014
326.0 0.04121528472751379
327.0 0.04039395716972649
328.0 0.03957262961193919
329.0 0.03574418369680643
330.0 0.03191574360243976
331.0 0.028862684848718345
332.0 0.02580962609499693
333.0 0.024968775687739253
334.0 0.02412792237009853
335.0 0.02273850841447711
336.0 0.021349091548472643
337.0 0.02449242165312171
338.0 0.02763574884738773
339.0 0.02398916840320453
340.0 0.0203425923245959
341.0 0.017903081607073545
342.0 0.015463570889551193
343.0 0.014971943164709955
344.0 0.014480316895060241
345.0 0.013849115930497646
346.0 0.013217913510743529
347.0 0.012389113544486463
348.0 0.011560313578229398
349.0 0.013525018584914505
350.0 0.015489723591599613
351.0 0.013429686077870429
352.0 0.011369644926162437
353.0 0.01197813471662812
354.0 0.012586626689881086
355.0 0.010767720232252032
356.0 0.008948814502218738
357.0 0.009738883090903983
358.0 0.01052895313478075
359.0 0.010247693717246875
360.0 0.009966434299713
361.0 0.009112423867918551
362.0 0.008258415618911386
363.0 0.009098341251956299
364.0 0.009938266885001212
365.0 0.00986357408692129
366.0 0.009788883471628651
367.0 0.008789943967713043
368.0 0.007791004463797435
369.0 0.008240799797931686
370.0 0.008690595859661698
371.0 0.008372258889721707
372.0 0.008053922647377476
373.0 0.007219208782771602
374.0 0.006384497100953013
375.0 0.006564690556842834
376.0 0.006744883285136893
377.0 0.007009510591160506
378.0 0.007274137169588357
379.0 0.00620220962446183
380.0 0.005130282079335302
381.0 0.0036290188290877268
382.0 0.002127755760739092
383.0 0.0038937650970183313
384.0 0.0056597742513986304
385.0 0.005348842023522593
386.0 0.005037910159444436
387.0 0.005755534220952541
388.0 0.006473159010056406
389.0 0.005759478153777309
390.0 0.005045798388891853
391.0 0.004688459011958912
392.0 0.004331119998823851
393.0 0.004797138535650447
394.0 0.005263157800072804
395.0 0.004425123552209698
396.0 0.0035870889405487105
397.0 0.003747752998606302
398.0 0.0039084166928660125
399.0 0.004067313057021238
400.0 0.004226209421176463
401.0 0.004633995922631584
402.0 0.0050417827878845856
403.0 0.004927067129756324
404.0 0.004812351835425943
405.0 0.0041941799281630665
406.0 0.0035760083846980706
407.0 0.002311064781679306
408.0 0.001046121815306833
409.0 0.0022882173652760684
410.0 0.0035303131880937144
411.0 0.004211848136037588
412.0 0.0048933834477793425
413.0 0.004589421223499812
414.0 0.004285458999220282
415.0 0.0037039430026197806
416.0 0.00312242736981716
417.0 0.003948288576793857
418.0 0.0047741501475684345
419.0 0.004312397140893154
420.0 0.003850644134217873
421.0 0.003887473576469347
422.0 0.003924304110114463
423.0 0.003819436824414879
424.0 0.0037145709939068183
425.0 0.0026804587832884863
426.0 0.001646346936468035
427.0 0.0019400556993787177
428.0 0.0022337646441883408
429.0 0.0016549956853850745
430.0 0.0010762269994302187
431.0 0.0008902706213120837
432.0 0.0007043141522444785
433.0 0.0008149666427925695
434.0 0.0009256193152396008
435.0 0.0013825616406393237
436.0 0.001839504147937987
437.0 0.00185465432878118
438.0 0.0018698046915233135
439.0 0.0021096546333865263
440.0 0.0023495047571486793
441.0 0.001860048905655276
442.0 0.001370593236060813
443.0 0.002312092146894429
444.0 0.0032535910577280447
445.0 0.0033072676160372794
446.0 0.003360944174346514
447.0 0.002660244354046881
448.0 0.0019595441699493676
449.0 0.0025042811103048734
450.0 0.0030490182325593196
451.0 0.0024842149286996573
452.0 0.0019194114429410547
453.0 0.0017968692191061564
454.0 0.0016743273590691388
455.0 0.002385909465374425
456.0 0.003097491935477592
457.0 0.002253034108434804
458.0 0.0014085766451898962
459.0 0.0014684531379316468
460.0 0.0015283296306733973
461.0 0.000895096491149161
462.0 0.00026186316972598433
463.0 0.0011388118764443789
464.0 0.0020157607650617138
465.0 0.002170769585063681
466.0 0.0023257785869645886
467.0 0.002079926161968615
468.0 0.0018340731912758201
469.0 0.0015950718079693615
470.0 0.0013560700608650222
471.0 0.0013290934475662652
472.0 0.0013021170161664486
473.0 0.0012854734450229444
474.0 0.0012688298738794401
475.0 0.0010816969734150916
476.0 0.000894563982001273
477.0 0.0012219444215588737
478.0 0.001549324588268064
479.0 0.0019641081962618046
480.0 0.002378891622356605
481.0 0.0018007642211159691
482.0 0.001222636637976393
483.0 0.0008955476914707106
484.0 0.0005684586994902929
485.0 0.0011544128938112408
486.0 0.0017403668607585132
487.0 0.0014128037946647964
488.0 0.0010852407285710797
489.0 0.0017320888218819164
490.0 0.0023789367332938127
491.0 0.002258624772366602
492.0 0.0021383128114393912
493.0 0.002033338569162879
494.0 0.0019283645087853074
495.0 0.0016489502741023898
496.0 0.001369535948470002
497.0 0.0012480876648623962
498.0 0.0011266395631537307
499.0 0.0011658164112304803
500.0 0.0012049932593072299
501.0 0.0008539825103071053
502.0 0.0005029716248827754
503.0 0.0012201279787404928
504.0 0.0019372842871234752
505.0 0.002192805004597176
506.0 0.002448325540171936
507.0 0.002298702565894928
508.0 0.0021490795916179195
509.0 0.0017994127119891346
510.0 0.00144974601425929
511.0 0.0012044588402204681
512.0 0.0009591716661816463
513.0 0.0013630117791763041
514.0 0.0017668522559688427
515.0 0.0013082743862469215
516.0 0.0008496966984239407
517.0 0.0009346813385491259
518.0 0.0010196657058259007
519.0 0.001149648323917063
520.0 0.0012796305782103445
521.0 0.0016733381926314905
522.0 0.002067045534204226
523.0 0.0013654295798914973
524.0 0.0006638136255787686
525.0 0.0006905835562065477
526.0 0.0007173536687332671
527.0 0.001057273675542092
528.0 0.0013971939551993273
529.0 0.001253688878932735
530.0 0.0011101832569693215
531.0 0.0012148594578320626
532.0 0.0013195355677453335
533.0 0.0008701117621967569
534.0 0.00042068800212291535
535.0 0.0010226821359538008
536.0 0.001624676224309951
537.0 0.0016195379430428147
538.0 0.0016143996617756784
539.0 0.001194704782392364
540.0 0.0007750095392111689
541.0 0.0008517203241353855
542.0 0.000928431109059602
543.0 0.0012882240298495162
544.0 0.0016480171325383708
545.0 0.0011231075404793955
546.0 0.0005981981303193606
547.0 0.0012036604857712518
548.0 0.0018091224774252623
549.0 0.0016444302673335187
550.0 0.001479737966292305
551.0 0.0016037573004723527
552.0 0.0017277763618039899
553.0 0.001517210421297932
554.0 0.0013066440260445233
555.0 0.0010483667210792191
556.0 0.0007900894161139149
557.0 0.0012325263014645316
558.0 0.0016749629139667377
559.0 0.0016793857867014594
560.0 0.0016838082956383005
561.0 0.0014970539268688299
562.0 0.001310299376200419
563.0 0.0011367724255251233
564.0 0.0009632453839003574
565.0 0.001610174513189122
566.0 0.0022571039153262973
567.0 0.002679359386092983
568.0 0.0031016144930617884
569.0 0.0028654765628743917
570.0 0.0026293384507880546
571.0 0.002467837657604832
572.0 0.0023063363187247887
573.0 0.0018322763935429975
574.0 0.0013582167412096169
575.0 0.0018661321519175544
576.0 0.002374047471676022
577.0 0.002026685069722589
578.0 0.0016793232134659775
579.0 0.0017311671399511397
580.0 0.0017830108845373616
581.0 0.0016599953596596606
582.0 0.001536979470984079
583.0 0.002003627196245361
584.0 0.0024702751034055836
585.0 0.002564171518315561
586.0 0.0026580679332255386
587.0 0.0021329700757632963
588.0 0.0016078720364021137
589.0 0.0020162684450042434
590.0 0.0024246650355053134
591.0 0.0016041523849708028
592.0 0.0007836393706384115
593.0 0.0007020143129921053
594.0 0.0006203890734468587
595.0 0.0010883903996727895
596.0 0.0015563917258987203
597.0 0.0013687095815839712
598.0 0.0011810275282186922
599.0 0.0009439566383662168
600.0 0.0007068859758874169
601.0 0.0006251008926483337
602.0 0.0005433157184597803
603.0 0.0009939928531821351
604.0 0.001444669487682404
605.0 0.0010005144758906681
606.0 0.0005563592821999919
607.0 0.0007858488970668986
608.0 0.0010153386028832756
609.0 0.0010957713129755575
610.0 0.001176203841168899
611.0 0.0009600709745427594
612.0 0.0007439378350682091
613.0 0.0006949250291654607
614.0 0.0006459122687374474
615.0 0.0010601574103930034
616.0 0.0014744026884727646
617.0 0.001987215546250809
618.0 0.002500028676877264
619.0 0.0021226245735306293
620.0 0.0017452202882850543
621.0 0.0015860816347412765
622.0 0.001426942617399618
623.0 0.0016144804249051958
624.0 0.0018020182324107736
625.0 0.0016711379430489615
626.0 0.0015402576536871493
627.0 0.0018666150936041959
628.0 0.0021929730792180635
629.0 0.0020454934201552533
630.0 0.001898013761092443
631.0 0.0017572678189026192
632.0 0.001616521694813855
633.0 0.0019335397155373357
634.0 0.002250557918159757
635.0 0.005172558667254634
636.0 0.00809455887065269
637.0 0.015394632646348327
638.0 0.022694705694448203
639.0 0.01996047649299726
640.0 0.017226247291546315
641.0 0.014914351049810648
642.0 0.012602457718458027
643.0 0.009992322884500027
644.0 0.00738218950573355
645.0 0.006754562491551042
646.0 0.006126936204964295
647.0 0.005715772567782551
648.0 0.005304608930600807
649.0 0.004265521783963777
650.0 0.0032264357287203893
651.0 0.003608771294238977
652.0 0.003991107223555446
653.0 0.0032375250157201663
654.0 0.002483942807884887
655.0 0.002660695645317901
656.0 0.002837449028447736
657.0 0.002837873216776643
658.0 0.0028382968594087288
659.0 0.002708183092181571
660.0 0.002578069324954413
661.0 0.002644258529471699
662.0 0.0027104477339889854
663.0 0.0019718660041689873
664.0 0.0012332843652984593
665.0 0.0017089556422433816
666.0 0.0021846271920367144
667.0 0.002444364145048894
668.0 0.0027041014618589543
669.0 0.0019286217138869688
670.0 0.0011531419659149833
671.0 0.0009393944310431834
672.0 0.0007256469416461186
673.0 0.0013256238162284717
674.0 0.0019256009181845002
675.0 0.001974645783775486
676.0 0.0020236904674675316
677.0 0.0019078264813288115
678.0 0.0017919624951900914
679.0 0.0014154153177514672
680.0 0.0010388680493633728
681.0 0.0012059655091434252
682.0 0.001373062787024537
683.0 0.0024288505301228724
684.0 0.003484638364170678
685.0 0.0028992441002628766
686.0 0.002313850200152956
687.0 0.0017684289559838362
688.0 0.0012230078027641866
689.0 0.001516991324024275
690.0 0.0018109745724359527
691.0 0.002111978938046377
692.0 0.0024129831217578612
693.0 0.002770184801192954
694.0 0.0031273866625269875
695.0 0.003240560181438923
696.0 0.003353732972755097
697.0 0.0035410332202445716
698.0 0.0037283334677340463
699.0 0.005493675416801125
700.0 0.007259017729666084
701.0 0.007146431744331494
702.0 0.0070338450314011425
703.0 0.006357374513754621
704.0 0.005680903632310219
705.0 0.005076927118352614
706.0 0.004472949876799248
707.0 0.004189565879642032
708.0 0.0039061811548890546
709.0 0.004216346133034676
710.0 0.004526511111180298
711.0 0.004101492959307507
712.0 0.003676475171232596
713.0 0.002717398638196755
714.0 0.0017583221051609144
715.0 0.0022214897398953326
716.0 0.00268465701083187
717.0 0.0024371354811592028
718.0 0.0021896135876886547
719.0 0.0017990467313211411
720.0 0.0014084796930546872
721.0 0.0012548144695756491
722.0 0.0011011489732482005
723.0 0.000996206836134661
724.0 0.000891264426172711
725.0 0.0012529444575193338
726.0 0.0016146244888659567
727.0 0.0016097315892693587
728.0 0.00160483832587488
729.0 0.0016652242265990935
730.0 0.0017256099454243667
731.0 0.0014355546227307059
732.0 0.001145499300037045
733.0 0.001147313741967082
734.0 0.001149128183897119
735.0 0.0011148432349727955
736.0 0.0010805579222505912
737.0 0.001198446534544928
738.0 0.001316334783041384
739.0 0.0012417897778504994
740.0 0.0011672444998112042
741.0 0.0012157791388744954
742.0 0.0012643137779377867
743.0 0.0016497479009558447
744.0 0.0020351819330244325
745.0 0.00147256387208472
746.0 0.0009099457201955374
747.0 0.001299925770581467
748.0 0.001689905911916867
749.0 0.0023823757146601565
750.0 0.003074845517403446
751.0 0.003047439531655982
752.0 0.003020033545908518
753.0 0.00293146676995093
754.0 0.002842899993993342
755.0 0.001907820114865899
756.0 0.0009727403266879264
757.0 0.0018688660929910839
758.0 0.002764991768344771
759.0 0.002722813769651111
760.0 0.0026806352252606302
761.0 0.0043285679566906765
762.0 0.0059765010519186035
763.0 0.0055917214922374114
764.0 0.0052069422963541
765.0 0.005340106872608885
766.0 0.005473270721267909
767.0 0.0045512020733440295
768.0 0.003629133789218031
769.0 0.00347850909747649
770.0 0.0033278851333307102
771.0 0.003924351040041074
772.0 0.004520816946751438
773.0 0.0038738395232940093
774.0 0.0032268617360386997
775.0 1.5792300193245845e-10
776.0 0.07897989707998931
777.0 1.5792300193245845e-10
778.0 1.5792300193245845e-10
779.0 0.058064929908141494
780.0 1.5792300193245845e-10
781.0 0.04617399245034903
782.0 1.5792300193245845e-10
783.0 1.5792300193245845e-10
784.0 0.02374354371568188
785.0 0.1980514032766223
786.0 0.0855226069688797
787.0 0.033889737096615136
788.0 1.5792300193245845e-10
789.0 1.5792300193245845e-10
790.0 0.07809497183188796
791.0 0.06714420742355287
792.0 0.07357840659096837
793.0 0.050136842764914036
794.0 0.026208869530819356
795.0 0.07939962088130414
796.0 0.038291458622552454
797.0 0.15153592685237527
798.0 0.04376227443572134
799.0 0.057555706007406116
800.0 0.2172610955312848
801.0 0.27055314276367426
802.0 0.3498425241559744
803.0 0.5803544539958239
804.0 1.051997672766447
805.0 1.561023946851492
806.0 2.6293743401765823
807.0 3.9041295647621155
808.0 5.725286155939102
809.0 7.780507951974869
810.0 10.35061702132225
811.0 13.640885055065155
812.0 16.627684235572815
813.0 20.006929337978363
814.0 22.44822531938553
815.0 25.39983093738556
816.0 29.661142826080322
817.0 34.599459171295166
818.0 39.88786339759827
819.0 45.332568883895874
820.0 52.2418737411499
821.0 59.705138206481934
822.0 66.24243259429932
823.0 72.88000583648682
824.0 78.91631126403809
825.0 84.24108624458313
826.0 88.89247179031372
827.0 92.6730215549469
828.0 96.07280492782593
829.0 97.86823987960815
830.0 98.58466982841492
831.0 99.26542639732361
832.0 98.91595840454102
833.0 100.03961324691772
834.0 98.84738326072693
835.0 100.0645637512207
836.0 99.40934777259827
837.0 99.48347806930542
838.0 98.4244167804718
839.0 99.11702871322632
840.0 99.07683730125427
841.0 99.85640048980713
842.0 99.94690418243408
843.0 100.03347396850586
844.0 98.6176073551178
845.0 98.95410537719727
846.0 99.1388738155365
847.0 99.27533864974976
848.0 100.56434869766235
849.0 99.24653768539429
850.0 98.38752150535583
851.0 99.39233660697937
852.0 99.6042013168335
853.0 99.31946992874146
854.0 99.94155168533325
855.0 98.64927530288696
856.0 99.03691411018372
857.0 98.2572853565216
858.0 98.92692565917969
859.0 99.45729374885559
860.0 98.8277792930603
861.0 99.02547001838684
862.0 99.1355299949646
863.0 98.54051470756531
864.0 99.32210445404053
865.0 99.93982315063477
866.0 98.59137535095215
867.0 99.56536889076233
868.0 99.6658205986023
869.0 98.87464642524719
870.0 98.28634262084961
871.0 99.09006357192993
872.0 99.51679706573486
873.0 99.35029149055481
874.0 100.26315450668335
875.0 99.2718517780304
876.0 99.31432604789734
877.0 99.60601329803467
878.0 99.28033947944641
879.0 99.08236861228943
880.0 99.01491403579712
881.0 100.10135173797607
882.0 99.05791878700256
883.0 99.31042194366455
884.0 99.34692978858948
885.0 99.10528063774109
886.0 99.04621839523315
887.0 99.10503625869751
888.0 99.33990240097046
889.0 99.59522485733032
890.0 98.69887232780457
891.0 99.83550906181335
892.0 99.32726621627808
893.0 98.83761405944824
894.0 98.61112236976624
895.0 100.32508373260498
