lsstCam/transmission_sensor/r01_s02/19700101T000000.ecsv
# %ECSV 1.0
# ---
# datatype:
# - {name: amp_name, datatype: string}
# - {name: wavelength, unit: nm, datatype: float32}
# - {name: efficiency, unit: '%', datatype: float64}
# meta: !!omap
# - {MODE: AMP}
# - {TYPE: transmission_sensor}
# - {CALIBDATE: '1970-01-01T00:00:00'}
# - {INSTRUME: LSSTCam}
# - {OBSTYPE: transmission_sensor}
# - {DETECTOR: 2}
# - {PARQUETFILE: qe_raft_allvalues_nircorrected_20230725_adjust.parquet}
# - {CORRFILE: qe_corr_factor_bydetnum.parquet}
# - {CALIBCLS: lsst.ip.isr.IntermediateSensorTransmissionCurve}
# - {CALIB_ID: 'raftName=R01 detectorName=S02 detector=2 calibDate=1970-01-01T00:00:00 ccd=2 ccdnum=2 filter=None'}
# - {DATE: '2025-03-03T21:56:47.382170'}
# - {CALIB_CREATION_DATE: '2025-03-03'}
# - {CALIB_CREATION_TIME: '21:56:47'}
# - __serialized_columns__:
#     efficiency:
#       __class__: astropy.units.quantity.Quantity
#       unit: !astropy.units.Unit {unit: '%'}
#       value: !astropy.table.SerializedColumn {name: efficiency}
#     wavelength:
#       __class__: astropy.units.quantity.Quantity
#       unit: !astropy.units.Unit {unit: nm}
#       value: !astropy.table.SerializedColumn {name: wavelength}
# schema: astropy-2.0
amp_name wavelength efficiency
C00 319.994 50.65219895304979
C00 324.969 52.82905890337905
C00 349.982 63.20218884381115
C00 374.975 75.98355516072735
C00 400.019 84.6657488944366
C00 424.965 85.18636209545687
C00 450.035 84.74101320801032
C00 475.003 85.04988963492485
C00 500.018 85.74159978520355
C00 525.002 86.76752415050451
C00 550.029 88.3176770331983
C00 575.023 89.84438768478304
C00 599.982 91.77197042471965
C00 619.997 92.53342637182583
C00 624.979 92.85170414998396
C00 650.012 94.16250474471583
C00 675.004 95.23050588936313
C00 700.03 96.06555225091915
C00 725.012 96.93298359232811
C00 750.022 98.51260168562682
C00 774.987 99.9394592862796
C00 799.976 100.10159820004412
C00 824.988 99.06751071024873
C00 850.022 97.59371514375292
C00 869.967 94.72331445483371
C00 875.002 93.6692853996769
C00 899.999 85.9129336790868
C00 919.999 77.04030525738231
C00 925.012 74.31137579624172
C00 949.965 62.07418720545473
C00 975.002 47.64797423303427
C00 999.976 30.33989742004616
C00 1025.028 14.706088523761014
C00 1050.014 5.808934422541987
C00 1075.002 0.9385121489552799
C00 1099.99 0.09311831322595046
C01 319.994 50.29940369341517
C01 324.969 52.42323772971806
C01 349.982 62.702789830088925
C01 374.975 75.7761063199937
C01 400.019 84.71434547265349
C01 424.965 85.31318861674545
C01 450.035 84.84327392206563
C01 475.003 85.09348744589515
C01 500.018 85.72459327584014
C01 525.002 86.69624967867809
C01 550.029 88.20963028427191
C01 575.023 89.71367068562212
C01 599.982 91.63050684031604
C01 619.997 92.38705574067556
C01 624.979 92.70613607320814
C01 650.012 94.01983350706304
C01 675.004 95.1014016423261
C01 700.03 95.94987741374797
C01 725.012 96.858300175254
C01 750.022 98.49390599038955
C01 774.987 99.96546204801189
C01 799.976 100.16103308400363
C01 824.988 99.12426276958504
C01 850.022 97.64794488934096
C01 869.967 94.80788075577608
C01 875.002 93.76063137423965
C01 899.999 86.12820933581513
C01 919.999 77.29692392945746
C01 925.012 74.55276122195225
C01 949.965 62.12638763498166
C01 975.002 47.65229656159382
C01 999.976 30.3491631013836
C01 1025.028 14.749976782981111
C01 1050.014 5.848604971897769
C01 1075.002 0.9383336178306734
C01 1099.99 0.09310059953178017
C02 319.994 49.84561269828687
C02 324.969 51.927755945680666
C02 349.982 62.1461534027182
C02 374.975 75.49575496855972
C02 400.019 84.65835010744163
C02 424.965 85.30874017249849
C02 450.035 84.81100359283762
C02 475.003 85.01119887070122
C02 500.018 85.59059726880643
C02 525.002 86.52034504654794
C02 550.029 88.00559038878595
C02 575.023 89.4923720493979
C02 599.982 91.39800301634946
C02 619.997 92.15204488971068
C02 624.979 92.46862583861999
C02 650.012 93.79875652871367
C02 675.004 94.88848014509617
C02 700.03 95.76205676000095
C02 725.012 96.71093590535442
C02 750.022 98.39941094532894
C02 774.987 99.92513560153937
C02 799.976 100.15507889488269
C02 824.988 99.11571747634088
C02 850.022 97.6384976778474
C02 869.967 94.78832135916441
C02 875.002 93.73345917613317
C02 899.999 86.08403062834523
C02 919.999 77.20742765164344
C02 925.012 74.45609545839311
C02 949.965 62.040885020602424
C02 975.002 47.551423120100054
C02 999.976 30.288541583456155
C02 1025.028 14.759562530646454
C02 1050.014 5.842441545386344
C02 1075.002 0.9374329180374352
C02 1099.99 0.09301123292575098
C03 319.994 49.49131933715327
C03 324.969 51.52582142820453
C03 349.982 61.674763536664386
C03 374.975 75.26811997446482
C03 400.019 84.6349155197076
C03 424.965 85.3348422981057
C03 450.035 84.81668262045876
C03 475.003 84.97172848222812
C03 500.018 85.5030271214911
C03 525.002 86.38959747388702
C03 550.029 87.83904889102442
C03 575.023 89.29891822827972
C03 599.982 91.18698471949325
C03 619.997 91.93636413410765
C03 624.979 92.25058328014354
C03 650.012 93.58082097748716
C03 675.004 94.680335757238
C03 700.03 95.57357877600437
C03 725.012 96.5602161938321
C03 750.022 98.30000121014668
C03 774.987 99.8685746265779
C03 799.976 100.1258506289026
C03 824.988 99.08460129673708
C03 850.022 97.59835467237475
C03 869.967 94.73443556545114
C03 875.002 93.6708828650508
C03 899.999 85.9674003692997
C03 919.999 77.01758914689779
C03 925.012 74.25518170328002
C03 949.965 61.8940022833275
C03 975.002 47.40685632544856
C03 999.976 30.19196180786571
C03 1025.028 14.73611647784993
C03 1050.014 5.833611058712673
C03 1075.002 0.9364854544250353
C03 1099.99 0.09291722645654558
C04 319.994 49.332390640886565
C04 324.969 51.33876893364449
C04 349.982 61.45309037506542
C04 374.975 75.2964692523205
C04 400.019 84.87888440616638
C04 424.965 85.6386282372737
C04 450.035 85.10787227763535
C04 475.003 85.23090004155152
C04 500.018 85.71854736621925
C04 525.002 86.5681008535154
C04 550.029 87.98259147342661
C04 575.023 89.41814723482348
C04 599.982 91.29631555541876
C04 619.997 92.04481598190876
C04 624.979 92.35886697369476
C04 650.012 93.68996072903781
C04 675.004 94.80208707753003
C04 700.03 95.717946842906
C04 725.012 96.74464318908144
C04 750.022 98.52757505724162
C04 774.987 100.13868385551886
C04 799.976 100.41979954445232
C04 824.988 99.36582399292045
C04 850.022 97.84590065833109
C04 869.967 94.92700275506992
C04 875.002 93.84958497242904
C04 899.999 86.0508965977428
C04 919.999 77.04191036613122
C04 925.012 74.26277157464983
C04 949.965 61.89337552657793
C04 975.002 47.35522532735874
C04 999.976 30.107901880516735
C04 1025.028 14.68838073474183
C04 1050.014 5.820494071799735
C04 1075.002 0.9386531797037707
C04 1099.99 0.09313230616725343
C05 319.994 48.81973419323587
C05 324.969 50.782151614711246
C05 349.982 60.80035379388518
C05 374.975 74.8849652293509
C05 400.019 84.67950696942722
C05 424.965 85.51469091173315
C05 450.035 84.98763434559227
C05 475.003 85.083436407777
C05 500.018 85.53681848234308
C05 525.002 86.34089388842021
C05 550.029 87.71173319373617
C05 575.023 89.1110822877827
C05 599.982 90.96388224677027
C05 619.997 91.70221698451718
C05 624.979 92.01764378380226
C05 650.012 93.34475534077302
C05 675.004 94.46244606626146
C05 700.03 95.39628304962517
C05 725.012 96.44908152140783
C05 750.022 98.25619702805152
C05 774.987 99.88845504493936
C05 799.976 100.17166501862138
C05 824.988 99.1222907788364
C05 850.022 97.56530471889727
C05 869.967 94.59760386629436
C05 875.002 93.51304717140835
C05 899.999 85.67217501012586
C05 919.999 76.70215470423773
C05 925.012 73.93234847362498
C05 949.965 61.556379123057546
C05 975.002 46.990919144981966
C05 999.976 29.823310366804396
C05 1025.028 14.552317194772039
C05 1050.014 5.780675432053429
C05 1075.002 0.9360675854630893
C05 1099.99 0.09287576588202963
C06 319.994 48.482990021090316
C06 324.969 50.42312700445587
C06 349.982 60.393428152537446
C06 374.975 74.72576901495937
C06 400.019 84.7147582149032
C06 424.965 85.61351975041582
C06 450.035 85.06675092016337
C06 475.003 85.12636160174775
C06 500.018 85.54252044008919
C06 525.002 86.31981346018458
C06 550.029 87.66385509276878
C06 575.023 89.05050089757397
C06 599.982 90.90051102468844
C06 619.997 91.64203304980819
C06 624.979 91.95560250896953
C06 650.012 93.27862486031808
C06 675.004 94.41121252367137
C06 700.03 95.36241525502325
C06 725.012 96.42067109655218
C06 750.022 98.23198281606803
C06 774.987 99.84698209221762
C06 799.976 100.10975368116357
C06 824.988 99.04433599726451
C06 850.022 97.4089671267538
C06 869.967 94.43629043702929
C06 875.002 93.37274538000395
C06 899.999 85.56895123082118
C06 919.999 76.54677253396859
C06 925.012 73.72791876601427
C06 949.965 61.05674316471048
C06 975.002 46.49073668532277
C06 999.976 29.53914114956052
C06 1025.028 14.436458916600982
C06 1050.014 5.746146485514456
C06 1075.002 0.9358369622297524
C06 1099.99 0.09285288365668716
C07 319.994 48.104669710660595
C07 324.969 49.999038164557334
C07 349.982 59.89709031050063
C07 374.975 74.40778168505103
C07 400.019 84.59077502911268
C07 424.965 85.53029868347252
C07 450.035 84.9625029286094
C07 475.003 84.9790814089731
C07 500.018 85.35456220559226
C07 525.002 86.10125879558349
C07 550.029 87.42394483843225
C07 575.023 88.78524521175471
C07 599.982 90.61548957113264
C07 619.997 91.35016313225707
C07 624.979 91.66180646091972
C07 650.012 92.99625565788547
C07 675.004 94.13485865735966
C07 700.03 95.07774539671722
C07 725.012 96.10462518389254
C07 750.022 97.86743204569142
C07 774.987 99.42348561388117
C07 799.976 99.66451944434193
C07 824.988 98.56876520508855
C07 850.022 96.83825160264266
C07 869.967 93.88790121127793
C07 875.002 92.84161489499084
C07 899.999 85.08720459164944
C07 919.999 75.9980011394675
C07 925.012 73.15906822540187
C07 949.965 60.21821906753183
C07 975.002 45.72281062128351
C07 999.976 29.154566647541305
C07 1025.028 14.265014193780297
C07 1050.014 5.663963006726703
C07 1075.002 0.932364361836889
C07 1099.99 0.09250833543591966
C10 319.994 50.71758802613024
C10 324.969 52.88506191196589
C10 349.982 63.28286466688118
C10 374.975 76.09612678765065
C10 400.019 84.82625212595224
C10 424.965 85.33526268373042
C10 450.035 84.89835208227811
C10 475.003 85.21851013068496
C10 500.018 85.91450821433574
C10 525.002 86.93168091526766
C10 550.029 88.46636360697198
C10 575.023 89.98429966406272
C10 599.982 91.90582885100345
C10 619.997 92.66533573748595
C10 624.979 92.98589888476752
C10 650.012 94.3157620567364
C10 675.004 95.39736840887443
C10 700.03 96.09256393815075
C10 725.012 96.68021718125034
C10 750.022 97.90127691016835
C10 774.987 98.97443733293714
C10 799.976 99.0135408394105
C10 824.988 97.99577959860396
C10 850.022 96.39214602107162
C10 869.967 93.59319560160374
C10 875.002 92.60181164790423
C10 899.999 85.5337076287202
C10 919.999 76.90967997872133
C10 925.012 74.18050592958089
C10 949.965 61.21327184122883
C10 975.002 46.59022667594248
C10 999.976 30.26635668753377
C10 1025.028 14.680042768044386
C10 1050.014 5.881858907945424
C10 1075.002 0.9326910790117489
C10 1099.99 0.09254075201386036
C11 319.994 50.53724641481561
C11 324.969 52.66041165580646
C11 349.982 63.00150438994789
C11 374.975 76.1584279372332
C11 400.019 85.18422959383332
C11 424.965 85.77292233593221
C11 450.035 85.31129305974675
C11 475.003 85.57405700531771
C11 500.018 86.21188136188312
C11 525.002 87.18621294596923
C11 550.029 88.69699480406484
C11 575.023 90.19880333991657
C11 599.982 92.12094399685688
C11 619.997 92.88153624258864
C11 624.979 93.20281786711972
C11 650.012 94.54550662232987
C11 675.004 95.63662897633641
C11 700.03 96.35827058309471
C11 725.012 96.99895356190817
C11 750.022 98.2893998490289
C11 774.987 99.42473912738032
C11 799.976 99.49292567570886
C11 824.988 98.44987250704456
C11 850.022 96.81401446053418
C11 869.967 94.03164252142999
C11 875.002 93.04432484322771
C11 899.999 85.89864056784654
C11 919.999 77.14152647243836
C11 925.012 74.38439295756697
C11 949.965 61.2354720239012
C11 975.002 46.61356189980158
C11 999.976 30.33452794911232
C11 1025.028 14.665534686882397
C11 1050.014 5.941273250334628
C11 1075.002 0.9363881575654777
C11 1099.99 0.09290757275152506
C12 319.994 50.11540472716555
C12 324.969 52.195679169373115
C12 349.982 62.487586785423055
C12 374.975 75.91925909027117
C12 400.019 85.15058345710625
C12 424.965 85.78751353879727
C12 450.035 85.29764963538105
C12 475.003 85.50869086236224
C12 500.018 86.09747532496107
C12 525.002 87.02804094382701
C12 550.029 88.5064148919447
C12 575.023 89.989749390434
C12 599.982 91.89995873900745
C12 619.997 92.66106309086386
C12 624.979 92.97783512414802
C12 650.012 94.32688316735383
C12 675.004 95.4314502179762
C12 700.03 96.17463085546983
C12 725.012 96.86413207037504
C12 750.022 98.22063240420076
C12 774.987 99.42134546888263
C12 799.976 99.52207750793899
C12 824.988 98.46000762228765
C12 850.022 96.79190982004924
C12 869.967 94.00503593307312
C12 875.002 93.00723154437799
C12 899.999 85.76645604068662
C12 919.999 76.91451059171803
C12 925.012 74.14195274610717
C12 949.965 60.98239605613614
C12 975.002 46.424445693992936
C12 999.976 30.17929673549934
C12 1025.028 14.596767242054252
C12 1050.014 5.931371735739813
C12 1075.002 0.9357324611302753
C12 1099.99 0.09284251515360023
C13 319.994 49.8084353223122
C13 324.969 51.85376425404358
C13 349.982 62.09071600388097
C13 374.975 75.77579294161892
C13 400.019 85.21315212481362
C13 424.965 85.90324187959341
C13 450.035 85.39773198756285
C13 475.003 85.57199329406912
C13 500.018 86.1129913762005
C13 525.002 87.00257321834437
C13 550.029 88.44538254261128
C13 575.023 89.90368498799265
C13 599.982 91.797889109327
C13 619.997 92.55319978293736
C13 624.979 92.86637178659898
C13 650.012 94.219501392052
C13 675.004 95.33367616504283
C13 700.03 96.10483919839238
C13 725.012 96.85027463150946
C13 750.022 98.27547361978839
C13 774.987 99.53637061917925
C13 799.976 99.66361752609255
C13 824.988 98.59017429844896
C13 850.022 96.88638193498487
C13 869.967 94.06762753090547
C13 875.002 93.04985100334895
C13 899.999 85.70665427472736
C13 919.999 76.76972213919169
C13 925.012 73.97044305459902
C13 949.965 60.79018810514211
C13 975.002 46.23440081812243
C13 999.976 30.009411261177593
C13 1025.028 14.528216677991585
C13 1050.014 5.9110728425973935
C13 1075.002 0.9362543930652885
C13 1099.99 0.09289430076070322
C14 319.994 49.38167130116548
C14 324.969 51.38080749611584
C14 349.982 61.51260933614987
C14 374.975 75.4532272300887
C14 400.019 85.13130686536938
C14 424.965 85.91219991508731
C14 450.035 85.41489136442615
C14 475.003 85.5715729084444
C14 500.018 86.07626495935052
C14 525.002 86.92046044077532
C14 550.029 88.31528465682493
C14 575.023 89.72625168086354
C14 599.982 91.59293965221664
C14 619.997 92.33664003920991
C14 624.979 92.64962095849666
C14 650.012 93.99790466420298
C14 675.004 95.12527190243483
C14 700.03 95.92192559139201
C14 725.012 96.72217166659675
C14 750.022 98.208532941584
C14 774.987 99.5307374518081
C14 799.976 99.68193869595507
C14 824.988 98.59411827994627
C14 850.022 96.85541862288096
C14 869.967 94.03812410342557
C14 875.002 93.01072456675061
C14 899.999 85.54651792521148
C14 919.999 76.5266628143573
C14 925.012 73.7071822896534
C14 949.965 60.51188135651923
C14 975.002 46.00105622290642
C14 999.976 29.797158559259714
C14 1025.028 14.410992146540208
C14 1050.014 5.872780011584422
C14 1075.002 0.9356161376203825
C14 1099.99 0.09283097364181289
C15 319.994 48.94056448684104
C15 324.969 50.892109207386326
C15 349.982 60.90736868718726
C15 374.975 75.13890107680287
C15 400.019 85.09559701739371
C15 424.965 85.98230495053954
C15 450.035 85.49909078336879
C15 475.003 85.64252635852105
C15 500.018 86.11617102019832
C15 525.002 86.92036107690038
C15 550.029 88.26402054073486
C15 575.023 89.62613111180676
C15 599.982 91.463262152055
C15 619.997 92.19595607905576
C15 624.979 92.51092427584116
C15 650.012 93.85310856830164
C15 675.004 94.99324788614979
C15 700.03 95.8228750948345
C15 725.012 96.66441832513611
C15 750.022 98.2033889502125
C15 774.987 99.57495437615296
C15 799.976 99.7458908145365
C15 824.988 98.64849324965923
C15 850.022 96.91068022409331
C15 869.967 94.11516167999808
C15 875.002 93.08656213344894
C15 899.999 85.5068564523635
C15 919.999 76.4239205676773
C15 925.012 73.57483725161858
C15 949.965 60.30400830847337
C15 975.002 45.93703149226255
C15 999.976 29.7003208197632
C15 1025.028 14.324424236771067
C15 1050.014 5.867565796705162
C15 1075.002 0.9355667040146128
C15 1099.99 0.09282606888486213
C16 319.994 48.61307262012668
C16 324.969 50.53501837100463
C16 349.982 60.48898944840983
C16 374.975 74.98054563366077
C16 400.019 85.1519821947303
C16 424.965 86.10238237170772
C16 450.035 85.60113748292426
C16 475.003 85.7061650987277
C16 500.018 86.14215849518062
C16 525.002 86.91468969265425
C16 550.029 88.22938840863345
C16 575.023 89.57098416121933
C16 599.982 91.3967800763503
C16 619.997 92.12741029210247
C16 624.979 92.43912241114008
C16 650.012 93.78280480509954
C16 675.004 94.93602193756378
C16 700.03 95.7829537472367
C16 725.012 96.64265763652594
C16 750.022 98.19296338671961
C16 774.987 99.5756422799025
C16 799.976 99.75106537940798
C16 824.988 98.66361948877392
C16 850.022 96.96772273167944
C16 869.967 94.20543758206158
C16 875.002 93.18802029312981
C16 899.999 85.57768760844023
C16 919.999 76.46952094289624
C16 925.012 73.58783098910972
C16 949.965 60.21228398684837
C16 975.002 46.03233673507261
C16 999.976 29.699825911232285
C16 1025.028 14.323815633037107
C16 1050.014 5.876702018378625
C16 1075.002 0.9354672859965842
C16 1099.99 0.0928162047204468
C17 319.994 48.304352882399535
C17 324.969 50.19294676648771
C17 349.982 60.12121699547292
C17 374.975 74.81115315702618
C17 400.019 85.14063178286303
C17 424.965 86.11538375257386
C17 450.035 85.57346846544311
C17 475.003 85.61817456578764
C17 500.018 86.0033624486502
C17 525.002 86.74203349489689
C17 550.029 88.03659191776482
C17 575.023 89.36658502710861
C17 599.982 91.18116046774722
C17 619.997 91.91114099662484
C17 624.979 92.22613212353521
C17 650.012 93.56853807387054
C17 675.004 94.72891704870489
C17 700.03 95.56776216763333
C17 725.012 96.3968696268184
C17 750.022 97.90508331091576
C17 774.987 99.24448541487814
C17 799.976 99.42657353737907
C17 824.988 98.3858210245882
C17 850.022 96.76618986319177
C17 869.967 94.0581879627869
C17 875.002 93.06169823459088
C17 899.999 85.61981789141153
C17 919.999 76.55111397096564
C17 925.012 73.66087108055996
C17 949.965 60.27654184042959
C17 975.002 46.2542621280464
C17 999.976 29.724655414902866
C17 1025.028 14.454883272025928
C17 1050.014 5.889269637713812
C17 1075.002 0.9327250260693889
C17 1099.99 0.09254412020973289
