lsstCam/transmission_sensor/r01_s02/19700101T000000.ecsv
# %ECSV 1.0
# ---
# datatype:
# - {name: amp_name, datatype: string}
# - {name: wavelength, unit: nm, datatype: float32}
# - {name: efficiency, unit: '%', datatype: float64}
# meta: !!omap
# - {MODE: AMP}
# - {TYPE: transmission_sensor}
# - {CALIBDATE: '1970-01-01T00:00:00'}
# - {INSTRUME: LSSTCAM}
# - {OBSTYPE: transmission_sensor}
# - {DETECTOR: 2}
# - {PARQUETFILE: qe_raft_allvalues_nircorrected_20230725.parquet}
# - {CALIBCLS: lsst.ip.isr.IntermediateSensorTransmissionCurve}
# - {CALIB_ID: 'raftName=R01 detectorName=S02 detector=2 calibDate=1970-01-01T00:00:00 ccd=2 ccdnum=2 filter=None'}
# - {DATE: '2024-01-18T22:42:24.976507'}
# - {CALIB_CREATION_DATE: '2024-01-18'}
# - {CALIB_CREATION_TIME: '22:42:24'}
# - __serialized_columns__:
#     efficiency:
#       __class__: astropy.units.quantity.Quantity
#       unit: !astropy.units.Unit {unit: '%'}
#       value: !astropy.table.SerializedColumn {name: efficiency}
#     wavelength:
#       __class__: astropy.units.quantity.Quantity
#       unit: !astropy.units.Unit {unit: nm}
#       value: !astropy.table.SerializedColumn {name: wavelength}
# schema: astropy-2.0
amp_name wavelength efficiency
C00 319.994 50.55955123901367
C00 324.969 52.73242950439453
C00 349.982 63.086585998535156
C00 374.975 75.84457397460938
C00 400.019 84.5108871459961
C00 424.965 85.03054809570312
C00 450.035 84.58601379394531
C00 475.003 84.89432525634766
C00 500.018 85.58477020263672
C00 525.002 86.60881805419922
C00 550.029 88.15613555908203
C00 575.023 89.6800537109375
C00 599.982 91.60411071777344
C00 619.997 92.36417388916016
C00 624.979 92.68186950683594
C00 650.012 93.99027252197266
C00 675.004 95.05632019042969
C00 700.03 95.88983917236328
C00 725.012 96.75568389892578
C00 750.022 98.33241271972656
C00 774.987 99.75666046142578
C00 799.976 99.91850280761719
C00 824.988 98.88630676269531
C00 850.022 97.41520690917969
C00 869.967 94.55005645751953
C00 875.002 93.49795532226562
C00 899.999 85.75579071044922
C00 919.999 76.8993911743164
C00 925.012 74.17545318603516
C00 949.965 61.96064758300781
C00 975.002 47.560821533203125
C00 999.976 30.28440284729004
C00 1025.028 14.679189682006836
C00 1050.014 5.798309326171875
C00 1075.002 0.9367955205167707
C00 1099.99 0.09294799092931572
C01 319.994 50.207401275634766
C01 324.969 52.32735061645508
C01 349.982 62.58810043334961
C01 374.975 75.63750457763672
C01 400.019 84.55939483642578
C01 424.965 85.15714263916016
C01 450.035 84.6880874633789
C01 475.003 84.9378433227539
C01 500.018 85.56779479980469
C01 525.002 86.53767395019531
C01 550.029 88.04828643798828
C01 575.023 89.54957580566406
C01 599.982 91.46290588378906
C01 619.997 92.21807098388672
C01 624.979 92.53656768798828
C01 650.012 93.84786224365234
C01 675.004 94.92745208740234
C01 700.03 95.77437591552734
C01 725.012 96.68113708496094
C01 750.022 98.31375122070312
C01 774.987 99.7826156616211
C01 799.976 99.97782897949219
C01 824.988 98.94295501708984
C01 850.022 97.4693374633789
C01 869.967 94.63446807861328
C01 875.002 93.5891342163086
C01 899.999 85.97067260742188
C01 919.999 77.1555404663086
C01 925.012 74.41639709472656
C01 949.965 62.012752532958984
C01 975.002 47.56513595581055
C01 999.976 30.293651580810547
C01 1025.028 14.722997665405273
C01 1050.014 5.837907314300537
C01 1075.002 0.936617315942658
C01 1099.99 0.09293030963518542
C02 319.994 49.75444030761719
C02 324.969 51.8327751159668
C02 349.982 62.0324821472168
C02 374.975 75.357666015625
C02 400.019 84.50350189208984
C02 424.965 85.15270233154297
C02 450.035 84.65587615966797
C02 475.003 84.85570526123047
C02 500.018 85.43404388427734
C02 525.002 86.36209106445312
C02 550.029 87.84461975097656
C02 575.023 89.32868194580078
C02 599.982 91.23082733154297
C02 619.997 91.98348999023438
C02 624.979 92.29949188232422
C02 650.012 93.62718963623047
C02 675.004 94.71492004394531
C02 700.03 95.58689880371094
C02 725.012 96.53404235839844
C02 750.022 98.21942901611328
C02 774.987 99.74236297607422
C02 799.976 99.97188568115234
C02 824.988 98.9344253540039
C02 850.022 97.45990753173828
C02 869.967 94.61494445800781
C02 875.002 93.56201171875
C02 899.999 85.92657470703125
C02 919.999 77.06620788574219
C02 925.012 74.31990814208984
C02 949.965 61.927406311035156
C02 975.002 47.464447021484375
C02 999.976 30.23314094543457
C02 1025.028 14.732565879821777
C02 1050.014 5.8317551612854
C02 1075.002 0.935718263615445
C02 1099.99 0.09284110648922175
C03 319.994 49.400794982910156
C03 324.969 51.431575775146484
C03 349.982 61.561954498291016
C03 374.975 75.13044738769531
C03 400.019 84.48011016845703
C03 424.965 85.17875671386719
C03 450.035 84.66154479980469
C03 475.003 84.8163070678711
C03 500.018 85.34663391113281
C03 525.002 86.23158264160156
C03 550.029 87.67838287353516
C03 575.023 89.13558197021484
C03 599.982 91.02019500732422
C03 619.997 91.76820373535156
C03 624.979 92.08184814453125
C03 650.012 93.40965270996094
C03 675.004 94.50715637207031
C03 700.03 95.39876556396484
C03 725.012 96.38359832763672
C03 750.022 98.12020111083984
C03 774.987 99.68590545654297
C03 799.976 99.94271087646484
C03 824.988 98.90336608886719
C03 850.022 97.41983795166016
C03 869.967 94.5611572265625
C03 875.002 93.49954986572266
C03 899.999 85.8101577758789
C03 919.999 76.87671661376953
C03 925.012 74.1193618774414
C03 949.965 61.780792236328125
C03 975.002 47.32014465332031
C03 999.976 30.136737823486328
C03 1025.028 14.709162712097168
C03 1050.014 5.822940826416016
C03 1075.002 0.9347725330045659
C03 1099.99 0.09274727196683519
C04 319.994 49.242156982421875
C04 324.969 51.24486541748047
C04 349.982 61.3406867980957
C04 374.975 75.15874481201172
C04 400.019 84.7236328125
C04 424.965 85.48198699951172
C04 450.035 84.95220184326172
C04 475.003 85.07500457763672
C04 500.018 85.56175994873047
C04 525.002 86.40975952148438
C04 550.029 87.82166290283203
C04 575.023 89.25459289550781
C04 599.982 91.12932586669922
C04 619.997 91.87645721435547
C04 624.979 92.18993377685547
C04 650.012 93.51859283447266
C04 675.004 94.6286849975586
C04 700.03 95.5428695678711
C04 725.012 96.56768798828125
C04 750.022 98.34735870361328
C04 774.987 99.95552062988281
C04 799.976 100.23612213134766
C04 824.988 99.18407440185547
C04 850.022 97.66693115234375
C04 869.967 94.75337219238281
C04 875.002 93.67792510986328
C04 899.999 85.89350128173828
C04 919.999 76.90099334716797
C04 925.012 74.12693786621094
C04 949.965 61.78016662597656
C04 975.002 47.26860809326172
C04 999.976 30.052831649780273
C04 1025.028 14.661514282226562
C04 1050.014 5.809847831726074
C04 1075.002 0.9369362933065405
C04 1099.99 0.09296195827619137
C05 319.994 48.730438232421875
C05 324.969 50.689266204833984
C05 349.982 60.689144134521484
C05 374.975 74.74799346923828
C05 400.019 84.52462005615234
C05 424.965 85.3582763671875
C05 450.035 84.83218383789062
C05 475.003 84.92781066894531
C05 500.018 85.38036346435547
C05 525.002 86.18296813964844
C05 550.029 87.55130004882812
C05 575.023 88.94808959960938
C05 599.982 90.79750061035156
C05 619.997 91.53448486328125
C05 624.979 91.84933471679688
C05 650.012 93.17401885986328
C05 675.004 94.28966522216797
C05 700.03 95.22179412841797
C05 725.012 96.27266693115234
C05 750.022 98.07647705078125
C05 774.987 99.70574951171875
C05 799.976 99.98844146728516
C05 824.988 98.94098663330078
C05 850.022 97.38684844970703
C05 869.967 94.42457580566406
C05 875.002 93.34200286865234
C05 899.999 85.51547241210938
C05 919.999 76.56185913085938
C05 925.012 73.797119140625
C05 949.965 61.44378662109375
C05 975.002 46.90496826171875
C05 999.976 29.768760681152344
C05 1025.028 14.525699615478516
C05 1050.014 5.770102024078369
C05 1075.002 0.9343554283648979
C05 1099.99 0.09270588722767349
C06 319.994 48.394309997558594
C06 324.969 50.33089828491211
C06 349.982 60.282962799072266
C06 374.975 74.5890884399414
C06 400.019 84.55980682373047
C06 424.965 85.45692443847656
C06 450.035 84.9111557006836
C06 475.003 84.97065734863281
C06 500.018 85.38605499267578
C06 525.002 86.16192626953125
C06 550.029 87.50350952148438
C06 575.023 88.88761901855469
C06 599.982 90.73424530029297
C06 619.997 91.47441101074219
C06 624.979 91.78740692138672
C06 650.012 93.1080093383789
C06 675.004 94.238525390625
C06 700.03 95.18798828125
C06 725.012 96.24430847167969
C06 750.022 98.05230712890625
C06 774.987 99.66435241699219
C06 799.976 99.92664337158203
C06 824.988 98.86317443847656
C06 850.022 97.23079681396484
C06 869.967 94.26355743408203
C06 875.002 93.20195770263672
C06 899.999 85.41243743896484
C06 919.999 76.4067611694336
C06 925.012 73.59306335449219
C06 949.965 60.945064544677734
C06 975.002 46.40570068359375
C06 999.976 29.485111236572266
C06 1025.028 14.410053253173828
C06 1050.014 5.735636234283447
C06 1075.002 0.9341252269635015
C06 1099.99 0.09268304685610862
C07 319.994 48.01668167114258
C07 324.969 49.90758514404297
C07 349.982 59.787532806396484
C07 374.975 74.27168273925781
C07 400.019 84.43605041503906
C07 424.965 85.37385559082031
C07 450.035 84.80709838867188
C07 475.003 84.82364654541016
C07 500.018 85.19844055175781
C07 525.002 85.94377136230469
C07 550.029 87.2640380859375
C07 575.023 88.62284851074219
C07 599.982 90.44974517822266
C07 619.997 91.18307495117188
C07 624.979 91.49414825439453
C07 650.012 92.82615661621094
C07 675.004 93.96267700195312
C07 700.03 94.90383911132812
C07 725.012 95.92884063720703
C07 750.022 97.68842315673828
C07 774.987 99.24163055419922
C07 799.976 99.48222351074219
C07 824.988 98.38847351074219
C07 850.022 96.66112518310547
C07 869.967 93.71617126464844
C07 875.002 92.67179870605469
C07 899.999 84.93157196044922
C07 919.999 75.85899353027344
C07 925.012 73.02525329589844
C07 949.965 60.10807418823242
C07 975.002 45.63917922973633
C07 999.976 29.101240158081055
C07 1025.028 14.238922119140625
C07 1050.014 5.6536030769348145
C07 1075.002 0.9306589782887236
C07 1099.99 0.09233912884697436
C10 319.994 50.624820709228516
C10 324.969 52.788330078125
C10 349.982 63.1671142578125
C10 374.975 75.95693969726562
C10 400.019 84.67109680175781
C10 424.965 85.1791763305664
C10 450.035 84.7430648803711
C10 475.003 85.06263732910156
C10 500.018 85.75736236572266
C10 525.002 86.77267456054688
C10 550.029 88.30455017089844
C10 575.023 89.81970977783203
C10 599.982 91.73772430419922
C10 619.997 92.49584197998047
C10 624.979 92.8158187866211
C10 650.012 94.14324951171875
C10 675.004 95.2228775024414
C10 700.03 95.91680145263672
C10 725.012 96.50337982177734
C10 750.022 97.72220611572266
C10 774.987 98.79340362548828
C10 799.976 98.83243560791016
C10 824.988 97.81653594970703
C10 850.022 96.21583557128906
C10 869.967 93.42200469970703
C10 875.002 92.43243408203125
C10 899.999 85.37725830078125
C10 919.999 76.76900482177734
C10 925.012 74.0448226928711
C10 949.965 61.1013069152832
C10 975.002 46.505008697509766
C10 999.976 30.210996627807617
C10 1025.028 14.653191566467285
C10 1050.014 5.871100425720215
C10 1075.002 0.9309850978666377
C10 1099.99 0.09237148613189511
C11 319.994 50.44480895996094
C11 324.969 52.564090728759766
C11 349.982 62.886268615722656
C11 374.975 76.01912689208984
C11 400.019 85.0284194946289
C11 424.965 85.61603546142578
C11 450.035 85.1552505493164
C11 475.003 85.41753387451172
C11 500.018 86.05419158935547
C11 525.002 87.02674102783203
C11 550.029 88.53475952148438
C11 575.023 90.03382110595703
C11 599.982 91.95244598388672
C11 619.997 92.7116470336914
C11 624.979 93.03234100341797
C11 650.012 94.37257385253906
C11 675.004 95.46170043945312
C11 700.03 96.18202209472656
C11 725.012 96.821533203125
C11 750.022 98.109619140625
C11 774.987 99.24288177490234
C11 799.976 99.31094360351562
C11 824.988 98.2697982788086
C11 850.022 96.63693237304688
C11 869.967 93.85964965820312
C11 875.002 92.87413787841797
C11 899.999 85.74152374267578
C11 919.999 77.00042724609375
C11 925.012 74.24833679199219
C11 949.965 61.12346649169922
C11 975.002 46.52830123901367
C11 999.976 30.279043197631836
C11 1025.028 14.638710021972656
C11 1050.014 5.930406093597412
C11 1075.002 0.9346754141102657
C11 1099.99 0.092737635919364
C12 319.994 50.023738861083984
C12 324.969 52.1002082824707
C12 349.982 62.373291015625
C12 374.975 75.7803955078125
C12 400.019 84.99483489990234
C12 424.965 85.63059997558594
C12 450.035 85.14163208007812
C12 475.003 85.35228729248047
C12 500.018 85.93999481201172
C12 525.002 86.86885833740234
C12 550.029 88.34452819824219
C12 575.023 89.82514953613281
C12 599.982 91.73186492919922
C12 619.997 92.4915771484375
C12 624.979 92.80776977539062
C12 650.012 94.15435028076172
C12 675.004 95.25689697265625
C12 700.03 95.99871826171875
C12 725.012 96.68695831298828
C12 750.022 98.04097747802734
C12 774.987 99.23949432373047
C12 799.976 99.34004211425781
C12 824.988 98.27991485595703
C12 850.022 96.6148681640625
C12 869.967 93.83309173583984
C12 875.002 92.83711242675781
C12 899.999 85.60958099365234
C12 919.999 76.7738265991211
C12 925.012 74.00634002685547
C12 949.965 60.870853424072266
C12 975.002 46.33953094482422
C12 999.976 30.124095916748047
C12 1025.028 14.570068359375
C12 1050.014 5.920522689819336
C12 1075.002 0.9340209170065252
C12 1099.99 0.09267269731800502
C13 319.994 49.71733093261719
C13 324.969 51.75891876220703
C13 349.982 61.97714614868164
C13 374.975 75.63719177246094
C13 400.019 85.05728912353516
C13 424.965 85.7461166381836
C13 450.035 85.24153137207031
C13 475.003 85.41547393798828
C13 500.018 85.95548248291016
C13 525.002 86.84343719482422
C13 550.029 88.28360748291016
C13 575.023 89.73924255371094
C13 599.982 91.6299819946289
C13 619.997 92.3839111328125
C13 624.979 92.6965103149414
C13 650.012 94.04716491699219
C13 675.004 95.1593017578125
C13 700.03 95.9290542602539
C13 725.012 96.67312622070312
C13 750.022 98.09571838378906
C13 774.987 99.35430908203125
C13 799.976 99.4813232421875
C13 824.988 98.40984344482422
C13 850.022 96.70916748046875
C13 869.967 93.89556884765625
C13 875.002 92.87965393066406
C13 899.999 85.54988861083984
C13 919.999 76.62930297851562
C13 925.012 73.83514404296875
C13 949.965 60.67899703979492
C13 975.002 46.14983367919922
C13 999.976 29.95452117919922
C13 1025.028 14.501643180847168
C13 1050.014 5.900260925292969
C13 1075.002 0.9345418942781346
C13 1099.99 0.09272438820428212
C14 319.994 49.29134750366211
C14 324.969 51.286827087402344
C14 349.982 61.40009689331055
C14 374.975 75.31521606445312
C14 400.019 84.97559356689453
C14 424.965 85.75505828857422
C14 450.035 85.25865936279297
C14 475.003 85.41505432128906
C14 500.018 85.9188232421875
C14 525.002 86.761474609375
C14 550.029 88.15374755859375
C14 575.023 89.5621337890625
C14 599.982 91.42540740966797
C14 619.997 92.1677474975586
C14 624.979 92.48015594482422
C14 650.012 93.82597351074219
C14 675.004 94.95127868652344
C14 700.03 95.74647521972656
C14 725.012 96.54525756835938
C14 750.022 98.02890014648438
C14 774.987 99.34868621826172
C14 799.976 99.4996109008789
C14 824.988 98.41378021240234
C14 850.022 96.67826080322266
C14 869.967 93.86611938476562
C14 875.002 92.8405990600586
C14 899.999 85.39004516601562
C14 919.999 76.38668823242188
C14 925.012 73.5723648071289
C14 949.965 60.40119934082031
C14 975.002 45.91691589355469
C14 999.976 29.742656707763672
C14 1025.028 14.38463306427002
C14 1050.014 5.8620381355285645
C14 1075.002 0.9339048062634522
C14 1099.99 0.09266117691674607
C15 319.994 48.85104751586914
C15 324.969 50.79902267456055
C15 349.982 60.795963287353516
C15 374.975 75.00146484375
C15 400.019 84.93994903564453
C15 424.965 85.82503509521484
C15 450.035 85.34270477294922
C15 475.003 85.48587799072266
C15 500.018 85.95865631103516
C15 525.002 86.7613754272461
C15 550.029 88.10257720947266
C15 575.023 89.46219635009766
C15 599.982 91.29596710205078
C15 619.997 92.0273208618164
C15 624.979 92.34171295166016
C15 650.012 93.68144226074219
C15 675.004 94.81949615478516
C15 700.03 95.6476058959961
C15 725.012 96.48760986328125
C15 750.022 98.02376556396484
C15 774.987 99.392822265625
C15 799.976 99.56344604492188
C15 824.988 98.46805572509766
C15 850.022 96.7334213256836
C15 869.967 93.9430160522461
C15 875.002 92.91629791259766
C15 899.999 85.35045623779297
C15 919.999 76.28413391113281
C15 925.012 73.44026184082031
C15 949.965 60.19370651245117
C15 975.002 45.85300827026367
C15 999.976 29.64599609375
C15 1025.028 14.298223495483398
C15 1050.014 5.856833457946777
C15 1075.002 0.933855463076473
C15 1099.99 0.09265628113106464
C16 319.994 48.52415466308594
C16 324.969 50.44258499145508
C16 349.982 60.37834930419922
C16 374.975 74.84339904785156
C16 400.019 84.99623107910156
C16 424.965 85.94489288330078
C16 450.035 85.44456481933594
C16 475.003 85.54940032958984
C16 500.018 85.9845962524414
C16 525.002 86.7557144165039
C16 550.029 88.06800842285156
C16 575.023 89.40715026855469
C16 599.982 91.22960662841797
C16 619.997 91.95890045166016
C16 624.979 92.2700424194336
C16 650.012 93.61126708984375
C16 675.004 94.76237487792969
C16 700.03 95.60775756835938
C16 725.012 96.46588897705078
C16 750.022 98.01335906982422
C16 774.987 99.39350891113281
C16 799.976 99.56861114501953
C16 824.988 98.483154296875
C16 850.022 96.79035949707031
C16 869.967 94.03312683105469
C16 875.002 93.01757049560547
C16 899.999 85.42115783691406
C16 919.999 76.32965087890625
C16 925.012 73.45323181152344
C16 949.965 60.102149963378906
C16 975.002 45.94813919067383
C16 999.976 29.6455020904541
C16 1025.028 14.297616004943848
C16 1050.014 5.865952968597412
C16 1075.002 0.9337562269035035
C16 1099.99 0.092646435009149
C17 319.994 48.215999603271484
C17 324.969 50.101139068603516
C17 349.982 60.01124954223633
C17 374.975 74.67431640625
C17 400.019 84.98490142822266
C17 424.965 85.95787048339844
C17 450.035 85.41694641113281
C17 475.003 85.4615707397461
C17 500.018 85.84605407714844
C17 525.002 86.5833740234375
C17 550.029 87.87556457519531
C17 575.023 89.203125
C17 599.982 91.0143814086914
C17 619.997 91.74302673339844
C17 624.979 92.05744171142578
C17 650.012 93.39739227294922
C17 675.004 94.55564880371094
C17 700.03 95.39295959472656
C17 725.012 96.22055053710938
C17 750.022 97.72600555419922
C17 774.987 99.06295776367188
C17 799.976 99.24471282958984
C17 824.988 98.20586395263672
C17 850.022 96.58919525146484
C17 869.967 93.88614654541016
C17 875.002 92.8914794921875
C17 899.999 85.46321105957031
C17 919.999 76.41109466552734
C17 925.012 73.52613830566406
C17 949.965 60.166290283203125
C17 975.002 46.16965866088867
C17 999.976 29.670286178588867
C17 1025.028 14.428443908691406
C17 1050.014 5.87849760055542
C17 1075.002 0.9310189828318641
C17 1099.99 0.0923748481670154
