lsstCam/transmission_sensor/r20_s22/19700101T000000.ecsv
# %ECSV 0.9
# ---
# datatype:
# - {name: amp_name, datatype: string}
# - {name: wavelength, unit: nm, datatype: float32}
# - {name: efficiency, unit: '%', datatype: float32}
# meta: !!omap
# - {MODE: AMP}
# - {TYPE: transmission_sensor}
# - {CALIBDATE: '1970-01-01T00:00:00'}
# - {INSTRUME: LSSTCAM}
# - {OBSTYPE: transmission_sensor}
# - {DETECTOR: 80}
# - {CALIBCLS: lsst.ip.isr.IntermediateSensorTransmissionCurve}
# - {PICKLEFILE: RaftRun10928.p}
# - {CALIB_ID: 'raftName=R20 detectorName=S22 detector=80 calibDate=1970-01-01T00:00:00 ccd=80 ccdnum=80 filter=None'}
# - {DATE: '2020-07-23T19:15:46.741379'}
# - {CALIB_CREATION_DATE: '2020-07-23'}
# - {CALIB_CREATION_TIME: '19:15:46'}
# - __serialized_columns__:
#     efficiency:
#       __class__: astropy.units.quantity.Quantity
#       unit: !astropy.units.Unit {unit: '%'}
#       value: !astropy.table.SerializedColumn {name: efficiency}
#     wavelength:
#       __class__: astropy.units.quantity.Quantity
#       unit: !astropy.units.Unit {unit: nm}
#       value: !astropy.table.SerializedColumn {name: wavelength}
# schema: astropy-2.0
amp_name wavelength efficiency
C11 319.994 50.480156
C11 324.969 52.70945
C11 349.982 63.828133
C11 374.975 77.48201
C11 400.019 86.107796
C11 424.965 86.29769
C11 450.035 85.456635
C11 475.003 85.66089
C11 500.018 86.21153
C11 525.002 86.960144
C11 550.029 88.42326
C11 575.023 90.12656
C11 599.982 91.89601
C11 619.997 92.92652
C11 624.979 93.337715
C11 650.012 94.53657
C11 675.004 95.960304
C11 700.03 96.78981
C11 725.012 97.73566
C11 750.022 99.15328
C11 774.987 100.26384
C11 799.976 100.66715
C11 824.988 99.92606
C11 850.022 98.97737
C11 869.967 96.66707
C11 875.002 95.55155
C11 899.999 88.94564
C11 919.999 80.156715
C11 925.012 77.25228
C11 949.965 63.43334
C11 975.002 48.74258
C11 999.976 31.991049
C11 1025.028 15.4909315
C11 1050.014 6.233939
C11 1075.002 3.4671087
C11 1099.99 2.2841754
C05 319.994 49.01723
C05 324.969 51.114452
C05 349.982 62.01958
C05 374.975 76.615524
C05 400.019 86.034874
C05 424.965 86.386375
C05 450.035 85.36698
C05 475.003 85.275215
C05 500.018 85.61351
C05 525.002 86.23256
C05 550.029 87.64597
C05 575.023 89.399025
C05 599.982 91.257805
C05 619.997 92.35719
C05 624.979 92.784744
C05 650.012 94.05634
C05 675.004 95.54567
C05 700.03 96.4099
C05 725.012 97.335556
C05 750.022 98.70987
C05 774.987 99.771065
C05 799.976 100.176865
C05 824.988 99.53583
C05 850.022 98.55094
C05 869.967 96.06374
C05 875.002 94.935684
C05 899.999 88.70989
C05 919.999 80.55999
C05 925.012 77.754166
C05 949.965 64.01393
C05 975.002 49.04953
C05 999.976 31.939802
C05 1025.028 15.448714
C05 1050.014 6.179643
C05 1075.002 3.3676395
C05 1099.99 2.2880037
C01 319.994 50.403908
C01 324.969 52.651737
C01 349.982 63.753155
C01 374.975 77.120735
C01 400.019 85.58335
C01 424.965 85.72208
C01 450.035 84.83839
C01 475.003 84.98422
C01 500.018 85.53245
C01 525.002 86.30746
C01 550.029 87.82153
C01 575.023 89.6108
C01 599.982 91.458336
C01 619.997 92.540924
C01 624.979 92.9597
C01 650.012 94.187706
C01 675.004 95.61113
C01 700.03 96.35563
C01 725.012 97.0676
C01 750.022 98.15994
C01 774.987 98.95438
C01 799.976 99.19652
C01 824.988 98.48913
C01 850.022 97.304596
C01 869.967 94.73771
C01 875.002 93.62912
C01 899.999 87.66314
C01 919.999 79.66629
C01 925.012 76.82528
C01 949.965 62.673416
C01 975.002 47.80659
C01 999.976 31.034292
C01 1025.028 15.20537
C01 1050.014 6.101624
C01 1075.002 3.323448
C01 1099.99 2.24426
C13 319.994 49.62088
C13 324.969 51.785545
C13 349.982 62.86101
C13 374.975 77.09433
C13 400.019 86.12083
C13 424.965 86.36918
C13 450.035 85.41173
C13 475.003 85.43643
C13 500.018 85.83574
C13 525.002 86.49739
C13 550.029 87.91693
C13 575.023 89.637146
C13 599.982 91.45812
C13 619.997 92.53481
C13 624.979 92.95463
C13 650.012 94.199844
C13 675.004 95.66194
C13 700.03 96.55041
C13 725.012 97.59896
C13 750.022 99.133286
C13 774.987 100.357155
C13 799.976 100.82487
C13 824.988 100.10976
C13 850.022 99.16377
C13 869.967 96.81859
C13 875.002 95.6952
C13 899.999 89.072845
C13 919.999 80.31394
C13 925.012 77.43256
C13 949.965 63.84255
C13 975.002 48.898846
C13 999.976 31.966772
C13 1025.028 15.518605
C13 1050.014 6.25655
C13 1075.002 3.4808984
C13 1099.99 2.2806108
C00 319.994 51.091892
C00 324.969 53.410267
C00 349.982 64.684204
C00 374.975 77.7872
C00 400.019 86.01793
C00 424.965 86.04515
C00 450.035 85.12265
C00 475.003 85.267494
C00 500.018 85.858765
C00 525.002 86.70248
C00 550.029 88.296585
C00 575.023 90.18687
C00 599.982 92.118576
C00 619.997 93.24432
C00 624.979 93.67571
C00 650.012 94.93456
C00 675.004 96.37454
C00 700.03 97.108444
C00 725.012 97.77228
C00 750.022 98.80445
C00 774.987 99.53644
C00 799.976 99.735634
C00 824.988 98.9971
C00 850.022 97.74891
C00 869.967 95.2483
C00 875.002 94.16923
C00 899.999 88.1726
C00 919.999 79.983864
C00 925.012 77.09915
C00 949.965 62.92048
C00 975.002 47.7903
C00 999.976 31.085209
C00 1025.028 15.342824
C00 1050.014 6.1198645
C00 1075.002 3.3301876
C00 1099.99 2.2513416
C14 319.994 49.184643
C14 324.969 51.299843
C14 349.982 62.26044
C14 374.975 76.74203
C14 400.019 85.98896
C14 424.965 86.30596
C14 450.035 85.348465
C14 475.003 85.349075
C14 500.018 85.71764
C14 525.002 86.33725
C14 550.029 87.71947
C14 575.023 89.39481
C14 599.982 91.18263
C14 619.997 92.23543
C14 624.979 92.653915
C14 650.012 93.8879
C14 675.004 95.358795
C14 700.03 96.26601
C14 725.012 97.349014
C14 750.022 98.935356
C14 774.987 100.20796
C14 799.976 100.6964
C14 824.988 99.996735
C14 850.022 99.065575
C14 869.967 96.71098
C14 875.002 95.58485
C14 899.999 88.93654
C14 919.999 80.16084
C14 925.012 77.27545
C14 949.965 63.749725
C14 975.002 48.803
C14 999.976 31.874971
C14 1025.028 15.481098
C14 1050.014 6.2436705
C14 1075.002 3.4735997
C14 1099.99 2.2759674
C17 319.994 48.098385
C17 324.969 50.088287
C17 349.982 60.770733
C17 374.975 76.00586
C17 400.019 85.97724
C17 424.965 86.521965
C17 450.035 85.56576
C17 475.003 85.50664
C17 500.018 85.76631
C17 525.002 86.26592
C17 550.029 87.53028
C17 575.023 89.09596
C17 599.982 90.80214
C17 619.997 91.81236
C17 624.979 92.219666
C17 650.012 93.44301
C17 675.004 94.91567
C17 700.03 95.85603
C17 725.012 96.955376
C17 750.022 98.54932
C17 774.987 99.803925
C17 799.976 100.32419
C17 824.988 99.67524
C17 850.022 98.75812
C17 869.967 96.343254
C17 875.002 95.20556
C17 899.999 88.58336
C17 919.999 80.01224
C17 925.012 77.17132
C17 949.965 63.52539
C17 975.002 48.485584
C17 999.976 31.6117
C17 1025.028 15.340656
C17 1050.014 6.17701
C17 1075.002 3.4277022
C17 1099.99 2.2671287
C02 319.994 50.03953
C02 324.969 52.243656
C02 349.982 63.251804
C02 374.975 76.97181
C02 400.019 85.71437
C02 424.965 85.93774
C02 450.035 85.06345
C02 475.003 85.20008
C02 500.018 85.71599
C02 525.002 86.445915
C02 550.029 87.92076
C02 575.023 89.66728
C02 599.982 91.4757
C02 619.997 92.531876
C02 624.979 92.94636
C02 650.012 94.16566
C02 675.004 95.591965
C02 700.03 96.360985
C02 725.012 97.12906
C02 750.022 98.29381
C02 774.987 99.15935
C02 799.976 99.44981
C02 824.988 98.76154
C02 850.022 97.63589
C02 869.967 95.018074
C02 875.002 93.87732
C02 899.999 87.8012
C02 919.999 79.92263
C02 925.012 77.13962
C02 949.965 63.15656
C02 975.002 48.226845
C02 999.976 31.264587
C02 1025.028 15.287564
C02 1050.014 6.1307836
C02 1075.002 3.3298116
C02 1099.99 2.25552
C10 319.994 50.82766
C10 324.969 53.108955
C10 349.982 64.33721
C10 374.975 77.74742
C10 400.019 86.17973
C10 424.965 86.30576
C10 450.035 85.47329
C10 475.003 85.71942
C10 500.018 86.3303
C10 525.002 87.132065
C10 550.029 88.65002
C10 575.023 90.3802
C10 599.982 92.171394
C10 619.997 93.20763
C10 624.979 93.61973
C10 650.012 94.82312
C10 675.004 96.24428
C10 700.03 97.057236
C10 725.012 97.961655
C10 750.022 99.33111
C10 774.987 100.38964
C10 799.976 100.75716
C10 824.988 99.997375
C10 850.022 99.04094
C10 869.967 96.71481
C10 875.002 95.61068
C10 899.999 88.92894
C10 919.999 80.06126
C10 925.012 77.10998
C10 949.965 63.243305
C10 975.002 48.75621
C10 999.976 31.910837
C10 1025.028 15.417321
C10 1050.014 6.1468883
C10 1075.002 3.4104445
C10 1099.99 2.2781165
C04 319.994 49.36483
C04 324.969 51.49168
C04 349.982 62.42724
C04 374.975 76.77393
C04 400.019 86.00583
C04 424.965 86.34129
C04 450.035 85.39026
C04 475.003 85.40588
C04 500.018 85.815506
C04 525.002 86.46774
C04 550.029 87.89023
C04 575.023 89.6154
C04 599.982 91.431984
C04 619.997 92.49659
C04 624.979 92.91617
C04 650.012 94.15737
C04 675.004 95.622345
C04 700.03 96.4544
C04 725.012 97.336716
C04 750.022 98.65571
C04 774.987 99.66675
C04 799.976 100.0415
C04 824.988 99.38637
C04 850.022 98.371124
C04 869.967 95.854744
C04 875.002 94.71946
C04 899.999 88.49102
C04 919.999 80.43802
C04 925.012 77.64507
C04 949.965 63.84255
C04 975.002 48.84655
C04 999.976 31.795023
C04 1025.028 15.438307
C04 1050.014 6.173878
C04 1075.002 3.3559718
C04 1099.99 2.2814217
C12 319.994 49.935753
C12 324.969 52.12906
C12 349.982 63.199505
C12 374.975 77.10556
C12 400.019 85.899216
C12 424.965 86.10709
C12 450.035 85.20884
C12 475.003 85.31584
C12 500.018 85.78634
C12 525.002 86.48574
C12 550.029 87.919205
C12 575.023 89.63365
C12 599.982 91.4313
C12 619.997 92.48494
C12 624.979 92.89953
C12 650.012 94.12249
C12 675.004 95.564255
C12 700.03 96.42152
C12 725.012 97.415245
C12 750.022 98.88477
C12 774.987 100.053375
C12 799.976 100.47997
C12 824.988 99.756775
C12 850.022 98.81406
C12 869.967 96.49086
C12 875.002 95.37792
C12 899.999 88.78977
C12 919.999 80.0512
C12 925.012 77.170815
C12 949.965 63.47737
C12 975.002 48.694695
C12 999.976 31.902292
C12 1025.028 15.473936
C12 1050.014 6.2357793
C12 1075.002 3.4661465
C12 1099.99 2.2762709
C06 319.994 48.55509
C06 324.969 50.60997
C06 349.982 61.42446
C06 374.975 76.21643
C06 400.019 85.81546
C06 424.965 86.21453
C06 450.035 85.1586
C06 475.003 85.00569
C06 500.018 85.28859
C06 525.002 85.86962
C06 550.029 87.26509
C06 575.023 89.00776
C06 599.982 90.87169
C06 619.997 91.97161
C06 624.979 92.39795
C06 650.012 93.67776
C06 675.004 95.179184
C06 700.03 96.05666
C06 725.012 96.99338
C06 750.022 98.38115
C06 774.987 99.45574
C06 799.976 99.873184
C06 824.988 99.251366
C06 850.022 98.287506
C06 869.967 95.7976
C06 875.002 94.67872
C06 899.999 88.47476
C06 919.999 80.32095
C06 925.012 77.52846
C06 949.965 63.906826
C06 975.002 48.935776
C06 999.976 31.838589
C06 1025.028 15.390188
C06 1050.014 6.164414
C06 1075.002 3.368311
C06 1099.99 2.2886794
C03 319.994 49.684715
C03 324.969 51.84446
C03 349.982 62.826496
C03 374.975 76.86953
C03 400.019 85.85644
C03 424.965 86.132576
C03 450.035 85.21773
C03 475.003 85.29396
C03 500.018 85.75165
C03 525.002 86.442764
C03 550.029 87.89154
C03 575.023 89.62933
C03 599.982 91.437096
C03 619.997 92.501144
C03 624.979 92.920654
C03 650.012 94.14984
C03 675.004 95.59246
C03 700.03 96.3971
C03 725.012 97.22402
C03 750.022 98.46966
C03 774.987 99.41046
C03 799.976 99.745964
C03 824.988 99.07644
C03 850.022 98.01624
C03 869.967 95.457695
C03 875.002 94.31742
C03 899.999 88.14846
C03 919.999 80.20278
C03 925.012 77.42781
C03 949.965 63.557873
C03 975.002 48.57786
C03 999.976 31.578712
C03 1025.028 15.38456
C03 1050.014 6.1682134
C03 1075.002 3.3447318
C03 1099.99 2.2713087
C16 319.994 48.527817
C16 324.969 50.570244
C16 349.982 61.399803
C16 374.975 76.39747
C16 400.019 86.086296
C16 424.965 86.52291
C16 450.035 85.53265
C16 475.003 85.464264
C16 500.018 85.74251
C16 525.002 86.28199
C16 550.029 87.59708
C16 575.023 89.22482
C16 599.982 90.99006
C16 619.997 92.0358
C16 624.979 92.4495
C16 650.012 93.69015
C16 675.004 95.17269
C16 700.03 96.115616
C16 725.012 97.23517
C16 750.022 98.87155
C16 774.987 100.17092
C16 799.976 100.69276
C16 824.988 100.01642
C16 850.022 99.09564
C16 869.967 96.71372
C16 875.002 95.583
C16 899.999 88.89749
C16 919.999 80.15138
C16 925.012 77.26736
C16 949.965 63.622257
C16 975.002 48.65442
C16 999.976 31.78012
C16 1025.028 15.402383
C16 1050.014 6.2066593
C16 1075.002 3.446981
C16 1099.99 2.269879
C07 319.994 48.185226
C07 324.969 50.19669
C07 349.982 60.883526
C07 374.975 75.9714
C07 400.019 85.91558
C07 424.965 86.43295
C07 450.035 85.400314
C07 475.003 85.2502
C07 500.018 85.51604
C07 525.002 86.05424
C07 550.029 87.39874
C07 575.023 89.106735
C07 599.982 90.92787
C07 619.997 92.01212
C07 624.979 92.4329
C07 650.012 93.704636
C07 675.004 95.2021
C07 700.03 96.081474
C07 725.012 97.00048
C07 750.022 98.34933
C07 774.987 99.382576
C07 799.976 99.79297
C07 824.988 99.18463
C07 850.022 98.19345
C07 869.967 95.63429
C07 875.002 94.49461
C07 899.999 88.2383
C07 919.999 80.1842
C07 925.012 77.43808
C07 949.965 63.952164
C07 975.002 48.78681
C07 999.976 31.591778
C07 1025.028 15.2979
C07 1050.014 6.143186
C07 1075.002 3.3687286
C07 1099.99 2.2882707
C15 319.994 48.784542
C15 324.969 50.8573
C15 349.982 61.71691
C15 374.975 76.44897
C15 400.019 85.9235
C15 424.965 86.31344
C15 450.035 85.34561
C15 475.003 85.31691
C15 500.018 85.6416
C15 525.002 86.221054
C15 550.029 87.56747
C15 575.023 89.212326
C15 599.982 90.97635
C15 619.997 92.022095
C15 624.979 92.433105
C15 650.012 93.66556
C15 675.004 95.136826
C15 700.03 96.06166
C15 725.012 97.17304
C15 750.022 98.797714
C15 774.987 100.095604
C15 799.976 100.610634
C15 824.988 99.91822
C15 850.022 98.9949
C15 869.967 96.630875
C15 875.002 95.50253
C15 899.999 88.81961
C15 919.999 80.044586
C15 925.012 77.15746
C15 949.965 63.559193
C15 975.002 48.661236
C15 999.976 31.79956
C15 1025.028 15.427711
C15 1050.014 6.214437
C15 1075.002 3.4514365
C15 1099.99 2.2673042
