lsstCam/transmission_sensor/r20_s22/19700101T000000.ecsv
# %ECSV 1.0
# ---
# datatype:
# - {name: amp_name, datatype: string}
# - {name: wavelength, unit: nm, datatype: float32}
# - {name: efficiency, unit: '%', datatype: float64}
# meta: !!omap
# - {MODE: AMP}
# - {TYPE: transmission_sensor}
# - {CALIBDATE: '1970-01-01T00:00:00'}
# - {INSTRUME: LSSTCam}
# - {OBSTYPE: transmission_sensor}
# - {DETECTOR: 80}
# - {PARQUETFILE: qe_raft_allvalues_nircorrected_20230725_adjust.parquet}
# - {CORRFILE: qe_corr_factor_bydetnum.parquet}
# - {CALIBCLS: lsst.ip.isr.IntermediateSensorTransmissionCurve}
# - {CALIB_ID: 'raftName=R20 detectorName=S22 detector=80 calibDate=1970-01-01T00:00:00 ccd=80 ccdnum=80 filter=None'}
# - {DATE: '2025-03-03T21:56:47.826293'}
# - {CALIB_CREATION_DATE: '2025-03-03'}
# - {CALIB_CREATION_TIME: '21:56:47'}
# - __serialized_columns__:
#     efficiency:
#       __class__: astropy.units.quantity.Quantity
#       unit: !astropy.units.Unit {unit: '%'}
#       value: !astropy.table.SerializedColumn {name: efficiency}
#     wavelength:
#       __class__: astropy.units.quantity.Quantity
#       unit: !astropy.units.Unit {unit: nm}
#       value: !astropy.table.SerializedColumn {name: wavelength}
# schema: astropy-2.0
amp_name wavelength efficiency
C00 319.994 50.810460118271315
C00 324.969 53.11606432863016
C00 349.982 64.32790073989518
C00 374.975 77.35872164797505
C00 400.019 85.54411204995387
C00 424.965 85.57118378304904
C00 450.035 84.65376463073153
C00 475.003 84.79781083387383
C00 500.018 85.38582435493387
C00 525.002 86.22488874613204
C00 550.029 87.81021641656456
C00 575.023 89.69008575705153
C00 599.982 91.61115451197426
C00 619.997 92.73070117820859
C00 624.979 93.15971379154938
C00 650.012 94.41162969981796
C00 675.004 95.84367733886356
C00 700.03 96.573536726015
C00 725.012 97.23371371497531
C00 750.022 98.26020129869501
C00 774.987 98.98815625619206
C00 799.976 99.186254877095
C00 824.988 98.45178995687495
C00 850.022 97.21047360329636
C00 869.967 94.72363749363507
C00 875.002 93.65051035180551
C00 899.999 87.6869140806538
C00 919.999 79.54328455842717
C00 925.012 76.67446234936114
C00 949.965 62.57389067871947
C00 975.002 47.52705267828613
C00 999.976 30.91398062186367
C00 1025.028 15.258310307868467
C00 1050.014 6.086154096465483
C00 1075.002 0.9361129675857853
C00 1099.99 0.09288026865455183
C01 319.994 50.126265312295104
C01 324.969 52.361712913891495
C01 349.982 63.401979940455156
C01 374.975 76.69592701666109
C01 400.019 85.11192791631213
C01 424.965 85.24988904940332
C01 450.035 84.37106684390619
C01 475.003 84.51609940503683
C01 500.018 85.06130498940323
C01 525.002 85.8320451214865
C01 550.029 87.33778128962969
C01 575.023 89.11719386268955
C01 599.982 90.95455117387938
C01 619.997 92.03117609288294
C01 624.979 92.44764678503363
C01 650.012 93.66888695986506
C01 675.004 95.08447000787464
C01 700.03 95.82486825076296
C01 725.012 96.53291395163397
C01 750.022 97.61924311576891
C01 774.987 98.40930068968522
C01 799.976 98.65010861148298
C01 824.988 97.94661533209657
C01 850.022 96.76860798663068
C01 869.967 94.21586040124133
C01 875.002 93.11337772820515
C01 899.999 87.18025991889294
C01 919.999 79.22746031793214
C01 925.012 76.40209855930587
C01 949.965 62.32818890382576
C01 975.002 47.54325550508679
C01 999.976 30.863344417058777
C01 1025.028 15.12161342016039
C01 1050.014 6.068014119481013
C01 1075.002 0.9300060628591599
C01 1099.99 0.09227434717787412
C02 319.994 49.76389635580448
C02 324.969 51.95587971327652
C02 349.982 62.903391152091196
C02 374.975 76.54782157102834
C02 400.019 85.24222580657089
C02 424.965 85.46436121291259
C02 450.035 84.59489423356634
C02 475.003 84.73076884014375
C02 500.018 85.24383432882878
C02 525.002 85.96974069665777
C02 550.029 87.43646261267783
C02 575.023 89.17336315644053
C02 599.982 90.97182002604434
C02 619.997 92.02217747308168
C02 624.979 92.43437647640597
C02 650.012 93.64695946304751
C02 675.004 95.0654105365924
C02 700.03 95.83019458389997
C02 725.012 96.59403779743405
C02 750.022 97.75237109471728
C02 774.987 98.61314294902792
C02 799.976 98.90200167959576
C02 824.988 98.2175299346459
C02 850.022 97.09807431684126
C02 869.967 94.49468104243559
C02 875.002 93.36021002110088
C02 899.999 87.31756095086887
C02 919.999 79.48238833370134
C02 925.012 76.71470575528511
C02 949.965 62.808670435734676
C02 975.002 47.96119435316626
C02 999.976 31.092371051422802
C02 1025.028 15.203354993180046
C02 1050.014 6.097013044337999
C02 1075.002 0.9312737564430279
C02 1099.99 0.09240012657065935
C03 319.994 49.411034372847546
C03 324.969 51.55888200402627
C03 349.982 62.48042567195579
C03 374.975 76.44610530032381
C03 400.019 85.38351020734586
C03 424.965 85.658127446036
C03 450.035 84.74831842496694
C03 475.003 84.82413141742403
C03 500.018 85.27929769219392
C03 525.002 85.96660711320253
C03 550.029 87.40740298886772
C03 575.023 89.13562358233308
C03 599.982 90.93342793819077
C03 619.997 91.99161555018165
C03 624.979 92.40881462976988
C03 650.012 93.63123084681817
C03 675.004 95.06590371558656
C03 700.03 95.86611318941357
C03 725.012 96.68847778113235
C03 750.022 97.92725236604869
C03 774.987 98.8628736169355
C03 799.976 99.19652817491193
C03 824.988 98.53069100857243
C03 850.022 97.47633501799777
C03 869.967 94.93188042707955
C03 875.002 93.79788741000071
C03 899.999 87.66290764469161
C03 919.999 79.76099652855964
C03 925.012 77.00131103721807
C03 949.965 63.20777363992156
C03 975.002 48.31027782629096
C03 999.976 31.40476580106609
C03 1025.028 15.299816062333283
C03 1050.014 6.134236677343852
C03 1075.002 0.93293918446381
C03 1099.99 0.09256536880888408
C04 319.994 49.09291115950278
C04 324.969 51.20804584862999
C04 349.982 62.083367263752415
C04 374.975 76.3510355649868
C04 400.019 85.5320784824962
C04 424.965 85.86569510362693
C04 450.035 84.919899190722
C04 475.003 84.93543812272281
C04 500.018 85.34280397190427
C04 525.002 85.99144815977023
C04 550.029 87.40609796137545
C04 575.023 89.12176904628159
C04 599.982 90.92834440086628
C04 619.997 91.98708589080447
C04 624.979 92.40435325671496
C04 650.012 93.63871958016037
C04 675.004 95.09562344051194
C04 700.03 95.92309433166264
C04 725.012 96.80055081071438
C04 750.022 98.11227794992165
C04 774.987 99.1177485211207
C04 799.976 99.49043250595855
C04 824.988 98.83891270518816
C04 850.022 97.8292614935924
C04 869.967 95.3267422919166
C04 875.002 94.197711414256
C04 899.999 88.0035805191235
C04 919.999 79.99493788128477
C04 925.012 77.21737654824695
C04 949.965 63.49088114468051
C04 975.002 48.5774859990149
C04 999.976 31.619884787794625
C04 1025.028 15.353267181089496
C04 1050.014 6.1398702989310605
C04 1075.002 0.9347013083648427
C04 1099.99 0.09274020512351458
C05 319.994 48.74722682775326
C05 324.969 50.83289596882131
C05 349.982 61.67795516212477
C05 374.975 76.19349901951176
C05 400.019 85.56096359681608
C05 424.965 85.91052886788123
C05 450.035 84.89675012747274
C05 475.003 84.80548925144454
C05 500.018 85.14192078652658
C05 525.002 85.75755991862908
C05 550.029 87.16318833832564
C05 575.023 88.90658367007306
C05 599.982 90.75512476337676
C05 619.997 91.84845706922886
C05 624.979 92.27365323589171
C05 650.012 93.53824763799496
C05 675.004 95.01937038064467
C05 700.03 95.87883720746305
C05 725.012 96.79939753060495
C05 750.022 98.16614068345376
C05 774.987 99.2214906193859
C05 799.976 99.62505519662771
C05 824.988 98.98754926666078
C05 850.022 98.00808819687714
C05 869.967 95.53459068216576
C05 875.002 94.4127450430817
C05 899.999 88.22124696504113
C05 919.999 80.11623715174228
C05 925.012 77.32586833959442
C05 949.965 63.66132001137985
C05 975.002 48.77934795501178
C05 999.976 31.763866498299226
C05 1025.028 15.363617301018992
C05 1050.014 6.145603504738245
C05 1075.002 0.9352140146499947
C05 1099.99 0.09279107537011377
C06 319.994 48.28763332308958
C06 324.969 50.33119256542496
C06 349.982 61.08611381333308
C06 374.975 75.79660373974491
C06 400.019 85.34275844768943
C06 424.965 85.73963096534885
C06 450.035 84.68951631412402
C06 475.003 84.53745026179966
C06 500.018 84.81878990954876
C06 525.002 85.39662118122155
C06 550.029 86.78440410869841
C06 575.023 88.5174730310449
C06 599.982 90.37113559851879
C06 619.997 91.46499902021075
C06 624.979 91.8889887951802
C06 650.012 93.16174720647918
C06 675.004 94.65490351658656
C06 700.03 95.52754960360289
C06 725.012 96.45910402463012
C06 750.022 97.83923129664369
C06 774.987 98.90790465278747
C06 799.976 99.32304755533848
C06 824.988 98.70465420823778
C06 850.022 97.7461039278068
C06 869.967 95.26991289705035
C06 875.002 94.15719486304295
C06 899.999 87.98741183548398
C06 919.999 79.87851728918494
C06 925.012 77.10140361092643
C06 949.965 63.554804729693615
C06 975.002 48.666220281119145
C06 999.976 31.663210562432145
C06 1025.028 15.305413643917072
C06 1050.014 6.130458167511623
C06 1075.002 0.9320994513465909
C06 1099.99 0.09248205126044055
C07 319.994 47.91980525450199
C07 324.969 49.92018857274038
C07 349.982 60.54815796018092
C07 374.975 75.55292020504272
C07 400.019 85.44232749292706
C07 424.965 85.95684975648717
C07 450.035 84.92989934324987
C07 475.003 84.78061026803113
C07 500.018 85.04498455838089
C07 525.002 85.58022033969598
C07 550.029 86.91731964131083
C07 575.023 88.61590397091138
C07 599.982 90.42700898487327
C07 619.997 91.50528795034958
C07 624.979 91.92374653321521
C07 650.012 93.18847750796299
C07 675.004 94.67769597348618
C07 700.03 95.55222372804948
C07 725.012 96.4661678653004
C07 750.022 97.8075843799565
C07 774.987 98.83514178272507
C07 799.976 99.24327395618977
C07 824.988 98.63828749036126
C07 850.022 97.65256684103628
C07 869.967 95.10750526058678
C07 875.002 93.97410405830095
C07 899.999 87.75224891632715
C07 919.999 79.74251369733211
C07 925.012 77.01152363608189
C07 949.965 63.59989267081414
C07 975.002 48.51807689864069
C07 999.976 31.417759170720092
C07 1025.028 15.213633981523845
C07 1050.014 6.109347261297873
C07 1075.002 0.9317982954129487
C07 1099.99 0.09245217084537084
C10 319.994 50.54768296912574
C10 324.969 52.81641256545922
C10 349.982 63.98281960399237
C10 374.975 77.31916110527375
C10 400.019 85.70502497469666
C10 424.965 85.83036072553719
C10 450.035 85.00247252908375
C10 475.003 85.24724864494225
C10 500.018 85.85476170469472
C10 525.002 86.65211074035555
C10 550.029 88.16170129202239
C10 575.023 89.88235727845417
C10 599.982 91.66368186853755
C10 619.997 92.69420593264027
C10 624.979 93.10403767679256
C10 650.012 94.30080099877506
C10 675.004 95.71413059814975
C10 700.03 96.52261030434047
C10 725.012 97.42204739179375
C10 750.022 98.78395739049974
C10 774.987 99.83665933460166
C10 799.976 100.20215049349382
C10 824.988 99.44655475021602
C10 850.022 98.49538697995926
C10 869.967 96.18207400255314
C10 875.002 95.08402235309532
C10 899.999 88.439087920449
C10 919.999 79.6202508309937
C10 925.012 76.68522882617225
C10 949.965 62.8949388228681
C10 975.002 48.487643961016055
C10 999.976 31.735061051355338
C10 1025.028 15.332397173845974
C10 1050.014 6.113029032173554
C10 1075.002 0.9410999534951225
C10 1099.99 0.09337507281502647
C11 319.994 50.20209347949047
C11 324.969 52.41910756775876
C11 349.982 63.47654481068855
C11 374.975 77.05521170759589
C11 400.019 85.63348367106596
C11 424.965 85.82233328898599
C11 450.035 84.9859093022489
C11 475.003 85.18903834889232
C11 500.018 85.73664912927643
C11 525.002 86.48113696413178
C11 550.029 87.93619709378208
C11 575.023 89.63010760399176
C11 599.982 91.38981577939236
C11 619.997 92.41464931663933
C11 624.979 92.82357816386383
C11 650.012 94.01582700120743
C11 675.004 95.43172113135178
C11 700.03 96.25665784120937
C11 725.012 97.1972943430984
C11 750.022 98.6071109905608
C11 774.987 99.71155120483536
C11 799.976 100.11264229973719
C11 824.988 99.3756356108549
C11 850.022 98.43216902027626
C11 869.967 96.13459224646861
C11 875.002 95.0252202422524
C11 899.999 88.4556966714987
C11 919.999 79.71518399368617
C11 925.012 76.82674843539058
C11 949.965 63.08392501343267
C11 975.002 48.47408912604562
C11 999.976 31.81483085681947
C11 1025.028 15.405602008160837
C11 1050.014 6.19960043986204
C11 1075.002 0.9394147186849432
C11 1099.99 0.09320786536535389
C12 319.994 49.66068916706372
C12 324.969 51.8419136350938
C12 349.982 62.85137973662949
C12 374.975 76.68083573943959
C12 400.019 85.42605258611957
C12 424.965 85.63278563310499
C12 450.035 84.73947913991765
C12 475.003 84.84589199212049
C12 500.018 85.31379745967816
C12 525.002 86.0093467635739
C12 550.029 87.43491478937305
C12 575.023 89.13991803326691
C12 599.982 90.92766153764359
C12 619.997 91.97549997812612
C12 624.979 92.38780520461839
C12 650.012 93.60403012844762
C12 675.004 95.0378532118722
C12 700.03 95.89039277066483
C12 725.012 96.87864760128292
C12 750.022 98.34008112101168
C12 774.987 99.50224603971112
C12 799.976 99.92649378523136
C12 824.988 99.20727947698477
C12 850.022 98.26975379644355
C12 869.967 95.95935436878757
C12 875.002 94.85254689534102
C12 899.999 88.30068671994762
C12 919.999 79.61025067846583
C12 925.012 76.74573050770275
C12 949.965 63.12771551443007
C12 975.002 48.426467003632
C12 999.976 31.726563197917393
C12 1025.028 15.388700194978068
C12 1050.014 6.201430418456741
C12 1075.002 0.9368702679410303
C12 1099.99 0.09295540730008171
C13 319.994 49.34755085524462
C13 324.969 51.5002923395193
C13 349.982 62.51475092994978
C13 374.975 76.669667132064
C13 400.019 85.64644289755883
C13 424.965 85.89342693783736
C13 450.035 84.94125004748484
C13 475.003 84.96581794876347
C13 500.018 85.36292567486626
C13 525.002 86.02093267625224
C13 550.029 87.43265375336902
C13 575.023 89.1433930483335
C13 599.982 90.95433872754343
C13 619.997 92.02509861020098
C13 624.979 92.44260118455485
C13 650.012 93.68095846416843
C13 675.004 95.13500188635385
C13 700.03 96.01857378493325
C13 725.012 97.06135145019871
C13 750.022 98.58722449604218
C13 774.987 99.8043523167992
C13 799.976 100.2694883946204
C13 824.988 99.55831669766329
C13 850.022 98.6175436231297
C13 869.967 96.2852773976093
C13 875.002 95.16807522843956
C13 899.999 88.58220087718696
C13 919.999 79.87154449694434
C13 925.012 77.00603796819293
C13 949.965 63.49088114468051
C13 975.002 48.629493620792026
C13 999.976 31.790687848212738
C13 1025.028 15.433123292877609
C13 1050.014 6.222086556732601
C13 1075.002 0.9392242930254935
C13 1099.99 0.09318897150636372
C14 319.994 48.913716468814705
C14 324.969 51.01726524526357
C14 349.982 61.91748840590682
C14 374.975 76.31930518723905
C14 400.019 85.5153028093254
C14 424.965 85.83055799713486
C14 450.035 84.87833558256749
C14 475.003 84.87894257209877
C14 500.018 85.2454807879324
C14 525.002 85.86167379798219
C14 550.029 87.23627746526111
C14 575.023 88.90239544230721
C14 599.982 90.68036641523027
C14 619.997 91.72736265773814
C14 624.979 92.14354502986147
C14 650.012 93.37073370209947
C14 675.004 94.83352536090449
C14 700.03 95.73573942546338
C14 725.012 96.8127816497697
C14 750.022 98.39038537841665
C14 774.987 99.65598131324651
C14 799.976 100.14173227302386
C14 824.988 99.44591741120819
C14 850.022 98.51988659491562
C14 869.967 96.17826514324433
C14 875.002 95.05833152118382
C14 899.999 88.44664494011346
C14 919.999 79.71928876039145
C14 925.012 76.84979127547187
C14 949.965 63.39856941802627
C14 975.002 48.53417729595794
C14 999.976 31.69939282902339
C14 1025.028 15.395822837759203
C14 1050.014 6.209278129201413
C14 1075.002 0.937348594467213
C14 1099.99 0.09300286641858
C15 319.994 48.51581965632124
C15 324.969 50.577159898238605
C15 349.982 61.37695284724672
C15 374.975 76.02785916379412
C15 400.019 85.45020318209544
C15 424.965 85.83799361889307
C15 450.035 84.87549790650874
C15 475.003 84.84695422380022
C15 500.018 85.16985747970382
C15 525.002 85.74611816596443
C15 550.029 87.08511430986452
C15 575.023 88.72091315982311
C15 599.982 90.47521912839532
C15 619.997 91.5152046418169
C15 624.979 91.92395139218202
C15 650.012 93.14961500322268
C15 675.004 94.6127784431156
C15 700.03 95.53251933039026
C15 725.012 96.63777898053203
C15 750.022 98.25350165174348
C15 774.987 99.54424212790668
C15 799.976 100.0564350691405
C15 824.988 99.36783579537793
C15 850.022 98.44960479456233
C15 869.967 96.09859776726361
C15 875.002 94.97647139552133
C15 899.999 88.33036092065817
C15 919.999 79.60367242942057
C15 925.012 76.73245261170597
C15 949.965 63.20908625478296
C15 975.002 48.39319259626404
C15 999.976 31.62439737559125
C15 1025.028 15.34272927377376
C15 1050.014 6.180205701705875
C15 1075.002 0.9360442535414798
C15 1099.99 0.09287345091020213
C16 319.994 48.26050847841043
C16 324.969 50.29168513430766
C16 349.982 61.061591436269296
C16 374.975 75.97664442209222
C16 400.019 85.61210246482656
C16 424.965 86.04631242602896
C16 450.035 85.06150984837004
C16 475.003 84.99349667138992
C16 500.018 85.27020802396298
C16 525.002 85.80671848329376
C16 550.029 87.11456088950084
C16 575.023 88.73334127047612
C16 599.982 90.48885363074174
C16 619.997 91.52883155679417
C16 624.979 91.94025664846608
C16 650.012 93.17406909396419
C16 675.004 94.64844666544754
C16 700.03 95.58617720495556
C16 725.012 96.69956292744737
C16 750.022 98.3269322102903
C16 774.987 99.61914463606685
C16 799.976 100.13810551057446
C16 824.988 99.46549282359202
C16 850.022 98.54978841670038
C16 869.967 96.18098900876596
C16 875.002 95.05649537785169
C16 899.999 88.40781278484971
C16 919.999 79.70988042265658
C16 925.012 76.84174107681324
C16 949.965 63.271803448102645
C16 975.002 48.38641328193654
C16 999.976 31.605064759019925
C16 1025.028 15.317541105067853
C16 1050.014 6.172470853077175
C16 1075.002 0.9367437767359392
C16 1099.99 0.09294285695891764
C17 319.994 47.83344202525431
C17 324.969 49.812383438300174
C17 349.982 60.43598629480005
C17 374.975 75.58719235145271
C17 400.019 85.5036486103248
C17 424.965 86.04537159225546
C17 450.035 85.09443144307293
C17 475.003 85.03563691959916
C17 500.018 85.29388061568297
C17 525.002 85.79073948388277
C17 550.029 87.04813347267118
C17 575.023 88.60519060568426
C17 599.982 90.30196914142924
C17 619.997 91.3066278641302
C17 624.979 91.7116871530928
C17 650.012 92.92829144537907
C17 675.004 94.3928433738248
C17 700.03 95.32802455730143
C17 725.012 96.4213113389387
C17 750.022 98.0064720872501
C17 774.987 99.25416941827628
C17 799.976 99.77156729474083
C17 824.988 99.12619326297467
C17 850.022 98.21412320590159
C17 869.967 95.81256153801623
C17 875.002 94.68113305170706
C17 899.999 88.09541044783728
C17 919.999 79.57150198426262
C17 925.012 76.74623127406606
C17 949.965 63.175470415803666
C17 975.002 48.2185085965303
C17 999.976 31.437571688389585
C17 1025.028 15.256154546611274
C17 1050.014 6.14298491396345
C17 1075.002 0.9336911394524053
C17 1099.99 0.09263997709204566
