lsstCam/transmission_sensor/r20_s22/19700101T000000.ecsv
# %ECSV 1.0
# ---
# datatype:
# - {name: amp_name, datatype: string}
# - {name: wavelength, unit: nm, datatype: float32}
# - {name: efficiency, unit: '%', datatype: float64}
# meta: !!omap
# - {MODE: AMP}
# - {TYPE: transmission_sensor}
# - {CALIBDATE: '1970-01-01T00:00:00'}
# - {INSTRUME: LSSTCAM}
# - {OBSTYPE: transmission_sensor}
# - {DETECTOR: 80}
# - {PARQUETFILE: qe_raft_allvalues_nircorrected_20230725.parquet}
# - {CALIBCLS: lsst.ip.isr.IntermediateSensorTransmissionCurve}
# - {CALIB_ID: 'raftName=R20 detectorName=S22 detector=80 calibDate=1970-01-01T00:00:00 ccd=80 ccdnum=80 filter=None'}
# - {DATE: '2024-01-18T22:42:25.257798'}
# - {CALIB_CREATION_DATE: '2024-01-18'}
# - {CALIB_CREATION_TIME: '22:42:25'}
# - __serialized_columns__:
#     efficiency:
#       __class__: astropy.units.quantity.Quantity
#       unit: !astropy.units.Unit {unit: '%'}
#       value: !astropy.table.SerializedColumn {name: efficiency}
#     wavelength:
#       __class__: astropy.units.quantity.Quantity
#       unit: !astropy.units.Unit {unit: nm}
#       value: !astropy.table.SerializedColumn {name: wavelength}
# schema: astropy-2.0
amp_name wavelength efficiency
C00 319.994 51.09189224243164
C00 324.969 53.4102668762207
C00 349.982 64.6842041015625
C00 374.975 77.78720092773438
C00 400.019 86.01792907714844
C00 424.965 86.04515075683594
C00 450.035 85.12265014648438
C00 475.003 85.26749420166016
C00 500.018 85.8587646484375
C00 525.002 86.70247650146484
C00 550.029 88.29658508300781
C00 575.023 90.1868667602539
C00 599.982 92.11857604980469
C00 619.997 93.24432373046875
C00 624.979 93.67571258544922
C00 650.012 94.93456268310547
C00 675.004 96.37454223632812
C00 700.03 97.10844421386719
C00 725.012 97.77227783203125
C00 750.022 98.80445098876953
C00 774.987 99.53643798828125
C00 799.976 99.73563385009766
C00 824.988 98.99710083007812
C00 850.022 97.74890899658203
C00 869.967 95.24829864501953
C00 875.002 94.16922760009766
C00 899.999 88.17259979248047
C00 919.999 79.9838638305664
C00 925.012 77.09915161132812
C00 949.965 62.92047882080078
C00 975.002 47.79029846191406
C00 999.976 31.085208892822266
C00 1025.028 15.34282398223877
C00 1050.014 6.119864463806152
C00 1075.002 0.9412979680819127
C00 1099.99 0.09339471964041553
C01 319.994 50.403907775878906
C01 324.969 52.651737213134766
C01 349.982 63.75315475463867
C01 374.975 77.12073516845703
C01 400.019 85.5833511352539
C01 424.965 85.72207641601562
C01 450.035 84.83838653564453
C01 475.003 84.98422241210938
C01 500.018 85.5324478149414
C01 525.002 86.30745697021484
C01 550.029 87.821533203125
C01 575.023 89.61080169677734
C01 599.982 91.45833587646484
C01 619.997 92.54092407226562
C01 624.979 92.95970153808594
C01 650.012 94.18770599365234
C01 675.004 95.61112976074219
C01 700.03 96.35562896728516
C01 725.012 97.06759643554688
C01 750.022 98.15994262695312
C01 774.987 98.95437622070312
C01 799.976 99.19651794433594
C01 824.988 98.48912811279297
C01 850.022 97.30459594726562
C01 869.967 94.73770904541016
C01 875.002 93.62911987304688
C01 899.999 87.66313934326172
C01 919.999 79.66629028320312
C01 925.012 76.82527923583984
C01 949.965 62.67341613769531
C01 975.002 47.80659103393555
C01 999.976 31.034292221069336
C01 1025.028 15.20536994934082
C01 1050.014 6.101624011993408
C01 1075.002 0.9351572380530707
C01 1099.99 0.09278544204832656
C02 319.994 50.03953170776367
C02 324.969 52.243656158447266
C02 349.982 63.25180435180664
C02 374.975 76.97180938720703
C02 400.019 85.71437072753906
C02 424.965 85.93773651123047
C02 450.035 85.0634536743164
C02 475.003 85.20008087158203
C02 500.018 85.71598815917969
C02 525.002 86.44591522216797
C02 550.029 87.92076110839844
C02 575.023 89.66728210449219
C02 599.982 91.47570037841797
C02 619.997 92.53187561035156
C02 624.979 92.94635772705078
C02 650.012 94.16565704345703
C02 675.004 95.59196472167969
C02 700.03 96.3609848022461
C02 725.012 97.12905883789062
C02 750.022 98.29380798339844
C02 774.987 99.15934753417969
C02 799.976 99.4498062133789
C02 824.988 98.76154327392578
C02 850.022 97.6358871459961
C02 869.967 95.01807403564453
C02 875.002 93.8773193359375
C02 899.999 87.80120086669922
C02 919.999 79.9226303100586
C02 925.012 77.13961791992188
C02 949.965 63.156558990478516
C02 975.002 48.226844787597656
C02 999.976 31.26458740234375
C02 1025.028 15.287564277648926
C02 1050.014 6.130783557891846
C02 1075.002 0.9364319532166935
C02 1099.99 0.09291191811580446
C03 319.994 49.684715270996094
C03 324.969 51.844459533691406
C03 349.982 62.82649612426758
C03 374.975 76.8695297241211
C03 400.019 85.85643768310547
C03 424.965 86.13257598876953
C03 450.035 85.21772766113281
C03 475.003 85.29396057128906
C03 500.018 85.75164794921875
C03 525.002 86.44276428222656
C03 550.029 87.89154052734375
C03 575.023 89.62933349609375
C03 599.982 91.43709564208984
C03 619.997 92.50114440917969
C03 624.979 92.920654296875
C03 650.012 94.14984130859375
C03 675.004 95.59246063232422
C03 700.03 96.39710235595703
C03 725.012 97.2240219116211
C03 750.022 98.46965789794922
C03 774.987 99.41046142578125
C03 799.976 99.74596405029297
C03 824.988 99.0764389038086
C03 850.022 98.01624298095703
C03 869.967 95.45769500732422
C03 875.002 94.31742095947266
C03 899.999 88.1484603881836
C03 919.999 80.2027816772461
C03 925.012 77.42781066894531
C03 949.965 63.5578727722168
C03 975.002 48.57786178588867
C03 999.976 31.578712463378906
C03 1025.028 15.384559631347656
C03 1050.014 6.168213367462158
C03 1075.002 0.9381066058133687
C03 1099.99 0.09307807560797486
C04 319.994 49.364830017089844
C04 324.969 51.49168014526367
C04 349.982 62.42723846435547
C04 374.975 76.77393341064453
C04 400.019 86.00582885742188
C04 424.965 86.34129333496094
C04 450.035 85.3902587890625
C04 475.003 85.4058837890625
C04 500.018 85.81550598144531
C04 525.002 86.46774291992188
C04 550.029 87.89022827148438
C04 575.023 89.61540222167969
C04 599.982 91.4319839477539
C04 619.997 92.49658966064453
C04 624.979 92.91616821289062
C04 650.012 94.1573715209961
C04 675.004 95.62234497070312
C04 700.03 96.45439910888672
C04 725.012 97.33671569824219
C04 750.022 98.65570831298828
C04 774.987 99.666748046875
C04 799.976 100.04149627685547
C04 824.988 99.38636779785156
C04 850.022 98.37112426757812
C04 869.967 95.85474395751953
C04 875.002 94.7194595336914
C04 899.999 88.49102020263672
C04 919.999 80.43801879882812
C04 925.012 77.64507293701172
C04 949.965 63.84254837036133
C04 975.002 48.84654998779297
C04 999.976 31.79502296447754
C04 1025.028 15.43830680847168
C04 1050.014 6.173878192901611
C04 1075.002 0.9398784898754262
C04 1099.99 0.09325388031681577
C05 319.994 49.01723098754883
C05 324.969 51.11445236206055
C05 349.982 62.01958084106445
C05 374.975 76.61552429199219
C05 400.019 86.03487396240234
C05 424.965 86.3863754272461
C05 450.035 85.36698150634766
C05 475.003 85.27521514892578
C05 500.018 85.61351013183594
C05 525.002 86.23255920410156
C05 550.029 87.6459732055664
C05 575.023 89.3990249633789
C05 599.982 91.25780487060547
C05 619.997 92.35719299316406
C05 624.979 92.78474426269531
C05 650.012 94.05634307861328
C05 675.004 95.54566955566406
C05 700.03 96.40989685058594
C05 725.012 97.33555603027344
C05 750.022 98.70986938476562
C05 774.987 99.77106475830078
C05 799.976 100.17686462402344
C05 824.988 99.53582763671875
C05 850.022 98.55094146728516
C05 869.967 96.0637435913086
C05 875.002 94.93568420410156
C05 899.999 88.70989227294922
C05 919.999 80.55998992919922
C05 925.012 77.75416564941406
C05 949.965 64.01393127441406
C05 975.002 49.049530029296875
C05 999.976 31.939802169799805
C05 1025.028 15.448714256286621
C05 1050.014 6.179643154144287
C05 1075.002 0.940394035969912
C05 1099.99 0.09330503232668819
C06 319.994 48.555091857910156
C06 324.969 50.60997009277344
C06 349.982 61.424461364746094
C06 374.975 76.2164306640625
C06 400.019 85.81546020507812
C06 424.965 86.21453094482422
C06 450.035 85.15859985351562
C06 475.003 85.00569152832031
C06 500.018 85.28858947753906
C06 525.002 85.86962127685547
C06 550.029 87.26509094238281
C06 575.023 89.00775909423828
C06 599.982 90.87168884277344
C06 619.997 91.97161102294922
C06 624.979 92.39794921875
C06 650.012 93.6777572631836
C06 675.004 95.17918395996094
C06 700.03 96.0566635131836
C06 725.012 96.99337768554688
C06 750.022 98.38114929199219
C06 774.987 99.45574188232422
C06 799.976 99.87318420410156
C06 824.988 99.2513656616211
C06 850.022 98.28750610351562
C06 869.967 95.79759979248047
C06 875.002 94.67871856689453
C06 899.999 88.47476196289062
C06 919.999 80.32095336914062
C06 925.012 77.52845764160156
C06 949.965 63.90682601928711
C06 975.002 48.93577575683594
C06 999.976 31.83858871459961
C06 1025.028 15.390188217163086
C06 1050.014 6.164413928985596
C06 1075.002 0.9372622215303392
C06 1099.99 0.09299429657513257
C07 319.994 48.18522644042969
C07 324.969 50.19668960571289
C07 349.982 60.88352584838867
C07 374.975 75.97139739990234
C07 400.019 85.91558074951172
C07 424.965 86.43295288085938
C07 450.035 85.40031433105469
C07 475.003 85.25019836425781
C07 500.018 85.51603698730469
C07 525.002 86.05423736572266
C07 550.029 87.39874267578125
C07 575.023 89.10673522949219
C07 599.982 90.92787170410156
C07 619.997 92.01212310791016
C07 624.979 92.43289947509766
C07 650.012 93.70463562011719
C07 675.004 95.20210266113281
C07 700.03 96.08147430419922
C07 725.012 97.00048065185547
C07 750.022 98.34932708740234
C07 774.987 99.38257598876953
C07 799.976 99.79296875
C07 824.988 99.18463134765625
C07 850.022 98.19345092773438
C07 869.967 95.63429260253906
C07 875.002 94.49461364746094
C07 899.999 88.23829650878906
C07 919.999 80.18419647216797
C07 925.012 77.43807983398438
C07 949.965 63.95216369628906
C07 975.002 48.78681182861328
C07 999.976 31.591777801513672
C07 1025.028 15.297900199890137
C07 1050.014 6.143186092376709
C07 1075.002 0.9369593975355555
C07 1099.99 0.09296425065656881
C10 319.994 50.827659606933594
C10 324.969 53.10895538330078
C10 349.982 64.33721160888672
C10 374.975 77.74742126464844
C10 400.019 86.17973327636719
C10 424.965 86.3057632446289
C10 450.035 85.4732894897461
C10 475.003 85.71942138671875
C10 500.018 86.3302993774414
C10 525.002 87.13206481933594
C10 550.029 88.65001678466797
C10 575.023 90.38020324707031
C10 599.982 92.17139434814453
C10 619.997 93.20762634277344
C10 624.979 93.6197280883789
C10 650.012 94.8231201171875
C10 675.004 96.24427795410156
C10 700.03 97.05723571777344
C10 725.012 97.96165466308594
C10 750.022 99.33110809326172
C10 774.987 100.38964080810547
C10 799.976 100.75715637207031
C10 824.988 99.99737548828125
C10 850.022 99.04093933105469
C10 869.967 96.71481323242188
C10 875.002 95.61067962646484
C10 899.999 88.92893981933594
C10 919.999 80.0612564086914
C10 925.012 77.10997772216797
C10 949.965 63.24330520629883
C10 975.002 48.75621032714844
C10 999.976 31.910837173461914
C10 1025.028 15.41732120513916
C10 1050.014 6.146888256072998
C10 1075.002 0.9463125762177433
C10 1099.99 0.09389226445282682
C11 319.994 50.48015594482422
C11 324.969 52.709449768066406
C11 349.982 63.82813262939453
C11 374.975 77.48200988769531
C11 400.019 86.10779571533203
C11 424.965 86.29769134521484
C11 450.035 85.45663452148438
C11 475.003 85.660888671875
C11 500.018 86.21153259277344
C11 525.002 86.96014404296875
C11 550.029 88.42326354980469
C11 575.023 90.12655639648438
C11 599.982 91.89601135253906
C11 619.997 92.92652130126953
C11 624.979 93.33771514892578
C11 650.012 94.53656768798828
C11 675.004 95.9603042602539
C11 700.03 96.78981018066406
C11 725.012 97.73565673828125
C11 750.022 99.15328216552734
C11 774.987 100.26383972167969
C11 799.976 100.66715240478516
C11 824.988 99.92606353759766
C11 850.022 98.97737121582031
C11 869.967 96.66706848144531
C11 875.002 95.55155181884766
C11 899.999 88.94564056396484
C11 919.999 80.1567153930664
C11 925.012 77.25228118896484
C11 949.965 63.4333381652832
C11 975.002 48.74258041381836
C11 999.976 31.99104881286621
C11 1025.028 15.490931510925293
C11 1050.014 6.233939170837402
C11 1075.002 0.9446180071245988
C11 1099.99 0.09372413086417365
C12 319.994 49.935752868652344
C12 324.969 52.129058837890625
C12 349.982 63.19950485229492
C12 374.975 77.10556030273438
C12 400.019 85.89921569824219
C12 424.965 86.10709381103516
C12 450.035 85.2088394165039
C12 475.003 85.31584167480469
C12 500.018 85.78633880615234
C12 525.002 86.4857406616211
C12 550.029 87.91920471191406
C12 575.023 89.63365173339844
C12 599.982 91.4312973022461
C12 619.997 92.48493957519531
C12 624.979 92.89952850341797
C12 650.012 94.12248992919922
C12 675.004 95.56425476074219
C12 700.03 96.42151641845703
C12 725.012 97.41524505615234
C12 750.022 98.88477325439453
C12 774.987 100.05337524414062
C12 799.976 100.47997283935547
C12 824.988 99.75677490234375
C12 850.022 98.81405639648438
C12 869.967 96.49085998535156
C12 875.002 95.37792205810547
C12 899.999 88.7897720336914
C12 919.999 80.05120086669922
C12 925.012 77.17081451416016
C12 949.965 63.47737121582031
C12 975.002 48.69469451904297
C12 999.976 31.902292251586914
C12 1025.028 15.473936080932617
C12 1050.014 6.235779285430908
C12 1075.002 0.9420594630192793
C12 1099.99 0.09347027446853003
C13 319.994 49.620880126953125
C13 324.969 51.785545349121094
C13 349.982 62.86101150512695
C13 374.975 77.09432983398438
C13 400.019 86.1208267211914
C13 424.965 86.36917877197266
C13 450.035 85.41172790527344
C13 475.003 85.43643188476562
C13 500.018 85.83573913574219
C13 525.002 86.49739074707031
C13 550.029 87.91693115234375
C13 575.023 89.63714599609375
C13 599.982 91.45812225341797
C13 619.997 92.5348129272461
C13 624.979 92.95462799072266
C13 650.012 94.19984436035156
C13 675.004 95.66194152832031
C13 700.03 96.55040740966797
C13 725.012 97.59896087646484
C13 750.022 99.13328552246094
C13 774.987 100.3571548461914
C13 799.976 100.82486724853516
C13 824.988 100.10975646972656
C13 850.022 99.16377258300781
C13 869.967 96.81858825683594
C13 875.002 95.69519805908203
C13 899.999 89.07284545898438
C13 919.999 80.3139419555664
C13 925.012 77.43256378173828
C13 949.965 63.84254837036133
C13 975.002 48.89884567260742
C13 999.976 31.966772079467773
C13 1025.028 15.51860523223877
C13 1050.014 6.256549835205078
C13 1075.002 0.9444265267237097
C13 1099.99 0.09370513235470687
C14 319.994 49.18464279174805
C14 324.969 51.299842834472656
C14 349.982 62.260440826416016
C14 374.975 76.74202728271484
C14 400.019 85.98896026611328
C14 424.965 86.30596160888672
C14 450.035 85.34846496582031
C14 475.003 85.34907531738281
C14 500.018 85.71764373779297
C14 525.002 86.33724975585938
C14 550.029 87.71946716308594
C14 575.023 89.39481353759766
C14 599.982 91.18263244628906
C14 619.997 92.23542785644531
C14 624.979 92.65391540527344
C14 650.012 93.88790130615234
C14 675.004 95.35879516601562
C14 700.03 96.26600646972656
C14 725.012 97.34901428222656
C14 750.022 98.93535614013672
C14 774.987 100.20796203613281
C14 799.976 100.69640350341797
C14 824.988 99.99673461914062
C14 850.022 99.0655746459961
C14 869.967 96.71098327636719
C14 875.002 95.58484649658203
C14 899.999 88.93653869628906
C14 919.999 80.16084289550781
C14 925.012 77.27545166015625
C14 949.965 63.749725341796875
C14 975.002 48.803001403808594
C14 999.976 31.874971389770508
C14 1025.028 15.481098175048828
C14 1050.014 6.243670463562012
C14 1075.002 0.942540438930057
C14 1099.99 0.0935179964565339
C15 319.994 48.784542083740234
C15 324.969 50.8572998046875
C15 349.982 61.71691131591797
C15 374.975 76.44896697998047
C15 400.019 85.92350006103516
C15 424.965 86.31343841552734
C15 450.035 85.34561157226562
C15 475.003 85.31690979003906
C15 500.018 85.6416015625
C15 525.002 86.22105407714844
C15 550.029 87.56746673583984
C15 575.023 89.21232604980469
C15 599.982 90.97634887695312
C15 619.997 92.0220947265625
C15 624.979 92.43310546875
C15 650.012 93.66555786132812
C15 675.004 95.13682556152344
C15 700.03 96.06166076660156
C15 725.012 97.17304229736328
C15 750.022 98.79771423339844
C15 774.987 100.0956039428711
C15 799.976 100.61063385009766
C15 824.988 99.91822052001953
C15 850.022 98.99490356445312
C15 869.967 96.63087463378906
C15 875.002 95.50253295898438
C15 899.999 88.81961059570312
C15 919.999 80.04458618164062
C15 925.012 77.15746307373047
C15 949.965 63.5591926574707
C15 975.002 48.66123580932617
C15 999.976 31.799560546875
C15 1025.028 15.42771053314209
C15 1050.014 6.214437007904053
C15 1075.002 0.9412288734400018
C15 1099.99 0.09338786413352107
C16 319.994 48.52781677246094
C16 324.969 50.57024383544922
C16 349.982 61.399803161621094
C16 374.975 76.39746856689453
C16 400.019 86.08629608154297
C16 424.965 86.52291107177734
C16 450.035 85.53265380859375
C16 475.003 85.46426391601562
C16 500.018 85.74250793457031
C16 525.002 86.28199005126953
C16 550.029 87.59707641601562
C16 575.023 89.22482299804688
C16 599.982 90.99005889892578
C16 619.997 92.03579711914062
C16 624.979 92.44950103759766
C16 650.012 93.69014739990234
C16 675.004 95.17269134521484
C16 700.03 96.11561584472656
C16 725.012 97.23516845703125
C16 750.022 98.87155151367188
C16 774.987 100.1709213256836
C16 799.976 100.69275665283203
C16 824.988 100.01641845703125
C16 850.022 99.09564208984375
C16 869.967 96.7137222290039
C16 875.002 95.58300018310547
C16 899.999 88.89749145507812
C16 919.999 80.15138244628906
C16 925.012 77.2673568725586
C16 949.965 63.622257232666016
C16 975.002 48.6544189453125
C16 999.976 31.780120849609375
C16 1025.028 15.402382850646973
C16 1050.014 6.206659317016602
C16 1075.002 0.9419322711968654
C16 1099.99 0.09345765461275884
C17 319.994 48.098384857177734
C17 324.969 50.088287353515625
C17 349.982 60.77073287963867
C17 374.975 76.005859375
C17 400.019 85.97724151611328
C17 424.965 86.52196502685547
C17 450.035 85.56575775146484
C17 475.003 85.50663757324219
C17 500.018 85.76631164550781
C17 525.002 86.26592254638672
C17 550.029 87.53028106689453
C17 575.023 89.09596252441406
C17 599.982 90.80213928222656
C17 619.997 91.81236267089844
C17 624.979 92.21966552734375
C17 650.012 93.44300842285156
C17 675.004 94.9156723022461
C17 700.03 95.85603332519531
C17 725.012 96.95537567138672
C17 750.022 98.54931640625
C17 774.987 99.80392456054688
C17 799.976 100.32418823242188
C17 824.988 99.67523956298828
C17 850.022 98.75811767578125
C17 869.967 96.34325408935547
C17 875.002 95.20555877685547
C17 899.999 88.58335876464844
C17 919.999 80.01223754882812
C17 925.012 77.17131805419922
C17 949.965 63.525390625
C17 975.002 48.4855842590332
C17 999.976 31.6117000579834
C17 1025.028 15.340656280517578
C17 1050.014 6.1770100593566895
C17 1075.002 0.9388627257768377
C17 1099.99 0.09315309713611712
