lsstCam/transmission_filter_detector/r02_s22/g_6/19700101T000000.ecsv
# %ECSV 1.0
# ---
# datatype:
# - {name: wavelength, unit: nm, datatype: float32}
# - {name: efficiency, unit: '%', datatype: float64}
# meta: !!omap
# - {MODE: DETECTOR}
# - {TYPE: transmission_filter_detector}
# - {CALIBDATE: '1970-01-01T00:00:00'}
# - {INSTRUME: LSSTCam}
# - {OBSTYPE: transmission_filter_detector}
# - {CALIBCLS: lsst.ip.isr.IntermediateFilterDetectorTransmissionCurve}
# - {SOURCE: Materion (DM-46256)}
# - {DETECTOR: 17}
# - {FILTER: g_6}
# - {CALIB_ID: 'calibDate=1970-01-01T00:00:00 filter=g_6 detector=17'}
# - {DATE: '2025-04-02T15:59:42.108487'}
# - {CALIB_CREATION_DATE: '2025-04-02'}
# - {CALIB_CREATION_TIME: '15:59:42'}
# - __serialized_columns__:
#     efficiency:
#       __class__: astropy.units.quantity.Quantity
#       unit: !astropy.units.Unit {unit: '%'}
#       value: !astropy.table.SerializedColumn {name: efficiency}
#     wavelength:
#       __class__: astropy.units.quantity.Quantity
#       unit: !astropy.units.Unit {unit: nm}
#       value: !astropy.table.SerializedColumn {name: wavelength}
# schema: astropy-2.0
wavelength efficiency
300.0 0.5093409214168787
301.0 0.37568663246929646
302.0 0.24203232023864985
303.0 0.21730498410761356
304.0 0.19257758976891637
305.0 0.2036927966400981
306.0 0.2148079453036189
307.0 0.2209856640547514
308.0 0.22716338280588388
309.0 0.2228188095614314
310.0 0.2184742596000433
311.0 0.21010201890021563
312.0 0.20172980148345232
313.0 0.19756024703383446
314.0 0.1933906809426844
315.0 0.18309903098270297
316.0 0.17280742758885026
317.0 0.17490320606157184
318.0 0.17699900781735778
319.0 0.16291963402181864
320.0 0.14884023694321513
321.0 0.14163278974592686
322.0 0.13442534254863858
323.0 0.11508530005812645
324.0 0.09574528667144477
325.0 0.08766247774474323
326.0 0.07957966299727559
327.0 0.07160094100981951
328.0 0.06362222484312952
329.0 0.061638973420485854
330.0 0.05965572199784219
331.0 0.055222929222509265
332.0 0.05079014226794243
333.0 0.047092969180084765
334.0 0.04339579900261015
335.0 0.04234550578985363
336.0 0.041295215487480164
337.0 0.04189492610748857
338.0 0.042494633817113936
339.0 0.041191832860931754
340.0 0.03988902899436653
341.0 0.03799628175329417
342.0 0.03610353451222181
343.0 0.032681296579539776
344.0 0.029259061557240784
345.0 0.025697675300762057
346.0 0.022136286133900285
347.0 0.02107216860167682
348.0 0.020008048159070313
349.0 0.018273254681844264
350.0 0.6884657312184572
351.0 1.2136303819715977
352.0 0.8660415187478065
353.0 0.9599510580301285
354.0 0.5208590999245644
355.0 0.8668476715683937
356.0 0.5930306389927864
357.0 0.9097842499613762
358.0 0.36304756067693233
359.0 0.8617102168500423
360.0 0.8112520910799503
361.0 0.8935284800827503
362.0 0.5903542507439852
363.0 0.7574236951768398
364.0 0.5130306351929903
365.0 0.7359279319643974
366.0 0.5498863756656647
367.0 0.7218878716230392
368.0 0.5437229294329882
369.0 0.6469285115599632
370.0 0.4154537804424763
371.0 0.5666703451424837
372.0 0.4761971067637205
373.0 0.5047496873885393
374.0 0.45145051553845406
375.0 0.5352461710572243
376.0 0.35895751789212227
377.0 0.5701740738004446
378.0 0.40522520430386066
379.0 0.5532582756131887
380.0 0.35112067125737667
381.0 0.5866606254130602
382.0 0.5255653522908688
383.0 0.49546267837285995
384.0 0.4940365441143513
385.0 0.5691309459507465
386.0 0.6354050245136023
387.0 0.7197656203061342
388.0 0.8814739063382149
389.0 1.1532454751431942
390.0 1.6456125304102898
391.0 2.6124881580471992
392.0 4.010975360870361
393.0 6.379219144582748
394.0 9.742116183042526
395.0 14.164014160633087
396.0 19.757677614688873
397.0 26.884368062019348
398.0 35.25470495223999
399.0 44.45938766002655
400.0 53.79112958908081
401.0 63.02644610404968
402.0 71.46886587142944
403.0 78.8585901260376
404.0 84.15709733963013
405.0 88.29912543296814
406.0 90.62728881835938
407.0 92.46222376823425
408.0 93.62722635269165
409.0 94.14127469062805
410.0 94.31152939796448
411.0 94.2194402217865
412.0 93.81732940673828
413.0 93.65410804748535
414.0 93.45307350158691
415.0 93.56887340545654
416.0 93.95298361778259
417.0 94.16043758392334
418.0 94.7263240814209
419.0 95.27174234390259
420.0 95.81542015075684
421.0 96.33379578590393
422.0 96.6085433959961
423.0 96.78020477294922
424.0 96.62337303161621
425.0 96.52813673019409
426.0 96.56870365142822
427.0 96.5735673904419
428.0 96.33516073226929
429.0 96.22929096221924
430.0 96.0268497467041
431.0 96.06558680534363
432.0 96.1485505104065
433.0 96.2037742137909
434.0 96.25502824783325
435.0 96.44992351531982
436.0 96.52790427207947
437.0 96.52607440948486
438.0 96.5803325176239
439.0 96.65533900260925
440.0 96.58812284469604
441.0 96.76671028137207
442.0 96.73198461532593
443.0 96.77709937095642
444.0 96.65336012840271
445.0 96.42233848571777
446.0 96.26697897911072
447.0 96.03014588356018
448.0 96.01641893386841
449.0 96.2276041507721
450.0 96.44466042518616
451.0 96.63187265396118
452.0 96.82686924934387
453.0 96.9294548034668
454.0 97.01623320579529
455.0 97.30201959609985
456.0 97.41791486740112
457.0 97.51639366149902
458.0 97.56813049316406
459.0 97.57076501846313
460.0 97.5958526134491
461.0 97.73998260498047
462.0 97.67064452171326
463.0 97.60932922363281
464.0 97.69112467765808
465.0 97.62331247329712
466.0 97.59473204612732
467.0 97.64077663421631
468.0 97.64999747276306
469.0 97.70747423171997
470.0 97.58384227752686
471.0 97.4298894405365
472.0 97.50761389732361
473.0 97.36337661743164
474.0 97.30010628700256
475.0 97.36593961715698
476.0 97.3025381565094
477.0 97.37161993980408
478.0 97.46349453926086
479.0 97.4196195602417
480.0 97.596675157547
481.0 97.67064452171326
482.0 97.91081547737122
483.0 97.76591062545776
484.0 97.90372848510742
485.0 97.97617793083191
486.0 97.98694252967834
487.0 98.06197881698608
488.0 98.0405330657959
489.0 98.13717603683472
490.0 98.09966683387756
491.0 98.14389944076538
492.0 98.02976846694946
493.0 98.03881645202637
494.0 97.98669815063477
495.0 98.0567991733551
496.0 97.88239002227783
497.0 97.81686663627625
498.0 97.57012128829956
499.0 97.66321778297424
500.0 97.59589433670044
501.0 97.54194021224976
502.0 97.41440415382385
503.0 97.5994884967804
504.0 97.39502668380737
505.0 97.4204957485199
506.0 97.47207760810852
507.0 97.4031388759613
508.0 97.44612574577332
509.0 97.41004705429077
510.0 97.3416805267334
511.0 97.33108282089233
512.0 97.23738431930542
513.0 97.3183810710907
514.0 97.297602891922
515.0 97.31080532073975
516.0 97.380131483078
517.0 97.44232296943665
518.0 97.49147891998291
519.0 97.49650359153748
520.0 97.58822321891785
521.0 97.70985245704651
522.0 97.67236709594727
523.0 97.65295386314392
524.0 97.67465591430664
525.0 97.69229292869568
526.0 97.807776927948
527.0 97.77644872665405
528.0 97.87301421165466
529.0 97.93763160705566
530.0 97.98036217689514
531.0 98.0929970741272
532.0 97.96671271324158
533.0 98.01100492477417
534.0 98.05946946144104
535.0 97.85990118980408
536.0 97.55828380584717
537.0 97.0405101776123
538.0 96.33123874664307
539.0 95.04983425140381
540.0 93.47261190414429
541.0 90.98132252693176
542.0 88.36175799369812
543.0 84.84677076339722
544.0 80.32057285308838
545.0 76.35394334793091
546.0 71.33232355117798
547.0 66.76592230796814
548.0 62.185049057006836
549.0 57.95387029647827
550.0 54.71101403236389
551.0 51.491302251815796
552.0 49.127671122550964
553.0 46.62211537361145
554.0 43.87310743331909
555.0 40.7835453748703
556.0 36.71344220638275
557.0 31.912174820899963
558.0 26.559671759605408
559.0 21.20310366153717
560.0 15.947635471820831
561.0 10.975074768066406
562.0 7.141593843698502
563.0 4.263077676296234
564.0 2.3546095937490463
565.0 1.1608009226620197
566.0 0.6172222550958395
567.0 0.3094971878454089
568.0 0.19059189362451434
569.0 0.10416517034173012
570.0 0.0877397891599685
571.0 0.0626132357865572
572.0 0.0682407058775425
573.0 0.03979949397034943
574.0 0.028967170510441065
575.0 0.033790364977903664
576.0 0.031749921618029475
577.0 0.020230018708389252
578.0 0.03451185766607523
579.0 0.018769281450659037
580.0 0.030016162781976163
581.0 0.016714399680495262
582.0 0.023483704717364162
583.0 0.018317137437406927
584.0 0.023630948271602392
585.0 0.018760083185043186
586.0 0.027431512717157602
587.0 0.020458690414670855
588.0 0.008694395364727825
589.0 0.022244600404519588
590.0 0.014517469389829785
591.0 0.01983012625714764
592.0 0.020569408661685884
593.0 0.013803460751660168
594.0 0.016896406305022538
595.0 0.01048879639711231
596.0 0.014908328012097627
597.0 0.012007028271909803
598.0 0.01230107736773789
599.0 0.003537575321388431
600.0 0.012472798698581755
601.0 0.002384800245636143
602.0 0.0023839782443246804
603.0 0.002383155697316397
604.0 0.002194707667513285
605.0 0.0020062596377101727
606.0 0.002002397923206445
607.0 0.0019985360268037766
608.0 0.00189408783626277
609.0 0.0017896396457217634
610.0 0.0018889295461121947
611.0 0.0019882190827047452
612.0 0.0019053419237025082
613.0 0.0018224647647002712
614.0 0.0018317639842280187
615.0 0.0018410633856547065
616.0 0.0019312548829475418
617.0 0.002021446380240377
618.0 0.0018874989109463058
619.0 0.0017535514416522346
620.0 0.0016835047063068487
621.0 0.001613458152860403
622.0 0.001512951075710589
623.0 0.0014124436347628944
624.0 0.0014194085451890714
625.0 0.0014263733646657784
626.0 0.0013871419469069224
627.0 0.0013479108929459471
628.0 0.0014441705388890114
629.0 0.0015404304576804861
630.0 0.0014480507161351852
631.0 0.0013556704288930632
632.0 0.0014348634977068286
633.0 0.0015140562027227134
634.0 0.0014363230548042338
635.0 0.0013585895430878736
636.0 0.0013927683539805003
637.0 0.001426947710569948
638.0 0.0012977359801880084
639.0 0.0011685241588565987
640.0 0.0011309727597108576
641.0 0.0010934211786661763
642.0 0.001289362262468785
643.0 0.0014853033462713938
644.0 0.0013441313967632595
645.0 0.0012029591744067147
646.0 0.0012135092219978105
647.0 0.0012240593605383765
648.0 0.001094396702683298
649.0 0.0009647339538787492
650.0 0.001232664999406552
651.0 0.0015005955901870038
652.0 0.0012262564268894494
653.0 0.0009519170816929545
654.0 0.001086900374502875
655.0 0.0012218838492117357
656.0 0.0012150834663771093
657.0 0.0012082829016435426
658.0 0.0010892777027038392
659.0 0.0009702728675620165
660.0 0.0009503590263193473
661.0 0.0009304452760261483
662.0 0.0010473605470906477
663.0 0.0011642759091046173
664.0 0.0011604996871028561
665.0 0.0011567232832021546
666.0 0.0011210842785658315
667.0 0.001085445092030568
668.0 0.0011496595107018948
669.0 0.0012138738384237513
670.0 0.0012020706890325528
671.0 0.0011902676305908244
672.0 0.0012125940884288866
673.0 0.001234920637216419
674.0 0.0011681347132252995
675.0 0.0011013486073352396
676.0 0.0010618524356686976
677.0 0.0010223558092548046
678.0 0.0010740845937107224
679.0 0.0011258134691161104
680.0 0.0010422592822578736
681.0 0.0009587050044501666
682.0 0.000990546504908707
683.0 0.0010223879144177772
684.0 0.0008992594302981161
685.0 0.0007761309461784549
686.0 0.0009902455531118903
687.0 0.001204360250994796
688.0 0.0012284787771932315
689.0 0.0012525974852906074
690.0 0.0011036472642445005
691.0 0.0009546971341478638
692.0 0.0009643980774853844
693.0 0.0009740991117723752
694.0 0.0010785220183606725
695.0 0.0011829447430500295
696.0 0.0011510193871799856
697.0 0.0011190937584615313
698.0 0.0012187437278043944
699.0 0.0013183937880967278
700.0 0.0011305603038636036
701.0 0.0009427266377315391
702.0 0.0010856459994101897
703.0 0.0012285652701393701
704.0 0.0011803385859820992
705.0 0.0011321115380269475
706.0 0.0011052619811380282
707.0 0.0010784124242491089
708.0 0.001049093043548055
709.0 0.0010197737537964713
710.0 0.0011896674550371245
711.0 0.001359561338176718
712.0 0.0012845671335526276
713.0 0.0012095729289285373
714.0 0.0012773399248544592
715.0 0.0013451071026793215
716.0 0.0014783477126911748
717.0 0.001611588777450379
718.0 0.0018939366782433353
719.0 0.0021762845790362917
720.0 0.001791673457773868
721.0 0.0014070622455619741
722.0 0.0015323157640523277
723.0 0.0016575697372900322
724.0 0.001643464929657057
725.0 0.0016293601220240816
726.0 0.001799148230929859
727.0 0.0019689365217345767
728.0 0.0020398230844875798
729.0 0.002110709647240583
730.0 0.002091716305585578
731.0 0.0020727229639305733
732.0 0.0019626291759777814
733.0 0.0018525353880249895
734.0 0.0016260815755231306
735.0 0.0013996281268191524
736.0 0.0012236777365615126
737.0 0.0010477271644049324
738.0 0.0010813931112352293
739.0 0.001115058967116056
740.0 0.0009339790267404169
741.0 0.0007528989954153076
742.0 0.0007519934570154874
743.0 0.0007510879640904022
744.0 0.0009419782145414501
745.0 0.0011328686923661735
746.0 0.0010625871254887898
747.0 0.000992305558611406
748.0 0.001116427665692754
749.0 0.0012405499546730425
750.0 0.001071581482392503
751.0 0.0009026133739098441
752.0 0.0007953422027640045
753.0 0.0006880712135171052
754.0 0.0008013532351469621
755.0 0.000914635256776819
756.0 0.0008787294063949957
757.0 0.0008428234650637023
758.0 0.0008785454156168271
759.0 0.0009142677299678326
760.0 0.0007021391866146587
761.0 0.0004900105977867497
762.0 0.0005585311100730905
763.0 0.000627051440460491
764.0 0.0008057551895035431
765.0 0.0009844591659202706
766.0 0.0008797032933216542
767.0 0.0007749476935714483
768.0 0.0005811360551888356
769.0 0.0003873243713314878
770.0 0.00036134827041678363
771.0 0.00033537219223944703
772.0 0.0005100587259221356
773.0 0.0006847454642411321
774.0 0.0007582584657939151
775.0 0.0008317715582961682
776.0 0.0007529309186793398
777.0 0.0006740902790625114
778.0 0.0006434950137190754
779.0 0.0006128997938503744
780.0 0.000568895802643965
781.0 0.0005248917659628205
782.0 0.0005906592377868947
783.0 0.0006564264822372934
784.0 0.0007940981049614493
785.0 0.0009317695912613999
786.0 0.0007554896001238376
787.0 0.0005792098818346858
788.0 0.00041583880374673754
789.0 0.000252467839345627
790.0 0.00020230056634318316
791.0 0.00015213329334073933
792.0 0.00019084134237346007
793.0 0.0002295494368809159
794.0 0.00025257102151954314
795.0 0.0002755926061581704
796.0 0.00041110847632808145
797.0 0.000546624323760625
798.0 0.00048486963351024315
799.0 0.0004231149887345964
800.0 0.0004691077265306376
801.0 0.0005151006462256191
802.0 0.00046351815399248153
803.0 0.0004119357527088141
804.0 0.0002633435315146926
805.0 0.00011475140127004124
806.0 0.0002023473143708543
807.0 0.0002899432502090349
808.0 0.0003822804956143955
809.0 0.0004746178092318587
810.0 0.00032022617233451456
811.0 0.00016583455817453796
812.0 0.00023134878119890345
813.0 0.0002968630269606365
814.0 0.0004262518814357463
815.0 0.0005556407359108562
816.0 0.0006036066224623937
817.0 0.0006515723271149909
818.0 0.0004029569936392363
819.0 0.00015434164879479795
820.0 0.0003298403953522211
821.0 0.0005053390850662254
822.0 0.00047069083848327864
823.0 0.0004360425919003319
824.0 0.00042553397179290187
825.0 0.00041502530621073674
826.0 0.000586678106628824
827.0 0.000758330770622706
828.0 0.0006410230980691267
829.0 0.0005237153345660772
830.0 0.0004720207925856812
831.0 0.00042032625060528517
832.0 0.000535125127498759
833.0 0.0006499238679680275
834.0 0.0005115089606988477
835.0 0.00037309412164177047
836.0 0.00042926376409013756
837.0 0.0004854334747506073
838.0 0.0004320349034969695
839.0 0.00037863640045543434
840.0 0.0005798873644380365
841.0 0.0007811383511580061
842.0 0.0004213295142108109
843.0 6.152062042019679e-05
844.0 0.00010367886034146068
845.0 0.0001458371230000921
846.0 0.00040609070310893003
847.0 0.0006663443855359219
848.0 0.0005686349595634965
849.0 0.0004709256245405413
850.0 0.0004815497959498316
851.0 0.0004921739673591219
852.0 0.0005823277206218336
853.0 0.0006724811100866646
854.0 0.0006064582976250676
855.0 0.0005404353487392655
856.0 0.0005942911684542196
857.0 0.0006481470791186439
858.0 0.0005805910859635333
859.0 0.0005130351382831577
860.0 0.0005331936336006038
861.0 0.0005533520379685797
862.0 0.0005587654868577374
863.0 0.0005641789812216302
864.0 0.0004966579126630677
865.0 0.00042913684410450514
866.0 0.0004047850779897999
867.0 0.0003804332891377271
868.0 0.0005798555775982095
869.0 0.0007792778887960594
870.0 0.000599917848376208
871.0 0.0004205576715321513
872.0 0.00035858486171491677
873.0 0.000296611915473477
874.0 0.0004138478288950864
875.0 0.000531083787791431
876.0 0.0006457994913944276
877.0 0.0007605151495226892
878.0 0.0007659146831429098
879.0 0.0007713140803389251
880.0 0.0007334223937505158
881.0 0.0006955311164347222
882.0 0.0005540711754292715
883.0 0.0004126115527469665
884.0 0.0004859752152697183
885.0 0.0005593391051661456
886.0 0.0006492572993010981
887.0 0.0007391757662844611
888.0 0.0005975864951324183
889.0 0.00045599736040458083
890.0 0.00047605390136595815
891.0 0.0004961105332768057
892.0 0.00044735902520187665
893.0 0.0003986076080764178
894.0 0.0004516673470789101
895.0 0.0005047271315561375
896.0 0.00027277171739115147
897.0 4.08162719622851e-05
898.0 0.00020224720174155664
899.0 0.0003636781002569478
900.0 0.00031634237984690117
901.0 0.00026900661396211945
902.0 0.0004639055532607017
903.0 0.000658804492559284
904.0 0.00033021931358234724
905.0 1.6340374386913936e-06
