lsstCam/transmission_filter_detector/r02_s22/g_6/19700101T000000.ecsv
# %ECSV 1.0
# ---
# datatype:
# - {name: wavelength, unit: nm, datatype: float32}
# - {name: efficiency, unit: '%', datatype: float64}
# meta: !!omap
# - {MODE: DETECTOR}
# - {TYPE: transmission_filter_detector}
# - {CALIBDATE: '1970-01-01T00:00:00'}
# - {INSTRUME: LSSTCam}
# - {OBSTYPE: transmission_filter_detector}
# - {CALIBCLS: lsst.ip.isr.IntermediateFilterDetectorTransmissionCurve}
# - {SOURCE: Materion (DM-46256)}
# - {DETECTOR: 17}
# - {FILTER: g_6}
# - {CALIB_ID: 'calibDate=1970-01-01T00:00:00 filter=g_6 detector=17'}
# - {DATE: '2025-04-02T15:59:42.108487'}
# - {CALIB_CREATION_DATE: '2025-04-02'}
# - {CALIB_CREATION_TIME: '15:59:42'}
# - __serialized_columns__:
#     efficiency:
#       __class__: astropy.units.quantity.Quantity
#       unit: !astropy.units.Unit {unit: '%'}
#       value: !astropy.table.SerializedColumn {name: efficiency}
#     wavelength:
#       __class__: astropy.units.quantity.Quantity
#       unit: !astropy.units.Unit {unit: nm}
#       value: !astropy.table.SerializedColumn {name: wavelength}
# schema: astropy-2.0
wavelength efficiency
[from data line 607]
907.0 0.0006008385753375478
908.0 0.0005175629667064641
909.0 0.0004342874490248505
910.0 0.00037384547795227263
911.0 0.00031340350687969476
912.0 0.000395277356801671
913.0 0.00047715129767311737
914.0 0.0002743065351751284
915.0 7.146178404582315e-05
916.0 0.00017574639059603214
917.0 0.00028003098577755736
918.0 0.00028112435757066123
919.0 0.0002822177748385002
920.0 0.00029420832561299903
921.0 0.0003061988991248654
922.0 0.0005088737452751957
923.0 0.000711548591425526
924.0 0.0006280513389356202
925.0 0.0005445539500215091
926.0 0.0005692458216799423
927.0 0.0005939377388131106
928.0 0.0005550504738494055
929.0 0.0005161632998351706
930.0 0.000504575064042001
931.0 0.0004929868737235665
932.0 0.0005046681053499924
933.0 0.0005163493369764183
934.0 0.0005089163551019737
935.0 0.0005014834187022643
936.0 0.00046594291234214325
937.0 0.0004304024059820222
938.0 0.0005966605385765433
939.0 0.0007629185802215943
940.0 0.0006413134997274028
941.0 0.000519708237334271
942.0 0.0006883597507112427
943.0 0.0008570112186134793
944.0 0.000729219073036802
945.0 0.0006014267910359195
946.0 0.0005931302439421415
947.0 0.0005848336513736285
948.0 0.0008666361281939317
949.0 0.001148438695963705
950.0 0.0009056873750523664
951.0 0.0006629359631915577
952.0 0.0007982995157362893
953.0 0.0009336629773315508
954.0 0.0008265777069027536
955.0 0.0007194925728981616
956.0 0.0006604285317735048
957.0 0.0006013642632751726
958.0 0.0007545266726083355
959.0 0.0009076891728909686
960.0 0.0007073923370626289
961.0 0.0005070954102848191
962.0 0.000597045618633274
963.0 0.0006869956905575236
964.0 0.0007396346063615056
965.0 0.0007922732947918121
966.0 0.0008613732461526524
967.0 0.0009304730156145524
968.0 0.0008792146218183916
969.0 0.000827956318971701
970.0 0.0007664806616958231
971.0 0.0007050051408441504
972.0 0.0007920923962956294
973.0 0.0008791797881713137
974.0 0.0007626515980518889
975.0 0.0006461237262556097
976.0 0.000739924644221901
977.0 0.0008337258805113379
978.0 0.0008933161552704405
979.0 0.0009529065209790133
980.0 0.0010648720490280539
981.0 0.0011768376680265646
982.0 0.0010654644029273186
983.0 0.000954090864979662
984.0 0.0009183058864437044
985.0 0.0008825211807561573
986.0 0.0010767167623271234
987.0 0.0012709123438980896
988.0 0.0012650653843593318
989.0 0.0012592179700732231
990.0 0.0013501080502464902
991.0 0.0014409982213692274
992.0 0.0014293119420472067
993.0 0.0014176258446241263
994.0 0.0014640207155025564
995.0 0.0015104155863809865
996.0 0.0013650126675202046
997.0 0.0012196100215078332
998.0 0.0013734010281041265
999.0 0.0015271920347004198
1000.0 0.0014154349628370255
1001.0 0.0013036778909736313
1002.0 0.0011695120520016644
1003.0 0.0010353463039791677
1004.0 0.0010834635759238154
1005.0 0.001131580847868463
1006.0 0.0013600065358332358
1007.0 0.0015884323147474788
1008.0 0.001599258575879503
1009.0 0.0016100853827083483
1010.0 0.0016591715393587947
1011.0 0.0017082580598071218
1012.0 0.0018643919247551821
1013.0 0.002020526153501123
1014.0 0.0020615087123587728
1015.0 0.002102491635014303
1016.0 0.002403510188742075
1017.0 0.002704529106267728
1018.0 0.0030183111448423006
1019.0 0.003332093183416873
1020.0 0.0033256928873015568
1021.0 0.0033192925911862403
1022.0 0.0036013989301864058
1023.0 0.003883505632984452
1024.0 0.0040713977796258405
1025.0 0.004259289926267229
1026.0 0.004378074299893342
1027.0 0.004496858309721574
1028.0 0.004608761446434073
1029.0 0.004720664219348691
1030.0 0.004861697743763216
1031.0 0.00500273090437986
1032.0 0.00537607011210639
1033.0 0.005749409319832921
1034.0 0.005541707650991157
1035.0 0.005334006345947273
1036.0 0.00550589757040143
1037.0 0.0056777884310577065
1038.0 0.005874983253306709
1039.0 0.006072178075555712
1040.0 0.006491816020570695
1041.0 0.006911452510394156
1042.0 0.007004073268035427
1043.0 0.007096692570485175
1044.0 0.007466703391401097
1045.0 0.007836712757125497
1046.0 0.008757416799198836
1047.0 0.009678120113676414
1048.0 0.01130316813942045
1049.0 0.012928213982377201
1050.0 0.015226120012812316
1051.0 0.017524023132864386
1052.0 0.02138822601409629
1053.0 0.025252436171285808
1054.0 0.03010889340657741
1055.0 0.03496534773148596
1056.0 0.041995427454821765
1057.0 0.049025495536625385
1058.0 0.056579470401629806
1059.0 0.06413343362510204
1060.0 0.07175437640398741
1061.0 0.07937529007904232
1062.0 0.08627356728538871
1063.0 0.09317182120867074
1064.0 0.09880120633170009
1065.0 0.10443057399243116
1066.0 0.10993944015353918
1067.0 0.1154483063146472
1068.0 0.12201417703181505
1069.0 0.12858009431511164
1070.0 0.13883933424949646
1071.0 0.1490985625423491
1072.0 0.1618328271433711
1073.0 0.17456706846132874
1074.0 0.18814434297382832
1075.0 0.20172169897705317
1076.0 0.21493686363101006
1077.0 0.22815202828496695
1078.0 0.24194247089326382
1079.0 0.2557329135015607
1080.0 0.273063313215971
1081.0 0.29039373621344566
1082.0 0.3187920665368438
1083.0 0.34719042014330626
1084.0 0.38620573468506336
1085.0 0.42522107250988483
1086.0 0.4605308175086975
1087.0 0.4958406090736389
1088.0 0.5597901530563831
1089.0 0.6237396970391273
1090.0 0.700926361605525
1091.0 0.7781129330396652
1092.0 0.8084427565336227
1093.0 0.8387722074985504
1094.0 0.8777315728366375
1095.0 0.9166905656456947
1096.0 0.9634694084525108
1097.0 1.0102484375238419
1098.0 1.0361657477915287
1099.0 1.0620832443237305
1100.0 1.2295586057007313
1101.0 1.3970335945487022
