lsstCam/transmission_sensor/r30_s00/19700101T000000.ecsv
# %ECSV 1.0
# ---
# datatype:
# - {name: amp_name, datatype: string}
# - {name: wavelength, unit: nm, datatype: float32}
# - {name: efficiency, unit: '%', datatype: float64}
# meta: !!omap
# - {MODE: AMP}
# - {TYPE: transmission_sensor}
# - {CALIBDATE: '1970-01-01T00:00:00'}
# - {INSTRUME: LSSTCAM}
# - {OBSTYPE: transmission_sensor}
# - {DETECTOR: 117}
# - {PARQUETFILE: qe_raft_allvalues_nircorrected_20230725.parquet}
# - {CALIBCLS: lsst.ip.isr.IntermediateSensorTransmissionCurve}
# - {CALIB_ID: 'raftName=R30 detectorName=S00 detector=117 calibDate=1970-01-01T00:00:00 ccd=117 ccdnum=117 filter=None'}
# - {DATE: '2023-08-02T16:57:55.902053'}
# - {CALIB_CREATION_DATE: '2023-08-02'}
# - {CALIB_CREATION_TIME: '16:57:55'}
# - __serialized_columns__:
#     efficiency:
#       __class__: astropy.units.quantity.Quantity
#       unit: !astropy.units.Unit {unit: '%'}
#       value: !astropy.table.SerializedColumn {name: efficiency}
#     wavelength:
#       __class__: astropy.units.quantity.Quantity
#       unit: !astropy.units.Unit {unit: nm}
#       value: !astropy.table.SerializedColumn {name: wavelength}
# schema: astropy-2.0
amp_name wavelength efficiency
C00 319.994 41.37886428833008
C00 324.969 46.61412048339844
C00 349.982 71.2686996459961
C00 374.975 79.0677490234375
C00 400.019 84.81444549560547
C00 424.965 86.19689178466797
C00 450.035 87.36103057861328
C00 475.003 89.30612182617188
C00 500.018 91.21626281738281
C00 525.002 92.9905014038086
C00 550.029 94.37664031982422
C00 575.023 95.82239532470703
C00 599.982 96.99935913085938
C00 619.997 97.13074493408203
C00 624.979 97.17523956298828
C00 650.012 97.56488037109375
C00 675.004 97.82960510253906
C00 700.03 97.55146026611328
C00 725.012 97.34017181396484
C00 750.022 97.82096862792969
C00 774.987 98.2066421508789
C00 799.976 97.47290802001953
C00 824.988 95.92503356933594
C00 850.022 93.70956420898438
C00 869.967 90.59207153320312
C00 875.002 89.57003784179688
C00 899.999 82.39714050292969
C00 919.999 73.7195053100586
C00 925.012 70.93145751953125
C00 949.965 57.85770797729492
C00 975.002 43.50725173950195
C00 999.976 26.43336296081543
C00 1025.028 11.411398887634277
C00 1050.014 3.8954381942749023
C00 1075.002 0.9319319703504788
C00 1099.99 0.09246543394986795
C01 319.994 41.83485412597656
C01 324.969 47.12932586669922
C01 349.982 72.13323974609375
C01 374.975 79.96510314941406
C01 400.019 85.38140869140625
C01 424.965 86.5849609375
C01 450.035 87.6550064086914
C01 475.003 89.54737854003906
C01 500.018 91.42044067382812
C01 525.002 93.1740951538086
C01 550.029 94.54792785644531
C01 575.023 95.99032592773438
C01 599.982 97.16494750976562
C01 619.997 97.29593658447266
C01 624.979 97.34020233154297
C01 650.012 97.72695922851562
C01 675.004 97.99493408203125
C01 700.03 97.73799896240234
C01 725.012 97.5870132446289
C01 750.022 98.14833068847656
C01 774.987 98.62039947509766
C01 799.976 97.91744995117188
C01 824.988 96.33940124511719
C01 850.022 94.14155578613281
C01 869.967 90.92952728271484
C01 875.002 89.85640716552734
C01 899.999 82.50782775878906
C01 919.999 73.88789367675781
C01 925.012 71.1034164428711
C01 949.965 57.885223388671875
C01 975.002 43.55162048339844
C01 999.976 26.4379825592041
C01 1025.028 11.36244010925293
C01 1050.014 3.9072835445404053
C01 1075.002 0.9350500214749535
C01 1099.99 0.09277480411794362
C02 319.994 42.1344108581543
C02 324.969 47.46797180175781
C02 349.982 72.73046875
C02 374.975 80.58953094482422
C02 400.019 85.74656677246094
C02 424.965 86.81493377685547
C02 450.035 87.80962371826172
C02 475.003 89.65692138671875
C02 500.018 91.50148010253906
C02 525.002 93.23613739013672
C02 550.029 94.60166931152344
C02 575.023 96.0387191772461
C02 599.982 97.20992279052734
C02 619.997 97.34260559082031
C02 624.979 97.38118743896484
C02 650.012 97.77525329589844
C02 675.004 98.04827880859375
C02 700.03 97.79934692382812
C02 725.012 97.67637634277344
C02 750.022 98.27720642089844
C02 774.987 98.78264617919922
C02 799.976 98.09693145751953
C02 824.988 96.50104522705078
C02 850.022 94.28800201416016
C02 869.967 91.12921142578125
C02 875.002 90.03411102294922
C02 899.999 82.465576171875
C02 919.999 73.76232147216797
C02 925.012 71.06584167480469
C02 949.965 58.10854721069336
C02 975.002 43.63368225097656
C02 999.976 26.511512756347656
C02 1025.028 11.26463794708252
C02 1050.014 3.8520450592041016
C02 1075.002 0.9362775107655859
C02 1099.99 0.09289659447768893
C03 319.994 42.229244232177734
C03 324.969 47.579444885253906
C03 349.982 73.0981216430664
C03 374.975 81.13067626953125
C03 400.019 86.06008911132812
C03 424.965 86.97901153564453
C03 450.035 87.88392639160156
C03 475.003 89.67694091796875
C03 500.018 91.49344635009766
C03 525.002 93.21142578125
C03 550.029 94.56946563720703
C03 575.023 96.00373077392578
C03 599.982 97.18266296386719
C03 619.997 97.31838989257812
C03 624.979 97.36296081542969
C03 650.012 97.76335144042969
C03 675.004 98.04570770263672
C03 700.03 97.8049087524414
C03 725.012 97.70206451416016
C03 750.022 98.31195068359375
C03 774.987 98.8320541381836
C03 799.976 98.15985870361328
C03 824.988 96.56745910644531
C03 850.022 94.33816528320312
C03 869.967 91.18757629394531
C03 875.002 90.10877227783203
C03 899.999 82.54776000976562
C03 919.999 73.6242904663086
C03 925.012 70.92737579345703
C03 949.965 58.14177322387695
C03 975.002 43.73305130004883
C03 999.976 26.527114868164062
C03 1025.028 11.271136283874512
C03 1050.014 3.828758478164673
C03 1075.002 0.9366084137167671
C03 1099.99 0.09292942636451083
C04 319.994 42.558326721191406
C04 324.969 47.94982147216797
C04 349.982 73.68890380859375
C04 374.975 81.73396301269531
C04 400.019 86.44020080566406
C04 424.965 87.24861145019531
C04 450.035 88.09029388427734
C04 475.003 89.84789276123047
C04 500.018 91.63609313964844
C04 525.002 93.34215545654297
C04 550.029 94.68836975097656
C04 575.023 96.12230682373047
C04 599.982 97.29345703125
C04 619.997 97.42709350585938
C04 624.979 97.47220611572266
C04 650.012 97.86677551269531
C04 675.004 98.14703369140625
C04 700.03 97.90457916259766
C04 725.012 97.78693389892578
C04 750.022 98.39205169677734
C04 774.987 98.90170288085938
C04 799.976 98.22388458251953
C04 824.988 96.63408660888672
C04 850.022 94.41146850585938
C04 869.967 91.27913665771484
C04 875.002 90.19468688964844
C04 899.999 82.6148681640625
C04 919.999 73.61272430419922
C04 925.012 70.91191101074219
C04 949.965 58.27875900268555
C04 975.002 43.71184539794922
C04 999.976 26.62689208984375
C04 1025.028 11.29207992553711
C04 1050.014 3.838895082473755
C04 1075.002 0.9373716002240738
C04 1099.99 0.09300514902864078
C05 319.994 42.8133430480957
C05 324.969 48.24004364013672
C05 349.982 74.26177978515625
C05 374.975 82.40472412109375
C05 400.019 86.8873291015625
C05 424.965 87.56350708007812
C05 450.035 88.33468627929688
C05 475.003 90.0526123046875
C05 500.018 91.8165512084961
C05 525.002 93.51007843017578
C05 550.029 94.85175323486328
C05 575.023 96.2831802368164
C05 599.982 97.45832061767578
C05 619.997 97.59347534179688
C05 624.979 97.63959503173828
C05 650.012 98.04290771484375
C05 675.004 98.32769775390625
C05 700.03 98.08006286621094
C05 725.012 97.95632934570312
C05 750.022 98.54996490478516
C05 774.987 99.04581451416016
C05 799.976 98.36585235595703
C05 824.988 96.7794189453125
C05 850.022 94.55397033691406
C05 869.967 91.40245819091797
C05 875.002 90.3026123046875
C05 899.999 82.7285385131836
C05 919.999 73.76589965820312
C05 925.012 71.01075744628906
C05 949.965 58.2543830871582
C05 975.002 43.685699462890625
C05 999.976 26.62962532043457
C05 1025.028 11.348457336425781
C05 1050.014 3.8556199073791504
C05 1075.002 0.9388761400784986
C05 1099.99 0.09315442809080444
C06 319.994 42.93409729003906
C06 324.969 48.37611770629883
C06 349.982 74.51737213134766
C06 374.975 82.67366027832031
C06 400.019 87.02901458740234
C06 424.965 87.62886047363281
C06 450.035 88.35987854003906
C06 475.003 90.05460357666016
C06 500.018 91.80985260009766
C06 525.002 93.48932647705078
C06 550.029 94.83087158203125
C06 575.023 96.25857543945312
C06 599.982 97.43338012695312
C06 619.997 97.57148742675781
C06 624.979 97.61609649658203
C06 650.012 98.021728515625
C06 675.004 98.3022689819336
C06 700.03 98.0537338256836
C06 725.012 97.9150619506836
C06 750.022 98.49188995361328
C06 774.987 98.97258758544922
C06 799.976 98.28726196289062
C06 824.988 96.6946029663086
C06 850.022 94.44947052001953
C06 869.967 91.29977416992188
C06 875.002 90.20353698730469
C06 899.999 82.62393951416016
C06 919.999 73.64759826660156
C06 925.012 70.89590454101562
C06 949.965 58.14574432373047
C06 975.002 43.565391540527344
C06 999.976 26.56698226928711
C06 1025.028 11.338203430175781
C06 1050.014 3.8684263229370117
C06 1075.002 0.9383229967225224
C06 1099.99 0.09309954571518685
C07 319.994 43.2048225402832
C07 324.969 48.68156051635742
C07 349.982 74.96268463134766
C07 374.975 83.06460571289062
C07 400.019 87.2930908203125
C07 424.965 87.83621215820312
C07 450.035 88.54222106933594
C07 475.003 90.22578430175781
C07 500.018 91.97193145751953
C07 525.002 93.65327453613281
C07 550.029 94.99295043945312
C07 575.023 96.41854095458984
C07 599.982 97.59089660644531
C07 619.997 97.72293853759766
C07 624.979 97.76607513427734
C07 650.012 98.16342163085938
C07 675.004 98.44291687011719
C07 700.03 98.18257904052734
C07 725.012 98.02900695800781
C07 750.022 98.58938598632812
C07 774.987 99.05089569091797
C07 799.976 98.35298156738281
C07 824.988 96.7480239868164
C07 850.022 94.4826889038086
C07 869.967 91.33477020263672
C07 875.002 90.23037719726562
C07 899.999 82.63028717041016
C07 919.999 73.6189193725586
C07 925.012 70.86688232421875
C07 949.965 58.132816314697266
C07 975.002 43.50993347167969
C07 999.976 26.522357940673828
C07 1025.028 11.375116348266602
C07 1050.014 3.891191005706787
C07 1075.002 0.9392519894621424
C07 1099.99 0.09319171952136385
C10 319.994 42.0178337097168
C10 324.969 47.340633392333984
C10 349.982 72.64690399169922
C10 374.975 80.6767578125
C10 400.019 85.92111206054688
C10 424.965 87.0026626586914
C10 450.035 87.99968719482422
C10 475.003 89.85237884521484
C10 500.018 91.70601654052734
C10 525.002 93.4505386352539
C10 550.029 94.82620239257812
C10 575.023 96.27488708496094
C10 599.982 97.46000671386719
C10 619.997 97.5987319946289
C10 624.979 97.64273071289062
C10 650.012 98.04443359375
C10 675.004 98.31889343261719
C10 700.03 98.02983093261719
C10 725.012 97.78876495361328
C10 750.022 98.23573303222656
C10 774.987 98.59870147705078
C10 799.976 97.86227416992188
C10 824.988 96.29963684082031
C10 850.022 94.07255554199219
C10 869.967 90.93196868896484
C10 875.002 89.86013793945312
C10 899.999 82.52590942382812
C10 919.999 73.8387680053711
C10 925.012 71.14957427978516
C10 949.965 58.0308723449707
C10 975.002 43.5764274597168
C10 999.976 26.448070526123047
C10 1025.028 11.301080703735352
C10 1050.014 3.8648524284362793
C10 1075.002 0.9358836403703756
C10 1099.99 0.09285751501891747
C11 319.994 40.12568664550781
C11 324.969 45.19881820678711
C11 349.982 69.12825775146484
C11 374.975 77.2457275390625
C11 400.019 83.99895477294922
C11 424.965 85.85305786132812
C11 450.035 87.26656341552734
C11 475.003 89.361328125
C11 500.018 91.37525939941406
C11 525.002 93.213134765625
C11 550.029 94.6575698852539
C11 575.023 96.14338684082031
C11 599.982 97.35990142822266
C11 619.997 97.51039123535156
C11 624.979 97.55591583251953
C11 650.012 97.96739959716797
C11 675.004 98.25020599365234
C11 700.03 97.93429565429688
C11 725.012 97.61392974853516
C11 750.022 97.94326782226562
C11 774.987 98.21192932128906
C11 799.976 97.4437026977539
C11 824.988 95.9280776977539
C11 850.022 93.72847747802734
C11 869.967 90.56226348876953
C11 875.002 89.5538101196289
C11 899.999 82.66544342041016
C11 919.999 74.10469055175781
C11 925.012 71.31494140625
C11 949.965 57.855709075927734
C11 975.002 43.553253173828125
C11 999.976 26.39716148376465
C11 1025.028 11.360770225524902
C11 1050.014 3.895705461502075
C11 1075.002 0.9330982168467993
C11 1099.99 0.09258114785582423
C12 319.994 40.874000549316406
C12 324.969 46.046913146972656
C12 349.982 70.47106170654297
C12 374.975 78.53079223632812
C12 400.019 84.80213165283203
C12 424.965 86.40966796875
C12 450.035 87.68954467773438
C12 475.003 89.71001434326172
C12 500.018 91.67206573486328
C12 525.002 93.49005889892578
C12 550.029 94.90605926513672
C12 575.023 96.38729095458984
C12 599.982 97.58716583251953
C12 619.997 97.73755645751953
C12 624.979 97.78514862060547
C12 650.012 98.19396209716797
C12 675.004 98.46672821044922
C12 700.03 98.15391540527344
C12 725.012 97.8373031616211
C12 750.022 98.19697570800781
C12 774.987 98.48352813720703
C12 799.976 97.71599578857422
C12 824.988 96.18359375
C12 850.022 93.99394226074219
C12 869.967 90.79270935058594
C12 875.002 89.7460708618164
C12 899.999 82.74266052246094
C12 919.999 74.29290771484375
C12 925.012 71.50070190429688
C12 949.965 57.9726448059082
C12 975.002 43.608402252197266
C12 999.976 26.43238067626953
C12 1025.028 11.379688262939453
C12 1050.014 3.8973164558410645
C12 1075.002 0.9355150859086884
C12 1099.99 0.09282094738381289
C13 319.994 41.28483963012695
C13 324.969 46.51409149169922
C13 349.982 71.24854278564453
C13 374.975 79.27632904052734
C13 400.019 85.16812896728516
C13 424.965 86.58499145507812
C13 450.035 87.76571655273438
C13 475.003 89.7320785522461
C13 500.018 91.65370178222656
C13 525.002 93.44487762451172
C13 550.029 94.85148620605469
C13 575.023 96.31893157958984
C13 599.982 97.5131607055664
C13 619.997 97.65692901611328
C13 624.979 97.70149230957031
C13 650.012 98.11129760742188
C13 675.004 98.38092803955078
C13 700.03 98.06022644042969
C13 725.012 97.73564147949219
C13 750.022 98.08323669433594
C13 774.987 98.35578918457031
C13 799.976 97.58583068847656
C13 824.988 96.03607177734375
C13 850.022 93.85527801513672
C13 869.967 90.70260620117188
C13 875.002 89.58057403564453
C13 899.999 82.42935180664062
C13 919.999 74.01519775390625
C13 925.012 71.59493255615234
C13 949.965 57.668338775634766
C13 975.002 43.75911331176758
C13 999.976 26.2601318359375
C13 1025.028 11.247075080871582
C13 1050.014 3.8762335777282715
C13 1075.002 0.934431612591771
C13 1099.99 0.09271344615667482
C14 319.994 41.77474594116211
C14 324.969 47.06810760498047
C14 349.982 72.16731262207031
C14 374.975 80.20174407958984
C14 400.019 85.74048614501953
C14 424.965 86.97134399414062
C14 450.035 88.0538101196289
C14 475.003 89.96022033691406
C14 500.018 91.85281372070312
C14 525.002 93.62124633789062
C14 550.029 95.00953674316406
C14 575.023 96.47164916992188
C14 599.982 97.6690444946289
C14 619.997 97.81282806396484
C14 624.979 97.85163879394531
C14 650.012 98.25809478759766
C14 675.004 98.52978515625
C14 700.03 98.20266723632812
C14 725.012 97.85652923583984
C14 750.022 98.17464447021484
C14 774.987 98.42310333251953
C14 799.976 97.63887023925781
C14 824.988 96.08787536621094
C14 850.022 93.8842544555664
C14 869.967 90.75030517578125
C14 875.002 89.66858673095703
C14 899.999 82.38630676269531
C14 919.999 74.05506896972656
C14 925.012 71.49684143066406
C14 949.965 57.972225189208984
C14 975.002 43.585147857666016
C14 999.976 26.268009185791016
C14 1025.028 11.235660552978516
C14 1050.014 3.8544864654541016
C14 1075.002 0.9353026724939233
C14 1099.99 0.09279987191994009
C15 319.994 42.11750793457031
C15 324.969 47.45603942871094
C15 349.982 72.84095764160156
C15 374.975 80.89884948730469
C15 400.019 86.15956115722656
C15 424.965 87.2374496459961
C15 450.035 88.23406982421875
C15 475.003 90.08834075927734
C15 500.018 91.94523620605469
C15 525.002 93.69585418701172
C15 550.029 95.07640838623047
C15 575.023 96.53065490722656
C15 599.982 97.7220458984375
C15 619.997 97.86503601074219
C15 624.979 97.90818786621094
C15 650.012 98.31103515625
C15 675.004 98.58336639404297
C15 700.03 98.24523162841797
C15 725.012 97.87397003173828
C15 750.022 98.15860748291016
C15 774.987 98.36985778808594
C15 799.976 97.5801010131836
C15 824.988 96.03125
C15 850.022 93.78184509277344
C15 869.967 90.7287368774414
C15 875.002 89.66790008544922
C15 899.999 82.33102416992188
C15 919.999 73.82089233398438
C15 925.012 71.24374389648438
C15 949.965 58.1212043762207
C15 975.002 43.46049499511719
C15 999.976 26.342729568481445
C15 1025.028 11.19322681427002
C15 1050.014 3.827241897583008
C15 1075.002 0.9351501948054908
C15 1099.99 0.09278474322377218
C16 319.994 42.36728286743164
C16 324.969 47.74140167236328
C16 349.982 73.3539047241211
C16 374.975 81.4664077758789
C16 400.019 86.5296859741211
C16 424.965 87.4930419921875
C16 450.035 88.42464447021484
C16 475.003 90.2441177368164
C16 500.018 92.08126831054688
C16 525.002 93.8174819946289
C16 550.029 95.1920394897461
C16 575.023 96.64513397216797
C16 599.982 97.83842468261719
C16 619.997 97.97749328613281
C16 624.979 98.02294921875
C16 650.012 98.43265533447266
C16 675.004 98.70176696777344
C16 700.03 98.35746002197266
C16 725.012 97.96315002441406
C16 750.022 98.21604919433594
C16 774.987 98.39521026611328
C16 799.976 97.58671569824219
C16 824.988 96.05765533447266
C16 850.022 93.77940368652344
C16 869.967 90.68729400634766
C16 875.002 89.63542938232422
C16 899.999 82.41913604736328
C16 919.999 73.87083435058594
C16 925.012 71.24176025390625
C16 949.965 58.04893112182617
C16 975.002 43.44416427612305
C16 999.976 26.37567710876465
C16 1025.028 11.209076881408691
C16 1050.014 3.8369317054748535
C16 1075.002 0.9356977139635225
C16 1099.99 0.09283906757163658
C17 319.994 42.635475158691406
C17 324.969 48.04568862915039
C17 349.982 73.83235168457031
C17 374.975 81.90143585205078
C17 400.019 86.765625
C17 424.965 87.63736724853516
C17 450.035 88.5244140625
C17 475.003 90.32134246826172
C17 500.018 92.14382934570312
C17 525.002 93.8685302734375
C17 550.029 95.24038696289062
C17 575.023 96.68849182128906
C17 599.982 97.87739562988281
C17 619.997 98.01807403564453
C17 624.979 98.06208801269531
C17 650.012 98.46672821044922
C17 675.004 98.73219299316406
C17 700.03 98.37899017333984
C17 725.012 97.95791625976562
C17 750.022 98.18147277832031
C17 774.987 98.328369140625
C17 799.976 97.505859375
C17 824.988 95.9808578491211
C17 850.022 93.69023132324219
C17 869.967 90.60106658935547
C17 875.002 89.54924774169922
C17 899.999 82.39891815185547
C17 919.999 73.78276824951172
C17 925.012 71.13716125488281
C17 949.965 58.01903533935547
C17 975.002 43.33736801147461
C17 999.976 26.389177322387695
C17 1025.028 11.227238655090332
C17 1050.014 3.847212314605713
C17 1075.002 0.935368578105711
C17 1099.99 0.09280641101419541
