lsstCam/transmission_sensor/r30_s00/19700101T000000.ecsv
# %ECSV 1.0
# ---
# datatype:
# - {name: amp_name, datatype: string}
# - {name: wavelength, unit: nm, datatype: float32}
# - {name: efficiency, unit: '%', datatype: float64}
# meta: !!omap
# - {MODE: AMP}
# - {TYPE: transmission_sensor}
# - {CALIBDATE: '1970-01-01T00:00:00'}
# - {INSTRUME: LSSTCam}
# - {OBSTYPE: transmission_sensor}
# - {DETECTOR: 117}
# - {PARQUETFILE: qe_raft_allvalues_nircorrected_20230725_adjust.parquet}
# - {CORRFILE: qe_corr_factor_bydetnum.parquet}
# - {CALIBCLS: lsst.ip.isr.IntermediateSensorTransmissionCurve}
# - {CALIB_ID: 'raftName=R30 detectorName=S00 detector=117 calibDate=1970-01-01T00:00:00 ccd=117 ccdnum=117 filter=None'}
# - {DATE: '2025-03-03T21:56:48.039335'}
# - {CALIB_CREATION_DATE: '2025-03-03'}
# - {CALIB_CREATION_TIME: '21:56:48'}
# - __serialized_columns__:
#     efficiency:
#       __class__: astropy.units.quantity.Quantity
#       unit: !astropy.units.Unit {unit: '%'}
#       value: !astropy.table.SerializedColumn {name: efficiency}
#     wavelength:
#       __class__: astropy.units.quantity.Quantity
#       unit: !astropy.units.Unit {unit: nm}
#       value: !astropy.table.SerializedColumn {name: wavelength}
# schema: astropy-2.0
amp_name wavelength efficiency
C00 319.994 41.49712095204492
C00 324.969 46.74733898673766
C00 349.982 71.47237847557207
C00 374.975 79.2937167576363
C00 400.019 85.05683671468886
C00 424.965 86.44323389725028
C00 450.035 87.61069968366483
C00 475.003 89.56134980785073
C00 500.018 91.47694979134506
C00 525.002 93.2562589745471
C00 550.029 94.64635933722087
C00 575.023 96.09624616559297
C00 599.982 97.27657361681925
C00 619.997 97.40833490755264
C00 624.979 97.45295669766686
C00 650.012 97.84371106030812
C00 675.004 98.10919234861119
C00 700.03 97.8302526020072
C00 725.012 97.61836030855325
C00 750.022 98.10053119181947
C00 774.987 98.4873069311995
C00 799.976 97.75147586143517
C00 824.988 96.19917774007972
C00 850.022 93.97737678944351
C00 869.967 90.8509746307817
C00 875.002 89.8260200691044
C00 899.999 82.63262330563839
C00 919.999 73.93018829758405
C00 925.012 71.13417254477316
C00 949.965 58.023059531361426
C00 975.002 43.63159112209748
C00 999.976 26.508906873590025
C00 1025.028 11.444011526573995
C00 1050.014 3.906570967793102
C00 1075.002 0.9345953388966747
C00 1099.99 0.0927296909302351
C01 319.994 41.954413963130676
C01 324.969 47.264016775596325
C01 349.982 72.33938934497777
C01 374.975 80.19363543213139
C01 400.019 85.6254202347092
C01 424.965 86.8324121129842
C01 450.035 87.90551566732077
C01 475.003 89.80329600932401
C01 500.018 91.68171116772315
C01 525.002 93.44037741715833
C01 550.029 94.81813639652377
C01 575.023 96.264656697521
C01 599.982 97.44263523078345
C01 619.997 97.57399865919072
C01 624.979 97.61839091334757
C01 650.012 98.00625312292586
C01 675.004 98.2749938218237
C01 700.03 98.01732440727005
C01 725.012 97.86590718738654
C01 750.022 98.42882882045824
C01 774.987 98.90224673254978
C01 799.976 98.19728824905276
C01 824.988 96.61472963731634
C01 850.022 94.41060295539822
C01 869.967 91.18939479514084
C01 875.002 90.11320780777683
C01 899.999 82.74362689462626
C01 919.999 74.09905790142685
C01 925.012 71.30662290955104
C01 949.965 58.050653579037515
C01 975.002 43.67608666743515
C01 999.976 26.513539674329767
C01 1025.028 11.394912828891078
C01 1050.014 3.918450170887266
C01 1075.002 0.9377223011000205
C01 1099.99 0.09303994524736992
C02 319.994 42.25482679854735
C02 324.969 47.60363052693382
C02 349.982 72.93832516976204
C02 374.975 80.8198477798507
C02 400.019 85.99162190110961
C02 424.965 87.06304219175875
C02 450.035 88.060574857728
C02 475.003 89.91315191852499
C02 500.018 91.76298219903202
C02 525.002 93.50259696400485
C02 550.029 94.87203143931606
C02 575.023 96.31318825010923
C02 599.982 97.48773904640818
C02 619.997 97.62080104090003
C02 624.979 97.65949315211535
C02 650.012 98.05468520993256
C02 675.004 98.32849100228987
C02 700.03 98.07884769504585
C02 725.012 97.95552567634539
C02 750.022 98.55807286685905
C02 774.987 99.06495712153627
C02 799.976 98.37728269562979
C02 824.988 96.77683558161506
C02 850.022 94.55746771212706
C02 869.967 91.38964961555574
C02 875.002 90.29141952508489
C02 899.999 82.70125455689434
C02 919.999 73.97312682401085
C02 925.012 71.2689407565482
C02 949.965 58.274615638250246
C02 975.002 43.758382959353646
C02 999.976 26.587280013437002
C02 1025.028 11.296831157903757
C02 1050.014 3.863053819473754
C02 1075.002 0.938953298432518
C02 1099.99 0.09316208367180633
C03 319.994 42.34993119688751
C03 324.969 47.715422189375346
C03 349.982 73.30702877809786
C03 374.975 81.36253964387885
C03 400.019 86.30604025552562
C03 424.965 87.22758886840425
C03 450.035 88.13508988069138
C03 475.003 89.93322866359696
C03 500.018 91.75492548692806
C03 525.002 93.47781473180665
C03 550.029 94.83973573011302
C03 575.023 96.27809985342475
C03 599.982 97.46040131388449
C03 619.997 97.59651613660948
C03 624.979 97.6412144387095
C03 650.012 98.04274934014892
C03 675.004 98.32591254836865
C03 700.03 98.08442541881013
C03 725.012 97.98128726196174
C03 750.022 98.59291642518899
C03 774.987 99.11450628353555
C03 799.976 98.4403897815115
C03 824.988 96.8434392652475
C03 850.022 94.60777434278567
C03 869.967 91.44818128468707
C03 875.002 90.3662941543815
C03 899.999 82.7836732679901
C03 919.999 73.83470133931492
C03 925.012 71.13007915353326
C03 949.965 58.30793660806291
C03 975.002 43.85803599524918
C03 999.976 26.602926714531584
C03 1025.028 11.303348066293639
C03 1050.014 3.8397006877101716
C03 1075.002 0.9392851470713031
C03 1099.99 0.0931950093888835
C04 319.994 42.67995417080591
C04 324.969 48.086857275603975
C04 349.982 73.89949934008266
C04 374.975 81.96755052033504
C04 400.019 86.68723827114137
C04 424.965 87.49795927259947
C04 450.035 88.34204715106172
C04 475.003 90.10466907016237
C04 500.018 91.89797994676444
C04 525.002 93.60891801946221
C04 550.029 94.95897965997074
C04 575.023 96.39701478174356
C04 599.982 97.57151201965246
C04 619.997 97.70553041396673
C04 624.979 97.75077195116587
C04 650.012 98.14646898808932
C04 675.004 98.42752811669976
C04 700.03 98.18438067704955
C04 725.012 98.0663991949574
C04 750.022 98.67324635907262
C04 774.987 99.18435407536558
C04 799.976 98.50459863998863
C04 824.988 96.91025718244015
C04 850.022 94.68128705873518
C04 869.967 91.54000331883672
C04 875.002 90.45245430158252
C04 899.999 82.85097321069324
C04 919.999 73.82310212226876
C04 925.012 71.11457017401311
C04 949.965 58.44531387855348
C04 975.002 43.83676948879813
C04 999.976 26.70298908955111
C04 1025.028 11.324351562793522
C04 1050.014 3.8498662614225374
C04 1075.002 0.9400505146894668
C04 1099.99 0.09327094846082892
C05 319.994 42.935699308916874
C05 324.969 48.37790886955892
C05 349.982 74.47401253900192
C05 374.975 82.64022859702618
C05 400.019 87.13564441507732
C05 424.965 87.81375484275974
C05 450.035 88.58713799515107
C05 475.003 90.30997368163959
C05 500.018 92.07895374675961
C05 525.002 93.77732090019167
C05 550.029 95.12283007754554
C05 575.023 96.55834795498579
C05 599.982 97.73684676975164
C05 619.997 97.87238775258318
C05 624.979 97.91863924799479
C05 650.012 98.32310455849006
C05 675.004 98.60870849905658
C05 700.03 98.36036589557105
C05 725.012 98.23627875701266
C05 750.022 98.83161086726608
C05 774.987 99.32887756532917
C05 799.976 98.64697214315144
C05 824.988 97.05600486417642
C05 850.022 94.82419614579855
C05 869.967 91.66367729267184
C05 875.002 90.56068815668469
C05 899.999 82.9649684183256
C05 919.999 73.97671523614451
C05 925.012 71.21369910280596
C05 949.965 58.420868299092746
C05 975.002 43.81054883126702
C05 999.976 26.705730131442127
C05 1025.028 11.380890094694944
C05 1050.014 3.8666388842080472
C05 1075.002 0.9415593543686129
C05 1099.99 0.09342065414765127
C06 319.994 43.05679865443007
C06 324.969 48.51437182181927
C06 349.982 74.73033534260563
C06 374.975 82.909933346945
C06 400.019 87.27773482389271
C06 424.965 87.87929500978966
C06 450.035 88.61240225285977
C06 475.003 90.31197064446877
C06 500.018 92.07223599440702
C06 525.002 93.7565096400561
C06 550.029 95.10188874703411
C06 575.023 96.53367283956769
C06 599.982 97.71183500159604
C06 619.997 97.85033699827775
C06 624.979 97.89507355637068
C06 650.012 98.30186483123404
C06 675.004 98.58320705419192
C06 700.03 98.33396160927403
C06 725.012 98.19489342389745
C06 750.022 98.77336994368078
C06 774.987 99.25544136136546
C06 799.976 98.56815714658651
C06 824.988 96.97094648957082
C06 850.022 94.71939767885846
C06 869.967 91.56069981099361
C06 875.002 90.46132969193445
C06 899.999 82.86007048580397
C06 919.999 73.85807575097455
C06 925.012 71.09851795939383
C06 949.965 58.311919056923415
C06 975.002 43.689897080870715
C06 999.976 26.642908052707494
C06 1025.028 11.370606883804422
C06 1050.014 3.879481899223242
C06 1075.002 0.9410046301841399
C06 1099.99 0.0933656149236825
C07 319.994 43.328297610415724
C07 324.969 48.82068755693983
C07 349.982 75.17692050127971
C07 374.975 83.3019960645433
C07 400.019 87.54256576031655
C07 424.965 88.08723928477671
C07 450.035 88.79526589890402
C07 475.003 90.48364058699157
C07 500.018 92.23477805702477
C07 525.002 93.92092624632575
C07 550.029 95.26443080965186
C07 575.023 96.69409552017898
C07 599.982 97.86980164746339
C07 619.997 98.00222094127459
C07 624.979 98.04548081804171
C07 650.012 98.443962891248
C07 675.004 98.72425690000053
C07 700.03 98.46317505088052
C07 725.012 98.30916407467866
C07 750.022 98.8711446103251
C07 774.987 99.33397326358296
C07 799.976 98.63406457114824
C07 824.988 97.02452018202278
C07 850.022 94.75271099747255
C07 869.967 91.59579585887667
C07 875.002 90.48824660853629
C07 899.999 82.86643628302193
C07 919.999 73.82931489551513
C07 925.012 71.06941279999833
C07 949.965 58.298954100930864
C07 975.002 43.63428051839809
C07 999.976 26.598156192217417
C07 1025.028 11.407625295330513
C07 1050.014 3.9023116411840117
C07 1075.002 0.9419362778922781
C07 1099.99 0.09345805215339681
C10 319.994 42.137916484256294
C10 324.969 47.47592819704673
C10 349.982 72.85452159172343
C10 374.975 80.90732393320735
C10 400.019 86.16666602220586
C10 424.965 87.25130758399996
C10 450.035 88.25118151673446
C10 475.003 90.10916797492698
C10 500.018 91.96810318174333
C10 525.002 93.71761094647914
C10 550.029 95.09720621350361
C10 575.023 96.55003110213013
C10 599.982 97.73853768463765
C10 619.997 97.87765942840429
C10 624.979 97.92178389061085
C10 650.012 98.32463479820592
C10 675.004 98.59987901589612
C10 700.03 98.30999040412522
C10 725.012 98.06823548261643
C10 750.022 98.5164809513822
C10 774.987 98.88048672379038
C10 799.976 98.14195478092756
C10 824.988 96.57485159032124
C10 850.022 94.3414055154474
C10 869.967 91.1918431786862
C10 875.002 90.11694924388209
C10 899.999 82.7617602352591
C10 919.999 74.049791833775
C10 925.012 71.35291266095555
C10 949.965 58.196718785514825
C10 975.002 43.700964539615605
C10 999.976 26.523656471651186
C10 1025.028 11.333378064317401
C10 1050.014 3.875897790888771
C10 1075.002 0.9385583023950342
C10 1099.99 0.09312289252784259
C11 319.994 40.240361852611144
C11 324.969 45.32799191749467
C11 349.982 69.32581941176429
C11 374.975 77.4664881177324
C11 400.019 84.2390154009492
C11 424.965 86.09841733087889
C11 450.035 87.51596254285647
C11 475.003 89.61671388077025
C11 500.018 91.6364007697368
C11 525.002 93.47952860028839
C11 550.029 94.92809177130628
C11 575.023 96.41815504341805
C11 599.982 97.63814630807921
C11 619.997 97.78906620005506
C11 624.979 97.83472090197749
C11 650.012 98.24738064615116
C11 675.004 98.53099527508707
C11 700.03 98.21418209551575
C11 725.012 97.89290061597417
C11 750.022 98.22317990504496
C11 774.987 98.49260921181492
C11 799.976 97.72218707327377
C11 824.988 96.20223056831284
C11 850.022 93.99634411072148
C11 869.967 90.82108139793256
C11 875.002 89.80974596972632
C11 899.999 82.90169300607513
C11 919.999 74.31647436025501
C11 925.012 71.51875239016096
C11 949.965 58.02105491733366
C11 975.002 43.67772402393111
C11 999.976 26.47260193633145
C11 1025.028 11.393238172802043
C11 1050.014 3.9068389988433316
C11 1075.002 0.9357649184090673
C11 1099.99 0.0928457355349841
C12 319.994 40.990814362860434
C12 324.969 46.17851062836278
C12 349.982 70.67246096650788
C12 374.975 78.75522540162818
C12 400.019 85.04448768018193
C12 424.965 86.65661817442718
C12 450.035 87.94015264328907
C12 475.003 89.96639660943804
C12 500.018 91.93405534806564
C12 525.002 93.7572441551197
C12 550.029 95.1772913090327
C12 575.023 96.66275621079834
C12 599.982 97.86606021135813
C12 619.997 98.01688063775245
C12 624.979 98.06460881448986
C12 650.012 98.47459063916078
C12 675.004 98.74813629076638
C12 700.03 98.43442949781826
C12 725.012 98.11691240797767
C12 750.022 98.47761286259959
C12 774.987 98.76498423003791
C12 799.976 97.99525835056747
C12 824.988 96.45847685993074
C12 850.022 94.26256756528674
C12 869.967 91.05218585101902
C12 875.002 90.00255617392361
C12 899.999 82.9791307868958
C12 919.999 74.50522942920529
C12 925.012 71.70504377316871
C12 949.965 58.13832483795794
C12 975.002 43.73303071286127
C12 999.976 26.507921781772946
C12 1025.028 11.412210276079133
C12 1050.014 3.908454597243333
C12 1075.002 0.9381886946414845
C12 1099.99 0.09308622038608705
C13 319.994 41.40282758075415
C13 324.969 46.64702412216502
C13 349.982 71.45216400892568
C13 374.975 79.50289287559463
C13 400.019 85.41153097842607
C13 424.965 86.83244271777852
C13 450.035 88.01654220990437
C13 475.003 89.98852387572926
C13 500.018 91.91563891308536
C13 525.002 93.71193375713334
C13 550.029 95.12256228559527
C13 575.023 96.5942014715282
C13 599.982 97.79184358513933
C13 619.997 97.93602277116686
C13 624.979 97.9807134220683
C13 650.012 98.39168990255453
C13 675.004 98.66209091154406
C13 700.03 98.34047277926497
C13 725.012 98.01496018690905
C13 750.022 98.36354879418002
C13 774.987 98.6368802122254
C13 799.976 97.86472125160675
C13 824.988 96.31053328420222
C13 850.022 94.12350703110874
C13 869.967 90.96182519579799
C13 875.002 89.83658637434236
C13 899.999 82.66492666604002
C13 919.999 74.22672580092032
C13 925.012 71.79954372682111
C13 949.965 57.83314913142568
C13 975.002 43.884172489595926
C13 999.976 26.335180671449052
C13 1025.028 11.279218098774306
C13 1050.014 3.8873114663693777
C13 1075.002 0.9371021248659791
C13 1099.99 0.09297841193117254
C14 319.994 41.894133995124
C14 324.969 47.202623558196365
C14 349.982 72.37355959783274
C14 374.975 80.43095265846422
C14 400.019 85.98552389584195
C14 424.965 87.21989941383211
C14 450.035 88.3054591194557
C14 475.003 90.21731766684478
C14 500.018 92.11531989360682
C14 525.002 93.88880651469003
C14 550.029 95.28106451536316
C14 575.023 96.74735551348918
C14 599.982 97.94817287451072
C14 619.997 98.0923673629354
C14 624.979 98.13128901010808
C14 650.012 98.53890661441801
C14 675.004 98.81137344702395
C14 700.03 98.4833206567397
C14 725.012 98.13619342839739
C14 750.022 98.4552178043581
C14 774.987 98.70438673729019
C14 799.976 97.91791238412975
C14 824.988 96.36248492255538
C14 850.022 94.15256628331277
C14 869.967 91.00966048931551
C14 875.002 89.92485060115267
C14 899.999 82.62175860365585
C14 919.999 74.26671096469552
C14 925.012 71.7011722666876
C14 949.965 58.137904022036075
C14 975.002 43.7097098595917
C14 999.976 26.343080533982135
C14 1025.028 11.267770949299914
C14 1050.014 3.8655022030191164
C14 1075.002 0.937975674170383
C14 1099.99 0.09306508469064224
C15 319.994 42.237875568095
C15 324.969 47.59166405235586
C15 349.982 73.04912982758684
C15 374.975 81.13005032384953
C15 400.019 86.40579658260197
C15 424.965 87.48676556907802
C15 450.035 88.48623398828782
C15 475.003 90.34580424458625
C15 500.018 92.20800651319594
C15 525.002 93.96362758559658
C15 550.029 95.34812727091035
C15 575.023 96.80652988330115
C15 599.982 98.00132575104082
C15 619.997 98.14472451481326
C15 624.979 98.18799969397755
C15 650.012 98.59199828135948
C15 675.004 98.86510781464607
C15 700.03 98.52600669361338
C15 725.012 98.15368406834956
C15 750.022 98.4391349849445
C15 774.987 98.65098902240555
C15 799.976 97.85897520147374
C15 824.988 96.30569772670013
C15 850.022 94.0498642447834
C15 869.967 90.98803055093195
C15 875.002 89.92416199328053
C15 899.999 82.56631801875055
C15 919.999 74.0318650755038
C15 925.012 71.44735140501932
C15 949.965 58.28730897669323
C15 975.002 43.5847007516045
C15 999.976 26.418014460067738
C15 1025.028 11.225215939201908
C15 1050.014 3.8381797728925884
C15 1075.002 0.9378227607159372
C15 1099.99 0.09304991275817083
C16 319.994 42.48836433278201
C16 324.969 47.877841832815825
C16 349.982 73.56354286166604
C16 374.975 81.69923063735907
C16 400.019 86.77697917927748
C16 424.965 87.74308837268171
C16 450.035 88.67735327759908
C16 475.003 90.50202641717752
C16 500.018 92.3444273838641
C16 525.002 94.08560299334711
C16 550.029 95.46408883657757
C16 575.023 96.92133611798292
C16 599.982 98.11803713416882
C16 619.997 98.25750318187151
C16 624.979 98.30308902300672
C16 650.012 98.71396603791142
C16 675.004 98.98384676539756
C16 700.03 98.63855582471426
C16 725.012 98.2431189285425
C16 750.022 98.49674085904773
C16 774.987 98.67641395528443
C16 799.976 97.86560879064196
C16 824.988 96.33217852498295
C16 850.022 94.04741586123804
C16 869.967 90.94646924024943
C16 875.002 89.89159849212722
C16 899.999 82.6546817111424
C16 919.999 74.08194982140363
C16 925.012 71.44536209338872
C16 949.965 58.21482917255193
C16 975.002 43.5683233610456
C16 999.976 26.45105616113226
C16 1025.028 11.241111304250316
C16 1050.014 3.8478972732881562
C16 1075.002 0.9383718446290694
C16 1099.99 0.09310439235959879
C17 319.994 42.75732309083936
C17 324.969 48.18299841135163
C17 349.982 74.04335717576984
C17 374.975 82.13550198034831
C17 400.019 87.01359249534102
C17 424.965 87.88782609620553
C17 450.035 88.77740800142004
C17 475.003 90.57947184919676
C17 500.018 92.407167212214
C17 525.002 94.13679716304091
C17 550.029 95.51257448197433
C17 575.023 96.96481787950883
C17 599.982 98.15711945651165
C17 619.997 98.29819990711458
C17 624.979 98.34233967171832
C17 650.012 98.74813629076638
C17 675.004 99.01435974533165
C17 700.03 98.66014750710492
C17 725.012 98.23787020631714
C17 750.022 98.46206562708653
C17 774.987 98.60938180453155
C17 799.976 97.78452138809898
C17 824.988 96.25516156008415
C17 850.022 93.95798865224367
C17 869.967 90.85999539390666
C17 875.002 89.80517055297592
C17 899.999 82.63440603490736
C17 919.999 73.99363203620325
C17 925.012 71.3404641608671
C17 949.965 58.18484795091911
C17 975.002 43.46122188333316
C17 999.976 26.464594957018257
C17 1025.028 11.259324982468238
C17 1050.014 3.8582072633737057
C17 1075.002 0.9380417681338304
C17 1099.99 0.09307164247297622
