lsstCam/transmission_filter_detector/r31_s12/y_10/19700101T000000.ecsv
# %ECSV 1.0
# ---
# datatype:
# - {name: wavelength, unit: nm, datatype: float32}
# - {name: efficiency, unit: '%', datatype: float64}
# meta: !!omap
# - {MODE: DETECTOR}
# - {TYPE: transmission_filter_detector}
# - {CALIBDATE: '1970-01-01T00:00:00'}
# - {INSTRUME: LSSTCam}
# - {OBSTYPE: transmission_filter_detector}
# - {CALIBCLS: lsst.ip.isr.IntermediateFilterDetectorTransmissionCurve}
# - {SOURCE: Materion (DM-46256)}
# - {DETECTOR: 131}
# - {FILTER: y_10}
# - {CALIB_ID: 'calibDate=1970-01-01T00:00:00 filter=y_10 detector=131'}
# - {DATE: '2025-04-02T15:59:51.351742'}
# - {CALIB_CREATION_DATE: '2025-04-02'}
# - {CALIB_CREATION_TIME: '15:59:51'}
# - __serialized_columns__:
#     efficiency:
#       __class__: astropy.units.quantity.Quantity
#       unit: !astropy.units.Unit {unit: '%'}
#       value: !astropy.table.SerializedColumn {name: efficiency}
#     wavelength:
#       __class__: astropy.units.quantity.Quantity
#       unit: !astropy.units.Unit {unit: nm}
#       value: !astropy.table.SerializedColumn {name: wavelength}
# schema: astropy-2.0
wavelength efficiency
300.0 0.024364618002437055
301.0 0.023382225481327623
302.0 0.02239983150502667
303.0 0.01667613541940227
304.0 0.010952438606182113
305.0 0.01231295900652185
306.0 0.013673474313691258
307.0 0.01347901561530307
308.0 0.01328455691691488
309.0 0.011595707474043593
310.0 0.00990686021395959
311.0 0.0056598779337946326
312.0 0.001412896472174907
313.0 0.005006149513064884
314.0 0.008599401189712808
315.0 0.005449745003716089
316.0 0.0023000873625278473
317.0 0.002089883309963625
318.0 0.0018796788936015218
319.0 0.0005772697932115989
320.0 1.576913946643721e-10
321.0 1.576913946643721e-10
322.0 1.576913946643721e-10
323.0 0.0016644251445541158
324.0 0.004150519089307636
325.0 0.0026083351258421317
326.0 0.0010661512533260975
327.0 0.0022536070900969207
328.0 0.0034410626540193334
329.0 0.0037554153095697984
330.0 0.004069767965120263
331.0 0.003182295404258184
332.0 0.0022948232071939856
333.0 0.0028073578505427577
334.0 0.003319892130093649
335.0 0.002504440453776624
336.0 0.0016889885955606587
337.0 0.001960655390575994
338.0 0.0022323225493892096
339.0 0.0017547827155794948
340.0 0.0012772431546181906
341.0 0.0011726853699656203
342.0 0.00106812749436358
343.0 0.0011499955689941999
344.0 0.0012318636436248198
345.0 0.0009216143553203437
346.0 0.0006113650670158677
347.0 0.0008998661542136688
348.0 0.0011883674233104102
349.0 0.0009428381417819764
350.0 0.0006973087693040725
351.0 0.0009213988960254937
352.0 0.001145489022746915
353.0 0.0013105563084536698
354.0 0.0014756234122614842
355.0 0.0014566889149136841
356.0 0.0014377542356669437
357.0 0.0013233344361651689
358.0 0.0012089148185623344
359.0 0.0011293110219412483
360.0 0.0010497073162696324
361.0 0.0010385702807980124
362.0 0.0010274332453263924
363.0 0.0009917916031554341
364.0 0.0009561497790855356
365.0 0.001280696324101882
366.0 0.001605243051017169
367.0 0.0019404444174142554
368.0 0.0022756456019124016
369.0 0.0018879043636843562
370.0 0.0015001633983047213
371.0 0.0013768032658845186
372.0 0.0012534434972621966
373.0 0.0015708948922110721
374.0 0.0018883460143115371
375.0 0.0028207483410369605
376.0 0.003753150667762384
377.0 0.003955160718760453
378.0 0.0041571707697585225
379.0 0.0036981989978812635
380.0 0.0032392272260040045
381.0 0.00247684456553543
382.0 0.0017144620869657956
383.0 0.00127820212583174
384.0 0.0008419420737482142
385.0 0.0006973085874051321
386.0 0.0005526751465367852
387.0 0.000413564430346014
388.0 0.00027445364594314015
389.0 0.0003886048034473788
390.0 0.0005027559382142499
391.0 0.0004760380761581473
392.0 0.0004493201231525745
393.0 0.0005491716365213506
394.0 0.0006490229679911863
395.0 0.0005505111403181218
396.0 0.00045199926717032213
397.0 0.0006059137831471162
398.0 0.000759828162699705
399.0 0.000980540153250331
400.0 0.001201252052851487
401.0 0.0014248379557102453
402.0 0.0016484236766700633
403.0 0.0017246462448383681
404.0 0.0018008689949056134
405.0 0.0018010417988989502
406.0 0.001801214602892287
407.0 0.001678876651567407
408.0 0.0015565385183435865
409.0 0.001314691689913161
410.0 0.0010728445886343252
411.0 0.00075560114964901
412.0 0.0004383575742394896
413.0 0.0005664920536219142
414.0 0.0006946267603780143
415.0 0.000549532978766365
416.0 0.0004044389697810402
417.0 9.490286174695939e-05
418.0 1.576913946643721e-10
419.0 1.576913946643721e-10
420.0 1.576913946643721e-10
421.0 1.576913946643721e-10
422.0 0.00014051564676265116
423.0 0.00044374019125825725
424.0 0.0007469646789104445
425.0 0.0001620236048438528
426.0 1.576913946643721e-10
427.0 0.00021120174551469972
428.0 0.0008453208465653006
429.0 0.00023280319965124363
430.0 1.576913946643721e-10
431.0 1.576913946643721e-10
432.0 8.331429057761852e-05
433.0 1.576913946643721e-10
434.0 1.576913946643721e-10
435.0 0.00013611575013783295
436.0 0.0005634957233269233
437.0 0.00043295708564983215
438.0 0.00030241837976063835
439.0 0.00030102808068477316
440.0 0.0002996378043462755
441.0 0.0005070695806352887
442.0 0.0007145014933485072
443.0 0.0006801919880672358
444.0 0.0006458824373112293
445.0 0.00042197084439976607
446.0 0.00019805916053883266
447.0 0.0002976068117277464
448.0 0.0003971545993408654
449.0 0.0002569170646893326
450.0 0.00011667964372463757
451.0 0.00022701037778460886
452.0 0.0003373412255314179
453.0 0.00016387148207286373
454.0 1.576913946643721e-10
455.0 0.00048220845201285556
456.0 0.0009740152563608717
457.0 0.0003773642220039619
458.0 1.576913946643721e-10
459.0 1.576913946643721e-10
460.0 1.576913946643721e-10
461.0 1.576913946643721e-10
462.0 0.00028788731469830964
463.0 0.00045944593694002833
464.0 0.0006310046046564821
465.0 0.0006434512670239201
466.0 0.000655897929391358
467.0 0.0007931478648970369
468.0 0.0009303979823016562
469.0 0.001417493876942899
470.0 0.0019045899534830824
471.0 0.001928691563080065
472.0 0.0019527928088791668
473.0 0.0021537334760068916
474.0 0.002354673961235676
475.0 0.0026952540792990476
476.0 0.0030358341973624192
477.0 0.0031806612241780385
478.0 0.003325487705296837
479.0 0.0035678160202223808
480.0 0.0038101446989458054
481.0 0.0043237581849098206
482.0 0.004837371670873836
483.0 0.004557834108709358
484.0 0.004278296182746999
485.0 0.00403999219997786
486.0 0.00380168785341084
487.0 0.003305793143226765
488.0 0.00280989843304269
489.0 0.0025128843844868243
490.0 0.0022158703359309584
491.0 0.001985556627914775
492.0 0.0017552431017975323
493.0 0.001616414010641165
494.0 0.0014775846466363873
495.0 0.0018108950825990178
496.0 0.0021442052457132377
497.0 0.0019655091819004156
498.0 0.0017868131180875935
499.0 0.0020047596990480088
500.0 0.0022227060981094837
501.0 0.002495868466212414
502.0 0.002769031016214285
503.0 0.002862928704416845
504.0 0.002956826392619405
505.0 0.0025633200493757613
506.0 0.002169813888031058
507.0 0.0022385138436220586
508.0 0.0023072139811119996
509.0 0.0020902723917970434
510.0 0.0018733309843810275
511.0 0.0016700505511835217
512.0 0.001466770117986016
513.0 0.0018239790733787231
514.0 0.0021811882106703706
515.0 0.0016112853700178675
516.0 0.0010413825293653645
517.0 0.0011120371709694155
518.0 0.0011826917216239963
519.0 0.0010998032848874573
520.0 0.0010169149391003884
521.0 0.001274274654861074
522.0 0.001531634188722819
523.0 0.0016084406524896622
524.0 0.001685246934357565
525.0 0.002104501618305221
526.0 0.002523756484151818
527.0 0.002416798633930739
528.0 0.0023098409656086005
529.0 0.0023481101379729807
530.0 0.002386379310337361
531.0 0.002396981835772749
532.0 0.0024075845431070775
533.0 0.0022434296624851413
534.0 0.0020792749637621455
535.0 0.0018349504898651503
536.0 0.0015906263797660358
537.0 0.0018972454199683852
538.0 0.002203864642069675
539.0 0.002634160227898974
540.0 0.003064455813728273
541.0 0.0035378281609155238
542.0 0.004011200144304894
543.0 0.0044050593714928254
544.0 0.004798918598680757
545.0 0.004868331961915828
546.0 0.004937744961353019
547.0 0.004340197847341187
548.0 0.003742650369531475
549.0 0.0030698913178639486
550.0 0.002397132084297482
551.0 0.002582307752163615
552.0 0.002767483238130808
553.0 0.002891705298679881
554.0 0.0030159273592289537
555.0 0.0036213859857525676
556.0 0.004226844248478301
557.0 0.004185279976809397
558.0 0.004143715705140494
559.0 0.003746359288925305
560.0 0.003349002872710116
561.0 0.003604734592954628
562.0 0.003860466676997021
563.0 0.0035703033063327894
564.0 0.003280139935668558
565.0 0.003552981070242822
566.0 0.0038258218410192057
567.0 0.004038245242554694
568.0 0.004250668644090183
569.0 0.004877915125689469
570.0 0.005505161243490875
571.0 0.005780674837296829
572.0 0.0060561884311027825
573.0 0.006235433102119714
574.0 0.006414677045540884
575.0 0.006481169839389622
576.0 0.00654766263323836
577.0 0.005957263056188822
578.0 0.005366864206735045
579.0 0.005553659138968214
580.0 0.005740454071201384
581.0 0.006481098535005003
582.0 0.007221742271212861
583.0 0.008457429794361815
584.0 0.00969311804510653
585.0 0.010110477887792513
586.0 0.010527837002882734
587.0 0.010730364010669291
588.0 0.010932893201243132
589.0 0.010776119597721845
590.0 0.010619349632179365
591.0 0.009781413245946169
592.0 0.008943476859712973
593.0 0.007699584239162505
594.0 0.006455691618612036
595.0 0.005906677688471973
596.0 0.005357665213523433
597.0 0.005697629239875823
598.0 0.006037593266228214
599.0 0.007135586929507554
600.0 0.008233580592786893
601.0 0.009360577678307891
602.0 0.010487573308637366
603.0 0.0107497900899034
604.0 0.011012006871169433
605.0 0.011002273095073178
606.0 0.010992538591381162
607.0 0.009739193774294108
608.0 0.008485850412398577
609.0 0.006774128269171342
610.0 0.005062405034550466
611.0 0.004353786789579317
612.0 0.0036451681808102876
613.0 0.0035333938285475597
614.0 0.0034216194762848318
615.0 0.0043977415771223605
616.0 0.0053738633141620085
617.0 0.006541728362208232
618.0 0.007709592318860814
619.0 0.009264243999496102
620.0 0.01081889568013139
621.0 0.01094511681003496
622.0 0.011071341577917337
623.0 0.01143194385804236
624.0 0.011792544682975858
625.0 0.010683456639526412
626.0 0.009574367140885442
627.0 0.007664394797757268
628.0 0.0057544235460227355
629.0 0.0046891113015590236
630.0 0.0036237994208931923
631.0 0.0029352955607464537
632.0 0.002246792064397596
633.0 0.0023529319150839
634.0 0.002459072129568085
635.0 0.002704818507481832
636.0 0.002950564885395579
637.0 0.0033580938179511577
638.0 0.0037656223867088556
639.0 0.004338862709118985
640.0 0.004912103031529114
641.0 0.005229404996498488
642.0 0.005546706961467862
643.0 0.005733369107474573
644.0 0.005920030889683403
645.0 0.005133996455697343
646.0 0.004347961657913402
647.0 0.0037056979635963216
648.0 0.0030634346330771223
649.0 0.0025294059014413506
650.0 0.0019953769879066385
651.0 0.001651193633733783
652.0 0.0013070097338641062
653.0 0.0013408141967374831
654.0 0.0013746187505603302
655.0 0.0012909076758660376
656.0 0.0012071965102222748
657.0 0.001393253569403896
658.0 0.0015793106285855174
659.0 0.001458162205381086
660.0 0.0013370139640755951
661.0 0.0014647296666225884
662.0 0.001592445551068522
663.0 0.0017865257177618332
664.0 0.0019806055206572637
665.0 0.0026352074200985953
666.0 0.0032898096833378077
667.0 0.004074089883943088
668.0 0.004858370084548369
669.0 0.005661827526637353
670.0 0.006465284968726337
671.0 0.0069537636591121554
672.0 0.00744224016671069
673.0 0.007465072849299759
674.0 0.007487904076697305
675.0 0.0073091519880108535
676.0 0.007130401354515925
677.0 0.005917048474657349
678.0 0.004703694503405131
679.0 0.0034224365663249046
680.0 0.002141178265446797
681.0 0.0013189101082389243
682.0 0.0004966419965057867
683.0 0.0005482720098370919
684.0 0.0005999020686431322
685.0 0.0003699766011777683
686.0 0.00014005106550030177
687.0 0.00014820425349171273
688.0 0.00015635740737707238
689.0 0.00016591395706200274
690.0 0.000175470461272198
691.0 0.00012355238823147374
692.0 7.163423560996307e-05
693.0 0.00011647096016531577
694.0 0.0001613076733519847
695.0 0.00020661475446104305
696.0 0.0002519219151508878
697.0 0.0003230655920560821
698.0 0.00039420929169864394
699.0 0.00033683611491142074
700.0 0.00027946305181103526
701.0 0.0002714590436880826
702.0 0.0002634550128277624
703.0 0.00014309462130768225
704.0 2.2734292315362836e-05
705.0 3.0312529020193324e-05
706.0 3.7890731618972495e-05
707.0 0.0002656743617990287
708.0 0.00049345803745382
709.0 0.0006359709914249834
710.0 0.000778484081820352
711.0 0.0006721095360262552
712.0 0.0005657349902321585
713.0 0.00026623717985785333
714.0 1.576913946643721e-10
715.0 0.0001427982738277933
716.0 0.00031885715543467086
717.0 0.00020176978523522848
718.0 8.468242640446988e-05
719.0 0.0003710127202793956
720.0 0.0006573431164724752
721.0 0.0006668134574283613
722.0 0.0006762839802831877
723.0 0.0004789684226125246
724.0 0.00028165284220449394
725.0 0.0003083126557612559
726.0 0.00033497246931801783
727.0 0.0001724252911117219
728.0 9.878204565438864e-06
729.0 0.00029886145966884214
730.0 0.0005878445790585829
731.0 0.000404462980441167
732.0 0.00022108142729848623
733.0 0.00044528378566610627
734.0 0.0006694863714074017
735.0 0.0004461453045223607
736.0 0.00022280435132415732
737.0 0.0001742423819450778
738.0 0.00012568050351546844
739.0 8.608466259829584e-05
740.0 4.648890694625152e-05
741.0 6.321354248939315e-05
742.0 7.993819508556044e-05
743.0 0.00017772573528418434
744.0 0.00027551311632123543
745.0 0.000346977822118788
746.0 0.00041844223233056255
747.0 0.00025440183435421204
748.0 9.036126584760495e-05
749.0 6.449305374189862e-05
750.0 3.8624858689217945e-05
751.0 0.00041919088289432693
752.0 0.0007997569809958804
753.0 0.00048701531341066584
754.0 0.00017427363445676747
755.0 0.0003941306204069406
756.0 0.0006139875949884299
757.0 0.00044820203584095
758.0 0.0002824166585924104
759.0 0.0002827284561135457
760.0 0.00028304023089731345
761.0 0.000386093824999989
762.0 0.000489147396365297
763.0 0.00044694929783872794
764.0 0.0004047510174132185
765.0 0.0003355976787133841
766.0 0.00026644443096301984
767.0 0.0005013969257561257
768.0 0.0007363495569734368
769.0 0.0005609879281109897
770.0 0.00038562629924854264
771.0 0.0006017922714818269
772.0 0.0008179582437151112
773.0 0.0005766522463090951
774.0 0.0003353461579536088
775.0 0.00029989719223522115
776.0 0.00026444838567840634
777.0 0.00022766241727367742
778.0 0.00019087631244474323
779.0 0.0006010367997077992
780.0 0.0010111972187587526
781.0 0.0007291840574907837
782.0 0.00044717085074807983
783.0 0.0006603512247238541
784.0 0.0008735316441743635
785.0 0.0006720320016029291
786.0 0.0004705320407083491
787.0 0.0004657532372220885
788.0 0.00046097429731162265
789.0 0.0005584684913628735
790.0 0.000655962548989919
791.0 0.0006181203843880212
792.0 0.0005802780833619181
793.0 0.0007430097411997849
794.0 0.0009057413080881815
795.0 0.0007503897904825862
796.0 0.0005950382274022559
797.0 0.0006613121058762772
798.0 0.0007275859388755634
799.0 0.0004486432771955151
800.0 0.0001697006837275694
801.0 0.0006629421022807946
802.0 0.0011561836799955927
803.0 0.0010762059901026078
804.0 0.0009962284821085632
805.0 0.00073641786002554
806.0 0.0004766072379425168
807.0 6.0774118537665345e-05
808.0 1.576913946643721e-10
809.0 0.0003689772256620927
810.0 0.0010930136340903118
811.0 0.0007826164619473275
812.0 0.00047221924432960805
813.0 0.0006124032552179415
814.0 0.0007525870387325995
815.0 0.0007683664989599492
816.0 0.0007841458682378288
817.0 0.0007771742275508586
818.0 0.0007702024959144183
819.0 0.000833166268421337
820.0 0.0008961299499787856
821.0 0.0009965599929273594
822.0 0.0010969900358759332
823.0 0.0008819089089229237
824.0 0.0006668278274446493
825.0 0.0009245469300367404
826.0 0.0011822659871540964
827.0 0.000889408966031624
828.0 0.0005965517175354762
829.0 0.0005785064331575995
830.0 0.0005604611487797229
831.0 0.0006372072220983682
832.0 0.0007139534773159539
833.0 0.0009801216037885752
834.0 0.0012462897757359315
835.0 0.0010457077223691158
836.0 0.0008451256690023001
837.0 0.0005856527423020452
838.0 0.0003261799520259956
839.0 0.0004831984824704705
840.0 0.0006402170129149454
841.0 0.0010281580216542352
842.0 0.00141609898491879
843.0 0.0011806366273958702
844.0 0.0009451742698729504
845.0 0.0007325249953282764
846.0 0.0005198755843593972
847.0 0.001026187510433374
848.0 0.0015324996638810262
849.0 0.0011335667295497842
850.0 0.000734633658794337
851.0 0.0007542357707279734
852.0 0.000773837928136345
853.0 0.0008885219358489849
854.0 0.0010032059435616247
855.0 0.0009448393939237576
856.0 0.0008864728442858905
857.0 0.0009606352250557393
858.0 0.001034797514876118
859.0 0.0008592695849074516
860.0 0.0006837417913629906
861.0 0.0010836502042366192
862.0 0.0014835583897365723
863.0 0.001568475090607535
864.0 0.0016533915186300874
865.0 0.0019445875295787118
866.0 0.0022357837224262767
867.0 0.0025064404326258227
868.0 0.002777097142825369
869.0 0.0027275083994027227
870.0 0.002677919292182196
871.0 0.003319887036923319
872.0 0.003961854599765502
873.0 0.0032602787541691214
874.0 0.002558702908572741
875.0 0.0021904133973293938
876.0 0.0018221238860860467
