lsstCam/transmission_filter_detector/r31_s12/y_10/19700101T000000.ecsv
# %ECSV 1.0
# ---
# datatype:
# - {name: wavelength, unit: nm, datatype: float32}
# - {name: efficiency, unit: '%', datatype: float64}
# meta: !!omap
# - {MODE: DETECTOR}
# - {TYPE: transmission_filter_detector}
# - {CALIBDATE: '1970-01-01T00:00:00'}
# - {INSTRUME: LSSTCam}
# - {OBSTYPE: transmission_filter_detector}
# - {CALIBCLS: lsst.ip.isr.IntermediateFilterDetectorTransmissionCurve}
# - {SOURCE: Materion (DM-46256)}
# - {DETECTOR: 131}
# - {FILTER: y_10}
# - {CALIB_ID: 'calibDate=1970-01-01T00:00:00 filter=y_10 detector=131'}
# - {DATE: '2025-04-02T15:59:51.351742'}
# - {CALIB_CREATION_DATE: '2025-04-02'}
# - {CALIB_CREATION_TIME: '15:59:51'}
# - __serialized_columns__:
#     efficiency:
#       __class__: astropy.units.quantity.Quantity
#       unit: !astropy.units.Unit {unit: '%'}
#       value: !astropy.table.SerializedColumn {name: efficiency}
#     wavelength:
#       __class__: astropy.units.quantity.Quantity
#       unit: !astropy.units.Unit {unit: nm}
#       value: !astropy.table.SerializedColumn {name: wavelength}
# schema: astropy-2.0
wavelength efficiency
[from data line 578]
878.0 0.0022055324734537862
879.0 0.0016587282516411506
880.0 0.07032989524304867
881.0 0.10472427820786834
882.0 0.07934778113849461
883.0 0.09984166827052832
884.0 0.061847997130826116
885.0 0.1210578135214746
886.0 0.058483186876401305
887.0 0.10073685552924871
888.0 0.06283022812567651
889.0 0.10010420810431242
890.0 0.0696091738063842
891.0 0.09536202996969223
892.0 0.0650161411613226
893.0 0.09998941095545888
894.0 0.07865058723837137
895.0 0.11687588412314653
896.0 0.08183246245607734
897.0 0.11970219202339649
898.0 0.08489354513585567
899.0 0.1338236383162439
900.0 0.10429169051349163
901.0 0.1492673298344016
902.0 0.16454249853268266
903.0 0.181619671639055
904.0 0.21288800053298473
905.0 0.25706628803163767
906.0 0.31860931776463985
907.0 0.4183697048574686
908.0 0.5726105067878962
909.0 0.7620302028954029
910.0 1.102487649768591
911.0 1.5655633062124252
912.0 2.3193465545773506
913.0 3.4245770424604416
914.0 4.73083071410656
915.0 6.630969792604446
916.0 8.8972769677639
917.0 11.344461888074875
918.0 14.123290777206421
919.0 16.769717633724213
920.0 20.306462049484253
921.0 23.988035321235657
922.0 27.694499492645264
923.0 32.146286964416504
924.0 36.928823590278625
925.0 42.29298233985901
926.0 48.64857792854309
927.0 55.4473876953125
928.0 61.4219605922699
929.0 67.84610748291016
930.0 73.42718839645386
931.0 78.89984846115112
932.0 83.91246795654297
933.0 88.06387782096863
934.0 91.08717441558838
935.0 93.16360354423523
936.0 94.76523399353027
937.0 95.8564817905426
938.0 96.53204083442688
939.0 96.81029319763184
940.0 97.09329605102539
941.0 97.2415030002594
942.0 97.43515253067017
943.0 97.5338876247406
944.0 97.73160815238953
945.0 97.7282464504242
946.0 97.74659872055054
947.0 97.71965146064758
948.0 97.86614775657654
949.0 97.77339100837708
950.0 97.85846471786499
951.0 97.93819189071655
952.0 98.03710579872131
953.0 98.18777441978455
954.0 98.30637574195862
955.0 98.3434796333313
956.0 98.53385090827942
957.0 98.70225787162781
958.0 98.86631965637207
959.0 98.89805912971497
960.0 98.9742636680603
961.0 98.99964928627014
962.0 99.06584620475769
963.0 99.07726049423218
964.0 99.1310179233551
965.0 99.11487102508545
966.0 99.20347929000854
967.0 99.25630688667297
968.0 99.23773407936096
969.0 99.23316836357117
970.0 99.31935667991638
971.0 99.34442043304443
972.0 99.36808943748474
973.0 99.48310852050781
974.0 99.46066737174988
975.0 99.41161870956421
976.0 99.49246048927307
977.0 99.4397521018982
978.0 99.50411915779114
979.0 99.45846199989319
980.0 99.40562844276428
981.0 99.32168126106262
982.0 99.2666244506836
983.0 99.28473234176636
984.0 99.25127625465393
985.0 99.28163886070251
986.0 99.1371750831604
987.0 99.20625686645508
988.0 99.12473559379578
989.0 99.13442134857178
990.0 99.09112453460693
991.0 99.1192877292633
992.0 99.21129941940308
993.0 99.16819334030151
994.0 99.13561940193176
995.0 99.17781949043274
996.0 99.1523802280426
997.0 99.28560256958008
998.0 99.32982921600342
999.0 99.34161901473999
1000.0 99.4183361530304
1001.0 99.33061599731445
1002.0 99.44992065429688
1003.0 99.44710731506348
1004.0 99.52000379562378
1005.0 99.43410158157349
1006.0 99.5750904083252
1007.0 99.53793287277222
1008.0 99.47236180305481
1009.0 99.41936731338501
1010.0 99.47859048843384
1011.0 99.49164390563965
1012.0 99.40848350524902
1013.0 99.35877919197083
1014.0 99.38293695449829
1015.0 99.34990406036377
1016.0 99.32883381843567
1017.0 99.40890073776245
1018.0 99.42464232444763
1019.0 99.33760166168213
1020.0 99.39442873001099
1021.0 99.56445693969727
1022.0 99.42541718482971
1023.0 99.46848154067993
1024.0 99.45295453071594
1025.0 99.46683645248413
1026.0 99.51536059379578
1027.0 99.62462186813354
1028.0 99.54646825790405
1029.0 99.66958165168762
1030.0 99.67719316482544
1031.0 99.60700869560242
1032.0 99.67292547225952
1033.0 99.6088981628418
1034.0 99.63128566741943
1035.0 99.66754913330078
1036.0 99.58310127258301
1037.0 99.59380030632019
1038.0 99.51533675193787
1039.0 99.47407841682434
1040.0 99.44446682929993
1041.0 99.48520064353943
1042.0 99.4324803352356
1043.0 99.36656951904297
1044.0 99.42899942398071
1045.0 99.2271363735199
1046.0 99.41526651382446
1047.0 99.32379126548767
1048.0 99.38827157020569
1049.0 99.36641454696655
1050.0 99.28587675094604
1051.0 99.31104183197021
1052.0 99.24407005310059
1053.0 99.10600781440735
1054.0 99.37617182731628
1055.0 99.47210550308228
1056.0 99.29158687591553
1057.0 99.43860173225403
1058.0 99.21377301216125
1059.0 99.18933510780334
1060.0 99.43119287490845
1061.0 99.26234483718872
1062.0 99.3204653263092
1063.0 99.26292896270752
1064.0 99.36400651931763
1065.0 99.37731623649597
1066.0 99.3639588356018
1067.0 99.40416812896729
1068.0 99.27950501441956
1069.0 99.1465151309967
1070.0 99.47359561920166
1071.0 99.34049844741821
1072.0 99.29086565971375
1073.0 99.50106739997864
1074.0 99.01577234268188
1075.0 99.097341299057
1076.0 98.99294972419739
1077.0 99.2619514465332
1078.0 99.42166805267334
1079.0 99.00160431861877
1080.0 99.69667196273804
1081.0 99.13155436515808
1082.0 99.10351634025574
1083.0 98.95861744880676
1084.0 99.43290948867798
1085.0 99.27800297737122
1086.0 99.10911321640015
1087.0 99.20672178268433
1088.0 98.94711375236511
1089.0 98.94044995307922
1090.0 98.80805015563965
1091.0 99.0659236907959
1092.0 98.76169562339783
1093.0 98.92283082008362
1094.0 98.8030731678009
1095.0 98.72797727584839
1096.0 98.67390990257263
1097.0 98.61571788787842
1098.0 97.95402884483337
1099.0 98.70416522026062
1100.0 98.4168529510498
