lsstCam/transmission_filter_detector/r03_s20/i_39/19700101T000000.ecsv
# %ECSV 1.0
# ---
# datatype:
# - {name: wavelength, unit: nm, datatype: float32}
# - {name: efficiency, unit: '%', datatype: float64}
# meta: !!omap
# - {MODE: DETECTOR}
# - {TYPE: transmission_filter_detector}
# - {CALIBDATE: '1970-01-01T00:00:00'}
# - {INSTRUME: LSSTCam}
# - {OBSTYPE: transmission_filter_detector}
# - {CALIBCLS: lsst.ip.isr.IntermediateFilterDetectorTransmissionCurve}
# - {SOURCE: Materion (DM-46256)}
# - {DETECTOR: 24}
# - {FILTER: i_39}
# - {CALIB_ID: 'calibDate=1970-01-01T00:00:00 filter=i_39 detector=24'}
# - {DATE: '2025-04-02T15:59:46.590415'}
# - {CALIB_CREATION_DATE: '2025-04-02'}
# - {CALIB_CREATION_TIME: '15:59:46'}
# - __serialized_columns__:
#     efficiency:
#       __class__: astropy.units.quantity.Quantity
#       unit: !astropy.units.Unit {unit: '%'}
#       value: !astropy.table.SerializedColumn {name: efficiency}
#     wavelength:
#       __class__: astropy.units.quantity.Quantity
#       unit: !astropy.units.Unit {unit: nm}
#       value: !astropy.table.SerializedColumn {name: wavelength}
# schema: astropy-2.0
wavelength efficiency
300.0 0.07504576933570206
301.0 0.03309933817945421
302.0 1.624616131727652e-10
303.0 0.01863300713011995
304.0 0.046113081043586135
305.0 0.03975025028921664
306.0 0.033387422445230186
307.0 0.011127717880299315
308.0 1.624616131727652e-10
309.0 1.624616131727652e-10
310.0 1.624616131727652e-10
311.0 1.624616131727652e-10
312.0 0.0018147666196455248
313.0 1.624616131727652e-10
314.0 1.624616131727652e-10
315.0 1.624616131727652e-10
316.0 1.624616131727652e-10
317.0 1.624616131727652e-10
318.0 1.624616131727652e-10
319.0 1.624616131727652e-10
320.0 1.624616131727652e-10
321.0 1.624616131727652e-10
322.0 0.0004099404122825945
323.0 1.624616131727652e-10
324.0 1.624616131727652e-10
325.0 1.624616131727652e-10
326.0 1.624616131727652e-10
327.0 0.001116141356760636
328.0 0.00373395268979948
329.0 0.0028080088668502867
330.0 0.0018820650439010933
331.0 0.0010215590009465814
332.0 0.0001610537424312497
333.0 0.0009234054232365452
334.0 0.0016857573427841999
335.0 0.0005426103598438203
336.0 1.624616131727652e-10
337.0 0.0007504801033064723
338.0 0.0021014961021137424
339.0 0.0023659764337935485
340.0 0.0026304571292712353
341.0 1.624616131727652e-10
342.0 1.624616131727652e-10
343.0 1.624616131727652e-10
344.0 1.624616131727652e-10
345.0 1.624616131727652e-10
346.0 1.624616131727652e-10
347.0 1.624616131727652e-10
348.0 1.624616131727652e-10
349.0 1.624616131727652e-10
350.0 1.624616131727652e-10
351.0 1.624616131727652e-10
352.0 1.624616131727652e-10
353.0 1.624616131727652e-10
354.0 1.624616131727652e-10
355.0 1.624616131727652e-10
356.0 1.624616131727652e-10
357.0 0.00027099636099592317
358.0 0.0008870571946317796
359.0 0.0007957995876495261
360.0 0.0007045413440209813
361.0 0.000661389958622749
362.0 0.0006182386186992517
363.0 0.0003711485305757378
364.0 0.0001240586811945832
365.0 0.0011359445124980994
366.0 0.002147830673493445
367.0 0.0013872261661163066
368.0 0.000626621567789698
369.0 0.0010753336937341373
370.0 0.001524046001577517
371.0 0.001098700704460498
372.0 0.0006733555437676841
373.0 0.0007339936928474344
374.0 0.0007946317964524496
375.0 0.00029544473818532424
376.0 1.624616131727652e-10
377.0 7.684675296104615e-06
378.0 0.0002191119392591645
379.0 1.624616131727652e-10
380.0 1.624616131727652e-10
381.0 1.624616131727652e-10
382.0 1.624616131727652e-10
383.0 0.00025922686290869024
384.0 0.0016762689483584836
385.0 0.0014316939996206202
386.0 0.0011871187780343462
387.0 1.624616131727652e-10
388.0 1.624616131727652e-10
389.0 1.624616131727652e-10
390.0 1.624616131727652e-10
391.0 1.624616131727652e-10
392.0 1.624616131727652e-10
393.0 1.624616131727652e-10
394.0 0.0006005245722917607
395.0 1.624616131727652e-10
396.0 1.624616131727652e-10
397.0 1.624616131727652e-10
398.0 1.624616131727652e-10
399.0 1.624616131727652e-10
400.0 3.602590084028634e-05
401.0 0.00046886752897989936
402.0 0.0009017076990858186
403.0 0.001723451896396
404.0 0.002545196002756711
405.0 0.004602647459250875
406.0 0.006660098733846098
407.0 0.0035785262298304588
408.0 0.0004969508609065088
409.0 0.0005095594588055974
410.0 0.0005221659193921369
411.0 0.0023607763068866916
412.0 0.004199387694825418
413.0 0.0047939731302903965
414.0 0.005388559657149017
415.0 0.004396539225126617
416.0 0.003404519156902097
417.0 0.0021434540030895732
418.0 0.0008823888492770493
419.0 0.002828071046678815
420.0 0.0047737528802827
421.0 0.003974688297603279
422.0 0.0031756237149238586
423.0 0.0037161866202950478
424.0 0.004256749525666237
425.0 0.00340349979524035
426.0 0.002550248973420821
427.0 0.003880225631291978
428.0 0.005210203016758896
429.0 0.005524737571249716
430.0 0.005839273217134178
431.0 0.004547516073216684
432.0 0.003255759656894952
433.0 0.0035240300348959863
434.0 0.0037923004128970206
435.0 0.0032251682569039986
436.0 0.0026580361009109765
437.0 0.002313999539182987
438.0 0.0019699629774549976
439.0 0.0021895259123994038
440.0 0.002409089393040631
441.0 0.0010060591193905566
442.0 1.624616131727652e-10
443.0 1.624616131727652e-10
444.0 1.624616131727652e-10
445.0 1.624616131727652e-10
446.0 1.624616131727652e-10
447.0 1.624616131727652e-10
448.0 0.00047270982577174436
449.0 1.624616131727652e-10
450.0 1.624616131727652e-10
451.0 0.00026182449346379144
452.0 0.001150725165643962
453.0 0.0017730490071699023
454.0 0.0023953733034431934
455.0 0.0022465954316430725
456.0 0.0020978175598429516
457.0 0.0013784740076516755
458.0 0.0006591303190361941
459.0 0.00038570560718653724
460.0 0.00011228091807424789
461.0 0.0003249811925343238
462.0 0.0005376815806812374
463.0 0.00018017439060713514
464.0 1.624616131727652e-10
465.0 0.00018504172203392955
466.0 0.0005474161753227236
467.0 0.0006844007657491602
468.0 0.0008213853107008617
469.0 0.0004707975222117966
470.0 0.00012020976782878279
471.0 0.00056251678870467
472.0 0.0010048239346360788
473.0 0.001124627306126058
474.0 0.001244430950464448
475.0 0.0007483138688257895
476.0 0.0002521971282476443
477.0 0.000693245146976551
478.0 0.0011342933248670306
479.0 0.001188497117254883
480.0 0.0012427010915416759
481.0 0.0025593137252144516
482.0 0.0038759248127462342
483.0 0.005255613723420538
484.0 0.006635302270296961
485.0 0.007056082540657371
486.0 0.007476863538613543
487.0 0.010753518290584907
488.0 0.014030173770152032
489.0 0.017083332932088524
490.0 0.020136490638833493
491.0 0.02229802485089749
492.0 0.024459560518153012
493.0 0.026199425337836146
494.0 0.02793929015751928
495.0 0.025344407185912132
496.0 0.022749521303921938
497.0 0.01875032758107409
498.0 0.014751132403034717
499.0 0.010460046905791387
500.0 0.006168964318931103
501.0 0.0045966047764522955
502.0 0.0030242454158724286
503.0 0.0024765648049651645
504.0 0.0019288836483610794
505.0 0.0018143760826205835
506.0 0.0016998685168800876
507.0 0.0016918382243602537
508.0 0.0016838077499414794
509.0 0.002070252230623737
510.0 0.0024566967113059945
511.0 0.0018787388398777694
512.0 0.001300780877500074
513.0 0.0015774803614476696
514.0 0.001854179754445795
515.0 0.0024482440494466573
516.0 0.0030423083444475196
517.0 0.0024646920792292804
518.0 0.0018870759959099814
519.0 0.001988141048059333
520.0 0.002089206282107625
521.0 0.0017820899302023463
522.0 0.0014749737601960078
523.0 0.0015156436347751878
524.0 0.0015563136912533082
525.0 0.0018953676772071049
526.0 0.0022344216631609015
527.0 0.00239724904531613
528.0 0.0025600766093702987
529.0 0.0020072357074241154
530.0 0.001454394805477932
531.0 0.0015302917745430022
532.0 0.0016061891074059531
533.0 0.0016281514035654254
534.0 0.001650113881623838
535.0 0.0016275293091894127
536.0 0.0016049443729571067
537.0 0.002237214175693225
538.0 0.002869483796530403
539.0 0.003561816265573725
540.0 0.004254149098414928
541.0 0.004992799222236499
542.0 0.005731449709855951
543.0 0.005180181688047014
544.0 0.004628913666238077
545.0 0.0038069771107984707
546.0 0.002985041282954626
547.0 0.002380882142460905
548.0 0.0017767231838661246
549.0 0.0019396278730710037
550.0 0.002102532744174823
551.0 0.001724986759654712
552.0 0.0013474408660840709
553.0 0.0015200981579255313
554.0 0.0016927557226154022
555.0 0.001255161168955965
556.0 0.0008175665243470576
557.0 0.0007126482159947045
558.0 0.0006077300440665567
559.0 0.00021671291960956296
560.0 1.624616131727652e-10
561.0 0.0006368183221638901
562.0 0.0014479410310741514
563.0 0.0015842782886466011
564.0 0.0017206155462190509
565.0 0.0013566364032158162
566.0 0.000992657442111522
567.0 0.000849724074214464
568.0 0.0007067906608426711
569.0 0.0006025680249877041
570.0 0.0004983451162843267
571.0 0.0003870330147037748
572.0 0.0002757209585979581
573.0 0.0004327165697759483
574.0 0.0005897122719034087
575.0 0.00045598844735650346
576.0 0.00032226448638539296
577.0 0.0005095886535855243
578.0 0.0006969128662603907
579.0 0.0003476501206023386
580.0 1.624616131727652e-10
581.0 0.00016292231066472596
582.0 0.0003274572009104304
583.0 0.00045002179831499234
584.0 0.0005725863047700841
585.0 0.0007664032636967022
586.0 0.0009602204045222607
587.0 0.0009462439265917055
588.0 0.0009322672667622101
589.0 0.0007925380486994982
590.0 0.0006528089215862565
591.0 0.0007619451025675517
592.0 0.0008710815563972574
593.0 0.0005641797088173917
594.0 0.00025727786123752594
595.0 0.0006129283974587452
596.0 0.0009685788427304942
597.0 0.0007546580491180066
598.0 0.0005407373009802541
599.0 0.0005549970410356764
600.0 0.0005692565991921583
601.0 0.0004889055617240956
602.0 0.0004085544787812978
603.0 0.0003337774842293584
604.0 0.00025900037599058123
605.0 0.00024513483367627487
606.0 0.0002312693368367036
607.0 0.0004469874966162024
608.0 0.0006627055881835986
609.0 0.0005614536803477677
610.0 0.0004602014996635262
611.0 0.0007114296295185341
612.0 0.0009626578503230121
613.0 0.0006741216566297226
614.0 0.00038558546293643303
615.0 4.608033634667663e-05
616.0 1.624616131727652e-10
617.0 1.624616131727652e-10
618.0 0.00016549687416045344
619.0 0.00027639136988000246
620.0 0.0003872859451803379
621.0 0.0005128373231855221
622.0 0.0006383886557159713
623.0 0.000575539525016211
624.0 0.0005126904397911858
625.0 0.0004703481863543857
626.0 0.0004280059329175856
627.0 0.00034131046504626283
628.0 0.0002546150199123076
629.0 0.0003871893568430096
630.0 0.0005197638074605493
631.0 0.0005185285317566013
632.0 0.0005172932560526533
633.0 0.0005378506102715619
634.0 0.0005584079644904705
635.0 0.0004830473244510358
636.0 0.000407686593462131
637.0 0.00042299388951505534
638.0 0.00043830104914377443
639.0 0.0007476323844457511
640.0 0.0010569636287982576
641.0 0.0007033910151221789
642.0 0.0003498184469208354
643.0 0.0005894999048905447
644.0 0.0008291814083349891
645.0 0.0007323506906686816
646.0 0.0006355201094265794
647.0 0.0007768675459374208
648.0 0.000918215391720878
649.0 0.0007758151696179993
650.0 0.0006334149020403856
651.0 0.0008522214557160623
652.0 0.0010710282367654145
653.0 0.001255314055015333
654.0 0.0014395996913663112
655.0 0.0020671894162660465
656.0 0.0026947789592668414
657.0 0.0036153665860183537
658.0 0.004535953121376224
659.0 0.007166239811340347
660.0 0.03281569806858897
661.0 0.08804575190879405
662.0 0.12248419225215912
663.0 0.09068874642252922
664.0 0.1294729416258633
665.0 0.14888428850099444
666.0 0.1337383291684091
667.0 0.17106476007029414
668.0 0.22330947685986757
669.0 0.2397508593276143
670.0 0.3724165493622422
671.0 0.5863587372004986
672.0 0.8572605438530445
673.0 1.3983347453176975
674.0 2.130180411040783
675.0 3.027345985174179
676.0 4.131366312503815
677.0 5.424778535962105
678.0 6.772433966398239
679.0 8.155153691768646
680.0 10.07152646780014
681.0 12.16377168893814
682.0 14.69205766916275
683.0 17.402492463588715
684.0 20.398785173892975
685.0 23.34146946668625
686.0 26.278600096702576
687.0 29.527777433395386
688.0 32.76193141937256
689.0 36.09935939311981
690.0 39.97703492641449
691.0 44.166743755340576
692.0 49.11274015903473
693.0 54.43092584609985
694.0 60.321491956710815
695.0 65.99006056785583
696.0 72.2183883190155
697.0 77.77758836746216
698.0 83.63266587257385
699.0 88.05172443389893
700.0 91.46161079406738
701.0 94.15079951286316
702.0 95.9355115890503
703.0 96.93464636802673
704.0 97.33787178993225
705.0 97.72169589996338
706.0 97.73896336555481
707.0 97.83359169960022
708.0 97.9304552078247
709.0 97.95370697975159
710.0 97.72284030914307
711.0 97.94389605522156
712.0 97.91011214256287
713.0 97.90211319923401
714.0 97.98380136489868
715.0 98.032546043396
716.0 97.89290428161621
717.0 98.1520414352417
718.0 98.17020297050476
719.0 98.16049337387085
720.0 98.41598272323608
721.0 98.31936359405518
722.0 98.01085591316223
723.0 97.80666828155518
724.0 97.47041463851929
725.0 97.18531966209412
726.0 96.87456488609314
727.0 96.6320276260376
728.0 96.40750288963318
729.0 96.29461169242859
730.0 96.22161388397217
731.0 96.32331728935242
732.0 96.3071346282959
733.0 96.53840661048889
734.0 96.90061211585999
735.0 97.13497161865234
736.0 97.47191071510315
737.0 97.86518216133118
738.0 98.12097549438477
739.0 98.49497079849243
740.0 98.61250519752502
741.0 98.5317587852478
742.0 98.80772233009338
743.0 98.64349961280823
744.0 98.48421812057495
745.0 98.53650331497192
746.0 98.49891066551208
747.0 98.73181581497192
748.0 98.59426617622375
749.0 98.50472807884216
750.0 98.480224609375
751.0 98.39174747467041
752.0 98.32366108894348
753.0 98.50464463233948
754.0 98.39067459106445
755.0 98.5125184059143
756.0 98.54175448417664
757.0 98.57465624809265
758.0 98.68373274803162
759.0 98.77182245254517
760.0 98.64110946655273
761.0 98.56799840927124
762.0 98.66350293159485
763.0 98.61654043197632
764.0 98.45867156982422
765.0 98.40964674949646
766.0 98.50837588310242
767.0 98.28758239746094
768.0 98.34023118019104
769.0 98.32767248153687
770.0 98.05389046669006
771.0 98.09401035308838
772.0 98.06482791900635
773.0 97.99289107322693
774.0 97.8184163570404
775.0 97.81726598739624
776.0 97.83890843391418
777.0 97.8468656539917
778.0 97.81923294067383
779.0 97.95573353767395
780.0 97.84138798713684
781.0 98.17960858345032
782.0 98.02597165107727
783.0 98.18652272224426
784.0 98.15587997436523
785.0 98.28847646713257
786.0 98.41142296791077
787.0 98.17689657211304
788.0 98.23004603385925
789.0 98.34330081939697
790.0 98.32810163497925
791.0 98.34104776382446
792.0 98.13138246536255
793.0 98.12647104263306
794.0 98.03911447525024
795.0 97.97142148017883
796.0 97.9513168334961
797.0 97.95438051223755
798.0 97.826087474823
799.0 97.7721095085144
800.0 97.60005474090576
801.0 97.59265184402466
802.0 97.50506281852722
803.0 97.258460521698
804.0 97.0548927783966
805.0 96.563059091568
806.0 96.14785313606262
807.0 95.21269798278809
808.0 94.12065148353577
809.0 92.87934303283691
810.0 91.35196805000305
811.0 89.43346738815308
812.0 86.96010708808899
813.0 84.23748016357422
814.0 80.91284036636353
815.0 77.2276520729065
816.0 73.4004557132721
817.0 68.95391345024109
818.0 64.01286125183105
819.0 59.68841910362244
820.0 54.74557876586914
821.0 50.29790997505188
822.0 45.885106921195984
823.0 41.34552180767059
824.0 36.7573082447052
825.0 32.520321011543274
826.0 28.07992696762085
827.0 23.554915189743042
828.0 19.40493732690811
829.0 15.366636216640472
830.0 11.39218732714653
831.0 8.377756923437119
832.0 5.625296384096146
833.0 3.562414273619652
834.0 2.185489609837532
835.0 1.3067232444882393
836.0 0.7667547557502985
837.0 0.43126395903527737
838.0 0.24560680612921715
839.0 0.16205678693950176
840.0 0.083350291242823
841.0 0.05632708198390901
842.0 0.002330250572413206
843.0 1.624616131727652e-10
844.0 1.624616131727652e-10
845.0 1.624616131727652e-10
846.0 1.624616131727652e-10
847.0 1.624616131727652e-10
848.0 1.624616131727652e-10
849.0 1.624616131727652e-10
850.0 0.009075184061657637
851.0 1.624616131727652e-10
852.0 0.0009387631507706828
853.0 0.0008606526535004377
854.0 0.000782542338129133
855.0 0.00072500897658756
856.0 0.0006674757059954572
857.0 0.0008378970960620791
858.0 0.0010083182132802904
859.0 0.0006454705271607963
860.0 0.0002826226818797295
861.0 0.0003212052888557082
862.0 0.00035978780488221673
863.0 0.00017543540025144466
864.0 1.624616131727652e-10
865.0 3.615658386024734e-05
866.0 8.123005841298436e-05
867.0 0.0001334291141574795
868.0 0.00018562811874289764
869.0 1.624616131727652e-10
870.0 1.624616131727652e-10
871.0 2.873409066239674e-07
872.0 0.00018695620838116156
873.0 0.00017264428606722504
874.0 0.00015833231827855343
875.0 0.00014216102499631234
876.0 0.00012598976582012256
877.0 1.624616131727652e-10
878.0 1.624616131727652e-10
879.0 1.624616131727652e-10
880.0 0.00039438423300452996
881.0 0.00018947702074001427
882.0 1.624616131727652e-10
883.0 0.0001634386080695549
884.0 0.0003423074304009788
885.0 0.00014028071291249944
886.0 1.624616131727652e-10
887.0 6.388401061485638e-05
888.0 0.00018951402580569265
889.0 4.516071783200459e-05
890.0 1.624616131727652e-10
891.0 7.002082043072733e-05
892.0 0.00023923416847537737
893.0 0.00025720353278302355
894.0 0.0002751728970906697
895.0 4.344064166161843e-05
896.0 1.624616131727652e-10
897.0 1.624616131727652e-10
898.0 1.624616131727652e-10
