lsstCam/transmission_filter_detector/r03_s20/i_39/19700101T000000.ecsv
# %ECSV 1.0
# ---
# datatype:
# - {name: wavelength, unit: nm, datatype: float32}
# - {name: efficiency, unit: '%', datatype: float64}
# meta: !!omap
# - {MODE: DETECTOR}
# - {TYPE: transmission_filter_detector}
# - {CALIBDATE: '1970-01-01T00:00:00'}
# - {INSTRUME: LSSTCam}
# - {OBSTYPE: transmission_filter_detector}
# - {CALIBCLS: lsst.ip.isr.IntermediateFilterDetectorTransmissionCurve}
# - {SOURCE: Materion (DM-46256)}
# - {DETECTOR: 24}
# - {FILTER: i_39}
# - {CALIB_ID: 'calibDate=1970-01-01T00:00:00 filter=i_39 detector=24'}
# - {DATE: '2025-04-02T15:59:46.590415'}
# - {CALIB_CREATION_DATE: '2025-04-02'}
# - {CALIB_CREATION_TIME: '15:59:46'}
# - __serialized_columns__:
#     efficiency:
#       __class__: astropy.units.quantity.Quantity
#       unit: !astropy.units.Unit {unit: '%'}
#       value: !astropy.table.SerializedColumn {name: efficiency}
#     wavelength:
#       __class__: astropy.units.quantity.Quantity
#       unit: !astropy.units.Unit {unit: nm}
#       value: !astropy.table.SerializedColumn {name: wavelength}
# schema: astropy-2.0
wavelength efficiency
[from data line 600]
900.0 1.624616131727652e-10
901.0 1.624616131727652e-10
902.0 1.624616131727652e-10
903.0 1.624616131727652e-10
904.0 1.624616131727652e-10
905.0 1.624616131727652e-10
906.0 1.624616131727652e-10
907.0 3.846200229418173e-05
908.0 0.00018888127897298546
909.0 1.624616131727652e-10
910.0 1.624616131727652e-10
911.0 1.624616131727652e-10
912.0 9.677828529675025e-05
913.0 9.184365126202465e-05
914.0 8.690905701769225e-05
915.0 1.624616131727652e-10
916.0 1.624616131727652e-10
917.0 1.624616131727652e-10
918.0 1.624616131727652e-10
919.0 1.624616131727652e-10
920.0 1.624616131727652e-10
921.0 1.624616131727652e-10
922.0 1.0370998637654338e-05
923.0 1.624616131727652e-10
924.0 1.624616131727652e-10
925.0 6.21837898506783e-05
926.0 0.00029634720704052597
927.0 2.5772126832634967e-05
928.0 1.624616131727652e-10
929.0 1.624616131727652e-10
930.0 0.00014221160427041468
931.0 0.0001395990580022044
932.0 0.00013698650036531035
933.0 0.0001428314362783567
934.0 0.00014867640629745438
935.0 1.624616131727652e-10
936.0 1.624616131727652e-10
937.0 1.624616131727652e-10
938.0 1.624616131727652e-10
939.0 1.624616131727652e-10
940.0 1.624616131727652e-10
941.0 1.624616131727652e-10
942.0 1.624616131727652e-10
943.0 1.624616131727652e-10
944.0 1.624616131727652e-10
945.0 1.624616131727652e-10
946.0 1.624616131727652e-10
947.0 1.624616131727652e-10
948.0 1.624616131727652e-10
949.0 1.624616131727652e-10
950.0 1.624616131727652e-10
951.0 1.624616131727652e-10
952.0 1.624616131727652e-10
953.0 1.624616131727652e-10
954.0 1.624616131727652e-10
955.0 0.00010449208502905094
956.0 0.00024792861950118095
957.0 0.00018321900370210642
958.0 0.0001185093424282968
959.0 0.0001594706986907113
960.0 0.00020043205495312577
961.0 0.0001877503677860659
962.0 0.00017506864651295473
963.0 6.05996774538653e-05
964.0 1.624616131727652e-10
965.0 1.624616131727652e-10
966.0 1.624616131727652e-10
967.0 1.624616131727652e-10
968.0 1.624616131727652e-10
969.0 1.624616131727652e-10
970.0 0.00010704992519094958
971.0 2.8854947231593542e-05
972.0 1.624616131727652e-10
973.0 1.624616131727652e-10
974.0 1.624616131727652e-10
975.0 1.624616131727652e-10
976.0 1.624616131727652e-10
977.0 1.624616131727652e-10
978.0 1.624616131727652e-10
979.0 1.624616131727652e-10
980.0 1.624616131727652e-10
981.0 1.624616131727652e-10
982.0 1.624616131727652e-10
983.0 1.624616131727652e-10
984.0 1.624616131727652e-10
985.0 0.00010743912071120576
986.0 0.0002531358177293441
987.0 5.26247220022924e-05
988.0 1.624616131727652e-10
989.0 1.624616131727652e-10
990.0 1.624616131727652e-10
991.0 1.624616131727652e-10
992.0 1.624616131727652e-10
993.0 1.624616131727652e-10
994.0 5.519021897271159e-05
995.0 1.624616131727652e-10
996.0 1.624616131727652e-10
997.0 7.646769404345832e-05
998.0 0.0003141978368148557
999.0 0.00040343661567021627
1000.0 0.0004926753263134742
1001.0 0.0002760311645033653
1002.0 5.938697427154693e-05
1003.0 9.299472480961413e-05
1004.0 0.00012660251513807452
1005.0 1.624616131727652e-10
1006.0 1.624616131727652e-10
1007.0 1.624616131727652e-10
1008.0 9.423604865332891e-05
1009.0 3.595555995161703e-05
1010.0 1.624616131727652e-10
1011.0 0.00011423589967307635
1012.0 0.00025079675651795696
1013.0 0.00043379300223023165
1014.0 0.0006167893388919765
1015.0 0.0005010170298191952
1016.0 0.0003852447662211489
1017.0 0.00043139743866049685
1018.0 0.00047755024752405006
1019.0 0.00030138419333525235
1020.0 0.00012521808230303577
1021.0 0.00014568739743481274
1022.0 0.00016615670119790593
1023.0 0.0005215477813180769
1024.0 0.0008769389751250856
1025.0 0.0006816116183472332
1026.0 0.00048628430704411585
1027.0 0.0004458741386770271
1028.0 0.0004054638793604681
1029.0 0.0008483598321618047
1030.0 0.0012912558304378763
1031.0 0.0018696344341151416
1032.0 0.0024480128558934666
1033.0 0.0025251851184293628
1034.0 0.002602356835268438
1035.0 0.0031279498216463253
1036.0 0.0036535428080242127
1037.0 0.0037920090107945725
1038.0 0.003930474849767052
1039.0 0.003230761649319902
1040.0 0.0025310480850748718
1041.0 0.0021863617803319357
1042.0 0.0018416752936900593
1043.0 0.002631958523124922
1044.0 0.0034222415706608444
1045.0 0.0035204873711336404
1046.0 0.0036187331716064364
1047.0 0.003241021477151662
1048.0 0.002863309964595828
1049.0 0.002565401700849179
1050.0 0.00226749343710253
1051.0 0.0023487080397899263
1052.0 0.0024299228243762627
1053.0 0.0015713625543867238
1054.0 0.0007128023298719199
1055.0 0.0007327841558435466
1056.0 0.000752765845390968
1057.0 0.0008127147339109797
1058.0 0.0008726638043299317
1059.0 0.0008154072929755785
1060.0 0.000758151190893841
1061.0 0.001666418211243581
1062.0 0.002574685095169116
1063.0 0.002961834798043128
1064.0 0.0033489846828160807
1065.0 0.0033862306736409664
1066.0 0.0034234773920616135
1067.0 0.004288186755729839
1068.0 0.005152896119398065
1069.0 0.004077465200680308
1070.0 0.0030020344638614915
1071.0 0.0027062167646363378
1072.0 0.002410399065411184
1073.0 0.002445681093377061
1074.0 0.002480962939443998
1075.0 0.003014701360370964
1076.0 0.0035484397812979296
1077.0 0.0027480749849928543
1078.0 0.0019477098248898983
1079.0 0.002188892540289089
1080.0 0.00243007525568828
1081.0 0.0017294511053478345
1082.0 0.0010288265002600383
1083.0 0.00041119938032352366
1084.0 1.624616131727652e-10
1085.0 0.0003149042186123552
1086.0 0.0008362367225345224
1087.0 0.0008778373739914969
1088.0 0.0009194381163979415
1089.0 1.624616131727652e-10
1090.0 1.624616131727652e-10
1091.0 1.624616131727652e-10
1092.0 1.624616131727652e-10
1093.0 1.624616131727652e-10
1094.0 0.00040224385884357616
1095.0 0.0004913875272904988
1096.0 0.0005805312866868917
1097.0 1.624616131727652e-10
1098.0 1.624616131727652e-10
1099.0 1.624616131727652e-10
1100.0 0.0003935949280275963
