ts8/qe_curves/rtm-009_s22/19700101T000000.ecsv
# %ECSV 0.9
# ---
# datatype:
# - {name: amp_name, datatype: string}
# - {name: wavelength, unit: nm, datatype: float32}
# - {name: efficiency, unit: '%', datatype: float32}
# meta: !!omap
# - {MODE: AMP}
# - {TYPE: QE}
# - {CALIBDATE: '1970-01-01T00:00:00'}
# - {INSTRUME: TS8}
# - {OBSTYPE: qe_curves}
# - {DETECTOR: 206}
# - {PICKLEFILE: RaftRun11415.p}
# - {CALIB_ID: 'raftName=RTM-009 detectorName=S22 detector=206 calibDate=1970-01-01T00:00:00 ccd=206 ccdnum=206 filter=None'}
# - {DATE: '2020-01-22T23:03:46.623091'}
# - {CALIB_CREATION_DATE: '2020-01-22'}
# - {CALIB_CREATION_TIME: '23:03:46'}
# - __serialized_columns__:
#     efficiency:
#       __class__: astropy.units.quantity.Quantity
#       unit: !astropy.units.Unit {unit: '%'}
#       value: !astropy.table.SerializedColumn {name: efficiency}
#     wavelength:
#       __class__: astropy.units.quantity.Quantity
#       unit: !astropy.units.Unit {unit: nm}
#       value: !astropy.table.SerializedColumn {name: wavelength}
# schema: astropy-2.0
amp_name wavelength efficiency
C02 319.994 42.073013
C02 324.969 47.487324
C02 349.982 73.04939
C02 374.975 80.67071
C02 400.019 86.61982
C02 424.965 87.284904
C02 450.035 89.20845
C02 475.003 90.46723
C02 500.018 92.37423
C02 525.002 94.99367
C02 550.029 96.08745
C02 575.023 97.122086
C02 599.982 97.97128
C02 619.997 98.98864
C02 624.979 98.696556
C02 650.012 99.09272
C02 675.004 99.45202
C02 700.03 99.34934
C02 725.012 99.24562
C02 750.022 99.82156
C02 774.987 99.84847
C02 799.976 99.68205
C02 824.988 97.6892
C02 850.022 95.8059
C02 869.967 93.19062
C02 875.002 91.92582
C02 899.999 85.27111
C02 919.999 75.71379
C02 925.012 73.33947
C02 949.965 60.37054
C02 975.002 45.286858
C02 999.976 27.896255
C02 1025.028 12.408464
C02 1050.014 4.5790567
C02 1075.002 2.5328553
C02 1099.99 1.8094379
C05 319.994 42.615185
C05 324.969 48.104515
C05 349.982 73.865204
C05 374.975 81.19485
C05 400.019 86.83891
C05 424.965 87.37809
C05 450.035 89.2476
C05 475.003 90.47798
C05 500.018 92.36354
C05 525.002 94.973
C05 550.029 96.04882
C05 575.023 97.06987
C05 599.982 97.90407
C05 619.997 98.91154
C05 624.979 98.61537
C05 650.012 98.99716
C05 675.004 99.35339
C05 700.03 99.27284
C05 725.012 99.234024
C05 750.022 99.90053
C05 774.987 100.009056
C05 799.976 99.87414
C05 824.988 97.87644
C05 850.022 96.05831
C05 869.967 93.49281
C05 875.002 92.18215
C05 899.999 85.515114
C05 919.999 75.88087
C05 925.012 73.438835
C05 949.965 60.677616
C05 975.002 45.424778
C05 999.976 28.094511
C05 1025.028 12.504037
C05 1050.014 4.643355
C05 1075.002 2.5352826
C05 1099.99 1.7963306
C10 319.994 43.488422
C10 324.969 49.100323
C10 349.982 75.51978
C10 374.975 82.72902
C10 400.019 87.692604
C10 424.965 87.89793
C10 450.035 89.60118
C10 475.003 90.73588
C10 500.018 92.562645
C10 525.002 95.13376
C10 550.029 96.18678
C10 575.023 97.18894
C10 599.982 98.01505
C10 619.997 99.01353
C10 624.979 98.714195
C10 650.012 99.08936
C10 675.004 99.42744
C10 700.03 99.26521
C10 725.012 98.99606
C10 750.022 99.35582
C10 774.987 99.162025
C10 799.976 98.90362
C10 824.988 96.9509
C10 850.022 95.09277
C10 869.967 92.45727
C10 875.002 91.14915
C10 899.999 84.941154
C10 919.999 75.742615
C10 925.012 73.28722
C10 949.965 60.157497
C10 975.002 44.93231
C10 999.976 27.943514
C10 1025.028 12.485928
C10 1050.014 4.6550627
C10 1075.002 2.5118923
C10 1099.99 1.7753944
C01 319.994 41.92638
C01 324.969 47.3201
C01 349.982 72.81449
C01 374.975 80.51924
C01 400.019 86.596695
C01 424.965 87.31627
C01 450.035 89.267075
C01 475.003 90.53897
C01 500.018 92.45586
C01 525.002 95.09215
C01 550.029 96.1915
C01 575.023 97.226555
C01 599.982 98.08226
C01 619.997 99.10383
C01 624.979 98.808
C01 650.012 99.21217
C01 675.004 99.571686
C01 700.03 99.46293
C01 725.012 99.32973
C01 750.022 99.868965
C01 774.987 99.86511
C01 799.976 99.68227
C01 824.988 97.69046
C01 850.022 95.79742
C01 869.967 93.151794
C01 875.002 91.88274
C01 899.999 85.33789
C01 919.999 75.756775
C01 925.012 73.35699
C01 949.965 60.304256
C01 975.002 45.270706
C01 999.976 27.946476
C01 1025.028 12.419444
C01 1050.014 4.5872827
C01 1075.002 2.5353007
C01 1099.99 1.8138131
C14 319.994 42.820187
C14 324.969 48.338734
C14 349.982 74.55661
C14 374.975 82.19561
C14 400.019 87.4726
C14 424.965 87.78323
C14 450.035 89.5242
C14 475.003 90.668526
C14 500.018 92.50512
C14 525.002 95.08282
C14 550.029 96.148575
C14 575.023 97.16765
C14 599.982 98.009094
C14 619.997 99.02285
C14 624.979 98.72677
C14 650.012 99.1225
C14 675.004 99.47411
C14 700.03 99.310036
C14 725.012 99.028244
C14 750.022 99.371544
C14 774.987 99.16596
C14 799.976 98.898895
C14 824.988 96.92834
C14 850.022 94.94833
C14 869.967 92.297874
C14 875.002 91.064255
C14 899.999 84.73415
C14 919.999 75.33902
C14 925.012 72.977776
C14 949.965 60.017387
C14 975.002 44.968143
C14 999.976 27.71742
C14 1025.028 12.270787
C14 1050.014 4.492658
C14 1075.002 2.4909828
C14 1099.99 1.7964858
C16 319.994 42.631203
C16 324.969 48.122425
C16 349.982 74.32565
C16 374.975 82.2026
C16 400.019 87.66735
C16 424.965 88.04064
C16 450.035 89.80327
C16 475.003 90.959694
C16 500.018 92.8078
C16 525.002 95.402054
C16 550.029 96.47845
C16 575.023 97.50679
C16 599.982 98.35929
C16 619.997 99.38581
C16 624.979 99.0915
C16 650.012 99.49443
C16 675.004 99.852554
C16 700.03 99.66478
C16 725.012 99.309166
C16 750.022 99.54919
C16 774.987 99.2397
C16 799.976 98.9243
C16 824.988 96.9476
C16 850.022 94.90335
C16 869.967 92.1763
C16 875.002 90.94219
C16 899.999 84.73617
C16 919.999 75.43464
C16 925.012 73.0222
C16 949.965 59.73337
C16 975.002 44.77128
C16 999.976 27.6456
C16 1025.028 12.269651
C16 1050.014 4.474477
C16 1075.002 2.4763443
C16 1099.99 1.7910746
C12 319.994 43.327404
C12 324.969 48.917953
C12 349.982 75.32847
C12 374.975 82.71164
C12 400.019 87.76653
C12 424.965 87.98908
C12 450.035 89.699776
C12 475.003 90.82705
C12 500.018 92.658066
C12 525.002 95.23311
C12 550.029 96.28644
C12 575.023 97.29861
C12 599.982 98.130516
C12 619.997 99.13672
C12 624.979 98.83817
C12 650.012 99.224525
C12 675.004 99.569984
C12 700.03 99.42056
C12 725.012 99.19735
C12 750.022 99.61586
C12 774.987 99.485054
C12 799.976 99.250206
C12 824.988 97.27078
C12 850.022 95.32171
C12 869.967 92.730354
C12 875.002 91.46438
C12 899.999 84.87791
C12 919.999 75.56338
C12 925.012 73.2242
C12 949.965 60.336487
C12 975.002 45.07989
C12 999.976 27.772066
C12 1025.028 12.293734
C12 1050.014 4.527893
C12 1075.002 2.510113
C12 1099.99 1.788558
C13 319.994 43.129253
C13 324.969 48.68881
C13 349.982 75.049
C13 374.975 82.57634
C13 400.019 87.72726
C13 424.965 87.98532
C13 450.035 89.70452
C13 475.003 90.84154
C13 500.018 92.67391
C13 525.002 95.25307
C13 550.029 96.311745
C13 575.023 97.32514
C13 599.982 98.16229
C13 619.997 99.16997
C13 624.979 98.87612
C13 650.012 99.2648
C13 675.004 99.61464
C13 700.03 99.46379
C13 725.012 99.21523
C13 750.022 99.604965
C13 774.987 99.44558
C13 799.976 99.19594
C13 824.988 97.21695
C13 850.022 95.24739
C13 869.967 92.6427
C13 875.002 91.39705
C13 899.999 84.88183
C13 919.999 75.502815
C13 925.012 73.17266
C13 949.965 60.288147
C13 975.002 45.09086
C13 999.976 27.756573
C13 1025.028 12.286586
C13 1050.014 4.508499
C13 1075.002 2.5017726
C13 1099.99 1.793655
C15 319.994 42.674057
C15 324.969 48.173
C15 349.982 74.35249
C15 374.975 82.10176
C15 400.019 87.45219
C15 424.965 87.78435
C15 450.035 89.5345
C15 475.003 90.678314
C15 500.018 92.51844
C15 525.002 95.09982
C15 550.029 96.16535
C15 575.023 97.18738
C15 599.982 98.0343
C15 619.997 99.05301
C15 624.979 98.75528
C15 650.012 99.154564
C15 675.004 99.5061
C15 700.03 99.33562
C15 725.012 99.01461
C15 750.022 99.30479
C15 774.987 99.04494
C15 799.976 98.754776
C15 824.988 96.79242
C15 850.022 94.76897
C15 869.967 92.104485
C15 875.002 90.88315
C15 899.999 84.63601
C15 919.999 75.229645
C15 925.012 72.84855
C15 949.965 59.825634
C15 975.002 44.848625
C15 999.976 27.650259
C15 1025.028 12.246655
C15 1050.014 4.469522
C15 1075.002 2.479995
C15 1099.99 1.7906708
C11 319.994 43.463406
C11 324.969 49.071835
C11 349.982 75.516205
C11 374.975 82.7839
C11 400.019 87.763466
C11 424.965 87.96569
C11 450.035 89.66839
C11 475.003 90.794014
C11 500.018 92.62182
C11 525.002 95.192375
C11 550.029 96.245834
C11 575.023 97.25032
C11 599.982 98.07722
C11 619.997 99.07902
C11 624.979 98.78203
C11 650.012 99.160675
C11 675.004 99.50221
C11 700.03 99.35581
C11 725.012 99.129585
C11 750.022 99.54638
C11 774.987 99.409836
C11 799.976 99.17367
C11 824.988 97.19658
C11 850.022 95.301994
C11 869.967 92.68813
C11 875.002 91.37636
C11 899.999 84.90766
C11 919.999 75.70964
C11 925.012 73.30663
C11 949.965 60.30399
C11 975.002 44.979378
C11 999.976 27.85299
C11 1025.028 12.367705
C11 1050.014 4.59096
C11 1075.002 2.5137048
C11 1099.99 1.7780188
C17 319.994 42.26619
C17 324.969 47.710434
C17 349.982 73.78908
C17 374.975 81.82273
C17 400.019 87.438835
C17 424.965 87.86677
C17 450.035 89.6554
C17 475.003 90.828476
C17 500.018 92.68677
C17 525.002 95.289856
C17 550.029 96.370605
C17 575.023 97.41012
C17 599.982 98.26956
C17 619.997 99.30047
C17 624.979 99.007355
C17 650.012 99.41826
C17 675.004 99.77857
C17 700.03 99.58775
C17 725.012 99.20104
C17 750.022 99.399155
C17 774.987 99.04477
C17 799.976 98.71293
C17 824.988 96.72814
C17 850.022 94.67827
C17 869.967 91.926636
C17 875.002 90.681854
C17 899.999 84.467636
C17 919.999 75.390274
C17 925.012 73.009056
C17 949.965 59.442097
C17 975.002 44.52729
C17 999.976 27.495523
C17 1025.028 12.319723
C17 1050.014 4.477863
C17 1075.002 2.4545133
C17 1099.99 1.776761
C04 319.994 42.385178
C04 324.969 47.843307
C04 349.982 73.51707
C04 374.975 80.926605
C04 400.019 86.6197
C04 424.965 87.1827
C04 450.035 89.0622
C04 475.003 90.293755
C04 500.018 92.18264
C04 525.002 94.78782
C04 550.029 95.867325
C04 575.023 96.887924
C04 599.982 97.72396
C04 619.997 98.73405
C04 624.979 98.43724
C04 650.012 98.8236
C04 675.004 99.18178
C04 700.03 99.093285
C04 725.012 99.04311
C04 750.022 99.68768
C04 774.987 99.77938
C04 799.976 99.640396
C04 824.988 97.64379
C04 850.022 95.804
C04 869.967 93.240074
C04 875.002 91.950615
C04 899.999 85.234535
C04 919.999 75.71819
C04 925.012 73.241615
C04 949.965 60.406273
C04 975.002 45.17927
C04 999.976 27.889122
C04 1025.028 12.40716
C04 1050.014 4.6025147
C04 1075.002 2.527397
C04 1099.99 1.7931492
C07 319.994 42.712597
C07 324.969 48.217842
C07 349.982 73.97489
C07 374.975 81.16249
C07 400.019 86.6779
C07 424.965 87.178314
C07 450.035 89.03114
C07 475.003 90.25055
C07 500.018 92.12918
C07 525.002 94.72628
C07 550.029 95.79784
C07 575.023 96.81305
C07 599.982 97.63841
C07 619.997 98.635414
C07 624.979 98.33967
C07 650.012 98.7173
C07 675.004 99.06095
C07 700.03 98.96377
C07 725.012 98.879524
C07 750.022 99.47252
C07 774.987 99.50437
C07 799.976 99.34069
C07 824.988 97.38717
C07 850.022 95.6246
C07 869.967 93.05712
C07 875.002 91.7397
C07 899.999 85.286194
C07 919.999 75.748436
C07 925.012 73.435616
C07 949.965 60.339188
C07 975.002 45.295563
C07 999.976 27.957853
C07 1025.028 12.539877
C07 1050.014 4.682642
C07 1075.002 2.5347602
C07 1099.99 1.7897902
C00 319.994 41.71289
C00 324.969 47.07948
C00 349.982 72.50961
C00 374.975 80.346306
C00 400.019 86.60465
C00 424.965 87.399765
C00 450.035 89.39299
C00 475.003 90.69315
C00 500.018 92.633514
C00 525.002 95.28454
C00 550.029 96.39803
C00 575.023 97.446754
C00 599.982 98.31049
C00 619.997 99.33883
C00 624.979 99.0489
C00 650.012 99.45463
C00 675.004 99.81669
C00 700.03 99.70321
C00 725.012 99.54665
C00 750.022 100.053444
C00 774.987 100.01668
C00 799.976 99.82183
C00 824.988 97.817345
C00 850.022 95.91617
C00 869.967 93.24989
C00 875.002 91.982635
C00 899.999 85.45813
C00 919.999 75.95324
C00 925.012 73.49976
C00 949.965 60.276615
C00 975.002 45.263016
C00 999.976 28.004337
C00 1025.028 12.490342
C00 1050.014 4.6023846
C00 1075.002 2.5354426
C00 1099.99 1.8160936
C06 319.994 42.822197
C06 324.969 48.34078
C06 349.982 74.19691
C06 374.975 81.45897
C06 400.019 87.014946
C06 424.965 87.51479
C06 450.035 89.37479
C06 475.003 90.5938
C06 500.018 92.47768
C06 525.002 95.08433
C06 550.029 96.1597
C06 575.023 97.17435
C06 599.982 98.008995
C06 619.997 99.01072
C06 624.979 98.71588
C06 650.012 99.09609
C06 675.004 99.44555
C06 700.03 99.36135
C06 725.012 99.31506
C06 750.022 99.9699
C06 774.987 100.06069
C06 799.976 99.9228
C06 824.988 97.93417
C06 850.022 96.15714
C06 869.967 93.58334
C06 875.002 92.278564
C06 899.999 85.67974
C06 919.999 76.18729
C06 925.012 73.58677
C06 949.965 60.568108
C06 975.002 45.370647
C06 999.976 28.12994
C06 1025.028 12.574471
C06 1050.014 4.6761894
C06 1075.002 2.5340667
C06 1099.99 1.7958823
C03 319.994 42.17546
C03 324.969 47.606342
C03 349.982 73.19389
C03 374.975 80.71052
C03 400.019 86.54286
C03 424.965 87.16196
C03 450.035 89.06575
C03 475.003 90.314255
C03 500.018 92.2119
C03 525.002 94.82406
C03 550.029 95.91115
C03 575.023 96.93899
C03 599.982 97.783485
C03 619.997 98.79471
C03 624.979 98.50086
C03 650.012 98.89324
C03 675.004 99.254036
C03 700.03 99.15927
C03 725.012 99.08199
C03 750.022 99.697174
C03 774.987 99.76294
C03 799.976 99.609825
C03 824.988 97.6099
C03 850.022 95.75129
C03 869.967 93.172066
C03 875.002 91.88799
C03 899.999 85.22276
C03 919.999 75.65026
C03 925.012 73.24562
C03 949.965 60.412804
C03 975.002 45.262665
C03 999.976 27.937763
C03 1025.028 12.403093
C03 1050.014 4.583007
C03 1075.002 2.5277393
C03 1099.99 1.8006084
