lsstCam/transmission_filter_detector/r42_s21/z_20/19700101T000000.ecsv
# %ECSV 1.0
# ---
# datatype:
# - {name: wavelength, unit: nm, datatype: float32}
# - {name: efficiency, unit: '%', datatype: float64}
# meta: !!omap
# - {MODE: DETECTOR}
# - {TYPE: transmission_filter_detector}
# - {CALIBDATE: '1970-01-01T00:00:00'}
# - {INSTRUME: LSSTCam}
# - {OBSTYPE: transmission_filter_detector}
# - {CALIBCLS: lsst.ip.isr.IntermediateFilterDetectorTransmissionCurve}
# - {SOURCE: Materion (DM-46256)}
# - {DETECTOR: 178}
# - {FILTER: z_20}
# - {CALIB_ID: 'calibDate=1970-01-01T00:00:00 filter=z_20 detector=178'}
# - {DATE: '2025-04-02T15:59:49.466776'}
# - {CALIB_CREATION_DATE: '2025-04-02'}
# - {CALIB_CREATION_TIME: '15:59:49'}
# - __serialized_columns__:
#     efficiency:
#       __class__: astropy.units.quantity.Quantity
#       unit: !astropy.units.Unit {unit: '%'}
#       value: !astropy.table.SerializedColumn {name: efficiency}
#     wavelength:
#       __class__: astropy.units.quantity.Quantity
#       unit: !astropy.units.Unit {unit: nm}
#       value: !astropy.table.SerializedColumn {name: wavelength}
# schema: astropy-2.0
wavelength efficiency
[from data line 597]
897.0 98.85673522949219
898.0 98.89864325523376
899.0 97.98879027366638
900.0 98.65727424621582
901.0 99.11760687828064
902.0 98.95261526107788
903.0 98.48113059997559
904.0 97.46701717376709
905.0 98.36291670799255
906.0 97.8098452091217
907.0 98.463374376297
908.0 97.7247953414917
909.0 98.14778566360474
910.0 97.81386852264404
911.0 96.72449231147766
912.0 95.59162259101868
913.0 94.79520916938782
914.0 92.25724935531616
915.0 89.82887864112854
916.0 87.49111890792847
917.0 86.30569577217102
918.0 82.35251307487488
919.0 81.43690824508667
920.0 77.94167399406433
921.0 73.811274766922
922.0 68.97692084312439
923.0 62.98997402191162
924.0 57.56248235702515
925.0 51.945096254348755
926.0 45.31520903110504
927.0 37.87162899971008
928.0 31.934478878974915
929.0 25.74581205844879
930.0 19.97770518064499
931.0 15.127818286418915
932.0 10.07271558046341
933.0 6.386613845825195
934.0 3.979072719812393
935.0 2.398858405649662
936.0 1.3526272028684616
937.0 0.7731413934379816
938.0 0.5306972656399012
939.0 0.40390281938016415
940.0 0.2793244319036603
941.0 0.04483792872633785
942.0 0.1372878672555089
943.0 1.7044486481931909e-10
944.0 1.7044486481931909e-10
945.0 1.7044486481931909e-10
946.0 0.19051287090405822
947.0 1.7044486481931909e-10
948.0 0.02481669362168759
949.0 0.02540907880757004
950.0 1.7044486481931909e-10
951.0 0.04855110601056367
952.0 1.7044486481931909e-10
953.0 0.0010091974218084943
954.0 1.7044486481931909e-10
955.0 1.7044486481931909e-10
956.0 1.7044486481931909e-10
957.0 1.7044486481931909e-10
958.0 0.06765848957002163
959.0 0.06703140679746866
960.0 0.01060083886841312
961.0 0.08096419041976333
962.0 1.7044486481931909e-10
963.0 1.7044486481931909e-10
964.0 1.7044486481931909e-10
965.0 1.7044486481931909e-10
966.0 0.06214979221113026
967.0 1.7044486481931909e-10
968.0 1.7044486481931909e-10
969.0 1.7044486481931909e-10
970.0 0.05675819702446461
971.0 1.7044486481931909e-10
972.0 1.7044486481931909e-10
973.0 1.7044486481931909e-10
974.0 0.006262204988161102
975.0 1.7044486481931909e-10
976.0 0.0054294396250043064
977.0 0.005358698763302527
978.0 0.005287957537802868
979.0 0.0052232622692827135
980.0 0.0051585670007625595
981.0 0.005051517655374482
982.0 0.004944468309986405
983.0 0.004857463136431761
984.0 0.0047704586904728785
985.0 0.00474807784485165
986.0 0.004725697363028303
987.0 0.004580045060720295
988.0 0.004434393122210167
989.0 0.004269275814294815
990.0 0.0041041588701773435
991.0 0.0041556184442015365
992.0 0.0042070780182257295
993.0 0.004205345248919912
994.0 0.004203612479614094
995.0 0.004112938768230379
996.0 0.004022265420644544
997.0 0.004086715125595219
998.0 0.0041511651943437755
999.0 0.003993056088802405
1000.0 0.0038349477108567953
1001.0 0.0038214249798329547
1002.0 0.003807902248809114
1003.0 0.0038503789255628362
1004.0 0.0038928563299123198
1005.0 0.0037345900636864826
1006.0 0.0035763237974606454
1007.0 0.0037507728848140687
1008.0 0.003925222335965373
1009.0 0.0038891601434443146
1010.0 0.0038530983147211373
1011.0 0.00386774554499425
1012.0 0.003882392411469482
1013.0 0.003935447239200585
1014.0 0.003988502066931687
1015.0 0.003832832589978352
1016.0 0.003677163113025017
1017.0 0.0037394929677248
1018.0 0.0038018224586267024
1019.0 0.0037492092815227807
1020.0 0.0036965964682167396
1021.0 0.003694300539791584
1022.0 0.003692004975164309
1023.0 0.0038468275306513533
1024.0 0.004001650449936278
1025.0 0.004070829527336173
1026.0 0.004140008968533948
1027.0 0.004152497058385052
1028.0 0.0041649851482361555
1029.0 0.0042067276808666065
1030.0 0.004248470941092819
1031.0 0.0043110103433718905
1032.0 0.004373549745650962
1033.0 0.004420288314577192
1034.0 0.004467026883503422
1035.0 0.004241098213242367
1036.0 0.004015169906779192
1037.0 0.004321801316109486
1038.0 0.0046284327254397795
1039.0 0.004652504503610544
1040.0 0.00467657700937707
1041.0 0.004798594818566926
1042.0 0.004920612991554663
1043.0 0.005073693682788871
1044.0 0.00522677437402308
1045.0 0.005225858330959454
1046.0 0.005224941924097948
1047.0 0.005498669997905381
1048.0 0.0057723977079149336
1049.0 0.005577067713602446
1050.0 0.005381736991694197
1051.0 0.005536931712413207
1052.0 0.005692126069334336
1053.0 0.005937081732554361
1054.0 0.006182035576784983
1055.0 0.0062404724303632975
1056.0 0.006298909283941612
1057.0 0.006326625589281321
1058.0 0.0063543418946210295
1059.0 0.006739013770129532
1060.0 0.007123688556021079
1061.0 0.007395733700832352
1062.0 0.007667781028430909
1063.0 0.007793807162670419
1064.0 0.007919831841718405
1065.0 0.008043785783229396
1066.0 0.008167740452336147
1067.0 0.008166133920894936
1068.0 0.008164528844645247
1069.0 0.008554606029065326
1070.0 0.008944683941081166
1071.0 0.00919803642318584
1072.0 0.009451388905290514
1073.0 0.00955953510128893
1074.0 0.009667682024883106
1075.0 0.010207841114606708
1076.0 0.010748003114713356
1077.0 0.010682892752811313
1078.0 0.01061778239090927
1079.0 0.011292420094832778
1080.0 0.01196705925394781
1081.0 0.011603312304941937
1082.0 0.011239566811127588
1083.0 0.011479483509901911
1084.0 0.01171940311905928
1085.0 0.012216717004776001
1086.0 0.012714031618088484
1087.0 0.012970877287443727
1088.0 0.013227724411990494
1089.0 0.014509876200463623
1090.0 0.015792029444128275
1091.0 0.015384581638500094
1092.0 0.014977133832871914
1093.0 0.015238123887684196
1094.0 0.015499111032113433
1095.0 0.016073387814685702
1096.0 0.01664766896283254
1097.0 0.016963646339718252
1098.0 0.017279625171795487
1099.0 0.01851657871156931
1100.0 0.019753529340960085
1101.0 0.020262096950318664
1102.0 0.020770666014868766
1103.0 0.02094458759529516
1104.0 0.02111851063091308
1105.0 0.021698551427107304
1106.0 0.02227859222330153
1107.0 0.023546561715193093
1108.0 0.02481452829670161
1109.0 0.024716646294109523
1110.0 0.024618764291517437
1111.0 0.02585285110399127
1112.0 0.027086937916465104
1113.0 0.027368238079361618
1114.0 0.027649535331875086
1115.0 0.028237223159521818
1116.0 0.028824913897551596
1117.0 0.028796750120818615
1118.0 0.028768586344085634
1119.0 0.030870750197209418
1120.0 0.0329729140503332
1121.0 0.03500629973132163
1122.0 0.03703968250192702
1123.0 0.035037455381825566
1124.0 0.033035228261724114
1125.0 0.03716826904565096
1126.0 0.041301309829577804
1127.0 0.0413855304941535
1128.0 0.041469751158729196
1129.0 0.04206440644338727
1130.0 0.0426590588176623
1131.0 0.04951293230988085
1132.0 0.05636680289171636
1133.0 0.06002261070534587
1134.0 0.06367841851897538
1135.0 0.06574745057150722
1136.0 0.06781648262403905
1137.0 0.07598655647598207
1138.0 0.084156624507159
1139.0 0.11212718673050404
1140.0 0.14009776059538126
1141.0 0.24578245356678963
1142.0 0.351467146538198
1143.0 0.6587404757738113
1144.0 0.9660139679908752
1145.0 1.2359472922980785
1146.0 1.5058810822665691
1147.0 1.7386682331562042
1148.0 1.9714556634426117
1149.0 2.706741727888584
1150.0 3.4420274198055267
