lsstCam/transmission_filter_detector/r42_s21/z_20/19700101T000000.ecsv
# %ECSV 1.0
# ---
# datatype:
# - {name: wavelength, unit: nm, datatype: float32}
# - {name: efficiency, unit: '%', datatype: float64}
# meta: !!omap
# - {MODE: DETECTOR}
# - {TYPE: transmission_filter_detector}
# - {CALIBDATE: '1970-01-01T00:00:00'}
# - {INSTRUME: LSSTCam}
# - {OBSTYPE: transmission_filter_detector}
# - {CALIBCLS: lsst.ip.isr.IntermediateFilterDetectorTransmissionCurve}
# - {SOURCE: Materion (DM-46256)}
# - {DETECTOR: 178}
# - {FILTER: z_20}
# - {CALIB_ID: 'calibDate=1970-01-01T00:00:00 filter=z_20 detector=178'}
# - {DATE: '2025-04-02T15:59:49.466776'}
# - {CALIB_CREATION_DATE: '2025-04-02'}
# - {CALIB_CREATION_TIME: '15:59:49'}
# - __serialized_columns__:
#     efficiency:
#       __class__: astropy.units.quantity.Quantity
#       unit: !astropy.units.Unit {unit: '%'}
#       value: !astropy.table.SerializedColumn {name: efficiency}
#     wavelength:
#       __class__: astropy.units.quantity.Quantity
#       unit: !astropy.units.Unit {unit: nm}
#       value: !astropy.table.SerializedColumn {name: wavelength}
# schema: astropy-2.0
wavelength efficiency
300.0 0.3494318341836333
301.0 0.3146948292851448
302.0 0.2799578243866563
303.0 0.24376853834837675
304.0 0.20757922902703285
305.0 0.18520780140534043
306.0 0.16283635050058365
307.0 0.15361119294539094
308.0 0.14438602374866605
309.0 0.13158342335373163
310.0 0.1187808346003294
311.0 0.1117236097343266
312.0 0.10466637322679162
313.0 0.0993485446088016
314.0 0.09403072763234377
315.0 0.07779037696309388
316.0 0.061550032114610076
317.0 0.06126742227934301
318.0 0.06098481244407594
319.0 0.0587416288908571
320.0 0.05649844533763826
321.0 0.05436838837340474
322.0 0.052238337229937315
323.0 0.045323665835894644
324.0 0.03840899735223502
325.0 0.03870498330798
326.0 0.03900096926372498
327.0 0.03840344725176692
328.0 0.03780592232942581
329.0 0.03598639741539955
330.0 0.034166869590990245
331.0 0.032186968019232154
332.0 0.030207066447474062
333.0 0.02855410857591778
334.0 0.0269011507043615
335.0 0.0262084708083421
336.0 0.0255157909123227
337.0 0.02420437231194228
338.0 0.02289295516675338
339.0 0.020326298545114696
340.0 0.01775964192347601
341.0 0.016889131802599877
342.0 0.016018623136915267
343.0 0.01690757489996031
344.0 0.01779652520781383
345.0 0.01655707019381225
346.0 0.015317616635002196
347.0 0.01412450656061992
348.0 0.01293139939662069
349.0 0.012748299923259765
350.0 0.012565200449898839
351.0 0.011947466555284336
352.0 0.01132973120547831
353.0 0.010844248026842251
354.0 0.01035876412061043
355.0 0.009870075882645324
356.0 0.009381389827467501
357.0 0.009691664308775216
358.0 0.010001940245274454
359.0 0.009611252608010545
360.0 0.00922056642593816
361.0 0.009140015754383057
362.0 0.00905946217244491
363.0 0.008943963621277362
364.0 0.008828461432131007
365.0 0.009003629384096712
366.0 0.009178795880870894
367.0 0.00858564890222624
368.0 0.007992501923581585
369.0 0.007770886440994218
370.0 0.007549273141194135
371.0 0.008062538836384192
372.0 0.00857580525917001
373.0 0.007254324737004936
374.0 0.005932842759648338
375.0 0.006267370190471411
376.0 0.0066018976212944835
377.0 0.006569492688868195
378.0 0.0065370884840376675
379.0 0.006136336014606059
380.0 0.005735583181376569
381.0 0.005043812416261062
382.0 0.004352041287347674
383.0 0.0046165903768269345
384.0 0.004881139466306195
385.0 0.004850130790146068
386.0 0.0048191224777838215
387.0 0.004385267311590724
388.0 0.003951412145397626
389.0 0.004129460285184905
390.0 0.004307508061174303
391.0 0.004057176920468919
392.0 0.003806845415965654
393.0 0.0036136720154900104
394.0 0.003420498615014367
395.0 0.0035139226383762434
396.0 0.00360734666173812
397.0 0.003920922608813271
398.0 0.004234498192090541
399.0 0.004574227932607755
400.0 0.004913957673124969
401.0 0.004470166823011823
402.0 0.004026375609100796
403.0 0.004363965126685798
404.0 0.004701554280472919
405.0 0.004351504321675748
406.0 0.004001454362878576
407.0 0.0032366206141887233
408.0 0.002471787047397811
409.0 0.0026570050977170467
410.0 0.002842223329935223
411.0 0.003005066901096143
412.0 0.003167910472257063
413.0 0.004294810787541792
414.0 0.00542171073902864
415.0 0.004818510933546349
416.0 0.004215310764266178
417.0 0.0031867759389569983
418.0 0.0021582414774456993
419.0 0.003014282265212387
420.0 0.0038703230529790744
421.0 0.003386561365914531
422.0 0.002902799860748928
423.0 0.0030152859835652635
424.0 0.0031277719244826585
425.0 0.0026496440113987774
426.0 0.0021715160983148962
427.0 0.002163262979593128
428.0 0.0021550100427703
429.0 0.0019316436009830795
430.0 0.0017082773410947993
431.0 0.0017129514162661508
432.0 0.0017176254914375022
433.0 0.0018202412320533767
434.0 0.0019228569726692513
435.0 0.0025856768843368627
436.0 0.003248497159802355
437.0 0.002549200326029677
438.0 0.0018499036741559394
439.0 0.0017419335563317873
440.0 0.0016339630747097544
441.0 0.00147357441164786
442.0 0.0013131858395354357
443.0 0.0015619907571817748
444.0 0.0018107955838786438
445.0 0.002262509042338934
446.0 0.002714222137001343
447.0 0.002832577047229279
448.0 0.0029509319574572146
449.0 0.0023637812773813494
450.0 0.0017766307792044245
451.0 0.0017262022083741613
452.0 0.0016757738194428384
453.0 0.0018676642866921611
454.0 0.0020595545720425434
455.0 0.0021529618607019074
456.0 0.0022463693312602118
457.0 0.0020145529560977593
458.0 0.0017827367628342472
459.0 0.001638974754314404
460.0 0.0014952130186429713
461.0 0.0015450899809366092
462.0 0.0015949670341797173
463.0 0.0013521536857297178
464.0 0.0011093403372797184
465.0 0.0013136525012669154
466.0 0.0015179645743046422
467.0 0.0011692336556734517
468.0 0.0008205025551433209
469.0 0.0007720017492829356
470.0 0.0007235009434225503
471.0 0.0009502186003373936
472.0 0.001176936348201707
473.0 0.0014175790965964552
474.0 0.0016582218449912034
475.0 0.001582009281264618
476.0 0.0015057968084875029
477.0 0.0014330850717669819
478.0 0.0013603736078948714
479.0 0.0012159549442003481
480.0 0.0010715366443037055
481.0 0.000877760521689197
482.0 0.0006839844900241587
483.0 0.0007872618880355731
484.0 0.0008905390131985769
485.0 0.0008858502951625269
486.0 0.0008811614861770067
487.0 0.0010599162123980932
488.0 0.0012386712114675902
489.0 0.0014295605069492012
490.0 0.001620449620531872
491.0 0.0011140819879074115
492.0 0.0006077144917071564
493.0 0.0010102483429363929
494.0 0.0014127822396403644
495.0 0.0011795109458034858
496.0 0.0009462398338655476
497.0 0.000999332496576244
498.0 0.0010524252502364106
499.0 0.001261649958905764
500.0 0.0014708747585245874
501.0 0.0013830078387400135
502.0 0.0012951407370564993
503.0 0.001394580613123253
504.0 0.001494020671088947
505.0 0.0017108177416957915
506.0 0.0019276145394542255
507.0 0.0017006585039780475
508.0 0.0014737025594513398
509.0 0.0015233824342431035
510.0 0.0015730623999843374
511.0 0.0014805266800976824
512.0 0.0013879906873626169
513.0 0.0011262871339567937
514.0 0.00086458330770256
515.0 0.0008122881808958482
516.0 0.0007599930540891364
517.0 0.001022029209707398
518.0 0.0012840654562751297
519.0 0.0015533119949395768
520.0 0.0018225584426545538
521.0 0.0017789985577110201
522.0 0.0017354386727674864
523.0 0.0015133371562114917
524.0 0.0012912358215544373
525.0 0.0010234670298814308
526.0 0.0007556984655820997
527.0 0.000991472916211933
528.0 0.001227247321367031
529.0 0.0010683324035198893
530.0 0.0009094175766222179
531.0 0.0011675631867547054
532.0 0.001425708887836663
533.0 0.0012064863767591305
534.0 0.0009872636837826576
535.0 0.001193751086248085
536.0 0.0014002386706124526
537.0 0.0014308204299595673
538.0 0.001461402189306682
539.0 0.0012020860594930127
540.0 0.0009427698387298733
541.0 0.0009767726623977069
542.0 0.0010107753041666
543.0 0.0009337983101431746
544.0 0.0008568213161197491
545.0 0.0008794966561254114
546.0 0.000902172178030014
547.0 0.0014702428416057955
548.0 0.002038313505181577
549.0 0.001928353049152065
550.0 0.0018183927750214934
551.0 0.0018619581169332378
552.0 0.0019055238226428628
553.0 0.0019404420527280308
554.0 0.0019753601009142585
555.0 0.0015180969967332203
556.0 0.0010608337106532417
557.0 0.0012029820936731994
558.0 0.001345130385743687
559.0 0.0015081795936566778
560.0 0.0016712288925191388
561.0 0.00141489354064106
562.0 0.0011585581887629814
563.0 0.0012849244740209542
564.0 0.001411290759278927
565.0 0.0013891527487430722
566.0 0.0013670148291566875
567.0 0.0017794203813537024
568.0 0.0021918260245001875
569.0 0.002403881444479339
570.0 0.00261593668255955
571.0 0.002482978379703127
572.0 0.0023500198949477635
573.0 0.0021108447981532663
574.0 0.001871669701358769
575.0 0.0020826833861065097
576.0 0.0022936970708542503
577.0 0.002340351238672156
578.0 0.0023870050426921807
579.0 0.002012159711739514
580.0 0.0016373143807868473
581.0 0.0015100886230356991
582.0 0.0013828631381329615
583.0 0.0014831189218966756
584.0 0.0015833744328119792
585.0 0.001707763112790417
586.0 0.001832151428970974
587.0 0.0020715358914458193
588.0 0.0023109203539206646
589.0 0.0023794558728695847
590.0 0.0024479913918185048
591.0 0.002156483242288232
592.0 0.001864975092757959
593.0 0.0016704478184692562
594.0 0.0014759205441805534
595.0 0.001110043467633659
596.0 0.0007441664365614997
597.0 0.0009950836101779714
598.0 0.0012460010111681186
599.0 0.0010606121577438898
600.0 0.0008752233043196611
601.0 0.00079929504863685
602.0 0.0007233666565298336
603.0 0.0009550587492412888
604.0 0.0011867506145790685
605.0 0.0010784076948766597
606.0 0.0009700646842247806
607.0 0.0008542287105228752
608.0 0.0007383926458714996
609.0 0.0009184625014313497
610.0 0.0010985322660417296
611.0 0.0010971973097184673
612.0 0.001095862353395205
613.0 0.0009783657333173323
614.0 0.0008608691132394597
615.0 0.0013170986676414032
616.0 0.001773328403942287
617.0 0.0014502914382319432
618.0 0.0011272545634710696
619.0 0.0012604876246768981
620.0 0.0013937206858827267
621.0 0.0015493227692786604
622.0 0.001704924761725124
623.0 0.0014235821254260372
624.0 0.0011422393072280101
625.0 0.0013954582755104639
626.0 0.0016486770618939772
627.0 0.00191477156477049
628.0 0.0021808660676470026
629.0 0.002129522545146756
630.0 0.0020781788407475688
631.0 0.002213017432950437
632.0 0.002347855843254365
633.0 0.002975149436679203
634.0 0.003602443030104041
635.0 0.006242062954697758
636.0 0.008881682879291475
637.0 0.015986878133844584
638.0 0.023092074843589216
639.0 0.0199385525775142
640.0 0.016785034677013755
641.0 0.014860926603432745
642.0 0.012936815619468689
643.0 0.009397029498359188
644.0 0.005857241194462404
645.0 0.005750618220190518
646.0 0.0056439952459186316
647.0 0.005472749035106972
648.0 0.0053015024604974315
649.0 0.004267807162250392
650.0 0.003234111864003353
651.0 0.0031450446840608492
652.0 0.003055977140320465
653.0 0.002786980985547416
654.0 0.002517985012673307
655.0 0.00214221090573119
656.0 0.0017664371625869535
657.0 0.0019438542949501425
658.0 0.002121271245414391
659.0 0.0022476408048532903
660.0 0.002374010182393249
661.0 0.0021771213141619228
662.0 0.0019802329916274175
663.0 0.0019192333638784476
664.0 0.001858233918028418
665.0 0.0016914204024942592
666.0 0.0015246070688590407
667.0 0.001771105598891154
668.0 0.002017604492721148
669.0 0.0017879227016237564
670.0 0.0015582407286274247
671.0 0.0015061144949868321
672.0 0.0014539881703967694
673.0 0.0015549401723546907
674.0 0.0016558922652620822
675.0 0.0013894002222514246
676.0 0.0011229080882912967
677.0 0.0013481863788911141
678.0 0.0015734645785414614
679.0 0.001554916707391385
680.0 0.0015363686543423682
681.0 0.0017419111827621236
682.0 0.0019474533473839983
683.0 0.002495349690434523
684.0 0.003043245851586107
685.0 0.002870595926651731
686.0 0.0026979456379194744
687.0 0.0025608753276173957
688.0 0.002423804471618496
689.0 0.002334690907446202
690.0 0.0022455771613749675
691.0 0.0025482289856881835
692.0 0.0028508808100013994
693.0 0.003043794094992336
694.0 0.0032367075618822128
695.0 0.003522802217048593
696.0 0.0038088975998107344
697.0 0.003831445792457089
698.0 0.0038539939851034433
699.0 0.005377285197027959
700.0 0.00690057422616519
701.0 0.00677603529766202
702.0 0.006651495641563088
703.0 0.006084974302211776
704.0 0.0055184536904562265
705.0 0.004637106758309528
706.0 0.0037557594623649493
707.0 0.003429065691307187
708.0 0.003102371556451544
709.0 0.003722345718415454
710.0 0.004342319880379364
711.0 0.003698413274833001
712.0 0.003054506305488758
713.0 0.0023972697817953303
714.0 0.0017400328943040222
715.0 0.002016545658989344
716.0 0.002293058241775725
717.0 0.002229094934591558
718.0 0.0021651316274073906
719.0 0.002031194162555039
720.0 0.0018972565158037469
721.0 0.0014903567716828547
722.0 0.0010834570275619626
723.0 0.0014657168321718927
724.0 0.0018479770005797036
725.0 0.0015308945876313373
726.0 0.0012138119927840307
727.0 0.001563877594890073
728.0 0.0019139431969961151
729.0 0.0019064480511588044
730.0 0.001898953087220434
731.0 0.0019200560927856714
732.0 0.001941158734553028
733.0 0.0017862341337604448
734.0 0.001631309169169981
735.0 0.0014282062693382613
736.0 0.0012251031876076013
737.0 0.001358853387500858
738.0 0.0014926034964446444
739.0 0.0013173954357625917
740.0 0.001142186920333188
741.0 0.0010879718502110336
742.0 0.0010337565072404686
743.0 0.0011885107596754096
744.0 0.0013432649211608805
745.0 0.0018316095520276576
746.0 0.002319954364793375
747.0 0.002386204869253561
748.0 0.0024524553737137467
749.0 0.003069072772632353
750.0 0.0036856898077530786
751.0 0.0037010035157436505
752.0 0.003716317587532103
753.0 0.0031657353247283027
754.0 0.0026151532438234426
755.0 0.0030010340196895413
756.0 0.0033869146136566997
757.0 0.0026702462491812184
758.0 0.0019535778847057372
759.0 0.002639124977577012
760.0 0.003324672070448287
761.0 0.0047958419600035995
762.0 0.006267010030569509
763.0 0.006067952199373394
764.0 0.005868892185389996
765.0 0.005362324009183794
766.0 0.004855756924371235
767.0 0.00482450814160984
768.0 0.004793258631252684
769.0 0.0044320375309325755
770.0 0.004070817158208229
771.0 0.003879822907038033
772.0 0.003688829019665718
773.0 0.0038564357964787632
774.0 0.004024042573291808
775.0 1.7044486481931909e-10
776.0 1.7044486481931909e-10
777.0 0.054708163952454925
778.0 1.7044486481931909e-10
779.0 0.002504632902855519
780.0 1.7044486481931909e-10
781.0 1.7044486481931909e-10
782.0 0.026319862809032202
783.0 1.7044486481931909e-10
784.0 0.10100484360009432
785.0 0.07931701256893575
786.0 1.7044486481931909e-10
787.0 0.022197654470801353
788.0 0.026043204707093537
789.0 1.7044486481931909e-10
790.0 0.009499045700067654
791.0 0.09005607571452856
792.0 0.010278432455379516
793.0 0.1184500870294869
794.0 1.7044486481931909e-10
795.0 0.07268987828865647
796.0 0.018414613441564143
797.0 0.13715926324948668
798.0 0.12569737154990435
799.0 0.22475833538919687
800.0 0.48474022187292576
801.0 0.7085051853209734
802.0 1.2014826759696007
803.0 1.8475038930773735
804.0 3.26743982732296
805.0 4.479990154504776
806.0 6.42472505569458
807.0 8.76174345612526
808.0 11.650203168392181
809.0 14.621581137180328
810.0 18.224050104618073
811.0 20.927350223064423
812.0 24.492433667182922
813.0 28.525012731552124
814.0 32.829150557518005
815.0 38.39409351348877
816.0 43.989601731300354
817.0 50.66220164299011
818.0 57.3982834815979
819.0 64.15560841560364
820.0 71.77774906158447
821.0 78.73350977897644
822.0 83.96040201187134
823.0 88.14095854759216
824.0 91.8116569519043
825.0 95.28526663780212
826.0 96.71936631202698
827.0 98.17299246788025
828.0 98.90720844268799
829.0 98.99775981903076
830.0 98.72599244117737
831.0 98.95867109298706
832.0 98.21601510047913
833.0 99.45172071456909
834.0 98.42164516448975
835.0 98.60330820083618
836.0 98.97498488426208
837.0 98.58658909797668
838.0 97.98439741134644
839.0 98.07199835777283
840.0 98.41200709342957
841.0 99.20276999473572
842.0 99.65440034866333
843.0 99.57441687583923
844.0 98.01968336105347
845.0 98.79924058914185
846.0 98.66151213645935
847.0 99.00773167610168
848.0 99.72695708274841
849.0 98.64479899406433
850.0 97.99155592918396
851.0 99.07533526420593
852.0 98.92662763595581
853.0 98.48083257675171
854.0 99.56942200660706
855.0 98.25456738471985
856.0 98.90497326850891
857.0 97.74083495140076
858.0 98.4393835067749
859.0 99.34532642364502
860.0 98.09197783470154
861.0 98.64414930343628
862.0 98.88457655906677
863.0 98.17124009132385
864.0 99.64697360992432
865.0 99.818354845047
866.0 98.36747646331787
867.0 99.14496541023254
868.0 99.58406090736389
869.0 98.71679544448853
870.0 98.033607006073
871.0 99.06628727912903
872.0 99.2418646812439
873.0 98.98946285247803
874.0 99.42612648010254
875.0 98.99744987487793
876.0 98.64596724510193
877.0 99.2596447467804
878.0 99.15750026702881
879.0 98.34955930709839
880.0 98.24891090393066
881.0 100.11270046234131
882.0 98.92753958702087
883.0 98.77903461456299
884.0 99.08568263053894
885.0 98.72017502784729
886.0 98.33236932754517
887.0 98.36335778236389
888.0 98.8589882850647
889.0 99.38721060752869
890.0 98.15928339958191
891.0 99.26739931106567
892.0 98.8743245601654
893.0 98.16721081733704
894.0 97.83698320388794
895.0 99.47781562805176
