lsstCam/transmission_filter_detector/r31_s02/g_6/19700101T000000.ecsv
# %ECSV 1.0
# ---
# datatype:
# - {name: wavelength, unit: nm, datatype: float32}
# - {name: efficiency, unit: '%', datatype: float64}
# meta: !!omap
# - {MODE: DETECTOR}
# - {TYPE: transmission_filter_detector}
# - {CALIBDATE: '1970-01-01T00:00:00'}
# - {INSTRUME: LSSTCam}
# - {OBSTYPE: transmission_filter_detector}
# - {CALIBCLS: lsst.ip.isr.IntermediateFilterDetectorTransmissionCurve}
# - {SOURCE: Materion (DM-46256)}
# - {DETECTOR: 128}
# - {FILTER: g_6}
# - {CALIB_ID: 'calibDate=1970-01-01T00:00:00 filter=g_6 detector=128'}
# - {DATE: '2025-04-02T15:59:42.620425'}
# - {CALIB_CREATION_DATE: '2025-04-02'}
# - {CALIB_CREATION_TIME: '15:59:42'}
# - __serialized_columns__:
#     efficiency:
#       __class__: astropy.units.quantity.Quantity
#       unit: !astropy.units.Unit {unit: '%'}
#       value: !astropy.table.SerializedColumn {name: efficiency}
#     wavelength:
#       __class__: astropy.units.quantity.Quantity
#       unit: !astropy.units.Unit {unit: nm}
#       value: !astropy.table.SerializedColumn {name: wavelength}
# schema: astropy-2.0
wavelength efficiency
[from data line 608]
908.0 0.000513653958478244
909.0 0.00045797473831044044
910.0 0.0004111095222469885
911.0 0.000364244283446169
912.0 0.0003798265652221744
913.0 0.00039540882426081225
914.0 0.0004694285962614231
915.0 0.0005434483682620339
916.0 0.000458157637694967
917.0 0.00037286695260263514
918.0 0.00042517913243500516
919.0 0.0004774913122673752
920.0 0.0004622217602445744
921.0 0.00044695216274703853
922.0 0.00042509432205406483
923.0 0.00040323643588635605
924.0 0.00043963523239654023
925.0 0.0004760339834319893
926.0 0.0005200629857426975
927.0 0.0005640919425786706
928.0 0.0006470126663771225
929.0 0.0007299334356503095
930.0 0.0006031634256942198
931.0 0.0004763933247886598
932.0 0.00052701016102219
933.0 0.0005776270882051904
934.0 0.0005934325599810109
935.0 0.0006092380317568313
936.0 0.0005811789378640242
937.0 0.0005531198894459521
938.0 0.0005003295882488601
939.0 0.0004475394689507084
940.0 0.0006670649781881366
941.0 0.0008865904419508297
942.0 0.0007256232038344024
943.0 0.00056465592024324
944.0 0.0006814973858126905
945.0 0.0007983388968568761
946.0 0.0009282342944061384
947.0 0.0010581297829048708
948.0 0.0008675102435518056
949.0 0.0006768906587240053
950.0 0.0007161384928622283
951.0 0.0007553862360509811
952.0 0.0008929548130254261
953.0 0.0010305232535756659
954.0 0.0009417122782906517
955.0 0.0008529010301572271
956.0 0.0007609431577293435
957.0 0.000668985330776195
958.0 0.000697343921274296
959.0 0.0007257024208229268
960.0 0.0007576832558697788
961.0 0.0007896638635429554
962.0 0.0007002014172030613
963.0 0.0006107389253884321
964.0 0.0005954132120677968
965.0 0.0005800873623229563
966.0 0.0006651569037785521
967.0 0.0007502263088099426
968.0 0.0007540868864452932
969.0 0.0007579473731311737
970.0 0.0006865785053378204
971.0 0.0006152096375444671
972.0 0.0006884631147840992
973.0 0.000761716501074261
974.0 0.0008603175956523046
975.0 0.0009589187357050832
976.0 0.0008871415047906339
977.0 0.0008153643648256548
978.0 0.0008394816177315079
979.0 0.000863598870637361
980.0 0.0009896496521832887
981.0 0.0011157003427797463
982.0 0.0011383050150470808
983.0 0.0011609099601628259
984.0 0.0012285483535379171
985.0 0.0012961866559635382
986.0 0.0013427002159005497
987.0 0.001389213684888091
988.0 0.001321282525168499
989.0 0.0012533510016510263
990.0 0.001190050443256041
991.0 0.0011267497939115856
992.0 0.0011743690265575424
993.0 0.0012219882592034992
994.0 0.0012332319784036372
995.0 0.0012444758795027155
996.0 0.0012402031643432565
997.0 0.001235930176335387
998.0 0.0012031939149892423
999.0 0.0011704574717441574
1000.0 0.0012012062143185176
1001.0 0.001231954593094997
1002.0 0.0012984029126528185
1003.0 0.0013648509593622293
1004.0 0.001315843837801367
1005.0 0.0012668367162405048
1006.0 0.0014679671039630193
1007.0 0.001669097582635004
1008.0 0.0015717436326667666
1009.0 0.0014743896826985292
1010.0 0.0015209481716738082
1011.0 0.0015675066606490873
1012.0 0.0017106354789575562
1013.0 0.0018537639334681444
1014.0 0.002024698187597096
1015.0 0.002195632077928167
1016.0 0.002462873817421496
1017.0 0.0027301153750158846
1018.0 0.002805288204399403
1019.0 0.002880461215681862
1020.0 0.003174403900629841
1021.0 0.0034683471312746406
1022.0 0.0036515317333396524
1023.0 0.0038347163354046643
1024.0 0.003997483872808516
1025.0 0.0041602517740102485
1026.0 0.0044403634092304856
1027.0 0.004720475408248603
1028.0 0.004943197200191207
1029.0 0.005165919355931692
1030.0 0.005065830919193104
1031.0 0.004965742118656635
1032.0 0.0053130770538700745
1033.0 0.005660411625285633
1034.0 0.005663130650646053
1035.0 0.005665849312208593
1036.0 0.005776516263722442
1037.0 0.005887183215236291
1038.0 0.005941704876022413
1039.0 0.005996226173010655
1040.0 0.006112608389230445
1041.0 0.006228990969248116
1042.0 0.006417777331080288
1043.0 0.006606565148103982
1044.0 0.007118135545169935
1045.0 0.007629705942235887
1046.0 0.00862902743392624
1047.0 0.00962834819802083
1048.0 0.010744671453721821
1049.0 0.011860994709422812
1050.0 0.014039188681636006
1051.0 0.01621738338144496
1052.0 0.019487614918034524
1053.0 0.022757849365007132
1054.0 0.0279467785730958
1055.0 0.033135703415609896
1056.0 0.03950114478357136
1057.0 0.04586658033076674
1058.0 0.05374553729780018
1059.0 0.061624497175216675
1060.0 0.07013151771388948
1061.0 0.0786385324317962
1062.0 0.08670958341099322
1063.0 0.09478062274865806
1064.0 0.10270942002534866
1065.0 0.11063818819820881
1066.0 0.11854741023853421
1067.0 0.12645663227885962
1068.0 0.1348827383480966
1069.0 0.14330882113426924
1070.0 0.15217430191114545
1071.0 0.1610397594049573
1072.0 0.17014375189319253
1073.0 0.17924773273989558
1074.0 0.18897760892286897
1075.0 0.19870749674737453
1076.0 0.2092977985739708
1077.0 0.21988812368363142
1078.0 0.23110683541744947
1079.0 0.2423255704343319
1080.0 0.2583767753094435
1081.0 0.27442798018455505
1082.0 0.2981738653033972
1083.0 0.3219197504222393
1084.0 0.36485844757407904
1085.0 0.40779714472591877
1086.0 0.44565959833562374
1087.0 0.48352195881307125
1088.0 0.5416308529675007
1089.0 0.5997397005558014
1090.0 0.6833329796791077
1091.0 0.7669263053685427
1092.0 0.8147479966282845
1093.0 0.8625698275864124
1094.0 0.9144817478954792
1095.0 0.9663937613368034
1096.0 1.0346530005335808
1097.0 1.1029122397303581
1098.0 1.2196081690490246
1099.0 1.3363041914999485
1100.0 1.5198485925793648
1101.0 1.7033929005265236
