lsstCam/transmission_filter_detector/r31_s02/g_6/19700101T000000.ecsv
# %ECSV 1.0
# ---
# datatype:
# - {name: wavelength, unit: nm, datatype: float32}
# - {name: efficiency, unit: '%', datatype: float64}
# meta: !!omap
# - {MODE: DETECTOR}
# - {TYPE: transmission_filter_detector}
# - {CALIBDATE: '1970-01-01T00:00:00'}
# - {INSTRUME: LSSTCam}
# - {OBSTYPE: transmission_filter_detector}
# - {CALIBCLS: lsst.ip.isr.IntermediateFilterDetectorTransmissionCurve}
# - {SOURCE: Materion (DM-46256)}
# - {DETECTOR: 128}
# - {FILTER: g_6}
# - {CALIB_ID: 'calibDate=1970-01-01T00:00:00 filter=g_6 detector=128'}
# - {DATE: '2025-04-02T15:59:42.620425'}
# - {CALIB_CREATION_DATE: '2025-04-02'}
# - {CALIB_CREATION_TIME: '15:59:42'}
# - __serialized_columns__:
#     efficiency:
#       __class__: astropy.units.quantity.Quantity
#       unit: !astropy.units.Unit {unit: '%'}
#       value: !astropy.table.SerializedColumn {name: efficiency}
#     wavelength:
#       __class__: astropy.units.quantity.Quantity
#       unit: !astropy.units.Unit {unit: nm}
#       value: !astropy.table.SerializedColumn {name: wavelength}
# schema: astropy-2.0
wavelength efficiency
300.0 0.37014686968177557
301.0 0.31808866187930107
302.0 0.2660304307937622
303.0 0.25358248967677355
304.0 0.2411345485597849
305.0 0.2345488639548421
306.0 0.22796320263296366
307.0 0.2206123899668455
308.0 0.21326160058379173
309.0 0.20845618564635515
310.0 0.2036507474258542
311.0 0.2035981509834528
312.0 0.20354550797492266
313.0 0.1924268901348114
314.0 0.1813082373701036
315.0 0.17982025165110826
316.0 0.17833224264904857
317.0 0.17592799849808216
318.0 0.17352375434711576
319.0 0.16320388531312346
320.0 0.152884004637599
321.0 0.14063005801290274
322.0 0.12837612302973866
323.0 0.11482894187793136
324.0 0.10128176072612405
325.0 0.09011707152239978
326.0 0.07895238231867552
327.0 0.07118291105143726
328.0 0.063413439784199
329.0 0.062032853020355105
330.0 0.06065226625651121
331.0 0.05612494423985481
332.0 0.051597622223198414
333.0 0.047632650239393115
334.0 0.04366767534520477
335.0 0.041589097236283123
336.0 0.039510519127361476
337.0 0.03985881630796939
338.0 0.040207107667811215
339.0 0.03978718596044928
340.0 0.039367261342704296
341.0 0.03742375411093235
342.0 0.03548024978954345
343.0 0.032762487535364926
344.0 0.030044728191569448
345.0 0.026477256324142218
346.0 0.02290978591190651
347.0 0.020956012303940952
348.0 0.01900223724078387
349.0 0.017522118287160993
350.0 0.26156376115977764
351.0 1.1801189742982388
352.0 0.8123718202114105
353.0 1.0703247040510178
354.0 0.5165878217667341
355.0 0.7654000073671341
356.0 0.5647765472531319
357.0 1.0057689622044563
358.0 0.6109058856964111
359.0 0.7553282659500837
360.0 0.5275060422718525
361.0 0.7923726923763752
362.0 0.5199542734771967
363.0 0.8878791704773903
364.0 0.5388361401855946
365.0 0.8183510042726994
366.0 0.42697684839367867
367.0 0.6850472651422024
368.0 0.519542908295989
369.0 0.6715311203151941
370.0 0.4753205459564924
371.0 0.5842912010848522
372.0 0.40310523472726345
373.0 0.6493563763797283
374.0 0.38975041825324297
375.0 0.7322318386286497
376.0 0.4231779370456934
377.0 0.5676130298525095
378.0 0.3743469715118408
379.0 0.5684196017682552
380.0 0.3939376212656498
381.0 0.5695950705558062
382.0 0.5890835542231798
383.0 0.5177175626158714
384.0 0.546054495498538
385.0 0.6605115719139576
386.0 0.6751596461981535
387.0 0.7647702936083078
388.0 0.9074073284864426
389.0 1.1985949240624905
390.0 1.7512863501906395
391.0 2.6730479672551155
392.0 4.254778474569321
393.0 6.734175235033035
394.0 10.160399228334427
395.0 14.825980365276337
396.0 20.49250304698944
397.0 27.686840295791626
398.0 36.1724853515625
399.0 45.4915314912796
400.0 54.98591065406799
401.0 64.10947442054749
402.0 72.5090503692627
403.0 79.87042665481567
404.0 85.32306551933289
405.0 89.4102931022644
406.0 91.79496765136719
407.0 93.74091029167175
408.0 94.8789119720459
409.0 95.4591691493988
410.0 95.61068415641785
411.0 95.52000164985657
412.0 95.12310028076172
413.0 94.90418434143066
414.0 94.75783705711365
415.0 94.88673806190491
416.0 95.2703058719635
417.0 95.65136432647705
418.0 96.10598087310791
419.0 96.69791460037231
420.0 97.21341729164124
421.0 97.797030210495
422.0 97.90186285972595
423.0 98.1832206249237
424.0 97.94526696205139
425.0 97.89791703224182
426.0 97.77898788452148
427.0 97.79486656188965
428.0 97.5861132144928
429.0 97.44536876678467
430.0 97.28854894638062
431.0 97.24912643432617
432.0 97.28400707244873
433.0 97.38388061523438
434.0 97.49476909637451
435.0 97.56808876991272
436.0 97.68977165222168
437.0 97.62904644012451
438.0 97.70114421844482
439.0 97.78499603271484
440.0 97.74299263954163
441.0 97.8919506072998
442.0 97.88176417350769
443.0 97.80426621437073
444.0 97.73216843605042
445.0 97.5377082824707
446.0 97.41357564926147
447.0 97.29523062705994
448.0 97.31796979904175
449.0 97.5064218044281
450.0 97.74273633956909
451.0 97.96398878097534
452.0 98.18344116210938
453.0 98.28134775161743
454.0 98.31687211990356
455.0 98.55534434318542
456.0 98.58432412147522
457.0 98.73267412185669
458.0 98.82017970085144
459.0 98.83072972297668
460.0 98.91952872276306
461.0 99.02126789093018
462.0 98.92094135284424
463.0 98.87374639511108
464.0 98.9653468132019
465.0 98.89905452728271
466.0 98.94607067108154
467.0 98.87691140174866
468.0 98.9196240901947
469.0 98.96314740180969
470.0 98.83368015289307
471.0 98.70914220809937
472.0 98.74337911605835
473.0 98.64538311958313
474.0 98.42301607131958
475.0 98.53460192680359
476.0 98.58889579772949
477.0 98.57105612754822
478.0 98.63694310188293
479.0 98.60906600952148
480.0 98.78909587860107
481.0 98.8835334777832
482.0 99.0327775478363
483.0 98.95391464233398
484.0 99.10918474197388
485.0 99.14937019348145
486.0 99.14493560791016
487.0 99.20681715011597
488.0 99.1746187210083
489.0 99.26368594169617
490.0 99.18427467346191
491.0 99.23739433288574
492.0 99.15713667869568
493.0 99.12719130516052
494.0 99.00226593017578
495.0 99.11590218544006
496.0 98.92708659172058
497.0 98.83641004562378
498.0 98.6409604549408
499.0 98.7370491027832
500.0 98.6333966255188
501.0 98.66397380828857
502.0 98.4911561012268
503.0 98.63618016242981
504.0 98.50810766220093
505.0 98.54316115379333
506.0 98.57274293899536
507.0 98.56145977973938
508.0 98.5531747341156
509.0 98.45706224441528
510.0 98.43747615814209
511.0 98.39079976081848
512.0 98.33639860153198
513.0 98.45208525657654
514.0 98.38576316833496
515.0 98.44496846199036
516.0 98.52795600891113
517.0 98.51040840148926
518.0 98.58497977256775
519.0 98.59399795532227
520.0 98.69369268417358
521.0 98.81324172019958
522.0 98.825204372406
523.0 98.79835247993469
524.0 98.84875416755676
525.0 98.82607460021973
526.0 98.94503355026245
527.0 98.92802834510803
528.0 99.04615879058838
529.0 99.11119341850281
530.0 99.14367198944092
531.0 99.27390813827515
532.0 99.12355542182922
533.0 99.13607835769653
534.0 99.14613366127014
535.0 98.93297553062439
536.0 98.57288002967834
537.0 97.95650243759155
538.0 97.17955589294434
539.0 95.72609663009644
540.0 93.92199516296387
541.0 91.1769449710846
542.0 88.2844865322113
543.0 84.53347086906433
544.0 79.85485792160034
545.0 75.78067183494568
546.0 70.75183987617493
547.0 66.13685488700867
548.0 61.5486204624176
549.0 57.42402672767639
550.0 54.14305925369263
551.0 51.02041959762573
552.0 48.56785237789154
553.0 46.004077792167664
554.0 43.08910667896271
555.0 39.855921268463135
556.0 35.56315898895264
557.0 30.660483241081238
558.0 25.276440382003784
559.0 19.978561997413635
560.0 14.882530272006989
561.0 10.159305483102798
562.0 6.549098342657089
563.0 3.869699314236641
564.0 2.1270031109452248
565.0 1.0498708114027977
566.0 0.5474044010043144
567.0 0.2776192035526037
568.0 0.1783569692634046
569.0 0.09263325482606888
570.0 0.09473407990299165
571.0 0.056022871285676956
572.0 0.06015340914018452
573.0 0.03877913986798376
574.0 0.055505079217255116
575.0 0.03365870798006654
576.0 0.03925696946680546
577.0 0.028069195104762912
578.0 0.029914441984146833
579.0 0.03097240114584565
580.0 0.03631051804404706
581.0 0.026963604614138603
582.0 0.023079854145180434
583.0 0.02415292547084391
584.0 0.028409206424839795
585.0 0.015822454588487744
586.0 0.018564325000625104
587.0 0.013440674229059368
588.0 0.026177644031122327
589.0 0.03033756511285901
590.0 0.0201195856789127
591.0 0.012442110164556652
592.0 0.017660284356679767
593.0 0.011137040564790368
594.0 0.025056878803297877
595.0 0.016186636639758945
596.0 0.01624565338715911
597.0 0.010742414451669902
598.0 0.012095417332602665
599.0 0.006706475687678903
600.0 0.01746085617924109
601.0 0.002161540942324791
602.0 0.0021671834474545904
603.0 0.002172825588786509
604.0 0.0019518358385539614
605.0 0.0017308462702203542
606.0 0.0018838980395230465
607.0 0.00203695035452256
608.0 0.0019729743144125678
609.0 0.0019089982743025757
610.0 0.0019240307665313594
611.0 0.0019390628949622624
612.0 0.0017851956727099605
613.0 0.0016313284504576586
614.0 0.0015452675143023953
615.0 0.0014592069419450127
616.0 0.0014067967640585266
617.0 0.0013543866771215107
618.0 0.0015937110219965689
619.0 0.0018330354578210972
620.0 0.001598154631210491
621.0 0.001363273895549355
622.0 0.0014032108083483763
623.0 0.0014431471754505765
624.0 0.001432097633369267
625.0 0.0014210481822374277
626.0 0.0013470756130118389
627.0 0.00127310304378625
628.0 0.0014875578926876187
629.0 0.0017020127415889874
630.0 0.0016185909771593288
631.0 0.0015351690308307298
632.0 0.0013874793694412801
633.0 0.001239789980900241
634.0 0.0013392065739026293
635.0 0.0014386229850060772
636.0 0.001385487394145457
637.0 0.0013323521670827176
638.0 0.0013144610420567915
639.0 0.0012965700079803355
640.0 0.0013225409929873422
641.0 0.0013485117051459383
642.0 0.001305217756453203
643.0 0.001261923989659408
644.0 0.0011450917554611806
645.0 0.0010282598850608338
646.0 0.0011434551197453402
647.0 0.0012586504453793168
648.0 0.0013387374565354548
649.0 0.0014188246495905332
650.0 0.0012465590771171264
651.0 0.0010742935955931898
652.0 0.001140703352575656
653.0 0.0012071132914570626
654.0 0.0011331494533806108
655.0 0.0010591857062536292
656.0 0.0010951475815090816
657.0 0.0011311097296129446
658.0 0.0010774695510917809
659.0 0.0010238297363684978
660.0 0.0010695501259760931
661.0 0.0011152705155836884
662.0 0.0011038637239835225
663.0 0.0010924567504844163
664.0 0.00109124803202576
665.0 0.0010900391316681635
666.0 0.0011660292329906952
667.0 0.0012420191524142865
668.0 0.001192602576338686
669.0 0.0011431860912125558
670.0 0.001121635523304576
671.0 0.0011000845915987156
672.0 0.0011488597920106258
673.0 0.001197634992422536
674.0 0.0011501840162964072
675.0 0.0011027329492208082
676.0 0.001102069018088514
677.0 0.001101404723158339
678.0 0.001091782542061992
679.0 0.0010821606338140555
680.0 0.001041909672494512
681.0 0.001001658893073909
682.0 0.0010249238584947307
683.0 0.0010481888239155523
684.0 0.0010688536349334754
685.0 0.0010895184459513985
686.0 0.0010584021765680518
687.0 0.0010272859071847051
688.0 0.0010394881428510416
689.0 0.0010516901056689676
690.0 0.0011484955393825658
691.0 0.0012453010640456341
692.0 0.0011225346497667488
693.0 0.0009997683264373336
694.0 0.0010742184713308234
695.0 0.0011486687071737833
696.0 0.0011639327567536384
697.0 0.0011791968063334934
698.0 0.001188181613542838
699.0 0.001197166147903772
700.0 0.0012636761312023737
701.0 0.0013301861145009752
702.0 0.0013530818250728771
703.0 0.0013759774446953088
704.0 0.0013100899195706006
705.0 0.0012442021215974819
706.0 0.0011397961316106375
707.0 0.001035390050674323
708.0 0.001099982182495296
709.0 0.0011645746781141497
710.0 0.0011937828276131768
711.0 0.0012229912499606144
712.0 0.0012504733604146168
713.0 0.0012779555618180893
714.0 0.0013150513950677123
715.0 0.001352147137367865
716.0 0.001466430057917023
717.0 0.001580712887516711
718.0 0.0018609178368933499
719.0 0.002141122786269989
720.0 0.0018090882804244757
721.0 0.0014770537745789625
722.0 0.0015719160728622228
723.0 0.0016667785530444235
724.0 0.0017873438991955481
725.0 0.0019079092453466728
726.0 0.0019966215404565446
727.0 0.002085333653667476
728.0 0.0021727901184931397
729.0 0.002260246401419863
730.0 0.0022344453100231476
731.0 0.0022086444005253725
732.0 0.002010948446695693
733.0 0.0018132530385628343
734.0 0.0015058147255331278
735.0 0.0011983761396550108
736.0 0.0011306340638839174
737.0 0.0010628918971633539
738.0 0.0010511898835829925
739.0 0.0010394879609521013
740.0 0.0009399162081535906
741.0 0.0008403443644056097
742.0 0.0008974268894235138
743.0 0.0009545095963403583
744.0 0.0009447940101381391
745.0 0.0009350783329864498
746.0 0.0007211503088910831
747.0 0.0005072222393209813
748.0 0.000618105423200177
749.0 0.0007289886525541078
750.0 0.0007501773325202521
751.0 0.0007713661943853367
752.0 0.0008348384653800167
753.0 0.0008983106454252265
754.0 0.0008112787327263504
755.0 0.0007242468200274743
756.0 0.0008099451406451408
757.0 0.0008956432793638669
758.0 0.0009325003702542745
759.0 0.0009693576430436224
760.0 0.0008951423296821304
761.0 0.000820926834421698
762.0 0.0007214268407551572
763.0 0.0006219270289875567
764.0 0.0007872086825955193
765.0 0.000952490336203482
766.0 0.0008589620847487822
767.0 0.0007654337423446123
768.0 0.000772149178374093
769.0 0.000778864705353044
770.0 0.0007205364454421215
771.0 0.000662208185531199
772.0 0.0006571961421286687
773.0 0.0006521840077766683
774.0 0.0006744980964867864
775.0 0.0006968120942474343
776.0 0.0007028079380688723
777.0 0.0007088035545166349
778.0 0.0006234403826965718
779.0 0.0005380772563512437
780.0 0.0005601366410701303
781.0 0.000582196071263752
782.0 0.0005978168701403774
783.0 0.0006134376690170029
784.0 0.000641679844193277
785.0 0.0006699221557937562
786.0 0.0005383306415751576
787.0 0.00040673908188182395
788.0 0.00042196693357254844
789.0 0.00043719478526327293
790.0 0.0005983545179333305
791.0 0.0007595142960781232
792.0 0.0005982159109407803
793.0 0.00043691757127817255
794.0 0.0004800086117029423
795.0 0.000523099652127712
796.0 0.00044059001993446145
797.0 0.0003580803650038433
798.0 0.00032444606858916814
799.0 0.0002908117494371254
800.0 0.00035108098472846905
801.0 0.0004113502200198127
802.0 0.00044101097955717705
803.0 0.00047067192099348176
804.0 0.00043753548197855707
805.0 0.0004043989974888973
806.0 0.0003925056262232829
807.0 0.0003806122094829334
808.0 0.0003772086756725912
809.0 0.00037380527828645427
810.0 0.00032980010473693255
811.0 0.0002857949539247784
812.0 0.00042380092963867355
813.0 0.0005618069735646714
814.0 0.0005264596438792069
815.0 0.0004911122687190073
816.0 0.0005360234808904352
817.0 0.0005809346930618631
818.0 0.0005336012236512033
819.0 0.0004862676632910734
820.0 0.0005745273028878728
821.0 0.0006627869879594073
822.0 0.0005340690677257953
823.0 0.0004053510110679781
824.0 0.0004315329078963259
825.0 0.00045771475924993865
826.0 0.0004573611931846244
827.0 0.0004570077180687804
828.0 0.0004118644483241951
829.0 0.0003667212013169774
830.0 0.00043218442442594096
831.0 0.0004976475338480668
832.0 0.0005182998393138405
833.0 0.000538952053830144
834.0 0.00037282231915014563
835.0 0.0002066926072075148
836.0 0.00041979888010246214
837.0 0.0006329050847853068
838.0 0.0006745275641151238
839.0 0.0007161500434449408
840.0 0.0006705079613311682
841.0 0.0006248659701668657
842.0 0.0005617004717350937
843.0 0.0004985349278285867
844.0 0.0004572484158416046
845.0 0.0004159618583798874
846.0 0.0003548282620613463
847.0 0.00029369466574280523
848.0 0.000340288147526735
849.0 0.00038688158383592963
850.0 0.0003977977485192241
851.0 0.0004087138222530484
852.0 0.0003788187086684047
853.0 0.00034892359508376103
854.0 0.0004807848654309055
855.0 0.0006126462267275201
856.0 0.0004770882242155494
857.0 0.0003415302671783138
858.0 0.00047660346353950445
859.0 0.0006116765689512249
860.0 0.0005579352091444889
861.0 0.0005041938038630178
862.0 0.0006083372227294603
863.0 0.0007124805961211678
864.0 0.0006535444754263153
865.0 0.0005946082637819927
866.0 0.0006065274192224024
867.0 0.0006184464837133419
868.0 0.0004985490249964641
869.0 0.00037865147533011623
870.0 0.0003651422730399645
871.0 0.00035163307074981276
872.0 0.00048625502131471876
873.0 0.0006208770173543599
874.0 0.0006625104106205981
875.0 0.0007041437584121013
876.0 0.0006436777312046615
877.0 0.0005832117039972218
878.0 0.000603050193603849
879.0 0.0006228886377357412
880.0 0.0007391530743916519
881.0 0.0008554175110475626
882.0 0.0006958720405236818
883.0 0.0005363265245250659
884.0 0.0005392891580413561
885.0 0.0005422517006081762
886.0 0.0005533919647859875
887.0 0.0005645322744385339
888.0 0.0006433631824620534
889.0 0.0007221940450108377
890.0 0.0005997311745886691
891.0 0.0004772682132170303
892.0 0.0005888682153454283
893.0 0.0007004683538980316
894.0 0.0005729300482926192
895.0 0.0004453917881619418
896.0 0.0004289943717594724
897.0 0.000412596955357003
898.0 0.00034236661576869665
899.0 0.00027213627618039027
900.0 0.00035246621337137185
901.0 0.00043279615056235343
902.0 0.0003937669589504367
903.0 0.00035473774460115237
904.0 0.0004464195171749452
905.0 0.0005381013124861056
906.0 0.0005537172000913415
