lsstCam/transmission_filter_detector/r34_s22/y_10/19700101T000000.ecsv
# %ECSV 1.0
# ---
# datatype:
# - {name: wavelength, unit: nm, datatype: float32}
# - {name: efficiency, unit: '%', datatype: float64}
# meta: !!omap
# - {MODE: DETECTOR}
# - {TYPE: transmission_filter_detector}
# - {CALIBDATE: '1970-01-01T00:00:00'}
# - {INSTRUME: LSSTCam}
# - {OBSTYPE: transmission_filter_detector}
# - {CALIBCLS: lsst.ip.isr.IntermediateFilterDetectorTransmissionCurve}
# - {SOURCE: Materion (DM-46256)}
# - {DETECTOR: 161}
# - {FILTER: y_10}
# - {CALIB_ID: 'calibDate=1970-01-01T00:00:00 filter=y_10 detector=161'}
# - {DATE: '2025-04-02T15:59:51.489392'}
# - {CALIB_CREATION_DATE: '2025-04-02'}
# - {CALIB_CREATION_TIME: '15:59:51'}
# - __serialized_columns__:
#     efficiency:
#       __class__: astropy.units.quantity.Quantity
#       unit: !astropy.units.Unit {unit: '%'}
#       value: !astropy.table.SerializedColumn {name: efficiency}
#     wavelength:
#       __class__: astropy.units.quantity.Quantity
#       unit: !astropy.units.Unit {unit: nm}
#       value: !astropy.table.SerializedColumn {name: wavelength}
# schema: astropy-2.0
wavelength efficiency
[from data line 578]
878.0 0.0023294413040275685
879.0 0.0018465836546965875
880.0 0.05631458479911089
881.0 0.09787686867639422
882.0 0.053666671738028526
883.0 0.07392504485324025
884.0 0.056049530394375324
885.0 0.0903174455743283
886.0 0.06226212135516107
887.0 0.09156684391200542
888.0 0.05419766530394554
889.0 0.10219856631010771
890.0 0.07116245105862617
891.0 0.08282670169137418
892.0 0.059282040456309915
893.0 0.11102355783805251
894.0 0.07530318689532578
895.0 0.08794781169854105
896.0 0.06985323270782828
897.0 0.10110453004017472
898.0 0.06517807487398386
899.0 0.10739067802205682
900.0 0.06850780337117612
901.0 0.10900972411036491
902.0 0.11784249218180776
903.0 0.11670081876218319
904.0 0.13901118654757738
905.0 0.16855131834745407
906.0 0.17107675084844232
907.0 0.21034223027527332
908.0 0.2465398982167244
909.0 0.2894709352403879
910.0 0.36071443464607
911.0 0.49587669782340527
912.0 0.6661460734903812
913.0 0.9827478788793087
914.0 1.3757219538092613
915.0 2.0645510405302048
916.0 3.0490169301629066
917.0 4.2782507836818695
918.0 5.9277936816215515
919.0 7.695229351520538
920.0 10.361931473016739
921.0 13.3050337433815
922.0 16.145166754722595
923.0 19.239112734794617
924.0 22.53170609474182
925.0 26.024016737937927
926.0 30.463021993637085
927.0 35.62059998512268
928.0 40.624481439590454
929.0 46.38168513774872
930.0 52.035003900527954
931.0 58.1578254699707
932.0 64.47322368621826
933.0 70.59796452522278
934.0 75.85036158561707
935.0 80.19881248474121
936.0 84.1149389743805
937.0 87.29950189590454
938.0 89.8866593837738
939.0 91.75355434417725
940.0 92.94396638870239
941.0 93.80975365638733
942.0 94.45736408233643
943.0 94.86938714981079
944.0 95.4388678073883
945.0 95.66518664360046
946.0 96.10289335250854
947.0 96.34071588516235
948.0 96.6370165348053
949.0 96.67730331420898
950.0 96.8173623085022
951.0 96.84937596321106
952.0 96.87862992286682
953.0 96.9408929347992
954.0 96.87212705612183
955.0 96.89602851867676
956.0 97.04235196113586
957.0 97.18028903007507
958.0 97.34719395637512
959.0 97.49075174331665
960.0 97.64716029167175
961.0 97.84194827079773
962.0 97.98018336296082
963.0 98.11986684799194
964.0 98.22739362716675
965.0 98.38017225265503
966.0 98.46903681755066
967.0 98.59383702278137
968.0 98.59393239021301
969.0 98.62783551216125
970.0 98.72541427612305
971.0 98.74957203865051
972.0 98.7663745880127
973.0 98.84066581726074
974.0 98.83201122283936
975.0 98.79787564277649
976.0 98.86105060577393
977.0 98.85708093643188
978.0 98.90822172164917
979.0 98.86664152145386
980.0 98.88109564781189
981.0 98.81687760353088
982.0 98.80508184432983
983.0 98.85124564170837
984.0 98.7844169139862
985.0 98.81353378295898
986.0 98.71552586555481
987.0 98.74377846717834
988.0 98.61261248588562
989.0 98.60418438911438
990.0 98.55045080184937
991.0 98.55456352233887
992.0 98.52647185325623
993.0 98.4193503856659
994.0 98.38573336601257
995.0 98.40695858001709
996.0 98.39999675750732
997.0 98.45801591873169
998.0 98.50011467933655
999.0 98.52073192596436
1000.0 98.56282472610474
1001.0 98.54031205177307
1002.0 98.6728847026825
1003.0 98.75160455703735
1004.0 98.84067177772522
1005.0 98.80633354187012
1006.0 98.93028736114502
1007.0 98.9414393901825
1008.0 98.91787767410278
1009.0 98.9236831665039
1010.0 98.96745085716248
1011.0 98.97320866584778
1012.0 98.88052344322205
1013.0 98.90182614326477
1014.0 98.87386560440063
1015.0 98.80120158195496
1016.0 98.8332986831665
1017.0 98.86934757232666
1018.0 98.86485934257507
1019.0 98.71756434440613
1020.0 98.82027506828308
1021.0 98.93180727958679
1022.0 98.77045154571533
1023.0 98.76874089241028
1024.0 98.7471878528595
1025.0 98.76618981361389
1026.0 98.77840280532837
1027.0 98.84577989578247
1028.0 98.76512289047241
1029.0 98.89062643051147
1030.0 98.9024817943573
1031.0 98.91688823699951
1032.0 98.91330003738403
1033.0 98.91062378883362
1034.0 98.88872504234314
1035.0 98.9933431148529
1036.0 98.8891065120697
1037.0 98.94654154777527
1038.0 98.8992691040039
1039.0 98.88612627983093
1040.0 98.75831604003906
1041.0 98.79303574562073
1042.0 98.81603717803955
1043.0 98.71276021003723
1044.0 98.81940484046936
1045.0 98.51466417312622
1046.0 98.70504140853882
1047.0 98.49467277526855
1048.0 98.61961007118225
1049.0 98.49380254745483
1050.0 98.52436184883118
1051.0 98.49205017089844
1052.0 98.40242266654968
1053.0 98.32075834274292
1054.0 98.51587414741516
1055.0 98.51558804512024
1056.0 98.50642085075378
1057.0 98.57642650604248
1058.0 98.24049472808838
1059.0 98.4630823135376
1060.0 98.51670861244202
1061.0 98.54312539100647
1062.0 98.48796725273132
1063.0 98.4419047832489
1064.0 98.67963194847107
1065.0 98.61459732055664
1066.0 98.59209656715393
1067.0 98.90048503875732
1068.0 98.55708479881287
1069.0 98.51909875869751
1070.0 98.859304189682
1071.0 98.52890372276306
1072.0 98.85948896408081
1073.0 98.9287257194519
1074.0 98.49937558174133
1075.0 98.48762154579163
1076.0 98.32233190536499
1077.0 98.60283136367798
1078.0 98.75841736793518
1079.0 98.4592854976654
1080.0 99.15991425514221
1081.0 98.46926927566528
1082.0 98.38941097259521
1083.0 98.3910858631134
1084.0 98.8814115524292
1085.0 98.42891097068787
1086.0 98.45662117004395
1087.0 98.4533429145813
1088.0 98.4123170375824
1089.0 98.15183877944946
1090.0 98.4698235988617
1091.0 98.29272627830505
1092.0 98.5600471496582
1093.0 98.37592840194702
1094.0 98.35625290870667
1095.0 98.03574681282043
1096.0 98.26695322990417
1097.0 98.20359349250793
1098.0 97.68964648246765
1099.0 98.59819412231445
1100.0 98.06174635887146
