lsstCam/transmission_filter_detector/r34_s22/y_10/19700101T000000.ecsv
# %ECSV 1.0
# ---
# datatype:
# - {name: wavelength, unit: nm, datatype: float32}
# - {name: efficiency, unit: '%', datatype: float64}
# meta: !!omap
# - {MODE: DETECTOR}
# - {TYPE: transmission_filter_detector}
# - {CALIBDATE: '1970-01-01T00:00:00'}
# - {INSTRUME: LSSTCam}
# - {OBSTYPE: transmission_filter_detector}
# - {CALIBCLS: lsst.ip.isr.IntermediateFilterDetectorTransmissionCurve}
# - {SOURCE: Materion (DM-46256)}
# - {DETECTOR: 161}
# - {FILTER: y_10}
# - {CALIB_ID: 'calibDate=1970-01-01T00:00:00 filter=y_10 detector=161'}
# - {DATE: '2025-04-02T15:59:51.489392'}
# - {CALIB_CREATION_DATE: '2025-04-02'}
# - {CALIB_CREATION_TIME: '15:59:51'}
# - __serialized_columns__:
#     efficiency:
#       __class__: astropy.units.quantity.Quantity
#       unit: !astropy.units.Unit {unit: '%'}
#       value: !astropy.table.SerializedColumn {name: efficiency}
#     wavelength:
#       __class__: astropy.units.quantity.Quantity
#       unit: !astropy.units.Unit {unit: nm}
#       value: !astropy.table.SerializedColumn {name: wavelength}
# schema: astropy-2.0
wavelength efficiency
300.0 0.020201035658828914
301.0 0.013560579100158066
302.0 0.0069201181759126484
303.0 0.007860397454351187
304.0 0.008800676005193964
305.0 0.00922464532777667
306.0 0.009648610284784809
307.0 0.00912496616365388
308.0 0.008601322770118713
309.0 0.007284802268259227
310.0 0.005968283221591264
311.0 0.003858281343127601
312.0 0.0017482800103607588
313.0 0.004940670260111801
314.0 0.008133061055559665
315.0 0.0058915524277836084
316.0 0.003650043436209671
317.0 0.003957267836085521
318.0 0.00426449223596137
319.0 0.0021835116058355197
320.0 0.0001025303618007456
321.0 0.0014057719454285689
322.0 0.0027090134608442895
323.0 0.0028814407414756715
324.0 0.003053868204005994
325.0 0.0026288942535757087
326.0 0.002203920485044364
327.0 0.0025845800337265246
328.0 0.002965239400509745
329.0 0.003273698894190602
330.0 0.0035821580240735784
331.0 0.003064764678128995
332.0 0.0025473713321844116
333.0 0.0024614500944153406
334.0 0.0023755283109494485
335.0 0.0018986809664056636
336.0 0.0014218333490134683
337.0 0.0012992527445021551
338.0 0.0011766720490413718
339.0 0.0010703572115744464
340.0 0.000964042374107521
341.0 0.0010641812878020573
342.0 0.0011643202924460638
343.0 0.001227050324814627
344.0 0.00128978035718319
345.0 0.0009797974598768633
346.0 0.0006698146535200067
347.0 0.0007727038791927043
348.0 0.0008755933777138125
349.0 0.0009352932465844788
350.0 0.0009949932064046152
351.0 0.001054236781783402
352.0 0.001113480448111659
353.0 0.001263430567632895
354.0 0.0014133805962046608
355.0 0.001574059933773242
356.0 0.0017347394532407634
357.0 0.0016240011973422952
358.0 0.0015132632142922375
359.0 0.001141016764449887
360.0 0.0007687704965064768
361.0 0.0007661227755306754
362.0 0.0007634751455043443
363.0 0.0007609282420162344
364.0 0.0007583812021039193
365.0 0.001019992123474367
366.0 0.0012816031812690198
367.0 0.0015882240404607728
368.0 0.001894844535854645
369.0 0.0016410178432124667
370.0 0.0013871913324692287
371.0 0.0014244616977521218
372.0 0.0014617322449339554
373.0 0.0017945505533134565
374.0 0.0021273688616929576
375.0 0.002832474092429038
376.0 0.003537578959367238
377.0 0.003759450191864744
378.0 0.00398132178816013
379.0 0.0036979439755668864
380.0 0.0034145661629736423
381.0 0.0027673013391904533
382.0 0.002120036879205145
383.0 0.0015917154087219387
384.0 0.0010633940291882027
385.0 0.0008422568498644978
386.0 0.0006211198069649981
387.0 0.00048668007366359234
388.0 0.000352240317624819
389.0 0.00043989157347823493
390.0 0.0005275428065942833
391.0 0.0005172904820938129
392.0 0.0005070381121186074
393.0 0.0005384412361308932
394.0 0.0005698443601431791
395.0 0.0006656392542936374
396.0 0.0007614341029693605
397.0 0.0007876572453824338
398.0 0.0008138802513713017
399.0 0.0009691705599834677
400.0 0.001124461050494574
401.0 0.0014369673408509698
402.0 0.0017494736312073655
403.0 0.0018214508600067347
404.0 0.001893428088806104
405.0 0.001766172681527678
406.0 0.0016389174561481923
407.0 0.001666333082539495
408.0 0.0016937487089307979
409.0 0.0014104112779023126
410.0 0.0011270739378232975
411.0 0.0008369411261810455
412.0 0.0005468081326398533
413.0 0.0008727642125450075
414.0 0.0011987203833996318
415.0 0.0008862328286340926
416.0 0.0005737450010201428
417.0 0.0005984988547425019
418.0 0.0006232526629901258
419.0 0.0003125563353023608
420.0 1.860030174327676e-06
421.0 0.00028100685085519217
422.0 0.0005601536031463183
423.0 7.245909472430867e-06
424.0 2.688533423667039e-10
425.0 2.688533423667039e-10
426.0 2.688533423667039e-10
427.0 0.00013756354064753396
428.0 0.0003529816922309692
429.0 0.000299958924188104
430.0 0.0002469362698320765
431.0 2.688533423667039e-10
432.0 2.688533423667039e-10
433.0 2.688533423667039e-10
434.0 0.0001955080279003596
435.0 6.058461963220907e-05
436.0 2.688533423667039e-10
437.0 0.00017010399915307062
438.0 0.000414546821048134
439.0 0.0006307353942247573
440.0 0.0008469240128761157
441.0 0.0007105774784577079
442.0 0.0005742310804635054
443.0 0.0007066045327519532
444.0 0.000838977939565666
445.0 0.0007249065674841404
446.0 0.0006108351499278797
447.0 0.0006793111879233038
448.0 0.0007477873168681981
449.0 0.0004930836439598352
450.0 0.00023837976641516434
451.0 0.0003262140580773121
452.0 0.00041404832700209226
453.0 0.00010914453696386772
454.0 2.688533423667039e-10
455.0 0.0002722317731240764
456.0 0.0007402229584840825
457.0 0.0003449410769462702
458.0 2.688533423667039e-10
459.0 3.25968812830979e-05
460.0 0.00011553484000614844
461.0 0.00017426283420718391
462.0 0.00023299076019611675
463.0 0.0003858939635392744
464.0 0.0005387971668824321
465.0 0.0007415053914883174
466.0 0.0009442135706194676
467.0 0.0010818799637490883
468.0 0.001219546356878709
469.0 0.0014903344890626613
470.0 0.001761122803145554
471.0 0.00169481172633823
472.0 0.0016285008314298466
473.0 0.0020629926439141855
474.0 0.0024974844563985243
475.0 0.002743991535680834
476.0 0.0029904987968620844
477.0 0.0029508017178159207
478.0 0.0029111044568708166
479.0 0.002948411383840721
480.0 0.0029857183108106256
481.0 0.0036375280615175143
482.0 0.004289337812224403
483.0 0.0040372418879996985
484.0 0.0037851455999771133
485.0 0.0034266824513906613
486.0 0.0030682193028042093
487.0 0.0027332496756571345
488.0 0.0023982804123079404
489.0 0.0022708351025357842
490.0 0.0021433899746625684
491.0 0.0019562896341085434
492.0 0.001769189111655578
493.0 0.001671268546488136
494.0 0.0015733476175228134
495.0 0.0016640336980344728
496.0 0.0017547197785461321
497.0 0.0014104413821769413
498.0 0.0010661631677066907
499.0 0.0016622867406113073
500.0 0.0022584101316169836
501.0 0.0022131915102363564
502.0 0.0021679730707546696
503.0 0.002520690395613201
504.0 0.002873407538572792
505.0 0.00238134634855669
506.0 0.0018892851585405879
507.0 0.001992467514355667
508.0 0.0020956496882718056
509.0 0.00195364591490943
510.0 0.001811642141547054
511.0 0.0019528424672898836
512.0 0.0020940427930327132
513.0 0.0020185341782053
514.0 0.001943025563377887
515.0 0.0016572073946008459
516.0 0.0013713891348743346
517.0 0.0017084952560253441
518.0 0.0020456012862268835
519.0 0.0017509382814751007
520.0 0.0014562752767233178
521.0 0.001360043006570777
522.0 0.0012638105545192957
523.0 0.0014109276889939792
524.0 0.0015580446415697224
525.0 0.0018646342141437344
526.0 0.0021712239686166868
527.0 0.0022679705580230802
528.0 0.0023647169655305333
529.0 0.0026240473744110204
530.0 0.0028833777832915075
531.0 0.0025095207092817873
532.0 0.0021356639990699477
533.0 0.002091767055389937
534.0 0.0020478702936088666
535.0 0.0019506496755639091
536.0 0.0018534290575189516
537.0 0.0017603510059416294
538.0 0.0016672729543643072
539.0 0.00217305187106831
540.0 0.002678830423974432
541.0 0.0034365468309260905
542.0 0.004194262874079868
543.0 0.004379026358947158
544.0 0.0045637898438144475
545.0 0.004442554927663878
546.0 0.004321320011513308
547.0 0.004164665369899012
548.0 0.004008010364486836
549.0 0.003533577182679437
550.0 0.0030591436370741576
551.0 0.0026167312171310186
552.0 0.002174318433389999
553.0 0.0026501673346501775
554.0 0.003126016235910356
555.0 0.003628495687735267
556.0 0.004130974775762297
557.0 0.004337467908044346
558.0 0.004543961040326394
559.0 0.004336264100857079
560.0 0.004128567525185645
561.0 0.004074928801856004
562.0 0.0040212904423242435
563.0 0.0032819592888699844
564.0 0.0025426281354157254
565.0 0.002929038782895077
566.0 0.0033154494303744286
567.0 0.0040278700907947496
568.0 0.00474029038741719
569.0 0.005559408600674942
570.0 0.006378527177730575
571.0 0.00716401482350193
572.0 0.007949503196869045
573.0 0.007645729783689603
574.0 0.007341954915318638
575.0 0.007026346429483965
576.0 0.006710737943649292
577.0 0.006071686948416755
578.0 0.005432635953184217
579.0 0.005231454997556284
580.0 0.005030274041928351
581.0 0.005737525498261675
582.0 0.006444776226999238
583.0 0.00831139404908754
584.0 0.010178010415984318
585.0 0.010922207002295181
586.0 0.011666405771393329
587.0 0.011457144864834845
588.0 0.011247885413467884
589.0 0.01060542999766767
590.0 0.00996297676465474
591.0 0.009107706137001514
592.0 0.008252435509348288
593.0 0.00738136368454434
594.0 0.006510293314931914
595.0 0.00585596208111383
596.0 0.005201631211093627
597.0 0.005297485404298641
598.0 0.005393339597503655
599.0 0.00666340856696479
600.0 0.007933476445032284
601.0 0.009239464270649478
602.0 0.01054545136867091
603.0 0.01068261917680502
604.0 0.01081978771253489
605.0 0.010442998609505594
606.0 0.010066208778880537
607.0 0.00919124940992333
608.0 0.008316287858178839
609.0 0.007115174230420962
610.0 0.005914061694056727
611.0 0.004762406024383381
612.0 0.003610751446103677
613.0 0.003461722008069046
614.0 0.003312692206236534
615.0 0.004049714334541932
616.0 0.00478673646284733
617.0 0.005892998160561547
618.0 0.0069992587668821216
619.0 0.008447826257906854
620.0 0.009896393748931587
621.0 0.010147597640752792
622.0 0.01039880226016976
623.0 0.010528926941333339
624.0 0.01065905235009268
625.0 0.01023822114802897
626.0 0.009817391401156783
627.0 0.007932150037959218
628.0 0.006046908674761653
629.0 0.004880717460764572
630.0 0.0037145258829696104
631.0 0.0029980263207107782
632.0 0.002281527122249827
633.0 0.0025610497687011957
634.0 0.0028405722332536243
635.0 0.0030342143872985616
636.0 0.0032278567232424393
637.0 0.0036757250200025737
638.0 0.004123593316762708
639.0 0.005086286546429619
640.0 0.00604897977609653
641.0 0.005899398092878982
642.0 0.005749816409661435
643.0 0.00551158664165996
644.0 0.005273357237456366
645.0 0.0045453340135281906
646.0 0.0038173107896000147
647.0 0.003480336454231292
648.0 0.0031433628464583308
649.0 0.0024952792955446057
650.0 0.0018471955627319403
651.0 0.0016899624824873172
652.0 0.0015327290384448133
653.0 0.0014158664271235466
654.0 0.0012990037248528097
655.0 0.0013410832252702676
656.0 0.0013831629075866658
657.0 0.0016055510059231892
658.0 0.0018279391952091828
659.0 0.0016245723600150086
660.0 0.0014212056157703046
661.0 0.0015537289073108695
662.0 0.0016862526535987854
663.0 0.001799467827368062
664.0 0.0019126828192383982
665.0 0.0024806020519463345
666.0 0.003048521284654271
667.0 0.0037139499909244478
668.0 0.004379378515295684
669.0 0.005300806515151635
670.0 0.006222234515007585
671.0 0.006716305506415665
672.0 0.007210374315036461
673.0 0.007485913374694064
674.0 0.007761451706755906
675.0 0.0075025964179076254
676.0 0.007243741856655106
677.0 0.006180689524626359
678.0 0.005117636465001851
679.0 0.003923713302356191
680.0 0.0027297895940137096
681.0 0.0017186919649248011
682.0 0.0007075946086843032
683.0 0.0005436637820821488
684.0 0.00037973297821736196
685.0 0.00021000371361878933
686.0 4.0274483126268024e-05
687.0 0.00014754108406123123
688.0 0.0002548076508901431
689.0 0.0004053082193422597
690.0 0.0005558088105317438
691.0 0.0005400786449172301
692.0 0.0005243482974037761
693.0 0.00045596120799018536
694.0 0.00038757398215238936
695.0 0.0004490006631385768
696.0 0.0005104273895994993
697.0 0.0004292996436561225
698.0 0.0003481718522380106
699.0 0.00035874900277121924
700.0 0.0003693263352033682
701.0 0.0004606792572303675
702.0 0.0005520320883078966
703.0 0.0004014766091131605
704.0 0.00025092115265579196
705.0 0.000172552574895235
706.0 9.418392323823355e-05
707.0 0.00017396595239915769
708.0 0.00025374797587573994
709.0 0.0003350750603203778
710.0 0.0004164021447650157
711.0 0.00043579566408880055
712.0 0.00045518904698838014
713.0 0.00019218814486521296
714.0 2.688533423667039e-10
715.0 2.152140012867676e-05
716.0 0.00011385550351405982
717.0 0.00014578270111087477
718.0 0.0001777098191269033
719.0 5.579287289947388e-05
720.0 2.688533423667039e-10
721.0 6.658938218606636e-05
722.0 0.00019930296275560977
723.0 0.0002082100309053203
724.0 0.00021711709905503085
725.0 0.0004827521934203105
726.0 0.0007483871740987524
727.0 0.00037429126678034663
728.0 1.9546448903895453e-07
729.0 0.0001257352892025665
730.0 0.00025127501430688426
731.0 0.00024306702925969148
732.0 0.0002348590442124987
733.0 0.0003198450940544717
734.0 0.00040483128032064997
735.0 0.00018811316522260313
736.0 2.688533423667039e-10
737.0 2.688533423667039e-10
738.0 2.688533423667039e-10
739.0 2.688533423667039e-10
740.0 2.688533423667039e-10
741.0 7.438545139848429e-05
742.0 0.00020140448668826139
743.0 0.00034674908420129213
744.0 0.0004920936135022203
745.0 0.0004385863121569855
746.0 0.0003850789198622806
747.0 0.0004990881734556751
748.0 0.0006130974725238048
749.0 0.0006372672942234203
750.0 0.0006614369794988306
751.0 0.0006095049684518017
752.0 0.0005575730028795078
753.0 0.00046049804041103926
754.0 0.00036342312341730576
755.0 0.0005450976004794938
756.0 0.000726772123016417
757.0 0.0005228377631283365
758.0 0.00031890338050288847
759.0 0.00019510864603944356
760.0 7.131390589165676e-05
761.0 0.00037739137042080984
762.0 0.0006834686246293131
763.0 0.0006642801054113079
764.0 0.0006450912223954219
765.0 0.0003978826498496346
766.0 0.00015067408867253107
767.0 0.00035121395285386825
768.0 0.0005517537829291541
769.0 0.00023694931314821588
770.0 2.688533423667039e-10
771.0 8.513517286701244e-05
772.0 0.00024812554784148233
773.0 0.00043186482798773795
774.0 0.0006156042672955664
775.0 0.0001510837591922609
776.0 2.688533423667039e-10
777.0 2.688533423667039e-10
778.0 2.688533423667039e-10
779.0 0.0005041729764343472
780.0 0.0011518830433487892
781.0 0.0009501937711320352
782.0 0.0007485042260668706
783.0 0.0005096232143841917
784.0 0.00027074222543888027
785.0 0.00015937662283249665
786.0 4.80109918044036e-05
787.0 0.00018262899175169878
788.0 0.00031724691780254943
789.0 0.00027669552764564287
790.0 0.0002361439328524284
791.0 0.0003789285756283789
792.0 0.0005217131729295943
793.0 0.0007342959634115687
794.0 0.0009468786629440729
795.0 0.0007967476449266542
796.0 0.0006466165359597653
797.0 0.0007689149242651183
798.0 0.000891213130671531
799.0 0.0007224275577755179
800.0 0.00055364203035424
801.0 0.0008397416422667447
802.0 0.0011258413906034548
803.0 0.001009981679089833
804.0 0.0008941219675762113
805.0 0.0006519425369333476
806.0 0.00040976315176521894
807.0 2.688533423667039e-10
808.0 2.688533423667039e-10
809.0 0.00018414699525237666
810.0 0.0009194091035169549
811.0 0.0007392301085928921
812.0 0.0005590511136688292
813.0 0.00042911756281682756
814.0 0.00029918387554062065
815.0 0.0003291772600277909
816.0 0.0003591705080907559
817.0 0.0004559923581837211
818.0 0.000552814071852481
819.0 0.0005733689249609597
820.0 0.0005939238235441735
821.0 0.000901716612133896
822.0 0.0012095094461983535
823.0 0.0009531419891573023
824.0 0.0006967748959141318
825.0 0.0010365060916228686
826.0 0.0013762372873316053
827.0 0.000702188071954879
828.0 2.813885089381074e-05
829.0 0.0003091882490480202
830.0 0.0005902376869926229
831.0 0.0005881472134205978
832.0 0.0005860567853233078
833.0 0.0006841024514869787
834.0 0.0007821479812264442
835.0 0.0006832437975390349
836.0 0.0005843396593263606
837.0 0.0003753481223611743
838.0 0.0001663564944465179
839.0 0.0003703880565808504
840.0 0.0005744195277657127
841.0 0.000756192594053573
842.0 0.0009379657967656385
843.0 0.0009654550012783147
844.0 0.0009929443876899313
845.0 0.0007391676717816154
846.0 0.0004853910013480345
847.0 0.0008235828317992855
848.0 0.0011617747986747418
849.0 0.0011569561138458084
850.0 0.001152137429016875
851.0 0.0007492461008951068
852.0 0.0003463546818238683
853.0 0.0004387777153169736
854.0 0.0005312008397595491
855.0 0.0007043181540211663
856.0 0.000877435286383843
857.0 0.0008031989636947401
858.0 0.0007289624591066968
859.0 0.0006610000127693638
860.0 0.000593037657381501
861.0 0.0007207874205050757
862.0 0.00084853700172971
863.0 0.0012800623153452761
864.0 0.0017115873561124317
865.0 0.0019616067220340483
866.0 0.002211625724157784
867.0 0.0024564418708905578
868.0 0.0027012580176233314
869.0 0.0027379917810321786
870.0 0.0027747253625420853
871.0 0.0030979044822743163
872.0 0.003421083602006547
873.0 0.0030949882784625515
874.0 0.0027688927730196156
875.0 0.0026859981517191045
876.0 0.0026031031666207127
