latiss/transmission_sensor/rxx_s00/19700101T000000.ecsv
# %ECSV 1.0
# ---
# datatype:
# - {name: amp_name, datatype: string}
# - {name: wavelength, unit: nm, datatype: float32}
# - {name: efficiency, unit: '%', datatype: float32}
# meta: !!omap
# - {MODE: AMP}
# - {TYPE: transmission_sensor}
# - {CALIBDATE: '1970-01-01T00:00:00'}
# - {INSTRUME: LATISS}
# - {OBSTYPE: transmission_sensor}
# - {DETECTOR: 0}
# - {CALIBCLS: lsst.ip.isr.IntermediateSensorTransmissionCurve}
# - {SOURCE: ITL-3800C-068_QE.fits}
# - {CALIB_ID: 'raftName=rxx detectorName=s00 detector=0 calibDate=1970-01-01T00:00:00 ccd=0 ccdnum=0 filter=None'}
# - {DATE: '2023-07-13T01:38:51.835190'}
# - {CALIB_CREATION_DATE: '2023-07-13'}
# - {CALIB_CREATION_TIME: '01:38:51'}
# - __serialized_columns__:
#     efficiency:
#       __class__: astropy.units.quantity.Quantity
#       unit: !astropy.units.Unit {unit: '%'}
#       value: !astropy.table.SerializedColumn {name: efficiency}
#     wavelength:
#       __class__: astropy.units.quantity.Quantity
#       unit: !astropy.units.Unit {unit: nm}
#       value: !astropy.table.SerializedColumn {name: wavelength}
# schema: astropy-2.0
amp_name wavelength efficiency
C00 320.006 49.30967
C00 330.007 55.10519
C00 350.009 64.655205
C00 369.992 72.33718
C00 400.003 82.281456
C00 430.017 83.56775
C00 450.001 83.46626
C00 469.985 84.11454
C00 500.015 85.12365
C00 550.014 88.020004
C00 570.005 89.33779
C00 600.002 91.59679
C00 630.01 93.162636
C00 650.006 93.98269
C00 669.99 94.773964
C00 700.013 95.39908
C00 719.994 95.829056
C00 750.0 96.04513
C00 770.007 96.02625
C00 800.002 95.84267
C00 830.004 95.34766
C00 869.988 91.27711
C00 900.005 86.10082
C00 919.996 79.88078
C00 959.985 59.92979
C00 1000.008 32.684017
C00 1029.997 17.237259
C00 1050.013 9.818704
C00 1080.004 7.44419
C00 1100.009 22.73839
C01 320.006 49.871998
C01 330.007 55.7446
C01 350.009 65.48268
C01 369.992 73.297844
C01 400.003 82.943634
C01 430.017 83.869965
C01 450.001 83.78319
C01 469.985 84.31124
C01 500.015 85.03331
C01 550.014 87.6812
C01 570.005 88.96831
C01 600.002 91.229324
C01 630.01 92.85382
C01 650.006 93.67928
C01 669.99 94.462746
C01 700.013 95.08885
C01 719.994 95.50574
C01 750.0 95.726295
C01 770.007 95.68576
C01 800.002 95.49215
C01 830.004 95.03867
C01 869.988 90.98154
C01 900.005 86.01967
C01 919.996 79.796394
C01 959.985 59.778107
C01 1000.008 32.61167
C01 1029.997 17.084215
C01 1050.013 9.669589
C01 1080.004 7.218734
C01 1100.009 22.16021
C02 320.006 50.17631
C02 330.007 56.071922
C02 350.009 65.9747
C02 369.992 74.0975
C02 400.003 83.519966
C02 430.017 84.28021
C02 450.001 83.9554
C02 469.985 84.423515
C02 500.015 85.24047
C02 550.014 87.96316
C02 570.005 89.25575
C02 600.002 91.512474
C02 630.01 93.091995
C02 650.006 93.93032
C02 669.99 94.740616
C02 700.013 95.38039
C02 719.994 95.81168
C02 750.0 96.059685
C02 770.007 96.03838
C02 800.002 95.86864
C02 830.004 95.394356
C02 869.988 91.361115
C02 900.005 86.32208
C02 919.996 80.0658
C02 959.985 60.09968
C02 1000.008 32.79665
C02 1029.997 17.352768
C02 1050.013 9.87268
C02 1080.004 7.460895
C02 1100.009 22.74681
C03 320.006 50.137875
C03 330.007 56.03074
C03 350.009 66.01088
C03 369.992 74.35214
C03 400.003 83.79539
C03 430.017 84.44648
C03 450.001 84.04559
C03 469.985 84.45668
C03 500.015 85.20114
C03 550.014 87.83165
C03 570.005 89.08155
C03 600.002 91.331795
C03 630.01 92.89827
C03 650.006 93.73775
C03 669.99 94.5476
C03 700.013 95.18355
C03 719.994 95.62342
C03 750.0 95.877174
C03 770.007 95.8645
C03 800.002 95.69685
C03 830.004 95.2111
C03 869.988 91.169014
C03 900.005 86.02231
C03 919.996 79.82174
C03 959.985 59.90684
C03 1000.008 32.65472
C03 1029.997 17.25958
C03 1050.013 9.809487
C03 1080.004 7.4324627
C03 1100.009 22.666296
C04 320.006 50.36619
C04 330.007 56.28715
C04 350.009 66.403595
C04 369.992 74.988594
C04 400.003 84.378044
C04 430.017 84.86752
C04 450.001 84.4088
C04 469.985 84.74666
C04 500.015 85.414856
C04 550.014 87.946205
C04 570.005 89.18095
C04 600.002 91.39906
C04 630.01 92.95196
C04 650.006 93.7833
C04 669.99 94.592224
C04 700.013 95.23817
C04 719.994 95.68298
C04 750.0 95.94354
C04 770.007 95.93546
C04 800.002 95.77753
C04 830.004 95.3057
C04 869.988 91.28795
C04 900.005 86.13022
C04 919.996 79.9398
C04 959.985 60.11957
C04 1000.008 32.773514
C04 1029.997 17.312319
C04 1050.013 9.8433
C04 1080.004 7.4527535
C04 1100.009 22.741806
C05 320.006 49.92413
C05 330.007 55.783928
C05 350.009 65.90349
C05 369.992 74.68639
C05 400.003 84.27001
C05 430.017 84.79333
C05 450.001 84.30841
C05 469.985 84.6317
C05 500.015 85.268295
C05 550.014 87.72972
C05 570.005 88.940895
C05 600.002 91.13761
C05 630.01 92.69286
C05 650.006 93.52002
C05 669.99 94.33961
C05 700.013 94.99515
C05 719.994 95.45308
C05 750.0 95.72208
C05 770.007 95.729
C05 800.002 95.592354
C05 830.004 95.15073
C05 869.988 91.20345
C05 900.005 86.18744
C05 919.996 80.08692
C05 959.985 60.3441
C05 1000.008 32.969944
C05 1029.997 17.36384
C05 1050.013 9.907245
C05 1080.004 7.4840107
C05 1100.009 22.749695
C06 320.006 49.765102
C06 330.007 55.59632
C06 350.009 65.75535
C06 369.992 74.76958
C06 400.003 84.59562
C06 430.017 85.155365
C06 450.001 84.65236
C06 469.985 84.96557
C06 500.015 85.56963
C06 550.014 88.00564
C06 570.005 89.2042
C06 600.002 91.38164
C06 630.01 92.93416
C06 650.006 93.775055
C06 669.99 94.58678
C06 700.013 95.27038
C06 719.994 95.73289
C06 750.0 96.02494
C06 770.007 96.03942
C06 800.002 95.91673
C06 830.004 95.510994
C06 869.988 91.59338
C06 900.005 86.831566
C06 919.996 80.791916
C06 959.985 60.54009
C06 1000.008 33.153168
C06 1029.997 17.419712
C06 1050.013 9.978883
C06 1080.004 7.52583
C06 1100.009 22.838934
C07 320.006 48.833225
C07 330.007 54.510036
C07 350.009 64.52466
C07 369.992 73.73201
C07 400.003 84.1451
C07 430.017 84.91837
C07 450.001 84.44803
C07 469.985 84.7909
C07 500.015 85.41061
C07 550.014 87.844444
C07 570.005 88.99198
C07 600.002 91.135185
C07 630.01 92.67758
C07 650.006 93.52422
C07 669.99 94.353615
C07 700.013 95.07107
C07 719.994 95.545815
C07 750.0 95.88863
C07 770.007 95.91241
C07 800.002 95.82862
C07 830.004 95.437775
C07 869.988 91.56666
C07 900.005 87.04595
C07 919.996 81.029755
C07 959.985 60.290405
C07 1000.008 33.151157
C07 1029.997 17.398579
C07 1050.013 10.018593
C07 1080.004 7.545131
C07 1100.009 22.843
C10 320.006 48.4846
C10 330.007 54.150154
C10 350.009 63.61029
C10 369.992 71.565895
C10 400.003 82.28446
C10 430.017 83.80056
C10 450.001 83.72063
C10 469.985 84.37552
C10 500.015 85.400246
C10 550.014 88.34018
C10 570.005 89.64802
C10 600.002 91.89899
C10 630.01 93.474396
C10 650.006 94.32227
C10 669.99 95.15054
C10 700.013 95.811356
C10 719.994 96.2593
C10 750.0 96.53145
C10 770.007 96.52173
C10 800.002 96.38966
C10 830.004 95.93909
C10 869.988 91.91936
C10 900.005 87.11384
C10 919.996 80.97006
C10 959.985 60.65722
C10 1000.008 33.035164
C10 1029.997 17.528696
C10 1050.013 9.906817
C10 1080.004 7.528527
C10 1100.009 22.90845
C11 320.006 48.521122
C11 330.007 54.22539
C11 350.009 63.76333
C11 369.992 71.78639
C11 400.003 82.43096
C11 430.017 83.864395
C11 450.001 83.751434
C11 469.985 84.362885
C11 500.015 85.3308
C11 550.014 88.24202
C11 570.005 89.55056
C11 600.002 91.83489
C11 630.01 93.42007
C11 650.006 94.27139
C11 669.99 95.11083
C11 700.013 95.758026
C11 719.994 96.2244
C11 750.0 96.48741
C11 770.007 96.475044
C11 800.002 96.34869
C11 830.004 95.90071
C11 869.988 91.897896
C11 900.005 87.227844
C11 919.996 81.07294
C11 959.985 60.651417
C11 1000.008 32.982677
C11 1029.997 17.463648
C11 1050.013 9.82616
C11 1080.004 7.375953
C11 1100.009 22.502628
C12 320.006 48.838917
C12 330.007 54.556282
C12 350.009 64.233246
C12 369.992 72.48989
C12 400.003 83.01643
C12 430.017 84.2758
C12 450.001 84.05991
C12 469.985 84.60378
C12 500.015 85.500656
C12 550.014 88.3168
C12 570.005 89.615486
C12 600.002 91.90269
C12 630.01 93.50179
C12 650.006 94.35688
C12 669.99 95.1829
C12 700.013 95.85873
C12 719.994 96.30961
C12 750.0 96.589485
C12 770.007 96.585464
C12 800.002 96.460495
C12 830.004 96.024734
C12 869.988 92.05585
C12 900.005 87.41673
C12 919.996 81.279076
C12 959.985 60.872818
C12 1000.008 33.26066
C12 1029.997 17.688147
C12 1050.013 9.99387
C12 1080.004 7.5632977
C12 1100.009 22.93954
C13 320.006 48.01224
C13 330.007 53.64719
C13 350.009 63.280525
C13 369.992 71.71113
C13 400.003 82.68337
C13 430.017 84.068115
C13 450.001 83.85855
C13 469.985 84.38551
C13 500.015 85.26288
C13 550.014 88.038155
C13 570.005 89.34253
C13 600.002 91.63681
C13 630.01 93.227005
C13 650.006 94.08637
C13 669.99 94.9244
C13 700.013 95.597626
C13 719.994 96.06668
C13 750.0 96.35235
C13 770.007 96.35838
C13 800.002 96.233315
C13 830.004 95.80645
C13 869.988 91.861244
C13 900.005 87.24813
C13 919.996 81.12457
C13 959.985 60.671265
C13 1000.008 33.170757
C13 1029.997 17.66381
C13 1050.013 9.97327
C13 1080.004 7.5510697
C13 1100.009 22.904928
C14 320.006 49.052227
C14 330.007 54.81912
C14 350.009 64.7211
C14 369.992 73.292984
C14 400.003 83.44862
C14 430.017 84.46479
C14 450.001 84.151276
C14 469.985 84.60426
C14 500.015 85.395744
C14 550.014 88.10208
C14 570.005 89.38432
C14 600.002 91.66421
C14 630.01 93.25028
C14 650.006 94.12064
C14 669.99 94.94062
C14 700.013 95.61924
C14 719.994 96.08286
C14 750.0 96.36778
C14 770.007 96.366516
C14 800.002 96.23164
C14 830.004 95.8112
C14 869.988 91.88357
C14 900.005 87.29418
C14 919.996 81.13358
C14 959.985 60.576096
C14 1000.008 33.1354
C14 1029.997 17.646873
C14 1050.013 9.973184
C14 1080.004 7.5515647
C14 1100.009 22.888588
C15 320.006 49.570534
C15 330.007 55.399986
C15 350.009 65.47111
C15 369.992 74.21399
C15 400.003 84.05376
C15 430.017 84.76441
C15 450.001 84.344765
C15 469.985 84.70837
C15 500.015 85.406876
C15 550.014 88.00778
C15 570.005 89.26889
C15 600.002 91.51651
C15 630.01 93.09512
C15 650.006 93.94973
C15 669.99 94.775635
C15 700.013 95.44725
C15 719.994 95.90848
C15 750.0 96.19209
C15 770.007 96.19772
C15 800.002 96.07683
C15 830.004 95.645615
C15 869.988 91.80857
C15 900.005 87.31085
C15 919.996 81.11066
C15 959.985 60.483913
C15 1000.008 33.14432
C15 1029.997 17.644749
C15 1050.013 10.039565
C15 1080.004 7.5553823
C15 1100.009 22.88046
C16 320.006 49.49374
C16 330.007 55.301563
C16 350.009 65.41107
C16 369.992 74.291214
C16 400.003 84.17182
C16 430.017 84.85274
C16 450.001 84.39736
C16 469.985 84.73785
C16 500.015 85.40125
C16 550.014 87.951065
C16 570.005 89.18897
C16 600.002 91.41368
C16 630.01 92.98209
C16 650.006 93.83518
C16 669.99 94.66405
C16 700.013 95.340454
C16 719.994 95.80862
C16 750.0 96.10015
C16 770.007 96.114494
C16 800.002 96.01107
C16 830.004 95.5832
C16 869.988 91.87695
C16 900.005 87.420715
C16 919.996 81.188095
C16 959.985 60.363937
C16 1000.008 33.18709
C16 1029.997 17.663683
C16 1050.013 10.100011
C16 1080.004 7.5708756
C16 1100.009 22.880123
C17 320.006 48.94351
C17 330.007 54.651882
C17 350.009 64.667145
C17 369.992 73.72846
C17 400.003 84.058624
C17 430.017 84.886444
C17 450.001 84.459435
C17 469.985 84.819664
C17 500.015 85.47483
C17 550.014 87.990456
C17 570.005 89.19795
C17 600.002 91.367165
C17 630.01 92.9241
C17 650.006 93.7888
C17 669.99 94.61254
C17 700.013 95.3238
C17 719.994 95.790215
C17 750.0 96.12846
C17 770.007 96.14557
C17 800.002 96.07356
C17 830.004 95.66254
C17 869.988 92.02185
C17 900.005 87.57916
C17 919.996 81.43058
C17 959.985 60.345715
C17 1000.008 33.272667
C17 1029.997 17.701906
C17 1050.013 10.202736
C17 1080.004 7.616803
C17 1100.009 22.9556
