lsstCam/transmission_filter_detector/r34_s02/r_57/19700101T000000.ecsv
# %ECSV 1.0
# ---
# datatype:
# - {name: wavelength, unit: nm, datatype: float32}
# - {name: efficiency, unit: '%', datatype: float64}
# meta: !!omap
# - {MODE: DETECTOR}
# - {TYPE: transmission_filter_detector}
# - {CALIBDATE: '1970-01-01T00:00:00'}
# - {INSTRUME: LSSTCam}
# - {OBSTYPE: transmission_filter_detector}
# - {CALIBCLS: lsst.ip.isr.IntermediateFilterDetectorTransmissionCurve}
# - {SOURCE: Materion (DM-46256)}
# - {DETECTOR: 155}
# - {FILTER: r_57}
# - {CALIB_ID: 'calibDate=1970-01-01T00:00:00 filter=r_57 detector=155'}
# - {DATE: '2025-04-02T15:59:44.902107'}
# - {CALIB_CREATION_DATE: '2025-04-02'}
# - {CALIB_CREATION_TIME: '15:59:44'}
# - __serialized_columns__:
#     efficiency:
#       __class__: astropy.units.quantity.Quantity
#       unit: !astropy.units.Unit {unit: '%'}
#       value: !astropy.table.SerializedColumn {name: efficiency}
#     wavelength:
#       __class__: astropy.units.quantity.Quantity
#       unit: !astropy.units.Unit {unit: nm}
#       value: !astropy.table.SerializedColumn {name: wavelength}
# schema: astropy-2.0
wavelength efficiency
[from data line 603]
903.0 3.737478380116954e-05
904.0 2.8549260377985775e-05
905.0 1.972373837588748e-05
906.0 0.0001233261173183564
907.0 0.0002269285232614493
908.0 0.00021000516881031217
909.0 0.0001930817916218075
910.0 7.522690452788083e-05
911.0 1.7150305698168666e-10
912.0 6.323582510958659e-05
913.0 0.00016909965552258654
914.0 0.00011661953749353415
915.0 6.413941946448176e-05
916.0 7.629305400769226e-05
917.0 8.844668286656088e-05
918.0 0.00015550998568869545
919.0 0.0002225732941951719
920.0 0.00021467915303219343
921.0 0.00020678503460658249
922.0 0.00023598367988597602
923.0 0.0002651823479027371
924.0 0.00025628528419474605
925.0 0.000247388220486755
926.0 0.00019566246010072064
927.0 0.00014393669971468626
928.0 0.00010391968316980638
929.0 6.390265525624272e-05
930.0 0.00016004024701032904
931.0 0.00025617780465836404
932.0 0.0002285594746354036
933.0 0.0002009411673498107
934.0 0.00014893206525812275
935.0 9.69229972724861e-05
936.0 9.828908105191658e-05
937.0 9.965511935661198e-05
938.0 0.00011892528846146888
939.0 0.00013819543482895824
940.0 0.00010852006653294666
941.0 7.884465276219998e-05
942.0 0.00021096784621477127
943.0 0.0003430910282986588
944.0 0.00028117772217228776
945.0 0.00021926443878328428
946.0 0.0004091487880941713
947.0 0.0005990331374050584
948.0 0.0004171462478552712
949.0 0.00023525949472968932
950.0 0.00039707542782707606
951.0 0.000558891451873933
952.0 0.0006837001819803845
953.0 0.0008085090485110413
954.0 0.0009247829439118505
955.0 0.0010410570212116
956.0 0.0011568971785891335
957.0 0.001272737245017197
958.0 0.0015529609299846925
959.0 0.001833184614952188
960.0 0.001946786323969718
961.0 0.002060388032987248
962.0 0.002190166742366273
963.0 0.002319945087947417
964.0 0.00229247089009732
965.0 0.002264996692247223
966.0 0.0022974805688136257
967.0 0.0023299644453800283
968.0 0.0022641750547336414
969.0 0.002198385845986195
970.0 0.0022750105927116238
971.0 0.002351635521335993
972.0 0.00249584572884487
973.0 0.0026400563001516275
974.0 0.002894812496379018
975.0 0.0031495688745053485
976.0 0.0031714433134766296
977.0 0.0031933177524479106
978.0 0.0032830561394803226
979.0 0.0033727948903106153
980.0 0.0033597276342334226
981.0 0.003346660014358349
982.0 0.003339053728268482
983.0 0.0033314474421786144
984.0 0.0032017112971516326
985.0 0.0030719751521246508
986.0 0.0029519544114009477
987.0 0.0028319336706772447
988.0 0.002806220618367661
989.0 0.0027805079298559576
990.0 0.0028277450837776996
991.0 0.0028749820558005013
992.0 0.0027912472432944924
993.0 0.002707512612687424
994.0 0.002737612339842599
995.0 0.002767712066997774
996.0 0.002786225923046004
997.0 0.0028047399609931745
998.0 0.002933768519142177
999.0 0.00306279725919012
1000.0 0.0031281386327464134
1001.0 0.003193480006302707
1002.0 0.0034156117180828005
1003.0 0.0036377430660650134
1004.0 0.0037546207749983296
1005.0 0.0038714984839316458
1006.0 0.004047490801895037
1007.0 0.0042234834836563095
1008.0 0.004270912540960126
1009.0 0.004318341598263942
1010.0 0.004300029104342684
1011.0 0.004281717338017188
1012.0 0.004271921716281213
1013.0 0.004262125730747357
1014.0 0.004044190791319124
1015.0 0.003826255851890892
1016.0 0.003474793993518688
1017.0 0.0031233321351464838
1018.0 0.002818736174958758
1019.0 0.0025141402147710323
1020.0 0.0022473550416179933
1021.0 0.001980569868464954
1022.0 0.001677722502790857
1023.0 0.0013748749552178197
1024.0 0.0012981530744582415
1025.0 0.0012214311936986633
1026.0 0.0010937208571704105
1027.0 0.000966010702541098
1028.0 0.0009167203643301036
1029.0 0.0008674302080180496
1030.0 0.0009091032552532852
1031.0 0.0009507764843874611
1032.0 0.0009120734830503352
1033.0 0.0008733703907637391
1034.0 0.0007762535460642539
1035.0 0.0006791364285163581
1036.0 0.0007135344276321121
1037.0 0.000747932426747866
1038.0 0.0007832431947463192
1039.0 0.0008185538717953023
1040.0 0.000774615637055831
1041.0 0.0007306772658921545
1042.0 0.000744335329727619
1043.0 0.0007579933480883483
1044.0 0.0008684941349201836
1045.0 0.0009789951036509592
1046.0 0.0009600398698239587
1047.0 0.0009410847269464284
1048.0 0.0008977604011306539
1049.0 0.0008544362572138198
1050.0 0.0010586530152068008
1051.0 0.0012628696822503116
1052.0 0.001118613454309525
1053.0 0.0009743566806719173
1054.0 0.0008576846994401421
1055.0 0.0007410125817841617
1056.0 0.0007471412573067937
1057.0 0.0007532699783041608
1058.0 0.0009271387170883827
1059.0 0.0011010072739736643
1060.0 0.001164274726761505
1061.0 0.0012275419976504054
1062.0 0.0013175822459743358
1063.0 0.0014076221305003855
1064.0 0.0012277222595002968
1065.0 0.0010478221156517975
1066.0 0.0014071962141315453
1067.0 0.001766570312611293
1068.0 0.0019358409190317616
1069.0 0.0021051113435532898
1070.0 0.0021571921024587937
1071.0 0.0022092728613642976
1072.0 0.00207813845918281
1073.0 0.0019470040570013225
1074.0 0.0022183112378115766
1075.0 0.0024896184186218306
1076.0 0.0026277111828676425
1077.0 0.002765803765214514
1078.0 0.0031022336770547554
1079.0 0.003438663770793937
1080.0 0.003954990461352281
1081.0 0.004471316424314864
1082.0 0.004228590842103586
1083.0 0.0039858648960944265
1084.0 0.004335358607931994
1085.0 0.004684851955971681
1086.0 0.004689732668339275
1087.0 0.004694613016908988
1088.0 0.004497532790992409
1089.0 0.00430045292887371
1090.0 0.0035550623579183593
1091.0 0.002809672150760889
1092.0 0.0038665730244247243
1093.0 0.0049234738980885595
1094.0 0.00454684704891406
1095.0 0.0041702201997395605
1096.0 0.0036050380003871396
1097.0 0.00303985652863048
1098.0 0.0037266159779392183
1099.0 0.004413375791045837
1100.0 0.0038346224755514413
1101.0 0.0032558695238549262
