lsstCam/transmission_filter_detector/r34_s02/r_57/19700101T000000.ecsv
# %ECSV 1.0
# ---
# datatype:
# - {name: wavelength, unit: nm, datatype: float32}
# - {name: efficiency, unit: '%', datatype: float64}
# meta: !!omap
# - {MODE: DETECTOR}
# - {TYPE: transmission_filter_detector}
# - {CALIBDATE: '1970-01-01T00:00:00'}
# - {INSTRUME: LSSTCam}
# - {OBSTYPE: transmission_filter_detector}
# - {CALIBCLS: lsst.ip.isr.IntermediateFilterDetectorTransmissionCurve}
# - {SOURCE: Materion (DM-46256)}
# - {DETECTOR: 155}
# - {FILTER: r_57}
# - {CALIB_ID: 'calibDate=1970-01-01T00:00:00 filter=r_57 detector=155'}
# - {DATE: '2025-04-02T15:59:44.902107'}
# - {CALIB_CREATION_DATE: '2025-04-02'}
# - {CALIB_CREATION_TIME: '15:59:44'}
# - __serialized_columns__:
#     efficiency:
#       __class__: astropy.units.quantity.Quantity
#       unit: !astropy.units.Unit {unit: '%'}
#       value: !astropy.table.SerializedColumn {name: efficiency}
#     wavelength:
#       __class__: astropy.units.quantity.Quantity
#       unit: !astropy.units.Unit {unit: nm}
#       value: !astropy.table.SerializedColumn {name: wavelength}
# schema: astropy-2.0
wavelength efficiency
300.0 0.0035259974538348615
301.0 0.00901402672752738
302.0 0.014502057456411421
303.0 0.017776094318833202
304.0 0.02105012972606346
305.0 0.018723835819400847
306.0 0.016397541912738234
307.0 0.014805805403739214
308.0 0.013214070349931717
309.0 0.011662110773613676
310.0 0.010110151924891397
311.0 0.009038293501362205
312.0 0.007966436533024535
313.0 0.007350969826802611
314.0 0.0067355038481764495
315.0 0.0062541046645492315
316.0 0.005772705117124133
317.0 0.005795715333078988
318.0 0.005818726276629604
319.0 0.00544558024557773
320.0 0.005072435305919498
321.0 0.00490907950734254
322.0 0.004745724072563462
323.0 0.004418094613356516
324.0 0.004090464426553808
325.0 0.0038741716707590967
326.0 0.003657879278762266
327.0 0.0036926365282852203
328.0 0.003727394505403936
329.0 0.003757135709747672
330.0 0.0037868765502935275
331.0 0.0034913875424535945
332.0 0.0031958985346136615
333.0 0.0028607226340682246
334.0 0.0025255465516238473
335.0 0.00233487462537596
336.0 0.0021442026991280727
337.0 0.0019406897990847938
338.0 0.0017371767171425745
339.0 0.0016285202946164645
340.0 0.0015198637811408844
341.0 0.0014867641766613815
342.0 0.0014536644812324084
343.0 0.0014626578376919497
344.0 0.001471651194151491
345.0 0.0014453566109295934
346.0 0.0014190621186571661
347.0 0.001366275864711497
348.0 0.001313489701715298
349.0 0.0012548511222121306
350.0 0.003238448334741406
351.0 0.005368715937947854
352.0 0.007498983177356422
353.0 0.00699003940098919
354.0 0.0064810956246219575
355.0 0.00506438736920245
356.0 0.0036476791137829423
357.0 0.003953165287384763
358.0 0.004258651824784465
359.0 0.003809313420788385
360.0 0.003359974652994424
361.0 0.002847987343557179
362.0 0.002336000034119934
363.0 0.0026445224648341537
364.0 0.002953045259346254
365.0 0.002591670818219427
366.0 0.0022302963770926
367.0 0.0028101765565224923
368.0 0.0033900567359523848
369.0 0.0034371012588962913
370.0 0.0034841450542444363
371.0 0.003689721052069217
372.0 0.003895296686096117
373.0 0.003107495285803452
374.0 0.0023196938855107874
375.0 0.0015082077879924327
376.0 0.0006967215995246079
377.0 0.0015419625924550928
378.0 0.002387203676335048
379.0 0.0020603107259375975
380.0 0.0017334179574390873
381.0 0.0021966841813991778
382.0 0.002659950769157149
383.0 0.003600040145101957
384.0 0.004540129521046765
385.0 0.005208483344176784
386.0 0.0058768368035089225
387.0 0.005122217771713622
388.0 0.004367598739918321
389.0 0.003580254633561708
390.0 0.002792910163407214
391.0 0.002278873034811113
392.0 0.0017648362700128928
393.0 0.0018386754163657315
394.0 0.001912514926516451
395.0 0.001709518619463779
396.0 0.0015065224943100475
397.0 0.0011050950888602529
398.0 0.0007036677743599284
399.0 0.0007440299214067636
400.0 0.0007843921594030689
401.0 0.0007670737431908492
402.0 0.0007497552360291593
403.0 0.0007236425517476164
404.0 0.0006975300948397489
405.0 0.0011630253538896795
406.0 0.0016285206584143452
407.0 0.0016866984879015945
408.0 0.0017448763173888437
409.0 0.001253106165677309
410.0 0.0007613362413394498
411.0 0.001062541559804231
412.0 0.0013637470146932174
413.0 0.0016710364434402436
414.0 0.0019783261450356804
415.0 0.0020620876966859214
416.0 0.0021458492483361624
417.0 0.0018305436242371798
418.0 0.001515237909188727
419.0 0.002136828697985038
420.0 0.002758419213932939
421.0 0.004381090184324421
422.0 0.006003760790918022
423.0 0.009808388858800754
424.0 0.013613015471491963
425.0 0.01752089010551572
426.0 0.02142876328434795
427.0 0.02154013345716521
428.0 0.021651506540365517
429.0 0.017006169946398586
430.0 0.012360831897240132
431.0 0.008739952318137512
432.0 0.005119071647641249
433.0 0.004133743277634494
434.0 0.0031484152714256197
435.0 0.0025906403607223183
436.0 0.002032865631917957
437.0 0.0014237106370273978
438.0 0.0008145559149852488
439.0 0.0009413099178345874
440.0 0.0010680637387849856
441.0 0.0011860187441925518
442.0 0.0013039738405495882
443.0 0.001538797005196102
444.0 0.0017736199879436754
445.0 0.0016059862900874577
446.0 0.0014383529560291208
447.0 0.0014196820302458946
448.0 0.0014010111044626683
449.0 0.0016546637198189273
450.0 0.0019083163351751864
451.0 0.0019229693862143904
452.0 0.001937622255354654
453.0 0.001916295695991721
454.0 0.0018949687728309073
455.0 0.001630201586522162
456.0 0.0013654347640112974
457.0 0.0011774967788369395
458.0 0.000989558520814171
459.0 0.001137881918111816
460.0 0.001286205315409461
461.0 0.0018064349205815233
462.0 0.0023266644348041154
463.0 0.0033319323847535998
464.0 0.0043372005166020244
465.0 0.005436368883238174
466.0 0.006535536522278562
467.0 0.006943197513464838
468.0 0.007350857777055353
469.0 0.0063013336330186576
470.0 0.005251809488981962
471.0 0.003969524186686613
472.0 0.002687238338694442
473.0 0.0019338174752192572
474.0 0.0011803962479461916
475.0 0.0008565820280637126
476.0 0.0005327677627064986
477.0 0.000701114413459436
478.0 0.0008694611096871085
479.0 0.0008163176971720532
480.0 0.0007631742846569978
481.0 0.000644117062620353
482.0 0.0005250598405837081
483.0 0.0006171082532091532
484.0 0.0007091567113093333
485.0 0.0007642093805770855
486.0 0.0008192620953195728
487.0 0.0006005379873386119
488.0 0.0003818138793576509
489.0 0.0005998566848575138
490.0 0.0008178994903573766
491.0 0.0008601929039286915
492.0 0.0009024864993989468
493.0 0.0009635592505219392
494.0 0.001024632092594402
495.0 0.0010727610060712323
496.0 0.0011208898285985924
497.0 0.0011671713764371816
498.0 0.0012134529242757708
499.0 0.0012615029845619574
500.0 0.0013095533176965546
501.0 0.001420297303411644
502.0 0.0015310411981772631
503.0 0.0019821598471025936
504.0 0.002433278496027924
505.0 0.0029972266929689795
506.0 0.003561174889910035
507.0 0.004322736640460789
508.0 0.005084298391011544
509.0 0.00540772671229206
510.0 0.005731155033572577
511.0 0.005274984141578898
512.0 0.004818813249585219
513.0 0.004044540037284605
514.0 0.0032702668249839917
515.0 0.0030810242606094107
516.0 0.0028917816962348297
517.0 0.00293813573080115
518.0 0.00298448940156959
519.0 1.7150305698168666e-10
520.0 0.03426453040447086
521.0 0.11578539852052927
522.0 0.10108053684234619
523.0 0.09844729211181402
524.0 0.08092126809060574
525.0 0.08584962342865765
526.0 0.13022507773712277
527.0 0.13485668459907174
528.0 0.1178224803879857
529.0 0.15236790059134364
530.0 0.17698019510135055
531.0 0.2348032547160983
532.0 0.3063298761844635
533.0 0.38084154948592186
534.0 0.6190995220094919
535.0 0.8600247092545033
536.0 1.366616040468216
537.0 2.1817905828356743
538.0 3.3425185829401016
539.0 5.127205699682236
540.0 7.5554221868515015
541.0 10.315430164337158
542.0 13.800394535064697
543.0 18.192429840564728
544.0 23.601675033569336
545.0 29.585912823677063
546.0 36.48068904876709
547.0 43.743640184402466
548.0 52.060467004776
549.0 59.563374519348145
550.0 64.91982936859131
551.0 71.24544382095337
552.0 74.81150031089783
553.0 78.62904667854309
554.0 82.12124109268188
555.0 85.62830090522766
556.0 88.75703811645508
557.0 90.63884019851685
558.0 93.13575029373169
559.0 95.33165693283081
560.0 94.78670358657837
561.0 95.99712491035461
562.0 95.94988226890564
563.0 95.65286040306091
564.0 95.88271975517273
565.0 95.58078646659851
566.0 96.10171914100647
567.0 96.04019522666931
568.0 96.3094174861908
569.0 97.380530834198
570.0 97.00940251350403
571.0 97.5468397140503
572.0 96.8268871307373
573.0 97.00310230255127
574.0 97.14664816856384
575.0 97.06607460975647
576.0 97.68211245536804
577.0 97.29835987091064
578.0 97.25239276885986
579.0 97.28587865829468
580.0 97.29201197624207
581.0 96.8294620513916
582.0 97.03088402748108
583.0 97.04304337501526
584.0 96.49630784988403
585.0 96.46682739257812
586.0 96.96293473243713
587.0 96.55830264091492
588.0 96.95972800254822
589.0 97.5542664527893
590.0 96.90950512886047
591.0 96.18085026741028
592.0 96.27527594566345
593.0 96.09225988388062
594.0 96.38198614120483
595.0 96.70721888542175
596.0 97.51569032669067
597.0 97.48510718345642
598.0 97.08209037780762
599.0 97.4676251411438
600.0 97.36340045928955
601.0 96.38898968696594
602.0 97.12595343589783
603.0 96.46792411804199
604.0 96.52390480041504
605.0 97.33261466026306
606.0 96.48969173431396
607.0 96.59649729728699
608.0 96.57323956489563
609.0 95.70854902267456
610.0 96.128910779953
611.0 96.15687727928162
612.0 96.24254107475281
613.0 97.11938500404358
614.0 97.02667593955994
615.0 96.4752197265625
616.0 96.8443751335144
617.0 96.63438200950623
618.0 96.94885015487671
619.0 97.30287790298462
620.0 96.63010835647583
621.0 95.9272027015686
622.0 96.97033166885376
623.0 96.72662615776062
624.0 96.49550914764404
625.0 97.08206057548523
626.0 96.52104377746582
627.0 95.63142657279968
628.0 97.53366112709045
629.0 96.06636762619019
630.0 96.72803282737732
631.0 96.47406935691833
632.0 97.34945893287659
633.0 96.81370854377747
634.0 95.91522216796875
635.0 96.5447723865509
636.0 96.47467136383057
637.0 96.12235426902771
638.0 95.56354284286499
639.0 95.59698700904846
640.0 96.074378490448
641.0 95.91578245162964
642.0 96.59791588783264
643.0 96.17188572883606
644.0 96.53688073158264
645.0 96.66754603385925
646.0 96.54562473297119
647.0 97.38408327102661
648.0 96.89743518829346
649.0 95.87603211402893
650.0 96.80428504943848
651.0 97.3872721195221
652.0 97.2285807132721
653.0 96.01778388023376
654.0 96.89181447029114
655.0 96.82973623275757
656.0 96.18119597434998
657.0 96.09243273735046
658.0 96.32416367530823
659.0 96.49628400802612
660.0 95.76408863067627
661.0 95.45983672142029
662.0 95.94206809997559
663.0 96.01356387138367
664.0 95.34461498260498
665.0 95.46775817871094
666.0 95.50022482872009
667.0 95.7955539226532
668.0 95.14095783233643
669.0 95.89947462081909
670.0 95.5296277999878
671.0 95.71974277496338
672.0 95.19484639167786
673.0 95.30288577079773
674.0 94.83619928359985
675.0 95.51379680633545
676.0 94.63886022567749
677.0 93.51610541343689
678.0 92.13794469833374
679.0 90.87650179862976
680.0 89.5763635635376
681.0 87.64823079109192
682.0 84.7449004650116
683.0 81.46418929100037
684.0 78.02876234054565
685.0 73.67960214614868
686.0 69.39243674278259
687.0 64.96149897575378
688.0 60.29435992240906
689.0 56.12131953239441
690.0 50.985586643218994
691.0 47.06028997898102
692.0 42.07127094268799
693.0 37.2964471578598
694.0 31.970396637916565
695.0 26.631230115890503
696.0 21.039697527885437
697.0 16.20706468820572
698.0 11.172867566347122
699.0 7.45614692568779
700.0 4.991784691810608
701.0 2.916122227907181
702.0 1.7505396157503128
703.0 1.0110820643603802
704.0 0.6150851026177406
705.0 0.37311913911253214
706.0 0.25812224484980106
707.0 0.15340516110882163
708.0 0.11168663622811437
709.0 0.08860816014930606
710.0 0.0695777009241283
711.0 0.044270267244428396
712.0 0.06898824358358979
713.0 0.04557151405606419
714.0 0.03847777552437037
715.0 0.03726205031853169
716.0 0.05614749970845878
717.0 0.08934656507335603
718.0 0.07120159571059048
719.0 0.019067429821006954
720.0 1.7150305698168666e-10
721.0 0.004239429472363554
722.0 0.003961052425438538
723.0 0.003682675742311403
724.0 0.003439285501372069
725.0 0.003195895260432735
726.0 0.0029641214496223256
727.0 0.0027323478207108565
728.0 0.0025721788915689103
729.0 0.002412009962426964
730.0 0.0022723568690707907
731.0 0.0021327037757146172
732.0 0.0020860110453213565
733.0 0.002039318314928096
734.0 0.0019516188331181183
735.0 0.0018639191694092005
736.0 0.0017617770936340094
737.0 0.0016596351997577585
738.0 0.0016200625395867974
739.0 0.0015804896975168958
740.0 0.0015329687812482007
741.0 0.0014854478649795055
742.0 0.0013521566870622337
743.0 0.0012188653272460215
744.0 0.0013526346265280154
745.0 0.0014864041077089496
746.0 0.0012743419574690051
747.0 0.0010622798072290607
748.0 0.001081802838598378
749.0 0.001101325688068755
750.0 0.0010766369086923078
751.0 0.001051948311214801
752.0 0.0010972386007779278
753.0 0.0011425291631894652
754.0 0.0011205285773030482
755.0 0.0010985282642650418
756.0 0.0010055843631562311
757.0 0.000912640734895831
758.0 0.0009162902642856352
759.0 0.0009199401574733201
760.0 0.0008568797966290731
761.0 0.0007938195267342962
762.0 0.0008093184078461491
763.0 0.0008248173799074721
764.0 0.0008462349796900526
765.0 0.0008676523975736927
766.0 0.0007735592589597218
767.0 0.0006794658020226052
768.0 0.0006400061010936042
769.0 0.0006005462182656629
770.0 0.0005591572517005261
771.0 0.0005177682396606542
772.0 0.00066748993958754
773.0 0.0008172113666660152
774.0 0.0008953151336754672
775.0 0.0009734189006849192
776.0 0.0010134846888831817
777.0 0.0010535510227782652
778.0 0.000856779206515057
779.0 0.0006600077995244646
780.0 0.0006824532192695187
781.0 0.0007048989118629834
782.0 0.0007814709533704445
783.0 0.0008580433132010512
784.0 0.0007840168109396473
785.0 0.0007099904451024486
786.0 0.0007672977517358959
787.0 0.0008246049219451379
788.0 0.0006373503310896922
789.0 0.0004500956038100412
790.0 0.0005863993919774657
791.0 0.0007227033165690955
792.0 0.0006960108748899074
793.0 0.000669318251311779
794.0 0.0007060480129439384
795.0 0.0007427780928992433
796.0 0.0006387398116203258
797.0 0.0005347015758161433
798.0 0.0005976506145088933
799.0 0.0006605998805753188
800.0 0.0007152792022679932
801.0 0.0007699582965869922
802.0 0.0007720238500041887
803.0 0.0007740894034213852
804.0 0.0006825890523032285
805.0 0.0005910887011850718
806.0 0.0006148385182314087
807.0 0.0006385881079040701
808.0 0.0006268628112593433
809.0 0.000615137241766206
810.0 0.000621145909462939
811.0 0.0006271543043112615
812.0 0.0005130517365614651
813.0 0.0003989489869127283
814.0 0.00042850201680266764
815.0 0.0004580550012178719
816.0 0.0005997035259497352
817.0 0.0007413522780552739
818.0 0.0005827594577567652
819.0 0.000424166410084581
820.0 0.0004725033249997068
821.0 0.0005208401944400975
822.0 0.0005711831363441888
823.0 0.0006215260782482801
824.0 0.000511891312271473
825.0 0.00040225631892099045
826.0 0.00039147562347352505
827.0 0.00038069492802605964
828.0 0.0003361838935234118
829.0 0.00029167288175813155
830.0 0.00010841447419807082
831.0 1.7150305698168666e-10
832.0 1.7150305698168666e-10
833.0 1.7150305698168666e-10
834.0 1.7150305698168666e-10
835.0 0.0001386756252941268
836.0 0.00015106085129446
837.0 0.00016344608866347698
838.0 0.0006311891411314718
839.0 0.0010989322618115693
840.0 0.0015524370610364713
841.0 0.002005942224059254
842.0 0.0027747873900807463
843.0 0.003543633283698
844.0 0.0041556271753506735
845.0 0.004767621067003347
846.0 0.004806808283319697
847.0 0.0048459944082424045
848.0 0.004104037361685187
849.0 0.0033620795875322074
850.0 0.002588835923234001
851.0 0.0018155918951379135
852.0 0.0015502966562053189
853.0 0.001285001872020075
854.0 0.0010956568075926043
855.0 0.0009063117431651335
856.0 0.0007208822353277355
857.0 0.0005354525455913972
858.0 0.0005324505764292553
859.0 0.0005294486072671134
860.0 0.0004276666913938243
861.0 0.00032588470730843255
862.0 0.00044078356040699873
863.0 0.0005556824362429325
864.0 0.00044466150939115323
865.0 0.0003336406734888442
866.0 0.00027389367005525855
867.0 0.00021414664388430538
868.0 0.0001852671630331315
869.0 0.00015638764807590633
870.0 0.00011234171779506141
871.0 6.829579888290027e-05
872.0 9.95756508359591e-06
873.0 1.7150305698168666e-10
874.0 1.7150305698168666e-10
875.0 4.334213485890359e-05
876.0 0.00012432940366124967
877.0 0.00020531670088530518
878.0 0.0001941791879289667
879.0 0.00018304168634131202
880.0 0.00013008723271923373
881.0 7.713278478149732e-05
882.0 0.00014258295095714857
883.0 0.00020803311144845793
884.0 0.00012072696335962974
885.0 3.3420809586459654e-05
886.0 0.00015656949017284205
887.0 0.0002797181878122501
888.0 0.0002686719653866021
889.0 0.0002576257429609541
890.0 0.00018103738739227992
891.0 0.00010444905456097331
892.0 6.685482958346256e-05
893.0 2.926059323726804e-05
894.0 7.330489211199165e-05
895.0 0.00011734919098671526
896.0 8.976470553534455e-05
897.0 6.218023145265761e-05
898.0 0.00012130384448028053
899.0 0.00018042744613921968
900.0 7.306808242901752e-05
901.0 1.7150305698168666e-10
