lsstCam/transmission_filter_detector/r12_s02/g_6/19700101T000000.ecsv
# %ECSV 1.0
# ---
# datatype:
# - {name: wavelength, unit: nm, datatype: float32}
# - {name: efficiency, unit: '%', datatype: float64}
# meta: !!omap
# - {MODE: DETECTOR}
# - {TYPE: transmission_filter_detector}
# - {CALIBDATE: '1970-01-01T00:00:00'}
# - {INSTRUME: LSSTCam}
# - {OBSTYPE: transmission_filter_detector}
# - {CALIBCLS: lsst.ip.isr.IntermediateFilterDetectorTransmissionCurve}
# - {SOURCE: Materion (DM-46256)}
# - {DETECTOR: 47}
# - {FILTER: g_6}
# - {CALIB_ID: 'calibDate=1970-01-01T00:00:00 filter=g_6 detector=47'}
# - {DATE: '2025-04-02T15:59:42.244722'}
# - {CALIB_CREATION_DATE: '2025-04-02'}
# - {CALIB_CREATION_TIME: '15:59:42'}
# - __serialized_columns__:
#     efficiency:
#       __class__: astropy.units.quantity.Quantity
#       unit: !astropy.units.Unit {unit: '%'}
#       value: !astropy.table.SerializedColumn {name: efficiency}
#     wavelength:
#       __class__: astropy.units.quantity.Quantity
#       unit: !astropy.units.Unit {unit: nm}
#       value: !astropy.table.SerializedColumn {name: wavelength}
# schema: astropy-2.0
wavelength efficiency
[from data line 608]
908.0 0.00040169243220589124
909.0 0.00034308957310713595
910.0 0.0003800499143835623
911.0 0.000417010187447886
912.0 0.0004441112650965806
913.0 0.00047121234274527524
914.0 0.00027842459076055093
915.0 8.563690698792925e-05
916.0 0.00018800548104991321
917.0 0.00029037403237452963
918.0 0.0003036849420823273
919.0 0.00031699582905275747
920.0 0.0003222183977413806
921.0 0.00032744096643000375
922.0 0.00047934427129803225
923.0 0.0006312475306913257
924.0 0.0006269973255257355
925.0 0.0006227470294106752
926.0 0.0006299123015196528
927.0 0.0006370776645781007
928.0 0.0005881382094230503
929.0 0.0005391988452174701
930.0 0.0006318638497759821
931.0 0.0007245288543344941
932.0 0.0006046058388164965
933.0 0.0004846827778237639
934.0 0.000558748342882609
935.0 0.0006328139079414541
936.0 0.0006154243237688206
937.0 0.0005980349214951275
938.0 0.0006615164693357656
939.0 0.0007249979717016686
940.0 0.0006460029453592142
941.0 0.0005670077371178195
942.0 0.0007194175395852653
943.0 0.000871827251103241
944.0 0.0006806411875004414
945.0 0.0004894550784229068
946.0 0.0005216980753175449
947.0 0.0005539410267374478
948.0 0.0009591024536348414
949.0 0.001364263971481705
950.0 0.0011810883734142408
951.0 0.0009979128662962466
952.0 0.0009732875696499832
953.0 0.0009486621820542496
954.0 0.0008130054084176663
955.0 0.000677348589306348
956.0 0.000689378703100374
957.0 0.0007014086349954596
958.0 0.000822093352326192
959.0 0.0009427782060811296
960.0 0.0007688297955610324
961.0 0.000594881294091465
962.0 0.0006051721811672905
963.0 0.0006154629318189109
964.0 0.0007047332928777905
965.0 0.0007940034265629947
966.0 0.0008400078513659537
967.0 0.0008860121852194425
968.0 0.0007597567673656158
969.0 0.0006335013495117892
970.0 0.0006303081136138644
971.0 0.0006271148777159397
972.0 0.0007741491572232917
973.0 0.0009211834367306437
974.0 0.0008220415111281909
975.0 0.0007228999038488837
976.0 0.0008179479664249811
977.0 0.0009129964382736944
978.0 0.0009329810382041615
979.0 0.0009529657290840987
980.0 0.0010328216376365162
981.0 0.001112677637138404
982.0 0.001050184710038593
983.0 0.0009876918738882523
984.0 0.0009655514986661728
985.0 0.0009434114872419741
986.0 0.001088397857529344
987.0 0.0012333840459177736
988.0 0.001249932756763883
989.0 0.0012664811947615817
990.0 0.0013445402146317065
991.0 0.0014225993254513014
992.0 0.0013758485692960676
993.0 0.001329097995039774
994.0 0.0013691729691345245
995.0 0.0014092478522798046
996.0 0.0012857326510129496
997.0 0.0011622177225945052
998.0 0.0012694619726971723
999.0 0.00137670649564825
1000.0 0.0012724321095447522
1001.0 0.0011681576324917842
1002.0 0.0011241329048061743
1003.0 0.0010801081771205645
1004.0 0.0010755138646345586
1005.0 0.0010709193702496123
1006.0 0.0013569490874942858
1007.0 0.0016429788956884295
1008.0 0.0015850488125579432
1009.0 0.0015271194570232183
1010.0 0.0017070127796614543
1011.0 0.001886906466097571
1012.0 0.0020295867216191255
1013.0 0.00217226697714068
1014.0 0.0021684294551960193
1015.0 0.002164592115150299
1016.0 0.0025370083676534705
1017.0 0.0029094248020555824
1018.0 0.0031909075914882123
1019.0 0.0034723903809208423
1020.0 0.003560232653398998
1021.0 0.0036480752896750346
1022.0 0.003909960651071742
1023.0 0.004171846740064211
1024.0 0.0042977782868547365
1025.0 0.004423709469847381
1026.0 0.004516905028140172
1027.0 0.004610100222635083
1028.0 0.004711651854449883
1029.0 0.004813203122466803
1030.0 0.005022513869334944
1031.0 0.005231824252405204
1032.0 0.005521325874724425
1033.0 0.005810827860841528
1034.0 0.005659878661390394
1035.0 0.00550892946193926
1036.0 0.005485965448315255
1037.0 0.00546300107089337
1038.0 0.005864830745849758
1039.0 0.0062666600570082664
1040.0 0.006557483720825985
1041.0 0.006848305929452181
1042.0 0.006990863039391115
1043.0 0.00713342014933005
1044.0 0.007527941488660872
1045.0 0.007922461372800171
1046.0 0.008908743620850146
1047.0 0.009895025141304359
1048.0 0.011481035471661016
1049.0 0.013067042164038867
1050.0 0.015522194735240191
1051.0 0.01797734439605847
1052.0 0.0216745916986838
1053.0 0.025371843366883695
1054.0 0.030390839674510062
1055.0 0.03540983307175338
1056.0 0.04249423218425363
1057.0 0.04957862547598779
1058.0 0.057390821166336536
1059.0 0.0652030052151531
1060.0 0.07287068874575198
1061.0 0.08053833735175431
1062.0 0.08784367819316685
1063.0 0.09514898410998285
1064.0 0.10121017694473267
1065.0 0.10727135231718421
1066.0 0.11366691906005144
1067.0 0.12006248580291867
1068.0 0.1273646019399166
1069.0 0.1346667530015111
1070.0 0.1449021976441145
1071.0 0.1551376422867179
1072.0 0.16712038777768612
1073.0 0.17910308670252562
1074.0 0.19105849787592888
1075.0 0.20301397889852524
1076.0 0.21532508544623852
1077.0 0.22763621527701616
1078.0 0.24083296302706003
1079.0 0.2540297107771039
1080.0 0.2713283058255911
1081.0 0.288626947440207
1082.0 0.3170258132740855
1083.0 0.34542467910796404
1084.0 0.3856672206893563
1085.0 0.425909785553813
1086.0 0.4618220031261444
1087.0 0.49773426726460457
1088.0 0.5627378821372986
1089.0 0.6277414038777351
1090.0 0.7058021612465382
1091.0 0.7838628254830837
1092.0 0.8170556277036667
1093.0 0.8502481505274773
1094.0 0.8923249319195747
1095.0 0.9344013407826424
1096.0 0.9875050745904446
1097.0 1.0406089946627617
1098.0 1.0794583708047867
1099.0 1.118308026343584
1100.0 1.3067095540463924
1101.0 1.495110895484686
