lsstCam/transmission_filter_detector/r12_s02/g_6/19700101T000000.ecsv
# %ECSV 1.0
# ---
# datatype:
# - {name: wavelength, unit: nm, datatype: float32}
# - {name: efficiency, unit: '%', datatype: float64}
# meta: !!omap
# - {MODE: DETECTOR}
# - {TYPE: transmission_filter_detector}
# - {CALIBDATE: '1970-01-01T00:00:00'}
# - {INSTRUME: LSSTCam}
# - {OBSTYPE: transmission_filter_detector}
# - {CALIBCLS: lsst.ip.isr.IntermediateFilterDetectorTransmissionCurve}
# - {SOURCE: Materion (DM-46256)}
# - {DETECTOR: 47}
# - {FILTER: g_6}
# - {CALIB_ID: 'calibDate=1970-01-01T00:00:00 filter=g_6 detector=47'}
# - {DATE: '2025-04-02T15:59:42.244722'}
# - {CALIB_CREATION_DATE: '2025-04-02'}
# - {CALIB_CREATION_TIME: '15:59:42'}
# - __serialized_columns__:
#     efficiency:
#       __class__: astropy.units.quantity.Quantity
#       unit: !astropy.units.Unit {unit: '%'}
#       value: !astropy.table.SerializedColumn {name: efficiency}
#     wavelength:
#       __class__: astropy.units.quantity.Quantity
#       unit: !astropy.units.Unit {unit: nm}
#       value: !astropy.table.SerializedColumn {name: wavelength}
# schema: astropy-2.0
wavelength efficiency
300.0 0.48936353996396065
301.0 0.3663839306682348
302.0 0.24340429808944464
303.0 0.21859093103557825
304.0 0.19377755234017968
305.0 0.20797608885914087
306.0 0.22217461373656988
307.0 0.22479966282844543
308.0 0.227424711920321
309.0 0.22281501442193985
310.0 0.21820534020662308
311.0 0.21168654784560204
312.0 0.20516780205070972
313.0 0.2027820097282529
314.0 0.20039619412273169
315.0 0.1891026389785111
316.0 0.1778090954758227
317.0 0.1768640475347638
318.0 0.1759190345183015
319.0 0.16080249333754182
320.0 0.14568592887371778
321.0 0.13941137585788965
322.0 0.13313681120052934
323.0 0.11415784247219563
324.0 0.09517889702692628
325.0 0.08765599341131747
326.0 0.08013308979570866
327.0 0.07241390994749963
328.0 0.06469473009929061
329.0 0.061495834961533546
330.0 0.05829693400301039
331.0 0.05411877646110952
332.0 0.04994062473997474
333.0 0.046591449063271284
334.0 0.04324227338656783
335.0 0.04233123909216374
336.0 0.04142020479775965
337.0 0.04195478395558894
338.0 0.04248936311341822
339.0 0.04063221567776054
340.0 0.03877507115248591
341.0 0.03719831584021449
342.0 0.035621560527943075
343.0 0.03223436651751399
344.0 0.028847175417467952
345.0 0.025558224297128618
346.0 0.02226927172159776
347.0 0.021228025434538722
348.0 0.020186776237096637
349.0 0.018411209748592228
350.0 0.5501131527125835
351.0 0.9817947633564472
352.0 0.770423049107194
353.0 0.7688499055802822
354.0 0.655125267803669
355.0 0.9620925411581993
356.0 0.5765442736446857
357.0 0.7595294620841742
358.0 0.54328846745193
359.0 0.9082124568521976
360.0 0.7022485136985779
361.0 0.9315581992268562
362.0 0.5456929560750723
363.0 0.7701920811086893
364.0 0.543378246948123
365.0 0.7219403050839901
366.0 0.5710057448595762
367.0 0.6808448117226362
368.0 0.5242105107754469
369.0 0.6805059965699911
370.0 0.45225382782518864
371.0 0.5817839410156012
372.0 0.45081055723130703
373.0 0.5746816750615835
374.0 0.42014033533632755
375.0 0.5775601137429476
376.0 0.36528008058667183
377.0 0.49680196680128574
378.0 0.4614605102688074
379.0 0.5889066495001316
380.0 0.41233813390135765
381.0 0.5338010843843222
382.0 0.5697676911950111
383.0 0.5149705801159143
384.0 0.500381737947464
385.0 0.6233889143913984
386.0 0.6500973831862211
387.0 0.7840534672141075
388.0 0.8375322446227074
389.0 1.1630469001829624
390.0 1.636074110865593
391.0 2.599307708442211
392.0 4.073737189173698
393.0 6.446625292301178
394.0 9.783951938152313
395.0 14.30264264345169
396.0 19.91914212703705
397.0 27.039435505867004
398.0 35.498592257499695
399.0 44.66422498226166
400.0 54.05701994895935
401.0 63.22402358055115
402.0 71.80625796318054
403.0 79.18908596038818
404.0 84.5585584640503
405.0 88.71117234230042
406.0 91.03021621704102
407.0 92.92488694190979
408.0 93.98043751716614
409.0 94.57899332046509
410.0 94.77905631065369
411.0 94.71243023872375
412.0 94.24947500228882
413.0 94.14035081863403
414.0 93.95118355751038
415.0 94.0284788608551
416.0 94.41429376602173
417.0 94.72981691360474
418.0 95.26607990264893
419.0 95.78871130943298
420.0 96.33674621582031
421.0 96.89245223999023
422.0 97.0684289932251
423.0 97.28261232376099
424.0 97.16510772705078
425.0 96.98894619941711
426.0 97.01000452041626
427.0 97.0260739326477
428.0 96.83290123939514
429.0 96.66411280632019
430.0 96.48533463478088
431.0 96.53621912002563
432.0 96.48752212524414
433.0 96.6130793094635
434.0 96.7206597328186
435.0 96.89778685569763
436.0 96.96102142333984
437.0 96.9618558883667
438.0 96.94712162017822
439.0 97.06219434738159
440.0 97.01945781707764
441.0 97.17374444007874
442.0 97.15808629989624
443.0 97.19054102897644
444.0 97.13183045387268
445.0 96.84191942214966
446.0 96.67088389396667
447.0 96.45847678184509
448.0 96.54178619384766
449.0 96.75552248954773
450.0 96.98045253753662
451.0 97.12132215499878
452.0 97.33625650405884
453.0 97.41636514663696
454.0 97.51783609390259
455.0 97.75369167327881
456.0 97.88536429405212
457.0 97.97924160957336
458.0 98.02587032318115
459.0 98.07573556900024
460.0 98.0908989906311
461.0 98.25934767723083
462.0 98.17179441452026
463.0 98.05693030357361
464.0 98.21921586990356
465.0 98.13428521156311
466.0 98.0952799320221
467.0 98.12732934951782
468.0 98.14997911453247
469.0 98.21428060531616
470.0 98.03308248519897
471.0 97.91197776794434
472.0 97.98741936683655
473.0 97.8281319141388
474.0 97.74002432823181
475.0 97.7867066860199
476.0 97.79645800590515
477.0 97.8499710559845
478.0 97.93747067451477
479.0 97.90685772895813
480.0 98.03335070610046
481.0 98.12413454055786
482.0 98.35397005081177
483.0 98.21076393127441
484.0 98.35091829299927
485.0 98.42774271965027
486.0 98.4041154384613
487.0 98.48559498786926
488.0 98.45693111419678
489.0 98.52509498596191
490.0 98.49333763122559
491.0 98.53677153587341
492.0 98.4518051147461
493.0 98.39322566986084
494.0 98.38601350784302
495.0 98.4112799167633
496.0 98.22894930839539
497.0 98.1722891330719
498.0 97.978276014328
499.0 98.05641174316406
500.0 98.00382256507874
501.0 97.94993996620178
502.0 97.77896404266357
503.0 97.92477488517761
504.0 97.7726936340332
505.0 97.79732823371887
506.0 97.85665273666382
507.0 97.77819514274597
508.0 97.810959815979
509.0 97.77975082397461
510.0 97.71869778633118
511.0 97.7022647857666
512.0 97.57827520370483
513.0 97.69408106803894
514.0 97.69034385681152
515.0 97.73204922676086
516.0 97.80429601669312
517.0 97.82091975212097
518.0 97.84818887710571
519.0 97.87876605987549
520.0 97.94803857803345
521.0 98.09466004371643
522.0 98.06048274040222
523.0 98.03808331489563
524.0 98.09929728507996
525.0 98.11121225357056
526.0 98.21295142173767
527.0 98.20346236228943
528.0 98.30731749534607
529.0 98.38904142379761
530.0 98.37563633918762
531.0 98.5810399055481
532.0 98.39643239974976
533.0 98.42548966407776
534.0 98.42564463615417
535.0 98.28389286994934
536.0 97.95531630516052
537.0 97.42670059204102
538.0 96.68256640434265
539.0 95.38642764091492
540.0 93.7095582485199
541.0 91.15552306175232
542.0 88.45857977867126
543.0 84.8656415939331
544.0 80.29654622077942
545.0 76.25296711921692
546.0 71.29262685775757
547.0 66.67452454566956
548.0 62.10141181945801
549.0 57.89305567741394
550.0 54.58771586418152
551.0 51.36203169822693
552.0 48.99073243141174
553.0 46.487170457839966
554.0 43.68031620979309
555.0 40.56858718395233
556.0 36.436858773231506
557.0 31.614643335342407
558.0 26.276391744613647
559.0 20.9300696849823
560.0 15.732477605342865
561.0 10.82034632563591
562.0 7.034067809581757
563.0 4.186826944351196
564.0 2.312072739005089
565.0 1.1442179791629314
566.0 0.6069778930395842
567.0 0.3047878388315439
568.0 0.1899047871120274
569.0 0.11191661469638348
570.0 0.0788884237408638
571.0 0.05603709723800421
572.0 0.05867451545782387
573.0 0.0351765425875783
574.0 0.0465391407487914
575.0 0.03369093174114823
576.0 0.035544412094168365
577.0 0.02764283854048699
578.0 0.02325359091628343
579.0 0.022797504789195955
580.0 0.03171718562953174
581.0 0.016998054343275726
582.0 0.027744629187509418
583.0 0.016936597239691764
584.0 0.031440070597454906
585.0 0.018140369502361864
586.0 0.02944080624729395
587.0 0.017353557632304728
588.0 0.018294344772584736
589.0 0.016721940482966602
590.0 0.013785828195977956
591.0 0.01733730750856921
592.0 0.025836267741397023
593.0 0.005639797382173128
594.0 0.02351343136979267
595.0 0.01599733514012769
596.0 0.014959997497498989
597.0 0.011939852265641093
598.0 0.009867377957561985
599.0 0.006579291220987216
600.0 0.009953585686162114
601.0 0.002589201722003054
602.0 0.002524701994843781
603.0 0.0024602019038866274
604.0 0.002271097037009895
605.0 0.0020819921701331623
606.0 0.002096900061587803
607.0 0.002111807589244563
608.0 0.0018553990230429918
609.0 0.0015989906387403607
610.0 0.001834737486205995
611.0 0.0020704839698737487
612.0 0.0019710541891981848
613.0 0.0018716245904215612
614.0 0.0018575599824544042
615.0 0.0018434959201840684
616.0 0.0019710816559381783
617.0 0.0020986673916922882
618.0 0.0019017978047486395
619.0 0.0017049280359060504
620.0 0.0016067975593614392
621.0 0.0015086672647157684
622.0 0.001485446045990102
623.0 0.0014622246453654952
624.0 0.001446330497856252
625.0 0.0014304363503470086
626.0 0.0013839685379934963
627.0 0.0013375009984883945
628.0 0.0014144017768558115
629.0 0.0014913030099705793
630.0 0.0013869469512428623
631.0 0.0012825903468183242
632.0 0.0014488648048427422
633.0 0.0016151388990692794
634.0 0.0015563144188490696
635.0 0.0014974895748309791
636.0 0.0014130881027085707
637.0 0.0013286871762829833
638.0 0.0013228092939243652
639.0 0.001316931320616277
640.0 0.0012494591828726698
641.0 0.0011819865903817117
642.0 0.0013645520994032267
643.0 0.0015471177903236821
644.0 0.001479913953517098
645.0 0.0014127099348115735
646.0 0.0013599074009107426
647.0 0.0013071048670099117
648.0 0.0011478939995868132
649.0 0.000988682859315304
650.0 0.0012183405488030985
651.0 0.001447997783543542
652.0 0.0012087826689821668
653.0 0.0009695675544207916
654.0 0.0010934233614534605
655.0 0.0012172795322840102
656.0 0.0012527715625765268
657.0 0.0012882636838185135
658.0 0.0011560071470739786
659.0 0.0010237509741273243
660.0 0.0009670937288319692
661.0 0.0009104363016376738
662.0 0.0010683873369998764
663.0 0.0012263386452104896
664.0 0.0012004694326606113
665.0 0.0011745999472623225
666.0 0.0011259047823841684
667.0 0.0010772093446576037
668.0 0.00119025507956394
669.0 0.001303300723520806
670.0 0.0012685318324656691
671.0 0.0012337629414105322
672.0 0.0012439199053915218
673.0 0.001254076687473571
674.0 0.0011983491276623681
675.0 0.0011426215678511653
676.0 0.0011146825272589922
677.0 0.0010867431228689384
678.0 0.0012040074579999782
679.0 0.001321271793131018
680.0 0.0011713582352967933
681.0 0.0010214444955636282
682.0 0.001024374068947509
683.0 0.0010273035513819195
684.0 0.0009285788109991699
685.0 0.00082985388871748
686.0 0.0009885578037938103
687.0 0.0011472619917185511
688.0 0.0011869879926962312
689.0 0.0012267140846233815
690.0 0.0010462214959261473
691.0 0.000865728816279443
692.0 0.0009437118023924995
693.0 0.0010216946975560859
694.0 0.0010667776223272085
695.0 0.0011118603651993908
696.0 0.0011250972420384642
697.0 0.0011383337550796568
698.0 0.0012529978448583279
699.0 0.001367662025586469
700.0 0.0011753938451875001
701.0 0.000983125573839061
702.0 0.001154957772087073
703.0 0.0013267896065372042
704.0 0.0012897292435809504
705.0 0.001252668607776286
706.0 0.0011765124327212106
707.0 0.001100356621464016
708.0 0.001072828035830753
709.0 0.0010452998139953706
710.0 0.001210278696817113
711.0 0.001375257852487266
712.0 0.0012787254490831401
713.0 0.0011821931366284844
714.0 0.0012132636584283318
715.0 0.00124433454402606
716.0 0.0014974647456256207
717.0 0.001750595220073592
718.0 0.0019529568817233667
719.0 0.002155318361474201
720.0 0.0017788750483305193
721.0 0.0014024315532878973
722.0 0.0015828296454856172
723.0 0.0017632279195822775
724.0 0.0017960121112992056
725.0 0.0018287961211171933
726.0 0.0019102597434539348
727.0 0.0019917230019927956
728.0 0.0020150269847363234
729.0 0.002038330967479851
730.0 0.0020453560864552855
731.0 0.0020523810235317796
732.0 0.0019015171346836723
733.0 0.0017506534277345054
734.0 0.0015321764294640161
735.0 0.0013136997949914075
736.0 0.0012008767043880653
737.0 0.0010880535228352528
738.0 0.001035110472002998
739.0 0.0009821674211707432
740.0 0.0009069749467016663
741.0 0.0008317822903336491
742.0 0.0008064747817115858
743.0 0.0007811673640389927
744.0 0.0009492321623838507
745.0 0.001117297142627649
746.0 0.0010888309589063283
747.0 0.001060364957083948
748.0 0.0011441708920756355
749.0 0.0012279769180167932
750.0 0.0010680528248485643
751.0 0.0009081290954782162
752.0 0.0007574438768642722
753.0 0.0006067588401492685
754.0 0.0008122325198200997
755.0 0.001017706290440401
756.0 0.0009369206964038312
757.0 0.0008561350114177912
758.0 0.0008725719453650527
759.0 0.0008890092431101948
760.0 0.0007256676781253191
761.0 0.0005623260676657083
762.0 0.0006498917173303198
763.0 0.000737457185095991
764.0 0.000898321650311118
765.0 0.0010591863428999204
766.0 0.000929915677261306
767.0 0.0008006450116226915
768.0 0.0006025513357599266
769.0 0.00040445761442242656
770.0 0.00031132522053667344
771.0 0.00021819282665092032
772.0 0.0004906486992695136
773.0 0.0007631047083123121
774.0 0.0008105871529551223
775.0 0.0008580696885474026
776.0 0.0008093084943538997
777.0 0.0007605471182614565
778.0 0.0006768777438992402
779.0 0.0005932084150117589
780.0 0.000579419793211855
781.0 0.0005656312168866862
782.0 0.0006508738351840293
783.0 0.0007361162715824321
784.0 0.0009108392077905592
785.0 0.001085562053049216
786.0 0.000814317445474444
787.0 0.0005430732926470228
788.0 0.00046129075599310454
789.0 0.00037950833302602405
790.0 0.00021330727122403914
791.0 4.7106209422054235e-05
792.0 0.00011536844795045909
793.0 0.00018363072058491525
794.0 0.0002485445293132216
795.0 0.00031345834941021167
796.0 0.000460843148175627
797.0 0.0006082280833652476
798.0 0.000496178927278379
799.0 0.00038412977119151037
800.0 0.0005002775651519187
801.0 0.0006164255410112673
802.0 0.0005150708602741361
803.0 0.00041371631596121006
804.0 0.00039690035009698477
805.0 0.0003800844524448621
806.0 0.0003812809836745146
807.0 0.00038247758311626967
808.0 0.0004385219199321
809.0 0.0004945663022226654
810.0 0.0003564727421689895
811.0 0.0002183791821153136
812.0 0.00026679338134272257
813.0 0.000315207557832764
814.0 0.0003814016963588074
815.0 0.00044759581214748323
816.0 0.0005474111731018638
817.0 0.0006472264431067742
818.0 0.0004844493105338188
819.0 0.00032167233712243615
820.0 0.00048824445002537686
821.0 0.0006548164037667448
822.0 0.0004831527803617064
823.0 0.00031148913421930047
824.0 0.0003917385583918076
825.0 0.0004719879143522121
826.0 0.0005822308594360948
827.0 0.0006924736680957722
828.0 0.0005211212283029454
829.0 0.000349768720298016
830.0 0.0004085072760062758
831.0 0.00046724580897716805
832.0 0.0005375594355427893
833.0 0.0006078729256842053
834.0 0.0004822471055376809
835.0 0.0003566212399164215
836.0 0.00046237655624281615
837.0 0.000568131963518681
838.0 0.00040712557165534236
839.0 0.00024611929347884143
840.0 0.00042558413042570464
841.0 0.0006050489901099354
842.0 0.0003552658199623693
843.0 0.00010548251339059789
844.0 0.00014629121096731978
845.0 0.00018709993128140923
846.0 0.0004279068889445625
847.0 0.0006687139830319211
848.0 0.0006269948698900407
849.0 0.0005852758022228954
850.0 0.0005496768608281855
851.0 0.0005140779649082106
852.0 0.0005556131782213924
853.0 0.0005971480277366936
854.0 0.0005822608272865182
855.0 0.0005673734449374024
856.0 0.0006249016223591752
857.0 0.0006824298452556832
858.0 0.0005811883966089226
859.0 0.0004799469934368972
860.0 0.0005275548119243467
861.0 0.0005751626304117963
862.0 0.0005628534381685313
863.0 0.0005505442914000014
864.0 0.0004240022008161759
865.0 0.0002974601102323504
866.0 0.00040250511119666044
867.0 0.0005075502031104406
868.0 0.0006400940037565306
869.0 0.0007726378498773556
870.0 0.0005844663064635824
871.0 0.0003962945356761338
872.0 0.00039707306314085145
873.0 0.0003978514541813638
874.0 0.00040658642319613136
875.0 0.0004153213922108989
876.0 0.0005750835953222122
877.0 0.0007348457529587904
878.0 0.0006995528110564919
879.0 0.0006642598236794583
880.0 0.0006675392796751112
881.0 0.0006708190539939096
882.0 0.0006333825240290025
883.0 0.0005959464488114463
884.0 0.0005829323526995722
885.0 0.0005699185294361087
886.0 0.0006670983566436917
887.0 0.0007642784112249501
888.0 0.0006160403700050665
889.0 0.0004678024652093882
890.0 0.0005471931672218489
891.0 0.0006265840056585148
892.0 0.0005718314241676126
893.0 0.0005170788881514454
894.0 0.0004900578915112419
895.0 0.0004630368948710384
896.0 0.0003220255166525021
897.0 0.00018101412706528208
898.0 0.0002981064653795329
899.0 0.000415198837799835
900.0 0.0003465808504188317
901.0 0.00027796286303782836
902.0 0.0004267501481081126
903.0 0.000575537478653132
904.0 0.00029888358312746277
905.0 2.222964212705847e-05
906.0 0.00024126252355927136
