lsstCam/transmission_filter_detector/r20_s11/r_57/19700101T000000.ecsv
# %ECSV 1.0
# ---
# datatype:
# - {name: wavelength, unit: nm, datatype: float32}
# - {name: efficiency, unit: '%', datatype: float64}
# meta: !!omap
# - {MODE: DETECTOR}
# - {TYPE: transmission_filter_detector}
# - {CALIBDATE: '1970-01-01T00:00:00'}
# - {INSTRUME: LSSTCam}
# - {OBSTYPE: transmission_filter_detector}
# - {CALIBCLS: lsst.ip.isr.IntermediateFilterDetectorTransmissionCurve}
# - {SOURCE: Materion (DM-46256)}
# - {DETECTOR: 76}
# - {FILTER: r_57}
# - {CALIB_ID: 'calibDate=1970-01-01T00:00:00 filter=r_57 detector=76'}
# - {DATE: '2025-04-02T15:59:44.534557'}
# - {CALIB_CREATION_DATE: '2025-04-02'}
# - {CALIB_CREATION_TIME: '15:59:44'}
# - __serialized_columns__:
#     efficiency:
#       __class__: astropy.units.quantity.Quantity
#       unit: !astropy.units.Unit {unit: '%'}
#       value: !astropy.table.SerializedColumn {name: efficiency}
#     wavelength:
#       __class__: astropy.units.quantity.Quantity
#       unit: !astropy.units.Unit {unit: nm}
#       value: !astropy.table.SerializedColumn {name: wavelength}
# schema: astropy-2.0
wavelength efficiency
300.0 0.0025828241632552817
301.0 0.005771629366790876
302.0 0.00896043493412435
303.0 0.01126799252233468
304.0 0.01357555011054501
305.0 0.012792278721462935
306.0 0.012009009515168145
307.0 0.011066827573813498
308.0 0.010124646360054612
309.0 0.00884215987753123
310.0 0.007559672667412087
311.0 0.006639517960138619
312.0 0.0057193621614715084
313.0 0.005781590880360454
314.0 0.005843820326845162
315.0 0.005309954212862067
316.0 0.0047760877350810915
317.0 0.004700737918028608
318.0 0.004625387737178244
319.0 0.004390235699247569
320.0 0.004155083661316894
321.0 0.0038861977373017
322.0 0.0036173121770843863
323.0 0.00331018163706176
324.0 0.003003050915140193
325.0 0.0030477342079393566
326.0 0.0030924187740311027
327.0 0.002947934808616992
328.0 0.0028034512070007622
329.0 0.0028612259484361857
330.0 0.00291900105366949
331.0 0.002679444514797069
332.0 0.002439887794025708
333.0 0.00214006668102229
334.0 0.0018402455680188723
335.0 0.0016686082744854502
336.0 0.0014969711628509685
337.0 0.0012816748494515195
338.0 0.0010663784451026004
339.0 0.00104230875876965
340.0 0.0010182389814872295
341.0 0.0010535675755818374
342.0 0.0010888961696764454
343.0 0.0010252096217300277
344.0 0.0009615231647330802
345.0 0.000912358609639341
346.0 0.0008631940545456018
347.0 0.0008791721484158188
348.0 0.0008951502422860358
349.0 0.000891942090675002
350.0 0.004988803993910551
351.0 0.005849314038641751
352.0 0.0067098240833729506
353.0 0.005911977859796025
354.0 0.005114132363814861
355.0 0.004787210127688013
356.0 0.004460288255359046
357.0 0.005737005631090142
358.0 0.007013723370619118
359.0 0.005582949961535633
360.0 0.004152176188654266
361.0 0.0031220788514474407
362.0 0.002091981514240615
363.0 0.0028528907932923175
364.0 0.0036137997085461393
365.0 0.003373929939698428
366.0 0.0031340601708507165
367.0 0.0030645824153907597
368.0 0.002995104296132922
369.0 0.0027803345801657997
370.0 0.002565564682299737
371.0 0.0025775858375709504
372.0 0.002589606992842164
373.0 0.002733767541940324
374.0 0.002877928091038484
375.0 0.0026919889933196828
376.0 0.0025060504412977025
377.0 0.0016469870388391428
378.0 0.0007879237273300532
379.0 0.00116242536023492
380.0 0.0015369272659881972
381.0 0.0024498502170899883
382.0 0.0033627733500907198
383.0 0.0035085871786577627
384.0 0.003654401734820567
385.0 0.004540268128039315
386.0 0.005426134157460183
387.0 0.004869876283919439
388.0 0.0043136184103786945
389.0 0.0037439880543388426
390.0 0.00317435733450111
391.0 0.0024478666091454215
392.0 0.0017213760656886734
393.0 0.0016238809621427208
394.0 0.0015263856766978279
395.0 0.001125889684772119
396.0 0.00072539369284641
397.0 0.0005646987119689584
398.0 0.0004040041403641226
399.0 0.00042452425077499356
400.0 0.0004450440428627189
401.0 0.0001496362983743893
402.0 1.633212987593724e-10
403.0 0.0002188662620028481
404.0 0.0005835046067659277
405.0 0.0010811104402819183
406.0 0.0015787161828484386
407.0 0.001865377817011904
408.0 0.002152039269276429
409.0 0.0017178406778839417
410.0 0.0012836421774409246
411.0 0.0010293932973581832
412.0 0.0007751445991743822
413.0 0.0008086123671091627
414.0 0.0008420802259934135
415.0 0.0009359904652228579
416.0 0.0010299009773007128
417.0 0.0014141062820272055
418.0 0.001798312041501049
419.0 0.002189584483858198
420.0 0.002580856926215347
421.0 0.004044118759338744
422.0 0.005507380774361081
423.0 0.008617508137831464
424.0 0.011727634409908205
425.0 0.01592029584571719
426.0 0.020112954371143132
427.0 0.02065633743768558
428.0 0.02119972341461107
429.0 0.016300581046380103
430.0 0.011401438678149134
431.0 0.008095428347587585
432.0 0.004789417653228156
433.0 0.003765997098525986
434.0 0.0027425767257227562
435.0 0.0022197009457158856
436.0 0.0016968248019111343
437.0 0.001437761056877207
438.0 0.0011786975846916903
439.0 0.0010525058314669877
440.0 0.0009263143510906957
441.0 0.0011711773368006106
442.0 0.0014160404134599958
443.0 0.0017436614143662155
444.0 0.0020712825062219054
445.0 0.0019334102034918033
446.0 0.0017955377188627608
447.0 0.0016543799574719742
448.0 0.0015132222870306578
449.0 0.0014077107152843382
450.0 0.0013021988706896082
451.0 0.0014415455552807543
452.0 0.0015808922398719005
453.0 0.0016263462384813465
454.0 0.0016718002370907925
455.0 0.0014986922906246036
456.0 0.0013255846170068253
457.0 0.0009878970558929723
458.0 0.0006502095402538544
459.0 0.0008512244676239789
460.0 0.0010522394404688384
461.0 0.001642333336349111
462.0 0.002232427323178854
463.0 0.0029618708140333183
464.0 0.003691314486786723
465.0 0.004749474464915693
466.0 0.0058076344430446625
467.0 0.006415550888050348
468.0 0.007023468060651794
469.0 0.0060549813497345895
470.0 0.005086495730211027
471.0 0.003891755477525294
472.0 0.0026970152248395607
473.0 0.0021431356799439527
474.0 0.001589255771250464
475.0 0.0012940175110998098
476.0 0.000998779432848096
477.0 0.000857489158079261
478.0 0.000716198883310426
479.0 0.0008605501534475479
480.0 0.0010049013326351997
481.0 0.00080869303928921
482.0 0.0006124849278421607
483.0 0.0006757232767995447
484.0 0.0007389615348074585
485.0 0.0006983577350183623
486.0 0.000657753889754531
487.0 0.000576422371523222
488.0 0.0004950907623424428
489.0 0.0005696607786376262
490.0 0.0006442307494580746
491.0 0.0007855816875235178
492.0 0.0009269326255889609
493.0 0.0010285590178682469
494.0 0.001130185501097003
495.0 0.0010162881153519265
496.0 0.0009023907296068501
497.0 0.0010728072084020823
498.0 0.0012432235052983742
499.0 0.0012460956895665731
500.0 0.0012489680557337124
501.0 0.001374926978314761
502.0 0.0015008860827947501
503.0 0.001895794048323296
504.0 0.0022907019229023717
505.0 0.0028091655622120015
506.0 0.0033276293834205717
507.0 0.004053294469485991
508.0 0.004778959191753529
509.0 0.005260204488877207
510.0 0.005741448694607243
511.0 0.005140631401445717
512.0 0.00453981374448631
513.0 0.0038437414332292974
514.0 0.003147669485770166
515.0 0.002977585609187372
516.0 0.002807502096402459
517.0 0.0026724039344117045
518.0 0.00253730559052201
519.0 0.03873232344631106
520.0 0.0835633953101933
521.0 0.12370998738333583
522.0 0.15155960572883487
523.0 0.08486425504088402
524.0 0.04712506488431245
525.0 0.07143900147639215
526.0 0.12488621287047863
527.0 0.12578978203237057
528.0 0.10961767984554172
529.0 0.15011773211881518
530.0 0.22548388224095106
531.0 0.17904973356053233
532.0 0.25763914454728365
533.0 0.286817061714828
534.0 0.4054059274494648
535.0 0.5697991698980331
536.0 0.7250877097249031
537.0 1.1195361614227295
538.0 1.8024666234850883
539.0 2.765977568924427
540.0 4.358343407511711
541.0 6.355273723602295
542.0 8.916706591844559
543.0 12.338066846132278
544.0 16.375520825386047
545.0 20.806248486042023
546.0 26.411625742912292
547.0 33.06818902492523
548.0 41.19333326816559
549.0 49.57246780395508
550.0 56.062859296798706
551.0 63.27254772186279
552.0 68.29373240470886
553.0 73.05309176445007
554.0 77.18642950057983
555.0 80.54423332214355
556.0 84.58584547042847
557.0 87.32097148895264
558.0 89.9578332901001
559.0 93.15463900566101
560.0 93.35852265357971
561.0 94.91586089134216
562.0 95.55703997612
563.0 95.28248906135559
564.0 95.75812220573425
565.0 95.35006284713745
566.0 95.75279355049133
567.0 95.18306255340576
568.0 95.86241245269775
569.0 96.7170238494873
570.0 96.14722728729248
571.0 96.66019082069397
572.0 96.82871103286743
573.0 96.89066410064697
574.0 96.94568514823914
575.0 96.99617624282837
576.0 97.21502661705017
577.0 97.0468819141388
578.0 97.22009301185608
579.0 97.03114032745361
580.0 97.00307846069336
581.0 96.36585116386414
582.0 96.89750671386719
583.0 96.50896787643433
584.0 96.48048877716064
585.0 96.67848944664001
586.0 96.57083749771118
587.0 96.39095067977905
588.0 96.50875329971313
589.0 97.42946028709412
590.0 96.7637836933136
591.0 95.83641290664673
592.0 95.87404131889343
593.0 95.86363434791565
594.0 96.00844383239746
595.0 96.5084433555603
596.0 97.16132283210754
597.0 97.11048603057861
598.0 96.99602127075195
599.0 96.93503975868225
600.0 97.15619087219238
601.0 96.16259932518005
602.0 96.64702415466309
603.0 96.35867476463318
604.0 96.2151050567627
605.0 96.87860608100891
606.0 96.20748162269592
607.0 96.39158844947815
608.0 96.26429677009583
609.0 95.50673961639404
610.0 95.76855897903442
611.0 96.07436060905457
612.0 95.98341584205627
613.0 96.84019684791565
614.0 96.77020311355591
615.0 96.20230793952942
616.0 96.81196808815002
617.0 96.74405455589294
618.0 96.42297625541687
619.0 97.10772633552551
620.0 95.89635729789734
621.0 95.5920159816742
622.0 96.77895903587341
623.0 96.63388133049011
624.0 96.63563966751099
625.0 96.9921350479126
626.0 96.34221196174622
627.0 95.07777690887451
628.0 97.24040031433105
629.0 95.66242694854736
630.0 96.55784964561462
631.0 96.02108001708984
632.0 96.74831628799438
633.0 96.44506573677063
634.0 96.05259895324707
635.0 96.37460112571716
636.0 96.02617621421814
637.0 95.42121291160583
638.0 95.2826738357544
639.0 95.50464749336243
640.0 95.32275199890137
641.0 95.47706246376038
642.0 96.20130658149719
643.0 96.13621234893799
644.0 96.31513953208923
645.0 96.00889682769775
646.0 96.4978039264679
647.0 96.83049321174622
648.0 96.28692865371704
649.0 95.64986228942871
650.0 96.46843075752258
651.0 96.92437648773193
652.0 97.00050354003906
653.0 96.03695869445801
654.0 96.91800475120544
655.0 96.68610095977783
656.0 95.98960280418396
657.0 96.06730341911316
658.0 96.32533192634583
659.0 96.68741226196289
660.0 95.63350081443787
661.0 95.54219245910645
662.0 95.56777477264404
663.0 95.72189450263977
664.0 95.59891819953918
665.0 95.4485833644867
666.0 95.46297788619995
667.0 95.85710763931274
668.0 94.99048590660095
669.0 95.76351046562195
670.0 95.50437927246094
671.0 95.67586183547974
672.0 95.12327313423157
673.0 95.62934041023254
674.0 95.03905177116394
675.0 95.86455225944519
676.0 95.3847348690033
677.0 94.12553906440735
678.0 93.51645708084106
679.0 92.527174949646
680.0 92.02728271484375
681.0 90.57961702346802
682.0 88.28901648521423
683.0 85.94586253166199
684.0 82.5000524520874
685.0 79.34142351150513
686.0 75.32883882522583
687.0 70.91258764266968
688.0 66.40452146530151
689.0 62.28188872337341
690.0 57.02136754989624
691.0 53.01809906959534
692.0 48.267799615859985
693.0 44.078329205513
694.0 39.051151275634766
695.0 33.80669951438904
696.0 28.44398319721222
697.0 23.12595248222351
698.0 17.237384617328644
699.0 12.514962255954742
700.0 8.792413771152496
701.0 5.559757351875305
702.0 3.4678377211093903
703.0 1.9600918516516685
704.0 1.1032775975763798
705.0 0.6613826844841242
706.0 0.4240773618221283
707.0 0.23712585680186749
708.0 0.13896911405026913
709.0 0.14794268645346165
710.0 0.11261204490438104
711.0 0.09592887363396585
712.0 0.058692629681900144
713.0 0.055350520415231586
714.0 0.03544377686921507
715.0 0.06312348996289074
716.0 0.08009110460989177
717.0 0.06849642959423363
718.0 0.03153668076265603
719.0 1.633212987593724e-10
720.0 1.633212987593724e-10
721.0 0.004570069722831249
722.0 0.004263069058652036
723.0 0.0039560683944728225
724.0 0.0036664176150225103
725.0 0.003376766835572198
726.0 0.0031174520700005814
727.0 0.002858137304428965
728.0 0.002767178557405714
729.0 0.002676219810382463
730.0 0.002480843977537006
731.0 0.0022854683265904896
732.0 0.0022473393983091228
733.0 0.0022092102881288156
734.0 0.0021572921468759887
735.0 0.002105373641825281
736.0 0.00189972051884979
737.0 0.0016940673958742991
738.0 0.0016708912880858406
739.0 0.0016477151802973822
740.0 0.0016249307009275071
741.0 0.0016021464034565724
742.0 0.0015012876247055829
743.0 0.001400428755005123
744.0 0.001442710345145315
745.0 0.0014849918443360366
746.0 0.0013689364095625933
747.0 0.0012528810657386202
748.0 0.0011586661457840819
749.0 0.0010644512258295435
750.0 0.0010364217814640142
751.0 0.0010083925189974252
752.0 0.0010752594789664727
753.0 0.0011421264389355201
754.0 0.0011336919669702183
755.0 0.001125257767853327
756.0 0.0010684114386094734
757.0 0.0010115650184161495
758.0 0.0010326815754524432
759.0 0.0010537981324887369
760.0 0.0010683202162908856
761.0 0.0010828423910425045
762.0 0.0011022954822692554
763.0 0.0011217490282433573
764.0 0.0011042080586776137
765.0 0.0010866669981624
766.0 0.0008817010893835686
767.0 0.0006767351351300022
768.0 0.0006857163953100098
769.0 0.0006946974735910771
770.0 0.0007517674930568319
771.0 0.0008088374670478515
772.0 0.0008106671884888783
773.0 0.0008124968189804349
774.0 0.0008956565579865128
775.0 0.0009788162060431205
776.0 0.0009548833077133168
777.0 0.0009309505003329832
778.0 0.000916327098821057
779.0 0.0009017038792080712
780.0 0.0007753828867862467
781.0 0.0006490621217380976
782.0 0.0007111690592864761
783.0 0.0007732760423095897
784.0 0.0008101723324216437
785.0 0.0008470684406347573
786.0 0.0007617325536557473
787.0 0.0006763966666767374
788.0 0.0006643241249548737
789.0 0.0006522516287077451
790.0 0.000693119955030852
791.0 0.000733988326828694
792.0 0.0007766238923068158
793.0 0.0008192595487344079
794.0 0.0008554543455829844
795.0 0.0008916490514820907
796.0 0.0007394553449557861
797.0 0.0005872615474800114
798.0 0.000695751577950432
799.0 0.0008042416993703227
800.0 0.0007982291208463721
801.0 0.0007922163604234811
802.0 0.0007340363481489476
803.0 0.0006758561085007386
804.0 0.0007194126283138758
805.0 0.000762969193601748
806.0 0.0007272877155628521
807.0 0.0006916061920492211
808.0 0.0007366114459728124
809.0 0.0007816166544216685
810.0 0.0007082140200509457
811.0 0.0006348115675791632
812.0 0.0006364756700349972
813.0 0.0006381396815413609
814.0 0.0005698774657503236
815.0 0.0005016152954340214
816.0 0.000620558012087713
817.0 0.0007395008196908748
818.0 0.0006102001407271018
819.0 0.00048089946176332887
820.0 0.0004462721335585229
821.0 0.00041164480535371695
822.0 0.0005013718237023568
823.0 0.0005910988420509966
824.0 0.0005176324975764146
825.0 0.0004441661076270975
826.0 0.0004673148396250326
827.0 0.0004904634806734975
828.0 0.00042481146920181345
829.0 0.0003591594349927618
830.0 0.0002075585825878079
831.0 5.595774723587965e-05
832.0 1.633212987593724e-10
833.0 1.633212987593724e-10
834.0 1.633212987593724e-10
835.0 3.2943538030849595e-05
836.0 0.00022442629870056408
837.0 0.0004159091531619197
838.0 0.0006796250090701506
839.0 0.0009433409104531165
840.0 0.001239970060851192
841.0 0.0015365991202997975
842.0 0.0019774997781496495
843.0 0.002418400617898442
844.0 0.002421086719550658
845.0 0.0024237730031018145
846.0 0.0025414092306164093
847.0 0.0026590450943331234
848.0 0.002616408164612949
849.0 0.0025737708710948937
850.0 0.0021777937945444137
851.0 0.0017818165360949934
852.0 0.0014959287909732666
853.0 0.0012100406820536591
854.0 0.0010050971468444914
855.0 0.0008001532478374429
856.0 0.0006221387593541294
857.0 0.00044412427087081596
858.0 0.0005276044248603284
859.0 0.0006110845333751058
860.0 0.000537129380973056
861.0 0.0004631741376215359
862.0 0.00039263914004550315
863.0 0.00032210411973210284
864.0 0.00024228131678682985
865.0 0.0001624585706849757
866.0 0.00014532906789099798
867.0 0.00012819950825360138
868.0 0.00014037316304893466
869.0 0.00015254677236953285
870.0 9.14647330318985e-05
871.0 3.0382685167751333e-05
872.0 1.633212987593724e-10
873.0 1.633212987593724e-10
874.0 1.633212987593724e-10
875.0 1.633212987593724e-10
876.0 1.633212987593724e-10
877.0 1.084428973285867e-05
878.0 5.149582875674241e-05
879.0 9.214734859597229e-05
880.0 0.00011391560974516324
881.0 0.00013568384247264476
882.0 0.00013805338312522508
883.0 0.00014042293514648918
884.0 4.530026131988052e-06
885.0 1.633212987593724e-10
886.0 1.633212987593724e-10
887.0 0.00012385295349304215
888.0 0.0001636966658224992
889.0 0.00020354041225800756
890.0 0.00016210077546929824
891.0 0.00012066112731190515
892.0 1.2816497019230155e-05
893.0 1.633212987593724e-10
894.0 1.633212987593724e-10
895.0 2.7014829129257123e-05
896.0 3.064130567054235e-05
897.0 3.426781347570795e-05
898.0 9.024897167364543e-05
899.0 0.00014623012702941196
900.0 9.190518426294148e-05
901.0 3.758024433864193e-05
