lsstCam/transmission_filter_detector/r20_s11/r_57/19700101T000000.ecsv
# %ECSV 1.0
# ---
# datatype:
# - {name: wavelength, unit: nm, datatype: float32}
# - {name: efficiency, unit: '%', datatype: float64}
# meta: !!omap
# - {MODE: DETECTOR}
# - {TYPE: transmission_filter_detector}
# - {CALIBDATE: '1970-01-01T00:00:00'}
# - {INSTRUME: LSSTCam}
# - {OBSTYPE: transmission_filter_detector}
# - {CALIBCLS: lsst.ip.isr.IntermediateFilterDetectorTransmissionCurve}
# - {SOURCE: Materion (DM-46256)}
# - {DETECTOR: 76}
# - {FILTER: r_57}
# - {CALIB_ID: 'calibDate=1970-01-01T00:00:00 filter=r_57 detector=76'}
# - {DATE: '2025-04-02T15:59:44.534557'}
# - {CALIB_CREATION_DATE: '2025-04-02'}
# - {CALIB_CREATION_TIME: '15:59:44'}
# - __serialized_columns__:
#     efficiency:
#       __class__: astropy.units.quantity.Quantity
#       unit: !astropy.units.Unit {unit: '%'}
#       value: !astropy.table.SerializedColumn {name: efficiency}
#     wavelength:
#       __class__: astropy.units.quantity.Quantity
#       unit: !astropy.units.Unit {unit: nm}
#       value: !astropy.table.SerializedColumn {name: wavelength}
# schema: astropy-2.0
wavelength efficiency
[from data line 603]
903.0 1.633212987593724e-10
904.0 1.633212987593724e-10
905.0 1.633212987593724e-10
906.0 1.633212987593724e-10
907.0 1.633212987593724e-10
908.0 1.633212987593724e-10
909.0 1.633212987593724e-10
910.0 1.633212987593724e-10
911.0 1.633212987593724e-10
912.0 1.633212987593724e-10
913.0 1.633212987593724e-10
914.0 1.633212987593724e-10
915.0 1.9864337730268744e-06
916.0 1.633212987593724e-10
917.0 1.633212987593724e-10
918.0 5.179392701393226e-05
919.0 0.00012135774341004435
920.0 5.741530912928283e-05
921.0 1.633212987593724e-10
922.0 9.491681112194783e-05
923.0 0.0001963607701327419
924.0 0.00020281497654650593
925.0 0.00020926920569763752
926.0 0.0001718885869195219
927.0 0.00013450797951009008
928.0 0.00016642011360090692
929.0 0.00019833221358567243
930.0 0.00021709190605179174
931.0 0.0002358515757805435
932.0 0.00010050955552287633
933.0 1.633212987593724e-10
934.0 6.623283184126194e-05
935.0 0.00016729810567994718
936.0 0.00019563199202821124
937.0 0.00022396586700779153
938.0 0.00019311264622956514
939.0 0.00016225947092607385
940.0 0.00018027034229817218
941.0 0.00019828119093290297
942.0 0.00035336117889528396
943.0 0.0005084411895950325
944.0 0.00036686471958091715
945.0 0.0002252882950415369
946.0 0.00028252929951122496
947.0 0.00033977028124354547
948.0 0.00039413066588167567
949.0 0.0004484912096813787
950.0 0.00046408558773691766
951.0 0.00047968001126719173
952.0 0.0006268980087043019
953.0 0.0007741161425656173
954.0 0.0010532540727581363
955.0 0.0013323922757990658
956.0 0.0014065385585126933
957.0 0.0014806847502768505
958.0 0.0016367554053431377
959.0 0.0017928263332578354
960.0 0.0019483954019960947
961.0 0.002103964834532235
962.0 0.002279799446114339
963.0 0.0024556342395953834
964.0 0.0024713050152058713
965.0 0.002486975608917419
966.0 0.0024331180611625314
967.0 0.002379260149609763
968.0 0.002364795363973826
969.0 0.002350330578337889
970.0 0.0024489378120051697
971.0 0.00254754504567245
972.0 0.0026306392101105303
973.0 0.00271373319264967
974.0 0.0029373504730756395
975.0 0.003160967753501609
976.0 0.003220021608285606
977.0 0.003279075463069603
978.0 0.0031752733775647357
979.0 0.003071470928261988
980.0 0.003053557884413749
981.0 0.0030356444767676294
982.0 0.003107675729552284
983.0 0.0031797069823369384
984.0 0.0030752413294976577
985.0 0.0029707758585573174
986.0 0.002876824510167353
987.0 0.0027828731617773883
988.0 0.0026333033019909635
989.0 0.00248373398790136
990.0 0.0025461087716394104
991.0 0.0026084837372764014
992.0 0.002620336272229906
993.0 0.002632189352880232
994.0 0.0026693438485381193
995.0 0.0027064981622970663
996.0 0.0027629932446870953
997.0 0.002819488145178184
998.0 0.0029808299586875364
999.0 0.003142171772196889
1000.0 0.0032329637178918347
1001.0 0.0033237552997888997
1002.0 0.0035594843211583793
1003.0 0.003795212978729978
1004.0 0.003864879545290023
1005.0 0.0039345453842543066
1006.0 0.0041533505282131955
1007.0 0.004372156035969965
1008.0 0.0043300453398842365
1009.0 0.004287934643798508
1010.0 0.004273266677046195
1011.0 0.004258599074091762
1012.0 0.004188570528640412
1013.0 0.004118541619391181
1014.0 0.0039232498238561675
1015.0 0.0037279576645232737
1016.0 0.003534844290697947
1017.0 0.0033417309168726206
1018.0 0.002943907384178601
1019.0 0.002546084397181403
1020.0 0.002185356970585417
1021.0 0.0018246295439894311
1022.0 0.001587886072229594
1023.0 0.0013511423276213463
1024.0 0.001346433964499738
1025.0 0.0013417257832770701
1026.0 0.0012514275113062467
1027.0 0.001161129057436483
1028.0 0.0010431338523630984
1029.0 0.0009251386472897138
1030.0 0.0009177742867905181
1031.0 0.0009104094715439714
1032.0 0.0009341181794297881
1033.0 0.0009578267054166645
1034.0 0.0008129579327942338
1035.0 0.0006680890237475978
1036.0 0.0007496038961107843
1037.0 0.0008311185411002953
1038.0 0.0007577471023978433
1039.0 0.0006843757546448614
1040.0 0.0007629972969880328
1041.0 0.0008416190212301444
1042.0 0.0008830142178339884
1043.0 0.0009244089596904814
1044.0 0.0008666097528475802
1045.0 0.0008088107279036194
1046.0 0.0008319658263644669
1047.0 0.0008551212886231951
1048.0 0.0007285845640581101
1049.0 0.0006020478849677602
1050.0 0.0006562202543136664
1051.0 0.0007103927146090427
1052.0 0.0009368628525407985
1053.0 0.0011633326721494086
1054.0 0.0010349968761147466
1055.0 0.0009066609891306143
1056.0 0.0009119444257521536
1057.0 0.0009172281352221034
1058.0 0.0008173506103048567
1059.0 0.0007174730399128748
1060.0 0.001093947867047973
1061.0 0.0014704222849104553
1062.0 0.00153575911099324
1063.0 0.001601095573278144
1064.0 0.0012211106877657585
1065.0 0.0008411254384554923
1066.0 0.0012074297956132796
1067.0 0.0015737343346700072
1068.0 0.0018355476640863344
1069.0 0.0020973604478058405
1070.0 0.0016654739738442004
1071.0 0.0012335875908320304
1072.0 0.0014281587027653586
1073.0 0.0016227300875470974
1074.0 0.00205511551030213
1075.0 0.0024875011149561033
1076.0 0.002748800761764869
1077.0 0.0030101005904725753
1078.0 0.0035379711334826425
1079.0 0.004065841494593769
1080.0 0.004279433051124215
1081.0 0.00449302424385678
1082.0 0.004251121208653785
1083.0 0.004009218537248671
1084.0 0.004596226426656358
1085.0 0.005183233588468283
1086.0 0.005135309402248822
1087.0 0.00508738485223148
1088.0 0.004788033402292058
1089.0 0.0044886819523526356
1090.0 0.004399256067699753
1091.0 0.00430983018304687
1092.0 0.004267991971573792
1093.0 0.004226153760100715
1094.0 0.004226149394526146
1095.0 0.004226144665153697
1096.0 0.003332606502226554
1097.0 0.0024390683392994106
1098.0 0.0020103741917409934
1099.0 0.0015816800441825762
1100.0 0.0013973709428682923
1101.0 0.0012130614777561277
