lsstCam/transmission_filter_detector/r10_s02/y_10/19700101T000000.ecsv
# %ECSV 1.0
# ---
# datatype:
# - {name: wavelength, unit: nm, datatype: float32}
# - {name: efficiency, unit: '%', datatype: float64}
# meta: !!omap
# - {MODE: DETECTOR}
# - {TYPE: transmission_filter_detector}
# - {CALIBDATE: '1970-01-01T00:00:00'}
# - {INSTRUME: LSSTCam}
# - {OBSTYPE: transmission_filter_detector}
# - {CALIBCLS: lsst.ip.isr.IntermediateFilterDetectorTransmissionCurve}
# - {SOURCE: Materion (DM-46256)}
# - {DETECTOR: 29}
# - {FILTER: y_10}
# - {CALIB_ID: 'calibDate=1970-01-01T00:00:00 filter=y_10 detector=29'}
# - {DATE: '2025-04-02T15:59:50.876509'}
# - {CALIB_CREATION_DATE: '2025-04-02'}
# - {CALIB_CREATION_TIME: '15:59:50'}
# - __serialized_columns__:
#     efficiency:
#       __class__: astropy.units.quantity.Quantity
#       unit: !astropy.units.Unit {unit: '%'}
#       value: !astropy.table.SerializedColumn {name: efficiency}
#     wavelength:
#       __class__: astropy.units.quantity.Quantity
#       unit: !astropy.units.Unit {unit: nm}
#       value: !astropy.table.SerializedColumn {name: wavelength}
# schema: astropy-2.0
wavelength efficiency
[from data line 578]
878.0 0.0009156296982837375
879.0 0.0016723777662264183
880.0 0.05443252739496529
881.0 0.09749361779540777
882.0 0.0590530049521476
883.0 0.09469208889640868
884.0 0.05595818511210382
885.0 0.07654413930140436
886.0 0.07385062635876238
887.0 0.08087190217338502
888.0 0.063753203721717
889.0 0.10767849162220955
890.0 0.06762415287084877
891.0 0.0785391079261899
892.0 0.07138585788197815
893.0 0.09615098242647946
894.0 0.08090002811513841
895.0 0.10433903662487864
896.0 0.06776373484171927
897.0 0.09656795882619917
898.0 0.0770384503994137
899.0 0.10382706532254815
900.0 0.08692394476383924
901.0 0.12247775448486209
902.0 0.13210676843300462
903.0 0.14390164287760854
904.0 0.16186593566089869
905.0 0.1800311845727265
906.0 0.20885427948087454
907.0 0.2551950514316559
908.0 0.33444894943386316
909.0 0.42902734130620956
910.0 0.5794757511466742
911.0 0.7909724488854408
912.0 1.1374544352293015
913.0 1.696951687335968
914.0 2.4228431284427643
915.0 3.527766838669777
916.0 4.977385327219963
917.0 6.7152902483940125
918.0 8.827623724937439
919.0 10.97654402256012
920.0 14.011606574058533
921.0 17.17331111431122
922.0 20.295535027980804
923.0 23.863540589809418
924.0 27.705499529838562
925.0 31.988808512687683
926.0 37.3105525970459
927.0 43.26629042625427
928.0 48.82345795631409
929.0 55.09818196296692
930.0 61.0409140586853
931.0 67.2152578830719
932.0 73.26456904411316
933.0 78.7776529788971
934.0 83.19336771965027
935.0 86.65728569030762
936.0 89.57212567329407
937.0 91.77426099777222
938.0 93.3918297290802
939.0 94.36402916908264
940.0 95.02582550048828
941.0 95.47026753425598
942.0 95.88844776153564
943.0 96.10556364059448
944.0 96.56431078910828
945.0 96.6524064540863
946.0 96.85752391815186
947.0 96.92161083221436
948.0 97.10315465927124
949.0 97.02690839767456
950.0 97.11465835571289
951.0 97.13379740715027
952.0 97.13364243507385
953.0 97.27311730384827
954.0 97.29763865470886
955.0 97.36675024032593
956.0 97.58135080337524
957.0 97.76331186294556
958.0 97.95865416526794
959.0 98.08450937271118
960.0 98.25568199157715
961.0 98.36359024047852
962.0 98.45565557479858
963.0 98.53028655052185
964.0 98.58765006065369
965.0 98.68460297584534
966.0 98.73820543289185
967.0 98.8385260105133
968.0 98.82068037986755
969.0 98.82940649986267
970.0 98.85615706443787
971.0 98.86757731437683
972.0 98.9384651184082
973.0 99.01063442230225
974.0 99.02295470237732
975.0 98.99492859840393
976.0 99.04768466949463
977.0 99.04667139053345
978.0 99.1076111793518
979.0 99.08386468887329
980.0 99.07183051109314
981.0 98.98921847343445
982.0 98.9469051361084
983.0 98.99267554283142
984.0 98.93549084663391
985.0 98.93051981925964
986.0 98.80544543266296
987.0 98.8569974899292
988.0 98.74326586723328
989.0 98.71411919593811
990.0 98.64402413368225
991.0 98.66475462913513
992.0 98.7073302268982
993.0 98.65060448646545
994.0 98.60852360725403
995.0 98.62499833106995
996.0 98.61618876457214
997.0 98.6929178237915
998.0 98.71411919593811
999.0 98.80579113960266
1000.0 98.82572889328003
1001.0 98.82071614265442
1002.0 98.94639849662781
1003.0 98.97608757019043
1004.0 99.06734228134155
1005.0 99.00186657905579
1006.0 99.14276003837585
1007.0 99.16452765464783
1008.0 99.11960959434509
1009.0 99.06616806983948
1010.0 99.13497567176819
1011.0 99.14184808731079
1012.0 99.01394844055176
1013.0 99.02796149253845
1014.0 99.02589321136475
1015.0 98.97083640098572
1016.0 98.94125461578369
1017.0 98.97540211677551
1018.0 98.97052645683289
1019.0 98.88245463371277
1020.0 98.94559383392334
1021.0 99.07862544059753
1022.0 98.91000986099243
1023.0 98.95911812782288
1024.0 98.9437997341156
1025.0 98.90079498291016
1026.0 98.9615261554718
1027.0 99.0344226360321
1028.0 99.00580048561096
1029.0 99.09642338752747
1030.0 99.12458062171936
1031.0 99.10213947296143
1032.0 99.09860491752625
1033.0 99.11277294158936
1034.0 99.14766550064087
1035.0 99.18413162231445
1036.0 99.11696314811707
1037.0 99.17206168174744
1038.0 99.10650849342346
1039.0 99.06954169273376
1040.0 98.99938106536865
1041.0 99.04492497444153
1042.0 98.98226261138916
1043.0 98.97974729537964
1044.0 98.9905059337616
1045.0 98.73112440109253
1046.0 98.90061020851135
1047.0 98.83227944374084
1048.0 98.86748790740967
1049.0 98.7920343875885
1050.0 98.7661361694336
1051.0 98.71768355369568
1052.0 98.70654344558716
1053.0 98.60265851020813
1054.0 98.90008568763733
1055.0 98.91749024391174
1056.0 98.83769750595093
1057.0 98.86176586151123
1058.0 98.79703521728516
1059.0 98.79373908042908
1060.0 98.8743007183075
1061.0 98.74183535575867
1062.0 98.76641631126404
1063.0 98.86078238487244
1064.0 99.00671243667603
1065.0 98.93869757652283
1066.0 98.98079037666321
1067.0 98.97767901420593
1068.0 98.99886846542358
1069.0 98.79024624824524
1070.0 99.16658997535706
1071.0 98.8673985004425
1072.0 98.95792603492737
1073.0 99.06503558158875
1074.0 98.74087572097778
1075.0 98.76601696014404
1076.0 98.502117395401
1077.0 98.86592030525208
1078.0 99.01966452598572
1079.0 98.6466646194458
1080.0 99.33225512504578
1081.0 98.68601560592651
1082.0 98.62822890281677
1083.0 98.50711226463318
1084.0 98.87857437133789
1085.0 98.94362688064575
1086.0 98.89369010925293
1087.0 98.75032901763916
1088.0 98.47656488418579
1089.0 98.50316643714905
1090.0 98.58525395393372
1091.0 98.7693190574646
1092.0 98.74483942985535
1093.0 98.6713707447052
1094.0 98.35524559020996
1095.0 98.35132360458374
1096.0 98.60072135925293
1097.0 98.24129343032837
1098.0 97.83254265785217
1099.0 98.56489300727844
1100.0 98.18863272666931
