lsstCam/transmission_filter_detector/r10_s02/y_10/19700101T000000.ecsv
# %ECSV 1.0
# ---
# datatype:
# - {name: wavelength, unit: nm, datatype: float32}
# - {name: efficiency, unit: '%', datatype: float64}
# meta: !!omap
# - {MODE: DETECTOR}
# - {TYPE: transmission_filter_detector}
# - {CALIBDATE: '1970-01-01T00:00:00'}
# - {INSTRUME: LSSTCam}
# - {OBSTYPE: transmission_filter_detector}
# - {CALIBCLS: lsst.ip.isr.IntermediateFilterDetectorTransmissionCurve}
# - {SOURCE: Materion (DM-46256)}
# - {DETECTOR: 29}
# - {FILTER: y_10}
# - {CALIB_ID: 'calibDate=1970-01-01T00:00:00 filter=y_10 detector=29'}
# - {DATE: '2025-04-02T15:59:50.876509'}
# - {CALIB_CREATION_DATE: '2025-04-02'}
# - {CALIB_CREATION_TIME: '15:59:50'}
# - __serialized_columns__:
#     efficiency:
#       __class__: astropy.units.quantity.Quantity
#       unit: !astropy.units.Unit {unit: '%'}
#       value: !astropy.table.SerializedColumn {name: efficiency}
#     wavelength:
#       __class__: astropy.units.quantity.Quantity
#       unit: !astropy.units.Unit {unit: nm}
#       value: !astropy.table.SerializedColumn {name: wavelength}
# schema: astropy-2.0
wavelength efficiency
300.0 0.5352603271603584
301.0 0.28499828185886145
302.0 0.03473621036391705
303.0 0.03138875763397664
304.0 0.028041310724802315
305.0 0.01887711841845885
306.0 0.009712923929328099
307.0 0.016676755330991
308.0 0.023640584549866617
309.0 0.0166412050020881
310.0 0.009641823271522298
311.0 0.008379313658224419
312.0 0.007116800406947732
313.0 0.007590738823637366
314.0 0.008064677240327
315.0 0.0067659770138561726
316.0 0.005467278970172629
317.0 0.005560958743444644
318.0 0.005654634878737852
319.0 0.0033707558031892404
320.0 0.0010868754543480463
321.0 0.002710065928113181
322.0 0.004333256219979376
323.0 0.0033164527849294245
324.0 0.002299649167980533
325.0 0.0005798739039164502
326.0 1.671346437984167e-10
327.0 0.000263378888121224
328.0 0.0016666594092384912
329.0 0.003128271782770753
330.0 0.004589883974404074
331.0 0.004121432721149176
332.0 0.0036529811040963978
333.0 0.002655571370269172
334.0 0.0016581612726440653
335.0 0.0021748066501459107
336.0 0.0026914523914456367
337.0 0.003012778688571416
338.0 0.003334104985697195
339.0 0.0016310128557961434
340.0 1.671346437984167e-10
341.0 1.671346437984167e-10
342.0 1.671346437984167e-10
343.0 0.0003142153445878648
344.0 0.0010014601684815716
345.0 0.0013061079698672984
346.0 0.0016107564078993164
347.0 0.0015685980542912148
348.0 0.0015264395187841728
349.0 0.0011807343071268406
350.0 0.0008350287316716276
351.0 0.0012196692296129186
352.0 0.0016043091818573885
353.0 0.0012960495041625109
354.0 0.000987789735518163
355.0 0.0010463139915373176
356.0 0.0011048383385059424
357.0 0.0008484281352139078
358.0 0.0005920178409724031
359.0 0.0006953476258786395
360.0 0.0007986773198354058
361.0 0.0011391811312932987
362.0 0.001479684669902781
363.0 0.0011703666132234503
364.0 0.0008610481017967686
365.0 0.0011334806913509965
366.0 0.0014059138266020454
367.0 0.0019435259673628025
368.0 0.0024811382900225
369.0 0.002201455208705738
370.0 0.0019217723092879169
371.0 0.0018204969819635153
372.0 0.0017192214727401733
373.0 0.0021145713617443107
374.0 0.0025099210688495077
375.0 0.0033006112062139437
376.0 0.004091301161679439
377.0 0.003944971467717551
378.0 0.0037986414099577814
379.0 0.0034117339964723215
380.0 0.0030248262191889808
381.0 0.0021011232092860155
382.0 0.0011774199265346397
383.0 0.001187839461636031
384.0 0.0011982589057879522
385.0 0.0009029123248183168
386.0 0.0006075656983739464
387.0 0.0006691081125609344
388.0 0.0007306506176973926
389.0 0.0006813419986428926
390.0 0.0006320334705378627
391.0 0.0005803674866911024
392.0 0.000528701502844342
393.0 0.0006075437795516336
394.0 0.0006863862381578656
395.0 0.0006663871317869052
396.0 0.000646388116365415
397.0 0.0008332537618116476
398.0 0.0010201194527326152
399.0 0.0012932649951835629
400.0 0.001566410719533451
401.0 0.0017277088772971183
402.0 0.0018890070350607857
403.0 0.0018265300241182558
404.0 0.001764053013175726
405.0 0.0016996131307678297
406.0 0.0016351734302588739
407.0 0.001368270841339836
408.0 0.0011013684343197383
409.0 0.0008846155651554
410.0 0.0006678626505163265
411.0 0.00030041501304367557
412.0 1.671346437984167e-10
413.0 0.0007065689715091139
414.0 0.0014801703400735278
415.0 0.0019965142200817354
416.0 0.0025128583729383536
417.0 0.0010752214620879386
418.0 1.671346437984167e-10
419.0 1.671346437984167e-10
420.0 1.671346437984167e-10
421.0 1.671346437984167e-10
422.0 0.0006173449946800247
423.0 0.0004573849309963407
424.0 0.00029742461720161373
425.0 1.671346437984167e-10
426.0 1.671346437984167e-10
427.0 1.671346437984167e-10
428.0 0.0003285329512436874
429.0 1.671346437984167e-10
430.0 1.671346437984167e-10
431.0 0.0003329302444399218
432.0 0.0014056647160032298
433.0 0.0008529714250471443
434.0 0.0003002786343131447
435.0 3.4004000326604e-05
436.0 1.671346437984167e-10
437.0 5.4064383903096314e-05
438.0 0.00034039915135508636
439.0 1.671346437984167e-10
440.0 1.671346437984167e-10
441.0 1.671346437984167e-10
442.0 1.671346437984167e-10
443.0 1.671346437984167e-10
444.0 1.671346437984167e-10
445.0 0.00010841332596100983
446.0 0.0006356952781061409
447.0 0.000838772211864125
448.0 0.0010418490091979038
449.0 0.0009451794539927505
450.0 0.0008485097168886568
451.0 0.00031961728836904513
452.0 1.671346437984167e-10
453.0 1.671346437984167e-10
454.0 6.734587998380448e-06
455.0 1.671346437984167e-10
456.0 1.671346437984167e-10
457.0 3.4622271982698294e-05
458.0 0.00013181564781916677
459.0 0.00012274183518456994
460.0 0.00011366805665602442
461.0 0.0002531895688662189
462.0 0.0003927110356016783
463.0 0.0004134907158004353
464.0 0.00043427048694866244
465.0 0.0004950594302499667
466.0 0.0005558485099754762
467.0 0.0010288707017025445
468.0 0.0015018927115306724
469.0 0.0015966097635100596
470.0 0.0016913261788431555
471.0 0.0015709241779404692
472.0 0.001450521631340962
473.0 0.002116513132932596
474.0 0.0027825044526252896
475.0 0.002592844975879416
476.0 0.0024031856810324825
477.0 0.0029467462809407152
478.0 0.0034903066989500076
479.0 0.003981377449235879
480.0 0.004472448563319631
481.0 0.004578434891300276
482.0 0.00468442085548304
483.0 0.004039613122586161
484.0 0.00339480466209352
485.0 0.0037000554584665224
486.0 0.004005305527243763
487.0 0.003398114495212212
488.0 0.0027909230993827805
489.0 0.0022883619749336503
490.0 0.0017858013961813413
491.0 0.0015354162314906716
492.0 0.001285031066800002
493.0 0.001016279111354379
494.0 0.0007475275651813718
495.0 0.001072792656486854
496.0 0.0013980578842165414
497.0 0.0018753433323581703
498.0 0.00235262923524715
499.0 0.002415766539343167
500.0 0.002478904207237065
501.0 0.002457405389577616
502.0 0.0024359067538171075
503.0 0.0024753710022196174
504.0 0.002514835068723187
505.0 0.0031624596886103973
506.0 0.0038100846722954884
507.0 0.002775782559183426
508.0 0.0017414800822734833
509.0 0.0019952994989580475
510.0 0.0022491187337436713
511.0 0.00227759410336148
512.0 0.002306069654878229
513.0 0.0019349563444848172
514.0 0.0015638435797882266
515.0 0.0013785092960461043
516.0 0.001193175012303982
517.0 0.0013601165846921504
518.0 0.001527057793282438
519.0 0.0015029248970677145
520.0 0.0014787916370551102
521.0 0.0016809597582323477
522.0 0.0018831276975106448
523.0 0.001766161403793376
524.0 0.0016491952919750474
525.0 0.002017666156461928
526.0 0.00238613774854457
527.0 0.0024432203645119444
528.0 0.0025003035261761397
529.0 0.0026522709958953783
530.0 0.0028042382837156765
531.0 0.0026622081350069493
532.0 0.0025201778043992817
533.0 0.0027069005227531306
534.0 0.0028936226954101585
535.0 0.0024336526621482335
536.0 0.001973682446987368
537.0 0.0022247868400882
538.0 0.002475891051290091
539.0 0.003206196561222896
540.0 0.0039365018892567605
541.0 0.004027406612294726
542.0 0.004118311335332692
543.0 0.0043262338294880465
544.0 0.004534156323643401
545.0 0.004806747165275738
546.0 0.005079338006908074
547.0 0.004226174496579915
548.0 0.0033730109862517565
549.0 0.003072149775107391
550.0 0.002771288563963026
551.0 0.002752293221419677
552.0 0.0027332978788763285
553.0 0.0030630151741206646
554.0 0.0033927317417692393
555.0 0.0035818891774397343
556.0 0.0037710466131102294
557.0 0.00360916274075862
558.0 0.003447278868407011
559.0 0.003393441511434503
560.0 0.003339603790664114
561.0 0.0033602293115109205
562.0 0.003380854832357727
563.0 0.0031888197554508224
564.0 0.0029967850423417985
565.0 0.003679908695630729
566.0 0.00436303234891966
567.0 0.00454857072327286
568.0 0.0047341087338281795
569.0 0.00553895442862995
570.0 0.006343799759633839
571.0 0.0062652601627632976
572.0 0.006186720565892756
573.0 0.0064666339312680066
574.0 0.0067465480242390186
575.0 0.006446855695685372
576.0 0.006147163367131725
577.0 0.005559013879974373
578.0 0.004970864756614901
579.0 0.005634291301248595
580.0 0.00629771820968017
581.0 0.006917370774317533
582.0 0.007537021883763373
583.0 0.008633243123767897
584.0 0.009729461453389376
585.0 0.010149146692128852
586.0 0.010568832658464089
587.0 0.010292780643794686
588.0 0.010016725718742236
589.0 0.010365021444158629
590.0 0.010713318624766544
591.0 0.009786708687897772
592.0 0.008860098023433238
593.0 0.007319716678466648
594.0 0.005779337880085222
595.0 0.005711153426091187
596.0 0.005642968972097151
597.0 0.006009631033521146
598.0 0.0063762927311472595
599.0 0.0074183219112455845
600.0 0.008460350363748148
601.0 0.009024239261634648
602.0 0.009588125249138102
603.0 0.010579374065855518
604.0 0.011570626520551741
605.0 0.01156869693659246
606.0 0.011566767352633178
607.0 0.010051637946162373
608.0 0.008536512177670375
609.0 0.0065576896304264665
610.0 0.004578868538374081
611.0 0.003968083183281124
612.0 0.0033572981919860467
613.0 0.0037278452509781346
614.0 0.004098391946172342
615.0 0.004778350194101222
616.0 0.005458309533423744
617.0 0.006735019269399345
618.0 0.008011727913981304
619.0 0.00905664564925246
620.0 0.010101564112119377
621.0 0.011104668374173343
622.0 0.012107771908631548
623.0 0.012224723468534648
624.0 0.012341674300841987
625.0 0.010735316755017266
626.0 0.009128955571213737
627.0 0.007162502879509702
628.0 0.005196048732614145
629.0 0.004336266283644363
630.0 0.0034764845622703433
631.0 0.0029406475732685067
632.0 0.00240481058426667
633.0 0.002570012475189287
634.0 0.0027352145480108447
635.0 0.003006932274729479
636.0 0.003278649819549173
637.0 0.004024113513878547
638.0 0.004769577572005801
639.0 0.0048245001380564645
640.0 0.004879422340309247
641.0 0.005245106149232015
642.0 0.005610789594356902
643.0 0.005465418507810682
644.0 0.005320046693668701
645.0 0.004955140320817009
646.0 0.004590233220369555
647.0 0.003658508285298012
648.0 0.002726783168327529
649.0 0.0021467420083354227
650.0 0.0015667006664443761
651.0 0.0016360596418962814
652.0 0.0017054189811460674
653.0 0.0017176642359117977
654.0 0.001729909490677528
655.0 0.001750379306031391
656.0 0.001770849121385254
657.0 0.0016821779354359023
658.0 0.0015935067494865507
659.0 0.0019059352780459449
660.0 0.0022183636247063987
661.0 0.0018202410501544364
662.0 0.0014221182027540635
663.0 0.0022092737708589993
664.0 0.0029964296118123457
665.0 0.0035048058634856716
666.0 0.004013181751361117
667.0 0.004633835123968311
668.0 0.005254487041383982
669.0 0.005439047163235955
670.0 0.005623603647109121
671.0 0.006423090962925926
672.0 0.007222578278742731
673.0 0.008134645759128034
674.0 0.009046711784321815
675.0 0.008297352178487927
676.0 0.007547994755441323
677.0 0.006058138023945503
678.0 0.004568280928651802
679.0 0.0030170764148351736
680.0 0.0014658725376648363
681.0 0.0007278387329279212
682.0 1.671346437984167e-10
683.0 0.00020419779502844904
684.0 0.0004185909347143024
685.0 0.00027117359877593117
686.0 0.0001237562742062437
687.0 0.00014535320360664628
688.0 0.0001669501557444164
689.0 0.0002038029833784094
690.0 0.00024065586785582127
691.0 0.0003615430387071683
692.0 0.0004824302322958829
693.0 0.00041543498809915036
694.0 0.0003484397211650503
695.0 0.0004769040060637053
696.0 0.0006053684046491981
697.0 0.0005433336355054053
698.0 0.00048129882088687737
699.0 0.0004975534920959035
700.0 0.0005138079814059893
701.0 0.00034644658626348246
702.0 0.0001790852934391296
703.0 0.0002417239329588483
704.0 0.0003043624928977806
705.0 0.00036257115425541997
706.0 0.0004207795882393839
707.0 9.949696959665744e-05
708.0 1.671346437984167e-10
709.0 1.671346437984167e-10
710.0 6.021987815074681e-05
711.0 0.00036228093449608423
712.0 0.0006643419510510284
713.0 0.0004492794232646702
714.0 0.00023421689547831193
715.0 0.00035913569718104554
716.0 0.00048405449888377916
717.0 0.0003182427235515206
718.0 0.0001524309709566296
719.0 0.0003011085937032476
720.0 0.00044978614823776297
721.0 0.0002813912942656316
722.0 0.00011299650850560283
723.0 0.00018175642253481783
724.0 0.0002505163138266653
725.0 0.00039219607970153447
726.0 0.000533876027475344
727.0 0.00024038549781835172
728.0 1.671346437984167e-10
729.0 0.0002729409061430488
730.0 0.000598986798650003
731.0 0.0006908606792421779
732.0 0.0007827347872080281
733.0 0.00028852255127276294
734.0 1.671346437984167e-10
735.0 1.671346437984167e-10
736.0 1.671346437984167e-10
737.0 0.0003044209734071046
738.0 0.0009120009053731337
739.0 0.0005945701104792533
740.0 0.0002771389290501247
741.0 0.00013231189086582162
742.0 1.671346437984167e-10
743.0 1.671346437984167e-10
744.0 1.671346437984167e-10
745.0 0.0003569160071492661
746.0 0.0008083464308583643
747.0 0.0005109184257889865
748.0 0.00021349053440644639
749.0 3.1369946640324997e-06
750.0 1.671346437984167e-10
751.0 1.671346437984167e-10
752.0 6.774922667318606e-05
753.0 0.0002177379428758286
754.0 0.00036772669318452245
755.0 1.671346437984167e-10
756.0 1.671346437984167e-10
757.0 1.671346437984167e-10
758.0 1.671346437984167e-10
759.0 0.00012712168881989783
760.0 0.000694678419677075
761.0 0.00033589867598493584
762.0 1.671346437984167e-10
763.0 1.671346437984167e-10
764.0 1.671346437984167e-10
765.0 1.671346437984167e-10
766.0 0.0002529551238694694
767.0 1.671346437984167e-10
768.0 1.671346437984167e-10
769.0 1.671346437984167e-10
770.0 1.671346437984167e-10
771.0 1.671346437984167e-10
772.0 1.671346437984167e-10
773.0 0.00020896891328447964
774.0 0.0006346054760797415
775.0 0.00034500046695029596
776.0 5.5395327080987045e-05
777.0 0.0002489972075636615
778.0 0.00044259909373067785
779.0 0.0005033344677940477
780.0 0.0005640698873321526
781.0 0.000522564050697838
782.0 0.00048105816858878825
783.0 0.0003425796421652194
784.0 0.00020410116121638566
785.0 0.00012885028581877123
786.0 5.3599097782353056e-05
787.0 0.0005652543677570065
788.0 0.0010769094842544291
789.0 0.0008836024790070951
790.0 0.0006902955647092313
791.0 0.0004827639259019634
792.0 0.0002752320824583876
793.0 0.0005185854206501972
794.0 0.0007619384177814936
795.0 0.0007708617886237334
796.0 0.0007797849320922978
797.0 0.0004680972324422328
798.0 0.00015640949868611642
799.0 0.0006913606739544775
800.0 0.0012263119060662575
801.0 0.0006506587851617951
802.0 7.500570404772589e-05
803.0 0.00027870983103639446
804.0 0.00048241395234072115
805.0 0.0007876828931330238
806.0 0.0010929517884505913
807.0 0.000636065715298173
808.0 0.00017917964214575477
809.0 4.098557155884919e-05
810.0 1.671346437984167e-10
811.0 0.00020317120288382284
812.0 0.0005035508365835994
813.0 0.0007556346645287704
814.0 0.0010077184924739413
815.0 0.0009280976883019321
816.0 0.0008484763384331018
817.0 0.0009427662917005364
818.0 0.0010370563359174412
819.0 0.0009851073627942242
820.0 0.0009331585715699475
821.0 0.0008996848009701353
822.0 0.000866211030370323
823.0 0.0007234798431454692
824.0 0.000580748928769026
825.0 0.0005018545834900578
826.0 0.0004229603291605599
827.0 0.0005846844032930676
828.0 0.0007464085229003103
829.0 0.00042357587517471984
830.0 0.00010074323881781311
831.0 0.000132464310809155
832.0 0.00016418558743680478
833.0 0.0004008753876405535
834.0 0.0006375650627887808
835.0 8.352141662726353e-05
836.0 1.671346437984167e-10
837.0 1.671346437984167e-10
838.0 8.966894142758974e-05
839.0 0.0005558334123634268
840.0 0.0010219978321401868
841.0 0.0011359496056684293
842.0 0.0012499012882472016
843.0 0.0009245151886716485
844.0 0.0005991287707729498
845.0 0.0005957572739134775
846.0 0.0005923856406298
847.0 0.0008947377864387818
848.0 0.0011970898412982933
849.0 0.0009981243238144089
850.0 0.0007991583515831735
851.0 0.0011068689673265908
852.0 0.001414579583070008
853.0 0.0005654103915730957
854.0 1.671346437984167e-10
855.0 1.671346437984167e-10
856.0 1.671346437984167e-10
857.0 0.00041634225453890394
858.0 0.0013798944564769045
859.0 0.0012100928870495409
860.0 0.0010402909538242966
861.0 0.0014073039892537054
862.0 0.0017743173884809949
863.0 0.0017437399947084486
864.0 0.0017131626009359024
865.0 0.0017756328816176392
866.0 0.0018381035260972567
867.0 0.0025645791538408957
868.0 0.003291054963483475
869.0 0.0030183275157469325
870.0 0.0027455998861114495
871.0 0.0031798332202015445
872.0 0.00361406673619058
873.0 0.002630157905514352
874.0 0.001646249438636005
875.0 0.00239317087107338
876.0 0.0031400923035107553
