lsstCam/transmission_filter_detector/r21_s12/i_39/19700101T000000.ecsv
# %ECSV 1.0
# ---
# datatype:
# - {name: wavelength, unit: nm, datatype: float32}
# - {name: efficiency, unit: '%', datatype: float64}
# meta: !!omap
# - {MODE: DETECTOR}
# - {TYPE: transmission_filter_detector}
# - {CALIBDATE: '1970-01-01T00:00:00'}
# - {INSTRUME: LSSTCam}
# - {OBSTYPE: transmission_filter_detector}
# - {CALIBCLS: lsst.ip.isr.IntermediateFilterDetectorTransmissionCurve}
# - {SOURCE: Materion (DM-46256)}
# - {DETECTOR: 86}
# - {FILTER: i_39}
# - {CALIB_ID: 'calibDate=1970-01-01T00:00:00 filter=i_39 detector=86'}
# - {DATE: '2025-04-02T15:59:46.878925'}
# - {CALIB_CREATION_DATE: '2025-04-02'}
# - {CALIB_CREATION_TIME: '15:59:46'}
# - __serialized_columns__:
#     efficiency:
#       __class__: astropy.units.quantity.Quantity
#       unit: !astropy.units.Unit {unit: '%'}
#       value: !astropy.table.SerializedColumn {name: efficiency}
#     wavelength:
#       __class__: astropy.units.quantity.Quantity
#       unit: !astropy.units.Unit {unit: nm}
#       value: !astropy.table.SerializedColumn {name: wavelength}
# schema: astropy-2.0
wavelength efficiency
[from data line 597]
897.0 1.5750263506614237e-10
898.0 1.5750263506614237e-10
899.0 1.5750263506614237e-10
900.0 1.5750263506614237e-10
901.0 1.5750263506614237e-10
902.0 1.5750263506614237e-10
903.0 1.5750263506614237e-10
904.0 1.0002896289051932e-05
905.0 6.490831765404437e-05
906.0 0.00011981375109826331
907.0 0.00013727677696806495
908.0 0.00015473981420655036
909.0 5.7772513883946885e-06
910.0 1.5750263506614237e-10
911.0 1.6082580600595975e-05
912.0 0.00017535046481498284
913.0 0.00014338839946503867
914.0 0.0001114263341150945
915.0 1.0536815864270466e-05
916.0 1.5750263506614237e-10
917.0 1.5750263506614237e-10
918.0 1.5750263506614237e-10
919.0 1.5750263506614237e-10
920.0 7.491099722756189e-05
921.0 8.301961997858598e-05
922.0 9.112823136092629e-05
923.0 1.7244887828837818e-05
924.0 1.5750263506614237e-10
925.0 9.83061454462586e-05
926.0 0.00025325073238491314
927.0 1.5750263506614237e-10
928.0 1.5750263506614237e-10
929.0 1.5750263506614237e-10
930.0 0.00024432065401924774
931.0 0.00021627440673910314
932.0 0.00018822811398422346
933.0 5.6612185517224134e-05
934.0 1.5750263506614237e-10
935.0 1.5750263506614237e-10
936.0 1.5750263506614237e-10
937.0 1.5750263506614237e-10
938.0 1.5750263506614237e-10
939.0 1.5750263506614237e-10
940.0 1.5750263506614237e-10
941.0 1.5750263506614237e-10
942.0 1.5750263506614237e-10
943.0 1.5750263506614237e-10
944.0 1.5750263506614237e-10
945.0 1.5750263506614237e-10
946.0 1.5750263506614237e-10
947.0 1.5750263506614237e-10
948.0 5.28391240095516e-05
949.0 1.5750263506614237e-10
950.0 1.5750263506614237e-10
951.0 1.5750263506614237e-10
952.0 1.5750263506614237e-10
953.0 1.5750263506614237e-10
954.0 1.5750263506614237e-10
955.0 1.5750263506614237e-10
956.0 7.73345334437181e-05
957.0 0.00013986259546072688
958.0 0.00020239062905602623
959.0 0.00013268921748021967
960.0 6.2987811588755e-05
961.0 5.23791641171556e-05
962.0 4.1770513803385256e-05
963.0 4.2541751099633984e-05
964.0 4.331301681759214e-05
965.0 1.5750263506614237e-10
966.0 1.5750263506614237e-10
967.0 1.5750263506614237e-10
968.0 1.5750263506614237e-10
969.0 1.5750263506614237e-10
970.0 1.5750263506614237e-10
971.0 1.5750263506614237e-10
972.0 1.5750263506614237e-10
973.0 1.4587647756414412e-07
974.0 0.00019922308638342656
975.0 6.006274020364799e-05
976.0 1.5750263506614237e-10
977.0 1.5750263506614237e-10
978.0 1.5750263506614237e-10
979.0 1.5750263506614237e-10
980.0 1.5750263506614237e-10
981.0 1.5750263506614237e-10
982.0 1.5750263506614237e-10
983.0 1.5750263506614237e-10
984.0 1.5750263506614237e-10
985.0 3.542802744505025e-05
986.0 0.00013605755384560325
987.0 1.5750263506614237e-10
988.0 1.5750263506614237e-10
989.0 1.5750263506614237e-10
990.0 1.5750263506614237e-10
991.0 1.5750263506614237e-10
992.0 1.5750263506614237e-10
993.0 1.5750263506614237e-10
994.0 1.5750263506614237e-10
995.0 6.471396574170285e-06
996.0 1.7086708226088376e-05
997.0 8.416863011007081e-05
998.0 0.00015125051504583098
999.0 0.0002193855152654578
1000.0 0.0002875204700103495
1001.0 0.00022932226784178056
1002.0 0.00017112403156716027
1003.0 0.00014483607628790196
1004.0 0.00011854813237732742
1005.0 2.740445950166759e-05
1006.0 1.5750263506614237e-10
1007.0 0.0001019262413137767
1008.0 0.0002675917585293064
1009.0 0.00020835393570450833
1010.0 0.00014911607877365896
1011.0 0.00019065479364144267
1012.0 0.00023219342892843997
1013.0 0.00024796709112706594
1014.0 0.00026374077606305946
1015.0 0.0002771502977338969
1016.0 0.00029055988761683693
1017.0 0.00038011139622540213
1018.0 0.00046966301852080505
1019.0 0.00027427072382124607
1020.0 7.887840638431953e-05
1021.0 8.89773673407035e-05
1022.0 9.907632829708746e-05
1023.0 0.00037093857372383354
1024.0 0.0006428008873626823
1025.0 0.0005272758244245779
1026.0 0.0004117508069612086
1027.0 0.00046912832658563275
1028.0 0.0005265058462100569
1029.0 0.0008896527106116991
1030.0 0.0012527994840638712
1031.0 0.0017603284504730254
1032.0 0.0022678568711853586
1033.0 0.002488886093487963
1034.0 0.0027099147700937465
1035.0 0.0032544194255024195
1036.0 0.0037989237171132118
1037.0 0.003705679773702286
1038.0 0.00361243546649348
1039.0 0.0032398551411461085
1040.0 0.0028672749976976775
1041.0 0.0027140715246787295
1042.0 0.0025608680516597815
1043.0 0.0030624858482042328
1044.0 0.0035641038266476244
1045.0 0.003271997775300406
1046.0 0.002979892451548949
1047.0 0.0028327560357865877
1048.0 0.0026856194381252863
1049.0 0.0024501083316863514
1050.0 0.002214596861449536
1051.0 0.00210398284252733
1052.0 0.0019933690055040643
1053.0 0.0013630830835609231
1054.0 0.0007327972070925171
1055.0 0.0008825834811432287
1056.0 0.0010323697097192053
1057.0 0.0007193502824520692
1058.0 0.0004063311280333437
1059.0 0.0005219073045736877
1060.0 0.0006374837539624423
1061.0 0.0012322701877565123
1062.0 0.0018270566215505823
1063.0 0.00232059810514329
1064.0 0.0028141395887359977
1065.0 0.003368132092873566
1066.0 0.003922124597011134
1067.0 0.004695907409768552
1068.0 0.00546969058632385
1069.0 0.004625809742719866
1070.0 0.003781928535318002
1071.0 0.003847353218588978
1072.0 0.003912777901859954
1073.0 0.00341083032253664
1074.0 0.002908883288910147
1075.0 0.0033282463846262544
1076.0 0.0037476096622413024
1077.0 0.002911650881287642
1078.0 0.002075692100333981
1079.0 0.002019650310103316
1080.0 0.0019636085198726505
1081.0 0.0011445306881796569
1082.0 0.0003254527882745606
1083.0 9.793729986995459e-05
1084.0 1.5750263506614237e-10
1085.0 0.00039107148950279225
1086.0 0.0009117214176512789
1087.0 0.00022769331735617016
1088.0 1.5750263506614237e-10
1089.0 1.5750263506614237e-10
1090.0 1.5750263506614237e-10
1091.0 1.5750263506614237e-10
1092.0 1.5750263506614237e-10
1093.0 1.5750263506614237e-10
1094.0 1.5750263506614237e-10
1095.0 1.5750263506614237e-10
1096.0 1.5750263506614237e-10
1097.0 1.5750263506614237e-10
1098.0 1.5750263506614237e-10
1099.0 0.00015139729612201336
1100.0 0.0010511915206734557
