lsstCam/transmission_filter_detector/r21_s12/i_39/19700101T000000.ecsv
# %ECSV 1.0
# ---
# datatype:
# - {name: wavelength, unit: nm, datatype: float32}
# - {name: efficiency, unit: '%', datatype: float64}
# meta: !!omap
# - {MODE: DETECTOR}
# - {TYPE: transmission_filter_detector}
# - {CALIBDATE: '1970-01-01T00:00:00'}
# - {INSTRUME: LSSTCam}
# - {OBSTYPE: transmission_filter_detector}
# - {CALIBCLS: lsst.ip.isr.IntermediateFilterDetectorTransmissionCurve}
# - {SOURCE: Materion (DM-46256)}
# - {DETECTOR: 86}
# - {FILTER: i_39}
# - {CALIB_ID: 'calibDate=1970-01-01T00:00:00 filter=i_39 detector=86'}
# - {DATE: '2025-04-02T15:59:46.878925'}
# - {CALIB_CREATION_DATE: '2025-04-02'}
# - {CALIB_CREATION_TIME: '15:59:46'}
# - __serialized_columns__:
#     efficiency:
#       __class__: astropy.units.quantity.Quantity
#       unit: !astropy.units.Unit {unit: '%'}
#       value: !astropy.table.SerializedColumn {name: efficiency}
#     wavelength:
#       __class__: astropy.units.quantity.Quantity
#       unit: !astropy.units.Unit {unit: nm}
#       value: !astropy.table.SerializedColumn {name: wavelength}
# schema: astropy-2.0
wavelength efficiency
300.0 0.03701390523929149
301.0 0.023818046611268073
302.0 0.010622215631883591
303.0 0.02133201196556911
304.0 0.03204180975444615
305.0 0.02461244002915919
306.0 0.017183068848680705
307.0 0.010259591363137588
308.0 0.0033361146051902324
309.0 1.5750263506614237e-10
310.0 1.5750263506614237e-10
311.0 1.5750263506614237e-10
312.0 0.0057927976740757
313.0 1.5750263506614237e-10
314.0 1.5750263506614237e-10
315.0 1.5750263506614237e-10
316.0 1.5750263506614237e-10
317.0 1.5750263506614237e-10
318.0 0.0014725662367709447
319.0 1.5750263506614237e-10
320.0 1.5750263506614237e-10
321.0 1.5750263506614237e-10
322.0 0.0005364056960388552
323.0 0.0003714983677127748
324.0 0.00020659060737671098
325.0 1.5750263506614237e-10
326.0 1.5750263506614237e-10
327.0 1.5750263506614237e-10
328.0 0.00040116965465131216
329.0 1.5750263506614237e-10
330.0 1.5750263506614237e-10
331.0 0.0002149635975001729
332.0 0.0011525026820891071
333.0 0.0013335257790458854
334.0 0.0015145487850531936
335.0 0.0013771265003015287
336.0 0.0012397043974488042
337.0 0.001831453300837893
338.0 0.002423201840429101
339.0 0.002829307231877465
340.0 0.003235412805224769
341.0 0.000762614718041732
342.0 1.5750263506614237e-10
343.0 1.5750263506614237e-10
344.0 0.0011798466402979102
345.0 5.116509100844269e-05
346.0 1.5750263506614237e-10
347.0 1.5750263506614237e-10
348.0 1.5750263506614237e-10
349.0 1.5750263506614237e-10
350.0 1.5750263506614237e-10
351.0 1.5750263506614237e-10
352.0 1.5750263506614237e-10
353.0 1.5750263506614237e-10
354.0 1.5750263506614237e-10
355.0 1.5750263506614237e-10
356.0 1.5750263506614237e-10
357.0 0.00034893437259597704
358.0 0.0013418879461823963
359.0 0.0011486082257761154
360.0 0.0009553280506224837
361.0 0.001080287438526284
362.0 0.0012052468264300842
363.0 0.0005896271431993227
364.0 1.5750263506614237e-10
365.0 0.00042931869757012464
366.0 0.0008846301170706283
367.0 0.0006460964414145565
368.0 0.0004075627657584846
369.0 0.0006986610060266685
370.0 0.0009897594281937927
371.0 0.0008567121767555363
372.0 0.00072366492531728
373.0 0.000817140426079277
374.0 0.0009106157449423335
375.0 0.0003371690809217398
376.0 1.5750263506614237e-10
377.0 1.5750263506614237e-10
378.0 0.0001243176711795968
379.0 1.5750263506614237e-10
380.0 1.5750263506614237e-10
381.0 1.5750263506614237e-10
382.0 1.5750263506614237e-10
383.0 0.00031597912766301306
384.0 0.0011691213330777828
385.0 0.0009274301191908307
386.0 0.0006857388598291436
387.0 1.5750263506614237e-10
388.0 1.5750263506614237e-10
389.0 1.5750263506614237e-10
390.0 1.5750263506614237e-10
391.0 1.5750263506614237e-10
392.0 1.5750263506614237e-10
393.0 1.2878807353899901e-05
394.0 0.00027868811685038963
395.0 1.5750263506614237e-10
396.0 1.5750263506614237e-10
397.0 1.5750263506614237e-10
398.0 0.00031890403988654725
399.0 0.0005228866029938217
400.0 0.0007268690296768909
401.0 0.001041486484609777
402.0 0.0013561030755226966
403.0 0.002128747473761905
404.0 0.0029013925086474046
405.0 0.003168412877130322
406.0 0.003435432881815359
407.0 0.002584305366326589
408.0 0.0017331758499494754
409.0 0.0016905829397728667
410.0 0.0016479887563036755
411.0 0.003308911982458085
412.0 0.004969835572410375
413.0 0.004778690345119685
414.0 0.004587545481626876
415.0 0.004104556137463078
416.0 0.0036215660657035187
417.0 0.00313768359774258
418.0 0.00265380058408482
419.0 0.003581859346013516
420.0 0.004509918289841153
421.0 0.004287603951524943
422.0 0.004065289249410853
423.0 0.0045174740080256015
424.0 0.00496965876664035
425.0 0.00451153791800607
426.0 0.0040534159779781476
427.0 0.004425972656463273
428.0 0.004798529334948398
429.0 0.004785870623891242
430.0 0.004773213004227728
431.0 0.003710998862516135
432.0 0.0026487847208045423
433.0 0.003310420288471505
434.0 0.0039720562199363485
435.0 0.003024849502253346
436.0 0.002077642784570344
437.0 0.0017401160221197642
438.0 0.0014025893506186549
439.0 0.0015923227692837827
440.0 0.0017820562788983807
441.0 0.0011777764484577347
442.0 0.0005734968908654992
443.0 0.0007355171874223743
444.0 0.0008975375749287196
445.0 0.0005955119831924094
446.0 0.0002934865733550396
447.0 0.00041314201553177554
448.0 0.0005327974122337764
449.0 8.657351600049878e-05
450.0 1.5750263506614237e-10
451.0 8.023149575819843e-05
452.0 0.0005201134172239108
453.0 0.0009911547749652527
454.0 0.00146219636008027
455.0 0.001551248351461254
456.0 0.0016403006156906486
457.0 0.0010199781172559597
458.0 0.0003996555278718006
459.0 0.00029389971132331993
460.0 0.00018814375835063402
461.0 0.00046287727855087724
462.0 0.0007376107078016503
463.0 0.0004010433258372359
464.0 6.447585860769323e-05
465.0 0.00018350461914451444
466.0 0.00030253338536567753
467.0 0.0004290637207304826
468.0 0.0005555940333579201
469.0 0.0003946779997932026
470.0 0.00023376194349111756
471.0 0.00039541077967442106
472.0 0.0005570596840698272
473.0 0.0007337815077335108
474.0 0.0009105035132961348
475.0 0.0006399658559530508
476.0 0.0003694283122968045
477.0 0.0007533637017331785
478.0 0.0011372990229574498
479.0 0.0014364460184879135
480.0 0.0017355931049678475
481.0 0.002562643203418702
482.0 0.003389692574273795
483.0 0.0052497664000838995
484.0 0.007109839498298243
485.0 0.008211313252104446
486.0 0.009312787733506411
487.0 0.011832546442747116
488.0 0.01435230515198782
489.0 0.01702497829683125
490.0 0.01969765144167468
491.0 0.022105243988335133
492.0 0.02451283799018711
493.0 0.025470275431871414
494.0 0.026427715783938766
495.0 0.023176967806648463
496.0 0.019926218374166638
497.0 0.015917910786811262
498.0 0.011909601744264364
499.0 0.008503916615154594
500.0 0.005098231849842705
501.0 0.0037493409763555974
502.0 0.00240045010286849
503.0 0.0022986607291386463
504.0 0.002196870991610922
505.0 0.0020425699403858744
506.0 0.0018882690710597672
507.0 0.001957698077603709
508.0 0.0020271270841476507
509.0 0.002098058939736802
510.0 0.002168990613427013
511.0 0.0017984837541007437
512.0 0.0014279767128755338
513.0 0.0017202348317368887
514.0 0.0020124929505982436
515.0 0.00236361229326576
516.0 0.0027147316359332763
517.0 0.002544540438975673
518.0 0.00237434924201807
519.0 0.0023490709281759337
520.0 0.0023237927962327376
521.0 0.0018592669221106917
522.0 0.0013947409570391756
523.0 0.0015137237824092153
524.0 0.0016327066987287253
525.0 0.0022027210434316657
526.0 0.002772735388134606
527.0 0.0027018013497581705
528.0 0.002630867311381735
529.0 0.0019978948330390267
530.0 0.0013649223546963185
531.0 0.0013939729797129985
532.0 0.0014230237866286188
533.0 0.0015072269889060408
534.0 0.001591430373082403
535.0 0.0018446706235408783
536.0 0.002097911055898294
537.0 0.002677803968254011
538.0 0.0032576965168118477
539.0 0.004093258758075535
540.0 0.004928820635541342
541.0 0.005293644426274113
542.0 0.0056584682170068845
543.0 0.004974625335307792
544.0 0.004290782453608699
545.0 0.003405686220503412
546.0 0.0025205901692970656
547.0 0.0021229567209957168
548.0 0.001725323272694368
549.0 0.001847432395152282
550.0 0.0019695418814080767
551.0 0.0016791898815426975
552.0 0.001388838245475199
553.0 0.0013938618394604418
554.0 0.0013988854334456846
555.0 0.0010037812899099663
556.0 0.0006086771008995129
557.0 0.0006911925083841197
558.0 0.0007737080522929318
559.0 0.0003843941158265807
560.0 1.5750263506614237e-10
561.0 0.0006703721737721935
562.0 0.0013456642591336276
563.0 0.0015736297427793033
564.0 0.0018015951354755089
565.0 0.0013748211131314747
566.0 0.0009480470907874405
567.0 0.0007598141564812977
568.0 0.000571581313124625
569.0 0.0006372079951688647
570.0 0.0007028345862636343
571.0 0.000472440842713695
572.0 0.00024204703095165314
573.0 0.0003601006710596266
574.0 0.00047815437937970273
575.0 0.00046892364480299875
576.0 0.0004596928647515597
577.0 0.0004644412001653109
578.0 0.00046918958105379716
579.0 0.0003415004130147281
580.0 0.0002138113131877617
581.0 0.00030755552415939746
582.0 0.0004012997123936657
583.0 0.00043388840822444763
584.0 0.0004664770585804945
585.0 0.0006192552973516285
586.0 0.000772033763496438
587.0 0.0008345520654984284
588.0 0.0008970702765509486
589.0 0.0007545279913756531
590.0 0.0006119857062003575
591.0 0.0007070795618346892
592.0 0.0008021735084184911
593.0 0.0006255045718717156
594.0 0.0004488355443754699
595.0 0.0005919861905567814
596.0 0.0007351367457886226
597.0 0.000617959722148953
598.0 0.0005007827894587535
599.0 0.00048643410082149785
600.0 0.00047208536670950707
601.0 0.00038238026718317997
602.0 0.0002926751449194853
603.0 0.0003165655925840838
604.0 0.000340455903824477
605.0 0.00028973008738830686
606.0 0.00023900427095213672
607.0 0.000428401153840241
608.0 0.0006177980139909778
609.0 0.0004883620931650512
610.0 0.00035892594496544916
611.0 0.0005964551291981479
612.0 0.0008339842679561116
613.0 0.000488714431412518
614.0 0.00014344462897497579
615.0 6.841687536507379e-05
616.0 1.5750263506614237e-10
617.0 8.652234555484029e-05
618.0 0.00017965566030397895
619.0 0.00026867239739658544
620.0 0.0003576892595447134
621.0 0.0004549332970782416
622.0 0.0005521773346117698
623.0 0.0005188051545701455
624.0 0.0004854329745285213
625.0 0.00043521722545847297
626.0 0.0003850015218631597
627.0 0.00030956603040976916
628.0 0.0002341305389563786
629.0 0.0003742375838555745
630.0 0.0005143446287547704
631.0 0.0004849620381719433
632.0 0.0004555794021143811
633.0 0.00041770172174437903
634.0 0.0003798239958996419
635.0 0.00044340572458168026
636.0 0.0005069873623142485
637.0 0.000523956305187312
638.0 0.0005409252025856404
639.0 0.0006345554993458791
640.0 0.0007281857051566476
641.0 0.0005560230874834815
642.0 0.0003838604698103154
643.0 0.0005751987373514567
644.0 0.000766537050367333
645.0 0.0008396582416025922
646.0 0.0009127795237873215
647.0 0.0008252278348663822
648.0 0.0007376764187938534
649.0 0.0007254918273247313
650.0 0.0007133073268050794
651.0 0.0008571711987315211
652.0 0.0010010351616074331
653.0 0.001161496402346529
654.0 0.001321957643085625
655.0 0.0018480590370018035
656.0 0.0023741602490190417
657.0 0.0033466058084741235
658.0 0.004319050640333444
659.0 0.00701930548530072
660.0 0.055952853290364146
661.0 0.06065157358534634
662.0 0.1567380386404693
663.0 0.15095284907147288
664.0 0.10739839635789394
665.0 0.12716506607830524
666.0 0.21620758343487978
667.0 0.211635185405612
668.0 0.21865929011255503
669.0 0.35760458558797836
670.0 0.5550431087613106
671.0 0.8382242172956467
672.0 1.3137728907167912
673.0 1.9571222364902496
674.0 2.7976561337709427
675.0 3.8431748747825623
676.0 4.993190616369247
677.0 6.3714683055877686
678.0 7.786755263805389
679.0 9.477272629737854
680.0 11.63368970155716
681.0 13.84621262550354
682.0 16.57453030347824
683.0 19.343361258506775
684.0 22.347702085971832
685.0 25.269699096679688
686.0 28.33040952682495
687.0 31.702440977096558
688.0 35.128021240234375
689.0 38.89078497886658
690.0 43.042320013046265
691.0 47.78156578540802
692.0 53.18814516067505
693.0 58.82083773612976
694.0 65.15806913375854
695.0 70.84041833877563
696.0 77.11419463157654
697.0 82.41053223609924
698.0 87.66270875930786
699.0 91.25950932502747
700.0 93.87315511703491
701.0 95.62252759933472
702.0 96.79601192474365
703.0 97.36725687980652
704.0 97.56031036376953
705.0 97.78723120689392
706.0 97.7388322353363
707.0 97.83998131752014
708.0 97.87222743034363
709.0 97.83644676208496
710.0 97.65127301216125
711.0 97.93313145637512
712.0 97.90100455284119
713.0 97.93541431427002
714.0 98.06212782859802
715.0 98.14791679382324
716.0 97.99166321754456
717.0 98.1335997581482
718.0 98.06365370750427
719.0 98.03041219711304
720.0 98.14340472221375
721.0 98.06241393089294
722.0 97.71228432655334
723.0 97.39610552787781
724.0 97.17913866043091
725.0 96.92404270172119
726.0 96.75092697143555
727.0 96.63131833076477
728.0 96.4185118675232
729.0 96.31119966506958
730.0 96.42525315284729
731.0 96.50610685348511
732.0 96.70786261558533
733.0 96.953946352005
734.0 97.31700420379639
735.0 97.50826358795166
736.0 97.84197807312012
737.0 98.23700189590454
738.0 98.47246408462524
739.0 98.77538681030273
740.0 98.77889752388
741.0 98.6143708229065
742.0 98.88442754745483
743.0 98.73381853103638
744.0 98.603355884552
745.0 98.52215647697449
746.0 98.47601652145386
747.0 98.72406125068665
748.0 98.61089587211609
749.0 98.48366975784302
750.0 98.48887920379639
751.0 98.43350648880005
752.0 98.26164841651917
753.0 98.54143857955933
754.0 98.45517873764038
755.0 98.59449863433838
756.0 98.68439435958862
757.0 98.58136773109436
758.0 98.71549606323242
759.0 98.8505482673645
760.0 98.71869683265686
761.0 98.54016900062561
762.0 98.6307144165039
763.0 98.68552684783936
764.0 98.49623441696167
765.0 98.48743081092834
766.0 98.38559031486511
767.0 98.26293587684631
768.0 98.2917845249176
769.0 98.23097586631775
770.0 97.98132181167603
771.0 97.9895830154419
772.0 98.04112911224365
773.0 97.81298041343689
774.0 97.72796630859375
775.0 97.84143567085266
776.0 97.72437810897827
777.0 97.81864881515503
778.0 97.89469838142395
779.0 98.07408452033997
780.0 98.08968901634216
781.0 98.41510057449341
782.0 98.38613867759705
783.0 98.49863052368164
784.0 98.49353432655334
785.0 98.5503613948822
786.0 98.7125039100647
787.0 98.42163324356079
788.0 98.41368794441223
789.0 98.52513074874878
790.0 98.4330952167511
791.0 98.5103964805603
792.0 98.26610088348389
793.0 98.13221096992493
794.0 98.10950756072998
795.0 97.8844404220581
796.0 97.9240357875824
797.0 97.89661765098572
798.0 97.89124727249146
799.0 97.69303798675537
800.0 97.52097725868225
801.0 97.37784266471863
802.0 97.13534712791443
803.0 96.71856164932251
804.0 96.04620933532715
805.0 95.08538842201233
806.0 94.0385103225708
807.0 92.38373041152954
808.0 90.56276082992554
809.0 88.50942850112915
810.0 86.10898852348328
811.0 83.1366240978241
812.0 79.64035868644714
813.0 75.85649490356445
814.0 71.56817317008972
815.0 67.09863543510437
816.0 62.825602293014526
817.0 58.04861783981323
818.0 53.268516063690186
819.0 49.17251169681549
820.0 44.38543915748596
821.0 39.86213803291321
822.0 35.473814606666565
823.0 30.87831139564514
824.0 26.23980939388275
825.0 21.96744829416275
826.0 17.51972883939743
827.0 13.175338506698608
828.0 9.50954258441925
829.0 6.442812085151672
830.0 3.8658786565065384
831.0 2.4076664820313454
832.0 1.34205874055624
833.0 0.8273819461464882
834.0 0.4920515697449446
835.0 0.2821836620569229
836.0 0.18990975804626942
837.0 0.09526258218102157
838.0 0.12032340746372938
839.0 0.025866294163279235
840.0 1.5750263506614237e-10
841.0 0.007001317135291174
842.0 1.5750263506614237e-10
843.0 1.5750263506614237e-10
844.0 1.5750263506614237e-10
845.0 1.5750263506614237e-10
846.0 1.5750263506614237e-10
847.0 1.5750263506614237e-10
848.0 1.5750263506614237e-10
849.0 1.5750263506614237e-10
850.0 1.5750263506614237e-10
851.0 1.5750263506614237e-10
852.0 0.00026661125502869254
853.0 0.0005044701993028866
854.0 0.0007423292572639184
855.0 0.00059622789194691
856.0 0.0004501265721046366
857.0 0.0005291213710734155
858.0 0.0006081159881432541
859.0 0.00021743992419942515
860.0 1.5750263506614237e-10
861.0 0.00010235262379865162
862.0 0.00037794141007907456
863.0 8.661857009428786e-05
864.0 1.5750263506614237e-10
865.0 1.5750263506614237e-10
866.0 1.5750263506614237e-10
867.0 1.5750263506614237e-10
868.0 1.5750263506614237e-10
869.0 1.5750263506614237e-10
870.0 1.5750263506614237e-10
871.0 1.5750263506614237e-10
872.0 0.00010574533462204272
873.0 0.00015753772686366574
874.0 0.00020933007363055367
875.0 0.0001663284820097033
876.0 0.00012332689038885292
877.0 1.5750263506614237e-10
878.0 1.5750263506614237e-10
879.0 1.5750263506614237e-10
880.0 0.0001425320533599006
881.0 5.3960866353008896e-05
882.0 1.5750263506614237e-10
883.0 8.664255233270524e-05
884.0 0.0002078954139506095
885.0 8.189641675926396e-05
886.0 1.5750263506614237e-10
887.0 1.5750263506614237e-10
888.0 1.5750263506614237e-10
889.0 1.5750263506614237e-10
890.0 1.5750263506614237e-10
891.0 1.5750263506614237e-10
892.0 3.272072603976994e-05
893.0 7.15594467237679e-05
894.0 0.00011039818446079153
895.0 1.5750263506614237e-10
