lsstCam/transmission_filter_detector/r14_s10/z_20/19700101T000000.ecsv
# %ECSV 1.0
# ---
# datatype:
# - {name: wavelength, unit: nm, datatype: float32}
# - {name: efficiency, unit: '%', datatype: float64}
# meta: !!omap
# - {MODE: DETECTOR}
# - {TYPE: transmission_filter_detector}
# - {CALIBDATE: '1970-01-01T00:00:00'}
# - {INSTRUME: LSSTCam}
# - {OBSTYPE: transmission_filter_detector}
# - {CALIBCLS: lsst.ip.isr.IntermediateFilterDetectorTransmissionCurve}
# - {SOURCE: Materion (DM-46256)}
# - {DETECTOR: 66}
# - {FILTER: z_20}
# - {CALIB_ID: 'calibDate=1970-01-01T00:00:00 filter=z_20 detector=66'}
# - {DATE: '2025-04-02T15:59:48.943674'}
# - {CALIB_CREATION_DATE: '2025-04-02'}
# - {CALIB_CREATION_TIME: '15:59:48'}
# - __serialized_columns__:
#     efficiency:
#       __class__: astropy.units.quantity.Quantity
#       unit: !astropy.units.Unit {unit: '%'}
#       value: !astropy.table.SerializedColumn {name: efficiency}
#     wavelength:
#       __class__: astropy.units.quantity.Quantity
#       unit: !astropy.units.Unit {unit: nm}
#       value: !astropy.table.SerializedColumn {name: wavelength}
# schema: astropy-2.0
wavelength efficiency
[from data line 598]
898.0 98.93682599067688
899.0 98.52951765060425
900.0 99.2164134979248
901.0 99.26474094390869
902.0 99.28692579269409
903.0 98.914635181427
904.0 97.86900281906128
905.0 98.71729016304016
906.0 97.86838293075562
907.0 98.65474104881287
908.0 98.37705492973328
909.0 98.26085567474365
910.0 98.24516773223877
911.0 97.14077115058899
912.0 96.02418541908264
913.0 94.74058151245117
914.0 92.24839210510254
915.0 90.09422063827515
916.0 87.87274956703186
917.0 86.29582524299622
918.0 82.89105296134949
919.0 81.32082223892212
920.0 78.85397672653198
921.0 74.98975396156311
922.0 70.29799222946167
923.0 64.47621583938599
924.0 59.0526282787323
925.0 53.32736372947693
926.0 47.3417192697525
927.0 40.41650891304016
928.0 34.28809642791748
929.0 28.06713581085205
930.0 22.49511033296585
931.0 17.4662783741951
932.0 11.980883032083511
933.0 7.804598659276962
934.0 5.134904384613037
935.0 3.1208692118525505
936.0 1.7146172001957893
937.0 1.1209727264940739
938.0 0.5782966036349535
939.0 0.35325796343386173
940.0 0.2655768534168601
941.0 0.1464142231270671
942.0 0.1547852996736765
943.0 0.13357197167351842
944.0 0.09524311171844602
945.0 1.627498157942553e-10
946.0 1.627498157942553e-10
947.0 1.627498157942553e-10
948.0 1.627498157942553e-10
949.0 0.19329146016389132
950.0 1.627498157942553e-10
951.0 0.0246953044552356
952.0 0.12044126633554697
953.0 0.020452355965971947
954.0 0.02205452910857275
955.0 0.06392232025973499
956.0 1.627498157942553e-10
957.0 0.038362477789632976
958.0 1.627498157942553e-10
959.0 1.627498157942553e-10
960.0 1.627498157942553e-10
961.0 0.003120609835605137
962.0 1.627498157942553e-10
963.0 1.627498157942553e-10
964.0 1.627498157942553e-10
965.0 1.627498157942553e-10
966.0 1.627498157942553e-10
967.0 0.03677635104395449
968.0 1.627498157942553e-10
969.0 1.627498157942553e-10
970.0 1.627498157942553e-10
971.0 0.03961773472838104
972.0 1.627498157942553e-10
973.0 0.04805970238521695
974.0 1.627498157942553e-10
975.0 1.627498157942553e-10
976.0 0.0063780062191654
977.0 0.006343096174532548
978.0 0.006308189040282741
979.0 0.0061233506130520254
980.0 0.005938510730629787
981.0 0.005779455023002811
982.0 0.005620399679173715
983.0 0.005485571455210447
984.0 0.005350743958842941
985.0 0.005142832742421888
986.0 0.004934920798405074
987.0 0.004905190871795639
988.0 0.004875460945186205
989.0 0.004822206392418593
990.0 0.004768951839650981
991.0 0.004839195389649831
992.0 0.00490943893964868
993.0 0.004868203541263938
994.0 0.004826967051485553
995.0 0.004757632268592715
996.0 0.004688297485699877
997.0 0.004513872409006581
998.0 0.004339447696111165
999.0 0.004316689228289761
1000.0 0.004293930760468356
1001.0 0.004410441761137918
1002.0 0.004526952761807479
1003.0 0.004485110184759833
1004.0 0.004443267607712187
1005.0 0.004310737131163478
1006.0 0.004178206290816888
1007.0 0.004205368895782158
1008.0 0.004232531500747427
1009.0 0.004323679604567587
1010.0 0.004414827344589867
1011.0 0.0044767220970243216
1012.0 0.004538616849458776
1013.0 0.004379880920168944
1014.0 0.00422114462708123
1015.0 0.0044022923248121515
1016.0 0.004583439658745192
1017.0 0.004834948413190432
1018.0 0.0050864575314335525
1019.0 0.004870420161751099
1020.0 0.004654382792068645
1021.0 0.004658222678699531
1022.0 0.004662062201532535
1023.0 0.004586014983942732
1024.0 0.004509967038757168
1025.0 0.004660708873416297
1026.0 0.004811451071873307
1027.0 0.004709323911811225
1028.0 0.004607197115547024
1029.0 0.00465375924250111
1030.0 0.004700321733253077
1031.0 0.0048095756937982515
1032.0 0.004918830018141307
1033.0 0.00493839688715525
1034.0 0.004957964483764954
1035.0 0.005176895865588449
1036.0 0.005395827611209825
1037.0 0.005518442776519805
1038.0 0.005641057941829786
1039.0 0.005484642679220997
1040.0 0.005328227052814327
1041.0 0.005684698771801777
1042.0 0.006041171218384989
1043.0 0.005595392212853767
1044.0 0.005149613207322545
1045.0 0.005780378342024051
1046.0 0.006411142385331914
1047.0 0.006132722046459094
1048.0 0.005854300979990512
1049.0 0.005920866169617511
1050.0 0.005987431723042391
1051.0 0.006275856867432594
1052.0 0.006564283830812201
1053.0 0.006731522444169968
1054.0 0.006898761057527736
1055.0 0.007548963912995532
1056.0 0.008199166768463328
1057.0 0.007947783888084814
1058.0 0.007696402462897822
1059.0 0.007813677802914754
1060.0 0.0079309509601444
1061.0 0.008489723404636607
1062.0 0.009048495849128813
1063.0 0.009012904047267511
1064.0 0.00897731224540621
1065.0 0.009046946070156991
1066.0 0.00911658353288658
1067.0 0.009276768105337396
1068.0 0.009436954860575497
1069.0 0.010320082947146147
1070.0 0.01120321176131256
1071.0 0.010856447624973953
1072.0 0.010509682033443823
1073.0 0.010722106526372954
1074.0 0.010934531019302085
1075.0 0.011535669909790158
1076.0 0.0121368131658528
1077.0 0.012002061703242362
1078.0 0.0118673087854404
1079.0 0.013124773977324367
1080.0 0.014382239896804094
1081.0 0.014314339205157012
1082.0 0.014246441423892975
1083.0 0.01422810455551371
1084.0 0.01420977059751749
1085.0 0.014524420839734375
1086.0 0.014839072537142783
1087.0 0.014816524344496429
1088.0 0.01479397906223312
1089.0 0.0162907104822807
1090.0 0.017787443357519805
1091.0 0.01772741525201127
1092.0 0.017667381325736642
1093.0 0.01691198121989146
1094.0 0.01615657820366323
1095.0 0.017884331464301795
1096.0 0.019612089090514928
1097.0 0.01969504519365728
1098.0 0.019778004207182676
1099.0 0.021812011254951358
1100.0 0.023846011026762426
1101.0 0.02411527093499899
1102.0 0.024384526477660984
1103.0 0.025569021818228066
1104.0 0.026753515703603625
1105.0 0.026789912953972816
1106.0 0.026826310204342008
1107.0 0.02785061951726675
1108.0 0.028874934650957584
1109.0 0.030081055592745543
1110.0 0.0312871765345335
1111.0 0.031766301253810525
1112.0 0.03224543179385364
1113.0 0.034007293288595974
1114.0 0.035769157693721354
1115.0 0.03392472863197327
1116.0 0.03208030539099127
1117.0 0.03357639943715185
1118.0 0.035072496393695474
1119.0 0.03817585238721222
1120.0 0.04127920838072896
1121.0 0.04238832043483853
1122.0 0.04349743539933115
1123.0 0.043557723984122276
1124.0 0.043618015479296446
1125.0 0.043957075104117393
1126.0 0.04429613472893834
1127.0 0.047596285003237426
1128.0 0.05089643527753651
1129.0 0.05553447990678251
1130.0 0.060172530356794596
1131.0 0.060345279052853584
1132.0 0.0605180102866143
1133.0 0.06376963574439287
1134.0 0.06702124956063926
1135.0 0.06522765033878386
1136.0 0.06343405111692846
1137.0 0.06937478319741786
1138.0 0.07531552691943944
1139.0 0.07996982312761247
1140.0 0.08462409023195505
1141.0 0.09170620469376445
1142.0 0.09878830751404166
1143.0 0.12210661079734564
1144.0 0.14542489079758525
1145.0 0.2896626712754369
1146.0 0.43390048667788506
1147.0 0.9195595979690552
1148.0 1.4052186161279678
1149.0 1.601879857480526
1150.0 1.7985422164201736
