lsstCam/transmission_filter_detector/r14_s10/z_20/19700101T000000.ecsv
# %ECSV 1.0
# ---
# datatype:
# - {name: wavelength, unit: nm, datatype: float32}
# - {name: efficiency, unit: '%', datatype: float64}
# meta: !!omap
# - {MODE: DETECTOR}
# - {TYPE: transmission_filter_detector}
# - {CALIBDATE: '1970-01-01T00:00:00'}
# - {INSTRUME: LSSTCam}
# - {OBSTYPE: transmission_filter_detector}
# - {CALIBCLS: lsst.ip.isr.IntermediateFilterDetectorTransmissionCurve}
# - {SOURCE: Materion (DM-46256)}
# - {DETECTOR: 66}
# - {FILTER: z_20}
# - {CALIB_ID: 'calibDate=1970-01-01T00:00:00 filter=z_20 detector=66'}
# - {DATE: '2025-04-02T15:59:48.943674'}
# - {CALIB_CREATION_DATE: '2025-04-02'}
# - {CALIB_CREATION_TIME: '15:59:48'}
# - __serialized_columns__:
#     efficiency:
#       __class__: astropy.units.quantity.Quantity
#       unit: !astropy.units.Unit {unit: '%'}
#       value: !astropy.table.SerializedColumn {name: efficiency}
#     wavelength:
#       __class__: astropy.units.quantity.Quantity
#       unit: !astropy.units.Unit {unit: nm}
#       value: !astropy.table.SerializedColumn {name: wavelength}
# schema: astropy-2.0
wavelength efficiency
300.0 0.8730371482670307
301.0 0.5891689565032721
302.0 0.30530078802257776
303.0 0.2969959983602166
304.0 0.2886912086978555
305.0 0.24399433750659227
306.0 0.1992974430322647
307.0 0.18436454702168703
308.0 0.16943167429417372
309.0 0.1478034071624279
310.0 0.1261751283891499
311.0 0.12674335157498717
312.0 0.127311609685421
313.0 0.11182553134858608
314.0 0.09633948211558163
315.0 0.09544073836877942
316.0 0.09454199462197721
317.0 0.07974165491759777
318.0 0.06494132103398442
319.0 0.06440581055358052
320.0 0.06387029425241053
321.0 0.06310231401585042
322.0 0.06233433377929032
323.0 0.0543619564268738
324.0 0.04638958198484033
325.0 0.04306183545850217
326.0 0.03973408893216401
327.0 0.03921969619113952
328.0 0.03870530636049807
329.0 0.03416912804823369
330.0 0.02963295264635235
331.0 0.02715356240514666
332.0 0.024674172163940966
333.0 0.023655193217564374
334.0 0.022636211360804737
335.0 0.021379422105383128
336.0 0.02012263284996152
337.0 0.02443309931550175
338.0 0.028743562870658934
339.0 0.024524889886379242
340.0 0.020306219812482595
341.0 0.017035497876349837
342.0 0.013764778850600123
343.0 0.013586772547569126
344.0 0.013408770610112697
345.0 0.012598758621606976
346.0 0.011788747360697016
347.0 0.01129404699895531
348.0 0.010799348820000887
349.0 0.013284440501593053
350.0 0.01576953218318522
351.0 0.013141277304384857
352.0 0.010513018060009927
353.0 0.011090326734120026
354.0 0.011667634680634364
355.0 0.010038042819360271
356.0 0.008408451685681939
357.0 0.009424712334293872
358.0 0.01044097589328885
359.0 0.010122314415639266
360.0 0.00980365221039392
361.0 0.008907815208658576
362.0 0.008011981117306277
363.0 0.009267000859836116
364.0 0.010522019874770194
365.0 0.010190613102167845
366.0 0.00985920851235278
367.0 0.008582667214795947
368.0 0.007306125189643353
369.0 0.00784477306297049
370.0 0.008383421663893387
371.0 0.008367293048650026
372.0 0.008351165161002427
373.0 0.007263517181854695
374.0 0.006175870657898486
375.0 0.006497245340142399
376.0 0.006818619294790551
377.0 0.007127021672204137
378.0 0.007435421866830438
379.0 0.006237209890969098
380.0 0.005038996823714115
381.0 0.003214530079276301
382.0 0.0013900631529395469
383.0 0.0035930894227931276
384.0 0.005796115874545649
385.0 0.005520601189346053
386.0 0.005245086504146457
387.0 0.005913750646868721
388.0 0.006582416244782507
389.0 0.005766196045442484
390.0 0.004949977301293984
391.0 0.0046154946176102385
392.0 0.004281011570128612
393.0 0.00475901979370974
394.0 0.005237028381088749
395.0 0.004294107930036262
396.0 0.003351187115185894
397.0 0.0035671680961968377
398.0 0.0037831490772077814
399.0 0.003994375947513618
400.0 0.004205602454021573
401.0 0.004567064388538711
402.0 0.004928526686853729
403.0 0.004989756052964367
404.0 0.005050985419075005
405.0 0.0040506140067009255
406.0 0.0030502433219226077
407.0 0.0017693791960482486
408.0 0.0004885156613454456
409.0 0.0019231471014791168
410.0 0.0033577791327843443
411.0 0.004127078864257783
412.0 0.00489637823193334
413.0 0.004621375774149783
414.0 0.004346372952568345
415.0 0.0035017597838304937
416.0 0.002657147342688404
417.0 0.0037980997149134055
418.0 0.004939052087138407
419.0 0.004490552237257361
420.0 0.004042052023578435
421.0 0.003917387221008539
422.0 0.003792722782236524
423.0 0.0035967899748357013
424.0 0.0034008582588285208
425.0 0.0025042651031981222
426.0 0.0016076723113656044
427.0 0.0018467304471414536
428.0 0.002085788764816243
429.0 0.0013036745258432347
430.0 0.0005215608325670473
431.0 0.0006673994903394487
432.0 0.0008132380571623798
433.0 0.0007055377409415087
434.0 0.0005978374701953726
435.0 0.0011771241588576231
436.0 0.0017564108929946087
437.0 0.001870327105280012
438.0 0.001984243317565415
439.0 0.00209504669328453
440.0 0.0022058502509025857
441.0 0.0016354331819457002
442.0 0.0010650160220393445
443.0 0.002225663592980709
444.0 0.003386311072972603
445.0 0.0033470219932496548
446.0 0.003307733277324587
447.0 0.0025493452994851395
448.0 0.001790957321645692
449.0 0.0025034014470293187
450.0 0.0032158463000087067
451.0 0.002440357093291823
452.0 0.0016648677046759985
453.0 0.0015802728739799932
454.0 0.0014956784070818685
455.0 0.0022904243451193906
456.0 0.003085170465055853
457.0 0.0022369424186763354
458.0 0.001388714554195758
459.0 0.0015227633411996067
460.0 0.0016568121282034554
461.0 0.0007950391591293737
462.0 1.627498157942553e-10
463.0 0.0009515910278423689
464.0 0.0019699162294273265
465.0 0.0022154672478791326
466.0 0.002461018448229879
467.0 0.002129856147803366
468.0 0.0017986931197810918
469.0 0.0016247655366896652
470.0 0.0014508377716992982
471.0 0.0013302370462042745
472.0 0.0012096366845071316
473.0 0.0012603646609932184
474.0 0.001311092546529835
475.0 0.0011326289495627861
476.0 0.000954165261646267
477.0 0.00129664413179853
478.0 0.0016391226381529123
479.0 0.0019534159946488217
480.0 0.002267709351144731
481.0 0.0018625976736075245
482.0 0.0014574861779692583
483.0 0.000997730421659071
484.0 0.0005379744834499434
485.0 0.0013052324902673718
486.0 0.0020724904970848
487.0 0.001478701778978575
488.0 0.0008849128789734095
489.0 0.00173218813870335
490.0 0.0025794633984332904
491.0 0.0023523512936662883
492.0 0.0021252390070003457
493.0 0.0019970584617112763
494.0 0.0018688780983211473
495.0 0.0016012398191378452
496.0 0.0013336013580556028
497.0 0.0012109262570447754
498.0 0.0010882513379328884
499.0 0.0011973292203038
500.0 0.0013064072845736519
501.0 0.0009021124242281076
502.0 0.0004978172000846826
503.0 0.001246126430487493
504.0 0.0019944356608903036
505.0 0.00211678707273677
506.0 0.0022391386664821766
507.0 0.0022398931832867675
508.0 0.002240647518192418
509.0 0.0018559949239715934
510.0 0.0014713427844981197
511.0 0.0011484081369417254
512.0 0.0008254735803348012
513.0 0.001226726180902915
514.0 0.0016279791452689096
515.0 0.0012626612260646652
516.0 0.0008973439435067121
517.0 0.000869471114128828
518.0 0.000841598284750944
519.0 0.0010372099495725706
520.0 0.0012328212505963165
521.0 0.0016053814761107787
522.0 0.0019779414287768304
523.0 0.0013418326489045285
524.0 0.0007057239145069616
525.0 0.0007867330168664921
526.0 0.0008677423465996981
527.0 0.0011946921404160094
528.0 0.001521642116131261
529.0 0.0012674624485953245
530.0 0.001013282235362567
531.0 0.001131476165028289
532.0 0.0012496700037445407
533.0 0.0008790003448666539
534.0 0.0005083305950392969
535.0 0.0010913784535659943
536.0 0.0016744263120926917
537.0 0.0016510810382897034
538.0 0.0016277355825877748
539.0 0.001169871393358335
540.0 0.0007120067493815441
541.0 0.0007932158041512594
542.0 0.0008744249498704448
543.0 0.0012597694876603782
544.0 0.0016451140254503116
545.0 0.0010860505426535383
546.0 0.0005269874236546457
547.0 0.0012179589248262346
548.0 0.0019089300621999428
549.0 0.0016734546079533175
550.0 0.0014379788808582816
551.0 0.0014526414815918542
552.0 0.0014673038094770163
553.0 0.0012940107808390167
554.0 0.001120717297453666
555.0 0.0010063788067782298
556.0 0.0008920402251533233
557.0 0.0013091458640701603
558.0 0.001726251321088057
559.0 0.001709284151729662
560.0 0.0016923164366744459
561.0 0.0015914194591459818
562.0 0.0014905224816175178
563.0 0.0011782150977523997
564.0 0.0008659077138872817
565.0 0.0016576974303461611
566.0 0.0024494876925018616
567.0 0.0027487980332807638
568.0 0.0030481080102617852
569.0 0.00291043925244594
570.0 0.0027727704946300946
571.0 0.0026730127501650713
572.0 0.002573254460003227
573.0 0.0020539846445899457
574.0 0.0015347150110756047
575.0 0.001978670115931891
576.0 0.0024226250388892367
577.0 0.0019667018932523206
578.0 0.0015107792933122255
579.0 0.0017223128452314995
580.0 0.0019338462152518332
581.0 0.001723885361570865
582.0 0.0015139244169404265
583.0 0.0019302702639834024
584.0 0.002346616020076908
585.0 0.0025409295631106943
586.0 0.0027352432880434208
587.0 0.0020697307263617404
588.0 0.0014042178918316495
589.0 0.00201426100829849
590.0 0.0026243040338158607
591.0 0.0019445566067588516
592.0 0.0012648092706513125
593.0 0.0009625513484934345
594.0 0.0006602933353860863
595.0 0.0010565961929387413
596.0 0.0014528987776429858
597.0 0.0013439796020975336
598.0 0.0012350603356026113
599.0 0.000901528346730629
600.0 0.0005679964942828519
601.0 0.0005104571300762473
602.0 0.0004529177203949075
603.0 0.0009687979400041513
604.0 0.0014846777048660442
605.0 0.0009232704542228021
606.0 0.0003618630898927222
607.0 0.0007875423762015998
608.0 0.00121322173072258
609.0 0.0011974956578342244
610.0 0.0011817693120974582
611.0 0.0009994866559281945
612.0 0.0008172039088094607
613.0 0.0007884672413638327
614.0 0.0007597305284434697
615.0 0.0012183009857835714
616.0 0.0016768715795478784
617.0 0.0021702076992369257
618.0 0.0026635436370270327
619.0 0.0022477301172330044
620.0 0.0018319162336410955
621.0 0.0015599247490172274
622.0 0.001287933082494419
623.0 0.001577943294250872
624.0 0.0018679536879062653
625.0 0.0016549614883842878
626.0 0.0014419693798117805
627.0 0.001876827809610404
628.0 0.002311686876055319
629.0 0.0020528979803202674
630.0 0.0017941092664841563
631.0 0.001578129013068974
632.0 0.001362148850603262
633.0 0.001769379377947189
634.0 0.0021766103600384668
635.0 0.005120484638609923
636.0 0.0080643585533835
637.0 0.015432584041263908
638.0 0.022800809529144317
639.0 0.019843821064569056
640.0 0.016886832599993795
641.0 0.014582222502212971
642.0 0.012277615314815193
643.0 0.009891660010907799
644.0 0.007505706162191927
645.0 0.006786309677409008
646.0 0.006066914284019731
647.0 0.00553419413336087
648.0 0.005001473618904129
649.0 0.0041050381696550176
650.0 0.003208603448001668
651.0 0.003647305493359454
652.0 0.00408600753871724
653.0 0.0033136060665128753
654.0 0.0025412045943085104
655.0 0.002821598718583118
656.0 0.0031019932066556066
657.0 0.0029761678888462484
658.0 0.0028503418434411287
659.0 0.002686433981580194
660.0 0.0025225261197192594
661.0 0.002720322663662955
662.0 0.00291811866190983
663.0 0.0019581713786465116
664.0 0.0009982238225347828
665.0 0.0015008997252152767
666.0 0.0020035760826431215
667.0 0.0023744285499560647
668.0 0.002745281199167948
669.0 0.001996128776227124
670.0 0.00124697644423577
671.0 0.0009116472028836142
672.0 0.0005763180524809286
673.0 0.0012852406143792905
674.0 0.001994163540075533
675.0 0.0020994792066630907
676.0 0.002204794691351708
677.0 0.0019535902538336813
678.0 0.0017023852706188336
679.0 0.0014223920516087674
680.0 0.0011423986506997608
681.0 0.0011850838745885994
682.0 0.0012277689165784977
683.0 0.002340187165827956
684.0 0.0034526055969763547
685.0 0.002844295340764802
686.0 0.00223598544835113
687.0 0.0016754833268350922
688.0 0.0011149808415211737
689.0 0.001463018088543322
690.0 0.0018110551536665298
691.0 0.0021312038370524533
692.0 0.002451352520438377
693.0 0.0027871834390680306
694.0 0.0031230149033945054
695.0 0.003316335642011836
696.0 0.0035096556530334055
697.0 0.0037024285120423883
698.0 0.003895201371051371
699.0 0.00580372397962492
700.0 0.007712245860602707
701.0 0.007220078259706497
702.0 0.006727911386406049
703.0 0.006198883784236386
704.0 0.005669856182066724
705.0 0.005136577237863094
706.0 0.004603299385053106
707.0 0.004369983798824251
708.0 0.004136668212595396
709.0 0.004245631498633884
710.0 0.004354594784672372
711.0 0.0038919813960092142
712.0 0.003429368371143937
713.0 0.002481623232597485
714.0 0.0015338780940510333
715.0 0.002192456304328516
716.0 0.0028510346965049393
717.0 0.0024781724278000183
718.0 0.0021053097952972166
719.0 0.0016393978512496687
720.0 0.0011734855434042402
721.0 0.0011460033420007676
722.0 0.0011185208677488845
723.0 0.0009763504749571439
724.0 0.0008341801731148735
725.0 0.0012607929420482833
726.0 0.0016874057109816931
727.0 0.001749092189129442
728.0 0.0018107783034793101
729.0 0.0017855341866379604
730.0 0.001760290251695551
731.0 0.0013446445336739998
732.0 0.0009289990885008592
733.0 0.0009388425496581476
734.0 0.0009486859198659658
735.0 0.0010210738764726557
736.0 0.001093461560230935
737.0 0.0012993452401133254
738.0 0.0015052285561978351
739.0 0.0011990846360276919
740.0 0.0008929406249080785
741.0 0.001013750079437159
742.0 0.0011345593520672992
743.0 0.0015837300452403724
744.0 0.002032900374615565
745.0 0.0013242828572401777
746.0 0.0006156652034405852
747.0 0.0011756204003177118
748.0 0.0017355756426695734
749.0 0.0023149785192799754
750.0 0.002894381577789318
751.0 0.0029045346309430897
752.0 0.0029146876840968616
753.0 0.0029529386665672064
754.0 0.002991190012835432
755.0 0.0019888439055648632
756.0 0.000986497980193235
757.0 0.001911764957185369
758.0 0.002837031934177503
759.0 0.002656183460203465
760.0 0.0024753346224315464
761.0 0.004391269976622425
762.0 0.006307205330813304
763.0 0.005745031376136467
764.0 0.005182856693863869
765.0 0.0052104380301898345
766.0 0.005238018638920039
767.0 0.0045227690861793235
768.0 0.0038075188058428466
769.0 0.0034337863326072693
770.0 0.0030600542231695727
771.0 0.003932762410840951
772.0 0.00480547096231021
773.0 0.004002561763627455
774.0 0.0031996522011468187
775.0 0.04430793924257159
776.0 1.627498157942553e-10
777.0 0.041722849709913135
778.0 1.627498157942553e-10
779.0 0.0718772818800062
780.0 1.627498157942553e-10
781.0 1.627498157942553e-10
782.0 0.12191362911835313
783.0 0.07993264589458704
784.0 1.627498157942553e-10
785.0 0.007099672802723944
786.0 0.08714706054888666
787.0 0.08815268520265818
788.0 1.627498157942553e-10
789.0 1.627498157942553e-10
790.0 0.0108818851003889
791.0 0.03482466272544116
792.0 0.0912581104785204
793.0 0.05059639806859195
794.0 1.627498157942553e-10
795.0 0.20285786595195532
796.0 0.14593407977372408
797.0 0.03623127122409642
798.0 0.34483829513192177
799.0 0.21404253784567118
800.0 0.17932656919583678
801.0 0.602954626083374
802.0 0.8467685431241989
803.0 1.3684245757758617
804.0 2.2241711616516113
805.0 3.5980429500341415
806.0 5.274519696831703
807.0 7.237637042999268
808.0 9.6537284553051
809.0 12.646052241325378
810.0 15.951476991176605
811.0 19.293493032455444
812.0 22.156989574432373
813.0 25.31164288520813
814.0 29.042726755142212
815.0 33.534857630729675
816.0 39.12578821182251
817.0 45.12333273887634
818.0 51.34775638580322
819.0 57.74757266044617
820.0 65.63836932182312
821.0 73.35697412490845
822.0 79.0835976600647
823.0 83.96970629692078
824.0 88.56056928634644
825.0 92.67503023147583
826.0 94.95531916618347
827.0 97.16349840164185
828.0 98.69261980056763
829.0 99.38512444496155
830.0 98.78740906715393
831.0 99.34377074241638
832.0 98.71787428855896
833.0 99.23684597015381
834.0 98.19641709327698
835.0 99.03331995010376
836.0 99.07375574111938
837.0 98.87241125106812
838.0 97.86617755889893
839.0 98.49271774291992
840.0 99.10964965820312
841.0 99.40938949584961
842.0 99.39765930175781
843.0 99.78870153427124
844.0 97.93620705604553
845.0 98.27654361724854
846.0 98.60974550247192
847.0 98.57066869735718
848.0 99.83584880828857
849.0 98.86568784713745
850.0 98.20001721382141
851.0 99.1205632686615
852.0 99.3876039981842
853.0 98.67817163467407
854.0 99.77588057518005
855.0 98.40563535690308
856.0 99.13203716278076
857.0 98.13651442527771
858.0 98.67088198661804
859.0 99.0350604057312
860.0 98.7862765789032
861.0 98.93024563789368
862.0 99.02834296226501
863.0 98.54162931442261
864.0 99.28099513053894
865.0 99.7611939907074
866.0 98.40038418769836
867.0 99.45595860481262
868.0 99.67993497848511
869.0 98.70288372039795
870.0 98.28367233276367
871.0 98.59151244163513
872.0 99.17426705360413
873.0 99.24705028533936
874.0 100.14170408248901
875.0 98.99143576622009
876.0 98.83003830909729
877.0 99.50041770935059
878.0 99.20869469642639
879.0 98.47669005393982
880.0 98.64644408226013
881.0 100.04749298095703
882.0 98.95637035369873
883.0 98.64435195922852
884.0 99.0904450416565
885.0 98.78618717193604
886.0 98.58406782150269
887.0 98.64018559455872
888.0 99.21952486038208
889.0 99.54611659049988
890.0 98.47915172576904
891.0 99.59996938705444
892.0 98.66885542869568
893.0 98.51557612419128
894.0 98.42907786369324
895.0 99.38343167304993
896.0 99.13374185562134
