lsstCam/transmission_sensor/r14_s12/19700101T000000.ecsv
# %ECSV 1.0
# ---
# datatype:
# - {name: amp_name, datatype: string}
# - {name: wavelength, unit: nm, datatype: float32}
# - {name: efficiency, unit: '%', datatype: float64}
# meta: !!omap
# - {MODE: AMP}
# - {TYPE: transmission_sensor}
# - {CALIBDATE: '1970-01-01T00:00:00'}
# - {INSTRUME: LSSTCam}
# - {OBSTYPE: transmission_sensor}
# - {DETECTOR: 68}
# - {PARQUETFILE: qe_raft_allvalues_nircorrected_20230725_adjust.parquet}
# - {CORRFILE: qe_corr_factor_bydetnum.parquet}
# - {CALIBCLS: lsst.ip.isr.IntermediateSensorTransmissionCurve}
# - {CALIB_ID: 'raftName=R14 detectorName=S12 detector=68 calibDate=1970-01-01T00:00:00 ccd=68 ccdnum=68 filter=None'}
# - {DATE: '2025-03-03T21:56:47.756824'}
# - {CALIB_CREATION_DATE: '2025-03-03'}
# - {CALIB_CREATION_TIME: '21:56:47'}
# - __serialized_columns__:
#     efficiency:
#       __class__: astropy.units.quantity.Quantity
#       unit: !astropy.units.Unit {unit: '%'}
#       value: !astropy.table.SerializedColumn {name: efficiency}
#     wavelength:
#       __class__: astropy.units.quantity.Quantity
#       unit: !astropy.units.Unit {unit: nm}
#       value: !astropy.table.SerializedColumn {name: wavelength}
# schema: astropy-2.0
amp_name wavelength efficiency
C00 319.994 44.47631286903053
C00 324.969 50.22003091571386
C00 349.982 76.46672501802868
C00 374.975 83.48912303808123
C00 400.019 88.00984790704685
C00 424.965 88.51555100319635
C00 450.035 89.75153142266136
C00 475.003 91.07403001472778
C00 500.018 92.94779362665857
C00 525.002 95.05254895977234
C00 550.029 95.64212862659693
C00 575.023 97.52989958015434
C00 599.982 98.28347933429544
C00 619.997 98.70149190425087
C00 624.979 99.5664376370093
C00 650.012 99.75993688128406
C00 675.004 99.21754064022134
C00 700.03 98.95021357035147
C00 725.012 98.15500003829949
C00 750.022 98.26151673614717
C00 774.987 98.48985924271815
C00 799.976 97.08869115697264
C00 824.988 95.4722210952031
C00 850.022 93.2421990194447
C00 869.967 90.27257408042915
C00 875.002 88.8478142818027
C00 899.999 82.40916461135409
C00 919.999 73.2283494369236
C00 925.012 70.40585487378728
C00 949.965 57.13366268930423
C00 975.002 41.9169203352191
C00 999.976 25.627674276845898
C00 1025.028 11.088951013731888
C00 1050.014 3.8526462802001493
C00 1075.002 0.9361314238118447
C00 1099.99 0.09288209986434605
C01 319.994 44.653467677179
C01 324.969 50.410081613381635
C01 349.982 76.70123379998965
C01 374.975 83.71700117082655
C01 400.019 88.15544052042141
C01 424.965 88.6239937105177
C01 450.035 89.83894027948577
C01 475.003 91.14357189829256
C01 500.018 93.00368596482306
C01 525.002 95.09698420600854
C01 550.029 95.67841829916982
C01 575.023 97.55770110820892
C01 599.982 98.30321902822905
C01 619.997 98.72098037955747
C01 624.979 99.58378694764359
C01 650.012 99.77472832953435
C01 675.004 99.23096180505163
C01 700.03 98.97409456528773
C01 725.012 98.21287928742298
C01 750.022 98.36686869308785
C01 774.987 98.6458888481417
C01 799.976 97.26659200831645
C01 824.988 95.65832842169554
C01 850.022 93.4684175867147
C01 869.967 90.49707218073848
C01 875.002 89.0723428328547
C01 899.999 82.70283157363055
C01 919.999 73.49961226528312
C01 925.012 70.66118435104653
C01 949.965 57.3455427631211
C01 975.002 42.11149677451569
C01 999.976 25.773531431047385
C01 1025.028 11.110983077636865
C01 1050.014 3.849504382087669
C01 1075.002 0.937134660930761
C01 1099.99 0.09298164012962994
C02 319.994 44.608609926888306
C02 324.969 50.35843715381912
C02 349.982 76.59830267709096
C02 374.975 83.56826451827166
C02 400.019 87.96844250970597
C02 424.965 88.42544725564595
C02 450.035 89.63172297563972
C02 475.003 90.93297456201053
C02 500.018 92.79020342067336
C02 525.002 94.8741989599742
C02 550.029 95.45545796136514
C02 575.023 97.3277218742196
C02 599.982 98.06803271724374
C02 619.997 98.4830915651605
C02 624.979 99.34420050434296
C02 650.012 99.53365741252874
C02 675.004 98.99529589486933
C02 700.03 98.74759432864806
C02 725.012 98.0262314602482
C02 750.022 98.23428615951758
C02 774.987 98.56433414659494
C02 799.976 97.2149779994966
C02 824.988 95.60256549918738
C02 850.022 93.46861551654202
C02 869.967 90.46793843269224
C02 875.002 89.01942705478585
C02 899.999 82.6296965024311
C02 919.999 73.45966089090457
C02 925.012 70.64292913081792
C02 949.965 57.39426395138763
C02 975.002 42.24721192823779
C02 999.976 25.841503198193433
C02 1025.028 11.109679405216452
C02 1050.014 3.840066792928874
C02 1075.002 0.9358710777118496
C02 1099.99 0.09285626856347959
C03 319.994 44.72434178073546
C03 324.969 50.49140412801556
C03 349.982 76.7758761829511
C03 374.975 83.71703923425488
C03 400.019 88.10259325652358
C03 424.965 88.5569640132229
C03 450.035 89.7684544228983
C03 475.003 91.06686647751546
C03 500.018 92.9259680568523
C03 525.002 95.01757628181977
C03 550.029 95.59713765430706
C03 575.023 97.47163208406184
C03 599.982 98.21179828605831
C03 619.997 98.62668204220475
C03 624.979 99.49063051314087
C03 650.012 99.674964083873
C03 675.004 99.13625238267291
C03 700.03 98.90124116345794
C03 725.012 98.21816249127563
C03 750.022 98.47668929651486
C03 774.987 98.86364210895039
C03 799.976 97.53126225088866
C03 824.988 95.90880100549947
C03 850.022 93.77970791630943
C03 869.967 90.72630537153248
C03 875.002 89.27962865087176
C03 899.999 82.95073868236481
C03 919.999 73.6405459150297
C03 925.012 70.76508989771055
C03 949.965 57.509078476611954
C03 975.002 42.47389867567629
C03 999.976 25.96590399784348
C03 1025.028 11.133849682208046
C03 1050.014 3.8251288004795017
C03 1075.002 0.9381799816037468
C03 1099.99 0.09308535588648723
C04 319.994 44.86697686572854
C04 324.969 50.65044455062025
C04 349.982 77.00815444801174
C04 374.975 83.89557193850902
C04 400.019 88.20085780310862
C04 424.965 88.61635057410838
C04 450.035 89.8117249282275
C04 475.003 91.1031256993457
C04 500.018 92.95328998570989
C04 525.002 95.04594876129936
C04 550.029 95.62032589484765
C04 575.023 97.49118146085378
C04 599.982 98.23251240375726
C04 619.997 98.64516564300337
C04 624.979 99.51154256066714
C04 650.012 99.69736821778991
C04 675.004 99.15538306175318
C04 700.03 98.93724916666118
C04 725.012 98.28905182020343
C04 750.022 98.60437687320149
C04 774.987 99.04110142452554
C04 799.976 97.7218458365531
C04 824.988 96.09971193664757
C04 850.022 93.96652322256888
C04 869.967 90.88201524415801
C04 875.002 89.44646826994193
C04 899.999 83.18788145356645
C04 919.999 73.65531452522299
C04 925.012 70.73602466383531
C04 949.965 57.70191161089088
C04 975.002 42.69083357277581
C04 999.976 26.06347008051861
C04 1025.028 11.10762207691504
C04 1050.014 3.8135035157772545
C04 1075.002 0.9393959830955949
C04 1099.99 0.09320600643739077
C05 319.994 44.948858912758965
C05 324.969 50.7465166437333
C05 349.982 77.0990651402428
C05 374.975 83.906694072268
C05 400.019 88.1609216541014
C05 424.965 88.56752280824253
C05 450.035 89.75429482755835
C05 475.003 91.04356404668987
C05 500.018 92.89515951795939
C05 525.002 94.97752594252755
C05 550.029 95.55159095596352
C05 575.023 97.42000284987066
C05 599.982 98.15672050526014
C05 619.997 98.5667854313796
C05 624.979 99.42978992929305
C05 650.012 99.61401692242583
C05 675.004 99.0731279931251
C05 700.03 98.86152578233506
C05 725.012 98.24036869536523
C05 750.022 98.58400532635756
C05 774.987 99.05871717915814
C05 799.976 97.74759955216335
C05 824.988 96.1344181706018
C05 850.022 93.97526258571419
C05 869.967 90.88088856667935
C05 875.002 89.47176522441218
C05 899.999 83.29002085715581
C05 919.999 73.52908858418436
C05 925.012 70.58916073195441
C05 949.965 57.82733060724885
C05 975.002 42.84410357964519
C05 999.976 26.124837842848844
C05 1025.028 11.079425640791499
C05 1050.014 3.804268376477907
C05 1075.002 0.9392016323915335
C05 1099.99 0.09318672313908012
C06 319.994 44.977939372005544
C06 324.969 50.77695977371421
C06 349.982 77.10476704180712
C06 374.975 83.84971312005315
C06 400.019 88.09912187185958
C06 424.965 88.50920963603603
C06 450.035 89.69721491042985
C06 475.003 90.99004686645335
C06 500.018 92.84070597738588
C06 525.002 94.92167166779139
C06 550.029 95.49695471093402
C06 575.023 97.36087512029783
C06 599.982 98.09407571490934
C06 619.997 98.5015599405878
C06 624.979 99.36389452216257
C06 650.012 99.54316565692638
C06 675.004 99.00268781265164
C06 700.03 98.79189254654227
C06 725.012 98.1711769953411
C06 750.022 98.51782824985742
C06 774.987 98.99072067078367
C06 799.976 97.68313532993821
C06 824.988 96.08492810108295
C06 850.022 93.91709405453535
C06 869.967 90.91707166165291
C06 875.002 89.52428514282636
C06 899.999 83.29904950235645
C06 919.999 73.48557447291384
C06 925.012 70.65285607292722
C06 949.965 58.1023198452422
C06 975.002 42.93909847773641
C06 999.976 26.084294582159714
C06 1025.028 11.024413519407204
C06 1050.014 3.818064941870137
C06 1075.002 0.9385711550864401
C06 1099.99 0.09312416776007636
C07 319.994 44.96963773828607
C07 324.969 50.76681967640624
C07 349.982 77.06093319773858
C07 374.975 83.81862291179058
C07 400.019 88.14345815318212
C07 424.965 88.59517208258379
C07 450.035 89.81339971907417
C07 475.003 91.12411387372863
C07 500.018 92.98816369874878
C07 525.002 95.07913245812026
C07 550.029 95.66182264441653
C07 575.023 97.52988435478301
C07 599.982 98.26788094136448
C07 619.997 98.67672022509161
C07 624.979 99.54121680939572
C07 650.012 99.72041181730285
C07 675.004 99.17825918218146
C07 700.03 98.95120321948812
C07 725.012 98.2954008000494
C07 750.022 98.58678395662588
C07 774.987 99.00209402316965
C07 799.976 97.6790777684779
C07 824.988 96.09639280569691
C07 850.022 93.9374427633223
C07 869.967 91.04000130979787
C07 875.002 89.65341151710398
C07 899.999 83.28739448060082
C07 919.999 73.72978181641412
C07 925.012 70.98576642981523
C07 949.965 58.42988609679223
C07 975.002 43.04660863106359
C07 999.976 26.118852368743443
C07 1025.028 11.0650214879245
C07 1050.014 3.8657186888683395
C07 1075.002 0.9392285753570768
C07 1099.99 0.09318939639536934
C10 319.994 44.204970107471496
C10 324.969 49.9142217197991
C10 349.982 75.82984012247157
C10 374.975 82.8119594226619
C10 400.019 87.7805157513392
C10 424.965 88.51395233920636
C10 450.035 89.88049031785431
C10 475.003 91.27806521596517
C10 500.018 93.2072111161208
C10 525.002 95.35187976018479
C10 550.029 95.96192993876697
C10 575.023 97.86672285747501
C10 599.982 98.62798381145375
C10 619.997 99.0508989509785
C10 624.979 99.92221650163992
C10 650.012 100.11327968650136
C10 675.004 99.57242882062896
C10 700.03 99.2985472284001
C10 725.012 98.49424414966215
C10 750.022 98.5964063913085
C10 774.987 98.83253667531648
C10 799.976 97.43468772052162
C10 824.988 95.8279542837197
C10 850.022 93.72429517734193
C10 869.967 90.6284138465451
C10 875.002 89.1853607642617
C10 899.999 82.98774394739037
C10 919.999 74.16141348102717
C10 925.012 71.22248289061953
C10 949.965 57.29719840279508
C10 975.002 42.26139816797758
C10 999.976 25.84986002388399
C10 1025.028 11.182145511662945
C10 1050.014 3.899984100743186
C10 1075.002 0.9393219233650942
C10 1099.99 0.09319865829896777
C11 319.994 44.34332305677709
C11 324.969 50.06140157813516
C11 349.982 75.99289623676542
C11 374.975 82.93931204117919
C11 400.019 87.80243267337346
C11 424.965 88.49036823901109
C11 450.035 89.82691223613247
C11 475.003 91.20501388430806
C11 500.018 93.11908666684373
C11 525.002 95.24986215956608
C11 550.029 95.84958953638431
C11 575.023 97.74090038877671
C11 599.982 98.49349810646682
C11 619.997 98.90982066020425
C11 624.979 99.77959283567534
C11 650.012 99.96916393414611
C11 675.004 99.42171286980074
C11 700.03 99.15995828583884
C11 725.012 98.39021680002746
C11 750.022 98.540102968118
C11 774.987 98.82317307194651
C11 799.976 97.44455376114558
C11 824.988 95.84246406260033
C11 850.022 93.75599440045784
C11 869.967 90.66225223433332
C11 875.002 89.20972897108062
C11 899.999 83.05253551509918
C11 919.999 74.12806991780727
C11 925.012 71.16813592764537
C11 949.965 57.3903890943833
C11 975.002 42.330981921313544
C11 999.976 25.888085221787627
C11 1025.028 11.136434188991872
C11 1050.014 3.878757316243884
C11 1075.002 0.938785076034188
C11 1099.99 0.09314539279998676
C12 319.994 44.369350829071344
C12 324.969 50.08779095299859
C12 349.982 76.02111646253167
C12 374.975 82.93495758497787
C12 400.019 87.74837499245461
C12 424.965 88.41607603959031
C12 450.035 89.74087366272805
C12 475.003 91.11642506120532
C12 500.018 93.02005323900634
C12 525.002 95.14444168845439
C12 550.029 95.74336973327762
C12 575.023 97.6311026234067
C12 599.982 98.38143937345382
C12 619.997 98.79968793666491
C12 624.979 99.66560048050302
C12 650.012 99.85394593658145
C12 675.004 99.31242515437039
C12 700.03 99.05726315619582
C12 725.012 98.3293609908083
C12 750.022 98.53281762793503
C12 774.987 98.86865125611904
C12 799.976 97.51264923443372
C12 824.988 95.90246725102482
C12 850.022 93.82983745142428
C12 869.967 90.70440367486954
C12 875.002 89.24397844389486
C12 899.999 83.05346426275051
C12 919.999 74.0719415863871
C12 925.012 71.13249333335413
C12 949.965 57.50066645895031
C12 975.002 42.407816757746986
C12 999.976 25.92118327589478
C12 1025.028 11.106035783539253
C12 1050.014 3.865054482043925
C12 1075.002 0.9387151877218085
C12 1099.99 0.09313845854583754
C13 319.994 44.64022921680471
C13 324.969 50.39463166782118
C13 349.982 76.45791714071237
C13 374.975 83.36144307408027
C13 400.019 88.16510101853238
C13 424.965 88.82457275246243
C13 450.035 90.15506466447883
C13 475.003 91.53561759743907
C13 500.018 93.44979695757408
C13 525.002 95.5812652046921
C13 550.029 96.178602198211
C13 575.023 98.07476233137305
C13 599.982 98.8262562096415
C13 619.997 99.24446670942426
C13 624.979 100.11437591323735
C13 650.012 100.29931088613714
C13 675.004 99.75486683263009
C13 700.03 99.51488452967479
C13 725.012 98.81929821494218
C13 750.022 99.08146388393007
C13 774.987 99.47227632799859
C13 799.976 98.12994668977056
C13 824.988 96.50898514345769
C13 850.022 94.42711354345785
C13 869.967 91.27677867208752
C13 875.002 89.82108853159748
C13 899.999 83.62571745699782
C13 919.999 74.42161507711306
C13 925.012 71.44185765347521
C13 949.965 57.87690441631003
C13 975.002 42.76703655629892
C13 999.976 26.129173267335997
C13 1025.028 11.162534281799962
C13 1050.014 3.8736439704401704
C13 1075.002 0.943941607078481
C13 1099.99 0.09365701907299379
C14 319.994 44.63565399271906
C14 324.969 50.388339783117694
C14 349.982 76.43065611334012
C14 374.975 83.25294707795926
C14 400.019 87.93833433789439
C14 424.965 88.55537296191856
C14 450.035 89.86228838642536
C14 475.003 91.22534736772366
C14 500.018 93.12768138896136
C14 525.002 95.24638316221643
C14 550.029 95.84065224341167
C14 575.023 97.72445698773676
C14 599.982 98.47162686054655
C14 619.997 98.88647255326465
C14 624.979 99.75092346145476
C14 650.012 99.93581275824054
C14 675.004 99.3914828950185
C14 700.03 99.16550032100416
C14 725.012 98.51255265869042
C14 750.022 98.81750923381053
C14 774.987 99.26350603627654
C14 799.976 97.94099221883879
C14 824.988 96.33144970102589
C14 850.022 94.24446998894372
C14 869.967 91.14628962707556
C14 875.002 89.71417597409514
C14 899.999 83.50210266714285
C14 919.999 74.09404882556304
C14 925.012 71.15448638224507
C14 949.965 57.949323895056814
C14 975.002 42.77264710563524
C14 999.976 26.108835977577556
C14 1025.028 11.109058019748911
C14 1050.014 3.8515150826893714
C14 1075.002 0.9414265182979136
C14 1099.99 0.09340747427475048
C15 319.994 44.60368071291915
C15 324.969 50.352533516084634
C15 349.982 76.3454853861017
C15 374.975 83.1260436078963
C15 400.019 87.80483828204412
C15 424.965 88.41513967925331
C15 450.035 89.71764735875912
C15 475.003 91.07857478807077
C15 500.018 92.97698066350448
C15 525.002 95.09100063507455
C15 550.029 95.67978096990414
C15 575.023 97.56175866966925
C15 599.982 98.30492426981837
C15 619.997 98.71530892873582
C15 624.979 99.57713346037094
C15 650.012 99.76309614583573
C15 675.004 99.21815726776033
C15 700.03 99.00069328900697
C15 725.012 98.3736820467595
C15 750.022 98.7152023511365
C15 774.987 99.19475587202108
C15 799.976 97.89099209938027
C15 824.988 96.29357658983433
C15 850.022 94.19027527968288
C15 869.967 91.19345021478043
C15 875.002 89.79916399687755
C15 899.999 83.4954263418132
C15 919.999 73.97927236376704
C15 925.012 71.10868085258888
C15 949.965 58.22112341775585
C15 975.002 42.93411978131043
C15 999.976 26.103223525069826
C15 1025.028 11.06453142128471
C15 1050.014 3.8415476981874632
C15 1075.002 0.9404515379100279
C15 1099.99 0.09331073761636052
C16 319.994 44.616264482326116
C16 324.969 50.36592042382943
C16 349.982 76.358358437564
C16 374.975 83.116299370243
C16 400.019 87.75124497495095
C16 424.965 88.34576527477319
C16 450.035 89.64380430779268
C16 475.003 90.99523110539235
C16 500.018 92.89251791603306
C16 525.002 95.00241942465749
C16 550.029 95.59019488497907
C16 575.023 97.46876210156552
C16 599.982 98.20885217670532
C16 619.997 98.61861259539812
C16 624.979 99.48186069925289
C16 650.012 99.66190071526903
C16 675.004 99.1176774296463
C16 700.03 98.90338794081593
C16 725.012 98.27963492803379
C16 750.022 98.62187082486344
C16 774.987 99.10284030528202
C16 799.976 97.80805188904218
C16 824.988 96.22519944717654
C16 850.022 94.13366734906572
C16 869.967 91.25636906181523
C16 875.002 89.88500464045462
C16 899.999 83.450214601639
C16 919.999 74.0817086620974
C16 925.012 71.29911218453998
C16 949.965 58.43515026893071
C16 975.002 43.03748863363495
C16 999.976 26.09395317709927
C16 1025.028 11.059906714742224
C16 1050.014 3.859881186340586
C16 1075.002 0.9395623648525038
C16 1099.99 0.0932225146824595
C17 319.994 44.58202262219755
C17 324.969 50.32700818104438
C17 349.982 76.28392159711555
C17 374.975 83.08246859514043
C17 400.019 87.79580963684347
C17 424.965 88.43513820449958
C17 450.035 89.75401315818868
C17 475.003 91.12607033394495
C17 500.018 93.03619213261963
C17 525.002 95.15601297066769
C17 550.029 95.74840171850327
C17 575.023 97.63473387446969
C17 599.982 98.37745032616449
C17 619.997 98.78800246416661
C17 624.979 99.65224782984372
C17 650.012 99.83292731145585
C17 675.004 99.28991444285413
C17 700.03 99.05768946659315
C17 725.012 98.39823295803443
C17 750.022 98.6908722077459
C17 774.987 99.1172435065633
C17 799.976 97.80908721429284
C17 824.988 96.24219096158448
C17 850.022 94.17823201095825
C17 869.967 91.34041311157499
C17 875.002 89.99039466082365
C17 899.999 83.56125323477268
C17 919.999 74.47547482820457
C17 925.012 71.72223286657771
C17 949.965 58.57132218379281
C17 975.002 43.14269975589081
C17 999.976 26.11694539098395
C17 1025.028 11.137656025041368
C17 1050.014 3.903465001264259
C17 1075.002 0.940220180636659
C17 1099.99 0.09328778256024042
