lsstCam/transmission_sensor/r14_s12/19700101T000000.ecsv
# %ECSV 1.0
# ---
# datatype:
# - {name: amp_name, datatype: string}
# - {name: wavelength, unit: nm, datatype: float32}
# - {name: efficiency, unit: '%', datatype: float64}
# meta: !!omap
# - {MODE: AMP}
# - {TYPE: transmission_sensor}
# - {CALIBDATE: '1970-01-01T00:00:00'}
# - {INSTRUME: LSSTCAM}
# - {OBSTYPE: transmission_sensor}
# - {DETECTOR: 68}
# - {PARQUETFILE: qe_raft_allvalues_nircorrected_20230725.parquet}
# - {CALIBCLS: lsst.ip.isr.IntermediateSensorTransmissionCurve}
# - {CALIB_ID: 'raftName=R14 detectorName=S12 detector=68 calibDate=1970-01-01T00:00:00 ccd=68 ccdnum=68 filter=None'}
# - {DATE: '2023-08-02T16:57:55.719620'}
# - {CALIB_CREATION_DATE: '2023-08-02'}
# - {CALIB_CREATION_TIME: '16:57:55'}
# - __serialized_columns__:
#     efficiency:
#       __class__: astropy.units.quantity.Quantity
#       unit: !astropy.units.Unit {unit: '%'}
#       value: !astropy.table.SerializedColumn {name: efficiency}
#     wavelength:
#       __class__: astropy.units.quantity.Quantity
#       unit: !astropy.units.Unit {unit: nm}
#       value: !astropy.table.SerializedColumn {name: wavelength}
# schema: astropy-2.0
amp_name wavelength efficiency
C00 319.994 44.57393264770508
C00 324.969 50.330257415771484
C00 349.982 76.63455963134766
C00 374.975 83.67237091064453
C00 400.019 88.20301818847656
C00 424.965 88.70983123779297
C00 450.035 89.94852447509766
C00 475.003 91.27392578125
C00 500.018 93.15180206298828
C00 525.002 95.26117706298828
C00 550.029 95.85205078125
C00 575.023 97.74396514892578
C00 599.982 98.49919891357422
C00 619.997 98.91812896728516
C00 624.979 99.78497314453125
C00 650.012 99.97889709472656
C00 675.004 99.43531036376953
C00 700.03 99.16739654541016
C00 725.012 98.37043762207031
C00 750.022 98.47718811035156
C00 774.987 98.7060317993164
C00 799.976 97.30178833007812
C00 824.988 95.68177032470703
C00 850.022 93.44685363769531
C00 869.967 90.47071075439453
C00 875.002 89.0428237915039
C00 899.999 82.59004211425781
C00 919.999 73.38907623291016
C00 925.012 70.56038665771484
C00 949.965 57.259063720703125
C00 975.002 42.0089225769043
C00 999.976 25.683923721313477
C00 1025.028 11.113289833068848
C00 1050.014 3.861102342605591
C00 1075.002 0.9381861117234057
C00 1099.99 0.09308596411132815
C01 319.994 44.7514762878418
C01 324.969 50.52072525024414
C01 349.982 76.86958312988281
C01 374.975 83.90074920654297
C01 400.019 88.34893035888672
C01 424.965 88.81851196289062
C01 450.035 90.03612518310547
C01 475.003 91.34362030029297
C01 500.018 93.20781707763672
C01 525.002 95.30570983886719
C01 550.029 95.88842010498047
C01 575.023 97.7718276977539
C01 599.982 98.51898193359375
C01 619.997 98.93766021728516
C01 624.979 99.80236053466797
C01 650.012 99.99372100830078
C01 675.004 99.44876098632812
C01 700.03 99.19132995605469
C01 725.012 98.4284439086914
C01 750.022 98.58277130126953
C01 774.987 98.8624038696289
C01 799.976 97.4800796508789
C01 824.988 95.8682861328125
C01 850.022 93.67356872558594
C01 869.967 90.6957015991211
C01 875.002 89.2678451538086
C01 899.999 82.88435363769531
C01 919.999 73.66093444824219
C01 925.012 70.81627655029297
C01 949.965 57.47140884399414
C01 975.002 42.20392608642578
C01 999.976 25.830101013183594
C01 1025.028 11.135370254516602
C01 1050.014 3.8579535484313965
C01 1075.002 0.9391915508185918
C01 1099.99 0.09318572285467461
C02 319.994 44.706520080566406
C02 324.969 50.46896743774414
C02 349.982 76.76642608642578
C02 374.975 83.7516860961914
C02 400.019 88.1615219116211
C02 424.965 88.6195297241211
C02 450.035 89.82845306396484
C02 475.003 91.13256072998047
C02 500.018 92.99386596679688
C02 525.002 95.08243560791016
C02 550.029 95.66497039794922
C02 575.023 97.54134368896484
C02 599.982 98.28327941894531
C02 619.997 98.69924926757812
C02 624.979 99.56224822998047
C02 650.012 99.75212097167969
C02 675.004 99.21257781982422
C02 700.03 98.9643325805664
C02 725.012 98.24138641357422
C02 750.022 98.44989776611328
C02 774.987 98.78067016601562
C02 799.976 97.42835235595703
C02 824.988 95.8124008178711
C02 850.022 93.67376708984375
C02 869.967 90.66650390625
C02 875.002 89.21481323242188
C02 899.999 82.8110580444336
C02 919.999 73.62089538574219
C02 925.012 70.79798126220703
C02 949.965 57.52023696899414
C02 975.002 42.33993911743164
C02 999.976 25.898221969604492
C02 1025.028 11.134063720703125
C02 1050.014 3.8484952449798584
C02 1075.002 0.937925194197251
C02 1099.99 0.09306007611408308
C03 319.994 44.822505950927734
C03 324.969 50.60222625732422
C03 349.982 76.94438934326172
C03 374.975 83.90078735351562
C03 400.019 88.29596710205078
C03 424.965 88.75133514404297
C03 450.035 89.96548461914062
C03 475.003 91.2667465209961
C03 500.018 93.12992858886719
C03 525.002 95.22612762451172
C03 550.029 95.80696105957031
C03 575.023 97.6855697631836
C03 599.982 98.42736053466797
C03 619.997 98.84315490722656
C03 624.979 99.70899963378906
C03 650.012 99.89373779296875
C03 675.004 99.35384368896484
C03 700.03 99.11831665039062
C03 725.012 98.4337387084961
C03 750.022 98.69283294677734
C03 774.987 99.08063507080078
C03 799.976 97.74533081054688
C03 824.988 96.11930847167969
C03 850.022 93.98554229736328
C03 869.967 90.9254379272461
C03 875.002 89.4755859375
C03 899.999 83.13280487060547
C03 919.999 73.80217742919922
C03 925.012 70.92041015625
C03 949.965 57.63530349731445
C03 975.002 42.56712341308594
C03 999.976 26.02289581298828
C03 1025.028 11.158287048339844
C03 1050.014 3.833524465560913
C03 1075.002 0.9402391658358288
C03 1099.99 0.09328966625426072
C04 319.994 44.9654541015625
C04 324.969 50.76161575317383
C04 349.982 77.17717742919922
C04 374.975 84.0797119140625
C04 400.019 88.39444732666016
C04 424.965 88.81085205078125
C04 450.035 90.00885009765625
C04 475.003 91.30308532714844
C04 500.018 93.15731048583984
C04 525.002 95.25456237792969
C04 550.029 95.8302001953125
C04 575.023 97.70516204833984
C04 599.982 98.4481201171875
C04 619.997 98.86167907714844
C04 624.979 99.7299575805664
C04 650.012 99.91619110107422
C04 675.004 99.37301635742188
C04 700.03 99.15440368652344
C04 725.012 98.5047836303711
C04 750.022 98.82080078125
C04 774.987 99.25848388671875
C04 799.976 97.93633270263672
C04 824.988 96.31063842773438
C04 850.022 94.17276763916016
C04 869.967 91.08148956298828
C04 875.002 89.64279174804688
C04 899.999 83.37046813964844
C04 919.999 73.81697845458984
C04 925.012 70.89128112792969
C04 949.965 57.82855987548828
C04 975.002 42.7845344543457
C04 999.976 26.120676040649414
C04 1025.028 11.132001876831055
C04 1050.014 3.821873664855957
C04 1075.002 0.9414578362943435
C04 1099.99 0.093410581617585
C05 319.994 45.047515869140625
C05 324.969 50.8578987121582
C05 349.982 77.2682876586914
C05 374.975 84.09085845947266
C05 400.019 88.35442352294922
C05 424.965 88.76191711425781
C05 450.035 89.9512939453125
C05 475.003 91.24339294433594
C05 500.018 93.09905242919922
C05 525.002 95.18598937988281
C05 550.029 95.76131439208984
C05 575.023 97.63382720947266
C05 599.982 98.37216186523438
C05 619.997 98.78312683105469
C05 624.979 99.64802551269531
C05 650.012 99.83265686035156
C05 675.004 99.29058074951172
C05 700.03 99.0785140991211
C05 725.012 98.45599365234375
C05 750.022 98.80038452148438
C05 774.987 99.27613830566406
C05 799.976 97.96214294433594
C05 824.988 96.34542083740234
C05 850.022 94.18152618408203
C05 869.967 91.08036041259766
C05 875.002 89.66814422607422
C05 899.999 83.47283172607422
C05 919.999 73.69047546386719
C05 925.012 70.74409484863281
C05 949.965 57.954254150390625
C05 975.002 42.938140869140625
C05 999.976 26.182178497314453
C05 1025.028 11.103743553161621
C05 1050.014 3.8126182556152344
C05 1075.002 0.941263059015517
C05 1099.99 0.09339125599491804
C06 319.994 45.07666015625
C06 324.969 50.88840866088867
C06 349.982 77.27400207519531
C06 374.975 84.03375244140625
C06 400.019 88.29248809814453
C06 424.965 88.70347595214844
C06 450.035 89.89408874511719
C06 475.003 91.18975830078125
C06 500.018 93.04447937011719
C06 525.002 95.13001251220703
C06 550.029 95.70655822753906
C06 575.023 97.57456970214844
C06 599.982 98.30937957763672
C06 619.997 98.71775817871094
C06 624.979 99.58198547363281
C06 650.012 99.76165008544922
C06 675.004 99.21998596191406
C06 700.03 99.00872802734375
C06 725.012 98.38665008544922
C06 750.022 98.73406219482422
C06 774.987 99.20799255371094
C06 799.976 97.89753723144531
C06 824.988 96.29582214355469
C06 850.022 94.12322998046875
C06 869.967 91.11662292480469
C06 875.002 89.72077941894531
C06 899.999 83.48188018798828
C06 919.999 73.64686584472656
C06 925.012 70.80792999267578
C06 949.965 58.2298469543457
C06 975.002 43.03334426879883
C06 999.976 26.14154624938965
C06 1025.028 11.04861068725586
C06 1050.014 3.8264451026916504
C06 1075.002 0.9406311978939376
C06 1099.99 0.09332856331491382
C07 319.994 45.06834030151367
C07 324.969 50.87824630737305
C07 349.982 77.23007202148438
C07 374.975 84.00259399414062
C07 400.019 88.33692169189453
C07 424.965 88.78962707519531
C07 450.035 90.01052856445312
C07 475.003 91.3241195678711
C07 500.018 93.1922607421875
C07 525.002 95.2878189086914
C07 550.029 95.87178802490234
C07 575.023 97.74394989013672
C07 599.982 98.48356628417969
C07 619.997 98.89330291748047
C07 624.979 99.75969696044922
C07 650.012 99.93928527832031
C07 675.004 99.39594268798828
C07 700.03 99.16838836669922
C07 725.012 98.51114654541016
C07 750.022 98.80316925048828
C07 774.987 99.21939086914062
C07 799.976 97.89347076416016
C07 824.988 96.30731201171875
C07 850.022 94.14362335205078
C07 869.967 91.23982238769531
C07 875.002 89.85018920898438
C07 899.999 83.47019958496094
C07 919.999 73.89160919189453
C07 925.012 71.14157104492188
C07 949.965 58.55813217163086
C07 975.002 43.141090393066406
C07 999.976 26.176179885864258
C07 1025.028 11.08930778503418
C07 1050.014 3.8742034435272217
C07 1075.002 0.9412900611173997
C07 1099.99 0.09339393511866052
C10 319.994 44.30199432373047
C10 324.969 50.02377700805664
C10 349.982 75.99627685546875
C10 374.975 82.99372100830078
C10 400.019 87.97318267822266
C10 424.965 88.7082290649414
C10 450.035 90.07776641845703
C10 475.003 91.47840881347656
C10 500.018 93.41178894042969
C10 525.002 95.56116485595703
C10 550.029 96.17255401611328
C10 575.023 98.08152770996094
C10 599.982 98.8444595336914
C10 619.997 99.26830291748047
C10 624.979 100.14153289794922
C10 650.012 100.33301544189453
C10 675.004 99.79097747802734
C10 700.03 99.51649475097656
C10 725.012 98.7104263305664
C10 750.022 98.81281280517578
C10 774.987 99.0494613647461
C10 799.976 97.64854431152344
C10 824.988 96.03828430175781
C10 850.022 93.93000793457031
C10 869.967 90.82733154296875
C10 875.002 89.38111114501953
C10 899.999 83.16989135742188
C10 919.999 74.32418823242188
C10 925.012 71.3788070678711
C10 949.965 57.42295837402344
C10 975.002 42.354156494140625
C10 999.976 25.906597137451172
C10 1025.028 11.20668888092041
C10 1050.014 3.9085440635681152
C10 1075.002 0.9413836140122724
C10 1099.99 0.09340321735094452
C11 319.994 44.440650939941406
C11 324.969 50.17127990722656
C11 349.982 76.1596908569336
C11 374.975 83.12135314941406
C11 400.019 87.99514770507812
C11 424.965 88.6845932006836
C11 450.035 90.0240707397461
C11 475.003 91.40519714355469
C11 500.018 93.32347106933594
C11 525.002 95.45892333984375
C11 550.029 96.05996704101562
C11 575.023 97.95542907714844
C11 599.982 98.70967864990234
C11 619.997 99.12691497802734
C11 624.979 99.99859619140625
C11 650.012 100.18858337402344
C11 675.004 99.63993072509766
C11 700.03 99.37760162353516
C11 725.012 98.60617065429688
C11 750.022 98.75638580322266
C11 774.987 99.04007720947266
C11 799.976 97.65843200683594
C11 824.988 96.05282592773438
C11 850.022 93.96177673339844
C11 869.967 90.86124420166016
C11 875.002 89.40553283691406
C11 899.999 83.23482513427734
C11 919.999 74.290771484375
C11 925.012 71.3243408203125
C11 949.965 57.516353607177734
C11 975.002 42.423892974853516
C11 999.976 25.94490623474121
C11 1025.028 11.160877227783203
C11 1050.014 3.88727068901062
C11 1075.002 0.9408455883706152
C11 1099.99 0.09334983494105328
C12 319.994 44.46673583984375
C12 324.969 50.19772720336914
C12 349.982 76.18797302246094
C12 374.975 83.11698913574219
C12 400.019 87.94097137451172
C12 424.965 88.61013793945312
C12 450.035 89.9378433227539
C12 475.003 91.31641387939453
C12 500.018 93.2242202758789
C12 525.002 95.353271484375
C12 550.029 95.9535140991211
C12 575.023 97.84539031982422
C12 599.982 98.59737396240234
C12 619.997 99.01654052734375
C12 624.979 99.88435363769531
C12 650.012 100.07311248779297
C12 675.004 99.53040313720703
C12 700.03 99.2746810913086
C12 725.012 98.54518127441406
C12 750.022 98.74908447265625
C12 774.987 99.08565521240234
C12 799.976 97.72667694091797
C12 824.988 96.11296081542969
C12 850.022 94.03578186035156
C12 869.967 90.90348815917969
C12 875.002 89.43985748291016
C12 899.999 83.23575592041016
C12 919.999 74.2345199584961
C12 925.012 71.28861999511719
C12 949.965 57.62687301635742
C12 975.002 42.50089645385742
C12 999.976 25.978076934814453
C12 1025.028 11.130412101745605
C12 1050.014 3.87353777885437
C12 1075.002 0.9407755466623908
C12 1099.99 0.09334288546710925
C13 319.994 44.73820877075195
C13 324.969 50.50524139404297
C13 349.982 76.625732421875
C13 374.975 83.5444107055664
C13 400.019 88.35861206054688
C13 424.965 89.01953125
C13 450.035 90.35294342041016
C13 475.003 91.73652648925781
C13 500.018 93.6549072265625
C13 525.002 95.79105377197266
C13 550.029 96.38970184326172
C13 575.023 98.29002380371094
C13 599.982 99.04316711425781
C13 619.997 99.46229553222656
C13 624.979 100.33411407470703
C13 650.012 100.51945495605469
C13 675.004 99.97381591796875
C13 700.03 99.73330688476562
C13 725.012 99.03619384765625
C13 750.022 99.29893493652344
C13 774.987 99.69060516357422
C13 799.976 98.34532928466797
C13 824.988 96.72080993652344
C13 850.022 94.63436889648438
C13 869.967 91.47711944580078
C13 875.002 90.01823425292969
C13 899.999 83.80926513671875
C13 919.999 74.5849609375
C13 925.012 71.59866333007812
C13 949.965 58.003936767578125
C13 975.002 42.860904693603516
C13 999.976 26.1865234375
C13 1025.028 11.187034606933594
C13 1050.014 3.882146120071411
C13 1075.002 0.9460134373364443
C13 1099.99 0.09386258416783756
C14 319.994 44.73362350463867
C14 324.969 50.49893569946289
C14 349.982 76.5984115600586
C14 374.975 83.43567657470703
C14 400.019 88.13134765625
C14 424.965 88.74974060058594
C14 450.035 90.05952453613281
C14 475.003 91.42557525634766
C14 500.018 93.33208465576172
C14 525.002 95.45543670654297
C14 550.029 96.05101013183594
C14 575.023 97.93894958496094
C14 599.982 98.68775939941406
C14 619.997 99.103515625
C14 624.979 99.96986389160156
C14 650.012 100.15515899658203
C14 675.004 99.60963439941406
C14 700.03 99.3831558227539
C14 725.012 98.72877502441406
C14 750.022 99.0344009399414
C14 774.987 99.48137664794922
C14 799.976 98.15596008300781
C14 824.988 96.54288482666016
C14 850.022 94.45132446289062
C14 869.967 91.34634399414062
C14 875.002 89.91108703613281
C14 899.999 83.68537902832031
C14 919.999 74.25667572021484
C14 925.012 71.31066131591797
C14 949.965 58.076515197753906
C14 975.002 42.86652755737305
C14 999.976 26.166141510009766
C14 1025.028 11.133440971374512
C14 1050.014 3.859968662261963
C14 1075.002 0.9434928282599201
C14 1099.99 0.09361249165090081
C15 319.994 44.70158004760742
C15 324.969 50.463050842285156
C15 349.982 76.51305389404297
C15 374.975 83.3084945678711
C15 400.019 87.99755859375
C15 424.965 88.60919952392578
C15 450.035 89.91456604003906
C15 475.003 91.27848052978516
C15 500.018 93.1810531616211
C15 525.002 95.29971313476562
C15 550.029 95.88978576660156
C15 575.023 97.77589416503906
C15 599.982 98.52069091796875
C15 619.997 98.93197631835938
C15 624.979 99.79569244384766
C15 650.012 99.98206329345703
C15 675.004 99.43592834472656
C15 700.03 99.21798706054688
C15 725.012 98.589599609375
C15 750.022 98.93186950683594
C15 774.987 99.4124755859375
C15 799.976 98.10585021972656
C15 824.988 96.50492858886719
C15 850.022 94.39701080322266
C15 869.967 91.39360809326172
C15 875.002 89.99626159667969
C15 899.999 83.6786880493164
C15 919.999 74.14164733886719
C15 925.012 71.26475524902344
C15 949.965 58.34891128540039
C15 975.002 43.02835464477539
C15 999.976 26.1605167388916
C15 1025.028 11.08881664276123
C15 1050.014 3.8499794006347656
C15 1075.002 0.94251570791565
C15 1099.99 0.09351554266800434
C16 319.994 44.71419143676758
C16 324.969 50.47646713256836
C16 349.982 76.52595520019531
C16 374.975 83.2987289428711
C16 400.019 87.94384765625
C16 424.965 88.5396728515625
C16 450.035 89.84056091308594
C16 475.003 91.19495391845703
C16 500.018 93.09640502929688
C16 525.002 95.2109375
C16 550.029 95.80000305175781
C16 575.023 97.68269348144531
C16 599.982 98.42440795898438
C16 619.997 98.83506774902344
C16 624.979 99.70021057128906
C16 650.012 99.88064575195312
C16 675.004 99.3352279663086
C16 700.03 99.12046813964844
C16 725.012 98.49534606933594
C16 750.022 98.83833312988281
C16 774.987 99.32035827636719
C16 799.976 98.0227279663086
C16 824.988 96.4364013671875
C16 850.022 94.34027862548828
C16 869.967 91.4566650390625
C16 875.002 90.08229064941406
C16 899.999 83.63337707519531
C16 919.999 74.24430847167969
C16 925.012 71.45560455322266
C16 949.965 58.56340789794922
C16 975.002 43.13195037841797
C16 999.976 26.151226043701172
C16 1025.028 11.084181785583496
C16 1050.014 3.8683531284332275
C16 1075.002 0.9416245832377806
C16 1099.99 0.09342712609612557
C17 319.994 44.679874420166016
C17 324.969 50.437469482421875
C17 349.982 76.45135498046875
C17 374.975 83.26482391357422
C17 400.019 87.98851013183594
C17 424.965 88.62924194335938
C17 450.035 89.95101165771484
C17 475.003 91.32608032226562
C17 500.018 93.24039459228516
C17 525.002 95.3648681640625
C17 550.029 95.95855712890625
C17 575.023 97.84902954101562
C17 599.982 98.59337615966797
C17 619.997 99.00482940673828
C17 624.979 99.8709716796875
C17 650.012 100.05204772949219
C17 675.004 99.50784301757812
C17 700.03 99.27510833740234
C17 725.012 98.61420440673828
C17 750.022 98.90748596191406
C17 774.987 99.33479309082031
C17 799.976 98.02376556396484
C17 824.988 96.45343017578125
C17 850.022 94.38494110107422
C17 869.967 91.5408935546875
C17 875.002 90.18791198730469
C17 899.999 83.74465942382812
C17 919.999 74.6389389038086
C17 925.012 71.87965393066406
C17 949.965 58.69987869262695
C17 975.002 43.23739242553711
C17 999.976 26.17426872253418
C17 1025.028 11.162101745605469
C17 1050.014 3.9120326042175293
C17 1075.002 0.9422838428428624
C17 1099.99 0.09349253722849242
