lsstCam/transmission_filter_detector/r31_s01/u_24/19700101T000000.ecsv
# %ECSV 1.0
# ---
# datatype:
# - {name: wavelength, unit: nm, datatype: float32}
# - {name: efficiency, unit: '%', datatype: float64}
# meta: !!omap
# - {MODE: DETECTOR}
# - {TYPE: transmission_filter_detector}
# - {CALIBDATE: '1970-01-01T00:00:00'}
# - {INSTRUME: LSSTCam}
# - {OBSTYPE: transmission_filter_detector}
# - {CALIBCLS: lsst.ip.isr.IntermediateFilterDetectorTransmissionCurve}
# - {SOURCE: Materion (DM-46256)}
# - {DETECTOR: 127}
# - {FILTER: u_24}
# - {CALIB_ID: 'calibDate=1970-01-01T00:00:00 filter=u_24 detector=127'}
# - {DATE: '2025-04-02T15:59:40.337733'}
# - {CALIB_CREATION_DATE: '2025-04-02'}
# - {CALIB_CREATION_TIME: '15:59:40'}
# - __serialized_columns__:
#     efficiency:
#       __class__: astropy.units.quantity.Quantity
#       unit: !astropy.units.Unit {unit: '%'}
#       value: !astropy.table.SerializedColumn {name: efficiency}
#     wavelength:
#       __class__: astropy.units.quantity.Quantity
#       unit: !astropy.units.Unit {unit: nm}
#       value: !astropy.table.SerializedColumn {name: wavelength}
# schema: astropy-2.0
wavelength efficiency
295.0 1.5814026520580282e-10
296.0 1.5814026520580282e-10
297.0 1.5814026520580282e-10
298.0 1.5814026520580282e-10
299.0 1.5814026520580282e-10
300.0 1.5814026520580282e-10
301.0 1.5814026520580282e-10
302.0 0.004285080285626464
303.0 1.5814026520580282e-10
304.0 0.07851909031160176
305.0 0.7562433835119009
306.0 1.4234884642064571
307.0 2.7202436700463295
308.0 4.716773331165314
309.0 7.683073729276657
310.0 10.759665817022324
311.0 14.599427580833435
312.0 18.415486812591553
313.0 21.472744643688202
314.0 24.638450145721436
315.0 27.006718516349792
316.0 29.001465439796448
317.0 31.455686688423157
318.0 34.0937077999115
319.0 37.3562753200531
320.0 42.41042137145996
321.0 47.56895899772644
322.0 53.56484651565552
323.0 59.154027700424194
324.0 63.95718455314636
325.0 67.40877628326416
326.0 69.94879841804504
327.0 71.96827530860901
328.0 73.91189932823181
329.0 75.26035904884338
330.0 76.7057478427887
331.0 77.53220796585083
332.0 78.07618975639343
333.0 78.21693420410156
334.0 78.04936170578003
335.0 78.19267511367798
336.0 78.21505069732666
337.0 78.70520949363708
338.0 79.49630618095398
339.0 80.25566339492798
340.0 80.69464564323425
341.0 81.1144232749939
342.0 81.49932622909546
343.0 81.40230774879456
344.0 81.54745101928711
345.0 81.85449838638306
346.0 82.17957019805908
347.0 82.53786563873291
348.0 82.77565836906433
349.0 83.02605152130127
350.0 83.12009572982788
351.0 83.30255150794983
352.0 83.17100405693054
353.0 83.06775093078613
354.0 83.06450843811035
355.0 83.22020769119263
356.0 83.36237668991089
357.0 83.32290053367615
358.0 83.03335309028625
359.0 82.81602263450623
360.0 82.7018141746521
361.0 82.5535237789154
362.0 82.36084580421448
363.0 82.53079056739807
364.0 82.60596990585327
365.0 82.8438401222229
366.0 82.96936750411987
367.0 83.00768733024597
368.0 82.98574686050415
369.0 82.99790620803833
370.0 82.65770077705383
371.0 82.43507742881775
372.0 82.36629962921143
373.0 82.45468139648438
374.0 82.47734308242798
375.0 82.83535242080688
376.0 82.9059362411499
377.0 82.9355537891388
378.0 83.01270604133606
379.0 82.76786208152771
380.0 82.17175602912903
381.0 80.9298038482666
382.0 79.27700877189636
383.0 77.31525301933289
384.0 75.26199221611023
385.0 72.96762466430664
386.0 70.54827809333801
387.0 67.40887761116028
388.0 64.19170498847961
389.0 60.4395866394043
390.0 56.519049406051636
391.0 52.35622525215149
392.0 47.86881506443024
393.0 43.99248957633972
394.0 40.65344035625458
395.0 37.41576075553894
396.0 34.115663170814514
397.0 29.830843210220337
398.0 24.826207756996155
399.0 18.49762350320816
400.0 12.274860590696335
401.0 7.213432341814041
402.0 3.4756656736135483
403.0 1.2781131081283092
404.0 0.39991051889956
405.0 0.1714186859317124
406.0 0.08001470705494285
407.0 0.02976739197038114
408.0 0.017699311138130724
409.0 1.5814026520580282e-10
410.0 1.5814026520580282e-10
411.0 1.5814026520580282e-10
412.0 1.5814026520580282e-10
413.0 1.5814026520580282e-10
414.0 1.5814026520580282e-10
415.0 1.5814026520580282e-10
416.0 1.5814026520580282e-10
417.0 1.5814026520580282e-10
418.0 1.5814026520580282e-10
419.0 1.5814026520580282e-10
420.0 1.5814026520580282e-10
421.0 1.5814026520580282e-10
422.0 1.5814026520580282e-10
423.0 1.5814026520580282e-10
424.0 1.5814026520580282e-10
425.0 1.5814026520580282e-10
426.0 0.0006644377208431251
427.0 1.5814026520580282e-10
428.0 1.5814026520580282e-10
429.0 1.5814026520580282e-10
430.0 3.2474275712957024e-05
431.0 1.5814026520580282e-10
432.0 1.5814026520580282e-10
433.0 1.5814026520580282e-10
434.0 1.5814026520580282e-10
435.0 1.5814026520580282e-10
436.0 0.001703820271359291
437.0 0.0008883985174179543
438.0 7.29765758933354e-05
439.0 0.001350884576822864
440.0 0.0026287936634616926
441.0 1.5814026520580282e-10
442.0 1.5814026520580282e-10
443.0 1.5814026520580282e-10
444.0 1.5814026520580282e-10
445.0 1.5814026520580282e-10
446.0 1.5814026520580282e-10
447.0 1.5814026520580282e-10
448.0 1.5814026520580282e-10
449.0 1.5814026520580282e-10
450.0 1.5814026520580282e-10
451.0 1.5814026520580282e-10
452.0 9.339449320577842e-05
453.0 0.00045257065721671097
454.0 0.0008117469405988231
455.0 0.00018472014744475018
456.0 1.5814026520580282e-10
457.0 1.5814026520580282e-10
458.0 1.5814026520580282e-10
459.0 8.520945016243786e-05
460.0 0.00039523893065052107
461.0 1.5814026520580282e-10
462.0 1.5814026520580282e-10
463.0 0.00011307481599942548
464.0 0.00190282407857012
465.0 0.0014803214071434923
466.0 0.0010578186447673943
467.0 1.5814026520580282e-10
468.0 1.5814026520580282e-10
469.0 1.5814026520580282e-10
470.0 0.00015903714256637613
471.0 0.00018898709868153674
472.0 0.00021893688426644076
473.0 1.5814026520580282e-10
474.0 1.5814026520580282e-10
475.0 1.5814026520580282e-10
476.0 1.5814026520580282e-10
477.0 1.5814026520580282e-10
478.0 1.5814026520580282e-10
479.0 1.5814026520580282e-10
480.0 1.5814026520580282e-10
481.0 1.5814026520580282e-10
482.0 1.5814026520580282e-10
483.0 1.5814026520580282e-10
484.0 6.147254225652432e-05
485.0 5.160658247405081e-05
486.0 4.1740523215594294e-05
487.0 1.5814026520580282e-10
488.0 1.5814026520580282e-10
489.0 1.5814026520580282e-10
490.0 1.5814026520580282e-10
491.0 1.5814026520580282e-10
492.0 1.5814026520580282e-10
493.0 1.5814026520580282e-10
494.0 1.5814026520580282e-10
495.0 1.5814026520580282e-10
496.0 1.5814026520580282e-10
497.0 1.5814026520580282e-10
498.0 1.5814026520580282e-10
499.0 1.5814026520580282e-10
500.0 1.5814026520580282e-10
501.0 1.5814026520580282e-10
502.0 1.5814026520580282e-10
503.0 6.603211772926443e-05
504.0 0.0003490451717880205
505.0 0.00023802749637980014
506.0 0.00012700991192104993
507.0 1.5814026520580282e-10
508.0 1.5814026520580282e-10
509.0 1.5814026520580282e-10
510.0 1.5814026520580282e-10
511.0 0.00022622130018135067
512.0 0.0007912622095318511
513.0 0.00018131402157450793
514.0 1.5814026520580282e-10
515.0 1.5814026520580282e-10
516.0 1.5814026520580282e-10
517.0 1.5814026520580282e-10
518.0 1.5814026520580282e-10
519.0 1.5814026520580282e-10
520.0 1.5814026520580282e-10
521.0 1.5814026520580282e-10
522.0 1.5814026520580282e-10
523.0 1.5814026520580282e-10
524.0 5.9550865216806415e-05
525.0 9.07260528038023e-05
526.0 0.00012190134839329403
527.0 0.00012939702855874202
528.0 0.00013689274283024133
529.0 1.5814026520580282e-10
530.0 1.5814026520580282e-10
531.0 1.5814026520580282e-10
532.0 1.5814026520580282e-10
533.0 0.00017747166793924407
534.0 0.0008213910405174829
535.0 1.5814026520580282e-10
536.0 1.5814026520580282e-10
537.0 1.5814026520580282e-10
538.0 1.5814026520580282e-10
539.0 1.5814026520580282e-10
540.0 1.5814026520580282e-10
541.0 1.5814026520580282e-10
542.0 1.5814026520580282e-10
543.0 1.5814026520580282e-10
544.0 1.5814026520580282e-10
545.0 1.5814026520580282e-10
546.0 0.0002629234586493112
547.0 3.572262983198016e-05
548.0 1.5814026520580282e-10
549.0 0.0002463602868374437
550.0 0.0006841989943495719
551.0 0.0003904981440427946
552.0 9.67976234278467e-05
553.0 1.5814026520580282e-10
554.0 1.5814026520580282e-10
555.0 1.5814026520580282e-10
556.0 1.5814026520580282e-10
557.0 1.5814026520580282e-10
558.0 1.5814026520580282e-10
559.0 1.5814026520580282e-10
560.0 7.441835805366281e-05
561.0 1.5814026520580282e-10
562.0 1.5814026520580282e-10
563.0 1.5814026520580282e-10
564.0 1.5814026520580282e-10
565.0 1.5814026520580282e-10
566.0 1.5814026520580282e-10
567.0 1.5814026520580282e-10
568.0 1.5814026520580282e-10
569.0 9.230217301592347e-05
570.0 0.0003771450792555697
571.0 0.00031730264709040057
572.0 0.0002574602603999665
573.0 0.00029561485916929087
574.0 0.00033376952615071787
575.0 0.0002699461902011535
576.0 0.00020612285425158916
577.0 0.00033526725928823
578.0 0.00046441168706223834
579.0 0.0007664029908482917
580.0 0.00106839434010908
581.0 0.0011644895494100638
582.0 0.0012605848496605176
583.0 0.0015424497178173624
584.0 0.0018243143131257966
585.0 0.0016237694580922835
586.0 0.00142322442115983
587.0 0.0010817758266057353
588.0 0.0007403267773042899
589.0 0.0009765635695657693
590.0 0.0012128001799283084
591.0 0.0008015581443032715
592.0 0.00039031624510244
593.0 0.0006662626674369676
594.0 0.0009422092261957005
595.0 0.0007086484401952475
596.0 0.00047508783609373495
597.0 0.0006299053893599194
598.0 0.0007847228516766336
599.0 0.0008499510840920266
600.0 0.0009151794984063599
601.0 0.001236421667272225
602.0 0.0015576641089865007
603.0 0.0017109518012148328
604.0 0.0018642398572410457
605.0 0.0019246937881689519
606.0 0.001985148264793679
607.0 0.0013966368896944914
608.0 0.0008081254236458335
609.0 0.0003693721282616025
610.0 1.5814026520580282e-10
611.0 9.729335488373181e-05
612.0 0.0002639679905769299
613.0 0.00046648315219499636
614.0 0.0006689982456009602
615.0 0.0007855850526539143
616.0 0.0009021715413837228
617.0 0.0008315652848978061
618.0 0.0007609590738866245
619.0 0.00044092803364037536
620.0 0.00012089692518202355
621.0 0.0005089437308924971
622.0 0.0008969903319666628
623.0 0.0005594062713498715
624.0 0.00022182200609677238
625.0 0.0003041466698050499
626.0 0.00038647140172543004
627.0 0.0006698700417473447
628.0 0.0009532686817692593
629.0 0.0006789304734411417
630.0 0.00040459231058775913
631.0 0.0010453629329276737
632.0 0.0016861336916917935
633.0 0.0020012537788716145
634.0 0.0023163738660514355
635.0 0.0025326007744297385
636.0 0.0027488275009091012
637.0 0.0025079527404159307
638.0 0.0022670779799227603
639.0 0.0022048348910175264
640.0 0.002142591984011233
641.0 0.0019491779312375002
642.0 0.0017557638784637675
643.0 0.0011758430446207058
644.0 0.0005959220743534388
645.0 9.143509487330448e-05
646.0 1.5814026520580282e-10
647.0 4.43404189809371e-05
648.0 0.000501733074997901
649.0 0.0002559273980295984
650.0 1.0121820537278836e-05
651.0 0.00036468547932599904
652.0 0.0007192491466412321
653.0 0.0008649386472825427
654.0 0.0010106284207722638
655.0 0.001247164709639037
656.0 0.0014837011804047506
657.0 0.0018258819181937724
658.0 0.0021680627469322644
659.0 0.0026519090170040727
660.0 0.0031357551051769406
661.0 0.0031379233405459672
662.0 0.003140091212117113
663.0 0.003192657823092304
664.0 0.0032452240702696145
665.0 0.00273144687525928
666.0 0.0022176694983500056
667.0 0.0018031552826869301
668.0 0.0013886409760743845
669.0 0.0011104808436357416
670.0 0.0008323206202476285
671.0 0.0006086632311053108
672.0 0.00038500579648825806
673.0 0.0006050976480764803
674.0 0.0008251896360889077
675.0 0.000651435902909725
676.0 0.00047768207878107205
677.0 0.0005840819540026132
678.0 0.0006904818746988894
679.0 0.001269261792913312
680.0 0.0018480419385014102
681.0 0.0027808326194644906
682.0 0.003713623300427571
683.0 0.00497221335535869
684.0 0.006230802682694048
685.0 0.007131334859877825
686.0 0.008031868492253125
687.0 0.0077498858445324
688.0 0.0074679039244074374
689.0 0.006952736293897033
690.0 0.006437570118578151
691.0 0.0053899035265203565
692.0 0.004342237298260443
693.0 0.003325741272419691
694.0 0.002309244518983178
695.0 0.0019251414414611645
696.0 0.0015410385458380915
697.0 0.0011463360351626761
698.0 0.0007516335699619958
699.0 0.0007191386885097018
700.0 0.0006866436706332024
701.0 0.000685937084199395
702.0 0.0006852303158666473
703.0 0.000446592275693547
704.0 0.00020795428099518176
705.0 0.0005139792847330682
706.0 0.0008200042429962195
707.0 0.0009661315743869636
708.0 0.0011122586329292972
709.0 0.0010678319085855037
710.0 0.0010234051842417102
711.0 0.0006527329333039233
712.0 0.0002820605914166663
713.0 0.0005765714831795776
714.0 0.0008710825568414293
715.0 0.0007635438123543281
716.0 0.0006560051588166971
717.0 0.0007797932994435541
718.0 0.0009035814400704112
719.0 0.0007300915513042128
720.0 0.0005566016625380144
721.0 0.00037737922866654117
722.0 0.00019815677205770044
723.0 0.0005684032203134848
724.0 0.000938649372983491
725.0 0.0004365384484117385
726.0 1.5814026520580282e-10
727.0 1.5814026520580282e-10
728.0 1.5814026520580282e-10
729.0 1.5814026520580282e-10
730.0 1.5814026520580282e-10
731.0 0.000163435061040218
732.0 0.0004217406967654824
733.0 0.0002671561333045247
734.0 0.00011257170626777224
735.0 0.00029362106488406425
736.0 0.00047467051444982644
737.0 0.00041442494875809643
738.0 0.00035417940580373397
739.0 0.0005443167538032867
740.0 0.0007344539881160017
741.0 0.0009979691640182864
742.0 0.0012614841580216307
743.0 0.0017740991097525693
744.0 0.002286714152432978
745.0 0.002718064934015274
746.0 0.00314941571559757
747.0 0.002892199336201884
748.0 0.0026349829568061978
749.0 0.002619428232719656
750.0 0.0026038735086331144
751.0 0.002869101444957778
752.0 0.003134329745080322
753.0 0.0029803291909047402
754.0 0.002826328454830218
755.0 0.0027633052013698034
756.0 0.0027002817660104483
757.0 0.0024329661755473353
758.0 0.0021656502212863415
759.0 0.0017892025425680913
760.0 0.0014127547729003709
761.0 0.0009669206519902218
762.0 0.0005210864401306026
763.0 0.0003533028120727977
764.0 0.0001855193431765656
765.0 2.6833657784663956e-05
766.0 1.5814026520580282e-10
767.0 0.0002633741587487748
768.0 0.0006586004928976763
769.0 0.0005622983735520393
770.0 0.00046599648158007767
771.0 0.0006857002063043183
772.0 0.000905403976503294
773.0 0.0009546755791234318
774.0 0.0010039470907940995
775.0 0.0008999208148452453
776.0 0.0007958949026942719
777.0 0.0004799351700057741
778.0 0.00016397556237279787
779.0 0.0004890232958132401
780.0 0.0008140709724102635
781.0 0.0010888996257563122
782.0 0.0013637280062539503
783.0 0.001053030791808851
784.0 0.0007423335318890167
785.0 0.000988684860203648
786.0 0.0012350361430435441
787.0 0.0010914453014265746
788.0 0.0009478545507590752
789.0 0.0009023084203363396
790.0 0.0008567620170651935
791.0 0.0008879810593498405
792.0 0.000919199828786077
793.0 0.0006963367013668176
794.0 0.00047347366489702836
795.0 0.00038159646464919206
796.0 0.0002897192416639882
797.0 0.00018474428316039848
798.0 7.976928486641555e-05
799.0 4.6010677579033654e-05
800.0 1.2252073133822705e-05
801.0 7.140076263567607e-05
802.0 0.00013054959708824754
803.0 0.00014693113143948722
804.0 0.00016331267715941067
805.0 1.5814026520580282e-10
806.0 1.5814026520580282e-10
807.0 1.5814026520580282e-10
808.0 0.0001418516490048205
809.0 0.00014459595831795014
810.0 0.00014734024489371222
811.0 2.170895783137894e-05
812.0 1.5814026520580282e-10
813.0 6.839218826826254e-05
814.0 0.00024070668587228283
815.0 0.0004920549599773949
816.0 0.000743403234082507
817.0 0.0004022744633402908
818.0 6.114573238846788e-05
819.0 0.00014153279153106268
820.0 0.00022191993593878578
821.0 1.5814026520580282e-10
822.0 1.5814026520580282e-10
823.0 1.5814026520580282e-10
824.0 8.061037419793138e-05
825.0 8.322556368511869e-05
826.0 8.584076454098977e-05
827.0 6.629894642173895e-05
828.0 4.6757108407291526e-05
829.0 2.387629471911623e-06
830.0 1.5814026520580282e-10
831.0 1.5814026520580282e-10
832.0 1.5814026520580282e-10
833.0 6.615470056203776e-05
834.0 0.0002501828930689953
835.0 0.0001238229629052512
836.0 1.5814026520580282e-10
837.0 1.5814026520580282e-10
838.0 1.5814026520580282e-10
839.0 1.5814026520580282e-10
840.0 6.149410864964011e-05
841.0 2.849791655989975e-05
842.0 1.5814026520580282e-10
843.0 0.0001362009129479702
844.0 0.00027690014121617423
845.0 0.0003531658421707107
846.0 0.00042943156586261466
847.0 1.5814026520580282e-10
848.0 1.5814026520580282e-10
849.0 1.5814026520580282e-10
850.0 1.5814026520580282e-10
851.0 1.1761996177028777e-05
852.0 3.870208615808224e-05
853.0 1.5814026520580282e-10
854.0 1.5814026520580282e-10
855.0 5.459529006657249e-05
856.0 0.00024044320525717922
857.0 0.00038030875657568686
858.0 0.0005201741259952541
859.0 0.0009998339010053314
860.0 0.001479493312217528
861.0 0.0012565109500428662
862.0 0.0010335288607166149
863.0 0.0010344911061110906
864.0 0.0010354535334045067
865.0 0.0010984259461110923
866.0 0.0011613982678682078
867.0 0.001516323482064763
868.0 0.0018712486053118482
869.0 0.001847386192821432
870.0 0.001823523962229956
871.0 0.001775293640093878
872.0 0.0017270631360588595
873.0 0.002188753569498658
874.0 0.0026504443667363375
