lsstCam/transmission_filter_detector/r31_s01/u_24/19700101T000000.ecsv
# %ECSV 1.0
# ---
# datatype:
# - {name: wavelength, unit: nm, datatype: float32}
# - {name: efficiency, unit: '%', datatype: float64}
# meta: !!omap
# - {MODE: DETECTOR}
# - {TYPE: transmission_filter_detector}
# - {CALIBDATE: '1970-01-01T00:00:00'}
# - {INSTRUME: LSSTCam}
# - {OBSTYPE: transmission_filter_detector}
# - {CALIBCLS: lsst.ip.isr.IntermediateFilterDetectorTransmissionCurve}
# - {SOURCE: Materion (DM-46256)}
# - {DETECTOR: 127}
# - {FILTER: u_24}
# - {CALIB_ID: 'calibDate=1970-01-01T00:00:00 filter=u_24 detector=127'}
# - {DATE: '2025-04-02T15:59:40.337733'}
# - {CALIB_CREATION_DATE: '2025-04-02'}
# - {CALIB_CREATION_TIME: '15:59:40'}
# - __serialized_columns__:
#     efficiency:
#       __class__: astropy.units.quantity.Quantity
#       unit: !astropy.units.Unit {unit: '%'}
#       value: !astropy.table.SerializedColumn {name: efficiency}
#     wavelength:
#       __class__: astropy.units.quantity.Quantity
#       unit: !astropy.units.Unit {unit: nm}
#       value: !astropy.table.SerializedColumn {name: wavelength}
# schema: astropy-2.0
wavelength efficiency
[from data line 581]
876.0 0.0026923140467260964
877.0 0.0027740299628931098
878.0 0.002855746242858004
879.0 0.0024947488782345317
880.0 0.00213375169551
881.0 0.0023649341528653167
882.0 0.0025961162464227527
883.0 0.0025205030397046357
884.0 0.002444890014885459
885.0 0.0024662387659191154
886.0 0.0024875880626495928
887.0 0.002193520776927471
888.0 0.00189945367310429
889.0 0.002294442310812883
890.0 0.0026894305847235955
891.0 0.0027534419132280163
892.0 0.002817453605530318
893.0 0.0027878579203388654
894.0 0.0027582620532484725
895.0 0.0029810253181494772
896.0 0.003203788583050482
897.0 0.0033237603929592296
898.0 0.0034437322028679773
899.0 0.003637682311818935
900.0 0.0038316327845677733
901.0 0.004145042839809321
902.0 0.004458452895050868
903.0 0.00462183597846888
904.0 0.004785219425684772
905.0 0.005082528878119774
906.0 0.005379837966756895
907.0 0.005355886969482526
908.0 0.005331935972208157
909.0 0.005513489304576069
910.0 0.005695042636943981
911.0 0.005511098061106168
912.0 0.005327153485268354
913.0 0.005088122998131439
914.0 0.004849092510994524
915.0 0.004600574902724475
916.0 0.004352057658252306
917.0 0.004123677717871033
918.0 0.0038952974136918783
919.0 0.004005375376436859
920.0 0.00411545297538396
921.0 0.0044923785026185215
922.0 0.004869304029853083
923.0 0.005270099427434616
924.0 0.005670894097420387
925.0 0.005970787969999947
926.0 0.006270682206377387
927.0 0.006453203968703747
928.0 0.006635727913817391
929.0 0.006939313607290387
930.0 0.007242900755954906
931.0 0.007447512325597927
932.0 0.007652122440049425
933.0 0.007603019184898585
934.0 0.007553912291768938
935.0 0.0073452392825856805
936.0 0.007136562635423616
937.0 0.0067446591856423765
938.0 0.0063527557358611375
939.0 0.0062491912103723735
940.0 0.006145625957287848
941.0 0.00516967884323094
942.0 0.004193732456769794
943.0 0.003729191666934639
944.0 0.0032646516046952456
945.0 0.003123758506262675
946.0 0.002982865225931164
947.0 0.0023514994609286077
948.0 0.001720133877824992
949.0 0.001489109308749903
950.0 0.001258084739674814
951.0 0.0011175562576681841
952.0 0.0009770275028131437
953.0 0.001452230480936123
954.0 0.0019274333681096323
955.0 0.0022281461497186683
956.0 0.0025288583856308833
957.0 0.0027279213099973276
958.0 0.0029269844162627123
959.0 0.002967824002553243
960.0 0.0030086632250458933
961.0 0.0037765756133012474
962.0 0.004544488183455542
963.0 0.004224708027322777
964.0 0.0039049278711900115
965.0 0.004331527088652365
966.0 0.004758126306114718
967.0 0.0045875582145527005
968.0 0.004416989395394921
969.0 0.0044917254854226485
970.0 0.004566461575450376
971.0 0.004497986810747534
972.0 0.004429511682246812
973.0 0.004310915392125025
974.0 0.004192318738205358
975.0 0.003989270044257864
976.0 0.0037862213503103703
977.0 0.0031041763577377424
978.0 0.002422131183266174
979.0 0.0025569894205546007
980.0 0.002691848021640908
981.0 0.002523414877941832
982.0 0.0023549819161416963
983.0 0.0025078828912228346
984.0 0.0026607840482029133
985.0 0.002810869955283124
986.0 0.002960956044262275
987.0 0.003321332042105496
988.0 0.0036817084037465975
989.0 0.004147500294493511
990.0 0.004613292185240425
991.0 0.005282337224343792
992.0 0.0059513833548408
993.0 0.006310419121291488
994.0 0.006669453432550654
995.0 0.006530345854116604
996.0 0.006391238275682554
997.0 0.006084385313442908
998.0 0.005777533078799024
999.0 0.006095684511819854
1000.0 0.006413836672436446
1001.0 0.006727067375322804
1002.0 0.007040300988592207
1003.0 0.006633705925196409
1004.0 0.0062271115893963724
1005.0 0.005567319021793082
1006.0 0.0049075249989982694
1007.0 0.004917499973089434
1008.0 0.004927476038574241
1009.0 0.004321581945987418
1010.0 0.0037156874896027148
1011.0 0.0036989309592172503
1012.0 0.0036821747926296666
1013.0 0.003008859494002536
1014.0 0.0023355438315775245
1015.0 0.002162541204597801
1016.0 0.0019895382138201967
1017.0 0.0014614867723139469
1018.0 0.000933435330807697
1019.0 0.0008562681614421308
1020.0 0.0007791010830260348
1021.0 0.0009079296432901174
1022.0 0.0010367582945036702
1023.0 0.0013120963558321819
1024.0 0.001587434599059634
1025.0 0.0011214037840545643
1026.0 0.0006553731964231702
1027.0 0.0010676973033696413
1028.0 0.001480021182942437
1029.0 0.0015925910702208057
1030.0 0.001705161230347585
1031.0 0.0018993481717188843
1032.0 0.002093535294989124
1033.0 0.0019916316887247376
1034.0 0.0018897277186624706
1035.0 0.0017353064322378486
1036.0 0.001580884782015346
1037.0 0.0019188079022569582
1038.0 0.0022567312043975107
1039.0 0.0020269479136914015
1040.0 0.0017971648048842326
1041.0 0.0018180235201725736
1042.0 0.0018388822354609147
1043.0 0.001828673339332454
1044.0 0.0018184646251029335
1045.0 0.0018289922081748955
1046.0 0.0018395199731457978
1047.0 0.001959384826477617
1048.0 0.0020792498617083766
1049.0 0.0017609336282475851
1050.0 0.0014426173947867937
1051.0 0.0017290829418925568
1052.0 0.0020155486708972603
1053.0 0.0022710051780450158
1054.0 0.0025264622308895923
1055.0 0.002127542575180996
1056.0 0.0017286231013713405
1057.0 0.001411776520399144
1058.0 0.001094930303224828
1059.0 0.0007494497822335688
1060.0 0.0004039693067170447
1061.0 0.0009944456905941479
1062.0 0.001584922028996516
1063.0 0.001607106787560042
1064.0 0.001629291546123568
1065.0 0.0016007043086574413
1066.0 0.001572117253090255
1067.0 0.0022068823454901576
1068.0 0.00284164725599112
1069.0 0.0024560940801166
1070.0 0.0020705407223431394
1071.0 0.0022719335902365856
1072.0 0.002473326458130032
1073.0 0.002304466579516884
1074.0 0.0021356065190047957
1075.0 0.0025422617909498513
1076.0 0.002948917244793847
1077.0 0.0030029621484573
1078.0 0.003057006688322872
1079.0 0.004243689181748778
1080.0 0.005430371311376803
1081.0 0.005993855302222073
1082.0 0.006557339656865224
1083.0 0.0062288127082865685
1084.0 0.005900284668314271
1085.0 0.006157457391964272
1086.0 0.006414630479412153
1087.0 0.005028897066949867
1088.0 0.0036431632906896994
1089.0 0.006491275416919962
1090.0 0.009339386451756582
1091.0 0.006086491339374334
1092.0 0.002833595317497384
1093.0 0.004270023418939672
1094.0 0.0057064502470893785
1095.0 0.005048408274888061
1096.0 0.004390365938888863
1097.0 0.0032034611649578437
1098.0 0.002016557118622586
1099.0 0.0036617566365748644
1100.0 0.0053069576097186655
