lsstcam/qe_curves/r13_s20/19700101T000000.ecsv
# %ECSV 0.9
# ---
# datatype:
# - {name: amp_name, datatype: string}
# - {name: wavelength, unit: nm, datatype: float32}
# - {name: efficiency, unit: '%', datatype: float32}
# meta: !!omap
# - {MODE: AMP}
# - {TYPE: QE}
# - {CALIBDATE: '1970-01-01T00:00:00'}
# - {INSTRUME: LSSTCAM}
# - {OBSTYPE: qe_curves}
# - {DETECTOR: 60}
# - {PICKLEFILE: RaftRun11808.p}
# - {CALIB_ID: 'raftName=R13 detectorName=S20 detector=60 calibDate=1970-01-01T00:00:00 ccd=60 ccdnum=60 filter=None'}
# - {DATE: '2020-01-23T13:37:36.146171'}
# - {CALIB_CREATION_DATE: '2020-01-23'}
# - {CALIB_CREATION_TIME: '13:37:36'}
# - __serialized_columns__:
#     efficiency:
#       __class__: astropy.units.quantity.Quantity
#       unit: !astropy.units.Unit {unit: '%'}
#       value: !astropy.table.SerializedColumn {name: efficiency}
#     wavelength:
#       __class__: astropy.units.quantity.Quantity
#       unit: !astropy.units.Unit {unit: nm}
#       value: !astropy.table.SerializedColumn {name: wavelength}
# schema: astropy-2.0
amp_name wavelength efficiency
C07 319.994 42.46077
C07 324.969 47.919777
C07 349.982 71.79623
C07 374.975 77.59261
C07 400.019 84.59925
C07 424.965 86.59923
C07 450.035 88.40501
C07 475.003 90.79349
C07 500.018 93.63664
C07 525.002 94.30672
C07 550.029 95.941
C07 575.023 97.32862
C07 599.982 98.433174
C07 619.997 98.98659
C07 624.979 98.84603
C07 650.012 99.22545
C07 675.004 99.506645
C07 700.03 99.43409
C07 725.012 99.16811
C07 750.022 98.870964
C07 774.987 99.160515
C07 799.976 98.13082
C07 824.988 96.771454
C07 850.022 94.39407
C07 869.967 91.13308
C07 875.002 90.78175
C07 899.999 82.92406
C07 919.999 74.82118
C07 925.012 71.51916
C07 949.965 58.03538
C07 975.002 43.280735
C07 999.976 26.139025
C07 1025.028 11.386918
C07 1050.014 4.0088334
C07 1075.002 2.1719818
C07 1099.99 1.7079196
C12 319.994 43.131718
C12 324.969 48.684906
C12 349.982 73.128494
C12 374.975 78.86653
C12 400.019 85.30853
C12 424.965 87.021385
C12 450.035 88.671745
C12 475.003 90.96515
C12 500.018 93.74548
C12 525.002 94.37992
C12 550.029 95.99
C12 575.023 97.36721
C12 599.982 98.46602
C12 619.997 99.01824
C12 624.979 98.87697
C12 650.012 99.255005
C12 675.004 99.53402
C12 700.03 99.405785
C12 725.012 98.969086
C12 750.022 98.44524
C12 774.987 98.50394
C12 799.976 97.38718
C12 824.988 96.09317
C12 850.022 93.6087
C12 869.967 90.353836
C12 875.002 90.026535
C12 899.999 82.67612
C12 919.999 74.60976
C12 925.012 71.334854
C12 949.965 57.96222
C12 975.002 43.13202
C12 999.976 25.936409
C12 1025.028 11.224781
C12 1050.014 3.9675605
C12 1075.002 2.1610386
C12 1099.99 1.6974932
C02 319.994 40.52581
C02 324.969 45.717033
C02 349.982 68.18212
C02 374.975 74.07063
C02 400.019 82.39674
C02 424.965 85.13897
C02 450.035 87.33925
C02 475.003 89.95392
C02 500.018 92.93014
C02 525.002 93.693596
C02 550.029 95.3798
C02 575.023 96.793076
C02 599.982 97.91501
C02 619.997 98.476974
C02 624.979 98.34442
C02 650.012 98.72776
C02 675.004 99.01905
C02 700.03 98.96415
C02 725.012 98.73626
C02 750.022 98.49111
C02 774.987 98.83354
C02 799.976 97.84729
C02 824.988 96.534096
C02 850.022 94.23221
C02 869.967 91.1313
C02 875.002 90.77219
C02 899.999 82.87504
C02 919.999 74.895355
C02 925.012 71.54061
C02 949.965 58.112476
C02 975.002 43.31894
C02 999.976 26.099817
C02 1025.028 11.285876
C02 1050.014 3.986119
C02 1075.002 2.2026317
C02 1099.99 1.7289219
C01 319.994 39.919544
C01 324.969 45.026783
C01 349.982 67.07999
C01 374.975 73.02267
C01 400.019 81.781136
C01 424.965 84.75977
C01 450.035 87.08554
C01 475.003 89.77455
C01 500.018 92.79701
C01 525.002 93.5931
C01 550.029 95.2965
C01 575.023 96.7241
C01 599.982 97.85347
C01 619.997 98.42043
C01 624.979 98.285355
C01 650.012 98.67148
C01 675.004 98.96382
C01 700.03 98.897835
C01 725.012 98.6494
C01 750.022 98.36498
C01 774.987 98.668465
C01 799.976 97.67154
C01 824.988 96.37896
C01 850.022 94.10713
C01 869.967 91.00687
C01 875.002 90.65528
C01 899.999 82.86217
C01 919.999 74.90319
C01 925.012 71.5455
C01 949.965 57.973915
C01 975.002 43.264828
C01 999.976 26.115473
C01 1025.028 11.323282
C01 1050.014 4.0253053
C01 1075.002 2.2177308
C01 1099.99 1.7284766
C10 319.994 43.524307
C10 324.969 49.136227
C10 349.982 73.94998
C10 374.975 79.72523
C10 400.019 85.82321
C10 424.965 87.34258
C10 450.035 88.887375
C10 475.003 91.12405
C10 500.018 93.87072
C10 525.002 94.48134
C10 550.029 96.081726
C10 575.023 97.4529
C10 599.982 98.54778
C10 619.997 99.098495
C10 624.979 98.960205
C10 650.012 99.3383
C10 675.004 99.616455
C10 700.03 99.46953
C10 725.012 98.98774
C10 750.022 98.40391
C10 774.987 98.39751
C10 799.976 97.24413
C10 824.988 95.93939
C10 850.022 93.4153
C10 869.967 90.08714
C10 875.002 89.73003
C10 899.999 82.45925
C10 919.999 74.502304
C10 925.012 71.205765
C10 949.965 57.634438
C10 975.002 42.78866
C10 999.976 25.848623
C10 1025.028 11.258018
C10 1050.014 3.9966516
C10 1075.002 2.1622849
C10 1099.99 1.6871935
C03 319.994 41.028133
C03 324.969 46.288563
C03 349.982 69.11533
C03 374.975 74.96209
C03 400.019 82.8942
C03 424.965 85.42325
C03 450.035 87.51292
C03 475.003 90.055374
C03 500.018 92.98838
C03 525.002 93.72566
C03 550.029 95.39121
C03 575.023 96.79814
C03 599.982 97.908936
C03 619.997 98.46805
C03 624.979 98.33395
C03 650.012 98.714714
C03 675.004 99.005775
C03 700.03 98.95033
C03 725.012 98.73038
C03 750.022 98.49153
C03 774.987 98.8413
C03 799.976 97.855156
C03 824.988 96.52915
C03 850.022 94.207855
C03 869.967 91.08774
C03 875.002 90.72851
C03 899.999 82.78951
C03 919.999 74.794716
C03 925.012 71.463776
C03 949.965 58.114273
C03 975.002 43.31536
C03 999.976 26.069166
C03 1025.028 11.246093
C03 1050.014 3.9462535
C03 1075.002 2.1853893
C03 1099.99 1.7251321
C13 319.994 42.847946
C13 324.969 48.36158
C13 349.982 72.562935
C13 374.975 78.299866
C13 400.019 84.99274
C13 424.965 86.847786
C13 450.035 88.57243
C13 475.003 90.914795
C13 500.018 93.724594
C13 525.002 94.37615
C13 550.029 95.99553
C13 575.023 97.37777
C13 599.982 98.48235
C13 619.997 99.032936
C13 624.979 98.89419
C13 650.012 99.271996
C13 675.004 99.550415
C13 700.03 99.43003
C13 725.012 99.01968
C13 750.022 98.528725
C13 774.987 98.618324
C13 799.976 97.515274
C13 824.988 96.21227
C13 850.022 93.76875
C13 869.967 90.50232
C13 875.002 90.15658
C13 899.999 82.69847
C13 919.999 74.71105
C13 925.012 71.46117
C13 949.965 58.04645
C13 975.002 43.133606
C13 999.976 26.040644
C13 1025.028 11.272546
C13 1050.014 3.9809256
C13 1075.002 2.1512759
C13 1099.99 1.6943201
C14 319.994 42.464466
C14 324.969 47.92737
C14 349.982 71.81278
C14 374.975 77.52676
C14 400.019 84.46104
C14 424.965 86.45543
C14 450.035 88.26013
C14 475.003 90.63921
C14 500.018 93.47786
C14 525.002 94.14702
C14 550.029 95.775604
C14 575.023 97.15673
C14 599.982 98.26154
C14 619.997 98.81078
C14 624.979 98.67456
C14 650.012 99.04868
C14 675.004 99.3272
C14 700.03 99.212204
C14 725.012 98.82382
C14 750.022 98.35899
C14 774.987 98.4756
C14 799.976 97.38496
C14 824.988 96.07594
C14 850.022 93.663315
C14 869.967 90.38061
C14 875.002 90.02515
C14 899.999 82.550896
C14 919.999 74.650986
C14 925.012 71.38752
C14 949.965 57.93509
C14 975.002 43.137314
C14 999.976 26.036419
C14 1025.028 11.267364
C14 1050.014 3.9556885
C14 1075.002 2.1323144
C14 1099.99 1.6914259
C16 319.994 41.66354
C16 324.969 47.015423
C16 349.982 70.242836
C16 374.975 75.93772
C16 400.019 83.46459
C16 424.965 85.79588
C16 450.035 87.784424
C16 475.003 90.27643
C16 500.018 93.17574
C16 525.002 93.887436
C16 550.029 95.539406
C16 575.023 96.93543
C16 599.982 98.03719
C16 619.997 98.5931
C16 624.979 98.45338
C16 650.012 98.82806
C16 675.004 99.1023
C16 700.03 98.98508
C16 725.012 98.57996
C16 750.022 98.105835
C16 774.987 98.20326
C16 799.976 97.118126
C16 824.988 95.815895
C16 850.022 93.43992
C16 869.967 90.28035
C16 875.002 89.94244
C16 899.999 82.32378
C16 919.999 74.6392
C16 925.012 71.41022
C16 949.965 57.99313
C16 975.002 43.207592
C16 999.976 25.955652
C16 1025.028 11.181437
C16 1050.014 3.9173715
C16 1075.002 2.1598384
C16 1099.99 1.7076924
C17 319.994 41.213715
C17 324.969 46.503296
C17 349.982 69.368614
C17 374.975 75.056015
C17 400.019 82.89873
C17 424.965 85.41494
C17 450.035 87.49982
C17 475.003 90.04839
C17 500.018 92.982086
C17 525.002 93.71865
C17 550.029 95.3793
C17 575.023 96.78375
C17 599.982 97.88765
C17 619.997 98.44437
C17 624.979 98.30066
C17 650.012 98.673645
C17 675.004 98.943855
C17 700.03 98.804634
C17 725.012 98.33232
C17 750.022 97.777336
C17 774.987 97.79523
C17 799.976 96.68522
C17 824.988 95.419426
C17 850.022 93.08004
C17 869.967 89.928566
C17 875.002 89.59789
C17 899.999 82.12235
C17 919.999 74.708206
C17 925.012 71.47947
C17 949.965 57.700775
C17 975.002 42.946526
C17 999.976 25.870882
C17 1025.028 11.216249
C17 1050.014 3.9845765
C17 1075.002 2.1940002
C17 1099.99 1.7078989
C06 319.994 42.251736
C06 324.969 47.677876
C06 349.982 71.38886
C06 374.975 77.2231
C06 400.019 84.42466
C06 424.965 86.53309
C06 450.035 88.401344
C06 475.003 90.821
C06 500.018 93.68678
C06 525.002 94.36858
C06 550.029 96.01042
C06 575.023 97.402504
C06 599.982 98.509155
C06 619.997 99.0666
C06 624.979 98.92827
C06 650.012 99.31015
C06 675.004 99.59747
C06 700.03 99.529816
C06 725.012 99.27893
C06 750.022 98.99478
C06 774.987 99.303406
C06 799.976 98.28403
C06 824.988 96.93812
C06 850.022 94.573364
C06 869.967 91.329155
C06 875.002 90.975426
C06 899.999 83.11392
C06 919.999 75.08296
C06 925.012 71.7314
C06 949.965 58.3133
C06 975.002 43.5166
C06 999.976 26.152416
C06 1025.028 11.363829
C06 1050.014 3.9999888
C06 1075.002 2.1765094
C06 1099.99 1.7150403
C00 319.994 39.19242
C00 324.969 44.201927
C00 349.982 65.795654
C00 374.975 71.81253
C00 400.019 81.02689
C00 424.965 84.264404
C00 450.035 86.73087
C00 475.003 89.49753
C00 500.018 92.57111
C00 525.002 93.41014
C00 550.029 95.13531
C00 575.023 96.576035
C00 599.982 97.71256
C00 619.997 98.28318
C00 624.979 98.15137
C00 650.012 98.54386
C00 675.004 98.83201
C00 700.03 98.750244
C00 725.012 98.43545
C00 750.022 98.073814
C00 774.987 98.29409
C00 799.976 97.26727
C00 824.988 96.00953
C00 850.022 93.76012
C00 869.967 90.65659
C00 875.002 90.32528
C00 899.999 82.76074
C00 919.999 74.87021
C00 925.012 71.526436
C00 949.965 57.76323
C00 975.002 43.16119
C00 999.976 26.0813
C00 1025.028 11.370488
C00 1050.014 4.088222
C00 1075.002 2.2292988
C00 1099.99 1.7230848
C15 319.994 42.149117
C15 324.969 47.568085
C15 349.982 71.16958
C15 374.975 76.85914
C15 400.019 84.060936
C15 424.965 86.20703
C15 450.035 88.09767
C15 475.003 90.530334
C15 500.018 93.397934
C15 525.002 94.08504
C15 550.029 95.72784
C15 575.023 97.11882
C15 599.982 98.2196
C15 619.997 98.7718
C15 624.979 98.636894
C15 650.012 99.01075
C15 675.004 99.28771
C15 700.03 99.17429
C15 725.012 98.79097
C15 750.022 98.33752
C15 774.987 98.463104
C15 799.976 97.37964
C15 824.988 96.06518
C15 850.022 93.6733
C15 869.967 90.43444
C15 875.002 90.08866
C15 899.999 82.50171
C15 919.999 74.646515
C15 925.012 71.38501
C15 949.965 57.956264
C15 975.002 43.237846
C15 999.976 26.041412
C15 1025.028 11.228752
C15 1050.014 3.9191716
C15 1075.002 2.134883
C15 1099.99 1.6987773
C11 319.994 43.40931
C11 324.969 49.000874
C11 349.982 73.68535
C11 374.975 79.45896
C11 400.019 85.702065
C11 424.965 87.300064
C11 450.035 88.88853
C11 475.003 91.14993
C11 500.018 93.912605
C11 525.002 94.528275
C11 550.029 96.13386
C11 575.023 97.51081
C11 599.982 98.60926
C11 619.997 99.162544
C11 624.979 99.023
C11 650.012 99.40033
C11 675.004 99.67977
C11 700.03 99.54018
C11 725.012 99.08012
C11 750.022 98.52604
C11 774.987 98.550415
C11 799.976 97.41557
C11 824.988 96.11725
C11 850.022 93.60651
C11 869.967 90.30066
C11 875.002 89.958145
C11 899.999 82.65074
C11 919.999 74.65767
C11 925.012 71.37529
C11 949.965 57.88396
C11 975.002 43.02649
C11 999.976 25.944803
C11 1025.028 11.24738
C11 1050.014 3.9829183
C11 1075.002 2.1671724
C11 1099.99 1.6972369
C05 319.994 41.86343
C05 324.969 47.23802
C05 349.982 70.67391
C05 374.975 76.48791
C05 400.019 83.8709
C05 424.965 86.08804
C05 450.035 88.00541
C05 475.003 90.452866
C05 500.018 93.3269
C05 525.002 94.02187
C05 550.029 95.66735
C05 575.023 97.0607
C05 599.982 98.16985
C05 619.997 98.7237
C05 624.979 98.58754
C05 650.012 98.967995
C05 675.004 99.25474
C05 700.03 99.19277
C05 725.012 98.95064
C05 750.022 98.68661
C05 774.987 99.01286
C05 799.976 98.002556
C05 824.988 96.66275
C05 850.022 94.321526
C05 869.967 91.08485
C05 875.002 90.79054
C05 899.999 82.93732
C05 919.999 74.84555
C05 925.012 71.67386
C05 949.965 58.324986
C05 975.002 43.35297
C05 999.976 26.095547
C05 1025.028 11.343504
C05 1050.014 3.967258
C05 1075.002 2.1737316
C05 1099.99 1.7130649
C04 319.994 41.55057
C04 324.969 46.882942
C04 349.982 70.07181
C04 374.975 75.92336
C04 400.019 83.60328
C04 424.965 85.97805
C04 450.035 87.987686
C04 475.003 90.48827
C04 500.018 93.39865
C04 525.002 94.11751
C04 550.029 95.77536
C04 575.023 97.17869
C04 599.982 98.294235
C04 619.997 98.850975
C04 624.979 98.714905
C04 650.012 99.09974
C04 675.004 99.38876
C04 700.03 99.330086
C04 725.012 99.1031
C04 750.022 98.85342
C04 774.987 99.197815
C04 799.976 98.19717
C04 824.988 96.85633
C04 850.022 94.50945
C04 869.967 91.3341
C04 875.002 90.99255
C04 899.999 83.05014
C04 919.999 75.012856
C04 925.012 71.724686
C04 949.965 58.36462
C04 975.002 43.53215
C04 999.976 26.178604
C04 1025.028 11.29491
C04 1050.014 3.9573128
C04 1075.002 2.1767602
C04 1099.99 1.7233129
