lsstCam/transmission_filter_detector/r33_s21/z_20/19700101T000000.ecsv
# %ECSV 1.0
# ---
# datatype:
# - {name: wavelength, unit: nm, datatype: float32}
# - {name: efficiency, unit: '%', datatype: float64}
# meta: !!omap
# - {MODE: DETECTOR}
# - {TYPE: transmission_filter_detector}
# - {CALIBDATE: '1970-01-01T00:00:00'}
# - {INSTRUME: LSSTCam}
# - {OBSTYPE: transmission_filter_detector}
# - {CALIBCLS: lsst.ip.isr.IntermediateFilterDetectorTransmissionCurve}
# - {SOURCE: Materion (DM-46256)}
# - {DETECTOR: 151}
# - {FILTER: z_20}
# - {CALIB_ID: 'calibDate=1970-01-01T00:00:00 filter=z_20 detector=151'}
# - {DATE: '2025-04-02T15:59:49.340268'}
# - {CALIB_CREATION_DATE: '2025-04-02'}
# - {CALIB_CREATION_TIME: '15:59:49'}
# - __serialized_columns__:
#     efficiency:
#       __class__: astropy.units.quantity.Quantity
#       unit: !astropy.units.Unit {unit: '%'}
#       value: !astropy.table.SerializedColumn {name: efficiency}
#     wavelength:
#       __class__: astropy.units.quantity.Quantity
#       unit: !astropy.units.Unit {unit: nm}
#       value: !astropy.table.SerializedColumn {name: wavelength}
# schema: astropy-2.0
wavelength efficiency
[from data line 597]
897.0 99.16583895683289
898.0 98.8124132156372
899.0 98.42401146888733
900.0 99.11136627197266
901.0 99.17083978652954
902.0 99.32619333267212
903.0 98.6287772655487
904.0 97.5190281867981
905.0 98.69664311408997
906.0 97.91490435600281
907.0 98.8694965839386
908.0 98.30232262611389
909.0 98.47937822341919
910.0 97.95072674751282
911.0 96.93450331687927
912.0 95.9734320640564
913.0 94.41270232200623
914.0 92.48018860816956
915.0 90.06761312484741
916.0 88.03051710128784
917.0 86.38426065444946
918.0 83.16724300384521
919.0 81.81208968162537
920.0 79.06850576400757
921.0 74.89172220230103
922.0 70.79690098762512
923.0 65.02618193626404
924.0 59.50263738632202
925.0 54.047805070877075
926.0 48.050785064697266
927.0 41.01613461971283
928.0 35.32672822475433
929.0 28.86078655719757
930.0 23.177596926689148
931.0 18.05797517299652
932.0 12.627612054347992
933.0 8.426175266504288
934.0 5.41117787361145
935.0 3.306303173303604
936.0 1.957021839916706
937.0 1.1330701410770416
938.0 0.6672865711152554
939.0 0.45649511739611626
940.0 0.23723924532532692
941.0 0.036126887425780296
942.0 0.04764134646393359
943.0 0.04107061540707946
944.0 0.19584009423851967
945.0 0.044903281377628446
946.0 0.07466035895049572
947.0 0.12437757104635239
948.0 1.6163444280931083e-10
949.0 0.06567735108546913
950.0 0.012440938735380769
951.0 0.10903880465775728
952.0 0.015202477516140789
953.0 1.6163444280931083e-10
954.0 0.0014286140867625363
955.0 1.6163444280931083e-10
956.0 0.01780169695848599
957.0 0.02959221019409597
958.0 1.6163444280931083e-10
959.0 0.03056773275602609
960.0 1.6163444280931083e-10
961.0 0.05005258717574179
962.0 1.6163444280931083e-10
963.0 1.6163444280931083e-10
964.0 0.06342772976495326
965.0 0.010775206465041265
966.0 1.6163444280931083e-10
967.0 0.029370011179707944
968.0 1.6163444280931083e-10
969.0 1.6163444280931083e-10
970.0 0.03309108433313668
971.0 1.6163444280931083e-10
972.0 0.03289024461992085
973.0 1.6163444280931083e-10
974.0 1.6163444280931083e-10
975.0 1.6163444280931083e-10
976.0 0.006163469515740871
977.0 0.006049752118997276
978.0 0.005936035449849442
979.0 0.005860392047907226
980.0 0.00578474864596501
981.0 0.005630049417959526
982.0 0.005475349826156162
983.0 0.005317408067639917
984.0 0.005159465945325792
985.0 0.005133937156642787
986.0 0.005108408004161902
987.0 0.005073461215943098
988.0 0.005038514063926414
989.0 0.004937523044645786
990.0 0.00483653238916304
991.0 0.004672746581491083
992.0 0.004508960773819126
993.0 0.004626115332939662
994.0 0.004743269892060198
995.0 0.004553333201329224
996.0 0.00436339651059825
997.0 0.004432063360582106
998.0 0.004500729846768081
999.0 0.0045538465201389045
1000.0 0.004606962829711847
1001.0 0.004464699668460526
1002.0 0.004322436507209204
1003.0 0.004246011303621344
1004.0 0.004169586463831365
1005.0 0.004154583075433038
1006.0 0.004139579687034711
1007.0 0.004124773113289848
1008.0 0.004109966903342865
1009.0 0.004217850073473528
1010.0 0.004325733243604191
1011.0 0.00417271839978639
1012.0 0.004019703192170709
1013.0 0.004147490471950732
1014.0 0.004275277751730755
1015.0 0.004118233118788339
1016.0 0.003961188485845923
1017.0 0.004113480463274755
1018.0 0.004265772440703586
1019.0 0.004250189522281289
1020.0 0.004234606967656873
1021.0 0.004147392246522941
1022.0 0.0040601771615911275
1023.0 0.004224202712066472
1024.0 0.004388228626339696
1025.0 0.004319738945923746
1026.0 0.004251249265507795
1027.0 0.004404793071444146
1028.0 0.004558336877380498
1029.0 0.004560238812700845
1030.0 0.004562140748021193
1031.0 0.004523847746895626
1032.0 0.00448555510956794
1033.0 0.004638319660443813
1034.0 0.004791083847521804
1035.0 0.004888172406936064
1036.0 0.0049852609663503245
1037.0 0.0052061463065911084
1038.0 0.005427032010629773
1039.0 0.0053548621508525684
1040.0 0.005282692291075364
1041.0 0.005202865213504992
1042.0 0.005123038135934621
1043.0 0.0054833933972986415
1044.0 0.005843749386258423
1045.0 0.005789756687590852
1046.0 0.005735764352721162
1047.0 0.0057416731578996405
1048.0 0.00574758269067388
1049.0 0.0060303260397631675
1050.0 0.006313069025054574
1051.0 0.006535166903631762
1052.0 0.006757265509804711
1053.0 0.006858451524749398
1054.0 0.006959636084502563
1055.0 0.006960165046621114
1056.0 0.006960692553548142
1057.0 0.007345424819504842
1058.0 0.007730158540653065
1059.0 0.008144112507579848
1060.0 0.008558067202102393
1061.0 0.008539287227904424
1062.0 0.008520507981302217
1063.0 0.008729529508855194
1064.0 0.008938552491599694
1065.0 0.008976292883744463
1066.0 0.009014032548293471
1067.0 0.009459941065870225
1068.0 0.009905848128255457
1069.0 0.010053475125459954
1070.0 0.010201099939877167
1071.0 0.010416672012070194
1072.0 0.010632242629071698
1073.0 0.010480165656190366
1074.0 0.010328089410904795
1075.0 0.010510371066629887
1076.0 0.010692651994759217
1077.0 0.011458933295216411
1078.0 0.012225213868077844
1079.0 0.012393166252877563
1080.0 0.012561118637677282
1081.0 0.013415756984613836
1082.0 0.014270396786741912
1083.0 0.014093163190409541
1084.0 0.013915926683694124
1085.0 0.014322913193609565
1086.0 0.014729899703525007
1087.0 0.015349614841397852
1088.0 0.015969329979270697
1089.0 0.015568226808682084
1090.0 0.015167125093284994
1091.0 0.01644336007302627
1092.0 0.017719596507959068
1093.0 0.01716576371109113
1094.0 0.016611930914223194
1095.0 0.017338206816930324
1096.0 0.018064482719637454
1097.0 0.01887898106360808
1098.0 0.019693479407578707
1099.0 0.02040597755694762
1100.0 0.021118472795933485
1101.0 0.022200404782779515
1102.0 0.02328233531443402
1103.0 0.024221577041316777
1104.0 0.0251608231337741
1105.0 0.024932756787166
1106.0 0.024704690440557897
1107.0 0.025421392638236284
1108.0 0.02613809483591467
1109.0 0.027536635752767324
1110.0 0.02893518249038607
1111.0 0.028860560269095004
1112.0 0.02878593804780394
1113.0 0.02884677960537374
1114.0 0.028907618252560496
1115.0 0.029394231387414038
1116.0 0.029880847432650626
1117.0 0.031495894654653966
1118.0 0.03311094478704035
1119.0 0.034268698072992265
1120.0 0.03542644844856113
1121.0 0.0363918486982584
1122.0 0.03735724603757262
1123.0 0.03942116163671017
1124.0 0.04148507723584771
1125.0 0.042585175833664834
1126.0 0.04368527152109891
1127.0 0.04424420767463744
1128.0 0.044803140917792916
1129.0 0.04969626897946
1130.0 0.054589397041127086
1131.0 0.05633961409330368
1132.0 0.058089831145480275
1133.0 0.058957835426554084
1134.0 0.05982583970762789
1135.0 0.06660050712525845
1136.0 0.07337518618442118
1137.0 0.07458534091711044
1138.0 0.0757955014705658
1139.0 0.0850608164910227
1140.0 0.09432612569071352
1141.0 0.11011918541043997
1142.0 0.12591222766786814
1143.0 0.2102069091051817
1144.0 0.294501637108624
1145.0 0.656655803322792
1146.0 1.018809899687767
1147.0 1.3853136450052261
1148.0 1.7518170177936554
1149.0 1.7289141193032265
1150.0 1.706010103225708
