lsstCam/transmission_filter_detector/r33_s21/z_20/19700101T000000.ecsv
# %ECSV 1.0
# ---
# datatype:
# - {name: wavelength, unit: nm, datatype: float32}
# - {name: efficiency, unit: '%', datatype: float64}
# meta: !!omap
# - {MODE: DETECTOR}
# - {TYPE: transmission_filter_detector}
# - {CALIBDATE: '1970-01-01T00:00:00'}
# - {INSTRUME: LSSTCam}
# - {OBSTYPE: transmission_filter_detector}
# - {CALIBCLS: lsst.ip.isr.IntermediateFilterDetectorTransmissionCurve}
# - {SOURCE: Materion (DM-46256)}
# - {DETECTOR: 151}
# - {FILTER: z_20}
# - {CALIB_ID: 'calibDate=1970-01-01T00:00:00 filter=z_20 detector=151'}
# - {DATE: '2025-04-02T15:59:49.340268'}
# - {CALIB_CREATION_DATE: '2025-04-02'}
# - {CALIB_CREATION_TIME: '15:59:49'}
# - __serialized_columns__:
#     efficiency:
#       __class__: astropy.units.quantity.Quantity
#       unit: !astropy.units.Unit {unit: '%'}
#       value: !astropy.table.SerializedColumn {name: efficiency}
#     wavelength:
#       __class__: astropy.units.quantity.Quantity
#       unit: !astropy.units.Unit {unit: nm}
#       value: !astropy.table.SerializedColumn {name: wavelength}
# schema: astropy-2.0
wavelength efficiency
300.0 0.37674515042454004
301.0 0.332785677164793
302.0 0.288826203905046
303.0 0.23731528781354427
304.0 0.1858043484389782
305.0 0.1719389227218926
306.0 0.1580734853632748
307.0 0.1501026563346386
308.0 0.1421318156644702
309.0 0.13423373457044363
310.0 0.12633565347641706
311.0 0.11660099262371659
312.0 0.10686632012948394
313.0 0.09760769316926599
314.0 0.08834904874674976
315.0 0.08443481056019664
316.0 0.08052056655287743
317.0 0.07366268546320498
318.0 0.06680480437353253
319.0 0.06489186780527234
320.0 0.06297893123701215
321.0 0.05923665012232959
322.0 0.055494363186880946
323.0 0.054412917234003544
324.0 0.05333147128112614
325.0 0.050904700765386224
326.0 0.048477930249646306
327.0 0.04285709001123905
328.0 0.0372362497728318
329.0 0.037293205969035625
330.0 0.03735015925485641
331.0 0.03543611092027277
332.0 0.03352206549607217
333.0 0.030433677602559328
334.0 0.027345289709046483
335.0 0.026349772815592587
336.0 0.025354258832521737
337.0 0.020409371063578874
338.0 0.015464483294636011
339.0 0.017070554895326495
340.0 0.018676630861591548
341.0 0.016669313481543213
342.0 0.014661997556686401
343.0 0.015129537496250123
344.0 0.015597077435813844
345.0 0.014023670519236475
346.0 0.012450262147467583
347.0 0.012877023254986852
348.0 0.013303784362506121
349.0 0.013430947728920728
350.0 0.013558109640143812
351.0 0.012279226211830974
352.0 0.01100034496630542
353.0 0.011592567170737311
354.0 0.012184792285552248
355.0 0.011680247553158551
356.0 0.0111757057311479
357.0 0.011077552335336804
358.0 0.010979398211929947
359.0 0.010332787496736273
360.0 0.009686178236734122
361.0 0.009877749835141003
362.0 0.010069323616335168
363.0 0.010128295252798125
364.0 0.010187266889261082
365.0 0.010146679414901882
366.0 0.010106093395734206
367.0 0.009322238474851474
368.0 0.00853838209877722
369.0 0.008963213622337207
370.0 0.009388045873492956
371.0 0.008710269321454689
372.0 0.008032492769416422
373.0 0.00788717225077562
374.0 0.007741851004539058
375.0 0.006543046765727922
376.0 0.005344242163118906
377.0 0.0052438921557040885
378.0 0.00514354178449139
379.0 0.0052933428378310055
380.0 0.00544314352737274
381.0 0.005112778308102861
382.0 0.0047824123612372205
383.0 0.004549334335024469
384.0 0.004316255581215955
385.0 0.004453232031664811
386.0 0.004590208118315786
387.0 0.004464761514100246
388.0 0.004339315273682587
389.0 0.004465688834898174
390.0 0.004592062396113761
391.0 0.004146636638324708
392.0 0.0037012112443335354
393.0 0.0037046309444122016
394.0 0.0037080510082887486
395.0 0.0035190747439628467
396.0 0.0033300988434348255
397.0 0.003510204260237515
398.0 0.003690310040838085
399.0 0.0039000780816422775
400.0 0.004109846486244351
401.0 0.004828036617254838
402.0 0.005546226748265326
403.0 0.005108301047584973
404.0 0.0046703753469046205
405.0 0.004434928996488452
406.0 0.004199482646072283
407.0 0.004118188007851131
408.0 0.004036893369629979
409.0 0.0036548601201502606
410.0 0.003272827234468423
411.0 0.00408505839004647
412.0 0.004897289181826636
413.0 0.0050697704864433035
414.0 0.005242251791059971
415.0 0.004747647108160891
416.0 0.004253043152857572
417.0 0.003190544157405384
418.0 0.0021280458895489573
419.0 0.002764064629445784
420.0 0.003400083733140491
421.0 0.0028740012567141093
422.0 0.002347918962186668
423.0 0.002844856135197915
424.0 0.0033417934901081026
425.0 0.003528517481754534
426.0 0.003715241837198846
427.0 0.0033377607906004414
428.0 0.0029602795621030964
429.0 0.0022302181605482474
430.0 0.001500156577094458
431.0 0.001695840728643816
432.0 0.0018915246982942335
433.0 0.0021139716409379616
434.0 0.0023364185835816897
435.0 0.00327840716636274
436.0 0.00422039556724485
437.0 0.0031350733479484916
438.0 0.0020497509467531927
439.0 0.0021136405848665163
440.0 0.0021775304048787802
441.0 0.002113882146659307
442.0 0.0020502337065408938
443.0 0.001959072324098088
444.0 0.0018679107597563416
445.0 0.0016410584066761658
446.0 0.0014142061445454601
447.0 0.0017416088667232543
448.0 0.002069011861749459
449.0 0.0021397903765318915
450.0 0.002210568891314324
451.0 0.0020066669094376266
452.0 0.0018027649275609292
453.0 0.0022070427803555503
454.0 0.0026113202693522908
455.0 0.0023140217308537103
456.0 0.00201672319235513
457.0 0.0015983463526936248
458.0 0.0011799693311331794
459.0 0.0015324674677685834
460.0 0.0018849657863029279
461.0 0.0015158141650317702
462.0 0.001146662725659553
463.0 0.0011875165000674315
464.0 0.0012283704563742504
465.0 0.001132843317463994
466.0 0.0010373161785537377
467.0 0.0009869465429801494
468.0 0.0009365767255076207
469.0 0.0010496180038899183
470.0 0.0011626591913227458
471.0 0.0011960649317188654
472.0 0.0012294707630644552
473.0 0.0014357799955178052
474.0 0.0016420890460722148
475.0 0.0015899433492450044
476.0 0.0015377974705188535
477.0 0.0012944356058142148
478.0 0.0010510738320590463
479.0 0.0013624784514831845
480.0 0.0016738831618567929
481.0 0.0014436211131396703
482.0 0.001213359155372018
483.0 0.0010799497431435157
484.0 0.0009465404218644835
485.0 0.0014603251656808425
486.0 0.0019741099094972014
487.0 0.0014482320693787187
488.0 0.0009223544111591764
489.0 0.0010905697308771778
490.0 0.0012587851415446494
491.0 0.0013321111509867478
492.0 0.001405436978529906
493.0 0.001440320920664817
494.0 0.0014752049537491985
495.0 0.0013891413800593
496.0 0.0013030779882683419
497.0 0.0015391527995234355
498.0 0.0017752277926774696
499.0 0.0019227949451305903
500.0 0.0020703617337858304
501.0 0.001769437403709162
502.0 0.0014685130736324936
503.0 0.0012154584510426503
504.0 0.0009624041013012175
505.0 0.0015490586520172656
506.0 0.0021357127479859628
507.0 0.0018618537069414742
508.0 0.0015879944839980453
509.0 0.0012784096725226846
510.0 0.000968824951996794
511.0 0.0010399847269582096
512.0 0.0011111442290712148
513.0 0.0014031209502718411
514.0 0.0016950974895735271
515.0 0.0015352614354924299
516.0 0.0013754254723608028
517.0 0.0011840741535706911
518.0 0.0009927229257300496
519.0 0.001442594475520309
520.0 0.0018924660253105685
521.0 0.0020179973944323137
522.0 0.002143528763554059
523.0 0.0017318210666417144
524.0 0.0013201130059314892
525.0 0.0011849285328935366
526.0 0.0010497441508050542
527.0 0.001074699957825942
528.0 0.00109965594674577
529.0 0.001161828276963206
530.0 0.001224000607180642
531.0 0.001253662776434794
532.0 0.0012833252185373567
533.0 0.0014220406228560023
534.0 0.0015607562090735883
535.0 0.0017013808246701956
536.0 0.0018420058040646836
537.0 0.0017387095795129426
538.0 0.001635413536860142
539.0 0.0013025775842834264
540.0 0.0009697417226561811
541.0 0.0009895494258671533
542.0 0.0010093569471791852
543.0 0.0008870988494891208
544.0 0.0007648407517990563
545.0 0.0013224250324128661
546.0 0.0018800092220772058
547.0 0.0017515536455903202
548.0 0.0016230980691034347
549.0 0.0018237795302411541
550.0 0.002024461173277814
551.0 0.0017726912119542249
552.0 0.001520921341580106
553.0 0.0017763939467840828
554.0 0.00203186682483647
555.0 0.001928089295688551
556.0 0.0018243117665406317
557.0 0.0014171019756759051
558.0 0.001009892366710119
559.0 0.0011447283213783521
560.0 0.0012795641850971151
561.0 0.0011997056390100624
562.0 0.0011198470929230098
563.0 0.00137052502395818
564.0 0.001621203227841761
565.0 0.001778638943505939
566.0 0.0019360748410690576
567.0 0.0020830448193009943
568.0 0.0022300146156339906
569.0 0.0024688000848982483
570.0 0.0027075857360614464
571.0 0.0027440506528364494
572.0 0.0027805155696114525
573.0 0.0024981134629342705
574.0 0.0022157109924592078
575.0 0.0019893499484169297
576.0 0.0017629887224757113
577.0 0.001876465648820158
578.0 0.0019899422113667242
579.0 0.002013612538576126
580.0 0.0020372830476844683
581.0 0.001994882768485695
582.0 0.0019524823073879816
583.0 0.0016486814274685457
584.0 0.00134488054754911
585.0 0.001808352863008622
586.0 0.0022718251784681343
587.0 0.0019610144590842538
588.0 0.0016502037397003733
589.0 0.001860987140389625
590.0 0.002071770722977817
591.0 0.0017858601495390758
592.0 0.001499949848948745
593.0 0.0013163693438400514
594.0 0.0011327890206302982
595.0 0.001015818452287931
596.0 0.0008988477020466235
597.0 0.0006813195795984939
598.0 0.00046379154809983447
599.0 0.0006922671218489995
600.0 0.0009207426046486944
601.0 0.0008969461305241566
602.0 0.0008731495654501487
603.0 0.0012531120773928706
604.0 0.001633074316487182
605.0 0.0011308370631013531
606.0 0.0006285995823418489
607.0 0.0007666469173273072
608.0 0.0009046944796864409
609.0 0.0008230088496929966
610.0 0.0007413231742248172
611.0 0.0010439715879329015
612.0 0.0013466198652167805
613.0 0.001279446678381646
614.0 0.0012122738553443924
615.0 0.0011923679267056286
616.0 0.001172461998066865
617.0 0.0014643526810687035
618.0 0.0017562433640705422
619.0 0.001782098479452543
620.0 0.0018079537767334841
621.0 0.0015433794033015147
622.0 0.0012788052117684856
623.0 0.0012902320122520905
624.0 0.0013016589036851656
625.0 0.0015333755072788335
626.0 0.001765091838024091
627.0 0.0019231320038670674
628.0 0.002081172169710044
629.0 0.0020257239157217555
630.0 0.0019702754798345268
631.0 0.0020721894543385133
632.0 0.0021741032469435595
633.0 0.0026843361411010846
634.0 0.00319456921715755
635.0 0.005761642023571767
636.0 0.008328716648975387
637.0 0.015246136172208935
638.0 0.022163557878229767
639.0 0.019884409266524017
640.0 0.01760526211000979
641.0 0.01530707668280229
642.0 0.01300889125559479
643.0 0.009424431482329965
644.0 0.005839973164256662
645.0 0.005974887608317658
646.0 0.0061098020523786545
647.0 0.005724047514377162
648.0 0.005338294067769311
649.0 0.0043095042201457545
650.0 0.00328071546391584
651.0 0.003455693513387814
652.0 0.0036306715628597885
653.0 0.0029146496672183275
654.0 0.002198627407778986
655.0 0.00221698937821202
656.0 0.002235351348645054
657.0 0.0024384542484767735
658.0 0.002641556966409553
659.0 0.0023069076632964425
660.0 0.001972258360183332
661.0 0.002322247382835485
662.0 0.0026722365873865783
663.0 0.002239610330434516
664.0 0.0018069840734824538
665.0 0.0016507709005963989
666.0 0.0014945581824576948
667.0 0.0014652308891527355
668.0 0.0014359036867972463
669.0 0.0013748641322308686
670.0 0.0013138245776644908
671.0 0.0011000797712767962
672.0 0.0008863348739396315
673.0 0.0012370327567623463
674.0 0.0015877309124334715
675.0 0.0013627884982270189
676.0 0.0011378461749700364
677.0 0.0014077602827455848
678.0 0.0016776746633695439
679.0 0.0016735397366574034
680.0 0.0016694051737431437
681.0 0.0019513070583343506
682.0 0.002233208761026617
683.0 0.002587472590676043
684.0 0.0029417364203254692
685.0 0.0027432688511908054
686.0 0.0025448011001572013
687.0 0.002417956420686096
688.0 0.002291111923113931
689.0 0.002183972355851438
690.0 0.002076832970487885
691.0 0.00215195777855115
692.0 0.002227082586614415
693.0 0.0026930321837426163
694.0 0.0031589817808708176
695.0 0.0035811470297630876
696.0 0.004003312278655358
697.0 0.004055841782246716
698.0 0.004108371285838075
699.0 0.005632828106172383
700.0 0.007157286017900333
701.0 0.007088371057761833
702.0 0.007019457552814856
703.0 0.006306771683739498
704.0 0.005594087269855663
705.0 0.0046334374928846955
706.0 0.0036727884435094893
707.0 0.003463619214016944
708.0 0.003254449984524399
709.0 0.003788297181017697
710.0 0.004322144013713114
711.0 0.004139691372984089
712.0 0.003957238732255064
713.0 0.0030874791264068335
714.0 0.0022177197024575435
715.0 0.00236922951444285
716.0 0.0025207393264281563
717.0 0.0022720341803506017
718.0 0.0020233288523741066
719.0 0.001931542283273302
720.0 0.001839756077970378
721.0 0.0022228738089324906
722.0 0.0026059917217935435
723.0 0.002507605495338794
724.0 0.0024092194507829845
725.0 0.001930551661644131
726.0 0.0014518839634547476
727.0 0.0014611104234063532
728.0 0.001470336974307429
729.0 0.001332429292233428
730.0 0.0011945214282604866
731.0 0.0009870893336483277
732.0 0.0007796572390361689
733.0 0.0010864360774576198
734.0 0.0013932149158790708
735.0 0.001224365405505523
736.0 0.0010555158951319754
737.0 0.0012116868674638681
738.0 0.001367857930745231
739.0 0.001420287026121514
740.0 0.0014727163033967372
741.0 0.0010376064892625436
742.0 0.0006024969025020255
743.0 0.0009836605386226438
744.0 0.001364824129268527
745.0 0.0018838576579582877
746.0 0.0024028911866480485
747.0 0.0022956135580898263
748.0 0.0021883361114305444
749.0 0.002888256494770758
750.0 0.0035881770600099117
751.0 0.0031331692298408598
752.0 0.002678161399671808
753.0 0.0027007916287402622
754.0 0.0027234222216065973
755.0 0.0024810724426060915
756.0 0.0022387224817066453
757.0 0.0022291927962214686
758.0 0.002219663110736292
759.0 0.0026659789000405
760.0 0.0031122945074457675
761.0 0.0045966273319208995
762.0 0.00608095942880027
763.0 0.005460413376567885
764.0 0.004839868051931262
765.0 0.004384219209896401
766.0 0.003928568912670016
767.0 0.004058012564200908
768.0 0.004187455851933919
769.0 0.005084673466626555
770.0 0.00598189071752131
771.0 0.0049652728193905205
772.0 0.003948654921259731
773.0 0.003935418135370128
774.0 0.003922181713278405
775.0 1.6163444280931083e-10
776.0 0.03682801325339824
777.0 1.6163444280931083e-10
778.0 1.6163444280931083e-10
779.0 1.6163444280931083e-10
780.0 0.10956994956359267
781.0 0.06258073262870312
782.0 0.07183622801676393
783.0 0.01063415256794542
784.0 0.0788375036790967
785.0 0.0005741717359342147
786.0 1.6163444280931083e-10
787.0 0.021881915745325387
788.0 0.04790635430254042
789.0 0.040423046448267996
790.0 1.6163444280931083e-10
791.0 0.09609402623027563
792.0 0.09435397805646062
793.0 0.028273547650314867
794.0 0.008068881288636476
795.0 0.08623200701549649
796.0 0.05157215637154877
797.0 1.6163444280931083e-10
798.0 0.09714874322526157
799.0 0.3063500393182039
800.0 0.24750495795160532
801.0 0.33401313703507185
802.0 0.6829845253378153
803.0 1.173148863017559
804.0 1.7984390258789062
805.0 2.8810331597924232
806.0 4.333731532096863
807.0 6.263871490955353
808.0 8.365385979413986
809.0 11.014719307422638
810.0 14.240750670433044
811.0 17.48383343219757
812.0 20.49929052591324
813.0 23.328648507595062
814.0 26.520827412605286
815.0 30.771511793136597
816.0 35.660213232040405
817.0 41.64520502090454
818.0 47.40501046180725
819.0 53.52805256843567
820.0 61.509305238723755
821.0 68.96861791610718
822.0 75.15356540679932
823.0 80.67929744720459
824.0 85.76228618621826
825.0 90.39311408996582
826.0 93.51023435592651
827.0 96.2048351764679
828.0 97.9582130908966
829.0 98.8956868648529
830.0 98.88260960578918
831.0 99.09913539886475
832.0 98.5015869140625
833.0 99.77224469184875
834.0 98.31536412239075
835.0 99.18953776359558
836.0 99.17782545089722
837.0 99.39553737640381
838.0 97.7020800113678
839.0 98.69198203086853
840.0 98.78135919570923
841.0 99.73639249801636
842.0 99.46857690811157
843.0 99.74020719528198
844.0 97.87125587463379
845.0 98.58062863349915
846.0 98.80273938179016
847.0 98.60532879829407
848.0 99.85711574554443
849.0 98.98892045021057
850.0 98.57560992240906
851.0 99.10861253738403
852.0 99.04295802116394
853.0 98.85039329528809
854.0 99.70208406448364
855.0 98.67184162139893
856.0 98.68044853210449
857.0 98.13100695610046
858.0 98.48894476890564
859.0 99.09189343452454
860.0 98.63300323486328
861.0 98.79232048988342
862.0 98.74200820922852
863.0 98.44285249710083
864.0 99.51813220977783
865.0 100.1349687576294
866.0 98.77410531044006
867.0 99.43190813064575
868.0 99.44979548454285
869.0 98.89663457870483
870.0 98.04547429084778
871.0 98.98509979248047
872.0 99.19900894165039
873.0 99.14231896400452
874.0 99.45871233940125
875.0 98.81886839866638
876.0 98.6626923084259
877.0 99.53593015670776
878.0 99.13090467453003
879.0 98.86558651924133
880.0 98.47952723503113
881.0 100.05921125411987
882.0 98.91923069953918
883.0 98.80752563476562
884.0 99.16696548461914
885.0 99.24020171165466
886.0 98.75406622886658
887.0 98.85541796684265
888.0 98.96690249443054
889.0 99.70292448997498
890.0 98.56225848197937
891.0 99.2483913898468
892.0 98.74781370162964
893.0 98.68130087852478
894.0 98.38231801986694
895.0 99.8647391796112
