lsstCam/transmission_filter_detector/r34_s22/g_6/19700101T000000.ecsv
# %ECSV 1.0
# ---
# datatype:
# - {name: wavelength, unit: nm, datatype: float32}
# - {name: efficiency, unit: '%', datatype: float64}
# meta: !!omap
# - {MODE: DETECTOR}
# - {TYPE: transmission_filter_detector}
# - {CALIBDATE: '1970-01-01T00:00:00'}
# - {INSTRUME: LSSTCam}
# - {OBSTYPE: transmission_filter_detector}
# - {CALIBCLS: lsst.ip.isr.IntermediateFilterDetectorTransmissionCurve}
# - {SOURCE: Materion (DM-46256)}
# - {DETECTOR: 161}
# - {FILTER: g_6}
# - {CALIB_ID: 'calibDate=1970-01-01T00:00:00 filter=g_6 detector=161'}
# - {DATE: '2025-04-02T15:59:42.772468'}
# - {CALIB_CREATION_DATE: '2025-04-02'}
# - {CALIB_CREATION_TIME: '15:59:42'}
# - __serialized_columns__:
#     efficiency:
#       __class__: astropy.units.quantity.Quantity
#       unit: !astropy.units.Unit {unit: '%'}
#       value: !astropy.table.SerializedColumn {name: efficiency}
#     wavelength:
#       __class__: astropy.units.quantity.Quantity
#       unit: !astropy.units.Unit {unit: nm}
#       value: !astropy.table.SerializedColumn {name: wavelength}
# schema: astropy-2.0
wavelength efficiency
[from data line 607]
907.0 0.00043304639802954625
908.0 0.0004391018137539504
909.0 0.00044515722947835457
910.0 0.00040746003833191935
911.0 0.00036976284718548413
912.0 0.00045881547521275934
913.0 0.0005478681487147696
914.0 0.0005149654953129357
915.0 0.0004820629328605719
916.0 0.0003724730504472973
917.0 0.0002628832362461253
918.0 0.0002663863369889441
919.0 0.00026988948320649797
920.0 0.00034683716876315884
921.0 0.00042378487705718726
922.0 0.0003678295342979254
923.0 0.00031187416880129604
924.0 0.00038338130252668634
925.0 0.0004548884589894442
926.0 0.0003706873030751012
927.0 0.0002864861698981258
928.0 0.00044754769987775944
929.0 0.0006086092980694957
930.0 0.0005475928901432781
931.0 0.00048657661864126567
932.0 0.0005149191110831453
933.0 0.0005432616035250248
934.0 0.0005604771558864741
935.0 0.0005776926627731882
936.0 0.0005803254680358805
937.0 0.0005829583187733078
938.0 0.0005446477189252619
939.0 0.0005063373009761563
940.0 0.0006176755960041191
941.0 0.0007290138455573469
942.0 0.0007348472536250483
943.0 0.0007406806616927497
944.0 0.0007004519829933997
945.0 0.0006602231678698445
946.0 0.0007287956577783916
947.0 0.0007973681931616738
948.0 0.0007089788141456665
949.0 0.0006205893441801891
950.0 0.0005827399490954122
951.0 0.0005448905540106352
952.0 0.0007937152986414731
953.0 0.0010425402251712512
954.0 0.0010142735845874995
955.0 0.0009860069440037478
956.0 0.0008041563887672964
957.0 0.0006223059699550504
958.0 0.0006350333478621906
959.0 0.0006477606802945957
960.0 0.0006818224846938392
961.0 0.0007158842890930828
962.0 0.0007009329692664323
963.0 0.0006859815130155766
964.0 0.0005646536465064855
965.0 0.00044332564357318915
966.0 0.0005514887561730575
967.0 0.0006596518687729258
968.0 0.0006241618393687531
969.0 0.0005886719009140506
970.0 0.0005929980943619739
971.0 0.0005973242423351621
972.0 0.0006907883744133869
973.0 0.0007842525519663468
974.0 0.0007391627150354907
975.0 0.0006940729235793697
976.0 0.0007879691111156717
977.0 0.0008818652531772386
978.0 0.0008970513590611517
979.0 0.0009122371920966543
980.0 0.0008538678230252117
981.0 0.0007954985449032392
982.0 0.0009231726835423615
983.0 0.0010508467312320136
984.0 0.0012570515536936
985.0 0.0014632564671046566
986.0 0.001429078656656202
987.0 0.0013949009371572174
988.0 0.0014086127521295566
989.0 0.0014223244761524256
990.0 0.0015407447790494189
991.0 0.001659164990996942
992.0 0.001626311131985858
993.0 0.0015934570910758339
994.0 0.001638781395740807
995.0 0.0016841057004057802
996.0 0.0015957431969582103
997.0 0.0015073806935106404
998.0 0.0014277851732913405
999.0 0.0013481897440215107
1000.0 0.0013665799087902997
1001.0 0.0013849699826096185
1002.0 0.00137748629640555
1003.0 0.001370002246403601
1004.0 0.0013511983524949756
1005.0 0.00133239436763688
1006.0 0.0013005061191506684
1007.0 0.001268617961613927
1008.0 0.0012542209333332721
1009.0 0.001239823814103147
1010.0 0.0014065725736145396
1011.0 0.0015733216059743427
1012.0 0.0015511659512412734
1013.0 0.0015290101146092638
1014.0 0.001805873034754768
1015.0 0.0020827361367992125
1016.0 0.002056481571344193
1017.0 0.0020302270058891736
1018.0 0.0022831372916698456
1019.0 0.0025360479412483983
1020.0 0.002767492514976766
1021.0 0.0029989374525030144
1022.0 0.003217623452655971
1023.0 0.003436309634707868
1024.0 0.0035081960959360003
1025.0 0.0035800825571641326
1026.0 0.003842345904558897
1027.0 0.0041046092519536614
1028.0 0.004144310150877573
1029.0 0.004184011049801484
1030.0 0.004376377910375595
1031.0 0.004568745134747587
1032.0 0.0046145840315148234
1033.0 0.004660423655877821
1034.0 0.004766187339555472
1035.0 0.0048719517508288845
1036.0 0.005104353112983517
1037.0 0.0053367541113402694
1038.0 0.005483310087583959
1039.0 0.005629866063827649
1040.0 0.0057439610827714205
1041.0 0.005858056465513073
1042.0 0.005957962275715545
1043.0 0.006057868085918017
1044.0 0.006411103095160797
1045.0 0.00676433919579722
1046.0 0.00725979552953504
1047.0 0.007755251863272861
1048.0 0.00866828195285052
1049.0 0.009581312770023942
1050.0 0.010913082951446995
1051.0 0.012244851677678525
1052.0 0.014586416364181787
1053.0 0.016927981050685048
1054.0 0.02014798956224695
1055.0 0.02336799807380885
1056.0 0.028334950911812484
1057.0 0.03330189501866698
1058.0 0.03949602541979402
1059.0 0.04569015582092106
1060.0 0.053591240430250764
1061.0 0.061492330860346556
1062.0 0.06950765964575112
1063.0 0.07752299425192177
1064.0 0.08569862693548203
1065.0 0.09387425961904228
1066.0 0.10044537484645844
1067.0 0.1070164842531085
1068.0 0.1136076170951128
1069.0 0.12019877322018147
1070.0 0.12895924737676978
1071.0 0.13771973317489028
1072.0 0.14810950960963964
1073.0 0.158499286044389
1074.0 0.17122175777330995
1075.0 0.18394425278529525
1076.0 0.1962917624041438
1077.0 0.20863928366452456
1078.0 0.21958209108561277
1079.0 0.23052487522363663
1080.0 0.24358341470360756
1081.0 0.25664190761744976
1082.0 0.27253981679677963
1083.0 0.2884376794099808
1084.0 0.31460714526474476
1085.0 0.34077654127031565
1086.0 0.3747679525986314
1087.0 0.40875934064388275
1088.0 0.45209024101495743
1089.0 0.4954210948199034
1090.0 0.5541785154491663
1091.0 0.6129360292106867
1092.0 0.6906297523528337
1093.0 0.7683237083256245
1094.0 0.8320841006934643
1095.0 0.8958447724580765
1096.0 0.9376063011586666
1097.0 0.9793678298592567
1098.0 1.042591780424118
1099.0 1.1058158241212368
1100.0 1.2022161856293678
1101.0 1.2986165471374989
