lsstCam/transmission_filter_detector/r34_s22/g_6/19700101T000000.ecsv
# %ECSV 1.0
# ---
# datatype:
# - {name: wavelength, unit: nm, datatype: float32}
# - {name: efficiency, unit: '%', datatype: float64}
# meta: !!omap
# - {MODE: DETECTOR}
# - {TYPE: transmission_filter_detector}
# - {CALIBDATE: '1970-01-01T00:00:00'}
# - {INSTRUME: LSSTCam}
# - {OBSTYPE: transmission_filter_detector}
# - {CALIBCLS: lsst.ip.isr.IntermediateFilterDetectorTransmissionCurve}
# - {SOURCE: Materion (DM-46256)}
# - {DETECTOR: 161}
# - {FILTER: g_6}
# - {CALIB_ID: 'calibDate=1970-01-01T00:00:00 filter=g_6 detector=161'}
# - {DATE: '2025-04-02T15:59:42.772468'}
# - {CALIB_CREATION_DATE: '2025-04-02'}
# - {CALIB_CREATION_TIME: '15:59:42'}
# - __serialized_columns__:
#     efficiency:
#       __class__: astropy.units.quantity.Quantity
#       unit: !astropy.units.Unit {unit: '%'}
#       value: !astropy.table.SerializedColumn {name: efficiency}
#     wavelength:
#       __class__: astropy.units.quantity.Quantity
#       unit: !astropy.units.Unit {unit: nm}
#       value: !astropy.table.SerializedColumn {name: wavelength}
# schema: astropy-2.0
wavelength efficiency
300.0 0.36604783963412046
301.0 0.310399173758924
302.0 0.2547504846006632
303.0 0.24073082022368908
304.0 0.2267112024128437
305.0 0.22649618331342936
306.0 0.226281164214015
307.0 0.21203989163041115
308.0 0.19779859576374292
309.0 0.19378369906917214
310.0 0.18976879073306918
311.0 0.19173079635947943
312.0 0.19369276706129313
313.0 0.1899205963127315
314.0 0.18614843720570207
315.0 0.1807036460377276
316.0 0.17525885486975312
317.0 0.1716608298011124
318.0 0.16806278144940734
319.0 0.1566770952194929
320.0 0.14529140898957849
321.0 0.13482710346579552
322.0 0.12436282122507691
323.0 0.1136867911554873
324.0 0.1030107494443655
325.0 0.0915100856218487
326.0 0.08000941597856581
327.0 0.07259742124006152
328.0 0.06518543232232332
329.0 0.06122862687334418
330.0 0.057271833065897226
331.0 0.053945957915857434
332.0 0.05062007694505155
333.0 0.04736320406664163
334.0 0.04410632827784866
335.0 0.0426149636041373
336.0 0.04112360184080899
337.0 0.041085921111516654
338.0 0.04104824038222432
339.0 0.03996710875071585
340.0 0.03888597129844129
341.0 0.03759675892069936
342.0 0.036307546542957425
343.0 0.032906761043705046
344.0 0.029505975544452667
345.0 0.026175568928010762
346.0 0.022845165221951902
347.0 0.020900522940792143
348.0 0.018955885025206953
349.0 0.017527864838484675
350.0 0.7163652218878269
351.0 0.7535138167440891
352.0 0.8799147792160511
353.0 1.2808910571038723
354.0 0.6030659191310406
355.0 0.6447643041610718
356.0 0.7290853187441826
357.0 0.8637825027108192
358.0 0.7258627098053694
359.0 0.8003935217857361
360.0 0.4546369891613722
361.0 0.682374369353056
362.0 0.5028059240430593
363.0 0.6440065801143646
364.0 0.45845648273825645
365.0 0.6854954641312361
366.0 0.34847764763981104
367.0 0.6448908243328333
368.0 0.4280846565961838
369.0 0.5608155857771635
370.0 0.25444403290748596
371.0 0.5794548895210028
372.0 0.45685782097280025
373.0 0.5823427811264992
374.0 0.38694001268595457
375.0 0.5239983554929495
376.0 0.41857287287712097
377.0 0.5917435977607965
378.0 0.3993486985564232
379.0 0.6255381274968386
380.0 0.38071791641414165
381.0 0.4262239206582308
382.0 0.5708965938538313
383.0 0.5765408743172884
384.0 0.5646307487040758
385.0 0.6583875510841608
386.0 0.674330210313201
387.0 0.9316779673099518
388.0 1.0760759003460407
389.0 1.618744432926178
390.0 2.388535253703594
391.0 3.806651011109352
392.0 5.988369882106781
393.0 9.321946650743484
394.0 13.843756914138794
395.0 19.59744542837143
396.0 26.61425769329071
397.0 35.038185119628906
398.0 44.50386166572571
399.0 54.13943529129028
400.0 63.36527466773987
401.0 71.58828377723694
402.0 78.65527868270874
403.0 84.05197262763977
404.0 87.73113489151001
405.0 90.36148190498352
406.0 91.7432963848114
407.0 92.7596926689148
408.0 93.2839035987854
409.0 93.40659976005554
410.0 93.3586061000824
411.0 93.18826198577881
412.0 92.86062121391296
413.0 92.69698858261108
414.0 92.63593554496765
415.0 92.9201066493988
416.0 93.50115060806274
417.0 93.77169013023376
418.0 94.43017244338989
419.0 94.90869641304016
420.0 95.33267617225647
421.0 95.78635692596436
422.0 95.79668045043945
423.0 95.90752124786377
424.0 95.62211036682129
425.0 95.47038078308105
426.0 95.44843435287476
427.0 95.4344630241394
428.0 95.3162133693695
429.0 95.21604776382446
430.0 95.19622921943665
431.0 95.31129002571106
432.0 95.3362226486206
433.0 95.39600014686584
434.0 95.45403718948364
435.0 95.576411485672
436.0 95.59575319290161
437.0 95.58671116828918
438.0 95.70668339729309
439.0 95.83711624145508
440.0 95.86694836616516
441.0 95.93291282653809
442.0 95.78057527542114
443.0 95.70512771606445
444.0 95.60703039169312
445.0 95.32341361045837
446.0 95.26033401489258
447.0 95.19107937812805
448.0 95.27999758720398
449.0 95.56489586830139
450.0 95.9229826927185
451.0 96.07409238815308
452.0 96.250319480896
453.0 96.30781412124634
454.0 96.34701013565063
455.0 96.54232859611511
456.0 96.66724801063538
457.0 96.81453704833984
458.0 96.82429432868958
459.0 96.86276912689209
460.0 96.78756594657898
461.0 96.85208797454834
462.0 96.77859544754028
463.0 96.63024544715881
464.0 96.72302603721619
465.0 96.61771655082703
466.0 96.64241671562195
467.0 96.61271572113037
468.0 96.63874506950378
469.0 96.68734669685364
470.0 96.5472936630249
471.0 96.3394820690155
472.0 96.46291136741638
473.0 96.33058309555054
474.0 96.32267951965332
475.0 96.44665718078613
476.0 96.45071625709534
477.0 96.57198190689087
478.0 96.67059183120728
479.0 96.67216539382935
480.0 96.9142198562622
481.0 96.96105122566223
482.0 97.11849093437195
483.0 96.98606133460999
484.0 97.16219902038574
485.0 97.19391465187073
486.0 97.27243781089783
487.0 97.23910093307495
488.0 97.21270203590393
489.0 97.36797213554382
490.0 97.28700518608093
491.0 97.41883277893066
492.0 97.34724760055542
493.0 97.33232259750366
494.0 97.31450080871582
495.0 97.37289547920227
496.0 97.21207022666931
497.0 97.19249606132507
498.0 96.93272709846497
499.0 96.98922038078308
500.0 96.95953130722046
501.0 96.94909453392029
502.0 96.89385294914246
503.0 97.09843397140503
504.0 96.90722823143005
505.0 96.9215989112854
506.0 96.88748717308044
507.0 96.87260389328003
508.0 96.88578844070435
509.0 96.8693733215332
510.0 96.82770371437073
511.0 96.83860540390015
512.0 96.76296710968018
513.0 96.83232307434082
514.0 96.85758352279663
515.0 96.92267775535583
516.0 97.0017671585083
517.0 97.0015823841095
518.0 97.03614115715027
519.0 97.04341292381287
520.0 97.04738259315491
521.0 97.1073567867279
522.0 97.08907008171082
523.0 97.03166484832764
524.0 97.097909450531
525.0 97.02720046043396
526.0 97.08123803138733
527.0 97.03169465065002
528.0 97.15391993522644
529.0 97.21953272819519
530.0 97.19382524490356
531.0 97.35085368156433
532.0 97.14933633804321
533.0 97.07056283950806
534.0 96.92184329032898
535.0 96.48346304893494
536.0 95.74617743492126
537.0 94.7638988494873
538.0 93.38464140892029
539.0 91.18653535842896
540.0 88.68473172187805
541.0 85.07152795791626
542.0 81.41713738441467
543.0 76.91439390182495
544.0 71.67221307754517
545.0 67.30543971061707
546.0 62.434518337249756
547.0 58.34965109825134
548.0 54.569363594055176
549.0 51.51073932647705
550.0 49.11534786224365
551.0 46.64545655250549
552.0 44.283661246299744
553.0 41.28582775592804
554.0 37.361857295036316
555.0 32.950252294540405
556.0 27.493533492088318
557.0 21.812666952610016
558.0 16.414855420589447
559.0 11.692333966493607
560.0 7.802578806877136
561.0 4.655740782618523
562.0 2.6478007435798645
563.0 1.3790330849587917
564.0 0.7014474365860224
565.0 0.3274962306022644
566.0 0.19395002163946629
567.0 0.0973571150097996
568.0 0.0734335626475513
569.0 0.060199794825166464
570.0 0.05031237378716469
571.0 0.03434433601796627
572.0 0.04523420939221978
573.0 0.023829727433621883
574.0 0.030791209428571165
575.0 0.028173651662655175
576.0 0.025132103473879397
577.0 0.01585072313901037
578.0 0.024677717010490596
579.0 0.026146232266910374
580.0 0.02712616405915469
581.0 0.020616255642380565
582.0 0.02169945655623451
583.0 0.010388119699200615
584.0 0.0290659605525434
585.0 0.01803876511985436
586.0 0.02003573317779228
587.0 0.004809079473488964
588.0 0.010302330338163301
589.0 2.688533423667039e-10
590.0 0.014639974688179791
591.0 0.00687581195961684
592.0 0.005266667722025886
593.0 0.002554354432504624
594.0 0.009602910722605884
595.0 0.007576913776574656
596.0 0.012309630983509123
597.0 0.006266143464017659
598.0 0.017151351494248956
599.0 2.688533423667039e-10
600.0 0.017465105338487774
601.0 0.002052560193988029
602.0 0.002059934922726825
603.0 0.0020673094695666805
604.0 0.002007564762607217
605.0 0.0019478198737488128
606.0 0.001867842729552649
607.0 0.0017878652215586044
608.0 0.0017739341274136677
609.0 0.0017600026694708504
610.0 0.001852858258644119
611.0 0.001945713665918447
612.0 0.001835546936490573
613.0 0.0017253805708605796
614.0 0.001726040500216186
615.0 0.0017267006114707328
616.0 0.0015983872799552046
617.0 0.0014700741303386167
618.0 0.00146319152918295
619.0 0.0014563090189767536
620.0 0.0013419951756077353
621.0 0.0012276811503397767
622.0 0.0013588869478553534
623.0 0.0014900925634719897
624.0 0.0015419280316564254
625.0 0.0015937637726892717
626.0 0.001418562351318542
627.0 0.0012433611118467525
628.0 0.0013121167285135016
629.0 0.0013808723451802507
630.0 0.001388708369631786
631.0 0.0013965446669317316
632.0 0.0013345052138902247
633.0 0.0012724659427476581
634.0 0.001324636923527578
635.0 0.0013768079952569678
636.0 0.001295481160923373
637.0 0.0012141541446908377
638.0 0.00115572056529345
639.0 0.0010972870768455323
640.0 0.0011686030120472424
641.0 0.0012399191291478928
642.0 0.001169981260318309
643.0 0.0011000433914887253
644.0 0.0010387954716861714
645.0 0.0009775477337825578
646.0 0.0010153043149330188
647.0 0.0010530608960834797
648.0 0.0011263805390626658
649.0 0.001199700272991322
650.0 0.0011646616258076392
651.0 0.0011296228876744863
652.0 0.0011216357052035164
653.0 0.0011136483408336062
654.0 0.0011539440492924768
655.0 0.0011942396668018773
656.0 0.0011181018635397777
657.0 0.001041963969328208
658.0 0.0010813318112923298
659.0 0.0011206994713575114
660.0 0.0010635677426762413
661.0 0.001006435832096031
662.0 0.001047896785166813
663.0 0.0010893578291870654
664.0 0.0011246474059589673
665.0 0.0011599371646298096
666.0 0.001215962583955843
667.0 0.0012719879123324063
668.0 0.0011868594810948707
669.0 0.0011017305951099843
670.0 0.0011495063517941162
671.0 0.0011972822903771885
672.0 0.0010593223123578355
673.0 0.0009213625162374228
674.0 0.0010174336239288095
675.0 0.001113504640670726
676.0 0.0010381195352238137
677.0 0.000962734247877961
678.0 0.0009817852514970582
679.0 0.0010008363460656255
680.0 0.0010095120160258375
681.0 0.0010181876859860495
682.0 0.00103536285678274
683.0 0.0010525383913773112
684.0 0.0008845569936966058
685.0 0.0007165756869653706
686.0 0.0007372917480097385
687.0 0.0007580078090541065
688.0 0.0008231924766732845
689.0 0.0008883770533429924
690.0 0.0009514138582744636
691.0 0.0010144505722564645
692.0 0.000987211569736246
693.0 0.0009599727491149679
694.0 0.000998218274617102
695.0 0.0010364638910687063
696.0 0.0010783222933241632
697.0 0.00112018069557962
698.0 0.0011572632502065971
699.0 0.0011943458048335742
700.0 0.0012158479876234196
701.0 0.0012373500794637948
702.0 0.0011872948562086094
703.0 0.0011372394510544837
704.0 0.001098138454835862
705.0 0.0010590372767182998
706.0 0.0010648933312040754
707.0 0.0010707492947403807
708.0 0.0010639269021339715
709.0 0.0010571046004770324
710.0 0.0011248697774135508
711.0 0.0011926346815016586
712.0 0.0012352442354313098
713.0 0.001277853789360961
714.0 0.0013307622793945484
715.0 0.0013836707694281358
716.0 0.001451395837648306
717.0 0.0015191210877674166
718.0 0.0015616207747370936
719.0 0.0016041209164541215
720.0 0.0014114659279584885
721.0 0.001218810666614445
722.0 0.0014283155906014144
723.0 0.0016378206055378541
724.0 0.0015696201444370672
725.0 0.00150141950143734
726.0 0.0015330077076214366
727.0 0.0015645960957044736
728.0 0.001616145709704142
729.0 0.0016676953237038106
730.0 0.0017711208784021437
731.0 0.0018745466149994172
732.0 0.0016734778910176829
733.0 0.0014724093489348888
734.0 0.0014358071894093882
735.0 0.0013992049389344174
736.0 0.001175442503154045
737.0 0.0009516798854747321
738.0 0.0010519807801756542
739.0 0.001152281492977636
740.0 0.0010910850505752023
741.0 0.0010298884262738284
742.0 0.000984120833891211
743.0 0.0009383531505591236
744.0 0.0009163438335235696
745.0 0.000894334698386956
746.0 0.0008373390301130712
747.0 0.0007803434527886566
748.0 0.000801098758529406
749.0 0.0008218539733206853
750.0 0.0009533576303510927
751.0 0.0010848612873815
752.0 0.001001596319838427
753.0 0.0009183311703964137
754.0 0.0008146280379150994
755.0 0.0007109246780601097
756.0 0.0007637184353370685
757.0 0.0008165121471392922
758.0 0.0008731068191991653
759.0 0.0009297018550569192
760.0 0.0008702386367076542
761.0 0.0008107754183583893
762.0 0.0007673888831050135
763.0 0.0007240022114274325
764.0 0.0006104123713157605
765.0 0.000496822758577764
766.0 0.0006041441338311415
767.0 0.0007114655545592541
768.0 0.0006459372343670111
769.0 0.0005804089141747681
770.0 0.0005687785233021714
771.0 0.0005571482233790448
772.0 0.000549812057215604
773.0 0.0005424757546279579
774.0 0.0006152355581434676
775.0 0.0006879954071337124
776.0 0.0006431543624785263
777.0 0.0005983130449749297
778.0 0.0006082166237320052
779.0 0.0006181202479638159
780.0 0.0007033480869722553
781.0 0.0007885759259806946
782.0 0.0005711718586098868
783.0 0.00035376781397644663
784.0 0.0002979286591653363
785.0 0.00024208954982896103
786.0 0.000362002015208418
787.0 0.00048191450332524255
788.0 0.0004748092123918468
789.0 0.0004677039214584511
790.0 0.0003924159500456881
791.0 0.00031712811505713034
792.0 0.0003849154381896369
793.0 0.0004527027613221435
794.0 0.000378811409973423
795.0 0.00030492003588733496
796.0 0.0003775619688894949
797.0 0.00045020397010375746
798.0 0.0003757903641599114
799.0 0.0003013767809534329
800.0 0.00031411598229169613
801.0 0.000326855251842062
802.0 0.00041904668250936083
803.0 0.0005112381586513948
804.0 0.0004452740540727973
805.0 0.00037930994949419983
806.0 0.00041776497710088734
807.0 0.00045622000470757484
808.0 0.0004572330453811446
809.0 0.0004582460860547144
810.0 0.00034691797736741137
811.0 0.0002355898004680057
812.0 0.00026309605800634017
813.0 0.0002906023382820422
814.0 0.00034076674637617543
815.0 0.0003909311544703087
816.0 0.0004975598130840808
817.0 0.0006041886081220582
818.0 0.0004911181349598337
819.0 0.0003780477300097118
820.0 0.00038447556107712444
821.0 0.0003909034603566397
822.0 0.00044673133743344806
823.0 0.0005025591690355213
824.0 0.0005457345650938805
825.0 0.0005889099611522397
826.0 0.0005701045211026212
827.0 0.0005512990810530027
828.0 0.0005068182417744538
829.0 0.00046233735702116974
830.0 0.00032132263640960446
831.0 0.0001803078703233041
832.0 0.0002793646217469359
833.0 0.00037842135043320013
834.0 0.0003939398538932437
835.0 0.00040945833461591974
836.0 0.00041989815144916065
837.0 0.0004303379228076665
838.0 0.0004423009158927016
839.0 0.0004542639089777367
840.0 0.00031151769235293614
841.0 0.00016877150983418687
842.0 0.00034260110624018125
843.0 0.000516430736752227
844.0 0.0006417459189833608
845.0 0.0007670611012144946
846.0 0.0005433922524389345
847.0 0.0003197233581886394
848.0 0.00033700443964335136
849.0 0.00035428552109806333
850.0 0.00022569258817384252
851.0 9.709963251225417e-05
852.0 5.788823500552098e-05
853.0 1.8676823287933075e-05
854.0 0.00010885030405916041
855.0 0.00019902377061953302
856.0 0.00032423670290882
857.0 0.0004494496806728421
858.0 0.0004738352345157182
859.0 0.0004982208338333294
860.0 0.0004892712240689434
861.0 0.00048032156882982235
862.0 0.00040718282434681896
863.0 0.0003340441026011831
864.0 0.000323449262396025
865.0 0.00031285439945349935
866.0 0.00036647227261710213
867.0 0.0004200901003059698
868.0 0.0003897270289598964
869.0 0.0003593638666643528
870.0 0.0004146610535826767
871.0 0.00046995828597573563
872.0 0.00040326212911168113
873.0 0.0003365660177223617
874.0 0.0005001411864213878
875.0 0.0006637163551204139
876.0 0.0004809663096239092
877.0 0.0002982163096021395
878.0 0.00042825649870792404
879.0 0.0005582967332884436
880.0 0.0005331521606422029
881.0 0.0005080074970464921
882.0 0.00047000949052744545
883.0 0.0004320115294831339
884.0 0.0004895474830846069
885.0 0.0005470833912113449
886.0 0.00049803647925728
887.0 0.00044898956730321515
888.0 0.00048282854550052434
889.0 0.0005166674782230984
890.0 0.0006158788437460316
891.0 0.0007150903456931701
892.0 0.0006347177532006754
893.0 0.0005543451607081806
894.0 0.00046864734031260014
895.0 0.00038294951991701964
896.0 0.0004656870714825345
897.0 0.0005484246685227845
898.0 0.000505834441355546
899.0 0.0004632442141883075
900.0 0.0003495566488709301
901.0 0.00023586908355355263
902.0 0.0004298514795664232
903.0 0.0006238338301045587
904.0 0.0005127200893184636
905.0 0.0004016063940071035
