lsstCam/transmission_filter_detector/r33_s21/u_24/19700101T000000.ecsv
# %ECSV 1.0
# ---
# datatype:
# - {name: wavelength, unit: nm, datatype: float32}
# - {name: efficiency, unit: '%', datatype: float64}
# meta: !!omap
# - {MODE: DETECTOR}
# - {TYPE: transmission_filter_detector}
# - {CALIBDATE: '1970-01-01T00:00:00'}
# - {INSTRUME: LSSTCam}
# - {OBSTYPE: transmission_filter_detector}
# - {CALIBCLS: lsst.ip.isr.IntermediateFilterDetectorTransmissionCurve}
# - {SOURCE: Materion (DM-46256)}
# - {DETECTOR: 151}
# - {FILTER: u_24}
# - {CALIB_ID: 'calibDate=1970-01-01T00:00:00 filter=u_24 detector=151'}
# - {DATE: '2025-04-02T15:59:40.450043'}
# - {CALIB_CREATION_DATE: '2025-04-02'}
# - {CALIB_CREATION_TIME: '15:59:40'}
# - __serialized_columns__:
#     efficiency:
#       __class__: astropy.units.quantity.Quantity
#       unit: !astropy.units.Unit {unit: '%'}
#       value: !astropy.table.SerializedColumn {name: efficiency}
#     wavelength:
#       __class__: astropy.units.quantity.Quantity
#       unit: !astropy.units.Unit {unit: nm}
#       value: !astropy.table.SerializedColumn {name: wavelength}
# schema: astropy-2.0
wavelength efficiency
[from data line 582]
877.0 0.0025754576199688017
878.0 0.0028700067559839226
879.0 0.002985708852065727
880.0 0.003101411130046472
881.0 0.0030662238714285195
882.0 0.0030310362490126863
883.0 0.002876894359360449
884.0 0.002722752105910331
885.0 0.0027246664103586227
886.0 0.0027265808967058547
887.0 0.002415769631625153
888.0 0.002104958184645511
889.0 0.002431904613331426
890.0 0.0027588510420173407
891.0 0.0028409052902134135
892.0 0.0029229591746116057
893.0 0.003067585566896014
894.0 0.0032122115953825414
895.0 0.0033405507565476
896.0 0.0034688899177126586
897.0 0.0035298937291372567
898.0 0.0035908968129660934
899.0 0.0034883556509157643
900.0 0.003385814852663316
901.0 0.0038275724364211783
902.0 0.0042693303839769214
903.0 0.004441570126800798
904.0 0.004613809869624674
905.0 0.004854623330174945
906.0 0.0050954364269273356
907.0 0.005286113446345553
908.0 0.005476790829561651
909.0 0.005610457083093934
910.0 0.005744123336626217
911.0 0.005704391878680326
912.0 0.005664660420734435
913.0 0.005551795402425341
914.0 0.005438930384116247
915.0 0.004982460450264625
916.0 0.0045259901526151225
917.0 0.004487117985263467
918.0 0.004448245817911811
919.0 0.0045911932829767466
920.0 0.004734140748041682
921.0 0.0047475121391471475
922.0 0.004760883530252613
923.0 0.004974503463017754
924.0 0.005188124123378657
925.0 0.005629784936900251
926.0 0.006071446114219725
927.0 0.006417479016818106
928.0 0.006763511919416487
929.0 0.0069324807554949075
930.0 0.007101450319169089
931.0 0.007010732224443927
932.0 0.006920014129718766
933.0 0.007282627484528348
934.0 0.007645240111742169
935.0 0.007474923768313602
936.0 0.007304606697289273
937.0 0.006904143083374947
938.0 0.00650367874186486
939.0 0.006527778168674558
940.0 0.006551876867888495
941.0 0.005940449773333967
942.0 0.005329022678779438
943.0 0.004757571150548756
944.0 0.004186119986115955
945.0 0.0036420024116523564
946.0 0.0030978844733908772
947.0 0.002492821113264654
948.0 0.0018877572074416094
949.0 0.0017054400814231485
950.0 0.0015231227735057473
951.0 0.0014851508240099065
952.0 0.001447179056413006
953.0 0.001572313703945838
954.0 0.0016974483514786698
955.0 0.0019189403246855363
956.0 0.002140432297892403
957.0 0.002226127980975434
958.0 0.0023118236640584655
959.0 0.0026994806830771267
960.0 0.0030871375201968476
961.0 0.0035634584492072463
962.0 0.004039779014419764
963.0 0.004084797183168121
964.0 0.004129814988118596
965.0 0.004481991709326394
966.0 0.004834168430534191
967.0 0.004657801036955789
968.0 0.004481433643377386
969.0 0.004715474642580375
970.0 0.004949515641783364
971.0 0.004891986100119539
972.0 0.004834456558455713
973.0 0.004677883771364577
974.0 0.00452131062047556
975.0 0.004528862700681202
976.0 0.004536414417088963
977.0 0.00399488999391906
978.0 0.0034533652069512755
979.0 0.003343804564792663
980.0 0.0032342439226340503
981.0 0.0030493547455989756
982.0 0.002864465568563901
983.0 0.0027996895369142294
984.0 0.002734913505264558
985.0 0.0028426726203178987
986.0 0.00295043191727018
987.0 0.003337021917104721
988.0 0.003723611735040322
989.0 0.00438862552982755
990.0 0.005053639688412659
991.0 0.005477971353684552
992.0 0.005902303382754326
993.0 0.006475257396232337
994.0 0.007048211409710348
995.0 0.0072118469688575715
996.0 0.007375482528004795
997.0 0.007247938629006967
998.0 0.007120394730009139
999.0 0.006840126297902316
1000.0 0.006559857865795493
1001.0 0.006095285425544716
1002.0 0.00563071334909182
1003.0 0.005322969445842318
1004.0 0.005015225542592816
1005.0 0.005126989708514884
1006.0 0.005238753874436952
1007.0 0.004906572212348692
1008.0 0.004574390550260432
1009.0 0.004434272705111653
1010.0 0.004294155587558635
1011.0 0.0038435176975326613
1012.0 0.0033928790799109265
1013.0 0.0030841765692457557
1014.0 0.002775474240479525
1015.0 0.002317067628609948
1016.0 0.0018586613805382513
1017.0 0.0017234033293789253
1018.0 0.00158814564201748
1019.0 0.0015567489754175767
1020.0 0.0015253521269187331
1021.0 0.0013175503227103036
1022.0 0.0011097486094513442
1023.0 0.0012276347661099862
1024.0 0.001345520831819158
1025.0 0.001456038899050327
1026.0 0.001566556966281496
1027.0 0.0014784050108573865
1028.0 0.0013902531463827472
1029.0 0.0018966047719004564
1030.0 0.002402956670266576
1031.0 0.0022056869056541473
1032.0 0.0020084171410417184
1033.0 0.0019612851247075014
1034.0 0.0019141531083732843
1035.0 0.001975969280465506
1036.0 0.0020377852706587873
1037.0 0.002040539402514696
1038.0 0.002043293534370605
1039.0 0.0018833559806807898
1040.0 0.0017234182450920343
1041.0 0.0018348016965319403
1042.0 0.0019461849660729058
1043.0 0.0019468800019240007
1044.0 0.0019475748558761552
1045.0 0.0016656193110975437
1046.0 0.001383663129672641
1047.0 0.0018902801457443275
1048.0 0.002396897070866544
1049.0 0.00207698940357659
1050.0 0.001757081554387696
1051.0 0.0016039470210671425
1052.0 0.0014508123967971187
1053.0 0.0013561163541453425
1054.0 0.001261420129594626
1055.0 0.0013163561561668757
1056.0 0.0013712920008401852
1057.0 0.0007108843419700861
1058.0 5.04769218423462e-05
1059.0 0.001025485289574135
1060.0 0.0020004936231998727
1061.0 0.0017093771020881832
1062.0 0.0014182603990775533
1063.0 0.00116379505925579
1064.0 0.0009093296284845565
1065.0 0.0012606174095708411
1066.0 0.0016119050997076556
1067.0 0.0013156614841136616
1068.0 0.0010194177775701974
1069.0 0.0017043479601852596
1070.0 0.002389278233749792
1071.0 0.0025240347895305604
1072.0 0.0026587911634123884
1073.0 0.00271329718088964
1074.0 0.0027678031983668916
1075.0 0.0029888424251112156
1076.0 0.00320988183375448
1077.0 0.003352638304932043
1078.0 0.003495394776109606
1079.0 0.003990528057329357
1080.0 0.004485661338549107
1081.0 0.004848324897466227
1082.0 0.005210987364989705
1083.0 0.004163627090747468
1084.0 0.003116265361313708
1085.0 0.0044293130486039445
1086.0 0.0057423603720963
1087.0 0.0047877074393909425
1088.0 0.003833055598079227
1089.0 0.0040357583202421665
1090.0 0.004238462133798748
1091.0 0.004462164361029863
1092.0 0.00468586731585674
1093.0 0.004400631951284595
1094.0 0.00411539658671245
1095.0 0.004557861393550411
1096.0 0.005000325836590491
1097.0 0.004787433863384649
1098.0 0.004574541162583046
1099.0 0.005101837086840533
1100.0 0.005629132647300139
