lsstCam/transmission_filter_detector/r33_s21/u_24/19700101T000000.ecsv
# %ECSV 1.0
# ---
# datatype:
# - {name: wavelength, unit: nm, datatype: float32}
# - {name: efficiency, unit: '%', datatype: float64}
# meta: !!omap
# - {MODE: DETECTOR}
# - {TYPE: transmission_filter_detector}
# - {CALIBDATE: '1970-01-01T00:00:00'}
# - {INSTRUME: LSSTCam}
# - {OBSTYPE: transmission_filter_detector}
# - {CALIBCLS: lsst.ip.isr.IntermediateFilterDetectorTransmissionCurve}
# - {SOURCE: Materion (DM-46256)}
# - {DETECTOR: 151}
# - {FILTER: u_24}
# - {CALIB_ID: 'calibDate=1970-01-01T00:00:00 filter=u_24 detector=151'}
# - {DATE: '2025-04-02T15:59:40.450043'}
# - {CALIB_CREATION_DATE: '2025-04-02'}
# - {CALIB_CREATION_TIME: '15:59:40'}
# - __serialized_columns__:
#     efficiency:
#       __class__: astropy.units.quantity.Quantity
#       unit: !astropy.units.Unit {unit: '%'}
#       value: !astropy.table.SerializedColumn {name: efficiency}
#     wavelength:
#       __class__: astropy.units.quantity.Quantity
#       unit: !astropy.units.Unit {unit: nm}
#       value: !astropy.table.SerializedColumn {name: wavelength}
# schema: astropy-2.0
wavelength efficiency
295.0 1.6163444280931083e-10
296.0 1.6163444280931083e-10
297.0 1.6163444280931083e-10
298.0 1.6163444280931083e-10
299.0 1.6163444280931083e-10
300.0 1.6163444280931083e-10
301.0 0.20913160406053066
302.0 1.6163444280931083e-10
303.0 1.6163444280931083e-10
304.0 0.41203820146620274
305.0 0.540686072781682
306.0 2.038627117872238
307.0 3.1666509807109833
308.0 5.386187881231308
309.0 8.60733687877655
310.0 12.017619609832764
311.0 15.879300236701965
312.0 19.479452073574066
313.0 22.738507390022278
314.0 25.532391667366028
315.0 28.199240565299988
316.0 30.29029369354248
317.0 32.88203775882721
318.0 35.68028211593628
319.0 39.41294848918915
320.0 44.75370645523071
321.0 50.1274049282074
322.0 56.22142553329468
323.0 61.703550815582275
324.0 66.32472276687622
325.0 69.39714550971985
326.0 71.90589308738708
327.0 73.77962470054626
328.0 75.48583745956421
329.0 76.86994075775146
330.0 78.18787097930908
331.0 79.00393009185791
332.0 79.32509183883667
333.0 79.3705701828003
334.0 79.32405471801758
335.0 79.48564291000366
336.0 79.70298528671265
337.0 80.20049333572388
338.0 80.97994923591614
339.0 81.6876769065857
340.0 82.10758566856384
341.0 82.5202465057373
342.0 82.85294771194458
343.0 82.87585973739624
344.0 83.048415184021
345.0 83.3952009677887
346.0 83.6840569972992
347.0 84.00992751121521
348.0 84.28930640220642
349.0 84.55711007118225
350.0 84.59925651550293
351.0 84.79122519493103
352.0 84.5992922782898
353.0 84.6990168094635
354.0 84.50950980186462
355.0 84.74497199058533
356.0 84.91387367248535
357.0 84.86730456352234
358.0 84.51400399208069
359.0 84.31389927864075
360.0 84.1729998588562
361.0 83.88919830322266
362.0 83.70068669319153
363.0 83.82850289344788
364.0 83.92983078956604
365.0 84.21856164932251
366.0 84.44221019744873
367.0 84.58077907562256
368.0 84.59199666976929
369.0 84.61480736732483
370.0 84.39573049545288
371.0 84.23346877098083
372.0 84.26507711410522
373.0 84.39810276031494
374.0 84.43933725357056
375.0 84.72141027450562
376.0 84.79531407356262
377.0 84.85623002052307
378.0 85.01738905906677
379.0 84.71465110778809
380.0 84.06693935394287
381.0 82.74831175804138
382.0 80.91796636581421
383.0 78.9530873298645
384.0 76.87847018241882
385.0 74.49750304222107
386.0 72.05588221549988
387.0 68.77689361572266
388.0 65.46157598495483
389.0 61.43713593482971
390.0 57.30963349342346
391.0 53.03509831428528
392.0 48.53646755218506
393.0 44.74325180053711
394.0 41.4613276720047
395.0 38.0416065454483
396.0 34.401217103004456
397.0 29.562583565711975
398.0 23.936209082603455
399.0 17.16202050447464
400.0 10.932992398738861
401.0 6.0785923153162
402.0 2.6277976110577583
403.0 0.8340095169842243
404.0 0.26556882075965405
405.0 0.12777684023603797
406.0 0.057488057063892484
407.0 0.03671140584629029
408.0 0.023788551334291697
409.0 1.6163444280931083e-10
410.0 1.6163444280931083e-10
411.0 1.6163444280931083e-10
412.0 1.6163444280931083e-10
413.0 0.0003374203288331046
414.0 1.6163444280931083e-10
415.0 1.6163444280931083e-10
416.0 1.6163444280931083e-10
417.0 1.6163444280931083e-10
418.0 1.6163444280931083e-10
419.0 1.6163444280931083e-10
420.0 1.6163444280931083e-10
421.0 1.6163444280931083e-10
422.0 1.6163444280931083e-10
423.0 1.6163444280931083e-10
424.0 1.6163444280931083e-10
425.0 1.6163444280931083e-10
426.0 0.0011540690138645004
427.0 1.6163444280931083e-10
428.0 1.6163444280931083e-10
429.0 1.6163444280931083e-10
430.0 1.6163444280931083e-10
431.0 1.6163444280931083e-10
432.0 1.6163444280931083e-10
433.0 1.6163444280931083e-10
434.0 1.6163444280931083e-10
435.0 1.6163444280931083e-10
436.0 1.6163444280931083e-10
437.0 1.6163444280931083e-10
438.0 1.6163444280931083e-10
439.0 1.6163444280931083e-10
440.0 1.6163444280931083e-10
441.0 1.6163444280931083e-10
442.0 1.6163444280931083e-10
443.0 1.6163444280931083e-10
444.0 1.6163444280931083e-10
445.0 1.6163444280931083e-10
446.0 1.6163444280931083e-10
447.0 1.6163444280931083e-10
448.0 1.6163444280931083e-10
449.0 1.6163444280931083e-10
450.0 1.6163444280931083e-10
451.0 1.6163444280931083e-10
452.0 1.6163444280931083e-10
453.0 1.6163444280931083e-10
454.0 1.6163444280931083e-10
455.0 1.6163444280931083e-10
456.0 1.6163444280931083e-10
457.0 0.00020915920231345808
458.0 0.000438878441855195
459.0 1.6163444280931083e-10
460.0 1.6163444280931083e-10
461.0 1.6163444280931083e-10
462.0 8.431033506894892e-05
463.0 0.0001082934772966837
464.0 0.00013227664794612792
465.0 1.6163444280931083e-10
466.0 1.6163444280931083e-10
467.0 1.6163444280931083e-10
468.0 1.6163444280931083e-10
469.0 1.6163444280931083e-10
470.0 1.6163444280931083e-10
471.0 1.6163444280931083e-10
472.0 1.6163444280931083e-10
473.0 1.6163444280931083e-10
474.0 0.00023532322757091606
475.0 1.6163444280931083e-10
476.0 1.6163444280931083e-10
477.0 1.6163444280931083e-10
478.0 1.6163444280931083e-10
479.0 1.6163444280931083e-10
480.0 3.647887751867529e-05
481.0 8.951715244620573e-05
482.0 0.00014255555242925766
483.0 0.00024186149403249146
484.0 0.00034116728784283623
485.0 0.00011760525921999943
486.0 1.6163444280931083e-10
487.0 1.6163444280931083e-10
488.0 1.6163444280931083e-10
489.0 1.6163444280931083e-10
490.0 1.6163444280931083e-10
491.0 1.6163444280931083e-10
492.0 1.6163444280931083e-10
493.0 1.6163444280931083e-10
494.0 1.6163444280931083e-10
495.0 1.6163444280931083e-10
496.0 1.6163444280931083e-10
497.0 1.6163444280931083e-10
498.0 1.6163444280931083e-10
499.0 1.6163444280931083e-10
500.0 1.6163444280931083e-10
501.0 1.6163444280931083e-10
502.0 1.6163444280931083e-10
503.0 1.6163444280931083e-10
504.0 0.0004818542947759852
505.0 0.0001682125116531097
506.0 1.6163444280931083e-10
507.0 1.6163444280931083e-10
508.0 1.6163444280931083e-10
509.0 1.6163444280931083e-10
510.0 1.6163444280931083e-10
511.0 1.6163444280931083e-10
512.0 1.6163444280931083e-10
513.0 1.6163444280931083e-10
514.0 6.0149761793582e-05
515.0 0.0002168823357351357
516.0 0.0003736148755706381
517.0 1.6163444280931083e-10
518.0 1.6163444280931083e-10
519.0 1.6163444280931083e-10
520.0 1.6163444280931083e-10
521.0 1.6163444280931083e-10
522.0 1.6163444280931083e-10
523.0 1.6163444280931083e-10
524.0 1.6163444280931083e-10
525.0 1.6163444280931083e-10
526.0 1.6163444280931083e-10
527.0 1.6163444280931083e-10
528.0 1.6163444280931083e-10
529.0 1.6163444280931083e-10
530.0 0.00021064115571789443
531.0 2.8280143737902108e-05
532.0 1.6163444280931083e-10
533.0 1.6163444280931083e-10
534.0 1.6163444280931083e-10
535.0 7.666508849979436e-06
536.0 0.00016263452380371746
537.0 6.443369215958228e-05
538.0 1.6163444280931083e-10
539.0 1.6163444280931083e-10
540.0 1.6163444280931083e-10
541.0 1.6163444280931083e-10
542.0 1.6163444280931083e-10
543.0 1.6163444280931083e-10
544.0 1.6163444280931083e-10
545.0 0.00010305368505214574
546.0 0.0002475520204825443
547.0 1.6163444280931083e-10
548.0 1.6163444280931083e-10
549.0 1.6163444280931083e-10
550.0 1.6163444280931083e-10
551.0 1.6163444280931083e-10
552.0 0.0001270390384888742
553.0 1.6163444280931083e-10
554.0 1.6163444280931083e-10
555.0 1.6163444280931083e-10
556.0 0.00019935687305405736
557.0 8.537537610209256e-05
558.0 1.6163444280931083e-10
559.0 1.6163444280931083e-10
560.0 2.303382586887892e-05
561.0 1.6163444280931083e-10
562.0 1.6163444280931083e-10
563.0 0.00013626126929011662
564.0 0.0003148246150885825
565.0 4.277312370959407e-06
566.0 1.6163444280931083e-10
567.0 1.6163444280931083e-10
568.0 1.6163444280931083e-10
569.0 4.0122495192917995e-05
570.0 0.00011632271252892679
571.0 0.00017357668866679887
572.0 0.00023083061932993587
573.0 0.00018546700175647857
574.0 0.00014010335007696995
575.0 6.200619964147336e-05
576.0 1.6163444280931083e-10
577.0 0.00019502749637467787
578.0 0.00040614590943732765
579.0 0.000644032979835174
580.0 0.0008819200957077555
581.0 0.001112164682126604
582.0 0.0013424092685454525
583.0 0.0012200431228848174
584.0 0.0010976767043757718
585.0 0.0009586527085048147
586.0 0.0008196288945327979
587.0 0.0006871072855574312
588.0 0.0005545856765820645
589.0 0.0005940797564107925
590.0 0.0006335739726637257
591.0 0.0007177277439041063
592.0 0.000801881560619222
593.0 0.0006679058969893958
594.0 0.0005339303243090399
595.0 0.0007267974524438614
596.0 0.0009196646715281531
597.0 0.0011587180779315531
598.0 0.0013977710295876022
599.0 0.0017660684534348547
600.0 0.0021343656044336967
601.0 0.0024506387489964254
602.0 0.0027669117116602138
603.0 0.0025188655854435638
604.0 0.002270819641125854
605.0 0.0019061424609390087
606.0 0.0015414652807521634
607.0 0.001161205454991432
608.0 0.0007809456292307004
609.0 0.0008893805897969287
610.0 0.000997815550363157
611.0 0.0006964187377889175
612.0 0.00039502183426520787
613.0 0.0006366041361616226
614.0 0.0008781864380580373
615.0 0.0007180613920354517
616.0 0.000557936300538131
617.0 0.0005892835361009929
618.0 0.0006206305897649145
619.0 0.0006485610811068909
620.0 0.0006764913450751919
621.0 0.0005326667178451316
622.0 0.00038884209061507136
623.0 0.000458639351563761
624.0 0.0005284366579871858
625.0 0.0006214716904651141
626.0 0.0007145067684177775
627.0 0.0007756450941087678
628.0 0.0008367834197997581
629.0 0.0010785933227452915
630.0 0.001320403316640295
631.0 0.0015476218322874047
632.0 0.0017748405298334546
633.0 0.002294203113706317
634.0 0.0028135660613770597
635.0 0.0028139706046204083
636.0 0.0028143755116616376
637.0 0.0024482762455591
638.0 0.002082177161355503
639.0 0.001949766738107428
640.0 0.001817356314859353
641.0 0.0017369162378599867
642.0 0.0016564761608606204
643.0 0.001180610433948459
644.0 0.0007047447979857679
645.0 0.00030454530133283697
646.0 1.6163444280931083e-10
647.0 1.6163444280931083e-10
648.0 1.953935964138509e-05
649.0 0.00012275138487893855
650.0 0.0002259633902212954
651.0 0.0006277731699810829
652.0 0.0010295831089024432
653.0 0.0009491600394540001
654.0 0.0008687372428539675
655.0 0.001405828425049549
656.0 0.0019429196981946006
657.0 0.0023812528525013477
658.0 0.0028195860068080947
659.0 0.003102416667388752
660.0 0.0033852473279694095
661.0 0.003207307236152701
662.0 0.0030293671443359926
663.0 0.002401675737928599
664.0 0.001773984513420146
665.0 0.0015464342141058296
666.0 0.0013188840057409834
667.0 0.0013415111425274517
668.0 0.00136413827931392
669.0 0.0011258176527917385
670.0 0.000887497026269557
671.0 0.0006963159194128821
672.0 0.0005051348125562072
673.0 0.0005551516096602427
674.0 0.0006051686341379536
675.0 0.0008916933438740671
676.0 0.001178217826236505
677.0 0.001446598344045924
678.0 0.001714978861855343
679.0 0.00232932397921104
680.0 0.0029436694603646174
681.0 0.00412425615650136
682.0 0.005304842125042342
683.0 0.007008145621512085
684.0 0.008711448026588187
685.0 0.009338805102743208
686.0 0.009966162906493992
687.0 0.008928070747060701
688.0 0.007889981498010457
689.0 0.006560202018590644
690.0 0.005230422902968712
691.0 0.004509562495513819
692.0 0.003788702088058926
693.0 0.0031159561331151053
694.0 0.0024432096324744634
695.0 0.0019000317479367368
696.0 0.001356854318146361
697.0 0.0011730357073247433
698.0 0.0009892171874525957
699.0 0.0007981467206263915
700.0 0.0006070762992749223
701.0 0.000762453146307962
702.0 0.0009178300388157368
703.0 0.0006987824235693552
704.0 0.0004797346264240332
705.0 0.000670746430841973
706.0 0.0008617583262093831
707.0 0.0009379687071486842
708.0 0.0010141790880879853
709.0 0.0009738099834066816
710.0 0.0009334410606243182
711.0 0.00081131956903846
712.0 0.0006891979410283966
713.0 0.0005342796612239908
714.0 0.00037936147236905526
715.0 0.00040662212086317595
716.0 0.0004338829057815019
717.0 0.0005355411303753499
718.0 0.0006371992640197277
719.0 0.000592340484217857
720.0 0.0005474818408401916
721.0 0.0003186061576343491
722.0 8.973053127192543e-05
723.0 0.00015468301626242464
724.0 0.0002196356035710778
725.0 0.0001314070914304466
726.0 4.3178539499422186e-05
727.0 0.00015609726915499778
728.0 0.0002690159362828126
729.0 0.00020245474843250122
730.0 0.00013589354921350605
731.0 0.00021768896658613812
732.0 0.00029948444080218906
733.0 0.00045774959289701656
734.0 0.0006160147677292116
735.0 0.0005314775989972986
736.0 0.0004469403393159155
737.0 0.0003846099843940465
738.0 0.000322279652209545
739.0 0.0003530170261001331
740.0 0.00038375455915229395
741.0 0.0008802039701549802
742.0 0.0013766533811576664
743.0 0.0020537800082820468
744.0 0.002730906635406427
745.0 0.003349746111780405
746.0 0.003968585224356502
747.0 0.004017457831650972
748.0 0.0040663304389454424
749.0 0.003967548400396481
750.0 0.00386876636184752
751.0 0.003501715764286928
752.0 0.0031346655305242166
753.0 0.0030401768526644446
754.0 0.0029456881748046726
755.0 0.002723533907555975
756.0 0.002501379822206218
757.0 0.0022527845430886373
758.0 0.002004188900173176
759.0 0.0016521689758519642
760.0 0.0013001492334296927
761.0 0.0010618088708724827
762.0 0.0008234688721131533
763.0 0.0006565783678524895
764.0 0.0004896880454907659
765.0 0.0003598031298679416
766.0 0.00022991819150774973
767.0 0.0003863185611407971
768.0 0.0005427189989859471
769.0 0.0006779413070034934
770.0 0.0008131636604957748
771.0 0.0008308077667606995
772.0 0.0008484517820761539
773.0 0.0007901687240519095
774.0 0.0007318856660276651
775.0 0.0006486988240794744
776.0 0.0005655119821312837
777.0 0.0006715989457006799
778.0 0.0007776859092700761
779.0 0.0009029774446389638
780.0 0.0010282688890583813
781.0 0.0010671939890016802
782.0 0.0011061189979955088
783.0 0.001020143463392742
784.0 0.0009341681106889155
785.0 0.001231483111041598
786.0 0.0015287980204448104
787.0 0.0012097614671802148
788.0 0.0008907247320166789
789.0 0.0009382855751027819
790.0 0.0009858461453404743
791.0 0.0007998124601726886
792.0 0.0006137786385806976
793.0 0.0006275035048020072
794.0 0.000641228416498052
795.0 0.0005712549864256289
796.0 0.0005012815108784707
797.0 0.00047015732889121864
798.0 0.0004390330559544964
799.0 0.00034183792649855604
800.0 0.00024464291072945343
801.0 6.160375960462261e-05
802.0 1.6163444280931083e-10
803.0 1.6163444280931083e-10
804.0 1.6163444280931083e-10
805.0 6.5827407524921e-05
806.0 0.0001680574428064574
807.0 0.0002483886873960728
808.0 0.0003287199206170044
809.0 0.0002787930043268716
810.0 0.00022886601982463617
811.0 0.0001979782837224775
812.0 0.0001670905589890026
813.0 5.597893846243096e-05
814.0 1.6163444280931083e-10
815.0 2.504743292774947e-05
816.0 0.0001052275138135883
817.0 0.0003216161530872341
818.0 0.0005380048150982475
819.0 0.00042981805563613307
820.0 0.0003216313189113862
821.0 0.00022725591861672
822.0 0.0001328801999989082
823.0 9.429736564925406e-05
824.0 5.571454835262557e-05
825.0 4.974810394742235e-05
826.0 4.378159417228744e-05
827.0 5.2943062200938584e-05
828.0 6.210450465005124e-05
829.0 1.6163444280931083e-10
830.0 1.6163444280931083e-10
831.0 1.6163444280931083e-10
832.0 1.6163444280931083e-10
833.0 1.2531782545011083e-05
834.0 0.00017164632026833715
835.0 0.0001721084686323593
836.0 0.00017257057152164634
837.0 5.039057100475475e-05
838.0 1.6163444280931083e-10
839.0 1.6163444280931083e-10
840.0 1.6163444280931083e-10
841.0 1.6163444280931083e-10
842.0 1.6163444280931083e-10
843.0 1.6163444280931083e-10
844.0 1.6163444280931083e-10
845.0 1.6163444280931083e-10
846.0 9.895322818920249e-05
847.0 0.00016453857369924663
848.0 0.0002301239874213934
849.0 0.00017336549262836343
850.0 0.00011660703194138478
851.0 0.0002493143256288022
852.0 0.0003820215624728007
853.0 0.00022443614398071077
854.0 6.685087328150985e-05
855.0 0.00034675447295740014
856.0 0.0006266583113756496
857.0 0.00063329912336485
858.0 0.0006399400717782555
859.0 0.0006517600468214368
860.0 0.0006635797944909427
861.0 0.0008858752153173555
862.0 0.0011081703632953577
863.0 0.0013163663425075356
864.0 0.0015245624126691837
865.0 0.0012118342056055553
866.0 0.000899105998541927
867.0 0.0013387191756919492
868.0 0.001778332079993561
869.0 0.0016765628970460966
870.0 0.0015747937140986323
871.0 0.0015704019460827112
872.0 0.0015660103599657305
873.0 0.002139279604307376
874.0 0.0027125490305479616
875.0 0.0024967288482002914
