lsstCam/transmission_filter_detector/r03_s11/z_20/19700101T000000.ecsv
# %ECSV 1.0
# ---
# datatype:
# - {name: wavelength, unit: nm, datatype: float32}
# - {name: efficiency, unit: '%', datatype: float64}
# meta: !!omap
# - {MODE: DETECTOR}
# - {TYPE: transmission_filter_detector}
# - {CALIBDATE: '1970-01-01T00:00:00'}
# - {INSTRUME: LSSTCam}
# - {OBSTYPE: transmission_filter_detector}
# - {CALIBCLS: lsst.ip.isr.IntermediateFilterDetectorTransmissionCurve}
# - {SOURCE: Materion (DM-46256)}
# - {DETECTOR: 22}
# - {FILTER: z_20}
# - {CALIB_ID: 'calibDate=1970-01-01T00:00:00 filter=z_20 detector=22'}
# - {DATE: '2025-04-02T15:59:48.736280'}
# - {CALIB_CREATION_DATE: '2025-04-02'}
# - {CALIB_CREATION_TIME: '15:59:48'}
# - __serialized_columns__:
#     efficiency:
#       __class__: astropy.units.quantity.Quantity
#       unit: !astropy.units.Unit {unit: '%'}
#       value: !astropy.table.SerializedColumn {name: efficiency}
#     wavelength:
#       __class__: astropy.units.quantity.Quantity
#       unit: !astropy.units.Unit {unit: nm}
#       value: !astropy.table.SerializedColumn {name: wavelength}
# schema: astropy-2.0
wavelength efficiency
[from data line 596]
896.0 98.76884818077087
897.0 98.80586862564087
898.0 98.87048602104187
899.0 98.37795495986938
900.0 98.66721034049988
901.0 99.3526041507721
902.0 99.26841259002686
903.0 98.46991300582886
904.0 97.5140929222107
905.0 98.65925312042236
906.0 98.03220629692078
907.0 98.86500835418701
908.0 98.21555614471436
909.0 98.12785387039185
910.0 97.69518971443176
911.0 97.0808207988739
912.0 95.64921855926514
913.0 94.42917108535767
914.0 92.21816062927246
915.0 89.98247981071472
916.0 87.69922256469727
917.0 86.02113127708435
918.0 82.94886350631714
919.0 81.73637390136719
920.0 78.3561646938324
921.0 74.47741031646729
922.0 69.59529519081116
923.0 63.66472840309143
924.0 58.03697109222412
925.0 52.542686462402344
926.0 46.23088538646698
927.0 38.969409465789795
928.0 33.19162130355835
929.0 26.81596875190735
930.0 21.28712385892868
931.0 16.120901703834534
932.0 11.019221693277359
933.0 7.1166470646858215
934.0 4.317743703722954
935.0 2.755005843937397
936.0 1.5045666135847569
937.0 0.9752684272825718
938.0 0.4762728698551655
939.0 0.4320552106946707
940.0 0.2829908858984709
941.0 1.672436603268601e-10
942.0 0.28318301774561405
943.0 0.1026422600261867
944.0 0.001610664912732318
945.0 0.09849520865827799
946.0 1.672436603268601e-10
947.0 1.672436603268601e-10
948.0 1.672436603268601e-10
949.0 0.049902661703526974
950.0 0.028623692924156785
951.0 0.01922287337947637
952.0 1.672436603268601e-10
953.0 0.0029705021006520838
954.0 1.672436603268601e-10
955.0 1.672436603268601e-10
956.0 0.0265337381279096
957.0 1.672436603268601e-10
958.0 0.10331255616620183
959.0 0.030833599157631397
960.0 1.672436603268601e-10
961.0 1.672436603268601e-10
962.0 0.022847799118608236
963.0 0.033825470018200576
964.0 0.048896996304392815
965.0 1.672436603268601e-10
966.0 0.023580726701766253
967.0 0.011219434236409143
968.0 0.005412505925050937
969.0 0.019162600801791996
970.0 1.672436603268601e-10
971.0 0.0764973636250943
972.0 0.015357372467406094
973.0 1.672436603268601e-10
974.0 1.672436603268601e-10
975.0 1.672436603268601e-10
976.0 0.006352158379741013
977.0 0.00630330978310667
978.0 0.006254462641663849
979.0 0.006069012306397781
980.0 0.005883560152142309
981.0 0.0057147524785250425
982.0 0.005545945532503538
983.0 0.00543672576895915
984.0 0.005327506005414762
985.0 0.005057161251897924
986.0 0.004786815770785324
987.0 0.004800933675142005
988.0 0.004815051579498686
989.0 0.004707716288976371
990.0 0.004600381362251937
991.0 0.004709744825959206
992.0 0.004819108653464355
993.0 0.004791878382093273
994.0 0.004764647746924311
995.0 0.004718625496025197
996.0 0.004672603608923964
997.0 0.004510136568569578
998.0 0.0043476691644173115
999.0 0.004313644240028225
1000.0 0.004279619315639138
1001.0 0.004440957127371803
1002.0 0.004602295302902348
1003.0 0.0044834945583716035
1004.0 0.004364693813840859
1005.0 0.004235263986629434
1006.0 0.004105834159418009
1007.0 0.004138180156587623
1008.0 0.004170525789959356
1009.0 0.004257503678672947
1010.0 0.004344481567386538
1011.0 0.004457260365597904
1012.0 0.004570039891405031
1013.0 0.004364234700915404
1014.0 0.0041584291466278955
1015.0 0.004325790359871462
1016.0 0.004493150845519267
1017.0 0.004738671123050153
1018.0 0.00498419176437892
1019.0 0.004844336217502132
1020.0 0.004704480670625344
1021.0 0.0046857039706083015
1022.0 0.004666927270591259
1023.0 0.004575690400088206
1024.0 0.004484453529585153
1025.0 0.0046167304390110075
1026.0 0.004749007348436862
1027.0 0.004701111174654216
1028.0 0.004653215000871569
1029.0 0.0046486860810546204
1030.0 0.004644157525035553
1031.0 0.004747830826090649
1032.0 0.004851504127145745
1033.0 0.004937881385558285
1034.0 0.0050242590077687055
1035.0 0.005186246562516317
1036.0 0.005348234117263928
1037.0 0.005378723290050402
1038.0 0.0054092124628368765
1039.0 0.005387454802985303
1040.0 0.005365696415537968
1041.0 0.005623537435894832
1042.0 0.0058813788200495765
1043.0 0.005412092650658451
1044.0 0.004942806481267326
1045.0 0.005730502016376704
1046.0 0.00651819646009244
1047.0 0.006208251579664648
1048.0 0.005898305607843213
1049.0 0.0059162252000533044
1050.0 0.005934144428465515
1051.0 0.006134914292488247
1052.0 0.00633568488410674
1053.0 0.006481838499894366
1054.0 0.0066279913880862296
1055.0 0.007382511830655858
1056.0 0.008137032273225486
1057.0 0.007840016041882336
1058.0 0.007543000538134947
1059.0 0.007675564120290801
1060.0 0.007808126974850893
1061.0 0.008263478957815096
1062.0 0.00871883166837506
1063.0 0.00881719242897816
1064.0 0.008915553917177022
1065.0 0.009095801215153188
1066.0 0.009276049968320876
1067.0 0.009174204024020582
1068.0 0.009072360262507573
1069.0 0.00991209308267571
1070.0 0.01075182663043961
1071.0 0.010484996892046183
1072.0 0.010218167153652757
1073.0 0.010488964471733198
1074.0 0.0107597625174094
1075.0 0.011335746239637956
1076.0 0.011911734327441081
1077.0 0.01190715265693143
1078.0 0.011902570258826017
1079.0 0.012985161447431892
1080.0 0.014067751180846244
1081.0 0.014110113261267543
1082.0 0.014152478252071887
1083.0 0.013881093764211982
1084.0 0.013609709276352078
1085.0 0.014178131823427975
1086.0 0.014746554370503873
1087.0 0.014858647773507982
1088.0 0.014970742631703615
1089.0 0.016596286150161177
1090.0 0.018221828213427216
1091.0 0.017656675481703132
1092.0 0.01709151838440448
1093.0 0.01708544441498816
1094.0 0.017079368990380317
1095.0 0.018275182810612023
1096.0 0.01947100245160982
1097.0 0.019897008314728737
1098.0 0.0203230170882307
1099.0 0.022109599376562983
1100.0 0.023896177299320698
1101.0 0.02376056945649907
1102.0 0.023624958703294396
1103.0 0.025235771317966282
1104.0 0.026846581022255123
1105.0 0.026584300212562084
1106.0 0.026322019402869046
1107.0 0.028047806699760258
1108.0 0.02977359399665147
1109.0 0.031008425867184997
1110.0 0.03224325773771852
1111.0 0.031811787630431354
1112.0 0.03138032043352723
1113.0 0.033046191674657166
1114.0 0.03471207164693624
1115.0 0.03324293065816164
1116.0 0.031773795490153134
1117.0 0.03331098414491862
1118.0 0.03484817279968411
1119.0 0.03824853920377791
1120.0 0.041648902697488666
1121.0 0.04290821379981935
1122.0 0.044167530722916126
1123.0 0.04448958206921816
1124.0 0.04481163341552019
1125.0 0.04440282937139273
1126.0 0.04399402532726526
1127.0 0.048797045019455254
1128.0 0.053600064711645246
1129.0 0.0567629758734256
1130.0 0.05992588703520596
1131.0 0.05921877454966307
1132.0 0.05851165624335408
1133.0 0.06288052536547184
1134.0 0.0672493944875896
1135.0 0.06474785041064024
1136.0 0.06224630051292479
1137.0 0.06698567303828895
1138.0 0.0717250513844192
1139.0 0.07637437083758414
1140.0 0.08102364954538643
1141.0 0.09288507280871272
1142.0 0.10474646696820855
1143.0 0.12193161528557539
1144.0 0.13911674031987786
1145.0 0.2728729275986552
1146.0 0.4066291730850935
1147.0 0.8472653105854988
1148.0 1.2879015877842903
1149.0 1.4739886857569218
1150.0 1.6600769013166428
