lsstCam/transmission_filter_detector/r03_s11/z_20/19700101T000000.ecsv
# %ECSV 1.0
# ---
# datatype:
# - {name: wavelength, unit: nm, datatype: float32}
# - {name: efficiency, unit: '%', datatype: float64}
# meta: !!omap
# - {MODE: DETECTOR}
# - {TYPE: transmission_filter_detector}
# - {CALIBDATE: '1970-01-01T00:00:00'}
# - {INSTRUME: LSSTCam}
# - {OBSTYPE: transmission_filter_detector}
# - {CALIBCLS: lsst.ip.isr.IntermediateFilterDetectorTransmissionCurve}
# - {SOURCE: Materion (DM-46256)}
# - {DETECTOR: 22}
# - {FILTER: z_20}
# - {CALIB_ID: 'calibDate=1970-01-01T00:00:00 filter=z_20 detector=22'}
# - {DATE: '2025-04-02T15:59:48.736280'}
# - {CALIB_CREATION_DATE: '2025-04-02'}
# - {CALIB_CREATION_TIME: '15:59:48'}
# - __serialized_columns__:
#     efficiency:
#       __class__: astropy.units.quantity.Quantity
#       unit: !astropy.units.Unit {unit: '%'}
#       value: !astropy.table.SerializedColumn {name: efficiency}
#     wavelength:
#       __class__: astropy.units.quantity.Quantity
#       unit: !astropy.units.Unit {unit: nm}
#       value: !astropy.table.SerializedColumn {name: wavelength}
# schema: astropy-2.0
wavelength efficiency
300.0 0.8673652075231075
301.0 0.5843642633408308
302.0 0.30136341229081154
303.0 0.2939324826002121
304.0 0.28650155290961266
305.0 0.24351079482585192
306.0 0.20051999017596245
307.0 0.1847046078182757
308.0 0.16888922546058893
309.0 0.14795585302636027
310.0 0.12702245730906725
311.0 0.12706142151728272
312.0 0.12710043229162693
313.0 0.11141706490889192
314.0 0.09573373245075345
315.0 0.09539067978039384
316.0 0.09504762128926814
317.0 0.07978979265317321
318.0 0.06453196983784437
319.0 0.06436521653085947
320.0 0.06419845740310848
321.0 0.06348798633553088
322.0 0.06277752108871937
323.0 0.054251187248155475
324.0 0.045724850497208536
325.0 0.04270371573511511
326.0 0.03968257806263864
327.0 0.03879741416312754
328.0 0.03791225026361644
329.0 0.03380545531399548
330.0 0.029698663274757564
331.0 0.026878845528699458
332.0 0.024059029237832874
333.0 0.02330957358935848
334.0 0.022560115030501038
335.0 0.021231180289760232
336.0 0.019902245549019426
337.0 0.024030778149608523
338.0 0.02815930638462305
339.0 0.024016811221372336
340.0 0.01987432042369619
341.0 0.016859396419022232
342.0 0.013844472414348274
343.0 0.01363004557788372
344.0 0.013415621651802212
345.0 0.012648246774915606
346.0 0.011880874080816284
347.0 0.0111601417302154
348.0 0.010439411562401801
349.0 0.013073626905679703
350.0 0.015707842248957604
351.0 0.013129976287018508
352.0 0.01055210450431332
353.0 0.011004629050148651
354.0 0.011457155051175505
355.0 0.009953531116480008
356.0 0.00844990645418875
357.0 0.009391478670295328
358.0 0.010333053796784952
359.0 0.010039980406872928
360.0 0.009746905561769381
361.0 0.008813030581222847
362.0 0.007879157055867836
363.0 0.0092493042757269
364.0 0.01061945004039444
365.0 0.010269221820635721
366.0 0.009918995783664286
367.0 0.00869866635184735
368.0 0.007478336920030415
369.0 0.007901291974121705
370.0 0.008324248483404517
371.0 0.008206687198253348
372.0 0.008089126640697941
373.0 0.0070872221840545535
374.0 0.006085319182602689
375.0 0.006414291419787332
376.0 0.006743263656971976
377.0 0.007023282523732632
378.0 0.007303299935301766
379.0 0.006198243499966338
380.0 0.005093187064630911
381.0 0.0032046045816969126
382.0 0.0013160221897123847
383.0 0.0035536333598429337
384.0 0.005791244984720834
385.0 0.005564545790548436
386.0 0.00533784696017392
387.0 0.005978185072308406
388.0 0.006618523912038654
389.0 0.00583164110139478
390.0 0.005044759382144548
391.0 0.0046421850129263476
392.0 0.004239610643708147
393.0 0.004703688318841159
394.0 0.005167766721569933
395.0 0.004249808989698067
396.0 0.003331850894028321
397.0 0.003541010300978087
398.0 0.003750169707927853
399.0 0.00399681375711225
400.0 0.004243457442498766
401.0 0.004698675547842868
402.0 0.00515389401698485
403.0 0.004917858314001933
404.0 0.004681823338614777
405.0 0.0037874735426157713
406.0 0.0028931241104146466
407.0 0.0015487399650737643
408.0 0.00020435625174286542
409.0 0.0018655684471013956
410.0 0.003526781074469909
411.0 0.004142456600675359
412.0 0.004758131763082929
413.0 0.004696303949458525
414.0 0.00463447613583412
415.0 0.0037475998396985233
416.0 0.0028607242711586878
417.0 0.0038822916394565254
418.0 0.004903859371552244
419.0 0.004364843698567711
420.0 0.0038258287531789392
421.0 0.003711719182319939
422.0 0.0035976103390567005
423.0 0.003447527706157416
424.0 0.003297446164651774
425.0 0.002541008325351868
426.0 0.0017845704860519618
427.0 0.0018736889614956453
428.0 0.0019628078007372096
429.0 0.0011962167263845913
430.0 0.0004296260158298537
431.0 0.0006161115834402153
432.0 0.0008025970601011068
433.0 0.0007141126843634993
434.0 0.0006256286269490374
435.0 0.001188841815746855
436.0 0.0017520551409688778
437.0 0.0019412051187828183
438.0 0.0021303549146978185
439.0 0.0021359741367632523
440.0 0.0021415935407276265
441.0 0.0015913807146716863
442.0 0.0010411682524136268
443.0 0.002151287844753824
444.0 0.0032614072551950812
445.0 0.003262885002186522
446.0 0.003264362385380082
447.0 0.002515599408070557
448.0 0.0017668366126599722
449.0 0.002538064472901169
450.0 0.0033092928788391873
451.0 0.0025039025786099955
452.0 0.001698511914582923
453.0 0.0016087062249425799
454.0 0.0015189006262517069
455.0 0.0022917267415323295
456.0 0.003064553311560303
457.0 0.0022204523702384904
458.0 0.0013763517017650884
459.0 0.0015411927961395122
460.0 0.0017060337995644659
461.0 0.0008045876711548772
462.0 1.672436603268601e-10
463.0 0.000936139804252889
464.0 0.0019691384295583703
465.0 0.002189109545724932
466.0 0.002409080661891494
467.0 0.0021279265638440847
468.0 0.0018467719200998545
469.0 0.001663744478719309
470.0 0.0014807171282882337
471.0 0.0013768222743237857
472.0 0.0012729277841572184
473.0 0.0012341390174697153
474.0 0.0011953503417316824
475.0 0.0010793002729769796
476.0 0.0009632502042222768
477.0 0.0012904994036944117
478.0 0.0016177484212676063
479.0 0.0019306793547002599
480.0 0.0022436102881329134
481.0 0.0018123078916687518
482.0 0.0013810056771035306
483.0 0.0009071905878954567
484.0 0.0004333754986873828
485.0 0.0012800011063518468
486.0 0.002126626714016311
487.0 0.0014704871318826918
488.0 0.0008143473678501323
489.0 0.001595842513779644
490.0 0.002377337841608096
491.0 0.002238732122350484
492.0 0.0021001264030928724
493.0 0.0019732517102966085
494.0 0.0018463770175003447
495.0 0.0016496858734171838
496.0 0.0014529947293340228
497.0 0.001254186008736724
498.0 0.0010553775609878357
499.0 0.001246517331310315
500.0 0.0014376571016327944
501.0 0.0009494151527178474
502.0 0.00046117288547975477
503.0 0.001285049529542448
504.0 0.002108926128130406
505.0 0.002231268990726676
506.0 0.0023536118533229455
507.0 0.0022376771084964275
508.0 0.002121742181770969
509.0 0.0018814422219293192
510.0 0.0016411428077844903
511.0 0.001300604890275281
512.0 0.0009600670637155417
513.0 0.0013441463124763686
514.0 0.0017282260159845464
515.0 0.0013704197044717148
516.0 0.0010126140296051744
517.0 0.0009253337339032441
518.0 0.000838053529150784
519.0 0.0010093161108670756
520.0 0.0011805783287854865
521.0 0.0015982106560841203
522.0 0.0020158428014838137
523.0 0.0013681153177458327
524.0 0.0007203880613815272
525.0 0.0007395799912046641
526.0 0.0007587721029267414
527.0 0.0010803266377479304
528.0 0.0014018813999427948
529.0 0.0012167211025371216
530.0 0.0010315603503840975
531.0 0.0011432100109232124
532.0 0.0012548596714623272
533.0 0.0009147992386715487
534.0 0.0005747388968302403
535.0 0.001110571884055389
536.0 0.0016464047803310677
537.0 0.001664926458033733
538.0 0.001683447953837458
539.0 0.0012322324437263887
540.0 0.0007810165698174387
541.0 0.0008159397111739963
542.0 0.0008508627615810838
543.0 0.0012776781659340486
544.0 0.0017044934793375432
545.0 0.0010780305274238344
546.0 0.0004515679847827414
547.0 0.001159164821729064
548.0 0.0018667611584533006
549.0 0.001701407200016547
550.0 0.001536053059680853
551.0 0.0015729274309705943
552.0 0.0016098016203613952
553.0 0.0013458528883347753
554.0 0.0010819037015608046
555.0 0.001026311201712815
556.0 0.0009707188837637659
557.0 0.0013564055734605063
558.0 0.0017420923541067168
559.0 0.001792453258531168
560.0 0.0018428137991577387
561.0 0.0016113213860080577
562.0 0.0013798289728583768
563.0 0.0011513336175994482
564.0 0.0009228381713910494
565.0 0.0017637095879763365
566.0 0.002604581277410034
567.0 0.0029536471629398875
568.0 0.0033027128665708005
569.0 0.0029996253942954354
570.0 0.0026965379220200703
571.0 0.0026027162675745785
572.0 0.0025088940674322657
573.0 0.0020376011889311485
574.0 0.0015663083104300313
575.0 0.00199775804503588
576.0 0.002429207233944908
577.0 0.002001884968194645
578.0 0.001574563248141203
579.0 0.0017019665392581373
580.0 0.0018293696484761313
581.0 0.0016233905625995249
582.0 0.001417411294823978
583.0 0.0018760196326184087
584.0 0.002334627788513899
585.0 0.0025240937247872353
586.0 0.0027135596610605717
587.0 0.002116708128596656
588.0 0.0015198563232843298
589.0 0.0021643163563567214
590.0 0.0028087762984796427
591.0 0.002004910129471682
592.0 0.0012010438695142511
593.0 0.0009395255801791791
594.0 0.0006780070634704316
595.0 0.0010962165106320754
596.0 0.0015144257304200437
597.0 0.001369947312923614
598.0 0.0012254688954271842
599.0 0.0008619197615189478
600.0 0.0004983707640349166
601.0 0.0004581588200380793
602.0 0.0004179466486675665
603.0 0.000963260026765056
604.0 0.0015085729501151945
605.0 0.0009512907126918435
606.0 0.00039400811147061177
607.0 0.0008060845175350551
608.0 0.0012181609235994983
609.0 0.0012102093023713678
610.0 0.001202257499244297
611.0 0.0010144651241716929
612.0 0.0008266725672001485
613.0 0.0007676401764911134
614.0 0.0007086078767315485
615.0 0.00121484781629988
616.0 0.001721088119666092
617.0 0.002197074172727298
618.0 0.0026730604076874442
619.0 0.002204407974204514
620.0 0.0017357551769237034
621.0 0.0015117093425942585
622.0 0.0012876633263658732
623.0 0.0015822455679881386
624.0 0.0018768274458125234
625.0 0.001657496250118129
626.0 0.001438165236322675
627.0 0.0018800910766003653
628.0 0.0023220172806759365
629.0 0.002108245280396659
630.0 0.0018944732801173814
631.0 0.0016965786926448345
632.0 0.0014986840142228175
633.0 0.0018401487977826037
634.0 0.0021816140360897407
635.0 0.005174062243895605
636.0 0.008166509360307828
637.0 0.015471925144083798
638.0 0.022777343110647053
639.0 0.019800610607489944
640.0 0.016823878104332834
641.0 0.01458556653233245
642.0 0.012347256415523589
643.0 0.009879269782686606
644.0 0.007411285332636908
645.0 0.006672786548733711
646.0 0.005934287764830515
647.0 0.005462004992295988
648.0 0.0049897214921657
649.0 0.004134034315939061
650.0 0.0032783478673081845
651.0 0.0036322711821412668
652.0 0.003986194496974349
653.0 0.0032279876904794946
654.0 0.0024697805201867595
655.0 0.0027478339688968845
656.0 0.0030258875995059498
657.0 0.002905068686231971
658.0 0.002784249409160111
659.0 0.0027095704353996553
660.0 0.00263489182543708
661.0 0.0027653330107568763
662.0 0.0028957741960766725
663.0 0.0019589300791267306
664.0 0.0010220859621767886
665.0 0.0014963678040658124
666.0 0.001970650009752717
667.0 0.002317196413059719
668.0 0.0026637429982656613
669.0 0.0019756786059588194
670.0 0.0012876143955509178
671.0 0.0009639834388508461
672.0 0.0006403524821507744
673.0 0.0012802140190615319
674.0 0.00192007591977017
675.0 0.002043247332039755
676.0 0.0021664185624103993
677.0 0.0019601264284574427
678.0 0.0017538339307066053
679.0 0.0014149564776744228
680.0 0.0010760786608443595
681.0 0.001173503915197216
682.0 0.0012709288057521917
683.0 0.0023921547835925594
684.0 0.0035133809433318675
685.0 0.002839793887687847
686.0 0.0021662073777406476
687.0 0.0016360232621082105
688.0 0.0011058392374252435
689.0 0.0014516876035486348
690.0 0.001797535878722556
691.0 0.002129547647200525
692.0 0.002461559051880613
693.0 0.0028108092010370456
694.0 0.003160059713991359
695.0 0.0032860996725503355
696.0 0.0034121392673114315
697.0 0.003700202069012448
698.0 0.003988265234511346
699.0 0.005878270167158917
700.0 0.0077682750998064876
701.0 0.007206948066595942
702.0 0.006645620305789635
703.0 0.006196073809405789
704.0 0.005746526221628301
705.0 0.005135058017913252
706.0 0.004523590177996084
707.0 0.004272365549695678
708.0 0.004021140557597391
709.0 0.004195601286482997
710.0 0.004370062015368603
711.0 0.0038781072362326086
712.0 0.0033861528208944947
713.0 0.0024118593501043506
714.0 0.0014375656974152662
715.0 0.0021840409317519516
716.0 0.002930516166088637
717.0 0.0025125300453510135
718.0 0.0020945435608155094
719.0 0.0016417841834481806
720.0 0.0011890245332324412
721.0 0.0011290989277767949
722.0 0.0010691727766243275
723.0 0.0009311614121543244
724.0 0.0007931501386337914
725.0 0.0012149467693234328
726.0 0.0016367435819120146
727.0 0.0017437110727769323
728.0 0.0018506781998439692
729.0 0.0018169646864407696
730.0 0.00178325117303757
731.0 0.0013504011803888716
732.0 0.0009175513696391135
733.0 0.0009248701644537505
734.0 0.000932188777369447
735.0 0.0010313655366189778
736.0 0.0011305421139695682
737.0 0.001303524913964793
738.0 0.0014765074411116075
739.0 0.0011410282240831293
740.0 0.000805548916105181
741.0 0.0010304158422513865
742.0 0.0012552826774481218
743.0 0.0016054715160862543
744.0 0.0019556602637749165
745.0 0.0013377150025917217
746.0 0.0007197698323579971
747.0 0.0011889484085259028
748.0 0.001658127257542219
749.0 0.002260700784972869
750.0 0.002863274494302459
751.0 0.0029061726309009828
752.0 0.002949070949398447
753.0 0.0029062643079669215
754.0 0.0028634578484343365
755.0 0.0018899483620771207
756.0 0.0009164386938209645
757.0 0.0018938198991236277
758.0 0.0028712009225273505
759.0 0.0026857129341806285
760.0 0.0025002244001370855
761.0 0.004405951403896324
762.0 0.0063116785895545036
763.0 0.005784600580227561
764.0 0.005257521843304858
765.0 0.005340969801181927
766.0 0.0054244184866547585
767.0 0.004621502012014389
768.0 0.003818584809778258
769.0 0.0033884170989040285
770.0 0.0029582497518276796
771.0 0.003869955980917439
772.0 0.004781662210007198
773.0 0.003968328746850602
774.0 0.0031549952836940065
775.0 1.672436603268601e-10
776.0 1.672436603268601e-10
777.0 1.672436603268601e-10
778.0 0.09171342244371772
779.0 1.672436603268601e-10
780.0 1.672436603268601e-10
781.0 0.11067901505157351
782.0 1.672436603268601e-10
783.0 1.672436603268601e-10
784.0 1.672436603268601e-10
785.0 1.672436603268601e-10
786.0 0.08833770407363772
787.0 1.672436603268601e-10
788.0 0.0910551636479795
789.0 0.08273331332020462
790.0 0.06945225759409368
791.0 0.11866219574585557
792.0 0.01621288392925635
793.0 1.672436603268601e-10
794.0 0.11613948736339808
795.0 0.09305888670496643
796.0 0.11107792379334569
797.0 1.672436603268601e-10
798.0 0.16849501989781857
799.0 0.4011433105915785
800.0 0.4167349077761173
801.0 0.6271641701459885
802.0 1.0899955406785011
803.0 1.6602160409092903
804.0 2.842904068529606
805.0 4.342252388596535
806.0 5.938474461436272
807.0 8.453544229269028
808.0 11.25163584947586
809.0 14.453555643558502
810.0 17.758433520793915
811.0 20.980051159858704
812.0 24.099290370941162
813.0 27.90042757987976
814.0 32.26218819618225
815.0 37.45732307434082
816.0 43.38494837284088
817.0 49.50330853462219
818.0 56.39994144439697
819.0 63.19149136543274
820.0 71.08968496322632
821.0 77.83224582672119
822.0 83.24363827705383
823.0 87.43833899497986
824.0 91.46207571029663
825.0 95.00259160995483
826.0 96.56651020050049
827.0 97.67277836799622
828.0 99.25763607025146
829.0 99.14646744728088
830.0 98.45159649848938
831.0 99.5340883731842
832.0 98.49249124526978
833.0 99.70744252204895
834.0 98.09763431549072
835.0 99.24600124359131
836.0 98.99647235870361
837.0 98.92563819885254
838.0 97.64251708984375
839.0 98.13235402107239
840.0 98.66732954978943
841.0 98.94923567771912
842.0 99.1925299167633
843.0 99.13724660873413
844.0 97.90486693382263
845.0 98.57587218284607
846.0 98.82219433784485
847.0 98.7063467502594
848.0 99.91884231567383
849.0 99.10411834716797
850.0 98.37548732757568
851.0 98.60954880714417
852.0 99.38293099403381
853.0 98.30754399299622
854.0 99.7354507446289
855.0 98.47765564918518
856.0 98.47002625465393
857.0 97.68556952476501
858.0 98.43515753746033
859.0 99.30374026298523
860.0 98.74593615531921
861.0 99.03228282928467
862.0 98.61750602722168
863.0 98.23327660560608
864.0 99.20274615287781
865.0 99.46339726448059
866.0 98.49857091903687
867.0 99.24449324607849
868.0 99.66246485710144
869.0 98.80757927894592
870.0 98.50000739097595
871.0 99.01213049888611
872.0 99.08546209335327
873.0 99.00533556938171
874.0 99.78118538856506
875.0 98.96770715713501
876.0 99.31352734565735
877.0 99.61405992507935
878.0 98.95537495613098
879.0 98.71546030044556
880.0 98.79584908485413
881.0 100.04638433456421
882.0 98.40179085731506
883.0 98.74711632728577
884.0 99.15803670883179
885.0 99.10847544670105
886.0 98.82605075836182
887.0 98.45764636993408
888.0 99.08503293991089
889.0 99.81333017349243
890.0 98.27232360839844
891.0 99.46637749671936
892.0 98.74219298362732
893.0 98.5355794429779
894.0 98.16980957984924
