comCam/transmission_filter/u_02/19700101T000000.ecsv
# %ECSV 1.0
# ---
# datatype:
# - {name: wavelength, unit: nm, datatype: float64}
# - {name: efficiency, unit: '%', datatype: float64}
# meta: !!omap
# - {MODE: DETECTOR}
# - {TYPE: transmission_filter}
# - {CALIBDATE: '1970-01-01T00:00:00'}
# - {INSTRUME: ComCam}
# - {OBSTYPE: transmission_filter}
# - {CALIBCLS: lsst.ip.isr.IntermediateFilterTransmissionCurve}
# - {SOURCE: 'https://github.com/lsst/throughputs'}
# - {FILTER: u_02}
# - {VERSION: 1.9}
# - {CALIB_ID: 'calibDate=1970-01-01T00:00:00 filter=u_02'}
# - {DATE: '2024-08-19T19:49:53.445529'}
# - {CALIB_CREATION_DATE: '2024-08-19'}
# - {CALIB_CREATION_TIME: '19:49:53'}
# - __serialized_columns__:
#     efficiency:
#       __class__: astropy.units.quantity.Quantity
#       unit: !astropy.units.Unit {unit: '%'}
#       value: !astropy.table.SerializedColumn {name: efficiency}
#     wavelength:
#       __class__: astropy.units.quantity.Quantity
#       unit: !astropy.units.Unit {unit: nm}
#       value: !astropy.table.SerializedColumn {name: wavelength}
# schema: astropy-2.0
wavelength efficiency
303.4000000000008 0.0955716553512537
304.0000000000009 0.267325214396539
305.00000000000114 0.9196303677948872
306.30000000000143 2.7342985674818916
306.80000000000155 3.442618954378465
306.90000000000157 3.5842830317577805
307.0000000000016 3.7259471091406073
308.0000000000018 7.349491215090172
308.3000000000019 8.27752337368556
308.60000000000196 9.205555532280945
308.900000000002 10.133587690876332
309.6000000000022 12.633723406479927
309.90000000000225 13.72911923784859
311.0000000000025 17.28396634841997
311.1000000000025 17.679147049900916
311.30000000000257 18.469508452862822
312.00000000000273 21.235773363225867
312.2000000000028 21.76103355523932
312.3000000000028 22.023663651246046
312.50000000000284 22.548923843259498
312.60000000000286 22.811553939266222
313.7000000000031 25.82156962748533
314.0000000000032 26.661353329279606
314.4000000000033 27.50943997728025
315.10000000000343 29.056357930803372
316.00000000000364 31.52944976448518
316.40000000000373 32.80573120958824
317.500000000004 36.344664339934276
318.0000000000041 37.96917530263114
318.5000000000042 40.286092671994204
318.70000000000425 41.212859619739426
318.8000000000043 41.67624309361204
318.9000000000043 42.13962656748465
319.0000000000043 42.603010041361436
320.00000000000455 48.20255649931269
320.2000000000046 49.2479369642608
320.50000000000466 50.816007661682974
320.80000000000473 52.38407835910513
322.100000000005 59.353709785346965
322.30000000000507 60.31546772066704
322.8000000000052 62.71986255896723
323.00000000000523 63.68162049428266
323.4000000000053 65.24969119170481
324.00000000000546 67.6017972378321
324.3000000000055 68.44929081824672
325.0000000000057 70.42677583921187
325.5000000000058 71.63515104571627
326.0000000000059 72.84352625221649
327.00000000000614 74.55156089993693
327.40000000000623 75.16044362157842
328.00000000000637 76.07376770403903
328.80000000000655 77.08909941129576
329.60000000000673 77.88084463862256
330.0000000000068 78.23945283896421
330.800000000007 78.75265399006204
331.40000000000714 79.01617368744566
331.80000000000723 79.15139309705694
332.0000000000073 79.21900280186081
334.10000000000775 79.40809251720373
334.4000000000078 79.51276894613527
335.00000000000796 79.72212180399929
336.0000000000082 80.18669141304517
337.20000000000846 80.94739943670723
338.00000000000864 81.52307037352952
338.8000000000088 81.87812016835683
341.0000000000093 82.75170872255472
342.1000000000096 83.05901657670627
343.0000000000098 83.1737751546014
344.00000000001 83.43867867635497
345.00000000001023 83.74905071303687
346.00000000001046 84.15629045543128
348.20000000001096 84.64359432193879
350.2000000000114 84.81854925981361
350.80000000001155 84.91344007357591
351.0000000000116 84.94507034482777
352.4000000000119 84.89663649197001
354.1000000000123 84.75706792006298
354.30000000001235 84.7784183531595
354.40000000001237 84.78909356970775
355.0000000000125 84.8531448689953
356.00000000001273 84.79878034027537
356.7000000000129 84.6541706938855
358.20000000001323 84.13454464393813
359.0000000000134 83.90127139344202
359.60000000001355 83.85560518931888
361.00000000001387 83.76486584866035
361.70000000001403 83.79600189692611
361.80000000001405 83.80044990382122
363.4000000000144 84.17131483427762
364.1000000000146 84.3140464333131
365.2000000000148 84.6066264424122
366.000000000015 84.75924250121106
366.70000000001517 84.7910704616605
366.9000000000152 84.80016416464605
369.5000000000158 84.65743256560962
371.10000000001617 84.54010402817974
371.2000000000162 84.55028502173965
371.40000000001623 84.5706470088595
372.1000000000164 84.65980483595992
373.0000000000166 84.91245162759965
373.60000000001673 84.99370188688363
373.9000000000168 85.03432701652562
375.2000000000171 85.37425358790891
375.50000000001717 85.40420350100266
375.80000000001723 85.43415341409637
377.0000000000175 85.33451805963932
377.5000000000176 85.19366450796089
378.00000000001774 85.0528109562765
378.50000000001785 84.74392158856065
379.00000000001796 84.43503222083763
379.80000000001814 83.62134349282582
380.6000000000183 82.54611195937372
381.0000000000184 81.96490572507405
382.00000000001864 80.2114025624206
383.2000000000189 77.80058282526784
384.0000000000191 76.04905655456213
385.0000000000193 73.34961059221709
386.00000000001955 70.51178219312237
386.40000000001965 69.05678971543364
386.90000000001976 67.2380491183227
388.10000000002003 63.03784562956556
389.00000000002024 59.5301473920846
390.00000000002046 55.7018961243536
390.5000000000206 53.5970004169907
390.90000000002067 51.91308385110038
392.20000000002096 46.211430923756616
392.60000000002105 44.55202781808823
392.9000000000211 43.307475488836936
394.1000000000214 38.55423647612496
395.5000000000217 32.62711902149597
396.10000000002185 29.989154398885255
396.800000000022 26.416811794527305
397.40000000002215 23.212467627283466
397.80000000002224 21.028792775578314
397.90000000002226 20.48287406265203
399.10000000002253 13.598911249213746
399.20000000002256 13.078860167497458
399.4000000000226 12.038758004064874
400.00000000002274 8.918451513796828
400.2000000000228 8.13957585308407
400.90000000002294 5.413511040589419
401.00000000002296 5.024073210261816
401.6000000000231 3.4392780069140434
402.0000000000232 2.3827478713731094
402.30000000002326 1.904005923914677
403.0000000000234 0.7869413798677007
403.3000000000235 0.5989686084804255
404.00000000002365 0.16036547525690567
405.1000000000239 0.09106088213359805
405.600000000024 0.032323962637716766
406.20000000002415 0.0
406.70000000002426 0.0
407.00000000002433 0.0
408.1000000000246 0.21105397338744078
408.40000000002465 0.1928497638347277
408.80000000002474 0.16857748443111026
409.30000000002485 0.10172730151093769
