lsstCam/transmission_sensor/r42_s01/19700101T000000.ecsv
# %ECSV 1.0
# ---
# datatype:
# - {name: amp_name, datatype: string}
# - {name: wavelength, unit: nm, datatype: float32}
# - {name: efficiency, unit: '%', datatype: float64}
# meta: !!omap
# - {MODE: AMP}
# - {TYPE: transmission_sensor}
# - {CALIBDATE: '1970-01-01T00:00:00'}
# - {INSTRUME: LSSTCAM}
# - {OBSTYPE: transmission_sensor}
# - {DETECTOR: 172}
# - {PARQUETFILE: qe_raft_allvalues_nircorrected_20230725.parquet}
# - {CALIBCLS: lsst.ip.isr.IntermediateSensorTransmissionCurve}
# - {CALIB_ID: 'raftName=R42 detectorName=S01 detector=172 calibDate=1970-01-01T00:00:00 ccd=172 ccdnum=172 filter=None'}
# - {DATE: '2023-08-02T16:57:56.108009'}
# - {CALIB_CREATION_DATE: '2023-08-02'}
# - {CALIB_CREATION_TIME: '16:57:56'}
# - __serialized_columns__:
#     efficiency:
#       __class__: astropy.units.quantity.Quantity
#       unit: !astropy.units.Unit {unit: '%'}
#       value: !astropy.table.SerializedColumn {name: efficiency}
#     wavelength:
#       __class__: astropy.units.quantity.Quantity
#       unit: !astropy.units.Unit {unit: nm}
#       value: !astropy.table.SerializedColumn {name: wavelength}
# schema: astropy-2.0
amp_name wavelength efficiency
C00 319.994 46.98213577270508
C00 324.969 47.81406021118164
C00 349.982 53.946144104003906
C00 374.975 67.63511657714844
C00 400.019 81.54642486572266
C00 424.965 85.2657699584961
C00 450.035 85.33631896972656
C00 475.003 86.18695831298828
C00 500.018 84.79920196533203
C00 525.002 84.6834716796875
C00 550.029 85.98829650878906
C00 575.023 87.8511962890625
C00 599.982 88.7079086303711
C00 619.997 90.05774688720703
C00 624.979 90.36457061767578
C00 650.012 91.40229797363281
C00 675.004 92.84535217285156
C00 700.03 94.66331481933594
C00 725.012 95.77947998046875
C00 750.022 97.21803283691406
C00 774.987 99.07939910888672
C00 799.976 99.09378814697266
C00 824.988 99.48117065429688
C00 850.022 98.9140625
C00 869.967 97.28569030761719
C00 875.002 96.364013671875
C00 899.999 91.15278625488281
C00 919.999 84.35555267333984
C00 925.012 81.75975036621094
C00 949.965 71.39353942871094
C00 975.002 56.301998138427734
C00 999.976 39.03839874267578
C00 1025.028 21.94384002685547
C00 1050.014 10.424973487854004
C00 1075.002 0.9261778277664129
C00 1099.99 0.09189451320889909
C01 319.994 46.98677444458008
C01 324.969 47.753047943115234
C01 349.982 53.648807525634766
C01 374.975 67.37947845458984
C01 400.019 81.55254364013672
C01 424.965 85.41726684570312
C01 450.035 85.52864837646484
C01 475.003 86.37356567382812
C01 500.018 84.95446014404297
C01 525.002 84.81123352050781
C01 550.029 86.08228302001953
C01 575.023 87.91439056396484
C01 599.982 88.74762725830078
C01 619.997 90.08113861083984
C01 624.979 90.38544464111328
C01 650.012 91.41669464111328
C01 675.004 92.86168670654297
C01 700.03 94.68370819091797
C01 725.012 95.80744171142578
C01 750.022 97.26116180419922
C01 774.987 99.13372039794922
C01 799.976 99.16046142578125
C01 824.988 99.55795288085938
C01 850.022 98.99779510498047
C01 869.967 97.40420532226562
C01 875.002 96.4969711303711
C01 899.999 91.40144348144531
C01 919.999 84.540283203125
C01 925.012 81.90737915039062
C01 949.965 71.39164733886719
C01 975.002 56.21318435668945
C01 999.976 39.05179214477539
C01 1025.028 21.979862213134766
C01 1050.014 10.490691184997559
C01 1075.002 0.9265885988320911
C01 1099.99 0.09193526953666806
C02 319.994 46.900779724121094
C02 324.969 47.5932731628418
C02 349.982 53.22651672363281
C02 374.975 66.91667938232422
C02 400.019 81.34281158447266
C02 424.965 85.42183685302734
C02 450.035 85.63053894042969
C02 475.003 86.5009994506836
C02 500.018 85.06057739257812
C02 525.002 84.88280487060547
C02 550.029 86.11720275878906
C02 575.023 87.9157485961914
C02 599.982 88.7155990600586
C02 619.997 90.03440856933594
C02 624.979 90.33711242675781
C02 650.012 91.35690307617188
C02 675.004 92.80101776123047
C02 700.03 94.6261215209961
C02 725.012 95.76192474365234
C02 750.022 97.22218322753906
C02 774.987 99.11448669433594
C02 799.976 99.15634155273438
C02 824.988 99.57086181640625
C02 850.022 99.0279769897461
C02 869.967 97.43196105957031
C02 875.002 96.52777862548828
C02 899.999 91.44447326660156
C02 919.999 84.61192321777344
C02 925.012 81.98391723632812
C02 949.965 71.48973846435547
C02 975.002 56.25153732299805
C02 999.976 39.032470703125
C02 1025.028 22.018478393554688
C02 1050.014 10.532299041748047
C02 1075.002 0.9262171541959779
C02 1099.99 0.09189841514111208
C03 319.994 46.970035552978516
C03 324.969 47.611976623535156
C03 349.982 53.045188903808594
C03 374.975 66.7259521484375
C03 400.019 81.36502075195312
C03 424.965 85.62701416015625
C03 450.035 85.90538787841797
C03 475.003 86.78202819824219
C03 500.018 85.30345916748047
C03 525.002 85.08238983154297
C03 550.029 86.28176879882812
C03 575.023 88.05374145507812
C03 599.982 88.83477783203125
C03 619.997 90.14723205566406
C03 624.979 90.4474868774414
C03 650.012 91.46733093261719
C03 675.004 92.91417694091797
C03 700.03 94.748779296875
C03 725.012 95.90016174316406
C03 750.022 97.3792724609375
C03 774.987 99.29380798339844
C03 799.976 99.35334014892578
C03 824.988 99.78113555908203
C03 850.022 99.24839782714844
C03 869.967 97.64366149902344
C03 875.002 96.72526550292969
C03 899.999 91.62337493896484
C03 919.999 84.8191146850586
C03 925.012 82.19949340820312
C03 949.965 71.72777557373047
C03 975.002 56.38882827758789
C03 999.976 39.08726119995117
C03 1025.028 22.073457717895508
C03 1050.014 10.572381973266602
C03 1075.002 0.9277135643251664
C03 1099.99 0.09204688757940642
C04 319.994 46.79547882080078
C04 324.969 47.38107681274414
C04 349.982 52.61211013793945
C04 374.975 66.24335479736328
C04 400.019 81.03947448730469
C04 424.965 85.45484924316406
C04 450.035 85.79168701171875
C04 475.003 86.65084838867188
C04 500.018 85.13552856445312
C04 525.002 84.87876892089844
C04 550.029 86.03904724121094
C04 575.023 87.78878784179688
C04 599.982 88.56095123291016
C04 619.997 89.8679428100586
C04 624.979 90.16959381103516
C04 650.012 91.18632507324219
C04 675.004 92.6398696899414
C04 700.03 94.48322296142578
C04 725.012 95.64815521240234
C04 750.022 97.1471176147461
C04 774.987 99.07749938964844
C04 799.976 99.15410614013672
C04 824.988 99.59027099609375
C04 850.022 99.06108856201172
C04 869.967 97.44166564941406
C04 875.002 96.51570892333984
C04 899.999 91.41202545166016
C04 919.999 84.62470245361328
C04 925.012 82.01293182373047
C04 949.965 71.54273223876953
C04 975.002 56.18112564086914
C04 999.976 38.84974670410156
C04 1025.028 21.99709701538086
C04 1050.014 10.543966293334961
C04 1075.002 0.9255016802549403
C04 1099.99 0.09182742647397472
C05 319.994 46.360347747802734
C05 324.969 46.889488220214844
C05 349.982 51.898868560791016
C05 374.975 65.45843505859375
C05 400.019 80.42108917236328
C05 424.965 85.00090026855469
C05 450.035 85.39144897460938
C05 475.003 86.23128509521484
C05 500.018 84.70655822753906
C05 525.002 84.42604064941406
C05 550.029 85.57267761230469
C05 575.023 87.3202896118164
C05 599.982 88.1070327758789
C05 619.997 89.42507934570312
C05 624.979 89.72823333740234
C05 650.012 90.75910186767578
C05 675.004 92.22679138183594
C05 700.03 94.08490753173828
C05 725.012 95.27885437011719
C05 750.022 96.81197357177734
C05 774.987 98.76993560791016
C05 799.976 98.86695861816406
C05 824.988 99.31336212158203
C05 850.022 98.7833480834961
C05 869.967 97.18408203125
C05 875.002 96.26739501953125
C05 899.999 91.20598602294922
C05 919.999 84.39677429199219
C05 925.012 81.77506256103516
C05 949.965 71.22575378417969
C05 975.002 55.90763473510742
C05 999.976 38.60130310058594
C05 1025.028 21.91667938232422
C05 1050.014 10.484139442443848
C05 1075.002 0.9223085099869563
C05 1099.99 0.09151060305349058
C06 319.994 46.28078842163086
C06 324.969 46.761043548583984
C06 349.982 51.57777786254883
C06 374.975 65.10192108154297
C06 400.019 80.24408721923828
C06 424.965 84.95744323730469
C06 450.035 85.3803939819336
C06 475.003 86.19709777832031
C06 500.018 84.64214324951172
C06 525.002 84.33699798583984
C06 550.029 85.46736145019531
C06 575.023 87.20852661132812
C06 599.982 88.0046615600586
C06 619.997 89.33030700683594
C06 624.979 89.63753509521484
C06 650.012 90.67694091796875
C06 675.004 92.15777587890625
C06 700.03 94.0334701538086
C06 725.012 95.2483139038086
C06 750.022 96.81177520751953
C06 774.987 98.79955291748047
C06 799.976 98.91791534423828
C06 824.988 99.3697280883789
C06 850.022 98.83106994628906
C06 869.967 97.31277465820312
C06 875.002 96.43647003173828
C06 899.999 91.45076751708984
C06 919.999 84.49661254882812
C06 925.012 81.81400299072266
C06 949.965 71.01704406738281
C06 975.002 55.795310974121094
C06 999.976 38.573020935058594
C06 1025.028 21.95957374572754
C06 1050.014 10.46495246887207
C06 1075.002 0.9223063639618349
C06 1099.99 0.09151039012684954
C07 319.994 46.3459587097168
C07 324.969 46.78611373901367
C07 349.982 51.46123504638672
C07 374.975 64.93910217285156
C07 400.019 80.19109344482422
C07 424.965 85.02778625488281
C07 450.035 85.50485229492188
C07 475.003 86.33312225341797
C07 500.018 84.7524185180664
C07 525.002 84.41553497314453
C07 550.029 85.51580047607422
C07 575.023 87.2453384399414
C07 599.982 88.0372314453125
C07 619.997 89.36194610595703
C07 624.979 89.67240905761719
C07 650.012 90.71766662597656
C07 675.004 92.19976043701172
C07 700.03 94.0860366821289
C07 725.012 95.3314208984375
C07 750.022 96.91981506347656
C07 774.987 98.94559478759766
C07 799.976 99.0740966796875
C07 824.988 99.52688598632812
C07 850.022 99.00422668457031
C07 869.967 97.52019500732422
C07 875.002 96.65243530273438
C07 899.999 91.64086151123047
C07 919.999 84.61033630371094
C07 925.012 81.9057388305664
C07 949.965 71.07606506347656
C07 975.002 55.86238098144531
C07 999.976 38.70549392700195
C07 1025.028 21.98857879638672
C07 1050.014 10.473206520080566
C07 1075.002 0.9233354002364531
C07 1099.99 0.09161249016066099
C10 319.994 47.18991470336914
C10 324.969 48.03970718383789
C10 349.982 54.3233528137207
C10 374.975 68.30948638916016
C10 400.019 82.29463958740234
C10 424.965 85.85426330566406
C10 450.035 85.72142028808594
C10 475.003 86.4673843383789
C10 500.018 85.04094696044922
C10 525.002 84.9257583618164
C10 550.029 86.24624633789062
C10 575.023 88.13970184326172
C10 599.982 89.0234375
C10 619.997 90.38819885253906
C10 624.979 90.70365142822266
C10 650.012 91.74970245361328
C10 675.004 93.18948364257812
C10 700.03 94.91522979736328
C10 725.012 95.75277709960938
C10 750.022 96.80726623535156
C10 774.987 98.31705474853516
C10 799.976 98.15876770019531
C10 824.988 98.57909393310547
C10 850.022 97.95116424560547
C10 869.967 96.44026184082031
C10 875.002 95.5621566772461
C10 899.999 90.65396881103516
C10 919.999 84.07035064697266
C10 925.012 81.53777313232422
C10 949.965 70.48136901855469
C10 975.002 55.32639694213867
C10 999.976 38.532630920410156
C10 1025.028 21.72109031677246
C10 1050.014 10.238364219665527
C10 1075.002 0.9222676681982398
C10 1099.99 0.09150655076873472
C11 319.994 47.29072189331055
C11 324.969 48.064422607421875
C11 349.982 54.107994079589844
C11 374.975 68.10203552246094
C11 400.019 82.35111236572266
C11 424.965 86.09700775146484
C11 450.035 86.04830932617188
C11 475.003 86.80097961425781
C11 500.018 85.33638763427734
C11 525.002 85.17237854003906
C11 550.029 86.47667694091797
C11 575.023 88.32532501220703
C11 599.982 89.18760681152344
C11 619.997 90.55126953125
C11 624.979 90.86277770996094
C11 650.012 91.93009185791016
C11 675.004 93.35973358154297
C11 700.03 95.09095001220703
C11 725.012 95.94356536865234
C11 750.022 96.99958038330078
C11 774.987 98.5143814086914
C11 799.976 98.36670684814453
C11 824.988 98.81744384765625
C11 850.022 98.18362426757812
C11 869.967 96.6647720336914
C11 875.002 95.8119888305664
C11 899.999 90.92587280273438
C11 919.999 84.30328369140625
C11 925.012 81.73846435546875
C11 949.965 70.52645111083984
C11 975.002 55.35940170288086
C11 999.976 38.51288604736328
C11 1025.028 21.794754028320312
C11 1050.014 10.289946556091309
C11 1075.002 0.9240998126658546
C11 1099.99 0.09168833445965494
C12 319.994 47.21109390258789
C12 324.969 47.91585922241211
C12 349.982 53.711936950683594
C12 374.975 67.67023468017578
C12 400.019 82.146728515625
C12 424.965 86.08132934570312
C12 450.035 86.11508178710938
C12 475.003 86.87922668457031
C12 500.018 85.3839340209961
C12 525.002 85.18376922607422
C12 550.029 86.45220184326172
C12 575.023 88.26597595214844
C12 599.982 89.10198974609375
C12 619.997 90.45220947265625
C12 624.979 90.76201629638672
C12 650.012 91.82810974121094
C12 675.004 93.25659942626953
C12 700.03 94.99723052978516
C12 725.012 95.85282897949219
C12 750.022 96.91532897949219
C12 774.987 98.43762969970703
C12 799.976 98.31043243408203
C12 824.988 98.77655029296875
C12 850.022 98.14720153808594
C12 869.967 96.64019012451172
C12 875.002 95.7945785522461
C12 899.999 90.9299545288086
C12 919.999 84.30196380615234
C12 925.012 81.72817993164062
C12 949.965 70.48448944091797
C12 975.002 55.33871078491211
C12 999.976 38.48389434814453
C12 1025.028 21.84086799621582
C12 1050.014 10.332735061645508
C12 1075.002 0.9232970947548078
C12 1099.99 0.09160868952596266
C13 319.994 47.216121673583984
C13 324.969 47.864601135253906
C13 349.982 53.46148681640625
C13 374.975 67.43878936767578
C13 400.019 82.16487121582031
C13 424.965 86.27981567382812
C13 450.035 86.37570190429688
C13 475.003 87.14132690429688
C13 500.018 85.6083984375
C13 525.002 85.36827850341797
C13 550.029 86.59506225585938
C13 575.023 88.37921905517578
C13 599.982 89.1941909790039
C13 619.997 90.53023529052734
C13 624.979 90.84146118164062
C13 650.012 91.89413452148438
C13 675.004 93.32948303222656
C13 700.03 95.07476043701172
C13 725.012 95.93953704833984
C13 750.022 97.01851654052734
C13 774.987 98.5577392578125
C13 799.976 98.44124603271484
C13 824.988 98.92313385009766
C13 850.022 98.29700469970703
C13 869.967 96.79747772216797
C13 875.002 95.954833984375
C13 899.999 91.09104919433594
C13 919.999 84.42469024658203
C13 925.012 81.83289337158203
C13 949.965 70.5531234741211
C13 975.002 55.4067497253418
C13 999.976 38.49046325683594
C13 1025.028 21.85746192932129
C13 1050.014 10.337298393249512
C13 1075.002 0.9242800139281501
C13 1099.99 0.09170621386335238
C14 319.994 47.03883743286133
C14 324.969 47.63640213012695
C14 349.982 53.029476165771484
C14 374.975 66.98699188232422
C14 400.019 81.90238952636719
C14 424.965 86.1738510131836
C14 450.035 86.32219696044922
C14 475.003 87.07817840576172
C14 500.018 85.51142120361328
C14 525.002 85.23573303222656
C14 550.029 86.418701171875
C14 575.023 88.17695617675781
C14 599.982 88.96810150146484
C14 619.997 90.29546356201172
C14 624.979 90.60039520263672
C14 650.012 91.63874816894531
C14 675.004 93.08076477050781
C14 700.03 94.83097839355469
C14 725.012 95.70735931396484
C14 750.022 96.80706024169922
C14 774.987 98.36575317382812
C14 799.976 98.2664794921875
C14 824.988 98.75791931152344
C14 850.022 98.15283203125
C14 869.967 96.69346618652344
C14 875.002 95.8522720336914
C14 899.999 91.01966857910156
C14 919.999 84.3848648071289
C14 925.012 81.78353881835938
C14 949.965 70.50321960449219
C14 975.002 55.438873291015625
C14 999.976 38.51655960083008
C14 1025.028 21.880733489990234
C14 1050.014 10.36584186553955
C14 1075.002 0.9222653048351309
C14 1099.99 0.09150631627801822
C15 319.994 46.94038009643555
C15 324.969 47.487831115722656
C15 349.982 52.70276641845703
C15 374.975 66.64759826660156
C15 400.019 81.74069213867188
C15 424.965 86.16104125976562
C15 450.035 86.3603744506836
C15 475.003 87.10604858398438
C15 500.018 85.50135803222656
C15 525.002 85.19253540039062
C15 550.029 86.34602355957031
C15 575.023 88.07511138916016
C15 599.982 88.84956359863281
C15 619.997 90.16322326660156
C15 624.979 90.46968078613281
C15 650.012 91.50801086425781
C15 675.004 92.94623565673828
C15 700.03 94.70136260986328
C15 725.012 95.6009521484375
C15 750.022 96.72193145751953
C15 774.987 98.30516815185547
C15 799.976 98.22637176513672
C15 824.988 98.72438049316406
C15 850.022 98.12255096435547
C15 869.967 96.6695556640625
C15 875.002 95.82796478271484
C15 899.999 91.00568389892578
C15 919.999 84.34931182861328
C15 925.012 81.71217346191406
C15 949.965 70.34562683105469
C15 975.002 55.40104293823242
C15 999.976 38.522361755371094
C15 1025.028 21.90373992919922
C15 1050.014 10.395727157592773
C15 1075.002 0.9214540942349447
C15 1099.99 0.09142582870751162
C16 319.994 46.84907150268555
C16 324.969 47.34942626953125
C16 349.982 52.39150619506836
C16 374.975 66.30516815185547
C16 400.019 81.54667663574219
C16 424.965 86.09768676757812
C16 450.035 86.34559631347656
C16 475.003 87.08448028564453
C16 500.018 85.45736694335938
C16 525.002 85.11640930175781
C16 550.029 86.2387466430664
C16 575.023 87.9491958618164
C16 599.982 88.7128677368164
C16 619.997 90.02268981933594
C16 624.979 90.32867431640625
C16 650.012 91.36309814453125
C16 675.004 92.8051986694336
C16 700.03 94.57068634033203
C16 725.012 95.49171447753906
C16 750.022 96.6449966430664
C16 774.987 98.26123809814453
C16 799.976 98.20145416259766
C16 824.988 98.70316314697266
C16 850.022 98.1077880859375
C16 869.967 96.66638946533203
C16 875.002 95.82356262207031
C16 899.999 91.03981018066406
C16 919.999 84.28131866455078
C16 925.012 81.61796569824219
C16 949.965 70.14674377441406
C16 975.002 55.35548400878906
C16 999.976 38.55024337768555
C16 1025.028 21.912353515625
C16 1050.014 10.450369834899902
C16 1075.002 0.9207208596335329
C16 1099.99 0.09135307784396832
C17 319.994 46.708866119384766
C17 324.969 47.17452621459961
C17 349.982 52.08352279663086
C17 374.975 65.97605895996094
C17 400.019 81.33128356933594
C17 424.965 86.00296020507812
C17 450.035 86.2889404296875
C17 475.003 87.02470397949219
C17 500.018 85.3687515258789
C17 525.002 84.99776458740234
C17 550.029 86.09114074707031
C17 575.023 87.79219055175781
C17 599.982 88.55569458007812
C17 619.997 89.86522674560547
C17 624.979 90.173583984375
C17 650.012 91.20836639404297
C17 675.004 92.65531921386719
C17 700.03 94.42878723144531
C17 725.012 95.38748931884766
C17 750.022 96.56842041015625
C17 774.987 98.23023223876953
C17 799.976 98.18460083007812
C17 824.988 98.6884536743164
C17 850.022 98.10680389404297
C17 869.967 96.68931579589844
C17 875.002 95.8443832397461
C17 899.999 91.05262756347656
C17 919.999 84.18875885009766
C17 925.012 81.5076904296875
C17 949.965 70.04131317138672
C17 975.002 55.38826370239258
C17 999.976 38.610774993896484
C17 1025.028 21.93214225769043
C17 1050.014 10.507421493530273
C17 1075.002 0.9199910316972976
C17 1099.99 0.0912806649866142
