lsstCam/transmission_sensor/r42_s01/19700101T000000.ecsv
# %ECSV 1.0
# ---
# datatype:
# - {name: amp_name, datatype: string}
# - {name: wavelength, unit: nm, datatype: float32}
# - {name: efficiency, unit: '%', datatype: float64}
# meta: !!omap
# - {MODE: AMP}
# - {TYPE: transmission_sensor}
# - {CALIBDATE: '1970-01-01T00:00:00'}
# - {INSTRUME: LSSTCam}
# - {OBSTYPE: transmission_sensor}
# - {DETECTOR: 172}
# - {PARQUETFILE: qe_raft_allvalues_nircorrected_20230725_adjust.parquet}
# - {CORRFILE: qe_corr_factor_bydetnum.parquet}
# - {CALIBCLS: lsst.ip.isr.IntermediateSensorTransmissionCurve}
# - {CALIB_ID: 'raftName=R42 detectorName=S01 detector=172 calibDate=1970-01-01T00:00:00 ccd=172 ccdnum=172 filter=None'}
# - {DATE: '2025-03-03T21:56:48.355236'}
# - {CALIB_CREATION_DATE: '2025-03-03'}
# - {CALIB_CREATION_TIME: '21:56:48'}
# - __serialized_columns__:
#     efficiency:
#       __class__: astropy.units.quantity.Quantity
#       unit: !astropy.units.Unit {unit: '%'}
#       value: !astropy.table.SerializedColumn {name: efficiency}
#     wavelength:
#       __class__: astropy.units.quantity.Quantity
#       unit: !astropy.units.Unit {unit: nm}
#       value: !astropy.table.SerializedColumn {name: wavelength}
# schema: astropy-2.0
amp_name wavelength efficiency
C00 319.994 47.251096575313085
C00 324.969 48.08778357004644
C00 349.982 54.25497208675069
C00 374.975 68.02231045286075
C00 400.019 82.01325745051204
C00 424.965 85.75389484992237
C00 450.035 85.82484773633587
C00 475.003 86.68035677393418
C00 500.018 85.28465587341861
C00 525.002 85.16826306126265
C00 550.029 86.48055768132893
C00 575.023 88.3541220900157
C00 599.982 89.2157388920333
C00 619.997 90.57330463028273
C00 624.979 90.88188484873247
C00 650.012 91.92555293041336
C00 675.004 93.3768682486563
C00 700.03 95.2052382698687
C00 725.012 96.32779319325144
C00 750.022 97.77458139967605
C00 774.987 99.64660352111625
C00 799.976 99.6610749327931
C00 824.988 100.05067510664891
C00 850.022 99.48032040210828
C00 869.967 97.84262619222659
C00 875.002 96.91567319167856
C00 899.999 91.6746128204029
C00 919.999 84.83846680183386
C00 925.012 82.22780418534578
C00 949.965 71.80224932131075
C00 975.002 56.62431278757452
C00 999.976 39.261883667012945
C00 1025.028 22.069462941370855
C00 1050.014 10.484653815075086
C00 1075.002 0.9314799607541285
C00 1099.99 0.09242058597297076
C01 319.994 47.255761802407214
C01 324.969 48.02642202223108
C01 349.982 53.95593333193836
C01 374.975 67.76520886693487
C01 400.019 82.01941125335661
C01 424.965 85.90625901835675
C01 450.035 86.01827818011196
C01 475.003 86.86803241455141
C01 500.018 85.44080286579607
C01 525.002 85.29675630619401
C01 550.029 86.57508224148117
C01 575.023 88.41767813610231
C01 599.982 89.25568489902678
C01 619.997 90.59683026559621
C01 624.979 90.90287837065604
C01 650.012 91.94003201516108
C01 675.004 93.39329629340716
C01 700.03 95.22574838832692
C01 725.012 96.35591499802113
C01 750.022 97.8179572693522
C01 774.987 99.70123578577116
C01 799.976 99.72812989920031
C01 824.988 100.12789689197014
C01 850.022 99.56453235499981
C01 869.967 97.9618196752532
C01 875.002 97.04939179787817
C01 899.999 91.92469354647496
C01 919.999 85.02425486701497
C01 925.012 82.37627810684475
C01 949.965 71.80034639973289
C01 975.002 56.534990569477905
C01 999.976 39.275353742940155
C01 1025.028 22.105691345523688
C01 1050.014 10.550747729354763
C01 1075.002 0.9318930833798985
C01 1099.99 0.0924615756203717
C02 319.994 47.1692747840002
C02 324.969 47.86573257189354
C02 349.982 53.531225022277965
C02 374.975 67.29976038744508
C02 400.019 81.80847853490665
C02 424.965 85.91085518781297
C02 450.035 86.12075204169433
C02 475.003 86.99619571743499
C02 500.018 85.54752760864513
C02 525.002 85.36873738410522
C02 550.029 86.61020188689206
C02 575.023 88.41904394271869
C02 599.982 89.22347334747883
C02 619.997 90.5498327064654
C02 624.979 90.85426946664074
C02 650.012 91.87989815868629
C02 675.004 93.33228003378133
C02 700.03 95.16783204933601
C02 725.012 96.31013745716001
C02 750.022 97.77875555023395
C02 774.987 99.68189197408647
C02 799.976 99.72398644092591
C02 824.988 100.14087972789656
C02 850.022 99.59488702339516
C02 869.967 97.98973430710919
C02 875.002 97.08037565808556
C02 899.999 91.9679696662297
C02 919.999 85.09630500256408
C02 925.012 82.45325435389785
C02 949.965 71.89899907201776
C02 975.002 56.57356309678412
C02 999.976 39.255921690940355
C02 1025.028 22.144528593775217
C02 1050.014 10.59259378052452
C02 1075.002 0.9315195123175213
C02 1099.99 0.0924245102427553
C03 319.994 47.238927084899785
C03 324.969 47.88454310515218
C03 349.982 53.34885914670867
C03 374.975 67.10794128855346
C03 400.019 81.83081484423397
C03 424.965 86.11720708294845
C03 450.035 86.39717442009227
C03 475.003 87.27883328324452
C03 500.018 85.79179982006217
C03 525.002 85.56946491828676
C03 550.029 86.77571002574129
C03 575.023 88.5578267756981
C03 599.982 89.34333438767187
C03 619.997 90.66330207861665
C03 624.979 90.96527578304
C03 650.012 91.99095818658168
C03 675.004 93.44608702105123
C03 700.03 95.29119200984965
C03 725.012 96.44916582840754
C03 750.022 97.93674407962227
C03 774.987 99.86223983201472
C03 799.976 99.92211280407966
C03 824.988 100.35235723437889
C03 850.022 99.81656971414588
C03 869.967 98.20264667784579
C03 875.002 97.27899309777553
C03 899.999 92.14789550525964
C03 919.999 85.3046825884115
C03 925.012 82.67006464464075
C03 949.965 72.13839888342694
C03 975.002 56.71164000724272
C03 999.976 39.311025849454296
C03 1025.028 22.1998226607934
C03 1050.014 10.632906176652439
C03 1075.002 0.9330244890148905
C03 1099.99 0.0925738326480746
C04 319.994 47.063371059735154
C04 324.969 47.65232145154983
C04 349.982 52.913301114826076
C04 374.975 66.62258119013397
C04 400.019 81.50340490984838
C04 424.965 85.94405656550424
C04 450.035 86.28282264478999
C04 475.003 87.1469025025596
C04 500.018 85.6229078569555
C04 525.002 85.36467832961048
C04 550.029 86.53159894881271
C04 575.023 88.29135637022958
C04 599.982 89.06794020077164
C04 619.997 90.38241397296741
C04 624.979 90.68579184936154
C04 650.012 91.70834363998479
C04 675.004 93.17020943068566
C04 700.03 95.02411543178171
C04 725.012 96.19571662421983
C04 750.022 97.7032602058604
C04 774.987 99.6446929264675
C04 799.976 99.72173823115851
C04 824.988 100.16040002021145
C04 850.022 99.62818815100785
C04 869.967 97.99949445326664
C04 875.002 97.06823685995577
C04 899.999 91.93533609578344
C04 919.999 85.10915739628557
C04 925.012 82.48243504244878
C04 949.965 71.95229622233981
C04 975.002 56.502748325646444
C04 999.976 39.07215164340029
C04 1025.028 22.12302481263822
C04 1050.014 10.604327824165466
C04 1075.002 0.9307999424697679
C04 1099.99 0.09235311518351645
C05 319.994 46.625748971786244
C05 324.969 47.157918639100025
C05 349.982 52.19597641067866
C05 374.975 65.83316798508305
C05 400.019 80.88147949593335
C05 424.965 85.4875088482335
C05 450.035 85.8802933465039
C05 475.003 86.72493731573826
C05 500.018 85.19148177374099
C05 525.002 84.90935830368032
C05 550.029 86.06255947215179
C05 575.023 87.82017610679354
C05 599.982 88.61142317578442
C05 619.997 89.93701522768315
C05 624.979 90.24190469904033
C05 650.012 91.27867469000144
C05 675.004 92.75476635411106
C05 700.03 94.62351974735701
C05 725.012 95.82430162834605
C05 750.022 97.36619754830967
C05 774.987 99.33536842014254
C05 799.976 99.43294686250442
C05 824.988 99.88190591267632
C05 850.022 99.34885767874695
C05 869.967 97.74043623426674
C05 875.002 96.81850142207324
C05 899.999 91.72811714363868
C05 919.999 84.8799244037904
C05 925.012 82.24320403859893
C05 949.965 71.6335031465508
C05 975.002 56.22769175386487
C05 999.976 38.82228576331283
C05 1025.028 22.042146809043395
C05 1050.014 10.54415847973785
C05 1075.002 0.9275884921124689
C05 1099.99 0.09203447802936404
C06 319.994 46.54573418866525
C06 324.969 47.02873865432504
C06 349.982 51.87304754968612
C06 374.975 65.47461305600164
C06 400.019 80.70346425155216
C06 424.965 85.44380303650958
C06 450.035 85.86917506680096
C06 475.003 86.69055428513171
C06 500.018 85.12669803631381
C06 525.002 84.81980589345734
C06 550.029 85.95664040174498
C06 575.023 87.7077732914944
C06 599.982 88.50846591073672
C06 619.997 89.84170034123042
C06 624.979 90.15068723243672
C06 650.012 91.19604338971088
C06 675.004 92.68535575494414
C06 700.03 94.57178790349415
C06 725.012 95.79358632561942
C06 750.022 97.36599804846682
C06 774.987 99.36515528129289
C06 799.976 99.48419530290192
C06 824.988 99.93859456032668
C06 850.022 99.39685273709196
C06 869.967 97.86986559384526
C06 875.002 96.98854434581168
C06 899.999 91.97429994970446
C06 919.999 84.98033420930643
C06 925.012 82.28236739236279
C06 949.965 71.42359861959855
C06 975.002 56.11472496785616
C06 999.976 38.79384168956623
C06 1025.028 22.08528673179004
C06 1050.014 10.524861665612285
C06 1075.002 0.9275863338018983
C06 1099.99 0.09203426388377202
C07 319.994 46.61127756010939
C07 324.969 47.053952365231794
C07 349.982 51.7558375554816
C07 374.975 65.31086205038358
C07 400.019 80.65016710123011
C07 424.965 85.51454875000934
C07 450.035 85.99434587204192
C07 475.003 86.82735746582448
C07 500.018 85.23760460279165
C07 525.002 84.89879248508062
C07 550.029 86.00535672875257
C07 575.023 87.74479585848316
C07 599.982 88.54122225031703
C07 619.997 89.87352056616356
C07 624.979 90.18576083942234
C07 650.012 91.23700224206031
C07 675.004 92.72758066398853
C07 700.03 94.62465536184702
C07 725.012 95.87716908669891
C07 750.022 97.47465640517726
C07 774.987 99.51203320404912
C07 799.976 99.64127073685569
C07 824.988 100.09665214735288
C07 850.022 99.57100075375038
C07 869.967 98.07847337181903
C07 875.002 97.20574596316936
C07 899.999 92.16548218371315
C07 919.999 85.09470900382135
C07 925.012 82.37462839660587
C07 949.965 71.48295749591463
C07 975.002 56.182178933949054
C07 999.976 38.92707305576506
C07 1025.028 22.114457829002376
C07 1050.014 10.533162969168961
C07 1075.002 0.9286212610480056
C07 1099.99 0.0921369484143627
C10 319.994 47.46006498761814
C10 324.969 48.31472231434895
C10 349.982 54.634340220590026
C10 374.975 68.70054086088221
C10 400.019 82.76575551156651
C10 424.965 86.34575717213545
C10 450.035 86.21215366199901
C10 475.003 86.96238816714431
C10 500.018 85.52778479727475
C10 525.002 85.41193677315117
C10 550.029 86.739984207731
C10 575.023 88.64427926528616
C10 599.982 89.5330740843554
C10 619.997 90.90564834924318
C10 624.979 91.2229068108565
C10 650.012 92.27494621286583
C10 675.004 93.7229697837019
C10 700.03 95.45859539720587
C10 725.012 96.30093744517669
C10 750.022 97.36146326357763
C10 774.987 98.87989493279481
C10 799.976 98.72070173127857
C10 824.988 99.14343422518776
C10 850.022 98.51190979960371
C10 869.967 96.99235786203829
C10 875.002 96.10922576927737
C10 899.999 91.17293977329572
C10 919.999 84.55163206625379
C10 925.012 82.00455618813584
C10 949.965 70.88485696707734
C10 975.002 55.64312652205725
C10 999.976 38.75322045233545
C10 1025.028 21.845438045734458
C10 1050.014 10.296976256190145
C10 1075.002 0.9275474165148782
C10 1099.99 0.09203040254630647
C11 319.994 47.56144927313576
C11 324.969 48.33957922745984
C11 349.982 54.417748612367184
C11 374.975 68.49190239062493
C11 400.019 82.82255158220916
C11 424.965 86.58989126827667
C11 450.035 86.54091405685921
C11 475.003 87.29789319130671
C11 500.018 85.82491679397377
C11 525.002 85.65996878929866
C11 550.029 86.97173396747432
C11 575.023 88.83096507976006
C11 599.982 89.69818322351897
C11 619.997 91.06965256620023
C11 624.979 91.38294405016937
C11 650.012 92.45636830071707
C11 675.004 93.89419436035561
C11 700.03 95.63532156567948
C11 725.012 96.49281792863533
C11 750.022 97.55487836121198
C11 774.987 99.07835123799632
C11 799.976 98.92983127807209
C11 824.988 99.38314863250297
C11 850.022 98.74570059620072
C11 869.967 97.2181533187799
C11 875.002 96.36048814826472
C11 899.999 91.44640034633457
C11 919.999 84.78589859324526
C11 925.012 82.20639631759477
C11 949.965 70.9301971428984
C11 975.002 55.676320226677646
C11 999.976 38.733362544901894
C11 1025.028 21.91952346333409
C11 1050.014 10.348853888399681
C11 1075.002 0.9293900495445474
C11 1099.99 0.09221322690271809
C12 319.994 47.481365432376855
C12 324.969 48.19016535477826
C12 349.982 54.019424156922504
C12 374.975 68.05762959811449
C12 400.019 82.61699768644503
C12 424.965 86.57412310762136
C12 450.035 86.60806877318784
C12 475.003 87.3765882062366
C12 500.018 85.87273537168858
C12 525.002 85.67142468412027
C12 550.029 86.9471187560961
C12 575.023 88.77127626139621
C12 599.982 89.61207602212045
C12 619.997 90.97002541391379
C12 624.979 91.28160580307703
C12 650.012 92.35380236228417
C12 675.004 93.79046978822005
C12 700.03 95.54106556300799
C12 725.012 96.40156209667732
C12 750.022 97.4701446395007
C12 774.987 99.00116014495862
C12 799.976 98.87323470727227
C12 824.988 99.3420209725942
C12 850.022 98.70906935582677
C12 869.967 97.19343068440936
C12 875.002 96.34297820051998
C12 899.999 91.45050543925456
C12 919.999 84.78457115198327
C12 925.012 82.19605301805055
C12 949.965 70.88799525306665
C12 975.002 55.65551085845515
C12 999.976 38.70420487556359
C12 1025.028 21.965901421991465
C12 1050.014 10.391887347287886
C12 1075.002 0.9285827362772003
C12 1099.99 0.09213312602199536
C13 319.994 47.48642198608579
C13 324.969 48.13861382808106
C13 349.982 53.767540259194
C13 374.975 67.82485931994432
C13 400.019 82.63524424899411
C13 424.965 86.7737457195964
C13 450.035 86.87018087439738
C13 475.003 87.64018888319657
C13 500.018 86.09848479000492
C13 525.002 85.8569902302459
C13 550.029 87.09079700829601
C13 575.023 88.88516765244579
C13 599.982 89.7048050836871
C13 619.997 91.04849790978821
C13 624.979 91.36150549013485
C13 650.012 92.42020511766671
C13 675.004 93.86377063432236
C13 700.03 95.61903930927531
C13 725.012 96.48876654721148
C13 750.022 97.57392292313241
C13 774.987 99.12195729979884
C13 799.976 99.00479718055502
C13 824.988 99.48944368338282
C13 850.022 98.85973010252611
C13 869.967 97.35161871364052
C13 875.002 96.50415105432288
C13 899.999 91.61252233085408
C13 919.999 84.90800017013483
C13 925.012 82.30136591585796
C13 949.965 70.95702219868963
C13 975.002 55.72393930454961
C13 999.976 38.71081138958998
C13 1025.028 21.9825903511522
C13 1050.014 10.396476802807088
C13 1075.002 0.929571282413332
C13 1099.99 0.09223120866146367
C14 319.994 47.30812283808209
C14 324.969 47.9091084415697
C14 349.982 53.3330564572344
C14 374.975 67.37047540866133
C14 400.019 82.37125991849021
C14 424.965 86.66717443816492
C14 450.035 86.81636962832647
C14 475.003 87.57667887553524
C14 500.018 86.0009523860683
C14 525.002 85.72368596987373
C14 550.029 86.91342630186861
C14 575.023 88.68174687038588
C14 599.982 89.47742130127365
C14 619.997 90.81238217271502
C14 624.979 91.11905946958689
C14 650.012 92.16335674307982
C14 675.004 93.61362852368327
C14 700.03 95.37386167549461
C14 725.012 96.25525965423698
C14 750.022 97.36125609066391
C14 774.987 98.92887214421226
C14 799.976 98.82903014594123
C14 824.988 99.32328333350891
C14 850.022 98.7147320821351
C14 869.967 97.24701173835393
C14 875.002 96.4010019625032
C14 899.999 91.54073307971484
C14 919.999 84.86794674014905
C14 925.012 82.25172882034494
C14 949.965 70.90683264207337
C14 975.002 55.75624676948353
C14 999.976 38.73705712852989
C14 1025.028 22.005995135599342
C14 1050.014 10.425183679231276
C14 1075.002 0.9275450396221153
C14 1099.99 0.09203016671319014
C15 319.994 47.20910185839505
C15 324.969 47.75968689581723
C15 349.982 53.004476379539845
C15 374.975 67.02913885063127
C15 400.019 82.20863685429129
C15 424.965 86.65429135215992
C15 450.035 86.85476567500248
C15 475.003 87.6047086034544
C15 500.018 85.99083160557957
C15 525.002 85.68024104255966
C15 550.029 86.84033262868002
C15 575.023 88.57931904722878
C15 599.982 89.35820479903441
C15 619.997 90.67938483517798
C15 624.979 90.98759674622556
C15 650.012 92.03187100050584
C15 675.004 93.47832926488269
C15 700.03 95.24350387433978
C15 725.012 96.14824333469454
C15 750.022 97.27563996580162
C15 774.987 98.8679402883661
C15 799.976 98.78869281233295
C15 824.988 99.28955251392702
C15 850.022 98.68427766381834
C15 869.967 97.22296433422072
C15 875.002 96.3765555586843
C15 899.999 91.52666834079454
C15 919.999 84.83219022985524
C15 925.012 82.17995491534745
C15 949.965 70.74833769000708
C15 975.002 55.718199847532496
C15 999.976 38.74289249893299
C15 1025.028 22.02913328083346
C15 1050.014 10.45524005699622
C15 1075.002 0.9267291850471391
C15 1099.99 0.09194921837177121
C16 319.994 47.11727054612117
C16 324.969 47.62048971701037
C16 349.982 52.69143427037426
C16 374.975 66.68474841039158
C16 400.019 82.01351066185104
C16 424.965 86.59057417158486
C16 450.035 86.83990293671083
C16 475.003 87.58301683208087
C16 500.018 85.94658867889414
C16 525.002 85.60367914133398
C16 550.029 86.73244157905744
C16 575.023 88.45268268545003
C16 599.982 89.22072638810432
C16 619.997 90.53804686959602
C16 624.979 90.84578305024912
C16 650.012 91.88612869223962
C16 675.004 93.33648487662275
C16 700.03 95.11207951633283
C16 725.012 96.03838030585618
C16 750.022 97.19826471906282
C16 774.987 98.8237587462477
C16 799.976 98.76363256284378
C16 824.988 99.26821370381391
C16 850.022 98.66943027166845
C16 869.967 97.21978000980614
C16 875.002 96.3721281967874
C16 899.999 91.56098998683407
C16 919.999 84.76380782218605
C16 925.012 82.08520783613974
C16 949.965 70.54831607834635
C16 975.002 55.67238010478153
C16 999.976 38.77093373645847
C16 1025.028 22.037796177855284
C16 1050.014 10.510195549761892
C16 1075.002 0.9259917528637388
C16 1099.99 0.09187605102799926
C17 319.994 46.976262522586985
C17 324.969 47.44458840365621
C17 349.982 52.381687745150984
C17 374.975 66.35375515190573
C17 400.019 81.79688452480924
C17 424.965 86.4953053235574
C17 450.035 86.78292271236708
C17 475.003 87.52289832174783
C17 500.018 85.85746596064037
C17 525.002 85.48435521610244
C17 550.029 86.58399067677111
C17 575.023 88.29477855984138
C17 599.982 89.06265345493635
C17 619.997 90.37968235973467
C17 624.979 90.68980486543099
C17 650.012 91.73051114175277
C17 675.004 93.18574739921462
C17 700.03 94.96936807106361
C17 725.012 95.933558484585
C17 750.022 97.12125010665532
C17 774.987 98.79257538619748
C17 799.976 98.74668274927318
C17 824.988 99.25342002316017
C17 850.022 98.6684404455251
C17 869.967 97.24283758779603
C17 875.002 96.39306800721484
C17 899.999 91.57388074590996
C17 919.999 84.6707181262881
C17 925.012 81.97430126966191
C17 949.965 70.44228191187636
C17 975.002 55.70534745381101
C17 999.976 38.83181188080848
C17 1025.028 22.057698205446393
C17 1050.014 10.567573814657454
C17 1075.002 0.9252577468478086
C17 1099.99 0.09180322362541614
