lsstCam/transmission_filter_detector/r44_sw0/r_57/19700101T000000.ecsv
# %ECSV 1.0
# ---
# datatype:
# - {name: wavelength, unit: nm, datatype: float32}
# - {name: efficiency, unit: '%', datatype: float64}
# meta: !!omap
# - {MODE: DETECTOR}
# - {TYPE: transmission_filter_detector}
# - {CALIBDATE: '1970-01-01T00:00:00'}
# - {INSTRUME: LSSTCam}
# - {OBSTYPE: transmission_filter_detector}
# - {CALIBCLS: lsst.ip.isr.IntermediateFilterDetectorTransmissionCurve}
# - {SOURCE: Materion (DM-46256)}
# - {DETECTOR: 203}
# - {FILTER: r_57}
# - {CALIB_ID: 'calibDate=1970-01-01T00:00:00 filter=r_57 detector=203'}
# - {DATE: '2025-04-02T15:59:45.122673'}
# - {CALIB_CREATION_DATE: '2025-04-02'}
# - {CALIB_CREATION_TIME: '15:59:45'}
# - __serialized_columns__:
#     efficiency:
#       __class__: astropy.units.quantity.Quantity
#       unit: !astropy.units.Unit {unit: '%'}
#       value: !astropy.table.SerializedColumn {name: efficiency}
#     wavelength:
#       __class__: astropy.units.quantity.Quantity
#       unit: !astropy.units.Unit {unit: nm}
#       value: !astropy.table.SerializedColumn {name: wavelength}
# schema: astropy-2.0
wavelength efficiency
[from data line 603]
903.0 1.6507642692023539e-10
904.0 6.52981043458567e-05
905.0 0.00018541262534199632
906.0 9.567202141624875e-05
907.0 5.931432056627273e-06
908.0 7.783988849041634e-05
909.0 0.0001497483140155964
910.0 5.321469416230684e-05
911.0 1.6507642692023539e-10
912.0 5.84892006827431e-05
913.0 0.0001602973384251527
914.0 0.00016315517541443114
915.0 0.0001660129669289745
916.0 0.00011540619198058266
917.0 6.479939997916517e-05
918.0 8.04780086127721e-05
919.0 9.615663429940469e-05
920.0 0.0001371768235003401
921.0 0.00017819703543864307
922.0 0.0001601673488949018
923.0 0.0001421377191945794
924.0 0.00022932149477128405
925.0 0.00031650524761062115
926.0 0.00028826996185671305
927.0 0.0002600346533654374
928.0 0.0002947131406472181
929.0 0.0003293916279289988
930.0 0.00027507262529979926
931.0 0.00022075362267059973
932.0 0.00015795275203345227
933.0 9.515185865893727e-05
934.0 4.2393773469484586e-05
935.0 1.6507642692023539e-10
936.0 1.6507642692023539e-10
937.0 9.188145355665256e-07
938.0 1.6507642692023539e-10
939.0 1.6507642692023539e-10
940.0 3.151645842081052e-05
941.0 0.00015096828747118707
942.0 0.00024215405574068427
943.0 0.00033333978990413016
944.0 0.00032149591788765974
945.0 0.0003096519776590867
946.0 0.00046686927817063406
947.0 0.0006240866241569165
948.0 0.0006208759259607177
949.0 0.0006176653187139891
950.0 0.0005768879873357946
951.0 0.000536110610482865
952.0 0.000578143999518943
953.0 0.000620177388555021
954.0 0.0008961095772974659
955.0 0.0011720420843630563
956.0 0.0011056253242713865
957.0 0.001039208746078657
958.0 0.0012465530744520947
959.0 0.0014538974028255325
960.0 0.0015831463315407746
961.0 0.0017123953512054868
962.0 0.0018609031030791812
963.0 0.002009410673053935
964.0 0.002112923721142579
965.0 0.0022164367692312226
966.0 0.0022177386199473403
967.0 0.0022190411982592195
968.0 0.0021367719455156475
969.0 0.002054502874671016
970.0 0.002167005368391983
971.0 0.0022795073164161295
972.0 0.002395128467469476
973.0 0.002510749618522823
974.0 0.0027461719582788646
975.0 0.002981594661832787
976.0 0.0031050767574924976
977.0 0.003228558853152208
978.0 0.0031893978302832693
979.0 0.0031502368074143305
980.0 0.0032301115425070748
981.0 0.0033099859138019383
982.0 0.003282974284957163
983.0 0.003255962292314507
984.0 0.0032016389013733715
985.0 0.003147315510432236
986.0 0.0030397566661122255
987.0 0.002932198185590096
988.0 0.002878430859709624
989.0 0.0028246635338291526
990.0 0.002828224933182355
991.0 0.002831786514434498
992.0 0.0027063495508627966
993.0 0.0025809125872910954
994.0 0.0026149300538236275
995.0 0.0026489477022551
996.0 0.0026827023248188198
997.0 0.00271645712928148
998.0 0.0027822201445815153
999.0 0.00284798279608367
1000.0 0.002958857294288464
1001.0 0.0030697312467964366
1002.0 0.0032364223443437368
1003.0 0.003403113441891037
1004.0 0.003661224400275387
1005.0 0.003919334994861856
1006.0 0.004007441384601407
1007.0 0.004095547774340957
1008.0 0.0041437448089709505
1009.0 0.004191941479803063
1010.0 0.004195370274828747
1011.0 0.004198799069854431
1012.0 0.004222394272801466
1013.0 0.004245989475748502
1014.0 0.004182809061603621
1015.0 0.004119628283660859
1016.0 0.0036937330150976777
1017.0 0.003267837382736616
1018.0 0.0029345510483835824
1019.0 0.0026012643502326682
1020.0 0.002407456486253068
1021.0 0.0022136482584755868
1022.0 0.0019622080799308605
1023.0 0.001710767719487194
1024.0 0.001548783438920509
1025.0 0.0013867993402527645
1026.0 0.0012195177077956032
1027.0 0.0010522364391363226
1028.0 0.0009309029337600805
1029.0 0.0008095696102827787
1030.0 0.0007889748303568922
1031.0 0.0007683800504310057
1032.0 0.0006224614935490536
1033.0 0.0004765428002428962
1034.0 0.000597029747950728
1035.0 0.0007175166956585599
1036.0 0.0007014266884652898
1037.0 0.0006853367267467547
1038.0 0.0008878401786205359
1039.0 0.0010903437214437872
1040.0 0.0009428139492229093
1041.0 0.0007952840860525612
1042.0 0.0008085788977041375
1043.0 0.000821873800305184
1044.0 0.000830177577881841
1045.0 0.000838481355458498
1046.0 0.0007312542948056944
1047.0 0.0006240272796276258
1048.0 0.0008167989108187612
1049.0 0.0010095706784341019
1050.0 0.0010547404599492438
1051.0 0.0010999102414643858
1052.0 0.0012675413017859682
1053.0 0.0014351721802086104
1054.0 0.0013258637409307994
1055.0 0.0012165554835519288
1056.0 0.001279627758776769
1057.0 0.0013427001249510795
1058.0 0.001268673895538086
1059.0 0.0011946473932766821
1060.0 0.0011529700714163482
1061.0 0.0011112926586065441
1062.0 0.0009464600225328468
1063.0 0.0007816275683580898
1064.0 0.0010083935194415972
1065.0 0.0012351593795756344
1066.0 0.0014662503417639527
1067.0 0.0016973410311038606
1068.0 0.0017992997527471744
1069.0 0.0019012581105926074
1070.0 0.0017869753719423898
1071.0 0.001672692633292172
1072.0 0.002138193121936638
1073.0 0.002603693792480044
1074.0 0.0024501186999259517
1075.0 0.0022965437892707996
1076.0 0.002428615334792994
1077.0 0.0025606868803151883
1078.0 0.0029515422284021042
1079.0 0.00334239739459008
1080.0 0.0032987627491820604
1081.0 0.003255128103774041
1082.0 0.003931352694053203
1083.0 0.004607577284332365
1084.0 0.003681272573885508
1085.0 0.0027549674996407703
1086.0 0.003439777356106788
1087.0 0.004124587576370686
1088.0 0.003847036714432761
1089.0 0.003569485852494836
1090.0 0.003477610880509019
1091.0 0.0033857362723210827
1092.0 0.003675298285088502
1093.0 0.003964860297855921
1094.0 0.003252936221542768
1095.0 0.0025410121452296153
1096.0 0.003096207365160808
1097.0 0.0036514025850920007
1098.0 0.002733176552283112
1099.0 0.0018149507013731636
1100.0 0.0014860073861200362
1101.0 0.0011570638889679685
