lsstCam/transmission_filter_detector/r44_sw0/r_57/19700101T000000.ecsv
# %ECSV 1.0
# ---
# datatype:
# - {name: wavelength, unit: nm, datatype: float32}
# - {name: efficiency, unit: '%', datatype: float64}
# meta: !!omap
# - {MODE: DETECTOR}
# - {TYPE: transmission_filter_detector}
# - {CALIBDATE: '1970-01-01T00:00:00'}
# - {INSTRUME: LSSTCam}
# - {OBSTYPE: transmission_filter_detector}
# - {CALIBCLS: lsst.ip.isr.IntermediateFilterDetectorTransmissionCurve}
# - {SOURCE: Materion (DM-46256)}
# - {DETECTOR: 203}
# - {FILTER: r_57}
# - {CALIB_ID: 'calibDate=1970-01-01T00:00:00 filter=r_57 detector=203'}
# - {DATE: '2025-04-02T15:59:45.122673'}
# - {CALIB_CREATION_DATE: '2025-04-02'}
# - {CALIB_CREATION_TIME: '15:59:45'}
# - __serialized_columns__:
#     efficiency:
#       __class__: astropy.units.quantity.Quantity
#       unit: !astropy.units.Unit {unit: '%'}
#       value: !astropy.table.SerializedColumn {name: efficiency}
#     wavelength:
#       __class__: astropy.units.quantity.Quantity
#       unit: !astropy.units.Unit {unit: nm}
#       value: !astropy.table.SerializedColumn {name: wavelength}
# schema: astropy-2.0
wavelength efficiency
300.0 0.0024948867576313205
301.0 0.0070924397732596844
302.0 0.011689992243191227
303.0 0.015370499750133604
304.0 0.01905100798467174
305.0 0.01669951598159969
306.0 0.014348025433719158
307.0 0.01215477823279798
308.0 0.00996152957668528
309.0 0.008779824565863237
310.0 0.0075981188274454325
311.0 0.00698007206665352
312.0 0.006362024578265846
313.0 0.006189412670210004
314.0 0.0060168000345584005
315.0 0.005464810237754136
316.0 0.004912818985758349
317.0 0.004493868618737906
318.0 0.0040749189793132246
319.0 0.003810714406426996
320.0 0.0035465083783492446
321.0 0.0035986213333671913
322.0 0.0036507335607893765
323.0 0.0032719130103942007
324.0 0.002893092096201144
325.0 0.0028229556846781634
326.0 0.002752818909357302
327.0 0.002789410063996911
328.0 0.002826000491040759
329.0 0.0028060765544069
330.0 0.0027861522539751604
331.0 0.002751905776676722
332.0 0.002717658571782522
333.0 0.002359745303692762
334.0 0.002001831671805121
335.0 0.0017628763089305721
336.0 0.0015239210370054934
337.0 0.0015420453564729542
338.0 0.0015601699487888254
339.0 0.0014285607903730124
340.0 0.0012969517229066696
341.0 0.0012866056749771815
342.0 0.0012762597179971635
343.0 0.0012010818863927852
344.0 0.0011259042366873473
345.0 0.001064570005837595
346.0 0.0010032357749878429
347.0 0.0009829807822825387
348.0 0.0009627257895772345
349.0 0.0009568731911713257
350.0 0.00458181748399511
351.0 0.005008653533877805
352.0 0.005435490311356261
353.0 0.004613668716046959
354.0 0.003791848212131299
355.0 0.004260955392965116
356.0 0.004730062210001051
357.0 0.005025096106692217
358.0 0.005320132549968548
359.0 0.0038749887607991695
360.0 0.0024298451535287313
361.0 0.002781644980132114
362.0 0.003133445352432318
363.0 0.002731411404965911
364.0 0.002329377457499504
365.0 0.002915032564487774
366.0 0.0035006876714760438
367.0 0.0034190332371508703
368.0 0.0033373788028256968
369.0 0.003923220720025711
370.0 0.004509063364821486
371.0 0.004120283847441897
372.0 0.0037315043300623074
373.0 0.00426788828917779
374.0 0.004804272248293273
375.0 0.003677879794850014
376.0 0.002551487159507815
377.0 0.0023122165657696314
378.0 0.0020729457901325077
379.0 0.00212986833503237
380.0 0.002186790698033292
381.0 0.002815878724504728
382.0 0.0034449665690772235
383.0 0.003931902028853074
384.0 0.004418837852426805
385.0 0.0046859266149112955
386.0 0.0049530164687894285
387.0 0.004452529174159281
388.0 0.0039520418795291334
389.0 0.0026894593247561716
390.0 0.0014268766790337395
391.0 0.0011906361578439828
392.0 0.0009543957276036963
393.0 0.0011985015589743853
394.0 0.0014426076631934848
395.0 0.0013564140317612328
396.0 0.0012702205822279211
397.0 0.0010964708963001613
398.0 0.000922721028473461
399.0 0.0011190308214281686
400.0 0.0013153408872312866
401.0 0.001153780431195628
402.0 0.0009922200661094394
403.0 0.0010033135367848445
404.0 0.0010144073712581303
405.0 0.0009989886166295037
406.0 0.0009835701348492876
407.0 0.0010917285180767067
408.0 0.0011998870832030661
409.0 0.0015662819350836799
410.0 0.0019326767869642936
411.0 0.0018528586224419996
412.0 0.0017730402760207653
413.0 0.0017633659808780067
414.0 0.001753691685735248
415.0 0.0014883863514114637
416.0 0.0012230814718350302
417.0 0.0013795083759760018
418.0 0.0015359351891675033
419.0 0.002208642581535969
420.0 0.0028813499739044346
421.0 0.004846984302275814
422.0 0.006812617357354611
423.0 0.009897712880047038
424.0 0.01298280549235642
425.0 0.0174643995705992
426.0 0.021945993648841977
427.0 0.02180477458750829
428.0 0.02166355843655765
429.0 0.017323311476502568
430.0 0.012983064516447484
431.0 0.009193643199978396
432.0 0.005404219700722024
433.0 0.004512949817581102
434.0 0.0036216795706423
435.0 0.002983573176607024
436.0 0.0023454666006728075
437.0 0.001818910641304683
438.0 0.0012923545909870882
439.0 0.0012517934919742402
440.0 0.0012112326658098027
441.0 0.0013329707144293934
442.0 0.0014547089449479245
443.0 0.0016092528312583454
444.0 0.001763796535669826
445.0 0.0012982392036064994
446.0 0.0008326817805937026
447.0 0.0010728341294452548
448.0 0.001312985932599986
449.0 0.0014436647688853554
450.0 0.001574343150423374
451.0 0.0015695950423832983
452.0 0.0015648467524442822
453.0 0.0015370447727036662
454.0 0.0015092427020135801
455.0 0.0012782787052856293
456.0 0.001047314981406089
457.0 0.0011006703971361276
458.0 0.0011540259947651066
459.0 0.0012685710316873156
460.0 0.0013831158867105842
461.0 0.002027308801189065
462.0 0.0026715020794654265
463.0 0.0036194887798046693
464.0 0.004567475480143912
465.0 0.005512892676051706
466.0 0.006458309508161619
467.0 0.006946197390789166
468.0 0.007434086728608236
469.0 0.00637789853499271
470.0 0.005321710341377184
471.0 0.003887587081408128
472.0 0.0024534634576411918
473.0 0.0018091635865857825
474.0 0.0011648638064798433
475.0 0.0011261819963692687
476.0 0.0010875003681576345
477.0 0.0010309238859917969
478.0 0.0009743474947754294
479.0 0.0008255703505710699
480.0 0.0006767931154172402
481.0 0.0006368544291035505
482.0 0.0005969156518403906
483.0 0.0005685795258614235
484.0 0.0005402433544077212
485.0 0.0006742179721186403
486.0 0.000808192362455884
487.0 0.0007834042662580032
488.0 0.0007586161700601224
489.0 0.0008951084055297542
490.0 0.001031600550049916
491.0 0.0009299927114625461
492.0 0.0008283849638246465
493.0 0.0009061054697667714
494.0 0.0009838256119110156
495.0 0.0010547356396273244
496.0 0.0011256457582931034
497.0 0.001165363846666878
498.0 0.001205082116939593
499.0 0.001279813477594871
500.0 0.0013545447473006789
501.0 0.0016349396901205182
502.0 0.0019153347238898277
503.0 0.00220942802116042
504.0 0.0025035209546331316
505.0 0.0031043164199218154
506.0 0.003705111885210499
507.0 0.004504844037001021
508.0 0.005304576188791543
509.0 0.005635315028484911
510.0 0.005966053868178278
511.0 0.005312209759722464
512.0 0.004658365287468769
513.0 0.003928087608073838
514.0 0.0031978099286789075
515.0 0.003091287726419978
516.0 0.0029847657060599886
517.0 0.0029427999834297225
518.0 0.0029008342607994564
519.0 0.03250657464377582
520.0 0.07511379662901163
521.0 0.041674525709822774
522.0 0.09679713984951377
523.0 0.15172226121649146
524.0 0.057045387802645564
525.0 0.1362142967991531
526.0 0.12452295050024986
527.0 0.04360284365247935
528.0 0.1708800788037479
529.0 0.15351885231211782
530.0 0.2086699241772294
531.0 0.2810849342495203
532.0 0.2659380901604891
533.0 0.2846978139132261
534.0 0.40925187058746815
535.0 0.5878104362636805
536.0 0.8463351055979729
537.0 1.257244125008583
538.0 1.948539912700653
539.0 3.1845849007368088
540.0 5.035869777202606
541.0 7.226023077964783
542.0 10.0931316614151
543.0 13.7547105550766
544.0 18.248698115348816
545.0 23.180392384529114
546.0 29.164376854896545
547.0 36.30945384502411
548.0 44.84998285770416
549.0 52.98982262611389
550.0 59.23624038696289
551.0 66.13476872444153
552.0 70.50737142562866
553.0 75.4141092300415
554.0 78.87494564056396
555.0 82.60010480880737
556.0 86.12768054008484
557.0 88.63623142242432
558.0 91.27706289291382
559.0 94.10316944122314
560.0 93.97534728050232
561.0 95.12895345687866
562.0 95.84499001502991
563.0 95.49182653427124
564.0 95.79156041145325
565.0 95.68237662315369
566.0 96.00011110305786
567.0 95.43474316596985
568.0 96.29931449890137
569.0 97.11965918540955
570.0 96.39373421669006
571.0 97.23984599113464
572.0 97.00261354446411
573.0 96.94786071777344
574.0 97.14386463165283
575.0 97.22568988800049
576.0 97.84010052680969
577.0 97.22893238067627
578.0 97.45771288871765
579.0 97.23647236824036
580.0 96.93157076835632
581.0 96.80294394493103
582.0 96.98405265808105
583.0 96.99172377586365
584.0 96.27185463905334
585.0 96.78311944007874
586.0 96.7747688293457
587.0 96.80172801017761
588.0 96.92791700363159
589.0 97.72456884384155
590.0 96.96859121322632
591.0 96.1263656616211
592.0 96.09763026237488
593.0 95.9665596485138
594.0 95.86294889450073
595.0 96.62342667579651
596.0 96.9903826713562
597.0 97.36504554748535
598.0 97.08982110023499
599.0 97.22096920013428
600.0 97.04371690750122
601.0 96.09848260879517
602.0 96.82378768920898
603.0 96.49618864059448
604.0 96.37250304222107
605.0 96.8052625656128
606.0 96.27236127853394
607.0 96.3144302368164
608.0 96.2077260017395
609.0 95.94154953956604
610.0 96.05311751365662
611.0 95.81077098846436
612.0 95.85357308387756
613.0 96.90856337547302
614.0 97.02546000480652
615.0 96.63991332054138
616.0 96.69223427772522
617.0 96.61564230918884
618.0 96.37591242790222
619.0 96.86428904533386
620.0 96.08797430992126
621.0 95.97647786140442
622.0 96.63869142532349
623.0 96.76056504249573
624.0 96.7494249343872
625.0 96.93055152893066
626.0 95.95847725868225
627.0 95.39366960525513
628.0 97.4725067615509
629.0 96.32259011268616
630.0 96.53545618057251
631.0 96.07649445533752
632.0 97.29142189025879
633.0 96.63321375846863
634.0 96.00038528442383
635.0 96.19739055633545
636.0 96.16993069648743
637.0 95.80425024032593
638.0 95.41134834289551
639.0 95.67400217056274
640.0 95.65781354904175
641.0 95.68802118301392
642.0 96.41404747962952
643.0 96.65489196777344
644.0 96.08263969421387
645.0 96.34817838668823
646.0 96.2181568145752
647.0 97.24456071853638
648.0 96.72560095787048
649.0 96.05050086975098
650.0 96.7662513256073
651.0 97.04206585884094
652.0 96.93790674209595
653.0 95.49607038497925
654.0 96.8117356300354
655.0 96.7974603176117
656.0 96.01835608482361
657.0 96.28556370735168
658.0 96.5129554271698
659.0 96.24213576316833
660.0 95.65857648849487
661.0 95.71935534477234
662.0 96.15749716758728
663.0 96.04716300964355
664.0 95.87185382843018
665.0 95.46579718589783
666.0 95.24005651473999
667.0 95.88315486907959
668.0 95.29749751091003
669.0 95.97214460372925
670.0 95.61792016029358
671.0 95.73918581008911
672.0 95.61793804168701
673.0 95.53824663162231
674.0 95.34064531326294
675.0 95.95022201538086
676.0 95.20760178565979
677.0 94.16348934173584
678.0 93.65863800048828
679.0 92.27194786071777
680.0 91.33347272872925
681.0 89.96605277061462
682.0 87.32121586799622
683.0 84.48994755744934
684.0 80.96914291381836
685.0 77.41061449050903
686.0 73.50958585739136
687.0 68.62725615501404
688.0 64.33302760124207
689.0 59.87558960914612
690.0 54.718226194381714
691.0 50.863105058670044
692.0 46.18196487426758
693.0 41.693589091300964
694.0 36.44415736198425
695.0 31.0747891664505
696.0 25.48389434814453
697.0 20.20990550518036
698.0 14.56613838672638
699.0 10.251008719205856
700.0 6.894484162330627
701.0 4.217444360256195
702.0 2.6196088641881943
703.0 1.5442854724824429
704.0 0.8621899411082268
705.0 0.4599285311996937
706.0 0.3179056104272604
707.0 0.277576083317399
708.0 0.15362363774329424
709.0 0.1709907315671444
710.0 0.07576241041533649
711.0 0.05350746214389801
712.0 0.04728205094579607
713.0 0.07539867074228823
714.0 0.07497910992242396
715.0 0.0463843927718699
716.0 1.6507642692023539e-10
717.0 0.0369440094800666
718.0 0.08323148358613253
719.0 0.031955784652382135
720.0 1.6507642692023539e-10
721.0 0.004080414873897098
722.0 0.0040190450818045065
723.0 0.003957674925914034
724.0 0.0036028704926138744
725.0 0.003248065695515834
726.0 0.003105815267190337
727.0 0.002963565020763781
728.0 0.0028429891244741157
729.0 0.0027224128643865697
730.0 0.002572543417045381
731.0 0.002422673969704192
732.0 0.002335083809157368
733.0 0.0022474936486105435
734.0 0.002123024023603648
735.0 0.001998554580495693
736.0 0.0018889595594373532
737.0 0.0017793643564800732
738.0 0.0016278427210636437
739.0 0.0014763213584956247
740.0 0.0015558678569504991
741.0 0.001635414082556963
742.0 0.0015329325833590701
743.0 0.001430450993211707
744.0 0.0013772208149021026
745.0 0.0013239907275419682
746.0 0.0012312302715145051
747.0 0.0011384696335881017
748.0 0.0011228489711356815
749.0 0.001107228217733791
750.0 0.0010640996151778381
751.0 0.001020970921672415
752.0 0.001011924905469641
753.0 0.0010028789802163374
754.0 0.0010716248652897775
755.0 0.0011403705684642773
756.0 0.0011034318049496505
757.0 0.0010664928595360834
758.0 0.001113108010031283
759.0 0.0011597233424254227
760.0 0.0012271266314201057
761.0 0.0012945300113642588
762.0 0.0011607578016992193
763.0 0.0010269855010847095
764.0 0.0010108202332048677
765.0 0.0009946547834260855
766.0 0.0008166939551301766
767.0 0.0006387331268342678
768.0 0.0007257984179886989
769.0 0.0008128636181936599
770.0 0.0008071932825259864
771.0 0.0008015228559088428
772.0 0.0007939744136820082
773.0 0.000786425698606763
774.0 0.000739943106964347
775.0 0.0006934602879482554
776.0 0.0007213111075543566
777.0 0.000749162063584663
778.0 0.0006993644547037547
779.0 0.0006495668912975816
780.0 0.0006410296919057146
781.0 0.0006324923560896423
782.0 0.0006851184934930643
783.0 0.0007377448582701618
784.0 0.0007626857041032054
785.0 0.0007876264135120437
786.0 0.0006785640835005324
787.0 0.0005695017989637563
788.0 0.00063728507484484
789.0 0.0007050685780995991
790.0 0.0005464974037749926
791.0 0.0003879259566019755
792.0 0.00047081175580387935
793.0 0.0005536976004805183
794.0 0.0007009041837591212
795.0 0.0008481106306135189
796.0 0.00074873478297377
797.0 0.0006493590717582265
798.0 0.0006320904049061937
799.0 0.000614821783528896
800.0 0.000618672265773057
801.0 0.0006225226115930127
802.0 0.0006544251846207771
803.0 0.0006863277576485416
804.0 0.0006256233518797671
805.0 0.0005649189461109927
806.0 0.0005313216661306797
807.0 0.0004977244316251017
808.0 0.0006614265657844953
809.0 0.0008251286999438889
810.0 0.0007096989065757953
811.0 0.0005942690222582314
812.0 0.0006278088221733924
813.0 0.0006613485311390832
814.0 0.0007245904726005392
815.0 0.000787832323112525
816.0 0.0007767564056848641
817.0 0.0007656805792066734
818.0 0.0005630191935779294
819.0 0.0003603579671107582
820.0 0.000513280474478961
821.0 0.0006662029591097962
822.0 0.0006372765710693784
823.0 0.0006083502739784308
824.0 0.0005555883944907691
825.0 0.000502826787851518
826.0 0.0005142715053807478
827.0 0.0005257162229099777
828.0 0.0004848938715440454
829.0 0.0004440715656528482
830.0 0.00021431160348583944
831.0 1.6507642692023539e-10
832.0 3.5336637438376783e-05
833.0 8.612162787358102e-05
834.0 2.1141200079455302e-05
835.0 1.6507642692023539e-10
836.0 0.00013188105185690802
837.0 0.000307601203530794
838.0 0.0010930134521913715
839.0 0.0018784257918014191
840.0 0.002549487726355437
841.0 0.003220549479010515
842.0 0.0038272344681899995
843.0 0.0044339176383800805
844.0 0.004312243254389614
845.0 0.004190569234197028
846.0 0.004119255390833132
847.0 0.004047942638862878
848.0 0.0037759797123726457
849.0 0.0035040164220845327
850.0 0.0030356901334016584
851.0 0.0025673636628198437
852.0 0.0022411193640436977
853.0 0.001914874701469671
854.0 0.0016666816009092145
855.0 0.0014184884093992878
856.0 0.0011627518688328564
857.0 0.0009070152373169549
858.0 0.000684257020111545
859.0 0.0004614988483808702
860.0 0.0003522729912219802
861.0 0.00024304715680045774
862.0 0.0002677712700460688
863.0 0.00029249536055431236
864.0 0.00025465797079959884
865.0 0.00021682058104488533
866.0 0.0002261657073177048
867.0 0.00023551083359052427
868.0 0.00013179095503801364
869.0 2.807105943247734e-05
870.0 0.00016931332993408432
871.0 0.0003105556061200332
872.0 0.0002713665026021772
873.0 0.00023217739908432122
874.0 0.00026075747427967144
875.0 0.0002893375722123892
876.0 0.00010560198688835953
877.0 1.6507642692023539e-10
878.0 1.6507642692023539e-10
879.0 6.044581937203475e-05
880.0 0.0001117772967518249
881.0 0.0001631088025533245
882.0 0.00010367781442255364
883.0 4.424685187132127e-05
884.0 0.00010593008710202412
885.0 0.00016761335928094923
886.0 0.00021531907350436086
887.0 0.0002630247536217212
888.0 0.00023216662157210521
889.0 0.0002013084667851217
890.0 0.00016244532616838114
891.0 0.00012358218555164058
892.0 0.00016194359204746434
893.0 0.00020030497580592055
894.0 9.39656615628337e-05
895.0 1.6507642692023539e-10
896.0 1.6507642692023539e-10
897.0 1.6507642692023539e-10
898.0 1.6507642692023539e-10
899.0 1.6507642692023539e-10
900.0 1.6507642692023539e-10
901.0 1.6507642692023539e-10
