lsstCam/transmission_filter_detector/r43_s10/u_24/19700101T000000.ecsv
# %ECSV 1.0
# ---
# datatype:
# - {name: wavelength, unit: nm, datatype: float32}
# - {name: efficiency, unit: '%', datatype: float64}
# meta: !!omap
# - {MODE: DETECTOR}
# - {TYPE: transmission_filter_detector}
# - {CALIBDATE: '1970-01-01T00:00:00'}
# - {INSTRUME: LSSTCam}
# - {OBSTYPE: transmission_filter_detector}
# - {CALIBCLS: lsst.ip.isr.IntermediateFilterDetectorTransmissionCurve}
# - {SOURCE: Materion (DM-46256)}
# - {DETECTOR: 183}
# - {FILTER: u_24}
# - {CALIB_ID: 'calibDate=1970-01-01T00:00:00 filter=u_24 detector=183'}
# - {DATE: '2025-04-02T15:59:40.599180'}
# - {CALIB_CREATION_DATE: '2025-04-02'}
# - {CALIB_CREATION_TIME: '15:59:40'}
# - __serialized_columns__:
#     efficiency:
#       __class__: astropy.units.quantity.Quantity
#       unit: !astropy.units.Unit {unit: '%'}
#       value: !astropy.table.SerializedColumn {name: efficiency}
#     wavelength:
#       __class__: astropy.units.quantity.Quantity
#       unit: !astropy.units.Unit {unit: nm}
#       value: !astropy.table.SerializedColumn {name: wavelength}
# schema: astropy-2.0
wavelength efficiency
[from data line 581]
876.0 0.002485298136889469
877.0 0.0028107795515097678
878.0 0.0031362607842311263
879.0 0.003275752897025086
880.0 0.0034152450098190457
881.0 0.0033540021831868216
882.0 0.0032927593565545976
883.0 0.0032008043490350246
884.0 0.0031088486139196903
885.0 0.0030724455427844077
886.0 0.0030360426535480656
887.0 0.0030170183890732005
888.0 0.0029979937608004548
889.0 0.0029867827834095806
890.0 0.0029755712603218853
891.0 0.0029894061299273744
892.0 0.003003240635734983
893.0 0.0032073981856228784
894.0 0.0034115553717128932
895.0 0.0031472936825593933
896.0 0.002883031811506953
897.0 0.0030978604627307504
898.0 0.003312689295853488
899.0 0.003465633562882431
900.0 0.0036185778299113736
901.0 0.004022479697596282
902.0 0.004426381201483309
903.0 0.004690084460889921
904.0 0.004953787720296532
905.0 0.005085764132672921
906.0 0.00521774054504931
907.0 0.005568275082623586
908.0 0.005918809620197862
909.0 0.00577130304009188
910.0 0.005623796459985897
911.0 0.005599596988759004
912.0 0.0055753971537342295
913.0 0.005512564894161187
914.0 0.005449732634588145
915.0 0.005215609053266235
916.0 0.004981485108146444
917.0 0.005055428846389987
918.0 0.005129372584633529
919.0 0.005167476047063246
920.0 0.005205579873290844
921.0 0.0050193521019537
922.0 0.004833124694414437
923.0 0.004979649020242505
924.0 0.005126173346070573
925.0 0.005529369809664786
926.0 0.005932566273258999
927.0 0.006284204573603347
928.0 0.006635842873947695
929.0 0.006890790245961398
930.0 0.007145737617975101
931.0 0.007345038466155529
932.0 0.007544338586740196
933.0 0.0075310468673706055
934.0 0.007517754420405254
935.0 0.007622859993716702
936.0 0.00772796556702815
937.0 0.007359298615483567
938.0 0.006990633119130507
939.0 0.0066518623498268425
940.0 0.006313092308118939
941.0 0.005739994594478048
942.0 0.005166896153241396
943.0 0.004544600597000681
944.0 0.0039223054045578465
945.0 0.003592293433030136
946.0 0.0032622810977045447
947.0 0.002862780456780456
948.0 0.0024632798158563673
949.0 0.0020403442249516957
950.0 0.001617408634047024
951.0 0.0017350484995404258
952.0 0.0018526881831348874
953.0 0.0018667358745005913
954.0 0.0018807832020684145
955.0 0.0018694048776524141
956.0 0.0018580265532364137
957.0 0.0019444143617874943
958.0 0.0020308019884396344
959.0 0.0023715172574156895
960.0 0.0027122325263917446
961.0 0.003106927761109546
962.0 0.003501622995827347
963.0 0.0037951362173771486
964.0 0.004088649802724831
965.0 0.004425144652486779
966.0 0.0047616398660466075
967.0 0.004849811011808924
968.0 0.004937982521369122
969.0 0.004987424472346902
970.0 0.005036866423324682
971.0 0.005181900633033365
972.0 0.005326935206539929
973.0 0.0051318540499778464
974.0 0.004936772529617883
975.0 0.0047341600293293595
976.0 0.004531547529040836
977.0 0.004353150507085957
978.0 0.0041747534851310775
979.0 0.0038568017771467566
980.0 0.0035388504329603165
981.0 0.003491772440611385
982.0 0.0034446940844645724
983.0 0.0033028907637344673
984.0 0.003161087806802243
985.0 0.00331493720295839
986.0 0.0034687865991145372
987.0 0.003988033131463453
988.0 0.004507279663812369
989.0 0.0048789876018418
990.0 0.005250696267466992
991.0 0.0058320219977758825
992.0 0.006413349183276296
993.0 0.006736980867572129
994.0 0.007060613279463723
995.0 0.00735657595214434
996.0 0.007652537169633433
997.0 0.007601873221574351
998.0 0.007551209273515269
999.0 0.007275015377672389
1000.0 0.0069988222094252706
1001.0 0.006326103175524622
1002.0 0.005653385233017616
1003.0 0.005337443872122094
1004.0 0.0050215032388223335
1005.0 0.0050298680434934795
1006.0 0.0050382328481646255
1007.0 0.00449731269327458
1008.0 0.003956392174586654
1009.0 0.004100953083252534
1010.0 0.004245513628120534
1011.0 0.0038145051803439856
1012.0 0.0033834960049716756
1013.0 0.002930043774540536
1014.0 0.0024765913622104563
1015.0 0.0022007778170518577
1016.0 0.0019249642718932591
1017.0 0.0018333837942918763
1018.0 0.0017418033166904934
1019.0 0.0013609482266474515
1020.0 0.0009800930456549395
1021.0 0.0012325226634857245
1022.0 0.0014849522813165095
1023.0 0.0014128362636256497
1024.0 0.0013407201549853198
1025.0 0.0015255004655045923
1026.0 0.001710280957922805
1027.0 0.0017073682101909071
1028.0 0.0017044558262568898
1029.0 0.0018150718460674398
1030.0 0.0019256876839790493
1031.0 0.001827952655730769
1032.0 0.0017302174455835484
1033.0 0.0019789100406342186
1034.0 0.002227602635684889
1035.0 0.002305569432792254
1036.0 0.002383536411798559
1037.0 0.002726231650740374
1038.0 0.003068926525884308
1039.0 0.002831203346431721
1040.0 0.0025934799850801937
1041.0 0.0025873487174976617
1042.0 0.0025812172680161893
1043.0 0.0024101798771880567
1044.0 0.002239142486359924
1045.0 0.0020614183085854165
1046.0 0.0018836939489119686
1047.0 0.0022583280951948836
1048.0 0.0026329626052756794
1049.0 0.002182747812184971
1050.0 0.0017325330190942623
1051.0 0.0016976964616333134
1052.0 0.0016628597222734243
1053.0 0.0015600970073137432
1054.0 0.0014573342923540622
1055.0 0.0015024997992441058
1056.0 0.0015476653061341494
1057.0 0.0016235313523793593
1058.0 0.0016993977624224499
1059.0 0.0012897363376396243
1060.0 0.000880075094755739
1061.0 0.0009854708878265228
1062.0 0.0010908665899478365
1063.0 0.0015075481314852368
1064.0 0.001924229582073167
1065.0 0.001125843573390739
1066.0 0.0003274574055467383
1067.0 0.0009797011443879455
1068.0 0.00163194472406758
1069.0 0.0015142853953875601
1070.0 0.0013966258848086
1071.0 0.0016723639419069514
1072.0 0.0019481019990053028
1073.0 0.002547167969169095
1074.0 0.003146233575535007
1075.0 0.0027651396521832794
1076.0 0.0023840459107304923
1077.0 0.00331251067109406
1078.0 0.004240975249558687
1079.0 0.0037941634218441322
1080.0 0.0033473512303316966
1081.0 0.00365800442523323
1082.0 0.003968657620134763
1083.0 0.0038492587918881327
1084.0 0.003729859963641502
1085.0 0.004893251389148645
1086.0 0.006056643178453669
1087.0 0.005099707777844742
1088.0 0.004142772013437934
1089.0 0.0032661031582392752
1090.0 0.0023894348487374373
1091.0 0.0038718593714293092
1092.0 0.005354283712222241
1093.0 0.003736737198778428
1094.0 0.0021191908672335558
1095.0 0.003317140362923965
1096.0 0.004515089312917553
1097.0 0.0024177483282983303
1098.0 0.00032040745736594545
1099.0 0.0031935956940287724
1100.0 0.006066783680580556
