lsstCam/transmission_filter_detector/r43_s10/u_24/19700101T000000.ecsv
# %ECSV 1.0
# ---
# datatype:
# - {name: wavelength, unit: nm, datatype: float32}
# - {name: efficiency, unit: '%', datatype: float64}
# meta: !!omap
# - {MODE: DETECTOR}
# - {TYPE: transmission_filter_detector}
# - {CALIBDATE: '1970-01-01T00:00:00'}
# - {INSTRUME: LSSTCam}
# - {OBSTYPE: transmission_filter_detector}
# - {CALIBCLS: lsst.ip.isr.IntermediateFilterDetectorTransmissionCurve}
# - {SOURCE: Materion (DM-46256)}
# - {DETECTOR: 183}
# - {FILTER: u_24}
# - {CALIB_ID: 'calibDate=1970-01-01T00:00:00 filter=u_24 detector=183'}
# - {DATE: '2025-04-02T15:59:40.599180'}
# - {CALIB_CREATION_DATE: '2025-04-02'}
# - {CALIB_CREATION_TIME: '15:59:40'}
# - __serialized_columns__:
#     efficiency:
#       __class__: astropy.units.quantity.Quantity
#       unit: !astropy.units.Unit {unit: '%'}
#       value: !astropy.table.SerializedColumn {name: efficiency}
#     wavelength:
#       __class__: astropy.units.quantity.Quantity
#       unit: !astropy.units.Unit {unit: nm}
#       value: !astropy.table.SerializedColumn {name: wavelength}
# schema: astropy-2.0
wavelength efficiency
295.0 1.6420361164531938e-10
296.0 1.6420361164531938e-10
297.0 1.6420361164531938e-10
298.0 1.6420361164531938e-10
299.0 1.6420361164531938e-10
300.0 1.6420361164531938e-10
301.0 1.6420361164531938e-10
302.0 1.6420361164531938e-10
303.0 0.10866896482184529
304.0 0.31826754566282034
305.0 0.9507691487669945
306.0 2.5333277881145477
307.0 4.304967448115349
308.0 6.684598326683044
309.0 10.23646891117096
310.0 14.142860472202301
311.0 17.59476214647293
312.0 21.51171714067459
313.0 24.697749316692352
314.0 27.256765961647034
315.0 29.858040809631348
316.0 32.12248682975769
317.0 34.945860505104065
318.0 38.395676016807556
319.0 42.75931715965271
320.0 48.84727597236633
321.0 54.34514284133911
322.0 60.16928553581238
323.0 65.23392796516418
324.0 69.31918263435364
325.0 71.87602519989014
326.0 74.19281005859375
327.0 75.91727375984192
328.0 77.60380506515503
329.0 78.91568541526794
330.0 80.02780079841614
331.0 80.5121123790741
332.0 80.74169158935547
333.0 80.91904520988464
334.0 80.85126280784607
335.0 81.16682171821594
336.0 81.60510659217834
337.0 82.28070735931396
338.0 83.04404616355896
339.0 83.57332944869995
340.0 83.93496870994568
341.0 84.39903855323792
342.0 84.69431400299072
343.0 84.60063338279724
344.0 84.87749695777893
345.0 85.22731065750122
346.0 85.60736179351807
347.0 85.99151372909546
348.0 86.20714545249939
349.0 86.39355897903442
350.0 86.47074103355408
351.0 86.62983775138855
352.0 86.49856448173523
353.0 86.48545742034912
354.0 86.46317720413208
355.0 86.63101196289062
356.0 86.79428696632385
357.0 86.66693568229675
358.0 86.31022572517395
359.0 85.96760630607605
360.0 85.87474226951599
361.0 85.52126288414001
362.0 85.40931940078735
363.0 85.52890419960022
364.0 85.67745685577393
365.0 86.1379325389862
366.0 86.3921582698822
367.0 86.51846051216125
368.0 86.564040184021
369.0 86.73753142356873
370.0 86.5038514137268
371.0 86.46742701530457
372.0 86.5627110004425
373.0 86.79726719856262
374.0 86.82411313056946
375.0 87.08893060684204
376.0 87.31571435928345
377.0 87.36850619316101
378.0 87.40239143371582
379.0 86.93694472312927
380.0 86.02242469787598
381.0 84.51999425888062
382.0 82.56999850273132
383.0 80.49259781837463
384.0 78.40254306793213
385.0 75.82353949546814
386.0 73.14187288284302
387.0 69.56929564476013
388.0 65.85954427719116
389.0 61.417001485824585
390.0 57.12130069732666
391.0 52.82859206199646
392.0 48.46702516078949
393.0 44.84352469444275
394.0 41.30812585353851
395.0 37.403130531311035
396.0 33.04041624069214
397.0 27.22911238670349
398.0 20.79477310180664
399.0 14.042095839977264
400.0 8.295049518346786
401.0 4.129665344953537
402.0 1.5438090078532696
403.0 0.472502876073122
404.0 0.20098842214792967
405.0 0.07900064811110497
406.0 0.03279076190665364
407.0 0.027372475597076118
408.0 1.6420361164531938e-10
409.0 1.6420361164531938e-10
410.0 1.6420361164531938e-10
411.0 1.6420361164531938e-10
412.0 1.6420361164531938e-10
413.0 1.6420361164531938e-10
414.0 1.6420361164531938e-10
415.0 1.6420361164531938e-10
416.0 1.6420361164531938e-10
417.0 1.6420361164531938e-10
418.0 1.6420361164531938e-10
419.0 1.6420361164531938e-10
420.0 1.6420361164531938e-10
421.0 1.6420361164531938e-10
422.0 1.6420361164531938e-10
423.0 1.6420361164531938e-10
424.0 1.6420361164531938e-10
425.0 1.6420361164531938e-10
426.0 1.6420361164531938e-10
427.0 1.6420361164531938e-10
428.0 1.6420361164531938e-10
429.0 1.6420361164531938e-10
430.0 1.6420361164531938e-10
431.0 1.6420361164531938e-10
432.0 1.6420361164531938e-10
433.0 1.6420361164531938e-10
434.0 1.6420361164531938e-10
435.0 1.6420361164531938e-10
436.0 0.0004922681000607554
437.0 1.6420361164531938e-10
438.0 1.6420361164531938e-10
439.0 1.6420361164531938e-10
440.0 1.6420361164531938e-10
441.0 3.8174835026438814e-05
442.0 0.0006390364887920441
443.0 0.0005882014193048235
444.0 0.0005373660769691924
445.0 0.00013322061249709805
446.0 1.6420361164531938e-10
447.0 1.6420361164531938e-10
448.0 1.6420361164531938e-10
449.0 1.6420361164531938e-10
450.0 0.0012752952898154035
451.0 0.0010169450433750171
452.0 0.0007585947514598956
453.0 0.0004793565949512413
454.0 0.00020011864307889482
455.0 0.00038681509977323003
456.0 0.0005735115337301977
457.0 0.0005268289896775968
458.0 0.00048014658204920124
459.0 8.772233286435949e-05
460.0 1.6420361164531938e-10
461.0 1.6420361164531938e-10
462.0 1.6420361164531938e-10
463.0 1.6420361164531938e-10
464.0 1.6420361164531938e-10
465.0 1.6420361164531938e-10
466.0 1.6420361164531938e-10
467.0 0.00037446313854161417
468.0 0.0010849399586732034
469.0 0.00016827536910568597
470.0 1.6420361164531938e-10
471.0 1.6420361164531938e-10
472.0 1.6420361164531938e-10
473.0 1.6420361164531938e-10
474.0 7.623732045658471e-06
475.0 1.6420361164531938e-10
476.0 1.6420361164531938e-10
477.0 1.6420361164531938e-10
478.0 1.6420361164531938e-10
479.0 1.6420361164531938e-10
480.0 1.6420361164531938e-10
481.0 1.6420361164531938e-10
482.0 0.00016175833934539696
483.0 0.00012036455245834077
484.0 7.897056661931856e-05
485.0 1.6420361164531938e-10
486.0 1.6420361164531938e-10
487.0 1.6420361164531938e-10
488.0 1.5565115063509438e-05
489.0 1.6420361164531938e-10
490.0 1.6420361164531938e-10
491.0 4.1696364405652275e-05
492.0 0.00021362245661293855
493.0 0.00030619598874181975
494.0 0.0003987694981333334
495.0 0.00032151290270121535
496.0 0.00024425623905699467
497.0 1.6420361164531938e-10
498.0 1.6420361164531938e-10
499.0 1.6420361164531938e-10
500.0 1.6420361164531938e-10
501.0 1.6420361164531938e-10
502.0 6.321866408143251e-05
503.0 0.00023841732854634756
504.0 0.0004136160441703396
505.0 1.6420361164531938e-10
506.0 1.6420361164531938e-10
507.0 1.6420361164531938e-10
508.0 0.00015331833083109814
509.0 1.6420361164531938e-10
510.0 1.6420361164531938e-10
511.0 1.6420361164531938e-10
512.0 2.8228848236722115e-05
513.0 1.6420361164531938e-10
514.0 1.6420361164531938e-10
515.0 1.6420361164531938e-10
516.0 4.601717762398039e-05
517.0 1.417994610619644e-05
518.0 1.6420361164531938e-10
519.0 1.6420361164531938e-10
520.0 1.6420361164531938e-10
521.0 1.6420361164531938e-10
522.0 1.6420361164531938e-10
523.0 1.6420361164531938e-10
524.0 2.5773394440875563e-05
525.0 1.6420361164531938e-10
526.0 1.6420361164531938e-10
527.0 1.6420361164531938e-10
528.0 1.6420361164531938e-10
529.0 1.6420361164531938e-10
530.0 1.6420361164531938e-10
531.0 1.6420361164531938e-10
532.0 0.00017034999473253265
533.0 0.00012022107966913609
534.0 7.00920509189018e-05
535.0 5.773306384071475e-05
536.0 4.5374068236014864e-05
537.0 1.6420361164531938e-10
538.0 1.6420361164531938e-10
539.0 1.6420361164531938e-10
540.0 3.149372389543714e-05
541.0 1.6420361164531938e-10
542.0 1.6420361164531938e-10
543.0 1.6420361164531938e-10
544.0 1.6420361164531938e-10
545.0 1.6420361164531938e-10
546.0 3.5747382298723096e-05
547.0 1.6420361164531938e-10
548.0 1.6420361164531938e-10
549.0 1.6420361164531938e-10
550.0 1.6420361164531938e-10
551.0 1.6420361164531938e-10
552.0 1.6420361164531938e-10
553.0 1.6420361164531938e-10
554.0 1.6420361164531938e-10
555.0 1.6420361164531938e-10
556.0 1.6420361164531938e-10
557.0 1.6420361164531938e-10
558.0 0.00014765219020773657
559.0 1.6420361164531938e-10
560.0 1.6420361164531938e-10
561.0 1.6420361164531938e-10
562.0 1.6420361164531938e-10
563.0 1.6420361164531938e-10
564.0 1.6420361164531938e-10
565.0 1.6420361164531938e-10
566.0 1.6420361164531938e-10
567.0 0.0001684338030827348
568.0 0.00037302522741811117
569.0 0.00021960115645924816
570.0 6.617703434130817e-05
571.0 0.00021282633042574162
572.0 0.0003594756208258332
573.0 0.00030061055440455675
574.0 0.00024174546524591278
575.0 0.00021572070636466378
576.0 0.0001896959020086797
577.0 0.00027952660275332164
578.0 0.00036935739444743376
579.0 0.0007533996267738985
580.0 0.0011374418136256281
581.0 0.0010198680683970451
582.0 0.000902294232218992
583.0 0.0008771796274231747
584.0 0.0008520650226273574
585.0 0.0007396784894808661
586.0 0.000627292047283845
587.0 0.0006503870281449053
588.0 0.0006734819635312306
589.0 0.0005697168035112554
590.0 0.0004659515980165452
591.0 0.0006131583177193534
592.0 0.0007603649464726914
593.0 0.0007058283244987251
594.0 0.0006512916570500238
595.0 0.0008095044904621318
596.0 0.0009677173693489749
597.0 0.0014406105947273318
598.0 0.0019135039110551588
599.0 0.002115486677212175
600.0 0.002317469261470251
601.0 0.002442100776534062
602.0 0.002566732291597873
603.0 0.0023808022888260894
604.0 0.002194872467953246
605.0 0.0018927303244709037
606.0 0.0015905881809885614
607.0 0.001277255159948254
608.0 0.0009639219570090063
609.0 0.0008375797733606305
610.0 0.0007112378170859301
611.0 0.0005555870757234516
612.0 0.0003999362434115028
613.0 0.0005639974006044213
614.0 0.0007280585577973397
615.0 0.0005801689894724404
616.0 0.00043227933019807097
617.0 0.0004010904831375228
618.0 0.0003699015451275045
619.0 0.0005222821982897585
620.0 0.0006746627605025424
621.0 0.0006056497568351915
622.0 0.0005366367531678407
623.0 0.0006327044047793606
624.0 0.0007287720109161455
625.0 0.0009434153071197215
626.0 0.001158058785222238
627.0 0.0011345779967086855
628.0 0.0011110972081951331
629.0 0.0015343588529503904
630.0 0.001957620588655118
631.0 0.002084511834254954
632.0 0.002211403443652671
633.0 0.002463237979100086
634.0 0.0027150723326485604
635.0 0.0027172804038855247
636.0 0.0027194881113246083
637.0 0.0024299288270412944
638.0 0.0021403695427579805
639.0 0.0019153550965711474
640.0 0.001690340468485374
641.0 0.0015207424439722672
642.0 0.0013511444194591604
643.0 0.0007283817012648797
644.0 0.00010561898307059892
645.0 0.00016322970850524143
646.0 0.00022084034299041377
647.0 0.00025556980745022884
648.0 0.0002902992264353088
649.0 0.0004607665232470026
650.0 0.0006312337063718587
651.0 0.0010168787412112579
652.0 0.001402523776050657
653.0 0.0014597508197766729
654.0 0.0015169777725532185
655.0 0.002004135421884712
656.0 0.0024912931621656753
657.0 0.003030703192052897
658.0 0.003570113403839059
659.0 0.0035920187656302005
660.0 0.003613924127421342
661.0 0.003164034933433868
662.0 0.002714145557547454
663.0 0.002144071549992077
664.0 0.0015739975424367003
665.0 0.0013883812243875582
666.0 0.0012027649972878862
667.0 0.0010325667972210795
668.0 0.0008623686881037429
669.0 0.000722651748219505
670.0 0.0005829345809615916
671.0 0.0006095609478506958
672.0 0.0006361873602145351
673.0 0.0007712100341450423
674.0 0.0009062327990250196
675.0 0.0011797462320828345
676.0 0.0014532597560901195
677.0 0.0020351799321360886
678.0 0.0026171001081820577
679.0 0.003499838203424588
680.0 0.004382576298667118
681.0 0.006148177635623142
682.0 0.007913778972579166
683.0 0.009516186401015148
684.0 0.01111859455704689
685.0 0.010746804036898538
686.0 0.01037501497194171
687.0 0.008940871339291334
688.0 0.007506729889428243
689.0 0.0063210667576640844
690.0 0.005135404353495687
691.0 0.004395492214825936
692.0 0.003655580439954065
693.0 0.0028795837351935916
694.0 0.002103587394230999
695.0 0.0015935198462102562
696.0 0.001083452571037924
697.0 0.0009685878467280418
698.0 0.0008537230314686894
699.0 0.0007435621228069067
700.0 0.000633401214145124
701.0 0.0006972543815209065
702.0 0.000761107548896689
703.0 0.0006583391495951219
704.0 0.0005555707502935547
705.0 0.0005903095825487981
706.0 0.0006250485512282467
707.0 0.000756933377488167
708.0 0.0008888183401722927
709.0 0.0008854865882312879
710.0 0.0008821550181892235
711.0 0.0008982973668025807
712.0 0.0009144397154159378
713.0 0.0007595099305035546
714.0 0.0006045801910659065
715.0 0.0005026711278333096
716.0 0.0004007620646007126
717.0 0.00042761557779158466
718.0 0.0004544690000329865
719.0 0.00035312432373757474
720.0 0.00025177957923006034
721.0 0.00013839407984050922
722.0 2.5008608872667537e-05
723.0 0.0001972256768567604
724.0 0.00036944284147466533
725.0 0.00042659421524149366
726.0 0.00048374572543252725
727.0 0.0004904805791738909
728.0 0.0004972154329152545
729.0 0.0002900292429330875
730.0 8.284299610750168e-05
731.0 0.00021910734631092055
732.0 0.0003553717078830232
733.0 0.0004528960744210053
734.0 0.0005504202817974146
735.0 0.0004946622084389674
736.0 0.0004389039986563148
737.0 0.0005877274361409945
738.0 0.0007365507826762041
739.0 0.0011173399798281025
740.0 0.001498129222454736
741.0 0.0019262539353803732
742.0 0.00235437855735654
743.0 0.002943037179647945
744.0 0.0035316956200404093
745.0 0.0039499831473222
746.0 0.004368270674603991
747.0 0.00441013507952448
748.0 0.004451999484444968
749.0 0.0042218223825329915
750.0 0.003991645644418895
751.0 0.0037886231439188123
752.0 0.0035856006434187293
753.0 0.0034143919037887827
754.0 0.0032431835279567167
755.0 0.0028916934752487577
756.0 0.002540203604439739
757.0 0.0019130622604279779
758.0 0.0012859207345172763
759.0 0.0011268881280557252
760.0 0.0009678556125436444
761.0 0.0008906461516744457
762.0 0.0008134365998557769
763.0 0.0006993636361585231
764.0 0.0005852907634107396
765.0 0.0005983544724585954
766.0 0.0006114182269811863
767.0 0.00047502849156444427
768.0 0.00033863877888506977
769.0 0.00044491703192761634
770.0 0.0005511953986570006
771.0 0.0007110460046533262
772.0 0.0008708965651749168
773.0 0.0009670752660895232
774.0 0.001063253603206249
775.0 0.00082648866737145
776.0 0.000589723731536651
777.0 0.0007217939128167927
778.0 0.0008538640940969344
779.0 0.0009493997822573874
780.0 0.0010449354704178404
781.0 0.0012155513104517013
782.0 0.001386167059536092
783.0 0.0012589448488142807
784.0 0.00113172291094088
785.0 0.0012469280591176357
786.0 0.0013621332982438616
787.0 0.001220079866470769
788.0 0.0010780265256471466
789.0 0.0011015958079951815
790.0 0.0011251650903432164
791.0 0.0009613939255359583
792.0 0.0007976228516781703
793.0 0.0006747789029759588
794.0 0.0005519348633242771
795.0 0.0005580633569479687
796.0 0.0005641918050969252
797.0 0.00037041158975625876
798.0 0.00017663146536506247
799.0 0.00017409690826752922
800.0 0.00017156239664473105
801.0 0.00011398907417969895
802.0 5.6415933613607194e-05
803.0 1.6420361164531938e-10
804.0 1.6420361164531938e-10
805.0 1.6420361164531938e-10
806.0 0.00010954482831948553
807.0 0.000193223377209506
808.0 0.00027690193746821024
809.0 0.0002849230440915562
810.0 0.0002929441052401671
811.0 0.00039254136936506256
812.0 0.000492138633489958
813.0 0.00038432685869338457
814.0 0.0002765150156847085
815.0 0.0002698814341783873
816.0 0.00026324782993469853
817.0 0.0002652968078109552
818.0 0.000267345831161947
819.0 0.00037832132875337265
820.0 0.0004892967808700632
821.0 0.0004573696514853509
822.0 0.00042544238567643333
823.0 0.0003014959929714678
824.0 0.00017754967984728864
825.0 0.00022548185825144174
826.0 0.0002734137979132356
827.0 7.903443588475056e-05
828.0 1.6420361164531938e-10
829.0 1.6420361164531938e-10
830.0 5.9569561017269734e-05
831.0 4.527274199972453e-06
832.0 1.6420361164531938e-10
833.0 1.6420361164531938e-10
834.0 1.6420361164531938e-10
835.0 1.6420361164531938e-10
836.0 1.6420361164531938e-10
837.0 1.6420361164531938e-10
838.0 1.6420361164531938e-10
839.0 1.6420361164531938e-10
840.0 1.6420361164531938e-10
841.0 1.6420361164531938e-10
842.0 1.6420361164531938e-10
843.0 9.959696001260454e-06
844.0 0.00018286920067112078
845.0 0.00011057430810978985
846.0 3.8279375758065726e-05
847.0 0.00024632747681607725
848.0 0.00045437559492711443
849.0 0.0003352180783622316
850.0 0.0002160605163226137
851.0 0.0003498523028611089
852.0 0.00048364395297539886
853.0 0.0006341617790894816
854.0 0.0007846797416277695
855.0 0.0009396428140462376
856.0 0.0010946061593131162
857.0 0.0010489236956345849
858.0 0.0010032412319560535
859.0 0.0010295298125129193
860.0 0.0010558181202213746
861.0 0.0013130320439813659
862.0 0.0015702460586908273
863.0 0.0016809895896585658
864.0 0.0017917336663231254
865.0 0.0015871470168349333
866.0 0.0013825606401951518
867.0 0.0015153473214013502
868.0 0.0016481339116580784
869.0 0.0017971220586332493
870.0 0.0019461103875073604
871.0 0.0020389486962812953
872.0 0.00213178700505523
873.0 0.0024435887098661624
874.0 0.002755390596576035
