lsstCam/transmission_filter_detector/r13_s00/i_39/19700101T000000.ecsv
# %ECSV 1.0
# ---
# datatype:
# - {name: wavelength, unit: nm, datatype: float32}
# - {name: efficiency, unit: '%', datatype: float64}
# meta: !!omap
# - {MODE: DETECTOR}
# - {TYPE: transmission_filter_detector}
# - {CALIBDATE: '1970-01-01T00:00:00'}
# - {INSTRUME: LSSTCam}
# - {OBSTYPE: transmission_filter_detector}
# - {CALIBCLS: lsst.ip.isr.IntermediateFilterDetectorTransmissionCurve}
# - {SOURCE: Materion (DM-46256)}
# - {DETECTOR: 54}
# - {FILTER: i_39}
# - {CALIB_ID: 'calibDate=1970-01-01T00:00:00 filter=i_39 detector=54'}
# - {DATE: '2025-04-02T15:59:46.729233'}
# - {CALIB_CREATION_DATE: '2025-04-02'}
# - {CALIB_CREATION_TIME: '15:59:46'}
# - __serialized_columns__:
#     efficiency:
#       __class__: astropy.units.quantity.Quantity
#       unit: !astropy.units.Unit {unit: '%'}
#       value: !astropy.table.SerializedColumn {name: efficiency}
#     wavelength:
#       __class__: astropy.units.quantity.Quantity
#       unit: !astropy.units.Unit {unit: nm}
#       value: !astropy.table.SerializedColumn {name: wavelength}
# schema: astropy-2.0
wavelength efficiency
[from data line 600]
900.0 1.589319821582169e-10
901.0 1.589319821582169e-10
902.0 1.589319821582169e-10
903.0 1.589319821582169e-10
904.0 1.589319821582169e-10
905.0 1.589319821582169e-10
906.0 1.589319821582169e-10
907.0 2.526177524941886e-05
908.0 0.0001819499630073551
909.0 1.589319821582169e-10
910.0 1.589319821582169e-10
911.0 1.589319821582169e-10
912.0 0.0001645877091505099
913.0 0.0001239871266989212
914.0 8.338657266904193e-05
915.0 1.589319821582169e-10
916.0 1.589319821582169e-10
917.0 1.589319821582169e-10
918.0 1.589319821582169e-10
919.0 1.589319821582169e-10
920.0 1.7946975461313741e-06
921.0 1.589319821582169e-10
922.0 1.589319821582169e-10
923.0 1.589319821582169e-10
924.0 1.589319821582169e-10
925.0 4.024765871690761e-05
926.0 0.00024160017346730456
927.0 1.589319821582169e-10
928.0 1.589319821582169e-10
929.0 1.589319821582169e-10
930.0 0.00017220352219737833
931.0 0.0001257729763892712
932.0 7.934243626550597e-05
933.0 8.434499818577024e-05
934.0 8.934759989642771e-05
935.0 1.589319821582169e-10
936.0 1.589319821582169e-10
937.0 1.589319821582169e-10
938.0 1.589319821582169e-10
939.0 1.589319821582169e-10
940.0 1.589319821582169e-10
941.0 1.589319821582169e-10
942.0 1.589319821582169e-10
943.0 1.589319821582169e-10
944.0 1.589319821582169e-10
945.0 1.589319821582169e-10
946.0 1.589319821582169e-10
947.0 1.589319821582169e-10
948.0 1.589319821582169e-10
949.0 1.589319821582169e-10
950.0 1.589319821582169e-10
951.0 1.589319821582169e-10
952.0 1.1432005209144336e-05
953.0 1.589319821582169e-10
954.0 1.589319821582169e-10
955.0 0.00011539673323568422
956.0 0.0002740748868745868
957.0 0.0002182601747335866
958.0 0.00016244540574916755
959.0 0.00014845674058960867
960.0 0.00013446808679873357
961.0 0.00013947638990430278
962.0 0.00014448468164118822
963.0 4.704240268438298e-05
964.0 1.589319821582169e-10
965.0 1.589319821582169e-10
966.0 1.589319821582169e-10
967.0 1.589319821582169e-10
968.0 1.589319821582169e-10
969.0 1.589319821582169e-10
970.0 0.0001129732822846563
971.0 3.9881436464384024e-05
972.0 1.589319821582169e-10
973.0 1.589319821582169e-10
974.0 1.589319821582169e-10
975.0 1.589319821582169e-10
976.0 1.589319821582169e-10
977.0 1.589319821582169e-10
978.0 1.589319821582169e-10
979.0 1.589319821582169e-10
980.0 1.589319821582169e-10
981.0 1.589319821582169e-10
982.0 1.589319821582169e-10
983.0 1.589319821582169e-10
984.0 1.589319821582169e-10
985.0 0.00010161929822061211
986.0 0.00023379457161354367
987.0 7.363145755334699e-05
988.0 1.589319821582169e-10
989.0 1.589319821582169e-10
990.0 1.589319821582169e-10
991.0 1.589319821582169e-10
992.0 1.589319821582169e-10
993.0 1.589319821582169e-10
994.0 3.0025611863493396e-05
995.0 1.589319821582169e-10
996.0 1.589319821582169e-10
997.0 6.358475843626366e-05
998.0 0.0002860775566659868
999.0 0.00033066105515899835
1000.0 0.00037524450817727484
1001.0 0.00022314682155410992
1002.0 7.104907808752614e-05
1003.0 0.00014776273928873707
1004.0 0.0002244764345959993
1005.0 4.265845632289711e-05
1006.0 1.589319821582169e-10
1007.0 1.589319821582169e-10
1008.0 0.00011675082305373508
1009.0 0.00011101334393970319
1010.0 0.00010527579661356867
1011.0 0.00017008572967824875
1012.0 0.00023489562863687752
1013.0 0.00041228208829124924
1014.0 0.0005896685706829885
1015.0 0.000489382318846765
1016.0 0.0003890961579600116
1017.0 0.00047464836825383827
1018.0 0.0005602007604466053
1019.0 0.0003999002274213126
1020.0 0.00023959962618391728
1021.0 0.00021344987999327714
1022.0 0.00018730011106526945
1023.0 0.0005469294592330698
1024.0 0.0009065588528756052
1025.0 0.0007261381597345462
1026.0 0.000545717375644017
1027.0 0.0005004459126212168
1028.0 0.0004551743586489465
1029.0 0.000864812136569526
1030.0 0.0012744499144901056
1031.0 0.0018815164366969839
1032.0 0.0024885826860554516
1033.0 0.0025762905352166854
1034.0 0.0026639976567821577
1035.0 0.0031822910386836156
1036.0 0.003700584056787193
1037.0 0.0037288082239683717
1038.0 0.0037570323911495507
1039.0 0.0032246967748505995
1040.0 0.0026923617042484693
1041.0 0.0023616195903741755
1042.0 0.002030877658398822
1043.0 0.002877856240957044
1044.0 0.0037248344597173855
1045.0 0.00358396464434918
1046.0 0.003443094828980975
1047.0 0.0030630802939413115
1048.0 0.0026830657589016482
1049.0 0.002438671435811557
1050.0 0.002194277294620406
1051.0 0.002273815880471375
1052.0 0.002353354648221284
1053.0 0.0015179278307186905
1054.0 0.0006825008767918916
1055.0 0.0007028511845419416
1056.0 0.0007232015377667267
1057.0 0.0008077256097749341
1058.0 0.0008922497727326117
1059.0 0.000861654643813381
1060.0 0.0008310598786920309
1061.0 0.0018214450392406434
1062.0 0.002811829654092435
1063.0 0.0030418952519539744
1064.0 0.0032719610317144543
1065.0 0.003513509363983758
1066.0 0.0037550584238488227
1067.0 0.004508105485001579
1068.0 0.005261152909952216
1069.0 0.004210565748508088
1070.0 0.0031599785870639607
1071.0 0.0028291033231653273
1072.0 0.002498227695468813
1073.0 0.0027031679564970545
1074.0 0.0029081080356263556
1075.0 0.0034542594221420586
1076.0 0.004000410262960941
1077.0 0.003002360972459428
1078.0 0.002004310954362154
1079.0 0.0021736015696660616
1080.0 0.002342892184969969
1081.0 0.0016087682524812408
1082.0 0.0008746440471441019
1083.0 0.00020826205400226172
1084.0 1.589319821582169e-10
1085.0 0.00037987456380506046
1086.0 0.0012178697033959907
1087.0 0.0012574329957715236
1088.0 0.0012969962881470565
1089.0 1.589319821582169e-10
1090.0 1.589319821582169e-10
1091.0 1.589319821582169e-10
1092.0 1.589319821582169e-10
1093.0 1.589319821582169e-10
1094.0 0.000508267567056464
1095.0 0.00047221724344126415
1096.0 0.0004361670562502695
1097.0 1.589319821582169e-10
1098.0 1.589319821582169e-10
1099.0 1.589319821582169e-10
1100.0 1.589319821582169e-10
