lsstCam/transmission_filter_detector/r13_s00/i_39/19700101T000000.ecsv
# %ECSV 1.0
# ---
# datatype:
# - {name: wavelength, unit: nm, datatype: float32}
# - {name: efficiency, unit: '%', datatype: float64}
# meta: !!omap
# - {MODE: DETECTOR}
# - {TYPE: transmission_filter_detector}
# - {CALIBDATE: '1970-01-01T00:00:00'}
# - {INSTRUME: LSSTCam}
# - {OBSTYPE: transmission_filter_detector}
# - {CALIBCLS: lsst.ip.isr.IntermediateFilterDetectorTransmissionCurve}
# - {SOURCE: Materion (DM-46256)}
# - {DETECTOR: 54}
# - {FILTER: i_39}
# - {CALIB_ID: 'calibDate=1970-01-01T00:00:00 filter=i_39 detector=54'}
# - {DATE: '2025-04-02T15:59:46.729233'}
# - {CALIB_CREATION_DATE: '2025-04-02'}
# - {CALIB_CREATION_TIME: '15:59:46'}
# - __serialized_columns__:
#     efficiency:
#       __class__: astropy.units.quantity.Quantity
#       unit: !astropy.units.Unit {unit: '%'}
#       value: !astropy.table.SerializedColumn {name: efficiency}
#     wavelength:
#       __class__: astropy.units.quantity.Quantity
#       unit: !astropy.units.Unit {unit: nm}
#       value: !astropy.table.SerializedColumn {name: wavelength}
# schema: astropy-2.0
wavelength efficiency
300.0 0.08102720021270216
301.0 0.03391796781215817
302.0 1.589319821582169e-10
303.0 0.01638542889850214
304.0 0.045962093281559646
305.0 0.037791221984662116
306.0 0.029620356508530676
307.0 0.009771534678293392
308.0 1.589319821582169e-10
309.0 1.589319821582169e-10
310.0 1.589319821582169e-10
311.0 1.589319821582169e-10
312.0 0.005303352008922957
313.0 0.0024039280106080696
314.0 1.589319821582169e-10
315.0 1.589319821582169e-10
316.0 1.589319821582169e-10
317.0 1.589319821582169e-10
318.0 1.589319821582169e-10
319.0 1.589319821582169e-10
320.0 1.589319821582169e-10
321.0 1.589319821582169e-10
322.0 0.001100005738408072
323.0 1.589319821582169e-10
324.0 1.589319821582169e-10
325.0 1.589319821582169e-10
326.0 1.589319821582169e-10
327.0 1.589319821582169e-10
328.0 0.003053690306842327
329.0 0.002555230457801372
330.0 0.002056770790659357
331.0 0.0014331536476674955
332.0 0.000809537414170336
333.0 0.0014525157894240692
334.0 0.002095494346576743
335.0 0.000983713471214287
336.0 1.589319821582169e-10
337.0 0.0009702575880510267
338.0 0.00206858148885658
339.0 0.002471902917022817
340.0 0.0028752243451890536
341.0 1.589319821582169e-10
342.0 1.589319821582169e-10
343.0 1.589319821582169e-10
344.0 1.589319821582169e-10
345.0 1.589319821582169e-10
346.0 1.589319821582169e-10
347.0 1.589319821582169e-10
348.0 1.589319821582169e-10
349.0 1.589319821582169e-10
350.0 1.589319821582169e-10
351.0 1.589319821582169e-10
352.0 1.589319821582169e-10
353.0 1.589319821582169e-10
354.0 1.589319821582169e-10
355.0 1.589319821582169e-10
356.0 6.623872081945592e-05
357.0 0.0005923606750002364
358.0 0.0011184827599208802
359.0 0.0010095439392898697
360.0 0.0009006047548609786
361.0 0.0006966680757614085
362.0 0.0004927315330860438
363.0 0.00017912949488163576
364.0 1.589319821582169e-10
365.0 0.001040715960698435
366.0 0.002215904532931745
367.0 0.0014498849850497209
368.0 0.0006838655281171668
369.0 0.0010447631211718544
370.0 0.0014056608961254824
371.0 0.001205250373459421
372.0 0.0010048398507933598
373.0 0.0008337892722920515
374.0 0.0006627385573665379
375.0 0.0001244445570591779
376.0 1.589319821582169e-10
377.0 1.589319821582169e-10
378.0 1.589319821582169e-10
379.0 1.589319821582169e-10
380.0 1.589319821582169e-10
381.0 1.589319821582169e-10
382.0 1.589319821582169e-10
383.0 0.00036730577903654194
384.0 0.0015888952475506812
385.0 0.0013943139492766932
386.0 0.0011997324691037647
387.0 1.589319821582169e-10
388.0 1.589319821582169e-10
389.0 1.589319821582169e-10
390.0 1.589319821582169e-10
391.0 1.589319821582169e-10
392.0 1.589319821582169e-10
393.0 1.589319821582169e-10
394.0 0.0007644120159966405
395.0 1.589319821582169e-10
396.0 1.589319821582169e-10
397.0 1.589319821582169e-10
398.0 1.589319821582169e-10
399.0 1.589319821582169e-10
400.0 1.589319821582169e-10
401.0 0.0010849681530089583
402.0 0.0022409822122426704
403.0 0.001992600846278947
404.0 0.0017442196622141637
405.0 0.004362280742498115
406.0 0.006980342004681006
407.0 0.003780102269956842
408.0 0.0005798604888695991
409.0 0.0008406581400777213
410.0 0.0011014537449227646
411.0 0.0025112069124588743
412.0 0.003920960807590745
413.0 0.004430209810379893
414.0 0.004939460268360563
415.0 0.00411811561207287
416.0 0.003296770591987297
417.0 0.0022051628548069857
418.0 0.0011135550266772043
419.0 0.0028301970814936794
420.0 0.004546838681562804
421.0 0.0036901696148561314
422.0 0.0028334998205536976
423.0 0.0032605090382276103
424.0 0.0036875178921036422
425.0 0.003220720827812329
426.0 0.002753922854026314
427.0 0.003961492257076316
428.0 0.005169062205823138
429.0 0.005476719525177032
430.0 0.005784377572126687
431.0 0.004605905633070506
432.0 0.003427434421610087
433.0 0.0035414726880844682
434.0 0.0036555109545588493
435.0 0.0031819236028240994
436.0 0.0027083362510893494
437.0 0.0022260892365011387
438.0 0.001743842221912928
439.0 0.001884811899799388
440.0 0.0020257819414837286
441.0 0.0007218152404675493
442.0 1.589319821582169e-10
443.0 1.589319821582169e-10
444.0 0.00013554083579947473
445.0 1.589319821582169e-10
446.0 1.589319821582169e-10
447.0 2.0059844985098607e-05
448.0 0.0007641252523171715
449.0 1.589319821582169e-10
450.0 1.589319821582169e-10
451.0 6.870162110317324e-05
452.0 0.0010928410119959153
453.0 0.0017677852156339213
454.0 0.0024427296011708677
455.0 0.0021827177988598123
456.0 0.001922705996548757
457.0 0.0013570508599514142
458.0 0.000791395541455131
459.0 0.00039114602259360254
460.0 1.589319821582169e-10
461.0 0.00038453390516224317
462.0 0.0007781714884913526
463.0 0.0002206915951319388
464.0 1.589319821582169e-10
465.0 8.739315831007843e-05
466.0 0.0005115745352668455
467.0 0.0006714373284921749
468.0 0.0008313000762427691
469.0 0.0005127481017552782
470.0 0.00019419617274252232
471.0 0.0005604797479463741
472.0 0.000926763368624961
473.0 0.000999470012175152
474.0 0.0010721769285737537
475.0 0.0007654735782125499
476.0 0.00045877063712396193
477.0 0.0010067782568512484
478.0 0.00155478592205327
479.0 0.001300419262406649
480.0 0.0010460526937094983
481.0 0.002504545591364149
482.0 0.003963036942877807
483.0 0.0053284267778508365
484.0 0.006693815521430224
485.0 0.007549631118308753
486.0 0.00840544598759152
487.0 0.011480984539957717
488.0 0.014556522364728153
489.0 0.017496984219178557
490.0 0.020437446073628962
491.0 0.02240336616523564
492.0 0.024369287712033838
493.0 0.025769960484467447
494.0 0.02717063471209258
495.0 0.02430507738608867
496.0 0.021439517149701715
497.0 0.017670159286353737
498.0 0.01390080142300576
499.0 0.009810781193664297
500.0 0.005720761691918597
501.0 0.0043128191464347765
502.0 0.002904876964748837
503.0 0.0024935474357334897
504.0 0.0020822175429202616
505.0 0.0018702843590290286
506.0 0.0016583511751377955
507.0 0.0016342833987437189
508.0 0.0016102152585517615
509.0 0.001958334178198129
510.0 0.0023064527340466157
511.0 0.0017332642528344877
512.0 0.0011600754987739492
513.0 0.0016222853446379304
514.0 0.002084494917653501
515.0 0.0026452180463820696
516.0 0.003205941175110638
517.0 0.0025948032998712733
518.0 0.0019836654246319085
519.0 0.0020708799638669007
520.0 0.002158094685000833
521.0 0.001763896580087021
522.0 0.0013696986570721492
523.0 0.0014428766917262692
524.0 0.0015160549992287997
525.0 0.0019428032828727737
526.0 0.0023695514755672775
527.0 0.0024562719772802666
528.0 0.002542992660892196
529.0 0.0018462480511516333
530.0 0.0011495034414110705
531.0 0.001357651944999816
532.0 0.001565800812386442
533.0 0.0015923733371892013
534.0 0.001618946043890901
535.0 0.0016860976757016033
536.0 0.0017532493075123057
537.0 0.0024592287445557304
538.0 0.0031652078178012744
539.0 0.003778197424253449
540.0 0.004391186666907743
541.0 0.005170077565708198
542.0 0.005948968464508653
543.0 0.005208760194364004
544.0 0.004468551924219355
545.0 0.0036417372029973194
546.0 0.002814923027472105
547.0 0.002247950942546595
548.0 0.0016809790395200253
549.0 0.0018647215256351046
550.0 0.002048464557447005
551.0 0.0017927930457517505
552.0 0.0015371218978543766
553.0 0.0016225270883296616
554.0 0.001707932460703887
555.0 0.0012790919754479546
556.0 0.000850251399242552
557.0 0.0007154897957661888
558.0 0.0005807283741887659
559.0 0.00019247295313107315
560.0 1.589319821582169e-10
561.0 0.0005779642833658727
562.0 0.0013517111256078351
563.0 0.001534131843072828
564.0 0.0017165526514872909
565.0 0.0014038471817912068
566.0 0.001091141803044593
567.0 0.0008035567589104176
568.0 0.000515971623826772
569.0 0.0005740917458751937
570.0 0.0006322117314994102
571.0 0.00045985207179910503
572.0 0.0002874924348361674
573.0 0.0004156911018071696
574.0 0.0005438898369902745
575.0 0.0004960769274475751
576.0 0.0004482639269554056
577.0 0.0005473052624438424
578.0 0.0006463466434070142
579.0 0.0003306415237602778
580.0 1.4936456693703803e-05
581.0 0.00015396882417917368
582.0 0.00029300117603270337
583.0 0.0004206857283861609
584.0 0.0005483702352648834
585.0 0.0007702515176788438
586.0 0.0009921330274664797
587.0 0.0009099295311898459
588.0 0.0008277260349132121
589.0 0.0007366873887804104
590.0 0.0006456487881223438
591.0 0.000743159580451902
592.0 0.0008406705092056654
593.0 0.0005336721187632065
594.0 0.00022667366010864498
595.0 0.0005857351879967609
596.0 0.0009447966476727743
597.0 0.0007787556569383014
598.0 0.0006127147571532987
599.0 0.0006207864316820633
600.0 0.0006288579697866226
601.0 0.000464893719254178
602.0 0.00030092942324699834
603.0 0.00026333843834436266
604.0 0.00022574733975488925
605.0 0.00021880514395888895
606.0 0.0002118629709002562
607.0 0.00044311696001386736
608.0 0.0006743708127032733
609.0 0.0005363220225262921
610.0 0.00039827295950090047
611.0 0.0006553268121933797
612.0 0.0009123807103605941
613.0 0.0006241655682970304
614.0 0.000335950562657672
615.0 2.9691446457036363e-05
616.0 1.589319821582169e-10
617.0 1.589319821582169e-10
618.0 0.0001828362314881815
619.0 0.00029017628548899665
620.0 0.00039751639633323066
621.0 0.0005332971795724006
622.0 0.0006690779173368355
623.0 0.0005689908448403003
624.0 0.0004689038178185001
625.0 0.00040561762943980284
626.0 0.0003423314637984731
627.0 0.000291804440166743
628.0 0.0002412774165350129
629.0 0.0004125366558582755
630.0 0.0005837960088683758
631.0 0.0005539679477806203
632.0 0.0005241399321675999
633.0 0.0005297529696690617
634.0 0.0005353660071705235
635.0 0.0004712714599008905
636.0 0.00040717677620705217
637.0 0.00042710098568932153
638.0 0.00044702505874738563
639.0 0.0007077246664266568
640.0 0.0009684241376817226
641.0 0.0006626094091188861
642.0 0.000356794657818682
643.0 0.0006047849183232756
644.0 0.0008527751560905017
645.0 0.0007676967470615637
646.0 0.000682618519931566
647.0 0.0008083515240286943
648.0 0.0009340850738226436
649.0 0.0008099543265416287
650.0 0.000685823670210084
651.0 0.0008663765584060457
652.0 0.0010469296285009477
653.0 0.001216621240018867
654.0 0.0013863128515367862
655.0 0.002078556462947745
656.0 0.0027708001653081737
657.0 0.003644423486548476
658.0 0.004518045534496196
659.0 0.0072731236286927015
660.0 0.04476785543374717
661.0 0.06405874737538397
662.0 0.1441163243725896
663.0 0.0951423600781709
664.0 0.11963114375248551
665.0 0.16311464132741094
666.0 0.14912356855347753
667.0 0.1687029260210693
668.0 0.22941427305340767
669.0 0.2702275989577174
670.0 0.42231548577547073
671.0 0.6585973314940929
672.0 1.0294715873897076
673.0 1.59568190574646
674.0 2.3958200588822365
675.0 3.3374056220054626
676.0 4.488338157534599
677.0 5.796275660395622
678.0 7.153703272342682
679.0 8.606681227684021
680.0 10.647808760404587
681.0 12.789075076580048
682.0 15.347370505332947
683.0 18.098239600658417
684.0 21.08229100704193
685.0 23.99320900440216
686.0 26.96470022201538
687.0 30.192703008651733
688.0 33.56304168701172
689.0 37.005698680877686
690.0 41.048464179039
691.0 45.408931374549866
692.0 50.55633783340454
693.0 55.99428415298462
694.0 62.00156211853027
695.0 67.70332455635071
696.0 73.88675808906555
697.0 79.37994599342346
698.0 85.02466678619385
699.0 89.2084538936615
700.0 92.35638380050659
701.0 94.65134143829346
702.0 96.2529182434082
703.0 97.05172777175903
704.0 97.3059892654419
705.0 97.66918420791626
706.0 97.6689100265503
707.0 97.76590466499329
708.0 97.78961539268494
709.0 97.87875413894653
710.0 97.64866828918457
711.0 97.82177805900574
712.0 97.84247279167175
713.0 97.90113568305969
714.0 97.95202016830444
715.0 98.04961085319519
716.0 97.86421656608582
717.0 98.08531403541565
718.0 98.12819361686707
719.0 98.03701043128967
720.0 98.34437370300293
721.0 98.18591475486755
722.0 97.82469868659973
723.0 97.63261079788208
724.0 97.30480909347534
725.0 97.0730185508728
726.0 96.8107283115387
727.0 96.60608768463135
728.0 96.39475345611572
729.0 96.2644100189209
730.0 96.2425708770752
731.0 96.31380438804626
732.0 96.33502960205078
733.0 96.6135025024414
734.0 96.99908494949341
735.0 97.16975092887878
736.0 97.53437042236328
737.0 97.88842797279358
738.0 98.14854860305786
739.0 98.49945306777954
740.0 98.63406419754028
741.0 98.46635460853577
742.0 98.79032373428345
743.0 98.64423274993896
744.0 98.38486313819885
745.0 98.44446182250977
746.0 98.45962524414062
747.0 98.69359135627747
748.0 98.50603938102722
749.0 98.47825169563293
750.0 98.46920371055603
751.0 98.348468542099
752.0 98.2602596282959
753.0 98.4852135181427
754.0 98.33453297615051
755.0 98.48781824111938
756.0 98.5152542591095
757.0 98.508620262146
758.0 98.64407181739807
759.0 98.71904850006104
760.0 98.58656525611877
761.0 98.50912094116211
762.0 98.62751364707947
763.0 98.53627681732178
764.0 98.41235280036926
765.0 98.3388364315033
766.0 98.40844869613647
767.0 98.24188947677612
768.0 98.28487038612366
769.0 98.24339151382446
770.0 97.96909689903259
771.0 97.99675345420837
772.0 97.96663522720337
773.0 97.86645174026489
774.0 97.74798154830933
775.0 97.76245951652527
776.0 97.7277398109436
777.0 97.760671377182
778.0 97.72421717643738
779.0 97.87458777427673
780.0 97.79496192932129
781.0 98.16113114356995
782.0 98.08485507965088
783.0 98.23492765426636
784.0 98.255854845047
785.0 98.35990071296692
786.0 98.49599599838257
787.0 98.20570349693298
788.0 98.31605553627014
789.0 98.3602225780487
790.0 98.37218523025513
791.0 98.34703207015991
792.0 98.11522960662842
793.0 98.14878106117249
794.0 98.06966185569763
795.0 97.93242812156677
796.0 97.89334535598755
797.0 97.83024787902832
798.0 97.72707223892212
799.0 97.6693332195282
800.0 97.53210544586182
801.0 97.48991131782532
802.0 97.37785458564758
803.0 97.0639705657959
804.0 96.67214751243591
805.0 96.11895084381104
806.0 95.44903635978699
807.0 94.30063962936401
808.0 92.9600179195404
809.0 91.43244624137878
810.0 89.57049250602722
811.0 87.35018968582153
812.0 84.55584645271301
813.0 81.41966462135315
814.0 77.75482535362244
815.0 73.70511889457703
816.0 69.67303156852722
817.0 65.00798463821411
818.0 60.071223974227905
819.0 55.77256679534912
820.0 50.93802213668823
821.0 46.49719297885895
822.0 42.12007522583008
823.0 37.55685091018677
824.0 33.063337206840515
825.0 28.860965371131897
826.0 24.461613595485687
827.0 19.97591257095337
828.0 15.902937948703766
829.0 12.135560065507889
830.0 8.4421306848526
831.0 5.900418758392334
832.0 3.713272511959076
833.0 2.2194866091012955
834.0 1.3451797887682915
835.0 0.7732639089226723
836.0 0.44173020869493484
837.0 0.2576303668320179
838.0 0.14054211787879467
839.0 0.07442779024131596
840.0 0.058441481087356806
841.0 0.04088361456524581
842.0 1.589319821582169e-10
843.0 1.589319821582169e-10
844.0 1.589319821582169e-10
845.0 1.589319821582169e-10
846.0 1.589319821582169e-10
847.0 1.589319821582169e-10
848.0 1.589319821582169e-10
849.0 1.589319821582169e-10
850.0 0.018037045083474368
851.0 1.589319821582169e-10
852.0 0.0006079750164644793
853.0 0.0007511116109526483
854.0 0.0008942485692386981
855.0 0.0007848537279642187
856.0 0.0006754590231139446
857.0 0.0008539086593373213
858.0 0.0010323579772375524
859.0 0.0006125559139036341
860.0 0.00019275364593340782
861.0 0.000210090752261749
862.0 0.00022742779037798755
863.0 0.00013398619103099918
864.0 4.054463431657496e-05
865.0 7.01216208653932e-05
866.0 9.969854772862163e-05
867.0 7.004576332292345e-05
868.0 4.039292775814829e-05
869.0 1.589319821582169e-10
870.0 1.589319821582169e-10
871.0 4.490267144774407e-05
872.0 0.00025202505185006885
873.0 0.0002255154413433047
874.0 0.00019900583083654055
875.0 0.00021299495074345032
876.0 0.00022698413886246271
877.0 1.589319821582169e-10
878.0 1.589319821582169e-10
879.0 1.4576376372588129e-05
880.0 0.0004532341790763894
881.0 0.00023408706510963384
882.0 1.4940009407382604e-05
883.0 0.0001481623712606961
884.0 0.00028138476864114637
885.0 0.0001370247446175199
886.0 1.589319821582169e-10
887.0 9.842858617048478e-05
888.0 0.00020419245174707612
889.0 8.459410310024396e-05
890.0 1.589319821582169e-10
891.0 0.00010301473594154231
892.0 0.00024103367195493774
893.0 0.0002446857251925394
894.0 0.00024833777843014104
895.0 1.589319821582169e-10
896.0 1.589319821582169e-10
897.0 1.589319821582169e-10
898.0 1.589319821582169e-10
