lsstCam/transmission_filter_detector/r32_s12/g_6/19700101T000000.ecsv
# %ECSV 1.0
# ---
# datatype:
# - {name: wavelength, unit: nm, datatype: float32}
# - {name: efficiency, unit: '%', datatype: float64}
# meta: !!omap
# - {MODE: DETECTOR}
# - {TYPE: transmission_filter_detector}
# - {CALIBDATE: '1970-01-01T00:00:00'}
# - {INSTRUME: LSSTCam}
# - {OBSTYPE: transmission_filter_detector}
# - {CALIBCLS: lsst.ip.isr.IntermediateFilterDetectorTransmissionCurve}
# - {SOURCE: Materion (DM-46256)}
# - {DETECTOR: 140}
# - {FILTER: g_6}
# - {CALIB_ID: 'calibDate=1970-01-01T00:00:00 filter=g_6 detector=140'}
# - {DATE: '2025-04-02T15:59:42.675450'}
# - {CALIB_CREATION_DATE: '2025-04-02'}
# - {CALIB_CREATION_TIME: '15:59:42'}
# - __serialized_columns__:
#     efficiency:
#       __class__: astropy.units.quantity.Quantity
#       unit: !astropy.units.Unit {unit: '%'}
#       value: !astropy.table.SerializedColumn {name: efficiency}
#     wavelength:
#       __class__: astropy.units.quantity.Quantity
#       unit: !astropy.units.Unit {unit: nm}
#       value: !astropy.table.SerializedColumn {name: wavelength}
# schema: astropy-2.0
wavelength efficiency
[from data line 607]
907.0 0.0002897231297538383
908.0 0.0003449825271673035
909.0 0.0004002419245807687
910.0 0.0003949455276597291
911.0 0.00038964917621342465
912.0 0.000395923234464135
913.0 0.0004021972927148454
914.0 0.00043312857087585144
915.0 0.0004640598490368575
916.0 0.00034749486985674594
917.0 0.00023092995888873702
918.0 0.00033458461530244676
919.0 0.00043823929445352405
920.0 0.0004558104592433665
921.0 0.000473381669507944
922.0 0.0004037600774609018
923.0 0.0003341384854138596
924.0 0.0003886179911205545
925.0 0.0004430974968272494
926.0 0.000389733986594365
927.0 0.0003363704990988481
928.0 0.0004670250291383127
929.0 0.0005976794909656746
930.0 0.0005445171609608224
931.0 0.0004913548309559701
932.0 0.0005067980509920744
933.0 0.0005222413165029138
934.0 0.0006031234988768119
935.0 0.0006840057267254451
936.0 0.0005794762273581
937.0 0.00047494677346548997
938.0 0.000491160335513996
939.0 0.0005073739885119721
940.0 0.0005843693543283734
941.0 0.0006613646746700397
942.0 0.0007299812750716228
943.0 0.0007985978299984708
944.0 0.0007194780664576683
945.0 0.0006403582119673956
946.0 0.0008367266673303675
947.0 0.0010330952136428095
948.0 0.0008606494702689815
949.0 0.0006882036814204184
950.0 0.0005893250545341289
951.0 0.0004904463821731042
952.0 0.0007053085482766619
953.0 0.0009201707143802196
954.0 0.0009787421731743962
955.0 0.0010373135410191026
956.0 0.0008470678949379362
957.0 0.0006568222033820348
958.0 0.000685286613588687
959.0 0.0007137509328458691
960.0 0.0007319837550312513
961.0 0.0007502164862671634
962.0 0.000737079108148464
963.0 0.0007239416390802944
964.0 0.0006593178113689646
965.0 0.0005946938017586945
966.0 0.0006482096523541259
967.0 0.0007017255029495573
968.0 0.0006776509962946875
969.0 0.0006535765351145528
970.0 0.0006599148491659435
971.0 0.0006662532086920692
972.0 0.0006979990757827181
973.0 0.000729744897398632
974.0 0.0007143073162296787
975.0 0.0006988697350607254
976.0 0.0007485389232897433
977.0 0.0007982081115187611
978.0 0.0008203738616430201
979.0 0.0008425397027167492
980.0 0.0008454178896499798
981.0 0.0008482960765832104
982.0 0.000961309160629753
983.0 0.0010743223356257658
984.0 0.001160746342065977
985.0 0.0012471702575567178
986.0 0.001264662751054857
987.0 0.0012821553355024662
988.0 0.0012336933650658466
989.0 0.001185231394629227
990.0 0.001263873855350539
991.0 0.0013425164070213214
992.0 0.001311476717091864
993.0 0.0012804369362129364
994.0 0.0013202533409639727
995.0 0.0013600699276139494
996.0 0.0013181283065932803
997.0 0.001276186594623141
998.0 0.0012008813428110443
999.0 0.0011255763638473582
1000.0 0.0011931861990888137
1001.0 0.001260795852431329
1002.0 0.0012875900210929103
1003.0 0.0013143842807039618
1004.0 0.0013073144145892002
1005.0 0.0013002445484744385
1006.0 0.0013709694030694664
1007.0 0.0014416940757655539
1008.0 0.0014666420611320063
1009.0 0.0014915899555489887
1010.0 0.0014736058801645413
1011.0 0.0014556220776285045
1012.0 0.0015440284187206998
1013.0 0.0016324345779139549
1014.0 0.0019268014511908405
1015.0 0.0022211679606698453
1016.0 0.0023708986191195436
1017.0 0.0025206290956703015
1018.0 0.002758246955636423
1019.0 0.0029958651794004254
1020.0 0.003173685763613321
1021.0 0.003351506165927276
1022.0 0.0035435466998023912
1023.0 0.003735587597475387
1024.0 0.0038620291888946667
1025.0 0.003988470780313946
1026.0 0.004373220872366801
1027.0 0.0047579709644196555
1028.0 0.0048295838496414945
1029.0 0.004901197098661214
1030.0 0.004999978409614414
1031.0 0.005098759720567614
1032.0 0.005236550350673497
1033.0 0.005374340616981499
1034.0 0.005422867616289295
1035.0 0.005471394251799211
1036.0 0.00568350515095517
1037.0 0.00589561605011113
1038.0 0.005842303653480485
1039.0 0.00578899125684984
1040.0 0.005943831638433039
1041.0 0.0060986727476119995
1042.0 0.006211265281308442
1043.0 0.006323857815004885
1044.0 0.006780142575735226
1045.0 0.007236427336465567
1046.0 0.007972218736540526
1047.0 0.008708008681423962
1048.0 0.009623208461562172
1049.0 0.010538408241700381
1050.0 0.012428383342921734
1051.0 0.014318356988951564
1052.0 0.0173019157955423
1053.0 0.020285474602133036
1054.0 0.024626959930174053
1055.0 0.028968442347832024
1056.0 0.03468849172350019
1057.0 0.04040853527840227
1058.0 0.0477809488074854
1059.0 0.0551533536054194
1060.0 0.0638182507827878
1061.0 0.0724831537809223
1062.0 0.08107438334263861
1063.0 0.08966560126282275
1064.0 0.09788274765014648
1065.0 0.10609988821670413
1066.0 0.11388810817152262
1067.0 0.12167633976787329
1068.0 0.13007228262722492
1069.0 0.13846822548657656
1070.0 0.14783521182835102
1071.0 0.15720217488706112
1072.0 0.16604389529675245
1073.0 0.1748856040649116
1074.0 0.1844371436163783
1075.0 0.19398867152631283
1076.0 0.2038493985310197
1077.0 0.21371012553572655
1078.0 0.2234487095847726
1079.0 0.2331872470676899
1080.0 0.24733194150030613
1081.0 0.26147658936679363
1082.0 0.28146132826805115
1083.0 0.3014461137354374
1084.0 0.33753865864127874
1085.0 0.37363118026405573
1086.0 0.41336631402373314
1087.0 0.45310137793421745
1088.0 0.503667164593935
1089.0 0.5542329978197813
1090.0 0.6300809793174267
1091.0 0.7059290539473295
1092.0 0.7749622222036123
1093.0 0.8439956232905388
1094.0 0.8991031907498837
1095.0 0.9542110376060009
1096.0 1.0162274353206158
1097.0 1.0782437399029732
1098.0 1.1835611425340176
1099.0 1.2888787314295769
1100.0 1.4568021520972252
1101.0 1.6247257590293884
