lsstCam/transmission_filter_detector/r32_s12/g_6/19700101T000000.ecsv
# %ECSV 1.0
# ---
# datatype:
# - {name: wavelength, unit: nm, datatype: float32}
# - {name: efficiency, unit: '%', datatype: float64}
# meta: !!omap
# - {MODE: DETECTOR}
# - {TYPE: transmission_filter_detector}
# - {CALIBDATE: '1970-01-01T00:00:00'}
# - {INSTRUME: LSSTCam}
# - {OBSTYPE: transmission_filter_detector}
# - {CALIBCLS: lsst.ip.isr.IntermediateFilterDetectorTransmissionCurve}
# - {SOURCE: Materion (DM-46256)}
# - {DETECTOR: 140}
# - {FILTER: g_6}
# - {CALIB_ID: 'calibDate=1970-01-01T00:00:00 filter=g_6 detector=140'}
# - {DATE: '2025-04-02T15:59:42.675450'}
# - {CALIB_CREATION_DATE: '2025-04-02'}
# - {CALIB_CREATION_TIME: '15:59:42'}
# - __serialized_columns__:
#     efficiency:
#       __class__: astropy.units.quantity.Quantity
#       unit: !astropy.units.Unit {unit: '%'}
#       value: !astropy.table.SerializedColumn {name: efficiency}
#     wavelength:
#       __class__: astropy.units.quantity.Quantity
#       unit: !astropy.units.Unit {unit: nm}
#       value: !astropy.table.SerializedColumn {name: wavelength}
# schema: astropy-2.0
wavelength efficiency
300.0 0.3437491599470377
301.0 0.29840327333658934
302.0 0.2530573634430766
303.0 0.24334415793418884
304.0 0.23363097570836544
305.0 0.22866080980747938
306.0 0.2236906671896577
307.0 0.2180806128308177
308.0 0.21247053518891335
309.0 0.2062890212982893
310.0 0.20010746084153652
311.0 0.19884668290615082
312.0 0.19758585840463638
313.0 0.19172843312844634
314.0 0.18587101949378848
315.0 0.18095123814418912
316.0 0.17603148007765412
317.0 0.17439078073948622
318.0 0.1727500814013183
319.0 0.16037587774917483
320.0 0.148001650813967
321.0 0.13837326550856233
322.0 0.12874486856162548
323.0 0.11480061803013086
324.0 0.10085636749863625
325.0 0.09027826017700136
326.0 0.07970014703460038
327.0 0.07312595844268799
328.0 0.0665517698507756
329.0 0.06264818948693573
330.0 0.05874460330232978
331.0 0.05445464630611241
332.0 0.05016468930989504
333.0 0.04669622576329857
334.0 0.043227762216702104
335.0 0.041726589552126825
336.0 0.04022541979793459
337.0 0.0401126075303182
338.0 0.039999792352318764
339.0 0.03956643340643495
340.0 0.0391330715501681
341.0 0.03733496414497495
342.0 0.0355368567397818
343.0 0.03272236208431423
344.0 0.029907870339229703
345.0 0.026248962967656553
346.0 0.02259005996165797
347.0 0.020551643683575094
348.0 0.018513227405492216
349.0 0.017199180729221553
350.0 0.39457292295992374
351.0 1.1769037693738937
352.0 0.40146647952497005
353.0 0.8879161439836025
354.0 0.330420583486557
355.0 0.7407864555716515
356.0 0.3578765084967017
357.0 1.0844070464372635
358.0 0.40918076410889626
359.0 0.8317009545862675
360.0 0.3206640016287565
361.0 0.8757877163589001
362.0 0.20655589178204536
363.0 0.8600965142250061
364.0 0.2499723806977272
365.0 0.7964694872498512
366.0 0.2684204839169979
367.0 0.8364381268620491
368.0 0.23213762324303389
369.0 0.562835019081831
370.0 0.18566978396847844
371.0 0.6133159156888723
372.0 0.27361141983419657
373.0 0.6522455252707005
374.0 0.2935524331405759
375.0 0.6169149186462164
376.0 0.2193338004872203
377.0 0.5168308038264513
378.0 0.21624269429594278
379.0 0.5063500255346298
380.0 0.2713776659220457
381.0 0.4674043972045183
382.0 0.5563958082348108
383.0 0.5494154524058104
384.0 0.5932481028139591
385.0 0.5970844067633152
386.0 0.6130970548838377
387.0 0.7194250356405973
388.0 0.8908795192837715
389.0 1.2308995239436626
390.0 1.7057308927178383
391.0 2.578989788889885
392.0 4.113798588514328
393.0 6.606174260377884
394.0 9.924536943435669
395.0 14.531175792217255
396.0 20.212087035179138
397.0 27.346783876419067
398.0 35.78021824359894
399.0 45.00897228717804
400.0 54.486680030822754
401.0 63.54391574859619
402.0 72.07030057907104
403.0 79.4335663318634
404.0 84.90225672721863
405.0 89.08448815345764
406.0 91.48131012916565
407.0 93.42538118362427
408.0 94.56841349601746
409.0 95.17495632171631
410.0 95.42275071144104
411.0 95.19109725952148
412.0 94.82437372207642
413.0 94.5885181427002
414.0 94.47411894798279
415.0 94.60464715957642
416.0 94.90763545036316
417.0 95.32430171966553
418.0 95.81440687179565
419.0 96.40044569969177
420.0 96.93182706832886
421.0 97.52672910690308
422.0 97.6710855960846
423.0 97.85740971565247
424.0 97.62724041938782
425.0 97.59030342102051
426.0 97.51655459403992
427.0 97.53386378288269
428.0 97.31970429420471
429.0 97.124183177948
430.0 96.97306752204895
431.0 96.92940711975098
432.0 97.02094197273254
433.0 97.08719253540039
434.0 97.17819690704346
435.0 97.3070740699768
436.0 97.33598828315735
437.0 97.34094738960266
438.0 97.44787216186523
439.0 97.53867387771606
440.0 97.4689781665802
441.0 97.58317470550537
442.0 97.62831926345825
443.0 97.59060144424438
444.0 97.53576517105103
445.0 97.2558856010437
446.0 97.17674255371094
447.0 96.97145819664001
448.0 97.02324271202087
449.0 97.22006916999817
450.0 97.50575423240662
451.0 97.67524600028992
452.0 97.91402220726013
453.0 97.99056053161621
454.0 98.04394841194153
455.0 98.25863838195801
456.0 98.31158518791199
457.0 98.52649569511414
458.0 98.5015332698822
459.0 98.58034253120422
460.0 98.60975742340088
461.0 98.76477718353271
462.0 98.66324663162231
463.0 98.60804080963135
464.0 98.72142672538757
465.0 98.64646792411804
466.0 98.65493774414062
467.0 98.65687489509583
468.0 98.64839315414429
469.0 98.73576760292053
470.0 98.60512018203735
471.0 98.43945503234863
472.0 98.5795259475708
473.0 98.42866659164429
474.0 98.20714592933655
475.0 98.33141565322876
476.0 98.29491376876831
477.0 98.36307764053345
478.0 98.41493368148804
479.0 98.37129712104797
480.0 98.55098724365234
481.0 98.61647486686707
482.0 98.80949258804321
483.0 98.65832328796387
484.0 98.89445900917053
485.0 98.93600344657898
486.0 98.93779158592224
487.0 98.92795085906982
488.0 98.92512559890747
489.0 99.05581474304199
490.0 98.99799227714539
491.0 99.0181028842926
492.0 98.88095259666443
493.0 98.91577363014221
494.0 98.8239586353302
495.0 98.92693161964417
496.0 98.73942136764526
497.0 98.63794445991516
498.0 98.46577048301697
499.0 98.51608872413635
500.0 98.46147298812866
501.0 98.41517210006714
502.0 98.28587174415588
503.0 98.46217036247253
504.0 98.263418674469
505.0 98.27358722686768
506.0 98.32636713981628
507.0 98.30206632614136
508.0 98.2686996459961
509.0 98.29011559486389
510.0 98.26220273971558
511.0 98.20958971977234
512.0 98.1523871421814
513.0 98.19859266281128
514.0 98.17096590995789
515.0 98.21211099624634
516.0 98.31569790840149
517.0 98.32576513290405
518.0 98.38465452194214
519.0 98.361736536026
520.0 98.43981266021729
521.0 98.59525561332703
522.0 98.63141775131226
523.0 98.59265089035034
524.0 98.64208102226257
525.0 98.59619736671448
526.0 98.77016544342041
527.0 98.71934652328491
528.0 98.80938529968262
529.0 98.90417456626892
530.0 98.91656041145325
531.0 99.05146360397339
532.0 98.90931844711304
533.0 98.91127943992615
534.0 98.93752932548523
535.0 98.71690273284912
536.0 98.37185740470886
537.0 97.84491658210754
538.0 97.00060486793518
539.0 95.66426873207092
540.0 93.90892386436462
541.0 91.26358032226562
542.0 88.37413191795349
543.0 84.70243215560913
544.0 80.05181550979614
545.0 75.92935562133789
546.0 70.94351053237915
547.0 66.3037121295929
548.0 61.71422004699707
549.0 57.54405856132507
550.0 54.25539016723633
551.0 51.1169970035553
552.0 48.71898293495178
553.0 46.20752036571503
554.0 43.302902579307556
555.0 40.12075662612915
556.0 35.875898599624634
557.0 30.98229467868805
558.0 25.61086416244507
559.0 20.301611721515656
560.0 15.156953036785126
561.0 10.38888394832611
562.0 6.703636795282364
563.0 3.9791006594896317
564.0 2.191445045173168
565.0 0.8828531019389629
566.0 0.5720408167690039
567.0 0.2619965001940727
568.0 0.18102729227393866
569.0 0.08778168703429401
570.0 0.08502163109369576
571.0 0.041913497261703014
572.0 0.06173846195451915
573.0 0.025392102543264627
574.0 0.054221932077780366
575.0 0.02301836939295754
576.0 0.04309593059588224
577.0 0.015272200107574463
578.0 0.03684159310068935
579.0 0.01689260679995641
580.0 0.03457097918726504
581.0 0.016455622971989214
582.0 0.03137016610708088
583.0 0.01445739617338404
584.0 0.02312355936737731
585.0 0.009814384975470603
586.0 0.024072302039712667
587.0 0.01117305364459753
588.0 0.027429824694991112
589.0 0.012738905206788331
590.0 0.022345720208249986
591.0 0.010763794125523418
592.0 0.02556003164499998
593.0 0.009100880561163649
594.0 0.02684425562620163
595.0 0.006058450526325032
596.0 0.014241773169487715
597.0 0.007357338472502306
598.0 0.029413928859867156
599.0 0.005946243618382141
600.0 0.018583126075100154
601.0 0.002295642116223462
602.0 0.00216895823541563
603.0 0.0020422739908099174
604.0 0.0019874287318089046
605.0 0.0019325832909089513
606.0 0.001941319351317361
607.0 0.0019500554117257707
608.0 0.0019270986740593798
609.0 0.0019041417544940487
610.0 0.0019511067876010202
611.0 0.001998071456910111
612.0 0.0018739681763690896
613.0 0.0017498648958280683
614.0 0.0017419055438949727
615.0 0.0017339465557597578
616.0 0.0015364887076430023
617.0 0.0013390306776273064
618.0 0.0015799569155205972
619.0 0.0018208833353128284
620.0 0.0016556306945858523
621.0 0.0014903775991115253
622.0 0.0015478555724257603
623.0 0.0016053336366894655
624.0 0.0015469513527932577
625.0 0.0014885694326949306
626.0 0.0015133092347241472
627.0 0.0015380488548544236
628.0 0.0015098249605216552
629.0 0.0014816007933404762
630.0 0.001415805036231177
631.0 0.0013500092791218776
632.0 0.0013409245184448082
633.0 0.0013318399396666791
634.0 0.0014194910363585223
635.0 0.0015071421330503654
636.0 0.001485616849095095
637.0 0.001464091292291414
638.0 0.0013027567547396757
639.0 0.0011414222171879373
640.0 0.0012655560567509383
641.0 0.0013896898963139392
642.0 0.001313042866968317
643.0 0.0012363959285721648
644.0 0.0011761082532757428
645.0 0.0011158209417772014
646.0 0.0012489850632846355
647.0 0.00138214927574154
648.0 0.0013563613720180001
649.0 0.0013305734682944603
650.0 0.0012257290109118912
651.0 0.0011208845535293221
652.0 0.0011274795724602882
653.0 0.0011340746823407244
654.0 0.0011276376426394563
655.0 0.0011212006029381882
656.0 0.0011194430953764822
657.0 0.0011176858606631868
658.0 0.0011449528756202199
659.0 0.0011722200724761933
660.0 0.0010787302016979083
661.0 0.000985240149020683
662.0 0.0009597309144737665
663.0 0.0009342216799268499
664.0 0.0010188906344410498
665.0 0.0011035595889552496
666.0 0.0011074352187279146
667.0 0.0011113108485005796
668.0 0.0011560230632312596
669.0 0.0012007351870124694
670.0 0.0011812932825705502
671.0 0.001161851378128631
672.0 0.0011297102901153266
673.0 0.0010975693840009626
674.0 0.0011286938388366252
675.0 0.0011598182027228177
676.0 0.0011445314157754183
677.0 0.001129244174080668
678.0 0.0010529812243476044
679.0 0.0009767182746145409
680.0 0.0009704593139758799
681.0 0.0009642005352361593
682.0 0.0009484569091000594
683.0 0.0009327136467618402
684.0 0.000914404427021509
685.0 0.0008960952072811779
686.0 0.0009641144060879014
687.0 0.001032133604894625
688.0 0.0010354749974794686
689.0 0.001038816299114842
690.0 0.0010562269380898215
691.0 0.0010736376680142712
692.0 0.001052355673891725
693.0 0.0010310738616681192
694.0 0.0010462730642757379
695.0 0.0010614722668833565
696.0 0.0010834648492163979
697.0 0.0011054576134483796
698.0 0.0011393703971407376
699.0 0.0011732830898836255
700.0 0.001223144408868393
701.0 0.0012730056369036902
702.0 0.0012975153367733583
703.0 0.0013220250366430264
704.0 0.001283235542359762
705.0 0.001244445866177557
706.0 0.001150114621850662
707.0 0.0010557833775237668
708.0 0.0010787540304590948
709.0 0.0011017248652933631
710.0 0.0011082061064371374
711.0 0.0011146874385303818
712.0 0.0012333302038314287
713.0 0.001351972696284065
714.0 0.001334171429334674
715.0 0.001316370162385283
716.0 0.0014194894902175292
717.0 0.0015226089999487158
718.0 0.0017181064322357997
719.0 0.0019136037735734135
720.0 0.0016402203982579522
721.0 0.0013668368410435505
722.0 0.0015100717973837163
723.0 0.0016533067537238821
724.0 0.0017859183571999893
725.0 0.001918529778777156
726.0 0.0019782124581979588
727.0 0.002037895319517702
728.0 0.0020296658476581797
729.0 0.0020214363757986575
730.0 0.0020836509065702558
731.0 0.0021458656192407943
732.0 0.001959435576281976
733.0 0.001773005715222098
734.0 0.0015807523595867679
735.0 0.0013884988220524974
736.0 0.0011753092621802352
737.0 0.0009621195204090327
738.0 0.0009465508810535539
739.0 0.0009309823326475453
740.0 0.0008871275895216968
741.0 0.0008432728463958483
742.0 0.0009298400073021185
743.0 0.0010164074410567991
744.0 0.0009189590855385177
745.0 0.0008215109119191766
746.0 0.0007331600954785245
747.0 0.0006448091880884022
748.0 0.0007792855285515543
749.0 0.0009137617780652363
750.0 0.0009127604243985843
751.0 0.0009117590707319323
752.0 0.0008868757504387759
753.0 0.0008619923391961493
754.0 0.0007541354079876328
755.0 0.0006462783858296461
756.0 0.0006930259132786887
757.0 0.000739773349778261
758.0 0.0008237784641096368
759.0 0.0009077838512894232
760.0 0.0009626061910239514
761.0 0.0010174284398090094
762.0 0.0008689908099768218
763.0 0.0007205532710941043
764.0 0.000704218518876587
765.0 0.0006878839030832751
766.0 0.0007465856469934806
767.0 0.0008052874363784213
768.0 0.0007345304766204208
769.0 0.0006637736078118905
770.0 0.0006766458682250232
771.0 0.0006895183105370961
772.0 0.0006526021024910733
773.0 0.0006156858034955803
774.0 0.0005644952580041718
775.0 0.0005133046670380281
776.0 0.0005946120381850051
777.0 0.0006759193183825118
778.0 0.0005958304882369703
779.0 0.0005157417035661638
780.0 0.0006326406492007663
781.0 0.0007495395493606338
782.0 0.0006254554136830848
783.0 0.0005013713689550059
784.0 0.00038033260807424085
785.0 0.0002592938017187407
786.0 0.00025938506951206364
787.0 0.00025947633730538655
788.0 0.0003203257620043587
789.0 0.0003811752321780659
790.0 0.00043781119529739954
791.0 0.0004944471584167331
792.0 0.0004616618298314279
793.0 0.00042887645577138755
794.0 0.0003717300387506839
795.0 0.0003145835535178776
796.0 0.00028767560706910444
797.0 0.0002607676606203313
798.0 0.00033452654406573856
799.0 0.0004082854047737783
800.0 0.0004864696165896021
801.0 0.0005646539193548961
802.0 0.0005564384082390461
803.0 0.0005482229880726663
804.0 0.0005838867764396127
805.0 0.000619550519331824
806.0 0.000557798784939223
807.0 0.0004960470505466219
808.0 0.00048133329073607456
809.0 0.0004666196218749974
810.0 0.00037773204439872643
811.0 0.00028884451239719056
812.0 0.0003364485337442602
813.0 0.00038405264604080003
814.0 0.0004928672751702834
815.0 0.0006016819042997668
816.0 0.0006834023224655539
817.0 0.0007651227861060761
818.0 0.0005749171123170527
819.0 0.00038471139305329416
820.0 0.0004125751274841605
821.0 0.0004404388619150268
822.0 0.0004780935796588892
823.0 0.0005157482064532815
824.0 0.00048413471631647553
825.0 0.0004525212261796696
826.0 0.00047619332690373994
827.0 0.0004998655185772805
828.0 0.000415073645854136
829.0 0.00033028179586835904
830.0 0.0003819768608082086
831.0 0.0004336718575359555
832.0 0.0004594932761392556
833.0 0.00048531464926782064
834.0 0.0004285032900952501
835.0 0.00037169199913478224
836.0 0.0004283727776055457
837.0 0.0004850535788136767
838.0 0.00056210383263533
839.0 0.0006391541319317184
840.0 0.0005841211077495245
841.0 0.0005290881290420657
842.0 0.0005132513251737691
843.0 0.0004974145213054726
844.0 0.0005613756002276205
845.0 0.0006253366336750332
846.0 0.0004329076546127908
847.0 0.00024047863007581327
848.0 0.00028762460715370253
849.0 0.00033477056149422424
850.0 0.0003373833578734775
851.0 0.0003399961542527308
852.0 0.0002812909087879234
853.0 0.00022258564058574848
854.0 0.00026513985176279675
855.0 0.000307694062939845
856.0 0.0003382017666808679
857.0 0.00036870949315925827
858.0 0.00037110919492988614
859.0 0.00037350891943788156
860.0 0.00043742579691752326
861.0 0.000501342674397165
862.0 0.0005178816536499653
863.0 0.0005344206329027656
864.0 0.00031635631785320584
865.0 9.829198006627848e-05
866.0 0.0003519826805131743
867.0 0.0006056733127479674
868.0 0.00047518237806798425
869.0 0.000344691397913266
870.0 0.00036888923204969615
871.0 0.0003930871116608614
872.0 0.00043879963413928635
873.0 0.0004845122020924464
874.0 0.0005516754754353315
875.0 0.0006188387487782165
876.0 0.0005071771283837734
877.0 0.0003955155534640653
878.0 0.0005133499143994413
879.0 0.0006311842298600823
880.0 0.000704564763509552
881.0 0.0007779453881084919
882.0 0.0005782586413261015
883.0 0.0003785719400184462
884.0 0.00046372952056117356
885.0 0.0005488870556291658
886.0 0.0005574538590735756
887.0 0.0005660207079927204
888.0 0.0005034171863371739
889.0 0.0004408137101563625
890.0 0.0004804868694918696
891.0 0.0005201600743021118
892.0 0.0005173821136850165
893.0 0.0005146041985426564
894.0 0.0004311441443860531
895.0 0.00034768411296681734
896.0 0.00040867330426408444
897.0 0.00046966256377345417
898.0 0.0004702271780843148
899.0 0.0004707918378699105
900.0 0.00038770172068325337
901.0 0.0003046116944460664
902.0 0.0003831744834315032
903.0 0.00046173727241693996
904.0 0.00044441067075240426
905.0 0.00042708402361313347
