lsstCam/transmission_filter_detector/r13_s12/z_20/19700101T000000.ecsv
# %ECSV 1.0
# ---
# datatype:
# - {name: wavelength, unit: nm, datatype: float32}
# - {name: efficiency, unit: '%', datatype: float64}
# meta: !!omap
# - {MODE: DETECTOR}
# - {TYPE: transmission_filter_detector}
# - {CALIBDATE: '1970-01-01T00:00:00'}
# - {INSTRUME: LSSTCam}
# - {OBSTYPE: transmission_filter_detector}
# - {CALIBCLS: lsst.ip.isr.IntermediateFilterDetectorTransmissionCurve}
# - {SOURCE: Materion (DM-46256)}
# - {DETECTOR: 59}
# - {FILTER: z_20}
# - {CALIB_ID: 'calibDate=1970-01-01T00:00:00 filter=z_20 detector=59'}
# - {DATE: '2025-04-02T15:59:48.910741'}
# - {CALIB_CREATION_DATE: '2025-04-02'}
# - {CALIB_CREATION_TIME: '15:59:48'}
# - __serialized_columns__:
#     efficiency:
#       __class__: astropy.units.quantity.Quantity
#       unit: !astropy.units.Unit {unit: '%'}
#       value: !astropy.table.SerializedColumn {name: efficiency}
#     wavelength:
#       __class__: astropy.units.quantity.Quantity
#       unit: !astropy.units.Unit {unit: nm}
#       value: !astropy.table.SerializedColumn {name: wavelength}
# schema: astropy-2.0
wavelength efficiency
[from data line 597]
897.0 99.54966902732849
898.0 98.90350699424744
899.0 98.51900935173035
900.0 99.00902509689331
901.0 99.24653172492981
902.0 99.28462505340576
903.0 98.86487126350403
904.0 98.05468916893005
905.0 98.64974617958069
906.0 98.11440706253052
907.0 98.6390233039856
908.0 98.21513891220093
909.0 98.29202890396118
910.0 98.16313982009888
911.0 97.17704057693481
912.0 95.86204886436462
913.0 94.72213387489319
914.0 92.44487285614014
915.0 90.09075164794922
916.0 88.05770874023438
917.0 86.27609014511108
918.0 83.17968845367432
919.0 81.75026774406433
920.0 79.20238375663757
921.0 75.15252828598022
922.0 70.6667423248291
923.0 64.94959592819214
924.0 59.74152684211731
925.0 53.965651988983154
926.0 47.98191487789154
927.0 41.105589270591736
928.0 35.13583540916443
929.0 28.948533535003662
930.0 23.25090765953064
931.0 18.247506022453308
932.0 12.741172313690186
933.0 8.435780555009842
934.0 5.506391078233719
935.0 3.345263749361038
936.0 1.9639931619167328
937.0 1.1542005464434624
938.0 0.5922945681959391
939.0 0.3728994634002447
940.0 0.2535270294174552
941.0 0.24851227644830942
942.0 0.144363718573004
943.0 0.12820009142160416
944.0 0.21517532877624035
945.0 0.08641303866170347
946.0 1.6099429732061021e-10
947.0 0.040214278851635754
948.0 1.6099429732061021e-10
949.0 0.0772696454077959
950.0 0.06980856414884329
951.0 0.058013712987303734
952.0 0.11173866223543882
953.0 1.6099429732061021e-10
954.0 1.6099429732061021e-10
955.0 0.0931334390770644
956.0 1.6099429732061021e-10
957.0 0.004233813888276927
958.0 1.6099429732061021e-10
959.0 1.6099429732061021e-10
960.0 0.0004985876330465544
961.0 1.6099429732061021e-10
962.0 1.6099429732061021e-10
963.0 1.6099429732061021e-10
964.0 1.6099429732061021e-10
965.0 1.6099429732061021e-10
966.0 0.035993766505271196
967.0 0.02384504914516583
968.0 1.6099429732061021e-10
969.0 0.02438668452668935
970.0 1.6099429732061021e-10
971.0 1.6099429732061021e-10
972.0 1.6099429732061021e-10
973.0 1.6099429732061021e-10
974.0 0.009084660996450111
975.0 1.6099429732061021e-10
976.0 0.006400179699994624
977.0 0.006372590723913163
978.0 0.0063450039306189865
979.0 0.0061621860368177295
980.0 0.005979366324027069
981.0 0.005825030893902294
982.0 0.005670696191373281
983.0 0.005573570524575189
984.0 0.005476445585372858
985.0 0.005218857404543087
986.0 0.004961268496117555
987.0 0.004924695895169862
988.0 0.004888123294222169
989.0 0.004839835673919879
990.0 0.004791548781213351
991.0 0.004881220593233593
992.0 0.004970892769051716
993.0 0.004929581336909905
994.0 0.004888269904768094
995.0 0.004830495890928432
996.0 0.004772722604684532
997.0 0.004553705002763309
998.0 0.004334687764639966
999.0 0.004343581167631783
1000.0 0.004352474570623599
1001.0 0.0044737262214766815
1002.0 0.004594977872329764
1003.0 0.004507594712777063
1004.0 0.004420211553224362
1005.0 0.004302864545024931
1006.0 0.0041855175368255
1007.0 0.00425233447458595
1008.0 0.0043191514123464
1009.0 0.004419988908921368
1010.0 0.004520826041698456
1011.0 0.004574076228891499
1012.0 0.004627326052286662
1013.0 0.004481085488805547
1014.0 0.0043348449253244326
1015.0 0.00448385690106079
1016.0 0.004632868512999266
1017.0 0.004888466719421558
1018.0 0.00514406492584385
1019.0 0.004922280641039833
1020.0 0.004700495992437936
1021.0 0.004688587796408683
1022.0 0.004676679236581549
1023.0 0.004562023968901485
1024.0 0.004447368337423541
1025.0 0.004676103344536386
1026.0 0.004904837624053471
1027.0 0.004772965257870965
1028.0 0.004641092891688459
1029.0 0.004682770304498263
1030.0 0.0047244480811059475
1031.0 0.004849294055020437
1032.0 0.004974140028934926
1033.0 0.005048155071563087
1034.0 0.00512217047798913
1035.0 0.005239001984591596
1036.0 0.005355833127396181
1037.0 0.005484452412929386
1038.0 0.005613071698462591
1039.0 0.005529996269615367
1040.0 0.005446920113172382
1041.0 0.0057770361308939755
1042.0 0.006107152148615569
1043.0 0.005641539974021725
1044.0 0.005175927799427882
1045.0 0.0058449062635190785
1046.0 0.006513884000014514
1047.0 0.006219321221578866
1048.0 0.005924756987951696
1049.0 0.0060473183111753315
1050.0 0.006169879634398967
1051.0 0.00648623172310181
1052.0 0.006802584539400414
1053.0 0.00678557189530693
1054.0 0.006768558523617685
1055.0 0.007522143278038129
1056.0 0.008275728760054335
1057.0 0.007987656135810539
1058.0 0.007699584239162505
1059.0 0.007872821879573166
1060.0 0.008046058064792305
1061.0 0.008563124720240012
1062.0 0.009080191375687718
1063.0 0.009094915731111541
1064.0 0.009109640814131126
1065.0 0.009054972179001197
1066.0 0.009000307181850076
1067.0 0.009296922507928684
1068.0 0.0095935414719861
1069.0 0.01043939555529505
1070.0 0.011285249638604
1071.0 0.010903158545261249
1072.0 0.010521068179514259
1073.0 0.010717330587795004
1074.0 0.01091359299607575
1075.0 0.011667318904073909
1076.0 0.012421049177646637
1077.0 0.012291861639823765
1078.0 0.012162674102000892
1079.0 0.013353029498830438
1080.0 0.014543384895659983
1081.0 0.014514601207338274
1082.0 0.014485817519016564
1083.0 0.014292691776063293
1084.0 0.014099567488301545
1085.0 0.014627465861849487
1086.0 0.015155365690588951
1087.0 0.015279737999662757
1088.0 0.015404114674311131
1089.0 0.016514197341166437
1090.0 0.017624280008021742
1091.0 0.017912447219714522
1092.0 0.01820060715544969
1093.0 0.01764947664923966
1094.0 0.01709834177745506
1095.0 0.018397279200144112
1096.0 0.019696219533216208
1097.0 0.020040382514707744
1098.0 0.020384546951390803
1099.0 0.022635016648564488
1100.0 0.02488548052497208
1101.0 0.024812898482196033
1102.0 0.02474031352903694
1103.0 0.0255365768680349
1104.0 0.026332837296649814
1105.0 0.026562789571471512
1106.0 0.026792738935910165
1107.0 0.028030318208038807
1108.0 0.02926789748016745
1109.0 0.030578830046579242
1110.0 0.03188975970260799
1111.0 0.031961596687324345
1112.0 0.03203343658242375
1113.0 0.03405229654163122
1114.0 0.03607116232160479
1115.0 0.03470607043709606
1116.0 0.03334098728373647
1117.0 0.03429788339417428
1118.0 0.03525477659422904
1119.0 0.03854281676467508
1120.0 0.04183085111435503
1121.0 0.04267448384780437
1122.0 0.04351811949163675
1123.0 0.04348820075392723
1124.0 0.043458284926600754
1125.0 0.04403331549838185
1126.0 0.04460835189092904
1127.0 0.04750348161906004
1128.0 0.05039860843680799
1129.0 0.05511127528734505
1130.0 0.05982394213788211
1131.0 0.06019457941874862
1132.0 0.06056519923731685
1133.0 0.0644956948235631
1134.0 0.06842618458904326
1135.0 0.06592237041331828
1136.0 0.0634185562375933
1137.0 0.0690234184730798
1138.0 0.07462829235009849
1139.0 0.07960160146467388
1140.0 0.08457486983388662
1141.0 0.09342137491330504
1142.0 0.1022678567096591
1143.0 0.12425697641447186
1144.0 0.1462460495531559
1145.0 0.29671562369912863
1146.0 0.4471852444112301
1147.0 0.952154491096735
1148.0 1.45712373778224
1149.0 1.6563605517148972
1150.0 1.8555987626314163
