lsstCam/transmission_filter_detector/r13_s12/z_20/19700101T000000.ecsv
# %ECSV 1.0
# ---
# datatype:
# - {name: wavelength, unit: nm, datatype: float32}
# - {name: efficiency, unit: '%', datatype: float64}
# meta: !!omap
# - {MODE: DETECTOR}
# - {TYPE: transmission_filter_detector}
# - {CALIBDATE: '1970-01-01T00:00:00'}
# - {INSTRUME: LSSTCam}
# - {OBSTYPE: transmission_filter_detector}
# - {CALIBCLS: lsst.ip.isr.IntermediateFilterDetectorTransmissionCurve}
# - {SOURCE: Materion (DM-46256)}
# - {DETECTOR: 59}
# - {FILTER: z_20}
# - {CALIB_ID: 'calibDate=1970-01-01T00:00:00 filter=z_20 detector=59'}
# - {DATE: '2025-04-02T15:59:48.910741'}
# - {CALIB_CREATION_DATE: '2025-04-02'}
# - {CALIB_CREATION_TIME: '15:59:48'}
# - __serialized_columns__:
#     efficiency:
#       __class__: astropy.units.quantity.Quantity
#       unit: !astropy.units.Unit {unit: '%'}
#       value: !astropy.table.SerializedColumn {name: efficiency}
#     wavelength:
#       __class__: astropy.units.quantity.Quantity
#       unit: !astropy.units.Unit {unit: nm}
#       value: !astropy.table.SerializedColumn {name: wavelength}
# schema: astropy-2.0
wavelength efficiency
300.0 0.8766376413404942
301.0 0.590249989181757
302.0 0.30386243015527725
303.0 0.29529985040426254
304.0 0.28673727065324783
305.0 0.2430564258247614
306.0 0.19937555771321058
307.0 0.18416191451251507
308.0 0.16894828295335174
309.0 0.14741324121132493
310.0 0.12587819946929812
311.0 0.1266605337150395
312.0 0.1274429145269096
313.0 0.11207457864657044
314.0 0.09670627769082785
315.0 0.09552856208756566
316.0 0.09435084648430347
317.0 0.0793687766417861
318.0 0.064386724261567
319.0 0.0637203105725348
320.0 0.0630538968835026
321.0 0.06311959004960954
322.0 0.06318529485724866
323.0 0.05493195494636893
324.0 0.0466786150354892
325.0 0.04335836274549365
326.0 0.040038107545115054
327.0 0.0393232679925859
328.0 0.038608425529673696
329.0 0.034047424560412765
330.0 0.02948642650153488
331.0 0.026910443557426333
332.0 0.024334457702934742
333.0 0.023635567049495876
334.0 0.02293667203048244
335.0 0.021674825984518975
336.0 0.020412978483363986
337.0 0.024588266387581825
338.0 0.028763554291799664
339.0 0.024618615861982107
340.0 0.020473680342547596
341.0 0.017145508900284767
342.0 0.013817338913213462
343.0 0.013762633898295462
344.0 0.013707931793760508
345.0 0.012834665540140122
346.0 0.011961398558923975
347.0 0.011456655920483172
348.0 0.01095191400963813
349.0 0.013496055908035487
350.0 0.016040197806432843
351.0 0.013290863716974854
352.0 0.010541525261942297
353.0 0.011153316154377535
354.0 0.011765107046812773
355.0 0.0100940560514573
356.0 0.008423005056101829
357.0 0.009369484905619174
358.0 0.010315968393115327
359.0 0.010039900371339172
360.0 0.009763830894371495
361.0 0.008905839058570564
362.0 0.008047848677961156
363.0 0.009263579704565927
364.0 0.010479309275979176
365.0 0.010171078611165285
366.0 0.009862850129138678
367.0 0.008633994730189443
368.0 0.0074051386036444455
369.0 0.00793256695033051
370.0 0.008459995297016576
371.0 0.008422983955824748
372.0 0.00838597334222868
373.0 0.0072921648097690195
374.0 0.006198357732500881
375.0 0.0064652405853848904
376.0 0.0067321227106731385
377.0 0.007099002687027678
378.0 0.0074658812081906945
379.0 0.006238476635189727
380.0 0.005011071698390879
381.0 0.0031950392440194264
382.0 0.0013790069715469144
383.0 0.003581750570447184
384.0 0.0057844939874485135
385.0 0.005537469405680895
386.0 0.005290444823913276
387.0 0.005965208038105629
388.0 0.006639971979893744
389.0 0.005831657472299412
390.0 0.005023344056098722
391.0 0.004681712744059041
392.0 0.00434008143201936
393.0 0.004797877045348287
394.0 0.005255673022475094
395.0 0.004340790837886743
396.0 0.003425908289500512
397.0 0.0036066940083401278
398.0 0.0037874793633818626
399.0 0.004006737799500115
400.0 0.004225996235618368
401.0 0.0045219472667668015
402.0 0.004817898297915235
403.0 0.004972499300492927
404.0 0.00512710030307062
405.0 0.004189432002021931
406.0 0.0032517647923668846
407.0 0.0017638194549363106
408.0 0.00027587473141466035
409.0 0.0018243577869725414
410.0 0.0033728410926414654
411.0 0.004150154200033285
412.0 0.004927466943627223
413.0 0.00459306211268995
414.0 0.004258657281752676
415.0 0.0035008531995117664
416.0 0.0027430498448666185
417.0 0.0038266149203991517
418.0 0.004910180723527446
419.0 0.004427917883731425
420.0 0.003945655407733284
421.0 0.003996235682279803
422.0 0.004046816684422083
423.0 0.0037869842344662175
424.0 0.003527152875903994
425.0 0.002601692540338263
426.0 0.001676232204772532
427.0 0.0018490949514671229
428.0 0.002021957880060654
429.0 0.0013479789231496397
430.0 0.0006740004209859762
431.0 0.0007273361006809864
432.0 0.0007806718713254668
433.0 0.0007205706879176432
434.0 0.0006604698228329653
435.0 0.0012707460882666055
436.0 0.0018810223991749808
437.0 0.001994484591705259
438.0 0.0021079469661344774
439.0 0.0021885362002649345
440.0 0.002269125616294332
441.0 0.0017275213394896127
442.0 0.0011859174264827743
443.0 0.002247816701128613
444.0 0.0033097156119765714
445.0 0.0033053649531211704
446.0 0.00330101465806365
447.0 0.002586566552054137
448.0 0.0018721184460446239
449.0 0.002565889917605091
450.0 0.0032596621167613193
451.0 0.002520780253689736
452.0 0.0017818980268202722
453.0 0.001694382262940053
454.0 0.001606866680958774
455.0 0.002329027483938262
456.0 0.0030511886507156305
457.0 0.002214099367847666
458.0 0.0013770103578281123
459.0 0.001557213909109123
460.0 0.0017374173694406636
461.0 0.0008354123565368354
462.0 1.6099429732061021e-10
463.0 0.0009491573109698948
464.0 0.001964907642104663
465.0 0.0022163812900544144
466.0 0.0024678553018020466
467.0 0.0021279254724504426
468.0 0.0017879950974020176
469.0 0.0015940326193231158
470.0 0.0014000699593452737
471.0 0.0013272908290673513
472.0 0.0012545119716378395
473.0 0.001292183151235804
474.0 0.0013298544217832386
475.0 0.0011348271982569713
476.0 0.000939799974730704
477.0 0.0012814593901566695
478.0 0.0016231186236836948
479.0 0.0019755574612645432
480.0 0.0023279962988453917
481.0 0.0018387394447927363
482.0 0.0013494824997906107
483.0 0.0009658825547376182
484.0 0.0005822824732604204
485.0 0.0013721664799959399
486.0 0.002162050259357784
487.0 0.0015219522538245656
488.0 0.0008818540663924068
489.0 0.0017014517652569339
490.0 0.0025210496460204013
491.0 0.002376102565904148
492.0 0.0022311554857878946
493.0 0.0020377528926474042
494.0 0.0018443506633047946
495.0 0.001589684143254999
496.0 0.001335017805104144
497.0 0.0011904027815035079
498.0 0.0010457879398018122
499.0 0.0011855675438710023
500.0 0.0013253473298391327
501.0 0.0008623304893262684
502.0 0.0003993135123891989
503.0 0.0012166560736659449
504.0 0.002033998680417426
505.0 0.0021772177206003107
506.0 0.0023204367607831955
507.0 0.0022563770471606404
508.0 0.002192317151639145
509.0 0.0018684699170989916
510.0 0.001544623046356719
511.0 0.0011967807040491607
512.0 0.0008489384526910726
513.0 0.0013197028238209896
514.0 0.0017904676496982574
515.0 0.0013776725609204732
516.0 0.0009648781997384503
517.0 0.0009050593689607922
518.0 0.0008452406291326042
519.0 0.0010465951163496356
520.0 0.0012479492397687864
521.0 0.0016047022654674947
522.0 0.001961455200216733
523.0 0.0013135720109858084
524.0 0.0006656887762801489
525.0 0.000747012654755963
526.0 0.0008283366696559824
527.0 0.0011874441042891704
528.0 0.0015465517208212987
529.0 0.0012829927072743885
530.0 0.0010194331480306573
531.0 0.0011577686564123724
532.0 0.0012961040738446172
533.0 0.0009038492862600833
534.0 0.0005115944532008143
535.0 0.0010698806363507174
536.0 0.0016281668649753556
537.0 0.001644391886657104
538.0 0.0016606165445409715
539.0 0.0011687797268677969
540.0 0.0006769424089725362
541.0 0.0007641261618118733
542.0 0.0008513101420248859
543.0 0.0012770416105922777
544.0 0.0017027730791596696
545.0 0.0011135422937513795
546.0 0.0005243117357167648
547.0 0.001208724825119134
548.0 0.0018931375961983576
549.0 0.001628096833883319
550.0 0.00136305579871987
551.0 0.0014470017958956305
552.0 0.0015309475202229805
553.0 0.0013473556464305148
554.0 0.001163763317890698
555.0 0.0010337452295061667
556.0 0.000903727050172165
557.0 0.0013440579095913563
558.0 0.0017843884052126668
559.0 0.0017427730199415237
560.0 0.0017011570889735594
561.0 0.0015871995856286958
562.0 0.0014732420822838321
563.0 0.0011891268513863906
564.0 0.0009050115295394789
565.0 0.0016205223801080137
566.0 0.0023360333216260187
567.0 0.0027060739739681594
568.0 0.003076114080613479
569.0 0.0029526303478633054
570.0 0.0028291466151131317
571.0 0.002725062040553894
572.0 0.0026209771021967754
573.0 0.0020789195332326926
574.0 0.0015368619642686099
575.0 0.001966027957678307
576.0 0.0023951937691890635
577.0 0.001947549571923446
578.0 0.0014999059203546494
579.0 0.0016933505321503617
580.0 0.0018867947801481932
581.0 0.0017173517335322686
582.0 0.0015479086869163439
583.0 0.0019481532945064828
584.0 0.002348398083995562
585.0 0.002527086326153949
586.0 0.002705774750211276
587.0 0.002049696195172146
588.0 0.001393617185385665
589.0 0.0020096402295166627
590.0 0.00262566318269819
591.0 0.0018591468688100576
592.0 0.0010926304639724549
593.0 0.0008561431968701072
594.0 0.0006196557478688192
595.0 0.001054447147907922
596.0 0.0014892384569975547
597.0 0.0013650358596350998
598.0 0.0012408332622726448
599.0 0.0009236058758688159
600.0 0.0006063786713639274
601.0 0.000539730763193802
602.0 0.00047308276407420635
603.0 0.0009784867870621383
604.0 0.0014838902643532492
605.0 0.0009136965672951192
606.0 0.00034350243822700577
607.0 0.0007899884622020181
608.0 0.0012364745998638682
609.0 0.0012096822501916904
610.0 0.0011828895367216319
611.0 0.0009865855645330157
612.0 0.0007902814104454592
613.0 0.0007779372936056461
614.0 0.000765593176765833
615.0 0.0012189841982035432
616.0 0.001672375583439134
617.0 0.002172029053326696
618.0 0.0026716827051131986
619.0 0.0022355221517500468
620.0 0.0017993614164879546
621.0 0.0015287097994587384
622.0 0.0012580579095811117
623.0 0.00156172154675005
624.0 0.0018653852748684585
625.0 0.0016593703549006023
626.0 0.0014533557987306267
627.0 0.0018831451598089188
628.0 0.002312935066584032
629.0 0.002058744757960085
630.0 0.001804554631235078
631.0 0.001594945388205815
632.0 0.0013853361451765522
633.0 0.001750161754898727
634.0 0.002114987546519842
635.0 0.005101237911731005
636.0 0.008087488095043227
637.0 0.015412982611451298
638.0 0.022738476400263608
639.0 0.019884074572473764
640.0 0.017029669834300876
641.0 0.014719383034389466
642.0 0.012409100600052625
643.0 0.009991667320718989
644.0 0.007574236224172637
645.0 0.006821446731919423
646.0 0.006068656875868328
647.0 0.005573030284722336
648.0 0.005077403329778463
649.0 0.004153262125328183
650.0 0.003229121648473665
651.0 0.0036490182537818328
652.0 0.00406891485909
653.0 0.003340797411510721
654.0 0.0026126796001335606
655.0 0.0028432994440663606
656.0 0.003073920015594922
657.0 0.002975882489408832
658.0 0.0028778447813238017
659.0 0.002708419197006151
660.0 0.0025389936126885004
661.0 0.002750168277998455
662.0 0.0029613423976115882
663.0 0.0019931507267756388
664.0 0.001024958874040749
665.0 0.0015384108337457292
666.0 0.0020518633391475305
667.0 0.002383553328400012
668.0 0.002715243499551434
669.0 0.001987415635085199
670.0 0.001259587770618964
671.0 0.0009240454346581828
672.0 0.0005885030986974016
673.0 0.0013045201740169432
674.0 0.002020537431235425
675.0 0.00208406345336698
676.0 0.0021475892935995944
677.0 0.0019214548956369981
678.0 0.0016953201338765211
679.0 0.0014393767742149066
680.0 0.001183433414553292
681.0 0.001244358099938836
682.0 0.0013052826943749096
683.0 0.0023978787794476375
684.0 0.003490475137368776
685.0 0.00289576255454449
686.0 0.0023010503355180845
687.0 0.0017257389117730781
688.0 0.001150427033280721
689.0 0.0014824940990365576
690.0 0.0018145608919439837
691.0 0.0021169222236494534
692.0 0.002419283555354923
693.0 0.002756238063739147
694.0 0.003093192572123371
695.0 0.0033092612284235656
696.0 0.0035253291571279988
697.0 0.0036986581108067185
698.0 0.0038719867006875575
699.0 0.005726518793380819
700.0 0.007581049430882558
701.0 0.0071950598794501275
702.0 0.006809071055613458
703.0 0.006263533578021452
704.0 0.005717995009035803
705.0 0.005175527257961221
706.0 0.0046330609620781615
707.0 0.004370788519736379
708.0 0.0041085157135967165
709.0 0.004233849176671356
710.0 0.004359183003543876
711.0 0.00394681264879182
712.0 0.003534443021635525
713.0 0.0025424742489121854
714.0 0.0015505056580877863
715.0 0.0022068596081226133
716.0 0.0028632135581574403
717.0 0.0025008503143908456
718.0 0.00213848670682637
719.0 0.0016659518223605119
720.0 0.0011934165740967728
721.0 0.0011773859114327934
722.0 0.0011613548849709332
723.0 0.0009755342034623027
724.0 0.000789713431004202
725.0 0.0011972470929322299
726.0 0.001604780845809728
727.0 0.0017182015653816052
728.0 0.0018316222849534824
729.0 0.0018074202671414241
730.0 0.0017832186131272465
731.0 0.001359693214908475
732.0 0.0009361680895381141
733.0 0.0009021286132337991
734.0 0.0008680891369294841
735.0 0.0009858495104708709
736.0 0.001103609520214377
737.0 0.001286780843656743
738.0 0.0014699518033012282
739.0 0.001202380644826917
740.0 0.0009348093954031356
741.0 0.001017018894344801
742.0 0.0010992282113875262
743.0 0.0015865965906414203
744.0 0.002073964787996374
745.0 0.0013642831618199125
746.0 0.0006546013992192456
747.0 0.001201994382427074
748.0 0.0017493872292106971
749.0 0.0023641036023036577
750.0 0.002978819793497678
751.0 0.0029509103114833124
752.0 0.002923000829468947
753.0 0.0028847987778135575
754.0 0.002846596726158168
755.0 0.0019021774278371595
756.0 0.0009577581295161508
757.0 0.001866953789431136
758.0 0.0027761494493461214
759.0 0.002627003050292842
760.0 0.0024778564693406224
761.0 0.0043425992771517485
762.0 0.006207341357367113
763.0 0.00571780328755267
764.0 0.005228264853940345
765.0 0.005256804070086218
766.0 0.005285341467242688
767.0 0.004494403765420429
768.0 0.00370346569980029
769.0 0.0033653057471383363
770.0 0.0030271472496679053
771.0 0.003934689812012948
772.0 0.004842232738155872
773.0 0.004003921276307665
774.0 0.0031656094506615773
775.0 0.02324643573956564
776.0 1.6099429732061021e-10
777.0 0.08798885392025113
778.0 1.6099429732061021e-10
779.0 0.10538859060034156
780.0 0.027459533885121346
781.0 0.028112527797929943
782.0 1.6099429732061021e-10
783.0 1.6099429732061021e-10
784.0 1.6099429732061021e-10
785.0 0.03754156059585512
786.0 0.11274926364421844
787.0 0.11762595968320966
788.0 1.6099429732061021e-10
789.0 1.6099429732061021e-10
790.0 0.0120705139124766
791.0 0.05695296567864716
792.0 0.10756724514067173
793.0 0.171646720264107
794.0 1.6099429732061021e-10
795.0 0.059619813691824675
796.0 0.0726969912648201
797.0 0.028370635118335485
798.0 0.2662177896127105
799.0 0.1515165320597589
800.0 0.09661359945312142
801.0 0.44919452629983425
802.0 0.7380145136266947
803.0 1.1737930588424206
804.0 1.9400140270590782
805.0 2.9363730922341347
806.0 4.638134315609932
807.0 6.436530500650406
808.0 8.562017977237701
809.0 11.288347840309143
810.0 14.475888013839722
811.0 17.87099689245224
812.0 20.85118144750595
813.0 23.889674246311188
814.0 27.06223428249359
815.0 31.04245364665985
816.0 36.225008964538574
817.0 41.969868540763855
818.0 47.934168577194214
819.0 54.05387878417969
820.0 61.54583692550659
821.0 69.49814558029175
822.0 75.42962431907654
823.0 80.81886172294617
824.0 85.77483296394348
825.0 90.50623178482056
826.0 93.60268115997314
827.0 96.18337154388428
828.0 98.2753336429596
829.0 98.85555505752563
830.0 99.05579090118408
831.0 99.34501647949219
832.0 98.71336817741394
833.0 99.31371212005615
834.0 98.35675954818726
835.0 99.23418164253235
836.0 99.20575618743896
837.0 99.1667091846466
838.0 98.0768084526062
839.0 98.58778119087219
840.0 98.95156025886536
841.0 99.36506152153015
842.0 99.6186912059784
843.0 99.7346818447113
844.0 98.48934412002563
845.0 98.95142912864685
846.0 98.85068535804749
847.0 98.68050217628479
848.0 100.0462293624878
849.0 98.8716721534729
850.0 98.19095134735107
851.0 99.18462634086609
852.0 99.50502514839172
853.0 98.85708689689636
854.0 99.92901086807251
855.0 98.48571419715881
856.0 99.04463291168213
857.0 98.11253547668457
858.0 98.62149357795715
859.0 99.31982159614563
860.0 98.97626042366028
861.0 98.85522127151489
862.0 98.95221590995789
863.0 98.20991158485413
864.0 99.29119944572449
865.0 100.0619649887085
866.0 98.52563738822937
867.0 99.70663189888
868.0 99.88699555397034
869.0 98.98326992988586
870.0 98.39305877685547
871.0 98.86687994003296
872.0 99.06179904937744
873.0 99.33148622512817
874.0 99.98061060905457
875.0 99.01741743087769
876.0 99.25997257232666
877.0 99.39051866531372
878.0 99.16141033172607
879.0 98.4496533870697
880.0 98.78135323524475
881.0 100.08388757705688
882.0 99.10261631011963
883.0 99.00303483009338
884.0 99.21140670776367
885.0 98.731130361557
886.0 98.74119758605957
887.0 98.5589325428009
888.0 99.11686182022095
889.0 99.39444661140442
890.0 98.52802753448486
891.0 99.52815771102905
892.0 98.82317781448364
893.0 98.81773591041565
894.0 98.56846332550049
895.0 99.72741603851318
