lsstCam/transmission_filter_detector/r41_s11/y_10/19700101T000000.ecsv
# %ECSV 1.0
# ---
# datatype:
# - {name: wavelength, unit: nm, datatype: float32}
# - {name: efficiency, unit: '%', datatype: float64}
# meta: !!omap
# - {MODE: DETECTOR}
# - {TYPE: transmission_filter_detector}
# - {CALIBDATE: '1970-01-01T00:00:00'}
# - {INSTRUME: LSSTCam}
# - {OBSTYPE: transmission_filter_detector}
# - {CALIBCLS: lsst.ip.isr.IntermediateFilterDetectorTransmissionCurve}
# - {SOURCE: Materion (DM-46256)}
# - {DETECTOR: 166}
# - {FILTER: y_10}
# - {CALIB_ID: 'calibDate=1970-01-01T00:00:00 filter=y_10 detector=166'}
# - {DATE: '2025-04-02T15:59:51.511841'}
# - {CALIB_CREATION_DATE: '2025-04-02'}
# - {CALIB_CREATION_TIME: '15:59:51'}
# - __serialized_columns__:
#     efficiency:
#       __class__: astropy.units.quantity.Quantity
#       unit: !astropy.units.Unit {unit: '%'}
#       value: !astropy.table.SerializedColumn {name: efficiency}
#     wavelength:
#       __class__: astropy.units.quantity.Quantity
#       unit: !astropy.units.Unit {unit: nm}
#       value: !astropy.table.SerializedColumn {name: wavelength}
# schema: astropy-2.0
wavelength efficiency
300.0 0.020875086192972958
301.0 0.01977056381292641
302.0 0.018666041432879865
303.0 0.014925544383004308
304.0 0.01118504733312875
305.0 0.010267265315633267
306.0 0.009349484025733545
307.0 0.00903175023267977
308.0 0.008714016439625993
309.0 0.009679182403488085
310.0 0.010644347639754415
311.0 0.007659145921934396
312.0 0.004673943476518616
313.0 0.004825719588552602
314.0 0.004977494609192945
315.0 0.005218599835643545
316.0 0.005459706153487787
317.0 0.004857931344304234
318.0 0.004256156535120681
319.0 0.003441862281761132
320.0 0.002627568210300524
321.0 0.003111832484137267
322.0 0.0035960969398729503
323.0 0.0026744188289740123
324.0 0.0017527407180750743
325.0 0.0023991244233911857
326.0 0.003045507946808357
327.0 0.0027343248802935705
328.0 0.0024231416318798438
329.0 0.002490657971065957
330.0 0.0025581744921510108
331.0 0.0024275315809063613
332.0 0.002296888305863831
333.0 0.0022636178982793353
334.0 0.002230347308795899
335.0 0.0025723073122208007
336.0 0.0029142669518478215
337.0 0.0023461041564587504
338.0 0.0017779415429686196
339.0 0.001400533346895827
340.0 0.0010231252417725045
341.0 0.001526392406958621
342.0 0.0020296600268920884
343.0 0.0020771043637068942
344.0 0.0021245487005217
345.0 0.0013231968296167906
346.0 0.0005218446858634707
347.0 0.0007139442004699958
348.0 0.0009060436241270509
349.0 0.0012642984074773267
350.0 0.0016225530998781323
351.0 0.0016521507859579287
352.0 0.0016817484720377252
353.0 0.0015400388292619027
354.0 0.0013983289136376698
355.0 0.0016344360119546764
356.0 0.0018705432012211531
357.0 0.0012782617886841763
358.0 0.0006859802397229942
359.0 0.0007717426342424005
360.0 0.0008575048923376016
361.0 0.0008757955583860166
362.0 0.0008940862244344316
363.0 0.0008897663974494208
364.0 0.0008854466614138801
365.0 0.0011832135896838736
366.0 0.0014809807908022776
367.0 0.00165094079420669
368.0 0.0018209009795100428
369.0 0.001559830161568243
370.0 0.0012987593436264433
371.0 0.0014704303794133011
372.0 0.001642101415200159
373.0 0.0019713275833055377
374.0 0.002300553569511976
375.0 0.0030042183425393887
376.0 0.003707882933667861
377.0 0.0041368963138666
378.0 0.004565910057863221
379.0 0.004362173785921186
380.0 0.0041584378777770326
381.0 0.0033504195016575977
382.0 0.002542400761740282
383.0 0.001858993709902279
384.0 0.0011755868399632163
385.0 0.0008963186701294035
386.0 0.0006170503638713853
387.0 0.0007157150321290828
388.0 0.0008143796549120452
389.0 0.0006580417448276421
390.0 0.0005017038802179741
391.0 0.0005561994839808904
392.0 0.0006106951332185417
393.0 0.0006463782938226359
394.0 0.00068206145442673
395.0 0.0007643158824066631
396.0 0.0008465704013360664
397.0 0.0008330896889674477
398.0 0.0008196091584977694
399.0 0.0010695134733396117
400.0 0.0013194178791309241
401.0 0.0016330794096575119
402.0 0.001946740667335689
403.0 0.0019596804122556932
404.0 0.0019726201571756974
405.0 0.0019492177671054378
406.0 0.0019258151951362379
407.0 0.001789798443496693
408.0 0.0016537818737560883
409.0 0.0015915882613626309
410.0 0.001529394467070233
411.0 0.0008811418410914484
412.0 0.00023288939701160416
413.0 0.00036895044104312547
414.0 0.0005050113941251766
415.0 0.0002639849753904855
416.0 2.2958531076255895e-05
417.0 1.6792047353303419e-10
418.0 1.6792047353303419e-10
419.0 8.78804939929978e-06
420.0 0.00046471918722090777
421.0 0.0003058506081288215
422.0 0.00014698211998620536
423.0 0.00023693548882874893
424.0 0.0003268886075602495
425.0 1.6792047353303419e-10
426.0 1.6792047353303419e-10
427.0 1.6792047353303419e-10
428.0 1.6792047353303419e-10
429.0 1.6792047353303419e-10
430.0 1.6792047353303419e-10
431.0 1.6792047353303419e-10
432.0 1.6792047353303419e-10
433.0 0.00012029499885102268
434.0 0.00024495498109899927
435.0 0.00012090300742784166
436.0 1.6792047353303419e-10
437.0 1.6792047353303419e-10
438.0 1.6792047353303419e-10
439.0 1.6792047353303419e-10
440.0 2.4050470059933104e-06
441.0 1.6792047353303419e-10
442.0 1.6792047353303419e-10
443.0 1.6792047353303419e-10
444.0 3.6560443561484135e-06
445.0 0.0001753522838043864
446.0 0.0003470486490186886
447.0 0.0002470566641932237
448.0 0.00014706444062539958
449.0 0.00017482728935647174
450.0 0.00020258987660781713
451.0 4.1621888158260845e-05
452.0 1.6792047353303419e-10
453.0 1.6792047353303419e-10
454.0 1.6792047353303419e-10
455.0 1.6792047353303419e-10
456.0 4.021570134682406e-05
457.0 1.6792047353303419e-10
458.0 1.6792047353303419e-10
459.0 1.6792047353303419e-10
460.0 1.277495869089762e-05
461.0 0.0001083163510884333
462.0 0.00020385764400998596
463.0 0.0002276899067510385
464.0 0.0002515220785426209
465.0 0.00043211598494963255
466.0 0.0006127099823061144
467.0 0.0006072596079320647
468.0 0.0006018092790327501
469.0 0.0009661584954301361
470.0 0.0013305077118275221
471.0 0.0014038510926184244
472.0 0.001477194655308267
473.0 0.0019239065295550972
474.0 0.002370618312852457
475.0 0.0024662223950144835
476.0 0.00256182647717651
477.0 0.0024697737899259664
478.0 0.0023777209207764827
479.0 0.0027535670596989803
480.0 0.0031294133805204183
481.0 0.003344134893268347
482.0 0.003558856769814156
483.0 0.0036207020457368344
484.0 0.003682546957861632
485.0 0.003339641625643708
486.0 0.002996736111526843
487.0 0.002487292658770457
488.0 0.0019778492060140707
489.0 0.0019778875866904855
490.0 0.0019779259673669003
491.0 0.0017610605937079526
492.0 0.001544195220049005
493.0 0.0016439858882222325
494.0 0.00174377655639546
495.0 0.0017815684259403497
496.0 0.0018193602954852395
497.0 0.0014976334568927996
498.0 0.0011759066183003597
499.0 0.0016667599993525073
500.0 0.0021576131985057145
501.0 0.0021869525880902074
502.0 0.0022162919776747003
503.0 0.0025068020477192476
504.0 0.002797312117763795
505.0 0.0023128075554268435
506.0 0.0018283022654941306
507.0 0.0018306382116861641
508.0 0.001832974339777138
509.0 0.0017928359739016742
510.0 0.0017526974261272699
511.0 0.001744795372360386
512.0 0.0017368935004924424
513.0 0.0018666323740035295
514.0 0.0019963712475146167
515.0 0.0018435035599395633
516.0 0.0016906355085666291
517.0 0.0014024717529537156
518.0 0.0011143076335429214
519.0 0.0011327245374559425
520.0 0.0011511414413689636
521.0 0.0012012596926069818
522.0 0.0012513779438450001
523.0 0.0013077099538350012
524.0 0.0013640420547744725
525.0 0.0017862861568573862
526.0 0.0022085305317887105
527.0 0.002103887891280465
528.0 0.001999245250772219
529.0 0.002293786201335024
530.0 0.0025883267880999483
531.0 0.0022689966499456204
532.0 0.0019496665117912926
533.0 0.0019320606952533126
534.0 0.0019144552425132133
535.0 0.0016888698155526072
536.0 0.0014632845704909414
537.0 0.0016074507584562525
538.0 0.0017516169464215636
539.0 0.0023257814973476343
540.0 0.002899946048273705
541.0 0.0036297486076364294
542.0 0.004359551166999154
543.0 0.0045933662477182224
544.0 0.004827181692235172
545.0 0.004719377466244623
546.0 0.004611572876456194
547.0 0.004226394230499864
548.0 0.0038412155845435336
549.0 0.0031403858884004876
550.0 0.002439556374156382
551.0 0.0023089503883966245
552.0 0.0021783442207379267
553.0 0.002120734643540345
554.0 0.0020631256120395847
555.0 0.0026059664378408343
556.0 0.003148807445541024
557.0 0.003776866287807934
558.0 0.004404924766276963
559.0 0.004425651059136726
560.0 0.00444637771579437
561.0 0.004050022471346892
562.0 0.0036536672268994153
563.0 0.003433580423006788
564.0 0.0032134936191141605
565.0 0.003513223782647401
566.0 0.003812953582382761
567.0 0.004292960511520505
568.0 0.004772967076860368
569.0 0.00529498684045393
570.0 0.005817006604047492
571.0 0.00654748291708529
572.0 0.007277959957718849
573.0 0.007401150651276112
574.0 0.0075243420724291354
575.0 0.007175261271186173
576.0 0.006826179742347449
577.0 0.006188211409607902
578.0 0.005550242349272594
579.0 0.005239617530605756
580.0 0.004928992348141037
581.0 0.00535264152858872
582.0 0.005776290709036402
583.0 0.007282857404788956
584.0 0.008789425191935152
585.0 0.009931993554346263
586.0 0.01107456482714042
587.0 0.011244340566918254
588.0 0.011414119217079133
589.0 0.010746253246907145
590.0 0.010078389459522441
591.0 0.009569262329023331
592.0 0.009060135926119983
593.0 0.008126377360895276
594.0 0.007192616612883285
595.0 0.006302654219325632
596.0 0.005412691098172218
597.0 0.005370090002543293
598.0 0.005327489270712249
599.0 0.006150324043119326
600.0 0.006973158451728523
601.0 0.008216046990128234
602.0 0.009458934800932184
603.0 0.010363524779677391
604.0 0.011268113303231075
605.0 0.010782673780340701
606.0 0.01029723571264185
607.0 0.009952169057214633
608.0 0.009607101674191654
609.0 0.008289670950034633
610.0 0.006972240225877613
611.0 0.005458544910652563
612.0 0.003944848867831752
613.0 0.003634733729995787
614.0 0.0033246189559577033
615.0 0.0037058060115668923
616.0 0.0040869927033782005
617.0 0.005283265636535361
618.0 0.0064795371145009995
619.0 0.00807802498457022
620.0 0.00967651212704368
621.0 0.010602358815958723
622.0 0.011528204777278006
623.0 0.011484265996841714
624.0 0.011440324306022376
625.0 0.01097218701033853
626.0 0.010504048259463161
627.0 0.00907813009689562
628.0 0.007652211934328079
629.0 0.006216896144906059
630.0 0.0047815792640903965
631.0 0.003941589966416359
632.0 0.0031016006687423214
633.0 0.0029236207410576753
634.0 0.0027456408133730292
635.0 0.002803795905492734
636.0 0.0028619508157134987
637.0 0.0032826737879076973
638.0 0.003703397305798717
639.0 0.0045012886403128505
640.0 0.005299179974826984
641.0 0.00550878066860605
642.0 0.005718380998587236
643.0 0.005814672476844862
644.0 0.005910963955102488
645.0 0.0053144554840400815
646.0 0.004717947740573436
647.0 0.004239374175085686
648.0 0.0037608002458000556
649.0 0.0029391301723080687
650.0 0.0021174602807150222
651.0 0.001966299896594137
652.0 0.0018151393305743113
653.0 0.001689349846856203
654.0 0.0015635603631380945
655.0 0.001812671689549461
656.0 0.002061783197859768
657.0 0.0019747823898796923
658.0 0.0018877815818996169
659.0 0.0015466610420844518
660.0 0.0012055407751176972
661.0 0.0014407480193767697
662.0 0.0016759553545853123
663.0 0.0018426337192067876
664.0 0.002009312083828263
665.0 0.0023591825083713047
666.0 0.002709053114813287
667.0 0.0030133920517982915
668.0 0.0033177311706822366
669.0 0.004265206371201202
670.0 0.005212681207922287
671.0 0.006132205453468487
672.0 0.007051729335216805
673.0 0.007447562529705465
674.0 0.00784339354140684
675.0 0.007559313235105947
676.0 0.007275232928805053
677.0 0.0067730805312749
678.0 0.006270926678553224
679.0 0.005309904008754529
680.0 0.0043488813389558345
681.0 0.002886756010411773
682.0 0.00142463004522142
683.0 0.0007847875167499296
684.0 0.00014494499964712304
685.0 7.807360589140444e-05
686.0 1.120216523986528e-05
687.0 6.417972144845407e-05
688.0 0.00011715737855411135
689.0 0.0001677426212154387
690.0 0.0002183279320888687
691.0 0.00017406409824616276
692.0 0.00012980025303477305
693.0 0.0002806913244057796
694.0 0.0004315823389333673
695.0 0.0004051948053529486
696.0 0.00037880733998463256
697.0 0.0004669608642871026
698.0 0.00055511432037747
699.0 0.00033989369967457606
700.0 0.00012467295391616062
701.0 8.90053399871249e-06
702.0 1.6792047353303419e-10
703.0 6.017453983986343e-05
704.0 0.00022722124413121492
705.0 0.0001868527078840998
706.0 0.00014648414889961714
707.0 2.1298802721503307e-05
708.0 1.6792047353303419e-10
709.0 0.00024115154246828752
710.0 0.0005861896624992369
711.0 0.00030827432055957615
712.0 3.0359001357282978e-05
713.0 5.37304970293917e-05
714.0 7.710197564847476e-05
715.0 5.0284523922528024e-05
716.0 2.3467046617042797e-05
717.0 0.00012670304840867175
718.0 0.00022993897346168524
719.0 0.00014692066088173306
720.0 6.390240514519974e-05
721.0 0.0001757104655553121
722.0 0.00028751853733410826
723.0 0.00031000349736132193
724.0 0.000332488389176433
725.0 0.00036328317492007045
726.0 0.0003940780516131781
727.0 0.0003309957946839859
728.0 0.00026791353775479365
729.0 0.00029690138489968376
730.0 0.00032588916383247124
731.0 0.00037573076951957773
732.0 0.0004255722160451114
733.0 0.00032389327770943055
734.0 0.00022221447579795495
735.0 0.0005081425570097053
736.0 0.0007940706382214557
737.0 0.0008463143785775173
738.0 0.0008985580279841088
739.0 0.0006251114882616093
740.0 0.0003516649485391099
741.0 0.00024196683625632431
742.0 0.0001322687353422225
743.0 0.000210723010241054
744.0 0.0002891773647206719
745.0 0.0004290770448278636
746.0 0.0005689767931471579
747.0 0.0004845937837671954
748.0 0.0004002109562861733
749.0 0.00044180637814861257
750.0 0.00048340175453631673
751.0 0.00014705016155858175
752.0 1.6792047353303419e-10
753.0 0.00019001539612872875
754.0 0.0005693321327271406
755.0 0.000422199082095176
756.0 0.0002750660314632114
757.0 0.0003010430873473524
758.0 0.0003270199385951855
759.0 4.8831515186975594e-05
760.0 1.6792047353303419e-10
761.0 1.6792047353303419e-10
762.0 4.487604030600778e-05
763.0 0.00020273537302273326
764.0 0.00036059464036952704
765.0 0.00026609952783474
766.0 0.00017160444940600428
767.0 5.671147960129019e-05
768.0 1.6792047353303419e-10
769.0 1.6792047353303419e-10
770.0 1.6792047353303419e-10
771.0 2.3931201553750725e-05
772.0 5.5255594588743406e-05
773.0 0.00010220516060144291
774.0 0.00014915467545506544
775.0 0.0003142617515550228
776.0 0.0004793688276549801
777.0 0.0002957676315418212
778.0 0.00011216633311050828
779.0 0.0004299481133784866
780.0 0.0007477298368030461
781.0 0.000864784396981122
782.0 0.000981839002633933
783.0 0.0008810006875137333
784.0 0.0007801623723935336
785.0 0.0005337249149306444
786.0 0.00028728752567985794
787.0 0.0006009234311932232
788.0 0.0009145594049186911
789.0 0.0005018615865992615
790.0 8.916363753996848e-05
791.0 0.0003902594016835792
792.0 0.0006913553079357371
793.0 0.00078779894465697
794.0 0.0008842424904287327
795.0 0.000677642037771875
796.0 0.0004710414486908121
797.0 0.0008198793693736661
798.0 0.001168717244581785
799.0 0.0009886505722533911
800.0 0.0008085837180260569
801.0 0.0007981603630469181
802.0 0.0007877369171183091
803.0 0.0006451693025155691
804.0 0.0005026014605391538
805.0 0.0006645836037932895
806.0 0.0008265657925221603
807.0 0.0009227355803886894
808.0 0.0010189053682552185
809.0 0.0009403307558386587
810.0 0.0008617563253210392
811.0 0.000714382895239396
812.0 0.0005670096470566932
813.0 0.0005847572538186796
814.0 0.0006025049060554011
815.0 0.00021811533770232927
816.0 1.6792047353303419e-10
817.0 0.0002477756652297103
818.0 0.0006618258339585736
819.0 0.0005195605808694381
820.0 0.0003772952595682
821.0 0.0005054710072727175
822.0 0.0006336468231893377
823.0 0.0004766826350532938
824.0 0.00031971860607882263
825.0 0.00028691592888208106
826.0 0.0002541132516853395
827.0 0.00022788603928347584
828.0 0.000201658735932142
829.0 0.000423079882239108
830.0 0.000644500823909766
831.0 0.0006090012448112248
832.0 0.0005735015747632133
833.0 0.0008389976756006945
834.0 0.001104493912862381
835.0 0.0008189606887754053
836.0 0.0005334275556378998
837.0 0.000882072708918713
838.0 0.0012307175893511157
839.0 0.0009928853614837863
840.0 0.0007550529971922515
841.0 0.0004723948222817853
842.0 0.00018973655642184895
843.0 0.00021895821191719733
844.0 0.00024818014026095625
845.0 0.0007173595804488286
846.0 0.0011865392480103765
847.0 0.0007553765954071423
848.0 0.0003242140337533783
849.0 0.0006156308700155932
850.0 0.0009070477062778082
851.0 0.000591024172535981
852.0 0.0002750008206930943
853.0 0.0004589258423948195
854.0 0.0006428510914702201
855.0 0.0006925296474946663
856.0 0.0007422080670949072
857.0 0.0009675006367615424
858.0 0.0011927930245292373
859.0 0.0011093875400547404
860.0 0.0010259820555802435
861.0 0.0009986306395148858
862.0 0.0009712794053484686
863.0 0.0011999954040220473
864.0 0.001428711402695626
865.0 0.0017937250959221274
866.0 0.002158738971047569
867.0 0.0023813578081899323
868.0 0.002603976827231236
869.0 0.002808639510476496
870.0 0.0030133021937217563
871.0 0.0029965232897666283
872.0 0.0029797445677104406
873.0 0.0027466961910249665
874.0 0.002513647996238433
