lsstCam/transmission_filter_detector/r41_s11/y_10/19700101T000000.ecsv
# %ECSV 1.0
# ---
# datatype:
# - {name: wavelength, unit: nm, datatype: float32}
# - {name: efficiency, unit: '%', datatype: float64}
# meta: !!omap
# - {MODE: DETECTOR}
# - {TYPE: transmission_filter_detector}
# - {CALIBDATE: '1970-01-01T00:00:00'}
# - {INSTRUME: LSSTCam}
# - {OBSTYPE: transmission_filter_detector}
# - {CALIBCLS: lsst.ip.isr.IntermediateFilterDetectorTransmissionCurve}
# - {SOURCE: Materion (DM-46256)}
# - {DETECTOR: 166}
# - {FILTER: y_10}
# - {CALIB_ID: 'calibDate=1970-01-01T00:00:00 filter=y_10 detector=166'}
# - {DATE: '2025-04-02T15:59:51.511841'}
# - {CALIB_CREATION_DATE: '2025-04-02'}
# - {CALIB_CREATION_TIME: '15:59:51'}
# - __serialized_columns__:
#     efficiency:
#       __class__: astropy.units.quantity.Quantity
#       unit: !astropy.units.Unit {unit: '%'}
#       value: !astropy.table.SerializedColumn {name: efficiency}
#     wavelength:
#       __class__: astropy.units.quantity.Quantity
#       unit: !astropy.units.Unit {unit: nm}
#       value: !astropy.table.SerializedColumn {name: wavelength}
# schema: astropy-2.0
wavelength efficiency
[from data line 576]
876.0 0.0020379295165184885
877.0 0.0015775420251884498
878.0 0.0011171546248078812
879.0 0.0016491640053573065
880.0 0.06787967286072671
881.0 0.07954702014103532
882.0 0.06163216894492507
883.0 0.0882469757925719
884.0 0.06733080372214317
885.0 0.09701758390292525
886.0 0.06075556739233434
887.0 0.09287808206863701
888.0 0.06878382409922779
889.0 0.08847776334732771
890.0 0.0704137550201267
891.0 0.101407989859581
892.0 0.05690589314326644
893.0 0.09209202253259718
894.0 0.07080193608999252
895.0 0.09386359015479684
896.0 0.07116170017980039
897.0 0.10251349303871393
898.0 0.06786406156606972
899.0 0.11263967026025057
900.0 0.09514986886642873
901.0 0.11676129652187228
902.0 0.13210627948865294
903.0 0.13973579043522477
904.0 0.15614365693181753
905.0 0.15385664300993085
906.0 0.20488596055656672
907.0 0.23402743972837925
908.0 0.29372258577495813
909.0 0.35933759063482285
910.0 0.49701021052896976
911.0 0.6822920870035887
912.0 0.9669261053204536
913.0 1.4417141675949097
914.0 2.0355811342597008
915.0 3.011600859463215
916.0 4.296008870005608
917.0 5.851565301418304
918.0 7.815055549144745
919.0 9.85954999923706
920.0 12.802228331565857
921.0 15.911377966403961
922.0 18.96236538887024
923.0 22.415824234485626
924.0 26.134654879570007
925.0 30.21582067012787
926.0 35.32211482524872
927.0 41.066181659698486
928.0 46.462056040763855
929.0 52.62343883514404
930.0 58.515363931655884
931.0 64.75775837898254
932.0 70.9751546382904
933.0 76.72893404960632
934.0 81.41739964485168
935.0 85.12936234474182
936.0 88.33771347999573
937.0 90.80860018730164
938.0 92.69933104515076
939.0 93.81463527679443
940.0 94.70050930976868
941.0 95.16756534576416
942.0 95.58992385864258
943.0 95.84071636199951
944.0 96.34642601013184
945.0 96.42907977104187
946.0 96.70507311820984
947.0 96.82139754295349
948.0 97.01417088508606
949.0 96.98523283004761
950.0 97.09241390228271
951.0 97.09962010383606
952.0 97.11414575576782
953.0 97.23063111305237
954.0 97.22673892974854
955.0 97.28822112083435
956.0 97.45017886161804
957.0 97.66535758972168
958.0 97.81137704849243
959.0 97.96833395957947
960.0 98.12296628952026
961.0 98.24970960617065
962.0 98.37451577186584
963.0 98.44682812690735
964.0 98.55965375900269
965.0 98.6046850681305
966.0 98.73601198196411
967.0 98.82362484931946
968.0 98.79436492919922
969.0 98.78012537956238
970.0 98.8340675830841
971.0 98.87674450874329
972.0 98.9276647567749
973.0 99.0102767944336
974.0 99.01522994041443
975.0 98.98661375045776
976.0 99.04318451881409
977.0 99.021315574646
978.0 99.07360076904297
979.0 99.07082915306091
980.0 99.03675317764282
981.0 99.02554154396057
982.0 98.95443320274353
983.0 98.94983172416687
984.0 98.93492460250854
985.0 98.9053726196289
986.0 98.80517721176147
987.0 98.88182878494263
988.0 98.71694445610046
989.0 98.7023115158081
990.0 98.62161874771118
991.0 98.62666726112366
992.0 98.67318868637085
993.0 98.62470626831055
994.0 98.58509302139282
995.0 98.60001802444458
996.0 98.53349924087524
997.0 98.65601062774658
998.0 98.702871799469
999.0 98.73500466346741
1000.0 98.80877137184143
1001.0 98.74163269996643
1002.0 98.87459874153137
1003.0 98.91886711120605
1004.0 99.01007413864136
1005.0 98.96645545959473
1006.0 99.11670088768005
1007.0 99.13046360015869
1008.0 99.0757942199707
1009.0 99.03289079666138
1010.0 99.11518692970276
1011.0 99.09301996231079
1012.0 99.01365637779236
1013.0 99.01759624481201
1014.0 98.98921847343445
1015.0 98.95484447479248
1016.0 98.9305853843689
1017.0 98.95116686820984
1018.0 98.97536039352417
1019.0 98.88632297515869
1020.0 98.94531965255737
1021.0 99.06153678894043
1022.0 98.8870918750763
1023.0 98.9355981349945
1024.0 98.9102303981781
1025.0 98.84833097457886
1026.0 98.9612340927124
1027.0 99.0566611289978
1028.0 98.94494414329529
1029.0 99.08729791641235
1030.0 99.11061525344849
1031.0 99.09704923629761
1032.0 99.08624291419983
1033.0 99.13139343261719
1034.0 99.12770390510559
1035.0 99.14383292198181
1036.0 99.12566542625427
1037.0 99.11220073699951
1038.0 99.07299280166626
1039.0 99.07865524291992
1040.0 98.96981120109558
1041.0 99.03808832168579
1042.0 99.01002645492554
1043.0 98.94646406173706
1044.0 98.95758628845215
1045.0 98.70396852493286
1046.0 98.9089846611023
1047.0 98.80820512771606
1048.0 98.85615110397339
1049.0 98.74758720397949
1050.0 98.74058961868286
1051.0 98.71059060096741
1052.0 98.6907958984375
1053.0 98.69558811187744
1054.0 98.79834651947021
1055.0 98.91724586486816
1056.0 98.80226254463196
1057.0 98.8088309764862
1058.0 98.64617586135864
1059.0 98.74836802482605
1060.0 98.91620874404907
1061.0 98.72538447380066
1062.0 98.83782863616943
1063.0 98.63203167915344
1064.0 98.99649024009705
1065.0 98.93251061439514
1066.0 98.90502691268921
1067.0 99.05422329902649
1068.0 98.9537239074707
1069.0 98.70108366012573
1070.0 99.11190271377563
1071.0 98.90786409378052
1072.0 99.04207587242126
1073.0 98.97916913032532
1074.0 98.72136116027832
1075.0 98.65911602973938
1076.0 98.47606420516968
1077.0 98.85165095329285
1078.0 99.05598759651184
1079.0 98.6113965511322
1080.0 99.33291673660278
1081.0 98.6984133720398
1082.0 98.6006498336792
1083.0 98.41281175613403
1084.0 99.03155565261841
1085.0 98.93365502357483
1086.0 98.47672581672668
1087.0 98.9636778831482
1088.0 98.5556423664093
1089.0 98.39534759521484
1090.0 98.54822158813477
1091.0 98.51217269897461
1092.0 98.69686365127563
1093.0 98.60873222351074
1094.0 98.2109785079956
1095.0 98.24473857879639
1096.0 98.34800958633423
1097.0 98.26135635375977
1098.0 97.86439538002014
1099.0 98.7224280834198
1100.0 97.9842483997345
