lsstCam/transmission_filter_detector/r31_s21/i_39/19700101T000000.ecsv
# %ECSV 1.0
# ---
# datatype:
# - {name: wavelength, unit: nm, datatype: float32}
# - {name: efficiency, unit: '%', datatype: float64}
# meta: !!omap
# - {MODE: DETECTOR}
# - {TYPE: transmission_filter_detector}
# - {CALIBDATE: '1970-01-01T00:00:00'}
# - {INSTRUME: LSSTCam}
# - {OBSTYPE: transmission_filter_detector}
# - {CALIBCLS: lsst.ip.isr.IntermediateFilterDetectorTransmissionCurve}
# - {SOURCE: Materion (DM-46256)}
# - {DETECTOR: 133}
# - {FILTER: i_39}
# - {CALIB_ID: 'calibDate=1970-01-01T00:00:00 filter=i_39 detector=133'}
# - {DATE: '2025-04-02T15:59:47.095612'}
# - {CALIB_CREATION_DATE: '2025-04-02'}
# - {CALIB_CREATION_TIME: '15:59:47'}
# - __serialized_columns__:
#     efficiency:
#       __class__: astropy.units.quantity.Quantity
#       unit: !astropy.units.Unit {unit: '%'}
#       value: !astropy.table.SerializedColumn {name: efficiency}
#     wavelength:
#       __class__: astropy.units.quantity.Quantity
#       unit: !astropy.units.Unit {unit: nm}
#       value: !astropy.table.SerializedColumn {name: wavelength}
# schema: astropy-2.0
wavelength efficiency
[from data line 597]
897.0 0.00013850475397703121
898.0 4.5661707304134325e-05
899.0 1.5980567563689263e-10
900.0 1.5980567563689263e-10
901.0 1.5980567563689263e-10
902.0 1.5980567563689263e-10
903.0 1.5980567563689263e-10
904.0 1.5980567563689263e-10
905.0 1.5980567563689263e-10
906.0 1.5980567563689263e-10
907.0 1.5980567563689263e-10
908.0 1.5980567563689263e-10
909.0 1.5980567563689263e-10
910.0 1.5980567563689263e-10
911.0 1.5980567563689263e-10
912.0 1.5980567563689263e-10
913.0 1.5980567563689263e-10
914.0 5.558282509809942e-05
915.0 4.118149092846579e-05
916.0 2.6780179496199708e-05
917.0 1.5980567563689263e-10
918.0 1.5980567563689263e-10
919.0 1.2786932757080649e-05
920.0 0.0001728540837575565
921.0 1.5980567563689263e-10
922.0 1.5980567563689263e-10
923.0 1.5980567563689263e-10
924.0 0.00015819960026419722
925.0 2.9457413575073588e-05
926.0 1.5980567563689263e-10
927.0 1.5980567563689263e-10
928.0 1.5980567563689263e-10
929.0 1.5980567563689263e-10
930.0 1.5980567563689263e-10
931.0 1.5980567563689263e-10
932.0 1.5980567563689263e-10
933.0 1.5980567563689263e-10
934.0 1.5980567563689263e-10
935.0 1.5980567563689263e-10
936.0 1.5980567563689263e-10
937.0 0.00011011239848812693
938.0 0.00028486554128903663
939.0 0.00011916386029042769
940.0 1.5980567563689263e-10
941.0 3.2315574571839534e-05
942.0 0.00011116892437712522
943.0 5.659577482219902e-05
944.0 2.022696499182075e-06
945.0 1.5980567563689263e-10
946.0 1.5980567563689263e-10
947.0 0.00013746821423410438
948.0 0.0002800668653435423
949.0 0.00017300100125794415
950.0 6.593515990971355e-05
951.0 0.00011468303000583546
952.0 0.00016343091147064115
953.0 6.423705656288803e-06
954.0 1.5980567563689263e-10
955.0 1.038486363569291e-06
956.0 0.0001526605615254084
957.0 0.00014967502011131728
958.0 0.00014668952417196124
959.0 0.0001916070459628827
960.0 0.000236524624597223
961.0 0.0002744408448052127
962.0 0.00031235704227583483
963.0 0.00034059742120007286
964.0 0.00036883782286167843
965.0 0.00016407332168455468
966.0 1.5980567563689263e-10
967.0 1.5980567563689263e-10
968.0 2.9180895921854244e-05
969.0 1.5980567563689263e-10
970.0 1.5980567563689263e-10
971.0 1.5980567563689263e-10
972.0 1.5980567563689263e-10
973.0 1.5980567563689263e-10
974.0 6.828567222783022e-06
975.0 9.683618600320187e-05
976.0 0.0001868438062047062
977.0 0.0001234645992553851
978.0 6.008536388435459e-05
979.0 0.00010678409125830512
980.0 0.00015348279021054623
981.0 1.5980567563689263e-10
982.0 1.5980567563689263e-10
983.0 1.5980567563689263e-10
984.0 5.841861820954364e-05
985.0 1.5299143285574246e-05
986.0 1.5980567563689263e-10
987.0 1.5980567563689263e-10
988.0 1.5980567563689263e-10
989.0 2.847694133834011e-05
990.0 7.991672532625671e-05
991.0 0.00011748027191060828
992.0 0.0001550438355479855
993.0 0.00011299653124297038
994.0 7.094918714756204e-05
995.0 0.00011947674920520512
996.0 0.00016800430557850632
997.0 7.726582111899916e-05
998.0 1.5980567563689263e-10
999.0 3.452244357049494e-05
1000.0 8.251752205978846e-05
1001.0 0.00011830992434624932
1002.0 0.00015410229252665886
1003.0 0.00023078930553310784
1004.0 0.00030747635264560813
1005.0 0.00021462715267261956
1006.0 0.00012177799817436608
1007.0 8.872395369508013e-05
1008.0 5.566992058447795e-05
1009.0 6.169246944409679e-05
1010.0 6.771497282898054e-05
1011.0 0.00014718337979502394
1012.0 0.00022665183223580243
1013.0 0.00024975815904326737
1014.0 0.0002728645768002025
1015.0 0.0002132085000994266
1016.0 0.00015355244613601826
1017.0 0.0002595990736153908
1018.0 0.00036564570109476335
1019.0 0.000224365726353426
1020.0 8.30857686651143e-05
1021.0 9.35689172365528e-05
1022.0 0.00010405206012364943
1023.0 7.129293067009712e-05
1024.0 3.853380405871576e-05
1025.0 0.00020720744942082092
1026.0 0.0003758811544685159
1027.0 0.0005094524112791987
1028.0 0.0006430235771404114
1029.0 0.0009427079021406826
1030.0 0.0012423922271409538
1031.0 0.0015797893865965307
1032.0 0.0019171866370015778
1033.0 0.0021385007130447775
1034.0 0.002359814607189037
1035.0 0.0027179103199159727
1036.0 0.003076005305047147
1037.0 0.003282091347500682
1038.0 0.0034881777537520975
1039.0 0.0033670617995085195
1040.0 0.0032459454814670607
1041.0 0.002972386027977336
1042.0 0.002698826756386552
1043.0 0.0029252239983179606
1044.0 0.0031516217859461904
1045.0 0.0032521376851946115
1046.0 0.003352653220645152
1047.0 0.0031601230148226023
1048.0 0.0029675931727979332
1049.0 0.0028691849365714006
1050.0 0.0027707768822438084
1051.0 0.0023440425138687715
1052.0 0.001917308327392675
1053.0 0.0019000766769750044
1054.0 0.0018828450265573338
1055.0 0.0013254489203973208
1056.0 0.0007680528142373078
1057.0 0.0008916611477616243
1058.0 0.0010152697541343514
1059.0 0.0006592450517928228
1060.0 0.00030322055408760207
1061.0 0.0007073018423398025
1062.0 0.0011113831533293705
1063.0 0.0017587373804417439
1064.0 0.0024060916985035874
1065.0 0.0026917652576230466
1066.0 0.0029774389986414462
1067.0 0.0037272224290063605
1068.0 0.004477005495573394
1069.0 0.004115955016459338
1070.0 0.0037549045373452827
1071.0 0.0038697227864759043
1072.0 0.003984541035606526
1073.0 0.003434987593209371
1074.0 0.0028854339689132757
1075.0 0.0028321535864961334
1076.0 0.0027788730221800506
1077.0 0.003157208630000241
1078.0 0.0035355442378204316
1079.0 0.003618193295551464
1080.0 0.0037008419894846156
1081.0 0.002737711474765092
1082.0 0.0017745809600455686
1083.0 0.0013480258530762512
1084.0 0.000921470837056404
1085.0 0.0006296927040239098
1086.0 0.000337914798365091
1087.0 0.000669187920721015
1088.0 0.0010004612704506144
1089.0 0.0005488358965521911
1090.0 9.721079550217837e-05
1091.0 0.000997837105387589
1092.0 0.0018984634152729996
1093.0 9.781390417629154e-05
1094.0 1.5980567563689263e-10
1095.0 1.5980567563689263e-10
1096.0 1.5980567563689263e-10
1097.0 1.5980567563689263e-10
1098.0 5.34272217578291e-06
1099.0 0.000371370219909295
1100.0 0.0007373975677182898
