lsstCam/transmission_filter_detector/r31_s21/i_39/19700101T000000.ecsv
# %ECSV 1.0
# ---
# datatype:
# - {name: wavelength, unit: nm, datatype: float32}
# - {name: efficiency, unit: '%', datatype: float64}
# meta: !!omap
# - {MODE: DETECTOR}
# - {TYPE: transmission_filter_detector}
# - {CALIBDATE: '1970-01-01T00:00:00'}
# - {INSTRUME: LSSTCam}
# - {OBSTYPE: transmission_filter_detector}
# - {CALIBCLS: lsst.ip.isr.IntermediateFilterDetectorTransmissionCurve}
# - {SOURCE: Materion (DM-46256)}
# - {DETECTOR: 133}
# - {FILTER: i_39}
# - {CALIB_ID: 'calibDate=1970-01-01T00:00:00 filter=i_39 detector=133'}
# - {DATE: '2025-04-02T15:59:47.095612'}
# - {CALIB_CREATION_DATE: '2025-04-02'}
# - {CALIB_CREATION_TIME: '15:59:47'}
# - __serialized_columns__:
#     efficiency:
#       __class__: astropy.units.quantity.Quantity
#       unit: !astropy.units.Unit {unit: '%'}
#       value: !astropy.table.SerializedColumn {name: efficiency}
#     wavelength:
#       __class__: astropy.units.quantity.Quantity
#       unit: !astropy.units.Unit {unit: nm}
#       value: !astropy.table.SerializedColumn {name: wavelength}
# schema: astropy-2.0
wavelength efficiency
300.0 0.015694879402872175
301.0 0.010769929940579459
302.0 0.005844999031978659
303.0 0.005066954327048734
304.0 0.00428891580668278
305.0 0.01271263463422656
306.0 0.021136351278983057
307.0 0.019387043721508235
308.0 0.017637731798458844
309.0 0.009663007222115993
310.0 0.0016882830095710233
311.0 1.5980567563689263e-10
312.0 1.5980567563689263e-10
313.0 1.5980567563689263e-10
314.0 1.5980567563689263e-10
315.0 1.5980567563689263e-10
316.0 0.0010608658158162143
317.0 1.5980567563689263e-10
318.0 1.5980567563689263e-10
319.0 0.0023439131837221794
320.0 0.0063729952671565115
321.0 0.003469671355560422
322.0 0.0005663466708938358
323.0 0.0026572584829409607
324.0 0.004748169158119708
325.0 0.0036968078347854316
326.0 0.0026454463295522146
327.0 0.00154886602103943
328.0 0.00045228716771816835
329.0 0.0014028862096893135
330.0 0.0023534861611551605
331.0 0.0024000280973268673
332.0 0.0024465693059028126
333.0 0.00306136098515708
334.0 0.003676153573906049
335.0 0.0025413590265088715
336.0 0.0014065644791116938
337.0 0.0026430192519910634
338.0 0.003879474024870433
339.0 0.001975305531232152
340.0 7.113692390703363e-05
341.0 1.5980567563689263e-10
342.0 1.5980567563689263e-10
343.0 1.5980567563689263e-10
344.0 0.0008739016266190447
345.0 0.0019844965208903886
346.0 0.003095091597060673
347.0 0.0010271236533299088
348.0 1.5980567563689263e-10
349.0 1.5980567563689263e-10
350.0 0.0005654813776345691
351.0 1.5980567563689263e-10
352.0 1.5980567563689263e-10
353.0 1.5980567563689263e-10
354.0 1.5980567563689263e-10
355.0 0.00012435884855221957
356.0 0.0013473058061208576
357.0 0.0004772913143824553
358.0 1.5980567563689263e-10
359.0 1.5980567563689263e-10
360.0 0.0002872819550248096
361.0 1.5980567563689263e-10
362.0 1.5980567563689263e-10
363.0 1.5980567563689263e-10
364.0 1.5980567563689263e-10
365.0 1.5980567563689263e-10
366.0 0.0007462613666575635
367.0 0.0005998112101224251
368.0 0.00045336105358728673
369.0 0.00011880493957505678
370.0 1.5980567563689263e-10
371.0 1.5980567563689263e-10
372.0 1.5980567563689263e-10
373.0 0.00036841231576545397
374.0 0.0008238151167461183
375.0 0.0008790032552496996
376.0 0.0009341915756522212
377.0 0.0007685393939027563
378.0 0.0006028871666785562
379.0 0.0007089686278050067
380.0 0.0008150498615577817
381.0 0.000391926005249843
382.0 1.5980567563689263e-10
383.0 1.5980567563689263e-10
384.0 1.5980567563689263e-10
385.0 0.00011201574352526222
386.0 0.0005760069598181872
387.0 3.8294854221021524e-05
388.0 1.5980567563689263e-10
389.0 1.5980567563689263e-10
390.0 1.5980567563689263e-10
391.0 1.5980567563689263e-10
392.0 1.5980567563689263e-10
393.0 1.5980567563689263e-10
394.0 0.0004204239303362556
395.0 0.0008050986252783332
396.0 0.0011897733202204108
397.0 0.0008633255674794782
398.0 0.0005368778147385456
399.0 0.0010225161531707272
400.0 0.001508154582552379
401.0 0.001026954396365909
402.0 0.0005457535280584125
403.0 0.0013499759916157927
404.0 0.0021541976821026765
405.0 0.0024921704607550055
406.0 0.0028301432394073345
407.0 0.003743538763956167
408.0 0.00465693483420182
409.0 0.004049105336889625
410.0 0.0034412754757795483
411.0 0.003436456245253794
412.0 0.0034316370147280395
413.0 0.0039038619433995336
414.0 0.0043760872358689085
415.0 0.004045378227601759
416.0 0.003714670310728252
417.0 0.005695865547750145
418.0 0.0076770607847720385
419.0 0.004545725460047834
420.0 0.0014143901353236288
421.0 0.0024022161596803926
422.0 0.0033900418202392757
423.0 0.00369579138350673
424.0 0.004001540946774185
425.0 0.004621264451998286
426.0 0.005240988684818149
427.0 0.004838707172893919
428.0 0.0044364256609696895
429.0 0.003186284811818041
430.0 0.001936144326464273
431.0 0.0029584462026832625
432.0 0.003980748078902252
433.0 0.003121563349850476
434.0 0.0022623789845965803
435.0 0.002450627289363183
436.0 0.0026388757760287262
437.0 0.002283629510202445
438.0 0.0019283834262751043
439.0 0.0017275406207772903
440.0 0.001526697633380536
441.0 0.0011843138054246083
442.0 0.0008419299774686806
443.0 0.001011063523037592
444.0 0.0011801970686065033
445.0 0.000796434142102953
446.0 0.0004126712155994028
447.0 0.0004904178695142036
448.0 0.0005681644779542694
449.0 0.0005464925834530732
450.0 0.0005248204615782015
451.0 0.0008615503247710876
452.0 0.001198280278913444
453.0 0.0008750560482440051
454.0 0.0005518317720998311
455.0 0.0007386672223219648
456.0 0.0009255025361198932
457.0 0.00043520763028936926
458.0 1.5980567563689263e-10
459.0 0.00037293527839210583
460.0 0.0008009583325474523
461.0 0.0007065093541314127
462.0 0.0006120604211901082
463.0 0.0004088035439053783
464.0 0.00020554662114591338
465.0 0.00016283797776850406
466.0 0.00012012952765871887
467.0 0.00037292734305083286
468.0 0.0006257250333874254
469.0 0.0005433932528831065
470.0 0.00046106169975246303
471.0 0.00046655973164888564
472.0 0.0004720580363937188
473.0 0.00027285702799417777
474.0 7.365605370068806e-05
475.0 0.0003131683115498163
476.0 0.0005526804216060555
477.0 0.0006909452167747077
478.0 0.0008292099664686248
479.0 0.0009930561645887792
480.0 0.001156902544607874
481.0 0.0014190073670761194
482.0 0.0016811121895443648
483.0 0.002768568811006844
484.0 0.003856024704873562
485.0 0.0050647118769120425
486.0 0.006273397593759
487.0 0.008538090332876891
488.0 0.01080278234439902
489.0 0.014173361705616117
490.0 0.017543941794428974
491.0 0.020944347488693893
492.0 0.02434475754853338
493.0 0.02653133124113083
494.0 0.028717904933728278
495.0 0.026969992904923856
496.0 0.025222080876119435
497.0 0.021038687555119395
498.0 0.01685529568931088
499.0 0.012579109170474112
500.0 0.008302923379233107
501.0 0.005592707020696253
502.0 0.0028824886612710543
503.0 0.002173839857277926
504.0 0.0014651909623353276
505.0 0.001689454074949026
506.0 0.0019137167328153737
507.0 0.0020724559362861328
508.0 0.002231194775959011
509.0 0.002122350088029634
510.0 0.0020135054001002572
511.0 0.00200758695427794
512.0 0.002001668508455623
513.0 0.0019286648239358328
514.0 0.001855661321314983
515.0 0.002082704486383591
516.0 0.0023097476514521986
517.0 0.0021268393538775854
518.0 0.0019439314201008528
519.0 0.0017142639990197495
520.0 0.001484596577938646
521.0 0.0016770500224083662
522.0 0.001869503284979146
523.0 0.001899859489640221
524.0 0.0019302160580991767
525.0 0.002293251600349322
526.0 0.0026562873244984075
527.0 0.0030001825507497415
528.0 0.0033440777770010754
529.0 0.003130383265670389
530.0 0.0029166883905418217
531.0 0.002411103378108237
532.0 0.0019055187294725329
533.0 0.0016225825675064698
534.0 0.0013396466783888172
535.0 0.0015307936337194405
536.0 0.001721940679999534
537.0 0.00218173681787448
538.0 0.0026415333195473067
539.0 0.0032779400498839095
540.0 0.003914346598321572
541.0 0.004626443114830181
542.0 0.005338538903743029
543.0 0.005076862362329848
544.0 0.004815185820916668
545.0 0.004220746268401854
546.0 0.003626306352089159
547.0 0.0027864534786203876
548.0 0.0019466007870505564
549.0 0.0019117695046588778
550.0 0.00187693858606508
551.0 0.0017796517568058334
552.0 0.0016823645637487061
553.0 0.0016675014194333926
554.0 0.0016526384570170194
555.0 0.0013397901057032868
556.0 0.0010269419362884946
557.0 0.0008443255865131505
558.0 0.0006617092367378063
559.0 0.0004936152436130214
560.0 0.00032552136417507427
561.0 0.0008111602255667094
562.0 0.001296799018746242
563.0 0.001437894388800487
564.0 0.001578989758854732
565.0 0.0015977077055140398
566.0 0.0016164258340722881
567.0 0.0013393106200965121
568.0 0.0010621955880196765
569.0 0.001037923175317701
570.0 0.001013651035464136
571.0 0.00076632004493149
572.0 0.0005189890089241089
573.0 0.0004559578428597888
574.0 0.0003929266313207336
575.0 0.000394534572478733
576.0 0.0003961424681619974
577.0 0.00043513032323971856
578.0 0.0004741183602163801
579.0 0.0005939795300946571
580.0 0.0007138407909224043
581.0 0.0006143437985883793
582.0 0.0005148469426785596
583.0 0.00037759130009362707
584.0 0.00024033563477132702
585.0 0.0003276393044870929
586.0 0.0004149429059907561
587.0 0.0004697813437815057
588.0 0.0005246198270469904
589.0 0.0006023135938448831
590.0 0.000680007406117511
591.0 0.00048487954700249247
592.0 0.0002897516424127389
593.0 0.0004917119895253563
594.0 0.000693672427587444
595.0 0.00042503211261646356
596.0 0.00015639176353943185
597.0 0.0003169881892972626
598.0 0.00047758467189851217
599.0 0.0003538782038958743
600.0 0.00023017178136797156
601.0 0.0002591314341771067
602.0 0.0002880912006730796
603.0 0.00023881677861936623
604.0 0.0001895423906717042
605.0 0.00020346531073300866
606.0 0.00021738817395089427
607.0 0.00021661940081685316
608.0 0.0002158506049454445
609.0 0.00029160480607970385
610.0 0.00036735907542606583
611.0 0.00038170865082065575
612.0 0.0003960582489526132
613.0 0.0003986624960816698
614.0 0.0004012668796349317
615.0 0.0003852871941489866
616.0 0.00036930762234987924
617.0 0.0003706268671521684
618.0 0.00037194613469182514
619.0 0.0002448135091981385
620.0 0.00011768083822971676
621.0 0.0002739858246059157
622.0 0.00043029076550737955
623.0 0.0004286747298465343
624.0 0.00042705883060989436
625.0 0.000384909844797221
626.0 0.00034276085898454767
627.0 0.00031831318665354047
628.0 0.00029386551432253327
629.0 0.000384976010536775
630.0 0.0004760864612762816
631.0 0.000490371394334943
632.0 0.000504656100019929
633.0 0.0002467325657562469
634.0 1.5980567563689263e-10
635.0 0.0001468663299419859
636.0 0.00030492371934087714
637.0 0.00023047673494147602
638.0 0.00015602970506733982
639.0 0.0002550436192905181
640.0 0.0003540576244631666
641.0 0.000530633406015113
642.0 0.0007072090738802217
643.0 0.000590607578487834
644.0 0.0004740059011965059
645.0 0.0006094009222579189
646.0 0.000744796034268802
647.0 0.0007934001587273087
648.0 0.0008420041012868751
649.0 0.0008566084034100641
650.0 0.0008712126145837829
651.0 0.0008710355359653477
652.0 0.0008708582754479721
653.0 0.0009063199286174495
654.0 0.0009417814908374567
655.0 0.001087881719286088
656.0 0.0012339815839368384
657.0 0.0020987808966310695
658.0 0.0029635801183758304
659.0 0.004931740113534033
660.0 0.04074270254932344
661.0 0.08699356694705784
662.0 0.06545079522766173
663.0 0.13244444271549582
664.0 0.12425095774233341
665.0 0.1701817149296403
666.0 0.13553349999710917
667.0 0.20756814628839493
668.0 0.19156105117872357
669.0 0.2713356167078018
670.0 0.33224134240299463
671.0 0.516099389642477
672.0 0.8415883406996727
673.0 1.3500627130270004
674.0 2.0330121740698814
675.0 2.931532822549343
676.0 3.9763107895851135
677.0 5.277631059288979
678.0 6.606552004814148
679.0 8.028168231248856
680.0 9.910570085048676
681.0 11.953075230121613
682.0 14.481048285961151
683.0 17.19678044319153
684.0 20.171208679676056
685.0 23.053430020809174
686.0 26.06160342693329
687.0 29.309192299842834
688.0 32.61843025684357
689.0 35.99988520145416
690.0 39.79107439517975
691.0 43.953484296798706
692.0 48.81437420845032
693.0 53.99889349937439
694.0 59.83512997627258
695.0 65.4464840888977
696.0 71.63834571838379
697.0 77.22581028938293
698.0 83.0987811088562
699.0 87.49738335609436
700.0 91.04844331741333
701.0 93.7996506690979
702.0 95.74733376502991
703.0 96.74654603004456
704.0 97.26018905639648
705.0 97.65918254852295
706.0 97.71902561187744
707.0 97.83205986022949
708.0 97.8797435760498
709.0 97.92091250419617
710.0 97.75330424308777
711.0 97.86666631698608
712.0 97.83632755279541
713.0 97.92926907539368
714.0 97.99256920814514
715.0 98.03318977355957
716.0 97.86332249641418
717.0 98.05921912193298
718.0 98.11232089996338
719.0 98.12905788421631
720.0 98.30060005187988
721.0 98.25461506843567
722.0 97.99119234085083
723.0 97.73597121238708
724.0 97.40335941314697
725.0 97.13916778564453
726.0 96.89506888389587
727.0 96.70194983482361
728.0 96.44657969474792
729.0 96.24287486076355
730.0 96.2719202041626
731.0 96.2961494922638
732.0 96.31326198577881
733.0 96.53518199920654
734.0 96.8997061252594
735.0 97.08495140075684
736.0 97.56309390068054
737.0 97.85178899765015
738.0 98.12407493591309
739.0 98.53841662406921
740.0 98.6793577671051
741.0 98.55523109436035
742.0 98.8420844078064
743.0 98.66169691085815
744.0 98.47283959388733
745.0 98.51418137550354
746.0 98.47546219825745
747.0 98.6904501914978
748.0 98.60786199569702
749.0 98.45603108406067
750.0 98.46978783607483
751.0 98.35110902786255
752.0 98.33222031593323
753.0 98.44210147857666
754.0 98.36892485618591
755.0 98.44566583633423
756.0 98.51295351982117
757.0 98.58042597770691
758.0 98.70214462280273
759.0 98.71611595153809
760.0 98.58143925666809
761.0 98.55785369873047
762.0 98.64838719367981
763.0 98.54362607002258
764.0 98.41500520706177
765.0 98.41883778572083
766.0 98.48979115486145
767.0 98.30329418182373
768.0 98.23451042175293
769.0 98.31627011299133
770.0 98.03538918495178
771.0 98.03913235664368
772.0 98.05818200111389
773.0 97.97444939613342
774.0 97.7709710597992
775.0 97.87207245826721
776.0 97.83509373664856
777.0 97.87432551383972
778.0 97.82941937446594
779.0 97.93485403060913
780.0 97.81309366226196
781.0 98.11959862709045
782.0 98.14419746398926
783.0 98.14906716346741
784.0 98.17812442779541
785.0 98.31174612045288
786.0 98.41009378433228
787.0 98.16229343414307
788.0 98.34904670715332
789.0 98.23959469795227
790.0 98.32663536071777
791.0 98.3467161655426
792.0 98.13833832740784
793.0 98.14862012863159
794.0 98.05433750152588
795.0 97.92344570159912
796.0 97.94244170188904
797.0 97.9081392288208
798.0 97.89758324623108
799.0 97.7579116821289
800.0 97.52055406570435
801.0 97.61402606964111
802.0 97.51137495040894
803.0 97.29226231575012
804.0 97.01110124588013
805.0 96.50518894195557
806.0 95.99481225013733
807.0 95.0675904750824
808.0 93.88051629066467
809.0 92.4461305141449
810.0 90.80450534820557
811.0 88.75628709793091
812.0 86.30443811416626
813.0 83.4341287612915
814.0 80.05479574203491
815.0 76.29902362823486
816.0 72.4040687084198
817.0 67.95744895935059
818.0 63.07263970375061
819.0 58.80301594734192
820.0 53.847306966781616
821.0 49.436432123184204
822.0 45.07578909397125
823.0 40.411585569381714
824.0 35.70598363876343
825.0 31.445270776748657
826.0 27.0650714635849
827.0 22.46391922235489
828.0 18.35189461708069
829.0 14.42042738199234
830.0 10.485772788524628
831.0 7.619280368089676
832.0 5.029790848493576
833.0 3.199249878525734
834.0 1.9352061673998833
835.0 1.1826006695628166
836.0 0.6458205636590719
837.0 0.3423182526603341
838.0 0.19567557610571384
839.0 0.16203740378841758
840.0 0.08690073154866695
841.0 0.04853853315580636
842.0 0.029049423756077886
843.0 0.015601849008817226
844.0 1.5980567563689263e-10
845.0 0.008273247658507898
846.0 1.5980567563689263e-10
847.0 1.5980567563689263e-10
848.0 1.5980567563689263e-10
849.0 1.5980567563689263e-10
850.0 1.5980567563689263e-10
851.0 0.0026841380531550385
852.0 0.0028066231607226655
853.0 0.0016748601410654373
854.0 0.0005430972578324145
855.0 0.00048197689466178417
856.0 0.00042085662244062405
857.0 0.00040530353544454556
858.0 0.00038975044844846707
859.0 0.0001839437686612655
860.0 1.5980567563689263e-10
861.0 1.8743800467291294e-05
862.0 5.935037279414246e-05
863.0 0.00011886055517607019
864.0 0.00017837078303273302
865.0 8.401832474191906e-05
866.0 1.5980567563689263e-10
867.0 1.5980567563689263e-10
868.0 1.5980567563689263e-10
869.0 8.963432662767445e-06
870.0 0.0001996677610804909
871.0 0.0001093518790185044
872.0 1.9035964271552075e-05
873.0 8.175812808985938e-05
874.0 0.0001444802819605684
875.0 6.820407065788459e-05
876.0 1.5980567563689263e-10
877.0 1.5980567563689263e-10
878.0 1.9975527898452583e-07
879.0 1.5980567563689263e-10
880.0 1.5980567563689263e-10
881.0 4.7362868826894555e-05
882.0 0.0001514626205789682
883.0 5.4741843769079424e-05
884.0 1.5980567563689263e-10
885.0 6.462565806941711e-05
886.0 0.0001712302037049085
887.0 0.00013469013993017143
888.0 9.815003068069927e-05
889.0 8.67049266162212e-05
890.0 7.525981686740124e-05
891.0 1.5980567563689263e-10
892.0 1.5980567563689263e-10
893.0 1.5980567563689263e-10
894.0 1.569654983768487e-06
895.0 0.00011645871609289316
