lsstCam/transmission_filter_detector/r41_s01/y_10/19700101T000000.ecsv
# %ECSV 1.0
# ---
# datatype:
# - {name: wavelength, unit: nm, datatype: float32}
# - {name: efficiency, unit: '%', datatype: float64}
# meta: !!omap
# - {MODE: DETECTOR}
# - {TYPE: transmission_filter_detector}
# - {CALIBDATE: '1970-01-01T00:00:00'}
# - {INSTRUME: LSSTCam}
# - {OBSTYPE: transmission_filter_detector}
# - {CALIBCLS: lsst.ip.isr.IntermediateFilterDetectorTransmissionCurve}
# - {SOURCE: Materion (DM-46256)}
# - {DETECTOR: 163}
# - {FILTER: y_10}
# - {CALIB_ID: 'calibDate=1970-01-01T00:00:00 filter=y_10 detector=163'}
# - {DATE: '2025-04-02T15:59:51.498350'}
# - {CALIB_CREATION_DATE: '2025-04-02'}
# - {CALIB_CREATION_TIME: '15:59:51'}
# - __serialized_columns__:
#     efficiency:
#       __class__: astropy.units.quantity.Quantity
#       unit: !astropy.units.Unit {unit: '%'}
#       value: !astropy.table.SerializedColumn {name: efficiency}
#     wavelength:
#       __class__: astropy.units.quantity.Quantity
#       unit: !astropy.units.Unit {unit: nm}
#       value: !astropy.table.SerializedColumn {name: wavelength}
# schema: astropy-2.0
wavelength efficiency
[from data line 576]
876.0 0.0024252376533695497
877.0 0.002042566666204948
878.0 0.0016598958609392866
879.0 0.0016714371668058448
880.0 0.06987546803429723
881.0 0.09129674290306866
882.0 0.07132426253519952
883.0 0.0874915043823421
884.0 0.06561820628121495
885.0 0.10793752735480666
886.0 0.06355683435685933
887.0 0.10087070986628532
888.0 0.06416802061721683
889.0 0.08779525524005294
890.0 0.07256469689309597
891.0 0.10722432052716613
892.0 0.06458950228989124
893.0 0.1023075426928699
894.0 0.07059340714477003
895.0 0.10772141395136714
896.0 0.07523606182076037
897.0 0.11608960339799523
898.0 0.08458371157757938
899.0 0.12446684995666146
900.0 0.10235874215140939
901.0 0.13146591372787952
902.0 0.1418032799847424
903.0 0.15934885013848543
904.0 0.1843166770413518
905.0 0.1902315067127347
906.0 0.2423295984044671
907.0 0.30071940273046494
908.0 0.3999306820333004
909.0 0.5026250146329403
910.0 0.6908131763339043
911.0 0.9746196679770947
912.0 1.4380106702446938
913.0 2.1436957642436028
914.0 3.033720701932907
915.0 4.423578456044197
916.0 6.197291612625122
917.0 8.218757808208466
918.0 10.657086223363876
919.0 13.085693120956421
920.0 16.395530104637146
921.0 19.753290712833405
922.0 22.992098331451416
923.0 26.764538884162903
924.0 30.87562620639801
925.0 35.52057147026062
926.0 41.240423917770386
927.0 47.58550524711609
928.0 53.359514474868774
929.0 59.786856174468994
930.0 65.64679145812988
931.0 71.66294455528259
932.0 77.35199928283691
933.0 82.39520788192749
934.0 86.29725575447083
935.0 89.27572965621948
936.0 91.6730284690857
937.0 93.47141981124878
938.0 94.6927547454834
939.0 95.3386127948761
940.0 95.87646722793579
941.0 96.12610936164856
942.0 96.45471572875977
943.0 96.58318161964417
944.0 96.94817066192627
945.0 96.96223735809326
946.0 97.12474942207336
947.0 97.17666506767273
948.0 97.29937314987183
949.0 97.24745154380798
950.0 97.31224179267883
951.0 97.35326170921326
952.0 97.3953366279602
953.0 97.56326079368591
954.0 97.60118126869202
955.0 97.66541719436646
956.0 97.8526771068573
957.0 98.07747006416321
958.0 98.23367595672607
959.0 98.34467768669128
960.0 98.48293662071228
961.0 98.55364561080933
962.0 98.65390658378601
963.0 98.68915677070618
964.0 98.77645969390869
965.0 98.7989604473114
966.0 98.88939261436462
967.0 98.97880554199219
968.0 98.93350005149841
969.0 98.92474412918091
970.0 98.99172782897949
971.0 99.02791380882263
972.0 99.05877709388733
973.0 99.16287660598755
974.0 99.16297197341919
975.0 99.12663698196411
976.0 99.17959570884705
977.0 99.15310740470886
978.0 99.21388626098633
979.0 99.19337034225464
980.0 99.15508031845093
981.0 99.11350011825562
982.0 99.0316390991211
983.0 99.02955889701843
984.0 99.01092052459717
985.0 99.02479648590088
986.0 98.86892437934875
987.0 98.94558787345886
988.0 98.81881475448608
989.0 98.80969524383545
990.0 98.72772693634033
991.0 98.75894784927368
992.0 98.86462688446045
993.0 98.78458380699158
994.0 98.77084493637085
995.0 98.80009889602661
996.0 98.74475598335266
997.0 98.88303875923157
998.0 98.9202082157135
999.0 98.94152283668518
1000.0 99.01454448699951
1001.0 98.94438982009888
1002.0 99.06965494155884
1003.0 99.11445379257202
1004.0 99.19096231460571
1005.0 99.11820888519287
1006.0 99.27142858505249
1007.0 99.26146268844604
1008.0 99.20369386672974
1009.0 99.16728734970093
1010.0 99.22424554824829
1011.0 99.1901695728302
1012.0 99.11761283874512
1013.0 99.08341765403748
1014.0 99.08154606819153
1015.0 99.05351996421814
1016.0 99.04853105545044
1017.0 99.07652139663696
1018.0 99.10677671432495
1019.0 99.02397394180298
1020.0 99.06065464019775
1021.0 99.2241621017456
1022.0 99.04099106788635
1023.0 99.09502267837524
1024.0 99.0720272064209
1025.0 99.04837012290955
1026.0 99.11640882492065
1027.0 99.25552010536194
1028.0 99.11512732505798
1029.0 99.2532730102539
1030.0 99.30615425109863
1031.0 99.23851490020752
1032.0 99.28911924362183
1033.0 99.31354522705078
1034.0 99.28481578826904
1035.0 99.30882453918457
1036.0 99.2813766002655
1037.0 99.25968647003174
1038.0 99.19247031211853
1039.0 99.19532537460327
1040.0 99.12464618682861
1041.0 99.14809465408325
1042.0 99.16186928749084
1043.0 99.10328388214111
1044.0 99.13281202316284
1045.0 98.86946082115173
1046.0 99.10261631011963
1047.0 98.96711707115173
1048.0 99.0504503250122
1049.0 98.90574216842651
1050.0 98.96828532218933
1051.0 98.9113450050354
1052.0 98.84253740310669
1053.0 98.8138735294342
1054.0 98.97918105125427
1055.0 99.09244775772095
1056.0 98.9595890045166
1057.0 99.05995726585388
1058.0 98.89102578163147
1059.0 98.89546036720276
1060.0 99.05303120613098
1061.0 98.91800880432129
1062.0 99.04984831809998
1063.0 98.82634282112122
1064.0 99.10905361175537
1065.0 99.10206198692322
1066.0 99.0366518497467
1067.0 99.14434552192688
1068.0 99.03903603553772
1069.0 98.8141417503357
1070.0 99.22614097595215
1071.0 99.03979897499084
1072.0 99.09518957138062
1073.0 99.1374135017395
1074.0 98.77095818519592
1075.0 98.82371425628662
1076.0 98.59510064125061
1077.0 98.95064234733582
1078.0 99.1649329662323
1079.0 98.64811301231384
1080.0 99.41675662994385
1081.0 98.75792264938354
1082.0 98.62354397773743
1083.0 98.71860146522522
1084.0 99.16393160820007
1085.0 99.06132817268372
1086.0 98.62268567085266
1087.0 99.03755187988281
1088.0 98.70209097862244
1089.0 98.51142764091492
1090.0 98.84469509124756
1091.0 98.67109656333923
1092.0 98.71147274971008
1093.0 98.76522421836853
1094.0 98.49722981452942
1095.0 98.43734502792358
1096.0 98.45496416091919
1097.0 98.35772514343262
1098.0 97.89265394210815
1099.0 98.61490726470947
1100.0 98.10580611228943
