lsstCam/transmission_filter_detector/r41_s01/y_10/19700101T000000.ecsv
# %ECSV 1.0
# ---
# datatype:
# - {name: wavelength, unit: nm, datatype: float32}
# - {name: efficiency, unit: '%', datatype: float64}
# meta: !!omap
# - {MODE: DETECTOR}
# - {TYPE: transmission_filter_detector}
# - {CALIBDATE: '1970-01-01T00:00:00'}
# - {INSTRUME: LSSTCam}
# - {OBSTYPE: transmission_filter_detector}
# - {CALIBCLS: lsst.ip.isr.IntermediateFilterDetectorTransmissionCurve}
# - {SOURCE: Materion (DM-46256)}
# - {DETECTOR: 163}
# - {FILTER: y_10}
# - {CALIB_ID: 'calibDate=1970-01-01T00:00:00 filter=y_10 detector=163'}
# - {DATE: '2025-04-02T15:59:51.498350'}
# - {CALIB_CREATION_DATE: '2025-04-02'}
# - {CALIB_CREATION_TIME: '15:59:51'}
# - __serialized_columns__:
#     efficiency:
#       __class__: astropy.units.quantity.Quantity
#       unit: !astropy.units.Unit {unit: '%'}
#       value: !astropy.table.SerializedColumn {name: efficiency}
#     wavelength:
#       __class__: astropy.units.quantity.Quantity
#       unit: !astropy.units.Unit {unit: nm}
#       value: !astropy.table.SerializedColumn {name: wavelength}
# schema: astropy-2.0
wavelength efficiency
300.0 0.02594598918221891
301.0 0.021997670410200953
302.0 0.018049348727799952
303.0 0.01461867504986003
304.0 0.011187997733941302
305.0 0.01008532999549061
306.0 0.008982660801848397
307.0 0.008292886195704341
308.0 0.0076031137723475695
309.0 0.008167982014128938
310.0 0.008732850983506069
311.0 0.006973132258281112
312.0 0.005213413533056155
313.0 0.006819333793828264
314.0 0.00842525259940885
315.0 0.006995727017056197
316.0 0.005566201434703544
317.0 0.00538968452019617
318.0 0.005213167969486676
319.0 0.004054457895108499
320.0 0.0028957476388313808
321.0 0.0025853038096101955
322.0 0.00227485998038901
323.0 0.002217485052824486
324.0 0.0021601097614620812
325.0 0.0023916671125334688
326.0 0.0026232244636048563
327.0 0.0028067646780982614
328.0 0.002990304710692726
329.0 0.0031178013159660622
330.0 0.0032452979212393984
331.0 0.0029414472010103054
332.0 0.0026375964807812124
333.0 0.0025859450033749454
334.0 0.0025342931621707976
335.0 0.0023400207282975316
336.0 0.0021457482944242656
337.0 0.0019440223695710301
338.0 0.0017422964447177947
339.0 0.000978019852482248
340.0 0.00021374316929723136
341.0 0.0007995475243660621
342.0 0.0013853520613338333
343.0 0.001747460919432342
344.0 0.002109569868480321
345.0 0.0012989086826564744
346.0 0.00048824731493368745
347.0 0.0008653215445519891
348.0 0.0012423956832208205
349.0 0.0013506949471775442
350.0 0.001458994211134268
351.0 0.0015183919458650053
352.0 0.0015777897715452127
353.0 0.0015216863175737672
354.0 0.0014655826817033812
355.0 0.00171531082742149
356.0 0.0019650393369374797
357.0 0.0012342174159130082
358.0 0.0005033954039390665
359.0 0.0007122723218344618
360.0 0.0009211492397298571
361.0 0.0009155401130556129
362.0 0.0009099309863813687
363.0 0.0008840170266921632
364.0 0.0008581029760534875
365.0 0.001025635538098868
366.0 0.0011931682820431888
367.0 0.0015343823179136962
368.0 0.0018755963537842035
369.0 0.0013622430742543656
370.0 0.0008488900675729383
371.0 0.0010726575965236407
372.0 0.0012964252164238133
373.0 0.00166745394380996
374.0 0.0020384824892971665
375.0 0.0028586619009729475
376.0 0.0036788413126487285
377.0 0.0040576465835329145
378.0 0.0044364518544171005
379.0 0.004205791628919542
380.0 0.003975131767219864
381.0 0.003329210085212253
382.0 0.002683288767002523
383.0 0.0018383492715656757
384.0 0.0009934098670782987
385.0 0.0007417466804326978
386.0 0.0004900835392618319
387.0 0.0004974293460691115
388.0 0.0005047749709774507
389.0 0.0005389840680436464
390.0 0.0005731931651098421
391.0 0.0005230350325291511
392.0 0.00047287685447372496
393.0 0.0005468605650094105
394.0 0.0006208441845956258
395.0 0.0006193554327182937
396.0 0.0006178666353662265
397.0 0.0007020436441962374
398.0 0.0007862206985009834
399.0 0.0010059443411591928
400.0 0.001225667892867932
401.0 0.0015312438335968181
402.0 0.0018368195014772937
403.0 0.0018226548490929417
404.0 0.0018084903786075301
405.0 0.0018874403394875117
406.0 0.001966390300367493
407.0 0.0018724269466474652
408.0 0.0017784635929274373
409.0 0.0015644951417925768
410.0 0.0013505265087587759
411.0 0.000776606520958012
412.0 0.00020268664684408577
413.0 0.0006076792942621978
414.0 0.0010126721463166177
415.0 0.0005038526524003828
416.0 1.6331063020999514e-10
417.0 1.6331063020999514e-10
418.0 1.6331063020999514e-10
419.0 1.6331063020999514e-10
420.0 1.6331063020999514e-10
421.0 1.6331063020999514e-10
422.0 1.6331063020999514e-10
423.0 6.058569397282554e-05
424.0 0.00023271861664397875
425.0 1.6331063020999514e-10
426.0 1.6331063020999514e-10
427.0 1.6331063020999514e-10
428.0 0.0003648587380666868
429.0 8.191613005692489e-05
430.0 1.6331063020999514e-10
431.0 1.6331063020999514e-10
432.0 1.6331063020999514e-10
433.0 6.79421702898253e-05
434.0 0.0003290866743554943
435.0 0.00029540206014644355
436.0 0.0002617177187858033
437.0 0.0002907022690123995
438.0 0.0003196867965016281
439.0 0.0002245299356218311
440.0 0.00012937304063598276
441.0 1.6331063020999514e-10
442.0 1.6331063020999514e-10
443.0 1.6331063020999514e-10
444.0 1.6331063020999514e-10
445.0 1.6331063020999514e-10
446.0 6.748252872057492e-05
447.0 1.6331063020999514e-10
448.0 1.6331063020999514e-10
449.0 1.8940838231173984e-05
450.0 0.00023504942419094732
451.0 0.0001618084752408322
452.0 8.856749218466575e-05
453.0 2.267975958147872e-05
454.0 1.6331063020999514e-10
455.0 0.00020733180008392083
456.0 0.00045787169256072957
457.0 8.24693984213809e-05
458.0 1.6331063020999514e-10
459.0 1.6331063020999514e-10
460.0 1.6331063020999514e-10
461.0 1.6331063020999514e-10
462.0 1.6331063020999514e-10
463.0 0.00011407440752009279
464.0 0.00032847171951289056
465.0 0.0005474106274050428
466.0 0.0007663496035092976
467.0 0.000766122047934914
468.0 0.0007658945833100006
469.0 0.00113681180664571
470.0 0.0015077290299814194
471.0 0.001559869087941479
472.0 0.001612008964002598
473.0 0.002076737473544199
474.0 0.0025414658011868596
475.0 0.0026686329874792136
476.0 0.0027958005375694484
477.0 0.002828398282872513
478.0 0.0028609960281755775
479.0 0.0030331251764437184
480.0 0.0032052543247118592
481.0 0.003675808693515137
482.0 0.0041463630623184144
483.0 0.004094567339052446
484.0 0.004042771251988597
485.0 0.0036335790355224162
486.0 0.0032243868190562353
487.0 0.002776030305540189
488.0 0.0023276736101252027
489.0 0.0022530446585733443
490.0 0.002178415707021486
491.0 0.001972609607037157
492.0 0.0017668033251538873
493.0 0.0016814714399515651
494.0 0.0015961393728503026
495.0 0.0018351916878600605
496.0 0.0020742440028698184
497.0 0.0017279644453083165
498.0 0.0013816848877468146
499.0 0.0017641370504861698
500.0 0.0021465890313265845
501.0 0.002273854988743551
502.0 0.0024011209461605176
503.0 0.0026615829483489506
504.0 0.002922045132436324
505.0 0.0025831794118857943
506.0 0.0022443136913352646
507.0 0.0022605137928621843
508.0 0.0022767140762880445
509.0 0.0019287412214907818
510.0 0.001580768366693519
511.0 0.0016299314665957354
512.0 0.0016790945664979517
513.0 0.002095843774441164
514.0 0.002512592800485436
515.0 0.0018954471670440398
516.0 0.0012783014426531736
517.0 0.001222026639879914
518.0 0.001165751655207714
519.0 0.0011955992704315577
520.0 0.0012254470675543416
521.0 0.001121802688430762
522.0 0.0010181581274082419
523.0 0.001387478732794989
524.0 0.0017567992472322658
525.0 0.0019650449758046307
526.0 0.0021732910681748763
527.0 0.00212182476388989
528.0 0.002070358459604904
529.0 0.0022112828446552157
530.0 0.0023522072297055274
531.0 0.002187352401961107
532.0 0.002022497574216686
533.0 0.002081491402350366
534.0 0.002140485230484046
535.0 0.0019254086510045454
536.0 0.001710332253423985
537.0 0.0017553478755871765
538.0 0.0018003636796493083
539.0 0.0022575646653422154
540.0 0.0027147654691361822
541.0 0.003465913687250577
542.0 0.004217062087263912
543.0 0.004440384873305447
544.0 0.004663707295549102
545.0 0.004819699825020507
546.0 0.004975692354491912
547.0 0.004556380372378044
548.0 0.004137068390264176
549.0 0.003215828473912552
550.0 0.002294588375661988
551.0 0.002285790287714917
552.0 0.002276991835969966
553.0 0.0023077960577211343
554.0 0.0023386002794723026
555.0 0.0029759479730273597
556.0 0.003613295848481357
557.0 0.003981629924965091
558.0 0.004349963637650944
559.0 0.004215547232888639
560.0 0.004081130464328453
561.0 0.0038762274925829843
562.0 0.0036713248846353963
563.0 0.0034722575946943834
564.0 0.0032731903047533706
565.0 0.0036688627005787566
566.0 0.004064534732606262
567.0 0.004234069638187066
568.0 0.004403604179969989
569.0 0.004865189839620143
570.0 0.005326775863068178
571.0 0.005956652239547111
572.0 0.006586528616026044
573.0 0.006710104935336858
574.0 0.006833681254647672
575.0 0.006841665162937716
576.0 0.006849648343631998
577.0 0.006227478297660127
578.0 0.005605308979284018
579.0 0.005284194048726931
580.0 0.004963079481967725
581.0 0.005540905112866312
582.0 0.006118730379967019
583.0 0.007404878124361858
584.0 0.008691025868756697
585.0 0.009645248064771295
586.0 0.010599473171168938
587.0 0.010806745558511466
588.0 0.011014020128641278
589.0 0.010693112562876195
590.0 0.010372207907494158
591.0 0.009793040226213634
592.0 0.009213873272528872
593.0 0.008342480577994138
594.0 0.007471087883459404
595.0 0.00654605682939291
596.0 0.005621024683932774
597.0 0.005572126974584535
598.0 0.005523229265236296
599.0 0.006336055957945064
600.0 0.007148883014451712
601.0 0.008384117973037064
602.0 0.009619352204026654
603.0 0.01036529938573949
604.0 0.01111124802264385
605.0 0.01080141300917603
606.0 0.010491579450899735
607.0 0.010005609510699287
608.0 0.009519638115307316
609.0 0.008123725274344906
610.0 0.006727813160978258
611.0 0.00541725785296876
612.0 0.004106703636352904
613.0 0.0036748610000358894
614.0 0.0032430187275167555
615.0 0.0037623623938998207
616.0 0.004281705696485005
617.0 0.00548604475625325
618.0 0.0066903827246278524
619.0 0.008433162292931229
620.0 0.010175940406043082
621.0 0.010828743688762188
622.0 0.011481546243885532
623.0 0.011727336095646024
624.0 0.01197312303702347
625.0 0.011234931298531592
626.0 0.010496739560039714
627.0 0.009061889431905001
628.0 0.007627039303770289
629.0 0.0060633097746176645
630.0 0.004499578790273517
631.0 0.0036384157283464447
632.0 0.002777252120722551
633.0 0.002706043960643001
634.0 0.0026348359824623913
635.0 0.0026373778382549062
636.0 0.002639919512148481
637.0 0.0031557974580209702
638.0 0.0036716755857924
639.0 0.00445113837486133
640.0 0.005230600800132379
641.0 0.005426213101600297
642.0 0.005621825766866095
643.0 0.005829565634485334
644.0 0.006037305865902454
645.0 0.005493470234796405
646.0 0.004949634967488237
647.0 0.0044693406380247325
648.0 0.003989046672359109
649.0 0.0030752777092857286
650.0 0.002161509110010229
651.0 0.0019273282305221073
652.0 0.001693146987236105
653.0 0.0014500777979264967
654.0 0.0012070086995663587
655.0 0.0014012439351063222
656.0 0.0015954792615957558
657.0 0.0016499114281032234
658.0 0.0017043437765096314
659.0 0.0014977977116359398
660.0 0.0012912519196106587
661.0 0.0014004636796016712
662.0 0.0015096754395926837
663.0 0.0017022661268129013
664.0 0.0018948567230836488
665.0 0.0023947639419930056
666.0 0.0028946713428013027
667.0 0.0033274231100222096
668.0 0.003760175241040997
669.0 0.00476605782750994
670.0 0.005771940050181001
671.0 0.006538547313539311
672.0 0.007305153121706098
673.0 0.007630329491803423
674.0 0.007955503679113463
675.0 0.007466800161637366
676.0 0.006978095916565508
677.0 0.006393239164026454
678.0 0.005808381683891639
679.0 0.004728104977402836
680.0 0.0036478279071161523
681.0 0.00237559579545632
682.0 0.0011033635018975474
683.0 0.0007284609637281392
684.0 0.0003535585619829362
685.0 0.00015609649608450127
686.0 1.6331063020999514e-10
687.0 0.000165996425494086
688.0 0.0003733584890142083
689.0 0.00025201088647008874
690.0 0.00013066332940070424
691.0 0.0001636602746657445
692.0 0.00019665721993078478
693.0 0.0003227649358450435
694.0 0.00044887265175930224
695.0 0.0004079780410393141
696.0 0.0003670835894808988
697.0 0.0003821342943410855
698.0 0.0003971848855144344
699.0 0.0003929165359295439
700.0 0.00038864823181938846
701.0 0.00025458518848608946
702.0 0.00012052208830937161
703.0 7.141146625144756e-05
704.0 2.230092093213898e-05
705.0 0.0001473389033890271
706.0 0.00027237686026637675
707.0 0.00015602581697748974
708.0 3.96747850572865e-05
709.0 0.0001877304384834133
710.0 0.0003357861032782239
711.0 0.0003072841309403884
712.0 0.0002787821358651854
713.0 0.00010241578820568975
714.0 1.6331063020999514e-10
715.0 2.1666708960310643e-05
716.0 0.00011728394611054682
717.0 0.000166130450907076
718.0 0.00021497678517334862
719.0 0.00014341201222123345
720.0 7.184727905951149e-05
721.0 0.00026728523607744137
722.0 0.000462723255623132
723.0 0.00024070288873190293
724.0 1.8682494840049912e-05
725.0 0.0004287180217943387
726.0 0.0008387535672227386
727.0 0.0005136933850735659
728.0 0.0001886332483991282
729.0 0.0003738871782843489
730.0 0.0005591410172200995
731.0 0.0003489073151285993
732.0 0.00013867357893104781
733.0 0.0002801871460178518
734.0 0.00042170086089754477
735.0 0.000361834258910676
736.0 0.0003019676569238072
737.0 0.00047825806177570485
738.0 0.0006545483302033972
739.0 0.00033433759654144524
740.0 1.4126932512681378e-05
741.0 1.6331063020999514e-10
742.0 1.6331063020999514e-10
743.0 0.00014881501329000457
744.0 0.00041959328882512636
745.0 0.00037174406770645874
746.0 0.0003238949375372613
747.0 0.00043403497329563834
748.0 0.0005441750545287505
749.0 0.0004875046215602197
750.0 0.0004308341431169538
751.0 0.00031214487989927875
752.0 0.00019345575310580898
753.0 0.00026410546070110286
754.0 0.0003347551910337643
755.0 0.0003720162794706994
756.0 0.0004092774815944722
757.0 0.0004466804057301488
758.0 0.00048408332986582536
759.0 0.00023159900592872873
760.0 1.6331063020999514e-10
761.0 0.0001693083959253272
762.0 0.0003595020416469197
763.0 0.00040108843677444384
764.0 0.0004426746727403952
765.0 0.00028944066343683517
766.0 0.00013620669960801024
767.0 0.00010796949254654464
768.0 7.973224569468584e-05
769.0 1.6331063020999514e-10
770.0 1.6331063020999514e-10
771.0 1.6331063020999514e-10
772.0 0.0001375278657178569
773.0 8.990257356344955e-05
774.0 4.227717340654635e-05
775.0 0.00014159701322569163
776.0 0.00024091682462312747
777.0 0.00022911485757504124
778.0 0.0002173127313653822
779.0 0.0005332162345439428
780.0 0.0008491197149851359
781.0 0.0008282421731564682
782.0 0.0008073645403783303
783.0 0.0006208171271282481
784.0 0.00043426966840343084
785.0 0.0002541264848332503
786.0 7.398332968477916e-05
787.0 0.0004848273874813458
788.0 0.0008956714736996219
789.0 0.00047700350478407927
790.0 5.833528007315181e-05
791.0 0.00022365804852597648
792.0 0.00038898074308235664
793.0 0.000839796120999381
794.0 0.0012906115443911403
795.0 0.0008368491762666963
796.0 0.000383086671718047
797.0 0.0008079801773419604
798.0 0.0012328736374911387
799.0 0.0008906736184144393
800.0 0.0005484734629135346
801.0 0.0007311831268452806
802.0 0.0009138929272012319
803.0 0.0006583090453204932
804.0 0.0004027251179650193
805.0 0.0005331330157787306
806.0 0.0006635410500166472
807.0 0.0003380206408110098
808.0 1.2500167656526173e-05
809.0 0.000495828044222435
810.0 0.0009791559932637028
811.0 0.0007602435289300047
812.0 0.0005413312464952469
813.0 0.0005193670858716359
814.0 0.0004974028797732899
815.0 0.0004178405106358696
816.0 0.00033827809602371417
817.0 0.0004992427420802414
818.0 0.0006602073881367687
819.0 0.0004911831183562754
820.0 0.00032215891678788466
821.0 0.000546253932043328
822.0 0.0007703489245614037
823.0 0.0005135008450452005
824.0 0.00025665294742793776
825.0 0.00044910007090948056
826.0 0.0006415471943910234
827.0 0.00026576014988677343
828.0 1.6331063020999514e-10
829.0 0.00024397268134634942
830.0 0.0005979722573101753
831.0 0.0008252567567978986
832.0 0.0010525411198614165
833.0 0.0009469109500059858
834.0 0.0008412805982516147
835.0 0.0005251518359727925
836.0 0.00020902321011817548
837.0 0.0003194640839865315
838.0 0.00042990495785488747
839.0 0.0006418702923838282
840.0 0.0008538356269127689
841.0 0.0008382521627936512
842.0 0.0008226686986745335
843.0 0.0009296688403992448
844.0 0.0010366690730734263
845.0 0.0009103560842049774
846.0 0.0007840432772354688
847.0 0.0008433680704911239
848.0 0.0009026929546962492
849.0 0.0009100940587813966
850.0 0.0009174952538160142
851.0 0.0008015428647922818
852.0 0.0006855907486169599
853.0 0.0006111072252679151
854.0 0.0005366238838178106
855.0 0.0007168436695792479
856.0 0.000897063273441745
857.0 0.0011095249647041783
858.0 0.0013219865650171414
859.0 0.0013370339729590341
860.0 0.0013520813809009269
861.0 0.00123480313050095
862.0 0.0011175246072525624
863.0 0.0014284653843787964
864.0 0.0017394060705555603
865.0 0.0020882891476503573
866.0 0.002437172588543035
867.0 0.0024802331608952954
868.0 0.002523293915146496
869.0 0.0029671378797502257
870.0 0.0034109820262528956
871.0 0.0033557407732587308
872.0 0.0033004998840624467
873.0 0.0030955940019339323
874.0 0.0028906883017043583
