lsstCam/transmission_sensor/r23_s10/19700101T000000.ecsv
# %ECSV 1.0
# ---
# datatype:
# - {name: amp_name, datatype: string}
# - {name: wavelength, unit: nm, datatype: float32}
# - {name: efficiency, unit: '%', datatype: float64}
# meta: !!omap
# - {MODE: AMP}
# - {TYPE: transmission_sensor}
# - {CALIBDATE: '1970-01-01T00:00:00'}
# - {INSTRUME: LSSTCam}
# - {OBSTYPE: transmission_sensor}
# - {DETECTOR: 102}
# - {PARQUETFILE: qe_raft_allvalues_nircorrected_20230725_adjust.parquet}
# - {CORRFILE: qe_corr_factor_bydetnum.parquet}
# - {CALIBCLS: lsst.ip.isr.IntermediateSensorTransmissionCurve}
# - {CALIB_ID: 'raftName=R23 detectorName=S10 detector=102 calibDate=1970-01-01T00:00:00 ccd=102 ccdnum=102 filter=None'}
# - {DATE: '2025-03-03T21:56:47.950659'}
# - {CALIB_CREATION_DATE: '2025-03-03'}
# - {CALIB_CREATION_TIME: '21:56:47'}
# - __serialized_columns__:
#     efficiency:
#       __class__: astropy.units.quantity.Quantity
#       unit: !astropy.units.Unit {unit: '%'}
#       value: !astropy.table.SerializedColumn {name: efficiency}
#     wavelength:
#       __class__: astropy.units.quantity.Quantity
#       unit: !astropy.units.Unit {unit: nm}
#       value: !astropy.table.SerializedColumn {name: wavelength}
# schema: astropy-2.0
amp_name wavelength efficiency
C00 319.994 43.91745186158711
C00 324.969 49.53970280670854
C00 349.982 74.94429688436988
C00 374.975 80.60082921593019
C00 400.019 86.2216723878813
C00 424.965 88.01614972398407
C00 450.035 89.15197333930256
C00 475.003 91.81491246519056
C00 500.018 93.12060481913049
C00 525.002 95.59497138629231
C00 550.029 96.50038818077178
C00 575.023 98.17861490733924
C00 599.982 98.52493477902424
C00 619.997 99.18647309224468
C00 624.979 100.06752428678459
C00 650.012 100.08554531772225
C00 675.004 99.15710548627219
C00 700.03 99.1181711601723
C00 725.012 98.20538177704614
C00 750.022 98.89499883578887
C00 774.987 98.03579689459528
C00 799.976 97.36159245873623
C00 824.988 96.61031723667037
C00 850.022 93.59750620107091
C00 869.967 90.28445972666964
C00 875.002 89.08656367145474
C00 899.999 81.73913081889997
C00 919.999 73.6956749642934
C00 925.012 70.76611817634638
C00 949.965 56.970178932734896
C00 975.002 41.71377284022737
C00 999.976 25.542087869259813
C00 1025.028 11.05738984823219
C00 1050.014 3.9496574689256962
C00 1075.002 0.942167778371381
C00 1099.99 0.09348102141825827
C01 319.994 43.9553581680422
C01 324.969 49.58147953040843
C01 349.982 74.98287063641524
C01 374.975 80.60096730812128
C01 400.019 86.18187882148128
C01 424.965 87.96273873318457
C01 450.035 89.0935987014121
C01 475.003 91.75341540942372
C01 500.018 93.05410575733072
C01 525.002 95.52754403809686
C01 550.029 96.42947016885702
C01 575.023 98.10323958636752
C01 599.982 98.44825525402553
C01 619.997 99.1036944954727
C01 624.979 99.98374068573297
C01 650.012 99.99933743153811
C01 675.004 99.07736491770426
C01 700.03 99.05908304596119
C01 725.012 98.207890451851
C01 750.022 98.97781579150283
C01 774.987 98.19309157203884
C01 799.976 97.55139250360546
C01 824.988 96.79644249489884
C01 850.022 93.81848439397363
C01 869.967 90.49599394805925
C01 875.002 89.30575433766164
C01 899.999 81.85114660124174
C01 919.999 73.82100897128728
C01 925.012 70.8932166946709
C01 949.965 57.01530055617461
C01 975.002 41.91139427336436
C01 999.976 25.55487098667143
C01 1025.028 11.043915310891562
C01 1050.014 3.930868539918463
C01 1075.002 0.9429567696677122
C01 1099.99 0.09355930440984886
C02 319.994 43.87447066710935
C02 324.969 49.48661403102159
C02 349.982 74.78510727519297
C02 374.975 80.35322224551166
C02 400.019 85.9587601996166
C02 424.965 87.76309578380575
C02 450.035 88.89953314219576
C02 475.003 91.56382250284112
C02 500.018 92.86630804923234
C02 525.002 95.33400016049133
C02 550.029 96.2333178831975
C02 575.023 97.9023154483269
C02 599.982 98.24265132506451
C02 619.997 98.89386341110655
C02 624.979 99.77403234998114
C02 650.012 99.78332288572635
C02 675.004 98.86206384821314
C02 700.03 98.84766390139748
C02 725.012 98.00979720372779
C02 750.022 98.79548039674103
C02 774.987 98.0364183094552
C02 799.976 97.40451611480104
C02 824.988 96.66037565594166
C02 850.022 93.70580883782998
C02 869.967 90.3644151053126
C02 875.002 89.18636596667316
C02 899.999 81.83554218364822
C02 919.999 73.87116712380771
C02 925.012 70.92431812482045
C02 949.965 56.9324222261535
C02 975.002 42.010648035712606
C02 999.976 25.587919133125972
C02 1025.028 11.0745123209542
C02 1050.014 3.9242911800874865
C02 1075.002 0.9412196689755222
C02 1099.99 0.09338695087501138
C03 319.994 44.00512889524871
C03 324.969 49.63277310761117
C03 349.982 74.93291195039308
C03 374.975 80.47023236209797
C03 400.019 86.15802723136412
C03 424.965 88.00577746607529
C03 450.035 89.17066181583051
C03 475.003 91.8546983598022
C03 500.018 93.17231267290651
C03 525.002 95.6491879148732
C03 550.029 96.55398329449274
C03 575.023 98.22447685835897
C03 599.982 98.56205089127474
C03 619.997 99.21163655817722
C03 624.979 100.09274912702428
C03 650.012 100.10264573405263
C03 675.004 99.17505747111431
C03 700.03 99.1486972061923
C03 725.012 98.29188119118925
C03 750.022 99.06459906181652
C03 774.987 98.28880480404324
C03 799.976 97.65128686028461
C03 824.988 96.91040691149271
C03 850.022 93.95595517020693
C03 869.967 90.61974756664397
C03 875.002 89.44407668240669
C03 899.999 82.09037597873396
C03 919.999 74.09456960184295
C03 925.012 71.14114588020198
C03 949.965 57.12778048171423
C03 975.002 42.16859097927547
C03 999.976 25.666930881796475
C03 1025.028 11.094684329562853
C03 1050.014 3.9260041465898494
C03 1075.002 0.9437835495573373
C03 1099.99 0.09364133675095039
C04 319.994 44.08786146129034
C04 324.969 49.72572833168789
C04 349.982 75.02271790533403
C04 374.975 80.51243487005374
C04 400.019 86.18714166831961
C04 424.965 88.03560537935142
C04 450.035 89.20596738602
C04 475.003 91.89393188564947
C04 500.018 93.21212925467172
C04 525.002 95.68874365583301
C04 550.029 96.59421415283123
C04 575.023 98.26252125700516
C04 599.982 98.60203625238462
C04 619.997 99.24718762559533
C04 624.979 100.13002634683104
C04 650.012 100.13324849795656
C04 675.004 99.20345075996076
C04 700.03 99.16560582781283
C04 725.012 98.28186950733499
C04 750.022 99.01961936646211
C04 774.987 98.20970866570039
C04 799.976 97.56060632146674
C04 824.988 96.82577174192937
C04 850.022 93.86040304575883
C04 869.967 90.49365405259907
C04 875.002 89.3191262648325
C04 899.999 82.0971731832511
C04 919.999 74.0884244993393
C04 925.012 71.12314019284109
C04 949.965 57.03517048811524
C04 975.002 42.14292501120312
C04 999.976 25.67017413034007
C04 1025.028 11.091647260332351
C04 1050.014 3.922706476297337
C04 1075.002 0.9433550309812446
C04 1099.99 0.0935988195315024
C05 319.994 44.08365732125039
C05 324.969 49.71792995878532
C05 349.982 74.9528048976989
C05 374.975 80.40555918593599
C05 400.019 86.11900851559189
C05 424.965 87.99771441647313
C05 450.035 89.18482393720596
C05 475.003 91.88136549625997
C05 500.018 93.20471830708306
C05 525.002 95.6873320467685
C05 550.029 96.59222715963716
C05 575.023 98.25964433635738
C05 599.982 98.59321369573144
C05 619.997 99.24142611251139
C05 624.979 100.1216871128467
C05 650.012 100.12494762291418
C05 675.004 99.18995608417559
C05 700.03 99.13996671099984
C05 725.012 98.22789847598273
C05 750.022 98.92152020826717
C05 774.987 98.07436297485225
C05 799.976 97.4111522117619
C05 824.988 96.683997092407
C05 850.022 93.70867041490096
C05 869.967 90.320969767637
C05 875.002 89.15791130351957
C05 899.999 82.05185592920733
C05 919.999 74.00388906302507
C05 925.012 71.01503702258029
C05 949.965 56.90614251500962
C05 975.002 42.11361494364358
C05 999.976 25.658756591262595
C05 1025.028 11.096363492247605
C05 1050.014 3.9175395268139326
C05 1075.002 0.9424204460952584
C05 1099.99 0.09350609087770034
C06 319.994 44.138127018848266
C06 324.969 49.78004075762369
C06 349.982 74.99906578171512
C06 374.975 80.41942210756407
C06 400.019 86.21251994432718
C06 424.965 88.1301755148851
C06 450.035 89.34498019172051
C06 475.003 92.06169855425092
C06 500.018 93.3955310280203
C06 525.002 95.88765011352599
C06 550.029 96.79587478255769
C06 575.023 98.46792571946791
C06 599.982 98.80319054407707
C06 619.997 99.45002971073448
C06 624.979 100.33147216648248
C06 650.012 100.33251552970407
C06 675.004 99.3919312572262
C06 700.03 99.33109397526125
C06 725.012 98.38225485847137
C06 750.022 99.044322525091
C06 774.987 98.15406518447823
C06 799.976 97.47957689244859
C06 824.988 96.76569396701542
C06 850.022 93.77938128852908
C06 869.967 90.41890781827567
C06 875.002 89.2730878626797
C06 899.999 82.18051949236424
C06 919.999 73.98761719984125
C06 925.012 70.9838512027584
C06 949.965 56.98950033180536
C06 975.002 42.21456417122692
C06 999.976 25.783503706444332
C06 1025.028 11.154274945913771
C06 1050.014 3.93296054071617
C06 1075.002 0.9435903784280376
C06 1099.99 0.09362217048896394
C07 319.994 44.000817350171246
C07 324.969 49.63473324954585
C07 349.982 74.86100427777548
C07 374.975 80.29384260334157
C07 400.019 86.13306323192982
C07 424.965 88.08307840593392
C07 450.035 89.31697816408217
C07 475.003 92.04809647342825
C07 500.018 93.39790928242246
C07 525.002 95.90788829130955
C07 550.029 96.82804259129401
C07 575.023 98.51107185739616
C07 599.982 98.85533568979154
C07 619.997 99.5118182944603
C07 624.979 100.39309964265202
C07 650.012 100.40219838368739
C07 675.004 99.4659103127102
C07 700.03 99.40048530128558
C07 725.012 98.43240533920338
C07 750.022 99.06573448649884
C07 774.987 98.14705316988605
C07 799.976 97.46595946804912
C07 824.988 96.7635305226883
C07 850.022 93.78056274394177
C07 869.967 90.46583614788217
C07 875.002 89.30823232531293
C07 899.999 82.22527670585524
C07 919.999 74.06543982131068
C07 925.012 71.086284921396
C07 949.965 57.26159181488355
C07 975.002 42.285428480622926
C07 999.976 25.83563350858202
C07 1025.028 11.15139514834535
C07 1050.014 3.9464043909032243
C07 1075.002 0.9437943697656631
C07 1099.99 0.09364241032208015
C10 319.994 43.652986136172615
C10 324.969 49.23691649826568
C10 349.982 74.20844195697609
C10 374.975 79.66684268147122
C10 400.019 85.54824280265005
C10 424.965 87.48866056937317
C10 450.035 88.7154792668337
C10 475.003 91.42820829939919
C10 500.018 92.75478326134778
C10 525.002 95.23864750254145
C10 550.029 96.14969538970216
C10 575.023 97.82100983492657
C10 599.982 98.15892142653166
C10 619.997 98.81044038410946
C10 624.979 99.69238917789147
C10 650.012 99.69396956630065
C10 675.004 98.76918917791455
C10 700.03 98.71096797579199
C10 725.012 97.78715423274355
C10 750.022 98.4600698081524
C10 774.987 97.60328448030293
C10 799.976 96.9448378978053
C10 824.988 96.24556205747443
C10 850.022 93.30813401463509
C10 869.967 89.99251749112179
C10 875.002 88.80582224696224
C10 899.999 81.87281173166659
C10 919.999 73.67349582404616
C10 925.012 70.6100126261039
C10 949.965 56.74786584865161
C10 975.002 41.69655351117689
C10 999.976 25.706454017655613
C10 1025.028 11.16824527257937
C10 1050.014 3.973680955051557
C10 1075.002 0.9380242312685092
C10 1099.99 0.09306990248130984
C11 319.994 43.91575639635202
C11 324.969 49.53219596176494
C11 349.982 74.62221986401013
C11 374.975 80.07103085301267
C11 400.019 85.93460940975208
C11 424.965 87.87067727245577
C11 450.035 89.09707402155462
C11 475.003 91.81772033974279
C11 500.018 93.15104647547815
C11 525.002 95.64193040305241
C11 550.029 96.55190423983794
C11 575.023 98.22872702912929
C11 599.982 98.56686877438621
C11 619.997 99.21777398889247
C11 624.979 100.10135687360243
C11 650.012 100.10182485269446
C11 675.004 99.17069989530648
C11 700.03 99.14099473064465
C11 725.012 98.2699628917474
C11 750.022 99.0254499256416
C11 774.987 98.24057994219812
C11 799.976 97.61029649489511
C11 824.988 96.89382050498475
C11 850.022 93.95593215484176
C11 869.967 90.60387463645664
C11 875.002 89.4147014046458
C11 899.999 82.37232187400433
C11 919.999 74.03331804330472
C11 925.012 70.95316404918213
C11 949.965 57.099498433799496
C11 975.002 42.05418543484894
C11 999.976 25.887723033830643
C11 1025.028 11.214933858798565
C11 1050.014 3.9724127125326625
C11 1075.002 0.9434105780409355
C11 1099.99 0.09360433085973488
C12 319.994 44.06822935478992
C12 324.969 49.70237540781635
C12 349.982 74.83716803123511
C12 374.975 80.29062812400446
C12 400.019 86.20604495492259
C12 424.965 88.17177195155773
C12 450.035 89.41447125099397
C12 475.003 92.15150450919188
C12 500.018 93.49830997713562
C12 525.002 95.99706515960219
C12 550.029 96.91099763919907
C12 575.023 98.59077406702212
C12 599.982 98.93068032360968
C12 619.997 99.57905384794591
C12 624.979 100.46318910142023
C12 650.012 100.46545995078486
C12 675.004 99.52885733648353
C12 700.03 99.50384730631886
C12 725.012 98.64565804119329
C12 750.022 99.4162508264354
C12 774.987 98.65250127644079
C12 799.976 98.02779521930026
C12 824.988 97.30480588104334
C12 850.022 94.36187716592545
C12 869.967 90.9947369115576
C12 875.002 89.80124446288089
C12 899.999 82.67353162993221
C12 919.999 74.31102911138157
C12 925.012 71.21356756264197
C12 949.965 57.348570715801294
C12 975.002 42.260092399451516
C12 999.976 25.966775059390212
C12 1025.028 11.244378182654996
C12 1050.014 3.970068981178275
C12 1075.002 0.9471337186832973
C12 1099.99 0.09397373745389101
C13 319.994 43.9512192382036
C13 324.969 49.566450496944455
C13 349.982 74.58503470566409
C13 374.975 80.01258716902666
C13 400.019 86.00030293377048
C13 424.965 88.00960568848393
C13 450.035 89.27667058785974
C13 475.003 92.02126822941419
C13 500.018 93.3761367469601
C13 525.002 95.87798366014947
C13 550.029 96.79253755460627
C13 575.023 98.46955981039585
C13 599.982 98.80737934054022
C13 619.997 99.45411110216013
C13 624.979 100.33616730097965
C13 650.012 100.33717230525927
C13 675.004 99.39984854284889
C13 700.03 99.36445091119866
C13 725.012 98.49606583929736
C13 750.022 99.25415360945715
C13 774.987 98.47152378822474
C13 799.976 97.84143213563158
C13 824.988 97.12105887721702
C13 850.022 94.18432129533315
C13 869.967 90.78855759846702
C13 875.002 89.61817257643325
C13 899.999 82.53568493606761
C13 919.999 74.18178249230671
C13 925.012 71.13744807819603
C13 949.965 57.182123594803606
C13 975.002 42.27341445999782
C13 999.976 25.938462324321904
C13 1025.028 11.218356435395869
C13 1050.014 3.9527429663204354
C13 1075.002 0.9455894267393444
C13 1099.99 0.09382051422592384
C14 319.994 43.99986988430458
C14 324.969 49.62218603962736
C14 349.982 74.64057845363713
C14 374.975 80.04524597222021
C14 400.019 86.03154245611113
C14 424.965 88.04925349090448
C14 450.035 89.31990111546031
C14 475.003 92.07166420737482
C14 500.018 93.42739196522086
C14 525.002 95.93210045548122
C14 550.029 96.84831145623113
C14 575.023 98.52665325962451
C14 599.982 98.86306885249276
C14 619.997 99.50787499522575
C14 624.979 100.38878042578617
C14 650.012 100.38750690891274
C14 675.004 99.45215479611964
C14 700.03 99.40501932822649
C14 725.012 98.50785737805904
C14 750.022 99.23010255284174
C14 774.987 98.4216571636633
C14 799.976 97.78183768338646
C14 824.988 97.06862987533196
C14 850.022 94.12939896222002
C14 869.967 90.74991480032611
C14 875.002 89.58431697425024
C14 899.999 82.52013422099283
C14 919.999 74.1330359488508
C14 925.012 71.0896374929242
C14 949.965 57.15537590456769
C14 975.002 42.26227885914383
C14 999.976 25.954553900478462
C14 1025.028 11.22833935004365
C14 1050.014 3.94860811211942
C14 1075.002 0.9453602942952336
C14 1099.99 0.09379777991531883
C15 319.994 43.942550117318305
C15 324.969 49.55526502946591
C15 349.982 74.4972004003404
C15 374.975 79.90549667483387
C15 400.019 86.00725357405551
C15 424.965 88.07946499360031
C15 450.035 89.37859796846331
C15 475.003 92.15048416133547
C15 500.018 93.51830265769057
C15 525.002 96.03254718092475
C15 550.029 96.9518192252439
C15 575.023 98.63307630822702
C15 599.982 98.9674972361128
C15 619.997 99.61561759143203
C15 624.979 100.4978809285382
C15 650.012 100.49921581971877
C15 675.004 99.55603848276371
C15 700.03 99.49696571212938
C15 725.012 98.56775870183992
C15 750.022 99.25942412808386
C15 774.987 98.40881458989163
C15 799.976 97.75702711972005
C15 824.988 97.05156781794356
C15 850.022 94.1163569219501
C15 869.967 90.74903254466079
C15 875.002 89.5845010971717
C15 899.999 82.55747281510676
C15 919.999 74.19220845273425
C15 925.012 71.15379665926379
C15 949.965 57.32170027695108
C15 975.002 42.28541697294033
C15 999.976 25.953506701362674
C15 1025.028 11.230703219842571
C15 1050.014 3.9521786103866967
C15 1075.002 0.9456396401757239
C15 1099.99 0.09382549635695128
C16 319.994 43.81367174408636
C16 324.969 49.410118628944346
C16 349.982 74.24829689768328
C16 374.975 79.6747676388823
C16 400.019 85.90857135994261
C16 424.965 88.04719745161486
C16 450.035 89.38129076618964
C16 475.003 92.17507991492685
C16 500.018 93.55826500343527
C16 525.002 96.08352621480333
C16 550.029 97.00638865609089
C16 575.023 98.69237156072477
C16 599.982 99.02981517323782
C16 619.997 99.67922438900725
C16 624.979 100.56107344954013
C16 650.012 100.5621321563385
C16 675.004 99.61699851334296
C16 700.03 99.55051479511998
C16 725.012 98.59241582973846
C16 750.022 99.24285306515269
C16 774.987 98.35396897466244
C16 799.976 97.69154840577667
C16 824.988 96.99457410196403
C16 850.022 94.05924812914466
C16 869.967 90.7310345290883
C16 875.002 89.5704003501034
C16 899.999 82.57716629591432
C16 919.999 74.19520812199633
C16 925.012 71.12774326587754
C16 949.965 57.375341421402396
C16 975.002 42.380071498146336
C16 999.976 26.003590053946244
C16 1025.028 11.232124418642572
C16 1050.014 3.9502702530236724
C16 1075.002 0.945481769382567
C16 1099.99 0.09380983256188719
C17 319.994 43.498510840963874
C17 324.969 49.06071853421913
C17 349.982 73.80468340558471
C17 374.975 79.27347173156541
C17 400.019 85.62104807450976
C17 424.965 87.81326160811456
C17 450.035 89.18495435760866
C17 475.003 91.99825286423199
C17 500.018 93.40274250911072
C17 525.002 95.94165950382023
C17 550.029 96.87904464053777
C17 575.023 98.57275303608446
C17 599.982 98.92314662740671
C17 619.997 99.57849380739314
C17 624.979 100.46252932761833
C17 650.012 100.46951065505694
C17 675.004 99.52883432111834
C17 700.03 99.45631290542921
C17 725.012 98.48328463983285
C17 750.022 99.10706241057768
C17 774.987 98.19160324509039
C17 799.976 97.52127306237035
C17 824.988 96.83189382906784
C17 850.022 93.89541708798934
C17 869.967 90.61657144624881
C17 875.002 89.46044060705123
C17 899.999 82.44944636272989
C17 919.999 74.057016197654
C17 925.012 71.00152700321834
C17 949.965 57.36217663251818
C17 975.002 42.328662844117694
C17 999.976 26.005621159923574
C17 1025.028 11.249764737081183
C17 1050.014 3.9491173270740765
C17 1075.002 0.944188099077828
C17 1099.99 0.09368147578272147
