lsstCam/transmission_sensor/r23_s10/19700101T000000.ecsv
# %ECSV 1.0
# ---
# datatype:
# - {name: amp_name, datatype: string}
# - {name: wavelength, unit: nm, datatype: float32}
# - {name: efficiency, unit: '%', datatype: float64}
# meta: !!omap
# - {MODE: AMP}
# - {TYPE: transmission_sensor}
# - {CALIBDATE: '1970-01-01T00:00:00'}
# - {INSTRUME: LSSTCAM}
# - {OBSTYPE: transmission_sensor}
# - {DETECTOR: 102}
# - {PARQUETFILE: qe_raft_allvalues_nircorrected_20230725.parquet}
# - {CALIBCLS: lsst.ip.isr.IntermediateSensorTransmissionCurve}
# - {CALIB_ID: 'raftName=R23 detectorName=S10 detector=102 calibDate=1970-01-01T00:00:00 ccd=102 ccdnum=102 filter=None'}
# - {DATE: '2024-01-18T22:42:25.336194'}
# - {CALIB_CREATION_DATE: '2024-01-18'}
# - {CALIB_CREATION_TIME: '22:42:25'}
# - __serialized_columns__:
#     efficiency:
#       __class__: astropy.units.quantity.Quantity
#       unit: !astropy.units.Unit {unit: '%'}
#       value: !astropy.table.SerializedColumn {name: efficiency}
#     wavelength:
#       __class__: astropy.units.quantity.Quantity
#       unit: !astropy.units.Unit {unit: nm}
#       value: !astropy.table.SerializedColumn {name: wavelength}
# schema: astropy-2.0
amp_name wavelength efficiency
C00 319.994 43.674766540527344
C00 324.969 49.26594924926758
C00 349.982 74.53015899658203
C00 374.975 80.15543365478516
C00 400.019 85.7452163696289
C00 424.965 87.52977752685547
C00 450.035 88.6593246459961
C00 475.003 91.30754852294922
C00 500.018 92.60602569580078
C00 525.002 95.06671905517578
C00 550.029 95.96713256835938
C00 575.023 97.6360855102539
C00 599.982 97.9804916381836
C00 619.997 98.63837432861328
C00 624.979 99.51455688476562
C00 650.012 99.53247833251953
C00 675.004 98.60916900634766
C00 700.03 98.57044982910156
C00 725.012 97.66270446777344
C00 750.022 98.3485107421875
C00 774.987 97.49405670166016
C00 799.976 96.82357788085938
C00 824.988 96.07645416259766
C00 850.022 93.08029174804688
C00 869.967 89.78555297851562
C00 875.002 88.59427642822266
C00 899.999 81.28744506835938
C00 919.999 73.28843688964844
C00 925.012 70.37506866455078
C00 949.965 56.655364990234375
C00 975.002 41.4832649230957
C00 999.976 25.400943756103516
C00 1025.028 10.99628734588623
C00 1050.014 3.9278318881988525
C00 1075.002 0.9369614132455796
C00 1099.99 0.0929644506534656
C01 319.994 43.71246337890625
C01 324.969 49.3074951171875
C01 349.982 74.56851959228516
C01 374.975 80.15557098388672
C01 400.019 85.70564270019531
C01 424.965 87.4766616821289
C01 450.035 88.60127258300781
C01 475.003 91.24639129638672
C01 500.018 92.5398941040039
C01 525.002 94.99966430664062
C01 550.029 95.8966064453125
C01 575.023 97.56112670898438
C01 599.982 97.90423583984375
C01 619.997 98.5560531616211
C01 624.979 99.43123626708984
C01 650.012 99.44674682617188
C01 675.004 98.52986907958984
C01 700.03 98.51168823242188
C01 725.012 97.66519927978516
C01 750.022 98.43087005615234
C01 774.987 97.65048217773438
C01 799.976 97.0123291015625
C01 824.988 96.26155090332031
C01 850.022 93.300048828125
C01 869.967 89.99591827392578
C01 875.002 88.812255859375
C01 899.999 81.39884185791016
C01 919.999 73.41307830810547
C01 925.012 70.50146484375
C01 949.965 56.70023727416992
C01 975.002 41.67979431152344
C01 999.976 25.41365623474121
C01 1025.028 10.982887268066406
C01 1050.014 3.909146785736084
C01 1075.002 0.9377460446212428
C01 1099.99 0.09304230105773288
C02 319.994 43.632022857666016
C02 324.969 49.21315383911133
C02 349.982 74.3718490600586
C02 374.975 79.90919494628906
C02 400.019 85.48375701904297
C02 424.965 87.27812194824219
C02 450.035 88.40827941894531
C02 475.003 91.05784606933594
C02 500.018 92.35313415527344
C02 525.002 94.80718994140625
C02 550.029 95.7015380859375
C02 575.023 97.36131286621094
C02 599.982 97.69976806640625
C02 619.997 98.34738159179688
C02 624.979 99.22268676757812
C02 650.012 99.23192596435547
C02 675.004 98.31575775146484
C02 700.03 98.30143737792969
C02 725.012 97.46820068359375
C02 750.022 98.24954223632812
C02 774.987 97.49467468261719
C02 799.976 96.86626434326172
C02 824.988 96.12623596191406
C02 850.022 93.18799591064453
C02 869.967 89.86506652832031
C02 875.002 88.69352722167969
C02 899.999 81.3833236694336
C02 919.999 73.46295928955078
C02 925.012 70.53239440917969
C02 949.965 56.61781692504883
C02 975.002 41.778499603271484
C02 999.976 25.446521759033203
C02 1025.028 11.013315200805664
C02 1050.014 3.9026057720184326
C02 1075.002 0.9360185430478842
C02 1099.99 0.09287089993864733
C03 319.994 43.761959075927734
C03 324.969 49.35850524902344
C03 349.982 74.51883697509766
C03 374.975 80.02555847167969
C03 400.019 85.68192291259766
C03 424.965 87.51946258544922
C03 450.035 88.67790985107422
C03 475.003 91.34711456298828
C03 500.018 92.6574478149414
C03 525.002 95.12063598632812
C03 550.029 96.02043151855469
C03 575.023 97.68169403076172
C03 599.982 98.01740264892578
C03 619.997 98.66339874267578
C03 624.979 99.53964233398438
C03 650.012 99.54948425292969
C03 675.004 98.62702178955078
C03 700.03 98.6008071899414
C03 725.012 97.74872589111328
C03 750.022 98.51717376708984
C03 774.987 97.74566650390625
C03 799.976 97.1116714477539
C03 824.988 96.37488555908203
C03 850.022 93.43675994873047
C03 869.967 90.11898803710938
C03 875.002 88.94981384277344
C03 899.999 81.63674926757812
C03 919.999 73.68512725830078
C03 925.012 70.7480239868164
C03 949.965 56.812095642089844
C03 975.002 41.935569763183594
C03 999.976 25.525096893310547
C03 1025.028 11.03337574005127
C03 1050.014 3.9043092727661133
C03 1075.002 0.9385682557725997
C03 1099.99 0.09312388009282066
C04 319.994 43.844234466552734
C04 324.969 49.45094680786133
C04 349.982 74.60814666748047
C04 374.975 80.0675277709961
C04 400.019 85.71087646484375
C04 424.965 87.54912567138672
C04 450.035 88.71302032470703
C04 475.003 91.3861312866211
C04 500.018 92.6970443725586
C04 525.002 95.15997314453125
C04 550.029 96.06044006347656
C04 575.023 97.71952819824219
C04 599.982 98.05716705322266
C04 619.997 98.6987533569336
C04 624.979 99.57671356201172
C04 650.012 99.57991790771484
C04 675.004 98.65525817871094
C04 700.03 98.61762237548828
C04 725.012 97.73876953125
C04 750.022 98.47244262695312
C04 774.987 97.66700744628906
C04 799.976 97.02149200439453
C04 824.988 96.29071807861328
C04 850.022 93.34173583984375
C04 869.967 89.99359130859375
C04 875.002 88.82555389404297
C04 899.999 81.64350891113281
C04 919.999 73.67901611328125
C04 925.012 70.73011779785156
C04 949.965 56.71999740600586
C04 975.002 41.9100456237793
C04 999.976 25.528322219848633
C04 1025.028 11.030355453491211
C04 1050.014 3.9010298252105713
C04 1075.002 0.9381421051655902
C04 1099.99 0.09308159782108968
C05 319.994 43.84005355834961
C05 324.969 49.44319152832031
C05 349.982 74.53861999511719
C05 374.975 79.96124267578125
C05 400.019 85.64311981201172
C05 424.965 87.51144409179688
C05 450.035 88.6919937133789
C05 475.003 91.3736343383789
C05 500.018 92.6896743774414
C05 525.002 95.1585693359375
C05 550.029 96.05846405029297
C05 575.023 97.71666717529297
C05 599.982 98.04839324951172
C05 619.997 98.69302368164062
C05 624.979 99.56842041015625
C05 650.012 99.57166290283203
C05 675.004 98.64183807373047
C05 700.03 98.59212493896484
C05 725.012 97.68509674072266
C05 750.022 98.37488555908203
C05 774.987 97.53240966796875
C05 799.976 96.87286376953125
C05 824.988 96.14972686767578
C05 850.022 93.19084167480469
C05 869.967 89.82186126708984
C05 875.002 88.66522979736328
C05 899.999 81.59844207763672
C05 919.999 73.5949478149414
C05 925.012 70.62261199951172
C05 949.965 56.59168243408203
C05 975.002 41.880897521972656
C05 999.976 25.5169677734375
C05 1025.028 11.035045623779297
C05 1050.014 3.8958914279937744
C05 1075.002 0.9372126847421012
C05 1099.99 0.0929893815805121
C06 319.994 43.894222259521484
C06 324.969 49.50495910644531
C06 349.982 74.58462524414062
C06 374.975 79.97502899169922
C06 400.019 85.73611450195312
C06 424.965 87.64317321777344
C06 450.035 88.85126495361328
C06 475.003 91.55297088623047
C06 500.018 92.87943267822266
C06 525.002 95.35778045654297
C06 550.029 96.260986328125
C06 575.023 97.92379760742188
C06 599.982 98.25720977783203
C06 619.997 98.90047454833984
C06 624.979 99.77704620361328
C06 650.012 99.77808380126953
C06 675.004 98.84269714355469
C06 700.03 98.78219604492188
C06 725.012 97.8386001586914
C06 750.022 98.49700927734375
C06 774.987 97.6116714477539
C06 799.976 96.94091033935547
C06 824.988 96.23097229003906
C06 850.022 93.26116180419922
C06 869.967 89.91925811767578
C06 875.002 88.77976989746094
C06 899.999 81.72639465332031
C06 919.999 73.57876586914062
C06 925.012 70.59159851074219
C06 949.965 56.67457962036133
C06 975.002 41.98128890991211
C06 999.976 25.64102554321289
C06 1025.028 11.092637062072754
C06 1050.014 3.911227226257324
C06 1075.002 0.9383761520958853
C06 1099.99 0.09310481974249908
C07 319.994 43.75767135620117
C07 324.969 49.36045455932617
C07 349.982 74.44732666015625
C07 374.975 79.85014343261719
C07 400.019 85.65709686279297
C07 424.965 87.5963363647461
C07 450.035 88.82341766357422
C07 475.003 91.53944396972656
C07 500.018 92.88179779052734
C07 525.002 95.3779067993164
C07 550.029 96.29297637939453
C07 575.023 97.96670532226562
C07 599.982 98.30906677246094
C07 619.997 98.96192169189453
C07 624.979 99.83833312988281
C07 650.012 99.84738159179688
C07 675.004 98.91626739501953
C07 700.03 98.85120391845703
C07 725.012 97.88847351074219
C07 750.022 98.51830291748047
C07 774.987 97.60469818115234
C07 799.976 96.9273681640625
C07 824.988 96.22882080078125
C07 850.022 93.26233673095703
C07 869.967 89.96592712402344
C07 875.002 88.8147201538086
C07 899.999 81.77090454101562
C07 919.999 73.65615844726562
C07 925.012 70.69346618652344
C07 949.965 56.945167541503906
C07 975.002 42.051761627197266
C07 999.976 25.692867279052734
C07 1025.028 11.089773178100586
C07 1050.014 3.9245967864990234
C07 1075.002 0.9385790161890746
C07 1099.99 0.09312494773145791
C10 319.994 43.41176223754883
C10 324.969 48.96483612060547
C10 349.982 73.79837036132812
C10 374.975 79.22660827636719
C10 400.019 85.07550811767578
C10 424.965 87.00520324707031
C10 450.035 88.2252426147461
C10 475.003 90.92298126220703
C10 500.018 92.24222564697266
C10 525.002 94.71236419677734
C10 550.029 95.61837768554688
C10 575.023 97.28045654296875
C10 599.982 97.61650085449219
C10 619.997 98.26441955566406
C10 624.979 99.14149475097656
C10 650.012 99.14306640625
C10 675.004 98.22339630126953
C10 700.03 98.16549682617188
C10 725.012 97.24678802490234
C10 750.022 97.91598510742188
C10 774.987 97.06393432617188
C10 799.976 96.40912628173828
C10 824.988 95.71371459960938
C10 850.022 92.79251861572266
C10 869.967 89.49522399902344
C10 875.002 88.3150863647461
C10 899.999 81.4203872680664
C10 919.999 73.2663803100586
C10 925.012 70.2198257446289
C10 949.965 56.43428039550781
C10 975.002 41.46614074707031
C10 999.976 25.564401626586914
C10 1025.028 11.10653018951416
C10 1050.014 3.9517226219177246
C10 1075.002 0.9328407631464356
C10 1099.99 0.092555603536192
C11 319.994 43.67308044433594
C11 324.969 49.25848388671875
C11 349.982 74.2098617553711
C11 374.975 79.6285629272461
C11 400.019 85.4597396850586
C11 424.965 87.3851089477539
C11 450.035 88.60472869873047
C11 475.003 91.31034088134766
C11 500.018 92.63629913330078
C11 525.002 95.11341857910156
C11 550.029 96.01836395263672
C11 575.023 97.68592071533203
C11 599.982 98.0221939086914
C11 619.997 98.66950225830078
C11 624.979 99.54820251464844
C11 650.012 99.54866790771484
C11 675.004 98.62268829345703
C11 700.03 98.59314727783203
C11 725.012 97.7269287109375
C11 750.022 98.47824096679688
C11 774.987 97.69770812988281
C11 799.976 97.07090759277344
C11 824.988 96.35839080810547
C11 850.022 93.43673706054688
C11 869.967 90.10320281982422
C11 875.002 88.92060089111328
C11 899.999 81.9171371459961
C11 919.999 73.62421417236328
C11 925.012 70.56108093261719
C11 949.965 56.78396987915039
C11 975.002 41.82179641723633
C11 999.976 25.74466896057129
C11 1025.028 11.152960777282715
C11 1050.014 3.9504613876342773
C11 1075.002 0.9381973452754139
C11 1099.99 0.09308707869403834
C12 319.994 43.824710845947266
C12 324.969 49.4277229309082
C12 349.982 74.42362213134766
C12 374.975 79.8469467163086
C12 400.019 85.72967529296875
C12 424.965 87.68453979492188
C12 450.035 88.92037200927734
C12 475.003 91.64228057861328
C12 500.018 92.98164367675781
C12 525.002 95.46659088134766
C12 550.029 96.37547302246094
C12 575.023 98.04596710205078
C12 599.982 98.38399505615234
C12 619.997 99.0287857055664
C12 624.979 99.90803527832031
C12 650.012 99.91029357910156
C12 675.004 98.97886657714844
C12 700.03 98.95399475097656
C12 725.012 98.10054779052734
C12 750.022 98.86688232421875
C12 774.987 98.10735321044922
C12 799.976 97.48609924316406
C12 824.988 96.76710510253906
C12 850.022 93.84043884277344
C12 869.967 90.49190521240234
C12 875.002 89.30500793457031
C12 899.999 82.21668243408203
C12 919.999 73.900390625
C12 925.012 70.8200454711914
C12 949.965 57.03166580200195
C12 975.002 42.02656555175781
C12 999.976 25.823284149169922
C12 1025.028 11.182242393493652
C12 1050.014 3.9481306076049805
C12 1075.002 0.9418999120560455
C12 1099.99 0.09345444396853442
C13 319.994 43.70834732055664
C13 324.969 49.29254913330078
C13 349.982 74.17288208007812
C13 374.975 79.57044219970703
C13 400.019 85.52507019042969
C13 424.965 87.52326965332031
C13 450.035 88.78333282470703
C13 475.003 91.51276397705078
C13 500.018 92.86014556884766
C13 525.002 95.3481674194336
C13 550.029 96.2576675415039
C13 575.023 97.92542266845703
C13 599.982 98.2613754272461
C13 619.997 98.90453338623047
C13 624.979 99.7817153930664
C13 650.012 99.78271484375
C13 675.004 98.85057067871094
C13 700.03 98.81536865234375
C13 725.012 97.9517822265625
C13 750.022 98.70568084716797
C13 774.987 97.92737579345703
C13 799.976 97.30076599121094
C13 824.988 96.5843734741211
C13 850.022 93.66386413574219
C13 869.967 90.286865234375
C13 875.002 89.1229476928711
C13 899.999 82.07959747314453
C13 919.999 73.77185821533203
C13 925.012 70.74434661865234
C13 949.965 56.86613845825195
C13 975.002 42.03981399536133
C13 999.976 25.795127868652344
C13 1025.028 11.156364440917969
C13 1050.014 3.9309003353118896
C13 1075.002 0.9403641537808357
C13 1099.99 0.09330206744334023
C14 319.994 43.75672912597656
C14 324.969 49.34797668457031
C14 349.982 74.22811889648438
C14 374.975 79.60292053222656
C14 400.019 85.55613708496094
C14 424.965 87.56269836425781
C14 450.035 88.82632446289062
C14 475.003 91.56288146972656
C14 500.018 92.91111755371094
C14 525.002 95.40198516845703
C14 550.029 96.3131332397461
C14 575.023 97.9822006225586
C14 599.982 98.31675720214844
C14 619.997 98.95800018310547
C14 624.979 99.83403778076172
C14 650.012 99.83277130126953
C14 675.004 98.902587890625
C14 700.03 98.855712890625
C14 725.012 97.96350860595703
C14 750.022 98.6817626953125
C14 774.987 97.8777847290039
C14 799.976 97.24150085449219
C14 824.988 96.53223419189453
C14 850.022 93.60924530029297
C14 869.967 90.2484359741211
C14 875.002 89.08927917480469
C14 899.999 82.06413269042969
C14 919.999 73.72338104248047
C14 925.012 70.6968002319336
C14 949.965 56.83953857421875
C14 975.002 42.02873992919922
C14 999.976 25.81113052368164
C14 1025.028 11.166292190551758
C14 1050.014 3.926788330078125
C14 1075.002 0.9401362875094741
C14 1099.99 0.09327945876123218
C15 319.994 43.69972610473633
C15 324.969 49.28142547607422
C15 349.982 74.08553314208984
C15 374.975 79.46394348144531
C15 400.019 85.531982421875
C15 424.965 87.59274291992188
C15 450.035 88.88469696044922
C15 475.003 91.64126586914062
C15 500.018 93.00152587890625
C15 525.002 95.50187683105469
C15 550.029 96.41606903076172
C15 575.023 98.0880355834961
C15 599.982 98.42060852050781
C15 619.997 99.06514739990234
C15 624.979 99.94253540039062
C15 650.012 99.94386291503906
C15 675.004 99.00589752197266
C15 700.03 98.94715118408203
C15 725.012 98.02307891845703
C15 750.022 98.71092224121094
C15 774.987 97.8650131225586
C15 799.976 97.21682739257812
C15 824.988 96.51526641845703
C15 850.022 93.59627532958984
C15 869.967 90.24755859375
C15 875.002 89.08946228027344
C15 899.999 82.10126495361328
C15 919.999 73.7822265625
C15 925.012 70.76060485839844
C15 949.965 57.00494384765625
C15 975.002 42.05175018310547
C15 999.976 25.810089111328125
C15 1025.028 11.1686429977417
C15 1050.014 3.9303390979766846
C15 1075.002 0.9404140897406447
C15 1099.99 0.09330702204339725
C16 319.994 43.57155990600586
C16 324.969 49.137081146240234
C16 349.982 73.83800506591797
C16 374.975 79.23448944091797
C16 400.019 85.43384552001953
C16 424.965 87.56065368652344
C16 450.035 88.88737487792969
C16 475.003 91.66572570800781
C16 500.018 93.04126739501953
C16 525.002 95.55257415771484
C16 550.029 96.4703369140625
C16 575.023 98.14700317382812
C16 599.982 98.48258209228516
C16 619.997 99.12840270996094
C16 624.979 100.00537872314453
C16 650.012 100.00643157958984
C16 675.004 99.06652069091797
C16 700.03 99.00040435791016
C16 725.012 98.04759979248047
C16 750.022 98.69444274902344
C16 774.987 97.81047058105469
C16 799.976 97.1517105102539
C16 824.988 96.45858764648438
C16 850.022 93.53948211669922
C16 869.967 90.22966003417969
C16 875.002 89.075439453125
C16 899.999 82.120849609375
C16 919.999 73.78520965576172
C16 925.012 70.73469543457031
C16 949.965 57.05828857421875
C16 975.002 42.14588165283203
C16 999.976 25.859895706176758
C16 1025.028 11.170056343078613
C16 1050.014 3.928441286087036
C16 1075.002 0.9402570913324395
C16 1099.99 0.09329144480556661
C17 319.994 43.258140563964844
C17 324.969 48.78961181640625
C17 349.982 73.39684295654297
C17 374.975 78.83541107177734
C17 400.019 85.14791107177734
C17 424.965 87.32801055908203
C17 450.035 88.69212341308594
C17 475.003 91.48987579345703
C17 500.018 92.88660430908203
C17 525.002 95.41149139404297
C17 550.029 96.34369659423828
C17 575.023 98.02804565429688
C17 599.982 98.37650299072266
C17 619.997 99.02822875976562
C17 624.979 99.90737915039062
C17 650.012 99.91432189941406
C17 675.004 98.97884368896484
C17 700.03 98.90672302246094
C17 725.012 97.93907165527344
C17 750.022 98.55940246582031
C17 774.987 97.64900207519531
C17 799.976 96.98237609863281
C17 824.988 96.29680633544922
C17 850.022 93.37655639648438
C17 869.967 90.11582946777344
C17 875.002 88.9660873413086
C17 899.999 81.99383544921875
C17 919.999 73.64778137207031
C17 925.012 70.60917663574219
C17 949.965 57.045196533203125
C17 975.002 42.094757080078125
C17 999.976 25.861915588378906
C17 1025.028 11.187599182128906
C17 1050.014 3.9272947311401367
C17 1075.002 0.9389705697756342
C17 1099.99 0.09316379731860347
