lsstCam/transmission_filter_detector/r33_s00/g_6/19700101T000000.ecsv
# %ECSV 1.0
# ---
# datatype:
# - {name: wavelength, unit: nm, datatype: float32}
# - {name: efficiency, unit: '%', datatype: float64}
# meta: !!omap
# - {MODE: DETECTOR}
# - {TYPE: transmission_filter_detector}
# - {CALIBDATE: '1970-01-01T00:00:00'}
# - {INSTRUME: LSSTCam}
# - {OBSTYPE: transmission_filter_detector}
# - {CALIBCLS: lsst.ip.isr.IntermediateFilterDetectorTransmissionCurve}
# - {SOURCE: Materion (DM-46256)}
# - {DETECTOR: 144}
# - {FILTER: g_6}
# - {CALIB_ID: 'calibDate=1970-01-01T00:00:00 filter=g_6 detector=144'}
# - {DATE: '2025-04-02T15:59:42.694007'}
# - {CALIB_CREATION_DATE: '2025-04-02'}
# - {CALIB_CREATION_TIME: '15:59:42'}
# - __serialized_columns__:
#     efficiency:
#       __class__: astropy.units.quantity.Quantity
#       unit: !astropy.units.Unit {unit: '%'}
#       value: !astropy.table.SerializedColumn {name: efficiency}
#     wavelength:
#       __class__: astropy.units.quantity.Quantity
#       unit: !astropy.units.Unit {unit: nm}
#       value: !astropy.table.SerializedColumn {name: wavelength}
# schema: astropy-2.0
wavelength efficiency
300.0 0.36068689078092575
301.0 0.30542812310159206
302.0 0.2501693554222584
303.0 0.2474469132721424
304.0 0.24472447112202644
305.0 0.2339263679459691
306.0 0.22312826476991177
307.0 0.22230511531233788
308.0 0.22148196585476398
309.0 0.21271086297929287
310.0 0.2039397368207574
311.0 0.2013428369536996
312.0 0.19874591380357742
313.0 0.1882214331999421
314.0 0.1776969525963068
315.0 0.17707606311887503
316.0 0.17645518528297544
317.0 0.17426382983103395
318.0 0.17207246273756027
319.0 0.16234867507591844
320.0 0.1526248874142766
321.0 0.14202309539541602
322.0 0.13142131501808763
323.0 0.11653183028101921
324.0 0.10164233390241861
325.0 0.0906031928025186
326.0 0.0795640517026186
327.0 0.0723205681424588
328.0 0.065077084582299
329.0 0.06202434888109565
330.0 0.0589716131798923
331.0 0.05466348375193775
332.0 0.05035535432398319
333.0 0.047003215877339244
334.0 0.043651077430695295
335.0 0.0419291463913396
336.0 0.040207215351983905
337.0 0.04052198200952262
338.0 0.04083674866706133
339.0 0.04030110430903733
340.0 0.039765454130247235
341.0 0.037499493919312954
342.0 0.03523353079799563
343.0 0.03264268743805587
344.0 0.03005184407811612
345.0 0.026578380493447185
346.0 0.02310491254320368
347.0 0.02111980866175145
348.0 0.019134703325107694
349.0 0.017600182036403567
350.0 0.5588544066995382
351.0 0.9021659381687641
352.0 0.6109688431024551
353.0 0.8495061658322811
354.0 0.6446617189794779
355.0 0.9015295654535294
356.0 0.7101811934262514
357.0 1.1179713532328606
358.0 0.7489196956157684
359.0 0.9170743636786938
360.0 0.5393487866967916
361.0 0.9359204210340977
362.0 0.42877220548689365
363.0 0.7737365085631609
364.0 0.418909452855587
365.0 0.711756618693471
366.0 0.45019667595624924
367.0 0.7731565274298191
368.0 0.461261672899127
369.0 0.6153322756290436
370.0 0.372116407379508
371.0 0.6263583432883024
372.0 0.4001736640930176
373.0 0.6985140964388847
374.0 0.4539327695965767
375.0 0.656867353245616
376.0 0.37148469127714634
377.0 0.5241685546934605
378.0 0.35477832425385714
379.0 0.5065605044364929
380.0 0.4301970824599266
381.0 0.5547626409679651
382.0 0.5965912248939276
383.0 0.5675461608916521
384.0 0.5661353003233671
385.0 0.6075422279536724
386.0 0.6016488187015057
387.0 0.7173208985477686
388.0 0.9063067846000195
389.0 1.2122525833547115
390.0 1.737990602850914
391.0 2.65106949955225
392.0 4.237217456102371
393.0 6.772170960903168
394.0 10.126756131649017
395.0 14.859867095947266
396.0 20.59716135263443
397.0 27.852147817611694
398.0 36.30260229110718
399.0 45.55065631866455
400.0 55.08232116699219
401.0 64.13946747779846
402.0 72.57059812545776
403.0 79.86047267913818
404.0 85.27393937110901
405.0 89.39474821090698
406.0 91.68251156806946
407.0 93.63664984703064
408.0 94.78532075881958
409.0 95.3401505947113
410.0 95.55480480194092
411.0 95.31751275062561
412.0 94.96622681617737
413.0 94.73291039466858
414.0 94.57735419273376
415.0 94.77127194404602
416.0 95.09215354919434
417.0 95.43508291244507
418.0 95.9775447845459
419.0 96.5488851070404
420.0 97.10335731506348
421.0 97.70539999008179
422.0 97.85656332969666
423.0 97.97754287719727
424.0 97.79082536697388
425.0 97.71844744682312
426.0 97.71133661270142
427.0 97.70001769065857
428.0 97.4901020526886
429.0 97.26961851119995
430.0 97.08287715911865
431.0 97.0745325088501
432.0 97.13757634162903
433.0 97.18348979949951
434.0 97.30621576309204
435.0 97.44865894317627
436.0 97.49719500541687
437.0 97.4677562713623
438.0 97.5751280784607
439.0 97.69018292427063
440.0 97.62380719184875
441.0 97.76707291603088
442.0 97.72913455963135
443.0 97.72312641143799
444.0 97.67225384712219
445.0 97.38661050796509
446.0 97.34183549880981
447.0 97.1132218837738
448.0 97.19985723495483
449.0 97.386634349823
450.0 97.68754243850708
451.0 97.8636384010315
452.0 98.0618417263031
453.0 98.14201593399048
454.0 98.18678498268127
455.0 98.38865399360657
456.0 98.45373630523682
457.0 98.65460991859436
458.0 98.61392974853516
459.0 98.74711632728577
460.0 98.7313449382782
461.0 98.89926314353943
462.0 98.81861805915833
463.0 98.77206683158875
464.0 98.85993003845215
465.0 98.79167675971985
466.0 98.78912568092346
467.0 98.78976941108704
468.0 98.80512952804565
469.0 98.86648058891296
470.0 98.75500798225403
471.0 98.57891201972961
472.0 98.69656562805176
473.0 98.54779243469238
474.0 98.38168025016785
475.0 98.46899509429932
476.0 98.45167398452759
477.0 98.47638607025146
478.0 98.56679439544678
479.0 98.49013686180115
480.0 98.69908690452576
481.0 98.74584674835205
482.0 98.9464282989502
483.0 98.83392453193665
484.0 98.97966384887695
485.0 99.07541871070862
486.0 99.09036159515381
487.0 99.0773618221283
488.0 99.02381896972656
489.0 99.19289350509644
490.0 99.07689690589905
491.0 99.11648035049438
492.0 98.96968603134155
493.0 98.98148775100708
494.0 98.92124533653259
495.0 99.00619983673096
496.0 98.83226752281189
497.0 98.73042702674866
498.0 98.58014583587646
499.0 98.62024188041687
500.0 98.58518242835999
501.0 98.52185845375061
502.0 98.39093685150146
503.0 98.5892653465271
504.0 98.38690757751465
505.0 98.38334321975708
506.0 98.4365701675415
507.0 98.43058586120605
508.0 98.3808696269989
509.0 98.3981728553772
510.0 98.35562109947205
511.0 98.32730293273926
512.0 98.25983047485352
513.0 98.301762342453
514.0 98.30600023269653
515.0 98.32770824432373
516.0 98.4413206577301
517.0 98.45638275146484
518.0 98.44739437103271
519.0 98.48034977912903
520.0 98.55014681816101
521.0 98.69007468223572
522.0 98.70966076850891
523.0 98.69152307510376
524.0 98.76570105552673
525.0 98.72521758079529
526.0 98.82751703262329
527.0 98.78923296928406
528.0 98.93585443496704
529.0 98.99998903274536
530.0 99.06646013259888
531.0 99.17943477630615
532.0 98.99007081985474
533.0 98.9861011505127
534.0 99.02011752128601
535.0 98.83462190628052
536.0 98.38777780532837
537.0 97.86503911018372
538.0 97.0118522644043
539.0 95.5500841140747
540.0 93.7069296836853
541.0 91.01426601409912
542.0 88.11290860176086
543.0 84.33950543403625
544.0 79.66750860214233
545.0 75.51383972167969
546.0 70.52868604660034
547.0 65.88226556777954
548.0 61.3187313079834
549.0 57.21662640571594
550.0 53.968292474746704
551.0 50.84875822067261
552.0 48.438453674316406
553.0 45.92330455780029
554.0 42.977696657180786
555.0 39.6918386220932
556.0 35.39370596408844
557.0 30.440467596054077
558.0 25.048857927322388
559.0 19.76700872182846
560.0 14.665116369724274
561.0 9.98791828751564
562.0 6.398514658212662
563.0 3.7817083299160004
564.0 2.064989134669304
565.0 1.0187484323978424
566.0 0.5380250047892332
567.0 0.27921274304389954
568.0 0.17615334363654256
569.0 0.10273091029375792
570.0 0.07937760674394667
571.0 0.05118545959703624
572.0 0.06488695507869124
573.0 0.042300348286516964
574.0 0.05813835305161774
575.0 0.03452067030593753
576.0 0.03657316556200385
577.0 0.01743765751598403
578.0 0.042239410686306655
579.0 0.022721233835909516
580.0 0.03143024805467576
581.0 0.021802431729156524
582.0 0.03476972924545407
583.0 0.027458963450044394
584.0 0.028900036704726517
585.0 0.01901151117635891
586.0 0.031424511689692736
587.0 0.02175446570618078
588.0 0.025447472580708563
589.0 0.012237030023243278
590.0 0.026086095022037625
591.0 0.013408316590357572
592.0 0.026537361554801464
593.0 0.008442009857390076
594.0 0.014531717170029879
595.0 0.011077053204644471
596.0 0.02038773673120886
597.0 0.01195226504933089
598.0 0.017283765191677958
599.0 0.011237549915676937
600.0 0.018978616571985185
601.0 0.0022786738554714248
602.0 0.0021665817257598974
603.0 0.0020544892322504893
604.0 0.0018916131011792459
605.0 0.0017287369701080024
606.0 0.0018205351807409897
607.0 0.001912333391373977
608.0 0.0019051647541346028
609.0 0.0018979959349962883
610.0 0.002006159229495097
611.0 0.0021143223420949653
612.0 0.001853138928709086
613.0 0.0015919553334242664
614.0 0.0015645329767721705
615.0 0.0015371109839179553
616.0 0.001497797347838059
617.0 0.0014584837117581628
618.0 0.0016154970580828376
619.0 0.0017725105863064528
620.0 0.0016501089703524485
621.0 0.0015277073543984443
622.0 0.0015190360500128008
623.0 0.0015103644727787469
624.0 0.0014602195733459666
625.0 0.001410074946761597
626.0 0.001483383857703302
627.0 0.0015566925867460668
628.0 0.0014838087736279704
629.0 0.0014109245967119932
630.0 0.0013873005627829116
631.0 0.0013636763469548896
632.0 0.0012848337973991875
633.0 0.0012059915206918959
634.0 0.0013474704246618785
635.0 0.0014889493286318611
636.0 0.0014449564332608134
637.0 0.0014009635378897656
638.0 0.0012950435120728798
639.0 0.001189123486255994
640.0 0.0012599624824360944
641.0 0.0013308012967172544
642.0 0.0012362791494524572
643.0 0.0011417571840866003
644.0 0.0010866960110433865
645.0 0.001031634928949643
646.0 0.0012259147297299933
647.0 0.0014201946214598138
648.0 0.0014352357538882643
649.0 0.0014502768863167148
650.0 0.0012686763511737809
651.0 0.001087075906980317
652.0 0.0011188537428097334
653.0 0.0011506316695886198
654.0 0.0010379552804806735
655.0 0.0009252792551706079
656.0 0.0009769781172508374
657.0 0.0010286771612300072
658.0 0.0010695519449654967
659.0 0.001110427183448337
660.0 0.001080770198313985
661.0 0.0010511133041291032
662.0 0.0010175926945521496
663.0 0.000984072084975196
664.0 0.0009899144060909748
665.0 0.0009957568181562237
666.0 0.001024262837745482
667.0 0.0010527684935368598
668.0 0.001097689619200537
669.0 0.001142610653914744
670.0 0.0011737048225768376
671.0 0.0012047986274410505
672.0 0.0012185590094304644
673.0 0.0012323196642682888
674.0 0.001153158791566966
675.0 0.0010739978279161733
676.0 0.0010413862582936417
677.0 0.0010087744158226997
678.0 0.0009315791430708487
679.0 0.000854384052217938
680.0 0.0009100956049223896
681.0 0.0009658073395257816
682.0 0.00094393262770609
683.0 0.0009220579158863984
684.0 0.0009557938028592616
685.0 0.000989529780781595
686.0 0.000990950229606824
687.0 0.000992370678432053
688.0 0.0010694066077121533
689.0 0.0011464423550933134
690.0 0.0011463018381618895
691.0 0.0011461613212304655
692.0 0.0011322362297505606
693.0 0.0011183111382706556
694.0 0.0011414821528887842
695.0 0.0011646530765574425
696.0 0.001164593322755536
697.0 0.0011645335689536296
698.0 0.0011421961971791461
699.0 0.001119858461606782
700.0 0.001197006622533081
701.0 0.0012741545106109697
702.0 0.0013549380128097255
703.0 0.001435721424059011
704.0 0.0012975768186151981
705.0 0.001159432122221915
706.0 0.0011221080967516173
707.0 0.0010847840712813195
708.0 0.0010827896403498016
709.0 0.001080795300367754
710.0 0.0011051820365537424
711.0 0.0011295691365376115
712.0 0.0012468770364648663
713.0 0.001364184936392121
714.0 0.0012649599739233963
715.0 0.0011657349205052014
716.0 0.0013873381249140948
717.0 0.001608941238373518
718.0 0.0017955519069801085
719.0 0.0019821627574856393
720.0 0.0017866508642327972
721.0 0.0015911387890810147
722.0 0.0016206082364078611
723.0 0.0016500776837347075
724.0 0.0017915413991431706
725.0 0.001933005296450574
726.0 0.001968315882550087
727.0 0.0020036264686495997
728.0 0.0020817895347136073
729.0 0.002159952600777615
730.0 0.0021844158254680224
731.0 0.0022088792320573702
732.0 0.0019454877474345267
733.0 0.0016820968085085042
734.0 0.001427939332643291
735.0 0.0011737815839296672
736.0 0.001147817511082394
737.0 0.0011218533472856507
738.0 0.0011060116776206996
739.0 0.0010901703717536293
740.0 0.0009265665539714973
741.0 0.0007629626452398952
742.0 0.0008814009561319835
743.0 0.0009998394489230122
744.0 0.0009442313967156224
745.0 0.0008886233445082325
746.0 0.0007391181043203687
747.0 0.00058961290960724
748.0 0.0007504326276830398
749.0 0.0009112524821830448
750.0 0.0008818461537885014
751.0 0.0008524400072928984
752.0 0.0007874394214013591
753.0 0.0007224387445603497
754.0 0.000708624565959326
755.0 0.0006948103873583023
756.0 0.0007290788744285237
757.0 0.000763347270549275
758.0 0.0007596627256134525
759.0 0.0007559782716271002
760.0 0.0008427272405242547
761.0 0.0009294761184719391
762.0 0.0008099797014438082
763.0 0.0006904834663146175
764.0 0.0007094799002516083
765.0 0.0007284764706128044
766.0 0.0008149220775521826
767.0 0.0009013676390168257
768.0 0.0007384345281025162
769.0 0.0005755013717134716
770.0 0.0006597747869818704
771.0 0.0007440481567755342
772.0 0.0006314340680546593
773.0 0.0005188198883843143
774.0 0.000504745366924908
775.0 0.000490670936414972
776.0 0.0005878695901628817
777.0 0.000685068062011851
778.0 0.0006521724117192207
779.0 0.0006192767614265904
780.0 0.0006538829893543152
781.0 0.000688489171807305
782.0 0.0006709581612085458
783.0 0.0006534271051350515
784.0 0.00051013535085076
785.0 0.000366843619303836
786.0 0.0003294489943073131
787.0 0.0002920543693107902
788.0 0.0003008697376571945
789.0 0.0003096851060035988
790.0 0.0004960157184541458
791.0 0.0006823463536420604
792.0 0.00055453720051446
793.0 0.00042672804738685954
794.0 0.0003971361820731545
795.0 0.0003675442485473468
796.0 0.0003636753262981074
797.0 0.00035980642678623553
798.0 0.000387962654713192
799.0 0.0004161188826401485
800.0 0.00046117170313664246
801.0 0.0005062245691078715
802.0 0.0004492810148803983
803.0 0.00039233755160239525
804.0 0.0004832813829125371
805.0 0.0005742251687479438
806.0 0.0005004607828595908
807.0 0.00042669630602176767
808.0 0.00044275966502027586
809.0 0.00045882311496825423
810.0 0.0003636010433183401
811.0 0.0002683789944057935
812.0 0.0003799881142185768
813.0 0.0004915973931929329
814.0 0.00047147182158369105
815.0 0.00045134629544918425
816.0 0.0005430865257949336
817.0 0.0006348268016154179
818.0 0.0005430948476714548
819.0 0.0004513628482527565
820.0 0.0004653875294025056
821.0 0.0004794121650775196
822.0 0.0005194006007513963
823.0 0.0005593889454758028
824.0 0.0004870920747634955
825.0 0.0004147951585764531
826.0 0.00047888529479678255
827.0 0.000542975431017112
828.0 0.00039361293602269143
829.0 0.0002442504182909033
830.0 0.000381965264750761
831.0 0.000519680042998516
832.0 0.0005292260993883247
833.0 0.0005387720648286631
834.0 0.00041708958633535076
835.0 0.00029540708510467084
836.0 0.00042097967707377393
837.0 0.0005465523372549796
838.0 0.0006812362244090764
839.0 0.000815920066088438
840.0 0.0007159666438383283
841.0 0.0006160132215882186
842.0 0.0005265962499834131
843.0 0.00043717918742913753
844.0 0.0003826804913842352
845.0 0.00032818172712723026
846.0 0.00028482306788646383
847.0 0.00024146436317096232
848.0 0.00030134874577925075
849.0 0.000361233037438069
850.0 0.00038805424082966056
851.0 0.0004148753760091495
852.0 0.0003654507281680708
853.0 0.00031602605758962454
854.0 0.0004282269401301164
855.0 0.0005404277999332407
856.0 0.00046422819650615565
857.0 0.00038802863855380565
858.0 0.0004150502718403004
859.0 0.00044207190512679517
860.0 0.0004817244644073071
861.0 0.0005213770691625541
862.0 0.000592610831517959
863.0 0.000663844639348099
864.0 0.00053451522035175
865.0 0.0004051857104059309
866.0 0.0005307929768605391
867.0 0.0006564001523656771
868.0 0.000543376609130064
869.0 0.000430353065894451
870.0 0.00042496403693803586
871.0 0.00041957500798162073
872.0 0.0005482900633069221
873.0 0.0006770051186322235
874.0 0.0005817830242449418
875.0 0.0004865609753323952
876.0 0.0004375285698188236
877.0 0.000388496164305252
878.0 0.0005049953415436903
879.0 0.0006214944278326584
880.0 0.0007644852303201333
881.0 0.0009074760782823432
882.0 0.0006995737749093678
883.0 0.0004916714260616573
884.0 0.0005678904472006252
885.0 0.0006441093319153879
886.0 0.0006393378953362117
887.0 0.0006345664587570354
888.0 0.000562127388548106
889.0 0.0004896882273897063
890.0 0.0005013232566852821
891.0 0.0005129582859808579
892.0 0.0006332499651762191
893.0 0.0007535417807957856
894.0 0.0005823784249514574
895.0 0.00041121511458186433
896.0 0.00047033317969180644
897.0 0.0005294511993270135
898.0 0.0004312153578212019
899.0 0.00033297956179012544
900.0 0.00032782108974060975
901.0 0.00032266270864056423
902.0 0.00036882752283418085
903.0 0.00041499238250253256
904.0 0.0004453629117051605
905.0 0.0004757333954330534
906.0 0.00046840214054100215
907.0 0.000461070931123686
