lsstCam/transmission_filter_detector/r33_s00/g_6/19700101T000000.ecsv
# %ECSV 1.0
# ---
# datatype:
# - {name: wavelength, unit: nm, datatype: float32}
# - {name: efficiency, unit: '%', datatype: float64}
# meta: !!omap
# - {MODE: DETECTOR}
# - {TYPE: transmission_filter_detector}
# - {CALIBDATE: '1970-01-01T00:00:00'}
# - {INSTRUME: LSSTCam}
# - {OBSTYPE: transmission_filter_detector}
# - {CALIBCLS: lsst.ip.isr.IntermediateFilterDetectorTransmissionCurve}
# - {SOURCE: Materion (DM-46256)}
# - {DETECTOR: 144}
# - {FILTER: g_6}
# - {CALIB_ID: 'calibDate=1970-01-01T00:00:00 filter=g_6 detector=144'}
# - {DATE: '2025-04-02T15:59:42.694007'}
# - {CALIB_CREATION_DATE: '2025-04-02'}
# - {CALIB_CREATION_TIME: '15:59:42'}
# - __serialized_columns__:
#     efficiency:
#       __class__: astropy.units.quantity.Quantity
#       unit: !astropy.units.Unit {unit: '%'}
#       value: !astropy.table.SerializedColumn {name: efficiency}
#     wavelength:
#       __class__: astropy.units.quantity.Quantity
#       unit: !astropy.units.Unit {unit: nm}
#       value: !astropy.table.SerializedColumn {name: wavelength}
# schema: astropy-2.0
wavelength efficiency
[from data line 609]
909.0 0.00043890690903936047
910.0 0.0004136083134653745
911.0 0.0003883096724166535
912.0 0.00043623590499919374
913.0 0.0004841620921069989
914.0 0.0005279944616631838
915.0 0.0005718268312193686
916.0 0.00040888439798436593
917.0 0.0002459420329614659
918.0 0.0003574961965568946
919.0 0.0004690503828896908
920.0 0.0005346892066881992
921.0 0.0006003281214361778
922.0 0.00045385963858279865
923.0 0.0003073911784667871
924.0 0.00032818074942042585
925.0 0.00034897029763669707
926.0 0.0003928787918994203
927.0 0.0004367872406874085
928.0 0.0005120577043271624
929.0 0.0005873282134416513
930.0 0.0005306010280037299
931.0 0.00047387375161633827
932.0 0.0005449213404062903
933.0 0.0006159690201457124
934.0 0.0006351182491926011
935.0 0.0006542674782394897
936.0 0.0006105135071265977
937.0 0.0005667596269631758
938.0 0.0005061054707766743
939.0 0.0004454514964891132
940.0 0.000502179909744882
941.0 0.0005589083684753859
942.0 0.0005606666491075885
943.0 0.000562424929739791
944.0 0.000701649969414575
945.0 0.0008408750545640942
946.0 0.00096231306088157
947.0 0.0010837512490979861
948.0 0.0008424557563557755
949.0 0.0006011603545630351
950.0 0.0005937143669143552
951.0 0.0005862683337909402
952.0 0.0007682785508222878
953.0 0.0009502887223789003
954.0 0.0008423651706834789
955.0 0.0007344414825638523
956.0 0.0006454453796322923
957.0 0.0005564493676502025
958.0 0.0006689577276119962
959.0 0.0007814660420990549
960.0 0.0008157077900250442
961.0 0.0008499494470015634
962.0 0.0006952715466468362
963.0 0.000540593646292109
964.0 0.0005288846750772791
965.0 0.0005171755674382439
966.0 0.0006286695224844152
967.0 0.0007401633411063813
968.0 0.0007483014542231103
969.0 0.0007564394763903692
970.0 0.0006898693754919805
971.0 0.0006232992745935917
972.0 0.0007712644219282083
973.0 0.0009192294783133548
974.0 0.0008217176400648896
975.0 0.0007242058018164244
976.0 0.0008189758773369249
977.0 0.0009137457709584851
978.0 0.0008745647392061073
979.0 0.0008353837074537296
980.0 0.0009312584552390035
981.0 0.0010271330211253371
982.0 0.0010785160156956408
983.0 0.0011298990102659445
984.0 0.001183188669529045
985.0 0.0012364782378426753
986.0 0.0012226118087710347
987.0 0.0012087454706488643
988.0 0.0012586059710884001
989.0 0.0013084662896289956
990.0 0.001273722227779217
991.0 0.0012389780749799684
992.0 0.001241941390617285
993.0 0.0012449047972040717
994.0 0.0013009335816605017
995.0 0.0013569624570664018
996.0 0.001333382897428237
997.0 0.0013098030649416614
998.0 0.0012075309314241167
999.0 0.0011052588888560422
1000.0 0.0011430734957684763
1001.0 0.0011808878298324998
1002.0 0.001266379786102334
1003.0 0.001351871651422698
1004.0 0.001341493316431297
1005.0 0.001331114981439896
1006.0 0.001477722435083706
1007.0 0.001624329888727516
1008.0 0.0015924895706120878
1009.0 0.0015606494343956001
1010.0 0.0015780829926370643
1011.0 0.0015955169146764092
1012.0 0.0016594685803283937
1013.0 0.0017234200640814379
1014.0 0.002013083030760754
1015.0 0.002302745633642189
1016.0 0.0026233965400024317
1017.0 0.002944046900665853
1018.0 0.003044347249669954
1019.0 0.0031446477805729955
1020.0 0.0033637217711657286
1021.0 0.0035827957617584616
1022.0 0.0036618115700548515
1023.0 0.0037408270145533606
1024.0 0.0038997641240712255
1025.0 0.00405870086979121
1026.0 0.004434154107002541
1027.0 0.004809607344213873
1028.0 0.004962657476426102
1029.0 0.005115707972436212
1030.0 0.005117832188261673
1031.0 0.005119956767885014
1032.0 0.0053558414947474375
1033.0 0.00559172585781198
1034.0 0.005618919021799229
1035.0 0.005646112185786478
1036.0 0.005665104981744662
1037.0 0.005684098141500726
1038.0 0.0057576296967454255
1039.0 0.005831161251990125
1040.0 0.006046544513083063
1041.0 0.0062619277741760015
1042.0 0.006488969665952027
1043.0 0.0067160122853238136
1044.0 0.007236496458062902
1045.0 0.007756981358397752
1046.0 0.008714418072486296
1047.0 0.009671854058979079
1048.0 0.010586067946860567
1049.0 0.011500281834742054
1050.0 0.013923751248512417
1051.0 0.01634722138987854
1052.0 0.019881200569216162
1053.0 0.02341518265893683
1054.0 0.028190985904075205
1055.0 0.032966784783639014
1056.0 0.03930990933440626
1057.0 0.045653030974790454
1058.0 0.05344061064533889
1059.0 0.06122819031588733
1060.0 0.06991398404352367
1061.0 0.07859977777116
1062.0 0.08654090343043208
1063.0 0.09448201162740588
1064.0 0.10214974172413349
1065.0 0.10981743689626455
1066.0 0.1172190997749567
1067.0 0.12462077429518104
1068.0 0.1332207233645022
1069.0 0.14182067243382335
1070.0 0.15118243172764778
1071.0 0.16054415609687567
1072.0 0.16958480700850487
1073.0 0.17862544627860188
1074.0 0.188835512381047
1075.0 0.19904559012502432
1076.0 0.2100141253322363
1077.0 0.22098268382251263
1078.0 0.23160488344728947
1079.0 0.2422270830720663
1080.0 0.2582729561254382
1081.0 0.27431880589574575
1082.0 0.29799502808600664
1083.0 0.32167125027626753
1084.0 0.3646259428933263
1085.0 0.4075806587934494
1086.0 0.4451401066035032
1087.0 0.4826994612812996
1088.0 0.5403447896242142
1089.0 0.597990071401
1090.0 0.6815704982727766
1091.0 0.7651509717106819
1092.0 0.8125044405460358
1093.0 0.8598580025136471
1094.0 0.9099985472857952
1095.0 0.9601392783224583
1096.0 1.025884971022606
1097.0 1.0916306637227535
1098.0 1.2037727050483227
1099.0 1.3159147463738918
1100.0 1.4937451109290123
1101.0 1.6715751960873604
