lsstCam/transmission_filter_detector/r23_s11/g_6/19700101T000000.ecsv
# %ECSV 1.0
# ---
# datatype:
# - {name: wavelength, unit: nm, datatype: float32}
# - {name: efficiency, unit: '%', datatype: float64}
# meta: !!omap
# - {MODE: DETECTOR}
# - {TYPE: transmission_filter_detector}
# - {CALIBDATE: '1970-01-01T00:00:00'}
# - {INSTRUME: LSSTCam}
# - {OBSTYPE: transmission_filter_detector}
# - {CALIBCLS: lsst.ip.isr.IntermediateFilterDetectorTransmissionCurve}
# - {SOURCE: Materion (DM-46256)}
# - {DETECTOR: 103}
# - {FILTER: g_6}
# - {CALIB_ID: 'calibDate=1970-01-01T00:00:00 filter=g_6 detector=103'}
# - {DATE: '2025-04-02T15:59:42.505313'}
# - {CALIB_CREATION_DATE: '2025-04-02'}
# - {CALIB_CREATION_TIME: '15:59:42'}
# - __serialized_columns__:
#     efficiency:
#       __class__: astropy.units.quantity.Quantity
#       unit: !astropy.units.Unit {unit: '%'}
#       value: !astropy.table.SerializedColumn {name: efficiency}
#     wavelength:
#       __class__: astropy.units.quantity.Quantity
#       unit: !astropy.units.Unit {unit: nm}
#       value: !astropy.table.SerializedColumn {name: wavelength}
# schema: astropy-2.0
wavelength efficiency
[from data line 609]
909.0 0.0004227818863000721
910.0 0.0004335809080657782
911.0 0.0004443799753062194
912.0 0.0005056926966062747
913.0 0.0005670054633810651
914.0 0.0004928488124278374
915.0 0.00041869207052513957
916.0 0.00032527527764614206
917.0 0.000231858462029777
918.0 0.00031805407161300536
919.0 0.0004042496584588662
920.0 0.00048002279982028995
921.0 0.0005557958957069786
922.0 0.0005612487257167231
923.0 0.0005667015102517325
924.0 0.0004551583970169304
925.0 0.00034361523830739316
926.0 0.00045660890464205295
927.0 0.0005696026619261829
928.0 0.0005531844180950429
929.0 0.0005367663106881082
930.0 0.0005021812285121996
931.0 0.0004675960553868208
932.0 0.000454567225460778
933.0 0.00044153844100947026
934.0 0.0004942355644743657
935.0 0.0005469327334139962
936.0 0.0006135989224276273
937.0 0.0006802652478654636
938.0 0.0008129562957037706
939.0 0.0009456474799662828
940.0 0.0007894346708781086
941.0 0.0006332218617899343
942.0 0.0007757377716188785
943.0 0.0009182536814478226
944.0 0.0008081993655650876
945.0 0.0006981450951570878
946.0 0.0008475070899294224
947.0 0.0009968690392270219
948.0 0.0009728901204653084
949.0 0.0009489113836025354
950.0 0.0008670190254633781
951.0 0.0007851266673242208
952.0 0.0009184809641737957
953.0 0.0010518351700739004
954.0 0.000935660136747174
955.0 0.0008194850124709774
956.0 0.000737757818569662
957.0 0.0006560305337188765
958.0 0.0007760737389617134
959.0 0.0008961169442045502
960.0 0.0008512965905538294
961.0 0.0008064760550041683
962.0 0.0007946220648591407
963.0 0.0007827681656635832
964.0 0.0006844374638603767
965.0 0.000586106625632965
966.0 0.0006289501015999122
967.0 0.0006717934866173891
968.0 0.0006757635674148332
969.0 0.0006797336027375422
970.0 0.0007082486263243482
971.0 0.0007367636499111541
972.0 0.0008709178473509382
973.0 0.0010050720447907224
974.0 0.0009418860827281605
975.0 0.0008787001206655987
976.0 0.000877283400768647
977.0 0.0008758667718211655
978.0 0.0009873859198705759
979.0 0.0010989052498189267
980.0 0.0011264733984717168
981.0 0.001154041547124507
982.0 0.001092178536055144
983.0 0.0010303154340363108
984.0 0.0011401372830732726
985.0 0.0012499591321102343
986.0 0.0012508989129855763
987.0 0.001251838511961978
988.0 0.001252330002898816
989.0 0.0012528213119367138
990.0 0.0012617457286978606
991.0 0.0012706700545095373
992.0 0.0012450560461729765
993.0 0.0012194420378364157
994.0 0.0012699417311523575
995.0 0.0013204413335188292
996.0 0.0012618642358575016
997.0 0.0012032872291456442
998.0 0.0012389156836434267
999.0 0.0012745441381412093
1000.0 0.001183124004455749
1001.0 0.001091703506972408
1002.0 0.0012205950952193234
1003.0 0.0013494865925167687
1004.0 0.0013014422620472033
1005.0 0.0012533979315776378
1006.0 0.0014017434295965359
1007.0 0.001550088927615434
1008.0 0.0015868290574871935
1009.0 0.0016235693692578934
1010.0 0.0016953121303231455
1011.0 0.001767055073287338
1012.0 0.0018902344891102985
1013.0 0.002013413541135378
1014.0 0.002153487002942711
1015.0 0.002293560464750044
1016.0 0.0026314646675018594
1017.0 0.0029693688702536747
1018.0 0.003103352719335817
1019.0 0.003237336568417959
1020.0 0.0034280230465810746
1021.0 0.0036187095247441903
1022.0 0.0038804624637123197
1023.0 0.00414221576647833
1024.0 0.00421865152020473
1025.0 0.004295087273931131
1026.0 0.004551653182716109
1027.0 0.004808218727703206
1028.0 0.005014589623897336
1029.0 0.005220960156293586
1030.0 0.00519238856213633
1031.0 0.005163816240383312
1032.0 0.005354934182832949
1033.0 0.005546052489080466
1034.0 0.005625237463391386
1035.0 0.005704423165298067
1036.0 0.005650044477079064
1037.0 0.00559566578886006
1038.0 0.005855914059793577
1039.0 0.006116162694524974
1040.0 0.006291076715569943
1041.0 0.006465990009019151
1042.0 0.006869729986647144
1043.0 0.007273469236679375
1044.0 0.007592832116642967
1045.0 0.007912194996606559
1046.0 0.008794522727839649
1047.0 0.009676850459072739
1048.0 0.011180425644852221
1049.0 0.012683997920248657
1050.0 0.015166644880082458
1051.0 0.017649288929533213
1052.0 0.021521748567465693
1053.0 0.025394209660589695
1054.0 0.030646592495031655
1055.0 0.03589897241909057
1056.0 0.04277772968634963
1057.0 0.04965648986399174
1058.0 0.05761057254858315
1059.0 0.06556465523317456
1060.0 0.07366737117990851
1061.0 0.08177008130587637
1062.0 0.08959095575846732
1063.0 0.09741179528646171
1064.0 0.10433112038299441
1065.0 0.11125041637569666
1066.0 0.11875260388478637
1067.0 0.12625480303540826
1068.0 0.13459260808303952
1069.0 0.14293043641373515
1070.0 0.15288302674889565
1071.0 0.16283561708405614
1072.0 0.17280804459005594
1073.0 0.18278046045452356
1074.0 0.19354444229975343
1075.0 0.20430844742804766
1076.0 0.21546101197600365
1077.0 0.22661357652395964
1078.0 0.2383801620453596
1079.0 0.2501467242836952
1080.0 0.266894418746233
1081.0 0.2836420899257064
1082.0 0.31126702670007944
1083.0 0.33889198675751686
1084.0 0.38229022175073624
1085.0 0.4256884567439556
1086.0 0.4627260845154524
1087.0 0.4997636657208204
1088.0 0.566036906093359
1089.0 0.6323100533336401
1090.0 0.7103966549038887
1091.0 0.7884832099080086
1092.0 0.8251605555415154
1093.0 0.8618376217782497
1094.0 0.9114210493862629
1095.0 0.9610043838620186
1096.0 1.0270051658153534
1097.0 1.0930059477686882
1098.0 1.1829348281025887
1099.0 1.272863708436489
1100.0 1.4701495878398418
1101.0 1.6674354672431946
