lsstCam/transmission_filter_detector/r23_s11/g_6/19700101T000000.ecsv
# %ECSV 1.0
# ---
# datatype:
# - {name: wavelength, unit: nm, datatype: float32}
# - {name: efficiency, unit: '%', datatype: float64}
# meta: !!omap
# - {MODE: DETECTOR}
# - {TYPE: transmission_filter_detector}
# - {CALIBDATE: '1970-01-01T00:00:00'}
# - {INSTRUME: LSSTCam}
# - {OBSTYPE: transmission_filter_detector}
# - {CALIBCLS: lsst.ip.isr.IntermediateFilterDetectorTransmissionCurve}
# - {SOURCE: Materion (DM-46256)}
# - {DETECTOR: 103}
# - {FILTER: g_6}
# - {CALIB_ID: 'calibDate=1970-01-01T00:00:00 filter=g_6 detector=103'}
# - {DATE: '2025-04-02T15:59:42.505313'}
# - {CALIB_CREATION_DATE: '2025-04-02'}
# - {CALIB_CREATION_TIME: '15:59:42'}
# - __serialized_columns__:
#     efficiency:
#       __class__: astropy.units.quantity.Quantity
#       unit: !astropy.units.Unit {unit: '%'}
#       value: !astropy.table.SerializedColumn {name: efficiency}
#     wavelength:
#       __class__: astropy.units.quantity.Quantity
#       unit: !astropy.units.Unit {unit: nm}
#       value: !astropy.table.SerializedColumn {name: wavelength}
# schema: astropy-2.0
wavelength efficiency
300.0 0.42773536406457424
301.0 0.33715025056153536
302.0 0.24656513705849648
303.0 0.23008359130471945
304.0 0.21360202226787806
305.0 0.21415811497718096
306.0 0.21471420768648386
307.0 0.21585943177342415
308.0 0.21700463257730007
309.0 0.21348842419683933
310.0 0.20997226238250732
311.0 0.20085128489881754
312.0 0.19173033069819212
313.0 0.18657787004485726
314.0 0.1814254093915224
315.0 0.18002595752477646
316.0 0.17862652894109488
317.0 0.1759176841005683
318.0 0.17320888582617044
319.0 0.16182403778657317
320.0 0.15043920138850808
321.0 0.14071943005546927
322.0 0.13099969364702702
323.0 0.11662411270663142
324.0 0.1022485550493002
325.0 0.09161549969576299
326.0 0.08098244434222579
327.0 0.07288767956197262
328.0 0.06479290896095335
329.0 0.06127565284259617
330.0 0.0577583909034729
331.0 0.053433357970789075
332.0 0.04910831921733916
333.0 0.046492405817843974
334.0 0.043876489507965744
335.0 0.04255895619280636
336.0 0.04124142578803003
337.0 0.04124527040403336
338.0 0.0412491150200367
339.0 0.04006270901300013
340.0 0.03887629718519747
341.0 0.03721968678291887
342.0 0.03556307638064027
343.0 0.03224852844141424
344.0 0.02893398341257125
345.0 0.025811142404563725
346.0 0.02268829703098163
347.0 0.021229965204838663
348.0 0.019771631923504174
349.0 0.018042686861008406
350.0 0.7878495380282402
351.0 1.2328662909567356
352.0 0.7629417814314365
353.0 1.0458736680448055
354.0 0.8586187846958637
355.0 0.9468019939959049
356.0 0.7073500659316778
357.0 0.9530561044812202
358.0 0.703721446916461
359.0 1.0369226336479187
360.0 0.6561812479048967
361.0 0.8561501279473305
362.0 0.43502566404640675
363.0 0.6900083273649216
364.0 0.5556886084377766
365.0 0.750097120180726
366.0 0.5786851048469543
367.0 0.684960326179862
368.0 0.5134247243404388
369.0 0.7092518731951714
370.0 0.44267713092267513
371.0 0.5584035068750381
372.0 0.3577195107936859
373.0 0.66752671264112
374.0 0.36163353361189365
375.0 0.5778796039521694
376.0 0.39718509651720524
377.0 0.5770222749561071
378.0 0.4414136055856943
379.0 0.5954483989626169
380.0 0.49796123057603836
381.0 0.5431690718978643
382.0 0.6016690284013748
383.0 0.5587775260210037
384.0 0.5584046710282564
385.0 0.5812271032482386
386.0 0.7179331034421921
387.0 0.7371593732386827
388.0 0.9613350033760071
389.0 1.2332893908023834
390.0 1.765395700931549
391.0 2.7065658941864967
392.0 4.248685389757156
393.0 6.793017685413361
394.0 10.222098231315613
395.0 14.97408002614975
396.0 20.676684379577637
397.0 28.019875288009644
398.0 36.57333850860596
399.0 45.82980573177338
400.0 55.36658763885498
401.0 64.5082950592041
402.0 72.87936210632324
403.0 80.09355068206787
404.0 85.47801971435547
405.0 89.5602822303772
406.0 91.80991053581238
407.0 93.63753199577332
408.0 94.78940963745117
409.0 95.36713361740112
410.0 95.48328518867493
411.0 95.3586220741272
412.0 94.96486783027649
413.0 94.70164775848389
414.0 94.5569097995758
415.0 94.74639296531677
416.0 95.0479507446289
417.0 95.44970393180847
418.0 95.9193229675293
419.0 96.56859040260315
420.0 97.07723259925842
421.0 97.67811298370361
422.0 97.80846834182739
423.0 97.97226190567017
424.0 97.85676598548889
425.0 97.69628643989563
426.0 97.66834378242493
427.0 97.6760983467102
428.0 97.46469259262085
429.0 97.23992347717285
430.0 97.09499478340149
431.0 97.13543653488159
432.0 97.13393449783325
433.0 97.1749484539032
434.0 97.33577370643616
435.0 97.45631814002991
436.0 97.53574132919312
437.0 97.46785163879395
438.0 97.55913615226746
439.0 97.62692451477051
440.0 97.60691523551941
441.0 97.77927994728088
442.0 97.67872095108032
443.0 97.70969152450562
444.0 97.61602282524109
445.0 97.39049077033997
446.0 97.29917645454407
447.0 97.09829688072205
448.0 97.12634682655334
449.0 97.3733127117157
450.0 97.67292141914368
451.0 97.85833954811096
452.0 98.05141687393188
453.0 98.16163182258606
454.0 98.12563061714172
455.0 98.386549949646
456.0 98.47694635391235
457.0 98.62526655197144
458.0 98.57029914855957
459.0 98.71659278869629
460.0 98.68987202644348
461.0 98.86885285377502
462.0 98.77738356590271
463.0 98.71482253074646
464.0 98.80619049072266
465.0 98.72574210166931
466.0 98.75418543815613
467.0 98.74879121780396
468.0 98.8116979598999
469.0 98.81901144981384
470.0 98.67542386054993
471.0 98.57447743415833
472.0 98.60291481018066
473.0 98.46293330192566
474.0 98.34875464439392
475.0 98.39909076690674
476.0 98.40088486671448
477.0 98.43223690986633
478.0 98.52577447891235
479.0 98.47392439842224
480.0 98.66695404052734
481.0 98.73833060264587
482.0 98.91393780708313
483.0 98.79922866821289
484.0 98.97958636283875
485.0 98.96488189697266
486.0 99.00698065757751
487.0 99.04396533966064
488.0 99.0215539932251
489.0 99.13135170936584
490.0 99.03368949890137
491.0 99.06182885169983
492.0 98.99552464485168
493.0 98.94942045211792
494.0 98.92929196357727
495.0 98.92168045043945
496.0 98.78655076026917
497.0 98.73875379562378
498.0 98.51459860801697
499.0 98.5888659954071
500.0 98.515385389328
501.0 98.45322370529175
502.0 98.3328640460968
503.0 98.49126935005188
504.0 98.31534624099731
505.0 98.33192229270935
506.0 98.43389391899109
507.0 98.36807250976562
508.0 98.3924150466919
509.0 98.35087656974792
510.0 98.29285144805908
511.0 98.25791120529175
512.0 98.21034669876099
513.0 98.27696084976196
514.0 98.3161211013794
515.0 98.30553531646729
516.0 98.40072393417358
517.0 98.39041233062744
518.0 98.42481017112732
519.0 98.512864112854
520.0 98.51242303848267
521.0 98.63815307617188
522.0 98.67197871208191
523.0 98.66266250610352
524.0 98.69575500488281
525.0 98.65325093269348
526.0 98.75046014785767
527.0 98.81441593170166
528.0 98.87447953224182
529.0 98.98177981376648
530.0 98.9905297756195
531.0 99.13352727890015
532.0 98.98531436920166
533.0 98.96204471588135
534.0 98.9806592464447
535.0 98.8019347190857
536.0 98.40607643127441
537.0 97.81064987182617
538.0 96.9921886920929
539.0 95.49826383590698
540.0 93.67160201072693
541.0 90.90085029602051
542.0 87.99557685852051
543.0 84.26669239997864
544.0 79.50374484062195
545.0 75.34855008125305
546.0 70.34263610839844
547.0 65.70753455162048
548.0 61.1308753490448
549.0 57.05376863479614
550.0 53.85541319847107
551.0 50.78093409538269
552.0 48.40429425239563
553.0 45.87165713310242
554.0 42.95822083950043
555.0 39.64672088623047
556.0 35.316818952560425
557.0 30.27886152267456
558.0 24.845480918884277
559.0 19.50031816959381
560.0 14.384974539279938
561.0 9.742610901594162
562.0 6.21684342622757
563.0 3.647468611598015
564.0 1.9832812249660492
565.0 0.9763789363205433
566.0 0.5051071289926767
567.0 0.2696271287277341
568.0 0.17458002548664808
569.0 0.10330808581784368
570.0 0.08743525831960142
571.0 0.05376795306801796
572.0 0.06204818491823971
573.0 0.041391089325770736
574.0 0.046117472811602056
575.0 0.02965640160255134
576.0 0.043083218042738736
577.0 0.021490734070539474
578.0 0.03346072044223547
579.0 0.03564171784091741
580.0 0.03414876700844616
581.0 0.02947039029095322
582.0 0.02752953441813588
583.0 0.019453486311249435
584.0 0.030050889472477138
585.0 0.010976815246976912
586.0 0.027293534367345273
587.0 0.017562562425155193
588.0 0.02046583394985646
589.0 0.020440397202037275
590.0 0.017831822333391756
591.0 0.013967927952762693
592.0 0.019608436559792608
593.0 0.012526493810582906
594.0 0.0223882743739523
595.0 0.008052874909481034
596.0 0.010140085214516148
597.0 0.016390801465604454
598.0 0.005608572973869741
599.0 0.011294092837488279
600.0 0.013922697689849883
601.0 0.0022257521777646616
602.0 0.002208072146459017
603.0 0.0021903921151533723
604.0 0.0020360930648166686
605.0 0.0018817941963789053
606.0 0.0019349143258295953
607.0 0.001988034273381345
608.0 0.0018710215954342857
609.0 0.001754008735588286
610.0 0.001822852027544286
611.0 0.0018916955013992265
612.0 0.0018262733647134155
613.0 0.0017608510461286642
614.0 0.001738359969749581
615.0 0.001715868893370498
616.0 0.0017397300325683318
617.0 0.0017635911717661656
618.0 0.0017175671018776484
619.0 0.0016715430319891311
620.0 0.0016296915418934077
621.0 0.001587840415595565
622.0 0.0015493966202484444
623.0 0.0015109526430023834
624.0 0.0014744356121809687
625.0 0.001437918581359554
626.0 0.001393840921082301
627.0 0.0013497635336534586
628.0 0.0014283424206951167
629.0 0.001506921398686245
630.0 0.0013612653674499597
631.0 0.0012156090633652639
632.0 0.001299028008361347
633.0 0.0013824467714584898
634.0 0.0013978357856103685
635.0 0.0014132244359643664
636.0 0.00138677651193575
637.0 0.001360328769806074
638.0 0.0012499895092332736
639.0 0.001139650157711003
640.0 0.0011576110409805551
641.0 0.0011755716514016967
642.0 0.0012529667401395272
643.0 0.0013303617379278876
644.0 0.001219401110574836
645.0 0.0011084405741712544
646.0 0.0011968102626269683
647.0 0.0012851800420321524
648.0 0.001227232496603392
649.0 0.0011692847692756914
650.0 0.0012193328075227328
651.0 0.0012693806638708338
652.0 0.0012070869161107112
653.0 0.0011447930774011184
654.0 0.001136492755904328
655.0 0.0011281926163064782
656.0 0.0010716135875554755
657.0 0.001015034649753943
658.0 0.001030483781505609
659.0 0.0010459330951562151
660.0 0.000953990820562467
661.0 0.0008620485459687188
662.0 0.0010618590749800205
663.0 0.001261669967789203
664.0 0.0012159014659118839
665.0 0.001170133054984035
666.0 0.0010787297469505575
667.0 0.0009873262570181396
668.0 0.0010622366062307265
669.0 0.001137147319241194
670.0 0.0011259513485128991
671.0 0.001114755286835134
672.0 0.0011210559023311362
673.0 0.0011273562449787278
674.0 0.0010112331437994726
675.0 0.0008951099516707473
676.0 0.0009194443919113837
677.0 0.0009437784683541395
678.0 0.0010097254744323436
679.0 0.0010756724805105478
680.0 0.001063852232618956
681.0 0.0010520320756768342
682.0 0.0011021580576198176
683.0 0.001152284039562801
684.0 0.001097940457839286
685.0 0.0010435966942168307
686.0 0.0010514854693610687
687.0 0.0010593741535558365
688.0 0.0010874473446165211
689.0 0.0011155202628287952
690.0 0.00110082037281245
691.0 0.0010861204827961046
692.0 0.0011168463061039802
693.0 0.0011475721294118557
694.0 0.001190490092994878
695.0 0.0012334081475273706
696.0 0.001163827437267173
697.0 0.0010942466360575054
698.0 0.0012026101103401743
699.0 0.001310973493673373
700.0 0.0012142536434112117
701.0 0.0011175337931490503
702.0 0.0011638378964562435
703.0 0.001210141726915026
704.0 0.0011005732631019782
705.0 0.00099100461738999
706.0 0.0010456577911099885
707.0 0.001100311055779457
708.0 0.0011521238775458187
709.0 0.0012039366993121803
710.0 0.0012150162547186483
711.0 0.001226096173922997
712.0 0.001246670672117034
713.0 0.0012672455341089517
714.0 0.001254401922778925
715.0 0.001241558766196249
716.0 0.0014549740626534913
717.0 0.001668389631959144
718.0 0.0018707967683440074
719.0 0.002073203904728871
720.0 0.0017678115909802727
721.0 0.0014624192772316746
722.0 0.0015477975466637872
723.0 0.0016331759979948401
724.0 0.001773584881448187
725.0 0.0019139937649015337
726.0 0.0019441456970525905
727.0 0.0019742976292036474
728.0 0.0020557672542054206
729.0 0.0021372366973082535
730.0 0.0021241883587208577
731.0 0.002111140020133462
732.0 0.0018856411770684645
733.0 0.0016601425159024075
734.0 0.0014042446309758816
735.0 0.0011483467460493557
736.0 0.0011559865015442483
737.0 0.001163626347988611
738.0 0.0010537014532019384
739.0 0.0009437767403142061
740.0 0.0009306818355980795
741.0 0.0009175868399324827
742.0 0.0008713136594451498
743.0 0.0008250407518062275
744.0 0.00091453830464161
745.0 0.0010040359484264627
746.0 0.0009157070053333882
747.0 0.0008273780622403137
748.0 0.0009068818144442048
749.0 0.0009863857485470362
750.0 0.0009234674507752061
751.0 0.0008605493349023163
752.0 0.0008581559086451307
753.0 0.0008557624823879451
754.0 0.0009231311196344905
755.0 0.0009904996659315657
756.0 0.000931189424591139
757.0 0.0008718793651496526
758.0 0.0008536717359675094
759.0 0.0008354642886843067
760.0 0.0007639241630386095
761.0 0.0006923839464434423
762.0 0.0007138730779843172
763.0 0.0007353620731009869
764.0 0.0007857451237214264
765.0 0.0008361283107660711
766.0 0.0007731567166047171
767.0 0.0007101849405444227
768.0 0.0005985443294775905
769.0 0.00048690349103708286
770.0 0.0005188591785554308
771.0 0.0005508148205990437
772.0 0.0006973348718020134
773.0 0.0008438548320555128
774.0 0.0008330230230058078
775.0 0.0008221911230066326
776.0 0.0007976829692779575
777.0 0.000773174633650342
778.0 0.0007775804988341406
779.0 0.000781986273068469
780.0 0.0006704758106934605
781.0 0.0005589653028437169
782.0 0.0005237789991952013
783.0 0.0004885926045972155
784.0 0.0004592017376126023
785.0 0.00042981087062798906
786.0 0.0004478706159716239
787.0 0.00046593054321419913
788.0 0.0004392981281853281
789.0 0.00041266575863119215
790.0 0.0004077148787473561
791.0 0.0004027640898129903
792.0 0.00036148082926956704
793.0 0.0003201976142008789
794.0 0.0002589777295725071
795.0 0.00019775789041887037
796.0 0.0003528936076691025
797.0 0.0005080293249193346
798.0 0.0004238928795530228
799.0 0.000339756434186711
800.0 0.00040185536818171386
801.0 0.0004639543931261869
802.0 0.0003746071115529048
803.0 0.0002852598754543578
804.0 0.00028958659186173463
805.0 0.0002939132855317439
806.0 0.0003292910378149827
807.0 0.0003646687446234864
808.0 0.00040326649468624964
809.0 0.0004418642674863804
810.0 0.0003439405872995849
811.0 0.0002460168389006867
812.0 0.0002971587264255504
813.0 0.0003483005912130466
814.0 0.000366417043551337
815.0 0.0003845334958896274
816.0 0.00046942591325205285
817.0 0.0005543183306144783
818.0 0.00046229370127548464
819.0 0.00037026902646175586
820.0 0.0005014849648432573
821.0 0.0006327008122752886
822.0 0.0005859332759428071
823.0 0.0005391656486608554
824.0 0.0004694056315202033
825.0 0.000399645477955346
826.0 0.0005290961325954413
827.0 0.0006585468327102717
828.0 0.0005226109806244494
829.0 0.0003866751285386272
830.0 0.00042772608139785007
831.0 0.00046877703425707296
832.0 0.0006198382379807299
833.0 0.0007708993507549167
834.0 0.000564219362786389
835.0 0.0003575393520804937
836.0 0.000580767436986207
837.0 0.0008039954991545528
838.0 0.0006705886789859505
839.0 0.0005371818588173483
840.0 0.0005917123871768126
841.0 0.0006462428245868068
842.0 0.00041861121644615196
843.0 0.00019097951735602692
844.0 0.0003098142997259856
845.0 0.0004286491730454145
846.0 0.0005116691227158299
847.0 0.0005946891178609803
848.0 0.0005478661478264257
849.0 0.0005010431777918711
850.0 0.000451481082563987
851.0 0.0004019189873361029
852.0 0.00041298781070508994
853.0 0.00042405645217513666
854.0 0.0005806254648632603
855.0 0.0007371943411271786
856.0 0.0005506961315404624
857.0 0.0003641978992163786
858.0 0.00039686842683295254
859.0 0.00042953897718689404
860.0 0.0004424626695254119
861.0 0.0004553863618639298
862.0 0.00047701237235742155
863.0 0.0004986383828509133
864.0 0.0004984253791917581
865.0 0.0004982123755326029
866.0 0.0005729423719458282
867.0 0.0006476723683590535
868.0 0.000639569407212548
869.0 0.0006314664460660424
870.0 0.0005633444743580185
871.0 0.0004952224571752595
872.0 0.0004347953563410556
873.0 0.0003743682100321166
874.0 0.0005169316409592284
875.0 0.0006594951173610752
876.0 0.000616871648162487
877.0 0.0005742482699133689
878.0 0.000583857672609156
879.0 0.000593466984355473
880.0 0.0007270215064636432
881.0 0.0008605762559454888
882.0 0.0006975492851779563
883.0 0.0005345224508346291
884.0 0.0006085444965719944
885.0 0.0006825664968346246
886.0 0.0007524694865423953
887.0 0.0008223725671996363
888.0 0.0006913792276463937
889.0 0.0005603858880931512
890.0 0.0005068780410510954
891.0 0.0004533701030595694
892.0 0.0005133982995175757
893.0 0.0005734266323997872
894.0 0.0005470656560646603
895.0 0.0005207048161537386
896.0 0.0004925415851175785
897.0 0.0004643783086066833
898.0 0.0004420397544890875
899.0 0.0004197012458462268
900.0 0.00036414310216059675
901.0 0.0003085850039497018
902.0 0.0004448579147720011
903.0 0.0005811308255943004
904.0 0.0004087552042619791
905.0 0.0002363794919801876
906.0 0.000370809266314609
907.0 0.0005052389951742953
