lsstCam/transmission_filter_detector/r30_s20/y_10/19700101T000000.ecsv
# %ECSV 1.0
# ---
# datatype:
# - {name: wavelength, unit: nm, datatype: float32}
# - {name: efficiency, unit: '%', datatype: float64}
# meta: !!omap
# - {MODE: DETECTOR}
# - {TYPE: transmission_filter_detector}
# - {CALIBDATE: '1970-01-01T00:00:00'}
# - {INSTRUME: LSSTCam}
# - {OBSTYPE: transmission_filter_detector}
# - {CALIBCLS: lsst.ip.isr.IntermediateFilterDetectorTransmissionCurve}
# - {SOURCE: Materion (DM-46256)}
# - {DETECTOR: 123}
# - {FILTER: y_10}
# - {CALIB_ID: 'calibDate=1970-01-01T00:00:00 filter=y_10 detector=123'}
# - {DATE: '2025-04-02T15:59:51.313272'}
# - {CALIB_CREATION_DATE: '2025-04-02'}
# - {CALIB_CREATION_TIME: '15:59:51'}
# - __serialized_columns__:
#     efficiency:
#       __class__: astropy.units.quantity.Quantity
#       unit: !astropy.units.Unit {unit: '%'}
#       value: !astropy.table.SerializedColumn {name: efficiency}
#     wavelength:
#       __class__: astropy.units.quantity.Quantity
#       unit: !astropy.units.Unit {unit: nm}
#       value: !astropy.table.SerializedColumn {name: wavelength}
# schema: astropy-2.0
wavelength efficiency
300.0 0.025163922691717744
301.0 0.018905977776739746
302.0 0.012648031406570226
303.0 0.009026836778502911
304.0 0.005405642514233477
305.0 0.0070297544880304486
306.0 0.008653862460050732
307.0 0.00947882144828327
308.0 0.01030378116411157
309.0 0.009326933650299907
310.0 0.008350087591679767
311.0 0.007223210559459403
312.0 0.006096332799643278
313.0 0.007695845852140337
314.0 0.009295358177041635
315.0 0.007598328375024721
316.0 0.005901297117816284
317.0 0.004716856710729189
318.0 0.003532416667439975
319.0 0.002067323657684028
320.0 0.0006022309662512271
321.0 0.0012374310244922526
322.0 0.0018726312191574834
323.0 0.0024781755200820044
324.0 0.003083719639107585
325.0 0.0026577057724352926
326.0 0.002231692269560881
327.0 0.002897936246881727
328.0 0.0035641802242025733
329.0 0.003753075361601077
330.0 0.0039419701352017
331.0 0.003578589894459583
332.0 0.0032152096537174657
333.0 0.002861395478248596
334.0 0.0025075813027797267
335.0 0.0018767601432045922
336.0 0.0012459388017305173
337.0 0.0012245107427588664
338.0 0.0012030826837872155
339.0 0.0012147214874858037
340.0 0.001226360382133862
341.0 0.0011671039828797802
342.0 0.0011078476745751686
343.0 0.0012032085578539409
344.0 0.0012985694411327131
345.0 0.0008405939297517762
346.0 0.0003826184638455743
347.0 0.0005952864285063697
348.0 0.0008079546205408406
349.0 0.0007532561085099587
350.0 0.0006985576874285471
351.0 0.0009644159945310093
352.0 0.001230274483532412
353.0 0.0012952474207850173
354.0 0.0013602202670881525
355.0 0.0016093852536869235
356.0 0.001858550422184635
357.0 0.001676080864854157
358.0 0.0014936114894226193
359.0 0.0013681677046406548
360.0 0.0012427240108081605
361.0 0.0011035367606382351
362.0 0.0009643495104683097
363.0 0.0010591988939268049
364.0 0.0011540480954863597
365.0 0.0012333330232650042
366.0 0.001312618132942589
367.0 0.0016616324501228519
368.0 0.002010646312555764
369.0 0.0017440337614971213
370.0 0.0014774215742363594
371.0 0.0014021382412465755
372.0 0.001326855181105202
373.0 0.001721475382510107
374.0 0.002116095674864482
375.0 0.002829866025422234
376.0 0.0035436365578789264
377.0 0.0037303347198758274
378.0 0.003917033245670609
379.0 0.0035647215554490685
380.0 0.003212409501429647
381.0 0.002673151539056562
382.0 0.0021338935766834766
383.0 0.0015079903278092388
384.0 0.0008820872608339414
385.0 0.0008744490514800418
386.0 0.0008668108421261422
387.0 0.0005145314389665145
388.0 0.0001622520130695193
389.0 0.00024401456357736606
390.0 0.00032577695492364
391.0 0.0004735282800538698
392.0 0.0006212795142346295
393.0 0.0006502086762338877
394.0 0.0006791377472836757
395.0 0.000673081558488775
396.0 0.0006670253696938744
397.0 0.000692551066094893
398.0 0.0007180766715464415
399.0 0.000889176590135321
400.0 0.0010602764632494655
401.0 0.0013521669643523637
402.0 0.0016440573745057918
403.0 0.0016677353414706886
404.0 0.0016914133084355853
405.0 0.001720841282804031
406.0 0.0017502694390714169
407.0 0.0017678692529443651
408.0 0.0017854690668173134
409.0 0.0014199342331266962
410.0 0.0010543994903855491
411.0 0.0009540181963529903
412.0 0.0008536369023204315
413.0 0.001015540419757599
414.0 0.001177444210043177
415.0 0.0003260942776250886
416.0 2.6922973399290395e-10
417.0 3.068050773435971e-05
418.0 0.0005866168976353947
419.0 0.0004358987553132465
420.0 0.00028518047656689305
421.0 5.449325044537545e-05
422.0 2.6922973399290395e-10
423.0 2.6922973399290395e-10
424.0 2.6922973399290395e-10
425.0 2.6922973399290395e-10
426.0 0.00035863922676071525
427.0 0.0004664177595259389
428.0 0.0005741962013416924
429.0 0.0006604536793020088
430.0 0.0007467113391612656
431.0 7.823516625649063e-05
432.0 2.6922973399290395e-10
433.0 2.6922973399290395e-10
434.0 0.000269083079729171
435.0 0.0001876358624031127
436.0 0.00010618871328915702
437.0 0.00019225092273700284
438.0 0.00027831338229589164
439.0 0.0006027999461366562
440.0 0.000927286600926891
441.0 0.000655974872643128
442.0 0.0003846631443593651
443.0 0.0004435853497852804
444.0 0.0005025073733122554
445.0 0.0003698891759995604
446.0 0.00023727079678792506
447.0 0.0005119830802868819
448.0 0.0007866954547353089
449.0 0.0004549580353341298
450.0 0.00012322060456426698
451.0 0.00033456681194365956
452.0 0.0005459130079543684
453.0 0.00031732238312542904
454.0 8.873172987478029e-05
455.0 0.00034464244436094305
456.0 0.0006005532213748666
457.0 0.00038428092921094503
458.0 0.0001680083983046643
459.0 0.0001945457142937812
460.0 0.0002210832008131547
461.0 0.00022537069526151754
462.0 0.00022965821244724793
463.0 0.0004204449851386016
464.0 0.000611231871516793
465.0 0.0006227205176401185
466.0 0.0006342093001876492
467.0 0.0008190468179236632
468.0 0.0010038844266091473
469.0 0.0015348565284512006
470.0 0.002065828812192194
471.0 0.0018042836018139496
472.0 0.0015427382095367648
473.0 0.0019032620912184939
474.0 0.0022637861547991633
475.0 0.002540789864724502
476.0 0.002817793756548781
477.0 0.0027192792913410813
478.0 0.002620765008032322
479.0 0.0029711376555496827
480.0 0.0033215103030670434
481.0 0.003653391104307957
482.0 0.0039852719055488706
483.0 0.004214107320876792
484.0 0.004442942736204714
485.0 0.0040257837099488825
486.0 0.0036086246836930513
487.0 0.0031895979191176593
488.0 0.0027705717002390884
489.0 0.0024446779207210056
490.0 0.002118784141202923
491.0 0.0018967639334732667
492.0 0.0016747437257436104
493.0 0.0016529535059817135
494.0 0.001631162922421936
495.0 0.0018776163415168412
496.0 0.002124069578712806
497.0 0.0017690319509711117
498.0 0.0014139945051283576
499.0 0.0019442117263679393
500.0 0.0024744287657085806
501.0 0.002284277434227988
502.0 0.0020941255570505746
503.0 0.002265422881464474
504.0 0.002436720023979433
505.0 0.002330650750081986
506.0 0.00222458183998242
507.0 0.0020768979084095918
508.0 0.0019292139768367633
509.0 0.0021388730601756833
510.0 0.002348531961615663
511.0 0.002041871084657032
512.0 0.0017352100257994607
513.0 0.001898005575640127
514.0 0.0020608011254807934
515.0 0.001535964838694781
516.0 0.0010111285519087687
517.0 0.0013731190847465768
518.0 0.001735109617584385
519.0 0.001329564202023903
520.0 0.0009240189683623612
521.0 0.001200766746478621
522.0 0.0014775140698475298
523.0 0.001350055663351668
524.0 0.0012225968930579256
525.0 0.0016942109141382389
526.0 0.0021658250261680223
527.0 0.002471064362907782
528.0 0.002776303699647542
529.0 0.003007825762324501
530.0 0.003239347643102519
531.0 0.002736349415499717
532.0 0.0022333511878969148
533.0 0.0022978549168328755
534.0 0.0023623588276677765
535.0 0.0017781538190320134
536.0 0.0011939489922951907
537.0 0.0016733571101212874
538.0 0.0021527654098463245
539.0 0.0025352452212246135
540.0 0.002917724668805022
541.0 0.0035917022614739835
542.0 0.004265680036041886
543.0 0.004532578896032646
544.0 0.004799477392225526
545.0 0.00476518580398988
546.0 0.004730894215754233
547.0 0.0043171698052901775
548.0 0.003903445031028241
549.0 0.0031842591852182522
550.0 0.002465072975610383
551.0 0.002729472180362791
552.0 0.002993871385115199
553.0 0.0028096508685848676
554.0 0.002625430715852417
555.0 0.003275831477367319
556.0 0.003926232238882221
557.0 0.004219667971483432
558.0 0.004513104067882523
559.0 0.00400541684939526
560.0 0.0034977292671101168
561.0 0.0036529036151478067
562.0 0.003808077599387616
563.0 0.0035973513149656355
564.0 0.003386625394341536
565.0 0.003689572258736007
566.0 0.003992519123130478
567.0 0.004570012242766097
568.0 0.005147504998603836
569.0 0.005743065048591234
570.0 0.006338625826174393
571.0 0.006964719796087593
572.0 0.007590813766000792
573.0 0.007374519918812439
574.0 0.007158226071624085
575.0 0.006748112355126068
576.0 0.006337999366223812
577.0 0.005781861909781583
578.0 0.005225724817137234
579.0 0.005060867624706589
580.0 0.0048960104322759435
581.0 0.005911853077122942
582.0 0.006927695358172059
583.0 0.00855656253406778
584.0 0.010185428982367739
585.0 0.011054627975681797
586.0 0.0119238298793789
587.0 0.011412135791033506
588.0 0.010900442430283874
589.0 0.01048262492986396
590.0 0.010064811795018613
591.0 0.009245993715012446
592.0 0.008427179272985086
593.0 0.007280158752109855
594.0 0.006133138958830386
595.0 0.00584378358325921
596.0 0.005554428571485914
597.0 0.0056995540944626555
598.0 0.005844680345035158
599.0 0.007027964602457359
600.0 0.008211247768485919
601.0 0.009200401837006211
602.0 0.010189554450334981
603.0 0.01057857516570948
604.0 0.010967595153488219
605.0 0.010345599002903327
606.0 0.009723601397126913
607.0 0.009168745600618422
608.0 0.00861388907651417
609.0 0.007178810483310372
610.0 0.0057437333452980965
611.0 0.00457502574136015
612.0 0.0034063188650179654
613.0 0.0034828553907573223
614.0 0.0035593915526987985
615.0 0.004498703856370412
616.0 0.005438016160042025
617.0 0.006386807945091277
618.0 0.007335599366342649
619.0 0.008916033402783796
620.0 0.010496467439224944
621.0 0.010251898493152112
622.0 0.01000732954707928
623.0 0.010266736353514716
624.0 0.010526143159950152
625.0 0.009968982340069488
626.0 0.009411822975380346
627.0 0.007840537000447512
628.0 0.006269251025514677
629.0 0.004959971920470707
630.0 0.003650692815426737
631.0 0.0031242332624970004
632.0 0.0025977740733651444
633.0 0.0025384415494045243
634.0 0.0024791088435449637
635.0 0.0031312694773077965
636.0 0.0037834302929695696
637.0 0.004197134330752306
638.0 0.004610838004737161
639.0 0.005284718645270914
640.0 0.005958600013400428
641.0 0.0057603378081694245
642.0 0.005562075602938421
643.0 0.005491180854733102
644.0 0.005420285742729902
645.0 0.00464463337266352
646.0 0.0038689810025971383
647.0 0.003707345967995934
648.0 0.00354571093339473
649.0 0.0028766113246092573
650.0 0.0022075117158237845
651.0 0.0019213643099647015
652.0 0.0016352167222066782
653.0 0.001512409835413564
654.0 0.0013896028576709796
655.0 0.0014365433344210032
656.0 0.0014834837202215567
657.0 0.0017768732504919171
658.0 0.002070262598863337
659.0 0.0016192376278922893
660.0 0.0011682127478707116
661.0 0.001364673789794324
662.0 0.0015611351045663469
663.0 0.0017964077414944768
664.0 0.0020316801965236664
665.0 0.0025996228941949084
666.0 0.0031675655918661505
667.0 0.003691946403705515
668.0 0.0042163272155448794
669.0 0.005094522202853113
670.0 0.005972717190161347
671.0 0.006699940422549844
672.0 0.007427162199746817
673.0 0.007639662362635136
674.0 0.007852163253119215
675.0 0.007560451194876805
676.0 0.0072687391366343945
677.0 0.006209145067259669
678.0 0.005149552089278586
679.0 0.003941987961297855
680.0 0.0027344232876203023
681.0 0.001655325831961818
682.0 0.0005762286036770092
683.0 0.0005388117187976604
684.0 0.0005013948793930467
685.0 0.0002431037728456431
686.0 2.6922973399290395e-10
687.0 0.00011582877732507768
688.0 0.00024684482013981324
689.0 0.00017810075405577663
690.0 0.00010935659702226985
691.0 2.6922973399290395e-10
692.0 2.6922973399290395e-10
693.0 7.775278163535404e-05
694.0 0.0003918338734365534
695.0 0.00037409367905638646
696.0 0.00035635359836305724
697.0 0.0003241039394197287
698.0 0.0002918542577390326
699.0 0.0005235282515059225
700.0 0.0007552022907475475
701.0 0.0006344306257233256
702.0 0.0005136588242748985
703.0 0.000444717306891107
704.0 0.00037577592593152076
705.0 0.00024742978439462604
706.0 0.00011908375654456904
707.0 0.00016704083236618317
708.0 0.00021499793092516484
709.0 0.0003540990746841999
710.0 0.0004932002411806025
711.0 0.00043952509258815553
712.0 0.0003858498985209735
713.0 2.7494544951878197e-05
714.0 2.6922973399290395e-10
715.0 2.6922973399290395e-10
716.0 0.0001843774725784897
717.0 8.993258120426617e-05
718.0 2.6922973399290395e-10
719.0 1.5294132538201666e-05
720.0 3.510070030188217e-05
721.0 0.00023618995328433812
722.0 0.00043727918637159746
723.0 0.00024016251245484455
724.0 4.3045795905527484e-05
725.0 0.00039191704672703054
726.0 0.0007407882549159694
727.0 0.00012627008345589275
728.0 2.6922973399290395e-10
729.0 7.49877699490753e-05
730.0 0.000638223355053924
731.0 0.0005363925538404146
732.0 0.0004345617981016403
733.0 0.0004995825293008238
734.0 0.0005646033969242126
735.0 0.00020474012671911623
736.0 2.6922973399290395e-10
737.0 2.6922973399290395e-10
738.0 2.6922973399290395e-10
739.0 2.6922973399290395e-10
740.0 2.6922973399290395e-10
741.0 3.492723692488653e-05
742.0 0.0001443511905563355
743.0 0.00029776670089631807
744.0 0.00045118217713024933
745.0 0.000534020682607661
746.0 0.0006168590516608674
747.0 0.0005914597750233952
748.0 0.0005660606348101282
749.0 0.00041335592868563253
750.0 0.000260651313510607
751.0 0.00048196247917076107
752.0 0.0007032737357803853
753.0 0.0004604074092640076
754.0 0.0002175411054849974
755.0 0.00044197672650625464
756.0 0.0006664125521638198
757.0 0.0005924839570070617
758.0 0.0005185553163755685
759.0 0.0002576060069259256
760.0 2.6922973399290395e-10
761.0 0.00032621990158077097
762.0 0.000655782969261054
763.0 0.0005691563728760229
764.0 0.0004825294581678463
765.0 0.00039387118704325985
766.0 0.00030521293865604093
767.0 0.0004706756953964941
768.0 0.0006361384748743149
769.0 0.00043698319132090546
770.0 0.00023782783955539344
771.0 0.00040862037167244125
772.0 0.0005794129720015917
773.0 0.0006972488336032256
774.0 0.0008150846952048596
775.0 0.00030635264920420013
776.0 2.6922973399290395e-10
777.0 2.6922973399290395e-10
778.0 0.0001853062485679402
779.0 0.0006688536814181134
780.0 0.0011524013643793296
781.0 0.00104173423096654
782.0 0.00093106682470534
783.0 0.0007692435247008689
784.0 0.0006074200427974574
785.0 0.00043515688048501033
786.0 0.0002628936954351957
787.0 9.19631247597863e-05
788.0 2.6922973399290395e-10
789.0 4.650767664315936e-05
790.0 0.0001719827650958905
791.0 0.00036400526823854307
792.0 0.0005560277259064605
793.0 0.0007152787929953774
794.0 0.0008745299055590294
795.0 0.0007271366030181525
796.0 0.000579743482376216
797.0 0.000770541464589769
798.0 0.0009613392649043817
799.0 0.0006870195193187101
800.0 0.00041269986468250863
801.0 0.0007298122909560334
802.0 0.0010469248991284985
803.0 0.000857429677125765
804.0 0.0006679343641735613
805.0 0.0005055360816186294
806.0 0.0003431377308515948
807.0 2.6922973399290395e-10
808.0 2.6922973399290395e-10
809.0 0.00012772272839356447
810.0 0.0010012911843659822
811.0 0.0006152446530904854
812.0 0.00022919816728972364
813.0 0.0003939013822673587
814.0 0.000558604688194464
815.0 0.000481172446598066
816.0 0.0004037400685774628
817.0 0.000668464599584695
818.0 0.0009331889486929867
819.0 0.0008752012945478782
820.0 0.0008172136404027697
821.0 0.0008801916919765063
822.0 0.0009431695616513025
823.0 0.0007418979748763377
824.0 0.0005406266609497834
825.0 0.0008352131771971472
826.0 0.001129799693444511
827.0 0.000701546332493308
828.0 0.0002732929942794726
829.0 0.0003179398390784627
830.0 0.00036258672935218783
831.0 0.00047519552026642486
832.0 0.0005878043339180294
833.0 0.0007230400569824269
834.0 0.0008582757800468244
835.0 0.0007075110715959454
836.0 0.0005567464995692717
837.0 0.000691891364112962
838.0 0.0008270360922324471
839.0 0.0007125027423171559
840.0 0.0005979693014523946
841.0 0.0009987058547267225
842.0 0.0013994424080010504
843.0 0.0012248569873918314
844.0 0.0010502714758331422
845.0 0.0007310806267923908
846.0 0.0004118897777516395
847.0 0.000938865832722513
848.0 0.0014658419786428567
849.0 0.0013932600268162787
850.0 0.0013206781659391709
851.0 0.0010294473213434685
852.0 0.0007382165676972363
853.0 0.0006579190539923729
854.0 0.0005776215857622446
855.0 0.0007389528946077917
856.0 0.0009002839760796633
857.0 0.0008434919436695054
858.0 0.0007866997293604072
859.0 0.00098012405942427
860.0 0.0011735484804376028
861.0 0.0013061633580946364
862.0 0.0014387780538527295
863.0 0.0015369623724836856
864.0 0.0016351465092157014
865.0 0.002098669392580632
866.0 0.002562192275945563
867.0 0.0025922490749508142
868.0 0.0026223058739560656
869.0 0.0028785629183403216
870.0 0.0031348197808256373
871.0 0.003375867527211085
872.0 0.0036169152735965326
873.0 0.0031183000828605145
874.0 0.0026196850740234368
875.0 0.00263706169789657
