lsstCam/transmission_filter_detector/r30_s20/y_10/19700101T000000.ecsv
# %ECSV 1.0
# ---
# datatype:
# - {name: wavelength, unit: nm, datatype: float32}
# - {name: efficiency, unit: '%', datatype: float64}
# meta: !!omap
# - {MODE: DETECTOR}
# - {TYPE: transmission_filter_detector}
# - {CALIBDATE: '1970-01-01T00:00:00'}
# - {INSTRUME: LSSTCam}
# - {OBSTYPE: transmission_filter_detector}
# - {CALIBCLS: lsst.ip.isr.IntermediateFilterDetectorTransmissionCurve}
# - {SOURCE: Materion (DM-46256)}
# - {DETECTOR: 123}
# - {FILTER: y_10}
# - {CALIB_ID: 'calibDate=1970-01-01T00:00:00 filter=y_10 detector=123'}
# - {DATE: '2025-04-02T15:59:51.313272'}
# - {CALIB_CREATION_DATE: '2025-04-02'}
# - {CALIB_CREATION_TIME: '15:59:51'}
# - __serialized_columns__:
#     efficiency:
#       __class__: astropy.units.quantity.Quantity
#       unit: !astropy.units.Unit {unit: '%'}
#       value: !astropy.table.SerializedColumn {name: efficiency}
#     wavelength:
#       __class__: astropy.units.quantity.Quantity
#       unit: !astropy.units.Unit {unit: nm}
#       value: !astropy.table.SerializedColumn {name: wavelength}
# schema: astropy-2.0
wavelength efficiency
[from data line 577]
877.0 0.0025945069864974357
878.0 0.0025345758331241086
879.0 0.0019085191524936818
880.0 0.05942629068158567
881.0 0.0927607121411711
882.0 0.0720214971806854
883.0 0.1008306979201734
884.0 0.07033022120594978
885.0 0.10447540553286672
886.0 0.06403105217032135
887.0 0.09636568720452487
888.0 0.07263247389346361
889.0 0.09427330223843455
890.0 0.06952988915145397
891.0 0.09724925039336085
892.0 0.07152514881454408
893.0 0.10107157286256552
894.0 0.08002197137102485
895.0 0.11411436134949327
896.0 0.0703049823641777
897.0 0.1114657730795443
898.0 0.08854445186443627
899.0 0.12062272289767861
900.0 0.09321416728198528
901.0 0.12533104745671153
902.0 0.13918110635131598
903.0 0.13532614102587104
904.0 0.14370876597240567
905.0 0.1565305283293128
906.0 0.17394584137946367
907.0 0.21491963416337967
908.0 0.24483446031808853
909.0 0.28392127715051174
910.0 0.3612942760810256
911.0 0.4602980799973011
912.0 0.6516844034194946
913.0 0.8939798921346664
914.0 1.2520315125584602
915.0 1.9006697461009026
916.0 2.7889851480722427
917.0 3.956819325685501
918.0 5.486477538943291
919.0 7.140573114156723
920.0 9.686195850372314
921.0 12.491776794195175
922.0 15.230703353881836
923.0 18.27848106622696
924.0 21.429024636745453
925.0 24.805356562137604
926.0 29.0345698595047
927.0 33.96526277065277
928.0 38.78536522388458
929.0 44.42538321018219
930.0 49.92867708206177
931.0 55.92625141143799
932.0 62.21644878387451
933.0 68.34272742271423
934.0 73.67846369743347
935.0 78.19114923477173
936.0 82.39436745643616
937.0 85.881108045578
938.0 88.77676725387573
939.0 90.95296859741211
940.0 92.43879914283752
941.0 93.48009824752808
942.0 94.14558410644531
943.0 94.64185237884521
944.0 95.17258405685425
945.0 95.43678164482117
946.0 95.85455060005188
947.0 96.15179300308228
948.0 96.49949669837952
949.0 96.64291739463806
950.0 96.86495661735535
951.0 96.89882397651672
952.0 96.9336748123169
953.0 96.97781205177307
954.0 96.95705771446228
955.0 96.94870114326477
956.0 97.05697298049927
957.0 97.24368453025818
958.0 97.32017517089844
959.0 97.4352777004242
960.0 97.6529598236084
961.0 97.81038165092468
962.0 97.94408679008484
963.0 98.0954647064209
964.0 98.20109605789185
965.0 98.3810544013977
966.0 98.45061898231506
967.0 98.62686395645142
968.0 98.6592173576355
969.0 98.66686463356018
970.0 98.73694181442261
971.0 98.77336025238037
972.0 98.7978994846344
973.0 98.87096285820007
974.0 98.83973002433777
975.0 98.8507628440857
976.0 98.90938401222229
977.0 98.84765148162842
978.0 98.94523024559021
979.0 98.9011287689209
980.0 98.90626668930054
981.0 98.86849522590637
982.0 98.83090853691101
983.0 98.91533851623535
984.0 98.80536198616028
985.0 98.8484263420105
986.0 98.7582802772522
987.0 98.77808690071106
988.0 98.67202043533325
989.0 98.65207076072693
990.0 98.56269955635071
991.0 98.58916401863098
992.0 98.56301546096802
993.0 98.48824739456177
994.0 98.46576452255249
995.0 98.45055937767029
996.0 98.37626814842224
997.0 98.52665066719055
998.0 98.53555560112
999.0 98.56722950935364
1000.0 98.58480095863342
1001.0 98.54264259338379
1002.0 98.72323870658875
1003.0 98.69226217269897
1004.0 98.80821704864502
1005.0 98.82088899612427
1006.0 98.94585013389587
1007.0 98.96509051322937
1008.0 98.96227717399597
1009.0 98.94979596138
1010.0 99.01960492134094
1011.0 99.02454614639282
1012.0 98.94506931304932
1013.0 98.94412159919739
1014.0 98.92571568489075
1015.0 98.87645244598389
1016.0 98.85338544845581
1017.0 98.85669946670532
1018.0 98.95260334014893
1019.0 98.77428412437439
1020.0 98.81027936935425
1021.0 98.94700050354004
1022.0 98.8018810749054
1023.0 98.8368034362793
1024.0 98.79081845283508
1025.0 98.82890582084656
1026.0 98.78272414207458
1027.0 98.92845153808594
1028.0 98.83489608764648
1029.0 98.9267885684967
1030.0 98.93677830696106
1031.0 98.92007112503052
1032.0 98.98919463157654
1033.0 98.84294271469116
1034.0 98.9610493183136
1035.0 98.98670315742493
1036.0 98.97370338439941
1037.0 99.00193810462952
1038.0 98.94285202026367
1039.0 98.92629384994507
1040.0 98.84365200996399
1041.0 98.89634251594543
1042.0 98.85665774345398
1043.0 98.78910183906555
1044.0 98.88405203819275
1045.0 98.5469400882721
1046.0 98.77448678016663
1047.0 98.68226051330566
1048.0 98.70012402534485
1049.0 98.6085832118988
1050.0 98.55122566223145
1051.0 98.5894501209259
1052.0 98.54108691215515
1053.0 98.33081364631653
1054.0 98.6054539680481
1055.0 98.67419600486755
1056.0 98.59866499900818
1057.0 98.61144423484802
1058.0 98.44911098480225
1059.0 98.41675758361816
1060.0 98.55338335037231
1061.0 98.55979084968567
1062.0 98.61593246459961
1063.0 98.64249229431152
1064.0 98.67919683456421
1065.0 98.62701892852783
1066.0 98.6477255821228
1067.0 98.91328811645508
1068.0 98.7145721912384
1069.0 98.54182600975037
1070.0 99.00600910186768
1071.0 98.77308011054993
1072.0 98.9372730255127
1073.0 99.04773831367493
1074.0 98.52967262268066
1075.0 98.54443669319153
1076.0 98.43701720237732
1077.0 98.76241683959961
1078.0 98.83822202682495
1079.0 98.5414445400238
1080.0 99.28037524223328
1081.0 98.34727644920349
1082.0 98.39652180671692
1083.0 98.44276905059814
1084.0 98.67285490036011
1085.0 98.81793856620789
1086.0 98.6092746257782
1087.0 98.52057099342346
1088.0 98.33670854568481
1089.0 98.16704392433167
1090.0 98.4541118144989
1091.0 98.34953546524048
1092.0 98.5705316066742
1093.0 98.29244017601013
1094.0 98.204505443573
1095.0 98.05530309677124
1096.0 98.17585945129395
1097.0 98.26838374137878
1098.0 97.59283661842346
1099.0 98.35138320922852
1100.0 97.8569507598877
