lsstCam/transmission_filter_detector/r10_s12/z_20/19700101T000000.ecsv
# %ECSV 1.0
# ---
# datatype:
# - {name: wavelength, unit: nm, datatype: float32}
# - {name: efficiency, unit: '%', datatype: float64}
# meta: !!omap
# - {MODE: DETECTOR}
# - {TYPE: transmission_filter_detector}
# - {CALIBDATE: '1970-01-01T00:00:00'}
# - {INSTRUME: LSSTCam}
# - {OBSTYPE: transmission_filter_detector}
# - {CALIBCLS: lsst.ip.isr.IntermediateFilterDetectorTransmissionCurve}
# - {SOURCE: Materion (DM-46256)}
# - {DETECTOR: 32}
# - {FILTER: z_20}
# - {CALIB_ID: 'calibDate=1970-01-01T00:00:00 filter=z_20 detector=32'}
# - {DATE: '2025-04-02T15:59:48.783169'}
# - {CALIB_CREATION_DATE: '2025-04-02'}
# - {CALIB_CREATION_TIME: '15:59:48'}
# - __serialized_columns__:
#     efficiency:
#       __class__: astropy.units.quantity.Quantity
#       unit: !astropy.units.Unit {unit: '%'}
#       value: !astropy.table.SerializedColumn {name: efficiency}
#     wavelength:
#       __class__: astropy.units.quantity.Quantity
#       unit: !astropy.units.Unit {unit: nm}
#       value: !astropy.table.SerializedColumn {name: wavelength}
# schema: astropy-2.0
wavelength efficiency
[from data line 597]
897.0 99.41485524177551
898.0 98.63551259040833
899.0 98.8832950592041
900.0 98.76859188079834
901.0 99.27449822425842
902.0 99.12472367286682
903.0 98.69571328163147
904.0 97.7656602859497
905.0 98.79586100578308
906.0 98.20978045463562
907.0 98.3880877494812
908.0 98.09086918830872
909.0 98.37415814399719
910.0 98.01262617111206
911.0 97.18298316001892
912.0 96.23210430145264
913.0 95.14968395233154
914.0 92.8492546081543
915.0 90.23334980010986
916.0 88.40019702911377
917.0 87.07161545753479
918.0 83.32462310791016
919.0 82.3273241519928
920.0 79.14267182350159
921.0 75.58764219284058
922.0 71.41796350479126
923.0 65.70361256599426
924.0 59.898847341537476
925.0 54.35958504676819
926.0 48.598286509513855
927.0 41.33647084236145
928.0 35.40869951248169
929.0 29.05198037624359
930.0 23.343564569950104
931.0 18.323302268981934
932.0 12.837478518486023
933.0 8.367593586444855
934.0 5.458342656493187
935.0 3.3286888152360916
936.0 1.9095167517662048
937.0 1.1473219841718674
938.0 0.6989909801632166
939.0 0.27118430007249117
940.0 0.2900048391893506
941.0 0.2527448581531644
942.0 0.1328963553532958
943.0 0.08795603644102812
944.0 0.025230139726772904
945.0 0.1762330299243331
946.0 1.633693289156135e-10
947.0 1.633693289156135e-10
948.0 1.633693289156135e-10
949.0 0.0351517548551783
950.0 1.633693289156135e-10
951.0 0.12781929690390825
952.0 1.633693289156135e-10
953.0 0.02283239591633901
954.0 1.633693289156135e-10
955.0 1.633693289156135e-10
956.0 1.633693289156135e-10
957.0 1.633693289156135e-10
958.0 0.05464815767481923
959.0 1.633693289156135e-10
960.0 1.633693289156135e-10
961.0 0.025202654069289565
962.0 1.633693289156135e-10
963.0 1.633693289156135e-10
964.0 0.024975519045256078
965.0 1.633693289156135e-10
966.0 0.07254408556036651
967.0 0.03225663385819644
968.0 0.04144942795392126
969.0 1.633693289156135e-10
970.0 0.0011919435564777814
971.0 1.633693289156135e-10
972.0 1.633693289156135e-10
973.0 1.633693289156135e-10
974.0 1.633693289156135e-10
975.0 0.06147547974251211
976.0 0.006323366687865928
977.0 0.006293859041761607
978.0 0.006264352850848809
979.0 0.0060954567743465304
980.0 0.005926559242652729
981.0 0.005820480510010384
982.0 0.00571440214116592
983.0 0.0055943295592442155
984.0 0.005474257341120392
985.0 0.00518861816090066
986.0 0.0049029778892872855
987.0 0.00493720690428745
988.0 0.004971435555489734
989.0 0.004912436634185724
990.0 0.004853438076679595
991.0 0.004903538138023578
992.0 0.004953638563165441
993.0 0.004871525015914813
994.0 0.004789410741068423
995.0 0.004740175427286886
996.0 0.0046909401135053486
997.0 0.004494051972869784
998.0 0.004297164196032099
999.0 0.004265181269147433
1000.0 0.004233198342262767
1001.0 0.004386362707009539
1002.0 0.004539527071756311
1003.0 0.004482422082219273
1004.0 0.004425317092682235
1005.0 0.004283149974071421
1006.0 0.0041409828554606065
1007.0 0.004225855445838533
1008.0 0.0043107276724185795
1009.0 0.004391756738186814
1010.0 0.004472786167752929
1011.0 0.004538910070550628
1012.0 0.004605033973348327
1013.0 0.004409368921187706
1014.0 0.004213703869027086
1015.0 0.0044152591726742685
1016.0 0.00461681374872569
1017.0 0.004875185913988389
1018.0 0.00513355880684685
1019.0 0.00489013000333216
1020.0 0.004646701563615352
1021.0 0.0046903147449484095
1022.0 0.004733927926281467
1023.0 0.0046187644329620525
1024.0 0.004503600575844757
1025.0 0.004683165025198832
1026.0 0.004862729474552907
1027.0 0.004801111936103553
1028.0 0.004739494033856317
1029.0 0.004704878301708959
1030.0 0.004670262933359481
1031.0 0.004797371730091982
1032.0 0.004924480163026601
1033.0 0.005041423355578445
1034.0 0.00515836727572605
1035.0 0.005341013093129732
1036.0 0.005523658910533413
1037.0 0.00557665916858241
1038.0 0.005629659062833525
1039.0 0.005543506995309144
1040.0 0.005457354563986883
1041.0 0.005825823245686479
1042.0 0.006194291927386075
1043.0 0.005640235758619383
1044.0 0.005086179589852691
1045.0 0.005752678043791093
1046.0 0.006419175770133734
1047.0 0.006154395669000223
1048.0 0.00588961411267519
1049.0 0.006037328421371058
1050.0 0.006185042730066925
1051.0 0.00644648534944281
1052.0 0.006707930151605979
1053.0 0.006760522228432819
1054.0 0.00681311430525966
1055.0 0.007480858766939491
1056.0 0.008148604683810845
1057.0 0.00786467790021561
1058.0 0.007580751844216138
1059.0 0.007653801003471017
1060.0 0.007726848707534373
1061.0 0.008379983773920685
1062.0 0.009033118840306997
1063.0 0.008989389607449993
1064.0 0.008945661102188751
1065.0 0.008941060514189303
1066.0 0.0089364628365729
1067.0 0.009204010711982846
1068.0 0.009471560042584315
1069.0 0.010334406397305429
1070.0 0.01119725129683502
1071.0 0.010948033013846725
1072.0 0.01069881473085843
1073.0 0.010641870903782547
1074.0 0.010584926349110901
1075.0 0.011308136890875176
1076.0 0.012031351070618257
1077.0 0.011985143646597862
1078.0 0.011938936222577468
1079.0 0.01315859699388966
1080.0 0.014378261403180659
1081.0 0.014374882448464632
1082.0 0.014371506404131651
1083.0 0.014245494094211608
1084.0 0.014119483239483088
1085.0 0.014815332542639226
1086.0 0.015511186211369932
1087.0 0.015365186845883727
1088.0 0.015219188935589045
1089.0 0.016520530334673822
1090.0 0.017821870278567076
1091.0 0.017788434342946857
1092.0 0.01775499404175207
1093.0 0.01770573726389557
1094.0 0.01765647903084755
1095.0 0.018924061441794038
1096.0 0.020191643852740526
1097.0 0.02030516479862854
1098.0 0.02041868574451655
1099.0 0.022519996855407953
1100.0 0.02462130505591631
1101.0 0.02467099402565509
1102.0 0.024720682995393872
1103.0 0.025952575379051268
1104.0 0.02718446485232562
1105.0 0.027008895995095372
1106.0 0.026833330048248172
1107.0 0.02821394009515643
1108.0 0.029594553052447736
1109.0 0.03131285775452852
1110.0 0.03303115954622626
1111.0 0.03253294853493571
1112.0 0.03203473752364516
1113.0 0.03340596740599722
1114.0 0.03477720310911536
1115.0 0.03366484306752682
1116.0 0.032552488846704364
1117.0 0.033728740527294576
1118.0 0.03490499802865088
1119.0 0.03856421972159296
1120.0 0.042223438504152
1121.0 0.04282784357201308
1122.0 0.043432251550257206
1123.0 0.04368256777524948
1124.0 0.043932884000241756
1125.0 0.044968267320655286
1126.0 0.04600365646183491
1127.0 0.04945617401972413
1128.0 0.052908691577613354
1129.0 0.056772067910060287
1130.0 0.06063545006327331
1131.0 0.061201793141663074
1132.0 0.06176813622005284
1133.0 0.06322604604065418
1134.0 0.06468395586125553
1135.0 0.06312269833870232
1136.0 0.061561434995383024
1137.0 0.06749997264705598
1138.0 0.07343852194026113
1139.0 0.07708955672569573
1140.0 0.08074055658653378
1141.0 0.09117596200667322
1142.0 0.10161135578528047
1143.0 0.12211289722472429
1144.0 0.14261440373957157
1145.0 0.2890559611842036
1146.0 0.4354975186288357
1147.0 0.9237616322934628
1148.0 1.4120258390903473
1149.0 1.6078835353255272
1150.0 1.8037421628832817
