lsstCam/transmission_filter_detector/r10_s12/z_20/19700101T000000.ecsv
# %ECSV 1.0
# ---
# datatype:
# - {name: wavelength, unit: nm, datatype: float32}
# - {name: efficiency, unit: '%', datatype: float64}
# meta: !!omap
# - {MODE: DETECTOR}
# - {TYPE: transmission_filter_detector}
# - {CALIBDATE: '1970-01-01T00:00:00'}
# - {INSTRUME: LSSTCam}
# - {OBSTYPE: transmission_filter_detector}
# - {CALIBCLS: lsst.ip.isr.IntermediateFilterDetectorTransmissionCurve}
# - {SOURCE: Materion (DM-46256)}
# - {DETECTOR: 32}
# - {FILTER: z_20}
# - {CALIB_ID: 'calibDate=1970-01-01T00:00:00 filter=z_20 detector=32'}
# - {DATE: '2025-04-02T15:59:48.783169'}
# - {CALIB_CREATION_DATE: '2025-04-02'}
# - {CALIB_CREATION_TIME: '15:59:48'}
# - __serialized_columns__:
#     efficiency:
#       __class__: astropy.units.quantity.Quantity
#       unit: !astropy.units.Unit {unit: '%'}
#       value: !astropy.table.SerializedColumn {name: efficiency}
#     wavelength:
#       __class__: astropy.units.quantity.Quantity
#       unit: !astropy.units.Unit {unit: nm}
#       value: !astropy.table.SerializedColumn {name: wavelength}
# schema: astropy-2.0
wavelength efficiency
300.0 0.872411672025919
301.0 0.5892985966056585
302.0 0.30618563760071993
303.0 0.2975302515551448
304.0 0.2888748422265053
305.0 0.2434496534988284
306.0 0.19802444148808718
307.0 0.1833683461882174
308.0 0.16871222760528326
309.0 0.14774809824302793
310.0 0.1267839688807726
311.0 0.12629362754523754
312.0 0.12580330949276686
313.0 0.11125535238534212
314.0 0.09670743020251393
315.0 0.09634292218834162
316.0 0.0959784141741693
317.0 0.08068560273386538
318.0 0.06539280293509364
319.0 0.06527050863951445
320.0 0.06514820852316916
321.0 0.06435199175029993
322.0 0.0635557749774307
323.0 0.05508151953108609
324.0 0.04660726699512452
325.0 0.04345711204223335
326.0 0.04030695708934218
327.0 0.03928322112187743
328.0 0.03825948806479573
329.0 0.034125358797609806
330.0 0.029991232440806925
331.0 0.026994050131179392
332.0 0.02399686345597729
333.0 0.023229904763866216
334.0 0.022462943161372095
335.0 0.021321971144061536
336.0 0.02018099621636793
337.0 0.024303561076521873
338.0 0.028426121571101248
339.0 0.024514886899851263
340.0 0.020603656594175845
341.0 0.017258169827982783
342.0 0.013912684516981244
343.0 0.013804346963297576
344.0 0.01369601086480543
345.0 0.012785691069439054
346.0 0.011875373456859961
347.0 0.011282321065664291
348.0 0.010689270857255906
349.0 0.013356933777686208
350.0 0.016024598153308034
351.0 0.013272282376419753
352.0 0.010519961506361142
353.0 0.011031024769181386
354.0 0.011542087304405868
355.0 0.00982721394393593
356.0 0.008112341311061755
357.0 0.009139305620919913
358.0 0.010166273568756878
359.0 0.010011834820033982
360.0 0.009857396071311086
361.0 0.008827169222058728
362.0 0.0077969445555936545
363.0 0.009116042929235846
364.0 0.010435141302878037
365.0 0.010144950647372752
366.0 0.009854762902250513
367.0 0.008679361781105399
368.0 0.007503959932364523
369.0 0.007966299017425627
370.0 0.008428638830082491
371.0 0.008306492964038625
372.0 0.008184348553186283
373.0 0.0071598420618101954
374.0 0.006135337753221393
375.0 0.006448138447012752
376.0 0.006760939868399873
377.0 0.007102129893610254
378.0 0.007443319191224873
379.0 0.006238101195776835
380.0 0.005032883200328797
381.0 0.0032067662687040865
382.0 0.0013806496099277865
383.0 0.0035797202144749463
384.0 0.005778790728072636
385.0 0.005538614277611487
386.0 0.005298437827150337
387.0 0.005924979268456809
388.0 0.006551521073561162
389.0 0.005785720713902265
390.0 0.005019921081839129
391.0 0.004637163146981038
392.0 0.004254405212122947
393.0 0.004754286419483833
394.0 0.0052541679906426
395.0 0.004315437763580121
396.0 0.0033767071727197617
397.0 0.0035626122553367168
398.0 0.003748517337953672
399.0 0.003974204446421936
400.0 0.00419989119109232
401.0 0.0046735338401049376
402.0 0.005147176489117555
403.0 0.005192563548916951
404.0 0.005237950608716346
405.0 0.004171905675320886
406.0 0.0031058614695211872
407.0 0.001664390401856508
408.0 0.00022291985715128249
409.0 0.001952301499841269
410.0 0.0036816833016928285
411.0 0.004183068813290447
412.0 0.004684454688685946
413.0 0.004461799107957631
414.0 0.0042391435272293165
415.0 0.0034781289286911488
416.0 0.0027171150577487424
417.0 0.003750194809981622
418.0 0.004783275289810263
419.0 0.004352194810053334
420.0 0.003921114330296405
421.0 0.003814557203440927
422.0 0.0037080008041812107
423.0 0.003522929910104722
424.0 0.0033378597436239943
425.0 0.0025193707188009284
426.0 0.0017008820577757433
427.0 0.0018537444702815264
428.0 0.00200660706468625
429.0 0.0012907769814773928
430.0 0.0005749473075411515
431.0 0.0006199142717377981
432.0 0.0006648810995102394
433.0 0.0006417324584617745
434.0 0.0006185839083627798
435.0 0.0011103699762315955
436.0 0.0016021560441004112
437.0 0.0018226706743007526
438.0 0.002043185304501094
439.0 0.0020951822079950944
440.0 0.0021471794752869755
441.0 0.0015751435057609342
442.0 0.001003107536234893
443.0 0.002194967419200111
444.0 0.0033868273021653295
445.0 0.0033461554266978055
446.0 0.003305483187432401
447.0 0.002625972410896793
448.0 0.0019464616343611851
449.0 0.0026700570742832497
450.0 0.0033936532418010756
451.0 0.002612432581372559
452.0 0.0018312113752472214
453.0 0.0016841961041791365
454.0 0.0015371810150099918
455.0 0.002266600313305389
456.0 0.002996019975398667
457.0 0.002223271076218225
458.0 0.0014505224498861935
459.0 0.0015991006875992753
460.0 0.0017476788343628868
461.0 0.0008707253073225729
462.0 1.633693289156135e-10
463.0 0.0009868809684121516
464.0 0.001979990520339925
465.0 0.0022167727365740575
466.0 0.00245355495280819
467.0 0.0021784688215120696
468.0 0.0019033823264180683
469.0 0.001699969834589865
470.0 0.0014965571608627215
471.0 0.0013730689715885092
472.0 0.0012495809642132372
473.0 0.0012355384569673333
474.0 0.0012214960406708997
475.0 0.001103492559195729
476.0 0.000985488986771088
477.0 0.0013431151273834985
478.0 0.0017007409041980281
479.0 0.002025814501394052
480.0 0.0023508879166911356
481.0 0.00183581214514561
482.0 0.0013207362826506142
483.0 0.0008934573997976258
484.0 0.00046617833504569717
485.0 0.0012860594324592967
486.0 0.002105940438923426
487.0 0.0015032763258204795
488.0 0.0009006121217680629
489.0 0.0017170747014461085
490.0 0.0025335375539725646
491.0 0.0023359125407296233
492.0 0.002138287527486682
493.0 0.001989556403714232
494.0 0.0018408258256386034
495.0 0.0016176376448129304
496.0 0.0013944494639872573
497.0 0.0012537602742668241
498.0 0.0011130712664453313
499.0 0.0012138546480855439
500.0 0.0013146381206752267
501.0 0.0008721238373254891
502.0 0.00042960937207681127
503.0 0.0012423481166479178
504.0 0.002055086770269554
505.0 0.0021928084606770426
506.0 0.0023305303329834715
507.0 0.0022686017473461106
508.0 0.0022066729798098095
509.0 0.0018730119336396456
510.0 0.001539351069368422
511.0 0.001228127166541526
512.0 0.0009169032637146302
513.0 0.001293134209845448
514.0 0.0016693655197741464
515.0 0.0012613128092198167
516.0 0.0008532606443623081
517.0 0.0008471241017105058
518.0 0.0008409875590587035
519.0 0.0010126521374331787
520.0 0.0011843166248581838
521.0 0.0016001273252186365
522.0 0.002015937934629619
523.0 0.0013635746654472314
524.0 0.0007112116236385191
525.0 0.0007931554137030616
526.0 0.0008750991582928691
527.0 0.0012062836503901053
528.0 0.001537468415335752
529.0 0.0013315015166881494
530.0 0.0011255340723437257
531.0 0.0011602284757827874
532.0 0.001194922788272379
533.0 0.0008537811481801327
534.0 0.0005126395535626216
535.0 0.0011079195246566087
536.0 0.0017031994502758607
537.0 0.0017106134691857733
538.0 0.0017180273061967455
539.0 0.0011775105122069363
540.0 0.0006369934908434516
541.0 0.0007506501333409688
542.0 0.0008643069122626912
543.0 0.001253683785762405
544.0 0.001643060750211589
545.0 0.0011222959983570036
546.0 0.0006015314738760935
547.0 0.0012630256605916657
548.0 0.0019245193470851518
549.0 0.0016685693481122144
550.0 0.0014126190762908664
551.0 0.001478618105466012
552.0 0.001544616861792747
553.0 0.0013355998817132786
554.0 0.0011265825378359295
555.0 0.0010723596460593399
556.0 0.00101813666333328
557.0 0.0013816493265039753
558.0 0.0017451618987252004
559.0 0.0017571990611031651
560.0 0.0017692358596832491
561.0 0.0015944833648973145
562.0 0.0014197308701113798
563.0 0.0011747015378205106
564.0 0.0009296722055296414
565.0 0.001701012661214918
566.0 0.002472353298799135
567.0 0.0027948048227699474
568.0 0.003117255982942879
569.0 0.0029633478334289975
570.0 0.0028094398658140562
571.0 0.0026739966415334493
572.0 0.0025385528715560213
573.0 0.002038101592916064
574.0 0.0015376506780739874
575.0 0.00196669134311378
576.0 0.0023957318262546323
577.0 0.0020240531739545986
578.0 0.001652375067351386
579.0 0.0017803886294132099
580.0 0.001908401827677153
581.0 0.00171791671164101
582.0 0.0015274314137059264
583.0 0.0019438901290413924
584.0 0.0023603488443768583
585.0 0.00253190901275957
586.0 0.0027034691811422817
587.0 0.0020808996850973926
588.0 0.0014583297343051527
589.0 0.002067942659778055
590.0 0.0026775554943014868
591.0 0.0018406770323053934
592.0 0.0010037983884103596
593.0 0.0007968815225467551
594.0 0.0005899643838347401
595.0 0.0010330019904358778
596.0 0.0014760395060875453
597.0 0.0013571007912105415
598.0 0.0012381619853840675
599.0 0.0008837641871650703
600.0 0.0005293664344208082
601.0 0.00048353426791436505
602.0 0.0004377019195089815
603.0 0.000892145271791378
604.0 0.0013465880329022184
605.0 0.0008414584044658113
606.0 0.0003363284804436262
607.0 0.0007736023690085858
608.0 0.001210876325785648
609.0 0.001170042287412798
610.0 0.0011292079761915375
611.0 0.0009838431651587598
612.0 0.0008384781722270418
613.0 0.0008286104275612161
614.0 0.0008187426828953903
615.0 0.0012587651326612104
616.0 0.0016987876733765006
617.0 0.0021825500880368054
618.0 0.00266631232079817
619.0 0.0022122803784441203
620.0 0.00175824807229219
621.0 0.0014586215911549516
622.0 0.0011589946552703623
623.0 0.0015277744751074351
624.0 0.0018965543858939782
625.0 0.0016890040569705889
626.0 0.00148145400089561
627.0 0.001913567575684283
628.0 0.002345681241422426
629.0 0.0020623365344363265
630.0 0.0017789914636523463
631.0 0.0015958648873493075
632.0 0.001412737947248388
633.0 0.0017764312360668555
634.0 0.0021401248886832036
635.0 0.00512124206579756
636.0 0.008102358697215095
637.0 0.01544863625895232
638.0 0.022794914548285306
639.0 0.01984820410143584
640.0 0.016901493654586375
641.0 0.014658506552223116
642.0 0.012415523815434426
643.0 0.009950935782399029
644.0 0.007486349932150915
645.0 0.0067561850300990045
646.0 0.0060260204918449745
647.0 0.005516019882634282
648.0 0.005006018909625709
649.0 0.00408667947340291
650.0 0.0031673407647758722
651.0 0.0036013658245792612
652.0 0.00403539088438265
653.0 0.0033148142392747104
654.0 0.002594236866571009
655.0 0.0028048067179042846
656.0 0.003015377114934381
657.0 0.0029524693673010916
658.0 0.0028895614377688617
659.0 0.0027419788239058107
660.0 0.0025943962100427598
661.0 0.0027679277991410345
662.0 0.002941459206340369
663.0 0.0020264078557374887
664.0 0.0011113567779830191
665.0 0.0016108066120068543
666.0 0.0021102569007780403
667.0 0.002388305074418895
668.0 0.0026663536118576303
669.0 0.0019518984117894433
670.0 0.001237443575519137
671.0 0.000919037756830221
672.0 0.0006006318926665699
673.0 0.001272165809496073
674.0 0.0019436998627497815
675.0 0.0020622017473215237
676.0 0.002180703631893266
677.0 0.0019321480067446828
678.0 0.0016835921996971592
679.0 0.0013794023288937751
680.0 0.0010752125490398612
681.0 0.001186775443784427
682.0 0.0012983382475795224
683.0 0.0023840440917410888
684.0 0.003469749935902655
685.0 0.0028625652703340165
686.0 0.0022553809685632586
687.0 0.0016936761312535964
688.0 0.0011319711120449938
689.0 0.0014457942597800866
690.0 0.0017596174075151794
691.0 0.002100928577419836
692.0 0.0024422397473244928
693.0 0.002823699287546333
694.0 0.0032051590096671134
695.0 0.0033197524317074567
696.0 0.0034343458537478
697.0 0.003696368366945535
698.0 0.003958391243941151
699.0 0.005832417809870094
700.0 0.007706444012001157
701.0 0.007277818076545373
702.0 0.00684919286868535
703.0 0.006294201739365235
704.0 0.005739210246247239
705.0 0.005144986425875686
706.0 0.004550763333099894
707.0 0.004309901487431489
708.0 0.004069038914167322
709.0 0.004249453195370734
710.0 0.004429867476574145
711.0 0.003981464033131488
712.0 0.00353306058968883
713.0 0.0024663706426508725
714.0 0.0013996806956129149
715.0 0.0021652291252394207
716.0 0.0029307775548659265
717.0 0.0025401657694601454
718.0 0.002149553438357543
719.0 0.00169890026882058
720.0 0.0012482469173846766
721.0 0.0011948819519602694
722.0 0.0011415168046369217
723.0 0.0009341406439489219
724.0 0.0007267644832609221
725.0 0.001174618137156358
726.0 0.0016224719729507342
727.0 0.0016982728993752971
728.0 0.0017740736439009197
729.0 0.0018315422494197264
730.0 0.0018890106730395928
731.0 0.0014117746104602702
732.0 0.0009345386388304178
733.0 0.000982441270025447
734.0 0.001030343810271006
735.0 0.0010933585144812241
736.0 0.0011563727639440913
737.0 0.0013262063475849573
738.0 0.0014960397493268829
739.0 0.0011592434930207673
740.0 0.0008224472367146518
741.0 0.0009728609256853815
742.0 0.0011232744327571709
743.0 0.0015707888451288454
744.0 0.00201830316655105
745.0 0.0013037138160143513
746.0 0.0005891244654776528
747.0 0.0011188049938937183
748.0 0.0016484857042087242
749.0 0.002339116508665029
750.0 0.003029747495020274
751.0 0.002997353658429347
752.0 0.00296495982183842
753.0 0.002964344821521081
754.0 0.002963729821203742
755.0 0.001930819416884333
756.0 0.0008979088306659833
757.0 0.0019025215806323104
758.0 0.002907134148699697
759.0 0.0027606844014371745
760.0 0.0026142344722757116
761.0 0.004359530430519953
762.0 0.0061048260249663144
763.0 0.005679260357283056
764.0 0.005253694689599797
765.0 0.0052428338676691055
766.0 0.0052319748647278175
767.0 0.004580411041388288
768.0 0.003928846490452997
769.0 0.0034257049264851958
770.0 0.0029225635444163345
771.0 0.0038390866393456236
772.0 0.004755608824780211
773.0 0.003984932118328288
774.0 0.003214255048078485
775.0 0.08663504268042743
776.0 1.633693289156135e-10
777.0 1.633693289156135e-10
778.0 0.07159836823120713
779.0 1.633693289156135e-10
780.0 1.633693289156135e-10
781.0 0.04081833176314831
782.0 0.013587757712230086
783.0 1.633693289156135e-10
784.0 0.08698786841705441
785.0 0.11576579418033361
786.0 1.633693289156135e-10
787.0 0.018361218099016696
788.0 0.08916142396628857
789.0 0.04438574833329767
790.0 0.01264104648726061
791.0 1.633693289156135e-10
792.0 0.10995389893651009
793.0 1.633693289156135e-10
794.0 1.633693289156135e-10
795.0 0.11593019589781761
796.0 0.17271165270358324
797.0 0.08394859614782035
798.0 0.18951590172946453
799.0 0.149964087177068
800.0 0.3727872157469392
801.0 0.4046536982059479
802.0 0.9148809127509594
803.0 1.4218339696526527
804.0 2.244841679930687
805.0 3.44969779253006
806.0 4.938454553484917
807.0 6.928057968616486
808.0 9.168815612792969
809.0 12.091019749641418
810.0 15.346138179302216
811.0 18.41677725315094
812.0 21.46977186203003
813.0 24.688781797885895
814.0 28.237810730934143
815.0 32.900986075401306
816.0 38.16075623035431
817.0 44.0920352935791
818.0 50.29194355010986
819.0 56.551092863082886
820.0 64.45090174674988
821.0 72.06408977508545
822.0 78.05322408676147
823.0 83.01126956939697
824.0 87.65485286712646
825.0 91.92950129508972
826.0 94.57412958145142
827.0 96.6820240020752
828.0 98.50079417228699
829.0 99.0084707736969
830.0 98.78391027450562
831.0 98.92716407775879
832.0 98.5880196094513
833.0 99.7759222984314
834.0 98.23113083839417
835.0 99.01618957519531
836.0 99.07556772232056
837.0 98.97673726081848
838.0 98.02994132041931
839.0 98.42429757118225
840.0 98.77347946166992
841.0 99.02138710021973
842.0 99.40670728683472
843.0 99.55859184265137
844.0 98.45445156097412
845.0 98.57810139656067
846.0 98.75466823577881
847.0 98.7419605255127
848.0 99.71548914909363
849.0 98.9763081073761
850.0 98.12591671943665
851.0 99.32452440261841
852.0 99.53565001487732
853.0 98.82939457893372
854.0 99.66325163841248
855.0 98.37732911109924
856.0 98.98870587348938
857.0 97.81304597854614
858.0 98.69792461395264
859.0 99.47729706764221
860.0 98.48688840866089
861.0 98.86966943740845
862.0 98.61070513725281
863.0 98.11816215515137
864.0 99.3462324142456
865.0 99.94724988937378
866.0 98.86500835418701
867.0 99.10399317741394
868.0 99.59729313850403
869.0 99.06761646270752
870.0 98.35537075996399
871.0 98.9501416683197
872.0 99.4186282157898
873.0 99.24541711807251
874.0 99.94831085205078
875.0 98.58973026275635
876.0 99.16793704032898
877.0 99.70124363899231
878.0 99.15894865989685
879.0 98.7908661365509
880.0 98.62481355667114
881.0 99.99022483825684
882.0 98.52805137634277
883.0 98.83900284767151
884.0 99.08527731895447
885.0 98.96544814109802
886.0 98.82267117500305
887.0 98.60774874687195
888.0 99.13813471794128
889.0 99.53623414039612
890.0 98.1793999671936
891.0 99.40017461776733
892.0 98.70709776878357
893.0 98.38378429412842
894.0 98.30271601676941
895.0 99.54488277435303
