comCam/transmission_filter/i_06/19700101T000000.ecsv
# %ECSV 1.0
# ---
# datatype:
# - {name: wavelength, unit: nm, datatype: float64}
# - {name: efficiency, unit: '%', datatype: float64}
# meta: !!omap
# - {MODE: DETECTOR}
# - {TYPE: transmission_filter}
# - {CALIBDATE: '1970-01-01T00:00:00'}
# - {INSTRUME: ComCam}
# - {OBSTYPE: transmission_filter}
# - {CALIBCLS: lsst.ip.isr.IntermediateFilterTransmissionCurve}
# - {SOURCE: 'https://github.com/lsst/throughputs'}
# - {FILTER: i_06}
# - {VERSION: 1.9}
# - {CALIB_ID: 'calibDate=1970-01-01T00:00:00 filter=i_06'}
# - {DATE: '2024-08-19T19:49:53.597375'}
# - {CALIB_CREATION_DATE: '2024-08-19'}
# - {CALIB_CREATION_TIME: '19:49:53'}
# - __serialized_columns__:
#     efficiency:
#       __class__: astropy.units.quantity.Quantity
#       unit: !astropy.units.Unit {unit: '%'}
#       value: !astropy.table.SerializedColumn {name: efficiency}
#     wavelength:
#       __class__: astropy.units.quantity.Quantity
#       unit: !astropy.units.Unit {unit: nm}
#       value: !astropy.table.SerializedColumn {name: wavelength}
# schema: astropy-2.0
wavelength efficiency
661.4000000000822 0.09785615169276562
664.0000000000828 0.12059040915754991
666.0000000000832 0.1581513562741816
668.0000000000837 0.23920392636836416
669.0000000000839 0.3499098757617061
670.0000000000841 0.5080612320438639
670.7000000000843 0.7156348871489161
671.8000000000845 1.2126255242470227
673.0000000000848 2.1014361465298457
674.1000000000851 3.2297472289350004
676.0000000000855 5.469071589144392
678.300000000086 8.536911367003489
678.8000000000861 9.238213787465556
679.4000000000863 10.280628914526867
680.0000000000864 11.423470152787528
681.0000000000866 13.453738188948638
682.0000000000869 15.926830022646174
682.400000000087 16.99593319103486
683.0000000000871 18.599587943639325
683.7000000000872 20.642804622056726
685.0000000000875 24.491714410718597
685.9000000000877 27.38469809529701
686.0000000000878 27.70614072695231
687.6000000000881 33.50614402897963
689.0000000000884 38.54445086139462
689.9000000000887 42.091291559553945
691.0000000000889 46.55580550252959
691.1000000000889 47.01365367893274
692.3000000000892 52.5306648978388
692.8000000000893 54.85796094995711
693.6000000000895 58.8580041284703
693.9000000000896 60.39256650728265
695.0000000000898 65.63676663662291
695.2000000000899 66.67661180410155
695.4000000000899 67.71645697158021
695.5000000000899 68.23637955531953
695.80000000009 69.79614730653749
695.90000000009 70.31606989027682
697.1000000000903 76.13673171322691
697.3000000000903 77.2016834085135
698.0000000000905 80.92901434192379
698.2000000000905 81.78896234164472
698.3000000000906 82.21893634150518
698.4000000000906 82.64891034136565
698.8000000000907 84.36880634080752
699.3000000000908 86.29775866425265
700.000000000091 88.79210208638334
700.300000000091 89.70157122953647
701.0000000000912 91.82366589681277
701.7000000000913 93.32373151103862
702.0000000000914 93.9666167742078
702.8000000000916 95.06418718672516
703.0000000000916 95.33857978979312
703.5000000000917 95.68947811151833
704.0000000000919 96.04037643321628
704.9000000000921 96.40511299861517
706.6000000000925 96.61624505921137
707.4000000000926 96.71508965687843
708.0000000000928 96.78269936167683
708.6000000000929 96.80345672718732
708.900000000093 96.81383540994258
710.1000000000932 96.67812177735838
710.3000000000933 96.71805499481668
710.6000000000934 96.77795482100416
710.9000000000934 96.8378546471916
713.1000000000939 96.88945152717477
713.200000000094 96.90922044670857
713.500000000094 96.96852720531002
713.9000000000941 97.04760288344528
714.6000000000943 97.07804701951042
714.9000000000943 97.08338462778455
716.1000000000946 96.79307804445646
716.3000000000947 96.85139635708121
716.7000000000947 96.96803298233073
716.9000000000948 97.02635129495548
717.3000000000949 97.0546208498609
717.900000000095 97.05284164710287
719.1000000000953 96.94262992071702
719.3000000000953 96.97386481358046
720.2000000000955 97.03712535605176
720.7000000000957 96.92197139976729
722.100000000096 96.45502952038602
722.300000000096 96.4243876951086
723.2000000000962 96.25664841284983
724.0000000000964 96.01467683777538
726.0000000000969 95.79820716889238
726.600000000097 95.81362692612875
726.800000000097 95.81876684520753
729.1000000000976 95.65162063055122
729.4000000000976 95.66555771882255
730.3000000000978 95.67445373260205
730.900000000098 95.63649740709712
732.5000000000983 95.74384264017638
734.1000000000987 95.9418283692955
734.3000000000987 95.92660630125445
734.7000000000988 95.89616216517238
734.8000000000989 95.88855113115187
734.9000000000989 95.88094009713134
735.0000000000989 95.87332906316118
737.0000000000994 96.7639188881382
737.2000000000994 96.80760820030794
737.4000000000995 96.85129751247767
737.8000000000995 96.93867613681712
739.1000000000998 97.43151530077958
739.2000000000999 97.43784135503041
739.5000000000999 97.45681951778286
740.3000000001001 97.44841772696131
740.7000000001002 97.39504164422002
740.9000000001002 97.36835360284937
742.0000000001005 97.6703238487247
742.2000000001005 97.63651899632188
742.4000000001006 97.60271414391906
743.7000000001009 97.32417006767915
744.000000000101 97.24825741669875
745.4000000001013 97.2781084851887
745.8000000001014 97.26941016059382
747.1000000001017 97.54172702716008
747.2000000001017 97.52778993888874
747.6000000001018 97.4720415858034
748.0000000001019 97.41629323273385
749.2000000001021 97.43507370629086
749.7000000001022 97.44248705111605
751.4000000001026 97.36232408240909
751.9000000001028 97.38258722493126
752.5000000001029 97.45978485572167
752.900000000103 97.51830085754175
753.7000000001032 97.46235481523561
755.4000000001035 97.48568214029264
756.1000000001037 97.4655178423702
758.3000000001042 97.40334459043996
758.8000000001043 97.4147117191719
761.2000000001049 97.22077861854399
761.5000000001049 97.22404049026707
762.5000000001052 97.21810981440339
763.3000000001053 97.2269069836054
764.0000000001055 97.27395701208359
764.9000000001057 97.2294769431325
766.000000000106 97.34314823043975
766.6000000001061 97.24469901116134
766.9000000001062 97.19547440152215
768.2000000001065 97.27632928241518
768.6000000001065 97.20990571278156
769.7000000001068 97.04453870088385
770.0000000001069 97.00213436849204
773.0000000001075 96.83805233634841
773.4000000001076 96.76411657729194
773.7000000001077 96.7086647579996
774.0000000001078 96.65321293874581
774.6000000001079 96.75699976629834
774.800000000108 96.79159537548252
776.2000000001083 96.7732102803051
776.5000000001083 96.79456071340162
777.1000000001085 96.8362731336169
779.1000000001089 96.97257983378198
779.300000000109 96.94707792758336
779.500000000109 96.92157602138474
780.0000000001091 96.85782125592303
780.6000000001093 96.97287636760983
780.7000000001093 96.99205221955762
780.8000000001093 97.01122807150544
781.6000000001095 96.9635849753923
781.8000000001095 96.93492004206826
783.4000000001099 96.92978012299398
784.3000000001101 96.8870792568189
784.5000000001102 96.89933598692986
785.0000000001103 96.92997781221719
785.4000000001104 96.99047070599066
786.0000000001105 97.08121004661429
786.5000000001106 96.99126146273541
786.7000000001107 96.95528202918388
786.9000000001107 96.91930259563233
787.0000000001107 96.90131287889115
789.2000000001112 97.19942818543787
789.5000000001113 97.17659508337631
790.0000000001114 97.1385399132941
790.9000000001116 97.23461686222844
791.2000000001117 97.19488133392541
791.4000000001117 97.14447058911418
791.5000000001118 97.11926521670857
792.3000000001119 96.97129485401798
793.7000000001123 96.86958376301662
795.5000000001127 96.65469560768496
795.8000000001127 96.63542091113948
797.200000000113 96.728532522136
797.7000000001132 96.66230664169773
799.2000000001135 96.40748526889969
799.6000000001136 96.32920034754578
799.8000000001136 96.29005788686882
801.200000000114 96.31714130663887
801.400000000114 96.2934186031983
801.9000000001141 96.23411184459685
802.5000000001143 96.10363697566015
803.0000000001144 95.98502345843035
804.0000000001146 95.51254628154739
804.5000000001147 95.16807285867066
806.000000000115 94.13465258997762
806.6000000001152 93.39331810745958
807.0000000001153 92.89909511909016
808.0000000001155 91.4549755471126
809.3000000001158 89.21594772071403
810.000000000116 88.01617199414366
810.5000000001161 86.88687246577452
811.3000000001163 85.01356965072453
812.0000000001164 83.27756198183486
812.4000000001165 82.19027140747508
813.1000000001167 80.24787621863389
814.0000000001169 77.44474227331253
814.600000000117 75.45203518430404
815.9000000001173 70.99928374849006
817.0000000001176 66.66178511347438
818.0000000001178 62.326461059746244
818.5000000001179 60.31744461212234
818.7000000001179 59.51383803307277
818.800000000118 59.112034743548
819.000000000118 58.308428164416206
819.7000000001182 55.00800704824588
819.9000000001182 54.06502958648293
822.1000000001187 44.27951326185062
822.2000000001187 43.81504249740365
822.6000000001188 41.95715943961576
824.0000000001191 35.54056353740018
824.1000000001192 35.134806463968644
824.2000000001192 34.72904939053711
824.3000000001192 34.323292317105555
824.8000000001193 32.29450694994785
825.9000000001196 27.791147080139595
827.0000000001198 23.352036198887504
827.5000000001199 21.576293001762618
827.80000000012 20.510847083487683
829.8000000001205 13.60338890918597
830.0000000001205 12.907127563297816
831.9000000001209 7.736962037616804
832.400000000121 6.567037379664967
833.0000000001212 5.221960094644004
834.0000000001214 3.473399161936198
835.0000000001216 2.2032460819377953
835.7000000001218 1.5971310090310424
836.0000000001219 1.3373674063937024
836.800000000122 0.8874267978040844
837.7000000001223 0.5341562057614917
839.0000000001226 0.2639150757613424
840.6000000001229 0.10161224639564305
