lsstCam/transmission_filter_detector/r43_s00/z_20/19700101T000000.ecsv
# %ECSV 1.0
# ---
# datatype:
# - {name: wavelength, unit: nm, datatype: float32}
# - {name: efficiency, unit: '%', datatype: float64}
# meta: !!omap
# - {MODE: DETECTOR}
# - {TYPE: transmission_filter_detector}
# - {CALIBDATE: '1970-01-01T00:00:00'}
# - {INSTRUME: LSSTCam}
# - {OBSTYPE: transmission_filter_detector}
# - {CALIBCLS: lsst.ip.isr.IntermediateFilterDetectorTransmissionCurve}
# - {SOURCE: Materion (DM-46256)}
# - {DETECTOR: 180}
# - {FILTER: z_20}
# - {CALIB_ID: 'calibDate=1970-01-01T00:00:00 filter=z_20 detector=180'}
# - {DATE: '2025-04-02T15:59:49.475883'}
# - {CALIB_CREATION_DATE: '2025-04-02'}
# - {CALIB_CREATION_TIME: '15:59:49'}
# - __serialized_columns__:
#     efficiency:
#       __class__: astropy.units.quantity.Quantity
#       unit: !astropy.units.Unit {unit: '%'}
#       value: !astropy.table.SerializedColumn {name: efficiency}
#     wavelength:
#       __class__: astropy.units.quantity.Quantity
#       unit: !astropy.units.Unit {unit: nm}
#       value: !astropy.table.SerializedColumn {name: wavelength}
# schema: astropy-2.0
wavelength efficiency
[from data line 598]
898.0 98.8705039024353
899.0 98.5036849975586
900.0 98.88988137245178
901.0 98.92444610595703
902.0 99.38591718673706
903.0 98.70189428329468
904.0 97.61172533035278
905.0 98.49737882614136
906.0 98.05128574371338
907.0 98.65381717681885
908.0 98.06663393974304
909.0 98.31260442733765
910.0 98.03652167320251
911.0 96.99258804321289
912.0 96.18983268737793
913.0 94.55685019493103
914.0 92.52510666847229
915.0 90.07953405380249
916.0 87.83180713653564
917.0 86.34111881256104
918.0 82.8393280506134
919.0 81.83581233024597
920.0 78.74390482902527
921.0 74.71871972084045
922.0 70.56883573532104
923.0 64.747554063797
924.0 58.894652128219604
925.0 53.73404622077942
926.0 47.48663604259491
927.0 40.45444130897522
928.0 34.68513488769531
929.0 28.136080503463745
930.0 22.717542946338654
931.0 17.535778880119324
932.0 12.262099236249924
933.0 8.107886463403702
934.0 5.097654089331627
935.0 3.213895857334137
936.0 1.8977642059326172
937.0 1.0766003280878067
938.0 0.6848571356385946
939.0 0.5132966674864292
940.0 0.2891500247642398
941.0 0.17269940581172705
942.0 0.07315510883927345
943.0 0.07318222196772695
944.0 0.14910685131326318
945.0 0.13028682442381978
946.0 1.6200365701712904e-10
947.0 0.0823558890260756
948.0 1.6200365701712904e-10
949.0 0.016241044795606285
950.0 1.6200365701712904e-10
951.0 0.09502297616563737
952.0 0.17976018134504557
953.0 0.006676858174614608
954.0 1.6200365701712904e-10
955.0 1.6200365701712904e-10
956.0 1.6200365701712904e-10
957.0 1.6200365701712904e-10
958.0 1.6200365701712904e-10
959.0 1.6200365701712904e-10
960.0 0.040033383993431926
961.0 0.09628576226532459
962.0 1.6200365701712904e-10
963.0 1.6200365701712904e-10
964.0 1.6200365701712904e-10
965.0 1.6200365701712904e-10
966.0 1.6200365701712904e-10
967.0 0.04949213471263647
968.0 1.6200365701712904e-10
969.0 1.6200365701712904e-10
970.0 0.0005566322215599939
971.0 1.6200365701712904e-10
972.0 0.016104774840641767
973.0 1.6200365701712904e-10
974.0 0.0029169201297918335
975.0 1.6200365701712904e-10
976.0 0.006169678090373054
977.0 0.005997353946440853
978.0 0.005825030166306533
979.0 0.005731499186367728
980.0 0.005637968206428923
981.0 0.005588874773820862
982.0 0.005539780977414921
983.0 0.0053533734899247065
984.0 0.005166965638636611
985.0 0.005106514799990691
986.0 0.00504606323374901
987.0 0.004996928691980429
988.0 0.004947794514009729
989.0 0.004815299325855449
990.0 0.004682804501499049
991.0 0.004572921170620248
992.0 0.004463037839741446
993.0 0.004585309579852037
994.0 0.004707581319962628
995.0 0.00457458954770118
996.0 0.004441598503035493
997.0 0.00440272742707748
998.0 0.004363855987321585
999.0 0.00440534386143554
1000.0 0.004446831735549495
1001.0 0.004284947499400005
1002.0 0.004123063627048396
1003.0 0.004151194298174232
1004.0 0.004179324969300069
1005.0 0.004028874900541268
1006.0 0.0038784251955803484
1007.0 0.003924078555428423
1008.0 0.003969731551478617
1009.0 0.004089028152520768
1010.0 0.00420832475356292
1011.0 0.004098036515642889
1012.0 0.003987748277722858
1013.0 0.0040730352338869125
1014.0 0.004158321826253086
1015.0 0.004052294389111921
1016.0 0.003946267315768637
1017.0 0.004038800761918537
1018.0 0.004131334571866319
1019.0 0.004089606954948977
1020.0 0.004047879338031635
1021.0 0.00403922276746016
1022.0 0.004030565469292924
1023.0 0.004149486630922183
1024.0 0.004268407792551443
1025.0 0.0042966486944351345
1026.0 0.004324889596318826
1027.0 0.004439127224031836
1028.0 0.0045533648517448455
1029.0 0.004521314986050129
1030.0 0.004489265120355412
1031.0 0.004502263982431032
1032.0 0.004515262844506651
1033.0 0.004660611375584267
1034.0 0.004805959906661883
1035.0 0.004853491191170178
1036.0 0.004901022475678474
1037.0 0.0049804650188889354
1038.0 0.005059907562099397
1039.0 0.0051107588660670444
1040.0 0.005161609806236811
1041.0 0.00512654660269618
1042.0 0.00509148339915555
1043.0 0.005261354090180248
1044.0 0.005431225508800708
1045.0 0.005527660687221214
1046.0 0.005624096229439601
1047.0 0.005621859236271121
1048.0 0.00561962224310264
1049.0 0.005754479207098484
1050.0 0.005889336171094328
1051.0 0.006085865243221633
1052.0 0.0062823950429446995
1053.0 0.006485501944553107
1054.0 0.006688607390969992
1055.0 0.006762670818716288
1056.0 0.006836733518866822
1057.0 0.007112205639714375
1058.0 0.007387679943349212
1059.0 0.007995024498086423
1060.0 0.008602369052823633
1061.0 0.00846741022542119
1062.0 0.008332452125614509
1063.0 0.008537324902135879
1064.0 0.008742196951061487
1065.0 0.008681538747623563
1066.0 0.008620879816589877
1067.0 0.009028350177686661
1068.0 0.009435819811187685
1069.0 0.009917138959281147
1070.0 0.010398456652183086
1071.0 0.01020384079311043
1072.0 0.010009223478846252
1073.0 0.010057821054942906
1074.0 0.010106417903443798
1075.0 0.010579609079286456
1076.0 0.011052801710320637
1077.0 0.011727420496754348
1078.0 0.012402040010783821
1079.0 0.012535655696410686
1080.0 0.012669274292420596
1081.0 0.012761195830535144
1082.0 0.012853115913458169
1083.0 0.013137373025529087
1084.0 0.013421630137600005
1085.0 0.014203244063537568
1086.0 0.014984856534283608
1087.0 0.014908892626408488
1088.0 0.01483293017372489
1089.0 0.015001095016486943
1090.0 0.015169261314440519
1091.0 0.015493777755182236
1092.0 0.015818294195923954
1093.0 0.015121957403607666
1094.0 0.014425619156099856
1095.0 0.016427454829681665
1096.0 0.018429290503263474
1097.0 0.019386321946512908
1098.0 0.020343353389762342
1099.0 0.02083539729937911
1100.0 0.021327438298612833
1101.0 0.022155621263664216
1102.0 0.02298380568390712
1103.0 0.023022906680125743
1104.0 0.02306201058672741
1105.0 0.023995828814804554
1106.0 0.024929645587690175
1107.0 0.025400277809239924
1108.0 0.025870907120406628
1109.0 0.027724745450541377
1110.0 0.029578583780676126
1111.0 0.029054173501208425
1112.0 0.028529763221740723
1113.0 0.02844568225555122
1114.0 0.02836159837897867
1115.0 0.029114802600815892
1116.0 0.029868006822653115
1117.0 0.031258907984010875
1118.0 0.03264980623498559
1119.0 0.033934300881810486
1120.0 0.03521878970786929
1121.0 0.037506932858377695
1122.0 0.03979507309850305
1123.0 0.04074703610967845
1124.0 0.04169899912085384
1125.0 0.0423710240283981
1126.0 0.04304304893594235
1127.0 0.043827202171087265
1128.0 0.044611358316615224
1129.0 0.0475351931527257
1130.0 0.05045902798883617
1131.0 0.0535655184648931
1132.0 0.056672008940950036
1133.0 0.057860714150592685
1134.0 0.059049425181001425
1135.0 0.0648927059955895
1136.0 0.07073599263094366
1137.0 0.07336839335039258
1138.0 0.0760007998906076
1139.0 0.08792686276137829
1140.0 0.0998529139906168
1141.0 0.12874453095719218
1142.0 0.15763615956529975
1143.0 0.3131747245788574
1144.0 0.4687132779508829
1145.0 0.8653060533106327
1146.0 1.2618986889719963
1147.0 1.4796053059399128
1148.0 1.6973115503787994
1149.0 1.8805816769599915
1150.0 2.0638512447476387
