lsstCam/transmission_filter_detector/r43_s00/z_20/19700101T000000.ecsv
# %ECSV 1.0
# ---
# datatype:
# - {name: wavelength, unit: nm, datatype: float32}
# - {name: efficiency, unit: '%', datatype: float64}
# meta: !!omap
# - {MODE: DETECTOR}
# - {TYPE: transmission_filter_detector}
# - {CALIBDATE: '1970-01-01T00:00:00'}
# - {INSTRUME: LSSTCam}
# - {OBSTYPE: transmission_filter_detector}
# - {CALIBCLS: lsst.ip.isr.IntermediateFilterDetectorTransmissionCurve}
# - {SOURCE: Materion (DM-46256)}
# - {DETECTOR: 180}
# - {FILTER: z_20}
# - {CALIB_ID: 'calibDate=1970-01-01T00:00:00 filter=z_20 detector=180'}
# - {DATE: '2025-04-02T15:59:49.475883'}
# - {CALIB_CREATION_DATE: '2025-04-02'}
# - {CALIB_CREATION_TIME: '15:59:49'}
# - __serialized_columns__:
#     efficiency:
#       __class__: astropy.units.quantity.Quantity
#       unit: !astropy.units.Unit {unit: '%'}
#       value: !astropy.table.SerializedColumn {name: efficiency}
#     wavelength:
#       __class__: astropy.units.quantity.Quantity
#       unit: !astropy.units.Unit {unit: nm}
#       value: !astropy.table.SerializedColumn {name: wavelength}
# schema: astropy-2.0
wavelength efficiency
300.0 0.40169735439121723
301.0 0.3433746984228492
302.0 0.2850519958883524
303.0 0.23945770226418972
304.0 0.19386339699849486
305.0 0.1876377733424306
306.0 0.18141213804483414
307.0 0.16756030963733792
308.0 0.1537084812298417
309.0 0.13449490070343018
310.0 0.11528133181855083
311.0 0.115980114787817
312.0 0.11667892104014754
313.0 0.10230153566226363
314.0 0.08792415028437972
315.0 0.08163946913555264
316.0 0.07535477634519339
317.0 0.07143016555346549
318.0 0.0675055489409715
319.0 0.06519737071357667
320.0 0.06288919830694795
321.0 0.059179693926125765
322.0 0.05547018372453749
323.0 0.051218707812950015
324.0 0.046967234811745584
325.0 0.046953445416875184
326.0 0.04693965893238783
327.0 0.04131016321480274
328.0 0.035680667497217655
329.0 0.0354557327227667
330.0 0.035230795037932694
331.0 0.03461970773059875
332.0 0.03400862333364785
333.0 0.031256102374754846
334.0 0.02850358432624489
335.0 0.026650200015865266
336.0 0.024796818615868688
337.0 0.021825947624165565
338.0 0.01885507517727092
339.0 0.018797355005517602
340.0 0.018739634833764285
341.0 0.017659386503510177
342.0 0.01657913817325607
343.0 0.01681035791989416
344.0 0.017041577666532248
345.0 0.015495352272409946
346.0 0.013949126878287643
347.0 0.013086806575302035
348.0 0.012224486272316426
349.0 0.012391728523653
350.0 0.012558970774989575
351.0 0.012229276762809604
352.0 0.011899582750629634
353.0 0.011792920849984512
354.0 0.011686259676935151
355.0 0.01133194746216759
356.0 0.010977638157783076
357.0 0.010693098738556728
358.0 0.010408560774521902
359.0 0.009644321107771248
360.0 0.008880082896212116
361.0 0.008925945439841598
362.0 0.00897180798347108
363.0 0.008949352923082188
364.0 0.00892689567990601
365.0 0.009059013245860115
366.0 0.009191130084218457
367.0 0.00878869032021612
368.0 0.008386248373426497
369.0 0.008244709897553548
370.0 0.008103172149276361
371.0 0.008281505870399997
372.0 0.008459841046715155
373.0 0.008214388799387962
374.0 0.007968935096869245
375.0 0.006723419937770814
376.0 0.0054779044148745015
377.0 0.005337474067346193
378.0 0.005197042992222123
379.0 0.005378200512495823
380.0 0.005559357668971643
381.0 0.004898884435533546
382.0 0.004238410838297568
383.0 0.004367558358353563
384.0 0.004496705150813796
385.0 0.0046996752644190565
386.0 0.004902645014226437
387.0 0.004880176129518077
388.0 0.004857706881011836
389.0 0.004769851511809975
390.0 0.004681996142608114
391.0 0.0045203210902400315
392.0 0.004358646037871949
393.0 0.004039242776343599
394.0 0.003719839151017368
395.0 0.003467793794698082
396.0 0.0032157488021766767
397.0 0.0034187563869636506
398.0 0.0036217639717506245
399.0 0.004046181493322365
400.0 0.004470598651096225
401.0 0.00463675351056736
402.0 0.004802908006240614
403.0 0.004689432171289809
404.0 0.004575956336339004
405.0 0.0044675518438452855
406.0 0.004359147351351567
407.0 0.004764863842865452
408.0 0.0051705806981772184
409.0 0.004717172487289645
410.0 0.004263764640199952
411.0 0.004182206612313166
412.0 0.0041006482206285
413.0 0.004367430665297434
414.0 0.0046342131099663675
415.0 0.004319032814237289
416.0 0.004003852518508211
417.0 0.0032778865715954453
418.0 0.00255192080658162
419.0 0.0030692397558595985
420.0 0.0035865588870365173
421.0 0.0032111205655382946
422.0 0.0028356826078379527
423.0 0.002835451959981583
424.0 0.0028352213121252134
425.0 0.00301265772577608
426.0 0.003190093775629066
427.0 0.0027180622055311687
428.0 0.002246030817332212
429.0 0.002010704338317737
430.0 0.0017753780412022024
431.0 0.0018803460989147425
432.0 0.001985314338526223
433.0 0.001939176036103163
434.0 0.0018930379155790433
435.0 0.0024364639102714136
436.0 0.002979889904963784
437.0 0.002683175443962682
438.0 0.00238646098296158
439.0 0.0022798165446147323
440.0 0.0021731717424700037
441.0 0.002240036519651767
442.0 0.00230690129683353
443.0 0.0019757642803597264
444.0 0.0016446270819869824
445.0 0.0018531105524743907
446.0 0.0020615942048607394
447.0 0.002271421362820547
448.0 0.0024812485207803547
449.0 0.002081018283206504
450.0 0.001680788045632653
451.0 0.0014895588719809894
452.0 0.0012983296073798556
453.0 0.001843521386035718
454.0 0.0023887130737421103
455.0 0.0021804919015266933
456.0 0.0019722709112102166
457.0 0.001551285822642967
458.0 0.0011303008250251878
459.0 0.0014143073713057674
460.0 0.0016983141904347576
461.0 0.0015474950487259775
462.0 0.0013966759070171975
463.0 0.001219202113134088
464.0 0.0010417284102004487
465.0 0.0013550013136409689
466.0 0.0016682741261320189
467.0 0.0015088511645444669
468.0 0.0013494279301085044
469.0 0.0011217759492865298
470.0 0.000894123877515085
471.0 0.001103592057916103
472.0 0.001313060329266591
473.0 0.0015475898180739023
474.0 0.0017821193978306837
475.0 0.0017159949493361637
476.0 0.0016498705008416437
477.0 0.001612787127669435
478.0 0.0015757037544972263
479.0 0.0017374561139149591
480.0 0.001899208473332692
481.0 0.001390752731822431
482.0 0.0008822968993627001
483.0 0.0009332100489700679
484.0 0.0009841231076279655
485.0 0.001241823429154465
486.0 0.0014995236597314943
487.0 0.0012972492186236195
488.0 0.0010949749594146851
489.0 0.00113818659883691
490.0 0.0011813982382591348
491.0 0.0012689528375631198
492.0 0.001356507527816575
493.0 0.0016203410268644802
494.0 0.001884174344013445
495.0 0.0016539559510420077
496.0 0.0014237376490200404
497.0 0.0011991147403023206
498.0 0.0009744920134835411
499.0 0.0012498591786425095
500.0 0.0015252261619025376
501.0 0.0013935452443547547
502.0 0.0012618641449080314
503.0 0.0010291605576639995
504.0 0.0007964571523189079
505.0 0.001266321760340361
506.0 0.0017361862774123438
507.0 0.0016065094314399175
508.0 0.0014768325854674913
509.0 0.0012818095456168521
510.0 0.001086786505766213
511.0 0.00116028113552602
512.0 0.0012337755833868869
513.0 0.0013897324606659822
514.0 0.0015456889741471969
515.0 0.0013650700566358864
516.0 0.0011844512300740462
517.0 0.0010499973541300278
518.0 0.0009155435691354796
519.0 0.0014509019820252433
520.0 0.001986260394915007
521.0 0.001965611591003835
522.0 0.0019449629689916037
523.0 0.0019077126125921495
524.0 0.0018704618923948146
525.0 0.0012012575098196976
526.0 0.00053205285439617
527.0 0.0008346697541128378
528.0 0.0011372866538295057
529.0 0.001161164436780382
530.0 0.001185042128781788
531.0 0.0013181046597310342
532.0 0.0014511672816297505
533.0 0.0012665761460084468
534.0 0.001081984919437673
535.0 0.0015102524230314884
536.0 0.0019385202904231846
537.0 0.0018186507077189162
538.0 0.0016987813069135882
539.0 0.001327543577644974
540.0 0.0009563057574268896
541.0 0.0010511960681469645
542.0 0.0011460863788670395
543.0 0.0009098544978769496
544.0 0.0006736226623615948
545.0 0.0012307959877944086
546.0 0.0017879692677524872
547.0 0.001902866642922163
548.0 0.0020177638361928985
549.0 0.0020842626327066682
550.0 0.0021507616111193784
551.0 0.001745371446304489
552.0 0.0013399812814895995
553.0 0.001563679143146146
554.0 0.001787377186701633
555.0 0.001808392335078679
556.0 0.0018294071196578443
557.0 0.0015854198863962665
558.0 0.0013414325621852186
559.0 0.0014498849850497209
560.0 0.0015583371350658126
561.0 0.0014115767044131644
562.0 0.001264816182811046
563.0 0.0014294412721937988
564.0 0.001594066634424962
565.0 0.001768049696693197
566.0 0.0019420327589614317
567.0 0.00221398859139299
568.0 0.0024859444238245487
569.0 0.0026697814973886125
570.0 0.002853618389053736
571.0 0.0027509569918038324
572.0 0.002648295776452869
573.0 0.002439167110424023
574.0 0.0022300382624962367
575.0 0.002051482442766428
576.0 0.001872926441137679
577.0 0.00190155697055161
578.0 0.00193018695426872
579.0 0.001848363535827957
580.0 0.0017665401173871942
581.0 0.0017284639397985302
582.0 0.0016903877622098662
583.0 0.001613072345207911
584.0 0.0015357567463070154
585.0 0.0018037713743979111
586.0 0.002071785638690926
587.0 0.0019570510630728677
588.0 0.001842316305555869
589.0 0.0018318520233151503
590.0 0.0018213881048723124
591.0 0.0017433711036574095
592.0 0.0016653544662403874
593.0 0.0015747906218166463
594.0 0.0014842268683423754
595.0 0.001182275536848465
596.0 0.0008803242053545546
597.0 0.0007675810593354981
598.0 0.0006548380952153821
599.0 0.0008583963790442795
600.0 0.0010619545719237067
601.0 0.0008852081919030752
602.0 0.0007084618573571788
603.0 0.0009592748028808273
604.0 0.0012100875210308004
605.0 0.0011268916750850622
606.0 0.0010436957381898537
607.0 0.0009759080057847314
608.0 0.0009081200914806686
609.0 0.0008813157364784274
610.0 0.0008545115633751266
611.0 0.0009415187378181145
612.0 0.0010285260032105725
613.0 0.000997538518276997
614.0 0.0009665511242928915
615.0 0.0010625952199916355
616.0 0.0011586393156903796
617.0 0.0014222268873709254
618.0 0.0016858146409504116
619.0 0.001582051845616661
620.0 0.0014782890502829105
621.0 0.0014402631677512545
622.0 0.0014022372852195986
623.0 0.001332126612396678
624.0 0.0012620161214726977
625.0 0.0014050339814275503
626.0 0.001548051841382403
627.0 0.0019504463125485927
628.0 0.0023528404199169017
629.0 0.0022067011741455644
630.0 0.0020605617464752868
631.0 0.0021242594812065363
632.0 0.002187957215937786
633.0 0.002619172119011637
634.0 0.003050387203984428
635.0 0.005853855691384524
636.0 0.008657325088279322
637.0 0.01577682123752311
638.0 0.022896321024745703
639.0 0.02015328500419855
640.0 0.017410250438842922
641.0 0.01502263912698254
642.0 0.012635027815122157
643.0 0.009150202822638676
644.0 0.005665379649144597
645.0 0.005856232382939197
646.0 0.006047085480531678
647.0 0.005732653880841099
648.0 0.00541822228115052
649.0 0.004289480420993641
650.0 0.003160738924634643
651.0 0.00327653469867073
652.0 0.0033923301089089364
653.0 0.00276706359727541
654.0 0.002141796903742943
655.0 0.0020537296222755685
656.0 0.0019656621589092538
657.0 0.002196999776060693
658.0 0.002428337211313192
659.0 0.0023098615201888606
660.0 0.0021913860109634697
661.0 0.0023685613996349275
662.0 0.0025457369702053256
663.0 0.00217774049815489
664.0 0.0018097442080033943
665.0 0.0016410576790804043
666.0 0.001472371513955295
667.0 0.0013483854672813322
668.0 0.0012243995115568396
669.0 0.0013897052667743992
670.0 0.0015550109310424887
671.0 0.0012477872587624006
672.0 0.0009405634955328424
673.0 0.001265486116608372
674.0 0.0015904086467344314
675.0 0.0014064190509088803
676.0 0.0012224295460327994
677.0 0.0014277367881732062
678.0 0.0016330437574652024
679.0 0.00196760956896469
680.0 0.002302175562363118
681.0 0.002142268931493163
682.0 0.0019823623006232083
683.0 0.0024252694856841117
684.0 0.0028681768526439555
685.0 0.002662130464159418
686.0 0.00245608389377594
687.0 0.0024549603040213697
688.0 0.002453836532367859
689.0 0.0023963712010299787
690.0 0.002338906233489979
691.0 0.0024517416022717953
692.0 0.002564577334851492
693.0 0.00302969929180108
694.0 0.0034948214306496084
695.0 0.0036291115975473076
696.0 0.003763401764445007
697.0 0.003686709897010587
698.0 0.0036100180295761675
699.0 0.005176822378416546
700.0 0.006743626727256924
701.0 0.006787185702705756
702.0 0.006830747588537633
703.0 0.0062181876273825765
704.0 0.005605629849014804
705.0 0.004601350156008266
706.0 0.00359707155439537
707.0 0.0034017830330412835
708.0 0.0032064948754850775
709.0 0.0038747359212720767
710.0 0.004542976967059076
711.0 0.004071282455697656
712.0 0.003599588671931997
713.0 0.002749380473687779
714.0 0.001899172639241442
715.0 0.0021732337700086646
716.0 0.0024472950826748274
717.0 0.0021579557142104022
718.0 0.0018686161638470367
719.0 0.0017839603970060125
720.0 0.0016993048120639287
721.0 0.0018574697605799884
722.0 0.0020156350728939287
723.0 0.0021793885025545023
724.0 0.0023431421141140163
725.0 0.002084473271679599
726.0 0.0018258044292451814
727.0 0.0019608643924584612
728.0 0.002095924355671741
729.0 0.0018882125004893169
730.0 0.0016805004634079523
731.0 0.001398778385919286
732.0 0.0011170561265316792
733.0 0.001450855688744923
734.0 0.001784655250958167
735.0 0.0014685991118312813
736.0 0.0011525428817549255
737.0 0.001170037648989819
738.0 0.0011875323252752423
739.0 0.001502994928159751
740.0 0.0018184575310442597
741.0 0.0015810543118277565
742.0 0.001343651001661783
743.0 0.0015066375453898218
744.0 0.0016696239981683902
745.0 0.0019154922483721748
746.0 0.0021613606804748997
747.0 0.002113635855494067
748.0 0.0020659110305132344
749.0 0.002880590363929514
750.0 0.0036952696973457932
751.0 0.003503949483274482
752.0 0.003312629633001052
753.0 0.003162944267387502
754.0 0.0030132592655718327
755.0 0.002848739859473426
756.0 0.002684220453375019
757.0 0.002596137892396655
758.0 0.002508055513317231
759.0 0.0028460817702580243
760.0 0.0031841078452998772
761.0 0.004638619429897517
762.0 0.006093131378293037
763.0 0.005835736010340042
764.0 0.005578342461376451
765.0 0.004980920493835583
766.0 0.004383498890092596
767.0 0.0042315568862250075
768.0 0.004079614518559538
769.0 0.0047460336645599455
770.0 0.005412452810560353
771.0 0.004451000495464541
772.0 0.0034895485441666096
773.0 0.0036764271499123424
774.0 0.003863306119455956
775.0 1.6200365701712904e-10
776.0 1.6200365701712904e-10
777.0 1.6200365701712904e-10
778.0 1.6200365701712904e-10
779.0 1.6200365701712904e-10
780.0 0.01599341630935669
781.0 0.1081517431885004
782.0 1.6200365701712904e-10
783.0 1.6200365701712904e-10
784.0 0.11544555891305208
785.0 1.6200365701712904e-10
786.0 0.009590221452526748
787.0 1.6200365701712904e-10
788.0 0.029174404335208237
789.0 0.010801313328556716
790.0 1.6200365701712904e-10
791.0 0.1078569795936346
792.0 0.15911392401903868
793.0 0.11225903872400522
794.0 0.10862470371648669
795.0 0.06479841540567577
796.0 0.061267404817044735
797.0 1.6200365701712904e-10
798.0 0.013104648678563535
799.0 0.31365412287414074
800.0 0.34889369271695614
801.0 0.5067309364676476
802.0 0.8073833771049976
803.0 1.341029442846775
804.0 2.257956936955452
805.0 3.302953764796257
806.0 4.9332499504089355
807.0 6.92644789814949
808.0 9.246109426021576
809.0 12.026641517877579
810.0 15.239763259887695
811.0 18.31105649471283
812.0 21.471823751926422
813.0 24.50346350669861
814.0 27.88873016834259
815.0 32.36861228942871
816.0 37.565815448760986
817.0 43.682628870010376
818.0 49.491068720817566
819.0 55.74076771736145
820.0 63.54535222053528
821.0 71.0159420967102
822.0 76.92643404006958
823.0 82.25619792938232
824.0 87.42983937263489
825.0 91.53669476509094
826.0 94.16237473487854
827.0 96.53827548027039
828.0 98.0700135231018
829.0 98.92051219940186
830.0 98.63163232803345
831.0 99.15587306022644
832.0 98.58808517456055
833.0 99.76633787155151
834.0 98.38370084762573
835.0 99.15882349014282
836.0 98.8809585571289
837.0 99.23684000968933
838.0 97.9851484298706
839.0 98.44398498535156
840.0 98.85449409484863
841.0 99.6539056301117
842.0 99.36885237693787
843.0 99.5265781879425
844.0 98.32320213317871
845.0 98.37402701377869
846.0 98.75888228416443
847.0 98.40592741966248
848.0 99.47843551635742
849.0 98.75298142433167
850.0 98.3751893043518
851.0 99.17747378349304
852.0 99.25646781921387
853.0 99.00056719779968
854.0 99.54437017440796
855.0 98.2657790184021
856.0 98.8038957118988
857.0 98.16760420799255
858.0 98.45370054244995
859.0 99.28920865058899
860.0 98.4876036643982
861.0 98.79394769668579
862.0 98.73310327529907
863.0 98.42333197593689
864.0 99.29265975952148
865.0 100.16146898269653
866.0 98.5979974269867
867.0 99.53704476356506
868.0 99.44255352020264
869.0 99.01074171066284
870.0 98.32927584648132
871.0 99.09676909446716
872.0 99.0721046924591
873.0 98.78569841384888
874.0 99.54717755317688
875.0 98.72233867645264
876.0 98.7237811088562
877.0 99.50525164604187
878.0 99.36423301696777
879.0 98.79106283187866
880.0 98.4268844127655
881.0 99.84068870544434
882.0 98.77161979675293
883.0 98.76759052276611
884.0 98.89548420906067
885.0 98.92491698265076
886.0 98.7260103225708
887.0 98.58238101005554
888.0 99.10709857940674
889.0 99.30177330970764
890.0 98.30021262168884
891.0 99.48103427886963
892.0 98.61436486244202
893.0 98.77724051475525
894.0 98.46212267875671
895.0 99.7574508190155
896.0 99.13355112075806
