lsstCam/transmission_filter_detector/r23_s02/i_39/19700101T000000.ecsv
# %ECSV 1.0
# ---
# datatype:
# - {name: wavelength, unit: nm, datatype: float32}
# - {name: efficiency, unit: '%', datatype: float64}
# meta: !!omap
# - {MODE: DETECTOR}
# - {TYPE: transmission_filter_detector}
# - {CALIBDATE: '1970-01-01T00:00:00'}
# - {INSTRUME: LSSTCam}
# - {OBSTYPE: transmission_filter_detector}
# - {CALIBCLS: lsst.ip.isr.IntermediateFilterDetectorTransmissionCurve}
# - {SOURCE: Materion (DM-46256)}
# - {DETECTOR: 101}
# - {FILTER: i_39}
# - {CALIB_ID: 'calibDate=1970-01-01T00:00:00 filter=i_39 detector=101'}
# - {DATE: '2025-04-02T15:59:46.948381'}
# - {CALIB_CREATION_DATE: '2025-04-02'}
# - {CALIB_CREATION_TIME: '15:59:46'}
# - __serialized_columns__:
#     efficiency:
#       __class__: astropy.units.quantity.Quantity
#       unit: !astropy.units.Unit {unit: '%'}
#       value: !astropy.table.SerializedColumn {name: efficiency}
#     wavelength:
#       __class__: astropy.units.quantity.Quantity
#       unit: !astropy.units.Unit {unit: nm}
#       value: !astropy.table.SerializedColumn {name: wavelength}
# schema: astropy-2.0
wavelength efficiency
300.0 0.08580666035413742
301.0 0.03549477842170745
302.0 1.6080531003992427e-10
303.0 0.013620518438983709
304.0 0.042058114195242524
305.0 0.032095995265990496
306.0 0.022133874881546944
307.0 0.008853692270349711
308.0 1.6080531003992427e-10
309.0 1.6080531003992427e-10
310.0 1.6080531003992427e-10
311.0 1.6080531003992427e-10
312.0 1.6080531003992427e-10
313.0 1.6080531003992427e-10
314.0 1.6080531003992427e-10
315.0 1.6080531003992427e-10
316.0 1.6080531003992427e-10
317.0 1.6080531003992427e-10
318.0 1.6080531003992427e-10
319.0 1.6080531003992427e-10
320.0 1.6080531003992427e-10
321.0 1.6080531003992427e-10
322.0 0.00013444416708807694
323.0 1.6080531003992427e-10
324.0 1.6080531003992427e-10
325.0 1.6080531003992427e-10
326.0 1.6080531003992427e-10
327.0 1.6080531003992427e-10
328.0 0.0009675350156612694
329.0 0.0004711889232567046
330.0 1.6080531003992427e-10
331.0 0.00046515792746504303
332.0 0.0009554737516737077
333.0 0.0002991455176015734
334.0 1.6080531003992427e-10
335.0 1.6080531003992427e-10
336.0 0.0003308535042378935
337.0 0.0012413174772518687
338.0 0.0021517806089832447
339.0 0.002446146754664369
340.0 0.002740513264143374
341.0 1.6080531003992427e-10
342.0 1.6080531003992427e-10
343.0 1.6080531003992427e-10
344.0 1.6080531003992427e-10
345.0 1.6080531003992427e-10
346.0 1.6080531003992427e-10
347.0 1.6080531003992427e-10
348.0 1.6080531003992427e-10
349.0 1.6080531003992427e-10
350.0 1.6080531003992427e-10
351.0 1.6080531003992427e-10
352.0 0.0003311872433187091
353.0 1.6080531003992427e-10
354.0 1.6080531003992427e-10
355.0 1.6080531003992427e-10
356.0 6.901215101606795e-05
357.0 0.0006284824848989956
358.0 0.0011879529665748123
359.0 0.0009828880138229579
360.0 0.0007778226063237526
361.0 0.000699772908774321
362.0 0.0006217232112248894
363.0 0.0006303312147792894
364.0 0.0006389393547578948
365.0 0.0009757670341059566
366.0 0.0013125951227266341
367.0 0.0006994131581450347
368.0 8.623125040685409e-05
369.0 0.0005388149929785868
370.0 0.0009913987923937384
371.0 0.0008541817805962637
372.0 0.000716964768798789
373.0 0.0009608645086700562
374.0 0.0012047641575918533
375.0 0.00045744154704152606
376.0 1.6080531003992427e-10
377.0 1.6080531003992427e-10
378.0 0.00024065641355264233
379.0 9.204080129165959e-05
380.0 1.6080531003992427e-10
381.0 1.6080531003992427e-10
382.0 1.6080531003992427e-10
383.0 0.00029131824703654274
384.0 0.001148689079855103
385.0 0.0007086377536325017
386.0 0.0002685863591977977
387.0 1.6080531003992427e-10
388.0 1.6080531003992427e-10
389.0 1.6080531003992427e-10
390.0 1.6080531003992427e-10
391.0 1.6080531003992427e-10
392.0 1.6080531003992427e-10
393.0 0.00012901510899610003
394.0 0.000646270609649946
395.0 7.437270141963381e-05
396.0 1.6080531003992427e-10
397.0 1.6080531003992427e-10
398.0 1.6080531003992427e-10
399.0 1.6080531003992427e-10
400.0 0.0003226761236874154
401.0 0.0014800185454078019
402.0 0.0026373600121587515
403.0 0.003941161048715003
404.0 0.005244963176664896
405.0 0.004542062379186973
406.0 0.0038391615817090496
407.0 0.002149570354958996
408.0 0.000459977218270069
409.0 0.0003419662562009762
410.0 0.0002239537479908904
411.0 0.0028679291062871926
412.0 0.005511905328603461
413.0 0.0041457613406237215
414.0 0.0027796182621386833
415.0 0.00397349322156515
416.0 0.0051673683628905565
417.0 0.003660542643046938
418.0 0.0021537169232033193
419.0 0.0034089167456841096
420.0 0.0046641165681649
421.0 0.00454820146842394
422.0 0.0044322863686829805
423.0 0.004996260395273566
424.0 0.005560234421864152
425.0 0.004859470936935395
426.0 0.004158707088208757
427.0 0.0039048769394867122
428.0 0.0036510475183604285
429.0 0.004417997843120247
430.0 0.0051849485316779464
431.0 0.003657745401142165
432.0 0.0021305426344042644
433.0 0.0027876681997440755
434.0 0.0034447937650838867
435.0 0.0022334521418088116
436.0 0.0010221101547358558
437.0 0.0011059375538025051
438.0 0.0011897650438186247
439.0 0.0014870149243506603
440.0 0.001784264895832166
441.0 0.0008124537089315709
442.0 1.6080531003992427e-10
443.0 0.0001632595285627758
444.0 0.0004858766715187812
445.0 0.00022187830381881213
446.0 1.6080531003992427e-10
447.0 0.0001233777425113658
448.0 0.0002888752533181105
449.0 1.6080531003992427e-10
450.0 1.6080531003992427e-10
451.0 1.6080531003992427e-10
452.0 0.0006235894943529274
453.0 0.0011588699635467492
454.0 0.0016941507055889815
455.0 0.0015054638424771838
456.0 0.0013167770703148562
457.0 0.0010564028343651444
458.0 0.0007960285074659623
459.0 0.00036237534004612826
460.0 1.6080531003992427e-10
461.0 0.00028390384159138193
462.0 0.0006390857834048802
463.0 0.00037817128486494767
464.0 0.00011725684316843399
465.0 0.0001868034587459988
466.0 0.0002563500402175123
467.0 0.0005809617505292408
468.0 0.0009055733244167641
469.0 0.0006960891823837301
470.0 0.00048660504035069607
471.0 0.00039102183109207544
472.0 0.0002954386218334548
473.0 0.0007227806236187462
474.0 0.001150122898252448
475.0 0.0007629524588992354
476.0 0.000375782201444963
477.0 0.0009031326953845564
478.0 0.0014304830983746797
479.0 0.0013540801774070133
480.0 0.0012776772564393468
481.0 0.002533273072913289
482.0 0.0037888679798925295
483.0 0.00520490066264756
484.0 0.00662093298160471
485.0 0.007453526632161811
486.0 0.008286121010314673
487.0 0.011343095684424043
488.0 0.014400071813724935
489.0 0.017406501865480095
490.0 0.020412931917235255
491.0 0.02219252201030031
492.0 0.023972113558556885
493.0 0.025050147087313235
494.0 0.026128179160878062
495.0 0.023289714590646327
496.0 0.0204512441996485
497.0 0.017110882617998868
498.0 0.013770519581157714
499.0 0.009793676872504875
500.0 0.005816834527649917
501.0 0.004171101682004519
502.0 0.0025253695639548823
503.0 0.0023411052097799256
504.0 0.0021568404918070883
505.0 0.0019083758161286823
506.0 0.0016599111404502764
507.0 0.001712039920676034
508.0 0.001764168519002851
509.0 0.0019288869225420058
510.0 0.002093605689879041
511.0 0.0016161737221409567
512.0 0.0011387419363018125
513.0 0.0015155147593759466
514.0 0.001892287764349021
515.0 0.002423596743028611
516.0 0.002954905721708201
517.0 0.0024531438612029888
518.0 0.0019513818187988363
519.0 0.0019393408365431242
520.0 0.0019272996723884717
521.0 0.001527739004814066
522.0 0.0011281784281891305
523.0 0.0014363463378685992
524.0 0.0017445147022954188
525.0 0.0021038440536358394
526.0 0.0024631735868752003
527.0 0.0024763776309555396
528.0 0.0024895818569348194
529.0 0.0020463799955905415
530.0 0.0016031779523473233
531.0 0.0015341885955422185
532.0 0.0014651994206360541
533.0 0.0016266994862235151
534.0 0.0017881997337099165
535.0 0.0018227225154987536
536.0 0.0018572452972875908
537.0 0.0024230748749687336
538.0 0.002988904270750936
539.0 0.0036942627048119903
540.0 0.004399621320771985
541.0 0.005164755566511303
542.0 0.005929889812250622
543.0 0.005201933527132496
544.0 0.004473977242014371
545.0 0.0035987897717859596
546.0 0.0027236028472543694
547.0 0.002222244984295685
548.0 0.0017208873032359406
549.0 0.0017364445739076473
550.0 0.0017520020264782943
551.0 0.0015417006579809822
552.0 0.0013313994713826105
553.0 0.0013423672498902306
554.0 0.0013533350283978507
555.0 0.0010355780432291795
556.0 0.0007178210125857731
557.0 0.000702807756169932
558.0 0.0006877945452288259
559.0 0.0003579297981559648
560.0 2.8064988555343007e-05
561.0 0.0007921025826362893
562.0 0.00155614015966421
563.0 0.0015936671843519434
564.0 0.0016311943909386173
565.0 0.0013865951586922165
566.0 0.0011419961992942262
567.0 0.0008370833711524028
568.0 0.0005321705884853145
569.0 0.000596347445025458
570.0 0.0006605241196666611
571.0 0.0005619388048216933
572.0 0.00046335344450199045
573.0 0.00038406979001592845
574.0 0.0003047861127924989
575.0 0.0003886277227138635
576.0 0.0004724693553725956
577.0 0.0005696470907423645
578.0 0.0006668249170616036
579.0 0.0003803336085184128
580.0 9.384231702824763e-05
581.0 0.00013778668517261394
582.0 0.0001817310703700059
583.0 0.0004570212695398368
584.0 0.000732311400497565
585.0 0.000756837926019216
586.0 0.0007813646334398072
587.0 0.0007957332854857668
588.0 0.0008101018465822563
589.0 0.0006282127287704498
590.0 0.00044632356548390817
591.0 0.0006072298674553167
592.0 0.0007681363058509305
593.0 0.0005524894277186831
594.0 0.0003368424586369656
595.0 0.0005500760835275287
596.0 0.0007633096174686216
597.0 0.0006303117061179364
598.0 0.0004973138402419863
599.0 0.00044013108890794683
600.0 0.00038294820114970207
601.0 0.00035250304790679365
602.0 0.0003220578264517826
603.0 0.00029437460398185067
604.0 0.000266691267825081
605.0 0.00023359764327324228
606.0 0.00020050401872140355
607.0 0.0004224104941386031
608.0 0.0006443168786063325
609.0 0.000594069751969073
610.0 0.0005438223524834029
611.0 0.0006884585218358552
612.0 0.0008330946911883075
613.0 0.0005555821189773269
614.0 0.00027806961497844895
615.0 8.985682597995037e-05
616.0 1.6080531003992427e-10
617.0 0.00011233393024667748
618.0 0.00032302386898663826
619.0 0.00035662999380292604
620.0 0.0003902361640939489
621.0 0.0004899771283817245
622.0 0.000589718047194765
623.0 0.0005465048616315471
624.0 0.0005032917215430643
625.0 0.0004443383659236133
626.0 0.00038538505577889737
627.0 0.0003021552402060479
628.0 0.00021892540189583087
629.0 0.0003958391516789561
630.0 0.0005727529241994489
631.0 0.00055539135246363
632.0 0.0005380297807278112
633.0 0.0005065350251243217
634.0 0.00047504013309662696
635.0 0.00048648780648363754
636.0 0.000497935388921178
637.0 0.0004879834705207031
638.0 0.0004780314611707581
639.0 0.0006424570983654121
640.0 0.000806882690085331
641.0 0.0006467281309596729
642.0 0.00048657357183401473
643.0 0.0007072250809869729
644.0 0.0009278766810894012
645.0 0.0008494710527884308
646.0 0.0007710654244874604
647.0 0.0008206170605262741
648.0 0.0008701688784640282
649.0 0.0008062361303018406
650.0 0.0007423035185638582
651.0 0.0008510568477504421
652.0 0.0009598103133612312
653.0 0.0011125736818939913
654.0 0.0012653369594772812
655.0 0.0017879463484860025
656.0 0.002310555828444194
657.0 0.0034048116503981873
658.0 0.004499066199059598
659.0 0.007177861698437482
660.0 0.09358199313282967
661.0 0.11724332580342889
662.0 0.06167505634948611
663.0 0.09867972694337368
664.0 0.1295203110203147
665.0 0.13684062287211418
666.0 0.16045483062043786
667.0 0.2271824050694704
668.0 0.2543247537687421
669.0 0.31911993864923716
670.0 0.4124994855374098
671.0 0.6708541885018349
672.0 1.0586093179881573
673.0 1.704389601945877
674.0 2.4693671613931656
675.0 3.444270044565201
676.0 4.500747472047806
677.0 5.91045469045639
678.0 7.270071655511856
679.0 8.707380294799805
680.0 10.767628252506256
681.0 12.900565564632416
682.0 15.446604788303375
683.0 18.238075077533722
684.0 21.200791001319885
685.0 24.163290858268738
686.0 27.165082097053528
687.0 30.439481139183044
688.0 33.8066041469574
689.0 37.27780282497406
690.0 41.41576886177063
691.0 45.745259523391724
692.0 50.97489953041077
693.0 56.33693337440491
694.0 62.422531843185425
695.0 68.12373995780945
696.0 74.35482740402222
697.0 79.75758910179138
698.0 85.34621000289917
699.0 89.48696851730347
700.0 92.52660870552063
701.0 94.82185244560242
702.0 96.24963998794556
703.0 97.02556729316711
704.0 97.36011028289795
705.0 97.72289991378784
706.0 97.6826012134552
707.0 97.7364182472229
708.0 97.80692458152771
709.0 97.90541529655457
710.0 97.71868586540222
711.0 97.9227364063263
712.0 97.77483940124512
713.0 97.92571067810059
714.0 97.96793460845947
715.0 98.07555675506592
716.0 97.81545996665955
717.0 98.07625412940979
718.0 98.13180565834045
719.0 98.05341958999634
720.0 98.2553243637085
721.0 98.1458842754364
722.0 97.81165719032288
723.0 97.65228033065796
724.0 97.34312891960144
725.0 97.04217910766602
726.0 96.80758118629456
727.0 96.63116335868835
728.0 96.39816880226135
729.0 96.21769189834595
730.0 96.30608558654785
731.0 96.34451866149902
732.0 96.38761281967163
733.0 96.67857885360718
734.0 97.00355529785156
735.0 97.17782139778137
736.0 97.55192995071411
737.0 97.96364307403564
738.0 98.14082980155945
739.0 98.48136901855469
740.0 98.57316017150879
741.0 98.44968318939209
742.0 98.80414605140686
743.0 98.6431360244751
744.0 98.48245978355408
745.0 98.40110540390015
746.0 98.42454791069031
747.0 98.64715933799744
748.0 98.53483438491821
749.0 98.41234087944031
750.0 98.38866591453552
751.0 98.34129810333252
752.0 98.29071164131165
753.0 98.4787106513977
754.0 98.38356971740723
755.0 98.53965640068054
756.0 98.5846757888794
757.0 98.4922707080841
758.0 98.59583973884583
759.0 98.78115653991699
760.0 98.58760237693787
761.0 98.55778217315674
762.0 98.61865043640137
763.0 98.54055047035217
764.0 98.55960607528687
765.0 98.46174716949463
766.0 98.49944114685059
767.0 98.24596047401428
768.0 98.2187271118164
769.0 98.30770492553711
770.0 97.96200394630432
771.0 98.02356362342834
772.0 97.99855351448059
773.0 97.87547588348389
774.0 97.65337705612183
775.0 97.85231351852417
776.0 97.67606258392334
777.0 97.73811101913452
778.0 97.84262180328369
779.0 97.8904664516449
780.0 97.90089726448059
781.0 98.22354912757874
782.0 98.13133478164673
783.0 98.24200868606567
784.0 98.22580814361572
785.0 98.38435649871826
786.0 98.50838780403137
787.0 98.29782247543335
788.0 98.33733439445496
789.0 98.40714931488037
790.0 98.34471344947815
791.0 98.30926060676575
792.0 98.21944236755371
793.0 98.13313484191895
794.0 98.03798198699951
795.0 97.92063236236572
796.0 97.9012668132782
797.0 97.93358445167542
798.0 97.79886603355408
799.0 97.67082333564758
800.0 97.45511412620544
801.0 97.47595191001892
802.0 97.34557271003723
803.0 96.99110388755798
804.0 96.68530225753784
805.0 95.94634771347046
806.0 95.31298279762268
807.0 94.04904842376709
808.0 92.64241456985474
809.0 91.0312294960022
810.0 89.1040027141571
811.0 86.71634197235107
812.0 83.86367559432983
813.0 80.57801723480225
814.0 76.93150639533997
815.0 72.85008430480957
816.0 68.70225667953491
817.0 64.0276849269867
818.0 59.072792530059814
819.0 54.8339307308197
820.0 50.004416704177856
821.0 45.61369717121124
822.0 41.193124651908875
823.0 36.55669987201691
824.0 32.016968727111816
825.0 27.825933694839478
826.0 23.510760068893433
827.0 19.042158126831055
828.0 15.021713078022003
829.0 11.279378831386566
830.0 7.798076421022415
831.0 5.367039889097214
832.0 3.352038562297821
833.0 1.9692538306117058
834.0 1.1708690784871578
835.0 0.6655130069702864
836.0 0.38786286022514105
837.0 0.25169062428176403
838.0 0.13797080609947443
839.0 0.08666719659231603
840.0 0.048664945643395185
841.0 0.031342857982963324
842.0 0.01709036441752687
843.0 1.6080531003992427e-10
844.0 0.003938345253118314
845.0 1.6080531003992427e-10
846.0 1.6080531003992427e-10
847.0 1.6080531003992427e-10
848.0 1.6080531003992427e-10
849.0 1.6080531003992427e-10
850.0 0.013056167517788708
851.0 1.6080531003992427e-10
852.0 0.0006216137080627959
853.0 0.0006857333573861979
854.0 0.0007498531886085402
855.0 0.0008384045031561982
856.0 0.0009269558177038562
857.0 0.0007439106866513612
858.0 0.0005608651918009855
859.0 0.00018074496210829238
860.0 1.6080531003992427e-10
861.0 3.6442696682570386e-05
862.0 0.00027226060410612263
863.0 9.629038686398417e-05
864.0 1.6080531003992427e-10
865.0 1.6080531003992427e-10
866.0 4.248460072631133e-05
867.0 6.865158752589196e-05
868.0 9.481850611336995e-05
869.0 1.6080531003992427e-10
870.0 1.6080531003992427e-10
871.0 1.6080531003992427e-10
872.0 0.00013503982927431935
873.0 0.00022999352040642407
874.0 0.000324947200169845
875.0 0.00024161920464393916
876.0 0.00015829125459276838
877.0 1.6080531003992427e-10
878.0 1.6080531003992427e-10
879.0 7.275920665961166e-05
880.0 0.0005101939223095542
881.0 0.00020074819531146204
882.0 1.6080531003992427e-10
883.0 4.725734186195041e-05
884.0 0.00020321219835750526
885.0 5.360760724215652e-05
886.0 1.6080531003992427e-10
887.0 1.6080531003992427e-10
888.0 4.325773943492095e-05
889.0 1.6080531003992427e-10
890.0 1.6080531003992427e-10
891.0 6.503493068521493e-05
892.0 0.00022701610760123003
893.0 0.00021026119156886125
894.0 0.00019350625279912492
