lsstCam/transmission_filter_detector/r23_s02/i_39/19700101T000000.ecsv
# %ECSV 1.0
# ---
# datatype:
# - {name: wavelength, unit: nm, datatype: float32}
# - {name: efficiency, unit: '%', datatype: float64}
# meta: !!omap
# - {MODE: DETECTOR}
# - {TYPE: transmission_filter_detector}
# - {CALIBDATE: '1970-01-01T00:00:00'}
# - {INSTRUME: LSSTCam}
# - {OBSTYPE: transmission_filter_detector}
# - {CALIBCLS: lsst.ip.isr.IntermediateFilterDetectorTransmissionCurve}
# - {SOURCE: Materion (DM-46256)}
# - {DETECTOR: 101}
# - {FILTER: i_39}
# - {CALIB_ID: 'calibDate=1970-01-01T00:00:00 filter=i_39 detector=101'}
# - {DATE: '2025-04-02T15:59:46.948381'}
# - {CALIB_CREATION_DATE: '2025-04-02'}
# - {CALIB_CREATION_TIME: '15:59:46'}
# - __serialized_columns__:
#     efficiency:
#       __class__: astropy.units.quantity.Quantity
#       unit: !astropy.units.Unit {unit: '%'}
#       value: !astropy.table.SerializedColumn {name: efficiency}
#     wavelength:
#       __class__: astropy.units.quantity.Quantity
#       unit: !astropy.units.Unit {unit: nm}
#       value: !astropy.table.SerializedColumn {name: wavelength}
# schema: astropy-2.0
wavelength efficiency
[from data line 596]
896.0 1.6080531003992427e-10
897.0 1.6080531003992427e-10
898.0 1.6080531003992427e-10
899.0 1.6080531003992427e-10
900.0 1.6080531003992427e-10
901.0 1.6080531003992427e-10
902.0 1.6080531003992427e-10
903.0 1.6080531003992427e-10
904.0 1.6080531003992427e-10
905.0 1.6080531003992427e-10
906.0 1.6080531003992427e-10
907.0 1.6080531003992427e-10
908.0 0.00011007764442183543
909.0 1.6080531003992427e-10
910.0 1.6080531003992427e-10
911.0 1.6080531003992427e-10
912.0 0.0001257420649380947
913.0 0.00010168348580918973
914.0 7.762491236462665e-05
915.0 1.6080531003992427e-10
916.0 1.6080531003992427e-10
917.0 1.6080531003992427e-10
918.0 1.6080531003992427e-10
919.0 1.6080531003992427e-10
920.0 5.727819711864868e-05
921.0 3.114918456503801e-05
922.0 5.02016845871367e-06
923.0 1.6080531003992427e-10
924.0 1.6080531003992427e-10
925.0 1.6080531003992427e-10
926.0 0.00019628191694209818
927.0 1.6080531003992427e-10
928.0 1.6080531003992427e-10
929.0 1.6080531003992427e-10
930.0 0.0002023335127887549
931.0 0.00014034718560651527
932.0 7.836084137124999e-05
933.0 2.8410440222614852e-05
934.0 1.6080531003992427e-10
935.0 1.6080531003992427e-10
936.0 1.6080531003992427e-10
937.0 1.6080531003992427e-10
938.0 1.6080531003992427e-10
939.0 1.6080531003992427e-10
940.0 1.6080531003992427e-10
941.0 1.6080531003992427e-10
942.0 1.6080531003992427e-10
943.0 1.6080531003992427e-10
944.0 1.6080531003992427e-10
945.0 1.6080531003992427e-10
946.0 1.6080531003992427e-10
947.0 1.6080531003992427e-10
948.0 1.6080531003992427e-10
949.0 1.6080531003992427e-10
950.0 1.6080531003992427e-10
951.0 1.6080531003992427e-10
952.0 4.60871888208203e-05
953.0 1.6080531003992427e-10
954.0 1.6080531003992427e-10
955.0 2.1246161452381784e-05
956.0 0.000256110592999903
957.0 0.00013390559843173833
958.0 1.17005455990693e-05
959.0 5.061202728029457e-05
960.0 8.952350754043437e-05
961.0 5.705109629161598e-05
962.0 2.457868788496853e-05
963.0 1.6080531003992427e-10
964.0 1.6080531003992427e-10
965.0 1.6080531003992427e-10
966.0 1.6080531003992427e-10
967.0 1.6080531003992427e-10
968.0 1.6080531003992427e-10
969.0 1.6080531003992427e-10
970.0 4.06576361910993e-05
971.0 1.6080531003992427e-10
972.0 1.6080531003992427e-10
973.0 1.6080531003992427e-10
974.0 1.9421241859163274e-05
975.0 4.277285086118354e-05
976.0 6.612443144149438e-05
977.0 1.1849507330907727e-05
978.0 1.6080531003992427e-10
979.0 1.6080531003992427e-10
980.0 1.6080531003992427e-10
981.0 1.6080531003992427e-10
982.0 1.6080531003992427e-10
983.0 1.6080531003992427e-10
984.0 1.6080531003992427e-10
985.0 4.342046224792284e-05
986.0 0.00020790666894754395
987.0 8.299385001464543e-06
988.0 1.6080531003992427e-10
989.0 1.6080531003992427e-10
990.0 1.6080531003992427e-10
991.0 1.6080531003992427e-10
992.0 1.6080531003992427e-10
993.0 1.6080531003992427e-10
994.0 6.824980687269999e-05
995.0 1.6080531003992427e-10
996.0 1.6080531003992427e-10
997.0 6.80456139434682e-05
998.0 0.0003127001264147111
999.0 0.00028573558665812016
1000.0 0.0002587710014267941
1001.0 0.00014375186765391845
1002.0 2.873264577374357e-05
1003.0 6.5306721808156e-05
1004.0 0.0001018807893160556
1005.0 7.047574399621226e-05
1006.0 3.9070627622095344e-05
1007.0 0.00015711406149421236
1008.0 0.0002751575038928422
1009.0 0.0002326489266124554
1010.0 0.00019014028111996595
1011.0 0.00025216299945896026
1012.0 0.00031418571779795457
1013.0 0.0002905644350903458
1014.0 0.000266943152382737
1015.0 0.0002685849722183775
1016.0 0.00027022681479138555
1017.0 0.00030814273941359716
1018.0 0.00034605875498527894
1019.0 0.00033519993394293124
1020.0 0.00032434106742584845
1021.0 0.00030143723961373325
1022.0 0.00027853336632688297
1023.0 0.00043375421228120103
1024.0 0.0005889750809728866
1025.0 0.0005041264557803515
1026.0 0.0004192778305878164
1027.0 0.0003797149020101642
1028.0 0.0003401519506951445
1029.0 0.0008352229997399263
1030.0 0.0013302939805726055
1031.0 0.0018127551811630838
1032.0 0.0022952161089051515
1033.0 0.002440069329168182
1034.0 0.002584922003734391
1035.0 0.0031611212762072682
1036.0 0.003737320366781205
1037.0 0.0037266960134729743
1038.0 0.003716071296366863
1039.0 0.003190041024936363
1040.0 0.002664011117303744
1041.0 0.002380190016992856
1042.0 0.002096369098580908
1043.0 0.0027641095584840514
1044.0 0.0034318494726903737
1045.0 0.0034569729905342683
1046.0 0.003482096508378163
1047.0 0.0029797931347275153
1048.0 0.0024774895791779272
1049.0 0.0021634796212310903
1050.0 0.0018494696632842533
1051.0 0.0019212186089134775
1052.0 0.0019929679183405824
1053.0 0.001375086958432803
1054.0 0.0007572061349492287
1055.0 0.000851576442073565
1056.0 0.000945946612773696
1057.0 0.0008675130629853811
1058.0 0.0007890797860454768
1059.0 0.0008742904356040526
1060.0 0.000959501358011039
1061.0 0.0016179879821720533
1062.0 0.002276474333484657
1063.0 0.0026917201466858387
1064.0 0.0031069659598870203
1065.0 0.0032614392694085836
1066.0 0.0034159129427280277
1067.0 0.00415387112298049
1068.0 0.004891829667030834
1069.0 0.00384015183954034
1070.0 0.002788473830150906
1071.0 0.0027193880669074133
1072.0 0.0026503021217649803
1073.0 0.0029458533390425146
1074.0 0.003241404556320049
1075.0 0.00353332725353539
1076.0 0.0038252495869528502
1077.0 0.003035452391486615
1078.0 0.0022456546503235586
1079.0 0.0023067415895638987
1080.0 0.002367828528804239
1081.0 0.001581098695169203
1082.0 0.0007943688615341671
1083.0 0.0004063131655129837
1084.0 1.8257379963415588e-05
1085.0 0.0006132221187726827
1086.0 0.0012081870409019757
1087.0 0.0007280404133780394
1088.0 0.0002478938768035732
1089.0 1.6080531003992427e-10
1090.0 1.6080531003992427e-10
1091.0 1.6080531003992427e-10
1092.0 1.6080531003992427e-10
1093.0 1.6080531003992427e-10
1094.0 1.6080531003992427e-10
1095.0 1.6080531003992427e-10
1096.0 1.6080531003992427e-10
1097.0 1.6080531003992427e-10
1098.0 1.6080531003992427e-10
1099.0 1.6080531003992427e-10
1100.0 9.133355547419342e-05
