lsstCam/transmission_filter_detector/r23_s11/u_24/19700101T000000.ecsv
# %ECSV 1.0
# ---
# datatype:
# - {name: wavelength, unit: nm, datatype: float32}
# - {name: efficiency, unit: '%', datatype: float64}
# meta: !!omap
# - {MODE: DETECTOR}
# - {TYPE: transmission_filter_detector}
# - {CALIBDATE: '1970-01-01T00:00:00'}
# - {INSTRUME: LSSTCam}
# - {OBSTYPE: transmission_filter_detector}
# - {CALIBCLS: lsst.ip.isr.IntermediateFilterDetectorTransmissionCurve}
# - {SOURCE: Materion (DM-46256)}
# - {DETECTOR: 103}
# - {FILTER: u_24}
# - {CALIB_ID: 'calibDate=1970-01-01T00:00:00 filter=u_24 detector=103'}
# - {DATE: '2025-04-02T15:59:40.225973'}
# - {CALIB_CREATION_DATE: '2025-04-02'}
# - {CALIB_CREATION_TIME: '15:59:40'}
# - __serialized_columns__:
#     efficiency:
#       __class__: astropy.units.quantity.Quantity
#       unit: !astropy.units.Unit {unit: '%'}
#       value: !astropy.table.SerializedColumn {name: efficiency}
#     wavelength:
#       __class__: astropy.units.quantity.Quantity
#       unit: !astropy.units.Unit {unit: nm}
#       value: !astropy.table.SerializedColumn {name: wavelength}
# schema: astropy-2.0
wavelength efficiency
295.0 1.5955325168709455e-10
296.0 1.5955325168709455e-10
297.0 1.5955325168709455e-10
298.0 1.5955325168709455e-10
299.0 1.5955325168709455e-10
300.0 1.5955325168709455e-10
301.0 1.5955325168709455e-10
302.0 1.5955325168709455e-10
303.0 0.030705536482855678
304.0 0.32451057340949774
305.0 0.35239176359027624
306.0 1.3369504362344742
307.0 2.7290426194667816
308.0 4.423074796795845
309.0 7.606738060712814
310.0 10.66453531384468
311.0 14.216013252735138
312.0 17.950429022312164
313.0 21.03249430656433
314.0 24.296319484710693
315.0 26.795658469200134
316.0 28.952011466026306
317.0 31.18089735507965
318.0 33.70722532272339
319.0 37.00464367866516
320.0 42.129576206207275
321.0 47.085559368133545
322.0 53.153687715530396
323.0 58.74398350715637
324.0 63.54578137397766
325.0 66.8626070022583
326.0 69.49793100357056
327.0 71.50243520736694
328.0 73.32018613815308
329.0 74.72524046897888
330.0 76.11091136932373
331.0 77.05448865890503
332.0 77.62758135795593
333.0 77.71890759468079
334.0 77.54716873168945
335.0 77.62748003005981
336.0 77.77316570281982
337.0 78.24815511703491
338.0 79.0909469127655
339.0 79.67556715011597
340.0 80.14052510261536
341.0 80.65596222877502
342.0 80.93487620353699
343.0 80.889892578125
344.0 81.1508297920227
345.0 81.40739798545837
346.0 81.7106544971466
347.0 82.0419192314148
348.0 82.33106136322021
349.0 82.49371647834778
350.0 82.55820274353027
351.0 82.7545702457428
352.0 82.68536329269409
353.0 82.5377345085144
354.0 82.48746991157532
355.0 82.67921209335327
356.0 82.86511301994324
357.0 82.74756073951721
358.0 82.51530528068542
359.0 82.28945136070251
360.0 82.25961327552795
361.0 82.14349746704102
362.0 81.9464921951294
363.0 82.01749920845032
364.0 82.13444352149963
365.0 82.3420763015747
366.0 82.4883222579956
367.0 82.4971616268158
368.0 82.41297006607056
369.0 82.31254816055298
370.0 82.01923370361328
371.0 81.74722194671631
372.0 81.74482583999634
373.0 81.84636235237122
374.0 81.86691999435425
375.0 82.16020464897156
376.0 82.19747543334961
377.0 82.24019408226013
378.0 82.30156302452087
379.0 82.07179307937622
380.0 81.50206804275513
381.0 80.21833300590515
382.0 78.5469114780426
383.0 76.61544680595398
384.0 74.5032548904419
385.0 72.20353484153748
386.0 69.83160972595215
387.0 66.72083735466003
388.0 63.574522733688354
389.0 59.7648024559021
390.0 55.91142177581787
391.0 51.741063594818115
392.0 47.3415344953537
393.0 43.49926710128784
394.0 40.22431671619415
395.0 37.051182985305786
396.0 33.78685712814331
397.0 29.493609070777893
398.0 24.475795030593872
399.0 18.142251670360565
400.0 11.971385031938553
401.0 7.000927627086639
402.0 3.3075951039791107
403.0 1.1659199371933937
404.0 0.36133863031864166
405.0 0.12209141859784722
406.0 0.07782714092172682
407.0 1.5955325168709455e-10
408.0 0.009891543595585972
409.0 0.026126374723389745
410.0 0.01678391854511574
411.0 0.006123491766629741
412.0 1.5955325168709455e-10
413.0 1.5955325168709455e-10
414.0 1.5955325168709455e-10
415.0 1.5955325168709455e-10
416.0 1.5955325168709455e-10
417.0 1.5955325168709455e-10
418.0 1.5955325168709455e-10
419.0 1.5955325168709455e-10
420.0 1.5955325168709455e-10
421.0 1.5955325168709455e-10
422.0 1.5955325168709455e-10
423.0 1.5955325168709455e-10
424.0 1.5955325168709455e-10
425.0 1.5955325168709455e-10
426.0 0.00242627411353169
427.0 0.0007585982075397624
428.0 1.5955325168709455e-10
429.0 1.5955325168709455e-10
430.0 0.0007384130185528193
431.0 0.00035852610835718224
432.0 1.5955325168709455e-10
433.0 0.0017314261640422046
434.0 0.003484211993054487
435.0 0.002750709973042831
436.0 0.0020172072254354134
437.0 0.0007079588613123633
438.0 1.5955325168709455e-10
439.0 1.5955325168709455e-10
440.0 2.2607017058362544e-05
441.0 1.5955325168709455e-10
442.0 1.5955325168709455e-10
443.0 1.5955325168709455e-10
444.0 1.5955325168709455e-10
445.0 1.5955325168709455e-10
446.0 1.5955325168709455e-10
447.0 1.5955325168709455e-10
448.0 1.5955325168709455e-10
449.0 1.5955325168709455e-10
450.0 1.5955325168709455e-10
451.0 1.5955325168709455e-10
452.0 1.5955325168709455e-10
453.0 1.5955325168709455e-10
454.0 0.000554572079636273
455.0 1.5955325168709455e-10
456.0 1.5955325168709455e-10
457.0 1.5955325168709455e-10
458.0 1.5955325168709455e-10
459.0 1.5955325168709455e-10
460.0 1.5955325168709455e-10
461.0 1.5955325168709455e-10
462.0 1.5955325168709455e-10
463.0 5.8377361256134463e-05
464.0 0.0003714687863975996
465.0 0.0004747096227220027
466.0 0.000577950095248525
467.0 1.5955325168709455e-10
468.0 1.5955325168709455e-10
469.0 1.5955325168709455e-10
470.0 1.5955325168709455e-10
471.0 1.5955325168709455e-10
472.0 1.5955325168709455e-10
473.0 1.5955325168709455e-10
474.0 1.5955325168709455e-10
475.0 1.5955325168709455e-10
476.0 1.5955325168709455e-10
477.0 0.0003455239493632689
478.0 0.0014458759324043058
479.0 0.0009173268153972458
480.0 0.0003887778802891262
481.0 0.00011138276931887958
482.0 1.5955325168709455e-10
483.0 1.5955325168709455e-10
484.0 1.5955325168709455e-10
485.0 1.5955325168709455e-10
486.0 1.5955325168709455e-10
487.0 1.5955325168709455e-10
488.0 1.5955325168709455e-10
489.0 1.5955325168709455e-10
490.0 1.5955325168709455e-10
491.0 1.5955325168709455e-10
492.0 1.5955325168709455e-10
493.0 1.5955325168709455e-10
494.0 1.5955325168709455e-10
495.0 1.5955325168709455e-10
496.0 9.869867199086002e-05
497.0 1.5955325168709455e-10
498.0 1.5955325168709455e-10
499.0 1.5955325168709455e-10
500.0 0.00030648234314867295
501.0 0.00022114325020083925
502.0 0.0001358042140964244
503.0 1.5955325168709455e-10
504.0 1.5955325168709455e-10
505.0 1.5955325168709455e-10
506.0 1.5955325168709455e-10
507.0 1.5955325168709455e-10
508.0 1.5955325168709455e-10
509.0 1.5955325168709455e-10
510.0 1.5955325168709455e-10
511.0 0.00018208852452517021
512.0 0.0004777788490173407
513.0 0.00014709836477777571
514.0 1.5955325168709455e-10
515.0 1.5955325168709455e-10
516.0 1.5955325168709455e-10
517.0 1.5955325168709455e-10
518.0 1.5955325168709455e-10
519.0 3.041236311673856e-05
520.0 0.00012663480219998746
521.0 1.5955325168709455e-10
522.0 1.5955325168709455e-10
523.0 1.5955325168709455e-10
524.0 1.5955325168709455e-10
525.0 1.5955325168709455e-10
526.0 1.5955325168709455e-10
527.0 1.5955325168709455e-10
528.0 1.5955325168709455e-10
529.0 1.5955325168709455e-10
530.0 1.5955325168709455e-10
531.0 1.5955325168709455e-10
532.0 1.5955325168709455e-10
533.0 1.5955325168709455e-10
534.0 0.00017553778661749675
535.0 1.5955325168709455e-10
536.0 1.5955325168709455e-10
537.0 1.5955325168709455e-10
538.0 1.5955325168709455e-10
539.0 1.5955325168709455e-10
540.0 4.082373266101058e-05
541.0 1.5955325168709455e-10
542.0 1.5955325168709455e-10
543.0 1.5955325168709455e-10
544.0 1.5955325168709455e-10
545.0 1.5955325168709455e-10
546.0 1.5955325168709455e-10
547.0 1.5955325168709455e-10
548.0 1.5955325168709455e-10
549.0 1.5955325168709455e-10
550.0 1.5955325168709455e-10
551.0 1.5955325168709455e-10
552.0 1.5955325168709455e-10
553.0 1.5955325168709455e-10
554.0 1.5955325168709455e-10
555.0 1.5955325168709455e-10
556.0 1.5955325168709455e-10
557.0 1.5955325168709455e-10
558.0 1.5955325168709455e-10
559.0 1.5955325168709455e-10
560.0 1.5955325168709455e-10
561.0 9.301356840296648e-05
562.0 0.000278439256362617
563.0 1.5955325168709455e-10
564.0 1.5955325168709455e-10
565.0 1.5955325168709455e-10
566.0 0.00017103143363783602
567.0 0.00030537016755260993
568.0 0.00043970890146738384
569.0 0.000458438262285199
570.0 0.00047716739572933875
571.0 0.00043850759539054707
572.0 0.0003998477950517554
573.0 0.0004931373496219749
574.0 0.0005864270406163996
575.0 0.00044039488784619607
576.0 0.00029436280328809517
577.0 0.0002661273811099818
578.0 0.00023789195893186843
579.0 0.0005040110409026965
580.0 0.0007701301001361571
581.0 0.0008307618372782599
582.0 0.0008913937563193031
583.0 0.0014424239452637266
584.0 0.00199345413420815
585.0 0.001694183811196126
586.0 0.0013949133972346317
587.0 0.0014090866898186505
588.0 0.001423259800503729
589.0 0.0012650036296690814
590.0 0.0011067470950365532
591.0 0.000932861257751938
592.0 0.0007589751021441771
593.0 0.0007885169907240197
594.0 0.0008180584700312465
595.0 0.0007507005648221821
596.0 0.0006833422048657667
597.0 0.000910317430680152
598.0 0.0011372925655450672
599.0 0.001253179016202921
600.0 0.0013690651940123644
601.0 0.0015736311979708262
602.0 0.0017781972928787582
603.0 0.0016112013327074237
604.0 0.0014442058272834402
605.0 0.0015558471204712987
606.0 0.0016674886865075678
607.0 0.0014311982340586837
608.0 0.0011949078725592699
609.0 0.0008440256351605058
610.0 0.0004931434432364767
611.0 0.00026891534616879653
612.0 4.468722920591972e-05
613.0 0.00010377513035564334
614.0 0.0001628629547667515
615.0 0.00019024266748601804
616.0 0.0002176224143113359
617.0 0.0005595842139882734
618.0 0.0009015460818773136
619.0 0.0005475498255691491
620.0 0.00019355366021045484
621.0 0.00028717904569930397
622.0 0.00038080436297605047
623.0 0.0005546458851313218
624.0 0.0007284874300239608
625.0 0.0007357129561569309
626.0 0.0007429385277646361
627.0 0.0006430633675336139
628.0 0.0005431882073025918
629.0 0.0005257614702713909
630.0 0.0005083348696643952
631.0 0.001034420984069584
632.0 0.0015605071894242428
633.0 0.0017520182154839858
634.0 0.0019435292415437289
635.0 0.002298287654411979
636.0 0.0026530462491791695
637.0 0.0026264056941727176
638.0 0.0025997655029641464
639.0 0.002257427513541188
640.0 0.00191508970601717
641.0 0.0017683118130662479
642.0 0.001621534102014266
643.0 0.0011541117601154838
644.0 0.0006866894636914367
645.0 0.0006853904778836295
646.0 0.0006840914920758223
647.0 0.00033015935514413286
648.0 1.5955325168709455e-10
649.0 1.5955325168709455e-10
650.0 1.5955325168709455e-10
651.0 0.0001734082616167143
652.0 0.00041040557334781624
653.0 0.0008687283298058901
654.0 0.0013270511772134341
655.0 0.0013122064046910964
656.0 0.0012973614502698183
657.0 0.001920509930641856
658.0 0.0025436587748117745
659.0 0.0031486135412706062
660.0 0.003753568307729438
661.0 0.0037489542592084035
662.0 0.003744340210687369
663.0 0.003183576700394042
664.0 0.0026228131901007146
665.0 0.002187904465245083
666.0 0.0017529959222883917
667.0 0.0015784838979016058
668.0 0.001403971418767469
669.0 0.001102203441405436
670.0 0.000800435464043403
671.0 0.0004489580533117987
672.0 9.74805175246729e-05
673.0 0.00017853182043836568
674.0 0.00025958308924600715
675.0 0.0005267476353765232
676.0 0.0007939122042444069
677.0 0.0010078823834192008
678.0 0.001221852744492935
679.0 0.0015570300092804246
680.0 0.001892207183118444
681.0 0.0027698952180799097
682.0 0.0036475834349403158
683.0 0.005285297447699122
684.0 0.006923011096660048
685.0 0.007364931661868468
686.0 0.007806854409864172
687.0 0.007398900925181806
688.0 0.006990948895690963
689.0 0.006092766125220805
690.0 0.005194583354750648
691.0 0.004710774737759493
692.0 0.004226965756970458
693.0 0.003471554009593092
694.0 0.002716141716518905
695.0 0.0021832851416547783
696.0 0.0016504287486895919
697.0 0.001166225138149457
698.0 0.0006820213002356468
699.0 0.0007847428605600726
700.0 0.0008874641025613528
701.0 0.0008234177585109137
702.0 0.0007593711870867992
703.0 0.0007080352133925771
704.0 0.0006566995580215007
705.0 0.0004181044459983241
706.0 0.00017950932260646368
707.0 0.0005280610821500886
708.0 0.0008766124665271491
709.0 0.0008664304914418608
710.0 0.0008562484254071023
711.0 0.0006413000392058166
712.0 0.0004263517894287361
713.0 0.0006155254595796578
714.0 0.0008046990842558444
715.0 0.0007219704002636718
716.0 0.0006392414888978237
717.0 0.0006147070507722674
718.0 0.0005901725216972409
719.0 0.0007438133707182715
720.0 0.0008974539923656266
721.0 0.00040255754356621765
722.0 1.5955325168709455e-10
723.0 0.00026497216367715737
724.0 0.0006222834599611815
725.0 0.0002990348775711027
726.0 1.5955325168709455e-10
727.0 0.00019053734376939246
728.0 0.00040528839235776104
729.0 0.0004979117420589318
730.0 0.0005905352281843079
731.0 0.0004041543434141204
732.0 0.00021777357233077055
733.0 0.00015897699086053763
734.0 0.00010018044349635602
735.0 0.0003236453267163597
736.0 0.0005471102213050472
737.0 0.0003140121407341212
738.0 8.091403174148581e-05
739.0 0.00038926382330828346
740.0 0.0006976136319281068
741.0 0.0010015607585955877
742.0 0.0013055079762125388
743.0 0.0015710562365711667
744.0 0.0018366041331319138
745.0 0.0021804791686008684
746.0 0.002524354204069823
747.0 0.0030501138098770753
748.0 0.003575873779482208
749.0 0.0034896111174020916
750.0 0.0034033488191198558
751.0 0.003335592191433534
752.0 0.0032678355637472123
753.0 0.0028941980417585
754.0 0.0025205603378708474
755.0 0.0026456027626409195
756.0 0.0027706451874109916
757.0 0.0023062495529302396
758.0 0.0018418539184494875
759.0 0.0015897398043307476
760.0 0.001337625872110948
761.0 0.0012294800399104133
762.0 0.0011213342077098787
763.0 0.0008464657184958924
764.0 0.000571597229281906
765.0 0.0007542639195889933
766.0 0.0009369304279971402
767.0 0.001040670213114936
768.0 0.001144410180131672
769.0 0.0008627856914245058
770.0 0.0005811612027173396
771.0 0.0004150860604568152
772.0 0.00024901082724682055
773.0 0.0005241877261141781
774.0 0.000799364806880476
775.0 0.0008039241038204636
776.0 0.0008084831279120408
777.0 0.0006270337507885415
778.0 0.0004455841462913668
779.0 0.00030955977763369447
780.0 0.00017353545445075724
781.0 0.0005452804089145502
782.0 0.0009170254998025484
783.0 0.0010354263395129237
784.0 0.0011538269063748885
785.0 0.0012622530448425096
786.0 0.0013706791833101306
787.0 0.001013079599943012
788.0 0.0006554799711011583
789.0 0.0005849760782439262
790.0 0.000514472185386694
791.0 0.0005227235305937938
792.0 0.0005309748758008936
793.0 0.00028043782549502794
794.0 2.990077234699129e-05
795.0 1.5955325168709455e-10
796.0 1.5955325168709455e-10
797.0 0.00017109412056015572
798.0 0.0006128655059001176
799.0 0.0002852187208191026
800.0 1.5955325168709455e-10
801.0 1.5955325168709455e-10
802.0 1.5955325168709455e-10
803.0 1.5955325168709455e-10
804.0 1.5955325168709455e-10
805.0 1.1792542942146156e-06
806.0 3.8247358702392376e-05
807.0 1.5955325168709455e-10
808.0 1.5955325168709455e-10
809.0 0.00011287492043265956
810.0 0.0004781862571689999
811.0 0.00015311796914829756
812.0 1.5955325168709455e-10
813.0 5.68148379898048e-05
814.0 0.0002855799266399117
815.0 0.00021368507532315562
816.0 0.0001417901103195618
817.0 0.0001023472805172787
818.0 6.290420628829452e-05
819.0 0.0001745167764966027
820.0 0.00028612939786398783
821.0 0.00014692692502649152
822.0 7.724474926362745e-06
823.0 1.9866365619236603e-05
824.0 3.2008270522965176e-05
825.0 1.5955325168709455e-10
826.0 1.5955325168709455e-10
827.0 1.5955325168709455e-10
828.0 9.2994082478981e-05
829.0 1.5955325168709455e-10
830.0 1.5955325168709455e-10
831.0 1.5955325168709455e-10
832.0 1.5955325168709455e-10
833.0 1.5955325168709455e-10
834.0 1.5955325168709455e-10
835.0 1.5955325168709455e-10
836.0 1.5955325168709455e-10
837.0 1.5955325168709455e-10
838.0 1.5955325168709455e-10
839.0 1.5955325168709455e-10
840.0 1.5955325168709455e-10
841.0 1.5955325168709455e-10
842.0 7.185327604020131e-05
843.0 1.5955325168709455e-10
844.0 1.5955325168709455e-10
845.0 1.5955325168709455e-10
846.0 1.5955325168709455e-10
847.0 1.5955325168709455e-10
848.0 1.5955325168709455e-10
849.0 1.5955325168709455e-10
850.0 1.5955325168709455e-10
851.0 1.5955325168709455e-10
852.0 1.5955325168709455e-10
853.0 1.5955325168709455e-10
854.0 0.00012052885267621605
855.0 1.5955325168709455e-10
856.0 1.5955325168709455e-10
857.0 0.000325131622957997
858.0 0.0008764634912949987
859.0 0.0010054302038042806
860.0 0.0011343970072630327
861.0 0.0010054382983071264
862.0 0.0008764794984017499
863.0 0.0008620153494121041
864.0 0.0008475512004224584
865.0 0.0013078852134640329
866.0 0.001768219044606667
867.0 0.0017754195141606033
868.0 0.00178262016561348
869.0 0.001720651562209241
870.0 0.0016586825950071216
871.0 0.0016886586308828555
872.0 0.001718634484859649
873.0 0.0018730874216998927
874.0 0.0020275403585401364
