lsstCam/transmission_filter_detector/r23_s11/u_24/19700101T000000.ecsv
# %ECSV 1.0
# ---
# datatype:
# - {name: wavelength, unit: nm, datatype: float32}
# - {name: efficiency, unit: '%', datatype: float64}
# meta: !!omap
# - {MODE: DETECTOR}
# - {TYPE: transmission_filter_detector}
# - {CALIBDATE: '1970-01-01T00:00:00'}
# - {INSTRUME: LSSTCam}
# - {OBSTYPE: transmission_filter_detector}
# - {CALIBCLS: lsst.ip.isr.IntermediateFilterDetectorTransmissionCurve}
# - {SOURCE: Materion (DM-46256)}
# - {DETECTOR: 103}
# - {FILTER: u_24}
# - {CALIB_ID: 'calibDate=1970-01-01T00:00:00 filter=u_24 detector=103'}
# - {DATE: '2025-04-02T15:59:40.225973'}
# - {CALIB_CREATION_DATE: '2025-04-02'}
# - {CALIB_CREATION_TIME: '15:59:40'}
# - __serialized_columns__:
#     efficiency:
#       __class__: astropy.units.quantity.Quantity
#       unit: !astropy.units.Unit {unit: '%'}
#       value: !astropy.table.SerializedColumn {name: efficiency}
#     wavelength:
#       __class__: astropy.units.quantity.Quantity
#       unit: !astropy.units.Unit {unit: nm}
#       value: !astropy.table.SerializedColumn {name: wavelength}
# schema: astropy-2.0
wavelength efficiency
[from data line 581]
876.0 0.002933265386673156
877.0 0.0028699307222268544
878.0 0.0028065960577805527
879.0 0.002752373256953433
880.0 0.0026981510018231347
881.0 0.002814529216266237
882.0 0.002930908158305101
883.0 0.0026381167117506266
884.0 0.0023453254470950924
885.0 0.002451485488563776
886.0 0.0025576457119314
887.0 0.0023124335712054744
888.0 0.002067221430479549
889.0 0.0019933777366532013
890.0 0.0019195340428268537
891.0 0.0021791222025058232
892.0 0.0024387103621847928
893.0 0.0024997483706101775
894.0 0.0025607860152376816
895.0 0.002508777652110439
896.0 0.002456769288983196
897.0 0.003083788396907039
898.0 0.0037108078686287627
899.0 0.0038630376366199926
900.0 0.004015267040813342
901.0 0.004228686520946212
902.0 0.004442106364876963
903.0 0.004462736615096219
904.0 0.004483366865315475
905.0 0.004936808181810193
906.0 0.00539024913450703
907.0 0.005359509668778628
908.0 0.005328770203050226
909.0 0.005422677713795565
910.0 0.0055165848607430235
911.0 0.005423869151854888
912.0 0.005331153442966752
913.0 0.005165971379028633
914.0 0.005000789678888395
915.0 0.004496012843446806
916.0 0.003991236008005217
917.0 0.0038600279367528856
918.0 0.0037288209568941966
919.0 0.004141437239013612
920.0 0.004554053521133028
921.0 0.00468154794361908
922.0 0.004809042366105132
923.0 0.005235257049207576
924.0 0.005661471004714258
925.0 0.006218050111783668
926.0 0.0067746295826509595
927.0 0.007308089698199183
928.0 0.007841548358555883
929.0 0.007737168198218569
930.0 0.007632786582689732
931.0 0.0076923730375710875
932.0 0.007751956582069397
933.0 0.007472877769032493
934.0 0.007193798228399828
935.0 0.007356389687629417
936.0 0.007518980419263244
937.0 0.00729802850401029
938.0 0.0070770773163530976
939.0 0.006826268509030342
940.0 0.006575458974111825
941.0 0.005704039358533919
942.0 0.00483261828776449
943.0 0.0037395988329080865
944.0 0.002646579741849564
945.0 0.0025434408598812297
946.0 0.0024403021598118357
947.0 0.0018667535186978057
948.0 0.001293205059482716
949.0 0.0012054935723426752
950.0 0.0011177819942531642
951.0 0.0013022165148868226
952.0 0.0014866507626720704
953.0 0.0016723430235288106
954.0 0.0018580354662844911
955.0 0.0022470663679996505
956.0 0.0026360970878158696
957.0 0.00273826444754377
958.0 0.00284043144347379
959.0 0.0031430266972165555
960.0 0.0034456217690603808
961.0 0.003736133294296451
962.0 0.00402664445573464
963.0 0.0043299976823618636
964.0 0.004633350181393325
965.0 0.004809423262486234
966.0 0.004985496707377024
967.0 0.004967707718606107
968.0 0.004949919093633071
969.0 0.004856668601860292
970.0 0.004763418110087514
971.0 0.004628309397958219
972.0 0.004493199958233163
973.0 0.0043526415538508445
974.0 0.004212082421872765
975.0 0.003942039256799035
976.0 0.003671995727927424
977.0 0.003280452438048087
978.0 0.0028889089662698098
979.0 0.002765155841188971
980.0 0.0026414023523102514
981.0 0.0027016370950150304
982.0 0.0027618714739219286
983.0 0.0027427979148342274
984.0 0.0027237243557465263
985.0 0.0032314375857822597
986.0 0.003739151725312695
987.0 0.004006013477919623
988.0 0.004272875594324432
989.0 0.0050282731535844505
990.0 0.005783669985248707
991.0 0.005951204366283491
992.0 0.006118737655924633
993.0 0.006351025513140485
994.0 0.006583311187569052
995.0 0.006474897236330435
996.0 0.006366482557496056
997.0 0.006159219628898427
998.0 0.005951957427896559
999.0 0.006258770736167207
1000.0 0.006565580406459048
1001.0 0.006292093166848645
1002.0 0.006018603016855195
1003.0 0.005886167855351232
1004.0 0.005753734512836672
1005.0 0.005406546188169159
1006.0 0.005059357863501646
1007.0 0.005034009882365353
1008.0 0.0050086615374311805
1009.0 0.004751830783789046
1010.0 0.0044950003939447924
1011.0 0.004000092303613201
1012.0 0.00350518457707949
1013.0 0.0028480537366704084
1014.0 0.0021909232600592077
1015.0 0.0018847709725378081
1016.0 0.0015786185031174682
1017.0 0.0014305564036476426
1018.0 0.0012824941222788766
1019.0 0.0009576976481184829
1020.0 0.0006329011739580892
1021.0 0.0009426208634977229
1022.0 0.0012523406439868268
1023.0 0.001200341557705542
1024.0 0.0011483425623737276
1025.0 0.001509349840489449
1026.0 0.0018703573005041108
1027.0 0.0015864739907556213
1028.0 0.0013025900443608407
1029.0 0.0012633877304324415
1030.0 0.0012241854165040422
1031.0 0.0012023516319459304
1032.0 0.001180518029286759
1033.0 0.0013725811186304782
1034.0 0.0015646441170247272
1035.0 0.0016236526789725758
1036.0 0.001682661059021484
1037.0 0.0017887312424136326
1038.0 0.0018948016077047214
1039.0 0.0016425950889242813
1040.0 0.0013903888429922517
1041.0 0.0016043082723626867
1042.0 0.0018182279745815322
1043.0 0.00166489408002235
1044.0 0.001511560367362108
1045.0 0.0015153404092416167
1046.0 0.0015191205420705955
1047.0 0.0012268536011106335
1048.0 0.000934586478251731
1049.0 0.001191003593703499
1050.0 0.0014474205272563267
1051.0 0.001720370346447453
1052.0 0.0019933202565880492
1053.0 0.001565940328873694
1054.0 0.0011385603102098685
1055.0 0.0013402042895904742
1056.0 0.0015418483599205501
1057.0 0.001274545047635911
1058.0 0.001007241735351272
1059.0 0.0005862949365109671
1060.0 0.00016534827409486752
1061.0 1.5762539362640382e-05
1062.0 1.5955325168709455e-10
1063.0 0.00011763454494939651
1064.0 0.0003690920038934564
1065.0 0.0010922156434389763
1066.0 0.0018153394194087014
1067.0 0.0006763417786714854
1068.0 1.5955325168709455e-10
1069.0 0.0008335024176631123
1070.0 0.0021296604245435447
1071.0 0.002535908788559027
1072.0 0.0029421571525745094
1073.0 0.0029343796995817684
1074.0 0.0029266022465890273
1075.0 0.003327847662148997
1076.0 0.003729093077708967
1077.0 0.0032715255656512454
1078.0 0.002813957689795643
1079.0 0.0032106177968671545
1080.0 0.003607276812545024
1081.0 0.002899875289585907
1082.0 0.0021924748580204323
1083.0 0.002814466461131815
1084.0 0.003436458428041078
1085.0 0.003914155240636319
1086.0 0.004391851689433679
1087.0 0.004100877413293347
1088.0 0.003809902773355134
1089.0 0.004824767165700905
1090.0 0.005839631558046676
1091.0 0.004659829937736504
1092.0 0.0034800279536284506
1093.0 0.0036638331948779523
1094.0 0.0038476377085316926
1095.0 0.0032799602195154876
1096.0 0.002712282548600342
1097.0 0.00292482873192057
1098.0 0.0031373758247355
1099.0 0.0015792362319189124
1100.0 2.1097400804137578e-05
