lsstCam/transmission_filter_detector/r20_s21/g_6/19700101T000000.ecsv
# %ECSV 1.0
# ---
# datatype:
# - {name: wavelength, unit: nm, datatype: float32}
# - {name: efficiency, unit: '%', datatype: float64}
# meta: !!omap
# - {MODE: DETECTOR}
# - {TYPE: transmission_filter_detector}
# - {CALIBDATE: '1970-01-01T00:00:00'}
# - {INSTRUME: LSSTCam}
# - {OBSTYPE: transmission_filter_detector}
# - {CALIBCLS: lsst.ip.isr.IntermediateFilterDetectorTransmissionCurve}
# - {SOURCE: Materion (DM-46256)}
# - {DETECTOR: 79}
# - {FILTER: g_6}
# - {CALIB_ID: 'calibDate=1970-01-01T00:00:00 filter=g_6 detector=79'}
# - {DATE: '2025-04-02T15:59:42.394362'}
# - {CALIB_CREATION_DATE: '2025-04-02'}
# - {CALIB_CREATION_TIME: '15:59:42'}
# - __serialized_columns__:
#     efficiency:
#       __class__: astropy.units.quantity.Quantity
#       unit: !astropy.units.Unit {unit: '%'}
#       value: !astropy.table.SerializedColumn {name: efficiency}
#     wavelength:
#       __class__: astropy.units.quantity.Quantity
#       unit: !astropy.units.Unit {unit: nm}
#       value: !astropy.table.SerializedColumn {name: wavelength}
# schema: astropy-2.0
wavelength efficiency
[from data line 608]
908.0 0.00044449193410400767
909.0 0.00031942922760208603
910.0 0.0003188201844750438
911.0 0.00031821114134800155
912.0 0.0004313591034588171
913.0 0.0005445070200948976
914.0 0.0005140598204889102
915.0 0.0004836126208829228
916.0 0.0004003568392363377
917.0 0.0003171011030644877
918.0 0.000377258834305394
919.0 0.00043741661102103535
920.0 0.0004767995960719418
921.0 0.0005161825356481131
922.0 0.0004776509740622714
923.0 0.00043911936700169463
924.0 0.00043169538912479766
925.0 0.0004242713657731656
926.0 0.00044963367145101074
927.0 0.00047499602260359097
928.0 0.0005200988198339473
929.0 0.0005652016625390388
930.0 0.0004875378181168344
931.0 0.0004098738372704247
932.0 0.0004426605755725177
933.0 0.00047544745029881597
934.0 0.00046700838538527023
935.0 0.00045856941142119467
936.0 0.0004450774667930091
937.0 0.00043158561311429366
938.0 0.00047523444663966075
939.0 0.0005188834165892331
940.0 0.0005885847713216208
941.0 0.0006582861715287436
942.0 0.0006999991910561221
943.0 0.0007417122105835006
944.0 0.0008180401891877409
945.0 0.0008943679858930409
946.0 0.000919894955586642
947.0 0.000945421834330773
948.0 0.0008681318831804674
949.0 0.0007908419320301618
950.0 0.0008424707630183548
951.0 0.0008940995030570775
952.0 0.0008494424946547952
953.0 0.0008047853043535724
954.0 0.0006867239335406339
955.0 0.0005686624717782252
956.0 0.0005808301921206294
957.0 0.0005929979124630336
958.0 0.0006963891792111099
959.0 0.0007997804459591862
960.0 0.0006988920176809188
961.0 0.0005980034075037111
962.0 0.0006705249234073563
963.0 0.0007430464393110014
964.0 0.0006408417448255932
965.0 0.0005386368684412446
966.0 0.0005901693384657847
967.0 0.0006417017630155897
968.0 0.0006880572072986979
969.0 0.000734412606107071
970.0 0.0006953603133297293
971.0 0.0006563079296029173
972.0 0.0008181569683074486
973.0 0.00098000609796145
974.0 0.0009551156836096197
975.0 0.0009302252692577895
976.0 0.0008471306500723585
977.0 0.0007640361218363978
978.0 0.0008988020454125945
979.0 0.0010335681508877315
980.0 0.0010470774213899858
981.0 0.00106058660094277
982.0 0.000980848381004762
983.0 0.000901110252016224
984.0 0.0009736464562593028
985.0 0.0010461826605023816
986.0 0.001137362232839223
987.0 0.0012285418051760644
988.0 0.001292023171117762
989.0 0.0013555041732615791
990.0 0.0013942418263468426
991.0 0.0014329792975331657
992.0 0.0014135785022517666
993.0 0.0013941776160208974
994.0 0.0014228980035113636
995.0 0.0014516183910018299
996.0 0.0014095054211793467
997.0 0.0013673922694579232
998.0 0.0013130602383171208
999.0 0.0012587281162268482
1000.0 0.0012967091606697068
1001.0 0.0013346902051125653
1002.0 0.0013634537936013658
1003.0 0.001392217291140696
1004.0 0.0013655127077072393
1005.0 0.0013388081242737826
1006.0 0.0014993272998253815
1007.0 0.0016598463844275102
1008.0 0.0016127125491038896
1009.0 0.00156557925947709
1010.0 0.0016330634025507607
1011.0 0.0017005477275233716
1012.0 0.0018050688595394604
1013.0 0.0019095899915555492
1014.0 0.0020082314222236164
1015.0 0.0021068726709927432
1016.0 0.0023653008611290716
1017.0 0.0026237290512654
1018.0 0.0027512041924637742
1019.0 0.0028786793336621486
1020.0 0.003202383959433064
1021.0 0.0035260887671029195
1022.0 0.003540727266226895
1023.0 0.003555365765350871
1024.0 0.0036512854421744123
1025.0 0.003747205118997954
1026.0 0.003944434502045624
1027.0 0.004141663885093294
1028.0 0.004505480683292262
1029.0 0.00486929711769335
1030.0 0.0047980473027564585
1031.0 0.004726796760223806
1032.0 0.004988522778148763
1033.0 0.005250248432275839
1034.0 0.005352417065296322
1035.0 0.005454585698316805
1036.0 0.0054612537496723235
1037.0 0.005467921801027842
1038.0 0.005817235432914458
1039.0 0.006166548701003194
1040.0 0.006333076453302056
1041.0 0.006499604205600917
1042.0 0.006725616549374536
1043.0 0.006951628893148154
1044.0 0.00733084962121211
1045.0 0.007710071076871827
1046.0 0.008684524800628424
1047.0 0.00965897852438502
1048.0 0.010795285197673365
1049.0 0.011931589688174427
1050.0 0.01434091100236401
1051.0 0.016750232316553593
1052.0 0.020155718084424734
1053.0 0.023561208217870444
1054.0 0.02847100840881467
1055.0 0.033380810054950416
1056.0 0.03994349972344935
1057.0 0.04650618648156524
1058.0 0.05394394393078983
1059.0 0.06138170138001442
1060.0 0.0694967748131603
1061.0 0.07761184242554009
1062.0 0.0843810266815126
1063.0 0.09115017019212246
1064.0 0.0965457409620285
1065.0 0.101941276807338
1066.0 0.10693619260564446
1067.0 0.11193109676241875
1068.0 0.11883414117619395
1069.0 0.12573719723150134
1070.0 0.13569333823397756
1071.0 0.14564947923645377
1072.0 0.1579859876073897
1073.0 0.1703225076198578
1074.0 0.18471137154847383
1075.0 0.19910023547708988
1076.0 0.21310748998075724
1077.0 0.22711476776748896
1078.0 0.24076628033071756
1079.0 0.2544177696108818
1080.0 0.27156027499586344
1081.0 0.2887027570977807
1082.0 0.31353284139186144
1083.0 0.33836294896900654
1084.0 0.3788263304159045
1085.0 0.41928975842893124
1086.0 0.45381137169897556
1087.0 0.4883329849690199
1088.0 0.5503159016370773
1089.0 0.6122987251728773
1090.0 0.6896814331412315
1091.0 0.7670641411095858
1092.0 0.7964140735566616
1093.0 0.8257640525698662
1094.0 0.8631317876279354
1095.0 0.9004994295537472
1096.0 0.9440187364816666
1097.0 0.9875379502773285
1098.0 1.0454853065311909
1099.0 1.1034327559173107
1100.0 1.2222853489220142
1101.0 1.3411378487944603
