lsstCam/transmission_filter_detector/r20_s21/g_6/19700101T000000.ecsv
# %ECSV 1.0
# ---
# datatype:
# - {name: wavelength, unit: nm, datatype: float32}
# - {name: efficiency, unit: '%', datatype: float64}
# meta: !!omap
# - {MODE: DETECTOR}
# - {TYPE: transmission_filter_detector}
# - {CALIBDATE: '1970-01-01T00:00:00'}
# - {INSTRUME: LSSTCam}
# - {OBSTYPE: transmission_filter_detector}
# - {CALIBCLS: lsst.ip.isr.IntermediateFilterDetectorTransmissionCurve}
# - {SOURCE: Materion (DM-46256)}
# - {DETECTOR: 79}
# - {FILTER: g_6}
# - {CALIB_ID: 'calibDate=1970-01-01T00:00:00 filter=g_6 detector=79'}
# - {DATE: '2025-04-02T15:59:42.394362'}
# - {CALIB_CREATION_DATE: '2025-04-02'}
# - {CALIB_CREATION_TIME: '15:59:42'}
# - __serialized_columns__:
#     efficiency:
#       __class__: astropy.units.quantity.Quantity
#       unit: !astropy.units.Unit {unit: '%'}
#       value: !astropy.table.SerializedColumn {name: efficiency}
#     wavelength:
#       __class__: astropy.units.quantity.Quantity
#       unit: !astropy.units.Unit {unit: nm}
#       value: !astropy.table.SerializedColumn {name: wavelength}
# schema: astropy-2.0
wavelength efficiency
300.0 0.40327170863747597
301.0 0.3241515252739191
302.0 0.2450313651934266
303.0 0.23292480036616325
304.0 0.22081821225583553
305.0 0.21828236058354378
306.0 0.21574648562818766
307.0 0.21694765891879797
308.0 0.21814883220940828
309.0 0.21408882457762957
310.0 0.21002881694585085
311.0 0.20549551118165255
312.0 0.2009621588513255
313.0 0.1896242843940854
314.0 0.17828636337071657
315.0 0.17547173192724586
316.0 0.17265711212530732
317.0 0.1706184819340706
318.0 0.16857987502589822
319.0 0.15943290200084448
320.0 0.15028594061732292
321.0 0.14014426851645112
322.0 0.1300026080571115
323.0 0.11756124440580606
324.0 0.10511988075450063
325.0 0.09313600603491068
326.0 0.08115211967378855
327.0 0.07243889849632978
328.0 0.06372567731887102
329.0 0.061738217482343316
330.0 0.05975075182504952
331.0 0.05503501743078232
332.0 0.050319277215749025
333.0 0.04769015358760953
334.0 0.04506102704908699
335.0 0.0427169754402712
336.0 0.04037292383145541
337.0 0.04076730110682547
338.0 0.04116167838219553
339.0 0.040303898276761174
340.0 0.039446118171326816
341.0 0.03742542467080057
342.0 0.03540473408065736
343.0 0.03227428824175149
344.0 0.029143845313228667
345.0 0.025903683854267
346.0 0.02266352530568838
347.0 0.021214000298641622
348.0 0.019764475291594863
349.0 0.018071566591970623
350.0 0.8217130787670612
351.0 1.1943506076931953
352.0 0.8141688071191311
353.0 1.009147334843874
354.0 0.6926487199962139
355.0 0.8363456465303898
356.0 0.7618749048560858
357.0 0.7511147297918797
358.0 0.5629049614071846
359.0 0.6795041263103485
360.0 0.6038024555891752
361.0 0.7737095933407545
362.0 0.5059994757175446
363.0 0.573566509410739
364.0 0.5560511257499456
365.0 0.7562476675957441
366.0 0.42157508432865143
367.0 0.6663891021162271
368.0 0.4352476913481951
369.0 0.5843565799295902
370.0 0.4735410213470459
371.0 0.6604066584259272
372.0 0.4218060988932848
373.0 0.6395962089300156
374.0 0.37970952689647675
375.0 0.49039451405406
376.0 0.3704789560288191
377.0 0.5353169050067663
378.0 0.4065852612257004
379.0 0.5067432764917612
380.0 0.4090704955160618
381.0 0.5623140837997198
382.0 0.5801972001791
383.0 0.4838310182094574
384.0 0.5157630890607834
385.0 0.6040836218744516
386.0 0.6758933421224356
387.0 0.7404496427625418
388.0 0.8748959749937057
389.0 1.1974982917308807
390.0 1.6677983105182648
391.0 2.5793900713324547
392.0 4.10623624920845
393.0 6.545181572437286
394.0 9.842351078987122
395.0 14.32228833436966
396.0 19.98586505651474
397.0 27.21475660800934
398.0 35.55252254009247
399.0 44.864022731781006
400.0 54.14268970489502
401.0 63.26616406440735
402.0 71.69808149337769
403.0 78.87513041496277
404.0 84.06072854995728
405.0 88.13978433609009
406.0 90.32540917396545
407.0 92.15176105499268
408.0 93.23229789733887
409.0 93.72534155845642
410.0 93.96151304244995
411.0 93.79814267158508
412.0 93.50479245185852
413.0 93.23014616966248
414.0 93.11071634292603
415.0 93.1856632232666
416.0 93.55543255805969
417.0 93.81895065307617
418.0 94.31378841400146
419.0 94.91913318634033
420.0 95.39890885353088
421.0 95.99259495735168
422.0 96.17049098014832
423.0 96.40481472015381
424.0 96.27271294593811
425.0 96.1283802986145
426.0 96.11120820045471
427.0 96.14229202270508
428.0 96.01937532424927
429.0 95.77220678329468
430.0 95.67278623580933
431.0 95.69706916809082
432.0 95.7691490650177
433.0 95.84004282951355
434.0 95.93461751937866
435.0 96.07095718383789
436.0 96.1271345615387
437.0 96.10714912414551
438.0 96.1784303188324
439.0 96.22781276702881
440.0 96.17552757263184
441.0 96.34612202644348
442.0 96.31069302558899
443.0 96.33540511131287
444.0 96.25717401504517
445.0 95.99900245666504
446.0 95.89574933052063
447.0 95.65238952636719
448.0 95.66040635108948
449.0 95.75811624526978
450.0 96.01446986198425
451.0 96.19783163070679
452.0 96.41674757003784
453.0 96.52987718582153
454.0 96.64177298545837
455.0 96.94186449050903
456.0 97.00126051902771
457.0 97.1566379070282
458.0 97.109055519104
459.0 97.22371101379395
460.0 97.22763299942017
461.0 97.30984568595886
462.0 97.23727107048035
463.0 97.16407656669617
464.0 97.27343320846558
465.0 97.19409942626953
466.0 97.18002676963806
467.0 97.16407060623169
468.0 97.2022533416748
469.0 97.24237322807312
470.0 97.1039354801178
471.0 97.01884984970093
472.0 97.02919721603394
473.0 96.93288207054138
474.0 96.87194228172302
475.0 96.89270257949829
476.0 96.92038893699646
477.0 96.96242213249207
478.0 97.04986810684204
479.0 97.02534079551697
480.0 97.17377424240112
481.0 97.27194309234619
482.0 97.49424457550049
483.0 97.36908674240112
484.0 97.57454991340637
485.0 97.56585955619812
486.0 97.60929942131042
487.0 97.6733386516571
488.0 97.60444164276123
489.0 97.7622389793396
490.0 97.70705103874207
491.0 97.79472947120667
492.0 97.71941304206848
493.0 97.69911766052246
494.0 97.66675233840942
495.0 97.73922562599182
496.0 97.56993055343628
497.0 97.47266173362732
498.0 97.30020761489868
499.0 97.31072783470154
500.0 97.31988310813904
501.0 97.26970195770264
502.0 97.17384576797485
503.0 97.29762673377991
504.0 97.12181091308594
505.0 97.15654850006104
506.0 97.15126156806946
507.0 97.13285565376282
508.0 97.12982773780823
509.0 97.09919691085815
510.0 97.0740020275116
511.0 97.05294370651245
512.0 96.9576895236969
513.0 97.061026096344
514.0 96.99459075927734
515.0 97.02990651130676
516.0 97.141432762146
517.0 97.11925387382507
518.0 97.21213579177856
519.0 97.24369645118713
520.0 97.2947359085083
521.0 97.36496210098267
522.0 97.41777181625366
523.0 97.38495945930481
524.0 97.3759114742279
525.0 97.34406471252441
526.0 97.46800661087036
527.0 97.43711352348328
528.0 97.5376546382904
529.0 97.57618308067322
530.0 97.61039018630981
531.0 97.73750305175781
532.0 97.66578078269958
533.0 97.65066504478455
534.0 97.63889908790588
535.0 97.4744439125061
536.0 97.14052677154541
537.0 96.61654829978943
538.0 95.96279263496399
539.0 94.66753005981445
540.0 93.07922124862671
541.0 90.55715203285217
542.0 87.91590929031372
543.0 84.33250784873962
544.0 79.83987927436829
545.0 75.76907873153687
546.0 70.85179090499878
547.0 66.26559495925903
548.0 61.66832447052002
549.0 57.51878619194031
550.0 54.30226922035217
551.0 51.1762797832489
552.0 48.82199168205261
553.0 46.38403058052063
554.0 43.623146414756775
555.0 40.527909994125366
556.0 36.40832304954529
557.0 31.573963165283203
558.0 26.211291551589966
559.0 20.87104767560959
560.0 15.592868626117706
561.0 10.717228800058365
562.0 6.95604607462883
563.0 4.123775288462639
564.0 2.272610180079937
565.0 1.109953597187996
566.0 0.5850478541105986
567.0 0.2952630165964365
568.0 0.17938887467607856
569.0 0.10771127417683601
570.0 0.08849719306454062
571.0 0.05645682686008513
572.0 0.05429642624221742
573.0 0.03840866556856781
574.0 0.04949018475599587
575.0 0.03288373991381377
576.0 0.020111000048927963
577.0 0.02106852625729516
578.0 0.02785147516988218
579.0 0.025879914755932987
580.0 0.02386806736467406
581.0 0.020261672034393996
582.0 0.01697803963907063
583.0 0.01926846307469532
584.0 0.026550967595539987
585.0 0.009995408618124202
586.0 0.020072422921657562
587.0 0.015613452706020325
588.0 0.024640164338052273
589.0 0.01089741854229942
590.0 0.01579857780598104
591.0 0.011611497757257894
592.0 0.017750562983565032
593.0 0.010793464753078297
594.0 1.6283992383681056e-10
595.0 0.011461898247944191
596.0 0.009463587775826454
597.0 0.013135727203916758
598.0 0.00637726770946756
599.0 0.007310941145988181
600.0 0.00881276500876993
601.0 0.0020557994503178634
602.0 0.002068089997919742
603.0 0.00208038018172374
604.0 0.001960661757038906
605.0 0.0018409433323540725
606.0 0.0019036051526200026
607.0 0.0019662669728859328
608.0 0.0018117043509846553
609.0 0.0016571415471844375
610.0 0.0017991558706853539
611.0 0.0019411703760852106
612.0 0.001829149914556183
613.0 0.001717129271128215
614.0 0.0016894373402465135
615.0 0.0016617452274658717
616.0 0.0016493599105160683
617.0 0.0016369744116673246
618.0 0.0016145193512784317
619.0 0.0015920644727884792
620.0 0.0015851705029490404
621.0 0.001578276715008542
622.0 0.0014231610293791164
623.0 0.00126804497995181
624.0 0.0012918424545205198
625.0 0.0013156400200386997
626.0 0.001295034326176392
627.0 0.001274428632314084
628.0 0.0013541392945626285
629.0 0.0014338502296595834
630.0 0.0013901983038522303
631.0 0.0013465461961459368
632.0 0.001366619108011946
633.0 0.0013866920198779553
634.0 0.0013572202078648843
635.0 0.0013277480320539325
636.0 0.0013355306691664737
637.0 0.0013433135791274253
638.0 0.00124713033073931
639.0 0.0011509470823511947
640.0 0.0011343588994350284
641.0 0.0011177704436704516
642.0 0.0011813755008915905
643.0 0.0012449804671632592
644.0 0.0011774255654017907
645.0 0.0011098708455392625
646.0 0.0011350490240147337
647.0 0.001160227202490205
648.0 0.001209251695399871
649.0 0.001258276006410597
650.0 0.0012492065252445173
651.0 0.0012401369531289674
652.0 0.0012265935765753966
653.0 0.0012130505638197064
654.0 0.0011522667591634672
655.0 0.0010914834092545789
656.0 0.0010822143849509303
657.0 0.0010729456334956922
658.0 0.0010615641258482356
659.0 0.0010501829819986597
660.0 0.0009919946023728698
661.0 0.0009338064046460204
662.0 0.0010707080946303904
663.0 0.0012076099665137008
664.0 0.0012177645658084657
665.0 0.0012279189832042903
666.0 0.0011794699275924359
667.0 0.0011310203262837604
668.0 0.0011422707757446915
669.0 0.0011535213161550928
670.0 0.0011409087164793164
671.0 0.00112829620775301
672.0 0.0011286771041341126
673.0 0.001129058000515215
674.0 0.0010437925084261224
675.0 0.0009585269253875595
676.0 0.0010390885108790826
677.0 0.0011196498235221952
678.0 0.0010535158253333066
679.0 0.0009873820090433583
680.0 0.0009900200893753208
681.0 0.0009926583516062237
682.0 0.0010665877198334783
683.0 0.001140517088060733
684.0 0.0010592645594442729
685.0 0.000978012121777283
686.0 0.0010178701813856605
687.0 0.0010577283319435082
688.0 0.0010324994946131483
689.0 0.0010072703844343778
690.0 0.0010355113772675395
691.0 0.0010637524610501714
692.0 0.0011054992683057208
693.0 0.0011472462574602105
694.0 0.0011189336873940192
695.0 0.0010906212992267683
696.0 0.0011487396477605216
697.0 0.001206857996294275
698.0 0.0011853410796902608
699.0 0.0011638240721367765
700.0 0.001169943789136596
701.0 0.0011760635970858857
702.0 0.0011826544323412236
703.0 0.0011892452675965615
704.0 0.001126964980358025
705.0 0.0010646844202710781
706.0 0.0010433886927785352
707.0 0.001022092874336522
708.0 0.001065140895661898
709.0 0.0011081890988862142
710.0 0.0012029209756292403
711.0 0.0012976531252206769
712.0 0.001247267300641397
713.0 0.001196881385112647
714.0 0.0012283662726986222
715.0 0.0012598511602845974
716.0 0.0013925500752520747
717.0 0.001525248899270082
718.0 0.0018469543647370301
719.0 0.0021686599211534485
720.0 0.001868890285550151
721.0 0.0015691202861489728
722.0 0.001524309664091561
723.0 0.001479498951084679
724.0 0.0015772218830534257
725.0 0.0016749447240727022
726.0 0.0017299129467573948
727.0 0.0017848808056442067
728.0 0.0020177407350274734
729.0 0.0022506004825117998
730.0 0.002139771095244214
731.0 0.0020289418898755684
732.0 0.0018852253560908139
733.0 0.0017415090042049997
734.0 0.0014660513443232048
735.0 0.00119059368444141
736.0 0.001132969009631779
737.0 0.0010753444257716183
738.0 0.001039445214701118
739.0 0.0010035460945800878
740.0 0.0009648160812503193
741.0 0.0009260859769710805
742.0 0.0009442890586797148
743.0 0.0009624924132367596
744.0 0.0009191737262881361
745.0 0.0008758553121879231
746.0 0.0008235662789957132
747.0 0.0007712771548540331
748.0 0.0009229391253029462
749.0 0.001074601004802389
750.0 0.0010104693501489237
751.0 0.0009463379683438689
752.0 0.0008994454219646286
753.0 0.0008525528755853884
754.0 0.000865825768414652
755.0 0.0008790987521933857
756.0 0.0008559801244700793
757.0 0.0008328614967467729
758.0 0.0008504148354404606
759.0 0.0008679682650836185
760.0 0.0008365876965399366
761.0 0.0008052069460973144
762.0 0.0007756108971079811
763.0 0.0007460147116944427
764.0 0.0007429107427014969
765.0 0.0007398068646580214
766.0 0.0006757094070053427
767.0 0.0006116118129284587
768.0 0.0006133186616352759
769.0 0.000615025419392623
770.0 0.0006644594577664975
771.0 0.000713893496140372
772.0 0.0006745758128090529
773.0 0.0006352580840029987
774.0 0.0006833332463429542
775.0 0.0007314084541576449
776.0 0.000726782354831812
777.0 0.0007221563464554492
778.0 0.0006605457656405633
779.0 0.0005989351848256774
780.0 0.0005834506737301126
781.0 0.0005679661626345478
782.0 0.0005611251253867522
783.0 0.0005542840426642215
784.0 0.0004801675913768122
785.0 0.0004060510946146678
786.0 0.00042610231503203977
787.0 0.0004461536263988819
788.0 0.0003624463033702341
789.0 0.0002787390258163214
790.0 0.00031702818432677304
791.0 0.00035531736557459226
792.0 0.0003004854079335928
793.0 0.0002456534730299609
794.0 0.0002881053660530597
795.0 0.0003305572590761585
796.0 0.0003236666088923812
797.0 0.00031677595870860387
798.0 0.00035214391118643107
799.0 0.00038751190913899336
800.0 0.0004154976977588376
801.0 0.00044348353185341693
802.0 0.0003902174285030924
803.0 0.0003369513706275029
804.0 0.00037988008898537373
805.0 0.00042280880734324455
806.0 0.00040195873225457035
807.0 0.00038110865716589615
808.0 0.0003931781520805089
809.0 0.0004052476924698567
810.0 0.00035090974961349275
811.0 0.0002965717612823937
812.0 0.0003375532060090336
813.0 0.00037853467347304104
814.0 0.0003527866965669091
815.0 0.00032703871966077713
816.0 0.0004164020992902806
817.0 0.0005057654561824165
818.0 0.00041915309338946827
819.0 0.00033254075333388755
820.0 0.00036568719679053174
821.0 0.0003988336175098084
822.0 0.00047803860070416704
823.0 0.0005572434474743204
824.0 0.0004647330115403747
825.0 0.00037222243918222375
826.0 0.00048398965191154275
827.0 0.0005957568191661267
828.0 0.0005187554052099586
829.0 0.00044175399125379045
830.0 0.0003925789769709809
831.0 0.0003434039172134362
832.0 0.00039632413972867653
833.0 0.00044924436224391684
834.0 0.0003491260713417432
835.0 0.00024900775770220207
836.0 0.00043890613596886396
837.0 0.0006288045369728934
838.0 0.0005902338671148755
839.0 0.0005516631972568575
840.0 0.000544057320439606
841.0 0.0005364513981476193
842.0 0.00047608996283088345
843.0 0.00041572852751414757
844.0 0.00040292234189109877
845.0 0.00039011620174278505
846.0 0.00041471002987236716
847.0 0.00043930390347668435
848.0 0.0004924369932268746
849.0 0.0005455700375023298
850.0 0.0004811568942386657
851.0 0.0004167437055002665
852.0 0.00042140059122175444
853.0 0.0004260574314685073
854.0 0.0005540785423363559
855.0 0.0006820996532042045
856.0 0.0004683474344346905
857.0 0.00025459523840254406
858.0 0.00030853793759888504
859.0 0.000362480636795226
860.0 0.00043669570004567504
861.0 0.0005109108315082267
862.0 0.0005487230282597011
863.0 0.0005865352704859106
864.0 0.0005615286227111937
865.0 0.0005365219749364769
866.0 0.0005212356427364284
867.0 0.0005059491741121747
868.0 0.0005092595529276878
869.0 0.0005125698407937307
870.0 0.0004671579063142417
871.0 0.0004217459263600176
872.0 0.0004256715783412801
873.0 0.0004295971848478075
874.0 0.0004919421826343751
875.0 0.0005542871804209426
876.0 0.0005505657554749632
877.0 0.0005468442850542488
878.0 0.0005392448201746447
879.0 0.0005316453552950406
880.0 0.0006404195573850302
881.0 0.0007491939413739601
882.0 0.0005695073923561722
883.0 0.00038982093428785447
884.0 0.0004462204742594622
885.0 0.0005026200142310699
886.0 0.000610717324889265
887.0 0.0007188146355474601
888.0 0.0006947944712010212
889.0 0.0006707742159051122
890.0 0.0006436644525820157
891.0 0.000616554643784184
892.0 0.0006311762263067067
893.0 0.0006457979907281697
894.0 0.0005301803412294248
895.0 0.0004145628281548852
896.0 0.0003653480234788731
897.0 0.0003161332415402285
898.0 0.00030726387194590643
899.0 0.0002983945023515844
900.0 0.0003104655206698226
901.0 0.00032253662993753096
902.0 0.0003870699856634019
903.0 0.0004516033186519053
904.0 0.00044234029701328836
905.0 0.00043307718442520127
906.0 0.0005013159352529328
