lsstCam/transmission_filter_detector/r10_s20/z_20/19700101T000000.ecsv
# %ECSV 1.0
# ---
# datatype:
# - {name: wavelength, unit: nm, datatype: float32}
# - {name: efficiency, unit: '%', datatype: float64}
# meta: !!omap
# - {MODE: DETECTOR}
# - {TYPE: transmission_filter_detector}
# - {CALIBDATE: '1970-01-01T00:00:00'}
# - {INSTRUME: LSSTCam}
# - {OBSTYPE: transmission_filter_detector}
# - {CALIBCLS: lsst.ip.isr.IntermediateFilterDetectorTransmissionCurve}
# - {SOURCE: Materion (DM-46256)}
# - {DETECTOR: 33}
# - {FILTER: z_20}
# - {CALIB_ID: 'calibDate=1970-01-01T00:00:00 filter=z_20 detector=33'}
# - {DATE: '2025-04-02T15:59:48.787797'}
# - {CALIB_CREATION_DATE: '2025-04-02'}
# - {CALIB_CREATION_TIME: '15:59:48'}
# - __serialized_columns__:
#     efficiency:
#       __class__: astropy.units.quantity.Quantity
#       unit: !astropy.units.Unit {unit: '%'}
#       value: !astropy.table.SerializedColumn {name: efficiency}
#     wavelength:
#       __class__: astropy.units.quantity.Quantity
#       unit: !astropy.units.Unit {unit: nm}
#       value: !astropy.table.SerializedColumn {name: wavelength}
# schema: astropy-2.0
wavelength efficiency
[from data line 598]
898.0 98.7414538860321
899.0 98.3004093170166
900.0 98.52244257926941
901.0 99.41440224647522
902.0 98.94490838050842
903.0 98.51994514465332
904.0 97.50023484230042
905.0 98.49284291267395
906.0 98.0415403842926
907.0 98.32444190979004
908.0 97.96669483184814
909.0 98.23537468910217
910.0 98.02136421203613
911.0 96.91895842552185
912.0 95.76274156570435
913.0 94.58081722259521
914.0 92.44658350944519
915.0 90.16956090927124
916.0 87.9131019115448
917.0 86.51560544967651
918.0 82.71468877792358
919.0 81.49060010910034
920.0 78.22559475898743
921.0 73.83178472518921
922.0 69.32446956634521
923.0 63.2717490196228
924.0 57.64569044113159
925.0 52.119678258895874
926.0 45.34395933151245
927.0 38.06416094303131
928.0 31.665751338005066
929.0 25.383776426315308
930.0 19.87462341785431
931.0 14.685739576816559
932.0 9.778760373592377
933.0 6.180061027407646
934.0 3.8376055657863617
935.0 2.2146016359329224
936.0 1.3817811384797096
937.0 0.7510628085583448
938.0 0.4705282859504223
939.0 0.25038395542651415
940.0 0.100426294375211
941.0 0.014977058162912726
942.0 0.041537926881574094
943.0 0.03839177079498768
944.0 1.7177703487067375e-10
945.0 1.7177703487067375e-10
946.0 0.11221488239243627
947.0 0.1257585478015244
948.0 0.13904892839491367
949.0 1.7177703487067375e-10
950.0 0.027753983158618212
951.0 1.7177703487067375e-10
952.0 0.011356920731486753
953.0 1.7177703487067375e-10
954.0 1.7177703487067375e-10
955.0 0.03602844662964344
956.0 1.7177703487067375e-10
957.0 1.7177703487067375e-10
958.0 0.04007162351626903
959.0 1.7177703487067375e-10
960.0 1.7177703487067375e-10
961.0 1.7177703487067375e-10
962.0 1.7177703487067375e-10
963.0 0.04156684735789895
964.0 0.019839707238133997
965.0 0.041413470171391964
966.0 1.7177703487067375e-10
967.0 1.7177703487067375e-10
968.0 1.7177703487067375e-10
969.0 1.7177703487067375e-10
970.0 1.7177703487067375e-10
971.0 1.7177703487067375e-10
972.0 1.7177703487067375e-10
973.0 1.7177703487067375e-10
974.0 1.7177703487067375e-10
975.0 1.7177703487067375e-10
976.0 0.006322836270555854
977.0 0.006204022793099284
978.0 0.0060852118622278795
979.0 0.005945696466369554
980.0 0.0058061796153197065
981.0 0.005685768701368943
982.0 0.005565358878811821
983.0 0.005433596015791409
984.0 0.005301833516568877
985.0 0.00503221781400498
986.0 0.004762601383845322
987.0 0.0048399924708064646
988.0 0.0049173831939697266
989.0 0.004780197559739463
990.0 0.00464301228930708
991.0 0.004749857180286199
992.0 0.004856702435063198
993.0 0.0048129393690032884
994.0 0.004769175939145498
995.0 0.004699231431004591
996.0 0.004629286559065804
997.0 0.004483031443669461
998.0 0.004336775964475237
999.0 0.004283887392375618
1000.0 0.004230998456478119
1001.0 0.004393381459522061
1002.0 0.0045557640987681225
1003.0 0.004506156255956739
1004.0 0.004456548413145356
1005.0 0.00430281252192799
1006.0 0.004149076630710624
1007.0 0.004195476503809914
1008.0 0.0042418767407070845
1009.0 0.004316773629398085
1010.0 0.004391671245684847
1011.0 0.004481982978177257
1012.0 0.004572295438265428
1013.0 0.0043934796849498525
1014.0 0.004214663567836396
1015.0 0.0043932170228799805
1016.0 0.004571769750327803
1017.0 0.004846419324167073
1018.0 0.005121069625602104
1019.0 0.004900526619167067
1020.0 0.00467998324893415
1021.0 0.004676297248806804
1022.0 0.004672610884881578
1023.0 0.004578108200803399
1024.0 0.00448360551672522
1025.0 0.004624212670023553
1026.0 0.004764819823321886
1027.0 0.004696610631071962
1028.0 0.0046284014388220385
1029.0 0.004697834083344787
1030.0 0.004767267455463298
1031.0 0.00476134373457171
1032.0 0.004755420013680123
1033.0 0.004858109605265781
1034.0 0.004960799924447201
1035.0 0.005182280801818706
1036.0 0.005403761679190211
1037.0 0.00543243731954135
1038.0 0.005461112596094608
1039.0 0.005302100908011198
1040.0 0.005143088856129907
1041.0 0.005593836249317974
1042.0 0.006044584006303921
1043.0 0.005475987563841045
1044.0 0.0049073911213781685
1045.0 0.005672076076734811
1046.0 0.006436761032091454
1047.0 0.006194620073074475
1048.0 0.005952478022663854
1049.0 0.0060523481806740165
1050.0 0.00615221870248206
1051.0 0.006361352279782295
1052.0 0.006570487312274054
1053.0 0.006702406972181052
1054.0 0.00683432663208805
1055.0 0.007532643940066919
1056.0 0.008230961975641549
1057.0 0.00782041679485701
1058.0 0.007409872341668233
1059.0 0.00770743572502397
1060.0 0.008004997653188184
1061.0 0.008465247810818255
1062.0 0.008925498696044087
1063.0 0.008695869473740458
1064.0 0.00846624025143683
1065.0 0.00869031500769779
1066.0 0.008914392674341798
1067.0 0.00909732625586912
1068.0 0.009280261292587966
1069.0 0.010177137301070616
1070.0 0.011074014037149027
1071.0 0.010684962035156786
1072.0 0.010295910760760307
1073.0 0.010370790550950915
1074.0 0.010445671068737283
1075.0 0.011226011702092364
1076.0 0.012006355245830491
1077.0 0.011836656631203368
1078.0 0.011666957288980484
1079.0 0.01284049212699756
1080.0 0.014014026965014637
1081.0 0.014037798973731697
1082.0 0.014061573892831802
1083.0 0.013889235560782254
1084.0 0.013716895773541182
1085.0 0.014333068975247443
1086.0 0.014949246542528272
1087.0 0.015070111840032041
1088.0 0.015190981503110379
1089.0 0.016290851635858417
1090.0 0.01739072031341493
1091.0 0.017489150923211128
1092.0 0.017587575712241232
1093.0 0.017222409951500595
1094.0 0.01685724128037691
1095.0 0.017710986139718443
1096.0 0.018564732454251498
1097.0 0.0192565014003776
1098.0 0.019948270346503705
1099.0 0.02247119409730658
1100.0 0.024994113482534885
1101.0 0.024583007325418293
1102.0 0.02417189971311018
1103.0 0.02542513539083302
1104.0 0.02667836961336434
1105.0 0.0269371026661247
1106.0 0.02719583862926811
1107.0 0.027759649674408138
1108.0 0.028323466540314257
1109.0 0.029809153056703508
1110.0 0.031294842483475804
1111.0 0.0317845115205273
1112.0 0.0322741805575788
1113.0 0.033189941314049065
1114.0 0.03410570789128542
1115.0 0.03318007220514119
1116.0 0.032254442339763045
1117.0 0.03339896793477237
1118.0 0.0345434935297817
1119.0 0.03692972240969539
1120.0 0.03931594837922603
1121.0 0.0416344846598804
1122.0 0.043953023850917816
1123.0 0.04402796912472695
1124.0 0.04410291148815304
1125.0 0.04458041221369058
1126.0 0.04505791584961116
1127.0 0.048434376367367804
1128.0 0.051810836885124445
1129.0 0.056022516218945384
1130.0 0.06023419555276632
1131.0 0.059199059614911675
1132.0 0.058163912035524845
1133.0 0.060266838409006596
1134.0 0.062369758961722255
1135.0 0.06173140718601644
1136.0 0.061093049589544535
1137.0 0.06632223376072943
1138.0 0.07155142375268042
1139.0 0.07727023330517113
1140.0 0.0829890021122992
1141.0 0.09164215298369527
1142.0 0.10029528057202697
1143.0 0.11834782781079412
1144.0 0.13640032848343253
1145.0 0.2639176556840539
1146.0 0.3914350178092718
1147.0 0.8054504171013832
1148.0 1.2194658629596233
1149.0 1.399420853704214
1150.0 1.579376868903637
