lsstCam/transmission_filter_detector/r10_s20/z_20/19700101T000000.ecsv
# %ECSV 1.0
# ---
# datatype:
# - {name: wavelength, unit: nm, datatype: float32}
# - {name: efficiency, unit: '%', datatype: float64}
# meta: !!omap
# - {MODE: DETECTOR}
# - {TYPE: transmission_filter_detector}
# - {CALIBDATE: '1970-01-01T00:00:00'}
# - {INSTRUME: LSSTCam}
# - {OBSTYPE: transmission_filter_detector}
# - {CALIBCLS: lsst.ip.isr.IntermediateFilterDetectorTransmissionCurve}
# - {SOURCE: Materion (DM-46256)}
# - {DETECTOR: 33}
# - {FILTER: z_20}
# - {CALIB_ID: 'calibDate=1970-01-01T00:00:00 filter=z_20 detector=33'}
# - {DATE: '2025-04-02T15:59:48.787797'}
# - {CALIB_CREATION_DATE: '2025-04-02'}
# - {CALIB_CREATION_TIME: '15:59:48'}
# - __serialized_columns__:
#     efficiency:
#       __class__: astropy.units.quantity.Quantity
#       unit: !astropy.units.Unit {unit: '%'}
#       value: !astropy.table.SerializedColumn {name: efficiency}
#     wavelength:
#       __class__: astropy.units.quantity.Quantity
#       unit: !astropy.units.Unit {unit: nm}
#       value: !astropy.table.SerializedColumn {name: wavelength}
# schema: astropy-2.0
wavelength efficiency
300.0 0.8515846915543079
301.0 0.5763846449553967
302.0 0.3011847846210003
303.0 0.2935917116701603
304.0 0.28599868528544903
305.0 0.2435530535876751
306.0 0.2011073986068368
307.0 0.18288855208083987
308.0 0.16466971719637513
309.0 0.14438522048294544
310.0 0.12410072376951575
311.0 0.12472174130380154
312.0 0.12534278212115169
313.0 0.10998527286574244
314.0 0.09462777525186539
315.0 0.09456174448132515
316.0 0.09449571371078491
317.0 0.07931774016469717
318.0 0.0641397840809077
319.0 0.06400474230758846
320.0 0.06386970053426921
321.0 0.06287654396146536
322.0 0.06188338156789541
323.0 0.05424988339655101
324.0 0.046616391045972705
325.0 0.04333681135904044
326.0 0.04005723167210817
327.0 0.03870470973197371
328.0 0.03735218779183924
329.0 0.03341178817208856
330.0 0.02947139146272093
331.0 0.02697523741517216
332.0 0.02447908336762339
333.0 0.023458086070604622
334.0 0.022437087318394333
335.0 0.021225026284810156
336.0 0.020012965251225978
337.0 0.02397770731477067
338.0 0.02794244501274079
339.0 0.023756484733894467
340.0 0.019570530275814235
341.0 0.01679870911175385
342.0 0.014026890858076513
343.0 0.013768115604761988
344.0 0.013509341806638986
345.0 0.012841715943068266
346.0 0.012174089351901785
347.0 0.011432324390625581
348.0 0.010690562339732423
349.0 0.013136981579009444
350.0 0.015583403001073748
351.0 0.012967450311407447
352.0 0.010351492528570816
353.0 0.01102083406294696
354.0 0.011690174142131582
355.0 0.01000664196908474
356.0 0.008323109068442136
357.0 0.009336791845271364
358.0 0.010350478260079399
359.0 0.009964018681785092
360.0 0.009577559103490785
361.0 0.008769358828430995
362.0 0.007961161463754252
363.0 0.009246337867807597
364.0 0.010531514999456704
365.0 0.010214323992840946
366.0 0.009897135896608233
367.0 0.00867627895786427
368.0 0.007455420563928783
369.0 0.007849204848753288
370.0 0.008242989133577794
371.0 0.008161431469488889
372.0 0.008079874532995746
373.0 0.007149975863285363
374.0 0.006220079376362264
375.0 0.006428237247746438
376.0 0.00663639439153485
377.0 0.006906342605361715
378.0 0.007176289363997057
379.0 0.0061109240050427616
380.0 0.005045558646088466
381.0 0.003213002491975203
382.0 0.00138044624691247
383.0 0.0035570570616982877
384.0 0.005733667785534635
385.0 0.005516587407328188
386.0 0.005299506665323861
387.0 0.005893973138881847
388.0 0.006488439976237714
389.0 0.005739496918977238
390.0 0.004990554953110404
391.0 0.004628851456800476
392.0 0.004267147960490547
393.0 0.00471478997496888
394.0 0.005162432353245094
395.0 0.004269595592631958
396.0 0.0033767584682209417
397.0 0.003537353768479079
398.0 0.0036979487049393356
399.0 0.003966339500038885
400.0 0.004234729567542672
401.0 0.0048346686526201665
402.0 0.005434607737697661
403.0 0.005111460995976813
404.0 0.004788314618053846
405.0 0.003811546412180178
406.0 0.0028347787520033307
407.0 0.0014735585864400491
408.0 0.00011233897794227232
409.0 0.0017170345017802902
410.0 0.0033217300369869918
411.0 0.003977937376475893
412.0 0.004634144715964794
413.0 0.004449636617209762
414.0 0.00426512815465685
415.0 0.0035482487874105573
416.0 0.002831369965861086
417.0 0.0038428319385275245
418.0 0.0048542940930929035
419.0 0.004325975532992743
420.0 0.0037976569728925824
421.0 0.0036319423088571057
422.0 0.003466227644821629
423.0 0.003451947122812271
424.0 0.0034376673283986747
425.0 0.0025715331503306516
426.0 0.0017053991541615687
427.0 0.001803338818717748
428.0 0.0019012788470718078
429.0 0.0011502384950290434
430.0 0.00039919859773362987
431.0 0.0006146886335045565
432.0 0.0008301785783260129
433.0 0.000724047640687786
434.0 0.0006179167485242942
435.0 0.0013058267541055102
436.0 0.001993736623262521
437.0 0.001993310797843151
438.0 0.0019928846086259
439.0 0.002083489380311221
440.0 0.002174094333895482
441.0 0.0016426345609943382
442.0 0.0011111747880931944
443.0 0.0022954653104534373
444.0 0.0034797554690157995
445.0 0.0034109798434656113
446.0 0.003342204217915423
447.0 0.0026551644623395987
448.0 0.0019681248886627145
449.0 0.002534218401706312
450.0 0.0031003120966488495
451.0 0.002434414636809379
452.0 0.0017685166312730871
453.0 0.0016465450244140811
454.0 0.0015245735994540155
455.0 0.0022985219402471557
456.0 0.003072470281040296
457.0 0.002243397648271639
458.0 0.0014143250155029818
459.0 0.0015543835615972057
460.0 0.00169444228959037
461.0 0.000830216049507726
462.0 1.7177703487067375e-10
463.0 0.0009969799975806382
464.0 0.002027970549534075
465.0 0.002199722803197801
466.0 0.0023714752387604676
467.0 0.0021012258002883755
468.0 0.001830975634220522
469.0 0.001629208964004647
470.0 0.0014274418390414212
471.0 0.0013265413144836202
472.0 0.0012256410627742298
473.0 0.0012185344530735165
474.0 0.0012114278433728032
475.0 0.00111183435365092
476.0 0.0010122407729795668
477.0 0.001295387846766971
478.0 0.0015785346477059647
479.0 0.0019061448256252334
480.0 0.002233755003544502
481.0 0.0017731728803482838
482.0 0.0013125908481015358
483.0 0.0009089455488719977
484.0 0.0005053002951171948
485.0 0.0012767361113219522
486.0 0.0020481718820519745
487.0 0.0014683520930702798
488.0 0.0008885323040885851
489.0 0.0016370144294342026
490.0 0.0023854967366787605
491.0 0.00218312197830528
492.0 0.0019807472199318
493.0 0.001885938945633825
494.0 0.0017911310351337306
495.0 0.0016129275536513887
496.0 0.0014347239812195767
497.0 0.001269472613785183
498.0 0.0011042214282497298
499.0 0.00123376185001689
500.0 0.001363302635581931
501.0 0.0009124286407313775
502.0 0.0004615544639818836
503.0 0.0013322505765245296
504.0 0.0022029465981177054
505.0 0.0022871452529216185
506.0 0.0023713439077255316
507.0 0.0022997597625362687
508.0 0.0022281756173470058
509.0 0.0018832992282113992
510.0 0.0015384233847726136
511.0 0.0012200548553664703
512.0 0.0009016863259603269
513.0 0.0013012318959226832
514.0 0.0017007776477839798
515.0 0.0013024369764025323
516.0 0.0009040967597684357
517.0 0.000905138767848257
518.0 0.0009061805940291379
519.0 0.001075860382115934
520.0 0.0012455398064048495
521.0 0.001631381019251421
522.0 0.002017222323047463
523.0 0.0013697048416361213
524.0 0.0007221874056995148
525.0 0.0007733518032182474
526.0 0.000824516246211715
527.0 0.0011559457561816089
528.0 0.001487375448050443
529.0 0.0012912806596432347
530.0 0.0010951853255392052
531.0 0.001159109979198547
532.0 0.0012230344509589486
533.0 0.0008864711162459571
534.0 0.0005499075996340252
535.0 0.001194301057694247
536.0 0.0018386945157544687
537.0 0.0018181510313297622
538.0 0.001797607728803996
539.0 0.0012319988854869734
540.0 0.0006663896783720702
541.0 0.0007570577508886345
542.0 0.0008477257324557286
543.0 0.0012221106771903578
544.0 0.0015964957128744572
545.0 0.0010506122634978965
546.0 0.0005047290414950112
547.0 0.0011908567103091627
548.0 0.0018769840608001687
549.0 0.00173713342519477
550.0 0.0015972826076904312
551.0 0.0016450343537144363
552.0 0.0016927860997384414
553.0 0.001364205490972381
554.0 0.0010356246093579102
555.0 0.0010020458830695134
556.0 0.0009684670658316463
557.0 0.0013298019439389464
558.0 0.001691136640147306
559.0 0.0017025882698362693
560.0 0.0017140393538284115
561.0 0.0015241838809743058
562.0 0.0013343283171707299
563.0 0.001186461577162845
564.0 0.0010385948371549603
565.0 0.00186164634214947
566.0 0.0026846983018913306
567.0 0.0030084094760240987
568.0 0.0033321204682579264
569.0 0.003058535003219731
570.0 0.0027849497200804763
571.0 0.002627026151458267
572.0 0.0024691022190381773
573.0 0.002003499866987113
574.0 0.001537897696834989
575.0 0.0019629940652521327
576.0 0.002388090251770336
577.0 0.002006101749429945
578.0 0.0016241136108874343
579.0 0.001726484697428532
580.0 0.0018288556020706892
581.0 0.001627097481105011
582.0 0.0014253392691898625
583.0 0.0018319196897209622
584.0 0.002238500201201532
585.0 0.002511588536435738
586.0 0.002784676689771004
587.0 0.002218275585619267
588.0 0.001651873935770709
589.0 0.0022907022867002524
590.0 0.002929530637629796
591.0 0.0019677687305375002
592.0 0.0010060066415462643
593.0 0.0007883275429776404
594.0 0.0005706482170353411
595.0 0.0010258995644107927
596.0 0.0014811508663115092
597.0 0.00138933637572336
598.0 0.0012975217941857409
599.0 0.0009274440344597679
600.0 0.0005573663202085299
601.0 0.0005423897619039053
602.0 0.0005274129307508701
603.0 0.0009643114026403055
604.0 0.0014012093743076548
605.0 0.0008952441021392588
606.0 0.000389278466172982
607.0 0.0007443667072948301
608.0 0.0010994549484166782
609.0 0.0011273330528638326
610.0 0.0011552108844625764
611.0 0.0010195538379775826
612.0 0.0008838967005431186
613.0 0.0008277065717265941
614.0 0.0007715164429100696
615.0 0.0012244459867361002
616.0 0.0016773758034105413
617.0 0.0021258971173665486
618.0 0.002574418431322556
619.0 0.0021728747015004046
620.0 0.001771330789779313
621.0 0.00152346274262527
622.0 0.0012755944226228166
623.0 0.0016035137377912179
624.0 0.001931432962010149
625.0 0.001689041528152302
626.0 0.0014466502761933953
627.0 0.001900401730381418
628.0 0.002354153730266262
629.0 0.0021268384443828836
630.0 0.001899522976600565
631.0 0.0017058682715287432
632.0 0.0015122132026590407
633.0 0.0018252161680720747
634.0 0.0021382194972829893
635.0 0.00507599106640555
636.0 0.008013761544134468
637.0 0.015263742534443736
638.0 0.022513724979944527
639.0 0.019629373855423182
640.0 0.01674502418609336
641.0 0.014528776227962226
642.0 0.012312534090597183
643.0 0.009835543460212648
644.0 0.007358555012615398
645.0 0.006635914905928075
646.0 0.005913275890634395
647.0 0.005483396671479568
648.0 0.00505351708852686
649.0 0.004145836282987148
650.0 0.0032381562050431967
651.0 0.003625937824836001
652.0 0.004013719444628805
653.0 0.00330012189806439
654.0 0.0025865241696010344
655.0 0.00276583759841742
656.0 0.002945151754829567
657.0 0.002898151615227107
658.0 0.002851150929927826
659.0 0.0026882322345045395
660.0 0.002525313539081253
661.0 0.0027053451049141586
662.0 0.0028853763069491833
663.0 0.001978369073185604
664.0 0.0010713620213209651
665.0 0.0015620567864971235
666.0 0.0020527519154711626
667.0 0.0023684449843131006
668.0 0.002684138235053979
669.0 0.0019811815946013667
670.0 0.0012782251360476948
671.0 0.0010016561645898037
672.0 0.0007250871021824423
673.0 0.001321222043770831
674.0 0.0019173572582076304
675.0 0.0020501356630120426
676.0 0.002182914067816455
677.0 0.0019568073184927925
678.0 0.0017307000234723091
679.0 0.0014384286259883083
680.0 0.0011461570466053672
681.0 0.0012599645742739085
682.0 0.001373771738144569
683.0 0.002440772732370533
684.0 0.003507773726596497
685.0 0.0028645603379118256
686.0 0.0022213474949239753
687.0 0.00169121049111709
688.0 0.0011610735782596748
689.0 0.0015143666132644285
690.0 0.001867659557319712
691.0 0.002154540015908424
692.0 0.0024414202925981954
693.0 0.002828685683198273
694.0 0.003215951073798351
695.0 0.0033264303056057543
696.0 0.003436909173615277
697.0 0.003727441799128428
698.0 0.004017974060843699
699.0 0.005962629438727163
700.0 0.007907284452812746
701.0 0.007408986857626587
702.0 0.006910687807248905
703.0 0.006340941763482988
704.0 0.005771196083514951
705.0 0.005142816735315137
706.0 0.004514438478508964
707.0 0.004309079668018967
708.0 0.004103720493731089
709.0 0.004313950194045901
710.0 0.004524179894360714
711.0 0.003996397936134599
712.0 0.0034686163417063653
713.0 0.0024786269932519644
714.0 0.0014886376447975636
715.0 0.0021829102479387075
716.0 0.0028771828510798514
717.0 0.0024966082492028363
718.0 0.002116033101629
719.0 0.0016523676094948314
720.0 0.0011887018445122521
721.0 0.001152555978478631
722.0 0.0011164098395965993
723.0 0.0010100554391101468
724.0 0.0009037009476742242
725.0 0.0013007225788896903
726.0 0.001697744482953567
727.0 0.0017032964024110697
728.0 0.0017088479580706917
729.0 0.0017719836250762455
730.0 0.0018351192920817994
731.0 0.0013628088709083386
732.0 0.0008904986316338181
733.0 0.0009764682545210235
734.0 0.0010624376955092885
735.0 0.0011125828677904792
736.0 0.0011627276762737893
737.0 0.0013498207408702
738.0 0.001536913805466611
739.0 0.0011576328688533977
740.0 0.0007783520231896546
741.0 0.0010178589946008287
742.0 0.0012573658750625327
743.0 0.0015987592632882297
744.0 0.0019401524696149863
745.0 0.0013210972610977478
746.0 0.0007020420980552444
747.0 0.0011777056897699367
748.0 0.0016533693269593641
749.0 0.002327429137949366
750.0 0.003001488948939368
751.0 0.0030379627787624486
752.0 0.0030744369723834097
753.0 0.003026699232577812
754.0 0.0029789616746711545
755.0 0.0019775659893639386
756.0 0.0009761703950061928
757.0 0.0019347784473211505
758.0 0.0028933867724845186
759.0 0.002777043846435845
760.0 0.002660700738488231
761.0 0.004509771315497346
762.0 0.0063588413468096405
763.0 0.005797900303150527
764.0 0.0052369596232892945
765.0 0.00530980723851826
766.0 0.005382654853747226
767.0 0.004734312460641377
768.0 0.0040859707951312885
769.0 0.0036596098652807996
770.0 0.0032332489354303107
771.0 0.003958293018513359
772.0 0.004683336374000646
773.0 0.00403095873480197
774.0 0.0033785810956032947
775.0 1.7177703487067375e-10
776.0 0.09505192283540964
777.0 0.06698151701129973
778.0 0.05498946411535144
779.0 1.7177703487067375e-10
780.0 0.09115294669754803
781.0 0.051242264453321695
782.0 1.7177703487067375e-10
783.0 0.04278031992726028
784.0 0.0331078510498628
785.0 1.7177703487067375e-10
786.0 0.011562240251805633
787.0 1.7177703487067375e-10
788.0 0.013390433741733432
789.0 1.7177703487067375e-10
790.0 1.7177703487067375e-10
791.0 0.030465223244391382
792.0 0.03718998050317168
793.0 1.7177703487067375e-10
794.0 0.09809751063585281
795.0 1.7177703487067375e-10
796.0 0.07635705405846238
797.0 0.09474871912971139
798.0 0.20459273364394903
799.0 0.2608244773000479
800.0 0.3109392011538148
801.0 0.6997061893343925
802.0 1.0759840719401836
803.0 1.8668759614229202
804.0 2.964283525943756
805.0 4.41490039229393
806.0 6.3331156969070435
807.0 8.775383234024048
808.0 11.411840468645096
809.0 14.58008736371994
810.0 18.001441657543182
811.0 21.316680312156677
812.0 24.698597192764282
813.0 28.973639011383057
814.0 33.53057503700256
815.0 39.119261503219604
816.0 44.951725006103516
817.0 51.70903205871582
818.0 58.83477330207825
819.0 65.4910683631897
820.0 73.45852255821228
821.0 79.969322681427
822.0 85.54733991622925
823.0 89.14210796356201
824.0 93.09967160224915
825.0 95.73976397514343
826.0 96.9991683959961
827.0 98.16476702690125
828.0 99.46722388267517
829.0 98.90960454940796
830.0 98.85769486427307
831.0 98.9953100681305
832.0 98.38828444480896
833.0 99.51364994049072
834.0 98.08780550956726
835.0 98.94007444381714
836.0 98.65590333938599
837.0 99.12214279174805
838.0 97.84098267555237
839.0 98.05679321289062
840.0 98.64429235458374
841.0 99.36407208442688
842.0 99.14509057998657
843.0 99.60486888885498
844.0 97.75576591491699
845.0 98.3935534954071
846.0 98.80483150482178
847.0 99.02684688568115
848.0 99.74207282066345
849.0 98.63918423652649
850.0 97.82230257987976
851.0 98.92638921737671
852.0 99.05683398246765
853.0 98.52030873298645
854.0 99.60141181945801
855.0 98.21984767913818
856.0 98.60116839408875
857.0 98.09823632240295
858.0 98.54021072387695
859.0 99.08919930458069
860.0 98.53653311729431
861.0 98.92548322677612
862.0 98.82417917251587
863.0 98.36463332176208
864.0 99.17725920677185
865.0 99.93418455123901
866.0 98.37453365325928
867.0 99.17317628860474
868.0 99.41774010658264
869.0 98.90556335449219
870.0 97.8389322757721
871.0 98.4467625617981
872.0 98.91397953033447
873.0 99.25733208656311
874.0 99.82622265815735
875.0 98.66158962249756
876.0 99.11308288574219
877.0 99.36594367027283
878.0 98.74771237373352
879.0 98.4592616558075
880.0 98.36498498916626
881.0 99.96281862258911
882.0 98.58272075653076
883.0 98.65614771842957
884.0 98.78653287887573
885.0 98.91574382781982
886.0 98.66943359375
887.0 98.36993217468262
888.0 98.73076677322388
889.0 99.56008791923523
890.0 98.35349917411804
891.0 99.06136989593506
892.0 98.72902035713196
893.0 98.4784185886383
894.0 98.2894778251648
895.0 99.37174916267395
896.0 98.96956086158752
