lsstCam/transmission_filter_detector/r33_s22/z_20/19700101T000000.ecsv
# %ECSV 1.0
# ---
# datatype:
# - {name: wavelength, unit: nm, datatype: float32}
# - {name: efficiency, unit: '%', datatype: float64}
# meta: !!omap
# - {MODE: DETECTOR}
# - {TYPE: transmission_filter_detector}
# - {CALIBDATE: '1970-01-01T00:00:00'}
# - {INSTRUME: LSSTCam}
# - {OBSTYPE: transmission_filter_detector}
# - {CALIBCLS: lsst.ip.isr.IntermediateFilterDetectorTransmissionCurve}
# - {SOURCE: Materion (DM-46256)}
# - {DETECTOR: 152}
# - {FILTER: z_20}
# - {CALIB_ID: 'calibDate=1970-01-01T00:00:00 filter=z_20 detector=152'}
# - {DATE: '2025-04-02T15:59:49.345405'}
# - {CALIB_CREATION_DATE: '2025-04-02'}
# - {CALIB_CREATION_TIME: '15:59:49'}
# - __serialized_columns__:
#     efficiency:
#       __class__: astropy.units.quantity.Quantity
#       unit: !astropy.units.Unit {unit: '%'}
#       value: !astropy.table.SerializedColumn {name: efficiency}
#     wavelength:
#       __class__: astropy.units.quantity.Quantity
#       unit: !astropy.units.Unit {unit: nm}
#       value: !astropy.table.SerializedColumn {name: wavelength}
# schema: astropy-2.0
wavelength efficiency
[from data line 597]
897.0 99.11659359931946
898.0 98.6204445362091
899.0 98.50161671638489
900.0 98.9877700805664
901.0 99.18071031570435
902.0 99.14987683296204
903.0 98.51648211479187
904.0 97.56786823272705
905.0 98.64654541015625
906.0 97.69389629364014
907.0 98.65975379943848
908.0 98.29698204994202
909.0 98.30337166786194
910.0 97.90714979171753
911.0 96.98559045791626
912.0 95.8629310131073
913.0 94.40667033195496
914.0 92.27070212364197
915.0 89.8226261138916
916.0 87.81113028526306
917.0 86.15606427192688
918.0 82.65458345413208
919.0 81.74416422843933
920.0 78.7929892539978
921.0 74.57529306411743
922.0 70.35375833511353
923.0 64.4644021987915
924.0 58.933764696121216
925.0 53.425806760787964
926.0 47.47661650180817
927.0 40.17154276371002
928.0 34.376323223114014
929.0 28.001242876052856
930.0 22.524435818195343
931.0 17.37663298845291
932.0 11.995933204889297
933.0 7.858690619468689
934.0 5.032360926270485
935.0 3.031099960207939
936.0 1.903437077999115
937.0 1.0243204422295094
938.0 0.6074490956962109
939.0 0.39892448112368584
940.0 0.1905257347971201
941.0 0.02719780895859003
942.0 0.004158902811468579
943.0 1.6244841843232605e-10
944.0 1.6244841843232605e-10
945.0 0.039527416811324656
946.0 0.10562445968389511
947.0 0.06505255005322397
948.0 1.6244841843232605e-10
949.0 1.6244841843232605e-10
950.0 0.05550467176362872
951.0 0.08252919069491327
952.0 0.0002603582061055931
953.0 1.6244841843232605e-10
954.0 1.6244841843232605e-10
955.0 1.6244841843232605e-10
956.0 1.6244841843232605e-10
957.0 0.057124014711007476
958.0 1.6244841843232605e-10
959.0 0.08565455209463835
960.0 1.6244841843232605e-10
961.0 1.6244841843232605e-10
962.0 1.6244841843232605e-10
963.0 0.032995425863191485
964.0 0.15215995954349637
965.0 1.6244841843232605e-10
966.0 1.6244841843232605e-10
967.0 1.6244841843232605e-10
968.0 1.6244841843232605e-10
969.0 1.6244841843232605e-10
970.0 0.04479681374505162
971.0 1.6244841843232605e-10
972.0 0.011361909855622798
973.0 1.6244841843232605e-10
974.0 0.007015048322500661
975.0 1.6244841843232605e-10
976.0 0.006168305844767019
977.0 0.006010847937432118
978.0 0.0058533911214908585
979.0 0.0057789049606071785
980.0 0.005704418435925618
981.0 0.005567993866861798
982.0 0.0054315685702022165
983.0 0.005287173553369939
984.0 0.0051427781727397814
985.0 0.005109202538733371
986.0 0.00507562690472696
987.0 0.005062251875642687
988.0 0.005048876846558414
989.0 0.004923675805912353
990.0 0.0047984751290641725
991.0 0.0046007364289835095
992.0 0.004402998092700727
993.0 0.004513919338933192
994.0 0.004624840585165657
995.0 0.004508781057666056
996.0 0.004392721530166455
997.0 0.0043665619159583
998.0 0.004340401937952265
999.0 0.0044094700569985434
1000.0 0.004478538176044822
1001.0 0.004357935540610924
1002.0 0.004237332905177027
1003.0 0.004192873166175559
1004.0 0.004148413790971972
1005.0 0.004105074913240969
1006.0 0.004061736399307847
1007.0 0.004050316056236625
1008.0 0.004038895713165402
1009.0 0.004134642222197726
1010.0 0.004230389095027931
1011.0 0.004079498467035592
1012.0 0.0039286074752453715
1013.0 0.0040424751205137
1014.0 0.0041563427657820284
1015.0 0.004021829954581335
1016.0 0.0038873175071785226
1017.0 0.004108896609977819
1018.0 0.004330475712777115
1019.0 0.00428744351665955
1020.0 0.004244411684339866
1021.0 0.004136958887102082
1022.0 0.004029506089864299
1023.0 0.004183217242825776
1024.0 0.004336928395787254
1025.0 0.004256600368535146
1026.0 0.004176272341283038
1027.0 0.004316297781770118
1028.0 0.004456323222257197
1029.0 0.0044876087486045435
1030.0 0.004518894638749771
1031.0 0.004515669206739403
1032.0 0.004512443774729036
1033.0 0.004605049980455078
1034.0 0.004697656186181121
1035.0 0.0048180841986322775
1036.0 0.0049385122110834345
1037.0 0.0050938091590069234
1038.0 0.005249106470728293
1039.0 0.005245188003755175
1040.0 0.005241269172984175
1041.0 0.005153304664418101
1042.0 0.005065340519649908
1043.0 0.005363023592508398
1044.0 0.005660707029164769
1045.0 0.005794517346657813
1046.0 0.0059283276641508564
1047.0 0.005776953912572935
1048.0 0.005625580524792895
1049.0 0.005890622196602635
1050.0 0.0061556638684123755
1051.0 0.00656880292808637
1052.0 0.006981942715356126
1053.0 0.007033017027424648
1054.0 0.0070840898843016475
1055.0 0.007014916627667844
1056.0 0.00694574264343828
1057.0 0.007392981933662668
1058.0 0.007840221951482818
1059.0 0.00810683486633934
1060.0 0.008373447781195864
1061.0 0.008400976366829127
1062.0 0.008428504224866629
1063.0 0.008539466216461733
1064.0 0.008650428935652599
1065.0 0.008643101318739355
1066.0 0.00863577370182611
1067.0 0.008970738417701796
1068.0 0.009305703133577481
1069.0 0.009879828576231375
1070.0 0.010453952563693747
1071.0 0.010388428199803457
1072.0 0.010322903108317405
1073.0 0.010180890240008011
1074.0 0.010038877371698618
1075.0 0.01051208600983955
1076.0 0.010985293192788959
1077.0 0.011676733993226662
1078.0 0.012368176248855889
1079.0 0.012368167517706752
1080.0 0.01236816169694066
1081.0 0.013187226431909949
1082.0 0.014006291166879237
1083.0 0.013832082913722843
1084.0 0.01365787466056645
1085.0 0.013954524183645844
1086.0 0.014251176617108285
1087.0 0.014662819739896804
1088.0 0.015074464317876846
1089.0 0.01475260651204735
1090.0 0.014430750161409378
1091.0 0.015906240150798112
1092.0 0.017381730140186846
1093.0 0.016942189540714025
1094.0 0.016502647486049682
1095.0 0.01709531934466213
1096.0 0.0176879926584661
1097.0 0.018462687148712575
1098.0 0.019237380183767527
1099.0 0.01961488014785573
1100.0 0.019992378656752408
1101.0 0.021471778745763004
1102.0 0.022951180289965123
1103.0 0.023800210328772664
1104.0 0.024649241822771728
1105.0 0.024467118782922626
1106.0 0.024284994287882
1107.0 0.025280340923927724
1108.0 0.02627568901516497
1109.0 0.027247241814620793
1110.0 0.028218800434842706
1111.0 0.029142730636522174
1112.0 0.030066663748584688
1113.0 0.029289611848071218
1114.0 0.028512562857940793
1115.0 0.029238115530461073
1116.0 0.0299636711133644
1117.0 0.030910034547559917
1118.0 0.03185640089213848
1119.0 0.0334537064190954
1120.0 0.03505100903566927
1121.0 0.036405533319339156
1122.0 0.037760054692626
1123.0 0.040584514499641955
1124.0 0.043408980127424
1125.0 0.04423846839927137
1126.0 0.04506795958150178
1127.0 0.04495370085351169
1128.0 0.044839445035904646
1129.0 0.0493921572342515
1130.0 0.053944875253364444
1131.0 0.05520089762285352
1132.0 0.05645692581310868
1133.0 0.056453095749020576
1134.0 0.05644926568493247
1135.0 0.06340894615277648
1136.0 0.07036862662062049
1137.0 0.07342156604863703
1138.0 0.07647451129741967
1139.0 0.08425068226642907
1140.0 0.09202684741467237
1141.0 0.10528628481552005
1142.0 0.11854569893330336
1143.0 0.18704469548538327
1144.0 0.25554371532052755
1145.0 0.5865245126187801
1146.0 0.9175052866339684
1147.0 1.324916072189808
1148.0 1.7323266714811325
1149.0 1.6963871195912361
1150.0 1.660447008907795
