lsstCam/transmission_filter_detector/r33_s22/z_20/19700101T000000.ecsv
# %ECSV 1.0
# ---
# datatype:
# - {name: wavelength, unit: nm, datatype: float32}
# - {name: efficiency, unit: '%', datatype: float64}
# meta: !!omap
# - {MODE: DETECTOR}
# - {TYPE: transmission_filter_detector}
# - {CALIBDATE: '1970-01-01T00:00:00'}
# - {INSTRUME: LSSTCam}
# - {OBSTYPE: transmission_filter_detector}
# - {CALIBCLS: lsst.ip.isr.IntermediateFilterDetectorTransmissionCurve}
# - {SOURCE: Materion (DM-46256)}
# - {DETECTOR: 152}
# - {FILTER: z_20}
# - {CALIB_ID: 'calibDate=1970-01-01T00:00:00 filter=z_20 detector=152'}
# - {DATE: '2025-04-02T15:59:49.345405'}
# - {CALIB_CREATION_DATE: '2025-04-02'}
# - {CALIB_CREATION_TIME: '15:59:49'}
# - __serialized_columns__:
#     efficiency:
#       __class__: astropy.units.quantity.Quantity
#       unit: !astropy.units.Unit {unit: '%'}
#       value: !astropy.table.SerializedColumn {name: efficiency}
#     wavelength:
#       __class__: astropy.units.quantity.Quantity
#       unit: !astropy.units.Unit {unit: nm}
#       value: !astropy.table.SerializedColumn {name: wavelength}
# schema: astropy-2.0
wavelength efficiency
300.0 0.40181856602430344
301.0 0.33884423319250345
302.0 0.27586985379457474
303.0 0.23612757213413715
304.0 0.19638531375676394
305.0 0.1760539598762989
306.0 0.1557225943543017
307.0 0.15160038601607084
308.0 0.14747814275324345
309.0 0.1371865626424551
310.0 0.12689497089013457
311.0 0.11894609779119492
312.0 0.11099722469225526
313.0 0.10250749764963984
314.0 0.09401777060702443
315.0 0.0858129991684109
316.0 0.07760821608826518
317.0 0.07175787468440831
318.0 0.06590752745978534
319.0 0.06458752322942019
320.0 0.06326752481982112
321.0 0.061696721240878105
322.0 0.06012591766193509
323.0 0.0563703419174999
324.0 0.05261476617306471
325.0 0.050014787120744586
326.0 0.047414813889190555
327.0 0.04200601833872497
328.0 0.03659722278825939
329.0 0.035514499177224934
330.0 0.03443176974542439
331.0 0.03432720259297639
332.0 0.03422263253014535
333.0 0.030163698829710484
334.0 0.026104762218892574
335.0 0.025429201195947826
336.0 0.02475364599376917
337.0 0.020475147175602615
338.0 0.016196649812627584
339.0 0.01751043164404109
340.0 0.018824217841029167
341.0 0.017443949764128774
342.0 0.01606368168722838
343.0 0.016092578880488873
344.0 0.016121476073749363
345.0 0.014601169095840305
346.0 0.013080859207548201
347.0 0.013446534285321832
348.0 0.01381220790790394
349.0 0.013238622341305017
350.0 0.01266503386432305
351.0 0.012082149623893201
352.0 0.011499265383463353
353.0 0.01115351406042464
354.0 0.010807767102960497
355.0 0.010920279601123184
356.0 0.011032795009668916
357.0 0.010917239706031978
358.0 0.010801683674799278
359.0 0.010519369971007109
360.0 0.010237056267214939
361.0 0.010268775804433972
362.0 0.010300496796844527
363.0 0.01013978326227516
364.0 0.00997906900011003
365.0 0.00989680556813255
366.0 0.009814542136155069
367.0 0.009034498361870646
368.0 0.008254453859990463
369.0 0.008513229840900749
370.0 0.008772007277002558
371.0 0.008447728032479063
372.0 0.008123449515551329
373.0 0.00789420519140549
374.0 0.007664959412068129
375.0 0.006292002217378467
376.0 0.004919044658890925
377.0 0.004778340371558443
378.0 0.004637635356630199
379.0 0.005127655822434463
380.0 0.005617676652036607
381.0 0.0054607233323622495
382.0 0.005303769648890011
383.0 0.004938716665492393
384.0 0.004573663318296894
385.0 0.004383410123409703
386.0 0.004193157292320393
387.0 0.004518795321928337
388.0 0.004844433351536281
389.0 0.004759975126944482
390.0 0.004675517266150564
391.0 0.004334105324232951
392.0 0.003992693746113218
393.0 0.003927573561668396
394.0 0.003862452649627812
395.0 0.003606523750931956
396.0 0.0033505948522360995
397.0 0.0036021945561515167
398.0 0.003853794260066934
399.0 0.00384640516131185
400.0 0.0038390164263546467
401.0 0.00494283958687447
402.0 0.006046662383596413
403.0 0.005078479807707481
404.0 0.004110296868020669
405.0 0.004332475873525254
406.0 0.0045546545152319595
407.0 0.004603974230121821
408.0 0.0046532943088095635
409.0 0.004211635678075254
410.0 0.003769977411138825
411.0 0.00440745752712246
412.0 0.005044937279308215
413.0 0.005268905442790128
414.0 0.005492873242474161
415.0 0.004764626282849349
416.0 0.004036379323224537
417.0 0.0030461136702797376
418.0 0.0020558481992338784
419.0 0.0027837377274408937
420.0 0.0035116274375468493
421.0 0.0028350597858661786
422.0 0.0021584923160844482
423.0 0.002595290425233543
424.0 0.003032088716281578
425.0 0.003107733209617436
426.0 0.003183377702953294
427.0 0.0030138009606162086
428.0 0.0028442242182791233
429.0 0.0024073066015262157
430.0 0.0019703891666722484
431.0 0.0020213805328239687
432.0 0.0020723717170767486
433.0 0.002266008232254535
434.0 0.0024596447474323213
435.0 0.003149901021970436
436.0 0.0038401576603064314
437.0 0.0031072158890310675
438.0 0.0023742739358567633
439.0 0.00222029302676674
440.0 0.002066311935777776
441.0 0.0021090012523927726
442.0 0.002151690387108829
443.0 0.0021576603103312664
444.0 0.002163629869755823
445.0 0.0017566801034263335
446.0 0.0013497302461473737
447.0 0.0016412648619734682
448.0 0.0019327993868500926
449.0 0.0022401789465220645
450.0 0.0025475581423961557
451.0 0.0020864092221017927
452.0 0.0016252601199084893
453.0 0.0019975326722487807
454.0 0.0023698048607911915
455.0 0.002270138429594226
456.0 0.0021704723621951416
457.0 0.0016715239326003939
458.0 0.0011725755030056462
459.0 0.0014486073268926702
460.0 0.0017246391507796943
461.0 0.0015077531315910164
462.0 0.0012908672033518087
463.0 0.0013071199646219611
464.0 0.0013233728168415837
465.0 0.0012432918992999475
466.0 0.001163210799859371
467.0 0.0010129767360922415
468.0 0.0008627424904261716
469.0 0.0010370555173722096
470.0 0.0012113685443182476
471.0 0.0011905872270290274
472.0 0.0011698059097398072
473.0 0.0013716934518015478
474.0 0.0015735809938632883
475.0 0.0015197518223430961
476.0 0.001465922650822904
477.0 0.0013816120372212026
478.0 0.0012973015145689715
479.0 0.0015884786989772692
480.0 0.0018796559743350372
481.0 0.0016202789993258193
482.0 0.0013609021152660716
483.0 0.0012126940418966115
484.0 0.0010644859685271513
485.0 0.0012298844922042917
486.0 0.0013952831068309024
487.0 0.001198216250486439
488.0 0.0010011497579398565
489.0 0.0010604549061099533
490.0 0.0011197601452295203
491.0 0.001225017877004575
492.0 0.0013302756087796297
493.0 0.001591175350768026
494.0 0.001852075001806952
495.0 0.001682880065345671
496.0 0.0015136853107833304
497.0 0.0015889927453827113
498.0 0.0016643001799820922
499.0 0.0017249003576580435
500.0 0.0017855003534350544
501.0 0.0016039808542700484
502.0 0.001422461627953453
503.0 0.0012143301319156308
504.0 0.0010061987268272787
505.0 0.0015482026356039569
506.0 0.002090205998683814
507.0 0.00165813289640937
508.0 0.0012260597031854559
509.0 0.0011800708307418972
510.0 0.0011340818673488684
511.0 0.0010963654858642258
512.0 0.0010586488315311726
513.0 0.0013195006431487855
514.0 0.0015803523638169281
515.0 0.0014709137758472934
516.0 0.0013614750969281886
517.0 0.001131914814322954
518.0 0.0009023547136166599
519.0 0.0012745766071020626
520.0 0.0016467985915369354
521.0 0.0017080963516491465
522.0 0.0017693944755592383
523.0 0.0016544294339837506
524.0 0.0015394642105093226
525.0 0.0013264875633467454
526.0 0.0011135109161841683
527.0 0.0011695584362314548
528.0 0.0012256061381776817
529.0 0.001112457630370045
530.0 0.0009993091225624084
531.0 0.0012395224075589795
532.0 0.0014797356925555505
533.0 0.0014903191186022013
534.0 0.0015009023627499118
535.0 0.0016635183783364482
536.0 0.001826134575821925
537.0 0.0017310127077507786
538.0 0.0016358908396796323
539.0 0.001291506032430334
540.0 0.0009471213161305059
541.0 0.0011528043614816852
542.0 0.001358487133984454
543.0 0.0010697890502342489
544.0 0.0007810907845851034
545.0 0.0012918951142637525
546.0 0.0018026992620434612
547.0 0.001582614640938118
548.0 0.0013625297469843645
549.0 0.0017266467693843879
550.0 0.0020907638827338815
551.0 0.0019548015188775025
552.0 0.0018188389731221832
553.0 0.0018585116777103394
554.0 0.001898184564197436
555.0 0.001889662780740764
556.0 0.0018811411791830324
557.0 0.00160762392624747
558.0 0.0013341065823624376
559.0 0.0013206021321821027
560.0 0.0013070975001028273
561.0 0.0011742317838070448
562.0 0.0010413660675112624
563.0 0.0012882238479505759
564.0 0.0015350819012383
565.0 0.0017309119357378222
566.0 0.0019267421521362849
567.0 0.002017470069404226
568.0 0.0021081978047732264
569.0 0.0023803462681826204
570.0 0.0026524952772888355
571.0 0.002696285446290858
572.0 0.0027400759790907614
573.0 0.0023774689907440916
574.0 0.0020148618204984814
575.0 0.0018809454559232108
576.0 0.001747028909449
577.0 0.0018636092136148363
578.0 0.0019801893358817324
579.0 0.001889168743218761
580.0 0.0017981481505557895
581.0 0.0018873464796342887
582.0 0.0019765446268138476
583.0 0.0017532247511553578
584.0 0.001529904875496868
585.0 0.0019547989722923376
586.0 0.0023796928871888667
587.0 0.0021174731955397874
588.0 0.001855253503890708
589.0 0.001981730201805476
590.0 0.002108206899720244
591.0 0.0018547274521552026
592.0 0.0016012481864891015
593.0 0.0012382785826048348
594.0 0.0008753090696700383
595.0 0.0009313101145380642
596.0 0.0009873108865576796
597.0 0.0007630008440173697
598.0 0.0005386908469517948
599.0 0.0007589004326291615
600.0 0.0009791099728317931
601.0 0.0008683869964443147
602.0 0.0007576639291073661
603.0 0.001167863592854701
604.0 0.0015780629837536253
605.0 0.001269791118829744
606.0 0.000961518981057452
607.0 0.0008961350431491155
608.0 0.0008307511961902492
609.0 0.0007028661457297858
610.0 0.0005749811407440575
611.0 0.0008877380423655268
612.0 0.001200494898512261
613.0 0.0012001941286143847
614.0 0.001199893722514389
615.0 0.001164028981293086
616.0 0.0011281641491223127
617.0 0.0014315401131170802
618.0 0.0017349160771118477
619.0 0.0016933807273744605
620.0 0.0016518455595360138
621.0 0.0014635964362241793
622.0 0.0012753474038618151
623.0 0.0013226499504526146
624.0 0.0013699524060939439
625.0 0.001561749741085805
626.0 0.0017535467122797854
627.0 0.0019533470549504273
628.0 0.0021531470338231884
629.0 0.0021827901946380734
630.0 0.0022124328097561374
631.0 0.0023668168068979867
632.0 0.002521200804039836
633.0 0.0029716360586462542
634.0 0.0034220713132526726
635.0 0.0058517023717286065
636.0 0.008281334885396063
637.0 0.015324198466259986
638.0 0.022367066412698478
639.0 0.020012703316751868
640.0 0.017658344586379826
641.0 0.015354098286479712
642.0 0.01304985344177112
643.0 0.009518585284240544
644.0 0.005987318581901491
645.0 0.0060434642364270985
646.0 0.006099610254750587
647.0 0.005740303822676651
648.0 0.005380997390602715
649.0 0.004350076778791845
650.0 0.003319156530778855
651.0 0.003405597453820519
652.0 0.0034920380130643025
653.0 0.002855831007764209
654.0 0.0022196238205651753
655.0 0.0023004722606856376
656.0 0.0023813208827050403
657.0 0.002461618532834109
658.0 0.0025419161829631776
659.0 0.002300695632584393
660.0 0.002059474900306668
661.0 0.0023964650608832017
662.0 0.002733455039560795
663.0 0.00223533406824572
664.0 0.0017372130969306454
665.0 0.0016066660464275628
666.0 0.0014761190868739504
667.0 0.0014279266906669363
668.0 0.001379734203510452
669.0 0.0013838362065143883
670.0 0.0013879382095183246
671.0 0.0011547522262844723
672.0 0.0009215661521011498
673.0 0.0013202710761106573
674.0 0.001718976091069635
675.0 0.0014385189388121944
676.0 0.0011580619684536941
677.0 0.001382963455398567
678.0 0.0016078651242423803
679.0 0.001671222344157286
680.0 0.001734579745971132
681.0 0.001862587669165805
682.0 0.0019905957742594182
683.0 0.002397090611339081
684.0 0.0028035858122166246
685.0 0.002616474375827238
686.0 0.0024293631213367917
687.0 0.002436960130580701
688.0 0.00244455695792567
689.0 0.0023652568415855058
690.0 0.002285956907144282
691.0 0.002216737630078569
692.0 0.002147518353012856
693.0 0.0026155683372053318
694.0 0.003083618503296748
695.0 0.0034615248296177015
696.0 0.003839431519736536
697.0 0.003894043038599193
698.0 0.003948654921259731
699.0 0.005614824112853967
700.0 0.007280994032043964
701.0 0.00725038189557381
702.0 0.007219771214295179
703.0 0.006543174822581932
704.0 0.00586658097745385
705.0 0.004840209658141248
706.0 0.0038138397940201685
707.0 0.0034703414712566882
708.0 0.0031268435122910887
709.0 0.0037125093513168395
710.0 0.004298175554140471
711.0 0.0040432274545310065
712.0 0.003788279718719423
713.0 0.0031515155569650233
714.0 0.0025147512133116834
715.0 0.0024349314116989262
716.0 0.002355111610086169
717.0 0.0021974048650008626
718.0 0.0020396983018144965
719.0 0.0019100147255812772
720.0 0.0017803313312469982
721.0 0.0022241527403821237
722.0 0.0026679741495172493
723.0 0.002556554136390332
724.0 0.002445134123263415
725.0 0.0019230685211368836
726.0 0.0014010030099598225
727.0 0.0014842793461866677
728.0 0.0015675555914640427
729.0 0.001394012178934645
730.0 0.0012204685845063068
731.0 0.0009063613106263801
732.0 0.0005922540367464535
733.0 0.000958531836658949
734.0 0.0013248096365714446
735.0 0.001152059394371463
736.0 0.0009793091521714814
737.0 0.0010715453754528426
738.0 0.0011637814168352634
739.0 0.0013518673767975997
740.0 0.0015399535186588764
741.0 0.00126516188174719
742.0 0.0009903704267344438
743.0 0.0011606634870986454
744.0 0.0013309566384123173
745.0 0.0016555668480577879
746.0 0.001980177330551669
747.0 0.001939606954692863
748.0 0.0018990365788340569
749.0 0.0026416255423100665
750.0 0.003384214505786076
751.0 0.002989800486830063
752.0 0.002595386831671931
753.0 0.0025908442694344558
754.0 0.002586301889095921
755.0 0.002433625741105061
756.0 0.0022809494112152606
757.0 0.002387208769505378
758.0 0.0024934679458965547
759.0 0.002649072303029243
760.0 0.002804676660161931
761.0 0.004534408435574733
762.0 0.006264139665290713
763.0 0.005712021084036678
764.0 0.0051599028665805236
765.0 0.004764556433656253
766.0 0.004369207817944698
767.0 0.0043100233597215265
768.0 0.004250838537700474
769.0 0.005014962880522944
770.0 0.0057790875871432945
771.0 0.004794438791577704
772.0 0.003809789996012114
773.0 0.003764775101444684
774.0 0.003719760206877254
775.0 1.6244841843232605e-10
776.0 0.021405925508588552
777.0 0.05412824684754014
778.0 0.04803783667739481
779.0 0.026123359566554427
780.0 0.07718848064541817
781.0 1.6244841843232605e-10
782.0 0.10642107808962464
783.0 0.06071967072784901
784.0 0.029853687738068402
785.0 0.02628775837365538
786.0 0.02930631162598729
787.0 0.025278690736740828
788.0 0.04375061544124037
789.0 1.6244841843232605e-10
790.0 1.6244841843232605e-10
791.0 0.002628098263812717
792.0 0.05387886776588857
793.0 0.09553084382787347
794.0 1.6244841843232605e-10
795.0 0.08541304850950837
796.0 0.14193683164194226
797.0 0.010436960292281583
798.0 0.1381470705382526
799.0 0.25092491414397955
800.0 0.28750195633620024
801.0 0.38889830466359854
802.0 0.8548390120267868
803.0 1.3792602345347404
804.0 2.180013433098793
805.0 3.457042947411537
806.0 5.063480883836746
807.0 7.104016840457916
808.0 9.469051659107208
809.0 12.465347349643707
810.0 15.840594470500946
811.0 18.99353861808777
812.0 21.933206915855408
813.0 25.135669112205505
814.0 28.60293686389923
815.0 33.36857557296753
816.0 38.6224240064621
817.0 44.74180042743683
818.0 50.683754682540894
819.0 57.35898017883301
820.0 65.41031002998352
821.0 72.72278070449829
822.0 78.62303256988525
823.0 83.63086581230164
824.0 88.31763863563538
825.0 92.28943586349487
826.0 94.84031200408936
827.0 97.03035950660706
828.0 98.5016942024231
829.0 98.84409308433533
830.0 98.39215278625488
831.0 98.86364936828613
832.0 98.210209608078
833.0 99.48652386665344
834.0 98.40307831764221
835.0 99.2573618888855
836.0 98.94469380378723
837.0 99.10736083984375
838.0 97.86012768745422
839.0 98.46834540367126
840.0 98.49839806556702
841.0 99.5225727558136
842.0 99.34947490692139
843.0 99.63296055793762
844.0 97.75926470756531
845.0 98.86566996574402
846.0 98.77821207046509
847.0 98.62219095230103
848.0 99.90985989570618
849.0 98.79917502403259
850.0 98.23869466781616
851.0 99.26453828811646
852.0 98.81099462509155
853.0 98.56602549552917
854.0 99.80518817901611
855.0 98.58520030975342
856.0 98.72846007347107
857.0 98.03400039672852
858.0 98.46321940422058
859.0 99.22086596488953
860.0 98.99691343307495
861.0 98.57553243637085
862.0 98.54368567466736
863.0 98.25776815414429
864.0 99.70842003822327
865.0 99.82126951217651
866.0 98.73711466789246
867.0 99.00782108306885
868.0 99.67918395996094
869.0 99.05363321304321
870.0 98.1026291847229
871.0 98.84282350540161
872.0 99.04491901397705
873.0 98.97644519805908
874.0 99.32292103767395
875.0 98.99466037750244
876.0 98.80459904670715
877.0 99.37136173248291
878.0 98.86972904205322
879.0 98.69728684425354
880.0 98.3533501625061
881.0 99.9263346195221
882.0 99.18705821037292
883.0 98.80924820899963
884.0 99.13361072540283
885.0 98.94587993621826
886.0 98.61676692962646
887.0 98.6005187034607
888.0 99.00676608085632
889.0 99.54603314399719
890.0 98.44419360160828
891.0 99.26944375038147
892.0 98.71459603309631
893.0 98.4437644481659
894.0 98.37315678596497
895.0 99.68020915985107
