lsstCam/transmission_filter_detector/r21_s22/z_20/19700101T000000.ecsv
# %ECSV 1.0
# ---
# datatype:
# - {name: wavelength, unit: nm, datatype: float32}
# - {name: efficiency, unit: '%', datatype: float64}
# meta: !!omap
# - {MODE: DETECTOR}
# - {TYPE: transmission_filter_detector}
# - {CALIBDATE: '1970-01-01T00:00:00'}
# - {INSTRUME: LSSTCam}
# - {OBSTYPE: transmission_filter_detector}
# - {CALIBCLS: lsst.ip.isr.IntermediateFilterDetectorTransmissionCurve}
# - {SOURCE: Materion (DM-46256)}
# - {DETECTOR: 89}
# - {FILTER: z_20}
# - {CALIB_ID: 'calibDate=1970-01-01T00:00:00 filter=z_20 detector=89'}
# - {DATE: '2025-04-02T15:59:49.051706'}
# - {CALIB_CREATION_DATE: '2025-04-02'}
# - {CALIB_CREATION_TIME: '15:59:49'}
# - __serialized_columns__:
#     efficiency:
#       __class__: astropy.units.quantity.Quantity
#       unit: !astropy.units.Unit {unit: '%'}
#       value: !astropy.table.SerializedColumn {name: efficiency}
#     wavelength:
#       __class__: astropy.units.quantity.Quantity
#       unit: !astropy.units.Unit {unit: nm}
#       value: !astropy.table.SerializedColumn {name: wavelength}
# schema: astropy-2.0
wavelength efficiency
[from data line 598]
898.0 99.16497468948364
899.0 99.19585585594177
900.0 99.00263547897339
901.0 99.83817934989929
902.0 99.20222759246826
903.0 99.1030752658844
904.0 98.06898236274719
905.0 98.7208366394043
906.0 98.40123057365417
907.0 99.10452365875244
908.0 98.39097857475281
909.0 98.71676564216614
910.0 98.22294116020203
911.0 97.45057821273804
912.0 96.4041531085968
913.0 95.420241355896
914.0 93.1740403175354
915.0 91.16824269294739
916.0 89.0541136264801
917.0 87.3547911643982
918.0 83.82277488708496
919.0 82.78957605361938
920.0 79.81191277503967
921.0 76.43321752548218
922.0 72.36453890800476
923.0 66.80073738098145
924.0 61.41461730003357
925.0 56.10171556472778
926.0 50.1630425453186
927.0 43.33354830741882
928.0 37.21881806850433
929.0 30.966180562973022
930.0 25.291672348976135
931.0 19.979600608348846
932.0 14.448879659175873
933.0 9.827476739883423
934.0 6.492813676595688
935.0 4.118679463863373
936.0 2.320396527647972
937.0 1.4495826326310635
938.0 0.8016043342649937
939.0 0.5501445848494768
940.0 0.23270139936357737
941.0 0.14033729676157236
942.0 0.09458718122914433
943.0 0.04389774985611439
944.0 0.10656733065843582
945.0 1.5787811596251755e-10
946.0 0.013850510003976524
947.0 0.08125226013362408
948.0 0.0455878529464826
949.0 0.06296688807196915
950.0 0.07813428528606892
951.0 0.0369048910215497
952.0 0.036054078373126686
953.0 1.5787811596251755e-10
954.0 1.5787811596251755e-10
955.0 0.09707420831546187
956.0 0.10326259071007371
957.0 0.04691138747148216
958.0 1.5787811596251755e-10
959.0 0.06019430002197623
960.0 1.5787811596251755e-10
961.0 1.5787811596251755e-10
962.0 0.017359522462356836
963.0 0.0647069071419537
964.0 1.5787811596251755e-10
965.0 1.5787811596251755e-10
966.0 1.5787811596251755e-10
967.0 1.5787811596251755e-10
968.0 0.03343484131619334
969.0 1.5787811596251755e-10
970.0 1.5787811596251755e-10
971.0 0.008684658678248525
972.0 0.0426874466938898
973.0 1.5787811596251755e-10
974.0 1.5787811596251755e-10
975.0 1.5787811596251755e-10
976.0 0.006709140870952979
977.0 0.00673192844260484
978.0 0.006754716741852462
979.0 0.006426486652344465
980.0 0.00609825729043223
981.0 0.005995514584355988
982.0 0.005892771150683984
983.0 0.005852398680872284
984.0 0.005812025483464822
985.0 0.005563822196563706
986.0 0.005315618182066828
987.0 0.005318668263498694
988.0 0.005321717981132679
989.0 0.005177778439247049
990.0 0.00503383889736142
991.0 0.00500381866004318
992.0 0.00497379842272494
993.0 0.0048458779929205775
994.0 0.0047179571993183345
995.0 0.004790632374351844
996.0 0.004863307185587473
997.0 0.004726149199996144
998.0 0.004588991214404814
999.0 0.004482368240132928
1000.0 0.004375744902063161
1001.0 0.004413662463775836
1002.0 0.0044515803892863914
1003.0 0.004453674409887753
1004.0 0.004455769158084877
1005.0 0.0045526681788032874
1006.0 0.004649567199521698
1007.0 0.004526038537733257
1008.0 0.004402509875944816
1009.0 0.004371147224446759
1010.0 0.004339784936746582
1011.0 0.00449299332103692
1012.0 0.0046462017053272575
1013.0 0.004584045382216573
1014.0 0.004521889059105888
1015.0 0.004617458034772426
1016.0 0.004713027010438964
1017.0 0.00465807861473877
1018.0 0.004603129855240695
1019.0 0.00450464867753908
1020.0 0.004406167863635346
1021.0 0.00449491199105978
1022.0 0.004583656118484214
1023.0 0.004665562300942838
1024.0 0.004747468119603582
1025.0 0.004797635119757615
1026.0 0.004847801756113768
1027.0 0.004914356395602226
1028.0 0.004980911035090685
1029.0 0.004910281131742522
1030.0 0.004839651228394359
1031.0 0.0048863959818845615
1032.0 0.004933140735374764
1033.0 0.0051334602176211774
1034.0 0.005333779699867591
1035.0 0.005277682066662237
1036.0 0.005221584069659002
1037.0 0.0054802185331936926
1038.0 0.005738852996728383
1039.0 0.005763672379544005
1040.0 0.005788492126157507
1041.0 0.005746479291701689
1042.0 0.005704466457245871
1043.0 0.0057650548114907
1044.0 0.0058256424381397665
1045.0 0.006122919148765504
1046.0 0.006420195859391242
1047.0 0.006531889084726572
1048.0 0.006643582310061902
1049.0 0.006592401041416451
1050.0 0.0065412190451752394
1051.0 0.0068342800659593195
1052.0 0.007127340359147638
1053.0 0.007444468792527914
1054.0 0.007761599408695474
1055.0 0.0076610755058936775
1056.0 0.0075605530582834035
1057.0 0.00781418348196894
1058.0 0.00806781608844176
1059.0 0.008169040665961802
1060.0 0.008270264515886083
1061.0 0.008824204269330949
1062.0 0.009378144750371575
1063.0 0.009707162826089188
1064.0 0.01003618017421104
1065.0 0.009980145114241168
1066.0 0.009924110054271296
1067.0 0.00980892073130235
1068.0 0.009693730680737644
1069.0 0.010403995838714764
1070.0 0.011114260269096121
1071.0 0.01100927620427683
1072.0 0.010904290684266016
1073.0 0.011354676826158538
1074.0 0.011805062968051061
1075.0 0.011663089389912784
1076.0 0.011521116539370269
1077.0 0.012720710947178304
1078.0 0.013920303899794817
1079.0 0.013910746201872826
1080.0 0.013901187048759311
1081.0 0.014383129018824548
1082.0 0.01486506953369826
1083.0 0.015586790686938912
1084.0 0.016308513295371085
1085.0 0.015860472922213376
1086.0 0.015412434004247189
1087.0 0.015760345559101552
1088.0 0.01610826002433896
1089.0 0.01654177176533267
1090.0 0.016975286416709423
1091.0 0.016578526992816478
1092.0 0.016181769024115056
1093.0 0.01746712368912995
1094.0 0.01875247689895332
1095.0 0.02040307008428499
1096.0 0.02205366181442514
1097.0 0.021839927649125457
1098.0 0.02162619202863425
1099.0 0.022217749210540205
1100.0 0.022809302026871592
1101.0 0.02372784074395895
1102.0 0.02464638091623783
1103.0 0.02512946375645697
1104.0 0.02561254659667611
1105.0 0.02612812095321715
1106.0 0.026643695309758186
1107.0 0.02762673539109528
1108.0 0.02860977838281542
1109.0 0.029413658194243908
1110.0 0.030217538005672395
1111.0 0.03038332797586918
1112.0 0.030549117946065962
1113.0 0.03187868860550225
1114.0 0.03320825635455549
1115.0 0.03457138373050839
1116.0 0.03593450819607824
1117.0 0.03700218512676656
1118.0 0.03806986496783793
1119.0 0.039366132114082575
1120.0 0.040662396349944174
1121.0 0.041431348654441535
1122.0 0.0422003009589389
1123.0 0.043561370694078505
1124.0 0.04492243460845202
1125.0 0.04607017326634377
1126.0 0.04721791192423552
1127.0 0.050474097952246666
1128.0 0.053730286890640855
1129.0 0.056357955327257514
1130.0 0.05898562376387417
1131.0 0.06248089484870434
1132.0 0.0659761659335345
1133.0 0.06581964553333819
1134.0 0.06566312513314188
1135.0 0.06938310107216239
1136.0 0.073103082831949
1137.0 0.0791985949035734
1138.0 0.08529411279596388
1139.0 0.08692206465639174
1140.0 0.0885500165168196
1141.0 0.10137654608115554
1142.0 0.11420306982472539
1143.0 0.14242539182305336
1144.0 0.17064770217984915
1145.0 0.32296208664774895
1146.0 0.4752764478325844
1147.0 0.9824289008975029
1148.0 1.4895814470946789
1149.0 1.624223217368126
1150.0 1.758866012096405
