lsstCam/transmission_filter_detector/r21_s22/z_20/19700101T000000.ecsv
# %ECSV 1.0
# ---
# datatype:
# - {name: wavelength, unit: nm, datatype: float32}
# - {name: efficiency, unit: '%', datatype: float64}
# meta: !!omap
# - {MODE: DETECTOR}
# - {TYPE: transmission_filter_detector}
# - {CALIBDATE: '1970-01-01T00:00:00'}
# - {INSTRUME: LSSTCam}
# - {OBSTYPE: transmission_filter_detector}
# - {CALIBCLS: lsst.ip.isr.IntermediateFilterDetectorTransmissionCurve}
# - {SOURCE: Materion (DM-46256)}
# - {DETECTOR: 89}
# - {FILTER: z_20}
# - {CALIB_ID: 'calibDate=1970-01-01T00:00:00 filter=z_20 detector=89'}
# - {DATE: '2025-04-02T15:59:49.051706'}
# - {CALIB_CREATION_DATE: '2025-04-02'}
# - {CALIB_CREATION_TIME: '15:59:49'}
# - __serialized_columns__:
#     efficiency:
#       __class__: astropy.units.quantity.Quantity
#       unit: !astropy.units.Unit {unit: '%'}
#       value: !astropy.table.SerializedColumn {name: efficiency}
#     wavelength:
#       __class__: astropy.units.quantity.Quantity
#       unit: !astropy.units.Unit {unit: nm}
#       value: !astropy.table.SerializedColumn {name: wavelength}
# schema: astropy-2.0
wavelength efficiency
300.0 0.4150694701820612
301.0 0.3431793535128236
302.0 0.27128930669277906
303.0 0.2493566833436489
304.0 0.2274240367114544
305.0 0.19714792724698782
306.0 0.1668717828579247
307.0 0.14973855577409267
308.0 0.13260534033179283
309.0 0.1335667329840362
310.0 0.13452812563627958
311.0 0.12556922156363726
312.0 0.11661030584946275
313.0 0.1152310986071825
314.0 0.11385186808183789
315.0 0.09987528901547194
316.0 0.08589870412833989
317.0 0.0741222349461168
318.0 0.062345771584659815
319.0 0.06649921415373683
320.0 0.07065266254357994
321.0 0.06445114850066602
322.0 0.05824963445775211
323.0 0.056499376660212874
324.0 0.05474911304190755
325.0 0.04765610792674124
326.0 0.04056309990119189
327.0 0.04051850992254913
328.0 0.04047391994390637
329.0 0.035397778265178204
330.0 0.03032163658645004
331.0 0.029516324866563082
332.0 0.02871101605705917
333.0 0.02880135434679687
334.0 0.028891689726151526
335.0 0.028280742117203772
336.0 0.027669791597872972
337.0 0.024850023328326643
338.0 0.02203025360358879
339.0 0.01996408391278237
340.0 0.017897915677167475
341.0 0.01779251469997689
342.0 0.01768711081240326
343.0 0.016165476699825376
344.0 0.014643841132055968
345.0 0.013356177078094333
346.0 0.012068507930962369
347.0 0.012979880557395518
348.0 0.013891253911424428
349.0 0.014295805885922164
350.0 0.01470035349484533
351.0 0.013328541535884142
352.0 0.011956730304518715
353.0 0.013803642650600523
354.0 0.015650555724278092
355.0 0.013214362843427807
356.0 0.010778167052194476
357.0 0.010924652451649308
358.0 0.011071136395912617
359.0 0.010548663703957573
360.0 0.01002619246719405
361.0 0.009069345833268017
362.0 0.008112500654533505
363.0 0.00784053117968142
364.0 0.007568560249637812
365.0 0.007602931873407215
366.0 0.007637304224772379
367.0 0.007920301868580282
368.0 0.008203300239983946
369.0 0.00844156020320952
370.0 0.008679819438839331
371.0 0.008199892181437463
372.0 0.0077199641964398324
373.0 0.006872596713947132
374.0 0.006025229959050193
375.0 0.0059931342548225075
376.0 0.005961038186796941
377.0 0.006796623347327113
378.0 0.007632208144059405
379.0 0.006566641241079196
380.0 0.00550107542949263
381.0 0.004891699063591659
382.0 0.004282322333892807
383.0 0.004700087811215781
384.0 0.005117854016134515
385.0 0.005071596024208702
386.0 0.005025338032282889
387.0 0.004970609006704763
388.0 0.004915880344924517
389.0 0.004777120921062306
390.0 0.004638361860997975
391.0 0.00432140332122799
392.0 0.004004445509053767
393.0 0.00444738871010486
394.0 0.004890331911155954
395.0 0.00448814025730826
396.0 0.004085948603460565
397.0 0.0041576873627491295
398.0 0.004229425758239813
399.0 0.004256422107573599
400.0 0.004283418456907384
401.0 0.004500710201682523
402.0 0.004718002310255542
403.0 0.004807846562471241
404.0 0.00489769117848482
405.0 0.0040692011680221185
406.0 0.003240711157559417
407.0 0.003240039586671628
408.0 0.0032393687433796003
409.0 0.0032282103347824886
410.0 0.0032170522899832577
411.0 0.003283377373008989
412.0 0.0033497020922368392
413.0 0.0036470708437263966
414.0 0.003944439231418073
415.0 0.0035715267586056143
416.0 0.0031986142857931554
417.0 0.00336368138960097
418.0 0.0035287484934087843
419.0 0.003141172419418581
420.0 0.0027535959816304967
421.0 0.003586671664379537
422.0 0.004419747710926458
423.0 0.003945660864701495
424.0 0.00347157365467865
425.0 0.00302446151181357
426.0 0.0025773493689484894
427.0 0.0024967992430902086
428.0 0.0024162489353329875
429.0 0.0024654811568325385
430.0 0.0025147137421299703
431.0 0.0019118682757834904
432.0 0.0013090225365886
433.0 0.0017671882233116776
434.0 0.0022253540009842254
435.0 0.0019546718249330297
436.0 0.001683989648881834
437.0 0.001791882277757395
438.0 0.0018997749066329561
439.0 0.0022869349777465686
440.0 0.0026740952307591215
441.0 0.0025395322154508904
442.0 0.0024049692001426592
443.0 0.0027901351131731644
444.0 0.003175300662405789
445.0 0.003285997809143737
446.0 0.0033966953196795657
447.0 0.0027330306693329476
448.0 0.00206936638278421
449.0 0.0019335973775014281
450.0 0.0017978287360165268
451.0 0.0018893080778070726
452.0 0.0019807874195976183
453.0 0.00164916073117638
454.0 0.0013175342246540822
455.0 0.0015925597836030647
456.0 0.0018675855244509876
457.0 0.0016083888112916611
458.0 0.001349192280031275
459.0 0.0018014774468610995
460.0 0.002253762613690924
461.0 0.0017275659047299996
462.0 0.0012013691048196051
463.0 0.0014825248399574775
464.0 0.0017636808479437605
465.0 0.0016856862202985212
466.0 0.0016076919564511627
467.0 0.0016959329514065757
468.0 0.0017841737644630484
469.0 0.0015207512660708744
470.0 0.0012573289495776407
471.0 0.0010964141438307706
472.0 0.0009354992471344303
473.0 0.0010679167644411791
474.0 0.0012003341907984577
475.0 0.0012620103007066064
476.0 0.0013236865015642252
477.0 0.0014881748938933015
478.0 0.0016526630133739673
479.0 0.0016721445717848837
480.0 0.0016916259482968599
481.0 0.0015503932445426472
482.0 0.0014091605407884344
483.0 0.001129129759647185
484.0 0.0008490987966069952
485.0 0.0012381128726701718
486.0 0.001627126766834408
487.0 0.001535863702883944
488.0 0.0014446006389334798
489.0 0.001742313543218188
490.0 0.002040026447502896
491.0 0.001907402474898845
492.0 0.0017747785022947937
493.0 0.002060772203549277
494.0 0.0023467664505005814
495.0 0.0019200700990040787
496.0 0.001493373747507576
497.0 0.001369664732919773
498.0 0.0012459558092814405
499.0 0.0010990518603648525
500.0 0.0009521480933472048
501.0 0.0010643720997904893
502.0 0.001176596288132714
503.0 0.0012957882972841617
504.0 0.0014149804883345496
505.0 0.0017703174307825975
506.0 0.002125654646079056
507.0 0.0016238058378803544
508.0 0.0011219567568332423
509.0 0.001490505110268714
510.0 0.0018590535546536557
511.0 0.0018189759430242702
512.0 0.0017788983313948847
513.0 0.0014652674508397467
514.0 0.0011516369340824895
515.0 0.0011134329724882264
516.0 0.0010752291018434335
517.0 0.0013391389984462876
518.0 0.0016030491678975523
519.0 0.0014592934348911513
520.0 0.00131553761093528
521.0 0.0012968854207429104
522.0 0.00127823295770213
523.0 0.0013290466995385941
524.0 0.0013798602594761178
525.0 0.0009943217264662962
526.0 0.0006087831479817396
527.0 0.0009556527402310167
528.0 0.001302522468904499
529.0 0.0014398880011867732
530.0 0.001577253351570107
531.0 0.0014247996659833007
532.0 0.0012723460713459644
533.0 0.0009903073078021407
534.0 0.0007082687261572573
535.0 0.0008894822713045869
536.0 0.0010706957255024463
537.0 0.0013451263839669991
538.0 0.001619557042431552
539.0 0.001573081681272015
540.0 0.001526605774415657
541.0 0.001192371655633906
542.0 0.0008581376278016251
543.0 0.0009824188964557834
544.0 0.0011067001651099417
545.0 0.0011045640349038877
546.0 0.001102427631849423
547.0 0.001527044878457673
548.0 0.001951662306964863
549.0 0.0017639455109019764
550.0 0.001576228351041209
551.0 0.0017276766811846755
552.0 0.0018791253751260228
553.0 0.002094931187457405
554.0 0.002310736999788787
555.0 0.001751203672029078
556.0 0.0011916702533198986
557.0 0.001351694663753733
558.0 0.0015117192560865078
559.0 0.0012202824109408539
560.0 0.0009288454748457298
561.0 0.001216595046571456
562.0 0.0015043444363982417
563.0 0.0014886544704495464
564.0 0.0014729644135513809
565.0 0.0018073327737511136
566.0 0.0021417012249003164
567.0 0.002310128911631182
568.0 0.0024785565983620472
569.0 0.002572855373728089
570.0 0.0026671545128920116
571.0 0.002425676029815804
572.0 0.002184197546739597
573.0 0.001823737875383813
574.0 0.0014632782949774992
575.0 0.0017796863176045008
576.0 0.002096094067383092
577.0 0.0020027937353006564
578.0 0.001909493403218221
579.0 0.002052656236628536
580.0 0.0021958187062409706
581.0 0.0020194043827359565
582.0 0.0018429896954330616
583.0 0.0022117244952823967
584.0 0.0025804592951317318
585.0 0.0024751370801823214
586.0 0.0023698146833339706
587.0 0.0018420048945699818
588.0 0.0013141948329575825
589.0 0.0013231040611572098
590.0 0.0013320133803063072
591.0 0.0014452819414145779
592.0 0.0015585505025228485
593.0 0.001212826191476779
594.0 0.0008671020623296499
595.0 0.0010287725672242232
596.0 0.0011904430721187964
597.0 0.001036798676068429
598.0 0.000883154098119121
599.0 0.0011039513083233032
600.0 0.0013247485185274854
601.0 0.0012570119906740729
602.0 0.0011892755537701305
603.0 0.0015462530427612364
604.0 0.0019032306227018125
605.0 0.001619996146473568
606.0 0.0013367619430937339
607.0 0.0012640280147024896
608.0 0.0011912943591596559
609.0 0.001232977956533432
610.0 0.0012746617358061485
611.0 0.0010359721272834577
612.0 0.000797282609710237
613.0 0.0009802871318242978
614.0 0.0011632916539383586
615.0 0.0012443554624042008
616.0 0.0013254190889711026
617.0 0.0015205569070531055
618.0 0.0017156948160845786
619.0 0.0016485264495713636
620.0 0.0015813579011592083
621.0 0.0017975633454625495
622.0 0.0020137682440690696
623.0 0.0016354868421331048
624.0 0.0012572053492476698
625.0 0.0013010155271331314
626.0 0.0013448259778670035
627.0 0.0014598404959542677
628.0 0.0015748551959404722
629.0 0.001853301000664942
630.0 0.0021317468053894117
631.0 0.0023827835320844315
632.0 0.002633820076880511
633.0 0.002897952072089538
634.0 0.0031620838853996247
635.0 0.005981621870887466
636.0 0.008801159128779545
637.0 0.015471683582291007
638.0 0.02214220876339823
639.0 0.02021351392613724
640.0 0.01828482636483386
641.0 0.01548494037706405
642.0 0.012685057299677283
643.0 0.00950538960751146
644.0 0.006325721187749878
645.0 0.006528043741127476
646.0 0.006730366294505075
647.0 0.0064584281062707305
648.0 0.006186489918036386
649.0 0.0048363974201492965
650.0 0.0034863052860600874
651.0 0.003526450745994225
652.0 0.0035665965697262436
653.0 0.0029855187676730566
654.0 0.002404440783720929
655.0 0.0023723616322968155
656.0 0.002340281935175881
657.0 0.0024773891709628515
658.0 0.002614495861053001
659.0 0.002075615520880092
660.0 0.0015367349988082424
661.0 0.001834236718423199
662.0 0.0021317380742402747
663.0 0.0018546632418292575
664.0 0.0015775885913171805
665.0 0.001727860581013374
666.0 0.0018781323888106272
667.0 0.002172802123823203
668.0 0.002467471858835779
669.0 0.0019725966922123916
670.0 0.0014777213436900638
671.0 0.0013357246643863618
672.0 0.0011937277122342493
673.0 0.0012795801922038663
674.0 0.0013654326721734833
675.0 0.0014688032024423592
676.0 0.0015721734598628245
677.0 0.0015338586308644153
678.0 0.0014955435290175956
679.0 0.0014774097508052364
680.0 0.0014592760635423474
681.0 0.0015572284610243514
682.0 0.0016551808585063554
683.0 0.002090258749376517
684.0 0.002525336640246678
685.0 0.002615463199617807
686.0 0.0027055897589889355
687.0 0.0020005934857181273
688.0 0.0012955968486494385
689.0 0.0019045233784709126
690.0 0.0025134499082923867
691.0 0.002375125950493384
692.0 0.0022368018107954413
693.0 0.002498931462469045
694.0 0.002761061114142649
695.0 0.0029946068025310524
696.0 0.003228152127121575
697.0 0.00375697054550983
698.0 0.004285788963898085
699.0 0.0055750657338649035
700.0 0.00686434141243808
701.0 0.007148247823351994
702.0 0.007432152051478624
703.0 0.006352242780849338
704.0 0.0052723338740179315
705.0 0.004624879147741012
706.0 0.003977424785261974
707.0 0.003636696783360094
708.0 0.003295968781458214
709.0 0.0037896537833148614
710.0 0.0042833391489693895
711.0 0.003933284460799769
712.0 0.0035832297726301476
713.0 0.00267621835519094
714.0 0.0017692071196506731
715.0 0.002083641811623238
716.0 0.002398076503595803
717.0 0.001911519757413771
718.0 0.0014249631931306794
719.0 0.0014733309399161953
720.0 0.001521698595752241
721.0 0.0011928199455724098
722.0 0.0008639412953925785
723.0 0.001350127422483638
724.0 0.0018363134586252272
725.0 0.001597786285856273
726.0 0.0013592592949862592
727.0 0.001181310562969884
728.0 0.0010033616490545683
729.0 0.0014149792150419671
730.0 0.0018265965991304256
731.0 0.001470350343879545
732.0 0.001114104270527605
733.0 0.001487926328991307
734.0 0.001861748387455009
735.0 0.0018038306734524667
736.0 0.0017459129594499245
737.0 0.0015559133316855878
738.0 0.0013659135220223106
739.0 0.001720259569992777
740.0 0.002074605436064303
741.0 0.0017150716303149238
742.0 0.001355538006464485
743.0 0.001817361953726504
744.0 0.0022791860828874633
745.0 0.0018927506971522234
746.0 0.0015063154023664538
747.0 0.001803867235139478
748.0 0.0021014193407609127
749.0 0.0027096273697679862
750.0 0.003317835580674
751.0 0.0028653148547164164
752.0 0.0024127939468598925
753.0 0.002890728683269117
754.0 0.0033686632377794012
755.0 0.002529956145735923
756.0 0.0016912488717935048
757.0 0.0020246696294634603
758.0 0.002358090387133416
759.0 0.0025670013201306574
760.0 0.0027759126169257797
761.0 0.0045024324208498
762.0 0.006228952406672761
763.0 0.006293821206782013
764.0 0.006358687824103981
765.0 0.005588048588833772
766.0 0.004817408989765681
767.0 0.004652843199437484
768.0 0.004488277409109287
769.0 0.004882927896687761
770.0 0.005277578384266235
771.0 0.005207711001276039
772.0 0.0051378432544879615
773.0 0.004671588249038905
774.0 0.004205332879791968
775.0 0.024444187874905765
776.0 0.059317401610314846
777.0 0.010409325477667153
778.0 0.16238796524703503
779.0 1.5787811596251755e-10
780.0 1.5787811596251755e-10
781.0 1.5787811596251755e-10
782.0 1.5787811596251755e-10
783.0 0.09048567153513432
784.0 0.06132170092314482
785.0 1.5787811596251755e-10
786.0 1.5787811596251755e-10
787.0 1.5787811596251755e-10
788.0 1.5787811596251755e-10
789.0 0.11459499364718795
790.0 1.5787811596251755e-10
791.0 0.022840073506813496
792.0 0.1252299058251083
793.0 0.050367601215839386
794.0 0.027682300424203277
795.0 0.02840559754986316
796.0 0.10921816574409604
797.0 0.07138018845580518
798.0 0.1359959482215345
799.0 0.11001629754900932
800.0 0.0751096464227885
801.0 0.27025167364627123
802.0 0.4403586033731699
803.0 0.6138708908110857
804.0 0.9529478847980499
805.0 1.6388848423957825
806.0 2.4664049968123436
807.0 3.68601493537426
808.0 5.449588596820831
809.0 7.484416663646698
810.0 10.016823559999466
811.0 12.951284646987915
812.0 16.27989262342453
813.0 19.253790378570557
814.0 21.7968612909317
815.0 24.96597021818161
816.0 28.975313901901245
817.0 33.85670781135559
818.0 39.02809917926788
819.0 44.19244825839996
820.0 51.149994134902954
821.0 58.345019817352295
822.0 65.27499556541443
823.0 71.67945504188538
824.0 78.19316983222961
825.0 83.77244472503662
826.0 88.30916285514832
827.0 92.13225245475769
828.0 95.87997794151306
829.0 97.55254983901978
830.0 97.86500334739685
831.0 98.83061647415161
832.0 98.74122142791748
833.0 99.9021053314209
834.0 98.84865880012512
835.0 99.52065348625183
836.0 99.28756356239319
837.0 99.5038092136383
838.0 98.41370582580566
839.0 98.92147779464722
840.0 99.15757179260254
841.0 99.84785318374634
842.0 100.07811784744263
843.0 100.27503967285156
844.0 98.56352806091309
845.0 98.82597923278809
846.0 99.43252801895142
847.0 99.1675317287445
848.0 99.82456564903259
849.0 99.2345929145813
850.0 98.56263399124146
851.0 99.10165071487427
852.0 99.54437017440796
853.0 99.128657579422
854.0 99.89112615585327
855.0 98.94958734512329
856.0 98.98326992988586
857.0 98.55343699455261
858.0 98.84745478630066
859.0 99.32327270507812
860.0 98.53838682174683
861.0 99.33615922927856
862.0 98.88494610786438
863.0 98.72972965240479
864.0 99.42899346351624
865.0 99.60176348686218
866.0 98.92737865447998
867.0 99.65572953224182
868.0 99.911367893219
869.0 98.83131980895996
870.0 98.34737777709961
871.0 99.3191123008728
872.0 99.64028596878052
873.0 99.22547936439514
874.0 99.85008835792542
875.0 99.50347542762756
876.0 99.41747188568115
877.0 99.55736994743347
878.0 99.48440194129944
879.0 99.10091161727905
880.0 98.98699522018433
881.0 100.47417879104614
882.0 99.17470812797546
883.0 99.19559359550476
884.0 99.71513748168945
885.0 99.47325587272644
886.0 99.11296367645264
887.0 98.87545108795166
888.0 99.73345994949341
889.0 99.64966773986816
890.0 98.92275333404541
891.0 99.64706301689148
892.0 99.05726909637451
893.0 99.04658198356628
894.0 98.51536750793457
895.0 99.95232224464417
896.0 98.91838431358337
