lsstCam/transmission_filter_detector/r10_s01/i_39/19700101T000000.ecsv
# %ECSV 1.0
# ---
# datatype:
# - {name: wavelength, unit: nm, datatype: float32}
# - {name: efficiency, unit: '%', datatype: float64}
# meta: !!omap
# - {MODE: DETECTOR}
# - {TYPE: transmission_filter_detector}
# - {CALIBDATE: '1970-01-01T00:00:00'}
# - {INSTRUME: LSSTCam}
# - {OBSTYPE: transmission_filter_detector}
# - {CALIBCLS: lsst.ip.isr.IntermediateFilterDetectorTransmissionCurve}
# - {SOURCE: Materion (DM-46256)}
# - {DETECTOR: 28}
# - {FILTER: i_39}
# - {CALIB_ID: 'calibDate=1970-01-01T00:00:00 filter=i_39 detector=28'}
# - {DATE: '2025-04-02T15:59:46.608903'}
# - {CALIB_CREATION_DATE: '2025-04-02'}
# - {CALIB_CREATION_TIME: '15:59:46'}
# - __serialized_columns__:
#     efficiency:
#       __class__: astropy.units.quantity.Quantity
#       unit: !astropy.units.Unit {unit: '%'}
#       value: !astropy.table.SerializedColumn {name: efficiency}
#     wavelength:
#       __class__: astropy.units.quantity.Quantity
#       unit: !astropy.units.Unit {unit: nm}
#       value: !astropy.table.SerializedColumn {name: wavelength}
# schema: astropy-2.0
wavelength efficiency
300.0 0.07725359755568206
301.0 0.04024257941637188
302.0 0.003231595837860368
303.0 0.015789152530487627
304.0 0.028346708859317005
305.0 0.031233520712703466
306.0 0.034120335476472974
307.0 0.012418905680533499
308.0 1.713854752560806e-10
309.0 1.713854752560806e-10
310.0 1.713854752560806e-10
311.0 1.713854752560806e-10
312.0 0.0037993959267623723
313.0 1.713854752560806e-10
314.0 1.713854752560806e-10
315.0 1.713854752560806e-10
316.0 1.713854752560806e-10
317.0 1.713854752560806e-10
318.0 1.713854752560806e-10
319.0 1.713854752560806e-10
320.0 1.713854752560806e-10
321.0 1.713854752560806e-10
322.0 0.0013793682228424586
323.0 1.713854752560806e-10
324.0 1.713854752560806e-10
325.0 1.713854752560806e-10
326.0 1.713854752560806e-10
327.0 1.713854752560806e-10
328.0 0.0017069414752768353
329.0 0.0022395279302145354
330.0 0.0027721142032532953
331.0 0.0017052998373401351
332.0 0.0006384856078511802
333.0 0.0015836187230888754
334.0 0.002528751610952895
335.0 0.0012735854397760704
336.0 1.8419781611100916e-05
337.0 0.001004338264465332
338.0 0.0019902568965335377
339.0 0.0023590100681758486
340.0 0.0027277637855149806
341.0 1.713854752560806e-10
342.0 1.713854752560806e-10
343.0 1.713854752560806e-10
344.0 1.713854752560806e-10
345.0 1.713854752560806e-10
346.0 1.713854752560806e-10
347.0 1.713854752560806e-10
348.0 1.713854752560806e-10
349.0 1.713854752560806e-10
350.0 0.000878181162988767
351.0 0.00036816863939748146
352.0 1.713854752560806e-10
353.0 1.713854752560806e-10
354.0 1.713854752560806e-10
355.0 1.713854752560806e-10
356.0 1.713854752560806e-10
357.0 0.0005735804734285921
358.0 0.0016016478184610605
359.0 0.0016191854228964075
360.0 0.0016367228454328142
361.0 0.0011397770322219003
362.0 0.0006428311735362513
363.0 0.0003502186700643506
364.0 5.760618364547554e-05
365.0 0.0008613618774688803
366.0 0.0016651179976179264
367.0 0.0009922596291289665
368.0 0.0003194011924279039
369.0 0.0007694511623412836
370.0 0.0012195012459415011
371.0 0.0011899716810148675
372.0 0.0011604421160882339
373.0 0.0010342413588659838
374.0 0.0009080405106942635
375.0 0.00023790075829310808
376.0 1.713854752560806e-10
377.0 1.713854752560806e-10
378.0 1.713854752560806e-10
379.0 1.713854752560806e-10
380.0 1.713854752560806e-10
381.0 1.713854752560806e-10
382.0 1.713854752560806e-10
383.0 0.0001794476133909484
384.0 0.0015283596439985558
385.0 0.0013475909327098634
386.0 0.0011668220395222306
387.0 3.85257635571179e-05
388.0 1.713854752560806e-10
389.0 1.713854752560806e-10
390.0 1.713854752560806e-10
391.0 1.713854752560806e-10
392.0 1.713854752560806e-10
393.0 1.713854752560806e-10
394.0 0.0006667858087894274
395.0 1.713854752560806e-10
396.0 1.713854752560806e-10
397.0 1.713854752560806e-10
398.0 1.713854752560806e-10
399.0 1.713854752560806e-10
400.0 0.0002493698957550805
401.0 0.0005041968506702688
402.0 0.0007590231689391658
403.0 0.0011510814147186466
404.0 0.0015431398423970677
405.0 0.003555689545464702
406.0 0.005568238702835515
407.0 0.0020429368305485696
408.0 1.713854752560806e-10
409.0 1.713854752560806e-10
410.0 1.713854752560806e-10
411.0 0.0025568017008481547
412.0 0.005840714948135428
413.0 0.005320097261574119
414.0 0.004799480666406453
415.0 0.004848660682910122
416.0 0.004897840699413791
417.0 0.0026127581804757938
418.0 0.0003276753886893857
419.0 0.003225484397262335
420.0 0.006123293132986873
421.0 0.005229246016824618
422.0 0.004335198173066601
423.0 0.004724668542621657
424.0 0.005114138912176713
425.0 0.0037517860619118437
426.0 0.0023894328478490934
427.0 0.003565364022506401
428.0 0.004741295560961589
429.0 0.005161960871191695
430.0 0.005582626909017563
431.0 0.00440662115579471
432.0 0.0032306157663697377
433.0 0.004279693530406803
434.0 0.005328771658241749
435.0 0.0039273239963222295
436.0 0.00252587615250377
437.0 0.0021288784409989603
438.0 0.001731880911393091
439.0 0.002108280750690028
440.0 0.0024846807718859054
441.0 0.0007799611012160312
442.0 1.713854752560806e-10
443.0 1.713854752560806e-10
444.0 1.713854752560806e-10
445.0 1.713854752560806e-10
446.0 1.713854752560806e-10
447.0 0.0002502902361811721
448.0 0.0005868892458238406
449.0 1.713854752560806e-10
450.0 1.713854752560806e-10
451.0 1.713854752560806e-10
452.0 0.0007441097295668442
453.0 0.001334909120487282
454.0 0.0019257089661550708
455.0 0.0019089848137809895
456.0 0.0018922608433058485
457.0 0.0013295877579366788
458.0 0.0007669145816180389
459.0 0.00027238168058829615
460.0 1.713854752560806e-10
461.0 0.00018954256120196078
462.0 0.0006012364337948384
463.0 0.0002341326990062953
464.0 1.713854752560806e-10
465.0 0.00018057398847304285
466.0 0.0004941189672535984
467.0 0.0006109909463702934
468.0 0.0007278629254869884
469.0 0.00041732187128218357
470.0 0.00010678085118343006
471.0 0.0004761947820952628
472.0 0.0008456087016384117
473.0 0.0010059216037916485
474.0 0.0011662347787932958
475.0 0.0006027077233738964
476.0 3.9180969224617e-05
477.0 0.0005494180186360609
478.0 0.0010596550964692142
479.0 0.001182369942398509
480.0 0.0013050849702267442
481.0 0.002471293009875808
482.0 0.003637499685282819
483.0 0.004980068115401082
484.0 0.006322636181721464
485.0 0.0060838283388875425
486.0 0.0058450201322557405
487.0 0.00892901443876326
488.0 0.0120130083814729
489.0 0.016138057981152087
490.0 0.020263106853235513
491.0 0.024029871565289795
492.0 0.027796634822152555
493.0 0.03038994036614895
494.0 0.03298324591014534
495.0 0.02917390374932438
496.0 0.02536455576773733
497.0 0.019387937209103256
498.0 0.013411317195277661
499.0 0.00964982173172757
500.0 0.005888327359571122
501.0 0.004415271541802213
502.0 0.002942216451629065
503.0 0.002465161378495395
504.0 0.0019881059415638447
505.0 0.0018478060155757703
506.0 0.0017075062714866363
507.0 0.0018888811609940603
508.0 0.0020702556867036037
509.0 0.002288479845447
510.0 0.0025067040041903965
511.0 0.0019765149772865698
512.0 0.001446325950382743
513.0 0.0014862911484669894
514.0 0.0015262561646522954
515.0 0.0020780807972187176
516.0 0.00262990561168408
517.0 0.0022227326553547755
518.0 0.0018155596990254708
519.0 0.0019475119188427925
520.0 0.0020794643205590546
521.0 0.0018113212718162686
522.0 0.0015431782230734825
523.0 0.0015530305972788483
524.0 0.0015628833352820948
525.0 0.001978464933927171
526.0 0.0023940463506733067
527.0 0.0027973759642918594
528.0 0.0032007053960114717
529.0 0.0032497959182364866
530.0 0.003298886804259382
531.0 0.002985685205203481
532.0 0.002672484151844401
533.0 0.002181518721044995
534.0 0.0016905532902455889
535.0 0.0017259022570215166
536.0 0.0017612508599995635
537.0 0.002366083390370477
538.0 0.0029709155569435097
539.0 0.0034543660149211064
540.0 0.003937817018595524
541.0 0.004539629662758671
542.0 0.005141442670719698
543.0 0.005177352431928739
544.0 0.0052132625569356605
545.0 0.004386564614833333
546.0 0.0035598670365288854
547.0 0.0027846568627865054
548.0 0.002009446507145185
549.0 0.0019346316548762843
550.0 0.001859816984506324
551.0 0.0014963705325499177
552.0 0.001132924353441922
553.0 0.001620088551135268
554.0 0.0021072528397780843
555.0 0.0016200765458052047
556.0 0.0011329000699333847
557.0 0.0009613690053811297
558.0 0.0007898380317783449
559.0 0.0002618524831632385
560.0 1.713854752560806e-10
561.0 0.000616699298916501
562.0 0.00149953175423434
563.0 0.0015910729416646063
564.0 0.001682614310993813
565.0 0.001283323854295304
566.0 0.0008840334885462653
567.0 0.0009379693437949754
568.0 0.0009919052899931557
569.0 0.0009200559361488558
570.0 0.0008482064004056156
571.0 0.000594427319811075
572.0 0.0003406482164791669
573.0 0.00043820487007906195
574.0 0.0005357616373657947
575.0 0.00048682381930120755
576.0 0.0004378859102871502
577.0 0.0004996316874894546
578.0 0.0005613774646917591
579.0 0.00023549018806079403
580.0 1.713854752560806e-10
581.0 4.811165013052232e-05
582.0 0.00018662036609384813
583.0 0.00028338870379229775
584.0 0.00038015696190996096
585.0 0.0006277942247834289
586.0 0.0008754315786063671
587.0 0.0007957592970342375
588.0 0.0007160869245126378
589.0 0.0006543472863995703
590.0 0.0005926076482865028
591.0 0.0008549511221644934
592.0 0.0011172949598403648
593.0 0.0007303875918296399
594.0 0.00034348031476838514
595.0 0.0005872157998965122
596.0 0.0008309511031256989
597.0 0.0007352254215220455
598.0 0.0006394998763425974
599.0 0.0005696756034012651
600.0 0.0004998512395104626
601.0 0.0004498581802181434
602.0 0.00039986507545108907
603.0 0.0003279185420979047
604.0 0.00025597184958314756
605.0 0.00021800337890454102
606.0 0.00018003493096330203
607.0 0.0003512185912768473
608.0 0.0005224021151661873
609.0 0.0004978952347300947
610.0 0.0004733880814455915
611.0 0.0006741871402482502
612.0 0.0008749861990509089
613.0 0.0005992798833176494
614.0 0.00032357359032175737
615.0 5.95612846154836e-05
616.0 1.713854752560806e-10
617.0 1.713854752560806e-10
618.0 0.00016541998775210232
619.0 0.00027129219688504236
620.0 0.0003771644514927175
621.0 0.0005268003860692261
622.0 0.0006764362296962645
623.0 0.0005455038262880407
624.0 0.00041457142287981696
625.0 0.000406537492381176
626.0 0.0003985036073572701
627.0 0.0003709094244186417
628.0 0.0003433152187426458
629.0 0.00043158561311429366
630.0 0.0005198560756980442
631.0 0.0004714207079814514
632.0 0.00042298538573959377
633.0 0.00042425276660651434
634.0 0.0004255201474734349
635.0 0.00042347082853666507
636.0 0.00042142141865042504
637.0 0.000353563564203796
638.0 0.0002857055505955941
639.0 0.0006335688340186607
640.0 0.0009814320037548896
641.0 0.0006661169209110085
642.0 0.00035080181532975985
643.0 0.000548261778021697
644.0 0.0007457218544004718
645.0 0.0006894269063195679
646.0 0.0006331320946628693
647.0 0.0008108891961455811
648.0 0.0009886466614261735
649.0 0.0008641868589620572
650.0 0.0007397270110232057
651.0 0.0008756966963119339
652.0 0.0010116665180248674
653.0 0.0011432638530095574
654.0 0.0012748611879942473
655.0 0.0018401615307084285
656.0 0.0024054617824731395
657.0 0.0032634634408168495
658.0 0.004121463643969037
659.0 0.006495462730526924
660.0 0.026330124819651246
661.0 0.06840186542831361
662.0 0.062210921896621585
663.0 0.13817159924656153
664.0 0.11541250860318542
665.0 0.11308020912110806
666.0 0.1693427562713623
667.0 0.09416419197805226
668.0 0.19192923791706562
669.0 0.23248044308274984
670.0 0.3011910943314433
671.0 0.4021301865577698
672.0 0.647200969979167
673.0 0.9960486553609371
674.0 1.594601385295391
675.0 2.3273877799510956
676.0 3.366462141275406
677.0 4.7163307666778564
678.0 6.02671392261982
679.0 7.482503354549408
680.0 9.285885840654373
681.0 11.260572075843811
682.0 13.809353113174438
683.0 16.60665273666382
684.0 19.609729945659637
685.0 22.52345085144043
686.0 25.548771023750305
687.0 28.70383858680725
688.0 31.844758987426758
689.0 34.88354682922363
690.0 38.38518261909485
691.0 42.239245772361755
692.0 46.75426781177521
693.0 51.668888330459595
694.0 57.373952865600586
695.0 62.89933919906616
696.0 69.09210681915283
697.0 74.71010088920593
698.0 80.98307847976685
699.0 85.65645217895508
700.0 89.5423948764801
701.0 92.7197515964508
702.0 94.99332904815674
703.0 96.32604718208313
704.0 96.95014357566833
705.0 97.49411940574646
706.0 97.57380485534668
707.0 97.83609509468079
708.0 97.90821671485901
709.0 97.88079857826233
710.0 97.69461154937744
711.0 97.85432815551758
712.0 97.75810837745667
713.0 97.8273868560791
714.0 97.86946773529053
715.0 97.93803095817566
716.0 97.80001640319824
717.0 98.06001782417297
718.0 98.09190630912781
719.0 98.02139401435852
720.0 98.29981327056885
721.0 98.17936420440674
722.0 98.00427556037903
723.0 97.69708514213562
724.0 97.45410084724426
725.0 97.14744687080383
726.0 96.89230918884277
727.0 96.57060503959656
728.0 96.28080129623413
729.0 96.06425166130066
730.0 96.08465433120728
731.0 96.10812664031982
732.0 96.10989093780518
733.0 96.43645882606506
734.0 96.86906933784485
735.0 97.05200791358948
736.0 97.49295711517334
737.0 97.84815907478333
738.0 98.13269972801208
739.0 98.44871163368225
740.0 98.61125946044922
741.0 98.40067625045776
742.0 98.78928065299988
743.0 98.61292839050293
744.0 98.3630895614624
745.0 98.44834208488464
746.0 98.40521812438965
747.0 98.61013889312744
748.0 98.5133171081543
749.0 98.373544216156
750.0 98.36450219154358
751.0 98.21897149085999
752.0 98.22170734405518
753.0 98.36470484733582
754.0 98.34827184677124
755.0 98.4674870967865
756.0 98.50867986679077
757.0 98.536616563797
758.0 98.5707938671112
759.0 98.60647916793823
760.0 98.46744537353516
761.0 98.3393132686615
762.0 98.41023087501526
763.0 98.38470220565796
764.0 98.28747510910034
765.0 98.23932647705078
766.0 98.296719789505
767.0 98.13622832298279
768.0 98.20190072059631
769.0 98.2498824596405
770.0 98.00636768341064
771.0 98.04872870445251
772.0 98.04719686508179
773.0 97.9996919631958
774.0 97.90106415748596
775.0 98.00993204116821
776.0 97.8237509727478
777.0 97.94639945030212
778.0 97.92460799217224
779.0 97.89245128631592
780.0 97.75725603103638
781.0 97.99506068229675
782.0 97.83504605293274
783.0 97.8506326675415
784.0 97.8170394897461
785.0 97.98678159713745
786.0 98.09274077415466
787.0 97.83732891082764
788.0 98.02614450454712
789.0 98.0740487575531
790.0 97.993403673172
791.0 98.06174039840698
792.0 97.9174017906189
793.0 97.88503050804138
794.0 97.91045188903809
795.0 97.83562421798706
796.0 97.82969951629639
797.0 97.95952439308167
798.0 97.93846011161804
799.0 97.80964851379395
800.0 97.67556190490723
801.0 97.78415560722351
802.0 97.66650795936584
803.0 97.45227694511414
804.0 97.32909798622131
805.0 96.95540070533752
806.0 96.85801863670349
807.0 96.27082347869873
808.0 95.64262628555298
809.0 94.71904039382935
810.0 93.79194974899292
811.0 92.34380722045898
812.0 90.56269526481628
813.0 88.33719491958618
814.0 85.77033281326294
815.0 82.664954662323
816.0 79.24185395240784
817.0 75.2886950969696
818.0 70.59693932533264
819.0 66.44684672355652
820.0 61.3391637802124
821.0 56.7398726940155
822.0 52.09243297576904
823.0 47.46513068675995
824.0 42.76711642742157
825.0 38.419681787490845
826.0 33.96722972393036
827.0 29.310667514801025
828.0 25.162941217422485
829.0 20.94869315624237
830.0 16.53672605752945
831.0 13.033492863178253
832.0 9.478691965341568
833.0 6.617465615272522
834.0 4.3449681252241135
835.0 2.7425821870565414
836.0 1.658867672085762
837.0 0.9655389934778214
838.0 0.5407664459198713
839.0 0.348005723208189
840.0 0.18887858605012298
841.0 0.09135025320574641
842.0 0.03703641705214977
843.0 0.04714122915174812
844.0 1.713854752560806e-10
845.0 1.713854752560806e-10
846.0 1.713854752560806e-10
847.0 1.713854752560806e-10
848.0 1.713854752560806e-10
849.0 0.0029312326660146937
850.0 1.713854752560806e-10
851.0 1.713854752560806e-10
852.0 0.0013027263776166365
853.0 0.0013608167137135752
854.0 0.0014189073226589244
855.0 0.0010238327377010137
856.0 0.0006287582891673082
857.0 0.0008403813808399718
858.0 0.0010520041541894898
859.0 0.0007429972356476355
860.0 0.000433990180681576
861.0 0.00032029167869040975
862.0 0.00020659310848714085
863.0 0.00014993405557106598
864.0 9.327501970801677e-05
865.0 0.00010357993005527533
866.0 0.00011388477787477314
867.0 8.07364301635971e-05
868.0 4.75880113981475e-05
869.0 1.713854752560806e-10
870.0 1.713854752560806e-10
871.0 1.713854752560806e-10
872.0 0.00024646715246490203
873.0 0.0002536127340135863
874.0 0.00026075829282490304
875.0 0.00021910468603891786
876.0 0.00017745110199030023
877.0 1.713854752560806e-10
878.0 1.713854752560806e-10
879.0 4.733932001954599e-06
880.0 0.00037015718135080533
881.0 0.00012205388202346512
882.0 1.713854752560806e-10
883.0 0.00014399151950783562
884.0 0.0004140324563195463
885.0 0.00019298277038615197
886.0 1.713854752560806e-10
887.0 5.245714191914885e-05
888.0 0.0001329811993855401
889.0 1.713854752560806e-10
890.0 1.713854752560806e-10
891.0 5.932895419391571e-06
892.0 0.0001747467763379973
893.0 0.0002417655878161895
894.0 0.00030878438792569796
895.0 5.6529876246713684e-05
896.0 1.713854752560806e-10
897.0 1.713854752560806e-10
898.0 5.5661774922555196e-05
