lsstCam/transmission_filter_detector/r10_s01/i_39/19700101T000000.ecsv
# %ECSV 1.0
# ---
# datatype:
# - {name: wavelength, unit: nm, datatype: float32}
# - {name: efficiency, unit: '%', datatype: float64}
# meta: !!omap
# - {MODE: DETECTOR}
# - {TYPE: transmission_filter_detector}
# - {CALIBDATE: '1970-01-01T00:00:00'}
# - {INSTRUME: LSSTCam}
# - {OBSTYPE: transmission_filter_detector}
# - {CALIBCLS: lsst.ip.isr.IntermediateFilterDetectorTransmissionCurve}
# - {SOURCE: Materion (DM-46256)}
# - {DETECTOR: 28}
# - {FILTER: i_39}
# - {CALIB_ID: 'calibDate=1970-01-01T00:00:00 filter=i_39 detector=28'}
# - {DATE: '2025-04-02T15:59:46.608903'}
# - {CALIB_CREATION_DATE: '2025-04-02'}
# - {CALIB_CREATION_TIME: '15:59:46'}
# - __serialized_columns__:
#     efficiency:
#       __class__: astropy.units.quantity.Quantity
#       unit: !astropy.units.Unit {unit: '%'}
#       value: !astropy.table.SerializedColumn {name: efficiency}
#     wavelength:
#       __class__: astropy.units.quantity.Quantity
#       unit: !astropy.units.Unit {unit: nm}
#       value: !astropy.table.SerializedColumn {name: wavelength}
# schema: astropy-2.0
wavelength efficiency
[from data line 600]
900.0 1.713854752560806e-10
901.0 1.713854752560806e-10
902.0 1.713854752560806e-10
903.0 1.713854752560806e-10
904.0 1.713854752560806e-10
905.0 1.713854752560806e-10
906.0 1.713854752560806e-10
907.0 3.198072704435617e-05
908.0 0.00017814204511523712
909.0 1.713854752560806e-10
910.0 1.713854752560806e-10
911.0 1.713854752560806e-10
912.0 9.287329589824367e-05
913.0 7.965932127262931e-05
914.0 6.644536370004062e-05
915.0 1.713854752560806e-10
916.0 1.713854752560806e-10
917.0 1.713854752560806e-10
918.0 1.713854752560806e-10
919.0 1.713854752560806e-10
920.0 6.245379609026713e-05
921.0 2.2137889743589767e-05
922.0 1.713854752560806e-10
923.0 1.713854752560806e-10
924.0 1.713854752560806e-10
925.0 0.00011851122962980298
926.0 0.00032789166652946733
927.0 4.604001730967866e-05
928.0 1.713854752560806e-10
929.0 1.713854752560806e-10
930.0 0.0001651686716286349
931.0 0.00016081755802588305
932.0 0.00015646644442313118
933.0 0.00012649229574890342
934.0 9.65181698120432e-05
935.0 1.713854752560806e-10
936.0 1.713854752560806e-10
937.0 1.713854752560806e-10
938.0 1.713854752560806e-10
939.0 1.713854752560806e-10
940.0 1.713854752560806e-10
941.0 1.713854752560806e-10
942.0 1.713854752560806e-10
943.0 1.713854752560806e-10
944.0 1.713854752560806e-10
945.0 1.713854752560806e-10
946.0 1.713854752560806e-10
947.0 1.713854752560806e-10
948.0 1.713854752560806e-10
949.0 1.713854752560806e-10
950.0 1.713854752560806e-10
951.0 1.713854752560806e-10
952.0 1.713854752560806e-10
953.0 1.713854752560806e-10
954.0 1.713854752560806e-10
955.0 8.332736456395651e-05
956.0 0.00031733327432448277
957.0 0.00019499937025102554
958.0 7.266539228112379e-05
959.0 0.0001735140699565818
960.0 0.00027436274194769794
961.0 0.0001759564383974066
962.0 7.755013484711526e-05
963.0 1.713854752560806e-10
964.0 1.713854752560806e-10
965.0 1.713854752560806e-10
966.0 1.713854752560806e-10
967.0 1.713854752560806e-10
968.0 1.713854752560806e-10
969.0 1.713854752560806e-10
970.0 2.2132373089789326e-05
971.0 1.713854752560806e-10
972.0 1.713854752560806e-10
973.0 1.713854752560806e-10
974.0 3.441717240093567e-05
975.0 1.594368228552412e-05
976.0 1.713854752560806e-10
977.0 1.713854752560806e-10
978.0 1.713854752560806e-10
979.0 1.713854752560806e-10
980.0 1.713854752560806e-10
981.0 1.713854752560806e-10
982.0 1.713854752560806e-10
983.0 1.713854752560806e-10
984.0 1.713854752560806e-10
985.0 5.263980824565806e-05
986.0 0.0002128832647940726
987.0 3.550132134932937e-05
988.0 1.713854752560806e-10
989.0 1.713854752560806e-10
990.0 1.713854752560806e-10
991.0 1.713854752560806e-10
992.0 1.713854752560806e-10
993.0 1.713854752560806e-10
994.0 0.00010346741419198224
995.0 1.713854752560806e-10
996.0 1.713854752560806e-10
997.0 7.681261422476382e-05
998.0 0.00037397558116936125
999.0 0.00036054575502930675
1000.0 0.0003471158606771496
1001.0 0.0001692159003141569
1002.0 1.713854752560806e-10
1003.0 3.051306975976331e-05
1004.0 6.971029051783262e-05
1005.0 1.713854752560806e-10
1006.0 1.713854752560806e-10
1007.0 1.2026461604364158e-05
1008.0 0.00019102242276858306
1009.0 9.187776868202491e-05
1010.0 1.713854752560806e-10
1011.0 0.00010261687748425175
1012.0 0.00021250066311040428
1013.0 0.0004084255579073215
1014.0 0.0006043505436537089
1015.0 0.0005226944722380722
1016.0 0.0004410384462971706
1017.0 0.00051408278523013
1018.0 0.0005871272605872946
1019.0 0.00044422845348890405
1020.0 0.00030132960091577843
1021.0 0.00021313521756383125
1022.0 0.00012494083421188407
1023.0 0.0005241385224508122
1024.0 0.0009233363016392104
1025.0 0.0007222850399557501
1026.0 0.0005212338237470249
1027.0 0.000417510864281212
1028.0 0.00031378788207803154
1029.0 0.0007347621249209624
1030.0 0.0011557363905012608
1031.0 0.0017875472622108646
1032.0 0.0024193577701225877
1033.0 0.002557841071393341
1034.0 0.0026963236450683326
1035.0 0.0033004249416990206
1036.0 0.003904525874531828
1037.0 0.003881847078446299
1038.0 0.0038591675547650084
1039.0 0.0031183724786387756
1040.0 0.002377577402512543
1041.0 0.0019106051695416681
1042.0 0.001443632754671853
1043.0 0.002010412390518468
1044.0 0.0025771918444661424
1045.0 0.0030181987312971614
1046.0 0.003459206345723942
1047.0 0.0034807522752089426
1048.0 0.003502298568491824
1049.0 0.0030101309675956145
1050.0 0.0025179631848004647
1051.0 0.002690511610126123
1052.0 0.0028630603992496617
1053.0 0.001947632699739188
1054.0 0.0010322048183297738
1055.0 0.0008408952453464735
1056.0 0.000649585581413703
1057.0 0.0007706248652539216
1058.0 0.0008916642400436103
1059.0 0.0010230209227302112
1060.0 0.0011543779692146927
1061.0 0.0018737804566626437
1062.0 0.002593182580312714
1063.0 0.0027932141165365465
1064.0 0.002993245652760379
1065.0 0.003316604852443561
1066.0 0.0036399644159246236
1067.0 0.004588752562995069
1068.0 0.0055375410738633946
1069.0 0.004324710607761517
1070.0 0.0031118801416596398
1071.0 0.0027831865736516193
1072.0 0.0024544930056435987
1073.0 0.002451950786053203
1074.0 0.0024494085664628074
1075.0 0.0025549641577526927
1076.0 0.0026605193852446973
1077.0 0.00199330006580567
1078.0 0.0013260802006698214
1079.0 0.00157645972649334
1080.0 0.001826839434215799
1081.0 0.0009899315955408383
1082.0 0.00015302355222956976
1083.0 1.7050167855359177e-05
1084.0 1.713854752560806e-10
1085.0 0.00024130849851644598
1086.0 0.0006015408416715218
1087.0 0.0008593583515903447
1088.0 0.001117176088882843
1089.0 1.713854752560806e-10
1090.0 1.713854752560806e-10
1091.0 1.713854752560806e-10
1092.0 1.713854752560806e-10
1093.0 1.713854752560806e-10
1094.0 0.00030852420422888827
1095.0 0.00018017325373875792
1096.0 5.182239988243964e-05
1097.0 1.713854752560806e-10
1098.0 1.713854752560806e-10
1099.0 1.713854752560806e-10
1100.0 1.713854752560806e-10
