lsstCam/transmission_filter_detector/r32_s11/g_6/19700101T000000.ecsv
# %ECSV 1.0
# ---
# datatype:
# - {name: wavelength, unit: nm, datatype: float32}
# - {name: efficiency, unit: '%', datatype: float64}
# meta: !!omap
# - {MODE: DETECTOR}
# - {TYPE: transmission_filter_detector}
# - {CALIBDATE: '1970-01-01T00:00:00'}
# - {INSTRUME: LSSTCam}
# - {OBSTYPE: transmission_filter_detector}
# - {CALIBCLS: lsst.ip.isr.IntermediateFilterDetectorTransmissionCurve}
# - {SOURCE: Materion (DM-46256)}
# - {DETECTOR: 139}
# - {FILTER: g_6}
# - {CALIB_ID: 'calibDate=1970-01-01T00:00:00 filter=g_6 detector=139'}
# - {DATE: '2025-04-02T15:59:42.670867'}
# - {CALIB_CREATION_DATE: '2025-04-02'}
# - {CALIB_CREATION_TIME: '15:59:42'}
# - __serialized_columns__:
#     efficiency:
#       __class__: astropy.units.quantity.Quantity
#       unit: !astropy.units.Unit {unit: '%'}
#       value: !astropy.table.SerializedColumn {name: efficiency}
#     wavelength:
#       __class__: astropy.units.quantity.Quantity
#       unit: !astropy.units.Unit {unit: nm}
#       value: !astropy.table.SerializedColumn {name: wavelength}
# schema: astropy-2.0
wavelength efficiency
[from data line 608]
908.0 0.0003356459728820482
909.0 0.0004210667611914687
910.0 0.00040056443140201736
911.0 0.00038006210161256604
912.0 0.0003564333837857703
913.0 0.0003328046659589745
914.0 0.0003784155296671088
915.0 0.00042402643884997815
916.0 0.000359298292096355
917.0 0.000294570236292202
918.0 0.000387546606361866
919.0 0.00048052297643152997
920.0 0.0004655674729292514
921.0 0.0004506119694269728
922.0 0.0003906463462044485
923.0 0.00033068074571929174
924.0 0.000384011082132929
925.0 0.00043734139580919873
926.0 0.00040972140595840756
927.0 0.0003821013706328813
928.0 0.0004680225629272172
929.0 0.0005539437552215531
930.0 0.0005295903065416496
931.0 0.000505236812387011
932.0 0.00048304568736057263
933.0 0.00046085456233413424
934.0 0.0005828686880704481
935.0 0.000704882813806762
936.0 0.0005872821475350065
937.0 0.0004696816176874563
938.0 0.000434721187048126
939.0 0.0003997607564087957
940.0 0.0005436040737549774
941.0 0.0006874473911011592
942.0 0.0007322909823415102
943.0 0.0007771345735818613
944.0 0.0006850333647889784
945.0 0.0005929321105213603
946.0 0.0008454614544461947
947.0 0.0010979909347952344
948.0 0.0009023805432661902
949.0 0.0007067703336360864
950.0 0.0005861275440111058
951.0 0.00046548470891139004
952.0 0.0006842599304945907
953.0 0.0009030351066030562
954.0 0.0009910597327689175
955.0 0.0010790843589347787
956.0 0.0008938892278820276
957.0 0.0007086940968292765
958.0 0.0007129927325877361
959.0 0.0007172912319219904
960.0 0.0007413725597871235
961.0 0.0007654537512280513
962.0 0.0007460250799340429
963.0 0.0007265963176905643
964.0 0.0006634708370256703
965.0 0.0006003452199365711
966.0 0.0006189402483869344
967.0 0.0006375352313625626
968.0 0.000673991598887369
969.0 0.0007104480118869105
970.0 0.0007281199941644445
971.0 0.0007457921128661837
972.0 0.0007464299415005371
973.0 0.0007470677701348905
974.0 0.0007457060291926609
975.0 0.0007443441973009612
976.0 0.000785040083428612
977.0 0.0008257359695562627
978.0 0.0008250332030002028
979.0 0.0008243303454946727
980.0 0.000887684291228652
981.0 0.0009510382369626313
982.0 0.0010544571523496415
983.0 0.0011578760677366517
984.0 0.0011981624993495643
985.0 0.0012384487490635365
986.0 0.00124590942505165
987.0 0.0012533701010397635
988.0 0.0012158885510871187
989.0 0.0011784066373365931
990.0 0.0012261153642612044
991.0 0.0012738241821352858
992.0 0.0012486108971643262
993.0 0.0012233977031428367
994.0 0.001284454447159078
995.0 0.0013455114640237298
996.0 0.001333306045125937
997.0 0.0013211006262281444
998.0 0.001265033188246889
999.0 0.001208965932164574
1000.0 0.0012408693692123052
1001.0 0.0012727725334116258
1002.0 0.0013188164302846417
1003.0 0.0013648604181071278
1004.0 0.001323831111221807
1005.0 0.0012828018952859566
1006.0 0.001377771968691377
1007.0 0.0014727419511473272
1008.0 0.0014984250810812227
1009.0 0.0015241081200656481
1010.0 0.0014923243725206703
1011.0 0.0014605408068746328
1012.0 0.0015519884982495569
1013.0 0.0016434360077255405
1014.0 0.0018898843336501159
1015.0 0.002136332477675751
1016.0 0.0023340213374467567
1017.0 0.002531710015318822
1018.0 0.002701135235838592
1019.0 0.002870561002055183
1020.0 0.0031284525903174654
1021.0 0.0033863445423776284
1022.0 0.0035599394323071465
1023.0 0.003733533958438784
1024.0 0.0038629263144684955
1025.0 0.003992318670498207
1026.0 0.0043371292122174054
1027.0 0.004681940117734484
1028.0 0.004776002606377006
1029.0 0.004870065822615288
1030.0 0.004912099757348187
1031.0 0.004954133692081086
1032.0 0.00521525253134314
1033.0 0.005476371734403074
1034.0 0.005521606362890452
1035.0 0.005566841355175711
1036.0 0.005710388359148055
1037.0 0.005853934999322519
1038.0 0.005769839481217787
1039.0 0.005685743963113055
1040.0 0.005893474008189514
1041.0 0.006101204417063855
1042.0 0.0061944680055603385
1043.0 0.006287731957854703
1044.0 0.006777284579584375
1045.0 0.007266837201314047
1046.0 0.008013032493181527
1047.0 0.008759227057453245
1048.0 0.00966200022958219
1049.0 0.010564773401711136
1050.0 0.012445304309949279
1051.0 0.014325835218187422
1052.0 0.01723979221424088
1053.0 0.020153749210294336
1054.0 0.02464373246766627
1055.0 0.029133708449080586
1056.0 0.03477394056972116
1057.0 0.0404141639592126
1058.0 0.04785144701600075
1059.0 0.05528872716240585
1060.0 0.06389705813489854
1061.0 0.07250538328662515
1062.0 0.0810459372587502
1063.0 0.08958647376857698
1064.0 0.09799781255424023
1065.0 0.1064091338776052
1066.0 0.11437413049861789
1067.0 0.12233913876116276
1068.0 0.13088006526231766
1069.0 0.13942100340500474
1070.0 0.148376589640975
1071.0 0.15733216423541307
1072.0 0.16594314947724342
1073.0 0.1745541230775416
1074.0 0.18381322734057903
1075.0 0.1930723083205521
1076.0 0.2027967246249318
1077.0 0.21252112928777933
1078.0 0.22242495324462652
1079.0 0.2323287772014737
1080.0 0.24670506827533245
1081.0 0.2610813360661268
1082.0 0.28122435323894024
1083.0 0.30136737041175365
1084.0 0.33741299994289875
1085.0 0.3734586061909795
1086.0 0.41288528591394424
1087.0 0.45231194235384464
1088.0 0.5033833906054497
1089.0 0.5544548388570547
1090.0 0.6306012626737356
1091.0 0.706747779622674
1092.0 0.7729422301054001
1093.0 0.8391368202865124
1094.0 0.8985327556729317
1095.0 0.9579288773238659
1096.0 1.0214580222964287
1097.0 1.0849869810044765
1098.0 1.1944076046347618
1099.0 1.303828414529562
1100.0 1.4754648320376873
1101.0 1.64710134267807
