lsstCam/transmission_filter_detector/r32_s11/g_6/19700101T000000.ecsv
# %ECSV 1.0
# ---
# datatype:
# - {name: wavelength, unit: nm, datatype: float32}
# - {name: efficiency, unit: '%', datatype: float64}
# meta: !!omap
# - {MODE: DETECTOR}
# - {TYPE: transmission_filter_detector}
# - {CALIBDATE: '1970-01-01T00:00:00'}
# - {INSTRUME: LSSTCam}
# - {OBSTYPE: transmission_filter_detector}
# - {CALIBCLS: lsst.ip.isr.IntermediateFilterDetectorTransmissionCurve}
# - {SOURCE: Materion (DM-46256)}
# - {DETECTOR: 139}
# - {FILTER: g_6}
# - {CALIB_ID: 'calibDate=1970-01-01T00:00:00 filter=g_6 detector=139'}
# - {DATE: '2025-04-02T15:59:42.670867'}
# - {CALIB_CREATION_DATE: '2025-04-02'}
# - {CALIB_CREATION_TIME: '15:59:42'}
# - __serialized_columns__:
#     efficiency:
#       __class__: astropy.units.quantity.Quantity
#       unit: !astropy.units.Unit {unit: '%'}
#       value: !astropy.table.SerializedColumn {name: efficiency}
#     wavelength:
#       __class__: astropy.units.quantity.Quantity
#       unit: !astropy.units.Unit {unit: nm}
#       value: !astropy.table.SerializedColumn {name: wavelength}
# schema: astropy-2.0
wavelength efficiency
300.0 0.34722047857940197
301.0 0.30254614539444447
302.0 0.2578717889264226
303.0 0.2480437746271491
304.0 0.23821576032787561
305.0 0.2310778945684433
306.0 0.22394002880901098
307.0 0.21987301297485828
308.0 0.21580595057457685
309.0 0.20930985920131207
310.0 0.20281372126191854
311.0 0.1985916867852211
312.0 0.19436960574239492
313.0 0.18934818217530847
314.0 0.18432674696668983
315.0 0.1804501749575138
316.0 0.17657362623140216
317.0 0.17407451523467898
318.0 0.171575415879488
319.0 0.16016352456063032
320.0 0.14875162160024047
321.0 0.13866664376109838
322.0 0.12858167756348848
323.0 0.11486908188089728
324.0 0.10115648619830608
325.0 0.09071988752111793
326.0 0.08028328302316368
327.0 0.07374579436145723
328.0 0.06720831152051687
329.0 0.06342505221255124
330.0 0.0596417929045856
331.0 0.05503969732671976
332.0 0.05043760174885392
333.0 0.046862021554261446
334.0 0.043286438449285924
335.0 0.04210789338685572
336.0 0.04092934541404247
337.0 0.04060803330503404
338.0 0.04028671537525952
339.0 0.0399709097109735
340.0 0.03965510113630444
341.0 0.03766399167943746
342.0 0.03567288222257048
343.0 0.032861740328371525
344.0 0.030050595523789525
345.0 0.026417916524223983
346.0 0.02278524189023301
347.0 0.020613161905203015
348.0 0.01844108192017302
349.0 0.017123819270636886
350.0 0.09570135734975338
351.0 1.30383912473917
352.0 0.22362701129168272
353.0 0.8353712968528271
354.0 0.14188869390636683
355.0 0.7542605046182871
356.0 0.15437331749126315
357.0 1.1407430283725262
358.0 0.15158283058553934
359.0 0.7696708664298058
360.0 0.13568714493885636
361.0 0.9599093347787857
362.0 0.11266431538388133
363.0 0.9580397978425026
364.0 0.09658648632466793
365.0 0.7948080077767372
366.0 0.11892520124092698
367.0 0.7879563607275486
368.0 0.10884853545576334
369.0 0.5918281152844429
370.0 0.11174828978255391
371.0 0.5906690377742052
372.0 0.11646200437098742
373.0 0.6904466077685356
374.0 0.13138061622157693
375.0 0.6336526945233345
376.0 0.11795202735811472
377.0 0.47133895568549633
378.0 0.11174416868016124
379.0 0.5386876408010721
380.0 0.1544059836305678
381.0 0.45658713206648827
382.0 0.6049928721040487
383.0 0.5584691651165485
384.0 0.5539812613278627
385.0 0.6690233945846558
386.0 0.5661875940859318
387.0 0.7412663660943508
388.0 0.8652633987367153
389.0 1.2467133812606335
390.0 1.7043333500623703
391.0 2.5823181495070457
392.0 4.116161540150642
393.0 6.625355780124664
394.0 9.903942048549652
395.0 14.549310505390167
396.0 20.226313173770905
397.0 27.363896369934082
398.0 35.83625257015228
399.0 45.08625864982605
400.0 54.619210958480835
401.0 63.70581388473511
402.0 72.22632169723511
403.0 79.59089279174805
404.0 85.05460619926453
405.0 89.20153975486755
406.0 91.63084030151367
407.0 93.57109665870667
408.0 94.6604073047638
409.0 95.28661370277405
410.0 95.47836780548096
411.0 95.2836811542511
412.0 94.91614699363708
413.0 94.69939470291138
414.0 94.5487380027771
415.0 94.68901753425598
416.0 94.99462246894836
417.0 95.41345834732056
418.0 95.9019422531128
419.0 96.49085402488708
420.0 97.05030918121338
421.0 97.65353202819824
422.0 97.75916934013367
423.0 97.95748591423035
424.0 97.72244691848755
425.0 97.68150448799133
426.0 97.56222367286682
427.0 97.61278629302979
428.0 97.37445712089539
429.0 97.21804857254028
430.0 97.06512689590454
431.0 97.02127575874329
432.0 97.04663753509521
433.0 97.14469313621521
434.0 97.21875786781311
435.0 97.35094904899597
436.0 97.4382758140564
437.0 97.4014401435852
438.0 97.52472043037415
439.0 97.60746359825134
440.0 97.51227498054504
441.0 97.62589931488037
442.0 97.66021966934204
443.0 97.66015410423279
444.0 97.586190700531
445.0 97.31869697570801
446.0 97.22564816474915
447.0 97.03683257102966
448.0 97.0610499382019
449.0 97.31385707855225
450.0 97.59057760238647
451.0 97.76496887207031
452.0 97.97738194465637
453.0 98.0692207813263
454.0 98.10317754745483
455.0 98.34961295127869
456.0 98.38363528251648
457.0 98.5778272151947
458.0 98.57099652290344
459.0 98.59906435012817
460.0 98.68059754371643
461.0 98.8538920879364
462.0 98.7780213356018
463.0 98.66160750389099
464.0 98.82190823554993
465.0 98.7317442893982
466.0 98.7239420413971
467.0 98.70843291282654
468.0 98.74545335769653
469.0 98.80467057228088
470.0 98.6737847328186
471.0 98.50724935531616
472.0 98.60314130783081
473.0 98.48220348358154
474.0 98.27289581298828
475.0 98.37124347686768
476.0 98.37165474891663
477.0 98.42581748962402
478.0 98.4495997428894
479.0 98.4335720539093
480.0 98.58671426773071
481.0 98.67436289787292
482.0 98.87530207633972
483.0 98.7436830997467
484.0 98.94841313362122
485.0 98.98082613945007
486.0 98.98103475570679
487.0 98.96554946899414
488.0 98.9926815032959
489.0 99.11254048347473
490.0 99.03741478919983
491.0 99.0666389465332
492.0 98.93437027931213
493.0 98.96829724311829
494.0 98.89214634895325
495.0 98.95086884498596
496.0 98.7866759300232
497.0 98.69238138198853
498.0 98.51502180099487
499.0 98.54932427406311
500.0 98.50959777832031
501.0 98.47961068153381
502.0 98.3154296875
503.0 98.50577116012573
504.0 98.32609295845032
505.0 98.32808375358582
506.0 98.44020009040833
507.0 98.37421178817749
508.0 98.36556315422058
509.0 98.32420945167542
510.0 98.30150604248047
511.0 98.26984405517578
512.0 98.21919798851013
513.0 98.2576072216034
514.0 98.23713898658752
515.0 98.28647375106812
516.0 98.39180111885071
517.0 98.37220311164856
518.0 98.4491229057312
519.0 98.44287633895874
520.0 98.50757718086243
521.0 98.65010976791382
522.0 98.6906886100769
523.0 98.64875674247742
524.0 98.68371486663818
525.0 98.66706728935242
526.0 98.86008501052856
527.0 98.770672082901
528.0 98.91061186790466
529.0 99.01142716407776
530.0 98.95743727684021
531.0 99.11604523658752
532.0 98.965322971344
533.0 99.0143358707428
534.0 99.0247130393982
535.0 98.80877137184143
536.0 98.46203327178955
537.0 97.92266488075256
538.0 97.06205129623413
539.0 95.73684930801392
540.0 93.99723410606384
541.0 91.33779406547546
542.0 88.42360973358154
543.0 84.71367359161377
544.0 80.05200624465942
545.0 75.89917778968811
546.0 70.85511088371277
547.0 66.21361970901489
548.0 61.57875061035156
549.0 57.41434693336487
550.0 54.13431525230408
551.0 51.0221004486084
552.0 48.65504205226898
553.0 46.15283012390137
554.0 43.2834267616272
555.0 40.12302756309509
556.0 35.84631681442261
557.0 30.904531478881836
558.0 25.490382313728333
559.0 20.134952664375305
560.0 14.970192313194275
561.0 10.184632241725922
562.0 6.532350927591324
563.0 3.8534335792064667
564.0 2.1072959527373314
565.0 0.656483881175518
566.0 0.551757076755166
567.0 0.2275423612445593
568.0 0.17740222392603755
569.0 0.07165446877479553
570.0 0.09919266449287534
571.0 0.03662080271169543
572.0 0.06091449176892638
573.0 0.019811958190985024
574.0 0.060289737302809954
575.0 0.01681395369814709
576.0 0.04802044131793082
577.0 0.011528204777278006
578.0 0.03272538597229868
579.0 0.01143162589869462
580.0 0.03778133250307292
581.0 0.008167288615368307
582.0 0.027336509083397686
583.0 0.011071880726376548
584.0 0.019050277478527278
585.0 0.004453961082617752
586.0 0.014702865155413747
587.0 0.005422026515589096
588.0 0.02818665816448629
589.0 0.009688889986136928
590.0 0.023488503939006478
591.0 0.00380574056180194
592.0 0.025063438806682825
593.0 0.0035599154216470197
594.0 0.026242740568704903
595.0 0.0043851399823324755
596.0 0.01138682710006833
597.0 0.002770361788861919
598.0 0.03246708365622908
599.0 0.002423450678179506
600.0 0.010368908260716125
601.0 0.0022584930775337853
602.0 0.002167707498301752
603.0 0.0020769219190697186
604.0 0.0020212624804116786
605.0 0.0019656030417536385
606.0 0.0019998944480903447
607.0 0.002034186036325991
608.0 0.0020224842955940403
609.0 0.0020107821910642087
610.0 0.002032752672675997
611.0 0.002054722972388845
612.0 0.0019121449440717697
613.0 0.0017695667338557541
614.0 0.0017032944015227258
615.0 0.0016370222510886379
616.0 0.0014754050425835885
617.0 0.0013137878340785392
618.0 0.0015287268979591317
619.0 0.0017436659618397243
620.0 0.0016233381757047027
621.0 0.0015030101167212706
622.0 0.0015607351087965071
623.0 0.0016184601918212138
624.0 0.0015953724869177677
625.0 0.0015722849639132619
626.0 0.0015348616216215305
627.0 0.0014974380974308588
628.0 0.0015051842638058588
629.0 0.0015129302482819185
630.0 0.001475741828471655
631.0 0.0014385532267624512
632.0 0.0013814064004691318
633.0 0.0013242597560747527
634.0 0.0013847381524101365
635.0 0.0014452166396949906
636.0 0.0014621155060012825
637.0 0.0014790143723075744
638.0 0.0013780067092739046
639.0 0.0012769989552907646
640.0 0.0013846343790646642
641.0 0.001492269802838564
642.0 0.0013616414435091428
643.0 0.001231013175129192
644.0 0.0011989771337539423
645.0 0.0011669413652271032
646.0 0.0012807708117179573
647.0 0.0013946003491582815
648.0 0.0013403718185145408
649.0 0.0012861433788202703
650.0 0.0011940246622543782
651.0 0.001101905854739016
652.0 0.001140700805990491
653.0 0.0011794958481914364
654.0 0.001140034873969853
655.0 0.0011005739906977396
656.0 0.0011169451681780629
657.0 0.0011333166185067967
658.0 0.0011179787179571576
659.0 0.001102640999306459
660.0 0.0010096402547787875
661.0 0.0009166394193016458
662.0 0.0009369572580908425
663.0 0.000957275005930569
664.0 0.0010094039680552669
665.0 0.0010615329301799648
666.0 0.0010841717084986158
667.0 0.0011068104868172668
668.0 0.0011665571946650743
669.0 0.0012263038115634117
670.0 0.001146257454820443
671.0 0.0010662109161785338
672.0 0.0010431052942294627
673.0 0.0010199999451288022
674.0 0.001090854038920952
675.0 0.0011617081327131018
676.0 0.0011482618901936803
677.0 0.001134815283876378
678.0 0.001092822367354529
679.0 0.0010508294508326799
680.0 0.0010298537745256908
681.0 0.0010088782801176421
682.0 0.0010143739928025752
683.0 0.0010198699783359189
684.0 0.0010024669791164342
685.0 0.0009850637979980092
686.0 0.0010291253602190409
687.0 0.0010731868314906023
688.0 0.0010842914889508393
689.0 0.0010953961464110762
690.0 0.0011145117241539992
691.0 0.0011336273018969223
692.0 0.0010803075383591931
693.0 0.0010269876838719938
694.0 0.0010333546924812254
695.0 0.0010397216101409867
696.0 0.0010841911716852337
697.0 0.0011286607332294807
698.0 0.0011705673387041315
699.0 0.0012124739441787824
700.0 0.0012683161003224086
701.0 0.0013241582564660348
702.0 0.0013300642422109377
703.0 0.0013359701370063704
704.0 0.0012978844097233377
705.0 0.0012597983186424244
706.0 0.0011284267202427145
707.0 0.0009970551218430046
708.0 0.0010705643944675103
709.0 0.0011440738489909563
710.0 0.001124644222727511
711.0 0.001105214687413536
712.0 0.0011958479262830224
713.0 0.0012864809832535684
714.0 0.0012974634955753572
715.0 0.001308446007897146
716.0 0.0014324594303616323
717.0 0.0015564728528261185
718.0 0.0017928663510247134
719.0 0.0020292600311222486
720.0 0.001671185418672394
721.0 0.001313110624323599
722.0 0.0014517187992169056
723.0 0.0015903271560091525
724.0 0.0017379858036292717
725.0 0.0018856442693504505
726.0 0.0019592378521338105
727.0 0.0020328314349171706
728.0 0.002033040982496459
729.0 0.0020332508938736282
730.0 0.002099110497510992
731.0 0.0021649704649462365
732.0 0.001978590080398135
733.0 0.001792210059647914
734.0 0.0015871231880737469
735.0 0.0013820364074490499
736.0 0.0012071829587512184
737.0 0.0010323293281544466
738.0 0.000975628245214466
739.0 0.0009189270713250153
740.0 0.0009257511010218877
741.0 0.00093257503976929
742.0 0.0009674365173850674
743.0 0.001002298085950315
744.0 0.0009061282980837859
745.0 0.0008099585102172568
746.0 0.0007624900263181189
747.0 0.0007150215878937161
748.0 0.0007586693755001761
749.0 0.0008023170266824309
750.0 0.0008447143954981584
751.0 0.0008871117643138859
752.0 0.0009025812687468715
753.0 0.0009180508641293272
754.0 0.0007759055733913556
755.0 0.0006337602826533839
756.0 0.0006716186817357084
757.0 0.0007094769443938276
758.0 0.000817643194750417
759.0 0.0009258097634301521
760.0 0.0009635416063247249
761.0 0.0010012734492192976
762.0 0.0008246505785791669
763.0 0.0006480277534137713
764.0 0.0006652678621321684
765.0 0.0006825081527495058
766.0 0.0007463795554940589
767.0 0.000810251003713347
768.0 0.000778452795202611
769.0 0.0007466547231160803
770.0 0.0007069789717206731
771.0 0.0006673032658000011
772.0 0.0006982569630054059
773.0 0.0007292105692613404
774.0 0.000680008952258504
775.0 0.0006308071988314623
776.0 0.0006253962965274695
777.0 0.0006199852577992715
778.0 0.0005450028766063042
779.0 0.000470020540888072
780.0 0.0005990172667225124
781.0 0.0007280139925569529
782.0 0.0006110028152761515
783.0 0.0004939916834700853
784.0 0.0004313936642574845
785.0 0.0003687956450448837
786.0 0.0003207865347576444
787.0 0.0002727774699451402
788.0 0.00037502209124795627
789.0 0.00047726675802550744
790.0 0.000510901736561209
791.0 0.0005445366696221754
792.0 0.00043744344111473765
793.0 0.0003303502126072999
794.0 0.0003360609298397321
795.0 0.00034177160159742925
796.0 0.00031513570775132393
797.0 0.0002884998139052186
798.0 0.0003644672460723086
799.0 0.00044043467823939864
800.0 0.0004773481578013161
801.0 0.0005142617283127038
802.0 0.0005484256689669564
803.0 0.0005825897005706793
804.0 0.0005802792657050304
805.0 0.0005779688308393816
806.0 0.0005352716470952146
807.0 0.0004925744178763125
808.0 0.000453799293609336
809.0 0.0004150242148170946
810.0 0.0003662695235107094
811.0 0.0003175148322043242
812.0 0.0003910884515789803
813.0 0.0004646621619031066
814.0 0.0005292820787872188
815.0 0.000593901995671331
816.0 0.0006519035650853766
817.0 0.0007099051344994223
818.0 0.000550044433111907
819.0 0.0003901836407749215
820.0 0.0004384354269859614
821.0 0.00048668716772226617
822.0 0.0004987214651919203
823.0 0.0005107556262373691
824.0 0.00047709927457617596
825.0 0.0004434429229149828
826.0 0.0004809033271158114
827.0 0.0005183638222661102
828.0 0.00045183091970102396
829.0 0.0003852980626106728
830.0 0.00041049006540561095
831.0 0.0004356820682005491
832.0 0.00047659577830927446
833.0 0.0005175094884179998
834.0 0.0004611927579389885
835.0 0.0004048760729347123
836.0 0.0004733678451884771
837.0 0.000541859662916977
838.0 0.0005788483576907311
839.0 0.0006158371434139553
840.0 0.0006177112027216936
841.0 0.0006195853075041668
842.0 0.000568303312320495
843.0 0.000517021226187353
844.0 0.0005412603513832437
845.0 0.0005654993401549291
846.0 0.0003871997705573449
847.0 0.00020890011001029052
848.0 0.00023310301457968308
849.0 0.00025730591914907563
850.0 0.00031292806852434296
851.0 0.0003685502633743454
852.0 0.0002860939275706187
853.0 0.00020363756902952446
854.0 0.00030640287604910554
855.0 0.0004091681603313191
856.0 0.0003608884526329348
857.0 0.00031260876767191803
858.0 0.0003506753500914783
859.0 0.00038874195524840616
860.0 0.0004208375685266219
861.0 0.00045293313633010257
862.0 0.00045200431486591697
863.0 0.0004510754479269963
864.0 0.00031533425044472096
865.0 0.00017959297338165925
866.0 0.00037118045383977005
867.0 0.0005627678547170945
868.0 0.00047932471716194414
869.0 0.00039588153413205873
870.0 0.00035521532026905334
871.0 0.0003145491291434155
872.0 0.00043102604649902787
873.0 0.0005475029411172727
874.0 0.000598473252466647
875.0 0.000649443472866551
876.0 0.0005793468517367728
877.0 0.0005092502306069946
878.0 0.0005663247520715231
879.0 0.0006233990916371113
880.0 0.000721161040928564
881.0 0.0008189229447452817
882.0 0.0006214298991835676
883.0 0.0004239368081471184
884.0 0.0005098738256492652
885.0 0.0005958107976766769
886.0 0.0006159184522402938
887.0 0.0006360261068039108
888.0 0.0005579299795499537
889.0 0.0004798338977707317
890.0 0.00047439648369618226
891.0 0.0004689591150963679
892.0 0.00048421602514281403
893.0 0.0004994730261387303
894.0 0.0004856800387642579
895.0 0.00047188714233925566
896.0 0.0004584403995977482
897.0 0.0004449937478057109
898.0 0.0004342966349213384
899.0 0.00042359952203696594
900.0 0.0003853199359582504
901.0 0.0003470403498795349
902.0 0.0003869008651236072
903.0 0.0004267613803676795
904.0 0.00039609058148926124
905.0 0.0003654197598734754
906.0 0.0003078224608543678
