lsstCam/transmission_filter_detector/r01_s10/y_10/19700101T000000.ecsv
# %ECSV 1.0
# ---
# datatype:
# - {name: wavelength, unit: nm, datatype: float32}
# - {name: efficiency, unit: '%', datatype: float64}
# meta: !!omap
# - {MODE: DETECTOR}
# - {TYPE: transmission_filter_detector}
# - {CALIBDATE: '1970-01-01T00:00:00'}
# - {INSTRUME: LSSTCam}
# - {OBSTYPE: transmission_filter_detector}
# - {CALIBCLS: lsst.ip.isr.IntermediateFilterDetectorTransmissionCurve}
# - {SOURCE: Materion (DM-46256)}
# - {DETECTOR: 3}
# - {FILTER: y_10}
# - {CALIB_ID: 'calibDate=1970-01-01T00:00:00 filter=y_10 detector=3'}
# - {DATE: '2025-04-02T15:59:50.755431'}
# - {CALIB_CREATION_DATE: '2025-04-02'}
# - {CALIB_CREATION_TIME: '15:59:50'}
# - __serialized_columns__:
#     efficiency:
#       __class__: astropy.units.quantity.Quantity
#       unit: !astropy.units.Unit {unit: '%'}
#       value: !astropy.table.SerializedColumn {name: efficiency}
#     wavelength:
#       __class__: astropy.units.quantity.Quantity
#       unit: !astropy.units.Unit {unit: nm}
#       value: !astropy.table.SerializedColumn {name: wavelength}
# schema: astropy-2.0
wavelength efficiency
300.0 0.5257949698716402
301.0 0.2840260276570916
302.0 0.04225703014526516
303.0 0.03748788149096072
304.0 0.03271873574703932
305.0 0.018740035011433065
306.0 0.0047613320930395275
307.0 0.012686953414231539
308.0 0.020612572552636266
309.0 0.014659143926110119
310.0 0.008705713844392449
311.0 0.007813312549842522
312.0 0.00692090907250531
313.0 0.007874619768699631
314.0 0.008828330464893952
315.0 0.006985854997765273
316.0 0.005143381713423878
317.0 0.005123875962453894
318.0 0.005104366209707223
319.0 0.0027146219508722425
320.0 0.0003248759867346962
321.0 0.00294451201625634
322.0 0.005564148523262702
323.0 0.004296500264899805
324.0 0.003028852188435849
325.0 0.0015562054613837972
326.0 8.355857517017284e-05
327.0 0.0012055580555170309
328.0 0.002327557922399137
329.0 0.003665137046482414
330.0 0.005002716352464631
331.0 0.004118525248486549
332.0 0.0032343337807105854
333.0 0.00241684538195841
334.0 0.0015993564375094138
335.0 0.0018455013560014777
336.0 0.0020916466382914223
337.0 0.0026592519134283066
338.0 0.00322685664286837
339.0 0.001496868299000198
340.0 1.7139722800763035e-10
341.0 1.7139722800763035e-10
342.0 1.7139722800763035e-10
343.0 0.0002826374611686333
344.0 0.001250520654139109
345.0 0.001456572863389738
346.0 0.001662625618337188
347.0 0.0014952399396861438
348.0 0.001327853988186689
349.0 0.001125802009482868
350.0 0.0009237497579306364
351.0 0.0012333623089944012
352.0 0.001542974314361345
353.0 0.0012394239092827775
354.0 0.0009358735951536801
355.0 0.0011917296433239244
356.0 0.0014475855095952284
357.0 0.0012100512321921997
358.0 0.0009725165909912903
359.0 0.0010040616871265229
360.0 0.0010356066923122853
361.0 0.001212572715303395
362.0 0.001389538465446094
363.0 0.0012080228771083057
364.0 0.0010265070159221068
365.0 0.001397448795614764
366.0 0.0017683911210042424
367.0 0.00216182761505479
368.0 0.002555263927206397
369.0 0.0022342748707160354
370.0 0.001913285996124614
371.0 0.0018972008547279984
372.0 0.0018811155314324424
373.0 0.0022010572138242424
374.0 0.0025209990781149827
375.0 0.0033848293242044747
376.0 0.004248659752192907
377.0 0.004021950735477731
378.0 0.003795242082560435
379.0 0.003389812627574429
380.0 0.0029843835363863036
381.0 0.0020720273823826574
382.0 0.0011596710464800708
383.0 0.0012431707546056714
384.0 0.0013266701898828615
385.0 0.0010080110769195016
386.0 0.000689352054905612
387.0 0.0007475135134882294
388.0 0.0008056750630203169
389.0 0.0007544955678895349
390.0 0.0007033162091829581
391.0 0.0006175336693559075
392.0 0.0005317511750035919
393.0 0.0006054048299120041
394.0 0.0006790587121940916
395.0 0.0006368901267705951
396.0 0.0005947217232460389
397.0 0.0008397657438763417
398.0 0.0010848097190319095
399.0 0.001282942685065791
400.0 0.0014810757420491427
401.0 0.0016403702829848044
402.0 0.0017996650058194064
403.0 0.0018490634829504415
404.0 0.0018984623238793574
405.0 0.0017206046322826296
406.0 0.0015427471225848421
407.0 0.0013473779290507082
408.0 0.0011520089174155146
409.0 0.0009349859283247497
410.0 0.0007179627573350444
411.0 0.0006059971838112688
412.0 0.0004940315193380229
413.0 0.0011798048035416286
414.0 0.001865577905846294
415.0 0.001970163793885149
416.0 0.002074749681924004
417.0 0.0007648726750630885
418.0 1.7139722800763035e-10
419.0 1.7139722800763035e-10
420.0 1.7139722800763035e-10
421.0 1.7139722800763035e-10
422.0 0.0011096711205027532
423.0 0.0009506417882221285
424.0 0.0007916122740425635
425.0 0.00023929499093355844
426.0 1.7139722800763035e-10
427.0 1.7139722800763035e-10
428.0 1.7139722800763035e-10
429.0 1.7139722800763035e-10
430.0 1.7139722800763035e-10
431.0 0.00017522195321362233
432.0 0.0012431383765942883
433.0 0.001045768840413075
434.0 0.0008483998499286827
435.0 0.00033266931040998315
436.0 1.7139722800763035e-10
437.0 1.7139722800763035e-10
438.0 1.7139722800763035e-10
439.0 1.7139722800763035e-10
440.0 1.7139722800763035e-10
441.0 1.7139722800763035e-10
442.0 1.7139722800763035e-10
443.0 1.7139722800763035e-10
444.0 0.0004396649273985531
445.0 0.0005308010713633848
446.0 0.0006219370789040113
447.0 0.0006645348548772745
448.0 0.0007071325399010675
449.0 0.0010351745004300028
450.0 0.0013632159607368521
451.0 0.0006697579920000862
452.0 1.7139722800763035e-10
453.0 0.00014022914456290891
454.0 0.00030415819765039487
455.0 1.7139722800763035e-10
456.0 1.7139722800763035e-10
457.0 1.7139722800763035e-10
458.0 1.7139722800763035e-10
459.0 3.417730169985589e-05
460.0 0.00028609524633793626
461.0 0.00029809586976625724
462.0 0.00031009647045721067
463.0 0.00031780471090314677
464.0 0.0003255130195611855
465.0 0.0003845410446956521
466.0 0.0004435690243553836
467.0 0.0010646528608049266
468.0 0.001685736424406059
469.0 0.0017552820281707682
470.0 0.0018248270862386562
471.0 0.0018464441382093355
472.0 0.0018680610082810745
473.0 0.002382602178840898
474.0 0.002897143167501781
475.0 0.0026653518943930976
476.0 0.002433560621284414
477.0 0.0030281435101642273
478.0 0.0036227262171451002
479.0 0.003975797153543681
480.0 0.004328868089942262
481.0 0.00438667593698483
482.0 0.004444483784027398
483.0 0.003958963498007506
484.0 0.003473442484391853
485.0 0.0036816207284573466
486.0 0.00388979897252284
487.0 0.003081308022956364
488.0 0.002272816709592007
489.0 0.0019209697711630724
490.0 0.0015691230146330781
491.0 0.001587648512213491
492.0 0.0016061740097939037
493.0 0.0012883980161859654
494.0 0.000970622477325378
495.0 0.0012001365575997625
496.0 0.001429650728823617
497.0 0.0019944833184126765
498.0 0.0025593162717996165
499.0 0.002393992144789081
500.0 0.0022286680177785456
501.0 0.002227566255896818
502.0 0.00222646449401509
503.0 0.002267301533720456
504.0 0.0023081383915268816
505.0 0.0029983188142068684
506.0 0.0036884994187857956
507.0 0.0025736506358953193
508.0 0.0014588014892069623
509.0 0.0018756101781036705
510.0 0.0022924186851014383
511.0 0.002203642543463502
512.0 0.002114866583724506
513.0 0.001881982825580053
514.0 0.0016490992493345402
515.0 0.0014251570974010974
516.0 0.0012012147635687143
517.0 0.001368435096082976
518.0 0.0015356550647993572
519.0 0.0014977638784330338
520.0 0.00145987251016777
521.0 0.0015633751900168136
522.0 0.0016668775060679764
523.0 0.0014693645425722934
524.0 0.0012718515790766105
525.0 0.0019838618754874915
526.0 0.0026958730813930742
527.0 0.002539471461204812
528.0 0.0023830703867133707
529.0 0.002643893276399467
530.0 0.0029047159841866232
531.0 0.0026612704459694214
532.0 0.0024178247258532792
533.0 0.002621474595798645
534.0 0.00282512392004719
535.0 0.002347279769310262
536.0 0.0018694354366743937
537.0 0.0022166848793858662
538.0 0.0025639341401983984
539.0 0.0032757387089077383
540.0 0.0039875423681223765
541.0 0.004048486516694538
542.0 0.004109429937670939
543.0 0.004309070573071949
544.0 0.004508710844675079
545.0 0.004695626921602525
546.0 0.00488254263473209
547.0 0.004072995943715796
548.0 0.0032634485251037404
549.0 0.002999370190082118
550.0 0.0027352913093636744
551.0 0.0026879130018642172
552.0 0.00264053469436476
553.0 0.0031301060516852885
554.0 0.003619676863308996
555.0 0.0037741421692771837
556.0 0.003928607839043252
557.0 0.0037039102608105168
558.0 0.003479213046375662
559.0 0.003612685395637527
560.0 0.0037461573811015114
561.0 0.0037691497709602118
562.0 0.0037921414332231507
563.0 0.0034088810934918
564.0 0.0030256207537604496
565.0 0.0036666438973043114
566.0 0.004307667404646054
567.0 0.004804279160453007
568.0 0.005300890552462079
569.0 0.005949224942014553
570.0 0.006597558967769146
571.0 0.006656073674093932
572.0 0.0067145876528229564
573.0 0.006624042725889012
574.0 0.006533498526550829
575.0 0.006297889194684103
576.0 0.0060622802266152576
577.0 0.005452733967103995
578.0 0.004843188435188495
579.0 0.0054090749472379684
580.0 0.005974962186883204
581.0 0.006780833064112812
582.0 0.007586702122353017
583.0 0.008864780102157965
584.0 0.010142855899175629
585.0 0.010611061588861048
586.0 0.011079267278546467
587.0 0.010741889127530158
588.0 0.010404509521322325
589.0 0.010453962022438645
590.0 0.010503415251150727
591.0 0.009554970165481791
592.0 0.00860652289702557
593.0 0.006973354902584106
594.0 0.005340189454727806
595.0 0.005350933133740909
596.0 0.005361677176551893
597.0 0.006010210199747235
598.0 0.006658743222942576
599.0 0.0077491000411100686
600.0 0.0088394561316818
601.0 0.009415253589395434
602.0 0.009991049591917545
603.0 0.010740836296463385
604.0 0.01149062518379651
605.0 0.01134190388256684
606.0 0.011193182581337169
607.0 0.009827483154367656
608.0 0.00846178736537695
609.0 0.006468951323768124
610.0 0.004476116373552941
611.0 0.003871490844176151
612.0 0.0032668656785972416
613.0 0.003602344077080488
614.0 0.003937822111765854
615.0 0.004673332659876905
616.0 0.005408844299381599
617.0 0.006811993080191314
618.0 0.00821514186100103
619.0 0.009095929999602959
620.0 0.009976718865800649
621.0 0.010740088328020647
622.0 0.011503457790240645
623.0 0.011581530998228118
624.0 0.011659600568236783
625.0 0.01015429079416208
626.0 0.00864897738210857
627.0 0.0069538524257950485
628.0 0.005258724922896363
629.0 0.004390583126223646
630.0 0.0035224413295509294
631.0 0.0029518292649299838
632.0 0.002381217200309038
633.0 0.0025446113795624115
634.0 0.0027080055588157848
635.0 0.0029668741262867115
636.0 0.003225741966161877
637.0 0.004191901825834066
638.0 0.005158061321708374
639.0 0.0051546416216297075
640.0 0.005151222285348922
641.0 0.00536804691364523
642.0 0.0055848715419415385
643.0 0.005380297807278112
644.0 0.005175724436412565
645.0 0.004796387656824663
646.0 0.004417050877236761
647.0 0.0036454144719755277
648.0 0.0028737780667142943
649.0 0.0021790834580315277
650.0 0.0014843885765003506
651.0 0.001526480627944693
652.0 0.0015685729522374459
653.0 0.0016448046153527685
654.0 0.001721036278468091
655.0 0.0017707905499264598
656.0 0.0018205448213848285
657.0 0.001710436845314689
658.0 0.001600328687345609
659.0 0.0018737937352852896
660.0 0.00214725878322497
661.0 0.001934654028445948
662.0 0.0017220490917679854
663.0 0.002337005025765393
664.0 0.002951961141661741
665.0 0.0035161177947884426
666.0 0.0040802740841172636
667.0 0.004683823499362916
668.0 0.005287371459417045
669.0 0.0055780452385079116
670.0 0.005868715743417852
671.0 0.006568696699105203
672.0 0.007268678746186197
673.0 0.008067797170951962
674.0 0.00886691632331349
675.0 0.008262216579169035
676.0 0.007657517562620342
677.0 0.00604717897658702
678.0 0.004436840390553698
679.0 0.002878646773751825
680.0 0.0013204539754951838
681.0 0.000662560614728136
682.0 4.667130326652114e-06
683.0 0.00016787626009318046
684.0 0.00033108544812421314
685.0 0.0002349910346310935
686.0 0.0001388965984006063
687.0 0.0002015829068113817
688.0 0.00026426921522215707
689.0 0.0002777533836706425
690.0 0.0002912376203312306
691.0 0.0003878985808114521
692.0 0.00048455958676640876
693.0 0.00041935695662687067
694.0 0.0003541542810125975
695.0 0.0004572592388285557
696.0 0.0005603641966445139
697.0 0.000597735106566688
698.0 0.000635105925539392
699.0 0.0005382016297517112
700.0 0.0004412971065903548
701.0 0.00036334149626782164
702.0 0.00028538588594528846
703.0 0.0003342789341331809
704.0 0.00038317184589686804
705.0 0.0004432036803336814
706.0 0.0005032353328715544
707.0 8.511518672094098e-05
708.0 1.7139722800763035e-10
709.0 1.7139722800763035e-10
710.0 0.00030291885195765644
711.0 0.0004265392362867715
712.0 0.0005501596660906216
713.0 0.0003784577074839035
714.0 0.00020675579435192049
715.0 0.0003655050022643991
716.0 0.0005242542101768777
717.0 0.000395366123484564
718.0 0.00026647808226698544
719.0 0.00043511718104127795
720.0 0.0006037562343408354
721.0 0.0002784662228805246
722.0 1.7139722800763035e-10
723.0 0.00014407946764549706
724.0 0.00033498267839604523
725.0 0.0003292711426183814
726.0 0.00032355978873965796
727.0 5.1794398814308806e-05
728.0 1.7139722800763035e-10
729.0 0.0001404533122695284
730.0 0.000500877422382473
731.0 0.0007178889063652605
732.0 0.0009349006177217234
733.0 0.0003861744517053012
734.0 1.7139722800763035e-10
735.0 1.7139722800763035e-10
736.0 1.7139722800763035e-10
737.0 0.00020861859866272425
738.0 0.0008058378625719342
739.0 0.00045682927520829253
740.0 0.00010782039225887274
741.0 4.1102418890659465e-05
742.0 1.7139722800763035e-10
743.0 1.7139722800763035e-10
744.0 1.7139722800763035e-10
745.0 0.0001273391603717755
746.0 0.0005575028353632661
747.0 0.00037717895793321077
748.0 0.00019685517145262565
749.0 0.00010983909533024416
750.0 2.2823051892828516e-05
751.0 1.7139722800763035e-10
752.0 1.7139722800763035e-10
753.0 0.00015172323628576123
754.0 0.0003580485554266488
755.0 1.7139722800763035e-10
756.0 1.7139722800763035e-10
757.0 1.7139722800763035e-10
758.0 1.7139722800763035e-10
759.0 0.00032204641229327535
760.0 0.0007866635314712767
761.0 0.00038648827285214793
762.0 1.7139722800763035e-10
763.0 1.7139722800763035e-10
764.0 1.7139722800763035e-10
765.0 0.00021032371932960814
766.0 0.0004663809249905171
767.0 1.7139722800763035e-10
768.0 1.7139722800763035e-10
769.0 1.7139722800763035e-10
770.0 1.7139722800763035e-10
771.0 1.7139722800763035e-10
772.0 1.7139722800763035e-10
773.0 0.00026662100935936905
774.0 0.0006099860456743045
775.0 0.0003258360493418877
776.0 4.168589953224e-05
777.0 0.00023801217139407527
778.0 0.00043433851715235505
779.0 0.0005894833975617075
780.0 0.00074462827797106
781.0 0.0006924108220118796
782.0 0.000640193229628494
783.0 0.0005035770755057456
784.0 0.0003669609895950998
785.0 0.0002741343450907152
786.0 0.00018130730268239859
787.0 0.0006926833066245308
788.0 0.001204059117299039
789.0 0.0009565980690240394
790.0 0.000709137066223775
791.0 0.00045494589357986115
792.0 0.0002007545390370069
793.0 0.0004515055024967296
794.0 0.0007022561021585716
795.0 0.0007646324775123503
796.0 0.0008270088073913939
797.0 0.0004055431872984627
798.0 1.7139722800763035e-10
799.0 0.0003876854862028267
800.0 0.0007912933142506517
801.0 0.000344740647051367
802.0 1.7139722800763035e-10
803.0 0.0002450699639666709
804.0 0.0005919519026065245
805.0 0.0008736544259591028
806.0 0.0011553567674127407
807.0 0.0007478900897694984
808.0 0.00034042341212625615
809.0 4.908561663796718e-05
810.0 1.7139722800763035e-10
811.0 0.00012258718697921722
812.0 0.0004874264504906023
813.0 0.0008677042387716938
814.0 0.0012479819815780502
815.0 0.0012256696209078655
816.0 0.0012033567145408597
817.0 0.0009283440704166424
818.0 0.0006533313808176899
819.0 0.000908314723346848
820.0 0.0011632982932496816
821.0 0.001040935967466794
822.0 0.0009185737326333765
823.0 0.0008757041541684885
824.0 0.0008328346666530706
825.0 0.0006457861672970466
826.0 0.00045873766794102266
827.0 0.0005760122348874575
828.0 0.0006932868473086273
829.0 0.00022540316422237083
830.0 1.7139722800763035e-10
831.0 1.7139722800763035e-10
832.0 1.7139722800763035e-10
833.0 0.0003349131930008298
834.0 0.0006775669135095086
835.0 2.4910244178499852e-05
836.0 1.7139722800763035e-10
837.0 1.7139722800763035e-10
838.0 1.7139722800763035e-10
839.0 0.0004158458523306763
840.0 0.001058491488947766
841.0 0.0011401260053389706
842.0 0.0012217605217301752
843.0 0.0009110404789680615
844.0 0.0006003200724080671
845.0 0.0006009738626744365
846.0 0.0006016275619913358
847.0 0.0009351691005576868
848.0 0.0012687105481745675
849.0 0.0010825875506270677
850.0 0.000896464098332217
851.0 0.0011835496479761787
852.0 0.0014706351066706702
853.0 0.000597527832724154
854.0 1.7139722800763035e-10
855.0 1.7139722800763035e-10
856.0 1.7139722800763035e-10
857.0 0.0004885755060968222
858.0 0.0013758683962805662
859.0 0.0013258285434858408
860.0 0.0012757884178427048
861.0 0.0014071097211854067
862.0 0.0015384313883259892
863.0 0.001759846054483205
864.0 0.0019812609025393613
865.0 0.0020249810404493473
866.0 0.0020687013602582738
867.0 0.0026819321647053584
868.0 0.0032951626053545624
869.0 0.002878625673474744
870.0 0.002462088377797045
871.0 0.003119181565125473
872.0 0.0037762751162517816
873.0 0.0026670042643672787
874.0 0.0015577334124827757
875.0 0.0026190591597696766
