lsstCam/transmission_filter_detector/r01_s10/y_10/19700101T000000.ecsv
# %ECSV 1.0
# ---
# datatype:
# - {name: wavelength, unit: nm, datatype: float32}
# - {name: efficiency, unit: '%', datatype: float64}
# meta: !!omap
# - {MODE: DETECTOR}
# - {TYPE: transmission_filter_detector}
# - {CALIBDATE: '1970-01-01T00:00:00'}
# - {INSTRUME: LSSTCam}
# - {OBSTYPE: transmission_filter_detector}
# - {CALIBCLS: lsst.ip.isr.IntermediateFilterDetectorTransmissionCurve}
# - {SOURCE: Materion (DM-46256)}
# - {DETECTOR: 3}
# - {FILTER: y_10}
# - {CALIB_ID: 'calibDate=1970-01-01T00:00:00 filter=y_10 detector=3'}
# - {DATE: '2025-04-02T15:59:50.755431'}
# - {CALIB_CREATION_DATE: '2025-04-02'}
# - {CALIB_CREATION_TIME: '15:59:50'}
# - __serialized_columns__:
#     efficiency:
#       __class__: astropy.units.quantity.Quantity
#       unit: !astropy.units.Unit {unit: '%'}
#       value: !astropy.table.SerializedColumn {name: efficiency}
#     wavelength:
#       __class__: astropy.units.quantity.Quantity
#       unit: !astropy.units.Unit {unit: nm}
#       value: !astropy.table.SerializedColumn {name: wavelength}
# schema: astropy-2.0
wavelength efficiency
[from data line 577]
877.0 0.002204060183430556
878.0 0.0007277358236024156
879.0 0.0016496662283316255
880.0 0.05034903297200799
881.0 0.09351570624858141
882.0 0.07006209343671799
883.0 0.09062883909791708
884.0 0.05882482510060072
885.0 0.09262851672247052
886.0 0.0678207550663501
887.0 0.08461500401608646
888.0 0.05554049275815487
889.0 0.10916294995695353
890.0 0.060519546968862414
891.0 0.0946573680266738
892.0 0.0608047004789114
893.0 0.08309009717777371
894.0 0.07415977888740599
895.0 0.10105565888807178
896.0 0.06914815166965127
897.0 0.10999987134709954
898.0 0.07182322442531586
899.0 0.10145993437618017
900.0 0.08513390203006566
901.0 0.11026265565305948
902.0 0.11917183874174953
903.0 0.13616279466077685
904.0 0.14221575111150742
905.0 0.17017681384459138
906.0 0.17180187860503793
907.0 0.21917715203016996
908.0 0.2707480685785413
909.0 0.3611338557675481
910.0 0.43772486969828606
911.0 0.5718196276575327
912.0 0.8044280111789703
913.0 1.1830342933535576
914.0 1.6635863110423088
915.0 2.4859031662344933
916.0 3.561561182141304
917.0 4.9056533724069595
918.0 6.619390100240707
919.0 8.41904729604721
920.0 11.069316416978836
921.0 13.920080661773682
922.0 16.74215793609619
923.0 19.971945881843567
924.0 23.426713049411774
925.0 27.22558081150055
926.0 32.01556205749512
927.0 37.452587485313416
928.0 42.6045686006546
929.0 48.51793646812439
930.0 54.25620675086975
931.0 60.42941212654114
932.0 66.8185293674469
933.0 72.88734912872314
934.0 77.97885537147522
935.0 82.15566873550415
936.0 85.86861491203308
937.0 88.81263732910156
938.0 91.12012386322021
939.0 92.62008666992188
940.0 93.71947646141052
941.0 94.38096880912781
942.0 94.9475109577179
943.0 95.30196189880371
944.0 95.85468173027039
945.0 96.09120488166809
946.0 96.42720818519592
947.0 96.5644896030426
948.0 96.82769775390625
949.0 96.86582684516907
950.0 96.95890545845032
951.0 97.00295329093933
952.0 96.97832465171814
953.0 97.06803560256958
954.0 97.0515251159668
955.0 97.04560041427612
956.0 97.22797870635986
957.0 97.41868376731873
958.0 97.57817387580872
959.0 97.73650169372559
960.0 97.89001941680908
961.0 98.05976152420044
962.0 98.20581674575806
963.0 98.30853343009949
964.0 98.419851064682
965.0 98.51017594337463
966.0 98.58275055885315
967.0 98.70797395706177
968.0 98.70603680610657
969.0 98.73044490814209
970.0 98.7541139125824
971.0 98.79814386367798
972.0 98.84804487228394
973.0 98.87105226516724
974.0 98.9067018032074
975.0 98.87489080429077
976.0 98.9175021648407
977.0 98.9023745059967
978.0 98.9874541759491
979.0 98.98344874382019
980.0 98.96801710128784
981.0 98.91037940979004
982.0 98.87056946754456
983.0 98.92235994338989
984.0 98.87250065803528
985.0 98.85026812553406
986.0 98.77897500991821
987.0 98.79317283630371
988.0 98.68725538253784
989.0 98.63039255142212
990.0 98.5662579536438
991.0 98.5893726348877
992.0 98.570716381073
993.0 98.52222800254822
994.0 98.49297404289246
995.0 98.50677847862244
996.0 98.44864010810852
997.0 98.5353171825409
998.0 98.57977628707886
999.0 98.62273335456848
1000.0 98.67061972618103
1001.0 98.64141941070557
1002.0 98.79688620567322
1003.0 98.83184432983398
1004.0 98.90961647033691
1005.0 98.88433814048767
1006.0 99.04959201812744
1007.0 99.03759956359863
1008.0 99.02181029319763
1009.0 98.98101687431335
1010.0 99.02409315109253
1011.0 99.0685522556305
1012.0 98.93746972084045
1013.0 98.97440075874329
1014.0 98.94236922264099
1015.0 98.91020059585571
1016.0 98.87222647666931
1017.0 98.92668128013611
1018.0 98.90064597129822
1019.0 98.8104522228241
1020.0 98.87568354606628
1021.0 98.94835948944092
1022.0 98.81149530410767
1023.0 98.85302186012268
1024.0 98.82692694664001
1025.0 98.76912236213684
1026.0 98.83481860160828
1027.0 98.95334243774414
1028.0 98.87612462043762
1029.0 98.98450970649719
1030.0 98.99001717567444
1031.0 99.02263879776001
1032.0 99.00727868080139
1033.0 98.99258017539978
1034.0 99.04817342758179
1035.0 99.04657006263733
1036.0 99.04094338417053
1037.0 99.02810454368591
1038.0 99.02231693267822
1039.0 98.92464280128479
1040.0 98.86664152145386
1041.0 98.95395040512085
1042.0 98.90924096107483
1043.0 98.79001975059509
1044.0 98.90472888946533
1045.0 98.61419796943665
1046.0 98.80178570747375
1047.0 98.675137758255
1048.0 98.71089458465576
1049.0 98.65807890892029
1050.0 98.59237670898438
1051.0 98.57289791107178
1052.0 98.5469400882721
1053.0 98.42771291732788
1054.0 98.65921139717102
1055.0 98.74340891838074
1056.0 98.61891865730286
1057.0 98.70384931564331
1058.0 98.56400489807129
1059.0 98.61264228820801
1060.0 98.73834252357483
1061.0 98.58847856521606
1062.0 98.68701696395874
1063.0 98.64646196365356
1064.0 98.8655686378479
1065.0 98.77060055732727
1066.0 98.79812002182007
1067.0 98.92268776893616
1068.0 98.80927205085754
1069.0 98.63539338111877
1070.0 99.02043342590332
1071.0 98.76246452331543
1072.0 98.93978834152222
1073.0 99.02005195617676
1074.0 98.63677024841309
1075.0 98.7092137336731
1076.0 98.35420250892639
1077.0 98.75474572181702
1078.0 98.86803030967712
1079.0 98.58052134513855
1080.0 99.24997091293335
1081.0 98.44634532928467
1082.0 98.4417200088501
1083.0 98.6188530921936
1084.0 98.8797128200531
1085.0 98.77545237541199
1086.0 98.60215783119202
1087.0 98.6545205116272
1088.0 98.28383922576904
1089.0 98.34796190261841
1090.0 98.51692318916321
1091.0 98.63361716270447
1092.0 98.68884682655334
1093.0 98.45630526542664
1094.0 98.17577600479126
1095.0 98.30975532531738
1096.0 98.55072498321533
1097.0 98.13324213027954
1098.0 97.64927625656128
1099.0 98.54679703712463
1100.0 98.13867807388306
