ts8/qe_curve/rtm-025_s02/19700101T000000.ecsv
# %ECSV 0.9
# ---
# datatype:
# - {name: amp_name, datatype: string}
# - {name: wavelength, unit: nm, datatype: float32}
# - {name: efficiency, unit: '%', datatype: float32}
# meta: !!omap
# - {MODE: AMP}
# - {TYPE: QE}
# - {CALIBDATE: '1970-01-01T00:00:00'}
# - {INSTRUME: TS8}
# - {OBSTYPE: qe_curve}
# - {DETECTOR: 182}
# - {PICKLEFILE: RaftRun10722.p}
# - {CALIB_ID: 'raftName=RTM-025 detectorName=S02 detector=182 calibDate=1970-01-01T00:00:00 ccd=182 ccdnum=182 filter=None'}
# - {DATE: '2020-01-13T16:41:36.375715'}
# - {CALIB_CREATION_DATE: '2020-01-13'}
# - {CALIB_CREATION_TIME: '16:41:36'}
# - __serialized_columns__:
#     efficiency:
#       __class__: astropy.units.quantity.Quantity
#       unit: !astropy.units.Unit {unit: '%'}
#       value: !astropy.table.SerializedColumn {name: efficiency}
#     wavelength:
#       __class__: astropy.units.quantity.Quantity
#       unit: !astropy.units.Unit {unit: nm}
#       value: !astropy.table.SerializedColumn {name: wavelength}
# schema: astropy-2.0
amp_name wavelength efficiency
C13 349.982 75.30533
C13 450.035 87.81816
C13 500.018 91.5411
C13 619.997 97.17894
C13 750.022 98.153145
C13 869.967 91.143524
C13 999.976 26.443377
C16 349.982 74.90142
C16 450.035 87.99161
C16 500.018 91.755
C16 619.997 97.49266
C16 750.022 98.30112
C16 869.967 91.03025
C16 999.976 26.42383
C02 349.982 74.2579
C02 450.035 88.097946
C02 500.018 92.038956
C02 619.997 97.82449
C02 750.022 97.959305
C02 869.967 90.538185
C02 999.976 26.219519
C12 349.982 75.39123
C12 450.035 87.71664
C12 500.018 91.440414
C12 619.997 97.06062
C12 750.022 98.05367
C12 869.967 91.08938
C12 999.976 26.380342
C00 349.982 73.87473
C00 450.035 88.05258
C00 500.018 92.0198
C00 619.997 97.874954
C00 750.022 97.86433
C00 869.967 90.31486
C00 999.976 26.19713
C06 349.982 75.04324
C06 450.035 88.10556
C06 500.018 91.9883
C06 619.997 97.67978
C06 750.022 98.0319
C06 869.967 90.83725
C06 999.976 26.315493
C04 349.982 74.60402
C04 450.035 88.02183
C04 500.018 91.93113
C04 619.997 97.65011
C04 750.022 97.95677
C04 869.967 90.70076
C04 999.976 26.250128
C15 349.982 74.98587
C15 450.035 87.85257
C15 500.018 91.5993
C15 619.997 97.30765
C15 750.022 98.17595
C15 869.967 91.00504
C15 999.976 26.396559
C03 349.982 74.500175
C03 450.035 88.111176
C03 500.018 92.04078
C03 619.997 97.789085
C03 750.022 98.01215
C03 869.967 90.64476
C03 999.976 26.292902
C05 349.982 74.89846
C05 450.035 88.065636
C05 500.018 91.956116
C05 619.997 97.65818
C05 750.022 98.016975
C05 869.967 90.82011
C05 999.976 26.273046
C14 349.982 75.23892
C14 450.035 87.88702
C14 500.018 91.61647
C14 619.997 97.28706
C14 750.022 98.21175
C14 869.967 91.10477
C14 999.976 26.449879
C17 349.982 74.6845
C17 450.035 87.81076
C17 500.018 91.575325
C17 619.997 97.32821
C17 750.022 98.07141
C17 869.967 90.75141
C17 999.976 26.323383
C10 349.982 75.78662
C10 450.035 87.88504
C10 500.018 91.6065
C10 619.997 97.24035
C10 750.022 98.07413
C10 869.967 91.11856
C10 999.976 26.43443
C11 349.982 75.61698
C11 450.035 87.85514
C11 500.018 91.58376
C11 619.997 97.21696
C11 750.022 98.17045
C11 869.967 91.22893
C11 999.976 26.385618
C01 349.982 74.06273
C01 450.035 88.12491
C01 500.018 92.07485
C01 619.997 97.89679
C01 750.022 97.96498
C01 869.967 90.46891
C01 999.976 26.232658
C07 349.982 74.995285
C07 450.035 87.94066
C07 500.018 91.80358
C07 619.997 97.48006
C07 750.022 97.720474
C07 869.967 90.51602
C07 999.976 26.332537
