lsstCam/transmission_sensor/r22_s12/19700101T000000.ecsv
# %ECSV 1.0
# ---
# datatype:
# - {name: amp_name, datatype: string}
# - {name: wavelength, unit: nm, datatype: float32}
# - {name: efficiency, unit: '%', datatype: float64}
# meta: !!omap
# - {MODE: AMP}
# - {TYPE: transmission_sensor}
# - {CALIBDATE: '1970-01-01T00:00:00'}
# - {INSTRUME: LSSTCAM}
# - {OBSTYPE: transmission_sensor}
# - {DETECTOR: 95}
# - {PARQUETFILE: qe_raft_allvalues_nircorrected_20230725.parquet}
# - {CALIBCLS: lsst.ip.isr.IntermediateSensorTransmissionCurve}
# - {CALIB_ID: 'raftName=R22 detectorName=S12 detector=95 calibDate=1970-01-01T00:00:00 ccd=95 ccdnum=95 filter=None'}
# - {DATE: '2024-01-18T22:42:25.310553'}
# - {CALIB_CREATION_DATE: '2024-01-18'}
# - {CALIB_CREATION_TIME: '22:42:25'}
# - __serialized_columns__:
#     efficiency:
#       __class__: astropy.units.quantity.Quantity
#       unit: !astropy.units.Unit {unit: '%'}
#       value: !astropy.table.SerializedColumn {name: efficiency}
#     wavelength:
#       __class__: astropy.units.quantity.Quantity
#       unit: !astropy.units.Unit {unit: nm}
#       value: !astropy.table.SerializedColumn {name: wavelength}
# schema: astropy-2.0
amp_name wavelength efficiency
C00 319.994 45.70478439331055
C00 324.969 51.67640686035156
C00 349.982 78.01521301269531
C00 374.975 83.15640258789062
C00 400.019 88.13916015625
C00 424.965 88.14103698730469
C00 450.035 88.92134094238281
C00 475.003 90.9265365600586
C00 500.018 92.84568786621094
C00 525.002 94.7427978515625
C00 550.029 96.26123809814453
C00 575.023 96.98738098144531
C00 599.982 98.51467895507812
C00 619.997 98.71221160888672
C00 624.979 98.83305358886719
C00 650.012 99.21138763427734
C00 675.004 99.4509506225586
C00 700.03 98.7616195678711
C00 725.012 98.07426452636719
C00 750.022 98.10869598388672
C00 774.987 98.0516357421875
C00 799.976 97.15862274169922
C00 824.988 95.33210754394531
C00 850.022 93.2675552368164
C00 869.967 90.12894439697266
C00 875.002 89.65292358398438
C00 899.999 82.64563751220703
C00 919.999 73.59373474121094
C00 925.012 71.67547607421875
C00 949.965 58.12089920043945
C00 975.002 43.61376953125
C00 999.976 26.279708862304688
C00 1025.028 11.264707565307617
C00 1050.014 3.9896857738494873
C00 1075.002 0.9346767241904953
C00 1099.99 0.09273776590432085
C01 319.994 45.79121017456055
C01 324.969 51.765357971191406
C01 349.982 77.96117401123047
C01 374.975 83.00357818603516
C01 400.019 88.03504180908203
C01 424.965 88.07286071777344
C01 450.035 88.87483215332031
C01 475.003 90.88687896728516
C01 500.018 92.80705261230469
C01 525.002 94.69952392578125
C01 550.029 96.20594787597656
C01 575.023 96.9207763671875
C01 599.982 98.43665313720703
C01 619.997 98.62532806396484
C01 624.979 98.74472045898438
C01 650.012 99.11478424072266
C01 675.004 99.34639739990234
C01 700.03 98.66252136230469
C01 725.012 98.00008392333984
C01 750.022 98.07865142822266
C01 774.987 98.06014251708984
C01 799.976 97.18457794189453
C01 824.988 95.35053253173828
C01 850.022 93.2922134399414
C01 869.967 90.17616271972656
C01 875.002 89.69847106933594
C01 899.999 82.65484619140625
C01 919.999 73.63310241699219
C01 925.012 71.69570922851562
C01 949.965 58.0363883972168
C01 975.002 43.63661193847656
C01 999.976 26.22475242614746
C01 1025.028 11.222188949584961
C01 1050.014 3.963254690170288
C01 1075.002 0.9343904902121739
C01 1099.99 0.09270936603194956
C02 319.994 45.87285232543945
C02 324.969 51.85367202758789
C02 349.982 78.02228546142578
C02 374.975 82.98624420166016
C02 400.019 88.01203918457031
C02 424.965 88.05772399902344
C02 450.035 88.8636245727539
C02 475.003 90.88383483886719
C02 500.018 92.80289459228516
C02 525.002 94.69353485107422
C02 550.029 96.20088195800781
C02 575.023 96.91034698486328
C02 599.982 98.41822814941406
C02 619.997 98.60256958007812
C02 624.979 98.72080993652344
C02 650.012 99.083251953125
C02 675.004 99.3172607421875
C02 700.03 98.63819122314453
C02 725.012 98.01752471923828
C02 750.022 98.14386749267578
C02 774.987 98.1739730834961
C02 799.976 97.31990814208984
C02 824.988 95.47523498535156
C02 850.022 93.42603302001953
C02 869.967 90.33006286621094
C02 875.002 89.84872436523438
C02 899.999 82.73867797851562
C02 919.999 73.73121643066406
C02 925.012 71.76697540283203
C02 949.965 58.01655578613281
C02 975.002 43.72575759887695
C02 999.976 26.16509437561035
C02 1025.028 11.213478088378906
C02 1050.014 3.960221767425537
C02 1075.002 0.9350113926126122
C02 1099.99 0.09277097139770972
C03 319.994 46.01942443847656
C03 324.969 52.01699447631836
C03 349.982 78.20885467529297
C03 374.975 83.1513442993164
C03 400.019 88.13626098632812
C03 424.965 88.16744995117188
C03 450.035 88.97052764892578
C03 475.003 90.98902893066406
C03 500.018 92.90512084960938
C03 525.002 94.79598236083984
C03 550.029 96.30068969726562
C03 575.023 97.00910186767578
C03 599.982 98.51309204101562
C03 619.997 98.69619750976562
C03 624.979 98.813232421875
C03 650.012 99.17501068115234
C03 675.004 99.40689086914062
C03 700.03 98.73899841308594
C03 725.012 98.15260314941406
C03 750.022 98.3389892578125
C03 774.987 98.42210388183594
C03 799.976 97.5858154296875
C03 824.988 95.73233795166016
C03 850.022 93.70637512207031
C03 869.967 90.60260009765625
C03 875.002 90.12679290771484
C03 899.999 82.94245910644531
C03 919.999 73.85843658447266
C03 925.012 71.92272186279297
C03 949.965 58.1396598815918
C03 975.002 43.80792999267578
C03 999.976 26.206714630126953
C03 1025.028 11.255053520202637
C03 1050.014 3.9825220108032227
C03 1075.002 0.9368697519054883
C03 1099.99 0.09295535609950929
C04 319.994 46.042144775390625
C04 324.969 52.042930603027344
C04 349.982 78.22406768798828
C04 374.975 83.13501739501953
C04 400.019 88.13481903076172
C04 424.965 88.17645263671875
C04 450.035 88.98861694335938
C04 475.003 91.01091003417969
C04 500.018 92.93319702148438
C04 525.002 94.82601928710938
C04 550.029 96.32733917236328
C04 575.023 97.0330581665039
C04 599.982 98.54015350341797
C04 619.997 98.72114562988281
C04 624.979 98.83573150634766
C04 650.012 99.19747161865234
C04 675.004 99.42753601074219
C04 700.03 98.7723617553711
C04 725.012 98.22217559814453
C04 750.022 98.45455932617188
C04 774.987 98.58721160888672
C04 799.976 97.77409362792969
C04 824.988 95.9107437133789
C04 850.022 93.9388656616211
C04 869.967 90.82294464111328
C04 875.002 90.30461120605469
C04 899.999 83.10823822021484
C04 919.999 74.04093170166016
C04 925.012 72.06278991699219
C04 949.965 58.262535095214844
C04 975.002 43.871089935302734
C04 999.976 26.227760314941406
C04 1025.028 11.282018661499023
C04 1050.014 4.004311561584473
C04 1075.002 0.9379703302341852
C04 1099.99 0.09306455447020207
C05 319.994 46.09423828125
C05 324.969 52.099727630615234
C05 349.982 78.28844451904297
C05 374.975 83.14263153076172
C05 400.019 88.11666870117188
C05 424.965 88.14852905273438
C05 450.035 88.95410919189453
C05 475.003 90.9756088256836
C05 500.018 92.89575958251953
C05 525.002 94.78421783447266
C05 550.029 96.28581237792969
C05 575.023 96.98715209960938
C05 599.982 98.48857879638672
C05 619.997 98.66698455810547
C05 624.979 98.78330993652344
C05 650.012 99.13838958740234
C05 675.004 99.37039184570312
C05 700.03 98.72318267822266
C05 725.012 98.1988754272461
C05 750.022 98.463134765625
C05 774.987 98.63085174560547
C05 799.976 97.83061218261719
C05 824.988 95.96556091308594
C05 850.022 94.04424285888672
C05 869.967 90.88865661621094
C05 875.002 90.36836242675781
C05 899.999 83.21768951416016
C05 919.999 74.12400817871094
C05 925.012 72.07505798339844
C05 949.965 58.31053924560547
C05 975.002 43.89769744873047
C05 999.976 26.292409896850586
C05 1025.028 11.304160118103027
C05 1050.014 4.018055438995361
C05 1075.002 0.9380517237053765
C05 1099.99 0.09307263025563903
C06 319.994 46.25780487060547
C06 324.969 52.28617477416992
C06 349.982 78.54197692871094
C06 374.975 83.42538452148438
C06 400.019 88.3721694946289
C06 424.965 88.39166259765625
C06 450.035 89.1910171508789
C06 475.003 91.21277618408203
C06 500.018 93.13446044921875
C06 525.002 95.0276107788086
C06 550.029 96.5283203125
C06 575.023 97.2320327758789
C06 599.982 98.73575592041016
C06 619.997 98.9157485961914
C06 624.979 99.02835083007812
C06 650.012 99.38382720947266
C06 675.004 99.61664581298828
C06 700.03 98.96720123291016
C06 725.012 98.44584655761719
C06 750.022 98.70926666259766
C06 774.987 98.8772964477539
C06 799.976 98.07085418701172
C06 824.988 96.22115325927734
C06 850.022 94.33280944824219
C06 869.967 91.12699890136719
C06 875.002 90.58181762695312
C06 899.999 83.50434875488281
C06 919.999 74.38729858398438
C06 925.012 72.39788055419922
C06 949.965 58.48560333251953
C06 975.002 43.93668746948242
C06 999.976 26.443950653076172
C06 1025.028 11.394372940063477
C06 1050.014 4.069873332977295
C06 1075.002 0.9403966103806901
C06 1099.99 0.09330528775736052
C07 319.994 46.29630661010742
C07 324.969 52.331363677978516
C07 349.982 78.62105560302734
C07 374.975 83.52054595947266
C07 400.019 88.44278717041016
C07 424.965 88.44776916503906
C07 450.035 89.24095153808594
C07 475.003 91.25908660888672
C07 500.018 93.18001556396484
C07 525.002 95.07469940185547
C07 550.029 96.57360076904297
C07 575.023 97.2790298461914
C07 599.982 98.78271484375
C07 619.997 98.96209716796875
C07 624.979 99.0770492553711
C07 650.012 99.43161010742188
C07 675.004 99.6607894897461
C07 700.03 99.0001449584961
C07 725.012 98.43560028076172
C07 750.022 98.64772033691406
C07 774.987 98.76040649414062
C07 799.976 97.9372329711914
C07 824.988 96.12252044677734
C07 850.022 94.22692108154297
C07 869.967 91.0064697265625
C07 875.002 90.4822998046875
C07 899.999 83.61693572998047
C07 919.999 74.38994598388672
C07 925.012 72.35554504394531
C07 949.965 58.33953094482422
C07 975.002 43.89391326904297
C07 999.976 26.624069213867188
C07 1025.028 11.525495529174805
C07 1050.014 4.142521381378174
C07 1075.002 0.9398107477075801
C07 1099.99 0.09324715900115552
C10 319.994 45.08380126953125
C10 324.969 50.977989196777344
C10 349.982 77.34033203125
C10 374.975 82.94731140136719
C10 400.019 88.06847381591797
C10 424.965 88.08243560791016
C10 450.035 88.84593200683594
C10 475.003 90.83885192871094
C10 500.018 92.75012969970703
C10 525.002 94.65544891357422
C10 550.029 96.18367004394531
C10 575.023 96.92970275878906
C10 599.982 98.47898864746094
C10 619.997 98.69471740722656
C10 624.979 98.82159423828125
C10 650.012 99.22325134277344
C10 675.004 99.48478698730469
C10 700.03 98.81005096435547
C10 725.012 98.12972259521484
C10 750.022 98.17323303222656
C10 774.987 98.11125183105469
C10 799.976 97.20944213867188
C10 824.988 95.34488677978516
C10 850.022 93.30528259277344
C10 869.967 90.16830444335938
C10 875.002 89.64494323730469
C10 899.999 82.5335922241211
C10 919.999 73.59628295898438
C10 925.012 71.60997772216797
C10 949.965 57.89751434326172
C10 975.002 43.02265548706055
C10 999.976 25.878223419189453
C10 1025.028 11.218857765197754
C10 1050.014 4.021524906158447
C10 1075.002 0.9352915652780964
C10 1099.99 0.09279876987218974
C11 319.994 45.3238410949707
C11 324.969 51.2394905090332
C11 349.982 77.58641052246094
C11 374.975 83.09619903564453
C11 400.019 88.23410034179688
C11 424.965 88.25611877441406
C11 450.035 89.03155517578125
C11 475.003 91.02681732177734
C11 500.018 92.9444580078125
C11 525.002 94.84722900390625
C11 550.029 96.37212371826172
C11 575.023 97.1085205078125
C11 599.982 98.65049743652344
C11 619.997 98.86024475097656
C11 624.979 98.98758697509766
C11 650.012 99.38302612304688
C11 675.004 99.63590240478516
C11 700.03 98.96856689453125
C11 725.012 98.3143081665039
C11 750.022 98.40030670166016
C11 774.987 98.38349151611328
C11 799.976 97.50310516357422
C11 824.988 95.6329574584961
C11 850.022 93.59423065185547
C11 869.967 90.4803237915039
C11 875.002 89.96558380126953
C11 899.999 82.7930679321289
C11 919.999 73.7848129272461
C11 925.012 71.77326202392578
C11 949.965 58.15223693847656
C11 975.002 43.239418029785156
C11 999.976 25.99021339416504
C11 1025.028 11.20554256439209
C11 1050.014 3.9984166622161865
C11 1075.002 0.9374548840301795
C11 1099.99 0.09301341237137133
C12 319.994 45.37507629394531
C12 324.969 51.295352935791016
C12 349.982 77.57624053955078
C12 374.975 82.96747589111328
C12 400.019 88.0893783569336
C12 424.965 88.12020111083984
C12 450.035 88.90362548828125
C12 475.003 90.90491485595703
C12 500.018 92.81922912597656
C12 525.002 94.71692657470703
C12 550.029 96.23747253417969
C12 575.023 96.9683837890625
C12 599.982 98.5026626586914
C12 619.997 98.7069320678711
C12 624.979 98.83187103271484
C12 650.012 99.2164077758789
C12 675.004 99.47119140625
C12 700.03 98.80731201171875
C12 725.012 98.19279479980469
C12 750.022 98.3292007446289
C12 774.987 98.36548614501953
C12 799.976 97.50629425048828
C12 824.988 95.63803100585938
C12 850.022 93.65011596679688
C12 869.967 90.47734069824219
C12 875.002 89.96510314941406
C12 899.999 82.88771057128906
C12 919.999 73.76696014404297
C12 925.012 71.77445983886719
C12 949.965 58.07918930053711
C12 975.002 43.24918746948242
C12 999.976 26.093942642211914
C12 1025.028 11.279388427734375
C12 1050.014 3.985717535018921
C12 1075.002 0.9367769804193679
C12 1099.99 0.09294615139788383
C13 319.994 45.631690979003906
C13 324.969 51.586368560791016
C13 349.982 77.92630004882812
C13 374.975 83.2685775756836
C13 400.019 88.36817169189453
C13 424.965 88.39885711669922
C13 450.035 89.18213653564453
C13 475.003 91.19387817382812
C13 500.018 93.11058807373047
C13 525.002 95.0149154663086
C13 550.029 96.53659057617188
C13 575.023 97.26712799072266
C13 599.982 98.79562377929688
C13 619.997 98.99750518798828
C13 624.979 99.12039184570312
C13 650.012 99.50389099121094
C13 675.004 99.75860595703125
C13 700.03 99.10171508789062
C13 725.012 98.51921081542969
C13 750.022 98.7110824584961
C13 774.987 98.80091094970703
C13 799.976 97.95931243896484
C13 824.988 96.07469940185547
C13 850.022 94.08406066894531
C13 869.967 90.90892028808594
C13 875.002 90.39390563964844
C13 899.999 83.24250793457031
C13 919.999 73.9445571899414
C13 925.012 71.96360778808594
C13 949.965 58.28908157348633
C13 975.002 43.53129577636719
C13 999.976 26.29060173034668
C13 1025.028 11.316621780395508
C13 1050.014 3.973146438598633
C13 1075.002 0.9404146034992446
C13 1099.99 0.09330707301805356
C14 319.994 45.581687927246094
C14 324.969 51.52702331542969
C14 349.982 77.77105712890625
C14 374.975 83.02202606201172
C14 400.019 88.09922790527344
C14 424.965 88.13705444335938
C14 450.035 88.92942810058594
C14 475.003 90.9396743774414
C14 500.018 92.8555908203125
C14 525.002 94.75215148925781
C14 550.029 96.26908874511719
C14 575.023 96.9941635131836
C14 599.982 98.51470947265625
C14 619.997 98.71102142333984
C14 624.979 98.83464813232422
C14 650.012 99.21131134033203
C14 675.004 99.45879364013672
C14 700.03 98.81718444824219
C14 725.012 98.2725601196289
C14 750.022 98.50981903076172
C14 774.987 98.64682006835938
C14 799.976 97.82617950439453
C14 824.988 95.94117736816406
C14 850.022 93.94440460205078
C14 869.967 90.76304626464844
C14 875.002 90.27327728271484
C14 899.999 83.00321197509766
C14 919.999 73.85905456542969
C14 925.012 71.91586303710938
C14 949.965 58.016971588134766
C14 975.002 43.523094177246094
C14 999.976 26.1949405670166
C14 1025.028 11.214202880859375
C14 1050.014 3.9646081924438477
C14 1075.002 0.9384967464139591
C14 1099.99 0.09311678499995063
C15 319.994 45.80293273925781
C15 324.969 51.778724670410156
C15 349.982 78.09060668945312
C15 374.975 83.26010131835938
C15 400.019 88.30192565917969
C15 424.965 88.3218994140625
C15 450.035 89.11195373535156
C15 475.003 91.12158966064453
C15 500.018 93.03987884521484
C15 525.002 94.93648529052734
C15 550.029 96.45333099365234
C15 575.023 97.17188262939453
C15 599.982 98.69368743896484
C15 619.997 98.88475036621094
C15 624.979 99.00679779052734
C15 650.012 99.37821197509766
C15 675.004 99.62730407714844
C15 700.03 98.98784637451172
C15 725.012 98.46710205078125
C15 750.022 98.73566436767578
C15 774.987 98.9060287475586
C15 799.976 98.0951919555664
C15 824.988 96.2012939453125
C15 850.022 94.23680114746094
C15 869.967 91.02548217773438
C15 875.002 90.48414611816406
C15 899.999 83.23422241210938
C15 919.999 74.21632385253906
C15 925.012 72.16337585449219
C15 949.965 58.02933883666992
C15 975.002 43.588993072509766
C15 999.976 26.13286590576172
C15 1025.028 11.209436416625977
C15 1050.014 4.005903720855713
C15 1075.002 0.9406480723120215
C15 1099.99 0.0933302375791739
C16 319.994 45.969444274902344
C16 324.969 51.96398162841797
C16 349.982 78.27728271484375
C16 374.975 83.38526916503906
C16 400.019 88.38311767578125
C16 424.965 88.39657592773438
C16 450.035 89.18810272216797
C16 475.003 91.20108795166016
C16 500.018 93.1180191040039
C16 525.002 95.0157699584961
C16 550.029 96.52668762207031
C16 575.023 97.24288940429688
C16 599.982 98.76024627685547
C16 619.997 98.95021057128906
C16 624.979 99.06892395019531
C16 650.012 99.43705749511719
C16 675.004 99.68453979492188
C16 700.03 99.04427337646484
C16 725.012 98.52249908447266
C16 750.022 98.79163360595703
C16 774.987 98.96387481689453
C16 799.976 98.15062713623047
C16 824.988 96.26935577392578
C16 850.022 94.31248474121094
C16 869.967 91.06837463378906
C16 875.002 90.54492950439453
C16 899.999 83.42217254638672
C16 919.999 74.38883209228516
C16 925.012 72.31395721435547
C16 949.965 57.99373245239258
C16 975.002 43.51447296142578
C16 999.976 26.112436294555664
C16 1025.028 11.294063568115234
C16 1050.014 4.059362888336182
C16 1075.002 0.9411812753231869
C16 1099.99 0.09338314149209818
C17 319.994 46.1579475402832
C17 324.969 52.175575256347656
C17 349.982 78.5114974975586
C17 374.975 83.55138397216797
C17 400.019 88.5186996459961
C17 424.965 88.52555084228516
C17 450.035 89.31659698486328
C17 475.003 91.33094024658203
C17 500.018 93.2530288696289
C17 525.002 95.1478271484375
C17 550.029 96.6568374633789
C17 575.023 97.37055969238281
C17 599.982 98.88300323486328
C17 619.997 99.06665802001953
C17 624.979 99.1865234375
C17 650.012 99.54722595214844
C17 675.004 99.78435516357422
C17 700.03 99.1274642944336
C17 725.012 98.56343078613281
C17 750.022 98.77799987792969
C17 774.987 98.89137268066406
C17 799.976 98.05557250976562
C17 824.988 96.20484161376953
C17 850.022 94.22730255126953
C17 869.967 91.0558853149414
C17 875.002 90.5522689819336
C17 899.999 83.46086120605469
C17 919.999 74.33422088623047
C17 925.012 72.15663146972656
C17 949.965 57.833866119384766
C17 975.002 43.60755920410156
C17 999.976 26.282062530517578
C17 1025.028 11.446178436279297
C17 1050.014 4.129619598388672
C17 1075.002 0.941051904614315
C17 1099.99 0.09337030544921435
