lsstCam/transmission_sensor/r22_s12/19700101T000000.ecsv
# %ECSV 1.0
# ---
# datatype:
# - {name: amp_name, datatype: string}
# - {name: wavelength, unit: nm, datatype: float32}
# - {name: efficiency, unit: '%', datatype: float64}
# meta: !!omap
# - {MODE: AMP}
# - {TYPE: transmission_sensor}
# - {CALIBDATE: '1970-01-01T00:00:00'}
# - {INSTRUME: LSSTCam}
# - {OBSTYPE: transmission_sensor}
# - {DETECTOR: 95}
# - {PARQUETFILE: qe_raft_allvalues_nircorrected_20230725_adjust.parquet}
# - {CORRFILE: qe_corr_factor_bydetnum.parquet}
# - {CALIBCLS: lsst.ip.isr.IntermediateSensorTransmissionCurve}
# - {CALIB_ID: 'raftName=R22 detectorName=S12 detector=95 calibDate=1970-01-01T00:00:00 ccd=95 ccdnum=95 filter=None'}
# - {DATE: '2025-03-03T21:56:47.909958'}
# - {CALIB_CREATION_DATE: '2025-03-03'}
# - {CALIB_CREATION_TIME: '21:56:47'}
# - __serialized_columns__:
#     efficiency:
#       __class__: astropy.units.quantity.Quantity
#       unit: !astropy.units.Unit {unit: '%'}
#       value: !astropy.table.SerializedColumn {name: efficiency}
#     wavelength:
#       __class__: astropy.units.quantity.Quantity
#       unit: !astropy.units.Unit {unit: nm}
#       value: !astropy.table.SerializedColumn {name: wavelength}
# schema: astropy-2.0
amp_name wavelength efficiency
C00 319.994 45.74640122328469
C00 324.969 51.72346119539612
C00 349.982 78.0862503427789
C00 374.975 83.23212126622376
C00 400.019 88.21941592139532
C00 424.965 88.22129446141243
C00 450.035 89.00230892803673
C00 475.003 91.00933039143507
C00 500.018 92.9302291950248
C00 525.002 94.8290666079258
C00 550.029 96.34888948152175
C00 575.023 97.07569355960362
C00 599.982 98.60438222571933
C00 619.997 98.80209474434902
C00 624.979 98.92304675788947
C00 650.012 99.30172529816707
C00 675.004 99.5415064223018
C00 700.03 98.85154769211643
C00 725.012 98.1635667743881
C00 750.022 98.19802958372631
C00 774.987 98.14091738540135
C00 799.976 97.24709124531076
C00 824.988 95.41891290061415
C00 850.022 93.35248070008942
C00 869.967 90.2110119748971
C00 875.002 89.73455771763157
C00 899.999 82.72089110961716
C00 919.999 73.6607460615036
C00 925.012 71.74074070987325
C00 949.965 58.17382161571997
C00 975.002 43.65348237215292
C00 999.976 26.303638045868514
C00 1025.028 11.274964728221233
C00 1050.014 3.9933186117832964
C00 1075.002 0.9355278010050514
C00 1099.99 0.0928222089639929
C01 319.994 45.83290570016999
C01 324.969 51.81249330132882
C01 349.982 78.03216213570099
C01 374.975 83.07915770897718
C01 400.019 88.11520276849511
C01 424.965 88.15305611347395
C01 450.035 88.95575779005183
C01 475.003 90.96963668814679
C01 500.018 92.89155876150191
C01 525.002 94.78575327875089
C01 550.029 96.29354891443245
C01 575.023 97.00902829802094
C01 599.982 98.52628536086183
C01 619.997 98.71513208697175
C01 624.979 98.83463319562094
C01 650.012 99.20503394167682
C01 675.004 99.4368579979342
C01 700.03 98.7523592519449
C01 725.012 98.0893186256632
C01 750.022 98.16795767076954
C01 774.987 98.1494319062106
C01 799.976 97.27307007920585
C01 824.988 95.43735466541624
C01 850.022 93.37716135592393
C01 869.967 90.25827329264456
C01 875.002 89.7801466765833
C01 899.999 82.73010817384743
C01 919.999 73.70014958381364
C01 925.012 71.76099228761865
C01 949.965 58.08923386055945
C01 975.002 43.67634557870258
C01 999.976 26.248631568721272
C01 1025.028 11.232407396858088
C01 1050.014 3.9668634610850724
C01 1075.002 0.9352413063942608
C01 1099.99 0.09279378323190746
C02 319.994 45.914622190914116
C02 324.969 51.900887772743516
C02 349.982 78.09332923137994
C02 374.975 83.06180794101431
C02 400.019 88.09217919877325
C02 424.965 88.13790561187258
C02 450.035 88.94454000433993
C02 475.003 90.96658978787514
C02 500.018 92.88739695536646
C02 525.002 94.77975875064752
C02 550.029 96.28847838365456
C02 575.023 96.99858941914539
C02 599.982 98.50784359605974
C02 619.997 98.69235288017896
C02 624.979 98.81070090125667
C02 650.012 99.17347294212112
C02 675.004 99.40769480961985
C02 700.03 98.72800695879631
C02 725.012 98.10677530240753
C02 750.022 98.23323311819323
C02 774.987 98.26336612188226
C02 799.976 97.40852350531738
C02 824.988 95.56217066777235
C02 850.022 93.51110278641193
C02 869.967 90.41231357404729
C02 875.002 89.93053678673328
C02 899.999 82.81401629461152
C02 919.999 73.79835293592743
C02 925.012 71.83232335387795
C02 949.965 58.06938319074454
C02 975.002 43.765572411344365
C02 999.976 26.188919196104347
C02 1025.028 11.223688603912839
C02 1050.014 3.9638277766900507
C02 1075.002 0.935862774161979
C02 1099.99 0.09285544469288974
C03 319.994 46.061327766274445
C03 324.969 52.06435893593944
C03 349.982 78.28006832722677
C03 374.975 83.22705837178741
C03 400.019 88.2165141116128
C03 424.965 88.24773147579951
C03 450.035 89.05154042189967
C03 475.003 91.07187966493149
C03 500.018 92.9897162955665
C03 525.002 94.88229954475202
C03 550.029 96.38837700358866
C03 575.023 97.09743422394794
C03 599.982 98.60279386668049
C03 619.997 98.78606606347135
C03 624.979 98.90320754258686
C03 650.012 99.26531522173795
C03 675.004 99.49740654994899
C03 700.03 98.82890593947121
C03 725.012 98.24197672924846
C03 750.022 98.4285325528985
C03 774.987 98.51172285755848
C03 799.976 97.67467291676539
C03 824.988 95.81950774109133
C03 850.022 93.79170015604028
C03 869.967 90.68509896628743
C03 875.002 90.20885852658482
C03 899.999 83.01798297695669
C03 919.999 73.92568893098941
C03 925.012 71.98821162993166
C03 949.965 58.192599379549506
C03 975.002 43.84781962782504
C03 999.976 26.230577348251988
C03 1025.028 11.265301892553973
C03 1050.014 3.9861483257195265
C03 1075.002 0.9377228255976744
C03 1099.99 0.0930399972875453
C04 319.994 46.08406879135958
C04 324.969 52.090318678980715
C04 349.982 78.29529519224347
C04 374.975 83.21071660090689
C04 400.019 88.21507084306307
C04 424.965 88.2567423588084
C04 450.035 89.0696461876743
C04 475.003 91.09378069244801
C04 500.018 93.01781803240776
C04 525.002 94.91236382136725
C04 550.029 96.41505074456326
C04 575.023 97.12141233636142
C04 599.982 98.62987997009786
C04 619.997 98.81103690028411
C04 624.979 98.92572711376754
C04 650.012 99.28779661121096
C04 675.004 99.51807049013716
C04 700.03 98.86229966099482
C04 725.012 98.31161252768746
C04 750.022 98.54420785443966
C04 774.987 98.67698092467312
C04 799.976 97.8631225531156
C04 824.988 95.9980759514979
C04 850.022 94.02440239157394
C04 869.967 90.90564414610064
C04 875.002 90.38683873869336
C04 899.999 83.18391304212622
C04 919.999 74.10835022045765
C04 925.012 72.12840722413515
C04 949.965 58.31558647810848
C04 975.002 43.91103708120559
C04 999.976 26.25164219637064
C04 1025.028 11.292291587159504
C04 1050.014 4.00795771713764
C04 1075.002 0.9388244060661207
C04 1099.99 0.09314929508962337
C05 319.994 46.136209731346575
C05 324.969 52.14716742352278
C05 349.982 78.35973064209854
C05 374.975 83.21833766975678
C05 400.019 88.19690398655618
C05 424.965 88.22879334879778
C05 450.035 89.03510701492075
C05 475.003 91.05844734017504
C05 500.018 92.98034650450556
C05 525.002 94.87052430610821
C05 550.029 96.3734861375994
C05 575.023 97.07546446935763
C05 599.982 98.57825830133511
C05 619.997 98.75682651174168
C05 624.979 98.8732578110946
C05 650.012 99.22866078237978
C05 675.004 99.46087429205534
C05 700.03 98.81307580347341
C05 725.012 98.28829114064581
C05 750.022 98.5527911023227
C05 774.987 98.72066079824161
C05 799.976 97.91969257119172
C05 824.988 96.05294306541217
C05 850.022 94.1298755408271
C05 869.967 90.97141595572397
C05 875.002 90.4506480085427
C05 899.999 83.29346399775797
C05 919.999 74.19150234340997
C05 925.012 72.14068646132013
C05 949.965 58.363634339033815
C05 975.002 43.93766882230176
C05 999.976 26.3163506454355
C05 1025.028 11.314453204830825
C05 1050.014 4.021714109137909
C05 1075.002 0.9389058736507402
C05 1099.99 0.09315737822852659
C06 319.994 46.29992525747156
C06 324.969 52.33378433790509
C06 349.982 78.6134939075801
C06 374.975 83.50134812330954
C06 400.019 88.45263742815324
C06 424.965 88.47214828076993
C06 450.035 89.272230692202
C06 475.003 91.2958306530684
C06 500.018 93.21926472204706
C06 525.002 95.11413887369247
C06 550.029 96.61621488956584
C06 575.023 97.32056812354082
C06 599.982 98.82566049431972
C06 619.997 99.00581706376514
C06 624.979 99.11852182845
C06 650.012 99.47432188949487
C06 675.004 99.70735248771446
C06 700.03 99.05731655106338
C06 725.012 98.53548715240903
C06 750.022 98.7991471165173
C06 774.987 98.96732990243906
C06 799.976 98.16015332972286
C06 824.988 96.30876814310763
C06 850.022 94.41870488662798
C06 869.967 91.20997526521342
C06 875.002 90.66429757195166
C06 899.999 83.58038425817561
C06 919.999 74.45503248971218
C06 925.012 72.46380298060397
C06 949.965 58.53885783184896
C06 975.002 43.976694345705916
C06 999.976 26.468029388219158
C06 1025.028 11.404748170744536
C06 1050.014 4.073579186287033
C06 1075.002 0.941252895479985
C06 1099.99 0.09339024757825962
C07 319.994 46.3384620550176
C07 324.969 52.37901438880477
C07 349.982 78.69264458756915
C07 374.975 83.59659621125006
C07 400.019 88.52331940538225
C07 424.965 88.52830593640327
C07 450.035 89.32221054753518
C07 475.003 91.34218324617343
C07 500.018 93.26486131734032
C07 525.002 95.16127037363385
C07 550.029 96.66153657656392
C07 575.023 97.3676079873838
C07 599.982 98.87266217645504
C07 619.997 99.05220783857783
C07 624.979 99.16726459645483
C07 650.012 99.52214829651575
C07 675.004 99.75153635982413
C07 700.03 99.09029027380267
C07 725.012 98.52523154573028
C07 750.022 98.73754474937097
C07 774.987 98.85033351381269
C07 799.976 98.02641044411473
C07 824.988 96.21004551976961
C07 850.022 94.31272010249212
C07 869.967 91.08933634167582
C07 875.002 90.56468913299582
C07 899.999 83.69307375017739
C07 919.999 74.4576823002241
C07 925.012 72.42142892143761
C07 949.965 58.39265243685904
C07 975.002 43.93388119690142
C07 999.976 26.648311957299878
C07 1025.028 11.535990154500631
C07 1050.014 4.146293384906503
C07 1075.002 0.9406664993452785
C07 1099.99 0.09333206589248508
C10 319.994 45.12485265872229
C10 324.969 51.024407582445015
C10 349.982 77.41075484345694
C10 374.975 83.02283969017165
C10 400.019 88.14866521709251
C10 424.965 88.16263972209781
C10 450.035 88.92683132832501
C10 475.003 90.92156591819685
C10 500.018 92.83458401732456
C10 525.002 94.74163813371503
C10 550.029 96.27125079715623
C10 575.023 97.0179628176145
C10 599.982 98.56865942002818
C10 619.997 98.78458461321397
C10 624.979 98.91157697290697
C10 650.012 99.3135998092508
C10 675.004 99.57537359700044
C10 700.03 98.90002318816761
C10 725.012 98.21907534099113
C10 750.022 98.26262539675356
C10 774.987 98.20058775813985
C10 799.976 97.29795691626175
C10 824.988 95.43170377268184
C10 850.022 93.39024240896987
C10 869.967 90.25040786086561
C10 875.002 89.7265701043881
C10 899.999 82.60874379786421
C10 919.999 73.66329659957562
C10 925.012 71.67518271781285
C10 949.965 57.95023335380588
C10 975.002 43.061830084692026
C10 999.976 25.901787027209167
C10 1025.028 11.229073179236261
C10 1050.014 4.025186735450019
C10 1075.002 0.9361432019407591
C10 1099.99 0.0928832684794766
C11 319.994 45.36511105420282
C11 324.969 51.28614700665774
C11 349.982 77.65705740326081
C11 374.975 83.17186289518722
C11 400.019 88.31444255543138
C11 424.965 88.33648103709548
C11 450.035 89.11262351782176
C11 475.003 91.10970246454421
C11 500.018 93.02908927251039
C11 525.002 94.93359285082886
C11 550.029 96.4598760693617
C11 575.023 97.19694339046384
C11 599.982 98.74032437768896
C11 619.997 98.95026267911291
C11 624.979 99.07772085563943
C11 650.012 99.4735200736339
C11 675.004 99.72662661374363
C11 700.03 99.05868345619777
C11 725.012 98.4038289880394
C11 750.022 98.48990582979884
C11 774.987 98.47307533306021
C11 799.976 97.59188733820665
C11 824.988 95.72003675628308
C11 850.022 93.6794535718474
C11 869.967 90.5627113205388
C11 875.002 90.04750262999352
C11 899.999 82.86845577339994
C11 919.999 73.85199823519642
C11 925.012 71.83861569930112
C11 949.965 58.20518788856658
C11 975.002 43.27879000215552
C11 999.976 26.013878975485998
C11 1025.028 11.215745854175875
C11 1050.014 4.002057450125069
C11 1075.002 0.938308490518756
C11 1099.99 0.09309810642297572
C12 319.994 45.41639290576737
C12 324.969 51.342060299362025
C12 349.982 77.64687815999737
C12 374.975 83.04302254084324
C12 400.019 88.1695887928928
C12 424.965 88.20043961268593
C12 450.035 88.9845773429972
C12 475.003 90.98768899953069
C12 500.018 92.9037463625885
C12 525.002 94.80317177378755
C12 550.029 96.32510227764661
C12 575.023 97.05667906918657
C12 599.982 98.59235498780494
C12 619.997 98.79681039600821
C12 624.979 98.92186312495186
C12 650.012 99.30675001089575
C12 675.004 99.56176563638871
C12 700.03 98.89728174155728
C12 725.012 98.28220497644405
C12 750.022 98.41873512671172
C12 774.987 98.45505356704244
C12 799.976 97.59507932896742
C12 824.988 95.7251149234025
C12 850.022 93.73538977357629
C12 869.967 90.5597255109994
C12 875.002 90.04702154047695
C12 899.999 82.96318459011621
C12 919.999 73.8341291960093
C12 925.012 71.83981460492178
C12 949.965 58.13207373655932
C12 975.002 43.288568337488464
C12 999.976 26.117702674968026
C12 1025.028 11.289658958416018
C12 1050.014 3.989346759643469
C12 1075.002 0.9376299696377901
C12 1099.99 0.0930307842045106
C13 319.994 45.67324125322824
C13 324.969 51.63334091079498
C13 349.982 77.99725641855386
C13 374.975 83.34439839578276
C13 400.019 88.44863598518997
C13 424.965 88.4793493508355
C13 450.035 89.26334199065765
C13 475.003 91.27691543509128
C13 500.018 93.19537060939045
C13 525.002 95.10143200138164
C13 550.029 96.62449268378757
C13 575.023 97.35569529459241
C13 599.982 98.88558286632879
C13 619.997 99.08764809963226
C13 624.979 99.21064665270353
C13 650.012 99.59449499619895
C13 675.004 99.84944189461811
C13 700.03 99.19195288863087
C13 725.012 98.60891821258991
C13 750.022 98.80096456580215
C13 774.987 98.89087485101113
C13 799.976 98.04851001651109
C13 824.988 96.16218093104106
C13 850.022 94.16972960728758
C13 869.967 90.99169807883548
C13 875.002 90.47621447999504
C13 899.999 83.31830501676467
C13 919.999 74.01188795421338
C13 925.012 72.02913478420675
C13 949.965 58.34215712847239
C13 975.002 43.5709335201817
C13 999.976 26.314540832492188
C13 1025.028 11.326926214182212
C13 1050.014 3.9767642165182187
C13 1075.002 0.9412709049823068
C13 1099.99 0.093392034464535
C14 319.994 45.62319267082127
C14 324.969 51.573941628180904
C14 349.982 77.84187214104134
C14 374.975 83.09762238280385
C14 400.019 88.17944730981185
C14 424.965 88.21730829113223
C14 450.035 89.01040345006165
C14 475.003 91.02248017155482
C14 500.018 92.94014116633456
C14 525.002 94.8384287626452
C14 550.029 96.35674727695917
C14 575.023 97.08248226722641
C14 599.982 98.60441277108546
C14 619.997 98.80090347506989
C14 624.979 98.92464275326985
C14 650.012 99.30164893475174
C14 675.004 99.54935658139766
C14 700.03 98.90716316750093
C14 725.012 98.36204292717107
C14 750.022 98.59951787616285
C14 774.987 98.73664366107008
C14 799.976 97.91525585676106
C14 824.988 96.02853731787285
C14 850.022 94.02994637552688
C14 869.967 90.84569122872543
C14 875.002 90.35547628401751
C14 899.999 83.07879116458359
C14 919.999 73.92630747465358
C14 925.012 71.98134655889353
C14 949.965 58.06979937135809
C14 975.002 43.56272445303377
C14 999.976 26.218792564181257
C14 1025.028 11.22441405635847
C14 1050.014 3.968218195800153
C14 1075.002 0.9393513015780465
C14 1099.99 0.09320157317826767
C15 319.994 45.84463893893537
C15 324.969 51.825872171694556
C15 349.982 78.16171266980753
C15 374.975 83.33591442033965
C15 400.019 88.38232963165933
C15 424.965 88.4023215737926
C15 450.035 89.19309528489602
C15 475.003 91.20456109906655
C15 500.018 93.12459699606303
C15 525.002 95.02293041042287
C15 550.029 96.54115728863844
C15 575.023 97.26036320689502
C15 599.982 98.78355370710702
C15 619.997 98.97479060811675
C15 624.979 99.0969491636194
C15 650.012 99.46870154212661
C15 675.004 99.718020456836
C15 700.03 99.07798049125155
C15 725.012 98.55676199991984
C15 750.022 98.82556885822132
C15 774.987 98.99608836465215
C15 799.976 98.18451325921299
C15 824.988 96.28889074609735
C15 850.022 94.32260916477729
C15 869.967 91.10836610477594
C15 875.002 90.5665371276468
C15 899.999 83.31001194985987
C15 919.999 74.28390207595871
C15 925.012 72.22908475090559
C15 949.965 58.082177880983004
C15 975.002 43.628683353024655
C15 999.976 26.15666138038377
C15 1025.028 11.219643251985756
C15 1050.014 4.009551326161298
C15 1075.002 0.9415045863818406
C15 1099.99 0.09341522011831804
C16 319.994 46.011302092892066
C16 324.969 52.011297816797715
C16 349.982 78.34855867443582
C16 374.975 83.46119623952927
C16 400.019 88.46359557825302
C16 424.965 88.47706608471715
C16 450.035 89.26931360973641
C16 475.003 91.28413177783992
C16 500.018 93.20280840604354
C16 525.002 95.10228727163333
C16 550.029 96.61458071247779
C16 575.023 97.33143463754222
C16 599.982 98.85017315064049
C16 619.997 99.04031041846949
C16 624.979 99.15913189272224
C16 650.012 99.52760064437028
C16 675.004 99.7753082910162
C16 700.03 99.13445887322926
C16 725.012 98.6122094757906
C16 750.022 98.88158905970707
C16 774.987 99.053987106155
C16 799.976 98.23999891679142
C16 824.988 96.35701454891282
C16 850.022 94.39836167278419
C16 869.967 91.1512976168742
C16 875.002 90.62737586063983
C16 899.999 83.49813322352416
C16 919.999 74.4565673943603
C16 925.012 72.37980322374149
C16 949.965 58.04653907504871
C16 975.002 43.55409538710153
C16 999.976 26.136213166843905
C16 1025.028 11.304347461354654
C16 1050.014 4.063059171282699
C16 1075.002 0.9420382749049574
C16 1099.99 0.09346817220329212
C17 319.994 46.1999770013175
C17 324.969 52.223084112872634
C17 349.982 78.58298672315594
C17 374.975 83.62746230372626
C17 400.019 88.59930100363513
C17 424.965 88.60615843833172
C17 450.035 89.39792487383441
C17 475.003 91.41410231073078
C17 500.018 93.33794110581069
C17 525.002 95.2344647072272
C17 550.029 96.74484906268843
C17 575.023 97.45922117675465
C17 599.982 98.9730418859057
C17 619.997 99.15686389928695
C17 624.979 99.27683846111117
C17 650.012 99.63786941610613
C17 675.004 99.87521454729183
C17 700.03 99.21772554130459
C17 725.012 98.6531784481149
C17 750.022 98.86794291738768
C17 774.987 98.98141895256735
C17 799.976 98.14485773763236
C17 824.988 96.29244164491017
C17 850.022 94.31310191956877
C17 869.967 91.13879692578476
C17 875.002 90.63472202119453
C17 899.999 83.53685711143777
C17 919.999 74.40190646166742
C17 925.012 72.22233422499046
C17 949.965 57.88652717456721
C17 975.002 43.6472663901451
C17 999.976 26.30599385723143
C17 1025.028 11.45660083883867
C17 1050.014 4.133379854102934
C17 1075.002 0.9419087863966282
C17 1099.99 0.09345532447245436
