lsstCam/transmission_sensor/r11_s20/19700101T000000.ecsv
# %ECSV 1.0
# ---
# datatype:
# - {name: amp_name, datatype: string}
# - {name: wavelength, unit: nm, datatype: float32}
# - {name: efficiency, unit: '%', datatype: float64}
# meta: !!omap
# - {MODE: AMP}
# - {TYPE: transmission_sensor}
# - {CALIBDATE: '1970-01-01T00:00:00'}
# - {INSTRUME: LSSTCam}
# - {OBSTYPE: transmission_sensor}
# - {DETECTOR: 42}
# - {PARQUETFILE: qe_raft_allvalues_nircorrected_20230725_adjust.parquet}
# - {CORRFILE: qe_corr_factor_bydetnum.parquet}
# - {CALIBCLS: lsst.ip.isr.IntermediateSensorTransmissionCurve}
# - {CALIB_ID: 'raftName=R11 detectorName=S20 detector=42 calibDate=1970-01-01T00:00:00 ccd=42 ccdnum=42 filter=None'}
# - {DATE: '2025-03-03T21:56:47.608043'}
# - {CALIB_CREATION_DATE: '2025-03-03'}
# - {CALIB_CREATION_TIME: '21:56:47'}
# - __serialized_columns__:
#     efficiency:
#       __class__: astropy.units.quantity.Quantity
#       unit: !astropy.units.Unit {unit: '%'}
#       value: !astropy.table.SerializedColumn {name: efficiency}
#     wavelength:
#       __class__: astropy.units.quantity.Quantity
#       unit: !astropy.units.Unit {unit: nm}
#       value: !astropy.table.SerializedColumn {name: wavelength}
# schema: astropy-2.0
amp_name wavelength efficiency
C00 319.992 42.17867216332568
C00 330.006 54.586992362002306
C00 349.994 76.52266178006013
C00 370.001 84.15551987955996
C00 400.009 88.89216429286712
C00 429.983 90.11871296376917
C00 449.989 91.06837794032619
C00 469.993 92.41557638201998
C00 500.016 94.32484390733379
C00 549.99 97.34470392455074
C00 569.998 98.32028303169028
C00 599.983 99.27235595843416
C00 630.013 100.2440670567021
C00 649.987 100.4091607080858
C00 670.017 100.8749347170899
C00 699.987 100.44813127968159
C00 720.012 100.29154571895816
C00 749.995 99.58958619591033
C00 770.007 99.24482123915445
C00 800.008 98.14259924075806
C00 830.013 96.99311262012222
C00 869.994 92.07334168403187
C00 900.005 85.55583082251846
C00 919.989 78.6097506934597
C00 959.989 57.23773654843073
C00 1000.013 30.640365388953178
C00 1030.002 13.35969940643811
C00 1049.996 6.596475861302301
C00 1080.005 0.6904052120436829
C00 1100.007 0.09391662291896427
C01 319.992 42.297957429011525
C01 330.006 54.74240834692069
C01 349.994 76.67703049775439
C01 370.001 84.22940955100854
C01 400.009 88.75037807043508
C01 429.983 89.89128015754756
C01 449.989 90.81510744638511
C01 469.993 92.143814359501
C01 500.016 94.03417756477629
C01 549.99 97.02748133136087
C01 569.998 97.99105126471129
C01 599.983 98.93171127199803
C01 630.013 99.89206296081298
C01 649.987 100.05409125338737
C01 670.017 100.51368867905497
C01 699.987 100.08269617275015
C01 720.012 99.92381732613445
C01 749.995 99.22136856876294
C01 770.007 98.87904978362546
C01 800.008 97.78552698304705
C01 830.013 96.63345659363927
C01 869.994 91.77699563674787
C01 900.005 85.2143452645885
C01 919.989 78.20565843067108
C01 959.989 57.18322896491489
C01 1000.013 30.507519159357777
C01 1030.002 13.25019404954696
C01 1049.996 6.510472384895757
C01 1080.005 0.6878525420891755
C01 1100.007 0.0935693802600562
C02 319.992 42.31570363967445
C02 330.006 54.76224909203189
C02 349.994 76.64138519070238
C02 370.001 84.11499751784375
C02 400.009 88.4778210421401
C02 429.983 89.56314152351054
C02 449.989 90.46976916815616
C02 469.993 91.78448703732926
C02 500.016 93.65372907953684
C02 549.99 96.6234425785764
C02 569.998 97.57392549376831
C02 599.983 98.50045121567244
C02 630.013 99.45327328247447
C02 649.987 99.61184635763786
C02 670.017 100.06714005011432
C02 699.987 99.63951867407111
C02 720.012 99.47681004001535
C02 749.995 98.78011743023342
C02 770.007 98.43882297946114
C02 800.008 97.35656021261372
C02 830.013 96.21320430959652
C02 869.994 91.41719436882506
C02 900.005 84.78396430118828
C02 919.989 77.85325683189396
C02 959.989 57.068652579594485
C02 1000.013 30.32655405852805
C02 1030.002 13.192593396683938
C02 1049.996 6.466110202613692
C02 1080.005 0.6847935671653886
C02 1100.007 0.09315326434808988
C03 319.992 43.19625662372509
C03 330.006 55.89544573854638
C03 349.994 78.16516664610009
C03 370.001 85.69153219304972
C03 400.009 89.9665610891041
C03 429.983 91.00642864408997
C03 449.989 91.90477752666453
C03 469.993 93.22912719658511
C03 500.016 95.11715889453662
C03 549.99 98.10819230808787
C03 569.998 99.07744959045108
C03 599.983 100.00493084814364
C03 630.013 100.9618349638339
C03 649.987 101.12067558901805
C03 670.017 101.57723058873525
C03 699.987 101.13567367875342
C03 720.012 100.9710769059797
C03 749.995 100.26303253103107
C03 770.007 99.91353576105082
C03 800.008 98.82055570480024
C03 830.013 97.65947270183588
C03 869.994 92.79135420832552
C03 900.005 85.97028109325379
C03 919.989 78.99548902482395
C03 959.989 57.996416675880425
C03 1000.013 30.7094487153859
C03 1030.002 13.346438480766123
C03 1049.996 6.573842562849389
C03 1080.005 0.6950738781119024
C03 1100.007 0.09455170698700835
C04 319.992 42.73214142484974
C04 330.006 55.29376778542388
C04 349.994 77.2417139272916
C04 370.001 84.56854831304209
C04 400.009 88.66204069786525
C04 429.983 89.64911681161132
C04 449.989 90.52807978410999
C04 469.993 91.82588849197083
C04 500.016 93.68205116030624
C04 549.99 96.6190853353811
C04 569.998 97.563353445805
C04 599.983 98.47141057199013
C04 630.013 99.41231519643873
C04 649.987 99.55809938060962
C04 670.017 100.00393709092367
C04 699.987 99.56072901509941
C04 720.012 99.40094049841312
C04 749.995 98.6951435436389
C04 770.007 98.35242725561343
C04 800.008 97.27352033045503
C04 830.013 96.13184617042548
C04 869.994 91.3638296061122
C04 900.005 84.5100848113621
C04 919.989 77.76209871767666
C04 959.989 57.182537157004056
C04 1000.013 30.166163554295043
C04 1030.002 13.226528294674639
C04 1049.996 6.4740258610851384
C04 1080.005 0.6842044796152403
C04 1100.007 0.09307313008440181
C05 319.992 43.425814541540205
C05 330.006 56.19238039587606
C05 349.994 78.41541764694969
C05 370.001 85.73239854764978
C05 400.009 89.72261662445823
C05 429.983 90.68385505048484
C05 449.989 91.5679932048137
C05 469.993 92.86899722435109
C05 500.016 94.73999745240941
C05 549.99 97.6967462418714
C05 569.998 98.65429247761148
C05 599.983 99.56532323117024
C05 630.013 100.50337653682611
C05 649.987 100.64830456093057
C05 670.017 101.09499843131105
C05 699.987 100.64383265344067
C05 720.012 100.47610936756716
C05 749.995 99.76412054088385
C05 770.007 99.41732220397016
C05 800.008 98.32342483336267
C05 830.013 97.18055816466915
C05 869.994 92.3418931063017
C05 900.005 85.3797217545656
C05 919.989 78.72826006408533
C05 959.989 57.775879015908195
C05 1000.013 30.651352139448676
C05 1030.002 13.373827958606002
C05 1049.996 6.51945728791447
C05 1080.005 0.6916151670459977
C05 1100.007 0.0940812145033252
C06 319.992 43.222931360795215
C06 330.006 55.93333082148649
C06 349.994 77.99813899028057
C06 370.001 85.16923633108776
C06 400.009 89.00546790451733
C06 429.983 89.92437991725916
C06 449.989 90.78712935849956
C06 469.993 92.07633059997812
C06 500.016 93.92213526036683
C06 549.99 96.8474048788144
C06 569.998 97.7863067002504
C06 599.983 98.68287446411533
C06 630.013 99.61021048036805
C06 649.987 99.7485414853891
C06 670.017 100.18551182358642
C06 699.987 99.73162467979054
C06 720.012 99.56581246549392
C06 749.995 98.85546716036673
C06 770.007 98.5155333925572
C06 800.008 97.43466188581775
C06 830.013 96.32553709688567
C06 869.994 91.51568335361128
C06 900.005 84.68770744800386
C06 919.989 78.1539066123691
C06 959.989 57.5490806854501
C06 1000.013 30.426376971274927
C06 1030.002 13.174727744047452
C06 1049.996 6.3817535921385256
C06 1080.005 0.6853159265448884
C06 1100.007 0.09322432150121804
C07 319.992 43.57939207560163
C07 330.006 56.39864999545528
C07 349.994 78.60868049337665
C07 370.001 85.74373502424385
C07 400.009 89.51009017653628
C07 429.983 90.40395186304833
C07 449.989 91.2633225297408
C07 469.993 92.55944949461399
C07 500.016 94.41691169162168
C07 549.99 97.35596395828173
C07 569.998 98.29850446000013
C07 599.983 99.1964481954004
C07 630.013 100.1201073099392
C07 649.987 100.25805610064488
C07 670.017 100.69488119740234
C07 699.987 100.23244009722835
C07 720.012 100.06088702391476
C07 749.995 99.34472441690755
C07 770.007 98.99928676295659
C07 800.008 97.91757438472331
C07 830.013 96.82938729598756
C07 869.994 92.0172402668209
C07 900.005 85.15634806437326
C07 919.989 78.70542658088475
C07 959.989 58.037837241237774
C07 1000.013 30.533100763485923
C07 1030.002 13.186857315345925
C07 1049.996 6.451324719591247
C07 1080.005 0.6887076989282517
C07 1100.007 0.09368570823816394
C10 319.992 41.19694704999488
C10 330.006 53.296831762592156
C10 349.994 74.4255588515977
C10 370.001 81.66248878608533
C10 400.009 87.64991425788942
C10 429.983 89.49334154523649
C10 449.989 90.67322949251736
C10 469.993 92.17430741758172
C10 500.016 94.22706584117418
C10 549.99 97.35292917661764
C10 569.998 98.3449740764636
C10 599.983 99.30197756787584
C10 630.013 100.27580613345096
C10 649.987 100.43903457897564
C10 670.017 100.89955696328644
C10 699.987 100.45674639035018
C10 720.012 100.28950469451405
C10 749.995 99.57640744631615
C10 770.007 99.22246170170492
C10 800.008 98.12850317680697
C10 830.013 97.01460070893269
C10 869.994 92.3096189295113
C10 900.005 85.5151708636487
C10 919.989 78.87383785252592
C10 959.989 57.97348381695784
C10 1000.013 30.613667719024132
C10 1030.002 13.422204824503202
C10 1049.996 6.668441561440856
C10 1080.005 0.6903138349545282
C10 1100.007 0.09390419278738958
C11 319.992 40.85955882952576
C11 330.006 52.86013279655876
C11 349.994 73.7775297684495
C11 370.001 80.87784101804895
C11 400.009 86.55462562717396
C11 429.983 88.28078191827721
C11 449.989 89.41138715173346
C11 469.993 90.87214146652559
C11 500.016 92.87528847198219
C11 549.99 95.92964715330501
C11 569.998 96.91025620083491
C11 599.983 97.84099392449448
C11 630.013 98.79143097396856
C11 649.987 98.94829937328537
C11 670.017 99.4018348799111
C11 699.987 98.9633509730249
C11 720.012 98.79419056132558
C11 749.995 98.09148954250591
C11 770.007 97.75134173467977
C11 800.008 96.66930829642158
C11 830.013 95.57553323439501
C11 869.994 90.96054763767218
C11 900.005 84.2173927329331
C11 919.989 77.73037492950043
C11 959.989 57.18556811652499
C11 1000.013 30.16181395538606
C11 1030.002 13.171064219834568
C11 1049.996 6.512082940467175
C11 1080.005 0.6800196459416595
C11 1100.007 0.09250386229898508
C12 319.992 41.70602976307428
C12 330.006 53.9529179235085
C12 349.994 75.25050729704736
C12 370.001 82.42359215229452
C12 400.009 87.9720215500298
C12 429.983 89.63876644795093
C12 449.989 90.75941117634845
C12 469.993 92.22305503136484
C12 500.016 94.2399846850339
C12 549.99 97.32275717856182
C12 569.998 98.30490272763953
C12 599.983 99.24749673936208
C12 630.013 100.20431676790294
C12 649.987 100.36107814721144
C12 670.017 100.81721271118174
C12 699.987 100.3697467678842
C12 720.012 100.20278026635513
C12 749.995 99.48374340769628
C12 770.007 99.139589993845
C12 800.008 98.05239666232922
C12 830.013 96.9548071014352
C12 869.994 92.25847100982762
C12 900.005 85.39446758285281
C12 919.989 78.91504820000982
C12 959.989 58.00872015469239
C12 1000.013 30.608295696821514
C12 1030.002 13.353792284193966
C12 1049.996 6.593579154559642
C12 1080.005 0.689671450107636
C12 1100.007 0.09381680843051912
C13 319.992 42.035685787943336
C13 330.006 54.37891871085451
C13 349.994 75.8037395856959
C13 370.001 82.95551217071765
C13 400.009 88.30011431834896
C13 429.983 89.87657255069186
C13 449.989 90.97399393728712
C13 469.993 92.4198648266385
C13 500.016 94.41908266893302
C13 549.99 97.48957079436472
C13 569.998 98.46794006600652
C13 599.983 99.4010245855625
C13 630.013 100.3564609982817
C13 649.987 100.50754267286372
C13 670.017 100.96146803809113
C13 699.987 100.5104704345195
C13 720.012 100.34159286141356
C13 749.995 99.62476520149758
C13 770.007 99.279908513306
C13 800.008 98.19370893901021
C13 830.013 97.10279284006266
C13 869.994 92.37659816613788
C13 900.005 85.62512627789621
C13 919.989 79.14303139484558
C13 959.989 57.919362269900525
C13 1000.013 30.596330477678656
C13 1030.002 13.366618441082213
C13 1049.996 6.607225638922265
C13 1080.005 0.6906490851881102
C13 1100.007 0.09394979726606609
C14 319.992 41.95732420900485
C14 330.006 54.276542606480916
C14 349.994 75.6140924866924
C14 370.001 82.67693908909867
C14 400.009 87.81500026498682
C14 429.983 89.31359379700123
C14 449.989 90.38000231404683
C14 469.993 91.7986518998571
C14 500.016 93.77364499884307
C14 549.99 96.80196724100244
C14 569.998 97.7643752428341
C14 599.983 98.68241580693687
C14 630.013 99.62428361146021
C14 649.987 99.7688523541082
C14 670.017 100.21196105421048
C14 699.987 99.75948045909517
C14 720.012 99.58967792734603
C14 749.995 98.879088005057
C14 770.007 98.53389496826789
C14 800.008 97.46037726495628
C14 830.013 96.38869419035848
C14 869.994 91.69908507070153
C14 900.005 85.07181754638461
C14 919.989 78.67101964821455
C14 959.989 57.397765860135706
C14 1000.013 30.39442385450945
C14 1030.002 13.285994153396699
C14 1049.996 6.5497888604469585
C14 1080.005 0.6854796717980868
C14 1100.007 0.09324659595820524
C15 319.992 42.294850026627515
C15 330.006 54.71455638975921
C15 349.994 76.17564175884353
C15 370.001 83.21098421911529
C15 400.009 88.20388804230979
C15 429.983 89.64104444527057
C15 449.989 90.68623242352648
C15 469.993 92.09625161009554
C15 500.016 94.05899091813053
C15 549.99 97.08462237150965
C15 569.998 98.04316236446971
C15 599.983 98.95825223405777
C15 630.013 99.8958468825352
C15 649.987 100.0366546363199
C15 670.017 100.47825741201957
C15 699.987 100.02688523841887
C15 720.012 99.85137242479799
C15 749.995 99.13765598940918
C15 770.007 98.79277636835869
C15 800.008 97.72307316391453
C15 830.013 96.66010457570731
C15 869.994 91.99405514645018
C15 900.005 85.3673456550337
C15 919.989 79.1550329243484
C15 959.989 57.97687405793523
C15 1000.013 30.753988149556722
C15 1030.002 13.293156849666854
C15 1049.996 6.552935439798295
C15 1080.005 0.6872721963843933
C15 1100.007 0.09349043515974717
C16 319.992 42.56753700778971
C16 330.006 55.06003608728486
C16 349.994 76.5801926788106
C16 370.001 83.53640913151314
C16 400.009 88.3990237388821
C16 429.983 89.798027508882
C16 449.989 90.8363126966022
C16 469.993 92.24373282582671
C16 500.016 94.20538664520602
C16 549.99 97.2192841191031
C16 569.998 98.17596655049043
C16 599.983 99.0784739248163
C16 630.013 100.00905876274972
C16 649.987 100.1486434307252
C16 670.017 100.58065262710893
C16 699.987 100.11914412986445
C16 720.012 99.94107812461685
C16 749.995 99.22395233753488
C16 770.007 98.8794014207956
C16 800.008 97.8112576507582
C16 830.013 96.7705492242785
C16 869.994 92.06688990638831
C16 900.005 85.43057154708328
C16 919.989 79.13398820414378
C16 959.989 58.14210530647248
C16 1000.013 30.87072022361585
C16 1030.002 13.355106145903074
C16 1049.996 6.564940313676376
C16 1080.005 0.6878704458946593
C16 1100.007 0.09357181573551193
C17 319.992 42.68806829214368
C17 330.006 55.22217904415386
C17 349.994 76.77949451142051
C17 370.001 83.68086320986653
C17 400.009 88.42862241546484
C17 429.983 89.78325874773586
C17 449.989 90.81068904889936
C17 469.993 92.21359904920243
C17 500.016 94.16551404782595
C17 549.99 97.17149204110842
C17 569.998 98.12645450807656
C17 599.983 99.02455877348929
C17 630.013 99.95210882975861
C17 649.987 100.0845690228955
C17 670.017 100.5126031903993
C17 699.987 100.05208080608848
C17 720.012 99.86961933621407
C17 749.995 99.14637047579977
C17 770.007 98.80043594323882
C17 800.008 97.73683287926808
C17 830.013 96.70863814947381
C17 869.994 92.03892710707537
C17 900.005 85.44648695117556
C17 919.989 79.00159680958367
C17 959.989 58.162897765228955
C17 1000.013 30.838241562166736
C17 1030.002 13.33423628874773
C17 1049.996 6.578169706667345
C17 1080.005 0.687332604833643
C17 1100.007 0.09349865259126469
