lsstCam/transmission_sensor/r11_s20/19700101T000000.ecsv
# %ECSV 1.0
# ---
# datatype:
# - {name: amp_name, datatype: string}
# - {name: wavelength, unit: nm, datatype: float32}
# - {name: efficiency, unit: '%', datatype: float64}
# meta: !!omap
# - {MODE: AMP}
# - {TYPE: transmission_sensor}
# - {CALIBDATE: '1970-01-01T00:00:00'}
# - {INSTRUME: LSSTCAM}
# - {OBSTYPE: transmission_sensor}
# - {DETECTOR: 42}
# - {PARQUETFILE: qe_raft_allvalues_nircorrected_20230725.parquet}
# - {CALIBCLS: lsst.ip.isr.IntermediateSensorTransmissionCurve}
# - {CALIB_ID: 'raftName=R11 detectorName=S20 detector=42 calibDate=1970-01-01T00:00:00 ccd=42 ccdnum=42 filter=None'}
# - {DATE: '2024-01-18T22:42:25.120293'}
# - {CALIB_CREATION_DATE: '2024-01-18'}
# - {CALIB_CREATION_TIME: '22:42:25'}
# - __serialized_columns__:
#     efficiency:
#       __class__: astropy.units.quantity.Quantity
#       unit: !astropy.units.Unit {unit: '%'}
#       value: !astropy.table.SerializedColumn {name: efficiency}
#     wavelength:
#       __class__: astropy.units.quantity.Quantity
#       unit: !astropy.units.Unit {unit: nm}
#       value: !astropy.table.SerializedColumn {name: wavelength}
# schema: astropy-2.0
amp_name wavelength efficiency
C00 319.992 41.72065624773452
C00 330.006 52.14111783175938
C00 349.994 70.46924244054894
C00 370.001 76.81798808958035
C00 400.009 84.54802345956922
C00 429.983 86.45394335730221
C00 449.989 87.89459063707699
C00 469.993 89.60177693230862
C00 500.016 92.11332762445599
C00 549.99 95.65022452369583
C00 569.998 96.75485992059373
C00 599.983 97.93203597707351
C00 630.013 98.65447150738987
C00 649.987 98.75923563327643
C00 670.017 98.96962327916673
C00 699.987 98.45717941902207
C00 720.012 98.2949436664992
C00 749.995 98.40873194482208
C00 770.007 98.45819132667054
C00 800.008 97.64315448052969
C00 830.013 95.87024279235693
C00 869.994 91.00841865629232
C00 900.005 83.15082022801553
C00 919.989 74.38003909005222
C00 959.989 52.34775447316815
C00 1000.013 26.827700773179103
C00 1030.002 9.829626448974764
C00 1049.996 4.149539366988335
C00 1080.005 0.559587102174552
C00 1100.007 0.11768350971040875
C01 319.992 41.83864620118369
C01 330.006 52.28957010641171
C01 349.994 70.61139963084243
C01 370.001 76.88543531002892
C01 400.009 84.4131662991458
C01 429.983 86.23575933868909
C01 449.989 87.6501467709527
C01 469.993 89.33828931394696
C01 500.016 91.82947617098627
C01 549.99 95.33852382464067
C01 569.998 96.43087007319677
C01 599.983 97.59599048520033
C01 630.013 98.30804922956334
C01 649.987 98.41000068603205
C01 670.017 98.61520040498418
C01 699.987 98.09898749020479
C01 720.012 97.93453600304102
C01 749.995 98.04488034997738
C01 770.007 98.09531903267421
C01 800.008 97.28789935288773
C01 830.013 95.5147504316189
C01 869.994 90.71550015626751
C01 900.005 82.81893397356724
C01 919.989 73.9976895973104
C01 959.989 52.29790362701531
C01 1000.013 26.711384963912828
C01 1030.002 9.74905601698713
C01 1049.996 4.0954385382199945
C01 1080.005 0.5575181126047565
C01 1100.007 0.11724839254423108
C02 319.992 41.856199706706605
C02 330.006 52.30852184901464
C02 349.994 70.57857408967483
C02 370.001 76.78099887836602
C02 400.009 84.15392907384401
C02 429.983 85.92096479771752
C02 449.989 87.31684373775126
C02 469.993 88.98990251783128
C02 500.016 91.45794758410075
C02 549.99 94.94151817500551
C02 569.998 96.02038564117122
C02 599.983 97.17055306162155
C02 630.013 97.87621755023915
C02 649.987 97.97502276609985
C02 670.017 98.17708612311593
C02 699.987 97.66459407794288
C02 720.012 97.49642772888281
C02 749.995 97.60886121714877
C02 770.007 97.65858153473373
C02 800.008 96.86111558155432
C02 830.013 95.09936332405162
C02 869.994 90.35986036058642
C02 900.005 82.40065120109917
C02 919.989 73.66424947746252
C02 959.989 52.19311582706272
C02 1000.013 26.552937846399065
C02 1030.002 9.706675355294417
C02 1049.996 4.067532331079171
C02 1080.005 0.5550387528268088
C02 1100.007 0.11672697280569556
C03 319.992 42.72719081361576
C03 330.006 53.39094345379234
C03 349.994 71.98181493766653
C03 370.001 78.22007527021893
C03 400.009 85.56991471686668
C03 429.983 87.30555917181897
C03 449.989 88.70184119882963
C03 469.993 90.39055736807018
C03 500.016 92.88706619612731
C03 549.99 96.4004228638455
C03 569.998 97.49997112319113
C03 599.983 98.65472004921308
C03 630.013 99.36085758710668
C03 649.987 99.45905888931239
C03 670.017 99.6586542861477
C03 699.987 99.13109424930515
C03 720.012 98.96094676046971
C03 749.995 99.07419308793547
C03 770.007 99.12160551310086
C03 800.008 98.31766084434783
C03 830.013 96.52888855694053
C03 869.994 91.71812662622375
C03 900.005 83.5536201263282
C03 919.989 74.74502221125924
C03 959.989 53.041618406830246
C03 1000.013 26.8881878720249
C03 1030.002 9.819869496983731
C03 1049.996 4.135301800610488
C03 1080.005 0.5633711485151094
C03 1100.007 0.11847931049375972
C04 319.992 42.26811541653715
C04 330.006 52.81622483140548
C04 349.994 71.13141308270836
C04 370.001 77.19500451499484
C04 400.009 84.32914595485784
C04 429.983 86.00344381282042
C04 449.989 87.37312219395058
C04 469.993 89.03004341235034
C04 500.016 91.48560563257291
C04 549.99 94.93723677834876
C04 569.998 96.0099819178679
C04 599.983 97.14190450851292
C04 630.013 97.83590894694271
C04 649.987 97.92215896033278
C04 670.017 98.11507693244066
C04 699.987 97.58736608483923
C04 720.012 97.42206859657178
C04 749.995 97.52489488344257
C04 770.007 97.57287059685108
C04 800.008 96.77849828687908
C04 830.013 95.01894705175393
C04 869.994 90.3071128163175
C04 900.005 82.13447057958292
C04 919.989 73.57799625774048
C04 959.989 52.29727092221525
C04 1000.013 26.412505172055898
C04 1030.002 9.731643534643714
C04 1049.996 4.072511707511911
C04 1080.005 0.5545612856968335
C04 1100.007 0.11662655946984757
C05 319.992 42.9542559744398
C05 330.006 53.67457338624008
C05 349.994 72.21226952510034
C05 370.001 78.25737848152848
C05 400.009 85.33789176542003
C05 429.983 86.99610336322002
C05 449.989 88.37679401152317
C05 469.993 90.04139236037317
C05 500.016 92.51874758517783
C05 549.99 95.99613883989389
C05 569.998 97.08355137830489
C05 599.983 98.22104776909453
C05 630.013 98.90966905144023
C05 649.987 98.99444987017269
C05 670.017 99.18553046121315
C05 699.987 98.6490018553708
C05 720.012 98.47583302574532
C05 749.995 98.58119680009194
C05 770.007 98.62932502196868
C05 800.008 97.82305985708703
C05 830.013 96.055518317398
C05 869.994 91.2738640047684
C05 900.005 82.97966166045688
C05 919.989 74.49217189217806
C05 959.989 52.839921904269474
C05 1000.013 26.837320412208246
C05 1030.002 9.840021771942009
C05 1049.996 4.1010905271863205
C05 1080.005 0.5605677946746893
C05 1100.007 0.11788975344782573
C06 319.992 42.753575891161404
C06 330.006 53.42713102317786
C06 349.994 71.82800021012801
C06 370.001 77.74331845900974
C06 400.009 84.65578994823626
C06 429.983 86.26751306282847
C06 449.989 87.62314373612188
C06 469.993 89.27286024880402
C06 500.016 91.7200607819292
C06 549.99 95.16158196316199
C06 569.998 96.22938538414712
C06 599.983 97.35051333310984
C06 630.013 98.03066615525519
C06 649.987 98.10947171713485
C06 670.017 98.29322210734507
C06 699.987 97.75487447853527
C06 720.012 97.58365829588507
C06 749.995 97.68331751000069
C06 770.007 97.73468392914641
C06 800.008 96.93881979767295
C06 830.013 95.21039565717338
C06 869.994 90.45721021882461
C06 900.005 82.30710016877438
C06 919.989 73.94872236062123
C06 959.989 52.63249959804848
C06 1000.013 26.640339520611665
C06 1030.002 9.693530396988008
C06 1049.996 4.014467469872615
C06 1080.005 0.555462135452503
C06 1100.007 0.1168160119439253
C07 319.992 43.106165818380376
C07 330.006 53.87160068214687
C07 349.994 72.39024407620464
C07 370.001 78.26772652911022
C07 400.009 85.13575143901868
C07 429.983 86.7275827250936
C07 449.989 88.08274129124521
C07 469.993 89.74126950537787
C07 500.016 92.20323681090638
C07 549.99 95.6612885540035
C07 569.998 96.73342810013739
C07 599.983 97.85715307831896
C07 630.013 98.5324774217133
C07 649.987 98.61061397937259
C07 670.017 98.79297058478292
C07 699.987 98.24576338589775
C07 720.012 98.06887692006562
C07 749.995 98.16677354240423
C07 770.007 98.21460299497788
C07 800.008 97.41927476927546
C07 830.013 95.70841288348986
C07 869.994 90.9529661097532
C07 900.005 82.76256709918285
C07 919.989 74.47056699764475
C07 959.989 53.07950029588139
C07 1000.013 26.733783378949198
C07 1030.002 9.702454935723717
C07 1049.996 4.0582314641994035
C07 1080.005 0.558211234164582
C07 1100.007 0.1173941589092871
C10 319.992 40.74959163421509
C10 330.006 50.90876534401608
C10 349.994 68.5380334202282
C10 370.001 74.54232473298096
C10 400.009 83.36648191498594
C10 429.983 85.85400330692846
C10 449.989 87.51321334842262
C10 469.993 89.36785394249875
C10 500.016 92.01784203794928
C10 549.99 95.6583065987882
C10 569.998 96.7791578426976
C10 599.983 97.96125765206585
C10 630.013 98.6857072895636
C10 649.987 98.78861861620031
C10 670.017 98.99378046387464
C10 699.987 98.46562377220222
C10 720.012 98.29294327472822
C10 749.995 98.39570945837826
C10 770.007 98.43600901439778
C10 800.008 97.6291301510276
C10 830.013 95.89148211786936
C10 869.994 91.24196311207346
C10 900.005 83.11130323778876
C10 919.989 74.62991665665491
C10 959.989 53.02064476704923
C10 1000.013 26.804325167467304
C10 1030.002 9.87561587522793
C10 1049.996 4.194809676783549
C10 1080.005 0.5595130392334948
C10 1100.007 0.1176679339639178
C11 319.992 40.41586709415083
C11 330.006 50.49163350986131
C11 349.994 67.9412674752569
C11 370.001 73.82609051583397
C11 400.009 82.3247198026401
C11 429.983 84.69075365700688
C11 449.989 86.29534696603896
C11 469.993 88.10533535371593
C11 500.016 90.69775809690366
C11 549.99 94.25979964769706
C11 569.998 95.36728307177894
C11 599.983 96.5199993949792
C11 630.013 97.22487024277257
C11 649.987 97.32237919733292
C11 670.017 97.5243471424627
C11 699.987 97.00182849125522
C11 720.012 96.82739782489178
C11 749.995 96.92839853222713
C11 770.007 96.97654937338729
C11 800.008 96.17736106986494
C11 830.013 94.46907443910096
C11 869.994 89.90849521920373
C11 900.005 81.8500061992872
C11 919.989 73.54797941397977
C11 959.989 52.30004293827297
C11 1000.013 26.40869680565647
C11 1030.002 9.690834896632508
C11 1049.996 4.096451664605482
C11 1080.005 0.5511693950974713
C11 1100.007 0.11591323068021767
C12 319.992 41.25314624569756
C12 330.006 51.535454310450845
C12 349.994 69.29772330360461
C12 370.001 75.2370673880566
C12 400.009 83.67284789346137
C12 429.983 85.99351435728123
C12 449.989 87.59639154915561
C12 469.993 89.41511732587172
C12 500.016 92.03045798988396
C12 549.99 95.62865980474582
C12 569.998 96.73972449667019
C12 599.983 97.9075123933122
C12 630.013 98.61535154898347
C12 649.987 98.7119431658785
C12 670.017 98.91299151830691
C12 699.987 98.3803485427938
C12 720.012 98.20794535472129
C12 749.995 98.30414415636436
C12 770.007 98.35379416060326
C12 800.008 97.55341094033197
C12 830.013 95.83238072898347
C12 869.994 91.19140677076085
C12 900.005 82.99399297727348
C12 919.989 74.66890962164624
C12 959.989 53.05287076457276
C12 1000.013 26.79962160070597
C12 1030.002 9.825280183143336
C12 1049.996 4.1477171820950645
C12 1080.005 0.5589923735886205
C12 1100.007 0.11755843579958138
C13 319.992 41.57922255365481
C13 330.006 51.942367318262804
C13 349.994 69.80719147117523
C13 370.001 75.72260922415144
C13 400.009 83.98490683918995
C13 429.983 86.2216498317043
C13 449.989 87.80349597285398
C13 469.993 89.60593480561461
C13 500.016 92.20535688803623
C13 549.99 95.79256969569916
C13 569.998 96.90016600832085
C13 599.983 98.05896739216281
C13 630.013 98.76508318978397
C13 649.987 98.85600098389831
C13 670.017 99.05452217109273
C13 699.987 98.51828296843122
C13 720.012 98.34399447146045
C13 749.995 98.44349382568893
C13 770.007 98.49300049362164
C13 800.008 97.69400408305187
C13 830.013 95.9786532663706
C13 869.994 91.30816766484303
C13 900.005 83.21816775883067
C13 919.989 74.88462585015694
C13 959.989 52.97114697716603
C13 1000.013 26.789145246564125
C13 1030.002 9.834717246594527
C13 1049.996 4.156301557339411
C13 1080.005 0.5597847661895502
C13 1100.007 0.11772507928007546
C14 319.992 41.50171189885603
C14 330.006 51.844578370927145
C14 349.994 69.63254663934443
C14 370.001 75.46832496928009
C14 400.009 83.52350020464004
C14 429.983 85.6815651846621
C14 449.989 87.23020531206318
C14 469.993 89.0036360993571
C14 500.016 91.57505198528368
C14 549.99 95.11693525837661
C14 569.998 96.20780311216073
C14 599.983 97.35006086846481
C14 630.013 98.04451612514484
C14 649.987 98.12944883730597
C14 670.017 98.31917176865815
C14 699.987 97.78217813691012
C14 720.012 97.607048644608
C14 749.995 97.7066582774667
C14 770.007 97.75289996814784
C14 800.008 96.96440431201405
C14 830.013 95.27282159363148
C14 869.994 90.63849070616166
C14 900.005 82.68041276981123
C14 919.989 74.4380113798696
C14 959.989 52.494112027166715
C14 1000.013 26.612362417712507
C14 1030.002 9.775396553324935
C14 1049.996 4.120170723480919
C14 1080.005 0.5555948542242239
C14 1100.007 0.11684392325710583
C15 319.992 41.8355725419138
C15 330.006 52.26296610942702
C15 349.994 70.14967386520162
C15 370.001 75.95580662818527
C15 400.009 83.89338312043805
C15 429.983 85.99569971751069
C15 449.989 87.52576311952842
C15 469.993 89.29217471909882
C15 500.016 91.85370775677322
C15 549.99 95.39467021062161
C15 569.998 96.48215147721602
C15 599.983 97.62217310599347
C15 630.013 98.31177314868087
C15 649.987 98.39285058775944
C15 670.017 98.58043835868763
C15 699.987 98.04428276742904
C15 720.012 97.863533333327
C15 749.995 97.96216036793199
C15 770.007 98.00972943393563
C15 800.008 97.22576335937796
C15 830.013 95.5410899153387
C15 869.994 90.93004914917913
C15 900.005 82.96763345831792
C15 919.989 74.8959816199652
C15 959.989 53.023745370130186
C15 1000.013 26.927185142369865
C15 1030.002 9.780666629137356
C15 1049.996 4.122150091732127
C15 1080.005 0.5570477309136375
C15 1100.007 0.11714946930583031
C16 319.992 42.10529842992296
C16 330.006 52.59296592875585
C16 349.994 70.52222228674825
C16 370.001 76.25285769602262
C16 400.009 84.07898257774498
C16 429.983 86.14629890432968
C16 449.989 87.67061300554853
C16 469.993 89.43516553851464
C16 500.016 91.99667112689205
C16 549.99 95.52698790098152
C16 569.998 96.61284119879831
C16 599.983 97.74077163053656
C16 630.013 98.42318979944987
C16 649.987 98.50299918034766
C16 670.017 98.68089954749935
C16 699.987 98.13471302344611
C16 720.012 97.95145317389829
C16 749.995 98.04743348247041
C16 770.007 98.09566788271337
C16 800.008 97.31349907799837
C16 830.013 95.65025596834606
C16 869.994 91.00204150010224
C16 900.005 83.02908204379746
C16 919.989 74.87606924144153
C16 959.989 53.174860444752404
C16 1000.013 27.029391924623837
C16 1030.002 9.82624687928022
C16 1049.996 4.129701805374416
C16 1080.005 0.5575326239937984
C16 1100.007 0.11725144435008329
C17 319.992 42.22452087159106
C17 330.006 52.747843760522635
C17 349.994 70.70575810260107
C17 370.001 76.38471680266616
C17 400.009 84.1071347734081
C17 429.983 86.13213072995617
C17 449.989 87.64588235725537
C17 469.993 89.40594925228973
C17 500.016 91.95773337228185
C17 549.99 95.48002773975706
C17 569.998 96.56411747079
C17 599.983 97.68758441151179
C17 630.013 98.36714293596378
C17 649.987 98.43997764430162
C17 670.017 98.61413541888405
C17 699.987 98.06897894141464
C17 720.012 97.8814169856017
C17 749.995 97.97077152486119
C17 770.007 98.01732829783214
C17 800.008 97.23945305195049
C17 830.013 95.58906162564766
C17 869.994 90.9744021193637
C17 900.005 83.04455005914849
C17 919.989 74.75080135780497
C17 959.989 53.193876544820526
C17 1000.013 27.000954672005943
C17 1030.002 9.810891526316093
C17 1049.996 4.138023807633141
C17 1080.005 0.5570966931585233
C17 1100.007 0.11715976627085876
