lsstCam/transmission_sensor/r11_s20/19700101T000000.ecsv
# %ECSV 1.0
# ---
# datatype:
# - {name: amp_name, datatype: string}
# - {name: wavelength, unit: nm, datatype: float32}
# - {name: efficiency, unit: '%', datatype: float64}
# meta: !!omap
# - {MODE: AMP}
# - {TYPE: transmission_sensor}
# - {CALIBDATE: '1970-01-01T00:00:00'}
# - {INSTRUME: LSSTCAM}
# - {OBSTYPE: transmission_sensor}
# - {DETECTOR: 42}
# - {PARQUETFILE: qe_raft_allvalues_nircorrected_20230725.parquet}
# - {CALIBCLS: lsst.ip.isr.IntermediateSensorTransmissionCurve}
# - {CALIB_ID: 'raftName=R11 detectorName=S20 detector=42 calibDate=1970-01-01T00:00:00 ccd=42 ccdnum=42 filter=None'}
# - {DATE: '2023-08-02T16:57:55.621011'}
# - {CALIB_CREATION_DATE: '2023-08-02'}
# - {CALIB_CREATION_TIME: '16:57:55'}
# - __serialized_columns__:
#     efficiency:
#       __class__: astropy.units.quantity.Quantity
#       unit: !astropy.units.Unit {unit: '%'}
#       value: !astropy.table.SerializedColumn {name: efficiency}
#     wavelength:
#       __class__: astropy.units.quantity.Quantity
#       unit: !astropy.units.Unit {unit: nm}
#       value: !astropy.table.SerializedColumn {name: wavelength}
# schema: astropy-2.0
amp_name wavelength efficiency
C00 319.992 42.09650421142578
C00 330.006 54.48065185546875
C00 349.994 76.37358856201172
C00 370.001 83.9915771484375
C00 400.009 88.718994140625
C00 429.983 89.94315338134766
C00 449.989 90.8909683227539
C00 469.993 92.23554229736328
C00 500.016 94.1410903930664
C00 549.99 97.15506744384766
C00 569.998 98.12874603271484
C00 599.983 99.07896423339844
C00 630.013 100.04878234863281
C00 649.987 100.21355438232422
C00 670.017 100.67842102050781
C00 699.987 100.25244903564453
C00 720.012 100.0961685180664
C00 749.995 99.39557647705078
C00 770.007 99.05148315429688
C00 800.008 97.95140838623047
C00 830.013 96.80416107177734
C00 869.994 91.89397430419922
C00 900.005 85.38916015625
C00 919.989 78.45661163330078
C00 959.989 57.1262321472168
C00 1000.013 30.58067512512207
C00 1030.002 13.333673477172852
C00 1049.996 6.583625316619873
C00 1080.005 0.689060238877269
C00 1100.007 0.09373366465691363
C01 319.992 42.21555709838867
C01 330.006 54.635765075683594
C01 349.994 76.52765655517578
C01 370.001 84.06532287597656
C01 400.009 88.57748413085938
C01 429.983 89.7161636352539
C01 449.989 90.63819122314453
C01 469.993 91.96430969238281
C01 500.016 93.85099029541016
C01 549.99 96.83846282958984
C01 569.998 97.80015563964844
C01 599.983 98.73898315429688
C01 630.013 99.69746398925781
C01 649.987 99.85917663574219
C01 670.017 100.31787872314453
C01 699.987 99.88772583007812
C01 720.012 99.72915649414062
C01 749.995 99.028076171875
C01 770.007 98.6864242553711
C01 800.008 97.59503173828125
C01 830.013 96.44520568847656
C01 869.994 91.59820556640625
C01 900.005 85.04833984375
C01 919.989 78.05330657958984
C01 959.989 57.07183074951172
C01 1000.013 30.448087692260742
C01 1030.002 13.224381446838379
C01 1049.996 6.49778938293457
C01 1080.005 0.6865125417597733
C01 1100.007 0.09338709845880035
C02 319.992 42.23326873779297
C02 330.006 54.65556716918945
C02 349.994 76.49208068847656
C02 370.001 83.95113372802734
C02 400.009 88.30545806884766
C02 429.983 89.38866424560547
C02 449.989 90.29352569580078
C02 469.993 91.60568237304688
C02 500.016 93.47128295898438
C02 549.99 96.43521118164062
C02 569.998 97.38384246826172
C02 599.983 98.30856323242188
C02 630.013 99.25952911376953
C02 649.987 99.41779327392578
C02 670.017 99.87220001220703
C02 699.987 99.4454116821289
C02 720.012 99.28302001953125
C02 749.995 98.58768463134766
C02 770.007 98.24705505371094
C02 800.008 97.16690063476562
C02 830.013 96.02577209472656
C02 869.994 91.23910522460938
C02 900.005 84.6187973022461
C02 919.989 77.70159149169922
C02 959.989 56.95747756958008
C02 1000.013 30.267475128173828
C02 1030.002 13.166893005371094
C02 1049.996 6.4535136222839355
C02 1080.005 0.6834595260018754
C02 1100.007 0.09297179317909164
C03 319.992 43.11210632324219
C03 330.006 55.786556243896484
C03 349.994 78.01289367675781
C03 370.001 85.52459716796875
C03 400.009 89.79129791259766
C03 429.983 90.82913970947266
C03 449.989 91.72573852539062
C03 469.993 93.0475082397461
C03 500.016 94.9318618774414
C03 549.99 97.91706848144531
C03 569.998 98.88443756103516
C03 599.983 99.81011199951172
C03 630.013 100.76515197753906
C03 649.987 100.9236831665039
C03 670.017 101.37934875488281
C03 699.987 100.93865203857422
C03 720.012 100.77437591552734
C03 749.995 100.06771087646484
C03 770.007 99.7188949584961
C03 800.008 98.62804412841797
C03 830.013 97.46922302246094
C03 869.994 92.61058807373047
C03 900.005 85.80280303955078
C03 919.989 78.84159851074219
C03 959.989 57.8834342956543
C03 1000.013 30.64962387084961
C03 1030.002 13.320438385009766
C03 1049.996 6.561036109924316
C03 1080.005 0.6937198099524682
C03 1100.007 0.09436751152249306
C04 319.992 42.648895263671875
C04 330.006 55.18605041503906
C04 349.994 77.09123992919922
C04 370.001 84.40380096435547
C04 400.009 88.48931884765625
C04 429.983 89.47447204589844
C04 449.989 90.35172271728516
C04 469.993 91.64700317382812
C04 500.016 93.49954986572266
C04 549.99 96.43086242675781
C04 569.998 97.373291015625
C04 599.983 98.27957916259766
C04 630.013 99.2186508178711
C04 649.987 99.36415100097656
C04 670.017 99.80912017822266
C04 699.987 99.36677551269531
C04 720.012 99.2072982788086
C04 749.995 98.50287628173828
C04 770.007 98.16082763671875
C04 800.008 97.08402252197266
C04 830.013 95.94457244873047
C04 869.994 91.18584442138672
C04 900.005 84.34545135498047
C04 919.989 77.61061096191406
C04 959.989 57.07114028930664
C04 1000.013 30.107397079467773
C04 1030.002 13.200761795043945
C04 1049.996 6.461413860321045
C04 1080.005 0.6828715860487236
C04 1100.007 0.09289181502435595
C05 319.992 43.341217041015625
C05 330.006 56.08291244506836
C05 349.994 78.26265716552734
C05 370.001 85.56538391113281
C05 400.009 89.5478286743164
C05 429.983 90.50719451904297
C05 449.989 91.38961029052734
C05 469.993 92.68807983398438
C05 500.016 94.55543518066406
C05 549.99 97.50642395019531
C05 569.998 98.46210479736328
C05 599.983 99.3713607788086
C05 630.013 100.30758666992188
C05 649.987 100.45223236083984
C05 670.017 100.89805603027344
C05 699.987 100.44776916503906
C05 720.012 100.2803726196289
C05 749.995 99.56977081298828
C05 770.007 99.22364807128906
C05 800.008 98.13188171386719
C05 830.013 96.99124145507812
C05 869.994 92.16200256347656
C05 900.005 85.21339416503906
C05 919.989 78.57489013671875
C05 959.989 57.663326263427734
C05 1000.013 30.59164047241211
C05 1030.002 13.347774505615234
C05 1049.996 6.506756782531738
C05 1080.005 0.6902678367754045
C05 1100.007 0.0938979356016552
C06 319.992 43.138729095458984
C06 330.006 55.82436752319336
C06 349.994 77.84619140625
C06 370.001 85.0033187866211
C06 400.009 88.83207702636719
C06 429.983 89.74919891357422
C06 449.989 90.61026763916016
C06 469.993 91.89695739746094
C06 500.016 93.73916625976562
C06 549.99 96.65873718261719
C06 569.998 97.59580993652344
C06 599.983 98.49063110351562
C06 630.013 99.4161605834961
C06 649.987 99.5542221069336
C06 670.017 99.99034118652344
C06 699.987 99.53733825683594
C06 720.012 99.3718490600586
C06 749.995 98.66288757324219
C06 770.007 98.32361602783203
C06 800.008 97.2448501586914
C06 830.013 96.13788604736328
C06 869.994 91.33740234375
C06 900.005 84.5227279663086
C06 919.989 78.00165557861328
C06 959.989 57.43696975708008
C06 1000.013 30.367103576660156
C06 1030.002 13.149062156677246
C06 1049.996 6.369321346282959
C06 1080.005 0.6839808677770228
C06 1100.007 0.09304271190631777
C07 319.992 43.4944953918457
C07 330.006 56.288780212402344
C07 349.994 78.4555435180664
C07 370.001 85.57669830322266
C07 400.009 89.3357162475586
C07 429.983 90.22783660888672
C07 449.989 91.08553314208984
C07 469.993 92.37913513183594
C07 500.016 94.23297882080078
C07 549.99 97.16630554199219
C07 569.998 98.10700988769531
C07 599.983 99.00320434570312
C07 630.013 99.92506408691406
C07 649.987 100.062744140625
C07 670.017 100.49871826171875
C07 699.987 100.03717803955078
C07 720.012 99.86595916748047
C07 749.995 99.15119171142578
C07 770.007 98.80642700195312
C07 800.008 97.72682189941406
C07 830.013 96.64075469970703
C07 869.994 91.83798217773438
C07 900.005 84.9904556274414
C07 919.989 78.5521011352539
C07 959.989 57.924774169921875
C07 1000.013 30.47361946105957
C07 1030.002 13.161168098449707
C07 1049.996 6.438756942749023
C07 1080.005 0.6873660326742858
C07 1100.007 0.09350319981925467
C10 319.992 41.11669158935547
C10 330.006 53.1930046081543
C10 349.994 74.28057098388672
C10 370.001 81.50340270996094
C10 400.009 87.47916412353516
C10 429.983 89.31900024414062
C10 449.989 90.49658966064453
C10 469.993 91.99474334716797
C10 500.016 94.04350280761719
C10 549.99 97.16327667236328
C10 569.998 98.15338897705078
C10 599.983 99.10852813720703
C10 630.013 100.08045959472656
C10 649.987 100.24337005615234
C10 670.017 100.70299530029297
C10 699.987 100.26104736328125
C10 720.012 100.09413146972656
C10 749.995 99.3824234008789
C10 770.007 99.02916717529297
C10 800.008 97.93733978271484
C10 830.013 96.82560729980469
C10 869.994 92.12979125976562
C10 900.005 85.34857940673828
C10 919.989 78.72018432617188
C10 959.989 57.86054611206055
C10 1000.013 30.55402946472168
C10 1030.002 13.39605712890625
C10 1049.996 6.655450820922852
C10 1080.005 0.6889690397991299
C10 1100.007 0.09372125874038414
C11 319.992 40.77996063232422
C11 330.006 52.75715637207031
C11 349.994 73.63380432128906
C11 370.001 80.72028350830078
C11 400.009 86.3860092163086
C11 429.983 88.10880279541016
C11 449.989 89.2372055053711
C11 469.993 90.69511413574219
C11 500.016 92.6943588256836
C11 549.99 95.74276733398438
C11 569.998 96.72146606445312
C11 599.983 97.650390625
C11 630.013 98.5989761352539
C11 649.987 98.75553894042969
C11 670.017 99.20819091796875
C11 699.987 98.77056121826172
C11 720.012 98.60173034667969
C11 749.995 97.90039825439453
C11 770.007 97.5609130859375
C11 800.008 96.48098754882812
C11 830.013 95.38934326171875
C11 869.994 90.7833480834961
C11 900.005 84.05332946777344
C11 919.989 77.57894897460938
C11 959.989 57.07416534423828
C11 1000.013 30.103055953979492
C11 1030.002 13.145405769348145
C11 1049.996 6.499396800994873
C11 1080.005 0.6786949048179381
C11 1100.007 0.09232365622520197
C12 319.992 41.62478256225586
C12 330.006 53.84781265258789
C12 349.994 75.10391235351562
C12 370.001 82.26302337646484
C12 400.009 87.80064392089844
C12 429.983 89.46414184570312
C12 449.989 90.58260345458984
C12 469.993 92.04339599609375
C12 500.016 94.056396484375
C12 549.99 97.13316345214844
C12 569.998 98.11339569091797
C12 599.983 99.05415344238281
C12 630.013 100.00910949707031
C12 649.987 100.16556549072266
C12 670.017 100.62081146240234
C12 699.987 100.1742172241211
C12 720.012 100.00757598876953
C12 749.995 99.2899398803711
C12 770.007 98.94645690917969
C12 800.008 97.86138153076172
C12 830.013 96.76593017578125
C12 869.994 92.07874298095703
C12 900.005 85.22811126708984
C12 919.989 78.76131439208984
C12 959.989 57.895713806152344
C12 1000.013 30.548667907714844
C12 1030.002 13.327777862548828
C12 1049.996 6.5807342529296875
C12 1080.005 0.6883279063772942
C12 1100.007 0.0936340446163177
C13 319.992 41.95379638671875
C13 330.006 54.27298355102539
C13 349.994 75.65606689453125
C13 370.001 82.79390716552734
C13 400.009 88.12809753417969
C13 429.983 89.70148468017578
C13 449.989 90.79676818847656
C13 469.993 92.23982238769531
C13 500.016 94.23514556884766
C13 549.99 97.29965209960938
C13 569.998 98.27611541748047
C13 599.983 99.20738220214844
C13 630.013 100.16095733642578
C13 649.987 100.3117446899414
C13 670.017 100.76478576660156
C13 699.987 100.31466674804688
C13 720.012 100.1461181640625
C13 749.995 99.4306869506836
C13 770.007 99.08650207519531
C13 800.008 98.0024185180664
C13 830.013 96.91362762451172
C13 869.994 92.19664001464844
C13 900.005 85.45832061767578
C13 919.989 78.98885345458984
C13 959.989 57.8065299987793
C13 1000.013 30.536725997924805
C13 1030.002 13.34057903289795
C13 1049.996 6.594354152679443
C13 1080.005 0.68930363693427
C13 1100.007 0.09376677437732102
C14 319.992 41.875587463378906
C14 330.006 54.170806884765625
C14 349.994 75.46678924560547
C14 370.001 82.51587677001953
C14 400.009 87.64392852783203
C14 429.983 89.13960266113281
C14 449.989 90.20393371582031
C14 469.993 91.61981964111328
C14 500.016 93.5909652709961
C14 549.99 96.61338806152344
C14 569.998 97.57392120361328
C14 599.983 98.49017333984375
C14 630.013 99.43020629882812
C14 649.987 99.57449340820312
C14 670.017 100.01673889160156
C14 699.987 99.56513977050781
C14 720.012 99.39566802978516
C14 749.995 98.68646240234375
C14 770.007 98.3419418334961
C14 800.008 97.27051544189453
C14 830.013 96.20092010498047
C14 869.994 91.52044677734375
C14 900.005 84.90608978271484
C14 919.989 78.51776123046875
C14 959.989 57.28594970703125
C14 1000.013 30.33521270751953
C14 1030.002 13.260111808776855
C14 1049.996 6.537029266357422
C14 1080.005 0.6841442940393333
C14 1100.007 0.09306494297060397
C15 319.992 42.21245574951172
C15 330.006 54.607967376708984
C15 349.994 76.0272445678711
C15 370.001 83.04888153076172
C15 400.009 88.03205871582031
C15 429.983 89.46641540527344
C15 449.989 90.50956726074219
C15 469.993 91.91683959960938
C15 500.016 93.8757553100586
C15 549.99 96.89549255371094
C15 569.998 97.85216522216797
C15 599.983 98.76547241210938
C15 630.013 99.70124053955078
C15 649.987 99.8417739868164
C15 670.017 100.28251647949219
C15 699.987 99.83202362060547
C15 720.012 99.65685272216797
C15 749.995 98.94452667236328
C15 770.007 98.6003189086914
C15 800.008 97.53269958496094
C15 830.013 96.4718017578125
C15 869.994 91.8148422241211
C15 900.005 85.20104217529297
C15 919.989 79.0008316040039
C15 959.989 57.863929748535156
C15 1000.013 30.694076538085938
C15 1030.002 13.267260551452637
C15 1049.996 6.540169715881348
C15 1080.005 0.6859333266220646
C15 1100.007 0.09330830715084351
C16 319.992 42.48461151123047
C16 330.006 54.95277404785156
C16 349.994 76.4310073852539
C16 370.001 83.37367248535156
C16 400.009 88.22681427001953
C16 429.983 89.62309265136719
C16 449.989 90.65935516357422
C16 469.993 92.06403350830078
C16 500.016 94.02186584472656
C16 549.99 97.02989196777344
C16 569.998 97.98471069335938
C16 599.983 98.88545989990234
C16 630.013 99.8142318725586
C16 649.987 99.95354461669922
C16 670.017 100.38471221923828
C16 699.987 99.92410278320312
C16 720.012 99.74638366699219
C16 749.995 99.03065490722656
C16 770.007 98.68677520751953
C16 800.008 97.62071228027344
C16 830.013 96.58203125
C16 869.994 91.88753509521484
C16 900.005 85.26414489746094
C16 919.989 78.97982788085938
C16 959.989 58.028839111328125
C16 1000.013 30.81058120727539
C16 1030.002 13.329089164733887
C16 1049.996 6.552151203155518
C16 1080.005 0.6865304106869892
C16 1100.007 0.09338952918972478
C17 319.992 42.60490798950195
C17 330.006 55.114601135253906
C17 349.994 76.62992095947266
C17 370.001 83.5178451538086
C17 400.009 88.25635528564453
C17 429.983 89.60835266113281
C17 449.989 90.63378143310547
C17 469.993 92.0339584350586
C17 500.016 93.98207092285156
C17 549.99 96.98219299316406
C17 569.998 97.93529510498047
C17 599.983 98.83164978027344
C17 630.013 99.75739288330078
C17 649.987 99.88959503173828
C17 670.017 100.3167953491211
C17 699.987 99.85717010498047
C17 720.012 99.67506408691406
C17 749.995 98.9532241821289
C17 770.007 98.60796356201172
C17 800.008 97.54643249511719
C17 830.013 96.5202407836914
C17 869.994 91.85962677001953
C17 900.005 85.280029296875
C17 919.989 78.84769439697266
C17 959.989 58.049591064453125
C17 1000.013 30.778165817260742
C17 1030.002 13.308259963989258
C17 1049.996 6.565354824066162
C17 1080.005 0.6859936173900718
C17 1100.007 0.09331650857404492
