lsstCam/transmission_filter_detector/r10_s01/g_6/19700101T000000.ecsv
# %ECSV 1.0
# ---
# datatype:
# - {name: wavelength, unit: nm, datatype: float32}
# - {name: efficiency, unit: '%', datatype: float64}
# meta: !!omap
# - {MODE: DETECTOR}
# - {TYPE: transmission_filter_detector}
# - {CALIBDATE: '1970-01-01T00:00:00'}
# - {INSTRUME: LSSTCam}
# - {OBSTYPE: transmission_filter_detector}
# - {CALIBCLS: lsst.ip.isr.IntermediateFilterDetectorTransmissionCurve}
# - {SOURCE: Materion (DM-46256)}
# - {DETECTOR: 28}
# - {FILTER: g_6}
# - {CALIB_ID: 'calibDate=1970-01-01T00:00:00 filter=g_6 detector=28'}
# - {DATE: '2025-04-02T15:59:42.157905'}
# - {CALIB_CREATION_DATE: '2025-04-02'}
# - {CALIB_CREATION_TIME: '15:59:42'}
# - __serialized_columns__:
#     efficiency:
#       __class__: astropy.units.quantity.Quantity
#       unit: !astropy.units.Unit {unit: '%'}
#       value: !astropy.table.SerializedColumn {name: efficiency}
#     wavelength:
#       __class__: astropy.units.quantity.Quantity
#       unit: !astropy.units.Unit {unit: nm}
#       value: !astropy.table.SerializedColumn {name: wavelength}
# schema: astropy-2.0
wavelength efficiency
[from data line 608]
908.0 0.0004696419182437239
909.0 0.00041198122744390275
910.0 0.00036843923680862645
911.0 0.0003248972689107177
912.0 0.0004575804723572219
913.0 0.0005902637440158287
914.0 0.000340228666573239
915.0 9.019361755235877e-05
916.0 0.00014201581279849051
917.0 0.00019383796825422905
918.0 0.00023075447188602993
919.0 0.0002676709755178308
920.0 0.0003191517862433102
921.0 0.0003706326424435247
922.0 0.000491325545226573
923.0 0.0006120184480096214
924.0 0.0005198378858040087
925.0 0.00042765723264892586
926.0 0.0005114226951263845
927.0 0.0005951882485533133
928.0 0.0005732094905397389
929.0 0.0005512307325261645
930.0 0.0005446798695629695
931.0 0.0005381290520745097
932.0 0.0005182138011150528
933.0 0.000498298595630331
934.0 0.0004878935214946978
935.0 0.0004774884928337997
936.0 0.0004979699951945804
937.0 0.0005184514975553611
938.0 0.0005886353392270394
939.0 0.0006588191354239825
940.0 0.0005999828317726497
941.0 0.0005411463916971115
942.0 0.0006496088190033333
943.0 0.00075807120083482
944.0 0.0006877481155243004
945.0 0.0006174248937895754
946.0 0.0005349335424398305
947.0 0.00045244214561535046
948.0 0.0007787120011926163
949.0 0.0011049819477193523
950.0 0.0009876394869934302
951.0 0.0008702969353180379
952.0 0.0008816211447992828
953.0 0.0008929452633310575
954.0 0.0008033962330955546
955.0 0.0007138471573853167
956.0 0.0006224110620678402
957.0 0.0005309747393766884
958.0 0.0006801127710787114
959.0 0.0008292508027807344
960.0 0.0006510295861517079
961.0 0.0004728082330984762
962.0 0.000564421497983858
963.0 0.0006560346719197696
964.0 0.0007069830644468311
965.0 0.0007579312750749523
966.0 0.0007973479114298243
967.0 0.0008367644113604911
968.0 0.0007552676379418699
969.0 0.0006737708645232487
970.0 0.000678869628245593
971.0 0.0006839683919679374
972.0 0.0007715683750575408
973.0 0.0008591684490966145
974.0 0.0008210043233702891
975.0 0.000782840379542904
976.0 0.000818671196611831
977.0 0.0008545023774786387
978.0 0.0009197242434311192
979.0 0.00098494620033307
980.0 0.0010491512512089685
981.0 0.0011133564839838073
982.0 0.001038935897668125
983.0 0.0009645152204029728
984.0 0.0009512235919828527
985.0 0.0009379322364111431
986.0 0.001148869159806054
987.0 0.0013598059013020247
988.0 0.001401651206833776
989.0 0.0014434961485676467
990.0 0.0015397146853501908
991.0 0.001635933222132735
992.0 0.001607037484063767
993.0 0.0015781421097926795
994.0 0.0015496665582759306
995.0 0.0015211910067591816
996.0 0.0013692028915102128
997.0 0.0012172148672107141
998.0 0.001376354066451313
999.0 0.001535493356641382
1000.0 0.0014355862731463276
1001.0 0.001335679098701803
1002.0 0.0012624991541088093
1003.0 0.001189319391414756
1004.0 0.0011654636182356626
1005.0 0.0011416075722081587
1006.0 0.0013987355487188324
1007.0 0.0016558637071284465
1008.0 0.0016303429219988175
1009.0 0.0016048228644649498
1010.0 0.0017080123143387027
1011.0 0.0018112021280103363
1012.0 0.0019543671442079358
1013.0 0.0020975323423044756
1014.0 0.0020952311388100497
1015.0 0.0020929301172145642
1016.0 0.0023986560336197726
1017.0 0.0027043823138228618
1018.0 0.002955575655505527
1019.0 0.003206769542885013
1020.0 0.003204789027222432
1021.0 0.003202808875357732
1022.0 0.0035369401302887127
1023.0 0.0038710721128154546
1024.0 0.004009771146229468
1025.0 0.004148470179643482
1026.0 0.004233860818203539
1027.0 0.004319251092965715
1028.0 0.004392099071992561
1029.0 0.0044649474148172885
1030.0 0.004622860433300957
1031.0 0.004780773087986745
1032.0 0.005176185368327424
1033.0 0.005571598012465984
1034.0 0.005350834908313118
1035.0 0.005130072167958133
1036.0 0.005300821430864744
1037.0 0.0054715699661755934
1038.0 0.005621018499368802
1039.0 0.005770466668764129
1040.0 0.006216245674295351
1041.0 0.00666202322463505
1042.0 0.0068226880102884024
1043.0 0.006983352068345994
1044.0 0.007195759826572612
1045.0 0.007408165402011946
1046.0 0.008389729191549122
1047.0 0.009371291525894776
1048.0 0.010715467215050012
1049.0 0.012059639993822202
1050.0 0.014357936743181199
1051.0 0.01665622985456139
1052.0 0.020132242934778333
1053.0 0.02360826183576137
1054.0 0.028159897192381322
1055.0 0.032711532549001276
1056.0 0.03934047126676887
1057.0 0.04596940125338733
1058.0 0.053495645988732576
1059.0 0.06102187326177955
1060.0 0.06846148753538728
1061.0 0.07590107270516455
1062.0 0.08319539483636618
1063.0 0.09048969368450344
1064.0 0.09590049739927053
1065.0 0.10131128365173936
1066.0 0.10665172012522817
1067.0 0.11199215659871697
1068.0 0.11847240384668112
1069.0 0.12495268601924181
1070.0 0.1351359998807311
1071.0 0.14531930210068822
1072.0 0.15871174400672317
1073.0 0.17210415098816156
1074.0 0.186477811075747
1075.0 0.20085154101252556
1076.0 0.21444247104227543
1077.0 0.2280334010720253
1078.0 0.24135669227689505
1079.0 0.25467996019870043
1080.0 0.27061300352215767
1081.0 0.2865460701286793
1082.0 0.31152621377259493
1083.0 0.3365063574165106
1084.0 0.372107932344079
1085.0 0.4077095538377762
1086.0 0.44242958538234234
1087.0 0.4771496634930372
1088.0 0.5412594880908728
1089.0 0.605369359254837
1090.0 0.6830540951341391
1091.0 0.7607388310134411
1092.0 0.7904273457825184
1093.0 0.8201155811548233
1094.0 0.8571432903409004
1095.0 0.8941705338656902
1096.0 0.939855445176363
1097.0 0.9855405427515507
1098.0 1.007875707000494
1099.0 1.0302111506462097
1100.0 1.1932916007936
1101.0 1.356371771544218
