lsstCam/transmission_filter_detector/r10_s01/g_6/19700101T000000.ecsv
# %ECSV 1.0
# ---
# datatype:
# - {name: wavelength, unit: nm, datatype: float32}
# - {name: efficiency, unit: '%', datatype: float64}
# meta: !!omap
# - {MODE: DETECTOR}
# - {TYPE: transmission_filter_detector}
# - {CALIBDATE: '1970-01-01T00:00:00'}
# - {INSTRUME: LSSTCam}
# - {OBSTYPE: transmission_filter_detector}
# - {CALIBCLS: lsst.ip.isr.IntermediateFilterDetectorTransmissionCurve}
# - {SOURCE: Materion (DM-46256)}
# - {DETECTOR: 28}
# - {FILTER: g_6}
# - {CALIB_ID: 'calibDate=1970-01-01T00:00:00 filter=g_6 detector=28'}
# - {DATE: '2025-04-02T15:59:42.157905'}
# - {CALIB_CREATION_DATE: '2025-04-02'}
# - {CALIB_CREATION_TIME: '15:59:42'}
# - __serialized_columns__:
#     efficiency:
#       __class__: astropy.units.quantity.Quantity
#       unit: !astropy.units.Unit {unit: '%'}
#       value: !astropy.table.SerializedColumn {name: efficiency}
#     wavelength:
#       __class__: astropy.units.quantity.Quantity
#       unit: !astropy.units.Unit {unit: nm}
#       value: !astropy.table.SerializedColumn {name: wavelength}
# schema: astropy-2.0
wavelength efficiency
300.0 0.5218385253101587
301.0 0.3791807219386101
302.0 0.2365228720009327
303.0 0.21382011473178864
304.0 0.19111732253804803
305.0 0.19946650136262178
306.0 0.207815645262599
307.0 0.2153330948203802
308.0 0.22285052109509706
309.0 0.22052116692066193
310.0 0.21819185931235552
311.0 0.20912899635732174
312.0 0.20006615668535233
313.0 0.1990427728742361
314.0 0.19801936578005552
315.0 0.18863034201785922
316.0 0.17924134153872728
317.0 0.1776300952769816
318.0 0.17601889558136463
319.0 0.16081408830359578
320.0 0.14560926938429475
321.0 0.13984310207888484
322.0 0.13407692313194275
323.0 0.11351704597473145
324.0 0.09295720374211669
325.0 0.08610480581410229
326.0 0.07925241952762008
327.0 0.07270296919159591
328.0 0.06615351885557175
329.0 0.06305534043349326
330.0 0.059957162011414766
331.0 0.05557508557103574
332.0 0.05119300913065672
333.0 0.04757216083817184
334.0 0.04395131836645305
335.0 0.042715147719718516
336.0 0.04147897707298398
337.0 0.04189007158856839
338.0 0.04230116319376975
339.0 0.040798375266604125
340.0 0.0392955873394385
341.0 0.03752934862859547
342.0 0.035763109917752445
343.0 0.0324373395415023
344.0 0.02911156916525215
345.0 0.02582300512585789
346.0 0.022534438176080585
347.0 0.0211437203688547
348.0 0.019753001106437296
349.0 0.018075239495374262
350.0 0.6095922086387873
351.0 0.8996105752885342
352.0 0.8232706226408482
353.0 1.1039969511330128
354.0 0.7132282480597496
355.0 0.7701391354203224
356.0 0.6652503274381161
357.0 0.8768525905907154
358.0 0.4614914767444134
359.0 0.8123282343149185
360.0 0.5706991069018841
361.0 0.6656305398792028
362.0 0.44321026653051376
363.0 0.7025306578725576
364.0 0.6019451189786196
365.0 0.8479108102619648
366.0 0.40387935005128384
367.0 0.6359994877129793
368.0 0.3528157016262412
369.0 0.5072538275271654
370.0 0.25075473822653294
371.0 0.5646626465022564
372.0 0.4215214867144823
373.0 0.5732169840484858
374.0 0.43078018352389336
375.0 0.5685240030288696
376.0 0.2706119092181325
377.0 0.46843718737363815
378.0 0.26525608263909817
379.0 0.5450351163744926
380.0 0.3285303944721818
381.0 0.5406614858657122
382.0 0.531248189508915
383.0 0.5455813836306334
384.0 0.5963677540421486
385.0 0.583606818690896
386.0 0.6818165071308613
387.0 0.8139754645526409
388.0 1.0048809461295605
389.0 1.3705785386264324
390.0 2.0568205043673515
391.0 3.170017898082733
392.0 5.023190006613731
393.0 7.95135498046875
394.0 11.878909170627594
395.0 17.034369707107544
396.0 23.38259369134903
397.0 31.212297081947327
398.0 40.08481800556183
399.0 49.60989952087402
400.0 58.938395977020264
401.0 67.6792323589325
402.0 75.39598345756531
403.0 81.6099762916565
404.0 86.1055076122284
405.0 89.34575915336609
406.0 91.08171463012695
407.0 92.42305755615234
408.0 93.20891499519348
409.0 93.45444440841675
410.0 93.5731053352356
411.0 93.38802099227905
412.0 93.03703308105469
413.0 92.83985495567322
414.0 92.69964694976807
415.0 92.97611117362976
416.0 93.36625933647156
417.0 93.72187852859497
418.0 94.21854615211487
419.0 94.7731077671051
420.0 95.28002142906189
421.0 95.78696489334106
422.0 95.890873670578
423.0 95.99810838699341
424.0 95.7956612110138
425.0 95.74440717697144
426.0 95.70184350013733
427.0 95.69196105003357
428.0 95.50272226333618
429.0 95.36051154136658
430.0 95.28107643127441
431.0 95.39023041725159
432.0 95.41465044021606
433.0 95.55237889289856
434.0 95.60697078704834
435.0 95.72369456291199
436.0 95.73919773101807
437.0 95.7762360572815
438.0 95.8436369895935
439.0 95.88214159011841
440.0 95.89957594871521
441.0 96.01909518241882
442.0 95.97208499908447
443.0 95.9233045578003
444.0 95.8562433719635
445.0 95.56508660316467
446.0 95.43697237968445
447.0 95.26991248130798
448.0 95.36668658256531
449.0 95.57624459266663
450.0 95.80900073051453
451.0 96.01864814758301
452.0 96.21328115463257
453.0 96.3439404964447
454.0 96.36391997337341
455.0 96.66526317596436
456.0 96.76592350006104
457.0 96.9530701637268
458.0 96.88173532485962
459.0 96.91649675369263
460.0 96.885085105896
461.0 96.9828188419342
462.0 96.89704179763794
463.0 96.78334593772888
464.0 96.87749743461609
465.0 96.83166146278381
466.0 96.80591821670532
467.0 96.82481288909912
468.0 96.85478210449219
469.0 96.85615301132202
470.0 96.68091535568237
471.0 96.57028317451477
472.0 96.61866426467896
473.0 96.53403759002686
474.0 96.45437598228455
475.0 96.55385613441467
476.0 96.57201766967773
477.0 96.60462141036987
478.0 96.77599668502808
479.0 96.78289294242859
480.0 96.92539572715759
481.0 97.02959060668945
482.0 97.18714356422424
483.0 97.08155393600464
484.0 97.27947115898132
485.0 97.33599424362183
486.0 97.32623100280762
487.0 97.38984704017639
488.0 97.36918210983276
489.0 97.49823808670044
490.0 97.44788408279419
491.0 97.46565222740173
492.0 97.42913842201233
493.0 97.42988348007202
494.0 97.41262197494507
495.0 97.47324585914612
496.0 97.28538990020752
497.0 97.24942445755005
498.0 97.0187246799469
499.0 97.03683853149414
500.0 97.02021479606628
501.0 97.02977538108826
502.0 96.92710638046265
503.0 97.07580208778381
504.0 96.94326519966125
505.0 96.93255424499512
506.0 96.93413376808167
507.0 96.88073396682739
508.0 96.8822717666626
509.0 96.88944816589355
510.0 96.85630202293396
511.0 96.80996537208557
512.0 96.74237966537476
513.0 96.80694937705994
514.0 96.79185152053833
515.0 96.86193466186523
516.0 96.95607423782349
517.0 96.95708155632019
518.0 97.02659845352173
519.0 97.02021479606628
520.0 97.10724353790283
521.0 97.17404246330261
522.0 97.13396430015564
523.0 97.07732796669006
524.0 97.14687466621399
525.0 97.07626104354858
526.0 97.21654057502747
527.0 97.18875288963318
528.0 97.22166061401367
529.0 97.32358455657959
530.0 97.3450243473053
531.0 97.45811223983765
532.0 97.31809496879578
533.0 97.28468656539917
534.0 97.19352722167969
535.0 96.88923954963684
536.0 96.3245153427124
537.0 95.53607106208801
538.0 94.47625279426575
539.0 92.70462989807129
540.0 90.58257341384888
541.0 87.49857544898987
542.0 84.42122340202332
543.0 80.42064309120178
544.0 75.61519145965576
545.0 71.37806415557861
546.0 66.45839214324951
547.0 62.083399295806885
548.0 57.83817172050476
549.0 54.190218448638916
550.0 51.318663358688354
551.0 48.49333465099335
552.0 46.13469839096069
553.0 43.446823954582214
554.0 40.16914367675781
555.0 36.50739789009094
556.0 31.787443161010742
557.0 26.56276524066925
558.0 21.145865321159363
559.0 16.01986438035965
560.0 11.39664351940155
561.0 7.336279004812241
562.0 4.472639784216881
563.0 2.483001723885536
564.0 1.3039018958806992
565.0 0.614608870819211
566.0 0.33156678546220064
567.0 0.18017729744315147
568.0 0.12582308845594525
569.0 0.0803895469289273
570.0 0.060835666954517365
571.0 0.03495327546261251
572.0 0.03583496727515012
573.0 0.029245964833535254
574.0 0.02847601135727018
575.0 0.02403265389148146
576.0 0.02598911232780665
577.0 0.027941260486841202
578.0 0.03221627848688513
579.0 0.022989028366282582
580.0 0.02736854657996446
581.0 0.018072804959956557
582.0 0.02427718136459589
583.0 0.016302353469654918
584.0 0.015300125232897699
585.0 0.008740639896132052
586.0 0.02383276732871309
587.0 0.0076280717621557415
588.0 0.020493831834755838
589.0 0.006699725781800225
590.0 0.01501494989497587
591.0 0.006052685057511553
592.0 0.01707850315142423
593.0 0.006942330219317228
594.0 0.013325654435902834
595.0 0.012280528608243912
596.0 0.0003418434062041342
597.0 0.007457485480699688
598.0 0.006313122867140919
599.0 0.009591969865141436
600.0 0.010641536937328056
601.0 0.0022858899683342315
602.0 0.002359818790864665
603.0 0.002433747249597218
604.0 0.002227543336630333
605.0 0.002021339241764508
606.0 0.002008174851653166
607.0 0.0019950100977439433
608.0 0.0018265647668158635
609.0 0.0016581192539888434
610.0 0.0017709080566419289
611.0 0.0018836964954971336
612.0 0.001794566196622327
613.0 0.0017054360796464607
614.0 0.001755962694005575
615.0 0.0018064898540615104
616.0 0.0019114984752377495
617.0 0.0020165070964139886
618.0 0.0018527363863540813
619.0 0.0016889654943952337
620.0 0.0016752112060203217
621.0 0.0016614569176454097
622.0 0.001520284240541514
623.0 0.001379111381538678
624.0 0.001404362865287112
625.0 0.0014296145309344865
626.0 0.001388483269693097
627.0 0.0013473525541485287
628.0 0.001443526070943335
629.0 0.0015396999515360221
630.0 0.0013567071619036142
631.0 0.0011737140994227957
632.0 0.0013675951777258888
633.0 0.001561475801281631
634.0 0.001451166554033989
635.0 0.0013408569429884665
636.0 0.0013450274309434462
637.0 0.0013491983736457769
638.0 0.001235984109371202
639.0 0.001122769754147157
640.0 0.0011068123058066703
641.0 0.0010908546755672432
642.0 0.0012978105587535538
643.0 0.0015047664419398643
644.0 0.001419871568941744
645.0 0.0013349764230952132
646.0 0.0012651102224481292
647.0 0.0011952442036999855
648.0 0.0010949931493087206
649.0 0.0009947420039679855
650.0 0.001237534888787195
651.0 0.001480327409808524
652.0 0.0012126887668273412
653.0 0.0009450500328966882
654.0 0.0010704560736485291
655.0 0.0011958623872487806
656.0 0.001181856441689888
657.0 0.0011678506780299358
658.0 0.0010784779988171067
659.0 0.0009891057743516285
660.0 0.00091433821580722
661.0 0.0008395707482122816
662.0 0.0009761700312083121
663.0 0.0011127695870527532
664.0 0.0011760266716009937
665.0 0.0012392833923513535
666.0 0.0010956521691696253
667.0 0.0009520206731394865
668.0 0.0010858835594262928
669.0 0.0012197465366625693
670.0 0.0011986631761828903
671.0 0.0011775798157032114
672.0 0.001166052697954001
673.0 0.0011545254892553203
674.0 0.0011173030543432105
675.0 0.0010800806194311008
676.0 0.0010237698916171212
677.0 0.0009674589819042012
678.0 0.00107709975054604
679.0 0.0011867407920362893
680.0 0.0010360885426052846
681.0 0.0008854362931742799
682.0 0.000957528936851304
683.0 0.0010296213986293878
684.0 0.0009078831681108568
685.0 0.0007861447556933854
686.0 0.0009879839126369916
687.0 0.0011898229786311276
688.0 0.001147556940850336
689.0 0.0011052909030695446
690.0 0.0009883948223432526
691.0 0.0008714987416169606
692.0 0.0009002954357129056
693.0 0.0009290922207583208
694.0 0.0010222341188637074
695.0 0.0011153759260196239
696.0 0.0011382414413674269
697.0 0.0011611066838668194
698.0 0.0012714400327240583
699.0 0.001381773290631827
700.0 0.0011744562470994424
701.0 0.0009671391126175877
702.0 0.0010923523404926527
703.0 0.0012175653864687774
704.0 0.0011820047802757472
705.0 0.001146443719335366
706.0 0.001095147763408022
707.0 0.0010438518984301481
708.0 0.0010148495675821323
709.0 0.0009858473276835866
710.0 0.001117046849685721
711.0 0.0012482467354857363
712.0 0.0011832766176667064
713.0 0.0011183067726960871
714.0 0.0011540761079231743
715.0 0.0011898456250492018
716.0 0.001405289822287159
717.0 0.0016207342923735268
718.0 0.0018733842807705514
719.0 0.0021260339053696953
720.0 0.0017311644114670344
721.0 0.0013362945537664928
722.0 0.0015233878912113141
723.0 0.0017104817743529566
724.0 0.0016795242117950693
725.0 0.0016485668311361223
726.0 0.0017298178136115894
727.0 0.0018110687960870564
728.0 0.0018640443158801645
729.0 0.0019170198356732726
730.0 0.0018901977455243468
731.0 0.001863375655375421
732.0 0.0018122836991096847
733.0 0.0017611919247428887
734.0 0.0015471763617824763
735.0 0.0013331611626199447
736.0 0.001163884826382855
737.0 0.000994608399196295
738.0 0.0010502160876058042
739.0 0.0011058236850658432
740.0 0.0009787637281988282
741.0 0.000851703680382343
742.0 0.0008210021405830048
743.0 0.0007903004188847262
744.0 0.0009325434803031385
745.0 0.0010747868145699613
746.0 0.0010599193046800792
747.0 0.0010450518857396673
748.0 0.0011320986232021824
749.0 0.0012191455425636377
750.0 0.0010380977073509712
751.0 0.0008570501449867152
752.0 0.0007712949809501879
753.0 0.000685539998812601
754.0 0.0008225085366575513
755.0 0.0009594770745025016
756.0 0.000920160164241679
757.0 0.0008808431630313862
758.0 0.0008597371561336331
759.0 0.0008386314220842905
760.0 0.0006651697276538471
761.0 0.0004917080332234036
762.0 0.0005358730049920268
763.0 0.0005800378858111799
764.0 0.0007189566076704068
765.0 0.0008578755114285741
766.0 0.0007661330528208055
767.0 0.0006743906396877719
768.0 0.0006018591193424072
769.0 0.0005293275989970425
770.0 0.0004100148089491995
771.0 0.00029070204163872404
772.0 0.0005239149231783813
773.0 0.0007571279638796113
774.0 0.0008582847840443719
775.0 0.0009594416951586027
776.0 0.0008573916602472309
777.0 0.0007553416708105942
778.0 0.0007140561592677841
779.0 0.0006727706931997091
780.0 0.0006439184744522208
781.0 0.0006150662102299975
782.0 0.0005968056484562112
783.0 0.0005785449047834845
784.0 0.0006915786343597574
785.0 0.0008046123184612952
786.0 0.0007106480552465655
787.0 0.0006166841103549814
788.0 0.0004329061084717978
789.0 0.00024912819753808435
790.0 0.0002406369048912893
791.0 0.00023214561224449426
792.0 0.00025215053938154597
793.0 0.0002721554892559652
794.0 0.0002502287998140673
795.0 0.0002283021103721694
796.0 0.0003560390496204491
797.0 0.0004837759661313612
798.0 0.0005026174221711699
799.0 0.0005214589236857137
800.0 0.0005130956196808256
801.0 0.0005047324521001428
802.0 0.0004369522685010452
803.0 0.00036917215311405016
804.0 0.00028293516152189113
805.0 0.00019669823814183474
806.0 0.0002698275920920423
807.0 0.0003429569460422499
808.0 0.00041301941564597655
809.0 0.0004830819307244383
810.0 0.0003308648956590332
811.0 0.00017864782648757682
812.0 0.00023272384623851394
813.0 0.00028679987735813484
814.0 0.00032443467716802843
815.0 0.00036206949971528957
816.0 0.00047738176363054663
817.0 0.000592693913858966
818.0 0.0004658496891352115
819.0 0.0003390054416740895
820.0 0.00043918021219724324
821.0 0.0005393548690335592
822.0 0.0004337406608101446
823.0 0.00032812642984936247
824.0 0.0003978114818892209
825.0 0.00046749646571697667
826.0 0.0005815007625642465
827.0 0.0006955049684620462
828.0 0.0006038021183485398
829.0 0.0005120992227602983
830.0 0.00045926731218060013
831.0 0.00040643540160090197
832.0 0.0005284912276692921
833.0 0.0006505470082629472
834.0 0.0005387479632190662
835.0 0.00042694887270045
836.0 0.00047618050302844495
837.0 0.000525412178831175
838.0 0.0004468922270461917
839.0 0.0003683723207359435
840.0 0.00047294856813095976
841.0 0.0005775247245765058
842.0 0.00031613685678166803
843.0 5.4748920774727594e-05
844.0 0.00010119970283994917
845.0 0.00014765048490517074
846.0 0.00038025586945877876
847.0 0.0006128613676992245
848.0 0.0005513562882697443
849.0 0.0004898512543149991
850.0 0.0005260649686533725
851.0 0.0005622786375170108
852.0 0.0006196210961206816
853.0 0.0006769631454517366
854.0 0.0005958315796306124
855.0 0.0005146998319105478
856.0 0.0005278719072521199
857.0 0.0005410440735431621
858.0 0.0005897707524127327
859.0 0.0006384974767570384
860.0 0.000572782710150932
861.0 0.0005070679435448255
862.0 0.0005179541403776966
863.0 0.0005288404281600378
864.0 0.00045017723095952533
865.0 0.00037151405649638036
866.0 0.00039683714021521155
867.0 0.0004221602011966752
868.0 0.0005846595286129741
869.0 0.000747158856029273
870.0 0.0006319549356703646
871.0 0.0005167508334125159
872.0 0.0003821598966169404
873.0 0.0002475688461345271
874.0 0.0004011246801383095
875.0 0.0005546805368794594
876.0 0.00065084855123132
877.0 0.0007470165201084455
878.0 0.0007108430963853607
879.0 0.0006746696271875408
880.0 0.0006152489277155837
881.0 0.0005558285920415074
882.0 0.0004960074875270948
883.0 0.00043618665586109273
884.0 0.0004994283244741382
885.0 0.000562670174986124
886.0 0.0006933284112164984
887.0 0.0008239869202952832
888.0 0.0006495179150078911
889.0 0.00047504895519523416
890.0 0.0005531815077119973
891.0 0.0006313141057034954
892.0 0.0005676093223883072
893.0 0.000503904584547854
894.0 0.0004929690021526767
895.0 0.00048203346523223445
896.0 0.0002880281726902467
897.0 9.40228346735239e-05
898.0 0.00023510792743763886
899.0 0.0003761930202017538
900.0 0.00033165738386742305
901.0 0.00028712172479572473
902.0 0.0004828675173484953
903.0 0.0006786133326386334
904.0 0.0003587409764804761
905.0 3.886852937284857e-05
906.0 0.0002830856146829319
