lsstCam/transmission_filter_detector/r00_sg0/z_20/19700101T000000.ecsv
# %ECSV 1.0
# ---
# datatype:
# - {name: wavelength, unit: nm, datatype: float32}
# - {name: efficiency, unit: '%', datatype: float64}
# meta: !!omap
# - {MODE: DETECTOR}
# - {TYPE: transmission_filter_detector}
# - {CALIBDATE: '1970-01-01T00:00:00'}
# - {INSTRUME: LSSTCam}
# - {OBSTYPE: transmission_filter_detector}
# - {CALIBCLS: lsst.ip.isr.IntermediateFilterDetectorTransmissionCurve}
# - {SOURCE: Materion (DM-46256)}
# - {DETECTOR: 189}
# - {FILTER: z_20}
# - {CALIB_ID: 'calibDate=1970-01-01T00:00:00 filter=z_20 detector=189'}
# - {DATE: '2025-04-02T15:59:49.517514'}
# - {CALIB_CREATION_DATE: '2025-04-02'}
# - {CALIB_CREATION_TIME: '15:59:49'}
# - __serialized_columns__:
#     efficiency:
#       __class__: astropy.units.quantity.Quantity
#       unit: !astropy.units.Unit {unit: '%'}
#       value: !astropy.table.SerializedColumn {name: efficiency}
#     wavelength:
#       __class__: astropy.units.quantity.Quantity
#       unit: !astropy.units.Unit {unit: nm}
#       value: !astropy.table.SerializedColumn {name: wavelength}
# schema: astropy-2.0
wavelength efficiency
[from data line 598]
898.0 98.91886711120605
899.0 98.5823929309845
900.0 98.82586598396301
901.0 99.29575324058533
902.0 98.96059036254883
903.0 98.39882254600525
904.0 97.64186143875122
905.0 98.49278330802917
906.0 97.98111319541931
907.0 98.4781563282013
908.0 97.99124002456665
909.0 98.23942184448242
910.0 98.15641641616821
911.0 96.98058366775513
912.0 96.19641304016113
913.0 94.96493339538574
914.0 92.69975423812866
915.0 90.26904106140137
916.0 88.27002048492432
917.0 86.78434491157532
918.0 83.10509920120239
919.0 81.89098238945007
920.0 78.78993153572083
921.0 75.04647374153137
922.0 70.57580947875977
923.0 64.95153307914734
924.0 59.09131169319153
925.0 53.71068716049194
926.0 47.577646374702454
927.0 40.27494490146637
928.0 34.335070848464966
929.0 28.198164701461792
930.0 22.576071321964264
931.0 17.462264001369476
932.0 12.112896889448166
933.0 8.01306962966919
934.0 5.078433454036713
935.0 3.0680999159812927
936.0 1.6828522086143494
937.0 1.119133923202753
938.0 0.6709976121783257
939.0 0.2806190634146333
940.0 0.2909583505243063
941.0 0.216054474003613
942.0 0.05969175253994763
943.0 0.06907128263264894
944.0 1.653876688378908e-10
945.0 0.043217441998422146
946.0 1.653876688378908e-10
947.0 1.653876688378908e-10
948.0 0.17066560685634613
949.0 0.012840087583754212
950.0 1.653876688378908e-10
951.0 1.653876688378908e-10
952.0 0.010964184912154451
953.0 0.03619682975113392
954.0 1.653876688378908e-10
955.0 1.653876688378908e-10
956.0 0.021815879154019058
957.0 1.653876688378908e-10
958.0 1.653876688378908e-10
959.0 1.653876688378908e-10
960.0 1.653876688378908e-10
961.0 1.653876688378908e-10
962.0 1.653876688378908e-10
963.0 1.653876688378908e-10
964.0 1.653876688378908e-10
965.0 1.653876688378908e-10
966.0 1.653876688378908e-10
967.0 0.09035147959366441
968.0 1.653876688378908e-10
969.0 0.06341435364447534
970.0 1.653876688378908e-10
971.0 0.010570589074632153
972.0 0.11890061432495713
973.0 0.014330193516798317
974.0 1.653876688378908e-10
975.0 1.653876688378908e-10
976.0 0.006251688319025561
977.0 0.006238907371880487
978.0 0.006226127879926935
979.0 0.006056030542822555
980.0 0.005885931386728771
981.0 0.005780915671493858
982.0 0.005675901047652587
983.0 0.005538061304832809
984.0 0.0054002222896087915
985.0 0.00513702689204365
986.0 0.004873830766882747
987.0 0.004882783468929119
988.0 0.004891736534773372
989.0 0.004840122346649878
990.0 0.004788508522324264
991.0 0.00484659212816041
992.0 0.004904676097794436
993.0 0.004820201138500124
994.0 0.004735725815407932
995.0 0.004681730570155196
996.0 0.00462773532490246
997.0 0.004486506804823875
998.0 0.004345278284745291
999.0 0.004311329030315392
1000.0 0.004277380139683373
1001.0 0.0044054533645976335
1002.0 0.004533526589511894
1003.0 0.004454352165339515
1004.0 0.004375178104965016
1005.0 0.004272360820323229
1006.0 0.004169543899479322
1007.0 0.0042211067921016365
1008.0 0.004272669684723951
1009.0 0.004340527084423229
1010.0 0.004408384484122507
1011.0 0.0045260789192980155
1012.0 0.004643773354473524
1013.0 0.004461468779481947
1014.0 0.00427916384069249
1015.0 0.004418890239321627
1016.0 0.004558615910355002
1017.0 0.0048183745093410835
1018.0 0.005078133472125046
1019.0 0.004854549479205161
1020.0 0.004630965122487396
1021.0 0.004588811498251744
1022.0 0.0045466575102182105
1023.0 0.004582550172926858
1024.0 0.004618442471837625
1025.0 0.004683454972109757
1026.0 0.00474846747238189
1027.0 0.004761058517033234
1028.0 0.004773649197886698
1029.0 0.004754522524308413
1030.0 0.004735395850730129
1031.0 0.004796415305463597
1032.0 0.004857434760197066
1033.0 0.004939851714880206
1034.0 0.005022269397159107
1035.0 0.005185530972084962
1036.0 0.005348792910808697
1037.0 0.00543003661732655
1038.0 0.005511279596248642
1039.0 0.005453278936329298
1040.0 0.005395277548814192
1041.0 0.005760489875683561
1042.0 0.0061257022025529295
1043.0 0.005623799370368943
1044.0 0.005121896538184956
1045.0 0.005809846697957255
1046.0 0.006497796857729554
1047.0 0.0061503662436734885
1048.0 0.005802934538223781
1049.0 0.005984005474601872
1050.0 0.006165076047182083
1051.0 0.006433360249502584
1052.0 0.006701645907014608
1053.0 0.006717637734254822
1054.0 0.006733629561495036
1055.0 0.007400730828521773
1056.0 0.00806783209554851
1057.0 0.007815126446075737
1058.0 0.007562421524198726
1059.0 0.007775605627102777
1060.0 0.007988787547219545
1061.0 0.00855176622280851
1062.0 0.009114745625993237
1063.0 0.008995438111014664
1064.0 0.008876131323631853
1065.0 0.009001234866445884
1066.0 0.009126342047238722
1067.0 0.009330140164820477
1068.0 0.009533940465189517
1069.0 0.010312391532352194
1070.0 0.01109084187191911
1071.0 0.010818285954883322
1072.0 0.010545730037847534
1073.0 0.010617775114951655
1074.0 0.010689820919651538
1075.0 0.011312131391605362
1076.0 0.011934446229133755
1077.0 0.011974471271969378
1078.0 0.012014496314805001
1079.0 0.01325620396528393
1080.0 0.01449791161576286
1081.0 0.014210566587280482
1082.0 0.01392322446918115
1083.0 0.013880684855394065
1084.0 0.013838143786415458
1085.0 0.014786580868531018
1086.0 0.015735019405838102
1087.0 0.01533299800939858
1088.0 0.01493097806815058
1089.0 0.016424094792455435
1090.0 0.01791721151676029
1091.0 0.017914525233209133
1092.0 0.017911833128891885
1093.0 0.017611148359719664
1094.0 0.017310459224972874
1095.0 0.018640042981132865
1096.0 0.01996962819248438
1097.0 0.02030008181463927
1098.0 0.020630536891985685
1099.0 0.02231262478744611
1100.0 0.02399470831733197
1101.0 0.024372526968363672
1102.0 0.02475034270901233
1103.0 0.025810630177147686
1104.0 0.026870914734899998
1105.0 0.027123026666231453
1106.0 0.02737513859756291
1107.0 0.02832495083566755
1108.0 0.029274768894538283
1109.0 0.030459320987574756
1110.0 0.03164387308061123
1111.0 0.03174142038915306
1112.0 0.03183897060807794
1113.0 0.03316705406177789
1114.0 0.03449514042586088
1115.0 0.03302330442238599
1116.0 0.031551477150060236
1117.0 0.03282234538346529
1118.0 0.034093213616870344
1119.0 0.037289547617547214
1120.0 0.04048587579745799
1121.0 0.042423352715559304
1122.0 0.044360835454426706
1123.0 0.04373453266452998
1124.0 0.043108235695399344
1125.0 0.04397609445732087
1126.0 0.04484395612962544
1127.0 0.04805834905710071
1128.0 0.05127274198457599
1129.0 0.0550444470718503
1130.0 0.05881615215912461
1131.0 0.05974172381684184
1132.0 0.060667283833026886
1133.0 0.06323031848296523
1134.0 0.06579334731213748
1135.0 0.06371584022417665
1136.0 0.061638327315449715
1137.0 0.0677076808642596
1138.0 0.07377703441306949
1139.0 0.07876296294853091
1140.0 0.0837488507386297
1141.0 0.09159825858660042
1142.0 0.09944764897227287
1143.0 0.12207694817334414
1144.0 0.14470621244981885
1145.0 0.28281209524720907
1146.0 0.4209179896861315
1147.0 0.882948562502861
1148.0 1.3449790887534618
1149.0 1.5349985100328922
1150.0 1.7250189557671547
