lsstCam/transmission_filter_detector/r00_sg0/z_20/19700101T000000.ecsv
# %ECSV 1.0
# ---
# datatype:
# - {name: wavelength, unit: nm, datatype: float32}
# - {name: efficiency, unit: '%', datatype: float64}
# meta: !!omap
# - {MODE: DETECTOR}
# - {TYPE: transmission_filter_detector}
# - {CALIBDATE: '1970-01-01T00:00:00'}
# - {INSTRUME: LSSTCam}
# - {OBSTYPE: transmission_filter_detector}
# - {CALIBCLS: lsst.ip.isr.IntermediateFilterDetectorTransmissionCurve}
# - {SOURCE: Materion (DM-46256)}
# - {DETECTOR: 189}
# - {FILTER: z_20}
# - {CALIB_ID: 'calibDate=1970-01-01T00:00:00 filter=z_20 detector=189'}
# - {DATE: '2025-04-02T15:59:49.517514'}
# - {CALIB_CREATION_DATE: '2025-04-02'}
# - {CALIB_CREATION_TIME: '15:59:49'}
# - __serialized_columns__:
#     efficiency:
#       __class__: astropy.units.quantity.Quantity
#       unit: !astropy.units.Unit {unit: '%'}
#       value: !astropy.table.SerializedColumn {name: efficiency}
#     wavelength:
#       __class__: astropy.units.quantity.Quantity
#       unit: !astropy.units.Unit {unit: nm}
#       value: !astropy.table.SerializedColumn {name: wavelength}
# schema: astropy-2.0
wavelength efficiency
300.0 0.8716913871467113
301.0 0.587519071996212
302.0 0.30334675684571266
303.0 0.29628812335431576
304.0 0.2892294665798545
305.0 0.24403065908700228
306.0 0.19883185159415007
307.0 0.18195273587480187
308.0 0.16507365508005023
309.0 0.14545933809131384
310.0 0.12584502110257745
311.0 0.12663548113778234
312.0 0.12742598773911595
313.0 0.11192261008545756
314.0 0.09641926153562963
315.0 0.09551551192998886
316.0 0.09461176232434809
317.0 0.07954378961585462
318.0 0.06447582854889333
319.0 0.06405271124094725
320.0 0.06362958811223507
321.0 0.06308931624516845
322.0 0.06254904437810183
323.0 0.054979592096060514
324.0 0.04741013690363616
325.0 0.04370708193164319
326.0 0.040004029870033264
327.0 0.03892980457749218
328.0 0.03785557928495109
329.0 0.033793377224355936
330.0 0.029731180984526873
331.0 0.027063259040005505
332.0 0.024395337095484138
333.0 0.02349445567233488
334.0 0.022593569883611053
335.0 0.021317554637789726
336.0 0.020041536481585354
337.0 0.02415650524199009
338.0 0.02827146672643721
339.0 0.0243707763729617
340.0 0.020470090385060757
341.0 0.017123356519732624
342.0 0.013776622654404491
343.0 0.013617386866826564
344.0 0.013458153989631683
345.0 0.012668325507547706
346.0 0.011878496297867969
347.0 0.01126356582972221
348.0 0.01064863899955526
349.0 0.0132963148644194
350.0 0.01594399509485811
351.0 0.013182526163291186
352.0 0.0104210565041285
353.0 0.010958052735077217
354.0 0.011495051148813218
355.0 0.009885231702355668
356.0 0.008275414438685402
357.0 0.009325141581939533
358.0 0.010374873090768233
359.0 0.010100098006660119
360.0 0.009825321467360482
361.0 0.008861347305355594
362.0 0.007897376053733751
363.0 0.009177205356536433
364.0 0.010457034659339115
365.0 0.01017571848933585
366.0 0.00989440522971563
367.0 0.008717618766240776
368.0 0.007540830847574398
369.0 0.007932844891911373
370.0 0.008324858936248347
371.0 0.008232883556047454
372.0 0.008140908903442323
373.0 0.007081033254507929
374.0 0.0060211601521587
375.0 0.006347758608171716
376.0 0.006674356700386852
377.0 0.007046361861284822
378.0 0.007418366294587031
379.0 0.006245161785045639
380.0 0.005071956547908485
381.0 0.003181194915669039
382.0 0.0012904335562780034
383.0 0.0035466247936710715
384.0 0.00580281630391255
385.0 0.005533960575121455
386.0 0.00526510484633036
387.0 0.005934550426900387
388.0 0.006603997462661937
389.0 0.005803680687677115
390.0 0.005003365367883816
391.0 0.004649161564884707
392.0 0.004294957761885598
393.0 0.00475465421914123
394.0 0.005214351403992623
395.0 0.004280608118278906
396.0 0.003346864104969427
397.0 0.003533525887178257
398.0 0.0037201873055892065
399.0 0.003983046917710453
400.0 0.004245905802235939
401.0 0.004826054646400735
402.0 0.005406203490565531
403.0 0.005325979145709425
404.0 0.005245755528449081
405.0 0.004150435415795073
406.0 0.0030551156669389457
407.0 0.0015489036741200835
408.0 4.269201383522159e-05
409.0 0.0019153139874106273
410.0 0.0037879359297221527
411.0 0.004207173333270475
412.0 0.004626410736818798
413.0 0.004640237239073031
414.0 0.004654063377529383
415.0 0.003795739758061245
416.0 0.002937415956694167
417.0 0.003885655678459443
418.0 0.0048338955821236596
419.0 0.004259580964571796
420.0 0.003685266347019933
421.0 0.003533006747602485
422.0 0.003380747511982918
423.0 0.0034799642889993265
424.0 0.0035791817936114967
425.0 0.0026751673431135714
426.0 0.0017711530745145865
427.0 0.0018579316019895487
428.0 0.0019447104932623915
429.0 0.001257175154023571
430.0 0.0005696400421584258
431.0 0.0006935753845027648
432.0 0.0008175106813723687
433.0 0.000702585157341673
434.0 0.0005876595423615072
435.0 0.0012373627214401495
436.0 0.0018870658095693216
437.0 0.001994529338844586
438.0 0.002101993050018791
439.0 0.0021818310415255837
440.0 0.002261669396830257
441.0 0.001656852509768214
442.0 0.0010520357136556413
443.0 0.002218427471234463
444.0 0.003384819137863815
445.0 0.003395135354367085
446.0 0.0034054519346682355
447.0 0.002626403329486493
448.0 0.001847354906203691
449.0 0.00254670885624364
450.0 0.0032460633519804105
451.0 0.002532423604861833
452.0 0.0018187831301474944
453.0 0.0017399983335053548
454.0 0.001661213900661096
455.0 0.0024217562895501032
456.0 0.0031822986784391105
457.0 0.002374325595155824
458.0 0.0015663521480746567
459.0 0.0016527475963812321
460.0 0.0017391430446878076
461.0 0.0008081765372480731
462.0 1.653876688378908e-10
463.0 0.0008979623999039177
464.0 0.0019187151337973773
465.0 0.0021772484615212306
466.0 0.002435781789245084
467.0 0.0021203230062383227
468.0 0.0018048634956358
469.0 0.0016252372006420046
470.0 0.001445610814698739
471.0 0.001357381188427098
472.0 0.001269151925953338
473.0 0.0012688981769315433
474.0 0.0012686444279097486
475.0 0.0011347375220793765
476.0 0.0010008305252995342
477.0 0.0013164150914235506
478.0 0.0016319994756486267
479.0 0.0019897013771696948
480.0 0.0023474030967918225
481.0 0.0018769314920064062
482.0 0.0014064597962715197
483.0 0.0009394042535859626
484.0 0.00047234866542567033
485.0 0.0012865047210652847
486.0 0.0021006606402806938
487.0 0.0014963189642003272
488.0 0.0008919774700189009
489.0 0.0016638452507322654
490.0 0.00243571303144563
491.0 0.002315889469173271
492.0 0.0021960659069009125
493.0 0.002047507223323919
494.0 0.0018989487216458656
495.0 0.0016658987078699283
496.0 0.001432848603144521
497.0 0.0012876513210358098
498.0 0.0011424543117755093
499.0 0.0012661287655646447
500.0 0.0013898034012527205
501.0 0.0009498591680312529
502.0 0.000509914752910845
503.0 0.001308692208112916
504.0 0.0021074698452139273
505.0 0.0022399828594643623
506.0 0.0023724960556137376
507.0 0.0022680183974443935
508.0 0.002163540557376109
509.0 0.0018500109945307486
510.0 0.0015364819773822092
511.0 0.0012013733794447035
512.0 0.0008662648724566679
513.0 0.0012877718290837947
514.0 0.001709279058559332
515.0 0.0013106398000672925
516.0 0.0009120009963226039
517.0 0.0008691370567248669
518.0 0.0008262730261776596
519.0 0.0010280028618581127
520.0 0.001229732242791215
521.0 0.0016232366760959849
522.0 0.002016741200350225
523.0 0.0013675566151505336
524.0 0.0007183723027992528
525.0 0.0007708940756856464
526.0 0.0008234162123699207
527.0 0.0011871825336129405
528.0 0.0015509493096033111
529.0 0.0012961227184860036
530.0 0.0010412954907224048
531.0 0.0011380714568076655
532.0 0.001234847240993986
533.0 0.0008779762538324576
534.0 0.000521105130246724
535.0 0.0010987686437147204
536.0 0.0016764321117079817
537.0 0.0016849788153194822
538.0 0.0016935253370320424
539.0 0.0011689330676745158
540.0 0.0006443404799938435
541.0 0.0007584183549624868
542.0 0.0008724963663553353
543.0 0.0012848327969550155
544.0 0.0016971693185041659
545.0 0.0011350920431141276
546.0 0.0005730150860472349
547.0 0.0012319497727730777
548.0 0.0018908840502263047
549.0 0.0016813972251839004
550.0 0.0014719104001414962
551.0 0.0015003409316705074
552.0 0.0015287712813005783
553.0 0.0013331297850527335
554.0 0.001137487925007008
555.0 0.0010248818398395088
556.0 0.0009122755727730691
557.0 0.001285879534407286
558.0 0.0016594833141425624
559.0 0.001667675496719312
560.0 0.0016758671335992403
561.0 0.0015500108929700218
562.0 0.0014241546523408033
563.0 0.0011342331163177732
564.0 0.000844311489345273
565.0 0.001691156649030745
566.0 0.0025380018996656872
567.0 0.002881652835640125
568.0 0.0032253035897156224
569.0 0.0030221082852222025
570.0 0.0028189129807287827
571.0 0.0026370440536993556
572.0 0.0024551745809731074
573.0 0.0019774546672124416
574.0 0.0014997349353507161
575.0 0.0019792320017586462
576.0 0.0024587290681665763
577.0 0.002032781958405394
578.0 0.001606835394341033
579.0 0.0017101632693083957
580.0 0.0018134907804778777
581.0 0.0016228277672780678
582.0 0.0014321644812298473
583.0 0.0018679082131711766
584.0 0.002303652036061976
585.0 0.002547517760831397
586.0 0.0027913836674997583
587.0 0.002122432670148555
588.0 0.0014534813999489415
589.0 0.002132455847458914
590.0 0.0028114303859183565
591.0 0.001960083500307519
592.0 0.0011087365237472113
593.0 0.0008448313565168064
594.0 0.0005809260073874611
595.0 0.0010212470442638732
596.0 0.0014615679901908152
597.0 0.0013726862562180031
598.0 0.001283804522245191
599.0 0.0009223819688486401
600.0 0.0005609594154520892
601.0 0.0004779398750542896
602.0 0.00039492019823228475
603.0 0.000917281795409508
604.0 0.0014396429833141156
605.0 0.0009102693184104282
606.0 0.0003808952897088602
607.0 0.0008016043466341216
608.0 0.001222313403559383
609.0 0.0011979764167335816
610.0 0.0011736391570593696
611.0 0.0009984109055949375
612.0 0.000823182472231565
613.0 0.0008241426257882267
614.0 0.0008251026883954182
615.0 0.0012855212844442576
616.0 0.0017459402442909777
617.0 0.002185072298743762
618.0 0.0026242043531965464
619.0 0.0022101248760009184
620.0 0.00179604521690635
621.0 0.001526146661490202
622.0 0.0012562480151245836
623.0 0.0015856538084335625
624.0 0.0019150596926920116
625.0 0.0016975456674117595
626.0 0.0014800318240304478
627.0 0.0018600012481329031
628.0 0.0022399712179321796
629.0 0.0020459146981011145
630.0 0.0018518583601689897
631.0 0.0016404294001404196
632.0 0.001429000167263439
633.0 0.0018038113921647891
634.0 0.00217862288991455
635.0 0.005156783663551323
636.0 0.008134944073390216
637.0 0.015458502457477152
638.0 0.02278206084156409
639.0 0.019815179985016584
640.0 0.016848296218086034
641.0 0.014607503544539213
642.0 0.01236671523656696
643.0 0.009906852938001975
644.0 0.007446992822224274
645.0 0.006748260784661397
646.0 0.00604952838330064
647.0 0.005497696110978723
648.0 0.004945863474858925
649.0 0.004064347376697697
650.0 0.00318283200613223
651.0 0.003659429421531968
652.0 0.004136027200729586
653.0 0.003336520239827223
654.0 0.00253701327892486
655.0 0.0027937696359003894
656.0 0.0030505263566737995
657.0 0.0029551749321399257
658.0 0.002859823143808171
659.0 0.0027117199351778254
660.0 0.00256361690844642
661.0 0.002719594158406835
662.0 0.0028755712264683098
663.0 0.001985151175176725
664.0 0.0010947313057840802
665.0 0.0015849065675865859
666.0 0.0020750821931869723
667.0 0.00239409928326495
668.0 0.0027131163733429275
669.0 0.0020020223018946126
670.0 0.0012909283213957679
671.0 0.0009480298103881069
672.0 0.000605131390329916
673.0 0.0013179789675632492
674.0 0.0020308267266955227
675.0 0.0021276904590195045
676.0 0.002224554009444546
677.0 0.0019318960767122917
678.0 0.0016392375982832164
679.0 0.0013760556612396613
680.0 0.0011128734513476957
681.0 0.0011687683581840247
682.0 0.0012246630831214134
683.0 0.0023536056687589735
684.0 0.0034825483453460038
685.0 0.00287998827843694
686.0 0.002277428939123638
687.0 0.0017077229131245986
688.0 0.0011380168871255592
689.0 0.0014614567589887884
690.0 0.0017848964489530772
691.0 0.0021288522475515492
692.0 0.0024728080461500213
693.0 0.0028389615181367844
694.0 0.0032051153539214283
695.0 0.0033031283237505704
696.0 0.003401140565983951
697.0 0.0036794219340663403
698.0 0.0039577033021487296
699.0 0.005822641105623916
700.0 0.007687576726311818
701.0 0.007232779898913577
702.0 0.006777980888728052
703.0 0.006255070184124634
704.0 0.005732159115723334
705.0 0.0051611150411190465
706.0 0.004590072057908401
707.0 0.004320191146689467
708.0 0.004050309871672653
709.0 0.004243629518896341
710.0 0.00443694916612003
711.0 0.003959976675105281
712.0 0.0034830041840905324
713.0 0.0024391447368543595
714.0 0.0013952853805676568
715.0 0.002136088369297795
716.0 0.002876891267078463
717.0 0.002491420673322864
718.0 0.002105949715769384
719.0 0.0017013067918014713
720.0 0.0012966634130862076
721.0 0.0012059144864906557
722.0 0.001115165196097223
723.0 0.000971441204455914
724.0 0.0008277171218651347
725.0 0.0012610857993422542
726.0 0.0016944544768193737
727.0 0.0017103588106692769
728.0 0.00172626314451918
729.0 0.0017982876670430414
730.0 0.0018703123714658432
731.0 0.001426620929123601
732.0 0.0009829297596297693
733.0 0.0009626922292227391
734.0 0.0009424547897651792
735.0 0.0010584204574115574
736.0 0.001174385761260055
737.0 0.001356933353235945
738.0 0.0015394805814139545
739.0 0.0011524891306180507
740.0 0.0007654975888726767
741.0 0.0009454590326640755
742.0 0.001125420385506004
743.0 0.0015647810869268142
744.0 0.002004141606448684
745.0 0.0013334658433450386
746.0 0.0006627899892919231
747.0 0.0011723657735274173
748.0 0.0016819414668134414
749.0 0.0023237336790771224
750.0 0.0029655260732397437
751.0 0.002967402724607382
752.0 0.0029692795578739606
753.0 0.002971543108287733
754.0 0.0029738066587015055
755.0 0.0019434586647548713
756.0 0.0009131104889092967
757.0 0.0018888340491685085
758.0 0.0028645576094277203
759.0 0.0027531617888598703
760.0 0.0026417656044941396
761.0 0.004381138933240436
762.0 0.006120512989582494
763.0 0.005666255674441345
764.0 0.005211997631704435
765.0 0.005207292997511104
766.0 0.005202589090913534
767.0 0.004532926686806604
768.0 0.003863263555103913
769.0 0.0034287033486180007
770.0 0.002994142960233148
771.0 0.0038875015889061615
772.0 0.004780859671882354
773.0 0.004064868699060753
774.0 0.0033488773624412715
775.0 0.0499123299960047
776.0 1.653876688378908e-10
777.0 1.653876688378908e-10
778.0 0.09576015290804207
779.0 0.047425818047486246
780.0 1.653876688378908e-10
781.0 0.023373868316411972
782.0 0.09747415315359831
783.0 1.653876688378908e-10
784.0 1.653876688378908e-10
785.0 0.06656880723312497
786.0 0.06946055218577385
787.0 0.07336998824030161
788.0 1.653876688378908e-10
789.0 0.010683331493055448
790.0 0.045040418626740575
791.0 1.653876688378908e-10
792.0 0.06711586029268801
793.0 0.1056134351529181
794.0 0.05446444847621024
795.0 0.18458504928275943
796.0 0.0668946944642812
797.0 1.653876688378908e-10
798.0 0.17077106749638915
799.0 0.09737239452078938
800.0 0.25919924955815077
801.0 0.443899305537343
802.0 1.0328608565032482
803.0 1.5939265489578247
804.0 2.596689574420452
805.0 3.836929053068161
806.0 5.744105577468872
807.0 7.9635776579380035
808.0 10.439370572566986
809.0 13.333989679813385
810.0 16.672520339488983
811.0 19.835206866264343
812.0 22.90964424610138
813.0 26.310157775878906
814.0 30.28677999973297
815.0 35.20267903804779
816.0 40.71661829948425
817.0 46.93112671375275
818.0 53.05492281913757
819.0 59.84278917312622
820.0 67.71484613418579
821.0 74.63784217834473
822.0 80.35807609558105
823.0 85.11601090431213
824.0 89.15870785713196
825.0 93.24614405632019
826.0 95.14366388320923
827.0 96.8653678894043
828.0 98.77856373786926
829.0 99.15241003036499
830.0 98.49676489830017
831.0 98.82806539535522
832.0 98.5824465751648
833.0 99.89867806434631
834.0 98.08198809623718
835.0 98.95454049110413
836.0 99.15192723274231
837.0 99.0274965763092
838.0 98.2569932937622
839.0 98.3508288860321
840.0 98.47537875175476
841.0 99.40037727355957
842.0 99.30659532546997
843.0 99.6790885925293
844.0 97.99289107322693
845.0 98.5621452331543
846.0 99.14751648902893
847.0 98.90624284744263
848.0 99.7481107711792
849.0 98.96436333656311
850.0 98.17754626274109
851.0 99.28817749023438
852.0 99.39977526664734
853.0 98.56337308883667
854.0 99.75443482398987
855.0 98.3649730682373
856.0 98.83668422698975
857.0 97.81801700592041
858.0 98.5830545425415
859.0 99.53175783157349
860.0 98.44937920570374
861.0 98.82804751396179
862.0 98.7173855304718
863.0 98.12063574790955
864.0 99.4696855545044
865.0 99.60168600082397
866.0 98.63241910934448
867.0 99.52932596206665
868.0 99.46957230567932
869.0 98.91969561576843
870.0 98.19506406784058
871.0 98.65422248840332
872.0 99.2062509059906
873.0 99.22093749046326
874.0 99.60062503814697
875.0 98.88039827346802
876.0 98.8587737083435
877.0 99.59027767181396
878.0 99.15273785591125
879.0 98.71249794960022
880.0 98.53848218917847
881.0 99.84191060066223
882.0 98.44483137130737
883.0 98.7166702747345
884.0 98.84328246116638
885.0 98.62990379333496
886.0 98.85701537132263
887.0 98.62507581710815
888.0 98.94850254058838
889.0 99.53480362892151
890.0 97.98709750175476
891.0 99.26612973213196
892.0 98.53464365005493
893.0 98.3883261680603
894.0 98.32987785339355
895.0 99.44263696670532
896.0 98.86686205863953
