lsstCam/transmission_filter_detector/r22_s11/i_39/19700101T000000.ecsv
# %ECSV 1.0
# ---
# datatype:
# - {name: wavelength, unit: nm, datatype: float32}
# - {name: efficiency, unit: '%', datatype: float64}
# meta: !!omap
# - {MODE: DETECTOR}
# - {TYPE: transmission_filter_detector}
# - {CALIBDATE: '1970-01-01T00:00:00'}
# - {INSTRUME: LSSTCam}
# - {OBSTYPE: transmission_filter_detector}
# - {CALIBCLS: lsst.ip.isr.IntermediateFilterDetectorTransmissionCurve}
# - {SOURCE: Materion (DM-46256)}
# - {DETECTOR: 94}
# - {FILTER: i_39}
# - {CALIB_ID: 'calibDate=1970-01-01T00:00:00 filter=i_39 detector=94'}
# - {DATE: '2025-04-02T15:59:46.916171'}
# - {CALIB_CREATION_DATE: '2025-04-02'}
# - {CALIB_CREATION_TIME: '15:59:46'}
# - __serialized_columns__:
#     efficiency:
#       __class__: astropy.units.quantity.Quantity
#       unit: !astropy.units.Unit {unit: '%'}
#       value: !astropy.table.SerializedColumn {name: efficiency}
#     wavelength:
#       __class__: astropy.units.quantity.Quantity
#       unit: !astropy.units.Unit {unit: nm}
#       value: !astropy.table.SerializedColumn {name: wavelength}
# schema: astropy-2.0
wavelength efficiency
[from data line 596]
896.0 1.5825038762046217e-10
897.0 1.5825038762046217e-10
898.0 1.5825038762046217e-10
899.0 1.5825038762046217e-10
900.0 1.5825038762046217e-10
901.0 1.5825038762046217e-10
902.0 1.5825038762046217e-10
903.0 1.5825038762046217e-10
904.0 1.5825038762046217e-10
905.0 1.5825038762046217e-10
906.0 8.520565302205796e-05
907.0 6.828282153037435e-05
908.0 5.135998435434885e-05
909.0 1.5825038762046217e-10
910.0 1.5825038762046217e-10
911.0 1.5825038762046217e-10
912.0 1.5825038762046217e-10
913.0 1.7524914142086345e-05
914.0 5.359441956898081e-05
915.0 1.475572872777775e-05
916.0 1.5825038762046217e-10
917.0 1.5825038762046217e-10
918.0 1.5825038762046217e-10
919.0 1.5825038762046217e-10
920.0 4.72246341587379e-05
921.0 8.502021842105023e-05
922.0 0.00012281577710382408
923.0 6.132086127763614e-05
924.0 1.5825038762046217e-10
925.0 0.00015540714457529248
926.0 0.0003109883209617692
927.0 5.3110727549210424e-05
928.0 1.5825038762046217e-10
929.0 1.5825038762046217e-10
930.0 6.042041604814585e-05
931.0 9.089338277590286e-05
932.0 0.0001213663381349761
933.0 0.00010693753438317799
934.0 9.250877610611496e-05
935.0 1.5825038762046217e-10
936.0 1.5825038762046217e-10
937.0 1.5825038762046217e-10
938.0 1.5825038762046217e-10
939.0 1.5825038762046217e-10
940.0 1.5825038762046217e-10
941.0 1.5825038762046217e-10
942.0 1.5825038762046217e-10
943.0 1.5825038762046217e-10
944.0 1.5825038762046217e-10
945.0 1.5825038762046217e-10
946.0 1.5825038762046217e-10
947.0 1.5825038762046217e-10
948.0 1.5825038762046217e-10
949.0 1.5825038762046217e-10
950.0 1.5825038762046217e-10
951.0 1.5825038762046217e-10
952.0 0.00011041452125937212
953.0 1.5825038762046217e-10
954.0 1.5825038762046217e-10
955.0 1.5825038762046217e-10
956.0 8.659990839987586e-05
957.0 0.0001118661202781368
958.0 0.00013713230373468832
959.0 0.0001533786189611419
960.0 0.0001696249341875955
961.0 0.00011531375321283122
962.0 6.1002555185041274e-05
963.0 0.00012819532457797322
964.0 0.00019538811102393083
965.0 3.44457674827936e-05
966.0 1.5825038762046217e-10
967.0 1.5825038762046217e-10
968.0 1.5825038762046217e-10
969.0 1.2535475990560485e-07
970.0 5.011502253182698e-05
971.0 1.5825038762046217e-10
972.0 1.5825038762046217e-10
973.0 1.5825038762046217e-10
974.0 0.00020194763692416018
975.0 2.6581025736049924e-05
976.0 1.5825038762046217e-10
977.0 1.5825038762046217e-10
978.0 1.5825038762046217e-10
979.0 1.5825038762046217e-10
980.0 1.5825038762046217e-10
981.0 1.5825038762046217e-10
982.0 1.5825038762046217e-10
983.0 1.5825038762046217e-10
984.0 7.797772241247003e-05
985.0 0.00014840680933048134
986.0 0.00021883588487980887
987.0 4.566352629353787e-07
988.0 1.5825038762046217e-10
989.0 1.5825038762046217e-10
990.0 1.5825038762046217e-10
991.0 1.5825038762046217e-10
992.0 1.5825038762046217e-10
993.0 1.5825038762046217e-10
994.0 1.5825038762046217e-10
995.0 1.5825038762046217e-10
996.0 4.851606405509301e-06
997.0 0.0001784890969247499
998.0 0.00035212656257499475
999.0 0.00028794231639039936
1000.0 0.00022375802473106887
1001.0 0.00022666965833195718
1002.0 0.00022958122372074286
1003.0 0.00019801145754172467
1004.0 0.00016644163451928762
1005.0 8.009283760657127e-05
1006.0 1.5825038762046217e-10
1007.0 0.0001278787181036023
1008.0 0.00026201353193755494
1009.0 0.00024371759081986966
1010.0 0.0002254216724395519
1011.0 0.00020249144654371776
1012.0 0.00017956120927919983
1013.0 0.00019500785128911957
1014.0 0.00021045448193035554
1015.0 0.00024206731268350268
1016.0 0.0002736801889113849
1017.0 0.00031202719128486933
1018.0 0.0003503742618704564
1019.0 0.00030966971280577127
1020.0 0.00026896511826635106
1021.0 0.00027527366910362616
1022.0 0.00028158226541563636
1023.0 0.000382844018531614
1024.0 0.00048410588533442933
1025.0 0.0004326088856032584
1026.0 0.00038111188587208744
1027.0 0.00037817553675267845
1028.0 0.000375239210370637
1029.0 0.000836188792163739
1030.0 0.0012971383512194734
1031.0 0.0017393811504007317
1032.0 0.0021816236767335795
1033.0 0.002461465737724211
1034.0 0.0027413070711190812
1035.0 0.003262948666815646
1036.0 0.0037845897168153897
1037.0 0.003740592728718184
1038.0 0.0036965953768230975
1039.0 0.003387887409189716
1040.0 0.0030791794415563345
1041.0 0.0030643477657577023
1042.0 0.0030495162718580104
1043.0 0.0032049159926827997
1044.0 0.0033603158954065293
1045.0 0.003043549440917559
1046.0 0.0027267835321254097
1047.0 0.002517205211916007
1048.0 0.002307626709807664
1049.0 0.0020113038772251457
1050.0 0.0017149810446426272
1051.0 0.0017278733139391989
1052.0 0.0017407657651347108
1053.0 0.001197521578433225
1054.0 0.0006542774826812092
1055.0 0.0006751021373929689
1056.0 0.0006959267921047285
1057.0 0.0004428027750691399
1058.0 0.00018967889445775654
1059.0 0.0005075889021100011
1060.0 0.0008254992280853912
1061.0 0.001397870983055327
1062.0 0.0019702429199242033
1063.0 0.0026013736714958213
1064.0 0.003232504241168499
1065.0 0.003206856854376383
1066.0 0.0031812094675842673
1067.0 0.004254733721609227
1068.0 0.005328257611836307
1069.0 0.004594475103658624
1070.0 0.0038606925954809412
1071.0 0.0038049085560487583
1072.0 0.0037491241528186947
1073.0 0.0035590161132859066
1074.0 0.0033689080737531185
1075.0 0.0035866789403371513
1076.0 0.0038044494431233034
1077.0 0.0027769250664277934
1078.0 0.0017494006897322834
1079.0 0.0014898257177264895
1080.0 0.001230250927619636
1081.0 0.00030516462175000925
1082.0 1.5825038762046217e-10
1083.0 1.5825038762046217e-10
1084.0 1.5825038762046217e-10
1085.0 0.0005835192951053614
1086.0 0.0020665072952397168
1087.0 0.0011060506949434057
1088.0 0.00014559425380866742
1089.0 1.5825038762046217e-10
1090.0 1.5825038762046217e-10
1091.0 1.5825038762046217e-10
1092.0 1.5825038762046217e-10
1093.0 1.5825038762046217e-10
1094.0 1.5825038762046217e-10
1095.0 1.5825038762046217e-10
1096.0 1.5825038762046217e-10
1097.0 1.5825038762046217e-10
1098.0 1.5825038762046217e-10
1099.0 0.0004792876097781118
1100.0 0.0015263558452716097
