lsstCam/transmission_filter_detector/r22_s11/i_39/19700101T000000.ecsv
# %ECSV 1.0
# ---
# datatype:
# - {name: wavelength, unit: nm, datatype: float32}
# - {name: efficiency, unit: '%', datatype: float64}
# meta: !!omap
# - {MODE: DETECTOR}
# - {TYPE: transmission_filter_detector}
# - {CALIBDATE: '1970-01-01T00:00:00'}
# - {INSTRUME: LSSTCam}
# - {OBSTYPE: transmission_filter_detector}
# - {CALIBCLS: lsst.ip.isr.IntermediateFilterDetectorTransmissionCurve}
# - {SOURCE: Materion (DM-46256)}
# - {DETECTOR: 94}
# - {FILTER: i_39}
# - {CALIB_ID: 'calibDate=1970-01-01T00:00:00 filter=i_39 detector=94'}
# - {DATE: '2025-04-02T15:59:46.916171'}
# - {CALIB_CREATION_DATE: '2025-04-02'}
# - {CALIB_CREATION_TIME: '15:59:46'}
# - __serialized_columns__:
#     efficiency:
#       __class__: astropy.units.quantity.Quantity
#       unit: !astropy.units.Unit {unit: '%'}
#       value: !astropy.table.SerializedColumn {name: efficiency}
#     wavelength:
#       __class__: astropy.units.quantity.Quantity
#       unit: !astropy.units.Unit {unit: nm}
#       value: !astropy.table.SerializedColumn {name: wavelength}
# schema: astropy-2.0
wavelength efficiency
300.0 0.06003367598168552
301.0 0.01871716376626864
302.0 1.5825038762046217e-10
303.0 0.0031583898817189038
304.0 0.028916107839904726
305.0 0.024805314023979008
306.0 0.02069452020805329
307.0 0.007563301915070042
308.0 1.5825038762046217e-10
309.0 1.5825038762046217e-10
310.0 0.0031673025659983978
311.0 1.5825038762046217e-10
312.0 1.5825038762046217e-10
313.0 1.5825038762046217e-10
314.0 1.5825038762046217e-10
315.0 1.5825038762046217e-10
316.0 1.5825038762046217e-10
317.0 1.5825038762046217e-10
318.0 0.003447257404332049
319.0 1.5825038762046217e-10
320.0 1.5825038762046217e-10
321.0 1.5825038762046217e-10
322.0 0.0034553700970718637
323.0 0.0027896230676560663
324.0 0.002123874583048746
325.0 1.5825038762046217e-10
326.0 1.5825038762046217e-10
327.0 1.5825038762046217e-10
328.0 1.5825038762046217e-10
329.0 1.5825038762046217e-10
330.0 1.5825038762046217e-10
331.0 0.0005392319053498795
332.0 0.002820812187565025
333.0 0.002238387423858512
334.0 0.0016559626601519994
335.0 0.0025585986804799177
336.0 0.0034612345189088956
337.0 0.0030857892852509394
338.0 0.002710343323997222
339.0 0.0035142918932251632
340.0 0.004318240098655224
341.0 0.0015292396710719913
342.0 1.5825038762046217e-10
343.0 1.5825038762046217e-10
344.0 1.5825038762046217e-10
345.0 1.5825038762046217e-10
346.0 1.5825038762046217e-10
347.0 1.5825038762046217e-10
348.0 1.5825038762046217e-10
349.0 1.5825038762046217e-10
350.0 0.0006645827397733228
351.0 0.000806236857897602
352.0 0.0009478909305471461
353.0 1.5825038762046217e-10
354.0 1.5825038762046217e-10
355.0 1.5825038762046217e-10
356.0 1.5825038762046217e-10
357.0 0.0008764527592575178
358.0 0.0019910872651962563
359.0 0.001477804562455276
360.0 0.0009645214049669448
361.0 0.0012244758181623183
362.0 0.001484430322307162
363.0 0.000549723336007446
364.0 1.5825038762046217e-10
365.0 0.00010045420140158967
366.0 0.0005858925305801677
367.0 1.4150607796636905e-05
368.0 1.5825038762046217e-10
369.0 1.5825038762046217e-10
370.0 0.0003456838385318406
371.0 0.0007301396180992015
372.0 0.0011145953976665623
373.0 0.0007912889486760832
374.0 0.00046798240873613395
375.0 0.00018339806047151797
376.0 1.5825038762046217e-10
377.0 1.5825038762046217e-10
378.0 1.5825038762046217e-10
379.0 1.5825038762046217e-10
380.0 0.00010952799129881896
381.0 1.5825038762046217e-10
382.0 1.5825038762046217e-10
383.0 0.00018150876712752506
384.0 0.0010487138752068859
385.0 0.000993024241324747
386.0 0.0009373345164931379
387.0 1.5825038762046217e-10
388.0 1.5825038762046217e-10
389.0 1.5825038762046217e-10
390.0 1.5825038762046217e-10
391.0 1.5825038762046217e-10
392.0 1.5825038762046217e-10
393.0 4.3499429125404276e-05
394.0 0.00023835996216803323
395.0 2.3805459647974203e-05
396.0 1.5825038762046217e-10
397.0 0.00013812225461151684
398.0 0.0004669933332479559
399.0 0.0004123095550312428
400.0 0.00035762566312769195
401.0 0.0018534237824496813
402.0 0.003349220787640661
403.0 0.004004656511824578
404.0 0.004660091872210614
405.0 0.003609938357840292
406.0 0.0025597841158742085
407.0 0.0029838542104698718
408.0 0.0034079224860761315
409.0 0.0021542586182476953
410.0 0.0009005934771266766
411.0 0.002914706419687718
412.0 0.0049288195441477
413.0 0.0042673425923567265
414.0 0.003605867095757276
415.0 0.0037877558497712016
416.0 0.003969644603785127
417.0 0.003819558332907036
418.0 0.003669471698231064
419.0 0.003606999962357804
420.0 0.0035445282264845446
421.0 0.0037780915590701625
422.0 0.00401165489165578
423.0 0.004712390364147723
424.0 0.005413125109043904
425.0 0.005680659523932263
426.0 0.0059481924836291
427.0 0.00485663149447646
428.0 0.003765070141525939
429.0 0.0041329883970320225
430.0 0.0045009070163359866
431.0 0.003590425694710575
432.0 0.002679944554984104
433.0 0.002979353848786559
434.0 0.0032787629606900737
435.0 0.002393484828644432
436.0 0.0015082065146998502
437.0 0.001583960147399921
438.0 0.0016597137800999917
439.0 0.0016662892448948696
440.0 0.0016728645277908072
441.0 0.0014512907910102513
442.0 0.0012297173270781059
443.0 0.0009427698387298733
444.0 0.0006558222139574355
445.0 0.0007124824151105713
446.0 0.0007691424798395019
447.0 0.000563769981454243
448.0 0.0003583973239074112
449.0 1.5825038762046217e-10
450.0 1.5825038762046217e-10
451.0 1.5825038762046217e-10
452.0 0.000725258769307402
453.0 0.0012782335943484213
454.0 0.0018312086467631161
455.0 0.001833532405726146
456.0 0.0018358563465881161
457.0 0.001199849521071883
458.0 0.0005638426046061795
459.0 0.0005511556082637981
460.0 0.0005384685664466815
461.0 0.0007033652764221188
462.0 0.0008682620318722911
463.0 0.0005345077624951955
464.0 0.00020075344764336478
465.0 0.0002194277840317227
466.0 0.0002381022113695508
467.0 0.00047594385250704363
468.0 0.0007137854026950663
469.0 0.0004624900157068623
470.0 0.0002111946514560259
471.0 0.0004870460088568507
472.0 0.0007628974344697781
473.0 0.0009114581189351156
474.0 0.0010600188943499234
475.0 0.0008602821253589354
476.0 0.0006605454927921528
477.0 0.0008836926099320408
478.0 0.0011068396815971937
479.0 0.0013196115105529316
480.0 0.0015323832485591993
481.0 0.0023315342332352884
482.0 0.003130684490315616
483.0 0.0051745271775871515
484.0 0.007218369864858687
485.0 0.008487506420351565
486.0 0.009756644431035966
487.0 0.012072144454577938
488.0 0.01438764447811991
489.0 0.01733381359372288
490.0 0.020279981254134327
491.0 0.022589998843614012
492.0 0.02490001206751913
493.0 0.025402888422831893
494.0 0.025905764778144658
495.0 0.022539380006492138
496.0 0.019172992324456573
497.0 0.014983916480559856
498.0 0.010794839909067377
499.0 0.007756290142424405
500.0 0.004717741830972955
501.0 0.0035476641642162576
502.0 0.002377586679358501
503.0 0.0023754062567604706
504.0 0.0023732254703645594
505.0 0.0021022276996518485
506.0 0.0018312299289391376
507.0 0.0020212402887409553
508.0 0.0022112502847448923
509.0 0.0022028450985089876
510.0 0.0021944400941720232
511.0 0.001592391163285356
512.0 0.0009903422323986888
513.0 0.0016145766494446434
514.0 0.002238811066490598
515.0 0.002483708885847591
516.0 0.0027286067052045837
517.0 0.0024607565137557685
518.0 0.002192906140408013
519.0 0.0021360619939514436
520.0 0.002079217665595934
521.0 0.001715815051284153
522.0 0.0013524120731744915
523.0 0.0013554975339502562
524.0 0.0013585831766249612
525.0 0.0020403247617650777
526.0 0.0027220665288041346
527.0 0.002608587601571344
528.0 0.0024951084924396127
529.0 0.0020368246623547748
530.0 0.0015785406503709964
531.0 0.0015376261217170395
532.0 0.0014967115930630825
533.0 0.0016553938621655107
534.0 0.0018140761312679388
535.0 0.0019178020011167973
536.0 0.0020215280528645962
537.0 0.002651088834682014
538.0 0.0032806496164994314
539.0 0.003970438046962954
540.0 0.004660226477426477
541.0 0.00519913955940865
542.0 0.005738052641390823
543.0 0.00502226066600997
544.0 0.0043064683268312365
545.0 0.003437641862547025
546.0 0.0025688153982628137
547.0 0.002129552922269795
548.0 0.0016902902643778361
549.0 0.0017339410987915471
550.0 0.0017775922970031388
551.0 0.0014710019968333654
552.0 0.0011644118785625324
553.0 0.0011058712516387459
554.0 0.0010473305337654892
555.0 0.0009036728442879394
556.0 0.0007600151093356544
557.0 0.0007779960469633806
558.0 0.000795977030065842
559.0 0.0005364991466194624
560.0 0.00027702121769834775
561.0 0.0009020613106258679
562.0 0.0015271012671291828
563.0 0.0015823563444428146
564.0 0.0016376116036553867
565.0 0.0012571183106047101
566.0 0.0008766252904024441
567.0 0.0006729940650984645
568.0 0.00046936311264289543
569.0 0.0004963824721926358
570.0 0.0005234018317423761
571.0 0.0004734290996566415
572.0 0.0004234563675709069
573.0 0.0003919528353435453
574.0 0.0003604492803788162
575.0 0.00046892159843991976
576.0 0.0005773938028141856
577.0 0.0005104933279653778
578.0 0.00044359280764183495
579.0 0.0003836129053524928
580.0 0.00032363304853788577
581.0 0.000277500475931447
582.0 0.00023136797153711086
583.0 0.00044502030505100265
584.0 0.000658672661302262
585.0 0.0005975308340566698
586.0 0.0005363892341847531
587.0 0.0007325922524614725
588.0 0.0009287950888392515
589.0 0.0007707725671934895
590.0 0.0006127500910224626
591.0 0.0006422174010367598
592.0 0.0006716848020005273
593.0 0.0005250314188742777
594.0 0.0003783779902732931
595.0 0.0005617904207610991
596.0 0.0007452027148246998
597.0 0.0005895499725738773
598.0 0.00043389723032305483
599.0 0.00033915064250322757
600.0 0.00024440396373393014
601.0 0.0003066417548325262
602.0 0.0003688795004563872
603.0 0.00039602723518328276
604.0 0.00042317492443544324
605.0 0.00033816204449976794
606.0 0.0002531491873014602
607.0 0.00042151341403950937
608.0 0.0005898776635149261
609.0 0.0006007091542414855
610.0 0.0006115404630691046
611.0 0.000652768130748882
612.0 0.0006939958893781295
613.0 0.0003981935606134357
614.0 0.00010239130006084451
615.0 1.5825038762046217e-10
616.0 1.5825038762046217e-10
617.0 6.729163715135655e-05
618.0 0.00026965512915921863
619.0 0.00033645389976300066
620.0 0.00040325276131625287
621.0 0.00048145861910597887
622.0 0.0005596644314209698
623.0 0.0005957339908491122
624.0 0.0006318036412267247
625.0 0.00040159029595088214
626.0 0.0001713770529931935
627.0 0.00022153790268930607
628.0 0.0002716987182793673
629.0 0.0003144503352814354
630.0 0.0003572019068087684
631.0 0.00046731638576602563
632.0 0.0005774308192485478
633.0 0.0004950838501827093
634.0 0.0004127367446926655
635.0 0.00048123761189344805
636.0 0.0005497384336194955
637.0 0.0004963094397680834
638.0 0.0004428804913914064
639.0 0.0005512372354132822
640.0 0.0006595938430109527
641.0 0.0005465177764563123
642.0 0.00043344166442693677
643.0 0.0005888492069061613
644.0 0.0007442569312843261
645.0 0.0008251322469732258
646.0 0.0009060076081368607
647.0 0.0008572651495342143
648.0 0.0008085227818810381
649.0 0.0008526927558705211
650.0 0.0008968628208094742
651.0 0.0010304577699571382
652.0 0.0011640527191048022
653.0 0.0012292812243686058
654.0 0.0012945097296324093
655.0 0.0018592707419884391
656.0 0.0024240316633949988
657.0 0.0033500367862870917
658.0 0.004276040999684483
659.0 0.007126734999474138
660.0 0.013975301408208907
661.0 0.13958484632894397
662.0 0.16182626131922007
663.0 0.1310931984335184
664.0 0.16901202034205198
665.0 0.17213436076417565
666.0 0.1938526751473546
667.0 0.2573784673586488
668.0 0.2812654245644808
669.0 0.31809231732040644
670.0 0.6275111343711615
671.0 0.8977185934782028
672.0 1.5048569068312645
673.0 2.1731609478592873
674.0 3.0193645507097244
675.0 4.130566120147705
676.0 5.240187793970108
677.0 6.721615791320801
678.0 8.23960080742836
679.0 9.941267967224121
680.0 12.168388813734055
681.0 14.493255317211151
682.0 17.108578979969025
683.0 19.976656138896942
684.0 23.045501112937927
685.0 25.973114371299744
686.0 28.988605737686157
687.0 32.41104483604431
688.0 36.009806394577026
689.0 39.846521615982056
690.0 44.198253750801086
691.0 49.01154041290283
692.0 54.59998846054077
693.0 60.38113236427307
694.0 66.71051979064941
695.0 72.40605354309082
696.0 78.55702638626099
697.0 83.75642895698547
698.0 88.65301012992859
699.0 92.04323291778564
700.0 94.31512355804443
701.0 95.96832394599915
702.0 96.90724015235901
703.0 97.31085896492004
704.0 97.46711254119873
705.0 97.75697588920593
706.0 97.67183065414429
707.0 97.80494570732117
708.0 97.80420064926147
709.0 97.88895845413208
710.0 97.66775369644165
711.0 97.99896478652954
712.0 97.78826832771301
713.0 97.91393876075745
714.0 98.03333878517151
715.0 98.17867279052734
716.0 97.90687561035156
717.0 98.12026619911194
718.0 98.06422591209412
719.0 97.98904657363892
720.0 98.07620048522949
721.0 97.93643951416016
722.0 97.56744503974915
723.0 97.34405875205994
724.0 97.08310961723328
725.0 96.8802273273468
726.0 96.73577547073364
727.0 96.58972024917603
728.0 96.39376997947693
729.0 96.2679386138916
730.0 96.55672311782837
731.0 96.5752363204956
732.0 96.73784375190735
733.0 97.20273017883301
734.0 97.47047424316406
735.0 97.6936936378479
736.0 97.95569777488708
737.0 98.29559922218323
738.0 98.46463203430176
739.0 98.68329763412476
740.0 98.70479106903076
741.0 98.62995147705078
742.0 98.86344075202942
743.0 98.73473048210144
744.0 98.58009815216064
745.0 98.54044318199158
746.0 98.44384789466858
747.0 98.70679974555969
748.0 98.55709075927734
749.0 98.519766330719
750.0 98.43174815177917
751.0 98.40550422668457
752.0 98.28813076019287
753.0 98.5886812210083
754.0 98.4290063381195
755.0 98.55841398239136
756.0 98.63026142120361
757.0 98.73091578483582
758.0 98.67660999298096
759.0 98.78921508789062
760.0 98.68585467338562
761.0 98.54704141616821
762.0 98.71723651885986
763.0 98.62849116325378
764.0 98.48911762237549
765.0 98.490971326828
766.0 98.35100769996643
767.0 98.18024635314941
768.0 98.29249978065491
769.0 98.07460904121399
770.0 97.91278839111328
771.0 97.96029329299927
772.0 97.9004979133606
773.0 97.86977767944336
774.0 97.7546751499176
775.0 97.79801368713379
776.0 97.80948162078857
777.0 97.97950983047485
778.0 97.90945649147034
779.0 98.1529712677002
780.0 98.04282188415527
781.0 98.44518303871155
782.0 98.4019935131073
783.0 98.54416251182556
784.0 98.46943616867065
785.0 98.53512048721313
786.0 98.7438976764679
787.0 98.33667278289795
788.0 98.40556979179382
789.0 98.60529899597168
790.0 98.47479462623596
791.0 98.46959710121155
792.0 98.30641746520996
793.0 98.2253909111023
794.0 98.09568524360657
795.0 97.83556461334229
796.0 97.83019423484802
797.0 97.83892035484314
798.0 97.78940081596375
799.0 97.68857955932617
800.0 97.37930297851562
801.0 97.23455309867859
802.0 97.02351093292236
803.0 96.48450016975403
804.0 95.57870626449585
805.0 94.44677233695984
806.0 93.22807192802429
807.0 91.51835441589355
808.0 89.48108553886414
809.0 87.14841604232788
810.0 84.47866439819336
811.0 81.32105469703674
812.0 77.64464616775513
813.0 73.6194908618927
814.0 69.27611231803894
815.0 64.76513147354126
816.0 60.40397882461548
817.0 55.70994019508362
818.0 51.09539031982422
819.0 46.911367774009705
820.0 42.06373393535614
821.0 37.59360313415527
822.0 33.072638511657715
823.0 28.468364477157593
824.0 23.79772812128067
825.0 19.550739228725433
826.0 15.249532461166382
827.0 11.08127012848854
828.0 7.75846540927887
829.0 5.003425478935242
830.0 2.911161072552204
831.0 1.7556002363562584
832.0 1.013236679136753
833.0 0.5271946545690298
834.0 0.2915358869358897
835.0 0.1742394408211112
836.0 0.12198974145576358
837.0 0.039544719038531184
838.0 0.09102096664719284
839.0 1.5825038762046217e-10
840.0 0.03901180170942098
841.0 0.011409940634621307
842.0 1.5825038762046217e-10
843.0 1.5825038762046217e-10
844.0 1.5825038762046217e-10
845.0 0.0016652036720188335
846.0 1.5825038762046217e-10
847.0 1.5825038762046217e-10
848.0 1.5825038762046217e-10
849.0 1.5825038762046217e-10
850.0 1.5825038762046217e-10
851.0 1.5825038762046217e-10
852.0 0.0002109617071255343
853.0 0.0003176552354489104
854.0 0.00042434885472175665
855.0 0.0003253264367231168
856.0 0.00022630420062341727
857.0 0.00022389317564375233
858.0 0.0002214820597146172
859.0 3.570196156488237e-05
860.0 1.5825038762046217e-10
861.0 5.0620764113773475e-05
862.0 0.00025131964775937377
863.0 6.493850150945946e-05
864.0 1.5825038762046217e-10
865.0 1.5825038762046217e-10
866.0 1.5825038762046217e-10
867.0 1.5825038762046217e-10
868.0 5.1951724344689865e-05
869.0 1.5825038762046217e-10
870.0 1.5825038762046217e-10
871.0 1.5825038762046217e-10
872.0 1.5825038762046217e-10
873.0 8.196464591492258e-05
874.0 0.0003016111577380798
875.0 0.00033596336379559943
876.0 0.00037031559259048663
877.0 8.378924576391e-05
878.0 1.5825038762046217e-10
879.0 5.32413544362953e-06
880.0 0.00021338541955628898
881.0 0.00011885438198078191
882.0 2.43234012486937e-05
883.0 0.0001236415982930339
884.0 0.00022295980670605786
885.0 0.00014699535313411616
886.0 7.103091093085823e-05
887.0 1.5825038762046217e-10
888.0 1.5825038762046217e-10
889.0 1.5825038762046217e-10
890.0 1.5825038762046217e-10
891.0 1.5825038762046217e-10
892.0 1.5825038762046217e-10
893.0 1.5825038762046217e-10
894.0 1.5825038762046217e-10
