lsstCam/transmission_filter_detector/r11_s21/r_57/19700101T000000.ecsv
# %ECSV 1.0
# ---
# datatype:
# - {name: wavelength, unit: nm, datatype: float32}
# - {name: efficiency, unit: '%', datatype: float64}
# meta: !!omap
# - {MODE: DETECTOR}
# - {TYPE: transmission_filter_detector}
# - {CALIBDATE: '1970-01-01T00:00:00'}
# - {INSTRUME: LSSTCam}
# - {OBSTYPE: transmission_filter_detector}
# - {CALIBCLS: lsst.ip.isr.IntermediateFilterDetectorTransmissionCurve}
# - {SOURCE: Materion (DM-46256)}
# - {DETECTOR: 43}
# - {FILTER: r_57}
# - {CALIB_ID: 'calibDate=1970-01-01T00:00:00 filter=r_57 detector=43'}
# - {DATE: '2025-04-02T15:59:44.384502'}
# - {CALIB_CREATION_DATE: '2025-04-02'}
# - {CALIB_CREATION_TIME: '15:59:44'}
# - __serialized_columns__:
#     efficiency:
#       __class__: astropy.units.quantity.Quantity
#       unit: !astropy.units.Unit {unit: '%'}
#       value: !astropy.table.SerializedColumn {name: efficiency}
#     wavelength:
#       __class__: astropy.units.quantity.Quantity
#       unit: !astropy.units.Unit {unit: nm}
#       value: !astropy.table.SerializedColumn {name: wavelength}
# schema: astropy-2.0
wavelength efficiency
[from data line 603]
903.0 1.598082343540197e-10
904.0 1.598082343540197e-10
905.0 2.5608758846829005e-05
906.0 1.598082343540197e-10
907.0 1.598082343540197e-10
908.0 1.598082343540197e-10
909.0 1.598082343540197e-10
910.0 1.598082343540197e-10
911.0 1.598082343540197e-10
912.0 1.598082343540197e-10
913.0 1.598082343540197e-10
914.0 1.598082343540197e-10
915.0 7.612222816533176e-05
916.0 4.1392075900148484e-05
917.0 6.661945661790014e-06
918.0 8.664997039886657e-05
919.0 0.00016663796031934908
920.0 5.1930896916019265e-05
921.0 1.598082343540197e-10
922.0 7.272799962265708e-05
923.0 0.00020823219983867602
924.0 0.00020020365809614304
925.0 0.0001921751390909776
926.0 0.000172257978192647
927.0 0.0001523408059256326
928.0 0.00019194590095139574
929.0 0.00023155096187110757
930.0 0.00024501759980921634
931.0 0.0002584842832220602
932.0 8.419206096732523e-05
933.0 1.598082343540197e-10
934.0 6.997833565947076e-05
935.0 0.00023005673028819729
936.0 0.00021641387775162002
937.0 0.0002027710024776752
938.0 0.00027847950150317047
939.0 0.00035418802326603327
940.0 0.0003205422899554833
941.0 0.0002868965566449333
942.0 0.0003596319402277004
943.0 0.0004323673238104675
944.0 0.0003738993655133527
945.0 0.00031543145269097295
946.0 0.00034587208119774004
947.0 0.0003763126869671396
948.0 0.00046819877752568573
949.0 0.0005600849362963345
950.0 0.0005375942691898672
951.0 0.0005151036020833999
952.0 0.0006531151484523434
953.0 0.0007911268767202273
954.0 0.0011433208783273585
955.0 0.0014955151527829003
956.0 0.0015277033526217565
957.0 0.0015598914615111426
958.0 0.001693670310487505
959.0 0.001827449341362808
960.0 0.0019388442524359562
961.0 0.002050239527306985
962.0 0.002227545337518677
963.0 0.0024048513296293095
964.0 0.002463935743435286
965.0 0.002523019793443382
966.0 0.0025306077077402733
967.0 0.002538195258239284
968.0 0.0025078921680687927
969.0 0.002477589441696182
970.0 0.002536672582209576
971.0 0.00259575572272297
972.0 0.0026423569579492323
973.0 0.0026889576474786736
974.0 0.0028885046049254015
975.0 0.003088051380473189
976.0 0.0031813353416509926
977.0 0.0032746189390309155
978.0 0.003149852273054421
979.0 0.003025085970875807
980.0 0.0029360429834923707
981.0 0.002846999814209994
982.0 0.002934882286353968
983.0 0.003022764576599002
984.0 0.0029616523534059525
985.0 0.0029005399483139627
986.0 0.002825388583005406
987.0 0.0027502372176968493
988.0 0.0025701912818476558
989.0 0.002390145709796343
990.0 0.002450586180202663
991.0 0.002511026650608983
992.0 0.002522124304960016
993.0 0.00253322232310893
994.0 0.00261917884927243
995.0 0.002705135011638049
996.0 0.0027912190489587374
997.0 0.0028773029043804854
998.0 0.0030360091841430403
999.0 0.0031947154639055952
1000.0 0.00328556343447417
1001.0 0.003376411768840626
1002.0 0.0035609791666502133
1003.0 0.00374554620066192
1004.0 0.003888242645189166
1005.0 0.004030938725918531
1006.0 0.004222029747324996
1007.0 0.004413121132529341
1008.0 0.00431650951213669
1009.0 0.00421989789174404
1010.0 0.004221589551889338
1011.0 0.004223281575832516
1012.0 0.004149009691900574
1013.0 0.004074737807968631
1014.0 0.0038504120311699808
1015.0 0.00362608625437133
1016.0 0.0034525943192420527
1017.0 0.003279102747910656
1018.0 0.0028922566343680955
1019.0 0.0025054112484212965
1020.0 0.002150053478544578
1021.0 0.0017946957086678594
1022.0 0.001596853689989075
1023.0 0.00139901130751241
1024.0 0.0014312128769233823
1025.0 0.0014634148101322353
1026.0 0.0013573751857620664
1027.0 0.0012513354704424273
1028.0 0.0011686278412526008
1029.0 0.0010859199392143637
1030.0 0.00100651232060045
1031.0 0.000927103974390775
1032.0 0.0009427703844266944
1033.0 0.0009584366125636734
1034.0 0.000853993151395116
1035.0 0.0007495494173781481
1036.0 0.0007868506145314313
1037.0 0.0008241514478868339
1038.0 0.0007523296062572626
1039.0 0.0006805078101024264
1040.0 0.0007565782198071247
1041.0 0.0008326485840370879
1042.0 0.0008929847354011144
1043.0 0.0009533204320177902
1044.0 0.0008494173926010262
1045.0 0.000745514716982143
1046.0 0.0008170058208634146
1047.0 0.0008884971975930966
1048.0 0.0007802171239745803
1049.0 0.0006719370958307991
1050.0 0.0006369641141645843
1051.0 0.0006019910870236345
1052.0 0.0008690738468430936
1053.0 0.001136156151915202
1054.0 0.0009703477189759724
1055.0 0.0008045391041378025
1056.0 0.0009098713235289324
1057.0 0.001015203906717943
1058.0 0.0009294692972616758
1059.0 0.000843734869704349
1060.0 0.0010477036994416267
1061.0 0.0012516720744315535
1062.0 0.001294142839469714
1063.0 0.0013366136045078747
1064.0 0.0010264689080941025
1065.0 0.0007163240752561251
1066.0 0.0010800106792885344
1067.0 0.0014436972378462087
1068.0 0.0017362706785206683
1069.0 0.0020288434825488366
1070.0 0.0016177878933376633
1071.0 0.0012067321222275496
1072.0 0.0012858817171945702
1073.0 0.0013650314940605313
1074.0 0.002114525887009222
1075.0 0.0028640200980589725
1076.0 0.003145975642837584
1077.0 0.003427931005717255
1078.0 0.0039031627238728106
1079.0 0.004378394805826247
1080.0 0.0042099512938875705
1081.0 0.0040415074181510136
1082.0 0.003954581916332245
1083.0 0.003867656414513476
1084.0 0.004704964158008806
1085.0 0.005542271173908375
1086.0 0.005413921826402657
1087.0 0.005285572478896938
1088.0 0.005120380592416041
1089.0 0.004955188705935143
1090.0 0.004613034616340883
1091.0 0.0042708801629487425
1092.0 0.0037717269151471555
1093.0 0.0032725736673455685
1094.0 0.0035957124055130407
1095.0 0.003918851143680513
1096.0 0.00316842706524767
1097.0 0.002418003168713767
1098.0 0.0017398961063008755
1099.0 0.0010617892257869244
1100.0 0.0011720903785317205
1101.0 0.001282391167478636
