lsstCam/transmission_filter_detector/r11_s21/r_57/19700101T000000.ecsv
# %ECSV 1.0
# ---
# datatype:
# - {name: wavelength, unit: nm, datatype: float32}
# - {name: efficiency, unit: '%', datatype: float64}
# meta: !!omap
# - {MODE: DETECTOR}
# - {TYPE: transmission_filter_detector}
# - {CALIBDATE: '1970-01-01T00:00:00'}
# - {INSTRUME: LSSTCam}
# - {OBSTYPE: transmission_filter_detector}
# - {CALIBCLS: lsst.ip.isr.IntermediateFilterDetectorTransmissionCurve}
# - {SOURCE: Materion (DM-46256)}
# - {DETECTOR: 43}
# - {FILTER: r_57}
# - {CALIB_ID: 'calibDate=1970-01-01T00:00:00 filter=r_57 detector=43'}
# - {DATE: '2025-04-02T15:59:44.384502'}
# - {CALIB_CREATION_DATE: '2025-04-02'}
# - {CALIB_CREATION_TIME: '15:59:44'}
# - __serialized_columns__:
#     efficiency:
#       __class__: astropy.units.quantity.Quantity
#       unit: !astropy.units.Unit {unit: '%'}
#       value: !astropy.table.SerializedColumn {name: efficiency}
#     wavelength:
#       __class__: astropy.units.quantity.Quantity
#       unit: !astropy.units.Unit {unit: nm}
#       value: !astropy.table.SerializedColumn {name: wavelength}
# schema: astropy-2.0
wavelength efficiency
300.0 0.0014807883417233825
301.0 0.004739068390335888
302.0 0.007997349166544154
303.0 0.010081259824801236
304.0 0.012165170483058318
305.0 0.011222262401133776
306.0 0.010279354319209233
307.0 0.009107761434279382
308.0 0.007936170004541054
309.0 0.0070611909904982895
310.0 0.00618620979366824
311.0 0.0055195669119711965
312.0 0.004852925485465676
313.0 0.0043976899178233
314.0 0.003942455077776685
315.0 0.003978947643190622
316.0 0.00401544057240244
317.0 0.00381725185434334
318.0 0.0036190631362842396
319.0 0.0033847754821181297
320.0 0.003150487464154139
321.0 0.0028629130611079745
322.0 0.0025753379304660484
323.0 0.0023702454200247303
324.0 0.002165152909583412
325.0 0.0019925930246245116
326.0 0.001820033139665611
327.0 0.002156125265173614
328.0 0.002492217390681617
329.0 0.0025048373572644778
330.0 0.002517457141948398
331.0 0.00221020254684845
332.0 0.0019029479517485015
333.0 0.0017384427337674424
334.0 0.0015739376976853237
335.0 0.0014204485523805488
336.0 0.001266959498025244
337.0 0.0011862372957693879
338.0 0.0011055150935135316
339.0 0.00104010287031997
340.0 0.0009746906471264083
341.0 0.000976498267846182
342.0 0.000978306070464896
343.0 0.0009222722837876063
344.0 0.0008662384971103165
345.0 0.0008500219337292947
346.0 0.0008338055522472132
347.0 0.0007870786248531658
348.0 0.0007403516519843834
349.0 0.0007043220648483839
350.0 0.0055195007007569075
351.0 0.0060024809499736875
352.0 0.006485461199190468
353.0 0.0055870656069600955
354.0 0.004688670742325485
355.0 0.004802532203029841
356.0 0.00491639475512784
357.0 0.006100377140683122
358.0 0.007284359890036285
359.0 0.0057708854001248255
360.0 0.004257410182617605
361.0 0.0027014713850803673
362.0 0.0011455324965936597
363.0 0.002426756873319391
364.0 0.0037079811590956524
365.0 0.0037416626582853496
366.0 0.003775344157475047
367.0 0.002814688741636928
368.0 0.0018540329620009288
369.0 0.0015733028703834862
370.0 0.0012925728697155137
371.0 0.0017150572602986358
372.0 0.0021375419237301685
373.0 0.0026820056518772617
374.0 0.0032264691981254146
375.0 0.0028005611966364086
376.0 0.0023746537408442236
377.0 0.0012691739357251208
378.0 0.00016369432387364213
379.0 0.0008563109986425843
380.0 0.0015489278666791506
381.0 0.0023413258531945758
382.0 0.003133724385406822
383.0 0.00315987563226372
384.0 0.0031860276067163795
385.0 0.004165139398537576
386.0 0.005144250098965131
387.0 0.004574087142827921
388.0 0.0040039241866907105
389.0 0.0034676868381211534
390.0 0.0029314485800568946
391.0 0.002074519761663396
392.0 0.0012175909432698973
393.0 0.0013331924492376857
394.0 0.001448793409508653
395.0 0.0010581600690784398
396.0 0.0006675267286482267
397.0 0.0006413238224922679
398.0 0.000615121325608925
399.0 0.0005908971161261434
400.0 0.000566672497370746
401.0 0.0001322033085671137
402.0 1.598082343540197e-10
403.0 5.366967670283884e-06
404.0 0.0003130005779894418
405.0 0.0008191861525119748
406.0 0.0013253713404992595
407.0 0.0018074952095048502
408.0 0.0022896188966115005
409.0 0.0018014481611317024
410.0 0.0013132770618540235
411.0 0.0009518807928543538
412.0 0.000590484478379949
413.0 0.0006448148724302882
414.0 0.0006991453574300976
415.0 0.0006773248060198966
416.0 0.0006555045729328413
417.0 0.0012500132470449898
418.0 0.0018445223759044893
419.0 0.002263311034766957
420.0 0.002682099693629425
421.0 0.003912948523066007
422.0 0.005143796806805767
423.0 0.008041770342970267
424.0 0.010939743515336886
425.0 0.014970925985835493
426.0 0.019002101907972246
427.0 0.01975401828531176
428.0 0.020505937573034316
429.0 0.01565323764225468
430.0 0.010800537711475044
431.0 0.0076357471698429435
432.0 0.0044709555368172005
433.0 0.003527080116327852
434.0 0.002583204332040623
435.0 0.0020635014152503572
436.0 0.001543798134662211
437.0 0.0013321116966835689
438.0 0.0011204254406038672
439.0 0.000968026233749697
440.0 0.000815627117844997
441.0 0.001079658522940008
442.0 0.0013436901099339593
443.0 0.0016725129171391018
444.0 0.002001335633394774
445.0 0.0019878174498444423
446.0 0.0019742992662941106
447.0 0.001742511085467413
448.0 0.001510723177489126
449.0 0.0014143233784125187
450.0 0.0013179231245885603
451.0 0.0014154899872664828
452.0 0.0015130568499444053
453.0 0.0015280500520020723
454.0 0.0015430432540597394
455.0 0.0013724704331252724
456.0 0.001201897885039216
457.0 0.0008448987500742078
458.0 0.00048789961510919966
459.0 0.0007208755505416775
460.0 0.0009538513950246852
461.0 0.0015977771909092553
462.0 0.0022417025320464745
463.0 0.002872701588785276
464.0 0.003503700645524077
465.0 0.0044692529627354816
466.0 0.005434805279946886
467.0 0.006073923213989474
468.0 0.006713042239425704
469.0 0.005793393575004302
470.0 0.004873746001976542
471.0 0.003729004311026074
472.0 0.002584262801974546
473.0 0.002123461672454141
474.0 0.0016626603610347956
475.0 0.0013683659744856413
476.0 0.0010740718607848976
477.0 0.0008595789040555246
478.0 0.0006450858563766815
479.0 0.0008451507710560691
480.0 0.0010452155947859865
481.0 0.0007837508746888489
482.0 0.0005222862910159165
483.0 0.0006081030278437538
484.0 0.0006939195827726508
485.0 0.0006254741037992062
486.0 0.0005570284884015564
487.0 0.0005767950824520085
488.0 0.0005965615855529904
489.0 0.0005510844857781194
490.0 0.0005056073860032484
491.0 0.0006294224021985428
492.0 0.0007532374183938373
493.0 0.0008934323886933271
494.0 0.001033627449942287
495.0 0.0009040485565492418
496.0 0.0007744695722067263
497.0 0.001040813367580995
498.0 0.0013071570720057935
499.0 0.001285386588278925
500.0 0.0012636161955015268
501.0 0.0014526831364491954
502.0 0.0016417501683463342
503.0 0.001952791353687644
504.0 0.0022638325390289538
505.0 0.0027823683922179043
506.0 0.0033009040635079145
507.0 0.003887812272296287
508.0 0.004474719753488898
509.0 0.005010167296859436
510.0 0.005545613748836331
511.0 0.004943244493915699
512.0 0.004340874875197187
513.0 0.003718997322721407
514.0 0.003097119406447746
515.0 0.002893094097089488
516.0 0.0026890689696301706
517.0 0.0025278479370172136
518.0 0.0023666269044042565
519.0 0.05648989463225007
520.0 0.00870936710271053
521.0 0.07295997929759324
522.0 0.09877245174720883
523.0 0.03729703894350678
524.0 0.0945529667660594
525.0 0.07849953253753483
526.0 0.1013581408187747
527.0 0.09183810907416046
528.0 0.06505787605419755
529.0 0.11205771006643772
530.0 0.09791615884751081
531.0 0.13792645186185837
532.0 0.19558523781597614
533.0 0.2311711199581623
534.0 0.3665706841275096
535.0 0.3774231532588601
536.0 0.5245998967438936
537.0 0.7192594930529594
538.0 1.1564834974706173
539.0 1.7527729272842407
540.0 2.7497218921780586
541.0 4.23697829246521
542.0 6.3260518014431
543.0 9.092013537883759
544.0 12.40457147359848
545.0 16.16830974817276
546.0 20.72073519229889
547.0 26.397863030433655
548.0 33.58035087585449
549.0 41.43851697444916
550.0 48.510146141052246
551.0 56.60008192062378
552.0 62.472403049468994
553.0 68.10894012451172
554.0 72.59897589683533
555.0 76.81866884231567
556.0 80.93634843826294
557.0 83.50632786750793
558.0 86.98046207427979
559.0 90.30370116233826
560.0 91.61308407783508
561.0 93.24790835380554
562.0 94.55970525741577
563.0 94.50228214263916
564.0 95.33820748329163
565.0 94.69560384750366
566.0 95.32999992370605
567.0 94.51356530189514
568.0 95.2767014503479
569.0 96.1043655872345
570.0 95.1791524887085
571.0 96.01352214813232
572.0 96.08772397041321
573.0 96.2266743183136
574.0 96.53596878051758
575.0 96.54536843299866
576.0 96.7663049697876
577.0 96.38046622276306
578.0 96.71493172645569
579.0 96.43466472625732
580.0 96.01631760597229
581.0 95.82715630531311
582.0 96.26398086547852
583.0 96.26988768577576
584.0 95.6063449382782
585.0 95.81966400146484
586.0 95.90463042259216
587.0 95.91698050498962
588.0 96.04210257530212
589.0 96.87804579734802
590.0 96.08456492424011
591.0 95.06911635398865
592.0 95.67739367485046
593.0 95.19670009613037
594.0 95.67967057228088
595.0 95.9711492061615
596.0 96.40687108039856
597.0 96.53377532958984
598.0 96.53550386428833
599.0 96.46686911582947
600.0 96.33726477622986
601.0 95.6067144870758
602.0 96.21855616569519
603.0 95.91472744941711
604.0 95.61245441436768
605.0 96.17700576782227
606.0 95.46597003936768
607.0 96.013742685318
608.0 95.76465487480164
609.0 95.2723503112793
610.0 95.45230269432068
611.0 95.1494574546814
612.0 95.6386923789978
613.0 96.22306227684021
614.0 96.26203179359436
615.0 95.74089050292969
616.0 95.83390355110168
617.0 95.80414295196533
618.0 95.8625853061676
619.0 96.44560813903809
620.0 95.46835422515869
621.0 95.14453411102295
622.0 95.94037532806396
623.0 96.03585600852966
624.0 95.87279558181763
625.0 96.39939665794373
626.0 95.67172527313232
627.0 94.64335441589355
628.0 96.73827886581421
629.0 95.36307454109192
630.0 95.79823017120361
631.0 95.48121690750122
632.0 96.30938768386841
633.0 95.87371945381165
634.0 95.57211399078369
635.0 95.74154615402222
636.0 95.73588371276855
637.0 95.0761079788208
638.0 95.17419338226318
639.0 94.84632015228271
640.0 95.10969519615173
641.0 95.3100323677063
642.0 95.43368220329285
643.0 95.72486877441406
644.0 95.54334282875061
645.0 95.6838309764862
646.0 95.75064778327942
647.0 96.75663113594055
648.0 96.05879783630371
649.0 95.10897994041443
650.0 96.00531458854675
651.0 96.48326635360718
652.0 96.39093279838562
653.0 95.38524746894836
654.0 96.11547589302063
655.0 96.11124992370605
656.0 95.28311491012573
657.0 95.3051507472992
658.0 95.97494602203369
659.0 95.83081007003784
660.0 95.0706958770752
661.0 95.10682821273804
662.0 95.53619027137756
663.0 95.29673457145691
664.0 95.15742063522339
665.0 95.00104188919067
666.0 95.12290358543396
667.0 95.33482789993286
668.0 94.88050937652588
669.0 95.26172280311584
670.0 94.97517347335815
671.0 95.63613533973694
672.0 94.91183161735535
673.0 95.30404806137085
674.0 94.34884190559387
675.0 95.19591927528381
676.0 94.68750357627869
677.0 93.63570809364319
678.0 92.91956424713135
679.0 92.55663752555847
680.0 91.61185026168823
681.0 90.24428129196167
682.0 88.21374177932739
683.0 85.3405773639679
684.0 82.0661187171936
685.0 78.52208614349365
686.0 74.7732400894165
687.0 70.2241837978363
688.0 65.88844060897827
689.0 61.358386278152466
690.0 56.11301064491272
691.0 51.886701583862305
692.0 47.301506996154785
693.0 43.020257353782654
694.0 38.03116977214813
695.0 33.05474817752838
696.0 28.03112268447876
697.0 22.957921028137207
698.0 17.302408814430237
699.0 12.76056170463562
700.0 9.065551310777664
701.0 5.803212895989418
702.0 3.704296052455902
703.0 2.156378887593746
704.0 1.2598348781466484
705.0 0.7069400511682034
706.0 0.4672831855714321
707.0 0.35721855238080025
708.0 0.14915644424036145
709.0 0.1368041499517858
710.0 0.12447246117517352
711.0 0.08116793469525874
712.0 0.06980046746321023
713.0 0.06784257711842656
714.0 0.04619478713721037
715.0 0.06292446050792933
716.0 0.05427752621471882
717.0 0.0552966317627579
718.0 0.04363360349088907
719.0 0.0660703401081264
720.0 1.598082343540197e-10
721.0 0.004555110717774369
722.0 0.0043027743231505156
723.0 0.004050437564728782
724.0 0.003766797817661427
725.0 0.003483158434391953
726.0 0.003247589847887866
727.0 0.003012021079484839
728.0 0.002851335739251226
729.0 0.0026906500352197327
730.0 0.002472539563314058
731.0 0.002254429455206264
732.0 0.0022461041226051748
733.0 0.0022377787900040857
734.0 0.0021714187823818065
735.0 0.002105058592860587
736.0 0.0019176235582563095
737.0 0.001730188523652032
738.0 0.0017357589968014508
739.0 0.0017413294699508697
740.0 0.0017156551621155813
741.0 0.0016899812180781737
742.0 0.0015261683074641041
743.0 0.0013623554877995048
744.0 0.0014188479326548986
745.0 0.0014753400137124117
746.0 0.0014242645193007775
747.0 0.001373188933939673
748.0 0.0012151138435001485
749.0 0.0010570388440100942
750.0 0.0010419987120258156
751.0 0.001026959034788888
752.0 0.0011137366527691483
753.0 0.0012005141797999386
754.0 0.0011435106898716185
755.0 0.0010865075637411792
756.0 0.0010590392776066437
757.0 0.0010315709005226381
758.0 0.0010568917787168175
759.0 0.0010822125659615267
760.0 0.001099898054235382
761.0 0.0011175838153576478
762.0 0.001104829971154686
763.0 0.0010920766726485454
764.0 0.001022686319629429
765.0 0.0009532959666103125
766.0 0.0007928739250928629
767.0 0.0006324519745248836
768.0 0.0006309970103757223
769.0 0.0006295420462265611
770.0 0.0007680307135160547
771.0 0.0009065196536539588
772.0 0.0008323617294081487
773.0 0.0007582036232633982
774.0 0.0008656339559820481
775.0 0.0009730642887006979
776.0 0.0009701374438009225
777.0 0.000967210598901147
778.0 0.0008960001650848426
779.0 0.0008247899131674785
780.0 0.0007454812021023827
781.0 0.000666172581986757
782.0 0.0007195191301434534
783.0 0.0007728656783001497
784.0 0.0008130542482831515
785.0 0.000853242636367213
786.0 0.0007594340331706917
787.0 0.0006656253844994353
788.0 0.0006535358352266485
789.0 0.000641446467852802
790.0 0.000714356201569899
791.0 0.0007872658898122609
792.0 0.0008118877303786576
793.0 0.0008365094799955841
794.0 0.0008906818948162254
795.0 0.0009448540367884561
796.0 0.0008057195373112336
797.0 0.0006665849014098058
798.0 0.0007923408702481538
799.0 0.0009180967936117668
800.0 0.0008219366463890765
801.0 0.0007257762717927108
802.0 0.0006593181296921102
803.0 0.0005928596692683641
804.0 0.0007085313427523943
805.0 0.0008242031071858946
806.0 0.0007272176844708156
807.0 0.0006302323981799418
808.0 0.0007609664407937089
809.0 0.0008917004379327409
810.0 0.000822785386844771
811.0 0.0007538705176557414
812.0 0.0007455758350261021
813.0 0.0007372810614469927
814.0 0.0006152815785753774
815.0 0.0004932821411784971
816.0 0.0006260667760216165
817.0 0.000758851456339471
818.0 0.0007288350843737135
819.0 0.0006988186669332208
820.0 0.000514807652507443
821.0 0.0003307966608190327
822.0 0.0003701023842950235
823.0 0.00040940817598311696
824.0 0.0003963863491662778
825.0 0.0003833645678241737
826.0 0.00046015647967578843
827.0 0.0005369483460526681
828.0 0.0004190127583569847
829.0 0.0003010771933986689
830.0 0.00015463903082491015
831.0 8.200893830689893e-06
832.0 4.3655109038809314e-05
833.0 7.910932140475779e-05
834.0 6.323182333289878e-05
835.0 4.735429115498846e-05
836.0 0.00029431903385557234
837.0 0.0005412839527707547
838.0 0.0007097368779795943
839.0 0.000878189894137904
840.0 0.0011901819561899174
841.0 0.0015021740182419308
842.0 0.001988902840821538
843.0 0.0024756316634011455
844.0 0.002219494490418583
845.0 0.001963357499334961
846.0 0.0017424608813598752
847.0 0.0015215640814858489
848.0 0.001457043890695786
849.0 0.0013925232451583724
850.0 0.0013343271348276176
851.0 0.0012761311154463328
852.0 0.0011762414942495525
853.0 0.0010763516002043616
854.0 0.0009861762009677477
855.0 0.0008960004379332531
856.0 0.000689639819029253
857.0 0.0004832792455999879
858.0 0.0005775900717708282
859.0 0.0006719008524669334
860.0 0.0005137336756888544
861.0 0.0003555664534360403
862.0 0.0003690216090035392
863.0 0.0003824767645710381
864.0 0.0002754258957793354
865.0 0.0001683750838310516
866.0 8.71999645823962e-05
867.0 6.024822596373269e-06
868.0 6.846505584690021e-05
869.0 0.0001309052663600596
870.0 1.4163160244606843e-05
871.0 1.598082343540197e-10
872.0 1.598082343540197e-10
873.0 1.598082343540197e-10
874.0 1.598082343540197e-10
875.0 1.598082343540197e-10
876.0 1.598082343540197e-10
877.0 1.598082343540197e-10
878.0 8.925225642997248e-05
879.0 0.00021252233182167402
880.0 0.00015540545064141043
881.0 9.828855809246306e-05
882.0 9.366941640109872e-05
883.0 8.905031450012757e-05
884.0 1.8396594470004857e-06
885.0 1.598082343540197e-10
886.0 1.7062581036952906e-05
887.0 0.00011949612144235289
888.0 0.00016710433783373446
889.0 0.00021471255422511604
890.0 0.00014108569530435489
891.0 6.74588079618843e-05
892.0 1.598082343540197e-10
893.0 1.598082343540197e-10
894.0 1.598082343540197e-10
895.0 3.501650382986554e-05
896.0 5.1692944680326036e-05
897.0 6.836942816335068e-05
898.0 8.894010079529835e-05
899.0 0.00010951075637422036
900.0 6.0833095005818905e-06
901.0 1.598082343540197e-10
