lsstCam/transmission_filter_detector/r42_s10/i_39/19700101T000000.ecsv
# %ECSV 1.0
# ---
# datatype:
# - {name: wavelength, unit: nm, datatype: float32}
# - {name: efficiency, unit: '%', datatype: float64}
# meta: !!omap
# - {MODE: DETECTOR}
# - {TYPE: transmission_filter_detector}
# - {CALIBDATE: '1970-01-01T00:00:00'}
# - {INSTRUME: LSSTCam}
# - {OBSTYPE: transmission_filter_detector}
# - {CALIBCLS: lsst.ip.isr.IntermediateFilterDetectorTransmissionCurve}
# - {SOURCE: Materion (DM-46256)}
# - {DETECTOR: 174}
# - {FILTER: i_39}
# - {CALIB_ID: 'calibDate=1970-01-01T00:00:00 filter=i_39 detector=174'}
# - {DATE: '2025-04-02T15:59:47.284702'}
# - {CALIB_CREATION_DATE: '2025-04-02'}
# - {CALIB_CREATION_TIME: '15:59:47'}
# - __serialized_columns__:
#     efficiency:
#       __class__: astropy.units.quantity.Quantity
#       unit: !astropy.units.Unit {unit: '%'}
#       value: !astropy.table.SerializedColumn {name: efficiency}
#     wavelength:
#       __class__: astropy.units.quantity.Quantity
#       unit: !astropy.units.Unit {unit: nm}
#       value: !astropy.table.SerializedColumn {name: wavelength}
# schema: astropy-2.0
wavelength efficiency
[from data line 601]
901.0 3.706833808791998e-05
902.0 0.00012282689567655325
903.0 4.3466943111525325e-05
904.0 1.63794802374162e-10
905.0 1.63794802374162e-10
906.0 3.1480432483022014e-06
907.0 1.63794802374162e-10
908.0 1.63794802374162e-10
909.0 1.63794802374162e-10
910.0 1.63794802374162e-10
911.0 1.63794802374162e-10
912.0 1.63794802374162e-10
913.0 4.637045094568748e-05
914.0 9.385167913933401e-05
915.0 4.2727805293907295e-05
916.0 1.63794802374162e-10
917.0 1.63794802374162e-10
918.0 1.63794802374162e-10
919.0 1.63794802374162e-10
920.0 1.63794802374162e-10
921.0 1.63794802374162e-10
922.0 3.338350040849036e-05
923.0 7.114585400813667e-05
924.0 0.00010890820476561203
925.0 5.035043386669713e-05
926.0 1.63794802374162e-10
927.0 1.63794802374162e-10
928.0 1.63794802374162e-10
929.0 6.422518481485895e-05
930.0 0.00029113803066138644
931.0 2.08970092785421e-05
932.0 1.63794802374162e-10
933.0 1.63794802374162e-10
934.0 1.63794802374162e-10
935.0 1.63794802374162e-10
936.0 1.63794802374162e-10
937.0 1.63794802374162e-10
938.0 1.63794802374162e-10
939.0 3.8151389958329673e-05
940.0 0.00011978731890849303
941.0 0.00017458584125051857
942.0 0.00022938438632991165
943.0 3.144552067624318e-05
944.0 1.63794802374162e-10
945.0 8.99409329235823e-06
946.0 0.00018448150740368874
947.0 0.00011250965599174378
948.0 4.053785005453392e-05
949.0 2.751491763319791e-05
950.0 1.4491959632323415e-05
951.0 1.63794802374162e-10
952.0 1.63794802374162e-10
953.0 1.63794802374162e-10
954.0 1.63794802374162e-10
955.0 1.63794802374162e-10
956.0 0.00017029358332365518
957.0 0.00015673485904699191
958.0 0.00014317620298243128
959.0 0.00011227700724703027
960.0 8.13778342489968e-05
961.0 0.00014964488173063728
962.0 0.0002179119064749102
963.0 0.0001552603634991101
964.0 9.260880347028433e-05
965.0 4.4039276758667256e-05
966.0 1.63794802374162e-10
967.0 5.4334310561898747e-05
968.0 0.00011319888244543108
969.0 6.774664598196978e-05
970.0 2.2294429413705075e-05
971.0 1.3346142679893092e-05
972.0 4.397851682824694e-06
973.0 7.255589196120127e-06
974.0 1.0113335946471125e-05
975.0 7.179755243669206e-05
976.0 0.00013348178526939591
977.0 1.1232100405322853e-05
978.0 1.63794802374162e-10
979.0 1.63794802374162e-10
980.0 9.11741722120496e-05
981.0 4.861970523961645e-05
982.0 6.065221924700381e-06
983.0 6.683987407996028e-05
984.0 0.00012761452126142103
985.0 0.00010641160770319402
986.0 8.520863161720627e-05
987.0 2.6746064918370394e-05
988.0 1.63794802374162e-10
989.0 1.63794802374162e-10
990.0 1.0899714197876165e-05
991.0 5.206240984989563e-05
992.0 9.322513392362453e-05
993.0 6.01460044435953e-05
994.0 2.7066863594882307e-05
995.0 0.0001228881274073501
996.0 0.00021870937416679226
997.0 0.00012444756976037752
998.0 3.0185768196133722e-05
999.0 1.63794802374162e-10
1000.0 1.63794802374162e-10
1001.0 4.8290303311659954e-05
1002.0 0.0001480094738326443
1003.0 0.00011747763437597314
1004.0 8.694581197232765e-05
1005.0 0.00019843396330543328
1006.0 0.000309922211272351
1007.0 0.00030906658139429055
1008.0 0.00030821101972833276
1009.0 0.0002321673264304991
1010.0 0.0001561236445013492
1011.0 0.00024271212168969214
1012.0 0.0003293006329840864
1013.0 0.00024081925857899478
1014.0 0.00015233787280521938
1015.0 0.00020712282093882095
1016.0 0.0002619077804411063
1017.0 0.0003741337650353671
1018.0 0.000486359795104363
1019.0 0.00041569292079657316
1020.0 0.0003450260464887833
1021.0 0.000298734926218458
1022.0 0.00025244371499866247
1023.0 0.00025872732294374146
1024.0 0.00026501083993935026
1025.0 0.00020164357010798994
1026.0 0.0001382763571200485
1027.0 0.00033579121918592136
1028.0 0.0005333060016710078
1029.0 0.000855753751238808
1030.0 0.0011782014553318731
1031.0 0.0011969936167588457
1032.0 0.0012157857781858183
1033.0 0.0014715248653374147
1034.0 0.0017272637705900706
1035.0 0.002150396176148206
1036.0 0.0025735280360095203
1037.0 0.002829054392350372
1038.0 0.0030845807486912236
1039.0 0.003286608261987567
1040.0 0.0034886357752839103
1041.0 0.0033718413760652766
1042.0 0.003255046976846643
1043.0 0.0033320680813631043
1044.0 0.0034090895496774465
1045.0 0.003480349187157117
1046.0 0.0035516084608389065
1047.0 0.0032875006581889465
1048.0 0.0030233932193368673
1049.0 0.002933316500275396
1050.0 0.002843239599314984
1051.0 0.0026149191398872063
1052.0 0.0023865990442573093
1053.0 0.0023156208044383675
1054.0 0.0022446429284173064
1055.0 0.0018415057638776489
1056.0 0.0014383685083885211
1057.0 0.0012331120160524733
1058.0 0.001027855250868015
1059.0 0.0008986625289253425
1060.0 0.0007694694431847893
1061.0 0.0010525486686674412
1062.0 0.0013356278941500932
1063.0 0.0015476745829801075
1064.0 0.0017597212718101218
1065.0 0.0022047714082873426
1066.0 0.002649821726663504
1067.0 0.0031129562557907775
1068.0 0.0035760913306148723
1069.0 0.003402946822461672
1070.0 0.003229802314308472
1071.0 0.003278570147813298
1072.0 0.0033273379813181236
1073.0 0.0028829477741965093
1074.0 0.0024385573851759546
1075.0 0.0026772511773742735
1076.0 0.0029159449695725925
1077.0 0.003308805389679037
1078.0 0.003701665627886541
1079.0 0.003519073288771324
1080.0 0.003336480585858226
1081.0 0.0023147615138441324
1082.0 0.0012930421689816285
1083.0 0.0013249385119706858
1084.0 0.0013568346730608027
1085.0 0.0009715854503156152
1086.0 0.0005863361366209574
1087.0 0.0005236350716586458
1088.0 0.0004609340521710692
1089.0 8.643729074719886e-05
1090.0 1.63794802374162e-10
1091.0 0.000907161484065
1092.0 0.0021023815861553885
1093.0 0.00127680168588995
1094.0 0.0004512216492003063
1095.0 0.0002452173021083581
1096.0 3.9212878277794516e-05
1097.0 1.63794802374162e-10
1098.0 1.63794802374162e-10
1099.0 1.63794802374162e-10
1100.0 0.0006415274128812598
