lsstCam/transmission_filter_detector/r42_s10/i_39/19700101T000000.ecsv
# %ECSV 1.0
# ---
# datatype:
# - {name: wavelength, unit: nm, datatype: float32}
# - {name: efficiency, unit: '%', datatype: float64}
# meta: !!omap
# - {MODE: DETECTOR}
# - {TYPE: transmission_filter_detector}
# - {CALIBDATE: '1970-01-01T00:00:00'}
# - {INSTRUME: LSSTCam}
# - {OBSTYPE: transmission_filter_detector}
# - {CALIBCLS: lsst.ip.isr.IntermediateFilterDetectorTransmissionCurve}
# - {SOURCE: Materion (DM-46256)}
# - {DETECTOR: 174}
# - {FILTER: i_39}
# - {CALIB_ID: 'calibDate=1970-01-01T00:00:00 filter=i_39 detector=174'}
# - {DATE: '2025-04-02T15:59:47.284702'}
# - {CALIB_CREATION_DATE: '2025-04-02'}
# - {CALIB_CREATION_TIME: '15:59:47'}
# - __serialized_columns__:
#     efficiency:
#       __class__: astropy.units.quantity.Quantity
#       unit: !astropy.units.Unit {unit: '%'}
#       value: !astropy.table.SerializedColumn {name: efficiency}
#     wavelength:
#       __class__: astropy.units.quantity.Quantity
#       unit: !astropy.units.Unit {unit: nm}
#       value: !astropy.table.SerializedColumn {name: wavelength}
# schema: astropy-2.0
wavelength efficiency
300.0 0.07890182896517217
301.0 0.03645783290266991
302.0 1.63794802374162e-10
303.0 0.0047035129682626575
304.0 0.0153931716340594
305.0 0.008273455750895664
306.0 0.0011537367754499428
307.0 0.010781489982036874
308.0 0.020409244461916387
309.0 0.004644039654522203
310.0 1.63794802374162e-10
311.0 1.63794802374162e-10
312.0 1.63794802374162e-10
313.0 0.0012674302524828818
314.0 0.007170145545387641
315.0 0.010992038733093068
316.0 0.014813932648394257
317.0 0.007167098374338821
318.0 1.63794802374162e-10
319.0 0.00024219771148636937
320.0 0.0009641291399020702
321.0 1.63794802374162e-10
322.0 1.63794802374162e-10
323.0 0.0009272462193621323
324.0 0.0032134859793586656
325.0 0.0018245851606479846
326.0 0.0004356852514320053
327.0 0.001922298724821303
328.0 0.003408912743907422
329.0 0.0015060756595630664
330.0 1.63794802374162e-10
331.0 0.0008507175152772106
332.0 0.00209819645533571
333.0 0.0018386805095360614
334.0 0.001579163654241711
335.0 0.001009604056889657
336.0 0.0004400430952955503
337.0 0.0015331333997892216
338.0 0.002626223249535542
339.0 0.0010827623555087484
340.0 1.63794802374162e-10
341.0 1.63794802374162e-10
342.0 1.63794802374162e-10
343.0 0.0008320948836626485
344.0 0.0019344228348927572
345.0 0.0010848223610082641
346.0 0.00023522175069956575
347.0 1.63794802374162e-10
348.0 1.63794802374162e-10
349.0 1.63794802374162e-10
350.0 0.00017943032162293093
351.0 0.00021188106984482147
352.0 0.00024433168164250674
353.0 0.0001274668647965882
354.0 1.060203587144315e-05
355.0 0.000621012532064924
356.0 0.001231423084391281
357.0 0.0002586153641459532
358.0 1.63794802374162e-10
359.0 1.63794802374162e-10
360.0 1.63794802374162e-10
361.0 0.0002348033831367502
362.0 0.0007992522114363965
363.0 0.0008448784683423582
364.0 0.0008905045433493797
365.0 0.0007214434390334645
366.0 0.0005523821982933441
367.0 0.0002871832066375646
368.0 2.198426756194749e-05
369.0 0.00013811015833198326
370.0 0.0002542361698942841
371.0 0.000406273829867132
372.0 0.0005583113761531422
373.0 0.000849684056447586
374.0 0.001141056782216765
375.0 0.0008166906809492502
376.0 0.0004923247161059408
377.0 0.00041285597944806796
378.0 0.00033338719731546007
379.0 0.00020390195913932985
380.0 7.441673801622528e-05
381.0 1.63794802374162e-10
382.0 1.63794802374162e-10
383.0 1.63794802374162e-10
384.0 1.63794802374162e-10
385.0 2.8320951628302282e-05
386.0 0.0003424373289817595
387.0 0.00016081551166280406
388.0 1.63794802374162e-10
389.0 0.00025691476821521064
390.0 0.0005346355919755297
391.0 0.0006211168511072174
392.0 0.0007075979283399647
393.0 0.0008662414984428324
394.0 0.0010248848411720246
395.0 0.0009144420801021624
396.0 0.0008039990461838897
397.0 0.0007872368769312743
398.0 0.0007704747986281291
399.0 0.001488534235249972
400.0 0.002206593671871815
401.0 0.005890733882552013
402.0 0.009574874275131151
403.0 0.006123944331193343
404.0 0.0026730138415587135
405.0 0.0008156616786436643
406.0 1.63794802374162e-10
407.0 0.000939499386731768
408.0 0.0029206905310275033
409.0 0.003572117566363886
410.0 0.004223544601700269
411.0 0.0040675611671758816
412.0 0.0039115777326514944
413.0 0.004736628761747852
414.0 0.005561679063248448
415.0 0.005652734762406908
416.0 0.005743790097767487
417.0 0.0062689090555068105
418.0 0.006794028013246134
419.0 0.0053444571676664054
420.0 0.003894887413480319
421.0 0.004703886224888265
422.0 0.005512885763891973
423.0 0.005079380571260117
424.0 0.0046458746510325
425.0 0.004692712900578044
426.0 0.004739551150123589
427.0 0.004237252869643271
428.0 0.003734954589162953
429.0 0.002606390989967622
430.0 0.0014778275726712309
431.0 0.00295402296615066
432.0 0.004430217813933268
433.0 0.0040295126382261515
434.0 0.0036288074625190347
435.0 0.0028007585569866933
436.0 0.001972710197151173
437.0 0.0019007928131031804
438.0 0.0018288754290551879
439.0 0.0018655800886335783
440.0 0.0019022845663130283
441.0 0.0011143631127197295
442.0 0.0003264415227022255
443.0 0.000605658715358004
444.0 0.0008848757715895772
445.0 0.0005718452484870795
446.0 0.00025881458896037657
447.0 0.0002852983925549779
448.0 0.00031178208246274153
449.0 0.0005773829798272345
450.0 0.0008429838999290951
451.0 0.0005453021913126577
452.0 0.0002476204372214852
453.0 1.63794802374162e-10
454.0 1.63794802374162e-10
455.0 1.63794802374162e-10
456.0 0.0001885658662104106
457.0 0.00018349195443079225
458.0 0.00017841782664618222
459.0 0.00014619843113905517
460.0 0.00011397934258638998
461.0 0.0004062571406393545
462.0 0.0006985350410104729
463.0 0.0003788170033658389
464.0 5.909926699132484e-05
465.0 3.296514421435859e-05
466.0 6.831066912127426e-06
467.0 0.0004594612619257532
468.0 0.0009120914000959601
469.0 0.0005543543466046685
470.0 0.00019661733858811203
471.0 0.0002685792196643888
472.0 0.0003405410552659305
473.0 6.966244114892106e-06
474.0 1.63794802374162e-10
475.0 1.63794802374162e-10
476.0 8.549330345886119e-05
477.0 0.00026605302991811186
478.0 0.00044661278479907196
479.0 0.00028802007818740094
480.0 0.00012942749663125142
481.0 0.0004218176400172524
482.0 0.0007142076810850995
483.0 0.0015649557099095546
484.0 0.002415703420410864
485.0 0.0033411692129448056
486.0 0.004266635005478747
487.0 0.006328785821096972
488.0 0.008390936272917315
489.0 0.013594080519396812
490.0 0.01879722549347207
491.0 0.02344404929317534
492.0 0.028090874548070133
493.0 0.030697794863954186
494.0 0.033304718090221286
495.0 0.03150944830849767
496.0 0.029714175616391003
497.0 0.0249189994065091
498.0 0.020123826107010245
499.0 0.015290202281903476
500.0 0.010456584277562797
501.0 0.00684198530507274
502.0 0.003227387787774205
503.0 0.0022745667592971586
504.0 0.0013217459127190523
505.0 0.001886958852992393
506.0 0.0024521716113667935
507.0 0.0025880415705614723
508.0 0.0027239117116550915
509.0 0.002623844557092525
510.0 0.002523777584428899
511.0 0.0022565787730854936
512.0 0.001989379961742088
513.0 0.0019658431483549066
514.0 0.0019423061530687846
515.0 0.0016817004507174715
516.0 0.001421095021214569
517.0 0.0016470590708195232
518.0 0.0018730230294750072
519.0 0.0017287702576140873
520.0 0.0015845176676521078
521.0 0.0016002231859602034
522.0 0.001615928704268299
523.0 0.0018709111827774905
524.0 0.002125893661286682
525.0 0.002552405567257665
526.0 0.0029789176551275887
527.0 0.0036976507544750348
528.0 0.004416384035721421
529.0 0.004132969479542226
530.0 0.00384955492336303
531.0 0.0035952933103544638
532.0 0.0033410316973458976
533.0 0.002898668208217714
534.0 0.002456305082887411
535.0 0.0018860991986002773
536.0 0.0013158933143131435
537.0 0.001755711309670005
538.0 0.002195529486925807
539.0 0.0028339220079942606
540.0 0.0034723147109616548
541.0 0.004242569411871955
542.0 0.005012823385186493
543.0 0.0050259477575309575
544.0 0.0050390721298754215
545.0 0.0047863726649666205
546.0 0.0045336732000578195
547.0 0.0036576926504494622
548.0 0.0027817117370432243
549.0 0.002533869155740831
550.0 0.002286026756337378
551.0 0.0022635635104961693
552.0 0.0022411002646549605
553.0 0.002219600173702929
554.0 0.0021981004465487786
555.0 0.0017846590708359145
556.0 0.0013712176951230504
557.0 0.0011493879355839454
558.0 0.0009275580850953702
559.0 0.0007248219390021404
560.0 0.0005220857929089107
561.0 0.0005987151780573186
562.0 0.0006753445177309914
563.0 0.0010167276741412934
564.0 0.0013581106941273902
565.0 0.0015280545994755812
566.0 0.0016979985957732424
567.0 0.0016512218280695379
568.0 0.001604444878466893
569.0 0.0014010587619850412
570.0 0.001197672463604249
571.0 0.0008127596629492473
572.0 0.0004278468622942455
573.0 0.0003946159722545417
574.0 0.00036138494579063263
575.0 0.0004341804469731869
576.0 0.0005069759026810061
577.0 0.0005947727004240733
578.0 0.0006825695436418755
579.0 0.0005280054210743401
580.0 0.000373441184819967
581.0 0.0003903587185050128
582.0 0.00040727622945269104
583.0 0.00037063750824017916
584.0 0.0003339987870276673
585.0 0.0003459903155089705
586.0 0.0003579817530408036
587.0 0.0005862437319592573
588.0 0.000814505710877711
589.0 0.0008688065463502426
590.0 0.0009231073818227742
591.0 0.0007505210305680521
592.0 0.0005779346338385949
593.0 0.0005604430498351576
594.0 0.0005429515567811904
595.0 0.000429127021561726
596.0 0.0003153024181301589
597.0 0.0002852892976079602
598.0 0.00025527617708576145
599.0 0.0002453049546602415
600.0 0.00023533375497208908
601.0 0.0003460859261394944
602.0 0.0004568381427816348
603.0 0.000280566609944799
604.0 0.00010429508847664692
605.0 0.00024225028028013185
606.0 0.00038020543797756545
607.0 0.0002670892854439444
608.0 0.00015397307606690447
609.0 0.0002805435769914766
610.0 0.00040711406654736493
611.0 0.00041425550989515614
612.0 0.00042139695324294735
613.0 0.00036217563774698647
614.0 0.00030295441320049576
615.0 0.00028346046292426763
616.0 0.0002639665581227746
617.0 0.00037852644254599
618.0 0.0004930863724439405
619.0 0.0004631262527254876
620.0 0.00043316622395650484
621.0 0.00038400448829634115
622.0 0.000334842775373545
623.0 0.0002823302338583744
624.0 0.000229817783292674
625.0 0.00028299600671743974
626.0 0.0003361742301422055
627.0 0.00034498973491281504
628.0 0.00035380526242079213
629.0 0.0003887522325385362
630.0 0.00042369920265628025
631.0 0.0003797150384343695
632.0 0.00033573087421245873
633.0 0.0002784779326248099
634.0 0.00022122501377452863
635.0 0.00023715151655778755
636.0 0.000253078042078414
637.0 0.0001795972025320225
638.0 0.00010611645393510116
639.0 0.00038713028516212944
640.0 0.00066814400270232
641.0 0.0005475495527207386
642.0 0.0004269549208402168
643.0 0.0003924550128431292
644.0 0.000357955036633939
645.0 0.0004823272320209071
646.0 0.0006066994501452427
647.0 0.0006577537078555906
648.0 0.0007088079200912034
649.0 0.0006743829544575419
650.0 0.0006399578523996752
651.0 0.000686828661855543
652.0 0.0007336993803619407
653.0 0.0008287823220598511
654.0 0.0009238654456567019
655.0 0.000895267294254154
656.0 0.0008666689609526657
657.0 0.0013826488611812238
658.0 0.0018986287614097819
659.0 0.003392450889805332
660.0 0.02081934653688222
661.0 0.09151769336313009
662.0 0.12331048492342234
663.0 0.14451410388574004
664.0 0.11403673561289907
665.0 0.13313087401911616
666.0 0.16573440516367555
667.0 0.1587873324751854
668.0 0.17562700668349862
669.0 0.25363967288285494
670.0 0.3281107172369957
671.0 0.44856732711195946
672.0 0.7471674121916294
673.0 1.1533895507454872
674.0 1.7464382573962212
675.0 2.5817833840847015
676.0 3.594651445746422
677.0 4.928221553564072
678.0 6.258075684309006
679.0 7.633483409881592
680.0 9.445922076702118
681.0 11.452662944793701
682.0 13.941213488578796
683.0 16.704028844833374
684.0 19.66792941093445
685.0 22.61500358581543
686.0 25.65305233001709
687.0 28.85073721408844
688.0 32.11196959018707
689.0 35.35553216934204
690.0 39.00555372238159
691.0 42.9964542388916
692.0 47.70948886871338
693.0 52.779966592788696
694.0 58.45915079116821
695.0 64.1095757484436
696.0 70.29232382774353
697.0 75.93894004821777
698.0 81.93750381469727
699.0 86.63175106048584
700.0 90.41609168052673
701.0 93.45753788948059
702.0 95.61741948127747
703.0 96.71545028686523
704.0 97.34141826629639
705.0 97.79385328292847
706.0 97.92564511299133
707.0 98.0741024017334
708.0 98.13371896743774
709.0 98.16848039627075
710.0 97.94861078262329
711.0 98.13613295555115
712.0 97.98617959022522
713.0 98.1087863445282
714.0 98.14519882202148
715.0 98.20389747619629
716.0 98.1025755405426
717.0 98.32637906074524
718.0 98.3650803565979
719.0 98.35293889045715
720.0 98.59031438827515
721.0 98.47737550735474
722.0 98.26220273971558
723.0 98.03741574287415
724.0 97.72130846977234
725.0 97.39616513252258
726.0 97.12350368499756
727.0 96.86331748962402
728.0 96.56318426132202
729.0 96.39946818351746
730.0 96.35181427001953
731.0 96.35403156280518
732.0 96.36729955673218
733.0 96.71208262443542
734.0 96.99639678001404
735.0 97.22298979759216
736.0 97.67078161239624
737.0 98.0400025844574
738.0 98.3059823513031
739.0 98.7492561340332
740.0 98.85809421539307
741.0 98.70989918708801
742.0 99.03466701507568
743.0 98.82426261901855
744.0 98.69102835655212
745.0 98.69190454483032
746.0 98.72816801071167
747.0 98.94478917121887
748.0 98.75496029853821
749.0 98.62232804298401
750.0 98.64992499351501
751.0 98.5003411769867
752.0 98.47455620765686
753.0 98.64122271537781
754.0 98.56988191604614
755.0 98.70641231536865
756.0 98.66767525672913
757.0 98.74367713928223
758.0 98.83214831352234
759.0 98.96004796028137
760.0 98.81957769393921
761.0 98.71262907981873
762.0 98.79639148712158
763.0 98.76876473426819
764.0 98.59678745269775
765.0 98.52514266967773
766.0 98.697429895401
767.0 98.46628308296204
768.0 98.51062893867493
769.0 98.5199511051178
770.0 98.28630089759827
771.0 98.28658103942871
772.0 98.34550023078918
773.0 98.20919632911682
774.0 98.05486798286438
775.0 98.14800024032593
776.0 98.03624749183655
777.0 98.11999797821045
778.0 98.07906746864319
779.0 98.14696907997131
780.0 98.02984595298767
781.0 98.35794568061829
782.0 98.22651147842407
783.0 98.33049178123474
784.0 98.21961522102356
785.0 98.36616516113281
786.0 98.47578406333923
787.0 98.34230542182922
788.0 98.41682314872742
789.0 98.50042462348938
790.0 98.4164834022522
791.0 98.49517941474915
792.0 98.31157326698303
793.0 98.26348423957825
794.0 98.28695058822632
795.0 98.09620976448059
796.0 98.11605215072632
797.0 98.19620847702026
798.0 98.16567897796631
799.0 98.02433252334595
800.0 97.82871603965759
801.0 97.84212708473206
802.0 97.80510663986206
803.0 97.55991697311401
804.0 97.4483847618103
805.0 97.12040424346924
806.0 96.71614170074463
807.0 96.06018662452698
808.0 95.10787725448608
809.0 94.10738945007324
810.0 92.82256364822388
811.0 91.11649990081787
812.0 89.02823328971863
813.0 86.54893636703491
814.0 83.57716798782349
815.0 80.10286092758179
816.0 76.51699185371399
817.0 72.235506772995
818.0 67.49632358551025
819.0 63.175058364868164
820.0 58.14971327781677
821.0 53.59435677528381
822.0 49.11057949066162
823.0 44.4811075925827
824.0 39.76995050907135
825.0 35.4690283536911
826.0 30.98522424697876
827.0 26.382705569267273
828.0 22.12754487991333
829.0 17.954720556735992
830.0 13.642947375774384
831.0 10.409597307443619
832.0 7.203894853591919
833.0 4.777849465608597
834.0 2.983022667467594
835.0 1.788017526268959
836.0 1.0255933739244938
837.0 0.6180329248309135
838.0 0.3711799858137965
839.0 0.21792813204228878
840.0 0.14833486638963223
841.0 0.05104661686345935
842.0 0.05365526303648949
843.0 0.024933661916293204
844.0 0.014347078104037791
845.0 0.020947400480508804
846.0 1.63794802374162e-10
847.0 1.63794802374162e-10
848.0 1.63794802374162e-10
849.0 1.63794802374162e-10
850.0 1.63794802374162e-10
851.0 0.0028763655791408382
852.0 0.002943472827610094
853.0 0.00237707827182021
854.0 0.0018106840798282064
855.0 0.0012388442883093376
856.0 0.000667004633214674
857.0 0.0004297373834560858
858.0 0.0001924701564348652
859.0 0.00028176482373964973
860.0 0.0003710594683070667
861.0 0.0002834173074006685
862.0 0.00019577501007006504
863.0 0.00018904941043729195
864.0 0.00018232390175398905
865.0 0.00014588945305149537
866.0 0.00010945501571768546
867.0 1.2236819202371407e-05
868.0 1.63794802374162e-10
869.0 1.63794802374162e-10
870.0 5.8366043731439277e-05
871.0 2.8944347718606878e-05
872.0 1.63794802374162e-10
873.0 9.715844271340757e-05
874.0 0.00019479423372104065
875.0 9.063246011464798e-05
876.0 1.63794802374162e-10
877.0 9.50416222167405e-05
878.0 0.0002036125579252257
879.0 9.503902447249857e-05
880.0 1.63794802374162e-10
881.0 0.00014802747045905562
882.0 0.0003095893816862372
883.0 0.00023386905922961887
884.0 0.00015814871403563302
885.0 0.00012165195357738412
886.0 8.515515332874202e-05
887.0 2.2404513799756387e-05
888.0 1.63794802374162e-10
889.0 1.63794802374162e-10
890.0 1.63794802374162e-10
891.0 8.883903035439289e-06
892.0 4.2581024217724917e-05
893.0 4.505587867242866e-05
894.0 4.753072460061958e-05
895.0 7.115820608305512e-05
896.0 9.478568472331972e-05
897.0 0.000109324355435092
898.0 0.0001238630147781805
899.0 3.7586406165246444e-05
