lsstcam/qe_curves/r10_s12/19700101T000000.ecsv
# %ECSV 0.9
# ---
# datatype:
# - {name: amp_name, datatype: string}
# - {name: wavelength, unit: nm, datatype: float32}
# - {name: efficiency, unit: '%', datatype: float32}
# meta: !!omap
# - {MODE: AMP}
# - {TYPE: QE}
# - {CALIBDATE: '1970-01-01T00:00:00'}
# - {INSTRUME: LSSTCAM}
# - {OBSTYPE: qe_curves}
# - {DETECTOR: 32}
# - {PICKLEFILE: RaftRun10517.p}
# - {CALIB_ID: 'raftName=R10 detectorName=S12 detector=32 calibDate=1970-01-01T00:00:00 ccd=32 ccdnum=32 filter=None'}
# - {DATE: '2019-11-26T21:24:01.365093'}
# - {CALIB_CREATION_DATE: '2019-11-26'}
# - {CALIB_CREATION_TIME: '21:24:01'}
# - __serialized_columns__:
#     efficiency:
#       __class__: astropy.units.quantity.Quantity
#       unit: !astropy.units.Unit {unit: '%'}
#       value: !astropy.table.SerializedColumn {name: efficiency}
#     wavelength:
#       __class__: astropy.units.quantity.Quantity
#       unit: !astropy.units.Unit {unit: nm}
#       value: !astropy.table.SerializedColumn {name: wavelength}
# schema: astropy-2.0
amp_name wavelength efficiency
C16 319.994 47.624237
C16 324.969 48.69532
C16 349.982 55.79541
C16 374.975 69.104164
C16 400.019 81.241646
C16 424.965 83.36625
C16 450.035 83.43967
C16 475.003 83.469864
C16 500.018 83.8386
C16 525.002 84.59008
C16 550.029 85.65434
C16 575.023 87.38034
C16 599.982 89.387276
C16 619.997 90.39554
C16 624.979 90.7934
C16 650.012 92.33609
C16 675.004 93.76686
C16 700.03 94.60178
C16 725.012 95.5688
C16 750.022 96.81377
C16 774.987 97.89503
C16 799.976 98.02307
C16 824.988 97.4034
C16 850.022 96.59178
C16 869.967 94.32066
C16 875.002 93.64245
C16 899.999 87.7728
C16 919.999 80.35302
C16 925.012 77.60663
C16 949.965 64.18087
C16 975.002 53.507664
C16 999.976 31.809713
C16 1025.028 15.650361
C16 1050.014 6.483752
C16 1075.002 3.5882204
C16 1099.99 2.4306672
C10 319.994 46.66823
C10 324.969 47.480343
C10 349.982 53.695297
C10 374.975 67.36622
C10 400.019 80.65377
C10 424.965 83.45454
C10 450.035 83.67324
C10 475.003 83.61215
C10 500.018 83.79193
C10 525.002 84.33219
C10 550.029 85.2236
C10 575.023 86.81683
C10 599.982 88.73112
C10 619.997 89.70162
C10 624.979 90.09695
C10 650.012 91.63166
C10 675.004 93.09478
C10 700.03 94.0222
C10 725.012 95.144035
C10 750.022 96.614746
C10 774.987 97.901535
C10 799.976 98.184555
C10 824.988 97.64714
C10 850.022 96.9796
C10 869.967 94.9128
C10 875.002 94.27432
C10 899.999 88.396706
C10 919.999 80.666405
C10 925.012 77.8838
C10 949.965 64.34175
C10 975.002 53.494812
C10 999.976 31.762564
C10 1025.028 15.886844
C10 1050.014 6.554828
C10 1075.002 3.6452954
C10 1099.99 2.4191544
C01 319.994 48.015923
C01 324.969 49.112625
C01 349.982 56.334435
C01 374.975 69.70399
C01 400.019 81.80313
C01 424.965 83.87795
C01 450.035 83.94226
C01 475.003 83.978
C01 500.018 84.35483
C01 525.002 85.12399
C01 550.029 86.20098
C01 575.023 87.93134
C01 599.982 89.94539
C01 619.997 90.95499
C01 624.979 91.35433
C01 650.012 92.90174
C01 675.004 94.33542
C01 700.03 95.170906
C01 725.012 96.12811
C01 750.022 97.3713
C01 774.987 98.45107
C01 799.976 98.56998
C01 824.988 97.97623
C01 850.022 97.231674
C01 869.967 94.96716
C01 875.002 94.297806
C01 899.999 88.33469
C01 919.999 80.54198
C01 925.012 77.73796
C01 949.965 64.032776
C01 975.002 53.462242
C01 999.976 31.845469
C01 1025.028 15.683541
C01 1050.014 6.5100193
C01 1075.002 3.689542
C01 1099.99 2.4746532
C13 319.994 46.966938
C13 324.969 47.88694
C13 349.982 54.49675
C13 374.975 67.99755
C13 400.019 80.73377
C13 424.965 83.212
C13 450.035 83.356674
C13 475.003 83.32186
C13 500.018 83.5808
C13 525.002 84.21109
C13 550.029 85.17172
C13 575.023 86.82079
C13 599.982 88.774254
C13 619.997 89.76342
C13 624.979 90.15994
C13 650.012 91.69889
C13 675.004 93.14642
C13 700.03 94.05345
C13 725.012 95.1676
C13 750.022 96.61706
C13 774.987 97.900536
C13 799.976 98.14311
C13 824.988 97.54537
C13 850.022 96.818016
C13 869.967 94.619644
C13 875.002 93.932816
C13 899.999 87.9138
C13 919.999 80.3117
C13 925.012 77.53517
C13 949.965 64.34588
C13 975.002 53.66186
C13 999.976 31.806408
C13 1025.028 15.654353
C13 1050.014 6.44235
C13 1075.002 3.5735483
C13 1099.99 2.4251947
C00 319.994 48.121708
C00 324.969 49.25339
C00 349.982 56.56415
C00 374.975 69.817604
C00 400.019 81.76635
C00 424.965 83.785164
C00 450.035 83.870834
C00 475.003 83.95699
C00 500.018 84.37512
C00 525.002 85.17069
C00 550.029 86.260666
C00 575.023 87.99877
C00 599.982 90.0211
C00 619.997 91.0408
C00 624.979 91.44463
C00 650.012 92.99787
C00 675.004 94.42851
C00 700.03 95.2504
C00 725.012 96.16619
C00 750.022 97.35777
C00 774.987 98.37982
C00 799.976 98.46955
C00 824.988 97.86926
C00 850.022 97.11633
C00 869.967 94.82405
C00 875.002 94.13814
C00 899.999 88.17275
C00 919.999 80.47472
C00 925.012 77.71006
C00 949.965 64.026726
C00 975.002 53.52176
C00 999.976 31.956293
C00 1025.028 15.718812
C00 1050.014 6.5388727
C00 1075.002 3.6374097
C00 1099.99 2.4488764
C15 319.994 47.304806
C15 324.969 48.31758
C15 349.982 55.21349
C15 374.975 68.57548
C15 400.019 80.9169
C15 424.965 83.172676
C15 450.035 83.27802
C15 475.003 83.291824
C15 500.018 83.62378
C15 525.002 84.33005
C15 550.029 85.35113
C15 575.023 87.044846
C15 599.982 89.02383
C15 619.997 90.021
C15 624.979 90.42054
C15 650.012 91.955185
C15 675.004 93.38453
C15 700.03 94.244545
C15 725.012 95.25752
C15 750.022 96.57289
C15 774.987 97.720215
C15 799.976 97.89061
C15 824.988 97.281586
C15 850.022 96.50432
C15 869.967 94.280205
C15 875.002 93.60365
C15 899.999 87.70869
C15 919.999 80.23961
C15 925.012 77.485176
C15 949.965 64.14356
C15 975.002 53.48447
C15 999.976 31.792189
C15 1025.028 15.6394615
C15 1050.014 6.4642806
C15 1075.002 3.5874119
C15 1099.99 2.433297
C04 319.994 47.35076
C04 324.969 48.297348
C04 349.982 55.023567
C04 374.975 68.64756
C04 400.019 81.377914
C04 424.965 83.826584
C04 450.035 83.98775
C04 475.003 83.99513
C04 500.018 84.26885
C04 525.002 84.90727
C04 550.029 85.862236
C04 575.023 87.49038
C04 599.982 89.415535
C04 619.997 90.38388
C04 624.979 90.77802
C04 650.012 92.30405
C04 675.004 93.74521
C04 700.03 94.63987
C04 725.012 95.749855
C04 750.022 97.19234
C04 774.987 98.477615
C04 799.976 98.71727
C04 824.988 98.141235
C04 850.022 97.453545
C04 869.967 95.19482
C04 875.002 94.50595
C04 899.999 88.36708
C04 919.999 80.53007
C04 925.012 77.72715
C04 949.965 64.17608
C04 975.002 53.586185
C04 999.976 31.89641
C04 1025.028 15.634205
C04 1050.014 6.3832164
C04 1075.002 3.6502979
C04 1099.99 2.496166
C07 319.994 47.20069
C07 324.969 48.018173
C07 349.982 54.299484
C07 374.975 68.10419
C07 400.019 81.415436
C07 424.965 84.222534
C07 450.035 84.51605
C07 475.003 84.53189
C07 500.018 84.72746
C07 525.002 85.27349
C07 550.029 86.14757
C07 575.023 87.67533
C07 599.982 89.50825
C07 619.997 90.423965
C07 624.979 90.80879
C07 650.012 92.30499
C07 675.004 93.74206
C07 700.03 94.65
C07 725.012 95.76358
C07 750.022 97.22586
C07 774.987 98.52168
C07 799.976 98.79876
C07 824.988 98.2675
C07 850.022 97.595375
C07 869.967 95.32988
C07 875.002 94.620895
C07 899.999 88.59078
C07 919.999 81.08543
C07 925.012 78.27887
C07 949.965 64.51546
C07 975.002 53.755413
C07 999.976 32.13179
C07 1025.028 15.889046
C07 1050.014 6.4169273
C07 1075.002 3.6571832
C07 1099.99 2.5113664
C06 319.994 47.21496
C06 324.969 48.077198
C06 349.982 54.501606
C06 374.975 68.265884
C06 400.019 81.40882
C06 424.965 84.11225
C06 450.035 84.35826
C06 475.003 84.36132
C06 500.018 84.57309
C06 525.002 85.14371
C06 550.029 86.03799
C06 575.023 87.59806
C06 599.982 89.47036
C06 619.997 90.40926
C06 624.979 90.79839
C06 650.012 92.30532
C06 675.004 93.7443
C06 700.03 94.66347
C06 725.012 95.8042
C06 750.022 97.31162
C06 774.987 98.65104
C06 799.976 98.93004
C06 824.988 98.380905
C06 850.022 97.72046
C06 869.967 95.41755
C06 875.002 94.69774
C06 899.999 88.511505
C06 919.999 80.98927
C06 925.012 78.216835
C06 949.965 64.58893
C06 975.002 53.82086
C06 999.976 32.155952
C06 1025.028 15.820526
C06 1050.014 6.3391495
C06 1075.002 3.6135774
C06 1099.99 2.4915016
C02 319.994 47.74006
C02 324.969 48.775482
C02 349.982 55.80275
C02 374.975 69.26412
C02 400.019 81.59627
C02 424.965 83.81485
C02 450.035 83.92506
C02 475.003 83.95864
C02 500.018 84.30225
C02 525.002 85.01632
C02 550.029 86.03823
C02 575.023 87.72137
C02 599.982 89.69603
C02 619.997 90.689384
C02 624.979 91.087524
C02 650.012 92.62577
C02 675.004 94.05845
C02 700.03 94.913315
C02 725.012 95.926865
C02 750.022 97.23697
C02 774.987 98.38647
C02 799.976 98.54504
C02 824.988 97.95936
C02 850.022 97.23152
C02 869.967 94.96819
C02 875.002 94.2983
C02 899.999 88.27492
C02 919.999 80.457054
C02 925.012 77.65066
C02 949.965 64.00768
C02 975.002 53.434105
C02 999.976 31.797758
C02 1025.028 15.646573
C02 1050.014 6.4692845
C02 1075.002 3.686314
C02 1099.99 2.4891396
C11 319.994 46.930447
C11 324.969 47.776283
C11 349.982 54.16748
C11 374.975 67.86454
C11 400.019 81.03696
C11 424.965 83.73936
C11 450.035 83.92789
C11 475.003 83.862045
C11 500.018 84.0686
C11 525.002 84.640755
C11 550.029 85.571236
C11 575.023 87.18032
C11 599.982 89.13667
C11 619.997 90.12092
C11 624.979 90.51377
C11 650.012 92.05732
C11 675.004 93.52673
C11 700.03 94.465576
C11 725.012 95.61888
C11 750.022 97.14398
C11 774.987 98.48527
C11 799.976 98.75985
C11 824.988 98.21163
C11 850.022 97.52428
C11 869.967 95.36359
C11 875.002 94.682076
C11 899.999 88.66514
C11 919.999 80.9605
C11 925.012 78.17358
C11 949.965 64.92079
C11 975.002 54.055588
C11 999.976 31.951778
C11 1025.028 15.908885
C11 1050.014 6.514115
C11 1075.002 3.610503
C11 1099.99 2.4297671
C14 319.994 46.67876
C14 324.969 47.630966
C14 349.982 54.28821
C14 374.975 67.565094
C14 400.019 79.98494
C14 424.965 82.33762
C14 450.035 82.4721
C14 475.003 82.464165
C14 500.018 82.7582
C14 525.002 83.418144
C14 550.029 84.40284
C14 575.023 86.05647
C14 599.982 87.99848
C14 619.997 88.97819
C14 624.979 89.37525
C14 650.012 90.89324
C14 675.004 92.317894
C14 700.03 93.195366
C14 725.012 94.24899
C14 750.022 95.6239
C14 774.987 96.83039
C14 799.976 97.04334
C14 824.988 96.4486
C14 850.022 95.70961
C14 869.967 93.526115
C14 875.002 92.85728
C14 899.999 86.96053
C14 919.999 79.50636
C14 925.012 76.76921
C14 949.965 63.623383
C14 975.002 53.056366
C14 999.976 31.53077
C14 1025.028 15.501563
C14 1050.014 6.3935933
C14 1075.002 3.547093
C14 1099.99 2.4085307
C05 319.994 47.205593
C05 324.969 48.108406
C05 349.982 54.668633
C05 374.975 68.34166
C05 400.019 81.267975
C05 424.965 83.838135
C05 450.035 84.02961
C05 475.003 84.01989
C05 500.018 84.26075
C05 525.002 84.86784
C05 550.029 85.799034
C05 575.023 87.40469
C05 599.982 89.30779
C05 619.997 90.26675
C05 624.979 90.65964
C05 650.012 92.180244
C05 675.004 93.62238
C05 700.03 94.532745
C05 725.012 95.67541
C05 750.022 97.16368
C05 774.987 98.49609
C05 799.976 98.766685
C05 824.988 98.20445
C05 850.022 97.528305
C05 869.967 95.27084
C05 875.002 94.57304
C05 899.999 88.38188
C05 919.999 80.68815
C05 925.012 77.90031
C05 949.965 64.31486
C05 975.002 53.64707
C05 999.976 32.02133
C05 1025.028 15.730585
C05 1050.014 6.3490458
C05 1075.002 3.6267302
C05 1099.99 2.48853
C17 319.994 47.45339
C17 324.969 48.57018
C17 349.982 55.769176
C17 374.975 68.89394
C17 400.019 80.77486
C17 424.965 82.80457
C17 450.035 82.89015
C17 475.003 82.97382
C17 500.018 83.38777
C17 525.002 84.169876
C17 550.029 85.24752
C17 575.023 86.968315
C17 599.982 88.96308
C17 619.997 89.96862
C17 624.979 90.367836
C17 650.012 91.90131
C17 675.004 93.31853
C17 700.03 94.13348
C17 725.012 95.044106
C17 750.022 96.231125
C17 774.987 97.24577
C17 799.976 97.3346
C17 824.988 96.71688
C17 850.022 95.88408
C17 869.967 93.515076
C17 875.002 92.80924
C17 899.999 86.95433
C17 919.999 79.65379
C17 925.012 76.97037
C17 949.965 63.697697
C17 975.002 53.155315
C17 999.976 31.57572
C17 1025.028 15.510979
C17 1050.014 6.405198
C17 1075.002 3.5094569
C17 1099.99 2.378437
C12 319.994 46.92249
C12 324.969 47.81291
C12 349.982 54.336662
C12 374.975 67.96657
C12 400.019 80.920685
C12 424.965 83.493286
C12 450.035 83.64206
C12 475.003 83.58055
C12 500.018 83.807846
C12 525.002 84.41263
C12 550.029 85.367325
C12 575.023 87.00706
C12 599.982 88.9607
C12 619.997 89.94895
C12 624.979 90.34627
C12 650.012 91.884674
C12 675.004 93.339165
C12 700.03 94.26133
C12 725.012 95.409676
C12 750.022 96.908356
C12 774.987 98.239456
C12 799.976 98.50232
C12 824.988 97.9207
C12 850.022 97.21674
C12 869.967 95.01792
C12 875.002 94.32467
C12 899.999 88.27681
C12 919.999 80.61827
C12 925.012 77.837875
C12 949.965 64.70445
C12 975.002 53.953827
C12 999.976 31.887808
C12 1025.028 15.773944
C12 1050.014 6.4693418
C12 1075.002 3.5837452
C12 1099.99 2.4266763
C03 319.994 47.549698
C03 324.969 48.54179
C03 349.982 55.419228
C03 374.975 68.97517
C03 400.019 81.52023
C03 424.965 83.85604
C03 450.035 83.99151
C03 475.003 84.0089
C03 500.018 84.317406
C03 525.002 84.99974
C03 550.029 85.99288
C03 575.023 87.6524
C03 599.982 89.602005
C03 619.997 90.58039
C03 624.979 90.97412
C03 650.012 92.50747
C03 675.004 93.94338
C03 700.03 94.81748
C03 725.012 95.876564
C03 750.022 97.26048
C03 774.987 98.48338
C03 799.976 98.68172
C03 824.988 98.09797
C03 850.022 97.38767
C03 869.967 95.11876
C03 875.002 94.43669
C03 899.999 88.35547
C03 919.999 80.480484
C03 925.012 77.66667
C03 949.965 64.06784
C03 975.002 53.513115
C03 999.976 31.815056
C03 1025.028 15.593768
C03 1050.014 6.417468
C03 1075.002 3.6652758
C03 1099.99 2.4936612
