lsstCam/transmission_filter_detector/r30_s10/u_24/19700101T000000.ecsv
# %ECSV 1.0
# ---
# datatype:
# - {name: wavelength, unit: nm, datatype: float32}
# - {name: efficiency, unit: '%', datatype: float64}
# meta: !!omap
# - {MODE: DETECTOR}
# - {TYPE: transmission_filter_detector}
# - {CALIBDATE: '1970-01-01T00:00:00'}
# - {INSTRUME: LSSTCam}
# - {OBSTYPE: transmission_filter_detector}
# - {CALIBCLS: lsst.ip.isr.IntermediateFilterDetectorTransmissionCurve}
# - {SOURCE: Materion (DM-46256)}
# - {DETECTOR: 120}
# - {FILTER: u_24}
# - {CALIB_ID: 'calibDate=1970-01-01T00:00:00 filter=u_24 detector=120'}
# - {DATE: '2025-04-02T15:59:40.304360'}
# - {CALIB_CREATION_DATE: '2025-04-02'}
# - {CALIB_CREATION_TIME: '15:59:40'}
# - __serialized_columns__:
#     efficiency:
#       __class__: astropy.units.quantity.Quantity
#       unit: !astropy.units.Unit {unit: '%'}
#       value: !astropy.table.SerializedColumn {name: efficiency}
#     wavelength:
#       __class__: astropy.units.quantity.Quantity
#       unit: !astropy.units.Unit {unit: nm}
#       value: !astropy.table.SerializedColumn {name: wavelength}
# schema: astropy-2.0
wavelength efficiency
[from data line 582]
877.0 0.003191182986483909
878.0 0.003199177808710374
879.0 0.0030869538022670895
880.0 0.0029747296139248647
881.0 0.00318065685860347
882.0 0.003386583921383135
883.0 0.003352681960677728
884.0 0.0033187796361744404
885.0 0.0029901346351834945
886.0 0.0026614899979904294
887.0 0.002541165304137394
888.0 0.002420840428385418
889.0 0.0025471128537901677
890.0 0.002673385461093858
891.0 0.0029841361538274214
892.0 0.003294886846560985
893.0 0.0032302854378940538
894.0 0.0031656843930250034
895.0 0.003577048846636899
896.0 0.003988413300248794
897.0 0.004176567381364293
898.0 0.004364720734884031
899.0 0.00436950103903655
900.0 0.004374280979391187
901.0 0.00457267597084865
902.0 0.004771070962306112
903.0 0.004590526805259287
904.0 0.004409982648212463
905.0 0.004966484266333282
906.0 0.005522986248251982
907.0 0.00549525793758221
908.0 0.005467529990710318
909.0 0.0058207413530908525
910.0 0.006173953443067148
911.0 0.006045251575415023
912.0 0.005916550071560778
913.0 0.0056885673984652385
914.0 0.005460584361571819
915.0 0.005010878521716222
916.0 0.004561172681860626
917.0 0.004357822035672143
918.0 0.0041544713894836605
919.0 0.004253626320860349
920.0 0.004352780888439156
921.0 0.004916197940474376
922.0 0.005479614992509596
923.0 0.005938070171396248
924.0 0.006396524986485019
925.0 0.006983269122429192
926.0 0.007570012530777603
927.0 0.007722370355622843
928.0 0.007874727452872321
929.0 0.008006273856153712
930.0 0.008137820259435102
931.0 0.007768343493808061
932.0 0.007398866000585258
933.0 0.007491048745578155
934.0 0.007583232218166813
935.0 0.007191421173047274
936.0 0.006799610855523497
937.0 0.0065646032453514636
938.0 0.006329594179987907
939.0 0.006736438808729872
940.0 0.0071432812546845526
941.0 0.006304401176748797
942.0 0.005465521098813042
943.0 0.004987170905224048
944.0 0.0045088203478371724
945.0 0.0036553734389599413
946.0 0.00280192653008271
947.0 0.002285606024088338
948.0 0.0017692853361950256
949.0 0.0018024504242930561
950.0 0.0018356153304921463
951.0 0.0017096659576054662
952.0 0.0015837162209209055
953.0 0.0018098682630807161
954.0 0.002036020305240527
955.0 0.002035533543676138
956.0 0.0020350466002128087
957.0 0.0025106251996476203
958.0 0.002986204344779253
959.0 0.0032841580832609907
960.0 0.0035821125493384898
961.0 0.004262921720510349
962.0 0.004943730891682208
963.0 0.00485098353237845
964.0 0.004758235809276812
965.0 0.005082834104541689
966.0 0.005407432763604447
967.0 0.00515647407155484
968.0 0.004905516107100993
969.0 0.0049865306209539995
970.0 0.005067545498604886
971.0 0.005033527122577652
972.0 0.0049995087465504184
973.0 0.004956303382641636
974.0 0.0049130976549349725
975.0 0.00475218657811638
976.0 0.004591275501297787
977.0 0.00420936630689539
978.0 0.003827456384897232
979.0 0.0036021199775859714
980.0 0.0033767835702747107
981.0 0.0035405591916060075
982.0 0.003704335176735185
983.0 0.0035144839785061777
984.0 0.0033246327802771702
985.0 0.003581893179216422
986.0 0.0038391543057514355
987.0 0.004112998431082815
988.0 0.004386842192616314
989.0 0.005070842234999873
990.0 0.005754842277383432
991.0 0.006687638961011544
992.0 0.007620435644639656
993.0 0.008335390157299116
994.0 0.009050343942362815
995.0 0.008947134483605623
996.0 0.00884392429725267
997.0 0.008437514043180272
998.0 0.008031103061512113
999.0 0.00739803581382148
1000.0 0.006764970748918131
1001.0 0.006318233499769121
1002.0 0.005871496978215873
1003.0 0.0053837178711546585
1004.0 0.004895938764093444
1005.0 0.004884027293883264
1006.0 0.004872115823673084
1007.0 0.0049479327572043985
1008.0 0.0050237511459272355
1009.0 0.004987659121979959
1010.0 0.004951568917022087
1011.0 0.0043963358621113
1012.0 0.0038411028072005138
1013.0 0.003606986501836218
1014.0 0.003372870560269803
1015.0 0.003066056888201274
1016.0 0.002759243579930626
1017.0 0.002455806315992959
1018.0 0.0021523694158531725
1019.0 0.001968253309314605
1020.0 0.0017841373846749775
1021.0 0.002035239049291704
1022.0 0.002286341077706311
1023.0 0.0021143141566426493
1024.0 0.0019422870536800474
1025.0 0.0017202783055836335
1026.0 0.0014982695574872196
1027.0 0.001926416007336229
1028.0 0.0023545619114884175
1029.0 0.002236266118416097
1030.0 0.002117970143444836
1031.0 0.002072547431453131
1032.0 0.002027124719461426
1033.0 0.0019828421500278637
1034.0 0.0019385595805943012
1035.0 0.001750023329805117
1036.0 0.0015614867152180523
1037.0 0.002151520129700657
1038.0 0.0027415535441832617
1039.0 0.002410461092949845
1040.0 0.0020793684598174877
1041.0 0.002191486237279605
1042.0 0.002303604196640663
1043.0 0.00238442935369676
1044.0 0.0024652545107528567
1045.0 0.0023196771508082747
1046.0 0.0021740996089647524
1047.0 0.0022301544959191233
1048.0 0.002286209382873494
1049.0 0.0024000832127057947
1050.0 0.0025139570425380953
1051.0 0.0021435173039208166
1052.0 0.0017730777472024783
1053.0 0.0015514176993747242
1054.0 0.00132975765154697
1055.0 0.0017158135960926302
1056.0 0.0021018697225372307
1057.0 0.0015038691344670951
1058.0 0.0009058685463969596
1059.0 0.0015684567188145593
1060.0 0.0022310450731310993
1061.0 0.00243906797550153
1062.0 0.002647091241669841
1063.0 0.001746281486703083
1064.0 0.0008454720955342054
1065.0 0.001558303483761847
1066.0 0.0022711348719894886
1067.0 0.002198859874624759
1068.0 0.0021265850591589697
1069.0 0.0019683428035932593
1070.0 0.0018101007299264893
1071.0 0.0017710977772367187
1072.0 0.0017320946426480077
1073.0 0.0023670538212172687
1074.0 0.003002012635988649
1075.0 0.0024506745830876753
1076.0 0.0018993365301867016
1077.0 0.0016525136743439361
1078.0 0.0014056905456527602
1079.0 0.0032159463444259018
1080.0 0.0050262016884516925
1081.0 0.004900493877357803
1082.0 0.004774786430061795
1083.0 0.005413982580648735
1084.0 0.0060531787312356755
1085.0 0.00548253083252348
1086.0 0.004911882933811285
1087.0 0.004782462201546878
1088.0 0.004653041833080351
1089.0 0.004326254565967247
1090.0 0.003999467662652023
1091.0 0.00315612560370937
1092.0 0.0023127839085645974
1093.0 0.0044527398131322116
1094.0 0.006592694990104064
1095.0 0.004858794636675157
1096.0 0.0031248935556504875
1097.0 0.0028676391593762673
1098.0 0.0026103843993041664
1099.0 0.0037135603633942083
1100.0 0.004816737418877892
