lsstCam/transmission_filter_detector/r30_s10/u_24/19700101T000000.ecsv
# %ECSV 1.0
# ---
# datatype:
# - {name: wavelength, unit: nm, datatype: float32}
# - {name: efficiency, unit: '%', datatype: float64}
# meta: !!omap
# - {MODE: DETECTOR}
# - {TYPE: transmission_filter_detector}
# - {CALIBDATE: '1970-01-01T00:00:00'}
# - {INSTRUME: LSSTCam}
# - {OBSTYPE: transmission_filter_detector}
# - {CALIBCLS: lsst.ip.isr.IntermediateFilterDetectorTransmissionCurve}
# - {SOURCE: Materion (DM-46256)}
# - {DETECTOR: 120}
# - {FILTER: u_24}
# - {CALIB_ID: 'calibDate=1970-01-01T00:00:00 filter=u_24 detector=120'}
# - {DATE: '2025-04-02T15:59:40.304360'}
# - {CALIB_CREATION_DATE: '2025-04-02'}
# - {CALIB_CREATION_TIME: '15:59:40'}
# - __serialized_columns__:
#     efficiency:
#       __class__: astropy.units.quantity.Quantity
#       unit: !astropy.units.Unit {unit: '%'}
#       value: !astropy.table.SerializedColumn {name: efficiency}
#     wavelength:
#       __class__: astropy.units.quantity.Quantity
#       unit: !astropy.units.Unit {unit: nm}
#       value: !astropy.table.SerializedColumn {name: wavelength}
# schema: astropy-2.0
wavelength efficiency
295.0 1.9704045253060576e-10
296.0 1.9704045253060576e-10
297.0 1.9704045253060576e-10
298.0 0.08474044152535498
299.0 0.08435920462943614
300.0 1.9704045253060576e-10
301.0 1.9704045253060576e-10
302.0 1.9704045253060576e-10
303.0 0.0816391664557159
304.0 0.5312521010637283
305.0 1.234501414000988
306.0 3.121790662407875
307.0 5.360151827335358
308.0 8.281614631414413
309.0 11.950366199016571
310.0 15.910251438617706
311.0 19.690674543380737
312.0 23.276354372501373
313.0 26.124534010887146
314.0 28.770002722740173
315.0 31.288540363311768
316.0 33.7756872177124
317.0 37.157317996025085
318.0 41.09655022621155
319.0 46.067875623703
320.0 52.606332302093506
321.0 58.03353190422058
322.0 63.72712850570679
323.0 68.4036910533905
324.0 71.70478701591492
325.0 74.1888165473938
326.0 76.33116245269775
327.0 77.72008180618286
328.0 79.52536344528198
329.0 80.72558045387268
330.0 81.52686357498169
331.0 81.97530508041382
332.0 82.0819079875946
333.0 82.40573406219482
334.0 82.4342668056488
335.0 82.86716938018799
336.0 83.36710929870605
337.0 84.16416645050049
338.0 84.95521545410156
339.0 85.41592359542847
340.0 85.70840954780579
341.0 86.14923357963562
342.0 86.43831014633179
343.0 86.38468980789185
344.0 86.69030666351318
345.0 87.11865544319153
346.0 87.3994529247284
347.0 87.73894906044006
348.0 88.01820278167725
349.0 88.19664120674133
350.0 88.17543983459473
351.0 88.34257125854492
352.0 88.28262090682983
353.0 88.2394552230835
354.0 88.17763328552246
355.0 88.36812376976013
356.0 88.36144804954529
357.0 88.17291855812073
358.0 87.68176436424255
359.0 87.46365308761597
360.0 87.33752965927124
361.0 87.12171912193298
362.0 87.0584487915039
363.0 87.27390170097351
364.0 87.59654760360718
365.0 87.99267411231995
366.0 88.26487064361572
367.0 88.36663365364075
368.0 88.36321830749512
369.0 88.43008279800415
370.0 88.42417597770691
371.0 88.40932250022888
372.0 88.580322265625
373.0 88.8518214225769
374.0 88.96617889404297
375.0 89.31955695152283
376.0 89.58278298377991
377.0 89.69509601593018
378.0 89.6447479724884
379.0 89.01250958442688
380.0 87.94246912002563
381.0 86.21454238891602
382.0 84.20739769935608
383.0 82.1367621421814
384.0 79.9828827381134
385.0 77.38275527954102
386.0 74.50286746025085
387.0 70.5954909324646
388.0 66.46526455879211
389.0 61.6276741027832
390.0 57.27189779281616
391.0 52.9339075088501
392.0 48.80501329898834
393.0 45.33226788043976
394.0 41.70626401901245
395.0 37.35239803791046
396.0 32.17952251434326
397.0 25.19373893737793
398.0 18.076787889003754
399.0 11.321663856506348
400.0 5.828473716974258
401.0 2.3961709812283516
402.0 0.7646079640835524
403.0 0.2903793705627322
404.0 0.09831601055338979
405.0 0.03180814965162426
406.0 0.02189412625739351
407.0 0.010512909648241475
408.0 1.9704045253060576e-10
409.0 1.9704045253060576e-10
410.0 1.9704045253060576e-10
411.0 1.9704045253060576e-10
412.0 1.9704045253060576e-10
413.0 1.9704045253060576e-10
414.0 1.9704045253060576e-10
415.0 1.9704045253060576e-10
416.0 1.9704045253060576e-10
417.0 1.9704045253060576e-10
418.0 1.9704045253060576e-10
419.0 1.9704045253060576e-10
420.0 1.9704045253060576e-10
421.0 1.9704045253060576e-10
422.0 1.9704045253060576e-10
423.0 1.9704045253060576e-10
424.0 1.9704045253060576e-10
425.0 1.9704045253060576e-10
426.0 1.9704045253060576e-10
427.0 1.9704045253060576e-10
428.0 0.000329307340507512
429.0 1.9704045253060576e-10
430.0 1.9704045253060576e-10
431.0 1.9704045253060576e-10
432.0 1.9704045253060576e-10
433.0 1.9704045253060576e-10
434.0 1.9704045253060576e-10
435.0 0.00035697812563739717
436.0 0.0019901855921489187
437.0 0.0010003382158174645
438.0 1.0490681745523034e-05
439.0 0.0005240181508270325
440.0 0.0010375459169154055
441.0 0.0007745148650428746
442.0 0.0005114844043418998
443.0 0.0002804039013426518
444.0 4.932339265906194e-05
445.0 1.9704045253060576e-10
446.0 1.9704045253060576e-10
447.0 1.9704045253060576e-10
448.0 0.000443506132796756
449.0 0.00011169290701218415
450.0 1.9704045253060576e-10
451.0 1.9704045253060576e-10
452.0 1.9704045253060576e-10
453.0 6.335226885312295e-05
454.0 0.00031112638225749834
455.0 1.9704045253060576e-10
456.0 1.9704045253060576e-10
457.0 1.9704045253060576e-10
458.0 0.0003231158189009875
459.0 1.9704045253060576e-10
460.0 1.9704045253060576e-10
461.0 1.9704045253060576e-10
462.0 1.9704045253060576e-10
463.0 1.9704045253060576e-10
464.0 1.9704045253060576e-10
465.0 6.283303832788079e-05
466.0 0.0005073830834589899
467.0 0.0005921018328081118
468.0 0.0006768204457330285
469.0 8.207125574699603e-05
470.0 1.9704045253060576e-10
471.0 1.9704045253060576e-10
472.0 1.9704045253060576e-10
473.0 1.9704045253060576e-10
474.0 1.9704045253060576e-10
475.0 1.9704045253060576e-10
476.0 1.9704045253060576e-10
477.0 1.9704045253060576e-10
478.0 1.9704045253060576e-10
479.0 1.9704045253060576e-10
480.0 1.9704045253060576e-10
481.0 1.9704045253060576e-10
482.0 1.9704045253060576e-10
483.0 1.9704045253060576e-10
484.0 8.922364003183247e-06
485.0 1.9704045253060576e-10
486.0 1.9704045253060576e-10
487.0 1.9704045253060576e-10
488.0 1.9704045253060576e-10
489.0 8.272282912002993e-05
490.0 0.00021489493065018905
491.0 1.9704045253060576e-10
492.0 1.9704045253060576e-10
493.0 1.9704045253060576e-10
494.0 1.9704045253060576e-10
495.0 1.9704045253060576e-10
496.0 1.9704045253060576e-10
497.0 1.9704045253060576e-10
498.0 1.9704045253060576e-10
499.0 1.9704045253060576e-10
500.0 1.9704045253060576e-10
501.0 1.9704045253060576e-10
502.0 1.9704045253060576e-10
503.0 1.9704045253060576e-10
504.0 1.9704045253060576e-10
505.0 1.9704045253060576e-10
506.0 1.9704045253060576e-10
507.0 0.00021451296561281197
508.0 0.0006342087999655632
509.0 5.417340389612946e-05
510.0 1.9704045253060576e-10
511.0 1.9704045253060576e-10
512.0 0.0003812897602983867
513.0 0.00031374336231237976
514.0 0.0002461969415890053
515.0 0.00017751514178598882
516.0 0.00010883318282139953
517.0 1.9704045253060576e-10
518.0 1.9704045253060576e-10
519.0 1.9704045253060576e-10
520.0 1.9704045253060576e-10
521.0 1.9704045253060576e-10
522.0 1.9704045253060576e-10
523.0 1.9704045253060576e-10
524.0 1.9704045253060576e-10
525.0 1.9704045253060576e-10
526.0 1.9704045253060576e-10
527.0 1.9704045253060576e-10
528.0 1.9704045253060576e-10
529.0 1.9704045253060576e-10
530.0 0.00023543643692391925
531.0 1.9704045253060576e-10
532.0 1.9704045253060576e-10
533.0 1.9704045253060576e-10
534.0 1.9704045253060576e-10
535.0 1.9704045253060576e-10
536.0 1.9704045253060576e-10
537.0 1.9704045253060576e-10
538.0 1.9704045253060576e-10
539.0 6.24724293629697e-05
540.0 0.0002631464894875535
541.0 1.9704045253060576e-10
542.0 1.9704045253060576e-10
543.0 1.9704045253060576e-10
544.0 1.9704045253060576e-10
545.0 0.00016348325289072818
546.0 0.0003802712399192387
547.0 1.9704045253060576e-10
548.0 1.9704045253060576e-10
549.0 1.9704045253060576e-10
550.0 1.9704045253060576e-10
551.0 1.9704045253060576e-10
552.0 0.00010197907158726593
553.0 1.9704045253060576e-10
554.0 1.9704045253060576e-10
555.0 1.9704045253060576e-10
556.0 1.9704045253060576e-10
557.0 1.9704045253060576e-10
558.0 2.0825186197725998e-05
559.0 1.9704045253060576e-10
560.0 1.9704045253060576e-10
561.0 1.9704045253060576e-10
562.0 0.00016783341152404319
563.0 0.0002706769919313956
564.0 0.0003735203335963888
565.0 1.9704045253060576e-10
566.0 1.9704045253060576e-10
567.0 1.9704045253060576e-10
568.0 1.9704045253060576e-10
569.0 1.9704045253060576e-10
570.0 1.9704045253060576e-10
571.0 0.0001743757593430928
572.0 0.0005308486834110226
573.0 0.0005146718194737332
574.0 0.0004984950464859139
575.0 0.000498051349495654
576.0 0.0004976076525053941
577.0 0.0005050816525908886
578.0 0.0005125556072016479
579.0 0.000710841186446487
580.0 0.0009091268111660611
581.0 0.0011877587894559838
582.0 0.001466390494897496
583.0 0.0013957345800008625
584.0 0.0013250784832052886
585.0 0.0010628104973875452
586.0 0.0008005427844182122
587.0 0.0005106576281832531
588.0 0.00022077251742302906
589.0 0.0006464227226388175
590.0 0.001072072973329341
591.0 0.0009763950401975308
592.0 0.0008807171070657205
593.0 0.0007166479917941615
594.0 0.0005525789219973376
595.0 0.0007929313142085448
596.0 0.0010332838428439572
597.0 0.0013128144928487018
598.0 0.001592344960954506
599.0 0.0019964998500654474
600.0 0.002400654921075329
601.0 0.0026910045562544838
602.0 0.0029813541914336383
603.0 0.002344497261219658
604.0 0.0017076406948035583
605.0 0.0014384461792360526
606.0 0.0011692518455674872
607.0 0.0010521450349187944
608.0 0.0009350379514216911
609.0 0.0007967288183863275
610.0 0.0006584195489267586
611.0 0.000596452582612983
612.0 0.0005344855708244722
613.0 0.0007077021109580528
614.0 0.000880918469192693
615.0 0.0006646450856351294
616.0 0.00044837147470389027
617.0 0.000437223025073763
618.0 0.0004260745299689006
619.0 0.0005050550953455968
620.0 0.000584035660722293
621.0 0.0006065657544240821
622.0 0.0006290958481258713
623.0 0.0006365565241139848
624.0 0.0006440172001020983
625.0 0.0009047401363204699
626.0 0.0011654631634883117
627.0 0.0012059960681654047
628.0 0.0012465292456909083
629.0 0.0012666338989220094
630.0 0.0012867382793047
631.0 0.0016103087546071038
632.0 0.001933879502757918
633.0 0.002465099169057794
634.0 0.0029963191991555505
635.0 0.002997543015226256
636.0 0.002998767013195902
637.0 0.0022667329176329076
638.0 0.0015346988220699131
639.0 0.001446727583243046
640.0 0.001358756435365649
641.0 0.001373050963593414
642.0 0.0013873454918211792
643.0 0.0010809819286805578
644.0 0.000774618183640996
645.0 0.0002898328602896072
646.0 1.9704045253060576e-10
647.0 4.2611613793042125e-06
648.0 0.00020347470126580447
649.0 1.0564118468892048e-05
650.0 1.9704045253060576e-10
651.0 0.000322788264384144
652.0 0.0008279231224150863
653.0 0.0011870102753164247
654.0 0.001546097337268293
655.0 0.0016913611034397036
656.0 0.0018366248696111143
657.0 0.002414174741716124
658.0 0.0029917244319221936
659.0 0.0035518307413440198
660.0 0.004111936868866906
661.0 0.003540050965966657
662.0 0.002968164517369587
663.0 0.002485991717549041
664.0 0.002003818917728495
665.0 0.0014059599379834253
666.0 0.000808101049187826
667.0 0.0010716976248659194
668.0 0.001335294382442953
669.0 0.0010738250239228364
670.0 0.0008123556654027198
671.0 0.0005690818852599477
672.0 0.00032580817332927836
673.0 0.000576079719394329
674.0 0.0008263513336714823
675.0 0.000973432634054916
676.0 0.0011205138434888795
677.0 0.0014474236195383128
678.0 0.0017743332136888057
679.0 0.002359323116252199
680.0 0.002944313018815592
681.0 0.004123679536860436
682.0 0.0053030460549052805
683.0 0.006903624307597056
684.0 0.008504202560288832
685.0 0.009263926767744124
686.0 0.0100236531579867
687.0 0.00865317924763076
688.0 0.00728270533727482
689.0 0.005912560664000921
690.0 0.004542416718322784
691.0 0.0039552378439111635
692.0 0.0033680589694995433
693.0 0.0031181862141238526
694.0 0.002868313640647102
695.0 0.0021049712813692167
696.0 0.0013416288311418612
697.0 0.001097140739148017
698.0 0.0008526526471541729
699.0 0.0005238829089648789
700.0 0.0001951130798261147
701.0 0.0003700352408486651
702.0 0.0005449574928206857
703.0 0.0004604853529599495
704.0 0.00037601307667500805
705.0 0.0007759207619528752
706.0 0.0011758285836549476
707.0 0.0010972244126605801
708.0 0.0010186203326156829
709.0 0.0010226746780972462
710.0 0.0010267290235788096
711.0 0.0008415589945798274
712.0 0.0006563889655808453
713.0 0.0006227355697774328
714.0 0.0005890822194487555
715.0 0.0005822388629894704
716.0 0.00057539537010598
717.0 0.0005837623120896751
718.0 0.0005921292085986352
719.0 0.0005019652235205285
720.0 0.00041180105654348154
721.0 0.0003524653038766701
722.0 0.00029312930109881563
723.0 0.00033862486361613264
724.0 0.00038412031244661193
725.0 0.0003525879719745717
726.0 0.00032105572245200165
727.0 0.00032125840334629174
728.0 0.0003214610615032143
729.0 0.00031198635497275973
730.0 0.00030251160296757007
731.0 0.00034492848044465063
732.0 0.0003873454261338338
733.0 0.00032300354178005364
734.0 0.0002586617256383761
735.0 0.00035574523735704133
736.0 0.00045282872633833904
737.0 0.0005062036052549956
738.0 0.0005595784841716522
739.0 0.0006894913440191885
740.0 0.0008194041583919898
741.0 0.0012510720807767939
742.0 0.001682740003161598
743.0 0.0024761175154708326
744.0 0.003269494845881127
745.0 0.003972398553742096
746.0 0.004675302261603065
747.0 0.004426329905982129
748.0 0.004177357186563313
749.0 0.0036437446397030726
750.0 0.0031101328204385936
751.0 0.002965058956760913
752.0 0.0028199845473864116
753.0 0.002545955794630572
754.0 0.0022719264961779118
755.0 0.0022272028218139894
756.0 0.0021824789655511267
757.0 0.0018711676602833904
758.0 0.0015598563550156541
759.0 0.001406335286446847
760.0 0.0012528141269285697
761.0 0.0009951301763067022
762.0 0.0007374462256848346
763.0 0.0006293261776590953
764.0 0.0005212062205828261
765.0 0.00038086257063696394
766.0 0.000240519011640572
767.0 0.0004603235993272392
768.0 0.0006801282324886415
769.0 0.0006390479939000215
770.0 0.0005979679372103419
771.0 0.0007046685368550243
772.0 0.0008113692274491768
773.0 0.000742902557249181
774.0 0.00067443584157445
775.0 0.000688790805725148
776.0 0.000703145860825316
777.0 0.0005442556357593276
778.0 0.0003853655925922794
779.0 0.0007821320650691632
780.0 0.001178898583020782
781.0 0.0012885288015240803
782.0 0.0013981589290779084
783.0 0.0013141972885932773
784.0 0.0012302356481086463
785.0 0.0014775963791180402
786.0 0.0017249569282284938
787.0 0.0015338921002694406
788.0 0.001342827090411447
789.0 0.001062198407453252
790.0 0.0007815696335455868
791.0 0.0008180064469343051
792.0 0.0008544433512724936
793.0 0.0007095957244018791
794.0 0.0005647482339554699
795.0 0.0005366428467823425
796.0 0.0005085374596092151
797.0 0.00041472094380878843
798.0 0.00032090417789731873
799.0 0.00025545346034050453
800.0 0.00019000286783921183
801.0 8.577505923312856e-05
802.0 1.9704045253060576e-10
803.0 1.9704045253060576e-10
804.0 1.9704045253060576e-10
805.0 0.00012466828138713026
806.0 0.0003892293079843512
807.0 0.0003414422280911822
808.0 0.00029365512546064565
809.0 0.00021142304831300862
810.0 0.0001291909256906365
811.0 9.408080927642004e-05
812.0 5.897081791772507e-05
813.0 1.9704045253060576e-10
814.0 1.9704045253060576e-10
815.0 0.0001780194565981219
816.0 0.000465212815470295
817.0 0.0006578464763151715
818.0 0.0008504801371600479
819.0 0.0004194525899947621
820.0 1.9704045253060576e-10
821.0 1.9704045253060576e-10
822.0 1.9704045253060576e-10
823.0 1.104312818966946e-06
824.0 7.999765330168884e-05
825.0 1.9704045253060576e-10
826.0 1.9704045253060576e-10
827.0 1.9704045253060576e-10
828.0 1.9704045253060576e-10
829.0 1.9704045253060576e-10
830.0 1.9704045253060576e-10
831.0 1.9704045253060576e-10
832.0 1.9704045253060576e-10
833.0 6.234083116396505e-05
834.0 0.00026916154638456646
835.0 0.00023176337435870664
836.0 0.00019436522507021436
837.0 7.939570991766232e-05
838.0 1.9704045253060576e-10
839.0 1.9704045253060576e-10
840.0 1.9704045253060576e-10
841.0 1.9704045253060576e-10
842.0 1.9704045253060576e-10
843.0 1.9704045253060576e-10
844.0 0.00025227302558050724
845.0 0.00033624680781940697
846.0 0.00042022065827040933
847.0 0.00032490781904925825
848.0 0.00022959502530284226
849.0 0.00028362842385831755
850.0 0.00033766193610063056
851.0 0.00038026885249564657
852.0 0.0004228758371027652
853.0 0.00026903071557171643
854.0 0.00011518567362145404
855.0 0.0002145722874047351
856.0 0.0003139588443445973
857.0 0.0004053734755871119
858.0 0.0004967879249306861
859.0 0.0007152219950512517
860.0 0.0009336561561212875
861.0 0.0009428787961951457
862.0 0.0009521014362690039
863.0 0.0013455431144393515
864.0 0.001738984792609699
865.0 0.0014476736396318302
866.0 0.0011563621228560805
867.0 0.0016187299479497597
868.0 0.0020810975911444984
869.0 0.002092728936986532
870.0 0.002104360464727506
871.0 0.0019172208340023644
872.0 0.0017300812032772228
873.0 0.0023493990738643333
874.0 0.002968716944451444
875.0 0.003075952554354444
