lsstCam/transmission_filter_detector/r41_s02/g_6/19700101T000000.ecsv
# %ECSV 1.0
# ---
# datatype:
# - {name: wavelength, unit: nm, datatype: float32}
# - {name: efficiency, unit: '%', datatype: float64}
# meta: !!omap
# - {MODE: DETECTOR}
# - {TYPE: transmission_filter_detector}
# - {CALIBDATE: '1970-01-01T00:00:00'}
# - {INSTRUME: LSSTCam}
# - {OBSTYPE: transmission_filter_detector}
# - {CALIBCLS: lsst.ip.isr.IntermediateFilterDetectorTransmissionCurve}
# - {SOURCE: Materion (DM-46256)}
# - {DETECTOR: 164}
# - {FILTER: g_6}
# - {CALIB_ID: 'calibDate=1970-01-01T00:00:00 filter=g_6 detector=164'}
# - {DATE: '2025-04-02T15:59:42.786237'}
# - {CALIB_CREATION_DATE: '2025-04-02'}
# - {CALIB_CREATION_TIME: '15:59:42'}
# - __serialized_columns__:
#     efficiency:
#       __class__: astropy.units.quantity.Quantity
#       unit: !astropy.units.Unit {unit: '%'}
#       value: !astropy.table.SerializedColumn {name: efficiency}
#     wavelength:
#       __class__: astropy.units.quantity.Quantity
#       unit: !astropy.units.Unit {unit: nm}
#       value: !astropy.table.SerializedColumn {name: wavelength}
# schema: astropy-2.0
wavelength efficiency
300.0 0.3348772879689932
301.0 0.28919954784214497
302.0 0.24352180771529675
303.0 0.22938407491892576
304.0 0.21524634212255478
305.0 0.21994488779455423
306.0 0.22464341018348932
307.0 0.2116655232384801
308.0 0.19868763629347086
309.0 0.1935014734044671
310.0 0.18831532215699553
311.0 0.1884424709714949
312.0 0.1885696197859943
313.0 0.18747005378827453
314.0 0.18637047614902258
315.0 0.1831982284784317
316.0 0.180025992449373
317.0 0.17441881354898214
318.0 0.16881163464859128
319.0 0.1571787754073739
320.0 0.14554591616615653
321.0 0.13528853887692094
322.0 0.12503114994615316
323.0 0.11259089224040508
324.0 0.100150634534657
325.0 0.08908748859539628
326.0 0.07802433683536947
327.0 0.0722432101611048
328.0 0.06646208348684013
329.0 0.060921761905774474
330.0 0.05538144032470882
331.0 0.052190705901011825
332.0 0.04899997147731483
333.0 0.046519830357283354
334.0 0.04403968632686883
335.0 0.04167920851614326
336.0 0.03931873070541769
337.0 0.039880748954601586
338.0 0.040442770114168525
339.0 0.039097314584068954
340.0 0.03775185614358634
341.0 0.03676102787721902
342.0 0.035770205431617796
343.0 0.03231781302019954
344.0 0.028865414788015187
345.0 0.025590424775145948
346.0 0.02231543476227671
347.0 0.02050500042969361
348.0 0.018694567552302033
349.0 0.017148858751170337
350.0 0.7648604921996593
351.0 1.2758316472172737
352.0 0.6349727045744658
353.0 0.8042873814702034
354.0 0.5832671653479338
355.0 1.026902999728918
356.0 0.5104573909193277
357.0 1.0012045502662659
358.0 0.6337566301226616
359.0 0.8920276537537575
360.0 0.614760909229517
361.0 0.7577536161988974
362.0 0.4561674315482378
363.0 0.6123095750808716
364.0 0.5325551144778728
365.0 0.706588989123702
366.0 0.44976677745580673
367.0 0.7687174249440432
368.0 0.36882683634757996
369.0 0.628813449293375
370.0 0.4012852907180786
371.0 0.5763471126556396
372.0 0.386432115919888
373.0 0.6972550414502621
374.0 0.33831463661044836
375.0 0.5921012721955776
376.0 0.35840184427797794
377.0 0.5372169893234968
378.0 0.3236653748899698
379.0 0.531945563852787
380.0 0.4006174858659506
381.0 0.508883036673069
382.0 0.5049282684922218
383.0 0.5075536202639341
384.0 0.5322810728102922
385.0 0.5882140714675188
386.0 0.6984260398894548
387.0 0.6898870225995779
388.0 0.8472650311887264
389.0 1.147342100739479
390.0 1.656467653810978
391.0 2.510654367506504
392.0 3.933856636285782
393.0 6.25198632478714
394.0 9.59281250834465
395.0 13.921399414539337
396.0 19.464309513568878
397.0 26.49438977241516
398.0 34.67739820480347
399.0 43.80529820919037
400.0 53.152996301651
401.0 62.26720213890076
402.0 70.80181837081909
403.0 78.1866192817688
404.0 83.65912437438965
405.0 87.82920241355896
406.0 90.26954770088196
407.0 92.27267503738403
408.0 93.35930347442627
409.0 93.97806525230408
410.0 94.20191645622253
411.0 94.05965805053711
412.0 93.77318024635315
413.0 93.58605146408081
414.0 93.3722734451294
415.0 93.43833923339844
416.0 93.78558397293091
417.0 94.03616189956665
418.0 94.58835124969482
419.0 95.15758752822876
420.0 95.7199215888977
421.0 96.24462127685547
422.0 96.43844366073608
423.0 96.622234582901
424.0 96.57284021377563
425.0 96.41252160072327
426.0 96.42298221588135
427.0 96.47965431213379
428.0 96.24820947647095
429.0 96.09262347221375
430.0 95.94729542732239
431.0 95.9338903427124
432.0 96.02664113044739
433.0 96.04536294937134
434.0 96.18576169013977
435.0 96.3104248046875
436.0 96.36279940605164
437.0 96.34255170822144
438.0 96.45206928253174
439.0 96.51016592979431
440.0 96.4724063873291
441.0 96.57957553863525
442.0 96.60067558288574
443.0 96.57726287841797
444.0 96.53883576393127
445.0 96.27677798271179
446.0 96.16716504096985
447.0 95.91870307922363
448.0 95.88175415992737
449.0 96.0737407207489
450.0 96.25530242919922
451.0 96.46806120872498
452.0 96.69075012207031
453.0 96.82887196540833
454.0 96.87966108322144
455.0 97.18729257583618
456.0 97.22482562065125
457.0 97.40185141563416
458.0 97.40058183670044
459.0 97.40666151046753
460.0 97.47070074081421
461.0 97.60218858718872
462.0 97.53061532974243
463.0 97.46574759483337
464.0 97.57493734359741
465.0 97.51822352409363
466.0 97.5149929523468
467.0 97.48933911323547
468.0 97.55241274833679
469.0 97.59783148765564
470.0 97.38909602165222
471.0 97.27470278739929
472.0 97.31046557426453
473.0 97.23641276359558
474.0 97.11362719535828
475.0 97.21529483795166
476.0 97.16658592224121
477.0 97.2065269947052
478.0 97.30273485183716
479.0 97.27368950843811
480.0 97.46015667915344
481.0 97.56048917770386
482.0 97.70083427429199
483.0 97.62399196624756
484.0 97.86224961280823
485.0 97.85237312316895
486.0 97.89627194404602
487.0 97.91028499603271
488.0 97.90645837783813
489.0 98.0399489402771
490.0 97.97360897064209
491.0 98.03030490875244
492.0 97.98074960708618
493.0 97.96046614646912
494.0 97.90337681770325
495.0 98.01450371742249
496.0 97.81376123428345
497.0 97.71320819854736
498.0 97.52415418624878
499.0 97.57896661758423
500.0 97.5436270236969
501.0 97.48297333717346
502.0 97.39503264427185
503.0 97.53418564796448
504.0 97.36087918281555
505.0 97.35010266304016
506.0 97.4022388458252
507.0 97.33670353889465
508.0 97.30982184410095
509.0 97.37943410873413
510.0 97.33757376670837
511.0 97.27974534034729
512.0 97.17807173728943
513.0 97.25545644760132
514.0 97.25908637046814
515.0 97.27594256401062
516.0 97.34354615211487
517.0 97.35451936721802
518.0 97.44709134101868
519.0 97.47169017791748
520.0 97.49391078948975
521.0 97.62806296348572
522.0 97.63781428337097
523.0 97.6257860660553
524.0 97.60052561759949
525.0 97.59961366653442
526.0 97.72871136665344
527.0 97.69771695137024
528.0 97.79413938522339
529.0 97.83245921134949
530.0 97.87771701812744
531.0 98.02305698394775
532.0 97.87823557853699
533.0 97.87176847457886
534.0 97.87643551826477
535.0 97.73263335227966
536.0 97.4822461605072
537.0 96.98023796081543
538.0 96.3293731212616
539.0 95.07973194122314
540.0 93.53246688842773
541.0 91.0767912864685
542.0 88.50128054618835
543.0 85.04441976547241
544.0 80.63373565673828
545.0 76.66534781455994
546.0 71.68490290641785
547.0 67.12408661842346
548.0 62.50330209732056
549.0 58.296602964401245
550.0 54.93047833442688
551.0 51.65717601776123
552.0 49.23156797885895
553.0 46.71946167945862
554.0 44.00481581687927
555.0 41.00527465343475
556.0 37.013742327690125
557.0 32.3405921459198
558.0 27.09217369556427
559.0 21.792690455913544
560.0 16.532735526561737
561.0 11.529837548732758
562.0 7.590150833129883
563.0 4.599615186452866
564.0 2.5731032714247704
565.0 1.2742218561470509
566.0 0.6674138829112053
567.0 0.3416478633880615
568.0 0.2067547757178545
569.0 0.1077451859600842
570.0 0.08461535908281803
571.0 0.05185256013646722
572.0 0.058614450972527266
573.0 0.029264992917887866
574.0 0.05130841163918376
575.0 0.024605050566606224
576.0 0.03706314309965819
577.0 0.02011546166613698
578.0 0.02707238309085369
579.0 0.024025137827266008
580.0 0.03597650793381035
581.0 0.02052196068689227
582.0 0.02709610853344202
583.0 0.0171352454344742
584.0 0.02928192843683064
585.0 0.01682069996604696
586.0 0.014445502893067896
587.0 0.009619731281418353
588.0 0.02571832446847111
589.0 0.01593606430105865
590.0 0.01893012668006122
591.0 0.014135244418866932
592.0 0.007911170541774482
593.0 0.00884371402207762
594.0 0.018250261200591922
595.0 0.010625952563714236
596.0 0.006982810009503737
597.0 0.006944996130187064
598.0 0.012964716006536037
599.0 0.003495028067845851
600.0 0.00845320028020069
601.0 0.0023207685444504023
602.0 0.002305266934854444
603.0 0.002289765325258486
604.0 0.0021651283532264642
605.0 0.002040491199295502
606.0 0.001983432775887195
607.0 0.0019263745343778282
608.0 0.0019678669559652917
609.0 0.002009359377552755
610.0 0.001984087248274591
611.0 0.001958814937097486
612.0 0.001905609133245889
613.0 0.0018524038750911132
614.0 0.0018683975213207304
615.0 0.001884391349449288
616.0 0.0017604450476937927
617.0 0.0016364987459382974
618.0 0.0015638615877833217
619.0 0.0014912245205778163
620.0 0.0015193590115814004
621.0 0.001547493229736574
622.0 0.0015104016711120494
623.0 0.0014733101124875247
624.0 0.0015727340723969974
625.0 0.0016721583961043507
626.0 0.001542788595543243
627.0 0.0014134188859316055
628.0 0.0014544705663865898
629.0 0.0014955225196899846
630.0 0.00150112709889072
631.0 0.0015067317690409254
632.0 0.0014794543858442921
633.0 0.0014521771845465992
634.0 0.0014156174074742012
635.0 0.001379057539452333
636.0 0.0013829955605615396
637.0 0.0013869333997718059
638.0 0.0012899664397991728
639.0 0.0011929994798265398
640.0 0.0012491881534515414
641.0 0.0013053770999249537
642.0 0.0012821324162359815
643.0 0.00125888809634489
644.0 0.0011830950825242326
645.0 0.001107302523450926
646.0 0.00112403831735719
647.0 0.0011407740203139838
648.0 0.0012404931112541817
649.0 0.0013402122021943796
650.0 0.001186266581498785
651.0 0.0010323210517526604
652.0 0.0011481067303975578
653.0 0.0012638924090424553
654.0 0.001230321686307434
655.0 0.0011967509635724127
656.0 0.001102751866710605
657.0 0.0010087526788993273
658.0 0.0010548092177486978
659.0 0.0011008658475475386
660.0 0.0010968116839649156
661.0 0.0010927573384833522
662.0 0.0011314979929011315
663.0 0.001170238738268381
664.0 0.0011821756743302103
665.0 0.0011941126103920396
666.0 0.0011431505299697164
667.0 0.001092188358597923
668.0 0.0011097011338279117
669.0 0.0011272138181084301
670.0 0.0011001700841006823
671.0 0.0010731265319918748
672.0 0.0010647219824022613
673.0 0.0010563177966105286
674.0 0.00108635922515532
675.0 0.0011164007446495816
676.0 0.0011298673598503228
677.0 0.0011433336112531833
678.0 0.0010822905096574686
679.0 0.0010212472261628136
680.0 0.001061562852555653
681.0 0.001101878660847433
682.0 0.0010475978342583403
683.0 0.000993317644315539
684.0 0.0009433343620912638
685.0 0.0008933510798669886
686.0 0.0009579084689903539
687.0 0.0010224655852653086
688.0 0.0010345735972805414
689.0 0.0010466813364473637
690.0 0.0010381503670942038
691.0 0.0010296193067915738
692.0 0.000975399962044321
693.0 0.0009211807082465384
694.0 0.0009520083040115424
695.0 0.000982835808827076
696.0 0.0010438182471261825
697.0 0.001104800685425289
698.0 0.001102305486710975
699.0 0.001099810287996661
700.0 0.0010923867193923797
701.0 0.0010849626960407477
702.0 0.0011167531738465186
703.0 0.0011485435607028194
704.0 0.0011114235348941293
705.0 0.0010743036909843795
706.0 0.0010277014553139452
707.0 0.0009810991286940407
708.0 0.0010302418559149373
709.0 0.0010793848559842445
710.0 0.0011398303286114242
711.0 0.0012002756193396635
712.0 0.0012158890967839397
713.0 0.0012315026651776861
714.0 0.0013354809198062867
715.0 0.0014394592653843574
716.0 0.001436373440810712
717.0 0.0014332881619338877
718.0 0.0015452244042535312
719.0 0.0016571610103710555
720.0 0.001438504932593787
721.0 0.0012198486729175784
722.0 0.0013834191122441553
723.0 0.0015469897334696725
724.0 0.0015544561392744072
725.0 0.0015619227269780822
726.0 0.0015427494872710668
727.0 0.0015235763385135215
728.0 0.001682415313553065
729.0 0.0018412543795420788
730.0 0.0017956035662791692
731.0 0.0017499529349151999
732.0 0.0017139504052465782
733.0 0.0016779480574768968
734.0 0.0015617593817296438
735.0 0.0014455709788308013
736.0 0.0012878251254733186
737.0 0.0011300789992674254
738.0 0.0010292273145751096
739.0 0.0009283753570343833
740.0 0.000936784635996446
741.0 0.0009451937330595683
742.0 0.0010048570402432233
743.0 0.0010645206202752888
744.0 0.00100092584034428
745.0 0.0009373313332616817
746.0 0.0008180701115634292
747.0 0.0006988088443904417
748.0 0.0007109524631232489
749.0 0.000723096036381321
750.0 0.0008106168934318703
751.0 0.0008981377504824195
752.0 0.0008540375347365625
753.0 0.0008099372280412354
754.0 0.0007259382073243614
755.0 0.0006419390047085471
756.0 0.0007032359917502617
757.0 0.0007645330697414465
758.0 0.0008511256055498961
759.0 0.0009377182323078159
760.0 0.0008449035703961272
761.0 0.0007520888175349683
762.0 0.0008181138582585845
763.0 0.0008841386261337902
764.0 0.0007296539024537196
765.0 0.000575169178773649
766.0 0.000631705779596814
767.0 0.0006882425168441841
768.0 0.000619026241110987
769.0 0.0005498099653777899
770.0 0.000584814915782772
771.0 0.0006198198661877541
772.0 0.0005539591711567482
773.0 0.00048809838517627213
774.0 0.0005170915756025352
775.0 0.0005460849024530035
776.0 0.0005564504135691095
777.0 0.0005668157882610103
778.0 0.0005692457307304721
779.0 0.000571675718674669
780.0 0.0006349984687403776
781.0 0.0006983213552302914
782.0 0.0005041707026975928
783.0 0.00031002011837699683
784.0 0.0003075723043366452
785.0 0.0003051245357710286
786.0 0.00048775700633996166
787.0 0.0006703895905957324
788.0 0.0005611890173895517
789.0 0.0004519882168096956
790.0 0.0003697791044032783
791.0 0.00028757008294633124
792.0 0.0003082049488511984
793.0 0.00032883983749343315
794.0 0.0003315720960017643
795.0 0.00033430435451009544
796.0 0.0003782620979109197
797.0 0.0004222199095238466
798.0 0.00035187294997740537
799.0 0.00028152603590569925
800.0 0.00027380108349461807
801.0 0.0002660761992956395
802.0 0.0003734431629709434
803.0 0.00048081014938361477
804.0 0.0005240794962446671
805.0 0.0005673488431057194
806.0 0.0004243503099132795
807.0 0.00028135182219557464
808.0 0.00036983981317462167
809.0 0.0004583278496284038
810.0 0.0004301668923289981
811.0 0.0004020058895548573
812.0 0.00036611509131034836
813.0 0.0003302242703284719
814.0 0.0003357407649673405
815.0 0.0003412572596062091
816.0 0.00039263113649212755
817.0 0.0004440050815901486
818.0 0.00041311113818665035
819.0 0.00038221728573262226
820.0 0.0003094872454312281
821.0 0.00023675731881667161
822.0 0.00042008964555861894
823.0 0.0006034219495631987
824.0 0.00039253627619473264
825.0 0.00018165056872021523
826.0 0.0003640529484982835
827.0 0.0005464553396450356
828.0 0.00043731720325013157
829.0 0.0003281790213804925
830.0 0.00026006898679042934
831.0 0.0001919589067256311
832.0 0.00027585390398598975
833.0 0.00035974892398371594
834.0 0.00045754977691103704
835.0 0.0005553506525757257
836.0 0.0003600492618716089
837.0 0.00016474781432407326
838.0 0.00026879183678829577
839.0 0.00037283582514646696
840.0 0.0003980060682806652
841.0 0.000423176334152231
842.0 0.0004860573426412884
843.0 0.0005489382147061406
844.0 0.0005495830464496976
845.0 0.0005502279236679897
846.0 0.00042879360080405604
847.0 0.00030735925520275487
848.0 0.0004179272764304187
849.0 0.0005284953658701852
850.0 0.0003452525106695248
851.0 0.0001620098032617534
852.0 0.00015723499018349685
853.0 0.00015246016573655652
854.0 0.00017767451936379075
855.0 0.0002028888275162899
856.0 0.00035261155062471516
857.0 0.0005023343419452431
858.0 0.0005222417257755296
859.0 0.0005421491096058162
860.0 0.00046372283577511553
861.0 0.00038529651646967977
862.0 0.00033190383419423597
863.0 0.00027851115191879217
864.0 0.00025440592708037
865.0 0.00023030072497931542
866.0 0.00027960720672126627
867.0 0.00032891366572584957
868.0 0.00042648857743188273
869.0 0.0005240633981884457
870.0 0.000430311001764494
871.0 0.0003365586280779098
872.0 0.0003355581384312245
873.0 0.00033455771699664183
874.0 0.00044949897528567817
875.0 0.0005644402335747145
876.0 0.00042292822399758734
877.0 0.0002814162371578277
878.0 0.00039104593270167243
879.0 0.0005006756509828847
880.0 0.0004992455615138169
881.0 0.0004978152446710737
882.0 0.0005593614332610741
883.0 0.0006209075309016043
884.0 0.000536538937012665
885.0 0.0004521702976489905
886.0 0.00047658663788752165
887.0 0.0005010029781260528
888.0 0.000541733470527106
889.0 0.0005824639629281592
890.0 0.0006145471161289606
891.0 0.0006466303148044972
892.0 0.0005865992989129154
893.0 0.0005265681920718635
894.0 0.0004798263034899719
895.0 0.0004330843694333453
896.0 0.0004827998509426834
897.0 0.0005325152869772865
898.0 0.0004748717856273288
899.0 0.00041722823880263604
900.0 0.0003660327138277353
901.0 0.0003148371888528345
902.0 0.0004258650278643472
903.0 0.0005368928214011248
904.0 0.0004227608769724611
905.0 0.0003086289780185325
906.0 0.0002953908051495091
