lsstCam/transmission_filter_detector/r41_s02/g_6/19700101T000000.ecsv
# %ECSV 1.0
# ---
# datatype:
# - {name: wavelength, unit: nm, datatype: float32}
# - {name: efficiency, unit: '%', datatype: float64}
# meta: !!omap
# - {MODE: DETECTOR}
# - {TYPE: transmission_filter_detector}
# - {CALIBDATE: '1970-01-01T00:00:00'}
# - {INSTRUME: LSSTCam}
# - {OBSTYPE: transmission_filter_detector}
# - {CALIBCLS: lsst.ip.isr.IntermediateFilterDetectorTransmissionCurve}
# - {SOURCE: Materion (DM-46256)}
# - {DETECTOR: 164}
# - {FILTER: g_6}
# - {CALIB_ID: 'calibDate=1970-01-01T00:00:00 filter=g_6 detector=164'}
# - {DATE: '2025-04-02T15:59:42.786237'}
# - {CALIB_CREATION_DATE: '2025-04-02'}
# - {CALIB_CREATION_TIME: '15:59:42'}
# - __serialized_columns__:
#     efficiency:
#       __class__: astropy.units.quantity.Quantity
#       unit: !astropy.units.Unit {unit: '%'}
#       value: !astropy.table.SerializedColumn {name: efficiency}
#     wavelength:
#       __class__: astropy.units.quantity.Quantity
#       unit: !astropy.units.Unit {unit: nm}
#       value: !astropy.table.SerializedColumn {name: wavelength}
# schema: astropy-2.0
wavelength efficiency
[from data line 608]
908.0 0.0003128913022010238
909.0 0.00034362994938419433
910.0 0.0003546655761965667
911.0 0.0003657012257463066
912.0 0.00040340260056836996
913.0 0.0004411040208651684
914.0 0.0004446697403182043
915.0 0.00044823545977124013
916.0 0.00040324198380403686
917.0 0.00035824848509946605
918.0 0.0004137983069085749
919.0 0.00046934824240452144
920.0 0.00042559295252431184
921.0 0.00038183766264410224
922.0 0.0003927903435396729
923.0 0.0004037429789605085
924.0 0.00039541118894703686
925.0 0.00038707939893356524
926.0 0.0004521175469562877
927.0 0.0005171556949790101
928.0 0.0005197632162889931
929.0 0.0005223707375989761
930.0 0.0005209022674534936
931.0 0.0005194338427827461
932.0 0.0004856737177760806
933.0 0.00045191354729468003
934.0 0.0005421475634648232
935.0 0.0006323815796349663
936.0 0.000592273772781482
937.0 0.0005521659659279976
938.0 0.0005226092525845161
939.0 0.0004930525847157696
940.0 0.00042041965571115725
941.0 0.00034778665849444224
942.0 0.000409229687647894
943.0 0.00047067269406397827
944.0 0.0005047477770858677
945.0 0.0005388228146330221
946.0 0.0007184820788097568
947.0 0.0008981414794106968
948.0 0.0007788056791468989
949.0 0.000659469878883101
950.0 0.0006113212293712422
951.0 0.0005631725343846483
952.0 0.0008083552529569715
953.0 0.0010535380170040298
954.0 0.0009774547834240366
955.0 0.0009013717317429837
956.0 0.0007983935574884526
957.0 0.000695415565132862
958.0 0.0007505801931984024
959.0 0.0008057448212639429
960.0 0.0007311916306207422
961.0 0.0006566383945028065
962.0 0.0006241111805138644
963.0 0.0005915838755754521
964.0 0.0005657944711856544
965.0 0.0005400049303716514
966.0 0.0006116260465205414
967.0 0.0006832471171946963
968.0 0.0006468452738772612
969.0 0.0006104435215092963
970.0 0.0005923973731114529
971.0 0.0005743511792388745
972.0 0.0006359423423418775
973.0 0.0006975335509196157
974.0 0.0007309886314033065
975.0 0.0007644438483112026
976.0 0.0007923185876279604
977.0 0.000820193235995248
978.0 0.0008761486242292449
979.0 0.0009321038305643015
980.0 0.0008485858415951952
981.0 0.0007650680345250294
982.0 0.0009063835932465736
983.0 0.0010476990610186476
984.0 0.0011995857676083688
985.0 0.00135147247419809
986.0 0.0013363724974624347
987.0 0.00132127279357519
988.0 0.001273177895200206
989.0 0.0012250827239768114
990.0 0.0013740234862780198
991.0 0.0015229639757308178
992.0 0.0014952255696698558
993.0 0.0014674868907604832
994.0 0.0014701665350003168
995.0 0.0014728460882906802
996.0 0.001397582127538044
997.0 0.0013223183486843482
998.0 0.0013178353583498392
999.0 0.0013133526408637408
1000.0 0.0013338011740415823
1001.0 0.001354249889118364
1002.0 0.0012569839782372583
1003.0 0.0011597181583056226
1004.0 0.0012155755030107684
1005.0 0.0012714330296148546
1006.0 0.0013082876648695674
1007.0 0.0013451421182253398
1008.0 0.0012882364899269305
1009.0 0.0012313306797295809
1010.0 0.0013798992767988238
1011.0 0.0015284680557670072
1012.0 0.0014332251339510549
1013.0 0.0013379820302361622
1014.0 0.001598924063728191
1015.0 0.0018598664610181004
1016.0 0.0018906310288002715
1017.0 0.0019213955965824425
1018.0 0.0021475794710568152
1019.0 0.0023737631636322476
1020.0 0.00249406566581456
1021.0 0.002614367986097932
1022.0 0.0029482023819582537
1023.0 0.003282037141616456
1024.0 0.0033669093681965023
1025.0 0.003451781958574429
1026.0 0.0036883884604321793
1027.0 0.00392499532608781
1028.0 0.004099934085388668
1029.0 0.004274872844689526
1030.0 0.00447835773229599
1031.0 0.004681842983700335
1032.0 0.004710385837825015
1033.0 0.004738928328151815
1034.0 0.004927135887555778
1035.0 0.005115343446959741
1036.0 0.0052588391554309055
1037.0 0.00540233486390207
1038.0 0.005466649599839002
1039.0 0.0055309639719780535
1040.0 0.005744260124629363
1041.0 0.005957556641078554
1042.0 0.006033506360836327
1043.0 0.006109456444391981
1044.0 0.006329589814413339
1045.0 0.006549722456838936
1046.0 0.006825177115388215
1047.0 0.007100631046341732
1048.0 0.0076953241659794
1049.0 0.00829001801321283
1050.0 0.009416625107405707
1051.0 0.010543230746407062
1052.0 0.012307730503380299
1053.0 0.014072230260353535
1054.0 0.01674395753070712
1055.0 0.01941568189067766
1056.0 0.02331095893168822
1057.0 0.027206228696741164
1058.0 0.032876484328880906
1059.0 0.03854673414025456
1060.0 0.04590825701598078
1061.0 0.05326978280209005
1062.0 0.061447720509022474
1063.0 0.06962566403672099
1064.0 0.0784210511483252
1065.0 0.0872164499014616
1066.0 0.09560818434692919
1067.0 0.10399991879239678
1068.0 0.11244837660342455
1069.0 0.12089686933904886
1070.0 0.12983705382794142
1071.0 0.13877723831683397
1072.0 0.14837904600426555
1073.0 0.1579808653332293
1074.0 0.16749316127970815
1075.0 0.177005457226187
1076.0 0.18689262215048075
1077.0 0.19677982199937105
1078.0 0.20591476932168007
1079.0 0.2150497166439891
1080.0 0.2263352507725358
1081.0 0.23762076161801815
1082.0 0.25080880150198936
1083.0 0.26399679481983185
1084.0 0.2842953661456704
1085.0 0.30459389090538025
1086.0 0.33566970378160477
1087.0 0.3667455166578293
1088.0 0.4089225549250841
1089.0 0.4510995466262102
1090.0 0.5016469396650791
1091.0 0.552194332703948
1092.0 0.6212394684553146
1093.0 0.6902846973389387
1094.0 0.7705812342464924
1095.0 0.8508779108524323
1096.0 0.9170575998723507
1097.0 0.9832371026277542
1098.0 1.0485390201210976
1099.0 1.1138408444821835
1100.0 1.21328579261899
1101.0 1.3127307407557964
