lsstCam/transmission_filter_detector/r12_s21/z_20/19700101T000000.ecsv
# %ECSV 1.0
# ---
# datatype:
# - {name: wavelength, unit: nm, datatype: float32}
# - {name: efficiency, unit: '%', datatype: float64}
# meta: !!omap
# - {MODE: DETECTOR}
# - {TYPE: transmission_filter_detector}
# - {CALIBDATE: '1970-01-01T00:00:00'}
# - {INSTRUME: LSSTCam}
# - {OBSTYPE: transmission_filter_detector}
# - {CALIBCLS: lsst.ip.isr.IntermediateFilterDetectorTransmissionCurve}
# - {SOURCE: Materion (DM-46256)}
# - {DETECTOR: 52}
# - {FILTER: z_20}
# - {CALIB_ID: 'calibDate=1970-01-01T00:00:00 filter=z_20 detector=52'}
# - {DATE: '2025-04-02T15:59:48.877976'}
# - {CALIB_CREATION_DATE: '2025-04-02'}
# - {CALIB_CREATION_TIME: '15:59:48'}
# - __serialized_columns__:
#     efficiency:
#       __class__: astropy.units.quantity.Quantity
#       unit: !astropy.units.Unit {unit: '%'}
#       value: !astropy.table.SerializedColumn {name: efficiency}
#     wavelength:
#       __class__: astropy.units.quantity.Quantity
#       unit: !astropy.units.Unit {unit: nm}
#       value: !astropy.table.SerializedColumn {name: wavelength}
# schema: astropy-2.0
wavelength efficiency
[from data line 596]
896.0 99.13644790649414
897.0 99.70017075538635
898.0 99.26367402076721
899.0 98.7991213798523
900.0 99.01617765426636
901.0 99.59626197814941
902.0 99.53462481498718
903.0 99.00208711624146
904.0 98.04422855377197
905.0 98.90313148498535
906.0 98.30752611160278
907.0 98.90949726104736
908.0 98.4179437160492
909.0 98.43676686286926
910.0 98.25799465179443
911.0 97.13244438171387
912.0 96.25577330589294
913.0 95.13764977455139
914.0 93.17356944084167
915.0 90.82719087600708
916.0 88.79290223121643
917.0 87.36801147460938
918.0 83.71993899345398
919.0 82.80757069587708
920.0 79.61727380752563
921.0 76.17124915122986
922.0 71.67333364486694
923.0 66.64089560508728
924.0 60.90174913406372
925.0 55.61652183532715
926.0 49.54364597797394
927.0 42.46201813220978
928.0 36.85123920440674
929.0 30.465197563171387
930.0 24.835652112960815
931.0 19.739267230033875
932.0 14.08039778470993
933.0 9.575257450342178
934.0 6.3365936279296875
935.0 3.9336849004030228
936.0 2.3285578936338425
937.0 1.38871306553483
938.0 0.7685863878577948
939.0 0.5371928680688143
940.0 0.45513338409364223
941.0 0.19416871946305037
942.0 0.24307356216013432
943.0 0.14319790061563253
944.0 0.18110700184479356
945.0 0.08016805513761938
946.0 0.13043491635471582
947.0 0.05742086796090007
948.0 1.5796540507942436e-10
949.0 1.5796540507942436e-10
950.0 0.09481997694820166
951.0 0.03446095215622336
952.0 0.06218423950485885
953.0 0.0946885731536895
954.0 1.5796540507942436e-10
955.0 0.06175518501549959
956.0 1.5796540507942436e-10
957.0 1.5796540507942436e-10
958.0 1.5796540507942436e-10
959.0 1.5796540507942436e-10
960.0 0.009069150837603956
961.0 0.0015259745850926265
962.0 0.0024848828616086394
963.0 0.09693785104900599
964.0 0.08553919615224004
965.0 1.5796540507942436e-10
966.0 0.034048655652441084
967.0 1.5796540507942436e-10
968.0 0.031520999618805945
969.0 0.0178844464244321
970.0 0.02005475980695337
971.0 0.06036378908902407
972.0 1.5796540507942436e-10
973.0 1.5796540507942436e-10
974.0 0.09136424632743001
975.0 0.052653258899226785
976.0 0.006665191176580265
977.0 0.006620352360187098
978.0 0.0065755149989854544
979.0 0.0063653234974481165
980.0 0.006155129813123494
981.0 0.006018313433742151
982.0 0.005881497781956568
983.0 0.005782226799055934
984.0 0.00568295617995318
985.0 0.005422537651611492
986.0 0.005162118031876162
987.0 0.005169131327420473
988.0 0.005176144259166904
989.0 0.005077017704024911
990.0 0.004977891512680799
991.0 0.005075514854979701
992.0 0.005173138561076485
993.0 0.005104255978949368
994.0 0.00503537266922649
995.0 0.004985019040759653
996.0 0.004934665048494935
997.0 0.004786779390997253
998.0 0.004638893733499572
999.0 0.004554506449494511
1000.0 0.00447011916548945
1001.0 0.004633577918866649
1002.0 0.0047970366722438484
1003.0 0.004724304017145187
1004.0 0.004651571725844406
1005.0 0.004517816341831349
1006.0 0.004384060594020411
1007.0 0.004460377022041939
1008.0 0.004536693450063467
1009.0 0.004602312401402742
1010.0 0.004667931352742016
1011.0 0.004717351112049073
1012.0 0.00476677123515401
1013.0 0.004620587787940167
1014.0 0.004474403976928443
1015.0 0.004635523146134801
1016.0 0.004796641951543279
1017.0 0.005083697760710493
1018.0 0.005370753206079826
1019.0 0.005136450636200607
1020.0 0.004902148430119269
1021.0 0.004910434290650301
1022.0 0.004918720151181333
1023.0 0.004789809099747799
1024.0 0.004660897684516385
1025.0 0.004874195292359218
1026.0 0.00508749253640417
1027.0 0.004973483373760246
1028.0 0.004859474574914202
1029.0 0.004876686580246314
1030.0 0.004893899676972069
1031.0 0.005007619620300829
1032.0 0.005121339927427471
1033.0 0.005201021122047678
1034.0 0.005280703044263646
1035.0 0.005470927862916142
1036.0 0.005661153045366518
1037.0 0.005726750896428712
1038.0 0.005792348019895144
1039.0 0.005655774657498114
1040.0 0.005519200931303203
1041.0 0.0059601643442874774
1042.0 0.006401128484867513
1043.0 0.005852440517628565
1044.0 0.005303752550389618
1045.0 0.0060495949583128095
1046.0 0.006795437366236001
1047.0 0.006453935930039734
1048.0 0.006112433038651943
1049.0 0.0063153675000648946
1050.0 0.006518301961477846
1051.0 0.006772307096980512
1052.0 0.00702631296007894
1053.0 0.007131562597351149
1054.0 0.007236812962219119
1055.0 0.007911711873020977
1056.0 0.008586611511418596
1057.0 0.00829143391456455
1058.0 0.007996257772902027
1059.0 0.008178409916581586
1060.0 0.008360561332665384
1061.0 0.008966917812358588
1062.0 0.009573275747243315
1063.0 0.009460226283408701
1064.0 0.00934717827476561
1065.0 0.009535569552099332
1066.0 0.009723961557028815
1067.0 0.009827407484408468
1068.0 0.009930854139383882
1069.0 0.010771329107228667
1070.0 0.011611805530264974
1071.0 0.011430634913267568
1072.0 0.011249465023865923
1073.0 0.011266682849964127
1074.0 0.01128390067606233
1075.0 0.012036995030939579
1076.0 0.012790093023795635
1077.0 0.012824783334508538
1078.0 0.01285947219002992
1079.0 0.013737518747802824
1080.0 0.014615565305575728
1081.0 0.014914039638824761
1082.0 0.015212515427265316
1083.0 0.01506451953900978
1084.0 0.014916523650754243
1085.0 0.01544884144095704
1086.0 0.015981159231159836
1087.0 0.016189309826586396
1088.0 0.016397464787587523
1089.0 0.01765460765454918
1090.0 0.01891175052151084
1091.0 0.018809267203323543
1092.0 0.018706778064370155
1093.0 0.018250125867780298
1094.0 0.017793470760807395
1095.0 0.01955331099452451
1096.0 0.021313154138624668
1097.0 0.021238003682810813
1098.0 0.02116285468218848
1099.0 0.023425137624144554
1100.0 0.02568741620052606
1101.0 0.025618216022849083
1102.0 0.02554901293478906
1103.0 0.027103745378553867
1104.0 0.028658472001552582
1105.0 0.02842055691871792
1106.0 0.02818264183588326
1107.0 0.029409886337816715
1108.0 0.030637133750133216
1109.0 0.03207889967598021
1110.0 0.03352066269144416
1111.0 0.033523392630741
1112.0 0.03352612839080393
1113.0 0.035134522477164865
1114.0 0.03674292820505798
1115.0 0.03560857439879328
1116.0 0.03447422350291163
1117.0 0.03519512538332492
1118.0 0.035916027263738215
1119.0 0.039817317156121135
1120.0 0.04371860413812101
1121.0 0.04529337165877223
1122.0 0.0468681420898065
1123.0 0.04646956222131848
1124.0 0.04607098235283047
1125.0 0.04650342161767185
1126.0 0.046935866703279316
1127.0 0.051540450658649206
1128.0 0.05614503170363605
1129.0 0.060500361723825336
1130.0 0.06485569756478071
1131.0 0.06369102629832923
1132.0 0.06252634921111166
1133.0 0.0665265484713018
1134.0 0.07052674191072583
1135.0 0.06930371164344251
1136.0 0.0680806755553931
1137.0 0.07322136079892516
1138.0 0.07836205186322331
1139.0 0.08421179372817278
1140.0 0.0900615006685257
1141.0 0.09869453497231007
1142.0 0.10732754599303007
1143.0 0.12937213759869337
1144.0 0.1514167059212923
1145.0 0.3019270719960332
1146.0 0.45243753120303154
1147.0 0.9637433104217052
1148.0 1.475049089640379
1149.0 1.673104427754879
1150.0 1.8711607903242111
