lsstCam/transmission_filter_detector/r12_s21/z_20/19700101T000000.ecsv
# %ECSV 1.0
# ---
# datatype:
# - {name: wavelength, unit: nm, datatype: float32}
# - {name: efficiency, unit: '%', datatype: float64}
# meta: !!omap
# - {MODE: DETECTOR}
# - {TYPE: transmission_filter_detector}
# - {CALIBDATE: '1970-01-01T00:00:00'}
# - {INSTRUME: LSSTCam}
# - {OBSTYPE: transmission_filter_detector}
# - {CALIBCLS: lsst.ip.isr.IntermediateFilterDetectorTransmissionCurve}
# - {SOURCE: Materion (DM-46256)}
# - {DETECTOR: 52}
# - {FILTER: z_20}
# - {CALIB_ID: 'calibDate=1970-01-01T00:00:00 filter=z_20 detector=52'}
# - {DATE: '2025-04-02T15:59:48.877976'}
# - {CALIB_CREATION_DATE: '2025-04-02'}
# - {CALIB_CREATION_TIME: '15:59:48'}
# - __serialized_columns__:
#     efficiency:
#       __class__: astropy.units.quantity.Quantity
#       unit: !astropy.units.Unit {unit: '%'}
#       value: !astropy.table.SerializedColumn {name: efficiency}
#     wavelength:
#       __class__: astropy.units.quantity.Quantity
#       unit: !astropy.units.Unit {unit: nm}
#       value: !astropy.table.SerializedColumn {name: wavelength}
# schema: astropy-2.0
wavelength efficiency
300.0 0.8701018989086151
301.0 0.5883588921278715
302.0 0.306615955196321
303.0 0.2982926554977894
304.0 0.28996935579925776
305.0 0.24489113129675388
306.0 0.19981286022812128
307.0 0.18509167712181807
308.0 0.17037050565704703
309.0 0.14829543652012944
310.0 0.12622037902474403
311.0 0.12741340324282646
312.0 0.12860646238550544
313.0 0.11409956496208906
314.0 0.09959270246326923
315.0 0.09766733273863792
316.0 0.0957419746555388
317.0 0.08036757353693247
318.0 0.06499318405985832
319.0 0.06505941855721176
320.0 0.06512565305456519
321.0 0.06385633023455739
322.0 0.06258700741454959
323.0 0.05560873541980982
324.0 0.04863046342507005
325.0 0.04471013380680233
326.0 0.04078980127815157
327.0 0.04021807690151036
328.0 0.039646352524869144
329.0 0.03495882265269756
330.0 0.030271292780525982
331.0 0.027887694886885583
332.0 0.02550409990362823
333.0 0.02452413027640432
334.0 0.023544156283605844
335.0 0.022466815426014364
336.0 0.021389474568422884
337.0 0.025237962836399674
338.0 0.029086446738801897
339.0 0.02490821643732488
340.0 0.020729991956613958
341.0 0.017507598386146128
342.0 0.014285204815678298
343.0 0.014176921104080975
344.0 0.01406864175805822
345.0 0.013172742910683155
346.0 0.01227684406330809
347.0 0.011705989891197532
348.0 0.011135137901874259
349.0 0.01370773243252188
350.0 0.01628032769076526
351.0 0.013604761625174433
352.0 0.01092919337679632
353.0 0.011352981528034434
354.0 0.011776770406868309
355.0 0.010137971548829228
356.0 0.008499173418385908
357.0 0.009484019392402843
358.0 0.010468869004398584
359.0 0.010240953270113096
360.0 0.010013036808231845
361.0 0.009138308087131009
362.0 0.008263582276413217
363.0 0.009386795136379078
364.0 0.010510007996344939
365.0 0.01022484721033834
366.0 0.009939689334714785
367.0 0.008695492579136044
368.0 0.007451295823557302
369.0 0.007962541712913662
370.0 0.008473788329865783
371.0 0.008400603837799281
372.0 0.00832742007332854
373.0 0.00731125837774016
374.0 0.006295098864939064
375.0 0.006575555744348094
376.0 0.0068560118961613625
377.0 0.007221697160275653
378.0 0.007587380241602659
379.0 0.006358054815791547
380.0 0.005128729026182555
381.0 0.003298825686215423
382.0 0.0014689228009956423
383.0 0.0036541572626447305
384.0 0.005839391815243289
385.0 0.005586477345786989
386.0 0.005333563240128569
387.0 0.005984681774862111
388.0 0.006635800673393533
389.0 0.005869120650459081
390.0 0.005102441718918271
391.0 0.004714895112556405
392.0 0.004327348506194539
393.0 0.004807971708942205
394.0 0.005288595275487751
395.0 0.00440703661297448
396.0 0.003525477950461209
397.0 0.0037247984437271953
398.0 0.003924118936993182
399.0 0.004138924487051554
400.0 0.004353730037109926
401.0 0.00471867315354757
402.0 0.005083615906187333
403.0 0.00510859172209166
404.0 0.005133567901793867
405.0 0.004198471287963912
406.0 0.003263375037931837
407.0 0.001836760202422738
408.0 0.0004101461854588706
409.0 0.002018636223510839
410.0 0.0036271267163101584
411.0 0.004206391531624831
412.0 0.004785656346939504
413.0 0.0046663531975355
414.0 0.004547049684333615
415.0 0.003751041367650032
416.0 0.00295503359666327
417.0 0.003967252996517345
418.0 0.004979472578270361
419.0 0.0044121868995716795
420.0 0.0038449012208729982
421.0 0.003940194073948078
422.0 0.004035487654618919
423.0 0.003774489596253261
424.0 0.003513492629281245
425.0 0.002489220059942454
426.0 0.0014649476725026034
427.0 0.001763731961546
428.0 0.002062516432488337
429.0 0.001431867804058129
430.0 0.0008012195394258015
431.0 0.0008107508620014414
432.0 0.000820282002678141
433.0 0.0007498662398575107
434.0 0.0006794503860874102
435.0 0.0011933916539419442
436.0 0.0017073329217964783
437.0 0.0018438451661495492
438.0 0.0019803575924015604
439.0 0.0020766490706591867
440.0 0.0021729407308157533
441.0 0.0016238822354353033
442.0 0.0010748238310043234
443.0 0.0022849777451483533
444.0 0.0034951317502418533
445.0 0.0034195883927168325
446.0 0.003344044671393931
447.0 0.0026576855816529132
448.0 0.0019713263100129552
449.0 0.0026023100872407667
450.0 0.0032332944101653993
451.0 0.002583553214208223
452.0 0.0019338118363521062
453.0 0.001778075602487661
454.0 0.0016223399143200368
455.0 0.0023456537746824324
456.0 0.0030689679988427088
457.0 0.002268172647745814
458.0 0.0014673772966489196
459.0 0.0015467676348634996
460.0 0.0016261579730780795
461.0 0.0007527937668783125
462.0 1.5796540507942436e-10
463.0 0.000912666928343242
464.0 0.0019459046598058194
465.0 0.0022311078282655217
466.0 0.002516310996725224
467.0 0.002181414674851112
468.0 0.0018465174434822984
469.0 0.0016713820514269173
470.0 0.0014962462955736555
471.0 0.0013732980733038858
472.0 0.0012503501238825265
473.0 0.0012206418432469945
474.0 0.0011909334716619924
475.0 0.001021432581183035
476.0 0.0008519315997546073
477.0 0.0013188390767027158
478.0 0.0017857462808024138
479.0 0.002108453554683365
480.0 0.0024311604647664353
481.0 0.0019267788957222365
482.0 0.0014223972357285675
483.0 0.0009930338819685858
484.0 0.0005636705282086041
485.0 0.0013523275811166968
486.0 0.0021409845430753194
487.0 0.001471953873988241
488.0 0.0008029233868001029
489.0 0.00163567419804167
490.0 0.002468425009283237
491.0 0.0023299409804167226
492.0 0.002191456951550208
493.0 0.0019792028979281895
494.0 0.0017669492081040516
495.0 0.0016404508642153814
496.0 0.0015139527022256516
497.0 0.0013001652405364439
498.0 0.0010863779607461765
499.0 0.0011826776244561188
500.0 0.0012789774700650014
501.0 0.0008834876098262612
502.0 0.00048799770411278587
503.0 0.0012987712580070365
504.0 0.0021095449483254924
505.0 0.002263493661303073
506.0 0.002417442374280654
507.0 0.0023095670258044265
508.0 0.0022016913135303184
509.0 0.0018565644495538436
510.0 0.0015114379493752494
511.0 0.0011756296771636698
512.0 0.0008398213140026201
513.0 0.0012581010196299758
514.0 0.001676380998105742
515.0 0.001329148744844133
516.0 0.0009819168553804047
517.0 0.0009291747119277716
518.0 0.0008764324775256682
519.0 0.001108477317757206
520.0 0.0013405217941908631
521.0 0.0016570731531828642
522.0 0.0019736246031243354
523.0 0.0013090925676806364
524.0 0.0006445603958127322
525.0 0.0007273515166161815
526.0 0.000810142773843836
527.0 0.0011529533367138356
528.0 0.0014957640814827755
529.0 0.0012927291209052783
530.0 0.0010896937965299003
531.0 0.0011485730283311568
532.0 0.0012074521691829432
533.0 0.0008563227311242372
534.0 0.0005051931111665908
535.0 0.0011103285032731947
536.0 0.0017154638044303283
537.0 0.0016505557141499594
538.0 0.0015856472600717098
539.0 0.0011179506145708729
540.0 0.0006502536052721553
541.0 0.0007552690476586577
542.0 0.0008602844900451601
543.0 0.0012581981536641251
544.0 0.0016561119991820306
545.0 0.0011037329386454076
546.0 0.0005513541964319302
547.0 0.001212488587043481
548.0 0.001873622568382416
549.0 0.0016657657397445291
550.0 0.0014579089111066423
551.0 0.0015727924619568512
552.0 0.0016876756490091793
553.0 0.0014142986401566304
554.0 0.0011409212675062008
555.0 0.0010072888471768238
556.0 0.0008736563358979765
557.0 0.001326381698163459
558.0 0.001779106787580531
559.0 0.0017648084394750185
560.0 0.001750509545672685
561.0 0.0015784175047883764
562.0 0.0014063253729545977
563.0 0.0011970030755037442
564.0 0.0009876808690023609
565.0 0.001736074591462966
566.0 0.0024844688596203923
567.0 0.0028780308639397845
568.0 0.0032715928682591766
569.0 0.003009688589372672
570.0 0.0027477843104861677
571.0 0.002572956327639986
572.0 0.0023981276171980426
573.0 0.0019489996702759527
574.0 0.0014998719052528031
575.0 0.0019203271222067997
576.0 0.0023407823391607963
577.0 0.0019561193767003715
578.0 0.0015714571418357082
579.0 0.001719734791549854
580.0 0.001868012077466119
581.0 0.0016834803318488412
582.0 0.0014989484043326229
583.0 0.0019671209884108976
584.0 0.0024352937543881126
585.0 0.0025763147277757525
586.0 0.0027173357011633925
587.0 0.0021383935745689087
588.0 0.001559451084176544
589.0 0.0019797014829237014
590.0 0.002399952063569799
591.0 0.0014809899766987655
592.0 0.000562027889827732
593.0 0.0005290384706313489
594.0 0.0004960489604854956
595.0 0.000976838873611996
596.0 0.0014576287867384963
597.0 0.0013847811715095304
598.0 0.0013119335562805645
599.0 0.0009583442079019733
600.0 0.0006047549959475873
601.0 0.0005489829163707327
602.0 0.0004932107458444079
603.0 0.0009837564903136808
604.0 0.001474301825510338
605.0 0.0009173390935757197
606.0 0.0003603762479542638
607.0 0.0007654783075849991
608.0 0.001170580344478367
609.0 0.0011775284292525612
610.0 0.0011844761502288748
611.0 0.001018860439216951
612.0 0.0008532444553566165
613.0 0.0007983770956343506
614.0 0.0007435098268615548
615.0 0.0012175952178949956
616.0 0.001691680881776847
617.0 0.0021625864974339493
618.0 0.0026334919311921112
619.0 0.002179863258788828
620.0 0.0017262340406887233
621.0 0.0014695863683300558
622.0 0.0012129383321735077
623.0 0.0015408757462864742
624.0 0.0018688131603994407
625.0 0.0016903541109059006
626.0 0.0015118951523618307
627.0 0.0019222252376493998
628.0 0.0023325557776843198
629.0 0.0020798135665245354
630.0 0.0018270715372636914
631.0 0.0016019372196751647
632.0 0.0013768027201876976
633.0 0.0017483982446719892
634.0 0.0021199941329541616
635.0 0.005063079879619181
636.0 0.008006164716789499
637.0 0.015341280959546566
638.0 0.022676397929899395
639.0 0.019831380632240325
640.0 0.01698636042419821
641.0 0.01477664482081309
642.0 0.012566932127811015
643.0 0.010073891462525353
644.0 0.007580852252431214
645.0 0.006840692367404699
646.0 0.0061005328461760655
647.0 0.005593688183580525
648.0 0.005086843520984985
649.0 0.004171572072664276
650.0 0.0032563009881414473
651.0 0.003660305083030835
652.0 0.004064308814122342
653.0 0.0033124171750387177
654.0 0.0025605253540561534
655.0 0.002794888678181451
656.0 0.0030292525480035692
657.0 0.0029824443117831834
658.0 0.0029356357117649168
659.0 0.0027766054699895903
660.0 0.0026175754101132043
661.0 0.0027497557312017307
662.0 0.002881936052290257
663.0 0.00198361485672649
664.0 0.0010852936611627229
665.0 0.0015866835383349098
666.0 0.0020880737793049775
667.0 0.002418596704956144
668.0 0.0027491196306073107
669.0 0.002005783790082205
670.0 0.0012624479495570995
671.0 0.0009326165127276909
672.0 0.0006027851668477524
673.0 0.0012873895684606396
674.0 0.0019719944248208776
675.0 0.0021045934772701003
676.0 0.0022371923478203826
677.0 0.0019451894331723452
678.0 0.001653186154726427
679.0 0.001375610736431554
680.0 0.0010980350452882703
681.0 0.0012290257473068777
682.0 0.001360016358376015
683.0 0.0024509352442692034
684.0 0.003541854675859213
685.0 0.0029639943022630177
686.0 0.0023861342924647033
687.0 0.0017757782188709825
688.0 0.0011654218724288512
689.0 0.0014901017493684776
690.0 0.0018147813534596935
691.0 0.002101902100548614
692.0 0.002389022665738594
693.0 0.0027258021873421967
694.0 0.00306258189084474
695.0 0.0032496769563294947
696.0 0.0034367720218142495
697.0 0.0036082568840356544
698.0 0.0037797417462570593
699.0 0.005598993084277026
700.0 0.007418244058499113
701.0 0.0071320457209367305
702.0 0.006845847383374348
703.0 0.006351213960442692
704.0 0.0058565809013089165
705.0 0.00526254516444169
706.0 0.004668509427574463
707.0 0.0044116590288467705
708.0 0.0041548079025233164
709.0 0.0043342082790331915
710.0 0.0045136086555430666
711.0 0.004065413304488175
712.0 0.003617218681029044
713.0 0.0025739471311680973
714.0 0.0015306755813071504
715.0 0.00220216916204663
716.0 0.0028736627427861094
717.0 0.002504849180695601
718.0 0.0021360352548072115
719.0 0.0017063361156033352
720.0 0.0012766367035510484
721.0 0.0011844528671645094
722.0 0.0010922686669800896
723.0 0.0009804198271012865
724.0 0.0008685709872224834
725.0 0.0012569008504215162
726.0 0.0016452308045700192
727.0 0.001678343687672168
728.0 0.0017114563888753764
729.0 0.0018115373677574098
730.0 0.0019116181647405028
731.0 0.0014308836398413405
732.0 0.0009501492058916483
733.0 0.0009725421477924101
734.0 0.000994935180642642
735.0 0.0010886084055528045
736.0 0.0011822812666650862
737.0 0.0013334442883206066
738.0 0.0014846070371277165
739.0 0.001205394983117003
740.0 0.0009261828381568193
741.0 0.0010346248018322513
742.0 0.001143066674558213
743.0 0.0015764759154990315
744.0 0.0020098848835914396
745.0 0.0013288617992657237
746.0 0.0006478386694652727
747.0 0.0011772403922805097
748.0 0.0017066420696210116
749.0 0.00238577868003631
750.0 0.0030649156542494893
751.0 0.003017589187948033
752.0 0.002970263085444458
753.0 0.0029519434974645264
754.0 0.0029336237275856547
755.0 0.001936210537678562
756.0 0.0009387969839735888
757.0 0.0019220167814637534
758.0 0.002905236578953918
759.0 0.002725352896959521
760.0 0.002545468851167243
761.0 0.004292717494536191
762.0 0.006039965956006199
763.0 0.005665871503879316
764.0 0.005291777415550314
765.0 0.005409720688476227
766.0 0.005527664688997902
767.0 0.004618435195880011
768.0 0.0037092057027621195
769.0 0.003405853931326419
770.0 0.0031025036150822416
771.0 0.003922460382455029
772.0 0.004742417513625696
773.0 0.003960831236327067
774.0 0.0031792449590284377
775.0 1.5796540507942436e-10
776.0 0.014477122749667615
777.0 1.5796540507942436e-10
778.0 1.5796540507942436e-10
779.0 0.07977928034961224
780.0 0.1733850920572877
781.0 1.5796540507942436e-10
782.0 1.5796540507942436e-10
783.0 0.10112281888723373
784.0 0.07129675941541791
785.0 0.1805599662475288
786.0 0.02488193567842245
787.0 0.0432583357905969
788.0 0.0897154735866934
789.0 1.5796540507942436e-10
790.0 0.019154809706378728
791.0 0.0547233154065907
792.0 0.1745120738632977
793.0 1.5796540507942436e-10
794.0 0.04443429934326559
795.0 0.03640085342340171
796.0 0.09919068543240428
797.0 0.09946502977982163
798.0 0.07178179803304374
799.0 0.061110820388421416
800.0 0.17254813574254513
801.0 0.13164192205294967
802.0 0.37523184437304735
803.0 0.5488033872097731
804.0 0.9794929064810276
805.0 1.520412415266037
806.0 2.529420517385006
807.0 3.826337307691574
808.0 5.493468791246414
809.0 7.590416818857193
810.0 10.19832193851471
811.0 13.28679472208023
812.0 16.43977165222168
813.0 19.615204632282257
814.0 22.327853739261627
815.0 25.228944420814514
816.0 29.274684190750122
817.0 34.17640924453735
818.0 39.393797516822815
819.0 44.79223191738129
820.0 51.72119736671448
821.0 59.18196439743042
822.0 65.90403914451599
823.0 72.45345115661621
824.0 78.70151996612549
825.0 83.91812443733215
826.0 88.34630250930786
827.0 92.38603711128235
828.0 95.72843313217163
829.0 97.90299534797668
830.0 98.26465845108032
831.0 99.03602600097656
832.0 98.94353151321411
833.0 99.95293617248535
834.0 98.97344708442688
835.0 99.76191520690918
836.0 99.29566979408264
837.0 99.34356808662415
838.0 98.69608283042908
839.0 98.87838363647461
840.0 99.19946789741516
841.0 100.01577138900757
842.0 100.13301372528076
843.0 99.99489188194275
844.0 98.65291118621826
845.0 98.91307353973389
846.0 99.02669191360474
847.0 99.13562536239624
848.0 99.9870240688324
849.0 99.11598563194275
850.0 98.39521646499634
851.0 99.27155375480652
852.0 99.77982640266418
853.0 98.91210794448853
854.0 100.04260540008545
855.0 98.61369729042053
856.0 99.0380585193634
857.0 98.17910194396973
858.0 98.81495237350464
859.0 99.61024522781372
860.0 98.76554012298584
861.0 98.83167743682861
862.0 98.86639714241028
863.0 98.71793985366821
864.0 99.32130575180054
865.0 99.9256432056427
866.0 98.95211458206177
867.0 99.41664338111877
868.0 99.39500689506531
869.0 99.01442527770996
870.0 98.26803803443909
871.0 99.29370284080505
872.0 99.27985668182373
873.0 99.68615770339966
874.0 99.71879720687866
875.0 99.47952628135681
876.0 99.1492509841919
877.0 99.86441135406494
878.0 99.30856823921204
879.0 99.07327890396118
880.0 98.65230321884155
881.0 100.39129257202148
882.0 99.10394549369812
883.0 99.21643137931824
884.0 99.38372373580933
885.0 99.04206395149231
886.0 99.20879006385803
887.0 98.89020323753357
888.0 99.31179881095886
889.0 100.04820823669434
890.0 98.77201914787292
891.0 99.78024363517761
892.0 99.18920993804932
893.0 98.82572889328003
894.0 98.88915419578552
