lsstCam/transmission_filter_detector/r30_s00/i_39/19700101T000000.ecsv
# %ECSV 1.0
# ---
# datatype:
# - {name: wavelength, unit: nm, datatype: float32}
# - {name: efficiency, unit: '%', datatype: float64}
# meta: !!omap
# - {MODE: DETECTOR}
# - {TYPE: transmission_filter_detector}
# - {CALIBDATE: '1970-01-01T00:00:00'}
# - {INSTRUME: LSSTCam}
# - {OBSTYPE: transmission_filter_detector}
# - {CALIBCLS: lsst.ip.isr.IntermediateFilterDetectorTransmissionCurve}
# - {SOURCE: Materion (DM-46256)}
# - {DETECTOR: 117}
# - {FILTER: i_39}
# - {CALIB_ID: 'calibDate=1970-01-01T00:00:00 filter=i_39 detector=117'}
# - {DATE: '2025-04-02T15:59:47.022208'}
# - {CALIB_CREATION_DATE: '2025-04-02'}
# - {CALIB_CREATION_TIME: '15:59:47'}
# - __serialized_columns__:
#     efficiency:
#       __class__: astropy.units.quantity.Quantity
#       unit: !astropy.units.Unit {unit: '%'}
#       value: !astropy.table.SerializedColumn {name: efficiency}
#     wavelength:
#       __class__: astropy.units.quantity.Quantity
#       unit: !astropy.units.Unit {unit: nm}
#       value: !astropy.table.SerializedColumn {name: wavelength}
# schema: astropy-2.0
wavelength efficiency
300.0 1.7137079515866516e-10
301.0 1.7137079515866516e-10
302.0 1.7137079515866516e-10
303.0 0.001813479684642516
304.0 0.003634702807175927
305.0 0.000230599584938318
306.0 1.7137079515866516e-10
307.0 0.002836080420820508
308.0 0.00884566325112246
309.0 0.00826014147605747
310.0 0.0076746189733967185
311.0 0.0012743419574690051
312.0 1.7137079515866516e-10
313.0 1.7137079515866516e-10
314.0 1.7137079515866516e-10
315.0 1.7137079515866516e-10
316.0 1.7137079515866516e-10
317.0 1.7137079515866516e-10
318.0 1.7137079515866516e-10
319.0 1.7137079515866516e-10
320.0 0.006942027539480478
321.0 0.004255933527019806
322.0 0.0015698378774686716
323.0 0.0012362480447336566
324.0 0.0009026580300997011
325.0 0.0015178333342191763
326.0 0.002133008820237592
327.0 0.0014581409232050646
328.0 0.0007832730261725374
329.0 0.0018459071725374088
330.0 0.002908541682700161
331.0 0.0036472047213464975
332.0 0.004385868669487536
333.0 0.0029713572075706907
334.0 0.001556845563754905
335.0 0.0016789024812169373
336.0 0.0018009592167800292
337.0 0.0019588622308219783
338.0 0.0021167646991671063
339.0 0.0005897012215427822
340.0 1.7137079515866516e-10
341.0 8.194210181500239e-05
342.0 0.0011012463801307604
343.0 0.0006725241291860584
344.0 0.00024380199192819418
345.0 9.944175616283246e-06
346.0 1.7137079515866516e-10
347.0 1.7137079515866516e-10
348.0 1.7137079515866516e-10
349.0 0.00013137171208654763
350.0 0.0011061670193157624
351.0 9.524713959763176e-05
352.0 1.7137079515866516e-10
353.0 1.7137079515866516e-10
354.0 1.7137079515866516e-10
355.0 0.00023057425551087363
356.0 0.0004690800778917037
357.0 0.0003320407586215879
358.0 0.00019500148482620716
359.0 1.7137079515866516e-10
360.0 1.7137079515866516e-10
361.0 0.00018902557030742173
362.0 0.0006478086106653791
363.0 0.00043792015276267193
364.0 0.0002280318085468025
365.0 0.0003589014568206039
366.0 0.000489771173306508
367.0 0.0005663430329150287
368.0 0.0006429148470488144
369.0 0.000261007085100573
370.0 1.7137079515866516e-10
371.0 1.7137079515866516e-10
372.0 1.7137079515866516e-10
373.0 1.7137079515866516e-10
374.0 1.5687945165154815e-05
375.0 1.7137079515866516e-10
376.0 1.7137079515866516e-10
377.0 1.7137079515866516e-10
378.0 1.7137079515866516e-10
379.0 9.75112897094732e-06
380.0 0.0004922235348203685
381.0 0.00014930894849385368
382.0 1.7137079515866516e-10
383.0 0.0004400450961838942
384.0 0.0010736956937762443
385.0 0.0006146819032437634
386.0 0.00015566843103442807
387.0 0.0004918473223369801
388.0 0.0008280258953163866
389.0 0.0008404149411944672
390.0 0.0008528038051736075
391.0 0.00041340954339830205
392.0 1.7137079515866516e-10
393.0 1.7137079515866516e-10
394.0 1.7137079515866516e-10
395.0 0.0007593656391691184
396.0 0.0016393614714615978
397.0 0.001467561651224969
398.0 0.00129576183098834
399.0 0.0019972318114014342
400.0 0.002698701609915588
401.0 0.004739070936921053
402.0 0.006779438263038173
403.0 0.005502780913957395
404.0 0.004226122109685093
405.0 0.0027444011720945127
406.0 0.0012626804164028727
407.0 0.0006064962235541316
408.0 1.7137079515866516e-10
409.0 0.0006379658771038521
410.0 0.0013256194506539032
411.0 0.0038023354136385024
412.0 0.006279051012825221
413.0 0.005645359851769172
414.0 0.005011667963117361
415.0 0.004592043478623964
416.0 0.004172418994130567
417.0 0.004803884803550318
418.0 0.005435350249172188
419.0 0.004674292722484097
420.0 0.003913234831998125
421.0 0.005431327372207306
422.0 0.006949419912416488
423.0 0.005926398807787336
424.0 0.004903378794551827
425.0 0.005203133332543075
426.0 0.005502888598130085
427.0 0.005648943260894157
428.0 0.00579499828745611
429.0 0.004835293293581344
430.0 0.003875588663504459
431.0 0.004297841951483861
432.0 0.004720095603261143
433.0 0.004149672531639226
434.0 0.00357925018761307
435.0 0.002968415356008336
436.0 0.002357580160605721
437.0 0.0015821673514437862
438.0 0.0008067542694334406
439.0 0.00150250189108192
440.0 0.002198249421780929
441.0 0.0020156210666755214
442.0 0.0018329928934690543
443.0 0.0022017242372385226
444.0 0.0025704559448058717
445.0 0.0018956166968564503
446.0 0.0012207776308059692
447.0 0.0007365202691289596
448.0 0.0002522629529266851
449.0 0.0003011422450072132
450.0 0.00035002135518880095
451.0 0.0004441353667061776
452.0 0.0005382495146477595
453.0 0.0007348211056523724
454.0 0.0009313926966569852
455.0 0.0007830612048564944
456.0 0.0006347297585307388
457.0 6.52094058750663e-05
458.0 1.7137079515866516e-10
459.0 1.7137079515866516e-10
460.0 0.00022375861590262502
461.0 0.0004587139301293064
462.0 0.0006936692898307228
463.0 0.0007501044819946401
464.0 0.0008065396286838222
465.0 0.0006012657195242355
466.0 0.00039599208321305923
467.0 0.00031322447284765076
468.0 0.00023045686248224229
469.0 0.0005486652298714034
470.0 0.0008668735972605646
471.0 0.0005616940597974462
472.0 0.00025651484065747354
473.0 0.00048232982408080716
474.0 0.0007081448075041408
475.0 0.0007666712008358445
476.0 0.000825197457743343
477.0 0.00042111614675377496
478.0 1.7034720656283753e-05
479.0 0.0012349626558716409
480.0 0.002452891021675896
481.0 0.0022449354219133966
482.0 0.002036980185948778
483.0 0.0034934637369588017
484.0 0.0049499467422720045
485.0 0.005339836934581399
486.0 0.005729726035497151
487.0 0.008236139547079802
488.0 0.010742552694864571
489.0 0.014373367594089359
490.0 0.018004181038122624
491.0 0.02263448986923322
492.0 0.027264797245152295
493.0 0.030010927002876997
494.0 0.032757059670984745
495.0 0.02997353731188923
496.0 0.02719001204241067
497.0 0.0205279458896257
498.0 0.013865881192032248
499.0 0.009944062912836671
500.0 0.006022245725034736
501.0 0.004207204619888216
502.0 0.0023921624233480543
503.0 0.002095284617098514
504.0 0.001798406992747914
505.0 0.0017216576452483423
506.0 0.0016449079339508899
507.0 0.0020446537746465765
508.0 0.002444399615342263
509.0 0.002734002555371262
510.0 0.0030236053135013208
511.0 0.0026514728233451024
512.0 0.002279340333188884
513.0 0.00217730448639486
514.0 0.002075269185297657
515.0 0.001986631832551211
516.0 0.0018979944798047654
517.0 0.0021300727894413285
518.0 0.0023621510990778916
519.0 0.001950006844708696
520.0 0.00153786240844056
521.0 0.0016246545783360489
522.0 0.001711446930130478
523.0 0.0018005950551014394
524.0 0.0018897431800724007
525.0 0.0023149768821895123
526.0 0.0027402104024076834
527.0 0.003003946039825678
528.0 0.0032676816772436723
529.0 0.003820880374405533
530.0 0.0043740794353652745
531.0 0.0038485275581479073
532.0 0.0033229764085263014
533.0 0.002533085717004724
534.0 0.001743194843584206
535.0 0.0018241176803712733
536.0 0.0019050403352594003
537.0 0.002376466363784857
538.0 0.0028478922104113735
539.0 0.0034866941859945655
540.0 0.004125495979678817
541.0 0.004518760397331789
542.0 0.004912024814984761
543.0 0.005396067354013212
544.0 0.005880109893041663
545.0 0.00495688509545289
546.0 0.004033660297864117
547.0 0.0029627039111801423
548.0 0.0018917478882940486
549.0 0.0016305199096677825
550.0 0.0013692923857888673
551.0 0.001461787996959174
552.0 0.001554283699078951
553.0 0.0018867980543291196
554.0 0.002219312773377169
555.0 0.0016747882909839973
556.0 0.0011302641723887064
557.0 0.0010129797374247573
558.0 0.0008956953934102785
559.0 0.0006599363132409053
560.0 0.000424177187596797
561.0 0.0008779808013059665
562.0 0.0013317845514393412
563.0 0.001572668224980589
564.0 0.0018135518985218368
565.0 0.0014605266187572852
566.0 0.0011075014299422037
567.0 0.001431553391739726
568.0 0.0017556052625877783
569.0 0.0012645219612750225
570.0 0.0007734387509117369
571.0 0.0006190110070747323
572.0 0.00046458317228825763
573.0 0.0005365525794331916
574.0 0.0006085220775275957
575.0 0.00045461147237801924
576.0 0.00030070100365264807
577.0 0.000287936745735351
578.0 0.0002751724878180539
579.0 0.00026428588171256706
580.0 0.0002533993210818153
581.0 0.0004238348537910497
582.0 0.0005942702500760788
583.0 0.000462079469798482
584.0 0.0003298885076219449
585.0 0.000580552477913443
586.0 0.0008312165846291464
587.0 0.0005624703135254094
588.0 0.00029372417884587776
589.0 0.0005329937266651541
590.0 0.0007722634109086357
591.0 0.0007091792667779373
592.0 0.0006460950771725038
593.0 0.000634964317214326
594.0 0.0006238335572561482
595.0 0.0004355743385531241
596.0 0.0002473150971127325
597.0 0.0003895240297424607
598.0 0.0005317329396348214
599.0 0.000425083635491319
600.0 0.00031843439955991926
601.0 0.00035567979921324877
602.0 0.000392925312553416
603.0 0.00016822718862385955
604.0 1.7137079515866516e-10
605.0 6.603543170058401e-05
606.0 0.00018854171912607853
607.0 0.00035128603030898375
608.0 0.0005140303073858377
609.0 0.00034467270779714454
610.0 0.00017531513094581896
611.0 0.0003276317329437006
612.0 0.00047994831220421474
613.0 0.0003751175654542749
614.0 0.0002702868641790701
615.0 0.00044166872612549923
616.0 0.0006130505880719284
617.0 0.0005029118710808689
618.0 0.0003927731540898094
619.0 0.0003583296120268642
620.0 0.0003238861609133892
621.0 0.00026342604542151093
622.0 0.00020296595266700024
623.0 0.00024867358661140315
624.0 0.000294381175081071
625.0 0.0003238438466723892
626.0 0.00035330654100107495
627.0 0.0003543275624906528
628.0 0.0003553485839802306
629.0 0.00043503296183189377
630.0 0.0005147172487340868
631.0 0.0005120987680129474
632.0 0.000509480241817073
633.0 0.00047187354539346416
634.0 0.00043426680349512026
635.0 0.0005017375315219397
636.0 0.0005692083050234942
637.0 0.0004627765520126559
638.0 0.00035634468531497987
639.0 0.00042661472434701864
640.0 0.000496884786116425
641.0 0.0005508769390871748
642.0 0.0006048691375326598
643.0 0.0006202855729497969
644.0 0.0006357019174174638
645.0 0.0006628461051150225
646.0 0.0006899902473378461
647.0 0.0006595219929295126
648.0 0.0006290534656727687
649.0 0.0007874292350606993
650.0 0.0009458049134991597
651.0 0.0009317889634985477
652.0 0.0009177729225484654
653.0 0.0009190293894789647
654.0 0.0009202860383084044
655.0 0.0012274085747776553
656.0 0.0015345311112469062
657.0 0.0023968272216734476
658.0 0.0032591236958978698
659.0 0.005453709673020057
660.0 0.06975290016271174
661.0 0.08561867871321738
662.0 0.06661292864009738
663.0 0.10802029864862561
664.0 0.1277968636713922
665.0 0.10631004115566611
666.0 0.09133103303611279
667.0 0.1550881890580058
668.0 0.15813077334314585
669.0 0.2195100300014019
670.0 0.2858117688447237
671.0 0.39855027571320534
672.0 0.590380048379302
673.0 0.9192574769258499
674.0 1.4759832061827183
675.0 2.2053103893995285
676.0 3.1961705535650253
677.0 4.4655028730630875
678.0 5.817188695073128
679.0 7.2311535477638245
680.0 9.00561511516571
681.0 10.970257222652435
682.0 13.469268381595612
683.0 16.288620233535767
684.0 19.356007874011993
685.0 22.274266183376312
686.0 25.303512811660767
687.0 28.463351726531982
688.0 31.56926929950714
689.0 34.61370766162872
690.0 37.998226284980774
691.0 41.775405406951904
692.0 46.20905518531799
693.0 51.09030604362488
694.0 56.6562294960022
695.0 62.21798658370972
696.0 68.57778429985046
697.0 74.18658137321472
698.0 80.52935004234314
699.0 85.42294502258301
700.0 89.33317065238953
701.0 92.7344799041748
702.0 95.07721662521362
703.0 96.45940661430359
704.0 97.28333353996277
705.0 97.79354333877563
706.0 97.91314005851746
707.0 98.13575148582458
708.0 98.20050001144409
709.0 98.2912540435791
710.0 98.00306558609009
711.0 98.15912246704102
712.0 98.02682995796204
713.0 98.15600514411926
714.0 98.19846153259277
715.0 98.29482436180115
716.0 98.12724590301514
717.0 98.3988881111145
718.0 98.3808159828186
719.0 98.31833839416504
720.0 98.60821962356567
721.0 98.56613278388977
722.0 98.2706069946289
723.0 98.11006188392639
724.0 97.75366187095642
725.0 97.5107192993164
726.0 97.22362160682678
727.0 96.89884781837463
728.0 96.60165309906006
729.0 96.37097716331482
730.0 96.35215997695923
731.0 96.39648199081421
732.0 96.4176893234253
733.0 96.67115211486816
734.0 97.11663722991943
735.0 97.37709164619446
736.0 97.75591492652893
737.0 98.15903306007385
738.0 98.36845397949219
739.0 98.76019954681396
740.0 98.93242120742798
741.0 98.75220060348511
742.0 99.04980063438416
743.0 98.92829656600952
744.0 98.7550139427185
745.0 98.71017336845398
746.0 98.64478707313538
747.0 98.92989993095398
748.0 98.78265261650085
749.0 98.71166348457336
750.0 98.72981905937195
751.0 98.64107966423035
752.0 98.50725531578064
753.0 98.74990582466125
754.0 98.65196943283081
755.0 98.69434237480164
756.0 98.77457022666931
757.0 98.74057173728943
758.0 98.84277582168579
759.0 98.8842785358429
760.0 98.72061014175415
761.0 98.68429899215698
762.0 98.70595335960388
763.0 98.66945743560791
764.0 98.47021102905273
765.0 98.56250882148743
766.0 98.56593608856201
767.0 98.37679266929626
768.0 98.50390553474426
769.0 98.5777497291565
770.0 98.31473231315613
771.0 98.39755892753601
772.0 98.43360185623169
773.0 98.36705923080444
774.0 98.21895956993103
775.0 98.31840395927429
776.0 98.24742674827576
777.0 98.21979403495789
778.0 98.18882346153259
779.0 98.19369316101074
780.0 98.015695810318
781.0 98.28861355781555
782.0 98.07833433151245
783.0 98.06812405586243
784.0 98.08351993560791
785.0 98.18976521492004
786.0 98.3914315700531
787.0 98.10999035835266
788.0 98.22969436645508
789.0 98.29153418540955
790.0 98.31903576850891
791.0 98.31088781356812
792.0 98.17771911621094
793.0 98.2125461101532
794.0 98.1341540813446
795.0 98.0593204498291
796.0 98.18091988563538
797.0 98.24546575546265
798.0 98.26752543449402
799.0 98.11201691627502
800.0 98.02374243736267
801.0 98.03005456924438
802.0 97.95113801956177
803.0 97.76105284690857
804.0 97.6114571094513
805.0 97.33926653862
806.0 97.14179635047913
807.0 96.6899573802948
808.0 96.08409404754639
809.0 95.28344869613647
810.0 94.4363534450531
811.0 93.04021000862122
812.0 91.33888483047485
813.0 89.2105221748352
814.0 86.76020503044128
815.0 83.62541794776917
816.0 80.32534718513489
817.0 76.32105350494385
818.0 71.70023918151855
819.0 67.46383309364319
820.0 62.3529851436615
821.0 57.697612047195435
822.0 53.03827524185181
823.0 48.37463200092316
824.0 43.71199011802673
825.0 39.350250363349915
826.0 34.90103483200073
827.0 30.172666907310486
828.0 25.89738965034485
829.0 21.57435715198517
830.0 17.04200953245163
831.0 13.481789827346802
832.0 9.794873744249344
833.0 6.766969710588455
834.0 4.44365069270134
835.0 2.798781730234623
836.0 1.6891365870833397
837.0 0.9614473208785057
838.0 0.5455714650452137
839.0 0.33222080674022436
840.0 0.18603611970320344
841.0 0.11957028182223439
842.0 0.017038494115695357
843.0 0.049271166790276766
844.0 0.03255321644246578
845.0 0.012208956468384713
846.0 1.7137079515866516e-10
847.0 1.7137079515866516e-10
848.0 1.7137079515866516e-10
849.0 1.7137079515866516e-10
850.0 1.7137079515866516e-10
851.0 0.0007704282324993983
852.0 0.0021065505279693753
853.0 0.0011789715244958643
854.0 0.0002513925210223533
855.0 4.782359042110329e-06
856.0 1.7137079515866516e-10
857.0 1.7137079515866516e-10
858.0 1.7137079515866516e-10
859.0 1.7137079515866516e-10
860.0 1.7137079515866516e-10
861.0 1.7137079515866516e-10
862.0 1.7137079515866516e-10
863.0 1.7137079515866516e-10
864.0 7.025702188911964e-05
865.0 7.033666520328552e-05
866.0 7.041624030534877e-05
867.0 1.7137079515866516e-10
868.0 1.7137079515866516e-10
869.0 1.7137079515866516e-10
870.0 5.0516860028437804e-05
871.0 9.982247775042197e-05
872.0 0.00014912806136635481
873.0 8.669717885823047e-05
874.0 2.426627645490953e-05
875.0 1.7137079515866516e-10
876.0 1.7137079515866516e-10
877.0 2.423207092761004e-05
878.0 0.00020604497876774985
879.0 3.423354257847677e-05
880.0 1.7137079515866516e-10
881.0 1.7137079515866516e-10
882.0 9.735732646731776e-05
883.0 1.7137079515866516e-10
884.0 1.7137079515866516e-10
885.0 1.7137079515866516e-10
886.0 2.093364344091242e-05
887.0 1.7137079515866516e-10
888.0 1.7137079515866516e-10
889.0 1.7137079515866516e-10
890.0 1.7137079515866516e-10
891.0 8.293938691394942e-06
892.0 2.847995119736879e-05
893.0 1.7137079515866516e-10
894.0 1.7137079515866516e-10
895.0 1.7137079515866516e-10
896.0 5.5073616067602416e-05
