lsstCam/transmission_filter_detector/r30_s00/i_39/19700101T000000.ecsv
# %ECSV 1.0
# ---
# datatype:
# - {name: wavelength, unit: nm, datatype: float32}
# - {name: efficiency, unit: '%', datatype: float64}
# meta: !!omap
# - {MODE: DETECTOR}
# - {TYPE: transmission_filter_detector}
# - {CALIBDATE: '1970-01-01T00:00:00'}
# - {INSTRUME: LSSTCam}
# - {OBSTYPE: transmission_filter_detector}
# - {CALIBCLS: lsst.ip.isr.IntermediateFilterDetectorTransmissionCurve}
# - {SOURCE: Materion (DM-46256)}
# - {DETECTOR: 117}
# - {FILTER: i_39}
# - {CALIB_ID: 'calibDate=1970-01-01T00:00:00 filter=i_39 detector=117'}
# - {DATE: '2025-04-02T15:59:47.022208'}
# - {CALIB_CREATION_DATE: '2025-04-02'}
# - {CALIB_CREATION_TIME: '15:59:47'}
# - __serialized_columns__:
#     efficiency:
#       __class__: astropy.units.quantity.Quantity
#       unit: !astropy.units.Unit {unit: '%'}
#       value: !astropy.table.SerializedColumn {name: efficiency}
#     wavelength:
#       __class__: astropy.units.quantity.Quantity
#       unit: !astropy.units.Unit {unit: nm}
#       value: !astropy.table.SerializedColumn {name: wavelength}
# schema: astropy-2.0
wavelength efficiency
[from data line 598]
898.0 4.1101390024778084e-05
899.0 2.0317612836606713e-05
900.0 1.7137079515866516e-10
901.0 1.7137079515866516e-10
902.0 1.7137079515866516e-10
903.0 1.7137079515866516e-10
904.0 6.078199703551945e-05
905.0 8.380617373404675e-05
906.0 0.00010683041864467668
907.0 1.7137079515866516e-10
908.0 1.7137079515866516e-10
909.0 1.7137079515866516e-10
910.0 1.7137079515866516e-10
911.0 4.8395617113783373e-05
912.0 0.00011180375167896273
913.0 7.3233769626313e-05
914.0 3.466378473149234e-05
915.0 7.82938229804131e-05
916.0 0.00012192389249321423
917.0 1.7137079515866516e-10
918.0 1.7137079515866516e-10
919.0 1.3003261756239226e-05
920.0 0.00014963965213610209
921.0 1.0638530056894524e-05
922.0 1.7137079515866516e-10
923.0 1.7137079515866516e-10
924.0 1.7137079515866516e-10
925.0 0.00012773213029504404
926.0 0.00026619106847647345
927.0 8.734996868042799e-05
928.0 1.7137079515866516e-10
929.0 1.7137079515866516e-10
930.0 1.7137079515866516e-10
931.0 3.7207752257018e-05
932.0 0.0002180515366489999
933.0 3.703575544022897e-05
934.0 1.7137079515866516e-10
935.0 1.7137079515866516e-10
936.0 1.7137079515866516e-10
937.0 1.7266754692712993e-07
938.0 8.594940936745843e-05
939.0 1.7137079515866516e-10
940.0 1.7137079515866516e-10
941.0 1.7137079515866516e-10
942.0 0.00016098506421258207
943.0 0.00013650065966430702
944.0 0.00011201625511603197
945.0 1.7137079515866516e-10
946.0 1.7137079515866516e-10
947.0 1.7137079515866516e-10
948.0 7.885973900556564e-05
949.0 1.7137079515866516e-10
950.0 1.7137079515866516e-10
951.0 1.7137079515866516e-10
952.0 1.7137079515866516e-10
953.0 1.2623162959357614e-06
954.0 8.319437370118976e-05
955.0 1.0385308968352547e-05
956.0 1.7137079515866516e-10
957.0 9.067632866788244e-07
958.0 6.42372526726831e-05
959.0 0.0001359779389531468
960.0 0.0002077186309179524
961.0 0.0001754523282215814
962.0 0.0001431859914191591
963.0 0.00012006901215499965
964.0 9.695202152215643e-05
965.0 2.795244142816955e-05
966.0 1.7137079515866516e-10
967.0 1.7137079515866516e-10
968.0 1.7137079515866516e-10
969.0 1.7137079515866516e-10
970.0 6.36137770015921e-05
971.0 1.8417628666611563e-05
972.0 1.7137079515866516e-10
973.0 5.348532567950315e-05
974.0 0.00013374916534303338
975.0 5.839142431796063e-05
976.0 1.7137079515866516e-10
977.0 2.073119276246871e-05
978.0 5.8428673810340115e-05
979.0 1.7137079515866516e-10
980.0 1.7137079515866516e-10
981.0 1.7137079515866516e-10
982.0 3.1554947099721176e-05
983.0 1.7137079515866516e-10
984.0 1.7137079515866516e-10
985.0 1.7137079515866516e-10
986.0 0.00010054279755422613
987.0 1.7137079515866516e-10
988.0 1.7137079515866516e-10
989.0 1.7137079515866516e-10
990.0 0.00011470190202089725
991.0 0.00011943045592488488
992.0 0.00012415903256624006
993.0 7.028949084997294e-05
994.0 1.64199448704494e-05
995.0 0.0001362155330753012
996.0 0.0002560111170168966
997.0 0.00022078872916608816
998.0 0.00018556632994659594
999.0 0.00023679986043134704
1000.0 0.00028803331133531174
1001.0 0.000327254883814021
1002.0 0.0003664764562927303
1003.0 0.00021998980628268328
1004.0 7.350316195697815e-05
1005.0 9.982343271985883e-05
1006.0 0.00012614372053576517
1007.0 0.00012219460359119694
1008.0 0.00011824554349004757
1009.0 0.00016628957837383496
1010.0 0.00021433356778288726
1011.0 0.00016996514204947744
1012.0 0.00012559669357870007
1013.0 0.00019688175143528497
1014.0 0.0002681667865545023
1015.0 0.00022411547888623318
1016.0 0.00018006419395533158
1017.0 0.00020039394712512149
1018.0 0.00022072372303227894
1019.0 0.0001484127892581455
1020.0 7.610190664308902e-05
1021.0 0.00014239203665056266
1022.0 0.00020868221781711327
1023.0 0.00023312707071454497
1024.0 0.00025757192361197667
1025.0 0.000353658469975926
1026.0 0.00044974499360250775
1027.0 0.0005001616045774426
1028.0 0.0005505780791281722
1029.0 0.0009271923772757873
1030.0 0.001303806493524462
1031.0 0.0015641327991033904
1032.0 0.0018244589227833785
1033.0 0.0021761648895335384
1034.0 0.0025278704924858175
1035.0 0.0029068800358800218
1036.0 0.0032858893973752856
1037.0 0.0033285603421973065
1038.0 0.0033712312870193273
1039.0 0.0028851631213910878
1040.0 0.002399094773863908
1041.0 0.0022489180992124602
1042.0 0.002098741606459953
1043.0 0.0022165822883835062
1044.0 0.002334423152206
1045.0 0.0026837968107429333
1046.0 0.0030331704692798667
1047.0 0.003554737486410886
1048.0 0.004076304685440846
1049.0 0.0032780979381641373
1050.0 0.00247989173658425
1051.0 0.0025143504899460822
1052.0 0.0025488096071057953
1053.0 0.002355328069825191
1054.0 0.0021618463506456465
1055.0 0.0014874848602630664
1056.0 0.0008131234608299565
1057.0 0.0008747447282075882
1058.0 0.0009363662684336305
1059.0 0.000978527714323718
1060.0 0.0010206890692643356
1061.0 0.0013286020475788973
1062.0 0.001636514934943989
1063.0 0.0020819272322114557
1064.0 0.002527339347579982
1065.0 0.003016501432284713
1066.0 0.003505663335090503
1067.0 0.003988622847828083
1068.0 0.0044715834519593045
1069.0 0.004396657823235728
1070.0 0.004321732558310032
1071.0 0.0038171361666172743
1072.0 0.003312539411126636
1073.0 0.0025089366317843087
1074.0 0.0017053338524419814
1075.0 0.0016298725313390605
1076.0 0.0015544106645393185
1077.0 0.001973740290850401
1078.0 0.002393069735262543
1079.0 0.0021581077817245387
1080.0 0.001923145646287594
1081.0 0.0017342332284897566
1082.0 0.0015453213563887402
1083.0 0.001784708547347691
1084.0 0.0020240957383066416
1085.0 0.001120325305237202
1086.0 0.00021655491764249746
1087.0 0.000561702154300292
1088.0 0.0009068493454833515
1089.0 0.00018879841263697017
1090.0 1.7137079515866516e-10
1091.0 3.6170706607663305e-05
1092.0 0.0006015936833136948
1093.0 0.0004594488018483389
1094.0 0.0003173037839587778
1095.0 0.00022266488031164045
1096.0 0.0001280260221392382
1097.0 1.7137079515866516e-10
1098.0 1.7137079515866516e-10
1099.0 1.7137079515866516e-10
1100.0 0.0006970328286115546
