lsstCam/transmission_filter_detector/r34_s11/i_39/19700101T000000.ecsv
# %ECSV 1.0
# ---
# datatype:
# - {name: wavelength, unit: nm, datatype: float32}
# - {name: efficiency, unit: '%', datatype: float64}
# meta: !!omap
# - {MODE: DETECTOR}
# - {TYPE: transmission_filter_detector}
# - {CALIBDATE: '1970-01-01T00:00:00'}
# - {INSTRUME: LSSTCam}
# - {OBSTYPE: transmission_filter_detector}
# - {CALIBCLS: lsst.ip.isr.IntermediateFilterDetectorTransmissionCurve}
# - {SOURCE: Materion (DM-46256)}
# - {DETECTOR: 157}
# - {FILTER: i_39}
# - {CALIB_ID: 'calibDate=1970-01-01T00:00:00 filter=i_39 detector=157'}
# - {DATE: '2025-04-02T15:59:47.206329'}
# - {CALIB_CREATION_DATE: '2025-04-02'}
# - {CALIB_CREATION_TIME: '15:59:47'}
# - __serialized_columns__:
#     efficiency:
#       __class__: astropy.units.quantity.Quantity
#       unit: !astropy.units.Unit {unit: '%'}
#       value: !astropy.table.SerializedColumn {name: efficiency}
#     wavelength:
#       __class__: astropy.units.quantity.Quantity
#       unit: !astropy.units.Unit {unit: nm}
#       value: !astropy.table.SerializedColumn {name: wavelength}
# schema: astropy-2.0
wavelength efficiency
[from data line 597]
897.0 1.0701662489509545e-05
898.0 1.6826518477175423e-10
899.0 1.6826518477175423e-10
900.0 1.6826518477175423e-10
901.0 1.6826518477175423e-10
902.0 1.6826518477175423e-10
903.0 1.9213453583688533e-05
904.0 4.996254574507475e-05
905.0 7.845908385206712e-05
906.0 0.00010695567880247836
907.0 1.6826518477175423e-10
908.0 1.6826518477175423e-10
909.0 1.6826518477175423e-10
910.0 3.349245787376276e-05
911.0 3.1037728831506683e-05
912.0 2.8582996947079664e-05
913.0 1.8766529308322788e-05
914.0 8.95004177436931e-06
915.0 1.6826518477175423e-10
916.0 1.6826518477175423e-10
917.0 1.6826518477175423e-10
918.0 1.6826518477175423e-10
919.0 5.8186645901514567e-05
920.0 0.00027744883936975384
921.0 6.693119303236017e-05
922.0 1.6826518477175423e-10
923.0 1.6826518477175423e-10
924.0 1.6826518477175423e-10
925.0 3.527125329583214e-05
926.0 8.756288139011303e-05
927.0 2.0290019620006206e-05
928.0 1.6826518477175423e-10
929.0 1.6826518477175423e-10
930.0 1.6826518477175423e-10
931.0 2.458849337472202e-05
932.0 9.849385378402076e-05
933.0 1.6826518477175423e-10
934.0 1.6826518477175423e-10
935.0 1.6826518477175423e-10
936.0 1.6826518477175423e-10
937.0 5.812544827676902e-05
938.0 0.00014336085314425873
939.0 1.6826518477175423e-10
940.0 1.6826518477175423e-10
941.0 1.6826518477175423e-10
942.0 1.6826518477175423e-10
943.0 1.6826518477175423e-10
944.0 6.932455676178506e-05
945.0 1.6826518477175423e-10
946.0 1.6826518477175423e-10
947.0 3.232083258808416e-05
948.0 0.0002727699893512181
949.0 0.00010314048495274619
950.0 1.6826518477175423e-10
951.0 3.622603514941147e-05
952.0 0.00013894106132283923
953.0 8.65284221163165e-05
954.0 3.411580280499038e-05
955.0 6.641034815402236e-05
956.0 9.870487929219962e-05
957.0 0.0001437451942365442
958.0 0.00018878548644352122
959.0 0.00021272917365422472
960.0 0.000236672872233612
961.0 0.0002240466528746765
962.0 0.00021142043351574102
963.0 0.00020419590782694286
964.0 0.00019697140487551223
965.0 4.2801326571861864e-05
966.0 1.6826518477175423e-10
967.0 1.6826518477175423e-10
968.0 1.6826518477175423e-10
969.0 1.6826518477175423e-10
970.0 5.714315243210422e-07
971.0 1.6826518477175423e-10
972.0 1.6826518477175423e-10
973.0 4.547579806057911e-05
974.0 0.00015136116644498543
975.0 0.000138338305077923
976.0 0.00012531547781691188
977.0 7.97375321326399e-05
978.0 3.415956086882943e-05
979.0 2.0576413817252615e-05
980.0 6.993241896680047e-06
981.0 1.6826518477175423e-10
982.0 1.6826518477175423e-10
983.0 1.6826518477175423e-10
984.0 1.6826518477175423e-10
985.0 1.6826518477175423e-10
986.0 0.00016319385167662404
987.0 1.9051857691465557e-05
988.0 1.6826518477175423e-10
989.0 3.714927032660853e-06
990.0 0.00013251996051621973
991.0 0.00012354046248219674
992.0 0.00011456097581685754
993.0 0.00014122418861006736
994.0 0.00016788737866590964
995.0 0.00016042682773331762
996.0 0.00015296625406335806
997.0 0.00011962011967625585
998.0 8.62739625517861e-05
999.0 0.0001478104650232126
1000.0 0.00020934692201990401
1001.0 0.0002223271621915046
1002.0 0.00023530742510047276
1003.0 0.0002260786004626425
1004.0 0.00021684982129954733
1005.0 0.00018055543478112668
1006.0 0.0001442611051061249
1007.0 0.000185118642548332
1008.0 0.00022597619135922287
1009.0 0.0002520467660360737
1010.0 0.00027811731797555694
1011.0 0.0002753595708782086
1012.0 0.00027260184651822783
1013.0 0.00021195185126998695
1014.0 0.0001513018787591136
1015.0 0.0001470382130719372
1016.0 0.00014277455875344458
1017.0 0.0001687692474661162
1018.0 0.00019476394754747162
1019.0 6.872347739772522e-05
1020.0 1.6826518477175423e-10
1021.0 0.00018057108945868094
1022.0 0.0004184591944067506
1023.0 0.0003170189302181825
1024.0 0.00021557871150434949
1025.0 0.0002353074023631052
1026.0 0.000255036138696596
1027.0 0.000495186304760864
1028.0 0.000735336470825132
1029.0 0.0009221846994478256
1030.0 0.001109032837121049
1031.0 0.0015035609976621345
1032.0 0.0018980888853548095
1033.0 0.0021800160538987257
1034.0 0.002461942858644761
1035.0 0.002870668140531052
1036.0 0.0032793934224173427
1037.0 0.0033918131521204486
1038.0 0.0035042332456214353
1039.0 0.002965516068798024
1040.0 0.0024267985281767324
1041.0 0.002404195402050391
1042.0 0.0023815922759240493
1043.0 0.002482772652001586
1044.0 0.002583953391877003
1045.0 0.0030830633477307856
1046.0 0.003582173667382449
1047.0 0.003591164932004176
1048.0 0.0036001558328280225
1049.0 0.0031840438168728724
1050.0 0.0027679319828166626
1051.0 0.0024236227545770817
1052.0 0.002079313708236441
1053.0 0.0018737171558314003
1054.0 0.0016681207853253
1055.0 0.0013080591088510118
1056.0 0.0009479972504777834
1057.0 0.0011153054401802365
1058.0 0.0012826139936805703
1059.0 0.0008214075933210552
1060.0 0.00036020132938574534
1061.0 0.0006419550572900334
1062.0 0.0009237088306690566
1063.0 0.001602884367457591
1064.0 0.0022820599042461254
1065.0 0.002677999327715952
1066.0 0.003073938933084719
1067.0 0.0036297686165198684
1068.0 0.00418559939134866
1069.0 0.004187433660263196
1070.0 0.004189267929177731
1071.0 0.004020894266432151
1072.0 0.003852520967484452
1073.0 0.0030636681913165376
1074.0 0.0022748154151486233
1075.0 0.002193459113186691
1076.0 0.0021121022655279376
1077.0 0.002824017428793013
1078.0 0.0035359324101591483
1079.0 0.0035722943721339107
1080.0 0.003608656334108673
1081.0 0.002916981975431554
1082.0 0.002225307616754435
1083.0 0.0023002676243777387
1084.0 0.002375227450102102
1085.0 0.0014731719602423254
1086.0 0.000571116515857284
1087.0 0.0006596162620553514
1088.0 0.0007481161446776241
1089.0 0.00014572170812243712
1090.0 1.6826518477175423e-10
1091.0 0.00033557951155671617
1092.0 0.0011278316378593445
1093.0 0.000167072676049429
1094.0 1.6826518477175423e-10
1095.0 1.6826518477175423e-10
1096.0 1.6826518477175423e-10
1097.0 1.6826518477175423e-10
1098.0 1.6826518477175423e-10
1099.0 1.6826518477175423e-10
1100.0 0.0008240105671575293
