lsstCam/transmission_filter_detector/r34_s11/i_39/19700101T000000.ecsv
# %ECSV 1.0
# ---
# datatype:
# - {name: wavelength, unit: nm, datatype: float32}
# - {name: efficiency, unit: '%', datatype: float64}
# meta: !!omap
# - {MODE: DETECTOR}
# - {TYPE: transmission_filter_detector}
# - {CALIBDATE: '1970-01-01T00:00:00'}
# - {INSTRUME: LSSTCam}
# - {OBSTYPE: transmission_filter_detector}
# - {CALIBCLS: lsst.ip.isr.IntermediateFilterDetectorTransmissionCurve}
# - {SOURCE: Materion (DM-46256)}
# - {DETECTOR: 157}
# - {FILTER: i_39}
# - {CALIB_ID: 'calibDate=1970-01-01T00:00:00 filter=i_39 detector=157'}
# - {DATE: '2025-04-02T15:59:47.206329'}
# - {CALIB_CREATION_DATE: '2025-04-02'}
# - {CALIB_CREATION_TIME: '15:59:47'}
# - __serialized_columns__:
#     efficiency:
#       __class__: astropy.units.quantity.Quantity
#       unit: !astropy.units.Unit {unit: '%'}
#       value: !astropy.table.SerializedColumn {name: efficiency}
#     wavelength:
#       __class__: astropy.units.quantity.Quantity
#       unit: !astropy.units.Unit {unit: nm}
#       value: !astropy.table.SerializedColumn {name: wavelength}
# schema: astropy-2.0
wavelength efficiency
300.0 1.6826518477175423e-10
301.0 0.0019631499526440166
302.0 0.03218799829483032
303.0 0.016961620713118464
304.0 0.0017352438590023667
305.0 0.007344109326368198
306.0 0.012952974066138268
307.0 0.010666570597095415
308.0 0.008380162034882233
309.0 0.00913662152015604
310.0 0.00989308173302561
311.0 0.0002454265768392361
312.0 1.6826518477175423e-10
313.0 1.6826518477175423e-10
314.0 1.6826518477175423e-10
315.0 1.6826518477175423e-10
316.0 0.0017179001588374376
317.0 0.0011617167729127686
318.0 0.0006055338417354506
319.0 0.0023069522285368294
320.0 0.004008367977803573
321.0 1.6826518477175423e-10
322.0 1.6826518477175423e-10
323.0 1.6826518477175423e-10
324.0 0.0027924175810767338
325.0 0.0031191055313684046
326.0 0.0034457945730537176
327.0 0.0019593680917751044
328.0 0.00047294224714278243
329.0 0.002067538116534706
330.0 0.003662134622572921
331.0 0.0034119642805308104
332.0 0.0031617939384886995
333.0 0.003230798029107973
334.0 0.0032998017559293658
335.0 0.0019321056242915802
336.0 0.00056440972002747
337.0 0.0014630285477323923
338.0 0.00236164760281099
339.0 0.0014434522199735511
340.0 0.0005252569735603174
341.0 0.0006417364147637272
342.0 0.0007582157650176669
343.0 0.00013330399042388308
344.0 1.6826518477175423e-10
345.0 0.00013791748187941266
346.0 0.0007674427251913585
347.0 0.0003532746177370427
348.0 1.6826518477175423e-10
349.0 0.00023199277165986132
350.0 0.0005248790785117308
351.0 3.0079635848778707e-05
352.0 1.6826518477175423e-10
353.0 1.6826518477175423e-10
354.0 0.00014141780866339104
355.0 0.0002736261649260996
356.0 0.0004058344075019704
357.0 1.6826518477175423e-10
358.0 1.6826518477175423e-10
359.0 1.6826518477175423e-10
360.0 0.0006246432803891366
361.0 0.0004737695689982502
362.0 0.00032289592581946636
363.0 1.6826518477175423e-10
364.0 1.6826518477175423e-10
365.0 1.6826518477175423e-10
366.0 0.00039215965443872847
367.0 0.00047379289753735065
368.0 0.0005554260042117676
369.0 0.00023943596261233324
370.0 1.6826518477175423e-10
371.0 1.6826518477175423e-10
372.0 1.6826518477175423e-10
373.0 1.6826518477175423e-10
374.0 1.6826518477175423e-10
375.0 1.6826518477175423e-10
376.0 3.561304424692935e-05
377.0 0.0004536883352557197
378.0 0.0008717634955246467
379.0 0.0009051224878930952
380.0 0.0009384812074131332
381.0 0.0006128986115072621
382.0 0.00028731578822771553
383.0 0.0004881458153249696
384.0 0.0006889756150485482
385.0 0.0005433505066321231
386.0 0.0003977256710641086
387.0 0.00019126871393382316
388.0 1.6826518477175423e-10
389.0 0.00012068727528458112
390.0 0.000256562771028257
391.0 0.0003107987140538171
392.0 0.00036503472529147984
393.0 0.0001010559003589151
394.0 1.6826518477175423e-10
395.0 0.0007541725608462002
396.0 0.0016712678188923746
397.0 0.0010340601875213906
398.0 0.0003968525561504066
399.0 0.001068034180207178
400.0 0.0017392158042639494
401.0 0.002479006798239425
402.0 0.0032187974284170195
403.0 0.0034560431231511757
404.0 0.0036932880902895704
405.0 0.0037478712329175323
406.0 0.003802454739343375
407.0 0.0031360839784611017
408.0 0.0024697128537809476
409.0 0.002221993781859055
410.0 0.0019742745280382223
411.0 0.002923194369941484
412.0 0.0038721140299458057
413.0 0.003293387999292463
414.0 0.0027146614229422994
415.0 0.0032386320526711643
416.0 0.00376260322809685
417.0 0.004792166146216914
418.0 0.005821729064336978
419.0 0.0045500262785935774
420.0 0.0032783227652544156
421.0 0.003863561141770333
422.0 0.00444879915448837
423.0 0.004349059963715263
424.0 0.004249320772942156
425.0 0.004430547778611071
426.0 0.004611775148077868
427.0 0.005191972377360798
428.0 0.00577217033423949
429.0 0.005343029260984622
430.0 0.0049138881877297536
431.0 0.00468882717541419
432.0 0.004463765799300745
433.0 0.003545625804690644
434.0 0.0026274859919794835
435.0 0.0024826433218549937
436.0 0.0023378008336294442
437.0 0.0017516098523628898
438.0 0.0011654191439447459
439.0 0.0017935470168595202
440.0 0.0024216749807237647
441.0 0.0015640322089893743
442.0 0.0007063896191539243
443.0 0.0015483365132240579
444.0 0.002390283225395251
445.0 0.0011246162102906965
446.0 1.6826518477175423e-10
447.0 6.923034447936516e-05
448.0 0.0002795113914544345
449.0 0.0004891167463938473
450.0 0.0006987217602727469
451.0 0.0007158345397328958
452.0 0.0007329474101425149
453.0 0.0005992852493363898
454.0 0.00046562327042920515
455.0 0.0002998798890985199
456.0 0.00013413641681836452
457.0 1.6826518477175423e-10
458.0 1.6826518477175423e-10
459.0 1.6826518477175423e-10
460.0 2.51267692874535e-05
461.0 0.000322455593959603
462.0 0.00061978444136912
463.0 0.0005913272161706118
464.0 0.0005628699000226334
465.0 0.00016061596852523508
466.0 1.6826518477175423e-10
467.0 1.6826518477175423e-10
468.0 0.00021298048977769213
469.0 0.0005340097686712397
470.0 0.0008550392522010952
471.0 0.0005751499884354416
472.0 0.00029526088383136084
473.0 0.00019924596017517615
474.0 0.00010323101378162391
475.0 0.00024170799406419974
476.0 0.0003801849288720405
477.0 0.0004041038209834369
478.0 0.0004280226676200982
479.0 0.0012392639291647356
480.0 0.002050505281658843
481.0 0.00200199010578217
482.0 0.001953475111804437
483.0 0.003119343818980269
484.0 0.0042852116166614
485.0 0.0050730141083477065
486.0 0.0058608151448424906
487.0 0.008094032091321424
488.0 0.010327246855013072
489.0 0.013772258535027504
490.0 0.017217268759850413
491.0 0.021268984710332006
492.0 0.02532070502638817
493.0 0.028115653549320996
494.0 0.03091060498263687
495.0 0.029242134769447148
496.0 0.027573664556257427
497.0 0.02194671833422035
498.0 0.016319772112183273
499.0 0.011713161802617833
500.0 0.00710655003786087
501.0 0.004664961306843907
502.0 0.0022233698473428376
503.0 0.0020296170987421647
504.0 0.0018358643501414917
505.0 0.0016674695871188305
506.0 0.001499074642197229
507.0 0.0018264137906953692
508.0 0.0021537529391935095
509.0 0.0025392546376679093
510.0 0.0029247561542433687
511.0 0.0023304522983380593
512.0 0.0017361486243316904
513.0 0.001904875534819439
514.0 0.0020736028091050684
515.0 0.002135396425728686
516.0 0.002197190042352304
517.0 0.002175494228140451
518.0 0.0021537985958275385
519.0 0.0019680870536831208
520.0 0.001782375511538703
521.0 0.0017826134353526868
522.0 0.0017828517229645513
523.0 0.001711475124466233
524.0 0.0016400985259679146
525.0 0.0019567163690226153
526.0 0.002273334212077316
527.0 0.0027373242119210772
528.0 0.003201314393663779
529.0 0.00348048415617086
530.0 0.0037596535548800603
531.0 0.0030600196623709053
532.0 0.0023603857698617503
533.0 0.0017752519852365367
534.0 0.0011901180187123828
535.0 0.001646869714022614
536.0 0.0021036214093328454
537.0 0.002426743958494626
538.0 0.0027498665076564066
539.0 0.003450149597483687
540.0 0.004150432869209908
541.0 0.004713017915491946
542.0 0.005275603325571865
543.0 0.005263410275802016
544.0 0.005251217589830048
545.0 0.004499576607486233
546.0 0.0037479359889402986
547.0 0.002775793836917728
548.0 0.001803651321097277
549.0 0.0017276326616411097
550.0 0.001651613820286002
551.0 0.0015480769434361719
552.0 0.0014445399756368715
553.0 0.0016565933037782088
554.0 0.0018686467228690162
555.0 0.001434191108273808
556.0 0.0009997357665270101
557.0 0.0008456772775389254
558.0 0.0006916187430761056
559.0 0.0005563389095186722
560.0 0.0004210590304865036
561.0 0.0007800206731189974
562.0 0.0011389823157514911
563.0 0.0015323732441174798
564.0 0.0019257640815339983
565.0 0.001491116654506186
566.0 0.0010564694093773142
567.0 0.0011625355909927748
568.0 0.0012686018635577057
569.0 0.0009732548278407194
570.0 0.0006779080194974085
571.0 0.0005774074907094473
572.0 0.0004769068709720159
573.0 0.0004916650141240098
574.0 0.0005064231118012685
575.0 0.0004103981154912617
576.0 0.00031437309644388733
577.0 0.00034831546145142056
578.0 0.0003822579401457915
579.0 0.0003121573627140606
580.0 0.00024205689896916738
581.0 0.00042665560613386333
582.0 0.0006112542905611917
583.0 0.0004196721420157701
584.0 0.00022808992525824578
585.0 0.0004996566985937534
586.0 0.0007712234037171584
587.0 0.0005652097115671495
588.0 0.00035919608762924327
589.0 0.0005245906777417986
590.0 0.0006899854724906618
591.0 0.0006020736236678204
592.0 0.0005141615929460386
593.0 0.0005776069883722812
594.0 0.0006410524292732589
595.0 0.0005392523689806694
596.0 0.00043745230868807994
597.0 0.0004422356596478494
598.0 0.00044701905608235393
599.0 0.0004371284376247786
600.0 0.00042723786464193836
601.0 0.0004321012966101989
602.0 0.00043696481952792965
603.0 0.000317027638629952
604.0 0.00019709052594407694
605.0 0.00024275295800180174
606.0 0.0002884153218474239
607.0 0.0003213722720829537
608.0 0.00035432913136901334
609.0 0.00029901771085860673
610.0 0.00024370629034820013
611.0 0.00033367302876285976
612.0 0.0004236397671775194
613.0 0.00031693180062575266
614.0 0.00021022387954872102
615.0 0.0003826741703960579
616.0 0.0005551245067181299
617.0 0.00041511425479257014
618.0 0.0002751040483417455
619.0 0.00015197764469121466
620.0 2.885127230456419e-05
621.0 0.00012830258810936357
622.0 0.00022775391244067578
623.0 0.0003131984840365476
624.0 0.0003986430328950519
625.0 0.00041315961425425485
626.0 0.0004276761956134578
627.0 0.00043480999920575414
628.0 0.00044194380279805046
629.0 0.0003997098701802315
630.0 0.0003574758466129424
631.0 0.00036230808291293215
632.0 0.0003671401600513491
633.0 0.0003435034841459128
634.0 0.0003198668309778441
635.0 0.0004651419658330269
636.0 0.0006104170552134747
637.0 0.00044088278627896216
638.0 0.0002713483809202444
639.0 0.0002754323077169829
640.0 0.0002795162799884565
641.0 0.00047094881665543653
642.0 0.0006623813987971516
643.0 0.0005873544978385326
644.0 0.0005123274149809731
645.0 0.0006389743248291779
646.0 0.0007656212801521178
647.0 0.000808580716693541
648.0 0.0008515398803865537
649.0 0.0007802556865499355
650.0 0.0007089715836627875
651.0 0.000710501581124845
652.0 0.0007120314876374323
653.0 0.0008072409400483593
654.0 0.0009024504834087566
655.0 0.0011776512110373005
656.0 0.001452851665817434
657.0 0.002304441477463115
658.0 0.0031560310162603855
659.0 0.005242653060122393
660.0 0.09136708686128259
661.0 0.08079377003014088
662.0 0.10745619656518102
663.0 0.15822036657482386
664.0 0.1076428685337305
665.0 0.15202832873910666
666.0 0.12383178109303117
667.0 0.16124594258144498
668.0 0.19113365560770035
669.0 0.2340774517506361
670.0 0.3329040016978979
671.0 0.47680968418717384
672.0 0.7496371399611235
673.0 1.1915655806660652
674.0 1.7883365973830223
675.0 2.593674138188362
676.0 3.6617647856473923
677.0 4.997430741786957
678.0 6.396375596523285
679.0 7.836361974477768
680.0 9.605570137500763
681.0 11.719265580177307
682.0 14.257895946502686
683.0 17.072200775146484
684.0 20.074839890003204
685.0 23.05474877357483
686.0 26.008522510528564
687.0 29.22276258468628
688.0 32.38864243030548
689.0 35.62093675136566
690.0 39.32490348815918
691.0 43.26177537441254
692.0 48.05931746959686
693.0 53.22194695472717
694.0 59.03891921043396
695.0 64.70193266868591
696.0 70.97100615501404
697.0 76.59757137298584
698.0 82.57761001586914
699.0 87.22043633460999
700.0 90.81534743309021
701.0 93.7065601348877
702.0 95.7308828830719
703.0 96.8451976776123
704.0 97.35108017921448
705.0 97.7739930152893
706.0 97.80101180076599
707.0 98.0462908744812
708.0 98.01117181777954
709.0 98.09856414794922
710.0 97.81509041786194
711.0 98.04051518440247
712.0 97.86761403083801
713.0 97.99437522888184
714.0 98.07003736495972
715.0 98.14605712890625
716.0 97.99550771713257
717.0 98.14603924751282
718.0 98.2503354549408
719.0 98.26105237007141
720.0 98.46076965332031
721.0 98.41213822364807
722.0 98.1324553489685
723.0 97.87934422492981
724.0 97.5927472114563
725.0 97.28185534477234
726.0 96.9261884689331
727.0 96.65895104408264
728.0 96.39487266540527
729.0 96.19073271751404
730.0 96.19683623313904
731.0 96.27842903137207
732.0 96.23952507972717
733.0 96.59735560417175
734.0 96.92900776863098
735.0 97.15744256973267
736.0 97.6161241531372
737.0 97.91748523712158
738.0 98.1925368309021
739.0 98.59762787818909
740.0 98.78097176551819
741.0 98.54121804237366
742.0 98.87242913246155
743.0 98.75805377960205
744.0 98.5098123550415
745.0 98.5304057598114
746.0 98.48776459693909
747.0 98.73545169830322
748.0 98.64407777786255
749.0 98.55389595031738
750.0 98.45988750457764
751.0 98.39993715286255
752.0 98.32390546798706
753.0 98.58588576316833
754.0 98.4921395778656
755.0 98.58068227767944
756.0 98.59933853149414
757.0 98.64315390586853
758.0 98.75952005386353
759.0 98.78008961677551
760.0 98.64779114723206
761.0 98.54792952537537
762.0 98.60548377037048
763.0 98.59420657157898
764.0 98.41783046722412
765.0 98.40884208679199
766.0 98.48938584327698
767.0 98.22368621826172
768.0 98.2878565788269
769.0 98.36574196815491
770.0 98.06891679763794
771.0 98.21699261665344
772.0 98.18127155303955
773.0 98.09912443161011
774.0 97.95917868614197
775.0 98.05786609649658
776.0 97.92036414146423
777.0 97.99407124519348
778.0 97.92976379394531
779.0 97.98634052276611
780.0 97.88359999656677
781.0 98.10875654220581
782.0 97.98362851142883
783.0 98.08410406112671
784.0 98.10348153114319
785.0 98.15459251403809
786.0 98.337721824646
787.0 98.09889197349548
788.0 98.18059206008911
789.0 98.29432368278503
790.0 98.24974536895752
791.0 98.22102189064026
792.0 98.10143113136292
793.0 98.0992317199707
794.0 98.08125495910645
795.0 97.97897934913635
796.0 97.99798130989075
797.0 98.04558157920837
798.0 98.06864261627197
799.0 97.92490005493164
800.0 97.72140383720398
801.0 97.79902696609497
802.0 97.64330983161926
803.0 97.50073552131653
804.0 97.27612137794495
805.0 96.94254398345947
806.0 96.75941467285156
807.0 96.10886573791504
808.0 95.24938464164734
809.0 94.29380893707275
810.0 93.08338761329651
811.0 91.46293997764587
812.0 89.49396014213562
813.0 87.07034587860107
814.0 84.19826626777649
815.0 80.74753880500793
816.0 77.20313668251038
817.0 72.9154109954834
818.0 68.04913282394409
819.0 63.76209855079651
820.0 58.7261438369751
821.0 54.09124493598938
822.0 49.629294872283936
823.0 44.97359097003937
824.0 40.34052491188049
825.0 36.094462871551514
826.0 31.563478708267212
827.0 26.91235840320587
828.0 22.66375571489334
829.0 18.451447784900665
830.0 14.1752690076828
831.0 10.802456736564636
832.0 7.539154589176178
833.0 5.062083154916763
834.0 3.1943313777446747
835.0 1.97797529399395
836.0 1.1430080980062485
837.0 0.6439261138439178
838.0 0.37912337575107813
839.0 0.2172765787690878
840.0 0.16206360887736082
841.0 0.10420205071568489
842.0 0.057301914785057306
843.0 0.021385519357863814
844.0 1.6826518477175423e-10
845.0 1.6826518477175423e-10
846.0 1.6826518477175423e-10
847.0 1.6826518477175423e-10
848.0 1.6826518477175423e-10
849.0 1.6826518477175423e-10
850.0 1.6826518477175423e-10
851.0 0.001904333294078242
852.0 0.0026741450710687786
853.0 0.001245427665708121
854.0 1.6826518477175423e-10
855.0 9.676008403403102e-05
856.0 0.00037680986224586377
857.0 0.0005060895546193933
858.0 0.0006353692242555553
859.0 0.00029707953217439353
860.0 1.6826518477175423e-10
861.0 1.6826518477175423e-10
862.0 1.6826518477175423e-10
863.0 1.6826518477175423e-10
864.0 6.079011960480329e-07
865.0 0.00012187356333015487
866.0 0.00024313919766427716
867.0 7.033566475911357e-05
868.0 1.6826518477175423e-10
869.0 4.1890766055985296e-05
870.0 0.00018624939457367873
871.0 0.00010999849564541364
872.0 3.3747551242413465e-05
873.0 9.277871413360117e-05
874.0 0.00015180985428742133
875.0 7.926803959890094e-05
876.0 6.726212831154044e-06
877.0 8.79413448728883e-05
878.0 0.00016915649894144735
879.0 6.28334817065479e-05
880.0 1.6826518477175423e-10
881.0 6.259005544961838e-05
882.0 0.00016866963505890453
883.0 4.0137180690180685e-05
884.0 1.6826518477175423e-10
885.0 8.385283578604685e-07
886.0 9.007230801216792e-05
887.0 1.2688294859231064e-06
888.0 1.6826518477175423e-10
889.0 1.6826518477175423e-10
890.0 1.6826518477175423e-10
891.0 1.6826518477175423e-10
892.0 1.6826518477175423e-10
893.0 1.6826518477175423e-10
894.0 2.8962296028112178e-05
895.0 4.401065041292895e-05
