lsstCam/transmission_filter_detector/r10_s11/r_57/19700101T000000.ecsv
# %ECSV 1.0
# ---
# datatype:
# - {name: wavelength, unit: nm, datatype: float32}
# - {name: efficiency, unit: '%', datatype: float64}
# meta: !!omap
# - {MODE: DETECTOR}
# - {TYPE: transmission_filter_detector}
# - {CALIBDATE: '1970-01-01T00:00:00'}
# - {INSTRUME: LSSTCam}
# - {OBSTYPE: transmission_filter_detector}
# - {CALIBCLS: lsst.ip.isr.IntermediateFilterDetectorTransmissionCurve}
# - {SOURCE: Materion (DM-46256)}
# - {DETECTOR: 31}
# - {FILTER: r_57}
# - {CALIB_ID: 'calibDate=1970-01-01T00:00:00 filter=r_57 detector=31'}
# - {DATE: '2025-04-02T15:59:44.328049'}
# - {CALIB_CREATION_DATE: '2025-04-02'}
# - {CALIB_CREATION_TIME: '15:59:44'}
# - __serialized_columns__:
#     efficiency:
#       __class__: astropy.units.quantity.Quantity
#       unit: !astropy.units.Unit {unit: '%'}
#       value: !astropy.table.SerializedColumn {name: efficiency}
#     wavelength:
#       __class__: astropy.units.quantity.Quantity
#       unit: !astropy.units.Unit {unit: nm}
#       value: !astropy.table.SerializedColumn {name: wavelength}
# schema: astropy-2.0
wavelength efficiency
300.0 0.0027610845791059546
301.0 0.007524176180595532
302.0 0.012287266144994646
303.0 0.015142794291023165
304.0 0.017998322437051684
305.0 0.01623612770345062
306.0 0.014473931514658034
307.0 0.012426600733306259
308.0 0.010379268496762961
309.0 0.00959787575993687
310.0 0.008816483023110777
311.0 0.008099270780803636
312.0 0.007382059266092256
313.0 0.007153190381359309
314.0 0.006924322224222124
315.0 0.006461871089413762
316.0 0.005999421045999043
317.0 0.005356273322831839
318.0 0.0047131248720688745
319.0 0.004590065873344429
320.0 0.004467007966013625
321.0 0.004280730718164705
322.0 0.004094453834113665
323.0 0.0038943802792346105
324.0 0.0036943070881534368
325.0 0.003558467869879678
326.0 0.003422627196414396
327.0 0.0033795808121794835
328.0 0.00333653406414669
329.0 0.003379391273483634
330.0 0.003422247027629055
331.0 0.0030479171982733533
332.0 0.0026735868232208304
333.0 0.0024454981030430645
334.0 0.002217409200966358
335.0 0.0019930017515434884
336.0 0.0017685944840195589
337.0 0.0016674041035003029
338.0 0.0015662139048799872
339.0 0.001501546739746118
340.0 0.0014368796655617189
341.0 0.0014310353435575962
342.0 0.0014251911125029437
343.0 0.0013637366464536171
344.0 0.0013022822713537607
345.0 0.0012286685887374915
346.0 0.0011550550880201627
347.0 0.0011877684300998226
348.0 0.0012204817721794825
349.0 0.0011372126209607814
350.0 0.005780803257948719
351.0 0.005924759534536861
352.0 0.006068715447327122
353.0 0.005395405241870321
354.0 0.004722095400211401
355.0 0.004685634485213086
356.0 0.0046491739340126514
357.0 0.006594951992155984
358.0 0.008540730777895078
359.0 0.0062579587392974645
360.0 0.00397518633690197
361.0 0.0025499022740405053
362.0 0.0011246183930779807
363.0 0.0025677174562588334
364.0 0.004010816337540746
365.0 0.0042005794966826215
366.0 0.004390343019622378
367.0 0.003361380731803365
368.0 0.0023324182620854117
369.0 0.0018445725800120272
370.0 0.0013567269888881128
371.0 0.0021382538761827163
372.0 0.0029197810363257304
373.0 0.003343929347465746
374.0 0.003768077294807881
375.0 0.0032668183848727494
376.0 0.002765559656836558
377.0 0.0013593215953733306
378.0 1.682227274146797e-10
379.0 0.0007940480827528518
380.0 0.0016350126315956004
381.0 0.002579578176664654
382.0 0.0035241439036326483
383.0 0.0035057793866144493
384.0 0.0034874148695962504
385.0 0.004544794501271099
386.0 0.005602173405350186
387.0 0.004957673081662506
388.0 0.004313172757974826
389.0 0.0036729434214066714
390.0 0.0030327131753438152
391.0 0.002242294794996269
392.0 0.0014518764146487229
393.0 0.0015147250451263972
394.0 0.0015775731299072504
395.0 0.0011631120287347585
396.0 0.0007486507911380613
397.0 0.0007449537861248245
398.0 0.0007412570994347334
399.0 0.0006613306140934583
400.0 0.000581403537580627
401.0 0.00023672384941164637
402.0 1.682227274146797e-10
403.0 0.000124577479709842
404.0 0.00035711175314645516
405.0 0.0007428346634696936
406.0 0.0011285570508334786
407.0 0.0017287744412897155
408.0 0.0023289914679480717
409.0 0.0019558325220714323
410.0 0.001582673576194793
411.0 0.0011296224329271354
412.0 0.0006765714715584181
413.0 0.0007792137694195844
414.0 0.0008818560672807507
415.0 0.0008017250365810469
416.0 0.0007215942332550185
417.0 0.0012942729881615378
418.0 0.0018669523342396133
419.0 0.0023575796149089
420.0 0.0028482070774771273
421.0 0.004364609776530415
422.0 0.005881012475583702
423.0 0.009182968642562628
424.0 0.01248492335435003
425.0 0.016731784853618592
426.0 0.020978643442504108
427.0 0.02137356495950371
428.0 0.021768487931694835
429.0 0.01659554400248453
430.0 0.011422600800869986
431.0 0.008272533159470186
432.0 0.005122463699080981
433.0 0.00412492809118703
434.0 0.0031273917556973174
435.0 0.0024673416191944852
436.0 0.001807290936994832
437.0 0.0017460062736063264
438.0 0.0016847219740157016
439.0 0.0012629091543203685
440.0 0.0008410964255745057
441.0 0.0011507057934068143
442.0 0.0014603150702896528
443.0 0.0017581845895620063
444.0 0.00205605410883436
445.0 0.0019176066416548565
446.0 0.0017791589925764129
447.0 0.0016810452507343143
448.0 0.0015829315088922158
449.0 0.0015788742530276068
450.0 0.0015748162695672363
451.0 0.0017147240214399062
452.0 0.0018546317733125761
453.0 0.001742849599395413
454.0 0.0016310674254782498
455.0 0.001413878817402292
456.0 0.0011966903002758045
457.0 0.0008786294529272709
458.0 0.0005605687874776777
459.0 0.0008236281246354338
460.0 0.0010866874617931899
461.0 0.0017755020962795243
462.0 0.0024643162760185078
463.0 0.003225124964956194
464.0 0.003985934017691761
465.0 0.005064281140221283
466.0 0.006142628262750804
467.0 0.00673275426379405
468.0 0.007322880992433056
469.0 0.006231827865121886
470.0 0.005140776920598
471.0 0.0039057369576767087
472.0 0.0026706966309575364
473.0 0.00222318649321096
474.0 0.0017756759916665033
475.0 0.0014591474609915167
476.0 0.0011426191122154705
477.0 0.0009389405022375286
478.0 0.0007352617103606462
479.0 0.0009210424650518689
480.0 0.001106822946894681
481.0 0.0008624444490124006
482.0 0.0006180661330290604
483.0 0.0006776414011255838
484.0 0.0007372165327979019
485.0 0.0006437231604650151
486.0 0.000550229606233188
487.0 0.0005898788458580384
488.0 0.0006295279490586836
489.0 0.0006138619937701151
490.0 0.0005981959930068115
491.0 0.0007456556431861827
492.0 0.0008931152478908189
493.0 0.0010265935088682454
494.0 0.001160071769845672
495.0 0.000992377408692846
496.0 0.0008246830475400202
497.0 0.0011556779099919368
498.0 0.0014866724086459726
499.0 0.0014254916095524095
500.0 0.0013643109014083166
501.0 0.0015397001334349625
502.0 0.0017150894564110786
503.0 0.002092207796522416
504.0 0.0024693259547348134
505.0 0.0030961276934249327
506.0 0.0037229292502161115
507.0 0.004379373422125354
508.0 0.005035816866438836
509.0 0.005538137338589877
510.0 0.006040456719347276
511.0 0.005266685548122041
512.0 0.004492914013098925
513.0 0.0038523423427250236
514.0 0.003211770672351122
515.0 0.0030372957553481683
516.0 0.0028628212021430954
517.0 0.002659444544406142
518.0 0.0024560678866691887
519.0 0.0469442195026204
520.0 0.003725393980857916
521.0 0.12228767154738307
522.0 0.03370996273588389
523.0 0.0735728710424155
524.0 0.09674284374341369
525.0 0.0758942507673055
526.0 0.1313439686782658
527.0 0.14715908328071237
528.0 0.045972500811330974
529.0 0.13554319739341736
530.0 0.19347358029335737
531.0 0.20310741383582354
532.0 0.29424179811030626
533.0 0.33121276646852493
534.0 0.42619677260518074
535.0 0.6466660182923079
536.0 1.0250315070152283
537.0 1.5274525620043278
538.0 2.277608774602413
539.0 3.533332049846649
540.0 5.541016161441803
541.0 7.863686233758926
542.0 10.89281216263771
543.0 14.710554480552673
544.0 19.424094259738922
545.0 24.571113288402557
546.0 30.893197655677795
547.0 38.30676078796387
548.0 46.74890339374542
549.0 54.80155348777771
550.0 60.88116765022278
551.0 67.6656723022461
552.0 71.90820574760437
553.0 75.95896124839783
554.0 79.4171690940857
555.0 83.40815901756287
556.0 86.81719899177551
557.0 89.23047184944153
558.0 91.82053208351135
559.0 94.32011246681213
560.0 94.30280923843384
561.0 95.62076926231384
562.0 95.91408967971802
563.0 95.06848454475403
564.0 95.68192958831787
565.0 95.53223252296448
566.0 95.89621424674988
567.0 95.65015435218811
568.0 96.21129631996155
569.0 96.84218168258667
570.0 96.42757177352905
571.0 97.22409844398499
572.0 97.02311754226685
573.0 96.99970483779907
574.0 97.07925319671631
575.0 97.19045758247375
576.0 98.10307621955872
577.0 97.41275906562805
578.0 97.392338514328
579.0 97.32728600502014
580.0 96.86500430107117
581.0 96.66257500648499
582.0 96.8330979347229
583.0 97.00989723205566
584.0 96.42685055732727
585.0 96.50103449821472
586.0 96.7075526714325
587.0 96.64803147315979
588.0 96.39564156532288
589.0 97.44220972061157
590.0 96.60243391990662
591.0 96.41357660293579
592.0 96.12706303596497
593.0 95.96865177154541
594.0 96.20693325996399
595.0 96.53234481811523
596.0 97.03661799430847
597.0 97.52939343452454
598.0 96.8784511089325
599.0 97.1538782119751
600.0 97.1399188041687
601.0 96.31229639053345
602.0 96.82201147079468
603.0 96.45029306411743
604.0 96.23271226882935
605.0 97.26834297180176
606.0 96.4404284954071
607.0 96.44391536712646
608.0 96.50067687034607
609.0 95.67707777023315
610.0 95.92707753181458
611.0 95.815509557724
612.0 96.09606862068176
613.0 96.70520424842834
614.0 96.86422348022461
615.0 96.24585509300232
616.0 96.66017293930054
617.0 96.68537378311157
618.0 96.57447934150696
619.0 97.11102843284607
620.0 96.1184561252594
621.0 95.69470882415771
622.0 96.63435220718384
623.0 96.8726396560669
624.0 96.50353193283081
625.0 97.00895547866821
626.0 96.24086618423462
627.0 95.42136788368225
628.0 97.55861163139343
629.0 95.49992084503174
630.0 96.43105864524841
631.0 96.3308334350586
632.0 96.90316915512085
633.0 96.6439425945282
634.0 95.80636620521545
635.0 96.3779866695404
636.0 96.2455153465271
637.0 95.69737911224365
638.0 95.69489359855652
639.0 95.29711604118347
640.0 95.79951763153076
641.0 95.69488167762756
642.0 95.95115184783936
643.0 96.17252349853516
644.0 96.12016677856445
645.0 96.38974666595459
646.0 96.39120697975159
647.0 97.2567617893219
648.0 96.75143957138062
649.0 95.7364022731781
650.0 96.76651954650879
651.0 96.88271880149841
652.0 96.85688614845276
653.0 95.9869921207428
654.0 96.95155620574951
655.0 96.76350951194763
656.0 95.79818844795227
657.0 96.13567590713501
658.0 96.50658369064331
659.0 96.19195461273193
660.0 95.7801103591919
661.0 95.71267366409302
662.0 96.13201022148132
663.0 95.86302042007446
664.0 95.40079832077026
665.0 95.62829732894897
666.0 95.43967247009277
667.0 95.93512415885925
668.0 95.21899223327637
669.0 95.82569599151611
670.0 95.46847939491272
671.0 95.69721817970276
672.0 95.39046287536621
673.0 95.77804803848267
674.0 95.12752890586853
675.0 95.78501582145691
676.0 95.17197608947754
677.0 93.76888871192932
678.0 93.01941990852356
679.0 92.04855561256409
680.0 91.11097455024719
681.0 89.85127210617065
682.0 87.48331665992737
683.0 84.50164198875427
684.0 81.1521828174591
685.0 77.41663455963135
686.0 73.51677417755127
687.0 69.0412163734436
688.0 64.6881639957428
689.0 60.3442907333374
690.0 55.30645251274109
691.0 51.62364840507507
692.0 46.875953674316406
693.0 42.41522550582886
694.0 37.176525592803955
695.0 31.58932328224182
696.0 25.965210795402527
697.0 20.696021616458893
698.0 14.805951714515686
699.0 10.450693964958191
700.0 7.048242539167404
701.0 4.3482571840286255
702.0 2.6321418583393097
703.0 1.5106036327779293
704.0 0.8238601498305798
705.0 0.5067281890660524
706.0 0.3363849362358451
707.0 0.26884630788117647
708.0 0.11225189082324505
709.0 0.12371102347970009
710.0 0.10704526212066412
711.0 0.09404094307683408
712.0 0.044408004032447934
713.0 0.07928641862235963
714.0 1.682227274146797e-10
715.0 0.05821064114570618
716.0 0.05063934368081391
717.0 0.05937888054177165
718.0 0.04451119457371533
719.0 0.028632560861296952
720.0 1.682227274146797e-10
721.0 0.004385212378110737
722.0 0.004153151530772448
723.0 0.003921091047232039
724.0 0.003595633097575046
725.0 0.003270175147918053
726.0 0.003021951124537736
727.0 0.0027737271011574194
728.0 0.002625031629577279
729.0 0.0024763359760981984
730.0 0.0023006301489658654
731.0 0.0021249248675303534
732.0 0.0021114221453899518
733.0 0.00209791942324955
734.0 0.0020410254364833236
735.0 0.0019841312678181566
736.0 0.0017726068108459003
737.0 0.0015610821719747037
738.0 0.0016020130715332925
739.0 0.0016429439710918814
740.0 0.001615123255760409
741.0 0.0015873027223278768
742.0 0.001435246394976275
743.0 0.001283189885725733
744.0 0.0013509377822629176
745.0 0.0014186854059516918
746.0 0.0013266183486848604
747.0 0.0012345511095190886
748.0 0.0011076824193878565
749.0 0.000980813547357684
750.0 0.0009691369086795021
751.0 0.0009574605428497307
752.0 0.0010218036550213583
753.0 0.0010861466762435157
754.0 0.0010713133633544203
755.0 0.0010564803233137354
756.0 0.001014037297863979
757.0 0.0009715941814647522
758.0 0.000996495145955123
759.0 0.0010213960194960237
760.0 0.001052921470545698
761.0 0.0010844471944437828
762.0 0.0010757770724012516
763.0 0.0010671073141566012
764.0 0.0010279405614710413
765.0 0.0009887737178360112
766.0 0.0008088847607723437
767.0 0.0006289958491834113
768.0 0.0006281823516474105
769.0 0.0006273687631619396
770.0 0.0007187906703620683
771.0 0.0008102127139864024
772.0 0.0007299255685211392
773.0 0.0006496382866316708
774.0 0.0007710393219895195
775.0 0.0008924403118726332
776.0 0.000889810144144576
777.0 0.0008871800673659891
778.0 0.0008477625669911504
779.0 0.0008083453394647222
780.0 0.0007098238256730838
781.0 0.0006113024028309155
782.0 0.0006820032922405517
783.0 0.0007527040452259826
784.0 0.000803571856522467
785.0 0.000854439440445276
786.0 0.0007480912699975306
787.0 0.0006417431904992554
788.0 0.0006453163223341107
789.0 0.0006488896815426415
790.0 0.0006808978923800169
791.0 0.0007129060577426571
792.0 0.0007531724349973956
793.0 0.0007934388122521341
794.0 0.0008342177352460567
795.0 0.0008749962944420986
796.0 0.0006823626790719572
797.0 0.0004897290182270808
798.0 0.0006510967978101689
799.0 0.0008124644409690518
800.0 0.0007672899300814606
801.0 0.000722115191820194
802.0 0.0005984491053823149
803.0 0.0004747827460960252
804.0 0.0006486113306891639
805.0 0.0008224399607570376
806.0 0.0006996422598604113
807.0 0.00057684460443852
808.0 0.000672200758344843
809.0 0.000767556866776431
810.0 0.000659519082546467
811.0 0.0005514815256901784
812.0 0.0006129335361038102
813.0 0.0006743854555679718
814.0 0.0005599084033747204
815.0 0.000445431396656204
816.0 0.0005895014965062728
817.0 0.0007335716873058118
818.0 0.0006346675490931375
819.0 0.0005357633654057281
820.0 0.00043531863411772065
821.0 0.00033487383461761056
822.0 0.0004019152129330905
823.0 0.0004689567049354082
824.0 0.0004479212293517776
825.0 0.00042688579924288206
826.0 0.000478911169921048
827.0 0.0005309365405992139
828.0 0.00040504514799977187
829.0 0.0002791537326629623
830.0 0.0001920520162457251
831.0 0.000104950345303223
832.0 6.081108381295053e-05
833.0 1.6671813796165225e-05
834.0 1.682227274146797e-10
835.0 1.682227274146797e-10
836.0 0.0002413360562059097
837.0 0.0005247583885648055
838.0 0.0006874577593407594
839.0 0.0008501571755914483
840.0 0.0011731272024917416
841.0 0.001496097229392035
842.0 0.0021304327674442902
843.0 0.0027647682145470753
844.0 0.003017126437043771
845.0 0.003269484659540467
846.0 0.003652385566965677
847.0 0.004035286110593006
848.0 0.003657509296317585
849.0 0.003279731754446402
850.0 0.0024790764655335806
851.0 0.0016784204490249977
852.0 0.0013944832971901633
853.0 0.0011105457815574482
854.0 0.0010387713700765744
855.0 0.0009669965947978199
856.0 0.0007327097137022065
857.0 0.0004984228780813282
858.0 0.0005817300461785635
859.0 0.0006650371688010637
860.0 0.0005358584530767985
861.0 0.00040667973735253327
862.0 0.0003887505499733379
863.0 0.00037082131711940747
864.0 0.0003056454715988366
865.0 0.0002404696715530008
866.0 0.00018820164768840186
867.0 0.0001359335897177516
868.0 0.00015168774325502454
869.0 0.00016744186268624617
870.0 7.960048833410838e-05
871.0 1.682227274146797e-10
872.0 1.682227274146797e-10
873.0 1.682227274146797e-10
874.0 1.682227274146797e-10
875.0 1.682227274146797e-10
876.0 1.682227274146797e-10
877.0 1.682227274146797e-10
878.0 0.00011429112873884151
879.0 0.00022946985609451076
880.0 0.00017987954379350413
881.0 0.00013028922012381372
882.0 0.00010662743079592474
883.0 8.296567557408707e-05
884.0 6.280549857962114e-07
885.0 1.682227274146797e-10
886.0 2.236390770349317e-05
887.0 0.0001264373395315488
888.0 0.0001894187334983144
889.0 0.00025240012746508
890.0 0.00021824716895935126
891.0 0.00018409419908493874
892.0 5.0792448291758774e-05
893.0 1.682227274146797e-10
894.0 1.682227274146797e-10
895.0 6.924355488990841e-05
896.0 2.5463816655246774e-05
897.0 1.682227274146797e-10
898.0 2.5904961375999846e-05
899.0 7.012579317233758e-05
900.0 2.209314402534801e-05
901.0 1.682227274146797e-10
