lsstCam/transmission_filter_detector/r10_s11/r_57/19700101T000000.ecsv
# %ECSV 1.0
# ---
# datatype:
# - {name: wavelength, unit: nm, datatype: float32}
# - {name: efficiency, unit: '%', datatype: float64}
# meta: !!omap
# - {MODE: DETECTOR}
# - {TYPE: transmission_filter_detector}
# - {CALIBDATE: '1970-01-01T00:00:00'}
# - {INSTRUME: LSSTCam}
# - {OBSTYPE: transmission_filter_detector}
# - {CALIBCLS: lsst.ip.isr.IntermediateFilterDetectorTransmissionCurve}
# - {SOURCE: Materion (DM-46256)}
# - {DETECTOR: 31}
# - {FILTER: r_57}
# - {CALIB_ID: 'calibDate=1970-01-01T00:00:00 filter=r_57 detector=31'}
# - {DATE: '2025-04-02T15:59:44.328049'}
# - {CALIB_CREATION_DATE: '2025-04-02'}
# - {CALIB_CREATION_TIME: '15:59:44'}
# - __serialized_columns__:
#     efficiency:
#       __class__: astropy.units.quantity.Quantity
#       unit: !astropy.units.Unit {unit: '%'}
#       value: !astropy.table.SerializedColumn {name: efficiency}
#     wavelength:
#       __class__: astropy.units.quantity.Quantity
#       unit: !astropy.units.Unit {unit: nm}
#       value: !astropy.table.SerializedColumn {name: wavelength}
# schema: astropy-2.0
wavelength efficiency
[from data line 603]
903.0 1.682227274146797e-10
904.0 1.682227274146797e-10
905.0 5.23001403962553e-05
906.0 1.682227274146797e-10
907.0 1.682227274146797e-10
908.0 1.682227274146797e-10
909.0 1.682227274146797e-10
910.0 1.682227274146797e-10
911.0 1.682227274146797e-10
912.0 1.682227274146797e-10
913.0 1.682227274146797e-10
914.0 1.8214289809748152e-05
915.0 7.218752102744475e-05
916.0 5.158553335604665e-05
917.0 3.0983559895503276e-05
918.0 6.0345456631694105e-05
919.0 8.970731641966267e-05
920.0 1.1926128706818417e-05
921.0 1.682227274146797e-10
922.0 7.507397299377772e-05
923.0 0.00021600303625746164
924.0 0.00020188194866932463
925.0 0.00018776088381855516
926.0 0.00019412746041780338
927.0 0.0002004940370170516
928.0 0.00018122764231520705
929.0 0.0001619612476133625
930.0 0.00023284869712369982
931.0 0.00030373619210877223
932.0 0.00014541537893819623
933.0 1.682227274146797e-10
934.0 0.0001296076447943051
935.0 0.00027212061013415223
936.0 0.00028772253699571593
937.0 0.0003033244638572796
938.0 0.0003179708301104256
939.0 0.00033261724183830665
940.0 0.00030919811706553446
941.0 0.0002857789695553947
942.0 0.0003227924707971397
943.0 0.0003598059947762522
944.0 0.00033250591968680965
945.0 0.00030520586733473465
946.0 0.00035788809782388853
947.0 0.0004105702828383073
948.0 0.0004858736247115303
949.0 0.0005611771030089585
950.0 0.0005365026936487993
951.0 0.000511828238813905
952.0 0.0006566322099388344
953.0 0.000801436272013234
954.0 0.0011205749615328386
955.0 0.0014397139239008538
956.0 0.001499309564678697
957.0 0.00155890520545654
958.0 0.0016572055756114423
959.0 0.001755506127665285
960.0 0.001917625377245713
961.0 0.0020797449906240217
962.0 0.0022472222553915344
963.0 0.0024146997020579875
964.0 0.0024292598027386703
965.0 0.0024438197215204127
966.0 0.002406340718152933
967.0 0.002368861714785453
968.0 0.0023437900381395593
969.0 0.0023187187252915464
970.0 0.002396781746938359
971.0 0.0024748451323830523
972.0 0.0025334722522529773
973.0 0.0025920990083250217
974.0 0.002857370964193251
975.0 0.00312264273816254
976.0 0.00322308114846237
977.0 0.0033235188311664388
978.0 0.0032276973797706887
979.0 0.0031318759283749387
980.0 0.003093841951340437
981.0 0.003055808338103816
982.0 0.003159638072247617
983.0 0.0032634681701892987
984.0 0.00322815976687707
985.0 0.0031928509997669607
986.0 0.0030755927582504228
987.0 0.002958334698632825
988.0 0.0027818425223813392
989.0 0.0026053505280287936
990.0 0.002600320840429049
991.0 0.002595290970930364
992.0 0.002676487565622665
993.0 0.0027576843422139063
994.0 0.002772001607809216
995.0 0.002786318327707704
996.0 0.0028394299079081975
997.0 0.0028925413062097505
998.0 0.0030242063076002523
999.0 0.003155871308990754
1000.0 0.003289424057584256
1001.0 0.0034229768061777577
1002.0 0.003655935506685637
1003.0 0.003888894207193516
1004.0 0.003958675733883865
1005.0 0.0040284568967763335
1006.0 0.004263074879418127
1007.0 0.004497693225857802
1008.0 0.004425390579854138
1009.0 0.004353087570052594
1010.0 0.004376424840302207
1011.0 0.0043997617467539385
1012.0 0.004339154111221433
1013.0 0.004278546111891046
1014.0 0.004016992897959426
1015.0 0.003755439320229925
1016.0 0.003557638410711661
1017.0 0.0033598375011933967
1018.0 0.0029338072636164725
1019.0 0.0025077775717363693
1020.0 0.0021245161406113766
1021.0 0.0017412548913853243
1022.0 0.0014964954061724711
1023.0 0.0012517356481112074
1024.0 0.0013478342225425877
1025.0 0.0014439331607718486
1026.0 0.0012950880773132667
1027.0 0.0011462428119557444
1028.0 0.0010964347893605009
1029.0 0.0010466264939168468
1030.0 0.0009648685590946116
1031.0 0.0008831098966766149
1032.0 0.0008504823199473321
1033.0 0.000817854561319109
1034.0 0.0007396552973659709
1035.0 0.0006614559424633626
1036.0 0.0007892234862083569
1037.0 0.0009169907571049407
1038.0 0.000822605852590641
1039.0 0.0007282210390258115
1040.0 0.0007964257747516967
1041.0 0.000864630510477582
1042.0 0.0009305735147790983
1043.0 0.0009965159733837936
1044.0 0.0009408985533809755
1045.0 0.0008852814062265679
1046.0 0.0009399207556270994
1047.0 0.0009945602869265713
1048.0 0.0007818420272087678
1049.0 0.0005691238129656995
1050.0 0.0005970479833194986
1051.0 0.0006249721081985626
1052.0 0.000995679965853924
1053.0 0.0013663873687619343
1054.0 0.0010547260899329558
1055.0 0.0007430645837303018
1056.0 0.0008805994184513111
1057.0 0.001018134571495466
1058.0 0.0009592412425263319
1059.0 0.0009003481864056084
1060.0 0.0012648723895836156
1061.0 0.0016293961380142719
1062.0 0.0017268028386752121
1063.0 0.0018242095393361524
1064.0 0.0012771914043696597
1065.0 0.0007301728146558162
1066.0 0.0011191411431354936
1067.0 0.0015081096535141114
1068.0 0.0016351696103811264
1069.0 0.0017622291125007905
1070.0 0.0012786634215444792
1071.0 0.0007950976396386977
1072.0 0.001063094623532379
1073.0 0.0013310917893250007
1074.0 0.0020496645447565243
1075.0 0.0027682370273396373
1076.0 0.003087750155827962
1077.0 0.0034072629205184057
1078.0 0.0039042923162924126
1079.0 0.0044013220758643
1080.0 0.004247794640832581
1081.0 0.00409426684200298
1082.0 0.00405227328883484
1083.0 0.0040102797356667
1084.0 0.004459421688807197
1085.0 0.004908562914351933
1086.0 0.0050551974709378555
1087.0 0.005201832391321659
1088.0 0.00527611882716883
1089.0 0.005350405626813881
1090.0 0.0051552971854107454
1091.0 0.004960188380209729
1092.0 0.00403334925067611
1093.0 0.0031065101211424917
1094.0 0.0038570145989069715
1095.0 0.004607519440469332
1096.0 0.0035830169508699328
1097.0 0.0025585144612705335
1098.0 0.001861766395450104
1099.0 0.001165018602478085
1100.0 0.001260561384697212
1101.0 0.001356103803118458
