lsstCam/transmission_filter_detector/r41_s02/r_57/19700101T000000.ecsv
# %ECSV 1.0
# ---
# datatype:
# - {name: wavelength, unit: nm, datatype: float32}
# - {name: efficiency, unit: '%', datatype: float64}
# meta: !!omap
# - {MODE: DETECTOR}
# - {TYPE: transmission_filter_detector}
# - {CALIBDATE: '1970-01-01T00:00:00'}
# - {INSTRUME: LSSTCam}
# - {OBSTYPE: transmission_filter_detector}
# - {CALIBCLS: lsst.ip.isr.IntermediateFilterDetectorTransmissionCurve}
# - {SOURCE: Materion (DM-46256)}
# - {DETECTOR: 164}
# - {FILTER: r_57}
# - {CALIB_ID: 'calibDate=1970-01-01T00:00:00 filter=r_57 detector=164'}
# - {DATE: '2025-04-02T15:59:44.943381'}
# - {CALIB_CREATION_DATE: '2025-04-02'}
# - {CALIB_CREATION_TIME: '15:59:44'}
# - __serialized_columns__:
#     efficiency:
#       __class__: astropy.units.quantity.Quantity
#       unit: !astropy.units.Unit {unit: '%'}
#       value: !astropy.table.SerializedColumn {name: efficiency}
#     wavelength:
#       __class__: astropy.units.quantity.Quantity
#       unit: !astropy.units.Unit {unit: nm}
#       value: !astropy.table.SerializedColumn {name: wavelength}
# schema: astropy-2.0
wavelength efficiency
300.0 0.0023400873033097014
301.0 0.005623474498861469
302.0 0.00890686278580688
303.0 0.011344876111252233
304.0 0.013782891619484872
305.0 0.012897743727080524
306.0 0.012012595107080415
307.0 0.010167137952521443
308.0 0.008321677887579426
309.0 0.007611099135829136
310.0 0.0069005189288873225
311.0 0.006385857705026865
312.0 0.005871196844964288
313.0 0.005528324982151389
314.0 0.005185454210732132
315.0 0.004977770367986523
316.0 0.004770086889038794
317.0 0.004712316149380058
318.0 0.0046545439545297995
319.0 0.0042095147364307195
320.0 0.00376448588212952
321.0 0.0035158125683665276
322.0 0.0032671388908056542
323.0 0.0029353877835092135
324.0 0.002603636858111713
325.0 0.0025283794457209297
326.0 0.002453122397128027
327.0 0.0025441559046157636
328.0 0.00263518923020456
329.0 0.002713857793423813
330.0 0.0027925276299356483
331.0 0.002639250669744797
332.0 0.002485973709553946
333.0 0.002249228964501526
334.0 0.002012484401348047
335.0 0.001719286956358701
336.0 0.0014260896932682954
337.0 0.0013283154657983687
338.0 0.001230541238328442
339.0 0.001116561998060206
340.0 0.0010025826668424997
341.0 0.0010217546332569327
342.0 0.0010409265087218955
343.0 0.0010189701242779847
344.0 0.0009970136488846038
345.0 0.0009878962373477407
346.0 0.000978779007709818
347.0 0.0009433673767489381
348.0 0.0009079557457880583
349.0 0.0009074236913875211
350.0 0.004542857641354203
351.0 0.005118582703289576
352.0 0.005694309220416471
353.0 0.004776721834787168
354.0 0.003859135540551506
355.0 0.004606083166436292
356.0 0.0053530307923210785
357.0 0.005652672916767187
358.0 0.005952317224000581
359.0 0.0047674377128714696
360.0 0.00358255892933812
361.0 0.0031272753403754905
362.0 0.0026719921152107418
363.0 0.0024697174012544565
364.0 0.0022674426872981712
365.0 0.0026409421479911543
366.0 0.0030144416086841375
367.0 0.002846476127160713
368.0 0.002678510827536229
369.0 0.0035113258491037413
370.0 0.004344142143963836
371.0 0.004026553506264463
372.0 0.00370896486856509
373.0 0.0038643724110443145
374.0 0.004019779589725658
375.0 0.0029270127924974076
376.0 0.0018342458133702166
377.0 0.001639427682675887
378.0 0.0014446097338804975
379.0 0.0018752989490167238
380.0 0.0023059878003550693
381.0 0.003020886470039841
382.0 0.0037357851397246122
383.0 0.004065650864504278
384.0 0.004395516589283943
385.0 0.004738245843327604
386.0 0.005080975824967027
387.0 0.004506102777668275
388.0 0.003931229730369523
389.0 0.0027689788112184033
390.0 0.0016067275282694027
391.0 0.0011941931006731465
392.0 0.0007816585821274202
393.0 0.0009960775059880689
394.0 0.0012104965207981877
395.0 0.001325423909293022
396.0 0.0014403512977878563
397.0 0.0012076709026587196
398.0 0.0009749903256306425
399.0 0.0011710589205904398
400.0 0.001367127970297588
401.0 0.001249043270945549
402.0 0.00113095857159351
403.0 0.001087485725292936
404.0 0.0010440130608913023
405.0 0.0010987295354425441
406.0 0.0011534461918927263
407.0 0.0011710699254763313
408.0 0.0011886939319083467
409.0 0.0016506079191458412
410.0 0.002112522088282276
411.0 0.001876136775535997
412.0 0.0016397516446886584
413.0 0.0016628941011731513
414.0 0.0016860363757587038
415.0 0.0016110110664158128
416.0 0.0015359861208708026
417.0 0.001626010453037452
418.0 0.0017160347852041014
419.0 0.002346131077501923
420.0 0.0029762273697997443
421.0 0.0046834873501211405
422.0 0.006390746420947835
423.0 0.009383101132698357
424.0 0.012375453661661595
425.0 0.016598199727013707
426.0 0.020820948702748865
427.0 0.020960747497156262
428.0 0.021100549201946706
429.0 0.016939634224399924
430.0 0.012778716336470097
431.0 0.008907572191674262
432.0 0.005036425136495382
433.0 0.004126275234739296
434.0 0.0032161253329832107
435.0 0.0026644111130735837
436.0 0.002112697075062897
437.0 0.0016491927453898825
438.0 0.0011856882338179275
439.0 0.0010650202057149727
440.0 0.0009443523595109582
441.0 0.0011937117051274981
442.0 0.0014430713235924486
443.0 0.001617990346858278
444.0 0.001792909279174637
445.0 0.0013881079212296754
446.0 0.0009833064723352436
447.0 0.0011518338396854233
448.0 0.0013203607522882521
449.0 0.0014218992873793468
450.0 0.0015234374586725608
451.0 0.0015165870536293369
452.0 0.0015097367395355832
453.0 0.001521629837952787
454.0 0.0015335228454205208
455.0 0.0012329665878496598
456.0 0.0009324102393293288
457.0 0.000997800179902697
458.0 0.0010631903023750056
459.0 0.001228730343427742
460.0 0.001394270293531008
461.0 0.002012092954828404
462.0 0.0026299159799236804
463.0 0.0034627293644007295
464.0 0.004295542748877779
465.0 0.005191373566049151
466.0 0.006087204383220524
467.0 0.00663183382130228
468.0 0.007176464714575559
469.0 0.006213969754753634
470.0 0.00525147479493171
471.0 0.0037839447031728923
472.0 0.002316414611414075
473.0 0.0017476733773946762
474.0 0.0011789323252742179
475.0 0.0010472489520907402
476.0 0.0009155657608062029
477.0 0.0008922814231482334
478.0 0.000868997085490264
479.0 0.0007585350886074593
480.0 0.0006480730007751845
481.0 0.0006138692697277293
482.0 0.0005796654477308039
483.0 0.0005264413630357012
484.0 0.00047321732381533366
485.0 0.0006054794994270196
486.0 0.0007377414931397652
487.0 0.0007378351256193127
488.0 0.0007379287126241252
489.0 0.0008767166946199723
490.0 0.0010155047675652895
491.0 0.0008819299182505347
492.0 0.0007483552053599851
493.0 0.0008457732292299625
494.0 0.0009431910257262643
495.0 0.0009920135198626667
496.0 0.0010408361958980095
497.0 0.0011168341188749764
498.0 0.0011928323147003539
499.0 0.0012707537280221004
500.0 0.001348675141343847
501.0 0.0016452488125651143
502.0 0.0019418223018874414
503.0 0.0021791664039483294
504.0 0.002416510324110277
505.0 0.002877354927477427
506.0 0.003338199167046696
507.0 0.0042164785554632545
508.0 0.0050947572162840515
509.0 0.005408972720033489
510.0 0.005723187496187165
511.0 0.0051311071729287505
512.0 0.004539026485872455
513.0 0.0038611815398326144
514.0 0.003183336593792774
515.0 0.002992734152940102
516.0 0.00280213171208743
517.0 0.0028155436666565947
518.0 0.0028289558031246997
519.0 0.0401768455049023
520.0 0.07781360181979835
521.0 0.1092529739253223
522.0 0.10655159130692482
523.0 0.07601958932355046
524.0 0.11473576305434108
525.0 0.06900911685079336
526.0 0.05989255732856691
527.0 0.10924591915681958
528.0 0.13476174790412188
529.0 0.04104167164769024
530.0 0.19317470723763108
531.0 0.1454005716368556
532.0 0.22024114150553942
533.0 0.21743164397776127
534.0 0.39324816316366196
535.0 0.4588970448821783
536.0 0.6866717711091042
537.0 0.9744447655975819
538.0 1.5033040195703506
539.0 2.3985879495739937
540.0 3.8035504519939423
541.0 5.61867281794548
542.0 8.035947382450104
543.0 11.153723299503326
544.0 14.92428183555603
545.0 19.05221939086914
546.0 24.337175488471985
547.0 30.51168918609619
548.0 38.377588987350464
549.0 46.617332100868225
550.0 53.35306525230408
551.0 60.829341411590576
552.0 66.28153920173645
553.0 71.1476743221283
554.0 75.24411678314209
555.0 79.4438362121582
556.0 82.93090462684631
557.0 85.87026000022888
558.0 89.05401825904846
559.0 92.48063564300537
560.0 93.12114715576172
561.0 94.3010151386261
562.0 95.41091322898865
563.0 95.38487792015076
564.0 95.58385610580444
565.0 95.11568546295166
566.0 95.857173204422
567.0 95.18864154815674
568.0 95.87879776954651
569.0 96.32769823074341
570.0 96.19413614273071
571.0 96.66226506233215
572.0 96.7744767665863
573.0 96.39450311660767
574.0 96.85978889465332
575.0 96.65439128875732
576.0 97.2561776638031
577.0 96.98668122291565
578.0 97.29337692260742
579.0 97.08320498466492
580.0 96.29156589508057
581.0 96.80507779121399
582.0 96.89924120903015
583.0 96.90002799034119
584.0 96.21772766113281
585.0 96.18303775787354
586.0 96.48290872573853
587.0 95.78110575675964
588.0 96.32651209831238
589.0 97.09576964378357
590.0 96.45956158638
591.0 95.9779143333435
592.0 95.82704901695251
593.0 95.78819274902344
594.0 96.07415199279785
595.0 96.48231267929077
596.0 96.94066047668457
597.0 97.07489609718323
598.0 96.37468457221985
599.0 96.41898274421692
600.0 96.70567512512207
601.0 96.40638828277588
602.0 96.45851254463196
603.0 95.8780288696289
604.0 96.34518027305603
605.0 96.85644507408142
606.0 96.4087724685669
607.0 95.7827627658844
608.0 96.3103175163269
609.0 95.56179642677307
610.0 95.97694277763367
611.0 95.59045433998108
612.0 95.90445160865784
613.0 96.92583084106445
614.0 96.63118720054626
615.0 96.07820510864258
616.0 96.26105427742004
617.0 96.4945137500763
618.0 96.18993401527405
619.0 96.9294786453247
620.0 96.04991674423218
621.0 95.73156237602234
622.0 96.63423299789429
623.0 96.73784971237183
624.0 96.5308129787445
625.0 96.81815505027771
626.0 96.1640477180481
627.0 95.20854949951172
628.0 97.03292846679688
629.0 95.20373940467834
630.0 96.25651836395264
631.0 96.06120586395264
632.0 96.66285514831543
633.0 96.56258225440979
634.0 95.6305980682373
635.0 96.14266753196716
636.0 95.99759578704834
637.0 95.4552173614502
638.0 95.38373947143555
639.0 95.32908201217651
640.0 95.4655408859253
641.0 95.4630434513092
642.0 96.09278440475464
643.0 96.09199166297913
644.0 95.96778750419617
645.0 96.39639854431152
646.0 96.21809720993042
647.0 97.17575311660767
648.0 96.2151050567627
649.0 95.77904939651489
650.0 96.3872492313385
651.0 96.91604375839233
652.0 96.90664410591125
653.0 95.60278058052063
654.0 96.63607478141785
655.0 96.98172211647034
656.0 95.67700028419495
657.0 95.63940167427063
658.0 96.18549942970276
659.0 96.36884331703186
660.0 95.6645131111145
661.0 95.54059505462646
662.0 95.87674736976624
663.0 95.65512537956238
664.0 95.43792009353638
665.0 95.51782011985779
666.0 95.20325064659119
667.0 95.52498459815979
668.0 94.63680982589722
669.0 95.92229723930359
670.0 95.57583332061768
671.0 95.65895795822144
672.0 95.38158774375916
673.0 95.56074142456055
674.0 94.82236504554749
675.0 95.71108818054199
676.0 95.26973962783813
677.0 94.13459300994873
678.0 93.21038126945496
679.0 92.7829384803772
680.0 91.78861379623413
681.0 90.49312472343445
682.0 88.37222456932068
683.0 85.84933280944824
684.0 82.5985312461853
685.0 79.1716456413269
686.0 75.42625665664673
687.0 70.82486748695374
688.0 66.38491749763489
689.0 61.99961304664612
690.0 56.969887018203735
691.0 52.803319692611694
692.0 48.12206029891968
693.0 43.91927719116211
694.0 39.0020877122879
695.0 33.64802598953247
696.0 28.58048975467682
697.0 23.241573572158813
698.0 17.37232804298401
699.0 12.796218693256378
700.0 9.122879058122635
701.0 5.800230801105499
702.0 3.6655157804489136
703.0 2.088269405066967
704.0 1.2286233715713024
705.0 0.6995973642915487
706.0 0.47340085729956627
707.0 0.29865631368011236
708.0 0.23462949320673943
709.0 0.14713163254782557
710.0 0.09388001635670662
711.0 0.060267309891059995
712.0 0.06341396947391331
713.0 0.030657273600809276
714.0 0.01602627889951691
715.0 0.06565370713360608
716.0 0.04167444712948054
717.0 0.06745513528585434
718.0 0.01836154406191781
719.0 0.01227932662004605
720.0 1.6113438708331707e-10
721.0 0.004270973659004085
722.0 0.004231589991832152
723.0 0.004192205597064458
724.0 0.003857259071082808
725.0 0.003522311817505397
726.0 0.0033197164157172665
727.0 0.0031171206501312554
728.0 0.0030032944778213277
729.0 0.0028894681236124597
730.0 0.0027027555915992707
731.0 0.0025160428776871413
732.0 0.0023983395294635557
733.0 0.0022806359993410297
734.0 0.0021762964024674147
735.0 0.00207195698749274
736.0 0.0019705850718310103
737.0 0.0018692127923713997
738.0 0.0017117632523877546
739.0 0.0015543137124041095
740.0 0.0015992885892046615
741.0 0.0016442634660052136
742.0 0.0015691641237935983
743.0 0.0014940646906325128
744.0 0.001464144679630408
745.0 0.001434225032426184
746.0 0.001344386055279756
747.0 0.0012545468962343875
748.0 0.0012360629625618458
749.0 0.0012175789379398338
750.0 0.0012205864550196566
751.0 0.0012235938811500091
752.0 0.0011346866813255474
753.0 0.0010457793905516155
754.0 0.0011083996469096746
755.0 0.0011710198123182636
756.0 0.00112549523691996
757.0 0.0010799705705721863
758.0 0.001113647158490494
759.0 0.001147324019257212
760.0 0.001236712523677852
761.0 0.0013261011190479621
762.0 0.0012133169548178557
763.0 0.001100532608688809
764.0 0.0010583828952803742
765.0 0.001016232909023529
766.0 0.0008828556019579992
767.0 0.0007494781584682642
768.0 0.0008270712896774057
769.0 0.0009046644663612824
770.0 0.0008920407708501443
771.0 0.0008794170753390063
772.0 0.0009188256626657676
773.0 0.0009582340680935886
774.0 0.0009017959200718906
775.0 0.0008453575901512522
776.0 0.0008153837370628025
777.0 0.0007854100658732932
778.0 0.0007556608125014463
779.0 0.0007259114681801293
780.0 0.0007212322088889778
781.0 0.0007165527676988859
782.0 0.0007507018381147645
783.0 0.0007848509085306432
784.0 0.000779686524765566
785.0 0.0007745219591015484
786.0 0.0007084378012223169
787.0 0.0006423535978683503
788.0 0.0006654098797298502
789.0 0.0006884663434902905
790.0 0.0005720391982322326
791.0 0.0004556117801257642
792.0 0.0004964424988429528
793.0 0.0005372733085096115
794.0 0.000667735639581224
795.0 0.0007981979251781013
796.0 0.0007343889137700899
797.0 0.0006705799933115486
798.0 0.0006655820016021607
799.0 0.000660584055367508
800.0 0.0006556551852554549
801.0 0.0006507261332444614
802.0 0.000602631052970537
803.0 0.0005545360181713477
804.0 0.00057909919632948
805.0 0.0006036622380634071
806.0 0.0005873775535292225
807.0 0.000571092959944508
808.0 0.0007014020866336068
809.0 0.0008317112587974407
810.0 0.0007447426014550729
811.0 0.0006577738076884998
812.0 0.0006848918928881176
813.0 0.0007120099326130003
814.0 0.0007525126875407295
815.0 0.0007930153515189886
816.0 0.000765929689805489
817.0 0.0007388440280919895
818.0 0.0005067834990768461
819.0 0.0002747231064859079
820.0 0.0004795499080501031
821.0 0.0006843767096142983
822.0 0.0006187735834828345
823.0 0.0005531705483008409
824.0 0.0005233132014836883
825.0 0.0004934560820402112
826.0 0.000491467653773725
827.0 0.0004894792255072389
828.0 0.00045787023736920673
829.0 0.00042626134018064477
830.0 0.00017947828609976568
831.0 1.6113438708331707e-10
832.0 1.6113438708331707e-10
833.0 2.0345875384464307e-05
834.0 1.6113438708331707e-10
835.0 1.6113438708331707e-10
836.0 0.00013521690789275453
837.0 0.00036189990169077646
838.0 0.0011832456948468462
839.0 0.002004591624427121
840.0 0.002657709046616219
841.0 0.0033108262869063765
842.0 0.0037524896470131353
843.0 0.00419415082433261
844.0 0.003750587347894907
845.0 0.0033070235076593235
846.0 0.0028790409487555735
847.0 0.0024510589355486445
848.0 0.0023939604943734594
849.0 0.0023368620531982742
850.0 0.002359331847401336
851.0 0.0023818016416043974
852.0 0.002145782855222933
853.0 0.0019097638869425282
854.0 0.0016343970855814405
855.0 0.0013590301932708826
856.0 0.0011304010513413232
857.0 0.0009017718184622936
858.0 0.0006931405096111121
859.0 0.0004845093371841358
860.0 0.0003459082790868706
861.0 0.00020730724372697296
862.0 0.00023341028736467706
863.0 0.0002595132855276461
864.0 0.00025822432689892594
865.0 0.00025693534553283826
866.0 0.0002435449459881056
867.0 0.00023015452370600542
868.0 0.0001335992465101299
869.0 3.7043949419057753e-05
870.0 0.00018979645801664446
871.0 0.0003425489467190346
872.0 0.0003088665380346356
873.0 0.00027518415208760416
874.0 0.0002956004664156353
875.0 0.00031601682621840155
876.0 0.0001527704625914339
877.0 1.6113438708331707e-10
878.0 6.710209987659255e-06
879.0 2.3896313905424904e-05
880.0 6.569425750058144e-05
881.0 0.0001074922352017893
882.0 9.341317763755796e-05
883.0 7.933414281069417e-05
884.0 8.374280469070072e-05
885.0 8.815150636110047e-05
886.0 0.0001547476358609856
887.0 0.0002213437483078451
888.0 0.00020386137293826323
889.0 0.00018637897483131383
890.0 0.00016763606254244223
891.0 0.00014889313888488687
892.0 0.0001446709461561113
893.0 0.000140448742058652
894.0 2.232035569704749e-05
895.0 1.6113438708331707e-10
896.0 1.6113438708331707e-10
897.0 1.6113438708331707e-10
898.0 1.6113438708331707e-10
899.0 3.9928954720380716e-05
900.0 3.1192097793564244e-06
901.0 1.6113438708331707e-10
