lsstCam/transmission_filter_detector/r41_s02/r_57/19700101T000000.ecsv
# %ECSV 1.0
# ---
# datatype:
# - {name: wavelength, unit: nm, datatype: float32}
# - {name: efficiency, unit: '%', datatype: float64}
# meta: !!omap
# - {MODE: DETECTOR}
# - {TYPE: transmission_filter_detector}
# - {CALIBDATE: '1970-01-01T00:00:00'}
# - {INSTRUME: LSSTCam}
# - {OBSTYPE: transmission_filter_detector}
# - {CALIBCLS: lsst.ip.isr.IntermediateFilterDetectorTransmissionCurve}
# - {SOURCE: Materion (DM-46256)}
# - {DETECTOR: 164}
# - {FILTER: r_57}
# - {CALIB_ID: 'calibDate=1970-01-01T00:00:00 filter=r_57 detector=164'}
# - {DATE: '2025-04-02T15:59:44.943381'}
# - {CALIB_CREATION_DATE: '2025-04-02'}
# - {CALIB_CREATION_TIME: '15:59:44'}
# - __serialized_columns__:
#     efficiency:
#       __class__: astropy.units.quantity.Quantity
#       unit: !astropy.units.Unit {unit: '%'}
#       value: !astropy.table.SerializedColumn {name: efficiency}
#     wavelength:
#       __class__: astropy.units.quantity.Quantity
#       unit: !astropy.units.Unit {unit: nm}
#       value: !astropy.table.SerializedColumn {name: wavelength}
# schema: astropy-2.0
wavelength efficiency
[from data line 603]
903.0 1.2597851650753e-05
904.0 0.00013460372656481923
905.0 0.00025660958726803074
906.0 0.00013302968682182836
907.0 9.44979490213882e-06
908.0 7.263952284120023e-05
909.0 0.00013582923656940693
910.0 8.631218975096999e-05
911.0 3.679514861687494e-05
912.0 0.00011245368796153343
913.0 0.00018811222162185004
914.0 0.00017703606545182993
915.0 0.00016595990928180981
916.0 0.0001301975885326101
917.0 9.443525641472661e-05
918.0 6.23748292127857e-05
919.0 3.0314399168673845e-05
920.0 0.00010861178907362046
921.0 0.0001869091875050799
922.0 0.00018037050040220493
923.0 0.00017383184740538127
924.0 0.00025521308089082595
925.0 0.00033659434848232195
926.0 0.00026721561425802065
927.0 0.0001978369027710869
928.0 0.00021532900973397773
929.0 0.000232821093959501
930.0 0.000171486453837133
931.0 0.00011015176824002992
932.0 0.0001239240759787208
933.0 0.00013769638371741166
934.0 0.00011383152695998433
935.0 8.9966670202557e-05
936.0 5.610166908809333e-05
937.0 2.223666228928778e-05
938.0 1.6113438708331707e-10
939.0 1.6113438708331707e-10
940.0 6.112010169090354e-05
941.0 0.00014719310001964914
942.0 0.0002792134637275012
943.0 0.00041123375922325067
944.0 0.00035894461234420305
945.0 0.0003066553972530528
946.0 0.0004935187916998984
947.0 0.0006803822543588467
948.0 0.0004953420557285426
949.0 0.00031030201625981135
950.0 0.000361294860340422
951.0 0.00041228759073419496
952.0 0.0005065008735982701
953.0 0.0006007141109876102
954.0 0.0008270152648037765
955.0 0.0010533166459936183
956.0 0.001019926457956899
957.0 0.00098653645181912
958.0 0.0012439039892342407
959.0 0.0015012715266493615
960.0 0.0016402847904828377
961.0 0.0017792977814679034
962.0 0.0019337747289682738
963.0 0.0020882516764686443
964.0 0.002163281533285044
965.0 0.0022383112082025036
966.0 0.002270803270221222
967.0 0.0023032956960378215
968.0 0.0022799742509960197
969.0 0.0022566526240552776
970.0 0.002346104520256631
971.0 0.0024355562345590442
972.0 0.0024933353415690362
973.0 0.0025511144485790282
974.0 0.0027151707399752922
975.0 0.002879227395169437
976.0 0.0030079583666520193
977.0 0.0031366893381346017
978.0 0.003112805279670283
979.0 0.003088920857408084
980.0 0.0031539635529043153
981.0 0.0032190066121984273
982.0 0.0031749543268233538
983.0 0.003130902405246161
984.0 0.003092599581577815
985.0 0.00305429712170735
986.0 0.0029399816412478685
987.0 0.0028256665245862678
988.0 0.0028324440791038796
989.0 0.002839221997419372
990.0 0.0027714981115423143
991.0 0.0027037747713620774
992.0 0.0025926334274117835
993.0 0.00248149226536043
994.0 0.002510952799639199
995.0 0.0025404136977158487
996.0 0.0026432762751937844
997.0 0.0027461386707727797
998.0 0.0027854563086293638
999.0 0.002824773946485948
1000.0 0.0028979169655940495
1001.0 0.0029710596209042706
1002.0 0.003200041101081297
1003.0 0.0034290227631572634
1004.0 0.003721945540746674
1005.0 0.004014868682133965
1006.0 0.004041435022372752
1007.0 0.004068002090207301
1008.0 0.004072862793691456
1009.0 0.004077723133377731
1010.0 0.004057724800077267
1011.0 0.004037726466776803
1012.0 0.004107351924176328
1013.0 0.004176977745373733
1014.0 0.004125589475734159
1015.0 0.004074201933690347
1016.0 0.0036034693039255217
1017.0 0.0031327366741606966
1018.0 0.0029128352252882905
1019.0 0.002692933412618004
1020.0 0.002435343230899889
1021.0 0.0021777526853838935
1022.0 0.001909312413772568
1023.0 0.0016408719602623023
1024.0 0.0014859623661322985
1025.0 0.0013310527720022947
1026.0 0.0011495968465169426
1027.0 0.0009681413757789414
1028.0 0.000956940039031906
1029.0 0.000945738884183811
1030.0 0.0009331969522463623
1031.0 0.0009206549293594435
1032.0 0.0006944710548850708
1033.0 0.0004682869530370226
1034.0 0.0005599596079264302
1035.0 0.0006516323082905728
1036.0 0.000607051470069564
1037.0 0.00056247058637382
1038.0 0.0008493142559018452
1039.0 0.0011361577890056651
1040.0 0.000984895359579241
1041.0 0.0008336327482538763
1042.0 0.0008538509064237587
1043.0 0.0008740689736441709
1044.0 0.0008717783202882856
1045.0 0.0008694875759829301
1046.0 0.0007115892913134303
1047.0 0.0005536908702197252
1048.0 0.000677961588735343
1049.0 0.000802232443675166
1050.0 0.0009736078027344774
1051.0 0.0011449830708443187
1052.0 0.0013112652595737018
1053.0 0.0014775473573536146
1054.0 0.0013448777281155344
1055.0 0.0012122082807763945
1056.0 0.0010866566299227998
1057.0 0.0009611051609681454
1058.0 0.001119130047300132
1059.0 0.001277154660783708
1060.0 0.00118516109068878
1061.0 0.0010931674296443816
1062.0 0.0009809075891098473
1063.0 0.0008686478395247832
1064.0 0.0011692690350173507
1065.0 0.0014698902305099182
1066.0 0.0017436390407965519
1067.0 0.002017387487285305
1068.0 0.002015971222135704
1069.0 0.0020145545931882225
1070.0 0.0018884122255258262
1071.0 0.0017622700397623703
1072.0 0.0022673817511531524
1073.0 0.002772493644442875
1074.0 0.0025818770154728554
1075.0 0.002391260386502836
1076.0 0.002548054362705443
1077.0 0.0027048479751101695
1078.0 0.003094373460044153
1079.0 0.003483898763079196
1080.0 0.0032005045795813203
1081.0 0.0029171103960834444
1082.0 0.003751931944862008
1083.0 0.004586753129842691
1084.0 0.003737679071491584
1085.0 0.0028886050131404772
1086.0 0.003526113141560927
1087.0 0.004163621269981377
1088.0 0.003757508602575399
1089.0 0.003351395935169421
1090.0 0.00341143568221014
1091.0 0.0034714757930487394
1092.0 0.0035393448342802003
1093.0 0.003607214239309542
1094.0 0.0030114186301943846
1095.0 0.0024156232029781677
1096.0 0.0026227484340779483
1097.0 0.0028298738470766693
1098.0 0.0024728651624172926
1099.0 0.0021158568415557966
1100.0 0.0016438862076029181
1101.0 0.001171915209852159
