lsstCam/transmission_filter_detector/r41_s20/y_10/19700101T000000.ecsv
# %ECSV 1.0
# ---
# datatype:
# - {name: wavelength, unit: nm, datatype: float32}
# - {name: efficiency, unit: '%', datatype: float64}
# meta: !!omap
# - {MODE: DETECTOR}
# - {TYPE: transmission_filter_detector}
# - {CALIBDATE: '1970-01-01T00:00:00'}
# - {INSTRUME: LSSTCam}
# - {OBSTYPE: transmission_filter_detector}
# - {CALIBCLS: lsst.ip.isr.IntermediateFilterDetectorTransmissionCurve}
# - {SOURCE: Materion (DM-46256)}
# - {DETECTOR: 168}
# - {FILTER: y_10}
# - {CALIB_ID: 'calibDate=1970-01-01T00:00:00 filter=y_10 detector=168'}
# - {DATE: '2025-04-02T15:59:51.521135'}
# - {CALIB_CREATION_DATE: '2025-04-02'}
# - {CALIB_CREATION_TIME: '15:59:51'}
# - __serialized_columns__:
#     efficiency:
#       __class__: astropy.units.quantity.Quantity
#       unit: !astropy.units.Unit {unit: '%'}
#       value: !astropy.table.SerializedColumn {name: efficiency}
#     wavelength:
#       __class__: astropy.units.quantity.Quantity
#       unit: !astropy.units.Unit {unit: nm}
#       value: !astropy.table.SerializedColumn {name: wavelength}
# schema: astropy-2.0
wavelength efficiency
[from data line 578]
878.0 0.0005789820534118917
879.0 0.0014796719369769562
880.0 0.07047418621368706
881.0 0.08705221698619425
882.0 0.05236617289483547
883.0 0.07849302492104471
884.0 0.06413356750272214
885.0 0.10380957974120975
886.0 0.05619902512989938
887.0 0.0950721325352788
888.0 0.07209675968624651
889.0 0.08139935089275241
890.0 0.07773472461849451
891.0 0.11365188984200358
892.0 0.05590752698481083
893.0 0.09316009236499667
894.0 0.06293084006756544
895.0 0.08731653797440231
896.0 0.07425880176015198
897.0 0.09785454021766782
898.0 0.07121031521819532
899.0 0.1056076493114233
900.0 0.08545585442334414
901.0 0.1137201557867229
902.0 0.11622814927250147
903.0 0.12701984960585833
904.0 0.13489475240930915
905.0 0.1274560228921473
906.0 0.18028643680736423
907.0 0.20007698331028223
908.0 0.22510720882564783
909.0 0.2565597416833043
910.0 0.32424868550151587
911.0 0.4337719175964594
912.0 0.5855736322700977
913.0 0.8631709963083267
914.0 1.19180241599679
915.0 1.769012212753296
916.0 2.616766281425953
917.0 3.732825815677643
918.0 5.224720016121864
919.0 6.875534355640411
920.0 9.387733787298203
921.0 12.190588563680649
922.0 14.960828423500061
923.0 18.01721900701523
924.0 21.16325944662094
925.0 24.491791427135468
926.0 28.69747281074524
927.0 33.57630372047424
928.0 38.41826617717743
929.0 44.08476948738098
930.0 49.658215045928955
931.0 55.74255585670471
932.0 62.175166606903076
933.0 68.40583086013794
934.0 73.84940385818481
935.0 78.38495373725891
936.0 82.64144659042358
937.0 86.1028254032135
938.0 88.97266983985901
939.0 91.02888107299805
940.0 92.58331656455994
941.0 93.48147511482239
942.0 94.23046708106995
943.0 94.64330673217773
944.0 95.2288031578064
945.0 95.50123810768127
946.0 95.92143893241882
947.0 96.18314504623413
948.0 96.55944108963013
949.0 96.62606120109558
950.0 96.8523621559143
951.0 96.89285159111023
952.0 96.91399335861206
953.0 97.02019095420837
954.0 96.89430594444275
955.0 96.90700769424438
956.0 96.99763059616089
957.0 97.19807505607605
958.0 97.33694195747375
959.0 97.46612906455994
960.0 97.65316247940063
961.0 97.7741003036499
962.0 97.9180097579956
963.0 98.09276461601257
964.0 98.25478196144104
965.0 98.31988215446472
966.0 98.5166072845459
967.0 98.62510561943054
968.0 98.62996339797974
969.0 98.64789247512817
970.0 98.71050119400024
971.0 98.72570633888245
972.0 98.80208969116211
973.0 98.86193871498108
974.0 98.86015057563782
975.0 98.80812168121338
976.0 98.9098072052002
977.0 98.86608123779297
978.0 98.92479181289673
979.0 98.919278383255
980.0 98.92517924308777
981.0 98.87293577194214
982.0 98.84037971496582
983.0 98.89181852340698
984.0 98.83963465690613
985.0 98.87163639068604
986.0 98.73585104942322
987.0 98.82785677909851
988.0 98.65400791168213
989.0 98.644357919693
990.0 98.55679273605347
991.0 98.52253794670105
992.0 98.55814576148987
993.0 98.49051833152771
994.0 98.43031167984009
995.0 98.419588804245
996.0 98.35662841796875
997.0 98.47354292869568
998.0 98.51813316345215
999.0 98.55639934539795
1000.0 98.62084984779358
1001.0 98.55409264564514
1002.0 98.6862063407898
1003.0 98.72492551803589
1004.0 98.80086779594421
1005.0 98.80583882331848
1006.0 98.96268248558044
1007.0 98.98660182952881
1008.0 98.95095825195312
1009.0 98.90958666801453
1010.0 98.99827837944031
1011.0 98.99282455444336
1012.0 98.92922043800354
1013.0 98.95238280296326
1014.0 98.91642332077026
1015.0 98.88050556182861
1016.0 98.8397479057312
1017.0 98.8537847995758
1018.0 98.85300397872925
1019.0 98.78246188163757
1020.0 98.83372187614441
1021.0 98.9105761051178
1022.0 98.75288009643555
1023.0 98.79603385925293
1024.0 98.78129363059998
1025.0 98.7004816532135
1026.0 98.82253408432007
1027.0 98.90157580375671
1028.0 98.79364967346191
1029.0 98.91465902328491
1030.0 98.91555905342102
1031.0 98.92497062683105
1032.0 98.88326525688171
1033.0 98.94344806671143
1034.0 98.95797967910767
1035.0 99.01553988456726
1036.0 98.94970059394836
1037.0 98.93767237663269
1038.0 98.89647364616394
1039.0 98.89524579048157
1040.0 98.79596829414368
1041.0 98.88474345207214
1042.0 98.86497259140015
1043.0 98.81646037101746
1044.0 98.76649379730225
1045.0 98.54111671447754
1046.0 98.75538945198059
1047.0 98.60143661499023
1048.0 98.66699576377869
1049.0 98.53751063346863
1050.0 98.55851531028748
1051.0 98.58300685882568
1052.0 98.47313165664673
1053.0 98.41660261154175
1054.0 98.57321381568909
1055.0 98.68559241294861
1056.0 98.56657981872559
1057.0 98.5840916633606
1058.0 98.3670175075531
1059.0 98.49023818969727
1060.0 98.6220121383667
1061.0 98.43783378601074
1062.0 98.60982894897461
1063.0 98.41285347938538
1064.0 98.74652028083801
1065.0 98.6833393573761
1066.0 98.69518876075745
1067.0 98.84375333786011
1068.0 98.75462055206299
1069.0 98.44006299972534
1070.0 98.92963171005249
1071.0 98.74604344367981
1072.0 98.86507987976074
1073.0 98.89084100723267
1074.0 98.56750965118408
1075.0 98.4987735748291
1076.0 98.24573397636414
1077.0 98.64170551300049
1078.0 99.01145100593567
1079.0 98.4825074672699
1080.0 99.09737706184387
1081.0 98.44822883605957
1082.0 98.44682812690735
1083.0 98.20173382759094
1084.0 98.97764325141907
1085.0 98.73926043510437
1086.0 98.53848814964294
1087.0 98.70441555976868
1088.0 98.27115535736084
1089.0 98.2240617275238
1090.0 98.15505146980286
1091.0 98.33256006240845
1092.0 98.57328534126282
1093.0 98.63981008529663
1094.0 98.22285175323486
1095.0 98.05068969726562
1096.0 98.36993217468262
1097.0 97.94459939002991
1098.0 97.496896982193
1099.0 98.77516627311707
1100.0 97.56831526756287
