lsstCam/transmission_filter_detector/r41_s20/y_10/19700101T000000.ecsv
# %ECSV 1.0
# ---
# datatype:
# - {name: wavelength, unit: nm, datatype: float32}
# - {name: efficiency, unit: '%', datatype: float64}
# meta: !!omap
# - {MODE: DETECTOR}
# - {TYPE: transmission_filter_detector}
# - {CALIBDATE: '1970-01-01T00:00:00'}
# - {INSTRUME: LSSTCam}
# - {OBSTYPE: transmission_filter_detector}
# - {CALIBCLS: lsst.ip.isr.IntermediateFilterDetectorTransmissionCurve}
# - {SOURCE: Materion (DM-46256)}
# - {DETECTOR: 168}
# - {FILTER: y_10}
# - {CALIB_ID: 'calibDate=1970-01-01T00:00:00 filter=y_10 detector=168'}
# - {DATE: '2025-04-02T15:59:51.521135'}
# - {CALIB_CREATION_DATE: '2025-04-02'}
# - {CALIB_CREATION_TIME: '15:59:51'}
# - __serialized_columns__:
#     efficiency:
#       __class__: astropy.units.quantity.Quantity
#       unit: !astropy.units.Unit {unit: '%'}
#       value: !astropy.table.SerializedColumn {name: efficiency}
#     wavelength:
#       __class__: astropy.units.quantity.Quantity
#       unit: !astropy.units.Unit {unit: nm}
#       value: !astropy.table.SerializedColumn {name: wavelength}
# schema: astropy-2.0
wavelength efficiency
300.0 0.02205107011832297
301.0 0.02167748607462272
302.0 0.021303903486113995
303.0 0.01795374118955806
304.0 0.0146035774378106
305.0 0.012682071246672422
306.0 0.01076056796591729
307.0 0.009713055624160916
308.0 0.008665544010000303
309.0 0.010815256973728538
310.0 0.01296496920986101
311.0 0.008036178041948006
312.0 0.0031073850550455973
313.0 0.003838441625703126
314.0 0.004569496013573371
315.0 0.002879375279007945
316.0 0.0011892543625435792
317.0 0.003910279338015243
318.0 0.006631303403992206
319.0 0.004679881749325432
320.0 0.002728459730860777
321.0 0.003476356141618453
322.0 0.00422425327997189
323.0 0.0026662910386221483
324.0 0.0011083288882218767
325.0 0.0021532085156650282
326.0 0.0031980878702597693
327.0 0.0030118693757685833
328.0 0.0028256508812773973
329.0 0.0029715960408793762
330.0 0.003117541200481355
331.0 0.002352800947846845
332.0 0.0015880606952123344
333.0 0.00210231573873898
334.0 0.0026165709641645662
335.0 0.002373529969190713
336.0 0.0021304887923179194
337.0 0.0019555105609470047
338.0 0.00178053232957609
339.0 0.0013214935279393103
340.0 0.0008624548172520008
341.0 0.0015417124814121053
342.0 0.00222097023652168
343.0 0.0018603668650030158
344.0 0.0014997634025348816
345.0 0.001032800446409965
346.0 0.0005658374902850483
347.0 0.0007598029242217308
348.0 0.000953768176259473
349.0 0.001224609513883479
350.0 0.0014954507605580147
351.0 0.001526503183413297
352.0 0.0015575556972180493
353.0 0.0016132720702444203
354.0 0.0016689880794729106
355.0 0.0018261569493915886
356.0 0.0019833258193102665
357.0 0.001338125548500102
358.0 0.0006929253686394077
359.0 0.0006290152214205591
360.0 0.0005651048923027702
361.0 0.0007715335414104629
362.0 0.0009779620995686855
363.0 0.0009109233360504732
364.0 0.0008438847544312011
365.0 0.0010965111869154498
366.0 0.0013491377103491686
367.0 0.0016705651432857849
368.0 0.0019919927581213415
369.0 0.0017381726138410158
370.0 0.0014843520148133393
371.0 0.001665644595050253
372.0 0.0018469372662366368
373.0 0.0021435869712149724
374.0 0.0024402364942943677
375.0 0.0030577990401070565
376.0 0.0036753615859197453
377.0 0.00404865677410271
378.0 0.004421951598487794
379.0 0.004158673255005851
380.0 0.0038953949115239084
381.0 0.0031904794013826177
382.0 0.002485563891241327
383.0 0.0018707942217588425
384.0 0.001256025097973179
385.0 0.0010118851605511736
386.0 0.0007677450412302278
387.0 0.0008501257980242372
388.0 0.0009325066457677167
389.0 0.0007161560006352374
390.0 0.0004998054009774933
391.0 0.0005111206974106608
392.0 0.0005224359938438283
393.0 0.0006534811291203368
394.0 0.0007845262189221103
395.0 0.0007706975338805933
396.0 0.0007568688033643411
397.0 0.0008651726602693088
398.0 0.0009734769264468923
399.0 0.0011702213669195771
400.0 0.0013669657164427917
401.0 0.0016809448425192386
402.0 0.0019949235138483346
403.0 0.0019740047719096765
404.0 0.001953085848072078
405.0 0.0019282548237242736
406.0 0.0019034236174775288
407.0 0.0018042910596705042
408.0 0.0017051583199645393
409.0 0.0016950791177805513
410.0 0.001684999733697623
411.0 0.0012428806257958058
412.0 0.000800761699792929
413.0 0.000458133035863284
414.0 0.00011550437193363905
415.0 0.00018413714997222996
416.0 0.00025277001896029105
417.0 2.672510650281179e-10
418.0 2.672510650281179e-10
419.0 2.672510650281179e-10
420.0 0.0004575363618641859
421.0 0.0002266721821797546
422.0 2.672510650281179e-10
423.0 0.0008525757039024029
424.0 0.0017093429050873965
425.0 0.00018914366819444695
426.0 2.672510650281179e-10
427.0 2.672510650281179e-10
428.0 0.0005501224677573191
429.0 2.672510650281179e-10
430.0 2.672510650281179e-10
431.0 2.672510650281179e-10
432.0 2.672510650281179e-10
433.0 2.672510650281179e-10
434.0 2.672510650281179e-10
435.0 0.00015033670024422463
436.0 0.00044144239836896304
437.0 0.00013548165043175686
438.0 2.672510650281179e-10
439.0 2.672510650281179e-10
440.0 2.672510650281179e-10
441.0 2.672510650281179e-10
442.0 2.672510650281179e-10
443.0 2.672510650281179e-10
444.0 2.672510650281179e-10
445.0 6.34169794011541e-05
446.0 0.00016817519963296945
447.0 5.195160497351026e-05
448.0 2.672510650281179e-10
449.0 2.672510650281179e-10
450.0 2.672510650281179e-10
451.0 2.672510650281179e-10
452.0 2.672510650281179e-10
453.0 2.672510650281179e-10
454.0 2.672510650281179e-10
455.0 2.672510650281179e-10
456.0 2.672510650281179e-10
457.0 2.672510650281179e-10
458.0 2.672510650281179e-10
459.0 2.672510650281179e-10
460.0 2.672510650281179e-10
461.0 1.8318411321160966e-05
462.0 0.00011941623370148591
463.0 0.00036487340366875287
464.0 0.0006103304258431308
465.0 0.0006317035058600595
466.0 0.0006530766768264584
467.0 0.0006293170827120775
468.0 0.0006055574885976966
469.0 0.0008660888852318749
470.0 0.0011266203728155233
471.0 0.0011647674909909256
472.0 0.001202914700115798
473.0 0.0017275682694162242
474.0 0.00225222174776718
475.0 0.002610230694699567
476.0 0.002968239459733013
477.0 0.0027323643735144287
478.0 0.0024964892872958444
479.0 0.002656446122273337
480.0 0.00281640295725083
481.0 0.0030952021916164085
482.0 0.0033740016078809276
483.0 0.0033920408895937726
484.0 0.003410079807508737
485.0 0.0027693795345840044
486.0 0.0021286790797603317
487.0 0.002210598540841602
488.0 0.002292518001922872
489.0 0.0020626262994483113
490.0 0.0018327345969737507
491.0 0.0017248808944714256
492.0 0.0016170271919691004
493.0 0.0015887286281213164
494.0 0.0015604300642735325
495.0 0.0016108471754705533
496.0 0.0016612642866675742
497.0 0.001461171359551372
498.0 0.00126107852338464
499.0 0.0015616826203768142
500.0 0.0018622864445205778
501.0 0.002047085035883356
502.0 0.0022318834453471936
503.0 0.0021069456124678254
504.0 0.001982007597689517
505.0 0.0019006822185474448
506.0 0.0018193561118096113
507.0 0.0018769453163258731
508.0 0.0019345348846400157
509.0 0.0017234922779607587
510.0 0.0015124493984330911
511.0 0.0015487927157664672
512.0 0.0015851363059482537
513.0 0.001970511038962286
514.0 0.002355885771976318
515.0 0.0020352947103674524
516.0 0.0017147036487585865
517.0 0.0014364280104928184
518.0 0.0011581522812775802
519.0 0.0010255916095047724
520.0 0.0008930310286814347
521.0 0.0010337707863072865
522.0 0.0011745106348826084
523.0 0.0012945015441800933
524.0 0.0014144925444270484
525.0 0.0018274891772307456
526.0 0.002240485991933383
527.0 0.002341894469282124
528.0 0.0024433029466308653
529.0 0.002874385427276138
530.0 0.003305467907921411
531.0 0.0026891981178778224
532.0 0.0020729286916321144
533.0 0.001971217534446623
534.0 0.0018695065591600724
535.0 0.0016482385035487823
536.0 0.0014269706298364326
537.0 0.0014306306184153073
538.0 0.001434290697943652
539.0 0.0022117234038887545
540.0 0.0029891563826822676
541.0 0.003829413981293328
542.0 0.004669671761803329
543.0 0.004869468102697283
544.0 0.005069264807389118
545.0 0.004629618706530891
546.0 0.004189972241874784
547.0 0.003734934944077395
548.0 0.003279897282482125
549.0 0.0026500525564188138
550.0 0.0020202078303555027
551.0 0.002241537185909692
552.0 0.0024628663595649414
553.0 0.002253756429126952
554.0 0.002044646862486843
555.0 0.00247137613769155
556.0 0.0028981055947951972
557.0 0.0039191068935906515
558.0 0.004940108192386106
559.0 0.004995876952307299
560.0 0.005051645712228492
561.0 0.004580994209391065
562.0 0.004110342342755757
563.0 0.003605740494094789
564.0 0.003101138645433821
565.0 0.003561627454473637
566.0 0.004022116263513453
567.0 0.0046224507968872786
568.0 0.005222784602665342
569.0 0.005878298179595731
570.0 0.006533812120324001
571.0 0.007364025805145502
572.0 0.008194240945158526
573.0 0.008134981180774048
574.0 0.008075722871581092
575.0 0.007489148993045092
576.0 0.006902574386913329
577.0 0.005985528332530521
578.0 0.005068483005743474
579.0 0.004736955452244729
580.0 0.0044054282625438645
581.0 0.005311986387823708
582.0 0.006218544876901433
583.0 0.008104353764792904
584.0 0.009990164107875898
585.0 0.01108797441702336
586.0 0.012185784726170823
587.0 0.012017384869977832
588.0 0.011848985741380602
589.0 0.01082393791875802
590.0 0.009798892278922722
591.0 0.00905367051018402
592.0 0.00830844946904108
593.0 0.00762078125262633
594.0 0.006933110853424296
595.0 0.006173486326588318
596.0 0.005413859253167175
597.0 0.005546796819544397
598.0 0.005679734022123739
599.0 0.006667319394182414
600.0 0.0076549047662410885
601.0 0.00882385138538666
602.0 0.009992797276936471
603.0 0.010661916894605383
604.0 0.011331035057082772
605.0 0.010600467794574797
606.0 0.009869901987258345
607.0 0.009620441414881498
608.0 0.009370981570100412
609.0 0.007981636736076325
610.0 0.006592291902052239
611.0 0.0051771890866803005
612.0 0.0037620851799147204
613.0 0.003532841947162524
614.0 0.003303599442006089
615.0 0.00378024487872608
616.0 0.004256890679243952
617.0 0.005505963054019958
618.0 0.006755034701200202
619.0 0.008182091551134363
620.0 0.009609148401068524
621.0 0.010092047887155786
622.0 0.01057494810083881
623.0 0.010475578892510384
624.0 0.010376204591011629
625.0 0.009916009730659425
626.0 0.0094558134151157
627.0 0.008231677202275023
628.0 0.0070075409894343466
629.0 0.005710854384233244
630.0 0.004414166323840618
631.0 0.0037464826164068654
632.0 0.0030787989089731127
633.0 0.003057080539292656
634.0 0.0030353618058143184
635.0 0.003131951598334126
636.0 0.003228541390853934
637.0 0.0039015769289107993
638.0 0.004574612830765545
639.0 0.005182773384149186
640.0 0.005790933937532827
641.0 0.005859293378307484
642.0 0.00592765245528426
643.0 0.005880538083147258
644.0 0.005833423711010255
645.0 0.005139987842994742
646.0 0.00444655233877711
647.0 0.004011639975942671
648.0 0.0035767276131082326
649.0 0.0028260817998670973
650.0 0.002075436532322783
651.0 0.002072648931061849
652.0 0.0020698611479019746
653.0 0.0019149027139064856
654.0 0.0017599442799109966
655.0 0.0020336065063020214
656.0 0.0023072689145919867
657.0 0.0021408121028798632
658.0 0.001974354927369859
659.0 0.0015175605767581146
660.0 0.0010607664080453105
661.0 0.0011871189599332865
662.0 0.0013134715118212625
663.0 0.0018089214790961705
664.0 0.002304371628270019
665.0 0.0025016468498506583
666.0 0.002698922253330238
667.0 0.0030645176593679935
668.0 0.003430113065405749
669.0 0.004621750849764794
670.0 0.0058133886341238394
671.0 0.0062977836932986975
672.0 0.006782178388675675
673.0 0.00705381462466903
674.0 0.007325450860662386
675.0 0.007182073750300333
676.0 0.00703869663993828
677.0 0.006502737960545346
678.0 0.005966778553556651
679.0 0.005136302570463158
680.0 0.004305825132178143
681.0 0.002719810618145857
682.0 0.0011337950127199292
683.0 0.0006310249773378018
684.0 0.0001282549533243582
685.0 0.00013174427522244514
686.0 0.0001352335402771132
687.0 2.9001384405091812e-06
688.0 2.672510650281179e-10
689.0 3.6794207858292793e-05
690.0 0.00020302163648011629
691.0 0.0001334168587163731
692.0 6.381206958394614e-05
693.0 0.0001605476313670806
694.0 0.00025728315904416377
695.0 0.00024646517431392567
696.0 0.00023564721232105512
697.0 0.00046498289520968683
698.0 0.0006943185326235835
699.0 0.0004189546416455414
700.0 0.00014359067108671297
701.0 2.672510650281179e-10
702.0 2.672510650281179e-10
703.0 2.672510650281179e-10
704.0 0.0002449159637762932
705.0 0.00023916768441267777
706.0 0.00023341935957432725
707.0 2.672510650281179e-10
708.0 2.672510650281179e-10
709.0 0.00015001420479165972
710.0 0.0005767807124357205
711.0 0.00029959642233734485
712.0 2.241211660702902e-05
713.0 3.2007324080041144e-05
714.0 4.16025500271644e-05
715.0 9.050198741533677e-05
716.0 0.00013940136796009028
717.0 0.000306702440866502
718.0 0.0004740033546113409
719.0 0.00028658171231654705
720.0 9.916012686517206e-05
721.0 0.0003115502977379947
722.0 0.0005239403890300309
723.0 0.000373625607608119
724.0 0.00022331073523673695
725.0 0.0002192304918935406
726.0 0.00021515033949981444
727.0 0.0003591884478737484
728.0 0.000503226374348742
729.0 0.0004870053544436814
730.0 0.00047078419811441563
731.0 0.00036320079743745737
732.0 0.00025561726033629384
733.0 0.00014304249589258689
734.0 3.0467904821307457e-05
735.0 0.00042127126107516233
736.0 0.0008120746315398719
737.0 0.0009010910616780166
738.0 0.000990107400866691
739.0 0.000829099280963419
740.0 0.000668091161060147
741.0 0.00025693007046356797
742.0 2.672510650281179e-10
743.0 0.00016043914001784287
744.0 0.0004751092092192266
745.0 0.00033387657367711654
746.0 0.0001926438471855363
747.0 0.00016281890111713437
748.0 0.00013299406873557018
749.0 0.00027110772862215526
750.0 0.0004092213202966377
751.0 9.379780294693774e-05
752.0 2.672510650281179e-10
753.0 4.214938442714811e-06
754.0 0.00023005554794508498
755.0 0.00026231107312923996
756.0 0.00029456646188918967
757.0 0.00033869284834509017
758.0 0.0003828190529020503
759.0 0.00015206341004159185
760.0 2.672510650281179e-10
761.0 0.00022408330551115796
762.0 0.000526858821103815
763.0 0.0005046042588219279
764.0 0.0004823496055905707
765.0 0.000497526070830645
766.0 0.0005127025815454544
767.0 0.0003322493057567044
768.0 0.0001517960640740057
769.0 0.00021461630694830092
770.0 0.0002774366521407501
771.0 0.0002096838443321758
772.0 0.00014193092283676378
773.0 0.00013220129631008604
774.0 0.0001224714651471004
775.0 0.0003839589680865174
776.0 0.0006454464710259344
777.0 0.0003803930212598061
778.0 0.00011533943506947253
779.0 0.0006129671419330407
780.0 0.0011105948033218738
781.0 0.000977703803073382
782.0 0.0008448128028248902
783.0 0.0008293010068882722
784.0 0.0008137893019011244
785.0 0.00037394393075373955
786.0 2.672510650281179e-10
787.0 0.00060695197134919
788.0 0.0012798053830920253
789.0 0.0007003071459621424
790.0 0.00012080876103937044
791.0 0.00033366065963491565
792.0 0.0005465126378112473
793.0 0.000663569153402932
794.0 0.0007806255780451465
795.0 0.0005162939487490803
796.0 0.00025196220576617634
797.0 0.0007065958016028162
798.0 0.0011612293747020885
799.0 0.0008443350452580489
800.0 0.0005274404429655988
801.0 0.0004902907221548958
802.0 0.0004531409558694577
803.0 0.0002035688567048055
804.0 2.672510650281179e-10
805.0 0.0006012706762703601
806.0 0.001248544595000567
807.0 0.0012076980965503026
808.0 0.0011668515981000382
809.0 0.0010259524970024358
810.0 0.0008850534868543036
811.0 0.0009024552127812058
812.0 0.0009198572115565185
813.0 0.0007438279226334998
814.0 0.0005677986337104812
815.0 0.0004995248218619963
816.0 0.0004312510100135114
817.0 0.0005159763986739563
818.0 0.0006007021511322819
819.0 0.0007997197826625779
820.0 0.0009987371413444635
821.0 0.001007685477816267
822.0 0.001016634087136481
823.0 0.0005264968876872445
824.0 3.635984171523887e-05
825.0 6.535314582833962e-05
826.0 9.434640446670528e-05
827.0 0.00022405924937629607
828.0 0.00035377197491470724
829.0 0.000625062602921389
830.0 0.0008963530490291305
831.0 0.0009746860996528994
832.0 0.0010530190593271982
833.0 0.0011216104212508071
834.0 0.0011902016922249459
835.0 0.0006941852007003035
836.0 0.00019816877738776384
837.0 0.0006813733762101037
838.0 0.0011645776794466656
839.0 0.0007586294941575034
840.0 0.00035268114970676834
841.0 0.0003206309884262737
842.0 0.0002885807589336764
843.0 0.0005377461093303282
844.0 0.0007869117325753905
845.0 0.0009299464181822259
846.0 0.0010729811947385315
847.0 0.0006455101811297936
848.0 0.0002180393266826286
849.0 0.00035726538953895215
850.0 0.0004964914296579082
851.0 0.0006266141554078786
852.0 0.0007567369721073192
853.0 0.0006845839834568324
854.0 0.0006124313131294912
855.0 0.0007289922905329149
856.0 0.0008455532224616036
857.0 0.0011569440175662749
858.0 0.001468334721721476
859.0 0.0012271332707314286
860.0 0.0009859317287919112
861.0 0.0009479336767981295
862.0 0.0009099358067032881
863.0 0.0012445190805010498
864.0 0.0015791023542988114
865.0 0.0017315271179541014
866.0 0.0018839520635083318
867.0 0.0020238037905073725
868.0 0.002163655881304294
869.0 0.002468479215167463
870.0 0.002773302730929572
871.0 0.0027518681235960685
872.0 0.0027304342438583262
873.0 0.0028207756258780137
874.0 0.0029111171897966415
875.0 0.002124257298419252
876.0 0.0013373974070418626
