lsstCam/transmission_filter_detector/r14_s22/y_10/19700101T000000.ecsv
# %ECSV 1.0
# ---
# datatype:
# - {name: wavelength, unit: nm, datatype: float32}
# - {name: efficiency, unit: '%', datatype: float64}
# meta: !!omap
# - {MODE: DETECTOR}
# - {TYPE: transmission_filter_detector}
# - {CALIBDATE: '1970-01-01T00:00:00'}
# - {INSTRUME: LSSTCam}
# - {OBSTYPE: transmission_filter_detector}
# - {CALIBCLS: lsst.ip.isr.IntermediateFilterDetectorTransmissionCurve}
# - {SOURCE: Materion (DM-46256)}
# - {DETECTOR: 71}
# - {FILTER: y_10}
# - {CALIB_ID: 'calibDate=1970-01-01T00:00:00 filter=y_10 detector=71'}
# - {DATE: '2025-04-02T15:59:51.070622'}
# - {CALIB_CREATION_DATE: '2025-04-02'}
# - {CALIB_CREATION_TIME: '15:59:51'}
# - __serialized_columns__:
#     efficiency:
#       __class__: astropy.units.quantity.Quantity
#       unit: !astropy.units.Unit {unit: '%'}
#       value: !astropy.table.SerializedColumn {name: efficiency}
#     wavelength:
#       __class__: astropy.units.quantity.Quantity
#       unit: !astropy.units.Unit {unit: nm}
#       value: !astropy.table.SerializedColumn {name: wavelength}
# schema: astropy-2.0
wavelength efficiency
[from data line 578]
878.0 0.0009825159395404626
879.0 0.001870741107268259
880.0 0.06689834408462048
881.0 0.09997844463214278
882.0 0.06642698426730931
883.0 0.09012807859107852
884.0 0.055465922923758626
885.0 0.09476146660745144
886.0 0.06818819092586637
887.0 0.08912426419556141
888.0 0.06297021172940731
889.0 0.10199967073276639
890.0 0.05930358311161399
891.0 0.09879089193418622
892.0 0.07391454419121146
893.0 0.09064921760000288
894.0 0.06214632885530591
895.0 0.08955484954640269
896.0 0.07044396479614079
897.0 0.09934523841366172
898.0 0.07296580588445067
899.0 0.10264747543260455
900.0 0.07975453045219183
901.0 0.11847064597532153
902.0 0.12880846625193954
903.0 0.13001103652641177
904.0 0.14273589476943016
905.0 0.16190848546102643
906.0 0.18775718053802848
907.0 0.225796177983284
908.0 0.27666736859828234
909.0 0.34092050045728683
910.0 0.4505711607635021
911.0 0.6077769212424755
912.0 0.8561301976442337
913.0 1.2599489651620388
914.0 1.7659962177276611
915.0 2.5983691215515137
916.0 3.7257514894008636
917.0 5.09791374206543
918.0 6.810501217842102
919.0 8.62082615494728
920.0 11.23080849647522
921.0 14.036346971988678
922.0 16.79793894290924
923.0 19.92904245853424
924.0 23.258107900619507
925.0 26.9189715385437
926.0 31.55653178691864
927.0 36.85159683227539
928.0 41.91996157169342
929.0 47.66114354133606
930.0 53.25598120689392
931.0 59.235453605651855
932.0 65.39909243583679
933.0 71.39720916748047
934.0 76.53016448020935
935.0 80.76726198196411
936.0 84.68523025512695
937.0 87.77679800987244
938.0 90.3075635433197
939.0 92.08565354347229
940.0 93.23680996894836
941.0 94.02259588241577
942.0 94.63972449302673
943.0 95.07558345794678
944.0 95.54865956306458
945.0 95.86662650108337
946.0 96.19210958480835
947.0 96.46244645118713
948.0 96.76693081855774
949.0 96.7824935913086
950.0 96.94836139678955
951.0 96.95146083831787
952.0 96.97421193122864
953.0 97.06849455833435
954.0 97.04605340957642
955.0 97.0420777797699
956.0 97.15225100517273
957.0 97.3096251487732
958.0 97.48801589012146
959.0 97.61097431182861
960.0 97.7921187877655
961.0 97.92506098747253
962.0 98.09370040893555
963.0 98.20330739021301
964.0 98.30635190010071
965.0 98.42737913131714
966.0 98.52699637413025
967.0 98.69830012321472
968.0 98.66942167282104
969.0 98.70643615722656
970.0 98.75659942626953
971.0 98.80518317222595
972.0 98.81954193115234
973.0 98.88136982917786
974.0 98.8780677318573
975.0 98.87562990188599
976.0 98.90767335891724
977.0 98.89992475509644
978.0 98.94128441810608
979.0 98.94134998321533
980.0 98.93760085105896
981.0 98.87881875038147
982.0 98.8502562046051
983.0 98.92866015434265
984.0 98.85735511779785
985.0 98.87896180152893
986.0 98.75003695487976
987.0 98.81163835525513
988.0 98.70145320892334
989.0 98.65755438804626
990.0 98.59070777893066
991.0 98.57544302940369
992.0 98.61772060394287
993.0 98.55617880821228
994.0 98.46348762512207
995.0 98.4911859035492
996.0 98.44484329223633
997.0 98.53675961494446
998.0 98.5371470451355
999.0 98.60609769821167
1000.0 98.63373041152954
1001.0 98.63210320472717
1002.0 98.74096512794495
1003.0 98.78917336463928
1004.0 98.8705575466156
1005.0 98.82965683937073
1006.0 98.99844527244568
1007.0 99.00004863739014
1008.0 99.01449680328369
1009.0 98.96162152290344
1010.0 99.00586605072021
1011.0 99.05441999435425
1012.0 98.9789366722107
1013.0 98.97230863571167
1014.0 98.96379709243774
1015.0 98.9430844783783
1016.0 98.89160394668579
1017.0 98.89304041862488
1018.0 98.92868399620056
1019.0 98.79228472709656
1020.0 98.87187480926514
1021.0 99.00083541870117
1022.0 98.82673025131226
1023.0 98.87874722480774
1024.0 98.84126782417297
1025.0 98.79064559936523
1026.0 98.83679747581482
1027.0 98.90718460083008
1028.0 98.8759458065033
1029.0 98.97855520248413
1030.0 99.00110960006714
1031.0 98.99485111236572
1032.0 99.00673031806946
1033.0 98.9941418170929
1034.0 98.9763081073761
1035.0 99.00575280189514
1036.0 98.96291494369507
1037.0 98.98505806922913
1038.0 98.97444248199463
1039.0 98.88266324996948
1040.0 98.85389804840088
1041.0 98.88714551925659
1042.0 98.91444444656372
1043.0 98.80654215812683
1044.0 98.83749485015869
1045.0 98.5769271850586
1046.0 98.77784848213196
1047.0 98.70567917823792
1048.0 98.72195720672607
1049.0 98.55577945709229
1050.0 98.56061935424805
1051.0 98.60126972198486
1052.0 98.55176210403442
1053.0 98.40367436408997
1054.0 98.63548874855042
1055.0 98.78132343292236
1056.0 98.61899018287659
1057.0 98.67849349975586
1058.0 98.53824377059937
1059.0 98.54167103767395
1060.0 98.73796105384827
1061.0 98.65145683288574
1062.0 98.61276745796204
1063.0 98.702472448349
1064.0 98.89260530471802
1065.0 98.6552894115448
1066.0 98.80154728889465
1067.0 98.69446754455566
1068.0 98.82582426071167
1069.0 98.59402775764465
1070.0 99.08760190010071
1071.0 98.76362681388855
1072.0 98.89943599700928
1073.0 99.03007745742798
1074.0 98.50804805755615
1075.0 98.57295751571655
1076.0 98.44979047775269
1077.0 98.6936867237091
1078.0 98.83835315704346
1079.0 98.49069714546204
1080.0 99.21008944511414
1081.0 98.59632849693298
1082.0 98.43366146087646
1083.0 98.49973917007446
1084.0 98.75463843345642
1085.0 98.82735013961792
1086.0 98.54817390441895
1087.0 98.59117865562439
1088.0 98.49321246147156
1089.0 98.51741790771484
1090.0 98.53950142860413
1091.0 98.68671298027039
1092.0 98.53381514549255
1093.0 98.36600422859192
1094.0 98.1698751449585
1095.0 98.09528589248657
1096.0 98.46726059913635
1097.0 98.35348129272461
1098.0 97.67444133758545
1099.0 98.33172559738159
1100.0 97.98535704612732
