lsstCam/transmission_filter_detector/r14_s22/y_10/19700101T000000.ecsv
# %ECSV 1.0
# ---
# datatype:
# - {name: wavelength, unit: nm, datatype: float32}
# - {name: efficiency, unit: '%', datatype: float64}
# meta: !!omap
# - {MODE: DETECTOR}
# - {TYPE: transmission_filter_detector}
# - {CALIBDATE: '1970-01-01T00:00:00'}
# - {INSTRUME: LSSTCam}
# - {OBSTYPE: transmission_filter_detector}
# - {CALIBCLS: lsst.ip.isr.IntermediateFilterDetectorTransmissionCurve}
# - {SOURCE: Materion (DM-46256)}
# - {DETECTOR: 71}
# - {FILTER: y_10}
# - {CALIB_ID: 'calibDate=1970-01-01T00:00:00 filter=y_10 detector=71'}
# - {DATE: '2025-04-02T15:59:51.070622'}
# - {CALIB_CREATION_DATE: '2025-04-02'}
# - {CALIB_CREATION_TIME: '15:59:51'}
# - __serialized_columns__:
#     efficiency:
#       __class__: astropy.units.quantity.Quantity
#       unit: !astropy.units.Unit {unit: '%'}
#       value: !astropy.table.SerializedColumn {name: efficiency}
#     wavelength:
#       __class__: astropy.units.quantity.Quantity
#       unit: !astropy.units.Unit {unit: nm}
#       value: !astropy.table.SerializedColumn {name: wavelength}
# schema: astropy-2.0
wavelength efficiency
300.0 0.5255069583654404
301.0 0.28240878600627184
302.0 0.03931060782633722
303.0 0.03364897274877876
304.0 0.027987340581603348
305.0 0.019569415599107742
306.0 0.011151486251037568
307.0 0.017706441576592624
308.0 0.024261395446956158
309.0 0.0158915005158633
310.0 0.007521604129578918
311.0 0.0074202420364599675
312.0 0.0073188777605537325
313.0 0.0075137380918022245
314.0 0.007708596967859194
315.0 0.007241922139655799
316.0 0.006775250221835449
317.0 0.006222962110769004
318.0 0.005670671816915274
319.0 0.0024440354536636733
320.0 1.729146448421759e-10
321.0 0.0018295708287041634
322.0 0.004441743658389896
323.0 0.0034155451430706307
324.0 0.002389346991549246
325.0 0.0011867973626067396
326.0 1.729146448421759e-10
327.0 0.0008899330168787856
328.0 0.001795618300093338
329.0 0.0035321019822731614
330.0 0.005268585300655104
331.0 0.004264132439857349
332.0 0.0032596795790595934
333.0 0.0024519464204786345
334.0 0.001644212898099795
335.0 0.001558471740281675
336.0 0.0014727307643624954
337.0 0.0025189690859406255
338.0 0.0035652068618219346
339.0 0.001956167761818506
340.0 0.0003471286390777095
341.0 1.729146448421759e-10
342.0 1.729146448421759e-10
343.0 0.00038515199776156805
344.0 0.0012297513421799522
345.0 0.0014986337191658095
346.0 0.001767516732797958
347.0 0.0017209400539286435
348.0 0.001674363375059329
349.0 0.0014351730897033121
350.0 0.001195982622448355
351.0 0.0013805800335831009
352.0 0.0015651768990210257
353.0 0.00132967043100507
354.0 0.001094163872039644
355.0 0.0012955384590895846
356.0 0.0014969131370889954
357.0 0.0011347335203026887
358.0 0.0007725536306679714
359.0 0.0008881580470188055
360.0 0.0010037624633696396
361.0 0.0012948331459483597
362.0 0.0015859035556786694
363.0 0.0011829531104012858
364.0 0.0007800022103765514
365.0 0.0012158369827375282
366.0 0.0016516722098458558
367.0 0.002101334393955767
368.0 0.0025509965780656785
369.0 0.002295629747095518
370.0 0.002040263279923238
371.0 0.0019179540686309338
372.0 0.0017956448573386297
373.0 0.0022050589905120432
374.0 0.002614473305584397
375.0 0.0034243857953697443
376.0 0.004234298467054032
377.0 0.004130040179006755
378.0 0.00402578225475736
379.0 0.0035258020943729207
380.0 0.0030258213882916607
381.0 0.0020556908566504717
382.0 0.0010855602340598125
383.0 0.001215019710798515
384.0 0.0013444788237393368
385.0 0.0010357841347286012
386.0 0.0007270893547683954
387.0 0.0007978502253536135
388.0 0.0008686111868883017
389.0 0.0006955495337024331
390.0 0.0005224879714660347
391.0 0.0005194111963646719
392.0 0.0005163344667380443
393.0 0.0006108280103944708
394.0 0.0007053217359498376
395.0 0.0006423889772122493
396.0 0.0005794563548988663
397.0 0.0007952753549034242
398.0 0.0010110942639585119
399.0 0.001208408775710268
400.0 0.001405723287462024
401.0 0.0015812842320883647
402.0 0.0017568452676641755
403.0 0.001832874295359943
404.0 0.0019089033230557106
405.0 0.0018483326130080968
406.0 0.0017877620848594233
407.0 0.0015100810742296744
408.0 0.0012324001545493957
409.0 0.0009807423339225352
410.0 0.0007290841040230589
411.0 0.00033471612823632313
412.0 1.729146448421759e-10
413.0 0.0008520595656591468
414.0 0.0017637705241213553
415.0 0.002193823456764221
416.0 0.002623876389407087
417.0 0.0014309151083580218
418.0 0.00023795362267264863
419.0 1.729146448421759e-10
420.0 1.729146448421759e-10
421.0 1.729146448421759e-10
422.0 0.0007913399713288527
423.0 0.0009638637493480928
424.0 0.0011363871635694522
425.0 0.0001079898879652319
426.0 1.729146448421759e-10
427.0 1.729146448421759e-10
428.0 0.00027580490495893173
429.0 0.00012103404287699959
430.0 1.729146448421759e-10
431.0 0.0006297715572145535
432.0 0.0012932800927956123
433.0 0.0009210978532792069
434.0 0.0005489160685101524
435.0 6.160843213365297e-05
436.0 1.729146448421759e-10
437.0 1.5443276879523182e-05
438.0 0.00045658557610295247
439.0 1.729146448421759e-10
440.0 1.729146448421759e-10
441.0 1.729146448421759e-10
442.0 1.729146448421759e-10
443.0 1.729146448421759e-10
444.0 1.729146448421759e-10
445.0 1.729146448421759e-10
446.0 1.729146448421759e-10
447.0 0.000354829126081313
448.0 0.0009967991900339257
449.0 0.0009564814718032721
450.0 0.0009161636626231484
451.0 0.0002634084921737667
452.0 1.729146448421759e-10
453.0 1.729146448421759e-10
454.0 1.729146448421759e-10
455.0 1.729146448421759e-10
456.0 1.729146448421759e-10
457.0 1.729146448421759e-10
458.0 1.729146448421759e-10
459.0 1.729146448421759e-10
460.0 0.0001140996005233319
461.0 0.00020130680695729097
462.0 0.00028851397928519873
463.0 0.0004636327503249049
464.0 0.0006387514986272436
465.0 0.0005097725988889579
466.0 0.000380793858312245
467.0 0.000902865212992765
468.0 0.0014249363630369771
469.0 0.0014109082258073613
470.0 0.0013968795428809244
471.0 0.0017816748368204571
472.0 0.0021664700398105197
473.0 0.0025397055651410483
474.0 0.0029129409085726365
475.0 0.0027941179723711684
476.0 0.0026752950361697003
477.0 0.0030745748517801985
478.0 0.0034738546673906967
479.0 0.003945189018850215
480.0 0.004416523006511852
481.0 0.004536261621979065
482.0 0.004655999873648398
483.0 0.003870458749588579
484.0 0.003084916897932999
485.0 0.00335076438204851
486.0 0.0036166115023661405
487.0 0.002983466947625857
488.0 0.002350322210986633
489.0 0.0020691222744062543
490.0 0.0017879227016237564
491.0 0.0016787180356914178
492.0 0.0015695130059611984
493.0 0.0012577070265251677
494.0 0.000945901501836488
495.0 0.0012528191291494295
496.0 0.0015597366655129008
497.0 0.0019923098079743795
498.0 0.0024248831323347986
499.0 0.002468290585966315
500.0 0.002511698221496772
501.0 0.0023342232452705503
502.0 0.002156748450943269
503.0 0.0023874794351286255
504.0 0.0026182102374150418
505.0 0.0030976425478002056
506.0 0.00357707504008431
507.0 0.002664120438566897
508.0 0.0017511651094537228
509.0 0.0019372266251593828
510.0 0.0021232879589661025
511.0 0.0020474542907322757
512.0 0.001971620622498449
513.0 0.0019640219761640765
514.0 0.0019564235117286444
515.0 0.0017264253983739763
516.0 0.0014964272850193083
517.0 0.0014894301784806885
518.0 0.001482432708144188
519.0 0.0015518942745984532
520.0 0.0016213554772548378
521.0 0.0016428984963567927
522.0 0.0016644409697619267
523.0 0.0015137994523684029
524.0 0.0013631577530759387
525.0 0.002022741682594642
526.0 0.002682326339709107
527.0 0.0025806124540395103
528.0 0.002478899114066735
529.0 0.0027509651772561483
530.0 0.003023030876647681
531.0 0.0027944059183937497
532.0 0.0025657805963419378
533.0 0.0024821127226459794
534.0 0.0023984443032532
535.0 0.002067083005385939
536.0 0.0017357213437207974
537.0 0.002287741517648101
538.0 0.0028397616915754043
539.0 0.00338357531290967
540.0 0.003927388024749234
541.0 0.004260046262061223
542.0 0.004592703771777451
543.0 0.004609371535480022
544.0 0.004626039299182594
545.0 0.004754824112751521
546.0 0.004883608198724687
547.0 0.004076960249221884
548.0 0.003270311572123319
549.0 0.002927248351625167
550.0 0.0025841849492280744
551.0 0.0024410583137068897
552.0 0.0022979314962867647
553.0 0.0027737349228118546
554.0 0.003249537621741183
555.0 0.0037347577745094895
556.0 0.004219977927277796
557.0 0.0038860140193719417
558.0 0.0035520497476682067
559.0 0.0033993746910709888
560.0 0.0032466989068780094
561.0 0.003404482049518265
562.0 0.003562264464562759
563.0 0.003233476309105754
564.0 0.002904688153648749
565.0 0.003570095941540785
566.0 0.004235503729432821
567.0 0.004670009366236627
568.0 0.005104515003040433
569.0 0.005729371696361341
570.0 0.006354228389682248
571.0 0.006645170651609078
572.0 0.0069361121859401464
573.0 0.006961189501453191
574.0 0.006986265361774713
575.0 0.006646622205153108
576.0 0.0063069790485315025
577.0 0.005500305269379169
578.0 0.004693632217822596
579.0 0.005324338417267427
580.0 0.005955044980510138
581.0 0.00672376190777868
582.0 0.007492478471249342
583.0 0.008786029502516612
584.0 0.010079578350996599
585.0 0.010587389988359064
586.0 0.011095200898125768
587.0 0.010777946590678766
588.0 0.01046069010044448
589.0 0.010452729475218803
590.0 0.010444770305184647
591.0 0.0096081210358534
592.0 0.008771471038926393
593.0 0.007271020149346441
594.0 0.005770572170149535
595.0 0.005520868580788374
596.0 0.005271165355225094
597.0 0.005935283479630016
598.0 0.006599401967832819
599.0 0.00759770700824447
600.0 0.00859601132106036
601.0 0.009236584446625784
602.0 0.009877153934212402
603.0 0.010766795458039269
604.0 0.011656436981866136
605.0 0.011498558887979016
606.0 0.011340680794091895
607.0 0.009704248077468947
608.0 0.008067818271229044
609.0 0.006444632890634239
610.0 0.004821448601433076
611.0 0.004047636684845202
612.0 0.0032738247682573274
613.0 0.003602969809435308
614.0 0.003932114486815408
615.0 0.004814689964405261
616.0 0.005697266897186637
617.0 0.006839921115897596
618.0 0.007982576062204316
619.0 0.00893139440449886
620.0 0.009880212019197643
621.0 0.010704089072532952
622.0 0.011527964670676738
623.0 0.011669226660160348
624.0 0.011810485739260912
625.0 0.010448446846567094
626.0 0.00908640431589447
627.0 0.007141067908378318
628.0 0.005195728954277001
629.0 0.004234426523908041
630.0 0.0032731244573369622
631.0 0.0028728938559652306
632.0 0.0024726630726945587
633.0 0.002547498297644779
634.0 0.00262233370449394
635.0 0.0030838506063446403
636.0 0.00354536714439746
637.0 0.0042900490370811895
638.0 0.005034730565967038
639.0 0.005143145244801417
640.0 0.005251559196040034
641.0 0.00546981391380541
642.0 0.005688068995368667
643.0 0.005380023139878176
644.0 0.005071976920589805
645.0 0.004844518844038248
646.0 0.00461706003989093
647.0 0.003784844739129767
648.0 0.002952629620267544
649.0 0.0021098978322697803
650.0 0.0012671657714236062
651.0 0.001336143304797588
652.0 0.0014051211110199802
653.0 0.0015462930605281144
654.0 0.0016874648281373084
655.0 0.0015678177078370936
656.0 0.0014481705875368789
657.0 0.0016183752450160682
658.0 0.001788580084394198
659.0 0.0018686159819480963
660.0 0.0019486518795019947
661.0 0.0017217747881659307
662.0 0.0014948975149309263
663.0 0.0022061496565584093
664.0 0.002917402161983773
665.0 0.0034024171327473596
666.0 0.0038874317397130653
667.0 0.004695358802564442
668.0 0.0055032840464264154
669.0 0.005601135489996523
670.0 0.0056989836593857035
671.0 0.006320726970443502
672.0 0.006942471372894943
673.0 0.00787440876592882
674.0 0.008806343976175413
675.0 0.008218724542530254
676.0 0.007631106564076617
677.0 0.006152043351903558
678.0 0.0046729797759326175
679.0 0.0030987550417194143
680.0 0.0015245306713040918
681.0 0.0007391457984340377
682.0 1.729146448421759e-10
683.0 0.00027350877189746825
684.0 0.0005932568910793634
685.0 0.0003579110625651083
686.0 0.00012256524541953695
687.0 0.00022517788238474168
688.0 0.00032779057619336527
689.0 0.0002692217321964563
690.0 0.00021065297914901748
691.0 0.00027002568003808847
692.0 0.0003293983581897919
693.0 0.0005029619842389366
694.0 0.0006765255875507137
695.0 0.0005330127351044212
696.0 0.00038949983718339354
697.0 0.00043499339881236665
698.0 0.00048048691496660467
699.0 0.0004526666998572182
700.0 0.00042484625737415627
701.0 0.00034726383546512807
702.0 0.00026968154998030514
703.0 0.00024112191567837726
704.0 0.00021256234958855202
705.0 0.00023249840523931198
706.0 0.0002524343017284991
707.0 7.405766382362344e-05
708.0 1.729146448421759e-10
709.0 5.1000836265302496e-05
710.0 0.00020632064661185723
711.0 0.0003756313390113064
712.0 0.0005449420768854907
713.0 0.00032007744721340714
714.0 9.521282891000737e-05
715.0 0.0003520623522490496
716.0 0.0006089118869567756
717.0 0.00047490671022387687
718.0 0.00034090151075361064
719.0 0.0004717648153018672
720.0 0.0006026279152138159
721.0 0.0004225594238960184
722.0 0.00024249090984085342
723.0 0.00023078671347320778
724.0 0.00021908242615609197
725.0 0.00053798303270014
726.0 0.0008568837984057609
727.0 0.0004926007932226639
728.0 0.00012831800404455862
729.0 0.00042877118175965734
730.0 0.0007292244845302776
731.0 0.0007756408194836695
732.0 0.0008220574272854719
733.0 0.00040958807403512765
734.0 1.729146448421759e-10
735.0 1.729146448421759e-10
736.0 1.729146448421759e-10
737.0 0.0003580593102014973
738.0 0.0008612438250565901
739.0 0.0005059353952674428
740.0 0.00015062656757436343
741.0 4.023393103125272e-05
742.0 1.729146448421759e-10
743.0 1.729146448421759e-10
744.0 1.729146448421759e-10
745.0 0.00020092656995984726
746.0 0.000490890533910715
747.0 0.00037976058138156077
748.0 0.00026863060611503897
749.0 5.9591332046693424e-05
750.0 1.729146448421759e-10
751.0 1.729146448421759e-10
752.0 0.0001294241542382224
753.0 0.0002979802275149268
754.0 0.00046653613026137464
755.0 1.729146448421759e-10
756.0 1.729146448421759e-10
757.0 1.729146448421759e-10
758.0 1.729146448421759e-10
759.0 0.00021623645807267167
760.0 0.0006924276476638624
761.0 0.0003958014985983027
762.0 9.917525858327281e-05
763.0 1.729146448421759e-10
764.0 1.729146448421759e-10
765.0 3.249667201998818e-06
766.0 0.00036481624192674644
767.0 5.224602546149981e-05
768.0 1.729146448421759e-10
769.0 1.729146448421759e-10
770.0 1.729146448421759e-10
771.0 1.729146448421759e-10
772.0 1.729146448421759e-10
773.0 0.000233638024838001
774.0 0.0006095222488511354
775.0 0.00030916826290194876
776.0 8.814139818014155e-06
777.0 0.0002191866769862827
778.0 0.0004295592134440085
779.0 0.0005654022061207797
780.0 0.0007012451078480808
781.0 0.0006933105396456085
782.0 0.000685375835018931
783.0 0.0005209424216445768
784.0 0.0003565089627954876
785.0 0.00023919549221318448
786.0 0.00012188162372694933
787.0 0.0004229640126141021
788.0 0.0007240462764457334
789.0 0.0007348925464611966
790.0 0.0007457388619513949
791.0 0.0005660069291479886
792.0 0.0003862748599203769
793.0 0.0005282158326735953
794.0 0.0006701565325784031
795.0 0.0007997253305802587
796.0 0.000929293946683174
797.0 0.0004831295882468112
798.0 3.696526675867062e-05
799.0 0.0005792236152046826
800.0 0.0011214819096494466
801.0 0.000693984338795417
802.0 0.00026648681341612246
803.0 0.00044395806071406696
804.0 0.0006214292625372764
805.0 0.0006746361577825155
806.0 0.0007278429620782845
807.0 0.0005121753019921016
808.0 0.00029650755095644854
809.0 7.121766429918353e-05
810.0 1.729146448421759e-10
811.0 0.0002077998942695558
812.0 0.0005696718744729878
813.0 0.0007999432455108035
814.0 0.001030214480124414
815.0 0.0010139303412870504
816.0 0.0009976455658033956
817.0 0.0009665375728218351
818.0 0.0009354295798402745
819.0 0.0009006627806229517
820.0 0.000865896072355099
821.0 0.000700566533851088
822.0 0.0005352370862965472
823.0 0.0004344556600699434
824.0 0.0003336744839543826
825.0 0.000469751739728963
826.0 0.000605829063715646
827.0 0.0006837944511062233
828.0 0.0007617598839715356
829.0 0.00035545924674806884
830.0 1.729146448421759e-10
831.0 3.2835782803886104e-05
832.0 0.00011651320619421313
833.0 0.0003990222921856912
834.0 0.0006815312644903315
835.0 8.301318530357094e-05
836.0 1.729146448421759e-10
837.0 1.729146448421759e-10
838.0 1.729146448421759e-10
839.0 0.0004968975645169849
840.0 0.00101062132671359
841.0 0.0012695042642008048
842.0 0.0015283871107385494
843.0 0.001111989695345983
844.0 0.0006955919161555357
845.0 0.0005959255304333055
846.0 0.0004962590082868701
847.0 0.0007878413271100726
848.0 0.0010794237823574804
849.0 0.0009201427928928751
850.0 0.0007608614396303892
851.0 0.0011249467206653208
852.0 0.0014890320017002523
853.0 0.0005644428711093497
854.0 1.729146448421759e-10
855.0 1.729146448421759e-10
856.0 1.729146448421759e-10
857.0 0.00042658225538616534
858.0 0.0013155217857274693
859.0 0.001251044977834681
860.0 0.001186567715194542
861.0 0.0013060483979643323
862.0 0.0014255291716835927
863.0 0.0016367726857424714
864.0 0.0018480161088518798
865.0 0.0019153765606461093
866.0 0.001982737194339279
867.0 0.002696665433177259
868.0 0.003410593490116298
869.0 0.0029999471735209227
870.0 0.002589300311228726
871.0 0.003252433452871628
872.0 0.00391556641261559
873.0 0.002901124935306143
874.0 0.001886683821794577
875.0 0.0027102989406557754
876.0 0.003533914059516974
