lsstCam/transmission_sensor/r23_s21/19700101T000000.ecsv
# %ECSV 1.0
# ---
# datatype:
# - {name: amp_name, datatype: string}
# - {name: wavelength, unit: nm, datatype: float32}
# - {name: efficiency, unit: '%', datatype: float64}
# meta: !!omap
# - {MODE: AMP}
# - {TYPE: transmission_sensor}
# - {CALIBDATE: '1970-01-01T00:00:00'}
# - {INSTRUME: LSSTCAM}
# - {OBSTYPE: transmission_sensor}
# - {DETECTOR: 106}
# - {PARQUETFILE: qe_raft_allvalues_nircorrected_20230725.parquet}
# - {CALIBCLS: lsst.ip.isr.IntermediateSensorTransmissionCurve}
# - {CALIB_ID: 'raftName=R23 detectorName=S21 detector=106 calibDate=1970-01-01T00:00:00 ccd=106 ccdnum=106 filter=None'}
# - {DATE: '2023-08-02T16:57:55.860733'}
# - {CALIB_CREATION_DATE: '2023-08-02'}
# - {CALIB_CREATION_TIME: '16:57:55'}
# - __serialized_columns__:
#     efficiency:
#       __class__: astropy.units.quantity.Quantity
#       unit: !astropy.units.Unit {unit: '%'}
#       value: !astropy.table.SerializedColumn {name: efficiency}
#     wavelength:
#       __class__: astropy.units.quantity.Quantity
#       unit: !astropy.units.Unit {unit: nm}
#       value: !astropy.table.SerializedColumn {name: wavelength}
# schema: astropy-2.0
amp_name wavelength efficiency
C00 319.994 38.094703674316406
C00 324.969 42.91093444824219
C00 349.982 66.61312866210938
C00 374.975 76.06439971923828
C00 400.019 84.03372955322266
C00 424.965 86.50222778320312
C00 450.035 87.81748962402344
C00 475.003 90.50997161865234
C00 500.018 91.86054992675781
C00 525.002 94.390869140625
C00 550.029 95.40303039550781
C00 575.023 97.1947021484375
C00 599.982 97.69439697265625
C00 619.997 98.47549438476562
C00 624.979 99.38260650634766
C00 650.012 99.55361938476562
C00 675.004 98.77787780761719
C00 700.03 98.88849639892578
C00 725.012 98.13885498046875
C00 750.022 98.99942016601562
C00 774.987 98.29320526123047
C00 799.976 97.73419952392578
C00 824.988 97.0246353149414
C00 850.022 93.97306823730469
C00 869.967 90.69945526123047
C00 875.002 89.57569885253906
C00 899.999 82.07623291015625
C00 919.999 73.80216217041016
C00 925.012 70.86893463134766
C00 949.965 57.53044509887695
C00 975.002 42.75497055053711
C00 999.976 25.743608474731445
C00 1025.028 10.910117149353027
C00 1050.014 3.8545820713043213
C00 1075.002 0.9431625914835322
C00 1099.99 0.0935797258613299
C01 319.994 38.54869842529297
C01 324.969 43.42330551147461
C01 349.982 67.380126953125
C01 374.975 76.77885437011719
C01 400.019 84.57122039794922
C01 424.965 86.95829772949219
C01 450.035 88.23213958740234
C01 475.003 90.91252899169922
C01 500.018 92.25450897216797
C01 525.002 94.7822494506836
C01 550.029 95.78617095947266
C01 575.023 97.58036041259766
C01 599.982 98.0752944946289
C01 619.997 98.8533706665039
C01 624.979 99.75885009765625
C01 650.012 99.92561340332031
C01 675.004 99.14494323730469
C01 700.03 99.2473373413086
C01 725.012 98.48509216308594
C01 750.022 99.32876586914062
C01 774.987 98.61349487304688
C01 799.976 98.04456329345703
C01 824.988 97.35648345947266
C01 850.022 94.31330108642578
C01 869.967 91.03475189208984
C01 875.002 89.92276000976562
C01 899.999 82.50631713867188
C01 919.999 74.2121353149414
C01 925.012 71.27263641357422
C01 949.965 57.89215850830078
C01 975.002 43.083675384521484
C01 999.976 25.883567810058594
C01 1025.028 10.940703392028809
C01 1050.014 3.857228994369507
C01 1075.002 0.9463002521834655
C01 1099.99 0.09389104167346762
C02 319.994 38.74625778198242
C02 324.969 43.64783477783203
C02 349.982 67.69669342041016
C02 374.975 76.98947143554688
C02 400.019 84.66022491455078
C02 424.965 86.99917602539062
C02 450.035 88.25379180908203
C02 475.003 90.92757415771484
C02 500.018 92.25997161865234
C02 525.002 94.78425598144531
C02 550.029 95.78363037109375
C02 575.023 97.57183837890625
C02 599.982 98.05972290039062
C02 619.997 98.83409881591797
C02 624.979 99.7420654296875
C02 650.012 99.90046691894531
C02 675.004 99.11669158935547
C02 700.03 99.21367645263672
C02 725.012 98.44319152832031
C02 750.022 99.28438568115234
C02 774.987 98.56103515625
C02 799.976 97.992431640625
C02 824.988 97.31097412109375
C02 850.022 94.3127670288086
C02 869.967 91.0732192993164
C02 875.002 89.96015930175781
C02 899.999 82.43301391601562
C02 919.999 74.33196258544922
C02 925.012 71.44795989990234
C02 949.965 58.085899353027344
C02 975.002 43.17293930053711
C02 999.976 25.863489151000977
C02 1025.028 10.992807388305664
C02 1050.014 3.872688055038452
C02 1075.002 0.9458774443682955
C02 1099.99 0.09384909107047203
C03 319.994 39.03398895263672
C03 324.969 43.97383117675781
C03 349.982 68.17445373535156
C03 374.975 77.41667938232422
C03 400.019 85.03382873535156
C03 424.965 87.34613037109375
C03 450.035 88.59369659423828
C03 475.003 91.26992797851562
C03 500.018 92.60346984863281
C03 525.002 95.13267517089844
C03 550.029 96.1314468383789
C03 575.023 97.9236831665039
C03 599.982 98.40997314453125
C03 619.997 99.18367767333984
C03 624.979 100.09381866455078
C03 650.012 100.24750518798828
C03 675.004 99.45848083496094
C03 700.03 99.55224609375
C03 725.012 98.77961730957031
C03 750.022 99.61515045166016
C03 774.987 98.89328002929688
C03 799.976 98.32442474365234
C03 824.988 97.64641571044922
C03 850.022 94.66011047363281
C03 869.967 91.41165161132812
C03 875.002 90.3008041381836
C03 899.999 82.73509216308594
C03 919.999 74.70201873779297
C03 925.012 71.82059478759766
C03 949.965 58.381813049316406
C03 975.002 43.35871505737305
C03 999.976 25.98015022277832
C03 1025.028 11.067517280578613
C03 1050.014 3.8975062370300293
C03 1075.002 0.9490286242058382
C03 1099.99 0.0941617482390236
C04 319.994 39.17304611206055
C04 324.969 44.134483337402344
C04 349.982 68.39926147460938
C04 374.975 77.50227355957031
C04 400.019 84.91143035888672
C04 424.965 87.13735961914062
C04 450.035 88.34745025634766
C04 475.003 90.98963165283203
C04 500.018 92.30925750732422
C04 525.002 94.8154525756836
C04 550.029 95.8052978515625
C04 575.023 97.58485412597656
C04 599.982 98.06201934814453
C04 619.997 98.83221435546875
C04 624.979 99.73808288574219
C04 650.012 99.88606262207031
C04 675.004 99.09456634521484
C04 700.03 99.18822479248047
C04 725.012 98.41664123535156
C04 750.022 99.25861358642578
C04 774.987 98.53833770751953
C04 799.976 97.97569274902344
C04 824.988 97.29828643798828
C04 850.022 94.3344497680664
C04 869.967 91.08404541015625
C04 875.002 89.97309112548828
C04 899.999 82.43478393554688
C04 919.999 74.49176788330078
C04 925.012 71.6150894165039
C04 949.965 58.1645393371582
C04 975.002 43.191410064697266
C04 999.976 25.87462615966797
C04 1025.028 11.040740013122559
C04 1050.014 3.8875532150268555
C04 1075.002 0.9456319148712836
C04 1099.99 0.09382472985934182
C05 319.994 39.3505973815918
C05 324.969 44.33723831176758
C05 349.982 68.66302490234375
C05 374.975 77.65887451171875
C05 400.019 84.97757720947266
C05 424.965 87.17346954345703
C05 450.035 88.36714935302734
C05 475.003 91.00434112548828
C05 500.018 92.3199691772461
C05 525.002 94.82540893554688
C05 550.029 95.80857849121094
C05 575.023 97.5853042602539
C05 599.982 98.05811309814453
C05 619.997 98.82115173339844
C05 624.979 99.72921752929688
C05 650.012 99.87605285644531
C05 675.004 99.07884216308594
C05 700.03 99.16879272460938
C05 725.012 98.40431213378906
C05 750.022 99.25313568115234
C05 774.987 98.54540252685547
C05 799.976 97.98387908935547
C05 824.988 97.31061553955078
C05 850.022 94.36004638671875
C05 869.967 91.10601806640625
C05 875.002 89.99300384521484
C05 899.999 82.43053436279297
C05 919.999 74.54139709472656
C05 925.012 71.66568756103516
C05 949.965 58.127681732177734
C05 975.002 43.15298843383789
C05 999.976 25.85543441772461
C05 1025.028 11.050312042236328
C05 1050.014 3.8971688747406006
C05 1075.002 0.9455797269859109
C05 1099.99 0.09381955182529916
C06 319.994 39.532222747802734
C06 324.969 44.543155670166016
C06 349.982 68.9116439819336
C06 374.975 77.79728698730469
C06 400.019 85.06231689453125
C06 424.965 87.24772644042969
C06 450.035 88.4395523071289
C06 475.003 91.08234405517578
C06 500.018 92.39735412597656
C06 525.002 94.90199279785156
C06 550.029 95.88414001464844
C06 575.023 97.6552505493164
C06 599.982 98.12266540527344
C06 619.997 98.87965393066406
C06 624.979 99.78560638427734
C06 650.012 99.92588806152344
C06 675.004 99.12773132324219
C06 700.03 99.22084045410156
C06 725.012 98.46392059326172
C06 750.022 99.33160400390625
C06 774.987 98.63874053955078
C06 799.976 98.08143615722656
C06 824.988 97.409423828125
C06 850.022 94.47431945800781
C06 869.967 91.22293853759766
C06 875.002 90.09754180908203
C06 899.999 82.48336029052734
C06 919.999 74.6815414428711
C06 925.012 71.84962463378906
C06 949.965 58.16774368286133
C06 975.002 43.11882019042969
C06 999.976 25.869220733642578
C06 1025.028 11.085618019104004
C06 1050.014 3.9226486682891846
C06 1075.002 0.9463272904245383
C06 1099.99 0.09389372438290736
C07 319.994 39.58359146118164
C07 324.969 44.599884033203125
C07 349.982 68.96813201904297
C07 374.975 77.76197814941406
C07 400.019 84.94696044921875
C07 424.965 87.1044692993164
C07 450.035 88.28968811035156
C07 475.003 90.92509460449219
C07 500.018 92.23804473876953
C07 525.002 94.73697662353516
C07 550.029 95.71382904052734
C07 575.023 97.48149871826172
C07 599.982 97.94564056396484
C07 619.997 98.70133209228516
C07 624.979 99.60198211669922
C07 650.012 99.7426986694336
C07 675.004 98.94193267822266
C07 700.03 99.03494262695312
C07 725.012 98.30121612548828
C07 750.022 99.1957778930664
C07 774.987 98.52794647216797
C07 799.976 97.99028015136719
C07 824.988 97.3206787109375
C07 850.022 94.40640258789062
C07 869.967 91.130859375
C07 875.002 90.01903533935547
C07 899.999 82.49298858642578
C07 919.999 74.56348419189453
C07 925.012 71.6391372680664
C07 949.965 58.13121032714844
C07 975.002 43.31996154785156
C07 999.976 26.052284240722656
C07 1025.028 11.141331672668457
C07 1050.014 3.9543581008911133
C07 1075.002 0.9450332811493293
C07 1099.99 0.093765333971403
C10 319.994 37.16051483154297
C10 324.969 41.85154724121094
C10 349.982 64.73136138916016
C10 374.975 74.00379180908203
C10 400.019 82.76473236083984
C10 424.965 85.67522430419922
C10 450.035 87.24187469482422
C10 475.003 90.07757568359375
C10 500.018 91.53136444091797
C10 525.002 94.11798095703125
C10 550.029 95.16312408447266
C10 575.023 96.97378540039062
C10 599.982 97.48248291015625
C10 619.997 98.26316833496094
C10 624.979 99.16905212402344
C10 650.012 99.3396987915039
C10 675.004 98.57958984375
C10 700.03 98.76309204101562
C10 725.012 98.2490234375
C10 750.022 99.41972351074219
C10 774.987 99.04170989990234
C10 799.976 98.61994171142578
C10 824.988 97.9013900756836
C10 850.022 95.01951599121094
C10 869.967 91.7580337524414
C10 875.002 90.59568786621094
C10 899.999 82.75691986083984
C10 919.999 74.49395751953125
C10 925.012 71.54882049560547
C10 949.965 58.336830139160156
C10 975.002 43.403846740722656
C10 999.976 26.124608993530273
C10 1025.028 11.134602546691895
C10 1050.014 3.95796537399292
C10 1075.002 0.9471667939546343
C10 1099.99 0.09397701915192744
C11 319.994 37.610076904296875
C11 324.969 42.36106872558594
C11 349.982 65.50071716308594
C11 374.975 74.7118911743164
C11 400.019 83.26012420654297
C11 424.965 86.07244110107422
C11 450.035 87.59043884277344
C11 475.003 90.40387725830078
C11 500.018 91.84039306640625
C11 525.002 94.4217300415039
C11 550.029 95.45866394042969
C11 575.023 97.26547241210938
C11 599.982 97.76861572265625
C11 619.997 98.54875946044922
C11 624.979 99.45470428466797
C11 650.012 99.62075805664062
C11 675.004 98.85478210449219
C11 700.03 99.03580474853516
C11 725.012 98.5163803100586
C11 750.022 99.68223571777344
C11 774.987 99.2950439453125
C11 799.976 98.87073516845703
C11 824.988 98.1569595336914
C11 850.022 95.2806396484375
C11 869.967 91.97721099853516
C11 875.002 90.84310150146484
C11 899.999 82.97528076171875
C11 919.999 74.5899429321289
C11 925.012 71.83646392822266
C11 949.965 58.59225082397461
C11 975.002 43.343910217285156
C11 999.976 26.246004104614258
C11 1025.028 11.210777282714844
C11 1050.014 3.9618449211120605
C11 1075.002 0.9496677349563051
C11 1099.99 0.09422516022054593
C12 319.994 37.803184509277344
C12 324.969 42.57985305786133
C12 349.982 65.84005737304688
C12 374.975 74.97498321533203
C12 400.019 83.34452819824219
C12 424.965 86.07942199707031
C12 450.035 87.5563735961914
C12 475.003 90.349609375
C12 500.018 91.77166748046875
C12 525.002 94.34044647216797
C12 550.029 95.36961364746094
C12 575.023 97.17030334472656
C12 599.982 97.66753387451172
C12 619.997 98.44544982910156
C12 624.979 99.3525390625
C12 650.012 99.51487731933594
C12 675.004 98.7443618774414
C12 700.03 98.92488098144531
C12 725.012 98.4017333984375
C12 750.022 99.56543731689453
C12 774.987 99.17453002929688
C12 799.976 98.7463607788086
C12 824.988 98.03462219238281
C12 850.022 95.17203521728516
C12 869.967 91.87891387939453
C12 875.002 90.76435852050781
C12 899.999 82.81522369384766
C12 919.999 74.66437530517578
C12 925.012 71.89045715332031
C12 949.965 58.316402435302734
C12 975.002 43.4578857421875
C12 999.976 26.25240707397461
C12 1025.028 11.180980682373047
C12 1050.014 3.9489634037017822
C12 1075.002 0.9485550023787873
C12 1099.99 0.09411475591645103
C13 319.994 38.16585159301758
C13 324.969 42.99149703979492
C13 349.982 66.44681549072266
C13 374.975 75.5727310180664
C13 400.019 83.89588928222656
C13 424.965 86.60047912597656
C13 450.035 88.06731414794922
C13 475.003 90.86830139160156
C13 500.018 92.29029083251953
C13 525.002 94.86869049072266
C13 550.029 95.90066528320312
C13 575.023 97.70642852783203
C13 599.982 98.20381927490234
C13 619.997 98.9828109741211
C13 624.979 99.8921890258789
C13 650.012 100.05230712890625
C13 675.004 99.27738189697266
C13 700.03 99.45426940917969
C13 725.012 98.9301528930664
C13 750.022 100.0994873046875
C13 774.987 99.70906066894531
C13 799.976 99.27877807617188
C13 824.988 98.55607604980469
C13 850.022 95.68518829345703
C13 869.967 92.41383361816406
C13 875.002 91.23614501953125
C13 899.999 83.30612182617188
C13 919.999 75.18579864501953
C13 925.012 72.24110412597656
C13 949.965 58.79438400268555
C13 975.002 43.652774810791016
C13 999.976 26.290122985839844
C13 1025.028 11.2618408203125
C13 1050.014 3.9794931411743164
C13 1075.002 0.9536428702417199
C13 1099.99 0.09461956949168306
C14 319.994 38.3453369140625
C14 324.969 43.19466018676758
C14 349.982 66.72350311279297
C14 374.975 75.7240982055664
C14 400.019 83.84571838378906
C14 424.965 86.46529388427734
C14 450.035 87.8883056640625
C14 475.003 90.6600112915039
C14 500.018 92.06224822998047
C14 525.002 94.62273406982422
C14 550.029 95.64353942871094
C14 575.023 97.43490600585938
C14 599.982 97.92308044433594
C14 619.997 98.69088745117188
C14 624.979 99.5951156616211
C14 650.012 99.75377655029297
C14 675.004 98.97273254394531
C14 700.03 99.14706420898438
C14 725.012 98.62799835205078
C14 750.022 99.79617309570312
C14 774.987 99.41053771972656
C14 799.976 98.98432159423828
C14 824.988 98.27581024169922
C14 850.022 95.42167663574219
C14 869.967 92.14314270019531
C14 875.002 90.97200012207031
C14 899.999 83.12564849853516
C14 919.999 74.95947265625
C14 925.012 71.96720123291016
C14 949.965 58.55167770385742
C14 975.002 43.60911178588867
C14 999.976 26.223745346069336
C14 1025.028 11.217926025390625
C14 1050.014 3.9703316688537598
C14 1075.002 0.9507532107050939
C14 1099.99 0.09433286012713468
C15 319.994 38.42275619506836
C15 324.969 43.28371047973633
C15 349.982 66.82229614257812
C15 374.975 75.70260620117188
C15 400.019 83.68955993652344
C15 424.965 86.25203704833984
C15 450.035 87.64876556396484
C15 475.003 90.39910125732422
C15 500.018 91.78913879394531
C15 525.002 94.33212280273438
C15 550.029 95.34538269042969
C15 575.023 97.12355041503906
C15 599.982 97.60619354248047
C15 619.997 98.37026977539062
C15 624.979 99.26948547363281
C15 650.012 99.41603088378906
C15 675.004 98.6409683227539
C15 700.03 98.81427764892578
C15 725.012 98.30195617675781
C15 750.022 99.47990417480469
C15 774.987 99.10440826416016
C15 799.976 98.68272399902344
C15 824.988 97.9760971069336
C15 850.022 95.13602447509766
C15 869.967 91.86266326904297
C15 875.002 90.71531677246094
C15 899.999 82.85819244384766
C15 919.999 74.71319580078125
C15 925.012 71.82862091064453
C15 949.965 58.42387008666992
C15 975.002 43.358646392822266
C15 999.976 26.14617347717285
C15 1025.028 11.19802474975586
C15 1050.014 3.9702343940734863
C15 1075.002 0.9477401320236959
C15 1099.99 0.09403390522842488
C16 319.994 38.6370735168457
C16 324.969 43.527156829833984
C16 349.982 67.17992401123047
C16 374.975 76.034423828125
C16 400.019 83.9962158203125
C16 424.965 86.5456771850586
C16 450.035 87.93673706054688
C16 475.003 90.69164276123047
C16 500.018 92.0782470703125
C16 525.002 94.63085174560547
C16 550.029 95.64076232910156
C16 575.023 97.42530059814453
C16 599.982 97.90697479248047
C16 619.997 98.669921875
C16 624.979 99.57048797607422
C16 650.012 99.71835327148438
C16 675.004 98.93582916259766
C16 700.03 99.11177825927734
C16 725.012 98.6106948852539
C16 750.022 99.8103256225586
C16 774.987 99.44754791259766
C16 799.976 99.03504943847656
C16 824.988 98.3326644897461
C16 850.022 95.48953247070312
C16 869.967 92.20780181884766
C16 875.002 91.04570007324219
C16 899.999 83.2492904663086
C16 919.999 74.93557739257812
C16 925.012 71.98737335205078
C16 949.965 58.639347076416016
C16 975.002 43.609317779541016
C16 999.976 26.321565628051758
C16 1025.028 11.237025260925293
C16 1050.014 4.001153469085693
C16 1075.002 0.9508880404393729
C16 1099.99 0.09434623780950431
C17 319.994 38.54330825805664
C17 324.969 43.42327880859375
C17 349.982 67.00713348388672
C17 374.975 75.77430725097656
C17 400.019 83.63134002685547
C17 424.965 86.14173889160156
C17 450.035 87.51099395751953
C17 475.003 90.242431640625
C17 500.018 91.62203979492188
C17 525.002 94.1571273803711
C17 550.029 95.15892791748047
C17 575.023 96.93045806884766
C17 599.982 97.41008758544922
C17 619.997 98.16401672363281
C17 624.979 99.06624603271484
C17 650.012 99.208251953125
C17 675.004 98.43077087402344
C17 700.03 98.60940551757812
C17 725.012 98.12181854248047
C17 750.022 99.33921813964844
C17 774.987 99.00279998779297
C17 799.976 98.60175323486328
C17 824.988 97.90580749511719
C17 850.022 95.0840835571289
C17 869.967 91.84443664550781
C17 875.002 90.66474151611328
C17 899.999 82.9478759765625
C17 919.999 74.55968475341797
C17 925.012 71.62112426757812
C17 949.965 58.447628021240234
C17 975.002 43.31138229370117
C17 999.976 26.25888442993164
C17 1025.028 11.205060005187988
C17 1050.014 4.002751350402832
C17 1075.002 0.9463998222111631
C17 1099.99 0.0939009209201427
