lsstCam/transmission_sensor/r23_s21/19700101T000000.ecsv
# %ECSV 1.0
# ---
# datatype:
# - {name: amp_name, datatype: string}
# - {name: wavelength, unit: nm, datatype: float32}
# - {name: efficiency, unit: '%', datatype: float64}
# meta: !!omap
# - {MODE: AMP}
# - {TYPE: transmission_sensor}
# - {CALIBDATE: '1970-01-01T00:00:00'}
# - {INSTRUME: LSSTCam}
# - {OBSTYPE: transmission_sensor}
# - {DETECTOR: 106}
# - {PARQUETFILE: qe_raft_allvalues_nircorrected_20230725_adjust.parquet}
# - {CORRFILE: qe_corr_factor_bydetnum.parquet}
# - {CALIBCLS: lsst.ip.isr.IntermediateSensorTransmissionCurve}
# - {CALIB_ID: 'raftName=R23 detectorName=S21 detector=106 calibDate=1970-01-01T00:00:00 ccd=106 ccdnum=106 filter=None'}
# - {DATE: '2025-03-03T21:56:47.973585'}
# - {CALIB_CREATION_DATE: '2025-03-03'}
# - {CALIB_CREATION_TIME: '21:56:47'}
# - __serialized_columns__:
#     efficiency:
#       __class__: astropy.units.quantity.Quantity
#       unit: !astropy.units.Unit {unit: '%'}
#       value: !astropy.table.SerializedColumn {name: efficiency}
#     wavelength:
#       __class__: astropy.units.quantity.Quantity
#       unit: !astropy.units.Unit {unit: nm}
#       value: !astropy.table.SerializedColumn {name: wavelength}
# schema: astropy-2.0
amp_name wavelength efficiency
C00 319.994 38.07548867659294
C00 324.969 42.889290140025906
C00 349.982 66.57952894896977
C00 374.975 76.02603277773541
C00 400.019 83.991342875645
C00 424.965 86.45859599322678
C00 450.035 87.77319441496677
C00 475.003 90.46431831961446
C00 500.018 91.81421539498643
C00 525.002 94.34325831390329
C00 550.029 95.35490903387357
C00 575.023 97.1456770661982
C00 599.982 97.64511984396472
C00 619.997 98.4258232699409
C00 624.979 99.33247784347374
C00 650.012 99.5034044628648
C00 675.004 98.72805417036228
C00 700.03 98.83861696556866
C00 725.012 98.08935366681752
C00 750.022 98.94948478262539
C00 774.987 98.24362609317934
C00 799.976 97.6849023187969
C00 824.988 96.97569601454323
C00 850.022 93.92566814967874
C00 869.967 90.65370638649807
C00 875.002 89.5305168014003
C00 899.999 82.0348335953853
C00 919.999 73.76493630326036
C00 925.012 70.83318828641615
C00 949.965 57.50142669828627
C00 975.002 42.73340491063034
C00 999.976 25.7306233788907
C00 1025.028 10.904614077902995
C00 1050.014 3.8526378171539744
C00 1075.002 0.9426868595496878
C00 1099.99 0.0935325241758998
C01 319.994 38.529254432269234
C01 324.969 43.401402762901434
C01 349.982 67.34614036545969
C01 374.975 76.74012705714095
C01 400.019 84.52856260957763
C01 424.965 86.91443589748548
C01 450.035 88.18763522858642
C01 475.003 90.8666726424139
C01 500.018 92.20797572715222
C01 525.002 94.73444121143359
C01 550.029 95.73785634144436
C01 575.023 97.53114080403441
C01 599.982 98.02582524093543
C01 619.997 98.80350895059314
C01 624.979 99.70853165722659
C01 650.012 99.87521084735148
C01 675.004 99.09493445196578
C01 700.03 99.19727690830517
C01 725.012 98.43541620713448
C01 750.022 99.27866436352538
C01 774.987 98.56375415067014
C01 799.976 97.99510954060497
C01 824.988 97.3073767746161
C01 850.022 94.26572938509004
C01 869.967 90.98883389347992
C01 875.002 89.87740290071321
C01 899.999 82.4647008890865
C01 919.999 74.17470265702336
C01 925.012 71.23668644115442
C01 949.965 57.86295765918922
C01 975.002 43.061943945644586
C01 999.976 25.870512118621868
C01 1025.028 10.935184892854535
C01 1050.014 3.855283405109138
C01 1075.002 0.9458229376111598
C01 1099.99 0.09384368296010334
C02 319.994 38.726714139867795
C02 324.969 43.62581877652486
C02 349.982 67.66254715637618
C02 374.975 76.95063788716145
C02 400.019 84.61752223223283
C02 424.965 86.95529357434013
C02 450.035 88.2092765288689
C02 475.003 90.88171021963626
C02 500.018 92.21343561827352
C02 525.002 94.73644673009966
C02 550.029 95.73531703454017
C02 575.023 97.52262306886333
C02 599.982 98.01026150102122
C02 619.997 98.7842468207434
C02 624.979 99.69175545545721
C02 650.012 99.85007704688248
C02 675.004 99.06669705416944
C02 700.03 99.16363299821134
C02 725.012 98.39353670708114
C02 750.022 99.23430656093792
C02 774.987 98.5113208945946
C02 799.976 97.94300418301859
C02 824.988 97.26189039118235
C02 850.022 94.26519559685192
C02 869.967 91.0272818977168
C02 875.002 89.91478332847386
C02 899.999 82.39143464063193
C02 919.999 74.29446948656411
C02 925.012 71.4119214941817
C02 949.965 58.05660078088525
C02 975.002 43.15116283687257
C02 999.976 25.850443587255263
C02 1025.028 10.987262607835744
C02 1050.014 3.870734668216036
C02 1075.002 0.9454003430605757
C02 1099.99 0.09380175351702404
C03 319.994 39.01430017869914
C03 324.969 43.951650742617225
C03 349.982 68.14006648864864
C03 374.975 77.3776303499231
C03 400.019 84.99093760698011
C03 424.965 87.30207291600543
C03 450.035 88.54900986579106
C03 475.003 91.2238913569075
C03 500.018 92.55676058748358
C03 525.002 95.08469017664665
C03 550.029 96.08295806293272
C03 575.023 97.87429038568051
C03 599.982 98.36033507867032
C03 619.997 99.13364935032173
C03 624.979 100.0433312657193
C03 650.012 100.19694026955662
C03 675.004 99.40831390101754
C03 700.03 99.50203186453821
C03 725.012 98.7297927949093
C03 750.022 99.56490449344204
C03 774.987 98.84339818307294
C03 799.976 98.27482982847037
C03 824.988 97.59716278354311
C03 850.022 94.61236384137642
C03 869.967 91.36554350421102
C03 875.002 90.25525634338312
C03 899.999 82.69336051920295
C03 919.999 74.66433898230106
C03 925.012 71.78436842455412
C03 949.965 58.35236521807916
C03 975.002 43.336844888274406
C03 999.976 25.96704581509861
C03 1025.028 11.061934816381783
C03 1050.014 3.8955403318975996
C03 1075.002 0.9485499334405938
C03 1099.99 0.09411425298106021
C04 319.994 39.1532871975852
C04 324.969 44.112221870188826
C04 349.982 68.36476083471052
C04 374.975 77.4631813534006
C04 400.019 84.86860096835015
C04 424.965 87.09340746817956
C04 450.035 88.30288773474196
C04 475.003 90.94373641290537
C04 500.018 92.26269664710539
C04 525.002 94.76762758875189
C04 550.029 95.75697358591518
C04 575.023 97.53563225078084
C04 599.982 98.01255679044512
C04 619.997 98.78236331081747
C04 624.979 99.68777492031012
C04 650.012 99.83568001554585
C04 675.004 99.04458297001892
C04 700.03 99.13819417589197
C04 725.012 98.36699980610051
C04 750.022 99.20854746567568
C04 774.987 98.48863489447467
C04 799.976 97.92627373452677
C04 824.988 97.24920910775396
C04 850.022 94.28686739931945
C04 869.967 91.03810254785805
C04 875.002 89.92770862938254
C04 899.999 82.39320376736397
C04 919.999 74.45419417850098
C04 925.012 71.57896671052703
C04 949.965 58.13520109894785
C04 975.002 43.169624284365135
C04 999.976 25.86157497840655
C04 1025.028 11.035171055399951
C04 1050.014 3.8855923302063506
C04 1075.002 0.9451549374088303
C04 1099.99 0.09377740459370738
C05 319.994 39.33074891012005
C05 324.969 44.31487457478963
C05 349.982 68.62839121996983
C05 374.975 77.61970331590878
C05 400.019 84.93471445441396
C05 424.965 87.12949917862247
C05 450.035 88.32257689518218
C05 475.003 90.95843846609233
C05 500.018 92.27340291405274
C05 525.002 94.77757892661964
C05 550.029 95.76025257080646
C05 575.023 97.5360821580101
C05 599.982 98.00865251076061
C05 619.997 98.77130626874221
C05 624.979 99.6789140355574
C05 650.012 99.8256752988543
C05 675.004 99.02886671917952
C05 700.03 99.11877190957081
C05 725.012 98.35467692334629
C05 750.022 99.20307232346187
C05 774.987 98.49569615031032
C05 799.976 97.93445594566246
C05 824.988 97.26153199050819
C05 850.022 94.31245110701772
C05 869.967 91.0600641210834
C05 875.002 89.947611305118
C05 899.999 82.38895633809783
C05 919.999 74.5037983569145
C05 925.012 71.6295393333154
C05 949.965 58.098362084971576
C05 975.002 43.131222033405805
C05 999.976 25.842392916792534
C05 1025.028 11.0447382563749
C05 1050.014 3.8952031397739684
C05 1075.002 0.9451027758470669
C05 1099.99 0.09377222917146907
C06 319.994 39.5122826643571
C06 324.969 44.520688068314705
C06 349.982 68.87688489590543
C06 374.975 77.75804597613597
C06 400.019 85.01941139671048
C06 424.965 87.2037186203594
C06 450.035 88.39494332917822
C06 475.003 91.03640205104233
C06 500.018 92.35074882975577
C06 525.002 94.8541241599655
C06 550.029 95.83577598095364
C06 575.023 97.6059931661108
C06 599.982 98.07317225765634
C06 619.997 98.8297789574547
C06 624.979 99.7352744479562
C06 650.012 99.87548536701681
C06 675.004 99.07773121960594
C06 700.03 99.17079338614836
C06 725.012 98.4142553162663
C06 750.022 99.28150106673365
C06 774.987 98.58898708324051
C06 799.976 98.03196380567377
C06 824.988 97.36029044010594
C06 850.022 94.42666653888206
C06 869.967 91.17692561749953
C06 875.002 90.05209653995611
C06 899.999 82.44175562039376
C06 919.999 74.64387201614244
C06 925.012 71.81338362806886
C06 949.965 58.138403828376546
C06 975.002 43.09707102448576
C06 999.976 25.856172278882187
C06 1025.028 11.080026424880792
C06 1050.014 3.9206700812951625
C06 1075.002 0.9458499622141231
C06 1099.99 0.09384636431638237
C07 319.994 39.56362546731762
C07 324.969 44.57738781752203
C07 349.982 68.9333444404056
C07 374.975 77.72275494805024
C07 400.019 84.90411313727739
C07 424.965 87.06053373825786
C07 450.035 88.24515472401656
C07 475.003 90.87923191710216
C07 500.018 92.19151979832571
C07 525.002 94.68919121993386
C07 550.029 95.6655509118184
C07 575.023 97.43232897561285
C07 599.982 97.89623670781334
C07 619.997 98.65154706474772
C07 624.979 99.55174280059934
C07 650.012 99.6923883757967
C07 675.004 98.89202629156532
C07 700.03 98.98498932600637
C07 725.012 98.25163291675109
C07 750.022 99.14574346668819
C07 774.987 98.47824890047018
C07 799.976 97.9408537789736
C07 824.988 97.27159008602355
C07 850.022 94.3587839260862
C07 869.967 91.08489289970206
C07 875.002 89.97362966895304
C07 899.999 82.45137905977238
C07 919.999 74.52587431333373
C07 925.012 71.60300243233476
C07 949.965 58.10188890011627
C07 975.002 43.29811092605282
C07 999.976 26.039143448589023
C07 1025.028 11.135711976435696
C07 1050.014 3.9523635196349893
C07 1075.002 0.944556605638184
C07 1099.99 0.09371803866509996
C10 319.994 37.14177103938762
C10 324.969 41.83043728871364
C10 349.982 64.69871084087494
C10 374.975 73.96646423978798
C10 400.019 82.7229857664184
C10 424.965 85.63200965541138
C10 450.035 87.19786982637889
C10 475.003 90.03214048539684
C10 500.018 91.48519595055788
C10 525.002 94.07050777531845
C10 550.029 95.11512373176552
C10 575.023 96.92487174872832
C10 599.982 97.43331267108023
C10 619.997 98.21360431755845
C10 624.979 99.1190311781436
C10 650.012 99.28959177131424
C10 675.004 98.52986622309601
C10 700.03 98.71327586171273
C10 725.012 98.19946655479463
C10 750.022 99.36957612602282
C10 774.987 98.99175318553793
C10 799.976 98.57019773725882
C10 824.988 97.8520085395123
C10 850.022 94.97158807453609
C10 869.967 91.71175092990691
C10 875.002 90.5499913318321
C10 899.999 82.7151772070494
C10 919.999 74.45638271027727
C10 925.012 71.51273121572306
C10 949.965 58.30740499733726
C10 975.002 43.38195380716836
C10 999.976 26.111431720735904
C10 1025.028 11.128986244635433
C10 1050.014 3.9559689732254792
C10 1075.002 0.9466890422979952
C10 1099.99 0.09392961707145714
C11 319.994 37.591106352687554
C11 324.969 42.3397017700615
C11 349.982 65.46767855115883
C11 374.975 74.67420643915995
C11 400.019 83.21812773609496
C11 424.965 86.02902609582966
C11 450.035 87.5462581583048
C11 475.003 90.35827747333956
C11 500.018 91.79406870177068
C11 525.002 94.37410364852015
C11 550.029 95.41051451719275
C11 575.023 97.21641163329485
C11 599.982 97.71930115797035
C11 619.997 98.49905139066419
C11 624.979 99.40453925561943
C11 650.012 99.57050926994226
C11 675.004 98.80491967665101
C11 700.03 98.98585101273362
C11 725.012 98.46668857234184
C11 750.022 99.63195592169569
C11 774.987 99.24495944906147
C11 799.976 98.82086469387818
C11 824.988 98.10744908808965
C11 850.022 95.23258002078985
C11 869.967 91.93081762282978
C11 875.002 90.79728017145881
C11 899.999 82.93342796652257
C11 919.999 74.55231970775925
C11 925.012 71.80022956077244
C11 949.965 58.562696847762574
C11 975.002 43.3220475157592
C11 999.976 26.232765600032838
C11 1025.028 11.205122558063163
C11 1050.014 3.9598465634980804
C11 1075.002 0.9491887218231084
C11 1099.99 0.09417763297753048
C12 319.994 37.784116554044104
C12 324.969 42.55837574735205
C12 349.982 65.80684759765784
C12 374.975 74.9371657763485
C12 400.019 83.3024891543561
C12 424.965 86.03600347065647
C12 450.035 87.51221009425925
C12 475.003 90.3040369628007
C12 500.018 91.72537778107139
C12 525.002 94.29286107867885
C12 550.029 95.32150914126001
C12 575.023 97.12129056926256
C12 599.982 97.61827029558748
C12 619.997 98.39579386877375
C12 624.979 99.3024255656678
C12 650.012 99.4646819389626
C12 675.004 98.69455514564737
C12 700.03 98.87498319567689
C12 725.012 98.3520994887108
C12 750.022 99.51521643401968
C12 774.987 99.12450632035743
C12 799.976 98.69655303876718
C12 824.988 97.98517345382976
C12 850.022 95.1240303697958
C12 869.967 91.83257008483137
C12 875.002 90.71857690852171
C12 899.999 82.77345163155915
C12 919.999 74.62671453706012
C12 925.012 71.85419555164597
C12 949.965 58.28698759722931
C12 975.002 43.435965551319455
C12 999.976 26.23916533973054
C12 1025.028 11.17534098714941
C12 1050.014 3.9469715435350543
C12 1075.002 0.9480765505087554
C12 1099.99 0.09406728436145116
C13 319.994 38.1466007082294
C13 324.969 42.96981209574573
C13 349.982 66.41329966607414
C13 374.975 75.53461207463315
C13 400.019 83.85357213138722
C13 424.965 86.55679777794764
C13 450.035 88.02289292721125
C13 475.003 90.82246735075162
C13 500.018 92.243739539106
C13 525.002 94.82083865054582
C13 550.029 95.85229291415021
C13 575.023 97.65714533041485
C13 599.982 98.15428519321122
C13 619.997 98.93288396841997
C13 624.979 99.84180332919168
C13 650.012 100.00184066852516
C13 675.004 99.22730630947234
C13 700.03 99.40410459948268
C13 725.012 98.88025244814172
C13 750.022 100.04899704658959
C13 774.987 99.65876734234163
C13 799.976 99.2287017844377
C13 824.988 98.50636428952639
C13 850.022 95.63692461116285
C13 869.967 92.36722000967478
C13 875.002 91.19012543807352
C13 899.999 83.26410215448928
C13 919.999 75.14787487057173
C13 925.012 72.20466565770053
C13 949.965 58.76472807034328
C13 975.002 43.63075631772743
C13 999.976 26.276862227660928
C13 1025.028 11.256160339173327
C13 1050.014 3.977485881784614
C13 1075.002 0.9531618520472394
C13 1099.99 0.09457184330832903
C14 319.994 38.32599549674086
C14 324.969 43.17287276707138
C14 349.982 66.68984772669586
C14 374.975 75.68590291240778
C14 400.019 83.80342653918933
C14 424.965 86.42168072378792
C14 450.035 87.84397473534096
C14 475.003 90.61428231234007
C14 500.018 92.01581196143039
C14 525.002 94.57500629025455
C14 550.029 95.59529675413606
C14 575.023 97.38575976461034
C14 599.982 97.87368796752607
C14 619.997 98.64110769191942
C14 624.979 99.54487980896643
C14 650.012 99.70346066896448
C14 675.004 98.9228106218121
C14 700.03 99.09705435382574
C14 725.012 98.57825031410812
C14 750.022 99.74583582952464
C14 774.987 99.36039496832721
C14 799.976 98.93439382657922
C14 824.988 98.22623984770928
C14 850.022 95.37354586893008
C14 869.967 92.09666562841248
C14 875.002 90.92611377550128
C14 899.999 83.08371985773731
C14 919.999 74.92166304080435
C14 925.012 71.93090092146328
C14 949.965 58.52214419275826
C14 975.002 43.5871153164883
C14 999.976 26.210518068822783
C14 1025.028 11.212267694907661
C14 1050.014 3.9683290305177157
C14 1075.002 0.9502736500570977
C14 1099.99 0.09428527856020383
C15 319.994 38.40337572740206
C15 324.969 43.261878143004125
C15 349.982 66.78859092520109
C15 374.975 75.66442174859674
C15 400.019 83.64734685836417
C15 424.965 86.20853145476187
C15 450.035 87.60455545945335
C15 475.003 90.35350388138154
C15 500.018 91.74284028200404
C15 525.002 94.28454160771051
C15 550.029 95.29729040634206
C15 575.023 97.07456122178861
C15 599.982 97.5569609036667
C15 619.997 98.3206517359395
C15 624.979 99.21941386909448
C15 650.012 99.36588536163356
C15 675.004 98.59121374274808
C15 700.03 98.76443565156303
C15 725.012 98.25237259473819
C15 750.022 99.42972643491225
C15 774.987 99.05441992469277
C15 799.976 98.6329483574225
C15 824.988 97.92667788847848
C15 850.022 95.08803779145425
C15 869.967 91.81632767130012
C15 875.002 90.66955989717012
C15 899.999 82.81639870808873
C15 919.999 74.6755104075702
C15 925.012 71.79239049921839
C15 949.965 58.394401041830804
C15 975.002 43.33677625835808
C15 999.976 26.132985327236412
C15 1025.028 11.192376457491575
C15 1050.014 3.968231804802916
C15 1075.002 0.9472620911748955
C15 1099.99 0.093986474454574
C16 319.994 38.617584947358075
C16 324.969 43.50520169857625
C16 349.982 67.14603840608245
C16 374.975 75.99607200648457
C16 400.019 83.95384806469048
C16 424.965 86.50202347917066
C16 450.035 87.89238170299184
C16 475.003 90.64589782712906
C16 500.018 92.0318027319351
C16 525.002 94.58311987147391
C16 550.029 95.59252105529785
C16 575.023 97.37615920187051
C16 599.982 97.85759043937374
C16 619.997 98.62015269080024
C16 624.979 99.52026454564302
C16 650.012 99.66805525768486
C16 675.004 98.88592585455828
C16 700.03 99.06178620237877
C16 725.012 98.56095557519315
C16 750.022 99.75998121783472
C16 774.987 99.39738649322867
C16 799.976 98.985096083654
C16 824.988 98.28306541842987
C16 850.022 95.44136747735587
C16 869.967 92.16129213295582
C16 875.002 90.9997765523613
C16 899.999 83.20729946040746
C16 919.999 74.89777982992177
C16 925.012 71.95106286577155
C16 949.965 58.60976934481816
C16 975.002 43.58732120623729
C16 999.976 26.30828901018002
C16 1025.028 11.23135729677329
C16 1050.014 3.999135284209995
C16 1075.002 0.9504084117831555
C16 1099.99 0.0942986494948602
C17 319.994 38.523866983837394
C17 324.969 43.40137607348952
C17 349.982 66.9733350344131
C17 374.975 75.73608663233696
C17 400.019 83.58915631486325
C17 424.965 86.09828893249836
C17 450.035 87.46685334511189
C17 475.003 90.19691328895703
C17 500.018 91.57582556784375
C17 525.002 94.10963445317236
C17 550.029 95.11092968132319
C17 575.023 96.88156627152458
C17 599.982 97.36095386263045
C17 619.997 98.11450271837904
C17 624.979 99.01627694230625
C17 650.012 99.15821123482134
C17 675.004 98.38112231777181
C17 700.03 98.55966685787541
C17 725.012 98.07232582202161
C17 750.022 99.28911136189993
C17 774.987 98.95286289961804
C17 799.976 98.55201843497784
C17 824.988 97.85642373079614
C17 850.022 95.03612307252433
C17 869.967 91.79811024128784
C17 875.002 90.61901015102052
C17 899.999 82.90603700436095
C17 919.999 74.52207679129684
C17 925.012 71.58499851761773
C17 949.965 58.418146992880715
C17 975.002 43.2895359992848
C17 999.976 26.245639428504262
C17 1025.028 11.199408164335473
C17 1050.014 4.000732359554573
C17 1075.002 0.9459224574156592
C17 1099.99 0.09385355722367882
