lsstcam/transmission_sensor/r20_s01/19700101T000000.ecsv
# %ECSV 0.9
# ---
# datatype:
# - {name: amp_name, datatype: string}
# - {name: wavelength, unit: nm, datatype: float32}
# - {name: efficiency, unit: '%', datatype: float32}
# meta: !!omap
# - {MODE: AMP}
# - {TYPE: transmission_sensor}
# - {CALIBDATE: '1970-01-01T00:00:00'}
# - {INSTRUME: LSSTCAM}
# - {OBSTYPE: transmission_sensor}
# - {DETECTOR: 73}
# - {CALIBCLS: lsst.ip.isr.IntermediateSensorTransmissionCurve}
# - {PICKLEFILE: RaftRun10928.p}
# - {CALIB_ID: 'raftName=R20 detectorName=S01 detector=73 calibDate=1970-01-01T00:00:00 ccd=73 ccdnum=73 filter=None'}
# - {DATE: '2020-07-23T19:15:46.458882'}
# - {CALIB_CREATION_DATE: '2020-07-23'}
# - {CALIB_CREATION_TIME: '19:15:46'}
# - __serialized_columns__:
#     efficiency:
#       __class__: astropy.units.quantity.Quantity
#       unit: !astropy.units.Unit {unit: '%'}
#       value: !astropy.table.SerializedColumn {name: efficiency}
#     wavelength:
#       __class__: astropy.units.quantity.Quantity
#       unit: !astropy.units.Unit {unit: nm}
#       value: !astropy.table.SerializedColumn {name: wavelength}
# schema: astropy-2.0
amp_name wavelength efficiency
C11 319.994 45.321335
C11 324.969 46.039886
C11 349.982 51.702244
C11 374.975 66.43137
C11 400.019 81.03588
C11 424.965 84.67778
C11 450.035 84.67901
C11 475.003 84.4397
C11 500.018 84.27056
C11 525.002 84.403824
C11 550.029 85.45147
C11 575.023 87.03037
C11 599.982 88.847435
C11 619.997 90.0172
C11 624.979 90.46714
C11 650.012 91.89691
C11 675.004 93.60957
C11 700.03 94.69799
C11 725.012 95.76722
C11 750.022 97.19309
C11 774.987 98.33173
C11 799.976 98.94758
C11 824.988 98.585625
C11 850.022 97.64486
C11 869.967 95.23572
C11 875.002 94.145584
C11 899.999 88.14623
C11 919.999 80.18024
C11 925.012 77.38451
C11 949.965 63.557617
C11 975.002 48.787193
C11 999.976 31.861954
C11 1025.028 15.72692
C11 1050.014 6.4204545
C11 1075.002 3.4542525
C11 1099.99 2.2974925
C05 319.994 44.843185
C05 324.969 45.34679
C05 349.982 50.180958
C05 374.975 64.74967
C05 400.019 80.13706
C05 424.965 84.47445
C05 450.035 84.78328
C05 475.003 84.59268
C05 500.018 84.33798
C05 525.002 84.33502
C05 550.029 85.23795
C05 575.023 86.66868
C05 599.982 88.35789
C05 619.997 89.4495
C05 624.979 89.882675
C05 650.012 91.25919
C05 675.004 92.96202
C05 700.03 94.16704
C05 725.012 95.56171
C05 750.022 97.43373
C05 774.987 99.00808
C05 799.976 99.86949
C05 824.988 99.5442
C05 850.022 98.74975
C05 869.967 96.26905
C05 875.002 95.134674
C05 899.999 88.86323
C05 919.999 80.840614
C05 925.012 78.09925
C05 949.965 65.06381
C05 975.002 50.012856
C05 999.976 32.67344
C05 1025.028 16.083567
C05 1050.014 6.386353
C05 1075.002 3.5141814
C05 1099.99 2.350022
C01 319.994 45.013428
C01 324.969 45.70621
C01 349.982 51.27158
C01 374.975 66.00177
C01 400.019 80.72705
C01 424.965 84.50762
C01 450.035 84.591255
C01 475.003 84.40109
C01 500.018 84.22785
C01 525.002 84.29537
C01 550.029 85.26065
C01 575.023 86.75655
C01 599.982 88.50712
C01 619.997 89.63852
C01 624.979 90.081375
C01 650.012 91.48276
C01 675.004 93.185844
C01 700.03 94.3653
C01 725.012 95.716255
C01 750.022 97.51327
C01 774.987 99.01219
C01 799.976 99.79168
C01 824.988 99.37989
C01 850.022 98.49845
C01 869.967 96.0628
C01 875.002 94.943985
C01 899.999 88.62784
C01 919.999 80.278725
C01 925.012 77.46337
C01 949.965 64.27614
C01 975.002 49.52741
C01 999.976 32.260647
C01 1025.028 15.701816
C01 1050.014 6.2516713
C01 1075.002 3.4214816
C01 1099.99 2.3194609
C13 319.994 45.273754
C13 324.969 45.888107
C13 349.982 51.143894
C13 374.975 65.84482
C13 400.019 80.88571
C13 424.965 84.874176
C13 450.035 85.03008
C13 475.003 84.81588
C13 500.018 84.60189
C13 525.002 84.68398
C13 550.029 85.666504
C13 575.023 87.18098
C13 599.982 88.93824
C13 619.997 90.0758
C13 624.979 90.51931
C13 650.012 91.92831
C13 675.004 93.63077
C13 700.03 94.733536
C13 725.012 95.81713
C13 750.022 97.26339
C13 774.987 98.42213
C13 799.976 99.07175
C13 824.988 98.750114
C13 850.022 97.83611
C13 869.967 95.34913
C13 875.002 94.23234
C13 899.999 88.14382
C13 919.999 80.27962
C13 925.012 77.54928
C13 949.965 63.902126
C13 975.002 48.959114
C13 999.976 31.9243
C13 1025.028 15.788932
C13 1050.014 6.536333
C13 1075.002 3.5028403
C13 1099.99 2.322528
C00 319.994 45.11419
C00 324.969 45.873215
C00 349.982 51.682373
C00 374.975 66.459885
C00 400.019 81.00013
C00 424.965 84.60932
C00 450.035 84.61764
C00 475.003 84.42363
C00 500.018 84.28372
C00 525.002 84.3902
C00 550.029 85.40082
C00 575.023 86.92713
C00 599.982 88.70855
C00 619.997 89.85399
C00 624.979 90.300354
C00 650.012 91.707664
C00 675.004 93.416985
C00 700.03 94.59351
C00 725.012 95.93753
C00 750.022 97.72833
C00 774.987 99.216034
C00 799.976 99.9797
C00 824.988 99.53287
C00 850.022 98.62538
C00 869.967 96.19366
C00 875.002 95.064644
C00 899.999 88.69499
C00 919.999 80.24513
C00 925.012 77.40171
C00 949.965 64.128265
C00 975.002 49.486546
C00 999.976 32.15734
C00 1025.028 15.650156
C00 1050.014 6.191877
C00 1075.002 3.3780627
C00 1099.99 2.299662
C14 319.994 45.164845
C14 324.969 45.72076
C14 349.982 50.748985
C14 374.975 65.37175
C14 400.019 80.57222
C14 424.965 84.720146
C14 450.035 84.94948
C14 475.003 84.74709
C14 500.018 84.51216
C14 525.002 84.54687
C14 550.029 85.48028
C14 575.023 86.95618
C14 599.982 88.69079
C14 619.997 89.81309
C14 624.979 90.25653
C14 650.012 91.655846
C14 675.004 93.35934
C14 700.03 94.46638
C14 725.012 95.562386
C14 750.022 97.02897
C14 774.987 98.201454
C14 799.976 98.869804
C14 824.988 98.55858
C14 850.022 97.65465
C14 869.967 95.20019
C14 875.002 94.09033
C14 899.999 88.00922
C14 919.999 80.07581
C14 925.012 77.3297
C14 949.965 63.68354
C14 975.002 48.855156
C14 999.976 31.849222
C14 1025.028 15.741638
C14 1050.014 6.5277743
C14 1075.002 3.501041
C14 1099.99 2.3158283
C17 319.994 45.010574
C17 324.969 45.465225
C17 349.982 50.089417
C17 374.975 64.59155
C17 400.019 80.14043
C17 424.965 84.57359
C17 450.035 84.88113
C17 475.003 84.60667
C17 500.018 84.27787
C17 525.002 84.23826
C17 550.029 85.12712
C17 575.023 86.61224
C17 599.982 88.36486
C17 619.997 89.505424
C17 624.979 89.948524
C17 650.012 91.366646
C17 675.004 93.08049
C17 700.03 94.22145
C17 725.012 95.381516
C17 750.022 96.93523
C17 774.987 98.203285
C17 799.976 98.932365
C17 824.988 98.64089
C17 850.022 97.81052
C17 869.967 95.36757
C17 875.002 94.240524
C17 899.999 88.08064
C17 919.999 80.08851
C17 925.012 77.326996
C17 949.965 63.897564
C17 975.002 49.046715
C17 999.976 31.962343
C17 1025.028 15.764558
C17 1050.014 6.378874
C17 1075.002 3.4552865
C17 1099.99 2.2862942
C02 319.994 44.82966
C02 324.969 45.470222
C02 349.982 50.838978
C02 374.975 65.50801
C02 400.019 80.37425
C02 424.965 84.27594
C02 450.035 84.402466
C02 475.003 84.18761
C02 500.018 83.97653
C02 525.002 84.0452
C02 550.029 85.01175
C02 575.023 86.508545
C02 599.982 88.25541
C02 619.997 89.3834
C02 624.979 89.82349
C02 650.012 91.217186
C02 675.004 92.91659
C02 700.03 94.10374
C02 725.012 95.45855
C02 750.022 97.263054
C02 774.987 98.77313
C02 799.976 99.57085
C02 824.988 99.18506
C02 850.022 98.3225
C02 869.967 95.84285
C02 875.002 94.71141
C02 899.999 88.43193
C02 919.999 80.25731
C02 925.012 77.49092
C02 949.965 64.41702
C02 975.002 49.55275
C02 999.976 32.307045
C02 1025.028 15.768967
C02 1050.014 6.278952
C02 1075.002 3.4430344
C02 1099.99 2.3277578
C10 319.994 45.41844
C10 324.969 46.183994
C10 349.982 51.98837
C10 374.975 66.69984
C10 400.019 81.13789
C10 424.965 84.66807
C10 450.035 84.64614
C10 475.003 84.4591
C10 500.018 84.348885
C10 525.002 84.48842
C10 550.029 85.53441
C10 575.023 87.110306
C10 599.982 88.92203
C10 619.997 90.0858
C10 624.979 90.531906
C10 650.012 91.959175
C10 675.004 93.667816
C10 700.03 94.752785
C10 725.012 95.824974
C10 750.022 97.25518
C10 774.987 98.39374
C10 799.976 99.00332
C10 824.988 98.626076
C10 850.022 97.686226
C10 869.967 95.29581
C10 875.002 94.2065
C10 899.999 88.197136
C10 919.999 80.09853
C10 925.012 77.25235
C10 949.965 63.449886
C10 975.002 48.747204
C10 999.976 31.745626
C10 1025.028 15.744128
C10 1050.014 6.2921014
C10 1075.002 3.408851
C10 1099.99 2.2720232
C04 319.994 44.93832
C04 324.969 45.486996
C04 349.982 50.49424
C04 374.975 65.12754
C04 400.019 80.37812
C04 424.965 84.586334
C04 450.035 84.84647
C04 475.003 84.65709
C04 500.018 84.41907
C04 525.002 84.44038
C04 550.029 85.369225
C04 575.023 86.81444
C04 599.982 88.51398
C04 619.997 89.61238
C04 624.979 90.04538
C04 650.012 91.42518
C04 675.004 93.12229
C04 700.03 94.32124
C04 725.012 95.697914
C04 750.022 97.54485
C04 774.987 99.09359
C04 799.976 99.93773
C04 824.988 99.597
C04 850.022 98.793655
C04 869.967 96.299515
C04 875.002 95.16135
C04 899.999 88.87338
C04 919.999 80.80031
C04 925.012 78.05844
C04 949.965 65.03282
C04 975.002 49.99458
C04 999.976 32.64742
C04 1025.028 16.018536
C04 1050.014 6.383245
C04 1075.002 3.5089402
C04 1099.99 2.3539088
C12 319.994 45.276657
C12 324.969 45.94269
C12 349.982 51.403877
C12 374.975 66.12181
C12 400.019 80.94024
C12 424.965 84.75161
C12 450.035 84.839096
C12 475.003 84.6239
C12 500.018 84.441956
C12 525.002 84.55579
C12 550.029 85.57754
C12 575.023 87.11871
C12 599.982 88.89375
C12 619.997 90.03561
C12 624.979 90.480965
C12 650.012 91.89141
C12 675.004 93.59454
C12 700.03 94.68413
C12 725.012 95.75418
C12 750.022 97.187614
C12 774.987 98.3311
C12 799.976 98.964294
C12 824.988 98.63162
C12 850.022 97.7122
C12 869.967 95.23261
C12 875.002 94.12472
C12 899.999 88.10455
C12 919.999 80.26894
C12 925.012 77.527504
C12 949.965 63.823555
C12 975.002 48.919823
C12 999.976 31.94247
C12 1025.028 15.788825
C12 1050.014 6.5058646
C12 1075.002 3.4931135
C12 1099.99 2.3176725
C06 319.994 44.631058
C06 324.969 45.09359
C06 349.982 49.760143
C06 374.975 64.23736
C06 400.019 79.71408
C06 424.965 84.147736
C06 450.035 84.480385
C06 475.003 84.25888
C06 500.018 83.98164
C06 525.002 83.95688
C06 550.029 84.848045
C06 575.023 86.2809
C06 599.982 87.98091
C06 619.997 89.08197
C06 624.979 89.51969
C06 650.012 90.90135
C06 675.004 92.60993
C06 700.03 93.82727
C06 725.012 95.24142
C06 750.022 97.13705
C06 774.987 98.738045
C06 799.976 99.6136
C06 824.988 99.29585
C06 850.022 98.5054
C06 869.967 96.02443
C06 875.002 94.881996
C06 899.999 88.6006
C06 919.999 80.60026
C06 925.012 77.86656
C06 949.965 64.877495
C06 975.002 49.85347
C06 999.976 32.55313
C06 1025.028 16.027803
C06 1050.014 6.3636203
C06 1075.002 3.4915438
C06 1099.99 2.3341725
C03 319.994 44.903316
C03 324.969 45.49896
C03 349.982 50.69215
C03 374.975 65.35625
C03 400.019 80.42831
C03 424.965 84.48737
C03 450.035 84.685356
C03 475.003 84.49188
C03 500.018 84.27099
C03 525.002 84.32419
C03 550.029 85.27812
C03 575.023 86.74959
C03 599.982 88.46554
C03 619.997 89.57136
C03 624.979 90.00659
C03 650.012 91.39137
C03 675.004 93.082756
C03 700.03 94.27368
C03 725.012 95.63711
C03 750.022 97.45996
C03 774.987 98.98576
C03 799.976 99.80654
C03 824.988 99.44715
C03 850.022 98.616684
C03 869.967 96.1182
C03 875.002 94.97546
C03 899.999 88.69346
C03 919.999 80.57607
C03 925.012 77.830185
C03 949.965 64.804794
C03 975.002 49.807884
C03 999.976 32.497997
C03 1025.028 15.900297
C03 1050.014 6.3397603
C03 1075.002 3.47965
C03 1099.99 2.345703
C16 319.994 45.13985
C16 324.969 45.61465
C16 349.982 50.35034
C16 374.975 64.91729
C16 400.019 80.40827
C16 424.965 84.798996
C16 450.035 85.10696
C16 475.003 84.8838
C16 500.018 84.59616
C16 525.002 84.577385
C16 550.029 85.47137
C16 575.023 86.927216
C16 599.982 88.650856
C16 619.997 89.77138
C16 624.979 90.2121
C16 650.012 91.61717
C16 675.004 93.32868
C16 700.03 94.45515
C16 725.012 95.59254
C16 750.022 97.11673
C16 774.987 98.35315
C16 799.976 99.05573
C16 824.988 98.76308
C16 850.022 97.902855
C16 869.967 95.49024
C16 875.002 94.380806
C16 899.999 88.29094
C16 919.999 80.223045
C16 925.012 77.43684
C16 949.965 63.811512
C16 975.002 49.057636
C16 999.976 31.999178
C16 1025.028 15.806208
C16 1050.014 6.5021973
C16 1075.002 3.5017078
C16 1099.99 2.3049328
C07 319.994 44.505863
C07 324.969 44.948772
C07 349.982 49.492542
C07 374.975 63.912106
C07 400.019 79.530205
C07 424.965 84.04531
C07 450.035 84.36597
C07 475.003 84.0707
C07 500.018 83.749756
C07 525.002 83.71392
C07 550.029 84.62014
C07 575.023 86.122986
C07 599.982 87.888435
C07 619.997 89.03266
C07 624.979 89.477554
C07 650.012 90.89952
C07 675.004 92.62708
C07 700.03 93.86407
C07 725.012 95.31044
C07 750.022 97.239655
C07 774.987 98.87015
C07 799.976 99.76208
C07 824.988 99.44557
C07 850.022 98.652374
C07 869.967 96.12448
C07 875.002 94.95356
C07 899.999 88.57492
C07 919.999 80.592804
C07 925.012 77.87914
C07 949.965 64.96314
C07 975.002 49.90495
C07 999.976 32.438766
C07 1025.028 15.913664
C07 1050.014 6.319902
C07 1075.002 3.4494302
C07 1099.99 2.318181
C15 319.994 45.22884
C15 324.969 45.734787
C15 349.982 50.593525
C15 374.975 65.205124
C15 400.019 80.58798
C15 424.965 84.888336
C15 450.035 85.18076
C15 475.003 84.98826
C15 500.018 84.73303
C15 525.002 84.72939
C15 550.029 85.63083
C15 575.023 87.0828
C15 599.982 88.79699
C15 619.997 89.910126
C15 624.979 90.35059
C15 650.012 91.748055
C15 675.004 93.451546
C15 700.03 94.57035
C15 725.012 95.68554
C15 750.022 97.17749
C15 774.987 98.38314
C15 799.976 99.07091
C15 824.988 98.769936
C15 850.022 97.886604
C15 869.967 95.460014
C15 875.002 94.35296
C15 899.999 88.28152
C15 919.999 80.25072
C15 925.012 77.47402
C15 949.965 63.792416
C15 975.002 49.017437
C15 999.976 31.961468
C15 1025.028 15.800535
C15 1050.014 6.5270424
C15 1075.002 3.5103846
C15 1099.99 2.313397
