lsstCam/transmission_sensor/r20_s01/19700101T000000.ecsv
# %ECSV 1.0
# ---
# datatype:
# - {name: amp_name, datatype: string}
# - {name: wavelength, unit: nm, datatype: float32}
# - {name: efficiency, unit: '%', datatype: float64}
# meta: !!omap
# - {MODE: AMP}
# - {TYPE: transmission_sensor}
# - {CALIBDATE: '1970-01-01T00:00:00'}
# - {INSTRUME: LSSTCAM}
# - {OBSTYPE: transmission_sensor}
# - {DETECTOR: 73}
# - {PARQUETFILE: qe_raft_allvalues_nircorrected_20230725.parquet}
# - {CALIBCLS: lsst.ip.isr.IntermediateSensorTransmissionCurve}
# - {CALIB_ID: 'raftName=R20 detectorName=S01 detector=73 calibDate=1970-01-01T00:00:00 ccd=73 ccdnum=73 filter=None'}
# - {DATE: '2024-01-18T22:42:25.232302'}
# - {CALIB_CREATION_DATE: '2024-01-18'}
# - {CALIB_CREATION_TIME: '22:42:25'}
# - __serialized_columns__:
#     efficiency:
#       __class__: astropy.units.quantity.Quantity
#       unit: !astropy.units.Unit {unit: '%'}
#       value: !astropy.table.SerializedColumn {name: efficiency}
#     wavelength:
#       __class__: astropy.units.quantity.Quantity
#       unit: !astropy.units.Unit {unit: nm}
#       value: !astropy.table.SerializedColumn {name: wavelength}
# schema: astropy-2.0
amp_name wavelength efficiency
C00 319.994 45.11418914794922
C00 324.969 45.87321472167969
C00 349.982 51.682373046875
C00 374.975 66.45988464355469
C00 400.019 81.00012969970703
C00 424.965 84.60932159423828
C00 450.035 84.61763763427734
C00 475.003 84.42362976074219
C00 500.018 84.28372192382812
C00 525.002 84.39019775390625
C00 550.029 85.40081787109375
C00 575.023 86.92713165283203
C00 599.982 88.70854949951172
C00 619.997 89.85398864746094
C00 624.979 90.30035400390625
C00 650.012 91.7076644897461
C00 675.004 93.41698455810547
C00 700.03 94.59351348876953
C00 725.012 95.93753051757812
C00 750.022 97.72833251953125
C00 774.987 99.21603393554688
C00 799.976 99.97969818115234
C00 824.988 99.53286743164062
C00 850.022 98.62538146972656
C00 869.967 96.19365692138672
C00 875.002 95.06464385986328
C00 899.999 88.69499206542969
C00 919.999 80.24513244628906
C00 925.012 77.4017105102539
C00 949.965 64.12826538085938
C00 975.002 49.48654556274414
C00 999.976 32.15734100341797
C00 1025.028 15.650156021118164
C00 1050.014 6.1918768882751465
C00 1075.002 0.9310394004435851
C00 1099.99 0.09237687398369308
C01 319.994 45.013427734375
C01 324.969 45.70621109008789
C01 349.982 51.27157974243164
C01 374.975 66.00177001953125
C01 400.019 80.72705078125
C01 424.965 84.50762176513672
C01 450.035 84.59125518798828
C01 475.003 84.40109252929688
C01 500.018 84.22785186767578
C01 525.002 84.29537200927734
C01 550.029 85.26065063476562
C01 575.023 86.75655364990234
C01 599.982 88.50711822509766
C01 619.997 89.63851928710938
C01 624.979 90.08137512207031
C01 650.012 91.48275756835938
C01 675.004 93.18584442138672
C01 700.03 94.36530303955078
C01 725.012 95.71625518798828
C01 750.022 97.51326751708984
C01 774.987 99.01219177246094
C01 799.976 99.79167938232422
C01 824.988 99.37989044189453
C01 850.022 98.49845123291016
C01 869.967 96.06279754638672
C01 875.002 94.94398498535156
C01 899.999 88.62783813476562
C01 919.999 80.27872467041016
C01 925.012 77.46337127685547
C01 949.965 64.27613830566406
C01 975.002 49.527408599853516
C01 999.976 32.26064682006836
C01 1025.028 15.701815605163574
C01 1050.014 6.251671314239502
C01 1075.002 0.9289904093226701
C01 1099.99 0.09217357496704534
C02 319.994 44.82965850830078
C02 324.969 45.47022247314453
C02 349.982 50.8389778137207
C02 374.975 65.50801086425781
C02 400.019 80.37425231933594
C02 424.965 84.27593994140625
C02 450.035 84.4024658203125
C02 475.003 84.18760681152344
C02 500.018 83.97653198242188
C02 525.002 84.04519653320312
C02 550.029 85.01174926757812
C02 575.023 86.508544921875
C02 599.982 88.25540924072266
C02 619.997 89.3833999633789
C02 624.979 89.823486328125
C02 650.012 91.2171859741211
C02 675.004 92.91658782958984
C02 700.03 94.1037368774414
C02 725.012 95.45854949951172
C02 750.022 97.26305389404297
C02 774.987 98.77313232421875
C02 799.976 99.57084655761719
C02 824.988 99.18505859375
C02 850.022 98.32250213623047
C02 869.967 95.84284973144531
C02 875.002 94.71141052246094
C02 899.999 88.43193054199219
C02 919.999 80.25730895996094
C02 925.012 77.49092102050781
C02 949.965 64.41702270507812
C02 975.002 49.55274963378906
C02 999.976 32.307044982910156
C02 1025.028 15.768966674804688
C02 1050.014 6.278952121734619
C02 1075.002 0.9266065549768587
C02 1099.99 0.09193705112885592
C03 319.994 44.903316497802734
C03 324.969 45.498958587646484
C03 349.982 50.6921501159668
C03 374.975 65.35624694824219
C03 400.019 80.42830657958984
C03 424.965 84.48737335205078
C03 450.035 84.68535614013672
C03 475.003 84.49188232421875
C03 500.018 84.27098846435547
C03 525.002 84.32418823242188
C03 550.029 85.27812194824219
C03 575.023 86.74958801269531
C03 599.982 88.46553802490234
C03 619.997 89.57135772705078
C03 624.979 90.006591796875
C03 650.012 91.39137268066406
C03 675.004 93.08275604248047
C03 700.03 94.273681640625
C03 725.012 95.6371078491211
C03 750.022 97.4599609375
C03 774.987 98.98576354980469
C03 799.976 99.8065414428711
C03 824.988 99.44715118408203
C03 850.022 98.61668395996094
C03 869.967 96.11820220947266
C03 875.002 94.97545623779297
C03 899.999 88.6934585571289
C03 919.999 80.5760726928711
C03 925.012 77.83018493652344
C03 949.965 64.80479431152344
C03 975.002 49.807884216308594
C03 999.976 32.49799728393555
C03 1025.028 15.900297164916992
C03 1050.014 6.3397603034973145
C03 1075.002 0.9284823367361216
C03 1099.99 0.0921231644717647
C04 319.994 44.93832015991211
C04 324.969 45.486995697021484
C04 349.982 50.494239807128906
C04 374.975 65.1275405883789
C04 400.019 80.37812042236328
C04 424.965 84.58633422851562
C04 450.035 84.84647369384766
C04 475.003 84.65708923339844
C04 500.018 84.4190673828125
C04 525.002 84.44037628173828
C04 550.029 85.36922454833984
C04 575.023 86.81443786621094
C04 599.982 88.51397705078125
C04 619.997 89.61238098144531
C04 624.979 90.04537963867188
C04 650.012 91.42517852783203
C04 675.004 93.1222915649414
C04 700.03 94.32124328613281
C04 725.012 95.69791412353516
C04 750.022 97.54485321044922
C04 774.987 99.09358978271484
C04 799.976 99.93772888183594
C04 824.988 99.59700012207031
C04 850.022 98.79365539550781
C04 869.967 96.29951477050781
C04 875.002 95.16134643554688
C04 899.999 88.87338256835938
C04 919.999 80.80030822753906
C04 925.012 78.05844116210938
C04 949.965 65.03282165527344
C04 975.002 49.99457931518555
C04 999.976 32.64741897583008
C04 1025.028 16.018535614013672
C04 1050.014 6.38324499130249
C04 1075.002 0.9292909035528943
C04 1099.99 0.09220338972850982
C05 319.994 44.84318542480469
C05 324.969 45.3467903137207
C05 349.982 50.18095779418945
C05 374.975 64.74967193603516
C05 400.019 80.1370620727539
C05 424.965 84.47444915771484
C05 450.035 84.78327941894531
C05 475.003 84.59268188476562
C05 500.018 84.33798217773438
C05 525.002 84.33502197265625
C05 550.029 85.23795318603516
C05 575.023 86.6686782836914
C05 599.982 88.3578872680664
C05 619.997 89.44950103759766
C05 624.979 89.88267517089844
C05 650.012 91.25919342041016
C05 675.004 92.96202087402344
C05 700.03 94.16703796386719
C05 725.012 95.56170654296875
C05 750.022 97.43373107910156
C05 774.987 99.0080795288086
C05 799.976 99.86949157714844
C05 824.988 99.54419708251953
C05 850.022 98.74974822998047
C05 869.967 96.26905059814453
C05 875.002 95.13467407226562
C05 899.999 88.86322784423828
C05 919.999 80.84061431884766
C05 925.012 78.09925079345703
C05 949.965 65.06381225585938
C05 975.002 50.012855529785156
C05 999.976 32.673439025878906
C05 1025.028 16.083566665649414
C05 1050.014 6.386353015899658
C05 1075.002 0.9282320340943547
C05 1099.99 0.09209832967359691
C06 319.994 44.63105773925781
C06 324.969 45.093589782714844
C06 349.982 49.7601432800293
C06 374.975 64.23735809326172
C06 400.019 79.71408081054688
C06 424.965 84.14773559570312
C06 450.035 84.48038482666016
C06 475.003 84.25888061523438
C06 500.018 83.98164367675781
C06 525.002 83.95687866210938
C06 550.029 84.8480453491211
C06 575.023 86.28089904785156
C06 599.982 87.98091125488281
C06 619.997 89.08197021484375
C06 624.979 89.51969146728516
C06 650.012 90.90135192871094
C06 675.004 92.60993194580078
C06 700.03 93.8272705078125
C06 725.012 95.24141693115234
C06 750.022 97.13704681396484
C06 774.987 98.73804473876953
C06 799.976 99.61360168457031
C06 824.988 99.29585266113281
C06 850.022 98.50540161132812
C06 869.967 96.02442932128906
C06 875.002 94.88199615478516
C06 899.999 88.60060119628906
C06 919.999 80.60025787353516
C06 925.012 77.86656188964844
C06 949.965 64.87749481201172
C06 975.002 49.85346984863281
C06 999.976 32.553131103515625
C06 1025.028 16.027803421020508
C06 1050.014 6.363620281219482
C06 1075.002 0.9254053234892423
C06 1099.99 0.0918178660442033
C07 319.994 44.505863189697266
C07 324.969 44.94877243041992
C07 349.982 49.4925422668457
C07 374.975 63.912105560302734
C07 400.019 79.53020477294922
C07 424.965 84.0453109741211
C07 450.035 84.365966796875
C07 475.003 84.0707015991211
C07 500.018 83.749755859375
C07 525.002 83.71392059326172
C07 550.029 84.6201400756836
C07 575.023 86.12298583984375
C07 599.982 87.88843536376953
C07 619.997 89.03266143798828
C07 624.979 89.47755432128906
C07 650.012 90.89952087402344
C07 675.004 92.62708282470703
C07 700.03 93.86406707763672
C07 725.012 95.31044006347656
C07 750.022 97.23965454101562
C07 774.987 98.87014770507812
C07 799.976 99.76207733154297
C07 824.988 99.44557189941406
C07 850.022 98.65237426757812
C07 869.967 96.12448120117188
C07 875.002 94.95355987548828
C07 899.999 88.57492065429688
C07 919.999 80.59280395507812
C07 925.012 77.87914276123047
C07 949.965 64.96314239501953
C07 975.002 49.90494918823242
C07 999.976 32.43876647949219
C07 1025.028 15.913663864135742
C07 1050.014 6.319901943206787
C07 1075.002 0.9263825990062076
C07 1099.99 0.09191483042319204
C10 319.994 45.41844177246094
C10 324.969 46.18399429321289
C10 349.982 51.98836898803711
C10 374.975 66.69983673095703
C10 400.019 81.13789367675781
C10 424.965 84.6680679321289
C10 450.035 84.6461410522461
C10 475.003 84.45909881591797
C10 500.018 84.34888458251953
C10 525.002 84.48841857910156
C10 550.029 85.53440856933594
C10 575.023 87.11030578613281
C10 599.982 88.92202758789062
C10 619.997 90.08580017089844
C10 624.979 90.53190612792969
C10 650.012 91.95917510986328
C10 675.004 93.66781616210938
C10 700.03 94.7527847290039
C10 725.012 95.8249740600586
C10 750.022 97.25518035888672
C10 774.987 98.39373779296875
C10 799.976 99.0033187866211
C10 824.988 98.6260757446289
C10 850.022 97.68622589111328
C10 869.967 95.29580688476562
C10 875.002 94.20649719238281
C10 899.999 88.19713592529297
C10 919.999 80.0985336303711
C10 925.012 77.25234985351562
C10 949.965 63.449886322021484
C10 975.002 48.7472038269043
C10 999.976 31.74562644958496
C10 1025.028 15.744128227233887
C10 1050.014 6.2921013832092285
C10 1075.002 0.9265346977506838
C10 1099.99 0.09192992152088872
C11 319.994 45.32133483886719
C11 324.969 46.039886474609375
C11 349.982 51.70224380493164
C11 374.975 66.4313735961914
C11 400.019 81.03588104248047
C11 424.965 84.67778015136719
C11 450.035 84.67900848388672
C11 475.003 84.439697265625
C11 500.018 84.27056121826172
C11 525.002 84.40382385253906
C11 550.029 85.45146942138672
C11 575.023 87.0303726196289
C11 599.982 88.8474349975586
C11 619.997 90.01719665527344
C11 624.979 90.4671401977539
C11 650.012 91.89691162109375
C11 675.004 93.60957336425781
C11 700.03 94.69799041748047
C11 725.012 95.76721954345703
C11 750.022 97.1930923461914
C11 774.987 98.33173370361328
C11 799.976 98.94757843017578
C11 824.988 98.58562469482422
C11 850.022 97.64485931396484
C11 869.967 95.2357177734375
C11 875.002 94.14558410644531
C11 899.999 88.14623260498047
C11 919.999 80.18023681640625
C11 925.012 77.38450622558594
C11 949.965 63.5576171875
C11 975.002 48.787193298339844
C11 999.976 31.861953735351562
C11 1025.028 15.726920127868652
C11 1050.014 6.420454502105713
C11 1075.002 0.9259432022146011
C11 1099.99 0.09187123387719438
C12 319.994 45.27665710449219
C12 324.969 45.942691802978516
C12 349.982 51.40387725830078
C12 374.975 66.12181091308594
C12 400.019 80.94023895263672
C12 424.965 84.7516098022461
C12 450.035 84.83909606933594
C12 475.003 84.6239013671875
C12 500.018 84.44195556640625
C12 525.002 84.55579376220703
C12 550.029 85.5775375366211
C12 575.023 87.11871337890625
C12 599.982 88.89375305175781
C12 619.997 90.03560638427734
C12 624.979 90.48096466064453
C12 650.012 91.89141082763672
C12 675.004 93.59454345703125
C12 700.03 94.68412780761719
C12 725.012 95.75418090820312
C12 750.022 97.18761444091797
C12 774.987 98.33110046386719
C12 799.976 98.96429443359375
C12 824.988 98.63162231445312
C12 850.022 97.71219635009766
C12 869.967 95.23261260986328
C12 875.002 94.12471771240234
C12 899.999 88.10455322265625
C12 919.999 80.2689437866211
C12 925.012 77.52750396728516
C12 949.965 63.82355499267578
C12 975.002 48.919822692871094
C12 999.976 31.94247055053711
C12 1025.028 15.788825035095215
C12 1050.014 6.50586462020874
C12 1075.002 0.9258909643556488
C12 1099.99 0.09186605088481907
C13 319.994 45.27375411987305
C13 324.969 45.88810729980469
C13 349.982 51.14389419555664
C13 374.975 65.84481811523438
C13 400.019 80.88571166992188
C13 424.965 84.87417602539062
C13 450.035 85.03008270263672
C13 475.003 84.81587982177734
C13 500.018 84.60189056396484
C13 525.002 84.6839828491211
C13 550.029 85.66650390625
C13 575.023 87.18097686767578
C13 599.982 88.93824005126953
C13 619.997 90.07579803466797
C13 624.979 90.5193099975586
C13 650.012 91.92830657958984
C13 675.004 93.63076782226562
C13 700.03 94.73353576660156
C13 725.012 95.81713104248047
C13 750.022 97.26338958740234
C13 774.987 98.42212677001953
C13 799.976 99.07174682617188
C13 824.988 98.75011444091797
C13 850.022 97.83611297607422
C13 869.967 95.34912872314453
C13 875.002 94.23233795166016
C13 899.999 88.1438217163086
C13 919.999 80.27961730957031
C13 925.012 77.54927825927734
C13 949.965 63.90212631225586
C13 975.002 48.95911407470703
C13 999.976 31.924299240112305
C13 1025.028 15.788931846618652
C13 1050.014 6.536333084106445
C13 1075.002 0.9266127491582359
C13 1099.99 0.09193766570984169
C14 319.994 45.16484451293945
C14 324.969 45.720760345458984
C14 349.982 50.748985290527344
C14 374.975 65.37174987792969
C14 400.019 80.57221984863281
C14 424.965 84.72014617919922
C14 450.035 84.94947814941406
C14 475.003 84.7470932006836
C14 500.018 84.51216125488281
C14 525.002 84.54686737060547
C14 550.029 85.48027801513672
C14 575.023 86.9561767578125
C14 599.982 88.69078826904297
C14 619.997 89.8130874633789
C14 624.979 90.25653076171875
C14 650.012 91.65584564208984
C14 675.004 93.35933685302734
C14 700.03 94.46637725830078
C14 725.012 95.56238555908203
C14 750.022 97.02896881103516
C14 774.987 98.20145416259766
C14 799.976 98.86980438232422
C14 824.988 98.55857849121094
C14 850.022 97.65464782714844
C14 869.967 95.20018768310547
C14 875.002 94.09033203125
C14 899.999 88.00921630859375
C14 919.999 80.07581329345703
C14 925.012 77.32969665527344
C14 949.965 63.68354034423828
C14 975.002 48.85515594482422
C14 999.976 31.84922218322754
C14 1025.028 15.74163818359375
C14 1050.014 6.527774333953857
C14 1075.002 0.9243792954682695
C14 1099.99 0.09171606448655495
C15 319.994 45.22883987426758
C15 324.969 45.73478698730469
C15 349.982 50.59352493286133
C15 374.975 65.20512390136719
C15 400.019 80.58798217773438
C15 424.965 84.88833618164062
C15 450.035 85.1807632446289
C15 475.003 84.9882583618164
C15 500.018 84.7330322265625
C15 525.002 84.7293930053711
C15 550.029 85.63082885742188
C15 575.023 87.08280181884766
C15 599.982 88.79698944091797
C15 619.997 89.91012573242188
C15 624.979 90.35059356689453
C15 650.012 91.74805450439453
C15 675.004 93.45154571533203
C15 700.03 94.57035064697266
C15 725.012 95.68553924560547
C15 750.022 97.177490234375
C15 774.987 98.38314056396484
C15 799.976 99.07090759277344
C15 824.988 98.76993560791016
C15 850.022 97.88660430908203
C15 869.967 95.46001434326172
C15 875.002 94.35295867919922
C15 899.999 88.2815170288086
C15 919.999 80.25071716308594
C15 925.012 77.4740219116211
C15 949.965 63.792415618896484
C15 975.002 49.01743698120117
C15 999.976 31.961467742919922
C15 1025.028 15.800535202026367
C15 1050.014 6.527042388916016
C15 1075.002 0.9257939966525911
C15 1099.99 0.09185642983840407
C16 319.994 45.13985061645508
C16 324.969 45.61465072631836
C16 349.982 50.350341796875
C16 374.975 64.91728973388672
C16 400.019 80.40827178955078
C16 424.965 84.79899597167969
C16 450.035 85.1069564819336
C16 475.003 84.88379669189453
C16 500.018 84.59616088867188
C16 525.002 84.57738494873047
C16 550.029 85.47136688232422
C16 575.023 86.92721557617188
C16 599.982 88.6508560180664
C16 619.997 89.77137756347656
C16 624.979 90.21209716796875
C16 650.012 91.61717224121094
C16 675.004 93.32868194580078
C16 700.03 94.45514678955078
C16 725.012 95.59253692626953
C16 750.022 97.11672973632812
C16 774.987 98.3531494140625
C16 799.976 99.05573272705078
C16 824.988 98.76307678222656
C16 850.022 97.9028549194336
C16 869.967 95.49024200439453
C16 875.002 94.38080596923828
C16 899.999 88.29093933105469
C16 919.999 80.2230453491211
C16 925.012 77.43683624267578
C16 949.965 63.8115119934082
C16 975.002 49.05763626098633
C16 999.976 31.999177932739258
C16 1025.028 15.806207656860352
C16 1050.014 6.502197265625
C16 1075.002 0.9252148687588341
C16 1099.99 0.09179896930081936
C17 319.994 45.01057434082031
C17 324.969 45.46522521972656
C17 349.982 50.08941650390625
C17 374.975 64.591552734375
C17 400.019 80.14042663574219
C17 424.965 84.57359313964844
C17 450.035 84.8811264038086
C17 475.003 84.6066665649414
C17 500.018 84.27787017822266
C17 525.002 84.2382583618164
C17 550.029 85.12712097167969
C17 575.023 86.61224365234375
C17 599.982 88.36486053466797
C17 619.997 89.50542449951172
C17 624.979 89.94852447509766
C17 650.012 91.36664581298828
C17 675.004 93.08049011230469
C17 700.03 94.22145080566406
C17 725.012 95.38151550292969
C17 750.022 96.93522644042969
C17 774.987 98.20328521728516
C17 799.976 98.93236541748047
C17 824.988 98.6408920288086
C17 850.022 97.81051635742188
C17 869.967 95.36756896972656
C17 875.002 94.24052429199219
C17 899.999 88.08064270019531
C17 919.999 80.08850860595703
C17 925.012 77.32699584960938
C17 949.965 63.89756393432617
C17 975.002 49.046714782714844
C17 999.976 31.962343215942383
C17 1025.028 15.764557838439941
C17 1050.014 6.378873825073242
C17 1075.002 0.9234854350786779
C17 1099.99 0.09162737647987235
