lsstCam/transmission_sensor/r20_s01/19700101T000000.ecsv
# %ECSV 1.0
# ---
# datatype:
# - {name: amp_name, datatype: string}
# - {name: wavelength, unit: nm, datatype: float32}
# - {name: efficiency, unit: '%', datatype: float64}
# meta: !!omap
# - {MODE: AMP}
# - {TYPE: transmission_sensor}
# - {CALIBDATE: '1970-01-01T00:00:00'}
# - {INSTRUME: LSSTCam}
# - {OBSTYPE: transmission_sensor}
# - {DETECTOR: 73}
# - {PARQUETFILE: qe_raft_allvalues_nircorrected_20230725_adjust.parquet}
# - {CORRFILE: qe_corr_factor_bydetnum.parquet}
# - {CALIBCLS: lsst.ip.isr.IntermediateSensorTransmissionCurve}
# - {CALIB_ID: 'raftName=R20 detectorName=S01 detector=73 calibDate=1970-01-01T00:00:00 ccd=73 ccdnum=73 filter=None'}
# - {DATE: '2025-03-03T21:56:47.785861'}
# - {CALIB_CREATION_DATE: '2025-03-03'}
# - {CALIB_CREATION_TIME: '21:56:47'}
# - __serialized_columns__:
#     efficiency:
#       __class__: astropy.units.quantity.Quantity
#       unit: !astropy.units.Unit {unit: '%'}
#       value: !astropy.table.SerializedColumn {name: efficiency}
#     wavelength:
#       __class__: astropy.units.quantity.Quantity
#       unit: !astropy.units.Unit {unit: nm}
#       value: !astropy.table.SerializedColumn {name: wavelength}
# schema: astropy-2.0
amp_name wavelength efficiency
C00 319.994 45.24347276381219
C00 324.969 46.00467347517802
C00 349.982 51.830479090451824
C00 374.975 66.6503385641245
C00 400.019 81.2322515631546
C00 424.965 84.8517863096196
C00 450.035 84.86012618091323
C00 475.003 84.66556233951363
C00 500.018 84.525253569071
C00 525.002 84.63203452666164
C00 550.029 85.6455507753209
C00 575.023 87.1762385105397
C00 599.982 88.962761361763
C00 619.997 90.11148299173384
C00 624.979 90.5591274962336
C00 650.012 91.97047090811485
C00 675.004 93.68468937059984
C00 700.03 94.86458987719593
C00 725.012 96.21245845214881
C00 750.022 98.00839235079519
C00 774.987 99.50035706893415
C00 799.976 100.26620974520505
C00 824.988 99.81809851396315
C00 850.022 98.90801197186097
C00 869.967 96.46931883673436
C00 875.002 95.33707036538296
C00 899.999 88.94916507617697
C00 919.999 80.47509071604844
C00 925.012 77.62352039308098
C00 949.965 64.31203758610215
C00 975.002 49.62835902914466
C00 999.976 32.24949421286227
C00 1025.028 15.695004632994896
C00 1050.014 6.209620933955971
C00 1075.002 0.9337074776599461
C00 1099.99 0.09264159815398826
C01 319.994 45.14242259851413
C01 324.969 45.8371912617085
C01 349.982 51.41850857669198
C01 374.975 66.1909111222007
C01 400.019 80.95839008314297
C01 424.965 84.74979503957923
C01 450.035 84.83366813051565
C01 475.003 84.6429605231821
C01 500.018 84.46922340624236
C01 525.002 84.53693704014013
C01 550.029 85.50498186210396
C01 575.023 87.00517168266553
C01 599.982 88.76075284626369
C01 619.997 89.89539616139024
C01 624.979 90.33952108717894
C01 650.012 91.74491947154169
C01 675.004 93.45288685618551
C01 700.03 94.63572544587953
C01 725.012 95.99054901441582
C01 750.022 97.79271103712917
C01 774.987 99.2959307558855
C01 799.976 100.07765214138847
C01 824.988 99.66468313845081
C01 850.022 98.78071799139123
C01 869.967 96.33808445835983
C01 875.002 95.21606571904474
C01 899.999 88.88181870266644
C01 919.999 80.50877920531984
C01 925.012 77.68535786078287
C01 949.965 64.46033426996729
C01 975.002 49.66933916735443
C01 999.976 32.353096072725855
C01 1025.028 15.746812257777501
C01 1050.014 6.269586712653095
C01 1075.002 0.9316526147504434
C01 1099.99 0.09243771654387115
C02 319.994 44.95812674544118
C02 324.969 45.60052637279224
C02 349.982 50.984666941746056
C02 374.975 65.69573700258535
C02 400.019 80.60458060758357
C02 424.965 84.51744928584209
C02 450.035 84.64433774963426
C02 475.003 84.42886301993606
C02 500.018 84.21718331423936
C02 525.002 84.28604463684727
C02 550.029 85.25536721890839
C02 575.023 86.75645223666386
C02 599.982 88.50832254009924
C02 619.997 89.6395457428696
C02 624.979 90.08089326197978
C02 650.012 91.47858682946853
C02 675.004 93.18285865646573
C02 700.03 94.37340971429182
C02 725.012 95.73210481941028
C02 750.022 97.54178037754598
C02 774.987 99.05618623559704
C02 799.976 99.85618647662339
C02 824.988 99.46929296117992
C02 850.022 98.6042646778375
C02 869.967 96.11750633953058
C02 875.002 94.9828247681137
C02 899.999 88.68534969800803
C02 919.999 80.48730212392424
C02 925.012 77.71298655366478
C02 949.965 64.60162240144258
C02 975.002 49.69475282102578
C02 999.976 32.39962719866363
C02 1025.028 15.814155762066255
C02 1050.014 6.296945698688119
C02 1075.002 0.9292619289993616
C02 1099.99 0.09220051489992667
C03 319.994 45.03199581645429
C03 324.969 45.629344836303645
C03 349.982 50.83741848023615
C03 374.975 65.54353817710575
C03 400.019 80.65878977099212
C03 424.965 84.72948860066796
C03 450.035 84.92803874752074
C03 475.003 84.73401049418588
C03 500.018 84.51248361935626
C03 525.002 84.56583584186124
C03 550.029 85.52250324307865
C03 575.023 86.99818608404986
C03 599.982 88.71905348979556
C03 619.997 89.82804213662163
C03 624.979 90.26452345560087
C03 650.012 91.65327270240864
C03 675.004 93.34950305717685
C03 700.03 94.54384148774638
C03 725.012 95.91117486322311
C03 750.022 97.73925169701124
C03 774.987 99.26942679793952
C03 799.976 100.09255679210405
C03 824.988 99.73213662957428
C03 850.022 98.89928953766398
C03 869.967 96.39364789444635
C03 875.002 95.24762715857335
C03 899.999 88.94762717330539
C03 919.999 80.80697933724433
C03 925.012 78.05322269741235
C03 949.965 64.9905052439836
C03 975.002 49.95061854206254
C03 999.976 32.591126711207174
C03 1025.028 15.945862605626454
C03 1050.014 6.357928138300967
C03 1075.002 0.9311430861815897
C03 1099.99 0.09238716158736378
C04 319.994 45.067099788468184
C04 324.969 45.61734766365374
C04 349.982 50.63894102033501
C04 374.975 65.31417641401495
C04 400.019 80.60845979542381
C04 424.965 84.82873306906208
C04 450.035 85.08961801539117
C04 475.003 84.8996908363805
C04 500.018 84.66098688718924
C04 525.002 84.68235685097189
C04 550.029 85.6138669156632
C04 575.023 87.063221777624
C04 599.982 88.7676313272664
C04 619.997 89.86918295125082
C04 624.979 90.30342245161626
C04 650.012 91.68717542690594
C04 675.004 93.38915187648286
C04 700.03 94.59153943053946
C04 725.012 95.97215539002144
C04 750.022 97.82438724552881
C04 774.987 99.37756202820813
C04 799.976 100.22412017457548
C04 824.988 99.88241498927893
C04 850.022 99.07676811979874
C04 869.967 96.57548004242155
C04 875.002 95.43405006138909
C04 899.999 89.1280667923123
C04 919.999 81.03185746310754
C04 925.012 78.28213303627716
C04 949.965 65.21918604510638
C04 975.002 50.1378486526044
C04 999.976 32.74097660046004
C04 1025.028 16.064439890342744
C04 1050.014 6.401537440064197
C04 1075.002 0.9319539701062106
C04 1099.99 0.0924676167454209
C05 319.994 44.97169242599494
C05 324.969 45.47674049414647
C05 349.982 50.32476123593645
C05 374.975 64.93522490444559
C05 400.019 80.36671064552166
C05 424.965 84.71652736950155
C05 450.035 85.02624264481769
C05 475.003 84.83509891577428
C05 500.018 84.57966931644737
C05 525.002 84.57670062831717
C05 550.029 85.48221936935302
C05 575.023 86.91704449224355
C05 599.982 88.6110942384625
C05 619.997 89.70583624276681
C05 624.979 90.1402517220678
C05 650.012 91.52071465638844
C05 675.004 93.22842189825795
C05 700.03 94.43689220247823
C05 725.012 95.83555747974155
C05 750.022 97.71294667177501
C05 774.987 99.29180672778709
C05 799.976 100.15568732241937
C05 824.988 99.82946063219346
C05 850.022 99.03273512962002
C05 869.967 96.54492856895784
C05 875.002 95.40730126318495
C05 899.999 89.1178829678244
C05 919.999 81.07227905947838
C05 925.012 78.32305961568046
C05 949.965 65.25026545537675
C05 975.002 50.1561772413052
C05 999.976 32.7670712160994
C05 1025.028 16.12965730129598
C05 1050.014 6.404654371319463
C05 1075.002 0.9308920662481859
C05 1099.99 0.0923622556201787
C06 319.994 44.758956846684924
C06 324.969 45.22281436702983
C06 349.982 49.90274079470488
C06 374.975 64.42144292520996
C06 400.019 79.94251724699892
C06 424.965 84.38887754527508
C06 450.035 84.72248004827809
C06 475.003 84.50034107280307
C06 500.018 84.22230965714462
C06 525.002 84.19747367345738
C06 550.029 85.09119417455308
C06 575.023 86.52815399844445
C06 599.982 88.23303792608705
C06 619.997 89.33725218787897
C06 624.979 89.77622781698823
C06 650.012 91.16184769924638
C06 675.004 92.87532398969883
C06 700.03 94.0961510756982
C06 725.012 95.51435001480796
C06 750.022 97.41541219930241
C06 774.987 99.0209980997444
C06 799.976 99.8990641268339
C06 824.988 99.5804045308368
C06 850.022 98.78768828749077
C06 869.967 96.29960628153815
C06 875.002 95.15389924724593
C06 899.999 88.85450371136531
C06 919.999 80.83123382531845
C06 925.012 78.08970389587842
C06 949.965 65.06341408210925
C06 975.002 49.996334809016126
C06 999.976 32.646418527632285
C06 1025.028 16.073734256080296
C06 1050.014 6.381856491499955
C06 1075.002 0.9280572551457592
C06 1099.99 0.09208098826688337
C07 319.994 44.63340352742554
C07 324.969 45.07758201202072
C07 349.982 49.63437291798575
C07 374.975 64.09525831690343
C07 400.019 79.75811427631302
C07 424.965 84.28615940571828
C07 450.035 84.60773413103912
C07 475.003 84.31162279256708
C07 500.018 83.98975731943968
C07 525.002 83.95381936029641
C07 550.029 84.86263579355938
C07 575.023 86.36978825896242
C07 599.982 88.14029702705034
C07 619.997 89.28780210698844
C07 624.979 89.73396991868117
C07 650.012 91.16001139731017
C07 675.004 92.89252401783466
C07 700.03 94.13305309335797
C07 725.012 95.58357094654504
C07 750.022 97.51831396905281
C07 774.987 99.15347963318395
C07 799.976 100.0479652600864
C07 824.988 99.7305528191543
C07 850.022 98.93508212290395
C07 869.967 96.39994487983593
C07 875.002 95.2256680479195
C07 899.999 88.82874957670995
C07 919.999 80.82375854618645
C07 925.012 78.1023208204318
C07 949.965 65.1493071051755
C07 975.002 50.04796167282689
C07 999.976 32.53172616919979
C07 1025.028 15.959267609760792
C07 1050.014 6.338012869958407
C07 1075.002 0.9290373312386611
C07 1099.99 0.0921782305164437
C10 319.994 45.548597284287816
C10 324.969 46.31634364693042
C10 349.982 52.137351923395876
C10 374.975 66.89097828160685
C10 400.019 81.37041033008026
C10 424.965 84.91070099673969
C10 450.035 84.88871128105357
C10 475.003 84.70113303826965
C10 500.018 84.5906029642259
C10 525.002 84.73053682302321
C10 550.029 85.77952430408361
C10 575.023 87.35993756548338
C10 599.982 89.17685121375096
C10 619.997 90.3439588168581
C10 624.979 90.79134317858359
C10 650.012 92.22270228156952
C10 675.004 93.93623978208652
C10 700.03 95.02431754061399
C10 725.012 96.09957944187832
C10 750.022 97.53388427922027
C10 774.987 98.67570447441418
C10 799.976 99.28703234275294
C10 824.988 98.90870823634512
C10 850.022 97.96616505752041
C10 869.967 95.56889583357149
C10 875.002 94.47646450920358
C10 899.999 88.44988223097934
C10 919.999 80.32807179228057
C10 925.012 77.47373171389265
C10 949.965 63.631714498139296
C10 975.002 48.8868985635931
C10 999.976 31.836599809690764
C10 1025.028 15.789246135020104
C10 1050.014 6.310132641967532
C10 1075.002 0.9291898658521183
C10 1099.99 0.09219336486066025
C11 319.994 45.451212071604104
C11 324.969 46.1718228589216
C11 349.982 51.85040679208874
C11 374.975 66.62174581272609
C11 400.019 81.26810535845911
C11 424.965 84.92044104825968
C11 450.035 84.92167290080856
C11 475.003 84.68167588900387
C11 500.018 84.51205514890448
C11 525.002 84.64569967357028
C11 550.029 85.69634747763132
C11 575.023 87.27977533470971
C11 599.982 89.10204486362458
C11 619.997 90.27515870431475
C11 624.979 90.7263916488482
C11 650.012 92.1602603644803
C11 675.004 93.87783007799888
C11 700.03 94.96936620517289
C11 725.012 96.041659418307
C11 750.022 97.47161834106659
C11 774.987 98.61352270009924
C11 799.976 99.23113225131145
C11 824.988 98.86814126607099
C11 850.022 97.92467993627818
C11 869.967 95.50863452503151
C11 875.002 94.41537686479231
C11 899.999 88.39883303715268
C11 919.999 80.4100091149259
C11 925.012 77.60626680613866
C11 949.965 63.739754087682066
C11 975.002 48.92700263275414
C11 999.976 31.953260454261134
C11 1025.028 15.771988722448757
C11 1050.014 6.438853582066871
C11 1075.002 0.9285966752687985
C11 1099.99 0.09213450903593624
C12 319.994 45.40640630436056
C12 324.969 46.07434965677012
C12 349.982 51.551185217212236
C12 374.975 66.31129601663545
C12 400.019 81.17218918732438
C12 424.965 84.9944822725793
C12 450.035 85.08221924883985
C12 475.003 84.86640786378668
C12 500.018 84.68394066139187
C12 525.002 84.7981050830177
C12 550.029 85.82277686593943
C12 575.023 87.36836925187382
C12 599.982 89.14849565135265
C12 619.997 90.29362119003173
C12 624.979 90.7402557284666
C12 650.012 92.1547438074136
C12 675.004 93.86275709960582
C12 700.03 94.95546386926415
C12 725.012 96.02858341826958
C12 750.022 97.4661247377741
C12 774.987 98.61288764567963
C12 799.976 99.24789615773744
C12 824.988 98.91427070096022
C12 850.022 97.99220993998233
C12 869.967 95.50552046299802
C12 875.002 94.39445067397757
C12 899.999 88.35703421432969
C12 919.999 80.49897029247725
C12 925.012 77.74967433609865
C12 949.965 64.00645399014248
C12 975.002 49.06001210300033
C12 999.976 32.03400800627697
C12 1025.028 15.834071030408815
C12 1050.014 6.5245084597257765
C12 1075.002 0.928544287711948
C12 1099.99 0.09212931119067301
C13 319.994 45.403495000665856
C13 324.969 46.01960873092587
C13 349.982 51.29045712167355
C13 374.975 66.03350944123518
C13 400.019 81.11750564591563
C13 424.965 85.11739973343441
C13 450.035 85.2737531920447
C13 475.003 85.0589364705403
C13 500.018 84.84433398426181
C13 525.002 84.9266615210686
C13 550.029 85.91199818626508
C13 575.023 87.43081116896305
C13 599.982 89.1931101371445
C13 619.997 90.33392801753156
C13 624.979 90.77871095151407
C13 650.012 92.19174529142825
C13 675.004 93.89908527291051
C13 700.03 95.00501341650957
C13 725.012 96.0917139485849
C13 750.022 97.54211703290095
C13 774.987 98.70417480568351
C13 799.976 99.35565647636075
C13 824.988 99.03310239000726
C13 850.022 98.1164816735154
C13 869.967 95.62237047620556
C13 875.002 94.50237932027835
C13 899.999 88.39641523960333
C13 919.999 80.50967440251374
C13 925.012 77.77151102662343
C13 949.965 64.08525047135109
C13 975.002 49.099416082048194
C13 999.976 32.015784622374596
C13 1025.028 15.83417814802176
C13 1050.014 6.555064237022146
C13 1075.002 0.9292681409313883
C13 1099.99 0.09220113124211558
C14 319.994 45.29427329175166
C14 324.969 45.85178221084331
C14 349.982 50.89441652721033
C14 374.975 65.559085533499
C14 400.019 80.80311545192022
C14 424.965 84.96292848430876
C14 450.035 85.19291765056109
C14 475.003 84.98995272780333
C14 500.018 84.75434753812942
C14 525.002 84.78915311107868
C14 550.029 85.72523862809437
C14 575.023 87.20536685000285
C14 599.982 88.94494923298176
C14 619.997 90.07046459723372
C14 624.979 90.51517866989363
C14 650.012 91.91850356332009
C14 675.004 93.62687646464148
C14 700.03 94.73708931275836
C14 725.012 95.83623844170957
C14 750.022 97.30702447751757
C14 774.987 98.48286981733784
C14 799.976 99.1531353265709
C14 824.988 98.84101755622154
C14 850.022 97.93449650037884
C14 869.967 95.47300261621095
C14 875.002 94.35996645386714
C14 899.999 88.26142409351765
C14 919.999 80.30528634575542
C14 925.012 77.55130016818143
C14 949.965 63.86603810208689
C14 975.002 48.995160039619826
C14 999.976 31.940492417360918
C14 1025.028 15.786748955668308
C14 1050.014 6.546480960081248
C14 1075.002 0.9270282868389244
C14 1099.99 0.09197889497677296
C15 319.994 45.35845204442222
C15 324.969 45.86584904880049
C15 349.982 50.738510667197005
C15 374.975 65.39198205730382
C15 400.019 80.81892295108777
C15 424.965 85.13160046840778
C15 450.035 85.4248655388787
C15 475.003 85.23180899531842
C15 500.018 84.97585145918484
C15 525.002 84.97220180908661
C15 550.029 85.87622090354124
C15 575.023 87.33235478014988
C15 599.982 89.05145474528197
C15 619.997 90.16778094859482
C15 624.979 90.60951103060839
C15 650.012 92.01097666832443
C15 675.004 93.71934956964583
C15 700.03 94.84136065770286
C15 725.012 95.95974504943588
C15 750.022 97.45597151831846
C15 774.987 98.66507687695835
C15 799.976 99.35481483797332
C15 824.988 99.05298035846674
C15 850.022 98.1671176994064
C15 869.967 95.73357386095925
C15 875.002 94.62334571032623
C15 899.999 88.53450514520638
C15 919.999 80.48069143695388
C15 925.012 77.69603901704517
C15 949.965 63.975225380339786
C15 975.002 49.15790612434554
C15 999.976 32.05305963886516
C15 1025.028 15.845814755135239
C15 1050.014 6.545746917510393
C15 1075.002 0.928447042128793
C15 1099.99 0.09211966257325004
C16 319.994 45.26920777032238
C16 324.969 45.745368513639896
C16 349.982 50.494630641923045
C16 374.975 65.10332304418955
C16 400.019 80.63869756730675
C16 424.965 85.04200423643682
C16 450.035 85.35084726833327
C16 475.003 85.12704796985759
C16 500.018 84.83858788945308
C16 525.002 84.81975814334886
C16 550.029 85.71630195867148
C16 575.023 87.17632267437844
C16 599.982 88.90490254825623
C16 619.997 90.02863516937846
C16 624.979 90.47061774290825
C16 650.012 91.8797193361757
C16 675.004 93.59613370972609
C16 700.03 94.72582666088293
C16 725.012 95.8664762135925
C16 750.022 97.39503689906853
C16 774.987 98.63499978149484
C16 799.976 99.33959648567696
C16 824.988 99.04610187746403
C16 850.022 98.18341487909028
C16 869.967 95.76388814542287
C16 875.002 94.65127280227277
C16 899.999 88.5439544489198
C16 919.999 80.4529403239429
C16 925.012 77.65874678522395
C16 949.965 63.994376479282856
C16 975.002 49.19822060310343
C16 999.976 32.09087789467851
C16 1025.028 15.851503465508458
C16 1050.014 6.520830595613433
C16 1075.002 0.9278662546297196
C16 1099.99 0.09206203737115048
C17 319.994 45.13956102799687
C17 324.969 45.595514798757996
C17 349.982 50.23295761601302
C17 374.975 64.77665258099573
C17 400.019 80.37008485032945
C17 424.965 84.81595546808929
C17 450.035 85.12437002953395
C17 475.003 84.8491236718121
C17 500.018 84.51938505413318
C17 525.002 84.4796597222465
C17 550.029 85.3710695434058
C17 575.023 86.86044813631793
C17 599.982 88.61808748833624
C17 619.997 89.76191996440191
C17 624.979 90.20628973044877
C17 650.012 91.62847497501173
C17 675.004 93.34723063353078
C17 700.03 94.49146097501597
C17 725.012 95.65485006670228
C17 750.022 97.21301346964164
C17 774.987 98.48470611927405
C17 799.976 99.21587564272477
C17 824.988 98.92356697951229
C17 850.022 98.09081170269879
C17 869.967 95.64086356695482
C17 875.002 94.51058912018483
C17 899.999 88.333055171546
C17 919.999 80.31801803917982
C17 925.012 77.54859162282551
C17 949.965 64.08067501902669
C17 975.002 49.18726782717974
C17 999.976 32.053937620728405
C17 1025.028 15.809734291310471
C17 1050.014 6.397153747395123
C17 1075.002 0.9261318649159122
C17 1099.99 0.09188995281709761
