lsstCam/transmission_filter_detector/r22_s21/i_39/19700101T000000.ecsv
# %ECSV 1.0
# ---
# datatype:
# - {name: wavelength, unit: nm, datatype: float32}
# - {name: efficiency, unit: '%', datatype: float64}
# meta: !!omap
# - {MODE: DETECTOR}
# - {TYPE: transmission_filter_detector}
# - {CALIBDATE: '1970-01-01T00:00:00'}
# - {INSTRUME: LSSTCam}
# - {OBSTYPE: transmission_filter_detector}
# - {CALIBCLS: lsst.ip.isr.IntermediateFilterDetectorTransmissionCurve}
# - {SOURCE: Materion (DM-46256)}
# - {DETECTOR: 97}
# - {FILTER: i_39}
# - {CALIB_ID: 'calibDate=1970-01-01T00:00:00 filter=i_39 detector=97'}
# - {DATE: '2025-04-02T15:59:46.930163'}
# - {CALIB_CREATION_DATE: '2025-04-02'}
# - {CALIB_CREATION_TIME: '15:59:46'}
# - __serialized_columns__:
#     efficiency:
#       __class__: astropy.units.quantity.Quantity
#       unit: !astropy.units.Unit {unit: '%'}
#       value: !astropy.table.SerializedColumn {name: efficiency}
#     wavelength:
#       __class__: astropy.units.quantity.Quantity
#       unit: !astropy.units.Unit {unit: nm}
#       value: !astropy.table.SerializedColumn {name: wavelength}
# schema: astropy-2.0
wavelength efficiency
[from data line 600]
900.0 1.571931603980281e-10
901.0 1.571931603980281e-10
902.0 1.571931603980281e-10
903.0 1.571931603980281e-10
904.0 1.571931603980281e-10
905.0 1.571931603980281e-10
906.0 4.464999676656589e-05
907.0 7.424109753628727e-05
908.0 0.00010383218977949582
909.0 9.257162787434936e-05
910.0 8.131104323183536e-05
911.0 0.00012031423466396518
912.0 0.00015931743746477878
913.0 9.868224424280925e-05
914.0 3.804705386301066e-05
915.0 3.489299729153572e-05
916.0 3.1738980510453985e-05
917.0 1.571931603980281e-10
918.0 1.571931603980281e-10
919.0 1.571931603980281e-10
920.0 2.8959760811630986e-05
921.0 6.475415830209386e-05
922.0 0.0001005485273708473
923.0 9.934245071008263e-06
924.0 1.571931603980281e-10
925.0 5.308684194460511e-05
926.0 0.00018685371969695552
927.0 1.571931603980281e-10
928.0 1.571931603980281e-10
929.0 1.571931603980281e-10
930.0 0.00012681788348345435
931.0 6.984891456340847e-05
932.0 1.2879897326456557e-05
933.0 1.571931603980281e-10
934.0 1.571931603980281e-10
935.0 1.571931603980281e-10
936.0 1.571931603980281e-10
937.0 1.571931603980281e-10
938.0 2.849000964033621e-05
939.0 1.571931603980281e-10
940.0 1.571931603980281e-10
941.0 1.571931603980281e-10
942.0 1.571931603980281e-10
943.0 1.571931603980281e-10
944.0 5.017945525764844e-06
945.0 1.571931603980281e-10
946.0 1.571931603980281e-10
947.0 1.571931603980281e-10
948.0 1.571931603980281e-10
949.0 1.571931603980281e-10
950.0 1.571931603980281e-10
951.0 1.571931603980281e-10
952.0 0.00014312622624856886
953.0 4.7219796783792845e-05
954.0 1.571931603980281e-10
955.0 1.571931603980281e-10
956.0 1.571931603980281e-10
957.0 1.571931603980281e-10
958.0 1.6608268538220727e-05
959.0 3.140579281080136e-05
960.0 4.620333413640765e-05
961.0 3.36386619892437e-05
962.0 2.1073978473395982e-05
963.0 0.00013245453374111094
964.0 0.00024383509753533872
965.0 0.0001903688712445728
966.0 0.00013690265632249066
967.0 1.571931603980281e-10
968.0 1.571931603980281e-10
969.0 1.571931603980281e-10
970.0 6.800033816034556e-05
971.0 1.571931603980281e-10
972.0 1.571931603980281e-10
973.0 6.377563863679825e-05
974.0 0.0002539977913329494
975.0 5.8034373751070234e-05
976.0 1.571931603980281e-10
977.0 1.571931603980281e-10
978.0 1.9913127857762447e-05
979.0 1.571931603980281e-10
980.0 1.571931603980281e-10
981.0 1.571931603980281e-10
982.0 1.571931603980281e-10
983.0 1.571931603980281e-10
984.0 1.571931603980281e-10
985.0 1.571931603980281e-10
986.0 0.00015371109611805878
987.0 1.571931603980281e-10
988.0 1.571931603980281e-10
989.0 1.571931603980281e-10
990.0 4.515844409525016e-05
991.0 9.365405162498064e-06
992.0 1.571931603980281e-10
993.0 1.571931603980281e-10
994.0 1.571931603980281e-10
995.0 2.330519919269136e-05
996.0 0.00011739366527763195
997.0 0.00014027381212144974
998.0 0.00016315390212184866
999.0 0.0001851338765845867
1000.0 0.00020711379420390585
1001.0 0.0003203286496500368
1002.0 0.00043354343688406516
1003.0 0.00023419756871589925
1004.0 3.4851655072998255e-05
1005.0 1.571931603980281e-10
1006.0 1.571931603980281e-10
1007.0 7.421675718433107e-05
1008.0 0.00020730303731397726
1009.0 0.0002693415808607824
1010.0 0.0003313801244075876
1011.0 0.0001968509423022624
1012.0 6.232170335351839e-05
1013.0 8.860885145622888e-05
1014.0 0.00011489599955893937
1015.0 0.0001685270831330854
1016.0 0.0002221582235506503
1017.0 0.00024718970053072553
1018.0 0.00027222122298553586
1019.0 0.0001884350581349281
1020.0 0.00010464889328432037
1021.0 0.00018157716112909839
1022.0 0.0002585054289738764
1023.0 0.00031212339308694936
1024.0 0.0003657414026747574
1025.0 0.0004368709596747067
1026.0 0.0005080004939372884
1027.0 0.0004684781288233353
1028.0 0.000428955672759912
1029.0 0.0008214825356844813
1030.0 0.0012140093531343155
1031.0 0.0016559020878048614
1032.0 0.002097794276778586
1033.0 0.0023559947294415906
1034.0 0.002614195182104595
1035.0 0.003228563946322538
1036.0 0.0038429330743383616
1037.0 0.003638436464825645
1038.0 0.0034339398553129286
1039.0 0.003199893035343848
1040.0 0.0029658460334758274
1041.0 0.0030131164749036543
1042.0 0.0030603874620283023
1043.0 0.003273663969594054
1044.0 0.0034869408409576863
1045.0 0.0030641298508271575
1046.0 0.002641319042595569
1047.0 0.0027072055672761053
1048.0 0.0027730915462598205
1049.0 0.002465614670654759
1050.0 0.0021581374312518165
1051.0 0.0020065153876203112
1052.0 0.001854893343988806
1053.0 0.00153988348756684
1054.0 0.0012248733582964633
1055.0 0.0010099661267304327
1056.0 0.0007950587132654618
1057.0 0.0006183097866596654
1058.0 0.0004415610419528093
1059.0 0.0006883967671456048
1060.0 0.0009352324923384003
1061.0 0.0011702854862960521
1062.0 0.001405338571203174
1063.0 0.0021595657017314807
1064.0 0.0029137929232092574
1065.0 0.0033784021070459858
1066.0 0.0038430109270848334
1067.0 0.004632212585420348
1068.0 0.005421414607553743
1069.0 0.004775646812049672
1070.0 0.004129879016545601
1071.0 0.003983202259405516
1072.0 0.003836525502265431
1073.0 0.003385190575500019
1074.0 0.0029338560125324875
1075.0 0.0030585648346459493
1076.0 0.0031832732929615304
1077.0 0.002632554605952464
1078.0 0.0020818359189433977
1079.0 0.0020364119336591102
1080.0 0.001990988130273763
1081.0 0.001563687328598462
1082.0 0.0011363866178726312
1083.0 0.0006367785772454226
1084.0 0.0001371705820929492
1085.0 0.0003574025413399795
1086.0 0.0005776346370112151
1087.0 8.461894935862802e-05
1088.0 1.571931603980281e-10
1089.0 1.571931603980281e-10
1090.0 1.571931603980281e-10
1091.0 1.571931603980281e-10
1092.0 1.571931603980281e-10
1093.0 1.571931603980281e-10
1094.0 1.571931603980281e-10
1095.0 1.571931603980281e-10
1096.0 1.571931603980281e-10
1097.0 1.571931603980281e-10
1098.0 1.571931603980281e-10
1099.0 0.000847010869620135
1100.0 0.0021638543330482207
