lsstCam/transmission_filter_detector/r22_s21/i_39/19700101T000000.ecsv
# %ECSV 1.0
# ---
# datatype:
# - {name: wavelength, unit: nm, datatype: float32}
# - {name: efficiency, unit: '%', datatype: float64}
# meta: !!omap
# - {MODE: DETECTOR}
# - {TYPE: transmission_filter_detector}
# - {CALIBDATE: '1970-01-01T00:00:00'}
# - {INSTRUME: LSSTCam}
# - {OBSTYPE: transmission_filter_detector}
# - {CALIBCLS: lsst.ip.isr.IntermediateFilterDetectorTransmissionCurve}
# - {SOURCE: Materion (DM-46256)}
# - {DETECTOR: 97}
# - {FILTER: i_39}
# - {CALIB_ID: 'calibDate=1970-01-01T00:00:00 filter=i_39 detector=97'}
# - {DATE: '2025-04-02T15:59:46.930163'}
# - {CALIB_CREATION_DATE: '2025-04-02'}
# - {CALIB_CREATION_TIME: '15:59:46'}
# - __serialized_columns__:
#     efficiency:
#       __class__: astropy.units.quantity.Quantity
#       unit: !astropy.units.Unit {unit: '%'}
#       value: !astropy.table.SerializedColumn {name: efficiency}
#     wavelength:
#       __class__: astropy.units.quantity.Quantity
#       unit: !astropy.units.Unit {unit: nm}
#       value: !astropy.table.SerializedColumn {name: wavelength}
# schema: astropy-2.0
wavelength efficiency
300.0 0.01171688418253325
301.0 0.009108521044254303
302.0 0.006500179733848199
303.0 0.018697140330914408
304.0 0.03089409729000181
305.0 0.01913486630655825
306.0 0.0073756324127316475
307.0 0.0027925831091124564
308.0 1.571931603980281e-10
309.0 0.0006812417268520221
310.0 0.003152949284412898
311.0 0.003439325519138947
312.0 0.0037257061194395646
313.0 1.571931603980281e-10
314.0 1.571931603980281e-10
315.0 1.571931603980281e-10
316.0 0.0009731632417242508
317.0 0.0007569081390101928
318.0 0.0005406534455687506
319.0 0.00047012731556606013
320.0 0.00039960204958333634
321.0 0.0024966082492028363
322.0 0.0045936150854686275
323.0 0.0037846097256988287
324.0 0.002975603820232209
325.0 0.0010398425729363225
326.0 1.571931603980281e-10
327.0 1.571931603980281e-10
328.0 1.571931603980281e-10
329.0 1.571931603980281e-10
330.0 1.571931603980281e-10
331.0 0.0015736648492747918
332.0 0.003383516741450876
333.0 0.002724591104197316
334.0 0.002065665103145875
335.0 0.002018287341343239
336.0 0.0019709097614395432
337.0 0.0018427099348627962
338.0 0.0017145099263871089
339.0 0.002020651663769968
340.0 0.002326793583051767
341.0 0.000878012360772118
342.0 1.571931603980281e-10
343.0 0.0003138030933769187
344.0 0.0011983751392108388
345.0 0.00010735267323980224
346.0 1.571931603980281e-10
347.0 1.571931603980281e-10
348.0 1.571931603980281e-10
349.0 1.571931603980281e-10
350.0 0.0011349021406203974
351.0 0.0005439870164991589
352.0 1.571931603980281e-10
353.0 1.571931603980281e-10
354.0 1.571931603980281e-10
355.0 1.571931603980281e-10
356.0 1.571931603980281e-10
357.0 0.0007357114100159379
358.0 0.001483031428506365
359.0 0.0006429437235055957
360.0 1.571931603980281e-10
361.0 7.421522809636372e-05
362.0 0.00034557440358184977
363.0 1.571931603980281e-10
364.0 1.571931603980281e-10
365.0 1.571931603980281e-10
366.0 0.00028376857699186075
367.0 0.00018041504290522425
368.0 7.70614917655621e-05
369.0 0.0005815121767227538
370.0 0.0010859629583137576
371.0 0.0008901158253138419
372.0 0.0006942688742128666
373.0 0.0005238754965830594
374.0 0.0003534820507411496
375.0 0.00010346972203478799
376.0 1.571931603980281e-10
377.0 1.571931603980281e-10
378.0 1.571931603980281e-10
379.0 1.571931603980281e-10
380.0 1.571931603980281e-10
381.0 1.571931603980281e-10
382.0 1.571931603980281e-10
383.0 0.0002910369630626519
384.0 0.0011005306987499353
385.0 0.0008754843292990699
386.0 0.0006504379143734695
387.0 1.571931603980281e-10
388.0 1.571931603980281e-10
389.0 1.571931603980281e-10
390.0 1.571931603980281e-10
391.0 0.00012524186558948713
392.0 0.0006014552127453499
393.0 0.00014599547739635454
394.0 1.571931603980281e-10
395.0 1.571931603980281e-10
396.0 4.044042327677744e-05
397.0 0.0003979949724453036
398.0 0.0007555495812994195
399.0 0.0009469994438404683
400.0 0.0011384491699573118
401.0 0.0023069687813404016
402.0 0.0034754873922793195
403.0 0.004630452167475596
404.0 0.005785416942671873
405.0 0.00427510603913106
406.0 0.0027647949536913075
407.0 0.0023867482013884
408.0 0.0020087009033886716
409.0 0.0024809856768115424
410.0 0.002953270450234413
411.0 0.0045838831283617765
412.0 0.00621449580648914
413.0 0.004883385918219574
414.0 0.003552276029950008
415.0 0.0036167093639960513
416.0 0.0036811426980420947
417.0 0.0037720099498983473
418.0 0.0038628772017546
419.0 0.0038922473322600126
420.0 0.003921617098967545
421.0 0.004556400017463602
422.0 0.0051911829359596595
423.0 0.005268344466458075
424.0 0.005345506724552251
425.0 0.005672464976669289
426.0 0.005999422137392685
427.0 0.005371180668589659
428.0 0.0047429388359887525
429.0 0.004293065285310149
430.0 0.0038431924622273073
431.0 0.003413475860725157
432.0 0.0029837592592230067
433.0 0.002906655936385505
434.0 0.002829552613548003
435.0 0.0024136701540555805
436.0 0.0019977875126642175
437.0 0.0015613572031725198
438.0 0.001124926893680822
439.0 0.0016144975234055892
440.0 0.0021040681531303562
441.0 0.0016572415916016325
442.0 0.0012104152119718492
443.0 0.0010658896826498676
444.0 0.000921364153327886
445.0 0.0008796066140348557
446.0 0.0008378492566407658
447.0 0.000531733758180053
448.0 0.00022561837340617785
449.0 0.00011525396530487342
450.0 4.88948082022489e-06
451.0 0.00015171623317655758
452.0 0.00029854300009901635
453.0 0.0008920894288166892
454.0 0.001485635857534362
455.0 0.001498520123277558
456.0 0.0015114044799702242
457.0 0.0006951146588107804
458.0 1.571931603980281e-10
459.0 6.290815122156346e-05
460.0 0.00024699122604943113
461.0 0.0005228768259257777
462.0 0.0007987624485394917
463.0 0.0006937105808901833
464.0 0.0005886585768166697
465.0 0.0003829285105894087
466.0 0.00017719835341267753
467.0 0.0003040439651158522
468.0 0.00043088962229376193
469.0 0.0003754648560061469
470.0 0.0003200401351932669
471.0 0.0004746563263324788
472.0 0.0006292726538958959
473.0 0.0008615776096121408
474.0 0.0010938824743789155
475.0 0.0008216316018661018
476.0 0.0005493807748280233
477.0 0.000570822612644406
478.0 0.0005922643595113186
479.0 0.0013161332390154712
480.0 0.002040002254943829
481.0 0.00273454534180928
482.0 0.0034290886105736718
483.0 0.005067140955361538
484.0 0.006705193663947284
485.0 0.008269504905911162
486.0 0.00983381614787504
487.0 0.011892853217432275
488.0 0.013951887376606464
489.0 0.016808201326057315
490.0 0.019664515275508165
491.0 0.022008043015375733
492.0 0.0243515707552433
493.0 0.025235209614038467
494.0 0.02611885138321668
495.0 0.0229269455303438
496.0 0.0197350382222794
497.0 0.015713289030827582
498.0 0.011691540566971526
499.0 0.008141580474330112
500.0 0.004591620381688699
501.0 0.003399788693059236
502.0 0.0022079564587329514
503.0 0.0021859497792320326
504.0 0.0021639425540342927
505.0 0.0019768740457948297
506.0 0.0017898053556564264
507.0 0.0020493474949034862
508.0 0.0023088894522516057
509.0 0.0022364847609424032
510.0 0.0021640800696332008
511.0 0.0018057662600767799
512.0 0.0014474526324192993
513.0 0.0018098511645803228
514.0 0.0021722498786402866
515.0 0.002322354157513473
516.0 0.0024724586182856
517.0 0.0025136956537608057
518.0 0.0025549328711349517
519.0 0.002294451587658841
520.0 0.0020339703041827306
521.0 0.0017695467249723151
522.0 0.001505122781964019
523.0 0.0013805565686197951
524.0 0.0012559903552755713
525.0 0.001985205744858831
526.0 0.002714421134442091
527.0 0.0026999083274859004
528.0 0.0026853955205297098
529.0 0.0022886935767019168
530.0 0.001891991269076243
531.0 0.0016550320651731454
532.0 0.0014180731341184583
533.0 0.001500153484812472
534.0 0.001582233926455956
535.0 0.001907761543407105
536.0 0.0022332889784593135
537.0 0.0028183952963445336
538.0 0.003403500886633992
539.0 0.004020168853458017
540.0 0.004636836820282042
541.0 0.005197968130232766
542.0 0.0057590994401834905
543.0 0.005124098606756888
544.0 0.004489097773330286
545.0 0.0034675671486184
546.0 0.0024460367058054544
547.0 0.0020576468159561045
548.0 0.0016692569261067547
549.0 0.0015560854080831632
550.0 0.001442914071958512
551.0 0.0014418744285649154
552.0 0.0014408349670702592
553.0 0.0013992083950142842
554.0 0.001357581732008839
555.0 0.0009504747140454128
556.0 0.0005433675141830463
557.0 0.000703221758158179
558.0 0.0008630760930827819
559.0 0.0005683614290319383
560.0 0.0002736467422437272
561.0 0.000894407003215747
562.0 0.0015151674233493395
563.0 0.0016567773855058476
564.0 0.0017983873476623558
565.0 0.001481105664424831
566.0 0.0011638241630862467
567.0 0.0009172215868602507
568.0 0.0006706189651595196
569.0 0.0006815401775384089
570.0 0.0006924614353920333
571.0 0.0005494631750480039
572.0 0.0004064648237545043
573.0 0.0004596964572556317
574.0 0.000512928090756759
575.0 0.00039795659176888876
576.0 0.0002829851609931211
577.0 0.00035079144709015964
578.0 0.0004185977559245657
579.0 0.00032725029086577706
580.0 0.00023590289401909104
581.0 0.0003672439561341889
582.0 0.0004985849955119193
583.0 0.0005273997885524295
584.0 0.0005562145815929398
585.0 0.0006399580797733506
586.0 0.0007237017598527018
587.0 0.0007310609362320974
588.0 0.000738420067136758
589.0 0.0006154798938950989
590.0 0.000492539766128175
591.0 0.0005828709163324675
592.0 0.000673202112011495
593.0 0.000589246656090836
594.0 0.000505291154695442
595.0 0.0004935099696012912
596.0 0.00048172873903240543
597.0 0.0005440299446490826
598.0 0.0006063311957404949
599.0 0.0005112340659252368
600.0 0.0004161369815847138
601.0 0.00036665869629359804
602.0 0.00031718038826511474
603.0 0.0002515780124667799
604.0 0.00018597557982502622
605.0 0.00021273876882332843
606.0 0.0002395019691903144
607.0 0.0003739952489922871
608.0 0.0005084885287942598
609.0 0.0004806893684872193
610.0 0.0004528900717559736
611.0 0.000536942661710782
612.0 0.0006209952971403254
613.0 0.0004044109118694905
614.0 0.0001878265379673394
615.0 0.0001423979028913891
616.0 9.696923370938748e-05
617.0 0.00024250887236121343
618.0 0.0003880485564877745
619.0 0.0004102610546397045
620.0 0.00043247368921583984
621.0 0.0003853104317386169
622.0 0.0003381471515240264
623.0 0.00040975710362545215
624.0 0.00048136703298951034
625.0 0.00036294079563958803
626.0 0.0002445146037644008
627.0 0.0002649294401635416
628.0 0.00028534423108794726
629.0 0.00039531191760033835
630.0 0.0005052795131632593
631.0 0.0004899833129456965
632.0 0.00047468697630392853
633.0 0.00038915331970201805
634.0 0.0003036195266759023
635.0 0.00036515752981358673
636.0 0.00042669553295127116
637.0 0.0005051109837950207
638.0 0.0005835264346387703
639.0 0.0006451144145103171
640.0 0.0007067023489071289
641.0 0.0006524706805066671
642.0 0.0005982390575809404
643.0 0.0006985198524489533
644.0 0.0007988007382664364
645.0 0.000831237412057817
646.0 0.0008636741767986678
647.0 0.0007925798854557797
648.0 0.0007214856395876268
649.0 0.0008127455657813698
650.0 0.0009040055374498479
651.0 0.0009036823030328378
652.0 0.0009033591595652979
653.0 0.0010697431207518093
654.0 0.001236127172887791
655.0 0.0017082704289350659
656.0 0.0021804135030834004
657.0 0.0031595351174473763
658.0 0.004138656004215591
659.0 0.006885960465297103
660.0 0.0068945053499192
661.0 0.14703712658956647
662.0 0.09088852675631642
663.0 0.12347697047516704
664.0 0.1129383803345263
665.0 0.1662007300183177
666.0 0.1700692460872233
667.0 0.26030943263322115
668.0 0.21810706239193678
669.0 0.3477332880720496
670.0 0.6032061297446489
671.0 0.8499777875840664
672.0 1.385396532714367
673.0 2.067464217543602
674.0 2.9480531811714172
675.0 4.022792726755142
676.0 5.187975242733955
677.0 6.584014743566513
678.0 8.089931309223175
679.0 9.797092527151108
680.0 11.990310996770859
681.0 14.346440136432648
682.0 16.96714609861374
683.0 19.802483916282654
684.0 22.860608994960785
685.0 25.79968273639679
686.0 28.78195345401764
687.0 32.17385113239288
688.0 35.74376106262207
689.0 39.56018090248108
690.0 43.866029381752014
691.0 48.74848127365112
692.0 54.18311357498169
693.0 59.99928116798401
694.0 66.31280779838562
695.0 72.02398777008057
696.0 78.17474007606506
697.0 83.37637186050415
698.0 88.44696283340454
699.0 91.86980724334717
700.0 94.19975876808167
701.0 95.84474563598633
702.0 96.91564440727234
703.0 97.27832078933716
704.0 97.5141167640686
705.0 97.77172803878784
706.0 97.69735336303711
707.0 97.79918193817139
708.0 97.8365957736969
709.0 97.8625476360321
710.0 97.67622947692871
711.0 97.9687511920929
712.0 97.84506559371948
713.0 97.9121208190918
714.0 98.08088541030884
715.0 98.0957567691803
716.0 97.9329526424408
717.0 98.07928800582886
718.0 98.02868366241455
719.0 98.0225682258606
720.0 98.06748628616333
721.0 97.95015454292297
722.0 97.56906628608704
723.0 97.32105135917664
724.0 97.02932834625244
725.0 96.88054919242859
726.0 96.72436714172363
727.0 96.56961560249329
728.0 96.46990299224854
729.0 96.2848961353302
730.0 96.50835394859314
731.0 96.54570817947388
732.0 96.70643210411072
733.0 97.11132645606995
734.0 97.45984077453613
735.0 97.56945967674255
736.0 97.94062972068787
737.0 98.26413989067078
738.0 98.41776490211487
739.0 98.68420958518982
740.0 98.73684048652649
741.0 98.64002466201782
742.0 98.83846044540405
743.0 98.65284562110901
744.0 98.5544502735138
745.0 98.52532148361206
746.0 98.46388101577759
747.0 98.75801801681519
748.0 98.61763119697571
749.0 98.45876693725586
750.0 98.42275381088257
751.0 98.40334057807922
752.0 98.23405742645264
753.0 98.56404662132263
754.0 98.44539761543274
755.0 98.56783747673035
756.0 98.5764741897583
757.0 98.58952760696411
758.0 98.6468493938446
759.0 98.73308539390564
760.0 98.63086342811584
761.0 98.5202431678772
762.0 98.64538908004761
763.0 98.63176345825195
764.0 98.49093556404114
765.0 98.4476387500763
766.0 98.36292862892151
767.0 98.21261167526245
768.0 98.23824763298035
769.0 98.11461567878723
770.0 97.94902801513672
771.0 97.83481955528259
772.0 97.9124665260315
773.0 97.91694283485413
774.0 97.70787954330444
775.0 97.76477813720703
776.0 97.75882363319397
777.0 97.89108037948608
778.0 98.00150990486145
779.0 98.12350273132324
780.0 98.03359508514404
781.0 98.4398603439331
782.0 98.38201999664307
783.0 98.48182201385498
784.0 98.4264075756073
785.0 98.55785369873047
786.0 98.69087338447571
787.0 98.44712615013123
788.0 98.39555025100708
789.0 98.52941036224365
790.0 98.46558570861816
791.0 98.44865202903748
792.0 98.256516456604
793.0 98.14348220825195
794.0 97.98967242240906
795.0 97.92554974555969
796.0 97.87853956222534
797.0 97.90088534355164
798.0 97.78363704681396
799.0 97.67588973045349
800.0 97.46809601783752
801.0 97.3019540309906
802.0 97.07966446876526
803.0 96.50503993034363
804.0 95.82104682922363
805.0 94.74310278892517
806.0 93.63617300987244
807.0 91.80998206138611
808.0 89.84485864639282
809.0 87.6108467578888
810.0 84.97872948646545
811.0 81.77157640457153
812.0 78.21322679519653
813.0 74.28407669067383
814.0 69.96048092842102
815.0 65.43528437614441
816.0 61.001622676849365
817.0 56.359654664993286
818.0 51.64908766746521
819.0 47.5366473197937
820.0 42.67668128013611
821.0 38.2562130689621
822.0 33.75858664512634
823.0 29.123687744140625
824.0 24.411119520664215
825.0 20.120786130428314
826.0 15.759414434432983
827.0 11.53016984462738
828.0 8.137698471546173
829.0 5.323483049869537
830.0 3.128873184323311
831.0 1.9329451024532318
832.0 1.066465862095356
833.0 0.5935842171311378
834.0 0.3802291816100478
835.0 0.21475928369909525
836.0 0.12525011552497745
837.0 0.1019995310343802
838.0 0.07342848111875355
839.0 0.006536211003549397
840.0 1.571931603980281e-10
841.0 0.00634508760413155
842.0 1.571931603980281e-10
843.0 0.0012038084605592303
844.0 1.571931603980281e-10
845.0 1.571931603980281e-10
846.0 1.571931603980281e-10
847.0 1.571931603980281e-10
848.0 1.571931603980281e-10
849.0 1.571931603980281e-10
850.0 1.571931603980281e-10
851.0 1.571931603980281e-10
852.0 0.0006317487986962078
853.0 0.0005686707481800113
854.0 0.0005055927886132849
855.0 0.00038845150811539497
856.0 0.000271310227617505
857.0 0.00016395772490795935
858.0 5.660513124894351e-05
859.0 1.571931603980281e-10
860.0 1.571931603980281e-10
861.0 1.571931603980281e-10
862.0 0.000121948403375427
863.0 1.571931603980281e-10
864.0 1.571931603980281e-10
865.0 1.571931603980281e-10
866.0 1.571931603980281e-10
867.0 1.571931603980281e-10
868.0 1.571931603980281e-10
869.0 1.571931603980281e-10
870.0 1.571931603980281e-10
871.0 1.571931603980281e-10
872.0 1.975511167984223e-05
873.0 7.226552156680555e-05
874.0 0.0001247759200850851
875.0 1.6715532069611072e-05
876.0 1.571931603980281e-10
877.0 1.571931603980281e-10
878.0 1.571931603980281e-10
879.0 4.733926743938355e-05
880.0 9.888640306598973e-05
881.0 2.385468462762219e-05
882.0 1.571931603980281e-10
883.0 1.571931603980281e-10
884.0 1.571931603980281e-10
885.0 1.5001808151282603e-05
886.0 5.4350573464034824e-05
887.0 1.571931603980281e-10
888.0 1.571931603980281e-10
889.0 1.571931603980281e-10
890.0 1.571931603980281e-10
891.0 1.571931603980281e-10
892.0 8.853632493810437e-05
893.0 5.380725554005039e-06
894.0 1.571931603980281e-10
895.0 1.571931603980281e-10
896.0 1.571931603980281e-10
897.0 1.571931603980281e-10
898.0 1.571931603980281e-10
