lsstCam/transmission_filter_detector/r41_s11/r_57/19700101T000000.ecsv
# %ECSV 1.0
# ---
# datatype:
# - {name: wavelength, unit: nm, datatype: float32}
# - {name: efficiency, unit: '%', datatype: float64}
# meta: !!omap
# - {MODE: DETECTOR}
# - {TYPE: transmission_filter_detector}
# - {CALIBDATE: '1970-01-01T00:00:00'}
# - {INSTRUME: LSSTCam}
# - {OBSTYPE: transmission_filter_detector}
# - {CALIBCLS: lsst.ip.isr.IntermediateFilterDetectorTransmissionCurve}
# - {SOURCE: Materion (DM-46256)}
# - {DETECTOR: 166}
# - {FILTER: r_57}
# - {CALIB_ID: 'calibDate=1970-01-01T00:00:00 filter=r_57 detector=166'}
# - {DATE: '2025-04-02T15:59:44.952533'}
# - {CALIB_CREATION_DATE: '2025-04-02'}
# - {CALIB_CREATION_TIME: '15:59:44'}
# - __serialized_columns__:
#     efficiency:
#       __class__: astropy.units.quantity.Quantity
#       unit: !astropy.units.Unit {unit: '%'}
#       value: !astropy.table.SerializedColumn {name: efficiency}
#     wavelength:
#       __class__: astropy.units.quantity.Quantity
#       unit: !astropy.units.Unit {unit: nm}
#       value: !astropy.table.SerializedColumn {name: wavelength}
# schema: astropy-2.0
wavelength efficiency
300.0 0.002720016891544219
301.0 0.006671756273135543
302.0 0.010623495472827926
303.0 0.01390844990964979
304.0 0.01719340361887589
305.0 0.015621757484041154
306.0 0.014050111349206418
307.0 0.011631866073003039
308.0 0.009213620069203898
309.0 0.008624202018836513
310.0 0.00803478469606489
311.0 0.007319416181417182
312.0 0.006604047666769475
313.0 0.0065753331000451
314.0 0.006546620716108009
315.0 0.006141448102425784
316.0 0.005736275124945678
317.0 0.00526637195434887
318.0 0.004796467692358419
319.0 0.004433320646057837
320.0 0.004070175054948777
321.0 0.004018284380435944
322.0 0.003966394797316752
323.0 0.003626514444476925
324.0 0.003286634455434978
325.0 0.003127396121271886
326.0 0.0029681586966034956
327.0 0.0029945513233542442
328.0 0.003020944132003933
329.0 0.0029842516596545465
330.0 0.0029475604605977423
331.0 0.0027824991775560193
332.0 0.002617438258312177
333.0 0.002434818998153787
334.0 0.0022521997379953973
335.0 0.0020325318473624066
336.0 0.0018128639567294158
337.0 0.0016710579075152054
338.0 0.0015292516764020547
339.0 0.001453640652471222
340.0 0.0013780297194898594
341.0 0.0013344774743018206
342.0 0.0012909250472148415
343.0 0.001263696867681574
344.0 0.0012364685971988365
345.0 0.0012105757377867121
346.0 0.0011846828783745877
347.0 0.001117559804697521
348.0 0.0010504368219699245
349.0 0.0010035573723143898
350.0 0.006077834405004978
351.0 0.005786951805930585
352.0 0.005496071025845595
353.0 0.004789666854776442
354.0 0.004083263411303051
355.0 0.004533810351858847
356.0 0.004984357656212524
357.0 0.005276974479784258
358.0 0.005569592758547515
359.0 0.004306250775698572
360.0 0.0030429089747485705
361.0 0.003425961040193215
362.0 0.0038090136513346806
363.0 0.0029925404305686243
364.0 0.002176067209802568
365.0 0.0024802373445709236
366.0 0.0027844076612382196
367.0 0.0031420859158970416
368.0 0.003499764352454804
369.0 0.0036299901694292203
370.0 0.0037602170777972788
371.0 0.0032862124498933554
372.0 0.0028122080038883723
373.0 0.0031463638151763007
374.0 0.0034805198083631694
375.0 0.0027590054742177017
376.0 0.0020374913219711743
377.0 0.001813572453102097
378.0 0.0015896539480309002
379.0 0.0020483288608375005
380.0 0.002507003773644101
381.0 0.00329404829244595
382.0 0.004081092629348859
383.0 0.004500579598243348
384.0 0.004920067294733599
385.0 0.005239904567133635
386.0 0.005559741839533672
387.0 0.004525133408606052
388.0 0.0034905242500826716
389.0 0.002515297819627449
390.0 0.0015400712072732858
391.0 0.0012922071618959308
392.0 0.0010443430255691055
393.0 0.0009801068699744064
394.0 0.0009158708053291775
395.0 0.0013687355931324419
396.0 0.0018216005628346466
397.0 0.0017563907022122294
398.0 0.0016911804777919315
399.0 0.0013853188647772186
400.0 0.001079457433661446
401.0 0.0009563347703078762
402.0 0.0008332121069543064
403.0 0.0011622948477452155
404.0 0.001491377770435065
405.0 0.0014336567801365163
406.0 0.0013759358807874378
407.0 0.0013403902812569868
408.0 0.0013048449545749463
409.0 0.001480285845900653
410.0 0.0016557265553274192
411.0 0.0017442092939745635
412.0 0.0018326920326217078
413.0 0.0016360223526135087
414.0 0.0014393526726053096
415.0 0.0015327757864724845
416.0 0.0016261989003396593
417.0 0.001979728040168993
418.0 0.002333257179998327
419.0 0.0030256120226113126
420.0 0.0037179666833253577
421.0 0.0054565214668400586
422.0 0.007195075158961117
423.0 0.010403317719465122
424.0 0.013611560279969126
425.0 0.018339254893362522
426.0 0.02306695096194744
427.0 0.022900445037521422
428.0 0.02273393765790388
429.0 0.01803788763936609
430.0 0.013341834710445255
431.0 0.009468995267525315
432.0 0.005596153641818091
433.0 0.004613472992787138
434.0 0.0036307927075540647
435.0 0.0029745910069323145
436.0 0.0023183889425126836
437.0 0.001957070708158426
438.0 0.0015957521100062877
439.0 0.0013603408660856076
440.0 0.0011249298040638678
441.0 0.0012439156307664234
442.0 0.0013629016393679194
443.0 0.0014980801097408403
444.0 0.0016332583982148208
445.0 0.0011693661690515
446.0 0.000705473757989239
447.0 0.0010232146451016888
448.0 0.0013409553503151983
449.0 0.0014718963029736187
450.0 0.0016028370737330988
451.0 0.0017163278243970126
452.0 0.0018298187569598667
453.0 0.0017912852854351513
454.0 0.0017527519958093762
455.0 0.0014522683159157168
456.0 0.0011517848179209977
457.0 0.0011992089639534242
458.0 0.0012466333828342613
459.0 0.0014157551959215198
460.0 0.0015848767361603677
461.0 0.00224472678382881
462.0 0.0029045770133961923
463.0 0.003828069384326227
464.0 0.004751561937155202
465.0 0.0057714732975000516
466.0 0.00679138393024914
467.0 0.007311408262467012
468.0 0.007831434777472168
469.0 0.006734696216881275
470.0 0.0056379583838861436
471.0 0.0040838367567630485
472.0 0.002529715493437834
473.0 0.001868008985184133
474.0 0.0012063028407283127
475.0 0.0010710903552535456
476.0 0.0009358780516777188
477.0 0.0010295226275047753
478.0 0.0011231671123823617
479.0 0.0009869158020592295
480.0 0.0008506644007866271
481.0 0.0008425809028267395
482.0 0.0008344973139173817
483.0 0.0007425631793012144
484.0 0.0006506289537355769
485.0 0.0007907925464678556
486.0 0.0009309558663517237
487.0 0.0009064370715350378
488.0 0.0008819183676678222
489.0 0.0009413563020643778
490.0 0.0010007942364609335
491.0 0.0009313759619544726
492.0 0.0008619576874480117
493.0 0.0008836366760078818
494.0 0.0009053156645677518
495.0 0.0009793810932023916
496.0 0.0010534466127865016
497.0 0.0011746370546461549
498.0 0.0012958276784047484
499.0 0.0013646038496517576
500.0 0.0014333800208987668
501.0 0.0016846055586938746
502.0 0.0019358312783879228
503.0 0.002300712549185846
504.0 0.002665593819983769
505.0 0.0032649768400005996
506.0 0.003864359314320609
507.0 0.004750940570374951
508.0 0.0056375218264292926
509.0 0.0058323184930486605
510.0 0.006027115159668028
511.0 0.005452016193885356
512.0 0.004876917228102684
513.0 0.0041385992517462
514.0 0.0034002816391875967
515.0 0.003187216861988418
516.0 0.0029741519028902985
517.0 0.003010940781678073
518.0 0.0030477302061626688
519.0 0.06142331985756755
520.0 0.02700533950701356
521.0 0.10081157088279724
522.0 0.04250433994457126
523.0 0.0606033019721508
524.0 0.07396131404675543
525.0 0.0520656059961766
526.0 0.0841104716528207
527.0 0.10613066842779517
528.0 0.1486728899180889
529.0 0.14360526110976934
530.0 0.1554868882521987
531.0 0.18317169742658734
532.0 0.21895342506468296
533.0 0.2273723715916276
534.0 0.507720559835434
535.0 0.5720385815948248
536.0 0.8624473586678505
537.0 1.3587871566414833
538.0 2.1232500672340393
539.0 3.3406853675842285
540.0 5.167265236377716
541.0 7.588358968496323
542.0 10.351120680570602
543.0 14.115217328071594
544.0 18.463508784770966
545.0 23.497332632541656
546.0 29.77287769317627
547.0 36.66585683822632
548.0 45.09060084819794
549.0 53.33217978477478
550.0 59.618258476257324
551.0 66.4470374584198
552.0 70.92664241790771
553.0 75.2483606338501
554.0 78.84252071380615
555.0 82.69827961921692
556.0 86.04156374931335
557.0 88.98512125015259
558.0 91.47800803184509
559.0 94.18418407440186
560.0 94.25359964370728
561.0 95.03105878829956
562.0 95.86816430091858
563.0 95.49521803855896
564.0 95.80090641975403
565.0 95.3292965888977
566.0 96.22945189476013
567.0 95.29730081558228
568.0 96.27203941345215
569.0 96.91014289855957
570.0 96.59034013748169
571.0 97.11037874221802
572.0 97.34962582588196
573.0 96.85521721839905
574.0 96.99342846870422
575.0 96.96319699287415
576.0 97.37764000892639
577.0 97.22033143043518
578.0 97.15176224708557
579.0 97.2348153591156
580.0 96.5086579322815
581.0 96.92568182945251
582.0 97.06353545188904
583.0 97.01340794563293
584.0 96.42901420593262
585.0 96.45355939865112
586.0 96.49152159690857
587.0 96.03419303894043
588.0 96.83616161346436
589.0 97.48125076293945
590.0 96.83806300163269
591.0 95.8169937133789
592.0 96.15834355354309
593.0 95.99226713180542
594.0 96.11703753471375
595.0 96.66897058486938
596.0 97.05606698989868
597.0 97.19845652580261
598.0 97.01837301254272
599.0 97.19288349151611
600.0 97.29672074317932
601.0 96.38085961341858
602.0 96.69435620307922
603.0 96.24201655387878
604.0 96.44190073013306
605.0 96.81084156036377
606.0 96.43038511276245
607.0 96.19302153587341
608.0 96.42910957336426
609.0 95.81576585769653
610.0 95.97381353378296
611.0 95.71053385734558
612.0 96.17118835449219
613.0 97.14615941047668
614.0 96.91295027732849
615.0 96.18032574653625
616.0 96.69525027275085
617.0 96.60972952842712
618.0 96.31211757659912
619.0 97.13923931121826
620.0 96.24321460723877
621.0 95.66084742546082
622.0 96.65168523788452
623.0 97.0820426940918
624.0 96.81991338729858
625.0 97.25667238235474
626.0 96.36927843093872
627.0 95.45947313308716
628.0 97.41247296333313
629.0 95.524001121521
630.0 96.74092531204224
631.0 96.53522372245789
632.0 96.96005582809448
633.0 96.76347374916077
634.0 96.00931406021118
635.0 96.34225368499756
636.0 95.93693614006042
637.0 95.80366015434265
638.0 95.53815126419067
639.0 95.42702436447144
640.0 95.55774927139282
641.0 95.7726240158081
642.0 96.01799249649048
643.0 96.28731608390808
644.0 96.10166549682617
645.0 96.6219961643219
646.0 96.32282853126526
647.0 97.2662627696991
648.0 96.60629034042358
649.0 96.00673913955688
650.0 96.53355479240417
651.0 97.06897735595703
652.0 97.00637459754944
653.0 96.04536294937134
654.0 96.81288003921509
655.0 97.00301885604858
656.0 95.8801805973053
657.0 96.09588980674744
658.0 96.39258980751038
659.0 96.59399390220642
660.0 95.66932916641235
661.0 95.5357313156128
662.0 95.8533525466919
663.0 95.91278433799744
664.0 95.39471864700317
665.0 95.50058245658875
666.0 95.43136358261108
667.0 95.70794105529785
668.0 94.92257237434387
669.0 95.96734642982483
670.0 95.47907710075378
671.0 95.69945335388184
672.0 95.46036720275879
673.0 95.4998791217804
674.0 94.9804961681366
675.0 95.74869275093079
676.0 95.06245255470276
677.0 93.92402172088623
678.0 92.9813802242279
679.0 92.5591766834259
680.0 91.26017093658447
681.0 89.91338610649109
682.0 87.55018711090088
683.0 84.94758009910583
684.0 81.38437867164612
685.0 77.66489386558533
686.0 73.44527840614319
687.0 69.08968687057495
688.0 64.44318294525146
689.0 60.30488610267639
690.0 55.413055419921875
691.0 51.29484534263611
692.0 46.81577682495117
693.0 42.33495593070984
694.0 37.149038910865784
695.0 31.621822714805603
696.0 26.085510849952698
697.0 20.655813813209534
698.0 14.92849886417389
699.0 10.583896934986115
700.0 7.201123982667923
701.0 4.470610246062279
702.0 2.733050659298897
703.0 1.5409414656460285
704.0 0.8949445560574532
705.0 0.5171856377273798
706.0 0.3697318257763982
707.0 0.24152209516614676
708.0 0.17970862099900842
709.0 0.10701632127165794
710.0 0.09648274863138795
711.0 0.04022989596705884
712.0 0.0734823988750577
713.0 0.03541431506164372
714.0 0.015687826089560986
715.0 0.06472988170571625
716.0 0.039302921504713595
717.0 0.07911310531198978
718.0 0.04808036028407514
719.0 0.029808026738464832
720.0 1.6792047353303419e-10
721.0 0.003989071774412878
722.0 0.0038954120100243017
723.0 0.0038017522456357256
724.0 0.0035661723813973367
725.0 0.003330592517158948
726.0 0.0030661904020234942
727.0 0.0028017881049891002
728.0 0.0027218929972150363
729.0 0.002641997707542032
730.0 0.0024764887712080963
731.0 0.0023109796529752202
732.0 0.002240453613922
733.0 0.0021699273929698393
734.0 0.0020728231902467087
735.0 0.001975718987523578
736.0 0.001875617090263404
737.0 0.0017755153749021702
738.0 0.0015709467334090732
739.0 0.001366378000966506
740.0 0.0014569442100764718
741.0 0.0015475103282369673
742.0 0.0014607290722778998
743.0 0.0013739475434704218
744.0 0.0013264588233141694
745.0 0.0012789704669557977
746.0 0.0012356137631286401
747.0 0.0011922568774025422
748.0 0.001116966268455144
749.0 0.0010416754776088055
750.0 0.0010239156836178154
751.0 0.0010061557077278849
752.0 0.0010262535397487227
753.0 0.0010463513717695605
754.0 0.001111272104026284
755.0 0.0011761929272324778
756.0 0.0010876477062993217
757.0 0.0009991025763156358
758.0 0.0010214652320428286
759.0 0.0010438279787194915
760.0 0.001138101470132824
761.0 0.0012323748705966864
762.0 0.0012300910384510644
763.0 0.0012278069334570318
764.0 0.001118152249546256
765.0 0.0010084978384838905
766.0 0.0008427443390246481
767.0 0.0006769908395654056
768.0 0.0007529343747592065
769.0 0.0008288779099530075
770.0 0.0007474553967767861
771.0 0.000666033065499505
772.0 0.0007077034297253704
773.0 0.0007493736120522954
774.0 0.000697849236530601
775.0 0.0006463248155341716
776.0 0.0006594709248020081
777.0 0.0006726170340698445
778.0 0.0006917295650055166
779.0 0.0007108420049917186
780.0 0.0006759512416465441
781.0 0.0006410604328266345
782.0 0.0006581439720321214
783.0 0.0006752276931365486
784.0 0.0006848668363090837
785.0 0.0006945058885321487
786.0 0.000678507967677433
787.0 0.0006625100922974525
788.0 0.0006614769063162385
789.0 0.00066044403865817
790.0 0.0005326059635990532
791.0 0.0004047675702167908
792.0 0.0005248946308711311
793.0 0.0006450217370002065
794.0 0.0007454364094883204
795.0 0.0008458511729259044
796.0 0.0007717648259131238
797.0 0.0006976786607992835
798.0 0.0006847938493592665
799.0 0.0006719090379192494
800.0 0.0006829787253082031
801.0 0.0006940482762729516
802.0 0.0006684865638817428
803.0 0.0006429248514905339
804.0 0.0006019434295012616
805.0 0.0005609618256130489
806.0 0.0005820201749884291
807.0 0.0006030785243638093
808.0 0.0007133501640055329
809.0 0.0008236218491219915
810.0 0.0006643341748713283
811.0 0.0005050465915701352
812.0 0.0006079097602196271
813.0 0.0007107730198185891
814.0 0.000752171263229684
815.0 0.0007935694156913087
816.0 0.0007037221166683594
817.0 0.000613874772170675
818.0 0.0003727864850588958
819.0 0.0001316983116339543
820.0 0.0003252999249525601
821.0 0.0005189016064832686
822.0 0.0005192446224100422
823.0 0.0005195876383368159
824.0 0.0004582732344715623
825.0 0.00039695892155577894
826.0 0.00044253019950701855
827.0 0.00048810143198352307
828.0 0.00048360866458097007
829.0 0.00047911598812788725
830.0 0.00023946463443280663
831.0 1.6792047353303419e-10
832.0 2.1739852229529788e-05
833.0 4.36664066683079e-05
834.0 2.5199022957167472e-05
835.0 6.731605139975727e-06
836.0 0.00026196701128355926
837.0 0.0005172021701582707
838.0 0.0014401042790268548
839.0 0.002363006387895439
840.0 0.0032350882975151762
841.0 0.004107169661438093
842.0 0.004707835250883363
843.0 0.005308497929945588
844.0 0.004940005601383746
845.0 0.0045715129090240225
846.0 0.004300060027162544
847.0 0.0040286082366947085
848.0 0.0037318059185054153
849.0 0.0034350028727203608
850.0 0.0032824373192852363
851.0 0.003129871765850112
852.0 0.0027406813387642615
853.0 0.0023514905478805304
854.0 0.0019459337636362761
855.0 0.001540376979392022
856.0 0.0012290993254282512
857.0 0.0009178213076665998
858.0 0.0006915876838320401
859.0 0.00046535405999748036
860.0 0.0003505994754959829
861.0 0.000235844913731853
862.0 0.00022104245545051526
863.0 0.00020623997443180997
864.0 0.0001960521558430628
865.0 0.00018586431451694807
866.0 0.00016260577240245766
867.0 0.00013934724165665102
868.0 7.150918008846929e-05
869.0 3.6711295336999683e-06
870.0 0.0001281445747736143
871.0 0.0002526179969208897
872.0 0.00022246586013352498
873.0 0.0001923137460835278
874.0 0.00020212785329931648
875.0 0.00021194200598984025
876.0 0.00014717613794346107
877.0 8.241029263444943e-05
878.0 2.7979697847513307e-05
879.0 1.6792047353303419e-10
880.0 3.740347267466859e-05
881.0 0.00010125787639481132
882.0 7.386317975033307e-05
883.0 4.646852005407709e-05
884.0 8.303844651891268e-05
885.0 0.00011960844403802184
886.0 0.0001899396579574386
887.0 0.0002602708718768554
888.0 0.00019691756278916728
889.0 0.00013356421959542786
890.0 0.0001803181930881692
891.0 0.00022707213247485925
892.0 0.00023915508791105822
893.0 0.0002512380433472572
894.0 0.0001325307493971195
895.0 1.3823448341554467e-05
896.0 1.6792047353303419e-10
897.0 1.6792047353303419e-10
898.0 1.9932745942696783e-05
899.0 9.619812999517308e-05
900.0 0.00010189658041781513
901.0 0.00010759497399703832
