lsstCam/transmission_filter_detector/r41_s11/r_57/19700101T000000.ecsv
# %ECSV 1.0
# ---
# datatype:
# - {name: wavelength, unit: nm, datatype: float32}
# - {name: efficiency, unit: '%', datatype: float64}
# meta: !!omap
# - {MODE: DETECTOR}
# - {TYPE: transmission_filter_detector}
# - {CALIBDATE: '1970-01-01T00:00:00'}
# - {INSTRUME: LSSTCam}
# - {OBSTYPE: transmission_filter_detector}
# - {CALIBCLS: lsst.ip.isr.IntermediateFilterDetectorTransmissionCurve}
# - {SOURCE: Materion (DM-46256)}
# - {DETECTOR: 166}
# - {FILTER: r_57}
# - {CALIB_ID: 'calibDate=1970-01-01T00:00:00 filter=r_57 detector=166'}
# - {DATE: '2025-04-02T15:59:44.952533'}
# - {CALIB_CREATION_DATE: '2025-04-02'}
# - {CALIB_CREATION_TIME: '15:59:44'}
# - __serialized_columns__:
#     efficiency:
#       __class__: astropy.units.quantity.Quantity
#       unit: !astropy.units.Unit {unit: '%'}
#       value: !astropy.table.SerializedColumn {name: efficiency}
#     wavelength:
#       __class__: astropy.units.quantity.Quantity
#       unit: !astropy.units.Unit {unit: nm}
#       value: !astropy.table.SerializedColumn {name: wavelength}
# schema: astropy-2.0
wavelength efficiency
[from data line 603]
903.0 0.00010968697097268887
904.0 0.00018725089603321976
905.0 0.0002648147983563831
906.0 0.00014210257859303965
907.0 1.9390365935123555e-05
908.0 0.00010373792065365706
909.0 0.00018808547110893414
910.0 0.00012597331533470424
911.0 6.386115387613245e-05
912.0 0.00013295900771481683
913.0 0.0002020568672378431
914.0 0.00014511876997858053
915.0 8.81806556662923e-05
916.0 9.419841831004305e-05
917.0 0.00010021617526945192
918.0 5.354735321816406e-05
919.0 6.878546798816387e-06
920.0 5.763139370174031e-05
921.0 0.00010838426760528819
922.0 0.00012951123835591716
923.0 0.00015063824321259744
924.0 0.00020380714431667002
925.0 0.00025697606815811014
926.0 0.00024164237402146682
927.0 0.0002263087253595586
928.0 0.0002146233327948721
929.0 0.00020293794023018563
930.0 0.00015064645140228095
931.0 9.835493983700871e-05
932.0 9.992364766731043e-05
933.0 0.00010149236686629592
934.0 0.00013697693930225796
935.0 0.00017246151173822
936.0 0.00010561582257651025
937.0 3.877012488828768e-05
938.0 1.6792047353303419e-10
939.0 1.6792047353303419e-10
940.0 2.988030018968857e-05
941.0 0.0001170866653410485
942.0 0.0002081558477584622
943.0 0.0002992249847011408
944.0 0.00023912043616292067
945.0 0.00017901584214996547
946.0 0.00035409732390689896
947.0 0.0005291788511385676
948.0 0.0005094140306027839
949.0 0.0004896493010164704
950.0 0.0005116499323776225
951.0 0.0005336505182640394
952.0 0.0005142385361978086
953.0 0.0004948265996063128
954.0 0.0007999210538400803
955.0 0.0011050157809222583
956.0 0.0009479125765210483
957.0 0.0007908096449682489
958.0 0.001100320787372766
959.0 0.0014098317478783429
960.0 0.0015001845895312726
961.0 0.0015905374311842024
962.0 0.0017860103980638087
963.0 0.001981483364943415
964.0 0.0019995410184492357
965.0 0.002017598490056116
966.0 0.0021586418370134197
967.0 0.002299685547768604
968.0 0.002221154500148259
969.0 0.0021426236344268546
970.0 0.0022324384190142155
971.0 0.0023222532036015764
972.0 0.002413201946183108
973.0 0.002504150688764639
974.0 0.0027031013814848848
975.0 0.0029020522561040707
976.0 0.003028706123586744
977.0 0.003155359809170477
978.0 0.0031798415875528008
979.0 0.0032043230021372437
980.0 0.0032803065550979227
981.0 0.003356289744260721
982.0 0.0033199794415850192
983.0 0.003283669866505079
984.0 0.0032188927434617653
985.0 0.003154116348014213
986.0 0.0030484789022011682
987.0 0.002942841820186004
988.0 0.0029522501790779643
989.0 0.0029616585379699245
990.0 0.0028519838451757096
991.0 0.0027423096980783157
992.0 0.0026910192900686525
993.0 0.00263972924585687
994.0 0.002707247585931327
995.0 0.0027747661079047248
996.0 0.002849741758836899
997.0 0.0029247172278701328
998.0 0.002936756209237501
999.0 0.002948795008705929
1000.0 0.0029488015570677817
1001.0 0.0029488077416317537
1002.0 0.0031579413189319894
1003.0 0.0033670752600301057
1004.0 0.0037381316360551864
1005.0 0.004109188012080267
1006.0 0.004166860162513331
1007.0 0.0042245330405421555
1008.0 0.004217530658934265
1009.0 0.004210528277326375
1010.0 0.004210771294310689
1011.0 0.004211014311295003
1012.0 0.0041681836592033505
1013.0 0.004125353370909579
1014.0 0.004144546255702153
1015.0 0.004163739504292607
1016.0 0.003665269832708873
1017.0 0.0031667997973272577
1018.0 0.002903444146795664
1019.0 0.0026400881324661896
1020.0 0.002352257797610946
1021.0 0.002064426735159941
1022.0 0.0018522685422794893
1023.0 0.001640109985601157
1024.0 0.001435328431398375
1025.0 0.0012305467862461228
1026.0 0.0011329640074109193
1027.0 0.0010353815014241263
1028.0 0.0009195588972943369
1029.0 0.0008037362931645475
1030.0 0.0008265494216175284
1031.0 0.0008493625500705093
1032.0 0.0005814911219204077
1033.0 0.00031361962555820355
1034.0 0.00045655328904103953
1035.0 0.0005994869752612431
1036.0 0.0006484270670625847
1037.0 0.0006973671133891912
1038.0 0.0009404485354025383
1039.0 0.0011835299119411502
1040.0 0.0009773315468919463
1041.0 0.0007711332727922127
1042.0 0.0007337497663684189
1043.0 0.0006963661235204199
1044.0 0.0007978533176355995
1045.0 0.0008993403753265738
1046.0 0.0008240852366725449
1047.0 0.0007488299161195755
1048.0 0.0009263721040042583
1049.0 0.0011039145647373516
1050.0 0.001186225017590914
1051.0 0.0012685357432928868
1052.0 0.0014620269212173298
1053.0 0.0016555179172428325
1054.0 0.0013922182006353978
1055.0 0.0011289186659269035
1056.0 0.0011485686627565883
1057.0 0.0011682188414852135
1058.0 0.001115180566557683
1059.0 0.0010621421097312123
1060.0 0.0010114696124219336
1061.0 0.0009607971151126549
1062.0 0.0007593277587147895
1063.0 0.0005578585387411295
1064.0 0.0009368071005155798
1065.0 0.001315755616815295
1066.0 0.0014810154425504152
1067.0 0.0016462749044876546
1068.0 0.0014529916370520368
1069.0 0.0012597080967680085
1070.0 0.001448275270377053
1071.0 0.0016368423530366272
1072.0 0.0020629957361961715
1073.0 0.002489149119355716
1074.0 0.002384239087405149
1075.0 0.0022793294192524627
1076.0 0.0025485911464784294
1077.0 0.002817852691805456
1078.0 0.0031356416002381593
1079.0 0.003453430690569803
1080.0 0.0032718653528718278
1081.0 0.0030903000151738524
1082.0 0.0036406800063559785
1083.0 0.004191059997538105
1084.0 0.003527978333295323
1085.0 0.0028648968509514816
1086.0 0.0033279222407145426
1087.0 0.003790947448578663
1088.0 0.0037686244468204677
1089.0 0.0037463014450622723
1090.0 0.0037387042539194226
1091.0 0.0037311066989786923
1092.0 0.0036621640902012587
1093.0 0.003593221481423825
1094.0 0.002897639205912128
1095.0 0.0022020571122993715
1096.0 0.0021385525542427786
1097.0 0.002075047632388305
1098.0 0.0023979577235877514
1099.0 0.002720867814787198
1100.0 0.0018201280909124762
1101.0 0.000919388094189344
