ts8/qe_curve/rtm-010_s22/19700101T000000.ecsv
# %ECSV 0.9
# ---
# datatype:
# - {name: amp_name, datatype: string}
# - {name: wavelength, unit: nm, datatype: float32}
# - {name: efficiency, unit: '%', datatype: float32}
# meta: !!omap
# - {MODE: AMP}
# - {TYPE: QE}
# - {CALIBDATE: '1970-01-01T00:00:00'}
# - {INSTRUME: TS8}
# - {OBSTYPE: qe_curve}
# - {DETECTOR: 71}
# - {PICKLEFILE: RaftRun12139.p}
# - {CALIB_ID: 'raftName=RTM-010 detectorName=S22 detector=71 calibDate=1970-01-01T00:00:00 ccd=71 ccdnum=71 filter=None'}
# - {DATE: '2020-01-23T15:34:32.098120'}
# - {CALIB_CREATION_DATE: '2020-01-23'}
# - {CALIB_CREATION_TIME: '15:34:32'}
# - __serialized_columns__:
#     efficiency:
#       __class__: astropy.units.quantity.Quantity
#       unit: !astropy.units.Unit {unit: '%'}
#       value: !astropy.table.SerializedColumn {name: efficiency}
#     wavelength:
#       __class__: astropy.units.quantity.Quantity
#       unit: !astropy.units.Unit {unit: nm}
#       value: !astropy.table.SerializedColumn {name: wavelength}
# schema: astropy-2.0
amp_name wavelength efficiency
C03 319.994 44.90712
C03 324.969 49.93167
C03 349.982 64.875084
C03 374.975 67.91686
C03 400.019 79.45964
C03 424.965 84.52523
C03 450.035 88.9293
C03 475.003 92.22343
C03 500.018 94.46165
C03 525.002 96.1011
C03 550.029 97.34334
C03 575.023 98.43244
C03 599.982 98.968346
C03 619.997 98.43189
C03 624.979 98.78519
C03 650.012 98.60377
C03 675.004 98.108246
C03 700.03 97.26421
C03 725.012 97.12494
C03 750.022 96.905975
C03 774.987 97.2965
C03 799.976 96.73531
C03 824.988 94.62679
C03 850.022 92.48906
C03 869.967 89.22612
C03 875.002 88.37524
C03 899.999 80.79839
C03 919.999 72.33971
C03 925.012 69.654594
C03 949.965 57.898247
C03 975.002 43.40673
C03 999.976 26.612999
C03 1025.028 11.787092
C03 1050.014 4.2681103
C03 1075.002 2.3434124
C03 1099.99 1.8283471
C14 319.994 46.819065
C14 324.969 52.09278
C14 349.982 67.96398
C14 374.975 70.695435
C14 400.019 81.27536
C14 424.965 85.78209
C14 450.035 89.887
C14 475.003 93.01177
C14 500.018 95.13726
C14 525.002 96.705055
C14 550.029 97.91041
C14 575.023 98.97552
C14 599.982 99.49815
C14 619.997 98.94698
C14 624.979 99.30226
C14 650.012 99.11838
C14 675.004 98.602425
C14 700.03 97.68308
C14 725.012 97.33793
C14 750.022 96.86095
C14 774.987 96.991005
C14 799.976 96.32062
C14 824.988 94.245445
C14 850.022 92.074265
C14 869.967 88.69608
C14 875.002 87.83677
C14 899.999 80.62753
C14 919.999 72.64352
C14 925.012 69.92753
C14 949.965 57.52014
C14 975.002 43.065315
C14 999.976 26.45316
C14 1025.028 11.649273
C14 1050.014 4.2144904
C14 1075.002 2.3388276
C14 1099.99 1.8317336
C07 319.994 46.803608
C07 324.969 52.076756
C07 349.982 67.903305
C07 374.975 70.58129
C07 400.019 81.08531
C07 424.965 85.55674
C07 450.035 89.6383
C07 475.003 92.746895
C07 500.018 94.86412
C07 525.002 96.43066
C07 550.029 97.63047
C07 575.023 98.68939
C07 599.982 99.21127
C07 619.997 98.66095
C07 624.979 99.01715
C07 650.012 98.823784
C07 675.004 98.32099
C07 700.03 97.47952
C07 725.012 97.341415
C07 750.022 97.11859
C07 774.987 97.48451
C07 799.976 96.90367
C07 824.988 94.79136
C07 850.022 92.67535
C07 869.967 89.30973
C07 875.002 88.444824
C07 899.999 81.08831
C07 919.999 72.723526
C07 925.012 69.998474
C07 949.965 57.738167
C07 975.002 43.364445
C07 999.976 26.65373
C07 1025.028 11.793597
C07 1050.014 4.340717
C07 1075.002 2.4011629
C07 1099.99 1.8648957
C10 319.994 48.159836
C10 324.969 53.58108
C10 349.982 69.874725
C10 374.975 72.346954
C10 400.019 82.18899
C10 424.965 86.28456
C10 450.035 90.1677
C10 475.003 93.14748
C10 500.018 95.17735
C10 525.002 96.675545
C10 550.029 97.83147
C10 575.023 98.85915
C10 599.982 99.35653
C10 619.997 98.78627
C10 624.979 99.139015
C10 650.012 98.93106
C10 675.004 98.40727
C10 700.03 97.490395
C10 725.012 97.16512
C10 750.022 96.710365
C10 774.987 96.84665
C10 799.976 96.17076
C10 824.988 94.056145
C10 850.022 91.88165
C10 869.967 88.54107
C10 875.002 87.67339
C10 899.999 80.40476
C10 919.999 72.485435
C10 925.012 69.7849
C10 949.965 57.402126
C10 975.002 42.761276
C10 999.976 26.420063
C10 1025.028 11.753254
C10 1050.014 4.262722
C10 1075.002 2.3450587
C10 1099.99 1.838883
C16 319.994 45.946808
C16 324.969 51.098915
C16 349.982 66.484634
C16 374.975 69.39676
C16 400.019 80.55801
C16 424.965 85.3957
C16 450.035 89.68181
C16 475.003 92.90702
C16 500.018 95.09658
C16 525.002 96.70339
C16 550.029 97.93006
C16 575.023 99.00569
C16 599.982 99.53234
C16 619.997 98.98289
C16 624.979 99.33847
C16 650.012 99.1503
C16 675.004 98.629005
C16 700.03 97.68103
C16 725.012 97.257
C16 750.022 96.67804
C16 774.987 96.706375
C16 799.976 96.004074
C16 824.988 93.956604
C16 850.022 91.71298
C16 869.967 88.433075
C16 875.002 87.6273
C16 899.999 80.36883
C16 919.999 72.20883
C16 925.012 69.540344
C16 949.965 57.562695
C16 975.002 43.187504
C16 999.976 26.400648
C16 1025.028 11.7091055
C16 1050.014 4.245174
C16 1075.002 2.3205063
C16 1099.99 1.8068163
C12 319.994 47.561462
C12 324.969 52.911648
C12 349.982 69.00357
C12 374.975 71.577515
C12 400.019 81.71356
C12 424.965 85.97914
C12 450.035 89.949036
C12 475.003 92.98211
C12 500.018 95.04514
C12 525.002 96.57056
C12 550.029 97.74183
C12 575.023 98.78504
C12 599.982 99.28767
C12 619.997 98.72725
C12 624.979 99.07875
C12 650.012 98.88159
C12 675.004 98.35982
C12 700.03 97.459305
C12 725.012 97.17662
C12 750.022 96.77427
C12 774.987 96.97538
C12 799.976 96.33277
C12 824.988 94.23033
C12 850.022 92.08905
C12 869.967 88.74348
C12 875.002 87.87822
C12 899.999 80.54675
C12 919.999 72.592766
C12 925.012 69.87179
C12 949.965 57.569397
C12 975.002 43.03449
C12 999.976 26.50127
C12 1025.028 11.724478
C12 1050.014 4.2219043
C12 1075.002 2.3401754
C12 1099.99 1.8425615
C17 319.994 45.411842
C17 324.969 50.476234
C17 349.982 65.43076
C17 374.975 68.43986
C17 400.019 79.974045
C17 424.965 85.03551
C17 450.035 89.44382
C17 475.003 92.74305
C17 500.018 94.97603
C17 525.002 96.60039
C17 550.029 97.83449
C17 575.023 98.904045
C17 599.982 99.423744
C17 619.997 98.866325
C17 624.979 99.22132
C17 650.012 99.020096
C17 675.004 98.49071
C17 700.03 97.52443
C17 725.012 97.060814
C17 750.022 96.43037
C17 774.987 96.41809
C17 799.976 95.69949
C17 824.988 93.64226
C17 850.022 91.431305
C17 869.967 88.19468
C17 875.002 87.36626
C17 899.999 80.03463
C17 919.999 72.18137
C17 925.012 69.59225
C17 949.965 57.58369
C17 975.002 43.07745
C17 999.976 26.382553
C17 1025.028 11.769404
C17 1050.014 4.2588882
C17 1075.002 2.2960374
C17 1099.99 1.7891991
C05 319.994 45.976513
C05 324.969 51.1416
C05 349.982 66.57482
C05 374.975 69.381805
C05 400.019 80.27631
C05 424.965 84.969055
C05 450.035 89.17057
C05 475.003 92.34787
C05 500.018 94.50776
C05 525.002 96.099266
C05 550.029 97.316505
C05 575.023 98.3853
C05 599.982 98.90918
C05 619.997 98.367546
C05 624.979 98.72127
C05 650.012 98.53473
C05 675.004 98.038376
C05 700.03 97.2081
C05 725.012 97.111145
C05 750.022 96.94844
C05 774.987 97.37961
C05 799.976 96.8326
C05 824.988 94.72173
C05 850.022 92.59775
C05 869.967 89.253395
C05 875.002 88.376884
C05 899.999 80.91894
C05 919.999 72.42126
C05 925.012 69.805855
C05 949.965 57.610573
C05 975.002 43.494717
C05 999.976 26.617002
C05 1025.028 11.696795
C05 1050.014 4.2803154
C05 1075.002 2.3742497
C05 1099.99 1.8496164
C04 319.994 45.522835
C04 324.969 50.627495
C04 349.982 65.85487
C04 374.975 68.788734
C04 400.019 80.02044
C04 424.965 84.90139
C04 450.035 89.20763
C04 475.003 92.44854
C04 500.018 94.64899
C04 525.002 96.26613
C04 550.029 97.49661
C04 575.023 98.5799
C04 599.982 99.110634
C04 619.997 98.57042
C04 624.979 98.92613
C04 650.012 98.74363
C04 675.004 98.24431
C04 700.03 97.408356
C04 725.012 97.29462
C04 750.022 97.10977
C04 774.987 97.527985
C04 799.976 96.97759
C04 824.988 94.86283
C04 850.022 92.72424
C04 869.967 89.40957
C04 875.002 88.57209
C04 899.999 81.03112
C04 919.999 72.58475
C04 925.012 69.77827
C04 949.965 57.94397
C04 975.002 43.484657
C04 999.976 26.597092
C04 1025.028 11.786133
C04 1050.014 4.284589
C04 1075.002 2.364313
C04 1099.99 1.8423529
C06 319.994 46.41221
C06 324.969 51.63443
C06 349.982 67.2674
C06 374.975 70.01149
C06 400.019 80.705124
C06 424.965 85.27928
C06 450.035 89.41586
C06 475.003 92.55466
C06 500.018 94.68949
C06 525.002 96.26769
C06 550.029 97.47526
C06 575.023 98.542534
C06 599.982 99.06051
C06 619.997 98.5137
C06 624.979 98.86859
C06 650.012 98.67987
C06 675.004 98.179245
C06 700.03 97.34732
C06 725.012 97.24921
C06 750.022 97.074875
C06 774.987 97.4977
C06 799.976 96.93949
C06 824.988 94.815346
C06 850.022 92.68405
C06 869.967 89.37113
C06 875.002 88.43943
C06 899.999 81.15046
C06 919.999 72.57271
C06 925.012 69.78233
C06 949.965 57.919083
C06 975.002 43.228817
C06 999.976 26.858923
C06 1025.028 11.7255
C06 1050.014 4.287818
C06 1075.002 2.3852425
C06 1099.99 1.8595794
C11 319.994 47.949787
C11 324.969 53.34499
C11 349.982 69.56517
C11 374.975 72.09479
C11 400.019 82.101395
C11 424.965 86.285225
C11 450.035 90.21526
C11 475.003 93.226006
C11 500.018 95.272804
C11 525.002 96.78272
C11 550.029 97.948555
C11 575.023 98.98392
C11 599.982 99.484856
C11 619.997 98.91936
C11 624.979 99.269936
C11 650.012 99.06693
C11 675.004 98.54642
C11 700.03 97.6414
C11 725.012 97.355576
C11 750.022 96.953636
C11 774.987 97.151924
C11 799.976 96.50194
C11 824.988 94.3826
C11 850.022 92.23094
C11 869.967 88.8847
C11 875.002 87.997986
C11 899.999 80.63325
C11 919.999 72.72696
C11 925.012 70.04123
C11 949.965 57.55852
C11 975.002 42.965862
C11 999.976 26.505344
C11 1025.028 11.774382
C11 1050.014 4.2545447
C11 1075.002 2.3453925
C11 1099.99 1.8453537
C01 319.994 43.57324
C01 324.969 48.406002
C01 349.982 62.61931
C01 374.975 65.97129
C01 400.019 78.4329
C01 424.965 84.02373
C01 450.035 88.718796
C01 475.003 92.190155
C01 500.018 94.53933
C01 525.002 96.242004
C01 550.029 97.524414
C01 575.023 98.628365
C01 599.982 99.17735
C01 619.997 98.64188
C01 624.979 98.99855
C01 650.012 98.82053
C01 675.004 98.316696
C01 700.03 97.448296
C01 725.012 97.24979
C01 750.022 96.95447
C01 774.987 97.27917
C01 799.976 96.69901
C01 824.988 94.601074
C01 850.022 92.47057
C01 869.967 89.204666
C01 875.002 88.345795
C01 899.999 80.817215
C01 919.999 72.52291
C01 925.012 69.848465
C01 949.965 58.000443
C01 975.002 43.2912
C01 999.976 26.592077
C01 1025.028 11.772811
C01 1050.014 4.296644
C01 1075.002 2.3467455
C01 1099.99 1.8190006
C15 319.994 46.29336
C15 324.969 51.50252
C15 349.982 67.13574
C15 374.975 69.91951
C15 400.019 80.70583
C15 424.965 85.33536
C15 450.035 89.50317
C15 475.003 92.660034
C15 500.018 94.808136
C15 525.002 96.39061
C15 550.029 97.60117
C15 575.023 98.66792
C15 599.982 99.19265
C15 619.997 98.64574
C15 624.979 98.99959
C15 650.012 98.81763
C15 675.004 98.298744
C15 700.03 97.36788
C15 725.012 96.98574
C15 750.022 96.45533
C15 774.987 96.536385
C15 799.976 95.84747
C15 824.988 93.79981
C15 850.022 91.59682
C15 869.967 88.223785
C15 875.002 87.38923
C15 899.999 80.33559
C15 919.999 72.263756
C15 925.012 69.518555
C15 949.965 57.2337
C15 975.002 42.984577
C15 999.976 26.350637
C15 1025.028 11.639341
C15 1050.014 4.2155476
C15 1075.002 2.325301
C15 1099.99 1.8151402
C13 319.994 47.077614
C13 324.969 52.379566
C13 349.982 68.3316
C13 374.975 70.99177
C13 400.019 81.337944
C13 424.965 85.72014
C13 450.035 89.748436
C13 475.003 92.82075
C13 500.018 94.91153
C13 525.002 96.455956
C13 550.029 97.64291
C13 575.023 98.69482
C13 599.982 99.20656
C13 619.997 98.65341
C13 624.979 99.00523
C13 650.012 98.81361
C13 675.004 98.29816
C13 700.03 97.392654
C13 725.012 97.083534
C13 750.022 96.65433
C13 774.987 96.82688
C13 799.976 96.17722
C13 824.988 94.09198
C13 850.022 91.94026
C13 869.967 88.60399
C13 875.002 87.74144
C13 899.999 80.48967
C13 919.999 72.54123
C13 925.012 69.8295
C13 949.965 57.514503
C13 975.002 42.999992
C13 999.976 26.429968
C13 1025.028 11.682036
C13 1050.014 4.216825
C13 1075.002 2.3382351
C13 1099.99 1.8357313
C00 319.994 42.571205
C00 324.969 47.264126
C00 349.982 60.91389
C00 374.975 64.4454
C00 400.019 77.475075
C00 424.965 83.4058
C00 450.035 88.28274
C00 475.003 91.86275
C00 500.018 94.27696
C00 525.002 96.01836
C00 550.029 97.31701
C00 575.023 98.423515
C00 599.982 98.97243
C00 619.997 98.436295
C00 624.979 98.789604
C00 650.012 98.60764
C00 675.004 98.09785
C00 700.03 97.21812
C00 725.012 96.98827
C00 750.022 96.65685
C00 774.987 96.94627
C00 799.976 96.35399
C00 824.988 94.267624
C00 850.022 92.15778
C00 869.967 88.871086
C00 875.002 87.99052
C00 899.999 80.61542
C00 919.999 72.33858
C00 925.012 69.65083
C00 949.965 57.770973
C00 975.002 43.03048
C00 999.976 26.535673
C00 1025.028 11.731879
C00 1050.014 4.2988157
C00 1075.002 2.3289225
C00 1099.99 1.8053541
C02 319.994 44.26938
C02 324.969 49.2029
C02 349.982 63.809452
C02 374.975 66.94978
C02 400.019 78.83198
C02 424.965 84.09792
C02 450.035 88.60661
C02 475.003 91.96225
C02 500.018 94.24028
C02 525.002 95.89842
C02 550.029 97.15622
C02 575.023 98.24789
C02 599.982 98.78254
C02 619.997 98.247795
C02 624.979 98.600746
C02 650.012 98.4228
C02 675.004 97.92747
C02 700.03 97.070015
C02 725.012 96.89958
C02 750.022 96.64721
C02 774.987 96.99849
C02 799.976 96.43029
C02 824.988 94.330475
C02 850.022 92.19901
C02 869.967 88.96298
C02 875.002 88.11859
C02 899.999 80.5275
C02 919.999 72.18568
C02 925.012 69.53198
C02 949.965 57.79338
C02 975.002 43.26187
C02 999.976 26.515871
C02 1025.028 11.750992
C02 1050.014 4.2673826
C02 1075.002 2.334615
C02 1099.99 1.8175858
