lsstCam/transmission_filter_detector/r42_s00/u_24/19700101T000000.ecsv
# %ECSV 1.0
# ---
# datatype:
# - {name: wavelength, unit: nm, datatype: float32}
# - {name: efficiency, unit: '%', datatype: float64}
# meta: !!omap
# - {MODE: DETECTOR}
# - {TYPE: transmission_filter_detector}
# - {CALIBDATE: '1970-01-01T00:00:00'}
# - {INSTRUME: LSSTCam}
# - {OBSTYPE: transmission_filter_detector}
# - {CALIBCLS: lsst.ip.isr.IntermediateFilterDetectorTransmissionCurve}
# - {SOURCE: Materion (DM-46256)}
# - {DETECTOR: 171}
# - {FILTER: u_24}
# - {CALIB_ID: 'calibDate=1970-01-01T00:00:00 filter=u_24 detector=171'}
# - {DATE: '2025-04-02T15:59:40.543076'}
# - {CALIB_CREATION_DATE: '2025-04-02'}
# - {CALIB_CREATION_TIME: '15:59:40'}
# - __serialized_columns__:
#     efficiency:
#       __class__: astropy.units.quantity.Quantity
#       unit: !astropy.units.Unit {unit: '%'}
#       value: !astropy.table.SerializedColumn {name: efficiency}
#     wavelength:
#       __class__: astropy.units.quantity.Quantity
#       unit: !astropy.units.Unit {unit: nm}
#       value: !astropy.table.SerializedColumn {name: wavelength}
# schema: astropy-2.0
wavelength efficiency
[from data line 582]
877.0 0.002735734415182378
878.0 0.0029865586839150637
879.0 0.0030123055694275536
880.0 0.0030380524549400434
881.0 0.002987829975609202
882.0 0.0029376074962783605
883.0 0.0029223454475868493
884.0 0.002907082853198517
885.0 0.002897583181038499
886.0 0.0028880831450806
887.0 0.00287721286440501
888.0 0.002866342219931539
889.0 0.0028082389690098353
890.0 0.0027501351723913103
891.0 0.002870614844141528
892.0 0.0029910939701949246
893.0 0.00318864404107444
894.0 0.0033861942938528955
895.0 0.0032453808671562
896.0 0.0031045674404595047
897.0 0.0030775485356571153
898.0 0.003050529812753666
899.0 0.0031017654691822827
900.0 0.003153000943711959
901.0 0.003606414611567743
902.0 0.004059828279423527
903.0 0.004367184374132194
904.0 0.00467454046884086
905.0 0.0046659046347485855
906.0 0.0046572684368584305
907.0 0.005016533032176085
908.0 0.00537579799129162
909.0 0.00533147576788906
910.0 0.005287153908284381
911.0 0.0053764964832225814
912.0 0.005465838694362901
913.0 0.0054403837566496804
914.0 0.005414928455138579
915.0 0.005045768921263516
916.0 0.004676609023590572
917.0 0.004689208435593173
918.0 0.004701807483797893
919.0 0.004824758798349649
920.0 0.004947710476699285
921.0 0.004977017306373455
922.0 0.005006324136047624
923.0 0.005010374297853559
924.0 0.005014425187255256
925.0 0.005348635750124231
926.0 0.005682845949195325
927.0 0.006030217991792597
928.0 0.006377589306794107
929.0 0.006681300874333829
930.0 0.006985013897065073
931.0 0.007076271140249446
932.0 0.00716752911102958
933.0 0.007421764166792855
934.0 0.007675999222556129
935.0 0.0077217940997798
936.0 0.007767588249407709
937.0 0.007245250890264288
938.0 0.006722914258716628
939.0 0.006664696411462501
940.0 0.006606477109016851
941.0 0.005985073585179634
942.0 0.0053636696975445375
943.0 0.0048621459427522495
944.0 0.004360622551757842
945.0 0.0036903042200719938
946.0 0.003019985706487205
947.0 0.0025995901523856446
948.0 0.002179194416385144
949.0 0.0018460892533767037
950.0 0.0015129840903682634
951.0 0.0016137471902766265
952.0 0.00171451047208393
953.0 0.0016493395378347486
954.0 0.001584168421686627
955.0 0.0017341440980089828
956.0 0.0018841197743313387
957.0 0.0019536077161319554
958.0 0.002023095657932572
959.0 0.002244920324301347
960.0 0.002466744808771182
961.0 0.0031448307709069923
962.0 0.0038229165511438623
963.0 0.003976918742409907
964.0 0.004130920933675952
965.0 0.004491840445552953
966.0 0.004852759593632072
967.0 0.004801829345524311
968.0 0.004750899461214431
969.0 0.004751669985125773
970.0 0.004752440509037115
971.0 0.004960224396199919
972.0 0.005168007919564843
973.0 0.004876214006799273
974.0 0.004584420094033703
975.0 0.004506128243519925
976.0 0.004427836756804027
977.0 0.004053295560879633
978.0 0.003678754364955239
979.0 0.003420916254981421
980.0 0.003163077781209722
981.0 0.0029543869459303096
982.0 0.0027456957468530163
983.0 0.0027437919925432652
984.0 0.0027418884201324545
985.0 0.0029442488084896468
986.0 0.0031466093787457794
987.0 0.0035824177757604048
988.0 0.004018225808977149
989.0 0.004472859654924832
990.0 0.004927493137074634
991.0 0.005440664244815707
992.0 0.005953834988758899
993.0 0.006271749589359388
994.0 0.006589664553757757
995.0 0.006784217111999169
996.0 0.006978769670240581
997.0 0.00693707333994098
998.0 0.006895376282045618
999.0 0.006630044663324952
1000.0 0.006364714499795809
1001.0 0.006070808740332723
1002.0 0.005776903344667517
1003.0 0.005494810829986818
1004.0 0.00521271831530612
1005.0 0.005180393054615706
1006.0 0.005148068521521054
1007.0 0.004863581852987409
1008.0 0.004579095548251644
1009.0 0.004419431206770241
1010.0 0.004259766865288839
1011.0 0.003961892070947215
1012.0 0.0036640169128077105
1013.0 0.0030811723263468593
1014.0 0.0024983279217849486
1015.0 0.0021803371055284515
1016.0 0.0018623466530698352
1017.0 0.0017190102880704217
1018.0 0.0015756739230710082
1019.0 0.0013148483958502766
1020.0 0.0010540227776800748
1021.0 0.001274013538932195
1022.0 0.0014940043911337852
1023.0 0.001368208359053824
1024.0 0.0012424124179233331
1025.0 0.001384010465699248
1026.0 0.001525608604424633
1027.0 0.0014503091733786277
1028.0 0.0013750098332820926
1029.0 0.001521543617855059
1030.0 0.0016680774933774956
1031.0 0.0017382890291628428
1032.0 0.0018085007468471304
1033.0 0.0018544984413892962
1034.0 0.0019004963178304024
1035.0 0.0019314406017656438
1036.0 0.0019623850675998256
1037.0 0.0021078229110571556
1038.0 0.0022532605726155452
1039.0 0.0022505735614686273
1040.0 0.0022478867322206497
1041.0 0.0020154471712885424
1042.0 0.0017830076103564352
1043.0 0.0017026985005941242
1044.0 0.0016223893908318132
1045.0 0.0017777316315914504
1046.0 0.001933074054250028
1047.0 0.0022005360733601265
1048.0 0.002467998092470225
1049.0 0.002138647141691763
1050.0 0.001809296190913301
1051.0 0.0016895975932129659
1052.0 0.0015698989955126308
1053.0 0.0014884587471897248
1054.0 0.001407018589816289
1055.0 0.0014456845747190528
1056.0 0.0014843504686723463
1057.0 0.0009616481293051038
1058.0 0.0004389460627862718
1059.0 0.0011008281944668852
1060.0 0.001762710598995909
1061.0 0.001430224165233085
1062.0 0.0010977377314702608
1063.0 0.0017101530829677358
1064.0 0.002322568434465211
1065.0 0.0012151406735938508
1066.0 0.00010771253755592625
1067.0 0.0008494449502904899
1068.0 0.0015911771697574295
1069.0 0.001653241997701116
1070.0 0.001715306643745862
1071.0 0.0015456565961358137
1072.0 0.0013760065485257655
1073.0 0.002140467768185772
1074.0 0.002904928805946838
1075.0 0.0025697278033476323
1076.0 0.002234527164546307
1077.0 0.002961176505777985
1078.0 0.003687826028908603
1079.0 0.003693284816108644
1080.0 0.0036987432395108044
1081.0 0.003554101931513287
1082.0 0.003409460259717889
1083.0 0.003478720464045182
1084.0 0.0035479810321703553
1085.0 0.004187754893791862
1086.0 0.004827529119211249
1087.0 0.004207090751151554
1088.0 0.0035866527468897402
1089.0 0.0031657556974096224
1090.0 0.0027448590117273852
1091.0 0.0032821608328958973
1092.0 0.0038194626540644094
1093.0 0.003384142110007815
1094.0 0.0029488208383554593
1095.0 0.003276424467912875
1096.0 0.003604028097470291
1097.0 0.002708785541472025
1098.0 0.0018135429854737595
1099.0 0.003697973079397343
1100.0 0.005582403173320927
