lsstCam/transmission_filter_detector/r42_s00/u_24/19700101T000000.ecsv
# %ECSV 1.0
# ---
# datatype:
# - {name: wavelength, unit: nm, datatype: float32}
# - {name: efficiency, unit: '%', datatype: float64}
# meta: !!omap
# - {MODE: DETECTOR}
# - {TYPE: transmission_filter_detector}
# - {CALIBDATE: '1970-01-01T00:00:00'}
# - {INSTRUME: LSSTCam}
# - {OBSTYPE: transmission_filter_detector}
# - {CALIBCLS: lsst.ip.isr.IntermediateFilterDetectorTransmissionCurve}
# - {SOURCE: Materion (DM-46256)}
# - {DETECTOR: 171}
# - {FILTER: u_24}
# - {CALIB_ID: 'calibDate=1970-01-01T00:00:00 filter=u_24 detector=171'}
# - {DATE: '2025-04-02T15:59:40.543076'}
# - {CALIB_CREATION_DATE: '2025-04-02'}
# - {CALIB_CREATION_TIME: '15:59:40'}
# - __serialized_columns__:
#     efficiency:
#       __class__: astropy.units.quantity.Quantity
#       unit: !astropy.units.Unit {unit: '%'}
#       value: !astropy.table.SerializedColumn {name: efficiency}
#     wavelength:
#       __class__: astropy.units.quantity.Quantity
#       unit: !astropy.units.Unit {unit: nm}
#       value: !astropy.table.SerializedColumn {name: wavelength}
# schema: astropy-2.0
wavelength efficiency
295.0 1.6119672870823498e-10
296.0 1.6119672870823498e-10
297.0 1.6119672870823498e-10
298.0 1.6119672870823498e-10
299.0 1.6119672870823498e-10
300.0 1.6119672870823498e-10
301.0 1.6119672870823498e-10
302.0 0.13922046637162566
303.0 0.12414081720635295
304.0 0.07955589098855853
305.0 0.7279602345079184
306.0 1.8674097955226898
307.0 3.1874805688858032
308.0 5.335177853703499
309.0 8.558984100818634
310.0 12.182755768299103
311.0 15.768125653266907
312.0 19.60882991552353
313.0 22.805286943912506
314.0 25.893157720565796
315.0 28.351154923439026
316.0 30.46773076057434
317.0 32.940927147865295
318.0 35.8746737241745
319.0 39.56368267536163
320.0 44.843727350234985
321.0 50.37226676940918
322.0 56.44956827163696
323.0 61.87813878059387
324.0 66.43270254135132
325.0 69.54337358474731
326.0 72.09852933883667
327.0 73.97929430007935
328.0 75.69355368614197
329.0 77.11948156356812
330.0 78.45433354377747
331.0 79.2474091053009
332.0 79.62442636489868
333.0 79.69897389411926
334.0 79.546058177948
335.0 79.69156503677368
336.0 79.92773056030273
337.0 80.51967024803162
338.0 81.35271072387695
339.0 81.87200427055359
340.0 82.28942155838013
341.0 82.74784088134766
342.0 83.16779136657715
343.0 83.08544754981995
344.0 83.19364786148071
345.0 83.6446464061737
346.0 83.92531275749207
347.0 84.2708945274353
348.0 84.59658026695251
349.0 84.76774096488953
350.0 84.88504886627197
351.0 85.06460189819336
352.0 84.92471575737
353.0 84.89397168159485
354.0 84.86035466194153
355.0 85.03584861755371
356.0 85.22208333015442
357.0 85.15214323997498
358.0 84.83354449272156
359.0 84.55941677093506
360.0 84.48377847671509
361.0 84.18421149253845
362.0 84.00369882583618
363.0 84.14555191993713
364.0 84.21912789344788
365.0 84.48772430419922
366.0 84.7599446773529
367.0 84.87436175346375
368.0 84.85457301139832
369.0 84.96663570404053
370.0 84.74579453468323
371.0 84.59028601646423
372.0 84.54948663711548
373.0 84.7750723361969
374.0 84.75687503814697
375.0 85.06035804748535
376.0 85.17834544181824
377.0 85.2819561958313
378.0 85.35615801811218
379.0 85.1044774055481
380.0 84.42314863204956
381.0 83.09154510498047
382.0 81.37490153312683
383.0 79.33890223503113
384.0 77.23630666732788
385.0 74.90630745887756
386.0 72.382652759552
387.0 69.08591985702515
388.0 65.75563549995422
389.0 61.69469952583313
390.0 57.61272311210632
391.0 53.28138470649719
392.0 48.78884255886078
393.0 44.931671023368835
394.0 41.608041524887085
395.0 38.12443017959595
396.0 34.47036147117615
397.0 29.685798287391663
398.0 24.061821401119232
399.0 17.31324791908264
400.0 11.073313653469086
401.0 6.183543428778648
402.0 2.746608294546604
403.0 0.9088493883609772
404.0 0.3118320135399699
405.0 0.12111321557313204
406.0 0.06855358369648457
407.0 0.031512114219367504
408.0 1.6119672870823498e-10
409.0 1.6119672870823498e-10
410.0 1.6119672870823498e-10
411.0 1.6119672870823498e-10
412.0 1.6119672870823498e-10
413.0 1.6119672870823498e-10
414.0 1.6119672870823498e-10
415.0 1.6119672870823498e-10
416.0 1.6119672870823498e-10
417.0 1.6119672870823498e-10
418.0 1.6119672870823498e-10
419.0 1.6119672870823498e-10
420.0 1.6119672870823498e-10
421.0 1.6119672870823498e-10
422.0 1.6119672870823498e-10
423.0 1.6119672870823498e-10
424.0 1.6119672870823498e-10
425.0 1.6119672870823498e-10
426.0 1.6119672870823498e-10
427.0 1.6119672870823498e-10
428.0 1.6119672870823498e-10
429.0 1.6119672870823498e-10
430.0 1.6119672870823498e-10
431.0 1.6119672870823498e-10
432.0 1.6119672870823498e-10
433.0 1.6119672870823498e-10
434.0 1.6119672870823498e-10
435.0 1.6119672870823498e-10
436.0 1.6119672870823498e-10
437.0 1.6119672870823498e-10
438.0 1.6119672870823498e-10
439.0 1.6119672870823498e-10
440.0 1.6119672870823498e-10
441.0 0.000199431588043808
442.0 0.0015752822946524248
443.0 1.6119672870823498e-10
444.0 1.6119672870823498e-10
445.0 1.6119672870823498e-10
446.0 1.6119672870823498e-10
447.0 1.6119672870823498e-10
448.0 1.6119672870823498e-10
449.0 1.6119672870823498e-10
450.0 0.0005496209723787615
451.0 0.0006166148068587063
452.0 0.0006836085049144458
453.0 0.0006008481705066515
454.0 0.0005180880634725327
455.0 1.6119672870823498e-10
456.0 1.6119672870823498e-10
457.0 7.560753374491469e-05
458.0 0.0008802096090221312
459.0 0.0005348330432752846
460.0 0.00018945676174553228
461.0 1.6119672870823498e-10
462.0 1.6119672870823498e-10
463.0 1.6119672870823498e-10
464.0 1.6119672870823498e-10
465.0 1.6119672870823498e-10
466.0 1.6119672870823498e-10
467.0 0.00019720814634638373
468.0 0.001060242357198149
469.0 0.0003312082753836876
470.0 1.6119672870823498e-10
471.0 1.6119672870823498e-10
472.0 1.6119672870823498e-10
473.0 1.6119672870823498e-10
474.0 0.00024497087451891275
475.0 1.6119672870823498e-10
476.0 1.6119672870823498e-10
477.0 1.6119672870823498e-10
478.0 1.6119672870823498e-10
479.0 1.6119672870823498e-10
480.0 1.6119672870823498e-10
481.0 1.6119672870823498e-10
482.0 0.0004956767952535301
483.0 5.407310368354956e-05
484.0 1.6119672870823498e-10
485.0 1.6119672870823498e-10
486.0 0.00010894691513385624
487.0 1.6447890160975476e-06
488.0 1.6119672870823498e-10
489.0 1.6119672870823498e-10
490.0 7.401053494504595e-05
491.0 6.96934705501917e-05
492.0 6.537629815284163e-05
493.0 4.089618244051962e-06
494.0 1.6119672870823498e-10
495.0 3.467632723186398e-05
496.0 0.00012654982128879055
497.0 1.6119672870823498e-10
498.0 1.6119672870823498e-10
499.0 1.6119672870823498e-10
500.0 1.6119672870823498e-10
501.0 1.6119672870823498e-10
502.0 0.00016739552393119084
503.0 0.00018940849031423568
504.0 0.0002114215476467507
505.0 1.7229029936061124e-05
506.0 1.6119672870823498e-10
507.0 1.6119672870823498e-10
508.0 1.6119672870823498e-10
509.0 1.6119672870823498e-10
510.0 1.6119672870823498e-10
511.0 1.6119672870823498e-10
512.0 1.6119672870823498e-10
513.0 1.6119672870823498e-10
514.0 1.6119672870823498e-10
515.0 1.6119672870823498e-10
516.0 1.6119672870823498e-10
517.0 1.6119672870823498e-10
518.0 1.6119672870823498e-10
519.0 1.6119672870823498e-10
520.0 1.6119672870823498e-10
521.0 1.6119672870823498e-10
522.0 1.6119672870823498e-10
523.0 1.6119672870823498e-10
524.0 1.6119672870823498e-10
525.0 1.6119672870823498e-10
526.0 1.6119672870823498e-10
527.0 1.6119672870823498e-10
528.0 1.6119672870823498e-10
529.0 1.6119672870823498e-10
530.0 1.6119672870823498e-10
531.0 1.6119672870823498e-10
532.0 1.6119672870823498e-10
533.0 0.00013500507520802785
534.0 0.00030083740512054646
535.0 4.660988395244203e-05
536.0 1.6119672870823498e-10
537.0 1.6119672870823498e-10
538.0 2.885795709062222e-05
539.0 3.1167129321829634e-06
540.0 1.6119672870823498e-10
541.0 1.6119672870823498e-10
542.0 1.6119672870823498e-10
543.0 1.6119672870823498e-10
544.0 1.6119672870823498e-10
545.0 1.6119672870823498e-10
546.0 0.0001062939190887846
547.0 3.1443143200249324e-06
548.0 1.6119672870823498e-10
549.0 1.6119672870823498e-10
550.0 1.6119672870823498e-10
551.0 1.6119672870823498e-10
552.0 1.6119672870823498e-10
553.0 1.6119672870823498e-10
554.0 1.6119672870823498e-10
555.0 1.6119672870823498e-10
556.0 8.631803893877077e-06
557.0 0.00010195585673500318
558.0 0.00019527983567968477
559.0 0.0001801396138034761
560.0 0.00016499934645253234
561.0 1.6119672870823498e-10
562.0 1.6119672870823498e-10
563.0 2.0212915785577934e-05
564.0 0.00020796826447622152
565.0 0.00015532688166786102
566.0 0.00010268545338476542
567.0 8.287793775707541e-05
568.0 6.307033686425711e-05
569.0 9.322247933596373e-05
570.0 0.0001233745933859609
571.0 0.00019908063677576138
572.0 0.0002747867483776645
573.0 0.000298073177873448
574.0 0.00032135967558133416
575.0 0.00020694449176517082
576.0 9.25293022646656e-05
577.0 0.0001812216964935942
578.0 0.00026991408503818093
579.0 0.000395574897993356
580.0 0.0005212356427364284
581.0 0.0005958521342108725
582.0 0.0006704685802105814
583.0 0.0006752192348358221
584.0 0.0006799697985115927
585.0 0.000671327643431141
586.0 0.0006626855793001596
587.0 0.0007612026365677593
588.0 0.0008597195119364187
589.0 0.0007889439075370319
590.0 0.00071816825766291
591.0 0.0008693062227393966
592.0 0.0010204442332906183
593.0 0.0008721907761355396
594.0 0.000723937318980461
595.0 0.0008450244422419928
596.0 0.0009661114745540544
597.0 0.0013483984730555676
598.0 0.0017306851077592
599.0 0.0018343140254728496
600.0 0.0019379425793886185
601.0 0.0020861330995103344
602.0 0.0022343236196320504
603.0 0.002236966429336462
604.0 0.0022396094209398143
605.0 0.0020195779143250547
606.0 0.0017995465896092355
607.0 0.001471883115300443
608.0 0.0011442195500421803
609.0 0.0010560150258243084
610.0 0.0009678104106569663
611.0 0.0006527967343572527
612.0 0.00033778289889596635
613.0 0.00048470374167663977
614.0 0.0006316246071946807
615.0 0.00044022031033819076
616.0 0.00024881614990590606
617.0 0.00026510060706641525
618.0 0.00028138501875218935
619.0 0.00045402753130474593
620.0 0.0006266699983825674
621.0 0.0005183319899515482
622.0 0.0004099939815205289
623.0 0.0004581351277010981
624.0 0.0005062763648311375
625.0 0.000801831265562214
626.0 0.0010973861208185554
627.0 0.001183073709398741
628.0 0.0012687614798778668
629.0 0.0012966258509550244
630.0 0.0013244901310827117
631.0 0.0014918243323336355
632.0 0.0016591588064329699
633.0 0.0021083369574625976
634.0 0.0025575151084922254
635.0 0.002676263466128148
636.0 0.0027950116418651305
637.0 0.002692788257263601
638.0 0.002590564872662071
639.0 0.0023502430849475786
640.0 0.002109921297233086
641.0 0.0018174469005316496
642.0 0.0015249725947796833
643.0 0.0009835644959821366
644.0 0.00044215648813406006
645.0 0.00019793028513959143
646.0 1.6119672870823498e-10
647.0 0.00020408213003975106
648.0 0.0004544602234091144
649.0 0.00031893000596028287
650.0 0.00018339975440540002
651.0 0.0005457078714243835
652.0 0.0009080162271857262
653.0 0.001016530495689949
654.0 0.0011250447641941719
655.0 0.0015407447790494189
656.0 0.001956444793904666
657.0 0.0023800370399840176
658.0 0.002803629104164429
659.0 0.003062843097723089
660.0 0.0033220567274838686
661.0 0.0031536517781205475
662.0 0.0029852464649593458
663.0 0.002574909376562573
664.0 0.0021645724700647406
665.0 0.001960569352377206
666.0 0.001756566416588612
667.0 0.0014597886547562666
668.0 0.0011630110748228617
669.0 0.0009892725756799337
670.0 0.0008155341674864758
671.0 0.0005928243353992002
672.0 0.00037011450331192464
673.0 0.0004380128302727826
674.0 0.0005059112027083756
675.0 0.0006952051990083419
676.0 0.000884499149833573
677.0 0.001282371704292018
678.0 0.0016802441678009927
679.0 0.0023323069399339147
680.0 0.002984369893965777
681.0 0.004484979217522778
682.0 0.005985588359180838
683.0 0.007628802995895967
684.0 0.009272018360206857
685.0 0.009572270937496796
686.0 0.00987252642516978
687.0 0.008916499791666865
688.0 0.00796047315816395
689.0 0.006921669410075992
690.0 0.005882864934392273
691.0 0.00506965079694055
692.0 0.004256436659488827
693.0 0.0034358625271124765
694.0 0.0026152882128371857
695.0 0.0020130848497501574
696.0 0.0014108818504610099
697.0 0.0012453479030227754
698.0 0.001079813955584541
699.0 0.0008820496987027582
700.0 0.0006842855327704456
701.0 0.0006788771770516178
702.0 0.00067346882133279
703.0 0.0006607155683013843
704.0 0.0006479622243205085
705.0 0.0007178333817137172
706.0 0.0007877044481574558
707.0 0.0008217328286264092
708.0 0.0008557613909943029
709.0 0.0008140878890117165
710.0 0.0007724144779786002
711.0 0.0008398940735787619
712.0 0.0009073735782294534
713.0 0.0008360414540220518
714.0 0.0007647093298146501
715.0 0.0006278765340539394
716.0 0.0004910437382932287
717.0 0.00043737209125538357
718.0 0.0003837003532680683
719.0 0.0003991701305494644
720.0 0.0004146398168813903
721.0 0.00024062539978331188
722.0 6.661104521299421e-05
723.0 0.00017538706060804543
724.0 0.00028416322948032757
725.0 0.00025886638468364254
726.0 0.00023356960809906013
727.0 0.0003178790166202816
728.0 0.0004021883341920329
729.0 0.00016091653378680348
730.0 1.6119672870823498e-10
731.0 9.27771907299757e-05
732.0 0.0002659097617652151
733.0 0.0003140922672173474
734.0 0.000362274658982642
735.0 0.0003646514869615203
736.0 0.0003670282239909284
737.0 0.00032475504667672794
738.0 0.0002824819148372626
739.0 0.0005941793460806366
740.0 0.0009058768227987457
741.0 0.0013866940207662992
742.0 0.001867511309683323
743.0 0.002304680492670741
744.0 0.002741849675658159
745.0 0.0031856325222179294
746.0 0.003629415004979819
747.0 0.0036952558730263263
748.0 0.003761096013477072
749.0 0.003819034100160934
750.0 0.0038769725506426767
751.0 0.003810631824308075
752.0 0.0037442910979734734
753.0 0.0036825138522544876
754.0 0.0036207369703333825
755.0 0.0031658702937420458
756.0 0.0027110037990496494
757.0 0.0023834856619942
758.0 0.0020559673430398107
759.0 0.0016276759197353385
760.0 0.0011993844054813962
761.0 0.0010356345228501596
762.0 0.000871884731168393
763.0 0.0005773744305770379
764.0 0.0002828641981977853
765.0 0.0003532077244017273
766.0 0.0004235512733430369
767.0 0.000591700245422544
768.0 0.0007598493084515212
769.0 0.0006889933956699679
770.0 0.0006181375738378847
771.0 0.0006825935543020023
772.0 0.000747049580240855
773.0 0.0007500679657823639
774.0 0.0007530863058491377
775.0 0.0005995370884193107
776.0 0.0004459878255147487
777.0 0.0007491295491490746
778.0 0.0010522712727834005
779.0 0.0007967632882355247
780.0 0.0005412552582129138
781.0 0.0008598944077675696
782.0 0.0011785334208980203
783.0 0.0011309742149023805
784.0 0.0010834150998562109
785.0 0.0013021635822951794
786.0 0.0015209120647341479
787.0 0.0012734175470541231
788.0 0.0010259230293740984
789.0 0.0009910007065627724
790.0 0.0009560784747009166
791.0 0.0007714306775596924
792.0 0.0005867831987416139
793.0 0.0006878853582747979
794.0 0.0007889874723332468
795.0 0.0007003673999861348
796.0 0.0006117472366895527
797.0 0.00046925574679335114
798.0 0.00032676437058398733
799.0 0.0003302787490611081
800.0 0.0003337931502755964
801.0 0.00021072032723168377
802.0 8.764758376855752e-05
803.0 1.6119672870823498e-10
804.0 1.6119672870823498e-10
805.0 5.022937443754927e-05
806.0 0.0002604493602120783
807.0 0.0003014003368662088
808.0 0.0003423512453082367
809.0 0.0002297192395417369
810.0 0.00011708718830050202
811.0 0.00023755544589221245
812.0 0.0003580237262212904
813.0 0.00016487238099216484
814.0 1.6119672870823498e-10
815.0 0.00010725539141276386
816.0 0.00024278970158775337
817.0 0.0002009492163779214
818.0 0.00015910879938019207
819.0 0.00026445500225236174
820.0 0.00036980122786189895
821.0 0.00021961577658657916
822.0 6.943022299310542e-05
823.0 1.6119672870823498e-10
824.0 1.6119672870823498e-10
825.0 3.1142531042860355e-05
826.0 0.00014080754908718518
827.0 1.6119672870823498e-10
828.0 1.6119672870823498e-10
829.0 1.6119672870823498e-10
830.0 1.6119672870823498e-10
831.0 1.6119672870823498e-10
832.0 1.6119672870823498e-10
833.0 1.6119672870823498e-10
834.0 7.087191988830455e-05
835.0 1.6119672870823498e-10
836.0 1.6119672870823498e-10
837.0 1.6119672870823498e-10
838.0 5.98338374402374e-05
839.0 0.00011729882771760458
840.0 0.000174763806626288
841.0 8.119832273223437e-06
842.0 1.6119672870823498e-10
843.0 1.6119672870823498e-10
844.0 1.6119672870823498e-10
845.0 1.6119672870823498e-10
846.0 5.792128998649559e-07
847.0 7.69968437452917e-05
848.0 0.00015341453263317817
849.0 0.00015629320841981098
850.0 0.00015917181599434116
851.0 0.00010520650448597735
852.0 5.124111908116902e-05
853.0 0.00023896200218587182
854.0 0.0004266829819243867
855.0 0.0003756771548069082
856.0 0.00032467148685100256
857.0 0.0005135767423780635
858.0 0.0007024819751677569
859.0 0.0006145040060800966
860.0 0.0005265259460429661
861.0 0.0008679058737470768
862.0 0.0012092858924006578
863.0 0.0014199599718267564
864.0 0.0016306343241012655
865.0 0.0014254492270993069
866.0 0.001220264039147878
867.0 0.0014704442946822383
868.0 0.0017206244592671283
869.0 0.0016765350665082224
870.0 0.0016324454918503761
871.0 0.0017768188627087511
872.0 0.001921192233567126
873.0 0.0022102827642811462
874.0 0.0024993732949951664
875.0 0.00249214190262137
