lsstCam/transmission_filter_detector/r02_s12/y_10/19700101T000000.ecsv
# %ECSV 1.0
# ---
# datatype:
# - {name: wavelength, unit: nm, datatype: float32}
# - {name: efficiency, unit: '%', datatype: float64}
# meta: !!omap
# - {MODE: DETECTOR}
# - {TYPE: transmission_filter_detector}
# - {CALIBDATE: '1970-01-01T00:00:00'}
# - {INSTRUME: LSSTCam}
# - {OBSTYPE: transmission_filter_detector}
# - {CALIBCLS: lsst.ip.isr.IntermediateFilterDetectorTransmissionCurve}
# - {SOURCE: Materion (DM-46256)}
# - {DETECTOR: 14}
# - {FILTER: y_10}
# - {CALIB_ID: 'calibDate=1970-01-01T00:00:00 filter=y_10 detector=14'}
# - {DATE: '2025-04-02T15:59:50.805573'}
# - {CALIB_CREATION_DATE: '2025-04-02'}
# - {CALIB_CREATION_TIME: '15:59:50'}
# - __serialized_columns__:
#     efficiency:
#       __class__: astropy.units.quantity.Quantity
#       unit: !astropy.units.Unit {unit: '%'}
#       value: !astropy.table.SerializedColumn {name: efficiency}
#     wavelength:
#       __class__: astropy.units.quantity.Quantity
#       unit: !astropy.units.Unit {unit: nm}
#       value: !astropy.table.SerializedColumn {name: wavelength}
# schema: astropy-2.0
wavelength efficiency
300.0 0.5348748527467251
301.0 0.2901558531448245
302.0 0.045436815707944334
303.0 0.03804465522989631
304.0 0.030652500572614372
305.0 0.020593288354575634
306.0 0.01053407249855809
307.0 0.015761281247250736
308.0 0.02098848926834762
309.0 0.015131190593820065
310.0 0.009273891191696748
311.0 0.007459403423126787
312.0 0.005644914563163184
313.0 0.007118331996025518
314.0 0.00859174906508997
315.0 0.0069074652856215835
316.0 0.005223182961344719
317.0 0.0053806768846698105
318.0 0.005538166442420334
319.0 0.0028593602110049687
320.0 0.000180552774509124
321.0 0.0016256901290034875
322.0 0.003070827733608894
323.0 0.0022999909560894594
324.0 0.0015291545423679054
325.0 0.00038933912946959026
326.0 1.6359115668010404e-10
327.0 0.0007688900041102897
328.0 0.002288256655447185
329.0 0.0036747256672242656
330.0 0.0050611943152034655
331.0 0.004660978447645903
332.0 0.00426076258008834
333.0 0.0030245340894907713
334.0 0.0017883054169942625
335.0 0.002022074841079302
336.0 0.0022558446289622225
337.0 0.0028112688596593216
338.0 0.0033666929084574804
339.0 0.001751859235810116
340.0 0.0001370258928545809
341.0 1.6359115668010404e-10
342.0 1.6359115668010404e-10
343.0 0.0001747728219925193
344.0 0.0006713134098390583
345.0 0.0010373570148658473
346.0 0.0014034013474883977
347.0 0.0015517432984779589
348.0 0.0017000849766191095
349.0 0.0014888086298014969
350.0 0.0012775320101354737
351.0 0.0014371986253536306
352.0 0.0015968647858244367
353.0 0.001329174847342074
354.0 0.001061484817910241
355.0 0.001249169963557506
356.0 0.0014368550182553008
357.0 0.0011715465007000603
358.0 0.0009062378012458794
359.0 0.0008693954441696405
360.0 0.0008325531780428719
361.0 0.0011884994819411077
362.0 0.001544445512990933
363.0 0.0012378368410281837
364.0 0.0009312277143180836
365.0 0.001212795359606389
366.0 0.001494363368692575
367.0 0.0019291439457447268
368.0 0.0023639244318474084
369.0 0.0020399826098582707
370.0 0.001716040787869133
371.0 0.0017983349607675336
372.0 0.0018806289517669939
373.0 0.0022828387955087237
374.0 0.0026850486392504536
375.0 0.0034173768654000014
376.0 0.004149704545852728
377.0 0.004116232230444439
378.0 0.004082759187440388
379.0 0.003639697752078064
380.0 0.0031966363167157397
381.0 0.0021966383428662084
382.0 0.0011966400052187964
383.0 0.0011485410141176544
384.0 0.0011004416592186317
385.0 0.0009234666322299745
386.0 0.0007464916052413173
387.0 0.0007653880857105833
388.0 0.0007842846571293194
389.0 0.0005856794814462774
390.0 0.0003870743967127055
391.0 0.0004087580691702897
392.0 0.00043044183257734403
393.0 0.0005223794687481131
394.0 0.0006143172413430875
395.0 0.0006231047336768825
396.0 0.0006318922714854125
397.0 0.000856997212395072
398.0 0.0010821020623552613
399.0 0.0013033597497269511
400.0 0.001524617437098641
401.0 0.0016338683053618297
402.0 0.0017431193555239588
403.0 0.0017720642063068226
404.0 0.0018010090570896864
405.0 0.001759162660164293
406.0 0.0017173168089357205
407.0 0.0014903345800121315
408.0 0.0012633528058358934
409.0 0.0010094090612255968
410.0 0.0007554649528174195
411.0 0.0004157092917012051
412.0 7.595348279210157e-05
413.0 0.0007223744432849344
414.0 0.0013687952559848782
415.0 0.002111294452333823
416.0 0.0028537937396322377
417.0 0.001533792783448007
418.0 0.0002137919182132464
419.0 1.6359115668010404e-10
420.0 1.6359115668010404e-10
421.0 0.0002929234142357018
422.0 0.0010681083949748427
423.0 0.0010291591024724767
424.0 0.0009902095371217001
425.0 0.0003051852218050044
426.0 1.6359115668010404e-10
427.0 1.6359115668010404e-10
428.0 0.00029492266548913904
429.0 1.6359115668010404e-10
430.0 1.6359115668010404e-10
431.0 0.0001274300302611664
432.0 0.0005771078122052131
433.0 0.00040815339161781594
434.0 0.00023919933482829947
435.0 1.6359115668010404e-10
436.0 1.6359115668010404e-10
437.0 1.6359115668010404e-10
438.0 1.6359115668010404e-10
439.0 1.6359115668010404e-10
440.0 1.6359115668010404e-10
441.0 1.6359115668010404e-10
442.0 1.6359115668010404e-10
443.0 1.6359115668010404e-10
444.0 3.7661433793800825e-05
445.0 0.00021026671674917452
446.0 0.0003828718945442233
447.0 0.000697145378580899
448.0 0.0010114186807186343
449.0 0.000972597990767099
450.0 0.0009337771189166233
451.0 0.0004731895387521945
452.0 1.2602117749338504e-05
453.0 1.6359115668010404e-10
454.0 1.6359115668010404e-10
455.0 1.6359115668010404e-10
456.0 1.6359115668010404e-10
457.0 1.6359115668010404e-10
458.0 1.6359115668010404e-10
459.0 3.055373838378728e-05
460.0 8.70372673489328e-05
461.0 0.00021483722321136156
462.0 0.0003426372359172092
463.0 0.0003410165163586498
464.0 0.00033939584227482555
465.0 0.00047645280574215576
466.0 0.0006135099283710588
467.0 0.0010500490134290885
468.0 0.001486587916588178
469.0 0.0015109848391148262
470.0 0.0015353813068941236
471.0 0.001718912972137332
472.0 0.0019024446373805404
473.0 0.0023286496798391454
474.0 0.0027548549041966908
475.0 0.002758998016361147
476.0 0.0027631414923234843
477.0 0.003096794171142392
478.0 0.00343044703186024
479.0 0.003969478348153643
480.0 0.004508509300649166
481.0 0.004464372250367887
482.0 0.004420234836288728
483.0 0.0038203455915208906
484.0 0.003220455619157292
485.0 0.003558185198926367
486.0 0.0038959147786954418
487.0 0.003360925620654598
488.0 0.0028259362807148136
489.0 0.0024067274353001267
490.0 0.0019875189536833204
491.0 0.0016863630662555806
492.0 0.00138520672408049
493.0 0.001075396085070679
494.0 0.0007655857189092785
495.0 0.0011451736099843401
496.0 0.001524761592008872
497.0 0.0018819744582287967
498.0 0.002239187597297132
499.0 0.0021183002900215797
500.0 0.001997412800847087
501.0 0.002127345396729652
502.0 0.002257278174511157
503.0 0.002446585858706385
504.0 0.002635893542901613
505.0 0.003202403604518622
506.0 0.003768914029933512
507.0 0.0027264022719464265
508.0 0.0016838899682625197
509.0 0.002016214784816839
510.0 0.0023485394194722176
511.0 0.0021553529222728685
512.0 0.0019621664250735193
513.0 0.0019288103430881165
514.0 0.001895454443001654
515.0 0.0015526609786320478
516.0 0.0012098670595150907
517.0 0.0013334677532839123
518.0 0.001457067901355913
519.0 0.0014401892258320004
520.0 0.001423310095560737
521.0 0.001579791569383815
522.0 0.0017362724975100718
523.0 0.0016317213521688245
524.0 0.0015271703887265176
525.0 0.001944516770890914
526.0 0.0023618638806510717
527.0 0.002401798337814398
528.0 0.002441733522573486
529.0 0.00250751108978875
530.0 0.0025732884751050733
531.0 0.002502723509678617
532.0 0.0024321581804542802
533.0 0.002522778231650591
534.0 0.0026133977371500805
535.0 0.002236298860225361
536.0 0.0018591996195027605
537.0 0.002302838947798591
538.0 0.0027464780941954814
539.0 0.0032645217288518324
540.0 0.0037825648178113624
541.0 0.0038466732803499326
542.0 0.003910781742888503
543.0 0.004198836904834025
544.0 0.004486891702981666
545.0 0.004883293877355754
546.0 0.005279696051729843
547.0 0.004392988921608776
548.0 0.0035062817914877087
549.0 0.0031527684768661857
550.0 0.0027992551622446626
551.0 0.002528997174522374
552.0 0.002258739186800085
553.0 0.0029711709430557676
554.0 0.0036836023355135694
555.0 0.003605455276556313
556.0 0.0035273085813969374
557.0 0.003193174416082911
558.0 0.0028590404326678254
559.0 0.0029962900953250937
560.0 0.0031335399398813024
561.0 0.0035118384403176606
562.0 0.003890136576956138
563.0 0.003433716483414173
564.0 0.002977296207973268
565.0 0.0036719840863952413
566.0 0.004366672510514036
567.0 0.004636274388758466
568.0 0.004905875903205015
569.0 0.005311587665346451
570.0 0.005717299063690007
571.0 0.005861290992470458
572.0 0.00600528292125091
573.0 0.006536448199767619
574.0 0.007067613478284329
575.0 0.00683363396092318
576.0 0.006599655171157792
577.0 0.005877864532521926
578.0 0.00515607425768394
579.0 0.005823091487400234
580.0 0.006490109808510169
581.0 0.007117464701877907
582.0 0.007744818140054122
583.0 0.008615448314230889
584.0 0.009486075578024611
585.0 0.009834643424255773
586.0 0.010183211270486936
587.0 0.010075811587739736
588.0 0.00996840899460949
589.0 0.010453818686073646
590.0 0.010939233470708132
591.0 0.010292939259670675
592.0 0.009646645048633218
593.0 0.007628821913385764
594.0 0.005611001324723475
595.0 0.005655246422975324
596.0 0.005699491885025054
597.0 0.0060269961977610365
598.0 0.006354499782901257
599.0 0.0073913273809012026
600.0 0.008428153523709625
601.0 0.008891322795534506
602.0 0.009354489156976342
603.0 0.010353880497859791
604.0 0.011353272566339001
605.0 0.011443562834756449
606.0 0.011533853830769658
607.0 0.009922351455315948
608.0 0.008310851990245283
609.0 0.006458836287492886
610.0 0.004606821676134132
611.0 0.0038333928387146443
612.0 0.003059963637497276
613.0 0.0035459917853586376
614.0 0.004032019205624238
615.0 0.004768351936945692
616.0 0.005504685759660788
617.0 0.006676769407931715
618.0 0.007848852692404762
619.0 0.008759411139180884
620.0 0.009669971041148528
621.0 0.010971209849230945
622.0 0.0122724479297176
623.0 0.012267864076420665
624.0 0.012263278767932206
625.0 0.010850848047994077
626.0 0.009438417328055948
627.0 0.00745260767871514
628.0 0.005466796210384928
629.0 0.004384233761811629
630.0 0.00330167131323833
631.0 0.002874690653698053
632.0 0.0024477096303598955
633.0 0.0027089103241451085
634.0 0.0029701111998292617
635.0 0.0030958515708334744
636.0 0.003221591396140866
637.0 0.003964486677432433
638.0 0.004707381594926119
639.0 0.004533827814157121
640.0 0.0043602733057923615
641.0 0.005076660818303935
642.0 0.00579304869461339
643.0 0.0055235723266378045
644.0 0.005254095958662219
645.0 0.004982430618838407
646.0 0.004710764915216714
647.0 0.003839988130494021
648.0 0.0029692111638723873
649.0 0.0021701049263356254
650.0 0.0013709983250009827
651.0 0.0014455889868258964
652.0 0.001520180103398161
653.0 0.001523476021247916
654.0 0.0015267718481482007
655.0 0.0015979685485945083
656.0 0.001669165249040816
657.0 0.001673967381066177
658.0 0.001678769513091538
659.0 0.0018490594811737537
660.0 0.0020193494492559694
661.0 0.0018154747522203252
662.0 0.0016115998732857406
663.0 0.002388173743383959
664.0 0.003164747977280058
665.0 0.003680202644318342
666.0 0.004195656947558746
667.0 0.004686622196459211
668.0 0.0051775856263702735
669.0 0.005413702456280589
670.0 0.005649815648212098
671.0 0.0061748112784698606
672.0 0.006699807272525504
673.0 0.007870714762248099
674.0 0.00904162079677917
675.0 0.008441244426649064
676.0 0.00784086951171048
677.0 0.0062724953750148416
678.0 0.0047041208745213225
679.0 0.0030967545171733946
680.0 0.0014893889783706982
681.0 0.0007169183845689986
682.0 1.6359115668010404e-10
683.0 0.00034489980862417724
684.0 0.0007453520538547309
685.0 0.0003638155931184883
686.0 1.6359115668010404e-10
687.0 5.890354941584519e-05
688.0 0.00013552800055549596
689.0 0.00031749439131090185
690.0 0.0004994607934349915
691.0 0.0005289100954541937
692.0 0.0005583594429481309
693.0 0.0005183542270970065
694.0 0.00047834901124588214
695.0 0.0005338015398592688
696.0 0.0005892541594221257
697.0 0.0005040790256316541
698.0 0.0004189038463664474
699.0 0.00038447233237093315
700.0 0.0003500405000522733
701.0 0.0002185037374147214
702.0 8.696708846400725e-05
703.0 0.00023540785605291603
704.0 0.00038384864637919236
705.0 0.0004830533271160675
706.0 0.0005822578259540023
707.0 0.00013256723150334437
708.0 1.6359115668010404e-10
709.0 1.6359115668010404e-10
710.0 6.116318900240003e-05
711.0 0.00031704978482594015
712.0 0.0005729363692807965
713.0 0.0003141120259897434
714.0 5.528772817342542e-05
715.0 0.00014957082612454542
716.0 0.00024385387860093033
717.0 0.00018808738104780787
718.0 0.00013232090623205295
719.0 0.0002998375521201524
720.0 0.0004673541297961492
721.0 0.0002143923211406218
722.0 1.6359115668010404e-10
723.0 0.00016037637351473677
724.0 0.00035932223454437917
725.0 0.00047704611461085733
726.0 0.000594770017414703
727.0 0.0002467958211127552
728.0 1.6359115668010404e-10
729.0 0.00010729960422395379
730.0 0.00031577746995026246
731.0 0.0005288197371555725
732.0 0.0007418621862598229
733.0 0.0003021934617208899
734.0 1.6359115668010404e-10
735.0 1.6359115668010404e-10
736.0 1.6359115668010404e-10
737.0 0.0003027630782526103
738.0 0.0009888152817438822
739.0 0.0006184675385156879
740.0 0.000248119476964348
741.0 0.00012473615242925007
742.0 1.3527767350751674e-06
743.0 1.6359115668010404e-10
744.0 1.6359115668010404e-10
745.0 0.00015373118458228419
746.0 0.0007643343451491091
747.0 0.00035894292977900477
748.0 1.6359115668010404e-10
749.0 1.6359115668010404e-10
750.0 1.6359115668010404e-10
751.0 1.6359115668010404e-10
752.0 1.6359115668010404e-10
753.0 0.0001798951529963233
754.0 0.00044137177610537037
755.0 1.6359115668010404e-10
756.0 1.6359115668010404e-10
757.0 1.6359115668010404e-10
758.0 1.6359115668010404e-10
759.0 0.0001625852519282489
760.0 0.0008164979590219446
761.0 0.00029335399176488863
762.0 1.6359115668010404e-10
763.0 1.6359115668010404e-10
764.0 1.6359115668010404e-10
765.0 1.6359115668010404e-10
766.0 0.0005319207502907375
767.0 1.6359115668010404e-10
768.0 1.6359115668010404e-10
769.0 1.6359115668010404e-10
770.0 1.6359115668010404e-10
771.0 1.6359115668010404e-10
772.0 1.6359115668010404e-10
773.0 0.00031194783787213964
774.0 0.0007365857982222224
775.0 0.0004578463631332852
776.0 0.00017910679162014276
777.0 0.00026585566956782714
778.0 0.00035260457025287906
779.0 0.00054599076975137
780.0 0.0007393769465124933
781.0 0.000696285133017227
782.0 0.0006531933195219608
783.0 0.0005106878688820871
784.0 0.00036818248645431595
785.0 0.0002003039753617486
786.0 3.242516015689034e-05
787.0 0.000513193799633882
788.0 0.0009939623851096258
789.0 0.0009266294000553899
790.0 0.000859296415001154
791.0 0.0006269518507906469
792.0 0.00039460696825699415
793.0 0.0005296245035424363
794.0 0.0006646417659794679
795.0 0.0008228837032220326
796.0 0.0009811255040403921
797.0 0.0004921959771309048
798.0 3.2664928539816174e-06
799.0 0.0004770566647493979
800.0 0.0009508467883279081
801.0 0.0005316950591804925
802.0 0.00011254327318965807
803.0 0.0004163352059549652
804.0 0.0007201270818768535
805.0 0.0009826022505876608
806.0 0.0012450771464500576
807.0 0.0007609427484567277
808.0 0.00027680841867550043
809.0 1.799739379748644e-05
810.0 1.6359115668010404e-10
811.0 0.00010674827990442282
812.0 0.0004543101113085868
813.0 0.0007632818778802175
814.0 0.0010722536899265833
815.0 0.0011019123121513985
816.0 0.0011315703886793926
817.0 0.001048531794367591
818.0 0.000965493109106319
819.0 0.0010398391168564558
820.0 0.0011141852155560628
821.0 0.0008770152817305643
822.0 0.0006398453479050659
823.0 0.0006118321380199632
824.0 0.0005838191555085359
825.0 0.0006621265583817149
826.0 0.0007404340976790991
827.0 0.0006413825758500025
828.0 0.000542331144970376
829.0 0.0003104457164226915
830.0 7.856036177145143e-05
831.0 0.0001128035592046217
832.0 0.00014704702380186063
833.0 0.0003367460067238426
834.0 0.0005264449100650381
835.0 5.502316753336345e-05
836.0 1.6359115668010404e-10
837.0 1.6359115668010404e-10
838.0 5.8016473758470966e-05
839.0 0.0004378005996841239
840.0 0.0008175848051905632
841.0 0.001029465511237504
842.0 0.0012413462172844447
843.0 0.0009245378350897226
844.0 0.00060772918004659
845.0 0.0005934071396040963
846.0 0.0005790849627373973
847.0 0.0008077590791799594
848.0 0.0010364331501477864
849.0 0.0009185275303025264
850.0 0.0008006214557099156
851.0 0.0010201259101449978
852.0 0.00123963036458008
853.0 0.0003938149347959552
854.0 1.6359115668010404e-10
855.0 1.6359115668010404e-10
856.0 1.6359115668010404e-10
857.0 0.00031832528293307405
858.0 0.0013144464901415631
859.0 0.0012939893167640548
860.0 0.001273531870538136
861.0 0.0014241193639463745
862.0 0.0015747069483040832
863.0 0.0017930356989381835
864.0 0.002011364631471224
865.0 0.0018907432604464702
866.0 0.0017701220713206567
867.0 0.0025598703359719366
868.0 0.003349618782522157
869.0 0.0030496856197714806
870.0 0.0027497519113239832
871.0 0.003310013562440872
872.0 0.0038702753954567015
873.0 0.002856522405636497
874.0 0.0018427697796141729
