lsstCam/transmission_filter_detector/r02_s12/y_10/19700101T000000.ecsv
# %ECSV 1.0
# ---
# datatype:
# - {name: wavelength, unit: nm, datatype: float32}
# - {name: efficiency, unit: '%', datatype: float64}
# meta: !!omap
# - {MODE: DETECTOR}
# - {TYPE: transmission_filter_detector}
# - {CALIBDATE: '1970-01-01T00:00:00'}
# - {INSTRUME: LSSTCam}
# - {OBSTYPE: transmission_filter_detector}
# - {CALIBCLS: lsst.ip.isr.IntermediateFilterDetectorTransmissionCurve}
# - {SOURCE: Materion (DM-46256)}
# - {DETECTOR: 14}
# - {FILTER: y_10}
# - {CALIB_ID: 'calibDate=1970-01-01T00:00:00 filter=y_10 detector=14'}
# - {DATE: '2025-04-02T15:59:50.805573'}
# - {CALIB_CREATION_DATE: '2025-04-02'}
# - {CALIB_CREATION_TIME: '15:59:50'}
# - __serialized_columns__:
#     efficiency:
#       __class__: astropy.units.quantity.Quantity
#       unit: !astropy.units.Unit {unit: '%'}
#       value: !astropy.table.SerializedColumn {name: efficiency}
#     wavelength:
#       __class__: astropy.units.quantity.Quantity
#       unit: !astropy.units.Unit {unit: nm}
#       value: !astropy.table.SerializedColumn {name: wavelength}
# schema: astropy-2.0
wavelength efficiency
[from data line 576]
876.0 0.003091713006142527
877.0 0.001941781556524802
878.0 0.000791850561654428
879.0 0.0016266292732325383
880.0 0.05816835328005254
881.0 0.09436008404009044
882.0 0.053722033044323325
883.0 0.07947104750201106
884.0 0.06586066447198391
885.0 0.09636097238399088
886.0 0.07237019599415362
887.0 0.09423401788808405
888.0 0.06731858593411744
889.0 0.10071456199511886
890.0 0.06949180387891829
891.0 0.09552679839543998
892.0 0.06646453985013068
893.0 0.08929551695473492
894.0 0.06812401115894318
895.0 0.10403529740869999
896.0 0.069050322053954
897.0 0.11039562523365021
898.0 0.07896992610767484
899.0 0.11098345275968313
900.0 0.09275523480027914
901.0 0.11850876035168767
902.0 0.1333829713985324
903.0 0.15278843929991126
904.0 0.17356235766783357
905.0 0.1841744757257402
906.0 0.23076396901160479
907.0 0.28045319486409426
908.0 0.381505093537271
909.0 0.4665651824325323
910.0 0.6526863668113947
911.0 0.9304765611886978
912.0 1.3566147536039352
913.0 2.0079735666513443
914.0 2.8549935668706894
915.0 4.156617820262909
916.0 5.825494229793549
917.0 7.781095057725906
918.0 10.127337276935577
919.0 12.47289851307869
920.0 15.671569108963013
921.0 18.987947702407837
922.0 22.205641865730286
923.0 25.87994933128357
924.0 29.916492104530334
925.0 34.46297645568848
926.0 40.04848003387451
927.0 46.280378103256226
928.0 51.994121074676514
929.0 58.397477865219116
930.0 64.30391073226929
931.0 70.32474279403687
932.0 76.1733889579773
933.0 81.34350180625916
934.0 85.37377715110779
935.0 88.47161531448364
936.0 90.98201990127563
937.0 92.89417266845703
938.0 94.20173764228821
939.0 94.99934315681458
940.0 95.5190658569336
941.0 95.88404297828674
942.0 96.18698954582214
943.0 96.45744562149048
944.0 96.77066802978516
945.0 96.86497449874878
946.0 96.97877168655396
947.0 97.0188558101654
948.0 97.18621373176575
949.0 97.12622165679932
950.0 97.1707284450531
951.0 97.20762372016907
952.0 97.23184108734131
953.0 97.38913774490356
954.0 97.41498231887817
955.0 97.49297499656677
956.0 97.78993129730225
957.0 97.94568419456482
958.0 98.12719225883484
959.0 98.2281744480133
960.0 98.40649962425232
961.0 98.47326278686523
962.0 98.57707023620605
963.0 98.61510396003723
964.0 98.67700338363647
965.0 98.71220588684082
966.0 98.8038718700409
967.0 98.84534478187561
968.0 98.82764220237732
969.0 98.81401062011719
970.0 98.87301325798035
971.0 98.92919063568115
972.0 98.98890852928162
973.0 99.06013011932373
974.0 99.06357526779175
975.0 99.08126592636108
976.0 99.09600019454956
977.0 99.12077784538269
978.0 99.12112355232239
979.0 99.12569522857666
980.0 99.10259246826172
981.0 99.04394149780273
982.0 98.98229837417603
983.0 98.99908900260925
984.0 98.9423155784607
985.0 98.93279671669006
986.0 98.82664084434509
987.0 98.88244867324829
988.0 98.73335361480713
989.0 98.73014092445374
990.0 98.66234064102173
991.0 98.6983060836792
992.0 98.73933792114258
993.0 98.70214462280273
994.0 98.62843751907349
995.0 98.70613217353821
996.0 98.66646528244019
997.0 98.79268407821655
998.0 98.82363080978394
999.0 98.88105988502502
1000.0 98.91796708106995
1001.0 98.893803358078
1002.0 98.99255037307739
1003.0 99.0363597869873
1004.0 99.07032251358032
1005.0 99.03324246406555
1006.0 99.2121696472168
1007.0 99.19061660766602
1008.0 99.16276931762695
1009.0 99.10615682601929
1010.0 99.14845824241638
1011.0 99.15323853492737
1012.0 99.08968806266785
1013.0 99.0513026714325
1014.0 99.05190467834473
1015.0 98.97449612617493
1016.0 98.95471334457397
1017.0 99.0067183971405
1018.0 99.01936650276184
1019.0 98.935467004776
1020.0 98.99952411651611
1021.0 99.08866286277771
1022.0 98.96867275238037
1023.0 99.02356266975403
1024.0 98.97595047950745
1025.0 98.9713191986084
1026.0 99.00517463684082
1027.0 99.14079904556274
1028.0 99.07042980194092
1029.0 99.15692806243896
1030.0 99.17970895767212
1031.0 99.18426871299744
1032.0 99.16147589683533
1033.0 99.1769790649414
1034.0 99.15156364440918
1035.0 99.25055503845215
1036.0 99.13648962974548
1037.0 99.12325739860535
1038.0 99.13745522499084
1039.0 99.03651475906372
1040.0 99.02724027633667
1041.0 99.11239743232727
1042.0 99.09204244613647
1043.0 98.93295764923096
1044.0 99.11523461341858
1045.0 98.75172972679138
1046.0 98.98703694343567
1047.0 98.94640445709229
1048.0 98.91459941864014
1049.0 98.82897734642029
1050.0 98.82447123527527
1051.0 98.80724549293518
1052.0 98.73655438423157
1053.0 98.69439005851746
1054.0 98.95555973052979
1055.0 99.06460642814636
1056.0 99.0034282207489
1057.0 99.01260733604431
1058.0 98.77326488494873
1059.0 98.82932901382446
1060.0 99.08556938171387
1061.0 98.95912408828735
1062.0 98.9474892616272
1063.0 98.87440800666809
1064.0 99.06026124954224
1065.0 98.92860054969788
1066.0 98.97912740707397
1067.0 99.09149408340454
1068.0 99.07265901565552
1069.0 98.8681972026825
1070.0 99.15168881416321
1071.0 98.91868233680725
1072.0 99.08767938613892
1073.0 99.07473921775818
1074.0 98.90963435173035
1075.0 98.9966869354248
1076.0 98.56901168823242
1077.0 98.96252751350403
1078.0 99.0593671798706
1079.0 98.68861436843872
1080.0 99.5525062084198
1081.0 98.72515797615051
1082.0 98.82420897483826
1083.0 98.64529371261597
1084.0 98.98144006729126
1085.0 98.87853860855103
1086.0 98.84185194969177
1087.0 98.80658984184265
1088.0 98.74451160430908
1089.0 98.35281372070312
1090.0 98.75280261039734
1091.0 98.65838289260864
1092.0 98.77722263336182
1093.0 98.73498678207397
1094.0 98.50816130638123
1095.0 98.53968620300293
1096.0 98.79425168037415
1097.0 98.28054904937744
1098.0 97.63977527618408
1099.0 98.57766032218933
1100.0 98.04809093475342
