lsstCam/transmission_filter_detector/r21_s00/z_20/19700101T000000.ecsv
# %ECSV 1.0
# ---
# datatype:
# - {name: wavelength, unit: nm, datatype: float32}
# - {name: efficiency, unit: '%', datatype: float64}
# meta: !!omap
# - {MODE: DETECTOR}
# - {TYPE: transmission_filter_detector}
# - {CALIBDATE: '1970-01-01T00:00:00'}
# - {INSTRUME: LSSTCam}
# - {OBSTYPE: transmission_filter_detector}
# - {CALIBCLS: lsst.ip.isr.IntermediateFilterDetectorTransmissionCurve}
# - {SOURCE: Materion (DM-46256)}
# - {DETECTOR: 81}
# - {FILTER: z_20}
# - {CALIB_ID: 'calibDate=1970-01-01T00:00:00 filter=z_20 detector=81'}
# - {DATE: '2025-04-02T15:59:49.014393'}
# - {CALIB_CREATION_DATE: '2025-04-02'}
# - {CALIB_CREATION_TIME: '15:59:49'}
# - __serialized_columns__:
#     efficiency:
#       __class__: astropy.units.quantity.Quantity
#       unit: !astropy.units.Unit {unit: '%'}
#       value: !astropy.table.SerializedColumn {name: efficiency}
#     wavelength:
#       __class__: astropy.units.quantity.Quantity
#       unit: !astropy.units.Unit {unit: nm}
#       value: !astropy.table.SerializedColumn {name: wavelength}
# schema: astropy-2.0
wavelength efficiency
300.0 0.7649428211152554
301.0 0.5348328966647387
302.0 0.3047230187803507
303.0 0.28563772793859243
304.0 0.26655246037989855
305.0 0.2284799935296178
306.0 0.19040750339627266
307.0 0.173728761728853
308.0 0.15705002006143332
309.0 0.14130595372989774
310.0 0.12556189903989434
311.0 0.12271280866116285
312.0 0.11986372992396355
313.0 0.10839032474905252
314.0 0.09691693121567369
315.0 0.09167884709313512
316.0 0.08644076297059655
317.0 0.07537238416261971
318.0 0.06430401117540896
319.0 0.06611593998968601
320.0 0.06792786880396307
321.0 0.06510943057946861
322.0 0.06229099235497415
323.0 0.056072056759148836
324.0 0.04985311534255743
325.0 0.045223525376059115
326.0 0.040593932499177754
327.0 0.03969593090005219
328.0 0.038797923480160534
329.0 0.035428081173449755
330.0 0.032058238866738975
331.0 0.02893377677537501
332.0 0.02580930886324495
333.0 0.02478459500707686
334.0 0.0237598767853342
335.0 0.022177971550263464
336.0 0.020596064860001206
337.0 0.023679074365645647
338.0 0.026762078050523996
339.0 0.023573043290525675
340.0 0.020384012896101922
341.0 0.01817891898099333
342.0 0.01597382506588474
343.0 0.015099324809852988
344.0 0.014224827464204282
345.0 0.013688445324078202
346.0 0.013152063183952123
347.0 0.01223191648023203
348.0 0.011311770504107699
349.0 0.013320981815923005
350.0 0.015330196765717119
351.0 0.013394438428804278
352.0 0.011458680091891438
353.0 0.012042836897308007
354.0 0.012626993702724576
355.0 0.010679045226424932
356.0 0.008731098932912573
357.0 0.00952213813434355
358.0 0.010313180973753333
359.0 0.010112804011441767
360.0 0.00991242632153444
361.0 0.00905827182577923
362.0 0.008204118785215542
363.0 0.008854253974277526
364.0 0.00950438843574375
365.0 0.009565740765538067
366.0 0.009627094550523907
367.0 0.008704994252184406
368.0 0.0077828932262491435
369.0 0.008212111424654722
370.0 0.008641330350656062
371.0 0.008284382784040645
372.0 0.007927435217425227
373.0 0.007005655788816512
374.0 0.0060838781791972
375.0 0.006341166590573266
376.0 0.006598454638151452
377.0 0.006932535325177014
378.0 0.0072666138294152915
379.0 0.006187521648826078
380.0 0.005108429104438983
381.0 0.003717339859576896
382.0 0.0023262509785126895
383.0 0.003952880433644168
384.0 0.005579509888775647
385.0 0.00523166308994405
386.0 0.004883816291112453
387.0 0.005613607572740875
388.0 0.006343399581965059
389.0 0.005651070750900544
390.0 0.0049587430112296715
391.0 0.004617763988790102
392.0 0.004276784966350533
393.0 0.004714443639386445
394.0 0.005152103040018119
395.0 0.004339535007602535
396.0 0.0035269669751869515
397.0 0.003672190723591484
398.0 0.003817414471996017
399.0 0.0039308790292125195
400.0 0.0040443432226311415
401.0 0.0046297976950882
402.0 0.005215252167545259
403.0 0.00498947556479834
404.0 0.004763699689647183
405.0 0.004225383963785134
406.0 0.0036870686017209664
407.0 0.002244693496322725
408.0 0.0008023190275707748
409.0 0.002120692442986183
410.0 0.003439066495047882
411.0 0.004070642899023369
412.0 0.004702219666796736
413.0 0.004527408964349888
414.0 0.004352597898105159
415.0 0.0036181678296998143
416.0 0.0028837377612944692
417.0 0.003647863195510581
418.0 0.004411988993524574
419.0 0.003909416773240082
420.0 0.0034068452805513516
421.0 0.0036390127206686884
422.0 0.0038711808883817866
423.0 0.003712428588187322
424.0 0.0035536773793864995
425.0 0.0025230647224816494
426.0 0.0014924523384252097
427.0 0.0019588967916206457
428.0 0.0024253411538666114
429.0 0.001745592089719139
430.0 0.001065843207470607
431.0 0.0009071405656868592
432.0 0.0007484377874789061
433.0 0.0008108564543363173
434.0 0.0008732751666684635
435.0 0.0012771644833264872
436.0 0.0016810539818834513
437.0 0.0018230903151561506
438.0 0.0019651268303277902
439.0 0.002152677370759193
440.0 0.002340228274988476
441.0 0.0018872577129513957
442.0 0.0014342873328132555
443.0 0.0023687825887463987
444.0 0.003303277844679542
445.0 0.003200094579369761
446.0 0.00309691131405998
447.0 0.002526192838558927
448.0 0.001955474181158934
449.0 0.002486022458469961
450.0 0.003016571281477809
451.0 0.0024775999918347225
452.0 0.001938628156494815
453.0 0.001806951877370011
454.0 0.0016752755982452072
455.0 0.0023636479454580694
456.0 0.003052020474569872
457.0 0.0022276188246905804
458.0 0.001403217356710229
459.0 0.0014784446648263838
460.0 0.0015536719729425386
461.0 0.0009487747774983291
462.0 0.0003438773546804441
463.0 0.0012307516954024322
464.0 0.0021176261725486256
465.0 0.002203533222200349
466.0 0.0022894404537510127
467.0 0.002067518471449148
468.0 0.0018455961253494024
469.0 0.001587983024364803
470.0 0.0013303699233802035
471.0 0.0013073745321889874
472.0 0.0012843792319472414
473.0 0.0013047264474153053
474.0 0.001325073571933899
475.0 0.0011369286767148878
476.0 0.0009487836905464064
477.0 0.001243135102413362
478.0 0.0015374862414319068
479.0 0.0019288683688500896
480.0 0.002320250314369332
481.0 0.0016895266526262276
482.0 0.0010588030818325933
483.0 0.0008063534551183693
484.0 0.0005539038284041453
485.0 0.0010882325113925617
486.0 0.0016225612853304483
487.0 0.0013558025784732308
488.0 0.001089043689717073
489.0 0.0017378544725943357
490.0 0.002386665619269479
491.0 0.0022217318473849446
492.0 0.00205679807550041
493.0 0.002031022813753225
494.0 0.0020052479158039205
495.0 0.0016699672414688393
496.0 0.0013346867490326986
497.0 0.0012312626495258883
498.0 0.0011278386409685481
499.0 0.0011729121979442425
500.0 0.0012179857549199369
501.0 0.0008569471901864745
502.0 0.0004959084890288068
503.0 0.0011915036338905338
504.0 0.001887098915176466
505.0 0.002093681541737169
506.0 0.002300264168297872
507.0 0.0021702619051211514
508.0 0.0020402590962476097
509.0 0.0018135409845854156
510.0 0.0015868232367211021
511.0 0.001263225931324996
512.0 0.0009396288078278303
513.0 0.0013614384442917071
514.0 0.0017832484445534647
515.0 0.001279895514016971
516.0 0.0007765430382278282
517.0 0.0008918687854020391
518.0 0.0010071944416267797
519.0 0.0011199278560525272
520.0 0.0012326610885793343
521.0 0.0016125088222906925
522.0 0.0019923565560020506
523.0 0.001355779113509925
524.0 0.0007192016255430644
525.0 0.0007335991995205404
526.0 0.0007479968644474866
527.0 0.0010751747140602674
528.0 0.001402352881996194
529.0 0.0012285117918509059
530.0 0.001054670246958267
531.0 0.0011849244401673786
532.0 0.0013151785424270201
533.0 0.0009014734132506419
534.0 0.00048776828407426365
535.0 0.0010496565664652735
536.0 0.0016115451217046939
537.0 0.0016765128748374991
538.0 0.0017414808098692447
539.0 0.0012972152035217732
540.0 0.0008529495062248316
541.0 0.0009197732651955448
542.0 0.000986597024166258
543.0 0.0012702149433607701
544.0 0.001553832771605812
545.0 0.001063471609086264
546.0 0.0005731105829909211
547.0 0.001179956325358944
548.0 0.0017868018403532915
549.0 0.0015534791600657627
550.0 0.0013201562978792936
551.0 0.0014928313248674385
552.0 0.0016655061699566431
553.0 0.001533559407107532
554.0 0.0014016123714100104
555.0 0.001112190329877194
556.0 0.0008227682883443777
557.0 0.001280180731555447
558.0 0.0017375929019181058
559.0 0.001678278567851521
560.0 0.0016189638699870557
561.0 0.0014544867553922813
562.0 0.0012900094588985667
563.0 0.0010491441571502946
564.0 0.0008082787644525524
565.0 0.0015200263987935614
566.0 0.002231774305982981
567.0 0.0025433617338421755
568.0 0.0028549487979034893
569.0 0.002751285683189053
570.0 0.0026476223865756765
571.0 0.002517947541491594
572.0 0.0023882719688117504
573.0 0.0019270855773356743
574.0 0.0014658994587080088
575.0 0.0019241708287154324
576.0 0.002382442107773386
577.0 0.0020831956135225482
578.0 0.0017839496649685316
579.0 0.0017874039258458652
580.0 0.0017908580048242584
581.0 0.0016575231711613014
582.0 0.0015241882465488743
583.0 0.002043965650955215
584.0 0.0025637429644120857
585.0 0.0025968942281906493
586.0 0.0026300453100702725
587.0 0.002068492722173687
588.0 0.0015069396795297507
589.0 0.002055712502624374
590.0 0.0026044854166684672
591.0 0.0018097751308232546
592.0 0.0010150645721296314
593.0 0.0008557192813896108
594.0 0.0006963738997001201
595.0 0.0010859414032893255
596.0 0.0014755088159290608
597.0 0.001283254096051678
598.0 0.0010909994671237655
599.0 0.0008862841241352726
600.0 0.0006815689175709849
601.0 0.0005883360245206859
602.0 0.0004951029950461816
603.0 0.0009290734851674642
604.0 0.0013630436114908662
605.0 0.0009620964192436077
606.0 0.0005611489541479386
607.0 0.0007989244295458775
608.0 0.0010366999049438164
609.0 0.0010993985597451683
610.0 0.00116209703264758
611.0 0.0009292512004321907
612.0 0.0006964052317925962
613.0 0.0006734173439326696
614.0 0.0006504292286990676
615.0 0.0010577575267234351
616.0 0.0014650858247478027
617.0 0.001950554178620223
618.0 0.0024360226234421134
619.0 0.00210635298572015
620.0 0.001776683347998187
621.0 0.0016355612387997098
622.0 0.0014944385839044116
623.0 0.0016170621165656485
624.0 0.001739685467327945
625.0 0.0016532147128600627
626.0 0.0015667441402911209
627.0 0.0019041375708184205
628.0 0.002241531547042541
629.0 0.0020607503756764345
630.0 0.0018799690224113874
631.0 0.0017663644030108117
632.0 0.001652759783610236
633.0 0.0019316645193612203
634.0 0.002210569437011145
635.0 0.005173554745852016
636.0 0.008136539690895006
637.0 0.015373584756162018
638.0 0.022610632004216313
639.0 0.019956320466008037
640.0 0.01730200892779976
641.0 0.014901133545208722
642.0 0.012500259617809206
643.0 0.00990312619251199
644.0 0.0073059934948105365
645.0 0.00671156813041307
646.0 0.0061171434936113656
647.0 0.0057508084864821285
648.0 0.0053844734793528914
649.0 0.0042657364247133955
650.0 0.003147000097669661
651.0 0.0035900626244256273
652.0 0.004033125514979474
653.0 0.003203783489880152
654.0 0.0023744409190840088
655.0 0.002609913281048648
656.0 0.0028453863706090488
657.0 0.002822388159984257
658.0 0.002799389767460525
659.0 0.002680090801732149
660.0 0.002560791836003773
661.0 0.0026259245714754798
662.0 0.0026910571250482462
663.0 0.002041627340076957
664.0 0.0013921975551056676
665.0 0.001744874862197321
666.0 0.0020975523511879146
667.0 0.0023672024326515384
668.0 0.002636852514115162
669.0 0.0018421724234940484
670.0 0.0010474926966708153
671.0 0.0009068707186088432
672.0 0.000766248740546871
673.0 0.0013220264918345492
674.0 0.0018778042431222275
675.0 0.001918315319926478
676.0 0.001958826214831788
677.0 0.0019128998246742412
678.0 0.001866973252617754
679.0 0.0014710417417518329
680.0 0.0010751101399364416
681.0 0.0012348376003501471
682.0 0.0013945648788649123
683.0 0.0024060480427579023
684.0 0.003417531479499303
685.0 0.0028748776458087377
686.0 0.0023322241759160534
687.0 0.0017967757230508141
688.0 0.0012613269973371644
689.0 0.0015286241250578314
690.0 0.001795920979930088
691.0 0.0021216797904344276
692.0 0.002447438419039827
693.0 0.002834951737895608
694.0 0.0032224652386503294
695.0 0.0032374922739109024
696.0 0.0032525193091714755
697.0 0.003489479422569275
698.0 0.003726439899764955
699.0 0.005451333709061146
700.0 0.007176226790761575
701.0 0.007080173963913694
702.0 0.006984121864661574
703.0 0.006203934026416391
704.0 0.00542374727956485
705.0 0.004895168967777863
706.0 0.004366591019788757
707.0 0.004071902003488503
708.0 0.0037772122595924884
709.0 0.004076993354829028
710.0 0.004376774086267687
711.0 0.0040395498217549175
712.0 0.0037023259210400283
713.0 0.002733201654336881
714.0 0.0017640773876337335
715.0 0.0022133030142867938
716.0 0.0026625288228387944
717.0 0.002433781264699064
718.0 0.0022050335246603936
719.0 0.001762687497830484
720.0 0.001320341198152164
721.0 0.0011908526175830048
722.0 0.0010613636732159648
723.0 0.0009242839951184578
724.0 0.000787204407970421
725.0 0.0012053557838953566
726.0 0.0016235073417192325
727.0 0.0016204703570110723
728.0 0.0016174333723029122
729.0 0.001624740798433777
730.0 0.0016320482245646417
731.0 0.0014070838005864061
732.0 0.0011821193766081706
733.0 0.0012242369848536327
734.0 0.0012663545021496248
735.0 0.0011860666745633353
736.0 0.0011057783922296949
737.0 0.0011689477105392143
738.0 0.001232116665050853
739.0 0.0012023923773085698
740.0 0.0011726679076673463
741.0 0.0012056414561811835
742.0 0.0012386150956444908
743.0 0.0016755015167291276
744.0 0.0021123878468642943
745.0 0.0015308209185604937
746.0 0.0009492537174082827
747.0 0.0012405488632794004
748.0 0.0015318441000999883
749.0 0.0022494752556667663
750.0 0.0029671064112335443
751.0 0.003034389010281302
752.0 0.0031016719731269404
753.0 0.0030006312954355963
754.0 0.0028995907996431924
755.0 0.0019739796698559076
756.0 0.0010483686310180929
757.0 0.0019009539755643345
758.0 0.0027535394110600464
759.0 0.0027524607503437437
760.0 0.0027513817258295603
761.0 0.004326590715209022
762.0 0.005901800250285305
763.0 0.005533463627216406
764.0 0.005165128823136911
765.0 0.00528194650541991
766.0 0.0053987649152986705
767.0 0.004567508221953176
768.0 0.0037362515286076814
769.0 0.0035009234125027433
770.0 0.003265595660195686
771.0 0.0038930516893742606
772.0 0.004520508082350716
773.0 0.0038313013646984473
774.0 0.003142094283248298
775.0 1.5973675290478773e-10
776.0 1.5973675290478773e-10
777.0 0.06355902878567576
778.0 1.5973675290478773e-10
779.0 1.5973675290478773e-10
780.0 1.5973675290478773e-10
781.0 0.03160113119520247
782.0 0.06759728421457112
783.0 0.04741073353216052
784.0 0.11898718075826764
785.0 1.5973675290478773e-10
786.0 0.14972232747823
787.0 0.07951032021082938
788.0 0.025617011124268174
789.0 0.027350999880582094
790.0 0.14039598172530532
791.0 0.045097476686351
792.0 0.11151895159855485
793.0 0.011519956024130806
794.0 1.5973675290478773e-10
795.0 0.06507568177767098
796.0 0.09430385543964803
797.0 0.15946844359859824
798.0 1.5973675290478773e-10
799.0 0.08365411777049303
800.0 0.15533020487055182
801.0 0.3737244289368391
802.0 0.6084298249334097
803.0 0.8614068850874901
804.0 1.4888688921928406
805.0 2.062469907104969
806.0 3.4144069999456406
807.0 4.904864728450775
808.0 6.925112009048462
809.0 9.265535324811935
810.0 12.267303466796875
811.0 15.29524028301239
812.0 18.591931462287903
813.0 21.494625508785248
814.0 24.26936775445938
815.0 27.931290864944458
816.0 32.43950009346008
817.0 37.90653347969055
818.0 43.473923206329346
819.0 48.98824393749237
820.0 56.38631582260132
821.0 64.26548957824707
822.0 70.79375386238098
823.0 76.82945132255554
824.0 82.54566788673401
825.0 87.43959069252014
826.0 91.11335873603821
827.0 94.37754154205322
828.0 97.28440642356873
829.0 98.3557403087616
830.0 98.3077883720398
831.0 99.02840852737427
832.0 98.87063503265381
833.0 99.99425411224365
834.0 98.42119812965393
835.0 99.94958639144897
836.0 99.34185147285461
837.0 99.15247559547424
838.0 98.56986999511719
839.0 98.4544575214386
840.0 99.02519583702087
841.0 99.43692088127136
842.0 99.63865280151367
843.0 99.79464411735535
844.0 98.67686629295349
845.0 98.79646301269531
846.0 99.29969906806946
847.0 98.85762333869934
848.0 99.98819828033447
849.0 98.92762899398804
850.0 98.14803004264832
851.0 99.26915168762207
852.0 99.43521618843079
853.0 98.74032139778137
854.0 99.79545474052429
855.0 98.48098158836365
856.0 99.15819764137268
857.0 98.16014766693115
858.0 98.75936508178711
859.0 99.2832899093628
860.0 98.50569367408752
861.0 98.9280641078949
862.0 99.03196692466736
863.0 98.51497411727905
864.0 99.269038438797
865.0 100.05450248718262
866.0 99.02146458625793
867.0 99.35927391052246
868.0 99.5404064655304
869.0 99.1409420967102
870.0 98.0605959892273
871.0 99.06367063522339
872.0 99.1782009601593
873.0 99.24754500389099
874.0 99.85021352767944
875.0 99.03212189674377
876.0 99.07806515693665
877.0 99.54037666320801
878.0 99.1192102432251
879.0 99.17150735855103
880.0 98.50149154663086
881.0 99.81768727302551
882.0 98.83866310119629
883.0 99.31914210319519
884.0 99.44512248039246
885.0 99.140864610672
886.0 98.68385791778564
887.0 98.86387586593628
888.0 99.18175339698792
889.0 99.44072961807251
890.0 98.52245450019836
891.0 99.58356022834778
892.0 98.90846014022827
893.0 98.97946119308472
894.0 98.31852912902832
895.0 99.5561420917511
