lsstCam/transmission_filter_detector/r21_s00/z_20/19700101T000000.ecsv
# %ECSV 1.0
# ---
# datatype:
# - {name: wavelength, unit: nm, datatype: float32}
# - {name: efficiency, unit: '%', datatype: float64}
# meta: !!omap
# - {MODE: DETECTOR}
# - {TYPE: transmission_filter_detector}
# - {CALIBDATE: '1970-01-01T00:00:00'}
# - {INSTRUME: LSSTCam}
# - {OBSTYPE: transmission_filter_detector}
# - {CALIBCLS: lsst.ip.isr.IntermediateFilterDetectorTransmissionCurve}
# - {SOURCE: Materion (DM-46256)}
# - {DETECTOR: 81}
# - {FILTER: z_20}
# - {CALIB_ID: 'calibDate=1970-01-01T00:00:00 filter=z_20 detector=81'}
# - {DATE: '2025-04-02T15:59:49.014393'}
# - {CALIB_CREATION_DATE: '2025-04-02'}
# - {CALIB_CREATION_TIME: '15:59:49'}
# - __serialized_columns__:
#     efficiency:
#       __class__: astropy.units.quantity.Quantity
#       unit: !astropy.units.Unit {unit: '%'}
#       value: !astropy.table.SerializedColumn {name: efficiency}
#     wavelength:
#       __class__: astropy.units.quantity.Quantity
#       unit: !astropy.units.Unit {unit: nm}
#       value: !astropy.table.SerializedColumn {name: wavelength}
# schema: astropy-2.0
wavelength efficiency
[from data line 597]
897.0 99.25811290740967
898.0 99.00383353233337
899.0 98.71624112129211
900.0 98.91274571418762
901.0 99.4189441204071
902.0 99.40148591995239
903.0 99.15163516998291
904.0 97.73399829864502
905.0 98.95330667495728
906.0 98.16697835922241
907.0 98.52116703987122
908.0 98.31636548042297
909.0 98.30564260482788
910.0 98.04444909095764
911.0 96.9991385936737
912.0 96.2608277797699
913.0 95.15762329101562
914.0 92.70977973937988
915.0 90.62587022781372
916.0 88.6924147605896
917.0 87.104332447052
918.0 83.62241387367249
919.0 82.59029388427734
920.0 79.75812554359436
921.0 76.02510452270508
922.0 72.03434705734253
923.0 66.31348133087158
924.0 60.883837938308716
925.0 55.521440505981445
926.0 49.559009075164795
927.0 42.551371455192566
928.0 36.7300808429718
929.0 30.347919464111328
930.0 24.77211356163025
931.0 19.56065595149994
932.0 14.031341671943665
933.0 9.619592875242233
934.0 6.291361153125763
935.0 3.9070777595043182
936.0 2.225443534553051
937.0 1.3811128214001656
938.0 0.7831159047782421
939.0 0.5157520063221455
940.0 0.4057379439473152
941.0 0.2356438897550106
942.0 0.13176249340176582
943.0 0.0064210762502625585
944.0 0.14925100840628147
945.0 0.22266460582613945
946.0 1.5973675290478773e-10
947.0 0.07240346749313176
948.0 0.03318175149615854
949.0 0.018966742209158838
950.0 0.001292846445721807
951.0 1.5973675290478773e-10
952.0 1.5973675290478773e-10
953.0 0.035042010131292045
954.0 1.5973675290478773e-10
955.0 1.5973675290478773e-10
956.0 0.0976376817561686
957.0 0.05353766027837992
958.0 1.5973675290478773e-10
959.0 0.0046374854719033465
960.0 1.5973675290478773e-10
961.0 1.5973675290478773e-10
962.0 1.5973675290478773e-10
963.0 1.5973675290478773e-10
964.0 0.08073799544945359
965.0 0.00377033902623225
966.0 0.003656974877230823
967.0 1.5973675290478773e-10
968.0 0.02373607421759516
969.0 1.5973675290478773e-10
970.0 0.006548469536937773
971.0 0.0189335536560975
972.0 0.044512125896289945
973.0 1.5973675290478773e-10
974.0 1.5973675290478773e-10
975.0 1.5973675290478773e-10
976.0 0.006457110430346802
977.0 0.006419407145585865
978.0 0.006381706043612212
979.0 0.00620383070781827
980.0 0.006025954280630685
981.0 0.005894479181733914
982.0 0.0057630048104329035
983.0 0.005717072417610325
984.0 0.005671140388585627
985.0 0.005395157495513558
986.0 0.005119173874845728
987.0 0.005137831249157898
988.0 0.005156488987267949
989.0 0.005051607877248898
990.0 0.004946727131027728
991.0 0.004961224476573989
992.0 0.004975721822120249
993.0 0.004943068415741436
994.0 0.004910414645564742
995.0 0.004810407699551433
996.0 0.004710401117336005
997.0 0.00461665986222215
998.0 0.004522918607108295
999.0 0.004438922042027116
1000.0 0.004354925476945937
1001.0 0.004432832065504044
1002.0 0.0045107379264663905
1003.0 0.0044941796659259126
1004.0 0.004477621041587554
1005.0 0.004379266101750545
1006.0 0.004280910798115656
1007.0 0.004351026291260496
1008.0 0.0044211421482032165
1009.0 0.004448338222573511
1010.0 0.004475533933145925
1011.0 0.004564806295093149
1012.0 0.004654079020838253
1013.0 0.004451832865015604
1014.0 0.004249586709192954
1015.0 0.004446647653821856
1016.0 0.004643708234652877
1017.0 0.0048108602641150355
1018.0 0.004978012293577194
1019.0 0.004821631591767073
1020.0 0.004665250889956951
1021.0 0.004723876918433234
1022.0 0.004782502946909517
1023.0 0.004647173409466632
1024.0 0.004511843508225866
1025.0 0.004735459151561372
1026.0 0.004959074431098998
1027.0 0.0049353875510860234
1028.0 0.004911700671073049
1029.0 0.004759887451655231
1030.0 0.004608074959833175
1031.0 0.00483430085296277
1032.0 0.005060526746092364
1033.0 0.005045973011874594
1034.0 0.005031420005252585
1035.0 0.00519703135068994
1036.0 0.005362641968531534
1037.0 0.005503079592017457
1038.0 0.005643516851705499
1039.0 0.005540303027373739
1040.0 0.005437089203041978
1041.0 0.005777115075034089
1042.0 0.006117141310824081
1043.0 0.005709680772270076
1044.0 0.005302220233716071
1045.0 0.005871446046512574
1046.0 0.006440671859309077
1047.0 0.0062358791183214635
1048.0 0.006031086013535969
1049.0 0.0061399761762004346
1050.0 0.0062488659750670195
1051.0 0.006571134144905955
1052.0 0.006893403769936413
1053.0 0.006907310307724401
1054.0 0.0069212175731081516
1055.0 0.007532474410254508
1056.0 0.008143731974996626
1057.0 0.007904255471657962
1058.0 0.00766478042351082
1059.0 0.007807664223946631
1060.0 0.00795054656919092
1061.0 0.00860717409523204
1062.0 0.009263800893677399
1063.0 0.009245527326129377
1064.0 0.009227253758581355
1065.0 0.009318000229541212
1066.0 0.009408748883288354
1067.0 0.009679756476543844
1068.0 0.009950765524990857
1069.0 0.01066307959263213
1070.0 0.011375394387869164
1071.0 0.011292295675957575
1072.0 0.011209196236450225
1073.0 0.011122296564280987
1074.0 0.011035396892111748
1075.0 0.011649555381154642
1076.0 0.01226371678058058
1077.0 0.012298744695726782
1078.0 0.012333774066064507
1079.0 0.013207313895691186
1080.0 0.014080853725317866
1081.0 0.014161317085381597
1082.0 0.014241784811019897
1083.0 0.01399187312927097
1084.0 0.013741962902713567
1085.0 0.014494883362203836
1086.0 0.015247803821694106
1087.0 0.015631914720870554
1088.0 0.016016025620047003
1089.0 0.017290482355747372
1090.0 0.018564937636256218
1091.0 0.01834503054851666
1092.0 0.01812512200558558
1093.0 0.018129145610146224
1094.0 0.018133167759515345
1095.0 0.0194276450201869
1096.0 0.02072212373604998
1097.0 0.020808007684536278
1098.0 0.020893891633022577
1099.0 0.02235433057649061
1100.0 0.023814765154384077
1101.0 0.02439322415739298
1102.0 0.024971680250018835
1103.0 0.026278410223312676
1104.0 0.02758513728622347
1105.0 0.027279622736386955
1106.0 0.02697410818655044
1107.0 0.02828144351951778
1108.0 0.02958877885248512
1109.0 0.03023197059519589
1110.0 0.030875159427523613
1111.0 0.03147977986373007
1112.0 0.032084406120702624
1113.0 0.033263472141698
1114.0 0.03444254398345947
1115.0 0.03426494367886335
1116.0 0.034087346284650266
1117.0 0.034910428803414106
1118.0 0.0357335084117949
1119.0 0.03974360879510641
1120.0 0.04375370917841792
1121.0 0.04508095153141767
1122.0 0.046408193884417415
1123.0 0.04502696683630347
1124.0 0.04364573978818953
1125.0 0.044189003529027104
1126.0 0.04473226726986468
1127.0 0.04943970707245171
1128.0 0.05414714687503874
1129.0 0.056531577138230205
1130.0 0.058916007401421666
1131.0 0.059971987502649426
1132.0 0.061027955962345004
1133.0 0.06344370194710791
1134.0 0.06585944793187082
1135.0 0.06531924591399729
1136.0 0.06477903807535768
1137.0 0.07170392200350761
1138.0 0.07862881175242364
1139.0 0.08219625451602042
1140.0 0.08576366817578673
1141.0 0.09516703430563211
1142.0 0.10457038879394531
1143.0 0.12850899947807193
1144.0 0.15244758687913418
1145.0 0.3004525089636445
1146.0 0.44845747761428356
1147.0 0.9603477083146572
1148.0 1.4722379855811596
1149.0 1.6692416742444038
1150.0 1.866246573626995
