lsstCam/transmission_filter_detector/r24_s10/u_24/19700101T000000.ecsv
# %ECSV 1.0
# ---
# datatype:
# - {name: wavelength, unit: nm, datatype: float32}
# - {name: efficiency, unit: '%', datatype: float64}
# meta: !!omap
# - {MODE: DETECTOR}
# - {TYPE: transmission_filter_detector}
# - {CALIBDATE: '1970-01-01T00:00:00'}
# - {INSTRUME: LSSTCam}
# - {OBSTYPE: transmission_filter_detector}
# - {CALIBCLS: lsst.ip.isr.IntermediateFilterDetectorTransmissionCurve}
# - {SOURCE: Materion (DM-46256)}
# - {DETECTOR: 111}
# - {FILTER: u_24}
# - {CALIB_ID: 'calibDate=1970-01-01T00:00:00 filter=u_24 detector=111'}
# - {DATE: '2025-04-02T15:59:40.262870'}
# - {CALIB_CREATION_DATE: '2025-04-02'}
# - {CALIB_CREATION_TIME: '15:59:40'}
# - __serialized_columns__:
#     efficiency:
#       __class__: astropy.units.quantity.Quantity
#       unit: !astropy.units.Unit {unit: '%'}
#       value: !astropy.table.SerializedColumn {name: efficiency}
#     wavelength:
#       __class__: astropy.units.quantity.Quantity
#       unit: !astropy.units.Unit {unit: nm}
#       value: !astropy.table.SerializedColumn {name: wavelength}
# schema: astropy-2.0
wavelength efficiency
295.0 1.60789795106836e-10
296.0 1.60789795106836e-10
297.0 1.60789795106836e-10
298.0 1.60789795106836e-10
299.0 1.60789795106836e-10
300.0 1.60789795106836e-10
301.0 1.60789795106836e-10
302.0 1.60789795106836e-10
303.0 1.60789795106836e-10
304.0 0.41010831482708454
305.0 0.5333433859050274
306.0 1.6775812953710556
307.0 3.388238325715065
308.0 5.510223284363747
309.0 8.68130847811699
310.0 12.324225902557373
311.0 16.11461043357849
312.0 19.66375708580017
313.0 22.906482219696045
314.0 25.874659419059753
315.0 28.37536334991455
316.0 30.618929862976074
317.0 32.96649158000946
318.0 35.876086354255676
319.0 39.65980112552643
320.0 45.16415894031525
321.0 50.575244426727295
322.0 56.614333391189575
323.0 62.11984157562256
324.0 66.5989100933075
325.0 69.64523196220398
326.0 72.15198278427124
327.0 73.84695410728455
328.0 75.71605443954468
329.0 76.93464159965515
330.0 78.27615737915039
331.0 79.08137440681458
332.0 79.44023013114929
333.0 79.44458723068237
334.0 79.3175458908081
335.0 79.54234480857849
336.0 79.78360652923584
337.0 80.2741289138794
338.0 81.18203282356262
339.0 81.72754645347595
340.0 82.1268618106842
341.0 82.59881138801575
342.0 82.88025259971619
343.0 82.90852308273315
344.0 83.06279182434082
345.0 83.50027799606323
346.0 83.80542993545532
347.0 84.21538472175598
348.0 84.43466424942017
349.0 84.6272349357605
350.0 84.67864394187927
351.0 84.91126298904419
352.0 84.75455641746521
353.0 84.72428917884827
354.0 84.6093475818634
355.0 84.84113812446594
356.0 85.00542640686035
357.0 84.94149446487427
358.0 84.67497825622559
359.0 84.40461754798889
360.0 84.23340916633606
361.0 84.02564525604248
362.0 83.83468389511108
363.0 83.95189642906189
364.0 84.04707312583923
365.0 84.36790108680725
366.0 84.58600044250488
367.0 84.63168144226074
368.0 84.69431400299072
369.0 84.72914099693298
370.0 84.5376193523407
371.0 84.33899879455566
372.0 84.3364417552948
373.0 84.47415232658386
374.0 84.52155590057373
375.0 84.82062816619873
376.0 84.96836423873901
377.0 85.02541184425354
378.0 85.05086898803711
379.0 84.74727272987366
380.0 84.06916856765747
381.0 82.73476362228394
382.0 80.97074627876282
383.0 78.94991040229797
384.0 76.85989141464233
385.0 74.53723549842834
386.0 72.0513641834259
387.0 68.72393488883972
388.0 65.45222997665405
389.0 61.38465404510498
390.0 57.26502537727356
391.0 52.96676754951477
392.0 48.52083623409271
393.0 44.76845860481262
394.0 41.493040323257446
395.0 37.95497715473175
396.0 34.266650676727295
397.0 29.25686240196228
398.0 23.390372097492218
399.0 16.565480828285217
400.0 10.414859652519226
401.0 5.682521313428879
402.0 2.4091191589832306
403.0 0.7319249212741852
404.0 0.27280894573777914
405.0 0.11467575095593929
406.0 0.04788741935044527
407.0 0.0176237357663922
408.0 0.0005553967639571056
409.0 1.60789795106836e-10
410.0 1.60789795106836e-10
411.0 1.60789795106836e-10
412.0 1.60789795106836e-10
413.0 1.60789795106836e-10
414.0 1.60789795106836e-10
415.0 1.60789795106836e-10
416.0 1.60789795106836e-10
417.0 1.60789795106836e-10
418.0 1.60789795106836e-10
419.0 1.60789795106836e-10
420.0 1.60789795106836e-10
421.0 1.60789795106836e-10
422.0 1.60789795106836e-10
423.0 1.60789795106836e-10
424.0 1.60789795106836e-10
425.0 1.60789795106836e-10
426.0 1.60789795106836e-10
427.0 0.00041245180000260007
428.0 0.002504053190932609
429.0 0.0013335010407899972
430.0 0.00016294881106659886
431.0 1.60789795106836e-10
432.0 1.60789795106836e-10
433.0 1.60789795106836e-10
434.0 0.0016676496670697816
435.0 0.0006495518391602673
436.0 1.60789795106836e-10
437.0 1.60789795106836e-10
438.0 1.60789795106836e-10
439.0 1.60789795106836e-10
440.0 0.0007941650437714998
441.0 1.60789795106836e-10
442.0 1.60789795106836e-10
443.0 1.60789795106836e-10
444.0 1.60789795106836e-10
445.0 1.60789795106836e-10
446.0 0.00020519089503068244
447.0 0.00029419243219308555
448.0 0.00038319376471918076
449.0 0.0007921143151179422
450.0 0.0012010346836177632
451.0 1.60789795106836e-10
452.0 1.60789795106836e-10
453.0 1.60789795106836e-10
454.0 1.60789795106836e-10
455.0 1.60789795106836e-10
456.0 1.60789795106836e-10
457.0 1.60789795106836e-10
458.0 1.60789795106836e-10
459.0 1.60789795106836e-10
460.0 1.60789795106836e-10
461.0 1.60789795106836e-10
462.0 1.60789795106836e-10
463.0 1.60789795106836e-10
464.0 3.201978984179732e-05
465.0 1.60789795106836e-10
466.0 1.60789795106836e-10
467.0 1.60789795106836e-10
468.0 1.60789795106836e-10
469.0 1.60789795106836e-10
470.0 1.60789795106836e-10
471.0 1.60789795106836e-10
472.0 1.60789795106836e-10
473.0 1.60789795106836e-10
474.0 1.60789795106836e-10
475.0 1.60789795106836e-10
476.0 1.60789795106836e-10
477.0 0.00023709185370535124
478.0 0.0006862682312203106
479.0 0.00012723635336442385
480.0 1.60789795106836e-10
481.0 1.60789795106836e-10
482.0 0.0002052941454167012
483.0 1.60789795106836e-10
484.0 1.60789795106836e-10
485.0 1.60789795106836e-10
486.0 1.60789795106836e-10
487.0 1.60789795106836e-10
488.0 1.60789795106836e-10
489.0 1.60789795106836e-10
490.0 1.60789795106836e-10
491.0 1.60789795106836e-10
492.0 0.00035385196497372817
493.0 0.00017649236951911007
494.0 1.60789795106836e-10
495.0 0.00016334748806912103
496.0 0.000327562156599015
497.0 1.60789795106836e-10
498.0 1.60789795106836e-10
499.0 1.60789795106836e-10
500.0 1.60789795106836e-10
501.0 1.60789795106836e-10
502.0 0.0002382891580055002
503.0 1.60789795106836e-10
504.0 1.60789795106836e-10
505.0 1.60789795106836e-10
506.0 0.00046565323827962857
507.0 1.60789795106836e-10
508.0 1.60789795106836e-10
509.0 1.60789795106836e-10
510.0 1.60789795106836e-10
511.0 0.00031332090202340623
512.0 0.0007355175057455199
513.0 0.0004088520199729828
514.0 8.218642051360803e-05
515.0 8.693789936842222e-05
516.0 9.168940664494585e-05
517.0 1.60789795106836e-10
518.0 1.60789795106836e-10
519.0 1.60789795106836e-10
520.0 4.255878991443751e-05
521.0 0.00020770089577126782
522.0 0.00037284310110408114
523.0 1.60789795106836e-10
524.0 1.60789795106836e-10
525.0 1.60789795106836e-10
526.0 1.60789795106836e-10
527.0 1.60789795106836e-10
528.0 1.60789795106836e-10
529.0 1.60789795106836e-10
530.0 1.60789795106836e-10
531.0 1.60789795106836e-10
532.0 1.60789795106836e-10
533.0 1.60789795106836e-10
534.0 1.60789795106836e-10
535.0 1.60789795106836e-10
536.0 1.60789795106836e-10
537.0 1.60789795106836e-10
538.0 1.60789795106836e-10
539.0 1.60789795106836e-10
540.0 1.60789795106836e-10
541.0 1.60789795106836e-10
542.0 1.60789795106836e-10
543.0 1.60789795106836e-10
544.0 1.60789795106836e-10
545.0 1.60789795106836e-10
546.0 1.60789795106836e-10
547.0 4.3443930053399527e-05
548.0 0.00029088882911310066
549.0 1.60789795106836e-10
550.0 1.60789795106836e-10
551.0 1.60789795106836e-10
552.0 1.60789795106836e-10
553.0 1.60789795106836e-10
554.0 1.60789795106836e-10
555.0 1.60789795106836e-10
556.0 1.60789795106836e-10
557.0 1.60789795106836e-10
558.0 1.60789795106836e-10
559.0 1.60789795106836e-10
560.0 1.60789795106836e-10
561.0 1.60789795106836e-10
562.0 1.5223865545976878e-05
563.0 1.60789795106836e-10
564.0 1.60789795106836e-10
565.0 1.60789795106836e-10
566.0 1.60789795106836e-10
567.0 1.60789795106836e-10
568.0 0.0001021335378936783
569.0 0.0002173271468564053
570.0 0.000332520721713081
571.0 0.00038274961298156995
572.0 0.000432978549724794
573.0 0.00046735844989598263
574.0 0.0005017384864913765
575.0 0.00045401434363157023
576.0 0.0004062903826707043
577.0 0.0003897534497809829
578.0 0.00037321651689126156
579.0 0.0005635035449813586
580.0 0.0007537905275967205
581.0 0.0010565053344180342
582.0 0.0013592202776635531
583.0 0.0016553482055314817
584.0 0.0019514764062478207
585.0 0.0014371467841556296
586.0 0.0009228168892150279
587.0 0.0009052301720657852
588.0 0.0008876433639670722
589.0 0.0009674468856246676
590.0 0.0010472501344338525
591.0 0.000929141060623806
592.0 0.0008110319868137594
593.0 0.0006751803539373213
594.0 0.0005393284936872078
595.0 0.0005998618235025788
596.0 0.0006603949714190094
597.0 0.0010071778888232075
598.0 0.0013539608517021406
599.0 0.0016660871551721357
600.0 0.0019782133676926605
601.0 0.0023101036276784725
602.0 0.002641994069563225
603.0 0.002206998578913044
604.0 0.0017720034520607442
605.0 0.0014635423212894239
606.0 0.0011550812814675737
607.0 0.001026867266773479
608.0 0.0008986531611299142
609.0 0.0006409738034562906
610.0 0.00038329435483319685
611.0 0.00026538414203969296
612.0 0.0001474739633522404
613.0 0.00045401902752928436
614.0 0.0007605640803376446
615.0 0.0007202062533906428
616.0 0.0006798484264436411
617.0 0.0004854955477640033
618.0 0.00029114280550857075
619.0 0.00036052292671229225
620.0 0.0004299031388654839
621.0 0.0004962304501532344
622.0 0.0005625577159662498
623.0 0.0006231174666027073
624.0 0.00068367735366337
625.0 0.0008067338058026507
626.0 0.0009297900760429911
627.0 0.0008575856554671191
628.0 0.0007853810529923066
629.0 0.0010232031854684465
630.0 0.0012610254998435266
631.0 0.0014749430192750879
632.0 0.0016888603568077087
633.0 0.0020048590158694424
634.0 0.0023208573111332953
635.0 0.002495688750059344
636.0 0.0026705201889853925
637.0 0.0023076136130839586
638.0 0.0019447072190814652
639.0 0.0016939333363552578
640.0 0.0014431596355279908
641.0 0.001341154256806476
642.0 0.0012391487871354911
643.0 0.0010410769391455688
644.0 0.0008430050911556464
645.0 0.0005720151875721058
646.0 0.00030102526125119766
647.0 0.0003345025561429793
648.0 0.0003679800329337013
649.0 0.00016474836002089432
650.0 1.60789795106836e-10
651.0 0.00033963303849304793
652.0 0.0007177493898780085
653.0 0.001218930719915079
654.0 0.0017201120499521494
655.0 0.0016610561942798086
656.0 0.0016020003386074677
657.0 0.002477426460245624
658.0 0.0033528525818837807
659.0 0.0037727299059042707
660.0 0.00419260686612688
661.0 0.004130330489715561
662.0 0.004068053749506362
663.0 0.0029909046133980155
664.0 0.00191375584108755
665.0 0.00156949336087564
666.0 0.00122523078971426
667.0 0.0011365723366907332
668.0 0.001047913701768266
669.0 0.0008539358532289043
670.0 0.0006599579592148075
671.0 0.0005629978204524377
672.0 0.00046603749979112763
673.0 0.00045227361624711193
674.0 0.00043850964175362606
675.0 0.0007831031325622462
676.0 0.0011276966688456014
677.0 0.0015705825717304833
678.0 0.0020134690203121863
679.0 0.002264095928694587
680.0 0.002514722837076988
681.0 0.0034253909689141437
682.0 0.00433605928265024
683.0 0.006293431215453893
684.0 0.008250804239651188
685.0 0.00887354472070001
686.0 0.009496287384536117
687.0 0.008357946353498846
688.0 0.007219606777653098
689.0 0.005686888107447885
690.0 0.004154169437242672
691.0 0.0036752400774275884
692.0 0.003196310717612505
693.0 0.002914628385042306
694.0 0.0026329456886742264
695.0 0.002290753945999313
696.0 0.0019485623852233402
697.0 0.0014169156202115119
698.0 0.0008852684914018027
699.0 0.0006342268534353934
700.0 0.00038318507904477883
701.0 0.00042311571633035783
702.0 0.000463046444565407
703.0 0.0005149050593900029
704.0 0.0005667638561135391
705.0 0.0005828644589200849
706.0 0.0005989651981508359
707.0 0.000798944711277727
708.0 0.0009989238606067374
709.0 0.0009327601219411008
710.0 0.0008665962013765238
711.0 0.000742888732929714
712.0 0.0006191813554323744
713.0 0.00052661516747321
714.0 0.000434049161412986
715.0 0.0004810160135093611
716.0 0.0005279829110804712
717.0 0.0004647126843337901
718.0 0.00040144245758710895
719.0 0.0004876611001236597
720.0 0.0005738797426602105
721.0 0.0003453160161370761
722.0 0.00011675223277052282
723.0 0.00010195079767072457
724.0 8.714936257092631e-05
725.0 7.215212463052012e-05
726.0 5.7154801424985635e-05
727.0 0.0002025844196396065
728.0 0.000348014054907253
729.0 0.00047719304347992875
730.0 0.0006063720775273396
731.0 0.00034579979910631664
732.0 8.522753205397748e-05
733.0 1.2842960472880804e-05
734.0 1.60789795106836e-10
735.0 0.00019021623529624776
736.0 0.00043997401917295065
737.0 0.0003362800043760217
738.0 0.00023258596684172517
739.0 0.0005575903287535766
740.0 0.0008825946679280605
741.0 0.0011122173418698367
742.0 0.001341840106761083
743.0 0.002042733467533253
744.0 0.002743626646406483
745.0 0.003230929360142909
746.0 0.003718231528182514
747.0 0.0041903484088834375
748.0 0.00466246492578648
749.0 0.0041877829062286764
750.0 0.0037131008866708726
751.0 0.0032500589441042393
752.0 0.0027870168196386658
753.0 0.0022737889594282024
754.0 0.001760561099217739
755.0 0.0019906847228412516
756.0 0.0022208085283637047
757.0 0.0019833392798318528
758.0 0.0017458702131989412
759.0 0.0015242492736433633
760.0 0.0013026283340877853
761.0 0.0012585829608724453
762.0 0.0012145376786065754
763.0 0.0009004394996736664
764.0 0.0005863411388418172
765.0 0.0007163348982430762
766.0 0.000846328566694865
767.0 0.0007200132131401915
768.0 0.000593697859585518
769.0 0.0005572890131588792
770.0 0.0005208801212575054
771.0 0.0004131210062041646
772.0 0.0003053618002013536
773.0 0.0002622085958137177
774.0 0.00021905536868871422
775.0 0.00042261249291186687
776.0 0.0006261695489229169
777.0 0.0005354286258807406
778.0 0.0004446876118890941
779.0 0.0007602680398122175
780.0 0.0010758483767858706
781.0 0.000909703339857515
782.0 0.0007435584393533645
783.0 0.000788842862675665
784.0 0.0008341272405232303
785.0 0.001160259034804767
786.0 0.0014863907381368335
787.0 0.0011345934581186157
788.0 0.000782796269049868
789.0 0.0007696276043134276
790.0 0.0007564590305264574
791.0 0.0006217529971763724
792.0 0.0004870470093010226
793.0 0.00021456264676089631
794.0 1.60789795106836e-10
795.0 1.60789795106836e-10
796.0 5.230703550296312e-05
797.0 0.00020644290543714305
798.0 0.000360578724212246
799.0 0.00026403590709378477
800.0 0.00016749301039453712
801.0 1.60789795106836e-10
802.0 1.60789795106836e-10
803.0 1.60789795106836e-10
804.0 1.60789795106836e-10
805.0 1.60789795106836e-10
806.0 1.60789795106836e-10
807.0 1.60789795106836e-10
808.0 1.60789795106836e-10
809.0 1.60789795106836e-10
810.0 7.149611747081508e-05
811.0 8.52584378208121e-05
812.0 9.902082638291176e-05
813.0 0.00039620781535631977
814.0 0.000693394895279198
815.0 0.0006098386165831471
816.0 0.0005262824743113015
817.0 0.00047936873670550995
818.0 0.0004324549536249833
819.0 0.0002316441396033042
820.0 3.083326873820624e-05
821.0 6.157055736366601e-05
822.0 9.230778346136503e-05
823.0 2.1181566012273834e-05
824.0 1.60789795106836e-10
825.0 1.60789795106836e-10
826.0 1.60789795106836e-10
827.0 1.60789795106836e-10
828.0 4.063870449044771e-05
829.0 1.60789795106836e-10
830.0 1.60789795106836e-10
831.0 1.60789795106836e-10
832.0 1.60789795106836e-10
833.0 1.60789795106836e-10
834.0 1.60789795106836e-10
835.0 1.60789795106836e-10
836.0 0.0001787121959750948
837.0 1.60789795106836e-10
838.0 1.60789795106836e-10
839.0 1.60789795106836e-10
840.0 1.60789795106836e-10
841.0 1.60789795106836e-10
842.0 0.00022459389583673328
843.0 1.60789795106836e-10
844.0 1.60789795106836e-10
845.0 1.60789795106836e-10
846.0 1.60789795106836e-10
847.0 1.60789795106836e-10
848.0 4.313789929710765e-05
849.0 7.221637474685849e-05
850.0 0.00010129476777365198
851.0 0.00013663021718457458
852.0 0.00017196571207023226
853.0 0.0001225266373694467
854.0 7.308757972168678e-05
855.0 4.957297505825409e-05
856.0 2.6058285129693104e-05
857.0 0.0004039723080495605
858.0 0.0007818863196007442
859.0 0.0010756641131592914
860.0 0.0013694418157683685
861.0 0.0012623109796550125
862.0 0.0011551802344911266
863.0 0.001348889054497704
864.0 0.0015425979654537514
865.0 0.0017317877791356295
866.0 0.0019209770471206866
867.0 0.001980986417038366
868.0 0.0020409957869560458
869.0 0.001958980647032149
870.0 0.0018769651433103718
871.0 0.0018623652067617513
872.0 0.0018477649064152502
873.0 0.0018675946193980053
874.0 0.0018874243323807605
875.0 0.00219306366489036
876.0 0.0024987029973999597
877.0 0.0026094308850588277
878.0 0.002720158954616636
879.0 0.002882344779209234
880.0 0.0030445311494986527
881.0 0.0032173098588827997
882.0 0.003390089113963768
883.0 0.0032105701393447816
884.0 0.0030310511647257954
885.0 0.0028884296625619754
886.0 0.002745808524196036
