lsstCam/transmission_filter_detector/r24_s10/u_24/19700101T000000.ecsv
# %ECSV 1.0
# ---
# datatype:
# - {name: wavelength, unit: nm, datatype: float32}
# - {name: efficiency, unit: '%', datatype: float64}
# meta: !!omap
# - {MODE: DETECTOR}
# - {TYPE: transmission_filter_detector}
# - {CALIBDATE: '1970-01-01T00:00:00'}
# - {INSTRUME: LSSTCam}
# - {OBSTYPE: transmission_filter_detector}
# - {CALIBCLS: lsst.ip.isr.IntermediateFilterDetectorTransmissionCurve}
# - {SOURCE: Materion (DM-46256)}
# - {DETECTOR: 111}
# - {FILTER: u_24}
# - {CALIB_ID: 'calibDate=1970-01-01T00:00:00 filter=u_24 detector=111'}
# - {DATE: '2025-04-02T15:59:40.262870'}
# - {CALIB_CREATION_DATE: '2025-04-02'}
# - {CALIB_CREATION_TIME: '15:59:40'}
# - __serialized_columns__:
#     efficiency:
#       __class__: astropy.units.quantity.Quantity
#       unit: !astropy.units.Unit {unit: '%'}
#       value: !astropy.table.SerializedColumn {name: efficiency}
#     wavelength:
#       __class__: astropy.units.quantity.Quantity
#       unit: !astropy.units.Unit {unit: nm}
#       value: !astropy.table.SerializedColumn {name: wavelength}
# schema: astropy-2.0
wavelength efficiency
[from data line 593]
888.0 0.0022440439352067187
889.0 0.0022260410332819447
890.0 0.0022080379494582303
891.0 0.002457471964589786
892.0 0.0027069059797213413
893.0 0.002692258385650348
894.0 0.0026776107915793546
895.0 0.002806940028676763
896.0 0.002936269265774172
897.0 0.0034653614420676604
898.0 0.003994453072664328
899.0 0.00419573625549674
900.0 0.004397018710733391
901.0 0.004330879164626822
902.0 0.004264739618520252
903.0 0.004514045576797798
904.0 0.004763351898873225
905.0 0.004942492887494154
906.0 0.005121633148519322
907.0 0.005376957051339559
908.0 0.005632281317957677
909.0 0.0058317655202699825
910.0 0.006031249722582288
911.0 0.006014846803736873
912.0 0.005998443884891458
913.0 0.005791763760498725
914.0 0.005585083272308111
915.0 0.005060146941104904
916.0 0.004535210246103816
917.0 0.004208743484923616
918.0 0.003882277087541297
919.0 0.00423931451223325
920.0 0.004596351573127322
921.0 0.004779404844157398
922.0 0.004962458115187474
923.0 0.005618193608825095
924.0 0.006273928011069074
925.0 0.006616602331632748
926.0 0.006959278107387945
927.0 0.007555646152468398
928.0 0.008152012014761567
929.0 0.007815803837729618
930.0 0.007479595660697669
931.0 0.0073031827923841774
932.0 0.007126767741283402
933.0 0.006996968295425177
934.0 0.006867168849566951
935.0 0.006983155617490411
936.0 0.00709914238541387
937.0 0.007298079435713589
938.0 0.007497017941204831
939.0 0.0071964146627578884
940.0 0.006895812839502469
941.0 0.005936525849392638
942.0 0.004977237404091284
943.0 0.003974947321694344
944.0 0.0029726574211963452
945.0 0.0026437661290401593
946.0 0.0023148748368839733
947.0 0.001696368053671904
948.0 0.0010778614523587748
949.0 0.00099129183581681
950.0 0.0009047220373759046
951.0 0.0012262322343303822
952.0 0.0015477422493859194
953.0 0.0016557845810893923
954.0 0.0017638269127928652
955.0 0.0022021406039129943
956.0 0.0026404542950331233
957.0 0.0029187849577283487
958.0 0.0031971154385246336
959.0 0.00345628650393337
960.0 0.003715457205544226
961.0 0.004111209636903368
962.0 0.004506961704464629
963.0 0.0046426866902038455
964.0 0.004778411675943062
965.0 0.004743076715385541
966.0 0.004707742482423782
967.0 0.00462692478322424
968.0 0.004546107447822578
969.0 0.004524189716903493
970.0 0.004502271985984407
971.0 0.00459448347100988
972.0 0.004686694956035353
973.0 0.004708402411779389
974.0 0.004730109867523424
975.0 0.004513080057222396
976.0 0.004296049883123487
977.0 0.0038987018342595547
978.0 0.003501354149193503
979.0 0.003191428550053388
980.0 0.002881502950913273
981.0 0.002958755794679746
982.0 0.003036008456547279
983.0 0.0029099239327479154
984.0 0.0027838395908474922
985.0 0.0032627140171825886
986.0 0.0037415891711134464
987.0 0.004029283081763424
988.0 0.004316977356211282
989.0 0.005241035250946879
990.0 0.006165092781884596
991.0 0.00643785169813782
992.0 0.006710609886795282
993.0 0.007082713273121044
994.0 0.007454815931851044
995.0 0.007217303209472448
996.0 0.006979789031902328
997.0 0.00680896919220686
998.0 0.006638151535298675
999.0 0.006457903509726748
1000.0 0.006277656211750582
1001.0 0.005850239904248156
1002.0 0.0054228235967457294
1003.0 0.005092218634672463
1004.0 0.0047616136725991964
1005.0 0.004861670458922163
1006.0 0.004961727245245129
1007.0 0.00489419762743637
1008.0 0.004826666918233968
1009.0 0.004402829290484078
1010.0 0.003978991662734188
1011.0 0.0036811965401284397
1012.0 0.003383401417522691
1013.0 0.0030184224669937976
1014.0 0.0026534433345659636
1015.0 0.002163533281418495
1016.0 0.0016736228644731455
1017.0 0.0016160951417987235
1018.0 0.0015585670553264208
1019.0 0.0013014736396144144
1020.0 0.0010443804058013484
1021.0 0.0010744290193542838
1022.0 0.0011044779057556298
1023.0 0.0011501597327878699
1024.0 0.00119584155982011
1025.0 0.0013066381143289618
1026.0 0.0014174347597872838
1027.0 0.0014627958080382086
1028.0 0.001508156674390193
1029.0 0.001523408354842104
1030.0 0.001538660035294015
1031.0 0.0018447268303134479
1032.0 0.002150793807231821
1033.0 0.0019527753465808928
1034.0 0.0017547563402331434
1035.0 0.0020176541511318646
1036.0 0.002280551416333765
1037.0 0.0024288172426167876
1038.0 0.0025770832507987507
1039.0 0.0022432081095757894
1040.0 0.0019093333321507089
1041.0 0.0021302246750565246
1042.0 0.002351116381760221
1043.0 0.0021989731976646
1044.0 0.002046830195467919
1045.0 0.0016618803783785552
1046.0 0.0012769308341376018
1047.0 0.0012472032722143922
1048.0 0.0012174756193417124
1049.0 0.0013925449820817448
1050.0 0.0015676141629228368
1051.0 0.0018837841707863845
1052.0 0.002199954178649932
1053.0 0.0016459249309264123
1054.0 0.0010918955922534224
1055.0 0.0010180660865444224
1056.0 0.0009442365808354225
1057.0 0.0010174180715694092
1058.0 0.001090599562303396
1059.0 0.0007166397153923754
1060.0 0.0003426800276429276
1061.0 0.001108078686229419
1062.0 0.001873477413028013
1063.0 0.0019495704691507854
1064.0 0.0020256635252735578
1065.0 0.001784084270184394
1066.0 0.001542505378893111
1067.0 0.0010262156138196588
1068.0 0.0005099255758977961
1069.0 0.0014389125681191217
1070.0 0.002367899469390977
1071.0 0.002363562998652924
1072.0 0.00235922634601593
1073.0 0.002736950045800768
1074.0 0.0031146737455856055
1075.0 0.003130947152385488
1076.0 0.003147220559185371
1077.0 0.004159814125159755
1078.0 0.00517240769113414
1079.0 0.00517217195010744
1080.0 0.005171934390091337
1081.0 0.0047794888814678416
1082.0 0.004387043372844346
1083.0 0.0035884786484530196
1084.0 0.0027899139240616933
1085.0 0.003130145341856405
1086.0 0.003470376759651117
1087.0 0.003672538514365442
1088.0 0.003874700269079767
1089.0 0.004114568582735956
1090.0 0.004354436896392144
1091.0 0.0033484055165899917
1092.0 0.00234237450058572
1093.0 0.002912914533226285
1094.0 0.0034834545658668503
1095.0 0.0036943001759937033
1096.0 0.003905146149918437
1097.0 0.003484332046355121
1098.0 0.003063519034185447
1099.0 0.0029757313313893974
1100.0 0.002887944174290169
