lsstCam/transmission_filter_detector/r01_s02/u_24/19700101T000000.ecsv
# %ECSV 1.0
# ---
# datatype:
# - {name: wavelength, unit: nm, datatype: float32}
# - {name: efficiency, unit: '%', datatype: float64}
# meta: !!omap
# - {MODE: DETECTOR}
# - {TYPE: transmission_filter_detector}
# - {CALIBDATE: '1970-01-01T00:00:00'}
# - {INSTRUME: LSSTCam}
# - {OBSTYPE: transmission_filter_detector}
# - {CALIBCLS: lsst.ip.isr.IntermediateFilterDetectorTransmissionCurve}
# - {SOURCE: Materion (DM-46256)}
# - {DETECTOR: 2}
# - {FILTER: u_24}
# - {CALIB_ID: 'calibDate=1970-01-01T00:00:00 filter=u_24 detector=2'}
# - {DATE: '2025-04-02T15:59:39.754993'}
# - {CALIB_CREATION_DATE: '2025-04-02'}
# - {CALIB_CREATION_TIME: '15:59:39'}
# - __serialized_columns__:
#     efficiency:
#       __class__: astropy.units.quantity.Quantity
#       unit: !astropy.units.Unit {unit: '%'}
#       value: !astropy.table.SerializedColumn {name: efficiency}
#     wavelength:
#       __class__: astropy.units.quantity.Quantity
#       unit: !astropy.units.Unit {unit: nm}
#       value: !astropy.table.SerializedColumn {name: wavelength}
# schema: astropy-2.0
wavelength efficiency
295.0 1.730942320900264e-10
296.0 1.730942320900264e-10
297.0 1.730942320900264e-10
298.0 1.730942320900264e-10
299.0 1.730942320900264e-10
300.0 1.730942320900264e-10
301.0 1.730942320900264e-10
302.0 1.730942320900264e-10
303.0 0.11959966504946351
304.0 0.46018529683351517
305.0 1.3102974742650986
306.0 2.9172345995903015
307.0 5.081603676080704
308.0 8.105194568634033
309.0 11.765220016241074
310.0 15.56413471698761
311.0 19.42550837993622
312.0 23.16516935825348
313.0 25.897955894470215
314.0 28.673076629638672
315.0 30.857190489768982
316.0 33.43787491321564
317.0 36.89354360103607
318.0 40.68636894226074
319.0 45.72969675064087
320.0 52.40861177444458
321.0 57.71622657775879
322.0 63.403213024139404
323.0 68.05707216262817
324.0 71.2979793548584
325.0 73.77179861068726
326.0 75.89319944381714
327.0 77.39344835281372
328.0 79.09085154533386
329.0 80.30296564102173
330.0 81.1945915222168
331.0 81.59027695655823
332.0 81.75468444824219
333.0 81.79683089256287
334.0 81.8681001663208
335.0 82.47233629226685
336.0 82.99917578697205
337.0 83.6478590965271
338.0 84.49485301971436
339.0 84.94426608085632
340.0 85.24207472801208
341.0 85.58762073516846
342.0 85.85430383682251
343.0 85.8587384223938
344.0 86.10852360725403
345.0 86.55787706375122
346.0 86.97190284729004
347.0 87.32295632362366
348.0 87.48685121536255
349.0 87.6892626285553
350.0 87.64156103134155
351.0 87.9124104976654
352.0 87.79564499855042
353.0 87.75478601455688
354.0 87.68900632858276
355.0 87.85790801048279
356.0 87.88647055625916
357.0 87.65774965286255
358.0 87.2974157333374
359.0 87.05310821533203
360.0 86.80620193481445
361.0 86.59058809280396
362.0 86.60809993743896
363.0 86.77183389663696
364.0 87.05427646636963
365.0 87.48803734779358
366.0 87.75098323822021
367.0 87.81261444091797
368.0 87.79526352882385
369.0 87.93908357620239
370.0 87.89196014404297
371.0 87.8117024898529
372.0 87.98704743385315
373.0 88.24103474617004
374.0 88.30675482749939
375.0 88.68029713630676
376.0 88.88183236122131
377.0 88.96278142929077
378.0 88.8575792312622
379.0 88.28449845314026
380.0 87.21092939376831
381.0 85.573810338974
382.0 83.55498909950256
383.0 81.5360426902771
384.0 79.42718267440796
385.0 76.80554986000061
386.0 73.82423877716064
387.0 69.93975639343262
388.0 65.96688628196716
389.0 61.261314153671265
390.0 57.02184438705444
391.0 52.812474966049194
392.0 48.72450232505798
393.0 45.236945152282715
394.0 41.48706793785095
395.0 36.8912935256958
396.0 31.680765748023987
397.0 24.713538587093353
398.0 17.6702082157135
399.0 11.044696718454361
400.0 5.851628631353378
401.0 2.5020647794008255
402.0 0.775802880525589
403.0 0.2592993900179863
404.0 0.10856087319552898
405.0 0.029480369994416833
406.0 1.730942320900264e-10
407.0 0.0013182255315768998
408.0 1.730942320900264e-10
409.0 1.730942320900264e-10
410.0 1.730942320900264e-10
411.0 1.730942320900264e-10
412.0 1.730942320900264e-10
413.0 1.730942320900264e-10
414.0 1.730942320900264e-10
415.0 1.730942320900264e-10
416.0 1.730942320900264e-10
417.0 1.730942320900264e-10
418.0 1.730942320900264e-10
419.0 1.730942320900264e-10
420.0 1.730942320900264e-10
421.0 1.730942320900264e-10
422.0 1.730942320900264e-10
423.0 1.730942320900264e-10
424.0 1.730942320900264e-10
425.0 1.730942320900264e-10
426.0 1.730942320900264e-10
427.0 1.730942320900264e-10
428.0 1.730942320900264e-10
429.0 0.0011141216418764088
430.0 0.0022401702153729275
431.0 0.0009959562703443225
432.0 1.730942320900264e-10
433.0 1.730942320900264e-10
434.0 1.730942320900264e-10
435.0 3.395799126337806e-05
436.0 0.0018105854906025343
437.0 1.730942320900264e-10
438.0 1.730942320900264e-10
439.0 0.0001871404151643219
440.0 0.002495197986718267
441.0 0.00032555772122577764
442.0 1.730942320900264e-10
443.0 1.730942320900264e-10
444.0 1.730942320900264e-10
445.0 1.730942320900264e-10
446.0 1.730942320900264e-10
447.0 1.730942320900264e-10
448.0 1.730942320900264e-10
449.0 0.00025847098186204676
450.0 0.0011294856449239887
451.0 0.00010540915127421613
452.0 1.730942320900264e-10
453.0 1.730942320900264e-10
454.0 0.00012073229527231888
455.0 1.730942320900264e-10
456.0 1.730942320900264e-10
457.0 1.730942320900264e-10
458.0 1.730942320900264e-10
459.0 1.730942320900264e-10
460.0 1.730942320900264e-10
461.0 1.730942320900264e-10
462.0 1.730942320900264e-10
463.0 1.730942320900264e-10
464.0 1.730942320900264e-10
465.0 1.730942320900264e-10
466.0 3.834107644706819e-05
467.0 1.730942320900264e-10
468.0 1.730942320900264e-10
469.0 1.730942320900264e-10
470.0 2.0275392387247848e-05
471.0 1.730942320900264e-10
472.0 1.730942320900264e-10
473.0 1.730942320900264e-10
474.0 1.730942320900264e-10
475.0 6.5218024758451065e-06
476.0 0.0006701304300804622
477.0 0.0006722956641169731
478.0 0.0006744608981534839
479.0 0.0003512657258397667
480.0 2.8070840585314727e-05
481.0 0.0004426092800713377
482.0 0.0008571477337682154
483.0 0.0005745474936702522
484.0 0.00029194723083492136
485.0 1.730942320900264e-10
486.0 1.730942320900264e-10
487.0 1.730942320900264e-10
488.0 1.730942320900264e-10
489.0 1.730942320900264e-10
490.0 1.730942320900264e-10
491.0 1.730942320900264e-10
492.0 1.730942320900264e-10
493.0 1.730942320900264e-10
494.0 1.730942320900264e-10
495.0 1.730942320900264e-10
496.0 0.0006324595233309083
497.0 0.00041044072531803977
498.0 0.0001884215862446581
499.0 0.00037889387840550626
500.0 0.0005693662842531921
501.0 1.730942320900264e-10
502.0 1.730942320900264e-10
503.0 1.730942320900264e-10
504.0 1.730942320900264e-10
505.0 1.730942320900264e-10
506.0 1.8527160250414454e-05
507.0 1.730942320900264e-10
508.0 1.730942320900264e-10
509.0 1.730942320900264e-10
510.0 1.730942320900264e-10
511.0 0.00020331715404608985
512.0 0.0005220091225055512
513.0 0.0003796551709456253
514.0 0.00023730096927465638
515.0 0.0005401664111559512
516.0 0.0008430318302998785
517.0 0.00019074109331995714
518.0 1.730942320900264e-10
519.0 1.730942320900264e-10
520.0 0.0001632817884456017
521.0 0.00032117279715748737
522.0 0.0004790636467078002
523.0 9.507293725619093e-05
524.0 1.730942320900264e-10
525.0 1.730942320900264e-10
526.0 1.730942320900264e-10
527.0 1.730942320900264e-10
528.0 1.730942320900264e-10
529.0 1.730942320900264e-10
530.0 1.730942320900264e-10
531.0 3.0756504543205665e-05
532.0 0.00047589937821612693
533.0 1.730942320900264e-10
534.0 1.730942320900264e-10
535.0 1.730942320900264e-10
536.0 1.730942320900264e-10
537.0 1.730942320900264e-10
538.0 1.730942320900264e-10
539.0 1.730942320900264e-10
540.0 1.730942320900264e-10
541.0 1.730942320900264e-10
542.0 1.730942320900264e-10
543.0 1.730942320900264e-10
544.0 1.730942320900264e-10
545.0 1.730942320900264e-10
546.0 1.730942320900264e-10
547.0 1.730942320900264e-10
548.0 1.730942320900264e-10
549.0 1.730942320900264e-10
550.0 1.730942320900264e-10
551.0 1.730942320900264e-10
552.0 1.730942320900264e-10
553.0 1.730942320900264e-10
554.0 1.730942320900264e-10
555.0 1.730942320900264e-10
556.0 1.730942320900264e-10
557.0 1.730942320900264e-10
558.0 1.730942320900264e-10
559.0 1.730942320900264e-10
560.0 1.730942320900264e-10
561.0 1.730942320900264e-10
562.0 1.730942320900264e-10
563.0 1.730942320900264e-10
564.0 1.730942320900264e-10
565.0 1.730942320900264e-10
566.0 1.730942320900264e-10
567.0 1.730942320900264e-10
568.0 1.730942320900264e-10
569.0 0.0001575619990035193
570.0 0.0003950777681893669
571.0 0.0005877032890566625
572.0 0.0007803289008734282
573.0 0.000663926221022848
574.0 0.0005475238140206784
575.0 0.0002082972287098528
576.0 1.730942320900264e-10
577.0 5.854851110598247e-05
578.0 0.0002480262082826812
579.0 0.000461906574855675
580.0 0.0006757869414286688
581.0 0.000916826775210211
582.0 0.0011578668818401638
583.0 0.0013474897968990263
584.0 0.0015371131667052396
585.0 0.001291636817768449
586.0 0.0010461600140843075
587.0 0.0009564492756908294
588.0 0.0008667385372973513
589.0 0.0009740165296534542
590.0 0.0010812945220095571
591.0 0.0010172945621889085
592.0 0.0009532946023682598
593.0 0.0007077453574311221
594.0 0.00046219588512030896
595.0 0.0007894662303442601
596.0 0.0011167361662955955
597.0 0.0012912383681396022
598.0 0.001465740569983609
599.0 0.0020036955902469344
600.0 0.002541650246712379
601.0 0.002491073973942548
602.0 0.002440497701172717
603.0 0.002055739241768606
604.0 0.001670980782364495
605.0 0.001224145762535045
606.0 0.0007773108336550649
607.0 0.0008644670742796734
608.0 0.0009516233149042819
609.0 0.0006174751888465835
610.0 0.0002833270627888851
611.0 0.00047533417273371015
612.0 0.0006673413281532703
613.0 0.0006723671504005324
614.0 0.0006773929726477945
615.0 0.000699765223544091
616.0 0.0007221374744403875
617.0 0.0006813624622736825
618.0 0.0006405876774806529
619.0 0.0004460170657694107
620.0 0.0002514465904823737
621.0 0.0005171923476154916
622.0 0.0007829380592738744
623.0 0.0007086650384735549
624.0 0.0006343919267237652
625.0 0.0007622513749083737
626.0 0.0008901108230929822
627.0 0.0008083448847173713
628.0 0.0007265789463417605
629.0 0.0009687571946415119
630.0 0.0012109356248402037
631.0 0.0017223530448973179
632.0 0.0022337701011565514
633.0 0.0023589547708979808
634.0 0.002484139804437291
635.0 0.0025010042008943856
636.0 0.00251786841545254
637.0 0.0021498603018699214
638.0 0.0017818518244894221
639.0 0.0012210872228024527
640.0 0.0006603223937418079
641.0 0.0007908853149274364
642.0 0.0009214482815878
643.0 0.0007648892278666608
644.0 0.0006083301286707865
645.0 0.0005846585281688021
646.0 0.0005609868367173476
647.0 0.00016738879367039772
648.0 1.730942320900264e-10
649.0 9.996415428759065e-06
650.0 0.0002462020347593352
651.0 0.0006787778147554491
652.0 0.0011113537766505033
653.0 0.001426684593752725
654.0 0.0017420150470570661
655.0 0.0019319084458402358
656.0 0.002121801662724465
657.0 0.002985636456287466
658.0 0.0038494716136483476
659.0 0.004230564445606433
660.0 0.0046116569137666374
661.0 0.004228426405461505
662.0 0.003845195533358492
663.0 0.0029043760150671005
664.0 0.001963556496775709
665.0 0.0016470134141854942
666.0 0.001330470149696339
667.0 0.0013348405445867684
668.0 0.0013392106666287873
669.0 0.0008825076292851008
670.0 0.0004258045919414144
671.0 0.0005006683295505354
672.0 0.000575531839785981
673.0 0.0007394676231342601
674.0 0.0009034034519572742
675.0 0.0011184044524270575
676.0 0.001333405543846311
677.0 0.001940673973876983
678.0 0.0025479426767560653
679.0 0.0028049544198438525
680.0 0.0030619659810326993
681.0 0.004192877895548008
682.0 0.005323789810063317
683.0 0.007024082879070193
684.0 0.00872437740326859
685.0 0.008841993985697627
686.0 0.008959612750913948
687.0 0.007790979725541547
688.0 0.0066223474277649075
689.0 0.005350239007384516
690.0 0.004078131678397767
691.0 0.0036182504118187353
692.0 0.0031583687814418226
693.0 0.0029157008611946367
694.0 0.0026730327590485103
695.0 0.0022735181119060144
696.0 0.0018740036466624588
697.0 0.0014541549717250746
698.0 0.0010343062058382202
699.0 0.0008243157935794443
700.0 0.0006143252448964631
701.0 0.000522015170645318
702.0 0.00042970518734364305
703.0 0.0007065683803375578
704.0 0.000983431891654618
705.0 0.0010076330909214448
706.0 0.001031834472087212
707.0 0.0009703054274723399
708.0 0.0009087760190595873
709.0 0.000673510930937482
710.0 0.00043824570639117155
711.0 0.0005579303888225695
712.0 0.0006776150257792324
713.0 0.0008925434485718142
714.0 0.0011074720532633364
715.0 0.0007775548510835506
716.0 0.0004476375579542946
717.0 0.0005741823770222254
718.0 0.0007007271506154211
719.0 0.0005046962996857474
720.0 0.00030866551696817623
721.0 0.00034595227589306887
722.0 0.00038323901208059397
723.0 0.00028062820547347656
724.0 0.00017801739886635914
725.0 0.0001223002300321241
726.0 6.658297024841886e-05
727.0 0.0002979356850119075
728.0 0.0005292884452501312
729.0 0.0003513649971864652
730.0 0.00017344174239042331
731.0 0.0002217174142060685
732.0 0.00026999309739039745
733.0 0.0002078612396871904
734.0 0.00014572932514056447
735.0 0.00032989833016472403
736.0 0.0005140672328707296
737.0 0.0005640870767820161
738.0 0.0006141069206933025
739.0 0.0006873045094835106
740.0 0.0007605019618495135
741.0 0.0012203325240989216
742.0 0.0016801630408735946
743.0 0.002486826451786328
744.0 0.003293489498901181
745.0 0.003830298737739213
746.0 0.004367107612779364
747.0 0.0044088570575695485
748.0 0.004450606138561852
749.0 0.0038002021028660238
750.0 0.0031497980671701953
751.0 0.0026821604478755035
752.0 0.0022145231923786923
753.0 0.001982702815439552
754.0 0.0017508822566014715
755.0 0.0020180352294119075
756.0 0.0022851885660202242
757.0 0.001992165925912559
758.0 0.0016991429220070131
759.0 0.0013827220755047165
760.0 0.00106630131995189
761.0 0.0011908796295756474
762.0 0.001315458030148875
763.0 0.0009780707841855474
764.0 0.0006406835382222198
765.0 0.0008446067113254685
766.0 0.0010485301572771277
767.0 0.0008336511200468522
768.0 0.0006187719918671064
769.0 0.0007283863396878587
770.0 0.0008380005056096707
771.0 0.0005839547611685703
772.0 0.00032990894851536723
773.0 0.00036026062844030093
774.0 0.0003906123311026022
775.0 0.00040742033888818696
776.0 0.00042422825572430156
777.0 0.0005027442966820672
778.0 0.0005812600647914223
779.0 0.0008127480214170646
780.0 0.0010442357051942963
781.0 0.0011911172805412207
782.0 0.001337998855888145
783.0 0.0011696460205712356
784.0 0.0010012929124059156
785.0 0.0011780492059187964
786.0 0.0013548052265832666
787.0 0.0009232689080818091
788.0 0.0004917326805298217
789.0 0.0007134932729968568
790.0 0.0009352540473628324
791.0 0.000852205357659841
792.0 0.0007691565770073794
793.0 0.00024670682705618674
794.0 1.730942320900264e-10
795.0 7.076864108057634e-05
796.0 0.00041728021642484237
797.0 0.0004365175300335977
798.0 0.000455754798167618
799.0 0.0003070221737289103
800.0 0.00015828942423468106
801.0 6.633991347371193e-05
802.0 1.730942320900264e-10
803.0 1.730942320900264e-10
804.0 1.730942320900264e-10
805.0 6.42542431705806e-05
806.0 0.0002898084858315997
807.0 0.00010147103921553935
808.0 1.730942320900264e-10
809.0 6.920612349858857e-05
810.0 0.00022527879082190339
811.0 4.616834416992788e-05
812.0 1.730942320900264e-10
813.0 0.00013046085314272204
814.0 0.0003938637746614404
815.0 0.0003776377297981526
816.0 0.0003614116621974972
817.0 0.0003136667828584905
818.0 0.00026592185804474866
819.0 0.0001422022819497215
820.0 1.848267743298493e-05
821.0 1.730942320900264e-10
822.0 1.730942320900264e-10
823.0 1.730942320900264e-10
824.0 1.730942320900264e-10
825.0 1.730942320900264e-10
826.0 1.730942320900264e-10
827.0 0.00013395896303336485
828.0 0.000689914259055513
829.0 0.0006144189228507457
830.0 0.0005389239049691241
831.0 0.00019227945813327096
832.0 1.730942320900264e-10
833.0 1.730942320900264e-10
834.0 1.730942320900264e-10
835.0 1.730942320900264e-10
836.0 1.730942320900264e-10
837.0 1.730942320900264e-10
838.0 1.730942320900264e-10
839.0 1.730942320900264e-10
840.0 1.730942320900264e-10
841.0 1.730942320900264e-10
842.0 9.928203326126095e-05
843.0 1.730942320900264e-10
844.0 1.730942320900264e-10
845.0 1.730942320900264e-10
846.0 0.00017036072677001357
847.0 0.00020189995666441973
848.0 0.00023343916382145835
849.0 0.00042470101107028313
850.0 0.0006159628810564755
851.0 0.0004392484242998762
852.0 0.00026253392206854187
853.0 0.0003970760644733673
854.0 0.0005316180704539875
855.0 0.000494029018227593
856.0 0.00045643992052646354
857.0 0.0006844674771855352
858.0 0.0009124949428951368
859.0 0.0009436723303224426
860.0 0.0009748500815476291
861.0 0.001074424017133424
862.0 0.001173997952719219
863.0 0.0013117448361299466
864.0 0.001449491628591204
865.0 0.0019323621017974801
866.0 0.0024152323021553457
867.0 0.002139148818969261
868.0 0.0018630655176821165
869.0 0.0018711072698351927
870.0 0.0018791488400893286
871.0 0.0018992610421264544
872.0 0.0019193728803656995
873.0 0.0019235867512179539
874.0 0.0019278004401712678
875.0 0.0021391846530605108
876.0 0.0023505692297476344
877.0 0.002656178185134195
878.0 0.0029617873224196956
879.0 0.002979712917294819
880.0 0.0029976390578667633
