lsstCam/transmission_filter_detector/r01_s02/u_24/19700101T000000.ecsv
# %ECSV 1.0
# ---
# datatype:
# - {name: wavelength, unit: nm, datatype: float32}
# - {name: efficiency, unit: '%', datatype: float64}
# meta: !!omap
# - {MODE: DETECTOR}
# - {TYPE: transmission_filter_detector}
# - {CALIBDATE: '1970-01-01T00:00:00'}
# - {INSTRUME: LSSTCam}
# - {OBSTYPE: transmission_filter_detector}
# - {CALIBCLS: lsst.ip.isr.IntermediateFilterDetectorTransmissionCurve}
# - {SOURCE: Materion (DM-46256)}
# - {DETECTOR: 2}
# - {FILTER: u_24}
# - {CALIB_ID: 'calibDate=1970-01-01T00:00:00 filter=u_24 detector=2'}
# - {DATE: '2025-04-02T15:59:39.754993'}
# - {CALIB_CREATION_DATE: '2025-04-02'}
# - {CALIB_CREATION_TIME: '15:59:39'}
# - __serialized_columns__:
#     efficiency:
#       __class__: astropy.units.quantity.Quantity
#       unit: !astropy.units.Unit {unit: '%'}
#       value: !astropy.table.SerializedColumn {name: efficiency}
#     wavelength:
#       __class__: astropy.units.quantity.Quantity
#       unit: !astropy.units.Unit {unit: nm}
#       value: !astropy.table.SerializedColumn {name: wavelength}
# schema: astropy-2.0
wavelength efficiency
[from data line 587]
882.0 0.0033584008633624762
883.0 0.0029004722819081508
884.0 0.0024425438823527656
885.0 0.002577815394033678
886.0 0.002713087269512471
887.0 0.0023914633857202716
888.0 0.002069839865725953
889.0 0.002139844036719296
890.0 0.0022098480258136988
891.0 0.0023582211724715307
892.0 0.0025065943191293627
893.0 0.0025345736503368244
894.0 0.002562552435847465
895.0 0.00302411281154491
896.0 0.003485673005343415
897.0 0.004023507790407166
898.0 0.004561342575470917
899.0 0.004696080577559769
900.0 0.004830818215850741
901.0 0.0047069821448531
902.0 0.00458314643765334
903.0 0.004986690328223631
904.0 0.005390234218793921
905.0 0.005457232327898964
906.0 0.005524229709408246
907.0 0.005793685704702511
908.0 0.006063141699996777
909.0 0.005963452713331208
910.0 0.005863764090463519
911.0 0.005847001011716202
912.0 0.005830238660564646
913.0 0.005699567918782122
914.0 0.0055688975407974795
915.0 0.0050040831411024556
916.0 0.004439269105205312
917.0 0.004052618896821514
918.0 0.0036659683246398345
919.0 0.004005730079370551
920.0 0.0043454914703033864
921.0 0.004688408080255613
922.0 0.00503132505400572
923.0 0.006105525972088799
924.0 0.007179725798778236
925.0 0.00736457877792418
926.0 0.007549432484665886
927.0 0.008201345917768776
928.0 0.008853256440488622
929.0 0.008623694156995043
930.0 0.008394132601097226
931.0 0.007773054676363245
932.0 0.007151976024033502
933.0 0.006806815508753061
934.0 0.006461654993472621
935.0 0.006412585207726806
936.0 0.006363516149576753
937.0 0.0066829285060521215
938.0 0.007002343772910535
939.0 0.006907127681188285
940.0 0.006811911589466035
941.0 0.0059698817494791
942.0 0.005127850090502761
943.0 0.004227324097882956
944.0 0.0033267988328589126
945.0 0.0024618640964035876
946.0 0.0015969297237461433
947.0 0.0015960986274876632
948.0 0.001595267531229183
949.0 0.0014373769772646483
950.0 0.0012794863323506434
951.0 0.001172566680907039
952.0 0.0010656470294634346
953.0 0.001352541130472673
954.0 0.0016394355043303221
955.0 0.0023254575353348628
956.0 0.003011479384440463
957.0 0.0030171537218848243
958.0 0.003022827331733424
959.0 0.0033620228350628167
960.0 0.003701218156493269
961.0 0.004163213452557102
962.0 0.004625208384823054
963.0 0.004810260361409746
964.0 0.004995312701794319
965.0 0.005161900116945617
966.0 0.005328487895894796
967.0 0.005090612103231251
968.0 0.0048527366743655875
969.0 0.004753238681587391
970.0 0.004653739961213432
971.0 0.0047617686504963785
972.0 0.004869796975981444
973.0 0.0046701501560164616
974.0 0.004470502972253598
975.0 0.004274698949302547
976.0 0.004078894562553614
977.0 0.003917975845979527
978.0 0.003757057129405439
979.0 0.0034354186936980113
980.0 0.003113779894192703
981.0 0.0030874150979798287
982.0 0.0030610503017669544
983.0 0.003076139182667248
984.0 0.0030912280635675415
985.0 0.00361411803169176
986.0 0.0041370087274117395
987.0 0.004719372373074293
988.0 0.005301735654938966
989.0 0.006496229616459459
990.0 0.007690723577979952
991.0 0.008075319055933505
992.0 0.00845991526148282
993.0 0.00907461071619764
994.0 0.009689306898508221
995.0 0.008944189175963402
996.0 0.008199068543035537
997.0 0.007465916860383004
998.0 0.006732766632921994
999.0 0.0062582526879850775
1000.0 0.005783740562037565
1001.0 0.005391990271164104
1002.0 0.005000241435482167
1003.0 0.004500567592913285
1004.0 0.004000893386546522
1005.0 0.004421074845595285
1006.0 0.004841255577048287
1007.0 0.004612133125192486
1008.0 0.00438300812675152
1009.0 0.00409744716307614
1010.0 0.003811886563198641
1011.0 0.003784145519603044
1012.0 0.0037564048398053274
1013.0 0.0034022548788925633
1014.0 0.003048104917979799
1015.0 0.002625103297759779
1016.0 0.0022021018594386987
1017.0 0.0021825460862601176
1018.0 0.0021629903130815364
1019.0 0.0018468579582986422
1020.0 0.001530725603515748
1021.0 0.0013817561921314336
1022.0 0.0012327866897976492
1023.0 0.0013114719877194148
1024.0 0.0013901572856411804
1025.0 0.0015040317521197721
1026.0 0.0016179064914467745
1027.0 0.0015095412891241722
1028.0 0.0014011759958520997
1029.0 0.0016012370906537399
1030.0 0.001801298640202731
1031.0 0.0022775968318455853
1032.0 0.0027538950234884396
1033.0 0.0026334710128139704
1034.0 0.0025130466383416206
1035.0 0.002608921204227954
1036.0 0.002704795406316407
1037.0 0.002891737676691264
1038.0 0.003078679947066121
1039.0 0.0027320704248268157
1040.0 0.0023854612663853914
1041.0 0.0019894951037713327
1042.0 0.001593528941157274
1043.0 0.0017317657693638466
1044.0 0.0018700027794693597
1045.0 0.001707646151771769
1046.0 0.0015452897059731185
1047.0 0.001530345980427228
1048.0 0.001515402163931867
1049.0 0.001386511303280713
1050.0 0.0012576198059832677
1051.0 0.001292081560677616
1052.0 0.001326542769675143
1053.0 0.0010432735507492907
1054.0 0.000760004149924498
1055.0 0.0005666162451234413
1056.0 0.0003732287041202653
1057.0 0.0011368414561729878
1058.0 0.0019004541172762401
1059.0 0.0011106008969363756
1060.0 0.00032074788123281905
1061.0 0.0015138793060032185
1062.0 0.002707010571612045
1063.0 0.0020930461687385105
1064.0 0.0014790814930165652
1065.0 0.001147641523857601
1066.0 0.0008162014637491666
1067.0 0.0005398949724622071
1068.0 0.00026358795821579406
1069.0 0.0018767541405395605
1070.0 0.0034899199818028137
1071.0 0.0021645750166499056
1072.0 0.0008392302333959378
1073.0 0.001614271241123788
1074.0 0.0023893118850537576
1075.0 0.003609987106756307
1076.0 0.004830661418964155
1077.0 0.00560920852876734
1078.0 0.0063877560023684055
1079.0 0.007258603000082076
1080.0 0.008129447815008461
1081.0 0.0060574180679395795
1082.0 0.003985387957072817
1083.0 0.003187948459526524
1084.0 0.00239050841628341
1085.0 0.0028263055355637334
1086.0 0.0032621021091472358
1087.0 0.003401802314328961
1088.0 0.003541503247106448
1089.0 0.0045527856855187565
1090.0 0.005564068123931065
1091.0 0.004179805182502605
1092.0 0.0027955420591752045
1093.0 0.002189415135944728
1094.0 0.0015832883946131915
1095.0 0.00193754840438487
1096.0 0.002291808596055489
1097.0 0.0030115170375211164
1098.0 0.003731225660885684
1099.0 0.0032167412427952513
1100.0 0.002702256097109057
