lsstCam/transmission_filter_detector/r14_s22/g_6/19700101T000000.ecsv
# %ECSV 1.0
# ---
# datatype:
# - {name: wavelength, unit: nm, datatype: float32}
# - {name: efficiency, unit: '%', datatype: float64}
# meta: !!omap
# - {MODE: DETECTOR}
# - {TYPE: transmission_filter_detector}
# - {CALIBDATE: '1970-01-01T00:00:00'}
# - {INSTRUME: LSSTCam}
# - {OBSTYPE: transmission_filter_detector}
# - {CALIBCLS: lsst.ip.isr.IntermediateFilterDetectorTransmissionCurve}
# - {SOURCE: Materion (DM-46256)}
# - {DETECTOR: 71}
# - {FILTER: g_6}
# - {CALIB_ID: 'calibDate=1970-01-01T00:00:00 filter=g_6 detector=71'}
# - {DATE: '2025-04-02T15:59:42.357420'}
# - {CALIB_CREATION_DATE: '2025-04-02'}
# - {CALIB_CREATION_TIME: '15:59:42'}
# - __serialized_columns__:
#     efficiency:
#       __class__: astropy.units.quantity.Quantity
#       unit: !astropy.units.Unit {unit: '%'}
#       value: !astropy.table.SerializedColumn {name: efficiency}
#     wavelength:
#       __class__: astropy.units.quantity.Quantity
#       unit: !astropy.units.Unit {unit: nm}
#       value: !astropy.table.SerializedColumn {name: wavelength}
# schema: astropy-2.0
wavelength efficiency
[from data line 608]
908.0 0.0005357686404749984
909.0 0.00047993835323723033
910.0 0.00040037421058514155
911.0 0.0003208100679330528
912.0 0.0004271184479875956
913.0 0.0005334268735168735
914.0 0.000357584144694556
915.0 0.00018174143860960612
916.0 0.00018925931044577737
917.0 0.00019677713680721354
918.0 0.00020095174022571882
919.0 0.0002051263436442241
920.0 0.0003204974518666859
921.0 0.00043586856008914765
922.0 0.0005745270755141973
923.0 0.0007131854999897769
924.0 0.0005980387413728749
925.0 0.0004828918918065028
926.0 0.0005150800916453591
927.0 0.0005472683824336855
928.0 0.0005300870270730229
929.0 0.0005129057626618305
930.0 0.0005113741735840449
931.0 0.0005098426754557295
932.0 0.0004791065748577239
933.0 0.0004483705652091885
934.0 0.00049631539695838
935.0 0.0005442601832328364
936.0 0.0005371968654799275
937.0 0.0005301335477270186
938.0 0.0006497077720268862
939.0 0.0007692819963267539
940.0 0.0006986917014728533
941.0 0.0006281013156694826
942.0 0.0006876820407342166
943.0 0.0007472627657989506
944.0 0.0006259185738599626
945.0 0.0005045742454967694
946.0 0.0004580280801746994
947.0 0.0004114819148526294
948.0 0.0008071862794167828
949.0 0.0012028907804051414
950.0 0.001040850838762708
951.0 0.0008788109880697448
952.0 0.000866626578499563
953.0 0.0008544421689293813
954.0 0.0008257486115326174
955.0 0.0007970552360347938
956.0 0.0006966493856452871
957.0 0.0005962434443063103
958.0 0.0006905714599270141
959.0 0.0007848995664971881
960.0 0.0006190667136252159
961.0 0.0004532338152785087
962.0 0.0005584211521636462
963.0 0.0006636084890487837
964.0 0.0007799918421369512
965.0 0.0008963750588009134
966.0 0.0008535651431884617
967.0 0.0008107551366265398
968.0 0.0007745455150143243
969.0 0.0007383358934021089
970.0 0.0007334492238442181
971.0 0.0007285626452357974
972.0 0.000766261564422166
973.0 0.0008039605745580047
974.0 0.0007762783752696123
975.0 0.0007485964033548953
976.0 0.0007940942850837018
977.0 0.000839592485135654
978.0 0.0009530534953228198
979.0 0.0010665144145605154
980.0 0.0010540855328144971
981.0 0.001041656742017949
982.0 0.0009733935257827397
983.0 0.0009051304004970007
984.0 0.0009355070687888656
985.0 0.0009658839189796709
986.0 0.0011768262083933223
987.0 0.0013877682249585632
988.0 0.0014429721886699554
989.0 0.0014981757885834668
990.0 0.0016264888472505845
991.0 0.0017548019968671724
992.0 0.00171471056091832
993.0 0.0016746194887673482
994.0 0.0015945204722811468
995.0 0.0015144216376938857
996.0 0.001390343277307693
997.0 0.00126626482597203
998.0 0.0014341178939503152
999.0 0.0016019708709791303
1000.0 0.0014812260815233458
1001.0 0.001360481110168621
1002.0 0.0012550633073260542
1003.0 0.0011496454135340173
1004.0 0.0011334663213347085
1005.0 0.0011172869562869892
1006.0 0.0013464567018672824
1007.0 0.001575626629346516
1008.0 0.0015853382137720473
1009.0 0.0015950503438943997
1010.0 0.0016617052096989937
1011.0 0.001728360257402528
1012.0 0.0018703731257119216
1013.0 0.0020123861759202555
1014.0 0.002053900789178442
1015.0 0.0020954157662345096
1016.0 0.002403474172751885
1017.0 0.002711532943067141
1018.0 0.002957840115414001
1019.0 0.0032041472877608612
1020.0 0.003232760718674399
1021.0 0.003261373785790056
1022.0 0.0035759407182922587
1023.0 0.0038905076507944614
1024.0 0.003992893471149728
1025.0 0.004095279655302875
1026.0 0.004192040796624497
1027.0 0.004288801937946118
1028.0 0.0043432060920167714
1029.0 0.0043976102460874245
1030.0 0.004518936475506052
1031.0 0.004640261977328919
1032.0 0.005032103581470437
1033.0 0.005423945185611956
1034.0 0.00525252653460484
1035.0 0.005081107519799843
1036.0 0.00519996538059786
1037.0 0.005318822877597995
1038.0 0.005586822226177901
1039.0 0.005854821574757807
1040.0 0.006302167457761243
1041.0 0.006749512249371037
1042.0 0.006901045708218589
1043.0 0.007052579167066142
1044.0 0.007257317338371649
1045.0 0.0074620533268898726
1046.0 0.008383244858123362
1047.0 0.009304434934165329
1048.0 0.010693015792639926
1049.0 0.012081593013135716
1050.0 0.01435034500900656
1051.0 0.016619091911707073
1052.0 0.020012939057778567
1053.0 0.023406792024616152
1054.0 0.027969657094217837
1055.0 0.032532520708628
1056.0 0.039005299913696945
1057.0 0.0454780732979998
1058.0 0.053035723976790905
1059.0 0.06059335428290069
1060.0 0.06784554570913315
1061.0 0.07509771385230124
1062.0 0.08231698302552104
1063.0 0.08953622309491038
1064.0 0.09478612919338048
1065.0 0.10003602365031838
1066.0 0.10498352348804474
1067.0 0.10993103496730328
1068.0 0.11623117607086897
1069.0 0.12253135209903121
1070.0 0.13233950594440103
1071.0 0.14214765978977084
1072.0 0.15536797000095248
1073.0 0.16858824528753757
1074.0 0.18343516858294606
1075.0 0.19828216172754765
1076.0 0.21248427219688892
1077.0 0.2266863826662302
1078.0 0.24066283367574215
1079.0 0.2546392846852541
1080.0 0.2706957049667835
1081.0 0.2867521019652486
1082.0 0.3118430729955435
1083.0 0.33693406730890274
1084.0 0.3721103770658374
1085.0 0.40728673338890076
1086.0 0.44162184931337833
1087.0 0.4759570583701134
1088.0 0.5390720907598734
1089.0 0.6021871697157621
1090.0 0.6784695200622082
1091.0 0.7547518704086542
1092.0 0.7837075740098953
1093.0 0.8126629516482353
1094.0 0.8485510013997555
1095.0 0.8844386786222458
1096.0 0.9279245510697365
1097.0 0.9714106097817421
1098.0 0.9912533685564995
1099.0 1.0110962204635143
1100.0 1.1677118949592113
1101.0 1.3243271969258785
