lsstCam/transmission_filter_detector/r14_s22/g_6/19700101T000000.ecsv
# %ECSV 1.0
# ---
# datatype:
# - {name: wavelength, unit: nm, datatype: float32}
# - {name: efficiency, unit: '%', datatype: float64}
# meta: !!omap
# - {MODE: DETECTOR}
# - {TYPE: transmission_filter_detector}
# - {CALIBDATE: '1970-01-01T00:00:00'}
# - {INSTRUME: LSSTCam}
# - {OBSTYPE: transmission_filter_detector}
# - {CALIBCLS: lsst.ip.isr.IntermediateFilterDetectorTransmissionCurve}
# - {SOURCE: Materion (DM-46256)}
# - {DETECTOR: 71}
# - {FILTER: g_6}
# - {CALIB_ID: 'calibDate=1970-01-01T00:00:00 filter=g_6 detector=71'}
# - {DATE: '2025-04-02T15:59:42.357420'}
# - {CALIB_CREATION_DATE: '2025-04-02'}
# - {CALIB_CREATION_TIME: '15:59:42'}
# - __serialized_columns__:
#     efficiency:
#       __class__: astropy.units.quantity.Quantity
#       unit: !astropy.units.Unit {unit: '%'}
#       value: !astropy.table.SerializedColumn {name: efficiency}
#     wavelength:
#       __class__: astropy.units.quantity.Quantity
#       unit: !astropy.units.Unit {unit: nm}
#       value: !astropy.table.SerializedColumn {name: wavelength}
# schema: astropy-2.0
wavelength efficiency
300.0 0.49929418601095676
301.0 0.3686776617541909
302.0 0.23806109093129635
303.0 0.21725408732891083
304.0 0.19644706044346094
305.0 0.20627370104193687
306.0 0.21610031835734844
307.0 0.22143612150102854
308.0 0.22677192464470863
309.0 0.22203214466571808
310.0 0.21729241125285625
311.0 0.21317533683031797
312.0 0.20905830897390842
313.0 0.2037192927673459
314.0 0.19838029984384775
315.0 0.1878886017948389
316.0 0.1773969503119588
317.0 0.17770035192370415
318.0 0.17800378846004605
319.0 0.16139233484864235
320.0 0.14478085795417428
321.0 0.1385027775540948
322.0 0.13222468551248312
323.0 0.11394117027521133
324.0 0.09565771906636655
325.0 0.08710491238161922
326.0 0.07855210569687188
327.0 0.07171740871854126
328.0 0.06488270591944456
329.0 0.06220669602043927
330.0 0.05953067447990179
331.0 0.05522948340512812
332.0 0.05092828650958836
333.0 0.047651887871325016
334.0 0.044375486322678626
335.0 0.042523068259470165
336.0 0.04067064728587866
337.0 0.041783336200751364
338.0 0.042896022205241024
339.0 0.04136748902965337
340.0 0.039838955854065716
341.0 0.037952628917992115
342.0 0.03606630489230156
343.0 0.032453579478897154
344.0 0.028840856975875795
345.0 0.025558786001056433
346.0 0.02227671502623707
347.0 0.020983895228710026
348.0 0.019691071065608412
349.0 0.01812464470276609
350.0 0.6127086468040943
351.0 0.8344636298716068
352.0 0.7681557908654213
353.0 0.925697572529316
354.0 0.43783788569271564
355.0 0.8023831993341446
356.0 0.5075761582702398
357.0 0.8739260956645012
358.0 0.6516543217003345
359.0 0.6024386268109083
360.0 0.5414437968283892
361.0 0.7545288652181625
362.0 0.5263302940875292
363.0 0.6784519646316767
364.0 0.6603051442652941
365.0 0.6734036840498447
366.0 0.48906784504652023
367.0 0.7539473939687014
368.0 0.38341840263456106
369.0 0.6094304844737053
370.0 0.3661911701783538
371.0 0.5437976215034723
372.0 0.4207432270050049
373.0 0.641462579369545
374.0 0.3675501560792327
375.0 0.5363993346691132
376.0 0.3749022725969553
377.0 0.5451655946671963
378.0 0.32331557013094425
379.0 0.564146414399147
380.0 0.44458629563450813
381.0 0.5081025883555412
382.0 0.5434934981167316
383.0 0.5260495003312826
384.0 0.5797745659947395
385.0 0.632819440215826
386.0 0.6516299210488796
387.0 0.8183007128536701
388.0 1.0372449643909931
389.0 1.4338663779199123
390.0 2.0499031990766525
391.0 3.295258805155754
392.0 5.191858857870102
393.0 8.191908150911331
394.0 12.317796796560287
395.0 17.77421087026596
396.0 24.436160922050476
397.0 32.57502615451813
398.0 41.806939244270325
399.0 51.51512026786804
400.0 60.83455681800842
401.0 69.50660347938538
402.0 76.97345614433289
403.0 82.82784819602966
404.0 86.97069883346558
405.0 89.85660076141357
406.0 91.42047762870789
407.0 92.59880185127258
408.0 93.32194328308105
409.0 93.529212474823
410.0 93.46477389335632
411.0 93.2829737663269
412.0 92.85828471183777
413.0 92.72036552429199
414.0 92.60560274124146
415.0 92.9359495639801
416.0 93.40432286262512
417.0 93.78287196159363
418.0 94.36447620391846
419.0 94.89492774009705
420.0 95.2993631362915
421.0 95.80852389335632
422.0 95.86860537528992
423.0 96.01166844367981
424.0 95.77462673187256
425.0 95.7140862941742
426.0 95.60457468032837
427.0 95.57029604911804
428.0 95.43570876121521
429.0 95.27285099029541
430.0 95.27855515480042
431.0 95.37305235862732
432.0 95.44458389282227
433.0 95.51543593406677
434.0 95.56935429573059
435.0 95.67990899085999
436.0 95.687335729599
437.0 95.69085836410522
438.0 95.7762360572815
439.0 95.93427777290344
440.0 95.90927958488464
441.0 96.02509140968323
442.0 95.93523144721985
443.0 95.83608508110046
444.0 95.70704102516174
445.0 95.45374512672424
446.0 95.389723777771
447.0 95.25559544563293
448.0 95.3888475894928
449.0 95.59858441352844
450.0 95.86219191551208
451.0 96.0962176322937
452.0 96.27858400344849
453.0 96.34038209915161
454.0 96.36423587799072
455.0 96.6435968875885
456.0 96.73995971679688
457.0 96.94197177886963
458.0 96.92046642303467
459.0 96.94970846176147
460.0 96.92089557647705
461.0 97.0099687576294
462.0 96.86840176582336
463.0 96.78532481193542
464.0 96.8229353427887
465.0 96.74487709999084
466.0 96.44851684570312
467.0 96.78575992584229
468.0 96.77475690841675
469.0 96.83972597122192
470.0 96.67623043060303
471.0 96.5375304222107
472.0 96.57095074653625
473.0 96.45071029663086
474.0 96.37105464935303
475.0 96.50039672851562
476.0 96.58328890800476
477.0 96.6327428817749
478.0 96.78388833999634
479.0 96.74634337425232
480.0 96.9497561454773
481.0 96.9521164894104
482.0 97.21264839172363
483.0 97.06966280937195
484.0 97.30311036109924
485.0 97.27091789245605
486.0 97.31611013412476
487.0 97.30342626571655
488.0 97.36681580543518
489.0 97.47253656387329
490.0 97.45259881019592
491.0 97.49686121940613
492.0 97.43474125862122
493.0 97.43037223815918
494.0 97.43083715438843
495.0 97.43589758872986
496.0 97.27737307548523
497.0 97.18738794326782
498.0 97.0022201538086
499.0 97.03361392021179
500.0 96.99746966362
501.0 97.0338523387909
502.0 96.94335460662842
503.0 97.10755348205566
504.0 96.9566822052002
505.0 96.95355892181396
506.0 96.96148633956909
507.0 96.90175652503967
508.0 96.90130352973938
509.0 96.94649577140808
510.0 96.86933755874634
511.0 96.84478044509888
512.0 96.77771329879761
513.0 96.85549139976501
514.0 96.9289481639862
515.0 96.9261884689331
516.0 97.0005989074707
517.0 97.02203273773193
518.0 97.12173342704773
519.0 97.04338908195496
520.0 97.06436395645142
521.0 97.22252488136292
522.0 97.13732600212097
523.0 97.11107611656189
524.0 97.09298610687256
525.0 97.08531498908997
526.0 97.20615744590759
527.0 97.13939428329468
528.0 97.20078110694885
529.0 97.28687405586243
530.0 97.32246398925781
531.0 97.40568995475769
532.0 97.27113842964172
533.0 97.26788997650146
534.0 97.16315865516663
535.0 96.8644917011261
536.0 96.33985161781311
537.0 95.49517631530762
538.0 94.36702728271484
539.0 92.50717163085938
540.0 90.25118350982666
541.0 86.88613772392273
542.0 83.53915214538574
543.0 79.19148802757263
544.0 74.03819561004639
545.0 69.64337229728699
546.0 64.66349959373474
547.0 60.36730408668518
548.0 56.395334005355835
549.0 53.07386517524719
550.0 50.54165720939636
551.0 48.04432988166809
552.0 45.80765664577484
553.0 43.064042925834656
554.0 39.48718309402466
555.0 35.38917601108551
556.0 30.161848664283752
557.0 24.518559873104095
558.0 18.928006291389465
559.0 13.867533206939697
560.0 9.506835043430328
561.0 5.881749093532562
562.0 3.4630727022886276
563.0 1.8546009436249733
564.0 0.9575055912137032
565.0 0.44575054198503494
566.0 0.2549577970057726
567.0 0.14051314210519195
568.0 0.10040858760476112
569.0 0.06456952542066574
570.0 0.06226848345249891
571.0 0.03993678546976298
572.0 0.04629051545634866
573.0 0.027967357891611755
574.0 0.03235078474972397
575.0 0.027086312184110284
576.0 0.028697378002107143
577.0 0.025682843988761306
578.0 0.030491373036056757
579.0 0.019317363330628723
580.0 0.030336101190187037
581.0 0.015580067702103406
582.0 0.022946897661313415
583.0 0.015250599244609475
584.0 0.016086229879874736
585.0 0.01077291599358432
586.0 0.015276421618182212
587.0 0.015987781807780266
588.0 0.01638817193452269
589.0 0.010846561781363562
590.0 0.01995681959670037
591.0 0.007523845852119848
592.0 0.01418155588908121
593.0 0.010843527707038447
594.0 0.015937678108457476
595.0 0.017587053298484534
596.0 0.0034711141779553145
597.0 0.0071427159127779305
598.0 0.011954289948334917
599.0 0.003126313822576776
600.0 1.729146448421759e-10
601.0 0.0022394100597011857
602.0 0.002286249764438253
603.0 0.0023330896510742605
604.0 0.0021289370124577545
605.0 0.0019247847376391292
606.0 0.0019924640582758
607.0 0.002060143197013531
608.0 0.001843949758040253
609.0 0.001627756137168035
610.0 0.0017718868548399769
611.0 0.0019160173906129785
612.0 0.0018051514416583814
613.0 0.0016942856746027246
614.0 0.0017471431419835426
615.0 0.001800000791263301
616.0 0.0018932181774289347
617.0 0.0019864355635945685
618.0 0.0018188864487456158
619.0 0.001651337333896663
620.0 0.0016200971003854647
621.0 0.0015888568668742664
622.0 0.001490519480285002
623.0 0.0013921818208473269
624.0 0.0014187184206093661
625.0 0.0014452550203714054
626.0 0.0013523864254239015
627.0 0.0012595181033248082
628.0 0.0013430868420982733
629.0 0.001426655853720149
630.0 0.001307898583036149
631.0 0.0011891410395037383
632.0 0.0013360948287299834
633.0 0.0014830482541583478
634.0 0.0013972521628602408
635.0 0.001311455707764253
636.0 0.0013355550436244812
637.0 0.0013596548342320602
638.0 0.0012431865798134822
639.0 0.001126718234445434
640.0 0.0011313083632558119
641.0 0.0011358982192177791
642.0 0.0013123884855303913
643.0 0.0014888788427924737
644.0 0.001353443894913653
645.0 0.0012180086741864216
646.0 0.0011968815670115873
647.0 0.001175754459836753
648.0 0.0010581584319879767
649.0 0.0009405620403413195
650.0 0.0012077530300302897
651.0 0.0014749434740224387
652.0 0.0011965146768488921
653.0 0.0009180857887258753
654.0 0.001028920178214321
655.0 0.001139754840551177
656.0 0.0011284205356787425
657.0 0.001117086321755778
658.0 0.0010471623681951314
659.0 0.0009772389603313059
660.0 0.0009435958418180235
661.0 0.0009099528142542113
662.0 0.001060346494341502
663.0 0.0012107405382266734
664.0 0.001162831631518202
665.0 0.00111492245196132
666.0 0.0010838473826879635
667.0 0.0010527719496167265
668.0 0.001101295947592007
669.0 0.0011498197636683472
670.0 0.0011424423064454459
671.0 0.0011350648492225446
672.0 0.001154714664153289
673.0 0.0011743642971850932
674.0 0.0010928825759037863
675.0 0.0010114006727235392
676.0 0.0009938751645677257
677.0 0.0009763492926140316
678.0 0.0010453029062773567
679.0 0.0011142565199406818
680.0 0.001019245246425271
681.0 0.00092423379101092
682.0 0.0009854511517914943
683.0 0.0010466684216225985
684.0 0.0008781820724834688
685.0 0.0007096955869201338
686.0 0.0009602853424439672
687.0 0.0012108750524930656
688.0 0.0011380079740774818
689.0 0.001065140895661898
690.0 0.0009915733244270086
691.0 0.0009180055712931789
692.0 0.0008931034244596958
693.0 0.0008682012776262127
694.0 0.0009895532457449008
695.0 0.0011109052138635889
696.0 0.0011122860087198205
697.0 0.0011136664397781715
698.0 0.0012598608918779064
699.0 0.0014060553439776413
700.0 0.0012012054867227562
701.0 0.0009963554475689307
702.0 0.001136405535362428
703.0 0.001276455441256985
704.0 0.001257132589671528
705.0 0.0012378094652376603
706.0 0.0011723776879080106
707.0 0.0011069459105783608
708.0 0.001073622661351692
709.0 0.0010402996849734336
710.0 0.0011632996574917343
711.0 0.0012862999938079156
712.0 0.0011937698218389414
713.0 0.0011012399227183778
714.0 0.0011473917766124941
715.0 0.0011935438124055509
716.0 0.0014231359273253474
717.0 0.0016527283150935546
718.0 0.0018915068721980788
719.0 0.002130285429302603
720.0 0.0017808742995839566
721.0 0.0014314629879663698
722.0 0.0015603003703290597
723.0 0.0016891381164896302
724.0 0.0016028632671805099
725.0 0.0015165885088208597
726.0 0.0016369309378205799
727.0 0.0017572732758708298
728.0 0.0018550381355453283
729.0 0.0019528028133208863
730.0 0.0019712731955223717
731.0 0.0019897437596227974
732.0 0.00186281595233595
733.0 0.001735888326948043
734.0 0.0015525054550380446
735.0 0.001369122946925927
736.0 0.00124891039376962
737.0 0.0011286976587143727
738.0 0.001135571437771432
739.0 0.0011424453077779617
740.0 0.0009743746886670124
741.0 0.0008063039786065929
742.0 0.0008412522220169194
743.0 0.0008762003744777758
744.0 0.0010034007573267445
745.0 0.0011306013220746536
746.0 0.0011013709809049033
747.0 0.001072140639735153
748.0 0.0011902533515240066
749.0 0.0013083660633128602
750.0 0.0010707834917411674
751.0 0.0008332012839673553
752.0 0.0007494627880078042
753.0 0.0006657244284724584
754.0 0.0008024605449463706
755.0 0.0009391965249960776
756.0 0.0008906659786589444
757.0 0.0008421354323218111
758.0 0.0008600010005466174
759.0 0.0008778669325693045
760.0 0.0007105952136043925
761.0 0.0005433234491647454
762.0 0.0006060724899725756
763.0 0.0006688214398309356
764.0 0.0007761109372950159
765.0 0.0008834006621327717
766.0 0.0007496059879485983
767.0 0.0006158114047138952
768.0 0.0005838720881001791
769.0 0.0005519327260117279
770.0 0.000443829821961117
771.0 0.000335726917910506
772.0 0.000542100815437152
773.0 0.0007484748948627384
774.0 0.0008530295417585876
775.0 0.0009575841431797016
776.0 0.0008977707693702541
777.0 0.0008379573046113364
778.0 0.0007607717634527944
779.0 0.0006835861768195173
780.0 0.0006475219834101154
781.0 0.0006114576990512433
782.0 0.0005901006716158008
783.0 0.000568743462281418
784.0 0.000721732521924423
785.0 0.0008747216270421632
786.0 0.0007555114734714152
787.0 0.000636301683698548
788.0 0.00042381452658446506
789.0 0.0002113274604198523
790.0 0.00017455357692597318
791.0 0.00013777970480077784
792.0 0.00023830530153645668
793.0 0.0003388309096408193
794.0 0.0003041698619199451
795.0 0.0002695088141990709
796.0 0.0004016696948383469
797.0 0.0005338305982149905
798.0 0.0005377896741265431
799.0 0.0005417487955128308
800.0 0.0005437581421574578
801.0 0.00054576762522629
802.0 0.0004586005161399953
803.0 0.0003714335434779059
804.0 0.0002947989742096979
805.0 0.0002181644958909601
806.0 0.00027971425424766494
807.0 0.0003412640126043698
808.0 0.000410764550906606
809.0 0.00048026508920884226
810.0 0.00037069285099278204
811.0 0.0002611205445646192
812.0 0.00024622750061098486
813.0 0.00023133441118261544
814.0 0.000301868271890271
815.0 0.0003724021553352941
816.0 0.00046166323954821564
817.0 0.000550924232811667
818.0 0.00041814541873463895
819.0 0.00028536665013234597
820.0 0.000450844981969567
821.0 0.0006163232228573179
822.0 0.0004908708433504216
823.0 0.00036541835015668767
824.0 0.0004488825197768165
825.0 0.0005323466666595777
826.0 0.0006501614734588657
827.0 0.0007679762347834185
828.0 0.000665516472508898
829.0 0.0005630566647596424
830.0 0.000450997322332114
831.0 0.000338937957167218
832.0 0.0004901452939520823
833.0 0.000641352562524844
834.0 0.0005318880994309438
835.0 0.0004224236363370437
836.0 0.00047614398681616876
837.0 0.0005298643372952938
838.0 0.0004930398063152097
839.0 0.0004562152753351256
840.0 0.00058563723541738
841.0 0.0007150591045501642
842.0 0.0004046709818794625
843.0 9.428275689060683e-05
844.0 0.0001607078047527466
845.0 0.0002271328412462026
846.0 0.000453658731203177
847.0 0.0006801847575843567
848.0 0.0005850270554219605
849.0 0.0004898693987342995
850.0 0.0005120357400301145
851.0 0.0005342021268006647
852.0 0.0005982824859529501
853.0 0.0006623624813073548
854.0 0.0006010759989294456
855.0 0.0005397893801273312
856.0 0.0005680321464751614
857.0 0.0005962750037724618
858.0 0.0005573132057179464
859.0 0.0005183513621886959
860.0 0.0005141605925018666
861.0 0.0005099697773403022
862.0 0.00047113971959333867
863.0 0.0004323097073211102
864.0 0.00041679759306134656
865.0 0.00040128547880158294
866.0 0.0004606187758326996
867.0 0.0005199521183385514
868.0 0.000672669102641521
869.0 0.0008253860869444907
870.0 0.0006511737410619389
871.0 0.00047696121328044683
872.0 0.00038436328395619057
873.0 0.0002917652864198317
874.0 0.00040502927731722593
875.0 0.0005182933364267228
876.0 0.0006088167538109701
877.0 0.0006993400802457472
878.0 0.0007224201908684336
879.0 0.0007455002560163848
880.0 0.0006731949724780861
881.0 0.0006008900527376682
882.0 0.000518224169354653
883.0 0.00043555860429478344
884.0 0.0005070502993476111
885.0 0.0005785421762993792
886.0 0.0007067923888826044
887.0 0.0008350429197889753
888.0 0.000661083231534576
889.0 0.0004871237251791172
890.0 0.000524885854247259
891.0 0.0005626481652143411
892.0 0.0005254015377431642
893.0 0.0004881549557467224
894.0 0.00047252237891370896
895.0 0.0004568898930301657
896.0 0.0002580650743766455
897.0 5.924024435444153e-05
898.0 0.00021443604509840952
899.0 0.00036963183447369374
900.0 0.0003531639094944694
901.0 0.00033669593904051
902.0 0.0005335224159352947
903.0 0.0007303488473553443
904.0 0.0004101498689124128
905.0 8.995084499474615e-05
906.0 0.00034077495456585893
