lsstCam/transmission_sensor/r22_s21/19700101T000000.ecsv
# %ECSV 1.0
# ---
# datatype:
# - {name: amp_name, datatype: string}
# - {name: wavelength, unit: nm, datatype: float32}
# - {name: efficiency, unit: '%', datatype: float64}
# meta: !!omap
# - {MODE: AMP}
# - {TYPE: transmission_sensor}
# - {CALIBDATE: '1970-01-01T00:00:00'}
# - {INSTRUME: LSSTCam}
# - {OBSTYPE: transmission_sensor}
# - {DETECTOR: 97}
# - {PARQUETFILE: qe_raft_allvalues_nircorrected_20230725_adjust.parquet}
# - {CORRFILE: qe_corr_factor_bydetnum.parquet}
# - {CALIBCLS: lsst.ip.isr.IntermediateSensorTransmissionCurve}
# - {CALIB_ID: 'raftName=R22 detectorName=S21 detector=97 calibDate=1970-01-01T00:00:00 ccd=97 ccdnum=97 filter=None'}
# - {DATE: '2025-03-03T21:56:47.921342'}
# - {CALIB_CREATION_DATE: '2025-03-03'}
# - {CALIB_CREATION_TIME: '21:56:47'}
# - __serialized_columns__:
#     efficiency:
#       __class__: astropy.units.quantity.Quantity
#       unit: !astropy.units.Unit {unit: '%'}
#       value: !astropy.table.SerializedColumn {name: efficiency}
#     wavelength:
#       __class__: astropy.units.quantity.Quantity
#       unit: !astropy.units.Unit {unit: nm}
#       value: !astropy.table.SerializedColumn {name: wavelength}
# schema: astropy-2.0
amp_name wavelength efficiency
C00 319.994 45.2985175626844
C00 324.969 51.12896891992427
C00 349.982 76.85278605883636
C00 374.975 82.38175380290363
C00 400.019 87.5205117837334
C00 424.965 87.54290690647414
C00 450.035 88.31007465635282
C00 475.003 90.29879800760878
C00 500.018 92.20715256131803
C00 525.002 94.10633339231761
C00 550.029 95.62705259669546
C00 575.023 96.37088355031023
C00 599.982 97.90974515829188
C00 619.997 98.12959554938867
C00 624.979 98.25195994841258
C00 650.012 98.64929301620445
C00 675.004 98.91453358994667
C00 700.03 98.25918197680406
C00 725.012 97.62674948215297
C00 750.022 97.71537311131013
C00 774.987 97.7286476703304
C00 799.976 96.87612936620175
C00 824.988 95.05096103646743
C00 850.022 93.01126580869881
C00 869.967 89.86243864759425
C00 875.002 89.39214866418003
C00 899.999 82.46273772589694
C00 919.999 73.4690113536989
C00 925.012 71.43324229699063
C00 949.965 57.38326449228998
C00 975.002 43.223365289111605
C00 999.976 26.23447947609723
C00 1025.028 11.423430118459287
C00 1050.014 4.05230452663241
C00 1075.002 0.9309293621328003
C00 1099.99 0.09236595608358712
C01 319.994 45.6838670754797
C01 324.969 51.56061611525226
C01 349.982 77.35613333939891
C01 374.975 82.83884516871072
C01 400.019 87.98237986442822
C01 424.965 88.01021239235118
C01 450.035 88.78609821646057
C01 475.003 90.78455725688357
C01 500.018 92.70850258271447
C01 525.002 94.60986293227174
C01 550.029 96.13054416594301
C01 575.023 96.8687250784187
C01 599.982 98.40847520093433
C01 619.997 98.62234900281545
C01 624.979 98.74750804584365
C01 650.012 99.13632808122033
C01 675.004 99.39748300693456
C01 700.03 98.72527999421186
C01 725.012 98.07559361049094
C01 750.022 98.14555843443479
C01 774.987 98.14334853931186
C01 799.976 97.27523946306155
C01 824.988 95.44231751504364
C01 850.022 93.38768461130654
C01 869.967 90.22397293322271
C01 875.002 89.7433473234775
C01 899.999 82.84861123444304
C01 919.999 73.68479887919165
C01 925.012 71.67107561472358
C01 949.965 57.664517312996885
C01 975.002 43.365941495247924
C01 999.976 26.30442151761714
C01 1025.028 11.440099258647798
C01 1050.014 4.063080138525912
C01 1075.002 0.9350279101617869
C01 1099.99 0.09277261025376447
C02 319.994 45.72228203932644
C02 324.969 51.601780158255366
C02 349.982 77.33929712810145
C02 374.975 82.70252273794809
C02 400.019 87.83769628407673
C02 424.965 87.87019161476768
C02 450.035 88.65092250103665
C02 475.003 90.65262423980157
C02 500.018 92.57239278790868
C02 525.002 94.4683005440011
C02 550.029 95.98245081614066
C02 575.023 96.7152322941407
C02 599.982 98.24906658057121
C02 619.997 98.45577910719139
C02 624.979 98.58198614172117
C02 650.012 98.96262728690058
C02 675.004 99.21918016297735
C02 700.03 98.53768951542524
C02 725.012 97.88219361359762
C02 750.022 97.94444278996447
C02 774.987 97.93090243599812
C02 799.976 97.06079610058174
C02 824.988 95.23401781288842
C02 850.022 93.18714612157623
C02 869.967 90.04061239114908
C02 875.002 89.56156636279758
C02 899.999 82.6955285337961
C02 919.999 73.49629710344712
C02 925.012 71.47548850513127
C02 949.965 57.55483892704126
C02 975.002 43.288796410689834
C02 999.976 26.284621692671127
C02 1025.028 11.442787584673646
C02 1050.014 4.046987203809747
C02 1075.002 0.9331118914711382
C02 1099.99 0.09258250463948851
C03 319.994 46.03694908182352
C03 324.969 51.957239130831084
C03 349.982 77.77746389374919
C03 374.975 83.06139147997466
C03 400.019 88.13464239781304
C03 424.965 88.14669430008145
C03 450.035 88.92559499829328
C03 475.003 90.92855736451664
C03 500.018 92.85071047299698
C03 525.002 94.74940527895234
C03 550.029 96.2634188565482
C03 575.023 96.9950308367856
C03 599.982 98.52335937076204
C03 619.997 98.73026175091512
C03 624.979 98.84743175727893
C03 650.012 99.22779951337095
C03 675.004 99.47804165801418
C03 700.03 98.79350575979436
C03 725.012 98.12768941991837
C03 750.022 98.1854580529088
C03 774.987 98.17052037694033
C03 799.976 97.29568289148409
C03 824.988 95.46430255415332
C03 850.022 93.40006306165155
C03 869.967 90.267100061756
C03 875.002 89.79002851014664
C03 899.999 82.89878572611752
C03 919.999 73.55438469037283
C03 925.012 71.51418824927735
C03 949.965 57.68753515532553
C03 975.002 43.38590649276756
C03 999.976 26.360792828605444
C03 1025.028 11.520248775364008
C03 1050.014 4.058046172101101
C03 1075.002 0.9354080321349623
C03 1099.99 0.09281032560673205
C04 319.994 45.98448875361293
C04 324.969 51.89603794596584
C04 349.982 77.563757162977
C04 374.975 82.75255294093758
C04 400.019 87.83063373265288
C04 424.965 87.86647807966418
C04 450.035 88.65664088944756
C04 475.003 90.66620256447449
C04 500.018 92.58554584066792
C04 525.002 94.47935001961581
C04 550.029 95.98721234274575
C04 575.023 96.70939999361005
C04 599.982 98.23074951171714
C04 619.997 98.42836425704081
C04 624.979 98.54703030924385
C04 650.012 98.91981911230258
C04 675.004 99.16291516996748
C04 700.03 98.47622253561393
C04 725.012 97.81307933348114
C04 750.022 97.87731058073146
C04 774.987 97.85878087592054
C04 799.976 96.98221192624428
C04 824.988 95.15315539615618
C04 850.022 93.10016282694333
C04 869.967 89.98171223110256
C04 875.002 89.50112459206393
C04 899.999 82.53899809299172
C04 919.999 73.23652431145238
C04 925.012 71.20756719950451
C04 949.965 57.47156157337054
C04 975.002 43.19483410018758
C04 999.976 26.252832617122554
C04 1025.028 11.496599670038472
C04 1050.014 4.039250197710291
C04 1075.002 0.9324723261693816
C04 1099.99 0.0925190475578048
C05 319.994 45.98962239314251
C05 324.969 51.89840352098575
C05 349.982 77.47380455908957
C05 374.975 82.54508859432711
C05 400.019 87.617967399241
C05 424.965 87.66831655616575
C05 450.035 88.47149572416467
C05 475.003 90.48292555795533
C05 500.018 92.40451669997827
C05 525.002 94.29575405916138
C05 550.029 95.7981258181199
C05 575.023 96.51350152422378
C05 599.982 98.02378637843353
C05 619.997 98.21648771432578
C05 624.979 98.33339192574353
C05 650.012 98.69848026950787
C05 675.004 98.93526559573921
C05 700.03 98.24837551371145
C05 725.012 97.59016850343404
C05 750.022 97.66076364110712
C05 774.987 97.65570594299069
C05 799.976 96.78428582112664
C05 824.988 94.94814395719077
C05 850.022 92.92795807846282
C05 869.967 89.8214226903468
C05 875.002 89.34422203833506
C05 899.999 82.22529930351241
C05 919.999 73.0439065111146
C05 925.012 71.04392864242841
C05 949.965 57.372382087784224
C05 975.002 43.1404030923055
C05 999.976 26.228024455978673
C05 1025.028 11.465222576656293
C05 1050.014 4.017271803474264
C05 1075.002 0.9304092939777743
C05 1099.99 0.09231435539902223
C06 319.994 46.26893111367253
C06 324.969 52.21161248835018
C06 349.982 77.82277054084014
C06 374.975 82.79968218194436
C06 400.019 87.83075523891394
C06 424.965 87.873540631088
C06 450.035 88.68181546790993
C06 475.003 90.7012039617997
C06 500.018 92.62504296965217
C06 525.002 94.51798141649004
C06 550.029 96.0198443679804
C06 575.023 96.73183308705737
C06 599.982 98.24056114229734
C06 619.997 98.42776431987684
C06 624.979 98.5431952678793
C06 650.012 98.9048814363341
C06 675.004 99.1344067634674
C06 700.03 98.44571686994776
C06 725.012 97.79822519306715
C06 750.022 97.88622610263639
C06 774.987 97.89712369542478
C06 799.976 97.0294550793708
C06 824.988 95.19338156270678
C06 850.022 93.20162814906575
C06 869.967 90.0254392967998
C06 875.002 89.5194872257659
C06 899.999 82.34918253079952
C06 919.999 73.26336200686295
C06 925.012 71.27163896978719
C06 949.965 57.53299058247527
C06 975.002 43.33501435473871
C06 999.976 26.35952650554101
C06 1025.028 11.467753324249834
C06 1050.014 4.019639277029512
C06 1075.002 0.9325571011243186
C06 1099.99 0.09252745885095248
C07 319.994 46.34057424284721
C07 324.969 52.292224298418994
C07 349.982 77.81313357551021
C07 374.975 82.70864361584874
C07 400.019 87.74449338770606
C07 424.965 87.80316572351309
C07 450.035 88.62506444985583
C07 475.003 90.65206227334419
C07 500.018 92.5836321170563
C07 525.002 94.47432269806464
C07 550.029 95.9729049805065
C07 575.023 96.6797600600539
C07 599.982 98.18539729977827
C07 619.997 98.36859077074295
C07 624.979 98.48257883189538
C07 650.012 98.83433186350891
C07 675.004 99.06350026600036
C07 700.03 98.37840999546448
C07 725.012 97.74457258466995
C07 750.022 97.85694309372208
C07 774.987 97.8953770429221
C07 799.976 97.03335087386588
C07 824.988 95.20645867405284
C07 850.022 93.23223253856904
C07 869.967 90.002345513058
C07 875.002 89.48785762718497
C07 899.999 82.3706891390063
C07 919.999 73.24541705093337
C07 925.012 71.27056819586164
C07 949.965 57.642889198529055
C07 975.002 43.410298874674396
C07 999.976 26.463619400558745
C07 1025.028 11.46565923978196
C07 1050.014 3.9971696367771097
C07 1075.002 0.9322778059214585
C07 1099.99 0.09249974743750794
C10 319.994 45.29324722861113
C10 324.969 51.11204157893101
C10 349.982 76.18510915433797
C10 374.975 81.34396882723105
C10 400.019 87.09898378170891
C10 424.965 87.4859964114524
C10 450.035 88.467273381593
C10 475.003 90.5903219044455
C10 500.018 92.58210569465179
C10 525.002 94.52442124832598
C10 550.029 96.06679894373693
C10 575.023 96.80480519096234
C10 599.982 98.33339192574353
C10 619.997 98.53317100134224
C10 624.979 98.65486711593036
C10 650.012 99.03021514461255
C10 675.004 99.27870304261178
C10 700.03 98.66917447816961
C10 725.012 98.24606689475141
C10 750.022 98.62180981878203
C10 774.987 98.93766534439506
C10 799.976 98.19011326153547
C10 824.988 96.29692420803418
C10 850.022 94.35144949157257
C10 869.967 91.27803215373538
C10 875.002 90.78286376337012
C10 899.999 83.2419953487506
C10 919.999 73.77406801036065
C10 925.012 71.70697312072409
C10 949.965 58.27321052189429
C10 975.002 43.95975778130739
C10 999.976 26.547606806442506
C10 1025.028 11.588125210445979
C10 1050.014 4.086113643771023
C10 1075.002 0.939562256645574
C10 1099.99 0.09322250394626734
C11 319.994 45.451266121113434
C11 324.969 51.28532089840772
C11 349.982 76.35757210362321
C11 374.975 81.48702726134093
C11 400.019 87.2037145845972
C11 424.965 87.58086242477127
C11 450.035 88.5679641013012
C11 475.003 90.68961530215157
C11 500.018 92.6848544266566
C11 525.002 94.6231298971507
C11 550.029 96.16198391099105
C11 575.023 96.89356551466318
C11 599.982 98.41806660141637
C11 619.997 98.61613699521901
C11 624.979 98.7332538425936
C11 650.012 99.10399982163833
C11 675.004 99.35175108792991
C11 700.03 98.73609405144578
C11 725.012 98.30308370775157
C11 750.022 98.67049585875858
C11 774.987 98.98101270302651
C11 799.976 98.22610189723177
C11 824.988 96.3290246433767
C11 850.022 94.3924578546787
C11 869.967 91.316792651012
C11 875.002 90.82255834002859
C11 899.999 83.28834998734317
C11 919.999 73.79985771426962
C11 925.012 71.73405382865676
C11 949.965 58.339393463462805
C11 975.002 43.98666002691915
C11 999.976 26.59962287738611
C11 1025.028 11.58332001752831
C11 1050.014 4.080746009762143
C11 1075.002 0.9400261417860569
C11 1099.99 0.09326853020374354
C12 319.994 45.40584556190274
C12 324.969 51.23221886525594
C12 349.982 76.23747075871144
C12 374.975 81.28501550819531
C12 400.019 87.0008067227763
C12 424.965 87.38962675815299
C12 450.035 88.37576397873579
C12 475.003 90.49672411272641
C12 500.018 92.48859903262849
C12 525.002 94.42310021488856
C12 550.029 95.9530463009653
C12 575.023 96.6796689303581
C12 599.982 98.19927179596252
C12 619.997 98.39355271324848
C12 624.979 98.51066196648176
C12 650.012 98.87245445291498
C12 675.004 99.12132965212133
C12 700.03 98.49868600562651
C12 725.012 98.06598702172626
C12 750.022 98.43129559558876
C12 774.987 98.73279059997333
C12 799.976 97.97712797418832
C12 824.988 96.08852578204186
C12 850.022 94.16455767378702
C12 869.967 91.07141835095231
C12 875.002 90.55603435640398
C12 899.999 83.05580978610743
C12 919.999 73.62333949352166
C12 925.012 71.59955399180996
C12 949.965 58.20048522758209
C12 975.002 43.77322668523434
C12 999.976 26.52299039736685
C12 1025.028 11.522321026675598
C12 1050.014 4.057941278024175
C12 1075.002 0.9377473447537071
C12 1099.99 0.09304243005568158
C13 319.994 45.76981756689363
C13 324.969 51.64042294634159
C13 349.982 76.75577849766641
C13 374.975 81.72660723157655
C13 400.019 87.34776785121947
C13 424.965 87.692238101311
C13 450.035 88.66397682995876
C13 475.003 90.78002355451795
C13 500.018 92.76713694781493
C13 525.002 94.69964087090891
C13 550.029 96.22676193641611
C13 575.023 96.94939764161805
C13 599.982 98.4680664278406
C13 619.997 98.65566450076854
C13 624.979 98.77195358673968
C13 650.012 99.1324550691492
C13 675.004 99.37185277999323
C13 700.03 98.75064442620713
C13 725.012 98.31255360197255
C13 750.022 98.67652560696345
C13 774.987 98.97908379113225
C13 799.976 98.21915325792767
C13 824.988 96.32615405795927
C13 850.022 94.41123057201173
C13 869.967 91.27685506183141
C13 875.002 90.72485971199889
C13 899.999 83.26322097372869
C13 919.999 73.86456739242284
C13 925.012 71.81117992786156
C13 949.965 58.25187857893779
C13 975.002 43.79676092917248
C13 999.976 26.614594726990507
C13 1025.028 11.546382114167525
C13 1050.014 4.060848410246687
C13 1075.002 0.9400836383236099
C13 1099.99 0.09327423495737854
C14 319.994 45.94698128965345
C14 324.969 51.837798476213806
C14 349.982 76.95255788744532
C14 374.975 81.86873918044589
C14 400.019 87.4992709704727
C14 424.965 87.85237575924046
C14 450.035 88.83268827343393
C14 475.003 90.95755939020225
C14 500.018 92.9487508373859
C14 525.002 94.884117751756
C14 550.029 96.41190710169899
C14 575.023 97.13107987846087
C14 599.982 98.64633130109122
C14 619.997 98.83082337022094
C14 624.979 98.94932994545636
C14 650.012 99.30214615685412
C14 675.004 99.5362355629183
C14 700.03 98.91123013847422
C14 725.012 98.47263050677148
C14 750.022 98.84004265777851
C14 774.987 99.14757500450925
C14 799.976 98.3824652669272
C14 824.988 96.49463008305365
C14 850.022 94.58538701481042
C14 869.967 91.40742113347656
C14 875.002 90.82971202114823
C14 899.999 83.3664405424951
C14 919.999 73.9581955607072
C14 925.012 72.02358806046871
C14 949.965 58.43950702843099
C14 975.002 43.750254407753594
C14 999.976 26.61115837804504
C14 1025.028 11.507801977747166
C14 1050.014 4.051284538526912
C14 1075.002 0.9416414205271407
C14 1099.99 0.09342879667650777
C15 319.994 45.85093818443062
C15 324.969 51.727611282790015
C15 349.982 76.7182634395656
C15 374.975 81.53730047685252
C15 400.019 87.15335023938981
C15 424.965 87.52029155363523
C15 450.035 88.50674772815331
C15 475.003 90.63186945158508
C15 500.018 92.6228634510945
C15 525.002 94.55030967607205
C15 550.029 96.07071752065595
C15 575.023 96.7819772021666
C15 599.982 98.28939906510023
C15 619.997 98.46733739027427
C15 624.979 98.58425678997465
C15 650.012 98.93070151680833
C15 675.004 99.16082678110558
C15 700.03 98.53640610554284
C15 725.012 98.10644860665765
C15 750.022 98.48621642558572
C15 774.987 98.79740914843076
C15 799.976 98.03592941039773
C15 824.988 96.16253068916579
C15 850.022 94.28625378837512
C15 869.967 91.06977042228675
C15 875.002 90.46761576906236
C15 899.999 83.15107069477473
C15 919.999 73.73700860073882
C15 925.012 71.74706259273098
C15 949.965 58.169846664442886
C15 975.002 43.55547607421143
C15 999.976 26.549087663999117
C15 1025.028 11.442139234858796
C15 1050.014 4.037285213644788
C15 1075.002 0.938270474383739
C15 1099.99 0.09309433449698402
C16 319.994 46.05908980083017
C16 324.969 51.96170448592486
C16 349.982 76.97767171277718
C16 374.975 81.73773264860442
C16 400.019 87.3543064068925
C16 424.965 87.73273765694897
C16 450.035 88.72881560851435
C16 475.003 90.8696496103288
C16 500.018 92.86494189382307
C16 525.002 94.80128845242291
C16 550.029 96.3215520083218
C16 575.023 97.03582656393489
C16 599.982 98.5394361679279
C16 619.997 98.71729855168878
C16 624.979 98.82950198963196
C16 650.012 99.17548347384538
C16 675.004 99.40184963819124
C16 700.03 98.77941862765327
C16 725.012 98.35705527008403
C16 750.022 98.75333275223298
C16 774.987 99.08430821320607
C16 799.976 98.32951891367239
C16 824.988 96.45894521301
C16 850.022 94.56758634756584
C16 869.967 91.29753390863475
C16 875.002 90.76863234254402
C16 899.999 83.49134138471854
C16 919.999 73.86151454761382
C16 925.012 71.74770809474285
C16 949.965 58.445035563309
C16 975.002 43.954464664810175
C16 999.976 26.879897952398583
C16 1025.028 11.507253301037087
C16 1050.014 4.073921249888264
C16 1075.002 0.9408151224515477
C16 1099.99 0.09334681214055189
C17 319.994 46.08335308233464
C17 324.969 51.98633608328315
C17 349.982 76.92546958537133
C17 374.975 81.63957077795443
C17 400.019 87.27576020326163
C17 424.965 87.68001153379232
C17 450.035 88.69940349919767
C17 475.003 90.849464382711
C17 500.018 92.85164455237883
C17 525.002 94.78937324469818
C17 550.029 96.31515014719247
C17 575.023 97.02451888751544
C17 599.982 98.5245288685247
C17 619.997 98.69899667111734
C17 624.979 98.81355429286847
C17 650.012 99.1538781418015
C17 675.004 99.37781418092625
C17 700.03 98.75460856797406
C17 725.012 98.3479498946462
C17 750.022 98.76498975915297
C17 774.987 99.11662128450544
C17 799.976 98.37178790423697
C17 824.988 96.51362303048484
C17 850.022 94.62211987635568
C17 869.967 91.39529328979498
C17 875.002 90.82058386328644
C17 899.999 83.61399436111246
C17 919.999 73.86424843848756
C17 925.012 71.79578660341413
C17 949.965 58.47749672036403
C17 975.002 43.857738086868906
C17 999.976 26.853819671119606
C17 1025.028 11.521348976587158
C17 1050.014 4.093079844526912
C17 1075.002 0.9409260032932568
C17 1099.99 0.09335781363580213
