lsstCam/transmission_sensor/r22_s21/19700101T000000.ecsv
# %ECSV 1.0
# ---
# datatype:
# - {name: amp_name, datatype: string}
# - {name: wavelength, unit: nm, datatype: float32}
# - {name: efficiency, unit: '%', datatype: float64}
# meta: !!omap
# - {MODE: AMP}
# - {TYPE: transmission_sensor}
# - {CALIBDATE: '1970-01-01T00:00:00'}
# - {INSTRUME: LSSTCAM}
# - {OBSTYPE: transmission_sensor}
# - {DETECTOR: 97}
# - {PARQUETFILE: qe_raft_allvalues_nircorrected_20230725.parquet}
# - {CALIBCLS: lsst.ip.isr.IntermediateSensorTransmissionCurve}
# - {CALIB_ID: 'raftName=R22 detectorName=S21 detector=97 calibDate=1970-01-01T00:00:00 ccd=97 ccdnum=97 filter=None'}
# - {DATE: '2023-08-02T16:57:55.826605'}
# - {CALIB_CREATION_DATE: '2023-08-02'}
# - {CALIB_CREATION_TIME: '16:57:55'}
# - __serialized_columns__:
#     efficiency:
#       __class__: astropy.units.quantity.Quantity
#       unit: !astropy.units.Unit {unit: '%'}
#       value: !astropy.table.SerializedColumn {name: efficiency}
#     wavelength:
#       __class__: astropy.units.quantity.Quantity
#       unit: !astropy.units.Unit {unit: nm}
#       value: !astropy.table.SerializedColumn {name: wavelength}
# schema: astropy-2.0
amp_name wavelength efficiency
C00 319.994 45.5088005065918
C00 324.969 51.36631774902344
C00 349.982 77.20954895019531
C00 374.975 82.7641830444336
C00 400.019 87.92679595947266
C00 424.965 87.94929504394531
C00 450.035 88.72002410888672
C00 475.003 90.71797943115234
C00 500.018 92.63519287109375
C00 525.002 94.5431900024414
C00 550.029 96.07096862792969
C00 575.023 96.81825256347656
C00 599.982 98.3642578125
C00 619.997 98.58512878417969
C00 624.979 98.70806121826172
C00 650.012 99.10723876953125
C00 675.004 99.37371063232422
C00 700.03 98.71531677246094
C00 725.012 98.07994842529297
C00 750.022 98.16898345947266
C00 774.987 98.18231964111328
C00 799.976 97.32584381103516
C00 824.988 95.49220275878906
C00 850.022 93.44303894042969
C00 869.967 90.27959442138672
C00 875.002 89.80712127685547
C00 899.999 82.84554290771484
C00 919.999 73.81006622314453
C00 925.012 71.76484680175781
C00 949.965 57.6496467590332
C00 975.002 43.424015045166016
C00 999.976 26.356264114379883
C00 1025.028 11.476459503173828
C00 1050.014 4.071115970611572
C00 1075.002 0.9352508847205588
C00 1099.99 0.09279473358464331
C01 319.994 45.895938873291016
C01 324.969 51.79996871948242
C01 349.982 77.7152328491211
C01 374.975 83.22339630126953
C01 400.019 88.39080810546875
C01 424.965 88.41876983642578
C01 450.035 89.19825744628906
C01 475.003 91.20599365234375
C01 500.018 93.13887023925781
C01 525.002 95.04905700683594
C01 550.029 96.57679748535156
C01 575.023 97.31840515136719
C01 599.982 98.86530303955078
C01 619.997 99.08016967773438
C01 624.979 99.2059097290039
C01 650.012 99.5965347290039
C01 675.004 99.85890197753906
C01 700.03 99.18357849121094
C01 725.012 98.53087615966797
C01 750.022 98.60116577148438
C01 774.987 98.59894561767578
C01 799.976 97.726806640625
C01 824.988 95.8853759765625
C01 850.022 93.82120513916016
C01 869.967 90.64280700683594
C01 875.002 90.15995025634766
C01 899.999 83.23320770263672
C01 919.999 74.02685546875
C01 925.012 72.0037841796875
C01 949.965 57.93220520019531
C01 975.002 43.56725311279297
C01 999.976 26.426530838012695
C01 1025.028 11.493206024169922
C01 1050.014 4.081941604614258
C01 1075.002 0.9393684588632386
C01 1099.99 0.09320327550834237
C02 319.994 45.934532165527344
C02 324.969 51.84132385253906
C02 349.982 77.69831848144531
C02 374.975 83.08644104003906
C02 400.019 88.24545288085938
C02 424.965 88.2780990600586
C02 450.035 89.06245422363281
C02 475.003 91.07344818115234
C02 500.018 93.00212860107422
C02 525.002 94.9068374633789
C02 550.029 96.42801666259766
C02 575.023 97.16419982910156
C02 599.982 98.70515441894531
C02 619.997 98.91282653808594
C02 624.979 99.03961944580078
C02 650.012 99.42202758789062
C02 675.004 99.67977142333984
C02 700.03 98.9951171875
C02 725.012 98.33657836914062
C02 750.022 98.39911651611328
C02 774.987 98.38551330566406
C02 799.976 97.51136779785156
C02 824.988 95.67610931396484
C02 850.022 93.61973571777344
C02 869.967 90.4585952758789
C02 875.002 89.97732543945312
C02 899.999 83.07941436767578
C02 919.999 73.83747863769531
C02 925.012 71.80728912353516
C02 949.965 57.822017669677734
C02 975.002 43.489749908447266
C02 999.976 26.406639099121094
C02 1025.028 11.495906829833984
C02 1050.014 4.065773963928223
C02 1075.002 0.9374435457082116
C02 1099.99 0.09301228739348198
C03 319.994 46.25065994262695
C03 324.969 52.19843292236328
C03 349.982 78.13851928710938
C03 374.975 83.44697570800781
C03 400.019 88.54377746582031
C03 424.965 88.5558853149414
C03 450.035 89.3384017944336
C03 475.003 91.35066223144531
C03 500.018 93.28173828125
C03 525.002 95.18924713134766
C03 550.029 96.71028900146484
C03 575.023 97.44529724121094
C03 599.982 98.98072052001953
C03 619.997 99.18858337402344
C03 624.979 99.3062973022461
C03 650.012 99.68843078613281
C03 675.004 99.93983459472656
C03 700.03 99.25212097167969
C03 725.012 98.58321380615234
C03 750.022 98.64125061035156
C03 774.987 98.6262435913086
C03 799.976 97.74734497070312
C03 824.988 95.90746307373047
C03 850.022 93.8336410522461
C03 869.967 90.6861343383789
C03 875.002 90.20684814453125
C03 899.999 83.28361511230469
C03 919.999 73.89583587646484
C03 925.012 71.8461685180664
C03 949.965 57.95532989501953
C03 975.002 43.587310791015625
C03 999.976 26.483163833618164
C03 1025.028 11.57372760772705
C03 1050.014 4.0768842697143555
C03 1075.002 0.9397503454232452
C03 1099.99 0.09324116594199425
C04 319.994 46.19795608520508
C04 324.969 52.13694763183594
C04 349.982 77.92382049560547
C04 374.975 83.13670349121094
C04 400.019 88.23835754394531
C04 424.965 88.27436828613281
C04 450.035 89.06819915771484
C04 475.003 91.08708953857422
C04 500.018 93.01534271240234
C04 525.002 94.91793823242188
C04 550.029 96.43280029296875
C04 575.023 97.15834045410156
C04 599.982 98.68675231933594
C04 619.997 98.88528442382812
C04 624.979 99.00450134277344
C04 650.012 99.37902069091797
C04 675.004 99.62324523925781
C04 700.03 98.93336486816406
C04 725.012 98.26714324951172
C04 750.022 98.33167266845703
C04 774.987 98.31305694580078
C04 799.976 97.43241882324219
C04 824.988 95.5948715209961
C04 850.022 93.5323486328125
C04 869.967 90.39942169189453
C04 875.002 89.9166030883789
C04 899.999 82.92215728759766
C04 919.999 73.57649993896484
C04 925.012 71.53812408447266
C04 949.965 57.73835372924805
C04 975.002 43.39535140991211
C04 999.976 26.37470245361328
C04 1025.028 11.549968719482422
C04 1050.014 4.0580010414123535
C04 1075.002 0.9368010114423099
C04 1099.99 0.0929485357339033
C05 319.994 46.2031135559082
C05 324.969 52.13932418823242
C05 349.982 77.83345031738281
C05 374.975 82.92827606201172
C05 400.019 88.02470397949219
C05 424.965 88.07528686523438
C05 450.035 88.88219451904297
C05 475.003 90.90296173095703
C05 500.018 92.8334732055664
C05 525.002 94.73348999023438
C05 550.029 96.24283599853516
C05 575.023 96.96153259277344
C05 599.982 98.47882843017578
C05 619.997 98.67242431640625
C05 624.979 98.78987121582031
C05 650.012 99.15665435791016
C05 675.004 99.39453887939453
C05 700.03 98.70446014404297
C05 725.012 98.04319763183594
C05 750.022 98.11412048339844
C05 774.987 98.10903930664062
C05 799.976 97.23357391357422
C05 824.988 95.38890838623047
C05 850.022 93.35934448242188
C05 869.967 90.23838806152344
C05 875.002 89.75897216796875
C05 899.999 82.60700225830078
C05 919.999 73.38298797607422
C05 925.012 71.37372589111328
C05 949.965 57.63871383666992
C05 975.002 43.340667724609375
C05 999.976 26.34977912902832
C05 1025.028 11.51844596862793
C05 1050.014 4.0359206199646
C05 1075.002 0.9347284023262032
C05 1099.99 0.09274289336147006
C06 319.994 46.48371887207031
C06 324.969 52.45398712158203
C06 349.982 78.18403625488281
C06 374.975 83.18405151367188
C06 400.019 88.23847961425781
C06 424.965 88.28146362304688
C06 450.035 89.09349060058594
C06 475.003 91.12225341796875
C06 500.018 93.05502319335938
C06 525.002 94.95674896240234
C06 550.029 96.46558380126953
C06 575.023 97.18087768554688
C06 599.982 98.69660949707031
C06 619.997 98.88468170166016
C06 624.979 99.00064849853516
C06 650.012 99.364013671875
C06 675.004 99.5946044921875
C06 700.03 98.90271759033203
C06 725.012 98.2522201538086
C06 750.022 98.34062957763672
C06 774.987 98.35157775878906
C06 799.976 97.4798812866211
C06 824.988 95.63528442382812
C06 850.022 93.63428497314453
C06 869.967 90.44335174560547
C06 875.002 89.93505096435547
C06 899.999 82.73146057128906
C06 919.999 73.60346221923828
C06 925.012 71.60249328613281
C06 949.965 57.80006790161133
C06 975.002 43.53618240356445
C06 999.976 26.481891632080078
C06 1025.028 11.520988464355469
C06 1050.014 4.038299083709717
C06 1075.002 0.9368861799361098
C06 1099.99 0.09295698607361544
C07 319.994 46.555694580078125
C07 324.969 52.53497314453125
C07 349.982 78.17435455322266
C07 374.975 83.09259033203125
C07 400.019 88.15181732177734
C07 424.965 88.21076202392578
C07 450.035 89.0364761352539
C07 475.003 91.07288360595703
C07 500.018 93.01342010498047
C07 525.002 94.91288757324219
C07 550.029 96.41842651367188
C07 575.023 97.1285629272461
C07 599.982 98.64118957519531
C07 619.997 98.82523345947266
C07 624.979 98.93975067138672
C07 650.012 99.29313659667969
C07 675.004 99.52336883544922
C07 700.03 98.83509826660156
C07 725.012 98.19831848144531
C07 750.022 98.31121063232422
C07 774.987 98.34982299804688
C07 799.976 97.48379516601562
C07 824.988 95.64842224121094
C07 850.022 93.66503143310547
C07 869.967 90.42015075683594
C07 875.002 89.90327453613281
C07 899.999 82.75306701660156
C07 919.999 73.58543395996094
C07 925.012 71.6014175415039
C07 949.965 57.91047668457031
C07 975.002 43.61181640625
C07 999.976 26.586467742919922
C07 1025.028 11.518884658813477
C07 1050.014 4.015725135803223
C07 1075.002 0.9366055882003688
C07 1099.99 0.09292914601936955
C10 319.994 45.50350570678711
C10 324.969 51.34931182861328
C10 349.982 76.53877258300781
C10 374.975 81.7215805053711
C10 400.019 87.50331115722656
C10 424.965 87.89212036132812
C10 450.035 88.8779525756836
C10 475.003 91.01085662841797
C10 500.018 93.01188659667969
C10 525.002 94.96321868896484
C10 550.029 96.51275634765625
C10 575.023 97.25418853759766
C10 599.982 98.78987121582031
C10 619.997 98.9905776977539
C10 624.979 99.11283874511719
C10 650.012 99.48992919921875
C10 675.004 99.73957061767578
C10 700.03 99.12721252441406
C10 725.012 98.70214080810547
C10 750.022 99.07962799072266
C10 774.987 99.3969497680664
C10 799.976 98.64592742919922
C10 824.988 96.74394989013672
C10 850.022 94.78944396972656
C10 869.967 91.7017593383789
C10 875.002 91.20429229736328
C10 899.999 83.62841796875
C10 919.999 74.11653900146484
C10 925.012 72.03984832763672
C10 949.965 58.543724060058594
C10 975.002 44.16382598876953
C10 999.976 26.67084503173828
C10 1025.028 11.641919136047363
C10 1050.014 4.105082035064697
C10 1075.002 0.9439238545066586
C10 1099.99 0.09365525767912654
C11 319.994 45.66225814819336
C11 324.969 51.52339553833008
C11 349.982 76.7120361328125
C11 374.975 81.86530303955078
C11 400.019 87.60852813720703
C11 424.965 87.9874267578125
C11 450.035 88.97911071777344
C11 475.003 91.11061096191406
C11 500.018 93.1151123046875
C11 525.002 95.06238555908203
C11 550.029 96.60838317871094
C11 575.023 97.3433609008789
C11 599.982 98.87493896484375
C11 619.997 99.07392883300781
C11 624.979 99.19158935546875
C11 650.012 99.56405639648438
C11 675.004 99.81295776367188
C11 700.03 99.19444274902344
C11 725.012 98.7594223022461
C11 750.022 99.1285400390625
C11 774.987 99.44049835205078
C11 799.976 98.68208312988281
C11 824.988 96.77619934082031
C11 850.022 94.83064270019531
C11 869.967 91.7406997680664
C11 875.002 91.24417114257812
C11 899.999 83.67498779296875
C11 919.999 74.14244842529297
C11 925.012 72.06705474853516
C11 949.965 58.61021423339844
C11 975.002 44.190853118896484
C11 999.976 26.723102569580078
C11 1025.028 11.637091636657715
C11 1050.014 4.099689483642578
C11 1075.002 0.9443898930759561
C11 1099.99 0.0937014975978314
C12 319.994 45.61662673950195
C12 324.969 51.47004699707031
C12 349.982 76.59137725830078
C12 374.975 81.662353515625
C12 400.019 87.40467834472656
C12 424.965 87.79530334472656
C12 450.035 88.78601837158203
C12 475.003 90.91682434082031
C12 500.018 92.9179458618164
C12 525.002 94.8614273071289
C12 550.029 96.39847564697266
C12 575.023 97.12847137451172
C12 599.982 98.6551284790039
C12 619.997 98.85031127929688
C12 624.979 98.96796417236328
C12 650.012 99.33143615722656
C12 675.004 99.58146667480469
C12 700.03 98.9559326171875
C12 725.012 98.52122497558594
C12 750.022 98.88822937011719
C12 774.987 99.19112396240234
C12 799.976 98.43195343017578
C12 824.988 96.53458404541016
C12 850.022 94.6016845703125
C12 869.967 91.49418640136719
C12 875.002 90.97640991210938
C12 899.999 83.44136810302734
C12 919.999 73.9651107788086
C12 925.012 71.93193054199219
C12 949.965 58.47066116333008
C12 975.002 43.9764289855957
C12 999.976 26.646114349365234
C12 1025.028 11.575809478759766
C12 1050.014 4.076778888702393
C12 1075.002 0.9421005175043005
C12 1099.99 0.09347434785681784
C13 319.994 45.9822883605957
C13 324.969 51.88014602661133
C13 349.982 77.11209106445312
C13 374.975 82.10599517822266
C13 400.019 87.75325012207031
C13 424.965 88.09931945800781
C13 450.035 89.07556915283203
C13 475.003 91.2014389038086
C13 500.018 93.1977767944336
C13 525.002 95.13925170898438
C13 550.029 96.6734619140625
C13 575.023 97.39945220947266
C13 599.982 98.9251708984375
C13 619.997 99.11363983154297
C13 624.979 99.23046875
C13 650.012 99.59264373779297
C13 675.004 99.8331527709961
C13 700.03 99.20906066894531
C13 725.012 98.76893615722656
C13 750.022 99.13459777832031
C13 774.987 99.43856048583984
C13 799.976 98.67510223388672
C13 824.988 96.7733154296875
C13 850.022 94.84950256347656
C13 869.967 91.70057678222656
C13 875.002 91.1460189819336
C13 899.999 83.64974212646484
C13 919.999 74.20745849609375
C13 925.012 72.14453887939453
C13 949.965 58.52229309082031
C13 975.002 44.00007247924805
C13 999.976 26.738143920898438
C13 1025.028 11.599982261657715
C13 1050.014 4.079699516296387
C13 1075.002 0.9444476565216073
C13 1099.99 0.09370722883384272
C14 319.994 46.160274505615234
C14 324.969 52.07843780517578
C14 349.982 77.30978393554688
C14 374.975 82.24878692626953
C14 400.019 87.90545654296875
C14 424.965 88.26020050048828
C14 450.035 89.24506378173828
C14 475.003 91.37979888916016
C14 500.018 93.38023376464844
C14 525.002 95.3245849609375
C14 550.029 96.85946655273438
C14 575.023 97.58197784423828
C14 599.982 99.10426330566406
C14 619.997 99.28961181640625
C14 624.979 99.4086685180664
C14 650.012 99.76312255859375
C14 675.004 99.99829864501953
C14 700.03 99.37039184570312
C14 725.012 98.92975616455078
C14 750.022 99.29887390136719
C14 774.987 99.60783386230469
C14 799.976 98.83917236328125
C14 824.988 96.94257354736328
C14 850.022 95.02446746826172
C14 869.967 91.83174896240234
C14 875.002 91.25135803222656
C14 899.999 83.7534408569336
C14 919.999 74.30152130126953
C14 925.012 72.3579330444336
C14 949.965 58.710792541503906
C14 975.002 43.95335006713867
C14 999.976 26.734691619873047
C14 1025.028 11.561223030090332
C14 1050.014 4.070091247558594
C14 1075.002 0.9460126701986025
C14 1099.99 0.09386250805312567
C15 319.994 46.063785552978516
C15 324.969 51.96773910522461
C15 349.982 77.07440185546875
C15 374.975 81.91580963134766
C15 400.019 87.55792999267578
C15 424.965 87.92657470703125
C15 450.035 88.91761016845703
C15 475.003 91.05259704589844
C15 500.018 93.0528335571289
C15 525.002 94.98922729492188
C15 550.029 96.51669311523438
C15 575.023 97.23125457763672
C15 599.982 98.74567413330078
C15 619.997 98.9244384765625
C15 624.979 99.04190063476562
C15 650.012 99.38995361328125
C15 675.004 99.62114715576172
C15 700.03 98.99382781982422
C15 725.012 98.56187438964844
C15 750.022 98.94340515136719
C15 774.987 99.25604248046875
C15 799.976 98.49102783203125
C15 824.988 96.60893249511719
C15 850.022 94.72394561767578
C15 869.967 91.4925308227539
C15 875.002 90.88758087158203
C15 899.999 83.53707122802734
C15 919.999 74.07930755615234
C15 925.012 72.08012390136719
C15 949.965 58.43988037109375
C15 975.002 43.757667541503906
C15 999.976 26.672332763671875
C15 1025.028 11.495255470275879
C15 1050.014 4.056026935577393
C15 1075.002 0.9426260755855173
C15 1099.99 0.09352649324681588
C16 319.994 46.27290344238281
C16 324.969 52.202919006347656
C16 349.982 77.33501434326172
C16 374.975 82.11717224121094
C16 400.019 87.75981903076172
C16 424.965 88.14000701904297
C16 450.035 89.14070892333984
C16 475.003 91.2914810180664
C16 500.018 93.29603576660156
C16 525.002 95.24137115478516
C16 550.029 96.76869201660156
C16 575.023 97.48628234863281
C16 599.982 98.99687194824219
C16 619.997 99.1755599975586
C16 624.979 99.28828430175781
C16 650.012 99.63587188720703
C16 675.004 99.86328887939453
C16 700.03 99.23796844482422
C16 725.012 98.81364440917969
C16 750.022 99.21176147460938
C16 774.987 99.54427337646484
C16 799.976 98.78598022460938
C16 824.988 96.90672302246094
C16 850.022 95.00658416748047
C16 869.967 91.72135162353516
C16 875.002 91.18999481201172
C16 899.999 83.87892150878906
C16 919.999 74.20439147949219
C16 925.012 72.08077239990234
C16 949.965 58.716346740722656
C16 975.002 44.15850830078125
C16 999.976 27.00467872619629
C16 1025.028 11.56067180633545
C16 1050.014 4.092833042144775
C16 1075.002 0.9451825363155432
C16 1099.99 0.09378014293187685
C17 319.994 46.297279357910156
C17 324.969 52.227664947509766
C17 349.982 77.2825698852539
C17 374.975 82.0185546875
C17 400.019 87.680908203125
C17 424.965 88.0870361328125
C17 450.035 89.11116027832031
C17 475.003 91.27120208740234
C17 500.018 93.28267669677734
C17 525.002 95.22940063476562
C17 550.029 96.76226043701172
C17 575.023 97.47492218017578
C17 599.982 98.98189544677734
C17 619.997 99.15717315673828
C17 624.979 99.27226257324219
C17 650.012 99.61416625976562
C17 675.004 99.83914184570312
C17 700.03 99.21304321289062
C17 725.012 98.80449676513672
C17 750.022 99.22347259521484
C17 774.987 99.57673645019531
C17 799.976 98.82844543457031
C17 824.988 96.96165466308594
C17 850.022 95.06137084960938
C17 869.967 91.81956481933594
C17 875.002 91.2421875
C17 899.999 84.00214385986328
C17 919.999 74.20713806152344
C17 925.012 72.12907409667969
C17 949.965 58.748958587646484
C17 975.002 44.06133270263672
C17 999.976 26.978479385375977
C17 1025.028 11.574832916259766
C17 1050.014 4.1120805740356445
C17 1075.002 0.9452939318838056
C17 1099.99 0.09379119549782285
