lsstCam/transmission_sensor/r12_s20/19700101T000000.ecsv
# %ECSV 1.0
# ---
# datatype:
# - {name: amp_name, datatype: string}
# - {name: wavelength, unit: nm, datatype: float32}
# - {name: efficiency, unit: '%', datatype: float64}
# meta: !!omap
# - {MODE: AMP}
# - {TYPE: transmission_sensor}
# - {CALIBDATE: '1970-01-01T00:00:00'}
# - {INSTRUME: LSSTCAM}
# - {OBSTYPE: transmission_sensor}
# - {DETECTOR: 51}
# - {PARQUETFILE: qe_raft_allvalues_nircorrected_20230725.parquet}
# - {CALIBCLS: lsst.ip.isr.IntermediateSensorTransmissionCurve}
# - {CALIB_ID: 'raftName=R12 detectorName=S20 detector=51 calibDate=1970-01-01T00:00:00 ccd=51 ccdnum=51 filter=None'}
# - {DATE: '2023-08-02T16:57:55.654597'}
# - {CALIB_CREATION_DATE: '2023-08-02'}
# - {CALIB_CREATION_TIME: '16:57:55'}
# - __serialized_columns__:
#     efficiency:
#       __class__: astropy.units.quantity.Quantity
#       unit: !astropy.units.Unit {unit: '%'}
#       value: !astropy.table.SerializedColumn {name: efficiency}
#     wavelength:
#       __class__: astropy.units.quantity.Quantity
#       unit: !astropy.units.Unit {unit: nm}
#       value: !astropy.table.SerializedColumn {name: wavelength}
# schema: astropy-2.0
amp_name wavelength efficiency
C00 319.994 45.7645263671875
C00 324.969 51.66128921508789
C00 349.982 78.2010726928711
C00 374.975 83.8529281616211
C00 400.019 88.23310089111328
C00 424.965 88.36906433105469
C00 450.035 90.1278305053711
C00 475.003 91.30462646484375
C00 500.018 93.14627838134766
C00 525.002 95.70610809326172
C00 550.029 96.7077407836914
C00 575.023 97.6395492553711
C00 599.982 98.38134765625
C00 619.997 99.31364440917969
C00 624.979 98.99718475341797
C00 650.012 99.28376770019531
C00 675.004 99.52529907226562
C00 700.03 99.22272491455078
C00 725.012 98.71719360351562
C00 750.022 98.7938461303711
C00 774.987 98.33512115478516
C00 799.976 97.90455627441406
C00 824.988 95.8319091796875
C00 850.022 93.6910400390625
C00 869.967 90.92430114746094
C00 875.002 89.59685516357422
C00 899.999 82.91310119628906
C00 919.999 73.47716522216797
C00 925.012 71.22885131835938
C00 949.965 57.8682975769043
C00 975.002 42.57943344116211
C00 999.976 25.83693504333496
C00 1025.028 11.118800163269043
C00 1050.014 4.025435924530029
C00 1075.002 0.9412041150325203
C00 1099.99 0.09338540762707584
C01 319.994 45.98314666748047
C01 324.969 51.90795135498047
C01 349.982 78.5069351196289
C01 374.975 84.07447052001953
C01 400.019 88.35777282714844
C01 424.965 88.45509338378906
C01 450.035 90.19373321533203
C01 475.003 91.35929870605469
C01 500.018 93.19384002685547
C01 525.002 95.74766540527344
C01 550.029 96.74293518066406
C01 575.023 97.66801452636719
C01 599.982 98.40300750732422
C01 619.997 99.3350830078125
C01 624.979 99.012939453125
C01 650.012 99.29541015625
C01 675.004 99.53824615478516
C01 700.03 99.2562026977539
C01 725.012 98.80670928955078
C01 750.022 98.95925903320312
C01 774.987 98.57343292236328
C01 799.976 98.17853546142578
C01 824.988 96.0898666381836
C01 850.022 93.9746322631836
C01 869.967 91.1976547241211
C01 875.002 89.86042785644531
C01 899.999 83.07678985595703
C01 919.999 73.59015655517578
C01 925.012 71.33931732177734
C01 949.965 58.06890869140625
C01 975.002 42.75748062133789
C01 999.976 25.920734405517578
C01 1025.028 11.095149993896484
C01 1050.014 3.9967055320739746
C01 1075.002 0.9427799939550057
C01 1099.99 0.09354176488603462
C02 319.994 46.02568817138672
C02 324.969 51.953948974609375
C02 349.982 78.52003479003906
C02 374.975 83.98625946044922
C02 400.019 88.1748275756836
C02 424.965 88.23948669433594
C02 450.035 89.96058654785156
C02 475.003 91.1148910522461
C02 500.018 92.93620300292969
C02 525.002 95.47772216796875
C02 550.029 96.46244049072266
C02 575.023 97.3818359375
C02 599.982 98.11003112792969
C02 619.997 99.0357437133789
C02 624.979 98.71758270263672
C02 650.012 98.99484252929688
C02 675.004 99.23262786865234
C02 700.03 98.95610046386719
C02 725.012 98.51799011230469
C02 750.022 98.68991088867188
C02 774.987 98.33255004882812
C02 799.976 97.94927978515625
C02 824.988 95.86150360107422
C02 850.022 93.79882049560547
C02 869.967 91.0037612915039
C02 875.002 89.65402221679688
C02 899.999 82.91191101074219
C02 919.999 73.51580810546875
C02 925.012 71.2710189819336
C02 949.965 57.983665466308594
C02 975.002 42.65827941894531
C02 999.976 25.908273696899414
C02 1025.028 11.108363151550293
C02 1050.014 3.9928107261657715
C02 1075.002 0.9402139269924633
C02 1099.99 0.09328716207940843
C03 319.994 46.469635009765625
C03 324.969 52.455101013183594
C03 349.982 79.204345703125
C03 374.975 84.6209716796875
C03 400.019 88.79554748535156
C03 424.965 88.84783935546875
C03 450.035 90.57624053955078
C03 475.003 91.7354736328125
C03 500.018 93.56802368164062
C03 525.002 96.12267303466797
C03 550.029 97.11359405517578
C03 575.023 98.0307388305664
C03 599.982 98.75961303710938
C03 619.997 99.68600463867188
C03 624.979 99.36775207519531
C03 650.012 99.64238739013672
C03 675.004 99.87884521484375
C03 700.03 99.5883560180664
C03 725.012 99.1378402709961
C03 750.022 99.29661560058594
C03 774.987 98.9227523803711
C03 799.976 98.53543090820312
C03 824.988 96.44104766845703
C03 850.022 94.38499450683594
C03 869.967 91.5367202758789
C03 875.002 90.16748046875
C03 899.999 83.47599792480469
C03 919.999 74.08554077148438
C03 925.012 71.82564544677734
C03 949.965 58.36931610107422
C03 975.002 42.939247131347656
C03 999.976 26.115726470947266
C03 1025.028 11.231234550476074
C03 1050.014 4.036889553070068
C03 1075.002 0.9459939732553431
C03 1099.99 0.09386065295959199
C04 319.994 46.602237701416016
C04 324.969 52.60333251953125
C04 349.982 79.36112213134766
C04 374.975 84.68495178222656
C04 400.019 88.79166412353516
C04 424.965 88.81717681884766
C04 450.035 90.53695678710938
C04 475.003 91.69010162353516
C04 500.018 93.51761627197266
C04 525.002 96.066162109375
C04 550.029 97.04718780517578
C04 575.023 97.96619415283203
C04 599.982 98.68758392333984
C04 619.997 99.61227416992188
C04 624.979 99.28787231445312
C04 650.012 99.55867004394531
C04 675.004 99.79332733154297
C04 700.03 99.48987579345703
C04 725.012 99.01472473144531
C04 750.022 99.13966369628906
C04 774.987 98.73828125
C04 799.976 98.33618927001953
C04 824.988 96.2631607055664
C04 850.022 94.2078857421875
C04 869.967 91.32905578613281
C04 875.002 89.96176147460938
C04 899.999 83.39158630371094
C04 919.999 74.0435562133789
C04 925.012 71.76628875732422
C04 949.965 58.195037841796875
C04 975.002 42.83762741088867
C04 999.976 26.08230209350586
C04 1025.028 11.245038986206055
C04 1050.014 4.0403947830200195
C04 1075.002 0.9444987009227361
C04 1099.99 0.0937122934124292
C05 319.994 46.736663818359375
C05 324.969 52.7540397644043
C05 349.982 79.5182876586914
C05 374.975 84.77019500732422
C05 400.019 88.83802795410156
C05 424.965 88.85387420654297
C05 450.035 90.57019805908203
C05 475.003 91.72284698486328
C05 500.018 93.54864501953125
C05 525.002 96.09735870361328
C05 550.029 97.07872009277344
C05 575.023 97.9867935180664
C05 599.982 98.70618438720703
C05 619.997 99.62596893310547
C05 624.979 99.30632781982422
C05 650.012 99.57429504394531
C05 675.004 99.7980728149414
C05 700.03 99.48355865478516
C05 725.012 98.97821044921875
C05 750.022 99.06632995605469
C05 774.987 98.63072204589844
C05 799.976 98.21527862548828
C05 824.988 96.15457153320312
C05 850.022 94.09603881835938
C05 869.967 91.2027816772461
C05 875.002 89.83537292480469
C05 899.999 83.36888122558594
C05 919.999 74.01314544677734
C05 925.012 71.73162078857422
C05 949.965 58.12110137939453
C05 975.002 42.80860900878906
C05 999.976 26.093652725219727
C05 1025.028 11.278952598571777
C05 1050.014 4.052065372467041
C05 1075.002 0.943800054795391
C05 1099.99 0.09364297438550702
C06 319.994 46.93494415283203
C06 324.969 52.975868225097656
C06 349.982 79.79561614990234
C06 374.975 85.01488494873047
C06 400.019 89.0681381225586
C06 424.965 89.076171875
C06 450.035 90.79682159423828
C06 475.003 91.9488754272461
C06 500.018 93.77806854248047
C06 525.002 96.32962036132812
C06 550.029 97.31099700927734
C06 575.023 98.2213134765625
C06 599.982 98.93843078613281
C06 619.997 99.85692596435547
C06 624.979 99.53515625
C06 650.012 99.79887390136719
C06 675.004 100.0228271484375
C06 700.03 99.69397735595703
C06 725.012 99.16153717041016
C06 750.022 99.21211242675781
C06 774.987 98.74443054199219
C06 799.976 98.31462860107422
C06 824.988 96.26654052734375
C06 850.022 94.19579315185547
C06 869.967 91.28247833251953
C06 875.002 89.92821502685547
C06 899.999 83.61360168457031
C06 919.999 74.19629669189453
C06 925.012 71.8680419921875
C06 949.965 58.17478561401367
C06 975.002 42.8873291015625
C06 999.976 26.19758415222168
C06 1025.028 11.365574836730957
C06 1050.014 4.09149169921875
C06 1075.002 0.9451889180568551
C06 1099.99 0.09378077612238704
C07 319.994 47.022518157958984
C07 324.969 53.07902526855469
C07 349.982 79.92332458496094
C07 374.975 85.09610748291016
C07 400.019 89.11839294433594
C07 424.965 89.11698913574219
C07 450.035 90.8414535522461
C07 475.003 91.99964141845703
C07 500.018 93.83513641357422
C07 525.002 96.39126586914062
C07 550.029 97.37538146972656
C07 575.023 98.28910064697266
C07 599.982 99.00481414794922
C07 619.997 99.9233169555664
C07 624.979 99.60155487060547
C07 650.012 99.86221313476562
C07 675.004 100.08148956298828
C07 700.03 99.74465942382812
C07 725.012 99.18844604492188
C07 750.022 99.2135238647461
C07 774.987 98.7138671875
C07 799.976 98.27437591552734
C07 824.988 96.24004364013672
C07 850.022 94.1329116821289
C07 869.967 91.28936767578125
C07 875.002 89.97943115234375
C07 899.999 83.70728302001953
C07 919.999 74.24761199951172
C07 925.012 71.81475830078125
C07 949.965 58.22449493408203
C07 975.002 42.833438873291016
C07 999.976 26.250446319580078
C07 1025.028 11.433182716369629
C07 1050.014 4.128211975097656
C07 1075.002 0.9452023653193584
C07 1099.99 0.09378211034741887
C10 319.994 45.322269439697266
C10 324.969 51.153533935546875
C10 349.982 77.10884857177734
C10 374.975 82.65812683105469
C10 400.019 87.59292602539062
C10 424.965 88.03461456298828
C10 450.035 89.96162414550781
C10 475.003 91.23934936523438
C10 500.018 93.14607238769531
C10 525.002 95.74114227294922
C10 550.029 96.76543426513672
C10 575.023 97.69910430908203
C10 599.982 98.44329071044922
C10 619.997 99.37512969970703
C10 624.979 99.05657958984375
C10 650.012 99.3349838256836
C10 675.004 99.57576751708984
C10 700.03 99.31583404541016
C10 725.012 98.94756317138672
C10 750.022 99.2136001586914
C10 774.987 98.95198059082031
C10 799.976 98.6093521118164
C10 824.988 96.55144500732422
C10 850.022 94.52632141113281
C10 869.967 91.71814727783203
C10 875.002 90.37089538574219
C10 899.999 83.77623748779297
C10 919.999 74.15262603759766
C10 925.012 71.82166290283203
C10 949.965 58.39901351928711
C10 975.002 43.103641510009766
C10 999.976 26.375808715820312
C10 1025.028 11.441678047180176
C10 1050.014 4.143406867980957
C10 1075.002 0.9452030868554676
C10 1099.99 0.09378218193756875
C11 319.994 45.50444412231445
C11 324.969 51.357051849365234
C11 349.982 77.37326049804688
C11 374.975 82.8361587524414
C11 400.019 87.61882781982422
C11 424.965 87.99568939208984
C11 450.035 89.88887023925781
C11 475.003 91.1443099975586
C11 500.018 93.03605651855469
C11 525.002 95.62000274658203
C11 550.029 96.63404846191406
C11 575.023 97.56318664550781
C11 599.982 98.29900360107422
C11 619.997 99.22572326660156
C11 624.979 98.90744018554688
C11 650.012 99.18228912353516
C11 675.004 99.42384338378906
C11 700.03 99.18403625488281
C11 725.012 98.87873840332031
C11 750.022 99.222900390625
C11 774.987 99.04261016845703
C11 799.976 98.73682403564453
C11 824.988 96.66553497314453
C11 850.022 94.65493774414062
C11 869.967 91.84280395507812
C11 875.002 90.48960876464844
C11 899.999 83.81118774414062
C11 919.999 74.1369857788086
C11 925.012 71.73976135253906
C11 949.965 58.42238235473633
C11 975.002 43.21049499511719
C11 999.976 26.357925415039062
C11 1025.028 11.375682830810547
C11 1050.014 4.100574016571045
C11 1075.002 0.9452916879855614
C11 1099.99 0.09379097286030048
C12 319.994 45.71181106567383
C12 324.969 51.59036636352539
C12 349.982 77.68096923828125
C12 374.975 83.07787322998047
C12 400.019 87.79962158203125
C12 424.965 88.14939880371094
C12 450.035 90.0328598022461
C12 475.003 91.28556060791016
C12 500.018 93.17330169677734
C12 525.002 95.75652313232422
C12 550.029 96.7683334350586
C12 575.023 97.6964340209961
C12 599.982 98.42566680908203
C12 619.997 99.3503189086914
C12 624.979 99.03450775146484
C12 650.012 99.31056213378906
C12 675.004 99.551025390625
C12 700.03 99.31925201416016
C12 725.012 99.03406524658203
C12 750.022 99.41526794433594
C12 774.987 99.2717056274414
C12 799.976 98.9801254272461
C12 824.988 96.8998794555664
C12 850.022 94.89571380615234
C12 869.967 92.05485534667969
C12 875.002 90.68928527832031
C12 899.999 83.98625183105469
C12 919.999 74.23587799072266
C12 925.012 71.88134002685547
C12 949.965 58.51905822753906
C12 975.002 43.29014205932617
C12 999.976 26.483781814575195
C12 1025.028 11.424613952636719
C12 1050.014 4.099206447601318
C12 1075.002 0.9471243633989366
C12 1099.99 0.09397280923117127
C13 319.994 45.83150100708008
C13 324.969 51.72321319580078
C13 349.982 77.82231140136719
C13 374.975 83.15371704101562
C13 400.019 87.8060302734375
C13 424.965 88.12775421142578
C13 450.035 89.98992919921875
C13 475.003 91.2326889038086
C13 500.018 93.1119155883789
C13 525.002 95.68710327148438
C13 550.029 96.68815612792969
C13 575.023 97.6070556640625
C13 599.982 98.33145904541016
C13 619.997 99.25144958496094
C13 624.979 98.93790435791016
C13 650.012 99.20718383789062
C13 675.004 99.44501495361328
C13 700.03 99.21200561523438
C13 725.012 98.93083190917969
C13 750.022 99.31375122070312
C13 774.987 99.18458557128906
C13 799.976 98.89811706542969
C13 824.988 96.81243896484375
C13 850.022 94.81725311279297
C13 869.967 91.97071075439453
C13 875.002 90.6046142578125
C13 899.999 83.92865753173828
C13 919.999 74.15469360351562
C13 925.012 71.78031921386719
C13 949.965 58.476627349853516
C13 975.002 43.28540802001953
C13 999.976 26.465009689331055
C13 1025.028 11.443315505981445
C13 1050.014 4.098890781402588
C13 1075.002 0.9461572185242209
C13 1099.99 0.0938768500051997
C14 319.994 46.13831329345703
C14 324.969 52.06713104248047
C14 349.982 78.28075408935547
C14 374.975 83.56050872802734
C14 400.019 88.13550567626953
C14 424.965 88.41361236572266
C14 450.035 90.26225280761719
C14 475.003 91.49285888671875
C14 500.018 93.3663330078125
C14 525.002 95.93852996826172
C14 550.029 96.93400573730469
C14 575.023 97.85221862792969
C14 599.982 98.57347106933594
C14 619.997 99.49276733398438
C14 624.979 99.17025756835938
C14 650.012 99.43782043457031
C14 675.004 99.67269134521484
C14 700.03 99.43221282958984
C14 725.012 99.14013671875
C14 750.022 99.51585388183594
C14 774.987 99.37089538574219
C14 799.976 99.08087921142578
C14 824.988 97.0042724609375
C14 850.022 94.99349975585938
C14 869.967 92.16018676757812
C14 875.002 90.80352020263672
C14 899.999 84.15471649169922
C14 919.999 74.31605529785156
C14 925.012 71.93191528320312
C14 949.965 58.661094665527344
C14 975.002 43.43117141723633
C14 999.976 26.59108543395996
C14 1025.028 11.509928703308105
C14 1050.014 4.117185592651367
C14 1075.002 0.9480826408030053
C14 1099.99 0.0940678886348516
C15 319.994 46.21883773803711
C15 324.969 52.15444564819336
C15 349.982 78.37528228759766
C15 374.975 83.6026840209961
C15 400.019 88.12509155273438
C15 424.965 88.38402557373047
C15 450.035 90.22441864013672
C15 475.003 91.44711303710938
C15 500.018 93.31690216064453
C15 525.002 95.8848648071289
C15 550.029 96.87638092041016
C15 575.023 97.79061126708984
C15 599.982 98.50818634033203
C15 619.997 99.42359924316406
C15 624.979 99.10210418701172
C15 650.012 99.36865234375
C15 675.004 99.60064697265625
C15 700.03 99.34783935546875
C15 725.012 99.04344177246094
C15 750.022 99.40050506591797
C15 774.987 99.24281311035156
C15 799.976 98.94956970214844
C15 824.988 96.8814468383789
C15 850.022 94.87273406982422
C15 869.967 92.0798110961914
C15 875.002 90.72845458984375
C15 899.999 84.0965805053711
C15 919.999 74.2698974609375
C15 925.012 71.85875701904297
C15 949.965 58.64433670043945
C15 975.002 43.36832046508789
C15 999.976 26.594472885131836
C15 1025.028 11.503886222839355
C15 1050.014 4.12001371383667
C15 1075.002 0.9469837187140057
C15 1099.99 0.09395885459474003
C16 319.994 46.3255615234375
C16 324.969 52.27564239501953
C16 349.982 78.5068588256836
C16 374.975 83.701171875
C16 400.019 88.20308685302734
C16 424.965 88.45307159423828
C16 450.035 90.29214477539062
C16 475.003 91.51618957519531
C16 500.018 93.38301849365234
C16 525.002 95.95506286621094
C16 550.029 96.94438171386719
C16 575.023 97.85294342041016
C16 599.982 98.5681381225586
C16 619.997 99.48136138916016
C16 624.979 99.16098022460938
C16 650.012 99.42323303222656
C16 675.004 99.64801788330078
C16 700.03 99.39041900634766
C16 725.012 99.07572937011719
C16 750.022 99.4130630493164
C16 774.987 99.23790740966797
C16 799.976 98.94264221191406
C16 824.988 96.88117218017578
C16 850.022 94.88264465332031
C16 869.967 92.12211608886719
C16 875.002 90.76959991455078
C16 899.999 84.20140838623047
C16 919.999 74.349609375
C16 925.012 71.9524154663086
C16 949.965 58.78382873535156
C16 975.002 43.45563507080078
C16 999.976 26.711305618286133
C16 1025.028 11.567591667175293
C16 1050.014 4.14392614364624
C16 1075.002 0.9471033584396525
C16 1099.99 0.09397072513840796
C17 319.994 46.49407196044922
C17 324.969 52.468780517578125
C17 349.982 78.79888916015625
C17 374.975 84.0118179321289
C17 400.019 88.5273208618164
C17 424.965 88.78276062011719
C17 450.035 90.63041687011719
C17 475.003 91.86567687988281
C17 500.018 93.7463150024414
C17 525.002 96.3296127319336
C17 550.029 97.32640838623047
C17 575.023 98.23926544189453
C17 599.982 98.95922088623047
C17 619.997 99.87533569335938
C17 624.979 99.55357360839844
C17 650.012 99.8115005493164
C17 675.004 100.04166412353516
C17 700.03 99.77629089355469
C17 725.012 99.44647216796875
C17 750.022 99.77279663085938
C17 774.987 99.5830078125
C17 799.976 99.28435516357422
C17 824.988 97.21632385253906
C17 850.022 95.22489929199219
C17 869.967 92.4889144897461
C17 875.002 91.14704132080078
C17 899.999 84.57212829589844
C17 919.999 74.71703338623047
C17 925.012 72.27095031738281
C17 949.965 59.09906768798828
C17 975.002 43.75334930419922
C17 999.976 26.975818634033203
C17 1025.028 11.706160545349121
C17 1050.014 4.189547061920166
C17 1075.002 0.9505305228341294
C17 1099.99 0.09431076524115672
