lsstCam/transmission_sensor/r12_s20/19700101T000000.ecsv
# %ECSV 1.0
# ---
# datatype:
# - {name: amp_name, datatype: string}
# - {name: wavelength, unit: nm, datatype: float32}
# - {name: efficiency, unit: '%', datatype: float64}
# meta: !!omap
# - {MODE: AMP}
# - {TYPE: transmission_sensor}
# - {CALIBDATE: '1970-01-01T00:00:00'}
# - {INSTRUME: LSSTCam}
# - {OBSTYPE: transmission_sensor}
# - {DETECTOR: 51}
# - {PARQUETFILE: qe_raft_allvalues_nircorrected_20230725_adjust.parquet}
# - {CORRFILE: qe_corr_factor_bydetnum.parquet}
# - {CALIBCLS: lsst.ip.isr.IntermediateSensorTransmissionCurve}
# - {CALIB_ID: 'raftName=R12 detectorName=S20 detector=51 calibDate=1970-01-01T00:00:00 ccd=51 ccdnum=51 filter=None'}
# - {DATE: '2025-03-03T21:56:47.658511'}
# - {CALIB_CREATION_DATE: '2025-03-03'}
# - {CALIB_CREATION_TIME: '21:56:47'}
# - __serialized_columns__:
#     efficiency:
#       __class__: astropy.units.quantity.Quantity
#       unit: !astropy.units.Unit {unit: '%'}
#       value: !astropy.table.SerializedColumn {name: efficiency}
#     wavelength:
#       __class__: astropy.units.quantity.Quantity
#       unit: !astropy.units.Unit {unit: nm}
#       value: !astropy.table.SerializedColumn {name: wavelength}
# schema: astropy-2.0
amp_name wavelength efficiency
C00 319.994 45.1927731459466
C00 324.969 51.01586554599554
C00 349.982 77.22407765400841
C00 374.975 82.80532239373396
C00 400.019 87.13077199886592
C00 424.965 87.26503679706605
C00 450.035 89.00183005249967
C00 475.003 90.16392386308144
C00 500.018 91.98256733834819
C00 525.002 94.51041614715244
C00 550.029 95.49953506845321
C00 575.023 96.41970211089603
C00 599.982 97.15223294890734
C00 619.997 98.07288217232119
C00 624.979 97.76037616454705
C00 650.012 98.04337872415601
C00 675.004 98.28189255510935
C00 700.03 97.983098568699
C00 725.012 97.48388304804708
C00 750.022 97.55957792642184
C00 774.987 97.10658397229017
C00 799.976 96.68139829884738
C00 824.988 94.63464555389291
C00 850.022 92.52052308639168
C00 869.967 89.78835009111151
C00 875.002 88.47748838281022
C00 899.999 81.87723703565744
C00 919.999 72.55918771342344
C00 925.012 70.33896283006159
C00 949.965 57.145327447554415
C00 975.002 42.047472768538356
C00 999.976 25.514144620038675
C00 1025.028 10.979888864183888
C00 1050.014 3.9751446587954615
C00 1075.002 0.929445302534444
C00 1099.99 0.09221870905361575
C01 319.994 45.40866214164968
C01 324.969 51.25944604418357
C01 349.982 77.52611882789556
C01 374.975 83.02409694118558
C01 400.019 87.25388636211086
C01 424.965 87.34999105690021
C01 450.035 89.066909415434
C01 475.003 90.21791306368196
C01 500.018 92.02953477855803
C01 525.002 94.5514542682341
C01 550.029 95.53428976875607
C01 575.023 96.44781175469181
C01 599.982 97.17362219541933
C01 619.997 98.09405293058067
C01 624.979 97.7759340349406
C01 650.012 98.05487572668412
C01 675.004 98.29467788491944
C01 700.03 98.01615810152558
C01 725.012 97.57228038137752
C01 750.022 97.72292426443748
C01 774.987 97.34191842246575
C01 799.976 96.95195456214151
C01 824.988 94.88938025407495
C01 850.022 92.80057228755305
C01 869.967 90.05828856003649
C01 875.002 88.73776816415918
C01 899.999 82.03888067211912
C01 919.999 72.67076740375192
C01 925.012 70.44804874068049
C01 949.965 57.34343225291175
C01 975.002 42.22329553917952
C01 999.976 25.59689704567307
C01 1025.028 10.956534165159107
C01 1050.014 3.9467732058005622
C01 1075.002 0.9310014934163936
C01 1099.99 0.0923731128832796
C02 319.994 45.45067215875107
C02 324.969 51.30486899847057
C02 349.982 77.5390548392591
C02 374.975 82.9369879351371
C02 400.019 87.07322671360402
C02 424.965 87.13707802187773
C02 450.035 88.83667553584264
C02 475.003 89.97655888544612
C02 500.018 91.77511650963822
C02 525.002 94.28488353202869
C02 550.029 95.25729940312971
C02 575.023 96.1652085011995
C02 599.982 96.88430607872088
C02 619.997 97.79845339310344
C02 624.979 97.48426728600838
C02 650.012 97.75806320270162
C02 675.004 97.9928778015178
C02 700.03 97.7198051562811
C02 725.012 97.2871682800203
C02 750.022 97.45694118629052
C02 774.987 97.10404498811457
C02 799.976 96.72556306216309
C02 824.988 94.66387024118421
C02 850.022 92.6269570016699
C02 869.967 89.86681751006972
C02 875.002 88.53394122680965
C02 899.999 81.87606171954054
C02 919.999 72.59734781683423
C02 925.012 70.38060367735703
C02 949.965 57.25925400307785
C02 975.002 42.125333694243935
C02 999.976 25.584592013314598
C02 1025.028 10.969582245928024
C02 1050.014 3.942927059148794
C02 1075.002 0.9284674852812491
C02 1099.99 0.09212169092405599
C03 319.994 45.88907260443126
C03 324.969 51.79975995853854
C03 349.982 78.21481640200875
C03 374.975 83.56377045893838
C03 400.019 87.68619173895408
C03 424.965 87.73783030732082
C03 450.035 89.44463793361822
C03 475.003 90.58938829739809
C03 500.018 92.39904361800166
C03 525.002 94.92177678806634
C03 550.029 95.90031786431504
C03 575.023 96.80600440947147
C03 599.982 97.5257725199057
C03 619.997 98.44059036720111
C03 624.979 98.12631385117396
C03 650.012 98.3975180451479
C03 675.004 98.63102171444909
C03 700.03 98.34416170707186
C03 725.012 97.89927442051571
C03 750.022 98.05606611095637
C03 774.987 97.68687370277497
C03 799.976 97.30439118157945
C03 824.988 95.23617384933625
C03 850.022 93.20580772331927
C03 869.967 90.39311803995399
C03 875.002 89.04098465416321
C03 899.999 82.43310128632827
C03 919.999 73.15996260109954
C03 925.012 70.92830098783097
C03 949.965 57.64008656126312
C03 975.002 42.40279117268599
C03 999.976 25.789453002824672
C03 1025.028 11.090918566842278
C03 1050.014 3.9864551929011753
C03 1075.002 0.9341753192799135
C03 1099.99 0.09268801696972413
C04 319.994 46.020018641416684
C04 324.969 51.9461395536359
C04 349.982 78.36963416409922
C04 374.975 83.62695123429926
C04 400.019 87.68235689341881
C04 424.965 87.70755084915538
C04 450.035 89.40584496768297
C04 475.003 90.54458313748023
C04 500.018 92.34926596682
C04 525.002 94.86597187474676
C04 550.029 95.83474125225433
C04 575.023 96.74226611236284
C04 599.982 97.45464329260044
C04 619.997 98.36778104057488
C04 624.979 98.04743205794377
C04 650.012 98.31484661084849
C04 675.004 98.54657223781898
C04 700.03 98.24691183247631
C04 725.012 97.77769700911594
C04 750.022 97.90107506507943
C04 774.987 97.50470723873363
C04 799.976 97.1076387431643
C04 824.988 95.06050929432621
C04 850.022 93.03091164423181
C04 869.967 90.18804797978851
C04 875.002 88.8378357838042
C04 899.999 82.34974425096065
C04 919.999 73.11850257166824
C04 925.012 70.86968586353957
C04 949.965 57.467985624992124
C04 975.002 42.302441025128246
C04 999.976 25.756446208541817
C04 1025.028 11.104550538630805
C04 1050.014 3.989916630711796
C04 1075.002 0.9326987279397839
C04 1099.99 0.09254151093347308
C05 319.994 46.15276532296581
C05 324.969 52.09496395693797
C05 349.982 78.52483616415098
C05 374.975 83.71112948413317
C05 400.019 87.72814148343409
C05 424.965 87.7437897627597
C05 450.035 89.43867094410167
C05 475.003 90.57691939885024
C05 500.018 92.37990706071372
C05 525.002 94.89677871834927
C05 550.029 95.86587959527442
C05 575.023 96.76260812207836
C05 599.982 97.47301137396578
C05 619.997 98.38130470999687
C05 624.979 98.06565699183335
C05 650.012 98.3302764019216
C05 675.004 98.55125843413123
C05 700.03 98.24067361616356
C05 725.012 97.74163891337577
C05 750.022 97.82865751049216
C05 774.987 97.39849181170791
C05 799.976 96.98823868021186
C05 824.988 94.95327676681471
C05 850.022 92.92046206555419
C05 869.967 90.06335146023235
C05 875.002 88.71302625308296
C05 899.999 82.32732283580755
C05 919.999 73.08847173806599
C05 925.012 70.8354510145961
C05 949.965 57.394972878268746
C05 975.002 42.27378516070121
C05 999.976 25.767655032598952
C05 1025.028 11.138040455644402
C05 1050.014 4.001441415151319
C05 1075.002 0.9320088102579298
C05 1099.99 0.09247305793489387
C06 319.994 46.34856846759423
C06 324.969 52.314021032302286
C06 349.982 78.7986998875433
C06 374.975 83.95276242324287
C06 400.019 87.95537680011182
C06 424.965 87.96331018390087
C06 450.035 89.66246318728311
C06 475.003 90.80012398397324
C06 500.018 92.60646431040092
C06 525.002 95.12613864493062
C06 550.029 96.09525459001112
C06 575.023 96.99419813565075
C06 599.982 97.7023562323918
C06 619.997 98.60937630929624
C06 624.979 98.2916265834621
C06 650.012 98.55204951228683
C06 675.004 98.77320482828291
C06 700.03 98.44846347836878
C06 725.012 97.92267526576624
C06 750.022 97.97261866665669
C06 774.987 97.5107797053376
C06 799.976 97.08634743966206
C06 824.988 95.06384689073508
C06 850.022 93.01897013112104
C06 869.967 90.1420524355984
C06 875.002 88.80470844427859
C06 899.999 82.56898591122795
C06 919.999 73.26933480667
C06 925.012 70.97016785745657
C06 949.965 57.447986415810696
C06 975.002 42.351521774125196
C06 999.976 25.870288005691435
C06 1025.028 11.223580490017591
C06 1050.014 4.040375174163091
C06 1075.002 0.9333803219349542
C06 1099.99 0.09260913806350635
C07 319.994 46.43504837815705
C07 324.969 52.41588929651102
C07 349.982 78.92481281370186
C07 374.975 84.03297021414342
C07 400.019 88.00500376974003
C07 424.965 88.0036174994483
C07 450.035 89.70653754166675
C07 475.003 90.85025573680548
C07 500.018 92.6628192113906
C07 525.002 95.18701399252373
C07 550.029 96.15883467148863
C07 575.023 97.06113841577016
C07 599.982 97.76791024221947
C07 619.997 98.6749378532016
C07 624.979 98.35719566144515
C07 650.012 98.61459742512322
C07 675.004 98.83113435150612
C07 700.03 98.49851235634664
C07 725.012 97.94924795771685
C07 750.022 97.97401247102609
C07 774.987 97.48059819018191
C07 799.976 97.04659764586239
C07 824.988 95.03768103897879
C07 850.022 92.95687426294498
C07 869.967 90.1488557077366
C07 875.002 88.85528470769351
C07 899.999 82.66149685096755
C07 919.999 73.32000901309468
C07 925.012 70.91754985899243
C07 949.965 57.49707469888532
C07 975.002 42.29830481648609
C07 999.976 25.92248974636419
C07 1025.028 11.290343719311704
C07 1050.014 4.076636690000428
C07 1075.002 0.9333936011958138
C07 1099.99 0.09261045561956943
C10 319.994 44.75604149847085
C10 324.969 50.51445384170209
C10 349.982 76.14549909442539
C10 374.975 81.6254481598453
C10 400.019 86.49859507545119
C10 424.965 86.93476543414036
C10 450.035 88.8377001704061
C10 475.003 90.09946229451624
C10 500.018 91.98236391825102
C10 525.002 94.54501263182418
C10 550.029 95.55650776381202
C10 575.023 96.4785131212069
C10 599.982 97.21340212552968
C10 619.997 98.1335993042832
C10 624.979 97.81902895922681
C10 650.012 98.09395498757094
C10 675.004 98.33173047891238
C10 700.03 98.07504445261317
C10 725.012 97.71137452336566
C10 750.022 97.9740878118028
C10 774.987 97.715736754338
C10 799.976 97.37738886014748
C10 824.988 95.3451919532561
C10 850.022 93.34536897812309
C10 869.967 90.57227840700403
C10 875.002 89.24185823306516
C10 899.999 82.72958984497085
C10 919.999 73.2262097460731
C10 925.012 70.92436819928596
C10 949.965 57.669412958603
C10 975.002 42.56513171133236
C10 999.976 26.046285943638487
C10 1025.028 11.298732914799938
C10 1050.014 4.091641747444752
C10 1075.002 0.9333943137175045
C10 1099.99 0.09261052631531698
C11 319.994 44.93594020513279
C11 324.969 50.715429130652616
C11 349.982 76.4066076243183
C11 374.975 81.80125586233113
C11 400.019 86.52417326914905
C11 424.965 86.89632656985569
C11 450.035 88.76585520572193
C11 475.003 90.00561028895096
C11 500.018 91.87372251821479
C11 525.002 94.42538654654156
C11 550.029 95.42676341221535
C11 575.023 96.34429352747283
C11 599.982 97.07091764858896
C11 619.997 97.98605946122427
C11 624.979 97.67175280888644
C11 650.012 97.94316795703521
C11 675.004 98.18170439022157
C11 700.03 97.9448932608222
C11 725.012 97.6434096086828
C11 750.022 97.98327185248547
C11 774.987 97.80523406300863
C11 799.976 97.5032682298982
C11 824.988 95.4578565507694
C11 850.022 93.47237845952468
C11 869.967 90.69537770209364
C11 875.002 89.35908848164794
C11 899.999 82.76410345478818
C11 919.999 73.21076488684464
C11 925.012 70.84348987547257
C11 949.965 57.6924898385136
C11 975.002 42.67065023617338
C11 999.976 26.028626065574343
C11 1025.028 11.233562201173834
C11 1050.014 4.049344022752248
C11 1075.002 0.9334818079207805
C11 1099.99 0.09261920740978677
C12 319.994 45.14071643626905
C12 324.969 50.94582875995276
C12 349.982 76.71047204500216
C12 374.975 82.0399505111486
C12 400.019 86.70270830775227
C12 424.965 87.04811563272185
C12 450.035 88.90804585363344
C12 475.003 90.14509620297807
C12 500.018 92.00925304146388
C12 525.002 94.56020133241176
C12 550.029 95.55937071332754
C12 575.023 96.47587619402157
C12 599.982 97.1959984061064
C12 619.997 98.10909848369249
C12 624.979 97.79723287252051
C12 650.012 98.06983840494154
C12 675.004 98.30729746502074
C12 700.03 98.07841971941042
C12 725.012 97.79679589601551
C12 750.022 98.17323608691777
C12 774.987 98.03146734735593
C12 799.976 97.74352996687153
C12 824.988 95.68927328055533
C12 850.022 93.71014641678845
C12 869.967 90.90477985692075
C12 875.002 89.55627036249041
C12 899.999 82.93698040105943
C12 919.999 73.30842160163449
C12 925.012 70.98329975483959
C12 949.965 57.78795790373962
C12 975.002 42.74930224003457
C12 999.976 26.15291009437793
C12 1025.028 11.281882008325871
C12 1050.014 4.047993539329467
C12 1075.002 0.9352915870397053
C12 1099.99 0.09279877203135659
C13 319.994 45.258911046793905
C13 324.969 51.0770158874237
C13 349.982 76.85004836796134
C13 374.975 82.11484677729008
C13 400.019 86.70903693299711
C13 424.965 87.02674145436521
C13 450.035 88.86565159857076
C13 475.003 90.09288504470823
C13 500.018 91.94863385251162
C13 525.002 94.49164875967045
C13 550.029 95.48019509106813
C13 575.023 96.38761447408922
C13 599.982 97.10296761500742
C13 619.997 98.01146437113566
C13 624.979 97.7018363810324
C13 650.012 97.9677516524803
C13 675.004 98.20261145576252
C13 700.03 97.97251318956927
C13 725.012 97.69485229103006
C13 750.022 98.0729876494086
C13 774.987 97.9454357144146
C13 799.976 97.66254616597074
C13 824.988 95.60292521635178
C13 850.022 93.63266596200532
C13 869.967 90.82168651427169
C13 875.002 89.47265716848194
C13 899.999 82.88010564871037
C13 919.999 73.22825148112231
C13 925.012 70.88354103237914
C13 949.965 57.74605713076448
C13 975.002 42.74462734483883
C13 999.976 26.13437249626495
C13 1025.028 11.30034991622038
C13 1050.014 4.04768181686577
C13 1075.002 0.9343365250650307
C13 1099.99 0.09270401165962676
C14 319.994 45.56189021335127
C14 324.969 51.41663704074085
C14 349.982 77.30276356121912
C14 374.975 82.51655626470561
C14 400.019 87.03439607728038
C14 424.965 87.30902827659527
C14 450.035 89.13457296700996
C14 475.003 90.34980462741527
C14 500.018 92.19987274065367
C14 525.002 94.73993428936491
C14 550.029 95.72297320998405
C14 575.023 96.62971452601462
C14 599.982 97.3419560928541
C14 619.997 98.24976724791416
C14 624.979 97.93128671654581
C14 650.012 98.19550682051742
C14 675.004 98.42744340166274
C14 700.03 98.1899692734282
C14 725.012 97.90154217789511
C14 750.022 98.2725653669509
C14 774.987 98.129417891175
C14 799.976 97.84302499661347
C14 824.988 95.79236206534699
C14 850.022 93.8067106903158
C14 869.967 91.00879533326612
C14 875.002 89.66907810747949
C14 899.999 83.10334037014404
C14 919.999 73.3875972238939
C14 925.012 71.03324315573003
C14 949.965 57.92821982776698
C14 975.002 42.88856966580917
C14 999.976 26.25887312980162
C14 1025.028 11.366130890137951
C14 1050.014 4.065748064244369
C14 1075.002 0.9362378923283363
C14 1099.99 0.09289266357274174
C15 319.994 45.64140863614478
C15 324.969 51.502860792662815
C15 349.982 77.39611078358035
C15 374.975 82.55820464607874
C15 400.019 87.02411206125753
C15 424.965 87.27981112338165
C15 450.035 89.09721147583245
C15 475.003 90.30463029769146
C15 500.018 92.15105945141408
C15 525.002 94.68693958701715
C15 550.029 95.66606832132429
C15 575.023 96.56887684880986
C15 599.982 97.27748699021124
C15 619.997 98.18146329973605
C15 624.979 97.86398480069812
C15 650.012 98.12720287233931
C15 675.004 98.35629910620213
C15 700.03 98.10664990844896
C15 725.012 97.80605527747491
C15 750.022 98.15865764662165
C15 774.987 98.00293579521048
C15 799.976 97.71335598579351
C15 824.988 95.67107094889877
C15 850.022 93.68745377483913
C15 869.967 90.92942382498723
C15 875.002 89.5949503172606
C15 899.999 83.04593069828023
C15 919.999 73.3420160539758
C15 925.012 70.96099888492924
C15 949.965 57.91167122615952
C15 975.002 42.82650393394381
C15 999.976 26.262218260288176
C15 1025.028 11.360163900621398
C15 1050.014 4.068540852661562
C15 1075.002 0.9351526994810475
C15 1099.99 0.09278499173537993
C16 319.994 45.746799081665365
C16 324.969 51.622543383527976
C16 349.982 77.52604348711884
C16 374.975 82.65546205475195
C16 400.019 87.10113293730264
C16 424.965 87.34799452631701
C16 450.035 89.1640914833305
C16 475.003 90.37284383693752
C16 500.018 92.21634976852324
C16 525.002 94.75626063568104
C16 550.029 95.73321955561853
C16 575.023 96.63043026339349
C16 599.982 97.33668977256109
C16 619.997 98.23850380179391
C16 624.979 97.92212527809615
C16 650.012 98.18110166400777
C16 675.004 98.40307819447015
C16 700.03 98.14869759593871
C16 725.012 97.83793949418458
C16 750.022 98.17105873847044
C16 774.987 97.99809138326712
C16 799.976 97.70651504326696
C16 824.988 95.67079972210257
C16 850.022 93.6972405417356
C16 869.967 90.97120028568077
C16 875.002 89.63558159814794
C16 899.999 83.14944892549923
C16 919.999 73.4207320974972
C16 925.012 71.05348722243582
C16 949.965 58.04942053528313
C16 975.002 42.91272768586577
C16 999.976 26.37759135872471
C16 1025.028 11.423073449186068
C16 1050.014 4.092154535606332
C16 1075.002 0.9352708445031772
C16 1099.99 0.09279671397593803
C17 319.994 45.91320425521601
C17 324.969 51.813268559805174
C17 349.982 77.81442537818589
C17 374.975 82.9622270953397
C17 400.019 87.42131617022496
C17 424.965 87.67356462477511
C17 450.035 89.49813741917005
C17 475.003 90.71796486695554
C17 500.018 92.57510747912833
C17 525.002 95.12613111085294
C17 550.029 96.1104734269094
C17 575.023 97.01192582041394
C17 599.982 97.72288659404911
C17 619.997 98.62755603871977
C17 624.979 98.30981384696332
C17 650.012 98.56451841083468
C17 675.004 98.79180646605612
C17 700.03 98.52974864237648
C17 725.012 98.20405046459794
C17 750.022 98.52629803480251
C17 774.987 98.3388803186235
C17 799.976 98.04395884813678
C17 824.988 96.00176422017411
C17 850.022 94.03521926612017
C17 869.967 91.3334161379375
C17 875.002 90.00830748875768
C17 899.999 83.51553729367957
C17 919.999 73.78356574412307
C17 925.012 71.36804249933685
C17 949.965 58.36072109062968
C17 975.002 43.20672246479877
C17 999.976 26.63879971514678
C17 1025.028 11.559911134911319
C17 1050.014 4.13720549480825
C17 1075.002 0.9386551920602952
C17 1099.99 0.09313250583141908
