lsstCam/transmission_filter_detector/r23_s20/u_24/19700101T000000.ecsv
# %ECSV 1.0
# ---
# datatype:
# - {name: wavelength, unit: nm, datatype: float32}
# - {name: efficiency, unit: '%', datatype: float64}
# meta: !!omap
# - {MODE: DETECTOR}
# - {TYPE: transmission_filter_detector}
# - {CALIBDATE: '1970-01-01T00:00:00'}
# - {INSTRUME: LSSTCam}
# - {OBSTYPE: transmission_filter_detector}
# - {CALIBCLS: lsst.ip.isr.IntermediateFilterDetectorTransmissionCurve}
# - {SOURCE: Materion (DM-46256)}
# - {DETECTOR: 105}
# - {FILTER: u_24}
# - {CALIB_ID: 'calibDate=1970-01-01T00:00:00 filter=u_24 detector=105'}
# - {DATE: '2025-04-02T15:59:40.235157'}
# - {CALIB_CREATION_DATE: '2025-04-02'}
# - {CALIB_CREATION_TIME: '15:59:40'}
# - __serialized_columns__:
#     efficiency:
#       __class__: astropy.units.quantity.Quantity
#       unit: !astropy.units.Unit {unit: '%'}
#       value: !astropy.table.SerializedColumn {name: efficiency}
#     wavelength:
#       __class__: astropy.units.quantity.Quantity
#       unit: !astropy.units.Unit {unit: nm}
#       value: !astropy.table.SerializedColumn {name: wavelength}
# schema: astropy-2.0
wavelength efficiency
[from data line 580]
875.0 0.0025672610718174838
876.0 0.002982784826599527
877.0 0.0029249811632325873
878.0 0.002867177317966707
879.0 0.002734048757702112
880.0 0.0026009201974375173
881.0 0.002694268368941266
882.0 0.002787617086141836
883.0 0.0025632774850237183
884.0 0.0023389378839056008
885.0 0.0023979973775567487
886.0 0.002457057053106837
887.0 0.002226326978416182
888.0 0.0019955969037255272
889.0 0.002043553104158491
890.0 0.0020915093045914546
891.0 0.002324057095393073
892.0 0.002556604886194691
893.0 0.0025181394448736683
894.0 0.0024796740035526454
895.0 0.002508030775061343
896.0 0.0025363875465700403
897.0 0.0030432651328737848
898.0 0.003550142719177529
899.0 0.0037253870686981827
900.0 0.0039006306906230748
901.0 0.0041476476326351985
902.0 0.004394664574647322
903.0 0.004394612915348262
904.0 0.004394561619847082
905.0 0.004886815440841019
906.0 0.005379068898037076
907.0 0.005275092553347349
908.0 0.005171116572455503
909.0 0.005276433512335643
910.0 0.005381749724620022
911.0 0.0052809387852903455
912.0 0.005180127845960669
913.0 0.005005846833228134
914.0 0.004831565820495598
915.0 0.0043676773202605546
916.0 0.003903788820025511
917.0 0.003960446701967157
918.0 0.004017104583908804
919.0 0.004250861456966959
920.0 0.004484617966227233
921.0 0.0046873363316990435
922.0 0.004890054333372973
923.0 0.005196971324039623
924.0 0.005503887223312631
925.0 0.006097275399952196
926.0 0.006690664304187521
927.0 0.007152632315410301
928.0 0.007614599599037319
929.0 0.007627473678439856
930.0 0.00764034703024663
931.0 0.007739455031696707
932.0 0.007838559395167977
933.0 0.007678470137761906
934.0 0.0075183801527600735
935.0 0.007601240940857679
936.0 0.007684101001359522
937.0 0.0073051152867265046
938.0 0.006926128844497725
939.0 0.006714771734550595
940.0 0.006503413897007704
941.0 0.005404237163020298
942.0 0.004305058973841369
943.0 0.003514592390274629
944.0 0.002724125442910008
945.0 0.0027282407245365903
946.0 0.0027323561880621128
947.0 0.0020612047592294402
948.0 0.0013900536032451782
949.0 0.0013677366041520145
950.0 0.0013454194231599104
951.0 0.0013211071745899972
952.0 0.0012967945622222032
953.0 0.0015710304069216363
954.0 0.00184526652446948
955.0 0.002163362478313502
956.0 0.0024814580683596432
957.0 0.0027039692213293165
958.0 0.0029264801924000494
959.0 0.0031814190151635557
960.0 0.003436357292230241
961.0 0.0038972721085883677
962.0 0.004358186924946494
963.0 0.004445849845069461
964.0 0.004533512765192427
965.0 0.004826423901249655
966.0 0.0051193350373068824
967.0 0.005110937854624353
968.0 0.0051025403081439435
969.0 0.004934912431053817
970.0 0.004767284553963691
971.0 0.00464386903331615
972.0 0.004520453148870729
973.0 0.004286030525690876
974.0 0.004051607174915262
975.0 0.003852625741274096
976.0 0.00365364394383505
977.0 0.0030949868232710287
978.0 0.0025363297027070075
979.0 0.002522312024666462
980.0 0.0025082943466259167
981.0 0.002580444561317563
982.0 0.002652594594110269
983.0 0.002833133112289943
984.0 0.003013671266671736
985.0 0.003318127346574329
986.0 0.003622583972173743
987.0 0.003967950033256784
988.0 0.0043133157305419445
989.0 0.004806704964721575
990.0 0.005300093471305445
991.0 0.005666762444889173
992.0 0.00603343069087714
993.0 0.006153192953206599
994.0 0.006272953032748774
995.0 0.00634060415904969
996.0 0.006408255285350606
997.0 0.006131445843493566
998.0 0.005854637493030168
999.0 0.006177003524499014
1000.0 0.0064993662817869335
1001.0 0.006480260344687849
1002.0 0.006461152224801481
1003.0 0.006284076516749337
1004.0 0.006107002263888717
1005.0 0.005586250699707307
1006.0 0.0050654987717280164
1007.0 0.005024231722927652
1008.0 0.004982966129318811
1009.0 0.00478308938909322
1010.0 0.00458321301266551
1011.0 0.0038986818253761157
1012.0 0.0032141513656824827
1013.0 0.002746397876762785
1014.0 0.0022786443878430873
1015.0 0.0019104143575532362
1016.0 0.001542184327263385
1017.0 0.0013522504559659865
1018.0 0.001162316584668588
1019.0 0.0007842594641260803
1020.0 0.00040620234358357266
1021.0 0.0009212703844241332
1022.0 0.0014363384252646938
1023.0 0.0013786593626718968
1024.0 0.0013209803000790998
1025.0 0.0014820649994362611
1026.0 0.0016431500625913031
1027.0 0.0016685313312336802
1028.0 0.001693912417977117
1029.0 0.001483305368310539
1030.0 0.0012726984095934313
1031.0 0.0011521183296281379
1032.0 0.0010315382496628445
1033.0 0.001257194708159659
1034.0 0.0014828510757070035
1035.0 0.0015413525034091435
1036.0 0.0015998537492123432
1037.0 0.0016535219401703216
1038.0 0.0017071901311283
1039.0 0.0016092599253170192
1040.0 0.0015113299014046788
1041.0 0.0016926118405535817
1042.0 0.001873893961601425
1043.0 0.0018224898667540401
1044.0 0.0017710863176034763
1045.0 0.0017061365724657662
1046.0 0.0016411871911259368
1047.0 0.0012839227565564215
1048.0 0.0009266581400879659
1049.0 0.001426413746230537
1050.0 0.001926169170474168
1051.0 0.0020881512682535686
1052.0 0.00225013372983085
1053.0 0.0019310755305923522
1054.0 0.001612017695151735
1055.0 0.0017224445400643162
1056.0 0.001832871748774778
1057.0 0.0010849291356862523
1058.0 0.0003369863406987861
1059.0 0.00039965266296349
1060.0 0.0004623191671271343
1061.0 1.5744064038591965e-10
1062.0 1.5744064038591965e-10
1063.0 1.5744064038591965e-10
1064.0 0.0003580222937671351
1065.0 0.0010884939001698513
1066.0 0.0018189657566836104
1067.0 0.0008963838808995206
1068.0 1.5744064038591965e-10
1069.0 0.0008455609531665687
1070.0 0.0017173195374198258
1071.0 0.0023872122255852446
1072.0 0.0030571049137506634
1073.0 0.0032406922400696203
1074.0 0.0034242795663885772
1075.0 0.0031122297514230013
1076.0 0.002800179754558485
1077.0 0.001939397225214634
1078.0 0.001078614604921313
1079.0 0.0021068010028102435
1080.0 0.003134986764052883
1081.0 0.0028486114388215356
1082.0 0.0025622381144785322
1083.0 0.003587713581509888
1084.0 0.0046131892304401845
1085.0 0.004641484338208102
1086.0 0.0046697798097739
1087.0 0.0046560318878619
1088.0 0.00464228360215202
1089.0 0.0055101801990531385
1090.0 0.006378076068358496
1091.0 0.0052841798606095836
1092.0 0.004190283652860671
1093.0 0.004332435855758376
1094.0 0.004474586603464559
1095.0 0.004236368840793148
1096.0 0.003998151078121737
1097.0 0.0035905643017031252
1098.0 0.0031829782528802752
1099.0 0.0013681234122486785
1100.0 1.5744064038591965e-10
