lsstCam/transmission_filter_detector/r23_s20/u_24/19700101T000000.ecsv
# %ECSV 1.0
# ---
# datatype:
# - {name: wavelength, unit: nm, datatype: float32}
# - {name: efficiency, unit: '%', datatype: float64}
# meta: !!omap
# - {MODE: DETECTOR}
# - {TYPE: transmission_filter_detector}
# - {CALIBDATE: '1970-01-01T00:00:00'}
# - {INSTRUME: LSSTCam}
# - {OBSTYPE: transmission_filter_detector}
# - {CALIBCLS: lsst.ip.isr.IntermediateFilterDetectorTransmissionCurve}
# - {SOURCE: Materion (DM-46256)}
# - {DETECTOR: 105}
# - {FILTER: u_24}
# - {CALIB_ID: 'calibDate=1970-01-01T00:00:00 filter=u_24 detector=105'}
# - {DATE: '2025-04-02T15:59:40.235157'}
# - {CALIB_CREATION_DATE: '2025-04-02'}
# - {CALIB_CREATION_TIME: '15:59:40'}
# - __serialized_columns__:
#     efficiency:
#       __class__: astropy.units.quantity.Quantity
#       unit: !astropy.units.Unit {unit: '%'}
#       value: !astropy.table.SerializedColumn {name: efficiency}
#     wavelength:
#       __class__: astropy.units.quantity.Quantity
#       unit: !astropy.units.Unit {unit: nm}
#       value: !astropy.table.SerializedColumn {name: wavelength}
# schema: astropy-2.0
wavelength efficiency
295.0 1.5744064038591965e-10
296.0 1.5744064038591965e-10
297.0 1.5744064038591965e-10
298.0 1.5744064038591965e-10
299.0 1.5744064038591965e-10
300.0 1.5744064038591965e-10
301.0 1.5744064038591965e-10
302.0 1.5744064038591965e-10
303.0 1.5744064038591965e-10
304.0 0.4353602882474661
305.0 0.33340046647936106
306.0 1.3102611526846886
307.0 2.690751850605011
308.0 4.431386664509773
309.0 7.2418466210365295
310.0 10.319609940052032
311.0 13.680367171764374
312.0 17.489247024059296
313.0 20.66415250301361
314.0 24.012713134288788
315.0 26.36640965938568
316.0 28.384578227996826
317.0 30.750808119773865
318.0 33.25617015361786
319.0 36.399754881858826
320.0 41.5564239025116
321.0 46.39365077018738
322.0 52.292031049728394
323.0 57.894688844680786
324.0 62.705522775650024
325.0 66.18753671646118
326.0 68.89631748199463
327.0 70.91466784477234
328.0 72.73806929588318
329.0 74.19761419296265
330.0 75.59106945991516
331.0 76.49776935577393
332.0 77.03964710235596
333.0 77.19687223434448
334.0 77.07716822624207
335.0 77.15933322906494
336.0 77.28591561317444
337.0 77.76564359664917
338.0 78.5983145236969
339.0 79.16067838668823
340.0 79.65567708015442
341.0 80.16871809959412
342.0 80.48418760299683
343.0 80.3325891494751
344.0 80.62528371810913
345.0 80.89818954467773
346.0 81.22779130935669
347.0 81.47101998329163
348.0 81.77548050880432
349.0 81.99893832206726
350.0 81.96552991867065
351.0 82.20980763435364
352.0 82.08398222923279
353.0 81.93131685256958
354.0 81.87410831451416
355.0 82.1262001991272
356.0 82.2880208492279
357.0 82.2031021118164
358.0 81.92664980888367
359.0 81.722891330719
360.0 81.69834017753601
361.0 81.61190748214722
362.0 81.39927983283997
363.0 81.52056336402893
364.0 81.62818551063538
365.0 81.80036544799805
366.0 81.95675015449524
367.0 81.95918202400208
368.0 81.78765177726746
369.0 81.68071508407593
370.0 81.36528134346008
371.0 81.10267519950867
372.0 81.10952973365784
373.0 81.20249509811401
374.0 81.23456835746765
375.0 81.47473931312561
376.0 81.52549862861633
377.0 81.57517910003662
378.0 81.62892460823059
379.0 81.35312795639038
380.0 80.76825737953186
381.0 79.53253388404846
382.0 77.8719425201416
383.0 75.96315145492554
384.0 73.8441526889801
385.0 71.52658104896545
386.0 69.11364197731018
387.0 66.08144044876099
388.0 62.89762854576111
389.0 59.14121866226196
390.0 55.34225106239319
391.0 51.202476024627686
392.0 46.840909123420715
393.0 42.984262108802795
394.0 39.733147621154785
395.0 36.56925857067108
396.0 33.383744955062866
397.0 29.25000488758087
398.0 24.41757321357727
399.0 18.234926462173462
400.0 12.143220007419586
401.0 7.195679098367691
402.0 3.465837240219116
403.0 1.2587969191372395
404.0 0.3934083040803671
405.0 0.15514811966568232
406.0 0.0875968427862972
407.0 0.006510480307042599
408.0 0.03368051256984472
409.0 0.018592212290968746
410.0 0.02253141428809613
411.0 0.0010463542821526062
412.0 1.5744064038591965e-10
413.0 1.5744064038591965e-10
414.0 1.5744064038591965e-10
415.0 1.5744064038591965e-10
416.0 1.5744064038591965e-10
417.0 1.5744064038591965e-10
418.0 1.5744064038591965e-10
419.0 1.5744064038591965e-10
420.0 1.5744064038591965e-10
421.0 1.5744064038591965e-10
422.0 1.5744064038591965e-10
423.0 0.006319789827102795
424.0 1.5744064038591965e-10
425.0 1.5744064038591965e-10
426.0 0.002113412119797431
427.0 1.5744064038591965e-10
428.0 1.5744064038591965e-10
429.0 1.5744064038591965e-10
430.0 1.5744064038591965e-10
431.0 1.5744064038591965e-10
432.0 8.037528118620685e-05
433.0 0.0014354322047438473
434.0 0.0027904885428142734
435.0 0.0024700348149053752
436.0 0.0021495803594007157
437.0 0.0010289205420122016
438.0 1.5744064038591965e-10
439.0 0.00016295286968670553
440.0 0.0004176453785476042
441.0 1.5744064038591965e-10
442.0 1.5744064038591965e-10
443.0 1.5744064038591965e-10
444.0 1.5744064038591965e-10
445.0 1.5744064038591965e-10
446.0 1.5744064038591965e-10
447.0 1.5744064038591965e-10
448.0 1.5744064038591965e-10
449.0 1.5744064038591965e-10
450.0 1.5744064038591965e-10
451.0 1.5744064038591965e-10
452.0 1.5744064038591965e-10
453.0 1.5744064038591965e-10
454.0 0.000316815521728131
455.0 1.5744064038591965e-10
456.0 1.5744064038591965e-10
457.0 1.5744064038591965e-10
458.0 1.5744064038591965e-10
459.0 1.5744064038591965e-10
460.0 1.5744064038591965e-10
461.0 1.5744064038591965e-10
462.0 1.5744064038591965e-10
463.0 1.5744064038591965e-10
464.0 0.0003573807816792396
465.0 0.0001882455308077624
466.0 1.910984650521641e-05
467.0 1.5744064038591965e-10
468.0 1.5744064038591965e-10
469.0 1.5744064038591965e-10
470.0 0.0004425503448146628
471.0 1.5744064038591965e-10
472.0 1.5744064038591965e-10
473.0 1.5744064038591965e-10
474.0 1.5744064038591965e-10
475.0 1.5744064038591965e-10
476.0 1.5744064038591965e-10
477.0 0.00020046547888341593
478.0 0.0012419560334819835
479.0 0.0006318236046354286
480.0 2.1691312213079073e-05
481.0 1.5744064038591965e-10
482.0 1.5744064038591965e-10
483.0 1.5744064038591965e-10
484.0 1.5744064038591965e-10
485.0 1.5744064038591965e-10
486.0 1.5744064038591965e-10
487.0 1.5744064038591965e-10
488.0 0.00020367851902847178
489.0 1.5744064038591965e-10
490.0 1.5744064038591965e-10
491.0 1.5744064038591965e-10
492.0 1.5744064038591965e-10
493.0 1.5744064038591965e-10
494.0 1.5744064038591965e-10
495.0 1.5744064038591965e-10
496.0 1.5744064038591965e-10
497.0 1.5744064038591965e-10
498.0 1.5744064038591965e-10
499.0 1.5744064038591965e-10
500.0 6.850088425380818e-05
501.0 0.00019508790956024313
502.0 0.0003216749291823362
503.0 1.5744064038591965e-10
504.0 1.5744064038591965e-10
505.0 1.5744064038591965e-10
506.0 1.5744064038591965e-10
507.0 1.5744064038591965e-10
508.0 1.5744064038591965e-10
509.0 2.3256883707745146e-05
510.0 5.4380592473535216e-05
511.0 0.00022516089757118607
512.0 0.0003959412424592301
513.0 9.405325727129821e-05
514.0 1.5744064038591965e-10
515.0 1.5744064038591965e-10
516.0 1.5744064038591965e-10
517.0 1.5744064038591965e-10
518.0 1.5744064038591965e-10
519.0 1.5744064038591965e-10
520.0 1.5744064038591965e-10
521.0 1.5744064038591965e-10
522.0 1.5744064038591965e-10
523.0 1.5744064038591965e-10
524.0 1.5744064038591965e-10
525.0 1.5744064038591965e-10
526.0 1.5744064038591965e-10
527.0 1.5744064038591965e-10
528.0 1.5744064038591965e-10
529.0 1.5744064038591965e-10
530.0 1.5744064038591965e-10
531.0 1.5744064038591965e-10
532.0 1.5744064038591965e-10
533.0 1.4060640296520432e-05
534.0 0.0004298596650187392
535.0 1.5744064038591965e-10
536.0 1.5744064038591965e-10
537.0 1.5744064038591965e-10
538.0 1.5744064038591965e-10
539.0 1.5744064038591965e-10
540.0 0.00017514099681648077
541.0 1.5744064038591965e-10
542.0 1.5744064038591965e-10
543.0 1.5744064038591965e-10
544.0 1.5744064038591965e-10
545.0 1.5744064038591965e-10
546.0 1.5744064038591965e-10
547.0 1.5744064038591965e-10
548.0 1.5744064038591965e-10
549.0 1.5744064038591965e-10
550.0 1.5744064038591965e-10
551.0 6.044377300895576e-05
552.0 0.00014245223383113625
553.0 1.5744064038591965e-10
554.0 1.5744064038591965e-10
555.0 1.5744064038591965e-10
556.0 1.5744064038591965e-10
557.0 1.5744064038591965e-10
558.0 1.5744064038591965e-10
559.0 1.5744064038591965e-10
560.0 1.5744064038591965e-10
561.0 4.28049872880365e-05
562.0 0.0001105145429391996
563.0 1.5744064038591965e-10
564.0 1.5744064038591965e-10
565.0 1.5744064038591965e-10
566.0 0.0002311268872290384
567.0 0.0002428067546134116
568.0 0.0002544865992604173
569.0 0.0002741273647188791
570.0 0.00029376788006629795
571.0 0.0003666825705295196
572.0 0.0004395972155180061
573.0 0.00044616017476073466
574.0 0.0004527232249529334
575.0 0.00033573380733287195
576.0 0.00021874438971281052
577.0 0.00010982138292092714
578.0 8.983882970881041e-07
579.0 0.00043389268284954596
580.0 0.000866887148731621
581.0 0.0008485656508128159
582.0 0.0008302443347929511
583.0 0.001403101396135753
584.0 0.0019759583665290847
585.0 0.0017313475836999714
586.0 0.0014867368008708581
587.0 0.001390767010889249
588.0 0.001294796857109759
589.0 0.0012686032277997583
590.0 0.0012424091437424067
591.0 0.0009005329047795385
592.0 0.0005586563474935247
593.0 0.0006219411716301693
594.0 0.0006852257683931384
595.0 0.0006053758170310175
596.0 0.0005255256382952211
597.0 0.000713964300302905
598.0 0.0009024028258863837
599.0 0.0010068768460769206
600.0 0.001111350593419047
601.0 0.0013417403351922985
602.0 0.0015721303498139605
603.0 0.0014937659216229804
604.0 0.0014154017662804108
605.0 0.0016430629329988733
606.0 0.0018707243725657463
607.0 0.0016124453395605087
608.0 0.001354166215605801
609.0 0.0009672955457062926
610.0 0.0005804247848573141
611.0 0.00034244972084707115
612.0 0.00010447465683682822
613.0 0.00017051819440894178
614.0 0.00023656168650632026
615.0 0.0001695020500847022
616.0 0.00010244236818834906
617.0 0.00040233608160633594
618.0 0.0007022298632364254
619.0 0.00044865751078759786
620.0 0.00019508529476297554
621.0 0.00024410257992713014
622.0 0.0002931197059297119
623.0 0.00046059467422310263
624.0 0.0006280696197791258
625.0 0.0006477590886788676
626.0 0.0006674486485280795
627.0 0.0007191321856225841
628.0 0.0007708157681918237
629.0 0.0005670325663231779
630.0 0.0003632493871918996
631.0 0.0009054380825546104
632.0 0.0014476269825536292
633.0 0.001794926356524229
634.0 0.0021422256395453587
635.0 0.002344019776501227
636.0 0.002545814095356036
637.0 0.0025279947294620797
638.0 0.002510175727366004
639.0 0.0023539247195003554
640.0 0.0021976740754325874
641.0 0.002018142731685657
642.0 0.0018386112060397863
643.0 0.001318873000855092
644.0 0.0007991347047209274
645.0 0.0006170307642605621
646.0 0.0004349267783254618
647.0 0.0001859050598795875
648.0 1.5744064038591965e-10
649.0 1.5744064038591965e-10
650.0 1.5744064038591965e-10
651.0 4.314656223414204e-05
652.0 0.00031413462693308247
653.0 0.0007722454029135406
654.0 0.0012303562471061014
655.0 0.0012162653547420632
656.0 0.001202174462378025
657.0 0.0017264599591726437
658.0 0.0022507456378662027
659.0 0.002795197178784292
660.0 0.0033396485378034413
661.0 0.0034696691727731377
662.0 0.003599689807742834
663.0 0.0032773536077002063
664.0 0.0029550174076575786
665.0 0.002373901952523738
666.0 0.001792786679288838
667.0 0.0015511455785599537
668.0 0.001309504295932129
669.0 0.0011860795893881004
670.0 0.0010626548828440718
671.0 0.0006053322522348026
672.0 0.00014800945109527675
673.0 0.00029585467018478084
674.0 0.0004436998551682336
675.0 0.0006060759460524423
676.0 0.0007684519914619159
677.0 0.0007651506166439503
678.0 0.000761849332775455
679.0 0.0012276937923161313
680.0 0.001693538433755748
681.0 0.0026137264285353012
682.0 0.0035339144233148545
683.0 0.00502982220496051
684.0 0.006525729259010404
685.0 0.007047811959637329
686.0 0.007569896843051538
687.0 0.007227856258396059
688.0 0.0068858171289321035
689.0 0.006169052358018234
690.0 0.005452288314700127
691.0 0.004953282405040227
692.0 0.004454276495380327
693.0 0.003616598405642435
694.0 0.002778920315904543
695.0 0.0022456386432168074
696.0 0.0017123573343269527
697.0 0.0012512246030382812
698.0 0.0007900917808001395
699.0 0.0008540517228539102
700.0 0.0009180110282613896
701.0 0.0007632685083081014
702.0 0.0006085257155064028
703.0 0.0005877423063793685
704.0 0.0005669592155754799
705.0 0.00039055407796695363
706.0 0.00021414898583316244
707.0 0.000524639608556754
708.0 0.0008351298674824648
709.0 0.0009411961400473956
710.0 0.001047262230713386
711.0 0.00073601518124633
712.0 0.0004247680863045389
713.0 0.0005419256012828555
714.0 0.0006590831162611721
715.0 0.0006681249942630529
716.0 0.0006771666903659934
717.0 0.0006378748366842046
718.0 0.0005985829830024159
719.0 0.0008140486897900701
720.0 0.0010295141692040488
721.0 0.00042853725972236134
722.0 1.5744064038591965e-10
723.0 0.0002734381041591405
724.0 0.0007193160399765475
725.0 0.00035410162126936484
726.0 1.5744064038591965e-10
727.0 7.000124355727166e-05
728.0 0.00015111523907762603
729.0 0.0003247734412070713
730.0 0.0004984317456546705
731.0 0.00031896379368845373
732.0 0.00013949598951512598
733.0 0.00014350127912621247
734.0 0.00014750664831808535
735.0 0.0002936159717137343
736.0 0.00043972531784675084
737.0 0.0002900502295233309
738.0 0.00014037505025044084
739.0 0.00047495523176621646
740.0 0.0008095353223325219
741.0 0.001004404384730151
742.0 0.0011992732652288396
743.0 0.0015008899936219677
744.0 0.0018025066310656257
745.0 0.002039918581431266
746.0 0.002277330531796906
747.0 0.0026466870622243732
748.0 0.0030160437745507807
749.0 0.003115732397418469
750.0 0.0032154213840840384
751.0 0.0032936524803517386
752.0 0.0033718839404173195
753.0 0.0031113660952541977
754.0 0.0028508484319900163
755.0 0.0028815977202611975
756.0 0.002912347008532379
757.0 0.00245942355832085
758.0 0.002006500471907202
759.0 0.0017263437257497571
760.0 0.001446186888642842
761.0 0.001247316595254233
762.0 0.0010484463018656243
763.0 0.000786741657066159
764.0 0.0005250370577414287
765.0 0.0006363291504385415
766.0 0.0007476211521861842
767.0 0.0009821372259466443
768.0 0.0012166537089797202
769.0 0.0009091300853469875
770.0 0.000601606643613195
771.0 0.0005139515906193992
772.0 0.0004262964921508683
773.0 0.0006161276360217016
774.0 0.0008059590072662104
775.0 0.0007795846613589674
776.0 0.0007532101790275192
777.0 0.0006044188921805471
778.0 0.0004556274234346347
779.0 0.00027375685931474436
780.0 9.188628951051214e-05
781.0 0.00039660008042119443
782.0 0.0007013140020717401
783.0 0.0009719858098833356
784.0 0.0012426573448465206
785.0 0.0012706844245258253
786.0 0.0012987114132556599
787.0 0.0009854327799985185
788.0 0.0006721541922161123
789.0 0.0005710456662200158
790.0 0.0004699370947491843
791.0 0.0005708516255253926
792.0 0.000671766247251071
793.0 0.00043860300138476305
794.0 0.00020543966456898488
795.0 7.73426265254784e-06
796.0 1.5744064038591965e-10
797.0 0.00016619404732409748
798.0 0.0005223591415415285
799.0 0.00026037237148557324
800.0 1.5744064038591965e-10
801.0 1.5744064038591965e-10
802.0 1.5744064038591965e-10
803.0 1.5744064038591965e-10
804.0 1.5744064038591965e-10
805.0 2.4264619469249737e-05
806.0 0.00017343478475595475
807.0 4.007572442787932e-05
808.0 1.5744064038591965e-10
809.0 0.00023901250187918777
810.0 0.0005713082828151528
811.0 0.0002731243512243964
812.0 1.5744064038591965e-10
813.0 3.634899599092023e-05
814.0 9.775749276741408e-05
815.0 0.00015927276990623795
816.0 0.0002207879333582241
817.0 0.00012655991667998023
818.0 3.233170389194129e-05
819.0 0.00025027559331647353
820.0 0.00046821951400488615
821.0 0.0003098095248788013
822.0 0.00015139962670218665
823.0 0.00010110773018823238
824.0 5.0815884833355085e-05
825.0 1.5744064038591965e-10
826.0 1.5744064038591965e-10
827.0 1.5744064038591965e-10
828.0 6.447220357586048e-05
829.0 1.5744064038591965e-10
830.0 1.5744064038591965e-10
831.0 1.5744064038591965e-10
832.0 1.5744064038591965e-10
833.0 1.5744064038591965e-10
834.0 1.5744064038591965e-10
835.0 1.5744064038591965e-10
836.0 1.5744064038591965e-10
837.0 1.5744064038591965e-10
838.0 1.5744064038591965e-10
839.0 1.5744064038591965e-10
840.0 1.5744064038591965e-10
841.0 1.5744064038591965e-10
842.0 1.5744064038591965e-10
843.0 1.5744064038591965e-10
844.0 1.5744064038591965e-10
845.0 1.5744064038591965e-10
846.0 1.5744064038591965e-10
847.0 1.5744064038591965e-10
848.0 1.5744064038591965e-10
849.0 1.5744064038591965e-10
850.0 1.5744064038591965e-10
851.0 1.5744064038591965e-10
852.0 3.4050108865812945e-05
853.0 2.5924282454070635e-05
854.0 1.779847025318304e-05
855.0 1.5744064038591965e-10
856.0 1.5744064038591965e-10
857.0 0.00021191947325860383
858.0 0.0006556046628247714
859.0 0.0008971283023129217
860.0 0.0011386519872758072
861.0 0.000989437467069365
862.0 0.0008402230378123932
863.0 0.0007856530828576069
864.0 0.0007310830824280856
865.0 0.001063358286046423
866.0 0.0013956331713416148
867.0 0.001592127955518663
868.0 0.0017886228306451812
869.0 0.0017089154425775632
870.0 0.0016292080545099452
871.0 0.0015364974387921393
872.0 0.0014437863683269825
873.0 0.0017977619791054167
