lsstCam/transmission_filter_detector/r12_s10/g_6/19700101T000000.ecsv
# %ECSV 1.0
# ---
# datatype:
# - {name: wavelength, unit: nm, datatype: float32}
# - {name: efficiency, unit: '%', datatype: float64}
# meta: !!omap
# - {MODE: DETECTOR}
# - {TYPE: transmission_filter_detector}
# - {CALIBDATE: '1970-01-01T00:00:00'}
# - {INSTRUME: LSSTCam}
# - {OBSTYPE: transmission_filter_detector}
# - {CALIBCLS: lsst.ip.isr.IntermediateFilterDetectorTransmissionCurve}
# - {SOURCE: Materion (DM-46256)}
# - {DETECTOR: 48}
# - {FILTER: g_6}
# - {CALIB_ID: 'calibDate=1970-01-01T00:00:00 filter=g_6 detector=48'}
# - {DATE: '2025-04-02T15:59:42.249372'}
# - {CALIB_CREATION_DATE: '2025-04-02'}
# - {CALIB_CREATION_TIME: '15:59:42'}
# - __serialized_columns__:
#     efficiency:
#       __class__: astropy.units.quantity.Quantity
#       unit: !astropy.units.Unit {unit: '%'}
#       value: !astropy.table.SerializedColumn {name: efficiency}
#     wavelength:
#       __class__: astropy.units.quantity.Quantity
#       unit: !astropy.units.Unit {unit: nm}
#       value: !astropy.table.SerializedColumn {name: wavelength}
# schema: astropy-2.0
wavelength efficiency
[from data line 608]
908.0 0.00040473396438756026
909.0 0.0003706421466631582
910.0 0.00036150181585981045
911.0 0.0003523614850564627
912.0 0.0004587002877087798
913.0 0.000565039135835832
914.0 0.00029697714580834145
915.0 2.8915215466440713e-05
916.0 0.000168328608651791
917.0 0.00030774199331062846
918.0 0.0003217178573322599
919.0 0.00033569374409125885
920.0 0.00032013804229791276
921.0 0.0003045823632419342
922.0 0.0004463034201762639
923.0 0.0005880245225853287
924.0 0.0005186195267015137
925.0 0.0004492145308176987
926.0 0.0005590909495367669
927.0 0.0006689674592053052
928.0 0.0006046766429790296
929.0 0.000540385872227489
930.0 0.0005795020570076304
931.0 0.0006186182417877717
932.0 0.0005416428848548094
933.0 0.00046466752792184707
934.0 0.0004889209321845556
935.0 0.0005131743364472641
936.0 0.0005558660177484853
937.0 0.0005985576990497066
938.0 0.0007292755526577821
939.0 0.0008599933607911225
940.0 0.0006667877187283011
941.0 0.00047358189476653934
942.0 0.0006763916644558776
943.0 0.0008792014341452159
944.0 0.0007667883437534329
945.0 0.0006543752988363849
946.0 0.0005644863904308295
947.0 0.0004745973910758039
948.0 0.0009033889000420459
949.0 0.0013321806363819633
950.0 0.001082015751308063
951.0 0.000831850957183633
952.0 0.0008592246558691841
953.0 0.0008865983545547351
954.0 0.0008576098480261862
955.0 0.0008286214324471075
956.0 0.000757720317778876
957.0 0.0006868189757369692
958.0 0.0007990357516973745
959.0 0.0009112523912335746
960.0 0.0007266629836522043
961.0 0.0005420734396466287
962.0 0.0006152979494800093
963.0 0.0006885223228891846
964.0 0.000797530901763821
965.0 0.0009065392987395171
966.0 0.0008698864803591277
967.0 0.0008332335710292682
968.0 0.0008113554940791801
969.0 0.0007894775080785621
970.0 0.0007579928023915272
971.0 0.0007265081421792274
972.0 0.0008214843546738848
973.0 0.0009164607035927474
974.0 0.0008850874110066798
975.0 0.0008537143912690226
976.0 0.0009401207535120193
977.0 0.0010265274795528967
978.0 0.0010384746019553859
979.0 0.0010504218153073452
980.0 0.0010529412065807264
981.0 0.0010554606888035778
982.0 0.0010247024874843191
983.0 0.0009939441952155903
984.0 0.0009878101081994828
985.0 0.0009816762940317858
986.0 0.001106805484596407
987.0 0.001231934584211558
988.0 0.0012238606359460391
989.0 0.0012157863238826394
990.0 0.001361472732241964
991.0 0.0015071591406012885
992.0 0.0013959674106445163
993.0 0.0012847758625866845
994.0 0.0012681910448009148
995.0 0.0012516062270151451
996.0 0.0012061791494488716
997.0 0.001160751980933128
998.0 0.001294840512855444
999.0 0.00142892895382829
1000.0 0.0013581672646978404
1001.0 0.0012874053027189802
1002.0 0.0011752286809496582
1003.0 0.0010630521501298063
1004.0 0.0010421901606605388
1005.0 0.0010213280802418012
1006.0 0.0012686055015365127
1007.0 0.0015158829228312243
1008.0 0.0015769954188726842
1009.0 0.0016381085515604354
1010.0 0.0018501326849218458
1011.0 0.002062157182081137
1012.0 0.0021221505448920652
1013.0 0.0021821439077029936
1014.0 0.0021987447325955145
1015.0 0.002215345921285916
1016.0 0.0026146259187953547
1017.0 0.003013905916304793
1018.0 0.003195810131728649
1019.0 0.0033777145290514454
1020.0 0.003437275518081151
1021.0 0.0034968361433129758
1022.0 0.003919821756426245
1023.0 0.004342807369539514
1024.0 0.004460105992620811
1025.0 0.0045774046157021075
1026.0 0.004760285446536727
1027.0 0.004943166277371347
1028.0 0.004935880133416504
1029.0 0.00492859362566378
1030.0 0.005069934195489623
1031.0 0.005211274401517585
1032.0 0.0056041240895865485
1033.0 0.005996973777655512
1034.0 0.005720483750337735
1035.0 0.005443994450615719
1036.0 0.005564981984207407
1037.0 0.005685969517799094
1038.0 0.005876022260054015
1039.0 0.006066075002308935
1040.0 0.00647218112135306
1041.0 0.006878285785205662
1042.0 0.007045669917715713
1043.0 0.0072130540502257645
1044.0 0.0075538257078733295
1045.0 0.007894595910329372
1046.0 0.008867984433891252
1047.0 0.009841371502261609
1048.0 0.01149212330346927
1049.0 0.01314287364948541
1050.0 0.01559379743412137
1051.0 0.018044718308374286
1052.0 0.021821937116328627
1053.0 0.02559916174504906
1054.0 0.030720431823283434
1055.0 0.03584170190151781
1056.0 0.04270817153155804
1057.0 0.04957462660968304
1058.0 0.05762859364040196
1059.0 0.06568254320882261
1060.0 0.07344969781115651
1061.0 0.08121682913042605
1062.0 0.08908378658816218
1063.0 0.09695071494206786
1064.0 0.1039889408275485
1065.0 0.11102714342996478
1066.0 0.11848325375467539
1067.0 0.1259393524378538
1068.0 0.13421669136732817
1069.0 0.1424940535798669
1070.0 0.15216489555314183
1071.0 0.16183574916794896
1072.0 0.17245771596208215
1073.0 0.1830796361900866
1074.0 0.1937957713380456
1075.0 0.2045119646936655
1076.0 0.21551826503127813
1077.0 0.22652456536889076
1078.0 0.2387996530160308
1079.0 0.25107471738010645
1080.0 0.26750718243420124
1081.0 0.28393969405442476
1082.0 0.31220747623592615
1083.0 0.34047525841742754
1084.0 0.38119060918688774
1085.0 0.4219059832394123
1086.0 0.45922924764454365
1087.0 0.496552512049675
1088.0 0.563163124024868
1089.0 0.629773736000061
1090.0 0.7101839408278465
1091.0 0.7905940525233746
1092.0 0.8269013836979866
1093.0 0.8632082492113113
1094.0 0.9117691777646542
1095.0 0.9603296406567097
1096.0 1.0255972854793072
1097.0 1.0908650234341621
1098.0 1.1500445194542408
1099.0 1.2092242948710918
1100.0 1.4333545230329037
1101.0 1.6574844717979431
