lsstCam/transmission_filter_detector/r12_s10/g_6/19700101T000000.ecsv
# %ECSV 1.0
# ---
# datatype:
# - {name: wavelength, unit: nm, datatype: float32}
# - {name: efficiency, unit: '%', datatype: float64}
# meta: !!omap
# - {MODE: DETECTOR}
# - {TYPE: transmission_filter_detector}
# - {CALIBDATE: '1970-01-01T00:00:00'}
# - {INSTRUME: LSSTCam}
# - {OBSTYPE: transmission_filter_detector}
# - {CALIBCLS: lsst.ip.isr.IntermediateFilterDetectorTransmissionCurve}
# - {SOURCE: Materion (DM-46256)}
# - {DETECTOR: 48}
# - {FILTER: g_6}
# - {CALIB_ID: 'calibDate=1970-01-01T00:00:00 filter=g_6 detector=48'}
# - {DATE: '2025-04-02T15:59:42.249372'}
# - {CALIB_CREATION_DATE: '2025-04-02'}
# - {CALIB_CREATION_TIME: '15:59:42'}
# - __serialized_columns__:
#     efficiency:
#       __class__: astropy.units.quantity.Quantity
#       unit: !astropy.units.Unit {unit: '%'}
#       value: !astropy.table.SerializedColumn {name: efficiency}
#     wavelength:
#       __class__: astropy.units.quantity.Quantity
#       unit: !astropy.units.Unit {unit: nm}
#       value: !astropy.table.SerializedColumn {name: wavelength}
# schema: astropy-2.0
wavelength efficiency
300.0 0.5034314002841711
301.0 0.37296032533049583
302.0 0.2424891572445631
303.0 0.21836599335074425
304.0 0.19424278289079666
305.0 0.20490686874836683
306.0 0.21557093132287264
307.0 0.22041904740035534
308.0 0.22526716347783804
309.0 0.22235647775232792
310.0 0.21944581530988216
311.0 0.21395196672528982
312.0 0.20845814142376184
313.0 0.20440362859517336
314.0 0.20034911576658487
315.0 0.1890024053864181
316.0 0.1776557182893157
317.0 0.17767115496098995
318.0 0.17768662655726075
319.0 0.16105201793834567
320.0 0.14441737439483404
321.0 0.13951431028544903
322.0 0.13461124617606401
323.0 0.11489702155813575
324.0 0.0951828493271023
325.0 0.08731964626349509
326.0 0.07945644319988787
327.0 0.07217067759484053
328.0 0.06488491198979318
329.0 0.06185916718095541
330.0 0.05883341655135155
331.0 0.054917915258556604
332.0 0.05100241978652775
333.0 0.0471156818093732
334.0 0.04322894383221865
335.0 0.041771025280468166
336.0 0.04031310090795159
337.0 0.04147309809923172
338.0 0.042633089469745755
339.0 0.04069206479471177
340.0 0.03875104303006083
341.0 0.03725184069480747
342.0 0.03575264126993716
343.0 0.032378098694607615
344.0 0.029003556119278073
345.0 0.02576770493760705
346.0 0.02253185084555298
347.0 0.02111435605911538
348.0 0.019696858362294734
349.0 0.018050469225272536
350.0 0.8905678987503052
351.0 1.3614464551210403
352.0 0.7997596636414528
353.0 0.9238447993993759
354.0 0.6819481030106544
355.0 0.948181189596653
356.0 0.630375649780035
357.0 1.0617082007229328
358.0 0.5968895275145769
359.0 0.9793596342206001
360.0 0.45791114680469036
361.0 0.9330593980848789
362.0 0.7082124706357718
363.0 0.9005814790725708
364.0 0.6238989066332579
365.0 0.8064301684498787
366.0 0.6129663437604904
367.0 0.7395029999315739
368.0 0.4532816354185343
369.0 0.6144307088106871
370.0 0.4543615039438009
371.0 0.6550210062414408
372.0 0.44474080204963684
373.0 0.662018870934844
374.0 0.5118134431540966
375.0 0.4897814244031906
376.0 0.34734071232378483
377.0 0.5737294442951679
378.0 0.40604383684694767
379.0 0.6291152909398079
380.0 0.4002825357019901
381.0 0.5192649085074663
382.0 0.5825508385896683
383.0 0.5791834555566311
384.0 0.5866382736712694
385.0 0.6485299672931433
386.0 0.6651797331869602
387.0 0.7858733646571636
388.0 0.9009541012346745
389.0 1.173902302980423
390.0 1.7109503969550133
391.0 2.65240091830492
392.0 4.244114086031914
393.0 6.706736981868744
394.0 10.152985900640488
395.0 14.773914217948914
396.0 20.468434691429138
397.0 27.744999527931213
398.0 36.18188202381134
399.0 45.537444949150085
400.0 55.02355098724365
401.0 64.21709656715393
402.0 72.68682718276978
403.0 79.94763851165771
404.0 85.33017635345459
405.0 89.35819268226624
406.0 91.64073467254639
407.0 93.50512623786926
408.0 94.62358355522156
409.0 95.18580436706543
410.0 95.30014395713806
411.0 95.19520401954651
412.0 94.73859071731567
413.0 94.57547664642334
414.0 94.376540184021
415.0 94.57294940948486
416.0 94.97098326683044
417.0 95.28929591178894
418.0 95.88325023651123
419.0 96.3911235332489
420.0 96.90828919410706
421.0 97.5293755531311
422.0 97.6464331150055
423.0 97.90311455726624
424.0 97.6498007774353
425.0 97.61540293693542
426.0 97.53100872039795
427.0 97.51264452934265
428.0 97.31376767158508
429.0 97.11943864822388
430.0 96.97984457015991
431.0 97.03059196472168
432.0 96.9747245311737
433.0 97.06651568412781
434.0 97.14965224266052
435.0 97.41921424865723
436.0 97.38015532493591
437.0 97.42263555526733
438.0 97.41986393928528
439.0 97.55266308784485
440.0 97.51008749008179
441.0 97.61759638786316
442.0 97.61834740638733
443.0 97.65715003013611
444.0 97.50432968139648
445.0 97.28763699531555
446.0 97.17327356338501
447.0 96.98570966720581
448.0 97.05821871757507
449.0 97.22169041633606
450.0 97.52644896507263
451.0 97.71903157234192
452.0 97.89564609527588
453.0 98.01527857780457
454.0 98.02374839782715
455.0 98.30914735794067
456.0 98.35445284843445
457.0 98.479562997818
458.0 98.48743677139282
459.0 98.52990508079529
460.0 98.64869713783264
461.0 98.73835444450378
462.0 98.70518445968628
463.0 98.62669110298157
464.0 98.71397018432617
465.0 98.6049234867096
466.0 98.611319065094
467.0 98.65536093711853
468.0 98.70412945747375
469.0 98.7037718296051
470.0 98.60742688179016
471.0 98.462575674057
472.0 98.49389791488647
473.0 98.39667081832886
474.0 98.23497533798218
475.0 98.26098680496216
476.0 98.2742965221405
477.0 98.30406904220581
478.0 98.41797351837158
479.0 98.36795330047607
480.0 98.5460877418518
481.0 98.63278269767761
482.0 98.78875613212585
483.0 98.69896173477173
484.0 98.87353181838989
485.0 98.89370799064636
486.0 98.85172247886658
487.0 98.97444248199463
488.0 98.92942905426025
489.0 98.99352788925171
490.0 98.91325235366821
491.0 98.9329993724823
492.0 98.8614559173584
493.0 98.82326126098633
494.0 98.7750768661499
495.0 98.88420104980469
496.0 98.6976683139801
497.0 98.56312274932861
498.0 98.42865467071533
499.0 98.42357635498047
500.0 98.38128685951233
501.0 98.3015775680542
502.0 98.20948839187622
503.0 98.35594296455383
504.0 98.19616675376892
505.0 98.2435405254364
506.0 98.2539176940918
507.0 98.27975630760193
508.0 98.26918244361877
509.0 98.24249148368835
510.0 98.1928288936615
511.0 98.17355275154114
512.0 98.04161787033081
513.0 98.12278151512146
514.0 98.14649820327759
515.0 98.1322705745697
516.0 98.29038381576538
517.0 98.28704595565796
518.0 98.34056496620178
519.0 98.36329221725464
520.0 98.38463068008423
521.0 98.57583045959473
522.0 98.54231476783752
523.0 98.52589964866638
524.0 98.55840802192688
525.0 98.58962893486023
526.0 98.67283701896667
527.0 98.71011972427368
528.0 98.79758954048157
529.0 98.90214204788208
530.0 98.88462424278259
531.0 98.99288415908813
532.0 98.87547492980957
533.0 98.9037036895752
534.0 98.86881709098816
535.0 98.68296980857849
536.0 98.37742447853088
537.0 97.74941802024841
538.0 96.94422483444214
539.0 95.53936719894409
540.0 93.79693865776062
541.0 91.05335474014282
542.0 88.20358514785767
543.0 84.50970649719238
544.0 79.75969314575195
545.0 75.6754219532013
546.0 70.57755589485168
547.0 65.96959829330444
548.0 61.415332555770874
549.0 57.27991461753845
550.0 54.00572419166565
551.0 50.914156436920166
552.0 48.58367145061493
553.0 46.056702733039856
554.0 43.15409064292908
555.0 39.95403051376343
556.0 35.63531041145325
557.0 30.65921664237976
558.0 25.212115049362183
559.0 19.859136641025543
560.0 14.695286750793457
561.0 9.96832475066185
562.0 6.357333809137344
563.0 3.72917503118515
564.0 2.0446447655558586
565.0 1.0011252015829086
566.0 0.5324580706655979
567.0 0.26861224323511124
568.0 0.16619128873571754
569.0 0.10346075287088752
570.0 0.07555514457635581
571.0 0.05499650724232197
572.0 0.04699694400187582
573.0 0.037440890446305275
574.0 0.046003260649740696
575.0 0.027404361753724515
576.0 0.04973798641003668
577.0 0.025379384169355035
578.0 0.033136087586171925
579.0 0.025884518981911242
580.0 0.03161385247949511
581.0 0.015392735076602548
582.0 0.029925181297585368
583.0 0.020898485672660172
584.0 0.02047862362815067
585.0 0.015255009930115193
586.0 0.022012839326635003
587.0 0.01704084425000474
588.0 0.01980740635190159
589.0 0.01624828000785783
590.0 0.024033353838603944
591.0 0.015470688231289387
592.0 0.02872457553166896
593.0 0.01881594507722184
594.0 0.01776714198058471
595.0 0.012139959289925173
596.0 0.0007107969395292457
597.0 0.022473254648502916
598.0 0.020642377785407007
599.0 0.00928704539546743
600.0 0.016285121091641486
601.0 0.0023916772988741286
602.0 0.0023962971681612544
603.0 0.00240091703744838
604.0 0.0022662245100946166
605.0 0.002131531982740853
606.0 0.002079601472360082
607.0 0.0020276711438782513
608.0 0.0018653170627658255
609.0 0.0017029633454512805
610.0 0.0019333641830598935
611.0 0.0021637648387695663
612.0 0.0020207242414471693
613.0 0.0018776840079226531
614.0 0.0019024482753593475
615.0 0.0019272129065939225
616.0 0.0019768045603996143
617.0 0.002026396214205306
618.0 0.0019260512999608181
619.0 0.0018257065676152706
620.0 0.0017331891285721213
621.0 0.0016406718714279123
622.0 0.0014275631656346377
623.0 0.0012144540960434824
624.0 0.0012746555512421764
625.0 0.0013348569154914003
626.0 0.0013221910194261
627.0 0.0013095254871586803
628.0 0.0013980597941554151
629.0 0.0014865943740005605
630.0 0.0014579099115508143
631.0 0.0014292249943537172
632.0 0.0015109603737073485
633.0 0.0015926952983136289
634.0 0.0015267816706909798
635.0 0.0014608674973715097
636.0 0.001419437012373237
637.0 0.0013780070730717853
638.0 0.001288203930016607
639.0 0.0011984007869614288
640.0 0.0010656276572262868
641.0 0.000932854072743794
642.0 0.0012170861737104133
643.0 0.001501318456575973
644.0 0.0014508676031255163
645.0 0.0014004165677761193
646.0 0.001353097650280688
647.0 0.0013057788237347268
648.0 0.0011524760338943452
649.0 0.000999172971205553
650.0 0.001228759174409788
651.0 0.001458344740967732
652.0 0.0011831508345494512
653.0 0.0009079568371817004
654.0 0.001064471962308744
655.0 0.0012209870874357875
656.0 0.00120437771329307
657.0 0.0011877684300998226
658.0 0.0010608864613459446
659.0 0.0009340049473394174
660.0 0.0009374601177114528
661.0 0.0009409151971340179
662.0 0.0010959343853755854
663.0 0.0012509539374150336
664.0 0.0012506049642979633
665.0 0.0012502559002314229
666.0 0.0010900252163992263
667.0 0.0009297942597186193
668.0 0.0010397170626674779
669.0 0.0011496397746668663
670.0 0.001140511449193582
671.0 0.0011313831237202976
672.0 0.001147050079453038
673.0 0.0011627168532868382
674.0 0.0011357106814102735
675.0 0.001108704509533709
676.0 0.001073432849807432
677.0 0.0010381609172327444
678.0 0.0010888898941630032
679.0 0.0011396190529922023
680.0 0.0011322536920488346
681.0 0.0011248882401559968
682.0 0.001140811036748346
683.0 0.0011567338333406951
684.0 0.001004375189950224
685.0 0.0008520165465597529
686.0 0.0009917483112076297
687.0 0.0011314801668049768
688.0 0.0011387095582904294
689.0 0.0011459391316748224
690.0 0.0010041211680800188
691.0 0.0008623032954346854
692.0 0.0008887885087460745
693.0 0.000915273903956404
694.0 0.0010254081644234248
695.0 0.0011355424248904455
696.0 0.0011413183528929949
697.0 0.0011470939170976635
698.0 0.001226358290296048
699.0 0.0013056227544439025
700.0 0.001189332760986872
701.0 0.0010730426765803713
702.0 0.0011722612725861836
703.0 0.0012714795957435854
704.0 0.0012329263881838415
705.0 0.0011943728168262169
706.0 0.001132871057052398
707.0 0.0010713693882280495
708.0 0.0010353015568398405
709.0 0.0009992339073505718
710.0 0.0011831150004582014
711.0 0.0013669961845153011
712.0 0.0012181446436443366
713.0 0.0010692932846723124
714.0 0.0012113197954022326
715.0 0.001353346488031093
716.0 0.0015685907783336006
717.0 0.001783835432433989
718.0 0.0019726674509001896
719.0 0.0021614991055685095
720.0 0.0018482442101230845
721.0 0.0015349893146776594
722.0 0.0016780519217718393
723.0 0.0018211150745628402
724.0 0.001861582677520346
725.0 0.0019020502804778516
726.0 0.0019979002900072373
727.0 0.002093750299536623
728.0 0.0020582265278790146
729.0 0.002022702574322466
730.0 0.0019753226297325455
731.0 0.0019279423213447444
732.0 0.0018709291907725856
733.0 0.001813916242099367
734.0 0.0015766738215461373
735.0 0.0013394314919423778
736.0 0.0012453721865313128
737.0 0.0011513126992213074
738.0 0.0010307155207556207
739.0 0.0009101182513404638
740.0 0.0008208240615203977
741.0 0.0007315296898013912
742.0 0.0007079782335495111
743.0 0.0006844267772976309
744.0 0.0008137843906297348
745.0 0.0009431421858607791
746.0 0.0009799863619264215
747.0 0.001016830628941534
748.0 0.0011057632036681753
749.0 0.0011946959602937568
750.0 0.0009980400136555545
751.0 0.0008013845217647031
752.0 0.0007301601272047265
753.0 0.0006589359600184252
754.0 0.0007361583811871242
755.0 0.000813380756881088
756.0 0.0008547173820261378
757.0 0.0008960539162217174
758.0 0.0008724666258785874
759.0 0.0008488796993333381
760.0 0.0007292208010767354
761.0 0.0006095618573453976
762.0 0.000651536993245827
763.0 0.000693511901772581
764.0 0.0008521480594936293
765.0 0.0010107843991136178
766.0 0.0008443964361504186
767.0 0.0006780085641366895
768.0 0.0005491223873832496
769.0 0.00042023616515507456
770.0 0.0004242349405103596
771.0 0.00042823367039090954
772.0 0.0005573270300374134
773.0 0.0006864204806333873
774.0 0.0007934842869872227
775.0 0.0009005482752399985
776.0 0.0009060629963641986
777.0 0.0009115776265389286
778.0 0.0007043503956083441
779.0 0.0004971232101524947
780.0 0.00043792410906462464
781.0 0.0003787249170272844
782.0 0.00048304755182471126
783.0 0.0005873700501979329
784.0 0.0007460329015884781
785.0 0.0009046956620295532
786.0 0.0007720623216300737
787.0 0.0006394293450284749
788.0 0.0004942955001752125
789.0 0.0003491618144835229
790.0 0.00022404658466257388
791.0 9.893130936688976e-05
792.0 0.0001929506197484443
793.0 0.00028696993012999883
794.0 0.00035071179809165187
795.0 0.00041445368879067246
796.0 0.000509731626152643
797.0 0.0006050096089893486
798.0 0.0005929238341195742
799.0 0.0005808381047245348
800.0 0.0006047364422556711
801.0 0.0006286349616857478
802.0 0.0005806564786325907
803.0 0.000532678177478374
804.0 0.0004930928298563231
805.0 0.00045350766413321253
806.0 0.00038517123357451055
807.0 0.00031683484849054366
808.0 0.0004673973307944834
809.0 0.0006179598130984232
810.0 0.00046100585677777417
811.0 0.00030405185498239007
812.0 0.00030088838229858084
813.0 0.00029772493235213915
814.0 0.000354180451722641
815.0 0.0004106359483557753
816.0 0.00047345811253762804
817.0 0.0005362800948205404
818.0 0.0003832075890386477
819.0 0.0002301351287314901
820.0 0.00044478965719463304
821.0 0.0006594440947083058
822.0 0.0005170784788788296
823.0 0.00037471286304935347
824.0 0.00042961391955032013
825.0 0.0004845149305765517
826.0 0.0006306097020569723
827.0 0.0007767043825879227
828.0 0.0006113057679613121
829.0 0.00044590710785996635
830.0 0.00037104061902937246
831.0 0.00029617415293614613
832.0 0.00041651519495644607
833.0 0.0005368561232899083
834.0 0.0005128913016960723
835.0 0.0004889264801022364
836.0 0.0004815056854567956
837.0 0.00047408498176082503
838.0 0.0004455448106455151
839.0 0.00041700473047967535
840.0 0.0005252155006019166
841.0 0.0006334261797746876
842.0 0.00040911736505222507
843.0 0.0001848084366429248
844.0 0.0002399846835032804
845.0 0.00029516090762626845
846.0 0.00046669315452163573
847.0 0.0006382255378412083
848.0 0.000559101817998453
849.0 0.000479978189105168
850.0 0.0005848895398230525
851.0 0.0006898008450662019
852.0 0.0007283309969352558
853.0 0.0007668606485822238
854.0 0.0006461722023232142
855.0 0.0005254836196399992
856.0 0.0005607098501059227
857.0 0.0005959361260465812
858.0 0.0006495170055131894
859.0 0.0007030977940303273
860.0 0.0006767860668333014
861.0 0.0006504742032120703
862.0 0.0005724788479710696
863.0 0.0004944835382048041
864.0 0.0004625994279194856
865.0 0.00043071531763416715
866.0 0.00042621886677807197
867.0 0.0004217224613967119
868.0 0.0005528034307644702
869.0 0.0006838844456069637
870.0 0.0005504932687472319
871.0 0.00041710195546329487
872.0 0.0003496585804896313
873.0 0.0002822151145664975
874.0 0.00036692392768600257
875.0 0.00045163269533077255
876.0 0.0006213107099029003
877.0 0.0007909886335255578
878.0 0.0007573034508823184
879.0 0.000723618268239079
880.0 0.0006589417353097815
881.0 0.0005942655661783647
882.0 0.0006095577646192396
883.0 0.0006248503268579952
884.0 0.0006050910997146275
885.0 0.0005853321454196703
886.0 0.0006126501830294728
887.0 0.0006399684480129508
888.0 0.0005515703378478065
889.0 0.00046317236410686746
890.0 0.000533197862750967
891.0 0.000603223588768742
892.0 0.000576337743041222
893.0 0.000549451942788437
894.0 0.0005356605470296927
895.0 0.0005218691057962133
896.0 0.0002588909865153255
897.0 1.590179051803864e-10
898.0 0.00017160411971417489
899.0 0.0003472953494565445
900.0 0.00033885330594785046
901.0 0.0003304112624391564
902.0 0.0004491130766837159
903.0 0.000567814959140378
904.0 0.0003283903197370819
905.0 8.896565759641817e-05
906.0 0.00026389579943497665
