comCamSim/transmission_sensor/r22_s12/19700101T000000.ecsv
# %ECSV 1.0
# ---
# datatype:
# - {name: amp_name, datatype: string}
# - {name: wavelength, unit: nm, datatype: float32}
# - {name: efficiency, unit: '%', datatype: float64}
# meta: !!omap
# - {MODE: AMP}
# - {TYPE: transmission_sensor}
# - {CALIBDATE: '1970-01-01T00:00:00'}
# - {INSTRUME: comCamSim}
# - {OBSTYPE: transmission_sensor}
# - {DETECTOR: 5}
# - {PARQUETFILE: qe_raft_allvalues_nircorrected_20230725.parquet}
# - {CALIBCLS: lsst.ip.isr.IntermediateSensorTransmissionCurve}
# - {CALIB_ID: 'raftName=R22 detectorName=S12 detector=5 calibDate=1970-01-01T00:00:00 ccd=5 ccdnum=5 filter=None'}
# - {DATE: '2024-02-21T16:42:25.602453'}
# - {CALIB_CREATION_DATE: '2024-02-21'}
# - {CALIB_CREATION_TIME: '16:42:25'}
# - __serialized_columns__:
#     efficiency:
#       __class__: astropy.units.quantity.Quantity
#       unit: !astropy.units.Unit {unit: '%'}
#       value: !astropy.table.SerializedColumn {name: efficiency}
#     wavelength:
#       __class__: astropy.units.quantity.Quantity
#       unit: !astropy.units.Unit {unit: nm}
#       value: !astropy.table.SerializedColumn {name: wavelength}
# schema: astropy-2.0
amp_name wavelength efficiency
C00 319.994 46.4668499915882
C00 324.969 46.5545728230191
C00 349.982 50.424925239504894
C00 374.975 63.975795687586924
C00 400.019 79.69675840461007
C00 424.965 85.63941270517444
C00 450.035 86.55014993068275
C00 475.003 87.16641428359647
C00 500.018 86.54124495558983
C00 525.002 85.92697193785615
C00 550.029 86.35186082322605
C00 575.023 87.09565354809294
C00 599.982 88.24763720949632
C00 619.997 89.10643250323666
C00 624.979 89.44360094264894
C00 650.012 90.82372818212649
C00 675.004 92.09419298967443
C00 700.03 93.24782456990832
C00 725.012 94.25904137147491
C00 750.022 95.64481847336496
C00 774.987 97.53468402750573
C00 799.976 97.99218857245891
C00 824.988 98.11029360948979
C00 850.022 96.97744122464509
C00 869.967 94.80127065682271
C00 875.002 93.70362078869856
C00 899.999 87.28573990879363
C00 919.999 79.57137065925653
C00 925.012 76.76679849771773
C00 949.965 64.03661281843097
C00 975.002 48.89142596421804
C00 999.976 31.483021541790283
C00 1025.028 15.794384464658169
C00 1050.014 6.40055389467109
C00 1075.002 0.8173085392295826
C00 1099.99 0.08856312480514272
C01 319.994 46.71595356456179
C01 324.969 46.713326440436425
C01 349.982 50.24258526695734
C01 374.975 63.62037302461188
C01 400.019 79.553905735398
C01 424.965 85.77138011303981
C01 450.035 86.88661116688827
C01 475.003 87.64627381503314
C01 500.018 87.0685003049862
C01 525.002 86.4239164071209
C01 550.029 86.77198298142547
C01 575.023 87.41205493282507
C01 599.982 88.44987573339681
C01 619.997 89.22795547644125
C01 624.979 89.55448834296084
C01 650.012 90.86733293320202
C01 675.004 92.10798597027895
C01 700.03 93.2525695395777
C01 725.012 94.2923358825754
C01 750.022 95.74137542971006
C01 774.987 97.68900139471631
C01 799.976 98.19328089884877
C01 824.988 98.31713389337432
C01 850.022 97.20935205310529
C01 869.967 95.05013456502645
C01 875.002 93.97751681446323
C01 899.999 87.60908708047484
C01 919.999 79.8344766939067
C01 925.012 76.99387379117115
C01 949.965 64.16486841318937
C01 975.002 49.06572644155255
C01 999.976 31.742221665386975
C01 1025.028 15.984448277657028
C01 1050.014 6.501735152499179
C01 1075.002 0.8181331568484972
C01 1099.99 0.08865247993799047
C02 319.994 46.77073201129655
C02 324.969 46.687232849684754
C02 349.982 49.84898280566058
C02 374.975 62.98460378782612
C02 400.019 79.08349605764175
C02 424.965 85.54938789217688
C02 450.035 86.86197273288133
C02 475.003 87.73157393827442
C02 500.018 87.18408221252798
C02 525.002 86.5175276257596
C02 550.029 86.78461576943651
C02 575.023 87.35592152632417
C02 599.982 88.31008603282406
C02 619.997 89.03888672676922
C02 624.979 89.35336911322648
C02 650.012 90.60522214105404
C02 675.004 91.84851413370143
C02 700.03 92.99837147695261
C02 725.012 94.06143312705287
C02 750.022 95.59340839761167
C02 774.987 97.59192315782326
C02 799.976 98.15828295952059
C02 824.988 98.27285562063386
C02 850.022 97.1945659955813
C02 869.967 95.06426037109568
C02 875.002 93.99710279290773
C02 899.999 87.62480912824883
C02 919.999 79.82568268616798
C02 925.012 76.96366915459002
C02 949.965 64.22528429096275
C02 975.002 49.173229731681246
C02 999.976 31.849299075277038
C02 1025.028 16.04352382615606
C02 1050.014 6.523068975643768
C02 1075.002 0.8168681302211588
C02 1099.99 0.08851540231589147
C03 319.994 46.803811018641895
C03 324.969 46.64004480174791
C03 349.982 49.46339468909831
C03 374.975 62.36909174002513
C03 400.019 78.57149773320057
C03 424.965 85.2639758924513
C03 450.035 86.73381479500347
C03 475.003 87.6771861257705
C03 500.018 87.1348523143177
C03 525.002 86.44628036492345
C03 550.029 86.65341622273645
C03 575.023 87.18956045420141
C03 599.982 88.10126107974106
C03 619.997 88.80574485315583
C03 624.979 89.1138895375546
C03 650.012 90.33351156698038
C03 675.004 91.57420068258887
C03 700.03 92.73422722790512
C03 725.012 93.83975097471867
C03 750.022 95.43736253034149
C03 774.987 97.50770215655173
C03 799.976 98.11042174249195
C03 824.988 98.2216410028781
C03 850.022 97.1725459806109
C03 869.967 95.0582129014047
C03 875.002 93.97894261366034
C03 899.999 87.59554374344107
C03 919.999 79.73692741364184
C03 925.012 76.86722766149113
C03 949.965 64.22617184912615
C03 975.002 49.24925323440543
C03 999.976 31.88313221560465
C03 1025.028 16.05973011151351
C03 1050.014 6.525810510760054
C03 1075.002 0.8155341261065262
C03 1099.99 0.08837085032943341
C04 319.994 47.02658693702581
C04 324.969 46.776870144230486
C04 349.982 49.2552553803671
C04 374.975 61.911941902027735
C04 400.019 78.19013696020441
C04 424.965 85.10566405867937
C04 450.035 86.7464348522367
C04 475.003 87.76393880986876
C04 500.018 87.23181124589938
C04 525.002 86.52164467935575
C04 550.029 86.70359667577729
C04 575.023 87.21593292161758
C04 599.982 88.10539478993564
C04 619.997 88.79550556558847
C04 624.979 89.10083588773449
C04 650.012 90.30798104646829
C04 675.004 91.54982951153183
C04 700.03 92.71915586591037
C04 725.012 93.86892548010763
C04 750.022 95.52831236312541
C04 774.987 97.6616606816755
C04 799.976 98.30794520006876
C04 824.988 98.43226959827099
C04 850.022 97.40988795827433
C04 869.967 95.3452345381437
C04 875.002 94.27887073108171
C04 899.999 87.8948441313781
C04 919.999 79.95563056262196
C04 925.012 77.06929589270756
C04 949.965 64.4741652323927
C04 975.002 49.52252600288209
C04 999.976 32.098563698766455
C04 1025.028 16.14468849370304
C04 1050.014 6.57420120885387
C04 1075.002 0.8163108356027006
C04 1099.99 0.08845501416321871
C05 319.994 47.26486887413478
C05 324.969 46.929571980334096
C05 349.982 49.105007834912314
C05 374.975 61.54083981233946
C05 400.019 77.86199975290624
C05 424.965 84.99829346860105
C05 450.035 86.79004526123941
C05 475.003 87.86620060728362
C05 500.018 87.34282164166147
C05 525.002 86.60140205097723
C05 550.029 86.78771106933542
C05 575.023 87.27469675243393
C05 599.982 88.17125144089145
C05 619.997 88.86077340531287
C05 624.979 89.16919217899462
C05 650.012 90.40227172747201
C05 675.004 91.6214427892987
C05 700.03 92.8063674959396
C05 725.012 94.00712810712092
C05 750.022 95.69550381886206
C05 774.987 97.89711453519853
C05 799.976 98.5535984992085
C05 824.988 98.71746009139967
C05 850.022 97.72572784276207
C05 869.967 95.73797406854781
C05 875.002 94.68835275628517
C05 899.999 88.32333617780245
C05 919.999 80.26124217036195
C05 925.012 77.36783425379615
C05 949.965 64.76347479218006
C05 975.002 49.77793782794765
C05 999.976 32.3716853839335
C05 1025.028 16.23984259976404
C05 1050.014 6.6071594760278725
C05 1075.002 0.8177392305087263
C05 1099.99 0.08860979428634409
C06 319.994 47.36970768414777
C06 324.969 46.949123308742884
C06 349.982 48.80709851898024
C06 374.975 60.880180470535066
C06 400.019 77.0827773543509
C06 424.965 84.411917289876
C06 450.035 86.37420790162729
C06 475.003 87.51019458516697
C06 500.018 87.0158475160464
C06 525.002 86.2573252384231
C06 550.029 86.4722115724972
C06 575.023 86.94942621366991
C06 599.982 87.87690223973463
C06 619.997 88.59634228018224
C06 624.979 88.90316306554608
C06 650.012 90.18793784042629
C06 675.004 91.38731421508609
C06 700.03 92.58134643431042
C06 725.012 93.8240843109337
C06 750.022 95.48336382976164
C06 774.987 97.72507647684921
C06 799.976 98.36013510959324
C06 824.988 98.56902993042961
C06 850.022 97.61936973123836
C06 869.967 95.72718790991986
C06 875.002 94.70232558841684
C06 899.999 88.41799232685368
C06 919.999 80.24814133520732
C06 925.012 77.36323089249687
C06 949.965 64.68907127296342
C06 975.002 49.721169244566155
C06 999.976 32.473693597413195
C06 1025.028 16.231392189404698
C06 1050.014 6.57215867243128
C06 1075.002 0.8159264932512821
C06 1099.99 0.08841336702752543
C07 319.994 47.40437810853202
C07 324.969 46.918883266829255
C07 349.982 48.36024622780041
C07 374.975 59.714958752920786
C07 400.019 75.58310282302617
C07 424.965 83.22129027394055
C07 450.035 85.68102631500962
C07 475.003 87.1223835326196
C07 500.018 86.77394026540694
C07 525.002 86.08474632510968
C07 550.029 86.29752534938496
C07 575.023 86.81191642380813
C07 599.982 87.78193387742698
C07 619.997 88.53078493679152
C07 624.979 88.8454128647648
C07 650.012 90.14140109853932
C07 675.004 91.36808670827224
C07 700.03 92.56308134273048
C07 725.012 93.75680355345642
C07 750.022 95.39138411713995
C07 774.987 97.56629267089836
C07 799.976 98.21507786106194
C07 824.988 98.43367211198837
C07 850.022 97.5210030596162
C07 869.967 95.69409230464584
C07 875.002 94.7018228065947
C07 899.999 88.51875033807936
C07 919.999 80.35516996425697
C07 925.012 77.44417273207642
C07 949.965 64.60218689709254
C07 975.002 49.664166660428755
C07 999.976 32.50460820409321
C07 1025.028 16.209218146927466
C07 1050.014 6.575753009892187
C07 1075.002 0.8151407803168598
C07 1099.99 0.08832822758589197
C10 319.994 46.61103611982452
C10 324.969 46.71971023967758
C10 349.982 50.561457273708534
C10 374.975 64.05115542467168
C10 400.019 79.73840120317871
C10 424.965 85.59317773948679
C10 450.035 86.43881619704642
C10 475.003 87.03567624104811
C10 500.018 86.40823463798014
C10 525.002 85.85493500007325
C10 550.029 86.24108568152393
C10 575.023 87.06499811313147
C10 599.982 88.24812622512007
C10 619.997 89.12445791572503
C10 624.979 89.46867889490267
C10 650.012 90.81721349758203
C10 675.004 92.15783052615943
C10 700.03 93.31758474899003
C10 725.012 94.29628865558277
C10 750.022 95.70751145489645
C10 774.987 97.56455953996839
C10 799.976 98.06119437783165
C10 824.988 98.141430938487
C10 850.022 97.05165935559796
C10 869.967 94.94655284224721
C10 875.002 93.83679043370856
C10 899.999 87.4652848111114
C10 919.999 79.80416297732091
C10 925.012 76.98876928634006
C10 949.965 64.29357810747324
C10 975.002 49.0982492037548
C10 999.976 31.718108646747726
C10 1025.028 16.00458151841676
C10 1050.014 6.561480390161057
C10 1075.002 0.8178441900886493
C10 1099.99 0.0886211676513954
C11 319.994 46.821795903436964
C11 324.969 46.84253800817394
C11 349.982 50.36305356353719
C11 374.975 63.702630921539566
C11 400.019 79.57537308929508
C11 424.965 85.6954358093208
C11 450.035 86.72636614323876
C11 475.003 87.42514412082296
C11 500.018 86.82034455583381
C11 525.002 86.22435047582155
C11 550.029 86.55426751538364
C11 575.023 87.28421782718951
C11 599.982 88.37713465936278
C11 619.997 89.19571391023213
C11 624.979 89.52988312802538
C11 650.012 90.83208014550841
C11 675.004 92.14383853473598
C11 700.03 93.30125110339732
C11 725.012 94.31480587682496
C11 750.022 95.77680329612916
C11 774.987 97.69674322186611
C11 799.976 98.22590726728828
C11 824.988 98.31915381802163
C11 850.022 97.25624021707735
C11 869.967 95.1703693946413
C11 875.002 94.0828983835422
C11 899.999 87.75540664400434
C11 919.999 80.04996956114464
C11 925.012 77.21144167590694
C11 949.965 64.32389957124128
C11 975.002 49.221721374039745
C11 999.976 31.97225205963949
C11 1025.028 16.131223068568353
C11 1050.014 6.657109755111219
C11 1075.002 0.8184358835194565
C11 1099.99 0.08868528324133941
C12 319.994 46.95171544598325
C12 324.969 46.88740193061873
C12 349.982 50.06903459278965
C12 374.975 63.213357956552315
C12 400.019 79.28195497543479
C12 424.965 85.66499830123963
C12 450.035 86.89441778044534
C12 475.003 87.7028404688225
C12 500.018 87.11740093182878
C12 525.002 86.49087027873202
C12 550.029 86.75438704012826
C12 575.023 87.4133587742725
C12 599.982 88.43277546830352
C12 619.997 89.20753784944681
C12 624.979 89.53054648523002
C12 650.012 90.78959307239234
C12 675.004 92.08744193035523
C12 700.03 93.25082819654199
C12 725.012 94.29147691459497
C12 750.022 95.83458336939752
C12 774.987 97.81500841175786
C12 799.976 98.4011962884103
C12 824.988 98.49173922883065
C12 850.022 97.4518827855863
C12 869.967 95.35506543725579
C12 875.002 94.26865750630662
C12 899.999 87.89010396341627
C12 919.999 80.13572376130055
C12 925.012 77.27588873409685
C12 949.965 64.43727308609719
C12 975.002 49.32825523246543
C12 999.976 32.06463067279529
C12 1025.028 16.17968037267795
C12 1050.014 6.678245488728742
C12 1075.002 0.8189290370823045
C12 1099.99 0.08873872110285468
C13 319.994 47.01228290622898
C13 324.969 46.87071425683408
C13 349.982 49.73330831781161
C13 374.975 62.680832623252364
C13 400.019 78.88879682777448
C13 424.965 85.50467058617197
C13 450.035 86.91280330739828
C13 475.003 87.79897427512202
C13 500.018 87.22066196423906
C13 525.002 86.56760694436304
C13 550.029 86.77446837001425
C13 575.023 87.3833931624024
C13 599.982 88.3524775747086
C13 619.997 89.09597227866077
C13 624.979 89.40925886391658
C13 650.012 90.63468750040967
C13 675.004 91.92527107571149
C13 700.03 93.09430503039657
C13 725.012 94.16967829556225
C13 750.022 95.78768187871177
C13 774.987 97.82470478304013
C13 799.976 98.4580756148053
C13 824.988 98.54626957195086
C13 850.022 97.5281612688171
C13 869.967 95.41276461635967
C13 875.002 94.32081924430193
C13 899.999 87.87304966346669
C13 919.999 80.07431720357134
C13 925.012 77.20260723136057
C13 949.965 64.46593639856775
C13 975.002 49.36042699353383
C13 999.976 32.05898401250811
C13 1025.028 16.159930990428006
C13 1050.014 6.656139056582815
C13 1075.002 0.8185276977967536
C13 1099.99 0.08869523218829012
C14 319.994 47.12456205896274
C14 324.969 46.898003866710724
C14 349.982 49.42251685786512
C14 374.975 62.11907185637481
C14 400.019 78.40206422507306
C14 424.965 85.24640016693377
C14 450.035 86.83271126040692
C14 475.003 87.80268133147574
C14 500.018 87.23816694904366
C14 525.002 86.55871349525403
C14 550.029 86.72832095551163
C14 575.023 87.29369341910392
C14 599.982 88.2274347515398
C14 619.997 88.9475407015217
C14 624.979 89.2572890656895
C14 650.012 90.46907977919886
C14 675.004 91.75064673635991
C14 700.03 92.93024618325377
C14 725.012 94.04415494811875
C14 750.022 95.72425653818455
C14 774.987 97.82759842454878
C14 799.976 98.50354223598517
C14 824.988 98.60576206958201
C14 850.022 97.61980149623778
C14 869.967 95.5165795127215
C14 875.002 94.42996792494378
C14 899.999 87.95373556594721
C14 919.999 80.12978654360658
C14 925.012 77.25980918591927
C14 949.965 64.62054352639437
C14 975.002 49.47365661644621
C14 999.976 32.180501140744475
C14 1025.028 16.209643429017444
C14 1050.014 6.648262753665234
C14 1075.002 0.8179852071772066
C14 1099.99 0.08863644818917779
C15 319.994 47.24703751427758
C15 324.969 46.932077206513846
C15 349.982 49.11329477640648
C15 374.975 61.510327963119884
C15 400.019 77.76753565977572
C15 424.965 84.81386715735933
C15 450.035 86.56615158442266
C15 475.003 87.62850264079866
C15 500.018 87.09348664156424
C15 525.002 86.39291967026945
C15 550.029 86.55416078090437
C15 575.023 87.08406300406324
C15 599.982 87.99652004582737
C15 619.997 88.7047537847087
C15 624.979 89.01497306610811
C15 650.012 90.22618386155924
C15 675.004 91.48811319487574
C15 700.03 92.67737884128915
C15 725.012 93.84267754704142
C15 750.022 95.53928249058248
C15 774.987 97.70832542283873
C15 799.976 98.3912111307204
C15 824.988 98.52138257582457
C15 850.022 97.57116354779438
C15 869.967 95.51718877272769
C15 875.002 94.4339976837272
C15 899.999 87.99919407112142
C15 919.999 80.17388643639308
C15 925.012 77.31716148353752
C15 949.965 64.68561048415576
C15 975.002 49.509007444926915
C15 999.976 32.31851188587272
C15 1025.028 16.24565708963711
C15 1050.014 6.627808065007836
C15 1075.002 0.8164042897531238
C15 1099.99 0.0884651408059616
C16 319.994 47.47965775123869
C16 324.969 47.08170033092668
C16 349.982 48.90146762294079
C16 374.975 60.886586186071675
C16 400.019 77.04991489692574
C16 424.965 84.36494648919069
C16 450.035 86.38097109464063
C16 475.003 87.60184209673636
C16 500.018 87.1340176496879
C16 525.002 86.43921927300157
C16 550.029 86.59840222256284
C16 575.023 87.10090681625029
C16 599.982 88.00534524966237
C16 619.997 88.70303199974573
C16 624.979 89.01032956567562
C16 650.012 90.22467576184683
C16 675.004 91.46987308789429
C16 700.03 92.65297722643487
C16 725.012 93.84315644069424
C16 750.022 95.53031109288463
C16 774.987 97.72617590792373
C16 799.976 98.39732809511614
C16 824.988 98.55140704067648
C16 850.022 97.62897460876931
C16 869.967 95.64788632664622
C16 875.002 94.56425569669257
C16 899.999 88.23863879777659
C16 919.999 80.37295276087382
C16 925.012 77.50652214662608
C16 949.965 64.73189423427324
C16 975.002 49.5621289593843
C16 999.976 32.43089259915023
C16 1025.028 16.253468196075474
C16 1050.014 6.596937218590352
C16 1075.002 0.8163276169991285
C16 1099.99 0.08845683258653733
C17 319.994 47.35587920620728
C17 324.969 46.939517426433206
C17 349.982 48.37027000007765
C17 374.975 59.555257094603995
C17 400.019 75.3428773309303
C17 424.965 82.9492689381832
C17 450.035 85.55975342947868
C17 475.003 87.16761718555614
C17 500.018 86.88770735168944
C17 525.002 86.33127886782432
C17 550.029 86.39479857945912
C17 575.023 86.95684749725727
C17 599.982 87.82869599644884
C17 619.997 88.49897000756435
C17 624.979 88.80500907364517
C17 650.012 89.89920181579224
C17 675.004 91.21197037508145
C17 700.03 92.37647628554002
C17 725.012 93.42293866257857
C17 750.022 95.15685377749257
C17 774.987 97.19204327915442
C17 799.976 97.96141187581286
C17 824.988 98.04363609612857
C17 850.022 97.13329323978647
C17 869.967 95.23826051582388
C17 875.002 94.2030707432396
C17 899.999 88.0313300545396
C17 919.999 80.21738034341251
C17 925.012 77.24421646288687
C17 949.965 64.42946395031849
C17 975.002 49.36607644035486
C17 999.976 32.27779912184531
C17 1025.028 16.127104183911175
C17 1050.014 6.532892660196013
C17 1075.002 0.813136424245503
C17 1099.99 0.08811103661286135
