lsstCam/transmission_filter_detector/r13_s02/g_6/19700101T000000.ecsv
# %ECSV 1.0
# ---
# datatype:
# - {name: wavelength, unit: nm, datatype: float32}
# - {name: efficiency, unit: '%', datatype: float64}
# meta: !!omap
# - {MODE: DETECTOR}
# - {TYPE: transmission_filter_detector}
# - {CALIBDATE: '1970-01-01T00:00:00'}
# - {INSTRUME: LSSTCam}
# - {OBSTYPE: transmission_filter_detector}
# - {CALIBCLS: lsst.ip.isr.IntermediateFilterDetectorTransmissionCurve}
# - {SOURCE: Materion (DM-46256)}
# - {DETECTOR: 56}
# - {FILTER: g_6}
# - {CALIB_ID: 'calibDate=1970-01-01T00:00:00 filter=g_6 detector=56'}
# - {DATE: '2025-04-02T15:59:42.286486'}
# - {CALIB_CREATION_DATE: '2025-04-02'}
# - {CALIB_CREATION_TIME: '15:59:42'}
# - __serialized_columns__:
#     efficiency:
#       __class__: astropy.units.quantity.Quantity
#       unit: !astropy.units.Unit {unit: '%'}
#       value: !astropy.table.SerializedColumn {name: efficiency}
#     wavelength:
#       __class__: astropy.units.quantity.Quantity
#       unit: !astropy.units.Unit {unit: nm}
#       value: !astropy.table.SerializedColumn {name: wavelength}
# schema: astropy-2.0
wavelength efficiency
300.0 0.5066692363470793
301.0 0.37247820291668177
302.0 0.2382871462032199
303.0 0.21512762177735567
304.0 0.19196808570995927
305.0 0.20008031278848648
306.0 0.2081925282254815
307.0 0.21491763181984425
308.0 0.22164271213114262
309.0 0.218982994556427
310.0 0.21632334683090448
311.0 0.2098404336720705
312.0 0.20335752051323652
313.0 0.20032217726111412
314.0 0.19728681072592735
315.0 0.18906767945736647
316.0 0.18084857147186995
317.0 0.1802405691705644
318.0 0.1796326134353876
319.0 0.16368587967008352
320.0 0.14773912262171507
321.0 0.14138763071969151
322.0 0.13503613881766796
323.0 0.1149059971794486
324.0 0.09477589628659189
325.0 0.08711186819709837
326.0 0.07944784010760486
327.0 0.07150519522838295
328.0 0.06356254452839494
329.0 0.06109009264037013
330.0 0.05861763493157923
331.0 0.05428791628219187
332.0 0.04995819763280451
333.0 0.046601443318650126
334.0 0.043244686094112694
335.0 0.04210761399008334
336.0 0.040970538975670934
337.0 0.041728062205947936
338.0 0.04248558252584189
339.0 0.04095808253623545
340.0 0.03943058254662901
341.0 0.03772497002501041
342.0 0.0360193575033918
343.0 0.03235727199353278
344.0 0.02869518648367375
345.0 0.02562655135989189
346.0 0.022557913325726986
347.0 0.02115115348715335
348.0 0.019744392193388194
349.0 0.01816262083593756
350.0 0.6993367336690426
351.0 1.354228612035513
352.0 0.7803064305335283
353.0 0.8799330331385136
354.0 0.7709059398621321
355.0 0.9138509631156921
356.0 0.6132360082119703
357.0 0.7683855015784502
358.0 0.6224628537893295
359.0 0.6620071828365326
360.0 0.48936079256236553
361.0 0.8002870716154575
362.0 0.4781851079314947
363.0 0.9220147505402565
364.0 0.47407178208231926
365.0 0.9068666025996208
366.0 0.4774820990860462
367.0 0.6575253792107105
368.0 0.589565746486187
369.0 0.6732739508152008
370.0 0.4750827793031931
371.0 0.6072911433875561
372.0 0.38552219048142433
373.0 0.6537437438964844
374.0 0.4417700693011284
375.0 0.5931658670306206
376.0 0.36817737855017185
377.0 0.49708783626556396
378.0 0.3331715241074562
379.0 0.5375681445002556
380.0 0.344864116050303
381.0 0.48694806173443794
382.0 0.537990964949131
383.0 0.5840920843183994
384.0 0.5762257613241673
385.0 0.6051224190741777
386.0 0.672724936157465
387.0 0.7075989153236151
388.0 0.8862228132784367
389.0 1.1723102070391178
390.0 1.719808205962181
391.0 2.650606632232666
392.0 4.219058156013489
393.0 6.689585745334625
394.0 10.124427080154419
395.0 14.711900055408478
396.0 20.451156795024872
397.0 27.64621376991272
398.0 36.09050214290619
399.0 45.347559452056885
400.0 54.724109172821045
401.0 63.77156972885132
402.0 72.13819622993469
403.0 79.27732467651367
404.0 84.48055982589722
405.0 88.41549158096313
406.0 90.60389995574951
407.0 92.44104623794556
408.0 93.42854022979736
409.0 93.96576285362244
410.0 94.15754675865173
411.0 94.04377341270447
412.0 93.68569254875183
413.0 93.4679925441742
414.0 93.32075119018555
415.0 93.4299647808075
416.0 93.7947690486908
417.0 94.11022663116455
418.0 94.66041326522827
419.0 95.15127539634705
420.0 95.72147130966187
421.0 96.26770615577698
422.0 96.39885425567627
423.0 96.66135311126709
424.0 96.46221995353699
425.0 96.34700417518616
426.0 96.30316495895386
427.0 96.3565468788147
428.0 96.18185758590698
429.0 96.03855013847351
430.0 95.83587050437927
431.0 95.94813585281372
432.0 95.95640301704407
433.0 96.02965116500854
434.0 96.13829851150513
435.0 96.31093144416809
436.0 96.31630778312683
437.0 96.31675481796265
438.0 96.34038209915161
439.0 96.46994471549988
440.0 96.44455313682556
441.0 96.5448796749115
442.0 96.55648469924927
443.0 96.53655290603638
444.0 96.48363590240479
445.0 96.22949361801147
446.0 96.06854915618896
447.0 95.86055278778076
448.0 95.90441584587097
449.0 96.02010250091553
450.0 96.23008370399475
451.0 96.44060730934143
452.0 96.67583703994751
453.0 96.7829167842865
454.0 96.85997366905212
455.0 97.1589744091034
456.0 97.27537631988525
457.0 97.38583564758301
458.0 97.3730981349945
459.0 97.44892120361328
460.0 97.44888544082642
461.0 97.56136536598206
462.0 97.51155376434326
463.0 97.39611744880676
464.0 97.56063222885132
465.0 97.44883179664612
466.0 97.40397930145264
467.0 97.4112331867218
468.0 97.4657952785492
469.0 97.49715328216553
470.0 97.34675288200378
471.0 97.25121855735779
472.0 97.28530645370483
473.0 97.16850519180298
474.0 97.08026647567749
475.0 97.14767932891846
476.0 97.12709784507751
477.0 97.23713397979736
478.0 97.29157090187073
479.0 97.25290536880493
480.0 97.42097854614258
481.0 97.51018285751343
482.0 97.69330024719238
483.0 97.60814905166626
484.0 97.73834347724915
485.0 97.82409071922302
486.0 97.83779978752136
487.0 97.88694977760315
488.0 97.90071249008179
489.0 98.00636172294617
490.0 97.91530966758728
491.0 97.95688390731812
492.0 97.89297580718994
493.0 97.91224002838135
494.0 97.86877632141113
495.0 97.95092940330505
496.0 97.75632619857788
497.0 97.6724624633789
498.0 97.46140241622925
499.0 97.51448631286621
500.0 97.43337035179138
501.0 97.41878509521484
502.0 97.3349392414093
503.0 97.48433232307434
504.0 97.26771116256714
505.0 97.33256101608276
506.0 97.35795259475708
507.0 97.28668928146362
508.0 97.29125499725342
509.0 97.30784296989441
510.0 97.22100496292114
511.0 97.24498391151428
512.0 97.11557626724243
513.0 97.21022248268127
514.0 97.20438122749329
515.0 97.27437496185303
516.0 97.3339319229126
517.0 97.33954668045044
518.0 97.38011360168457
519.0 97.38165140151978
520.0 97.45144248008728
521.0 97.58443236351013
522.0 97.55108952522278
523.0 97.48592972755432
524.0 97.5421130657196
525.0 97.53382205963135
526.0 97.6643443107605
527.0 97.61572480201721
528.0 97.70612120628357
529.0 97.79278039932251
530.0 97.8029191493988
531.0 97.9073703289032
532.0 97.81835079193115
533.0 97.80315160751343
534.0 97.85767197608948
535.0 97.6403534412384
536.0 97.31162786483765
537.0 96.80424928665161
538.0 95.98843455314636
539.0 94.67167854309082
540.0 92.97508001327515
541.0 90.43868780136108
542.0 87.66961693763733
543.0 84.111887216568
544.0 79.5247733592987
545.0 75.52039623260498
546.0 70.58705687522888
547.0 66.01495742797852
548.0 61.480551958084106
549.0 57.37391710281372
550.0 54.18164134025574
551.0 51.04534029960632
552.0 48.67731332778931
553.0 46.18014097213745
554.0 43.336036801338196
555.0 40.15827178955078
556.0 35.92213988304138
557.0 31.0361385345459
558.0 25.66494643688202
559.0 20.32322585582733
560.0 15.16624540090561
561.0 10.33337414264679
562.0 6.678237766027451
563.0 3.934204950928688
564.0 2.1728720515966415
565.0 1.062161847949028
566.0 0.5567851010710001
567.0 0.29321908950805664
568.0 0.18275311449542642
569.0 0.0982851954177022
570.0 0.0904273591004312
571.0 0.05600135773420334
572.0 0.05669686361216009
573.0 0.04153934132773429
574.0 0.0364793959306553
575.0 0.028846683562733233
576.0 0.03676195919979364
577.0 0.027184898499399424
578.0 0.027601790498010814
579.0 0.022918471950106323
580.0 0.030237340251915157
581.0 0.028716868837364018
582.0 0.015839609841350466
583.0 0.02439001837046817
584.0 0.02073003997793421
585.0 0.01634559885133058
586.0 0.027407769812271
587.0 0.018149301467929035
588.0 0.015882628213148564
589.0 0.008344814705196768
590.0 0.020971184130758047
591.0 0.014509845641441643
592.0 0.015422687283717096
593.0 0.010584810661384836
594.0 0.02144552709069103
595.0 0.013557645434048027
596.0 0.010626301082083955
597.0 0.004928509588353336
598.0 0.007463896326953545
599.0 1.623034063917561e-10
600.0 0.006680828664684668
601.0 0.0024819461032166146
602.0 0.002545798815845046
603.0 0.0026096513465745375
604.0 0.0023090484319254756
605.0 0.0020084453353774734
606.0 0.002034781573456712
607.0 0.0020611178115359508
608.0 0.0018939947040053084
609.0 0.0017268717783736065
610.0 0.0018333588741370477
611.0 0.0019398457880015485
612.0 0.0018558162992121652
613.0 0.0017717871742206626
614.0 0.0017654680050327443
615.0 0.0017591491996427067
616.0 0.0019009559764526784
617.0 0.00204276257136371
618.0 0.0018479713617125526
619.0 0.001653179970162455
620.0 0.0016135789337567985
621.0 0.001573977897351142
622.0 0.0014827407539996784
623.0 0.0013915033377998043
624.0 0.001412038727721665
625.0 0.0014325740266940556
626.0 0.0013396208487392869
627.0 0.0012466679436329287
628.0 0.0013793056496069767
629.0 0.0015119437193789054
630.0 0.001394514947605785
631.0 0.001277085902984254
632.0 0.0013736244000028819
633.0 0.0014701626241730992
634.0 0.0014121690583124291
635.0 0.0013541750377044082
636.0 0.001384974893881008
637.0 0.0014157753867038991
638.0 0.0012911118574265856
639.0 0.0011664484190987423
640.0 0.0010905721865128726
641.0 0.0010146956810785923
642.0 0.0012672360753640532
643.0 0.0015197767424979247
644.0 0.0013852737538400106
645.0 0.001250770492333686
646.0 0.0012506928214861546
647.0 0.0012506153325375635
648.0 0.001152051663666498
649.0 0.001053487812896492
650.0 0.0012486701052694116
651.0 0.00144385176099604
652.0 0.0011812503544206265
653.0 0.0009186490387946833
654.0 0.0010608996490191203
655.0 0.0012031504411424976
656.0 0.0011876322787429672
657.0 0.0011721140253939666
658.0 0.0010536061381571926
659.0 0.0009350986147182994
660.0 0.0009034873983182479
661.0 0.0008718760909687262
662.0 0.000983861718850676
663.0 0.001095847528631566
664.0 0.0011586226719373371
665.0 0.0012213974514452275
666.0 0.0011504634130687919
667.0 0.0010795291018439457
668.0 0.001153731227532262
669.0 0.001227933262271108
670.0 0.0011905563042091671
671.0 0.0011531793461472262
672.0 0.0011870918569911737
673.0 0.0012210040040372405
674.0 0.0011757861102523748
675.0 0.0011305681255180389
676.0 0.001042550411511911
677.0 0.0009545323337079026
678.0 0.0010494887646927964
679.0 0.0011444451956776902
680.0 0.001049081220116932
681.0 0.0009537172445561737
682.0 0.0010197898518526927
683.0 0.0010858623681997415
684.0 0.0009251137271348853
685.0 0.0007643649951205589
686.0 0.0009618173862691037
687.0 0.0011592698683671188
688.0 0.0011632080713752657
689.0 0.001167146456282353
690.0 0.0010384451343270484
691.0 0.000909743903321214
692.0 0.0009273460818803869
693.0 0.0009449484423385002
694.0 0.0010107728485309053
695.0 0.0010765971637738403
696.0 0.001118874115491053
697.0 0.0011611507943598554
698.0 0.0012597091881616507
699.0 0.0013582674910139758
700.0 0.0011390498912078328
701.0 0.0009198320185532793
702.0 0.001088236240320839
703.0 0.0012566402801894583
704.0 0.001245301518792985
705.0 0.0012339624845481012
706.0 0.0011612011803663336
707.0 0.0010884400580835063
708.0 0.0010872608982026577
709.0 0.0010860819202207495
710.0 0.0011365154932718724
711.0 0.001186949430120876
712.0 0.0011455846106400713
713.0 0.001104219973058207
714.0 0.0011656309652607888
715.0 0.0012270422303117812
716.0 0.0014202981219568755
717.0 0.0016135543773998506
718.0 0.0018607996025821194
719.0 0.002108044827764388
720.0 0.0017427892089472152
721.0 0.0013775335901300423
722.0 0.0015073062058945652
723.0 0.0016370793673559092
724.0 0.0016099604181363247
725.0 0.0015828416508156806
726.0 0.0017418029528926127
727.0 0.0019007642549695447
728.0 0.0020050971215823665
729.0 0.0021094299881951883
730.0 0.00203555518965004
731.0 0.001961680391104892
732.0 0.0018762139006867073
733.0 0.0017907477740664035
734.0 0.001589543535374105
735.0 0.001388339569530217
736.0 0.001220292779180454
737.0 0.001052245897881221
738.0 0.0010374706107540987
739.0 0.0010226953236269765
740.0 0.0008957465070125181
741.0 0.0007687974175496493
742.0 0.0007764120709907729
743.0 0.0007840267244318966
744.0 0.0008811160114419181
745.0 0.0009782056622498203
746.0 0.0009771634722710587
747.0 0.0009761213732417673
748.0 0.0011233628356421832
749.0 0.0012706044799415395
750.0 0.0010907820978900418
751.0 0.0009109600796364248
752.0 0.000804505998530658
753.0 0.0006980521902733017
754.0 0.0008439932571491227
755.0 0.0009899343240249436
756.0 0.0009423517440154683
757.0 0.0008947692549554631
758.0 0.0008717233868082985
759.0 0.0008486777915095445
760.0 0.0006964842668821802
761.0 0.000544290742254816
762.0 0.0006355423465720378
763.0 0.0007267938144650543
764.0 0.0008497821909259073
765.0 0.0009727707947604358
766.0 0.0008440803867415525
767.0 0.0007153900696721394
768.0 0.0005715780389436986
769.0 0.0004277660082152579
770.0 0.00035740815746976295
771.0 0.00028705032946163556
772.0 0.0004928892849420663
773.0 0.0006987283541093348
774.0 0.0008314053957292344
775.0 0.0009640824828238692
776.0 0.0008762141078477725
777.0 0.0007883456419222057
778.0 0.0007406086297123693
779.0 0.000692871662977268
780.0 0.0006582853075087769
781.0 0.0006236989065655507
782.0 0.0006007502179272706
783.0 0.0005778014383395202
784.0 0.0007212435320980148
785.0 0.0008646855349070393
786.0 0.0007735581675660796
787.0 0.0006824311185482657
788.0 0.00041970706661231816
789.0 0.00015698309425715706
790.0 0.000164922221301822
791.0 0.0001728613142404356
792.0 0.00024881112494767876
793.0 0.00032476095839228947
794.0 0.00026178079224337125
795.0 0.00019880064883182058
796.0 0.0003300078788015526
797.0 0.0004612151315086521
798.0 0.0004821689344680635
799.0 0.00050312278290221
800.0 0.0005453853646031348
801.0 0.0005876481282029999
802.0 0.0004623387212632224
803.0 0.0003370294507476501
804.0 0.00028625518098124303
805.0 0.00023548100216430612
806.0 0.00029706077384616947
807.0 0.0003586405455280328
808.0 0.0004046352387376828
809.0 0.0004506299774220679
810.0 0.00033515937047923217
811.0 0.0002196887407990289
812.0 0.00022986391741142143
813.0 0.00024003904854907887
814.0 0.0003302934828752768
815.0 0.00042054789446410723
816.0 0.0005036074526287848
817.0 0.0005866669198439922
818.0 0.0004019969310320448
819.0 0.00021732691948272986
820.0 0.00041202856664313003
821.0 0.0006067301455914276
822.0 0.000505627167513012
823.0 0.00040452418943459634
824.0 0.00044185940168972593
825.0 0.00047919452299538534
826.0 0.0005870026598131517
827.0 0.0006948107056814479
828.0 0.000581127551413374
829.0 0.0004674443516705651
830.0 0.00041218117985408753
831.0 0.00035691798530024244
832.0 0.0005022762707085349
833.0 0.0006476344879047247
834.0 0.0005336991762305843
835.0 0.00041976391003117897
836.0 0.00043346103666408453
837.0 0.0004471582542464603
838.0 0.00042960350583598483
839.0 0.00041204884837497957
840.0 0.0005501042778632836
841.0 0.0006881596618768526
842.0 0.0003468211389190401
843.0 5.482474207951782e-06
844.0 6.688965186185669e-05
845.0 0.00012829683555537486
846.0 0.0003970139459852362
847.0 0.0006657311587332515
848.0 0.0005852936283190502
849.0 0.000504856188854319
850.0 0.0004830546913581202
851.0 0.00046125314838718623
852.0 0.0005512866664503235
853.0 0.0006413198661903152
854.0 0.0006029527867212892
855.0 0.0005645855253533227
856.0 0.0005789387614640873
857.0 0.000593292088524322
858.0 0.0005619762760034064
859.0 0.0005306604634824907
860.0 0.0005545316525967792
861.0 0.0005784027962363325
862.0 0.0005499955022969516
863.0 0.0005215882538323058
864.0 0.0004538958819466643
865.0 0.0003862035555357579
866.0 0.0004296151473681675
867.0 0.00047302673920057714
868.0 0.0006160717930470128
869.0 0.0007591168014187133
870.0 0.0006171791937958915
871.0 0.0004752414042741293
872.0 0.0004038689894514391
873.0 0.00033249643820454367
874.0 0.0004078696747455979
875.0 0.0004832429112866521
876.0 0.0006053255219740095
877.0 0.0007274080417118967
878.0 0.0007390066457446665
879.0 0.0007506051588279661
880.0 0.0006971371021791128
881.0 0.0006436693638534052
882.0 0.0005524912467080867
883.0 0.0004613134024111787
884.0 0.0005240397513261996
885.0 0.000586766327614896
886.0 0.0006852074420748977
887.0 0.0007836488293833099
888.0 0.0006151447905722307
889.0 0.00044664084271062165
890.0 0.000553112113266252
891.0 0.0006595835657208227
892.0 0.0005818921181344194
893.0 0.0005042008069722215
894.0 0.0004940976396028418
895.0 0.00048399451770819724
896.0 0.00029026898573647486
897.0 9.65434082900174e-05
898.0 0.00026074521883856505
899.0 0.0004249469839123776
900.0 0.0003618669779825723
901.0 0.00029878697205276694
902.0 0.0005131833404448116
903.0 0.0007275797543115914
904.0 0.00039593433029949665
905.0 6.428882670661551e-05
906.0 0.00027799826511909487
