lsstCam/transmission_filter_detector/r13_s02/g_6/19700101T000000.ecsv
# %ECSV 1.0
# ---
# datatype:
# - {name: wavelength, unit: nm, datatype: float32}
# - {name: efficiency, unit: '%', datatype: float64}
# meta: !!omap
# - {MODE: DETECTOR}
# - {TYPE: transmission_filter_detector}
# - {CALIBDATE: '1970-01-01T00:00:00'}
# - {INSTRUME: LSSTCam}
# - {OBSTYPE: transmission_filter_detector}
# - {CALIBCLS: lsst.ip.isr.IntermediateFilterDetectorTransmissionCurve}
# - {SOURCE: Materion (DM-46256)}
# - {DETECTOR: 56}
# - {FILTER: g_6}
# - {CALIB_ID: 'calibDate=1970-01-01T00:00:00 filter=g_6 detector=56'}
# - {DATE: '2025-04-02T15:59:42.286486'}
# - {CALIB_CREATION_DATE: '2025-04-02'}
# - {CALIB_CREATION_TIME: '15:59:42'}
# - __serialized_columns__:
#     efficiency:
#       __class__: astropy.units.quantity.Quantity
#       unit: !astropy.units.Unit {unit: '%'}
#       value: !astropy.table.SerializedColumn {name: efficiency}
#     wavelength:
#       __class__: astropy.units.quantity.Quantity
#       unit: !astropy.units.Unit {unit: nm}
#       value: !astropy.table.SerializedColumn {name: wavelength}
# schema: astropy-2.0
wavelength efficiency
[from data line 608]
908.0 0.000440005487689632
909.0 0.00038830339690321125
910.0 0.00037517793316510506
911.0 0.0003620524921643664
912.0 0.0004292251105653122
913.0 0.0004963977971783606
914.0 0.00030993542168289423
915.0 0.00012347311439953046
916.0 0.00013908644405091763
917.0 0.00015469975096493727
918.0 0.000224234145207447
919.0 0.0002937685167125892
920.0 0.00033247458759433357
921.0 0.00037118065847607795
922.0 0.0005299486474541482
923.0 0.0006887166819069535
924.0 0.0006141824542282848
925.0 0.0005396482265496161
926.0 0.0005706866886612261
927.0 0.0006017253326717764
928.0 0.0005594914000539575
929.0 0.0005172575583856087
930.0 0.0005404968305811053
931.0 0.0005637361937260721
932.0 0.0004922625521430746
933.0 0.00042078895603481214
934.0 0.00042929223127430305
935.0 0.00043779550651379395
936.0 0.00045177089305070695
937.0 0.00046574627958761994
938.0 0.0005695077561540529
939.0 0.0006732691417710157
940.0 0.0005771080850536237
941.0 0.00048094684643729124
942.0 0.0006617233793804189
943.0 0.0008424998668488115
944.0 0.0007579103566968115
945.0 0.0006733206646458711
946.0 0.0005949179012532113
947.0 0.0005165150469110813
948.0 0.0008494963367411401
949.0 0.001182477626571199
950.0 0.0010346014278184157
951.0 0.0008867252290656324
952.0 0.0009072082320926711
953.0 0.0009276912351197097
954.0 0.0008354480087291449
955.0 0.0007432048732880503
956.0 0.0006559551366080996
957.0 0.0005687051725544734
958.0 0.0007071010713843862
959.0 0.000845497015689034
960.0 0.0006553672392328735
961.0 0.0004652372808777727
962.0 0.0005104564024804858
963.0 0.0005556754331337288
964.0 0.0006761099484720035
965.0 0.0007965442819113377
966.0 0.0008386115950997919
967.0 0.000880678908288246
968.0 0.000795239338913234
969.0 0.000709799815012957
970.0 0.0007139434728742344
971.0 0.0007180871307355119
972.0 0.0008134663403325249
973.0 0.0009088455954042729
974.0 0.0008307838470500428
975.0 0.0007527224170189584
976.0 0.0008057235390879214
977.0 0.00085872497948003
978.0 0.0009235021025233436
979.0 0.0009882792255666573
980.0 0.0010064377420349047
981.0 0.0010245964404020924
982.0 0.0009576882803230546
983.0 0.0008907800292945467
984.0 0.0008877716936694924
985.0 0.0008847634489939082
986.0 0.0010725080755946692
987.0 0.0012602525202964898
988.0 0.0013306736946105957
989.0 0.0014010945051268209
990.0 0.0014543980796588585
991.0 0.0015077017451403663
992.0 0.0014680216736451257
993.0 0.0014283417840488255
994.0 0.0014025033124198671
995.0 0.0013766648407909088
996.0 0.001258942393178586
997.0 0.001141219945566263
998.0 0.001298051211051643
999.0 0.0014548824765370227
1000.0 0.001385408813803224
1001.0 0.0013159347872715443
1002.0 0.0012007953046122566
1003.0 0.0010856556400540285
1004.0 0.001126420102082193
1005.0 0.001167184382211417
1006.0 0.0014130568160908297
1007.0 0.0016589292499702424
1008.0 0.00164012180903228
1009.0 0.0016213147318921983
1010.0 0.0017364380255457945
1011.0 0.0018515616829972714
1012.0 0.0019671604604809545
1013.0 0.0020827596017625183
1014.0 0.002096919524774421
1015.0 0.002111079993483145
1016.0 0.0024785176719888113
1017.0 0.0028459557142923586
1018.0 0.0030935298127587885
1019.0 0.003341103729326278
1020.0 0.003360899063409306
1021.0 0.0033806940336944535
1022.0 0.0036315432225819677
1023.0 0.0038823927752673626
1024.0 0.004045632522320375
1025.0 0.004208871905575506
1026.0 0.004380999962450005
1027.0 0.0045531283831223845
1028.0 0.004572868783725426
1029.0 0.004592609184328467
1030.0 0.004767242353409529
1031.0 0.004941874794894829
1032.0 0.005262321064947173
1033.0 0.005582767334999517
1034.0 0.005404082185123116
1035.0 0.005225396671448834
1036.0 0.005360237992135808
1037.0 0.0054950793128227815
1038.0 0.005710131881642155
1039.0 0.005925184450461529
1040.0 0.00632525043329224
1041.0 0.0067253153247293085
1042.0 0.006921189196873456
1043.0 0.007117062341421843
1044.0 0.0073420182161498815
1045.0 0.007566971908090636
1046.0 0.008552863437216729
1047.0 0.009538753511151299
1048.0 0.01104691400541924
1049.0 0.012555070861708373
1050.0 0.014975406520534307
1051.0 0.017395737813785672
1052.0 0.02096090465784073
1053.0 0.024526077322661877
1054.0 0.02934671938419342
1055.0 0.03416736435610801
1056.0 0.04102967504877597
1057.0 0.04789197992067784
1058.0 0.05561648868024349
1059.0 0.06334098870866
1060.0 0.07061857613734901
1061.0 0.07789613446220756
1062.0 0.0848892261274159
1063.0 0.09188228868879378
1064.0 0.09721749229356647
1065.0 0.10255267843604088
1066.0 0.10768640786409378
1067.0 0.11282013729214668
1068.0 0.11930709006264806
1069.0 0.1257940661162138
1070.0 0.13573967153206468
1071.0 0.14568527694791555
1072.0 0.1586412894539535
1073.0 0.1715972786769271
1074.0 0.18564839847385883
1075.0 0.19969958811998367
1076.0 0.213505607098341
1077.0 0.22731160279363394
1078.0 0.2413736656308174
1079.0 0.25543568190187216
1080.0 0.2729155123233795
1081.0 0.2903953427448869
1082.0 0.3177085891366005
1083.0 0.3450218588113785
1084.0 0.38322419859468937
1085.0 0.42142653837800026
1086.0 0.45631625689566135
1087.0 0.49120597541332245
1088.0 0.554415350779891
1089.0 0.6176246795803308
1090.0 0.6939077284187078
1091.0 0.7701906841248274
1092.0 0.7998434826731682
1093.0 0.8294960483908653
1094.0 0.8661406114697456
1095.0 0.902784988284111
1096.0 0.9475451894104481
1097.0 0.9923055768013
1098.0 1.0138352401554585
1099.0 1.0353650897741318
1100.0 1.1927864514291286
1101.0 1.3502074405550957
