lsstCam/transmission_filter_detector/r01_s00/r_57/19700101T000000.ecsv
# %ECSV 1.0
# ---
# datatype:
# - {name: wavelength, unit: nm, datatype: float32}
# - {name: efficiency, unit: '%', datatype: float64}
# meta: !!omap
# - {MODE: DETECTOR}
# - {TYPE: transmission_filter_detector}
# - {CALIBDATE: '1970-01-01T00:00:00'}
# - {INSTRUME: LSSTCam}
# - {OBSTYPE: transmission_filter_detector}
# - {CALIBCLS: lsst.ip.isr.IntermediateFilterDetectorTransmissionCurve}
# - {SOURCE: Materion (DM-46256)}
# - {DETECTOR: 0}
# - {FILTER: r_57}
# - {CALIB_ID: 'calibDate=1970-01-01T00:00:00 filter=r_57 detector=0'}
# - {DATE: '2025-04-02T15:59:44.184964'}
# - {CALIB_CREATION_DATE: '2025-04-02'}
# - {CALIB_CREATION_TIME: '15:59:44'}
# - __serialized_columns__:
#     efficiency:
#       __class__: astropy.units.quantity.Quantity
#       unit: !astropy.units.Unit {unit: '%'}
#       value: !astropy.table.SerializedColumn {name: efficiency}
#     wavelength:
#       __class__: astropy.units.quantity.Quantity
#       unit: !astropy.units.Unit {unit: nm}
#       value: !astropy.table.SerializedColumn {name: wavelength}
# schema: astropy-2.0
wavelength efficiency
300.0 0.0037838733987882733
301.0 0.009763352136360481
302.0 0.015742829418741167
303.0 0.018974799604620785
304.0 0.022206771245691925
305.0 0.019556960614863783
306.0 0.016907151439227164
307.0 0.015051770606078207
308.0 0.013196389772929251
309.0 0.012226578837726265
310.0 0.01125676790252328
311.0 0.010611775360303
312.0 0.00996678281808272
313.0 0.009070616215467453
314.0 0.008174448885256425
315.0 0.007719636050751433
316.0 0.007264821761054918
317.0 0.006894643593113869
318.0 0.0065244668803643435
319.0 0.005903909550397657
320.0 0.005283351492835209
321.0 0.005229307498666458
322.0 0.0051752627769019455
323.0 0.00479320042359177
324.0 0.004411138070281595
325.0 0.004206003723083995
326.0 0.004000869375886396
327.0 0.004040692510898225
328.0 0.004080516009707935
329.0 0.004170647298451513
330.0 0.0042607804061844945
331.0 0.003949986421503127
332.0 0.0036391938920132816
333.0 0.003173773075104691
334.0 0.002708351348701399
335.0 0.002461269650666509
336.0 0.002214187952631619
337.0 0.0020568890249705873
338.0 0.0018995900973095559
339.0 0.0017340627891826443
340.0 0.0015685352991567925
341.0 0.0015041015103633981
342.0 0.001439667812519474
343.0 0.0014860255760140717
344.0 0.0015323832485591993
345.0 0.0015240175343933515
346.0 0.0015156518202275038
347.0 0.0014350580386235379
348.0 0.0013544640751206316
349.0 0.0013550098628911655
350.0 0.0061688682762905955
351.0 0.0061468424974009395
352.0 0.006124816718511283
353.0 0.005798870188300498
354.0 0.005472924749483354
355.0 0.005570398207055405
356.0 0.005667872392223217
357.0 0.00738773014745675
358.0 0.009107588994083926
359.0 0.006655251490883529
360.0 0.004202913623885252
361.0 0.0027219541152589954
362.0 0.0012409945156832691
363.0 0.0028754328013747
364.0 0.0045098709961166605
365.0 0.004544447801890783
366.0 0.0045790246076649055
367.0 0.0037842459278181195
368.0 0.002989466884173453
369.0 0.002174969449697528
370.0 0.0013604721971205436
371.0 0.002143690289813094
372.0 0.002926908928202465
373.0 0.0031513554858975112
374.0 0.0033758020435925573
375.0 0.003147553070448339
376.0 0.0029193044611020014
377.0 0.0014278159142122604
378.0 2.6926598971355187e-10
379.0 0.0007990527592482977
380.0 0.0016617785149719566
381.0 0.002483255957486108
382.0 0.0033047341275960207
383.0 0.003671392551041208
384.0 0.004038051702082157
385.0 0.005032595436205156
386.0 0.006027138442732394
387.0 0.005248490924714133
388.0 0.0044698434066958725
389.0 0.003960518006351776
390.0 0.0034511922422097996
391.0 0.0023515824068454094
392.0 0.0012519726624304894
393.0 0.0016105675967992283
394.0 0.0019691622583195567
395.0 0.001432742465112824
396.0 0.0008963228538050316
397.0 0.0008930338481150102
398.0 0.0008897452971723396
399.0 0.0007851183909224346
400.0 0.0006804908480262384
401.0 0.00034649551707843784
402.0 1.249964043381624e-05
403.0 0.0002712792365855421
404.0 0.0005300592420098837
405.0 0.001012661050481256
406.0 0.0014952628589526284
407.0 0.002062693420157302
408.0 0.0026301237085135654
409.0 0.0022375917978934012
410.0 0.0018450597053742968
411.0 0.00145068988786079
412.0 0.001056320070347283
413.0 0.0009671756743045989
414.0 0.0008780311873124447
415.0 0.0008277917004306801
416.0 0.0007775523044983856
417.0 0.0014117004866420757
418.0 0.002045848850684706
419.0 0.0025578059648978524
420.0 0.003069763261009939
421.0 0.004986871863366105
422.0 0.00690398010192439
423.0 0.010582605318631977
424.0 0.014261229080148041
425.0 0.018732425814960152
426.0 0.023203618184197694
427.0 0.023281999165192246
428.0 0.02336038160137832
429.0 0.01777388679329306
430.0 0.01218739416799508
431.0 0.008850356243783608
432.0 0.005513317591976374
433.0 0.004474282468436286
434.0 0.0034352473448961973
435.0 0.0027137572033097968
436.0 0.001992267061723396
437.0 0.0017464912161813118
438.0 0.0015007156434876379
439.0 0.0012040132787660696
440.0 0.0009073110049939714
441.0 0.0011745537449314725
442.0 0.0014417964848689735
443.0 0.0017844282410806045
444.0 0.0021270599972922355
445.0 0.0019546481780707836
446.0 0.0017822363588493317
447.0 0.001721957050904166
448.0 0.0016616779248579405
449.0 0.001935361979121808
450.0 0.0022090454876888543
451.0 0.002215946005890146
452.0 0.002222846705990378
453.0 0.0019582899767556228
454.0 0.001693733429419808
455.0 0.0015155968867475167
456.0 0.0013374605259741656
457.0 0.001027705457090633
458.0 0.0007179503882071003
459.0 0.0009560973012412433
460.0 0.0011942439414269757
461.0 0.0019418796000536531
462.0 0.0026895146220340393
463.0 0.003585373269743286
464.0 0.0044812317355535924
465.0 0.005676462023984641
466.0 0.006871692312415689
467.0 0.007402129995170981
468.0 0.007932569860713556
469.0 0.006709153240080923
470.0 0.0054857388022355735
471.0 0.004103374158148654
472.0 0.0027210091502638534
473.0 0.002276865234307479
474.0 0.0018327213183511049
475.0 0.0015224320122797508
476.0 0.0012121430700062774
477.0 0.0009711608981888276
478.0 0.0007301787263713777
479.0 0.0009893255082715768
480.0 0.0012484721082728356
481.0 0.0009299436896981206
482.0 0.0006114154530223459
483.0 0.0007075536359479884
484.0 0.0008036917279241607
485.0 0.0007289491350093158
486.0 0.0006542064511450008
487.0 0.0006949626822461141
488.0 0.0007357187769230222
489.0 0.0007159840606618673
490.0 0.0006962492989259772
491.0 0.0008629240255686454
492.0 0.0010295987522113137
493.0 0.0011619353244896047
494.0 0.0012942719877173658
495.0 0.0011580517821130343
496.0 0.0010218316674581729
497.0 0.001248055195901543
498.0 0.0014742786333954427
499.0 0.0015450548744411208
500.0 0.001615831206436269
501.0 0.0017686706996755674
502.0 0.0019215103748138063
503.0 0.002317061080248095
504.0 0.0027126116037834436
505.0 0.003424675014684908
506.0 0.004136738789384253
507.0 0.004816766522708349
508.0 0.0054967942560324445
509.0 0.005913887434871867
510.0 0.006330979522317648
511.0 0.005614207475446165
512.0 0.004897435428574681
513.0 0.004194567372906022
514.0 0.0034916993172373623
515.0 0.0032861174986464903
516.0 0.0030805356800556183
517.0 0.002917531855928246
518.0 0.0027545278499019332
519.0 0.07188013405539095
520.0 0.12712989700958133
521.0 2.6926598971355187e-10
522.0 0.15001329593360424
523.0 0.06740831304341555
524.0 0.052703957771882415
525.0 0.0431869993917644
526.0 0.16405407804995775
527.0 0.11004722910001874
528.0 0.15892810188233852
529.0 0.1452283118851483
530.0 0.20292673725634813
531.0 0.2633923664689064
532.0 0.35674148239195347
533.0 0.4477613605558872
534.0 0.6258552428334951
535.0 0.9076912887394428
536.0 1.5261703170835972
537.0 2.373616211116314
538.0 3.6840785294771194
539.0 5.492802709341049
540.0 8.115187287330627
541.0 11.08114942908287
542.0 14.938360452651978
543.0 19.825732707977295
544.0 25.70439875125885
545.0 31.932085752487183
546.0 39.6127313375473
547.0 47.229307889938354
548.0 55.84818720817566
549.0 63.15808296203613
550.0 67.79590249061584
551.0 73.45609068870544
552.0 76.78794264793396
553.0 80.44906854629517
554.0 83.7181031703949
555.0 87.08333969116211
556.0 89.91169333457947
557.0 91.970956325531
558.0 93.97791624069214
559.0 95.82445621490479
560.0 94.8408842086792
561.0 95.82210779190063
562.0 95.85760235786438
563.0 95.33720016479492
564.0 95.97171545028687
565.0 95.67211866378784
566.0 96.24623656272888
567.0 95.81390023231506
568.0 96.28810286521912
569.0 97.24151492118835
570.0 96.81372046470642
571.0 97.51706123352051
572.0 97.32072353363037
573.0 97.06160426139832
574.0 97.36427664756775
575.0 97.09951877593994
576.0 97.59153723716736
577.0 97.42695689201355
578.0 97.20737338066101
579.0 97.0361053943634
580.0 97.04585671424866
581.0 96.85274362564087
582.0 96.92838788032532
583.0 97.05800414085388
584.0 96.57124280929565
585.0 96.93266749382019
586.0 97.27988839149475
587.0 96.48904800415039
588.0 97.05975651741028
589.0 97.95686602592468
590.0 97.27519750595093
591.0 96.05258107185364
592.0 96.56169414520264
593.0 96.06218338012695
594.0 96.45547270774841
595.0 96.51169180870056
596.0 97.40225672721863
597.0 97.71358966827393
598.0 97.04691171646118
599.0 97.2577691078186
600.0 97.16963768005371
601.0 96.25497460365295
602.0 97.24104404449463
603.0 96.3563621044159
604.0 96.49388790130615
605.0 96.94313406944275
606.0 96.23739719390869
607.0 96.64268493652344
608.0 96.9548761844635
609.0 96.14509344100952
610.0 96.0822343826294
611.0 95.91085910797119
612.0 96.35434150695801
613.0 96.97617888450623
614.0 97.07369208335876
615.0 96.92053198814392
616.0 96.69914841651917
617.0 96.9527006149292
618.0 96.59724235534668
619.0 97.34048247337341
620.0 96.31430506706238
621.0 95.89534401893616
622.0 96.95952534675598
623.0 96.93056344985962
624.0 96.62971496582031
625.0 97.26852774620056
626.0 96.43082022666931
627.0 95.11870741844177
628.0 97.2747266292572
629.0 96.2270200252533
630.0 96.68728709220886
631.0 96.71680331230164
632.0 96.904456615448
633.0 96.96261286735535
634.0 96.30699753761292
635.0 96.66185975074768
636.0 96.471107006073
637.0 95.92118263244629
638.0 95.64374685287476
639.0 95.94639539718628
640.0 96.00433111190796
641.0 95.99343538284302
642.0 96.29796147346497
643.0 96.55873775482178
644.0 96.49150967597961
645.0 96.54353857040405
646.0 96.42151594161987
647.0 97.6868987083435
648.0 96.47400975227356
649.0 95.94890475273132
650.0 96.65191769599915
651.0 97.35406041145325
652.0 97.0215380191803
653.0 96.28846049308777
654.0 96.76812887191772
655.0 96.99347019195557
656.0 95.9873616695404
657.0 96.00918292999268
658.0 96.57086730003357
659.0 96.53995037078857
660.0 95.80298066139221
661.0 95.80192565917969
662.0 95.86653709411621
663.0 95.67538499832153
664.0 95.62886953353882
665.0 95.65052390098572
666.0 95.81851959228516
667.0 95.84372043609619
668.0 95.20701169967651
669.0 95.897775888443
670.0 95.70075273513794
671.0 95.59572339057922
672.0 95.34335136413574
673.0 95.56373357772827
674.0 94.56396102905273
675.0 95.5095887184143
676.0 94.61185336112976
677.0 93.5386598110199
678.0 92.11800694465637
679.0 90.9408450126648
680.0 89.44467306137085
681.0 87.50258088111877
682.0 84.6603512763977
683.0 81.1657726764679
684.0 77.38761305809021
685.0 73.04700016975403
686.0 69.1890299320221
687.0 64.10484313964844
688.0 59.83535051345825
689.0 55.586010217666626
690.0 51.048487424850464
691.0 46.877580881118774
692.0 42.16523766517639
693.0 37.293919920921326
694.0 31.40197992324829
695.0 25.638580322265625
696.0 19.830936193466187
697.0 14.737091958522797
698.0 9.728788584470749
699.0 6.40033483505249
700.0 4.051315039396286
701.0 2.2756537422537804
702.0 1.3605699874460697
703.0 0.8523097261786461
704.0 0.48020556569099426
705.0 0.2886704169213772
706.0 0.20061535760760307
707.0 0.10266865137964487
708.0 0.09310537716373801
709.0 0.061101181199774146
710.0 0.06493740365840495
711.0 0.03232008020859212
712.0 0.054620986338704824
713.0 0.05001051467843354
714.0 0.06038333522155881
715.0 0.060335465241223574
716.0 0.05097069661132991
717.0 0.06647845730185509
718.0 0.03621418145485222
719.0 0.016881809278856963
720.0 2.6926598971355187e-10
721.0 0.003965729047195055
722.0 0.003714323611347936
723.0 0.0034629181755008176
724.0 0.003225098771508783
725.0 0.0029872791856178083
726.0 0.0027591227990342304
727.0 0.002530966594349593
728.0 0.002377230157435406
729.0 0.002223493720521219
730.0 0.0020769777620444074
731.0 0.0019304621673654765
732.0 0.001918857560667675
733.0 0.0019072531358688138
734.0 0.0018511585949454457
735.0 0.0017950638721231371
736.0 0.0016228876120294444
737.0 0.0014507116247841623
738.0 0.0014462554645433556
739.0 0.0014417994862014893
740.0 0.001412514757248573
741.0 0.0013832304830430076
742.0 0.0012414014236128423
743.0 0.0010995723641826771
744.0 0.0011758478649426252
745.0 0.0012521231838036329
746.0 0.0011916908079001587
747.0 0.0011312584319966845
748.0 0.0009723159564600792
749.0 0.0008133733899740037
750.0 0.0008214406079787295
751.0 0.0008295081897813361
752.0 0.0009211288670485374
753.0 0.0010127496352652088
754.0 0.001005601734505035
755.0 0.0009984541065932717
756.0 0.0009085787496587727
757.0 0.0008187031198758632
758.0 0.000894725599209778
759.0 0.0009707479875942226
760.0 0.0009789435353013687
761.0 0.000987139264907455
762.0 0.0009621437129680999
763.0 0.0009371484338771552
764.0 0.0009016005606099498
765.0 0.0008660527782922145
766.0 0.0007035115686448989
767.0 0.0005409704499470536
768.0 0.0005208717993809842
769.0 0.0005007731033401797
770.0 0.0006160502834973158
771.0 0.0007313277365028625
772.0 0.0006839046363893431
773.0 0.0006364813998516183
774.0 0.0007376191206276417
775.0 0.000838756841403665
776.0 0.0008094509212241974
777.0 0.0007801450010447297
778.0 0.0007479181476810481
779.0 0.0007156913397921016
780.0 0.0006227134690561797
781.0 0.0005297356437949929
782.0 0.0005805454293295043
783.0 0.0006313551693892805
784.0 0.0007348907274717931
785.0 0.00083842596723116
786.0 0.0007260798611241626
787.0 0.0006137337550171651
788.0 0.0006092883722885745
789.0 0.0006048431714589242
790.0 0.0006152384685265133
791.0 0.0006256337201193674
792.0 0.0006843847131676739
793.0 0.0007431357516907156
794.0 0.0007799915692885406
795.0 0.000816847023088485
796.0 0.0006589084478036966
797.0 0.000500969736094703
798.0 0.0006540487902384484
799.0 0.0008071277989074588
800.0 0.0007505756911996286
801.0 0.000694023356118123
802.0 0.0005357620921131456
803.0 0.00037750064620922785
804.0 0.0005434082140709506
805.0 0.0007093157819326734
806.0 0.0005641991265292745
807.0 0.0004190825166006107
808.0 0.0006008822310832329
809.0 0.0007826819455658551
810.0 0.0006693559043924324
811.0 0.0005560301360674202
812.0 0.0006126192147348775
813.0 0.0006692082479275996
814.0 0.0005302616500557633
815.0 0.0003913151886081323
816.0 0.0005253263680060627
817.0 0.0006593376838281984
818.0 0.0005635744400933618
819.0 0.0004678112418332603
820.0 0.00032651296351104975
821.0 0.00018521467382015544
822.0 0.00024077539819700178
823.0 0.000296336179417267
824.0 0.0003330950221425155
825.0 0.00036985391034249915
826.0 0.0004222778443363495
827.0 0.00047470180106756743
828.0 0.0003150765451209736
829.0 0.00015545128917437978
830.0 9.447762749914546e-05
831.0 3.350400277213339e-05
832.0 5.159397531429022e-06
833.0 2.6926598971355187e-10
834.0 2.6926598971355187e-10
835.0 2.6926598971355187e-10
836.0 0.00021770376861240948
837.0 0.0005034589776187204
838.0 0.0006782184755138587
839.0 0.0008529780643584672
840.0 0.0013634393326356076
841.0 0.0018739005099632777
842.0 0.0028815495170420036
843.0 0.0038891987060196698
844.0 0.004636488665710203
845.0 0.005383779352996498
846.0 0.005394139589043334
847.0 0.005404502007877454
848.0 0.0043582131183939055
849.0 0.003311925320303999
850.0 0.0023702543330728076
851.0 0.001428584164386848
852.0 0.001238531604030868
853.0 0.001048478952725418
854.0 0.0009441461770620663
855.0 0.0008398130376008339
856.0 0.0006513491825899109
857.0 0.0004628854185284581
858.0 0.0005647850230161566
859.0 0.000666684536554385
860.0 0.0005713849986932473
861.0 0.0004760854153573746
862.0 0.000500104852108052
863.0 0.0005241242888587294
864.0 0.00037789077396155335
865.0 0.00023165735001384746
866.0 0.0002256967263747356
867.0 0.00021973605726088863
868.0 0.00020261818463040981
869.0 0.0001855002324191446
870.0 9.025796430250921e-05
871.0 2.6926598971355187e-10
872.0 2.6926598971355187e-10
873.0 2.6926598971355187e-10
874.0 2.6926598971355187e-10
875.0 2.6926598971355187e-10
876.0 2.6926598971355187e-10
877.0 1.7981829358859613e-06
878.0 0.00010866906450246461
879.0 0.00021553994429268641
880.0 0.00018802817294272245
881.0 0.0001605163902240747
882.0 0.0001760379973347881
883.0 0.00019155963855155278
884.0 4.655514658225002e-05
885.0 2.6926598971355187e-10
886.0 3.4288922279301914e-05
887.0 0.00016702714447092148
888.0 0.0002479787781339837
889.0 0.00032893042316572974
890.0 0.0002850286136890645
891.0 0.0002411267587376642
892.0 6.272313157751341e-05
893.0 2.6926598971355187e-10
894.0 2.6926598971355187e-10
895.0 2.7374690603210183e-05
896.0 2.631083759752073e-05
897.0 2.5247038593079196e-05
898.0 1.7417201547687e-05
899.0 9.587363081209332e-06
900.0 2.6926598971355187e-10
901.0 2.6926598971355187e-10
