lsstCam/transmission_filter_detector/r01_s00/r_57/19700101T000000.ecsv
# %ECSV 1.0
# ---
# datatype:
# - {name: wavelength, unit: nm, datatype: float32}
# - {name: efficiency, unit: '%', datatype: float64}
# meta: !!omap
# - {MODE: DETECTOR}
# - {TYPE: transmission_filter_detector}
# - {CALIBDATE: '1970-01-01T00:00:00'}
# - {INSTRUME: LSSTCam}
# - {OBSTYPE: transmission_filter_detector}
# - {CALIBCLS: lsst.ip.isr.IntermediateFilterDetectorTransmissionCurve}
# - {SOURCE: Materion (DM-46256)}
# - {DETECTOR: 0}
# - {FILTER: r_57}
# - {CALIB_ID: 'calibDate=1970-01-01T00:00:00 filter=r_57 detector=0'}
# - {DATE: '2025-04-02T15:59:44.184964'}
# - {CALIB_CREATION_DATE: '2025-04-02'}
# - {CALIB_CREATION_TIME: '15:59:44'}
# - __serialized_columns__:
#     efficiency:
#       __class__: astropy.units.quantity.Quantity
#       unit: !astropy.units.Unit {unit: '%'}
#       value: !astropy.table.SerializedColumn {name: efficiency}
#     wavelength:
#       __class__: astropy.units.quantity.Quantity
#       unit: !astropy.units.Unit {unit: nm}
#       value: !astropy.table.SerializedColumn {name: wavelength}
# schema: astropy-2.0
wavelength efficiency
[from data line 603]
903.0 2.6926598971355187e-10
904.0 2.6926598971355187e-10
905.0 8.395801955884963e-05
906.0 2.275973116638852e-05
907.0 2.6926598971355187e-10
908.0 2.6926598971355187e-10
909.0 2.6926598971355187e-10
910.0 2.6926598971355187e-10
911.0 2.6926598971355187e-10
912.0 2.6926598971355187e-10
913.0 2.6926598971355187e-10
914.0 4.2408936451465706e-05
915.0 0.00015195356581898523
916.0 0.00015436195326401503
917.0 0.00015677038618377992
918.0 0.00020256618427083595
919.0 0.0002483619709892082
920.0 0.00014897318578732666
921.0 4.9584406269786996e-05
922.0 0.00013619566061606747
923.0 0.00022280692064668983
924.0 0.00023525724373030243
925.0 0.0002477075895512826
926.0 0.00019883927961927839
927.0 0.00014997099242464174
928.0 0.00010370555401095771
929.0 5.7440104228589917e-05
930.0 0.0001445669795430149
931.0 0.00023169386622612365
932.0 0.00010662303111530491
933.0 2.6926598971355187e-10
934.0 0.00011649025282167713
935.0 0.00025142824142676545
936.0 0.00024798202957754256
937.0 0.0002445358404656872
938.0 0.0003258453943999484
939.0 0.0004071549938089447
940.0 0.0003176401605742285
941.0 0.00022812537281424738
942.0 0.00036421640743355965
943.0 0.0005003074420528719
944.0 0.0004365444510767702
945.0 0.000372781482838036
946.0 0.0003549145731085446
947.0 0.00033704768611642066
948.0 0.0005217854777583852
949.0 0.00070652336034982
950.0 0.0007028983418422285
951.0 0.0006992733688093722
952.0 0.000777886452851817
953.0 0.0008564998097426724
954.0 0.0012264916222193278
955.0 0.0015964838894433342
956.0 0.0015970548702171072
957.0 0.0015976260328898206
958.0 0.0017312655472778715
959.0 0.0018649052435648628
960.0 0.001994035847019404
961.0 0.0021231668142718263
962.0 0.002228783705504611
963.0 0.0023344007786363363
964.0 0.0023417109332513064
965.0 0.002349020724068396
966.0 0.002335648787266109
967.0 0.0023222764866659418
968.0 0.002274914731970057
969.0 0.0022275531591731124
970.0 0.0023159982447396033
971.0 0.002404443330306094
972.0 0.002482948730175849
973.0 0.0025614537662477233
974.0 0.0028709997422993183
975.0 0.0031805459002498537
976.0 0.0032930198358371854
977.0 0.0034054934076266363
978.0 0.003337942689540796
979.0 0.0032703923352528363
980.0 0.003242440288886428
981.0 0.0032144878787221387
982.0 0.003272943285992369
983.0 0.0033313986932625994
984.0 0.0033280237403232604
985.0 0.0033246487873839214
986.0 0.0031943283829605207
987.0 0.00306400797853712
988.0 0.0028898297387058847
989.0 0.002715651316975709
990.0 0.0027236887035542168
991.0 0.0027317260901327245
992.0 0.0027941568987444043
993.0 0.0028565878892550245
994.0 0.002849663360393606
995.0 0.002842738467734307
996.0 0.0028978984119021334
997.0 0.0029530581741710193
998.0 0.003092438419116661
999.0 0.003231818482163362
1000.0 0.0033334872568957508
1001.0 0.00343515639542602
1002.0 0.003667437704280019
1003.0 0.003899718649336137
1004.0 0.004044432716909796
1005.0 0.004189146784483455
1006.0 0.004408082168083638
1007.0 0.0046270179154817015
1008.0 0.0045606771891471
1009.0 0.004494336462812498
1010.0 0.004486010948312469
1011.0 0.0044776854338124394
1012.0 0.004389873720356263
1013.0 0.004302062370697968
1014.0 0.00402521836804226
1015.0 0.003748374365386553
1016.0 0.0034863063774537295
1017.0 0.0032242387533187866
1018.0 0.002844738628482446
1019.0 0.0024652390493429266
1020.0 0.0020676394342444837
1021.0 0.0016700398191460408
1022.0 0.0014423137145058718
1023.0 0.0012145871551183518
1024.0 0.001304386205447372
1025.0 0.0013941855286248028
1026.0 0.001248480475624092
1027.0 0.0011027751497749705
1028.0 0.001046668694471009
1029.0 0.0009905620572681073
1030.0 0.0009036215487867594
1031.0 0.0008166804946085904
1032.0 0.0008676665856910404
1033.0 0.0009186524039250799
1034.0 0.000859046122059226
1035.0 0.0007994395673449617
1036.0 0.0009470469194639008
1037.0 0.0010946539077849593
1038.0 0.0009442263944947626
1039.0 0.0007937990631035063
1040.0 0.0008313350917887874
1041.0 0.0008688711204740684
1042.0 0.0010799702977237757
1043.0 0.001291068929276662
1044.0 0.0011311608432151843
1045.0 0.0009712530300021172
1046.0 0.0010526602636673488
1047.0 0.001134067770180991
1048.0 0.0009748148841026705
1049.0 0.0008155621799232904
1050.0 0.0009027996384247672
1051.0 0.0009900372788251843
1052.0 0.0012203400729049463
1053.0 0.0014506425031868275
1054.0 0.0012146100743848365
1055.0 0.0009785775546333753
1056.0 0.0010279929483658634
1057.0 0.001077408614946762
1058.0 0.0009954596862371545
1059.0 0.0009135109394264873
1060.0 0.0011533215001691133
1061.0 0.001393131424265448
1062.0 0.0015426114259753376
1063.0 0.0016920914276852272
1064.0 0.0012356929801171646
1065.0 0.0007792943506501615
1066.0 0.0010709585694712587
1067.0 0.0013626226973428857
1068.0 0.0017560716514708474
1069.0 0.002149519968952518
1070.0 0.001646936834731605
1071.0 0.0011443537005106919
1072.0 0.0013370679880608805
1073.0 0.0015297824575100094
1074.0 0.002138991294486914
1075.0 0.0027482001314638183
1076.0 0.003140693297609687
1077.0 0.003533186827553436
1078.0 0.0037747853639302775
1079.0 0.004016384264105
1080.0 0.004327918577473611
1081.0 0.00463945216324646
1082.0 0.004296427141525783
1083.0 0.003953402483602986
1084.0 0.004366847861092538
1085.0 0.0047802932385820895
1086.0 0.004981202073395252
1087.0 0.005182110544410534
1088.0 0.005287436943035573
1089.0 0.005392763341660611
1090.0 0.00511451180500444
1091.0 0.004836260268348269
1092.0 0.0042423358536325395
1093.0 0.0036484107113210484
1094.0 0.004208141763228923
1095.0 0.004767872815136798
1096.0 0.003762243431992829
1097.0 0.0027566144126467407
1098.0 0.002239398963865824
1099.0 0.0017221835150849074
1100.0 0.0018200937120127492
1101.0 0.0019180037270416506
