lsstCam/transmission_filter_detector/r21_s20/g_6/19700101T000000.ecsv
# %ECSV 1.0
# ---
# datatype:
# - {name: wavelength, unit: nm, datatype: float32}
# - {name: efficiency, unit: '%', datatype: float64}
# meta: !!omap
# - {MODE: DETECTOR}
# - {TYPE: transmission_filter_detector}
# - {CALIBDATE: '1970-01-01T00:00:00'}
# - {INSTRUME: LSSTCam}
# - {OBSTYPE: transmission_filter_detector}
# - {CALIBCLS: lsst.ip.isr.IntermediateFilterDetectorTransmissionCurve}
# - {SOURCE: Materion (DM-46256)}
# - {DETECTOR: 87}
# - {FILTER: g_6}
# - {CALIB_ID: 'calibDate=1970-01-01T00:00:00 filter=g_6 detector=87'}
# - {DATE: '2025-04-02T15:59:42.431729'}
# - {CALIB_CREATION_DATE: '2025-04-02'}
# - {CALIB_CREATION_TIME: '15:59:42'}
# - __serialized_columns__:
#     efficiency:
#       __class__: astropy.units.quantity.Quantity
#       unit: !astropy.units.Unit {unit: '%'}
#       value: !astropy.table.SerializedColumn {name: efficiency}
#     wavelength:
#       __class__: astropy.units.quantity.Quantity
#       unit: !astropy.units.Unit {unit: nm}
#       value: !astropy.table.SerializedColumn {name: wavelength}
# schema: astropy-2.0
wavelength efficiency
[from data line 608]
908.0 0.00043160766836081166
909.0 0.00033330891255900497
910.0 0.00041486300688120537
911.0 0.0004964170329913031
912.0 0.00046380773710552603
913.0 0.00043119835027027875
914.0 0.0005003295882488601
915.0 0.0005694607807527063
916.0 0.0004846775937039638
917.0 0.00039989440665522125
918.0 0.000446922649643966
919.0 0.0004939508926327107
920.0 0.0005508250069397036
921.0 0.0006076990302972263
922.0 0.0005404135208664229
923.0 0.00047312801143561956
924.0 0.0004725838152808137
925.0 0.0004720395281765377
926.0 0.0005127895292389439
927.0 0.0005535395757760853
928.0 0.0005764559773524525
929.0 0.0005993724244035548
930.0 0.0005090895683679264
931.0 0.00041880666685756296
932.0 0.0005362498995964415
933.0 0.0006536933142342605
934.0 0.0005444033831736306
935.0 0.00043511354306247085
936.0 0.00044449152483139187
937.0 0.000453869552075048
938.0 0.0005186029284232063
939.0 0.000583336486670305
940.0 0.0006211499112396268
941.0 0.0006589632903342135
942.0 0.0007021838882792508
943.0 0.0007454044862242881
944.0 0.0007932367225294001
945.0 0.000841068867885042
946.0 0.0008956249985203613
947.0 0.0009501810382062104
948.0 0.0008777845323493239
949.0 0.0008053881174419075
950.0 0.0008636930033389945
951.0 0.0009219977982866112
952.0 0.0009837513061938807
953.0 0.0010455045412527397
954.0 0.0009260111255571246
955.0 0.0008065175279625691
956.0 0.0007128483503038296
957.0 0.0006191791726450901
958.0 0.0006821304395998595
959.0 0.0007450817065546289
960.0 0.0007552750048489543
961.0 0.0007654680302948691
962.0 0.0006973682502575684
963.0 0.0006292684247455327
964.0 0.0005643255008180859
965.0 0.0004993824404664338
966.0 0.0005728214546252275
967.0 0.0006462604233092861
968.0 0.0006442917310778284
969.0 0.0006423229024221655
970.0 0.0005941544714005431
971.0 0.0005459859039547155
972.0 0.0007052399269014131
973.0 0.0008644939043733757
974.0 0.0009245170986105222
975.0 0.0009845402928476688
976.0 0.0008806017831375357
977.0 0.0007766632734274026
978.0 0.0008640141459181905
979.0 0.0009513651093584485
980.0 0.0010027479220298119
981.0 0.001054130643751705
982.0 0.000987130988505669
983.0 0.0009201313332596328
984.0 0.0010420844773761928
985.0 0.0011640376214927528
986.0 0.0012209774467919488
987.0 0.0012779170901922043
988.0 0.0012837954272981733
989.0 0.0012896734915557317
990.0 0.001268615324079292
991.0 0.0012475570656533819
992.0 0.0012174534276709892
993.0 0.0011873497896885965
994.0 0.0012572337254823651
995.0 0.001327117752225604
996.0 0.0012767880434694234
997.0 0.0012264586075616535
998.0 0.0012286701348784845
999.0 0.0012308815712458454
1000.0 0.001169120423583081
1001.0 0.0011073590940213762
1002.0 0.0012111905562051106
1003.0 0.0013150219274393748
1004.0 0.0012922778296342585
1005.0 0.0012695337318291422
1006.0 0.0014750762602488976
1007.0 0.0016806186977191828
1008.0 0.0015832520148251206
1009.0 0.0014858853319310583
1010.0 0.0016060896086855792
1011.0 0.0017262940673390403
1012.0 0.0018711354641709477
1013.0 0.002015976861002855
1014.0 0.002098876575473696
1015.0 0.0021817761080455966
1016.0 0.0024494922399753705
1017.0 0.002717208190006204
1018.0 0.0028501212000264786
1019.0 0.002983034573844634
1020.0 0.003181487409165129
1021.0 0.003379940244485624
1022.0 0.003554846625775099
1023.0 0.003729753370862454
1024.0 0.003936153734684922
1025.0 0.00414255446230527
1026.0 0.004314914986025542
1027.0 0.004487275145947933
1028.0 0.004839312532567419
1029.0 0.005191349919186905
1030.0 0.005063663775217719
1031.0 0.004935977267450653
1032.0 0.005206161949899979
1033.0 0.005476346268551424
1034.0 0.0056224598665721714
1035.0 0.005768573464592919
1036.0 0.005736540333600715
1037.0 0.00570450683881063
1038.0 0.00588669536227826
1039.0 0.0060688838857458904
1040.0 0.006199575000209734
1041.0 0.0063302657508756965
1042.0 0.006597958417842165
1043.0 0.006865651084808633
1044.0 0.00713389235897921
1045.0 0.007402132905554026
1046.0 0.00854190657264553
1047.0 0.009681679512141272
1048.0 0.010934519377769902
1049.0 0.01218735778820701
1050.0 0.014546154125127941
1051.0 0.01690494827926159
1052.0 0.02023819397436455
1053.0 0.023571442579850554
1054.0 0.02884375280700624
1055.0 0.034116063034161925
1056.0 0.04062299558427185
1057.0 0.047129925223998725
1058.0 0.05471420590765774
1059.0 0.0622984953224659
1060.0 0.07060760399326682
1061.0 0.07891671266406775
1062.0 0.08658459992147982
1063.0 0.09425245807506144
1064.0 0.10054146405309439
1065.0 0.10683045256882906
1066.0 0.11369058629497886
1067.0 0.12055072002112865
1068.0 0.12841421412304044
1069.0 0.1362777198664844
1070.0 0.14649962540715933
1071.0 0.1567215076647699
1072.0 0.16754064708948135
1073.0 0.178359798155725
1074.0 0.18991100369021297
1075.0 0.20146220922470093
1076.0 0.21326313726603985
1077.0 0.2250640420243144
1078.0 0.23709835950285196
1079.0 0.24913267698138952
1080.0 0.2661359030753374
1081.0 0.2831391291692853
1082.0 0.3080295166000724
1083.0 0.33291992731392384
1084.0 0.3754227887839079
1085.0 0.4179256968200207
1086.0 0.4541198257356882
1087.0 0.490313908085227
1088.0 0.5510619375854731
1089.0 0.6118099670857191
1090.0 0.6912661250680685
1091.0 0.7707223761826754
1092.0 0.8096378296613693
1093.0 0.8485534228384495
1094.0 0.8932332508265972
1095.0 0.937913078814745
1096.0 0.9935274720191956
1097.0 1.0491417720913887
1098.0 1.1319063603878021
1099.0 1.214671041816473
1100.0 1.3722260482609272
1101.0 1.5297810547053814
