lsstCam/transmission_filter_detector/r21_s20/g_6/19700101T000000.ecsv
# %ECSV 1.0
# ---
# datatype:
# - {name: wavelength, unit: nm, datatype: float32}
# - {name: efficiency, unit: '%', datatype: float64}
# meta: !!omap
# - {MODE: DETECTOR}
# - {TYPE: transmission_filter_detector}
# - {CALIBDATE: '1970-01-01T00:00:00'}
# - {INSTRUME: LSSTCam}
# - {OBSTYPE: transmission_filter_detector}
# - {CALIBCLS: lsst.ip.isr.IntermediateFilterDetectorTransmissionCurve}
# - {SOURCE: Materion (DM-46256)}
# - {DETECTOR: 87}
# - {FILTER: g_6}
# - {CALIB_ID: 'calibDate=1970-01-01T00:00:00 filter=g_6 detector=87'}
# - {DATE: '2025-04-02T15:59:42.431729'}
# - {CALIB_CREATION_DATE: '2025-04-02'}
# - {CALIB_CREATION_TIME: '15:59:42'}
# - __serialized_columns__:
#     efficiency:
#       __class__: astropy.units.quantity.Quantity
#       unit: !astropy.units.Unit {unit: '%'}
#       value: !astropy.table.SerializedColumn {name: efficiency}
#     wavelength:
#       __class__: astropy.units.quantity.Quantity
#       unit: !astropy.units.Unit {unit: nm}
#       value: !astropy.table.SerializedColumn {name: wavelength}
# schema: astropy-2.0
wavelength efficiency
300.0 0.39324783720076084
301.0 0.32475939951837063
302.0 0.25627093855291605
303.0 0.23637304548174143
304.0 0.2164751524105668
305.0 0.21704051177948713
306.0 0.21760587114840746
307.0 0.2149593085050583
308.0 0.21231274586170912
309.0 0.20881523378193378
310.0 0.20531769841909409
311.0 0.20399263594299555
312.0 0.202667573466897
313.0 0.19389338558539748
314.0 0.18511919770389795
315.0 0.18218799959868193
316.0 0.17925682477653027
317.0 0.17447522841393948
318.0 0.16969364369288087
319.0 0.16054267762228847
320.0 0.15139169991016388
321.0 0.14019649242982268
322.0 0.12900131987407804
323.0 0.11563344160094857
324.0 0.10226557496935129
325.0 0.09137190645560622
326.0 0.08047823212109506
327.0 0.07217355887405574
328.0 0.06386888562701643
329.0 0.06157515454106033
330.0 0.05928141763433814
331.0 0.05467323353514075
332.0 0.050065043615177274
333.0 0.04711738438345492
334.0 0.04416972224134952
335.0 0.04186179139651358
336.0 0.0395538576412946
337.0 0.04017467726953328
338.0 0.040795496897771955
339.0 0.040037158760242164
340.0 0.03927881771232933
341.0 0.0374015886336565
342.0 0.035524359554983675
343.0 0.032652178197167814
344.0 0.029779996839351952
345.0 0.02629835216794163
346.0 0.022816707496531308
347.0 0.021134561393409967
348.0 0.01945241674548015
349.0 0.017830682918429375
350.0 0.5799292121082544
351.0 1.0709229856729507
352.0 0.741759454831481
353.0 1.043352298438549
354.0 0.6516570691019297
355.0 0.7833988405764103
356.0 0.6008495111018419
357.0 0.8390595205128193
358.0 0.7032725028693676
359.0 0.7894103415310383
360.0 0.7555711548775434
361.0 0.7977759465575218
362.0 0.5560122895985842
363.0 0.863721314817667
364.0 0.6001062225550413
365.0 0.8444818668067455
366.0 0.4640051629394293
367.0 0.6626441143453121
368.0 0.4315291065722704
369.0 0.6732263136655092
370.0 0.4984037484973669
371.0 0.6662082392722368
372.0 0.3999432548880577
373.0 0.6762618198990822
374.0 0.4097756929695606
375.0 0.5401390139013529
376.0 0.38951358292251825
377.0 0.5698485299944878
378.0 0.4086436238139868
379.0 0.49429493956267834
380.0 0.4673397168517113
381.0 0.5779939703643322
382.0 0.5791742354631424
383.0 0.5244764499366283
384.0 0.6337638944387436
385.0 0.620177760720253
386.0 0.6446937099099159
387.0 0.7365542929619551
388.0 0.8730843663215637
389.0 1.142383273690939
390.0 1.6053691506385803
391.0 2.4841416627168655
392.0 3.9787743240594864
393.0 6.3569024205207825
394.0 9.557300060987473
395.0 13.997913897037506
396.0 19.45612281560898
397.0 26.514434814453125
398.0 34.76787507534027
399.0 43.990373611450195
400.0 53.38886380195618
401.0 62.49186992645264
402.0 71.07821106910706
403.0 78.59721183776855
404.0 84.08692479133606
405.0 88.37820887565613
406.0 90.87613821029663
407.0 92.75562763214111
408.0 93.9759373664856
409.0 94.53797340393066
410.0 94.82754468917847
411.0 94.739431142807
412.0 94.35150623321533
413.0 94.10108923912048
414.0 93.96981000900269
415.0 94.08614039421082
416.0 94.44968700408936
417.0 94.73346471786499
418.0 95.21313905715942
419.0 95.77242136001587
420.0 96.30215764045715
421.0 96.91208600997925
422.0 97.05930948257446
423.0 97.3146140575409
424.0 97.12463021278381
425.0 97.01671600341797
426.0 97.00909852981567
427.0 97.03419208526611
428.0 96.85991406440735
429.0 96.60322666168213
430.0 96.49767875671387
431.0 96.51129245758057
432.0 96.56059145927429
433.0 96.59846425056458
434.0 96.71396613121033
435.0 96.8981146812439
436.0 96.9589114189148
437.0 96.90131545066833
438.0 97.02537655830383
439.0 97.05811142921448
440.0 97.0123291015625
441.0 97.1708595752716
442.0 97.12510108947754
443.0 97.15761542320251
444.0 97.11538553237915
445.0 96.85805439949036
446.0 96.74127101898193
447.0 96.58538103103638
448.0 96.54256105422974
449.0 96.67658805847168
450.0 96.91716432571411
451.0 97.13066816329956
452.0 97.31590151786804
453.0 97.45270609855652
454.0 97.49850034713745
455.0 97.75957465171814
456.0 97.82283306121826
457.0 97.94555902481079
458.0 97.97990322113037
459.0 98.10817837715149
460.0 98.12724590301514
461.0 98.23490381240845
462.0 98.11088442802429
463.0 98.09428453445435
464.0 98.16867113113403
465.0 98.13862442970276
466.0 98.18201661109924
467.0 98.11438322067261
468.0 98.18612337112427
469.0 98.18800091743469
470.0 98.084956407547
471.0 97.98976182937622
472.0 98.00175428390503
473.0 97.85823822021484
474.0 97.7634608745575
475.0 97.8025496006012
476.0 97.78395891189575
477.0 97.84170985221863
478.0 97.8854775428772
479.0 97.84548282623291
480.0 98.05710911750793
481.0 98.19504618644714
482.0 98.30724596977234
483.0 98.22138547897339
484.0 98.40348362922668
485.0 98.38974475860596
486.0 98.43847751617432
487.0 98.48472476005554
488.0 98.43398332595825
489.0 98.60038757324219
490.0 98.5308051109314
491.0 98.52496981620789
492.0 98.46363663673401
493.0 98.47930669784546
494.0 98.41369390487671
495.0 98.51315021514893
496.0 98.27445149421692
497.0 98.21541905403137
498.0 98.01827073097229
499.0 98.08263778686523
500.0 98.01055192947388
501.0 97.9649007320404
502.0 97.87259697914124
503.0 97.94089198112488
504.0 97.84975051879883
505.0 97.87636399269104
506.0 97.87219166755676
507.0 97.85404801368713
508.0 97.82726168632507
509.0 97.80029058456421
510.0 97.77677655220032
511.0 97.76945114135742
512.0 97.66142964363098
513.0 97.77600765228271
514.0 97.72347807884216
515.0 97.75910973548889
516.0 97.84459471702576
517.0 97.85409569740295
518.0 97.93159365653992
519.0 97.95024991035461
520.0 97.99866676330566
521.0 98.13708066940308
522.0 98.16089868545532
523.0 98.13681840896606
524.0 98.17243814468384
525.0 98.16254377365112
526.0 98.25182557106018
527.0 98.29856157302856
528.0 98.33004474639893
529.0 98.44219088554382
530.0 98.45973253250122
531.0 98.6323356628418
532.0 98.48098158836365
533.0 98.47294688224792
534.0 98.48241209983826
535.0 98.30450415611267
536.0 98.00038933753967
537.0 97.52063751220703
538.0 96.84696793556213
539.0 95.5500066280365
540.0 93.93683671951294
541.0 91.44451022148132
542.0 88.81311416625977
543.0 85.28127670288086
544.0 80.77404499053955
545.0 76.76456570625305
546.0 71.83342576026917
547.0 67.25453734397888
548.0 62.59235739707947
549.0 58.330899477005005
550.0 54.97545599937439
551.0 51.72237753868103
552.0 49.26667809486389
553.0 46.751633286476135
554.0 43.968984484672546
555.0 40.93250334262848
556.0 36.900755763053894
557.0 32.187557220458984
558.0 26.89596116542816
559.0 21.587543189525604
560.0 16.340038180351257
561.0 11.385268718004227
562.0 7.479439675807953
563.0 4.507971554994583
564.0 2.5236543267965317
565.0 1.260842476040125
566.0 0.6625780835747719
567.0 0.3376339562237263
568.0 0.20003532990813255
569.0 0.1200367696583271
570.0 0.08859127992764115
571.0 0.05804002867080271
572.0 0.05769224953837693
573.0 0.040883751353248954
574.0 0.05042955745011568
575.0 0.03672537568490952
576.0 0.03583418729249388
577.0 0.03252248279750347
578.0 0.03296248032711446
579.0 0.0293142773443833
580.0 0.033045210875570774
581.0 0.023115398653317243
582.0 0.027963786851614714
583.0 0.020191202929709107
584.0 0.025342678418383002
585.0 0.017075893993023783
586.0 0.03212035808246583
587.0 0.015471670485567302
588.0 0.03275336930528283
589.0 0.016603742551524192
590.0 0.015501822053920478
591.0 0.014112069038674235
592.0 0.02144798927474767
593.0 0.015784493007231504
594.0 0.014630555233452469
595.0 0.017588269838597625
596.0 0.022348057245835662
597.0 0.013871611736249179
598.0 0.005034438072470948
599.0 0.005517990939551964
600.0 0.01208484245580621
601.0 0.002037272133748047
602.0 0.002066385422949679
603.0 0.002095498530252371
604.0 0.0019849812815664336
605.0 0.0018744640328804962
606.0 0.001944280302268453
607.0 0.00201409675355535
608.0 0.0019250264813308604
609.0 0.0018359562091063708
610.0 0.0018318116417503916
611.0 0.0018276672562933527
612.0 0.0017839865904534236
613.0 0.001740305742714554
614.0 0.00169082577485824
615.0 0.0016413459889008664
616.0 0.0015478119166800752
617.0 0.0014542776625603437
618.0 0.0016682462955941446
619.0 0.0018822151105268858
620.0 0.0017054784620995633
621.0 0.0015287419955711812
622.0 0.0015394716683658771
623.0 0.001550200795463752
624.0 0.0014187417036737315
625.0 0.001287282611883711
626.0 0.0013454583495331462
627.0 0.0014036340871825814
628.0 0.001477136174798943
629.0 0.0015506384443142451
630.0 0.0015008579794084653
631.0 0.001451077241654275
632.0 0.0013541435691877268
633.0 0.0012572098967211787
634.0 0.0013317543562152423
635.0 0.0014062985428608954
636.0 0.0014297812413133215
637.0 0.001453264121664688
638.0 0.0012666440852626693
639.0 0.0010800241398101207
640.0 0.0011232306860620156
641.0 0.0011664370504149701
642.0 0.0011564517080842052
643.0 0.00114646627480397
644.0 0.00105777544376906
645.0 0.0009690847036836203
646.0 0.001101659654523246
647.0 0.0012342346053628717
648.0 0.0012336041436356027
649.0 0.0012329735909588635
650.0 0.0011839055332529824
651.0 0.001134837293648161
652.0 0.0011571306458790787
653.0 0.0011794241800089367
654.0 0.001113396319851745
655.0 0.0010473686415934935
656.0 0.0010737890079326462
657.0 0.0011002096471202094
658.0 0.001089640772988787
659.0 0.001079072171705775
660.0 0.0010333007594454102
661.0 0.0009875292562355753
662.0 0.0010301117072231136
663.0 0.0010726943401095923
664.0 0.0011116733730887063
665.0 0.00115065231511835
666.0 0.0011500233995320741
667.0 0.0011493942110973876
668.0 0.0011753489161492325
669.0 0.0012013037121505477
670.0 0.0011614693903538864
671.0 0.0011216347957088146
672.0 0.001081804839486722
673.0 0.0010419749742140993
674.0 0.0010338620995753445
675.0 0.0010257492249365896
676.0 0.0011024566447304096
677.0 0.0011791638826252893
678.0 0.001080990750779165
679.0 0.000982817800831981
680.0 0.0009794655852601863
681.0 0.000976113551587332
682.0 0.0010068073606817052
683.0 0.0010375010788266081
684.0 0.001011728363664588
685.0 0.0009859556485025678
686.0 0.0009635600690671708
687.0 0.0009411644896317739
688.0 0.001009636889648391
689.0 0.0010781091987155378
690.0 0.0011215207450732123
691.0 0.0011649324733298272
692.0 0.0011079207979491912
693.0 0.0010509091225685552
694.0 0.0010743708116933703
695.0 0.0010978325917676557
696.0 0.001086518750526011
697.0 0.0010752048183348961
698.0 0.001096239884645911
699.0 0.0011172746781085152
700.0 0.0011591028851398733
701.0 0.001200931001221761
702.0 0.0012096248610760085
703.0 0.0012183185390313156
704.0 0.0011678906048473436
705.0 0.0011174625797139015
706.0 0.0011009455192834139
707.0 0.0010844284588529263
708.0 0.0010984388609358575
709.0 0.0011124492630187888
710.0 0.0012032990525767673
711.0 0.0012941491149831563
712.0 0.0012677964150498156
713.0 0.0012414436241670046
714.0 0.0012725073247565888
715.0 0.0013035709343967028
716.0 0.0014622557500842959
717.0 0.0016209403838729486
718.0 0.0018415672457194887
719.0 0.002062194107566029
720.0 0.0017790578567655757
721.0 0.0014959216059651226
722.0 0.0015234243619488552
723.0 0.0015509272998315282
724.0 0.0016546819097129628
725.0 0.0017584367014933378
726.0 0.0018498629287933
727.0 0.0019412891560932621
728.0 0.002088686051138211
729.0 0.0022360831280821003
730.0 0.002209563535870984
731.0 0.002183043943659868
732.0 0.0019494578737067059
733.0 0.001715871985652484
734.0 0.0014517730960506015
735.0 0.0011876739336003084
736.0 0.0011347971849318128
737.0 0.0010819204362633172
738.0 0.0010352748176956084
739.0 0.0009886292900773697
740.0 0.0009202813998854253
741.0 0.0008519333277945407
742.0 0.0009248292371921707
743.0 0.000997725328488741
744.0 0.0009408876394445542
745.0 0.0008840499504003674
746.0 0.0007545872904302087
747.0 0.0006251245395105798
748.0 0.0007798545993864536
749.0 0.0009345846592623275
750.0 0.0009131434126175009
751.0 0.0008917022569221444
752.0 0.0009250307812180836
753.0 0.0009583593055140227
754.0 0.0009191137905872893
755.0 0.0008798684575594962
756.0 0.0008952362804848235
757.0 0.000910604194359621
758.0 0.0008780022653809283
759.0 0.0008454005183011759
760.0 0.0008090975825325586
761.0 0.0007727945558144711
762.0 0.0007267180535563966
763.0 0.0006806416877225274
764.0 0.0008004874871403445
765.0 0.0009203334229823668
766.0 0.0007729370736342389
767.0 0.0006255406333366409
768.0 0.0006398328878276516
769.0 0.0006541251423186623
770.0 0.0006424367256840924
771.0 0.0006307482635747874
772.0 0.0006592982572328765
773.0 0.0006878481599414954
774.0 0.0006836892680439632
775.0 0.000679530330671696
776.0 0.0007354064109676983
777.0 0.0007912824912637006
778.0 0.0007242019364639418
779.0 0.0006571215180883883
780.0 0.0005943246833339799
781.0 0.0005315277121553663
782.0 0.0005877515832253266
783.0 0.0006439753633458167
784.0 0.0006362641215673648
785.0 0.0006285528797889128
786.0 0.0005563171271205647
787.0 0.00048408146540168673
788.0 0.00039352112253254745
789.0 0.0003029607796634082
790.0 0.0004292779976822203
791.0 0.0005555952611757675
792.0 0.00045566398512164596
793.0 0.0003557327090675244
794.0 0.0003983862370660063
795.0 0.0004410397195897531
796.0 0.0004005205937573919
797.0 0.00036000146792503074
798.0 0.00035374575872992864
799.0 0.00034749004953482654
800.0 0.0003702985850395635
801.0 0.0003931071660190355
802.0 0.00039943852243595757
803.0 0.00040576987885287963
804.0 0.000393355185224209
805.0 0.0003809404688581708
806.0 0.00039129536162363365
807.0 0.00040165027712646406
808.0 0.00040188738239521626
809.0 0.0004021243967144983
810.0 0.0003730830030690413
811.0 0.00034404158668621676
812.0 0.00040487138903699815
813.0 0.0004657012595998822
814.0 0.0004287800948077347
815.0 0.00039185893001558725
816.0 0.00042805741031770594
817.0 0.00046425584514508955
818.0 0.00041100602174992673
819.0 0.0003577561528800288
820.0 0.00043134937186550815
821.0 0.0005049425453762524
822.0 0.00047048138185346033
823.0 0.0004360201273811981
824.0 0.0004123311555304099
825.0 0.0003886421382048866
826.0 0.00048549400162301026
827.0 0.0005823458195663989
828.0 0.0004867983079748228
829.0 0.0003912507963832468
830.0 0.0004460487616597675
831.0 0.0005008466814615531
832.0 0.0005591832632489968
833.0 0.0006175198905111756
834.0 0.00046177938202163205
835.0 0.000306038896269456
836.0 0.0004416905539983418
837.0 0.0005773422344645951
838.0 0.0005968602636130527
839.0 0.0006163783382362453
840.0 0.000509759865963133
841.0 0.0004031413936900208
842.0 0.000441830707131885
843.0 0.00048051992962427903
844.0 0.0004865191840508487
845.0 0.0004925184384774184
846.0 0.00047670605454186443
847.0 0.0004608936251315754
848.0 0.00043175355131097604
849.0 0.0004026133865409065
850.0 0.0004280540906620445
851.0 0.00045349479478318244
852.0 0.0003577912366381497
853.0 0.00026208761028101435
854.0 0.00043750706026912667
855.0 0.0006129264875198714
856.0 0.0005298231371853035
857.0 0.00044671983232547063
858.0 0.0005286001851345645
859.0 0.0006104804924689233
860.0 0.0005721851721318671
861.0 0.000533889851794811
862.0 0.0006255813332245452
863.0 0.0007172728146542795
864.0 0.0006062857664801413
865.0 0.000495298672831268
866.0 0.0005805983164464124
867.0 0.0006658979600615567
868.0 0.0005333166427590186
869.0 0.0004007353709312156
870.0 0.0004001321940449998
871.0 0.0003995289716840489
872.0 0.0004147831077716546
873.0 0.00043003719838452525
874.0 0.00047368516788992565
875.0 0.0005173331828700611
876.0 0.0005173195859242696
877.0 0.0005173059889784781
878.0 0.0005537797733268235
879.0 0.0005902535122004338
880.0 0.0007408426426991355
881.0 0.0008914319550967775
882.0 0.0006119397312431829
883.0 0.00033244759833905846
884.0 0.00045193264668341726
885.0 0.0005714176950277761
886.0 0.0006039927484380314
887.0 0.0006365678927977569
888.0 0.0006988742370594991
889.0 0.0007611805358465062
890.0 0.0006249059424590087
891.0 0.000488631303596776
892.0 0.0005761321062891511
893.0 0.0006636330908804666
894.0 0.0005271077952784253
895.0 0.0003905825451511191
896.0 0.000375666536456265
897.0 0.0003607505277614109
898.0 0.00033570056530152215
899.0 0.00031065060284163337
900.0 0.00033891819839482196
901.0 0.0003671858166853781
902.0 0.00034745949051284697
903.0 0.00032773320981505094
904.0 0.00039714000195090193
905.0 0.0004665467713493854
906.0 0.0004982266091246856
