ts8/transmission_sensor/rtm-019_s01/19700101T000000.ecsv
# %ECSV 0.9
# ---
# datatype:
# - {name: amp_name, datatype: string}
# - {name: wavelength, unit: nm, datatype: float32}
# - {name: efficiency, unit: '%', datatype: float32}
# meta: !!omap
# - {MODE: AMP}
# - {TYPE: QE}
# - {CALIBDATE: '1970-01-01T00:00:00'}
# - {INSTRUME: TS8}
# - {OBSTYPE: qe_curve}
# - {DETECTOR: 136}
# - {PICKLEFILE: RaftRun11808.p}
# - {CALIB_ID: 'raftName=RTM-019 detectorName=S01 detector=136 calibDate=1970-01-01T00:00:00 ccd=136 ccdnum=136 filter=None'}
# - {DATE: '2020-07-23T19:15:37.965198'}
# - {CALIB_CREATION_DATE: '2020-07-23'}
# - {CALIB_CREATION_TIME: '19:15:37'}
# - __serialized_columns__:
#     efficiency:
#       __class__: astropy.units.quantity.Quantity
#       unit: !astropy.units.Unit {unit: '%'}
#       value: !astropy.table.SerializedColumn {name: efficiency}
#     wavelength:
#       __class__: astropy.units.quantity.Quantity
#       unit: !astropy.units.Unit {unit: nm}
#       value: !astropy.table.SerializedColumn {name: wavelength}
# schema: astropy-2.0
amp_name wavelength efficiency
C05 319.994 43.232147
C05 324.969 48.79558
C05 349.982 74.88402
C05 374.975 82.44687
C05 400.019 87.36872
C05 424.965 88.018906
C05 450.035 88.99772
C05 475.003 90.85269
C05 500.018 93.35522
C05 525.002 93.8363
C05 550.029 95.379456
C05 575.023 96.744385
C05 599.982 97.87168
C05 619.997 98.45945
C05 624.979 98.33802
C05 650.012 98.779144
C05 675.004 99.1385
C05 700.03 99.182945
C05 725.012 99.087585
C05 750.022 98.9519
C05 774.987 99.34666
C05 799.976 98.3803
C05 824.988 97.11247
C05 850.022 94.87018
C05 869.967 91.8382
C05 875.002 91.51725
C05 899.999 83.77803
C05 919.999 75.440094
C05 925.012 71.8447
C05 949.965 58.042202
C05 975.002 43.38435
C05 999.976 26.12178
C05 1025.028 11.349901
C05 1050.014 3.9602842
C05 1075.002 2.149929
C05 1099.99 1.695955
C10 319.994 41.307003
C10 324.969 46.60857
C10 349.982 71.54175
C10 374.975 79.61273
C10 400.019 85.95095
C10 424.965 87.2635
C10 450.035 88.575386
C10 475.003 90.623276
C10 500.018 93.25165
C10 525.002 93.82285
C10 550.029 95.43043
C10 575.023 96.84515
C10 599.982 98.01109
C10 619.997 98.6283
C10 624.979 98.51137
C10 650.012 98.975044
C10 675.004 99.34057
C10 700.03 99.30128
C10 725.012 98.92946
C10 750.022 98.439735
C10 774.987 98.494514
C10 799.976 97.40994
C10 824.988 96.20786
C10 850.022 93.94161
C10 869.967 90.94512
C10 875.002 90.6541
C10 899.999 83.20897
C10 919.999 75.20355
C10 925.012 71.74123
C10 949.965 57.496723
C10 975.002 43.006035
C10 999.976 25.930674
C10 1025.028 11.3121605
C10 1050.014 3.9635491
C10 1075.002 2.1489766
C10 1099.99 1.6853746
C13 319.994 42.288715
C13 324.969 47.719955
C13 349.982 73.146576
C13 374.975 80.979324
C13 400.019 86.83756
C13 424.965 87.93745
C13 450.035 89.154785
C13 475.003 91.15711
C13 500.018 93.75928
C13 525.002 94.30514
C13 550.029 95.894646
C13 575.023 97.29595
C13 599.982 98.45242
C13 619.997 99.059044
C13 624.979 98.93301
C13 650.012 99.38817
C13 675.004 99.74078
C13 700.03 99.68216
C13 725.012 99.281586
C13 750.022 98.7644
C13 774.987 98.79325
C13 799.976 97.703735
C13 824.988 96.51457
C13 850.022 94.26683
C13 869.967 91.28755
C13 875.002 91.01581
C13 899.999 83.579735
C13 919.999 75.48801
C13 925.012 71.94751
C13 949.965 57.82073
C13 975.002 43.2205
C13 999.976 26.09241
C13 1025.028 11.379553
C13 1050.014 3.9544656
C13 1075.002 2.1482904
C13 1099.99 1.6957179
C06 319.994 43.48945
C06 324.969 49.085976
C06 349.982 75.26837
C06 374.975 82.75614
C06 400.019 87.57273
C06 424.965 88.18129
C06 450.035 89.14134
C06 475.003 90.98997
C06 500.018 93.49216
C06 525.002 93.967926
C06 550.029 95.50285
C06 575.023 96.86706
C06 599.982 97.99433
C06 619.997 98.57652
C06 624.979 98.45294
C06 650.012 98.889275
C06 675.004 99.25023
C06 700.03 99.29108
C06 725.012 99.20842
C06 750.022 99.086624
C06 774.987 99.49741
C06 799.976 98.54262
C06 824.988 97.288185
C06 850.022 95.04841
C06 869.967 92.098625
C06 875.002 91.78331
C06 899.999 83.948
C06 919.999 75.4266
C06 925.012 71.856705
C06 949.965 58.305588
C06 975.002 43.56068
C06 999.976 26.245554
C06 1025.028 11.430755
C06 1050.014 3.9701164
C06 1075.002 2.1586647
C06 1099.99 1.7074021
C17 319.994 42.97988
C17 324.969 48.499744
C17 349.982 74.17316
C17 374.975 81.706436
C17 400.019 87.17846
C17 424.965 88.1118
C17 450.035 89.25152
C17 475.003 91.21108
C17 500.018 93.78572
C17 525.002 94.29983
C17 550.029 95.86681
C17 575.023 97.24718
C17 599.982 98.37827
C17 619.997 98.966484
C17 624.979 98.84219
C17 650.012 99.27786
C17 675.004 99.61319
C17 700.03 99.558304
C17 725.012 99.19357
C17 750.022 98.735466
C17 774.987 98.828514
C17 799.976 97.785515
C17 824.988 96.65065
C17 850.022 94.53209
C17 869.967 91.583145
C17 875.002 91.29044
C17 899.999 83.65718
C17 919.999 75.806595
C17 925.012 72.40321
C17 949.965 58.177032
C17 975.002 43.1618
C17 999.976 26.092287
C17 1025.028 11.374787
C17 1050.014 4.0465117
C17 1075.002 2.234171
C17 1099.99 1.7363745
C07 319.994 43.493496
C07 324.969 49.089893
C07 349.982 75.24641
C07 374.975 82.670876
C07 400.019 87.43772
C07 424.965 88.033104
C07 450.035 88.98473
C07 475.003 90.828674
C07 500.018 93.320244
C07 525.002 93.79618
C07 550.029 95.33071
C07 575.023 96.68873
C07 599.982 97.80815
C07 619.997 98.38867
C07 624.979 98.26255
C07 650.012 98.697845
C07 675.004 99.0519
C07 700.03 99.0998
C07 725.012 99.03155
C07 750.022 98.931786
C07 774.987 99.36556
C07 799.976 98.42874
C07 824.988 97.180466
C07 850.022 95.01678
C07 869.967 92.10372
C07 875.002 91.79644
C07 899.999 83.72243
C07 919.999 75.41329
C07 925.012 72.00076
C07 949.965 58.46384
C07 975.002 43.671497
C07 999.976 26.30428
C07 1025.028 11.420752
C07 1050.014 3.9852676
C07 1075.002 2.1749856
C07 1099.99 1.721957
C11 319.994 41.60404
C11 324.969 46.942875
C11 349.982 72.02051
C11 374.975 80.01377
C11 400.019 86.20386
C11 424.965 87.44629
C11 450.035 88.7279
C11 475.003 90.76146
C11 500.018 93.38327
C11 525.002 93.94475
C11 550.029 95.54102
C11 575.023 96.95118
C11 599.982 98.11632
C11 619.997 98.72882
C11 624.979 98.60642
C11 650.012 99.07035
C11 675.004 99.43189
C11 700.03 99.38618
C11 725.012 98.99842
C11 750.022 98.49183
C11 774.987 98.53317
C11 799.976 97.444084
C11 824.988 96.24266
C11 850.022 93.989365
C11 869.967 90.99372
C11 875.002 90.69872
C11 899.999 83.224335
C11 919.999 75.274055
C11 925.012 71.83006
C11 949.965 57.582333
C11 975.002 43.01192
C11 999.976 25.953945
C11 1025.028 11.297002
C11 1050.014 3.9560041
C11 1075.002 2.1539698
C11 1099.99 1.6906775
C12 319.994 41.870518
C12 324.969 47.245045
C12 349.982 72.46899
C12 374.975 80.36352
C12 400.019 86.371796
C12 424.965 87.53966
C12 450.035 88.78908
C12 475.003 90.79937
C12 500.018 93.41237
C12 525.002 93.961845
C12 550.029 95.55692
C12 575.023 96.96055
C12 599.982 98.11824
C12 619.997 98.723755
C12 624.979 98.605064
C12 650.012 99.06475
C12 675.004 99.41944
C12 700.03 99.36342
C12 725.012 98.96887
C12 750.022 98.45896
C12 774.987 98.48894
C12 799.976 97.39911
C12 824.988 96.20691
C12 850.022 93.959114
C12 869.967 90.97272
C12 875.002 90.69046
C12 899.999 83.2009
C12 919.999 75.17472
C12 925.012 71.770355
C12 949.965 57.588985
C12 975.002 43.09616
C12 999.976 26.039698
C12 1025.028 11.315939
C12 1050.014 3.944207
C12 1075.002 2.1452806
C12 1099.99 1.6900002
C01 319.994 42.35037
C01 324.969 47.79171
C01 349.982 73.54465
C01 374.975 81.555176
C01 400.019 86.91209
C01 424.965 87.72855
C01 450.035 88.769104
C01 475.003 90.65613
C01 500.018 93.17782
C01 525.002 93.678604
C01 550.029 95.23518
C01 575.023 96.62178
C01 599.982 97.77191
C01 619.997 98.378334
C01 624.979 98.2558
C01 650.012 98.71695
C01 675.004 99.094154
C01 700.03 99.1503
C01 725.012 99.055016
C01 750.022 98.90571
C01 774.987 99.286896
C01 799.976 98.301895
C01 824.988 97.0161
C01 850.022 94.78226
C01 869.967 91.692345
C01 875.002 91.37598
C01 899.999 83.456856
C01 919.999 75.22017
C01 925.012 71.86573
C01 949.965 58.08004
C01 975.002 43.274864
C01 999.976 26.059559
C01 1025.028 11.24623
C01 1050.014 3.9640384
C01 1075.002 2.1620457
C01 1099.99 1.6968746
C04 319.994 43.047493
C04 324.969 48.58226
C04 349.982 74.62714
C04 374.975 82.3232
C04 400.019 87.33447
C04 424.965 88.013885
C04 450.035 89.002525
C04 475.003 90.85988
C04 500.018 93.366264
C04 525.002 93.848335
C04 550.029 95.39684
C04 575.023 96.770096
C04 599.982 97.904015
C04 619.997 98.49948
C04 624.979 98.376015
C04 650.012 98.82108
C04 675.004 99.189606
C04 700.03 99.232834
C04 725.012 99.134514
C04 750.022 98.98661
C04 774.987 99.37203
C04 799.976 98.396385
C04 824.988 97.123726
C04 850.022 94.895485
C04 869.967 91.81473
C04 875.002 91.48632
C04 899.999 83.71708
C04 919.999 75.48279
C04 925.012 71.99567
C04 949.965 58.021915
C04 975.002 43.37771
C04 999.976 26.104425
C04 1025.028 11.323323
C04 1050.014 3.9674842
C04 1075.002 2.1531718
C04 1099.99 1.6943659
C03 319.994 42.850754
C03 324.969 48.35681
C03 349.982 74.310974
C03 374.975 82.0945
C03 400.019 87.1823
C03 424.965 87.889046
C03 450.035 88.88408
C03 475.003 90.74466
C03 500.018 93.24754
C03 525.002 93.73681
C03 550.029 95.28108
C03 575.023 96.65664
C03 599.982 97.7966
C03 619.997 98.38931
C03 624.979 98.26695
C03 650.012 98.71865
C03 675.004 99.088394
C03 700.03 99.13729
C03 725.012 99.033676
C03 750.022 98.88198
C03 774.987 99.2628
C03 799.976 98.280365
C03 824.988 97.00826
C03 850.022 94.78758
C03 869.967 91.714066
C03 875.002 91.3932
C03 899.999 83.52287
C03 919.999 75.30395
C03 925.012 71.920395
C03 949.965 58.121025
C03 975.002 43.351097
C03 999.976 26.119211
C03 1025.028 11.298512
C03 1050.014 3.9666243
C03 1075.002 2.1604652
C03 1099.99 1.6978449
C15 319.994 42.619728
C15 324.969 48.093582
C15 349.982 73.59821
C15 374.975 81.19769
C15 400.019 86.84405
C15 424.965 87.851295
C15 450.035 89.025894
C15 475.003 90.99899
C15 500.018 93.582344
C15 525.002 94.10734
C15 550.029 95.68272
C15 575.023 97.06671
C15 599.982 98.20556
C15 619.997 98.800186
C15 624.979 98.67674
C15 650.012 99.115074
C15 675.004 99.456566
C15 700.03 99.391426
C15 725.012 98.99605
C15 750.022 98.49292
C15 774.987 98.537544
C15 799.976 97.467255
C15 824.988 96.30734
C15 850.022 94.115906
C15 869.967 91.14524
C15 875.002 90.94445
C15 899.999 83.40865
C15 919.999 75.45791
C15 925.012 71.83299
C15 949.965 57.912647
C15 975.002 43.13635
C15 999.976 26.015827
C15 1025.028 11.389158
C15 1050.014 3.9525557
C15 1075.002 2.1581218
C15 1099.99 1.7053
C14 319.994 42.375572
C14 324.969 47.818607
C14 349.982 73.23263
C14 374.975 80.94557
C14 400.019 86.6988
C14 424.965 87.751396
C14 450.035 88.94624
C14 475.003 90.92978
C14 500.018 93.51826
C14 525.002 94.05065
C14 550.029 95.63279
C14 575.023 97.02232
C14 599.982 98.16714
C14 619.997 98.766014
C14 624.979 98.64073
C14 650.012 99.090935
C14 675.004 99.43561
C14 700.03 99.37301
C14 725.012 98.971954
C14 750.022 98.45955
C14 774.987 98.49064
C14 799.976 97.40964
C14 824.988 96.23295
C14 850.022 94.00647
C14 869.967 91.055336
C14 875.002 90.78695
C14 899.999 83.38516
C14 919.999 75.27469
C14 925.012 71.7079
C14 949.965 57.803947
C14 975.002 43.05877
C14 999.976 26.076164
C14 1025.028 11.359687
C14 1050.014 3.9400287
C14 1075.002 2.145842
C14 1099.99 1.6954718
C00 319.994 42.067467
C00 324.969 47.4685
C00 349.982 73.11574
C00 374.975 81.21305
C00 400.019 86.66038
C00 424.965 87.515396
C00 450.035 88.57527
C00 475.003 90.46662
C00 500.018 92.9931
C00 525.002 93.49959
C00 550.029 95.06066
C00 575.023 96.45083
C00 599.982 97.60395
C00 619.997 98.21493
C00 624.979 98.09441
C00 650.012 98.56206
C00 675.004 98.94329
C00 700.03 99.004585
C00 725.012 98.91334
C00 750.022 98.77138
C00 774.987 99.16088
C00 799.976 98.176605
C00 824.988 96.88669
C00 850.022 94.65574
C00 869.967 91.53877
C00 875.002 91.21003
C00 899.999 83.291275
C00 919.999 75.00521
C00 925.012 71.66353
C00 949.965 57.990704
C00 975.002 43.150208
C00 999.976 25.991823
C00 1025.028 11.245896
C00 1050.014 3.964885
C00 1075.002 2.156193
C00 1099.99 1.6911616
C16 319.994 42.90095
C16 324.969 48.41108
C16 349.982 74.02691
C16 374.975 81.58486
C16 400.019 87.10635
C16 424.965 88.07141
C16 450.035 89.22668
C16 475.003 91.192635
C16 500.018 93.772095
C16 525.002 94.29197
C16 550.029 95.86446
C16 575.023 97.24652
C16 599.982 98.378784
C16 619.997 98.96922
C16 624.979 98.844536
C16 650.012 99.28402
C16 675.004 99.618385
C16 700.03 99.55861
C16 725.012 99.17508
C16 750.022 98.68861
C16 774.987 98.7546
C16 799.976 97.69063
C16 824.988 96.54541
C16 850.022 94.38448
C16 869.967 91.458336
C16 875.002 91.17483
C16 899.999 83.56055
C16 919.999 75.51493
C16 925.012 72.14424
C16 949.965 58.07029
C16 975.002 43.25524
C16 999.976 26.15803
C16 1025.028 11.364895
C16 1050.014 3.9763868
C16 1075.002 2.1874626
C16 1099.99 1.7216876
C02 319.994 42.716198
C02 324.969 48.200832
C02 349.982 74.1141
C02 374.975 82.03587
C02 400.019 87.29312
C02 424.965 88.06919
C02 450.035 89.09227
C02 475.003 90.97107
C02 500.018 93.49082
C02 525.002 93.986115
C02 550.029 95.54123
C02 575.023 96.92585
C02 599.982 98.07131
C02 619.997 98.67391
C02 624.979 98.551056
C02 650.012 99.005775
C02 675.004 99.38573
C02 700.03 99.43385
C02 725.012 99.33516
C02 750.022 99.1822
C02 774.987 99.56417
C02 799.976 98.57878
C02 824.988 97.297226
C02 850.022 95.06469
C02 869.967 91.99808
C02 875.002 91.67775
C02 899.999 83.74573
C02 919.999 75.56244
C02 925.012 72.1695
C02 949.965 58.315998
C02 975.002 43.47957
C02 999.976 26.171324
C02 1025.028 11.311718
C02 1050.014 3.9800887
C02 1075.002 2.1692264
C02 1099.99 1.7046108
