lsstCam/transmission_filter_detector/r01_s02/g_6/19700101T000000.ecsv
# %ECSV 1.0
# ---
# datatype:
# - {name: wavelength, unit: nm, datatype: float32}
# - {name: efficiency, unit: '%', datatype: float64}
# meta: !!omap
# - {MODE: DETECTOR}
# - {TYPE: transmission_filter_detector}
# - {CALIBDATE: '1970-01-01T00:00:00'}
# - {INSTRUME: LSSTCam}
# - {OBSTYPE: transmission_filter_detector}
# - {CALIBCLS: lsst.ip.isr.IntermediateFilterDetectorTransmissionCurve}
# - {SOURCE: Materion (DM-46256)}
# - {DETECTOR: 2}
# - {FILTER: g_6}
# - {CALIB_ID: 'calibDate=1970-01-01T00:00:00 filter=g_6 detector=2'}
# - {DATE: '2025-04-02T15:59:42.039919'}
# - {CALIB_CREATION_DATE: '2025-04-02'}
# - {CALIB_CREATION_TIME: '15:59:42'}
# - __serialized_columns__:
#     efficiency:
#       __class__: astropy.units.quantity.Quantity
#       unit: !astropy.units.Unit {unit: '%'}
#       value: !astropy.table.SerializedColumn {name: efficiency}
#     wavelength:
#       __class__: astropy.units.quantity.Quantity
#       unit: !astropy.units.Unit {unit: nm}
#       value: !astropy.table.SerializedColumn {name: wavelength}
# schema: astropy-2.0
wavelength efficiency
300.0 0.5160429049283266
301.0 0.3845171304419637
302.0 0.25299128610640764
303.0 0.2245013602077961
304.0 0.19601141102612019
305.0 0.20333193242549896
306.0 0.21065245382487774
307.0 0.21951773669570684
308.0 0.22838299628347158
309.0 0.2232041908428073
310.0 0.21802543196827173
311.0 0.21030239295214415
312.0 0.2025794005021453
313.0 0.1989774638786912
314.0 0.19537550397217274
315.0 0.18595332512632012
316.0 0.17653118120506406
317.0 0.1762061263434589
318.0 0.17588110640645027
319.0 0.15984565252438188
320.0 0.14381016371771693
321.0 0.1387649797834456
322.0 0.13371980749070644
323.0 0.11505755828693509
324.0 0.09639534982852638
325.0 0.08725790539756417
326.0 0.07812047260813415
327.0 0.07124752155505121
328.0 0.06437456468120217
329.0 0.0619187718257308
330.0 0.059462967328727245
331.0 0.05507614114321768
332.0 0.05068932077847421
333.0 0.047208761679939926
334.0 0.043728205491788685
335.0 0.04190770850982517
336.0 0.040087211527861655
337.0 0.041104480624198914
338.0 0.04212174681015313
339.0 0.0407210347475484
340.0 0.03932031977456063
341.0 0.03758754173759371
342.0 0.03585476370062679
343.0 0.03244602121412754
344.0 0.029037281638011336
345.0 0.02575873804744333
346.0 0.02248019154649228
347.0 0.02109869965352118
348.0 0.019717204850167036
349.0 0.018100449233315885
350.0 0.46404548920691013
351.0 1.1043581180274487
352.0 0.5720570217818022
353.0 0.6070991512387991
354.0 0.5464591551572084
355.0 0.888589397072792
356.0 0.6249704863876104
357.0 0.8408723399043083
358.0 0.6126458290964365
359.0 0.8544247597455978
360.0 0.6542615126818419
361.0 0.5288670770823956
362.0 0.6790259853005409
363.0 0.7260449230670929
364.0 0.6055199075490236
365.0 0.7445152383297682
366.0 0.5075088236480951
367.0 0.585129763931036
368.0 0.4832915961742401
369.0 0.558511121198535
370.0 0.3820882411673665
371.0 0.5378204863518476
372.0 0.3952605649828911
373.0 0.5851901601999998
374.0 0.43238732032477856
375.0 0.5428585223853588
376.0 0.35062755923718214
377.0 0.4705382976680994
378.0 0.3499257145449519
379.0 0.49359132535755634
380.0 0.35071608144789934
381.0 0.4711870104074478
382.0 0.5422586109489202
383.0 0.579211488366127
384.0 0.5555874668061733
385.0 0.6154694128781557
386.0 0.7095948792994022
387.0 0.7539473474025726
388.0 1.033856626600027
389.0 1.3361048884689808
390.0 2.045157365500927
391.0 3.2432276755571365
392.0 5.002856999635696
393.0 7.958652824163437
394.0 11.903885751962662
395.0 17.12793856859207
396.0 23.501186072826385
397.0 31.41513466835022
398.0 40.483659505844116
399.0 50.02567172050476
400.0 59.37877893447876
401.0 68.11163425445557
402.0 75.865238904953
403.0 82.00835585594177
404.0 86.29552125930786
405.0 89.44310545921326
406.0 91.13941192626953
407.0 92.43924021720886
408.0 93.1975781917572
409.0 93.43990683555603
410.0 93.50097179412842
411.0 93.26987266540527
412.0 92.91884899139404
413.0 92.7150547504425
414.0 92.57698059082031
415.0 92.87333488464355
416.0 93.30728054046631
417.0 93.74220371246338
418.0 94.1934883594513
419.0 94.7435736656189
420.0 95.26159763336182
421.0 95.82778215408325
422.0 95.81446647644043
423.0 96.03262543678284
424.0 95.75887322425842
425.0 95.6834077835083
426.0 95.61662077903748
427.0 95.54678201675415
428.0 95.51786184310913
429.0 95.34022212028503
430.0 95.30365467071533
431.0 95.34337520599365
432.0 95.4293429851532
433.0 95.4924464225769
434.0 95.51016688346863
435.0 95.66215872764587
436.0 95.7068681716919
437.0 95.69513201713562
438.0 95.72876691818237
439.0 95.94415426254272
440.0 95.83737850189209
441.0 96.02461457252502
442.0 95.89847922325134
443.0 95.82874178886414
444.0 95.73167562484741
445.0 95.49669623374939
446.0 95.37330865859985
447.0 95.21217346191406
448.0 95.3195869922638
449.0 95.53540349006653
450.0 95.74431777000427
451.0 95.99007368087769
452.0 96.15938663482666
453.0 96.26520872116089
454.0 96.34880423545837
455.0 96.60680294036865
456.0 96.68968915939331
457.0 96.91200256347656
458.0 96.85922861099243
459.0 96.80919647216797
460.0 96.83663845062256
461.0 96.93347215652466
462.0 96.8529760837555
463.0 96.73764705657959
464.0 96.86946868896484
465.0 96.76492214202881
466.0 96.69615030288696
467.0 96.74943089485168
468.0 96.75543904304504
469.0 96.83728814125061
470.0 96.63911461830139
471.0 96.53013944625854
472.0 96.58088684082031
473.0 96.48968577384949
474.0 96.41989469528198
475.0 96.45625948905945
476.0 96.51066064834595
477.0 96.60369157791138
478.0 96.77522778511047
479.0 96.67457938194275
480.0 96.9046950340271
481.0 96.98507785797119
482.0 97.17465043067932
483.0 97.05138802528381
484.0 97.2796618938446
485.0 97.22936749458313
486.0 97.28457927703857
487.0 97.3159909248352
488.0 97.30131030082703
489.0 97.35626578330994
490.0 97.38590121269226
491.0 97.45071530342102
492.0 97.40830063819885
493.0 97.39134311676025
494.0 97.31114506721497
495.0 97.44976162910461
496.0 97.26462364196777
497.0 97.13043570518494
498.0 96.98460698127747
499.0 97.03906178474426
500.0 96.93054556846619
501.0 96.9114899635315
502.0 96.89571857452393
503.0 97.06281423568726
504.0 96.87305092811584
505.0 96.90183401107788
506.0 96.87870740890503
507.0 96.81693911552429
508.0 96.83520197868347
509.0 96.88228368759155
510.0 96.77360653877258
511.0 96.79607152938843
512.0 96.71444892883301
513.0 96.80533409118652
514.0 96.80308103561401
515.0 96.8088150024414
516.0 96.88615798950195
517.0 96.90579771995544
518.0 96.98339700698853
519.0 96.98335528373718
520.0 97.02821373939514
521.0 97.07000255584717
522.0 97.11321592330933
523.0 97.0736026763916
524.0 97.09142446517944
525.0 97.02948331832886
526.0 97.174733877182
527.0 97.11902737617493
528.0 97.17662334442139
529.0 97.2521424293518
530.0 97.31342196464539
531.0 97.39805459976196
532.0 97.28519320487976
533.0 97.21888899803162
534.0 97.17656970024109
535.0 96.9123125076294
536.0 96.4016318321228
537.0 95.56849598884583
538.0 94.55176591873169
539.0 92.73588061332703
540.0 90.61586260795593
541.0 87.43315935134888
542.0 84.26628708839417
543.0 80.14020919799805
544.0 75.18466114997864
545.0 70.9044337272644
546.0 65.95054268836975
547.0 61.62232160568237
548.0 57.5035035610199
549.0 53.92504930496216
550.0 51.23664736747742
551.0 48.5310435295105
552.0 46.216970682144165
553.0 43.48318874835968
554.0 40.11482000350952
555.0 36.274147033691406
556.0 31.35095238685608
557.0 25.949203968048096
558.0 20.431260764598846
559.0 15.325716137886047
560.0 10.782510787248611
561.0 6.865232437849045
562.0 4.159316420555115
563.0 2.2943783551454544
564.0 1.1853287927806377
565.0 0.5665442906320095
566.0 0.3111358731985092
567.0 0.15691814478486776
568.0 0.11408040300011635
569.0 0.07103479583747685
570.0 0.05238734884187579
571.0 0.03371679631527513
572.0 0.05297786556184292
573.0 0.025967470719479024
574.0 0.03200705687049776
575.0 0.028080103220418096
576.0 0.029806102975271642
577.0 0.025281499256379902
578.0 0.03486093191895634
579.0 0.01662777503952384
580.0 0.02178249997086823
581.0 0.011485935101518407
582.0 0.020766438683494925
583.0 0.016393023543059826
584.0 0.024039660638663918
585.0 0.019987774430774152
586.0 0.020797760225832462
587.0 0.00456556626886595
588.0 0.012649715063162148
589.0 0.012028185301460326
590.0 0.021158115123398602
591.0 0.01250282657565549
592.0 0.017989166371989995
593.0 0.00576038182771299
594.0 0.017857698549050838
595.0 0.010128274880116805
596.0 0.002894527278840542
597.0 0.011395597539376467
598.0 0.008383032400161028
599.0 0.006386894528986886
600.0 0.010529802239034325
601.0 0.0022652589905192144
602.0 0.0023678985598962754
603.0 0.002470537947374396
604.0 0.0022508516849484295
605.0 0.0020311657863203436
606.0 0.0020796345779672265
607.0 0.0021281033696141094
608.0 0.001913445521495305
609.0 0.0016987880371743813
610.0 0.001768381116562523
611.0 0.0018379741959506646
612.0 0.0017718721210258082
613.0 0.0017057698642020114
614.0 0.001726675509416964
615.0 0.0017475813365308568
616.0 0.0018886146790464409
617.0 0.002029648021562025
618.0 0.0018632257706485689
619.0 0.0016968035197351128
620.0 0.001710536889731884
621.0 0.0017242702597286552
622.0 0.0015635512681910768
623.0 0.0014028320038050879
624.0 0.0014143946827971376
625.0 0.0014259573617891874
626.0 0.001349565172859002
627.0 0.001273173256777227
628.0 0.0013641836630995385
629.0 0.0014551946151186712
630.0 0.0013420351933746133
631.0 0.0012288756806810852
632.0 0.0013765709809376858
633.0 0.0015242659173964057
634.0 0.0014328801626106724
635.0 0.0013414942259259988
636.0 0.0013277366633701604
637.0 0.001313979646511143
638.0 0.0011984750017290935
639.0 0.001082970356947044
640.0 0.0010802170436363667
641.0 0.0010774633665278088
642.0 0.001261771558347391
643.0 0.0014460799320659135
644.0 0.0013671972737938631
645.0 0.001288314251723932
646.0 0.0012420703569659963
647.0 0.0011958263712585904
648.0 0.0010654258403519634
649.0 0.0009350252184958663
650.0 0.0011554460797924548
651.0 0.0013758665772911627
652.0 0.0011632884707069024
653.0 0.0009507103641226422
654.0 0.0010749681678134948
655.0 0.0011992260624538176
656.0 0.001183673975901911
657.0 0.0011681217984005343
658.0 0.0010793736691994127
659.0 0.0009906259037961718
660.0 0.0009529472663416527
661.0 0.0009152684469881933
662.0 0.0010232662134512793
663.0 0.0011312642527627759
664.0 0.0011657831237243954
665.0 0.0012003017218376044
666.0 0.001117387910198886
667.0 0.001034473825711757
668.0 0.001086475185729796
669.0 0.0011384765457478352
670.0 0.0011504801477713045
671.0 0.0011624836588453036
672.0 0.0011423734576965217
673.0 0.0011222631655982696
674.0 0.001112433983507799
675.0 0.001102604619518388
676.0 0.0010308813216397539
677.0 0.0009591575690137688
678.0 0.0010692911928344984
679.0 0.001179424907604698
680.0 0.0010570334779913537
681.0 0.000934641866479069
682.0 0.0009807009519136045
683.0 0.0010267599463986699
684.0 0.0009158718057733495
685.0 0.0008049833922996186
686.0 0.0009328504347649869
687.0 0.0010607174772303551
688.0 0.0010726790605986025
689.0 0.00108464064396685
690.0 0.0009773204510565847
691.0 0.0008700001671968494
692.0 0.000875864498084411
693.0 0.0008817288289719727
694.0 0.000995977006823523
695.0 0.001110225002776133
696.0 0.0010878013199544512
697.0 0.0010653771823854186
698.0 0.001212191637023352
699.0 0.0013590060007118154
700.0 0.001143938789027743
701.0 0.0009288713954447303
702.0 0.0010649458090483677
703.0 0.0012010201317025349
704.0 0.0012057676030963194
705.0 0.0012105147106922232
706.0 0.0011636926501523703
707.0 0.0011168704986630473
708.0 0.0010632343219185714
709.0 0.0010095983270730358
710.0 0.001150001844507642
711.0 0.001290405634790659
712.0 0.0011780527529481333
713.0 0.001065700053004548
714.0 0.001138882271334296
715.0 0.0012120647625124548
716.0 0.0014129343071545009
717.0 0.0016138041246449575
718.0 0.001911186336656101
719.0 0.0022085685486672446
720.0 0.0018289307263330556
721.0 0.0014492928130493965
722.0 0.0015486555639654398
723.0 0.0016480185877298936
724.0 0.0016129690266097896
725.0 0.0015779191016918048
726.0 0.0016882235286175273
727.0 0.0017985279555432498
728.0 0.0018849865227821283
729.0 0.001971445271919947
730.0 0.0019502826035022736
731.0 0.0019291201169835404
732.0 0.0018312841348233633
733.0 0.0017334483345621265
734.0 0.0015448495105374604
735.0 0.0013562511412601452
736.0 0.0012367988347250503
737.0 0.0011173462553415447
738.0 0.0011271730727457907
739.0 0.0011369998901500367
740.0 0.0010014016879722476
741.0 0.0008658034857944585
742.0 0.0008457003787043504
743.0 0.0008255973625637125
744.0 0.0009768520612851717
745.0 0.0011281069419055711
746.0 0.0010976897101500072
747.0 0.0010672725693439133
748.0 0.0012031977348669898
749.0 0.0013391230822890066
750.0 0.0011056164112233091
751.0 0.0008721101039554924
752.0 0.0007968366844579577
753.0 0.0007215636287583038
754.0 0.0008185720616893377
755.0 0.0009155805855698418
756.0 0.000856285168993054
757.0 0.0007969897524162661
758.0 0.0008316476851177868
759.0 0.0008663059816171881
760.0 0.0006932724318176042
761.0 0.0005202389274927555
762.0 0.0005308786967361812
763.0 0.0005415183750301367
764.0 0.0007285436367965303
765.0 0.0009155691259365994
766.0 0.0007458282652805792
767.0 0.0005760875410487643
768.0 0.000494260848427075
769.0 0.0004124341103306506
770.0 0.000365243840860785
771.0 0.00031805359412828693
772.0 0.0005296972631185781
773.0 0.0007413410003209719
774.0 0.0008291574886243325
775.0 0.0009169741133518983
776.0 0.0008917059858504217
777.0 0.0008664379492984153
778.0 0.0008344433808815666
779.0 0.0008024488124647178
780.0 0.000737088339519687
781.0 0.0006717278665746562
782.0 0.0006389070222212467
783.0 0.0006060860869183671
784.0 0.0007167491276049986
785.0 0.0008274121682916302
786.0 0.0007382131570921047
787.0 0.0006490145551651949
788.0 0.0004364005690149497
789.0 0.00022378667381417472
790.0 0.00022831875412521185
791.0 0.00023285081169888144
792.0 0.000272325701189402
793.0 0.0003118005906799226
794.0 0.0002160612893931102
795.0 0.0001203219881062978
796.0 0.0003330300160087063
797.0 0.0005457380211737473
798.0 0.0005167078597878572
799.0 0.00048767769840196706
800.0 0.0005345238150766818
801.0 0.0005813700681756018
802.0 0.0004462408469407819
803.0 0.0003111116939180647
804.0 0.00025307206215074984
805.0 0.00019503249859553762
806.0 0.00026310308385291137
807.0 0.0003311736691102851
808.0 0.0004151865596213611
809.0 0.000499199450132437
810.0 0.0003988086973549798
811.0 0.00029841787636541994
812.0 0.00029444865958794253
813.0 0.00029047939733573003
814.0 0.0003629404091043398
815.0 0.000435401398135582
816.0 0.0004474689376365859
817.0 0.00045953634071338456
818.0 0.000332915215039975
819.0 0.000206294112103933
820.0 0.0003768572241824586
821.0 0.0005474202680488816
822.0 0.00042444016798981465
823.0 0.00030146006793074775
824.0 0.00041074954424402677
825.0 0.0005200389750825707
826.0 0.0006091165687394096
827.0 0.0006981941169215133
828.0 0.000597413963987492
829.0 0.0004966337655787356
830.0 0.000400507315134746
831.0 0.00030438093290285906
832.0 0.0004468003680813126
833.0 0.0005892197805223987
834.0 0.0005202393822401064
835.0 0.00045125898395781405
836.0 0.000495583344672923
837.0 0.000539907750862767
838.0 0.0004962954335496761
839.0 0.0004526831162365852
840.0 0.0005361797775549348
841.0 0.0006196763479238143
842.0 0.00034791655707522295
843.0 7.615662980242632e-05
844.0 9.50942649069475e-05
845.0 0.00011403190001146868
846.0 0.00042187029976048507
847.0 0.0007297088359337067
848.0 0.0005927467100264039
849.0 0.0004557847205433063
850.0 0.0004965608241036534
851.0 0.0005373369731387356
852.0 0.000610982533544302
853.0 0.0006846277756267227
854.0 0.0006458955340349348
855.0 0.0006071631560189417
856.0 0.0005650236744259018
857.0 0.0005228842383075971
858.0 0.0005293375124892918
859.0 0.0005357907866709866
860.0 0.0005024811798648443
861.0 0.00046917161853343714
862.0 0.00047729954530950636
863.0 0.00048542751756031066
864.0 0.0004891250682703685
865.0 0.0004928227099298965
866.0 0.0005272765520203393
867.0 0.0005617304850602522
868.0 0.0007269861271197442
869.0 0.0008922417691792361
870.0 0.0006617583949264372
871.0 0.00043127483877469786
872.0 0.0003260804305682541
873.0 0.0002208859086749726
874.0 0.0003198171270923922
875.0 0.0004187483227724442
876.0 0.0005679086370946607
877.0 0.000717068905942142
878.0 0.0006916311576787848
879.0 0.0006661933184659574
880.0 0.0006432052487070905
881.0 0.0006202174972713692
882.0 0.0005452171080833068
883.0 0.00047021694626891986
884.0 0.0005989327746647177
885.0 0.0007276487394847209
886.0 0.0007847477718314622
887.0 0.0008418471225013491
888.0 0.0006382038918673061
889.0 0.00043456079765746836
890.0 0.0004901549345959211
891.0 0.000545749162483844
892.0 0.0005250927642919123
893.0 0.0005044364570494508
894.0 0.0004879182142758509
895.0 0.0004714000169769861
896.0 0.00027302846774546197
897.0 7.46569014609122e-05
898.0 0.0002839287617462105
899.0 0.0004932006049784832
900.0 0.0003844364528049482
901.0 0.0002756722324193106
902.0 0.00047867506509646773
903.0 0.0006816779205109924
904.0 0.0003803357685683295
905.0 7.899355978224776e-05
906.0 0.0003024432317033643
