lsstCam/transmission_filter_detector/r01_s02/g_6/19700101T000000.ecsv
# %ECSV 1.0
# ---
# datatype:
# - {name: wavelength, unit: nm, datatype: float32}
# - {name: efficiency, unit: '%', datatype: float64}
# meta: !!omap
# - {MODE: DETECTOR}
# - {TYPE: transmission_filter_detector}
# - {CALIBDATE: '1970-01-01T00:00:00'}
# - {INSTRUME: LSSTCam}
# - {OBSTYPE: transmission_filter_detector}
# - {CALIBCLS: lsst.ip.isr.IntermediateFilterDetectorTransmissionCurve}
# - {SOURCE: Materion (DM-46256)}
# - {DETECTOR: 2}
# - {FILTER: g_6}
# - {CALIB_ID: 'calibDate=1970-01-01T00:00:00 filter=g_6 detector=2'}
# - {DATE: '2025-04-02T15:59:42.039919'}
# - {CALIB_CREATION_DATE: '2025-04-02'}
# - {CALIB_CREATION_TIME: '15:59:42'}
# - __serialized_columns__:
#     efficiency:
#       __class__: astropy.units.quantity.Quantity
#       unit: !astropy.units.Unit {unit: '%'}
#       value: !astropy.table.SerializedColumn {name: efficiency}
#     wavelength:
#       __class__: astropy.units.quantity.Quantity
#       unit: !astropy.units.Unit {unit: nm}
#       value: !astropy.table.SerializedColumn {name: wavelength}
# schema: astropy-2.0
wavelength efficiency
[from data line 608]
908.0 0.0004816191903955769
909.0 0.0004373455340100918
910.0 0.00035210773603466805
911.0 0.00026686991532187676
912.0 0.00037735162550234236
913.0 0.0004878334038949106
914.0 0.0002947725988633465
915.0 0.00010171181656914996
916.0 0.00012470770798245212
917.0 0.0001477035539210192
918.0 0.00021796631699544378
919.0 0.00028822908006986836
920.0 0.000303625779451977
921.0 0.00031902247883408563
922.0 0.0004989822627976537
923.0 0.0006789420240238542
924.0 0.000595470737607684
925.0 0.0005119994057167787
926.0 0.0005096041149954544
927.0 0.0005072089606983354
928.0 0.0005078856702311896
929.0 0.0005085624707135139
930.0 0.000521055380886537
931.0 0.0005335483820090303
932.0 0.00048809552026796155
933.0 0.00044264270400162786
934.0 0.0004479403742152499
935.0 0.00045323804442887194
936.0 0.000529148837813409
937.0 0.0006050596311979461
938.0 0.0006971149105083896
939.0 0.000789170189818833
940.0 0.0007092948635545326
941.0 0.0006294193553912919
942.0 0.0007383744559774641
943.0 0.0008473295565636363
944.0 0.0006469132131314836
945.0 0.0004464968242245959
946.0 0.0004728426119982032
947.0 0.0004991883542970754
948.0 0.0008431583410128951
949.0 0.0011871286005771253
950.0 0.0009764953574631363
951.0 0.0007658621143491473
952.0 0.00080833397078095
953.0 0.0008508057362632826
954.0 0.0007666313649679068
955.0 0.0006824571300967364
956.0 0.0006261932867346331
957.0 0.0005699292614735896
958.0 0.00067405362642603
959.0 0.0007781780368532054
960.0 0.0006600650067412062
961.0 0.0005419518402050016
962.0 0.0006021470198902534
963.0 0.0006623421541007701
964.0 0.0007573076800326817
965.0 0.000852273115015123
966.0 0.0008663165317557286
967.0 0.0008803599484963343
968.0 0.0007842108061595354
969.0 0.0006880617547722068
970.0 0.0006585729806829477
971.0 0.0006290842975431588
972.0 0.0007580262263218174
973.0 0.000886968155100476
974.0 0.0008542307114112191
975.0 0.0008214935405703727
976.0 0.0008494372195855249
977.0 0.0008773811714490876
978.0 0.0009480980224907398
979.0 0.001018814873532392
980.0 0.001101250290957978
981.0 0.001183685799333034
982.0 0.0010907445357588585
983.0 0.0009978031812352128
984.0 0.0010040970664704219
985.0 0.0010103912245540414
986.0 0.0011468790944491047
987.0 0.0012833667824452277
988.0 0.0013440985640045255
989.0 0.0014048302546143532
990.0 0.001503241674072342
991.0 0.0016016532754292712
992.0 0.0016154135664692149
993.0 0.0016291738575091586
994.0 0.0016001678886823356
995.0 0.0015711619198555127
996.0 0.0014341751921165269
997.0 0.001297188373428071
998.0 0.0013916938769398257
999.0 0.0014861994714010507
1000.0 0.00138868481371901
1001.0 0.0012911697922390886
1002.0 0.0012037731721648015
1003.0 0.0011163765520905145
1004.0 0.0011059551070502494
1005.0 0.001095533480111044
1006.0 0.0013062274774711113
1007.0 0.001516921565780649
1008.0 0.0015712956155766733
1009.0 0.0016256699382211082
1010.0 0.0016950742065091617
1011.0 0.0017644786566961557
1012.0 0.0018760940292850137
1013.0 0.001987709583772812
1014.0 0.00202236624318175
1015.0 0.0020570230844896287
1016.0 0.002409607441222761
1017.0 0.002762192343652714
1018.0 0.0029758806704194285
1019.0 0.0031895691790850833
1020.0 0.003227842171327211
1021.0 0.003266114799771458
1022.0 0.00360270933015272
1023.0 0.003939304588129744
1024.0 0.004029594492749311
1025.0 0.004119884033570997
1026.0 0.004227352474117652
1027.0 0.004334820550866425
1028.0 0.00439443247159943
1029.0 0.004454044028534554
1030.0 0.00458718350273557
1031.0 0.0047203226131387055
1032.0 0.0050928709242725745
1033.0 0.005465419599204324
1034.0 0.005306244929670356
1035.0 0.00514707098773215
1036.0 0.005225100176176056
1037.0 0.005303129364619963
1038.0 0.005551076174015179
1039.0 0.005799022619612515
1040.0 0.006271226448006928
1041.0 0.0067434295488055795
1042.0 0.00686597268213518
1043.0 0.00698851581546478
1044.0 0.007222519343486056
1045.0 0.00745652214391157
1046.0 0.008367116970475763
1047.0 0.009277711797039956
1048.0 0.010689916234696284
1049.0 0.012102118489565328
1050.0 0.014288036618381739
1051.0 0.016473952564410865
1052.0 0.01983379916055128
1053.0 0.023193651577457786
1054.0 0.02776487381197512
1055.0 0.03233609604649246
1056.0 0.03884730103891343
1057.0 0.04535850021056831
1058.0 0.052926503121852875
1059.0 0.06049450021237135
1060.0 0.06774560315534472
1061.0 0.07499667117372155
1062.0 0.08227161015383899
1063.0 0.08954652585089207
1064.0 0.09498767321929336
1065.0 0.10042880894616246
1066.0 0.10549322469159961
1067.0 0.11055765207856894
1068.0 0.11689895763993263
1069.0 0.12324029812589288
1070.0 0.13336054980754852
1071.0 0.14348080148920417
1072.0 0.15684380196034908
1073.0 0.17020676750689745
1074.0 0.18476672703400254
1075.0 0.19932673312723637
1076.0 0.21297454368323088
1077.0 0.2266223542392254
1078.0 0.24001956917345524
1079.0 0.2534167608246207
1080.0 0.26955464854836464
1081.0 0.28569253627210855
1082.0 0.310200615786016
1083.0 0.3347086952999234
1084.0 0.36967936903238297
1085.0 0.4046500660479069
1086.0 0.4390390124171972
1087.0 0.4734279587864876
1088.0 0.5366818979382515
1089.0 0.5999358370900154
1090.0 0.6765197962522507
1091.0 0.7531037088483572
1092.0 0.7823362946510315
1093.0 0.8115686476230621
1094.0 0.8481128141283989
1095.0 0.8846567943692207
1096.0 0.9293053299188614
1097.0 0.9739539586007595
1098.0 0.995516125112772
1099.0 1.017078384757042
1100.0 1.177577581256628
1101.0 1.3380764983594418
