lsstCam/transmission_sensor/r22_s02/19700101T000000.ecsv
# %ECSV 1.0
# ---
# datatype:
# - {name: amp_name, datatype: string}
# - {name: wavelength, unit: nm, datatype: float32}
# - {name: efficiency, unit: '%', datatype: float64}
# meta: !!omap
# - {MODE: AMP}
# - {TYPE: transmission_sensor}
# - {CALIBDATE: '1970-01-01T00:00:00'}
# - {INSTRUME: LSSTCam}
# - {OBSTYPE: transmission_sensor}
# - {DETECTOR: 92}
# - {PARQUETFILE: qe_raft_allvalues_nircorrected_20230725_adjust.parquet}
# - {CORRFILE: qe_corr_factor_bydetnum.parquet}
# - {CALIBCLS: lsst.ip.isr.IntermediateSensorTransmissionCurve}
# - {CALIB_ID: 'raftName=R22 detectorName=S02 detector=92 calibDate=1970-01-01T00:00:00 ccd=92 ccdnum=92 filter=None'}
# - {DATE: '2025-03-03T21:56:47.892498'}
# - {CALIB_CREATION_DATE: '2025-03-03'}
# - {CALIB_CREATION_TIME: '21:56:47'}
# - __serialized_columns__:
#     efficiency:
#       __class__: astropy.units.quantity.Quantity
#       unit: !astropy.units.Unit {unit: '%'}
#       value: !astropy.table.SerializedColumn {name: efficiency}
#     wavelength:
#       __class__: astropy.units.quantity.Quantity
#       unit: !astropy.units.Unit {unit: nm}
#       value: !astropy.table.SerializedColumn {name: wavelength}
# schema: astropy-2.0
amp_name wavelength efficiency
C00 319.994 46.060187422667994
C00 324.969 52.070121316271795
C00 349.982 78.14977177581838
C00 374.975 82.73588158293175
C00 400.019 87.57099680086012
C00 424.965 87.59060382589982
C00 450.035 88.40050721166631
C00 475.003 90.41854598691845
C00 500.018 92.33235914712454
C00 525.002 94.21812855073985
C00 550.029 95.71128536208428
C00 575.023 96.40979800248925
C00 599.982 97.90326700335861
C00 619.997 98.0787708170053
C00 624.979 98.19672515676847
C00 650.012 98.54212860137092
C00 675.004 98.78697656143962
C00 700.03 98.22756339032607
C00 725.012 97.94093533457081
C00 750.022 98.48003334342962
C00 774.987 98.90376590126839
C00 799.976 98.18824273894546
C00 824.988 96.26534562500252
C00 850.022 94.27570848213801
C00 869.967 91.02432310966958
C00 875.002 90.41773124840223
C00 899.999 82.9053624230614
C00 919.999 73.11185519676086
C00 925.012 71.10986753171599
C00 949.965 58.134551317918
C00 975.002 43.39959026856596
C00 999.976 26.273676249274498
C00 1025.028 11.274851280957234
C00 1050.014 3.9871794384701547
C00 1075.002 0.9382104573834754
C00 1099.99 0.09308837966535437
C01 319.994 46.19882241486139
C01 324.969 52.225188137605265
C01 349.982 78.35885499933892
C01 374.975 82.92120794504496
C01 400.019 87.70328901563289
C01 424.965 87.69361114036087
C01 450.035 88.48554459249873
C01 475.003 90.4889028457017
C01 500.018 92.39414982991958
C01 525.002 94.26949514915457
C01 550.029 95.75996408483336
C01 575.023 96.4554918888051
C01 599.982 97.94363843899376
C01 619.997 98.11962195849581
C01 624.979 98.23702806299573
C01 650.012 98.58208124618
C01 675.004 98.82775155914356
C01 700.03 98.27854926980797
C01 725.012 98.02218075483245
C01 750.022 98.59938872886553
C01 774.987 99.05749259195836
C01 799.976 98.35684792552966
C01 824.988 96.43151421041674
C01 850.022 94.44816654432225
C01 869.967 91.17615382007416
C01 875.002 90.59593055209322
C01 899.999 83.06313996319649
C01 919.999 73.26223156084211
C01 925.012 71.30021176936363
C01 949.965 58.22276770183938
C01 975.002 43.55286771091522
C01 999.976 26.318764792487173
C01 1025.028 11.238797198020139
C01 1050.014 3.973330549339862
C01 1075.002 0.9393472458463705
C01 1099.99 0.09320117077229673
C02 319.994 46.291314272398225
C02 324.969 52.3267030338497
C02 349.982 78.45079100723386
C02 374.975 82.92595931732643
C02 400.019 87.65995558670048
C02 424.965 87.63715813700381
C02 450.035 88.42334273325625
C02 475.003 90.41891147709394
C02 500.018 92.31881316749515
C02 525.002 94.18737407534746
C02 550.029 95.67110428591553
C02 575.023 96.35940604454254
C02 599.982 97.84476573214303
C02 619.997 98.0148709513225
C02 624.979 98.1318278074817
C02 650.012 98.47276161181296
C02 675.004 98.71677199022947
C02 700.03 98.18191519028217
C02 725.012 97.94743039956455
C02 750.022 98.55694618223588
C02 774.987 99.05208638311247
C02 799.976 98.35913985350517
C02 824.988 96.43408025602388
C02 850.022 94.49757624742232
C02 869.967 91.21178149780651
C02 875.002 90.54506650266983
C02 899.999 82.99212826784878
C02 919.999 73.40141478829875
C02 925.012 71.19788974898164
C02 949.965 57.6453160676893
C02 975.002 43.409892522887795
C02 999.976 26.520260287676813
C02 1025.028 11.281640451326568
C02 1050.014 4.018496901984431
C02 1075.002 0.9389425993588317
C02 1099.99 0.09316102211954422
C03 319.994 46.38728209379161
C03 324.969 52.435520119225416
C03 349.982 78.56484678512504
C03 374.975 83.00456254819436
C03 400.019 87.68688764400744
C03 424.965 87.64537405157385
C03 450.035 88.42334273325625
C03 475.003 90.41889624833662
C03 500.018 92.31697048786036
C03 525.002 94.1857522126937
C03 550.029 95.66594935156529
C03 575.023 96.35128150251639
C03 599.982 97.83268932759431
C03 619.997 98.00125644228521
C03 624.979 98.12244689297727
C03 650.012 98.45772321396697
C03 675.004 98.70508391899222
C03 700.03 98.17186421045598
C03 725.012 97.96699935271099
C03 750.022 98.6124321595036
C03 774.987 99.13634709732194
C03 799.976 98.46008367135039
C03 824.988 96.54469433476247
C03 850.022 94.57631653710605
C03 869.967 91.29281371546577
C03 875.002 90.71578087214178
C03 899.999 83.21519910496076
C03 919.999 73.33940328852267
C03 925.012 71.25458641245568
C03 949.965 57.764819933509
C03 975.002 43.715849678861815
C03 999.976 26.5400538649936
C03 1025.028 11.400697924197546
C03 1050.014 4.031001615332571
C03 1075.002 0.939470943511506
C03 1099.99 0.09321344394099274
C04 319.994 46.40777619394477
C04 324.969 52.460251621100745
C04 349.982 78.59090318888656
C04 374.975 82.96122911926193
C04 400.019 87.61485562191982
C04 424.965 87.56591039591777
C04 450.035 88.34429786842625
C04 475.003 90.3383285077754
C04 500.018 92.23479611340267
C04 525.002 94.10152195599883
C04 550.029 95.57877994470914
C04 575.023 96.26618320665472
C04 599.982 97.744172175716
C04 619.997 97.91034076113021
C04 624.979 98.0275260486491
C04 650.012 98.3664344282578
C04 675.004 98.608990460351
C04 700.03 98.08892839813268
C04 725.012 97.90510206861475
C04 750.022 98.57851771696889
C04 774.987 99.12902206505468
C04 799.976 98.46164461897492
C04 824.988 96.55053456319176
C04 850.022 94.59845153585962
C04 869.967 91.33690096788516
C04 875.002 90.78358691407523
C04 899.999 83.19530273353212
C04 919.999 73.26310721438757
C04 925.012 71.12319269436433
C04 949.965 57.82003940752375
C04 975.002 43.86032109229519
C04 999.976 26.617107569804993
C04 1025.028 11.45796090708415
C04 1050.014 4.016037457678479
C04 1075.002 0.9391476122850397
C04 1099.99 0.09318136331374106
C05 319.994 46.542082411872116
C05 324.969 52.61338819744487
C05 349.982 78.78029562920216
C05 374.975 83.06815022435227
C05 400.019 87.68663636951179
C05 424.965 87.62593454286458
C05 450.035 88.40199201550426
C05 475.003 90.3980404651973
C05 500.018 92.29653349554712
C05 525.002 94.16676956670379
C05 550.029 95.64364683648128
C05 575.023 96.32840790903316
C05 599.982 97.80396789130313
C05 619.997 97.96637497366117
C05 624.979 98.08224297367254
C05 650.012 98.41675785679662
C05 675.004 98.65530111133799
C05 700.03 98.1436148656415
C05 725.012 97.96857552909282
C05 750.022 98.65651179754433
C05 774.987 99.21531581836538
C05 799.976 98.55952745660034
C05 824.988 96.6461711591136
C05 850.022 94.71795920886865
C05 869.967 91.48008935851496
C05 875.002 90.9271788667738
C05 899.999 83.26195900428847
C05 919.999 73.27124698517105
C05 925.012 71.15659697352908
C05 949.965 57.97675474183629
C05 975.002 44.006475283411575
C05 999.976 26.749793828673234
C05 1025.028 11.50531282435238
C05 1050.014 4.0110757381866335
C05 1075.002 0.939890566615638
C05 1099.99 0.09325507855988492
C06 319.994 46.59761407541177
C06 324.969 52.672304452297205
C06 349.982 78.77496556414283
C06 374.975 83.03214944206576
C06 400.019 87.64472682938808
C06 424.965 87.59437294333463
C06 450.035 88.38071744153885
C06 475.003 90.38275079285566
C06 500.018 92.28313980349087
C06 525.002 94.1528961687922
C06 550.029 95.62849422295545
C06 575.023 96.30797091671992
C06 599.982 97.78107145468394
C06 619.997 97.94362321023645
C06 624.979 98.05703938032052
C06 650.012 98.38716838133864
C06 675.004 98.62580300842387
C06 700.03 98.10189568498419
C06 725.012 97.91516066281959
C06 750.022 98.57892127903767
C06 774.987 99.11947363421982
C06 799.976 98.45600236439067
C06 824.988 96.55782913794441
C06 850.022 94.66123970225863
C06 869.967 91.43980929542367
C06 875.002 90.8874927252177
C06 899.999 83.20002364829895
C06 919.999 73.27693492602722
C06 925.012 71.21273778736122
C06 949.965 58.114544537998846
C06 975.002 44.06162622801842
C06 999.976 26.83945694453929
C06 1025.028 11.506967999912773
C06 1050.014 4.0055538859648925
C06 1075.002 0.9391515402919257
C06 1099.99 0.0931817530469757
C07 319.994 46.68203088438371
C07 324.969 52.771150508822636
C07 349.982 78.90077794267918
C07 374.975 83.12193819517965
C07 400.019 87.71474104113182
C07 424.965 87.659810913506
C07 450.035 88.44591175159321
C07 475.003 90.44850095255192
C07 500.018 92.34702444041638
C07 525.002 94.21753462920466
C07 550.029 95.69512765057584
C07 575.023 96.37465003061224
C07 599.982 97.84610586278653
C07 619.997 98.00452301072872
C07 624.979 98.11884529187287
C07 650.012 98.44367468534628
C07 675.004 98.67538784223304
C07 700.03 98.13974676128414
C07 725.012 97.90364010791276
C07 750.022 98.50915072741093
C07 774.987 98.9861077920565
C07 799.976 98.29456230812195
C07 824.988 96.41608747925928
C07 850.022 94.54108480706383
C07 869.967 91.33415979156892
C07 875.002 90.7689368495407
C07 899.999 83.20365570691796
C07 919.999 73.36281750289048
C07 925.012 71.31617912140567
C07 949.965 58.241015560288965
C07 975.002 44.00251961369968
C07 999.976 26.880022546830187
C07 1025.028 11.525597529092492
C07 1050.014 4.047064147107822
C07 1075.002 0.9384873615613764
C07 1099.99 0.09311585384349906
C10 319.994 45.68987353829179
C10 324.969 51.65522143767423
C10 349.982 77.84336156431432
C10 374.975 82.83974932218095
C10 400.019 87.85987871269761
C10 424.965 87.90750665119212
C10 450.035 88.71995323942978
C10 475.003 90.73910371396572
C10 500.018 92.66620396492688
C10 525.002 94.56574777953125
C10 550.029 96.0766004068727
C10 575.023 96.79545105266837
C10 599.982 98.31282158813951
C10 619.997 98.50624964914292
C10 624.979 98.62500349866498
C10 650.012 98.99303687663365
C10 675.004 99.23576803943592
C10 700.03 98.59428709516588
C10 725.012 98.04487160322792
C10 750.022 98.2493938139334
C10 774.987 98.34439841642677
C10 799.976 97.50623807146714
C10 824.988 95.61468935445177
C10 850.022 93.51579349224947
C10 869.967 90.34271438988137
C10 875.002 89.82218023618637
C10 899.999 82.44887280824369
C10 919.999 72.91444481572027
C10 925.012 71.0132486809475
C10 949.965 57.80062274195044
C10 975.002 43.154030364092904
C10 999.976 26.067288515798253
C10 1025.028 11.232384939394288
C10 1050.014 3.9213624150113113
C10 1075.002 0.9360160565140799
C10 1099.99 0.09287065322704759
C11 319.994 45.74831008728878
C11 324.969 51.71477349314435
C11 349.982 77.88017708511704
C11 374.975 82.82467285244168
C11 400.019 87.82964201505384
C11 424.965 87.87393485569694
C11 450.035 88.68421134601759
C11 475.003 90.70258515393058
C11 500.018 92.61928416364738
C11 525.002 94.5089292859987
C11 550.029 96.01560923383656
C11 575.023 96.73271618691996
C11 599.982 98.24613485986853
C11 619.997 98.43124040500071
C11 624.979 98.55189784918682
C11 650.012 98.92069266502111
C11 675.004 99.16503046171985
C11 700.03 98.53316647769257
C11 725.012 98.01842686615494
C11 750.022 98.27031051210197
C11 774.987 98.41044553689063
C11 799.976 97.59030842621021
C11 824.988 95.70416591804074
C11 850.022 93.67073848352445
C11 869.967 90.47086438266517
C11 875.002 89.916271113241
C11 899.999 82.63710786300355
C11 919.999 73.19075538839638
C11 925.012 71.27587621517841
C11 949.965 57.84671638314574
C11 975.002 43.04163071355944
C11 999.976 26.112755874349077
C11 1025.028 11.230518464826186
C11 1050.014 3.9266729682253434
C11 1075.002 0.9362149068220241
C11 1099.99 0.0928903829719218
C12 319.994 45.82294241968751
C12 324.969 51.80020682166689
C12 349.982 77.99502475838847
C12 374.975 82.87196575827532
C12 400.019 87.79899414096265
C12 424.965 87.81039286581097
C12 450.035 88.60220448789033
C12 475.003 90.60818208735105
C12 500.018 92.51620831977843
C12 525.002 94.40048530517713
C12 550.029 95.90061688737065
C12 575.023 96.61138106303345
C12 599.982 98.12065751399305
C12 619.997 98.30576305912523
C12 624.979 98.42532403278484
C12 650.012 98.79334979637486
C12 675.004 99.039096253125
C12 700.03 98.41978837950178
C12 725.012 97.9436841252657
C12 750.022 98.24239619994835
C12 774.987 98.43636488183633
C12 799.976 97.64194914225655
C12 824.988 95.7628423199654
C12 850.022 93.76316942603202
C12 869.967 90.53302055563572
C12 875.002 89.98712290663693
C12 899.999 82.77547635194398
C12 919.999 73.34647704629428
C12 925.012 71.39524682937163
C12 949.965 57.82286053481587
C12 975.002 43.08228007401556
C12 999.976 26.1680400705824
C12 1025.028 11.25348818983994
C12 1050.014 3.943903355326987
C12 1075.002 0.935948506523322
C12 1099.99 0.09286395097902149
C13 319.994 46.05268345250231
C13 324.969 52.05671239545823
C13 349.982 78.25738578936642
C13 374.975 83.03840846132115
C13 400.019 87.91100926537398
C13 424.965 87.9122732522309
C13 450.035 88.70483108341857
C13 475.003 90.71381636244848
C13 500.018 92.6229314510237
C13 525.002 94.50627948222635
C13 550.029 96.00643390755583
C13 575.023 96.71090860644861
C13 599.982 98.21294378330617
C13 619.997 98.39290200846675
C13 624.979 98.51285131543784
C13 650.012 98.87297335398272
C13 675.004 99.11673245790358
C13 700.03 98.50238915916422
C13 725.012 98.06283392247789
C13 750.022 98.40950896831592
C13 774.987 98.65346604608185
C13 799.976 97.86979419478595
C13 824.988 95.98398671927735
C13 850.022 93.99122006678515
C13 869.967 90.7293877668004
C13 875.002 90.17541887642604
C13 899.999 82.99175516329463
C13 919.999 73.4883405350379
C13 925.012 71.53048580868436
C13 949.965 57.83296481529264
C13 975.002 43.231765555794034
C13 999.976 26.24103911875937
C13 1025.028 11.265100117290642
C13 1050.014 3.9676221448410436
C13 1075.002 0.9375401526086106
C13 1099.99 0.09302187264138861
C14 319.994 46.06177502061781
C14 324.969 52.07441582583389
C14 349.982 78.328245197141
C14 374.975 83.06620855779494
C14 400.019 87.89511044273983
C14 424.965 87.87408714327007
C14 450.035 88.6571422298948
C14 475.003 90.66188630001321
C14 500.018 92.5659149836461
C14 525.002 94.44844827633253
C14 550.029 95.95027025058772
C14 575.023 96.65600132195877
C14 599.982 98.15846290402108
C14 619.997 98.34107854733267
C14 624.979 98.46091363862391
C14 650.012 98.82210169018066
C14 675.004 99.07007154549841
C14 700.03 98.47283775559951
C14 725.012 98.072686928459
C14 750.022 98.4648959586611
C14 774.987 98.75383117114919
C14 799.976 97.99015467820448
C14 824.988 96.1078193593631
C14 850.022 94.1061514982218
C14 869.967 90.86090331495026
C14 875.002 90.31431275749375
C14 899.999 83.11486443740804
C14 919.999 73.51866860522554
C14 925.012 71.40203885513296
C14 949.965 57.67490935033662
C14 975.002 43.3855721974599
C14 999.976 26.280403552817248
C14 1025.028 11.306514722801703
C14 1050.014 4.002421045046533
C14 1075.002 0.9380674330471677
C14 1099.99 0.09307418892209968
C15 319.994 46.181377873360034
C15 324.969 52.208817223494435
C15 349.982 78.4424913344986
C15 374.975 83.02681937700642
C15 400.019 87.79249146159025
C15 424.965 87.76180551560577
C15 450.035 88.54561442571747
C15 475.003 90.54882800572598
C15 500.018 92.45427296378892
C15 525.002 94.3340346226445
C15 550.029 95.83106715272494
C15 575.023 96.53324230926354
C15 599.982 98.02861490479694
C15 619.997 98.20587763991323
C15 624.979 98.3254995286021
C15 650.012 98.67781682902437
C15 675.004 98.91945152130015
C15 700.03 98.3293067179302
C15 725.012 97.94272471355502
C15 750.022 98.36779740203727
C15 774.987 98.68290323396671
C15 799.976 97.92182324414375
C15 824.988 96.04168086635538
C15 850.022 94.04938630533985
C15 869.967 90.79755929890935
C15 875.002 90.24425285947807
C15 899.999 83.04280195780578
C15 919.999 73.4361896556216
C15 925.012 71.33567193076554
C15 949.965 57.592064910557184
C15 975.002 43.26052506397849
C15 999.976 26.26364620898962
C15 1025.028 11.325571608983502
C15 1050.014 4.027085445209956
C15 1075.002 0.9371421351245051
C15 1099.99 0.09298238171226683
C16 319.994 46.29048811231402
C16 324.969 52.33280976553196
C16 349.982 78.5348842051129
C16 374.975 83.04468270933386
C16 400.019 87.76058721502078
C16 424.965 87.72307878576035
C16 450.035 88.50484704239219
C16 475.003 90.5103906222695
C16 500.018 92.41700819464549
C16 525.002 94.29590942871292
C16 550.029 95.78684284148974
C16 575.023 96.48492907668997
C16 599.982 97.9767305286336
C16 619.997 98.14908960389529
C16 624.979 98.26437129675013
C16 650.012 98.61382559079767
C16 675.004 98.85061753824812
C16 700.03 98.25849299642755
C16 725.012 97.871454129333
C16 750.022 98.28813577253612
C16 774.987 98.59699019958883
C16 799.976 97.83532390260935
C16 824.988 95.96439492299497
C16 850.022 93.97602938136603
C16 869.967 90.72291554494264
C16 875.002 90.19038874486412
C16 899.999 83.04139329775438
C16 919.999 73.41734406844752
C16 925.012 71.22160853849569
C16 949.965 57.466499999327155
C16 975.002 43.39764860200863
C16 999.976 26.361980198550427
C16 1025.028 11.385564346618352
C16 1050.014 4.062083509007172
C16 1075.002 0.9363832628043921
C16 1099.99 0.0929070870978269
C17 319.994 46.45368709005231
C17 324.969 52.51610689573329
C17 349.982 78.71357844341655
C17 374.975 83.15868518657446
C17 400.019 87.86762253579096
C17 424.965 87.83692897542782
C17 450.035 88.62995128371352
C17 475.003 90.64260669325571
C17 500.018 92.55345786016456
C17 525.002 94.43325759091341
C17 550.029 95.92170110186966
C17 575.023 96.61535576869198
C17 599.982 98.10780444282139
C17 619.997 98.27583855100637
C17 624.979 98.39332079929285
C17 650.012 98.7333865644573
C17 675.004 98.96464285862469
C17 700.03 98.35353567081421
C17 725.012 97.91916582599275
C17 750.022 98.27536645952968
C17 774.987 98.5185773281873
C17 799.976 97.73465420239576
C17 824.988 95.87838290169455
C17 850.022 93.90114958166099
C17 869.967 90.70257753955194
C17 875.002 90.1835281896949
C17 899.999 83.03726630452273
C17 919.999 73.30966913987022
C17 925.012 71.2034254022647
C17 949.965 57.5694806634629
C17 975.002 43.579761696328916
C17 999.976 26.499010460442026
C17 1025.028 11.515642680796846
C17 1050.014 4.077951874126688
C17 1075.002 0.9362621609388742
C17 1099.99 0.09289507148198418
