lsstCam/transmission_sensor/r22_s02/19700101T000000.ecsv
# %ECSV 1.0
# ---
# datatype:
# - {name: amp_name, datatype: string}
# - {name: wavelength, unit: nm, datatype: float32}
# - {name: efficiency, unit: '%', datatype: float64}
# meta: !!omap
# - {MODE: AMP}
# - {TYPE: transmission_sensor}
# - {CALIBDATE: '1970-01-01T00:00:00'}
# - {INSTRUME: LSSTCAM}
# - {OBSTYPE: transmission_sensor}
# - {DETECTOR: 92}
# - {PARQUETFILE: qe_raft_allvalues_nircorrected_20230725.parquet}
# - {CALIBCLS: lsst.ip.isr.IntermediateSensorTransmissionCurve}
# - {CALIB_ID: 'raftName=R22 detectorName=S02 detector=92 calibDate=1970-01-01T00:00:00 ccd=92 ccdnum=92 filter=None'}
# - {DATE: '2023-08-02T16:57:55.807763'}
# - {CALIB_CREATION_DATE: '2023-08-02'}
# - {CALIB_CREATION_TIME: '16:57:55'}
# - __serialized_columns__:
#     efficiency:
#       __class__: astropy.units.quantity.Quantity
#       unit: !astropy.units.Unit {unit: '%'}
#       value: !astropy.table.SerializedColumn {name: efficiency}
#     wavelength:
#       __class__: astropy.units.quantity.Quantity
#       unit: !astropy.units.Unit {unit: nm}
#       value: !astropy.table.SerializedColumn {name: wavelength}
# schema: astropy-2.0
amp_name wavelength efficiency
C00 319.994 46.15102005004883
C00 324.969 52.17280578613281
C00 349.982 78.30388641357422
C00 374.975 82.89904022216797
C00 400.019 87.74369049072266
C00 424.965 87.76333618164062
C00 450.035 88.57483673095703
C00 475.003 90.59685516357422
C00 500.018 92.51444244384766
C00 525.002 94.4039306640625
C00 550.029 95.90003204345703
C00 575.023 96.59992218017578
C00 599.982 98.0963363647461
C00 619.997 98.27218627929688
C00 624.979 98.39037322998047
C00 650.012 98.73645782470703
C00 675.004 98.9817886352539
C00 700.03 98.42127227783203
C00 725.012 98.13407897949219
C00 750.022 98.67424011230469
C00 774.987 99.09880828857422
C00 799.976 98.38187408447266
C00 824.988 96.45518493652344
C00 850.022 94.46162414550781
C00 869.967 91.20382690429688
C00 875.002 90.59603881835938
C00 899.999 83.06885528564453
C00 919.999 73.25603485107422
C00 925.012 71.2500991821289
C00 949.965 58.24919509887695
C00 975.002 43.48517608642578
C00 999.976 26.325489044189453
C00 1025.028 11.297085762023926
C00 1050.014 3.995042324066162
C00 1075.002 0.9400606478765862
C00 1099.99 0.09327195386634574
C01 319.994 46.2899284362793
C01 324.969 52.32817840576172
C01 349.982 78.51338195800781
C01 374.975 83.08473205566406
C01 400.019 87.8762435913086
C01 424.965 87.86654663085938
C01 450.035 88.66004180908203
C01 475.003 90.66735076904297
C01 500.018 92.57635498046875
C01 525.002 94.45539855957031
C01 550.029 95.94880676269531
C01 575.023 96.64570617675781
C01 599.982 98.13678741455078
C01 619.997 98.31311798095703
C01 624.979 98.43075561523438
C01 650.012 98.7764892578125
C01 675.004 99.02264404296875
C01 700.03 98.47235870361328
C01 725.012 98.21548461914062
C01 750.022 98.79383087158203
C01 774.987 99.25283813476562
C01 799.976 98.55081176757812
C01 824.988 96.6216812133789
C01 850.022 94.6344223022461
C01 869.967 91.35595703125
C01 875.002 90.77458953857422
C01 899.999 83.22694396972656
C01 919.999 73.40670776367188
C01 925.012 71.4408187866211
C01 949.965 58.33758544921875
C01 975.002 43.638755798339844
C01 999.976 26.37066650390625
C01 1025.028 11.260960578918457
C01 1050.014 3.981166124343872
C01 1075.002 0.9411996781341555
C01 1099.99 0.09338496740209619
C02 319.994 46.38260269165039
C02 324.969 52.429893493652344
C02 349.982 78.60549926757812
C02 374.975 83.08949279785156
C02 400.019 87.83282470703125
C02 424.965 87.80998229980469
C02 450.035 88.59771728515625
C02 475.003 90.59722137451172
C02 500.018 92.50086975097656
C02 525.002 94.37311553955078
C02 550.029 95.85977172851562
C02 575.023 96.54943084716797
C02 599.982 98.0377197265625
C02 619.997 98.20816040039062
C02 624.979 98.32534790039062
C02 650.012 98.66695404052734
C02 675.004 98.91144561767578
C02 700.03 98.37553405761719
C02 725.012 98.14058685302734
C02 750.022 98.75130462646484
C02 774.987 99.24742126464844
C02 799.976 98.55310821533203
C02 824.988 96.62425231933594
C02 850.022 94.68392944335938
C02 869.967 91.39165496826172
C02 875.002 90.72362518310547
C02 899.999 83.15579223632812
C02 919.999 73.5461654663086
C02 925.012 71.33829498291016
C02 949.965 57.758995056152344
C02 975.002 43.49549865722656
C02 999.976 26.572559356689453
C02 1025.028 11.303888320922852
C02 1050.014 4.026421546936035
C02 1075.002 0.9407942336667195
C02 1099.99 0.09334473957451137
C03 319.994 46.478759765625
C03 324.969 52.53892517089844
C03 349.982 78.71977996826172
C03 374.975 83.16825103759766
C03 400.019 87.85980987548828
C03 424.965 87.8182144165039
C03 450.035 88.59771728515625
C03 475.003 90.59720611572266
C03 500.018 92.4990234375
C03 525.002 94.37149047851562
C03 550.029 95.85460662841797
C03 575.023 96.54129028320312
C03 599.982 98.02561950683594
C03 619.997 98.19451904296875
C03 624.979 98.31594848632812
C03 650.012 98.65188598632812
C03 675.004 98.89973449707031
C03 700.03 98.36546325683594
C03 725.012 98.16019439697266
C03 750.022 98.80690002441406
C03 774.987 99.33184814453125
C03 799.976 98.65425109863281
C03 824.988 96.7350845336914
C03 850.022 94.76282501220703
C03 869.967 91.47284698486328
C03 875.002 90.8946762084961
C03 899.999 83.37930297851562
C03 919.999 73.4840316772461
C03 925.012 71.39510345458984
C03 949.965 57.87873458862305
C03 975.002 43.802059173583984
C03 999.976 26.592391967773438
C03 1025.028 11.42318058013916
C03 1050.014 4.0389509201049805
C03 1075.002 0.9413236197362906
C03 1099.99 0.09339726477399721
C04 319.994 46.49929428100586
C04 324.969 52.56370544433594
C04 349.982 78.74588775634766
C04 374.975 83.12483215332031
C04 400.019 87.78763580322266
C04 424.965 87.73859405517578
C04 450.035 88.51851654052734
C04 475.003 90.5164794921875
C04 500.018 92.41668701171875
C04 525.002 94.28709411621094
C04 550.029 95.76726531982422
C04 575.023 96.45602416992188
C04 599.982 97.93692779541016
C04 619.997 98.10342407226562
C04 624.979 98.22084045410156
C04 650.012 98.56041717529297
C04 675.004 98.80345153808594
C04 700.03 98.28236389160156
C04 725.012 98.09817504882812
C04 750.022 98.77291870117188
C04 774.987 99.32450866699219
C04 799.976 98.65581512451172
C04 824.988 96.74093627929688
C04 850.022 94.78500366210938
C04 869.967 91.51702117919922
C04 875.002 90.96261596679688
C04 899.999 83.35936737060547
C04 919.999 73.40758514404297
C04 925.012 71.2634506225586
C04 949.965 57.93406295776367
C04 975.002 43.946815490722656
C04 999.976 26.669597625732422
C04 1025.028 11.48055648803711
C04 1050.014 4.023957252502441
C04 1075.002 0.9409996508870431
C04 1099.99 0.09336512088239894
C05 319.994 46.63386535644531
C05 324.969 52.71714401245117
C05 349.982 78.93565368652344
C05 374.975 83.23196411132812
C05 400.019 87.85955810546875
C05 424.965 87.79873657226562
C05 450.035 88.57632446289062
C05 475.003 90.57630920410156
C05 500.018 92.47854614257812
C05 525.002 94.35247039794922
C05 550.029 95.83226013183594
C05 575.023 96.51837158203125
C05 599.982 97.99684143066406
C05 619.997 98.1595687866211
C05 624.979 98.27566528320312
C05 650.012 98.61083984375
C05 675.004 98.849853515625
C05 700.03 98.337158203125
C05 725.012 98.16177368164062
C05 750.022 98.85106658935547
C05 774.987 99.41097259521484
C05 799.976 98.75389099121094
C05 824.988 96.83676147460938
C05 850.022 94.90474700927734
C05 869.967 91.66049194335938
C05 875.002 91.10649108886719
C05 899.999 83.42615509033203
C05 919.999 73.41574096679688
C05 925.012 71.29692077636719
C05 949.965 58.091087341308594
C05 975.002 44.093257904052734
C05 999.976 26.80254554748535
C05 1025.028 11.52800178527832
C05 1050.014 4.018985748291016
C05 1075.002 0.9417440703548379
C05 1099.99 0.09343898149810943
C06 319.994 46.68950653076172
C06 324.969 52.77617645263672
C06 349.982 78.93031311035156
C06 374.975 83.19589233398438
C06 400.019 87.81756591796875
C06 424.965 87.7671127319336
C06 450.035 88.55500793457031
C06 475.003 90.56098937988281
C06 500.018 92.46512603759766
C06 525.002 94.33856964111328
C06 550.029 95.81707763671875
C06 575.023 96.49789428710938
C06 599.982 97.9738998413086
C06 619.997 98.13677215576172
C06 624.979 98.25041198730469
C06 650.012 98.58119201660156
C06 675.004 98.82029724121094
C06 700.03 98.29535675048828
C06 725.012 98.1082534790039
C06 750.022 98.77332305908203
C06 774.987 99.31494140625
C06 799.976 98.65016174316406
C06 824.988 96.74824523925781
C06 850.022 94.84791564941406
C06 869.967 91.62013244628906
C06 875.002 91.06672668457031
C06 899.999 83.36409759521484
C06 919.999 73.42144012451172
C06 925.012 71.3531723022461
C06 949.965 58.229148864746094
C06 975.002 44.14851760864258
C06 999.976 26.892385482788086
C06 1025.028 11.52966022491455
C06 1050.014 4.013453006744385
C06 1075.002 0.9410035866401238
C06 1099.99 0.0933655113842039
C07 319.994 46.77408981323242
C07 324.969 52.87521743774414
C07 349.982 79.0563735961914
C07 374.975 83.28585815429688
C07 400.019 87.8877182006836
C07 424.965 87.83267974853516
C07 450.035 88.62033081054688
C07 475.003 90.62686920166016
C07 500.018 92.52913665771484
C07 525.002 94.40333557128906
C07 550.029 95.88384246826172
C07 575.023 96.56470489501953
C07 599.982 98.0390625
C07 619.997 98.19779205322266
C07 624.979 98.31233978271484
C07 650.012 98.63780975341797
C07 675.004 98.86997985839844
C07 700.03 98.33328247070312
C07 725.012 98.09671020507812
C07 750.022 98.70341491699219
C07 774.987 99.18131256103516
C07 799.976 98.4884033203125
C07 824.988 96.6062240600586
C07 850.022 94.72752380371094
C07 869.967 91.51427459716797
C07 875.002 90.94793701171875
C07 899.999 83.36773681640625
C07 919.999 73.50749206542969
C07 925.012 71.45681762695312
C07 949.965 58.35586929321289
C07 975.002 44.08929443359375
C07 999.976 26.93303108215332
C07 1025.028 11.54832649230957
C07 1050.014 4.055045127868652
C07 1075.002 0.9403380981211754
C07 1099.99 0.09329948222472559
C10 319.994 45.77997589111328
C10 324.969 51.75708770751953
C10 349.982 77.99687194824219
C10 374.975 83.00311279296875
C10 400.019 88.03314208984375
C10 424.965 88.08086395263672
C10 450.035 88.89491271972656
C10 475.003 90.91804504394531
C10 500.018 92.84894561767578
C10 525.002 94.75223541259766
C10 550.029 96.26606750488281
C10 575.023 96.98633575439453
C10 599.982 98.50669860839844
C10 619.997 98.70050811767578
C10 624.979 98.81949615478516
C10 650.012 99.1882553100586
C10 675.004 99.43146514892578
C10 700.03 98.7887191772461
C10 725.012 98.23822021484375
C10 750.022 98.44314575195312
C10 774.987 98.53833770751953
C10 799.976 97.69852447509766
C10 824.988 95.8032455444336
C10 850.022 93.70021057128906
C10 869.967 90.5208740234375
C10 875.002 89.99931335449219
C10 899.999 82.61146545410156
C10 919.999 73.05823516845703
C10 925.012 71.15328979492188
C10 949.965 57.914608001708984
C10 975.002 43.239131927490234
C10 999.976 26.118694305419922
C10 1025.028 11.254535675048828
C10 1050.014 3.929095506668091
C10 1075.002 0.9378619195563562
C10 1099.99 0.09305379806234272
C11 319.994 45.83852767944336
C11 324.969 51.81675720214844
C11 349.982 78.03376007080078
C11 374.975 82.98800659179688
C11 400.019 88.00284576416016
C11 424.965 88.04722595214844
C11 450.035 88.85910034179688
C11 475.003 90.88145446777344
C11 500.018 92.80193328857422
C11 525.002 94.69530487060547
C11 550.029 96.2049560546875
C11 575.023 96.92347717285156
C11 599.982 98.43988037109375
C11 619.997 98.62535095214844
C11 624.979 98.74624633789062
C11 650.012 99.11576843261719
C11 675.004 99.36058807373047
C11 700.03 98.72747802734375
C11 725.012 98.21172332763672
C11 750.022 98.46410369873047
C11 774.987 98.6045150756836
C11 799.976 97.78276062011719
C11 824.988 95.89289855957031
C11 850.022 93.85546112060547
C11 869.967 90.64927673339844
C11 875.002 90.09358978271484
C11 899.999 82.8000717163086
C11 919.999 73.33509063720703
C11 925.012 71.41643524169922
C11 949.965 57.960792541503906
C11 975.002 43.12651062011719
C11 999.976 26.16425132751465
C11 1025.028 11.252665519714355
C11 1050.014 3.9344165325164795
C11 1075.002 0.9380611620054735
C11 1099.99 0.09307356671510386
C12 319.994 45.913307189941406
C12 324.969 51.90235900878906
C12 349.982 78.14883422851562
C12 374.975 83.03539276123047
C12 400.019 87.97213745117188
C12 424.965 87.98355865478516
C12 450.035 88.77693176269531
C12 475.003 90.786865234375
C12 500.018 92.69865417480469
C12 525.002 94.5866470336914
C12 550.029 96.08973693847656
C12 575.023 96.8019027709961
C12 599.982 98.31415557861328
C12 619.997 98.49962615966797
C12 624.979 98.61942291259766
C12 650.012 98.98817443847656
C12 675.004 99.23440551757812
C12 700.03 98.61387634277344
C12 725.012 98.13683319091797
C12 750.022 98.4361343383789
C12 774.987 98.63048553466797
C12 799.976 97.83450317382812
C12 824.988 95.95169067382812
C12 850.022 93.94807434082031
C12 869.967 90.71155548095703
C12 875.002 90.16458129882812
C12 899.999 82.93871307373047
C12 919.999 73.49111938476562
C12 925.012 71.53604125976562
C12 949.965 57.9368896484375
C12 975.002 43.167240142822266
C12 999.976 26.21964454650879
C12 1025.028 11.275680541992188
C12 1050.014 3.951680898666382
C12 1075.002 0.9377942363541746
C12 1099.99 0.09304708259720154
C13 319.994 46.14350128173828
C13 324.969 52.15937042236328
C13 349.982 78.41171264648438
C13 374.975 83.20216369628906
C13 400.019 88.0843734741211
C13 424.965 88.08563995361328
C13 450.035 88.8797607421875
C13 475.003 90.89270782470703
C13 500.018 92.80558776855469
C13 525.002 94.6926498413086
C13 550.029 96.19576263427734
C13 575.023 96.90162658691406
C13 599.982 98.40662384033203
C13 619.997 98.5869369506836
C13 624.979 98.70712280273438
C13 650.012 99.06795501708984
C13 675.004 99.31219482421875
C13 700.03 98.69664001464844
C13 725.012 98.25621795654297
C13 750.022 98.60357666015625
C13 774.987 98.84801483154297
C13 799.976 98.06279754638672
C13 824.988 96.17327117919922
C13 850.022 94.17657470703125
C13 869.967 90.90830993652344
C13 875.002 90.3532485961914
C13 899.999 83.1554183959961
C13 919.999 73.63326263427734
C13 925.012 71.67154693603516
C13 949.965 57.94701385498047
C13 975.002 43.317020416259766
C13 999.976 26.292787551879883
C13 1025.028 11.287315368652344
C13 1050.014 3.9754464626312256
C13 1075.002 0.939389021232505
C13 1099.99 0.09320531568773073
C14 319.994 46.152610778808594
C14 324.969 52.17710876464844
C14 349.982 78.48271179199219
C14 374.975 83.23001861572266
C14 400.019 88.06844329833984
C14 424.965 88.04737854003906
C14 450.035 88.83197784423828
C14 475.003 90.8406753540039
C14 500.018 92.74845886230469
C14 525.002 94.63470458984375
C14 550.029 96.13948822021484
C14 575.023 96.84661102294922
C14 599.982 98.35203552246094
C14 619.997 98.5350112915039
C14 624.979 98.65508270263672
C14 650.012 99.01698303222656
C14 675.004 99.26544189453125
C14 700.03 98.66703033447266
C14 725.012 98.2660903930664
C14 750.022 98.65907287597656
C14 774.987 98.94857788085938
C14 799.976 98.18339538574219
C14 824.988 96.29734802246094
C14 850.022 94.29173278808594
C14 869.967 91.04008483886719
C14 875.002 90.49241638183594
C14 899.999 83.27877044677734
C14 919.999 73.66365051269531
C14 925.012 71.5428466796875
C14 949.965 57.78864669799805
C14 975.002 43.47113037109375
C14 999.976 26.332229614257812
C14 1025.028 11.328811645507812
C14 1050.014 4.010313987731934
C14 1075.002 0.9399173414902701
C14 1099.99 0.09325773513834833
C15 319.994 46.2724494934082
C15 324.969 52.31177520751953
C15 349.982 78.59718322753906
C15 374.975 83.1905517578125
C15 400.019 87.96562194824219
C15 424.965 87.93487548828125
C15 450.035 88.72023010253906
C15 475.003 90.7273941040039
C15 500.018 92.6365966796875
C15 525.002 94.52006530761719
C15 550.029 96.02005004882812
C15 575.023 96.7236099243164
C15 599.982 98.22193145751953
C15 619.997 98.39954376220703
C15 624.979 98.51940155029297
C15 650.012 98.8724136352539
C15 675.004 99.1145248413086
C15 700.03 98.5232162475586
C15 725.012 98.13587188720703
C15 750.022 98.56178283691406
C15 774.987 98.87751007080078
C15 799.976 98.11492919921875
C15 824.988 96.2310791015625
C15 850.022 94.23485565185547
C15 869.967 90.97661590576172
C15 875.002 90.4222183227539
C15 899.999 83.2065658569336
C15 919.999 73.58100891113281
C15 925.012 71.47634887695312
C15 949.965 57.70563888549805
C15 975.002 43.3458366394043
C15 999.976 26.315439224243164
C15 1025.028 11.347906112670898
C15 1050.014 4.035027027130127
C15 1075.002 0.9389902188411761
C15 1099.99 0.0931657468808353
C16 319.994 46.38177490234375
C16 324.969 52.436012268066406
C16 349.982 78.68975830078125
C16 374.975 83.20845031738281
C16 400.019 87.93365478515625
C16 424.965 87.89607238769531
C16 450.035 88.67938232421875
C16 475.003 90.68888092041016
C16 500.018 92.59925842285156
C16 525.002 94.48186492919922
C16 550.029 95.97573852539062
C16 575.023 96.67520141601562
C16 599.982 98.1699447631836
C16 619.997 98.34264373779297
C16 624.979 98.4581527709961
C16 650.012 98.80829620361328
C16 675.004 99.0455551147461
C16 700.03 98.45226287841797
C16 725.012 98.06446075439453
C16 750.022 98.48196411132812
C16 774.987 98.79142761230469
C16 799.976 98.02825927734375
C16 824.988 96.15364074707031
C16 850.022 94.1613540649414
C16 869.967 90.90182495117188
C16 875.002 90.36824798583984
C16 899.999 83.20515441894531
C16 919.999 73.56212615966797
C16 925.012 71.362060546875
C16 949.965 57.57982635498047
C16 975.002 43.48323059082031
C16 999.976 26.41396713256836
C16 1025.028 11.4080171585083
C16 1050.014 4.070094108581543
C16 1075.002 0.9382298499929216
C16 1099.99 0.093090303782248
C17 319.994 46.54529571533203
C17 324.969 52.61967086791992
C17 349.982 78.86880493164062
C17 374.975 83.32267761230469
C17 400.019 88.04090118408203
C17 424.965 88.01014709472656
C17 450.035 88.80473327636719
C17 475.003 90.82135772705078
C17 500.018 92.73597717285156
C17 525.002 94.6194839477539
C17 550.029 96.1108627319336
C17 575.023 96.8058853149414
C17 599.982 98.30127716064453
C17 619.997 98.46964263916016
C17 624.979 98.58735656738281
C17 650.012 98.92809295654297
C17 675.004 99.15980529785156
C17 700.03 98.54749298095703
C17 725.012 98.11226654052734
C17 750.022 98.46916961669922
C17 774.987 98.71286010742188
C17 799.976 97.9273910522461
C17 824.988 96.06745910644531
C17 850.022 94.0863265991211
C17 869.967 90.8814468383789
C17 875.002 90.36137390136719
C17 899.999 83.20101928710938
C17 919.999 73.45423889160156
C17 925.012 71.34384155273438
C17 949.965 57.68301010131836
C17 975.002 43.66570281982422
C17 999.976 26.551267623901367
C17 1025.028 11.538352012634277
C17 1050.014 4.085993766784668
C17 1075.002 0.9381085093094299
C17 1099.99 0.09307826447110534
