lsstCam/transmission_filter_detector/r21_s20/i_39/19700101T000000.ecsv
# %ECSV 1.0
# ---
# datatype:
# - {name: wavelength, unit: nm, datatype: float32}
# - {name: efficiency, unit: '%', datatype: float64}
# meta: !!omap
# - {MODE: DETECTOR}
# - {TYPE: transmission_filter_detector}
# - {CALIBDATE: '1970-01-01T00:00:00'}
# - {INSTRUME: LSSTCam}
# - {OBSTYPE: transmission_filter_detector}
# - {CALIBCLS: lsst.ip.isr.IntermediateFilterDetectorTransmissionCurve}
# - {SOURCE: Materion (DM-46256)}
# - {DETECTOR: 87}
# - {FILTER: i_39}
# - {CALIB_ID: 'calibDate=1970-01-01T00:00:00 filter=i_39 detector=87'}
# - {DATE: '2025-04-02T15:59:46.884323'}
# - {CALIB_CREATION_DATE: '2025-04-02'}
# - {CALIB_CREATION_TIME: '15:59:46'}
# - __serialized_columns__:
#     efficiency:
#       __class__: astropy.units.quantity.Quantity
#       unit: !astropy.units.Unit {unit: '%'}
#       value: !astropy.table.SerializedColumn {name: efficiency}
#     wavelength:
#       __class__: astropy.units.quantity.Quantity
#       unit: !astropy.units.Unit {unit: nm}
#       value: !astropy.table.SerializedColumn {name: wavelength}
# schema: astropy-2.0
wavelength efficiency
300.0 0.024815351935103536
301.0 0.011956498201470822
302.0 1.5842839193314084e-10
303.0 0.00653323222650215
304.0 0.013968801067676395
305.0 0.008416365017183125
306.0 0.0028639324227697216
307.0 0.000813570568425348
308.0 1.5842839193314084e-10
309.0 1.5842839193314084e-10
310.0 1.5842839193314084e-10
311.0 1.5842839193314084e-10
312.0 0.001190251532534603
313.0 1.5842839193314084e-10
314.0 1.5842839193314084e-10
315.0 1.5842839193314084e-10
316.0 1.5842839193314084e-10
317.0 1.5842839193314084e-10
318.0 1.5842839193314084e-10
319.0 0.0003615341483964585
320.0 0.0015574689314235002
321.0 0.0017559072148287669
322.0 0.001954344588739332
323.0 0.0021088615540065803
324.0 0.002263376518385485
325.0 0.0001325855578215851
326.0 1.5842839193314084e-10
327.0 1.5842839193314084e-10
328.0 1.5842839193314084e-10
329.0 0.0005641762072627898
330.0 0.0015493884347961284
331.0 0.0020280898752389476
332.0 0.0025067907699849457
333.0 0.002830893936334178
334.0 0.0031549967388855293
335.0 0.0014545373232977
336.0 1.5842839193314084e-10
337.0 0.0006916494839970255
338.0 0.0016292206055368297
339.0 0.001412815345247509
340.0 0.0011964101759076584
341.0 0.000608269328949973
342.0 2.012844362297983e-05
343.0 0.0012427826732164249
344.0 0.0024654369553900324
345.0 0.0011648274266917724
346.0 1.5842839193314084e-10
347.0 1.5842839193314084e-10
348.0 1.5842839193314084e-10
349.0 1.5842839193314084e-10
350.0 0.0009035598850459792
351.0 0.00011091320857303799
352.0 1.5842839193314084e-10
353.0 1.5842839193314084e-10
354.0 1.5842839193314084e-10
355.0 1.5842839193314084e-10
356.0 1.5842839193314084e-10
357.0 0.00030739365683984943
358.0 0.0008637401151645463
359.0 0.0006205408681125846
360.0 0.0003773416437979904
361.0 0.0001699925974207872
362.0 1.5842839193314084e-10
363.0 1.5842839193314084e-10
364.0 1.5842839193314084e-10
365.0 0.00012858383797720307
366.0 0.00039753126657160465
367.0 0.0006204781584528973
368.0 0.0008434250048594549
369.0 0.0006001494057272794
370.0 0.00035687378385773627
371.0 0.00036243811791791813
372.0 0.0003680025429275702
373.0 0.0005925818186369725
374.0 0.000817160980659537
375.0 0.0007015733444859507
376.0 0.0005859856628376292
377.0 0.00023374129796138732
378.0 1.5842839193314084e-10
379.0 1.5842839193314084e-10
380.0 9.409617973688e-05
381.0 1.5842839193314084e-10
382.0 1.5842839193314084e-10
383.0 1.5842839193314084e-10
384.0 0.00019518056433298625
385.0 0.0003855247086903546
386.0 0.0005758689439971931
387.0 0.00017668438658802188
388.0 1.5842839193314084e-10
389.0 1.5842839193314084e-10
390.0 1.5842839193314084e-10
391.0 0.0003052994543395471
392.0 0.0009309595043305308
393.0 0.0005573297585215187
394.0 0.00018369994450040394
395.0 0.0006092323928896803
396.0 0.001034764773066854
397.0 0.0010278984518663492
398.0 0.0010210321306658443
399.0 0.0010085281246574596
400.0 0.000996024209598545
401.0 0.0022116901163826697
402.0 0.0034273551136720926
403.0 0.0042968451452907175
404.0 0.005166335540707223
405.0 0.004033139339298941
406.0 0.0028999431378906593
407.0 0.0032756710425019264
408.0 0.003651398583315313
409.0 0.0037950339901726693
410.0 0.003938668669434264
411.0 0.004831255500903353
412.0 0.005723842332372442
413.0 0.005152371886651963
414.0 0.004580901077133603
415.0 0.004549675213638693
416.0 0.0045184497139416635
417.0 0.004770461964653805
418.0 0.005022473487770185
419.0 0.003968066812376492
420.0 0.002913659409387037
421.0 0.003560889672371559
422.0 0.0042081199353560805
423.0 0.004513526437222026
424.0 0.004818933302885853
425.0 0.00517781481903512
426.0 0.005536695971386507
427.0 0.004877898390986957
428.0 0.004219100082991645
429.0 0.004416020237840712
430.0 0.004612940392689779
431.0 0.003987469972344115
432.0 0.0033619995519984514
433.0 0.003369109981576912
434.0 0.003376220411155373
435.0 0.0028540742277982645
436.0 0.002331927498744335
437.0 0.0020691830286523327
438.0 0.00180643837666139
439.0 0.0015708508726675063
440.0 0.0013352632777241524
441.0 0.001603449163667392
442.0 0.001871635322459042
443.0 0.0018932410966954194
444.0 0.0019148466890328564
445.0 0.001457755388400983
446.0 0.0010006644515669905
447.0 0.0005964508545730496
448.0 0.00019223718936700607
449.0 0.0003418911092012422
450.0 0.0004915449608233757
451.0 0.0005598488769464893
452.0 0.0006281528840190731
453.0 0.000896221445145784
454.0 0.0011642900062724948
455.0 0.001189474824059289
456.0 0.0012146598237450235
457.0 0.0007031213044683682
458.0 0.00019158287614118308
459.0 0.00044444477680372074
460.0 0.0006973065865167882
461.0 0.000783614996180404
462.0 0.0008699234058440197
463.0 0.0007102883046172792
464.0 0.0005506529760168632
465.0 0.0004015607373730745
466.0 0.00025246847599191824
467.0 0.00033384442303940887
468.0 0.00041522034734953195
469.0 0.00034891529594460735
470.0 0.00028261029001441784
471.0 0.0003632927473518066
472.0 0.00044397538658813573
473.0 0.0005879540822206764
474.0 0.0007319327323784819
475.0 0.0005589110060100211
476.0 0.0003858892341668252
477.0 0.0005162263278180035
478.0 0.0006465632850449765
479.0 0.0011532139069458935
480.0 0.001659864756220486
481.0 0.0024149951059371233
482.0 0.003170125637552701
483.0 0.004468855695449747
484.0 0.005767585753346793
485.0 0.0067093875259160995
486.0 0.007651188207091764
487.0 0.010609825403662398
488.0 0.013568460417445749
489.0 0.01611231273273006
490.0 0.018656166503205895
491.0 0.02114356611855328
492.0 0.023630965733900666
493.0 0.02508311008568853
494.0 0.026535254437476397
495.0 0.024150330864358693
496.0 0.021765404380857944
497.0 0.018192752031609416
498.0 0.01462010113755241
499.0 0.010130942246178165
500.0 0.005641784809995443
501.0 0.003833550726994872
502.0 0.0020253166439943016
503.0 0.002230497557320632
504.0 0.002435678288748022
505.0 0.0021724099497077987
506.0 0.0019091412468696944
507.0 0.0020394105376908556
508.0 0.0021696798285120167
509.0 0.0022739382984582335
510.0 0.002378197132202331
511.0 0.001972204881894868
512.0 0.0015662128134863451
513.0 0.001640553273318801
514.0 0.0017148940969491377
515.0 0.0019630380847956985
516.0 0.002211181890743319
517.0 0.0022839876692160033
518.0 0.002356793629587628
519.0 0.0023131702619139105
520.0 0.0022695467123412527
521.0 0.00200621725525707
522.0 0.001742887616273947
523.0 0.0017089128959923983
524.0 0.0016749381757108495
525.0 0.002239192144770641
526.0 0.0028034462957293727
527.0 0.0028246367946849205
528.0 0.0028458272936404683
529.0 0.002624767876113765
530.0 0.0024037082766881213
531.0 0.0022119624190963805
532.0 0.00202021674340358
533.0 0.001889754639705643
534.0 0.0017592928998055868
535.0 0.00191465878742747
536.0 0.0020700246750493534
537.0 0.002651820977916941
538.0 0.0032336170988855883
539.0 0.00386256942874752
540.0 0.004491521758609451
541.0 0.0049650363507680595
542.0 0.005438550942926668
543.0 0.005307515311869793
544.0 0.005176480408408679
545.0 0.004077481935382821
546.0 0.0029784834623569623
547.0 0.00242614078160841
548.0 0.0018737979189609177
549.0 0.0016747668269090354
550.0 0.0014757359167560935
551.0 0.0016336947737727314
552.0 0.0017916536307893693
553.0 0.0016646234143991023
554.0 0.0015375931980088353
555.0 0.0010679417755454779
556.0 0.0005982903530821204
557.0 0.0008154088391165715
558.0 0.0010325273251510225
559.0 0.0007003444352449151
560.0 0.00036816149986407254
561.0 0.000918847945285961
562.0 0.0014695345271320548
563.0 0.0014758724319108296
564.0 0.0014822103366896044
565.0 0.00146164738907828
566.0 0.0014410845324164256
567.0 0.0011691370673361234
568.0 0.0008971896932052914
569.0 0.0008370522664336022
570.0 0.0007769149306113832
571.0 0.0005000219971407205
572.0 0.00022312892724585254
573.0 0.00044322791836748365
574.0 0.0006633269094891148
575.0 0.0005984622475807555
576.0 0.0005335975856723962
577.0 0.0005753400273533771
578.0 0.000617082514509093
579.0 0.0005114387477078708
580.0 0.00040579507185611874
581.0 0.00041596167648094706
582.0 0.00042612837205524556
583.0 0.0005291089109960012
584.0 0.0006320894044620218
585.0 0.0006367640253301943
586.0 0.000641438782622572
587.0 0.0006412328275473556
588.0 0.0006410268724721391
589.0 0.0006982229479035595
590.0 0.0007554189778602449
591.0 0.0007056385129544651
592.0 0.0006558580480486853
593.0 0.000618211106484523
594.0 0.0005805641649203608
595.0 0.000501076965520042
596.0 0.0004215897661197232
597.0 0.0004405809704621788
598.0 0.0004595721293298993
599.0 0.00039276005736610387
600.0 0.00032594796266494086
601.0 0.00033038450055755675
602.0 0.00033482099297543755
603.0 0.00033416324640711537
604.0 0.00033350547710142564
605.0 0.000275554953077517
606.0 0.00021760447452834342
607.0 0.00035221207781432895
608.0 0.0004868196811003145
609.0 0.00047392236410814803
610.0 0.0004610250016412465
611.0 0.0004805192020285176
612.0 0.0005000134024157887
613.0 0.00038925904846109916
614.0 0.0002785047172437771
615.0 0.0002584546336947824
616.0 0.0002384045274084201
617.0 0.00030727712783118477
618.0 0.000376149750991317
619.0 0.0003537042402967927
620.0 0.00033125879781437106
621.0 0.0002877459110095515
622.0 0.0002442330242047319
623.0 0.000360575381819217
624.0 0.0004769177394337021
625.0 0.00033424855701014167
626.0 0.0001915793973239488
627.0 0.00025767174065549625
628.0 0.0003237640385123086
629.0 0.00033100563996413257
630.0 0.00033824719594122143
631.0 0.0004040169642394176
632.0 0.0004697866643255111
633.0 0.0003948290668631671
634.0 0.00031987137845135294
635.0 0.00040451650420436636
636.0 0.0004891615844826447
637.0 0.0005393056653701933
638.0 0.0005894497007830068
639.0 0.0006683082574454602
640.0 0.0007471668141079135
641.0 0.0006237900379346684
642.0 0.0005004132617614232
643.0 0.0006393458988895873
644.0 0.0007782785360177513
645.0 0.0007624730642419308
646.0 0.0007466675924661104
647.0 0.0007199586434580851
648.0 0.000693249739924795
649.0 0.0007126981017790968
650.0 0.0007321465091081336
651.0 0.0008155546311172657
652.0 0.0008989627531263977
653.0 0.0009409443009644747
654.0 0.0009829259397520218
655.0 0.0014746356100658886
656.0 0.0019663451894302852
657.0 0.0029792407076456584
658.0 0.0039921356801642105
659.0 0.00658366407151334
660.0 0.07849622052162886
661.0 0.08078519604168832
662.0 0.11818257626146078
663.0 0.11323199141770601
664.0 0.09339474490843713
665.0 0.13184703420847654
666.0 0.17421133816242218
667.0 0.19038037862628698
668.0 0.1869169413112104
669.0 0.3219991456717253
670.0 0.3813900984823704
671.0 0.6197667215019464
672.0 0.9694811888039112
673.0 1.4649275690317154
674.0 2.2300267592072487
675.0 3.181423619389534
676.0 4.2851462960243225
677.0 5.547688901424408
678.0 6.878004968166351
679.0 8.376925438642502
680.0 10.367313027381897
681.0 12.433991581201553
682.0 14.978769421577454
683.0 17.70525723695755
684.0 20.68745493888855
685.0 23.561090230941772
686.0 26.55649483203888
687.0 29.869750142097473
688.0 33.148983120918274
689.0 36.58037483692169
690.0 40.47263562679291
691.0 44.7839081287384
692.0 49.82793927192688
693.0 55.084043741226196
694.0 61.113423109054565
695.0 66.76315665245056
696.0 73.00600409507751
697.0 78.49386930465698
698.0 84.25933718681335
699.0 88.61449360847473
700.0 91.84184074401855
701.0 94.29863691329956
702.0 96.06346487998962
703.0 96.93905711174011
704.0 97.2690761089325
705.0 97.7471113204956
706.0 97.72576093673706
707.0 97.82238602638245
708.0 97.87307381629944
709.0 97.89767861366272
710.0 97.67780303955078
711.0 97.8729248046875
712.0 97.87430763244629
713.0 97.95640707015991
714.0 97.97654747962952
715.0 98.13477993011475
716.0 97.8956937789917
717.0 98.12152981758118
718.0 98.10687899589539
719.0 98.10656309127808
720.0 98.32590818405151
721.0 98.15889596939087
722.0 97.88508415222168
723.0 97.59447574615479
724.0 97.32809662818909
725.0 97.0190942287445
726.0 96.89366817474365
727.0 96.6307520866394
728.0 96.45740389823914
729.0 96.2867021560669
730.0 96.26671075820923
731.0 96.36344313621521
732.0 96.40411734580994
733.0 96.63158059120178
734.0 97.01807498931885
735.0 97.0804214477539
736.0 97.5771963596344
737.0 97.9729413986206
738.0 98.22978973388672
739.0 98.55315089225769
740.0 98.6948311328888
741.0 98.53781461715698
742.0 98.86558651924133
743.0 98.68104457855225
744.0 98.54838848114014
745.0 98.4940230846405
746.0 98.45696091651917
747.0 98.7121045589447
748.0 98.5906183719635
749.0 98.45642447471619
750.0 98.4497606754303
751.0 98.32509756088257
752.0 98.27216863632202
753.0 98.51024746894836
754.0 98.45337867736816
755.0 98.54077696800232
756.0 98.56595993041992
757.0 98.5403060913086
758.0 98.71011972427368
759.0 98.6315667629242
760.0 98.60711693763733
761.0 98.48548173904419
762.0 98.57701659202576
763.0 98.59542846679688
764.0 98.44332337379456
765.0 98.35336804389954
766.0 98.47050309181213
767.0 98.22742938995361
768.0 98.1620728969574
769.0 98.30894470214844
770.0 98.02252650260925
771.0 98.05851578712463
772.0 98.05596470832825
773.0 97.89184927940369
774.0 97.74375557899475
775.0 97.84276485443115
776.0 97.66798615455627
777.0 97.724050283432
778.0 97.82617688179016
779.0 97.95687198638916
780.0 97.8552758693695
781.0 98.17342758178711
782.0 98.18008542060852
783.0 98.22484850883484
784.0 98.25350046157837
785.0 98.3683705329895
786.0 98.58406782150269
787.0 98.2239842414856
788.0 98.3469545841217
789.0 98.36275577545166
790.0 98.29691648483276
791.0 98.45623970031738
792.0 98.21308255195618
793.0 98.07559847831726
794.0 98.08503985404968
795.0 97.90918827056885
796.0 97.97201156616211
797.0 97.93305397033691
798.0 97.88833260536194
799.0 97.78958559036255
800.0 97.52886295318604
801.0 97.59378433227539
802.0 97.38065004348755
803.0 97.12254405021667
804.0 96.79966568946838
805.0 96.26018404960632
806.0 95.52052021026611
807.0 94.42892670631409
808.0 93.09107065200806
809.0 91.53202176094055
810.0 89.7181749343872
811.0 87.3983383178711
812.0 84.59450602531433
813.0 81.5024733543396
814.0 77.88964509963989
815.0 73.84262681007385
816.0 69.80221271514893
817.0 65.19849300384521
818.0 60.248351097106934
819.0 56.00799918174744
820.0 51.17409825325012
821.0 46.710312366485596
822.0 42.34885275363922
823.0 37.76673376560211
824.0 33.09928774833679
825.0 28.920581936836243
826.0 24.524356424808502
827.0 20.00409960746765
828.0 15.93492180109024
829.0 12.093554437160492
830.0 8.43842327594757
831.0 5.879463255405426
832.0 3.6873124539852142
833.0 2.2352203726768494
834.0 1.3161915354430676
835.0 0.7992838509380817
836.0 0.45980028808116913
837.0 0.2201357390731573
838.0 0.174692424479872
839.0 0.08355157915502787
840.0 0.02019127714447677
841.0 0.01132696561398916
842.0 1.5842839193314084e-10
843.0 1.5842839193314084e-10
844.0 0.006723985279677436
845.0 1.5842839193314084e-10
846.0 1.5842839193314084e-10
847.0 1.5842839193314084e-10
848.0 1.5842839193314084e-10
849.0 1.5842839193314084e-10
850.0 1.5842839193314084e-10
851.0 0.0013902712453273125
852.0 0.0016424930436187424
853.0 0.0012218177289469168
854.0 0.000801142323325621
855.0 0.0005266703738016076
856.0 0.0002521985152270645
857.0 0.00027141120426676935
858.0 0.00029062387056910666
859.0 1.5842839193314084e-10
860.0 1.5842839193314084e-10
861.0 1.5842839193314084e-10
862.0 8.675556273374241e-05
863.0 1.5842839193314084e-10
864.0 1.5842839193314084e-10
865.0 1.5842839193314084e-10
866.0 1.5842839193314084e-10
867.0 1.5842839193314084e-10
868.0 1.5842839193314084e-10
869.0 1.5842839193314084e-10
870.0 1.5842839193314084e-10
871.0 1.5842839193314084e-10
872.0 0.00011111676485597854
873.0 6.257728841774224e-05
874.0 1.4037804874078574e-05
875.0 1.5842839193314084e-10
876.0 1.5842839193314084e-10
877.0 1.5842839193314084e-10
878.0 1.5842839193314084e-10
879.0 3.667829560072278e-05
880.0 0.00014657786095995107
881.0 9.028000249600154e-05
882.0 3.3982195191128994e-05
883.0 5.528974611479498e-05
884.0 7.659731977582851e-05
885.0 1.5842839193314084e-10
886.0 1.5842839193314084e-10
887.0 1.5842839193314084e-10
888.0 1.5842839193314084e-10
889.0 1.5842839193314084e-10
890.0 1.4737682363374915e-05
891.0 3.0594745226153464e-05
892.0 4.64518137732739e-05
893.0 1.5842839193314084e-10
894.0 1.5842839193314084e-10
895.0 1.5842839193314084e-10
