lsstCam/transmission_filter_detector/r21_s20/i_39/19700101T000000.ecsv
# %ECSV 1.0
# ---
# datatype:
# - {name: wavelength, unit: nm, datatype: float32}
# - {name: efficiency, unit: '%', datatype: float64}
# meta: !!omap
# - {MODE: DETECTOR}
# - {TYPE: transmission_filter_detector}
# - {CALIBDATE: '1970-01-01T00:00:00'}
# - {INSTRUME: LSSTCam}
# - {OBSTYPE: transmission_filter_detector}
# - {CALIBCLS: lsst.ip.isr.IntermediateFilterDetectorTransmissionCurve}
# - {SOURCE: Materion (DM-46256)}
# - {DETECTOR: 87}
# - {FILTER: i_39}
# - {CALIB_ID: 'calibDate=1970-01-01T00:00:00 filter=i_39 detector=87'}
# - {DATE: '2025-04-02T15:59:46.884323'}
# - {CALIB_CREATION_DATE: '2025-04-02'}
# - {CALIB_CREATION_TIME: '15:59:46'}
# - __serialized_columns__:
#     efficiency:
#       __class__: astropy.units.quantity.Quantity
#       unit: !astropy.units.Unit {unit: '%'}
#       value: !astropy.table.SerializedColumn {name: efficiency}
#     wavelength:
#       __class__: astropy.units.quantity.Quantity
#       unit: !astropy.units.Unit {unit: nm}
#       value: !astropy.table.SerializedColumn {name: wavelength}
# schema: astropy-2.0
wavelength efficiency
[from data line 597]
897.0 1.5842839193314084e-10
898.0 1.5842839193314084e-10
899.0 1.5842839193314084e-10
900.0 1.5842839193314084e-10
901.0 1.5842839193314084e-10
902.0 1.5842839193314084e-10
903.0 1.5842839193314084e-10
904.0 1.9086405700363684e-05
905.0 1.4946357396183885e-05
906.0 1.0806315486888707e-05
907.0 5.129469116127439e-06
908.0 1.5842839193314084e-10
909.0 5.873955615243176e-05
910.0 0.00011802648032244178
911.0 0.00011214352753086132
912.0 0.00010626056337059708
913.0 6.321934051811695e-05
914.0 2.017813756083342e-05
915.0 3.0773489356761274e-05
916.0 4.136887810091139e-05
917.0 1.5842839193314084e-10
918.0 1.5842839193314084e-10
919.0 1.5842839193314084e-10
920.0 2.2894759865721426e-05
921.0 1.5842839193314084e-10
922.0 1.5842839193314084e-10
923.0 1.5842839193314084e-10
924.0 1.5842839193314084e-10
925.0 4.126920316593896e-05
926.0 0.00015483461766052642
927.0 1.5842839193314084e-10
928.0 1.5842839193314084e-10
929.0 1.5842839193314084e-10
930.0 0.00011053003845518106
931.0 0.00011191440307811718
932.0 0.00011329877906973707
933.0 2.6542187470113277e-05
934.0 1.5842839193314084e-10
935.0 1.5842839193314084e-10
936.0 1.5842839193314084e-10
937.0 1.5842839193314084e-10
938.0 1.5842839193314084e-10
939.0 1.5842839193314084e-10
940.0 1.5842839193314084e-10
941.0 1.5842839193314084e-10
942.0 1.0603312006196575e-05
943.0 1.5842839193314084e-10
944.0 1.5842839193314084e-10
945.0 1.5842839193314084e-10
946.0 1.5842839193314084e-10
947.0 1.5842839193314084e-10
948.0 0.00016394345720982528
949.0 1.5842839193314084e-10
950.0 1.5842839193314084e-10
951.0 1.5842839193314084e-10
952.0 1.5842839193314084e-10
953.0 2.138692849484869e-05
954.0 0.00011203248959645862
955.0 5.9239454230919364e-05
956.0 6.446448708175012e-06
957.0 4.1208127754543966e-05
958.0 7.596979685331462e-05
959.0 2.9868752449146996e-05
960.0 1.5842839193314084e-10
961.0 1.5842839193314084e-10
962.0 1.5842839193314084e-10
963.0 0.00013566243524110178
964.0 0.00027805087938759243
965.0 0.00016447100961158867
966.0 5.089113983558491e-05
967.0 1.5842839193314084e-10
968.0 1.5842839193314084e-10
969.0 1.5842839193314084e-10
970.0 2.616014569412073e-05
971.0 1.5842839193314084e-10
972.0 1.5842839193314084e-10
973.0 6.958040330573567e-05
974.0 0.0001946400516317226
975.0 6.919833026586275e-05
976.0 1.5842839193314084e-10
977.0 2.4332175030394865e-05
978.0 0.00010490774684512871
979.0 1.5842839193314084e-10
980.0 1.5842839193314084e-10
981.0 1.5842839193314084e-10
982.0 1.2321497599998565e-06
983.0 1.5842839193314084e-10
984.0 1.5842839193314084e-10
985.0 1.5842839193314084e-10
986.0 1.5842839193314084e-10
987.0 1.5842839193314084e-10
988.0 1.5842839193314084e-10
989.0 1.5842839193314084e-10
990.0 1.5842839193314084e-10
991.0 3.4739517218440596e-05
992.0 7.12216774445551e-05
993.0 5.4441335350929876e-05
994.0 3.766099894164654e-05
995.0 6.308607680693967e-06
996.0 1.5842839193314084e-10
997.0 4.04750295501799e-05
998.0 0.00010599383131193463
999.0 0.00015708237697253935
1000.0 0.00020817089989577653
1001.0 0.0002185121047659777
1002.0 0.0002288533096361789
1003.0 0.00018367609300184995
1004.0 0.00013849885363015346
1005.0 8.566309475099843e-05
1006.0 3.2827276186253584e-05
1007.0 2.379272530106391e-05
1008.0 1.475819573215631e-05
1009.0 0.00016350387568309088
1010.0 0.00031224954000208527
1011.0 0.000265853282144235
1012.0 0.0002194570242863847
1013.0 0.00022112308215582743
1014.0 0.00022278914002527017
1015.0 0.0002324284423593781
1016.0 0.0002420677901682211
1017.0 0.00022062947664380772
1018.0 0.00019919120859412942
1019.0 5.046855449108989e-05
1020.0 1.5842839193314084e-10
1021.0 7.923117664176971e-05
1022.0 0.0002567164301581215
1023.0 0.0002722149247347261
1024.0 0.00028771341931133065
1025.0 0.00030539742965629557
1026.0 0.00032308146273862803
1027.0 0.00039191777432279196
1028.0 0.0004607541086443234
1029.0 0.0008443111255473923
1030.0 0.001227868051500991
1031.0 0.0017033773474395275
1032.0 0.0021788862795801833
1033.0 0.002397336902504321
1034.0 0.0026157873435295187
1035.0 0.003096630098298192
1036.0 0.0035774723073700443
1037.0 0.0033500684367027134
1038.0 0.0031226645660353824
1039.0 0.002972798938571941
1040.0 0.0028229333111084998
1041.0 0.0025256435037590563
1042.0 0.0022283540602074936
1043.0 0.0026395089662401006
1044.0 0.0030506644179695286
1045.0 0.0031550192943541333
1046.0 0.0032593739888397977
1047.0 0.003325340003357269
1048.0 0.00339130601787474
1049.0 0.002973904338432476
1050.0 0.0025565024770912714
1051.0 0.002295060403412208
1052.0 0.0020336183297331445
1053.0 0.0016075122402980924
1054.0 0.00118140605991357
1055.0 0.0009482106179348193
1056.0 0.0007150151304813335
1057.0 0.0005172939836484147
1058.0 0.0003195729959770688
1059.0 0.0006545516953337938
1060.0 0.0009895304174278863
1061.0 0.0010938161722151563
1062.0 0.0011981020179518964
1063.0 0.001749520561133977
1064.0 0.002300939195265528
1065.0 0.0029488244763342664
1066.0 0.0035967099393019453
1067.0 0.004462671859073453
1068.0 0.00532863377884496
1069.0 0.004783685290021822
1070.0 0.004238736073602922
1071.0 0.0040332477510673925
1072.0 0.003827759428531863
1073.0 0.0031797069823369384
1074.0 0.002531654536142014
1075.0 0.0029885746698710136
1076.0 0.0034454948036000133
1077.0 0.0031180046789813787
1078.0 0.0027905143724638037
1079.0 0.002893129931180738
1080.0 0.0029957456717966124
1081.0 0.001947379314515274
1082.0 0.0008990133210318163
1083.0 0.0005037295522924978
1084.0 0.00010844586313396576
1085.0 4.370311401658e-06
1086.0 1.5842839193314084e-10
1087.0 1.5842839193314084e-10
1088.0 1.5842839193314084e-10
1089.0 1.5842839193314084e-10
1090.0 1.5842839193314084e-10
1091.0 1.5842839193314084e-10
1092.0 0.0003069044623771333
1093.0 1.5842839193314084e-10
1094.0 1.5842839193314084e-10
1095.0 1.5842839193314084e-10
1096.0 1.5842839193314084e-10
1097.0 1.5842839193314084e-10
1098.0 1.5842839193314084e-10
1099.0 2.3926816083985614e-05
1100.0 0.0009283067811338697
