lsstCam/transmission_filter_detector/r20_s21/r_57/19700101T000000.ecsv
# %ECSV 1.0
# ---
# datatype:
# - {name: wavelength, unit: nm, datatype: float32}
# - {name: efficiency, unit: '%', datatype: float64}
# meta: !!omap
# - {MODE: DETECTOR}
# - {TYPE: transmission_filter_detector}
# - {CALIBDATE: '1970-01-01T00:00:00'}
# - {INSTRUME: LSSTCam}
# - {OBSTYPE: transmission_filter_detector}
# - {CALIBCLS: lsst.ip.isr.IntermediateFilterDetectorTransmissionCurve}
# - {SOURCE: Materion (DM-46256)}
# - {DETECTOR: 79}
# - {FILTER: r_57}
# - {CALIB_ID: 'calibDate=1970-01-01T00:00:00 filter=r_57 detector=79'}
# - {DATE: '2025-04-02T15:59:44.548295'}
# - {CALIB_CREATION_DATE: '2025-04-02'}
# - {CALIB_CREATION_TIME: '15:59:44'}
# - __serialized_columns__:
#     efficiency:
#       __class__: astropy.units.quantity.Quantity
#       unit: !astropy.units.Unit {unit: '%'}
#       value: !astropy.table.SerializedColumn {name: efficiency}
#     wavelength:
#       __class__: astropy.units.quantity.Quantity
#       unit: !astropy.units.Unit {unit: nm}
#       value: !astropy.table.SerializedColumn {name: wavelength}
# schema: astropy-2.0
wavelength efficiency
[from data line 603]
903.0 1.6283992383681056e-10
904.0 1.6283992383681056e-10
905.0 1.6283992383681056e-10
906.0 1.6283992383681056e-10
907.0 2.4137500531651312e-05
908.0 2.7691038440025295e-05
909.0 3.124456213754456e-05
910.0 1.6283992383681056e-10
911.0 1.6283992383681056e-10
912.0 1.6283992383681056e-10
913.0 4.87711531604873e-05
914.0 2.666660350314487e-05
915.0 4.562041411304563e-06
916.0 6.235936922394103e-06
917.0 7.909833499297747e-06
918.0 7.34099899091234e-05
919.0 0.00013891012713429518
920.0 8.062825713750499e-05
921.0 2.2346385719629325e-05
922.0 0.00011275963061052607
923.0 0.00020317286271165358
924.0 0.00021428545551316347
925.0 0.00022539802557730582
926.0 0.00019407045783736976
927.0 0.00016274290146611747
928.0 0.00016634196526865708
929.0 0.0001699410177025129
930.0 0.000198368411474803
931.0 0.00022679578250972554
932.0 0.0001218049419549061
933.0 1.681411561094137e-05
934.0 6.197013249220618e-05
935.0 0.00010712615221564192
936.0 0.00015242441122609307
937.0 0.00019772264749917667
938.0 0.00016057974789873697
939.0 0.00012343684829829726
940.0 0.00014716192708874587
941.0 0.00017088698314182693
942.0 0.0003216184495613561
943.0 0.0004723498932435177
944.0 0.00032943137284746626
945.0 0.00018651286382009857
946.0 0.0002865849182853708
947.0 0.0003866570295940619
948.0 0.0003800013018917525
949.0 0.00037334568787628086
950.0 0.00043315098992025014
951.0 0.000492956314701587
952.0 0.0006356576250254875
953.0 0.0007783591172483284
954.0 0.0009888876775221433
955.0 0.0011994165106443688
956.0 0.0013204898095864337
957.0 0.0014415630175790284
958.0 0.0016293242879328318
959.0 0.0018170856492361054
960.0 0.0019450893887551501
961.0 0.0020730934920720756
962.0 0.0022421560061047785
963.0 0.002411218338238541
964.0 0.0024142236725310795
965.0 0.0024172288249246776
966.0 0.0024239001504611224
967.0 0.0024305711121996865
968.0 0.0023741653421893716
969.0 0.002317759754077997
970.0 0.002405849772912916
971.0 0.0024939401555457152
972.0 0.002611466516100336
973.0 0.002728993240452837
974.0 0.002938805482699536
975.0 0.003148617543047294
976.0 0.003192368967575021
977.0 0.0032361200283048674
978.0 0.0031954266887623817
979.0 0.003154733349219896
980.0 0.0031215586204780266
981.0 0.0030883838917361572
982.0 0.003137355815852061
983.0 0.003186327376170084
984.0 0.0030286724722827785
985.0 0.0028710177502944134
986.0 0.002802247581712436
987.0 0.002733477595029399
988.0 0.0026274863557773642
989.0 0.0025214954803232104
990.0 0.002577486156951636
991.0 0.002633477015479002
992.0 0.0026497000362724066
993.0 0.0026659234208636917
994.0 0.0026746072762762196
995.0 0.0026832911316887476
996.0 0.002732454777287785
997.0 0.0027816184228868224
998.0 0.002955099625978619
999.0 0.0031285810109693557
1000.0 0.0032083877158584073
1001.0 0.003288194420747459
1002.0 0.003508414010866545
1003.0 0.003728633964783512
1004.0 0.0037853907997487113
1005.0 0.0038421476347139105
1006.0 0.004061401705257595
1007.0 0.00428065650339704
1008.0 0.0042598498112056404
1009.0 0.00423904275521636
1010.0 0.004220404298393987
1011.0 0.004201765841571614
1012.0 0.004143593832850456
1013.0 0.004085421460331418
1014.0 0.0039006685256026685
1015.0 0.0037159152270760387
1016.0 0.003514468335197307
1017.0 0.0033130218071164563
1018.0 0.00295393056148896
1019.0 0.0025948396796593443
1020.0 0.0022375092157744803
1021.0 0.0018801789337885566
1022.0 0.001602544762135949
1023.0 0.0013249104995338712
1024.0 0.0012917300409753807
1025.0 0.0012585496733663604
1026.0 0.0011764896953536663
1027.0 0.0010944297173409723
1028.0 0.001002457611321006
1029.0 0.0009104855962505098
1030.0 0.0009003143532027025
1031.0 0.0008901427463570144
1032.0 0.0009123634299612604
1033.0 0.0009345839316665661
1034.0 0.0008042678018682636
1035.0 0.0006739514901710209
1036.0 0.0007335996087931562
1037.0 0.0007932476364658214
1038.0 0.000749139508116059
1039.0 0.0007050314252410317
1040.0 0.0006990593192313099
1041.0 0.0006930872586963233
1042.0 0.0007649708095414098
1043.0 0.0008368539965886157
1044.0 0.0008360365427506622
1045.0 0.000835219270811649
1046.0 0.0008688420166436117
1047.0 0.0009024651262734551
1048.0 0.0007732812264293898
1049.0 0.0006440973720600596
1050.0 0.0007534964879596373
1051.0 0.0008628957402834203
1052.0 0.0009488069736107718
1053.0 0.0010347178431402426
1054.0 0.0009528938790026587
1055.0 0.0008710698239156045
1056.0 0.0008539597729395609
1057.0 0.0008368498129129875
1058.0 0.0008499361683789175
1059.0 0.0008630224328953773
1060.0 0.0011261017789365724
1061.0 0.001389180852129357
1062.0 0.0015073769645823631
1063.0 0.0016255728041869588
1064.0 0.0013225412658357527
1065.0 0.001019509454636136
1066.0 0.001316095222136937
1067.0 0.0016126810805872083
1068.0 0.0018291995729668997
1069.0 0.0020457177015487105
1070.0 0.0018035179891739972
1071.0 0.001561318276799284
1072.0 0.0016714378944016062
1073.0 0.001781557330104988
1074.0 0.002107621003233362
1075.0 0.002433684676361736
1076.0 0.0026534484277362935
1077.0 0.0028732123610097915
1078.0 0.0032594227377558127
1079.0 0.003645633114501834
1080.0 0.004062839434482157
1081.0 0.0044800453906646
1082.0 0.004230667764204554
1083.0 0.003981289773946628
1084.0 0.004498489943216555
1085.0 0.005015689748688601
1086.0 0.004963514584233053
1087.0 0.004911338692181744
1088.0 0.004543432442005724
1089.0 0.0041755265556275845
1090.0 0.003961626498494297
1091.0 0.003747726805158891
1092.0 0.004173371053184383
1093.0 0.004599014937411994
1094.0 0.004392071059555747
1095.0 0.00418512754549738
1096.0 0.0032837506296345964
1097.0 0.002382373895670753
1098.0 0.00262978246610146
1099.0 0.0028771912184311077
1100.0 0.0024788680093479343
1101.0 0.00208054443646688
