lsstCam/transmission_filter_detector/r20_s21/r_57/19700101T000000.ecsv
# %ECSV 1.0
# ---
# datatype:
# - {name: wavelength, unit: nm, datatype: float32}
# - {name: efficiency, unit: '%', datatype: float64}
# meta: !!omap
# - {MODE: DETECTOR}
# - {TYPE: transmission_filter_detector}
# - {CALIBDATE: '1970-01-01T00:00:00'}
# - {INSTRUME: LSSTCam}
# - {OBSTYPE: transmission_filter_detector}
# - {CALIBCLS: lsst.ip.isr.IntermediateFilterDetectorTransmissionCurve}
# - {SOURCE: Materion (DM-46256)}
# - {DETECTOR: 79}
# - {FILTER: r_57}
# - {CALIB_ID: 'calibDate=1970-01-01T00:00:00 filter=r_57 detector=79'}
# - {DATE: '2025-04-02T15:59:44.548295'}
# - {CALIB_CREATION_DATE: '2025-04-02'}
# - {CALIB_CREATION_TIME: '15:59:44'}
# - __serialized_columns__:
#     efficiency:
#       __class__: astropy.units.quantity.Quantity
#       unit: !astropy.units.Unit {unit: '%'}
#       value: !astropy.table.SerializedColumn {name: efficiency}
#     wavelength:
#       __class__: astropy.units.quantity.Quantity
#       unit: !astropy.units.Unit {unit: nm}
#       value: !astropy.table.SerializedColumn {name: wavelength}
# schema: astropy-2.0
wavelength efficiency
300.0 0.002617109930724837
301.0 0.005957934627076611
302.0 0.009298759687226266
303.0 0.011413019092287868
304.0 0.01352727849734947
305.0 0.012675770267378539
306.0 0.011824264947790653
307.0 0.010585851850919425
308.0 0.009347437298856676
309.0 0.008121120481519029
310.0 0.006894800753798336
311.0 0.006139249308034778
312.0 0.005383696407079697
313.0 0.005443103873403743
314.0 0.00550251170352567
315.0 0.005231057002674788
316.0 0.004959600846632384
317.0 0.004809928213944659
318.0 0.00466025376226753
319.0 0.004432902278495021
320.0 0.0042055493395309895
321.0 0.003799737896770239
322.0 0.0033939264540094882
323.0 0.003143201320199296
324.0 0.002892476368288044
325.0 0.002963025326607749
326.0 0.0030335750125232153
327.0 0.002954955016321037
328.0 0.0028763353839167394
329.0 0.002909789873228874
330.0 0.00294324509013677
331.0 0.0026665613404475152
332.0 0.0023898775907582603
333.0 0.0021013216610299423
334.0 0.0018127657313016243
335.0 0.0016520314602530561
336.0 0.0014912970982550178
337.0 0.0012713254363916349
338.0 0.0010513536835787818
339.0 0.0010651759112079162
340.0 0.0010789980478875805
341.0 0.0010926240065600723
342.0 0.0011062500561820343
343.0 0.0010324824870622251
344.0 0.0009587150998413563
345.0 0.0009367069651489146
346.0 0.0009146988304564729
347.0 0.0009307019354309887
348.0 0.0009467050404055044
349.0 0.000925185395317385
350.0 0.004207707752357237
351.0 0.005736043021897785
352.0 0.007264378655236214
353.0 0.006993413262534887
354.0 0.006722449325025082
355.0 0.005350825085770339
356.0 0.003979201937909238
357.0 0.004689365596277639
358.0 0.005399529618443921
359.0 0.0047621815610909835
360.0 0.004124833139940165
361.0 0.003178078623022884
362.0 0.0022313241061056033
363.0 0.0027455751478555612
364.0 0.003259826189605519
365.0 0.002917917117883917
366.0 0.0025760084099601954
367.0 0.0029091141186654568
368.0 0.0032422194635728374
369.0 0.003026710510312114
370.0 0.0028112011932535097
371.0 0.0027260548449703492
372.0 0.0026409083147882484
373.0 0.0024564013074268587
374.0 0.0022718939362675883
375.0 0.0019181134121026844
376.0 0.0015643330698367208
377.0 0.001578282899572514
378.0 0.0015922330931061879
379.0 0.0014686330359836575
380.0 0.0013450333426590078
381.0 0.0022314832676784135
382.0 0.0031179333745967597
383.0 0.0036626322980737314
384.0 0.004207331221550703
385.0 0.0048706559027777985
386.0 0.0055339798564091325
387.0 0.004955439726472832
388.0 0.004376899232738651
389.0 0.003712897523655556
390.0 0.0030488950869766995
391.0 0.0023944478016346693
392.0 0.0017400008800905198
393.0 0.0017108171959989704
394.0 0.0016816333300084807
395.0 0.0012890988728031516
396.0 0.0008965645065472927
397.0 0.000580099504077225
398.0 0.000263634865405038
399.0 0.000435934407505556
400.0 0.0006082336767576635
401.0 0.0004624700522981584
402.0 0.0003167062004649779
403.0 0.0004736994924314786
404.0 0.0006306929208221845
405.0 0.0011972105312452186
406.0 0.0017637279597693123
407.0 0.0019182098185410723
408.0 0.002072691495413892
409.0 0.0015874620657996275
410.0 0.0011022328180843033
411.0 0.0009778636922419537
412.0 0.0008534947482985444
413.0 0.0010038056643679738
414.0 0.0011541168532858137
415.0 0.0012921926099807024
416.0 0.0014302687304734718
417.0 0.001574276939209085
418.0 0.0017182854207931086
419.0 0.002182502612413373
420.0 0.0026467196221346967
421.0 0.004071903822477907
422.0 0.005497087840922177
423.0 0.008684663771418855
424.0 0.011872238974319771
425.0 0.01587736333021894
426.0 0.019882484048139304
427.0 0.02037684607785195
428.0 0.020871211017947644
429.0 0.016109047282952815
430.0 0.011346884275553748
431.0 0.007989741425262764
432.0 0.004632597483578138
433.0 0.0036488323530647904
434.0 0.0026650670406525023
435.0 0.0021770776584162377
436.0 0.0016890880942810327
437.0 0.0013349903383641504
438.0 0.0009808928552956786
439.0 0.0009707098797662184
440.0 0.0009605269951862283
441.0 0.0011320174962747842
442.0 0.0013035080883128103
443.0 0.001665670788497664
444.0 0.002027833579631988
445.0 0.0018761518731480464
446.0 0.0017244703485630453
447.0 0.001564248486829456
448.0 0.0014040266250958666
449.0 0.0013011438568355516
450.0 0.0011982609066762961
451.0 0.0014103906323725823
452.0 0.0016225201761699282
453.0 0.0017183858290081844
454.0 0.0018142512999475002
455.0 0.0015971512766554952
456.0 0.0013800514352624305
457.0 0.0010668253707990516
458.0 0.0007535993518104078
459.0 0.0009368745850224514
460.0 0.0011201496818102896
461.0 0.0016510528439539485
462.0 0.002181955824198667
463.0 0.0029594717489089817
464.0 0.0037369878555182368
465.0 0.004812957922695205
466.0 0.005888927626074292
467.0 0.006450946239056066
468.0 0.00701296521583572
469.0 0.006063447654014453
470.0 0.005113931183586828
471.0 0.003908726648660377
472.0 0.002703521749936044
473.0 0.0020476158169913106
474.0 0.0013917096111981664
475.0 0.0010996742275892757
476.0 0.0008076390258793253
477.0 0.0007934325367386919
478.0 0.000779225865699118
479.0 0.0008364818313566502
480.0 0.0008937377060647123
481.0 0.0007644531251571607
482.0 0.0006351685442496091
483.0 0.0006765841590095079
484.0 0.0007179997282946715
485.0 0.0007244401331263361
486.0 0.0007308804924832657
487.0 0.0005648690148518654
488.0 0.000398857537220465
489.0 0.0005356791461963439
490.0 0.0006725007551722229
491.0 0.000782927600084804
492.0 0.0008933545359468553
493.0 0.0009912469067785423
494.0 0.0010891394595091697
495.0 0.0010176670002692845
496.0 0.0009461943591304589
497.0 0.0010663195098459255
498.0 0.001186444660561392
499.0 0.0011913230082427617
500.0 0.0011962015378230717
501.0 0.001307272759731859
502.0 0.001418343890691176
503.0 0.0018426886526867747
504.0 0.002267033232783433
505.0 0.0027539241273188964
506.0 0.0032408152037533
507.0 0.00398645170207601
508.0 0.00473208783660084
509.0 0.005141781002748758
510.0 0.005551473805098794
511.0 0.005059239992988296
512.0 0.004567006180877797
513.0 0.0038341982872225344
514.0 0.0031013907573651522
515.0 0.0029390663257800043
516.0 0.0027767418941948563
517.0 0.0027158568627783097
518.0 0.002654971649462823
519.0 1.6283992383681056e-10
520.0 0.06009993376210332
521.0 0.10904809460043907
522.0 0.11602545855566859
523.0 0.08263654308393598
524.0 0.04547860298771411
525.0 0.06405504536814988
526.0 0.1197159057483077
527.0 0.14394584577530622
528.0 0.09942656615749002
529.0 0.15385474544018507
530.0 0.22330614738166332
531.0 0.20371591672301292
532.0 0.25027357041835785
533.0 0.2704470884054899
534.0 0.40598204359412193
535.0 0.5811077076941729
536.0 0.789907481521368
537.0 1.1343550868332386
538.0 1.835111528635025
539.0 2.7289066463708878
540.0 4.40424382686615
541.0 6.430056691169739
542.0 9.002001583576202
543.0 12.376746535301208
544.0 16.498546302318573
545.0 20.897692441940308
546.0 26.559534668922424
547.0 33.25018286705017
548.0 41.3147896528244
549.0 49.72020983695984
550.0 56.192994117736816
551.0 63.29180598258972
552.0 68.35756301879883
553.0 73.25692772865295
554.0 77.24626660346985
555.0 80.52284717559814
556.0 84.53325629234314
557.0 87.4330222606659
558.0 89.90283012390137
559.0 93.0211067199707
560.0 93.48681569099426
561.0 95.04864811897278
562.0 95.56640982627869
563.0 95.31255960464478
564.0 95.5709457397461
565.0 95.44360637664795
566.0 95.892995595932
567.0 95.08379697799683
568.0 95.97395658493042
569.0 96.61871790885925
570.0 96.0929811000824
571.0 96.5760588645935
572.0 96.83778882026672
573.0 97.00216054916382
574.0 96.86058163642883
575.0 96.95932269096375
576.0 97.32064008712769
577.0 96.94732427597046
578.0 97.2005307674408
579.0 97.17851877212524
580.0 96.95778489112854
581.0 96.5384304523468
582.0 96.65896892547607
583.0 96.81388139724731
584.0 96.37179374694824
585.0 96.64249420166016
586.0 96.7220664024353
587.0 96.58265709877014
588.0 96.55231237411499
589.0 97.45997786521912
590.0 96.63714170455933
591.0 95.69621086120605
592.0 96.08256816864014
593.0 95.95504403114319
594.0 95.87996006011963
595.0 96.33460640907288
596.0 97.00632095336914
597.0 97.02916145324707
598.0 96.89797163009644
599.0 97.08694219589233
600.0 97.11717367172241
601.0 96.0910975933075
602.0 96.67415618896484
603.0 96.34427428245544
604.0 96.34987711906433
605.0 96.70127034187317
606.0 96.23169302940369
607.0 96.3875949382782
608.0 96.21533751487732
609.0 95.5161988735199
610.0 95.70695161819458
611.0 96.01602554321289
612.0 96.0095763206482
613.0 96.90166711807251
614.0 96.63549065589905
615.0 96.21537327766418
616.0 96.86538577079773
617.0 96.52832746505737
618.0 96.54139280319214
619.0 97.24489450454712
620.0 95.99760174751282
621.0 95.61394453048706
622.0 96.69439792633057
623.0 96.73349857330322
624.0 96.62148952484131
625.0 96.89736366271973
626.0 96.21869325637817
627.0 95.11365294456482
628.0 97.21558094024658
629.0 95.6311047077179
630.0 96.49667143821716
631.0 96.01884484291077
632.0 96.71975374221802
633.0 96.29561305046082
634.0 96.16681337356567
635.0 96.4068055152893
636.0 95.9286630153656
637.0 95.51194906234741
638.0 95.25216817855835
639.0 95.28071284294128
640.0 95.46477794647217
641.0 95.63162326812744
642.0 96.14681005477905
643.0 96.22154235839844
644.0 96.29570245742798
645.0 95.97930312156677
646.0 96.48358821868896
647.0 97.15422987937927
648.0 96.44023776054382
649.0 95.62436938285828
650.0 96.50914072990417
651.0 96.96758389472961
652.0 97.03775644302368
653.0 95.93656063079834
654.0 96.92928194999695
655.0 96.83085083961487
656.0 95.87827324867249
657.0 96.08917236328125
658.0 96.4354157447815
659.0 96.77159190177917
660.0 95.71820497512817
661.0 95.67116498947144
662.0 95.55243253707886
663.0 95.64312100410461
664.0 95.47683000564575
665.0 95.4491138458252
666.0 95.35578489303589
667.0 95.81530094146729
668.0 95.0806736946106
669.0 95.79728245735168
670.0 95.4116940498352
671.0 95.6818699836731
672.0 95.17384171485901
673.0 95.59098482131958
674.0 95.01065611839294
675.0 95.79799771308899
676.0 95.42789459228516
677.0 94.02969479560852
678.0 93.46864223480225
679.0 92.62313842773438
680.0 92.19255447387695
681.0 90.59154987335205
682.0 88.2375419139862
683.0 86.05768084526062
684.0 82.5284481048584
685.0 79.34613227844238
686.0 75.32495856285095
687.0 70.93851566314697
688.0 66.43714308738708
689.0 62.38539218902588
690.0 57.03272223472595
691.0 53.0921995639801
692.0 48.322027921676636
693.0 44.1049724817276
694.0 39.11181092262268
695.0 33.814066648483276
696.0 28.5202294588089
697.0 23.205651342868805
698.0 17.252101004123688
699.0 12.60191947221756
700.0 8.833205699920654
701.0 5.582601577043533
702.0 3.4953761845827103
703.0 1.9426282495260239
704.0 1.1116457171738148
705.0 0.6534100510179996
706.0 0.41655395179986954
707.0 0.23659560829401016
708.0 0.15357716474682093
709.0 0.13963119126856327
710.0 0.11805620742961764
711.0 0.06922233733348548
712.0 0.05313896690495312
713.0 0.07125031552277505
714.0 0.007486862887162715
715.0 0.04957376513630152
716.0 0.07380633032880723
717.0 0.05331796710379422
718.0 0.01817233132896945
719.0 1.6283992383681056e-10
720.0 1.6283992383681056e-10
721.0 0.004603421257343143
722.0 0.004291228469810449
723.0 0.003979035318479873
724.0 0.003716472929227166
725.0 0.0034539105399744585
726.0 0.003166899477946572
727.0 0.002879889143514447
728.0 0.002790238613670226
729.0 0.002700588265724946
730.0 0.0025208444640156813
731.0 0.002341100844205357
732.0 0.002274668986501638
733.0 0.002208237310696859
734.0 0.0021556432329816744
735.0 0.00210304915526649
736.0 0.001916200744744856
737.0 0.0017293521523242816
738.0 0.001707353294477798
739.0 0.001685354254732374
740.0 0.0016451487681479193
741.0 0.0016049432815634646
742.0 0.0014792864931223448
743.0 0.0013536295227822848
744.0 0.0014287055819295347
745.0 0.0015037816410767846
746.0 0.0013649306310981046
747.0 0.0012260795301699545
748.0 0.0011781902685470413
749.0 0.0011303010978735983
750.0 0.00110177461465355
751.0 0.0010732483133324422
752.0 0.0011286412700428627
753.0 0.0011840343177027535
754.0 0.001159940438810736
755.0 0.001135846832767129
756.0 0.001070567850547377
757.0 0.0010052889592770953
758.0 0.001020358922687592
759.0 0.0010354289770475589
760.0 0.0010359135558246635
761.0 0.0010363982255512383
762.0 0.0010436685442982707
763.0 0.0010509392268431839
764.0 0.001087830969481729
765.0 0.001124722712120274
766.0 0.0009245784895028919
767.0 0.0007244339940370992
768.0 0.0007132474365789676
769.0 0.0007020606062724255
770.0 0.0006995811418164521
771.0 0.0006971015864110086
772.0 0.0007680024282308295
773.0 0.0008389030881517101
774.0 0.0009466439223615453
775.0 0.0010543846656219102
776.0 0.0010248934813716915
777.0 0.0009954025699698832
778.0 0.000927390738070244
779.0 0.0008593791790190153
780.0 0.0007815839126124047
781.0 0.0007037887826299993
782.0 0.0007751727935101371
783.0 0.00084655684986501
784.0 0.000836460185382748
785.0 0.000826363520900486
786.0 0.0007860309779061936
787.0 0.0007456984349119011
788.0 0.0006631869382545119
789.0 0.0005806754870718578
790.0 0.0006538491561514093
791.0 0.000727022961655166
792.0 0.0007756958439131267
793.0 0.0008243686352216173
794.0 0.0008547761353838723
795.0 0.0008851836355461273
796.0 0.0007302536232600687
797.0 0.000575323565499275
798.0 0.0006733227110089501
799.0 0.0007713219929428305
800.0 0.0008114054253383074
801.0 0.0008514885848853737
802.0 0.0008058295861701481
803.0 0.0007601705419801874
804.0 0.000746843852539314
805.0 0.0007335171630984405
806.0 0.0007175573955464642
807.0 0.0007015974915702827
808.0 0.000702509714756161
809.0 0.0007034217105683638
810.0 0.0006655051038251258
811.0 0.0006275884970818879
812.0 0.0005788504950032802
813.0 0.0005301124474499375
814.0 0.0005155467533768388
815.0 0.0005009811047784751
816.0 0.0006247315468499437
817.0 0.0007484820343961474
818.0 0.0006016347469994798
819.0 0.00045478732317860704
820.0 0.0004634197921404848
821.0 0.00047205221562762745
822.0 0.00058966420510842
823.0 0.0007072761945892125
824.0 0.0005700264864572091
825.0 0.0004327766873757355
826.0 0.0004527976216195384
827.0 0.0004728185558633413
828.0 0.0004268051270628348
829.0 0.0003807916982623283
830.0 0.00019027113467018353
831.0 1.6283992383681056e-10
832.0 1.6283992383681056e-10
833.0 1.6283992383681056e-10
834.0 1.6283992383681056e-10
835.0 5.0329134637649986e-05
836.0 0.00018216504713564063
837.0 0.00031400102216139203
838.0 0.0006615784513996914
839.0 0.0010091558579006232
840.0 0.0013085955288261175
841.0 0.0016080351997516118
842.0 0.0019849925593007356
843.0 0.00236195028264774
844.0 0.0024271254005725496
845.0 0.002492300518497359
846.0 0.0026150044504902326
847.0 0.002737707836786285
848.0 0.002673107519512996
849.0 0.0026085068384418264
850.0 0.0022328687919070944
851.0 0.0018572309272713028
852.0 0.0015564950444968417
853.0 0.0012557590707729105
854.0 0.0010510852007428184
855.0 0.0008464110578643158
856.0 0.0006648959242738783
857.0 0.0004833806997339707
858.0 0.0005072500243841205
859.0 0.0005311193035595352
860.0 0.0004772080046677729
861.0 0.00042329661482654046
862.0 0.00036423148230824154
863.0 0.0003051663043152075
864.0 0.0002629930122566293
865.0 0.0002208197884101537
866.0 0.00018861346688936464
867.0 0.0001564070998938405
868.0 0.0001460442945244722
869.0 0.0001356814550490526
870.0 5.991210514366685e-05
871.0 1.6283992383681056e-10
872.0 1.6283992383681056e-10
873.0 1.6283992383681056e-10
874.0 1.6283992383681056e-10
875.0 1.6283992383681056e-10
876.0 1.6283992383681056e-10
877.0 6.720917440361518e-05
878.0 4.639505561954138e-05
879.0 2.5580936835467583e-05
880.0 8.421877168984793e-05
881.0 0.0001428565951755445
882.0 0.0001653856543271104
883.0 0.00018791472484736005
884.0 2.44468139953824e-05
885.0 1.6283992383681056e-10
886.0 1.1489854045976244e-05
887.0 0.00016200081063288962
888.0 0.00018641412680153735
889.0 0.00021082748844492016
890.0 0.00015131224699871382
891.0 9.179700555250747e-05
892.0 8.706999210517097e-06
893.0 1.6283992383681056e-10
894.0 1.6283992383681056e-10
895.0 6.23173718850012e-05
896.0 4.397407735723391e-05
897.0 2.5630799882492283e-05
898.0 8.894292591321573e-05
899.0 0.0001522550405752554
900.0 9.767929896042915e-05
901.0 4.310356018777384e-05
