lsstCam/transmission_filter_detector/r30_s01/u_24/19700101T000000.ecsv
# %ECSV 1.0
# ---
# datatype:
# - {name: wavelength, unit: nm, datatype: float32}
# - {name: efficiency, unit: '%', datatype: float64}
# meta: !!omap
# - {MODE: DETECTOR}
# - {TYPE: transmission_filter_detector}
# - {CALIBDATE: '1970-01-01T00:00:00'}
# - {INSTRUME: LSSTCam}
# - {OBSTYPE: transmission_filter_detector}
# - {CALIBCLS: lsst.ip.isr.IntermediateFilterDetectorTransmissionCurve}
# - {SOURCE: Materion (DM-46256)}
# - {DETECTOR: 118}
# - {FILTER: u_24}
# - {CALIB_ID: 'calibDate=1970-01-01T00:00:00 filter=u_24 detector=118'}
# - {DATE: '2025-04-02T15:59:40.294934'}
# - {CALIB_CREATION_DATE: '2025-04-02'}
# - {CALIB_CREATION_TIME: '15:59:40'}
# - __serialized_columns__:
#     efficiency:
#       __class__: astropy.units.quantity.Quantity
#       unit: !astropy.units.Unit {unit: '%'}
#       value: !astropy.table.SerializedColumn {name: efficiency}
#     wavelength:
#       __class__: astropy.units.quantity.Quantity
#       unit: !astropy.units.Unit {unit: nm}
#       value: !astropy.table.SerializedColumn {name: wavelength}
# schema: astropy-2.0
wavelength efficiency
295.0 1.6561775822293567e-10
296.0 1.6561775822293567e-10
297.0 1.6561775822293567e-10
298.0 1.6561775822293567e-10
299.0 1.6561775822293567e-10
300.0 1.6561775822293567e-10
301.0 1.6561775822293567e-10
302.0 1.6561775822293567e-10
303.0 1.6561775822293567e-10
304.0 0.1966801704838872
305.0 0.6955696269869804
306.0 2.2656291723251343
307.0 4.431409761309624
308.0 6.652575731277466
309.0 10.111874341964722
310.0 13.944527506828308
311.0 17.569565773010254
312.0 21.324878931045532
313.0 24.495576322078705
314.0 27.28700041770935
315.0 29.807159304618835
316.0 31.99957013130188
317.0 34.81398820877075
318.0 38.20809721946716
319.0 42.406222224235535
320.0 48.50005507469177
321.0 54.01269793510437
322.0 59.923529624938965
323.0 65.20543098449707
324.0 69.1992998123169
325.0 71.88746929168701
326.0 74.17897582054138
327.0 75.76707601547241
328.0 77.60184407234192
329.0 78.84865999221802
330.0 80.01188635826111
331.0 80.54957985877991
332.0 80.75236678123474
333.0 80.96222281455994
334.0 80.89079260826111
335.0 81.0952365398407
336.0 81.43406510353088
337.0 82.14558959007263
338.0 83.02409648895264
339.0 83.51508378982544
340.0 83.87255668640137
341.0 84.31622385978699
342.0 84.65011715888977
343.0 84.5698356628418
344.0 84.8440945148468
345.0 85.19760966300964
346.0 85.5525553226471
347.0 85.96384525299072
348.0 86.20268702507019
349.0 86.39436960220337
350.0 86.38256788253784
351.0 86.61980032920837
352.0 86.47170662879944
353.0 86.44333481788635
354.0 86.46014332771301
355.0 86.67986989021301
356.0 86.82775497436523
357.0 86.64382100105286
358.0 86.24008893966675
359.0 86.01268529891968
360.0 85.88331341743469
361.0 85.58562994003296
362.0 85.45259833335876
363.0 85.62341332435608
364.0 85.78373789787292
365.0 86.17943525314331
366.0 86.41858696937561
367.0 86.59129738807678
368.0 86.60383820533752
369.0 86.63991689682007
370.0 86.5115225315094
371.0 86.45220398902893
372.0 86.51727437973022
373.0 86.73879504203796
374.0 86.78491711616516
375.0 87.1167004108429
376.0 87.29504346847534
377.0 87.40662932395935
378.0 87.42762207984924
379.0 87.0261013507843
380.0 86.19005084037781
381.0 84.69346165657043
382.0 82.77064561843872
383.0 80.69890141487122
384.0 78.6169946193695
385.0 76.17490887641907
386.0 73.51697087287903
387.0 69.95125412940979
388.0 66.2325382232666
389.0 61.76311373710632
390.0 57.52267241477966
391.0 53.22229266166687
392.0 48.84954392910004
393.0 45.266032218933105
394.0 41.83277189731598
395.0 37.99547851085663
396.0 33.694833517074585
397.0 27.866941690444946
398.0 21.32362872362137
399.0 14.417271316051483
400.0 8.46724808216095
401.0 4.195239394903183
402.0 1.5844793990254402
403.0 0.5002574995160103
404.0 0.18305624835193157
405.0 0.05951549974270165
406.0 0.0410783919505775
407.0 0.021435788949020207
408.0 1.6561775822293567e-10
409.0 1.6561775822293567e-10
410.0 1.6561775822293567e-10
411.0 1.6561775822293567e-10
412.0 1.6561775822293567e-10
413.0 1.6561775822293567e-10
414.0 1.6561775822293567e-10
415.0 1.6561775822293567e-10
416.0 1.6561775822293567e-10
417.0 1.6561775822293567e-10
418.0 1.6561775822293567e-10
419.0 1.6561775822293567e-10
420.0 1.6561775822293567e-10
421.0 1.6561775822293567e-10
422.0 1.6561775822293567e-10
423.0 1.6561775822293567e-10
424.0 1.6561775822293567e-10
425.0 1.6561775822293567e-10
426.0 1.6561775822293567e-10
427.0 1.6561775822293567e-10
428.0 0.00012814856518161832
429.0 1.6561775822293567e-10
430.0 1.6561775822293567e-10
431.0 1.6561775822293567e-10
432.0 1.6561775822293567e-10
433.0 1.6561775822293567e-10
434.0 1.6561775822293567e-10
435.0 0.00012029720437567448
436.0 0.0011414304026402533
437.0 0.00033478925161034567
438.0 1.6561775822293567e-10
439.0 1.6561775822293567e-10
440.0 0.00011952068916798453
441.0 1.6561775822293567e-10
442.0 1.6561775822293567e-10
443.0 1.6561775822293567e-10
444.0 1.6561775822293567e-10
445.0 1.6561775822293567e-10
446.0 1.6561775822293567e-10
447.0 1.6561775822293567e-10
448.0 4.605786045885907e-05
449.0 1.6561775822293567e-10
450.0 1.6561775822293567e-10
451.0 1.6561775822293567e-10
452.0 0.00038685584513586946
453.0 0.00025217771053576143
454.0 0.00011749974646591
455.0 1.6561775822293567e-10
456.0 1.6561775822293567e-10
457.0 1.6561775822293567e-10
458.0 3.9910744931148656e-05
459.0 1.6561775822293567e-10
460.0 1.6561775822293567e-10
461.0 1.6561775822293567e-10
462.0 1.6561775822293567e-10
463.0 1.6561775822293567e-10
464.0 0.0001650854073886876
465.0 0.000337766800839745
466.0 0.000510448262502905
467.0 0.0004469157374842325
468.0 0.00038338325794029515
469.0 6.810055879213905e-05
470.0 1.6561775822293567e-10
471.0 1.6561775822293567e-10
472.0 1.6561775822293567e-10
473.0 1.6561775822293567e-10
474.0 1.6561775822293567e-10
475.0 1.6561775822293567e-10
476.0 0.00023442164547304856
477.0 1.6561775822293567e-10
478.0 1.6561775822293567e-10
479.0 1.6561775822293567e-10
480.0 1.6561775822293567e-10
481.0 1.6561775822293567e-10
482.0 1.6561775822293567e-10
483.0 1.6561775822293567e-10
484.0 1.6561775822293567e-10
485.0 1.6561775822293567e-10
486.0 1.6561775822293567e-10
487.0 1.6561775822293567e-10
488.0 1.6561775822293567e-10
489.0 1.6561775822293567e-10
490.0 1.6561775822293567e-10
491.0 1.6561775822293567e-10
492.0 1.6561775822293567e-10
493.0 1.6561775822293567e-10
494.0 1.6561775822293567e-10
495.0 1.6561775822293567e-10
496.0 1.6561775822293567e-10
497.0 1.6561775822293567e-10
498.0 1.6561775822293567e-10
499.0 1.6561775822293567e-10
500.0 1.6561775822293567e-10
501.0 1.6561775822293567e-10
502.0 1.6561775822293567e-10
503.0 1.6561775822293567e-10
504.0 1.6561775822293567e-10
505.0 1.6561775822293567e-10
506.0 1.6561775822293567e-10
507.0 0.00021293330974003766
508.0 0.0006238413789105834
509.0 0.00018320744175071013
510.0 1.6561775822293567e-10
511.0 0.00017443160231778165
512.0 0.0006062899046810344
513.0 0.0002165247224183986
514.0 1.6561775822293567e-10
515.0 1.6561775822293567e-10
516.0 1.6561775822293567e-10
517.0 1.6561775822293567e-10
518.0 1.6561775822293567e-10
519.0 1.6561775822293567e-10
520.0 1.6561775822293567e-10
521.0 1.6561775822293567e-10
522.0 1.6561775822293567e-10
523.0 1.6561775822293567e-10
524.0 1.6561775822293567e-10
525.0 1.6561775822293567e-10
526.0 1.6561775822293567e-10
527.0 1.6561775822293567e-10
528.0 1.6561775822293567e-10
529.0 1.6561775822293567e-10
530.0 0.00014360565501192468
531.0 1.6561775822293567e-10
532.0 1.6561775822293567e-10
533.0 1.6561775822293567e-10
534.0 0.0001862235990301997
535.0 1.6561775822293567e-10
536.0 1.6561775822293567e-10
537.0 1.6561775822293567e-10
538.0 1.6561775822293567e-10
539.0 1.6561775822293567e-10
540.0 9.93410154137564e-06
541.0 1.6561775822293567e-10
542.0 1.6561775822293567e-10
543.0 3.3552971956396505e-06
544.0 0.0001986946699616965
545.0 0.0002901735342675238
546.0 0.000381652353098616
547.0 1.5399064068333246e-05
548.0 1.6561775822293567e-10
549.0 1.6561775822293567e-10
550.0 1.6561775822293567e-10
551.0 1.6561775822293567e-10
552.0 1.6561775822293567e-10
553.0 1.6561775822293567e-10
554.0 1.6561775822293567e-10
555.0 1.6561775822293567e-10
556.0 1.6561775822293567e-10
557.0 1.6561775822293567e-10
558.0 1.6561775822293567e-10
559.0 1.6561775822293567e-10
560.0 1.6561775822293567e-10
561.0 1.6561775822293567e-10
562.0 2.986771789892373e-05
563.0 4.556549129119958e-05
564.0 6.12630913110479e-05
565.0 1.6561775822293567e-10
566.0 1.6561775822293567e-10
567.0 1.6561775822293567e-10
568.0 1.6561775822293567e-10
569.0 1.6561775822293567e-10
570.0 9.687432793725748e-05
571.0 0.00019201218037778744
572.0 0.00028715010103042005
573.0 0.0003027921138709644
574.0 0.0003184341721862438
575.0 0.0002802597919071559
576.0 0.00024208545710280305
577.0 0.00028249035040062154
578.0 0.00032289524369844
579.0 0.0005836304808326531
580.0 0.000844365877128439
581.0 0.001083311053662328
582.0 0.001322256230196217
583.0 0.001494557818659814
584.0 0.0016668591342750005
585.0 0.0012733588846458588
586.0 0.0008798588169156574
587.0 0.0005849379704159219
588.0 0.00029001710117881885
589.0 0.0006520331680803793
590.0 0.001014049121295102
591.0 0.0008964182597992476
592.0 0.0007787873983033933
593.0 0.0007400521099043544
594.0 0.0007013168669800507
595.0 0.0007834546522644814
596.0 0.0008655926649225876
597.0 0.0009642639270168729
598.0 0.0010629349162627477
599.0 0.0015147692465689033
600.0 0.0019666034859255888
601.0 0.0022229152818908915
602.0 0.0024792272597551346
603.0 0.0023938800950418226
604.0 0.002308533112227451
605.0 0.0018784436178975739
606.0 0.0014483542145171668
607.0 0.0010234151886834297
608.0 0.0005984761173749575
609.0 0.0005409267032518983
610.0 0.00048337719817936886
611.0 0.0003805568667303305
612.0 0.00027773653528129216
613.0 0.0005140235316503095
614.0 0.0007503104370698566
615.0 0.0006825564014434349
616.0 0.0006148022293928079
617.0 0.0005648456863127649
618.0 0.0005148890522832517
619.0 0.0005011312168790027
620.0 0.00048737333600001875
621.0 0.0006014738119120011
622.0 0.0007155742423492484
623.0 0.0007139673925848911
624.0 0.0007123604973457986
625.0 0.0008296057785628363
626.0 0.0009468512871535495
627.0 0.0010743797247414477
628.0 0.0012019082532788161
629.0 0.0012291868188185617
630.0 0.0012564650205604266
631.0 0.001665116724325344
632.0 0.002073768700938672
633.0 0.0024553148250561208
634.0 0.0028368609491735697
635.0 0.0029179065677453764
636.0 0.002998952186317183
637.0 0.002391802627244033
638.0 0.0017846530681708828
639.0 0.0016183903426281177
640.0 0.0014521280718327034
641.0 0.0013867006600776222
642.0 0.001321273339272011
643.0 0.0009767890333023388
644.0 0.0006323046363831963
645.0 0.0002714029733397183
646.0 1.6561775822293567e-10
647.0 7.730648121651029e-05
648.0 0.00024411172034888295
649.0 7.289353902706353e-05
650.0 1.6561775822293567e-10
651.0 0.00032139034829015145
652.0 0.0007411053957184777
653.0 0.001048349167831475
654.0 0.0013555931218434125
655.0 0.0016591608073213138
656.0 0.0019627286746981554
657.0 0.002475034307281021
658.0 0.0029873399398638867
659.0 0.0035047371056862175
660.0 0.004022134089609608
661.0 0.0037071153201395646
662.0 0.0033920958230737597
663.0 0.0029221269869594835
664.0 0.002452157968946267
665.0 0.0017171752915601246
666.0 0.000982192977971863
667.0 0.000966341576713603
668.0 0.000950490175455343
669.0 0.0009650113497627899
670.0 0.0009795325240702368
671.0 0.0006382351784850471
672.0 0.0002969378783745924
673.0 0.0004972815077053383
674.0 0.0006976251825108193
675.0 0.0008476504262944218
676.0 0.0009976753972296137
677.0 0.0013050316738372203
678.0 0.0016123876775964163
679.0 0.002062970452243462
680.0 0.0025135534087894484
681.0 0.0037303630961105227
682.0 0.004947173147229478
683.0 0.006509640661533922
684.0 0.008072108175838366
685.0 0.0089957335148938
686.0 0.009919361036736518
687.0 0.008806267578620464
688.0 0.0076931748481001705
689.0 0.0063556741224601865
690.0 0.005018175215809606
691.0 0.0042662606574594975
692.0 0.003514346099109389
693.0 0.003122152338619344
694.0 0.0027299582143314183
695.0 0.0020098956156289205
696.0 0.0012898330169264227
697.0 0.0010347404895583168
698.0 0.0007796478712407406
699.0 0.0006237322395463707
700.0 0.0004678164714277955
701.0 0.00048383658395323437
702.0 0.0004998566510039382
703.0 0.0004517818524618633
704.0 0.00040370709939452354
705.0 0.0006304419912339654
706.0 0.0008571769285481423
707.0 0.0008831993909552693
708.0 0.0009092217624129262
709.0 0.0009546897672407795
710.0 0.0010001576811191626
711.0 0.0008926615919335745
712.0 0.0007851655936974566
713.0 0.000697579889674671
714.0 0.0006099942766013555
715.0 0.0006418043994926848
716.0 0.0006736144314345438
717.0 0.0006878455678815953
718.0 0.0007020766133791767
719.0 0.0006021165972924791
720.0 0.0005021564902563114
721.0 0.00028718488920276286
722.0 7.221319151540229e-05
723.0 0.00021017358449171297
724.0 0.0003481339263089467
725.0 0.00030229480216803495
726.0 0.0002564557235018583
727.0 0.0001486915834902902
728.0 4.092740084615798e-05
729.0 0.0001737408069857338
730.0 0.000306554193230113
731.0 0.0002935198153863894
732.0 0.0002804855057547684
733.0 0.00018848356830858393
734.0 9.648174454923719e-05
735.0 0.0002980195176860434
736.0 0.0004995572908228496
737.0 0.0004121765414311085
738.0 0.0003247958147767349
739.0 0.0005617971055471571
740.0 0.0007987983735802118
741.0 0.0011367037586751394
742.0 0.0014746090528205968
743.0 0.002187483369198162
744.0 0.002900357503676787
745.0 0.003574954826035537
746.0 0.004249552148394287
747.0 0.004256299143889919
748.0 0.0042630457755876705
749.0 0.0038797068555140868
750.0 0.003496367935440503
751.0 0.003336141162435524
752.0 0.0031759143894305453
753.0 0.0027231690182816237
754.0 0.002270423647132702
755.0 0.002310024319740478
756.0 0.0023496249923482537
757.0 0.0019410132154007442
758.0 0.0015324012565542944
759.0 0.0013506660252460279
760.0 0.0011689307939377613
761.0 0.0009930358828569297
762.0 0.000817140971776098
763.0 0.000692697267368203
764.0 0.0005682537903339835
765.0 0.0003865312919515418
766.0 0.00020480881630646763
767.0 0.00045020924517302774
768.0 0.0006956097877264256
769.0 0.0006805418252042728
770.0 0.0006654741355305305
771.0 0.0006548670171468984
772.0 0.0006442598987632664
773.0 0.0006627966286032461
774.0 0.0006813332220190205
775.0 0.0006497957201645477
776.0 0.0006182583547342801
777.0 0.000535510935151251
778.0 0.0004527636065176921
779.0 0.0006866849162179278
780.0 0.0009206060894939583
781.0 0.0010618990927468985
782.0 0.0012031920050503686
783.0 0.0010585350537439808
784.0 0.0009138780114881229
785.0 0.0012655026694119442
786.0 0.0016171272363862954
787.0 0.0012565003999043256
788.0 0.0008958733815234154
789.0 0.0008029317541513592
790.0 0.0007099899903550977
791.0 0.000716400472811074
792.0 0.0007228108643175801
793.0 0.0006405887688742951
794.0 0.0005583665824815398
795.0 0.0004725703547592275
796.0 0.00038677408156218007
797.0 0.0003309243538751616
798.0 0.000275074535238673
799.0 0.0001376971454192244
800.0 3.1980977865941895e-07
801.0 1.6561775822293567e-10
802.0 1.6561775822293567e-10
803.0 1.6561775822293567e-10
804.0 5.52176175006025e-05
805.0 0.00018378169670540956
806.0 0.000312345855491003
807.0 0.00023324705580307636
808.0 0.00015414826748383348
809.0 0.00028253898562979884
810.0 0.0004109296241949778
811.0 0.00022472438558907015
812.0 3.851929761822248e-05
813.0 8.33418255297147e-05
814.0 0.00012816446997021558
815.0 0.00031802810553926975
816.0 0.0005078918093204265
817.0 0.0005428399163065478
818.0 0.0005777880232926691
819.0 0.00046380446292459965
820.0 0.0003498210162433679
821.0 0.0001713001552161586
822.0 1.6561775822293567e-10
823.0 0.00011162698001498939
824.0 0.00023047452941682423
825.0 8.516080924891867e-05
826.0 1.6561775822293567e-10
827.0 1.6561775822293567e-10
828.0 1.6561775822293567e-10
829.0 1.6561775822293567e-10
830.0 1.6561775822293567e-10
831.0 1.6561775822293567e-10
832.0 2.727550452163996e-05
833.0 4.642583917302545e-05
834.0 6.557624487868452e-05
835.0 0.00013475523701345082
836.0 0.00020393426893861033
837.0 1.6561775822293567e-10
838.0 1.6561775822293567e-10
839.0 1.6561775822293567e-10
840.0 1.6561775822293567e-10
841.0 1.6561775822293567e-10
842.0 1.6561775822293567e-10
843.0 1.6561775822293567e-10
844.0 0.00013890916079617455
845.0 0.0003141906518067117
846.0 0.000489472131448565
847.0 0.0001737339857754705
848.0 1.6561775822293567e-10
849.0 0.00010749332659543143
850.0 0.00035699094951269217
851.0 0.00037343006624723785
852.0 0.0003898692284565186
853.0 0.0002459824145262246
854.0 0.00010209573702013586
855.0 0.00024165615286619868
856.0 0.0003812166141869966
857.0 0.0005053382665209938
858.0 0.0006294597824307857
859.0 0.0008481663826387376
860.0 0.0010668731192708947
861.0 0.0011062620615120977
862.0 0.001145651094702771
863.0 0.001368826451653149
864.0 0.0015920020814519376
865.0 0.001558486110297963
866.0 0.0015249701391439885
867.0 0.001910593346110545
868.0 0.0022962163711781614
869.0 0.002123427293554414
870.0 0.0019506383978296071
871.0 0.0019354940377525054
872.0 0.0019203494957764633
873.0 0.0024039578420342878
874.0 0.002887566188292112
