lsstCam/transmission_filter_detector/r30_s01/u_24/19700101T000000.ecsv
# %ECSV 1.0
# ---
# datatype:
# - {name: wavelength, unit: nm, datatype: float32}
# - {name: efficiency, unit: '%', datatype: float64}
# meta: !!omap
# - {MODE: DETECTOR}
# - {TYPE: transmission_filter_detector}
# - {CALIBDATE: '1970-01-01T00:00:00'}
# - {INSTRUME: LSSTCam}
# - {OBSTYPE: transmission_filter_detector}
# - {CALIBCLS: lsst.ip.isr.IntermediateFilterDetectorTransmissionCurve}
# - {SOURCE: Materion (DM-46256)}
# - {DETECTOR: 118}
# - {FILTER: u_24}
# - {CALIB_ID: 'calibDate=1970-01-01T00:00:00 filter=u_24 detector=118'}
# - {DATE: '2025-04-02T15:59:40.294934'}
# - {CALIB_CREATION_DATE: '2025-04-02'}
# - {CALIB_CREATION_TIME: '15:59:40'}
# - __serialized_columns__:
#     efficiency:
#       __class__: astropy.units.quantity.Quantity
#       unit: !astropy.units.Unit {unit: '%'}
#       value: !astropy.table.SerializedColumn {name: efficiency}
#     wavelength:
#       __class__: astropy.units.quantity.Quantity
#       unit: !astropy.units.Unit {unit: nm}
#       value: !astropy.table.SerializedColumn {name: wavelength}
# schema: astropy-2.0
wavelength efficiency
[from data line 581]
876.0 0.002912946365540847
877.0 0.002914783726737369
878.0 0.0029166214517317712
879.0 0.0028870646929135546
880.0 0.002857507934095338
881.0 0.0030680188501719385
882.0 0.0032785294024506584
883.0 0.0031604857213096693
884.0 0.0030424420401686803
885.0 0.002983159174618777
886.0 0.002923876490967814
887.0 0.0027084164685220458
888.0 0.0024929562641773373
889.0 0.0026216584956273437
890.0 0.00275036072707735
891.0 0.0028312380891293287
892.0 0.0029121154511813074
893.0 0.0030089069696259685
894.0 0.0031056984880706295
895.0 0.0034170454455306754
896.0 0.003728392402990721
897.0 0.004057796468259767
898.0 0.004387200533528812
899.0 0.00444672150479164
900.0 0.004506242839852348
901.0 0.004562004323815927
902.0 0.004617765807779506
903.0 0.004609219104168005
904.0 0.004600672036758624
905.0 0.004952884410158731
906.0 0.005305096419760957
907.0 0.00540175024070777
908.0 0.005498404061654583
909.0 0.005721637353417464
910.0 0.005944870281382464
911.0 0.005908831371925771
912.0 0.005872792462469079
913.0 0.005669646998285316
914.0 0.0054665011703036726
915.0 0.005086743112769909
916.0 0.004706984691438265
917.0 0.004482267104322091
918.0 0.004257549517205916
919.0 0.004350367089500651
920.0 0.0044431842979975045
921.0 0.004846668889513239
922.0 0.005250153481028974
923.0 0.005673996565747075
924.0 0.006097840014263056
925.0 0.006688851135550067
926.0 0.00727986334823072
927.0 0.00757471498218365
928.0 0.007869567343732342
929.0 0.007905651000328362
930.0 0.007941735384520143
931.0 0.007647524762433022
932.0 0.007353312685154378
933.0 0.007304829341592267
934.0 0.007256345998030156
935.0 0.007015731534920633
936.0 0.006775117799406871
937.0 0.006598638719879091
938.0 0.00642215964035131
939.0 0.006516928260680288
940.0 0.006611695425817743
941.0 0.005746544775320217
942.0 0.004881394124822691
943.0 0.004589025411405601
944.0 0.00429665669798851
945.0 0.0036388290027389303
946.0 0.002981001489388291
947.0 0.0025714860385050997
948.0 0.0021619704057229683
949.0 0.0018385273506282829
950.0 0.0015150841136346571
951.0 0.0014340930647449568
952.0 0.0013531016520573758
953.0 0.0016757085177232511
954.0 0.001998315565288067
955.0 0.0020901441530440934
956.0 0.0021819725589011796
957.0 0.0026378380425740033
958.0 0.0030937037081457675
959.0 0.003465313056949526
960.0 0.0038369227695511654
961.0 0.004427303792908788
962.0 0.00501768481626641
963.0 0.004991063542547636
964.0 0.004964441905030981
965.0 0.005145549221197143
966.0 0.005326656901161186
967.0 0.004966855340171605
968.0 0.004607054142979905
969.0 0.004804967466043308
970.0 0.0050028811529045925
971.0 0.004930349678033963
972.0 0.004857817475567572
973.0 0.004714337410405278
974.0 0.004570856981445104
975.0 0.004556934436550364
976.0 0.004543011891655624
977.0 0.004062421066919342
978.0 0.0035818298783851787
979.0 0.0034383483580313623
980.0 0.0032948675652733073
981.0 0.003348519021528773
982.0 0.0034021708415821195
983.0 0.003392758299014531
984.0 0.0033833461202448234
985.0 0.003560665572877042
986.0 0.0037379853893071413
987.0 0.004126825297134928
988.0 0.0045156652049627155
989.0 0.005151433651917614
990.0 0.005787202098872513
991.0 0.006639462662860751
992.0 0.007491723954444751
993.0 0.008056833758018911
994.0 0.008621942106401548
995.0 0.008519277616869658
996.0 0.008416613127337769
997.0 0.007810461102053523
998.0 0.0072043090767692775
999.0 0.006982660852372646
1000.0 0.006761013355571777
1001.0 0.006451795343309641
1002.0 0.006142577331047505
1003.0 0.005810648144688457
1004.0 0.005478718594531529
1005.0 0.005209559822105803
1006.0 0.0049404010496800765
1007.0 0.005118352783028968
1008.0 0.005296305971569382
1009.0 0.004990110392100178
1010.0 0.004683915540226735
1011.0 0.004054610326420516
1012.0 0.0034253051126142964
1013.0 0.003102519258391112
1014.0 0.0027797332222689874
1015.0 0.002563609268690925
1016.0 0.0023474851332139224
1017.0 0.002104840132233221
1018.0 0.0018621953131514601
1019.0 0.001715299003990367
1020.0 0.0015684028767282143
1021.0 0.0018693002857617103
1022.0 0.0021701978766941465
1023.0 0.0019874492863891646
1024.0 0.0018047005141852424
1025.0 0.0015049470675876364
1026.0 0.001205193893838441
1027.0 0.001786740540410392
1028.0 0.0023682869141339324
1029.0 0.0021194829969317652
1030.0 0.0018706792616285384
1031.0 0.0019919747501262464
1032.0 0.0021132702386239544
1033.0 0.00199917903955793
1034.0 0.0018850878404919058
1035.0 0.0017912203475134447
1036.0 0.0016973526726360433
1037.0 0.0020259569282643497
1038.0 0.0023545613657915965
1039.0 0.002308521834493149
1040.0 0.0022624823031947017
1041.0 0.0021880128770135343
1042.0 0.0021135432689334266
1043.0 0.0024568342269049026
1044.0 0.002800125366775319
1045.0 0.002469735591148492
1046.0 0.002139345815521665
1047.0 0.002220973874500487
1048.0 0.0023026021153782494
1049.0 0.00214263145608129
1050.0 0.0019826609786832705
1051.0 0.0018972028556163423
1052.0 0.0018117449144483544
1053.0 0.0016616620996501297
1054.0 0.0015115793758013751
1055.0 0.0017195417967741378
1056.0 0.0019275041267974302
1057.0 0.001396136030962225
1058.0 0.0008647678441775497
1059.0 0.001454438915970968
1060.0 0.002044110260612797
1061.0 0.001817345582821872
1062.0 0.0015905809050309472
1063.0 0.001217578028445132
1064.0 0.000844575151859317
1065.0 0.0010015191037382465
1066.0 0.0011584631465666462
1067.0 0.0015940720913931727
1068.0 0.00202968149096705
1069.0 0.00198439465748379
1070.0 0.0019391081877984107
1071.0 0.0025250454200431705
1072.0 0.0031109826522879303
1073.0 0.003064499469473958
1074.0 0.0030180162866599858
1075.0 0.002809784382407088
1076.0 0.00260155247815419
1077.0 0.0025928949980880134
1078.0 0.0025842367904260755
1079.0 0.0038660935388179496
1080.0 0.005147950287209824
1081.0 0.005902547854930162
1082.0 0.0066571461502462626
1083.0 0.005777549813501537
1084.0 0.00489795311295893
1085.0 0.004997532960260287
1086.0 0.005097112079965882
1087.0 0.005077057357993908
1088.0 0.005057002272224054
1089.0 0.0054386586270993575
1090.0 0.0058203142543789
1091.0 0.003740822648978792
1092.0 0.0016613304978818633
1093.0 0.0035181728890165687
1094.0 0.005375013643060811
1095.0 0.0038965470594121143
1096.0 0.0024180799300665967
1097.0 0.0023946586225065403
1098.0 0.0023712371330475435
1099.0 0.0032747902878327295
1100.0 0.004178343442617916
