lsstCam/transmission_filter_detector/r10_s10/y_10/19700101T000000.ecsv
# %ECSV 1.0
# ---
# datatype:
# - {name: wavelength, unit: nm, datatype: float32}
# - {name: efficiency, unit: '%', datatype: float64}
# meta: !!omap
# - {MODE: DETECTOR}
# - {TYPE: transmission_filter_detector}
# - {CALIBDATE: '1970-01-01T00:00:00'}
# - {INSTRUME: LSSTCam}
# - {OBSTYPE: transmission_filter_detector}
# - {CALIBCLS: lsst.ip.isr.IntermediateFilterDetectorTransmissionCurve}
# - {SOURCE: Materion (DM-46256)}
# - {DETECTOR: 30}
# - {FILTER: y_10}
# - {CALIB_ID: 'calibDate=1970-01-01T00:00:00 filter=y_10 detector=30'}
# - {DATE: '2025-04-02T15:59:50.881125'}
# - {CALIB_CREATION_DATE: '2025-04-02'}
# - {CALIB_CREATION_TIME: '15:59:50'}
# - __serialized_columns__:
#     efficiency:
#       __class__: astropy.units.quantity.Quantity
#       unit: !astropy.units.Unit {unit: '%'}
#       value: !astropy.table.SerializedColumn {name: efficiency}
#     wavelength:
#       __class__: astropy.units.quantity.Quantity
#       unit: !astropy.units.Unit {unit: nm}
#       value: !astropy.table.SerializedColumn {name: wavelength}
# schema: astropy-2.0
wavelength efficiency
300.0 0.5299701821058989
301.0 0.2838602988049388
302.0 0.03775038057938218
303.0 0.03383540897630155
304.0 0.029920440283603966
305.0 0.020295170543249696
306.0 0.010669897892512381
307.0 0.016963253438007087
308.0 0.023256604617927223
309.0 0.015188667748589069
310.0 0.00712072869646363
311.0 0.006927196227479726
312.0 0.0067336623033043
313.0 0.007021814963081852
314.0 0.007309966895263642
315.0 0.006389951886376366
316.0 0.005469938332680613
317.0 0.005456002691062167
318.0 0.005442063775262795
319.0 0.002818120628944598
320.0 0.00019417636849539122
321.0 0.0022373451429302804
322.0 0.004280514258425683
323.0 0.0030847884772811085
324.0 0.0018890628780354746
325.0 0.0004924987933918601
326.0 1.9570621165310165e-10
327.0 0.00016707089116607676
328.0 0.001238207369169686
329.0 0.0030989998776931316
330.0 0.004959792931913398
331.0 0.004244192678015679
332.0 0.00352859242411796
333.0 0.00230390032811556
334.0 0.0010792076864163391
335.0 0.0018916165572591126
336.0 0.0027040257918997668
337.0 0.003026246304216329
338.0 0.003348466634633951
339.0 0.001737880302243866
340.0 0.0001272937879548408
341.0 1.9570621165310165e-10
342.0 1.9570621165310165e-10
343.0 0.000317509102387703
344.0 0.0010485808161320165
345.0 0.001252884067071136
346.0 0.001457187954656547
347.0 0.0016197944205487147
348.0 0.0017824002497945912
349.0 0.001449721366952872
350.0 0.0011170420293638017
351.0 0.001533376234874595
352.0 0.001949709803739097
353.0 0.0015748426449135877
354.0 0.0011999754860880785
355.0 0.0012809169675165322
356.0 0.0013618583579955157
357.0 0.0010502046279725619
358.0 0.0007385507160506677
359.0 0.0008569509191147517
360.0 0.000975351213128306
361.0 0.0012787468222086318
362.0 0.0015821422493900172
363.0 0.0011892981092387345
364.0 0.0007964535143401008
365.0 0.0012040177352901082
366.0 0.0016115824109874666
367.0 0.0020475643395911902
368.0 0.0024835460862959735
369.0 0.002242942719021812
370.0 0.0020023393517476507
371.0 0.0019330906070536003
372.0 0.0018638414985616691
373.0 0.002170324842154514
374.0 0.002476808185747359
375.0 0.003263563849031925
376.0 0.004050319694215432
377.0 0.0039435857615899295
378.0 0.003836852192762308
379.0 0.003480963277979754
380.0 0.0031250743631972
381.0 0.002184412551287096
382.0 0.0012437504665285815
383.0 0.0011952355635003187
384.0 0.0011467203876236454
385.0 0.000967793857853394
386.0 0.0007888672371336725
387.0 0.0007768449904688168
388.0 0.0007648228347534314
389.0 0.0006387889243342215
390.0 0.0005127550593897467
391.0 0.0004749563686345937
392.0 0.0004371576778794406
393.0 0.0005568409051193157
394.0 0.0006765242687833961
395.0 0.0006601562745345291
396.0 0.0006437883712351322
397.0 0.0008081365194811951
398.0 0.0009724846677272581
399.0 0.0012346315088507254
400.0 0.0014967783499741927
401.0 0.0016258018149528652
402.0 0.0017548252799315378
403.0 0.0017548059986438602
404.0 0.001754786899255123
405.0 0.0017368654880556278
406.0 0.0017189444406540133
407.0 0.0014708799426443875
408.0 0.0012228157174831722
409.0 0.0010119796570506878
410.0 0.0008011433237697929
411.0 0.0006163409125292674
412.0 0.0004315385012887418
413.0 0.001075772615877213
414.0 0.001720006730465684
415.0 0.0018746834030025639
416.0 0.002029360257438384
417.0 0.0008486994374834467
418.0 1.9570621165310165e-10
419.0 1.9570621165310165e-10
420.0 1.9570621165310165e-10
421.0 1.9570621165310165e-10
422.0 0.0007113291758287232
423.0 0.0005385287749959389
424.0 0.0003657282150015817
425.0 1.9570621165310165e-10
426.0 1.9570621165310165e-10
427.0 0.00015388171732411138
428.0 0.0007005503448453965
429.0 8.11714812698483e-05
430.0 1.9570621165310165e-10
431.0 0.00044538287511386443
432.0 0.0014289733371697366
433.0 0.0010456141353643034
434.0 0.0006622554337809561
435.0 0.0002848107897079899
436.0 1.9570621165310165e-10
437.0 1.9570621165310165e-10
438.0 1.9570621165310165e-10
439.0 1.9570621165310165e-10
440.0 1.9570621165310165e-10
441.0 1.9570621165310165e-10
442.0 1.9570621165310165e-10
443.0 1.9570621165310165e-10
444.0 1.9570621165310165e-10
445.0 0.00019379754121473525
446.0 0.0006811494131397922
447.0 0.000673584781907266
448.0 0.0006660200597252697
449.0 0.0006890927579661366
450.0 0.0007121653197827982
451.0 0.00022807230379839893
452.0 1.9570621165310165e-10
453.0 1.9570621165310165e-10
454.0 0.00013184704812374548
455.0 1.9570621165310165e-10
456.0 1.9570621165310165e-10
457.0 1.9570621165310165e-10
458.0 1.9570621165310165e-10
459.0 0.00015229329619614873
460.0 0.00033749822705431143
461.0 0.0003354979526193347
462.0 0.0003334977009217255
463.0 0.00044231828724150546
464.0 0.0005511388735612854
465.0 0.0004551336132863071
466.0 0.0003591285576476366
467.0 0.001019466344587272
468.0 0.0016798039723653346
469.0 0.0016406831491622142
470.0 0.0016015617802622728
471.0 0.0016123176465043798
472.0 0.0016230733308475465
473.0 0.0022061836716602556
474.0 0.002789294012472965
475.0 0.002717809366004076
476.0 0.002646324719535187
477.0 0.0029087184884701855
478.0 0.003171112257405184
479.0 0.003758570528589189
480.0 0.004346029163571075
481.0 0.004312218516133726
482.0 0.004278407868696377
483.0 0.00382267935492564
484.0 0.0033669504773570225
485.0 0.0035022618249058723
486.0 0.003637572444858961
487.0 0.0030901501304470003
488.0 0.002542727452237159
489.0 0.0022434101992985234
490.0 0.0019440933101577684
491.0 0.0017240148736163974
492.0 0.001503936255176086
493.0 0.0011483488378871698
494.0 0.0007927616934466641
495.0 0.0011034341696358752
496.0 0.0014141068277240265
497.0 0.0018828321117325686
498.0 0.002351557668589521
499.0 0.0024050004867604002
500.0 0.0024584433049312793
501.0 0.002304839472344611
502.0 0.0021512358216568828
503.0 0.0022435518985730596
504.0 0.0023358679754892364
505.0 0.0029473718313965946
506.0 0.003558875687303953
507.0 0.00268492876784876
508.0 0.0018109809388988651
509.0 0.002047218004008755
510.0 0.0022834548872197047
511.0 0.0022245752916205674
512.0 0.00216569569602143
513.0 0.0018997385268448852
514.0 0.0016337819033651613
515.0 0.0013246189155324828
516.0 0.0010154560186492745
517.0 0.0012507482097134925
518.0 0.00148604003697983
519.0 0.0015209189768938813
520.0 0.0015557976439595222
521.0 0.0017115917216870002
522.0 0.0018673854356165975
523.0 0.001609204446140211
524.0 0.0013510233657143544
525.0 0.001763440013746731
526.0 0.0021758571165264584
527.0 0.0024089722501230426
528.0 0.0026420877475175075
529.0 0.0028745824238285422
530.0 0.003107076554442756
531.0 0.0027341284294379875
532.0 0.002361179758736398
533.0 0.0024992359612951986
534.0 0.002637291436258238
535.0 0.002278974534419831
536.0 0.0019206572687835433
537.0 0.002236255750176497
538.0 0.0025518542315694503
539.0 0.003210211798432283
540.0 0.0038685691833961755
541.0 0.00403900230594445
542.0 0.004209435064694844
543.0 0.004311211159802042
544.0 0.004412986891111359
545.0 0.004546402851701714
546.0 0.00467981917608995
547.0 0.0040218608774011955
548.0 0.0033639022149145603
549.0 0.002910716830228921
550.0 0.0024575314455432817
551.0 0.002526007665437646
552.0 0.002594484067230951
553.0 0.00296858670481015
554.0 0.003342688432894647
555.0 0.0036484369047684595
556.0 0.003954185376642272
557.0 0.0037201596569502726
558.0 0.0034861339372582734
559.0 0.003392758662812412
560.0 0.0032993830245686695
561.0 0.003371235288796015
562.0 0.00344308718922548
563.0 0.0033573058317415416
564.0 0.0032715241104597226
565.0 0.003856812691083178
566.0 0.004442101271706633
567.0 0.004893586446996778
568.0 0.005345070894691162
569.0 0.006093712727306411
570.0 0.006842354196123779
571.0 0.006779869727324694
572.0 0.006717385986121371
573.0 0.00686686544213444
574.0 0.00701634562574327
575.0 0.006529303209390491
576.0 0.006042261156835593
577.0 0.005310768392519094
578.0 0.004579275628202595
579.0 0.005328053157427348
580.0 0.006076831050449982
581.0 0.006991383997956291
582.0 0.007905935490271077
583.0 0.00893694013939239
584.0 0.00996794187813066
585.0 0.010654929064912722
586.0 0.011341916251694784
587.0 0.010736255353549495
588.0 0.010130593000212684
589.0 0.010247960017295554
590.0 0.010365328489569947
591.0 0.009535441495245323
592.0 0.008705554500920698
593.0 0.0070818721724208444
594.0 0.005458192390506156
595.0 0.005534136653295718
596.0 0.005610081279883161
597.0 0.006111519178375602
598.0 0.006612957076868042
599.0 0.0076042008004151285
600.0 0.008595443796366453
601.0 0.009072716056834906
602.0 0.009549986134516075
603.0 0.010362795001128688
604.0 0.011175606050528586
605.0 0.011180565343238413
606.0 0.011185525363544002
607.0 0.009751869947649539
608.0 0.00831821744213812
609.0 0.006554432911798358
610.0 0.004790650200447999
611.0 0.004038389670313336
612.0 0.003286129140178673
613.0 0.0037709491152781993
614.0 0.0042557679989840835
615.0 0.004746772174257785
616.0 0.005237777077127248
617.0 0.006499233859358355
618.0 0.007760691369185224
619.0 0.0086841122538317
620.0 0.009607533866073936
621.0 0.010451141861267388
622.0 0.01129474985646084
623.0 0.011464615818113089
624.0 0.011634479596978053
625.0 0.010230215411866084
626.0 0.008825947588775307
627.0 0.007028898835415021
628.0 0.00523184789926745
629.0 0.004326280395616777
630.0 0.003420713255763985
631.0 0.002960677375085652
632.0 0.002500641130609438
633.0 0.0026950256142299622
634.0 0.0028894104616483673
635.0 0.003221820225007832
636.0 0.003554229624569416
637.0 0.004338118014857173
638.0 0.005122006041347049
639.0 0.005064541983301751
640.0 0.0050070779252564535
641.0 0.005452136610983871
642.0 0.005897195660509169
643.0 0.005434685590444133
644.0 0.004972175520379096
645.0 0.004614232238964178
646.0 0.004256288229953498
647.0 0.0035193861549487337
648.0 0.0027824838980450295
649.0 0.002077300814562477
650.0 0.0013721175491809845
651.0 0.0015012473340902943
652.0 0.0016303774827974848
653.0 0.001675228304520715
654.0 0.0017200791262439452
655.0 0.0017787971955840476
656.0 0.0018375156287220307
657.0 0.0015472882296307944
658.0 0.0012570609214890283
659.0 0.0016895803128136322
660.0 0.002122099613188766
661.0 0.001867323044280056
662.0 0.0016125464753713459
663.0 0.0024216471501858905
664.0 0.003230748188798316
665.0 0.003601766366045922
666.0 0.003972784543293528
667.0 0.004598893792717718
668.0 0.005225001586950384
669.0 0.005397776476456784
670.0 0.005570548091782257
671.0 0.006214891618583351
672.0 0.006859235145384446
673.0 0.00786620657891035
674.0 0.008873178740032017
675.0 0.008351961150765419
676.0 0.007830746471881866
677.0 0.00638538840576075
678.0 0.004940030339639634
679.0 0.003254428520449437
680.0 0.0015688276107539423
681.0 0.0007230592473206343
682.0 1.9570621165310165e-10
683.0 0.00021393816496129148
684.0 0.0005505853550857864
685.0 0.0003854483111354057
686.0 0.00022031122171028983
687.0 0.00020490224414970726
688.0 0.00018949332343254355
689.0 0.0002340185119464877
690.0 0.00027854371182911564
691.0 0.00040897452890931163
692.0 0.0005394054369389778
693.0 0.0004276330855645938
694.0 0.00031586073419020977
695.0 0.00045412352847051807
696.0 0.0005923863682255615
697.0 0.0005066288395028096
698.0 0.0004208712198305875
699.0 0.0003958303295803489
700.0 0.0003707891664816998
701.0 0.00032178704714169726
702.0 0.00027278499601379735
703.0 0.00034681920624279883
704.0 0.00042085339373443276
705.0 0.000340163501277857
706.0 0.0002594734269223409
707.0 5.213028657635732e-05
708.0 1.9570621165310165e-10
709.0 3.0395651151593484e-05
710.0 0.00021600421860057395
711.0 0.00040857189560483675
712.0 0.0006011395726090996
713.0 0.00043258978621452115
714.0 0.0002640400680320454
715.0 0.0003675167135952506
716.0 0.0004709933818958234
717.0 0.0003280420060036704
718.0 0.00018509073242967133
719.0 0.00023589295778947417
720.0 0.00028669512630585814
721.0 0.00021786177057947498
722.0 0.00014902844895914313
723.0 0.0002952172508230433
724.0 0.0004414060185808921
725.0 0.0005516508281289134
726.0 0.00066189577410114
727.0 0.00039076944631233346
728.0 0.00011964339137193747
729.0 0.0003325070338178193
730.0 0.0005453709491121117
731.0 0.0007166558589233318
732.0 0.0008879410415829625
733.0 0.00032122266020451207
734.0 1.9570621165310165e-10
735.0 1.9570621165310165e-10
736.0 1.9570621165310165e-10
737.0 0.000303764795717143
738.0 0.0009529582712275442
739.0 0.0006850390036561294
740.0 0.0004171194177615689
741.0 0.00030746568882022984
742.0 0.00019781195987889078
743.0 1.9570621165310165e-10
744.0 1.9570621165310165e-10
745.0 0.0002780218665066059
746.0 0.0007816888683009893
747.0 0.00047206667659338564
748.0 0.00016244463267867104
749.0 4.875060426456912e-05
750.0 1.9570621165310165e-10
751.0 7.26225039215933e-05
752.0 0.00021018840925535187
753.0 0.00025002705115184654
754.0 0.0002898656930483412
755.0 1.9570621165310165e-10
756.0 1.9570621165310165e-10
757.0 1.9570621165310165e-10
758.0 1.9570621165310165e-10
759.0 0.00021649898371833842
760.0 0.0008119425729091745
761.0 0.00041904067984432913
762.0 2.6138761199945293e-05
763.0 1.9570621165310165e-10
764.0 1.9570621165310165e-10
765.0 0.00010642518191161798
766.0 0.00031411732379638124
767.0 1.9570621165310165e-10
768.0 1.9570621165310165e-10
769.0 1.9570621165310165e-10
770.0 1.9570621165310165e-10
771.0 1.9570621165310165e-10
772.0 1.9570621165310165e-10
773.0 0.0001683167283772491
774.0 0.0007157428626669571
775.0 0.0004106287633476313
776.0 0.0001055145276041003
777.0 0.00022998970052867662
778.0 0.0003544648961906205
779.0 0.0005013440386392176
780.0 0.0006482232038251823
781.0 0.0006689686870231526
782.0 0.0006897140792716527
783.0 0.0005257121301838197
784.0 0.0003617102265707217
785.0 0.00020644592950702645
786.0 5.1181280014134245e-05
787.0 0.0005793770014861366
788.0 0.0011075724614784122
789.0 0.0009736235369928181
790.0 0.0008396747034566943
791.0 0.0006532266070280457
792.0 0.00046677832870045677
793.0 0.0005771189080405748
794.0 0.0006874591690575471
795.0 0.0007456018465745728
796.0 0.0008037444786168635
797.0 0.00044975627133680973
798.0 9.576814363754238e-05
799.0 0.0005187969236430945
800.0 0.000941825783229433
801.0 0.0006052713160897838
802.0 0.0002687169626369723
803.0 0.00042215483517793473
804.0 0.0005755926849815296
805.0 0.0007845613254175987
806.0 0.0009935299203789327
807.0 0.000548197158423136
808.0 0.00010286446467944188
809.0 1.9570621165310165e-10
810.0 1.9570621165310165e-10
811.0 0.0001717867462502909
812.0 0.000598666156292893
813.0 0.0007278044904523995
814.0 0.0008569429155613761
815.0 0.0009189032425638288
816.0 0.0009808631148189306
817.0 0.0009453830898564775
818.0 0.0009099032467929646
819.0 0.0008606929441157263
820.0 0.0008114826414384879
821.0 0.0006423610102501698
822.0 0.00047323933358711656
823.0 0.0005734640126320301
824.0 0.0006736888735758839
825.0 0.0007065176760079339
826.0 0.0007393464784399839
827.0 0.0006999216566327959
828.0 0.0006604969257750781
829.0 0.00033707497095747385
830.0 1.3653016139869578e-05
831.0 0.00011816742926384904
832.0 0.00022268200154940132
833.0 0.00045998422137927264
834.0 0.000697286486683879
835.0 0.00015928118273222935
836.0 1.9570621165310165e-10
837.0 1.9570621165310165e-10
838.0 6.52276582968625e-05
839.0 0.0004951067239744589
840.0 0.0009249857612303458
841.0 0.0011343153346388135
842.0 0.0013436449080472812
843.0 0.0010662492059054784
844.0 0.0007888533218647353
845.0 0.0006380790637194877
846.0 0.0004873046236752998
847.0 0.0007710510544711724
848.0 0.0010547973943175748
849.0 0.000742416250432143
850.0 0.00043003474274883047
851.0 0.0007936407200759277
852.0 0.0011572466974030249
853.0 0.0004806534434464993
854.0 1.9570621165310165e-10
855.0 1.9570621165310165e-10
856.0 1.9570621165310165e-10
857.0 0.0004672795967053389
858.0 0.0015318493751692586
859.0 0.0012503472134994809
860.0 0.0009688446880318224
861.0 0.0013658178431796841
862.0 0.0017627911802264862
863.0 0.0018365437426837161
864.0 0.001910296305140946
865.0 0.0019354416508576833
866.0 0.001960587178473361
867.0 0.0025690798793220893
868.0 0.0031775725801708177
869.0 0.0029023220122326165
870.0 0.0026270714442944154
871.0 0.0032548883609706536
872.0 0.0038827056414447725
873.0 0.0028635409762500785
874.0 0.001844376492954325
