lsstCam/transmission_filter_detector/r10_s10/y_10/19700101T000000.ecsv
# %ECSV 1.0
# ---
# datatype:
# - {name: wavelength, unit: nm, datatype: float32}
# - {name: efficiency, unit: '%', datatype: float64}
# meta: !!omap
# - {MODE: DETECTOR}
# - {TYPE: transmission_filter_detector}
# - {CALIBDATE: '1970-01-01T00:00:00'}
# - {INSTRUME: LSSTCam}
# - {OBSTYPE: transmission_filter_detector}
# - {CALIBCLS: lsst.ip.isr.IntermediateFilterDetectorTransmissionCurve}
# - {SOURCE: Materion (DM-46256)}
# - {DETECTOR: 30}
# - {FILTER: y_10}
# - {CALIB_ID: 'calibDate=1970-01-01T00:00:00 filter=y_10 detector=30'}
# - {DATE: '2025-04-02T15:59:50.881125'}
# - {CALIB_CREATION_DATE: '2025-04-02'}
# - {CALIB_CREATION_TIME: '15:59:50'}
# - __serialized_columns__:
#     efficiency:
#       __class__: astropy.units.quantity.Quantity
#       unit: !astropy.units.Unit {unit: '%'}
#       value: !astropy.table.SerializedColumn {name: efficiency}
#     wavelength:
#       __class__: astropy.units.quantity.Quantity
#       unit: !astropy.units.Unit {unit: nm}
#       value: !astropy.table.SerializedColumn {name: wavelength}
# schema: astropy-2.0
wavelength efficiency
[from data line 576]
876.0 0.0032640047720633447
877.0 0.002073155337711796
878.0 0.0008823061762086581
879.0 0.0017157168258563615
880.0 0.0635222066193819
881.0 0.0894950469955802
882.0 0.06505047786049545
883.0 0.10635035578161478
884.0 0.07148857112042606
885.0 0.09368479368276894
886.0 0.08524224977008998
887.0 0.09774862555786967
888.0 0.07582290563732386
889.0 0.1072294544428587
890.0 0.07349028019234538
891.0 0.0928994792047888
892.0 0.07772469543851912
893.0 0.10667459573596716
894.0 0.07668486796319485
895.0 0.10754390386864543
896.0 0.08059878600761294
897.0 0.11856254423037171
898.0 0.0760250783059746
899.0 0.12548089725896716
900.0 0.0804543902631849
901.0 0.12493650428950787
902.0 0.12938579311594367
903.0 0.13705624733120203
904.0 0.15595522709190845
905.0 0.16447465168312192
906.0 0.19369537476450205
907.0 0.2217940054833889
908.0 0.259077618829906
909.0 0.31493993010371923
910.0 0.40756440721452236
911.0 0.5253482144325972
912.0 0.7226004730910063
913.0 1.0486133396625519
914.0 1.4835317619144917
915.0 2.185894548892975
916.0 3.1557705253362656
917.0 4.391225054860115
918.0 5.971166118979454
919.0 7.656216621398926
920.0 10.119738429784775
921.0 12.815316021442413
922.0 15.430185198783875
923.0 18.357793986797333
924.0 21.500571072101593
925.0 24.92728978395462
926.0 29.279127717018127
927.0 34.222716093063354
928.0 39.025551080703735
929.0 44.59685981273651
930.0 50.110357999801636
931.0 56.09249472618103
932.0 62.33954429626465
933.0 68.52605938911438
934.0 73.84222745895386
935.0 78.36301922798157
936.0 82.59438872337341
937.0 86.09291911125183
938.0 88.9477014541626
939.0 91.0973608493805
940.0 92.57681369781494
941.0 93.57252717018127
942.0 94.31824684143066
943.0 94.69340443611145
944.0 95.28973698616028
945.0 95.52440643310547
946.0 96.01482152938843
947.0 96.22259140014648
948.0 96.62344455718994
949.0 96.73528671264648
950.0 96.89369201660156
951.0 96.95575833320618
952.0 96.95324301719666
953.0 97.0640480518341
954.0 97.0706582069397
955.0 96.96949124336243
956.0 97.1642255783081
957.0 97.25621938705444
958.0 97.4111557006836
959.0 97.52228260040283
960.0 97.71701693534851
961.0 97.84846901893616
962.0 98.00428748130798
963.0 98.14050793647766
964.0 98.28031659126282
965.0 98.41454029083252
966.0 98.51592183113098
967.0 98.65832924842834
968.0 98.66812825202942
969.0 98.71575236320496
970.0 98.75737428665161
971.0 98.78824949264526
972.0 98.83401393890381
973.0 98.89205694198608
974.0 98.88202548027039
975.0 98.8444983959198
976.0 98.93133044242859
977.0 98.90692234039307
978.0 98.96000623703003
979.0 98.95492792129517
980.0 98.93037676811218
981.0 98.86133074760437
982.0 98.88423681259155
983.0 98.91591668128967
984.0 98.87902736663818
985.0 98.8878846168518
986.0 98.78151416778564
987.0 98.86034727096558
988.0 98.7270176410675
989.0 98.69627952575684
990.0 98.61125946044922
991.0 98.57726097106934
992.0 98.64937663078308
993.0 98.57189059257507
994.0 98.49717020988464
995.0 98.47237467765808
996.0 98.4285831451416
997.0 98.54002594947815
998.0 98.54180216789246
999.0 98.60612154006958
1000.0 98.60158562660217
1001.0 98.60997200012207
1002.0 98.72022867202759
1003.0 98.77687692642212
1004.0 98.85958433151245
1005.0 98.83648157119751
1006.0 99.00254607200623
1007.0 98.98746013641357
1008.0 98.99319410324097
1009.0 98.97661209106445
1010.0 99.04742240905762
1011.0 99.03925657272339
1012.0 98.9825189113617
1013.0 98.9896297454834
1014.0 98.96606802940369
1015.0 98.92773628234863
1016.0 98.8808810710907
1017.0 98.90870451927185
1018.0 98.93810153007507
1019.0 98.83195161819458
1020.0 98.86959195137024
1021.0 99.00026321411133
1022.0 98.84333610534668
1023.0 98.82099032402039
1024.0 98.85265827178955
1025.0 98.82183074951172
1026.0 98.79067540168762
1027.0 98.94446730613708
1028.0 98.8669216632843
1029.0 98.92306327819824
1030.0 98.94934296607971
1031.0 98.93176555633545
1032.0 98.98561835289001
1033.0 98.94708395004272
1034.0 99.01990294456482
1035.0 99.03472065925598
1036.0 98.94630908966064
1037.0 99.03473854064941
1038.0 98.97501468658447
1039.0 98.89708161354065
1040.0 98.85450005531311
1041.0 98.96572232246399
1042.0 98.86897206306458
1043.0 98.87012243270874
1044.0 98.9051103591919
1045.0 98.64187836647034
1046.0 98.77787232398987
1047.0 98.69282245635986
1048.0 98.72931838035583
1049.0 98.63204956054688
1050.0 98.64502549171448
1051.0 98.55429530143738
1052.0 98.58266711235046
1053.0 98.45174551010132
1054.0 98.59640598297119
1055.0 98.69439601898193
1056.0 98.62797856330872
1057.0 98.63525032997131
1058.0 98.50625395774841
1059.0 98.50152134895325
1060.0 98.66906404495239
1061.0 98.6224353313446
1062.0 98.61687421798706
1063.0 98.59496355056763
1064.0 98.82113337516785
1065.0 98.7467348575592
1066.0 98.71755242347717
1067.0 98.77722263336182
1068.0 98.77767562866211
1069.0 98.58310222625732
1070.0 99.0202248096466
1071.0 98.78639578819275
1072.0 98.9460825920105
1073.0 98.92581105232239
1074.0 98.66062998771667
1075.0 98.78453612327576
1076.0 98.2961893081665
1077.0 98.75068664550781
1078.0 98.89196753501892
1079.0 98.47987294197083
1080.0 99.21059608459473
1081.0 98.60555529594421
1082.0 98.59579205513
1083.0 98.42984676361084
1084.0 98.84258508682251
1085.0 98.8759994506836
1086.0 98.47914576530457
1087.0 98.44945073127747
1088.0 98.49400520324707
1089.0 98.26179146766663
1090.0 98.23132753372192
1091.0 98.48043322563171
1092.0 98.50708842277527
1093.0 98.38278293609619
1094.0 98.21754097938538
1095.0 98.26173782348633
1096.0 98.37681651115417
1097.0 98.3320951461792
1098.0 97.6017713546753
1099.0 98.41960072517395
1100.0 98.23901057243347
