lsstCam/transmission_filter_detector/r12_s00/u_24/19700101T000000.ecsv
# %ECSV 1.0
# ---
# datatype:
# - {name: wavelength, unit: nm, datatype: float32}
# - {name: efficiency, unit: '%', datatype: float64}
# meta: !!omap
# - {MODE: DETECTOR}
# - {TYPE: transmission_filter_detector}
# - {CALIBDATE: '1970-01-01T00:00:00'}
# - {INSTRUME: LSSTCam}
# - {OBSTYPE: transmission_filter_detector}
# - {CALIBCLS: lsst.ip.isr.IntermediateFilterDetectorTransmissionCurve}
# - {SOURCE: Materion (DM-46256)}
# - {DETECTOR: 45}
# - {FILTER: u_24}
# - {CALIB_ID: 'calibDate=1970-01-01T00:00:00 filter=u_24 detector=45'}
# - {DATE: '2025-04-02T15:59:39.957628'}
# - {CALIB_CREATION_DATE: '2025-04-02'}
# - {CALIB_CREATION_TIME: '15:59:39'}
# - __serialized_columns__:
#     efficiency:
#       __class__: astropy.units.quantity.Quantity
#       unit: !astropy.units.Unit {unit: '%'}
#       value: !astropy.table.SerializedColumn {name: efficiency}
#     wavelength:
#       __class__: astropy.units.quantity.Quantity
#       unit: !astropy.units.Unit {unit: nm}
#       value: !astropy.table.SerializedColumn {name: wavelength}
# schema: astropy-2.0
wavelength efficiency
295.0 1.5971634821990155e-10
296.0 1.5971634821990155e-10
297.0 1.5971634821990155e-10
298.0 1.5971634821990155e-10
299.0 1.5971634821990155e-10
300.0 1.5971634821990155e-10
301.0 1.5971634821990155e-10
302.0 1.5971634821990155e-10
303.0 1.5971634821990155e-10
304.0 0.24436363019049168
305.0 0.8002879098057747
306.0 1.5518281608819962
307.0 2.758203074336052
308.0 5.201250314712524
309.0 8.281100541353226
310.0 11.269216239452362
311.0 14.976231753826141
312.0 18.810759484767914
313.0 22.05403745174408
314.0 25.02056658267975
315.0 27.501022815704346
316.0 29.694873094558716
317.0 32.12946951389313
318.0 34.6080482006073
319.0 38.344940543174744
320.0 43.74938905239105
321.0 48.91494810581207
322.0 54.9199104309082
323.0 60.53457260131836
324.0 65.18006324768066
325.0 68.43105554580688
326.0 70.87908387184143
327.0 72.91635274887085
328.0 74.70269203186035
329.0 76.03631019592285
330.0 77.4884581565857
331.0 78.16998958587646
332.0 78.61157655715942
333.0 78.66700291633606
334.0 78.54393124580383
335.0 78.77326607704163
336.0 78.9558470249176
337.0 79.35178279876709
338.0 80.20222187042236
339.0 80.78486919403076
340.0 81.20107650756836
341.0 81.74181580543518
342.0 82.07513689994812
343.0 82.11317658424377
344.0 82.20198154449463
345.0 82.59124755859375
346.0 82.87294507026672
347.0 83.17738175392151
348.0 83.49087238311768
349.0 83.74942541122437
350.0 83.8126003742218
351.0 83.97378921508789
352.0 83.87398719787598
353.0 83.80364775657654
354.0 83.71684551239014
355.0 83.90067219734192
356.0 84.14249420166016
357.0 84.05323028564453
358.0 83.72798562049866
359.0 83.66390466690063
360.0 83.3763599395752
361.0 83.25666189193726
362.0 83.1136703491211
363.0 83.20666551589966
364.0 83.29028487205505
365.0 83.54282975196838
366.0 83.69202017784119
367.0 83.78341794013977
368.0 83.72581005096436
369.0 83.73831510543823
370.0 83.44037532806396
371.0 83.29658508300781
372.0 83.23378562927246
373.0 83.37854146957397
374.0 83.35272669792175
375.0 83.68317484855652
376.0 83.71014595031738
377.0 83.8166892528534
378.0 83.85639190673828
379.0 83.6260735988617
380.0 82.9903244972229
381.0 81.73176646232605
382.0 80.04779815673828
383.0 78.12548875808716
384.0 76.03054642677307
385.0 73.71670007705688
386.0 71.33038640022278
387.0 68.13551187515259
388.0 64.87435698509216
389.0 60.93534827232361
390.0 57.006675004959106
391.0 52.758532762527466
392.0 48.28280210494995
393.0 44.52395141124725
394.0 41.26830697059631
395.0 37.90464103221893
396.0 34.40326750278473
397.0 29.771259427070618
398.0 24.317866563796997
399.0 17.6036536693573
400.0 11.32449060678482
401.0 6.429417431354523
402.0 2.9246702790260315
403.0 0.9921904653310776
404.0 0.2917463891208172
405.0 0.13776333071291447
406.0 0.07377719739452004
407.0 0.010074847523355857
408.0 1.5971634821990155e-10
409.0 1.5971634821990155e-10
410.0 1.5971634821990155e-10
411.0 1.5971634821990155e-10
412.0 1.5971634821990155e-10
413.0 1.5971634821990155e-10
414.0 1.5971634821990155e-10
415.0 1.5971634821990155e-10
416.0 1.5971634821990155e-10
417.0 1.5971634821990155e-10
418.0 1.5971634821990155e-10
419.0 1.5971634821990155e-10
420.0 1.5971634821990155e-10
421.0 1.5971634821990155e-10
422.0 1.5971634821990155e-10
423.0 1.5971634821990155e-10
424.0 1.5971634821990155e-10
425.0 1.5971634821990155e-10
426.0 1.5971634821990155e-10
427.0 1.5971634821990155e-10
428.0 1.5971634821990155e-10
429.0 0.0008123215593514033
430.0 0.0021798292436869815
431.0 0.0011995309250778519
432.0 0.00021923278836766258
433.0 8.369437409783131e-05
434.0 1.5971634821990155e-10
435.0 0.000933464070840273
436.0 0.0019187726138625294
437.0 0.0005072923158877529
438.0 1.5971634821990155e-10
439.0 0.0002885320327550289
440.0 0.0014812522749707568
441.0 0.0001812145569601853
442.0 1.5971634821990155e-10
443.0 1.5971634821990155e-10
444.0 1.5971634821990155e-10
445.0 1.5971634821990155e-10
446.0 1.5971634821990155e-10
447.0 1.5971634821990155e-10
448.0 1.5971634821990155e-10
449.0 3.5563496680879325e-05
450.0 0.0004045763034810079
451.0 1.5971634821990155e-10
452.0 1.5971634821990155e-10
453.0 3.796263001731859e-05
454.0 0.000844023725221632
455.0 1.5971634821990155e-10
456.0 1.5971634821990155e-10
457.0 1.5971634821990155e-10
458.0 1.5971634821990155e-10
459.0 1.5971634821990155e-10
460.0 1.5971634821990155e-10
461.0 1.5971634821990155e-10
462.0 1.5971634821990155e-10
463.0 1.5971634821990155e-10
464.0 1.5971634821990155e-10
465.0 7.011049660832214e-05
466.0 0.00030939802400098415
467.0 1.5971634821990155e-10
468.0 1.5971634821990155e-10
469.0 1.5971634821990155e-10
470.0 0.0010130754162673838
471.0 8.797936743576429e-05
472.0 1.5971634821990155e-10
473.0 1.5971634821990155e-10
474.0 1.5971634821990155e-10
475.0 1.5971634821990155e-10
476.0 1.5971634821990155e-10
477.0 6.198662845235958e-05
478.0 0.0003549816256054328
479.0 0.0001003899910756445
480.0 1.5971634821990155e-10
481.0 0.0002016331791310222
482.0 0.0005574677743425127
483.0 1.5971634821990155e-10
484.0 1.5971634821990155e-10
485.0 1.5971634821990155e-10
486.0 1.5971634821990155e-10
487.0 1.5971634821990155e-10
488.0 1.5971634821990155e-10
489.0 1.5971634821990155e-10
490.0 1.5971634821990155e-10
491.0 1.5971634821990155e-10
492.0 1.5971634821990155e-10
493.0 1.5971634821990155e-10
494.0 1.5971634821990155e-10
495.0 1.5971634821990155e-10
496.0 0.000742060774427955
497.0 0.00019407902982493397
498.0 1.5971634821990155e-10
499.0 1.5971634821990155e-10
500.0 1.5971634821990155e-10
501.0 1.5971634821990155e-10
502.0 1.5971634821990155e-10
503.0 1.5971634821990155e-10
504.0 1.5971634821990155e-10
505.0 1.5971634821990155e-10
506.0 1.5971634821990155e-10
507.0 1.5971634821990155e-10
508.0 1.5971634821990155e-10
509.0 1.5971634821990155e-10
510.0 1.5971634821990155e-10
511.0 1.5971634821990155e-10
512.0 0.00012198718195577385
513.0 0.00017771428701962577
514.0 0.0002334411874471698
515.0 0.0004041694865009049
516.0 0.00057489778555464
517.0 1.5971634821990155e-10
518.0 1.5971634821990155e-10
519.0 1.5971634821990155e-10
520.0 0.00015644852737750625
521.0 0.0005362373485695571
522.0 0.0009160260560747702
523.0 0.00041617486203904264
524.0 1.5971634821990155e-10
525.0 1.5971634821990155e-10
526.0 1.5971634821990155e-10
527.0 1.5971634821990155e-10
528.0 1.5971634821990155e-10
529.0 1.5971634821990155e-10
530.0 1.5971634821990155e-10
531.0 0.00010383731705587707
532.0 0.00029156319669709774
533.0 1.5971634821990155e-10
534.0 1.5971634821990155e-10
535.0 1.5971634821990155e-10
536.0 1.5971634821990155e-10
537.0 1.5971634821990155e-10
538.0 1.5971634821990155e-10
539.0 1.5971634821990155e-10
540.0 1.5971634821990155e-10
541.0 1.5971634821990155e-10
542.0 1.5971634821990155e-10
543.0 1.5971634821990155e-10
544.0 1.5971634821990155e-10
545.0 1.5971634821990155e-10
546.0 1.5971634821990155e-10
547.0 2.8241797167538607e-05
548.0 0.00014634393892265507
549.0 1.5971634821990155e-10
550.0 1.5971634821990155e-10
551.0 1.5971634821990155e-10
552.0 1.5971634821990155e-10
553.0 1.5971634821990155e-10
554.0 1.5971634821990155e-10
555.0 1.5971634821990155e-10
556.0 1.5971634821990155e-10
557.0 1.5971634821990155e-10
558.0 1.5971634821990155e-10
559.0 1.5971634821990155e-10
560.0 0.0002974354856632999
561.0 1.5971634821990155e-10
562.0 1.5971634821990155e-10
563.0 1.5971634821990155e-10
564.0 1.5971634821990155e-10
565.0 1.5971634821990155e-10
566.0 1.5971634821990155e-10
567.0 1.5971634821990155e-10
568.0 1.7713183808609756e-05
569.0 0.00017913060901264544
570.0 0.0003405479446882964
571.0 0.0004632923264580313
572.0 0.000586036867389339
573.0 0.0005247668923402671
574.0 0.00046349723561434075
575.0 0.00023076622710505035
576.0 1.5971634821990155e-10
577.0 0.00030124815566523466
578.0 0.0006044608653610339
579.0 0.0005015480837755604
580.0 0.0003986352567153517
581.0 0.0006544172265421366
582.0 0.0009101994692173321
583.0 0.001253040500159841
584.0 0.0015958818039507605
585.0 0.001215922566188965
586.0 0.0008359628736798186
587.0 0.000975923194346251
588.0 0.0011158836059621535
589.0 0.0009729087651066948
590.0 0.0008299337423522957
591.0 0.0008867849828675389
592.0 0.000943636132433312
593.0 0.0007775152880640235
594.0 0.0006113941708463244
595.0 0.0008076390258793253
596.0 0.0010038835171144456
597.0 0.0010154242772841826
598.0 0.001026964673656039
599.0 0.0013065923667454626
600.0 0.001586219877935946
601.0 0.0017860285879578441
602.0 0.0019858374798786826
603.0 0.0018227810869575478
604.0 0.0016597248759353533
605.0 0.0015568466551485471
606.0 0.0014539686162606813
607.0 0.0014774155715713277
608.0 0.001500862435932504
609.0 0.0009386433703184593
610.0 0.0003764242592296796
611.0 0.0006487728569481988
612.0 0.0009211215910909232
613.0 0.0006869804110465338
614.0 0.0004528393674263498
615.0 0.0007024044862191658
616.0 0.000951969650486717
617.0 0.0008372918273380492
618.0 0.0007226142770377919
619.0 0.0005504221462615533
620.0 0.00037823022012162255
621.0 0.0006434654551412677
622.0 0.0009087006219488103
623.0 0.0006404145551641705
624.0 0.00037212830648059025
625.0 0.0005778535523859318
626.0 0.0007835787982912734
627.0 0.0007101805749698542
628.0 0.0006367824880726403
629.0 0.0006367530659190379
630.0 0.0006367237347149057
631.0 0.0012441357284842525
632.0 0.0018515476767788641
633.0 0.0018100407032761723
634.0 0.0017685339116724208
635.0 0.0021139223463251255
636.0 0.0024593109628767706
637.0 0.0024126155039994046
638.0 0.0023659198632230982
639.0 0.001911326398840174
640.0 0.0014567327525583096
641.0 0.001310793413722422
642.0 0.0011648539839370642
643.0 0.0007650965017091949
644.0 0.00036533897400659043
645.0 0.00029243076369311893
646.0 0.0002195224851675448
647.0 3.351620421199186e-05
648.0 1.5971634821990155e-10
649.0 4.5229614897834836e-05
650.0 0.00024294913600897416
651.0 0.0005891108685318613
652.0 0.0009352727829536889
653.0 0.0014039371308172122
654.0 0.0018726013877312653
655.0 0.0015952035028021783
656.0 0.001317805526923621
657.0 0.0023672908355365507
658.0 0.0034167765988968313
659.0 0.0037957826862111688
660.0 0.004174788773525506
661.0 0.004160630487604067
662.0 0.004146472201682627
663.0 0.003340176772326231
664.0 0.002533881524868775
665.0 0.0022246624212129973
666.0 0.001915443135658279
667.0 0.0016916937966016121
668.0 0.0014679440937470645
669.0 0.0010374715202488005
670.0 0.0006069989467505366
671.0 0.0005106486696604406
672.0 0.00041429830162087455
673.0 0.0003145399432469276
674.0 0.00021478156213561306
675.0 0.0005162104571354575
676.0 0.0008176393748726696
677.0 0.0013608551853394601
678.0 0.001904071177705191
679.0 0.002104082341247704
680.0 0.002304093140992336
681.0 0.0030288576454040594
682.0 0.003753621786017902
683.0 0.005328056795406155
684.0 0.006902491440996528
685.0 0.007513139280490577
686.0 0.008123789302771911
687.0 0.00770649203332141
688.0 0.007289195491466671
689.0 0.006200791540322825
690.0 0.00511238795297686
691.0 0.0045119224523659796
692.0 0.003911456951755099
693.0 0.0033753567549865693
694.0 0.002839256194420159
695.0 0.0024519080398022197
696.0 0.0020645602489821613
697.0 0.0015527368304901756
698.0 0.0010409135938971303
699.0 0.0008177983545465395
700.0 0.0005946830242464785
701.0 0.0004323361736169318
702.0 0.00026998945941159036
703.0 0.0005038695235271007
704.0 0.0007377498150162864
705.0 0.0007578660188301001
706.0 0.0007779824954923242
707.0 0.0008507555321557447
708.0 0.0009235282050212845
709.0 0.0007347767223109258
710.0 0.0005460251031763619
711.0 0.0007229408765851986
712.0 0.00089985651356983
713.0 0.0009422615221410524
714.0 0.0009846667126112152
715.0 0.0008014967534109019
716.0 0.0006183268396853236
717.0 0.0006246874363569077
718.0 0.0006310479875537567
719.0 0.0005757989583798917
720.0 0.0005205498837312916
721.0 0.0005824114850838669
722.0 0.0006442731319111772
723.0 0.0005038923518441152
724.0 0.0003635115263023181
725.0 0.00013412721955319284
726.0 1.5971634821990155e-10
727.0 0.00021552323232754134
728.0 0.000526303756487323
729.0 0.00025908759653248126
730.0 1.5971634821990155e-10
731.0 4.5069390353091876e-05
732.0 9.82672645477578e-05
733.0 4.115776448543329e-05
734.0 1.5971634821990155e-10
735.0 0.0003428961463214364
736.0 0.0007017439656920033
737.0 0.0006298136668192456
738.0 0.0005578832769970177
739.0 0.00046328173084475566
740.0 0.0003686800710056559
741.0 0.0007538018508057576
742.0 0.001138923744292697
743.0 0.0016326825061696582
744.0 0.0021264408132992685
745.0 0.002620804116304498
746.0 0.003115167055511847
747.0 0.003734883648576215
748.0 0.004354599514044821
749.0 0.003924334669136442
750.0 0.0034940705518238246
751.0 0.0034938482713187113
752.0 0.003493625990813598
753.0 0.0028660926545853727
754.0 0.002238559136458207
755.0 0.0023390963178826496
756.0 0.002439633863104973
757.0 0.002044630855380092
758.0 0.0016496276657562703
759.0 0.0012884192983619869
760.0 0.0009272108400182333
761.0 0.0009937171853380278
762.0 0.0010602235306578223
763.0 0.0008460031494905706
764.0 0.0006317826318991138
765.0 0.0007650027328054421
766.0 0.0008982227882370353
767.0 0.0007966535122250207
768.0 0.0006950840543140657
769.0 0.0006277482043515192
770.0 0.0005604121270152973
771.0 0.00041749372030608356
772.0 0.00027457517717266455
773.0 0.0003156482307531405
774.0 0.0003567211933841463
775.0 0.0003569126420188695
776.0 0.00035710399970412254
777.0 0.0005136068466526922
778.0 0.0006701094207528513
779.0 0.0008407791028730571
780.0 0.0010114486030943226
781.0 0.0010819883755175397
782.0 0.0011525281479407568
783.0 0.0009555741598887835
784.0 0.00075862008088734
785.0 0.0009142377166426741
786.0 0.0010698550795495976
787.0 0.0009731855243444443
788.0 0.0008765156962908804
789.0 0.0009116726687352639
790.0 0.0009468295502301771
791.0 0.0009205015885527246
792.0 0.0008941734449763317
793.0 0.00038133473481138935
794.0 1.5971634821990155e-10
795.0 1.8866636253278557e-05
796.0 0.00016923712564675952
797.0 0.00022762949356547324
798.0 0.0002860218501155032
799.0 0.00015922228158160578
800.0 3.2422610729554435e-05
801.0 1.5971634821990155e-10
802.0 1.5971634821990155e-10
803.0 4.992494950784021e-06
804.0 0.00025130973426712444
805.0 3.3389289910701336e-05
806.0 1.5971634821990155e-10
807.0 1.5971634821990155e-10
808.0 1.5971634821990155e-10
809.0 3.547224309841113e-05
810.0 0.00046788350118731614
811.0 1.5971634821990155e-10
812.0 1.5971634821990155e-10
813.0 1.5971634821990155e-10
814.0 0.000460199862573063
815.0 0.0005196068286750233
816.0 0.000579013521928573
817.0 0.0002630479457366164
818.0 1.5971634821990155e-10
819.0 1.5971634821990155e-10
820.0 1.5971634821990155e-10
821.0 1.5971634821990155e-10
822.0 1.5971634821990155e-10
823.0 1.5971634821990155e-10
824.0 1.5971634821990155e-10
825.0 1.5971634821990155e-10
826.0 1.5971634821990155e-10
827.0 0.0001603015903128835
828.0 0.0006417444183171028
829.0 0.0005289085493132006
830.0 0.00041607299863244407
831.0 4.81013273656572e-05
832.0 1.5971634821990155e-10
833.0 1.5971634821990155e-10
834.0 1.5971634821990155e-10
835.0 1.5971634821990155e-10
836.0 1.5971634821990155e-10
837.0 1.5971634821990155e-10
838.0 1.5971634821990155e-10
839.0 1.5971634821990155e-10
840.0 1.5971634821990155e-10
841.0 1.5971634821990155e-10
842.0 8.261832107336886e-06
843.0 1.5971634821990155e-10
844.0 1.5971634821990155e-10
845.0 2.6454489443494822e-05
846.0 8.687557055964135e-05
847.0 0.00011202524774489575
848.0 0.00013717491356146638
849.0 0.00020559368749673013
850.0 0.00027401238185120746
851.0 0.0002959637185995234
852.0 0.00031791510082257446
853.0 0.00014483620134342345
854.0 1.5971634821990155e-10
855.0 1.5971634821990155e-10
856.0 1.5971634821990155e-10
857.0 0.0003797469616984017
858.0 0.0007690306119911838
859.0 0.0006589359145436902
860.0 0.0005488413080456667
861.0 0.0007380533588730032
862.0 0.0009272653187508695
863.0 0.0009767777555680368
864.0 0.0010262899195367936
865.0 0.0015474772226298228
866.0 0.0020686642528744414
867.0 0.001880700801848434
868.0 0.0016927375327213667
869.0 0.001562801844556816
870.0 0.0014328659744933248
871.0 0.0015646319297957234
872.0 0.0016963977031991817
873.0 0.0017936201402335428
874.0 0.0018908423953689635
