lsstCam/transmission_filter_detector/r12_s00/u_24/19700101T000000.ecsv
# %ECSV 1.0
# ---
# datatype:
# - {name: wavelength, unit: nm, datatype: float32}
# - {name: efficiency, unit: '%', datatype: float64}
# meta: !!omap
# - {MODE: DETECTOR}
# - {TYPE: transmission_filter_detector}
# - {CALIBDATE: '1970-01-01T00:00:00'}
# - {INSTRUME: LSSTCam}
# - {OBSTYPE: transmission_filter_detector}
# - {CALIBCLS: lsst.ip.isr.IntermediateFilterDetectorTransmissionCurve}
# - {SOURCE: Materion (DM-46256)}
# - {DETECTOR: 45}
# - {FILTER: u_24}
# - {CALIB_ID: 'calibDate=1970-01-01T00:00:00 filter=u_24 detector=45'}
# - {DATE: '2025-04-02T15:59:39.957628'}
# - {CALIB_CREATION_DATE: '2025-04-02'}
# - {CALIB_CREATION_TIME: '15:59:39'}
# - __serialized_columns__:
#     efficiency:
#       __class__: astropy.units.quantity.Quantity
#       unit: !astropy.units.Unit {unit: '%'}
#       value: !astropy.table.SerializedColumn {name: efficiency}
#     wavelength:
#       __class__: astropy.units.quantity.Quantity
#       unit: !astropy.units.Unit {unit: nm}
#       value: !astropy.table.SerializedColumn {name: wavelength}
# schema: astropy-2.0
wavelength efficiency
[from data line 581]
876.0 0.002141989716619719
877.0 0.00227382370212581
878.0 0.0024056582333287224
879.0 0.0025064509827643633
880.0 0.002607244095997885
881.0 0.0028226952053955756
882.0 0.0030381464966922067
883.0 0.002826745367201511
884.0 0.0026153446015086956
885.0 0.002446144208079204
886.0 0.0022769439965486526
887.0 0.0021480300347320735
888.0 0.0020191160729154944
889.0 0.0020252262402209453
890.0 0.002031336225627456
891.0 0.0022308888219413348
892.0 0.002430441600154154
893.0 0.0025231905965483747
894.0 0.0026159390472457744
895.0 0.0029417451514746062
896.0 0.0032675510738044977
897.0 0.003594794907257892
898.0 0.003922038740711287
899.0 0.0040505514334654436
900.0 0.004179063398623839
901.0 0.00413271009165328
902.0 0.004086357512278482
903.0 0.004401848491397686
904.0 0.004717339834314771
905.0 0.004844387149205431
906.0 0.004971434464096092
907.0 0.005400439476943575
908.0 0.005829444489791058
909.0 0.005744248846895061
910.0 0.005659053567796946
911.0 0.005792060983367264
912.0 0.005925068762735464
913.0 0.005697349843103439
914.0 0.005469630195875652
915.0 0.00507083059346769
916.0 0.004672030627261847
917.0 0.00421575314248912
918.0 0.0037594756577163935
919.0 0.004069613351020962
920.0 0.00437975068052765
921.0 0.0046049932279856876
922.0 0.004830236139241606
923.0 0.0054408803407568485
924.0 0.006051523087080568
925.0 0.006292733451118693
926.0 0.006533944542752579
927.0 0.007053072476992384
928.0 0.007572197500849143
929.0 0.007560449739685282
930.0 0.00754870125092566
931.0 0.007214738434413448
932.0 0.006880774162709713
933.0 0.006753872730769217
934.0 0.006626971298828721
935.0 0.007004922372289002
936.0 0.007382872718153521
937.0 0.007329491199925542
938.0 0.007276111136889085
939.0 0.007375701534328982
940.0 0.007475291931768879
941.0 0.006317898805718869
942.0 0.0051605045882752165
943.0 0.0042624553316272795
944.0 0.0033644071663729846
945.0 0.0026063011318910867
946.0 0.0018481956431060098
947.0 0.0016637377484585159
948.0 0.0014792800357099622
949.0 0.001418832198396558
950.0 0.0013583843610831536
951.0 0.0011848556823679246
952.0 0.0010113268217537552
953.0 0.0011801109394582454
954.0 0.001348895239061676
955.0 0.0020348161342553794
956.0 0.002720737029449083
957.0 0.0027299296561977826
958.0 0.002739121555350721
959.0 0.002916310404543765
960.0 0.0030934985261410475
961.0 0.003586424281820655
962.0 0.004079350037500262
963.0 0.004381924372864887
964.0 0.004684499072027393
965.0 0.004477068068808876
966.0 0.004269637065590359
967.0 0.004480295319808647
968.0 0.004690954301622696
969.0 0.004715185059467331
970.0 0.004739415817311965
971.0 0.0048488425818504766
972.0 0.004958269346388988
973.0 0.004651065682992339
974.0 0.004343861655797809
975.0 0.0041992097976617515
976.0 0.004054557211929932
977.0 0.0036420620745047927
978.0 0.003229566937079653
979.0 0.0030056624382268637
980.0 0.0027817579393740743
981.0 0.0026127707315026782
982.0 0.002443783523631282
983.0 0.002777448025881313
984.0 0.0031111121643334627
985.0 0.003535313589964062
986.0 0.003959516106988303
987.0 0.004164421625318937
988.0 0.00436932677985169
989.0 0.005197646532906219
990.0 0.006025965194567107
991.0 0.0062283812440000474
992.0 0.006430797657230869
993.0 0.006582159403478727
994.0 0.0067335211497265846
995.0 0.006435885006794706
996.0 0.006138246681075543
997.0 0.0059013069403590634
998.0 0.005664369746227749
999.0 0.006093574484111741
1000.0 0.006522778858197853
1001.0 0.006291465979302302
1002.0 0.006060151645215228
1003.0 0.005720334593206644
1004.0 0.005380515722208656
1005.0 0.005445321949082427
1006.0 0.005510127448360436
1007.0 0.005291618435876444
1008.0 0.005073107240605168
1009.0 0.004536489359452389
1010.0 0.003999872205895372
1011.0 0.0038880993088241667
1012.0 0.0037763264117529616
1013.0 0.003239809302613139
1014.0 0.0027032921934733167
1015.0 0.0023535440050181933
1016.0 0.00200379581656307
1017.0 0.0017727212252793834
1018.0 0.001541646633995697
1019.0 0.001443229484721087
1020.0 0.0013448122444970068
1021.0 0.001179394075734308
1022.0 0.0010139759069716092
1023.0 0.001047275509336032
1024.0 0.001080575202649925
1025.0 0.001262805199075956
1026.0 0.001445035286451457
1027.0 0.0013513459634850733
1028.0 0.0012576565495692194
1029.0 0.0013314070201886352
1030.0 0.0014051577636564616
1031.0 0.0017240985471289605
1032.0 0.00204303960344987
1033.0 0.0021459904019138776
1034.0 0.0022489413822768256
1035.0 0.0023593691366841085
1036.0 0.002469796709192451
1037.0 0.002635688542795833
1038.0 0.002801580740197096
1039.0 0.00254669339483371
1040.0 0.0022918062313692644
1041.0 0.001813444214349147
1042.0 0.0013350826520763803
1043.0 0.0015330762835219502
1044.0 0.0017310701878159307
1045.0 0.0015366933439509012
1046.0 0.0013423168638837524
1047.0 0.0020025086996611208
1048.0 0.002662700535438489
1049.0 0.001994247031689156
1050.0 0.0013257928912935313
1051.0 0.0013137188943801448
1052.0 0.001301644715567818
1053.0 0.0012959452760696877
1054.0 0.0012902453818242066
1055.0 0.0008282869202957954
1056.0 0.00036632864066632465
1057.0 0.0012413443982950412
1058.0 0.0021163601559237577
1059.0 0.001396815241605509
1060.0 0.0006772704637114657
1061.0 0.0011152522347401828
1062.0 0.0015532339602941647
1063.0 0.0015418552720802836
1064.0 0.0015304765838664025
1065.0 0.0010563032446953002
1066.0 0.0005821300419484032
1067.0 0.0006495509296655655
1068.0 0.0007169713171606418
1069.0 0.001647156932449434
1070.0 0.0025773420929908752
1071.0 0.0012921299457957502
1072.0 6.918153871993127e-06
1073.0 0.0004973907834937563
1074.0 0.0009878633136395365
1075.0 0.0025457451556576416
1076.0 0.004103626633877866
1077.0 0.004115078991162591
1078.0 0.004126531712245196
1079.0 0.0052962641348131
1080.0 0.006465993646997958
1081.0 0.004489304410526529
1082.0 0.0025126148102572188
1083.0 0.001598922062839847
1084.0 0.0006852293154224753
1085.0 0.0022542406441061758
1086.0 0.0038232516089919955
1087.0 0.0031498653697781265
1088.0 0.002476479494362138
1089.0 0.004586694922181778
1090.0 0.006696909986203536
1091.0 0.004724964310298674
1092.0 0.0027530182705959305
1093.0 0.002092542672471609
1094.0 0.0014320674381451681
1095.0 0.0008367603186343331
1096.0 0.00024145344923454104
1097.0 0.0021093321265652776
1098.0 0.0039772112359059975
1099.0 0.003924842894775793
1100.0 0.0038724745536455885
