lsstCam/transmission_filter_detector/r12_s01/z_20/19700101T000000.ecsv
# %ECSV 1.0
# ---
# datatype:
# - {name: wavelength, unit: nm, datatype: float32}
# - {name: efficiency, unit: '%', datatype: float64}
# meta: !!omap
# - {MODE: DETECTOR}
# - {TYPE: transmission_filter_detector}
# - {CALIBDATE: '1970-01-01T00:00:00'}
# - {INSTRUME: LSSTCam}
# - {OBSTYPE: transmission_filter_detector}
# - {CALIBCLS: lsst.ip.isr.IntermediateFilterDetectorTransmissionCurve}
# - {SOURCE: Materion (DM-46256)}
# - {DETECTOR: 46}
# - {FILTER: z_20}
# - {CALIB_ID: 'calibDate=1970-01-01T00:00:00 filter=z_20 detector=46'}
# - {DATE: '2025-04-02T15:59:48.849589'}
# - {CALIB_CREATION_DATE: '2025-04-02'}
# - {CALIB_CREATION_TIME: '15:59:48'}
# - __serialized_columns__:
#     efficiency:
#       __class__: astropy.units.quantity.Quantity
#       unit: !astropy.units.Unit {unit: '%'}
#       value: !astropy.table.SerializedColumn {name: efficiency}
#     wavelength:
#       __class__: astropy.units.quantity.Quantity
#       unit: !astropy.units.Unit {unit: nm}
#       value: !astropy.table.SerializedColumn {name: wavelength}
# schema: astropy-2.0
wavelength efficiency
300.0 0.8718258701264858
301.0 0.5871440749615431
302.0 0.3024624427780509
303.0 0.29606521129608154
304.0 0.28966800309717655
305.0 0.244117621332407
306.0 0.19856721628457308
307.0 0.18331612227484584
308.0 0.16806503990665078
309.0 0.14621379086747766
310.0 0.12436253018677235
311.0 0.1264928956516087
312.0 0.12862328439950943
313.0 0.11367255356162786
314.0 0.09872184600681067
315.0 0.09700992959551513
316.0 0.0952980131842196
317.0 0.07966267294250429
318.0 0.06402734434232116
319.0 0.06428107735700905
320.0 0.06453481037169695
321.0 0.06336980732157826
322.0 0.06220481009222567
323.0 0.0551366014406085
324.0 0.048068389878608286
325.0 0.04406382504384965
326.0 0.04005925729870796
327.0 0.03976545704063028
328.0 0.039471653872169554
329.0 0.03475570119917393
330.0 0.0300397485261783
331.0 0.027277204208076
332.0 0.0245146598899737
333.0 0.023814737505745143
334.0 0.023114809300750494
335.0 0.02192598767578602
336.0 0.020737166050821543
337.0 0.024722705711610615
338.0 0.028708239551633596
339.0 0.024555448908358812
340.0 0.02040266408585012
341.0 0.017119318363256752
342.0 0.013835975551046431
343.0 0.013747216144111007
344.0 0.013658461102750152
345.0 0.012951904500368983
346.0 0.012245350808370858
347.0 0.011669348168652505
348.0 0.011093348439317197
349.0 0.013607097207568586
350.0 0.016120847431011498
351.0 0.013442528143059462
352.0 0.010764205944724381
353.0 0.011328465916449204
354.0 0.01189272734336555
355.0 0.010144193947780877
356.0 0.008395662007387727
357.0 0.009373203647555783
358.0 0.010350748198106885
359.0 0.010150689195143059
360.0 0.009950630192179233
361.0 0.00903015534277074
362.0 0.008109682676149532
363.0 0.009249141294276342
364.0 0.01038859918480739
365.0 0.010114836186403409
366.0 0.009841076098382473
367.0 0.008597498526796699
368.0 0.007353920955210924
369.0 0.007878393807914108
370.0 0.008402867388213053
371.0 0.008403438550885767
372.0 0.008404010441154242
373.0 0.007329036452574655
374.0 0.006254063919186592
375.0 0.006504113844130188
376.0 0.006754163041478023
377.0 0.007091537554515526
378.0 0.007428909884765744
379.0 0.00628081033937633
380.0 0.005132710430189036
381.0 0.0032895848562475294
382.0 0.0014464596461039037
383.0 0.0036393179470906034
384.0 0.005832176611875184
385.0 0.005530868293135427
386.0 0.005229560338193551
387.0 0.005861294630449265
388.0 0.006493029650300741
389.0 0.005764239904237911
390.0 0.005035450521972962
391.0 0.004672491559176706
392.0 0.00430953259638045
393.0 0.004789779632119462
394.0 0.005270027395454235
395.0 0.004310731674195267
396.0 0.0033514355891384184
397.0 0.0035596855013864115
398.0 0.003767935049836524
399.0 0.004004075162811205
400.0 0.004240214548190124
401.0 0.00463026444776915
402.0 0.005020314347348176
403.0 0.00502841139677912
404.0 0.005036508446210064
405.0 0.0042332743760198355
406.0 0.0034300406696274877
407.0 0.0018620507034938782
408.0 0.0002940612830570899
409.0 0.0019308858099975623
410.0 0.003567710518836975
411.0 0.004173715569777414
412.0 0.004779720620717853
413.0 0.004703574450104497
414.0 0.0046274282794911414
415.0 0.0037604873796226457
416.0 0.0028935468435520306
417.0 0.0038975787902018055
418.0 0.0049016107368515804
419.0 0.004375917706056498
420.0 0.003850224311463535
421.0 0.003876146365655586
422.0 0.003902069147443399
423.0 0.0036528985219774768
424.0 0.003403728987905197
425.0 0.0024264256353490055
426.0 0.0014491220099444035
427.0 0.0017701751858112402
428.0 0.002091228452627547
429.0 0.0014158036719891243
430.0 0.0007403793460980523
431.0 0.0007676222594454885
432.0 0.0007948649908939842
433.0 0.0007237806130433455
434.0 0.0006526961442432366
435.0 0.0011468856428109575
436.0 0.0016410753232776187
437.0 0.0017748423488228582
438.0 0.001908609556267038
439.0 0.0020197834601276554
440.0 0.002130957363988273
441.0 0.0016147352653206326
442.0 0.0010985133485519327
443.0 0.0022800793885835446
444.0 0.003461645246716216
445.0 0.0033330808946629986
446.0 0.0032045169064076617
447.0 0.0025523995645926334
448.0 0.0019002824046765454
449.0 0.0025767143597477116
450.0 0.003253146860515699
451.0 0.0025358829589094967
452.0 0.0018186186935054138
453.0 0.0016820940800243989
454.0 0.001545569466543384
455.0 0.0023131155103328638
456.0 0.0030806619179202244
457.0 0.0023234157197293825
458.0 0.001566169703437481
459.0 0.0016177038560272194
460.0 0.001669237644819077
461.0 0.0007676630048081279
462.0 1.5866215676355044e-10
463.0 0.0009099181625060737
464.0 0.00195374850591179
465.0 0.002217781002400443
466.0 0.002481813498889096
467.0 0.002147936356777791
468.0 0.0018140584870707244
469.0 0.0016327630874002352
470.0 0.0014514673239318654
471.0 0.0013231142474978697
472.0 0.0011947614439122844
473.0 0.0011954864021390676
474.0 0.0011962115422647912
475.0 0.0010572132850938942
476.0 0.0009182150279229973
477.0 0.0013101159311190713
478.0 0.0017020167433656752
479.0 0.0019895638615707867
480.0 0.002277110797876958
481.0 0.0017865397239802405
482.0 0.0012959684681845829
483.0 0.000893446213012794
484.0 0.000490923866891535
485.0 0.0012971978321729694
486.0 0.0021034717065049335
487.0 0.0014220740013115574
488.0 0.0007406762506434461
489.0 0.0015870153220021166
490.0 0.002433354347886052
491.0 0.0022848049411550164
492.0 0.002136255716322921
493.0 0.001962426904356107
494.0 0.0017885982742882334
495.0 0.0016125579350045882
496.0 0.0014365174138220027
497.0 0.0012229061212565284
498.0 0.0010092950105899945
499.0 0.0011710556464095134
500.0 0.0013328164641279727
501.0 0.0008921664630179293
502.0 0.0004515162800089456
503.0 0.0013007133020437323
504.0 0.0021499105059774593
505.0 0.0022446369257522747
506.0 0.0023393635274260305
507.0 0.00221948776015779
508.0 0.002099611629091669
509.0 0.0018376100342720747
510.0 0.0015756088032503612
511.0 0.001218959459947655
512.0 0.0008623102985438891
513.0 0.0012865928511018865
514.0 0.0017108755855588242
515.0 0.0013498456610250287
516.0 0.0009888161002891138
517.0 0.0009268296707887203
518.0 0.0008648431503388565
519.0 0.0010572725841484498
520.0 0.0012497017451096326
521.0 0.0015752852050354704
522.0 0.0019008686649613082
523.0 0.0012963054359715898
524.0 0.0006917424343555467
525.0 0.0007607455700053833
526.0 0.0008297488420794252
527.0 0.0011484904462122358
528.0 0.0014672324141429272
529.0 0.0012766732652380597
530.0 0.0010861135706363712
531.0 0.0011482629815873224
532.0 0.0012104121196898632
533.0 0.0008995274583867285
534.0 0.0005886427061341237
535.0 0.0011436895874794573
536.0 0.0016987361959763803
537.0 0.001697269908618182
538.0 0.001695803257462103
539.0 0.001194001015392132
540.0 0.0006921985914232209
541.0 0.0007915684363979381
542.0 0.0008909384632715955
543.0 0.0012553836313600186
544.0 0.001619828981347382
545.0 0.0010950591786240693
546.0 0.0005702896942239022
547.0 0.0012243508535902947
548.0 0.0018784116036840715
549.0 0.0016515026800334454
550.0 0.001424593665433349
551.0 0.0014734427168150432
552.0 0.0015222914953483269
553.0 0.0013386116734181996
554.0 0.001154931578639662
555.0 0.0010623121852404438
556.0 0.0009696927008917555
557.0 0.00133649318740936
558.0 0.001703293492028024
559.0 0.001694567981758155
560.0 0.0016858417438925244
561.0 0.0015493951650569215
562.0 0.0014129483133729082
563.0 0.0011592429473239463
564.0 0.0009055374903255142
565.0 0.0016740710634621792
566.0 0.0024426048184977844
567.0 0.0028064619982615113
568.0 0.0031703188142273575
569.0 0.0030306937333079986
570.0 0.0028910684704896994
571.0 0.002687091000552755
572.0 0.0024831129849189892
573.0 0.002003704139497131
574.0 0.0015242953850247432
575.0 0.0019646027794806287
576.0 0.002404910082987044
577.0 0.0019963203158113174
578.0 0.0015877309124334715
579.0 0.0017629616195335984
580.0 0.001938192144734785
581.0 0.0017113858120865189
582.0 0.0014845794794382527
583.0 0.0019428483938099816
584.0 0.00240111712628277
585.0 0.0025585015464457683
586.0 0.0027158859666087665
587.0 0.0020856767150689848
588.0 0.0014554668268829118
589.0 0.002031935036939103
590.0 0.0026084033379447646
591.0 0.0017103422578657046
592.0 0.0008122811777866445
593.0 0.000677964180795243
594.0 0.0005436469109554309
595.0 0.0010056241080746986
596.0 0.001467601123295026
597.0 0.0014015487067808863
598.0 0.0013354961993172765
599.0 0.0009585634870745707
600.0 0.0005816310476802755
601.0 0.0005211536517890636
602.0 0.0004606760739989113
603.0 0.000920696220418904
604.0 0.0013807158211420756
605.0 0.0008838866961013991
606.0 0.00038705738916178234
607.0 0.0007908241059340071
608.0 0.0011945908227062318
609.0 0.0011621067642408889
610.0 0.0011296223419776652
611.0 0.0009968854101316538
612.0 0.000864148296386702
613.0 0.0008284917385026347
614.0 0.0007928353625175077
615.0 0.0012339853128651157
616.0 0.0016751353541621938
617.0 0.0021501537048607133
618.0 0.002625172055559233
619.0 0.0021708759959437884
620.0 0.0017165795725304633
621.0 0.0015102211364137474
622.0 0.0013038621546002105
623.0 0.0015897459888947196
624.0 0.0018756298231892288
625.0 0.0016797594071249478
626.0 0.001483889172959607
627.0 0.0018883569282479584
628.0 0.002292825229233131
629.0 0.0020791119823115878
630.0 0.001865398917288985
631.0 0.001643106952542439
632.0 0.0014208148058969527
633.0 0.001761117709975224
634.0 0.0021014207959524356
635.0 0.005034171772422269
636.0 0.0079669218393974
637.0 0.015317856741603464
638.0 0.02266879309900105
639.0 0.019837271247524768
640.0 0.017005747940856963
641.0 0.014739303151145577
642.0 0.012472859816625714
643.0 0.00999644908006303
644.0 0.007520039798691869
645.0 0.006825853779446334
646.0 0.00613166848779656
647.0 0.005603660247288644
648.0 0.005075651642982848
649.0 0.004154018097324297
650.0 0.003232385279261507
651.0 0.003642418232630007
652.0 0.004052451185998507
653.0 0.0032824886147864163
654.0 0.0025125258616753854
655.0 0.0027585751013248228
656.0 0.003004624886671081
657.0 0.0029468219508999027
658.0 0.002889018833229784
659.0 0.002725409831327852
660.0 0.0025618011932238005
661.0 0.002712433342821896
662.0 0.0028630653105210513
663.0 0.0019572360542952083
664.0 0.0010514067980693653
665.0 0.001579710078658536
666.0 0.002108013541146647
667.0 0.0024421000489383005
668.0 0.002776186738628894
669.0 0.001980223532882519
670.0 0.001184260327136144
671.0 0.0008875800631358288
672.0 0.0005908998900849838
673.0 0.0012959543710167054
674.0 0.002001009306695778
675.0 0.0021002182620577514
676.0 0.002199427217419725
677.0 0.0019495830201776698
678.0 0.001699738459137734
679.0 0.0013727451005252078
680.0 0.0010457515600137413
681.0 0.0011883732440765016
682.0 0.0013309948371897917
683.0 0.0023785463781678118
684.0 0.0034260981919942424
685.0 0.0028858426958322525
686.0 0.0023455875634681433
687.0 0.0017597732949070632
688.0 0.0011739592082449235
689.0 0.0015261315638781525
690.0 0.0018783039195113815
691.0 0.0021500414732145146
692.0 0.002421778663119767
693.0 0.002750946987362113
694.0 0.003080115493503399
695.0 0.0032491509045939893
696.0 0.0034181859518866986
697.0 0.0036177800211589783
698.0 0.003817374090431258
699.0 0.005696032894775271
700.0 0.007574690971523523
701.0 0.007190791075117886
702.0 0.006806892633903772
703.0 0.006264309195103124
704.0 0.005721727211493999
705.0 0.005152931407792494
706.0 0.004584135604090989
707.0 0.004342816100688651
708.0 0.004101496233488433
709.0 0.00423527235398069
710.0 0.004369048110675067
711.0 0.003945736534660682
712.0 0.003522425686242059
713.0 0.002509160549379885
714.0 0.0014958955944166519
715.0 0.0022006895960657857
716.0 0.002905483233917039
717.0 0.002508457146177534
718.0 0.002111431058438029
719.0 0.0016784300896688364
720.0 0.0012454290299501736
721.0 0.0012147787856520154
722.0 0.0011841280866065063
723.0 0.0010319659850210883
724.0 0.0008798039743851405
725.0 0.0012771054571203422
726.0 0.001674407030805014
727.0 0.0017255282728001475
728.0 0.0017766493328963406
729.0 0.001826220250222832
730.0 0.001875790985650383
731.0 0.001430928023182787
732.0 0.0009860652426141314
733.0 0.0009505968591838609
734.0 0.0009151283848041203
735.0 0.0010150579328183085
736.0 0.001114987117034616
737.0 0.0013169115845812485
738.0 0.0015188359611784108
739.0 0.0012375151527521666
740.0 0.0009561944352753926
741.0 0.0010811351785378065
742.0 0.0012060756489518099
743.0 0.001634039290365763
744.0 0.002062002749880776
745.0 0.0013570577721111476
746.0 0.0006521127943415195
747.0 0.0011368489140295424
748.0 0.0016215850337175652
749.0 0.0022892440028954297
750.0 0.0029569029720732942
751.0 0.0029367052775342017
752.0 0.0029165077648940496
753.0 0.0029144075597287156
754.0 0.002912307536462322
755.0 0.0019195102140656672
756.0 0.0009267126188206021
757.0 0.001868790786829777
758.0 0.0028108690457884222
759.0 0.0026609792257659137
760.0 0.0025110890419455245
761.0 0.004341401290730573
762.0 0.006171713903313503
763.0 0.0056896831665653735
764.0 0.0052076535212108865
765.0 0.005246857472229749
766.0 0.005286062878440134
767.0 0.004495653411140665
768.0 0.0037052443076390773
769.0 0.0033544190955581143
770.0 0.003003594792971853
771.0 0.003922176983905956
772.0 0.0048407593567389995
773.0 0.0039391299651470035
774.0 0.003037500209757127
775.0 1.5866215676355044e-10
776.0 0.09705802658572793
777.0 1.5866215676355044e-10
778.0 1.5866215676355044e-10
779.0 0.06935129640623927
780.0 0.150378723628819
781.0 0.020747720554936677
782.0 1.5866215676355044e-10
783.0 0.022332249500323087
784.0 0.08665106724947691
785.0 0.04034747544210404
786.0 1.5866215676355044e-10
787.0 0.013621165999211371
788.0 0.07854773430153728
789.0 0.03035707341041416
790.0 0.01419323671143502
791.0 0.07715628016740084
792.0 0.05198509315960109
793.0 0.026940551470033824
794.0 0.09581018821336329
795.0 0.06243166280910373
796.0 1.5866215676355044e-10
797.0 0.059544527903199196
798.0 0.12470994843170047
799.0 0.1520001096650958
800.0 0.16148944851011038
801.0 0.3376604989171028
802.0 0.4699611570686102
803.0 0.8600086905062199
804.0 1.5156926587224007
805.0 2.3180048912763596
806.0 3.609601780772209
807.0 5.341986194252968
808.0 7.303338497877121
809.0 9.643923491239548
810.0 12.62529045343399
811.0 15.911661088466644
812.0 18.877115845680237
813.0 21.880698204040527
814.0 24.781322479248047
815.0 28.656160831451416
816.0 32.9961895942688
817.0 38.365596532821655
818.0 44.27546262741089
819.0 49.96525049209595
820.0 57.41310715675354
821.0 65.15673995018005
822.0 71.60174250602722
823.0 77.51525640487671
824.0 83.4446132183075
825.0 88.04982304573059
826.0 91.91916584968567
827.0 94.68756914138794
828.0 97.4144458770752
829.0 98.27091097831726
830.0 98.60994815826416
831.0 99.14082884788513
832.0 98.43940138816833
833.0 99.71961379051208
834.0 98.68124723434448
835.0 99.40080046653748
836.0 98.95679950714111
837.0 99.22975301742554
838.0 98.38433265686035
839.0 98.59100580215454
840.0 99.16408658027649
841.0 99.65800642967224
842.0 99.72701072692871
843.0 100.06846189498901
844.0 98.44266176223755
845.0 98.68296980857849
846.0 99.03321862220764
847.0 98.94843697547913
848.0 99.71320033073425
849.0 98.78954887390137
850.0 98.0015516281128
851.0 98.9177405834198
852.0 99.28627014160156
853.0 98.91409873962402
854.0 99.88357424736023
855.0 98.5367476940155
856.0 98.88092875480652
857.0 97.97587990760803
858.0 98.85249733924866
859.0 99.61719512939453
860.0 98.73006939888
861.0 98.81495237350464
862.0 98.868328332901
863.0 98.43490719795227
864.0 99.36469197273254
865.0 99.78224635124207
866.0 98.60315918922424
867.0 99.08913969993591
868.0 99.35725927352905
869.0 98.85074496269226
870.0 98.27988743782043
871.0 98.99115562438965
872.0 99.3558406829834
873.0 99.64383840560913
874.0 99.55909848213196
875.0 99.3443250656128
876.0 99.03430342674255
877.0 99.74380731582642
878.0 99.08221960067749
879.0 98.90328049659729
880.0 98.48384261131287
881.0 99.90693926811218
882.0 98.95627498626709
883.0 98.8206148147583
884.0 99.0355134010315
885.0 99.12908673286438
886.0 98.72936010360718
887.0 98.45705032348633
888.0 99.16714429855347
889.0 99.91574883460999
890.0 98.7981915473938
891.0 99.67193603515625
892.0 98.95033240318298
893.0 98.74964356422424
894.0 98.48890900611877
895.0 99.67001080513
