lsstCam/transmission_filter_detector/r12_s01/z_20/19700101T000000.ecsv
# %ECSV 1.0
# ---
# datatype:
# - {name: wavelength, unit: nm, datatype: float32}
# - {name: efficiency, unit: '%', datatype: float64}
# meta: !!omap
# - {MODE: DETECTOR}
# - {TYPE: transmission_filter_detector}
# - {CALIBDATE: '1970-01-01T00:00:00'}
# - {INSTRUME: LSSTCam}
# - {OBSTYPE: transmission_filter_detector}
# - {CALIBCLS: lsst.ip.isr.IntermediateFilterDetectorTransmissionCurve}
# - {SOURCE: Materion (DM-46256)}
# - {DETECTOR: 46}
# - {FILTER: z_20}
# - {CALIB_ID: 'calibDate=1970-01-01T00:00:00 filter=z_20 detector=46'}
# - {DATE: '2025-04-02T15:59:48.849589'}
# - {CALIB_CREATION_DATE: '2025-04-02'}
# - {CALIB_CREATION_TIME: '15:59:48'}
# - __serialized_columns__:
#     efficiency:
#       __class__: astropy.units.quantity.Quantity
#       unit: !astropy.units.Unit {unit: '%'}
#       value: !astropy.table.SerializedColumn {name: efficiency}
#     wavelength:
#       __class__: astropy.units.quantity.Quantity
#       unit: !astropy.units.Unit {unit: nm}
#       value: !astropy.table.SerializedColumn {name: wavelength}
# schema: astropy-2.0
wavelength efficiency
[from data line 597]
897.0 99.42587018013
898.0 98.92345070838928
899.0 98.66291284561157
900.0 98.97051453590393
901.0 99.55883026123047
902.0 99.44074153900146
903.0 98.81238341331482
904.0 97.84423112869263
905.0 98.84031414985657
906.0 98.04655909538269
907.0 98.8302230834961
908.0 98.13293814659119
909.0 98.34724068641663
910.0 98.09013605117798
911.0 96.91030979156494
912.0 96.2390661239624
913.0 94.99763250350952
914.0 92.8795337677002
915.0 90.55504202842712
916.0 88.60034942626953
917.0 86.64274215698242
918.0 83.57964754104614
919.0 82.27495551109314
920.0 79.48209047317505
921.0 75.8030891418457
922.0 71.45001292228699
923.0 66.26879572868347
924.0 60.59718728065491
925.0 55.03002405166626
926.0 48.95099103450775
927.0 42.11620092391968
928.0 36.35493516921997
929.0 29.981505870819092
930.0 24.33818280696869
931.0 19.166338443756104
932.0 13.64361196756363
933.0 9.051724523305893
934.0 5.955508723855019
935.0 3.8000233471393585
936.0 2.08052359521389
937.0 1.287376694381237
938.0 0.7237461395561695
939.0 0.5458158440887928
940.0 0.3081721719354391
941.0 0.1637855777516961
942.0 0.27358101215213537
943.0 0.190085475333035
944.0 1.5866215676355044e-10
945.0 0.19242851994931698
946.0 0.19466659286990762
947.0 0.010438937897561118
948.0 1.5866215676355044e-10
949.0 1.5866215676355044e-10
950.0 0.16573386965319514
951.0 0.09733179467730224
952.0 0.012492887617554516
953.0 1.5866215676355044e-10
954.0 1.5866215676355044e-10
955.0 0.048491949564777315
956.0 1.5866215676355044e-10
957.0 1.5866215676355044e-10
958.0 1.5866215676355044e-10
959.0 1.5866215676355044e-10
960.0 1.5866215676355044e-10
961.0 0.026947775040753186
962.0 1.5866215676355044e-10
963.0 0.050226569874212146
964.0 0.04703380400314927
965.0 0.05394752370193601
966.0 0.008178266580216587
967.0 1.5866215676355044e-10
968.0 0.06061475723981857
969.0 1.5866215676355044e-10
970.0 0.0701556506101042
971.0 0.08957126410678029
972.0 1.5866215676355044e-10
973.0 1.5866215676355044e-10
974.0 0.043357934919185936
975.0 1.5866215676355044e-10
976.0 0.0065175881900358945
977.0 0.006470507651101798
978.0 0.006423429294954985
979.0 0.0062036458984948695
980.0 0.005983861046843231
981.0 0.0058724861446535215
982.0 0.005761111970059574
983.0 0.005630824307445437
984.0 0.005500537372427061
985.0 0.005278536627884023
986.0 0.005056535519543104
987.0 0.0050550112064229324
988.0 0.005053486893302761
989.0 0.00497995424666442
990.0 0.004906421963823959
991.0 0.004951650043949485
992.0 0.00499687812407501
993.0 0.004974672629032284
994.0 0.004952466770191677
995.0 0.004891778007731773
996.0 0.00483108960906975
997.0 0.0046549805119866505
998.0 0.004478871778701432
999.0 0.004448384424904361
1000.0 0.00441789670730941
1001.0 0.00455323897767812
1002.0 0.004688580520451069
1003.0 0.004588926458382048
1004.0 0.0044892723963130265
1005.0 0.004358002115623094
1006.0 0.004226731834933162
1007.0 0.004319203435443342
1008.0 0.004411674672155641
1009.0 0.004464930680114776
1010.0 0.004518186688073911
1011.0 0.0045799577492289245
1012.0 0.004641729174181819
1013.0 0.004532679304247722
1014.0 0.004423629070515744
1015.0 0.004526493648882024
1016.0 0.004629357499652542
1017.0 0.004948563582729548
1018.0 0.005267769665806554
1019.0 0.005043280543759465
1020.0 0.004818791421712376
1021.0 0.004833882849197835
1022.0 0.004848973912885413
1023.0 0.004656434248317964
1024.0 0.004463894583750516
1025.0 0.004729747888632119
1026.0 0.004995601557311602
1027.0 0.004882460052613169
1028.0 0.004769319275510497
1029.0 0.004783836629940197
1030.0 0.004798354348167777
1031.0 0.004884760346612893
1032.0 0.004971166345058009
1033.0 0.0050274160457775
1034.0 0.00508366574649699
1035.0 0.0052450355724431574
1036.0 0.005406405034591444
1037.0 0.005510764822247438
1038.0 0.005615124246105552
1039.0 0.005474954377859831
1040.0 0.005334784145816229
1041.0 0.0057950790505856276
1042.0 0.0062553743191529065
1043.0 0.005731201963499188
1044.0 0.005207029971643351
1045.0 0.005890928878216073
1046.0 0.006574827420990914
1047.0 0.006304357521003112
1048.0 0.006033886529621668
1049.0 0.006220848445082083
1050.0 0.006407809996744618
1051.0 0.006658604979747906
1052.0 0.006909402145538479
1053.0 0.006967927765799686
1054.0 0.007026454113656655
1055.0 0.007682551222387701
1056.0 0.008338648331118748
1057.0 0.008008343138499185
1058.0 0.007678039401071146
1059.0 0.007914174057077616
1060.0 0.008150307257892564
1061.0 0.008797855116426945
1062.0 0.009445402974961326
1063.0 0.009328338637715206
1064.0 0.009211275755660608
1065.0 0.00945198189583607
1066.0 0.009692690218798816
1067.0 0.0097245181677863
1068.0 0.009756348299561068
1069.0 0.010712042421801016
1070.0 0.011667737999232486
1071.0 0.011208515934413299
1072.0 0.01074929241440259
1073.0 0.010809869127115235
1074.0 0.010870445112232119
1075.0 0.01168067246908322
1076.0 0.012490902736317366
1077.0 0.012559939932543784
1078.0 0.012628978583961725
1079.0 0.013421921175904572
1080.0 0.014214866678230464
1081.0 0.014415413897950202
1082.0 0.014615964028052986
1083.0 0.014401738008018583
1084.0 0.01418751198798418
1085.0 0.014866249694023281
1086.0 0.015544990310445428
1087.0 0.015760597307235003
1088.0 0.0159762057592161
1089.0 0.017103110440075397
1090.0 0.018230013665743172
1091.0 0.018244364764541388
1092.0 0.01825871004257351
1093.0 0.017687010404188186
1094.0 0.017115306400228292
1095.0 0.018731063755694777
1096.0 0.020346824021544307
1097.0 0.020610685169231147
1098.0 0.020874546316917986
1099.0 0.022927758982405066
1100.0 0.024980964371934533
1101.0 0.024666852550581098
1102.0 0.024352737818844616
1103.0 0.02603610628284514
1104.0 0.02771946892607957
1105.0 0.0275430764304474
1106.0 0.027366686845198274
1107.0 0.02833104517776519
1108.0 0.0292954093310982
1109.0 0.03100590838585049
1110.0 0.03271640744060278
1111.0 0.03248925495427102
1112.0 0.03226210828870535
1113.0 0.03403373411856592
1114.0 0.035805365769192576
1115.0 0.03472067473921925
1116.0 0.03363599244039506
1117.0 0.033988425275310874
1118.0 0.03434086393099278
1119.0 0.03859743592329323
1120.0 0.04285400500521064
1121.0 0.04370111564639956
1122.0 0.04454822919797152
1123.0 0.044639979023486376
1124.0 0.044731731759384274
1125.0 0.04489483835641295
1126.0 0.045057947863824666
1127.0 0.04899340565316379
1128.0 0.05292886053211987
1129.0 0.058191444259136915
1130.0 0.06345402798615396
1131.0 0.06191124557517469
1132.0 0.06036846316419542
1133.0 0.06408244371414185
1134.0 0.06779642426408827
1135.0 0.06678758072666824
1136.0 0.0657787371892482
1137.0 0.07136148633435369
1138.0 0.07694424712099135
1139.0 0.08163840975612402
1140.0 0.08633253164589405
1141.0 0.09503528708592057
1142.0 0.10373801924288273
1143.0 0.1268576830625534
1144.0 0.14997730031609535
1145.0 0.29973876662552357
1146.0 0.4495002795010805
1147.0 0.9606235660612583
1148.0 1.4717468991875648
1149.0 1.6706038266420364
1150.0 1.8694618716835976
