lsstCam/transmission_filter_detector/r21_s10/y_10/19700101T000000.ecsv
# %ECSV 1.0
# ---
# datatype:
# - {name: wavelength, unit: nm, datatype: float32}
# - {name: efficiency, unit: '%', datatype: float64}
# meta: !!omap
# - {MODE: DETECTOR}
# - {TYPE: transmission_filter_detector}
# - {CALIBDATE: '1970-01-01T00:00:00'}
# - {INSTRUME: LSSTCam}
# - {OBSTYPE: transmission_filter_detector}
# - {CALIBCLS: lsst.ip.isr.IntermediateFilterDetectorTransmissionCurve}
# - {SOURCE: Materion (DM-46256)}
# - {DETECTOR: 84}
# - {FILTER: y_10}
# - {CALIB_ID: 'calibDate=1970-01-01T00:00:00 filter=y_10 detector=84'}
# - {DATE: '2025-04-02T15:59:51.131408'}
# - {CALIB_CREATION_DATE: '2025-04-02'}
# - {CALIB_CREATION_TIME: '15:59:51'}
# - __serialized_columns__:
#     efficiency:
#       __class__: astropy.units.quantity.Quantity
#       unit: !astropy.units.Unit {unit: '%'}
#       value: !astropy.table.SerializedColumn {name: efficiency}
#     wavelength:
#       __class__: astropy.units.quantity.Quantity
#       unit: !astropy.units.Unit {unit: nm}
#       value: !astropy.table.SerializedColumn {name: wavelength}
# schema: astropy-2.0
wavelength efficiency
[from data line 576]
876.0 0.002378190583840478
877.0 0.0018300002921023406
878.0 0.0012818099094147328
879.0 0.0017209118595928885
880.0 0.06419667624868453
881.0 0.10399246821179986
882.0 0.06809140904806554
883.0 0.10189666645601392
884.0 0.06781316478736699
885.0 0.11139042908325791
886.0 0.07604375714436173
887.0 0.09811407653614879
888.0 0.06465212209150195
889.0 0.1034483895637095
890.0 0.07646484882570803
891.0 0.09743322734721005
892.0 0.07296429830603302
893.0 0.10438918834552169
894.0 0.07815827266313136
895.0 0.1022524549625814
896.0 0.08691281545907259
897.0 0.12402429711073637
898.0 0.08744015940465033
899.0 0.1255861483514309
900.0 0.10835053399205208
901.0 0.14852543827146292
902.0 0.17576150130480528
903.0 0.19583501853048801
904.0 0.2226916840299964
905.0 0.25235095527023077
906.0 0.3222546074539423
907.0 0.4085500258952379
908.0 0.560913747176528
909.0 0.7630358915776014
910.0 1.0842331685125828
911.0 1.5334384515881538
912.0 2.2577671334147453
913.0 3.3620301634073257
914.0 4.644712433218956
915.0 6.528710573911667
916.0 8.762084692716599
917.0 11.19033694267273
918.0 13.960610330104828
919.0 16.579556465148926
920.0 20.091526210308075
921.0 23.75096082687378
922.0 27.411481738090515
923.0 31.793805956840515
924.0 36.58746778964996
925.0 41.871121525764465
926.0 48.196813464164734
927.0 54.979509115219116
928.0 60.917580127716064
929.0 67.33311414718628
930.0 72.93683290481567
931.0 78.41178178787231
932.0 83.43522548675537
933.0 87.67150640487671
934.0 90.69206118583679
935.0 92.84594655036926
936.0 94.4678008556366
937.0 95.62899470329285
938.0 96.35416865348816
939.0 96.65727615356445
940.0 96.95525765419006
941.0 97.134530544281
942.0 97.30551838874817
943.0 97.36661911010742
944.0 97.60980010032654
945.0 97.58068323135376
946.0 97.6489782333374
947.0 97.63174653053284
948.0 97.76798486709595
949.0 97.72323369979858
950.0 97.76993989944458
951.0 97.8216290473938
952.0 97.89066910743713
953.0 98.10078144073486
954.0 98.18692207336426
955.0 98.25447797775269
956.0 98.46384525299072
957.0 98.60361218452454
958.0 98.74629378318787
959.0 98.77848029136658
960.0 98.92209768295288
961.0 98.93592596054077
962.0 98.99544715881348
963.0 98.99708032608032
964.0 99.04062747955322
965.0 99.05520677566528
966.0 99.13946986198425
967.0 99.22239780426025
968.0 99.18844699859619
969.0 99.15315508842468
970.0 99.2317259311676
971.0 99.25315976142883
972.0 99.31269884109497
973.0 99.38880801200867
974.0 99.41309690475464
975.0 99.37785863876343
976.0 99.43035840988159
977.0 99.38405156135559
978.0 99.44729208946228
979.0 99.38375949859619
980.0 99.36726093292236
981.0 99.26954507827759
982.0 99.16519522666931
983.0 99.22372102737427
984.0 99.14821982383728
985.0 99.20004606246948
986.0 99.08448457717896
987.0 99.12192821502686
988.0 99.04149770736694
989.0 99.04171228408813
990.0 99.01415705680847
991.0 99.06393885612488
992.0 99.14247393608093
993.0 99.09958243370056
994.0 99.05095100402832
995.0 99.11593198776245
996.0 99.07618761062622
997.0 99.23189282417297
998.0 99.24407601356506
999.0 99.2641270160675
1000.0 99.32955503463745
1001.0 99.27994012832642
1002.0 99.38696026802063
1003.0 99.3965744972229
1004.0 99.45301413536072
1005.0 99.36392307281494
1006.0 99.51925873756409
1007.0 99.46786165237427
1008.0 99.4672417640686
1009.0 99.39205646514893
1010.0 99.40104484558105
1011.0 99.38209056854248
1012.0 99.32538270950317
1013.0 99.31914806365967
1014.0 99.29255247116089
1015.0 99.27414655685425
1016.0 99.28600192070007
1017.0 99.3301272392273
1018.0 99.33533072471619
1019.0 99.26002621650696
1020.0 99.33277368545532
1021.0 99.48444366455078
1022.0 99.36166405677795
1023.0 99.37856197357178
1024.0 99.37238097190857
1025.0 99.41403269767761
1026.0 99.46907162666321
1027.0 99.55265522003174
1028.0 99.51118230819702
1029.0 99.6058702468872
1030.0 99.580979347229
1031.0 99.53426122665405
1032.0 99.5560884475708
1033.0 99.55814480781555
1034.0 99.581378698349
1035.0 99.62771534919739
1036.0 99.52399730682373
1037.0 99.54888820648193
1038.0 99.53118562698364
1039.0 99.41089749336243
1040.0 99.34139251708984
1041.0 99.44526553153992
1042.0 99.38218593597412
1043.0 99.31507706642151
1044.0 99.39950108528137
1045.0 99.14165735244751
1046.0 99.337238073349
1047.0 99.24067854881287
1048.0 99.20780658721924
1049.0 99.1823136806488
1050.0 99.2545485496521
1051.0 99.20927882194519
1052.0 99.2371678352356
1053.0 99.06254410743713
1054.0 99.28748607635498
1055.0 99.3920385837555
1056.0 99.24418926239014
1057.0 99.3891716003418
1058.0 99.15820956230164
1059.0 99.16538596153259
1060.0 99.31471943855286
1061.0 99.18703436851501
1062.0 99.25985932350159
1063.0 99.1957426071167
1064.0 99.34446215629578
1065.0 99.2634117603302
1066.0 99.24226403236389
1067.0 99.36932325363159
1068.0 99.21652674674988
1069.0 99.00538921356201
1070.0 99.49398040771484
1071.0 99.22744631767273
1072.0 99.30336475372314
1073.0 99.28275942802429
1074.0 99.03209209442139
1075.0 98.99328351020813
1076.0 98.91110062599182
1077.0 99.2469847202301
1078.0 99.40770268440247
1079.0 98.96520376205444
1080.0 99.69106316566467
1081.0 98.93950819969177
1082.0 99.05441403388977
1083.0 98.77433180809021
1084.0 99.28523302078247
1085.0 99.09868240356445
1086.0 99.02658462524414
1087.0 99.07549023628235
1088.0 98.85076880455017
1089.0 98.86136054992676
1090.0 98.87810945510864
1091.0 98.92710447311401
1092.0 99.0302562713623
1093.0 98.74623417854309
1094.0 98.6933171749115
1095.0 98.78895878791809
1096.0 98.87025356292725
1097.0 98.3260452747345
1098.0 97.9795515537262
1099.0 98.6446738243103
1100.0 98.369300365448
