lsstCam/transmission_filter_detector/r21_s10/y_10/19700101T000000.ecsv
# %ECSV 1.0
# ---
# datatype:
# - {name: wavelength, unit: nm, datatype: float32}
# - {name: efficiency, unit: '%', datatype: float64}
# meta: !!omap
# - {MODE: DETECTOR}
# - {TYPE: transmission_filter_detector}
# - {CALIBDATE: '1970-01-01T00:00:00'}
# - {INSTRUME: LSSTCam}
# - {OBSTYPE: transmission_filter_detector}
# - {CALIBCLS: lsst.ip.isr.IntermediateFilterDetectorTransmissionCurve}
# - {SOURCE: Materion (DM-46256)}
# - {DETECTOR: 84}
# - {FILTER: y_10}
# - {CALIB_ID: 'calibDate=1970-01-01T00:00:00 filter=y_10 detector=84'}
# - {DATE: '2025-04-02T15:59:51.131408'}
# - {CALIB_CREATION_DATE: '2025-04-02'}
# - {CALIB_CREATION_TIME: '15:59:51'}
# - __serialized_columns__:
#     efficiency:
#       __class__: astropy.units.quantity.Quantity
#       unit: !astropy.units.Unit {unit: '%'}
#       value: !astropy.table.SerializedColumn {name: efficiency}
#     wavelength:
#       __class__: astropy.units.quantity.Quantity
#       unit: !astropy.units.Unit {unit: nm}
#       value: !astropy.table.SerializedColumn {name: wavelength}
# schema: astropy-2.0
wavelength efficiency
300.0 0.28520713094621897
301.0 0.15153699787333608
302.0 0.017866842972580343
303.0 0.022337980044540018
304.0 0.02680911566130817
305.0 0.017747933452483267
306.0 0.008686746878083795
307.0 0.013862515334039927
308.0 0.019038282334804535
309.0 0.014626375923398882
310.0 0.01021447023958899
311.0 0.008865853305906057
312.0 0.007517234917031601
313.0 0.006123568891780451
314.0 0.00472990250273142
315.0 0.004530727164819837
316.0 0.004331553645897657
317.0 0.004177736263955012
318.0 0.004023917063022964
319.0 0.0034790558856911957
320.0 0.0029341945264604874
321.0 0.003958851812058128
322.0 0.0049835096433525905
323.0 0.0041234652599086985
324.0 0.003263421604060568
325.0 0.001625225559109822
326.0 1.5917230641177005e-10
327.0 0.0007385881872323807
328.0 0.0014901472241035663
329.0 0.002599515391921159
330.0 0.003708883377839811
331.0 0.003044429831788875
332.0 0.0023799764676368795
333.0 0.0026270365196978673
334.0 0.002874096571758855
335.0 0.0028744898372679017
336.0 0.0028748831027769484
337.0 0.002689852408366278
338.0 0.002504821532056667
339.0 0.0011484266906336416
340.0 1.5917230641177005e-10
341.0 1.5917230641177005e-10
342.0 1.5917230641177005e-10
343.0 0.0005266103016765555
344.0 0.0014222827303456143
345.0 0.0013674986803380307
346.0 0.0013127148122293875
347.0 0.0014751704839000013
348.0 0.0016376259736716747
349.0 0.0013802238754578866
350.0 0.0011228216862946283
351.0 0.001610716208233498
352.0 0.002098610821121838
353.0 0.0017385049432050437
354.0 0.0013783990652882494
355.0 0.0014848026694380678
356.0 0.0015912060916889459
357.0 0.0014778396689507645
358.0 0.0013644731552631129
359.0 0.0012429183698259294
360.0 0.001121363584388746
361.0 0.0011086220183642581
362.0 0.0010958801794913597
363.0 0.0009271564522350673
364.0 0.0007584325885545695
365.0 0.0011909072782145813
366.0 0.001623382377147209
367.0 0.0018950939193018712
368.0 0.002166805279557593
369.0 0.0018247243133373559
370.0 0.0014826433471171185
371.0 0.0014552577340509742
372.0 0.0014278718481364194
373.0 0.0019299595805932768
374.0 0.0024320474039996043
375.0 0.0033916472602868453
376.0 0.004351247116574086
377.0 0.004220748451189138
378.0 0.0040902501496020705
379.0 0.003566997838788666
380.0 0.00304374498227844
381.0 0.0022023714336683042
382.0 0.001360997703159228
383.0 0.0012038296517857816
384.0 0.0010466613275639247
385.0 0.0008573187187721487
386.0 0.000667976246404578
387.0 0.0007455471404682612
388.0 0.0008231180800066795
389.0 0.0007100094535417156
390.0 0.0005969007816020167
391.0 0.0005377565685193986
392.0 0.0004786123099620454
393.0 0.0006614266567339655
394.0 0.0008442410944553558
395.0 0.000761708770369296
396.0 0.0006791764917579712
397.0 0.0008544037882529665
398.0 0.0010296309483237565
399.0 0.0012035947293043137
400.0 0.0013775584193354007
401.0 0.0014678390471090097
402.0 0.0015581197658320889
403.0 0.0016916052118176594
404.0 0.0018250908397021703
405.0 0.0018167429516324773
406.0 0.0018083956092596054
407.0 0.0015868776245042682
408.0 0.0013653600035468116
409.0 0.0010804416888277046
410.0 0.0007955232831591275
411.0 0.0006283733000600478
412.0 0.0004612232260114979
413.0 0.0004451267159311101
414.0 0.0004290301149012521
415.0 0.0007363700660789618
416.0 0.0010437101082061417
417.0 0.00042091278373845853
418.0 1.5917230641177005e-10
419.0 1.5917230641177005e-10
420.0 1.5917230641177005e-10
421.0 1.5917230641177005e-10
422.0 1.5917230641177005e-10
423.0 0.00044050943870388437
424.0 0.0009025450708577409
425.0 0.00025762894892977783
426.0 1.5917230641177005e-10
427.0 1.5917230641177005e-10
428.0 0.00032731040846556425
429.0 1.5917230641177005e-10
430.0 1.5917230641177005e-10
431.0 0.00017600518731342163
432.0 0.0011149259989906568
433.0 0.0004594945949065732
434.0 1.5917230641177005e-10
435.0 1.5917230641177005e-10
436.0 1.5917230641177005e-10
437.0 1.5917230641177005e-10
438.0 1.5917230641177005e-10
439.0 1.5917230641177005e-10
440.0 1.5917230641177005e-10
441.0 1.5917230641177005e-10
442.0 1.5917230641177005e-10
443.0 1.5917230641177005e-10
444.0 7.940381152593545e-06
445.0 0.0002721682449191576
446.0 0.0005363959644455463
447.0 0.00046900895540602505
448.0 0.00040162185541703366
449.0 0.0003091950702582835
450.0 0.0002167682850995334
451.0 4.5772529233545356e-05
452.0 1.5917230641177005e-10
453.0 1.5917230641177005e-10
454.0 5.589443503595248e-05
455.0 1.5917230641177005e-10
456.0 1.5917230641177005e-10
457.0 1.5917230641177005e-10
458.0 1.5917230641177005e-10
459.0 1.5917230641177005e-10
460.0 1.5917230641177005e-10
461.0 0.00019811495803878643
462.0 0.0005997777407173999
463.0 0.0006300146651483374
464.0 0.00066025163505401
465.0 0.0005310736014507711
466.0 0.0004018956133222673
467.0 0.0010235288755211513
468.0 0.0016451620467705652
469.0 0.0017141423086286522
470.0 0.001783122388587799
471.0 0.0019674353097798303
472.0 0.0021517480490729213
473.0 0.0024884595404728316
474.0 0.0028251708499738015
475.0 0.002789182326523587
476.0 0.0027531938030733727
477.0 0.002934765871032141
478.0 0.00311633812088985
479.0 0.0036850880860583857
480.0 0.004253837687429041
481.0 0.004364200503914617
482.0 0.004474562592804432
483.0 0.004115695264772512
484.0 0.0037568275729427114
485.0 0.003645434117061086
486.0 0.00353404029738158
487.0 0.003263177495682612
488.0 0.0029923146939836442
489.0 0.002571443656051997
490.0 0.00215057261812035
491.0 0.001919293572427705
492.0 0.00168801452673506
493.0 0.0014287681551650167
494.0 0.0011695219654939137
495.0 0.0014881642528052907
496.0 0.0018068063582177274
497.0 0.0021971976821077988
498.0 0.0025875891878968105
499.0 0.002521321403037291
500.0 0.002455053254379891
501.0 0.0027012636564904824
502.0 0.0029474742405000143
503.0 0.0029143839128664695
504.0 0.0028812934033339843
505.0 0.003004575046361424
506.0 0.003127856325590983
507.0 0.002488952668500133
508.0 0.001850048647611402
509.0 0.0018012235159403645
510.0 0.0017523980204714462
511.0 0.0018512102542445064
512.0 0.0019500223061186261
513.0 0.0018685634131543338
514.0 0.0017871045201900415
515.0 0.001592727676325012
516.0 0.0013983509234094527
517.0 0.0014290562830865383
518.0 0.0014597615518141538
519.0 0.0013322494851308875
520.0 0.001204737327498151
521.0 0.0015230169992719311
522.0 0.0018412963981973007
523.0 0.001985863309528213
524.0 0.0021304302208591253
525.0 0.0022667678422294557
526.0 0.002403105827397667
527.0 0.0023447530111297965
528.0 0.0022864003767608665
529.0 0.0022354204702423885
530.0 0.0021844405637239106
531.0 0.002138608761015348
532.0 0.0020927767764078453
533.0 0.002210077400377486
534.0 0.0023273776605492458
535.0 0.0018886908947024494
536.0 0.0014500038560072426
537.0 0.0021877960534766316
538.0 0.0029255881599965505
539.0 0.003317155278637074
540.0 0.003708722215378657
541.0 0.0038042391679482535
542.0 0.003899755756719969
543.0 0.004309945506975055
544.0 0.00472013525723014
545.0 0.0050661241402849555
546.0 0.00541211265954189
547.0 0.00450267361884471
548.0 0.0035932345781475306
549.0 0.002817722997860983
550.0 0.0020422114175744355
551.0 0.0022985832401900552
552.0 0.0025549546990077943
553.0 0.0030428254831349477
554.0 0.0035306955396663398
555.0 0.0038881407817825675
556.0 0.004245586023898795
557.0 0.003858646596199833
558.0 0.0034717068047029898
559.0 0.003361469862284139
560.0 0.0032512332836631685
561.0 0.003477114296401851
562.0 0.003702994581544772
563.0 0.003541000114637427
564.0 0.0033790056477300823
565.0 0.0038238209526753053
566.0 0.004268636621418409
567.0 0.004297080158721656
568.0 0.0043255233322270215
569.0 0.00492748076794669
570.0 0.005529438203666359
571.0 0.005780888022854924
572.0 0.00603233820584137
573.0 0.00636378099443391
574.0 0.00669522414682433
575.0 0.0065448315581306815
576.0 0.006394439697032794
577.0 0.005906541628064588
578.0 0.005418643922894262
579.0 0.005953403524472378
580.0 0.006488163489848375
581.0 0.007377817382803187
582.0 0.008267470548162237
583.0 0.00890902301762253
584.0 0.009550574031891301
585.0 0.0099113181931898
586.0 0.01027206308208406
587.0 0.010309128992957994
588.0 0.010346192721044645
589.0 0.010386423673480749
590.0 0.010426655353512615
591.0 0.009747831791173667
592.0 0.009069006773643196
593.0 0.007596023351652548
594.0 0.006123040657257661
595.0 0.0058392521168570966
596.0 0.005555463576456532
597.0 0.006062865213607438
598.0 0.0065702661231625825
599.0 0.0075866293627768755
600.0 0.008602991874795407
601.0 0.009314576163887978
602.0 0.010026158997789025
603.0 0.010692356590880081
604.0 0.011358554911566898
605.0 0.011322602949803695
606.0 0.011286651715636253
607.0 0.009693752508610487
608.0 0.008100855484372005
609.0 0.006379161641234532
610.0 0.004657469253288582
611.0 0.0038918296922929585
612.0 0.003126190131297335
613.0 0.003674961772048846
614.0 0.004223733412800357
615.0 0.005001724275643937
616.0 0.005779714774689637
617.0 0.007245981396408752
618.0 0.008712246926734224
619.0 0.009843744919635355
620.0 0.010975242912536487
621.0 0.011662592442007735
622.0 0.012349941243883222
623.0 0.0121729688544292
624.0 0.011995995009783655
625.0 0.010420159378554672
626.0 0.008844322292134166
627.0 0.007120570808183402
628.0 0.005396818960434757
629.0 0.004407306551001966
630.0 0.0034177945053670555
631.0 0.002970524838019628
632.0 0.0025232551706722006
633.0 0.0026262352548656054
634.0 0.0027292155209579505
635.0 0.002959842822747305
636.0 0.0031904695788398385
637.0 0.0037570374843198806
638.0 0.004323605389799923
639.0 0.0044983476982451975
640.0 0.004673089279094711
641.0 0.00513614977535326
642.0 0.0055992106354096904
643.0 0.0055493772379122674
644.0 0.0054995438404148445
645.0 0.005159007923793979
646.0 0.004818471643375233
647.0 0.0037541019992204383
648.0 0.002689732355065644
649.0 0.002107305408571847
650.0 0.0015248787349264603
651.0 0.0015733972759335302
652.0 0.0016219159078900702
653.0 0.0015334126146626659
654.0 0.0014449093214352615
655.0 0.0015612835341016762
656.0 0.0016776579286670312
657.0 0.001593052911630366
658.0 0.0015084480764926411
659.0 0.0017410902728443034
660.0 0.0019737324691959657
661.0 0.0019040129700442776
662.0 0.0018342934708925895
663.0 0.0022824318875791505
664.0 0.0027305708499625325
665.0 0.003317619484732859
666.0 0.0039046677557053044
667.0 0.004522447125054896
668.0 0.005140226130606607
669.0 0.005669818710885011
670.0 0.006199408380780369
671.0 0.006731598841724917
672.0 0.0072637893026694655
673.0 0.007789069786667824
674.0 0.008314351725857705
675.0 0.0078105018474161625
676.0 0.0073066526965703815
677.0 0.005781867366749793
678.0 0.004257079854141921
679.0 0.0027693195079336874
680.0 0.0012815588888770435
681.0 0.0006810532340750797
682.0 8.054773275034677e-05
683.0 0.0003907115114998305
684.0 0.0007008753073023399
685.0 0.0003788321919273585
686.0 5.678905381500954e-05
687.0 0.0001442566485820862
688.0 0.0002317242660865304
689.0 0.00021628584363497794
690.0 0.00020084739844605792
691.0 0.0002839747821781202
692.0 0.0003671022568596527
693.0 0.0003021357542820624
694.0 0.00023716925170447212
695.0 0.0003564425924196257
696.0 0.00047571593313477933
697.0 0.0004264951257937355
698.0 0.0003772743411900592
699.0 0.00028396284506015945
700.0 0.00019065121250605443
701.0 0.00015071384495968232
702.0 0.00011077652288804529
703.0 0.00018075819525620318
704.0 0.00025073991309909616
705.0 0.0002926317847595783
706.0 0.00033452351999585517
707.0 0.00016773508377809776
708.0 9.465200179192834e-07
709.0 0.0001297546191381116
710.0 0.00025856265892798547
711.0 0.00039362730603897944
712.0 0.0005286920440994436
713.0 0.00026633947527443524
714.0 3.986935581679063e-06
715.0 0.0001977255806195899
716.0 0.0003914642547897529
717.0 0.0002512767878215527
718.0 0.00011108948001492536
719.0 0.00040996128518600017
720.0 0.0007088330221449723
721.0 0.0006290780220297165
722.0 0.0005493230219144607
723.0 0.0005036615220888052
724.0 0.0004580000677378848
725.0 0.0002898597813327797
726.0 0.0001217197109326662
727.0 0.00018563795265436056
728.0 0.0002495563649063115
729.0 0.00021164432837394997
730.0 0.00017373241689710994
731.0 0.00047110138439165894
732.0 0.0007684705451538321
733.0 0.0005010222139389953
734.0 0.0002335741100978339
735.0 0.000136937717343244
736.0 4.0301546277987654e-05
737.0 0.0003120007477264153
738.0 0.0005837001026520738
739.0 0.0004874813384958543
740.0 0.0003912623014912242
741.0 0.00041425259951211046
742.0 0.0004372429884824669
743.0 0.00012871959143012646
744.0 1.5917230641177005e-10
745.0 9.128735882768524e-05
746.0 0.00036237865970178973
747.0 0.00018324977872907766
748.0 4.120910190863469e-06
749.0 1.5917230641177005e-10
750.0 1.5917230641177005e-10
751.0 0.00018327367570236675
752.0 0.0005730765224143397
753.0 0.0006665992259513587
754.0 0.0007601219294883776
755.0 6.769656124561152e-05
756.0 1.5917230641177005e-10
757.0 1.5917230641177005e-10
758.0 7.629539595654933e-05
759.0 0.000320162780553801
760.0 0.0005640303243126255
761.0 0.00046808422666799743
762.0 0.0003721381290233694
763.0 0.00030886328659107676
764.0 0.00024558835320931394
765.0 0.00030046203391975723
766.0 0.0003553356009433628
767.0 2.220120265405967e-06
768.0 1.5917230641177005e-10
769.0 1.5917230641177005e-10
770.0 0.00014892600574967219
771.0 0.0001253913865184586
772.0 0.0001018567331811937
773.0 0.0005157063242222648
774.0 0.0009295558811572846
775.0 0.0006193695298861712
776.0 0.0003091830421908526
777.0 0.00038918979043955915
778.0 0.0004691966296377359
779.0 0.0006209032108017709
780.0 0.000772609837440541
781.0 0.0006179433967190562
782.0 0.00046327686504810117
783.0 0.00047583839659637306
784.0 0.0004883998371951748
785.0 0.00046170612222340424
786.0 0.00043501217987795826
787.0 0.000508997027282021
788.0 0.0005829818292113487
789.0 0.0005217703346716007
790.0 0.00046055888560658786
791.0 0.0005437558684207033
792.0 0.0006269527148106135
793.0 0.0005488093393068993
794.0 0.0004706657819042448
795.0 0.0005011921075492864
796.0 0.000531718387719593
797.0 0.00048150195652851835
798.0 0.0004312855253374437
799.0 0.0004661672846850706
800.0 0.0005010489985579625
801.0 0.00036785218071599957
802.0 0.0002346553856114042
803.0 0.0005021433025831357
804.0 0.0007696313332417049
805.0 0.0008131569302349817
806.0 0.0008566824362787884
807.0 0.0007006175110291224
808.0 0.0005445524948299862
809.0 0.00043119835027027875
810.0 0.00031784416023583617
811.0 0.0006002664122206625
812.0 0.0008826886187307537
813.0 0.0008732499736652244
814.0 0.0008638115104986355
815.0 0.0007499813818867551
816.0 0.0006361509349517291
817.0 0.0007802701475156937
818.0 0.0009243893146049231
819.0 0.001016503847495187
820.0 0.0011086181984865107
821.0 0.0007713934792263899
822.0 0.00043416871449153405
823.0 0.00041477410377410706
824.0 0.00039537962948088534
825.0 0.0004656427336158231
826.0 0.0005359057468012907
827.0 0.0008111016541079152
828.0 0.0010862977433134802
829.0 0.000686749672240694
830.0 0.00028720176032948075
831.0 0.0001789199018276122
832.0 7.06381797499489e-05
833.0 0.0003909391580236843
834.0 0.0007112399998732144
835.0 0.0002769832235571812
836.0 1.5917230641177005e-10
837.0 3.9563269638165366e-05
838.0 0.00023640013750991784
839.0 0.0004539444034890039
840.0 0.0006714887604175601
841.0 0.0008773694389674347
842.0 0.001083249935618369
843.0 0.0008939792678575031
844.0 0.0007047084636724321
845.0 0.0007961632036312949
846.0 0.0008876179890648928
847.0 0.0010310362085874658
848.0 0.001174454519059509
849.0 0.0008532338142686058
850.0 0.000532012836629292
851.0 0.0009063447578228079
852.0 0.0012806766790163238
853.0 0.000716771864972543
854.0 0.00015286726693375385
855.0 3.140192177397694e-05
856.0 1.5917230641177005e-10
857.0 0.0004905398327537114
858.0 0.0010711430149967782
859.0 0.0009499980478722136
860.0 0.0008288528988487087
861.0 0.0012261642041266896
862.0 0.0016234755094046704
863.0 0.0017299553292104974
864.0 0.0018364347852184437
865.0 0.00208343753911322
866.0 0.0023304401111090556
867.0 0.0027099953513243236
868.0 0.003089550227741711
869.0 0.0029457667551469058
870.0 0.0028019832825521007
871.0 0.003174563971697353
872.0 0.003547144660842605
873.0 0.002809727629937697
874.0 0.0020723111447296105
