lsstCam/transmission_filter_detector/r30_s20/r_57/19700101T000000.ecsv
# %ECSV 1.0
# ---
# datatype:
# - {name: wavelength, unit: nm, datatype: float32}
# - {name: efficiency, unit: '%', datatype: float64}
# meta: !!omap
# - {MODE: DETECTOR}
# - {TYPE: transmission_filter_detector}
# - {CALIBDATE: '1970-01-01T00:00:00'}
# - {INSTRUME: LSSTCam}
# - {OBSTYPE: transmission_filter_detector}
# - {CALIBCLS: lsst.ip.isr.IntermediateFilterDetectorTransmissionCurve}
# - {SOURCE: Materion (DM-46256)}
# - {DETECTOR: 123}
# - {FILTER: r_57}
# - {CALIB_ID: 'calibDate=1970-01-01T00:00:00 filter=r_57 detector=123'}
# - {DATE: '2025-04-02T15:59:44.752123'}
# - {CALIB_CREATION_DATE: '2025-04-02'}
# - {CALIB_CREATION_TIME: '15:59:44'}
# - __serialized_columns__:
#     efficiency:
#       __class__: astropy.units.quantity.Quantity
#       unit: !astropy.units.Unit {unit: '%'}
#       value: !astropy.table.SerializedColumn {name: efficiency}
#     wavelength:
#       __class__: astropy.units.quantity.Quantity
#       unit: !astropy.units.Unit {unit: nm}
#       value: !astropy.table.SerializedColumn {name: wavelength}
# schema: astropy-2.0
wavelength efficiency
300.0 0.003423902307986282
301.0 0.008791708387434483
302.0 0.014159515558276325
303.0 0.01735306577757001
304.0 0.020546615996863693
305.0 0.01881806820165366
306.0 0.017089520406443626
307.0 0.014734125579707325
308.0 0.012378730752971023
309.0 0.01130124946939759
310.0 0.010223768913419917
311.0 0.009400212002219632
312.0 0.008576654363423586
313.0 0.007901005301391706
314.0 0.007225356239359826
315.0 0.006770191248506308
316.0 0.0063150248024612665
317.0 0.005837438584421761
318.0 0.005359853093978018
319.0 0.00534107894054614
320.0 0.005322305878507905
321.0 0.0047231333155650645
322.0 0.0041239618440158665
323.0 0.00387054642487783
324.0 0.0036171320971334353
325.0 0.003666929478640668
326.0 0.0037167283153394237
327.0 0.004011468990938738
328.0 0.00430620857514441
329.0 0.004278549749869853
330.0 0.0042508920159889385
331.0 0.0039693568396614864
332.0 0.003687822390929796
333.0 0.0033023599826265126
334.0 0.002916898847615812
335.0 0.0025640527383075096
336.0 0.002211206083302386
337.0 0.0019940651327488013
338.0 0.001776924000296276
339.0 0.001673571387073025
340.0 0.0015702187738497742
341.0 0.0015427278412971646
342.0 0.0015152367268456146
343.0 0.0014400707186723594
344.0 0.0013649047104991041
345.0 0.0013377724826568738
346.0 0.001310640527663054
347.0 0.0013110847248753998
348.0 0.001311529103986686
349.0 0.0012897399756184313
350.0 0.0029754164643236436
351.0 0.005097833491163328
352.0 0.007220249972306192
353.0 0.0067226908868178725
354.0 0.0062251325289253145
355.0 0.005347945261746645
356.0 0.004470757266972214
357.0 0.004587707735481672
358.0 0.0047046600229805335
359.0 0.003908772123395465
360.0 0.003112884587608278
361.0 0.003169931733282283
362.0 0.003226978878956288
363.0 0.003130826007691212
364.0 0.003034673136426136
365.0 0.002451529690006282
366.0 0.0018683860616874881
367.0 0.00222315047722077
368.0 0.002577914528956171
369.0 0.003768111128010787
370.0 0.004958307181368582
371.0 0.004610979522112757
372.0 0.004263651499059051
373.0 0.0037100151530466974
374.0 0.0031563788070343435
375.0 0.0019264783986727707
376.0 0.0006965779903111979
377.0 0.0019285516827949323
378.0 0.003160525011480786
379.0 0.0024720760848140344
380.0 0.001783627158147283
381.0 0.002075668817269616
382.0 0.0023677104763919488
383.0 0.0032641317375237122
384.0 0.004160552634857595
385.0 0.004744168109027669
386.0 0.005327783583197743
387.0 0.005094820153317414
388.0 0.004861856359639205
389.0 0.003636594192357734
390.0 0.0024113318431773223
391.0 0.0020799685444217175
392.0 0.0017486056094639935
393.0 0.0017354515875922516
394.0 0.0017222973838215694
395.0 0.0012841698662668932
396.0 0.0008460422577627469
397.0 0.0007842925697332248
398.0 0.0007225431090773782
399.0 0.0010387452675786335
400.0 0.0013549477444030344
401.0 0.0013515998944058083
402.0 0.0013482521353580523
403.0 0.0013036065865890123
404.0 0.0012589613106683828
405.0 0.0013975447473058011
406.0 0.0015361283658421598
407.0 0.0013243214198155329
408.0 0.0011125146556878462
409.0 0.001146747399616288
410.0 0.0011809803254436702
411.0 0.0014319936781248543
412.0 0.0016830070308060385
413.0 0.002024108835030347
414.0 0.002365210821153596
415.0 0.0023523913114331663
416.0 0.0023395723474095576
417.0 0.001886584868771024
418.0 0.0014335973901324905
419.0 0.0020183400920359418
420.0 0.0026030826120404527
421.0 0.004469741543289274
422.0 0.006336400838335976
423.0 0.010189333988819271
424.0 0.014042266411706805
425.0 0.018102694593835622
426.0 0.022163124231155962
427.0 0.02203524491051212
428.0 0.0219073670450598
429.0 0.017397863848600537
430.0 0.012888360652141273
431.0 0.009162405331153423
432.0 0.005436447827378288
433.0 0.0044727530621457845
434.0 0.0035090579331154004
435.0 0.0029074031772324815
436.0 0.002305748603248503
437.0 0.0016107518604258075
438.0 0.000915755117603112
439.0 0.0009554275493428577
440.0 0.0009950998901331332
441.0 0.0012968706869287416
442.0 0.0015986417565727606
443.0 0.0017191743609146215
444.0 0.001839706783357542
445.0 0.0016131765733007342
446.0 0.0013866465451428667
447.0 0.0013657463568961248
448.0 0.0013448459867504425
449.0 0.0016515981769771315
450.0 0.00195835000340594
451.0 0.001801681355573237
452.0 0.0016450125258415937
453.0 0.001594902278156951
454.0 0.0015447920304723084
455.0 0.0012495382179622538
456.0 0.0009542844054521993
457.0 0.0009310651876148768
458.0 0.0009078457878786139
459.0 0.001069024256139528
460.0 0.001230202724400442
461.0 0.0017986367311095819
462.0 0.002367070919717662
463.0 0.003474884942988865
464.0 0.0045826996938558295
465.0 0.0056079930800478905
466.0 0.006633285374846309
467.0 0.00704456033417955
468.0 0.007455835293512791
469.0 0.006409072375390679
470.0 0.005362309457268566
471.0 0.003957076842198148
472.0 0.0025518440452287905
473.0 0.00184529217222007
474.0 0.0011387399354134686
475.0 0.0009090798812394496
476.0 0.0006794198270654306
477.0 0.0007721065230725799
478.0 0.000864793128130259
479.0 0.0007745761649857741
480.0 0.000684359110891819
481.0 0.0006112140454206383
482.0 0.0005380690708989277
483.0 0.0005329753093974432
484.0 0.0005278816843201639
485.0 0.000686572639096994
486.0 0.0008452635483990889
487.0 0.0006614915037062019
488.0 0.0004777194590133149
489.0 0.0007964837095641997
490.0 0.0011152478691656142
491.0 0.0010458208635100164
492.0 0.0009763938578544185
493.0 0.0010085156645800453
494.0 0.001040637380356202
495.0 0.001099374276236631
496.0 0.0011581110811675899
497.0 0.0011330709639878478
498.0 0.0011080309377575759
499.0 0.0012358305866655428
500.0 0.0013636303265229799
501.0 0.0015385965525638312
502.0 0.0017135624148068018
503.0 0.00208125748031307
504.0 0.0024489521820214577
505.0 0.003049792030651588
506.0 0.003650631697382778
507.0 0.00447441816504579
508.0 0.0052982049965066835
509.0 0.005674008571077138
510.0 0.006049812145647593
511.0 0.00546335031685885
512.0 0.004876888851867989
513.0 0.0041240506106987596
514.0 0.003371212733327411
515.0 0.003120413384749554
516.0 0.002869614036171697
517.0 0.002921604027505964
518.0 0.0029735938369412906
519.0 0.02078008110402152
520.0 0.03552940324880183
521.0 0.07615817594341934
522.0 0.08962015272118151
523.0 0.1323791453614831
524.0 0.06567504024133086
525.0 0.09159212349914014
526.0 0.07038848125375807
527.0 0.06814286462031305
528.0 0.13823724584653974
529.0 0.2593942452222109
530.0 0.11108820326626301
531.0 0.26873608585447073
532.0 0.34319437108933926
533.0 0.42074532248079777
534.0 0.6231812760233879
535.0 0.8337846025824547
536.0 1.361391320824623
537.0 2.041301317512989
538.0 3.1362950801849365
539.0 4.93185929954052
540.0 7.456564158201218
541.0 10.298815369606018
542.0 13.977783918380737
543.0 18.695907294750214
544.0 24.304789304733276
545.0 30.574461817741394
546.0 38.078415393829346
547.0 45.79266607761383
548.0 54.448866844177246
549.0 61.99593544006348
550.0 67.21890568733215
551.0 72.61962890625
552.0 75.83577632904053
553.0 79.68568205833435
554.0 83.03762674331665
555.0 86.27808094024658
556.0 90.1106595993042
557.0 91.66975021362305
558.0 93.71517300605774
559.0 95.31714916229248
560.0 95.21739482879639
561.0 95.82191705703735
562.0 96.21570706367493
563.0 95.36903500556946
564.0 95.96386551856995
565.0 95.48931121826172
566.0 96.53143286705017
567.0 95.93945741653442
568.0 96.40883207321167
569.0 97.07664847373962
570.0 96.88088893890381
571.0 97.25579619407654
572.0 97.43692874908447
573.0 97.11065292358398
574.0 97.48676419258118
575.0 96.72310948371887
576.0 97.27351665496826
577.0 97.66098260879517
578.0 97.55375981330872
579.0 97.24470973014832
580.0 97.03102111816406
581.0 96.9301700592041
582.0 97.17307686805725
583.0 96.99998497962952
584.0 96.49778604507446
585.0 96.81415557861328
586.0 97.03525304794312
587.0 96.72479629516602
588.0 96.70041799545288
589.0 97.48899340629578
590.0 96.84529900550842
591.0 96.7925488948822
592.0 96.53019309043884
593.0 96.25305533409119
594.0 96.3394045829773
595.0 96.7239499092102
596.0 97.72040247917175
597.0 97.69766330718994
598.0 97.32651114463806
599.0 97.19523787498474
600.0 97.41544723510742
601.0 96.70774936676025
602.0 97.05361723899841
603.0 96.33893370628357
604.0 96.76967263221741
605.0 97.21987843513489
606.0 96.1742103099823
607.0 96.56051993370056
608.0 96.5741217136383
609.0 96.03062868118286
610.0 96.18136882781982
611.0 96.37041687965393
612.0 96.04354500770569
613.0 97.10007905960083
614.0 97.0973551273346
615.0 96.75264954566956
616.0 96.98634147644043
617.0 96.8212366104126
618.0 96.48170471191406
619.0 97.28226661682129
620.0 96.2589979171753
621.0 95.76582312583923
622.0 97.30845093727112
623.0 97.16562032699585
624.0 96.6065526008606
625.0 97.14451432228088
626.0 96.29225730895996
627.0 95.75362205505371
628.0 97.6015031337738
629.0 95.74204683303833
630.0 96.86987400054932
631.0 96.41770124435425
632.0 97.27245569229126
633.0 97.3480224609375
634.0 96.09348177909851
635.0 96.48919701576233
636.0 96.42694592475891
637.0 96.16518020629883
638.0 95.63449621200562
639.0 95.57586908340454
640.0 95.84116339683533
641.0 95.84572911262512
642.0 96.82970643043518
643.0 96.87297940254211
644.0 96.7053771018982
645.0 97.03599810600281
646.0 96.75434827804565
647.0 97.1467673778534
648.0 96.62131667137146
649.0 96.11565470695496
650.0 96.67057991027832
651.0 97.14491367340088
652.0 97.32255935668945
653.0 96.65733575820923
654.0 96.89522981643677
655.0 96.72067761421204
656.0 96.02792263031006
657.0 95.97252607345581
658.0 96.57772183418274
659.0 96.75343632698059
660.0 96.44590616226196
661.0 95.5720603466034
662.0 96.29128575325012
663.0 95.74395418167114
664.0 96.0176944732666
665.0 95.63538432121277
666.0 95.48028707504272
667.0 96.17246985435486
668.0 95.40964365005493
669.0 96.26649618148804
670.0 95.42707204818726
671.0 95.86198329925537
672.0 95.98075747489929
673.0 95.49305438995361
674.0 94.85098123550415
675.0 95.86659073829651
676.0 94.83523964881897
677.0 93.53801608085632
678.0 92.68407225608826
679.0 91.75859689712524
680.0 90.0408923625946
681.0 88.44364881515503
682.0 85.39963364601135
683.0 81.88406229019165
684.0 78.33214402198792
685.0 74.28434491157532
686.0 70.02502083778381
687.0 65.16525149345398
688.0 60.5725884437561
689.0 56.552207469940186
690.0 51.78479552268982
691.0 48.00202250480652
692.0 43.05693209171295
693.0 38.099029660224915
694.0 32.30736255645752
695.0 26.436510682106018
696.0 20.592758059501648
697.0 15.321220457553864
698.0 10.228986293077469
699.0 6.6744692623615265
700.0 4.320420324802399
701.0 2.4807920679450035
702.0 1.4600440859794617
703.0 0.8466606959700584
704.0 0.424185860902071
705.0 0.322129437699914
706.0 0.18423987785354257
707.0 0.08150723879225552
708.0 0.09679344366304576
709.0 0.0835767772514373
710.0 0.10861508781090379
711.0 0.08212071261368692
712.0 0.02890108444262296
713.0 2.6922973399290395e-10
714.0 0.06853249506093562
715.0 2.6922973399290395e-10
716.0 0.058221432846039534
717.0 0.08458852535113692
718.0 0.016276429232675582
719.0 0.03536183794494718
720.0 2.6922973399290395e-10
721.0 0.004249661287758499
722.0 0.003984283102909103
723.0 0.0037189052818575874
724.0 0.0034321914426982403
725.0 0.003145477603538893
726.0 0.0029717664801864885
727.0 0.002798055356834084
728.0 0.0026570922273094766
729.0 0.0025161292796838097
730.0 0.0023127317035687156
731.0 0.0021093341274536215
732.0 0.0020771054551005363
733.0 0.0020448773284442723
734.0 0.0019688646716531366
735.0 0.001892852560558822
736.0 0.0017895908968057483
737.0 0.0016863290511537343
738.0 0.0015773375707794912
739.0 0.0014683461813547183
740.0 0.0014402359738596715
741.0 0.0014121256754151545
742.0 0.0013853589734935667
743.0 0.0013585920896730386
744.0 0.001420348144165473
745.0 0.0014821042896073777
746.0 0.0012808711289835628
747.0 0.0010796377864608075
748.0 0.001140041604230646
749.0 0.001200445603899425
750.0 0.0011246623216720764
751.0 0.0010488792213436682
752.0 0.0010541235496930312
753.0 0.0010593681508908048
754.0 0.0010414850294182543
755.0 0.0010236019079457037
756.0 0.0010029206350736786
757.0 0.0009822394531511236
758.0 0.0010037198990175966
759.0 0.00102520052678301
760.0 0.0010117450074176304
761.0 0.000998289579001721
762.0 0.0009108749509323388
763.0 0.0008234604138124269
764.0 0.0009020494871947449
765.0 0.0009806384696275927
766.0 0.0008397780220548157
767.0 0.0006989173925830983
768.0 0.0006695610409224173
769.0 0.000640204507362796
770.0 0.0006723821570631117
771.0 0.000704559624864487
772.0 0.0007730405741313007
773.0 0.0008415214324486442
774.0 0.0008721542144485284
775.0 0.0009027869964484125
776.0 0.0009017634511110373
777.0 0.0009007403605210129
778.0 0.0007657309652131516
779.0 0.0006307218427537009
780.0 0.0006520323950098827
781.0 0.0006733429472660646
782.0 0.0006805125394748757
783.0 0.0006876822226331569
784.0 0.0006314525307971053
785.0 0.0005752227480115835
786.0 0.0006437709544115933
787.0 0.0007123191608116031
788.0 0.0006000627763569355
789.0 0.000487806437377003
790.0 0.00053780349844601
791.0 0.0005878004685655469
792.0 0.0005814012183691375
793.0 0.000575001922697993
794.0 0.0005939686161582358
795.0 0.0006129353096184786
796.0 0.0005397091172198998
797.0 0.000466482970296056
798.0 0.0005883447556698229
799.0 0.0007102066774677951
800.0 0.0007050248314044438
801.0 0.0006998428034421522
802.0 0.0007059230938466499
803.0 0.0007120033842511475
804.0 0.0006418270004360238
805.0 0.0005716507075703703
806.0 0.0005732567842642311
807.0 0.0005748628609580919
808.0 0.0005779932052973891
809.0 0.000581123413212481
810.0 0.0005818489626108203
811.0 0.0005825742846354842
812.0 0.0004340696250437759
813.0 0.00028556471534102457
814.0 0.0003580809561753995
815.0 0.00043059708332293667
816.0 0.0005884178790438455
817.0 0.0007462387657142244
818.0 0.0005752554443461122
819.0 0.00040427221392747015
820.0 0.0005287335625325795
821.0 0.0006531949111376889
822.0 0.0006375680641212966
823.0 0.0006219413535291096
824.0 0.0005515338216355303
825.0 0.00048112624426721595
826.0 0.0005018589035898913
827.0 0.0005225915174378315
828.0 0.00045864162530051544
829.0 0.00039469186958740465
830.0 0.00013232091760073672
831.0 2.6922973399290395e-10
832.0 2.6922973399290395e-10
833.0 2.6922973399290395e-10
834.0 2.6922973399290395e-10
835.0 3.094566523031972e-05
836.0 6.191269790178922e-05
837.0 9.287968509852362e-05
838.0 0.0006467909770435654
839.0 0.0012007022633042652
840.0 0.0015976844224496745
841.0 0.0019946668544434942
842.0 0.002761983523669187
843.0 0.003529300738591701
844.0 0.004191275729681365
845.0 0.00485325108456891
846.0 0.004806500510312617
847.0 0.004759750663652085
848.0 0.003946975994040258
849.0 0.003134202052024193
850.0 0.0024000137273105793
851.0 0.0016658257663948461
852.0 0.0015203197108348832
853.0 0.0013748137462243903
854.0 0.0011012222785211634
855.0 0.0008276309017674066
856.0 0.0007423130682582268
857.0 0.0006569951437995769
858.0 0.0005497803158505121
859.0 0.0004425656243256526
860.0 0.0003593507699406473
861.0 0.0002761359610303771
862.0 0.0004040657586301677
863.0 0.0005319956017046934
864.0 0.0004446977527550189
865.0 0.00035739999475481454
866.0 0.0002777942654574872
867.0 0.0001981885588975274
868.0 8.344218827005534e-05
869.0 2.6922973399290395e-10
870.0 3.961112611250428e-05
871.0 0.00011052642321374151
872.0 0.00012987698028155137
873.0 0.000149227548718045
874.0 0.00015215412076940993
875.0 0.0001550806700834073
876.0 7.411449018945859e-05
877.0 2.6922973399290395e-10
878.0 9.41636471907259e-05
879.0 0.0001951789954546257
880.0 0.00019032894442716497
881.0 0.00018547892750575556
882.0 0.00023406537366099656
883.0 0.0002826518311849213
884.0 0.00019312271888338728
885.0 0.00010359359521316946
886.0 0.00021183179796935292
887.0 0.00032007001209422015
888.0 0.00029739862839051057
889.0 0.000274727244686801
890.0 0.0002127643028870807
891.0 0.00015080139519341174
892.0 0.00010757657946669497
893.0 6.435174100261065e-05
894.0 4.15165857248212e-05
895.0 1.8681410551835143e-05
896.0 9.442808845960826e-06
897.0 2.0417396662253395e-07
898.0 1.0468563971244293e-05
899.0 2.0732926486743963e-05
900.0 2.6922973399290395e-10
901.0 2.6922973399290395e-10
