lsstCam/transmission_filter_detector/r30_s20/r_57/19700101T000000.ecsv
# %ECSV 1.0
# ---
# datatype:
# - {name: wavelength, unit: nm, datatype: float32}
# - {name: efficiency, unit: '%', datatype: float64}
# meta: !!omap
# - {MODE: DETECTOR}
# - {TYPE: transmission_filter_detector}
# - {CALIBDATE: '1970-01-01T00:00:00'}
# - {INSTRUME: LSSTCam}
# - {OBSTYPE: transmission_filter_detector}
# - {CALIBCLS: lsst.ip.isr.IntermediateFilterDetectorTransmissionCurve}
# - {SOURCE: Materion (DM-46256)}
# - {DETECTOR: 123}
# - {FILTER: r_57}
# - {CALIB_ID: 'calibDate=1970-01-01T00:00:00 filter=r_57 detector=123'}
# - {DATE: '2025-04-02T15:59:44.752123'}
# - {CALIB_CREATION_DATE: '2025-04-02'}
# - {CALIB_CREATION_TIME: '15:59:44'}
# - __serialized_columns__:
#     efficiency:
#       __class__: astropy.units.quantity.Quantity
#       unit: !astropy.units.Unit {unit: '%'}
#       value: !astropy.table.SerializedColumn {name: efficiency}
#     wavelength:
#       __class__: astropy.units.quantity.Quantity
#       unit: !astropy.units.Unit {unit: nm}
#       value: !astropy.table.SerializedColumn {name: wavelength}
# schema: astropy-2.0
wavelength efficiency
[from data line 603]
903.0 5.431643899100891e-05
904.0 4.46310650659143e-05
905.0 3.494568261430686e-05
906.0 8.765301799940062e-05
907.0 0.0001403603619110072
908.0 0.0001863318175310269
909.0 0.00023230325041367905
910.0 0.00015460529994015815
911.0 7.690733241361158e-05
912.0 0.0001269607992071542
913.0 0.00017701428305372247
914.0 0.00017417530671082204
915.0 0.0001713363417366054
916.0 0.0001214108920066792
917.0 7.148543090806925e-05
918.0 0.00012839835790146026
919.0 0.0001853112735261675
920.0 0.00022431997876992682
921.0 0.00026332868401368614
922.0 0.0002064133241219679
923.0 0.00014949791875551455
924.0 0.00012316000947976136
925.0 9.682205472927308e-05
926.0 0.00010140805670744157
927.0 0.0001059940473169263
928.0 0.0001741290589052369
929.0 0.0002422640591248637
930.0 0.0002586591790532111
931.0 0.00027505425350682344
932.0 0.0001753255332914705
933.0 7.559678465440811e-05
934.0 2.6047706569443108e-05
935.0 2.6922973399290395e-10
936.0 2.6922973399290395e-10
937.0 2.6922973399290395e-10
938.0 2.6922973399290395e-10
939.0 2.6922973399290395e-10
940.0 2.6922973399290395e-10
941.0 6.087705628488038e-05
942.0 0.00019893595890607685
943.0 0.00033699488994898275
944.0 0.0003428356194490334
945.0 0.0003486763262117165
946.0 0.0005251471066003432
947.0 0.0007016179552010726
948.0 0.0005428849817690207
949.0 0.000384152144761174
950.0 0.0004271163561497815
951.0 0.000470080567538389
952.0 0.0006022903107805178
953.0 0.0007345001449721167
954.0 0.0008831792911223602
955.0 0.0010318587555957492
956.0 0.001178371712740045
957.0 0.0013248845789348707
958.0 0.0015309817172237672
959.0 0.001737079037411604
960.0 0.0019035471268580295
961.0 0.0020700150344055146
962.0 0.0022500264094560407
963.0 0.002430037420708686
964.0 0.0024158478481695056
965.0 0.002401658275630325
966.0 0.0023912272808956914
967.0 0.002380796468059998
968.0 0.0022719499611412175
969.0 0.002163103454222437
970.0 0.0022360643924912438
971.0 0.0023090253307600506
972.0 0.0024888795451261103
973.0 0.0026687339413911104
974.0 0.00288656483462546
975.0 0.0031043960916576907
976.0 0.0031422634492628276
977.0 0.0031801311706658453
978.0 0.003220658254576847
979.0 0.0032611853384878486
980.0 0.0033555097616044804
981.0 0.0034498341847211123
982.0 0.003441136868786998
983.0 0.003432439552852884
984.0 0.003296470458735712
985.0 0.00316050136461854
986.0 0.0030436445740633644
987.0 0.002926787783508189
988.0 0.0028710630431305617
989.0 0.002815338666550815
990.0 0.002794204010569956
991.0 0.002773069172690157
992.0 0.002708768988668453
993.0 0.002644468804646749
994.0 0.002686397965590004
995.0 0.0027283276722300798
996.0 0.0027597747248364612
997.0 0.0027912217774428427
998.0 0.002926588786067441
999.0 0.0030619557946920395
1000.0 0.0031381881854031235
1001.0 0.0032144205761142075
1002.0 0.003449325231486
1003.0 0.003684229523059912
1004.0 0.0037489346141228452
1005.0 0.0038136393413878977
1006.0 0.003994463259004988
1007.0 0.0041752875404199585
1008.0 0.004300872387830168
1009.0 0.004426456507644616
1010.0 0.004321798769524321
1011.0 0.0042171413952019066
1012.0 0.004151092798565514
1013.0 0.004085044201929122
1014.0 0.003988066237070598
1015.0 0.003891088272212073
1016.0 0.0034327189496252686
1017.0 0.0029743488994427025
1018.0 0.0027085749024990946
1019.0 0.0024428009055554867
1020.0 0.0022558400814887136
1021.0 0.0020688787117251195
1022.0 0.0017378280972479843
1023.0 0.0014067773008719087
1024.0 0.0013141137060301844
1025.0 0.0012214502021379303
1026.0 0.001065729338733945
1027.0 0.0009100086572289001
1028.0 0.0008942990461946465
1029.0 0.0008785896170593332
1030.0 0.0008594957762397826
1031.0 0.0008404020263697021
1032.0 0.0007574127266707364
1033.0 0.0006744233814970357
1034.0 0.0006352952368615661
1035.0 0.0005961669558018912
1036.0 0.0006263171599130146
1037.0 0.0006564673640241381
1038.0 0.0007720146641077008
1039.0 0.0008875619641912635
1040.0 0.0008222338692576159
1041.0 0.0007569057743239682
1042.0 0.000779387482907623
1043.0 0.0008018691914912779
1044.0 0.0008142319529724773
1045.0 0.0008265948054031469
1046.0 0.0008774242814979516
1047.0 0.0009282539394916967
1048.0 0.000814793020254001
1049.0 0.0007013321464910405
1050.0 0.0008898897249309812
1051.0 0.0010784470759972464
1052.0 0.001092739239538787
1053.0 0.0011070310392824467
1054.0 0.0010758428288681898
1055.0 0.0010446545275044627
1056.0 0.0009791877346287947
1057.0 0.0009137208508036565
1058.0 0.000971120061876718
1059.0 0.0010285191820003092
1060.0 0.001055765551427612
1061.0 0.0010830116480065044
1062.0 0.001244319628312951
1063.0 0.0014056276086193975
1064.0 0.0015526578863500617
1065.0 0.0016996882550301962
1066.0 0.0018372020349488594
1067.0 0.0019747158148675226
1068.0 0.0021920974177191965
1069.0 0.0024094786567729898
1070.0 0.0023795500965206884
1071.0 0.0023496219000662677
1072.0 0.0025485454898444004
1073.0 0.0027474692615214735
1074.0 0.0025999142962973565
1075.0 0.0024523593310732394
1076.0 0.0025147088308585808
1077.0 0.0025770581487449817
1078.0 0.0032412022846983746
1079.0 0.0039053466025507078
1080.0 0.003838845805148594
1081.0 0.0037723446439485997
1082.0 0.004007415191153996
1083.0 0.00424248501076363
1084.0 0.004248264303896576
1085.0 0.004254042869433761
1086.0 0.0048652556870365515
1087.0 0.005476468140841462
1088.0 0.0048914720537140965
1089.0 0.004306475966586731
1090.0 0.0033768465073080733
1091.0 0.0024472172299283557
1092.0 0.0033748223358998075
1093.0 0.004302427259972319
1094.0 0.003792571078520268
1095.0 0.003282715260866098
1096.0 0.003155622471240349
1097.0 0.003028530227311421
1098.0 0.0025839382942649536
1099.0 0.0021393465431174263
1100.0 0.0017305015717283823
1101.0 0.0013216566003393382
