ts8/transmission_sensor/rtm-019_s10/19700101T000000.ecsv
# %ECSV 0.9
# ---
# datatype:
# - {name: amp_name, datatype: string}
# - {name: wavelength, unit: nm, datatype: float32}
# - {name: efficiency, unit: '%', datatype: float32}
# meta: !!omap
# - {MODE: AMP}
# - {TYPE: transmission_sensor}
# - {CALIBDATE: '1970-01-01T00:00:00'}
# - {INSTRUME: TS8}
# - {OBSTYPE: transmission_sensor}
# - {DETECTOR: 138}
# - {CALIBCLS: lsst.ip.isr.IntermediateSensorTransmissionCurve}
# - {PICKLEFILE: RaftRun11808.p}
# - {CALIB_ID: 'raftName=RTM-019 detectorName=S10 detector=138 calibDate=1970-01-01T00:00:00 ccd=138 ccdnum=138 filter=None'}
# - {DATE: '2020-07-23T19:15:38.081478'}
# - {CALIB_CREATION_DATE: '2020-07-23'}
# - {CALIB_CREATION_TIME: '19:15:38'}
# - __serialized_columns__:
#     efficiency:
#       __class__: astropy.units.quantity.Quantity
#       unit: !astropy.units.Unit {unit: '%'}
#       value: !astropy.table.SerializedColumn {name: efficiency}
#     wavelength:
#       __class__: astropy.units.quantity.Quantity
#       unit: !astropy.units.Unit {unit: nm}
#       value: !astropy.table.SerializedColumn {name: wavelength}
# schema: astropy-2.0
amp_name wavelength efficiency
C05 319.994 44.7158
C05 324.969 50.504192
C05 349.982 75.92428
C05 374.975 81.10761
C05 400.019 86.32642
C05 424.965 87.45806
C05 450.035 88.82245
C05 475.003 90.942696
C05 500.018 93.638084
C05 525.002 94.23627
C05 550.029 95.85879
C05 575.023 97.247375
C05 599.982 98.38145
C05 619.997 98.96438
C05 624.979 98.84564
C05 650.012 99.25751
C05 675.004 99.56009
C05 700.03 99.444664
C05 725.012 98.952736
C05 750.022 98.3552
C05 774.987 98.307785
C05 799.976 97.15528
C05 824.988 95.91443
C05 850.022 93.48104
C05 869.967 90.266045
C05 875.002 89.95014
C05 899.999 82.787926
C05 919.999 75.00066
C05 925.012 71.70817
C05 949.965 57.91502
C05 975.002 43.117443
C05 999.976 26.070198
C05 1025.028 11.275706
C05 1050.014 3.9638412
C05 1075.002 2.1650078
C05 1099.99 1.6910596
C10 319.994 43.960175
C10 324.969 49.63445
C10 349.982 74.00984
C10 374.975 78.84149
C10 400.019 84.80415
C10 424.965 86.39059
C10 450.035 88.01951
C10 475.003 90.30037
C10 500.018 93.08063
C10 525.002 93.73064
C10 550.029 95.36233
C10 575.023 96.75757
C10 599.982 97.86739
C10 619.997 98.43539
C10 624.979 98.31008
C10 650.012 98.70098
C10 675.004 98.98438
C10 700.03 98.8428
C10 725.012 98.308235
C10 750.022 97.6705
C10 774.987 97.59414
C10 799.976 96.4535
C10 824.988 95.254486
C10 850.022 92.93565
C10 869.967 89.884
C10 875.002 89.57964
C10 899.999 82.1305
C10 919.999 74.51232
C10 925.012 71.37303
C10 949.965 57.931374
C10 975.002 42.9582
C10 999.976 25.85454
C10 1025.028 11.161829
C10 1050.014 3.9596903
C10 1075.002 2.192471
C10 1099.99 1.7213761
C13 319.994 44.255676
C13 324.969 49.972054
C13 349.982 74.703705
C13 374.975 79.67444
C13 400.019 85.48031
C13 424.965 86.954
C13 450.035 88.515
C13 475.003 90.75133
C13 500.018 93.52226
C13 525.002 94.16493
C13 550.029 95.79926
C13 575.023 97.19554
C13 599.982 98.319565
C13 619.997 98.89552
C13 624.979 98.77347
C13 650.012 99.17786
C13 675.004 99.46869
C13 700.03 99.350746
C13 725.012 98.89273
C13 750.022 98.33924
C13 774.987 98.34694
C13 799.976 97.22009
C13 824.988 95.96617
C13 850.022 93.5966
C13 869.967 90.396576
C13 875.002 90.08798
C13 899.999 82.648605
C13 919.999 74.98809
C13 925.012 71.540054
C13 949.965 57.870495
C13 975.002 43.192097
C13 999.976 26.218204
C13 1025.028 11.382239
C13 1050.014 3.917934
C13 1075.002 2.1375115
C13 1099.99 1.6956662
C06 319.994 44.85621
C06 324.969 50.665245
C06 349.982 76.21605
C06 374.975 81.42908
C06 400.019 86.54897
C06 424.965 87.62716
C06 450.035 88.95902
C06 475.003 91.063354
C06 500.018 93.75483
C06 525.002 94.34879
C06 550.029 95.962715
C06 575.023 97.358505
C06 599.982 98.49319
C06 619.997 99.07644
C06 624.979 98.956604
C06 650.012 99.372086
C06 675.004 99.67771
C06 700.03 99.54923
C06 725.012 99.03549
C06 750.022 98.395035
C06 774.987 98.310974
C06 799.976 97.13821
C06 824.988 95.893036
C06 850.022 93.44262
C06 869.967 90.20284
C06 875.002 89.87733
C06 899.999 82.74831
C06 919.999 74.97999
C06 925.012 71.707726
C06 949.965 57.897057
C06 975.002 43.025265
C06 999.976 26.013096
C06 1025.028 11.233313
C06 1050.014 3.9576695
C06 1075.002 2.16251
C06 1099.99 1.6871502
C17 319.994 44.47384
C17 324.969 50.232586
C17 349.982 75.36809
C17 374.975 80.52641
C17 400.019 86.07387
C17 424.965 87.374374
C17 450.035 88.8301
C17 475.003 91.019615
C17 500.018 93.759384
C17 525.002 94.38955
C17 550.029 96.02473
C17 575.023 97.431755
C17 599.982 98.56636
C17 619.997 99.151566
C17 624.979 99.028564
C17 650.012 99.44622
C17 675.004 99.74659
C17 700.03 99.601494
C17 725.012 99.04642
C17 750.022 98.356125
C17 774.987 98.22868
C17 799.976 97.04947
C17 824.988 95.80308
C17 850.022 93.375114
C17 869.967 90.19635
C17 875.002 89.87124
C17 899.999 82.50743
C17 919.999 74.84277
C17 925.012 71.6055
C17 949.965 57.834633
C17 975.002 43.0868
C17 999.976 26.045675
C17 1025.028 11.348096
C17 1050.014 3.992631
C17 1075.002 2.1559987
C17 1099.99 1.6814662
C07 319.994 44.786667
C07 324.969 50.589577
C07 349.982 76.19589
C07 374.975 81.47843
C07 400.019 86.56081
C07 424.965 87.608894
C07 450.035 88.92085
C07 475.003 91.021324
C07 500.018 93.70551
C07 525.002 94.3007
C07 550.029 95.918434
C07 575.023 97.31729
C07 599.982 98.45783
C07 619.997 99.04692
C07 624.979 98.926025
C07 650.012 99.342224
C07 675.004 99.655106
C07 700.03 99.524994
C07 725.012 98.98571
C07 750.022 98.31815
C07 774.987 98.200935
C07 799.976 97.01766
C07 824.988 95.76315
C07 850.022 93.30447
C07 869.967 90.037544
C07 875.002 89.709694
C07 899.999 82.5984
C07 919.999 74.860985
C07 925.012 71.60486
C07 949.965 57.79971
C07 975.002 42.878117
C07 999.976 25.923788
C07 1025.028 11.212599
C07 1050.014 3.9562361
C07 1075.002 2.1566274
C07 1099.99 1.6812139
C11 319.994 44.187603
C11 324.969 49.894226
C11 349.982 74.42264
C11 374.975 79.29531
C11 400.019 85.21058
C11 424.965 86.76873
C11 450.035 88.37826
C11 475.003 90.64909
C11 500.018 93.43391
C11 525.002 94.08054
C11 550.029 95.71845
C11 575.023 97.11748
C11 599.982 98.231995
C11 619.997 98.806335
C11 624.979 98.68225
C11 650.012 99.07522
C11 675.004 99.36501
C11 700.03 99.24419
C11 725.012 98.77572
C11 750.022 98.20961
C11 774.987 98.21497
C11 799.976 97.092415
C11 824.988 95.86578
C11 850.022 93.49737
C11 869.967 90.38724
C11 875.002 90.077065
C11 899.999 82.58139
C11 919.999 74.80387
C11 925.012 71.63598
C11 949.965 58.193203
C11 975.002 43.305355
C11 999.976 26.100489
C11 1025.028 11.226997
C11 1050.014 3.9122891
C11 1075.002 2.173831
C11 1099.99 1.7132931
C12 319.994 44.23311
C12 324.969 49.947197
C12 349.982 74.58554
C12 374.975 79.51416
C12 400.019 85.40865
C12 424.965 86.93689
C12 450.035 88.52693
C12 475.003 90.78537
C12 500.018 93.566185
C12 525.002 94.21408
C12 550.029 95.857056
C12 575.023 97.25453
C12 599.982 98.37324
C12 619.997 98.94537
C12 624.979 98.82727
C12 650.012 99.229805
C12 675.004 99.51797
C12 700.03 99.403564
C12 725.012 98.954185
C12 750.022 98.41132
C12 774.987 98.43782
C12 799.976 97.31741
C12 824.988 96.07109
C12 850.022 93.69483
C12 869.967 90.53993
C12 875.002 90.25231
C12 899.999 82.80104
C12 919.999 75.14949
C12 925.012 71.71119
C12 949.965 58.112988
C12 975.002 43.32587
C12 999.976 26.258709
C12 1025.028 11.367378
C12 1050.014 3.9107993
C12 1075.002 2.1561625
C12 1099.99 1.7069771
C01 319.994 44.563255
C01 324.969 50.325466
C01 349.982 75.296005
C01 374.975 80.25208
C01 400.019 85.78471
C01 424.965 87.133156
C01 450.035 88.62258
C01 475.003 90.8209
C01 500.018 93.56501
C01 525.002 94.190605
C01 550.029 95.8112
C01 575.023 97.206924
C01 599.982 98.32474
C01 619.997 98.90012
C01 624.979 98.772316
C01 650.012 99.17196
C01 675.004 99.46733
C01 700.03 99.35232
C01 725.012 98.90809
C01 750.022 98.35765
C01 774.987 98.36932
C01 799.976 97.246704
C01 824.988 95.99344
C01 850.022 93.57147
C01 869.967 90.45731
C01 875.002 90.14692
C01 899.999 82.676155
C01 919.999 74.79217
C01 925.012 71.482315
C01 949.965 58.011173
C01 975.002 43.50016
C01 999.976 26.322277
C01 1025.028 11.481923
C01 1050.014 3.9194891
C01 1075.002 2.1408677
C01 1099.99 1.7003757
C04 319.994 44.652798
C04 324.969 50.428654
C04 349.982 75.725494
C04 374.975 80.89377
C04 400.019 86.17483
C04 424.965 87.35445
C04 450.035 88.74139
C04 475.003 90.8822
C04 500.018 93.585304
C04 525.002 94.19093
C04 550.029 95.807144
C04 575.023 97.20041
C04 599.982 98.32958
C04 619.997 98.91016
C04 624.979 98.783676
C04 650.012 99.19793
C04 675.004 99.50324
C04 700.03 99.39523
C04 725.012 98.93162
C04 750.022 98.36439
C04 774.987 98.35533
C04 799.976 97.2226
C04 824.988 95.96942
C04 850.022 93.54914
C04 869.967 90.34637
C04 875.002 90.02638
C04 899.999 82.791466
C04 919.999 74.98219
C04 925.012 71.66925
C04 949.965 57.89886
C04 975.002 43.15907
C04 999.976 26.06213
C04 1025.028 11.296834
C04 1050.014 3.9631038
C04 1075.002 2.1625533
C04 1099.99 1.6897163
C03 319.994 44.507523
C03 324.969 50.263577
C03 349.982 75.40088
C03 374.975 80.487
C03 400.019 85.84493
C03 424.965 87.073944
C03 450.035 88.493904
C03 475.003 90.6448
C03 500.018 93.35454
C03 525.002 93.9646
C03 550.029 95.58104
C03 575.023 96.96553
C03 599.982 98.09047
C03 619.997 98.66503
C03 624.979 98.54405
C03 650.012 98.95336
C03 675.004 99.25182
C03 700.03 99.14747
C03 725.012 98.7104
C03 750.022 98.17713
C03 774.987 98.19458
C03 799.976 97.072624
C03 824.988 95.819496
C03 850.022 93.39855
C03 869.967 90.21823
C03 875.002 89.89727
C03 899.999 82.61167
C03 919.999 74.7818
C03 925.012 71.45513
C03 949.965 57.758503
C03 975.002 43.13667
C03 999.976 26.040258
C03 1025.028 11.311586
C03 1050.014 3.9611847
C03 1075.002 2.152912
C03 1099.99 1.6852089
C15 319.994 44.38637
C15 324.969 50.125614
C15 349.982 75.077286
C15 374.975 80.157104
C15 400.019 85.85916
C15 424.965 87.25338
C15 450.035 88.76093
C15 475.003 90.97494
C15 500.018 93.73065
C15 525.002 94.36612
C15 550.029 96.00056
C15 575.023 97.40251
C15 599.982 98.53504
C15 619.997 99.11942
C15 624.979 98.99097
C15 650.012 99.40466
C15 675.004 99.70392
C15 700.03 99.572845
C15 725.012 99.065025
C15 750.022 98.43985
C15 774.987 98.38277
C15 799.976 97.22975
C15 824.988 95.97789
C15 850.022 93.57723
C15 869.967 90.37326
C15 875.002 90.054085
C15 899.999 82.66434
C15 919.999 74.93531
C15 925.012 71.65187
C15 949.965 57.84215
C15 975.002 43.17734
C15 999.976 26.123741
C15 1025.028 11.373304
C15 1050.014 3.9549594
C15 1075.002 2.1418679
C15 1099.99 1.6867747
C14 319.994 44.150864
C14 324.969 49.85684
C14 349.982 74.58876
C14 374.975 79.623726
C14 400.019 85.36364
C14 424.965 86.79443
C14 450.035 88.325554
C14 475.003 90.54128
C14 500.018 93.29491
C14 525.002 93.93203
C14 550.029 95.563156
C14 575.023 96.955124
C14 599.982 98.079315
C14 619.997 98.656204
C14 624.979 98.53339
C14 650.012 98.941826
C14 675.004 99.236176
C14 700.03 99.10904
C14 725.012 98.63246
C14 750.022 98.049774
C14 774.987 98.03109
C14 799.976 96.89234
C14 824.988 95.64744
C14 850.022 93.27175
C14 869.967 90.0661
C14 875.002 89.726295
C14 899.999 82.34162
C14 919.999 74.59353
C14 925.012 71.36177
C14 949.965 57.668415
C14 975.002 43.094296
C14 999.976 26.049707
C14 1025.028 11.327929
C14 1050.014 3.919801
C14 1075.002 2.1304343
C14 1099.99 1.6853282
C00 319.994 44.416454
C00 324.969 50.160122
C00 349.982 74.99491
C00 374.975 79.8699
C00 400.019 85.43724
C00 424.965 86.8201
C00 450.035 88.3325
C00 475.003 90.54499
C00 500.018 93.28978
C00 525.002 93.915306
C00 550.029 95.534294
C00 575.023 96.92495
C00 599.982 98.03867
C00 619.997 98.60897
C00 624.979 98.48238
C00 650.012 98.87377
C00 675.004 99.17003
C00 700.03 99.02577
C00 725.012 98.51944
C00 750.022 97.891014
C00 774.987 97.82428
C00 799.976 96.684204
C00 824.988 95.45252
C00 850.022 93.0528
C00 869.967 90.0062
C00 875.002 89.68693
C00 899.999 82.17194
C00 919.999 74.63786
C00 925.012 71.53676
C00 949.965 58.180607
C00 975.002 43.367836
C00 999.976 26.266993
C00 1025.028 11.362398
C00 1050.014 3.9462798
C00 1075.002 2.1695616
C00 1099.99 1.7081978
C16 319.994 44.59899
C16 324.969 50.36728
C16 349.982 75.49526
C16 374.975 80.602066
C16 400.019 86.20488
C16 424.965 87.537895
C16 450.035 89.012314
C16 475.003 91.21297
C16 500.018 93.960945
C16 525.002 94.58758
C16 550.029 96.222
C16 575.023 97.6278
C16 599.982 98.76163
C16 619.997 99.34814
C16 624.979 99.22254
C16 650.012 99.63853
C16 675.004 99.93716
C16 700.03 99.79824
C16 725.012 99.26105
C16 750.022 98.59772
C16 774.987 98.50566
C16 799.976 97.33469
C16 824.988 96.08135
C16 850.022 93.6635
C16 869.967 90.45065
C16 875.002 90.127365
C16 899.999 82.7602
C16 919.999 75.055046
C16 925.012 71.798325
C16 949.965 57.97161
C16 975.002 43.237614
C16 999.976 26.15793
C16 1025.028 11.377282
C16 1050.014 3.974664
C16 1075.002 2.15327
C16 1099.99 1.6886233
C02 319.994 44.484596
C02 324.969 50.237698
C02 349.982 75.268555
C02 374.975 80.29055
C02 400.019 85.80097
C02 424.965 87.11707
C02 450.035 88.58192
C02 475.003 90.76993
C02 500.018 93.502556
C02 525.002 94.12455
C02 550.029 95.743996
C02 575.023 97.13956
C02 599.982 98.26176
C02 619.997 98.83484
C02 624.979 98.711685
C02 650.012 99.11394
C02 675.004 99.41551
C02 700.03 99.31183
C02 725.012 98.88215
C02 750.022 98.3598
C02 774.987 98.392944
C02 799.976 97.27489
C02 824.988 96.01463
C02 850.022 93.595924
C02 869.967 90.41567
C02 875.002 90.09781
C02 899.999 82.73094
C02 919.999 74.878815
C02 925.012 71.51681
C02 949.965 57.791058
C02 975.002 43.280403
C02 999.976 26.195494
C02 1025.028 11.435787
C02 1050.014 3.9587708
C02 1075.002 2.140678
C02 1099.99 1.6890764
