lsstCam/transmission_filter_detector/r30_s21/z_20/19700101T000000.ecsv
# %ECSV 1.0
# ---
# datatype:
# - {name: wavelength, unit: nm, datatype: float32}
# - {name: efficiency, unit: '%', datatype: float64}
# meta: !!omap
# - {MODE: DETECTOR}
# - {TYPE: transmission_filter_detector}
# - {CALIBDATE: '1970-01-01T00:00:00'}
# - {INSTRUME: LSSTCam}
# - {OBSTYPE: transmission_filter_detector}
# - {CALIBCLS: lsst.ip.isr.IntermediateFilterDetectorTransmissionCurve}
# - {SOURCE: Materion (DM-46256)}
# - {DETECTOR: 124}
# - {FILTER: z_20}
# - {CALIB_ID: 'calibDate=1970-01-01T00:00:00 filter=z_20 detector=124'}
# - {DATE: '2025-04-02T15:59:49.213874'}
# - {CALIB_CREATION_DATE: '2025-04-02'}
# - {CALIB_CREATION_TIME: '15:59:49'}
# - __serialized_columns__:
#     efficiency:
#       __class__: astropy.units.quantity.Quantity
#       unit: !astropy.units.Unit {unit: '%'}
#       value: !astropy.table.SerializedColumn {name: efficiency}
#     wavelength:
#       __class__: astropy.units.quantity.Quantity
#       unit: !astropy.units.Unit {unit: nm}
#       value: !astropy.table.SerializedColumn {name: wavelength}
# schema: astropy-2.0
wavelength efficiency
[from data line 597]
897.0 98.88690114021301
898.0 98.40694069862366
899.0 98.29506874084473
900.0 98.74845743179321
901.0 98.91868233680725
902.0 99.46134686470032
903.0 98.60167503356934
904.0 97.65793681144714
905.0 98.18670749664307
906.0 97.71814942359924
907.0 98.64692091941833
908.0 98.1972336769104
909.0 97.91268706321716
910.0 98.03047776222229
911.0 96.99128270149231
912.0 95.88478207588196
913.0 94.72742676734924
914.0 92.28463768959045
915.0 89.95898962020874
916.0 87.68489360809326
917.0 86.31341457366943
918.0 82.48384594917297
919.0 81.54564499855042
920.0 78.04601192474365
921.0 74.00341033935547
922.0 68.92953515052795
923.0 62.99768090248108
924.0 57.616639137268066
925.0 51.92299485206604
926.0 45.42986452579498
927.0 37.93528079986572
928.0 31.776738166809082
929.0 25.631630420684814
930.0 20.083710551261902
931.0 15.029607713222504
932.0 9.987588226795197
933.0 6.262722611427307
934.0 3.8734864443540573
935.0 2.308317832648754
936.0 1.329733431339264
937.0 0.9276933036744595
938.0 0.5072860978543758
939.0 0.3528594970703125
940.0 0.18440583953633904
941.0 0.10733254021033645
942.0 0.08214535191655159
943.0 0.14000018127262592
944.0 1.7173573760992378e-10
945.0 1.7173573760992378e-10
946.0 1.7173573760992378e-10
947.0 0.05764117231592536
948.0 1.7173573760992378e-10
949.0 1.7173573760992378e-10
950.0 0.08313872967846692
951.0 1.7173573760992378e-10
952.0 1.7173573760992378e-10
953.0 0.037296698428690434
954.0 1.7173573760992378e-10
955.0 1.7173573760992378e-10
956.0 0.005620199590339325
957.0 0.008011764293769374
958.0 1.7173573760992378e-10
959.0 1.7173573760992378e-10
960.0 0.07918297196738422
961.0 1.7173573760992378e-10
962.0 1.7173573760992378e-10
963.0 1.7173573760992378e-10
964.0 1.7173573760992378e-10
965.0 1.7173573760992378e-10
966.0 1.7173573760992378e-10
967.0 1.7173573760992378e-10
968.0 1.7173573760992378e-10
969.0 0.015474326210096478
970.0 0.0028058720999979414
971.0 1.7173573760992378e-10
972.0 1.7173573760992378e-10
973.0 1.7173573760992378e-10
974.0 1.7173573760992378e-10
975.0 1.7173573760992378e-10
976.0 0.006161398778203875
977.0 0.00597025609749835
978.0 0.005779114144388586
979.0 0.005711895209969953
980.0 0.005644676275551319
981.0 0.00546882365597412
982.0 0.00529297067259904
983.0 0.005165985930943862
984.0 0.005039001189288683
985.0 0.005035656795371324
986.0 0.005032312037656084
987.0 0.00499469788337592
988.0 0.004957083729095757
989.0 0.004876280581811443
990.0 0.004795477070729248
991.0 0.004527277633314952
992.0 0.004259078559698537
993.0 0.00445023069914896
994.0 0.004641382838599384
995.0 0.004484596138354391
996.0 0.004327809801907279
997.0 0.0042670861148508266
998.0 0.0042063624277943745
999.0 0.004310705844545737
1000.0 0.00441504962509498
1001.0 0.004290205833967775
1002.0 0.00416536204284057
1003.0 0.004192663982394151
1004.0 0.004219966285745613
1005.0 0.004095963231520727
1006.0 0.003971960541093722
1007.0 0.003949524034396745
1008.0 0.003927087891497649
1009.0 0.0040465172787662596
1010.0 0.00416594666603487
1011.0 0.00405226310249418
1012.0 0.0039385795389534906
1013.0 0.0040213053580373526
1014.0 0.004104031540919095
1015.0 0.004047973197884858
1016.0 0.00399191485485062
1017.0 0.004115499905310571
1018.0 0.004239085319568403
1019.0 0.0041378269088454545
1020.0 0.004036568498122506
1021.0 0.003971014666603878
1022.0 0.0039054608350852504
1023.0 0.0041350285755470395
1024.0 0.004364596316008829
1025.0 0.004312637247494422
1026.0 0.004260678906575777
1027.0 0.004292167068342678
1028.0 0.00432365523010958
1029.0 0.004429882392287254
1030.0 0.004536109554464929
1031.0 0.004503891614149325
1032.0 0.00447167367383372
1033.0 0.004547882053884678
1034.0 0.0046240907977335155
1035.0 0.004775151319336146
1036.0 0.004926211477140896
1037.0 0.004912378790322691
1038.0 0.004898546103504486
1039.0 0.0049804111768025905
1040.0 0.005062276250100695
1041.0 0.0048973219236359
1042.0 0.0047323675971711054
1043.0 0.004935428660246544
1044.0 0.0051384900871198624
1045.0 0.0054768686823081225
1046.0 0.005815246913698502
1047.0 0.005615867848973721
1048.0 0.005416489511844702
1049.0 0.0057484379794914275
1050.0 0.006080386447138153
1051.0 0.006354157812893391
1052.0 0.006627928087254986
1053.0 0.0068520428612828255
1054.0 0.0070761554525233805
1055.0 0.0069696274294983596
1056.0 0.006863097951281816
1057.0 0.007322933379327878
1058.0 0.007782770262565464
1059.0 0.007860412733862177
1060.0 0.00793805520515889
1061.0 0.008281524787889794
1062.0 0.008624994370620698
1063.0 0.0084720624727197
1064.0 0.008319132030010223
1065.0 0.008297422027681023
1066.0 0.008275712025351822
1067.0 0.008843158866511658
1068.0 0.009410604980075732
1069.0 0.00983148638624698
1070.0 0.010252366337226704
1071.0 0.010190264583798125
1072.0 0.010128162830369547
1073.0 0.009950785897672176
1074.0 0.009773408237379044
1075.0 0.01024865559884347
1076.0 0.010723900777520612
1077.0 0.011754157458199188
1078.0 0.012784414866473526
1079.0 0.012351015175227076
1080.0 0.011917615483980626
1081.0 0.012668503040913492
1082.0 0.013419390597846359
1083.0 0.013444284559227526
1084.0 0.013469175610225648
1085.0 0.013878715981263667
1086.0 0.01428825780749321
1087.0 0.015069959044922143
1088.0 0.015851660282351077
1089.0 0.01493232703069225
1090.0 0.014012995234224945
1091.0 0.01567218132549897
1092.0 0.01733136741677299
1093.0 0.01720569416647777
1094.0 0.017080023826565593
1095.0 0.017152598593384027
1096.0 0.01722517190501094
1097.0 0.01817762095015496
1098.0 0.01913006999529898
1099.0 0.01958408101927489
1100.0 0.020038090588059276
1101.0 0.021509734506253153
1102.0 0.02298137842444703
1103.0 0.022898835595697165
1104.0 0.022816297132521868
1105.0 0.022702309070155025
1106.0 0.022588318097405136
1107.0 0.024427345488220453
1108.0 0.02626637287903577
1109.0 0.027168099768459797
1110.0 0.02806982956826687
1111.0 0.029118734528310597
1112.0 0.030167639488354325
1113.0 0.030161996255628765
1114.0 0.030156353022903204
1115.0 0.030500232242047787
1116.0 0.030844108550809324
1117.0 0.03057969151996076
1118.0 0.0303152744891122
1119.0 0.03260132798459381
1120.0 0.03488737856969237
1121.0 0.03640923532657325
1122.0 0.037931089173071086
1123.0 0.039745576214045286
1124.0 0.041560063255019486
1125.0 0.043364675366319716
1126.0 0.04516929038800299
1127.0 0.04445286758709699
1128.0 0.04373644478619099
1129.0 0.046987057430669665
1130.0 0.050237670075148344
1131.0 0.054247811203822494
1132.0 0.05825795233249664
1133.0 0.056644133292138577
1134.0 0.05503030843101442
1135.0 0.06102559855207801
1136.0 0.06702090031467378
1137.0 0.07340433076024055
1138.0 0.07978776702657342
1139.0 0.08382478845305741
1140.0 0.0878618040587753
1141.0 0.09995196014642715
1142.0 0.11204209877178073
1143.0 0.1684131915681064
1144.0 0.22478429600596428
1145.0 0.5019405856728554
1146.0 0.7790968753397465
1147.0 1.135070063173771
1148.0 1.4910432510077953
1149.0 1.4883262105286121
1150.0 1.4856085181236267
