lsstCam/transmission_filter_detector/r30_s21/z_20/19700101T000000.ecsv
# %ECSV 1.0
# ---
# datatype:
# - {name: wavelength, unit: nm, datatype: float32}
# - {name: efficiency, unit: '%', datatype: float64}
# meta: !!omap
# - {MODE: DETECTOR}
# - {TYPE: transmission_filter_detector}
# - {CALIBDATE: '1970-01-01T00:00:00'}
# - {INSTRUME: LSSTCam}
# - {OBSTYPE: transmission_filter_detector}
# - {CALIBCLS: lsst.ip.isr.IntermediateFilterDetectorTransmissionCurve}
# - {SOURCE: Materion (DM-46256)}
# - {DETECTOR: 124}
# - {FILTER: z_20}
# - {CALIB_ID: 'calibDate=1970-01-01T00:00:00 filter=z_20 detector=124'}
# - {DATE: '2025-04-02T15:59:49.213874'}
# - {CALIB_CREATION_DATE: '2025-04-02'}
# - {CALIB_CREATION_TIME: '15:59:49'}
# - __serialized_columns__:
#     efficiency:
#       __class__: astropy.units.quantity.Quantity
#       unit: !astropy.units.Unit {unit: '%'}
#       value: !astropy.table.SerializedColumn {name: efficiency}
#     wavelength:
#       __class__: astropy.units.quantity.Quantity
#       unit: !astropy.units.Unit {unit: nm}
#       value: !astropy.table.SerializedColumn {name: wavelength}
# schema: astropy-2.0
wavelength efficiency
300.0 0.43182135559618473
301.0 0.3463010536506772
302.0 0.2607807284221053
303.0 0.23071353789418936
304.0 0.2006463473662734
305.0 0.17952226335182786
306.0 0.15839816769585013
307.0 0.1566474442370236
308.0 0.15489669749513268
309.0 0.14038013760000467
310.0 0.12586357770487666
311.0 0.11959091061726213
312.0 0.11331822024658322
313.0 0.10509081184864044
314.0 0.09686339762993157
315.0 0.08590393699705601
316.0 0.07494447054341435
317.0 0.06975121796131134
318.0 0.06455795955844223
319.0 0.06442141602747142
320.0 0.06428487249650061
321.0 0.06211204454302788
322.0 0.059939222410321236
323.0 0.055802735732868314
324.0 0.05166624905541539
325.0 0.04944602260366082
326.0 0.04722580197267234
327.0 0.04161731631029397
328.0 0.0360088306479156
329.0 0.03387684118933976
330.0 0.03174485173076391
331.0 0.0330370879964903
332.0 0.03432932135183364
333.0 0.029483437538146973
334.0 0.024637553724460304
335.0 0.02458826929796487
336.0 0.02453899069223553
337.0 0.02070046029984951
338.0 0.016861935728229582
339.0 0.017952220514416695
340.0 0.019042508210986853
341.0 0.01805472420528531
342.0 0.017066938744392246
343.0 0.01624074502615258
344.0 0.015414554218295962
345.0 0.014308335084933788
346.0 0.013202113041188568
347.0 0.013610438327305019
348.0 0.01401876361342147
349.0 0.012683690874837339
350.0 0.011348618136253208
351.0 0.011645129416137934
352.0 0.011941641423618421
353.0 0.010998006473528221
354.0 0.010054372251033783
355.0 0.010594520426820964
356.0 0.011134670785395429
357.0 0.010840539471246302
358.0 0.010546409612288699
359.0 0.01059031201293692
360.0 0.010634214413585141
361.0 0.010324883623979986
362.0 0.01001555283437483
363.0 0.009880850120680407
364.0 0.009746145224198699
365.0 0.009738718654261902
366.0 0.009731290629133582
367.0 0.00901508392416872
368.0 0.008298875764012337
369.0 0.00834858074085787
370.0 0.008398287900490686
371.0 0.008303129288833588
372.0 0.008207972132368013
373.0 0.008051389886531979
374.0 0.007894806913100183
375.0 0.006329466850729659
376.0 0.004764125696965493
377.0 0.004544578405329958
378.0 0.0043250303860986605
379.0 0.005023987250751816
380.0 0.005722944479202852
381.0 0.005653168409480713
382.0 0.005583391975960694
383.0 0.005112355211167596
384.0 0.004641317354980856
385.0 0.004325738700572401
386.0 0.004010159682366066
387.0 0.0045873493945691735
388.0 0.005164539470570162
389.0 0.004964754043612629
390.0 0.004764968616655096
391.0 0.004516236003837548
392.0 0.0042675026634242386
393.0 0.004027674003737047
394.0 0.0037878449802519754
395.0 0.0035074514016741887
396.0 0.0032270581868942827
397.0 0.003586830644053407
398.0 0.003946603465010412
399.0 0.0037827408959856257
400.0 0.0036188783269608393
401.0 0.004802587136509828
402.0 0.005986295218463056
403.0 0.004895330130239017
404.0 0.0038043643144192174
405.0 0.004242781506036408
406.0 0.004681197970057838
407.0 0.00505113675899338
408.0 0.005421075911726803
409.0 0.004823867857339792
410.0 0.004226660530548543
411.0 0.004708399865194224
412.0 0.0051901384722441435
413.0 0.005653576226904988
414.0 0.0061170147091615945
415.0 0.0048454588977620006
416.0 0.0035739034501602873
417.0 0.002738159673754126
418.0 0.0019024158973479643
419.0 0.002721905730140861
420.0 0.0035413959267316386
421.0 0.002675783252925612
422.0 0.0018101707610185258
423.0 0.002040361323452089
424.0 0.002270551885885652
425.0 0.002702587516978383
426.0 0.0031346233299700543
427.0 0.0029888669814681634
428.0 0.0028431106329662725
429.0 0.002572475204942748
430.0 0.0023018399588181637
431.0 0.00220097899727989
432.0 0.002100118035741616
433.0 0.0022375535991159268
434.0 0.002374989344389178
435.0 0.0028028813176206313
436.0 0.0032307736546499655
437.0 0.002696971205295995
438.0 0.0021631687559420243
439.0 0.0021118252334417775
440.0 0.0020604815290425904
441.0 0.0021803782146889716
442.0 0.002300274900335353
443.0 0.002342001607757993
444.0 0.0023837284970795736
445.0 0.0019053506548516452
446.0 0.0014269727216742467
447.0 0.001547353167552501
448.0 0.001667733522481285
449.0 0.002221257091150619
450.0 0.002774780659819953
451.0 0.002050348120974377
452.0 0.0013259156730782706
453.0 0.0017051599570550025
454.0 0.002084404150082264
455.0 0.0019853956473525614
456.0 0.001886387326521799
457.0 0.0014291976185631938
458.0 0.0009720079106045887
459.0 0.0012662851986533497
460.0 0.001560562668601051
461.0 0.0014418361388379708
462.0 0.0013231097000243608
463.0 0.001290471300308127
464.0 0.001257832809642423
465.0 0.001221734783030115
466.0 0.001185636665468337
467.0 0.0010214235771854874
468.0 0.0008572103979531676
469.0 0.0010297278095094953
470.0 0.001202245221065823
471.0 0.0010949368515866809
472.0 0.0009876284821075387
473.0 0.00128642022900749
474.0 0.0015852117940085009
475.0 0.0014713213204231579
476.0 0.0013574306649388745
477.0 0.001505381351307733
478.0 0.0016533320376765914
479.0 0.0018658516637515277
480.0 0.0020783714717254043
481.0 0.0018207294488092884
482.0 0.0015630874258931726
483.0 0.001347137276752619
484.0 0.0011311871276120655
485.0 0.0011048410669900477
486.0 0.0010784950063680299
487.0 0.0009932266948453616
488.0 0.0009079587471205741
489.0 0.000863945660967147
490.0 0.00081993266576319
491.0 0.0011829546565422788
492.0 0.0015459765563718975
493.0 0.0018432132492307574
494.0 0.002140449760190677
495.0 0.0018851535060093738
496.0 0.0016298572518280707
497.0 0.001577124567120336
498.0 0.0015243919733620714
499.0 0.001589352177688852
500.0 0.0016543122910661623
501.0 0.0014962715795263648
502.0 0.0013382308679865673
503.0 0.001100836288969731
504.0 0.0008634418009023648
505.0 0.0013983694771013688
506.0 0.0019332968804519624
507.0 0.0015334715499193408
508.0 0.0011336459465383086
509.0 0.0011339156117173843
510.0 0.0011341850040480494
511.0 0.0011751621968869586
512.0 0.0012161392078269273
513.0 0.0013825395399180707
514.0 0.0015489395082113333
515.0 0.0014789385204494465
516.0 0.0014089374417380895
517.0 0.0011360052667441778
518.0 0.0008630733645986766
519.0 0.0013009233953198418
520.0 0.0017387736079399474
521.0 0.0017678183212410659
522.0 0.0017968630345421843
523.0 0.001858852556324564
524.0 0.0019208418962080032
525.0 0.0013783555914415047
526.0 0.0008358693776244763
527.0 0.0009939099072653335
528.0 0.001151950618805131
529.0 0.0010113690223079175
530.0 0.0008707875167601742
531.0 0.001156630150944693
532.0 0.0014424727851292118
533.0 0.0014316763554234058
534.0 0.0014208797438186593
535.0 0.0016825888451421633
536.0 0.0019442979464656673
537.0 0.0017975202354136854
538.0 0.0016507430700585246
539.0 0.0013032328752160538
540.0 0.0009557227713230532
541.0 0.0012347793926892336
542.0 0.0015138360140554141
543.0 0.0011269940841884818
544.0 0.0007401521543215495
545.0 0.001200271708512446
546.0 0.0016603913536528125
547.0 0.0013394891539064702
548.0 0.0010185868632106576
549.0 0.001701327710179612
550.0 0.0023840686480980366
551.0 0.002205352757300716
552.0 0.0020266370484023355
553.0 0.0018284928955836222
554.0 0.0016303489246638492
555.0 0.001670920755714178
556.0 0.0017114924048655666
557.0 0.0016667536328895949
558.0 0.0016220150428125635
559.0 0.0014707390619150829
560.0 0.001319462990068132
561.0 0.001249692195415264
562.0 0.0011799213098129258
563.0 0.0014858700524200685
564.0 0.0017918189769261517
565.0 0.001783751395123545
566.0 0.0017756838133209385
567.0 0.001989425618376117
568.0 0.0022031672415323555
569.0 0.0023985621737665497
570.0 0.0025939569241018035
571.0 0.002626407876960002
572.0 0.0026588588298182003
573.0 0.0022499201804748736
574.0 0.0018409811673336662
575.0 0.0017830276192398742
576.0 0.0017250740711460821
577.0 0.0017681617464404553
578.0 0.0018112492398358881
579.0 0.001727069502521772
580.0 0.0016428897652076557
581.0 0.0017842927263700403
582.0 0.001925695687532425
583.0 0.001765208799042739
584.0 0.0016047217286541127
585.0 0.0020463425244088285
586.0 0.0024879633201635443
587.0 0.002211642095062416
588.0 0.0019353208699612878
589.0 0.0020761981431860477
590.0 0.002217075598309748
591.0 0.0018789558453136124
592.0 0.0015408362742164172
593.0 0.0012008489647996612
594.0 0.000860861564433435
595.0 0.0009744202543515712
596.0 0.001087978671421297
597.0 0.0008025877832551487
598.0 0.0005171969860384706
599.0 0.0007934145287435967
600.0 0.0010696319804992527
601.0 0.0008791966138232965
602.0 0.0006887612016726052
603.0 0.0010922201909124851
604.0 0.0014956790437281597
605.0 0.0014395683137991
606.0 0.0013834574019711
607.0 0.0010220483090961352
608.0 0.0006606392616959056
609.0 0.0005901045824430184
610.0 0.0005195699941396015
611.0 0.0007086505320330616
612.0 0.0008977310244517867
613.0 0.0010689562259358354
614.0 0.0012401817912177648
615.0 0.001081122627510922
616.0 0.000922063372854609
617.0 0.0014012625797477085
618.0 0.0018804619685397483
619.0 0.0016652835256536491
620.0 0.0014501053556159604
621.0 0.0013556470548792277
622.0 0.0012611887541424949
623.0 0.001317234000453027
624.0 0.001373279246763559
625.0 0.0015218904991343152
626.0 0.0016705016605556011
627.0 0.001886047175503336
628.0 0.0021015926904510707
629.0 0.002288150426466018
630.0 0.0024747081624809653
631.0 0.00261361292359652
632.0 0.0027525175028131343
633.0 0.0030633393180323765
634.0 0.0033741609513526782
635.0 0.005819593934575096
636.0 0.008265028009191155
637.0 0.01526076375739649
638.0 0.02225650241598487
639.0 0.019817939028143883
640.0 0.017379375640302896
641.0 0.01512136950623244
642.0 0.012863363372161984
643.0 0.009445119212614372
644.0 0.00602687505306676
645.0 0.006008447962813079
646.0 0.005990020872559398
647.0 0.005687117300112732
648.0 0.005384213727666065
649.0 0.004276855906937271
650.0 0.0031694984500063583
651.0 0.0033219064789591357
652.0 0.003474314871709794
653.0 0.002843323818524368
654.0 0.0022123327653389424
655.0 0.0022832409740658477
656.0 0.0023541490008938126
657.0 0.0024268663764814846
658.0 0.0024995837520691566
659.0 0.0023852875528973527
660.0 0.002270991535624489
661.0 0.0025150267902063206
662.0 0.0027590622266870923
663.0 0.0022650789105682634
664.0 0.0017710957763483748
665.0 0.001618344322196208
666.0 0.0014655934137408622
667.0 0.001340268318017479
668.0 0.001214943222294096
669.0 0.0012967497241334058
670.0 0.001378556316922186
671.0 0.0011838028513011523
672.0 0.0009890492037811782
673.0 0.0014716985788254533
674.0 0.001954347862920258
675.0 0.0015539613741566427
676.0 0.0011535749763424974
677.0 0.0013061548997939099
678.0 0.0014587348232453223
679.0 0.0016410285752499476
680.0 0.001823322418204043
681.0 0.0018290400475962088
682.0 0.0018347580407862552
683.0 0.002307815520907752
684.0 0.0027808730010292493
685.0 0.002611003947095014
686.0 0.0024411350750597194
687.0 0.002496629531378858
688.0 0.002552124351495877
689.0 0.002548387783463113
690.0 0.00254465157922823
691.0 0.002371111804677639
692.0 0.0021975720301270485
693.0 0.0028054904760210775
694.0 0.003413409285712987
695.0 0.00353884715877939
696.0 0.003664285031845793
697.0 0.003830904097412713
698.0 0.003997522799181752
699.0 0.005814585529151373
700.0 0.007631647167727351
701.0 0.007575930067105219
702.0 0.007520212238887325
703.0 0.00674665134283714
704.0 0.005973090082989074
705.0 0.00484897245769389
706.0 0.003724855196196586
707.0 0.0033661821362329647
708.0 0.003007508894370403
709.0 0.0036335652112029493
710.0 0.004259621709934436
711.0 0.003976302468799986
712.0 0.003692983591463417
713.0 0.0031728453905088827
714.0 0.002652707371453289
715.0 0.0024938171918620355
716.0 0.002334926830371842
717.0 0.0021917747289990075
718.0 0.002048622445727233
719.0 0.001880097079265397
720.0 0.0017115718947025016
721.0 0.002294484875164926
722.0 0.002877398037526291
723.0 0.002656715878401883
724.0 0.002436033719277475
725.0 0.001906030774989631
726.0 0.0013760280126007274
727.0 0.0015453924788744189
728.0 0.0017147569451481104
729.0 0.0014467254914052319
730.0 0.0011786940376623534
731.0 0.0008972195246315096
732.0 0.0006157449206511956
733.0 0.0010336386367271189
734.0 0.0014515324437525123
735.0 0.001190681450680131
736.0 0.0009298303666582797
737.0 0.0009310018867836334
738.0 0.0009321734069089871
739.0 0.0014379116691998206
740.0 0.0019436500224401243
741.0 0.0015515286577283405
742.0 0.0011594075658649672
743.0 0.0013676123671757523
744.0 0.0015758170775370672
745.0 0.001727464041323401
746.0 0.0018791110051097348
747.0 0.0018897395420935936
748.0 0.001900367897178512
749.0 0.002589188989077229
750.0 0.0032780102628748864
751.0 0.0031147650588536635
752.0 0.0029515202186303213
753.0 0.002909491195168812
754.0 0.0028674621717073023
755.0 0.0026922452889266424
756.0 0.0025170280423481017
757.0 0.0024776816644589417
758.0 0.002438334922771901
759.0 0.002560636858106591
760.0 0.0026829386115423404
761.0 0.004575701314024627
762.0 0.006468463834607974
763.0 0.006035279875504784
764.0 0.005602097735390998
765.0 0.0051830658776452765
766.0 0.004764033292303793
767.0 0.004584967973642051
768.0 0.004405901927384548
769.0 0.005251210677670315
770.0 0.006096520155551843
771.0 0.00478451038361527
772.0 0.003472500611678697
773.0 0.0037524583603953943
774.0 0.004032416109112091
775.0 1.7173573760992378e-10
776.0 1.7173573760992378e-10
777.0 1.7173573760992378e-10
778.0 0.0013515928003471345
779.0 0.011367768456693739
780.0 0.02700926852412522
781.0 1.7173573760992378e-10
782.0 1.7173573760992378e-10
783.0 1.7173573760992378e-10
784.0 0.043708630255423486
785.0 0.022462148626800627
786.0 0.08183953468687832
787.0 0.01711166260065511
788.0 1.7173573760992378e-10
789.0 1.7173573760992378e-10
790.0 0.017924519488587976
791.0 1.7173573760992378e-10
792.0 1.7173573760992378e-10
793.0 0.02222333860117942
794.0 1.7173573760992378e-10
795.0 0.10192195186391473
796.0 0.04719701246358454
797.0 0.160668115131557
798.0 0.12495036935433745
799.0 0.24611852131783962
800.0 0.33771488815546036
801.0 0.777429761365056
802.0 1.2121745385229588
803.0 1.8938207998871803
804.0 3.099537082016468
805.0 4.5370303094387054
806.0 6.47154301404953
807.0 8.91982689499855
808.0 11.613310128450394
809.0 14.773012697696686
810.0 18.11416894197464
811.0 21.191100776195526
812.0 24.585548043251038
813.0 28.61451804637909
814.0 33.028197288513184
815.0 38.618919253349304
816.0 44.239264726638794
817.0 50.92397332191467
818.0 57.982999086380005
819.0 64.62911367416382
820.0 72.37362265586853
821.0 79.21639084815979
822.0 84.2447817325592
823.0 88.1373941898346
824.0 92.15707778930664
825.0 95.15767097473145
826.0 96.73316478729248
827.0 97.9052484035492
828.0 98.98914694786072
829.0 99.14814233779907
830.0 98.61515164375305
831.0 98.89860153198242
832.0 98.37014675140381
833.0 99.54677820205688
834.0 98.54381084442139
835.0 98.96936416625977
836.0 98.71512651443481
837.0 98.83056282997131
838.0 98.0682909488678
839.0 98.30852150917053
840.0 98.5600471496582
841.0 99.19577836990356
842.0 99.18139576911926
843.0 99.81340765953064
844.0 97.63345718383789
845.0 98.44995737075806
846.0 98.75834584236145
847.0 98.83829355239868
848.0 99.36994314193726
849.0 98.9586591720581
850.0 97.93328642845154
851.0 99.20626878738403
852.0 99.33311939239502
853.0 98.53150844573975
854.0 99.54186677932739
855.0 98.19175004959106
856.0 98.7324059009552
857.0 97.49661087989807
858.0 98.53259325027466
859.0 99.09395575523376
860.0 98.31643104553223
861.0 98.83537292480469
862.0 98.74447584152222
863.0 98.32825660705566
864.0 99.20511245727539
865.0 99.58351850509644
866.0 98.42758774757385
867.0 99.19812679290771
868.0 99.50884580612183
869.0 98.59659671783447
870.0 98.14875721931458
871.0 98.81174564361572
872.0 99.23436045646667
873.0 99.21777248382568
874.0 99.64993000030518
875.0 98.99523854255676
876.0 98.71430993080139
877.0 99.35917258262634
878.0 99.14830327033997
879.0 98.32755327224731
880.0 98.67576360702515
881.0 99.8042106628418
882.0 98.90150427818298
883.0 98.7731397151947
884.0 99.12112355232239
885.0 98.79602193832397
886.0 98.65025281906128
887.0 98.38405847549438
888.0 98.9222764968872
889.0 99.3697464466095
890.0 98.01307320594788
891.0 99.28117394447327
892.0 98.43867421150208
893.0 98.74070286750793
894.0 98.13777208328247
895.0 99.47683215141296
