lsstCam/transmission_filter_detector/r10_s12/i_39/19700101T000000.ecsv
# %ECSV 1.0
# ---
# datatype:
# - {name: wavelength, unit: nm, datatype: float32}
# - {name: efficiency, unit: '%', datatype: float64}
# meta: !!omap
# - {MODE: DETECTOR}
# - {TYPE: transmission_filter_detector}
# - {CALIBDATE: '1970-01-01T00:00:00'}
# - {INSTRUME: LSSTCam}
# - {OBSTYPE: transmission_filter_detector}
# - {CALIBCLS: lsst.ip.isr.IntermediateFilterDetectorTransmissionCurve}
# - {SOURCE: Materion (DM-46256)}
# - {DETECTOR: 32}
# - {FILTER: i_39}
# - {CALIB_ID: 'calibDate=1970-01-01T00:00:00 filter=i_39 detector=32'}
# - {DATE: '2025-04-02T15:59:46.627674'}
# - {CALIB_CREATION_DATE: '2025-04-02'}
# - {CALIB_CREATION_TIME: '15:59:46'}
# - __serialized_columns__:
#     efficiency:
#       __class__: astropy.units.quantity.Quantity
#       unit: !astropy.units.Unit {unit: '%'}
#       value: !astropy.table.SerializedColumn {name: efficiency}
#     wavelength:
#       __class__: astropy.units.quantity.Quantity
#       unit: !astropy.units.Unit {unit: nm}
#       value: !astropy.table.SerializedColumn {name: wavelength}
# schema: astropy-2.0
wavelength efficiency
300.0 0.07908772095106542
301.0 0.04468934785109013
302.0 0.010291010403307155
303.0 0.019963788508903235
304.0 0.029636561521328986
305.0 0.029126321896910667
306.0 0.028616085182875395
307.0 0.011910589091712609
308.0 1.633693289156135e-10
309.0 1.633693289156135e-10
310.0 1.633693289156135e-10
311.0 1.633693289156135e-10
312.0 0.00614966920693405
313.0 0.0007813120646460447
314.0 1.633693289156135e-10
315.0 1.633693289156135e-10
316.0 1.633693289156135e-10
317.0 1.633693289156135e-10
318.0 1.633693289156135e-10
319.0 1.633693289156135e-10
320.0 1.633693289156135e-10
321.0 1.633693289156135e-10
322.0 0.0011716464541677851
323.0 1.633693289156135e-10
324.0 1.633693289156135e-10
325.0 1.633693289156135e-10
326.0 1.633693289156135e-10
327.0 1.633693289156135e-10
328.0 0.0023436350602423772
329.0 0.0018370315956417471
330.0 0.0013304277672432363
331.0 0.0008811956831777934
332.0 0.0004319640083849663
333.0 0.001254240851267241
334.0 0.002076517921523191
335.0 0.0016967198462225497
336.0 0.0013169224985176697
337.0 0.0015900510334176943
338.0 0.0018631795683177188
339.0 0.001993184741877485
340.0 0.0021231904611340724
341.0 1.633693289156135e-10
342.0 1.633693289156135e-10
343.0 1.633693289156135e-10
344.0 1.633693289156135e-10
345.0 1.633693289156135e-10
346.0 1.633693289156135e-10
347.0 1.633693289156135e-10
348.0 1.633693289156135e-10
349.0 1.633693289156135e-10
350.0 0.0015662868463550694
351.0 0.0006000046141707571
352.0 1.633693289156135e-10
353.0 1.633693289156135e-10
354.0 1.633693289156135e-10
355.0 1.633693289156135e-10
356.0 1.633693289156135e-10
357.0 0.0006150501576485112
358.0 0.0015328723748098128
359.0 0.0014259408999350853
360.0 0.0013190090612624772
361.0 0.0011036555406462867
362.0 0.0008883018381311558
363.0 0.0005474082172440831
364.0 0.00020651457361964276
365.0 0.0010786450729938224
366.0 0.0019507760953274556
367.0 0.0011501576409500558
368.0 0.0003495392320473911
369.0 0.0006939408194739372
370.0 0.0010383424523752183
371.0 0.0011389915925974492
372.0 0.00123964064187021
373.0 0.0011246741451031994
374.0 0.0010097074664372485
375.0 0.0004402842023409903
376.0 1.633693289156135e-10
377.0 1.633693289156135e-10
378.0 1.633693289156135e-10
379.0 1.633693289156135e-10
380.0 1.633693289156135e-10
381.0 1.633693289156135e-10
382.0 1.633693289156135e-10
383.0 0.00037879938190599205
384.0 0.001560311829962302
385.0 0.0015116535905690398
386.0 0.0014629952602263074
387.0 0.0002073381438094657
388.0 1.633693289156135e-10
389.0 1.633693289156135e-10
390.0 1.633693289156135e-10
391.0 1.633693289156135e-10
392.0 1.633693289156135e-10
393.0 1.633693289156135e-10
394.0 0.0006600720553251449
395.0 1.633693289156135e-10
396.0 1.633693289156135e-10
397.0 1.633693289156135e-10
398.0 1.3358510386751732e-05
399.0 4.5924525693408214e-05
400.0 7.849035910112434e-05
401.0 0.0004742549208458513
402.0 0.0008700185389898252
403.0 0.0018886086763814092
404.0 0.002907198722823523
405.0 0.004360833554528654
406.0 0.005814468386233784
407.0 0.0031048388336785138
408.0 0.00039520650716440286
409.0 0.00010015514817496296
410.0 1.633693289156135e-10
411.0 0.003033127541129943
412.0 0.006261154339881614
413.0 0.005006461287848651
414.0 0.003751769327209331
415.0 0.004544096373138018
416.0 0.005336423419066705
417.0 0.0033041491406038404
418.0 0.001271874407393625
419.0 0.003385397940292023
420.0 0.005498921382240951
421.0 0.0048903137212619185
422.0 0.004281706060282886
423.0 0.0046101507905405015
424.0 0.004938595884595998
425.0 0.0033102096494985744
426.0 0.0016818223230075091
427.0 0.003372767605469562
428.0 0.005063713251729496
429.0 0.005272828275337815
430.0 0.005481944390339777
431.0 0.003938165900763124
432.0 0.0023943883206811734
433.0 0.002979101918754168
434.0 0.003563815334928222
435.0 0.00278662901109783
436.0 0.0020094426872674376
437.0 0.001670740130066406
438.0 0.0013320376638148446
439.0 0.001706714101601392
440.0 0.00208139081223635
441.0 0.00047799449021113105
442.0 1.633693289156135e-10
443.0 1.633693289156135e-10
444.0 1.633693289156135e-10
445.0 1.633693289156135e-10
446.0 1.633693289156135e-10
447.0 1.633693289156135e-10
448.0 0.0004872631052421639
449.0 1.633693289156135e-10
450.0 1.633693289156135e-10
451.0 1.633693289156135e-10
452.0 0.0010072037184727378
453.0 0.0013333043170860037
454.0 0.0016594054613960907
455.0 0.0018601631381898187
456.0 0.002060920996882487
457.0 0.001431958662578836
458.0 0.0008029961463762447
459.0 0.0002875266545743216
460.0 1.633693289156135e-10
461.0 0.00016442310197817278
462.0 0.0005567891548707848
463.0 8.763892083152314e-05
464.0 1.633693289156135e-10
465.0 0.00010238180720989476
466.0 0.0005862748366780579
467.0 0.0007500294941564789
468.0 0.0009137841516348999
469.0 0.0006175451289891498
470.0 0.00032130622003023745
471.0 0.0005482333108375315
472.0 0.0007751603334327228
473.0 0.0009664508070272859
474.0 0.0011577416444197297
475.0 0.0004445927970664343
476.0 1.633693289156135e-10
477.0 0.0003198218564648414
478.0 0.0009081993994186632
479.0 0.0011443146831879858
480.0 0.0013804299669573084
481.0 0.00263980109593831
482.0 0.003899170769727789
483.0 0.005162044180906378
484.0 0.006424917228287086
485.0 0.00661884478176944
486.0 0.006812773062847555
487.0 0.009972437692340463
488.0 0.013132103777024895
489.0 0.016528810374438763
490.0 0.019925515516661108
491.0 0.022085511591285467
492.0 0.024245507665909827
493.0 0.026632205117493868
494.0 0.029018905479460955
495.0 0.026112492196261883
496.0 0.023206074547488242
497.0 0.019015013822354376
498.0 0.014823950186837465
499.0 0.0106525381852407
500.0 0.006481125456048176
501.0 0.004724024620372802
502.0 0.0029669248760910705
503.0 0.0025672830815892667
504.0 0.0021676411051885225
505.0 0.0020225763364578597
506.0 0.001877511567727197
507.0 0.0018476535842637531
508.0 0.0018177952370024286
509.0 0.001887745747808367
510.0 0.001957696076715365
511.0 0.0015434516171808355
512.0 0.0011292073395452462
513.0 0.0013453124665829819
514.0 0.0015614175936207175
515.0 0.002198104812123347
516.0 0.0028347920306259766
517.0 0.002346778455830645
518.0 0.0018587650629342534
519.0 0.0018981691027875058
520.0 0.001937573506438639
521.0 0.001717025224934332
522.0 0.0014964769434300251
523.0 0.0015241704204527196
524.0 0.0015518642612732947
525.0 0.0019087148757535033
526.0 0.002265565490233712
527.0 0.002346166547795292
528.0 0.002426767605356872
529.0 0.002158854294975754
530.0 0.0018909409845946357
531.0 0.0018411168639431708
532.0 0.0017912927432917058
533.0 0.0017702552213449962
534.0 0.0017492176993982866
535.0 0.0017646549167693593
536.0 0.0017800921341404319
537.0 0.002434465022815857
538.0 0.0030888375476934016
539.0 0.0036907447793055326
540.0 0.004292652374715544
541.0 0.004907293987344019
542.0 0.005521936327568255
543.0 0.005132152728037909
544.0 0.004742369128507562
545.0 0.003877826384268701
546.0 0.0030132841857266612
547.0 0.002433764166198671
548.0 0.0018542441466706805
549.0 0.001781352148100268
550.0 0.0017084601495298557
551.0 0.001508975401520729
552.0 0.0013094907444610726
553.0 0.0015498106222366914
554.0 0.0017901305909617804
555.0 0.0013349238543014508
556.0 0.0008797169357421808
557.0 0.0007776942766213324
558.0 0.0006756717084499542
559.0 0.00023042446173349163
560.0 1.633693289156135e-10
561.0 0.0007075940175127471
562.0 0.00163001077453373
563.0 0.0016868030797922984
564.0 0.0017435952031519264
565.0 0.001331698786088964
566.0 0.0009198024599754717
567.0 0.0008069466275628656
568.0 0.0006940907496755244
569.0 0.0007726573130639736
570.0 0.0008512237400282174
571.0 0.0005463689376483671
572.0 0.0002415141125311493
573.0 0.0003462064341874793
574.0 0.000450898824055912
575.0 0.0004189530955045484
576.0 0.00038700727600371465
577.0 0.00047165526666503865
578.0 0.0005563033028010977
579.0 0.0003432369339861907
580.0 0.00013017061064601876
581.0 0.0001712009634502465
582.0 0.00021223131625447422
583.0 0.0003240834075768362
584.0 0.00043593536247499287
585.0 0.0006995497187745059
586.0 0.0009631641660234891
587.0 0.0008841649105306715
588.0 0.0008051655640883837
589.0 0.0006690957889077254
590.0 0.0005330260592018021
591.0 0.000756833833293058
592.0 0.000980641652859049
593.0 0.0006575119641638594
594.0 0.00033438218451919965
595.0 0.0005981452886771876
596.0 0.0008619083018857054
597.0 0.0007421278041874757
598.0 0.0006223474429134512
599.0 0.0005444726866699057
600.0 0.00046659783947688993
601.0 0.00041070593397307675
602.0 0.0003548139829945285
603.0 0.0002694854174478678
604.0 0.00018415671547700185
605.0 0.0001977425654331455
606.0 0.0002113284381266567
607.0 0.0003824995019385824
608.0 0.0005536704065889353
609.0 0.0004958375484420685
610.0 0.0004380044629215263
611.0 0.0006410365131159779
612.0 0.0008440685633104295
613.0 0.0006127876986283809
614.0 0.0003815068794210674
615.0 6.76567935897765e-05
616.0 1.633693289156135e-10
617.0 1.633693289156135e-10
618.0 0.00011901131529157283
619.0 0.00026642924240150023
620.0 0.00041384723772353027
621.0 0.0005304816113493871
622.0 0.0006471158940257737
623.0 0.0005571881956711877
624.0 0.0004672604973166017
625.0 0.00044115190576121677
626.0 0.00041504335968056694
627.0 0.0003688042170324479
628.0 0.00032256509712169645
629.0 0.0004358002570370445
630.0 0.0005490354396897601
631.0 0.0004898642146144994
632.0 0.00043069294406450354
633.0 0.00039465262489102315
634.0 0.0003586122602428077
635.0 0.0003812390787061304
636.0 0.0004038658062199829
637.0 0.00039276133065868635
638.0 0.0003816567186731845
639.0 0.0006366159141180106
640.0 0.0008915749276638962
641.0 0.0007055498372210423
642.0 0.0005195247013034532
643.0 0.0006468358606070979
644.0 0.0007741470653854776
645.0 0.0006831939572293777
646.0 0.000592240940022748
647.0 0.0007817231562512461
648.0 0.000971205736277625
649.0 0.000820681088953279
650.0 0.000670156441628933
651.0 0.0008314970727951732
652.0 0.0009928378858603537
653.0 0.0011727171113307122
654.0 0.0013525963368010707
655.0 0.001970049925148487
656.0 0.002587503331596963
657.0 0.003558765456546098
658.0 0.004530026490101591
659.0 0.007082278170855716
660.0 0.06526830838993192
661.0 0.1232362468726933
662.0 0.053071643924340606
663.0 0.14153962256386876
664.0 0.09788785828277469
665.0 0.12978478334844112
666.0 0.16453987918794155
667.0 0.20143843721598387
668.0 0.18805613508448005
669.0 0.2959663048386574
670.0 0.32181625720113516
671.0 0.503096729516983
672.0 0.791914202272892
673.0 1.2303072027862072
674.0 1.9310493022203445
675.0 2.6934264227747917
676.0 3.764362260699272
677.0 5.090712383389473
678.0 6.392744928598404
679.0 7.780221104621887
680.0 9.58956852555275
681.0 11.59423440694809
682.0 14.066967368125916
683.0 16.80028736591339
684.0 19.729487597942352
685.0 22.619009017944336
686.0 25.66485106945038
687.0 28.81770431995392
688.0 32.07373321056366
689.0 35.30917465686798
690.0 39.04261291027069
691.0 43.09776425361633
692.0 47.9222446680069
693.0 53.02271842956543
694.0 58.904945850372314
695.0 64.52076435089111
696.0 70.75725793838501
697.0 76.40084624290466
698.0 82.49463438987732
699.0 87.05166578292847
700.0 90.64862728118896
701.0 93.63956451416016
702.0 95.65837383270264
703.0 96.79969549179077
704.0 97.29347825050354
705.0 97.73963689804077
706.0 97.74860739707947
707.0 97.99531102180481
708.0 98.02961349487305
709.0 98.01086187362671
710.0 97.80097603797913
711.0 98.05177450180054
712.0 97.95218706130981
713.0 98.0074405670166
714.0 98.02356362342834
715.0 98.09821248054504
716.0 97.97331094741821
717.0 98.16322326660156
718.0 98.28418493270874
719.0 98.19650650024414
720.0 98.47918152809143
721.0 98.3795166015625
722.0 98.1380820274353
723.0 97.861647605896
724.0 97.56072759628296
725.0 97.23958969116211
726.0 96.98159694671631
727.0 96.74001932144165
728.0 96.43911123275757
729.0 96.28381729125977
730.0 96.22884392738342
731.0 96.28878235816956
732.0 96.26219272613525
733.0 96.58856391906738
734.0 96.91762328147888
735.0 97.08844423294067
736.0 97.49958515167236
737.0 97.89004921913147
738.0 98.2059121131897
739.0 98.58320355415344
740.0 98.73656630516052
741.0 98.55642318725586
742.0 98.92420172691345
743.0 98.74699711799622
744.0 98.58523607254028
745.0 98.55760335922241
746.0 98.54063987731934
747.0 98.74388575553894
748.0 98.67992997169495
749.0 98.50834012031555
750.0 98.5319972038269
751.0 98.34845066070557
752.0 98.32755327224731
753.0 98.45570921897888
754.0 98.43082427978516
755.0 98.53456616401672
756.0 98.6462950706482
757.0 98.68239760398865
758.0 98.72593879699707
759.0 98.83676171302795
760.0 98.71549606323242
761.0 98.6640214920044
762.0 98.65837693214417
763.0 98.60754609107971
764.0 98.56113195419312
765.0 98.46457839012146
766.0 98.48362803459167
767.0 98.29890727996826
768.0 98.35204482078552
769.0 98.40549230575562
770.0 98.1263279914856
771.0 98.11802506446838
772.0 98.16657900810242
773.0 98.0705201625824
774.0 97.84808158874512
775.0 97.9937732219696
776.0 97.86573648452759
777.0 97.89808988571167
778.0 97.94711470603943
779.0 97.97649383544922
780.0 97.97182083129883
781.0 98.19374680519104
782.0 98.06602001190186
783.0 98.14971685409546
784.0 98.15459847450256
785.0 98.27985167503357
786.0 98.37125539779663
787.0 98.16588759422302
788.0 98.30145239830017
789.0 98.38034510612488
790.0 98.27004075050354
791.0 98.34476113319397
792.0 98.18563461303711
793.0 98.15413355827332
794.0 98.10693860054016
795.0 97.98544645309448
796.0 97.98888564109802
797.0 98.01321625709534
798.0 97.96978235244751
799.0 97.82571196556091
800.0 97.65599370002747
801.0 97.76759147644043
802.0 97.5635290145874
803.0 97.44342565536499
804.0 97.240149974823
805.0 96.77544236183167
806.0 96.49671912193298
807.0 95.68009376525879
808.0 94.80476379394531
809.0 93.5969591140747
810.0 92.26656556129456
811.0 90.44228792190552
812.0 88.23902606964111
813.0 85.67575216293335
814.0 82.60288834571838
815.0 79.12147641181946
816.0 75.37952661514282
817.0 71.11037373542786
818.0 66.18942022323608
819.0 62.00430989265442
820.0 56.94001317024231
821.0 52.447742223739624
822.0 48.00143837928772
823.0 43.45676898956299
824.0 38.79720866680145
825.0 34.534719586372375
826.0 30.093947052955627
827.0 25.503289699554443
828.0 21.33268266916275
829.0 17.205607891082764
830.0 13.042370975017548
831.0 9.85301211476326
832.0 6.751172244548798
833.0 4.459787532687187
834.0 2.764415554702282
835.0 1.688486896455288
836.0 1.0038861073553562
837.0 0.5592584609985352
838.0 0.29699793085455894
839.0 0.21122137550264597
840.0 0.12783778365701437
841.0 0.04966396372765303
842.0 0.024691596627235413
843.0 0.03027415950782597
844.0 0.0038401234633056447
845.0 1.633693289156135e-10
846.0 1.633693289156135e-10
847.0 0.003826817192020826
848.0 1.633693289156135e-10
849.0 0.001766171226336155
850.0 1.633693289156135e-10
851.0 1.633693289156135e-10
852.0 0.0012006912584183738
853.0 0.0012677342056122143
854.0 0.0013347774256544653
855.0 0.001087933105736738
856.0 0.0008410887858190108
857.0 0.0009489507647231221
858.0 0.0010568122888798825
859.0 0.0007208094757515937
860.0 0.00038480643524962943
861.0 0.00026445727598911617
862.0 0.00014410799167308141
863.0 6.895202204759698e-05
864.0 1.633693289156135e-10
865.0 6.0414686231524684e-05
866.0 0.0001270332404601504
867.0 0.00010343686653868644
868.0 7.98404414581455e-05
869.0 1.633693289156135e-10
870.0 1.633693289156135e-10
871.0 1.633693289156135e-10
872.0 0.00022098267891124124
873.0 0.0003086564674958936
874.0 0.0003963302333431784
875.0 0.00029156110485928366
876.0 0.000186792021850124
877.0 1.633693289156135e-10
878.0 1.633693289156135e-10
879.0 1.633693289156135e-10
880.0 0.00043905715756409336
881.0 0.0001747036890265008
882.0 1.633693289156135e-10
883.0 0.00015978691862983396
884.0 0.00040922359403339215
885.0 0.00018949826880998444
886.0 1.633693289156135e-10
887.0 7.313746550607902e-05
888.0 0.0001765019987942651
889.0 4.1175604792442755e-05
890.0 1.633693289156135e-10
891.0 4.452678012967226e-05
892.0 0.00018320429262530524
893.0 0.00025148083295789547
894.0 0.0003197573732904857
895.0 7.746889707505034e-06
896.0 1.633693289156135e-10
897.0 1.633693289156135e-10
898.0 1.633693289156135e-10
