lsstCam/transmission_filter_detector/r10_s12/i_39/19700101T000000.ecsv
# %ECSV 1.0
# ---
# datatype:
# - {name: wavelength, unit: nm, datatype: float32}
# - {name: efficiency, unit: '%', datatype: float64}
# meta: !!omap
# - {MODE: DETECTOR}
# - {TYPE: transmission_filter_detector}
# - {CALIBDATE: '1970-01-01T00:00:00'}
# - {INSTRUME: LSSTCam}
# - {OBSTYPE: transmission_filter_detector}
# - {CALIBCLS: lsst.ip.isr.IntermediateFilterDetectorTransmissionCurve}
# - {SOURCE: Materion (DM-46256)}
# - {DETECTOR: 32}
# - {FILTER: i_39}
# - {CALIB_ID: 'calibDate=1970-01-01T00:00:00 filter=i_39 detector=32'}
# - {DATE: '2025-04-02T15:59:46.627674'}
# - {CALIB_CREATION_DATE: '2025-04-02'}
# - {CALIB_CREATION_TIME: '15:59:46'}
# - __serialized_columns__:
#     efficiency:
#       __class__: astropy.units.quantity.Quantity
#       unit: !astropy.units.Unit {unit: '%'}
#       value: !astropy.table.SerializedColumn {name: efficiency}
#     wavelength:
#       __class__: astropy.units.quantity.Quantity
#       unit: !astropy.units.Unit {unit: nm}
#       value: !astropy.table.SerializedColumn {name: wavelength}
# schema: astropy-2.0
wavelength efficiency
[from data line 600]
900.0 1.633693289156135e-10
901.0 1.633693289156135e-10
902.0 1.633693289156135e-10
903.0 1.633693289156135e-10
904.0 3.687171954425139e-05
905.0 1.633693289156135e-10
906.0 1.633693289156135e-10
907.0 0.00010200777751379064
908.0 0.00030208473162929295
909.0 4.3892492840313935e-05
910.0 1.633693289156135e-10
911.0 1.633693289156135e-10
912.0 0.00013381841199588962
913.0 8.440350711680367e-05
914.0 3.4988639185939974e-05
915.0 1.633693289156135e-10
916.0 1.633693289156135e-10
917.0 1.633693289156135e-10
918.0 1.633693289156135e-10
919.0 1.633693289156135e-10
920.0 3.421396570502111e-05
921.0 1.633693289156135e-10
922.0 1.633693289156135e-10
923.0 1.633693289156135e-10
924.0 1.633693289156135e-10
925.0 0.00015431658084708033
926.0 0.0003504912683638395
927.0 6.889477788263321e-06
928.0 1.633693289156135e-10
929.0 1.633693289156135e-10
930.0 0.0002183835931646172
931.0 0.0002270676986881881
932.0 0.00023575175873702392
933.0 0.0001761793782861787
934.0 0.00011660703194138478
935.0 1.633693289156135e-10
936.0 1.633693289156135e-10
937.0 1.633693289156135e-10
938.0 1.633693289156135e-10
939.0 1.633693289156135e-10
940.0 1.633693289156135e-10
941.0 1.633693289156135e-10
942.0 1.633693289156135e-10
943.0 1.633693289156135e-10
944.0 1.633693289156135e-10
945.0 1.633693289156135e-10
946.0 2.915845698225894e-05
947.0 1.633693289156135e-10
948.0 1.633693289156135e-10
949.0 1.633693289156135e-10
950.0 1.633693289156135e-10
951.0 1.633693289156135e-10
952.0 1.633693289156135e-10
953.0 1.633693289156135e-10
954.0 1.633693289156135e-10
955.0 9.316661930824921e-05
956.0 0.0003161957465636078
957.0 0.00016140418210852658
958.0 6.612575731423931e-06
959.0 9.005041761156463e-05
960.0 0.00017348827441310277
961.0 0.0001313104235123319
962.0 8.913257829590293e-05
963.0 1.633693289156135e-10
964.0 1.633693289156135e-10
965.0 1.633693289156135e-10
966.0 1.633693289156135e-10
967.0 1.633693289156135e-10
968.0 1.633693289156135e-10
969.0 1.633693289156135e-10
970.0 9.962328562096445e-06
971.0 1.633693289156135e-10
972.0 1.633693289156135e-10
973.0 1.633693289156135e-10
974.0 4.545845655457015e-06
975.0 1.633693289156135e-10
976.0 1.633693289156135e-10
977.0 1.633693289156135e-10
978.0 1.633693289156135e-10
979.0 1.633693289156135e-10
980.0 1.633693289156135e-10
981.0 1.633693289156135e-10
982.0 1.633693289156135e-10
983.0 1.633693289156135e-10
984.0 1.633693289156135e-10
985.0 2.5724636998347705e-05
986.0 0.000190366665719921
987.0 1.4839145023870515e-05
988.0 1.633693289156135e-10
989.0 1.633693289156135e-10
990.0 1.633693289156135e-10
991.0 1.633693289156135e-10
992.0 1.633693289156135e-10
993.0 1.633693289156135e-10
994.0 3.9860873357611126e-05
995.0 1.633693289156135e-10
996.0 1.633693289156135e-10
997.0 0.00010107283969773562
998.0 0.0004428423835634021
999.0 0.0003983796887041535
1000.0 0.00035391690289543476
1001.0 0.00014381387245521182
1002.0 1.633693289156135e-10
1003.0 3.0477590939881338e-05
1004.0 0.00012724442512990208
1005.0 1.633693289156135e-10
1006.0 1.633693289156135e-10
1007.0 1.1046998871222513e-06
1008.0 0.0002135437398465001
1009.0 0.00012280372629902558
1010.0 3.206366727681598e-05
1011.0 0.00014610295693273656
1012.0 0.00026014220111392206
1013.0 0.0004357609213911928
1014.0 0.0006113796644058311
1015.0 0.0004899080067843897
1016.0 0.00036843637190031586
1017.0 0.0004272789283277234
1018.0 0.00048612164391670376
1019.0 0.0003994683538621757
1020.0 0.00031281495012080995
1021.0 0.0001747172859722923
1022.0 3.6619607612919935e-05
1023.0 0.0005505925400939304
1024.0 0.0010645655493135564
1025.0 0.0007553469458798645
1026.0 0.0004461283424461726
1027.0 0.00040784620978229214
1028.0 0.0003695640998557792
1029.0 0.0007739097782177851
1030.0 0.0011782555702666286
1031.0 0.0017929269233718514
1032.0 0.0024075980036286637
1033.0 0.0024802813641144894
1034.0 0.0025529639970045537
1035.0 0.0030938186682760715
1036.0 0.0036346729757497087
1037.0 0.0037229045119602233
1038.0 0.003811136048170738
1039.0 0.003151346027152613
1040.0 0.002491556188033428
1041.0 0.002015315112657845
1042.0 0.0015390742191812024
1043.0 0.0022883768906467594
1044.0 0.003037679380213376
1045.0 0.003379946792847477
1046.0 0.003722214387380518
1047.0 0.003435980761423707
1048.0 0.003149747135466896
1049.0 0.00269985685008578
1050.0 0.002249966564704664
1051.0 0.0023301467081182636
1052.0 0.002410327215329744
1053.0 0.0016451458577648737
1054.0 0.000879964318301063
1055.0 0.0007288921551662497
1056.0 0.0005778199920314364
1057.0 0.0006527992354676826
1058.0 0.0007277787062776042
1059.0 0.0008742712452658452
1060.0 0.0010207641025772318
1061.0 0.001821874684537761
1062.0 0.0026229849027004093
1063.0 0.002825897900038399
1064.0 0.003028810715477448
1065.0 0.0032715528504922986
1066.0 0.0035142951674060896
1067.0 0.004369730959297158
1068.0 0.005225166387390345
1069.0 0.0042580297304084525
1070.0 0.003290892709628679
1071.0 0.0031111409043660387
1072.0 0.0029313890991033986
1073.0 0.003027694037882611
1074.0 0.0031239989766618237
1075.0 0.0031841511372476816
1076.0 0.003244302934035659
1077.0 0.0026063666155096143
1078.0 0.0019684301150846295
1079.0 0.0020103356291656382
1080.0 0.0020522415070445277
1081.0 0.0012707204405160155
1082.0 0.0004891992830380332
1083.0 0.00020021889213239774
1084.0 1.633693289156135e-10
1085.0 0.00024953428692242596
1086.0 0.0005878304818907054
1087.0 0.0007322068086068612
1088.0 0.000876583180797752
1089.0 1.633693289156135e-10
1090.0 1.633693289156135e-10
1091.0 1.633693289156135e-10
1092.0 1.633693289156135e-10
1093.0 1.633693289156135e-10
1094.0 0.0006054432105884189
1095.0 0.0005177525508770486
1096.0 0.00043006198211514857
1097.0 1.633693289156135e-10
1098.0 1.633693289156135e-10
1099.0 1.633693289156135e-10
1100.0 0.00042078218029928394
