lsstCam/transmission_sensor/r34_s22/19700101T000000.ecsv
# %ECSV 1.0
# ---
# datatype:
# - {name: amp_name, datatype: string}
# - {name: wavelength, unit: nm, datatype: float32}
# - {name: efficiency, unit: '%', datatype: float64}
# meta: !!omap
# - {MODE: AMP}
# - {TYPE: transmission_sensor}
# - {CALIBDATE: '1970-01-01T00:00:00'}
# - {INSTRUME: LSSTCam}
# - {OBSTYPE: transmission_sensor}
# - {DETECTOR: 161}
# - {PARQUETFILE: qe_raft_allvalues_nircorrected_20230725_adjust.parquet}
# - {CORRFILE: qe_corr_factor_bydetnum.parquet}
# - {CALIBCLS: lsst.ip.isr.IntermediateSensorTransmissionCurve}
# - {CALIB_ID: 'raftName=R34 detectorName=S22 detector=161 calibDate=1970-01-01T00:00:00 ccd=161 ccdnum=161 filter=None'}
# - {DATE: '2025-03-03T21:56:48.291355'}
# - {CALIB_CREATION_DATE: '2025-03-03'}
# - {CALIB_CREATION_TIME: '21:56:48'}
# - __serialized_columns__:
#     efficiency:
#       __class__: astropy.units.quantity.Quantity
#       unit: !astropy.units.Unit {unit: '%'}
#       value: !astropy.table.SerializedColumn {name: efficiency}
#     wavelength:
#       __class__: astropy.units.quantity.Quantity
#       unit: !astropy.units.Unit {unit: nm}
#       value: !astropy.table.SerializedColumn {name: wavelength}
# schema: astropy-2.0
amp_name wavelength efficiency
C00 319.994 45.47432548475914
C00 324.969 50.31819540452927
C00 349.982 63.876039870836806
C00 374.975 67.35388971021247
C00 400.019 80.50776783064596
C00 424.965 85.50656767660567
C00 450.035 89.6906570778232
C00 475.003 93.99874715683872
C00 500.018 95.67480726743516
C00 525.002 98.11053541469168
C00 550.029 99.8777885050525
C00 575.023 99.30216253046272
C00 599.982 100.46023056834333
C00 619.997 99.52505399798672
C00 624.979 99.74013264842816
C00 650.012 99.51491803706116
C00 675.004 98.66766057709283
C00 700.03 97.64991656104236
C00 725.012 97.06901559317211
C00 750.022 96.8575404991868
C00 774.987 96.40430510270187
C00 799.976 95.42732727745408
C00 824.988 93.5850665428159
C00 850.022 91.34980347449999
C00 869.967 88.23853883312202
C00 875.002 87.61526157475592
C00 899.999 80.30555464346706
C00 919.999 72.08171744495368
C00 925.012 69.39558045970281
C00 949.965 56.874253005153925
C00 975.002 42.619572725926766
C00 999.976 25.796793020025973
C00 1025.028 11.20508437288281
C00 1050.014 3.989005936742419
C00 1075.002 0.922759441737952
C00 1099.99 0.0915553440875619
C01 319.994 45.9557299587331
C01 324.969 50.88141977791096
C01 349.982 64.84632044807515
C01 374.975 68.21522404178393
C01 400.019 80.95528353964947
C01 424.965 85.70585968291269
C01 450.035 89.75232389607147
C01 475.003 93.98110506448646
C01 500.018 95.60660037757607
C01 525.002 98.02079152465114
C01 550.029 99.78179589477419
C01 575.023 99.20981947948893
C01 599.982 100.3760913586633
C01 619.997 99.45105841637363
C01 624.979 99.66938793476699
C01 650.012 99.45120409206015
C01 675.004 98.61586903696265
C01 700.03 97.62056674377835
C01 725.012 97.08141336080949
C01 750.022 96.91807258050846
C01 774.987 96.51254980493103
C01 799.976 95.5470496903531
C01 824.988 93.71142870016388
C01 850.022 91.47501556063857
C01 869.967 88.25684796677574
C01 875.002 87.62441614158278
C01 899.999 80.48210590839345
C01 919.999 72.14336892891916
C01 925.012 69.40606910913257
C01 949.965 56.756232697644826
C01 975.002 42.474506577143174
C01 999.976 25.6998746024241
C01 1025.028 11.032000572652771
C01 1050.014 3.9142441201860634
C01 1075.002 0.9233356630840976
C01 1099.99 0.0916125162401628
C02 319.994 46.49503285095918
C02 324.969 51.49625551360003
C02 349.982 65.72316540669077
C02 374.975 68.96868936105463
C02 400.019 81.39331499474608
C02 424.965 85.95950405457617
C02 450.035 89.90670945522194
C02 475.003 94.0795204914459
C02 500.018 95.6695016055891
C02 525.002 98.06388085929683
C02 550.029 99.81456525710082
C02 575.023 99.23551973744843
C02 599.982 100.40151559953254
C02 619.997 99.47516390892275
C02 624.979 99.6913849634322
C02 650.012 99.47426685337942
C02 675.004 98.64015087376387
C02 700.03 97.65932414353529
C02 725.012 97.15626766225894
C02 750.022 97.04094618852125
C02 774.987 96.6813802584716
C02 799.976 95.73594505292711
C02 824.988 93.87850337832478
C02 850.022 91.6621014778431
C02 869.967 88.42510338471163
C02 875.002 87.7620719982071
C02 899.999 80.6195240836345
C02 919.999 72.19962274534184
C02 925.012 69.43213738987909
C02 949.965 56.99320487034264
C02 975.002 42.51842396305963
C02 999.976 25.75237918670412
C02 1025.028 10.951846359713322
C02 1050.014 3.8681027840684155
C02 1075.002 0.9245057862617263
C02 1099.99 0.09172861478687704
C03 319.994 46.791275860219
C03 324.969 51.83280851874949
C03 349.982 66.21110228513415
C03 374.975 69.37965580702325
C03 400.019 81.57377650178445
C03 424.965 86.00244004639394
C03 450.035 89.87788100357287
C03 475.003 93.99977455378578
C03 500.018 95.56316602156755
C03 525.002 97.93710467631347
C03 550.029 99.67596634208479
C03 575.023 99.09665247248353
C03 599.982 100.25686730995503
C03 619.997 99.32608401161833
C03 624.979 99.5436391487307
C03 650.012 99.32814647265387
C03 675.004 98.49712035102092
C03 700.03 97.53109120368669
C03 725.012 97.0667077836119
C03 750.022 97.00868285752675
C03 774.987 96.698017955301
C03 799.976 95.77115256621767
C03 824.988 93.89827693598514
C03 850.022 91.67561098098291
C03 869.967 88.48228492524322
C03 875.002 87.82385382357631
C03 899.999 80.64665042989365
C03 919.999 72.09053465755912
C03 925.012 69.30953979895655
C03 949.965 57.01795823633972
C03 975.002 42.61000029989382
C03 999.976 25.82225943017289
C03 1025.028 10.962312966111577
C03 1050.014 3.8488045891746068
C03 1075.002 0.9241977719026192
C03 1099.99 0.09169805388513341
C04 319.994 47.324241860081266
C04 324.969 52.42480000664909
C04 349.982 66.97811544325162
C04 374.975 70.06860213144635
C04 400.019 82.07148131836637
C04 424.965 86.38312128384825
C04 450.035 90.19694909276868
C04 475.003 94.2885037644775
C04 500.018 95.82377215761863
C04 525.002 98.18553539182764
C04 550.029 99.91636189341592
C04 575.023 99.32172907530538
C04 599.982 100.47795699925096
C04 619.997 99.54366981729628
C04 624.979 99.76240569418363
C04 650.012 99.53787345840088
C04 675.004 98.70490754999474
C04 700.03 97.74876901506138
C04 725.012 97.31905640837945
C04 750.022 97.30532455813916
C04 774.987 97.03941276024204
C04 799.976 96.1249298045133
C04 824.988 94.23392138487917
C04 850.022 92.00489936965963
C04 869.967 88.79472093713146
C04 875.002 88.12488112906726
C04 899.999 80.93740376591393
C04 919.999 72.29409726162372
C04 925.012 69.4871491293956
C04 949.965 57.1562964685483
C04 975.002 42.814743643733415
C04 999.976 25.995573244644806
C04 1025.028 11.035662591062051
C04 1050.014 3.853864183701481
C04 1075.002 0.9270232632433525
C04 1099.99 0.09197839654023542
C05 319.994 47.67228024304197
C05 324.969 52.80922280910466
C05 349.982 67.45082537888248
C05 374.975 70.42954047980588
C05 400.019 82.17593845274588
C05 424.965 86.35141765417566
C05 450.035 90.08523884262851
C05 475.003 94.12714877379804
C05 500.018 95.62996982455117
C05 525.002 97.96357931555396
C05 550.029 99.67395755103902
C05 575.023 99.07125123303847
C05 599.982 100.21634646767701
C05 619.997 99.27707564381491
C05 624.979 99.49101955732974
C05 650.012 99.26177202958843
C05 675.004 98.43124427214623
C05 700.03 97.48271920861912
C05 725.012 97.0802402881759
C05 750.022 97.09963815590785
C05 774.987 96.86234012970071
C05 799.976 95.95619902381087
C05 824.988 94.05786081700211
C05 850.022 91.82498989680177
C05 869.967 88.61306335603531
C05 875.002 87.93959699009079
C05 899.999 80.77227654166762
C05 919.999 72.12150990879908
C05 925.012 69.29844544535649
C05 949.965 56.92836768912711
C05 975.002 42.663053084783655
C05 999.976 25.961347125452924
C05 1025.028 11.05225428504306
C05 1050.014 3.852574666357936
C05 1075.002 0.9250634801863505
C05 1099.99 0.09178394866573537
C06 319.994 47.90763848247591
C06 324.969 53.0667927571629
C06 349.982 67.74634000970968
C06 374.975 70.69365816661634
C06 400.019 82.32820021372964
C06 424.965 86.43400043415231
C06 450.035 90.13190106516475
C06 475.003 94.14468352617077
C06 500.018 95.63222396412161
C06 525.002 97.9519175934906
C06 550.029 99.65077211545743
C06 575.023 99.04310515697365
C06 599.982 100.17670734665953
C06 619.997 99.23252955230397
C06 624.979 99.44645813153602
C06 650.012 99.21195861193843
C06 675.004 98.37526647281382
C06 700.03 97.43036030002563
C06 725.012 97.0274980225126
C06 750.022 97.04608317325659
C06 774.987 96.80535026770403
C06 799.976 95.89290677158664
C06 824.988 93.97930328625839
C06 850.022 91.72639045844882
C06 869.967 88.49889962064842
C06 875.002 87.8078524994828
C06 899.999 80.61068386960488
C06 919.999 71.94850086319765
C06 925.012 69.13847054012832
C06 949.965 56.77397446283524
C06 975.002 42.51002077608958
C06 999.976 25.90072687200521
C06 1025.028 11.042002358603893
C06 1050.014 3.8560488398030124
C06 1075.002 0.9245532645165847
C06 1099.99 0.09173332553570672
C07 319.994 48.33650770360427
C07 324.969 53.53597580775159
C07 349.982 68.31245106182699
C07 374.975 71.22532075244128
C07 400.019 82.77566225274339
C07 424.965 86.82407391981675
C07 450.035 90.49476386601468
C07 475.003 94.49666665337973
C07 500.018 95.96707103031044
C07 525.002 98.28247872763906
C07 550.029 99.97442515520807
C07 575.023 99.35083354404472
C07 599.982 100.48330099680399
C07 619.997 99.53334984497722
C07 624.979 99.74303082787587
C07 650.012 99.50252793656519
C07 675.004 98.65711825767329
C07 700.03 97.69066741756225
C07 725.012 97.25152422696323
C07 750.022 97.21984359871482
C07 774.987 96.92260386107351
C07 799.976 95.97712265268063
C07 824.988 94.060781997874
C07 850.022 91.75804808527302
C07 869.967 88.5132448422004
C07 875.002 87.81890851737589
C07 899.999 80.74367043711902
C07 919.999 72.07072276419177
C07 925.012 69.22178936567899
C07 949.965 56.679637955098485
C07 975.002 42.38568657764086
C07 999.976 25.929016706971215
C07 1025.028 11.129454731759692
C07 1050.014 3.8907445714053988
C07 1075.002 0.9262091508326418
C07 1099.99 0.0918976210547544
C10 319.994 42.65857930777907
C10 324.969 47.13853986189871
C10 349.982 59.49947455201333
C10 374.975 63.50455153591634
C10 400.019 78.07724567239735
C10 424.965 83.94681043384563
C10 450.035 88.59263809135629
C10 475.003 93.16604959838145
C10 500.018 95.02476401845551
C10 525.002 97.56327786326722
C10 550.029 99.39907519770854
C10 575.023 98.85965346479082
C10 599.982 100.03760240031136
C10 619.997 99.12522790846653
C10 624.979 99.3419856628737
C10 650.012 99.12548859127399
C10 675.004 98.30656888590538
C10 700.03 97.37831574422938
C10 725.012 97.02701499260466
C10 750.022 97.11688155690753
C10 774.987 96.96991012348703
C10 799.976 96.11924845273884
C10 824.988 94.23016448559511
C10 850.022 92.12148592172765
C10 869.967 88.94074931216026
C10 875.002 88.29424061536419
C10 899.999 81.03157926368137
C10 919.999 72.39393110974143
C10 925.012 69.50311211778214
C10 949.965 57.14553180202827
C10 975.002 42.86348749515868
C10 999.976 26.107312246565204
C10 1025.028 11.246462018211837
C10 1050.014 4.012385446840602
C10 1075.002 0.9252277556665617
C10 1099.99 0.09180024792796514
C11 319.994 43.56794061305526
C11 324.969 48.176068936321634
C11 349.982 61.05231219966347
C11 374.975 64.86961322363629
C11 400.019 78.84608361016708
C11 424.965 84.34896733435022
C11 450.035 88.79221378189496
C11 475.003 93.24153260542536
C11 500.018 95.02116812914078
C11 525.002 97.51766603910222
C11 550.029 99.33005559086148
C11 575.023 98.78673895011458
C11 599.982 99.9648872313114
C11 619.997 99.05390815920065
C11 624.979 99.26946217240865
C11 650.012 99.05909881392577
C11 675.004 98.24763923713549
C11 700.03 97.33626147367215
C11 725.012 97.0168866988205
C11 750.022 97.14363221323828
C11 774.987 97.03002051203191
C11 799.976 96.19194828745601
C11 824.988 94.29617857301493
C11 850.022 92.18617359368596
C11 869.967 89.04565114074074
C11 875.002 88.32769235327507
C11 899.999 80.89318736148302
C11 919.999 72.41490074145958
C11 925.012 69.76429328943792
C11 949.965 57.2088202206818
C11 975.002 42.470040467279986
C11 999.976 25.784182489214853
C11 1025.028 11.12511321294419
C11 1050.014 3.965004190200314
C11 1075.002 0.925482607041636
C11 1099.99 0.09182553404727287
C12 319.994 44.38854325596029
C12 324.969 49.10792180088308
C12 349.982 62.36113540524354
C12 374.975 65.99612330753085
C12 400.019 79.48348374298467
C12 424.965 84.69015512647357
C12 450.035 88.97187023908674
C12 475.003 93.32769594043396
C12 500.018 95.04820246970317
C12 525.002 97.5074764081869
C12 550.029 99.29991605803369
C12 575.023 98.75042736846298
C12 599.982 99.92090850826376
C12 619.997 99.00936973483111
C12 624.979 99.22558312219917
C12 650.012 99.01445304957667
C12 675.004 98.20385985976415
C12 700.03 97.30184367594536
C12 725.012 97.00966425162544
C12 750.022 97.17318904331998
C12 774.987 97.09459317686927
C12 799.976 96.26533816489881
C12 824.988 94.35872711252374
C12 850.022 92.23603301418436
C12 869.967 89.03431143861602
C12 875.002 88.4124065985598
C12 899.999 80.93432924221412
C12 919.999 72.32331673748399
C12 925.012 69.48239550173005
C12 949.965 57.32991505189071
C12 975.002 42.973898164832214
C12 999.976 26.00653917362648
C12 1025.028 11.100478687638743
C12 1050.014 3.952482550309753
C12 1075.002 0.9257641926983198
C12 1099.99 0.0918534727174416
C13 319.994 44.91421013721354
C13 324.969 49.71109964807949
C13 349.982 63.25726322447017
C13 374.975 66.77059659422667
C13 400.019 79.90632659097575
C13 424.965 84.89844068963814
C13 450.035 89.06818486930368
C13 475.003 93.35975225861075
C13 500.018 95.04020564122712
C13 525.002 97.47694585114792
C13 550.029 99.25774678035552
C13 575.023 98.70167201632562
C13 599.982 99.87177746619801
C13 619.997 98.95619044210825
C13 624.979 99.17599971879105
C13 650.012 98.96327488075818
C13 675.004 98.15689861871347
C13 700.03 97.26707318971437
C13 725.012 97.00574634237208
C13 750.022 97.20876457939757
C13 774.987 97.1648318591983
C13 799.976 96.34533711822499
C13 824.988 94.43493083085889
C13 850.022 92.29904924931833
C13 869.967 89.13048039314643
C13 875.002 88.45341813788717
C13 899.999 80.88494518448229
C13 919.999 72.34595780602648
C13 925.012 69.68776755116413
C13 949.965 57.306373094234196
C13 975.002 42.62854711493082
C13 999.976 25.780966123399217
C13 1025.028 11.06171266234774
C13 1050.014 3.9322161392165276
C13 1075.002 0.9261031182113879
C13 1099.99 0.09188710059548376
C14 319.994 45.59699591352493
C14 324.969 50.481114492053514
C14 349.982 64.30275462523288
C14 374.975 67.69917942298271
C14 400.019 80.52849978098084
C14 424.965 85.33800557301394
C14 450.035 89.40759388462315
C14 475.003 93.64484724428075
C14 500.018 95.28800765114681
C14 525.002 97.70651539882786
C14 550.029 99.47877513252028
C14 575.023 98.91172102201126
C14 599.982 100.0776785483884
C14 619.997 99.16143981727998
C14 624.979 99.37661814055957
C14 650.012 99.16554940506825
C14 675.004 98.35564625798138
C14 700.03 97.47411667597278
C14 725.012 97.23796105383364
C14 750.022 97.47690751544093
C14 774.987 97.45840670325231
C14 799.976 96.6454827024554
C14 824.988 94.72060085213359
C14 850.022 92.58296349521333
C14 869.967 89.38930775239362
C14 875.002 88.70646447252176
C14 899.999 81.12521039440969
C14 919.999 72.49875626690796
C14 925.012 69.72847240483566
C14 949.965 57.43660715798717
C14 975.002 42.88499382677455
C14 999.976 25.939712369218675
C14 1025.028 11.070139809134652
C14 1050.014 3.9308214382769555
C14 1075.002 0.9286577019926848
C14 1099.99 0.09214056405141614
C15 319.994 46.05009330146474
C15 324.969 50.98533637882206
C15 349.982 64.95740199262085
C15 374.975 68.24832309119058
C15 400.019 80.807461053534
C15 424.965 85.46163822802494
C15 450.035 89.4446031761418
C15 475.003 93.63100805406091
C15 500.018 95.23754252647815
C15 525.002 97.63259648862872
C15 550.029 99.38633240870834
C15 575.023 98.80959469861614
C15 599.982 99.9697098632495
C15 619.997 99.04839548453691
C15 624.979 99.26341279784718
C15 650.012 99.045880662159
C15 675.004 98.23893703165099
C15 700.03 97.36162437741022
C15 725.012 97.14625437559573
C15 750.022 97.40536541907457
C15 774.987 97.40378598794699
C15 799.976 96.59173604126921
C15 824.988 94.66568111831383
C15 850.022 92.51788479904383
C15 869.967 89.30599659398435
C15 875.002 88.62539978654152
C15 899.999 81.07777379059245
C15 919.999 72.36179045300928
C15 925.012 69.59119990528113
C15 949.965 57.40914729107728
C15 975.002 42.864944252023925
C15 999.976 25.933818254270477
C15 1025.028 11.04132477498302
C15 1050.014 3.9169851232351443
C15 1075.002 0.9279761235120594
C15 1099.99 0.09207293846072177
C16 319.994 46.516573684711325
C16 324.969 51.503247946553216
C16 349.982 65.62282552724092
C16 374.975 68.8607973473297
C16 400.019 81.282593805846
C16 424.965 85.84326252387096
C16 450.035 89.78217207752621
C16 475.003 93.93487220186839
C16 500.018 95.51689482324251
C16 525.002 97.90127612456982
C16 550.029 99.64703821759757
C16 575.023 99.05865411972479
C16 599.982 100.21507372220528
C16 619.997 99.28673624197391
C16 624.979 99.50110184826552
C16 650.012 99.27448415002306
C16 675.004 98.46253387618343
C16 700.03 97.58334277230063
C16 725.012 97.36288178859917
C16 750.022 97.61233223391902
C16 774.987 97.5998194591607
C16 799.976 96.77399932653566
C16 824.988 94.84526090409165
C16 850.022 92.67881042980511
C16 869.967 89.45979178324733
C16 875.002 88.77761554467692
C16 899.999 81.28504729109274
C16 919.999 72.42911562160782
C16 925.012 69.6490101514072
C16 949.965 57.545315722270786
C16 975.002 42.98333641589073
C16 999.976 25.999516072107713
C16 1025.028 11.046565266127207
C16 1050.014 3.930279227621355
C16 1075.002 0.9299478863984015
C16 1099.99 0.0922685749628833
C17 319.994 46.8857273750767
C17 324.969 51.91905235874274
C17 349.982 66.14643761460003
C17 374.975 69.31539749498312
C17 400.019 81.56675340026568
C17 424.965 86.02400771514098
C17 450.035 89.91113339580745
C17 475.003 94.04080909453734
C17 500.018 95.60360252529021
C17 525.002 97.97061008421412
C17 550.029 99.70622088203352
C17 575.023 99.11168773676114
C17 599.982 100.25745001270113
C17 619.997 99.32528662891315
C17 624.979 99.53795012981485
C17 650.012 99.31298086697252
C17 675.004 98.49223638195166
C17 700.03 97.60252596007349
C17 725.012 97.3404247314502
C17 750.022 97.54736087772905
C17 774.987 97.47796558095358
C17 799.976 96.63017908822891
C17 824.988 94.70925348286747
C17 850.022 92.52926283687553
C17 869.967 89.3443246338231
C17 875.002 88.6596259057334
C17 899.999 81.28081502904213
C17 919.999 72.46040522564502
C17 925.012 69.65636294000599
C17 949.965 57.525499995332744
C17 975.002 42.97613697011986
C17 999.976 26.090850893987927
C17 1025.028 11.127667329421742
C17 1050.014 3.9647202663704926
C17 1075.002 0.9293289084184239
C17 1099.99 0.0922071605363533
