lsstCam/transmission_sensor/r34_s22/19700101T000000.ecsv
# %ECSV 1.0
# ---
# datatype:
# - {name: amp_name, datatype: string}
# - {name: wavelength, unit: nm, datatype: float32}
# - {name: efficiency, unit: '%', datatype: float64}
# meta: !!omap
# - {MODE: AMP}
# - {TYPE: transmission_sensor}
# - {CALIBDATE: '1970-01-01T00:00:00'}
# - {INSTRUME: LSSTCAM}
# - {OBSTYPE: transmission_sensor}
# - {DETECTOR: 161}
# - {PARQUETFILE: qe_raft_allvalues_nircorrected_20230725.parquet}
# - {CALIBCLS: lsst.ip.isr.IntermediateSensorTransmissionCurve}
# - {CALIB_ID: 'raftName=R34 detectorName=S22 detector=161 calibDate=1970-01-01T00:00:00 ccd=161 ccdnum=161 filter=None'}
# - {DATE: '2023-08-02T16:57:56.066895'}
# - {CALIB_CREATION_DATE: '2023-08-02'}
# - {CALIB_CREATION_TIME: '16:57:56'}
# - __serialized_columns__:
#     efficiency:
#       __class__: astropy.units.quantity.Quantity
#       unit: !astropy.units.Unit {unit: '%'}
#       value: !astropy.table.SerializedColumn {name: efficiency}
#     wavelength:
#       __class__: astropy.units.quantity.Quantity
#       unit: !astropy.units.Unit {unit: nm}
#       value: !astropy.table.SerializedColumn {name: wavelength}
# schema: astropy-2.0
amp_name wavelength efficiency
C00 319.994 45.25044631958008
C00 324.969 50.07046890258789
C00 349.982 63.56156539916992
C00 374.975 67.02229309082031
C00 400.019 80.11141204833984
C00 424.965 85.08560180664062
C00 450.035 89.24909210205078
C00 475.003 93.53597259521484
C00 500.018 95.20378112792969
C00 525.002 97.62751770019531
C00 550.029 99.38607025146484
C00 575.023 98.81327819824219
C00 599.982 99.96564483642578
C00 619.997 99.03507232666016
C00 624.979 99.24909210205078
C00 650.012 99.02498626708984
C00 675.004 98.18190002441406
C00 700.03 97.1691665649414
C00 725.012 96.59112548828125
C00 750.022 96.38069152832031
C00 774.987 95.9296875
C00 799.976 94.95751953125
C00 824.988 93.12432861328125
C00 850.022 90.90007019042969
C00 869.967 87.80412292480469
C00 875.002 87.18391418457031
C00 899.999 79.91019439697266
C00 919.999 71.72684478759766
C00 925.012 69.0539321899414
C00 949.965 56.5942497253418
C00 975.002 42.40974807739258
C00 999.976 25.669790267944336
C00 1025.028 11.149919509887695
C00 1050.014 3.969367265701294
C00 1075.002 0.9182165131452754
C00 1099.99 0.09110459888609926
C01 319.994 45.7294807434082
C01 324.969 50.63092041015625
C01 349.982 64.52706909179688
C01 374.975 67.87938690185547
C01 400.019 80.55672454833984
C01 424.965 85.2839126586914
C01 450.035 89.31045532226562
C01 475.003 93.51841735839844
C01 500.018 95.13591003417969
C01 525.002 97.53821563720703
C01 550.029 99.2905502319336
C01 575.023 98.72138977050781
C01 599.982 99.88191986083984
C01 619.997 98.96144104003906
C01 624.979 99.17869567871094
C01 650.012 98.96158599853516
C01 675.004 98.13036346435547
C01 700.03 97.13996124267578
C01 725.012 96.60346221923828
C01 750.022 96.44092559814453
C01 774.987 96.03739929199219
C01 799.976 95.07665252685547
C01 824.988 93.25006866455078
C01 850.022 91.02466583251953
C01 869.967 87.82234191894531
C01 875.002 87.19302368164062
C01 899.999 80.08587646484375
C01 919.999 71.78819274902344
C01 925.012 69.06436920166016
C01 949.965 56.476810455322266
C01 975.002 42.26539611816406
C01 999.976 25.573348999023438
C01 1025.028 10.97768783569336
C01 1050.014 3.8949735164642334
C01 1075.002 0.9187898976389212
C01 1099.99 0.09116148956880128
C02 319.994 46.26612854003906
C02 324.969 51.24272918701172
C02 349.982 65.39959716796875
C02 374.975 68.62914276123047
C02 400.019 80.99259948730469
C02 424.965 85.53630828857422
C02 450.035 89.46408081054688
C02 475.003 93.61634826660156
C02 500.018 95.19850158691406
C02 525.002 97.58109283447266
C02 550.029 99.32315826416016
C02 575.023 98.74696350097656
C02 599.982 99.90721893310547
C02 619.997 98.98542785644531
C02 624.979 99.2005844116211
C02 650.012 98.98453521728516
C02 675.004 98.15452575683594
C02 700.03 97.17852783203125
C02 725.012 96.67794799804688
C02 750.022 96.56319427490234
C02 774.987 96.20539855957031
C02 799.976 95.26461791992188
C02 824.988 93.41632080078125
C02 850.022 91.21083068847656
C02 869.967 87.9897689819336
C02 875.002 87.33000183105469
C02 899.999 80.22261810302734
C02 919.999 71.84416961669922
C02 925.012 69.0903091430664
C02 949.965 56.712615966796875
C02 975.002 42.30909729003906
C02 999.976 25.625595092773438
C02 1025.028 10.897928237915039
C02 1050.014 3.8490593433380127
C02 1075.002 0.9199542600669979
C02 1099.99 0.09127701653923727
C03 319.994 46.5609130859375
C03 324.969 51.5776252746582
C03 349.982 65.8851318359375
C03 374.975 69.0380859375
C03 400.019 81.17217254638672
C03 424.965 85.57903289794922
C03 450.035 89.43539428710938
C03 475.003 93.53699493408203
C03 500.018 95.09268951416016
C03 525.002 97.45494079589844
C03 550.029 99.18524169921875
C03 575.023 98.60877990722656
C03 599.982 99.7632827758789
C03 619.997 98.83708190917969
C03 624.979 99.0535659790039
C03 650.012 98.8391342163086
C03 675.004 98.01219940185547
C03 700.03 97.0509262084961
C03 725.012 96.58882904052734
C03 750.022 96.53108978271484
C03 774.987 96.22195434570312
C03 799.976 95.29965209960938
C03 824.988 93.43599700927734
C03 850.022 91.22427368164062
C03 869.967 88.04666900634766
C03 875.002 87.3914794921875
C03 899.999 80.2496109008789
C03 919.999 71.7356185913086
C03 925.012 68.96831512451172
C03 949.965 56.737247467041016
C03 975.002 42.40022277832031
C03 999.976 25.695131301879883
C03 1025.028 10.908343315124512
C03 1050.014 3.8298561573028564
C03 1075.002 0.9196477621239529
C03 1099.99 0.09124660609490222
C04 319.994 47.09125518798828
C04 324.969 52.16670227050781
C04 349.982 66.64836883544922
C04 374.975 69.72364044189453
C04 400.019 81.66742706298828
C04 424.965 85.95783996582031
C04 450.035 89.75289154052734
C04 475.003 93.82430267333984
C04 500.018 95.35201263427734
C04 525.002 97.7021484375
C04 550.029 99.42445373535156
C04 575.023 98.83274841308594
C04 599.982 99.98328399658203
C04 619.997 99.05359649658203
C04 624.979 99.27125549316406
C04 650.012 99.0478286743164
C04 675.004 98.21896362304688
C04 700.03 97.26753234863281
C04 725.012 96.83993530273438
C04 750.022 96.8262710571289
C04 774.987 96.5616683959961
C04 799.976 95.65168762207031
C04 824.988 93.76998901367188
C04 850.022 91.55194091796875
C04 869.967 88.3575668334961
C04 875.002 87.69102478027344
C04 899.999 80.53893280029297
C04 919.999 71.93817901611328
C04 925.012 69.14505004882812
C04 949.965 56.87490463256836
C04 975.002 42.60395812988281
C04 999.976 25.867591857910156
C04 1025.028 10.981331825256348
C04 1050.014 3.834890842437744
C04 1075.002 0.9224593430078329
C04 1099.99 0.09152556856725452
C05 319.994 47.43758010864258
C05 324.969 52.549232482910156
C05 349.982 67.1187515258789
C05 374.975 70.08280181884766
C05 400.019 81.77136993408203
C05 424.965 85.9262924194336
C05 450.035 89.64173126220703
C05 475.003 93.66374206542969
C05 500.018 95.15916442871094
C05 525.002 97.48128509521484
C05 550.029 99.18324279785156
C05 575.023 98.58350372314453
C05 599.982 99.72296142578125
C05 619.997 98.78831481933594
C05 624.979 99.00120544433594
C05 650.012 98.77308654785156
C05 675.004 97.94664764404297
C05 700.03 97.00279235839844
C05 725.012 96.602294921875
C05 750.022 96.62159729003906
C05 774.987 96.38546752929688
C05 799.976 95.4837875366211
C05 824.988 93.59479522705078
C05 850.022 91.37291717529297
C05 869.967 88.17680358886719
C05 875.002 87.50665283203125
C05 899.999 80.37461853027344
C05 919.999 71.76644134521484
C05 925.012 68.957275390625
C05 949.965 56.64809799194336
C05 975.002 42.4530143737793
C05 999.976 25.833534240722656
C05 1025.028 10.997841835021973
C05 1050.014 3.8336076736450195
C05 1075.002 0.92050920835331
C05 1099.99 0.09133207799838464
C06 319.994 47.67177963256836
C06 324.969 52.80553436279297
C06 349.982 67.41281127929688
C06 374.975 70.34561920166016
C06 400.019 81.92288208007812
C06 424.965 86.00846862792969
C06 450.035 89.68816375732422
C06 475.003 93.68119049072266
C06 500.018 95.16140747070312
C06 525.002 97.46968078613281
C06 550.029 99.16017150878906
C06 575.023 98.55549621582031
C06 599.982 99.68351745605469
C06 619.997 98.74398803710938
C06 624.979 98.95686340332031
C06 650.012 98.72351837158203
C06 675.004 97.89094543457031
C06 700.03 96.95069122314453
C06 725.012 96.54981231689453
C06 750.022 96.56830596923828
C06 774.987 96.3287582397461
C06 799.976 95.42080688476562
C06 824.988 93.5166244506836
C06 850.022 91.2748031616211
C06 869.967 88.06320190429688
C06 875.002 87.37555694580078
C06 899.999 80.21382141113281
C06 919.999 71.59428405761719
C06 925.012 68.79808807373047
C06 949.965 56.49446487426758
C06 975.002 42.30073547363281
C06 999.976 25.773212432861328
C06 1025.028 10.987640380859375
C06 1050.014 3.837064743041992
C06 1075.002 0.9200015045769475
C06 1099.99 0.09128170409611183
C07 319.994 48.09853744506836
C07 324.969 53.27240753173828
C07 349.982 67.97613525390625
C07 374.975 70.87466430664062
C07 400.019 82.3681411743164
C07 424.965 86.39662170410156
C07 450.035 90.04924011230469
C07 475.003 94.03144073486328
C07 500.018 95.4946060180664
C07 525.002 97.79861450195312
C07 550.029 99.48223114013672
C07 575.023 98.86170959472656
C07 599.982 99.98860168457031
C07 619.997 99.04332733154297
C07 624.979 99.2519760131836
C07 650.012 99.01265716552734
C07 675.004 98.1714096069336
C07 700.03 97.209716796875
C07 725.012 96.77273559570312
C07 750.022 96.7412109375
C07 774.987 96.4454345703125
C07 799.976 95.50460815429688
C07 824.988 93.59770202636719
C07 850.022 91.30630493164062
C07 869.967 88.07747650146484
C07 875.002 87.38655853271484
C07 899.999 80.34615325927734
C07 919.999 71.71590423583984
C07 925.012 68.88099670410156
C07 949.965 56.40059280395508
C07 975.002 42.1770133972168
C07 999.976 25.801362991333008
C07 1025.028 11.074662208557129
C07 1050.014 3.8715896606445312
C07 1075.002 0.9216492386347331
C07 1099.99 0.09144519075558315
C10 319.994 42.44856262207031
C10 324.969 46.90646743774414
C10 349.982 59.206546783447266
C10 374.975 63.1919059753418
C10 400.019 77.69285583496094
C10 424.965 83.53352355957031
C10 450.035 88.15647888183594
C10 475.003 92.7073745727539
C10 500.018 94.55693817138672
C10 525.002 97.08295440673828
C10 550.029 98.90971374511719
C10 575.023 98.3729476928711
C10 599.982 99.54509735107422
C10 619.997 98.63721466064453
C10 624.979 98.8529052734375
C10 650.012 98.6374740600586
C10 675.004 97.82258605957031
C10 700.03 96.8989028930664
C10 725.012 96.54933166503906
C10 750.022 96.63875579833984
C10 774.987 96.49250793457031
C10 799.976 95.64603424072266
C10 824.988 93.76625061035156
C10 850.022 91.66795349121094
C10 869.967 88.50287628173828
C10 875.002 87.85955047607422
C10 899.999 80.63264465332031
C10 919.999 72.03752136230469
C10 925.012 69.16093444824219
C10 949.965 56.864192962646484
C10 975.002 42.652462005615234
C10 999.976 25.97878074645996
C10 1025.028 11.191093444824219
C10 1050.014 3.992631673812866
C10 1075.002 0.9206726750725999
C10 1099.99 0.0913482970160988
C11 319.994 43.35344696044922
C11 324.969 47.93888854980469
C11 349.982 60.751739501953125
C11 374.975 64.55024719238281
C11 400.019 78.4579086303711
C11 424.965 83.93370056152344
C11 450.035 88.35507202148438
C11 475.003 92.78248596191406
C11 500.018 94.55335998535156
C11 525.002 97.03756713867188
C11 550.029 98.84103393554688
C11 575.023 98.3003921508789
C11 599.982 99.47274017333984
C11 619.997 98.56624603271484
C11 624.979 98.7807388305664
C11 650.012 98.5714111328125
C11 675.004 97.76394653320312
C11 700.03 96.8570556640625
C11 725.012 96.53925323486328
C11 750.022 96.66537475585938
C11 774.987 96.55232238769531
C11 799.976 95.71837615966797
C11 824.988 93.83193969726562
C11 850.022 91.7323226928711
C11 869.967 88.60726165771484
C11 875.002 87.89283752441406
C11 899.999 80.49493408203125
C11 919.999 72.05838775634766
C11 925.012 69.42082977294922
C11 949.965 56.92716979980469
C11 975.002 42.26095199584961
C11 999.976 25.657241821289062
C11 1025.028 11.070342063903809
C11 1050.014 3.945483684539795
C11 1075.002 0.9209262717635752
C11 1099.99 0.09137345864680288
C12 319.994 44.17000961303711
C12 324.969 48.866153717041016
C12 349.982 62.05411911010742
C12 374.975 65.67121124267578
C12 400.019 79.09217071533203
C12 424.965 84.27320861816406
C12 450.035 88.53384399414062
C12 475.003 92.86822509765625
C12 500.018 94.58026123046875
C12 525.002 97.02742767333984
C12 550.029 98.81104278564453
C12 575.023 98.2642593383789
C12 599.982 99.4289779663086
C12 619.997 98.52192687988281
C12 624.979 98.73707580566406
C12 650.012 98.52698516845703
C12 675.004 97.72038269042969
C12 700.03 96.82280731201172
C12 725.012 96.53206634521484
C12 750.022 96.69478607177734
C12 774.987 96.6165771484375
C12 799.976 95.7914047241211
C12 824.988 93.89418029785156
C12 850.022 91.78193664550781
C12 869.967 88.59597778320312
C12 875.002 87.97713470458984
C12 899.999 80.53587341308594
C12 919.999 71.96725463867188
C12 925.012 69.14031982421875
C12 949.965 57.04766845703125
C12 975.002 42.7623291015625
C12 999.976 25.878503799438477
C12 1025.028 11.045828819274902
C12 1050.014 3.933023691177368
C12 1075.002 0.9212064711179648
C12 1099.99 0.09140125976933156
C13 319.994 44.69308853149414
C13 324.969 49.46636199951172
C13 349.982 62.94583511352539
C13 374.975 66.4418716430664
C13 400.019 79.51293182373047
C13 424.965 84.48046875
C13 450.035 88.62968444824219
C13 475.003 92.9001235961914
C13 500.018 94.57230377197266
C13 525.002 96.9970474243164
C13 550.029 98.76908111572266
C13 575.023 98.21574401855469
C13 599.982 99.38008880615234
C13 619.997 98.46900939941406
C13 624.979 98.68773651123047
C13 650.012 98.47605895996094
C13 675.004 97.67365264892578
C13 700.03 96.7882080078125
C13 725.012 96.52816772460938
C13 750.022 96.73018646240234
C13 774.987 96.68647003173828
C13 799.976 95.87100982666016
C13 824.988 93.97000885009766
C13 850.022 91.84464263916016
C13 869.967 88.6916732788086
C13 875.002 88.0179443359375
C13 899.999 80.48673248291016
C13 919.999 71.98978424072266
C13 925.012 69.34468078613281
C13 949.965 57.02424240112305
C13 975.002 42.418678283691406
C13 999.976 25.654041290283203
C13 1025.028 11.007253646850586
C13 1050.014 3.9128570556640625
C13 1075.002 0.9215437280332008
C13 1099.99 0.09143472209062971
C14 319.994 45.37251281738281
C14 324.969 50.23258590698242
C14 349.982 63.98617935180664
C14 374.975 67.36588287353516
C14 400.019 80.13204193115234
C14 424.965 84.9178695678711
C14 450.035 88.96742248535156
C14 475.003 93.1838150024414
C14 500.018 94.81888580322266
C14 525.002 97.2254867553711
C14 550.029 98.98902130126953
C14 575.023 98.42475891113281
C14 599.982 99.58497619628906
C14 619.997 98.67324829101562
C14 624.979 98.88736724853516
C14 650.012 98.67733764648438
C14 675.004 97.87142181396484
C14 700.03 96.99423217773438
C14 725.012 96.75923919677734
C14 750.022 96.99700927734375
C14 774.987 96.97859954833984
C14 799.976 96.169677734375
C14 824.988 94.2542724609375
C14 850.022 92.12715911865234
C14 869.967 88.94922637939453
C14 875.002 88.26974487304688
C14 899.999 80.72581481933594
C14 919.999 72.14183044433594
C14 925.012 69.38518524169922
C14 949.965 57.15383529663086
C14 975.002 42.67386245727539
C14 999.976 25.8120059967041
C14 1025.028 11.015639305114746
C14 1050.014 3.9114692211151123
C14 1075.002 0.9240857350895383
C14 1099.99 0.09168693769546563
C15 319.994 45.82337951660156
C15 324.969 50.73432540893555
C15 349.982 64.63760375976562
C15 374.975 67.91232299804688
C15 400.019 80.40962982177734
C15 424.965 85.0408935546875
C15 450.035 89.0042495727539
C15 475.003 93.1700439453125
C15 500.018 94.76866912841797
C15 525.002 97.15193176269531
C15 550.029 98.89703369140625
C15 575.023 98.32313537597656
C15 599.982 99.4775390625
C15 619.997 98.56076049804688
C15 624.979 98.77471923828125
C15 650.012 98.55825805664062
C15 675.004 97.75528717041016
C15 700.03 96.88229370117188
C15 725.012 96.66798400878906
C15 750.022 96.92581939697266
C15 774.987 96.92424774169922
C15 799.976 96.11619567871094
C15 824.988 94.19962310791016
C15 850.022 92.0624008178711
C15 869.967 88.86632537841797
C15 875.002 88.18907928466797
C15 899.999 80.6786117553711
C15 919.999 72.00553894042969
C15 925.012 69.24858856201172
C15 949.965 57.12651062011719
C15 975.002 42.65391159057617
C15 999.976 25.806140899658203
C15 1025.028 10.986966133117676
C15 1050.014 3.8977010250091553
C15 1075.002 0.9234075121555784
C15 1099.99 0.09161964503902872
C16 319.994 46.28756332397461
C16 324.969 51.24968719482422
C16 349.982 65.29975128173828
C16 374.975 68.52178192138672
C16 400.019 80.8824234008789
C16 424.965 85.42063903808594
C16 450.035 89.34015655517578
C16 475.003 93.472412109375
C16 500.018 95.04664611816406
C16 525.002 97.4192886352539
C16 550.029 99.15645599365234
C16 575.023 98.57096862792969
C16 599.982 99.72169494628906
C16 619.997 98.79792785644531
C16 624.979 99.01123809814453
C16 650.012 98.78573608398438
C16 675.004 97.977783203125
C16 700.03 97.10292053222656
C16 725.012 96.883544921875
C16 750.022 97.13176727294922
C16 774.987 97.11931610107422
C16 799.976 96.29756164550781
C16 824.988 94.3783187866211
C16 850.022 92.2225341796875
C16 869.967 89.01936340332031
C16 875.002 88.34054565429688
C16 899.999 80.8848648071289
C16 919.999 72.0725326538086
C16 925.012 69.30611419677734
C16 949.965 57.26200866699219
C16 975.002 42.77172088623047
C16 999.976 25.87151527404785
C16 1025.028 10.992180824279785
C16 1050.014 3.9109296798706055
C16 1075.002 0.9253695676603548
C16 1099.99 0.09181431838370929
C17 319.994 46.65489959716797
C17 324.969 51.66344451904297
C17 349.982 65.82078552246094
C17 374.975 68.9741439819336
C17 400.019 81.1651840209961
C17 424.965 85.60049438476562
C17 450.035 89.4684829711914
C17 475.003 93.57782745361328
C17 500.018 95.13292694091797
C17 525.002 97.48828125
C17 550.029 99.21534729003906
C17 575.023 98.62374114990234
C17 599.982 99.76386260986328
C17 619.997 98.83628845214844
C17 624.979 99.04790496826172
C17 650.012 98.82404327392578
C17 675.004 98.00733947753906
C17 700.03 97.12200927734375
C17 725.012 96.86119842529297
C17 750.022 97.0671157836914
C17 774.987 96.99806213378906
C17 799.976 96.15444946289062
C17 824.988 94.24298095703125
C17 850.022 92.07372283935547
C17 869.967 88.90446472167969
C17 875.002 88.22313690185547
C17 899.999 80.88065338134766
C17 919.999 72.10366821289062
C17 925.012 69.31343078613281
C17 949.965 57.24229049682617
C17 975.002 42.764556884765625
C17 999.976 25.962400436401367
C17 1025.028 11.072883605957031
C17 1050.014 3.9452011585235596
C17 1075.002 0.9247536370323047
C17 1099.99 0.091753206312638
