lsstCam/transmission_filter_detector/r41_s12/z_20/19700101T000000.ecsv
# %ECSV 1.0
# ---
# datatype:
# - {name: wavelength, unit: nm, datatype: float32}
# - {name: efficiency, unit: '%', datatype: float64}
# meta: !!omap
# - {MODE: DETECTOR}
# - {TYPE: transmission_filter_detector}
# - {CALIBDATE: '1970-01-01T00:00:00'}
# - {INSTRUME: LSSTCam}
# - {OBSTYPE: transmission_filter_detector}
# - {CALIBCLS: lsst.ip.isr.IntermediateFilterDetectorTransmissionCurve}
# - {SOURCE: Materion (DM-46256)}
# - {DETECTOR: 167}
# - {FILTER: z_20}
# - {CALIB_ID: 'calibDate=1970-01-01T00:00:00 filter=z_20 detector=167'}
# - {DATE: '2025-04-02T15:59:49.415712'}
# - {CALIB_CREATION_DATE: '2025-04-02'}
# - {CALIB_CREATION_TIME: '15:59:49'}
# - __serialized_columns__:
#     efficiency:
#       __class__: astropy.units.quantity.Quantity
#       unit: !astropy.units.Unit {unit: '%'}
#       value: !astropy.table.SerializedColumn {name: efficiency}
#     wavelength:
#       __class__: astropy.units.quantity.Quantity
#       unit: !astropy.units.Unit {unit: nm}
#       value: !astropy.table.SerializedColumn {name: wavelength}
# schema: astropy-2.0
wavelength efficiency
[from data line 597]
897.0 98.96524548530579
898.0 98.93825650215149
899.0 98.4953761100769
900.0 98.7097978591919
901.0 99.22528266906738
902.0 98.89774322509766
903.0 98.76371622085571
904.0 97.74884581565857
905.0 98.27845096588135
906.0 97.7035641670227
907.0 98.58359694480896
908.0 98.09006452560425
909.0 98.22723865509033
910.0 97.75837063789368
911.0 97.01870083808899
912.0 95.53216099739075
913.0 94.67021226882935
914.0 92.44345426559448
915.0 89.84914422035217
916.0 87.69316673278809
917.0 86.22009754180908
918.0 82.57898092269897
919.0 81.74542784690857
920.0 78.43950390815735
921.0 74.34216141700745
922.0 69.6114182472229
923.0 63.750576972961426
924.0 58.31606388092041
925.0 52.820342779159546
926.0 46.49590253829956
927.0 39.395734667778015
928.0 33.42469930648804
929.0 27.219420671463013
930.0 21.58817946910858
931.0 16.425493359565735
932.0 11.399101465940475
933.0 7.40337148308754
934.0 4.610984027385712
935.0 2.7310745790600777
936.0 1.5861112624406815
937.0 1.0978614911437035
938.0 0.6269214674830437
939.0 0.2533444669097662
940.0 0.18123401096090674
941.0 0.10444630170240998
942.0 0.1174232573248446
943.0 0.0330012699123472
944.0 0.035045339609496295
945.0 0.023783132201060653
946.0 0.0410262931836769
947.0 1.6572204762990705e-10
948.0 1.6572204762990705e-10
949.0 1.6572204762990705e-10
950.0 0.028581710648722947
951.0 0.09648855775594711
952.0 0.11538767721503973
953.0 0.028476264560595155
954.0 0.0684986065607518
955.0 1.6572204762990705e-10
956.0 1.6572204762990705e-10
957.0 1.6572204762990705e-10
958.0 0.05691258702427149
959.0 1.6572204762990705e-10
960.0 0.013891560956835747
961.0 0.012371510092634708
962.0 1.6572204762990705e-10
963.0 1.6572204762990705e-10
964.0 0.05039297975599766
965.0 1.6572204762990705e-10
966.0 1.6572204762990705e-10
967.0 0.011110143532278016
968.0 1.6572204762990705e-10
969.0 0.03394589584786445
970.0 1.6572204762990705e-10
971.0 1.6572204762990705e-10
972.0 1.6572204762990705e-10
973.0 1.6572204762990705e-10
974.0 1.6572204762990705e-10
975.0 1.6572204762990705e-10
976.0 0.005779401180916466
977.0 0.005718019383493811
978.0 0.005656637586071156
979.0 0.005422109097708017
980.0 0.005187580245546997
981.0 0.005210093877394684
982.0 0.00523260714544449
983.0 0.00506608012074139
984.0 0.004899552732240409
985.0 0.0048907641030382365
986.0 0.004881975837633945
987.0 0.004827057273359969
988.0 0.004772139436681755
989.0 0.004633920616470277
990.0 0.0044957017962588
991.0 0.004422083293320611
992.0 0.004348464426584542
993.0 0.004374124182504602
994.0 0.004399783938424662
995.0 0.004320303924032487
996.0 0.004240823909640312
997.0 0.004272792648407631
998.0 0.004304761023377068
999.0 0.004252918733982369
1000.0 0.00420107644458767
1001.0 0.0040819028072291985
1002.0 0.003962729169870727
1003.0 0.003925712007912807
1004.0 0.0038886952097527683
1005.0 0.0038446756661869586
1006.0 0.003800656122621149
1007.0 0.0038872251025168225
1008.0 0.0039737937186146155
1009.0 0.004029667979921214
1010.0 0.004085542241227813
1011.0 0.00407827683375217
1012.0 0.004071010698680766
1013.0 0.004044511297252029
1014.0 0.0040180118958232924
1015.0 0.003951325561502017
1016.0 0.0038846395909786224
1017.0 0.003907782593159936
1018.0 0.00393092559534125
1019.0 0.003913675027433783
1020.0 0.0038964244595263153
1021.0 0.003956440559704788
1022.0 0.0040164570236811414
1023.0 0.004055175304529257
1024.0 0.004093894312973134
1025.0 0.00407841507694684
1026.0 0.004062936204718426
1027.0 0.004208710015518591
1028.0 0.004354483826318756
1029.0 0.004338785583968274
1030.0 0.004323086977819912
1031.0 0.004284884198568761
1032.0 0.00424668105551973
1033.0 0.004389030073070899
1034.0 0.004531378726824187
1035.0 0.004536512278718874
1036.0 0.004541645830613561
1037.0 0.004756694397656247
1038.0 0.004971743328496814
1039.0 0.005058604074292816
1040.0 0.005145465183886699
1041.0 0.005207976573728956
1042.0 0.005270488327369094
1043.0 0.005262699778540991
1044.0 0.005254911593510769
1045.0 0.005288139800541103
1046.0 0.0053213680075714365
1047.0 0.0054721615015296265
1048.0 0.005622954995487817
1049.0 0.0057858436775859445
1050.0 0.0059487323596840724
1051.0 0.00579690677113831
1052.0 0.0056450822739861906
1053.0 0.005867408981430344
1054.0 0.006089734597480856
1055.0 0.006162076897453517
1056.0 0.0062344181060325354
1057.0 0.006501661846414208
1058.0 0.006768906314391643
1059.0 0.0073585426434874535
1060.0 0.007948179700179026
1061.0 0.007850342808524147
1062.0 0.007752508099656552
1063.0 0.008172701927833259
1064.0 0.008592895028414205
1065.0 0.008452457404928282
1066.0 0.008312021236633882
1067.0 0.00855497710290365
1068.0 0.00879793442436494
1069.0 0.009387695172335953
1070.0 0.00997745810309425
1071.0 0.009901405428536236
1072.0 0.009825353481573984
1073.0 0.010250172636006027
1074.0 0.010674993973225355
1075.0 0.010738684795796871
1076.0 0.01080237707355991
1077.0 0.010715976532083005
1078.0 0.010629578900989145
1079.0 0.011683008779073134
1080.0 0.012736440112348646
1081.0 0.01252867077710107
1082.0 0.012320901441853493
1083.0 0.012646257528103888
1084.0 0.012971616524737328
1085.0 0.013365785707719624
1086.0 0.01375995489070192
1087.0 0.013747662887908518
1088.0 0.01373537234030664
1089.0 0.01434699515812099
1090.0 0.014958619431126863
1091.0 0.015422685828525573
1092.0 0.01588675077073276
1093.0 0.014850692241452634
1094.0 0.013814633712172508
1095.0 0.016023131320253015
1096.0 0.01823162892833352
1097.0 0.018494225514587015
1098.0 0.01875682210084051
1099.0 0.019508632249198854
1100.0 0.02026043803198263
1101.0 0.021487475896719843
1102.0 0.02271451521664858
1103.0 0.02245083887828514
1104.0 0.0221871625399217
1105.0 0.023139965196605772
1106.0 0.024092767853289843
1107.0 0.02440663520246744
1108.0 0.02472050255164504
1109.0 0.026645150501281023
1110.0 0.028569798450917006
1111.0 0.027807665173895657
1112.0 0.02704553189687431
1113.0 0.027133579715155065
1114.0 0.02722162753343582
1115.0 0.028252540505491197
1116.0 0.029283453477546573
1117.0 0.031416097772307694
1118.0 0.033548742067068815
1119.0 0.03405754687264562
1120.0 0.03456634876783937
1121.0 0.036940601421520114
1122.0 0.039314854075200856
1123.0 0.03829222696367651
1124.0 0.037269602762535214
1125.0 0.04001239431090653
1126.0 0.04275517712812871
1127.0 0.04244812880642712
1128.0 0.042141086305491626
1129.0 0.044569329475052655
1130.0 0.04699757264461368
1131.0 0.05114931263960898
1132.0 0.05530104972422123
1133.0 0.057120335986837745
1134.0 0.05893962224945426
1135.0 0.06451763329096138
1136.0 0.0700956501532346
1137.0 0.07447638781741261
1138.0 0.07885711966082454
1139.0 0.09521557949483395
1140.0 0.11157403932884336
1141.0 0.16935901949182153
1142.0 0.22714398801326752
1143.0 0.46003316529095173
1144.0 0.6929224357008934
1145.0 1.0710334405303001
1146.0 1.4491445384919643
1147.0 1.5809062868356705
1148.0 1.7126677557826042
1149.0 2.213589660823345
1150.0 2.7145108208060265
