lsstCam/transmission_filter_detector/r41_s12/z_20/19700101T000000.ecsv
# %ECSV 1.0
# ---
# datatype:
# - {name: wavelength, unit: nm, datatype: float32}
# - {name: efficiency, unit: '%', datatype: float64}
# meta: !!omap
# - {MODE: DETECTOR}
# - {TYPE: transmission_filter_detector}
# - {CALIBDATE: '1970-01-01T00:00:00'}
# - {INSTRUME: LSSTCam}
# - {OBSTYPE: transmission_filter_detector}
# - {CALIBCLS: lsst.ip.isr.IntermediateFilterDetectorTransmissionCurve}
# - {SOURCE: Materion (DM-46256)}
# - {DETECTOR: 167}
# - {FILTER: z_20}
# - {CALIB_ID: 'calibDate=1970-01-01T00:00:00 filter=z_20 detector=167'}
# - {DATE: '2025-04-02T15:59:49.415712'}
# - {CALIB_CREATION_DATE: '2025-04-02'}
# - {CALIB_CREATION_TIME: '15:59:49'}
# - __serialized_columns__:
#     efficiency:
#       __class__: astropy.units.quantity.Quantity
#       unit: !astropy.units.Unit {unit: '%'}
#       value: !astropy.table.SerializedColumn {name: efficiency}
#     wavelength:
#       __class__: astropy.units.quantity.Quantity
#       unit: !astropy.units.Unit {unit: nm}
#       value: !astropy.table.SerializedColumn {name: wavelength}
# schema: astropy-2.0
wavelength efficiency
300.0 0.3625358687713742
301.0 0.3258362179622054
302.0 0.28913654386997223
303.0 0.23971190676093102
304.0 0.19028725801035762
305.0 0.18478324636816978
306.0 0.17927923472598195
307.0 0.16172253526747227
308.0 0.14416581252589822
309.0 0.12805138248950243
310.0 0.11193695245310664
311.0 0.10640360414981842
312.0 0.10087024420499802
313.0 0.09240984218195081
314.0 0.08394945762120187
315.0 0.07491241558454931
316.0 0.06587537354789674
317.0 0.06738655501976609
318.0 0.06889772485010326
319.0 0.06267923745326698
320.0 0.0564607500564307
321.0 0.05476083606481552
322.0 0.053060922073200345
323.0 0.04797728033736348
324.0 0.042893641511909664
325.0 0.041367512312717736
326.0 0.03984138020314276
327.0 0.03979137691203505
328.0 0.03974137071054429
329.0 0.039104768075048923
330.0 0.03846815961878747
331.0 0.035767306690104306
332.0 0.0330664508510381
333.0 0.03045790654141456
334.0 0.02784936223179102
335.0 0.02616890997160226
336.0 0.024488457711413503
337.0 0.021928976639173925
338.0 0.019369494111742824
339.0 0.01823832280933857
340.0 0.017107150051742792
341.0 0.016498772311024368
342.0 0.01589039748068899
343.0 0.016934904851950705
344.0 0.01797941222321242
345.0 0.015899358550086617
346.0 0.013819303421769291
347.0 0.013163400581106544
348.0 0.012507499195635319
349.0 0.012611022975761443
350.0 0.012714549666270614
351.0 0.011951997294090688
352.0 0.011189444194315001
353.0 0.011032543261535466
354.0 0.010875639418372884
355.0 0.010614890925353393
356.0 0.010354143887525424
357.0 0.010787325300043449
358.0 0.011220506712561473
359.0 0.009653059532865882
360.0 0.008085613080766052
361.0 0.008801035437500104
362.0 0.009516458521829918
363.0 0.009170891280518845
364.0 0.008825322584016249
365.0 0.008880996028892696
366.0 0.008936670201364905
367.0 0.00844476162455976
368.0 0.007952852320158854
369.0 0.008089245238807052
370.0 0.00822563742985949
371.0 0.008907461597118527
372.0 0.009589285764377564
373.0 0.008201322634704411
374.0 0.006813356594648212
375.0 0.006309782475000247
376.0 0.0058062083553522825
377.0 0.005920345211052336
378.0 0.006034482066752389
379.0 0.005882112600374967
380.0 0.005729743133997545
381.0 0.004490106221055612
382.0 0.0032504689443157986
383.0 0.004043574881507084
384.0 0.004836680818698369
385.0 0.005209651862969622
386.0 0.005582623271038756
387.0 0.0047800080210436136
388.0 0.003977392407250591
389.0 0.004003024150733836
390.0 0.004028655894217081
391.0 0.004219445327180438
392.0 0.004410235123941675
393.0 0.0040316379454452544
394.0 0.0036530404031509534
395.0 0.0036651566915679723
396.0 0.0036772729799849913
397.0 0.003582735007512383
398.0 0.0034881973988376558
399.0 0.004245119998813607
400.0 0.005002042598789558
401.0 0.004116390482522547
402.0 0.0032307383662555367
403.0 0.004088424611836672
404.0 0.004946111221215688
405.0 0.004816801447304897
406.0 0.004687491309596226
407.0 0.0041071347368415445
408.0 0.0035267778002889827
409.0 0.0032920812373049557
410.0 0.0030573846743209288
411.0 0.0034649896406335756
412.0 0.0038725946069462225
413.0 0.0040285631257575005
414.0 0.00418453237216454
415.0 0.003938002191716805
416.0 0.003691472375066951
417.0 0.0030665763915749267
418.0 0.0024416804080829024
419.0 0.0028550068236654624
420.0 0.0032683332392480224
421.0 0.0034028711525024846
422.0 0.0035374094295548275
423.0 0.003268673026468605
424.0 0.002999936077685561
425.0 0.003213009040337056
426.0 0.0034260814572917297
427.0 0.002557721199991647
428.0 0.001689361124590505
429.0 0.0014214445400284603
430.0 0.0011535284102137666
431.0 0.0013842183761880733
432.0 0.0016149086150107905
433.0 0.0019067027096753009
434.0 0.0021984969862387516
435.0 0.0025939692932297476
436.0 0.002989441782119684
437.0 0.00238912853092188
438.0 0.0017888154616230167
439.0 0.001955412699317094
440.0 0.0021220097551122308
441.0 0.001974093356693629
442.0 0.0018261769582750276
443.0 0.001673706719884649
444.0 0.0015212364814942703
445.0 0.0018576849470264278
446.0 0.0021941330487607047
447.0 0.0025133647795883007
448.0 0.0028325965104158968
449.0 0.0022608031940762885
450.0 0.0016890095139387995
451.0 0.0017388081687386148
452.0 0.0017886066416394897
453.0 0.0023513242922490463
454.0 0.002914041579060722
455.0 0.002488372047082521
456.0 0.0020627023332053795
457.0 0.0018206432287115604
458.0 0.0015785841242177412
459.0 0.0016471080016344786
460.0 0.0017156320609501563
461.0 0.0014570737221220043
462.0 0.0011985153832938522
463.0 0.0011021286809409503
464.0 0.0010057419785880484
465.0 0.0013007169400225393
466.0 0.00159569171955809
467.0 0.0014149757589621004
468.0 0.0012342596164671704
469.0 0.0010307307093171403
470.0 0.00082720171121764
471.0 0.0010462234968144912
472.0 0.0012652453733608127
473.0 0.0013382021279539913
474.0 0.00141115897349664
475.0 0.0015012972653494217
476.0 0.0015914356481516734
477.0 0.0014675135389552452
478.0 0.001343591429758817
479.0 0.0012630363016796764
480.0 0.0011824814464489464
481.0 0.0009009247150970623
482.0 0.0006193681656441186
483.0 0.0007441350589942886
484.0 0.0008689017704455182
485.0 0.0011860340237035416
486.0 0.0015031663679110352
487.0 0.0013148073776392266
488.0 0.0011264482964179479
489.0 0.0013163325093046296
490.0 0.0015062166312418412
491.0 0.0011585310858208686
492.0 0.0008108456313493662
493.0 0.0012010405953333247
494.0 0.0015912355593172833
495.0 0.001170426548924297
496.0 0.0007496178113797214
497.0 0.000839262611407321
498.0 0.0009289075023843907
499.0 0.0012730498383461963
500.0 0.001617192174308002
501.0 0.0015598441677866504
502.0 0.0015024958884168882
503.0 0.0011910351531696506
504.0 0.0008795745088718832
505.0 0.0014023999938217457
506.0 0.0019252254787716083
507.0 0.0019554827304091305
508.0 0.001985739618248772
509.0 0.0017153910448541865
510.0 0.001445042471459601
511.0 0.0014128038856142666
512.0 0.0013805650269205216
513.0 0.0013656263035954908
514.0 0.0013506874893209897
515.0 0.0012049703400407452
516.0 0.0010592534636089113
517.0 0.0011077748240495566
518.0 0.001156296184490202
519.0 0.0015376694136648439
520.0 0.001919042733788956
521.0 0.0019144912585034035
522.0 0.0019099396013189107
523.0 0.001535712362965569
524.0 0.0011614849427132867
525.0 0.0007710824320383836
526.0 0.00038067980767664267
527.0 0.0008172037269105203
528.0 0.0012537277143565007
529.0 0.001296164009545464
530.0 0.0013386003047344275
531.0 0.001333204454567749
532.0 0.0013278086953505408
533.0 0.0011656355127342977
534.0 0.0010034623301180545
535.0 0.0014211374946171418
536.0 0.0018388129319646396
537.0 0.0017045240383595228
538.0 0.001570235144754406
539.0 0.0013320513971848413
540.0 0.0010938675586658064
541.0 0.0010045659109891858
542.0 0.000915264172363095
543.0 0.0007324304533540271
544.0 0.0005495966888702242
545.0 0.00098591572168516
546.0 0.0014222346180758905
547.0 0.0018313769032829441
548.0 0.002240519279439468
549.0 0.0019056509700021707
550.0 0.001570782478665933
551.0 0.0015296694982680492
552.0 0.001488556335971225
553.0 0.001657567554502748
554.0 0.0018265787730342709
555.0 0.001612769665371161
556.0 0.0013989606486575212
557.0 0.001222354967467254
558.0 0.0010457491043780465
559.0 0.0012634833183255978
560.0 0.0014812176232226193
561.0 0.0012170312402304262
562.0 0.0009528448572382331
563.0 0.0011616140909609385
564.0 0.001370383415633114
565.0 0.0015262719898601063
566.0 0.0016821606550365686
567.0 0.0021391895643319003
568.0 0.0025962182917282917
569.0 0.002663813575054519
570.0 0.0027314086764818057
571.0 0.002678989949345123
572.0 0.0026265710403095
573.0 0.0025563529561623
574.0 0.0024861350539140403
575.0 0.0021222240320639685
576.0 0.0017583130102138966
577.0 0.001968210199265741
578.0 0.002178106842620764
579.0 0.0019700379198184237
580.0 0.0017619689970160834
581.0 0.0016209814930334687
582.0 0.0014799943528487347
583.0 0.0015167370293056592
584.0 0.0015534797057625838
585.0 0.0016711985153960995
586.0 0.0017889169612317346
587.0 0.001960859663086012
588.0 0.002132802183041349
589.0 0.002246359144919552
590.0 0.0023599161067977548
591.0 0.00214729461731622
592.0 0.0019346729459357448
593.0 0.0017914009731612168
594.0 0.0016481290003866889
595.0 0.0011778609405155294
596.0 0.0007075928806443699
597.0 0.0008063400855462532
598.0 0.0009050873813976068
599.0 0.0009578545359545387
600.0 0.001010621872410411
601.0 0.0009610565030016005
602.0 0.0009114912245422602
603.0 0.0011032706424884964
604.0 0.0012950498785357922
605.0 0.0009529886483505834
606.0 0.0006109274636401096
607.0 0.0008384602551814169
608.0 0.0010659929102985188
609.0 0.0009608554137230385
610.0 0.0008557179171475582
611.0 0.0009465995390200987
612.0 0.0010374810699431691
613.0 0.0007608186933794059
614.0 0.00048415636229037773
615.0 0.0009573301213094965
616.0 0.0014305040167528205
617.0 0.001467880701966351
618.0 0.0015052575690788217
619.0 0.001595739922777284
620.0 0.0016862224583746865
621.0 0.0014808017112954985
622.0 0.0012753809642163105
623.0 0.0013036687050771434
624.0 0.0013319566278369166
625.0 0.0015484312825719826
626.0 0.0017649057554081082
627.0 0.0019247065210947767
628.0 0.002084507104882505
629.0 0.0021435906091937795
630.0 0.002202673931606114
631.0 0.002143729761883151
632.0 0.0020847855921601877
633.0 0.0026918529329122975
634.0 0.003298920637462288
635.0 0.006081345782149583
636.0 0.008863770926836878
637.0 0.015938797150738537
638.0 0.02301382482983172
639.0 0.01997811923502013
640.0 0.016942413640208542
641.0 0.014820626529399306
642.0 0.012698839418590069
643.0 0.009211021097144112
644.0 0.005723203867091797
645.0 0.005851886453456245
646.0 0.005980569403618574
647.0 0.005764245361206122
648.0 0.00554792168259155
649.0 0.004354170960141346
650.0 0.0031604202376911417
651.0 0.003166810711263679
652.0 0.0031732011848362163
653.0 0.002819539986376185
654.0 0.0024658791517140344
655.0 0.002148443309124559
656.0 0.0018310078303329647
657.0 0.001956650157808326
658.0 0.0020822923033847474
659.0 0.002227845288871322
660.0 0.002373398092458956
661.0 0.0021940739316050895
662.0 0.0020147501345491037
663.0 0.0018870017811423168
664.0 0.0017592532458365895
665.0 0.0017333790310658514
666.0 0.0017075049981940538
667.0 0.001670556957833469
668.0 0.0016336092812707648
669.0 0.001457116195524577
670.0 0.0012806231097783893
671.0 0.0012975399840797763
672.0 0.0013144568583811633
673.0 0.0013018959180044476
674.0 0.0012893351595266722
675.0 0.0012124488421250135
676.0 0.0011355624337738845
677.0 0.001290521595365135
678.0 0.001445480575057445
679.0 0.0016923839211813174
680.0 0.00193928735825466
681.0 0.0020826833861065097
682.0 0.002226079232059419
683.0 0.00249345521297073
684.0 0.00276083083008416
685.0 0.0028894839488202706
686.0 0.0030181367037585005
687.0 0.0027363439585315064
688.0 0.0024545513952034526
689.0 0.0021798221496283077
690.0 0.0019050930859521031
691.0 0.002294080695719458
692.0 0.0026830684873857535
693.0 0.0030122828320600092
694.0 0.0033414973586332053
695.0 0.0034926724765682593
696.0 0.0036438475945033133
697.0 0.0036107358027948067
698.0 0.0035776243748841807
699.0 0.005065374352852814
700.0 0.006553123239427805
701.0 0.006543750350829214
702.0 0.0065343752794433385
703.0 0.005895591675653122
704.0 0.0052568077080650255
705.0 0.004504741809796542
706.0 0.003752675183932297
707.0 0.0033962118322961032
708.0 0.003039747753064148
709.0 0.003703959009726532
710.0 0.004368169902591035
711.0 0.0038142061384860426
712.0 0.0032602420105831698
713.0 0.0024221662897616625
714.0 0.0015840907508390956
715.0 0.001954170329554472
716.0 0.0023242502720677294
717.0 0.002343403684790246
718.0 0.0023625569156138226
719.0 0.002256752850371413
720.0 0.0021509489670279436
721.0 0.002073493305942975
722.0 0.0019960376448580064
723.0 0.0020270144887035713
724.0 0.002057991332549136
725.0 0.0020434132238733582
726.0 0.0020288351151975803
727.0 0.001941495793289505
728.0 0.0018541564713814296
729.0 0.0017625003238208592
730.0 0.0016708439943613485
731.0 0.0017456761270295829
732.0 0.001820508077798877
733.0 0.0018121485481970012
734.0 0.0018037888366961852
735.0 0.001310918560193386
736.0 0.0008180481927411165
737.0 0.0010516620022826828
738.0 0.001285275811824249
739.0 0.0013576687706517987
740.0 0.001430061547580408
741.0 0.0012970410352863837
742.0 0.0011640203410934191
743.0 0.001396549487253651
744.0 0.0016290785424644127
745.0 0.001961561974894721
746.0 0.002294045225426089
747.0 0.0024679158741491847
748.0 0.0026417867047712207
749.0 0.003275956623838283
750.0 0.0039101265429053456
751.0 0.003831953290500678
752.0 0.003753780765691772
753.0 0.003391771679162048
754.0 0.003029762774531264
755.0 0.002992359804920852
756.0 0.0029549566534115
757.0 0.0027886957468581386
758.0 0.0026224346584058367
759.0 0.003050288069061935
760.0 0.003478141297819093
761.0 0.004833623097511008
762.0 0.00618910271441564
763.0 0.005964769661659375
764.0 0.005740435517509468
765.0 0.005022484401706606
766.0 0.004304532558307983
767.0 0.004264573726686649
768.0 0.004224614895065315
769.0 0.0045985449105501175
770.0 0.00497247492603492
771.0 0.00449296785518527
772.0 0.004013460784335621
773.0 0.004019053085357882
774.0 0.004024645022582263
775.0 0.025078209000639617
776.0 1.6572204762990705e-10
777.0 1.6572204762990705e-10
778.0 1.6572204762990705e-10
779.0 0.033977304701693356
780.0 0.03417824627831578
781.0 1.6572204762990705e-10
782.0 0.07949744467623532
783.0 1.6572204762990705e-10
784.0 1.6572204762990705e-10
785.0 1.6572204762990705e-10
786.0 1.6572204762990705e-10
787.0 0.09095906862057745
788.0 1.6572204762990705e-10
789.0 0.0006533618488901993
790.0 0.06172449211589992
791.0 0.02163748868042603
792.0 0.014841590018477291
793.0 0.07449400727637112
794.0 1.6572204762990705e-10
795.0 0.031372360535897315
796.0 0.042029155883938074
797.0 0.10607417207211256
798.0 0.18375457730144262
799.0 0.06440631696023047
800.0 0.36820739042013884
801.0 0.6213989574462175
802.0 0.9823317639529705
803.0 1.6844283789396286
804.0 2.672930061817169
805.0 3.966100886464119
806.0 5.681367591023445
807.0 8.028791844844818
808.0 10.608474165201187
809.0 13.64605724811554
810.0 16.991962492465973
811.0 19.81939971446991
812.0 23.192226886749268
813.0 26.785093545913696
814.0 30.48240840435028
815.0 35.74188947677612
816.0 41.11965000629425
817.0 47.33709096908569
818.0 53.87753248214722
819.0 60.652679204940796
820.0 68.34537982940674
821.0 75.42667388916016
822.0 80.8423399925232
823.0 85.63129901885986
824.0 89.8348867893219
825.0 93.53006482124329
826.0 95.71403861045837
827.0 97.1701979637146
828.0 98.67305755615234
829.0 99.20346140861511
830.0 98.9539623260498
831.0 98.85780215263367
832.0 98.56674075126648
833.0 99.36134219169617
834.0 98.40652346611023
835.0 99.07340407371521
836.0 99.07306432723999
837.0 98.9673912525177
838.0 97.84675240516663
839.0 98.58782291412354
840.0 98.35202097892761
841.0 99.43945407867432
842.0 99.39002394676208
843.0 99.79981184005737
844.0 97.97030687332153
845.0 98.70744347572327
846.0 98.92662167549133
847.0 98.91588091850281
848.0 99.73759651184082
849.0 98.93994927406311
850.0 98.35888147354126
851.0 99.34529066085815
852.0 99.27891492843628
853.0 98.45314025878906
854.0 99.68650341033936
855.0 98.07722568511963
856.0 98.80058169364929
857.0 97.83849716186523
858.0 98.76149296760559
859.0 99.32547211647034
860.0 98.75538945198059
861.0 98.73090386390686
862.0 99.02350306510925
863.0 98.1521487236023
864.0 99.26611185073853
865.0 99.5267391204834
866.0 98.7252414226532
867.0 99.10870790481567
868.0 99.54748153686523
869.0 98.76990914344788
870.0 97.91877269744873
871.0 98.43670725822449
872.0 98.99381995201111
873.0 99.09676313400269
874.0 99.5729386806488
875.0 98.9592432975769
876.0 98.90355467796326
877.0 99.84905123710632
878.0 99.3364691734314
879.0 98.38794469833374
880.0 98.56078028678894
881.0 100.31154155731201
882.0 99.05754327774048
883.0 98.72931838035583
884.0 99.48068261146545
885.0 98.95898699760437
886.0 98.56489896774292
887.0 98.81936311721802
888.0 98.91852736473083
889.0 99.1738498210907
890.0 98.19238185882568
891.0 99.59337115287781
892.0 98.7591028213501
893.0 98.44516515731812
894.0 98.35566282272339
895.0 99.5104730129242
