lsstCam/transmission_filter_detector/r31_s12/r_57/19700101T000000.ecsv
# %ECSV 1.0
# ---
# datatype:
# - {name: wavelength, unit: nm, datatype: float32}
# - {name: efficiency, unit: '%', datatype: float64}
# meta: !!omap
# - {MODE: DETECTOR}
# - {TYPE: transmission_filter_detector}
# - {CALIBDATE: '1970-01-01T00:00:00'}
# - {INSTRUME: LSSTCam}
# - {OBSTYPE: transmission_filter_detector}
# - {CALIBCLS: lsst.ip.isr.IntermediateFilterDetectorTransmissionCurve}
# - {SOURCE: Materion (DM-46256)}
# - {DETECTOR: 131}
# - {FILTER: r_57}
# - {CALIB_ID: 'calibDate=1970-01-01T00:00:00 filter=r_57 detector=131'}
# - {DATE: '2025-04-02T15:59:44.790151'}
# - {CALIB_CREATION_DATE: '2025-04-02'}
# - {CALIB_CREATION_TIME: '15:59:44'}
# - __serialized_columns__:
#     efficiency:
#       __class__: astropy.units.quantity.Quantity
#       unit: !astropy.units.Unit {unit: '%'}
#       value: !astropy.table.SerializedColumn {name: efficiency}
#     wavelength:
#       __class__: astropy.units.quantity.Quantity
#       unit: !astropy.units.Unit {unit: nm}
#       value: !astropy.table.SerializedColumn {name: wavelength}
# schema: astropy-2.0
wavelength efficiency
[from data line 603]
903.0 1.576913946643721e-10
904.0 2.7608598429651465e-05
905.0 0.00010948133422061801
906.0 0.0001294413436880859
907.0 0.00014940137589292135
908.0 0.00016557120261495584
909.0 0.00018174100659962278
910.0 6.577028557330777e-05
911.0 1.576913946643721e-10
912.0 7.809181852280744e-05
913.0 0.0002063840838673059
914.0 0.00015089543694557506
915.0 9.540676728647668e-05
916.0 9.070154760593141e-05
917.0 8.599631087236048e-05
918.0 0.00014615327472711215
919.0 0.00020631023289752193
920.0 0.000212612349059782
921.0 0.00021891446522204205
922.0 0.00019017435306523112
923.0 0.00016143425227710395
924.0 0.00019093679384241113
925.0 0.00022043932403903455
926.0 0.0001733585577312624
927.0 0.00012627779142349027
928.0 0.0001493313561695686
929.0 0.00017238488680959563
930.0 0.0001517955297458684
931.0 0.0001312061272074061
932.0 0.00010406976116428268
933.0 7.693338375247549e-05
934.0 2.1053772059076437e-05
935.0 1.576913946643721e-10
936.0 1.576913946643721e-10
937.0 2.8188986789245973e-05
938.0 3.998277406935813e-05
939.0 5.177652724341897e-05
940.0 0.00011190263649041299
941.0 0.0001720287059470138
942.0 0.0003444590902290656
943.0 0.0005168894404050661
944.0 0.0004729034571937518
945.0 0.0004289174285077024
946.0 0.0005764201432612026
947.0 0.0007239229034894379
948.0 0.00048712213356338907
949.0 0.0002503215455362806
950.0 0.00031669960662839003
951.0 0.00038307766772049945
952.0 0.0006034164925949881
953.0 0.000823755453893682
954.0 0.0009593892173143104
955.0 0.0010950232535833493
956.0 0.0011886409993167035
957.0 0.0012822587450500578
958.0 0.0015106248611118644
959.0 0.0017389909771736711
960.0 0.001889782834041398
961.0 0.0020405745090101846
962.0 0.0021559289962169714
963.0 0.0022712831196258776
964.0 0.002359855716349557
965.0 0.0024484283130732365
966.0 0.0024641123673063703
967.0 0.002479796421539504
968.0 0.0024610397304059006
969.0 0.002442283039272297
970.0 0.0024730154109420255
971.0 0.0025037476007128134
972.0 0.002600712832645513
973.0 0.002697678246477153
974.0 0.0028550786737469025
975.0 0.0030124794648145325
976.0 0.003003248457389418
977.0 0.002994017631863244
978.0 0.003026626836799551
979.0 0.0030592360417358577
980.0 0.0030853589123580605
981.0 0.003111482146778144
982.0 0.0030691375286551192
983.0 0.003026792546734214
984.0 0.0029264396289363503
985.0 0.002826086711138487
986.0 0.0027161107936990447
987.0 0.0026061348762596026
988.0 0.002586718437669333
989.0 0.002567302180978004
990.0 0.0025874331186059862
991.0 0.0026075640562339686
992.0 0.0025274917788919993
993.0 0.0024474196834489703
994.0 0.0024831253540469334
995.0 0.002518831388442777
996.0 0.002591243901406415
997.0 0.0026636564143700525
998.0 0.002832516656781081
999.0 0.0030013768991921097
1000.0 0.0030727333069080487
1001.0 0.0031440897146239877
1002.0 0.003344547440065071
1003.0 0.003545005529304035
1004.0 0.00364823717973195
1005.0 0.0037514684663619846
1006.0 0.003903792458004318
1007.0 0.004056117177242413
1008.0 0.004079250356880948
1009.0 0.004102383172721602
1010.0 0.004057505066157319
1011.0 0.004012627323390916
1012.0 0.00404071033699438
1013.0 0.0040687933505978435
1014.0 0.003880628719343804
1015.0 0.003692464088089764
1016.0 0.003299154559499584
1017.0 0.002905844485212583
1018.0 0.0026941499527310953
1019.0 0.0024824554202496074
1020.0 0.0023226892153616063
1021.0 0.002162922828574665
1022.0 0.001846347913669888
1023.0 0.0015297728168661706
1024.0 0.0013952239896752872
1025.0 0.0012606752534338739
1026.0 0.0011214511687285267
1027.0 0.0009822275387705304
1028.0 0.0009647350452723913
1029.0 0.0009472426427237224
1030.0 0.0009251617484551389
1031.0 0.0009030810360854957
1032.0 0.0008228797014453448
1033.0 0.0007426783668051939
1034.0 0.0006475816462625517
1035.0 0.0005524848347704392
1036.0 0.0005400022018875461
1037.0 0.0005275196144793881
1038.0 0.000743909549782984
1039.0 0.0009602994396118447
1040.0 0.0008082490239758044
1041.0 0.000656198517390294
1042.0 0.00066052607508027
1043.0 0.0006648536327702459
1044.0 0.0007188454219431151
1045.0 0.0007728372111159842
1046.0 0.0007075898338371189
1047.0 0.0006423424110835185
1048.0 0.0006551460046466673
1049.0 0.000667949598209816
1050.0 0.0008503669050696772
1051.0 0.0010327842574042734
1052.0 0.0010312413905921858
1053.0 0.0010296982509316877
1054.0 0.0010150864909519441
1055.0 0.0010004747309722006
1056.0 0.0009463956303079613
1057.0 0.0008923165296437219
1058.0 0.0011598442142712884
1059.0 0.0014273718079493847
1060.0 0.0013192927326599602
1061.0 0.0012112134754715953
1062.0 0.0011982391697529238
1063.0 0.0011852646821353119
1064.0 0.0013761757145402953
1065.0 0.0015670866559958085
1066.0 0.0018110033124685287
1067.0 0.0020549196051433682
1068.0 0.0021150784959900193
1069.0 0.0021752370230387896
1070.0 0.002283589856233448
1071.0 0.0023919428713270463
1072.0 0.0022189969968167134
1073.0 0.002046051486104261
1074.0 0.002126514846167993
1075.0 0.002206978024332784
1076.0 0.0024414599465671927
1077.0 0.0026759415050037205
1078.0 0.003018973620783072
1079.0 0.0033620053727645427
1080.0 0.003668692079372704
1081.0 0.003975378422182985
1082.0 0.004174547211732715
1083.0 0.004373716001282446
1084.0 0.00415297836298123
1085.0 0.003932240724680014
1086.0 0.00418493764300365
1087.0 0.004437633833731525
1088.0 0.0039076923712855205
1089.0 0.003377750181243755
1090.0 0.002711967499635648
1091.0 0.0020461846361286007
1092.0 0.00300548599625472
1093.0 0.0039647871744818985
1094.0 0.003531658512656577
1095.0 0.0030985298508312553
1096.0 0.0034137741749873385
1097.0 0.0037290184991434216
1098.0 0.0034144544770242646
1099.0 0.0030998908187029883
1100.0 0.0022374169930117205
1101.0 0.001374942894472042
