lsstCam/transmission_filter_detector/r31_s12/r_57/19700101T000000.ecsv
# %ECSV 1.0
# ---
# datatype:
# - {name: wavelength, unit: nm, datatype: float32}
# - {name: efficiency, unit: '%', datatype: float64}
# meta: !!omap
# - {MODE: DETECTOR}
# - {TYPE: transmission_filter_detector}
# - {CALIBDATE: '1970-01-01T00:00:00'}
# - {INSTRUME: LSSTCam}
# - {OBSTYPE: transmission_filter_detector}
# - {CALIBCLS: lsst.ip.isr.IntermediateFilterDetectorTransmissionCurve}
# - {SOURCE: Materion (DM-46256)}
# - {DETECTOR: 131}
# - {FILTER: r_57}
# - {CALIB_ID: 'calibDate=1970-01-01T00:00:00 filter=r_57 detector=131'}
# - {DATE: '2025-04-02T15:59:44.790151'}
# - {CALIB_CREATION_DATE: '2025-04-02'}
# - {CALIB_CREATION_TIME: '15:59:44'}
# - __serialized_columns__:
#     efficiency:
#       __class__: astropy.units.quantity.Quantity
#       unit: !astropy.units.Unit {unit: '%'}
#       value: !astropy.table.SerializedColumn {name: efficiency}
#     wavelength:
#       __class__: astropy.units.quantity.Quantity
#       unit: !astropy.units.Unit {unit: nm}
#       value: !astropy.table.SerializedColumn {name: wavelength}
# schema: astropy-2.0
wavelength efficiency
300.0 0.0016481195416417904
301.0 0.005389465150074102
302.0 0.009130812395596877
303.0 0.011770187120418996
304.0 0.014409564028028399
305.0 0.01285217294935137
306.0 0.011294779687887058
307.0 0.00953866183408536
308.0 0.00778254252509214
309.0 0.006869647768326104
310.0 0.005956751192570664
311.0 0.005594405956799164
312.0 0.005232059993431903
313.0 0.004860462649958208
314.0 0.004488864942686632
315.0 0.004247739343554713
316.0 0.004006614472018555
317.0 0.0038085887354100123
318.0 0.003610560452216305
319.0 0.0034325366868870333
320.0 0.0032545121939620003
321.0 0.003083495903410949
322.0 0.002912478521466255
323.0 0.002717196912271902
324.0 0.002521915484976489
325.0 0.0022933836589800194
326.0 0.00206485201488249
327.0 0.0021366497094277292
328.0 0.002208447222074028
329.0 0.002316657264600508
330.0 0.0024248671252280474
331.0 0.002265068542328663
332.0 0.002105269959429279
333.0 0.00192154311662307
334.0 0.001737816637614742
335.0 0.0015119674571906216
336.0 0.0012861184586654417
337.0 0.0011732642633432988
338.0 0.001060410158970626
339.0 0.0009374729415867478
340.0 0.0008145357242028695
341.0 0.0008081139640125912
342.0 0.0008016920219233725
343.0 0.0008486921615258325
344.0 0.0008956921192293521
345.0 0.0008925477231969126
346.0 0.0008894035090634134
347.0 0.0008250192877312656
348.0 0.0007606352028233232
349.0 0.000764759533922188
350.0 0.0025307524992967956
351.0 0.004727241685031913
352.0 0.006923729961272329
353.0 0.006332303746603429
354.0 0.005740878259530291
355.0 0.004663435538532212
356.0 0.003585992817534134
357.0 0.004380493919597939
358.0 0.005174996840651147
359.0 0.004421811900101602
360.0 0.0036686276871478185
361.0 0.0026543984859017655
362.0 0.001640169466554653
363.0 0.0020434805264812894
364.0 0.0024467919502058066
365.0 0.002210610364272725
366.0 0.001974428778339643
367.0 0.00238036154769361
368.0 0.0027862943170475774
369.0 0.003791158815147355
370.0 0.004796023131348193
371.0 0.004554427505354397
372.0 0.004312832243158482
373.0 0.0036293455195846036
374.0 0.002945858796010725
375.0 0.0021439891497720964
376.0 0.0013421193216345273
377.0 0.0018572129192762077
378.0 0.0023723066988168284
379.0 0.0022299858756014146
380.0 0.0020876650523860008
381.0 0.0022467002054327168
382.0 0.002405735540378373
383.0 0.003088338053203188
384.0 0.0037709400203311816
385.0 0.004233021172694862
386.0 0.004695102325058542
387.0 0.004524658288573846
388.0 0.00435421425208915
389.0 0.00333967873302754
390.0 0.0023251430320669897
391.0 0.001856898052210454
392.0 0.001388653527101269
393.0 0.0015220726709230803
394.0 0.0016554919056943618
395.0 0.0013553140888689086
396.0 0.0010551362720434554
397.0 0.0007641207957931329
398.0 0.0004731053650175454
399.0 0.0007566334261355223
400.0 0.0010401618055766448
401.0 0.0010840070899575949
402.0 0.001127852374338545
403.0 0.0009030005458043888
404.0 0.0006781488082197029
405.0 0.0009171475539915264
406.0 0.00115614639071282
407.0 0.0011497029845486395
408.0 0.001143259578384459
409.0 0.0011661226380965672
410.0 0.0011889856978086755
411.0 0.0012274924301891588
412.0 0.0012659993444685824
413.0 0.0017508886230643839
414.0 0.0022357779016601853
415.0 0.0019781167793553323
416.0 0.00172045602084836
417.0 0.0014597213521483354
418.0 0.0011989865924988408
419.0 0.0018637638277141377
420.0 0.0025285409719799645
421.0 0.003962471964769065
422.0 0.005396402775659226
423.0 0.008407283166889101
424.0 0.011418161739129573
425.0 0.015045260079205036
426.0 0.018672359874472022
427.0 0.01905298267956823
428.0 0.019433608395047486
429.0 0.015455506218131632
430.0 0.011477403313620016
431.0 0.007931901200208813
432.0 0.004386398722999729
433.0 0.003554176146280952
434.0 0.0027219537514611147
435.0 0.002167041202483233
436.0 0.0016121286535053514
437.0 0.00111970875877887
438.0 0.0006272890914260643
439.0 0.0007642712262168061
440.0 0.0009012532245833427
441.0 0.001093653372663539
442.0 0.0012860537935921457
443.0 0.0016120400687213987
444.0 0.001938026434800122
445.0 0.0016720880012144335
446.0 0.0014061500223760959
447.0 0.0013578727703134064
448.0 0.0013095954273012467
449.0 0.0013162389222998172
450.0 0.0013228821444499772
451.0 0.0013407152437139302
452.0 0.001358548161078943
453.0 0.0014524646758218296
454.0 0.0015463809177163057
455.0 0.0013291742106957827
456.0 0.0011119674127257895
457.0 0.0009630809472582769
458.0 0.0008141942998918239
459.0 0.0009673624845163431
460.0 0.0011205306691408623
461.0 0.0016372277968912385
462.0 0.0021539251974900253
463.0 0.0029479191653081216
464.0 0.0037419133150251582
465.0 0.004584138150676154
466.0 0.0054263622587313876
467.0 0.005995261017233133
468.0 0.006564159411936998
469.0 0.005693213097401895
470.0 0.00482226641906891
471.0 0.003593774454202503
472.0 0.0023652819436392747
473.0 0.001727215749269817
474.0 0.001089149373001419
475.0 0.0008572477781854104
476.0 0.0006253461378946668
477.0 0.0006920372015883913
478.0 0.0007587282652821159
479.0 0.0006697915523545817
480.0 0.0005808548849017825
481.0 0.0004890062427875819
482.0 0.00039715760067338124
483.0 0.00047076377995836083
484.0 0.0005443701411422808
485.0 0.000614992086411803
486.0 0.0006856140316813253
487.0 0.0005126847554492997
488.0 0.0003397554792172741
489.0 0.0006431516794691561
490.0 0.0009465477887715679
491.0 0.0008482586963509675
492.0 0.0007499696494051022
493.0 0.0008488554158248007
494.0 0.000947741045820294
495.0 0.000988945521385176
496.0 0.001030149906000588
497.0 0.0010207502782577649
498.0 0.0010113507414644118
499.0 0.0011106707461294718
500.0 0.001209990841744002
501.0 0.0013250574738776777
502.0 0.001440123924112413
503.0 0.0017698665033094585
504.0 0.002099608718708623
505.0 0.002472040432621725
506.0 0.0028444719646358863
507.0 0.0036423261917661875
508.0 0.0044401807826943696
509.0 0.004827521843253635
510.0 0.005214863631408662
511.0 0.004759324656333774
512.0 0.004303785681258887
513.0 0.003676961932796985
514.0 0.0030501380024361424
515.0 0.0028074558940716088
516.0 0.0025647739676060155
517.0 0.0026170691853621975
518.0 0.0026693644031183794
519.0 0.0021659538106177934
520.0 0.07805342902429402
521.0 0.07310988730750978
522.0 0.08563930750824511
523.0 0.1340368646197021
524.0 0.07402058108709753
525.0 0.1364251016639173
526.0 0.051054905634373426
527.0 0.08522234275005758
528.0 0.1257454976439476
529.0 0.10531480656936765
530.0 0.17927098087966442
531.0 0.18192121060565114
532.0 0.22785111796110868
533.0 0.22812967654317617
534.0 0.30908905901014805
535.0 0.36484214942902327
536.0 0.5692710168659687
537.0 0.7085378747433424
538.0 1.1220810003578663
539.0 1.7029710114002228
540.0 2.816346660256386
541.0 4.150069877505302
542.0 6.281983852386475
543.0 9.031065553426743
544.0 12.354851514101028
545.0 16.161158680915833
546.0 20.66805064678192
547.0 26.287344098091125
548.0 33.55708718299866
549.0 41.519758105278015
550.0 48.510584235191345
551.0 56.44305944442749
552.0 62.43889331817627
553.0 67.8913950920105
554.0 72.6138174533844
555.0 76.64010524749756
556.0 80.5179238319397
557.0 83.51927995681763
558.0 87.17074394226074
559.0 90.69748520851135
560.0 91.5428102016449
561.0 93.26919317245483
562.0 94.4723904132843
563.0 94.94216442108154
564.0 95.11218667030334
565.0 94.89085078239441
566.0 95.12187838554382
567.0 94.64290142059326
568.0 95.28327584266663
569.0 95.82213163375854
570.0 95.42930126190186
571.0 96.55047655105591
572.0 96.05382680892944
573.0 96.26180529594421
574.0 96.64555788040161
575.0 96.34869694709778
576.0 97.06254005432129
577.0 96.73945307731628
578.0 96.79561257362366
579.0 96.75553441047668
580.0 95.94111442565918
581.0 95.94558477401733
582.0 96.14219069480896
583.0 96.1128294467926
584.0 95.6419289112091
585.0 95.78552842140198
586.0 96.14928960800171
587.0 95.70620059967041
588.0 95.9437906742096
589.0 96.79608345031738
590.0 96.01930379867554
591.0 95.65561413764954
592.0 95.659738779068
593.0 95.4555332660675
594.0 95.60245871543884
595.0 95.8825409412384
596.0 96.58510088920593
597.0 96.56583666801453
598.0 95.89607119560242
599.0 96.34222388267517
600.0 96.31482362747192
601.0 95.69925665855408
602.0 95.9514319896698
603.0 95.72635293006897
604.0 96.06077075004578
605.0 96.21999263763428
606.0 96.04095816612244
607.0 95.74242234230042
608.0 95.86448669433594
609.0 95.31933069229126
610.0 95.77779769897461
611.0 95.46700119972229
612.0 95.73334455490112
613.0 96.3139533996582
614.0 96.48880958557129
615.0 96.04470133781433
616.0 96.04432582855225
617.0 96.16439938545227
618.0 95.9009051322937
619.0 96.61199450492859
620.0 95.71646451950073
621.0 95.40549516677856
622.0 96.02189660072327
623.0 96.05920314788818
624.0 95.88592648506165
625.0 96.22203707695007
626.0 95.78239321708679
627.0 94.68409419059753
628.0 96.58259153366089
629.0 95.00351548194885
630.0 95.82467079162598
631.0 95.64441442489624
632.0 96.35093808174133
633.0 96.0993766784668
634.0 95.47944068908691
635.0 95.79033255577087
636.0 95.54694294929504
637.0 95.31877040863037
638.0 95.17441987991333
639.0 95.04117369651794
640.0 95.15552520751953
641.0 94.93371248245239
642.0 95.74167728424072
643.0 95.54719924926758
644.0 95.56039571762085
645.0 95.6142783164978
646.0 95.57861089706421
647.0 96.38317227363586
648.0 96.01835608482361
649.0 95.15600204467773
650.0 95.90667486190796
651.0 96.1674153804779
652.0 96.46695256233215
653.0 95.70533037185669
654.0 96.11866474151611
655.0 96.25802636146545
656.0 95.33289670944214
657.0 95.383220911026
658.0 95.91102004051208
659.0 95.78152894973755
660.0 95.28668522834778
661.0 94.82524394989014
662.0 95.57304382324219
663.0 95.45344114303589
664.0 95.27930617332458
665.0 95.08788585662842
666.0 95.10618448257446
667.0 95.21167278289795
668.0 94.68013048171997
669.0 95.62927484512329
670.0 95.40796279907227
671.0 95.33942341804504
672.0 95.06208300590515
673.0 95.35908699035645
674.0 94.67284083366394
675.0 95.2410876750946
676.0 94.87176537513733
677.0 93.71887445449829
678.0 93.10656785964966
679.0 92.28166937828064
680.0 91.58305525779724
681.0 90.16221165657043
682.0 88.19373846054077
683.0 85.57077050209045
684.0 82.08978772163391
685.0 78.343266248703
686.0 75.06178021430969
687.0 69.9570894241333
688.0 65.64475297927856
689.0 61.023569107055664
690.0 55.718863010406494
691.0 51.68159008026123
692.0 46.84530198574066
693.0 42.58335828781128
694.0 37.7743661403656
695.0 32.68279433250427
696.0 27.669036388397217
697.0 22.495236992836
698.0 16.89317524433136
699.0 12.400420010089874
700.0 8.775722235441208
701.0 5.570359900593758
702.0 3.561614453792572
703.0 2.0748570561408997
704.0 1.194427628070116
705.0 0.7149068173021078
706.0 0.4724589176476002
707.0 0.30804232228547335
708.0 0.24081449955701828
709.0 0.18031462095677853
710.0 0.09411264327354729
711.0 0.04857317835558206
712.0 0.09583835490047932
713.0 0.06117425509728491
714.0 0.07845177897252142
715.0 0.0704062927979976
716.0 1.576913946643721e-10
717.0 0.06676926859654486
718.0 1.576913946643721e-10
719.0 1.576913946643721e-10
720.0 1.576913946643721e-10
721.0 0.004638362224795856
722.0 0.004406315929372795
723.0 0.004174269633949734
724.0 0.0038598118408117443
725.0 0.0035453540476737544
726.0 0.0033321339287795126
727.0 0.003118913809885271
728.0 0.0029724338673986495
729.0 0.002825953924912028
730.0 0.0026608502594172023
731.0 0.0024957464120234363
732.0 0.002388561006227974
733.0 0.0022813757823314518
734.0 0.002165410478482954
735.0 0.002049445356533397
736.0 0.0019597462596721016
737.0 0.0018700471628108062
738.0 0.0018075948901241645
739.0 0.0017451426174375229
740.0 0.0016886231605894864
741.0 0.0016321035218425095
742.0 0.0015334271665778942
743.0 0.0014347504475153983
744.0 0.0015250790966092609
745.0 0.0016154077457031235
746.0 0.0014736967386852484
747.0 0.0013319854588189628
748.0 0.0013445804142975248
749.0 0.0013571752788266167
750.0 0.0013156797649571672
751.0 0.001274184432986658
752.0 0.001229543431691127
753.0 0.0011849027032440063
754.0 0.0011858005564135965
755.0 0.0011866983186337166
756.0 0.0011258154700044543
757.0 0.001064932621375192
758.0 0.0010671727977751289
759.0 0.0010694131560740061
760.0 0.0010388035661890171
761.0 0.0010081939763040282
762.0 0.0009710540325613692
763.0 0.0009339143616671208
764.0 0.0009920397133100778
765.0 0.0010501649740035646
766.0 0.0009352135748486035
767.0 0.0008202620847441722
768.0 0.0008032991900108755
769.0 0.0007863361133786384
770.0 0.0007851383998058736
771.0 0.0007839406862331089
772.0 0.0008863878065312747
773.0 0.0009888347449305002
774.0 0.0010139616279047914
775.0 0.0010390886018285528
776.0 0.0010654867764969822
777.0 0.0010918855878117029
778.0 0.0008969695045379922
779.0 0.0007020538305368973
780.0 0.0007605546215927461
781.0 0.0008190555490728002
782.0 0.0008393733878619969
783.0 0.0008596914085501339
784.0 0.000843310135678621
785.0 0.0008269289537565783
786.0 0.000826495852379594
787.0 0.0008260626600531396
788.0 0.0006888336429256015
789.0 0.000551604443899123
790.0 0.0006144894541648682
791.0 0.0006773745099053485
792.0 0.000677702564644278
793.0 0.0006780305739084724
794.0 0.0007232723419292597
795.0 0.0007685142008995172
796.0 0.000690049728291342
797.0 0.000611585301157902
798.0 0.0006583700724149821
799.0 0.0007051550710457377
800.0 0.0007351995463977801
801.0 0.0007652438398508821
802.0 0.0007230143637571018
803.0 0.0006807849331380567
804.0 0.0006305733677436365
805.0 0.0005803618478239514
806.0 0.0006099696292949375
807.0 0.0006395772743417183
808.0 0.0006355105597322108
809.0 0.0006314437086984981
810.0 0.000719365061740973
811.0 0.0008072861419350374
812.0 0.0006751230102963746
813.0 0.0005429597877082415
814.0 0.0005494137440109625
815.0 0.0005558677003136836
816.0 0.0006837434284534538
817.0 0.0008116192475426942
818.0 0.0006487493465101579
819.0 0.00048587930905341636
820.0 0.0005955473625363084
821.0 0.0007052153250697302
822.0 0.0006877611667732708
823.0 0.0006703070539515465
824.0 0.0005690268608304905
825.0 0.0004677466677094344
826.0 0.00048707488531363197
827.0 0.0005064031029178295
828.0 0.0004931490366288926
829.0 0.00047989501581469085
830.0 0.00019082706330664223
831.0 1.576913946643721e-10
832.0 1.576913946643721e-10
833.0 1.576913946643721e-10
834.0 1.576913946643721e-10
835.0 1.9344797408393788e-05
836.0 4.4063580162401195e-05
837.0 6.878238991703256e-05
838.0 0.0006524795480800094
839.0 0.0012361768312985078
840.0 0.0015887502740952186
841.0 0.0019413237168919295
842.0 0.0022457614250015467
843.0 0.002550199133111164
844.0 0.0024948170903371647
845.0 0.0024394350475631654
846.0 0.0020362724171718583
847.0 0.0016331099686794914
848.0 0.0015422256183228455
849.0 0.0014513409951177891
850.0 0.0014530144653690513
851.0 0.0014546879356203135
852.0 0.0013755817235505674
853.0 0.0012964756933797617
854.0 0.0011074299436586443
855.0 0.000918384193937527
856.0 0.000763130265113432
857.0 0.0006078761998651316
858.0 0.0005019380296289455
859.0 0.0003959999048674945
860.0 0.00028276049306441564
861.0 0.00016952111536738812
862.0 0.00027707214940164704
863.0 0.0003846231720672222
864.0 0.0002939980731753167
865.0 0.0002033730424955138
866.0 0.00019385111045266967
867.0 0.00018432917840982554
868.0 9.443173212275724e-05
869.0 4.534270203748747e-06
870.0 8.109325904115394e-05
871.0 0.00015765227772135404
872.0 0.00013853435802957392
873.0 0.00011941647244384512
874.0 0.00014907961940480163
875.0 0.00017874275499707437
876.0 0.0001276155558116443
877.0 7.6488367994898e-05
878.0 7.964146675476513e-05
879.0 8.279459962068358e-05
880.0 5.8039825034938985e-05
881.0 3.3285076028732874e-05
882.0 0.00012664362429859466
883.0 0.0002200021754106274
884.0 0.00011271010862401454
885.0 5.4180198105768795e-06
886.0 8.390190942009212e-05
887.0 0.00016238578837146633
888.0 0.00016748001598898554
889.0 0.0001725742663438723
890.0 9.17939701139403e-05
891.0 1.1013688094863028e-05
892.0 8.510725280075349e-06
893.0 6.0077532282321044e-06
894.0 1.576913946643721e-10
895.0 1.576913946643721e-10
896.0 1.576913946643721e-10
897.0 3.7426013932417845e-05
898.0 8.546686558474903e-05
899.0 0.00013350769449971267
900.0 6.027157724020071e-05
901.0 1.576913946643721e-10
