lsstCam/transmission_filter_detector/r12_s20/y_10/19700101T000000.ecsv
# %ECSV 1.0
# ---
# datatype:
# - {name: wavelength, unit: nm, datatype: float32}
# - {name: efficiency, unit: '%', datatype: float64}
# meta: !!omap
# - {MODE: DETECTOR}
# - {TYPE: transmission_filter_detector}
# - {CALIBDATE: '1970-01-01T00:00:00'}
# - {INSTRUME: LSSTCam}
# - {OBSTYPE: transmission_filter_detector}
# - {CALIBCLS: lsst.ip.isr.IntermediateFilterDetectorTransmissionCurve}
# - {SOURCE: Materion (DM-46256)}
# - {DETECTOR: 51}
# - {FILTER: y_10}
# - {CALIB_ID: 'calibDate=1970-01-01T00:00:00 filter=y_10 detector=51'}
# - {DATE: '2025-04-02T15:59:50.978017'}
# - {CALIB_CREATION_DATE: '2025-04-02'}
# - {CALIB_CREATION_TIME: '15:59:50'}
# - __serialized_columns__:
#     efficiency:
#       __class__: astropy.units.quantity.Quantity
#       unit: !astropy.units.Unit {unit: '%'}
#       value: !astropy.table.SerializedColumn {name: efficiency}
#     wavelength:
#       __class__: astropy.units.quantity.Quantity
#       unit: !astropy.units.Unit {unit: nm}
#       value: !astropy.table.SerializedColumn {name: wavelength}
# schema: astropy-2.0
wavelength efficiency
300.0 0.5327866412699223
301.0 0.2842131070792675
302.0 0.03563956415746361
303.0 0.03419895947445184
304.0 0.03275836061220616
305.0 0.020263312035240233
306.0 0.007768258365103975
307.0 0.016573465836700052
308.0 0.025378671125508845
309.0 0.01669077610131353
310.0 0.008002878894330934
311.0 0.007677551184315234
312.0 0.007352222746703774
313.0 0.007963413372635841
314.0 0.008574603270972148
315.0 0.007214582001324743
316.0 0.005854563642060384
317.0 0.0058890418586088344
318.0 0.005923516800976358
319.0 0.002519841837056447
320.0 1.5721045342267925e-10
321.0 0.0019312325093778782
322.0 0.004746299600810744
323.0 0.0036190704122418538
324.0 0.0024918410417740233
325.0 0.000823336358735105
326.0 1.5721045342267925e-10
327.0 0.0006556122571055312
328.0 0.002156393020413816
329.0 0.0035675060644280165
330.0 0.004978619108442217
331.0 0.004214649015921168
332.0 0.003450678923400119
333.0 0.0026121788323507644
334.0 0.0017736780137056485
335.0 0.0020492316252784804
336.0 0.0023247854187502526
337.0 0.002871659853553865
338.0 0.0034185337426606566
339.0 0.0019803586837952025
340.0 0.0005421838523034239
341.0 1.5721045342267925e-10
342.0 1.5721045342267925e-10
343.0 1.5721045342267925e-10
344.0 0.0009397594112670049
345.0 0.0013117415619490203
346.0 0.0016837242583278567
347.0 0.001627654637559317
348.0 0.001571584834891837
349.0 0.0011660703421512153
350.0 0.0007605556220369181
351.0 0.001245972453034483
352.0 0.001731388874759432
353.0 0.0014035547792445868
354.0 0.0010757206837297417
355.0 0.001047065234160982
356.0 0.0010184097845922224
357.0 0.0007098410605976824
358.0 0.0004012721092294669
359.0 0.0006595591457880801
360.0 0.0009178461368719582
361.0 0.0012294432053749915
362.0 0.0015410400010296144
363.0 0.0012020681424473878
364.0 0.0008630958291178104
365.0 0.0012064043403370306
366.0 0.001549713488202542
367.0 0.0020431711163837463
368.0 0.00253662856266601
369.0 0.002127724656020291
370.0 0.0017188209312735125
371.0 0.0018233122318633832
372.0 0.0019278031686553732
373.0 0.0022308857296593487
374.0 0.0025339679268654436
375.0 0.0034357977710897103
376.0 0.004337627251516096
377.0 0.004179847019258887
378.0 0.004022067150799558
379.0 0.0034595734177855775
380.0 0.0028970798666705377
381.0 0.0018721617379924282
382.0 0.0008472434274153784
383.0 0.0009607804713596124
384.0 0.001074317242455436
385.0 0.0008774613888817839
386.0 0.0006806054898333969
387.0 0.0007079696842993144
388.0 0.000735333924239967
389.0 0.0005812548351968871
390.0 0.0004271759280527476
391.0 0.0004047545644425554
392.0 0.0003823333372565685
393.0 0.000543013902642997
394.0 0.0007036946954031009
395.0 0.0006203742032084847
396.0 0.0005370537110138685
397.0 0.0007745691618765704
398.0 0.001012084430840332
399.0 0.001231790429301327
400.0 0.0014514964277623221
401.0 0.0016440235413028859
402.0 0.00183655083674239
403.0 0.0018681943402043544
404.0 0.0018998380255652592
405.0 0.0017847094568423927
406.0 0.0016695810700184666
407.0 0.0013963838682684582
408.0 0.0011231869393668603
409.0 0.0008661427273182198
410.0 0.0006090981514716987
411.0 0.0002103951146636973
412.0 1.5721045342267925e-10
413.0 0.00045279548430698924
414.0 0.0010938987543340772
415.0 0.0019981911464128643
416.0 0.0029024837203905918
417.0 0.001249969227501424
418.0 1.5721045342267925e-10
419.0 1.5721045342267925e-10
420.0 1.5721045342267925e-10
421.0 0.00017259070546060684
422.0 0.0012261913070688024
423.0 0.000981011089606909
424.0 0.0007358306447713403
425.0 0.00011703667723850231
426.0 1.5721045342267925e-10
427.0 1.5721045342267925e-10
428.0 0.00023653669813938905
429.0 1.5721045342267925e-10
430.0 1.5721045342267925e-10
431.0 0.00038970879359112587
432.0 0.0010256526365992613
433.0 0.000817030650068773
434.0 0.0006084093001845758
435.0 0.00011382685443095397
436.0 1.5721045342267925e-10
437.0 1.5721045342267925e-10
438.0 0.00034628114917722996
439.0 4.211970860978909e-06
440.0 1.5721045342267925e-10
441.0 1.5721045342267925e-10
442.0 1.5721045342267925e-10
443.0 1.5721045342267925e-10
444.0 1.3214423688623356e-05
445.0 0.00025975330117944395
446.0 0.000506292053614743
447.0 0.0005973875886411406
448.0 0.000688483032718068
449.0 0.000657176269669435
450.0 0.0006258691882976564
451.0 0.00038542993934242986
452.0 0.00014499066764983581
453.0 1.8961920034143986e-05
454.0 1.5721045342267925e-10
455.0 1.5721045342267925e-10
456.0 1.5721045342267925e-10
457.0 1.5721045342267925e-10
458.0 1.5721045342267925e-10
459.0 4.7680924808446434e-05
460.0 0.0002517551365599502
461.0 0.00039768069655110594
462.0 0.0005436062110675266
463.0 0.0004530031674221391
464.0 0.00036240016925148666
465.0 0.00048495662667846773
466.0 0.0006075131295801839
467.0 0.0010777504030556884
468.0 0.0015479874491575174
469.0 0.001674781015026383
470.0 0.0018015740351984277
471.0 0.0018234804883832112
472.0 0.0018453867596690543
473.0 0.002292377394041978
474.0 0.0027393680284149013
475.0 0.0027692918592947535
476.0 0.002799215872073546
477.0 0.0033169679227285087
478.0 0.003834720337181352
479.0 0.004342749525676481
480.0 0.00485077835037373
481.0 0.004794665437657386
482.0 0.004738552524941042
483.0 0.004099985380889848
484.0 0.0034614182368386537
485.0 0.0037851994420634583
486.0 0.004108980283490382
487.0 0.0034109420084860176
488.0 0.0027129033696837723
489.0 0.0022926100427866913
490.0 0.0018723168977885507
491.0 0.0017040769307641312
492.0 0.001535836599941831
493.0 0.0012156227967352606
494.0 0.0008954092663771007
495.0 0.000976862975221593
496.0 0.0010583168659650255
497.0 0.001630179031053558
498.0 0.002202041468990501
499.0 0.002467663580318913
500.0 0.0027332856916473247
501.0 0.0027285836040391587
502.0 0.0027238815164309926
503.0 0.0027188480089535005
504.0 0.002713814319577068
505.0 0.003140029002679512
506.0 0.0035662440495798364
507.0 0.0025619618099881336
508.0 0.00155767920659855
509.0 0.0018766137145576067
510.0 0.0021955478587187827
511.0 0.0022026684746379033
512.0 0.0022097892724559642
513.0 0.0020833998860325664
514.0 0.0019570108634070493
515.0 0.0015533916666754521
516.0 0.0011497725608933251
517.0 0.0013277244761411566
518.0 0.0015056762094900478
519.0 0.0016297761249006726
520.0 0.0017538757674628869
521.0 0.0018537872165325098
522.0 0.0019536984837031923
523.0 0.0018014960005530156
524.0 0.0016492936993017793
525.0 0.002156576738343574
526.0 0.0026638606868800707
527.0 0.0024776631107670255
528.0 0.0022914660803508013
529.0 0.0024363433112739585
530.0 0.0025812205421971157
531.0 0.0025613600882934406
532.0 0.002541499452490825
533.0 0.0025160608856822364
534.0 0.002490621591277886
535.0 0.0022935859306016937
536.0 0.00209654972422868
537.0 0.0023906903152237646
538.0 0.0026848305424209684
539.0 0.003541049954947084
540.0 0.004397269003675319
541.0 0.00433754721598234
542.0 0.004277825064491481
543.0 0.004523492316366173
544.0 0.004769158840645105
545.0 0.004820785397896543
546.0 0.004872411591350101
547.0 0.0040362112486036494
548.0 0.003200010905857198
549.0 0.002927034984168131
550.0 0.002654058698681183
551.0 0.0026503299523028545
552.0 0.002646600842126645
553.0 0.0029785527658532374
554.0 0.003310503961984068
555.0 0.003555010334821418
556.0 0.0037995170714566484
557.0 0.0036503595765680075
558.0 0.003501202809275128
559.0 0.003224773536203429
560.0 0.002948344626929611
561.0 0.0032912812457652763
562.0 0.00363421713700518
563.0 0.003485445267870091
564.0 0.0033366733987350017
565.0 0.0037539502955041826
566.0 0.004171227556071244
567.0 0.004562378308037296
568.0 0.004953528696205467
569.0 0.005309741027303971
570.0 0.005665953358402476
571.0 0.005811517621623352
572.0 0.005957081521046348
573.0 0.00613433585385792
574.0 0.006311590550467372
575.0 0.006378042598953471
576.0 0.006444494647439569
577.0 0.005738436811952852
578.0 0.005032379340264015
579.0 0.005854516348335892
580.0 0.006676654447801411
581.0 0.0072949267632793635
582.0 0.007913198351161554
583.0 0.009130089893005788
584.0 0.010346979252062738
585.0 0.010527046106290072
586.0 0.010707112960517406
587.0 0.01048603662638925
588.0 0.010264958837069571
589.0 0.010279587149852887
590.0 0.010294217645423487
591.0 0.009408046025782824
592.0 0.008521873678546399
593.0 0.007200182153610513
594.0 0.005878493902855553
595.0 0.005656093344441615
596.0 0.005433693513623439
597.0 0.006079520608182065
598.0 0.006725348066538572
599.0 0.007884157093940303
600.0 0.009042965393746272
601.0 0.009725058043841273
602.0 0.010407147783553228
603.0 0.010952253796858713
604.0 0.011497359810164198
605.0 0.011225832713535056
606.0 0.010954306344501674
607.0 0.009400903945788741
608.0 0.007847504457458854
609.0 0.006194792513269931
610.0 0.004542082388070412
611.0 0.003796829332713969
612.0 0.003051576277357526
613.0 0.0035303259210195392
614.0 0.004009074837085791
615.0 0.00503007868246641
616.0 0.006051083619240671
617.0 0.007512546289945021
618.0 0.008974008960649371
619.0 0.010066002869280055
620.0 0.01115799677791074
621.0 0.011743658251361921
622.0 0.012329321180004627
623.0 0.011853666364913806
624.0 0.011378010822227225
625.0 0.009957250586012378
626.0 0.008536488167010248
627.0 0.006716285861330107
628.0 0.004896081009064801
629.0 0.004082538725924678
630.0 0.0032689964427845553
631.0 0.0028592912713065743
632.0 0.0024495860998285934
633.0 0.0025968194677261636
634.0 0.002744053017522674
635.0 0.0030063811209402047
636.0 0.0032687086786609143
637.0 0.0040580081986263394
638.0 0.004847307354793884
639.0 0.004930887735099532
640.0 0.005014467751607299
641.0 0.005414515908341855
642.0 0.005814564065076411
643.0 0.00532678714080248
644.0 0.0048390105803264305
645.0 0.0045350003347266465
646.0 0.004230990452924743
647.0 0.003453604585956782
648.0 0.002676219264685642
649.0 0.0020269721062504686
650.0 0.0013777246749668848
651.0 0.0014907599506841507
652.0 0.0016037956811487675
653.0 0.0016533953385078348
654.0 0.0017029951777658425
655.0 0.0017041385945049115
656.0 0.0017052821931429207
657.0 0.0016155574485310353
658.0 0.0015258328858180903
659.0 0.001764084845490288
660.0 0.002002336987061426
661.0 0.0017685712009551935
662.0 0.0015348052329500206
663.0 0.002179133298341185
664.0 0.0028234615456312895
665.0 0.0034190914448117837
666.0 0.004014720980194397
667.0 0.004959888246958144
668.0 0.0059050533309346065
669.0 0.006310158642008901
670.0 0.006715260678902268
671.0 0.00712479159119539
672.0 0.007534322503488511
673.0 0.007831496623111889
674.0 0.008128669287543744
675.0 0.00745280776754953
676.0 0.006776947702746838
677.0 0.005414265251602046
678.0 0.004051583164255135
679.0 0.002666484760993626
680.0 0.0012813875400752295
681.0 0.0005951941147941398
682.0 1.5721045342267925e-10
683.0 0.00023824875370337395
684.0 0.000567496863368433
685.0 0.0003329713308630744
686.0 9.844583246376715e-05
687.0 0.00018857417671824805
688.0 0.00027870253234141273
689.0 0.00034100135053449776
690.0 0.00040330019146495033
691.0 0.0004499647729971912
692.0 0.0004966294454789022
693.0 0.00035302264222991653
694.0 0.00020941588445566595
695.0 0.0003821918198809726
696.0 0.0005549677098315442
697.0 0.0005480470463226084
698.0 0.0005411262463894673
699.0 0.0004657824320020154
700.0 0.000390438344766153
701.0 0.00027864621188200545
702.0 0.00016685418131601182
703.0 0.0002929982201749226
704.0 0.00041914231587725226
705.0 0.000407068955610157
706.0 0.00039499545891885646
707.0 8.80061520547315e-05
708.0 1.5721045342267925e-10
709.0 4.8638395355737885e-05
710.0 0.0003162600023642881
711.0 0.0005200857231102418
712.0 0.0007239114438561955
713.0 0.00048255619731207844
714.0 0.00024120099624269642
715.0 0.0002864401949409512
716.0 0.0003316793709018384
717.0 0.00022591664219362428
718.0 0.00012015394759146147
719.0 0.00031326228508987697
720.0 0.0005063705430075061
721.0 0.00045534570745076053
722.0 0.0004043209173687501
723.0 0.00045865276661061216
724.0 0.0005129844339535339
725.0 0.0005535880518436898
726.0 0.0005941917606833158
727.0 0.00032712250686017796
728.0 6.0053537254134426e-05
729.0 0.00027021014830097556
730.0 0.00048036690714070573
731.0 0.0006140133791632252
732.0 0.000747660033084685
733.0 0.000193493474398565
734.0 1.5721045342267925e-10
735.0 1.5721045342267925e-10
736.0 1.5721045342267925e-10
737.0 0.0004135061772103654
738.0 0.001000734482659027
739.0 0.0006001278507028474
740.0 0.00019952087768615456
741.0 7.602299660902645e-05
742.0 1.5721045342267925e-10
743.0 1.5721045342267925e-10
744.0 1.5721045342267925e-10
745.0 0.0003016324626514688
746.0 0.0006185774964251323
747.0 0.00040667628127266653
748.0 0.00019477513433230342
749.0 1.5721045342267925e-10
750.0 1.5721045342267925e-10
751.0 1.5721045342267925e-10
752.0 0.00013638723430631217
753.0 0.00019577028069761582
754.0 0.000255153349826287
755.0 1.5721045342267925e-10
756.0 1.5721045342267925e-10
757.0 1.5721045342267925e-10
758.0 1.5721045342267925e-10
759.0 5.812736389998463e-05
760.0 0.0006097125151427463
761.0 0.0002866679778890102
762.0 1.5721045342267925e-10
763.0 1.5721045342267925e-10
764.0 1.5721045342267925e-10
765.0 0.0002036215846601408
766.0 0.0004780159088113578
767.0 1.5721045342267925e-10
768.0 1.5721045342267925e-10
769.0 1.5721045342267925e-10
770.0 1.5721045342267925e-10
771.0 1.5721045342267925e-10
772.0 1.5721045342267925e-10
773.0 0.0003319753659525304
774.0 0.0007235963948915014
775.0 0.00041720572880876716
776.0 0.00011081490356446011
777.0 0.0002638271325849928
778.0 0.00041683933886815794
779.0 0.0006012891390128061
780.0 0.0007857389391574543
781.0 0.000708650213709916
782.0 0.0006315614427876426
783.0 0.00047594330681022257
784.0 0.0003203251935701701
785.0 0.00011263246051385067
786.0 1.5721045342267925e-10
787.0 0.0004930238901579287
788.0 0.001081108257494634
789.0 0.0009258552381652407
790.0 0.0007706022188358475
791.0 0.0006000719622534234
792.0 0.0004295415692467941
793.0 0.0005184465408092365
794.0 0.0006073512395232683
795.0 0.0007598027423227904
796.0 0.0009122541086981073
797.0 0.00045883784878242295
798.0 5.4217103695464175e-06
799.0 0.0005180379957892001
800.0 0.0010306543117621914
801.0 0.0006121973456174601
802.0 0.00019374037947272882
803.0 0.0003147340066789184
804.0 0.00043572763388510793
805.0 0.0007246448603837052
806.0 0.0010135620868823025
807.0 0.000693809397489531
808.0 0.0003740567080967594
809.0 1.9281033303286677e-05
810.0 1.5721045342267925e-10
811.0 0.00016806699250082602
812.0 0.0006716285042784875
813.0 0.0009138681889453437
814.0 0.0011561078281374648
815.0 0.0010563611795078032
816.0 0.0009566140761307906
817.0 0.0008728279681236017
818.0 0.000789041951065883
819.0 0.0009378245522384532
820.0 0.0010866071534110233
821.0 0.0009280075573769864
822.0 0.0007694078703934792
823.0 0.0007703240044065751
824.0 0.0007712404112680815
825.0 0.0007893033398431726
826.0 0.0008073663593677338
827.0 0.0007456761977664428
828.0 0.0006839860816398868
829.0 0.0005261084425001172
830.0 0.000368230735148245
831.0 0.00024123471575876465
832.0 0.00011423888963690843
833.0 0.0003954126896132948
834.0 0.0006765864327462623
835.0 8.683338705850474e-05
836.0 1.5721045342267925e-10
837.0 1.5721045342267925e-10
838.0 6.204402893672523e-05
839.0 0.0004633243861462688
840.0 0.0008646047717775218
841.0 0.0010995790944434702
842.0 0.0013345534171094187
843.0 0.0009595145456842147
844.0 0.00058447531046113
845.0 0.00044312250793154817
846.0 0.0003017695689777611
847.0 0.000707771960151149
848.0 0.001113774396799272
849.0 0.000992177865555277
850.0 0.0008705809705134016
851.0 0.0010867523087654263
852.0 0.0013029234651185106
853.0 0.0005377326033340069
854.0 1.5721045342267925e-10
855.0 1.5721045342267925e-10
856.0 1.5721045342267925e-10
857.0 0.0004888735475105932
858.0 0.0014432989701163024
859.0 0.0011570295100682415
860.0 0.0008707596862222999
861.0 0.0012176819836895447
862.0 0.0015646046449546702
863.0 0.0017508888049633242
864.0 0.0019371731468709186
865.0 0.002037162266788073
866.0 0.002137151750503108
867.0 0.0027532259991858155
868.0 0.0033692998840706423
869.0 0.0029216582333901897
870.0 0.002474016037012916
871.0 0.003090748214162886
872.0 0.0037074805732117966
873.0 0.002828640026564244
874.0 0.0019497998437145725
