lsstCam/transmission_filter_detector/r12_s20/y_10/19700101T000000.ecsv
# %ECSV 1.0
# ---
# datatype:
# - {name: wavelength, unit: nm, datatype: float32}
# - {name: efficiency, unit: '%', datatype: float64}
# meta: !!omap
# - {MODE: DETECTOR}
# - {TYPE: transmission_filter_detector}
# - {CALIBDATE: '1970-01-01T00:00:00'}
# - {INSTRUME: LSSTCam}
# - {OBSTYPE: transmission_filter_detector}
# - {CALIBCLS: lsst.ip.isr.IntermediateFilterDetectorTransmissionCurve}
# - {SOURCE: Materion (DM-46256)}
# - {DETECTOR: 51}
# - {FILTER: y_10}
# - {CALIB_ID: 'calibDate=1970-01-01T00:00:00 filter=y_10 detector=51'}
# - {DATE: '2025-04-02T15:59:50.978017'}
# - {CALIB_CREATION_DATE: '2025-04-02'}
# - {CALIB_CREATION_TIME: '15:59:50'}
# - __serialized_columns__:
#     efficiency:
#       __class__: astropy.units.quantity.Quantity
#       unit: !astropy.units.Unit {unit: '%'}
#       value: !astropy.table.SerializedColumn {name: efficiency}
#     wavelength:
#       __class__: astropy.units.quantity.Quantity
#       unit: !astropy.units.Unit {unit: nm}
#       value: !astropy.table.SerializedColumn {name: wavelength}
# schema: astropy-2.0
wavelength efficiency
[from data line 576]
876.0 0.003255026967963204
877.0 0.0021981963072903454
878.0 0.001141365555668017
879.0 0.0017365191524731927
880.0 0.07347327191382647
881.0 0.09065019548870623
882.0 0.06939969607628882
883.0 0.10675475932657719
884.0 0.0693649344611913
885.0 0.09963515913113952
886.0 0.07660470437258482
887.0 0.10470302077010274
888.0 0.06723106489516795
889.0 0.10429960675537586
890.0 0.06820136331953108
891.0 0.10457101743668318
892.0 0.07647640304639935
893.0 0.11342992074787617
894.0 0.08698312449268997
895.0 0.13067126274108887
896.0 0.08862531976774335
897.0 0.13640060788020492
898.0 0.1082741073332727
899.0 0.12646429240703583
900.0 0.11588464258238673
901.0 0.1583967823535204
902.0 0.19055356970056891
903.0 0.20687852520495653
904.0 0.2507596043869853
905.0 0.2938513644039631
906.0 0.3750464413315058
907.0 0.49535324797034264
908.0 0.6895080674439669
909.0 0.9448355995118618
910.0 1.3679017312824726
911.0 1.9434081390500069
912.0 2.8203146532177925
913.0 4.1316501796245575
914.0 5.627898499369621
915.0 7.713558524847031
916.0 10.17027348279953
917.0 12.77063637971878
918.0 15.65382331609726
919.0 18.363185226917267
920.0 22.03722596168518
921.0 25.978097319602966
922.0 29.940897226333618
923.0 34.69290733337402
924.0 39.80035185813904
925.0 45.37896513938904
926.0 51.953089237213135
927.0 58.85293483734131
928.0 64.76646065711975
929.0 71.06060981750488
930.0 76.43159031867981
931.0 81.6213607788086
932.0 86.19851469993591
933.0 89.93871212005615
934.0 92.58695244789124
935.0 94.37375068664551
936.0 95.6616759300232
937.0 96.57127857208252
938.0 97.0894455909729
939.0 97.34757542610168
940.0 97.61120080947876
941.0 97.67610430717468
942.0 97.80033826828003
943.0 97.8437602519989
944.0 98.07049632072449
945.0 98.00489544868469
946.0 98.07702302932739
947.0 98.03274869918823
948.0 98.16107153892517
949.0 98.028963804245
950.0 98.18844199180603
951.0 98.30407500267029
952.0 98.35032820701599
953.0 98.51025938987732
954.0 98.61420392990112
955.0 98.65488409996033
956.0 98.86406660079956
957.0 98.95912408828735
958.0 99.09496307373047
959.0 99.1506814956665
960.0 99.18690919876099
961.0 99.22376871109009
962.0 99.28596019744873
963.0 99.2799460887909
964.0 99.29978251457214
965.0 99.30112361907959
966.0 99.35059547424316
967.0 99.47389960289001
968.0 99.47274923324585
969.0 99.4283676147461
970.0 99.49702024459839
971.0 99.53081011772156
972.0 99.57771301269531
973.0 99.6626615524292
974.0 99.61838722229004
975.0 99.60856437683105
976.0 99.65187311172485
977.0 99.60023760795593
978.0 99.65040683746338
979.0 99.57027435302734
980.0 99.54099655151367
981.0 99.4408130645752
982.0 99.3628442287445
983.0 99.42094087600708
984.0 99.38979148864746
985.0 99.43493008613586
986.0 99.27892088890076
987.0 99.37400221824646
988.0 99.28075671195984
989.0 99.29494857788086
990.0 99.29180145263672
991.0 99.31817650794983
992.0 99.39464330673218
993.0 99.36845302581787
994.0 99.32243227958679
995.0 99.39023852348328
996.0 99.38133955001831
997.0 99.51685667037964
998.0 99.5537519454956
999.0 99.58644509315491
1000.0 99.58585500717163
1001.0 99.55092668533325
1002.0 99.64767098426819
1003.0 99.64214563369751
1004.0 99.71312880516052
1005.0 99.60234761238098
1006.0 99.761962890625
1007.0 99.67784285545349
1008.0 99.66376423835754
1009.0 99.59254264831543
1010.0 99.66083765029907
1011.0 99.62301850318909
1012.0 99.5642602443695
1013.0 99.5583176612854
1014.0 99.54203367233276
1015.0 99.52043890953064
1016.0 99.51213002204895
1017.0 99.5442807674408
1018.0 99.61909651756287
1019.0 99.51571226119995
1020.0 99.59196448326111
1021.0 99.72491264343262
1022.0 99.64302182197571
1023.0 99.6910035610199
1024.0 99.66795444488525
1025.0 99.66444969177246
1026.0 99.75701570510864
1027.0 99.82619285583496
1028.0 99.71820712089539
1029.0 99.83319640159607
1030.0 99.8771071434021
1031.0 99.83527064323425
1032.0 99.83397722244263
1033.0 99.78338479995728
1034.0 99.7918963432312
1035.0 99.84107613563538
1036.0 99.78691339492798
1037.0 99.7738778591156
1038.0 99.77352619171143
1039.0 99.67056512832642
1040.0 99.64168071746826
1041.0 99.6522068977356
1042.0 99.63460564613342
1043.0 99.53176975250244
1044.0 99.68340992927551
1045.0 99.4272768497467
1046.0 99.63884353637695
1047.0 99.52991008758545
1048.0 99.59938526153564
1049.0 99.48859214782715
1050.0 99.56864714622498
1051.0 99.52484369277954
1052.0 99.457848072052
1053.0 99.36128854751587
1054.0 99.68305230140686
1055.0 99.64751601219177
1056.0 99.53504204750061
1057.0 99.69867467880249
1058.0 99.47412014007568
1059.0 99.50184226036072
1060.0 99.47443008422852
1061.0 99.42790269851685
1062.0 99.45316910743713
1063.0 99.4672417640686
1064.0 99.5629608631134
1065.0 99.46008920669556
1066.0 99.44145679473877
1067.0 99.58614110946655
1068.0 99.5315432548523
1069.0 99.30300712585449
1070.0 99.56013560295105
1071.0 99.50470328330994
1072.0 99.5202124118805
1073.0 99.61724281311035
1074.0 99.36380386352539
1075.0 99.32763576507568
1076.0 99.07671213150024
1077.0 99.42641258239746
1078.0 99.74008798599243
1079.0 99.29535984992981
1080.0 100.01152753829956
1081.0 99.0608811378479
1082.0 99.21597242355347
1083.0 99.1295874118805
1084.0 99.36888217926025
1085.0 99.47519302368164
1086.0 99.29462671279907
1087.0 99.48628544807434
1088.0 99.18558597564697
1089.0 99.13948178291321
1090.0 99.0704596042633
1091.0 99.12412762641907
1092.0 99.01491403579712
1093.0 99.05174374580383
1094.0 98.75670075416565
1095.0 98.71416687965393
1096.0 98.91673922538757
1097.0 98.72310161590576
1098.0 98.341304063797
1099.0 99.09327626228333
1100.0 98.55248928070068
