lsstcam/qe_curve/r02_s10/19700101T000000.ecsv
# %ECSV 0.9
# ---
# datatype:
# - {name: amp_name, datatype: string}
# - {name: wavelength, unit: nm, datatype: float32}
# - {name: efficiency, unit: '%', datatype: float32}
# meta: !!omap
# - {MODE: AMP}
# - {TYPE: QE}
# - {CALIBDATE: '1970-01-01T00:00:00'}
# - {INSTRUME: LSSTCAM}
# - {OBSTYPE: qe_curve}
# - {DETECTOR: 12}
# - {PICKLEFILE: RaftRun10982.p}
# - {CALIB_ID: 'raftName=R02 detectorName=S10 detector=12 calibDate=1970-01-01T00:00:00 ccd=12 ccdnum=12 filter=None'}
# - {DATE: '2020-07-23T19:15:16.786883'}
# - {CALIB_CREATION_DATE: '2020-07-23'}
# - {CALIB_CREATION_TIME: '19:15:16'}
# - __serialized_columns__:
#     efficiency:
#       __class__: astropy.units.quantity.Quantity
#       unit: !astropy.units.Unit {unit: '%'}
#       value: !astropy.table.SerializedColumn {name: efficiency}
#     wavelength:
#       __class__: astropy.units.quantity.Quantity
#       unit: !astropy.units.Unit {unit: nm}
#       value: !astropy.table.SerializedColumn {name: wavelength}
# schema: astropy-2.0
amp_name wavelength efficiency
C15 319.994 45.671394
C15 324.969 47.017796
C15 349.982 53.656097
C15 374.975 69.41798
C15 400.019 83.35499
C15 424.965 86.20709
C15 450.035 85.904335
C15 475.003 85.53336
C15 500.018 85.44763
C15 525.002 85.71438
C15 550.029 86.7862
C15 575.023 88.269356
C15 599.982 90.04055
C15 619.997 91.2252
C15 624.979 91.5053
C15 650.012 93.074974
C15 675.004 94.528336
C15 700.03 95.66276
C15 725.012 96.248955
C15 750.022 97.92853
C15 774.987 98.86433
C15 799.976 99.69172
C15 824.988 98.563896
C15 850.022 97.73576
C15 869.967 95.72599
C15 875.002 94.65274
C15 899.999 88.20194
C15 919.999 79.99207
C15 925.012 77.38153
C15 949.965 63.721687
C15 975.002 49.134098
C15 999.976 32.11252
C15 1025.028 15.598243
C15 1050.014 6.2693543
C15 1075.002 3.4712677
C15 1099.99 2.2918284
C17 319.994 45.188362
C17 324.969 46.45854
C17 349.982 52.85291
C17 374.975 68.69045
C17 400.019 83.02378
C17 424.965 86.07071
C17 450.035 85.754295
C17 475.003 85.24832
C17 500.018 85.02692
C17 525.002 85.20924
C17 550.029 86.20166
C17 575.023 87.66819
C17 599.982 89.49184
C17 619.997 90.732
C17 624.979 91.03056
C17 650.012 92.66526
C17 675.004 94.1751
C17 700.03 95.344826
C17 725.012 95.92231
C17 750.022 97.565674
C17 774.987 98.46614
C17 799.976 99.2916
C17 824.988 98.187706
C17 850.022 97.36558
C17 869.967 95.43516
C17 875.002 94.377106
C17 899.999 87.838875
C17 919.999 79.66774
C17 925.012 77.06774
C17 949.965 63.152893
C17 975.002 48.716038
C17 999.976 32.009075
C17 1025.028 15.4375725
C17 1050.014 6.24265
C17 1075.002 3.4560409
C17 1099.99 2.2847776
C10 319.994 46.16238
C10 324.969 47.739346
C10 349.982 55.119404
C10 374.975 70.47025
C10 400.019 83.217094
C10 424.965 85.39524
C10 450.035 84.942894
C10 475.003 84.68878
C10 500.018 84.798195
C10 525.002 85.27043
C10 550.029 86.50064
C10 575.023 88.10891
C10 599.982 89.961624
C10 619.997 91.18642
C10 624.979 91.472984
C10 650.012 93.05995
C10 675.004 94.49331
C10 700.03 95.574776
C10 725.012 96.08053
C10 750.022 97.66623
C10 774.987 98.49332
C10 799.976 99.22477
C10 824.988 98.016754
C10 850.022 97.1225
C10 869.967 94.910965
C10 875.002 93.7673
C10 899.999 87.16087
C10 919.999 79.01664
C10 925.012 76.45277
C10 949.965 63.241436
C10 975.002 48.60233
C10 999.976 31.415771
C10 1025.028 15.255402
C10 1050.014 6.133619
C10 1075.002 3.4352157
C10 1099.99 2.3033626
C16 319.994 45.41254
C16 324.969 46.724968
C16 349.982 53.245094
C16 374.975 69.03371
C16 400.019 83.13694
C16 424.965 86.08613
C16 450.035 85.79125
C16 475.003 85.36772
C16 500.018 85.22049
C16 525.002 85.44552
C16 550.029 86.46785
C16 575.023 87.92615
C16 599.982 89.69902
C16 619.997 90.89437
C16 624.979 91.17881
C16 650.012 92.76665
C16 675.004 94.23207
C16 700.03 95.36667
C16 725.012 95.93737
C16 750.022 97.59438
C16 774.987 98.49781
C16 799.976 99.32259
C16 824.988 98.20791
C16 850.022 97.37699
C16 869.967 95.44537
C16 875.002 94.40016
C16 899.999 87.9412
C16 919.999 79.75105
C16 925.012 77.143745
C16 949.965 63.34637
C16 975.002 48.886585
C16 999.976 32.006332
C16 1025.028 15.519111
C16 1050.014 6.2878385
C16 1075.002 3.4802706
C16 1099.99 2.2841856
C07 319.994 44.921112
C07 324.969 46.237267
C07 349.982 52.736454
C07 374.975 68.56624
C07 400.019 82.852455
C07 424.965 85.849205
C07 450.035 85.3934
C07 475.003 84.755325
C07 500.018 84.43257
C07 525.002 84.6502
C07 550.029 85.588875
C07 575.023 87.12412
C07 599.982 89.05379
C07 619.997 90.43028
C07 624.979 90.7093
C07 650.012 92.47423
C07 675.004 93.99498
C07 700.03 95.18043
C07 725.012 95.78344
C07 750.022 97.49886
C07 774.987 98.334724
C07 799.976 99.1731
C07 824.988 98.06132
C07 850.022 97.2056
C07 869.967 95.0632
C07 875.002 93.98274
C07 899.999 87.63365
C07 919.999 79.85382
C07 925.012 77.3996
C07 949.965 63.87206
C07 975.002 48.934795
C07 999.976 31.753885
C07 1025.028 15.36728
C07 1050.014 6.178856
C07 1075.002 3.2964473
C07 1099.99 2.2868257
C03 319.994 45.47282
C03 324.969 46.932194
C03 349.982 53.960255
C03 374.975 69.58907
C03 400.019 82.975845
C03 424.965 85.509926
C03 450.035 85.07422
C03 475.003 84.67877
C03 500.018 84.59923
C03 525.002 84.94615
C03 550.029 86.00594
C03 575.023 87.52775
C03 599.982 89.36924
C03 619.997 90.63532
C03 624.979 90.90707
C03 650.012 92.54854
C03 675.004 94.00274
C03 700.03 95.14492
C03 725.012 95.7742
C03 750.022 97.5301
C03 774.987 98.46979
C03 799.976 99.301765
C03 824.988 98.139015
C03 850.022 97.330246
C03 869.967 95.13088
C03 875.002 93.96384
C03 899.999 87.21027
C03 919.999 79.172035
C03 925.012 76.657715
C03 949.965 63.94237
C03 975.002 49.208923
C03 999.976 31.756433
C03 1025.028 15.243338
C03 1050.014 6.099318
C03 1075.002 3.3220685
C03 1099.99 2.3034725
C12 319.994 45.86844
C12 324.969 47.348404
C12 349.982 54.430058
C12 374.975 69.97442
C12 400.019 83.2091
C12 424.965 85.653404
C12 450.035 85.25634
C12 475.003 84.9442
C12 500.018 84.974495
C12 525.002 85.36154
C12 550.029 86.538704
C12 575.023 88.09926
C12 599.982 89.918045
C12 619.997 91.114975
C12 624.979 91.40406
C12 650.012 92.9702
C12 675.004 94.41703
C12 700.03 95.54153
C12 725.012 96.15193
C12 750.022 97.86376
C12 774.987 98.832596
C12 799.976 99.64383
C12 824.988 98.446
C12 850.022 97.575966
C12 869.967 95.41851
C12 875.002 94.288445
C12 899.999 87.67701
C12 919.999 79.37704
C12 925.012 76.77855
C12 949.965 63.494
C12 975.002 48.867672
C12 999.976 31.79251
C12 1025.028 15.416793
C12 1050.014 6.1689672
C12 1075.002 3.4283578
C12 1099.99 2.2820494
C13 319.994 45.720093
C13 324.969 47.156437
C13 349.982 54.094048
C13 374.975 69.716736
C13 400.019 83.17326
C13 424.965 85.74259
C13 450.035 85.36091
C13 475.003 85.014366
C13 500.018 84.99412
C13 525.002 85.33216
C13 550.029 86.45497
C13 575.023 87.98426
C13 599.982 89.7891
C13 619.997 90.990234
C13 624.979 91.27525
C13 650.012 92.85116
C13 675.004 94.29367
C13 700.03 95.42847
C13 725.012 96.04114
C13 750.022 97.75634
C13 774.987 98.72547
C13 799.976 99.549835
C13 824.988 98.37045
C13 850.022 97.52662
C13 869.967 95.39695
C13 875.002 94.27373
C13 899.999 87.709755
C13 919.999 79.46952
C13 925.012 76.87229
C13 949.965 63.532337
C13 975.002 48.923553
C13 999.976 31.863232
C13 1025.028 15.469525
C13 1050.014 6.1854258
C13 1075.002 3.4338078
C13 1099.99 2.2875025
C14 319.994 45.631115
C14 324.969 47.019318
C14 349.982 53.793613
C14 374.975 69.48038
C14 400.019 83.17125
C14 424.965 85.878845
C14 450.035 85.533134
C14 475.003 85.162315
C14 500.018 85.09059
C14 525.002 85.39018
C14 550.029 86.48176
C14 575.023 87.98476
C14 599.982 89.77788
C14 619.997 90.97385
C14 624.979 91.25803
C14 650.012 92.83863
C14 675.004 94.2884
C14 700.03 95.42886
C14 725.012 96.032265
C14 750.022 97.73169
C14 774.987 98.69067
C14 799.976 99.51227
C14 824.988 98.36615
C14 850.022 97.53303
C14 869.967 95.45346
C14 875.002 94.34889
C14 899.999 87.859886
C14 919.999 79.65626
C14 925.012 77.05563
C14 949.965 63.596996
C14 975.002 48.998257
C14 999.976 31.96687
C14 1025.028 15.53836
C14 1050.014 6.2193675
C14 1075.002 3.4437988
C14 1099.99 2.29168
C05 319.994 45.33775
C05 324.969 46.722565
C05 349.982 53.470345
C05 374.975 69.224075
C05 400.019 83.07942
C05 424.965 85.85453
C05 450.035 85.436676
C05 475.003 84.93422
C05 500.018 84.73643
C05 525.002 85.009346
C05 550.029 85.99727
C05 575.023 87.50065
C05 599.982 89.36823
C05 619.997 90.667244
C05 624.979 90.946594
C05 650.012 92.633575
C05 675.004 94.12388
C05 700.03 95.280556
C05 725.012 95.896194
C05 750.022 97.625046
C05 774.987 98.52087
C05 799.976 99.35404
C05 824.988 98.22654
C05 850.022 97.39721
C05 869.967 95.183624
C05 875.002 94.028786
C05 899.999 87.370384
C05 919.999 79.38984
C05 925.012 76.950165
C05 949.965 64.25095
C05 975.002 49.173298
C05 999.976 31.832426
C05 1025.028 15.27854
C05 1050.014 6.145211
C05 1075.002 3.306263
C05 1099.99 2.2901108
C00 319.994 46.122314
C00 324.969 47.7238
C00 349.982 55.180157
C00 374.975 70.46447
C00 400.019 83.137535
C00 424.965 85.28049
C00 450.035 84.80683
C00 475.003 84.57405
C00 500.018 84.71488
C00 525.002 85.22269
C00 550.029 86.44736
C00 575.023 88.07121
C00 599.982 89.92626
C00 619.997 91.16753
C00 624.979 91.4334
C00 650.012 93.031265
C00 675.004 94.43512
C00 700.03 95.50882
C00 725.012 96.022125
C00 750.022 97.634766
C00 774.987 98.43306
C00 799.976 99.16257
C00 824.988 97.95584
C00 850.022 97.10758
C00 869.967 94.84086
C00 875.002 93.64279
C00 899.999 86.71045
C00 919.999 78.74503
C00 925.012 76.25556
C00 949.965 63.35376
C00 975.002 48.784477
C00 999.976 31.352299
C00 1025.028 15.059085
C00 1050.014 6.0310016
C00 1075.002 3.3097847
C00 1099.99 2.3034954
C02 319.994 45.64516
C02 324.969 47.15485
C02 349.982 54.326233
C02 374.975 69.871635
C02 400.019 83.014854
C02 424.965 85.42126
C02 450.035 84.96939
C02 475.003 84.62679
C02 500.018 84.61697
C02 525.002 85.01513
C02 550.029 86.119255
C02 575.023 87.66798
C02 599.982 89.51268
C02 619.997 90.77264
C02 624.979 91.040825
C02 650.012 92.66473
C02 675.004 94.105576
C02 700.03 95.23418
C02 725.012 95.85717
C02 750.022 97.608215
C02 774.987 98.54302
C02 799.976 99.3608
C02 824.988 98.168816
C02 850.022 97.33211
C02 869.967 95.1021
C02 875.002 93.92989
C02 899.999 87.13064
C02 919.999 79.027054
C02 925.012 76.507225
C02 949.965 63.76941
C02 975.002 49.023926
C02 999.976 31.662106
C02 1025.028 15.180188
C02 1050.014 6.0673866
C02 1075.002 3.3057206
C02 1099.99 2.2975075
C04 319.994 45.467213
C04 324.969 46.887554
C04 349.982 53.7662
C04 374.975 69.47773
C04 400.019 83.13393
C04 424.965 85.79744
C04 450.035 85.3825
C04 475.003 84.93691
C04 500.018 84.80298
C04 525.002 85.106636
C04 550.029 86.13112
C04 575.023 87.64319
C04 599.982 89.49216
C04 619.997 90.768105
C04 624.979 91.04857
C04 650.012 92.70737
C04 675.004 94.18219
C04 700.03 95.333046
C04 725.012 95.95892
C04 750.022 97.70543
C04 774.987 98.63365
C04 799.976 99.47218
C04 824.988 98.32419
C04 850.022 97.51672
C04 869.967 95.31552
C04 875.002 94.15349
C04 899.999 87.431725
C04 919.999 79.39933
C04 925.012 76.90323
C04 949.965 64.21005
C04 975.002 49.32975
C04 999.976 31.861444
C04 1025.028 15.293507
C04 1050.014 6.124775
C04 1075.002 3.3239439
C04 1099.99 2.2996688
C11 319.994 45.957386
C11 324.969 47.49117
C11 349.982 54.736134
C11 374.975 70.18908
C11 400.019 83.15776
C11 424.965 85.450356
C11 450.035 84.99932
C11 475.003 84.68987
C11 500.018 84.74926
C11 525.002 85.18191
C11 550.029 86.38251
C11 575.023 87.98525
C11 599.982 89.83871
C11 619.997 91.06599
C11 624.979 91.351875
C11 650.012 92.941086
C11 675.004 94.380196
C11 700.03 95.48814
C11 725.012 96.071724
C11 750.022 97.75823
C11 774.987 98.670654
C11 799.976 99.45986
C11 824.988 98.2421
C11 850.022 97.357956
C11 869.967 95.17515
C11 875.002 94.04718
C11 899.999 87.44015
C11 919.999 79.163475
C11 925.012 76.57816
C11 949.965 63.346085
C11 975.002 48.722424
C11 999.976 31.63846
C11 1025.028 15.327088
C11 1050.014 6.1424255
C11 1075.002 3.421154
C11 1099.99 2.2818642
C06 319.994 45.29057
C06 324.969 46.648335
C06 349.982 53.288055
C06 374.975 69.0957
C06 400.019 83.20537
C06 424.965 86.10454
C06 450.035 85.65279
C06 475.003 85.05965
C06 500.018 84.78164
C06 525.002 85.034966
C06 550.029 86.00235
C06 575.023 87.53855
C06 599.982 89.46281
C06 619.997 90.82151
C06 624.979 91.099365
C06 650.012 92.84916
C06 675.004 94.358925
C06 700.03 95.531975
C06 725.012 96.138725
C06 750.022 97.866554
C06 774.987 98.72378
C06 799.976 99.561516
C06 824.988 98.43262
C06 850.022 97.57406
C06 869.967 95.37987
C06 875.002 94.26026
C06 899.999 87.76501
C06 919.999 79.83949
C06 925.012 77.409676
C06 949.965 64.31527
C06 975.002 49.12029
C06 999.976 31.894375
C06 1025.028 15.33667
C06 1050.014 6.2013755
C06 1075.002 3.3106713
C06 1099.99 2.298092
C01 319.994 45.965923
C01 324.969 47.530273
C01 349.982 54.892727
C01 374.975 70.388115
C01 400.019 83.3218
C01 424.965 85.58581
C01 450.035 85.085
C01 475.003 84.73916
C01 500.018 84.76054
C01 525.002 85.208
C01 550.029 86.360535
C01 575.023 87.96513
C01 599.982 89.85946
C01 619.997 91.14608
C01 624.979 91.41943
C01 650.012 93.06828
C01 675.004 94.51001
C01 700.03 95.63687
C01 725.012 96.23308
C01 750.022 97.95597
C01 774.987 98.851974
C01 799.976 99.64084
C01 824.988 98.42732
C01 850.022 97.56298
C01 869.967 95.300514
C01 875.002 94.11482
C01 899.999 87.26975
C01 919.999 79.1643
C01 925.012 76.63335
C01 949.965 63.764645
C01 975.002 49.029427
C01 999.976 31.63832
C01 1025.028 15.168612
C01 1050.014 6.0572066
C01 1075.002 3.303661
C01 1099.99 2.3003063
