lsstCam/transmission_filter_detector/r13_s01/g_6/19700101T000000.ecsv
# %ECSV 1.0
# ---
# datatype:
# - {name: wavelength, unit: nm, datatype: float32}
# - {name: efficiency, unit: '%', datatype: float64}
# meta: !!omap
# - {MODE: DETECTOR}
# - {TYPE: transmission_filter_detector}
# - {CALIBDATE: '1970-01-01T00:00:00'}
# - {INSTRUME: LSSTCam}
# - {OBSTYPE: transmission_filter_detector}
# - {CALIBCLS: lsst.ip.isr.IntermediateFilterDetectorTransmissionCurve}
# - {SOURCE: Materion (DM-46256)}
# - {DETECTOR: 55}
# - {FILTER: g_6}
# - {CALIB_ID: 'calibDate=1970-01-01T00:00:00 filter=g_6 detector=55'}
# - {DATE: '2025-04-02T15:59:42.281864'}
# - {CALIB_CREATION_DATE: '2025-04-02'}
# - {CALIB_CREATION_TIME: '15:59:42'}
# - __serialized_columns__:
#     efficiency:
#       __class__: astropy.units.quantity.Quantity
#       unit: !astropy.units.Unit {unit: '%'}
#       value: !astropy.table.SerializedColumn {name: efficiency}
#     wavelength:
#       __class__: astropy.units.quantity.Quantity
#       unit: !astropy.units.Unit {unit: nm}
#       value: !astropy.table.SerializedColumn {name: wavelength}
# schema: astropy-2.0
wavelength efficiency
[from data line 608]
908.0 0.0004772893134941114
909.0 0.00046286586439237
910.0 0.00041780654100875836
911.0 0.00037274721762514673
912.0 0.0004272580554243177
913.0 0.0004817689386982238
914.0 0.0002839265107468236
915.0 8.608415100752609e-05
916.0 0.00012117649248466478
917.0 0.00015626879985575215
918.0 0.00019942874587286497
919.0 0.00024258870325866155
920.0 0.00030548446829925524
921.0 0.00036838023333984893
922.0 0.0005311932909535244
923.0 0.0006940063030924648
924.0 0.0006220606792339822
925.0 0.0005501149644260295
926.0 0.0005943728410784388
927.0 0.0006386307632055832
928.0 0.0005860601049789693
929.0 0.0005334895377018256
930.0 0.0005487669113790616
931.0 0.0005640443760057678
932.0 0.0005063810931460466
933.0 0.0004487179012357956
934.0 0.0004404253104439704
935.0 0.00043213276512688026
936.0 0.0004280062512407312
937.0 0.0004238797373545822
938.0 0.0005448156116472092
939.0 0.0006657514859398361
940.0 0.0005878688170923851
941.0 0.0005099859208712587
942.0 0.0007096020453900564
943.0 0.0009092181244341191
944.0 0.0007765344889776316
945.0 0.0006438506716222037
946.0 0.0006044468591426266
947.0 0.0005650429102388443
948.0 0.0008790299034444615
949.0 0.0011930169421248138
950.0 0.0010180415301874746
951.0 0.0008430661182501353
952.0 0.0008865161362336949
953.0 0.0009299662451667245
954.0 0.000801175701781176
955.0 0.0006723853402945679
956.0 0.0006447602572734468
957.0 0.0006171349468786502
958.0 0.0007189312782429624
959.0 0.0008207276550820097
960.0 0.0006594068963750033
961.0 0.0004980860467185266
962.0 0.0005627247901429655
963.0 0.0006273634426179342
964.0 0.00070268361014314
965.0 0.0007780035957694054
966.0 0.0008104879270831589
967.0 0.0008429722583969124
968.0 0.0007808980626577977
969.0 0.0007188237759692129
970.0 0.000730053216102533
971.0 0.0007412826107611181
972.0 0.0008173267815436702
973.0 0.0008933709978009574
974.0 0.000809108041721629
975.0 0.0007248454039654462
976.0 0.0007854224350012373
977.0 0.0008459996934107039
978.0 0.0009121187758864835
979.0 0.0009782379493117332
980.0 0.0010072049008158501
981.0 0.001036171852319967
982.0 0.0009724772098707035
983.0 0.00090878256742144
984.0 0.0009137323104368988
985.0 0.000918682235351298
986.0 0.0010800245036080014
987.0 0.0012413665899657644
988.0 0.0013183064766053576
989.0 0.00139524599944707
990.0 0.00143084753290168
991.0 0.00146644897540682
992.0 0.0014118989383860026
993.0 0.0013573489013651852
994.0 0.0013584873158833943
995.0 0.0013596259123005439
996.0 0.001230079578817822
997.0 0.0011005333362845704
998.0 0.001258425345440628
999.0 0.0014163174455461558
1000.0 0.0013648258573084604
1001.0 0.0013133340871718246
1002.0 0.001183915082947351
1003.0 0.001054495896823937
1004.0 0.0011214794540137518
1005.0 0.0011884629202540964
1006.0 0.0014302270756161306
1007.0 0.0016719912309781648
1008.0 0.001633836654946208
1009.0 0.0015956826246110722
1010.0 0.0017100155673688278
1011.0 0.001824348873924464
1012.0 0.0019559925931389444
1013.0 0.0020876366761513054
1014.0 0.002104769373545423
1015.0 0.0021219024347374216
1016.0 0.002515761116228532
1017.0 0.0029096203434164636
1018.0 0.003143099820590578
1019.0 0.003376579115865752
1020.0 0.0034008073271252215
1021.0 0.003425035538384691
1022.0 0.003690988160087727
1023.0 0.003956940781790763
1024.0 0.004109360452275723
1025.0 0.004261780122760683
1026.0 0.004447866740520112
1027.0 0.004633953358279541
1028.0 0.004640479528461583
1029.0 0.004647005334845744
1030.0 0.004792885374627076
1031.0 0.004938764686812647
1032.0 0.00527924312336836
1033.0 0.0056197215599240735
1034.0 0.005458833402371965
1035.0 0.005297945244819857
1036.0 0.005410593075794168
1037.0 0.005523240542970598
1038.0 0.005737459650845267
1039.0 0.005951679122517817
1040.0 0.006385996675817296
1041.0 0.006820313137723133
1042.0 0.006941160245332867
1043.0 0.007062005897751078
1044.0 0.007347884820774198
1045.0 0.007633762288605794
1046.0 0.008664638153277338
1047.0 0.00969551401794888
1048.0 0.011194622493349016
1049.0 0.012693727330770344
1050.0 0.015200638154055923
1051.0 0.017707544611766934
1052.0 0.02140732540283352
1053.0 0.0251071120146662
1054.0 0.030020606936886907
1055.0 0.03493410476949066
1056.0 0.04188573802821338
1057.0 0.04883736255578697
1058.0 0.056636519730091095
1059.0 0.06443565944209695
1060.0 0.0717632588930428
1061.0 0.07909083506092429
1062.0 0.08615885162726045
1063.0 0.09322683908976614
1064.0 0.09874685201793909
1065.0 0.10426683584228158
1066.0 0.10954755125567317
1067.0 0.11482826666906476
1068.0 0.12151726987212896
1069.0 0.12820630799978971
1070.0 0.1384624862112105
1071.0 0.14871865278109908
1072.0 0.16149103175848722
1073.0 0.174263387452811
1074.0 0.18785670399665833
1075.0 0.20145007874816656
1076.0 0.21481902804225683
1077.0 0.22818793077021837
1078.0 0.24213427677750587
1079.0 0.25608057621866465
1080.0 0.27372746262699366
1081.0 0.2913743257522583
1082.0 0.31937502790242434
1083.0 0.34737573005259037
1084.0 0.386604736559093
1085.0 0.4258337430655956
1086.0 0.4609895870089531
1087.0 0.49614538438618183
1088.0 0.5602038931101561
1089.0 0.6242623552680016
1090.0 0.7013044785708189
1091.0 0.7783465553075075
1092.0 0.8086642250418663
1093.0 0.838981568813324
1094.0 0.8767702616751194
1095.0 0.9145587682723999
1096.0 0.9610321372747421
1097.0 1.0075057856738567
1098.0 1.0320181958377361
1099.0 1.0565307922661304
1100.0 1.2195097282528877
1101.0 1.3824883848428726
