lsstCam/transmission_filter_detector/r13_s01/g_6/19700101T000000.ecsv
# %ECSV 1.0
# ---
# datatype:
# - {name: wavelength, unit: nm, datatype: float32}
# - {name: efficiency, unit: '%', datatype: float64}
# meta: !!omap
# - {MODE: DETECTOR}
# - {TYPE: transmission_filter_detector}
# - {CALIBDATE: '1970-01-01T00:00:00'}
# - {INSTRUME: LSSTCam}
# - {OBSTYPE: transmission_filter_detector}
# - {CALIBCLS: lsst.ip.isr.IntermediateFilterDetectorTransmissionCurve}
# - {SOURCE: Materion (DM-46256)}
# - {DETECTOR: 55}
# - {FILTER: g_6}
# - {CALIB_ID: 'calibDate=1970-01-01T00:00:00 filter=g_6 detector=55'}
# - {DATE: '2025-04-02T15:59:42.281864'}
# - {CALIB_CREATION_DATE: '2025-04-02'}
# - {CALIB_CREATION_TIME: '15:59:42'}
# - __serialized_columns__:
#     efficiency:
#       __class__: astropy.units.quantity.Quantity
#       unit: !astropy.units.Unit {unit: '%'}
#       value: !astropy.table.SerializedColumn {name: efficiency}
#     wavelength:
#       __class__: astropy.units.quantity.Quantity
#       unit: !astropy.units.Unit {unit: nm}
#       value: !astropy.table.SerializedColumn {name: wavelength}
# schema: astropy-2.0
wavelength efficiency
300.0 0.5138315260410309
301.0 0.378616014495492
302.0 0.24340045638382435
303.0 0.2190744737163186
304.0 0.19474844448268414
305.0 0.20268757361918688
306.0 0.21062670275568962
307.0 0.21702316589653492
308.0 0.22341962903738022
309.0 0.2207295037806034
310.0 0.21803942508995533
311.0 0.2105128252878785
312.0 0.2029862254858017
313.0 0.20131319761276245
314.0 0.19964014645665884
315.0 0.1889173872768879
316.0 0.17819467466324568
317.0 0.1796790398657322
318.0 0.18116342835128307
319.0 0.1645846525207162
320.0 0.14800585340708494
321.0 0.14086422743275762
322.0 0.13372257817536592
323.0 0.11423181276768446
324.0 0.09474108228459954
325.0 0.0868891947902739
326.0 0.07903730147518218
327.0 0.0712859386112541
328.0 0.06353456992655993
329.0 0.061066425405442715
330.0 0.058598280884325504
331.0 0.054273538989946246
332.0 0.04994880291633308
333.0 0.046768467291258276
334.0 0.04358813748694956
335.0 0.0423514487920329
336.0 0.04111475427635014
337.0 0.041849075932987034
338.0 0.04258339467924088
339.0 0.04115140764042735
340.0 0.039719417691230774
341.0 0.03806613676715642
342.0 0.036412858753465116
343.0 0.03260115918237716
344.0 0.028789459611289203
345.0 0.025605002883821726
346.0 0.022420544701162726
347.0 0.021111669775564224
348.0 0.019802791939582676
349.0 0.018157098384108394
350.0 0.6787165999412537
351.0 1.3718489557504654
352.0 0.7998705841600895
353.0 0.770505890250206
354.0 0.7232856005430222
355.0 0.900502223521471
356.0 0.5639857612550259
357.0 0.7768484298139811
358.0 0.6519526243209839
359.0 0.6851143669337034
360.0 0.4847177769988775
361.0 0.9274030104279518
362.0 0.4780613351613283
363.0 0.9132790379226208
364.0 0.42723207734525204
365.0 0.9046019986271858
366.0 0.4785391502082348
367.0 0.6666492205113173
368.0 0.5817720200866461
369.0 0.6442822050303221
370.0 0.49262428656220436
371.0 0.5898170173168182
372.0 0.4269686061888933
373.0 0.6054924335330725
374.0 0.42551769874989986
375.0 0.6011069286614656
376.0 0.3844940569251776
377.0 0.5320594180375338
378.0 0.34546242095530033
379.0 0.5650631617754698
380.0 0.36578404251486063
381.0 0.46288641169667244
382.0 0.5541550926864147
383.0 0.5557334516197443
384.0 0.5461775232106447
385.0 0.5908813327550888
386.0 0.6918324623256922
387.0 0.6931804586201906
388.0 0.8821859955787659
389.0 1.1480791494250298
390.0 1.6218015924096107
391.0 2.5757772848010063
392.0 4.070499539375305
393.0 6.454245746135712
394.0 9.794437885284424
395.0 14.301443099975586
396.0 19.959160685539246
397.0 27.070346474647522
398.0 35.409364104270935
399.0 44.61691379547119
400.0 54.006755352020264
401.0 63.12612295150757
402.0 71.61113023757935
403.0 78.88907790184021
404.0 84.25328135490417
405.0 88.30536007881165
406.0 90.613454580307
407.0 92.48420000076294
408.0 93.54991316795349
409.0 94.12542581558228
410.0 94.33655738830566
411.0 94.23945546150208
412.0 93.87814402580261
413.0 93.6717689037323
414.0 93.4723973274231
415.0 93.58423948287964
416.0 93.93937587738037
417.0 94.26474571228027
418.0 94.77958679199219
419.0 95.30491828918457
420.0 95.89159488677979
421.0 96.45256400108337
422.0 96.58564329147339
423.0 96.8203604221344
424.0 96.651691198349
425.0 96.5129554271698
426.0 96.53046131134033
427.0 96.59790992736816
428.0 96.38965129852295
429.0 96.25065326690674
430.0 96.02581858634949
431.0 96.0904598236084
432.0 96.06261849403381
433.0 96.18802070617676
434.0 96.30705118179321
435.0 96.46825790405273
436.0 96.47604823112488
437.0 96.50588035583496
438.0 96.54719829559326
439.0 96.63262367248535
440.0 96.63099646568298
441.0 96.71441912651062
442.0 96.73277139663696
443.0 96.718829870224
444.0 96.67441844940186
445.0 96.46005034446716
446.0 96.2726354598999
447.0 96.05295062065125
448.0 96.03644013404846
449.0 96.18721008300781
450.0 96.41292691230774
451.0 96.60578966140747
452.0 96.82487845420837
453.0 96.93424105644226
454.0 97.01558351516724
455.0 97.32291102409363
456.0 97.43669629096985
457.0 97.5462019443512
458.0 97.51091003417969
459.0 97.60164022445679
460.0 97.62442708015442
461.0 97.75660037994385
462.0 97.67966866493225
463.0 97.5963830947876
464.0 97.75311946868896
465.0 97.62529134750366
466.0 97.5929856300354
467.0 97.65047430992126
468.0 97.66411185264587
469.0 97.72397875785828
470.0 97.53491878509521
471.0 97.4600076675415
472.0 97.5024938583374
473.0 97.3937451839447
474.0 97.26579189300537
475.0 97.34179973602295
476.0 97.31690287590027
477.0 97.37364649772644
478.0 97.47434854507446
479.0 97.43184447288513
480.0 97.62710332870483
481.0 97.67624735832214
482.0 97.86708354949951
483.0 97.78149724006653
484.0 97.90071845054626
485.0 97.99449443817139
486.0 98.00010323524475
487.0 98.06025624275208
488.0 98.05837869644165
489.0 98.13856482505798
490.0 98.10178875923157
491.0 98.14122319221497
492.0 98.05190563201904
493.0 98.08216691017151
494.0 98.02084565162659
495.0 98.10853004455566
496.0 97.88959622383118
497.0 97.82998561859131
498.0 97.6357638835907
499.0 97.65370488166809
500.0 97.57095575332642
501.0 97.54987955093384
502.0 97.46280312538147
503.0 97.59875535964966
504.0 97.40232825279236
505.0 97.44697213172913
506.0 97.48642444610596
507.0 97.4405288696289
508.0 97.4144995212555
509.0 97.43629693984985
510.0 97.32086062431335
511.0 97.3573625087738
512.0 97.25654721260071
513.0 97.33574390411377
514.0 97.31360673904419
515.0 97.38215208053589
516.0 97.45587110519409
517.0 97.4743902683258
518.0 97.49650955200195
519.0 97.5057303905487
520.0 97.58942127227783
521.0 97.69623875617981
522.0 97.69738912582397
523.0 97.63853549957275
524.0 97.72009253501892
525.0 97.67414927482605
526.0 97.81010150909424
527.0 97.78510332107544
528.0 97.85339832305908
529.0 97.93793559074402
530.0 97.96088933944702
531.0 98.08793067932129
532.0 97.97871112823486
533.0 97.98176288604736
534.0 98.05511236190796
535.0 97.82602190971375
536.0 97.53789901733398
537.0 97.04387187957764
538.0 96.26990556716919
539.0 95.00287175178528
540.0 93.34568977355957
541.0 90.864098072052
542.0 88.18726539611816
543.0 84.670090675354
544.0 80.15778660774231
545.0 76.17443203926086
546.0 71.2198555469513
547.0 66.64324998855591
548.0 62.043774127960205
549.0 57.877856492996216
550.0 54.60048317909241
551.0 51.391756534576416
552.0 48.998814821243286
553.0 46.51115536689758
554.0 43.72771084308624
555.0 40.637290477752686
556.0 36.523547768592834
557.0 31.716188788414
558.0 26.3710618019104
559.0 21.03496789932251
560.0 15.783663094043732
561.0 10.855652391910553
562.0 7.07341730594635
563.0 4.203944653272629
564.0 2.329307794570923
565.0 1.1499249376356602
566.0 0.6052312906831503
567.0 0.3126594703644514
568.0 0.19155872287228703
569.0 0.10429478716105223
570.0 0.09190969285555184
571.0 0.058069423539564013
572.0 0.06314378115348518
573.0 0.037623083335347474
574.0 0.038980250246822834
575.0 0.028741694404743612
576.0 0.03853737725876272
577.0 0.02568878117017448
578.0 0.029944823472760618
579.0 0.01982237445190549
580.0 0.03250074805691838
581.0 0.028745780582539737
582.0 0.017666468920651823
583.0 0.02241032343590632
584.0 0.01967821881407872
585.0 0.01784005871741101
586.0 0.03190863935742527
587.0 0.021724103135056794
588.0 0.01824606879381463
589.0 0.014463897969108075
590.0 0.019115651957690716
591.0 0.01461846986785531
592.0 0.018560508033260703
593.0 0.008406909910263494
594.0 0.021342362742871046
595.0 0.013027753448113799
596.0 0.01270155335078016
597.0 0.0063683895859867334
598.0 0.002952496834041085
599.0 0.0024697108528926037
600.0 0.01026186509989202
601.0 0.002499916263332125
602.0 0.002549571763665881
603.0 0.0025992269002017565
604.0 0.0023125632651499473
605.0 0.0020258994481991976
606.0 0.002023722481681034
607.0 0.00202154533326393
608.0 0.0018784538042382337
609.0 0.0017353622752125375
610.0 0.0018456546968081966
611.0 0.001955946754605975
612.0 0.001857740426203236
613.0 0.001759534097800497
614.0 0.001778124351403676
615.0 0.0017967149688047357
616.0 0.001943975075846538
617.0 0.0020912353647872806
618.0 0.0019051871277042665
619.0 0.0017191390725201927
620.0 0.001646552118472755
621.0 0.0015739651644253172
622.0 0.0014817795090493746
623.0 0.0013895933989260811
624.0 0.0014155139979266096
625.0 0.0014414346878766082
626.0 0.0013406895959633403
627.0 0.001239944867847953
628.0 0.001409129072271753
629.0 0.001578313640493434
630.0 0.0014492835362034384
631.0 0.001320252977166092
632.0 0.001412301389791537
633.0 0.0015043493476696312
634.0 0.0014385189388121944
635.0 0.0013726880752074067
636.0 0.0013820372259942815
637.0 0.0013913870134274475
638.0 0.0013094003406877164
639.0 0.0012274136679479852
640.0 0.0011482296940812375
641.0 0.0010690454473660793
642.0 0.0012956215869053267
643.0 0.0015221979083435144
644.0 0.0013943121302872896
645.0 0.0012664260793826543
646.0 0.001271970359084662
647.0 0.00127751472973614
648.0 0.0011512764103827067
649.0 0.001025037909130333
650.0 0.001241740847035544
651.0 0.001458443239243934
652.0 0.001194694050354883
653.0 0.0009309448614658322
654.0 0.0010536886293266434
655.0 0.0011764324881369248
656.0 0.001201078703161329
657.0 0.001225724827236263
658.0 0.001109554523281986
659.0 0.0009933845831255894
660.0 0.0009358659553981852
661.0 0.0008783474186202511
662.0 0.001031195370160276
663.0 0.0011840435035992414
664.0 0.0012088137737009674
665.0 0.001233583770954283
666.0 0.0011466657269920688
667.0 0.001059747319231974
668.0 0.001131459794123657
669.0 0.0012031720871163998
670.0 0.0011738600733224303
671.0 0.0011445478776295204
672.0 0.0011844687833217904
673.0 0.0012243894161656499
674.0 0.0011868260116898455
675.0 0.0011492625162645709
676.0 0.0010578869478194974
677.0 0.0009665111065260135
678.0 0.0010727991138992365
679.0 0.0011790872122219298
680.0 0.0010728129382187035
681.0 0.000966538573266007
682.0 0.0010240537449135445
683.0 0.001081568916561082
684.0 0.0009348384082841221
685.0 0.0007881079000071622
686.0 0.0009983815289160702
687.0 0.0012086551578249782
688.0 0.001185070777864894
689.0 0.0011614864888542797
690.0 0.0010264134289172944
691.0 0.0008913404599297792
692.0 0.0009129164936894085
693.0 0.0009344925274490379
694.0 0.0010199385542364325
695.0 0.0011053843081754167
696.0 0.0011503687346703373
697.0 0.0011953527973673772
698.0 0.0012909806173411198
699.0 0.0013866084373148624
700.0 0.0011622486454143655
701.0 0.0009378886716149282
702.0 0.0011071546396124177
703.0 0.0012764204257109668
704.0 0.0012391342352202628
705.0 0.001201847680931678
706.0 0.0011472422556835227
707.0 0.0010926371032837778
708.0 0.0011113699656561948
709.0 0.0011301030099275522
710.0 0.0011625817933236249
711.0 0.0011950610314670485
712.0 0.0011705817087204196
713.0 0.0011461024769232608
714.0 0.001214531857840484
715.0 0.0012829614206566475
716.0 0.0014492507943941746
717.0 0.0016155405319295824
718.0 0.0018561438992037438
719.0 0.002096747084578965
720.0 0.0017298998500336893
721.0 0.001363052251690533
722.0 0.0014950321201467887
723.0 0.0016270125342998654
724.0 0.0015942208847263828
725.0 0.0015614294170518406
726.0 0.0017488990124547854
727.0 0.0019363686078577302
728.0 0.0020341414710856043
729.0 0.002131914152414538
730.0 0.0020429039068403654
731.0 0.001953893661266193
732.0 0.0018528977307141759
733.0 0.0017519021639600396
734.0 0.0015635623640264384
735.0 0.001375222927890718
736.0 0.0012003273695881944
737.0 0.0010254316293867305
738.0 0.0010159893463423941
739.0 0.0010065468813991174
740.0 0.0008866061762091704
741.0 0.0007666651981708128
742.0 0.0007868219654483255
743.0 0.0008069787327258382
744.0 0.0008885977877071127
745.0 0.0009702171155367978
746.0 0.0009652512744651176
747.0 0.0009602855243429076
748.0 0.0011391624866519123
749.0 0.0013180395399103872
750.0 0.0011111503226857167
751.0 0.0009042614692589268
752.0 0.0007944548997329548
753.0 0.0006846485575806582
754.0 0.0008510721272614319
755.0 0.0010174957424169406
756.0 0.0009602658792573493
757.0 0.0009030361070472281
758.0 0.0008998836165119428
759.0 0.0008967314897745382
760.0 0.0007231187737488654
761.0 0.0005495060577231925
762.0 0.0006332147677312605
763.0 0.0007169232958403882
764.0 0.0008420754966209643
765.0 0.0009672279702499509
766.0 0.0008418541256105527
767.0 0.0007164802809711546
768.0 0.0005647865691571496
769.0 0.0004130928118684096
770.0 0.0003590136429920676
771.0 0.00030493449685309315
772.0 0.0005171275915927254
773.0 0.0007293208000191953
774.0 0.000852234643389238
775.0 0.000975148577708751
776.0 0.0008926953341870103
777.0 0.0008102420906652696
778.0 0.000753032099964912
779.0 0.0006958221547392895
780.0 0.00067574137574411
781.0 0.0006556605057994602
782.0 0.0006143316113593755
783.0 0.0005730025350203505
784.0 0.0007296000148926396
785.0 0.0008861974492901936
786.0 0.0007786452442815062
787.0 0.0006710934485454345
788.0 0.00040843010538083035
789.0 0.0001457668872717477
790.0 0.00014786969586566556
791.0 0.0001499724817222159
792.0 0.00023372640498564579
793.0 0.0003174803168803919
794.0 0.0002792600753309671
795.0 0.0002410398565189098
796.0 0.00038923262764001265
797.0 0.0005374253305490129
798.0 0.0005050630534242373
799.0 0.0004727007762994617
800.0 0.0005200933173910016
801.0 0.0005674859949067468
802.0 0.0004668090241466416
803.0 0.0003661321443360066
804.0 0.0003192961457898491
805.0 0.00027246026093052933
806.0 0.0003073627567573567
807.0 0.0003422652753215516
808.0 0.00040350159906665795
809.0 0.0004647379682864994
810.0 0.0003441560011196998
811.0 0.00022357401121553266
812.0 0.0002246000121886027
813.0 0.00022562596768693766
814.0 0.0003402631818971713
815.0 0.0004549004188447725
816.0 0.000522624623044976
817.0 0.0005903486453462392
818.0 0.00039860074139141943
819.0 0.0002068528601739672
820.0 0.0003851414930977626
821.0 0.0005634300578094553
822.0 0.0004711447218141984
823.0 0.0003788594312936766
824.0 0.00042139495235460345
825.0 0.0004639304279407952
826.0 0.0005759648502134951
827.0 0.0006879992270114599
828.0 0.0005699498160538496
829.0 0.0004519003596215043
830.0 0.0004094781161256833
831.0 0.00036705584989249473
832.0 0.000538037920705392
833.0 0.0007090198778314516
834.0 0.0005556660653383005
835.0 0.0004023122073704144
836.0 0.0004457234354049433
837.0 0.0004891347089142073
838.0 0.00046827158257656265
839.0 0.0004474085017136531
840.0 0.0005709478955395753
841.0 0.0006944872438907623
842.0 0.00037516883821808733
843.0 5.5850284752523294e-05
844.0 0.0001017906583911099
845.0 0.00014773102066101274
846.0 0.00039598362491233274
847.0 0.0006442363428504905
848.0 0.0005912067081226269
849.0 0.0005381771188694984
850.0 0.0005059008799435105
851.0 0.00047362468649225775
852.0 0.0005455266546050552
853.0 0.000617428258919972
854.0 0.0005773917564511066
855.0 0.000537355117558036
856.0 0.0005664638592861593
857.0 0.0005955726464890176
858.0 0.0005881628112547332
859.0 0.0005807529760204488
860.0 0.0005649724243994569
861.0 0.00054919182730373
862.0 0.0005520024842553539
863.0 0.000554813186681713
864.0 0.0004715664999821456
865.0 0.00038831990423204843
866.0 0.0004289203843654832
867.0 0.00046952090997365303
868.0 0.0006421716079785256
869.0 0.0008148223059833981
870.0 0.0006303283498709789
871.0 0.00044583416638488416
872.0 0.0003697902684507426
873.0 0.0002937462568297633
874.0 0.00037815127598150866
875.0 0.00046255631787062157
876.0 0.0005932373824180104
877.0 0.000723918356015929
878.0 0.0007257008746819338
879.0 0.0007274833023984684
880.0 0.0006768880666641053
881.0 0.0006262931492528878
882.0 0.000555006590730045
883.0 0.0004837202595808776
884.0 0.0005510388291440904
885.0 0.0006183576260809787
886.0 0.000692620324116433
887.0 0.0007668833859497681
888.0 0.0005976665306661744
889.0 0.0004284498118067859
890.0 0.0005471183158078929
891.0 0.0006657870017079404
892.0 0.0005624150617222767
893.0 0.0004590431672113482
894.0 0.00046873533392499667
895.0 0.00047842754611338023
896.0 0.0002670184358066763
897.0 5.5609302762604784e-05
898.0 0.00021749983716290444
899.0 0.0003793903715632041
900.0 0.00031953584311850136
901.0 0.0002596813146737986
902.0 0.00047639714466640726
903.0 0.0006931129973963834
904.0 0.00040014392652665265
905.0 0.00010717475333876791
906.0 0.0002994437863890198
