lsstCam/transmission_filter_detector/r24_s11/g_6/19700101T000000.ecsv
# %ECSV 1.0
# ---
# datatype:
# - {name: wavelength, unit: nm, datatype: float32}
# - {name: efficiency, unit: '%', datatype: float64}
# meta: !!omap
# - {MODE: DETECTOR}
# - {TYPE: transmission_filter_detector}
# - {CALIBDATE: '1970-01-01T00:00:00'}
# - {INSTRUME: LSSTCam}
# - {OBSTYPE: transmission_filter_detector}
# - {CALIBCLS: lsst.ip.isr.IntermediateFilterDetectorTransmissionCurve}
# - {SOURCE: Materion (DM-46256)}
# - {DETECTOR: 112}
# - {FILTER: g_6}
# - {CALIB_ID: 'calibDate=1970-01-01T00:00:00 filter=g_6 detector=112'}
# - {DATE: '2025-04-02T15:59:42.546663'}
# - {CALIB_CREATION_DATE: '2025-04-02'}
# - {CALIB_CREATION_TIME: '15:59:42'}
# - __serialized_columns__:
#     efficiency:
#       __class__: astropy.units.quantity.Quantity
#       unit: !astropy.units.Unit {unit: '%'}
#       value: !astropy.table.SerializedColumn {name: efficiency}
#     wavelength:
#       __class__: astropy.units.quantity.Quantity
#       unit: !astropy.units.Unit {unit: nm}
#       value: !astropy.table.SerializedColumn {name: wavelength}
# schema: astropy-2.0
wavelength efficiency
[from data line 607]
907.0 0.0005576816874963697
908.0 0.00048273159336531535
909.0 0.000407781499234261
910.0 0.0003622099711719784
911.0 0.0003166383976349607
912.0 0.00043163454392924905
913.0 0.0005466306902235374
914.0 0.0004197609541733982
915.0 0.000292891218123259
916.0 0.0003171511707478203
917.0 0.0003414111461097491
918.0 0.00034717461403488414
919.0 0.00035293810469738673
920.0 0.00037918832731520524
921.0 0.00040543854993302375
922.0 0.00045619322008860763
923.0 0.0005069478902441915
924.0 0.0004572682883008383
925.0 0.00040758864088275004
926.0 0.0004631501724361442
927.0 0.0005187117949390085
928.0 0.0005755634447268676
929.0 0.0006324152309389319
930.0 0.0005499965027411235
931.0 0.0004675777290685801
932.0 0.0005277862783259479
933.0 0.000587994964007521
934.0 0.0005832688202644931
935.0 0.0005785427674709354
936.0 0.0004909368726657704
937.0 0.0004033311142848106
938.0 0.0005448331648949534
939.0 0.0006863353519293014
940.0 0.0006342876531562069
941.0 0.0005822399089083774
942.0 0.0006550932994286995
943.0 0.0007279466444742866
944.0 0.0007368047135969391
945.0 0.0007456627372448565
946.0 0.0007572491995233577
947.0 0.0007688356163271237
948.0 0.0008626567250757944
949.0 0.0009564779247739352
950.0 0.0009228076123690698
951.0 0.0008891372999642044
952.0 0.0008861473361321259
953.0 0.0008831571904011071
954.0 0.0008092201824183576
955.0 0.0007352830834861379
956.0 0.000670023064230918
957.0 0.0006047629995009629
958.0 0.0006472187124018092
959.0 0.0006896743798279203
960.0 0.0006506277713924646
961.0 0.0006115809355833335
962.0 0.0006627830771321896
963.0 0.0007139851732063107
964.0 0.0006990944712015335
965.0 0.000684203678247286
966.0 0.0006814861080783885
967.0 0.0006787684924347559
968.0 0.0006745342943759169
969.0 0.000670300096317078
970.0 0.0006603023393836338
971.0 0.0006503045369754545
972.0 0.0007930062565719709
973.0 0.0009357080671179574
974.0 0.0009153854080068413
975.0 0.0008950628398451954
976.0 0.0008649633855384309
977.0 0.0008348641131306067
978.0 0.0009453786333324388
979.0 0.001055893244483741
980.0 0.0010163456863665488
981.0 0.0009767981282493565
982.0 0.000944365092436783
983.0 0.0009119321475736797
984.0 0.0009592306014383212
985.0 0.001006529237201903
986.0 0.0011498349522298668
987.0 0.0012931405763083603
988.0 0.0013372148714552168
989.0 0.001381289075652603
990.0 0.0014357839063450228
991.0 0.001490278918936383
992.0 0.0014501320038107224
993.0 0.0014099853615334723
994.0 0.0014399646715901326
995.0 0.0014699442544952035
996.0 0.0014236996321415063
997.0 0.001377455009787809
998.0 0.0014274291061155964
999.0 0.001477403384342324
1000.0 0.0013632286027132068
1001.0 0.0012490537301346194
1002.0 0.0012542879630927928
1003.0 0.0012595220141520258
1004.0 0.0012638513908314053
1005.0 0.0012681806765613146
1006.0 0.001441387394152116
1007.0 0.001614593929843977
1008.0 0.0015572151824017055
1009.0 0.0014998367987573147
1010.0 0.0016237350791925564
1011.0 0.0017476333596277982
1012.0 0.001836454976000823
1013.0 0.0019252767742727883
1014.0 0.0020601308278855868
1015.0 0.0021949850633973256
1016.0 0.0024448685508104973
1017.0 0.002694752038223669
1018.0 0.0028913440473843366
1019.0 0.0030879360565450042
1020.0 0.0032873856980586424
1021.0 0.0034868357033701614
1022.0 0.0036026649468112737
1023.0 0.003718494190252386
1024.0 0.0038423975638579577
1025.0 0.003966300937463529
1026.0 0.004129466833546758
1027.0 0.004292632729629986
1028.0 0.004556892963591963
1029.0 0.004821153561351821
1030.0 0.004802668263437226
1031.0 0.004784182965522632
1032.0 0.005055935980635695
1033.0 0.005327688995748758
1034.0 0.0053456929890671745
1035.0 0.005363697346183471
1036.0 0.005489469549502246
1037.0 0.0056152421166189015
1038.0 0.005892612171010114
1039.0 0.006169982225401327
1040.0 0.006362649583024904
1041.0 0.006555316940648481
1042.0 0.006795886292820796
1043.0 0.00703645491739735
1044.0 0.007447058305842802
1045.0 0.007857661694288254
1046.0 0.008803493255982175
1047.0 0.009749324090080336
1048.0 0.011070368782384321
1049.0 0.012391411291901022
1050.0 0.014712876873090863
1051.0 0.01703433954389766
1052.0 0.020693911937996745
1053.0 0.0243534886976704
1054.0 0.02934193762484938
1055.0 0.03433038655202836
1056.0 0.0410521577578038
1057.0 0.04777392605319619
1058.0 0.05528720794245601
1059.0 0.06280048983171582
1060.0 0.0705597281921655
1061.0 0.07831896073184907
1062.0 0.08524755830876529
1063.0 0.09217612096108496
1064.0 0.09723948314785957
1065.0 0.10230282787233591
1066.0 0.1072316081263125
1067.0 0.11216040002182126
1068.0 0.11844990076497197
1069.0 0.12473943643271923
1070.0 0.1343521405942738
1071.0 0.14396485639736056
1072.0 0.1565417624078691
1073.0 0.16911865677684546
1074.0 0.18362514674663544
1075.0 0.19813165999948978
1076.0 0.21257400512695312
1077.0 0.2270163269713521
1078.0 0.24122551549226046
1079.0 0.2554347040131688
1080.0 0.27314149774610996
1081.0 0.2908482449129224
1082.0 0.3172999480739236
1083.0 0.3437516512349248
1084.0 0.3845283528789878
1085.0 0.4253051243722439
1086.0 0.46003288589417934
1087.0 0.49476069398224354
1088.0 0.5581930745393038
1089.0 0.6216254085302353
1090.0 0.6978847086429596
1091.0 0.7741440087556839
1092.0 0.8025906048715115
1093.0 0.8310369215905666
1094.0 0.8673735894262791
1095.0 0.903710164129734
1096.0 0.9462904185056686
1097.0 0.9888707660138607
1098.0 1.0299494490027428
1099.0 1.0710282251238823
1100.0 1.1988013051450253
1101.0 1.3265741989016533
