lsstCam/transmission_filter_detector/r24_s11/g_6/19700101T000000.ecsv
# %ECSV 1.0
# ---
# datatype:
# - {name: wavelength, unit: nm, datatype: float32}
# - {name: efficiency, unit: '%', datatype: float64}
# meta: !!omap
# - {MODE: DETECTOR}
# - {TYPE: transmission_filter_detector}
# - {CALIBDATE: '1970-01-01T00:00:00'}
# - {INSTRUME: LSSTCam}
# - {OBSTYPE: transmission_filter_detector}
# - {CALIBCLS: lsst.ip.isr.IntermediateFilterDetectorTransmissionCurve}
# - {SOURCE: Materion (DM-46256)}
# - {DETECTOR: 112}
# - {FILTER: g_6}
# - {CALIB_ID: 'calibDate=1970-01-01T00:00:00 filter=g_6 detector=112'}
# - {DATE: '2025-04-02T15:59:42.546663'}
# - {CALIB_CREATION_DATE: '2025-04-02'}
# - {CALIB_CREATION_TIME: '15:59:42'}
# - __serialized_columns__:
#     efficiency:
#       __class__: astropy.units.quantity.Quantity
#       unit: !astropy.units.Unit {unit: '%'}
#       value: !astropy.table.SerializedColumn {name: efficiency}
#     wavelength:
#       __class__: astropy.units.quantity.Quantity
#       unit: !astropy.units.Unit {unit: nm}
#       value: !astropy.table.SerializedColumn {name: wavelength}
# schema: astropy-2.0
wavelength efficiency
300.0 0.44249212369322777
301.0 0.34502262715250254
302.0 0.24755310732871294
303.0 0.22948719561100006
304.0 0.21142128389328718
305.0 0.21346788853406906
306.0 0.21551446989178658
307.0 0.21700018551200628
308.0 0.21848592441529036
309.0 0.21388833411037922
310.0 0.20929074380546808
311.0 0.2030419884249568
312.0 0.19679323304444551
313.0 0.18832144560292363
314.0 0.17984965816140175
315.0 0.17863867105916142
316.0 0.17742773052304983
317.0 0.17541686538606882
318.0 0.17340604681521654
319.0 0.16289626946672797
320.0 0.15238646883517504
321.0 0.14258809387683868
322.0 0.13278971891850233
323.0 0.11734316358342767
324.0 0.10189661988988519
325.0 0.09097589063458145
326.0 0.08005514973774552
327.0 0.07245410815812647
328.0 0.06485306075774133
329.0 0.06164925289340317
330.0 0.05844543920829892
331.0 0.05418758373707533
332.0 0.04992973408661783
333.0 0.04674594383686781
334.0 0.04356215649750084
335.0 0.042067933827638626
336.0 0.04057371406815946
337.0 0.04119504883419722
338.0 0.041816383600234985
339.0 0.04087463894393295
340.0 0.039932894287630916
341.0 0.037851580418646336
342.0 0.0357702694600448
343.0 0.032582509447820485
344.0 0.029394749435596168
345.0 0.025845199706964195
346.0 0.02229564997833222
347.0 0.02101437421515584
348.0 0.019733095541596413
349.0 0.018104583432432264
350.0 0.716495793312788
351.0 0.7797307800501585
352.0 0.7386571262031794
353.0 0.8777190931141376
354.0 0.6413176190108061
355.0 0.7433659862726927
356.0 0.43684537522494793
357.0 0.8784167468547821
358.0 0.5628732964396477
359.0 0.6862218957394361
360.0 0.571000250056386
361.0 0.7289642468094826
362.0 0.5508141126483679
363.0 0.8768493309617043
364.0 0.7325122132897377
365.0 0.7541758008301258
366.0 0.5490078125149012
367.0 0.7702963426709175
368.0 0.4768819082528353
369.0 0.5905234720557928
370.0 0.475327018648386
371.0 0.5800784565508366
372.0 0.43169991113245487
373.0 0.532129779458046
374.0 0.3911187406629324
375.0 0.6105153355747461
376.0 0.3972128499299288
377.0 0.5775369238108397
378.0 0.3429599106311798
379.0 0.5453014280647039
380.0 0.3416892606765032
381.0 0.5496647674590349
382.0 0.5552648566663265
383.0 0.4509035497903824
384.0 0.6183285731822252
385.0 0.59733004309237
386.0 0.6615139078348875
387.0 0.7893280126154423
388.0 0.9341645985841751
389.0 1.261409930884838
390.0 1.790563389658928
391.0 2.817760780453682
392.0 4.3549105525016785
393.0 6.9678060710430145
394.0 10.505655407905579
395.0 15.182071924209595
396.0 21.060241758823395
397.0 28.48222851753235
398.0 36.98262870311737
399.0 46.37364447116852
400.0 55.7345449924469
401.0 64.72578644752502
402.0 72.94419407844543
403.0 79.80901598930359
404.0 84.84737873077393
405.0 88.52365016937256
406.0 90.68316221237183
407.0 92.28646159172058
408.0 93.29679012298584
409.0 93.81449818611145
410.0 93.99991035461426
411.0 93.83639097213745
412.0 93.52093935012817
413.0 93.28665733337402
414.0 93.08489561080933
415.0 93.25740933418274
416.0 93.63974332809448
417.0 94.00060176849365
418.0 94.49573755264282
419.0 95.07901072502136
420.0 95.55019736289978
421.0 96.13612294197083
422.0 96.26858830451965
423.0 96.47162556648254
424.0 96.2994933128357
425.0 96.1517333984375
426.0 96.16305828094482
427.0 96.20358943939209
428.0 96.03393077850342
429.0 95.85517644882202
430.0 95.71444392204285
431.0 95.79304456710815
432.0 95.80705761909485
433.0 95.93296647071838
434.0 95.96874713897705
435.0 96.1313247680664
436.0 96.22796773910522
437.0 96.16613388061523
438.0 96.22341394424438
439.0 96.3107168674469
440.0 96.26177549362183
441.0 96.46602272987366
442.0 96.40997052192688
443.0 96.37560248374939
444.0 96.30603790283203
445.0 96.03990316390991
446.0 95.92991471290588
447.0 95.69721817970276
448.0 95.68396210670471
449.0 95.90334892272949
450.0 96.09050154685974
451.0 96.36518955230713
452.0 96.51339054107666
453.0 96.62755727767944
454.0 96.6806709766388
455.0 96.96910977363586
456.0 97.09492325782776
457.0 97.19892740249634
458.0 97.20792174339294
459.0 97.28360772132874
460.0 97.31147885322571
461.0 97.40774035453796
462.0 97.2779631614685
463.0 97.2338616847992
464.0 97.29997515678406
465.0 97.21949696540833
466.0 97.22954630851746
467.0 97.26257920265198
468.0 97.28735089302063
469.0 97.31106758117676
470.0 97.1539318561554
471.0 97.0154345035553
472.0 97.11024761199951
473.0 96.97961211204529
474.0 96.86077237129211
475.0 96.95396423339844
476.0 96.97973728179932
477.0 97.01347947120667
478.0 97.1459150314331
479.0 97.10777997970581
480.0 97.27835059165955
481.0 97.34634160995483
482.0 97.57201671600342
483.0 97.46856093406677
484.0 97.6572036743164
485.0 97.67839908599854
486.0 97.67816066741943
487.0 97.69918322563171
488.0 97.76155948638916
489.0 97.86642789840698
490.0 97.8322982788086
491.0 97.84819483757019
492.0 97.74166345596313
493.0 97.78586030006409
494.0 97.73160815238953
495.0 97.79494404792786
496.0 97.62494564056396
497.0 97.58440256118774
498.0 97.39187955856323
499.0 97.39146828651428
500.0 97.34678268432617
501.0 97.3448395729065
502.0 97.26799726486206
503.0 97.3929226398468
504.0 97.19475507736206
505.0 97.1938967704773
506.0 97.26653099060059
507.0 97.17667698860168
508.0 97.20949530601501
509.0 97.19521403312683
510.0 97.16355204582214
511.0 97.14299440383911
512.0 97.07369804382324
513.0 97.15151786804199
514.0 97.13651537895203
515.0 97.12495803833008
516.0 97.26376533508301
517.0 97.25038409233093
518.0 97.31985926628113
519.0 97.29889631271362
520.0 97.36272692680359
521.0 97.47483730316162
522.0 97.43734002113342
523.0 97.42799401283264
524.0 97.43972420692444
525.0 97.43394255638123
526.0 97.51562476158142
527.0 97.4536120891571
528.0 97.53780961036682
529.0 97.6416826248169
530.0 97.66291975975037
531.0 97.75573015213013
532.0 97.67102599143982
533.0 97.70634174346924
534.0 97.66817092895508
535.0 97.46823906898499
536.0 97.13667631149292
537.0 96.510249376297
538.0 95.70195078849792
539.0 94.27056908607483
540.0 92.55080223083496
541.0 89.89795446395874
542.0 87.06804513931274
543.0 83.3549439907074
544.0 78.71842384338379
545.0 74.58974123001099
546.0 69.61063742637634
547.0 65.05584120750427
548.0 60.609740018844604
549.0 56.5778911113739
550.0 53.50731015205383
551.0 50.5109429359436
552.0 48.20624887943268
553.0 45.76261341571808
554.0 42.84842312335968
555.0 39.55576717853546
556.0 35.19569933414459
557.0 30.149856209754944
558.0 24.708864092826843
559.0 19.29192990064621
560.0 14.240728318691254
561.0 9.493854641914368
562.0 6.051629409193993
563.0 3.489069640636444
564.0 1.9107762724161148
565.0 0.9072817862033844
566.0 0.49029295332729816
567.0 0.24806056171655655
568.0 0.1562667777761817
569.0 0.09839782724156976
570.0 0.07771928212605417
571.0 0.04981711972504854
572.0 0.05490172770805657
573.0 0.034759737900458276
574.0 0.042681689956225455
575.0 0.03344644792377949
576.0 0.039253084105439484
577.0 0.02835319028235972
578.0 0.03273654147051275
579.0 0.02259344473714009
580.0 0.02704212092794478
581.0 0.022238900419324636
582.0 0.03382884315215051
583.0 0.013185900752432644
584.0 0.026161159621551633
585.0 0.010422289778944105
586.0 0.014776235911995173
587.0 0.015045137843117118
588.0 0.02076787786791101
589.0 0.015780303510837257
590.0 0.021166494116187096
591.0 0.017469533486291766
592.0 0.008637375867692754
593.0 0.01009400948532857
594.0 0.014453614130616188
595.0 0.011368469131411985
596.0 0.012478759163059294
597.0 0.004348835864220746
598.0 0.010258346446789801
599.0 0.01301984884776175
600.0 0.013632533955387771
601.0 0.002069295624096412
602.0 0.0021294361431500874
603.0 0.0021895766622037627
604.0 0.0020700272216345184
605.0 0.0019504779629642144
606.0 0.0019984236132586375
607.0 0.002046369445452001
608.0 0.0018308832295588218
609.0 0.0016153968317667022
610.0 0.0017377727999701165
611.0 0.001860148950072471
612.0 0.001819701719796285
613.0 0.001779254489520099
614.0 0.0017415315596736036
615.0 0.0017038086298271082
616.0 0.001741541018418502
617.0 0.0017792730432120152
618.0 0.0016827041690703481
619.0 0.001586135294928681
620.0 0.0016168964066309854
621.0 0.0016476578821311705
622.0 0.001557415998831857
623.0 0.0014671740245830733
624.0 0.0014251588254410308
625.0 0.0013831437172484584
626.0 0.0013270776435092557
627.0 0.0012710117516689934
628.0 0.0013570370356319472
629.0 0.0014430625924433116
630.0 0.0013831857359036803
631.0 0.0013233086974651087
632.0 0.0013947033039585222
633.0 0.0014660977285529952
634.0 0.001413577138009714
635.0 0.001361056183668552
636.0 0.0013560864317696542
637.0 0.0013511169527191669
638.0 0.0012467333363019861
639.0 0.0011423494470363948
640.0 0.001149680701928446
641.0 0.001157011774921557
642.0 0.0012575485015986487
643.0 0.0013580851373262703
644.0 0.001254578455700539
645.0 0.0011510717740748078
646.0 0.0012394008081173524
647.0 0.001327729751210427
648.0 0.0012099876585125457
649.0 0.0010922455658146646
650.0 0.0011438309229561128
651.0 0.0011954160981986206
652.0 0.0011492077646835241
653.0 0.0011029995221178979
654.0 0.0011206421731912997
655.0 0.0011382850061636418
656.0 0.0011491682926134672
657.0 0.0011600515790632926
658.0 0.0011277998964942526
659.0 0.0010955484867736232
660.0 0.0009937637514667585
661.0 0.0008919790161598939
662.0 0.0010476088391442318
663.0 0.0012032387530780397
664.0 0.0012113228876842186
665.0 0.001219406749441987
666.0 0.0011589022506086621
667.0 0.0010983974789269269
668.0 0.0011530993106134702
669.0 0.0012078013241989538
670.0 0.0011491099030536134
671.0 0.0010904186638072133
672.0 0.0011046925465052482
673.0 0.001118966429203283
674.0 0.0010821871910593472
675.0 0.001045407680067001
676.0 0.0010195645700150635
677.0 0.0009937210961652454
678.0 0.0010281172762915958
679.0 0.0010625135473674163
680.0 0.0010420444596093148
681.0 0.001021575280901743
682.0 0.0010477549949428067
683.0 0.0010739347089838702
684.0 0.0009588975444785319
685.0 0.0008438602890237235
686.0 0.0009731246791488957
687.0 0.0011023889783245977
688.0 0.0010657910934241954
689.0 0.0010291930266248528
690.0 0.0010133066098205745
691.0 0.000997420102066826
692.0 0.0009872791451925877
693.0 0.0009771382792678196
694.0 0.0010864539035537746
695.0 0.0011957695278397296
696.0 0.0011648376130324323
697.0 0.0011339054253767245
698.0 0.0011834253200504463
699.0 0.0012329452147241682
700.0 0.0011260553037573118
701.0 0.0010191653927904554
702.0 0.0011586326763790566
703.0 0.001298099959967658
704.0 0.001235372110386379
705.0 0.0011726440789061598
706.0 0.0011500688742671628
707.0 0.001127493851527106
708.0 0.001135227648774162
709.0 0.001142961536970688
710.0 0.0011676615940814372
711.0 0.0011923620149900671
712.0 0.0011924355021619704
713.0 0.0011925090802833438
714.0 0.0012462911399779841
715.0 0.0013000732906220946
716.0 0.0014715918950969353
717.0 0.0016431107724201865
718.0 0.0018960803572554141
719.0 0.002149050123989582
720.0 0.0018103075490216725
721.0 0.0014715647921548225
722.0 0.0014891040336806327
723.0 0.001506643366155913
724.0 0.0015685793187003583
725.0 0.0016305151802953333
726.0 0.001760990016919095
727.0 0.0018914646716439165
728.0 0.001976075873244554
729.0 0.0020606872567441314
730.0 0.002093362854793668
731.0 0.002126038452843204
732.0 0.0019411800167290494
733.0 0.0017563219444127753
734.0 0.0015197447282844223
735.0 0.0012831676940550096
736.0 0.0011844011169159785
737.0 0.0010856348126253579
738.0 0.0009836225217441097
739.0 0.0008816104127618019
740.0 0.0008479191819787957
741.0 0.000814227678347379
742.0 0.000800582165538799
743.0 0.0007869367436796892
744.0 0.0009082519682124257
745.0 0.0010295674655935727
746.0 0.0009388482794747688
747.0 0.0008481290933559649
748.0 0.0009863361810857896
749.0 0.0011245433597650845
750.0 0.0010494309208297636
751.0 0.0009743186637933832
752.0 0.0008549091035092715
753.0 0.0007354994522756897
754.0 0.0008215426532842685
755.0 0.0009075859452423174
756.0 0.0008936947779147886
757.0 0.0008798037924862001
758.0 0.0008451041139778681
759.0 0.0008104044354695361
760.0 0.0007509630449931137
761.0 0.0006915215180924861
762.0 0.0006609515821764944
763.0 0.0006303816007857677
764.0 0.0007422134785883827
765.0 0.0008540454473404679
766.0 0.0007668461876164656
767.0 0.0006796468369429931
768.0 0.0006554689207405318
769.0 0.0006312908681138651
770.0 0.0005742658686358482
771.0 0.0005172408236830961
772.0 0.000567741062695859
773.0 0.0006182413017086219
774.0 0.000688741056364961
775.0 0.0007592408564960351
776.0 0.0007437524800479878
777.0 0.0007282640581252053
778.0 0.0006778707302146358
779.0 0.0006274774477788014
780.0 0.0006214757831912721
781.0 0.0006154741186037427
782.0 0.0005679911282641115
783.0 0.0005205080924497452
784.0 0.0005787250302091707
785.0 0.0006369419224938611
786.0 0.0005946923465671716
787.0 0.0005524429525394225
788.0 0.00042147739804931916
789.0 0.00029051188903395087
790.0 0.00036386511510499986
791.0 0.00043721834117604885
792.0 0.0003806570475717308
793.0 0.0003240958221795154
794.0 0.00025932417884177994
795.0 0.00019455255824141204
796.0 0.0003403420123504475
797.0 0.0004861314664594829
798.0 0.00044257549234316684
799.0 0.0003990195182268508
800.0 0.0004617395006789593
801.0 0.0005244595286058029
802.0 0.00042671681512729265
803.0 0.0003289741243861499
804.0 0.0003268962473157444
805.0 0.00032481841572007397
806.0 0.0003410563522265875
807.0 0.00035729431147046853
808.0 0.0003969349563703872
809.0 0.00043657555579557084
810.0 0.0003503131665638648
811.0 0.0002640506863826886
812.0 0.0003140065928164404
813.0 0.00036396247651282465
814.0 0.00033416774840588914
815.0 0.0003043730430363212
816.0 0.00038760804272897076
817.0 0.00047084299694688525
818.0 0.000405252967539127
819.0 0.00033966296086873626
820.0 0.00041093621803156566
821.0 0.0004822094069822924
822.0 0.0005095575488667237
823.0 0.0005369056907511549
824.0 0.0004700977115135174
825.0 0.0004032895958516747
826.0 0.0005264610081212595
827.0 0.0006496323749161093
828.0 0.0005373501608119113
829.0 0.00042506790123297833
830.0 0.00041784910536080133
831.0 0.00041063030948862433
832.0 0.0004985635314369574
833.0 0.0005864967533852905
834.0 0.00045218293962534517
835.0 0.0003178691713401349
836.0 0.0004435044502315577
837.0 0.0005691397745977156
838.0 0.0004957749752065865
839.0 0.00042241022129019257
840.0 0.0004981525307812262
841.0 0.0005738947493227897
842.0 0.00040350837480218615
843.0 0.00023312197754421504
844.0 0.0002742032847891096
845.0 0.0003152846147713717
846.0 0.0004241815986461006
847.0 0.0005330786734702997
848.0 0.0005415260602603666
849.0 0.0005499734470504336
850.0 0.0004854413873545127
851.0 0.0004209093276585918
852.0 0.0004450432697922224
853.0 0.0004691769845521776
854.0 0.0005416055500973016
855.0 0.0006140340246929554
856.0 0.0004985106897947844
857.0 0.0003829873548966134
858.0 0.0003891095275321277
859.0 0.00039523174564237706
860.0 0.00040840886867954396
861.0 0.00042158594624197576
862.0 0.0004901582087768475
863.0 0.0005587304713117192
864.0 0.000534372065885691
865.0 0.0005100136604596628
866.0 0.0005494091510627186
867.0 0.0005888045961910393
868.0 0.0006023307832947467
869.0 0.0006158569249237189
870.0 0.0005403093837230699
871.0 0.00046476179704768583
872.0 0.00039426327020919416
873.0 0.00032376467515859986
874.0 0.0004286035164113855
875.0 0.0005334423349268036
876.0 0.0005455879545479547
877.0 0.0005577335286943708
878.0 0.0005741684617532883
879.0 0.0005906033948122058
880.0 0.0006351781848934479
881.0 0.0006797532478231005
882.0 0.0005435795173980296
883.0 0.00040740592339716386
884.0 0.0004598753548634704
885.0 0.0005123448772792472
886.0 0.0006516994744742988
887.0 0.0007910542080935556
888.0 0.0007173173798946664
889.0 0.000643580506221042
890.0 0.0006459282303694636
891.0 0.0006482759545178851
892.0 0.0006288973054324742
893.0 0.0006095187472965335
894.0 0.0005518942543858429
895.0 0.0004942698069498874
896.0 0.0003527424723870354
897.0 0.00021121511508681579
898.0 0.00031914005376165733
899.0 0.0004270650151738664
900.0 0.00038554126149392687
901.0 0.0003440175532887224
902.0 0.000467181143903872
903.0 0.0005903447345190216
904.0 0.0004014891146653099
905.0 0.00021263342659949558
