lsstCam/transmission_sensor/r42_s12/19700101T000000.ecsv
# %ECSV 1.0
# ---
# datatype:
# - {name: amp_name, datatype: string}
# - {name: wavelength, unit: nm, datatype: float32}
# - {name: efficiency, unit: '%', datatype: float64}
# meta: !!omap
# - {MODE: AMP}
# - {TYPE: transmission_sensor}
# - {CALIBDATE: '1970-01-01T00:00:00'}
# - {INSTRUME: LSSTCAM}
# - {OBSTYPE: transmission_sensor}
# - {DETECTOR: 176}
# - {PARQUETFILE: qe_raft_allvalues_nircorrected_20230725.parquet}
# - {CALIBCLS: lsst.ip.isr.IntermediateSensorTransmissionCurve}
# - {CALIB_ID: 'raftName=R42 detectorName=S12 detector=176 calibDate=1970-01-01T00:00:00 ccd=176 ccdnum=176 filter=None'}
# - {DATE: '2023-08-02T16:57:56.123149'}
# - {CALIB_CREATION_DATE: '2023-08-02'}
# - {CALIB_CREATION_TIME: '16:57:56'}
# - __serialized_columns__:
#     efficiency:
#       __class__: astropy.units.quantity.Quantity
#       unit: !astropy.units.Unit {unit: '%'}
#       value: !astropy.table.SerializedColumn {name: efficiency}
#     wavelength:
#       __class__: astropy.units.quantity.Quantity
#       unit: !astropy.units.Unit {unit: nm}
#       value: !astropy.table.SerializedColumn {name: wavelength}
# schema: astropy-2.0
amp_name wavelength efficiency
C00 319.994 47.33781814575195
C00 324.969 47.06993103027344
C00 349.982 49.39496612548828
C00 374.975 61.94819641113281
C00 400.019 78.59867095947266
C00 424.965 85.24217987060547
C00 450.035 86.69999694824219
C00 475.003 87.90349578857422
C00 500.018 86.22390747070312
C00 525.002 85.50811767578125
C00 550.029 86.41419219970703
C00 575.023 87.65773010253906
C00 599.982 88.1151123046875
C00 619.997 89.23365020751953
C00 624.979 89.49755096435547
C00 650.012 90.51604461669922
C00 675.004 91.79499053955078
C00 700.03 93.55778503417969
C00 725.012 94.6051025390625
C00 750.022 95.65303039550781
C00 774.987 97.4638671875
C00 799.976 97.41007995605469
C00 824.988 98.20087432861328
C00 850.022 97.67607879638672
C00 869.967 96.15825653076172
C00 875.002 95.2668228149414
C00 899.999 90.47435760498047
C00 919.999 84.15187072753906
C00 925.012 81.80868530273438
C00 949.965 71.00865936279297
C00 975.002 55.79220962524414
C00 999.976 38.47542190551758
C00 1025.028 21.81757164001465
C00 1050.014 10.199623107910156
C00 1075.002 0.9112706036510737
C00 1099.99 0.09041543212716048
C01 319.994 47.591590881347656
C01 324.969 47.23044204711914
C01 349.982 49.21635055541992
C01 374.975 61.60403823852539
C01 400.019 78.4577865600586
C01 424.965 85.37353515625
C01 450.035 87.03704071044922
C01 475.003 88.38741302490234
C01 500.018 86.74922943115234
C01 525.002 86.00263977050781
C01 550.029 86.8346176147461
C01 575.023 87.9761734008789
C01 599.982 88.31704711914062
C01 619.997 89.3553466796875
C01 624.979 89.60850524902344
C01 650.012 90.55950164794922
C01 675.004 91.8087387084961
C01 700.03 93.56254577636719
C01 725.012 94.63851928710938
C01 750.022 95.74959564208984
C01 774.987 97.61807250976562
C01 799.976 97.60997772216797
C01 824.988 98.40790557861328
C01 850.022 97.90966033935547
C01 869.967 96.41068267822266
C01 875.002 95.5452880859375
C01 899.999 90.80951690673828
C01 919.999 84.43012237548828
C01 925.012 82.05067443847656
C01 949.965 71.15087890625
C01 975.002 55.991111755371094
C01 999.976 38.79219055175781
C01 1025.028 22.080116271972656
C01 1050.014 10.360860824584961
C01 1075.002 0.912190023624439
C01 1099.99 0.09050665613226401
C02 319.994 47.647396087646484
C02 324.969 47.20405960083008
C02 349.982 48.830787658691406
C02 374.975 60.98841857910156
C02 400.019 77.99385833740234
C02 424.965 85.15257263183594
C02 450.035 87.01235961914062
C02 475.003 88.47343444824219
C02 500.018 86.86438751220703
C02 525.002 86.09579467773438
C02 550.029 86.84725952148438
C02 575.023 87.919677734375
C02 599.982 88.1774673461914
C02 619.997 89.16600799560547
C02 624.979 89.40726470947266
C02 650.012 90.29827880859375
C02 675.004 91.55010986328125
C02 700.03 93.30750274658203
C02 725.012 94.40676879882812
C02 750.022 95.60161590576172
C02 774.987 97.52106475830078
C02 799.976 97.57518768310547
C02 824.988 98.36358642578125
C02 850.022 97.89476776123047
C02 869.967 96.42501068115234
C02 875.002 95.56520080566406
C02 899.999 90.82581329345703
C02 919.999 84.42082214355469
C02 925.012 82.01848602294922
C02 949.965 71.2178726196289
C02 975.002 56.11378860473633
C02 999.976 38.92304992675781
C02 1025.028 22.161720275878906
C02 1050.014 10.394857406616211
C02 1075.002 0.9107795629195796
C02 1099.99 0.09036671151689148
C03 319.994 47.681095123291016
C03 324.969 47.156349182128906
C03 349.982 48.45307540893555
C03 374.975 60.39241409301758
C03 400.019 77.4889144897461
C03 424.965 84.86848449707031
C03 450.035 86.88397979736328
C03 475.003 88.41858673095703
C03 500.018 86.81533813476562
C03 525.002 86.02489471435547
C03 550.029 86.7159652709961
C03 575.023 87.75224304199219
C03 599.982 87.96895599365234
C03 619.997 88.93253326416016
C03 624.979 89.16764068603516
C03 650.012 90.0274887084961
C03 675.004 91.27668762207031
C03 700.03 93.04248046875
C03 725.012 94.18427276611328
C03 750.022 95.445556640625
C03 774.987 97.43690490722656
C03 799.976 97.5276107788086
C03 824.988 98.31232452392578
C03 850.022 97.87258911132812
C03 869.967 96.41887664794922
C03 875.002 95.54673767089844
C03 899.999 90.79547882080078
C03 919.999 84.32695770263672
C03 925.012 81.91571044921875
C03 949.965 71.21885681152344
C03 975.002 56.20054244995117
C03 999.976 38.96439743041992
C03 1025.028 22.184106826782227
C03 1050.014 10.399226188659668
C03 1075.002 0.9092921947147152
C03 1099.99 0.09021913621002194
C04 319.994 47.90804672241211
C04 324.969 47.2946891784668
C04 349.982 48.24918746948242
C04 374.975 59.94975280761719
C04 400.019 77.11280822753906
C04 424.965 84.71090698242188
C04 450.035 86.89662170410156
C04 475.003 88.50607299804688
C04 500.018 86.91194152832031
C04 525.002 86.09989166259766
C04 550.029 86.76618194580078
C04 575.023 87.7787857055664
C04 599.982 87.97308349609375
C04 619.997 88.92227935791016
C04 624.979 89.15457916259766
C04 650.012 90.00204467773438
C04 675.004 91.25239562988281
C04 700.03 93.02735900878906
C04 725.012 94.21355438232422
C04 750.022 95.53651428222656
C04 774.987 97.59075164794922
C04 799.976 97.72396087646484
C04 824.988 98.52314758300781
C04 850.022 98.11164093017578
C04 869.967 96.71000671386719
C04 875.002 95.85166931152344
C04 899.999 91.105712890625
C04 919.999 84.5582504272461
C04 925.012 82.13105010986328
C04 949.965 71.49385070800781
C04 975.002 56.512386322021484
C04 999.976 39.22767639160156
C04 1025.028 22.301464080810547
C04 1050.014 10.476339340209961
C04 1075.002 0.9101581987969771
C04 1099.99 0.09030506033948235
C05 319.994 48.150794982910156
C05 324.969 47.44908142089844
C05 349.982 48.10200881958008
C05 374.975 59.59041213989258
C05 400.019 76.78919219970703
C05 424.965 84.60403442382812
C05 450.035 86.9403076171875
C05 475.003 88.60919952392578
C05 500.018 87.02254486083984
C05 525.002 86.17926025390625
C05 550.029 86.85035705566406
C05 575.023 87.83792877197266
C05 599.982 88.0388412475586
C05 619.997 88.98764038085938
C05 624.979 89.22297668457031
C05 650.012 90.09601593017578
C05 675.004 91.32377624511719
C05 700.03 93.11486053466797
C05 725.012 94.35226440429688
C05 750.022 95.70372009277344
C05 774.987 97.82603454589844
C05 799.976 97.96815490722656
C05 824.988 98.80860137939453
C05 850.022 98.42975616455078
C05 869.967 97.10836791992188
C05 875.002 96.26798248291016
C05 899.999 91.54985809326172
C05 919.999 84.88145446777344
C05 925.012 82.4491958618164
C05 949.965 71.81465911865234
C05 975.002 56.80384826660156
C05 999.976 39.561458587646484
C05 1025.028 22.432905197143555
C05 1050.014 10.528860092163086
C05 1075.002 0.9117508094523034
C05 1099.99 0.09046307770560248
C06 319.994 48.257598876953125
C06 324.969 47.468849182128906
C06 349.982 47.810184478759766
C06 374.975 58.95069122314453
C06 400.019 76.02070617675781
C06 424.965 84.02037811279297
C06 450.035 86.52375030517578
C06 475.003 88.25018310546875
C06 500.018 86.69676971435547
C06 525.002 85.83686065673828
C06 550.029 86.53462982177734
C06 575.023 87.51055908203125
C06 599.982 87.74493408203125
C06 619.997 88.72283172607422
C06 624.979 88.956787109375
C06 650.012 89.88240814208984
C06 675.004 91.09040832519531
C06 700.03 92.88909149169922
C06 725.012 94.16854858398438
C06 750.022 95.49156188964844
C06 774.987 97.65412139892578
C06 799.976 97.77584075927734
C06 824.988 98.6600341796875
C06 850.022 98.3226318359375
C06 869.967 97.09742736816406
C06 875.002 96.28218841552734
C06 899.999 91.6479721069336
C06 919.999 84.86759948730469
C06 925.012 82.44429016113281
C06 949.965 71.7321548461914
C06 975.002 56.73906707763672
C06 999.976 39.68612289428711
C06 1025.028 22.421232223510742
C06 1050.014 10.473084449768066
C06 1075.002 0.9097296704386219
C06 1099.99 0.09026254214944726
C07 319.994 48.29291915893555
C07 324.969 47.43827438354492
C07 349.982 47.372459411621094
C07 374.975 57.8223991394043
C07 400.019 74.54169464111328
C07 424.965 82.83527374267578
C07 450.035 85.8293685913086
C07 475.003 87.85909271240234
C07 500.018 86.45574951171875
C07 525.002 85.66512298583984
C07 550.029 86.35981750488281
C07 575.023 87.37216186523438
C07 599.982 87.65010833740234
C07 619.997 88.65718078613281
C07 624.979 88.89900207519531
C07 650.012 89.83602905273438
C07 675.004 91.07124328613281
C07 700.03 92.87076568603516
C07 725.012 94.10102081298828
C07 750.022 95.39957427978516
C07 774.987 97.49545288085938
C07 799.976 97.63164520263672
C07 824.988 98.52455139160156
C07 850.022 98.22355651855469
C07 869.967 97.06385803222656
C07 875.002 96.28167724609375
C07 899.999 91.75241088867188
C07 919.999 84.98078918457031
C07 925.012 82.53054809570312
C07 949.965 71.63581085205078
C07 975.002 56.67401885986328
C07 999.976 39.72390365600586
C07 1025.028 22.390602111816406
C07 1050.014 10.478812217712402
C07 1075.002 0.9088536278357605
C07 1099.99 0.09017562200719514
C10 319.994 47.48470687866211
C10 324.969 47.23689651489258
C10 349.982 49.528709411621094
C10 374.975 62.02116775512695
C10 400.019 78.63973999023438
C10 424.965 85.19615936279297
C10 450.035 86.58847045898438
C10 475.003 87.77165222167969
C10 500.018 86.09138488769531
C10 525.002 85.43643188476562
C10 550.029 86.30333709716797
C10 575.023 87.62687683105469
C10 599.982 88.1156005859375
C10 619.997 89.25170135498047
C10 624.979 89.52264404296875
C10 650.012 90.50955200195312
C10 675.004 91.8584213256836
C10 700.03 93.62777709960938
C10 725.012 94.64248657226562
C10 750.022 95.71572875976562
C10 774.987 97.49372100830078
C10 799.976 97.47867584228516
C10 824.988 98.23204040527344
C10 850.022 97.7508316040039
C10 869.967 96.30561828613281
C10 875.002 95.40221405029297
C10 899.999 90.66046142578125
C10 919.999 84.39806365966797
C10 925.012 82.04523468017578
C10 949.965 71.2936019897461
C10 975.002 56.02822494506836
C10 999.976 38.76272201538086
C10 1025.028 22.107927322387695
C10 1050.014 10.45606803894043
C10 1075.002 0.9118678357345021
C10 1099.99 0.0904746889458124
C11 319.994 47.69941711425781
C11 324.969 47.361083984375
C11 349.982 49.33435821533203
C11 374.975 61.68368911743164
C11 400.019 78.47895812988281
C11 424.965 85.29794311523438
C11 450.035 86.87651824951172
C11 475.003 88.16441345214844
C11 500.018 86.50198364257812
C11 525.002 85.80404663085938
C11 550.029 86.61674499511719
C11 575.023 87.8475112915039
C11 599.982 88.24441528320312
C11 619.997 89.32305908203125
C11 624.979 89.5838851928711
C11 650.012 90.52436828613281
C11 675.004 91.84447479248047
C11 700.03 93.61138916015625
C11 725.012 94.66107177734375
C11 750.022 95.78502655029297
C11 774.987 97.62580871582031
C11 799.976 97.64241027832031
C11 824.988 98.40992736816406
C11 850.022 97.9568862915039
C11 869.967 96.53263854980469
C11 875.002 95.65242767333984
C11 899.999 90.961181640625
C11 919.999 84.65802001953125
C11 925.012 82.28253173828125
C11 949.965 71.32722473144531
C11 975.002 56.169124603271484
C11 999.976 39.07331085205078
C11 1025.028 22.28286361694336
C11 1050.014 10.608458518981934
C11 1075.002 0.9125275533368368
C11 1099.99 0.09054014552024595
C12 319.994 47.83177185058594
C12 324.969 47.40644454956055
C12 349.982 49.04634475708008
C12 374.975 61.209922790527344
C12 400.019 78.18958282470703
C12 424.965 85.26764678955078
C12 450.035 87.04486083984375
C12 475.003 88.4444580078125
C12 500.018 86.7979507446289
C12 525.002 86.06926727294922
C12 550.029 86.81700897216797
C12 575.023 87.97748565673828
C12 599.982 88.29997253417969
C12 619.997 89.33489990234375
C12 624.979 89.58454895019531
C12 650.012 90.48202514648438
C12 675.004 91.78826141357422
C12 700.03 93.56079864501953
C12 725.012 94.63765716552734
C12 750.022 95.84281158447266
C12 774.987 97.74398803710938
C12 799.976 97.81665802001953
C12 824.988 98.58267211914062
C12 850.022 98.15393829345703
C12 869.967 96.71997833251953
C12 875.002 95.8412857055664
C12 899.999 91.10079956054688
C12 919.999 84.74871063232422
C12 925.012 82.35121154785156
C12 949.965 71.45294189453125
C12 975.002 56.29069519042969
C12 999.976 39.18620681762695
C12 1025.028 22.34980010986328
C12 1050.014 10.642139434814453
C12 1075.002 0.9130774024126004
C12 1099.99 0.09059470104040725
C13 319.994 47.89347457885742
C13 324.969 47.38957214355469
C13 349.982 48.71747589111328
C13 374.975 60.69427490234375
C13 400.019 77.80184173583984
C13 424.965 85.10806274414062
C13 450.035 87.06327819824219
C13 475.003 88.5414047241211
C13 500.018 86.90083312988281
C13 525.002 86.1456298828125
C13 550.029 86.83710479736328
C13 575.023 87.94732666015625
C13 599.982 88.21979522705078
C13 619.997 89.22317504882812
C13 624.979 89.46318817138672
C13 650.012 90.32764434814453
C13 675.004 91.62661743164062
C13 700.03 93.40375518798828
C13 725.012 94.51541137695312
C13 750.022 95.79590606689453
C13 774.987 97.75367736816406
C13 799.976 97.87319946289062
C13 824.988 98.63725280761719
C13 850.022 98.23076629638672
C13 869.967 96.77850341796875
C13 875.002 95.89431762695312
C13 899.999 91.08312225341797
C13 919.999 84.68376922607422
C13 925.012 82.27311706542969
C13 949.965 71.48472595214844
C13 975.002 56.32740783691406
C13 999.976 39.17930603027344
C13 1025.028 22.322519302368164
C13 1050.014 10.606911659240723
C13 1075.002 0.9126299230636662
C13 1099.99 0.09055030255049683
C14 319.994 48.00785827636719
C14 324.969 47.41716384887695
C14 349.982 48.41303253173828
C14 374.975 60.15031814575195
C14 400.019 77.32181549072266
C14 424.965 84.85099029541016
C14 450.035 86.98304748535156
C14 475.003 88.5451431274414
C14 500.018 86.91827392578125
C14 525.002 86.13677978515625
C14 550.029 86.79092407226562
C14 575.023 87.85704803466797
C14 599.982 88.09494018554688
C14 619.997 89.07453155517578
C14 624.979 89.31112670898438
C14 650.012 90.16259765625
C14 675.004 91.45256042480469
C14 700.03 93.23915100097656
C14 725.012 94.3894271850586
C14 750.022 95.73247528076172
C14 774.987 97.7565689086914
C14 799.976 97.91839599609375
C14 824.988 98.6968002319336
C14 850.022 98.32306671142578
C14 869.967 96.88380432128906
C14 875.002 96.00528717041016
C14 899.999 91.16675567626953
C14 919.999 84.742431640625
C14 925.012 82.33407592773438
C14 949.965 71.65616607666016
C14 975.002 56.45661926269531
C14 999.976 39.32781219482422
C14 1025.028 22.391189575195312
C14 1050.014 10.5943603515625
C14 1075.002 0.9120250648851187
C14 1099.99 0.09049028907769313
C15 319.994 48.13262939453125
C15 324.969 47.45161437988281
C15 349.982 48.11012649536133
C15 374.975 59.56086730957031
C15 400.019 76.69602966308594
C15 424.965 84.42046356201172
C15 450.035 86.71602630615234
C15 475.003 88.36949157714844
C15 500.018 86.77412414550781
C15 525.002 85.97179412841797
C15 550.029 86.61663818359375
C15 575.023 87.64606475830078
C15 599.982 87.86437225341797
C15 619.997 88.8313980102539
C15 624.979 89.06866455078125
C15 650.012 89.92052459716797
C15 675.004 91.19087982177734
C15 700.03 92.98544311523438
C15 725.012 94.18721008300781
C15 750.022 95.5474853515625
C15 774.987 97.63738250732422
C15 799.976 97.80673217773438
C15 824.988 98.61234283447266
C15 850.022 98.27407836914062
C15 869.967 96.8844223022461
C15 875.002 96.00938415527344
C15 899.999 91.21387481689453
C15 919.999 84.78907012939453
C15 925.012 82.39519500732422
C15 949.965 71.72831726074219
C15 975.002 56.4969596862793
C15 999.976 39.49647521972656
C15 1025.028 22.440937042236328
C15 1050.014 10.56176471710205
C15 1075.002 0.9102623969253243
C15 1099.99 0.09031539878205211
C16 319.994 48.36960983276367
C16 324.969 47.6028938293457
C16 349.982 47.902626037597656
C16 374.975 58.95689392089844
C16 400.019 75.98829650878906
C16 424.965 83.97362518310547
C16 450.035 86.53052520751953
C16 475.003 88.34260559082031
C16 500.018 86.81450653076172
C16 525.002 86.01786804199219
C16 550.029 86.6609115600586
C16 575.023 87.66301727294922
C16 599.982 87.87318420410156
C16 619.997 88.82967376708984
C16 624.979 89.06401824951172
C16 650.012 89.91902160644531
C16 675.004 91.17269897460938
C16 700.03 92.9609603881836
C16 725.012 94.18769073486328
C16 750.022 95.53851318359375
C16 774.987 97.65522003173828
C16 799.976 97.81281280517578
C16 824.988 98.64239501953125
C16 850.022 98.33230590820312
C16 869.967 97.0169906616211
C16 875.002 96.14181518554688
C16 899.999 91.46206665039062
C16 919.999 84.99959564208984
C16 925.012 82.59699249267578
C16 949.965 71.7796401977539
C16 975.002 56.557579040527344
C16 999.976 39.63381576538086
C16 1025.028 22.45172691345215
C16 1050.014 10.51257038116455
C16 1075.002 0.9101769094705098
C16 1099.99 0.09030691679532112
C17 319.994 48.24351119995117
C17 324.969 47.459136962890625
C17 349.982 47.38227844238281
C17 374.975 57.66775894165039
C17 400.019 74.30477905273438
C17 424.965 82.56451416015625
C17 450.035 85.7078857421875
C17 475.003 87.90470886230469
C17 500.018 86.56909942626953
C17 525.002 85.91045379638672
C17 550.029 86.45716094970703
C17 575.023 87.51802825927734
C17 599.982 87.6968002319336
C17 619.997 88.62532043457031
C17 624.979 88.85857391357422
C17 650.012 89.59465026855469
C17 675.004 90.91563415527344
C17 700.03 92.68354034423828
C17 725.012 93.76593017578125
C17 750.022 95.16502380371094
C17 774.987 97.12147521972656
C17 799.976 97.37948608398438
C17 824.988 98.1341552734375
C17 850.022 97.83305358886719
C17 869.967 96.60150146484375
C17 875.002 95.77460479736328
C17 899.999 91.24718475341797
C17 919.999 84.83506774902344
C17 925.012 82.31745910644531
C17 949.965 71.44428253173828
C17 975.002 56.33385467529297
C17 999.976 39.446720123291016
C17 1025.028 22.27717399597168
C17 1050.014 10.41051197052002
C17 1075.002 0.9066188405070992
C17 1099.99 0.0899538884615023
