lsstCam/transmission_sensor/r42_s12/19700101T000000.ecsv
# %ECSV 1.0
# ---
# datatype:
# - {name: amp_name, datatype: string}
# - {name: wavelength, unit: nm, datatype: float32}
# - {name: efficiency, unit: '%', datatype: float64}
# meta: !!omap
# - {MODE: AMP}
# - {TYPE: transmission_sensor}
# - {CALIBDATE: '1970-01-01T00:00:00'}
# - {INSTRUME: LSSTCam}
# - {OBSTYPE: transmission_sensor}
# - {DETECTOR: 176}
# - {PARQUETFILE: qe_raft_allvalues_nircorrected_20230725_adjust.parquet}
# - {CORRFILE: qe_corr_factor_bydetnum.parquet}
# - {CALIBCLS: lsst.ip.isr.IntermediateSensorTransmissionCurve}
# - {CALIB_ID: 'raftName=R42 detectorName=S12 detector=176 calibDate=1970-01-01T00:00:00 ccd=176 ccdnum=176 filter=None'}
# - {DATE: '2025-03-03T21:56:48.378348'}
# - {CALIB_CREATION_DATE: '2025-03-03'}
# - {CALIB_CREATION_TIME: '21:56:48'}
# - __serialized_columns__:
#     efficiency:
#       __class__: astropy.units.quantity.Quantity
#       unit: !astropy.units.Unit {unit: '%'}
#       value: !astropy.table.SerializedColumn {name: efficiency}
#     wavelength:
#       __class__: astropy.units.quantity.Quantity
#       unit: !astropy.units.Unit {unit: nm}
#       value: !astropy.table.SerializedColumn {name: wavelength}
# schema: astropy-2.0
amp_name wavelength efficiency
C00 319.994 47.5628319088922
C00 324.969 47.29367142910769
C00 349.982 49.629758256673114
C00 374.975 62.24265858408936
C00 400.019 78.97227885741081
C00 424.965 85.64736676814913
C00 450.035 87.11211337738358
C00 475.003 88.32133288279071
C00 500.018 86.63376087444266
C00 525.002 85.91456867185433
C00 550.029 86.82495009555495
C00 575.023 88.07439898360101
C00 599.982 88.53395528870836
C00 619.997 89.6578100065646
C00 624.979 89.92296517910277
C00 650.012 90.94630009998033
C00 675.004 92.23132531516573
C00 700.03 94.0024990093103
C00 725.012 95.05479479291839
C00 750.022 96.10770382931062
C00 774.987 97.92714818322601
C00 799.976 97.87310528162456
C00 824.988 98.66765858572266
C00 850.022 98.14036851060817
C00 869.967 96.61533148703394
C00 875.002 95.71966046449262
C00 899.999 90.90441493482426
C00 919.999 84.55187499155888
C00 925.012 82.19755155932539
C00 949.965 71.34618919168307
C00 975.002 56.05741016750471
C00 999.976 38.65830949540846
C00 1025.028 21.92127844547379
C00 1050.014 10.248105603893741
C00 1075.002 0.9156022022713413
C00 1099.99 0.09084520936290555
C01 319.994 47.81781091804371
C01 324.969 47.45494541284415
C01 349.982 49.4502936622274
C01 374.975 61.89686450326802
C01 400.019 78.83072478351403
C01 424.965 85.77934643295367
C01 450.035 87.45075923043991
C01 475.003 88.80755035268811
C01 500.018 87.16157988008347
C01 525.002 86.41144140887597
C01 550.029 87.24737394458323
C01 575.023 88.39435595806098
C01 599.982 88.73684997233774
C01 619.997 89.78008494606031
C01 624.979 90.03444686959779
C01 650.012 90.98996369821039
C01 675.004 92.24513883412826
C01 700.03 94.00728238102651
C01 725.012 95.0883703828495
C01 750.022 96.20472808541977
C01 774.987 98.08208649913642
C01 799.976 98.0739532340869
C01 824.988 98.87567393009952
C01 850.022 98.37506035109469
C01 869.967 96.86895750723046
C01 875.002 95.99944938159209
C01 899.999 91.24116736990959
C01 919.999 84.8314492701839
C01 925.012 82.44069095691329
C01 949.965 71.48908475604513
C01 975.002 56.25725775136294
C01 999.976 38.976583857541975
C01 1025.028 22.185071046982216
C01 1050.014 10.410109741726307
C01 1075.002 0.9165259925802272
C01 1099.99 0.0909368669886845
C02 319.994 47.87388138666269
C02 324.969 47.428437561250135
C02 349.982 49.06289804566264
C02 374.975 61.2783185810451
C02 400.019 78.36459134229689
C02 424.965 85.55733359377905
C02 450.035 87.42596082098166
C02 475.003 88.89398066695142
C02 500.018 87.27728534912917
C02 525.002 86.50503911505379
C02 550.029 87.26007594287452
C02 575.023 88.33759174722996
C02 599.982 88.59660672626703
C02 619.997 89.58984626676342
C02 624.979 89.83224976101036
C02 650.012 90.72749917226258
C02 675.004 91.98528063251301
C02 700.03 93.75102703951804
C02 725.012 94.85551830071539
C02 750.022 96.05604494790748
C02 774.987 97.98461763475878
C02 799.976 98.0389978253915
C02 824.988 98.83114411231189
C02 850.022 98.36009698316192
C02 869.967 96.88335361633791
C02 875.002 96.01945675367432
C02 899.999 91.25754121924587
C02 919.999 84.82210483088572
C02 925.012 82.40834953821023
C02 949.965 71.55639691476318
C02 975.002 56.380517728143154
C02 999.976 39.108065254459426
C02 1025.028 22.26706294422038
C02 1050.014 10.444267921802343
C02 1075.002 0.9151088274457301
C02 1099.99 0.09079625716596254
C03 319.994 47.90774060600646
C03 324.969 47.38050035768068
C03 349.982 48.683390393033754
C03 374.975 60.67948107017215
C03 400.019 77.85724731398624
C03 424.965 85.27189508540579
C03 450.035 87.29697076349974
C03 475.003 88.83887223863755
C03 500.018 87.22800282226453
C03 525.002 86.43380213851731
C03 550.029 87.12815760334838
C03 575.023 88.16936117722352
C03 599.982 88.38710424388864
C03 619.997 89.35526174551413
C03 624.979 89.59148671796096
C03 650.012 90.45542190892355
C03 675.004 91.71055871654242
C03 700.03 93.48474501498903
C03 725.012 94.63196466392063
C03 750.022 95.89924387666527
C03 774.987 97.90005774148707
C03 799.976 97.99119477086857
C03 824.988 98.77963854410478
C03 850.022 98.3378129101186
C03 869.967 96.8771904258574
C03 875.002 96.00090585695439
C03 899.999 91.22706255587461
C03 919.999 84.72779421834633
C03 925.012 82.30508543502256
C03 949.965 71.5573857848776
C03 975.002 56.46768394574742
C03 999.976 39.149609297754324
C03 1025.028 22.289555906493298
C03 1050.014 10.448657470246246
C03 1075.002 0.9136143892420769
C03 1099.99 0.09064798038030826
C04 319.994 48.13577098812536
C04 324.969 47.51949793403362
C04 349.982 48.478533300495165
C04 374.975 60.234715655652046
C04 400.019 77.47935328274558
C04 424.965 85.11356854786305
C04 450.035 87.30967276179103
C04 475.003 88.92677435958277
C04 500.018 87.32506540667269
C04 525.002 86.50915557436727
C04 550.029 87.17861297616267
C04 575.023 88.19603000767337
C04 599.982 88.39125136584133
C04 619.997 89.34495909874074
C04 624.979 89.57836310838059
C04 650.012 90.42985693348514
C04 675.004 91.68615125573405
C04 700.03 93.4695516772622
C04 725.012 94.66138546623927
C04 750.022 95.99063387282023
C04 774.987 98.05463577138681
C04 799.976 98.18847819152316
C04 824.988 98.99146372140305
C04 850.022 98.57800102868288
C04 869.967 97.16970433822758
C04 875.002 96.3072869479057
C04 899.999 91.53877128038803
C04 919.999 84.96018636089237
C04 925.012 82.52144868292339
C04 949.965 71.83368682676732
C04 975.002 56.78101012447898
C04 999.976 39.41413971901866
C04 1025.028 22.407471001976823
C04 1050.014 10.526137168483684
C04 1075.002 0.9144845097548183
C04 1099.99 0.09073431293821915
C05 319.994 48.37967311886352
C05 324.969 47.67462405860918
C05 349.982 48.33065505726204
C05 374.975 59.87366691182547
C05 400.019 77.1541989909401
C05 424.965 85.0061879853619
C05 450.035 87.35356632981512
C05 475.003 89.03039108312132
C05 500.018 87.43619447681682
C05 525.002 86.58890143328355
C05 550.029 87.26318820075399
C05 575.023 88.25545420245557
C05 599.982 88.45732168767152
C05 619.997 89.41063080626125
C05 624.979 89.64708574850214
C05 650.012 90.52427486526175
C05 675.004 91.75787116883804
C05 700.03 93.55746912952704
C05 725.012 94.80075482709258
C05 750.022 96.1586344730326
C05 774.987 98.2910370540091
C05 799.976 98.43383296479374
C05 824.988 99.27827438288081
C05 850.022 98.89762837977138
C05 869.967 97.56995909910955
C05 875.002 96.72557900630089
C05 899.999 91.98502766573955
C05 919.999 85.28492670706855
C05 925.012 82.84110669665111
C05 949.965 72.1560201557658
C05 975.002 57.07385749305052
C05 999.976 39.74950850250979
C05 1025.028 22.53953690545415
C05 1050.014 10.578907570558062
C05 1075.002 0.9160846906643474
C05 1099.99 0.09089308141800664
C06 319.994 48.48698469042645
C06 324.969 47.69448578315519
C06 349.982 48.037443569849934
C06 374.975 59.23090517028922
C06 400.019 76.38206007610195
C06 424.965 84.4197573448779
C06 450.035 86.93502897030628
C06 475.003 88.6696681298363
C06 500.018 87.1088708032875
C06 525.002 86.24487428704649
C06 550.029 86.94596020118338
C06 575.023 87.92652840602769
C06 599.982 88.16201747513357
C06 619.997 89.1445634202067
C06 624.979 89.37963087802349
C06 650.012 90.30965172213588
C06 675.004 91.52339396682598
C06 700.03 93.33062692467738
C06 725.012 94.61616573906949
C06 750.022 95.94546780526905
C06 774.987 98.1183067416991
C06 799.976 98.24060467817421
C06 824.988 99.12900098956379
C06 850.022 98.78999485049678
C06 869.967 97.55896654295402
C06 875.002 96.73985246485152
C06 899.999 92.08360805078844
C06 919.999 85.2710058688688
C06 925.012 82.83617767739867
C06 949.965 72.07312371067104
C06 975.002 57.008768375674926
C06 999.976 39.874765383668326
C06 1025.028 22.527808445957664
C06 1050.014 10.522866806370816
C06 1075.002 0.9140539444462549
C06 1099.99 0.09069159264385572
C07 319.994 48.522472862478075
C07 324.969 47.66376565150018
C07 349.982 47.59763783722148
C07 374.975 58.09724990637659
C07 400.019 74.89601826393859
C07 424.965 83.22901974525247
C07 450.035 86.23734660912129
C07 475.003 88.27671874274527
C07 500.018 86.8667049444944
C07 525.002 86.07232028491194
C07 550.029 86.77031693814878
C07 575.023 87.78747333722623
C07 599.982 88.06674098945919
C07 619.997 89.07860041761373
C07 624.979 89.32157117068598
C07 650.012 90.26305217620181
C07 675.004 91.5041378294043
C07 700.03 93.31221400983388
C07 725.012 94.54831698416531
C07 750.022 95.85304294504088
C07 774.987 97.95888401480474
C07 799.976 98.09572370792351
C07 824.988 98.99287420280655
C07 850.022 98.69044859231289
C07 869.967 97.52523763982688
C07 875.002 96.73933886564481
C07 899.999 92.18854326781286
C07 919.999 85.3847335976857
C07 925.012 82.92284562711582
C07 949.965 71.97632175869614
C07 975.002 56.943410960206286
C07 999.976 39.91272573100596
C07 1025.028 22.497032738269095
C07 1050.014 10.528621800466885
C07 1075.002 0.9131737376961966
C07 1099.99 0.09060425933874425
C10 319.994 47.710418857052865
C10 324.969 47.46143056103632
C10 349.982 49.764137272995576
C10 374.975 62.315976787261995
C10 400.019 79.01354310412296
C10 424.965 85.60112750822573
C10 450.035 87.00005676240345
C10 475.003 88.18886261575886
C10 500.018 86.50060836368846
C10 525.002 85.84254213235826
C10 550.029 86.71356805863736
C10 575.023 88.04339905536325
C10 599.982 88.53444589093566
C10 619.997 89.67594695765526
C10 624.979 89.94817753419032
C10 650.012 90.93977662348915
C10 675.004 92.29505761075643
C10 700.03 94.0728237723304
C10 725.012 95.09235652594634
C10 750.022 96.17070022156037
C10 774.987 97.95714391002977
C10 799.976 97.94202722890097
C10 824.988 98.69897280601229
C10 850.022 98.21547664534448
C10 869.967 96.7633937061023
C10 875.002 95.85569526333224
C10 899.999 91.09140337436527
C10 919.999 84.79923816769747
C10 925.012 82.43522534147473
C10 949.965 71.63248625395411
C10 975.002 56.29454735346794
C10 999.976 38.9469752465582
C10 1025.028 22.213014293374084
C10 1050.014 10.505769510390769
C10 1075.002 0.9162022732147727
C10 1099.99 0.09090474785063896
C11 319.994 47.92614968802006
C11 324.969 47.586208338457254
C11 349.982 49.56886225520902
C11 374.975 61.976893991596974
C11 400.019 78.85199698946353
C11 424.965 85.7033950756392
C11 450.035 87.28947374821375
C11 475.003 88.58349078234644
C11 500.018 86.91315884289224
C11 525.002 86.21190428423971
C11 550.029 87.02846569762826
C11 575.023 88.2650822711664
C11 599.982 88.66387289102627
C11 619.997 89.74764387377984
C11 624.979 90.00970978541795
C11 650.012 90.9546633348239
C11 675.004 92.28104478463906
C11 700.03 94.0563579350765
C11 725.012 95.1110300732231
C11 750.022 96.24032740953851
C11 774.987 98.08985947817527
C11 799.976 98.1065399539036
C11 824.988 98.87770532994696
C11 850.022 98.42251078526674
C11 869.967 96.99149307915943
C11 875.002 96.1070982421863
C11 899.999 91.39355302110607
C11 919.999 85.0604301941182
C11 925.012 82.67365035828463
C11 949.965 71.66626881669987
C11 975.002 56.43611675868433
C11 999.976 39.259040424252404
C11 1025.028 22.388782123380466
C11 1050.014 10.658884357475877
C11 1075.002 0.9168651266933712
C11 1099.99 0.09097051556383454
C12 319.994 48.05913355425863
C12 324.969 47.631784518807805
C12 349.982 49.27947976486782
C12 374.975 61.50087568206564
C12 400.019 78.56124617884775
C12 424.965 85.67295474056694
C12 450.035 87.45861653173658
C12 475.003 88.86486649102486
C12 500.018 87.21053278357662
C12 525.002 86.47838561592354
C12 550.029 87.22968160176109
C12 575.023 88.39567445154687
C12 599.982 88.7196942257017
C12 619.997 89.75954097779196
C12 624.979 90.01037669782069
C12 650.012 90.91211892292489
C12 675.004 92.2245642032207
C12 700.03 94.00552694493194
C12 725.012 95.08750416329192
C12 750.022 96.29838711687601
C12 774.987 98.20860054850243
C12 799.976 98.2816159581129
C12 824.988 99.05127119917532
C12 850.022 98.62049944662307
C12 869.967 97.1797233555883
C12 875.002 96.29685398491569
C12 899.999 91.53383459547578
C12 919.999 85.1515518921801
C12 925.012 82.74265662781885
C12 949.965 71.79258355891102
C12 975.002 56.5582652147933
C12 999.976 39.37247302516693
C12 1025.028 22.45603678965001
C12 1050.014 10.69272537087762
C12 1075.002 0.9174175894005725
C12 1099.99 0.091025330406106
C13 319.994 48.12112957790426
C13 324.969 47.61483191215652
C13 349.982 48.94904766628893
C13 374.975 60.9827767330533
C13 400.019 78.17166201640963
C13 424.965 85.51261213449638
C13 450.035 87.4771214344977
C13 475.003 88.96227403012408
C13 500.018 87.31390420600152
C13 525.002 86.555111204878
C13 550.029 87.24987294967856
C13 575.023 88.36537209835105
C13 599.982 88.63913580684644
C13 619.997 89.64728505565698
C13 624.979 89.88843904735626
C13 650.012 90.75700429683904
C13 675.004 92.0621518690037
C13 700.03 93.84773700357532
C13 725.012 94.9646772962905
C13 750.022 96.25125864041563
C13 774.987 98.21833593645049
C13 799.976 98.33842616290272
C13 824.988 99.10611132939614
C13 850.022 98.69769264082542
C13 869.967 97.23852663192655
C13 875.002 96.35013798619677
C13 899.999 91.51607326171542
C13 919.999 85.08630179594867
C13 925.012 82.66419093408943
C13 949.965 71.82451869764458
C13 975.002 56.595152369758715
C13 999.976 39.365539435876364
C13 1025.028 22.428626306614355
C13 1050.014 10.657330144951098
C13 1075.002 0.9169679830205207
C13 1099.99 0.09098072087412216
C14 319.994 48.2360569824801
C14 324.969 47.642554770829086
C14 349.982 48.64315717756494
C14 374.975 60.43623435334703
C14 400.019 77.68935403301107
C14 424.965 85.25431772748067
C14 450.035 87.39650935602383
C14 475.003 88.96603020342688
C14 500.018 87.33142790430804
C14 525.002 86.54621903950812
C14 550.029 87.20347271089933
C14 575.023 88.27466434591844
C14 599.982 88.51368728419287
C14 619.997 89.49793500574195
C14 624.979 89.7356547818501
C14 650.012 90.59117307835051
C14 675.004 91.88726750628945
C14 700.03 93.68235039335528
C14 725.012 94.83809425598629
C14 750.022 96.18752634482493
C14 774.987 98.2212412215153
C14 799.976 98.38383753156755
C14 824.988 99.1659418041478
C14 850.022 98.79043179310547
C14 869.967 97.34432806850856
C14 875.002 96.46163500801138
C14 899.999 91.60010422446082
C14 919.999 85.14524305416336
C14 925.012 82.7254395559044
C14 949.965 71.99677373904687
C14 975.002 56.72497798415902
C14 999.976 39.514751503914965
C14 1025.028 22.49762299407382
C14 1050.014 10.644719176369952
C14 1075.002 0.9163602497323833
C14 1099.99 0.09092042213558625
C15 319.994 48.36142118287586
C15 324.969 47.67716905766332
C15 349.982 48.33881131929097
C15 374.975 59.843981644243684
C15 400.019 77.06059361910248
C15 424.965 84.82174454487505
C15 450.035 87.1282189286268
C15 475.003 88.7895437178141
C15 500.018 87.18659292801615
C15 525.002 86.380449146298
C15 550.029 87.02835837839105
C15 575.023 88.06267818976433
C15 599.982 88.282023379328
C15 619.997 89.2536457591838
C15 624.979 89.49204011335449
C15 650.012 90.34794935850479
C15 675.004 91.62434304075356
C15 700.03 93.4274365423121
C15 725.012 94.63491594294426
C15 750.022 96.00165709161496
C15 774.987 98.10148828409434
C15 799.976 98.27164293471098
C15 824.988 99.08108295014384
C15 850.022 98.74121059151925
C15 869.967 97.34494898695249
C15 875.002 96.46575146732486
C15 899.999 91.64744733939565
C15 919.999 85.19210323253068
C15 925.012 82.78684915657522
C15 949.965 72.06926788379083
C15 975.002 56.7655101603601
C15 999.976 39.684216245149464
C15 1025.028 22.547606928810307
C15 1050.014 10.61196860307499
C15 1075.002 0.9145892031745391
C15 1099.99 0.09074470052314398
C16 319.994 48.59952807480399
C16 324.969 47.82916759303982
C16 349.982 48.130324536836305
C16 374.975 59.237137351707936
C16 400.019 76.34949635326466
C16 424.965 84.37278218161354
C16 450.035 86.94183607621011
C16 475.003 88.76252993267317
C16 500.018 87.22716726534615
C16 525.002 86.42674206584
C16 550.029 87.07284220221986
C16 575.023 88.07971128584354
C16 599.982 88.29087721639887
C16 619.997 89.25191332006864
C16 624.979 89.4873717265353
C16 650.012 90.34643922352387
C16 675.004 91.60607577344629
C16 700.03 93.40283744000868
C16 725.012 94.63539887951175
C16 750.022 95.99264227568824
C16 774.987 98.11941059671054
C16 799.976 98.27775246557287
C16 824.988 99.11127798410243
C16 850.022 98.79971490712524
C16 869.967 97.47814749166551
C16 875.002 96.59881199016145
C16 899.999 91.89681891840227
C16 919.999 85.4036294490967
C16 925.012 82.98960585832816
C16 949.965 72.12083477727634
C16 975.002 56.8264176603139
C16 999.976 39.82220962006839
C16 1025.028 22.558448088184754
C16 1050.014 10.56254042867412
C16 1075.002 0.9145033093669465
C16 1099.99 0.09073617821846366
C17 319.994 48.472830049602756
C17 324.969 47.68472739822772
C17 349.982 47.607503541386166
C17 374.975 57.941874647857475
C17 400.019 74.65797653011876
C17 424.965 82.95697314455265
C17 450.035 86.11528630810004
C17 475.003 88.32255172269917
C17 500.018 86.98059365216713
C17 525.002 86.31881724149295
C17 550.029 86.8681230915577
C17 575.023 87.93403308697349
C17 599.982 88.11365482744513
C17 619.997 89.04658862228214
C17 624.979 89.28095083939718
C17 650.012 90.02052603139803
C17 675.004 91.34778903209038
C17 700.03 93.12409871830204
C17 725.012 94.2116335400182
C17 750.022 95.61737756575955
C17 774.987 97.58312870264874
C17 799.976 97.84236598582005
C17 824.988 98.60062239075747
C17 850.022 98.29808946102658
C17 869.967 97.06068332452888
C17 875.002 96.22985611824949
C17 899.999 91.68091561008954
C17 919.999 85.23831949547468
C17 925.012 82.70874374885646
C17 949.965 71.78388303503617
C17 975.002 56.60162985229109
C17 999.976 39.634224644753175
C17 1025.028 22.383065457583402
C17 1050.014 10.459996897507798
C17 1075.002 0.9109283276154453
C17 1099.99 0.09038147181334796
