lsstcam/transmission_sensor/r42_s12/19700101T000000.ecsv
# %ECSV 0.9
# ---
# datatype:
# - {name: amp_name, datatype: string}
# - {name: wavelength, unit: nm, datatype: float32}
# - {name: efficiency, unit: '%', datatype: float32}
# meta: !!omap
# - {MODE: AMP}
# - {TYPE: transmission_sensor}
# - {CALIBDATE: '1970-01-01T00:00:00'}
# - {INSTRUME: LSSTCAM}
# - {OBSTYPE: transmission_sensor}
# - {DETECTOR: 176}
# - {CALIBCLS: lsst.ip.isr.IntermediateSensorTransmissionCurve}
# - {PICKLEFILE: RaftRun12120.p}
# - {CALIB_ID: 'raftName=R42 detectorName=S12 detector=176 calibDate=1970-01-01T00:00:00 ccd=176 ccdnum=176 filter=None'}
# - {DATE: '2020-07-23T19:16:33.215210'}
# - {CALIB_CREATION_DATE: '2020-07-23'}
# - {CALIB_CREATION_TIME: '19:16:33'}
# - __serialized_columns__:
#     efficiency:
#       __class__: astropy.units.quantity.Quantity
#       unit: !astropy.units.Unit {unit: '%'}
#       value: !astropy.table.SerializedColumn {name: efficiency}
#     wavelength:
#       __class__: astropy.units.quantity.Quantity
#       unit: !astropy.units.Unit {unit: nm}
#       value: !astropy.table.SerializedColumn {name: wavelength}
# schema: astropy-2.0
amp_name wavelength efficiency
C13 319.994 47.893475
C13 324.969 47.389572
C13 349.982 48.717476
C13 374.975 60.694275
C13 400.019 77.80184
C13 424.965 85.10806
C13 450.035 87.06328
C13 475.003 88.541405
C13 500.018 86.90083
C13 525.002 86.14563
C13 550.029 86.837105
C13 575.023 87.94733
C13 599.982 88.219795
C13 619.997 89.223175
C13 624.979 89.46319
C13 650.012 90.327644
C13 675.004 91.62662
C13 700.03 93.403755
C13 725.012 94.51541
C13 750.022 95.795906
C13 774.987 97.75368
C13 799.976 97.8732
C13 824.988 98.63725
C13 850.022 98.23077
C13 869.967 96.7785
C13 875.002 95.89432
C13 899.999 91.08312
C13 919.999 84.68377
C13 925.012 82.27312
C13 949.965 71.484726
C13 975.002 56.327408
C13 999.976 39.179306
C13 1025.028 22.32252
C13 1050.014 10.606912
C13 1075.002 6.288153
C13 1099.99 4.2279115
C10 319.994 47.484707
C10 324.969 47.236897
C10 349.982 49.52871
C10 374.975 62.021168
C10 400.019 78.63974
C10 424.965 85.19616
C10 450.035 86.58847
C10 475.003 87.77165
C10 500.018 86.091385
C10 525.002 85.43643
C10 550.029 86.30334
C10 575.023 87.62688
C10 599.982 88.1156
C10 619.997 89.2517
C10 624.979 89.522644
C10 650.012 90.50955
C10 675.004 91.85842
C10 700.03 93.62778
C10 725.012 94.64249
C10 750.022 95.71573
C10 774.987 97.49372
C10 799.976 97.478676
C10 824.988 98.23204
C10 850.022 97.75083
C10 869.967 96.30562
C10 875.002 95.402214
C10 899.999 90.66046
C10 919.999 84.39806
C10 925.012 82.045235
C10 949.965 71.2936
C10 975.002 56.028225
C10 999.976 38.762722
C10 1025.028 22.107927
C10 1050.014 10.456068
C10 1075.002 6.15568
C10 1099.99 4.1359754
C07 319.994 48.29292
C07 324.969 47.438274
C07 349.982 47.37246
C07 374.975 57.8224
C07 400.019 74.541695
C07 424.965 82.83527
C07 450.035 85.82937
C07 475.003 87.85909
C07 500.018 86.45575
C07 525.002 85.66512
C07 550.029 86.35982
C07 575.023 87.37216
C07 599.982 87.65011
C07 619.997 88.65718
C07 624.979 88.899
C07 650.012 89.83603
C07 675.004 91.07124
C07 700.03 92.870766
C07 725.012 94.10102
C07 750.022 95.399574
C07 774.987 97.49545
C07 799.976 97.631645
C07 824.988 98.52455
C07 850.022 98.22356
C07 869.967 97.06386
C07 875.002 96.28168
C07 899.999 91.75241
C07 919.999 84.98079
C07 925.012 82.53055
C07 949.965 71.63581
C07 975.002 56.67402
C07 999.976 39.723904
C07 1025.028 22.390602
C07 1050.014 10.478812
C07 1075.002 6.2406807
C07 1099.99 4.1537805
C15 319.994 48.13263
C15 324.969 47.451614
C15 349.982 48.110126
C15 374.975 59.560867
C15 400.019 76.69603
C15 424.965 84.42046
C15 450.035 86.71603
C15 475.003 88.36949
C15 500.018 86.774124
C15 525.002 85.971794
C15 550.029 86.61664
C15 575.023 87.646065
C15 599.982 87.86437
C15 619.997 88.8314
C15 624.979 89.068665
C15 650.012 89.920525
C15 675.004 91.19088
C15 700.03 92.98544
C15 725.012 94.18721
C15 750.022 95.547485
C15 774.987 97.63738
C15 799.976 97.80673
C15 824.988 98.61234
C15 850.022 98.27408
C15 869.967 96.88442
C15 875.002 96.009384
C15 899.999 91.213875
C15 919.999 84.78907
C15 925.012 82.395195
C15 949.965 71.72832
C15 975.002 56.49696
C15 999.976 39.496475
C15 1025.028 22.440937
C15 1050.014 10.561765
C15 1075.002 6.268712
C15 1099.99 4.2345695
C17 319.994 48.24351
C17 324.969 47.459137
C17 349.982 47.38228
C17 374.975 57.66776
C17 400.019 74.30478
C17 424.965 82.564514
C17 450.035 85.707886
C17 475.003 87.90471
C17 500.018 86.5691
C17 525.002 85.91045
C17 550.029 86.45716
C17 575.023 87.51803
C17 599.982 87.6968
C17 619.997 88.62532
C17 624.979 88.858574
C17 650.012 89.59465
C17 675.004 90.915634
C17 700.03 92.68354
C17 725.012 93.76593
C17 750.022 95.16502
C17 774.987 97.121475
C17 799.976 97.379486
C17 824.988 98.134155
C17 850.022 97.83305
C17 869.967 96.6015
C17 875.002 95.774605
C17 899.999 91.247185
C17 919.999 84.83507
C17 925.012 82.31746
C17 949.965 71.44428
C17 975.002 56.333855
C17 999.976 39.44672
C17 1025.028 22.277174
C17 1050.014 10.410512
C17 1075.002 6.2902403
C17 1099.99 4.2144914
C01 319.994 47.59159
C01 324.969 47.230442
C01 349.982 49.21635
C01 374.975 61.60404
C01 400.019 78.45779
C01 424.965 85.373535
C01 450.035 87.03704
C01 475.003 88.38741
C01 500.018 86.74923
C01 525.002 86.00264
C01 550.029 86.83462
C01 575.023 87.97617
C01 599.982 88.31705
C01 619.997 89.35535
C01 624.979 89.608505
C01 650.012 90.5595
C01 675.004 91.80874
C01 700.03 93.562546
C01 725.012 94.63852
C01 750.022 95.749596
C01 774.987 97.61807
C01 799.976 97.60998
C01 824.988 98.407906
C01 850.022 97.90966
C01 869.967 96.41068
C01 875.002 95.54529
C01 899.999 90.80952
C01 919.999 84.43012
C01 925.012 82.050674
C01 949.965 71.15088
C01 975.002 55.99111
C01 999.976 38.79219
C01 1025.028 22.080116
C01 1050.014 10.360861
C01 1075.002 6.064703
C01 1099.99 4.1053934
C12 319.994 47.83177
C12 324.969 47.406445
C12 349.982 49.046345
C12 374.975 61.209923
C12 400.019 78.18958
C12 424.965 85.26765
C12 450.035 87.04486
C12 475.003 88.44446
C12 500.018 86.79795
C12 525.002 86.06927
C12 550.029 86.81701
C12 575.023 87.977486
C12 599.982 88.29997
C12 619.997 89.3349
C12 624.979 89.58455
C12 650.012 90.482025
C12 675.004 91.78826
C12 700.03 93.5608
C12 725.012 94.63766
C12 750.022 95.84281
C12 774.987 97.74399
C12 799.976 97.81666
C12 824.988 98.58267
C12 850.022 98.15394
C12 869.967 96.71998
C12 875.002 95.841286
C12 899.999 91.1008
C12 919.999 84.74871
C12 925.012 82.35121
C12 949.965 71.45294
C12 975.002 56.290695
C12 999.976 39.186207
C12 1025.028 22.3498
C12 1050.014 10.642139
C12 1075.002 6.3118505
C12 1099.99 4.2421827
C06 319.994 48.2576
C06 324.969 47.46885
C06 349.982 47.810184
C06 374.975 58.95069
C06 400.019 76.020706
C06 424.965 84.02038
C06 450.035 86.52375
C06 475.003 88.25018
C06 500.018 86.69677
C06 525.002 85.83686
C06 550.029 86.53463
C06 575.023 87.51056
C06 599.982 87.744934
C06 619.997 88.72283
C06 624.979 88.95679
C06 650.012 89.88241
C06 675.004 91.09041
C06 700.03 92.88909
C06 725.012 94.16855
C06 750.022 95.49156
C06 774.987 97.65412
C06 799.976 97.77584
C06 824.988 98.660034
C06 850.022 98.32263
C06 869.967 97.09743
C06 875.002 96.28219
C06 899.999 91.64797
C06 919.999 84.8676
C06 925.012 82.44429
C06 949.965 71.732155
C06 975.002 56.739067
C06 999.976 39.686123
C06 1025.028 22.421232
C06 1050.014 10.473084
C06 1075.002 6.132223
C06 1099.99 4.149403
C11 319.994 47.699417
C11 324.969 47.361084
C11 349.982 49.33436
C11 374.975 61.68369
C11 400.019 78.47896
C11 424.965 85.29794
C11 450.035 86.87652
C11 475.003 88.16441
C11 500.018 86.50198
C11 525.002 85.80405
C11 550.029 86.616745
C11 575.023 87.84751
C11 599.982 88.244415
C11 619.997 89.32306
C11 624.979 89.583885
C11 650.012 90.52437
C11 675.004 91.844475
C11 700.03 93.61139
C11 725.012 94.66107
C11 750.022 95.78503
C11 774.987 97.62581
C11 799.976 97.64241
C11 824.988 98.40993
C11 850.022 97.95689
C11 869.967 96.53264
C11 875.002 95.65243
C11 899.999 90.96118
C11 919.999 84.65802
C11 925.012 82.28253
C11 949.965 71.327225
C11 975.002 56.169125
C11 999.976 39.07331
C11 1025.028 22.282864
C11 1050.014 10.6084585
C11 1075.002 6.297411
C11 1099.99 4.232781
C05 319.994 48.150795
C05 324.969 47.44908
C05 349.982 48.10201
C05 374.975 59.590412
C05 400.019 76.78919
C05 424.965 84.604034
C05 450.035 86.94031
C05 475.003 88.6092
C05 500.018 87.022545
C05 525.002 86.17926
C05 550.029 86.85036
C05 575.023 87.83793
C05 599.982 88.03884
C05 619.997 88.98764
C05 624.979 89.22298
C05 650.012 90.096016
C05 675.004 91.32378
C05 700.03 93.11486
C05 725.012 94.352264
C05 750.022 95.70372
C05 774.987 97.826035
C05 799.976 97.968155
C05 824.988 98.8086
C05 850.022 98.429756
C05 869.967 97.10837
C05 875.002 96.26798
C05 899.999 91.54986
C05 919.999 84.881454
C05 925.012 82.449196
C05 949.965 71.81466
C05 975.002 56.80385
C05 999.976 39.56146
C05 1025.028 22.432905
C05 1050.014 10.52886
C05 1075.002 6.102711
C05 1099.99 4.14185
C00 319.994 47.33782
C00 324.969 47.06993
C00 349.982 49.394966
C00 374.975 61.948196
C00 400.019 78.59867
C00 424.965 85.24218
C00 450.035 86.7
C00 475.003 87.903496
C00 500.018 86.22391
C00 525.002 85.50812
C00 550.029 86.41419
C00 575.023 87.65773
C00 599.982 88.11511
C00 619.997 89.23365
C00 624.979 89.49755
C00 650.012 90.516045
C00 675.004 91.79499
C00 700.03 93.557785
C00 725.012 94.6051
C00 750.022 95.65303
C00 774.987 97.46387
C00 799.976 97.41008
C00 824.988 98.200874
C00 850.022 97.67608
C00 869.967 96.15826
C00 875.002 95.26682
C00 899.999 90.47436
C00 919.999 84.15187
C00 925.012 81.808685
C00 949.965 71.00866
C00 975.002 55.79221
C00 999.976 38.47542
C00 1025.028 21.817572
C00 1050.014 10.199623
C00 1075.002 5.96249
C00 1099.99 4.0175653
C04 319.994 47.908047
C04 324.969 47.29469
C04 349.982 48.249187
C04 374.975 59.949753
C04 400.019 77.11281
C04 424.965 84.71091
C04 450.035 86.89662
C04 475.003 88.50607
C04 500.018 86.91194
C04 525.002 86.09989
C04 550.029 86.76618
C04 575.023 87.778786
C04 599.982 87.97308
C04 619.997 88.92228
C04 624.979 89.15458
C04 650.012 90.002045
C04 675.004 91.252396
C04 700.03 93.02736
C04 725.012 94.213554
C04 750.022 95.536514
C04 774.987 97.59075
C04 799.976 97.72396
C04 824.988 98.52315
C04 850.022 98.11164
C04 869.967 96.71001
C04 875.002 95.85167
C04 899.999 91.10571
C04 919.999 84.55825
C04 925.012 82.13105
C04 949.965 71.49385
C04 975.002 56.512386
C04 999.976 39.227676
C04 1025.028 22.301464
C04 1050.014 10.476339
C04 1075.002 6.079244
C04 1099.99 4.1205854
C02 319.994 47.647396
C02 324.969 47.20406
C02 349.982 48.830788
C02 374.975 60.98842
C02 400.019 77.99386
C02 424.965 85.15257
C02 450.035 87.01236
C02 475.003 88.473434
C02 500.018 86.86439
C02 525.002 86.095795
C02 550.029 86.84726
C02 575.023 87.91968
C02 599.982 88.17747
C02 619.997 89.16601
C02 624.979 89.407265
C02 650.012 90.29828
C02 675.004 91.55011
C02 700.03 93.3075
C02 725.012 94.40677
C02 750.022 95.601616
C02 774.987 97.521065
C02 799.976 97.57519
C02 824.988 98.36359
C02 850.022 97.89477
C02 869.967 96.42501
C02 875.002 95.5652
C02 899.999 90.82581
C02 919.999 84.42082
C02 925.012 82.018486
C02 949.965 71.21787
C02 975.002 56.11379
C02 999.976 38.92305
C02 1025.028 22.16172
C02 1050.014 10.394857
C02 1075.002 6.076042
C02 1099.99 4.1213613
C03 319.994 47.681095
C03 324.969 47.15635
C03 349.982 48.453075
C03 374.975 60.392414
C03 400.019 77.488914
C03 424.965 84.868484
C03 450.035 86.88398
C03 475.003 88.41859
C03 500.018 86.81534
C03 525.002 86.024895
C03 550.029 86.715965
C03 575.023 87.75224
C03 599.982 87.968956
C03 619.997 88.93253
C03 624.979 89.16764
C03 650.012 90.02749
C03 675.004 91.27669
C03 700.03 93.04248
C03 725.012 94.18427
C03 750.022 95.44556
C03 774.987 97.436905
C03 799.976 97.52761
C03 824.988 98.312325
C03 850.022 97.87259
C03 869.967 96.41888
C03 875.002 95.54674
C03 899.999 90.79548
C03 919.999 84.32696
C03 925.012 81.91571
C03 949.965 71.21886
C03 975.002 56.200542
C03 999.976 38.964397
C03 1025.028 22.184107
C03 1050.014 10.399226
C03 1075.002 6.0688286
C03 1099.99 4.1138115
C14 319.994 48.00786
C14 324.969 47.417164
C14 349.982 48.413033
C14 374.975 60.15032
C14 400.019 77.321815
C14 424.965 84.85099
C14 450.035 86.98305
C14 475.003 88.54514
C14 500.018 86.918274
C14 525.002 86.13678
C14 550.029 86.790924
C14 575.023 87.85705
C14 599.982 88.09494
C14 619.997 89.07453
C14 624.979 89.31113
C14 650.012 90.1626
C14 675.004 91.45256
C14 700.03 93.23915
C14 725.012 94.38943
C14 750.022 95.732475
C14 774.987 97.75657
C14 799.976 97.918396
C14 824.988 98.6968
C14 850.022 98.32307
C14 869.967 96.883804
C14 875.002 96.00529
C14 899.999 91.166756
C14 919.999 84.74243
C14 925.012 82.334076
C14 949.965 71.656166
C14 975.002 56.45662
C14 999.976 39.327812
C14 1025.028 22.39119
C14 1050.014 10.59436
C14 1075.002 6.2744856
C14 1099.99 4.2263393
C16 319.994 48.36961
C16 324.969 47.602894
C16 349.982 47.902626
C16 374.975 58.956894
C16 400.019 75.9883
C16 424.965 83.973625
C16 450.035 86.530525
C16 475.003 88.342606
C16 500.018 86.81451
C16 525.002 86.01787
C16 550.029 86.66091
C16 575.023 87.66302
C16 599.982 87.873184
C16 619.997 88.82967
C16 624.979 89.06402
C16 650.012 89.91902
C16 675.004 91.1727
C16 700.03 92.96096
C16 725.012 94.18769
C16 750.022 95.53851
C16 774.987 97.65522
C16 799.976 97.81281
C16 824.988 98.642395
C16 850.022 98.332306
C16 869.967 97.01699
C16 875.002 96.141815
C16 899.999 91.46207
C16 919.999 84.999596
C16 925.012 82.59699
C16 949.965 71.77964
C16 975.002 56.55758
C16 999.976 39.633816
C16 1025.028 22.451727
C16 1050.014 10.51257
C16 1075.002 6.291317
C16 1099.99 4.245027
