lsstCam/transmission_filter_detector/r33_s10/i_39/19700101T000000.ecsv
# %ECSV 1.0
# ---
# datatype:
# - {name: wavelength, unit: nm, datatype: float32}
# - {name: efficiency, unit: '%', datatype: float64}
# meta: !!omap
# - {MODE: DETECTOR}
# - {TYPE: transmission_filter_detector}
# - {CALIBDATE: '1970-01-01T00:00:00'}
# - {INSTRUME: LSSTCam}
# - {OBSTYPE: transmission_filter_detector}
# - {CALIBCLS: lsst.ip.isr.IntermediateFilterDetectorTransmissionCurve}
# - {SOURCE: Materion (DM-46256)}
# - {DETECTOR: 147}
# - {FILTER: i_39}
# - {CALIB_ID: 'calibDate=1970-01-01T00:00:00 filter=i_39 detector=147'}
# - {DATE: '2025-04-02T15:59:47.160172'}
# - {CALIB_CREATION_DATE: '2025-04-02'}
# - {CALIB_CREATION_TIME: '15:59:47'}
# - __serialized_columns__:
#     efficiency:
#       __class__: astropy.units.quantity.Quantity
#       unit: !astropy.units.Unit {unit: '%'}
#       value: !astropy.table.SerializedColumn {name: efficiency}
#     wavelength:
#       __class__: astropy.units.quantity.Quantity
#       unit: !astropy.units.Unit {unit: nm}
#       value: !astropy.table.SerializedColumn {name: wavelength}
# schema: astropy-2.0
wavelength efficiency
300.0 1.5934985535953627e-10
301.0 1.5934985535953627e-10
302.0 0.01622028066776693
303.0 0.011476470535853878
304.0 0.006732662586728111
305.0 0.01335068664047867
306.0 0.01996871578739956
307.0 0.013882466009818017
308.0 0.0077962140494491905
309.0 0.008260105096269399
310.0 0.008723996870685369
311.0 0.0020100402252865024
312.0 1.5934985535953627e-10
313.0 1.5934985535953627e-10
314.0 1.5934985535953627e-10
315.0 1.5934985535953627e-10
316.0 1.5934985535953627e-10
317.0 1.5934985535953627e-10
318.0 1.5934985535953627e-10
319.0 0.001999836058530491
320.0 0.00714694760972634
321.0 0.0021016008759033866
322.0 1.5934985535953627e-10
323.0 1.5934985535953627e-10
324.0 0.0011631113920884673
325.0 0.0008608197276771534
326.0 0.0005585290637100115
327.0 1.5934985535953627e-10
328.0 1.5934985535953627e-10
329.0 0.0012715469893009868
330.0 0.004519174763117917
331.0 0.0046474939153995365
332.0 0.004775812340085395
333.0 0.0024773344193818048
334.0 0.0001788568056326767
335.0 0.0002234589601357584
336.0 0.0002680610350580537
337.0 0.001167552181868814
338.0 0.002067043533315882
339.0 0.0007148376425902825
340.0 1.5934985535953627e-10
341.0 1.5934985535953627e-10
342.0 0.00014776104535485501
343.0 1.5934985535953627e-10
344.0 1.5934985535953627e-10
345.0 2.068979227942691e-05
346.0 0.00030791434255661443
347.0 1.5934985535953627e-10
348.0 1.5934985535953627e-10
349.0 0.00041406524360354524
350.0 0.0013309017958818004
351.0 6.900472158122284e-05
352.0 1.5934985535953627e-10
353.0 1.5934985535953627e-10
354.0 0.0001255580514225585
355.0 0.0007098142759787152
356.0 0.0012940701708430424
357.0 0.000348728895005479
358.0 1.5934985535953627e-10
359.0 1.5934985535953627e-10
360.0 2.018095983657986e-05
361.0 3.418789731313154e-05
362.0 4.819486321139266e-05
363.0 1.5934985535953627e-10
364.0 1.5934985535953627e-10
365.0 1.5934985535953627e-10
366.0 6.5002346616438444e-06
367.0 0.0002960636265925132
368.0 0.0005856267762283096
369.0 1.869051580172254e-06
370.0 1.5934985535953627e-10
371.0 1.5934985535953627e-10
372.0 1.5934985535953627e-10
373.0 1.5934985535953627e-10
374.0 1.5934985535953627e-10
375.0 0.00010181632887906744
376.0 0.00039837473195802886
377.0 0.0004440904831426451
378.0 0.0004898061888525262
379.0 0.0004844001068704529
380.0 0.00047899379751470406
381.0 0.0003174252697135671
382.0 0.00015585667370032752
383.0 0.00020577606392180314
384.0 0.00025569534045644104
385.0 0.00028378474326018477
386.0 0.00031187432796286885
387.0 0.0002542491074564168
388.0 0.00019662365957628936
389.0 1.5934985535953627e-10
390.0 1.5934985535953627e-10
391.0 1.5934985535953627e-10
392.0 1.5934985535953627e-10
393.0 1.5934985535953627e-10
394.0 7.266164061547897e-05
395.0 0.0004668369911087211
396.0 0.0008610124496044591
397.0 0.0008730917215871159
398.0 0.0008851708116708323
399.0 0.001231255282618804
400.0 0.0015773395716678351
401.0 0.002856502578651998
402.0 0.0041356648580404
403.0 0.003745780122699216
404.0 0.0033558946597622707
405.0 0.0022710912162438035
406.0 0.0011862884093716275
407.0 0.0027167139705852605
408.0 0.004247139077051543
409.0 0.004553232065518387
410.0 0.00485932469018735
411.0 0.004850955883739516
412.0 0.004842586713493802
413.0 0.004645779335987754
414.0 0.004448971230885945
415.0 0.003320731775602326
416.0 0.002192492684116587
417.0 0.0035875080357072875
418.0 0.0049825226597022265
419.0 0.003980713518103585
420.0 0.0029789032851113006
421.0 0.0037137953768251464
422.0 0.004448687468538992
423.0 0.004565689596347511
424.0 0.0046826917241560295
425.0 0.004768656071973965
426.0 0.004854621147387661
427.0 0.0054154719691723585
428.0 0.005976323154754937
429.0 0.005040959513280541
430.0 0.004105596599401906
431.0 0.003927311990992166
432.0 0.0037490277463803068
433.0 0.002520250200177543
434.0 0.001291472653974779
435.0 0.0015069214896357153
436.0 0.001722370507195592
437.0 0.0015015716599009465
438.0 0.0012807728126063012
439.0 0.0012000548849755432
440.0 0.0011193369573447853
441.0 0.0009710812264529523
442.0 0.0008228255865105893
443.0 0.0020244075130904093
444.0 0.003225989348720759
445.0 0.0013166364624339622
446.0 1.5934985535953627e-10
447.0 1.5934985535953627e-10
448.0 0.0002384073923167307
449.0 0.00028994122658332344
450.0 0.00034147503811254865
451.0 0.0005889832209504675
452.0 0.0008364915629499592
453.0 0.000991209344647359
454.0 0.0011459270353952888
455.0 0.0013245601621747483
456.0 0.0015031932889542077
457.0 0.001011541098705493
458.0 0.0005198888629820431
459.0 0.0002686144625840825
460.0 1.7340073554805713e-05
461.0 0.0001640687401049945
462.0 0.0003107975317107048
463.0 0.0004615544639818836
464.0 0.0006123113962530624
465.0 0.00048146989684028085
466.0 0.0003506286702759098
467.0 0.00041352450352860615
468.0 0.0004764202913065674
469.0 0.0006284712071646936
470.0 0.000780522168497555
471.0 0.000515343754159403
472.0 0.00025016565814439673
473.0 0.0005046139449405018
474.0 0.0007590622317366069
475.0 0.0004481226824282203
476.0 0.00013718308764509857
477.0 0.00034513225273258286
478.0 0.000553081326870597
479.0 0.00131821534523624
480.0 0.002083349500026088
481.0 0.002117031908710487
482.0 0.002150714317394886
483.0 0.003558281241566874
484.0 0.004965847620042041
485.0 0.006561141344718635
486.0 0.008156432886607945
487.0 0.010340964945498854
488.0 0.012525497004389763
489.0 0.015166867524385452
490.0 0.01780823658918962
491.0 0.02056988887488842
492.0 0.023331544070970267
493.0 0.025004055351018906
494.0 0.02667656517587602
495.0 0.024672856670804322
496.0 0.022669149620924145
497.0 0.01883105287561193
498.0 0.014992956130299717
499.0 0.010658951941877604
500.0 0.006324949208647013
501.0 0.0043528929381864145
502.0 0.0023808361220289953
503.0 0.002065786247840151
504.0 0.0017507367374491878
505.0 0.0018373606508248486
506.0 0.001923984382301569
507.0 0.0018299653675057925
508.0 0.0017359465346089564
509.0 0.0017827836927608587
510.0 0.001829620850912761
511.0 0.0017256781575269997
512.0 0.0016217356460401788
513.0 0.0017344142179354094
514.0 0.00184709278983064
515.0 0.0022554388124262914
516.0 0.002663784835021943
517.0 0.002637541911099106
518.0 0.00261129935097415
519.0 0.0022676827938994393
520.0 0.001924066418723669
521.0 0.0017667967767920345
522.0 0.0016095273167593405
523.0 0.0017547552488395013
524.0 0.0018999833628186025
525.0 0.0020091665646759793
526.0 0.0021183499484322965
527.0 0.0024996801585075445
528.0 0.0028810103685827926
529.0 0.002482696800143458
530.0 0.0020843826860073023
531.0 0.0018646995158633217
532.0 0.001645016709517222
533.0 0.0015474008250748739
534.0 0.001449785031581996
535.0 0.0017552089047967456
536.0 0.002060632687062025
537.0 0.002527182368794456
538.0 0.002993732050526887
539.0 0.003936836947104894
540.0 0.004879942207480781
541.0 0.0052704763220390305
542.0 0.005661010800395161
543.0 0.005259601675788872
544.0 0.004858192914980464
545.0 0.003985254079452716
546.0 0.0031123156077228487
547.0 0.002393721297266893
548.0 0.0016751275325077586
549.0 0.0016852112821652554
550.0 0.0016952952137216926
551.0 0.001670252822805196
552.0 0.0016452102499897592
553.0 0.0016521758880116977
554.0 0.0016591415260336362
555.0 0.0011131195606139954
556.0 0.0005670975951943547
557.0 0.0006068890343158273
558.0 0.0006466803824878298
559.0 0.0006850012141512707
560.0 0.0007233220003399765
561.0 0.0010684449080144987
562.0 0.0014135678611637559
563.0 0.0016362560927518643
564.0 0.0018589440514915623
565.0 0.0015935456758597866
566.0 0.0013281474821269512
567.0 0.0010272695362800732
568.0 0.0007263915904331952
569.0 0.0007021943474683212
570.0 0.0006779971954529174
571.0 0.000589887895330321
572.0 0.0005017784133087844
573.0 0.0004873864327237243
574.0 0.0004729944521386642
575.0 0.00043702243601728696
576.0 0.00040105037442117464
577.0 0.00037098095617693616
578.0 0.0003409115379326977
579.0 0.0004446476395969512
580.0 0.0005483837867359398
581.0 0.0004490871560847154
582.0 0.0003497904344840208
583.0 0.00041123153096123133
584.0 0.00047267258196370676
585.0 0.0005061781848780811
586.0 0.0005396837877924554
587.0 0.0004491604158829432
588.0 0.0003586371121855336
589.0 0.0006693918749078875
590.0 0.000980146705842344
591.0 0.0006288427357503679
592.0 0.00027753876565839164
593.0 0.0004840230758418329
594.0 0.0006905074315000093
595.0 0.0005348413196770707
596.0 0.0003791751851167646
597.0 0.0003963907602155814
598.0 0.0004136063125770306
599.0 0.00040040313251665793
600.0 0.00038719999793102033
601.0 0.0004180863015790237
602.0 0.00044897278712596744
603.0 0.00026552104372967733
604.0 8.206937991417362e-05
605.0 0.00020318855149525916
606.0 0.00032430771170766093
607.0 0.000396305904359906
608.0 0.00046830409701215103
609.0 0.00039184046727314126
610.0 0.0003153768375341315
611.0 0.0004249174708093051
612.0 0.0005344580586097436
613.0 0.00043433369683043566
614.0 0.00033420940326323034
615.0 0.000322832124766137
616.0 0.0003114548235316761
617.0 0.0003211392140656244
618.0 0.0003308236045995727
619.0 0.00023001007320999634
620.0 0.0001291965645577875
621.0 0.00013586721934188972
622.0 0.00014253788549467572
623.0 0.00024118537567119347
624.0 0.0003398328317416599
625.0 0.00032818556974234525
626.0 0.00031653833048039814
627.0 0.00035705013488041004
628.0 0.0003975619620177895
629.0 0.00036731398722622544
630.0 0.0003370659214851912
631.0 0.00033795874969655415
632.0 0.0003388513732716092
633.0 0.0003786536126426654
634.0 0.00041845587475108914
635.0 0.0004841869667870924
636.0 0.0005499181042978307
637.0 0.0004210634415358072
638.0 0.00029220868782431353
639.0 0.0003650329517768114
640.0 0.0004378573521535145
641.0 0.0005925700861553196
642.0 0.0007472828656318597
643.0 0.0006283736638579285
644.0 0.0005094643256597919
645.0 0.0006414490599127021
646.0 0.0007734339305898175
647.0 0.0007643171556992456
648.0 0.0007552001534349984
649.0 0.0007400722097372636
650.0 0.0007249442205647938
651.0 0.0007915493370092008
652.0 0.0008581542715546675
653.0 0.0008234680535679217
654.0 0.000788781835581176
655.0 0.0011425860975577962
656.0 0.0014963902685849462
657.0 0.002525399577280041
658.0 0.0035544089769246057
659.0 0.005756239625043236
660.0 0.05237773293629289
661.0 0.10331128723919392
662.0 0.1061276881955564
663.0 0.11672662803903222
664.0 0.14255798887461424
665.0 0.13827724615111947
666.0 0.1330396393314004
667.0 0.17691291868686676
668.0 0.265443860553205
669.0 0.30021583661437035
670.0 0.4173003137111664
671.0 0.6690301466733217
672.0 1.0445394553244114
673.0 1.6590679064393044
674.0 2.450983040034771
675.0 3.4003105014562607
676.0 4.497752711176872
677.0 5.826424807310104
678.0 7.2010718286037445
679.0 8.716080337762833
680.0 10.805714130401611
681.0 12.917928397655487
682.0 15.521049499511719
683.0 18.325692415237427
684.0 21.31742089986801
685.0 24.227504432201385
686.0 27.221006155014038
687.0 30.524560809135437
688.0 33.91006886959076
689.0 37.40347623825073
690.0 41.42567217350006
691.0 45.84958255290985
692.0 51.02729797363281
693.0 56.43864870071411
694.0 62.537431716918945
695.0 68.2156503200531
696.0 74.46247935295105
697.0 79.89141941070557
698.0 85.42758226394653
699.0 89.55487608909607
700.0 92.53699779510498
701.0 94.79086399078369
702.0 96.27034068107605
703.0 97.09792137145996
704.0 97.33716249465942
705.0 97.76268005371094
706.0 97.64295816421509
707.0 97.82767295837402
708.0 97.80553579330444
709.0 97.88795113563538
710.0 97.71435856819153
711.0 97.91482090950012
712.0 97.84003496170044
713.0 97.91918396949768
714.0 97.99127578735352
715.0 98.09989929199219
716.0 97.88652062416077
717.0 98.09188842773438
718.0 98.1425940990448
719.0 98.03099036216736
720.0 98.28624725341797
721.0 98.12290668487549
722.0 97.84934520721436
723.0 97.60051369667053
724.0 97.29057550430298
725.0 97.08693623542786
726.0 96.8471884727478
727.0 96.64592742919922
728.0 96.36877775192261
729.0 96.23961448669434
730.0 96.28665447235107
731.0 96.40676975250244
732.0 96.39624357223511
733.0 96.71344757080078
734.0 97.04960584640503
735.0 97.27141261100769
736.0 97.62979745864868
737.0 98.00640344619751
738.0 98.23608994483948
739.0 98.64384531974792
740.0 98.61319661140442
741.0 98.53372573852539
742.0 98.81877303123474
743.0 98.69384765625
744.0 98.50894212722778
745.0 98.5443651676178
746.0 98.4626829624176
747.0 98.69189858436584
748.0 98.60079288482666
749.0 98.48250150680542
750.0 98.42764139175415
751.0 98.4571099281311
752.0 98.3054518699646
753.0 98.46417903900146
754.0 98.39920401573181
755.0 98.49079847335815
756.0 98.5501766204834
757.0 98.53977560997009
758.0 98.72509241104126
759.0 98.7043559551239
760.0 98.53026866912842
761.0 98.55658411979675
762.0 98.62439036369324
763.0 98.58904480934143
764.0 98.56356382369995
765.0 98.39058518409729
766.0 98.46901893615723
767.0 98.26467633247375
768.0 98.26591610908508
769.0 98.18702340126038
770.0 97.92518615722656
771.0 97.98616170883179
772.0 97.9244589805603
773.0 97.9001522064209
774.0 97.7432370185852
775.0 97.80877232551575
776.0 97.70594835281372
777.0 97.8189468383789
778.0 97.82504439353943
779.0 97.95113801956177
780.0 97.87847399711609
781.0 98.32611680030823
782.0 98.19584488868713
783.0 98.32010269165039
784.0 98.27070832252502
785.0 98.4082818031311
786.0 98.5952615737915
787.0 98.30305576324463
788.0 98.33048582077026
789.0 98.45221638679504
790.0 98.32602143287659
791.0 98.4683096408844
792.0 98.20472598075867
793.0 98.17644357681274
794.0 98.05620908737183
795.0 97.93946146965027
796.0 97.86937236785889
797.0 97.92748093605042
798.0 97.76462912559509
799.0 97.72111773490906
800.0 97.47164249420166
801.0 97.50874042510986
802.0 97.32199907302856
803.0 96.96593284606934
804.0 96.57050371170044
805.0 95.76308131217957
806.0 95.00205516815186
807.0 93.8641369342804
808.0 92.28760600090027
809.0 90.53469896316528
810.0 88.68108987808228
811.0 86.11600995063782
812.0 83.12005400657654
813.0 79.8026978969574
814.0 76.07511878013611
815.0 71.90590500831604
816.0 67.6916778087616
817.0 63.026225566864014
818.0 58.07878375053406
819.0 53.91501188278198
820.0 49.041542410850525
821.0 44.62078809738159
822.0 40.17913639545441
823.0 35.61460077762604
824.0 31.00113272666931
825.0 26.792019605636597
826.0 22.412674129009247
827.0 17.937758564949036
828.0 13.904091715812683
829.0 10.270088911056519
830.0 6.9212354719638824
831.0 4.6784862875938416
832.0 2.8240032494068146
833.0 1.6423972323536873
834.0 1.00535461679101
835.0 0.5816339515149593
836.0 0.3040845273062587
837.0 0.19946915563195944
838.0 0.10593932820484042
839.0 0.06810802151449025
840.0 0.03443061141297221
841.0 1.5934985535953627e-10
842.0 1.5934985535953627e-10
843.0 0.010902270150836557
844.0 0.013096835755277425
845.0 1.5934985535953627e-10
846.0 1.5934985535953627e-10
847.0 1.5934985535953627e-10
848.0 1.5934985535953627e-10
849.0 1.5934985535953627e-10
850.0 0.000830815770314075
851.0 0.001923157469718717
852.0 0.003320844189147465
853.0 0.0016917410903261043
854.0 6.263805971684633e-05
855.0 0.00017634832829571678
856.0 0.00029005859687458724
857.0 0.0004110633199161384
858.0 0.0005320680429576896
859.0 0.0001762270358085516
860.0 1.5934985535953627e-10
861.0 1.5934985535953627e-10
862.0 1.5934985535953627e-10
863.0 1.5934985535953627e-10
864.0 1.5934985535953627e-10
865.0 7.088364100127365e-05
866.0 0.00015702884184065624
867.0 3.0070660272940586e-05
868.0 1.5934985535953627e-10
869.0 3.382704392151936e-05
870.0 0.00016454158640044625
871.0 0.00016849536450536107
872.0 0.0001724490971355408
873.0 5.8221894505550154e-05
874.0 1.5934985535953627e-10
875.0 1.5934985535953627e-10
876.0 1.5934985535953627e-10
877.0 4.680101142184867e-05
878.0 0.00013100635669616167
879.0 9.663276614446659e-05
880.0 6.225924380487413e-05
881.0 5.25149914665235e-05
882.0 4.277076470771135e-05
883.0 1.5934985535953627e-10
884.0 1.5934985535953627e-10
885.0 1.0874842359953618e-06
886.0 0.00019575040823838208
887.0 3.7355567883423646e-05
888.0 1.5934985535953627e-10
889.0 1.5934985535953627e-10
890.0 0.00011894127283085254
891.0 2.1088042956307618e-05
892.0 1.5934985535953627e-10
893.0 1.5934985535953627e-10
894.0 4.926097858515277e-05
895.0 6.8182401946614846e-06
