lsstCam/transmission_filter_detector/r33_s10/i_39/19700101T000000.ecsv
# %ECSV 1.0
# ---
# datatype:
# - {name: wavelength, unit: nm, datatype: float32}
# - {name: efficiency, unit: '%', datatype: float64}
# meta: !!omap
# - {MODE: DETECTOR}
# - {TYPE: transmission_filter_detector}
# - {CALIBDATE: '1970-01-01T00:00:00'}
# - {INSTRUME: LSSTCam}
# - {OBSTYPE: transmission_filter_detector}
# - {CALIBCLS: lsst.ip.isr.IntermediateFilterDetectorTransmissionCurve}
# - {SOURCE: Materion (DM-46256)}
# - {DETECTOR: 147}
# - {FILTER: i_39}
# - {CALIB_ID: 'calibDate=1970-01-01T00:00:00 filter=i_39 detector=147'}
# - {DATE: '2025-04-02T15:59:47.160172'}
# - {CALIB_CREATION_DATE: '2025-04-02'}
# - {CALIB_CREATION_TIME: '15:59:47'}
# - __serialized_columns__:
#     efficiency:
#       __class__: astropy.units.quantity.Quantity
#       unit: !astropy.units.Unit {unit: '%'}
#       value: !astropy.table.SerializedColumn {name: efficiency}
#     wavelength:
#       __class__: astropy.units.quantity.Quantity
#       unit: !astropy.units.Unit {unit: nm}
#       value: !astropy.table.SerializedColumn {name: wavelength}
# schema: astropy-2.0
wavelength efficiency
[from data line 597]
897.0 6.589576884152848e-06
898.0 4.880361643699871e-05
899.0 1.5934985535953627e-10
900.0 1.5934985535953627e-10
901.0 1.5934985535953627e-10
902.0 1.5934985535953627e-10
903.0 1.5934985535953627e-10
904.0 1.5934985535953627e-10
905.0 7.391518508370609e-07
906.0 5.564797902479768e-05
907.0 1.5934985535953627e-10
908.0 1.5934985535953627e-10
909.0 1.5934985535953627e-10
910.0 2.954660658360808e-05
911.0 1.5934985535953627e-10
912.0 1.5934985535953627e-10
913.0 1.5934985535953627e-10
914.0 1.5934985535953627e-10
915.0 1.5934985535953627e-10
916.0 1.5934985535953627e-10
917.0 1.5934985535953627e-10
918.0 1.5934985535953627e-10
919.0 1.5934985535953627e-10
920.0 5.386768862081226e-05
921.0 1.5934985535953627e-10
922.0 1.5934985535953627e-10
923.0 1.5934985535953627e-10
924.0 0.00012405949973981478
925.0 5.3043527259433176e-05
926.0 1.5934985535953627e-10
927.0 1.5934985535953627e-10
928.0 1.5934985535953627e-10
929.0 1.5934985535953627e-10
930.0 1.5934985535953627e-10
931.0 1.5934985535953627e-10
932.0 4.2927675281134725e-05
933.0 1.5934985535953627e-10
934.0 1.5934985535953627e-10
935.0 1.5934985535953627e-10
936.0 1.5934985535953627e-10
937.0 1.5934985535953627e-10
938.0 1.8765339859783126e-05
939.0 1.5934985535953627e-10
940.0 1.5934985535953627e-10
941.0 1.5934985535953627e-10
942.0 0.00010570995527814375
943.0 0.00016602789401076734
944.0 0.00022634585548075847
945.0 5.587394298345316e-05
946.0 1.5934985535953627e-10
947.0 0.0001949382976818015
948.0 0.00050447451940272
949.0 0.0002524323463148903
950.0 3.901757139601614e-07
951.0 2.0054815763614897e-05
952.0 3.9719427036288835e-05
953.0 1.5934985535953627e-10
954.0 1.5934985535953627e-10
955.0 1.5934985535953627e-10
956.0 2.107694001551863e-05
957.0 6.45536260890367e-05
958.0 0.00010803032637340948
959.0 0.00014394647678273031
960.0 0.0001798626499294187
961.0 0.00012073404604961979
962.0 6.1605436485479e-05
963.0 0.00012564598819153616
964.0 0.00018968657968798652
965.0 6.557460778822133e-05
966.0 1.5934985535953627e-10
967.0 1.5934985535953627e-10
968.0 1.5934985535953627e-10
969.0 1.5934985535953627e-10
970.0 1.5934985535953627e-10
971.0 3.3268074162151606e-05
972.0 9.799003919397364e-05
973.0 4.322462814343453e-05
974.0 1.5934985535953627e-10
975.0 5.801501856694813e-05
976.0 0.00012757082004100084
977.0 5.505581270881521e-05
978.0 1.5934985535953627e-10
979.0 1.5934985535953627e-10
980.0 1.5928380392438157e-06
981.0 1.5934985535953627e-10
982.0 1.5934985535953627e-10
983.0 1.5934985535953627e-10
984.0 1.5934985535953627e-10
985.0 1.5934985535953627e-10
986.0 1.5934985535953627e-10
987.0 1.5934985535953627e-10
988.0 1.5934985535953627e-10
989.0 1.5934985535953627e-10
990.0 5.8232899391441606e-05
991.0 0.00014754469930267078
992.0 0.00023685649921389995
993.0 0.0001825232516239339
994.0 0.00012818999266528408
995.0 0.00016117003269755514
996.0 0.00019415006136114243
997.0 0.00023654058622923912
998.0 0.0002789311110973358
999.0 0.0002074242274829885
1000.0 0.00013591728702522232
1001.0 0.0002289455551363062
1002.0 0.0003219737891413388
1003.0 0.0002730344476731261
1004.0 0.00022409510620491346
1005.0 0.00021095875126775354
1006.0 0.00019782241906796116
1007.0 0.00016325827800756088
1008.0 0.00012869414831584436
1009.0 0.00022722801986674313
1010.0 0.00032576183457422303
1011.0 0.00022396247914002743
1012.0 0.00012216315781188314
1013.0 0.00018031952322417055
1014.0 0.00023847590000514174
1015.0 0.0001634750333323609
1016.0 8.847421213431517e-05
1017.0 0.000179219648543949
1018.0 0.0002699651076909504
1019.0 0.00011331279665682814
1020.0 1.5934985535953627e-10
1021.0 5.080531764178886e-05
1022.0 0.00014495013829218806
1023.0 0.00011381604281268665
1024.0 8.268195301752712e-05
1025.0 0.00016793677559689968
1026.0 0.000253191660704033
1027.0 0.0004586298018693924
1028.0 0.0006640678748226492
1029.0 0.0009673643944552168
1030.0 0.0012706607776635792
1031.0 0.0016401651009800844
1032.0 0.002009669151448179
1033.0 0.002313253571628593
1034.0 0.0026168379918090068
1035.0 0.002899244282161817
1036.0 0.0031816507544135675
1037.0 0.0032524480047868565
1038.0 0.0033232452551601455
1039.0 0.003078744703088887
1040.0 0.0028342445148155093
1041.0 0.0027448859327705577
1042.0 0.0026555275326245464
1043.0 0.002971850881294813
1044.0 0.00328817441186402
1045.0 0.0032282583561027423
1046.0 0.0031683423003414646
1047.0 0.0032713614928070456
1048.0 0.0033743806852726266
1049.0 0.002792962550302036
1050.0 0.0022115444153314456
1051.0 0.0020545887309708633
1052.0 0.0018976330466102809
1053.0 0.001626328048587311
1054.0 0.001355022868665401
1055.0 0.0008429367881035432
1056.0 0.000330850684804318
1057.0 0.0008668872396810912
1058.0 0.0014029239537194371
1059.0 0.0011835471923404839
1060.0 0.0009641707947594114
1061.0 0.0011140861715830397
1062.0 0.001264001548406668
1063.0 0.001978692671400495
1064.0 0.002693383430596441
1065.0 0.0029045651899650693
1066.0 0.0031157473131315783
1067.0 0.0036764420656254515
1068.0 0.004237137545715086
1069.0 0.004021640415885486
1070.0 0.003806143649853766
1071.0 0.0040147344407159835
1072.0 0.00422332486778032
1073.0 0.003518536323099397
1074.0 0.0028137475965195335
1075.0 0.0029720178645220585
1076.0 0.0031302886782214046
1077.0 0.003348637619637884
1078.0 0.003566986561054364
1079.0 0.003280743840150535
1080.0 0.0029945013011456467
1081.0 0.0021501708033611067
1082.0 0.001305840487475507
1083.0 0.0014912470760464203
1084.0 0.0016766536646173336
1085.0 0.0008405279004364274
1086.0 4.402247100188106e-06
1087.0 0.0008626152521173935
1088.0 0.001720828549878206
1089.0 0.0006552304057549918
1090.0 1.5934985535953627e-10
1091.0 1.5934985535953627e-10
1092.0 0.00025158547032333445
1093.0 0.00010716016731748823
1094.0 1.5934985535953627e-10
1095.0 1.5934985535953627e-10
1096.0 1.5934985535953627e-10
1097.0 1.5934985535953627e-10
1098.0 1.5934985535953627e-10
1099.0 0.00019082267499470618
1100.0 0.0017644435502006672
