lsstCam/transmission_filter_detector/r23_s12/y_10/19700101T000000.ecsv
# %ECSV 1.0
# ---
# datatype:
# - {name: wavelength, unit: nm, datatype: float32}
# - {name: efficiency, unit: '%', datatype: float64}
# meta: !!omap
# - {MODE: DETECTOR}
# - {TYPE: transmission_filter_detector}
# - {CALIBDATE: '1970-01-01T00:00:00'}
# - {INSTRUME: LSSTCam}
# - {OBSTYPE: transmission_filter_detector}
# - {CALIBCLS: lsst.ip.isr.IntermediateFilterDetectorTransmissionCurve}
# - {SOURCE: Materion (DM-46256)}
# - {DETECTOR: 104}
# - {FILTER: y_10}
# - {CALIB_ID: 'calibDate=1970-01-01T00:00:00 filter=y_10 detector=104'}
# - {DATE: '2025-04-02T15:59:51.225176'}
# - {CALIB_CREATION_DATE: '2025-04-02'}
# - {CALIB_CREATION_TIME: '15:59:51'}
# - __serialized_columns__:
#     efficiency:
#       __class__: astropy.units.quantity.Quantity
#       unit: !astropy.units.Unit {unit: '%'}
#       value: !astropy.table.SerializedColumn {name: efficiency}
#     wavelength:
#       __class__: astropy.units.quantity.Quantity
#       unit: !astropy.units.Unit {unit: nm}
#       value: !astropy.table.SerializedColumn {name: wavelength}
# schema: astropy-2.0
wavelength efficiency
300.0 0.2725911792367697
301.0 0.1492672017775476
302.0 0.025943195214495063
303.0 0.025678539532236755
304.0 0.025413886760361493
305.0 0.018380740948487073
306.0 0.01134759295382537
307.0 0.014367660332936794
308.0 0.017387725529260933
309.0 0.014562308206222951
310.0 0.011736888700397685
311.0 0.009647931437939405
312.0 0.007558973447885364
313.0 0.004513233216130175
314.0 0.0014674930753244553
315.0 0.002838437467289623
316.0 0.0042093834053957835
317.0 0.0035467986890580505
318.0 0.002884211608034093
319.0 0.0025117744371527806
320.0 0.002139336720574647
321.0 0.0030969120416557416
322.0 0.004054486998938955
323.0 0.003974217543145642
324.0 0.003893948087352328
325.0 0.0023079363018041477
326.0 0.0007219241979328217
327.0 0.0013746092918154318
328.0 0.002027294431172777
329.0 0.002787736048048828
330.0 0.0035481774830259383
331.0 0.0029358254323597066
332.0 0.0023234731997945346
333.0 0.002583649802545551
334.0 0.002843826041498687
335.0 0.0029939452360849828
336.0 0.003144064248772338
337.0 0.0028457299777073786
338.0 0.0025473955247434787
339.0 0.0013944218153483234
340.0 0.0002414481514279032
341.0 0.0003180291059834417
342.0 0.00039460969674109947
343.0 0.0008836097549647093
344.0 0.0013726098586630542
345.0 0.0013559636499849148
346.0 0.001339317714155186
347.0 0.0014805805221840274
348.0 0.001621842966414988
349.0 0.001272164718102431
350.0 0.0009224861059919931
351.0 0.0014682150322187226
352.0 0.002013943958445452
353.0 0.0016863292330526747
354.0 0.0013587150533567183
355.0 0.0015055269614094868
356.0 0.001652338687563315
357.0 0.0015699646610300988
358.0 0.0014875905435474124
359.0 0.0012448215784388594
360.0 0.0010020525223808363
361.0 0.0011367865226930007
362.0 0.0012715203411062248
363.0 0.0010635641956469044
364.0 0.0008556079592381138
365.0 0.001195115146401804
366.0 0.001534622788312845
367.0 0.0019254281141911633
368.0 0.0023162334400694817
369.0 0.0018572820408735424
370.0 0.001398330550728133
371.0 0.0014510668734146748
372.0 0.0015038031051517464
373.0 0.0019054743461310863
374.0 0.002307145405211486
375.0 0.0032377422030549496
376.0 0.004168338637100533
377.0 0.0042112635128432885
378.0 0.004254188388586044
379.0 0.003677030690596439
380.0 0.0030998729926068336
381.0 0.0022049431208870374
382.0 0.0013100129763188306
383.0 0.0011666340469673742
384.0 0.0010232549357169773
385.0 0.0008088151844276581
386.0 0.0005943755695625441
387.0 0.0006482990102085751
388.0 0.0007022225418040762
389.0 0.0006609861429751618
390.0 0.0006197497441462474
391.0 0.0005802614396088757
392.0 0.0005407731350715039
393.0 0.0006731204393872758
394.0 0.000805467880127253
395.0 0.000704968488207669
396.0 0.000604469096288085
397.0 0.0008162136509781703
398.0 0.0010279581147187855
399.0 0.0011357315997884143
400.0 0.001243504993908573
401.0 0.0014365437891683541
402.0 0.0016295827663270757
403.0 0.0017133612345787697
404.0 0.0017971400666283444
405.0 0.0018023481970885769
406.0 0.00180755669134669
407.0 0.0015603676729369909
408.0 0.001313178836426232
409.0 0.0010610525350784883
410.0 0.0008089262337307446
411.0 0.0009403803232999053
412.0 0.0010718345947680064
413.0 0.0007647495294804685
414.0 0.00045766432776872534
415.0 0.0005975496605969965
416.0 0.0007374350843747379
417.0 0.000432675369665958
418.0 0.00012791581411875086
419.0 1.5772373641517734e-10
420.0 1.5772373641517734e-10
421.0 1.5772373641517734e-10
422.0 4.621605000920681e-05
423.0 0.0005004487320547923
424.0 0.0009546813998895232
425.0 1.5772373641517734e-10
426.0 1.5772373641517734e-10
427.0 1.5772373641517734e-10
428.0 0.00031915494673739886
429.0 1.5772373641517734e-10
430.0 1.5772373641517734e-10
431.0 1.5772373641517734e-10
432.0 0.0008296336091007106
433.0 0.0004972723218088504
434.0 0.0001649111482038279
435.0 6.331410986604169e-05
436.0 1.5772373641517734e-10
437.0 1.5772373641517734e-10
438.0 1.5772373641517734e-10
439.0 1.5772373641517734e-10
440.0 1.5772373641517734e-10
441.0 1.5772373641517734e-10
442.0 1.5772373641517734e-10
443.0 1.5772373641517734e-10
444.0 1.5772373641517734e-10
445.0 5.5416546729247784e-05
446.0 0.00025811968953348696
447.0 0.00048806155064085033
448.0 0.0007180034572229488
449.0 0.0004943446583638433
450.0 0.0002706858140300028
451.0 0.00010825511935763643
452.0 1.5772373641517734e-10
453.0 1.5772373641517734e-10
454.0 1.5772373641517734e-10
455.0 1.5772373641517734e-10
456.0 0.00014464394553215243
457.0 5.974849841550167e-05
458.0 1.5772373641517734e-10
459.0 1.5772373641517734e-10
460.0 1.5772373641517734e-10
461.0 0.00030110845727904234
462.0 0.0008011546924535651
463.0 0.0008189299478544854
464.0 0.0008367052942048758
465.0 0.0008048444215091877
466.0 0.0007729835488134995
467.0 0.0011361393262632191
468.0 0.0014992951037129387
469.0 0.0016538215277250856
470.0 0.0018083477698382922
471.0 0.0019653269191621803
472.0 0.0021223055227892473
473.0 0.002477292946423404
474.0 0.00283228018815862
475.0 0.002921633677033242
476.0 0.003010986984008923
477.0 0.003087797449552454
478.0 0.003164607915095985
479.0 0.0036821860703639686
480.0 0.004199763861834072
481.0 0.0043821051804116
482.0 0.004564446135191247
483.0 0.0041717350541148335
484.0 0.00377902397303842
485.0 0.0036306926631368697
486.0 0.0034823613532353193
487.0 0.0030997933208709583
488.0 0.0027172258342034183
489.0 0.0024280912839458324
490.0 0.002138957097486127
491.0 0.0017218197172041982
492.0 0.0013046826097706798
493.0 0.0012727576176985167
494.0 0.0012408329894242343
495.0 0.0013372670764510985
496.0 0.0014337009815790225
497.0 0.0018383372662356123
498.0 0.0022429738237406127
499.0 0.0023731561668682843
500.0 0.002503338509995956
501.0 0.0026953961423714645
502.0 0.0028874539566459134
503.0 0.002907556881837081
504.0 0.0029276596251293086
505.0 0.0029456732590915635
506.0 0.002963686711154878
507.0 0.0024133321858244017
508.0 0.0018629771147971042
509.0 0.0019229644749430008
510.0 0.001982951471291017
511.0 0.0020253062757547013
512.0 0.0020676608983194456
513.0 0.0021190040570218116
514.0 0.0021703472157241777
515.0 0.001738002356432844
516.0 0.00130565740619204
517.0 0.001356529537588358
518.0 0.0014074018508836161
519.0 0.001356260781903984
520.0 0.0013051196219748817
521.0 0.0016209527530008927
522.0 0.0019367857021279633
523.0 0.001891108877316583
524.0 0.001845432234404143
525.0 0.0021351435862015933
526.0 0.002424855119897984
527.0 0.002330844108655583
528.0 0.0022368332793121226
529.0 0.0022273910872172564
530.0 0.0022179488951223902
531.0 0.002215257700299844
532.0 0.0022125663235783577
533.0 0.0022431751858675852
534.0 0.0022737838662578724
535.0 0.001970952689589467
536.0 0.0016681209672242403
537.0 0.002230504287581425
538.0 0.0027928879717364907
539.0 0.0032313575502485037
540.0 0.0036698274925583974
541.0 0.0037043784686829895
542.0 0.0037389294448075816
543.0 0.004168441228102893
544.0 0.004597953011398204
545.0 0.00496668835694436
546.0 0.005335423338692635
547.0 0.00443317367171403
548.0 0.003530924368533306
549.0 0.002889851384679787
550.0 0.002248778400826268
551.0 0.0024537434001103975
552.0 0.002658708399394527
553.0 0.0030548279028153047
554.0 0.0034509470424382016
555.0 0.0037758250982733443
556.0 0.004100703517906368
557.0 0.003794323856709525
558.0 0.0034879438317148015
559.0 0.003455128535279073
560.0 0.003422313238843344
561.0 0.003521900362102315
562.0 0.003621487121563405
563.0 0.0035683253372553736
564.0 0.0035151635529473424
565.0 0.003922135874745436
566.0 0.00432910819654353
567.0 0.004365690620034002
568.0 0.004402273407322355
569.0 0.0049597725592320785
570.0 0.005517271711141802
571.0 0.005897194569115527
572.0 0.006277117790887132
573.0 0.006520562601508573
574.0 0.006764008867321536
575.0 0.006569545075763017
576.0 0.006375081284204498
577.0 0.0059479516494320706
578.0 0.0055208216508617625
579.0 0.006117970769992098
580.0 0.006715120252920315
581.0 0.007371987157966942
582.0 0.008028854063013569
583.0 0.008792178414296359
584.0 0.009555502037983388
585.0 0.009769770986167714
586.0 0.009984041389543563
587.0 0.01022726355586201
588.0 0.010470484266988933
589.0 0.010660424595698714
590.0 0.010850366379600018
591.0 0.010025135998148471
592.0 0.009199906344292685
593.0 0.0076022668508812785
594.0 0.006004627721267752
595.0 0.005703532951883972
596.0 0.0054024389100959525
597.0 0.005887242514290847
598.0 0.006372046482283622
599.0 0.007349781662924215
600.0 0.008327515388373286
601.0 0.00914130505407229
602.0 0.009955092536984012
603.0 0.010696337994886562
604.0 0.01143758709076792
605.0 0.011233302939217538
606.0 0.011029018787667155
607.0 0.009591021080268547
608.0 0.0081530241004657
609.0 0.006555893924087286
610.0 0.004958764839102514
611.0 0.00412634399253875
612.0 0.003293923509772867
613.0 0.003762719643418677
614.0 0.004231515049468726
615.0 0.004914688543067314
616.0 0.005597862400463782
617.0 0.007061588257784024
618.0 0.008525312296114862
619.0 0.009573303395882249
620.0 0.010621295223245397
621.0 0.01135113270720467
622.0 0.01208096946356818
623.0 0.012117347068851814
624.0 0.012153723218943924
625.0 0.010534538887441158
626.0 0.008915353828342631
627.0 0.007312455272767693
628.0 0.005709556717192754
629.0 0.004557371721602976
630.0 0.003405186362215318
631.0 0.0029475204428308643
632.0 0.002489854523446411
633.0 0.002740236413956154
634.0 0.002990618122566957
635.0 0.0031641306122764945
636.0 0.003337642556289211
637.0 0.003827903128694743
638.0 0.004318164064898156
639.0 0.004566733332467265
640.0 0.0048153022362384945
641.0 0.005254909410723485
642.0 0.005694516221410595
643.0 0.00572105600440409
644.0 0.005747595787397586
645.0 0.00528168493474368
646.0 0.004815774445887655
647.0 0.0038699654396623373
648.0 0.00292415661533596
649.0 0.0022353387976181693
650.0 0.0015465209799003787
651.0 0.0016459815014968626
652.0 0.0017454423868912272
653.0 0.0014842617019894533
654.0 0.0012230811080371495
655.0 0.0012686566151387524
656.0 0.0013142322131898254
657.0 0.0013990537809149828
658.0 0.0014838754395896103
659.0 0.0017390764696756378
660.0 0.0019942777726100758
661.0 0.001969085496966727
662.0 0.0019438934032223187
663.0 0.002188597500207834
664.0 0.0024333017790922895
665.0 0.0030733375751879066
666.0 0.003713373007485643
667.0 0.004479512790567242
668.0 0.005245651846053079
669.0 0.005645279816235416
670.0 0.006044904512236826
671.0 0.006749650492565706
672.0 0.007454396836692467
673.0 0.007776892016408965
674.0 0.008099388651316985
675.0 0.007754514808766544
676.0 0.007409641693811864
677.0 0.0058952762628905475
678.0 0.004380908649181947
679.0 0.002821833004418295
680.0 0.001262756995856762
681.0 0.0006884691174491309
682.0 0.00011418132999096997
683.0 0.00037110180528543424
684.0 0.0006280222351051634
685.0 0.00041591010813135654
686.0 0.0002037978447333444
687.0 0.00033289215934928507
688.0 0.00046198647396522574
689.0 0.0003599904175644042
690.0 0.00025799445211305283
691.0 0.00025537697183608543
692.0 0.0002527595370338531
693.0 0.0002171344704038347
694.0 0.00018150947198591894
695.0 0.00026281686587026343
696.0 0.0003441242597546079
697.0 0.00038945017877267674
698.0 0.000434776075053378
699.0 0.00021186378944548778
700.0 1.5772373641517734e-10
701.0 5.281356720843178e-05
702.0 0.00011667576700347126
703.0 0.0001961422412932734
704.0 0.0002756087724264944
705.0 0.0003033846269318019
706.0 0.0003311603677502717
707.0 0.00017732197648001602
708.0 2.3483450206640555e-05
709.0 0.000261493141806568
710.0 0.0004995028120902134
711.0 0.00046993500291137025
712.0 0.0004403671937325271
713.0 0.00019128326584905153
714.0 1.5772373641517734e-10
715.0 0.00010895319064729847
716.0 0.0002757069978542859
717.0 0.00015290573855963885
718.0 3.0104482107162767e-05
719.0 0.0003437974100961583
720.0 0.0006574903636646923
721.0 0.0007655952686036471
722.0 0.000873700173542602
723.0 0.0006106527507654391
724.0 0.00034760541893774644
725.0 0.0001786597977115889
726.0 9.71442801755984e-06
727.0 0.00010711236200222629
728.0 0.0002045105020442861
729.0 0.0001594932768966828
730.0 0.0001144762109106523
731.0 0.0003734715392056387
732.0 0.000632467072136933
733.0 0.0003563761538316612
734.0 8.028537195059471e-05
735.0 0.0001600056293682428
736.0 0.0002397260914221988
737.0 0.00033715341487550177
738.0 0.0004345809429651126
739.0 0.0003900395768141607
740.0 0.00034549807423900347
741.0 0.00044256594264879823
742.0 0.0005396338565333281
743.0 0.000274774447461823
744.0 9.914987231240957e-06
745.0 0.0002361068936806987
746.0 0.00046229893087001983
747.0 0.00025803678909142036
748.0 5.377464731282089e-05
749.0 1.5772373641517734e-10
750.0 1.5772373641517734e-10
751.0 0.00021918999664194416
752.0 0.0006221887360879919
753.0 0.0006455069069488673
754.0 0.0006688249868602725
755.0 3.3440693414377165e-05
756.0 1.5772373641517734e-10
757.0 1.5772373641517734e-10
758.0 4.89940475745243e-05
759.0 0.00039631395338801667
760.0 0.0007436338819388766
761.0 0.0005109444373374572
762.0 0.00027825506094814045
763.0 0.0003357211653565173
764.0 0.0003931872015527915
765.0 0.0003796865257754689
766.0 0.00036618571357394103
767.0 9.552207984597771e-05
768.0 1.5772373641517734e-10
769.0 1.5772373641517734e-10
770.0 1.5772373641517734e-10
771.0 2.7602857244346524e-05
772.0 0.00011468316643004073
773.0 0.00041369753489561845
774.0 0.0007127118351490935
775.0 0.0005452501682157163
776.0 0.00037778847854497144
777.0 0.000354666758539679
778.0 0.0003315451294838567
779.0 0.0005425656581792282
780.0 0.0007535862550867023
781.0 0.0006910915544722229
782.0 0.0006285968538577436
783.0 0.0006900698281242512
784.0 0.0007515428023907589
785.0 0.0006817617304477608
786.0 0.0006119804311310872
787.0 0.00046625082177342847
788.0 0.000320521098728932
789.0 0.00026335176244174363
790.0 0.00020618240341718774
791.0 0.00041714047256391495
792.0 0.0006280984962359071
793.0 0.0005804768079542555
794.0 0.0005328549832483986
795.0 0.000815797466202639
796.0 0.0010987398127326742
797.0 0.0008638631697976962
798.0 0.0006289866178121883
799.0 0.0006309061063802801
800.0 0.0006328255494736368
801.0 0.0003924227257812163
802.0 0.00015201989072011202
803.0 0.0005863994374522008
804.0 0.001020779018290341
805.0 0.0009519929335510824
806.0 0.0008832065759634133
807.0 0.00056044941629807
808.0 0.00023769209747115383
809.0 0.00021728317278757459
810.0 0.00019687415715452516
811.0 0.0006199189556355122
812.0 0.0010429636859043967
813.0 0.0010910388482443523
814.0 0.001139114101533778
815.0 0.0010330172699468676
816.0 0.0009269201655115467
817.0 0.0008270836588053498
818.0 0.0007272472885233583
819.0 0.0008417302524321713
820.0 0.0009562131708662491
821.0 0.000731477257431834
822.0 0.0005067412985226838
823.0 0.0004780616109201219
824.0 0.00044938205974176526
825.0 0.0005510414666787256
826.0 0.0006527007371914806
827.0 0.0009390906598127913
828.0 0.0012254807188583072
829.0 0.0007217421625682618
830.0 0.00021800358354084892
831.0 0.0001311971459472261
832.0 4.43908760416889e-05
833.0 0.000253288612839242
834.0 0.00046218628995120525
835.0 0.00019911074105039006
836.0 1.5772373641517734e-10
837.0 1.5772373641517734e-10
838.0 5.027999350204482e-05
839.0 0.0003920406015822664
840.0 0.0007338012892432744
841.0 0.0009635450624045916
842.0 0.001193288881040644
843.0 0.0009303204933530651
844.0 0.000667351969241281
845.0 0.0008762950528762303
846.0 0.0010852381819859147
847.0 0.0010095571269630454
848.0 0.000933875980990706
849.0 0.0006724014838255243
850.0 0.00041092666833719704
851.0 0.000934907620830927
852.0 0.0014588884369004518
853.0 0.000916262433747761
854.0 0.00037363649880717276
855.0 0.00021802402443427127
856.0 6.241159553610487e-05
857.0 0.0005676725322700804
858.0 0.0010729334462666884
859.0 0.000949533477978548
860.0 0.0008261334187409375
861.0 0.001354803407593863
862.0 0.0018834734873962589
863.0 0.0018209160771220922
864.0 0.0017583584849489853
865.0 0.0019475915905786678
866.0 0.0021368246962083504
867.0 0.002587322705949191
868.0 0.0030378205337910913
869.0 0.0030214367143344134
870.0 0.003005052712978795
871.0 0.00329679278365802
872.0 0.0035885328543372452
873.0 0.0028799211577279493
874.0 0.0021713096430175938
875.0 0.002262786074425094
