lsstCam/transmission_filter_detector/r23_s12/y_10/19700101T000000.ecsv
# %ECSV 1.0
# ---
# datatype:
# - {name: wavelength, unit: nm, datatype: float32}
# - {name: efficiency, unit: '%', datatype: float64}
# meta: !!omap
# - {MODE: DETECTOR}
# - {TYPE: transmission_filter_detector}
# - {CALIBDATE: '1970-01-01T00:00:00'}
# - {INSTRUME: LSSTCam}
# - {OBSTYPE: transmission_filter_detector}
# - {CALIBCLS: lsst.ip.isr.IntermediateFilterDetectorTransmissionCurve}
# - {SOURCE: Materion (DM-46256)}
# - {DETECTOR: 104}
# - {FILTER: y_10}
# - {CALIB_ID: 'calibDate=1970-01-01T00:00:00 filter=y_10 detector=104'}
# - {DATE: '2025-04-02T15:59:51.225176'}
# - {CALIB_CREATION_DATE: '2025-04-02'}
# - {CALIB_CREATION_TIME: '15:59:51'}
# - __serialized_columns__:
#     efficiency:
#       __class__: astropy.units.quantity.Quantity
#       unit: !astropy.units.Unit {unit: '%'}
#       value: !astropy.table.SerializedColumn {name: efficiency}
#     wavelength:
#       __class__: astropy.units.quantity.Quantity
#       unit: !astropy.units.Unit {unit: nm}
#       value: !astropy.table.SerializedColumn {name: wavelength}
# schema: astropy-2.0
wavelength efficiency
[from data line 577]
877.0 0.0019491400962579064
878.0 0.0015440175047842786
879.0 0.0019145216356264427
880.0 0.0739743816666305
881.0 0.09374868241138756
882.0 0.0674867071211338
883.0 0.10023775976151228
884.0 0.06162525969557464
885.0 0.0950915738940239
886.0 0.07097695488482714
887.0 0.10109090944752097
888.0 0.06704481784254313
889.0 0.10760610457509756
890.0 0.07816085126250982
891.0 0.09684311226010323
892.0 0.07776517886668444
893.0 0.10312002850696445
894.0 0.08321480709128082
895.0 0.11147668119519949
896.0 0.0749342143535614
897.0 0.11312823044136167
898.0 0.08274109568446875
899.0 0.13227504678070545
900.0 0.11390065774321556
901.0 0.13512199511751533
902.0 0.17200541915372014
903.0 0.18182104686275125
904.0 0.21637603640556335
905.0 0.27295423205941916
906.0 0.33782152459025383
907.0 0.43651461601257324
908.0 0.5909769795835018
909.0 0.7983499206602573
910.0 1.132990699261427
911.0 1.6341175884008408
912.0 2.394142746925354
913.0 3.5415373742580414
914.0 4.896290972828865
915.0 6.828092038631439
916.0 9.110920131206512
917.0 11.625342816114426
918.0 14.422427117824554
919.0 17.048729956150055
920.0 20.609621703624725
921.0 24.28300976753235
922.0 28.061586618423462
923.0 32.55767226219177
924.0 37.41658627986908
925.0 42.792487144470215
926.0 49.17946755886078
927.0 55.995768308639526
928.0 61.93490028381348
929.0 68.31947565078735
930.0 73.84943962097168
931.0 79.25004363059998
932.0 84.09706950187683
933.0 88.18681240081787
934.0 91.0879135131836
935.0 93.15003156661987
936.0 94.65743899345398
937.0 95.72827816009521
938.0 96.38129472732544
939.0 96.67112827301025
940.0 96.98575139045715
941.0 97.1373975276947
942.0 97.32342958450317
943.0 97.40849733352661
944.0 97.62558937072754
945.0 97.58864641189575
946.0 97.58399724960327
947.0 97.56700992584229
948.0 97.73492813110352
949.0 97.58909940719604
950.0 97.76957035064697
951.0 97.87547588348389
952.0 97.9084312915802
953.0 98.08292388916016
954.0 98.19951057434082
955.0 98.24097156524658
956.0 98.43481779098511
957.0 98.63285422325134
958.0 98.75559210777283
959.0 98.81150126457214
960.0 98.88913631439209
961.0 98.9506185054779
962.0 98.9860475063324
963.0 99.02404546737671
964.0 99.05371069908142
965.0 99.02274012565613
966.0 99.09546375274658
967.0 99.21006560325623
968.0 99.15683269500732
969.0 99.14782047271729
970.0 99.20911192893982
971.0 99.2488145828247
972.0 99.28858876228333
973.0 99.41213726997375
974.0 99.40245747566223
975.0 99.37301874160767
976.0 99.4090735912323
977.0 99.37756061553955
978.0 99.41706657409668
979.0 99.38758611679077
980.0 99.34597611427307
981.0 99.25819635391235
982.0 99.18527007102966
983.0 99.21075105667114
984.0 99.14664626121521
985.0 99.19827580451965
986.0 99.05449151992798
987.0 99.12003874778748
988.0 99.03238415718079
989.0 99.06112551689148
990.0 99.00028109550476
991.0 99.0343451499939
992.0 99.12463426589966
993.0 99.07264709472656
994.0 99.0700364112854
995.0 99.10515546798706
996.0 99.09758567810059
997.0 99.22912120819092
998.0 99.24989938735962
999.0 99.2706298828125
1000.0 99.30236339569092
1001.0 99.26488995552063
1002.0 99.37795996665955
1003.0 99.39518570899963
1004.0 99.45763349533081
1005.0 99.3852436542511
1006.0 99.47856664657593
1007.0 99.4890570640564
1008.0 99.43439364433289
1009.0 99.3794322013855
1010.0 99.40639734268188
1011.0 99.41982626914978
1012.0 99.29181933403015
1013.0 99.30337071418762
1014.0 99.27296042442322
1015.0 99.26280975341797
1016.0 99.24014806747437
1017.0 99.31868314743042
1018.0 99.30612444877625
1019.0 99.26704168319702
1020.0 99.32677745819092
1021.0 99.44887161254883
1022.0 99.36866760253906
1023.0 99.3395984172821
1024.0 99.36468601226807
1025.0 99.35803413391113
1026.0 99.45996403694153
1027.0 99.52345490455627
1028.0 99.44866299629211
1029.0 99.55586791038513
1030.0 99.59514737129211
1031.0 99.51508641242981
1032.0 99.61575269699097
1033.0 99.50889945030212
1034.0 99.53727722167969
1035.0 99.63246583938599
1036.0 99.52131509780884
1037.0 99.4854748249054
1038.0 99.50697422027588
1039.0 99.43715929985046
1040.0 99.3146002292633
1041.0 99.4678258895874
1042.0 99.40776824951172
1043.0 99.34070706367493
1044.0 99.41304922103882
1045.0 99.16019439697266
1046.0 99.32718873023987
1047.0 99.23073649406433
1048.0 99.35932755470276
1049.0 99.26997423171997
1050.0 99.2624282836914
1051.0 99.22449588775635
1052.0 99.24043416976929
1053.0 99.04720783233643
1054.0 99.37053322792053
1055.0 99.44275617599487
1056.0 99.33820962905884
1057.0 99.36225414276123
1058.0 99.1534411907196
1059.0 99.20094609260559
1060.0 99.27800297737122
1061.0 99.23384189605713
1062.0 99.23720955848694
1063.0 99.2061972618103
1064.0 99.33468103408813
1065.0 99.25751686096191
1066.0 99.27586317062378
1067.0 99.4001030921936
1068.0 99.26561713218689
1069.0 99.0244209766388
1070.0 99.4457483291626
1071.0 99.19503331184387
1072.0 99.31380152702332
1073.0 99.3517279624939
1074.0 99.01177883148193
1075.0 99.01752471923828
1076.0 98.85647296905518
1077.0 99.27607774734497
1078.0 99.28223490715027
1079.0 99.0488588809967
1080.0 99.55315589904785
1081.0 98.86360764503479
1082.0 99.02862310409546
1083.0 98.88864159584045
1084.0 99.33381676673889
1085.0 99.05383586883545
1086.0 99.00655150413513
1087.0 99.05452728271484
1088.0 98.79723787307739
1089.0 98.70508313179016
1090.0 98.81672263145447
1091.0 98.97308349609375
1092.0 98.90893697738647
1093.0 98.64314794540405
1094.0 98.61105680465698
1095.0 98.70724678039551
1096.0 98.69359731674194
1097.0 98.29052686691284
1098.0 97.99245595932007
1099.0 98.81272912025452
1100.0 98.22076559066772
