lsstCam/transmission_filter_detector/r31_s22/z_20/19700101T000000.ecsv
# %ECSV 1.0
# ---
# datatype:
# - {name: wavelength, unit: nm, datatype: float32}
# - {name: efficiency, unit: '%', datatype: float64}
# meta: !!omap
# - {MODE: DETECTOR}
# - {TYPE: transmission_filter_detector}
# - {CALIBDATE: '1970-01-01T00:00:00'}
# - {INSTRUME: LSSTCam}
# - {OBSTYPE: transmission_filter_detector}
# - {CALIBCLS: lsst.ip.isr.IntermediateFilterDetectorTransmissionCurve}
# - {SOURCE: Materion (DM-46256)}
# - {DETECTOR: 134}
# - {FILTER: z_20}
# - {CALIB_ID: 'calibDate=1970-01-01T00:00:00 filter=z_20 detector=134'}
# - {DATE: '2025-04-02T15:59:49.261010'}
# - {CALIB_CREATION_DATE: '2025-04-02'}
# - {CALIB_CREATION_TIME: '15:59:49'}
# - __serialized_columns__:
#     efficiency:
#       __class__: astropy.units.quantity.Quantity
#       unit: !astropy.units.Unit {unit: '%'}
#       value: !astropy.table.SerializedColumn {name: efficiency}
#     wavelength:
#       __class__: astropy.units.quantity.Quantity
#       unit: !astropy.units.Unit {unit: nm}
#       value: !astropy.table.SerializedColumn {name: wavelength}
# schema: astropy-2.0
wavelength efficiency
[from data line 597]
897.0 99.10624027252197
898.0 98.91992211341858
899.0 98.64736795425415
900.0 98.87973070144653
901.0 99.4852364063263
902.0 98.9794909954071
903.0 99.2107093334198
904.0 97.92075157165527
905.0 98.67445826530457
906.0 98.43305945396423
907.0 99.35638308525085
908.0 98.2485294342041
909.0 98.26744198799133
910.0 98.12607169151306
911.0 97.04317450523376
912.0 95.96139788627625
913.0 95.03339529037476
914.0 92.93299317359924
915.0 90.46652913093567
916.0 88.45773339271545
917.0 86.5451991558075
918.0 83.26042890548706
919.0 82.37131834030151
920.0 79.49750423431396
921.0 75.75182914733887
922.0 71.37789130210876
923.0 65.84371328353882
924.0 60.489457845687866
925.0 55.16458749771118
926.0 48.960745334625244
927.0 42.109811305999756
928.0 36.3324373960495
929.0 29.81206476688385
930.0 24.264313280582428
931.0 19.118259847164154
932.0 13.667529821395874
933.0 9.244771301746368
934.0 5.861368030309677
935.0 3.6520931869745255
936.0 2.1856870502233505
937.0 1.3022367842495441
938.0 0.8272211998701096
939.0 0.40106624364852905
940.0 0.2729036845266819
941.0 0.27040685527026653
942.0 0.12785602593794465
943.0 0.046983041102066636
944.0 0.08282121852971613
945.0 0.02165427868021652
946.0 0.11175681138411164
947.0 0.0478555477457121
948.0 1.6025384144691124e-10
949.0 0.13922408688813448
950.0 0.10137032950296998
951.0 0.0486309319967404
952.0 0.060005520936101675
953.0 0.06892139790579677
954.0 0.06885803304612637
955.0 1.6025384144691124e-10
956.0 0.004676532626035623
957.0 1.6025384144691124e-10
958.0 3.236811494389258e-05
959.0 0.06667402922175825
960.0 0.02349576825508848
961.0 0.029761812766082585
962.0 0.06397765828296542
963.0 0.08636086131446064
964.0 0.024299138749483973
965.0 0.003058971560676582
966.0 1.6025384144691124e-10
967.0 0.02338423510082066
968.0 1.6025384144691124e-10
969.0 0.046138823381625116
970.0 1.6025384144691124e-10
971.0 0.022126303520053625
972.0 1.6025384144691124e-10
973.0 1.6025384144691124e-10
974.0 1.6025384144691124e-10
975.0 1.6025384144691124e-10
976.0 0.006250473961699754
977.0 0.006116613076301292
978.0 0.005982752918498591
979.0 0.005900386531720869
980.0 0.005818020144943148
981.0 0.005666039578500204
982.0 0.005514058284461498
983.0 0.00534855826117564
984.0 0.005183058237889782
985.0 0.005123545997776091
986.0 0.005064034121460281
987.0 0.005031071486882865
988.0 0.00499810921610333
989.0 0.0049596786993788555
990.0 0.0049212485464522615
991.0 0.004784491829923354
992.0 0.004647735477192327
993.0 0.004725976759800687
994.0 0.004804218406206928
995.0 0.00458954818896018
996.0 0.004374878335511312
997.0 0.004475633249967359
998.0 0.004576388164423406
999.0 0.004580872337101027
1000.0 0.004585356145980768
1001.0 0.004403251659823582
1002.0 0.0042211468098685145
1003.0 0.004203456046525389
1004.0 0.004185765646980144
1005.0 0.004207453457638621
1006.0 0.004229141268297099
1007.0 0.0041974974010372534
1008.0 0.004165853533777408
1009.0 0.004257617183611728
1010.0 0.004349380833446048
1011.0 0.004209644248476252
1012.0 0.004069907663506456
1013.0 0.004187988815829158
1014.0 0.00430606996815186
1015.0 0.00422354532929603
1016.0 0.004141021054238081
1017.0 0.0041979663365054876
1018.0 0.004254911982570775
1019.0 0.004341047315392643
1020.0 0.004427183012012392
1021.0 0.004372608600533567
1022.0 0.004318034552852623
1023.0 0.004353220356279053
1024.0 0.004388406523503363
1025.0 0.004332919343141839
1026.0 0.004277432526578195
1027.0 0.004408398308441974
1028.0 0.004539364090305753
1029.0 0.004538087523542345
1030.0 0.004536810956778936
1031.0 0.004449832704267465
1032.0 0.004362854815553874
1033.0 0.004531240847427398
1034.0 0.004699626879300922
1035.0 0.004868987525696866
1036.0 0.00503834817209281
1037.0 0.005200315354159102
1038.0 0.005362282900023274
1039.0 0.005338065966498107
1040.0 0.005313848305377178
1041.0 0.0051987834012834355
1042.0 0.0050837181333918124
1043.0 0.005493850403581746
1044.0 0.00590398303756956
1045.0 0.006020219007041305
1046.0 0.006136455340310931
1047.0 0.006056337952031754
1048.0 0.005976221291348338
1049.0 0.00619028287474066
1050.0 0.006404344458132982
1051.0 0.006566259980900213
1052.0 0.006728176231263205
1053.0 0.006894941907376051
1054.0 0.007061706128297374
1055.0 0.006918529106769711
1056.0 0.006775349902454764
1057.0 0.007242698484333232
1058.0 0.0077100470662117004
1059.0 0.008181842713383958
1060.0 0.008653638360556215
1061.0 0.008434856863459572
1062.0 0.00821607536636293
1063.0 0.008532034553354606
1064.0 0.008847993740346283
1065.0 0.009138654422713444
1066.0 0.009429314377484843
1067.0 0.009739237430039793
1068.0 0.010049160482594743
1069.0 0.010236390517093241
1070.0 0.010423618368804455
1071.0 0.010550717706792057
1072.0 0.010677815589588135
1073.0 0.010734414536273107
1074.0 0.010791013482958078
1075.0 0.010903654037974775
1076.0 0.011016295320587233
1077.0 0.011536981764947996
1078.0 0.01205766893690452
1079.0 0.01241375575773418
1080.0 0.01276984257856384
1081.0 0.013837548613082618
1082.0 0.014905254647601396
1083.0 0.014714563440065831
1084.0 0.014523870777338743
1085.0 0.014529390318784863
1086.0 0.014534912770614028
1087.0 0.014918850501999259
1088.0 0.015302789688576013
1089.0 0.015114821144379675
1090.0 0.01492685405537486
1091.0 0.016382559260819107
1092.0 0.0178382673766464
1093.0 0.017900725651998073
1094.0 0.017963183927349746
1095.0 0.01837259333115071
1096.0 0.018782001279760152
1097.0 0.019275145314168185
1098.0 0.019768289348576218
1099.0 0.02064455475192517
1100.0 0.0215208187000826
1101.0 0.02289417461724952
1102.0 0.024267530534416437
1103.0 0.024850026238709688
1104.0 0.02543252776376903
1105.0 0.02523837029002607
1106.0 0.025044212816283107
1107.0 0.02631326497066766
1108.0 0.02758232003543526
1109.0 0.028488854877650738
1110.0 0.029395392630249262
1111.0 0.02959729463327676
1112.0 0.029799199546687305
1113.0 0.029767403611913323
1114.0 0.029735607677139342
1115.0 0.030669718398712575
1116.0 0.03160382912028581
1117.0 0.03298341762274504
1118.0 0.03436300321482122
1119.0 0.03508083464112133
1120.0 0.035798660246655345
1121.0 0.037426064955070615
1122.0 0.039053469663485885
1123.0 0.040367720066569746
1124.0 0.04168197338003665
1125.0 0.04328170616645366
1126.0 0.04488143895287067
1127.0 0.045696532470174134
1128.0 0.0465116259874776
1129.0 0.050715007819235325
1130.0 0.054918386740610003
1131.0 0.05801150109618902
1132.0 0.06110460963100195
1133.0 0.06002126028761268
1134.0 0.058937910944223404
1135.0 0.06631521391682327
1136.0 0.0736925343517214
1137.0 0.0776363245677203
1138.0 0.08158012060448527
1139.0 0.08692936971783638
1140.0 0.0922786071896553
1141.0 0.1091709011234343
1142.0 0.12606318341568112
1143.0 0.20450467709451914
1144.0 0.2829462056979537
1145.0 0.6405758671462536
1146.0 0.9982055053114891
1147.0 1.3870618306100368
1148.0 1.7759177833795547
1149.0 1.7449555918574333
1150.0 1.7139926552772522
