lsstCam/transmission_filter_detector/r31_s22/z_20/19700101T000000.ecsv
# %ECSV 1.0
# ---
# datatype:
# - {name: wavelength, unit: nm, datatype: float32}
# - {name: efficiency, unit: '%', datatype: float64}
# meta: !!omap
# - {MODE: DETECTOR}
# - {TYPE: transmission_filter_detector}
# - {CALIBDATE: '1970-01-01T00:00:00'}
# - {INSTRUME: LSSTCam}
# - {OBSTYPE: transmission_filter_detector}
# - {CALIBCLS: lsst.ip.isr.IntermediateFilterDetectorTransmissionCurve}
# - {SOURCE: Materion (DM-46256)}
# - {DETECTOR: 134}
# - {FILTER: z_20}
# - {CALIB_ID: 'calibDate=1970-01-01T00:00:00 filter=z_20 detector=134'}
# - {DATE: '2025-04-02T15:59:49.261010'}
# - {CALIB_CREATION_DATE: '2025-04-02'}
# - {CALIB_CREATION_TIME: '15:59:49'}
# - __serialized_columns__:
#     efficiency:
#       __class__: astropy.units.quantity.Quantity
#       unit: !astropy.units.Unit {unit: '%'}
#       value: !astropy.table.SerializedColumn {name: efficiency}
#     wavelength:
#       __class__: astropy.units.quantity.Quantity
#       unit: !astropy.units.Unit {unit: nm}
#       value: !astropy.table.SerializedColumn {name: wavelength}
# schema: astropy-2.0
wavelength efficiency
300.0 0.36903461441397667
301.0 0.32716409768909216
302.0 0.28529358096420765
303.0 0.23375849705189466
304.0 0.18222341313958168
305.0 0.17126875463873148
306.0 0.1603140728548169
307.0 0.14893304323777556
308.0 0.13755199033766985
309.0 0.13063056394457817
310.0 0.12370912590995431
311.0 0.11438641231507063
312.0 0.10506371036171913
313.0 0.09763111593201756
314.0 0.09019853314384818
315.0 0.08530932245776057
316.0 0.08042010595090687
317.0 0.0734880450181663
318.0 0.06655597826465964
319.0 0.0636305136140436
320.0 0.060705048963427544
321.0 0.05845779669471085
322.0 0.05621054442599416
323.0 0.05398799548856914
324.0 0.051765452371910214
325.0 0.04997881478630006
326.0 0.048192174290306866
327.0 0.043002411257475615
328.0 0.03781264822464436
329.0 0.0374066672520712
330.0 0.03700068045873195
331.0 0.03553057322278619
332.0 0.03406046307645738
333.0 0.030570925446227193
334.0 0.027081387815997005
335.0 0.02634732227306813
336.0 0.025613262550905347
337.0 0.020435974874999374
338.0 0.015258687199093401
339.0 0.01714985992293805
340.0 0.019041035557165742
341.0 0.017039488011505455
342.0 0.015037939010653645
343.0 0.015443238953594118
344.0 0.01584853744134307
345.0 0.014370627468451858
346.0 0.012892716040369123
347.0 0.013108289567753673
348.0 0.013323858729563653
349.0 0.013386356295086443
350.0 0.013448850950226188
351.0 0.012317571963649243
352.0 0.011186297342646867
353.0 0.011608144268393517
354.0 0.01202999337692745
355.0 0.011563667067093775
356.0 0.011097339302068576
357.0 0.010844522330444306
358.0 0.010591703176032752
359.0 0.010235590889351442
360.0 0.009879480057861656
361.0 0.010216381633654237
362.0 0.010553285392234102
363.0 0.010250390914734453
364.0 0.009947497164830565
365.0 0.009800005500437692
366.0 0.009652513836044818
367.0 0.008952848293120041
368.0 0.008253182022599503
369.0 0.00882978129084222
370.0 0.009406381286680698
371.0 0.008919132233131677
372.0 0.008431884634774178
373.0 0.008127181354211643
374.0 0.007822478073649108
375.0 0.006429540371755138
376.0 0.005036601942265406
377.0 0.005039729876443744
378.0 0.00504285708302632
379.0 0.005182680251891725
380.0 0.005322503056959249
381.0 0.0051291932322783396
382.0 0.004935883043799549
383.0 0.004708134656539187
384.0 0.004480385905480944
385.0 0.004431309571373276
386.0 0.0043822328734677285
387.0 0.004362438994576223
388.0 0.004342644751886837
389.0 0.004426344821695238
390.0 0.004510044527705759
391.0 0.004175828507868573
392.0 0.0038416124880313873
393.0 0.0038257381675066426
394.0 0.0038098642107797787
395.0 0.003658294372144155
396.0 0.0035067248973064125
397.0 0.0035944667615694925
398.0 0.0036822089896304533
399.0 0.003880438453052193
400.0 0.0040786679164739326
401.0 0.004683132647187449
402.0 0.005287597741698846
403.0 0.004881779386778362
404.0 0.004475961031857878
405.0 0.00457813948742114
406.0 0.004680317942984402
407.0 0.0042810999730136245
408.0 0.0038818823668407276
409.0 0.003749901952687651
410.0 0.003617921902332455
411.0 0.004344623448560014
412.0 0.005071324994787574
413.0 0.004730710497824475
414.0 0.004390096364659257
415.0 0.004310879739932716
416.0 0.004231663842801936
417.0 0.0032982719858409837
418.0 0.0023648806745768525
419.0 0.002840641354850959
420.0 0.0033164018532261252
421.0 0.0026559995603747666
422.0 0.0019955970856244676
423.0 0.002737147588049993
424.0 0.0034786982723744586
425.0 0.0034990269341506064
426.0 0.003519355595926754
427.0 0.0032625564927002415
428.0 0.003005757389473729
429.0 0.002246191434096545
430.0 0.0014866255696688313
431.0 0.0016685638911440037
432.0 0.001850502121669706
433.0 0.0021678755729226395
434.0 0.002485248842276633
435.0 0.0033369589800713584
436.0 0.004188668754068203
437.0 0.0032283591281156987
438.0 0.002268049502163194
439.0 0.0021494888642337173
440.0 0.0020309280444053
441.0 0.0020695852072094567
442.0 0.002108242188114673
443.0 0.0020248826331226155
444.0 0.0019415228962316178
445.0 0.0016622941984678619
446.0 0.0013830655916535761
447.0 0.0017816693798522465
448.0 0.002180273259000387
449.0 0.0020946898075635545
450.0 0.0020091061742277816
451.0 0.00199934311240213
452.0 0.0019895800505764782
453.0 0.002338202284590807
454.0 0.0026868241548072547
455.0 0.0023456241251551546
456.0 0.002004424277401995
457.0 0.0015199402696453035
458.0 0.0010354558980907314
459.0 0.0014174094758345746
460.0 0.001799363235477358
461.0 0.001424224319634959
462.0 0.0010490854947420303
463.0 0.0011146569704578724
464.0 0.0011802284461737145
465.0 0.0010486117389518768
466.0 0.0009169951226795092
467.0 0.0008895870450942311
468.0 0.0008621788765594829
469.0 0.0009701732778921723
470.0 0.0010781676792248618
471.0 0.0011926090337510686
472.0 0.0013070502973278053
473.0 0.0013755611689703073
474.0 0.0014440720406128094
475.0 0.0015190841622825246
476.0 0.0015940961020532995
477.0 0.0013510049029719085
478.0 0.0011079137948399875
479.0 0.001432896351616364
480.0 0.001757879181241151
481.0 0.0014984639165049884
482.0 0.0012390485608193558
483.0 0.001116013663704507
484.0 0.0009929789484885987
485.0 0.0015471241567865945
486.0 0.002101269637933001
487.0 0.0016118521671160124
488.0 0.0011224348781979643
489.0 0.0013207221854827367
490.0 0.001519009492767509
491.0 0.0014656549865321722
492.0 0.001412300298397895
493.0 0.0015381507182610221
494.0 0.0016640011381241493
495.0 0.0015361923942691647
496.0 0.0014083837413636502
497.0 0.0015483234165003523
498.0 0.0016882631825865246
499.0 0.0018825150618795305
500.0 0.0020767669411725365
501.0 0.0017042801118805073
502.0 0.0013317931006895378
503.0 0.0011591999282245524
504.0 0.0009866066648100968
505.0 0.0015212757716653869
506.0 0.0020559447875712067
507.0 0.0017380831195623614
508.0 0.0014202215425029863
509.0 0.0011359728887327947
510.0 0.0008517240530636627
511.0 0.0009689855687611271
512.0 0.0010862470844585914
513.0 0.0013299440979608335
514.0 0.0015736410205136053
515.0 0.0013832587683282327
516.0 0.00119287651614286
517.0 0.0010869256584555842
518.0 0.0009809749826672487
519.0 0.0014166917935654055
520.0 0.0018524086044635624
521.0 0.0019559100110200234
522.0 0.002059411781374365
523.0 0.0016058629626058973
524.0 0.001152313870989019
525.0 0.001080628589988919
526.0 0.001008943308988819
527.0 0.0010396589459560346
528.0 0.0010703745829232503
529.0 0.0011893251212313771
530.0 0.001308275659539504
531.0 0.0013419186871033162
532.0 0.001375562078465009
533.0 0.0014782961443415843
534.0 0.0015810301192686893
535.0 0.0016637915905448608
536.0 0.0017465532437199727
537.0 0.001629028884053696
538.0 0.0015115045243874192
539.0 0.0012381024134811014
540.0 0.0009647003025747836
541.0 0.0010594810191832948
542.0 0.001154261644842336
543.0 0.0009257927558792289
544.0 0.0006973238214413868
545.0 0.0012788964340870734
546.0 0.0018604689103085548
547.0 0.001824068749556318
548.0 0.0017876682250062004
549.0 0.001876363057817798
550.0 0.001965057890629396
551.0 0.0017751919585862197
552.0 0.001585326208441984
553.0 0.001798129414964933
554.0 0.002010932621487882
555.0 0.001892579166451469
556.0 0.0017742257114150561
557.0 0.0013815689271723386
558.0 0.0009889123248285614
559.0 0.0011317816642986145
560.0 0.0012746510947181378
561.0 0.0011732658094842918
562.0 0.001071880615199916
563.0 0.0013444410797092132
564.0 0.0016170017261174507
565.0 0.0017051383110811003
566.0 0.0017932747141458094
567.0 0.002070513801299967
568.0 0.002347752706555184
569.0 0.0025167761123157106
570.0 0.002685799881874118
571.0 0.0026622532459441572
572.0 0.002638706791913137
573.0 0.002388313259871211
574.0 0.0021379193640314043
575.0 0.0019244618670199998
576.0 0.0017110043700085953
577.0 0.0018876227841246873
578.0 0.002064241016341839
579.0 0.001996092942135874
580.0 0.0019279448679299094
581.0 0.001979079570446629
582.0 0.0020302142729633488
583.0 0.0016515945389983244
584.0 0.0012729748050333
585.0 0.0017984499208978377
586.0 0.0023239250367623754
587.0 0.002032859811151866
588.0 0.001741794403642416
589.0 0.0018707809431361966
590.0 0.001999767482629977
591.0 0.0017304482753388584
592.0 0.0014611290680477396
593.0 0.001292481738346396
594.0 0.0011238343176955823
595.0 0.0009573580427968409
596.0 0.0007908815859991591
597.0 0.0006842599759693258
598.0 0.0005776382295152871
599.0 0.0007128817287593847
600.0 0.0008481251825287472
601.0 0.0008706636435817927
602.0 0.0008932021046348382
603.0 0.0012411400348355528
604.0 0.0015890778740867972
605.0 0.001109108779928647
606.0 0.0006291395493462915
607.0 0.000725003337720409
608.0 0.0008208672625187319
609.0 0.0008033927770156879
610.0 0.0007859182915126439
611.0 0.001088741555577144
612.0 0.0013915646377427038
613.0 0.0013261061212688219
614.0 0.0012606480595422909
615.0 0.0012521633834694512
616.0 0.0012436787983460817
617.0 0.0014297829693532549
618.0 0.0016158872313098982
619.0 0.00171223800862208
620.0 0.0018085889678332023
621.0 0.0015077964235388208
622.0 0.0012070041520928498
623.0 0.0012066958333889488
624.0 0.0012063873327861074
625.0 0.001480687024013605
626.0 0.0017549866242916323
627.0 0.0019396946299821138
628.0 0.0021244022718747146
629.0 0.002073216273856815
630.0 0.002022030093939975
631.0 0.0021257857952150516
632.0 0.0022295416783890687
633.0 0.002731723361648619
634.0 0.00323390522680711
635.0 0.005726361268898472
636.0 0.008218819129979238
637.0 0.015104387421160936
638.0 0.021989956439938396
639.0 0.019771615916397423
640.0 0.01755327684804797
641.0 0.015383155550807714
642.0 0.013213032798375934
643.0 0.009555607539368793
644.0 0.0058981833717552945
645.0 0.006045436748536304
646.0 0.0061926904891151935
647.0 0.00587272152188234
648.0 0.005552752918447368
649.0 0.004475188688957132
650.0 0.0033976240956690162
651.0 0.0035551711334846914
652.0 0.003712717807502486
653.0 0.003051303247048054
654.0 0.0023898888684925623
655.0 0.0023546943339169957
656.0 0.0023194999812403694
657.0 0.002469600804033689
658.0 0.0026197014449280687
659.0 0.0023483511540689506
660.0 0.002077001045108773
661.0 0.0022998900021775626
662.0 0.0025227791411452927
663.0 0.00211067745112814
664.0 0.0016985757611109875
665.0 0.0016669433534843847
666.0 0.0016353111277567223
667.0 0.001608863749424927
668.0 0.0015824161891941912
669.0 0.0014479332094197161
670.0 0.0013134503205947112
671.0 0.0011888886547239963
672.0 0.001064326806954341
673.0 0.0013123619282850996
674.0 0.0015603971405653283
675.0 0.0012795118891517632
676.0 0.0009986264558392577
677.0 0.001338146103080362
678.0 0.0016776657503214665
679.0 0.0017411728549632244
680.0 0.0018046801415039226
681.0 0.002140688957297243
682.0 0.0024766981368884444
683.0 0.002683915045054164
684.0 0.0028911321351188235
685.0 0.0027389516617404297
686.0 0.0025867713702609763
687.0 0.0024283272068714723
688.0 0.002269883407279849
689.0 0.002166860576835461
690.0 0.002063837746391073
691.0 0.0020898738512187265
692.0 0.0021159101379453205
693.0 0.002548190241213888
694.0 0.0029804703444824554
695.0 0.003401820140425116
696.0 0.003823169390670955
697.0 0.0038852951547596604
698.0 0.0039474209188483655
699.0 0.005474130375660025
700.0 0.007000839832471684
701.0 0.007005981024121866
702.0 0.007011122943367809
703.0 0.006414597010007128
704.0 0.005818070349050686
705.0 0.004811273538507521
706.0 0.0038044767279643565
707.0 0.003481160820228979
708.0 0.0031578449124936014
709.0 0.003732088953256607
710.0 0.004306333357817493
711.0 0.004106612686882727
712.0 0.00390689201594796
713.0 0.0031704639695817605
714.0 0.0024340362870134413
715.0 0.0024897388357203454
716.0 0.0025454413844272494
717.0 0.002256199877592735
718.0 0.0019669583707582206
719.0 0.001960564259206876
720.0 0.0019541705114534125
721.0 0.0022971142243477516
722.0 0.0026400579372420907
723.0 0.0025904559151967987
724.0 0.0025408538931515068
725.0 0.0019246101146563888
726.0 0.0013083662452118006
727.0 0.0013884876352676656
728.0 0.0014686090253235307
729.0 0.0012506029634096194
730.0 0.0010325969924451783
731.0 0.0008288734534289688
732.0 0.0006251497325138189
733.0 0.0008999745659821201
734.0 0.0011747993085009512
735.0 0.001219652040163055
736.0 0.0012645046808756888
737.0 0.001357475503027672
738.0 0.0014504464161291253
739.0 0.0014174042007653043
740.0 0.001384361894452013
741.0 0.0011311942216707394
742.0 0.0008780266398389358
743.0 0.001178507136501139
744.0 0.0014789876331633423
745.0 0.0019058321413467638
746.0 0.0023326767404796556
747.0 0.0022755008103558794
748.0 0.002218324880232103
749.0 0.002864282578229904
750.0 0.003510240276227705
751.0 0.0031328207114711404
752.0 0.0027554009648156352
753.0 0.0027104812033940107
754.0 0.002665561441972386
755.0 0.002353514719288796
756.0 0.002041467814706266
757.0 0.0022314985471894033
758.0 0.0024215292796725407
759.0 0.0027502892407937907
760.0 0.00307904883811716
761.0 0.004660250488086604
762.0 0.006241451046662405
763.0 0.00572344106331002
764.0 0.005205429988563992
765.0 0.004563542461255565
766.0 0.003921653478755616
767.0 0.0039413127524312586
768.0 0.00396097129851114
769.0 0.004928083944832906
770.0 0.005895197682548314
771.0 0.004888281182502396
772.0 0.00388136541005224
773.0 0.003908758299075998
774.0 0.0039361515518976375
775.0 0.12736693024635315
776.0 1.6025384144691124e-10
777.0 0.054980674758553505
778.0 1.6025384144691124e-10
779.0 0.11068497551605105
780.0 1.6025384144691124e-10
781.0 0.04152974288444966
782.0 0.2267184667289257
783.0 1.6025384144691124e-10
784.0 0.002728008621488698
785.0 1.6025384144691124e-10
786.0 1.6025384144691124e-10
787.0 1.6025384144691124e-10
788.0 0.0627320958301425
789.0 1.6025384144691124e-10
790.0 0.17980305710807443
791.0 1.6025384144691124e-10
792.0 0.024715691688470542
793.0 0.16003691125661135
794.0 0.015032291412353516
795.0 0.10650010081008077
796.0 1.6025384144691124e-10
797.0 0.1320650102570653
798.0 0.03231305454391986
799.0 1.6025384144691124e-10
800.0 0.0876832113135606
801.0 0.3890974447131157
802.0 0.49902694299817085
803.0 0.8906322531402111
804.0 1.3673112727701664
805.0 2.3917365819215775
806.0 3.698185086250305
807.0 5.641583725810051
808.0 7.519800215959549
809.0 10.007034987211227
810.0 13.137954473495483
811.0 16.132768988609314
812.0 19.402411580085754
813.0 22.368037700653076
814.0 25.02194046974182
815.0 29.02010679244995
816.0 33.83724391460419
817.0 39.29792046546936
818.0 44.98734474182129
819.0 50.82917809486389
820.0 58.35692882537842
821.0 66.0727322101593
822.0 72.31211066246033
823.0 78.22166681289673
824.0 83.37737917900085
825.0 88.56070637702942
826.0 91.91240668296814
827.0 94.93272304534912
828.0 97.67271280288696
829.0 98.55923056602478
830.0 98.66421222686768
831.0 99.48658347129822
832.0 98.60297441482544
833.0 99.46048855781555
834.0 98.33946228027344
835.0 99.31808710098267
836.0 99.34726357460022
837.0 99.27291870117188
838.0 98.53066205978394
839.0 98.63744378089905
840.0 98.7183153629303
841.0 99.33067560195923
842.0 99.3695080280304
843.0 100.14749765396118
844.0 98.5509991645813
845.0 98.49827289581299
846.0 99.24960136413574
847.0 99.31868314743042
848.0 99.85790252685547
849.0 98.7109899520874
850.0 98.47860336303711
851.0 99.10279512405396
852.0 99.31825995445251
853.0 98.82169961929321
854.0 99.82715845108032
855.0 98.31756353378296
856.0 98.90359044075012
857.0 97.71815538406372
858.0 98.83397221565247
859.0 99.10645484924316
860.0 98.94765615463257
861.0 98.65239262580872
862.0 98.81387948989868
863.0 98.52216839790344
864.0 99.6042251586914
865.0 99.61491823196411
866.0 99.10368919372559
867.0 99.486643075943
868.0 99.7209370136261
869.0 98.91412258148193
870.0 98.11410903930664
871.0 98.81165027618408
872.0 99.62100386619568
873.0 99.43900108337402
874.0 99.77291822433472
875.0 99.22825694084167
876.0 98.75494837760925
877.0 99.51047897338867
878.0 99.45482015609741
879.0 98.57032895088196
880.0 98.85247945785522
881.0 100.04868507385254
882.0 99.11125302314758
883.0 98.64882826805115
884.0 99.50370788574219
885.0 99.04186725616455
886.0 98.59515428543091
887.0 98.7402856349945
888.0 99.0404725074768
889.0 99.71393346786499
890.0 98.30201268196106
891.0 99.8314619064331
892.0 99.06761050224304
893.0 98.68720173835754
894.0 98.27403426170349
895.0 99.77324604988098
