lsstCam/transmission_sensor/r22_s22/19700101T000000.ecsv
# %ECSV 1.0
# ---
# datatype:
# - {name: amp_name, datatype: string}
# - {name: wavelength, unit: nm, datatype: float32}
# - {name: efficiency, unit: '%', datatype: float64}
# meta: !!omap
# - {MODE: AMP}
# - {TYPE: transmission_sensor}
# - {CALIBDATE: '1970-01-01T00:00:00'}
# - {INSTRUME: LSSTCam}
# - {OBSTYPE: transmission_sensor}
# - {DETECTOR: 98}
# - {PARQUETFILE: qe_raft_allvalues_nircorrected_20230725_adjust.parquet}
# - {CORRFILE: qe_corr_factor_bydetnum.parquet}
# - {CALIBCLS: lsst.ip.isr.IntermediateSensorTransmissionCurve}
# - {CALIB_ID: 'raftName=R22 detectorName=S22 detector=98 calibDate=1970-01-01T00:00:00 ccd=98 ccdnum=98 filter=None'}
# - {DATE: '2025-03-03T21:56:47.927136'}
# - {CALIB_CREATION_DATE: '2025-03-03'}
# - {CALIB_CREATION_TIME: '21:56:47'}
# - __serialized_columns__:
#     efficiency:
#       __class__: astropy.units.quantity.Quantity
#       unit: !astropy.units.Unit {unit: '%'}
#       value: !astropy.table.SerializedColumn {name: efficiency}
#     wavelength:
#       __class__: astropy.units.quantity.Quantity
#       unit: !astropy.units.Unit {unit: nm}
#       value: !astropy.table.SerializedColumn {name: wavelength}
# schema: astropy-2.0
amp_name wavelength efficiency
C00 319.994 41.68203475208662
C00 324.969 47.09050381767149
C00 349.982 72.75789617166659
C00 374.975 80.72539926478942
C00 400.019 87.08991770392709
C00 424.965 87.4111266061872
C00 450.035 88.21226880025313
C00 475.003 90.17982555830348
C00 500.018 92.09161223040928
C00 525.002 94.02141552506602
C00 550.029 95.60588119186635
C00 575.023 96.43423480360005
C00 599.982 98.07755324841638
C00 619.997 98.37600351044524
C00 624.979 98.52435330914311
C00 650.012 99.0292982704472
C00 675.004 99.40467882572591
C00 700.03 98.85668273761652
C00 725.012 98.38324212812415
C00 750.022 98.65358280541258
C00 774.987 98.83305637665407
C00 799.976 98.0779262160991
C00 824.988 96.30509664635491
C00 850.022 94.33418317916009
C00 869.967 91.34560074911751
C00 875.002 90.8343914530608
C00 899.999 83.7791749234542
C00 919.999 74.01368597096707
C00 925.012 71.77839930940733
C00 949.965 58.587118463706524
C00 975.002 43.89688050115776
C00 999.976 26.681333542912014
C00 1025.028 11.642329884749598
C00 1050.014 4.035644956936465
C00 1075.002 0.9398660246459077
C00 1099.99 0.09325264352819451
C01 319.994 41.715510504507
C01 324.969 47.12211853747095
C01 349.982 72.8712174545303
C01 374.975 80.94825126100673
C01 400.019 87.21187813617622
C01 424.965 87.46735338725344
C01 450.035 88.2223084813451
C01 475.003 90.16241786258146
C01 500.018 92.05223749933364
C01 525.002 93.96801264216894
C01 550.029 95.54537669982687
C01 575.023 96.37015286644062
C01 599.982 98.01237524296488
C01 619.997 98.31851320620898
C01 624.979 98.46584305246837
C01 650.012 98.97553764303812
C01 675.004 99.35396283246148
C01 700.03 98.82713456324274
C01 725.012 98.3897728683644
C01 750.022 98.713897007818
C01 774.987 98.94102671500856
C01 799.976 98.20343364712674
C01 824.988 96.42526074445871
C01 850.022 94.46912897603615
C01 869.967 91.40223094420791
C01 875.002 90.87612577559854
C01 899.999 83.85799288987373
C01 919.999 74.13883565748273
C01 925.012 71.8493925660751
C01 949.965 58.55091015214133
C01 975.002 43.83213635607187
C01 999.976 26.619654963830516
C01 1025.028 11.659813696325225
C01 1050.014 4.05238901755976
C01 1075.002 0.9404402043339789
C01 1099.99 0.09330961310935688
C02 319.994 41.68247241824491
C02 324.969 47.08537360913776
C02 349.982 72.9829935855656
C02 374.975 81.2286772888993
C02 400.019 87.40434468363
C02 424.965 87.58503610852934
C02 450.035 88.29163480081867
C02 475.003 90.19931882841456
C02 500.018 92.07126646273768
C02 525.002 93.97786964521222
C02 550.029 95.55549249677246
C02 575.023 96.38188231948287
C02 599.982 98.03292652344123
C02 619.997 98.34481884521873
C02 624.979 98.49482035794004
C02 650.012 99.01436433996771
C02 675.004 99.4035675342631
C02 700.03 98.89928478088547
C02 725.012 98.50830047561546
C02 750.022 98.88868184247674
C02 774.987 99.17419240939088
C02 799.976 98.45365690430444
C02 824.988 96.65522957298914
C02 850.022 94.73368484844976
C02 869.967 91.60303217763266
C02 875.002 91.03558848892435
C02 899.999 83.8551613801192
C02 919.999 74.43841243414512
C02 925.012 72.17530542808868
C02 949.965 58.5611667634161
C02 975.002 43.68222237658221
C02 999.976 26.424933484213376
C02 1025.028 11.542316507442504
C02 1050.014 4.087697259155946
C02 1075.002 0.9421048754356877
C02 1099.99 0.09347478024676653
C03 319.994 41.696622355432154
C03 324.969 47.099036404861856
C03 349.982 73.0842581172165
C03 374.975 81.40632407965401
C03 400.019 87.45490083360183
C03 424.965 87.56296251098067
C03 450.035 88.22710378012292
C03 475.003 90.10603123822263
C03 500.018 91.96191842743274
C03 525.002 93.8576903239377
C03 550.029 95.42933046940372
C03 575.023 96.25565939943122
C03 599.982 97.9040623832691
C03 619.997 98.21667019407059
C03 624.979 98.36750898118169
C03 650.012 98.88888735528151
C03 675.004 99.28571735810924
C03 700.03 98.79864439923422
C03 725.012 98.45381674759703
C03 750.022 98.89343908332775
C03 774.987 99.23254282277301
C03 799.976 98.53041213109094
C03 824.988 96.70160696259745
C03 850.022 94.79890852341342
C03 869.967 91.71285213123001
C03 875.002 91.1386874126474
C03 899.999 83.513111957139
C03 919.999 74.26932106533688
C03 925.012 72.15875022992716
C03 949.965 58.670233170062666
C03 975.002 43.55007764311923
C03 999.976 26.201976828697326
C03 1025.028 11.3417474273713
C03 1050.014 4.042023941193582
C03 1075.002 0.942149722047384
C03 1099.99 0.0934792298863793
C04 319.994 41.610558159748386
C04 324.969 47.00066427564836
C04 349.982 73.04381776419025
C04 374.975 81.49035598204622
C04 400.019 87.44579737750934
C04 424.965 87.48753931163243
C04 450.035 88.10929927348121
C04 475.003 89.95824469684153
C04 500.018 91.79310868728287
C04 525.002 93.67983802037824
C04 550.029 95.24599021279853
C04 575.023 96.0720299025823
C04 599.982 97.72293709800415
C04 619.997 98.0374934746582
C04 624.979 98.19073752274358
C04 650.012 98.71670568281644
C04 675.004 99.12107876673754
C04 700.03 98.6570689115082
C04 725.012 98.35679186899253
C04 750.022 98.85056302298578
C04 774.987 99.24150927032899
C04 799.976 98.55572065241832
C04 824.988 96.71931151014857
C04 850.022 94.79835287768202
C04 869.967 91.76020380376461
C04 875.002 91.21770328028632
C04 899.999 83.44155544315447
C04 919.999 73.99408613866092
C04 925.012 71.9057259093364
C04 949.965 58.696702458157674
C04 975.002 43.63663278605882
C04 999.976 26.19426629272601
C04 1025.028 11.28834930171507
C04 1050.014 4.008247055427336
C04 1075.002 0.9417407952531662
C04 1099.99 0.09343865654553034
C05 319.994 41.619231561267945
C05 324.969 47.01129004881317
C05 349.982 73.12571842268122
C05 374.975 81.62138942404641
C05 400.019 87.49737347991963
C05 424.965 87.48241671468406
C05 450.035 88.06938411984491
C05 475.003 89.89818167675304
C05 500.018 91.71754847939813
C05 525.002 93.59668145030261
C05 550.029 95.15787088906713
C05 575.023 95.98445861299693
C05 599.982 97.63496239439462
C05 619.997 97.95165762653528
C05 624.979 98.10403395388943
C05 650.012 98.63213335786355
C05 675.004 99.0408983265383
C05 700.03 98.58978249691154
C05 725.012 98.32126860010989
C05 750.022 98.85461238639816
C05 774.987 99.27578423921234
C05 799.976 98.60916920482757
C05 824.988 96.76778208573133
C05 850.022 94.81945980388977
C05 869.967 91.80144337325383
C05 875.002 91.28931307536838
C05 899.999 83.55069035406929
C05 919.999 73.87077845580278
C05 925.012 71.75441520393288
C05 949.965 58.686898736211916
C05 975.002 43.81753352955562
C05 999.976 26.275754022711105
C05 1025.028 11.301581091418065
C05 1050.014 3.999260627459781
C05 1075.002 0.941779085739504
C05 1099.99 0.09344245569240803
C06 319.994 41.64290359174257
C06 324.969 47.03704765367687
C06 349.982 73.28989270734587
C06 374.975 81.9201745958312
C06 400.019 87.66527744141148
C06 424.965 87.5650176390283
C06 450.035 88.09871916982857
C06 475.003 89.89247298773184
C06 500.018 91.69310006721663
C06 525.002 93.56130280154183
C06 550.029 95.1204599470148
C06 575.023 95.946887827652
C06 599.982 97.59973597734107
C06 619.997 97.92309134667315
C06 624.979 98.07526977280789
C06 650.012 98.61071435665598
C06 675.004 99.02811086313079
C06 700.03 98.58715649996178
C06 725.012 98.32231138730442
C06 750.022 98.86334287480793
C06 774.987 99.28846514042479
C06 799.976 98.61948290299256
C06 824.988 96.78554752596533
C06 850.022 94.82689632278807
C06 869.967 91.80690087995812
C06 875.002 91.30573126499338
C06 899.999 83.58759893148775
C06 919.999 73.82860266131408
C06 925.012 71.68376446860638
C06 949.965 58.63249492983978
C06 975.002 43.842000970700525
C06 999.976 26.30577030958463
C06 1025.028 11.316238150480022
C06 1050.014 4.011437736866108
C06 1075.002 0.9418622148566065
C06 1099.99 0.09345070368703778
C07 319.994 41.6975852209804
C07 324.969 47.097944142362465
C07 349.982 73.37105504205675
C07 374.975 82.0022046512733
C07 400.019 87.75259754867992
C07 424.965 87.65170598471171
C07 450.035 88.18390803319575
C07 475.003 89.98128496573113
C07 500.018 91.78465982753148
C07 525.002 93.65362372039284
C07 550.029 95.21167718598838
C07 575.023 96.04052555077058
C07 599.982 97.69233852485047
C07 619.997 98.01332669113508
C07 624.979 98.16579435751356
C07 650.012 98.70050061758157
C07 675.004 99.11457086125336
C07 700.03 98.65807364077594
C07 725.012 98.3542191531403
C07 750.022 98.83964800957723
C07 774.987 99.20603928254387
C07 799.976 98.51144406036981
C07 824.988 96.6871830083372
C07 850.022 94.69711879237256
C07 869.967 91.66840047271819
C07 875.002 91.18252253274494
C07 899.999 83.57813011929791
C07 919.999 73.77860215707364
C07 925.012 71.61123367169557
C07 949.965 58.45791941377849
C07 975.002 43.80022478444331
C07 999.976 26.312171652873747
C07 1025.028 11.35551773673863
C07 1050.014 4.0272460482140096
C07 1075.002 0.9416369657454136
C07 1099.99 0.09342835467715734
C10 319.994 41.064879799381615
C10 324.969 46.38872706470874
C10 349.982 71.43622048947599
C10 374.975 79.23310228513286
C10 400.019 86.00455130087315
C10 424.965 86.58351131823356
C10 450.035 87.52689881953734
C10 475.003 89.57006906656996
C10 500.018 91.52728168011387
C10 525.002 93.47577141683338
C10 550.029 95.0670190061909
C10 575.023 95.8929749685357
C10 599.982 97.52671042738174
C10 619.997 97.81959662051129
C10 624.979 97.96681990457562
C10 650.012 98.4609411914955
C10 675.004 98.83741781506627
C10 700.03 98.36654992142613
C10 725.012 98.11231535876287
C10 750.022 98.68109868649482
C10 774.987 99.16855222463792
C10 799.976 98.53363183169891
C10 824.988 96.73028741624002
C10 850.022 94.89133600445949
C10 869.967 91.92045812196803
C10 875.002 91.42047591431971
C10 899.999 83.97626170322248
C10 919.999 74.144019147114
C10 925.012 71.86562807765142
C10 949.965 58.59758819937142
C10 975.002 44.276192440275736
C10 999.976 26.786721650932577
C10 1025.028 11.693262808196836
C10 1050.014 4.080920093839599
C10 1075.002 0.9401255742711184
C10 1099.99 0.09327839580356458
C11 319.994 41.36069264708269
C11 324.969 46.71977774684141
C11 349.982 71.95909834589204
C11 374.975 79.80235753115723
C11 400.019 86.4986954225491
C11 424.965 87.02093390579479
C11 450.035 87.93061730711733
C11 475.003 89.95840454013413
C11 500.018 91.90668876404887
C11 525.002 93.85559713796326
C11 550.029 95.444028440737
C11 575.023 96.26823373844861
C11 599.982 97.90512800521974
C11 619.997 98.20509297273557
C11 624.979 98.35141047814187
C11 650.012 98.84665827969528
C11 675.004 99.22756484594652
C11 700.03 98.76655395534965
C11 725.012 98.54276573413284
C11 750.022 99.15269729232968
C11 774.987 99.67533157801417
C11 799.976 99.04812933263183
C11 824.988 97.20960416963156
C11 850.022 95.36651205541432
C11 869.967 92.2790703546951
C11 875.002 91.73032071963492
C11 899.999 84.26896521830334
C11 919.999 74.44832271828595
C11 925.012 72.16819620736094
C11 949.965 58.67799698713151
C11 975.002 44.12935734706485
C11 999.976 26.733040945169797
C11 1025.028 11.656231493964414
C11 1050.014 4.095150904121306
C11 1075.002 0.944618152878694
C11 1099.99 0.09372414532576108
C12 319.994 41.14389186122785
C12 324.969 46.47796909728098
C12 349.982 71.70008370762169
C12 374.975 79.59928043370938
C12 400.019 86.2067150080776
C12 424.965 86.67638788281597
C12 450.035 87.55124066952378
C12 475.003 89.5526689824333
C12 500.018 91.48081295148121
C12 525.002 93.41369893820942
C12 550.029 94.99892576354591
C12 575.023 95.82160113259984
C12 599.982 97.45647071766477
C12 619.997 97.75398475469417
C12 624.979 97.90581304790229
C12 650.012 98.40354983786894
C12 675.004 98.79183964192093
C12 700.03 98.35089289033729
C12 725.012 98.15968986605355
C12 750.022 98.81414158703046
C12 774.987 99.37602120683943
C12 799.976 98.75824971572013
C12 824.988 96.91193028930957
C12 850.022 95.09085087995811
C12 869.967 91.97831378230165
C12 875.002 91.39321882713976
C12 899.999 83.88527281180974
C12 919.999 74.17222007087877
C12 925.012 71.92298137335118
C12 949.965 58.48632965614071
C12 975.002 43.84945651856222
C12 999.976 26.570151115534923
C12 1025.028 11.528844001352446
C12 1050.014 4.083387198944932
C12 1075.002 0.9413923993862323
C12 1099.99 0.09340408902767787
C13 319.994 41.17663309566083
C13 324.969 46.516042247259776
C13 349.982 71.88571505142072
C13 374.975 79.90823468353727
C13 400.019 86.41202991162177
C13 424.965 86.80719297725531
C13 450.035 87.64003742435236
C13 475.003 89.61362255800911
C13 500.018 91.52764703621123
C13 525.002 93.45636187416126
C13 550.029 95.03992176230356
C13 575.023 95.86395199355186
C13 599.982 97.5027872145902
C13 619.997 97.80841520161508
C13 624.979 97.9578001759221
C13 650.012 98.46559187015144
C13 675.004 98.86306124614956
C13 700.03 98.43809121223994
C13 725.012 98.28483955256921
C13 750.022 98.98658966498319
C13 774.987 99.58803430550182
C13 799.976 98.98875135522589
C13 824.988 97.12478827394709
C13 850.022 95.30088496642648
C13 869.967 92.18167250840789
C13 875.002 91.52974022218567
C13 899.999 83.90382985692136
C13 919.999 74.27670430313763
C13 925.012 72.0390961080426
C13 949.965 58.716431687414975
C13 975.002 43.6777810165237
C13 999.976 26.497150303228025
C13 1025.028 11.529844924827499
C13 1050.014 4.092916903817672
C13 1075.002 0.9430349423001878
C13 1099.99 0.09356706062662735
C14 319.994 41.16182095054713
C14 324.969 46.49597810824656
C14 349.982 71.92679477761735
C14 374.975 80.06481260601103
C14 400.019 86.54200534325669
C14 424.965 86.90053384854478
C14 450.035 87.70583957980351
C14 475.003 89.66274772993296
C14 500.018 91.56896272155407
C14 525.002 93.4931182198725
C14 550.029 95.07348124216291
C14 575.023 95.9032658319446
C14 599.982 97.54699530237045
C14 619.997 97.85684010768566
C14 624.979 98.00506812101773
C14 650.012 98.51720603048855
C14 675.004 98.91946309367911
C14 700.03 98.51230416951567
C14 725.012 98.39200306287536
C14 750.022 99.13616492892426
C14 774.987 99.7770680279575
C14 799.976 99.19172950206404
C14 824.988 97.32993572261331
C14 850.022 95.52665219983732
C14 869.967 92.4220159277862
C14 875.002 91.80065937996159
C14 899.999 84.1788668823779
C14 919.999 74.45303428962478
C14 925.012 72.26994026888963
C14 949.965 58.847213947098226
C14 975.002 43.86366734843236
C14 999.976 26.649406748112725
C14 1025.028 11.544764583584433
C14 1050.014 4.123715756811187
C14 1075.002 0.9444595951216971
C14 1099.99 0.09370841337077586
C15 319.994 41.19842887034381
C15 324.969 46.5395544344418
C15 349.982 72.07573066838805
C15 374.975 80.25935711626852
C15 400.019 86.6707705328191
C15 424.965 86.98354579849854
C15 450.035 87.75462984197146
C15 475.003 89.6958733494267
C15 500.018 91.58577671361788
C15 525.002 93.50864585401018
C15 550.029 95.08661883849706
C15 575.023 95.91854228376536
C15 599.982 97.5649890901653
C15 619.997 97.8783656710883
C15 624.979 98.03036141917437
C15 650.012 98.54581036827749
C15 675.004 98.95172099244164
C15 700.03 98.55753220973438
C15 725.012 98.45750836649741
C15 750.022 99.22576851180118
C15 774.987 99.88473390289752
C15 799.976 99.30670249895121
C15 824.988 97.43572153596902
C15 850.022 95.62621934795258
C15 869.967 92.51564603931942
C15 875.002 91.89537794820151
C15 899.999 84.10408305620005
C15 919.999 74.39538414209592
C15 925.012 72.17149963540787
C15 949.965 58.90362721200582
C15 975.002 43.89997461060725
C15 999.976 26.548989005333297
C15 1025.028 11.5044736079209
C15 1050.014 4.120008914740081
C15 1075.002 0.9453130700239537
C15 1099.99 0.09379309436650649
C16 319.994 41.39403519675924
C16 324.969 46.759799462672774
C16 349.982 72.45337947610452
C16 374.975 80.66390526665293
C16 400.019 86.95787192107382
C16 424.965 87.19765969472074
C16 450.035 87.93800815650346
C16 475.003 89.85494787189907
C16 500.018 91.73653938487536
C16 525.002 93.65086071490657
C16 550.029 95.23277650061077
C16 575.023 96.06147263368574
C16 599.982 97.71036275898676
C16 619.997 98.02190494783761
C16 624.979 98.17383219165542
C16 650.012 98.69157222795239
C16 675.004 99.09733823199467
C16 700.03 98.70391821940893
C16 725.012 98.60401616153776
C16 750.022 99.36556288855257
C16 774.987 100.0081557595361
C16 799.976 99.4231597549839
C16 824.988 97.5531911328548
C16 850.022 95.72357152472762
C16 869.967 92.62914238864644
C16 875.002 92.01794730727958
C16 899.999 84.16971775677325
C16 919.999 74.48775834204447
C16 925.012 72.28478286034476
C16 949.965 58.9788030348298
C16 975.002 43.91643085815906
C16 999.976 26.55404880670243
C16 1025.028 11.484582632474662
C16 1050.014 4.118620276135672
C16 1075.002 0.9466449879772064
C16 1099.99 0.09392524604222034
C17 319.994 41.383538820545574
C17 324.969 46.75033445627561
C17 349.982 72.50060175168797
C17 374.975 80.78188483975795
C17 400.019 86.98723741739892
C17 424.965 87.1794832288772
C17 450.035 87.8888449266528
C17 475.003 89.79207617681215
C17 500.018 91.66214374955095
C17 525.002 93.57623673202131
C17 550.029 95.14888921834041
C17 575.023 95.98098011848667
C17 599.982 97.63034977366549
C17 619.997 97.94425155397843
C17 624.979 98.09486960511404
C17 650.012 98.61569233348247
C17 675.004 99.02295020825561
C17 700.03 98.62025928469943
C17 725.012 98.48596808416448
C17 750.022 99.19198829596633
C17 774.987 99.77416040234935
C17 799.976 99.16158762403205
C17 824.988 97.29298908726804
C17 850.022 95.44233866878672
C17 869.967 92.36505843452525
C17 875.002 91.77396555009841
C17 899.999 83.94130930324195
C17 919.999 74.29943249702742
C17 925.012 72.12712409274967
C17 949.965 58.803120033098395
C17 975.002 43.75882156586881
C17 999.976 26.464395748520662
C17 1025.028 11.480866275921855
C17 1050.014 4.122027412033164
C17 1075.002 0.9449918450475119
C17 1099.99 0.09376122271944724
