lsstCam/transmission_sensor/r22_s22/19700101T000000.ecsv
# %ECSV 1.0
# ---
# datatype:
# - {name: amp_name, datatype: string}
# - {name: wavelength, unit: nm, datatype: float32}
# - {name: efficiency, unit: '%', datatype: float64}
# meta: !!omap
# - {MODE: AMP}
# - {TYPE: transmission_sensor}
# - {CALIBDATE: '1970-01-01T00:00:00'}
# - {INSTRUME: LSSTCAM}
# - {OBSTYPE: transmission_sensor}
# - {DETECTOR: 98}
# - {PARQUETFILE: qe_raft_allvalues_nircorrected_20230725.parquet}
# - {CALIBCLS: lsst.ip.isr.IntermediateSensorTransmissionCurve}
# - {CALIB_ID: 'raftName=R22 detectorName=S22 detector=98 calibDate=1970-01-01T00:00:00 ccd=98 ccdnum=98 filter=None'}
# - {DATE: '2023-08-02T16:57:55.830543'}
# - {CALIB_CREATION_DATE: '2023-08-02'}
# - {CALIB_CREATION_TIME: '16:57:55'}
# - __serialized_columns__:
#     efficiency:
#       __class__: astropy.units.quantity.Quantity
#       unit: !astropy.units.Unit {unit: '%'}
#       value: !astropy.table.SerializedColumn {name: efficiency}
#     wavelength:
#       __class__: astropy.units.quantity.Quantity
#       unit: !astropy.units.Unit {unit: nm}
#       value: !astropy.table.SerializedColumn {name: wavelength}
# schema: astropy-2.0
amp_name wavelength efficiency
C00 319.994 41.77956008911133
C00 324.969 47.20068359375
C00 349.982 72.92813110351562
C00 374.975 80.91427612304688
C00 400.019 87.29368591308594
C00 424.965 87.61564636230469
C00 450.035 88.41866302490234
C00 475.003 90.39082336425781
C00 500.018 92.30708312988281
C00 525.002 94.24140167236328
C00 550.029 95.82957458496094
C00 575.023 96.65986633300781
C00 599.982 98.3070297241211
C00 619.997 98.6061782836914
C00 624.979 98.75487518310547
C00 650.012 99.26100158691406
C00 675.004 99.63726043701172
C00 700.03 99.08798217773438
C00 725.012 98.61343383789062
C00 750.022 98.88440704345703
C00 774.987 99.06430053710938
C00 799.976 98.30740356445312
C00 824.988 96.53042602539062
C00 850.022 94.55490112304688
C00 869.967 91.559326171875
C00 875.002 91.04692077636719
C00 899.999 83.9751968383789
C00 919.999 74.18685913085938
C00 925.012 71.94634246826172
C00 949.965 58.72419738769531
C00 975.002 43.99958801269531
C00 999.976 26.74376106262207
C00 1025.028 11.669569969177246
C00 1050.014 4.0450873374938965
C00 1075.002 0.9420650715819999
C00 1099.99 0.09347083094497068
C01 319.994 41.813114166259766
C01 324.969 47.23237228393555
C01 349.982 73.04171752929688
C01 374.975 81.13764953613281
C01 400.019 87.41593170166016
C01 424.965 87.67200469970703
C01 450.035 88.42872619628906
C01 475.003 90.37337493896484
C01 500.018 92.26761627197266
C01 525.002 94.18787384033203
C01 550.029 95.76892852783203
C01 575.023 96.59563446044922
C01 599.982 98.24169921875
C01 619.997 98.54855346679688
C01 624.979 98.69622802734375
C01 650.012 99.20711517333984
C01 675.004 99.58642578125
C01 700.03 99.05836486816406
C01 725.012 98.61997985839844
C01 750.022 98.94486236572266
C01 774.987 99.17252349853516
C01 799.976 98.4332046508789
C01 824.988 96.65087127685547
C01 850.022 94.6901626586914
C01 869.967 91.6160888671875
C01 875.002 91.08875274658203
C01 899.999 84.05419921875
C01 919.999 74.31230163574219
C01 925.012 72.01750183105469
C01 949.965 58.687904357910156
C01 975.002 43.9346923828125
C01 999.976 26.68193817138672
C01 1025.028 11.687094688415527
C01 1050.014 4.061870574951172
C01 1075.002 0.942640594704189
C01 1099.99 0.09352793382043205
C02 319.994 41.779998779296875
C02 324.969 47.19554138183594
C02 349.982 73.15375518798828
C02 374.975 81.41873168945312
C02 400.019 87.60884857177734
C02 424.965 87.78996276855469
C02 450.035 88.49821472167969
C02 475.003 90.41036224365234
C02 500.018 92.28668975830078
C02 525.002 94.19775390625
C02 550.029 95.77906799316406
C02 575.023 96.60739135742188
C02 599.982 98.26229858398438
C02 619.997 98.57492065429688
C02 624.979 98.72527313232422
C02 650.012 99.24603271484375
C02 675.004 99.63614654541016
C02 700.03 99.13068389892578
C02 725.012 98.73878479003906
C02 750.022 99.12005615234375
C02 774.987 99.40623474121094
C02 799.976 98.68401336669922
C02 824.988 96.88137817382812
C02 850.022 94.95533752441406
C02 869.967 91.8173599243164
C02 875.002 91.24858856201172
C02 899.999 84.05136108398438
C02 919.999 74.61257934570312
C02 925.012 72.34417724609375
C02 949.965 58.698184967041016
C02 975.002 43.784427642822266
C02 999.976 26.48676109313965
C02 1025.028 11.56932258605957
C02 1050.014 4.097261428833008
C02 1075.002 0.9443091607119694
C02 1099.99 0.09369348740684393
C03 319.994 41.79418182373047
C03 324.969 47.20923614501953
C03 349.982 73.25525665283203
C03 374.975 81.59679412841797
C03 400.019 87.6595230102539
C03 424.965 87.76783752441406
C03 450.035 88.43353271484375
C03 475.003 90.31685638427734
C03 500.018 92.17708587646484
C03 525.002 94.0772933959961
C03 550.029 95.6526107788086
C03 575.023 96.48087310791016
C03 599.982 98.13313293457031
C03 619.997 98.44647216796875
C03 624.979 98.59766387939453
C03 650.012 99.1202621459961
C03 675.004 99.51802062988281
C03 700.03 99.0298080444336
C03 725.012 98.68417358398438
C03 750.022 99.12482452392578
C03 774.987 99.4647216796875
C03 799.976 98.76094818115234
C03 824.988 96.92786407470703
C03 850.022 95.02071380615234
C03 869.967 91.92743682861328
C03 875.002 91.3519287109375
C03 899.999 83.70851135253906
C03 919.999 74.4430923461914
C03 925.012 72.32758331298828
C03 949.965 58.8075065612793
C03 975.002 43.651973724365234
C03 999.976 26.263282775878906
C03 1025.028 11.368284225463867
C03 1050.014 4.051481246948242
C03 1075.002 0.9443541122533061
C03 1099.99 0.09369794745747922
C04 319.994 41.707916259765625
C04 324.969 47.110633850097656
C04 349.982 73.2147216796875
C04 374.975 81.68102264404297
C04 400.019 87.65039825439453
C04 424.965 87.6922378540039
C04 450.035 88.3154525756836
C04 475.003 90.1687240600586
C04 500.018 92.00788116455078
C04 525.002 93.8990249633789
C04 550.029 95.46884155273438
C04 575.023 96.29681396484375
C04 599.982 97.95158386230469
C04 619.997 98.26687622070312
C04 624.979 98.42047882080078
C04 650.012 98.94767761230469
C04 675.004 99.35299682617188
C04 700.03 98.88790130615234
C04 725.012 98.58692169189453
C04 750.022 99.08184814453125
C04 774.987 99.47370910644531
C04 799.976 98.78631591796875
C04 824.988 96.94561004638672
C04 850.022 95.02015686035156
C04 869.967 91.97489929199219
C04 875.002 91.4311294555664
C04 899.999 83.63678741455078
C04 919.999 74.1672134399414
C04 925.012 72.07396697998047
C04 949.965 58.83403778076172
C04 975.002 43.738731384277344
C04 999.976 26.25555419921875
C04 1025.028 11.3147611618042
C04 1050.014 4.017625331878662
C04 1075.002 0.9439442286746208
C04 1099.99 0.09365727918535438
C05 319.994 41.716609954833984
C05 324.969 47.12128448486328
C05 349.982 73.29681396484375
C05 374.975 81.81236267089844
C05 400.019 87.70209503173828
C05 424.965 87.68710327148438
C05 450.035 88.27544403076172
C05 475.003 90.1085205078125
C05 500.018 91.93214416503906
C05 525.002 93.815673828125
C05 550.029 95.3805160522461
C05 575.023 96.20903778076172
C05 599.982 97.8634033203125
C05 619.997 98.18083953857422
C05 624.979 98.33357238769531
C05 650.012 98.86290740966797
C05 675.004 99.27262878417969
C05 700.03 98.8204574584961
C05 725.012 98.55131530761719
C05 750.022 99.08590698242188
C05 774.987 99.50806427001953
C05 799.976 98.83988952636719
C05 824.988 96.99419403076172
C05 850.022 95.04131317138672
C05 869.967 92.0162353515625
C05 875.002 91.5029067993164
C05 899.999 83.74617767333984
C05 919.999 74.04361724853516
C05 925.012 71.92230224609375
C05 949.965 58.82421112060547
C05 975.002 43.9200553894043
C05 999.976 26.33723258972168
C05 1025.028 11.328023910522461
C05 1050.014 4.008617877960205
C05 1075.002 0.9439826087509368
C05 1099.99 0.0936610872212674
C06 319.994 41.74033737182617
C06 324.969 47.14710235595703
C06 349.982 73.46137237548828
C06 374.975 82.11184692382812
C06 400.019 87.87039184570312
C06 424.965 87.7698974609375
C06 450.035 88.30484771728516
C06 475.003 90.10279846191406
C06 500.018 91.90763854980469
C06 525.002 93.78021240234375
C06 550.029 95.343017578125
C06 575.023 96.17137908935547
C06 599.982 97.82809448242188
C06 619.997 98.15220642089844
C06 624.979 98.30474090576172
C06 650.012 98.84143829345703
C06 675.004 99.25981140136719
C06 700.03 98.81782531738281
C06 725.012 98.55236053466797
C06 750.022 99.09465789794922
C06 774.987 99.5207748413086
C06 799.976 98.85022735595703
C06 824.988 97.01200103759766
C06 850.022 95.04876708984375
C06 869.967 92.0217056274414
C06 875.002 91.51936340332031
C06 899.999 83.78317260742188
C06 919.999 74.0013427734375
C06 925.012 71.85148620605469
C06 949.965 58.76968002319336
C06 975.002 43.944580078125
C06 999.976 26.367319107055664
C06 1025.028 11.3427152633667
C06 1050.014 4.0208234786987305
C06 1075.002 0.9440659323689846
C06 1099.99 0.09366935451410227
C07 319.994 41.79514694213867
C07 324.969 47.2081413269043
C07 349.982 73.542724609375
C07 374.975 82.1940689086914
C07 400.019 87.95791625976562
C07 424.965 87.8567886352539
C07 450.035 88.3902359008789
C07 475.003 90.19181823730469
C07 500.018 91.9994125366211
C07 525.002 93.87274932861328
C07 550.029 95.4344482421875
C07 575.023 96.2652359008789
C07 599.982 97.92091369628906
C07 619.997 98.2426528930664
C07 624.979 98.39547729492188
C07 650.012 98.93143463134766
C07 675.004 99.34647369384766
C07 700.03 98.88890838623047
C07 725.012 98.58434295654297
C07 750.022 99.07090759277344
C07 774.987 99.43815612792969
C07 799.976 98.74193572998047
C07 824.988 96.91340637207031
C07 850.022 94.91868591308594
C07 869.967 91.88288116455078
C07 875.002 91.39586639404297
C07 899.999 83.773681640625
C07 919.999 73.95122528076172
C07 925.012 71.7787857055664
C07 949.965 58.594696044921875
C07 975.002 43.902706146240234
C07 999.976 26.373735427856445
C07 1025.028 11.382086753845215
C07 1050.014 4.03666877746582
C07 1075.002 0.943840156232285
C07 1099.99 0.09364695321323521
C10 319.994 41.16096115112305
C10 324.969 46.49726486206055
C10 349.982 71.60336303710938
C10 374.975 79.41848754882812
C10 400.019 86.20578002929688
C10 424.965 86.78609466552734
C10 450.035 87.731689453125
C10 475.003 89.7796401977539
C10 500.018 91.7414321899414
C10 525.002 93.6944808959961
C10 550.029 95.2894515991211
C10 575.023 96.11734008789062
C10 599.982 97.75489807128906
C10 619.997 98.04846954345703
C10 624.979 98.19603729248047
C10 650.012 98.69131469726562
C10 675.004 99.06867218017578
C10 700.03 98.5967025756836
C10 725.012 98.34187316894531
C10 750.022 98.9119873046875
C10 774.987 99.40058135986328
C10 799.976 98.76417541503906
C10 824.988 96.95661163330078
C10 850.022 95.11335754394531
C10 869.967 92.13552856445312
C10 875.002 91.6343765258789
C10 899.999 84.17274475097656
C10 919.999 74.31749725341797
C10 925.012 72.03377532958984
C10 949.965 58.73469161987305
C10 975.002 44.37978744506836
C10 999.976 26.849395751953125
C10 1025.028 11.720622062683105
C10 1050.014 4.090468406677246
C10 1075.002 0.9423252284871773
C10 1099.99 0.09349664347410114
C11 319.994 41.45746612548828
C11 324.969 46.8290901184082
C11 349.982 72.1274642944336
C11 374.975 79.98907470703125
C11 400.019 86.70108032226562
C11 424.965 87.22454071044922
C11 450.035 88.1363525390625
C11 475.003 90.16888427734375
C11 500.018 92.1217269897461
C11 525.002 94.0751953125
C11 550.029 95.66734313964844
C11 575.023 96.49347686767578
C11 599.982 98.13420104980469
C11 619.997 98.43486785888672
C11 624.979 98.58152770996094
C11 650.012 99.07793426513672
C11 675.004 99.45973205566406
C11 700.03 98.99764251708984
C11 725.012 98.77333068847656
C11 750.022 99.38468933105469
C11 774.987 99.9085464477539
C11 799.976 99.27987670898438
C11 824.988 97.43704986572266
C11 850.022 95.58964538574219
C11 869.967 92.49497985839844
C11 875.002 91.9449462890625
C11 899.999 84.46613311767578
C11 919.999 74.62251281738281
C11 925.012 72.33705139160156
C11 949.965 58.81528854370117
C11 975.002 44.232608795166016
C11 999.976 26.795589447021484
C11 1025.028 11.683504104614258
C11 1050.014 4.104732513427734
C11 1075.002 0.9468283185835853
C11 1099.99 0.09394343593656289
C12 319.994 41.24015808105469
C12 324.969 46.58671569824219
C12 349.982 71.86784362792969
C12 374.975 79.7855224609375
C12 400.019 86.40841674804688
C12 424.965 86.87918853759766
C12 450.035 87.75608825683594
C12 475.003 89.76219940185547
C12 500.018 91.69485473632812
C12 525.002 93.63226318359375
C12 550.029 95.22119903564453
C12 575.023 96.0457992553711
C12 599.982 97.68449401855469
C12 619.997 97.98270416259766
C12 624.979 98.1348876953125
C12 650.012 98.6337890625
C12 675.004 99.02298736572266
C12 700.03 98.58100891113281
C12 725.012 98.38935852050781
C12 750.022 99.04534149169922
C12 774.987 99.60853576660156
C12 799.976 98.98931884765625
C12 824.988 97.13867950439453
C12 850.022 95.31333923339844
C12 869.967 92.19351959228516
C12 875.002 91.6070556640625
C12 899.999 84.08154296875
C12 919.999 74.34576416015625
C12 925.012 72.09126281738281
C12 949.965 58.623172760009766
C12 975.002 43.95205307006836
C12 999.976 26.6323184967041
C12 1025.028 11.555818557739258
C12 1050.014 4.0929412841796875
C12 1075.002 0.9435950176501606
C12 1099.99 0.09362263078832102
C13 319.994 41.27297592163086
C13 324.969 46.6248779296875
C13 349.982 72.05390930175781
C13 374.975 80.09519958496094
C13 400.019 86.61421203613281
C13 424.965 87.01029968261719
C13 450.035 87.8450927734375
C13 475.003 89.82329559326172
C13 500.018 91.7417984008789
C13 525.002 93.6750259399414
C13 550.029 95.26229095458984
C13 575.023 96.08824920654297
C13 599.982 97.73091888427734
C13 619.997 98.03726196289062
C13 624.979 98.18699645996094
C13 650.012 98.69597625732422
C13 675.004 99.09437561035156
C13 700.03 98.66841125488281
C13 725.012 98.51480102539062
C13 750.022 99.21819305419922
C13 774.987 99.821044921875
C13 799.976 99.2203598022461
C13 824.988 97.35203552246094
C13 850.022 95.52386474609375
C13 869.967 92.39735412597656
C13 875.002 91.743896484375
C13 899.999 84.10014343261719
C13 919.999 74.45049285888672
C13 925.012 72.20764923095703
C13 949.965 58.85381317138672
C13 975.002 43.77997589111328
C13 999.976 26.559146881103516
C13 1025.028 11.556821823120117
C13 1050.014 4.1024932861328125
C13 1075.002 0.9452414036958685
C13 1099.99 0.09378598369927237
C14 319.994 41.25812911987305
C14 324.969 46.604766845703125
C14 349.982 72.09508514404297
C14 374.975 80.25214385986328
C14 400.019 86.74449157714844
C14 424.965 87.1038589477539
C14 450.035 87.91104888916016
C14 475.003 89.8725357055664
C14 500.018 91.78321075439453
C14 525.002 93.71186828613281
C14 550.029 95.29592895507812
C14 575.023 96.12765502929688
C14 599.982 97.77523040771484
C14 619.997 98.08580017089844
C14 624.979 98.234375
C14 650.012 98.74771118164062
C14 675.004 99.15090942382812
C14 700.03 98.7427978515625
C14 725.012 98.6222152709961
C14 750.022 99.36811828613281
C14 774.987 100.0105209350586
C14 799.976 99.42381286621094
C14 824.988 97.55766296386719
C14 850.022 95.75016021728516
C14 869.967 92.63825988769531
C14 875.002 92.01544952392578
C14 899.999 84.37582397460938
C14 919.999 74.62723541259766
C14 925.012 72.43903350830078
C14 949.965 58.984901428222656
C14 975.002 43.9662971496582
C14 999.976 26.711759567260742
C14 1025.028 11.571776390075684
C14 1050.014 4.133364200592041
C14 1075.002 0.9466693898418517
C14 1099.99 0.09392766717281291
C15 319.994 41.294822692871094
C15 324.969 46.64844512939453
C15 349.982 72.24436950683594
C15 374.975 80.4471435546875
C15 400.019 86.8735580444336
C15 424.965 87.18706512451172
C15 450.035 87.95995330810547
C15 475.003 89.9057388305664
C15 500.018 91.80006408691406
C15 525.002 93.72743225097656
C15 550.029 95.30909729003906
C15 575.023 96.1429672241211
C15 599.982 97.79326629638672
C15 619.997 98.10737609863281
C15 624.979 98.25972747802734
C15 650.012 98.77638244628906
C15 675.004 99.18324279785156
C15 700.03 98.78813171386719
C15 725.012 98.68787384033203
C15 750.022 99.45793151855469
C15 774.987 100.11843872070312
C15 799.976 99.53905487060547
C15 824.988 97.6636962890625
C15 850.022 95.84996032714844
C15 869.967 92.73210906982422
C15 875.002 92.11038970947266
C15 899.999 84.30086517333984
C15 919.999 74.56945037841797
C15 925.012 72.34036254882812
C15 949.965 59.041446685791016
C15 975.002 44.002689361572266
C15 999.976 26.611106872558594
C15 1025.028 11.531391143798828
C15 1050.014 4.129648685455322
C15 1075.002 0.9475248616578381
C15 1099.99 0.09401254630048929
C16 319.994 41.49088668823242
C16 324.969 46.869205474853516
C16 349.982 72.6229019165039
C16 374.975 80.8526382446289
C16 400.019 87.16133117675781
C16 424.965 87.40167999267578
C16 450.035 88.14376068115234
C16 475.003 90.065185546875
C16 500.018 91.95117950439453
C16 525.002 93.86997985839844
C16 550.029 95.45559692382812
C16 575.023 96.2862319946289
C16 599.982 97.93898010253906
C16 619.997 98.25125122070312
C16 624.979 98.40353393554688
C16 650.012 98.9224853515625
C16 675.004 99.3292007446289
C16 700.03 98.93486022949219
C16 725.012 98.83472442626953
C16 750.022 99.59805297851562
C16 774.987 100.24214935302734
C16 799.976 99.6557846069336
C16 824.988 97.78144073486328
C16 850.022 95.94754028320312
C16 869.967 92.84587097167969
C16 875.002 92.23324584960938
C16 899.999 84.36665344238281
C16 919.999 74.66204071044922
C16 925.012 72.45391082763672
C16 949.965 59.116798400878906
C16 975.002 44.01918411254883
C16 999.976 26.616178512573242
C16 1025.028 11.511453628540039
C16 1050.014 4.128256797790527
C16 1075.002 0.9488598959596102
C16 1099.99 0.09414500717744029
C17 319.994 41.48036575317383
C17 324.969 46.859718322753906
C17 349.982 72.67023468017578
C17 374.975 80.97089385986328
C17 400.019 87.19076538085938
C17 424.965 87.38346099853516
C17 450.035 88.094482421875
C17 475.003 90.00216674804688
C17 500.018 91.8766098022461
C17 525.002 93.79518127441406
C17 550.029 95.37151336669922
C17 575.023 96.20555114746094
C17 599.982 97.85877990722656
C17 619.997 98.17341613769531
C17 624.979 98.32438659667969
C17 650.012 98.84642791748047
C17 675.004 99.254638671875
C17 700.03 98.85100555419922
C17 725.012 98.71640014648438
C17 750.022 99.424072265625
C17 774.987 100.00760650634766
C17 799.976 99.39360046386719
C17 824.988 97.5206298828125
C17 850.022 95.6656494140625
C17 869.967 92.58116912841797
C17 875.002 91.98869323730469
C17 899.999 84.13771057128906
C17 919.999 74.47327423095703
C17 925.012 72.29588317871094
C17 949.965 58.940704345703125
C17 975.002 43.8612060546875
C17 999.976 26.526315689086914
C17 1025.028 11.507728576660156
C17 1050.014 4.131671905517578
C17 1075.002 0.9472028850968282
C17 1099.99 0.09398060008189967
