lsstCam/transmission_filter_detector/r43_s21/y_10/19700101T000000.ecsv
# %ECSV 1.0
# ---
# datatype:
# - {name: wavelength, unit: nm, datatype: float32}
# - {name: efficiency, unit: '%', datatype: float64}
# meta: !!omap
# - {MODE: DETECTOR}
# - {TYPE: transmission_filter_detector}
# - {CALIBDATE: '1970-01-01T00:00:00'}
# - {INSTRUME: LSSTCam}
# - {OBSTYPE: transmission_filter_detector}
# - {CALIBCLS: lsst.ip.isr.IntermediateFilterDetectorTransmissionCurve}
# - {SOURCE: Materion (DM-46256)}
# - {DETECTOR: 187}
# - {FILTER: y_10}
# - {CALIB_ID: 'calibDate=1970-01-01T00:00:00 filter=y_10 detector=187'}
# - {DATE: '2025-04-02T15:59:51.607794'}
# - {CALIB_CREATION_DATE: '2025-04-02'}
# - {CALIB_CREATION_TIME: '15:59:51'}
# - __serialized_columns__:
#     efficiency:
#       __class__: astropy.units.quantity.Quantity
#       unit: !astropy.units.Unit {unit: '%'}
#       value: !astropy.table.SerializedColumn {name: efficiency}
#     wavelength:
#       __class__: astropy.units.quantity.Quantity
#       unit: !astropy.units.Unit {unit: nm}
#       value: !astropy.table.SerializedColumn {name: wavelength}
# schema: astropy-2.0
wavelength efficiency
[from data line 576]
876.0 0.0015497500498895533
877.0 0.0012046949450450484
878.0 0.0008596397492510732
879.0 0.0011457164873718284
880.0 0.05534967640414834
881.0 0.08298495667986572
882.0 0.056390120880678296
883.0 0.08981554419733584
884.0 0.05192625103518367
885.0 0.09424173040315509
886.0 0.0652046175673604
887.0 0.08859609952196479
888.0 0.07718202541582286
889.0 0.09341830154880881
890.0 0.05945581360720098
891.0 0.08569544879719615
892.0 0.0741537194699049
893.0 0.09426421020179987
894.0 0.06581675843335688
895.0 0.09852014482021332
896.0 0.07416012813337147
897.0 0.09030434885062277
898.0 0.08143979357555509
899.0 0.11823201784864068
900.0 0.08443451952189207
901.0 0.12418677797541022
902.0 0.1398305525071919
903.0 0.14140040148049593
904.0 0.13943413505330682
905.0 0.15494077233597636
906.0 0.16972827725112438
907.0 0.2306497422978282
908.0 0.246175704523921
909.0 0.3110180841758847
910.0 0.4036833066493273
911.0 0.5336412694305182
912.0 0.7373891770839691
913.0 1.0794775560498238
914.0 1.5293698757886887
915.0 2.2819215431809425
916.0 3.301113471388817
917.0 4.576021432876587
918.0 6.22473768889904
919.0 7.993147522211075
920.0 10.562728345394135
921.0 13.343144953250885
922.0 15.994162857532501
923.0 18.981383740901947
924.0 22.15845435857773
925.0 25.636640191078186
926.0 30.061963200569153
927.0 35.15858054161072
928.0 40.100717544555664
929.0 45.76970934867859
930.0 51.339393854141235
931.0 57.318925857543945
932.0 63.6394739151001
933.0 69.74529027938843
934.0 75.04957318305969
935.0 79.45392727851868
936.0 83.51889848709106
937.0 86.81595921516418
938.0 89.50797319412231
939.0 91.51833653450012
940.0 92.86980032920837
941.0 93.77588629722595
942.0 94.40147876739502
943.0 94.8193907737732
944.0 95.35093903541565
945.0 95.66459655761719
946.0 95.9855318069458
947.0 96.23594880104065
948.0 96.6115951538086
949.0 96.6839075088501
950.0 96.8420922756195
951.0 96.9572365283966
952.0 96.92878127098083
953.0 97.01650142669678
954.0 97.01973795890808
955.0 96.93134427070618
956.0 97.13665246963501
957.0 97.25629091262817
958.0 97.37405180931091
959.0 97.52157330513
960.0 97.69396185874939
961.0 97.85390496253967
962.0 97.99230694770813
963.0 98.14733266830444
964.0 98.25140237808228
965.0 98.35745692253113
966.0 98.51669669151306
967.0 98.61496090888977
968.0 98.64410758018494
969.0 98.64720106124878
970.0 98.71706962585449
971.0 98.7861692905426
972.0 98.82058501243591
973.0 98.854660987854
974.0 98.87060523033142
975.0 98.82453680038452
976.0 98.89047145843506
977.0 98.863685131073
978.0 98.95808696746826
979.0 98.92076253890991
980.0 98.89776110649109
981.0 98.84095191955566
982.0 98.82564544677734
983.0 98.85417222976685
984.0 98.83576035499573
985.0 98.84457588195801
986.0 98.74035716056824
987.0 98.80213737487793
988.0 98.66862297058105
989.0 98.64224195480347
990.0 98.5833466053009
991.0 98.57282042503357
992.0 98.61883521080017
993.0 98.53005409240723
994.0 98.46213459968567
995.0 98.46154451370239
996.0 98.42807650566101
997.0 98.48114252090454
998.0 98.51809740066528
999.0 98.55834245681763
1000.0 98.58700633049011
1001.0 98.59215021133423
1002.0 98.7278699874878
1003.0 98.7537682056427
1004.0 98.84238243103027
1005.0 98.80725145339966
1006.0 98.973947763443
1007.0 98.95496368408203
1008.0 98.97181391716003
1009.0 98.98762702941895
1010.0 98.98499250411987
1011.0 99.01677370071411
1012.0 98.95283579826355
1013.0 98.9801287651062
1014.0 98.94273281097412
1015.0 98.92706274986267
1016.0 98.86974096298218
1017.0 98.88539910316467
1018.0 98.96137118339539
1019.0 98.84504675865173
1020.0 98.84955883026123
1021.0 98.95004034042358
1022.0 98.81757497787476
1023.0 98.86162281036377
1024.0 98.7902045249939
1025.0 98.79109859466553
1026.0 98.83534908294678
1027.0 98.93359541893005
1028.0 98.83153438568115
1029.0 98.91990423202515
1030.0 99.00687336921692
1031.0 98.98721575737
1032.0 98.94753694534302
1033.0 98.93329739570618
1034.0 98.9590048789978
1035.0 99.01185631752014
1036.0 98.98691773414612
1037.0 98.96548986434937
1038.0 98.88109564781189
1039.0 98.90012741088867
1040.0 98.79530668258667
1041.0 98.94126057624817
1042.0 98.87627959251404
1043.0 98.79136085510254
1044.0 98.84665608406067
1045.0 98.57901930809021
1046.0 98.7662136554718
1047.0 98.64401817321777
1048.0 98.72791171073914
1049.0 98.59166741371155
1050.0 98.60959053039551
1051.0 98.54332208633423
1052.0 98.54405522346497
1053.0 98.4214723110199
1054.0 98.6395001411438
1055.0 98.66849184036255
1056.0 98.58007431030273
1057.0 98.65768551826477
1058.0 98.54437708854675
1059.0 98.5399067401886
1060.0 98.67664575576782
1061.0 98.65098595619202
1062.0 98.59287738800049
1063.0 98.5831618309021
1064.0 98.76387119293213
1065.0 98.61156344413757
1066.0 98.69906306266785
1067.0 98.80617260932922
1068.0 98.88859987258911
1069.0 98.49936962127686
1070.0 98.9410400390625
1071.0 98.81264567375183
1072.0 98.85920286178589
1073.0 98.94562363624573
1074.0 98.5874891281128
1075.0 98.63751530647278
1076.0 98.2215404510498
1077.0 98.71531128883362
1078.0 98.93406629562378
1079.0 98.55488538742065
1080.0 99.20347332954407
1081.0 98.58694672584534
1082.0 98.539137840271
1083.0 98.4196424484253
1084.0 98.84082674980164
1085.0 98.62905144691467
1086.0 98.54355454444885
1087.0 98.65434765815735
1088.0 98.43779802322388
1089.0 98.06868433952332
1090.0 98.35495352745056
1091.0 98.5808253288269
1092.0 98.54162931442261
1093.0 98.38335514068604
1094.0 98.38871955871582
1095.0 98.15748929977417
1096.0 98.4709620475769
1097.0 98.05734753608704
1098.0 97.59836792945862
1099.0 98.40656518936157
1100.0 97.92412519454956
