lsstCam/transmission_filter_detector/r43_s21/y_10/19700101T000000.ecsv
# %ECSV 1.0
# ---
# datatype:
# - {name: wavelength, unit: nm, datatype: float32}
# - {name: efficiency, unit: '%', datatype: float64}
# meta: !!omap
# - {MODE: DETECTOR}
# - {TYPE: transmission_filter_detector}
# - {CALIBDATE: '1970-01-01T00:00:00'}
# - {INSTRUME: LSSTCam}
# - {OBSTYPE: transmission_filter_detector}
# - {CALIBCLS: lsst.ip.isr.IntermediateFilterDetectorTransmissionCurve}
# - {SOURCE: Materion (DM-46256)}
# - {DETECTOR: 187}
# - {FILTER: y_10}
# - {CALIB_ID: 'calibDate=1970-01-01T00:00:00 filter=y_10 detector=187'}
# - {DATE: '2025-04-02T15:59:51.607794'}
# - {CALIB_CREATION_DATE: '2025-04-02'}
# - {CALIB_CREATION_TIME: '15:59:51'}
# - __serialized_columns__:
#     efficiency:
#       __class__: astropy.units.quantity.Quantity
#       unit: !astropy.units.Unit {unit: '%'}
#       value: !astropy.table.SerializedColumn {name: efficiency}
#     wavelength:
#       __class__: astropy.units.quantity.Quantity
#       unit: !astropy.units.Unit {unit: nm}
#       value: !astropy.table.SerializedColumn {name: wavelength}
# schema: astropy-2.0
wavelength efficiency
300.0 0.025551061844453216
301.0 0.027450660127215087
302.0 0.029350261320360005
303.0 0.023022877576295286
304.0 0.016695489466656
305.0 0.014003926480654627
306.0 0.0113123664050363
307.0 0.011456006905063987
308.0 0.01159965104307048
309.0 0.012232770677655935
310.0 0.012865891039837152
311.0 0.008834953041514382
312.0 0.004804013224202208
313.0 0.004399991667014547
314.0 0.003995968290837482
315.0 0.003183023727615364
316.0 0.0023700782548985444
317.0 0.00322883679473307
318.0 0.0040875944250728935
319.0 0.002933197174570523
320.0 0.0017787993783713318
321.0 0.003217155608581379
322.0 0.004655512384488247
323.0 0.003266915518906899
324.0 0.001878319017123431
325.0 0.0023763135686749592
326.0 0.0028743075745296665
327.0 0.0020340461560408585
328.0 0.0011937849194509909
329.0 0.002139138632628601
330.0 0.0030844923458062112
331.0 0.0026890264052781276
332.0 0.0022935602828511037
333.0 0.0023959828467923217
334.0 0.002498405046935659
335.0 0.0019525452444213443
336.0 0.0014066848962102085
337.0 0.0013922550351708196
338.0 0.001377825356030371
339.0 0.0013585385204351041
340.0 0.001339251593890367
341.0 0.001787830660759937
342.0 0.002236409636680037
343.0 0.0018783901396091096
344.0 0.001520370369689772
345.0 0.0009877602678898256
346.0 0.0004551502570393495
347.0 0.0008559905836591497
348.0 0.0012568306374305394
349.0 0.0011493557394715026
350.0 0.0010418806596135255
351.0 0.0011174204701092094
352.0 0.0011929603715543635
353.0 0.0013979675713926554
354.0 0.0016029744074330665
355.0 0.0018356035070610233
356.0 0.0020682324247900397
357.0 0.0016148198483278975
358.0 0.0011614071809162851
359.0 0.0010169857887376565
360.0 0.000872564396559028
361.0 0.0009112188308790792
362.0 0.0009498729923507199
363.0 0.0008757121577218641
364.0 0.0008015515959414188
365.0 0.001129793599830009
366.0 0.0014580357856175397
367.0 0.0019323413653182797
368.0 0.0024066468540695496
369.0 0.0020872772438451648
370.0 0.0017679074517218396
371.0 0.0017555534213897772
372.0 0.0017431992091587745
373.0 0.0020710162061732262
374.0 0.0023988330212887377
375.0 0.0028865610147477128
376.0 0.003374289008206688
377.0 0.003982254929724149
378.0 0.004590220851241611
379.0 0.004265686948201619
380.0 0.003941153045161627
381.0 0.00320033504976891
382.0 0.0024595170543761924
383.0 0.0019163822798873298
384.0 0.0013732473234995268
385.0 0.0011107936188636813
386.0 0.0008483398232783657
387.0 0.0008064918802119792
388.0 0.0007646439371455926
389.0 0.0006602041139558423
390.0 0.000555764290766092
391.0 0.0005654801498167217
392.0 0.0005751960998168215
393.0 0.0006274256065808004
394.0 0.0006796550223953091
395.0 0.000721478591003688
396.0 0.000763302159612067
397.0 0.0008749952939979266
398.0 0.0009866886102827266
399.0 0.0010813210792548489
400.0 0.0011759535482269712
401.0 0.0014083761016081553
402.0 0.0016407982911914587
403.0 0.0017763371943146922
404.0 0.0019118759155389853
405.0 0.001922989213198889
406.0 0.0019341025108587928
407.0 0.00184030595846707
408.0 0.0017465094060753472
409.0 0.0017289885363425128
410.0 0.001711467484710738
411.0 0.0012201002391520888
412.0 0.000728732766219764
413.0 0.0005694845640391577
414.0 0.00041023604353540577
415.0 0.0005634524313791189
416.0 0.0007166689101723023
417.0 0.00013742815099249128
418.0 1.9656019433628158e-10
419.0 0.00010582008371784468
420.0 0.0006534526619361714
421.0 0.00018122265146303107
422.0 1.9656019433628158e-10
423.0 1.9656019433628158e-10
424.0 0.00022329497824102873
425.0 1.9656019433628158e-10
426.0 1.9656019433628158e-10
427.0 1.9656019433628158e-10
428.0 0.0005764283741882537
429.0 9.606457069821772e-05
430.0 1.9656019433628158e-10
431.0 1.9656019433628158e-10
432.0 1.9656019433628158e-10
433.0 1.9656019433628158e-10
434.0 1.9656019433628158e-10
435.0 1.9656019433628158e-10
436.0 0.000195013967640989
437.0 1.9656019433628158e-10
438.0 1.9656019433628158e-10
439.0 1.9656019433628158e-10
440.0 0.00040936415643955115
441.0 1.9656019433628158e-10
442.0 1.9656019433628158e-10
443.0 1.9656019433628158e-10
444.0 0.0005439076176116941
445.0 0.0006420368663384579
446.0 0.0007401662514894269
447.0 0.0003019611767740571
448.0 1.9656019433628158e-10
449.0 1.9656019433628158e-10
450.0 1.9656019433628158e-10
451.0 1.9656019433628158e-10
452.0 1.9656019433628158e-10
453.0 1.9656019433628158e-10
454.0 1.9656019433628158e-10
455.0 1.2929699266805983e-05
456.0 0.00015626900449206005
457.0 0.00013046169442532118
458.0 0.00010465437298989855
459.0 0.0002587402605058742
460.0 0.0004128261934965849
461.0 0.0002257720325360424
462.0 3.871786873332894e-05
463.0 0.0003235641315768589
464.0 0.0006084104825276881
465.0 0.0006722585567331407
466.0 0.0007361066764133284
467.0 0.000574307341594249
468.0 0.0004125080977246398
469.0 0.000841581368149491
470.0 0.0012706545930996072
471.0 0.0012795876500604209
472.0 0.0012885207979707047
473.0 0.001926474942592904
474.0 0.0025644292691140436
475.0 0.002722093995544128
476.0 0.0028797590857720934
477.0 0.0025413621187908575
478.0 0.0022029651518096216
479.0 0.002295999183843378
480.0 0.002389033033978194
481.0 0.002674196002772078
482.0 0.002959358971565962
483.0 0.003196058969479054
484.0 0.0034327589673921466
485.0 0.002768910962913651
486.0 0.002105062776536215
487.0 0.0020172210497548804
488.0 0.0019293791410746053
489.0 0.0018810855181072839
490.0 0.0018327920770389028
491.0 0.0016056541426223703
492.0 0.0013785159353574272
493.0 0.0014659400221717078
494.0 0.0015533640180365182
495.0 0.0015940959201543592
496.0 0.0016348278222722001
497.0 0.0014801475117565133
498.0 0.0013254672921902966
499.0 0.001432896351616364
500.0 0.0015403251381940208
501.0 0.0018356995497015305
502.0 0.00213107396120904
503.0 0.0020596289687091485
504.0 0.001988183976209257
505.0 0.0020046765712322667
506.0 0.0020211689843563363
507.0 0.0018977503714268096
508.0 0.0017743319403962232
509.0 0.001710674405330792
510.0 0.001647016870265361
511.0 0.0016829008018248715
512.0 0.0017187850971822627
513.0 0.0017750820916262455
514.0 0.0018313790860702284
515.0 0.0017920514437719248
516.0 0.001752723619574681
517.0 0.0014596086657547858
518.0 0.0011664937119348906
519.0 0.0012002182302239817
520.0 0.0012339425666141324
521.0 0.001240940036950633
522.0 0.0012479375072871335
523.0 0.0014042301700101234
524.0 0.0015605228327331133
525.0 0.0018575559806777164
526.0 0.00215458931052126
527.0 0.0023599461201229133
528.0 0.0025653029297245666
529.0 0.002645973836479243
530.0 0.002726644743233919
531.0 0.002570159631432034
532.0 0.0024136747015290894
533.0 0.002136262810381595
534.0 0.0018588509192341007
535.0 0.0018379791072220542
536.0 0.0018171071133110672
537.0 0.0018522250684327446
538.0 0.0018873433873523027
539.0 0.0024672934159752913
540.0 0.00304724344459828
541.0 0.0036394332710187882
542.0 0.0042316230974392965
543.0 0.0043100295442854986
544.0 0.004388436718727462
545.0 0.004314023317419924
546.0 0.004239609552314505
547.0 0.003952544284402393
548.0 0.0036654790164902806
549.0 0.003306485086795874
550.0 0.002947490975202527
551.0 0.0024397371817030944
552.0 0.0019319833882036619
553.0 0.00219325338548515
554.0 0.002454523382766638
555.0 0.002925479748228099
556.0 0.00339643593179062
557.0 0.003959032619604841
558.0 0.004521629307419062
559.0 0.004607668233802542
560.0 0.0046937071601860225
561.0 0.0044801796320825815
562.0 0.00426665174018126
563.0 0.0038013818993931636
564.0 0.0033361120586050674
565.0 0.0036482051655184478
566.0 0.003960297908633947
567.0 0.004484733653953299
568.0 0.00500916903547477
569.0 0.005867657091584988
570.0 0.006726144783897325
571.0 0.007216253288788721
572.0 0.0077063617936801165
573.0 0.007826786895748228
574.0 0.00794721199781634
575.0 0.007406207441817969
576.0 0.0068652036134153605
577.0 0.006137185118859634
578.0 0.005409167351899669
579.0 0.00503275659866631
580.0 0.004656345845432952
581.0 0.005456457074615173
582.0 0.0062565690313931555
583.0 0.007569849549327046
584.0 0.008883130794856697
585.0 0.010165469575440511
586.0 0.01144781053881161
587.0 0.011343013466103002
588.0 0.011238216393394396
589.0 0.010770934022730216
590.0 0.010303654562449083
591.0 0.009742505790200084
592.0 0.009181356290355325
593.0 0.008242938929470256
594.0 0.0073045186582021415
595.0 0.006159587064757943
596.0 0.005014654016122222
597.0 0.00520534704264719
598.0 0.005396040069172159
599.0 0.006436256080633029
600.0 0.007476472819689661
601.0 0.008397993951803073
602.0 0.009319513628724962
603.0 0.01004151563392952
604.0 0.010763516911538318
605.0 0.010553229367360473
606.0 0.01034294327837415
607.0 0.009956752910511568
608.0 0.009570562542648986
609.0 0.00821976427687332
610.0 0.006868966011097655
611.0 0.00543459209438879
612.0 0.004000218177679926
613.0 0.003773716525756754
614.0 0.003547214510035701
615.0 0.0036460478440858424
616.0 0.003744880814338103
617.0 0.0050154176278738305
618.0 0.006285954441409558
619.0 0.0073841059929691255
620.0 0.008482258999720216
621.0 0.00933488190639764
622.0 0.010187504085479304
623.0 0.010453373397467658
624.0 0.01071924198186025
625.0 0.010209931497229263
626.0 0.009700618829810992
627.0 0.008488778257742524
628.0 0.007276939140865579
629.0 0.006060128362150863
630.0 0.004843316855840385
631.0 0.0038381887861760333
632.0 0.002833060352713801
633.0 0.002848171607183758
634.0 0.0028632828616537154
635.0 0.0027904978196602315
636.0 0.0027177127776667476
637.0 0.0035139128158334643
638.0 0.0043101124902023
639.0 0.004788284422829747
640.0 0.005266456719255075
641.0 0.005647575744660571
642.0 0.006028694770066068
643.0 0.006036722697899677
644.0 0.006044750625733286
645.0 0.005470694668474607
646.0 0.004896639075013809
647.0 0.004328373688622378
648.0 0.003760107938433066
649.0 0.0030485123716061935
650.0 0.0023369169866782613
651.0 0.0022665957658318803
652.0 0.0021962745449854992
653.0 0.0018751494280877523
654.0 0.0015540244930889457
655.0 0.0018941040252684616
656.0 0.0022341835574479774
657.0 0.0019059210899285972
658.0 0.001577658622409217
659.0 0.0014460768397839274
660.0 0.0013144950571586378
661.0 0.001635927583265584
662.0 0.00195736010937253
663.0 0.0021126399587956257
664.0 0.0022679199901176617
665.0 0.002394370676483959
666.0 0.0025208215447491966
667.0 0.0027408388632466085
668.0 0.002960856363642961
669.0 0.00415655886172317
670.0 0.005352260632207617
671.0 0.005997034895699471
672.0 0.006641808431595564
673.0 0.007088993152137846
674.0 0.007536176417488605
675.0 0.007586049468955025
676.0 0.0076359210652299225
677.0 0.0072029404691420496
678.0 0.006769958417862654
679.0 0.0056075052270898595
680.0 0.004445052036317065
681.0 0.0030056467949179932
682.0 0.0015662406440242194
683.0 0.0010192471563641448
684.0 0.0004722535322798649
685.0 0.0004566295046970481
686.0 0.00044100529521529097
687.0 0.00038624898479611147
688.0 0.00033149260616482934
689.0 0.0003467903752607526
690.0 0.000362088189831411
691.0 0.00023916290956549346
692.0 0.00011623754971878952
693.0 0.00019652527498692507
694.0 0.00027681294341164175
695.0 0.00023716763735137647
696.0 0.0001975224449779489
697.0 0.00035651164580485784
698.0 0.0005155009148438694
699.0 0.00024363482680200832
700.0 1.9656019433628158e-10
701.0 1.9656019433628158e-10
702.0 1.9656019433628158e-10
703.0 1.9656019433628158e-10
704.0 0.00040025452108238824
705.0 0.0002445504151182831
706.0 8.884622957339161e-05
707.0 1.5479359660730552e-05
708.0 1.9656019433628158e-10
709.0 0.00017178489315483603
710.0 0.00040145732782548293
711.0 0.00018496897382647148
712.0 1.9656019433628158e-10
713.0 8.788642844592687e-05
714.0 0.00020729225980176125
715.0 0.00023391655759041896
716.0 0.00026054078716697404
717.0 0.000251769665737811
718.0 0.00024299847609654535
719.0 9.598793440090958e-05
720.0 1.9656019433628158e-10
721.0 0.0002696631781873293
722.0 0.0005903488272451796
723.0 0.00042198053051833995
724.0 0.00025361218831676524
725.0 0.000322899586535641
726.0 0.00039218698475451674
727.0 0.0005523341314983554
728.0 0.0007124809599190485
729.0 0.0005512124516826589
730.0 0.0003899437615473289
731.0 0.00018743235159490723
732.0 1.9656019433628158e-10
733.0 0.00011259746770519996
734.0 0.00024027428935369244
735.0 0.00038960515666985884
736.0 0.0005389360467233928
737.0 0.0006290991223067977
738.0 0.0007192621978902025
739.0 0.0005171847533347318
740.0 0.0003151073769913637
741.0 0.00022515725959237898
742.0 0.00013520728998628329
743.0 0.00031151057555689476
744.0 0.00048781394070829265
745.0 0.00035312366435391596
746.0 0.00021843334252480417
747.0 0.00018830602357411408
748.0 0.00015817880694157793
749.0 0.00024700093490537256
750.0 0.00033582300602574833
751.0 8.861532023729524e-05
752.0 1.9656019433628158e-10
753.0 1.705466559087654e-05
754.0 0.00019270153188699624
755.0 0.00022494261884276057
756.0 0.0002571837057985249
757.0 0.00023798379515937995
758.0 0.00021878377083339728
759.0 0.00040544568946643267
760.0 0.0005921076535742031
761.0 0.0004463551704247948
762.0 0.0003006025281138136
763.0 0.00038824250623292755
764.0 0.0004758823251904687
765.0 0.00039140186345321126
766.0 0.0003069214244533214
767.0 0.00036131873457634356
768.0 0.0004157160674367333
769.0 0.0003874116373481229
770.0 0.00035910722999688005
771.0 0.0003029965910172905
772.0 0.0002468858838255983
773.0 0.00028031845431542024
774.0 0.0003137508656436694
775.0 0.0004675091986428015
776.0 0.0006212675998540362
777.0 0.0004388222350826254
778.0 0.00025637680209911196
779.0 0.0005462331500893924
780.0 0.0008360895662917756
781.0 0.0008035885912249796
782.0 0.0007710877071076538
783.0 0.0006279376066231634
784.0 0.00048478759708814323
785.0 0.0002552793830545852
786.0 2.5771066702873213e-05
787.0 0.0006056905931473011
788.0 0.001185610017273575
789.0 0.0006378713351296028
790.0 9.013240855892946e-05
791.0 0.00041808248170127627
792.0 0.0007460325377905974
793.0 0.0005691656042472459
794.0 0.00039229862522915937
795.0 0.0005409768618847011
796.0 0.0006896550075907726
797.0 0.0005380761194828665
798.0 0.0003864972768496955
799.0 0.00046792870307399426
800.0 0.000549360129298293
801.0 0.0006173315796331735
802.0 0.0006853031209175242
803.0 0.0004242340764903929
804.0 0.0001631649979572103
805.0 0.000444374109065393
806.0 0.0007255831860675244
807.0 0.0010342677342123352
808.0 0.001342952236882411
809.0 0.001100616191251902
810.0 0.0008582801456213929
811.0 0.0007472739525837824
812.0 0.0006362678959703771
813.0 0.0006094621312513482
814.0 0.0005826565029565245
815.0 0.0005235209300735733
816.0 0.0004643854026653571
817.0 0.0005757223334512673
818.0 0.0006870596280350583
819.0 0.0007695511158090085
820.0 0.0008520425581082236
821.0 0.0007235622433654498
822.0 0.0005950819740974111
823.0 0.00033869412163767265
824.0 8.230645107687451e-05
825.0 0.00017919218180395546
826.0 0.0002760779125310364
827.0 0.0005076403340353863
828.0 0.0007392026418528985
829.0 0.0009510259587841574
830.0 0.0011628490028670058
831.0 0.0011301518497930374
832.0 0.001097454696719069
833.0 0.001160385181719903
834.0 0.0012233158486196771
835.0 0.0007874628863646649
836.0 0.000351610106008593
837.0 0.00046927088988013566
838.0 0.000586931537327473
839.0 0.0005381926712288987
840.0 0.0004894537596555892
841.0 0.000538375479663955
842.0 0.0005872971541975858
843.0 0.0006679894795524888
844.0 0.0007486821232305374
845.0 0.001026016707328381
846.0 0.0013033515642746352
847.0 0.0009824919288803358
848.0 0.0006616325208597118
849.0 0.0008943766260927077
850.0 0.0011271205949014984
851.0 0.0011141356480948161
852.0 0.001101150792237604
853.0 0.0007583344540762482
854.0 0.0004155182068643626
855.0 0.0006417343684006482
856.0 0.0008679503480379935
857.0 0.0011429504411353264
858.0 0.0014179502613842487
859.0 0.0013551913070841692
860.0 0.00129243244373356
861.0 0.001094821982405847
862.0 0.000897211521078134
863.0 0.0013727058103540912
864.0 0.001848199826781638
865.0 0.001927185439853929
866.0 0.0020061706891283393
867.0 0.0019878743842127733
868.0 0.0019695780792972073
869.0 0.002265570219606161
870.0 0.002561562359915115
871.0 0.002673221933946479
872.0 0.0027848820536746643
873.0 0.002565614522609394
874.0 0.0023463473553420044
