lsstcam/qe_curve/r34_s11/19700101T000000.ecsv
# %ECSV 0.9
# ---
# datatype:
# - {name: amp_name, datatype: string}
# - {name: wavelength, unit: nm, datatype: float32}
# - {name: efficiency, unit: '%', datatype: float32}
# meta: !!omap
# - {MODE: AMP}
# - {TYPE: QE}
# - {CALIBDATE: '1970-01-01T00:00:00'}
# - {INSTRUME: LSSTCAM}
# - {OBSTYPE: qe_curve}
# - {DETECTOR: 157}
# - {PICKLEFILE: RaftRun12027.p}
# - {CALIB_ID: 'raftName=R34 detectorName=S11 detector=157 calibDate=1970-01-01T00:00:00 ccd=157 ccdnum=157 filter=None'}
# - {DATE: '2020-07-23T19:16:24.762363'}
# - {CALIB_CREATION_DATE: '2020-07-23'}
# - {CALIB_CREATION_TIME: '19:16:24'}
# - __serialized_columns__:
#     efficiency:
#       __class__: astropy.units.quantity.Quantity
#       unit: !astropy.units.Unit {unit: '%'}
#       value: !astropy.table.SerializedColumn {name: efficiency}
#     wavelength:
#       __class__: astropy.units.quantity.Quantity
#       unit: !astropy.units.Unit {unit: nm}
#       value: !astropy.table.SerializedColumn {name: wavelength}
# schema: astropy-2.0
amp_name wavelength efficiency
C17 319.994 40.696377
C17 324.969 45.99992
C17 349.982 70.59123
C17 374.975 78.222404
C17 400.019 85.05329
C17 424.965 87.13933
C17 450.035 89.113686
C17 475.003 90.4556
C17 500.018 92.8516
C17 525.002 94.98312
C17 550.029 95.7894
C17 575.023 97.724846
C17 599.982 98.51915
C17 619.997 98.67011
C17 624.979 98.74316
C17 650.012 99.61609
C17 675.004 99.43629
C17 700.03 99.57464
C17 725.012 98.86994
C17 750.022 98.96083
C17 774.987 98.29097
C17 799.976 97.38673
C17 824.988 95.6862
C17 850.022 93.63818
C17 869.967 90.569824
C17 875.002 89.22859
C17 899.999 82.396225
C17 919.999 74.42959
C17 925.012 72.04244
C17 949.965 57.8423
C17 975.002 42.827717
C17 999.976 25.879068
C17 1025.028 11.126231
C17 1050.014 3.9173677
C17 1075.002 2.117516
C17 1099.99 1.7046685
C07 319.994 41.80071
C07 324.969 47.250767
C07 349.982 72.86611
C07 374.975 80.66294
C07 400.019 86.52086
C07 424.965 88.07365
C07 450.035 89.7541
C07 475.003 90.91363
C07 500.018 93.198845
C07 525.002 95.2581
C07 550.029 96.023796
C07 575.023 97.94276
C07 599.982 98.72642
C07 619.997 98.87459
C07 624.979 98.94614
C07 650.012 99.82427
C07 675.004 99.64654
C07 700.03 99.795975
C07 725.012 99.09347
C07 750.022 99.18907
C07 774.987 98.515434
C07 799.976 97.59824
C07 824.988 95.89343
C07 850.022 93.71486
C07 869.967 90.549286
C07 875.002 89.20138
C07 899.999 82.40141
C07 919.999 74.28689
C07 925.012 71.89838
C07 949.965 57.709976
C07 975.002 42.838017
C07 999.976 25.855946
C07 1025.028 11.1021595
C07 1050.014 3.9097826
C07 1075.002 2.1285768
C07 1099.99 1.7084711
C03 319.994 41.01483
C03 324.969 46.356754
C03 349.982 71.08234
C03 374.975 78.62526
C03 400.019 85.376755
C03 424.965 87.45592
C03 450.035 89.43168
C03 475.003 90.77688
C03 500.018 93.17387
C03 525.002 95.302086
C03 550.029 96.1031
C03 575.023 98.041046
C03 599.982 98.82735
C03 619.997 98.97071
C03 624.979 99.0387
C03 650.012 99.9094
C03 675.004 99.71933
C03 700.03 99.83803
C03 725.012 99.07486
C03 750.022 99.091896
C03 774.987 98.34527
C03 799.976 97.40416
C03 824.988 95.71099
C03 850.022 93.60031
C03 869.967 90.48622
C03 875.002 89.143196
C03 899.999 82.39523
C03 919.999 74.43427
C03 925.012 72.05416
C03 949.965 57.829582
C03 975.002 42.913876
C03 999.976 25.929413
C03 1025.028 11.105282
C03 1050.014 3.8674624
C03 1075.002 2.095053
C03 1099.99 1.7015005
C14 319.994 40.07543
C14 324.969 45.289875
C14 349.982 69.277275
C14 374.975 76.84577
C14 400.019 84.41077
C14 424.965 86.90715
C14 450.035 89.11141
C14 475.003 90.59063
C14 500.018 93.07767
C14 525.002 95.26181
C14 550.029 96.100365
C14 575.023 98.05736
C14 599.982 98.85718
C14 619.997 99.00939
C14 624.979 99.07953
C14 650.012 99.95277
C14 675.004 99.770256
C14 700.03 99.89159
C14 725.012 99.1267
C14 750.022 99.146
C14 774.987 98.41235
C14 799.976 97.481544
C14 824.988 95.7947
C14 850.022 93.766815
C14 869.967 90.77472
C14 875.002 89.43732
C14 899.999 82.57002
C14 919.999 74.898254
C14 925.012 72.50489
C14 949.965 58.295788
C14 975.002 43.25914
C14 999.976 26.001703
C14 1025.028 11.083072
C14 1050.014 3.8744242
C14 1075.002 2.1200151
C14 1099.99 1.7100667
C06 319.994 41.619587
C06 324.969 47.045963
C06 349.982 72.40037
C06 374.975 80.07286
C06 400.019 86.104126
C06 424.965 87.76807
C06 450.035 89.515594
C06 475.003 90.71623
C06 500.018 93.023125
C06 525.002 95.09572
C06 550.029 95.863914
C06 575.023 97.78095
C06 599.982 98.55729
C06 619.997 98.70205
C06 624.979 98.77275
C06 650.012 99.64268
C06 675.004 99.460754
C06 700.03 99.59366
C06 725.012 98.86847
C06 750.022 98.928055
C06 774.987 98.22703
C06 799.976 97.30134
C06 824.988 95.610344
C06 850.022 93.43655
C06 869.967 90.331154
C06 875.002 88.99726
C06 899.999 82.21469
C06 919.999 74.14783
C06 925.012 71.77452
C06 949.965 57.715622
C06 975.002 42.823963
C06 999.976 25.79468
C06 1025.028 11.048909
C06 1050.014 3.8868072
C06 1075.002 2.1261141
C06 1099.99 1.7082624
C04 319.994 41.323406
C04 324.969 46.706085
C04 349.982 71.712875
C04 374.975 79.33074
C04 400.019 85.84961
C04 424.965 87.78632
C04 450.035 89.68973
C04 475.003 90.98267
C04 500.018 93.34997
C04 525.002 95.46449
C04 550.029 96.25483
C04 575.023 98.18764
C04 599.982 98.96996
C04 619.997 99.11694
C04 624.979 99.18852
C04 650.012 100.05968
C04 675.004 99.86954
C04 700.03 99.99012
C04 725.012 99.233894
C04 750.022 99.25522
C04 774.987 98.517296
C04 799.976 97.575264
C04 824.988 95.890434
C04 850.022 93.748985
C04 869.967 90.65227
C04 875.002 89.29326
C04 899.999 82.52544
C04 919.999 74.56515
C04 925.012 72.20879
C04 949.965 58.060356
C04 975.002 42.92683
C04 999.976 25.903582
C04 1025.028 11.086456
C04 1050.014 3.893439
C04 1075.002 2.120174
C04 1099.99 1.7074083
C10 319.994 37.961662
C10 324.969 42.88799
C10 349.982 65.272896
C10 374.975 72.804695
C10 400.019 81.9329
C10 424.965 85.31409
C10 450.035 88.00346
C10 475.003 89.77515
C10 500.018 92.44487
C10 525.002 94.74121
C10 550.029 95.652916
C10 575.023 97.64674
C10 599.982 98.47046
C10 619.997 98.63406
C10 624.979 98.70956
C10 650.012 99.58802
C10 675.004 99.40533
C10 700.03 99.53112
C10 725.012 98.78445
C10 750.022 98.82576
C10 774.987 98.122475
C10 799.976 97.22
C10 824.988 95.58649
C10 850.022 93.6377
C10 869.967 90.67821
C10 875.002 89.34042
C10 899.999 82.47343
C10 919.999 74.74331
C10 925.012 72.39079
C10 949.965 57.8967
C10 975.002 42.79442
C10 999.976 25.889236
C10 1025.028 11.109508
C10 1050.014 3.9916186
C10 1075.002 2.1659482
C10 1099.99 1.7162604
C01 319.994 40.240105
C01 324.969 45.48251
C01 349.982 69.56942
C01 374.975 77.036964
C01 400.019 84.402214
C01 424.965 86.824425
C01 450.035 88.99385
C01 475.003 90.45295
C01 500.018 92.923386
C01 525.002 95.09582
C01 550.029 95.92663
C01 575.023 97.87115
C01 599.982 98.66306
C01 619.997 98.81332
C01 624.979 98.88396
C01 650.012 99.75291
C01 675.004 99.56376
C01 700.03 99.6821
C01 725.012 98.9306
C01 750.022 98.95723
C01 774.987 98.229164
C01 799.976 97.295494
C01 824.988 95.60357
C01 850.022 93.55155
C01 869.967 90.55443
C01 875.002 89.17966
C01 899.999 82.18213
C01 919.999 74.632195
C01 925.012 72.28118
C01 949.965 57.928185
C01 975.002 42.697906
C01 999.976 25.679737
C01 1025.028 10.972212
C01 1050.014 3.8991532
C01 1075.002 2.1453876
C01 1099.99 1.7106296
C13 319.994 39.683956
C13 324.969 44.84691
C13 349.982 68.51015
C13 374.975 76.02186
C13 400.019 83.82826
C13 424.965 86.47733
C13 450.035 88.76963
C13 475.003 90.30194
C13 500.018 92.81774
C13 525.002 95.021355
C13 550.029 95.86972
C13 575.023 97.83027
C13 599.982 98.63402
C13 619.997 98.78631
C13 624.979 98.85779
C13 650.012 99.73245
C13 675.004 99.54386
C13 700.03 99.65956
C13 725.012 98.89458
C13 750.022 98.909164
C13 774.987 98.17093
C13 799.976 97.24386
C13 824.988 95.570526
C13 850.022 93.536545
C13 869.967 90.596405
C13 875.002 89.28435
C13 899.999 82.34455
C13 919.999 74.59913
C13 925.012 72.32473
C13 949.965 57.99271
C13 975.002 42.835934
C13 999.976 25.784735
C13 1025.028 11.054027
C13 1050.014 3.8850002
C13 1075.002 2.1245012
C13 1099.99 1.7107599
C00 319.994 39.861435
C00 324.969 45.050407
C00 349.982 68.82093
C00 374.975 76.24733
C00 400.019 83.9251
C00 424.965 86.528175
C00 450.035 88.79872
C00 475.003 90.322136
C00 500.018 92.827805
C00 525.002 95.026505
C00 550.029 95.87067
C00 575.023 97.827896
C00 599.982 98.62405
C00 619.997 98.77456
C00 624.979 98.846565
C00 650.012 99.711464
C00 675.004 99.52422
C00 700.03 99.646545
C00 725.012 98.90734
C00 750.022 98.95002
C00 774.987 98.23955
C00 799.976 97.31936
C00 824.988 95.65008
C00 850.022 93.620186
C00 869.967 90.60717
C00 875.002 89.23274
C00 899.999 82.378525
C00 919.999 74.81047
C00 925.012 72.34651
C00 949.965 57.745453
C00 975.002 42.638355
C00 999.976 25.752218
C00 1025.028 11.08661
C00 1050.014 3.978486
C00 1075.002 2.1670022
C00 1099.99 1.7094264
C05 319.994 41.464325
C05 324.969 46.86639
C05 349.982 72.02594
C05 374.975 79.66617
C05 400.019 85.95704
C05 424.965 87.77531
C05 450.035 89.60473
C05 475.003 90.8553
C05 500.018 93.1961
C05 525.002 95.289474
C05 550.029 96.067245
C05 575.023 97.99092
C05 599.982 98.772705
C05 619.997 98.91645
C05 624.979 98.99002
C05 650.012 99.857056
C05 675.004 99.67007
C05 700.03 99.79484
C05 725.012 99.04866
C05 750.022 99.085945
C05 774.987 98.362686
C05 799.976 97.426544
C05 824.988 95.74438
C05 850.022 93.576935
C05 869.967 90.493004
C05 875.002 89.15706
C05 899.999 82.38396
C05 919.999 74.34345
C05 925.012 71.9852
C05 949.965 57.94038
C05 975.002 42.955627
C05 999.976 25.875679
C05 1025.028 11.069558
C05 1050.014 3.884474
C05 1075.002 2.1277428
C05 1099.99 1.7103332
C12 319.994 39.243015
C12 324.969 44.347313
C12 349.982 67.6427
C12 374.975 75.12409
C12 400.019 83.330055
C12 424.965 86.198074
C12 450.035 88.61129
C12 475.003 90.21676
C12 500.018 92.77737
C12 525.002 95.01308
C12 550.029 95.87822
C12 575.023 97.84778
C12 599.982 98.65443
C12 619.997 98.80857
C12 624.979 98.883446
C12 650.012 99.75463
C12 675.004 99.566055
C12 700.03 99.6858
C12 725.012 98.92072
C12 750.022 98.93194
C12 774.987 98.19619
C12 799.976 97.273026
C12 824.988 95.61564
C12 850.022 93.61169
C12 869.967 90.67821
C12 875.002 89.335686
C12 899.999 82.36239
C12 919.999 74.81402
C12 925.012 72.45737
C12 949.965 58.090336
C12 975.002 42.93111
C12 999.976 25.89189
C12 1025.028 11.045643
C12 1050.014 3.903574
C12 1075.002 2.1402838
C12 1099.99 1.7144905
C11 319.994 38.727657
C11 324.969 43.75966
C11 349.982 66.67157
C11 374.975 74.17584
C11 400.019 82.81688
C11 424.965 85.92595
C11 450.035 88.469376
C11 475.003 90.1508
C11 500.018 92.764786
C11 525.002 95.03005
C11 550.029 95.91549
C11 575.023 97.898415
C11 599.982 98.71357
C11 619.997 98.869705
C11 624.979 98.945015
C11 650.012 99.81734
C11 675.004 99.63153
C11 700.03 99.74774
C11 725.012 98.98851
C11 750.022 99.01085
C11 774.987 98.28726
C11 799.976 97.369576
C11 824.988 95.71695
C11 850.022 93.74529
C11 869.967 90.7978
C11 875.002 89.44221
C11 899.999 82.485725
C11 919.999 74.99523
C11 925.012 72.6118
C11 949.965 58.088676
C11 975.002 42.871655
C11 999.976 25.882395
C11 1025.028 11.061825
C11 1050.014 3.9526193
C11 1075.002 2.1629174
C11 1099.99 1.7206851
C15 319.994 40.397926
C15 324.969 45.659977
C15 349.982 69.89576
C15 374.975 77.46573
C15 400.019 84.751755
C15 424.965 87.092224
C15 450.035 89.21393
C15 475.003 90.63496
C15 500.018 93.08796
C15 525.002 95.252556
C15 550.029 96.077156
C15 575.023 98.02611
C15 599.982 98.82384
C15 619.997 98.97205
C15 624.979 99.04099
C15 650.012 99.91621
C15 675.004 99.73071
C15 700.03 99.85265
C15 725.012 99.097786
C15 750.022 99.13101
C15 774.987 98.414665
C15 799.976 97.488625
C15 824.988 95.78511
C15 850.022 93.74946
C15 869.967 90.70807
C15 875.002 89.37708
C15 899.999 82.54913
C15 919.999 74.72785
C15 925.012 72.36991
C15 949.965 58.08378
C15 975.002 43.039246
C15 999.976 25.914225
C15 1025.028 11.111873
C15 1050.014 3.8831055
C15 1075.002 2.1150692
C15 1099.99 1.7086202
C16 319.994 40.630817
C16 324.969 45.922146
C16 349.982 70.36855
C16 374.975 77.967514
C16 400.019 85.02048
C16 424.965 87.23327
C16 450.035 89.281815
C16 475.003 90.6646
C16 500.018 93.091
C16 525.002 95.23908
C16 550.029 96.048065
C16 575.023 97.99278
C16 599.982 98.78705
C16 619.997 98.935936
C16 624.979 99.00854
C16 650.012 99.879364
C16 675.004 99.693886
C16 700.03 99.82463
C16 725.012 99.08686
C16 750.022 99.142914
C16 774.987 98.44464
C16 799.976 97.52408
C16 824.988 95.82402
C16 850.022 93.78601
C16 869.967 90.72541
C16 875.002 89.38294
C16 899.999 82.55808
C16 919.999 74.69166
C16 925.012 72.29525
C16 949.965 57.992603
C16 975.002 42.98948
C16 999.976 25.978212
C16 1025.028 11.163097
C16 1050.014 3.91353
C16 1075.002 2.1229286
C16 1099.99 1.7113353
C02 319.994 40.801285
C02 324.969 46.117767
C02 349.982 70.62564
C02 374.975 78.12747
C02 400.019 85.13009
C02 424.965 87.35556
C02 450.035 89.42134
C02 475.003 90.819046
C02 500.018 93.254814
C02 525.002 95.4082
C02 550.029 96.22115
C02 575.023 98.166534
C02 599.982 98.95325
C02 619.997 99.09989
C02 624.979 99.17205
C02 650.012 100.04062
C02 675.004 99.849
C02 700.03 99.96316
C02 725.012 99.20185
C02 750.022 99.21665
C02 774.987 98.472206
C02 799.976 97.53571
C02 824.988 95.83206
C02 850.022 93.72671
C02 869.967 90.719284
C02 875.002 89.38599
C02 899.999 82.36448
C02 919.999 74.49835
C02 925.012 72.16923
C02 949.965 58.088245
C02 975.002 43.03017
C02 999.976 25.88571
C02 1025.028 11.0218725
C02 1050.014 3.8438046
C02 1075.002 2.1106675
C02 1099.99 1.7086474
