lsstCam/transmission_filter_detector/r02_s10/u_24/19700101T000000.ecsv
# %ECSV 1.0
# ---
# datatype:
# - {name: wavelength, unit: nm, datatype: float32}
# - {name: efficiency, unit: '%', datatype: float64}
# meta: !!omap
# - {MODE: DETECTOR}
# - {TYPE: transmission_filter_detector}
# - {CALIBDATE: '1970-01-01T00:00:00'}
# - {INSTRUME: LSSTCam}
# - {OBSTYPE: transmission_filter_detector}
# - {CALIBCLS: lsst.ip.isr.IntermediateFilterDetectorTransmissionCurve}
# - {SOURCE: Materion (DM-46256)}
# - {DETECTOR: 12}
# - {FILTER: u_24}
# - {CALIB_ID: 'calibDate=1970-01-01T00:00:00 filter=u_24 detector=12'}
# - {DATE: '2025-04-02T15:59:39.801870'}
# - {CALIB_CREATION_DATE: '2025-04-02'}
# - {CALIB_CREATION_TIME: '15:59:39'}
# - __serialized_columns__:
#     efficiency:
#       __class__: astropy.units.quantity.Quantity
#       unit: !astropy.units.Unit {unit: '%'}
#       value: !astropy.table.SerializedColumn {name: efficiency}
#     wavelength:
#       __class__: astropy.units.quantity.Quantity
#       unit: !astropy.units.Unit {unit: nm}
#       value: !astropy.table.SerializedColumn {name: wavelength}
# schema: astropy-2.0
wavelength efficiency
295.0 1.6459279685715478e-10
296.0 1.6459279685715478e-10
297.0 1.6459279685715478e-10
298.0 1.6459279685715478e-10
299.0 1.6459279685715478e-10
300.0 1.6459279685715478e-10
301.0 1.6459279685715478e-10
302.0 1.6459279685715478e-10
303.0 0.06502468604594469
304.0 0.16133759636431932
305.0 1.058183889836073
306.0 2.074342966079712
307.0 3.9407067000865936
308.0 6.78735077381134
309.0 10.070177167654037
310.0 13.502824306488037
311.0 17.304114997386932
312.0 21.209651231765747
313.0 24.195104837417603
314.0 27.09662616252899
315.0 29.36255931854248
316.0 31.67363405227661
317.0 34.574028849601746
318.0 37.64755427837372
319.0 41.9659286737442
320.0 48.03316593170166
321.0 53.52465510368347
322.0 59.592437744140625
323.0 64.79081511497498
324.0 68.65693926811218
325.0 71.42410278320312
326.0 73.6478328704834
327.0 75.46436786651611
328.0 77.0734190940857
329.0 78.54370474815369
330.0 79.68602776527405
331.0 80.13243079185486
332.0 80.41276335716248
333.0 80.38768172264099
334.0 80.43573498725891
335.0 80.79972863197327
336.0 81.17477297782898
337.0 81.65776133537292
338.0 82.50072002410889
339.0 83.06485414505005
340.0 83.43498706817627
341.0 83.88105630874634
342.0 84.18210744857788
343.0 84.23972725868225
344.0 84.34888124465942
345.0 84.80984568595886
346.0 85.21403670310974
347.0 85.51779985427856
348.0 85.74155569076538
349.0 85.99753379821777
350.0 86.01312637329102
351.0 86.16231083869934
352.0 86.13534569740295
353.0 86.04066967964172
354.0 85.97497940063477
355.0 86.22404336929321
356.0 86.3701581954956
357.0 86.21652722358704
358.0 85.91108322143555
359.0 85.76361536979675
360.0 85.4935884475708
361.0 85.22500991821289
362.0 85.12048125267029
363.0 85.2415680885315
364.0 85.32478213310242
365.0 85.70989966392517
366.0 85.98306775093079
367.0 86.1086368560791
368.0 86.10331416130066
369.0 86.28705143928528
370.0 86.11735701560974
371.0 86.00484728813171
372.0 85.98562479019165
373.0 86.18898391723633
374.0 86.25195622444153
375.0 86.57603859901428
376.0 86.62431240081787
377.0 86.78897619247437
378.0 86.77904605865479
379.0 86.4043653011322
380.0 85.58000922203064
381.0 84.19440984725952
382.0 82.25305080413818
383.0 80.23231625556946
384.0 78.16586494445801
385.0 75.73951482772827
386.0 73.04902076721191
387.0 69.61933374404907
388.0 66.02557897567749
389.0 61.630988121032715
390.0 57.416749000549316
391.0 53.136229515075684
392.0 48.80477488040924
393.0 45.23408114910126
394.0 41.855764389038086
395.0 37.965261936187744
396.0 33.675023913383484
397.0 27.903056144714355
398.0 21.353688836097717
399.0 14.428205788135529
400.0 8.493142575025558
401.0 4.303211718797684
402.0 1.6058433800935745
403.0 0.5060167517513037
404.0 0.18288036808371544
405.0 0.04265974857844412
406.0 0.014660162560176104
407.0 1.6459279685715478e-10
408.0 1.6459279685715478e-10
409.0 1.6459279685715478e-10
410.0 1.6459279685715478e-10
411.0 1.6459279685715478e-10
412.0 1.6459279685715478e-10
413.0 1.6459279685715478e-10
414.0 1.6459279685715478e-10
415.0 1.6459279685715478e-10
416.0 1.6459279685715478e-10
417.0 1.6459279685715478e-10
418.0 1.6459279685715478e-10
419.0 1.6459279685715478e-10
420.0 1.6459279685715478e-10
421.0 1.6459279685715478e-10
422.0 1.6459279685715478e-10
423.0 1.6459279685715478e-10
424.0 1.6459279685715478e-10
425.0 1.6459279685715478e-10
426.0 1.6459279685715478e-10
427.0 1.6459279685715478e-10
428.0 0.00029581676699308446
429.0 0.0008866614734870382
430.0 0.0014775056115468033
431.0 0.0004604361038218485
432.0 1.6459279685715478e-10
433.0 1.6459279685715478e-10
434.0 1.6459279685715478e-10
435.0 3.0285204388746934e-05
436.0 0.00181442555913236
437.0 1.6459279685715478e-10
438.0 1.6459279685715478e-10
439.0 0.0004731529770651832
440.0 0.002819449218804948
441.0 0.0004668788278650027
442.0 1.6459279685715478e-10
443.0 1.6459279685715478e-10
444.0 1.6459279685715478e-10
445.0 1.6459279685715478e-10
446.0 1.6459279685715478e-10
447.0 1.6459279685715478e-10
448.0 1.6459279685715478e-10
449.0 0.0001000301267595205
450.0 0.0014608447600039653
451.0 0.00013531765716834343
452.0 1.6459279685715478e-10
453.0 1.6459279685715478e-10
454.0 1.6459279685715478e-10
455.0 1.6459279685715478e-10
456.0 1.6459279685715478e-10
457.0 1.6459279685715478e-10
458.0 1.6459279685715478e-10
459.0 1.6459279685715478e-10
460.0 1.6459279685715478e-10
461.0 1.6459279685715478e-10
462.0 1.6459279685715478e-10
463.0 1.6459279685715478e-10
464.0 1.6459279685715478e-10
465.0 1.6459279685715478e-10
466.0 1.6459279685715478e-10
467.0 1.6459279685715478e-10
468.0 1.6459279685715478e-10
469.0 0.00022806295874033822
470.0 0.0005859430075361161
471.0 0.000403293870476773
472.0 0.0002206445515184896
473.0 1.6459279685715478e-10
474.0 1.6459279685715478e-10
475.0 0.00022428932879847707
476.0 0.000796062704466749
477.0 0.000787138742452953
478.0 0.000778214780439157
479.0 0.0003121126383121009
480.0 1.6459279685715478e-10
481.0 0.00038415500966948457
482.0 0.0009222993867297191
483.0 0.0004666411768994294
484.0 1.0983052334267995e-05
485.0 1.6459279685715478e-10
486.0 1.6459279685715478e-10
487.0 1.6459279685715478e-10
488.0 1.6459279685715478e-10
489.0 1.6459279685715478e-10
490.0 1.6459279685715478e-10
491.0 1.6459279685715478e-10
492.0 1.6459279685715478e-10
493.0 1.6459279685715478e-10
494.0 1.6459279685715478e-10
495.0 1.6459279685715478e-10
496.0 0.0009542215593683068
497.0 0.000323396420753852
498.0 1.6459279685715478e-10
499.0 9.54111669670965e-05
500.0 0.0004982516657037195
501.0 2.5142512072307e-05
502.0 1.6459279685715478e-10
503.0 1.6459279685715478e-10
504.0 1.6459279685715478e-10
505.0 1.6459279685715478e-10
506.0 1.6854475859418017e-05
507.0 1.6459279685715478e-10
508.0 1.6459279685715478e-10
509.0 1.6459279685715478e-10
510.0 1.6459279685715478e-10
511.0 7.075742587403511e-05
512.0 0.00022188066850503674
513.0 0.000111061854113359
514.0 2.428224288308911e-07
515.0 0.00040049808376352303
516.0 0.0008007533324416727
517.0 0.00010440631967867375
518.0 1.6459279685715478e-10
519.0 1.6459279685715478e-10
520.0 0.00037571519442280987
521.0 0.00027021721962228185
522.0 0.0001647190515541297
523.0 1.6459279685715478e-10
524.0 1.6459279685715478e-10
525.0 1.6459279685715478e-10
526.0 1.6459279685715478e-10
527.0 1.6459279685715478e-10
528.0 1.6459279685715478e-10
529.0 1.6459279685715478e-10
530.0 1.6459279685715478e-10
531.0 2.569865209522959e-06
532.0 0.0003092019369432819
533.0 1.6459279685715478e-10
534.0 1.6459279685715478e-10
535.0 1.6459279685715478e-10
536.0 1.6459279685715478e-10
537.0 1.6459279685715478e-10
538.0 1.6459279685715478e-10
539.0 1.6459279685715478e-10
540.0 1.6459279685715478e-10
541.0 1.6459279685715478e-10
542.0 1.6459279685715478e-10
543.0 1.6459279685715478e-10
544.0 1.6459279685715478e-10
545.0 1.6459279685715478e-10
546.0 1.6459279685715478e-10
547.0 1.6459279685715478e-10
548.0 1.6459279685715478e-10
549.0 1.6459279685715478e-10
550.0 1.6459279685715478e-10
551.0 1.6459279685715478e-10
552.0 1.6459279685715478e-10
553.0 1.6459279685715478e-10
554.0 1.6459279685715478e-10
555.0 1.6459279685715478e-10
556.0 1.6459279685715478e-10
557.0 1.6459279685715478e-10
558.0 1.6459279685715478e-10
559.0 4.15842123402399e-05
560.0 0.00011144053360112594
561.0 1.6459279685715478e-10
562.0 1.6459279685715478e-10
563.0 1.6459279685715478e-10
564.0 1.6459279685715478e-10
565.0 1.6459279685715478e-10
566.0 1.6459279685715478e-10
567.0 1.6459279685715478e-10
568.0 1.6459279685715478e-10
569.0 7.663472274543892e-05
570.0 0.0004008482392237056
571.0 0.0006230053259059787
572.0 0.0008451625944871921
573.0 0.0006857023890916025
574.0 0.0005262424565444235
575.0 0.00015666032595618162
576.0 1.6459279685715478e-10
577.0 8.44984811010363e-05
578.0 0.00038191856219782494
579.0 0.0005733104444516357
580.0 0.0007647023267054465
581.0 0.0009699495421955362
582.0 0.0011751969395845663
583.0 0.0014547990758728702
584.0 0.001734401666908525
585.0 0.00150920159285306
586.0 0.0012840007912018336
587.0 0.0009884366590995342
588.0 0.0006928723905730294
589.0 0.0008291491212730762
590.0 0.0009654256245994475
591.0 0.0010127317182195839
592.0 0.0010600378118397202
593.0 0.0007761938832118176
594.0 0.0004923496362607693
595.0 0.0007852564522181638
596.0 0.0010781628589029424
597.0 0.0011034097951778676
598.0 0.0011286565495538525
599.0 0.0017385171304340474
600.0 0.0023483773475163616
601.0 0.002496667002560571
602.0 0.0026449564757058397
603.0 0.002265893454023171
604.0 0.0018868304323405027
605.0 0.0013872466297470964
606.0 0.0008876628271536902
607.0 0.0009734450031828601
608.0 0.0010592270882625598
609.0 0.0005960541329841362
610.0 0.00013288120044308016
611.0 0.0004117450316698523
612.0 0.0006906089765834622
613.0 0.0006609740466956282
614.0 0.0006313391168077942
615.0 0.0006834200576122385
616.0 0.0007355009984166827
617.0 0.0007347349310293794
618.0 0.0007339690910157515
619.0 0.00048076785787998233
620.0 0.00022756669295631582
621.0 0.0005438184871309204
622.0 0.0008600702130934224
623.0 0.0007600211120006861
624.0 0.0006599718290090095
625.0 0.0007243414984259289
626.0 0.0007887111678428482
627.0 0.0007689227459195536
628.0 0.0007491343239962589
629.0 0.0009191114259010646
630.0 0.0010890886187553406
631.0 0.0016378884538426064
632.0 0.002186688107030932
633.0 0.002353594027226791
634.0 0.00252050012932159
635.0 0.0026125026124645956
636.0 0.002704505095607601
637.0 0.002385314292041585
638.0 0.0020661229427787475
639.0 0.0013911011592426803
640.0 0.0007160790119087324
641.0 0.0007956500667205546
642.0 0.0008752210305829067
643.0 0.0007138633009162731
644.0 0.0005525054803001694
645.0 0.0004621007064997684
646.0 0.0003716958872246323
647.0 0.00011926016441066167
648.0 1.6459279685715478e-10
649.0 1.8833932813322463e-05
650.0 0.00017084331602745806
651.0 0.0006002595455356641
652.0 0.0010296759683114942
653.0 0.0013141917406755965
654.0 0.0015987072401912883
655.0 0.001808960769267287
656.0 0.0020192141164443456
657.0 0.002902649066527374
658.0 0.003786084198509343
659.0 0.004293709207559004
660.0 0.004801333125215024
661.0 0.004446894672582857
662.0 0.00409245585615281
663.0 0.0029763628845103085
664.0 0.0018602699128678069
665.0 0.001545653140055947
666.0 0.0012310360034462065
667.0 0.0012730190974252764
668.0 0.001315002009505406
669.0 0.0008041716682782862
670.0 0.0002933414634753717
671.0 0.0003556709316399065
672.0 0.0004180003088549711
673.0 0.0006101665348978713
674.0 0.0008023328518902417
675.0 0.0010372513315815013
676.0 0.0012721698112727609
677.0 0.0018533601178205572
678.0 0.0024345505153178237
679.0 0.002636509634612594
680.0 0.0028384685720084235
681.0 0.0037212321331026033
682.0 0.004603995694196783
683.0 0.006398852565325797
684.0 0.008193709800252691
685.0 0.008803512901067734
686.0 0.0094133174570743
687.0 0.008271192200481892
688.0 0.007129066216293722
689.0 0.005729541589971632
690.0 0.004330016963649541
691.0 0.0037384001188911498
692.0 0.0031467832741327584
693.0 0.002915452205343172
694.0 0.002684120954654645
695.0 0.0023382155632134527
696.0 0.0019923103536712006
697.0 0.001457053531339625
698.0 0.0009217967090080492
699.0 0.0007317158633668441
700.0 0.000541634972250904
701.0 0.0004790769253304461
702.0 0.0004165189693594584
703.0 0.0007277866643562447
704.0 0.0010390546776761767
705.0 0.0010281084541929886
706.0 0.001017162503558211
707.0 0.0009342539669887628
708.0 0.0008513449756719638
709.0 0.0006432101599784801
710.0 0.0004350752078607911
711.0 0.0005295800292515196
712.0 0.0006240848506422481
713.0 0.0009204645721183624
714.0 0.0012168443390692119
715.0 0.0008370539944735356
716.0 0.0004572636044031242
717.0 0.0005332346518116537
718.0 0.0006092056082707131
719.0 0.0005171858447283739
720.0 0.0004251660811860347
721.0 0.00037831582631042693
722.0 0.00033146557143481914
723.0 0.00024405421754636336
724.0 0.0001566428522892238
725.0 5.274275736155687e-05
726.0 1.6459279685715478e-10
727.0 0.00026198620162176667
728.0 0.0005751298886025324
729.0 0.0003573091817088425
730.0 0.0001394885885019903
731.0 0.00017465650898884633
732.0 0.00020982442947570235
733.0 0.0002421473482172587
734.0 0.0002744701532719773
735.0 0.0004392780283524189
736.0 0.0006040857897460228
737.0 0.000634503112451057
738.0 0.000664920389681356
739.0 0.0006941475476196501
740.0 0.000723374569133739
741.0 0.0009883987331704702
742.0 0.0012534227607829962
743.0 0.0021539775843848474
744.0 0.003054532135138288
745.0 0.003698935324791819
746.0 0.004343338150647469
747.0 0.004618174352799542
748.0 0.004893010554951616
749.0 0.004231315324432217
750.0 0.0035696204577106982
751.0 0.0030610251997131854
752.0 0.002552430669311434
753.0 0.0021427076717372984
754.0 0.001732984310365282
755.0 0.0020857089111814275
756.0 0.0024384336938965134
757.0 0.002034904173342511
758.0 0.0016313744708895683
759.0 0.0013299324564286508
760.0 0.0010284904419677332
761.0 0.001168653579952661
762.0 0.0013088168088870589
763.0 0.0009793059689400252
764.0 0.0006497950380435213
765.0 0.00088791921371012
766.0 0.001126043571275659
767.0 0.0008442360012850258
768.0 0.0005624283403449226
769.0 0.000720648540664115
770.0 0.000878868559084367
771.0 0.0006038264473318122
772.0 0.00032878422189241974
773.0 0.00036671067391580436
774.0 0.00040463705772708636
775.0 0.00046699792619619984
776.0 0.000529358612766373
777.0 0.0005563845206779661
778.0 0.0005834101557411486
779.0 0.0008483997589792125
780.0 0.0011133890438941307
781.0 0.0011401330084481742
782.0 0.0011668769730022177
783.0 0.001027405323839048
784.0 0.0008879334018274676
785.0 0.0010536667105043307
786.0 0.0012193997463327833
787.0 0.0008405403605138417
788.0 0.0004616809292201651
789.0 0.0007155136245273752
790.0 0.0009693463653093204
791.0 0.0008982915460364893
792.0 0.0008272365448647179
793.0 0.00022898996121512027
794.0 1.6459279685715478e-10
795.0 1.6459279685715478e-10
796.0 0.0002643603920660098
797.0 0.0003678850362121011
798.0 0.00047140970309555996
799.0 0.00036162323340249714
800.0 0.00025183662728522904
801.0 0.00018219874391434132
802.0 0.0001125608605434536
803.0 1.6459279685715478e-10
804.0 1.6459279685715478e-10
805.0 4.797048518412339e-05
806.0 0.0003215895276298397
807.0 7.916231652416172e-05
808.0 1.6459279685715478e-10
809.0 1.6459279685715478e-10
810.0 7.346173447331239e-05
811.0 5.672510496879113e-05
812.0 3.998860620413325e-05
813.0 0.00018600459270601277
814.0 0.00033202063605131116
815.0 0.00038143234633025713
816.0 0.0004308440566092031
817.0 0.00035354585179447895
818.0 0.0002762476469797548
819.0 0.0002232482756880927
820.0 0.00017024891576511436
821.0 1.6459279685715478e-10
822.0 1.6459279685715478e-10
823.0 1.6459279685715478e-10
824.0 2.426066885163891e-05
825.0 1.6459279685715478e-10
826.0 1.6459279685715478e-10
827.0 0.00016787467984613613
828.0 0.0007442603873641929
829.0 0.0006234283773665084
830.0 0.0005025967766414396
831.0 0.0001439853576812311
832.0 1.6459279685715478e-10
833.0 1.6459279685715478e-10
834.0 1.6459279685715478e-10
835.0 1.6459279685715478e-10
836.0 1.6459279685715478e-10
837.0 1.6459279685715478e-10
838.0 1.6459279685715478e-10
839.0 1.6459279685715478e-10
840.0 1.6459279685715478e-10
841.0 1.6459279685715478e-10
842.0 0.00019393655747990124
843.0 1.6459279685715478e-10
844.0 1.6459279685715478e-10
845.0 1.6459279685715478e-10
846.0 9.780637810763437e-05
847.0 0.00029200477911217604
848.0 0.0004862032255914528
849.0 0.0005187218448554631
850.0 0.0005512405550689436
851.0 0.00035651139569381485
852.0 0.00016178222495000227
853.0 0.0004048607479489874
854.0 0.0006479392141045537
855.0 0.0005874801445315825
856.0 0.0005270209840091411
857.0 0.0006694984222122002
858.0 0.0008119759513647296
859.0 0.0008961959792941343
860.0 0.0009804161891224794
861.0 0.001094106937671313
862.0 0.0012077975952706765
863.0 0.0012621980204130523
864.0 0.0013165981727070175
865.0 0.001860973861766979
866.0 0.0024053495508269407
867.0 0.002119922464771662
868.0 0.0018344955606153235
869.0 0.001750176670611836
870.0 0.0016658574168104678
871.0 0.001832820453273598
872.0 0.001999783307837788
873.0 0.0019136088667437434
874.0 0.0018274340618518181
875.0 0.0019421046090428717
