lsstCam/transmission_filter_detector/r02_s10/u_24/19700101T000000.ecsv
# %ECSV 1.0
# ---
# datatype:
# - {name: wavelength, unit: nm, datatype: float32}
# - {name: efficiency, unit: '%', datatype: float64}
# meta: !!omap
# - {MODE: DETECTOR}
# - {TYPE: transmission_filter_detector}
# - {CALIBDATE: '1970-01-01T00:00:00'}
# - {INSTRUME: LSSTCam}
# - {OBSTYPE: transmission_filter_detector}
# - {CALIBCLS: lsst.ip.isr.IntermediateFilterDetectorTransmissionCurve}
# - {SOURCE: Materion (DM-46256)}
# - {DETECTOR: 12}
# - {FILTER: u_24}
# - {CALIB_ID: 'calibDate=1970-01-01T00:00:00 filter=u_24 detector=12'}
# - {DATE: '2025-04-02T15:59:39.801870'}
# - {CALIB_CREATION_DATE: '2025-04-02'}
# - {CALIB_CREATION_TIME: '15:59:39'}
# - __serialized_columns__:
#     efficiency:
#       __class__: astropy.units.quantity.Quantity
#       unit: !astropy.units.Unit {unit: '%'}
#       value: !astropy.table.SerializedColumn {name: efficiency}
#     wavelength:
#       __class__: astropy.units.quantity.Quantity
#       unit: !astropy.units.Unit {unit: nm}
#       value: !astropy.table.SerializedColumn {name: wavelength}
# schema: astropy-2.0
wavelength efficiency
[from data line 582]
877.0 0.0024625662263133563
878.0 0.002868357114493847
879.0 0.002863004010578152
880.0 0.002857651634258218
881.0 0.003166064925608225
882.0 0.003474478580756113
883.0 0.0030289966161944903
884.0 0.0025835150154307485
885.0 0.0027572088583838195
886.0 0.0029309027013368905
887.0 0.0025442794139962643
888.0 0.0021576563085545786
889.0 0.002144004793080967
890.0 0.002130353095708415
891.0 0.002260609471704811
892.0 0.002390865847701207
893.0 0.0024275233954540454
894.0 0.0024641805794090033
895.0 0.002950975249405019
896.0 0.003437769555603154
897.0 0.003898214708897285
898.0 0.004358659498393536
899.0 0.004492477455642074
900.0 0.004626294321496971
901.0 0.004453683868632652
902.0 0.004281073415768333
903.0 0.004615539364749566
904.0 0.004950005677528679
905.0 0.005065921868663281
906.0 0.005181838059797883
907.0 0.005589203647105023
908.0 0.005996568870614283
909.0 0.006011504228808917
910.0 0.006026439223205671
911.0 0.006012419908074662
912.0 0.0059984005929436535
913.0 0.005897547089261934
914.0 0.005796693221782334
915.0 0.005199987572268583
916.0 0.004603282286552712
917.0 0.004162589902989566
918.0 0.0037218975194264203
919.0 0.003977608139393851
920.0 0.004233318395563401
921.0 0.004577611616696231
922.0 0.004921904837829061
923.0 0.005915477231610566
924.0 0.006909047078806907
925.0 0.006986783409956843
926.0 0.007064519013511017
927.0 0.007704019662924111
928.0 0.00834351740195416
929.0 0.008136659016599879
930.0 0.00792980135884136
931.0 0.007379311136901379
932.0 0.006828819459769875
933.0 0.006681258673779666
934.0 0.006533697887789458
935.0 0.0065988955611828715
936.0 0.006664093962172046
937.0 0.007113769243005663
938.0 0.007563448161818087
939.0 0.007437997555825859
940.0 0.007312547677429393
941.0 0.00638892815914005
942.0 0.0054653079132549465
943.0 0.00458009890280664
944.0 0.003694889892358333
945.0 0.002806405973387882
946.0 0.001917922418215312
947.0 0.0017808137272368185
948.0 0.0016437052181572653
949.0 0.0014728409951203503
950.0 0.001301976681133965
951.0 0.001109557160816621
952.0 0.0009171374586003367
953.0 0.0012938863619638141
954.0 0.001670635538175702
955.0 0.0023338900064118207
956.0 0.002997144474647939
957.0 0.002971270259877201
958.0 0.0029453951356117614
959.0 0.0031318999390350655
960.0 0.0033184041967615485
961.0 0.003807435859926045
962.0 0.004296467159292661
963.0 0.0044466505642049015
964.0 0.004596834332915023
965.0 0.004749869549414143
966.0 0.004902905493509024
967.0 0.004771236126543954
968.0 0.004639567123376764
969.0 0.004638088648789562
970.0 0.004636609446606599
971.0 0.004910408824798651
972.0 0.005184207839192823
973.0 0.004916318357572891
974.0 0.004648428512155078
975.0 0.004461954449652694
976.0 0.0042754796595545486
977.0 0.004030760101159103
978.0 0.003786040178965777
979.0 0.003359812035341747
980.0 0.002933583346020896
981.0 0.0030095892725512385
982.0 0.00308559465338476
983.0 0.003171175194438547
984.0 0.0032567550078965724
985.0 0.003623657175921835
986.0 0.003990560071542859
987.0 0.004441136843524873
988.0 0.004891713251709007
989.0 0.005962436625850387
990.0 0.007033158908598125
991.0 0.0070660869823768735
992.0 0.007099015783751383
993.0 0.007674982771277428
994.0 0.008250949758803472
995.0 0.007874609582358971
996.0 0.0074982657679356635
997.0 0.0071016838774085045
998.0 0.006705102714477107
999.0 0.006420445424737409
1000.0 0.006135790317784995
1001.0 0.005810281800222583
1002.0 0.005484775101649575
1003.0 0.0049597525503486395
1004.0 0.004434730362845585
1005.0 0.004723261736216955
1006.0 0.005011792381992564
1007.0 0.0047943722165655345
1008.0 0.004576949868351221
1009.0 0.004225666998536326
1010.0 0.0038743848563171923
1011.0 0.003794501390075311
1012.0 0.003714617560035549
1013.0 0.00331545525114052
1014.0 0.002916293124144431
1015.0 0.002474265238561202
1016.0 0.0020322373529779725
1017.0 0.0019188433725503273
1018.0 0.0018054492102237418
1019.0 0.0016362089809263125
1020.0 0.001466968660679413
1021.0 0.001283017536479747
1022.0 0.0010990663213306107
1023.0 0.0011143301890115254
1024.0 0.00112959405669244
1025.0 0.0012154103387729265
1026.0 0.0013012268027523533
1027.0 0.0012343459275143687
1028.0 0.0011674647794279736
1029.0 0.0013149723599781282
1030.0 0.001462480486225104
1031.0 0.0019891565898433328
1032.0 0.002515832966309972
1033.0 0.0023490878447773866
1034.0 0.002182342723244801
1035.0 0.002371401569689624
1036.0 0.002560460052336566
1037.0 0.002871404831239488
1038.0 0.00318234961014241
1039.0 0.002920610313594807
1040.0 0.002658871380845085
1041.0 0.002190901795984246
1042.0 0.0017229325749212876
1043.0 0.001738927312544547
1044.0 0.0017549222320667468
1045.0 0.0018824530343408696
1046.0 0.002009984200412873
1047.0 0.001881690877780784
1048.0 0.0017533975551486947
1049.0 0.0015439936760230921
1050.0 0.0013345890693017282
1051.0 0.0013013899661018513
1052.0 0.001268190135306213
1053.0 0.0008924212124838959
1054.0 0.0005166520168131683
1055.0 0.0003062132009290508
1056.0 9.57746692620276e-05
1057.0 0.0010302403097739443
1058.0 0.0019647059161798097
1059.0 0.0009982378287531901
1060.0 3.176994312070747e-05
1061.0 0.0011303264727757778
1062.0 0.0022288828404271044
1063.0 0.0018927845303551294
1064.0 0.0015566858564852737
1065.0 0.0010583220500848256
1066.0 0.000559958471058053
1067.0 7.604160714436148e-05
1068.0 1.6459279685715478e-10
1069.0 0.0013887495697417762
1070.0 0.0031853745895205066
1071.0 0.0016105323084047996
1072.0 3.569029729533213e-05
1073.0 0.0008828388672554865
1074.0 0.0017299871615250595
1075.0 0.0030654169677291065
1076.0 0.004400846592034213
1077.0 0.0048626814532326534
1078.0 0.005324517042026855
1079.0 0.0065267347963526845
1080.0 0.007728950004093349
1081.0 0.005973480438115075
1082.0 0.00421801014454104
1083.0 0.0031533731089439243
1084.0 0.0020887360733468086
1085.0 0.002451483851473313
1086.0 0.0028142312658019364
1087.0 0.0027609112294157967
1088.0 0.002707591193029657
1089.0 0.003722583642229438
1090.0 0.004737576455227099
1091.0 0.003375563392182812
1092.0 0.002013550329138525
1093.0 0.0016074418454081751
1094.0 0.0012013337254757062
1095.0 0.0012872653314843774
1096.0 0.0013731969374930486
1097.0 0.002355908691242803
1098.0 0.003338620808790438
1099.0 0.003696461135405116
1100.0 0.004054300734424032
