lsstCam/transmission_filter_detector/r23_s11/z_20/19700101T000000.ecsv
# %ECSV 1.0
# ---
# datatype:
# - {name: wavelength, unit: nm, datatype: float32}
# - {name: efficiency, unit: '%', datatype: float64}
# meta: !!omap
# - {MODE: DETECTOR}
# - {TYPE: transmission_filter_detector}
# - {CALIBDATE: '1970-01-01T00:00:00'}
# - {INSTRUME: LSSTCam}
# - {OBSTYPE: transmission_filter_detector}
# - {CALIBCLS: lsst.ip.isr.IntermediateFilterDetectorTransmissionCurve}
# - {SOURCE: Materion (DM-46256)}
# - {DETECTOR: 103}
# - {FILTER: z_20}
# - {CALIB_ID: 'calibDate=1970-01-01T00:00:00 filter=z_20 detector=103'}
# - {DATE: '2025-04-02T15:59:49.116249'}
# - {CALIB_CREATION_DATE: '2025-04-02'}
# - {CALIB_CREATION_TIME: '15:59:49'}
# - __serialized_columns__:
#     efficiency:
#       __class__: astropy.units.quantity.Quantity
#       unit: !astropy.units.Unit {unit: '%'}
#       value: !astropy.table.SerializedColumn {name: efficiency}
#     wavelength:
#       __class__: astropy.units.quantity.Quantity
#       unit: !astropy.units.Unit {unit: nm}
#       value: !astropy.table.SerializedColumn {name: wavelength}
# schema: astropy-2.0
wavelength efficiency
[from data line 597]
897.0 99.33102130889893
898.0 99.28963780403137
899.0 99.01177883148193
900.0 98.84949922561646
901.0 99.80688691139221
902.0 99.20922517776489
903.0 99.01935458183289
904.0 98.06178212165833
905.0 98.84191751480103
906.0 98.39131236076355
907.0 99.16317462921143
908.0 98.52840900421143
909.0 98.25474619865417
910.0 98.04679155349731
911.0 97.01252579689026
912.0 96.03385329246521
913.0 95.06598711013794
914.0 92.756587266922
915.0 90.75795412063599
916.0 88.42634558677673
917.0 87.02491521835327
918.0 83.45898985862732
919.0 82.56980180740356
920.0 79.45106029510498
921.0 75.826096534729
922.0 71.52958512306213
923.0 65.85684418678284
924.0 60.61939597129822
925.0 54.97632026672363
926.0 49.00561571121216
927.0 41.973039507865906
928.0 36.23148798942566
929.0 29.832488298416138
930.0 24.18832778930664
931.0 18.97682547569275
932.0 13.59504759311676
933.0 9.237232059240341
934.0 6.053382530808449
935.0 3.7051551043987274
936.0 2.1791303530335426
937.0 1.3611876405775547
938.0 0.8000032044947147
939.0 0.5018695257604122
940.0 0.35660560242831707
941.0 0.20411729346960783
942.0 1.5955325168709455e-10
943.0 0.09118703310377896
944.0 0.05083392607048154
945.0 0.03600982599891722
946.0 0.04515183391049504
947.0 1.5955325168709455e-10
948.0 0.05963444709777832
949.0 0.017182434385176748
950.0 1.5955325168709455e-10
951.0 0.06495385314337909
952.0 0.01927848206833005
953.0 0.04649698093999177
954.0 0.05111315404064953
955.0 0.04565678536891937
956.0 1.5955325168709455e-10
957.0 1.5955325168709455e-10
958.0 0.06205302779562771
959.0 0.03598719777073711
960.0 1.5955325168709455e-10
961.0 0.0644006417132914
962.0 0.017207847849931568
963.0 1.5955325168709455e-10
964.0 0.04237834655214101
965.0 0.04747050697915256
966.0 0.005677372973877937
967.0 0.08317054016515613
968.0 0.0212354731047526
969.0 0.04502678639255464
970.0 0.039554311661049724
971.0 1.5955325168709455e-10
972.0 1.5955325168709455e-10
973.0 1.5955325168709455e-10
974.0 0.02888645976781845
975.0 1.5955325168709455e-10
976.0 0.006597671745112166
977.0 0.00658184799249284
978.0 0.006566026422660798
979.0 0.006361152918543667
980.0 0.006156279414426535
981.0 0.0059874277212657034
982.0 0.005818575664306991
983.0 0.005731056444346905
984.0 0.005643537224386819
985.0 0.005440587483462878
986.0 0.0052376377425389364
987.0 0.005206727655604482
988.0 0.005175818296265788
989.0 0.005084749136585742
990.0 0.004993680340703577
991.0 0.005003422120353207
992.0 0.005013163900002837
993.0 0.004901801730738953
994.0 0.004790439561475068
995.0 0.004784383418154903
996.0 0.004778327638632618
997.0 0.004609790630638599
998.0 0.004441253622644581
999.0 0.004429593536769971
1000.0 0.004417933450895362
1001.0 0.004419582546688616
1002.0 0.004421231642481871
1003.0 0.00442224154539872
1004.0 0.004423251812113449
1005.0 0.004430251647136174
1006.0 0.004437251482158899
1007.0 0.00446625635959208
1008.0 0.00449526087322738
1009.0 0.004483695738599636
1010.0 0.00447213024017401
1011.0 0.004553065082291141
1012.0 0.004633999924408272
1013.0 0.004529331636149436
1014.0 0.00442466298409272
1015.0 0.004541156158666126
1016.0 0.004657649333239533
1017.0 0.004667523899115622
1018.0 0.004677398464991711
1019.0 0.004651599010685459
1020.0 0.0046257995563792065
1021.0 0.0047214070946210995
1022.0 0.004817014269065112
1023.0 0.004735992843052372
1024.0 0.004654971417039633
1025.0 0.004776884452439845
1026.0 0.004898797487840056
1027.0 0.004910929783363827
1028.0 0.0049230624426854774
1029.0 0.004881087443209253
1030.0 0.004839112443733029
1031.0 0.004985871055396274
1032.0 0.005132629303261638
1033.0 0.005157884152140468
1034.0 0.005183138637221418
1035.0 0.0052700284868478775
1036.0 0.005356917972676456
1037.0 0.005483421045937575
1038.0 0.005609924119198695
1039.0 0.005663885167450644
1040.0 0.005717846215702593
1041.0 0.0058160367188975215
1042.0 0.00591422722209245
1043.0 0.005717335079680197
1044.0 0.005520442209672183
1045.0 0.005968684854451567
1046.0 0.006416927499230951
1047.0 0.0063720020989421755
1048.0 0.0063270766986534
1049.0 0.0063368155679199845
1050.0 0.0063465537095908076
1051.0 0.00660043369862251
1052.0 0.006854313687654212
1053.0 0.007040429045446217
1054.0 0.007226545858429745
1055.0 0.007623818964930251
1056.0 0.00802109352662228
1057.0 0.00787352691986598
1058.0 0.007725961768301204
1059.0 0.007882446516305208
1060.0 0.008038930536713451
1061.0 0.008488762978231534
1062.0 0.008938596147345379
1063.0 0.009225077519658953
1064.0 0.009511559619568288
1065.0 0.009660272189648822
1066.0 0.009808986214920878
1067.0 0.009856849646894261
1068.0 0.009904714534059167
1069.0 0.010731963266152889
1070.0 0.011559210543055087
1071.0 0.011166843614773825
1072.0 0.010774478141684085
1073.0 0.011101289419457316
1074.0 0.011428100697230548
1075.0 0.01168814196716994
1076.0 0.011948186147492379
1077.0 0.012376833183225244
1078.0 0.01280548021895811
1079.0 0.013637937081512064
1080.0 0.01447039539925754
1081.0 0.01441425847588107
1082.0 0.014358120097313076
1083.0 0.014508195454254746
1084.0 0.01465827226638794
1085.0 0.015067325148265809
1086.0 0.015476376574952155
1087.0 0.016053419676609337
1088.0 0.016630464233458042
1089.0 0.017318857135251164
1090.0 0.018007248581852764
1091.0 0.017460582603234798
1092.0 0.016913913714233786
1093.0 0.017931245383806527
1094.0 0.018948575598187745
1095.0 0.019802832684945315
1096.0 0.02065708686131984
1097.0 0.020916473295073956
1098.0 0.021175859728828073
1099.0 0.022648049343843013
1100.0 0.024120236048474908
1101.0 0.024148581724148244
1102.0 0.024176924489438534
1103.0 0.025265439762733877
1104.0 0.026353957946412265
1105.0 0.02662644546944648
1106.0 0.026898932992480695
1107.0 0.02777505142148584
1108.0 0.028651169850490987
1109.0 0.02950963389594108
1110.0 0.030368100851774216
1111.0 0.03029529470950365
1112.0 0.030222494387999177
1113.0 0.03142209607176483
1114.0 0.03262169775553048
1115.0 0.033516972325742245
1116.0 0.03441224689595401
1117.0 0.03538595337886363
1118.0 0.03635965986177325
1119.0 0.03896784328389913
1120.0 0.04157602379564196
1121.0 0.043164927046746016
1122.0 0.04475383029785007
1123.0 0.04516484041232616
1124.0 0.045575847616419196
1125.0 0.04636891244444996
1126.0 0.04716198018286377
1127.0 0.050557602662593126
1128.0 0.053953228052705526
1129.0 0.055366341257467866
1130.0 0.056779454462230206
1131.0 0.06001180154271424
1132.0 0.06324414280243218
1133.0 0.06439634598791599
1134.0 0.06554854335263371
1135.0 0.06582826026715338
1136.0 0.06610797136090696
1137.0 0.07369432132691145
1138.0 0.08128068293444812
1139.0 0.08362882072106004
1140.0 0.08597695268690586
1141.0 0.09796265512704849
1142.0 0.10994835756719112
1143.0 0.13490739511325955
1144.0 0.15986643265932798
1145.0 0.30835571233183146
1146.0 0.456845061853528
1147.0 0.9688333608210087
1148.0 1.480821706354618
1149.0 1.6509532928466797
1150.0 1.821085810661316
