lsstCam/transmission_filter_detector/r23_s11/z_20/19700101T000000.ecsv
# %ECSV 1.0
# ---
# datatype:
# - {name: wavelength, unit: nm, datatype: float32}
# - {name: efficiency, unit: '%', datatype: float64}
# meta: !!omap
# - {MODE: DETECTOR}
# - {TYPE: transmission_filter_detector}
# - {CALIBDATE: '1970-01-01T00:00:00'}
# - {INSTRUME: LSSTCam}
# - {OBSTYPE: transmission_filter_detector}
# - {CALIBCLS: lsst.ip.isr.IntermediateFilterDetectorTransmissionCurve}
# - {SOURCE: Materion (DM-46256)}
# - {DETECTOR: 103}
# - {FILTER: z_20}
# - {CALIB_ID: 'calibDate=1970-01-01T00:00:00 filter=z_20 detector=103'}
# - {DATE: '2025-04-02T15:59:49.116249'}
# - {CALIB_CREATION_DATE: '2025-04-02'}
# - {CALIB_CREATION_TIME: '15:59:49'}
# - __serialized_columns__:
#     efficiency:
#       __class__: astropy.units.quantity.Quantity
#       unit: !astropy.units.Unit {unit: '%'}
#       value: !astropy.table.SerializedColumn {name: efficiency}
#     wavelength:
#       __class__: astropy.units.quantity.Quantity
#       unit: !astropy.units.Unit {unit: nm}
#       value: !astropy.table.SerializedColumn {name: wavelength}
# schema: astropy-2.0
wavelength efficiency
300.0 0.5477655678987503
301.0 0.4182452801615
302.0 0.288725015707314
303.0 0.2629355760291219
304.0 0.2371461596339941
305.0 0.20689712837338448
306.0 0.17664808547124267
307.0 0.15911213122308254
308.0 0.14157616533339024
309.0 0.1357130240648985
310.0 0.12984988279640675
311.0 0.12205359525978565
312.0 0.11425731936469674
313.0 0.10889744153246284
314.0 0.10353754041716456
315.0 0.0921160914003849
316.0 0.08069463656283915
317.0 0.07257811957970262
318.0 0.06446161423809826
319.0 0.06799774128012359
320.0 0.07153386832214892
321.0 0.06573760183528066
322.0 0.059941335348412395
323.0 0.0572545628529042
324.0 0.05456779035739601
325.0 0.04774648114107549
326.0 0.04092517483513802
327.0 0.04013644647784531
328.0 0.039347715210169554
329.0 0.035967136500403285
330.0 0.03258656070102006
331.0 0.030337105272337794
332.0 0.028087649843655527
333.0 0.027416134253144264
334.0 0.02674461284186691
335.0 0.025418036966584623
336.0 0.024091459636110812
337.0 0.023900640371721238
338.0 0.02370981965214014
339.0 0.021519639994949102
340.0 0.01932946324814111
341.0 0.01845077786128968
342.0 0.01757209247443825
343.0 0.016022028285078704
344.0 0.014471964095719159
345.0 0.014037750952411443
346.0 0.013603536353912205
347.0 0.013191763719078153
348.0 0.012779992539435625
349.0 0.013436010340228677
350.0 0.014092026685830206
351.0 0.013069919077679515
352.0 0.01204780928674154
353.0 0.013390035019256175
354.0 0.01473226147936657
355.0 0.012451829388737679
356.0 0.010171395842917264
357.0 0.010548760474193841
358.0 0.01092612583306618
359.0 0.010356510028941557
360.0 0.00978689276962541
361.0 0.009002724254969507
362.0 0.008218557923100889
363.0 0.008254204294644296
364.0 0.008289850666187704
365.0 0.008507414895575494
366.0 0.008724981307750568
367.0 0.00855294056236744
368.0 0.008380900544580072
369.0 0.008657923171995208
370.0 0.008934945799410343
371.0 0.00828100528451614
372.0 0.007627064042026177
373.0 0.006927130743861198
374.0 0.006227198173291981
375.0 0.006270435551414266
376.0 0.006313673657132313
377.0 0.0067096239945385605
378.0 0.007105573604349047
379.0 0.006208326522028074
380.0 0.005311079803504981
381.0 0.004525791882770136
382.0 0.003740503962035291
383.0 0.004466504469746724
384.0 0.005192505705053918
385.0 0.004904335219180211
386.0 0.004616164369508624
387.0 0.005107402103021741
388.0 0.0055986402003327385
389.0 0.005127186159370467
390.0 0.004655732482206076
391.0 0.004379179517854936
392.0 0.0041026265535037965
393.0 0.004587601142702624
394.0 0.005072576095699333
395.0 0.004432857167557813
396.0 0.003793137875618413
397.0 0.0039358201320283115
398.0 0.004078502024640329
399.0 0.004119646837352775
400.0 0.004160792377660982
401.0 0.004404734499985352
402.0 0.004648676986107603
403.0 0.0045908716856502
404.0 0.004533066385192797
405.0 0.004116608761250973
406.0 0.0037001515011070296
407.0 0.003125090734101832
408.0 0.0025500305127934553
409.0 0.00293448829324916
410.0 0.003318946255603805
411.0 0.0037794878153363243
412.0 0.004240029375068843
413.0 0.004052542499266565
414.0 0.0038650556234642863
415.0 0.0035362332710064948
416.0 0.003207410918548703
417.0 0.003587011815398
418.0 0.003966612712247297
419.0 0.00361856582458131
420.0 0.003270519300713204
421.0 0.003714542617672123
422.0 0.004158565934631042
423.0 0.00380945966753643
424.0 0.003460353400441818
425.0 0.002735734415182378
426.0 0.0020111154299229383
427.0 0.002386709638813045
428.0 0.002762303665804211
429.0 0.002328166192455683
430.0 0.0018940290829050355
431.0 0.001346539102087263
432.0 0.00079904884842108
433.0 0.0012292179235373624
434.0 0.0016593870896031149
435.0 0.0016379450244130567
436.0 0.0016165031411219388
437.0 0.0017112937712226994
438.0 0.0018060845832224004
439.0 0.0022432137484429404
440.0 0.00268034273176454
441.0 0.002368190689594485
442.0 0.00205603882932337
443.0 0.0025419934900128283
444.0 0.003027947968803346
445.0 0.0031216310162562877
446.0 0.00321531442750711
447.0 0.0026060743039124645
448.0 0.0019968339984188788
449.0 0.0021913007003604434
450.0 0.0023857675842009485
451.0 0.0021459858544403687
452.0 0.0019062037608819082
453.0 0.0017206701159011573
454.0 0.0015351364709204063
455.0 0.0020314257199061103
456.0 0.0025277151507907547
457.0 0.0019119370335829444
458.0 0.0012961592801730148
459.0 0.0015105439160834067
460.0 0.0017249283700948581
461.0 0.0013669377040059771
462.0 0.001008946946967626
463.0 0.0014703999113407917
464.0 0.0019318529666634277
465.0 0.0019210412574466318
466.0 0.0019102299120277166
467.0 0.0018688026102609001
468.0 0.0018273751265951432
469.0 0.0015180384252744261
470.0 0.0012087018149031792
471.0 0.0012007028090010863
472.0 0.0011927037121495232
473.0 0.0012413066542649176
474.0 0.0012899094144813716
475.0 0.0011982270734733902
476.0 0.0011065446415159386
477.0 0.0012991609764867462
478.0 0.0014917770386091433
479.0 0.0017648613720666617
480.0 0.0020379455236252397
481.0 0.0015361969417426735
482.0 0.0010344485417590477
483.0 0.0009144850082520861
484.0 0.0007945214747451246
485.0 0.0009900140867102891
486.0 0.0011855066986754537
487.0 0.0013362398931349162
488.0 0.0014869730875943787
489.0 0.0018102522517438047
490.0 0.0021335314158932306
491.0 0.002067613968392834
492.0 0.002001696338993497
493.0 0.0021196699890424497
494.0 0.0022376438209903426
495.0 0.001782713115972001
496.0 0.0013277824109536596
497.0 0.0012771534784405958
498.0 0.001226524545927532
499.0 0.0011609224202402402
500.0 0.0010953202945529483
501.0 0.000982249366643373
502.0 0.0008691784387337975
503.0 0.0012187518223072402
504.0 0.001568325205880683
505.0 0.0018942720998893492
506.0 0.0022202189938980155
507.0 0.0018991764591191895
508.0 0.0015781339243403636
509.0 0.0016144280380103737
510.0 0.0016507223335793242
511.0 0.001498873552918667
512.0 0.0013470247722580098
513.0 0.0014753789400856476
514.0 0.0016037334717111662
515.0 0.0012282181160117034
516.0 0.0008527030331606511
517.0 0.0011145558346470352
518.0 0.0013764088180323597
519.0 0.0013169663361622952
520.0 0.0012575236723932903
521.0 0.0015346993677667342
522.0 0.0018118751540896483
523.0 0.0013973452041682322
524.0 0.0009828150723478757
525.0 0.000821133562567411
526.0 0.0006594520527869463
527.0 0.0009532899639452808
528.0 0.0012471280570025556
529.0 0.0012714946024061646
530.0 0.001295860784011893
531.0 0.0013430185390461702
532.0 0.001390176112181507
533.0 0.0009090854291571304
534.0 0.0004279947916074889
535.0 0.0008914088539313525
536.0 0.001354822870780481
537.0 0.001531533052911982
538.0 0.0017082435078918934
539.0 0.0014503460988635197
540.0 0.0011924483260372654
541.0 0.001085144413082162
542.0 0.0009778405910765287
543.0 0.0011506791452120524
544.0 0.0013235178812465165
545.0 0.0010782966455735732
546.0 0.0008330754099006299
547.0 0.0013501939974958077
548.0 0.0018673124941415153
549.0 0.0016763709936640225
550.0 0.0014854292203381192
551.0 0.0016250314729404636
552.0 0.0017646336345933378
553.0 0.0018139538951800205
554.0 0.0018632739738677628
555.0 0.0013963251149107236
556.0 0.0009293761650042143
557.0 0.0012816344678867608
558.0 0.0016338928617187776
559.0 0.0014694775927637238
560.0 0.0013050621419097297
561.0 0.00126237127915374
562.0 0.0012196803254482802
563.0 0.0011695751709339675
564.0 0.0011194700164196547
565.0 0.00154942517838208
566.0 0.0019793804312939756
567.0 0.002312394281034358
568.0 0.0026454077669768594
569.0 0.0026462665118742734
570.0 0.0026471254386706278
571.0 0.0024394817955908366
572.0 0.0022318377887131646
573.0 0.0017785914678825065
574.0 0.0013253451470518485
575.0 0.001804143721528817
576.0 0.002282942114106845
577.0 0.0021222143914201297
578.0 0.0019614866687334143
579.0 0.001956451524165459
580.0 0.0019514161976985633
581.0 0.0018096059648087248
582.0 0.0016677953681210056
583.0 0.002109059460053686
584.0 0.002550323370087426
585.0 0.002558840060373768
586.0 0.00256735656876117
587.0 0.0019980307115474716
588.0 0.0014287045814853627
589.0 0.0017672871763352305
590.0 0.0021058698621345684
591.0 0.0017698799638310447
592.0 0.0014338901564769913
593.0 0.001127946325141238
594.0 0.0008220024938054848
595.0 0.0011500789696583524
596.0 0.0014781556274101604
597.0 0.0012187447282485664
598.0 0.0009593339200364426
599.0 0.001035378772940021
600.0 0.0011114238077425398
601.0 0.0009836853678280022
602.0 0.0008559470188629348
603.0 0.0012242746379342861
604.0 0.0015926021660561673
605.0 0.001351974242425058
606.0 0.0011113463187939487
607.0 0.000995480422716355
608.0 0.0008796146175882313
609.0 0.0010744405699369963
610.0 0.0012692664313362911
611.0 0.0009722147296997719
612.0 0.0006751630280632526
613.0 0.0007001109224802349
614.0 0.000725058725947747
615.0 0.0009766129551280756
616.0 0.001228167184308404
617.0 0.0016636318832752295
618.0 0.0020990968550904654
619.0 0.0019105242245132104
620.0 0.001721951412037015
621.0 0.0018401984561933205
622.0 0.001958444954652805
623.0 0.0016949546989053488
624.0 0.0014314645341073629
625.0 0.0014602652299799956
626.0 0.0014890659258526284
627.0 0.001680677269177977
628.0 0.0018722890672506765
629.0 0.0019543280359357595
630.0 0.0020363673684187233
631.0 0.002197917456214782
632.0 0.0023594671802129596
633.0 0.0025903533241944388
634.0 0.0028212392862769775
635.0 0.0056808581575751305
636.0 0.008540476846974343
637.0 0.015474720566999167
638.0 0.02240896428702399
639.0 0.02017594379140064
640.0 0.017942926206160337
641.0 0.015253825404215604
642.0 0.012564727512653917
643.0 0.009677217894932255
644.0 0.006789709004806355
645.0 0.006614717858610675
646.0 0.006439726712414995
647.0 0.0061836639360990375
648.0 0.005927600432187319
649.0 0.004607801747624762
650.0 0.003288003063062206
651.0 0.0035536573705030605
652.0 0.003819312041741796
653.0 0.0030903047445463017
654.0 0.002361297265451867
655.0 0.002352696355956141
656.0 0.0023440958102582954
657.0 0.0025567662305547856
658.0 0.0027694361051544547
659.0 0.0024003062208066694
660.0 0.002031176154559944
661.0 0.002155211586796213
662.0 0.002279247019032482
663.0 0.00197805911739124
664.0 0.001676871397648938
665.0 0.0018665923562366515
666.0 0.0020563134967233054
667.0 0.002316682548553217
668.0 0.0025770514184841886
669.0 0.0018455633835401386
670.0 0.0011140753485960886
671.0 0.001068494384526275
672.0 0.0010229135114059318
673.0 0.001287214854528429
674.0 0.001551516106701456
675.0 0.001622108720766846
676.0 0.0016927011529332958
677.0 0.0017559779735165648
678.0 0.0018192547940998338
679.0 0.0014954758626117837
680.0 0.0011716970220732037
681.0 0.0012978492122783791
682.0 0.0014240012205846142
683.0 0.002243221206299495
684.0 0.0030624414648627862
685.0 0.002760205461527221
686.0 0.0024579698219895363
687.0 0.0018677028492675163
688.0 0.001277435785596026
689.0 0.0016976002370938659
690.0 0.002117764415743295
691.0 0.002229477104265243
692.0 0.00234118961088825
693.0 0.0027061960281571373
694.0 0.003071202809223905
695.0 0.003073053085245192
696.0 0.003074903361266479
697.0 0.003486781133688055
698.0 0.0038986585423117504
699.0 0.005418990622274578
700.0 0.006939324521226808
701.0 0.007160483801271766
702.0 0.007381642353720963
703.0 0.006336260412354022
704.0 0.005290878107189201
705.0 0.004665983578888699
706.0 0.004041087959194556
707.0 0.0036975619877921417
708.0 0.003354035288793966
709.0 0.003916213609045371
710.0 0.004478391929296777
711.0 0.0040954313590191305
712.0 0.0037124707887414843
713.0 0.0028529550036182627
714.0 0.001993439218495041
715.0 0.0021768350052298047
716.0 0.002360230791964568
717.0 0.002091893657052424
718.0 0.001823556340241339
719.0 0.0016171006791410036
720.0 0.0014106446542427875
721.0 0.0011962245480390266
722.0 0.000981804078037385
723.0 0.0011605743566178717
724.0 0.001339344453299418
725.0 0.0014056171494303271
726.0 0.0014718900274601765
727.0 0.0013518597370421048
728.0 0.0012318291737756226
729.0 0.0014036396351002622
730.0 0.0015754500054754317
731.0 0.0014897635992383584
732.0 0.001404077102051815
733.0 0.0015914527466520667
734.0 0.0017788284822017886
735.0 0.0015690002328483388
736.0 0.0013591716196970083
737.0 0.0012919669643451925
738.0 0.0012247621270944364
739.0 0.001480613718740642
740.0 0.0017364651284879074
741.0 0.0015777906810399145
742.0 0.0014191163245413918
743.0 0.0018222983271698467
744.0 0.002225480056949891
745.0 0.0018247934349346906
746.0 0.0014241069038689602
747.0 0.0016085357856354676
748.0 0.0017929645764525048
749.0 0.002430447784718126
750.0 0.0030679311748826876
751.0 0.00293388293357566
752.0 0.0027998346922686324
753.0 0.0029273103791638277
754.0 0.003054786066059023
755.0 0.0021963141989544965
756.0 0.0013378425137489103
757.0 0.0019448987586656585
758.0 0.002551955003582407
759.0 0.0027578480512602255
760.0 0.0029637407351401635
761.0 0.004454833469935693
762.0 0.005945927478023805
763.0 0.005824020263389684
764.0 0.0057021134125534445
765.0 0.00544236900168471
766.0 0.005182624954613857
767.0 0.0045566372136818245
768.0 0.003930648745154031
769.0 0.004156688373768702
770.0 0.004382728366181254
771.0 0.004429263572092168
772.0 0.004475799141800962
773.0 0.004082617306266911
774.0 0.0036894354707328603
775.0 0.05724836955778301
776.0 0.06223630043677986
777.0 1.5955325168709455e-10
778.0 1.5955325168709455e-10
779.0 0.042827342986129224
780.0 0.002907206362579018
781.0 0.047280400758609176
782.0 1.5955325168709455e-10
783.0 1.5955325168709455e-10
784.0 1.5955325168709455e-10
785.0 0.05779369384981692
786.0 0.13810149393975735
787.0 0.018392238416709006
788.0 1.5955325168709455e-10
789.0 0.009990013495553285
790.0 0.07018779870122671
791.0 1.5955325168709455e-10
792.0 1.5955325168709455e-10
793.0 0.03992028359789401
794.0 0.05594241083599627
795.0 0.01656533422647044
796.0 1.5955325168709455e-10
797.0 0.11258817976340652
798.0 0.0110594104626216
799.0 0.09517535218037665
800.0 0.16761478036642075
801.0 0.3454249119386077
802.0 0.36099590361118317
803.0 0.7004237733781338
804.0 1.225588470697403
805.0 1.687539555132389
806.0 2.878204360604286
807.0 4.375093430280685
808.0 6.28620833158493
809.0 8.513697981834412
810.0 11.247902363538742
811.0 14.33962732553482
812.0 17.571061849594116
813.0 20.828132331371307
814.0 23.29823523759842
815.0 26.549476385116577
816.0 30.837196111679077
817.0 36.03889048099518
818.0 41.55089259147644
819.0 46.97337448596954
820.0 54.26048040390015
821.0 61.8893563747406
822.0 68.36156249046326
823.0 74.70186948776245
824.0 80.87309002876282
825.0 85.89057326316833
826.0 90.28515219688416
827.0 93.73791217803955
828.0 96.6383695602417
829.0 98.17919731140137
830.0 98.67199063301086
831.0 99.39217567443848
832.0 98.81965517997742
833.0 100.04777908325195
834.0 98.8885223865509
835.0 99.49235916137695
836.0 99.3813157081604
837.0 99.24842119216919
838.0 98.513263463974
839.0 98.6912190914154
840.0 99.26732778549194
841.0 99.89116787910461
842.0 99.57968592643738
843.0 100.0508189201355
844.0 98.54239821434021
845.0 98.78397583961487
846.0 99.08621311187744
847.0 99.11824464797974
848.0 100.33864974975586
849.0 98.98438453674316
850.0 98.25078248977661
851.0 99.02233481407166
852.0 99.19819831848145
853.0 99.12992119789124
854.0 100.02977848052979
855.0 98.75801801681519
856.0 99.04425740242004
857.0 98.08486104011536
858.0 98.81793260574341
859.0 99.5337963104248
860.0 98.83374571800232
861.0 98.95647168159485
862.0 98.91339540481567
863.0 98.46045970916748
864.0 99.48878884315491
865.0 99.72987771034241
866.0 98.5076904296875
867.0 99.40302968025208
868.0 99.59162473678589
869.0 98.98898005485535
870.0 98.30133318901062
871.0 98.71951937675476
872.0 99.36034083366394
873.0 99.35307502746582
874.0 99.99662637710571
875.0 99.23252463340759
876.0 99.08323884010315
877.0 99.5190441608429
878.0 99.42790269851685
879.0 99.06889796257019
880.0 98.71363043785095
881.0 100.09284019470215
882.0 99.10793900489807
883.0 99.04702305793762
884.0 99.12658333778381
885.0 99.28234815597534
886.0 98.81911873817444
887.0 98.91622066497803
888.0 99.33520555496216
889.0 99.75354075431824
890.0 98.57670664787292
891.0 99.84579086303711
892.0 99.16833639144897
893.0 98.83739948272705
894.0 98.6205518245697
895.0 99.93637800216675
