ts8/qe_curve/rtm-024_s11/19700101T000000.ecsv
# %ECSV 0.9
# ---
# datatype:
# - {name: amp_name, datatype: string}
# - {name: wavelength, unit: nm, datatype: float32}
# - {name: efficiency, unit: '%', datatype: float32}
# meta: !!omap
# - {MODE: AMP}
# - {TYPE: QE}
# - {CALIBDATE: '1970-01-01T00:00:00'}
# - {INSTRUME: TS8}
# - {OBSTYPE: qe_curve}
# - {DETECTOR: 175}
# - {PICKLEFILE: RaftRun11351.p}
# - {CALIB_ID: 'raftName=RTM-024 detectorName=S11 detector=175 calibDate=1970-01-01T00:00:00 ccd=175 ccdnum=175 filter=None'}
# - {DATE: '2020-07-23T19:15:54.807429'}
# - {CALIB_CREATION_DATE: '2020-07-23'}
# - {CALIB_CREATION_TIME: '19:15:54'}
# - __serialized_columns__:
#     efficiency:
#       __class__: astropy.units.quantity.Quantity
#       unit: !astropy.units.Unit {unit: '%'}
#       value: !astropy.table.SerializedColumn {name: efficiency}
#     wavelength:
#       __class__: astropy.units.quantity.Quantity
#       unit: !astropy.units.Unit {unit: nm}
#       value: !astropy.table.SerializedColumn {name: wavelength}
# schema: astropy-2.0
amp_name wavelength efficiency
C07 319.994 41.678497
C07 324.969 47.03198
C07 349.982 72.31883
C07 374.975 80.60525
C07 400.019 87.207344
C07 424.965 87.61627
C07 450.035 88.46065
C07 475.003 90.44689
C07 500.018 92.36026
C07 525.002 94.27633
C07 550.029 95.833626
C07 575.023 96.6286
C07 599.982 98.23527
C07 619.997 98.510605
C07 624.979 98.65383
C07 650.012 99.1213
C07 675.004 99.458275
C07 700.03 98.84231
C07 725.012 98.18828
C07 750.022 98.237526
C07 774.987 98.18044
C07 799.976 97.292755
C07 824.988 95.50722
C07 850.022 93.58279
C07 869.967 90.555786
C07 875.002 90.11656
C07 899.999 83.11144
C07 919.999 73.955666
C07 925.012 71.92452
C07 949.965 57.73074
C07 975.002 42.943348
C07 999.976 25.778551
C07 1025.028 11.088698
C07 1050.014 3.935192
C07 1075.002 2.1103096
C07 1099.99 1.5432811
C05 319.994 41.2654
C05 324.969 46.56801
C05 349.982 71.534706
C05 374.975 79.786606
C05 400.019 86.7414
C05 424.965 87.34785
C05 450.035 88.30349
C05 475.003 90.35627
C05 500.018 92.31553
C05 525.002 94.25515
C05 550.029 95.828445
C05 575.023 96.63508
C05 599.982 98.24957
C05 619.997 98.52706
C05 624.979 98.66914
C05 650.012 99.13592
C05 675.004 99.47089
C05 700.03 98.83918
C05 725.012 98.15091
C05 750.022 98.149376
C05 774.987 98.04001
C05 799.976 97.13708
C05 824.988 95.36557
C05 850.022 93.43089
C05 869.967 90.427536
C05 875.002 89.992744
C05 899.999 83.05725
C05 919.999 74.07119
C05 925.012 72.02149
C05 949.965 57.702263
C05 975.002 42.93415
C05 999.976 25.7606
C05 1025.028 11.074214
C05 1050.014 3.9150264
C05 1075.002 2.1039522
C05 1099.99 1.53965
C00 319.994 39.932053
C00 324.969 45.058727
C00 349.982 68.88751
C00 374.975 77.0152
C00 400.019 85.114296
C00 424.965 86.39555
C00 450.035 87.719055
C00 475.003 89.98648
C00 500.018 92.084625
C00 525.002 94.11338
C00 550.029 95.74197
C00 575.023 96.578064
C00 599.982 98.20833
C00 619.997 98.49294
C00 624.979 98.635956
C00 650.012 99.10537
C00 675.004 99.43862
C00 700.03 98.8082
C00 725.012 98.12303
C00 750.022 98.126785
C00 774.987 98.03157
C00 799.976 97.14702
C00 824.988 95.390785
C00 850.022 93.41009
C00 869.967 90.54117
C00 875.002 90.09649
C00 899.999 83.17352
C00 919.999 73.88626
C00 925.012 71.71498
C00 949.965 57.66055
C00 975.002 43.263306
C00 999.976 26.075699
C00 1025.028 11.263272
C00 1050.014 3.892371
C00 1075.002 2.0813422
C00 1099.99 1.5394112
C11 319.994 38.941418
C11 324.969 43.928574
C11 349.982 66.9991
C11 374.975 75.2014
C11 400.019 84.13473
C11 424.965 85.86006
C11 450.035 87.41419
C11 475.003 89.82062
C11 500.018 92.0056
C11 525.002 94.09073
C11 550.029 95.752365
C11 575.023 96.61014
C11 599.982 98.25243
C11 619.997 98.54615
C11 624.979 98.68997
C11 650.012 99.167534
C11 675.004 99.50082
C11 700.03 98.8627
C11 725.012 98.16053
C11 750.022 98.14206
C11 774.987 98.03019
C11 799.976 97.15905
C11 824.988 95.448135
C11 850.022 93.55589
C11 869.967 90.6644
C11 875.002 90.21671
C11 899.999 83.42126
C11 919.999 74.331116
C11 925.012 72.12748
C11 949.965 57.79968
C11 975.002 43.310093
C11 999.976 26.004879
C11 1025.028 11.154584
C11 1050.014 3.9098082
C11 1075.002 2.1189888
C11 1099.99 1.5583609
C17 319.994 40.63005
C17 324.969 45.845837
C17 349.982 70.37579
C17 374.975 78.72487
C17 400.019 86.18546
C17 424.965 87.04723
C17 450.035 88.1299
C17 475.003 90.25922
C17 500.018 92.27227
C17 525.002 94.249
C17 550.029 95.847466
C17 575.023 96.66901
C17 599.982 98.29683
C17 619.997 98.58326
C17 624.979 98.72833
C17 650.012 99.20713
C17 675.004 99.5505
C17 700.03 98.93164
C17 725.012 98.275505
C17 750.022 98.3231
C17 774.987 98.269
C17 799.976 97.41222
C17 824.988 95.662445
C17 850.022 93.75573
C17 869.967 90.814804
C17 875.002 90.36744
C17 899.999 83.4079
C17 919.999 74.28135
C17 925.012 72.10516
C17 949.965 57.54109
C17 975.002 43.11614
C17 999.976 25.95694
C17 1025.028 11.2431135
C17 1050.014 3.9580412
C17 1075.002 2.1203682
C17 1099.99 1.5484952
C01 319.994 40.16363
C01 324.969 45.322273
C01 349.982 69.42058
C01 374.975 77.66726
C01 400.019 85.5466
C01 424.965 86.678215
C01 450.035 87.91123
C01 475.003 90.126564
C01 500.018 92.19292
C01 525.002 94.20612
C01 550.029 95.824425
C01 575.023 96.65477
C01 599.982 98.28983
C01 619.997 98.57575
C01 624.979 98.71943
C01 650.012 99.19383
C01 675.004 99.53294
C01 700.03 98.903885
C01 725.012 98.21021
C01 750.022 98.20197
C01 774.987 98.09055
C01 799.976 97.19661
C01 824.988 95.428154
C01 850.022 93.43869
C01 869.967 90.48239
C01 875.002 90.04872
C01 899.999 83.18722
C01 919.999 73.960625
C01 925.012 71.81029
C01 949.965 57.416927
C01 975.002 43.12361
C01 999.976 25.970783
C01 1025.028 11.237824
C01 1050.014 3.8990927
C01 1075.002 2.0809639
C01 1099.99 1.5339847
C06 319.994 41.4988
C06 324.969 46.833904
C06 349.982 72.09005
C06 374.975 80.45745
C06 400.019 87.15293
C06 424.965 87.60177
C06 450.035 88.46616
C06 475.003 90.46659
C06 500.018 92.39161
C06 525.002 94.31867
C06 550.029 95.8873
C06 575.023 96.688324
C06 599.982 98.30283
C06 619.997 98.58476
C06 624.979 98.72599
C06 650.012 99.20207
C06 675.004 99.545845
C06 700.03 98.92473
C06 725.012 98.2588
C06 750.022 98.28389
C06 774.987 98.199745
C06 799.976 97.30306
C06 824.988 95.52627
C06 850.022 93.60426
C06 869.967 90.57528
C06 875.002 90.13027
C06 899.999 83.169495
C06 919.999 74.10905
C06 925.012 72.04449
C06 949.965 57.747177
C06 975.002 42.972836
C06 999.976 25.776724
C06 1025.028 11.086709
C06 1050.014 3.9262636
C06 1075.002 2.108736
C06 1099.99 1.5433363
C02 319.994 40.549446
C02 324.969 45.755604
C02 349.982 70.102585
C02 374.975 78.33252
C02 400.019 86.01241
C02 424.965 87.02633
C02 450.035 88.19938
C02 475.003 90.38278
C02 500.018 92.426636
C02 525.002 94.42816
C02 550.029 96.03673
C02 575.023 96.86321
C02 599.982 98.48762
C02 619.997 98.77233
C02 624.979 98.91328
C02 650.012 99.384056
C02 675.004 99.718285
C02 700.03 99.08039
C02 725.012 98.37688
C02 750.022 98.36052
C02 774.987 98.232506
C02 799.976 97.3297
C02 824.988 95.55374
C02 850.022 93.56018
C02 869.967 90.63052
C02 875.002 90.18906
C02 899.999 83.222885
C02 919.999 74.12223
C02 925.012 71.96153
C02 949.965 57.59127
C02 975.002 43.114357
C02 999.976 25.91601
C02 1025.028 11.189391
C02 1050.014 3.914024
C02 1075.002 2.0934708
C02 1099.99 1.5348617
C15 319.994 40.359512
C15 324.969 45.540844
C15 349.982 69.70986
C15 374.975 77.93377
C15 400.019 85.792076
C15 424.965 86.886215
C15 450.035 88.10339
C15 475.003 90.31526
C15 500.018 92.378
C15 525.002 94.38169
C15 550.029 95.997116
C15 575.023 96.82495
C15 599.982 98.45668
C15 619.997 98.73623
C15 624.979 98.8813
C15 650.012 99.35557
C15 675.004 99.68919
C15 700.03 99.0508
C15 725.012 98.350685
C15 750.022 98.33867
C15 774.987 98.22673
C15 799.976 97.34579
C15 824.988 95.59516
C15 850.022 93.67408
C15 869.967 90.74821
C15 875.002 90.295555
C15 899.999 83.39031
C15 919.999 74.22599
C15 925.012 72.03506
C15 949.965 57.643
C15 975.002 43.11627
C15 999.976 25.963125
C15 1025.028 11.222769
C15 1050.014 3.914824
C15 1075.002 2.1082792
C15 1099.99 1.5472459
C04 319.994 41.08968
C04 324.969 46.366745
C04 349.982 71.15139
C04 374.975 79.38841
C04 400.019 86.55377
C04 424.965 87.28402
C04 450.035 88.304405
C04 475.003 90.39857
C04 500.018 92.380226
C04 525.002 94.34288
C04 550.029 95.927505
C04 575.023 96.73824
C04 599.982 98.35427
C04 619.997 98.6342
C04 624.979 98.775604
C04 650.012 99.24442
C04 675.004 99.574615
C04 700.03 98.93854
C04 725.012 98.24145
C04 750.022 98.227875
C04 774.987 98.102295
C04 799.976 97.189
C04 824.988 95.42239
C04 850.022 93.4737
C04 869.967 90.46469
C04 875.002 90.03523
C04 899.999 83.12207
C04 919.999 74.08192
C04 925.012 72.01671
C04 949.965 57.652184
C04 975.002 42.93743
C04 999.976 25.770832
C04 1025.028 11.084979
C04 1050.014 3.9154613
C04 1075.002 2.1014938
C04 1099.99 1.5391974
C14 319.994 40.160774
C14 324.969 45.3134
C14 349.982 69.23683
C14 374.975 77.408554
C14 400.019 85.52427
C14 424.965 86.7743
C14 450.035 88.08072
C14 475.003 90.347824
C14 500.018 92.44817
C14 525.002 94.479546
C14 550.029 96.099205
C14 575.023 96.936104
C14 599.982 98.56651
C14 619.997 98.84945
C14 624.979 98.99063
C14 650.012 99.46148
C14 675.004 99.78938
C14 700.03 99.14405
C14 725.012 98.42947
C14 750.022 98.40114
C14 774.987 98.273705
C14 799.976 97.38566
C14 824.988 95.637955
C14 850.022 93.7045
C14 869.967 90.7786
C14 875.002 90.34242
C14 899.999 83.3763
C14 919.999 74.31511
C14 925.012 72.20286
C14 949.965 57.57262
C14 975.002 43.206757
C14 999.976 26.074268
C14 1025.028 11.245703
C14 1050.014 3.9120998
C14 1075.002 2.105089
C14 1099.99 1.5478587
C10 319.994 38.39922
C10 324.969 43.31247
C10 349.982 65.996895
C10 374.975 74.182
C10 400.019 83.47981
C10 424.965 85.42762
C10 450.035 87.10346
C10 475.003 89.58102
C10 500.018 91.81392
C10 525.002 93.92803
C10 550.029 95.60987
C10 575.023 96.47898
C10 599.982 98.13101
C10 619.997 98.427956
C10 624.979 98.5726
C10 650.012 99.05272
C10 675.004 99.39288
C10 700.03 98.75882
C10 725.012 98.06993
C10 750.022 98.06731
C10 774.987 97.9746
C10 799.976 97.12067
C10 824.988 95.412224
C10 850.022 93.551765
C10 869.967 90.68066
C10 875.002 90.25922
C10 899.999 83.29561
C10 919.999 74.2642
C10 925.012 72.23622
C10 949.965 57.87447
C10 975.002 43.180534
C10 999.976 25.98536
C10 1025.028 11.151169
C10 1050.014 3.9342558
C10 1075.002 2.1270216
C10 1099.99 1.5608745
C16 319.994 40.526783
C16 324.969 45.73006
C16 349.982 70.11328
C16 374.975 78.38977
C16 400.019 85.97104
C16 424.965 86.90802
C16 450.035 88.03613
C16 475.003 90.18968
C16 500.018 92.21824
C16 525.002 94.20242
C16 550.029 95.80021
C16 575.023 96.623024
C16 599.982 98.25264
C16 619.997 98.53509
C16 624.979 98.67912
C16 650.012 99.15531
C16 675.004 99.4943
C16 700.03 98.86256
C16 725.012 98.18433
C16 750.022 98.19718
C16 774.987 98.11526
C16 799.976 97.24557
C16 824.988 95.49476
C16 850.022 93.5769
C16 869.967 90.65505
C16 875.002 90.18895
C16 899.999 83.270065
C16 919.999 74.192444
C16 925.012 71.97876
C16 949.965 57.48546
C16 975.002 43.10838
C16 999.976 25.912899
C16 1025.028 11.184545
C16 1050.014 3.9204
C16 1075.002 2.1096182
C16 1099.99 1.5469738
C12 319.994 39.35744
C12 324.969 44.40122
C12 349.982 67.78401
C12 374.975 75.974
C12 400.019 84.59778
C12 424.965 86.14162
C12 450.035 87.59953
C12 475.003 89.95025
C12 500.018 92.10416
C12 525.002 94.16629
C12 550.029 95.81128
C12 575.023 96.66031
C12 599.982 98.30322
C12 619.997 98.587975
C12 624.979 98.73214
C12 650.012 99.20636
C12 675.004 99.54181
C12 700.03 98.89961
C12 725.012 98.18647
C12 750.022 98.159
C12 774.987 98.03313
C12 799.976 97.157974
C12 824.988 95.433395
C12 850.022 93.522125
C12 869.967 90.60207
C12 875.002 90.188576
C12 899.999 83.32925
C12 919.999 74.21649
C12 925.012 72.12952
C12 949.965 57.770016
C12 975.002 43.126713
C12 999.976 25.954268
C12 1025.028 11.176327
C12 1050.014 3.8950574
C12 1075.002 2.109182
C12 1099.99 1.552723
C13 319.994 39.90171
C13 324.969 45.015854
C13 349.982 68.72695
C13 374.975 76.8657
C13 400.019 85.16363
C13 424.965 86.53216
C13 450.035 87.90325
C13 475.003 90.20791
C13 500.018 92.33133
C13 525.002 94.37247
C13 550.029 96.00889
C13 575.023 96.84827
C13 599.982 98.48105
C13 619.997 98.76218
C13 624.979 98.905106
C13 650.012 99.374535
C13 675.004 99.70649
C13 700.03 99.05628
C13 725.012 98.33821
C13 750.022 98.304565
C13 774.987 98.171684
C13 799.976 97.28363
C13 824.988 95.55551
C13 850.022 93.6268
C13 869.967 90.74483
C13 875.002 90.20312
C13 899.999 83.47812
C13 919.999 74.43819
C13 925.012 72.01936
C13 949.965 57.644455
C13 975.002 43.400097
C13 999.976 26.044909
C13 1025.028 11.19611
C13 1050.014 3.8991191
C13 1075.002 2.1033058
C13 1099.99 1.5491488
C03 319.994 40.787807
C03 324.969 46.0246
C03 349.982 70.558754
C03 374.975 78.76002
C03 400.019 86.14521
C03 424.965 87.00489
C03 450.035 88.097855
C03 475.003 90.23308
C03 500.018 92.24134
C03 525.002 94.21665
C03 550.029 95.809494
C03 575.023 96.62626
C03 599.982 98.24546
C03 619.997 98.52084
C03 624.979 98.66616
C03 650.012 99.13201
C03 675.004 99.464714
C03 700.03 98.82633
C03 725.012 98.123474
C03 750.022 98.103004
C03 774.987 97.97156
C03 799.976 97.06373
C03 824.988 95.29965
C03 850.022 93.317444
C03 869.967 90.34885
C03 875.002 89.91692
C03 899.999 83.02201
C03 919.999 73.97135
C03 925.012 71.85648
C03 949.965 57.44851
C03 975.002 42.870758
C03 999.976 25.764729
C03 1025.028 11.120322
C03 1050.014 3.9126055
C03 1075.002 2.0924623
C03 1099.99 1.5337209
