lsstCam/transmission_filter_detector/r43_s20/i_39/19700101T000000.ecsv
# %ECSV 1.0
# ---
# datatype:
# - {name: wavelength, unit: nm, datatype: float32}
# - {name: efficiency, unit: '%', datatype: float64}
# meta: !!omap
# - {MODE: DETECTOR}
# - {TYPE: transmission_filter_detector}
# - {CALIBDATE: '1970-01-01T00:00:00'}
# - {INSTRUME: LSSTCam}
# - {OBSTYPE: transmission_filter_detector}
# - {CALIBCLS: lsst.ip.isr.IntermediateFilterDetectorTransmissionCurve}
# - {SOURCE: Materion (DM-46256)}
# - {DETECTOR: 186}
# - {FILTER: i_39}
# - {CALIB_ID: 'calibDate=1970-01-01T00:00:00 filter=i_39 detector=186'}
# - {DATE: '2025-04-02T15:59:47.340981'}
# - {CALIB_CREATION_DATE: '2025-04-02'}
# - {CALIB_CREATION_TIME: '15:59:47'}
# - __serialized_columns__:
#     efficiency:
#       __class__: astropy.units.quantity.Quantity
#       unit: !astropy.units.Unit {unit: '%'}
#       value: !astropy.table.SerializedColumn {name: efficiency}
#     wavelength:
#       __class__: astropy.units.quantity.Quantity
#       unit: !astropy.units.Unit {unit: nm}
#       value: !astropy.table.SerializedColumn {name: wavelength}
# schema: astropy-2.0
wavelength efficiency
300.0 0.04126327112317085
301.0 0.010447185923112556
302.0 1.7204597121955878e-10
303.0 1.7204597121955878e-10
304.0 1.7204597121955878e-10
305.0 1.7204597121955878e-10
306.0 1.7204597121955878e-10
307.0 1.7204597121955878e-10
308.0 0.012939229782205075
309.0 0.004539361179922707
310.0 1.7204597121955878e-10
311.0 1.7204597121955878e-10
312.0 1.7204597121955878e-10
313.0 1.7204597121955878e-10
314.0 0.00431152802775614
315.0 0.008453088958049193
316.0 0.012594650615938008
317.0 0.010371792450314388
318.0 0.00814893573988229
319.0 0.004859371620113961
320.0 0.0015698078641435131
321.0 1.7204597121955878e-10
322.0 1.7204597121955878e-10
323.0 0.0006037564162397757
324.0 0.0028402751922840253
325.0 0.0006490141913673142
326.0 1.7204597121955878e-10
327.0 1.7204597121955878e-10
328.0 0.000493755078423419
329.0 1.7204597121955878e-10
330.0 1.7204597121955878e-10
331.0 0.001621994306333363
332.0 0.004385237843962386
333.0 0.0029146587621653453
334.0 0.001444079498469364
335.0 0.0012864590644312557
336.0 0.0011288377208984457
337.0 0.0005870637778571108
338.0 4.528911290435644e-05
339.0 1.7204597121955878e-10
340.0 1.7204597121955878e-10
341.0 1.7204597121955878e-10
342.0 0.0005352388598112157
343.0 9.940972631738987e-05
344.0 1.7204597121955878e-10
345.0 1.7204597121955878e-10
346.0 0.00024351911633857526
347.0 1.7204597121955878e-10
348.0 1.7204597121955878e-10
349.0 1.7204597121955878e-10
350.0 8.891331049198925e-05
351.0 0.0004626619556802325
352.0 0.0008364107088709716
353.0 0.0013050481356913224
354.0 0.001773685471562203
355.0 0.0020640587536036037
356.0 0.0023544320356450044
357.0 0.0013167961697035935
358.0 0.00027916012186324224
359.0 1.7204597121955878e-10
360.0 1.7204597121955878e-10
361.0 1.7204597121955878e-10
362.0 1.7204597121955878e-10
363.0 0.00011177421583852265
364.0 0.0002525490572224953
365.0 0.00033008732316375244
366.0 0.0004076257027918473
367.0 2.5610188458813354e-05
368.0 1.7204597121955878e-10
369.0 1.7204597121955878e-10
370.0 1.7204597121955878e-10
371.0 1.7204597121955878e-10
372.0 0.00022662115952698514
373.0 0.0007017519237706438
374.0 0.0011768825970648322
375.0 0.0010478279364178888
376.0 0.0009187733667204157
377.0 0.000794593506725505
378.0 0.0006704135557811242
379.0 0.0007370734238065779
380.0 0.000803733473730972
381.0 0.0002906650252043619
382.0 1.7204597121955878e-10
383.0 1.7204597121955878e-10
384.0 1.7204597121955878e-10
385.0 1.7204597121955878e-10
386.0 0.00027471892281027976
387.0 2.9093894227116834e-05
388.0 1.7204597121955878e-10
389.0 1.7204597121955878e-10
390.0 1.7204597121955878e-10
391.0 5.323014420355321e-05
392.0 0.0006550316356879193
393.0 0.001100195095204981
394.0 0.0015453580999746919
395.0 0.0010720083992055152
396.0 0.0005986585165373981
397.0 0.0013736543223785702
398.0 0.002148649946320802
399.0 0.002155288530047983
400.0 0.0021619272956741042
401.0 0.004859503678744659
402.0 0.007557079516118392
403.0 0.006063513137632981
404.0 0.004569946395349689
405.0 0.002434813904983457
406.0 0.00029968164199090097
407.0 0.0013840856809110846
408.0 0.002468489583407063
409.0 0.0035164466680726036
410.0 0.004564403570839204
411.0 0.004733853347715922
412.0 0.004903302396996878
413.0 0.00448650898761116
414.0 0.004069715578225441
415.0 0.004771153544425033
416.0 0.005472590783028863
417.0 0.0054219879530137405
418.0 0.005371385486796498
419.0 0.004918723425362259
420.0 0.004466062819119543
421.0 0.004481395080802031
422.0 0.004496728433878161
423.0 0.004402638296596706
424.0 0.00430854779551737
425.0 0.004956191696692258
426.0 0.005603835961665027
427.0 0.004311714292271063
428.0 0.003019592804776039
429.0 0.003488184665911831
430.0 0.003956776708946563
431.0 0.005044025238021277
432.0 0.006131274130893871
433.0 0.005407449862104841
434.0 0.004683626320911571
435.0 0.0037184749089647084
436.0 0.002753323678916786
437.0 0.0017797687178244814
438.0 0.0008062134838837665
439.0 0.0013223021596786566
440.0 0.0018383907445240766
441.0 0.001087358486984158
442.0 0.00033632600207056385
443.0 0.0009385902558278758
444.0 0.0015408542822115123
445.0 0.0010502229997655377
446.0 0.0005595916263700929
447.0 0.0004394603365653893
448.0 0.00031932895581121556
449.0 0.00043301638470438775
450.0 0.0005467036771733547
451.0 0.00018263941683471785
452.0 1.7204597121955878e-10
453.0 1.7204597121955878e-10
454.0 1.7204597121955878e-10
455.0 2.252983648531881e-05
456.0 0.0002201387360400986
457.0 0.00019457488633634057
458.0 0.00016901087747100974
459.0 0.00018952453046949813
460.0 0.0002100381152558839
461.0 0.00033383580557710957
462.0 0.00045763349589833524
463.0 0.0004296381575841224
464.0 0.0004016429102193797
465.0 0.00020004897578473901
466.0 1.7204597121955878e-10
467.0 0.0003684830289785168
468.0 0.0007385109256574651
469.0 0.0005450769549497636
470.0 0.00035164300697942963
471.0 0.0002863447889467352
472.0 0.00022104645722720306
473.0 0.0002064176442218013
474.0 0.00019178871752956184
475.0 0.0003773358912440017
476.0 0.0005628829967463389
477.0 0.00037552979392785346
478.0 0.00018817672753357328
479.0 9.737120763020357e-05
480.0 6.565896626398171e-06
481.0 0.0003925448254449293
482.0 0.0007785239176882897
483.0 0.001347292163700331
484.0 0.0019160603187629022
485.0 0.0027766143830376677
486.0 0.003637167901615612
487.0 0.006226018012966961
488.0 0.008814866305328906
489.0 0.01481771032558754
490.0 0.020820554345846176
491.0 0.026472070021554828
492.0 0.032123582786880434
493.0 0.034860160667449236
494.0 0.037596741458401084
495.0 0.03544865467119962
496.0 0.0333005707943812
497.0 0.026985935983248055
498.0 0.020671305537689477
499.0 0.014910138270352036
500.0 0.00914897391339764
501.0 0.0058021916629513726
502.0 0.002455409412505105
503.0 0.00201398379431339
504.0 0.0015725585399195552
505.0 0.002141850382031407
506.0 0.0027111422241432592
507.0 0.0029189499400672503
508.0 0.003126758019789122
509.0 0.0031257954105967656
510.0 0.003124832801404409
511.0 0.0027344367481418885
512.0 0.002344040694879368
513.0 0.0020281780962250195
514.0 0.0017123158613685519
515.0 0.001493559466325678
516.0 0.001274803071282804
517.0 0.0016091678844531998
518.0 0.0019435326976235956
519.0 0.001650315425649751
520.0 0.0013570983355748467
521.0 0.0013205508366809227
522.0 0.0012840036106354091
523.0 0.0016814890841487795
524.0 0.0020789750124095008
525.0 0.002808463614201173
526.0 0.0035379522159928456
527.0 0.004385694774100557
528.0 0.005233437332208268
529.0 0.005407814387581311
530.0 0.005582191079156473
531.0 0.005326638711267151
532.0 0.005071085615782067
533.0 0.004227795943734236
534.0 0.0033845055440906435
535.0 0.002517229222576134
536.0 0.001649952719162684
537.0 0.001756122765073087
538.0 0.0018622928109834902
539.0 0.002809292527672369
540.0 0.003756292790058069
541.0 0.004312318560550921
542.0 0.004868344331043772
543.0 0.0050433402066119015
544.0 0.005218336082180031
545.0 0.0050696391554083675
546.0 0.004920942592434585
547.0 0.0040582483052276075
548.0 0.003195553654222749
549.0 0.0028177166313980706
550.0 0.0024398794266744517
551.0 0.0024937475245678797
552.0 0.002547615804360248
553.0 0.0027263129595667124
554.0 0.0029050101147731766
555.0 0.002473418862791732
556.0 0.0020418277927092277
557.0 0.0017387299521942623
558.0 0.0014356320207298268
559.0 0.0009472057172388304
560.0 0.00045877932279836386
561.0 0.0004975588126399089
562.0 0.000536338347956189
563.0 0.0010410720278741792
564.0 0.0015458055713679641
565.0 0.0019639526726678014
566.0 0.0023820997739676386
567.0 0.0022459536921815015
568.0 0.0021098072465974838
569.0 0.0016876738300197758
570.0 0.0012655401405936573
571.0 0.0009601872079656459
572.0 0.0006548342753376346
573.0 0.0005866907031304436
574.0 0.0005185470854485175
575.0 0.0005213593340158695
576.0 0.0005241716280579567
577.0 0.0005885053269594209
578.0 0.0006528391168103553
579.0 0.00040666095628694165
580.0 0.00016048277302616043
581.0 0.0002630470362419146
582.0 0.00036561132219503634
583.0 0.00036530157103698
584.0 0.00036499188809102634
585.0 0.0003586028697100119
586.0 0.0003522138058542623
587.0 0.0005656805569742573
588.0 0.000779147376306355
589.0 0.0010722046681621578
590.0 0.0013652620509674307
591.0 0.0010703058251237962
592.0 0.0007753495083306916
593.0 0.0006993288479861803
594.0 0.0006233083240658743
595.0 0.0006547962129843654
596.0 0.0006862839654786512
597.0 0.0004941844963468611
598.0 0.0003020850726898061
599.0 0.00026261136554239783
600.0 0.0002231377266070922
601.0 0.00034451866213203175
602.0 0.00046589962039433885
603.0 0.00036673081922344863
604.0 0.0002675620635272935
605.0 0.00034608308396855136
606.0 0.00042460405893507414
607.0 0.00036999692838435294
608.0 0.00031538970688416157
609.0 0.000534695800524787
610.0 0.0007540018941654125
611.0 0.0005705197054339806
612.0 0.0003870375621772837
613.0 0.00027448934361018473
614.0 0.00016194114778045332
615.0 0.0001709330604171555
616.0 0.00017992498442254146
617.0 0.00032608159017399885
618.0 0.0004722382527688751
619.0 0.0005365633569454076
620.0 0.0006008885520714102
621.0 0.000349275228472834
622.0 9.766191624294152e-05
623.0 1.581425124186353e-05
624.0 1.7204597121955878e-10
625.0 0.00015599472362737288
626.0 0.00037802280985488323
627.0 0.0003736709004442673
628.0 0.0003693189910336514
629.0 0.00031999234124668874
630.0 0.0002706656914597261
631.0 0.0002915235199907329
632.0 0.00031238132578437217
633.0 0.00031875497370492667
634.0 0.0003251286443628487
635.0 0.00035038337955484167
636.0 0.00037563813748420216
637.0 0.0003702355115819955
638.0 0.000364832931154524
639.0 0.000516723684995668
640.0 0.0006686143478873419
641.0 0.0005705566309188725
642.0 0.00047249886847566813
643.0 0.00039811006899981294
644.0 0.00032372117857448757
645.0 0.00045089363993611187
646.0 0.0005780661467724713
647.0 0.0005447987405204913
648.0 0.0005115312887937762
649.0 0.00048399292609246913
650.0 0.000456454517916427
651.0 0.0006169156222313177
652.0 0.0007773767720209435
653.0 0.000762171021051472
654.0 0.0007469653610314708
655.0 0.0007901193384896033
656.0 0.0008332734068972059
657.0 0.0012072558092768304
658.0 0.0015812383935553953
659.0 0.0029130249458830804
660.0 0.05060614203102887
661.0 0.10844662319868803
662.0 0.12019587447866797
663.0 0.06692555616609752
664.0 0.1250863540917635
665.0 0.13478912878781557
666.0 0.14035424683243036
667.0 0.13853533891960979
668.0 0.1849973457865417
669.0 0.22313341032713652
670.0 0.2970581641420722
671.0 0.41032619774341583
672.0 0.6430145353078842
673.0 1.0504393838346004
674.0 1.6019610688090324
675.0 2.414247766137123
676.0 3.403608500957489
677.0 4.757380858063698
678.0 6.154491379857063
679.0 7.569154351949692
680.0 9.422776848077774
681.0 11.414898186922073
682.0 14.047980308532715
683.0 16.88748151063919
684.0 19.97169256210327
685.0 22.94776290655136
686.0 25.942999124526978
687.0 29.09233868122101
688.0 32.238662242889404
689.0 35.33548712730408
690.0 38.857340812683105
691.0 42.673930525779724
692.0 47.29304015636444
693.0 52.264243364334106
694.0 57.92239308357239
695.0 63.509535789489746
696.0 69.75231766700745
697.0 75.3180980682373
698.0 81.46421313285828
699.0 86.10731363296509
700.0 89.97614979743958
701.0 92.99215078353882
702.0 95.21087408065796
703.0 96.5101957321167
704.0 97.06436395645142
705.0 97.6136326789856
706.0 97.68308401107788
707.0 97.89900183677673
708.0 97.92897701263428
709.0 97.99168109893799
710.0 97.7441132068634
711.0 97.90723323822021
712.0 97.83486127853394
713.0 97.91024923324585
714.0 97.99068570137024
715.0 98.0557382106781
716.0 97.92251586914062
717.0 98.1575608253479
718.0 98.2368528842926
719.0 98.15411567687988
720.0 98.35836887359619
721.0 98.27780723571777
722.0 98.1097400188446
723.0 97.78966307640076
724.0 97.53334522247314
725.0 97.317373752594
726.0 97.0149278640747
727.0 96.63631916046143
728.0 96.40671610832214
729.0 96.14974856376648
730.0 96.1292028427124
731.0 96.16279602050781
732.0 96.22302651405334
733.0 96.60710096359253
734.0 96.90461754798889
735.0 97.1489429473877
736.0 97.63737916946411
737.0 97.98547625541687
738.0 98.34744334220886
739.0 98.55275750160217
740.0 98.68839979171753
741.0 98.48344922065735
742.0 98.81013035774231
743.0 98.60460758209229
744.0 98.46987724304199
745.0 98.46737384796143
746.0 98.47133755683899
747.0 98.73654842376709
748.0 98.59988689422607
749.0 98.42569231987
750.0 98.49664568901062
751.0 98.37846159934998
752.0 98.36702346801758
753.0 98.4449565410614
754.0 98.48010540008545
755.0 98.49164485931396
756.0 98.56942892074585
757.0 98.57778549194336
758.0 98.66043329238892
759.0 98.66002202033997
760.0 98.47134947776794
761.0 98.39010834693909
762.0 98.54767918586731
763.0 98.39653968811035
764.0 98.30318689346313
765.0 98.28564524650574
766.0 98.38131666183472
767.0 98.13879728317261
768.0 98.32326173782349
769.0 98.3019769191742
770.0 98.02666306495667
771.0 98.13321828842163
772.0 98.17984700202942
773.0 98.08562397956848
774.0 97.97993302345276
775.0 98.12081456184387
776.0 97.94536828994751
777.0 98.06703329086304
778.0 97.95870780944824
779.0 97.91967868804932
780.0 97.77065515518188
781.0 98.04712533950806
782.0 97.86480069160461
783.0 97.92507290840149
784.0 97.96260595321655
785.0 98.04257154464722
786.0 98.17895293235779
787.0 97.96887040138245
788.0 98.02936315536499
789.0 98.13511967658997
790.0 98.14273118972778
791.0 98.07562828063965
792.0 97.9588508605957
793.0 97.90905117988586
794.0 98.01753163337708
795.0 97.82793521881104
796.0 97.94160723686218
797.0 98.05333614349365
798.0 97.99222350120544
799.0 97.95061349868774
800.0 97.73701429367065
801.0 97.7840781211853
802.0 97.6911723613739
803.0 97.528076171875
804.0 97.37111330032349
805.0 97.057044506073
806.0 96.81349396705627
807.0 96.29918932914734
808.0 95.62868475914001
809.0 94.79311108589172
810.0 93.80410313606262
811.0 92.40713715553284
812.0 90.63583612442017
813.0 88.38049173355103
814.0 85.74066758155823
815.0 82.56462812423706
816.0 79.21183109283447
817.0 75.08673071861267
818.0 70.39165496826172
819.0 66.10887050628662
820.0 61.0632061958313
821.0 56.407493352890015
822.0 51.73794627189636
823.0 47.10954129695892
824.0 42.42643117904663
825.0 38.118356466293335
826.0 33.58312249183655
827.0 28.86888086795807
828.0 24.624717235565186
829.0 20.409783720970154
830.0 15.972290933132172
831.0 12.507139146327972
832.0 8.99304449558258
833.0 6.157621741294861
834.0 4.019009694457054
835.0 2.491753175854683
836.0 1.493340265005827
837.0 0.8582292124629021
838.0 0.4687587730586529
839.0 0.28617559000849724
840.0 0.15632389113307
841.0 0.11941459961235523
842.0 0.06132551934570074
843.0 0.04137436335440725
844.0 0.00010248571697957232
845.0 0.020747800590470433
846.0 0.0013943199519417249
847.0 1.7204597121955878e-10
848.0 1.7204597121955878e-10
849.0 1.7204597121955878e-10
850.0 0.0023137596144806594
851.0 0.0029549672035500407
852.0 0.0030689883715240285
853.0 0.002340036735404283
854.0 0.0016110852811834775
855.0 0.0011478024134703446
856.0 0.0006845197731308872
857.0 0.0005728707037633285
858.0 0.00046122177081997506
859.0 0.000327220004692208
860.0 0.0001932183522512787
861.0 5.5783914376661414e-05
862.0 1.7204597121955878e-10
863.0 1.7204597121955878e-10
864.0 4.229113415021857e-05
865.0 0.00019182239157089498
866.0 0.0003413536887819646
867.0 0.00018720684238360263
868.0 3.3059967563531245e-05
869.0 1.7204597121955878e-10
870.0 1.7204597121955878e-10
871.0 1.7204597121955878e-10
872.0 1.0466360578220701e-05
873.0 7.519651603615785e-05
874.0 0.00013992664662509924
875.0 9.816352530833683e-05
876.0 5.6400415360258194e-05
877.0 0.00011580015097933938
878.0 0.00017519989796710433
879.0 0.00016263022644125158
880.0 0.0001500605662840826
881.0 8.632991352897079e-05
882.0 2.25992550895171e-05
883.0 0.00010862823955903878
884.0 0.00019465717286948347
885.0 4.3093078261335904e-05
886.0 1.7204597121955878e-10
887.0 1.7204597121955878e-10
888.0 1.7204597121955878e-10
889.0 1.7204597121955878e-10
890.0 1.7204597121955878e-10
891.0 6.742175742147083e-05
892.0 0.00025569559056748403
893.0 0.00015406479860757827
894.0 5.2434035069381935e-05
895.0 1.7204597121955878e-10
