lsstCam/transmission_filter_detector/r43_s20/i_39/19700101T000000.ecsv
# %ECSV 1.0
# ---
# datatype:
# - {name: wavelength, unit: nm, datatype: float32}
# - {name: efficiency, unit: '%', datatype: float64}
# meta: !!omap
# - {MODE: DETECTOR}
# - {TYPE: transmission_filter_detector}
# - {CALIBDATE: '1970-01-01T00:00:00'}
# - {INSTRUME: LSSTCam}
# - {OBSTYPE: transmission_filter_detector}
# - {CALIBCLS: lsst.ip.isr.IntermediateFilterDetectorTransmissionCurve}
# - {SOURCE: Materion (DM-46256)}
# - {DETECTOR: 186}
# - {FILTER: i_39}
# - {CALIB_ID: 'calibDate=1970-01-01T00:00:00 filter=i_39 detector=186'}
# - {DATE: '2025-04-02T15:59:47.340981'}
# - {CALIB_CREATION_DATE: '2025-04-02'}
# - {CALIB_CREATION_TIME: '15:59:47'}
# - __serialized_columns__:
#     efficiency:
#       __class__: astropy.units.quantity.Quantity
#       unit: !astropy.units.Unit {unit: '%'}
#       value: !astropy.table.SerializedColumn {name: efficiency}
#     wavelength:
#       __class__: astropy.units.quantity.Quantity
#       unit: !astropy.units.Unit {unit: nm}
#       value: !astropy.table.SerializedColumn {name: wavelength}
# schema: astropy-2.0
wavelength efficiency
[from data line 597]
897.0 1.7204597121955878e-10
898.0 3.86822534892417e-05
899.0 1.7204597121955878e-10
900.0 1.7204597121955878e-10
901.0 1.8048505978640605e-05
902.0 0.00011792122904807911
903.0 0.00014695835943712154
904.0 0.0001759954784574802
905.0 0.000152429504396423
906.0 0.00012886354170404957
907.0 8.24488552098046e-05
908.0 3.603416303121776e-05
909.0 5.1342300366741256e-05
910.0 6.665042633358098e-05
911.0 6.841465705065275e-06
912.0 1.7204597121955878e-10
913.0 2.154584421987238e-05
914.0 9.605919331079349e-05
915.0 1.8429801684760605e-05
916.0 1.7204597121955878e-10
917.0 1.7204597121955878e-10
918.0 3.445369429755374e-05
919.0 1.7204597121955878e-10
920.0 1.7204597121955878e-10
921.0 3.3249693842662964e-05
922.0 0.00011247043403272983
923.0 3.51845073964796e-05
924.0 1.7204597121955878e-10
925.0 1.1781494002605086e-06
926.0 4.445772674444015e-05
927.0 1.7204597121955878e-10
928.0 1.7204597121955878e-10
929.0 3.403909545340866e-05
930.0 0.00019858712221321184
931.0 1.9081322477632057e-05
932.0 1.7204597121955878e-10
933.0 1.7204597121955878e-10
934.0 1.7204597121955878e-10
935.0 1.7204597121955878e-10
936.0 1.7204597121955878e-10
937.0 1.7204597121955878e-10
938.0 1.615283480305152e-05
939.0 6.26615928922547e-05
940.0 0.00010917036661339807
941.0 0.00011611718946369365
942.0 0.00012306408052609186
943.0 6.365050921885995e-05
944.0 4.236986228534079e-06
945.0 0.00016318090274580754
946.0 0.00032212485621130327
947.0 0.0003618871460275841
948.0 0.0004016493676317623
949.0 7.961700276837291e-06
950.0 1.7204597121955878e-10
951.0 1.7204597121955878e-10
952.0 1.7204597121955878e-10
953.0 1.7204597121955878e-10
954.0 1.7204597121955878e-10
955.0 1.7204597121955878e-10
956.0 1.7204597121955878e-10
957.0 1.7204597121955878e-10
958.0 1.7204597121955878e-10
959.0 1.7204597121955878e-10
960.0 0.00012696717703875038
961.0 7.647140023436805e-05
962.0 2.5975614903472888e-05
963.0 1.2158776030446461e-05
964.0 1.7204597121955878e-10
965.0 3.935561778689589e-05
966.0 8.036930694288458e-05
967.0 2.6904143624051358e-05
968.0 1.7204597121955878e-10
969.0 1.7204597121955878e-10
970.0 1.7204597121955878e-10
971.0 1.7204597121955878e-10
972.0 1.7204597121955878e-10
973.0 1.145288734960559e-05
974.0 6.507029866043013e-05
975.0 0.0001550804313410481
976.0 0.0002450905412842985
977.0 0.00010472766689417767
978.0 1.7204597121955878e-10
979.0 1.7204597121955878e-10
980.0 1.7204597121955878e-10
981.0 1.7204597121955878e-10
982.0 1.7204597121955878e-10
983.0 1.2706620111657685e-05
984.0 9.794038078325684e-05
985.0 6.491966928479087e-05
986.0 3.1898915153760754e-05
987.0 1.7204597121955878e-10
988.0 1.7204597121955878e-10
989.0 2.4622815786301544e-06
990.0 5.6377064083790174e-05
991.0 8.521735139765951e-05
992.0 0.00011405765008021262
993.0 9.07197659216763e-05
994.0 6.738192723787506e-05
995.0 8.733234153623926e-05
996.0 0.00010728271035986836
997.0 4.281816927687032e-05
998.0 1.7204597121955878e-10
999.0 1.7204597121955878e-10
1000.0 1.7204597121955878e-10
1001.0 5.2849338771920884e-05
1002.0 0.0001913477262860397
1003.0 0.00015818353631402715
1004.0 0.00012501934634201461
1005.0 0.00017160184597742045
1006.0 0.00021818436835019384
1007.0 0.0002231465032309643
1008.0 0.00022810872906120494
1009.0 0.0002598115543150925
1010.0 0.0002915144932558178
1011.0 0.00030310695819935063
1012.0 0.00031469951409235364
1013.0 0.0001609585069672903
1014.0 7.217443709350846e-06
1015.0 1.1964475277181918e-05
1016.0 1.6711507555555727e-05
1017.0 0.00019689896362251602
1018.0 0.00037708641684730537
1019.0 0.00035323878364579286
1020.0 0.0003293911277069128
1021.0 0.0004000026819994673
1022.0 0.00047061425902938936
1023.0 0.00031662996207160177
1024.0 0.00016264564237644663
1025.0 0.00022512003852170892
1026.0 0.00028759450287907384
1027.0 0.0005152676294528646
1028.0 0.0007429406650771853
1029.0 0.0008079105100478046
1030.0 0.0008728802640689537
1031.0 0.0009977859917853493
1032.0 0.0011226918104512151
1033.0 0.001442976645193994
1034.0 0.0017632613889873028
1035.0 0.002178984505007975
1036.0 0.002594707621028647
1037.0 0.0027650228730635718
1038.0 0.0029353381250984967
1039.0 0.003161453059874475
1040.0 0.0033875679946504533
1041.0 0.0033148840884678066
1042.0 0.00324220018228516
1043.0 0.003207138433936052
1044.0 0.0031720766855869442
1045.0 0.0033626361982896924
1046.0 0.00355319534719456
1047.0 0.0034378692362224683
1048.0 0.0033225431252503768
1049.0 0.003121076588286087
1050.0 0.0029196096875239164
1051.0 0.0027360623789718375
1052.0 0.002552515252318699
1053.0 0.0024754910555202514
1054.0 0.0023984670406207442
1055.0 0.002410006709396839
1056.0 0.0024215461962739937
1057.0 0.0018058821297017857
1058.0 0.001190217608382227
1059.0 0.001255297684110701
1060.0 0.0013203774869907647
1061.0 0.001235826039192034
1062.0 0.0011512743185448926
1063.0 0.0013073624359094538
1064.0 0.001463450553274015
1065.0 0.0020854175090789795
1066.0 0.002707384373934474
1067.0 0.0027658870749291964
1068.0 0.002824389775923919
1069.0 0.002732853499765042
1070.0 0.0026413172236061655
1071.0 0.002704768667172175
1072.0 0.0027682201107381843
1073.0 0.002665059582795948
1074.0 0.0025618990548537113
1075.0 0.0024830875190673396
1076.0 0.0024042758013820276
1077.0 0.0022896952941664495
1078.0 0.002175114605051931
1079.0 0.002249604403914418
1080.0 0.002324094202776905
1081.0 0.0017041313185472973
1082.0 0.0010841685252671596
1083.0 0.00108121394077898
1084.0 0.0010782591743918601
1085.0 0.0006143111932033207
1086.0 0.0001503630983279436
1087.0 0.00045467158997780643
1088.0 0.0007589799679408316
1089.0 0.0008395602890232112
1090.0 0.0009201410648529418
1091.0 0.0012839884220738895
1092.0 0.0016478359611937776
1093.0 0.0010924606613116339
1094.0 0.0005370855433284305
1095.0 0.0004516520220931852
1096.0 0.00036621825074689696
1097.0 1.7204597121955878e-10
1098.0 1.7204597121955878e-10
1099.0 1.7204597121955878e-10
1100.0 0.0005214961220190162
