lsstCam/transmission_filter_detector/r41_s11/g_6/19700101T000000.ecsv
# %ECSV 1.0
# ---
# datatype:
# - {name: wavelength, unit: nm, datatype: float32}
# - {name: efficiency, unit: '%', datatype: float64}
# meta: !!omap
# - {MODE: DETECTOR}
# - {TYPE: transmission_filter_detector}
# - {CALIBDATE: '1970-01-01T00:00:00'}
# - {INSTRUME: LSSTCam}
# - {OBSTYPE: transmission_filter_detector}
# - {CALIBCLS: lsst.ip.isr.IntermediateFilterDetectorTransmissionCurve}
# - {SOURCE: Materion (DM-46256)}
# - {DETECTOR: 166}
# - {FILTER: g_6}
# - {CALIB_ID: 'calibDate=1970-01-01T00:00:00 filter=g_6 detector=166'}
# - {DATE: '2025-04-02T15:59:42.795408'}
# - {CALIB_CREATION_DATE: '2025-04-02'}
# - {CALIB_CREATION_TIME: '15:59:42'}
# - __serialized_columns__:
#     efficiency:
#       __class__: astropy.units.quantity.Quantity
#       unit: !astropy.units.Unit {unit: '%'}
#       value: !astropy.table.SerializedColumn {name: efficiency}
#     wavelength:
#       __class__: astropy.units.quantity.Quantity
#       unit: !astropy.units.Unit {unit: nm}
#       value: !astropy.table.SerializedColumn {name: wavelength}
# schema: astropy-2.0
wavelength efficiency
[from data line 608]
908.0 0.000314526300826401
909.0 0.0002598417040644563
910.0 0.0003161610038660001
911.0 0.00037248032640491147
912.0 0.0003649955033324659
913.0 0.0003575106802600203
914.0 0.00038872353798069526
915.0 0.0004199364411761053
916.0 0.0003553875558282016
917.0 0.0002908386704802979
918.0 0.0003264872248109896
919.0 0.0003621357564043137
920.0 0.0003714545073307818
921.0 0.00038077321278251475
922.0 0.00040359882405027747
923.0 0.00042642436710593756
924.0 0.0003534696361384704
925.0 0.0002805149051710032
926.0 0.00036972048746974906
927.0 0.00045892602429375984
928.0 0.00046602585825894494
929.0 0.00047312560127465986
930.0 0.00045714118641626555
931.0 0.00044115677155787125
932.0 0.00047544190238113515
933.0 0.0005097268513054587
934.0 0.0004721400273410836
935.0 0.00043455320337670855
936.0 0.00044999051169725135
937.0 0.0004654279109672643
938.0 0.0005379462891141884
939.0 0.0006104647127358476
940.0 0.0005510154551302548
941.0 0.0004915660611004569
942.0 0.0004814881776837865
943.0 0.0004714102942671161
944.0 0.0005556099495152012
945.0 0.0006398095592885511
946.0 0.0007948650818434544
947.0 0.0009499206498730928
948.0 0.0007604860911669675
949.0 0.0005710515324608423
950.0 0.0006119227691669948
951.0 0.0006527939149236772
952.0 0.000720723983249627
953.0 0.0007886539606261067
954.0 0.0007775735866744071
955.0 0.0007664933036721777
956.0 0.0007168466709117638
957.0 0.0006672002200502902
958.0 0.0007397621175186941
959.0 0.0008123239240376279
960.0 0.0007139014542190125
961.0 0.0006154789844003972
962.0 0.0006484677214757539
963.0 0.0006814562766521703
964.0 0.000575046033191029
965.0 0.00046863569878041744
966.0 0.0005230708666204009
967.0 0.0005775059889856493
968.0 0.0006233080057427287
969.0 0.0006691100224998081
970.0 0.0006524930086015956
971.0 0.0006358759492286481
972.0 0.0006965138709347229
973.0 0.0007571519745397381
974.0 0.0007274536073964555
975.0 0.0006977552857279079
976.0 0.0007977245331858285
977.0 0.0008976936442195438
978.0 0.0009338925337942783
979.0 0.0009700911505206022
980.0 0.0009159841283690184
981.0 0.0008618771971669048
982.0 0.0009992158084060065
983.0 0.0011365546015440486
984.0 0.0012750756468449254
985.0 0.001413596692145802
986.0 0.0014004795957589522
987.0 0.0013873627722205129
988.0 0.0014028427358425688
989.0 0.001418322335666744
990.0 0.0015831970813451335
991.0 0.0017480715541751124
992.0 0.0017098154785344377
993.0 0.001671559402893763
994.0 0.0016171599781955592
995.0 0.0015627601896994747
996.0 0.0015377889212686568
997.0 0.0015128181075851899
998.0 0.0015516503481194377
999.0 0.001590482861502096
1000.0 0.0015153606909734663
1001.0 0.0014402389751921874
1002.0 0.0013452144230541307
1003.0 0.0012501898709160741
1004.0 0.0012956297723576427
1005.0 0.0013410697647486813
1006.0 0.0013348671018320601
1007.0 0.0013286643479659688
1008.0 0.001238436652784003
1009.0 0.001148208866652567
1010.0 0.0012773663002008107
1011.0 0.0014065239156479947
1012.0 0.0012594058716786094
1013.0 0.001112287736759754
1014.0 0.0012547924598038662
1015.0 0.0013972975466458593
1016.0 0.0015389781765406951
1017.0 0.0016806587154860608
1018.0 0.0018722328604781069
1019.0 0.0020638068235712126
1020.0 0.0022138621716294438
1021.0 0.0023639173377887346
1022.0 0.0026421063012094237
1023.0 0.002920295264630113
1024.0 0.0030300565413199365
1025.0 0.003139817272312939
1026.0 0.0033520009310450405
1027.0 0.003564184225979261
1028.0 0.0037297395465429872
1029.0 0.0038952945033088326
1030.0 0.004051373252877966
1031.0 0.0042074520024470985
1032.0 0.004376938159111887
1033.0 0.004546424315776676
1034.0 0.004679648918681778
1035.0 0.00481287352158688
1036.0 0.004895956953987479
1037.0 0.004979040386388078
1038.0 0.005003511250833981
1039.0 0.005027982479077764
1040.0 0.005190397132537328
1041.0 0.005352811422199011
1042.0 0.005510443588718772
1043.0 0.005668075391440652
1044.0 0.005855845665792003
1045.0 0.0060436155763454735
1046.0 0.006251528247958049
1047.0 0.006459440191974863
1048.0 0.006897293496876955
1049.0 0.007335146074183285
1050.0 0.008066034934017807
1051.0 0.008796923066256568
1052.0 0.01026011013891548
1053.0 0.011723298666765913
1054.0 0.01352992985630408
1055.0 0.015336561773438007
1056.0 0.018378325330559164
1057.0 0.0214200874324888
1058.0 0.025705885491333902
1059.0 0.02999168646056205
1060.0 0.03629967977758497
1061.0 0.0426076672738418
1062.0 0.050590018508955836
1063.0 0.05857237847521901
1064.0 0.06773278582841158
1065.0 0.07689321646466851
1066.0 0.0863374792970717
1067.0 0.09578174795024097
1068.0 0.10502618970349431
1069.0 0.11427063727751374
1070.0 0.12308843433856964
1071.0 0.13190623139962554
1072.0 0.14191236114129424
1073.0 0.15191849088296294
1074.0 0.16178867081180215
1075.0 0.17165883909910917
1076.0 0.18150648102164268
1077.0 0.19135409966111183
1078.0 0.20041230600327253
1079.0 0.20947048906236887
1080.0 0.2192365936934948
1081.0 0.22900267504155636
1082.0 0.23914927151054144
1083.0 0.24929584469646215
1084.0 0.2632569521665573
1085.0 0.27721801307052374
1086.0 0.29855563770979643
1087.0 0.31989323906600475
1088.0 0.35790472757071257
1089.0 0.39591616950929165
1090.0 0.43685012497007847
1091.0 0.47778403386473656
1092.0 0.5311627872288227
1093.0 0.5845415405929089
1094.0 0.6796170026063919
1095.0 0.7746925111860037
1096.0 0.8623562753200531
1097.0 0.9500198066234589
1098.0 1.007140427827835
1099.0 1.0642609558999538
1100.0 1.1493087746202946
1101.0 1.2343566864728928
