lsstCam/transmission_filter_detector/r41_s11/g_6/19700101T000000.ecsv
# %ECSV 1.0
# ---
# datatype:
# - {name: wavelength, unit: nm, datatype: float32}
# - {name: efficiency, unit: '%', datatype: float64}
# meta: !!omap
# - {MODE: DETECTOR}
# - {TYPE: transmission_filter_detector}
# - {CALIBDATE: '1970-01-01T00:00:00'}
# - {INSTRUME: LSSTCam}
# - {OBSTYPE: transmission_filter_detector}
# - {CALIBCLS: lsst.ip.isr.IntermediateFilterDetectorTransmissionCurve}
# - {SOURCE: Materion (DM-46256)}
# - {DETECTOR: 166}
# - {FILTER: g_6}
# - {CALIB_ID: 'calibDate=1970-01-01T00:00:00 filter=g_6 detector=166'}
# - {DATE: '2025-04-02T15:59:42.795408'}
# - {CALIB_CREATION_DATE: '2025-04-02'}
# - {CALIB_CREATION_TIME: '15:59:42'}
# - __serialized_columns__:
#     efficiency:
#       __class__: astropy.units.quantity.Quantity
#       unit: !astropy.units.Unit {unit: '%'}
#       value: !astropy.table.SerializedColumn {name: efficiency}
#     wavelength:
#       __class__: astropy.units.quantity.Quantity
#       unit: !astropy.units.Unit {unit: nm}
#       value: !astropy.table.SerializedColumn {name: wavelength}
# schema: astropy-2.0
wavelength efficiency
300.0 0.34875606652349234
301.0 0.2931850263848901
302.0 0.23761403281241655
303.0 0.22612393368035555
304.0 0.21463383454829454
305.0 0.21928350906819105
306.0 0.22393320687115192
307.0 0.21300099324434996
308.0 0.20206880290061235
309.0 0.19393858965486288
310.0 0.1858083764091134
311.0 0.18623991636559367
312.0 0.18667144468054175
313.0 0.18441404681652784
314.0 0.18215662566944957
315.0 0.18046871991828084
316.0 0.17878080252557993
317.0 0.1750506111420691
318.0 0.17132043140009046
319.0 0.15735154738649726
320.0 0.14338268665596843
321.0 0.1329739112406969
322.0 0.1225651241838932
323.0 0.10986179113388062
324.0 0.09715846972540021
325.0 0.0864619854837656
326.0 0.0757654954213649
327.0 0.07082513766363263
328.0 0.06588478572666645
329.0 0.05929397884756327
330.0 0.05270317196846008
331.0 0.05058692768216133
332.0 0.048470680485479534
333.0 0.04605462308973074
334.0 0.04363856860436499
335.0 0.04149010928813368
336.0 0.039341647061519325
337.0 0.03981654008384794
338.0 0.04029143019579351
339.0 0.039263590588234365
340.0 0.038235748070292175
341.0 0.03681065863929689
342.0 0.03538557211868465
343.0 0.03184397937729955
344.0 0.0283023837255314
345.0 0.02527973265387118
346.0 0.022257074306253344
347.0 0.020600875723175704
348.0 0.018944677140098065
349.0 0.01710506185190752
350.0 0.9251580573618412
351.0 0.92161875218153
352.0 0.7063601166009903
353.0 0.6595528684556484
354.0 0.7767740171402693
355.0 0.9506965056061745
356.0 0.5590056534856558
357.0 1.0625753551721573
358.0 0.5819528363645077
359.0 0.9065000340342522
360.0 0.5895454902201891
361.0 0.7743963971734047
362.0 0.5750246811658144
363.0 0.6800020579248667
364.0 0.5158206447958946
365.0 0.7638515904545784
366.0 0.4981581121683121
367.0 0.7383187301456928
368.0 0.4462139680981636
369.0 0.5907682236284018
370.0 0.4715568386018276
371.0 0.4827273543924093
372.0 0.3914796747267246
373.0 0.6440278142690659
374.0 0.3888208884745836
375.0 0.5359834060072899
376.0 0.39029724430292845
377.0 0.5151687189936638
378.0 0.345115945674479
379.0 0.5099763628095388
380.0 0.41628843173384666
381.0 0.5349401850253344
382.0 0.48723374493420124
383.0 0.5784618202596903
384.0 0.5355835892260075
385.0 0.5129640456289053
386.0 0.6659379694610834
387.0 0.740211782976985
388.0 0.906942505389452
389.0 1.2900074012577534
390.0 1.7841285094618797
391.0 2.796539105474949
392.0 4.349786788225174
393.0 7.023012638092041
394.0 10.608281940221786
395.0 15.341320633888245
396.0 21.290212869644165
397.0 28.747454285621643
398.0 37.37083971500397
399.0 46.81205749511719
400.0 56.18923902511597
401.0 65.11675715446472
402.0 73.26918244361877
403.0 79.99930381774902
404.0 84.92712378501892
405.0 88.58081698417664
406.0 90.598464012146
407.0 92.2787606716156
408.0 93.1999683380127
409.0 93.66267919540405
410.0 93.72110962867737
411.0 93.60673427581787
412.0 93.27915906906128
413.0 93.10116171836853
414.0 92.91034936904907
415.0 93.07937026023865
416.0 93.45951676368713
417.0 93.74668598175049
418.0 94.26843523979187
419.0 94.81742978096008
420.0 95.31788229942322
421.0 95.87466716766357
422.0 96.01593017578125
423.0 96.16971015930176
424.0 96.02741599082947
425.0 95.94083428382874
426.0 95.89439034461975
427.0 95.96454501152039
428.0 95.7480788230896
429.0 95.59925198554993
430.0 95.5073356628418
431.0 95.57847380638123
432.0 95.6373929977417
433.0 95.71229815483093
434.0 95.79312801361084
435.0 95.86988091468811
436.0 95.9517776966095
437.0 95.89994549751282
438.0 96.00915908813477
439.0 96.06676697731018
440.0 96.06062173843384
441.0 96.19884490966797
442.0 96.19012475013733
443.0 96.13038301467896
444.0 96.06959819793701
445.0 95.75487971305847
446.0 95.64843773841858
447.0 95.4279899597168
448.0 95.48028707504272
449.0 95.67802548408508
450.0 95.89883685112
451.0 96.11754417419434
452.0 96.34875655174255
453.0 96.42311334609985
454.0 96.51989340782166
455.0 96.77487015724182
456.0 96.85257077217102
457.0 97.00567126274109
458.0 97.03120589256287
459.0 97.00087904930115
460.0 97.07969427108765
461.0 97.13771343231201
462.0 97.0537006855011
463.0 96.99035882949829
464.0 97.09404706954956
465.0 97.0160722732544
466.0 96.99530601501465
467.0 96.98259830474854
468.0 97.05146551132202
469.0 97.0576524734497
470.0 96.91899418830872
471.0 96.80314064025879
472.0 96.85072302818298
473.0 96.71822190284729
474.0 96.5858519077301
475.0 96.69823050498962
476.0 96.69585824012756
477.0 96.78552746772766
478.0 96.88690900802612
479.0 96.87025547027588
480.0 97.07976579666138
481.0 97.13966250419617
482.0 97.31764197349548
483.0 97.23603129386902
484.0 97.47480154037476
485.0 97.4251925945282
486.0 97.49400019645691
487.0 97.5290834903717
488.0 97.49981164932251
489.0 97.6296603679657
490.0 97.56468534469604
491.0 97.65598773956299
492.0 97.57875204086304
493.0 97.60667681694031
494.0 97.5598931312561
495.0 97.65848517417908
496.0 97.47323989868164
497.0 97.37774133682251
498.0 97.17141389846802
499.0 97.21031188964844
500.0 97.20922112464905
501.0 97.15656638145447
502.0 97.05687761306763
503.0 97.22228050231934
504.0 97.06009030342102
505.0 97.03413248062134
506.0 97.09870219230652
507.0 97.036612033844
508.0 96.99844121932983
509.0 97.0680832862854
510.0 96.99344038963318
511.0 96.96622490882874
512.0 96.85873985290527
513.0 96.9406008720398
514.0 96.91342115402222
515.0 96.96084856987
516.0 97.0422089099884
517.0 97.08327054977417
518.0 97.15455770492554
519.0 97.13640809059143
520.0 97.17110991477966
521.0 97.29809165000916
522.0 97.26957678794861
523.0 97.24283218383789
524.0 97.26778864860535
525.0 97.2041368484497
526.0 97.31975793838501
527.0 97.33662605285645
528.0 97.3882257938385
529.0 97.46447801589966
530.0 97.47589826583862
531.0 97.60050773620605
532.0 97.44056463241577
533.0 97.44948744773865
534.0 97.43825197219849
535.0 97.25144505500793
536.0 96.8574047088623
537.0 96.29705548286438
538.0 95.49044370651245
539.0 93.99726390838623
540.0 92.19143390655518
541.0 89.48481678962708
542.0 86.62086725234985
543.0 82.84050822257996
544.0 78.11639904975891
545.0 73.92531037330627
546.0 68.89399290084839
547.0 64.35813307762146
548.0 59.92555022239685
549.0 56.03867173194885
550.0 53.01817059516907
551.0 50.105100870132446
552.0 47.84354865550995
553.0 45.35648822784424
554.0 42.40317940711975
555.0 39.05056715011597
556.0 34.60124135017395
557.0 29.491791129112244
558.0 23.9840567111969
559.0 18.665914237499237
560.0 13.632786273956299
561.0 9.121127426624298
562.0 5.747896060347557
563.0 3.319675475358963
564.0 1.7921332269906998
565.0 0.8588172495365143
566.0 0.4635359160602093
567.0 0.23750022519379854
568.0 0.15738403890281916
569.0 0.08595538674853742
570.0 0.07440198678523302
571.0 0.048260431503877044
572.0 0.04318494466133416
573.0 0.027840767870657146
574.0 0.04726798797491938
575.0 0.030955826514400542
576.0 0.021164878853596747
577.0 0.020275461429264396
578.0 0.02863798290491104
579.0 0.018079658912029117
580.0 0.03557621384970844
581.0 0.02475989458616823
582.0 0.02932838979177177
583.0 0.01199415564769879
584.0 0.029703672043979168
585.0 0.014499039389193058
586.0 0.016189279267564416
587.0 0.00997080933302641
588.0 0.021584508067462593
589.0 0.015133729903027415
590.0 0.017271934484597296
591.0 0.007996312342584133
592.0 0.010902585927397013
593.0 0.009807712922338396
594.0 0.012113736011087894
595.0 0.012546937796287239
596.0 0.0065536267356947064
597.0 0.012566853547468781
598.0 0.01691150537226349
599.0 0.006281609967118129
600.0 0.003908893631887622
601.0 0.0023252327082445845
602.0 0.0022465450456365943
603.0 0.0021678575649275444
604.0 0.002124912316503469
605.0 0.0020819670680793934
606.0 0.002089143708872143
607.0 0.0020963207134627737
608.0 0.002027863956755027
609.0 0.0019594072000472806
610.0 0.0018522325262892991
611.0 0.0017450576706323773
612.0 0.0018465500033926219
613.0 0.0019480425180518068
614.0 0.001888481347123161
615.0 0.001828920176194515
616.0 0.001774772499629762
617.0 0.0017206244592671283
618.0 0.001538392280053813
619.0 0.0013561600098910276
620.0 0.0014139966879156418
621.0 0.0014718332749907859
622.0 0.0014494268725684378
623.0 0.0014270206520450301
624.0 0.0014312135135696735
625.0 0.001435406466043787
626.0 0.0014154913515085354
627.0 0.001395576327922754
628.0 0.0013403285265667364
629.0 0.0012850809980591293
630.0 0.0013730825230595656
631.0 0.0014610840480600018
632.0 0.0014084389476920478
633.0 0.0013557940292230342
634.0 0.0012933192010677885
635.0 0.0012308441910136025
636.0 0.001273597536055604
637.0 0.0013163510629965458
638.0 0.0012054094440827612
639.0 0.0010944678251689766
640.0 0.0012294723092054483
641.0 0.0013644769751408603
642.0 0.0012935437553096563
643.0 0.001222610990225803
644.0 0.0011593565432121977
645.0 0.0010961023690470029
646.0 0.0011300985534035135
647.0 0.001164094646810554
648.0 0.0011658254152280279
649.0 0.001167556365544442
650.0 0.0010634368663886562
651.0 0.0009593176400812808
652.0 0.001093400987883797
653.0 0.0012274842447368428
654.0 0.001157082624558825
655.0 0.001086680913431337
656.0 0.0010828804079210386
657.0 0.0010790799933602102
658.0 0.0010881619346037041
659.0 0.0010972439667966682
660.0 0.001137857270805398
661.0 0.0011784703929151874
662.0 0.0011787778021243867
663.0 0.0011790855751314666
664.0 0.0011188932148797903
665.0 0.001058700854628114
666.0 0.0010532992746448144
667.0 0.0010478975127625745
668.0 0.0010200939868809655
669.0 0.0009922903700498864
670.0 0.0010216574082733132
671.0 0.0010510247193451505
672.0 0.001057116242009215
673.0 0.0010632082194206305
674.0 0.001064996286004316
675.0 0.0010667844435374718
676.0 0.0010457014468556736
677.0 0.001024618268274935
678.0 0.0010344638212700374
679.0 0.0010443092833156697
680.0 0.0010688331713026855
681.0 0.0010933571502391715
682.0 0.0010377276339568198
683.0 0.0009820984814723488
684.0 0.0009076540663954802
685.0 0.0008332096513186116
686.0 0.0008709811481821816
687.0 0.0009087524631468114
688.0 0.0009479064829065464
689.0 0.000987060229817871
690.0 0.001003174747893354
691.0 0.0010192892659688368
692.0 0.0009693876563687809
693.0 0.0009194859558192547
694.0 0.0009416860848432407
695.0 0.0009638860319682863
696.0 0.001040594816004159
697.0 0.001117303327191621
698.0 0.0010576062777545303
699.0 0.0009979091373679694
700.0 0.0009909916116157547
701.0 0.0009840739039645996
702.0 0.0010504798410693184
703.0 0.0011168857781740371
704.0 0.0010600735549815
705.0 0.0010032614227384329
706.0 0.0010034341357822996
707.0 0.001003606757876696
708.0 0.0010395369827165268
709.0 0.0010754674804047681
710.0 0.0010686433597584255
711.0 0.0010618192391120829
712.0 0.0010858598216145765
713.0 0.0011099005860160105
714.0 0.0012159804100519978
715.0 0.0013220601431385148
716.0 0.0013813754776492715
717.0 0.0014406909031094983
718.0 0.001498821711720666
719.0 0.0015569525203318335
720.0 0.0012736081771436147
721.0 0.000990263833955396
722.0 0.0011071703738707583
723.0 0.0012240771866345312
724.0 0.0012865640201198403
725.0 0.0013490510355040897
726.0 0.001362346938549308
727.0 0.0013756429325439967
728.0 0.001519087436463451
729.0 0.0016625321222818457
730.0 0.0017042762920027599
731.0 0.0017460202798247337
732.0 0.0016045914890128188
733.0 0.001463162789150374
734.0 0.0015070292647578754
735.0 0.0015508960132137872
736.0 0.0014338878827402368
737.0 0.0013168793884688057
738.0 0.0011885982530657202
739.0 0.0010603170267131645
740.0 0.001087525288312463
741.0 0.0011147335499117617
742.0 0.0012144808351877145
743.0 0.0013142283023626078
744.0 0.0011577936675166711
745.0 0.0010013592145696748
746.0 0.0009750058779900428
747.0 0.0009486525414104108
748.0 0.0008898017767933197
749.0 0.000830951194075169
750.0 0.0008537719622836448
751.0 0.000876592912391061
752.0 0.0008121473001665436
753.0 0.000747701596992556
754.0 0.0007370071216428187
755.0 0.0007263126462930813
756.0 0.0006844999006716534
757.0 0.0006426871550502256
758.0 0.0006619090527237859
759.0 0.0006811310413468163
760.0 0.0006301617759163491
761.0 0.0005791925104858819
762.0 0.0005926274752710015
763.0 0.0006060622581571806
764.0 0.0004769940915139159
765.0 0.0003479258793959161
766.0 0.00047874154915916733
767.0 0.0006095572643971536
768.0 0.0005758841780334478
769.0 0.0005422110007202718
770.0 0.0005781273557659006
771.0 0.0006140436653367942
772.0 0.00056588969528093
773.0 0.0005177357706998009
774.0 0.0005990304543956881
775.0 0.0006803253654652508
776.0 0.0006331007625703933
777.0 0.0005858760687260656
778.0 0.0005631625754176639
779.0 0.0005404490366345271
780.0 0.0006383263098541647
781.0 0.0007362035830738023
782.0 0.0006604828740819357
783.0 0.0005847621196153341
784.0 0.0005356528617994627
785.0 0.0004865436949330615
786.0 0.000548546495338087
787.0 0.0006105494776420528
788.0 0.0005450785465654917
789.0 0.00047960743358999025
790.0 0.00035477344226819696
791.0 0.00022993945094640367
792.0 0.00027152109396411106
793.0 0.00031310278245655354
794.0 0.00032219620607065735
795.0 0.00033128962968476117
796.0 0.00045285710257303435
797.0 0.0005744246664107777
798.0 0.0004443440502654994
799.0 0.00031426343412022106
800.0 0.00025505194116703933
801.0 0.0001958404482138576
802.0 0.00030540404623025097
803.0 0.00041496764424664434
804.0 0.00046266654862847645
805.0 0.0005103654530103086
806.0 0.000347778336617921
807.0 0.0001851912088568497
808.0 0.00032674201975169126
809.0 0.00046829286475258414
810.0 0.0004328679096943233
811.0 0.0003974429546360625
812.0 0.00032777788874227554
813.0 0.0002581127773737535
814.0 0.0003673345872812206
815.0 0.0004765563971886877
816.0 0.00038516045606229454
817.0 0.0002937645604106365
818.0 0.0003685023102661944
819.0 0.0004432401510712225
820.0 0.0003998793545179069
821.0 0.0003565186489140615
822.0 0.000447304819317651
823.0 0.0005380910351959756
824.0 0.00034151084946643095
825.0 0.0001449306864742539
826.0 0.000269612496595073
827.0 0.0003942942839785246
828.0 0.0003915678917110199
829.0 0.0003888414539687801
830.0 0.00037174268072703853
831.0 0.0003546438847479294
832.0 0.0003192423264408717
833.0 0.0002838407908711815
834.0 0.00039590072447026614
835.0 0.0005079607035440858
836.0 0.00037174243061599554
837.0 0.0002355241349505377
838.0 0.0003329162382215145
839.0 0.00043030831875512376
840.0 0.00038373732422769535
841.0 0.00033716637517500203
842.0 0.0004087812158104498
843.0 0.00048039605644589756
844.0 0.0003852546797133982
845.0 0.0002901133711930015
846.0 0.00032577431738900486
847.0 0.0003614351953729056
848.0 0.0004514259217103245
849.0 0.0005414166025730083
850.0 0.00042024134927487466
851.0 0.0002990661187141086
852.0 0.0002551366605985095
853.0 0.00021120720248291036
854.0 0.00025397446279384894
855.0 0.00029674170036742
856.0 0.0003615324203565251
857.0 0.0004263231858203653
858.0 0.0005044736099080183
859.0 0.0005826239885209361
860.0 0.0004769942279381212
861.0 0.00037136442188057117
862.0 0.0002739504907367518
863.0 0.00017653657096161623
864.0 0.0002367618208154454
865.0 0.00029698710477532586
866.0 0.0002766939132925472
867.0 0.00025640069907240104
868.0 0.0003842098067252664
869.0 0.0005120189143781317
870.0 0.0004522231847658986
871.0 0.0003924274551536655
872.0 0.000402689056500094
873.0 0.0004129506578465225
874.0 0.00040202476156991906
875.0 0.0003910988652933156
876.0 0.0003206295559721184
877.0 0.00025016029212565627
878.0 0.0003926401404896751
879.0 0.0005351199433789589
880.0 0.0005371425231714966
881.0 0.000539164921065094
882.0 0.0006203761131473584
883.0 0.0007015872142801527
884.0 0.000625062602921389
885.0 0.0005485379915626254
886.0 0.00047172688937280327
887.0 0.00039491574170824606
888.0 0.0005475606940308353
889.0 0.0007002055554039543
890.0 0.0006939294962649001
891.0 0.0006876533916511107
892.0 0.000598213728153496
893.0 0.0005087739737064112
894.0 0.0004855635324929608
895.0 0.00046235300033004023
896.0 0.0005062713171355426
897.0 0.0005501895884663099
898.0 0.00048066203817143105
899.0 0.00041113448787655216
900.0 0.0003806021595664788
901.0 0.00035006983125640545
902.0 0.00036630278827942675
903.0 0.00038253574530244805
904.0 0.00034970032629644265
905.0 0.0003168648845530697
906.0 0.00034303791380807525
