lsstCam/transmission_filter_detector/r21_s21/i_39/19700101T000000.ecsv
# %ECSV 1.0
# ---
# datatype:
# - {name: wavelength, unit: nm, datatype: float32}
# - {name: efficiency, unit: '%', datatype: float64}
# meta: !!omap
# - {MODE: DETECTOR}
# - {TYPE: transmission_filter_detector}
# - {CALIBDATE: '1970-01-01T00:00:00'}
# - {INSTRUME: LSSTCam}
# - {OBSTYPE: transmission_filter_detector}
# - {CALIBCLS: lsst.ip.isr.IntermediateFilterDetectorTransmissionCurve}
# - {SOURCE: Materion (DM-46256)}
# - {DETECTOR: 88}
# - {FILTER: i_39}
# - {CALIB_ID: 'calibDate=1970-01-01T00:00:00 filter=i_39 detector=88'}
# - {DATE: '2025-04-02T15:59:46.888868'}
# - {CALIB_CREATION_DATE: '2025-04-02'}
# - {CALIB_CREATION_TIME: '15:59:46'}
# - __serialized_columns__:
#     efficiency:
#       __class__: astropy.units.quantity.Quantity
#       unit: !astropy.units.Unit {unit: '%'}
#       value: !astropy.table.SerializedColumn {name: efficiency}
#     wavelength:
#       __class__: astropy.units.quantity.Quantity
#       unit: !astropy.units.Unit {unit: nm}
#       value: !astropy.table.SerializedColumn {name: wavelength}
# schema: astropy-2.0
wavelength efficiency
[from data line 597]
897.0 1.5789806528249128e-10
898.0 1.5789806528249128e-10
899.0 1.5789806528249128e-10
900.0 1.5789806528249128e-10
901.0 1.5789806528249128e-10
902.0 1.5789806528249128e-10
903.0 1.5789806528249128e-10
904.0 2.624323087729863e-05
905.0 7.793386203047703e-05
906.0 0.00012962449318365543
907.0 0.00012257124808456865
908.0 0.00011551800298548187
909.0 6.814010475864052e-05
910.0 2.076221079505558e-05
911.0 8.560617175135121e-05
912.0 0.00015045013697090326
913.0 9.485486884841521e-05
914.0 3.925960072592716e-05
915.0 2.7592577112045547e-05
916.0 1.5925581919873366e-05
917.0 1.5789806528249128e-10
918.0 1.5789806528249128e-10
919.0 1.5789806528249128e-10
920.0 5.539097287510231e-05
921.0 7.17260661531327e-05
922.0 8.806114237813745e-05
923.0 3.96541146585605e-06
924.0 1.5789806528249128e-10
925.0 5.065138566351379e-05
926.0 0.00018143310853702133
927.0 5.883406650752931e-07
928.0 1.5789806528249128e-10
929.0 1.5789806528249128e-10
930.0 0.00017665985296844156
931.0 0.00011672748314595083
932.0 5.6795136060827645e-05
933.0 1.5789806528249128e-10
934.0 1.5789806528249128e-10
935.0 1.5789806528249128e-10
936.0 1.5789806528249128e-10
937.0 1.5789806528249128e-10
938.0 1.5789806528249128e-10
939.0 1.5789806528249128e-10
940.0 1.5789806528249128e-10
941.0 1.5789806528249128e-10
942.0 3.517429547628126e-05
943.0 4.492344274353854e-06
944.0 1.5789806528249128e-10
945.0 1.5789806528249128e-10
946.0 1.5789806528249128e-10
947.0 1.5789806528249128e-10
948.0 0.00013130686511431122
949.0 1.5789806528249128e-10
950.0 1.5789806528249128e-10
951.0 1.5789806528249128e-10
952.0 1.5789806528249128e-10
953.0 1.5789806528249128e-10
954.0 1.5789806528249128e-10
955.0 1.5789806528249128e-10
956.0 1.5789806528249128e-10
957.0 7.482462649477384e-06
958.0 9.168656447400281e-05
959.0 0.00010068803248941549
960.0 0.00010968949482048629
961.0 0.00010868945992115187
962.0 0.00010768942502181744
963.0 0.000128572514768166
964.0 0.0001494556272518821
965.0 9.577069022270734e-05
966.0 4.20857674043873e-05
967.0 1.5789806528249128e-10
968.0 1.5789806528249128e-10
969.0 1.5789806528249128e-10
970.0 1.5789806528249128e-10
971.0 1.5789806528249128e-10
972.0 1.5789806528249128e-10
973.0 1.5789806528249128e-10
974.0 8.74797876804223e-05
975.0 1.5789806528249128e-10
976.0 1.5789806528249128e-10
977.0 1.5789806528249128e-10
978.0 7.582243597425986e-05
979.0 1.5789806528249128e-10
980.0 1.5789806528249128e-10
981.0 1.5789806528249128e-10
982.0 1.5789806528249128e-10
983.0 1.5789806528249128e-10
984.0 1.5789806528249128e-10
985.0 1.5789806528249128e-10
986.0 4.216387310407299e-05
987.0 1.5789806528249128e-10
988.0 1.5789806528249128e-10
989.0 1.5789806528249128e-10
990.0 1.5789806528249128e-10
991.0 4.5057413444737904e-05
992.0 9.138164500654966e-05
993.0 5.612094469142903e-05
994.0 2.086026285041953e-05
995.0 7.319222277146764e-05
996.0 0.00012552417274491745
997.0 8.772979072091402e-05
998.0 4.9935385959543055e-05
999.0 0.0001279505454476748
1000.0 0.00020596567082975525
1001.0 0.00024047458282439038
1002.0 0.0002749834948190255
1003.0 0.0001973297685253783
1004.0 0.00011967603086304734
1005.0 8.973012768365152e-05
1006.0 5.9784144923469285e-05
1007.0 0.00010820735951710958
1008.0 0.0001566306082168012
1009.0 0.00021412181467894698
1010.0 0.0002716129984037252
1011.0 0.00022914680357644102
1012.0 0.00018668055190573796
1013.0 0.00020539378056128044
1014.0 0.0002241070205855067
1015.0 0.00025771596483536996
1016.0 0.00029132497729733586
1017.0 0.0002802736617013579
1018.0 0.00026922239158011507
1019.0 0.00011921570148842875
1020.0 1.5789806528249128e-10
1021.0 9.779535048437538e-06
1022.0 5.035008712184208e-05
1023.0 0.0002220662963736686
1024.0 0.000393782511309837
1025.0 0.00042176015995210037
1026.0 0.00044973780859436374
1027.0 0.00042313768062740564
1028.0 0.00039653755266044755
1029.0 0.0008025269380596001
1030.0 0.0012085162779840175
1031.0 0.0016553778550587595
1032.0 0.0021022389773861505
1033.0 0.0023944094209582545
1034.0 0.0026865798645303585
1035.0 0.003095858119195327
1036.0 0.0035051361919613555
1037.0 0.0034096497984137386
1038.0 0.0033141634048661217
1039.0 0.0031947314710123464
1040.0 0.003075299537158571
1041.0 0.002774253334791865
1042.0 0.002473207132425159
1043.0 0.002925142507592682
1044.0 0.0033770778827602044
1045.0 0.003123768328805454
1046.0 0.0028704585929517634
1047.0 0.0030291699658846483
1048.0 0.0031878811569185928
1049.0 0.002807280543493107
1050.0 0.0024266795662697405
1051.0 0.002124443926732056
1052.0 0.0018222084690933116
1053.0 0.0014398998246178962
1054.0 0.0010575911801424809
1055.0 0.001008709386951523
1056.0 0.0009598275937605649
1057.0 0.0006060469331714557
1058.0 0.0002522664317439194
1059.0 0.0005454971415019827
1060.0 0.0008387278285226785
1061.0 0.001018062812363496
1062.0 0.0011973978871537838
1063.0 0.0019078608602285385
1064.0 0.0026183241061517037
1065.0 0.0032912310416577384
1066.0 0.003964137431466952
1067.0 0.004706211620941758
1068.0 0.005448285810416564
1069.0 0.0048036563384812325
1070.0 0.00415902650274802
1071.0 0.0038971262256382033
1072.0 0.003635225584730506
1073.0 0.003401151843718253
1074.0 0.0031670777389081195
1075.0 0.003318554809084162
1076.0 0.003470031515462324
1077.0 0.0029960474421386607
1078.0 0.0025220633688149974
1079.0 0.0023696431526332162
1080.0 0.002217222936451435
1081.0 0.001510952915850794
1082.0 0.0008046830771490932
1083.0 0.00040700028876017313
1084.0 9.31745489651803e-06
1085.0 4.901880856778007e-05
1086.0 8.872029866324738e-05
1087.0 1.5789806528249128e-10
1088.0 1.5789806528249128e-10
1089.0 1.5789806528249128e-10
1090.0 1.5789806528249128e-10
1091.0 1.5789806528249128e-10
1092.0 0.0004570750206767116
1093.0 0.000125142923934618
1094.0 1.5789806528249128e-10
1095.0 1.5789806528249128e-10
1096.0 1.5789806528249128e-10
1097.0 1.5789806528249128e-10
1098.0 1.5789806528249128e-10
1099.0 1.5789806528249128e-10
1100.0 0.000714133057044819
