lsstCam/transmission_filter_detector/r21_s21/i_39/19700101T000000.ecsv
# %ECSV 1.0
# ---
# datatype:
# - {name: wavelength, unit: nm, datatype: float32}
# - {name: efficiency, unit: '%', datatype: float64}
# meta: !!omap
# - {MODE: DETECTOR}
# - {TYPE: transmission_filter_detector}
# - {CALIBDATE: '1970-01-01T00:00:00'}
# - {INSTRUME: LSSTCam}
# - {OBSTYPE: transmission_filter_detector}
# - {CALIBCLS: lsst.ip.isr.IntermediateFilterDetectorTransmissionCurve}
# - {SOURCE: Materion (DM-46256)}
# - {DETECTOR: 88}
# - {FILTER: i_39}
# - {CALIB_ID: 'calibDate=1970-01-01T00:00:00 filter=i_39 detector=88'}
# - {DATE: '2025-04-02T15:59:46.888868'}
# - {CALIB_CREATION_DATE: '2025-04-02'}
# - {CALIB_CREATION_TIME: '15:59:46'}
# - __serialized_columns__:
#     efficiency:
#       __class__: astropy.units.quantity.Quantity
#       unit: !astropy.units.Unit {unit: '%'}
#       value: !astropy.table.SerializedColumn {name: efficiency}
#     wavelength:
#       __class__: astropy.units.quantity.Quantity
#       unit: !astropy.units.Unit {unit: nm}
#       value: !astropy.table.SerializedColumn {name: wavelength}
# schema: astropy-2.0
wavelength efficiency
300.0 0.02765116805676371
301.0 0.00635511678410694
302.0 1.5789806528249128e-10
303.0 1.5789806528249128e-10
304.0 0.01292732049478218
305.0 0.010383605695096776
306.0 0.007839890895411372
307.0 0.010163574916077778
308.0 0.01248725748155266
309.0 0.006918601866345853
310.0 0.0013499445230991114
311.0 0.0014953656318539288
312.0 0.0016407890143455006
313.0 1.5789806528249128e-10
314.0 1.5789806528249128e-10
315.0 1.5789806528249128e-10
316.0 1.5789806528249128e-10
317.0 1.5789806528249128e-10
318.0 0.002493144347681664
319.0 0.0035482182283885777
320.0 0.004603292836691253
321.0 0.003915490378858522
322.0 0.0032276864658342674
323.0 0.003271101013524458
324.0 0.0033145141060231254
325.0 0.00042585611481626984
326.0 1.5789806528249128e-10
327.0 1.5789806528249128e-10
328.0 1.5789806528249128e-10
329.0 1.5789806528249128e-10
330.0 0.0006919320640008664
331.0 0.0017323793144896626
332.0 0.0027728268833016045
333.0 0.002816517917381134
334.0 0.002860208769561723
335.0 0.0020786095774383284
336.0 0.0012970101124665234
337.0 0.0017554961232235655
338.0 0.002213981315435376
339.0 0.0024390237740590237
340.0 0.0026640664145816118
341.0 0.0013819703781337012
342.0 9.987419389290153e-05
343.0 0.0013405962818069384
344.0 0.002581318585725967
345.0 0.0011786922186729498
346.0 1.5789806528249128e-10
347.0 1.5789806528249128e-10
348.0 1.5789806528249128e-10
349.0 1.5789806528249128e-10
350.0 0.0001922350065797218
351.0 1.5789806528249128e-10
352.0 1.5789806528249128e-10
353.0 1.5789806528249128e-10
354.0 1.5789806528249128e-10
355.0 1.5789806528249128e-10
356.0 1.5789806528249128e-10
357.0 0.00014935703802620992
358.0 0.0007176467534009134
359.0 0.0004586386694427347
360.0 0.00019963038084824802
361.0 0.00041037756091100164
362.0 0.000621124854660593
363.0 0.0001838804678300221
364.0 1.5789806528249128e-10
365.0 0.00017110761518779327
366.0 0.0005955791948508704
367.0 0.0004987206011719536
368.0 0.0004018619620183017
369.0 0.0003200243327228236
370.0 0.00023818668068997795
371.0 0.000283464487438323
372.0 0.000328742294186668
373.0 0.0005090706054033944
374.0 0.0006893988029332832
375.0 0.0005360193426895421
376.0 0.0003826397460215958
377.0 0.00014491872661892558
378.0 1.5789806528249128e-10
379.0 1.5789806528249128e-10
380.0 5.33480886133475e-05
381.0 1.5789806528249128e-10
382.0 1.5789806528249128e-10
383.0 0.00041347602746100165
384.0 0.0011486380572023336
385.0 0.0007382961030089064
386.0 0.00032795426250231685
387.0 0.00018700733335208497
388.0 4.6060222302912734e-05
389.0 3.0485094271170965e-05
390.0 1.4909875289959018e-05
391.0 0.0004113566774321953
392.0 0.0008078034625214059
393.0 0.00046918717089283746
394.0 0.0001305708906329528
395.0 0.0001615436417523597
396.0 0.0001925164269778179
397.0 0.0005817054443468805
398.0 0.0009708944162412081
399.0 0.0009607973879610654
400.0 0.0009507003596809227
401.0 0.0018733191609499045
402.0 0.0027959369617747143
403.0 0.003416699473746121
404.0 0.004037462713313289
405.0 0.002887969822040759
406.0 0.0017384767488692887
407.0 0.0025754390662768856
408.0 0.0034124008379876614
409.0 0.003316687434562482
410.0 0.003220973303541541
411.0 0.004372645344119519
412.0 0.005524317020899616
413.0 0.0049412366934120655
414.0 0.0043581567297223955
415.0 0.004173074194113724
416.0 0.003987991658505052
417.0 0.004343309410614893
418.0 0.004698626435128972
419.0 0.003705100971274078
420.0 0.0027115747798234224
421.0 0.003689448567456566
422.0 0.004667322355089709
423.0 0.004829713361687027
424.0 0.004992104368284345
425.0 0.005547610271605663
426.0 0.006103115811129101
427.0 0.005157090345164761
428.0 0.0042110645154025406
429.0 0.004057389378431253
430.0 0.003903714969055727
431.0 0.0033588719816179946
432.0 0.002814029357978143
433.0 0.0030988776416052133
434.0 0.0033837259252322838
435.0 0.0030093451641732827
436.0 0.0026349638574174605
437.0 0.0021538868168136105
438.0 0.0016728099581087008
439.0 0.0014841511074337177
440.0 0.0012954922567587346
441.0 0.001617520501895342
442.0 0.0019395491108298302
443.0 0.0017378326447214931
444.0 0.0015361159967142157
445.0 0.0013001208571949974
446.0 0.0010641258995747194
447.0 0.0007864930012146942
448.0 0.0005088601028546691
449.0 0.0003509658881739597
450.0 0.00019307162801851518
451.0 0.00034032034363917774
452.0 0.0004875691047345754
453.0 0.0008062656888796482
454.0 0.0011249623639741912
455.0 0.00116508263090509
456.0 0.0012052029887854587
457.0 0.0006635214049310889
458.0 0.000121839775601984
459.0 0.00037848358260816894
460.0 0.0006351272531901486
461.0 0.0008609332326159347
462.0 0.0010867391210922506
463.0 0.0007136507065297337
464.0 0.0003405622464924818
465.0 0.0002622354713821551
466.0 0.0001839086507970933
467.0 0.00032684267807781
468.0 0.0004697766598837916
469.0 0.0004614070348907262
470.0 0.00045303731894819066
471.0 0.000531094565303647
472.0 0.0006091519935580436
473.0 0.0006667153684247751
474.0 0.0007242787887662416
475.0 0.0004920476385450456
476.0 0.00025981644284911454
477.0 0.00043788436414615717
478.0 0.0006159522399684647
479.0 0.0012231699656695127
480.0 0.0018303879187442362
481.0 0.002533625956857577
482.0 0.0032368643587687984
483.0 0.004676432945416309
484.0 0.0061160018958617
485.0 0.007394668500637636
486.0 0.00867333437781781
487.0 0.01132119432440959
488.0 0.013969051360618323
489.0 0.01653161452850327
490.0 0.019094176241196692
491.0 0.02150212530978024
492.0 0.023910074378363788
493.0 0.025151472073048353
494.0 0.026392869767732918
495.0 0.02343625674257055
496.0 0.020479642262216657
497.0 0.016826561477500945
498.0 0.013173480692785233
499.0 0.009241868974640965
500.0 0.005310257984092459
501.0 0.00371688038285356
502.0 0.002123502599715721
503.0 0.0021564368580584414
504.0 0.0021893709345022216
505.0 0.0020783623767783865
506.0 0.001967353637155611
507.0 0.0020748453607666306
508.0 0.00218233708437765
509.0 0.0022795129552832805
510.0 0.002376689008087851
511.0 0.0020178382328595035
512.0 0.0016589876395300962
513.0 0.0017684375052340329
514.0 0.0018778875528369099
515.0 0.002075610427709762
516.0 0.0022733331206836738
517.0 0.002291557211719919
518.0 0.0023097814846551046
519.0 0.0022487429305328988
520.0 0.002187704376410693
521.0 0.0018971224562847055
522.0 0.0016065405361587182
523.0 0.0015974515918060206
524.0 0.001588362647453323
525.0 0.002197608228016179
526.0 0.0028068539904779755
527.0 0.0027894851882592775
528.0 0.0027721163860405795
529.0 0.0024403921997873113
530.0 0.002108668013534043
531.0 0.0020008870706078596
532.0 0.001893106491479557
533.0 0.0017962738638743758
534.0 0.0016994412362691946
535.0 0.0019356721168151125
536.0 0.00217190281546209
537.0 0.002766358920780476
538.0 0.0033608146623009816
539.0 0.004016800448880531
540.0 0.00467278623546008
541.0 0.005113705992698669
542.0 0.005554626113735139
543.0 0.0052791237976634875
544.0 0.005003621845389716
545.0 0.003929409649572335
546.0 0.0028551976356538944
547.0 0.0022997395717538893
548.0 0.0017442815078538842
549.0 0.0016749077985878102
550.0 0.001605534453119617
551.0 0.00159010523930192
552.0 0.001574676025484223
553.0 0.0015171137420111336
554.0 0.001459551367588574
555.0 0.001092708498617867
556.0 0.0007258657205966301
557.0 0.0008672440344525967
558.0 0.0010086224392580334
559.0 0.0006154527000035159
560.0 0.00022228291527426336
561.0 0.0008806812729744706
562.0 0.0015390798580483533
563.0 0.0015320129023166373
564.0 0.0015249461284838617
565.0 0.0014444433872995432
566.0 0.001363940737064695
567.0 0.001099690325645497
568.0 0.0008354400051757693
569.0 0.0007573815310024656
570.0 0.000679323102303897
571.0 0.0004889619503956055
572.0 0.00029860075301257893
573.0 0.0003903179276676383
574.0 0.00048203514779743273
575.0 0.00048808351493789814
576.0 0.0004941319730278337
577.0 0.0005143377165950369
578.0 0.0005345435056369752
579.0 0.0004381292910693446
580.0 0.0003417151901885518
581.0 0.0003511871454975335
582.0 0.0003606591917559854
583.0 0.00045383435463008936
584.0 0.0005470094947668258
585.0 0.0005969109224679414
586.0 0.0006468124865932623
587.0 0.0006896445938764373
588.0 0.0007324766102101421
589.0 0.0006933048553037224
590.0 0.0006541331003973028
591.0 0.0006594495516765164
592.0 0.0006647660484304652
593.0 0.0006432608188333688
594.0 0.0006217554982868023
595.0 0.0005814712039864389
596.0 0.0005411868642113404
597.0 0.00047017165343277156
598.0 0.0003991564426542027
599.0 0.00035223845316068036
600.0 0.00030532046366715804
601.0 0.0003036361022168421
602.0 0.00030195176350389374
603.0 0.0003255090177844977
604.0 0.0003490662948024692
605.0 0.00026002214781328803
606.0 0.00017097801219279063
607.0 0.0004029072897537844
608.0 0.000634836578683462
609.0 0.0005338256414688658
610.0 0.0004328146133047994
611.0 0.0005726236395275919
612.0 0.0007124326657503843
613.0 0.00048546289690420963
614.0 0.0002584931053206674
615.0 0.00024407099772361107
616.0 0.00022964889012655476
617.0 0.000280062090496358
618.0 0.0003304753363408963
619.0 0.0003493905524010188
620.0 0.00036830581393587636
621.0 0.00033059770885301987
622.0 0.0002928896265075309
623.0 0.00040407840060652234
624.0 0.0005152672656549839
625.0 0.0003631597337516723
626.0 0.00021105227006046334
627.0 0.0002683118964341702
628.0 0.0003255715000705095
629.0 0.00037035772493254626
630.0 0.00041514390431984793
631.0 0.0004843852366320789
632.0 0.0005536264779948397
633.0 0.00046609516175522003
634.0 0.0003785636863540276
635.0 0.0003670669002531213
636.0 0.0003555700914148474
637.0 0.00046393224693019874
638.0 0.0005722944024455501
639.0 0.0006421967100322945
640.0 0.0007120989266695688
641.0 0.0006190743533807108
642.0 0.0005260497800918529
643.0 0.0006180814580147853
644.0 0.0007101132268871879
645.0 0.0007821216058800928
646.0 0.0008541299393982626
647.0 0.0007711767466389574
648.0 0.0006882235538796522
649.0 0.0007368422757281223
650.0 0.0007854609975765925
651.0 0.0009049080290424172
652.0 0.0010243549695587717
653.0 0.0010732718692452181
654.0 0.0011221888598811347
655.0 0.001565890124766156
656.0 0.0020095914806006476
657.0 0.0030152163162711076
658.0 0.004020840424345806
659.0 0.006669748108834028
660.0 0.04964495310559869
661.0 0.09942890610545874
662.0 0.10448482353240252
663.0 0.10630158940330148
664.0 0.09945174679160118
665.0 0.15420304844155908
666.0 0.19373241811990738
667.0 0.25072162970900536
668.0 0.21138065494596958
669.0 0.3470318391919136
670.0 0.4843952599912882
671.0 0.7457285188138485
672.0 1.1109145358204842
673.0 1.7163442447781563
674.0 2.513027563691139
675.0 3.5203009843826294
676.0 4.637918248772621
677.0 5.964435636997223
678.0 7.350241392850876
679.0 8.930686861276627
680.0 11.001021414995193
681.0 13.155578076839447
682.0 15.826088190078735
683.0 18.552464246749878
684.0 21.49551510810852
685.0 24.40364956855774
686.0 27.450984716415405
687.0 30.783292651176453
688.0 34.14278030395508
689.0 37.70990967750549
690.0 41.749486327171326
691.0 46.306392550468445
692.0 51.50023698806763
693.0 57.00712203979492
694.0 63.17411661148071
695.0 68.87445449829102
696.0 75.12326836585999
697.0 80.53852319717407
698.0 86.08428835868835
699.0 89.97207283973694
700.0 92.91521310806274
701.0 94.997239112854
702.0 96.42989039421082
703.0 97.1410870552063
704.0 97.40145206451416
705.0 97.74239659309387
706.0 97.69763946533203
707.0 97.798091173172
708.0 97.864431142807
709.0 97.78384566307068
710.0 97.60489463806152
711.0 97.85887002944946
712.0 97.88073897361755
713.0 97.92223572731018
714.0 97.9919970035553
715.0 98.10700416564941
716.0 97.90761470794678
717.0 98.08240532875061
718.0 98.04218411445618
719.0 98.00384044647217
720.0 98.18499684333801
721.0 98.05746674537659
722.0 97.77365922927856
723.0 97.48260378837585
724.0 97.13342785835266
725.0 97.00196981430054
726.0 96.76482677459717
727.0 96.5553879737854
728.0 96.4081883430481
729.0 96.26598954200745
730.0 96.32827639579773
731.0 96.38198018074036
732.0 96.55340909957886
733.0 96.75579071044922
734.0 97.13189601898193
735.0 97.30072617530823
736.0 97.67827987670898
737.0 98.08887243270874
738.0 98.29142689704895
739.0 98.62551093101501
740.0 98.70438575744629
741.0 98.51123690605164
742.0 98.78157377243042
743.0 98.63540530204773
744.0 98.51364493370056
745.0 98.48214983940125
746.0 98.43824505805969
747.0 98.660409450531
748.0 98.53468537330627
749.0 98.46444129943848
750.0 98.4358012676239
751.0 98.36453199386597
752.0 98.24331402778625
753.0 98.49839210510254
754.0 98.39956760406494
755.0 98.5081136226654
756.0 98.5622763633728
757.0 98.48923683166504
758.0 98.68565201759338
759.0 98.69163632392883
760.0 98.62579107284546
761.0 98.49527478218079
762.0 98.57102632522583
763.0 98.60965609550476
764.0 98.4432578086853
765.0 98.39211106300354
766.0 98.34205508232117
767.0 98.20751547813416
768.0 98.22169542312622
769.0 98.20219874382019
770.0 97.95733690261841
771.0 97.97277450561523
772.0 97.98048734664917
773.0 97.82359004020691
774.0 97.67080545425415
775.0 97.78721928596497
776.0 97.65772819519043
777.0 97.71190285682678
778.0 97.86015748977661
779.0 97.94238209724426
780.0 97.89211750030518
781.0 98.22660684585571
782.0 98.25291633605957
783.0 98.30349683761597
784.0 98.40208888053894
785.0 98.40867519378662
786.0 98.63083958625793
787.0 98.32126498222351
788.0 98.35683107376099
789.0 98.41105341911316
790.0 98.32242727279663
791.0 98.43534827232361
792.0 98.17534685134888
793.0 98.11724424362183
794.0 98.06991219520569
795.0 97.8314459323883
796.0 97.88635969161987
797.0 97.88784980773926
798.0 97.866290807724
799.0 97.66885638237
800.0 97.42856621742249
801.0 97.4593997001648
802.0 97.21425175666809
803.0 96.89750671386719
804.0 96.40332460403442
805.0 95.67267298698425
806.0 94.82056498527527
807.0 93.39748024940491
808.0 91.82576537132263
809.0 89.90511298179626
810.0 87.79939413070679
811.0 85.11894941329956
812.0 81.9551169872284
813.0 78.47643494606018
814.0 74.48399662971497
815.0 70.15643119812012
816.0 65.93190431594849
817.0 61.203593015670776
818.0 56.34115934371948
819.0 52.166926860809326
820.0 47.39773869514465
821.0 42.901092767715454
822.0 38.55859637260437
823.0 33.94930064678192
824.0 29.334920644760132
825.0 25.084364414215088
826.0 20.627982914447784
827.0 16.157209873199463
828.0 12.26220354437828
829.0 8.804075419902802
830.0 5.690800026059151
831.0 3.737231343984604
832.0 2.2100208327174187
833.0 1.3166924938559532
834.0 0.7800685241818428
835.0 0.4346057306975126
836.0 0.2637582831084728
837.0 0.12415192322805524
838.0 0.11278862366452813
839.0 0.051337655168026686
840.0 0.011918722884729505
841.0 0.0011796852049883455
842.0 1.5789806528249128e-10
843.0 0.024857110111042857
844.0 0.03625430108513683
845.0 1.5789806528249128e-10
846.0 1.5789806528249128e-10
847.0 1.5789806528249128e-10
848.0 1.5789806528249128e-10
849.0 1.5789806528249128e-10
850.0 1.5789806528249128e-10
851.0 0.0006420541467377916
852.0 0.001025514939101413
853.0 0.00072745078796288
854.0 0.0004293866368243471
855.0 0.0001221839170284511
856.0 1.5789806528249128e-10
857.0 1.5789806528249128e-10
858.0 0.0001228249516316282
859.0 1.5789806528249128e-10
860.0 1.5789806528249128e-10
861.0 1.5789806528249128e-10
862.0 9.585509133103187e-05
863.0 1.5789806528249128e-10
864.0 1.5789806528249128e-10
865.0 1.5789806528249128e-10
866.0 1.5789806528249128e-10
867.0 1.5789806528249128e-10
868.0 1.5789806528249128e-10
869.0 1.5789806528249128e-10
870.0 1.5789806528249128e-10
871.0 1.5789806528249128e-10
872.0 1.5789806528249128e-10
873.0 0.00010791986824187916
874.0 0.00022990600427874597
875.0 6.265663614613004e-05
876.0 1.5789806528249128e-10
877.0 1.5789806528249128e-10
878.0 1.5789806528249128e-10
879.0 5.8425354154678644e-05
880.0 0.00016876131212484324
881.0 8.96283268048137e-05
882.0 1.0495414670685932e-05
883.0 3.136551356419659e-05
884.0 5.223564016887394e-05
885.0 2.2467358462563425e-05
886.0 1.5789806528249128e-10
887.0 1.5789806528249128e-10
888.0 1.5789806528249128e-10
889.0 1.5789806528249128e-10
890.0 1.5789806528249128e-10
891.0 1.5789806528249128e-10
892.0 5.1900235575885745e-05
893.0 3.659310365833335e-06
894.0 1.5789806528249128e-10
895.0 1.5789806528249128e-10
