lsstCam/transmission_filter_detector/r24_s12/u_24/19700101T000000.ecsv
# %ECSV 1.0
# ---
# datatype:
# - {name: wavelength, unit: nm, datatype: float32}
# - {name: efficiency, unit: '%', datatype: float64}
# meta: !!omap
# - {MODE: DETECTOR}
# - {TYPE: transmission_filter_detector}
# - {CALIBDATE: '1970-01-01T00:00:00'}
# - {INSTRUME: LSSTCam}
# - {OBSTYPE: transmission_filter_detector}
# - {CALIBCLS: lsst.ip.isr.IntermediateFilterDetectorTransmissionCurve}
# - {SOURCE: Materion (DM-46256)}
# - {DETECTOR: 113}
# - {FILTER: u_24}
# - {CALIB_ID: 'calibDate=1970-01-01T00:00:00 filter=u_24 detector=113'}
# - {DATE: '2025-04-02T15:59:40.272027'}
# - {CALIB_CREATION_DATE: '2025-04-02'}
# - {CALIB_CREATION_TIME: '15:59:40'}
# - __serialized_columns__:
#     efficiency:
#       __class__: astropy.units.quantity.Quantity
#       unit: !astropy.units.Unit {unit: '%'}
#       value: !astropy.table.SerializedColumn {name: efficiency}
#     wavelength:
#       __class__: astropy.units.quantity.Quantity
#       unit: !astropy.units.Unit {unit: nm}
#       value: !astropy.table.SerializedColumn {name: wavelength}
# schema: astropy-2.0
wavelength efficiency
[from data line 587]
882.0 0.0036748398997588083
883.0 0.0033157710277009755
884.0 0.002956702701339964
885.0 0.002809279612847604
886.0 0.002661856524355244
887.0 0.0023720882381894626
888.0 0.0020823199520236813
889.0 0.0020145898815826513
890.0 0.0019468592654448003
891.0 0.0022525795429828577
892.0 0.0025583000024198554
893.0 0.0025958159312722273
894.0 0.002633331678225659
895.0 0.0028262165869819
896.0 0.0030191016776370816
897.0 0.003571699926396832
898.0 0.004124297993257642
899.0 0.004230812191963196
900.0 0.004337326026870869
901.0 0.004284851092961617
902.0 0.0042323761590523645
903.0 0.004521587106864899
904.0 0.004810798418475315
905.0 0.005008525477023795
906.0 0.005206251807976514
907.0 0.005482771302922629
908.0 0.005759291161666624
909.0 0.005853820402990095
910.0 0.005948350008111447
911.0 0.00610201241215691
912.0 0.006255674816202372
913.0 0.006013033998897299
914.0 0.005770392453996465
915.0 0.005140685971127823
916.0 0.004510979124461301
917.0 0.00408948544645682
918.0 0.003667991768452339
919.0 0.004046561662107706
920.0 0.0044251311919651926
921.0 0.004568778240354732
922.0 0.00471242492494639
923.0 0.005555742609431036
924.0 0.006399059202522039
925.0 0.006636186299147084
926.0 0.006873313395772129
927.0 0.007417313463520259
928.0 0.007961312076076865
929.0 0.007837493467377499
930.0 0.007713674131082371
931.0 0.007330319203902036
932.0 0.006946962821530178
933.0 0.006955954449949786
934.0 0.0069649453507736325
935.0 0.006916180427651852
936.0 0.006867414776934311
937.0 0.007064983947202563
938.0 0.0072625553002581
939.0 0.007102826930349693
940.0 0.006943098560441285
941.0 0.006037598359398544
942.0 0.00513209706696216
943.0 0.004210368206258863
944.0 0.003288639709353447
945.0 0.002732625216594897
946.0 0.002176610905735288
947.0 0.0016463054635096341
948.0 0.0011160002031829208
949.0 0.0010319390639779158
950.0 0.0009478778338234406
951.0 0.001169932511402294
952.0 0.0013919871889811475
953.0 0.0014738043319084682
954.0 0.001555621565785259
955.0 0.0021995747374603525
956.0 0.0028435280910343863
957.0 0.0029071266908431426
958.0 0.002970724926854018
959.0 0.0031785384635441005
960.0 0.0033863518183352426
961.0 0.0039251899579539895
962.0 0.004464027733774856
963.0 0.0045894757931819186
964.0 0.004714924216386862
965.0 0.004686694228439592
966.0 0.004658464604290202
967.0 0.004594722850015387
968.0 0.004530981459538452
969.0 0.004626443478628062
970.0 0.00472190513391979
971.0 0.004799481757800095
972.0 0.0048770580178825185
973.0 0.004778122456627898
974.0 0.004679186167777516
975.0 0.0044840136979473755
976.0 0.004288841228117235
977.0 0.004012651334051043
978.0 0.0037364614399848506
979.0 0.0033658347092568874
980.0 0.002995207796629984
981.0 0.0029768352760584094
982.0 0.002958462755486835
983.0 0.0029219114367151633
984.0 0.0028853599360445514
985.0 0.0032817177270771936
986.0 0.003678076245705597
987.0 0.003934831329388544
988.0 0.004191586413071491
989.0 0.005108487675897777
990.0 0.006025387847330421
991.0 0.006367675086949021
992.0 0.00670996232656762
993.0 0.007272095535881817
994.0 0.007834227290004492
995.0 0.007508909038733691
996.0 0.007183588604675606
997.0 0.007046877726679668
998.0 0.0069101697590667754
999.0 0.006647237023571506
1000.0 0.006384304288076237
1001.0 0.005894447895116173
1002.0 0.005404591138358228
1003.0 0.004996561983716674
1004.0 0.00458853246527724
1005.0 0.004752098539029248
1006.0 0.004915663885185495
1007.0 0.004932719093631022
1008.0 0.004949773210682906
1009.0 0.004437083043740131
1010.0 0.003924393604393117
1011.0 0.003558036041795276
1012.0 0.003191678479197435
1013.0 0.0028997617846471258
1014.0 0.0026078452719957568
1015.0 0.002320588282600511
1016.0 0.0020333311113063246
1017.0 0.001702890222077258
1018.0 0.0013724490599997807
1019.0 0.0012621543646673672
1020.0 0.0011518595783854835
1021.0 0.0011572815310501028
1022.0 0.0011627036656136625
1023.0 0.001208595585922012
1024.0 0.0012544875062303618
1025.0 0.0012951119060744531
1026.0 0.0013357363059185445
1027.0 0.0013679572475666646
1028.0 0.0014001780982653145
1029.0 0.0013988229511596728
1030.0 0.0013974678040540311
1031.0 0.00195670345419785
1032.0 0.002515939013392199
1033.0 0.002409294575045351
1034.0 0.0023026497729006223
1035.0 0.0023831944417906925
1036.0 0.0024637385649839416
1037.0 0.002560531174822245
1038.0 0.0026573239665594883
1039.0 0.0023931756004458293
1040.0 0.0021290274162311107
1041.0 0.002051727096841205
1042.0 0.00197442714124918
1043.0 0.0018918322894023731
1044.0 0.0018092374375555664
1045.0 0.0017340982594760135
1046.0 0.0016589590813964605
1047.0 0.0014548259969160426
1048.0 0.0012506929124356247
1049.0 0.0012524984413175844
1050.0 0.001254303515452193
1051.0 0.0015921894373605028
1052.0 0.001930075086420402
1053.0 0.0015418681869050488
1054.0 0.0011536611964402255
1055.0 0.0007668360922252759
1056.0 0.0003800110789597966
1057.0 0.0008704238098289352
1058.0 0.0013608365406980738
1059.0 0.0010501181350264233
1060.0 0.0007393999112537131
1061.0 0.0016767931811045855
1062.0 0.002614186450955458
1063.0 0.0024612530978629366
1064.0 0.0023083195628714748
1065.0 0.0017421030861441977
1066.0 0.0011758867003663909
1067.0 0.0008560239621147048
1068.0 0.0005361609055398731
1069.0 0.0014634123544965405
1070.0 0.0023906635760795325
1071.0 0.0019332132069393992
1072.0 0.0014757627468497958
1073.0 0.0020180648789391853
1074.0 0.0025603672838769853
1075.0 0.003041963282157667
1076.0 0.0035235592804383487
1077.0 0.004538026405498385
1078.0 0.005552493530558422
1079.0 0.0061544029449578375
1080.0 0.00675631090416573
1081.0 0.005519920159713365
1082.0 0.004283529779058881
1083.0 0.0036507299228105694
1084.0 0.0030179300665622577
1085.0 0.0038130707253003493
1086.0 0.00460821102024056
1087.0 0.004528335193754174
1088.0 0.004448459731065668
1089.0 0.005573741145781241
1090.0 0.006699022196698934
1091.0 0.004390333197079599
1092.0 0.002081644197460264
1093.0 0.002838876571331639
1094.0 0.0035961082176072523
1095.0 0.004355360215413384
1096.0 0.005114612213219516
1097.0 0.004303334935684688
1098.0 0.0034920580219477415
1099.0 0.003066056888201274
1100.0 0.0026400563001516275
