lsstCam/transmission_filter_detector/r24_s12/u_24/19700101T000000.ecsv
# %ECSV 1.0
# ---
# datatype:
# - {name: wavelength, unit: nm, datatype: float32}
# - {name: efficiency, unit: '%', datatype: float64}
# meta: !!omap
# - {MODE: DETECTOR}
# - {TYPE: transmission_filter_detector}
# - {CALIBDATE: '1970-01-01T00:00:00'}
# - {INSTRUME: LSSTCam}
# - {OBSTYPE: transmission_filter_detector}
# - {CALIBCLS: lsst.ip.isr.IntermediateFilterDetectorTransmissionCurve}
# - {SOURCE: Materion (DM-46256)}
# - {DETECTOR: 113}
# - {FILTER: u_24}
# - {CALIB_ID: 'calibDate=1970-01-01T00:00:00 filter=u_24 detector=113'}
# - {DATE: '2025-04-02T15:59:40.272027'}
# - {CALIB_CREATION_DATE: '2025-04-02'}
# - {CALIB_CREATION_TIME: '15:59:40'}
# - __serialized_columns__:
#     efficiency:
#       __class__: astropy.units.quantity.Quantity
#       unit: !astropy.units.Unit {unit: '%'}
#       value: !astropy.table.SerializedColumn {name: efficiency}
#     wavelength:
#       __class__: astropy.units.quantity.Quantity
#       unit: !astropy.units.Unit {unit: nm}
#       value: !astropy.table.SerializedColumn {name: wavelength}
# schema: astropy-2.0
wavelength efficiency
295.0 1.708554738660828e-10
296.0 1.708554738660828e-10
297.0 1.708554738660828e-10
298.0 1.708554738660828e-10
299.0 1.708554738660828e-10
300.0 1.708554738660828e-10
301.0 1.708554738660828e-10
302.0 1.708554738660828e-10
303.0 1.708554738660828e-10
304.0 0.5793516524136066
305.0 1.3039341196417809
306.0 2.9642291367053986
307.0 4.954521730542183
308.0 7.676643133163452
309.0 11.485305428504944
310.0 15.353801846504211
311.0 19.033074378967285
312.0 22.599640488624573
313.0 25.684526562690735
314.0 28.3085435628891
315.0 30.889204144477844
316.0 33.158475160598755
317.0 36.441570520401
318.0 40.26965796947479
319.0 45.17914950847626
320.0 51.37913227081299
321.0 56.955403089523315
322.0 62.649714946746826
323.0 67.30644106864929
324.0 70.72500586509705
325.0 73.30124974250793
326.0 75.4875898361206
327.0 77.10562944412231
328.0 78.6436676979065
329.0 79.98507022857666
330.0 80.85874915122986
331.0 81.23277425765991
332.0 81.3234806060791
333.0 81.53548240661621
334.0 81.58795237541199
335.0 82.0441722869873
336.0 82.63232111930847
337.0 83.31548571586609
338.0 84.11277532577515
339.0 84.57900881767273
340.0 84.91187691688538
341.0 85.30607223510742
342.0 85.48403978347778
343.0 85.57828664779663
344.0 85.7805848121643
345.0 86.24961972236633
346.0 86.59971952438354
347.0 86.87801361083984
348.0 87.14110255241394
349.0 87.27318048477173
350.0 87.33441233634949
351.0 87.56350874900818
352.0 87.39118576049805
353.0 87.47792840003967
354.0 87.38595247268677
355.0 87.48891353607178
356.0 87.63712644577026
357.0 87.44264841079712
358.0 87.03341484069824
359.0 86.78451776504517
360.0 86.56272292137146
361.0 86.39619946479797
362.0 86.2838864326477
363.0 86.46941781044006
364.0 86.63716316223145
365.0 87.03295588493347
366.0 87.32166290283203
367.0 87.42111325263977
368.0 87.45366930961609
369.0 87.57785558700562
370.0 87.53240704536438
371.0 87.46604919433594
372.0 87.6541256904602
373.0 87.88353204727173
374.0 87.86529302597046
375.0 88.21091651916504
376.0 88.45515251159668
377.0 88.51605653762817
378.0 88.44593167304993
379.0 87.80964016914368
380.0 86.74769401550293
381.0 85.11542677879333
382.0 83.1125020980835
383.0 81.06293678283691
384.0 78.86784076690674
385.0 76.25730633735657
386.0 73.40282201766968
387.0 69.48707103729248
388.0 65.51989316940308
389.0 60.93316674232483
390.0 56.6434383392334
391.0 52.404505014419556
392.0 48.270824551582336
393.0 44.72823143005371
394.0 41.08262658119202
395.0 36.64892613887787
396.0 31.62895143032074
397.0 24.898137152194977
398.0 18.024054169654846
399.0 11.428142338991165
400.0 6.1257511377334595
401.0 2.6462070643901825
402.0 0.8666293695569038
403.0 0.2809058176353574
404.0 0.15590530820190907
405.0 0.01929345162352547
406.0 0.044703681487590075
407.0 1.708554738660828e-10
408.0 1.708554738660828e-10
409.0 1.708554738660828e-10
410.0 1.708554738660828e-10
411.0 1.708554738660828e-10
412.0 1.708554738660828e-10
413.0 1.708554738660828e-10
414.0 1.708554738660828e-10
415.0 1.708554738660828e-10
416.0 1.708554738660828e-10
417.0 1.708554738660828e-10
418.0 1.708554738660828e-10
419.0 1.708554738660828e-10
420.0 1.708554738660828e-10
421.0 1.708554738660828e-10
422.0 1.708554738660828e-10
423.0 1.708554738660828e-10
424.0 1.708554738660828e-10
425.0 1.708554738660828e-10
426.0 1.708554738660828e-10
427.0 0.00031790868888492696
428.0 0.002662257793417666
429.0 0.00158659131557215
430.0 0.000510924837726634
431.0 1.708554738660828e-10
432.0 1.708554738660828e-10
433.0 1.708554738660828e-10
434.0 0.0011927059858862776
435.0 0.0007170062872319249
436.0 0.00024130713427439332
437.0 1.708554738660828e-10
438.0 1.708554738660828e-10
439.0 1.708554738660828e-10
440.0 0.0006698200650134822
441.0 1.708554738660828e-10
442.0 1.708554738660828e-10
443.0 1.708554738660828e-10
444.0 1.708554738660828e-10
445.0 1.708554738660828e-10
446.0 0.0007829128662706353
447.0 0.0004406615516927559
448.0 9.84101575340901e-05
449.0 0.0012190067536721472
450.0 0.0023396030883304775
451.0 0.0005808821697428357
452.0 1.708554738660828e-10
453.0 1.708554738660828e-10
454.0 0.00013714367241846048
455.0 1.708554738660828e-10
456.0 1.708554738660828e-10
457.0 1.708554738660828e-10
458.0 1.708554738660828e-10
459.0 1.708554738660828e-10
460.0 1.708554738660828e-10
461.0 1.708554738660828e-10
462.0 1.708554738660828e-10
463.0 1.708554738660828e-10
464.0 9.487856686973828e-05
465.0 1.708554738660828e-10
466.0 1.708554738660828e-10
467.0 1.708554738660828e-10
468.0 8.38598566588189e-05
469.0 0.0002370159108977532
470.0 0.0003901721356669441
471.0 1.708554738660828e-10
472.0 1.708554738660828e-10
473.0 1.708554738660828e-10
474.0 1.708554738660828e-10
475.0 1.708554738660828e-10
476.0 1.708554738660828e-10
477.0 1.708554738660828e-10
478.0 8.058021307988383e-05
479.0 1.708554738660828e-10
480.0 1.708554738660828e-10
481.0 4.5783980340274866e-05
482.0 0.0004379888650873909
483.0 1.708554738660828e-10
484.0 1.708554738660828e-10
485.0 1.708554738660828e-10
486.0 1.708554738660828e-10
487.0 1.708554738660828e-10
488.0 1.708554738660828e-10
489.0 1.708554738660828e-10
490.0 1.708554738660828e-10
491.0 1.708554738660828e-10
492.0 9.291461537941359e-05
493.0 1.708554738660828e-10
494.0 1.708554738660828e-10
495.0 1.708554738660828e-10
496.0 0.0005633090950141195
497.0 0.00026742618501884863
498.0 1.708554738660828e-10
499.0 1.4992092900456555e-06
500.0 3.145544837934722e-05
501.0 0.0003218416622985387
502.0 0.0006122279046394397
503.0 1.708554738660828e-10
504.0 1.708554738660828e-10
505.0 1.708554738660828e-10
506.0 0.0005958777364867274
507.0 1.708554738660828e-10
508.0 1.708554738660828e-10
509.0 1.708554738660828e-10
510.0 1.708554738660828e-10
511.0 0.00036148715025774436
512.0 0.0008954957593232393
513.0 0.00045115361899661366
514.0 6.811286823449336e-06
515.0 7.610246370859386e-05
516.0 0.0001453936192774563
517.0 1.708554738660828e-10
518.0 1.708554738660828e-10
519.0 1.708554738660828e-10
520.0 0.000225786970986519
521.0 0.00039132137317210436
522.0 0.0005568558663071599
523.0 0.00030956412047089543
524.0 6.2272323475554e-05
525.0 1.708554738660828e-10
526.0 1.708554738660828e-10
527.0 1.708554738660828e-10
528.0 1.708554738660828e-10
529.0 1.708554738660828e-10
530.0 1.708554738660828e-10
531.0 1.708554738660828e-10
532.0 1.708554738660828e-10
533.0 1.708554738660828e-10
534.0 1.708554738660828e-10
535.0 1.708554738660828e-10
536.0 1.708554738660828e-10
537.0 4.91932155455288e-05
538.0 0.00011436152362875873
539.0 1.5754025639580505e-05
540.0 1.708554738660828e-10
541.0 1.708554738660828e-10
542.0 1.708554738660828e-10
543.0 1.708554738660828e-10
544.0 1.708554738660828e-10
545.0 1.708554738660828e-10
546.0 1.708554738660828e-10
547.0 0.00014444441376326722
548.0 0.0003593548171920702
549.0 1.708554738660828e-10
550.0 1.708554738660828e-10
551.0 1.708554738660828e-10
552.0 1.708554738660828e-10
553.0 1.708554738660828e-10
554.0 1.708554738660828e-10
555.0 1.708554738660828e-10
556.0 1.708554738660828e-10
557.0 1.708554738660828e-10
558.0 1.708554738660828e-10
559.0 1.708554738660828e-10
560.0 1.708554738660828e-10
561.0 1.708554738660828e-10
562.0 1.708554738660828e-10
563.0 1.708554738660828e-10
564.0 1.708554738660828e-10
565.0 1.708554738660828e-10
566.0 1.708554738660828e-10
567.0 1.708554738660828e-10
568.0 1.708554738660828e-10
569.0 0.00016932291373450425
570.0 0.0005243675786914537
571.0 0.0004444449587026611
572.0 0.0003645224296633387
573.0 0.0004057103069499135
574.0 0.00044689845708489884
575.0 0.00039278252188523766
576.0 0.0003386667458471493
577.0 0.0003994379767391365
578.0 0.0004602091848937562
579.0 0.0005504210093931761
580.0 0.0006406327884178609
581.0 0.0009324979146185797
582.0 0.0012243631317687687
583.0 0.0015296718629542738
584.0 0.0018349806850892492
585.0 0.0014851149899186566
586.0 0.0011352489309501834
587.0 0.000956259282247629
588.0 0.0007772697244945448
589.0 0.0009796518497751094
590.0 0.0011820336112577934
591.0 0.0009954099368769675
592.0 0.0008087862624961417
593.0 0.0006995689545874484
594.0 0.0005903514647798147
595.0 0.0004963016635883832
596.0 0.0004022516804980114
597.0 0.0007977137101988774
598.0 0.0011931754670513328
599.0 0.0017078451492125168
600.0 0.0022225147404242307
601.0 0.002397969728917815
602.0 0.0025734250812092796
603.0 0.002231656435469631
604.0 0.0018898883354268037
605.0 0.0015486111806239933
606.0 0.001207334116770653
607.0 0.001057947793015046
608.0 0.0009085613783099689
609.0 0.0005495050572790205
610.0 0.0001904487135107047
611.0 0.0002731767381192185
612.0 0.00035590473999036476
613.0 0.0005620227057079319
614.0 0.0007681405804760288
615.0 0.0008090032679319847
616.0 0.0008498659553879406
617.0 0.0006779192972317105
618.0 0.0005059727754996857
619.0 0.00041862972466333304
620.0 0.0003312867875138181
621.0 0.0005347288606571965
622.0 0.0007381708655884722
623.0 0.0006652434421994258
624.0 0.0005923160188103793
625.0 0.0007917039511085022
626.0 0.0009910916560329497
627.0 0.0009374777619086672
628.0 0.0008838636858854443
629.0 0.0011092171007476281
630.0 0.0013345706065592822
631.0 0.0016331488950527273
632.0 0.0019317270925967023
633.0 0.002162647979275789
634.0 0.0023935686840559356
635.0 0.0024845565349096432
636.0 0.002575544385763351
637.0 0.002175405461457558
638.0 0.001775266537151765
639.0 0.0014472084330918733
640.0 0.0011191503290319815
641.0 0.0011274921234871726
642.0 0.0011358338269928936
643.0 0.0008598573913332075
644.0 0.0005838808192493161
645.0 0.0004111375346838031
646.0 0.0002383941136940848
647.0 0.00020114134713367093
648.0 0.00016388878520956496
649.0 5.295736968946585e-05
650.0 1.708554738660828e-10
651.0 0.00033316264307359233
652.0 0.0007242993888212368
653.0 0.001245427756657591
654.0 0.0017665557606960647
655.0 0.0017596739780856296
656.0 0.001752791831677314
657.0 0.0026103996788151562
658.0 0.003468007707851939
659.0 0.00386164101655595
660.0 0.0042552735976642
661.0 0.004239579720888287
662.0 0.004223885480314493
663.0 0.0030498953492497094
664.0 0.0018759052181849256
665.0 0.0015268344213836826
666.0 0.0011777629879361484
667.0 0.0011327474567224272
668.0 0.0010877316526602954
669.0 0.0008369499482796527
670.0 0.0005861683348484803
671.0 0.0005527686880668625
672.0 0.0005193689503357746
673.0 0.0005780474566563498
674.0 0.0006367259629769251
675.0 0.0007987532626430038
676.0 0.0009607806532585528
677.0 0.0015544203051831573
678.0 0.0021480604118551128
679.0 0.0023547403543489054
680.0 0.002561420296842698
681.0 0.0034357224649284035
682.0 0.004310024451115169
683.0 0.0062492938013747334
684.0 0.008188563515432179
685.0 0.00886272537172772
686.0 0.009536890138406307
687.0 0.008397481724387035
688.0 0.007258073310367763
689.0 0.00563493522349745
690.0 0.004011797864222899
691.0 0.0036087745684199035
692.0 0.0032057516364147887
693.0 0.0029106771762599237
694.0 0.002615602716105059
695.0 0.0022859905584482476
696.0 0.0019563784007914364
697.0 0.0014659889529866632
698.0 0.0009755992323334794
699.0 0.0006693050636386033
700.0 0.00036301087220635964
701.0 0.0003449052883297554
702.0 0.0003267997499278863
703.0 0.0004331467152951518
704.0 0.0005394938852987252
705.0 0.0006673866664641537
706.0 0.0007952795385790523
707.0 0.0008920146683522034
708.0 0.0009887493433780037
709.0 0.0009244239663530607
710.0 0.000860098225530237
711.0 0.0007659557923034299
712.0 0.0006718133136018878
713.0 0.0005838298875460168
714.0 0.0004958464614901459
715.0 0.0005031151886214502
716.0 0.0005103839157527545
717.0 0.00046905697672627866
718.0 0.0004277299922250677
719.0 0.0003765712335734861
720.0 0.00032541249765927205
721.0 0.00020040217805217253
722.0 7.539190960414999e-05
723.0 0.00010821524938364746
724.0 0.0001410385607414355
725.0 0.00012407846270434675
726.0 0.00010711822824305273
727.0 0.00022355948203767184
728.0 0.0003400007244636072
729.0 0.0003046362053282792
730.0 0.00026927168619295117
731.0 0.00022137994619697565
732.0 0.0001734881379888975
733.0 1.708554738660828e-10
734.0 1.708554738660828e-10
735.0 1.708554738660828e-10
736.0 0.00017987279079534346
737.0 0.0002632926452861284
738.0 0.0003467124997769133
739.0 0.0005019409400119912
740.0 0.0006571692665602313
741.0 0.0009893710739561357
742.0 0.001321572835877305
743.0 0.0020979843611712568
744.0 0.0028743957955157384
745.0 0.003445029869908467
746.0 0.004015663580503315
747.0 0.0044329506636131555
748.0 0.004850237746722996
749.0 0.004269482087693177
750.0 0.003688726792461239
751.0 0.003231953814974986
752.0 0.002775180655589793
753.0 0.0022149537471705116
754.0 0.0016547268387512304
755.0 0.001975748091354035
756.0 0.0022967693439568393
757.0 0.001970221637748182
758.0 0.0016436739315395243
759.0 0.0013727641089644749
760.0 0.0011018542863894254
761.0 0.0011797446859418415
762.0 0.0012576349945447873
763.0 0.0009419371963304002
764.0 0.0006262392162170727
765.0 0.0006732735073455842
766.0 0.0007203078439488309
767.0 0.0006335716989269713
768.0 0.0005468355539051117
769.0 0.0005401506768976105
770.0 0.0005334657998901093
771.0 0.00046232858039729763
772.0 0.00039119122448028065
773.0 0.0003245982497901423
774.0 0.0002580052068879013
775.0 0.0003426289367780555
776.0 0.0004272525984561071
777.0 0.0003798132865995285
778.0 0.00033237388379347976
779.0 0.0007273155006259913
780.0 0.0011222569810342975
781.0 0.0010019165529229213
782.0 0.000881576124811545
783.0 0.0008907310075301211
784.0 0.0008998858902486973
785.0 0.0011283738786005415
786.0 0.0013568617760029156
787.0 0.0010888129509112332
788.0 0.000820764216769021
789.0 0.0008501170668751001
790.0 0.0008794698260317091
791.0 0.0007229800303321099
792.0 0.0005664902801072458
793.0 0.0002111037474605837
794.0 1.708554738660828e-10
795.0 1.708554738660828e-10
796.0 0.00012496489034674596
797.0 0.0002823534259732696
798.0 0.0004397418706503231
799.0 0.0002190853138017701
800.0 1.708554738660828e-10
801.0 1.708554738660828e-10
802.0 1.708554738660828e-10
803.0 3.791265044128522e-05
804.0 0.0001268843107027351
805.0 7.287421794899274e-05
806.0 1.886417209107094e-05
807.0 1.708554738660828e-10
808.0 1.708554738660828e-10
809.0 1.708554738660828e-10
810.0 0.00017292826441916986
811.0 0.00011932920642721001
812.0 6.573025643774599e-05
813.0 0.0003726815521076787
814.0 0.0006796330580982612
815.0 0.0005692462764272932
816.0 0.0004588596311805304
817.0 0.0004007732513855444
818.0 0.00034268682611582335
819.0 0.00016225276340264827
820.0 1.708554738660828e-10
821.0 1.708554738660828e-10
822.0 1.708554738660828e-10
823.0 1.708554738660828e-10
824.0 1.708554738660828e-10
825.0 1.708554738660828e-10
826.0 1.708554738660828e-10
827.0 0.00011324010529278894
828.0 0.0005296513336361386
829.0 0.0003184780780429719
830.0 0.00010730514077295084
831.0 1.708554738660828e-10
832.0 1.708554738660828e-10
833.0 1.708554738660828e-10
834.0 1.708554738660828e-10
835.0 1.708554738660828e-10
836.0 0.00029441707738442346
837.0 9.023406164487824e-05
838.0 1.708554738660828e-10
839.0 1.708554738660828e-10
840.0 1.708554738660828e-10
841.0 1.708554738660828e-10
842.0 1.708554738660828e-10
843.0 1.708554738660828e-10
844.0 1.708554738660828e-10
845.0 1.708554738660828e-10
846.0 0.00021332020878617186
847.0 0.00021406272026069928
848.0 0.00021480511804838898
849.0 0.0002680148327272036
850.0 0.0003212245246686507
851.0 0.00021550620203925064
852.0 0.00010978804994010716
853.0 9.888543672786909e-05
854.0 8.798284625299857e-05
855.0 0.00022300400814856403
856.0 0.0003580252496249159
857.0 0.0006143156497273594
858.0 0.0008706060725671705
859.0 0.0011303887731628492
860.0 0.0013901713828090578
861.0 0.0012464616702345666
862.0 0.0011027520486095455
863.0 0.0013592265531769954
864.0 0.001615700966794975
865.0 0.0018085760530084372
866.0 0.002001450411626138
867.0 0.002014047458942514
868.0 0.0020266446881578304
869.0 0.001928928577399347
870.0 0.0018312121028429829
871.0 0.0017890130038722418
872.0 0.0017468139049015008
873.0 0.0017451382518629543
874.0 0.0017434627807233483
875.0 0.002078597572108265
876.0 0.0024137323634931818
877.0 0.0026282976250513457
878.0 0.002842863614205271
879.0 0.002920829319918994
880.0 0.002998795753228478
