lsstCam/transmission_filter_detector/r02_s02/z_20/19700101T000000.ecsv
# %ECSV 1.0
# ---
# datatype:
# - {name: wavelength, unit: nm, datatype: float32}
# - {name: efficiency, unit: '%', datatype: float64}
# meta: !!omap
# - {MODE: DETECTOR}
# - {TYPE: transmission_filter_detector}
# - {CALIBDATE: '1970-01-01T00:00:00'}
# - {INSTRUME: LSSTCam}
# - {OBSTYPE: transmission_filter_detector}
# - {CALIBCLS: lsst.ip.isr.IntermediateFilterDetectorTransmissionCurve}
# - {SOURCE: Materion (DM-46256)}
# - {DETECTOR: 11}
# - {FILTER: z_20}
# - {CALIB_ID: 'calibDate=1970-01-01T00:00:00 filter=z_20 detector=11'}
# - {DATE: '2025-04-02T15:59:48.685439'}
# - {CALIB_CREATION_DATE: '2025-04-02'}
# - {CALIB_CREATION_TIME: '15:59:48'}
# - __serialized_columns__:
#     efficiency:
#       __class__: astropy.units.quantity.Quantity
#       unit: !astropy.units.Unit {unit: '%'}
#       value: !astropy.table.SerializedColumn {name: efficiency}
#     wavelength:
#       __class__: astropy.units.quantity.Quantity
#       unit: !astropy.units.Unit {unit: nm}
#       value: !astropy.table.SerializedColumn {name: wavelength}
# schema: astropy-2.0
wavelength efficiency
300.0 0.8602985180914402
301.0 0.5816580727696419
302.0 0.30301769729703665
303.0 0.2944285748526454
304.0 0.28583945240825415
305.0 0.24352928157895803
306.0 0.20121911074966192
307.0 0.18420580308884382
308.0 0.16719248378649354
309.0 0.1465001842007041
310.0 0.12580787297338247
311.0 0.12686258414760232
312.0 0.12791731860488653
313.0 0.11147718178108335
314.0 0.09503707406111062
315.0 0.09505377383902669
316.0 0.09507047361694276
317.0 0.07980261580087245
318.0 0.06453476962633431
319.0 0.06402243161574006
320.0 0.06351009360514581
321.0 0.06291129975579679
322.0 0.06231251172721386
323.0 0.05419476656243205
324.0 0.04607702139765024
325.0 0.04313234821893275
326.0 0.04018767212983221
327.0 0.03925685596186668
328.0 0.03832604270428419
329.0 0.03395973762962967
330.0 0.029593432554975152
331.0 0.026973304920829833
332.0 0.024353177286684513
333.0 0.023307287483476102
334.0 0.022261394769884646
335.0 0.02108454064000398
336.0 0.01990768505493179
337.0 0.023921203683130443
338.0 0.027934717945754528
339.0 0.024010193010326475
340.0 0.020085675350856036
341.0 0.016849346866365522
342.0 0.013613019837066531
343.0 0.013470178237184882
344.0 0.013327336637303233
345.0 0.012773284106515348
346.0 0.01221923012053594
347.0 0.011454417835921049
348.0 0.01068960627890192
349.0 0.01315240515395999
350.0 0.015615203301422298
351.0 0.012980803148820996
352.0 0.010346399358240888
353.0 0.010961075167870149
354.0 0.011575753160286695
355.0 0.01006314778351225
356.0 0.008550541679142043
357.0 0.009419088019058108
358.0 0.01028763799695298
359.0 0.009977828449336812
360.0 0.009668018901720643
361.0 0.008785010868450627
362.0 0.007902005745563656
363.0 0.009213697194354609
364.0 0.0105253879155498
365.0 0.010197063238592818
366.0 0.009868742199614644
367.0 0.008656223508296534
368.0 0.007443704816978425
369.0 0.007892050052760169
370.0 0.008340396743733436
371.0 0.008253289706772193
372.0 0.008166183397406712
373.0 0.007151351746870205
374.0 0.00613652155152522
375.0 0.006425508036045358
376.0 0.006714494520565495
377.0 0.006995729199843481
378.0 0.007276963151525706
379.0 0.006190854037413374
380.0 0.00510474455950316
381.0 0.0032674259273335338
382.0 0.001430107204214437
383.0 0.0035809160181088373
384.0 0.005731724377255887
385.0 0.005492104173754342
386.0 0.005252483970252797
387.0 0.005853769107488915
388.0 0.006455054972320795
389.0 0.005681405309587717
390.0 0.0049077563744504005
391.0 0.00460199335066136
392.0 0.004296230326872319
393.0 0.004729444481199607
394.0 0.005162658999324776
395.0 0.004257612454239279
396.0 0.003352565545355901
397.0 0.0035313627449795604
398.0 0.003710159580805339
399.0 0.003961319453082979
400.0 0.004212478597764857
401.0 0.004820043977815658
402.0 0.005427609357866459
403.0 0.005146797411725856
404.0 0.004865985465585254
405.0 0.003928390287910588
406.0 0.002990795655932743
407.0 0.001557096402393654
408.0 0.00012339747854639427
409.0 0.0018950919184135273
410.0 0.0036667865060735494
411.0 0.004098800127394497
412.0 0.004530814112513326
413.0 0.004365324639366008
414.0 0.004199835166218691
415.0 0.00348896901414264
416.0 0.0027781028620665893
417.0 0.0037356949178501964
418.0 0.004693286973633803
419.0 0.004222675124765374
420.0 0.0037520629120990634
421.0 0.0035880333598470315
422.0 0.0034240041713928804
423.0 0.003416357867536135
424.0 0.0034087130188709125
425.0 0.002640631100803148
426.0 0.0018725495465332642
427.0 0.0019783827156061307
428.0 0.002084216248476878
429.0 0.0013585055967269
430.0 0.0006327953087748028
431.0 0.0006919536645000335
432.0 0.0007511116109526483
433.0 0.0006239957656362094
434.0 0.0004968801022187108
435.0 0.001187995894724736
436.0 0.0018791119146044366
437.0 0.002013289304159116
438.0 0.0021474666937137954
439.0 0.0021314828700269572
440.0 0.0021154992282390594
441.0 0.001521599551779218
442.0 0.0009277001481677871
443.0 0.0020070783648407087
444.0 0.00308645649056416
445.0 0.0032631956855766475
446.0 0.003439934880589135
447.0 0.002548757584008854
448.0 0.0016575801055296324
449.0 0.00246602558036102
450.0 0.0032744716008892283
451.0 0.0024913015295169316
452.0 0.0017081310943467543
453.0 0.0016580304873059504
454.0 0.0016079302440630272
455.0 0.002411227069387678
456.0 0.003214523894712329
457.0 0.0023060232706484385
458.0 0.0013975227375340182
459.0 0.001495137985330075
460.0 0.0015927531421766616
461.0 0.0007219154667836847
462.0 1.7054660635118513e-10
463.0 0.0009255913028027862
464.0 0.0020001050870632753
465.0 0.0022292875655693933
466.0 0.0024584700440755114
467.0 0.0021548061340581626
468.0 0.0018511414964450523
469.0 0.0016384839909733273
470.0 0.0014258262126531918
471.0 0.0013759204193775076
472.0 0.0013260148080007639
473.0 0.001311806590820197
474.0 0.0012975983736396302
475.0 0.0011671205356833525
476.0 0.001036642788676545
477.0 0.00133645216919831
478.0 0.0016362613678211346
479.0 0.002021154978137929
480.0 0.002406048406555783
481.0 0.0018558193914941512
482.0 0.001305590194533579
483.0 0.0008691327820997685
484.0 0.00043267514229228254
485.0 0.0012778611562680453
486.0 0.002123047124769073
487.0 0.0015205406270979438
488.0 0.0009180340384773444
489.0 0.0016771455193520524
490.0 0.0024362570911762305
491.0 0.0022184554836712778
492.0 0.0020006536942673847
493.0 0.0019402290490688756
494.0 0.0018798045857693069
495.0 0.0016277781469398178
496.0 0.0013757516171608586
497.0 0.0012389844414428808
498.0 0.0011022174476238433
499.0 0.0012407899703248404
500.0 0.001379362765874248
501.0 0.0008890810931916349
502.0 0.0003987991476606112
503.0 0.0012529415471362881
504.0 0.0021070836737635545
505.0 0.0022075077140470967
506.0 0.002307931754330639
507.0 0.0022091713617555797
508.0 0.00211041060538264
509.0 0.0018507800632505678
510.0 0.0015911500668153167
511.0 0.001250231343874475
512.0 0.0009093126209336333
513.0 0.001318360500590643
514.0 0.0017274089259444736
515.0 0.0013320742255018558
516.0 0.0009367401617055293
517.0 0.0008304606126330327
518.0 0.0007241810635605361
519.0 0.0010308123819413595
520.0 0.0013374431546253618
521.0 0.0017131276763393544
522.0 0.002088812289002817
523.0 0.0013814084013574757
524.0 0.0006740046046616044
525.0 0.000709496134732035
526.0 0.0007449878012266709
527.0 0.001116657404054422
528.0 0.0014883272342558485
529.0 0.001276674447581172
530.0 0.001065020933310734
531.0 0.0011469029232102912
532.0 0.001228784822160378
533.0 0.0008868370059644803
534.0 0.0005448891897685826
535.0 0.0011045530300179962
536.0 0.0016642168702674098
537.0 0.0016535250324523076
538.0 0.0016428331946372055
539.0 0.0011967606951657217
540.0 0.0007506878773710923
541.0 0.0007734333848929964
542.0 0.0007961789378896356
543.0 0.0012116085599700455
544.0 0.0016270381820504554
545.0 0.0010325133189326152
546.0 0.0004379886831884505
547.0 0.0011510715921758674
548.0 0.0018641540009411983
549.0 0.001657524990150705
550.0 0.0014508957065118011
551.0 0.001497698303865036
552.0 0.0015445006283698604
553.0 0.001314802466367837
554.0 0.0010851037586689927
555.0 0.001012983193504624
556.0 0.0009408625373907853
557.0 0.0013199249224271625
558.0 0.0016989872165140696
559.0 0.001743828943290282
560.0 0.0017886704881675541
561.0 0.0016104120732052252
562.0 0.0014321537491923664
563.0 0.0011734658073692117
564.0 0.0009147780474449974
565.0 0.0017220074369106442
566.0 0.002529237281123642
567.0 0.002902112464653328
568.0 0.003274987466284074
569.0 0.003023549106728751
570.0 0.0027721107471734285
571.0 0.0026055398848257028
572.0 0.0024389682948822156
573.0 0.0019847719158860855
574.0 0.0015305755368899554
575.0 0.0019638971934909932
576.0 0.0023972186681930907
577.0 0.0020029523511766456
578.0 0.001608686761755962
579.0 0.0016893392967176624
580.0 0.001769991467881482
581.0 0.001567086837894749
582.0 0.0013641817531606648
583.0 0.0018211978385807015
584.0 0.0022782140149502084
585.0 0.0025091931092902087
586.0 0.0027401720217312686
587.0 0.002128324740624521
588.0 0.0015164769138209522
589.0 0.0021678395569324493
590.0 0.002819202381942887
591.0 0.0019371778762433678
592.0 0.0010551536433922593
593.0 0.0008243055162893143
594.0 0.0005934569799137535
595.0 0.0010193382877332624
596.0 0.001445219368179096
597.0 0.001332089686911786
598.0 0.0012189599146950059
599.0 0.0008989175512397196
600.0 0.0005788752787339035
601.0 0.0005272346697893227
602.0 0.0004755938789458014
603.0 0.0009864927960734349
604.0 0.0014973912584537175
605.0 0.0009256895282305777
606.0 0.0003539876161084976
607.0 0.0007798803380865138
608.0 0.0012057731510140002
609.0 0.0012214912203489803
610.0 0.00123720910778502
611.0 0.0010271758583257906
612.0 0.0008171426088665612
613.0 0.0007525864020863082
614.0 0.0006880302862555254
615.0 0.001144317320722621
616.0 0.001600604628038127
617.0 0.002118979682563804
618.0 0.002637354737089481
619.0 0.002202026553277392
620.0 0.001766698005667422
621.0 0.0015062603779369965
622.0 0.001245822659257101
623.0 0.0015709210856584832
624.0 0.001896019784908276
625.0 0.001640703521843534
626.0 0.0013853874406777322
627.0 0.0018393306163488887
628.0 0.0022932743377168663
629.0 0.002113463960995432
630.0 0.001933653220476117
631.0 0.0017572532669873908
632.0 0.0015808533134986646
633.0 0.0018814638679032214
634.0 0.002182074968004599
635.0 0.005172169039724395
636.0 0.008162262383848429
637.0 0.01543335965834558
638.0 0.022704458388034254
639.0 0.019701426208484918
640.0 0.01669839257374406
641.0 0.014498666860163212
642.0 0.01229894405696541
643.0 0.009826185123529285
644.0 0.0073534276452846825
645.0 0.006672785093542188
646.0 0.005992142541799694
647.0 0.005428206713986583
648.0 0.00486427015857771
649.0 0.004036951213493012
650.0 0.003209632632206194
651.0 0.0036364159313961864
652.0 0.00406319995818194
653.0 0.0032647254556650296
654.0 0.0024662511350470595
655.0 0.002738415241765324
656.0 0.00301058007607935
657.0 0.002929433321696706
658.0 0.002848286385415122
659.0 0.0026699133741203696
660.0 0.0024915405447245575
661.0 0.0026523854103288613
662.0 0.0028132300940342247
663.0 0.001942099152074661
664.0 0.0010709682101150975
665.0 0.0015495043044211343
666.0 0.002028040762525052
667.0 0.0023487313228542916
668.0 0.002669421701284591
669.0 0.0019884300854755566
670.0 0.0013074382877675816
671.0 0.0009820469131227583
672.0 0.0006566557203768753
673.0 0.0013174206287658308
674.0 0.0019781857190537266
675.0 0.0020334835426183417
676.0 0.002088781002385076
677.0 0.0018631746570463292
678.0 0.0016375679479097016
679.0 0.0013865137589164078
680.0 0.0011354594789736439
681.0 0.0012029257959511597
682.0 0.0012703921129286755
683.0 0.002391884299868252
684.0 0.003513376577757299
685.0 0.0028578384444699623
686.0 0.002202300493081566
687.0 0.0016512565707671456
688.0 0.001100212557503255
689.0 0.0014574692613678053
690.0 0.0018147258742828853
691.0 0.0021547464712057263
692.0 0.002494766886229627
693.0 0.0028183214453747496
694.0 0.003141876368317753
695.0 0.0032976757211145014
696.0 0.0034534750739112496
697.0 0.00374255032511428
698.0 0.00403162557631731
699.0 0.005936216257396154
700.0 0.007840806938474998
701.0 0.007336994167417288
702.0 0.0068331792135722935
703.0 0.006315174687188119
704.0 0.005797171252197586
705.0 0.005165343463886529
706.0 0.004533515675575472
707.0 0.00429014144174289
708.0 0.004046766844112426
709.0 0.004284418173483573
710.0 0.004522069139056839
711.0 0.00400123572035227
712.0 0.003480403029243462
713.0 0.002491917803126853
714.0 0.0015034326679597143
715.0 0.0021772108084405772
716.0 0.00285098885797197
717.0 0.0024462244255119003
718.0 0.0020414598111528903
719.0 0.0016437672456959262
720.0 0.001246074589289492
721.0 0.0011622591046034358
722.0 0.001078443256119499
723.0 0.0010427005690871738
724.0 0.0010069578820548486
725.0 0.0012828304534195922
726.0 0.0015587032976327464
727.0 0.0016895553926588036
728.0 0.0018204069419880398
729.0 0.0018433653167448938
730.0 0.001866323327703867
731.0 0.001359777343168389
732.0 0.0008532314495823812
733.0 0.000891078252607258
734.0 0.0009289251465816051
735.0 0.0010393665434094146
736.0 0.0011498075764393434
737.0 0.0013498824046109803
738.0 0.0015499570508836769
739.0 0.001203286137752002
740.0 0.000856615042721387
741.0 0.0010351584933232516
742.0 0.0012137017620261759
743.0 0.0016189847883651964
744.0 0.002024267814704217
745.0 0.001404538761562435
746.0 0.0007848096174711827
747.0 0.0012427579349605367
748.0 0.0017007065252983011
749.0 0.002393459726590663
750.0 0.0030862131097819656
751.0 0.0030589897505706176
752.0 0.00303176657325821
753.0 0.0029641214496223256
754.0 0.0028964765078853816
755.0 0.0019730676285689697
756.0 0.0010496589311514981
757.0 0.0019487359168124385
758.0 0.002847812902473379
759.0 0.002712579953367822
760.0 0.002577346640464384
761.0 0.00445532459707465
762.0 0.006333303463179618
763.0 0.005741273344028741
764.0 0.005149243224877864
765.0 0.005288421016302891
766.0 0.00542759989912156
767.0 0.0046775105147389695
768.0 0.003927419675164856
769.0 0.0035131579352309927
770.0 0.0030988976504886523
771.0 0.00400652461394202
772.0 0.004914151577395387
773.0 0.004161666947766207
774.0 0.0034091819543391466
775.0 0.04953155294060707
776.0 0.055050174705684185
777.0 0.03715276252478361
778.0 1.7054660635118513e-10
779.0 1.7054660635118513e-10
780.0 1.7054660635118513e-10
781.0 0.1431423588655889
782.0 1.7054660635118513e-10
783.0 0.00968008243944496
784.0 1.7054660635118513e-10
785.0 0.0023375208911602385
786.0 0.009959685849025846
787.0 0.050363794434815645
788.0 0.02917510864790529
789.0 1.7054660635118513e-10
790.0 0.1362520270049572
791.0 1.7054660635118513e-10
792.0 1.7054660635118513e-10
793.0 1.7054660635118513e-10
794.0 0.037847168277949095
795.0 0.12589775724336505
796.0 0.043205395922996104
797.0 1.7054660635118513e-10
798.0 0.16600313829258084
799.0 0.23539287503808737
800.0 0.3588928375393152
801.0 0.6407685112208128
802.0 1.1309497989714146
803.0 1.8614331260323524
804.0 3.0648473650217056
805.0 4.617134109139442
806.0 6.426332890987396
807.0 8.880938589572906
808.0 11.630212515592575
809.0 14.797888696193695
810.0 18.130387365818024
811.0 21.131739020347595
812.0 24.333512783050537
813.0 28.398072719573975
814.0 32.842034101486206
815.0 38.468629121780396
816.0 44.40898895263672
817.0 50.791436433792114
818.0 57.61914253234863
819.0 64.38438296318054
820.0 72.01927900314331
821.0 78.8450837135315
822.0 84.34998393058777
823.0 88.35809826850891
824.0 91.99721813201904
825.0 95.64577341079712
826.0 96.88379168510437
827.0 97.4916398525238
828.0 99.00848269462585
829.0 99.24331307411194
830.0 98.47010374069214
831.0 98.91307950019836
832.0 98.65184426307678
833.0 99.33235049247742
834.0 98.0506956577301
835.0 99.06464219093323
836.0 98.72385859489441
837.0 98.46505522727966
838.0 97.80450463294983
839.0 98.28625917434692
840.0 98.55080842971802
841.0 99.12731647491455
842.0 99.09183979034424
843.0 99.4730293750763
844.0 97.84824252128601
845.0 98.34821820259094
846.0 98.6328125
847.0 98.92799854278564
848.0 99.58499073982239
849.0 98.95837903022766
850.0 98.10237884521484
851.0 99.18816089630127
852.0 99.02002811431885
853.0 98.47633838653564
854.0 99.80207681655884
855.0 98.2578992843628
856.0 98.71410727500916
857.0 97.59438633918762
858.0 98.81616830825806
859.0 99.31749701499939
860.0 98.68028163909912
861.0 98.60941767692566
862.0 98.69443774223328
863.0 98.22553396224976
864.0 99.42001104354858
865.0 99.58592653274536
866.0 98.43891263008118
867.0 99.53752756118774
868.0 99.63975548744202
869.0 99.04555678367615
870.0 98.21764826774597
871.0 98.60472083091736
872.0 99.19050335884094
873.0 98.93530607223511
874.0 99.86714124679565
875.0 98.76614212989807
876.0 98.96627068519592
877.0 99.57354068756104
878.0 99.1123378276825
879.0 98.79298210144043
880.0 98.43936562538147
881.0 99.97612833976746
882.0 98.64402413368225
883.0 98.68122935295105
884.0 99.17098879814148
885.0 98.8784909248352
886.0 98.31579923629761
887.0 98.2398271560669
888.0 98.9482045173645
889.0 99.19937252998352
890.0 97.99829721450806
891.0 99.02095198631287
892.0 98.51452708244324
893.0 98.375004529953
894.0 98.1673002243042
895.0 99.66577887535095
896.0 98.91975522041321
