lsstCam/transmission_filter_detector/r02_s02/z_20/19700101T000000.ecsv
# %ECSV 1.0
# ---
# datatype:
# - {name: wavelength, unit: nm, datatype: float32}
# - {name: efficiency, unit: '%', datatype: float64}
# meta: !!omap
# - {MODE: DETECTOR}
# - {TYPE: transmission_filter_detector}
# - {CALIBDATE: '1970-01-01T00:00:00'}
# - {INSTRUME: LSSTCam}
# - {OBSTYPE: transmission_filter_detector}
# - {CALIBCLS: lsst.ip.isr.IntermediateFilterDetectorTransmissionCurve}
# - {SOURCE: Materion (DM-46256)}
# - {DETECTOR: 11}
# - {FILTER: z_20}
# - {CALIB_ID: 'calibDate=1970-01-01T00:00:00 filter=z_20 detector=11'}
# - {DATE: '2025-04-02T15:59:48.685439'}
# - {CALIB_CREATION_DATE: '2025-04-02'}
# - {CALIB_CREATION_TIME: '15:59:48'}
# - __serialized_columns__:
#     efficiency:
#       __class__: astropy.units.quantity.Quantity
#       unit: !astropy.units.Unit {unit: '%'}
#       value: !astropy.table.SerializedColumn {name: efficiency}
#     wavelength:
#       __class__: astropy.units.quantity.Quantity
#       unit: !astropy.units.Unit {unit: nm}
#       value: !astropy.table.SerializedColumn {name: wavelength}
# schema: astropy-2.0
wavelength efficiency
[from data line 598]
898.0 98.79521131515503
899.0 98.3685314655304
900.0 98.41853380203247
901.0 98.9182710647583
902.0 99.14817214012146
903.0 98.2500433921814
904.0 97.54478335380554
905.0 98.27344417572021
906.0 97.83282279968262
907.0 98.44486713409424
908.0 97.96738624572754
909.0 97.75177240371704
910.0 97.6742148399353
911.0 97.0942497253418
912.0 95.71548104286194
913.0 94.4920003414154
914.0 92.0885443687439
915.0 90.22899270057678
916.0 87.46191263198853
917.0 86.29028797149658
918.0 82.67695903778076
919.0 81.32522702217102
920.0 78.30437421798706
921.0 74.02398586273193
922.0 69.25376057624817
923.0 63.471609354019165
924.0 57.947248220443726
925.0 52.479296922683716
926.0 46.22534513473511
927.0 38.930898904800415
928.0 32.716548442840576
929.0 26.318803429603577
930.0 20.842638611793518
931.0 15.7600998878479
932.0 10.579804331064224
933.0 6.735134124755859
934.0 4.031243547797203
935.0 2.426612563431263
936.0 1.3537338003516197
937.0 0.8733302354812622
938.0 0.5058173090219498
939.0 0.33014630898833275
940.0 0.16546616097912192
941.0 1.7054660635118513e-10
942.0 0.13403461780399084
943.0 0.08677523001097143
944.0 0.13235881924629211
945.0 1.7054660635118513e-10
946.0 0.07320120930671692
947.0 0.04141271347180009
948.0 1.7054660635118513e-10
949.0 0.10214876383543015
950.0 1.7054660635118513e-10
951.0 1.7054660635118513e-10
952.0 1.7054660635118513e-10
953.0 1.7054660635118513e-10
954.0 0.06518365116789937
955.0 0.07115822518244386
956.0 1.7054660635118513e-10
957.0 1.7054660635118513e-10
958.0 0.01741446612868458
959.0 0.0008237515430664644
960.0 1.7054660635118513e-10
961.0 1.7054660635118513e-10
962.0 1.7054660635118513e-10
963.0 0.0650462694466114
964.0 0.007261533755809069
965.0 0.0015563593478873372
966.0 0.03131212433800101
967.0 0.02092645881930366
968.0 1.7054660635118513e-10
969.0 0.059643463464453816
970.0 1.7054660635118513e-10
971.0 0.13408103259280324
972.0 1.7054660635118513e-10
973.0 0.007523442764068022
974.0 1.7054660635118513e-10
975.0 1.7054660635118513e-10
976.0 0.006311544711934403
977.0 0.006272346217883751
978.0 0.006233150634216145
979.0 0.006055516496417113
980.0 0.005877880903426558
981.0 0.005741169297834858
982.0 0.0056044580560410395
983.0 0.005475178113556467
984.0 0.005345898534869775
985.0 0.005104617230244912
986.0 0.0048633355618221685
987.0 0.004864904622081667
988.0 0.004866473318543285
989.0 0.004720256038126536
990.0 0.004574039121507667
991.0 0.004709467611974105
992.0 0.004844896466238424
993.0 0.004809021265828051
994.0 0.004773146065417677
995.0 0.004707522384705953
996.0 0.00464189906779211
997.0 0.004439922486199066
998.0 0.004237946268403903
999.0 0.004212639396428131
1000.0 0.004187332160654478
1001.0 0.004383988562040031
1002.0 0.004580644963425584
1003.0 0.00447969141532667
1004.0 0.0043787378672277555
1005.0 0.0041867220716085285
1006.0 0.0039947062759893015
1007.0 0.00411840264860075
1008.0 0.0042420993850100785
1009.0 0.0043388903577579185
1010.0 0.004435680966707878
1011.0 0.004431374327396043
1012.0 0.004427068051882088
1013.0 0.004299607826396823
1014.0 0.004172147600911558
1015.0 0.004386001091916114
1016.0 0.004599853855324909
1017.0 0.004839713801629841
1018.0 0.005079574111732654
1019.0 0.004860285116592422
1020.0 0.004640995757654309
1021.0 0.004635775258066133
1022.0 0.004630554758477956
1023.0 0.004532553793978877
1024.0 0.004434552829479799
1025.0 0.004542201349977404
1026.0 0.004649849506677128
1027.0 0.0047034329327289015
1028.0 0.004757016722578555
1029.0 0.004634049037122168
1030.0 0.004511082079261541
1031.0 0.0046641984226880595
1032.0 0.004817315129912458
1033.0 0.0048500147386221215
1034.0 0.004882715074927546
1035.0 0.0051385624828981236
1036.0 0.005394410254666582
1037.0 0.0054585518228122965
1038.0 0.0055226930271601304
1039.0 0.0054022162657929584
1040.0 0.005281738413032144
1041.0 0.00563523753953632
1042.0 0.005988736302242614
1043.0 0.00549567885173019
1044.0 0.005002621401217766
1045.0 0.005732715362682939
1046.0 0.00646280896035023
1047.0 0.006146577652543783
1048.0 0.005830345617141575
1049.0 0.005844570114277303
1050.0 0.005858794611413032
1051.0 0.006237846537260339
1052.0 0.006616901373490691
1053.0 0.006692190072499216
1054.0 0.0067674794991035014
1055.0 0.007444211951224133
1056.0 0.008120944403344765
1057.0 0.00785761876613833
1058.0 0.007594293856527656
1059.0 0.007694268424529582
1060.0 0.007794240809744224
1061.0 0.008344795787706971
1062.0 0.008895350765669718
1063.0 0.008894107304513454
1064.0 0.008892865298548713
1065.0 0.008914399950299412
1066.0 0.008935937512433156
1067.0 0.009107704681809992
1068.0 0.009279474761569872
1069.0 0.010171421308768913
1070.0 0.011063369311159477
1071.0 0.01079549256246537
1072.0 0.010527615813771263
1073.0 0.01068253186531365
1074.0 0.010837447916856036
1075.0 0.011317842290736735
1076.0 0.01179823957500048
1077.0 0.011825764522654936
1078.0 0.011853289470309392
1079.0 0.01309416547883302
1080.0 0.01433504221495241
1081.0 0.014133186778053641
1082.0 0.013931335706729442
1083.0 0.013758522982243448
1084.0 0.0135857131681405
1085.0 0.01426300295861438
1086.0 0.014940297114662826
1087.0 0.015035945398267359
1088.0 0.015131596592254937
1089.0 0.016831948596518487
1090.0 0.018532299145590514
1091.0 0.017952076450455934
1092.0 0.01737184647936374
1093.0 0.01740818697726354
1094.0 0.017444524564780295
1095.0 0.018611513951327652
1096.0 0.019778506248258054
1097.0 0.020033780310768634
1098.0 0.02028905291808769
1099.0 0.022186964633874595
1100.0 0.024084873439278454
1101.0 0.024070598010439426
1102.0 0.024056321126408875
1103.0 0.025774617097340524
1104.0 0.027492910157889128
1105.0 0.027209913241676986
1106.0 0.02692691923584789
1107.0 0.02780951326712966
1108.0 0.028692110208794475
1109.0 0.030429006437771022
1110.0 0.03216590266674757
1111.0 0.03198985941708088
1112.0 0.03181381616741419
1113.0 0.032718098373152316
1114.0 0.033622386399656534
1115.0 0.03319556126371026
1116.0 0.03276874194853008
1117.0 0.033634965075179935
1118.0 0.03450118820182979
1119.0 0.037297746166586876
1120.0 0.040094295400194824
1121.0 0.04246585594955832
1122.0 0.04483741649892181
1123.0 0.04425800289027393
1124.0 0.04367859510239214
1125.0 0.04533697210717946
1126.0 0.046995352022349834
1127.0 0.05048959865234792
1128.0 0.0539838511031121
1129.0 0.05633420078083873
1130.0 0.05868456210009754
1131.0 0.059467379469424486
1132.0 0.060250191017985344
1133.0 0.06438736454583704
1134.0 0.06852453807368875
1135.0 0.06582766072824597
1136.0 0.06313077756203711
1137.0 0.0689143838826567
1138.0 0.07469800184480846
1139.0 0.07825472275726497
1140.0 0.08181140874512494
1141.0 0.09140024776570499
1142.0 0.10098906932398677
1143.0 0.11928371386602521
1144.0 0.1375783234834671
1145.0 0.2692350186407566
1146.0 0.40089176036417484
1147.0 0.8284441195428371
1148.0 1.2559965252876282
1149.0 1.4348769560456276
1150.0 1.6137583181262016
