lsstCam/transmission_filter_detector/r02_s20/z_20/19700101T000000.ecsv
# %ECSV 1.0
# ---
# datatype:
# - {name: wavelength, unit: nm, datatype: float32}
# - {name: efficiency, unit: '%', datatype: float64}
# meta: !!omap
# - {MODE: DETECTOR}
# - {TYPE: transmission_filter_detector}
# - {CALIBDATE: '1970-01-01T00:00:00'}
# - {INSTRUME: LSSTCam}
# - {OBSTYPE: transmission_filter_detector}
# - {CALIBCLS: lsst.ip.isr.IntermediateFilterDetectorTransmissionCurve}
# - {SOURCE: Materion (DM-46256)}
# - {DETECTOR: 15}
# - {FILTER: z_20}
# - {CALIB_ID: 'calibDate=1970-01-01T00:00:00 filter=z_20 detector=15'}
# - {DATE: '2025-04-02T15:59:48.703811'}
# - {CALIB_CREATION_DATE: '2025-04-02'}
# - {CALIB_CREATION_TIME: '15:59:48'}
# - __serialized_columns__:
#     efficiency:
#       __class__: astropy.units.quantity.Quantity
#       unit: !astropy.units.Unit {unit: '%'}
#       value: !astropy.table.SerializedColumn {name: efficiency}
#     wavelength:
#       __class__: astropy.units.quantity.Quantity
#       unit: !astropy.units.Unit {unit: nm}
#       value: !astropy.table.SerializedColumn {name: wavelength}
# schema: astropy-2.0
wavelength efficiency
300.0 0.8778266608715057
301.0 0.5917041096836329
302.0 0.3055816516280174
303.0 0.2972439397126436
304.0 0.2889062510803342
305.0 0.24364835117012262
306.0 0.1983904279768467
307.0 0.18218221375718713
308.0 0.16597401117905974
309.0 0.14550775522366166
310.0 0.1250414876267314
311.0 0.12662428198382258
312.0 0.12820709962397814
313.0 0.11309540132060647
314.0 0.09798372630029917
315.0 0.09656964102759957
316.0 0.09515555575489998
317.0 0.07968285935930908
318.0 0.06421016878448427
319.0 0.06420117570087314
320.0 0.06419217679649591
321.0 0.06367249297909439
322.0 0.06315280916169286
323.0 0.05524634034372866
324.0 0.04733987734653056
325.0 0.04383570631034672
326.0 0.04033153236377984
327.0 0.0396035349695012
328.0 0.038875534664839506
329.0 0.03421197761781514
330.0 0.029548423481173813
331.0 0.026753501151688397
332.0 0.023958580277394503
333.0 0.023523248091805726
334.0 0.02308791154064238
335.0 0.021560363529715687
336.0 0.02003281406359747
337.0 0.024259122437797487
338.0 0.028485426446422935
339.0 0.02448151644784957
340.0 0.020477609359659255
341.0 0.017151367501355708
342.0 0.013825127098243684
343.0 0.013715137902181596
344.0 0.01360515016131103
345.0 0.012770501780323684
346.0 0.011935852671740577
347.0 0.011402326344978064
348.0 0.010868800018215552
349.0 0.01347688667010516
350.0 0.016084974049590528
351.0 0.01339913869742304
352.0 0.010713298979680985
353.0 0.011204324255231768
354.0 0.011695350985974073
355.0 0.009909761865856126
356.0 0.008124172745738178
357.0 0.009216817852575332
358.0 0.010309465869795531
359.0 0.010038158507086337
360.0 0.00976685041678138
361.0 0.00893929391168058
362.0 0.008111739589367062
363.0 0.009345226862933487
364.0 0.010578714136499912
365.0 0.010260791168548167
366.0 0.009942870383383706
367.0 0.008633919787826017
368.0 0.007324969192268327
369.0 0.007849769463064149
370.0 0.008374571189051494
371.0 0.008338995394296944
372.0 0.008303421054733917
373.0 0.007238317630253732
374.0 0.0061732163885608315
375.0 0.006440861034207046
376.0 0.0067085056798532605
377.0 0.007099279173417017
378.0 0.007490051939385012
379.0 0.006316686631180346
380.0 0.005143320595379919
381.0 0.003246056439820677
382.0 0.0013487923752109054
383.0 0.0035763627238338813
384.0 0.005803933163406327
385.0 0.005505943045136519
386.0 0.00520795292686671
387.0 0.005873518603038974
388.0 0.006539084279211238
389.0 0.005776452235295437
390.0 0.005013820918975398
391.0 0.004669338522944599
392.0 0.00432485576311592
393.0 0.0048112906370079145
394.0 0.0052977258746977895
395.0 0.00432208544225432
396.0 0.00334644500981085
397.0 0.0035663480957737193
398.0 0.0037862511817365885
399.0 0.00400825374526903
400.0 0.004230256308801472
401.0 0.004649936090572737
402.0 0.005069615872344002
403.0 0.005109135963721201
404.0 0.0051486560550983995
405.0 0.004170975444139913
406.0 0.0031932951969793066
407.0 0.0018470504073775373
408.0 0.0005008064817957347
409.0 0.002070010123134125
410.0 0.0036392139008967206
411.0 0.004230605918564834
412.0 0.004821997936232947
413.0 0.004513571548159234
414.0 0.004205145160085522
415.0 0.0035342094633961096
416.0 0.0028632737667066976
417.0 0.003902591924997978
418.0 0.004941910447087139
419.0 0.004355680357548408
420.0 0.0037694506318075582
421.0 0.0037033165426691994
422.0 0.0036371828173287213
423.0 0.003491914685582742
424.0 0.0033466472814325243
425.0 0.0025263243514928035
426.0 0.0017060014215530828
427.0 0.001830535074986983
428.0 0.001955069092218764
429.0 0.0013107150152791291
430.0 0.0006663613021373749
431.0 0.0007085545348672895
432.0 0.0007507476311729988
433.0 0.000668893972033402
434.0 0.0005870403583685402
435.0 0.0011821147381851915
436.0 0.001777189208951313
437.0 0.0018373817511019297
438.0 0.0018975742932525463
439.0 0.0020551748093566857
440.0 0.0022127755073597655
441.0 0.001627502751944121
442.0 0.0010422304512758274
443.0 0.0022765294488635845
444.0 0.003510828537400812
445.0 0.0033989785151788965
446.0 0.0032871288567548618
447.0 0.0025117380573647097
448.0 0.0017363472579745576
449.0 0.002537557520554401
450.0 0.003338768146932125
451.0 0.002658628363860771
452.0 0.0019784882169915363
453.0 0.001693095691734925
454.0 0.001407703439326724
455.0 0.0022757783881388605
456.0 0.0031438536097994074
457.0 0.0023422373487846926
458.0 0.0015406214515678585
459.0 0.0016349284123862162
460.0 0.0017292351913056336
461.0 0.0008291652193292975
462.0 1.613631971097984e-10
463.0 0.0009182768735627178
464.0 0.0019074590454692952
465.0 0.0021797726731165312
466.0 0.002452086300763767
467.0 0.002127614243363496
468.0 0.0018031412764685228
469.0 0.0016106447219499387
470.0 0.001418147894582944
471.0 0.001295655056310352
472.0 0.0011731623999367002
473.0 0.0011676896065182518
474.0 0.0011622169040492736
475.0 0.001046430588758085
476.0 0.0009306443644163664
477.0 0.0013196054169384297
478.0 0.0017085663785110228
479.0 0.001965697083505802
480.0 0.002222827788500581
481.0 0.0017705267964629456
482.0 0.00131822562252637
483.0 0.0008911421900847927
484.0 0.0004640586666937452
485.0 0.001294169942411827
486.0 0.0021242811271804385
487.0 0.0014687814655189868
488.0 0.0008132818038575351
489.0 0.0016580668670940213
490.0 0.002502852294128388
491.0 0.0024030969143495895
492.0 0.00230334117077291
493.0 0.0020710825992864557
494.0 0.0018388242096989416
495.0 0.001622504169063177
496.0 0.001406183946528472
497.0 0.0012539779163489584
498.0 0.0011017721590178553
499.0 0.0012504297046689317
500.0 0.0013990875231684186
501.0 0.0008969475857156795
502.0 0.000394807466364
503.0 0.0012154524483776186
504.0 0.0020360976122901775
505.0 0.002233018858532887
506.0 0.002429940468573477
507.0 0.0022442254703491926
508.0 0.0020585102902259678
509.0 0.0018043403542833403
510.0 0.0015501706002396531
511.0 0.0011387147424102295
512.0 0.000727258930055541
513.0 0.001257415260624839
514.0 0.0017875720004667528
515.0 0.0013649871107190847
516.0 0.0009424026757187676
517.0 0.0009068032341019716
518.0 0.000871203974384116
519.0 0.0010895444574998692
520.0 0.001307884758716682
521.0 0.0016163392501766793
522.0 0.0019247934687882662
523.0 0.0013445549484458752
524.0 0.0007643165190529544
525.0 0.0007644167453690898
526.0 0.0007645170626346953
527.0 0.001154211349785328
528.0 0.0015439060007338412
529.0 0.001296441496378975
530.0 0.0010489763553778175
531.0 0.0011176025509485044
532.0 0.001186228655569721
533.0 0.0008580707799410447
534.0 0.0005299128588376334
535.0 0.00110777655208949
536.0 0.0016856401998666115
537.0 0.001645566226216033
538.0 0.001605491888767574
539.0 0.0011488702511996962
540.0 0.0006922484317328781
541.0 0.0007577340966236079
542.0 0.0008232198524638079
543.0 0.0012065916962455958
544.0 0.001589963721926324
545.0 0.0010499660675122868
546.0 0.0005099687768961303
547.0 0.0012106455869798083
548.0 0.0019113220332656056
549.0 0.0016391615645261481
550.0 0.0013670009138877504
551.0 0.0014202436432242393
552.0 0.0014734859178133775
553.0 0.0013023248357058037
554.0 0.0011311633898003493
555.0 0.001079089634004049
556.0 0.001027015969157219
557.0 0.0013571004274126608
558.0 0.0016871847037691623
559.0 0.0017249105439987034
560.0 0.001762635656632483
561.0 0.0016293261069222353
562.0 0.0014960165572119877
563.0 0.0011916728908545338
564.0 0.0008873292244970798
565.0 0.0016323834643117152
566.0 0.002377437886025291
567.0 0.0027671439966070466
568.0 0.003156849561491981
569.0 0.002990402208524756
570.0 0.002823954855557531
571.0 0.002664453313627746
572.0 0.0025049512260011397
573.0 0.00200833583221538
574.0 0.0015117206203285605
575.0 0.0019377594071556814
576.0 0.002363798012083862
577.0 0.0019686462110257708
578.0 0.0015734945918666199
579.0 0.0017290118194068782
580.0 0.0018845286831492558
581.0 0.0016678368410794064
582.0 0.0014511448171106167
583.0 0.0019244858776801266
584.0 0.002397826756350696
585.0 0.0025320861823274754
586.0 0.002666345790203195
587.0 0.002054042852250859
588.0 0.0014417395505006425
589.0 0.0020276615032344125
590.0 0.0026135834559681825
591.0 0.0017759366528480314
592.0 0.0009382896678289399
593.0 0.0007319963515328709
594.0 0.0005257027169136563
595.0 0.0010109754839504603
596.0 0.001496248114563059
597.0 0.0014137954167381395
598.0 0.0013313426279637497
599.0 0.0009232338925357908
600.0 0.0005151253390067723
601.0 0.000522924165125005
602.0 0.0005307228548190324
603.0 0.0009563324056216516
604.0 0.0013819416381011251
605.0 0.00089771219791146
606.0 0.00041348239392391406
607.0 0.000805186755314935
608.0 0.0011968910257564858
609.0 0.0011651174645521678
610.0 0.0011333436304994393
611.0 0.0010125364497071132
612.0 0.0008917289960663766
613.0 0.0007922420991235413
614.0 0.0006927553386049112
615.0 0.0012140216313127894
616.0 0.0017352882423438132
617.0 0.0022197917132871225
618.0 0.0027042953661293723
619.0 0.0022476609956356697
620.0 0.0017910264432430267
621.0 0.0015077910575200804
622.0 0.0012245553989487235
623.0 0.001564038211654406
624.0 0.0019035211153095588
625.0 0.0017254118574783206
626.0 0.001547302417748142
627.0 0.0018654582163435407
628.0 0.00218361437873682
629.0 0.001960797999345232
630.0 0.0017379814380547032
631.0 0.0015600673577864654
632.0 0.0013821530046698172
633.0 0.0017331880371784791
634.0 0.002084223524434492
635.0 0.00508326011186
636.0 0.008082295971689746
637.0 0.015400459233205765
638.0 0.022718623222317547
639.0 0.019826358766295016
640.0 0.016934092855080962
641.0 0.01468824630137533
642.0 0.01244240120286122
643.0 0.009929592488333583
644.0 0.0074167845014017075
645.0 0.006767043669242412
646.0 0.006117302109487355
647.0 0.005592481466010213
648.0 0.00506766009493731
649.0 0.004112882743356749
650.0 0.00315810575557407
651.0 0.0036093999369768426
652.0 0.004060694118379615
653.0 0.003283073237980716
654.0 0.002505451629986055
655.0 0.0028028976885252632
656.0 0.003100344110862352
657.0 0.002966098145407159
658.0 0.0028318516342551447
659.0 0.002676467011042405
660.0 0.002521082751627546
661.0 0.002731526183197275
662.0 0.0029419690690701827
663.0 0.00201169586944161
664.0 0.0010814228517119773
665.0 0.001612048436072655
666.0 0.0021426743842312135
667.0 0.002439671334286686
668.0 0.0027366681024432182
669.0 0.0019720713680726476
670.0 0.001207474633702077
671.0 0.0009038632015290204
672.0 0.0006002519057801692
673.0 0.0013533723176806234
674.0 0.002106493047904223
675.0 0.00219265330088092
676.0 0.002278813553857617
677.0 0.0019700357370311394
678.0 0.0016612573745078407
679.0 0.0013733907508139964
680.0 0.0010855239452212118
681.0 0.0011925798389711417
682.0 0.0012996355508221313
683.0 0.002384177605563309
684.0 0.0034687200241023675
685.0 0.0028788817871827632
686.0 0.0022890439140610397
687.0 0.0017188458514283411
688.0 0.0011486476978461724
689.0 0.0015018965314084198
690.0 0.0018551450921222568
691.0 0.002172243512177374
692.0 0.0024893417503335513
693.0 0.0027875388695974834
694.0 0.003085736170760356
695.0 0.0032559466490056366
696.0 0.003426156399655156
697.0 0.0036433208151720464
698.0 0.0038604855944868177
699.0 0.005692773993359879
700.0 0.007525063119828701
701.0 0.007157834625104442
702.0 0.006790603947592899
703.0 0.006236718036234379
704.0 0.005682831761077978
705.0 0.005157811028766446
706.0 0.0046327895688591525
707.0 0.004373046976979822
708.0 0.00411330365750473
709.0 0.004203334174235351
710.0 0.004293364690965973
711.0 0.0038824713556095958
712.0 0.0034715783840510994
713.0 0.002472684900567401
714.0 0.0014737912351847626
715.0 0.0021978556105750613
716.0 0.0029219198040664196
717.0 0.002521222813811619
718.0 0.0021205256416578777
719.0 0.0016898573448997922
720.0 0.0012591885933943558
721.0 0.0011981986062892247
722.0 0.0011372082553862128
723.0 0.0010386361282144208
724.0 0.0009400640010426287
725.0 0.0013028951798332855
726.0 0.0016657264495734125
727.0 0.0016998539649648592
728.0 0.0017339812984573655
729.0 0.0018008850020123646
730.0 0.001867788341769483
731.0 0.001449286355637014
732.0 0.001030784460454015
733.0 0.0009627094186726026
734.0 0.0008946341949922498
735.0 0.0009891754416457843
736.0 0.0010837164154509082
737.0 0.001295917718380224
738.0 0.0015081187484611291
739.0 0.0011613710739766248
740.0 0.0008146234904415905
741.0 0.000994526271824725
742.0 0.0011744290532078594
743.0 0.0016059530025813729
744.0 0.002037476770055946
745.0 0.001370135578326881
746.0 0.0007027942046988755
747.0 0.0011870060006913263
748.0 0.0016712177966837771
749.0 0.0022970727513893507
750.0 0.0029229278879938647
751.0 0.0029297552828211337
752.0 0.0029365826776484028
753.0 0.0029159049518057145
754.0 0.0028952274078619666
755.0 0.0018334969354327768
756.0 0.0007717663720541168
757.0 0.001776280623744242
758.0 0.002780794784484897
759.0 0.0026570138288661838
760.0 0.0025332328732474707
761.0 0.004338095459388569
762.0 0.0061429571360349655
763.0 0.005654988490277901
764.0 0.005167018389329314
765.0 0.005203113323659636
766.0 0.0052392093493836
767.0 0.004485525641939603
768.0 0.003731841570697725
769.0 0.0033086034818552434
770.0 0.0028853655749117024
771.0 0.003877350900438614
772.0 0.004869336407864466
773.0 0.004003930007456802
774.0 0.0031385236070491374
775.0 0.035459871287457645
776.0 0.11694179847836494
777.0 1.613631971097984e-10
778.0 1.613631971097984e-10
779.0 0.012196511670481414
780.0 0.062085146782919765
781.0 0.060522533021867275
782.0 0.05711959092877805
783.0 0.08088414324447513
784.0 0.04550714511424303
785.0 0.10316551197320223
786.0 0.0003047340442208224
787.0 0.013053596194367856
788.0 0.15405641170218587
789.0 0.009837928519118577
790.0 1.613631971097984e-10
791.0 0.10179235832765698
792.0 1.613631971097984e-10
793.0 0.12212825240567327
794.0 1.613631971097984e-10
795.0 0.008597302075941116
796.0 0.024251843569800258
797.0 0.047856560559011996
798.0 0.20094676874578
799.0 0.214011175557971
800.0 0.20843702368438244
801.0 0.4721562843769789
802.0 0.5816155578941107
803.0 1.1565536260604858
804.0 1.9293617457151413
805.0 2.8374582529067993
806.0 4.591488093137741
807.0 6.323884427547455
808.0 8.691805601119995
809.0 11.306378990411758
810.0 14.569953083992004
811.0 17.917107045650482
812.0 20.777729153633118
813.0 23.809728026390076
814.0 26.725488901138306
815.0 31.382280588150024
816.0 36.33156716823578
817.0 42.17312037944794
818.0 48.00284504890442
819.0 54.2966365814209
820.0 62.10973858833313
821.0 69.99973058700562
822.0 75.82835555076599
823.0 80.86569309234619
824.0 86.3060712814331
825.0 90.64584970474243
826.0 93.50912570953369
827.0 95.78091502189636
828.0 98.18689823150635
829.0 98.59492182731628
830.0 98.75481724739075
831.0 98.82786870002747
832.0 98.26275110244751
833.0 99.57696199417114
834.0 98.60072135925293
835.0 98.85932207107544
836.0 99.24598932266235
837.0 99.25792813301086
838.0 98.50649833679199
839.0 98.63770604133606
840.0 98.72283935546875
841.0 99.3567407131195
842.0 99.38352108001709
843.0 100.01630783081055
844.0 98.55448007583618
845.0 98.67823123931885
846.0 99.01706576347351
847.0 98.96575212478638
848.0 99.56116676330566
849.0 98.8490343093872
850.0 98.07524681091309
851.0 99.17265176773071
852.0 99.18391704559326
853.0 98.69953393936157
854.0 99.90167617797852
855.0 98.4639585018158
856.0 98.99891018867493
857.0 97.96164035797119
858.0 98.7212598323822
859.0 99.55486059188843
860.0 98.80175590515137
861.0 98.78947138786316
862.0 98.8841712474823
863.0 98.0366587638855
864.0 99.35799837112427
865.0 99.53121542930603
866.0 98.77939224243164
867.0 99.04963970184326
868.0 99.30124282836914
869.0 98.7314224243164
870.0 98.39332103729248
871.0 98.8480269908905
872.0 99.47251081466675
873.0 99.52888488769531
874.0 100.06024837493896
875.0 99.17848110198975
876.0 99.32059049606323
877.0 99.4957685470581
878.0 99.16266798973083
879.0 98.99570345878601
880.0 98.27727675437927
881.0 99.70938563346863
882.0 98.97750616073608
883.0 99.1158664226532
884.0 98.95743727684021
885.0 98.88266921043396
886.0 98.76527786254883
887.0 98.20153713226318
888.0 98.74352812767029
889.0 99.76454377174377
890.0 98.69946837425232
891.0 99.34418201446533
892.0 98.7497091293335
893.0 98.35715889930725
894.0 98.39982986450195
895.0 99.22701120376587
896.0 99.07816052436829
