lsstCam/transmission_filter_detector/r02_s20/z_20/19700101T000000.ecsv
# %ECSV 1.0
# ---
# datatype:
# - {name: wavelength, unit: nm, datatype: float32}
# - {name: efficiency, unit: '%', datatype: float64}
# meta: !!omap
# - {MODE: DETECTOR}
# - {TYPE: transmission_filter_detector}
# - {CALIBDATE: '1970-01-01T00:00:00'}
# - {INSTRUME: LSSTCam}
# - {OBSTYPE: transmission_filter_detector}
# - {CALIBCLS: lsst.ip.isr.IntermediateFilterDetectorTransmissionCurve}
# - {SOURCE: Materion (DM-46256)}
# - {DETECTOR: 15}
# - {FILTER: z_20}
# - {CALIB_ID: 'calibDate=1970-01-01T00:00:00 filter=z_20 detector=15'}
# - {DATE: '2025-04-02T15:59:48.703811'}
# - {CALIB_CREATION_DATE: '2025-04-02'}
# - {CALIB_CREATION_TIME: '15:59:48'}
# - __serialized_columns__:
#     efficiency:
#       __class__: astropy.units.quantity.Quantity
#       unit: !astropy.units.Unit {unit: '%'}
#       value: !astropy.table.SerializedColumn {name: efficiency}
#     wavelength:
#       __class__: astropy.units.quantity.Quantity
#       unit: !astropy.units.Unit {unit: nm}
#       value: !astropy.table.SerializedColumn {name: wavelength}
# schema: astropy-2.0
wavelength efficiency
[from data line 598]
898.0 98.92599582672119
899.0 98.70948195457458
900.0 99.05243515968323
901.0 99.39823150634766
902.0 99.14624691009521
903.0 98.56218099594116
904.0 97.83944487571716
905.0 98.8508939743042
906.0 98.20066094398499
907.0 98.59057664871216
908.0 98.13310503959656
909.0 98.23870658874512
910.0 98.03018569946289
911.0 96.9475507736206
912.0 96.15145921707153
913.0 94.92507576942444
914.0 92.74978637695312
915.0 90.47117829322815
916.0 88.3285641670227
917.0 86.42718195915222
918.0 83.65506529808044
919.0 81.9767713546753
920.0 79.24550771713257
921.0 75.53602457046509
922.0 71.24176621437073
923.0 65.51754474639893
924.0 60.03369688987732
925.0 54.46668267250061
926.0 48.36375117301941
927.0 41.45705997943878
928.0 35.547199845314026
929.0 29.21011745929718
930.0 23.594698309898376
931.0 18.54478418827057
932.0 13.034687936306
933.0 8.649581670761108
934.0 5.508818477392197
935.0 3.4943751990795135
936.0 1.9307946786284447
937.0 1.3212080113589764
938.0 0.8165326900780201
939.0 0.48268544487655163
940.0 0.24369091261178255
941.0 0.003149146868963726
942.0 0.06598856998607516
943.0 0.0624819309450686
944.0 1.613631971097984e-10
945.0 0.22987071424722672
946.0 0.07851255941204727
947.0 1.613631971097984e-10
948.0 0.07012221030890942
949.0 1.613631971097984e-10
950.0 0.15277102356776595
951.0 0.008583537419326603
952.0 0.053151464089751244
953.0 0.08671032846905291
954.0 1.613631971097984e-10
955.0 1.613631971097984e-10
956.0 1.613631971097984e-10
957.0 0.05044909776188433
958.0 1.613631971097984e-10
959.0 1.613631971097984e-10
960.0 0.1133071375079453
961.0 1.613631971097984e-10
962.0 1.613631971097984e-10
963.0 0.03620028437580913
964.0 0.013271895295474678
965.0 0.006070893141441047
966.0 0.021261519577819854
967.0 0.022925961820874363
968.0 0.027839033282361925
969.0 0.031803015735931695
970.0 1.613631971097984e-10
971.0 0.037235303898341954
972.0 0.07537098717875779
973.0 0.0182511328603141
974.0 1.613631971097984e-10
975.0 0.04531838349066675
976.0 0.006394511001417413
977.0 0.006385509186657146
978.0 0.006376508827088401
979.0 0.006152826244942844
980.0 0.005929142207605764
981.0 0.005833917384734377
982.0 0.005738692925660871
983.0 0.0055969801906030625
984.0 0.005455267455545254
985.0 0.005213487384025939
986.0 0.004971706584910862
987.0 0.004937606354360469
988.0 0.004903506487607956
989.0 0.004863943104282953
990.0 0.0048243800847558305
991.0 0.00487415527459234
992.0 0.00492393082822673
993.0 0.004946831541019492
994.0 0.004969731526216492
995.0 0.004846558658755384
996.0 0.004723386155092157
997.0 0.00456520174338948
998.0 0.0044070169678889215
999.0 0.004420989716891199
1000.0 0.004434961738297716
1001.0 0.004540586451184936
1002.0 0.004646211164072156
1003.0 0.004550729499896988
1004.0 0.004455247835721821
1005.0 0.004320857988204807
1006.0 0.0041864681406877935
1007.0 0.004264767994754948
1008.0 0.004343068212619983
1009.0 0.004367734072729945
1010.0 0.004392399569042027
1011.0 0.004545781121123582
1012.0 0.004699163037003018
1013.0 0.004504060780163854
1014.0 0.004308958523324691
1015.0 0.004444236401468515
1016.0 0.004579513915814459
1017.0 0.004893811637884937
1018.0 0.005208109359955415
1019.0 0.00498824447277002
1020.0 0.004768379585584626
1021.0 0.004804221316589974
1022.0 0.004840062683797441
1023.0 0.004691037247539498
1024.0 0.004542011811281554
1025.0 0.004763376637129113
1026.0 0.0049847418267745525
1027.0 0.004856148734688759
1028.0 0.004727555642602965
1029.0 0.00470247796329204
1030.0 0.004677400647778995
1031.0 0.004715474278782494
1032.0 0.004753548273583874
1033.0 0.004845236981054768
1034.0 0.0049369260523235425
1035.0 0.005143440284882672
1036.0 0.005349954517441802
1037.0 0.005458634404931217
1038.0 0.005567313928622752
1039.0 0.005479333776747808
1040.0 0.005391352897277102
1041.0 0.0057360579376108944
1042.0 0.006080763341742568
1043.0 0.0056521559599787
1044.0 0.005223548214416951
1045.0 0.0059340916777728125
1046.0 0.006644634413532913
1047.0 0.006274668703554198
1048.0 0.005904701538383961
1049.0 0.006078059959691018
1050.0 0.006251418380998075
1051.0 0.006561048940056935
1052.0 0.006870681681903079
1053.0 0.00690456508891657
1054.0 0.006938447768334299
1055.0 0.007657772221136838
1056.0 0.008377096673939377
1057.0 0.008088663889793679
1058.0 0.007800232560839504
1059.0 0.007878653559600934
1060.0 0.007957073103170842
1061.0 0.008600480941822752
1062.0 0.009243890235666186
1063.0 0.009233720629708841
1064.0 0.009223551023751497
1065.0 0.009292003960581496
1066.0 0.00936045908019878
1067.0 0.009397817484568805
1068.0 0.009435177344130352
1069.0 0.010453521099407226
1070.0 0.011471864127088338
1071.0 0.011154491949127987
1072.0 0.010837116133188829
1073.0 0.010998089419445023
1074.0 0.011159061978105456
1075.0 0.011730204278137535
1076.0 0.012301350943744183
1077.0 0.012329986202530563
1078.0 0.012358624371699989
1079.0 0.013362194295041263
1080.0 0.01436576567357406
1081.0 0.014289782848209143
1082.0 0.014213801478035748
1083.0 0.014127038593869656
1084.0 0.014040277164895087
1085.0 0.014463379920925945
1086.0 0.014886485587339848
1087.0 0.015058965072967112
1088.0 0.015231446013785899
1089.0 0.016767876513767987
1090.0 0.01830430410336703
1091.0 0.0181600873474963
1092.0 0.018015863315667957
1093.0 0.017592639778740704
1094.0 0.017169413331430405
1095.0 0.018267858831677586
1096.0 0.019366307242307812
1097.0 0.020369020057842135
1098.0 0.021371735783759505
1099.0 0.022990116849541664
1100.0 0.024608493549749255
1101.0 0.024478949490003288
1102.0 0.02434940543025732
1103.0 0.02585414913482964
1104.0 0.027358889929018915
1105.0 0.02714017464313656
1106.0 0.026921462267637253
1107.0 0.027908405172638595
1108.0 0.028895350988022983
1109.0 0.030571245588362217
1110.0 0.03224714018870145
1111.0 0.032129266764968634
1112.0 0.03201139916200191
1113.0 0.03380357229616493
1114.0 0.03559575125109404
1115.0 0.03506222274154425
1116.0 0.034528697142377496
1117.0 0.03399083507247269
1118.0 0.03345297591295093
1119.0 0.03786372544709593
1120.0 0.04227447498124093
1121.0 0.04346758360043168
1122.0 0.04466069513000548
1123.0 0.04463894001673907
1124.0 0.04461718490347266
1125.0 0.04497063928283751
1126.0 0.045324096572585404
1127.0 0.04860881308559328
1128.0 0.05189352668821812
1129.0 0.05651293322443962
1130.0 0.061132339760661125
1131.0 0.060227204812690616
1132.0 0.059322064043954015
1133.0 0.06384578882716596
1134.0 0.06836950778961182
1135.0 0.06574344588443637
1136.0 0.06311738397926092
1137.0 0.06995490402914584
1138.0 0.07679242989979684
1139.0 0.08059139945544302
1140.0 0.08439033408649266
1141.0 0.09448257624171674
1142.0 0.10457478929311037
1143.0 0.12593184364959598
1144.0 0.14728885143995285
1145.0 0.2974507864564657
1146.0 0.4476127680391073
1147.0 0.9527379646897316
1148.0 1.457863301038742
1149.0 1.6577281057834625
1150.0 1.8575940281152725
