lsstCam/transmission_filter_detector/r14_s21/g_6/19700101T000000.ecsv
# %ECSV 1.0
# ---
# datatype:
# - {name: wavelength, unit: nm, datatype: float32}
# - {name: efficiency, unit: '%', datatype: float64}
# meta: !!omap
# - {MODE: DETECTOR}
# - {TYPE: transmission_filter_detector}
# - {CALIBDATE: '1970-01-01T00:00:00'}
# - {INSTRUME: LSSTCam}
# - {OBSTYPE: transmission_filter_detector}
# - {CALIBCLS: lsst.ip.isr.IntermediateFilterDetectorTransmissionCurve}
# - {SOURCE: Materion (DM-46256)}
# - {DETECTOR: 70}
# - {FILTER: g_6}
# - {CALIB_ID: 'calibDate=1970-01-01T00:00:00 filter=g_6 detector=70'}
# - {DATE: '2025-04-02T15:59:42.352492'}
# - {CALIB_CREATION_DATE: '2025-04-02'}
# - {CALIB_CREATION_TIME: '15:59:42'}
# - __serialized_columns__:
#     efficiency:
#       __class__: astropy.units.quantity.Quantity
#       unit: !astropy.units.Unit {unit: '%'}
#       value: !astropy.table.SerializedColumn {name: efficiency}
#     wavelength:
#       __class__: astropy.units.quantity.Quantity
#       unit: !astropy.units.Unit {unit: nm}
#       value: !astropy.table.SerializedColumn {name: wavelength}
# schema: astropy-2.0
wavelength efficiency
300.0 0.5071863532066345
301.0 0.3758735954761505
302.0 0.24456081446260214
303.0 0.21898697596043348
304.0 0.19341313745826483
305.0 0.20361822098493576
306.0 0.2138233045116067
307.0 0.220928224734962
308.0 0.22803312167525291
309.0 0.2224355237558484
310.0 0.21683794911950827
311.0 0.2117551164701581
312.0 0.20667235367000103
313.0 0.2028594957664609
314.0 0.19904663786292076
315.0 0.18799203680828214
316.0 0.17693747067824006
317.0 0.17852301243692636
318.0 0.1801086007617414
319.0 0.16369865043088794
320.0 0.1472886768169701
321.0 0.14100908301770687
322.0 0.13472947757691145
323.0 0.1155716017819941
324.0 0.0964137667324394
325.0 0.08730519330129027
326.0 0.07819661987014115
327.0 0.0716572511009872
328.0 0.06511788233183324
329.0 0.06257997592911124
330.0 0.06004206952638924
331.0 0.05547854816541076
332.0 0.050915032625198364
333.0 0.04774304397869855
334.0 0.04457105533219874
335.0 0.042806947021745145
336.0 0.04104283871129155
337.0 0.04215864173602313
338.0 0.043274444760754704
339.0 0.04154724010732025
340.0 0.039820035453885794
341.0 0.037955542211420834
342.0 0.036091048968955874
343.0 0.03256777417846024
344.0 0.029044499387964606
345.0 0.025575919426046312
346.0 0.022107339464128017
347.0 0.0208539015147835
348.0 0.019600462110247463
349.0 0.01810617686714977
350.0 0.6339835934340954
351.0 0.9069233201444149
352.0 0.8086947724223137
353.0 0.9210803546011448
354.0 0.4354166332632303
355.0 0.7492407225072384
356.0 0.5270385649055243
357.0 1.007445901632309
358.0 0.6913512479513884
359.0 0.7786964531987906
360.0 0.6329097785055637
361.0 0.734819658100605
362.0 0.5419509019702673
363.0 0.6848962511867285
364.0 0.6027332041412592
365.0 0.6861720699816942
366.0 0.43490948155522346
367.0 0.6398670841008425
368.0 0.3811406437307596
369.0 0.6707195192575455
370.0 0.4324669484049082
371.0 0.5799510981887579
372.0 0.4166404251009226
373.0 0.7643383461982012
374.0 0.3606954589486122
375.0 0.5796435289084911
376.0 0.4169347696006298
377.0 0.5997936706990004
378.0 0.33514457754790783
379.0 0.5059132818132639
380.0 0.392335606738925
381.0 0.5789599381387234
382.0 0.5378128960728645
383.0 0.4996103700250387
384.0 0.5887259729206562
385.0 0.6272146012634039
386.0 0.647234870120883
387.0 0.7636782247573137
388.0 0.9572174400091171
389.0 1.2857264839112759
390.0 1.847042329609394
391.0 2.9297178611159325
392.0 4.570030048489571
393.0 7.240089774131775
394.0 10.927105695009232
395.0 15.772129595279694
396.0 21.716320514678955
397.0 29.121065139770508
398.0 37.70847022533417
399.0 47.058090567588806
400.0 56.423377990722656
401.0 65.34128785133362
402.0 73.39194416999817
403.0 80.15486001968384
404.0 85.09092926979065
405.0 88.73652219772339
406.0 90.68950414657593
407.0 92.36894845962524
408.0 93.3031678199768
409.0 93.72668266296387
410.0 93.81738901138306
411.0 93.73854398727417
412.0 93.36540699005127
413.0 93.20873618125916
414.0 92.97425150871277
415.0 93.20595860481262
416.0 93.59754920005798
417.0 93.92930269241333
418.0 94.4614827632904
419.0 95.04075050354004
420.0 95.5062210559845
421.0 96.04629874229431
422.0 96.18876576423645
423.0 96.3421642780304
424.0 96.20335102081299
425.0 96.08598351478577
426.0 96.01140022277832
427.0 96.07652425765991
428.0 95.92320322990417
429.0 95.71189880371094
430.0 95.63153386116028
431.0 95.70947289466858
432.0 95.78506350517273
433.0 95.85714936256409
434.0 95.94108462333679
435.0 96.05318903923035
436.0 96.12277746200562
437.0 96.09295725822449
438.0 96.13378047943115
439.0 96.26002907752991
440.0 96.19677066802979
441.0 96.3458776473999
442.0 96.27028107643127
443.0 96.28732800483704
444.0 96.21018171310425
445.0 95.950847864151
446.0 95.82003951072693
447.0 95.63098549842834
448.0 95.66400647163391
449.0 95.7948386669159
450.0 96.0498034954071
451.0 96.2509036064148
452.0 96.44135236740112
453.0 96.57463431358337
454.0 96.61753177642822
455.0 96.89598083496094
456.0 96.97628021240234
457.0 97.17416167259216
458.0 97.16881513595581
459.0 97.20178246498108
460.0 97.21826314926147
461.0 97.3317801952362
462.0 97.20690250396729
463.0 97.11374044418335
464.0 97.22025990486145
465.0 97.12629914283752
466.0 96.93827629089355
467.0 97.15935587882996
468.0 97.16135859489441
469.0 97.22135663032532
470.0 97.05320596694946
471.0 96.94792628288269
472.0 97.03454971313477
473.0 96.90529108047485
474.0 96.7699944972992
475.0 96.90812230110168
476.0 96.89725637435913
477.0 96.95655107498169
478.0 97.04486727714539
479.0 97.01783657073975
480.0 97.21731543540955
481.0 97.24026322364807
482.0 97.48068451881409
483.0 97.35475182533264
484.0 97.59621620178223
485.0 97.6061761379242
486.0 97.60134816169739
487.0 97.6393461227417
488.0 97.69779443740845
489.0 97.7876365184784
490.0 97.74122834205627
491.0 97.7994441986084
492.0 97.65662550926208
493.0 97.69688844680786
494.0 97.69408702850342
495.0 97.72681593894958
496.0 97.54133820533752
497.0 97.48663306236267
498.0 97.28631973266602
499.0 97.31411337852478
500.0 97.23725318908691
501.0 97.2601592540741
502.0 97.19946384429932
503.0 97.36195802688599
504.0 97.16683626174927
505.0 97.14758396148682
506.0 97.18943238258362
507.0 97.16205596923828
508.0 97.15506434440613
509.0 97.17255234718323
510.0 97.10204005241394
511.0 97.1074104309082
512.0 97.01967239379883
513.0 97.09703922271729
514.0 97.11662530899048
515.0 97.10946083068848
516.0 97.1620261669159
517.0 97.18852043151855
518.0 97.3054587841034
519.0 97.24025130271912
520.0 97.27134108543396
521.0 97.44427800178528
522.0 97.36747145652771
523.0 97.38084673881531
524.0 97.3637044429779
525.0 97.34285473823547
526.0 97.46175408363342
527.0 97.38500118255615
528.0 97.46367335319519
529.0 97.58041501045227
530.0 97.59102463722229
531.0 97.71003723144531
532.0 97.57411479949951
533.0 97.59231805801392
534.0 97.51720428466797
535.0 97.3168134689331
536.0 96.93902134895325
537.0 96.24613523483276
538.0 95.40027976036072
539.0 93.89677047729492
540.0 92.02912449836731
541.0 89.24244046211243
542.0 86.40811443328857
543.0 82.6345145702362
544.0 78.01984548568726
545.0 73.93491864204407
546.0 69.0267026424408
547.0 64.55159187316895
548.0 60.12733578681946
549.0 56.1853289604187
550.0 53.117889165878296
551.0 50.117117166519165
552.0 47.730812430381775
553.0 45.156291127204895
554.0 42.137742042541504
555.0 38.76989781856537
556.0 34.363096952438354
557.0 29.345804452896118
558.0 23.991206288337708
559.0 18.690010905265808
560.0 13.744278252124786
561.0 9.173775464296341
562.0 5.815304443240166
563.0 3.348706290125847
564.0 1.827063038945198
565.0 0.8714288473129272
566.0 0.46755089424550533
567.0 0.23317313753068447
568.0 0.15125307254493237
569.0 0.08765659295022488
570.0 0.070717534981668
571.0 0.042851330363191664
572.0 0.0588124617934227
573.0 0.0337916862918064
574.0 0.04499762144405395
575.0 0.029756801086477935
576.0 0.04068882844876498
577.0 0.024370425671804696
578.0 0.035764064523391426
579.0 0.02299345505889505
580.0 0.029440579237416387
581.0 0.0200805880012922
582.0 0.02317059552296996
583.0 0.01864368241513148
584.0 0.018737516074907035
585.0 0.008480536052957177
586.0 0.014520181866828352
587.0 0.019731104839593172
588.0 0.02030904870480299
589.0 0.0160505689564161
590.0 0.018901230941992253
591.0 0.01574600173626095
592.0 0.011122131400043145
593.0 0.01262450241483748
594.0 0.019607681315392256
595.0 0.018695367907639593
596.0 0.004695343159255572
597.0 0.008924589201342314
598.0 0.014644568727817386
599.0 0.005547271575778723
600.0 0.003133584323222749
601.0 0.002370954643993173
602.0 0.002413391848676838
603.0 0.002455828871461563
604.0 0.0022249954781727865
605.0 0.0019941622667829506
606.0 0.0020294863134040497
607.0 0.002064809996227268
608.0 0.001862568751676008
609.0 0.0016603273252258077
610.0 0.0018143879060517065
611.0 0.001968448304978665
612.0 0.0018594342691358179
613.0 0.0017504205970908515
614.0 0.0018323271433473565
615.0 0.0019142340534017421
616.0 0.0019765719116549008
617.0 0.002038909588009119
618.0 0.0019061229977523908
619.0 0.0017733364074956626
620.0 0.001693753438303247
621.0 0.0016141702872118913
622.0 0.0015336108845076524
623.0 0.001453051208955003
624.0 0.0014516322153212968
625.0 0.001450213403586531
626.0 0.001374827934341738
627.0 0.0012994428288948257
628.0 0.0013977201888337731
629.0 0.0014959978216211312
630.0 0.001334788066742476
631.0 0.0011735781299648806
632.0 0.0013478397704602685
633.0 0.0015221011381072458
634.0 0.0014042011571291368
635.0 0.0012863008123531472
636.0 0.0013073479749436956
637.0 0.001328395683231065
638.0 0.0012280704140721355
639.0 0.0011277450539637357
640.0 0.001130138298321981
641.0 0.001132531360781286
642.0 0.001333468117081793
643.0 0.0015344048733823001
644.0 0.0013916005627834238
645.0 0.0012487960702856071
646.0 0.0012142621926614083
647.0 0.0011797283150372095
648.0 0.0010833239684870932
649.0 0.0009869195309875067
650.0 0.0012355279068287928
651.0 0.001484135918872198
652.0 0.0012153561328887008
653.0 0.0009465763469052035
654.0 0.0010875935913645662
655.0 0.0012286110177228693
656.0 0.0012068735486536752
657.0 0.0011851361705339514
658.0 0.0010903510883508716
659.0 0.0009955663699656725
660.0 0.0009385973498865496
661.0 0.0008816282388579566
662.0 0.001037432230077684
663.0 0.0011932364031963516
664.0 0.0011815429388661869
665.0 0.0011698492016876116
666.0 0.0011095755326095968
667.0 0.0010493014087842312
668.0 0.0011335087947372813
669.0 0.001217715998791391
670.0 0.0011986747267656028
671.0 0.0011796335456892848
672.0 0.0012030863217660226
673.0 0.0012265388249943499
674.0 0.0011382684533600695
675.0 0.0010499978998268489
676.0 0.0010295313586539123
677.0 0.001009064453683095
678.0 0.0010877834029088262
679.0 0.0011665023521345574
680.0 0.0010460281373525504
681.0 0.0009255538316210732
682.0 0.0010012893653765786
683.0 0.001077024808182614
684.0 0.0009100976967602037
685.0 0.000743170357964118
686.0 0.0009898069947666954
687.0 0.0012364434951450676
688.0 0.0011536631063790992
689.0 0.0010708827176131308
690.0 0.0009981768926081713
691.0 0.0009254709766537417
692.0 0.0008797436748864129
693.0 0.0008340163731190842
694.0 0.0009849542948359158
695.0 0.0011358921256032772
696.0 0.0011476204235805199
697.0 0.0011593483577598818
698.0 0.0012634617633011658
699.0 0.0013675753507413901
700.0 0.001151475589722395
701.0 0.0009353758287033997
702.0 0.0011236054888286162
703.0 0.0013118350580043625
704.0 0.0012752828297379892
705.0 0.0012387304195726756
706.0 0.0011714054380718153
707.0 0.0011040805475204252
708.0 0.0010853105777641758
709.0 0.0010665406989573967
710.0 0.0011526460184541065
711.0 0.001238751701748697
712.0 0.001184754819405498
713.0 0.0011307581189612392
714.0 0.0011736441592802294
715.0 0.0012165305633971002
716.0 0.001426987273589475
717.0 0.0016374442566302605
718.0 0.0018887305486714467
719.0 0.002140016295015812
720.0 0.0017726408259477466
721.0 0.0014052649930818006
722.0 0.0015355100913438946
723.0 0.0016657555534038693
724.0 0.001601029907760676
725.0 0.001536304444016423
726.0 0.001702035115158651
727.0 0.001867765786300879
728.0 0.0019458677343209274
729.0 0.002023969864239916
730.0 0.002006358772632666
731.0 0.0019887480448232964
732.0 0.0018717788407229818
733.0 0.001754810000420548
734.0 0.0015722469470347278
735.0 0.0013896843483962584
736.0 0.00123529052871163
737.0 0.0010808965271280613
738.0 0.0010756390111055225
739.0 0.0010703814950829837
740.0 0.0009152045095106587
741.0 0.0007600274784635985
742.0 0.0007923634257167578
743.0 0.0008246993274951819
744.0 0.0009433656487090047
745.0 0.001062032151821768
746.0 0.001055473057931522
747.0 0.0010489141459402163
748.0 0.0012080705346306786
749.0 0.001367226923321141
750.0 0.0011063340934924781
751.0 0.0008454417184111662
752.0 0.0007238754733407404
753.0 0.0006023095011187252
754.0 0.0007692944564041682
755.0 0.0009362794116896112
756.0 0.0008938003702496644
757.0 0.0008513212378602475
758.0 0.0008661450010549743
759.0 0.0008809690370981116
760.0 0.0007065641966619296
761.0 0.0005321593562257476
762.0 0.0005973102815914899
763.0 0.0006624611614824971
764.0 0.0008424445695709437
765.0 0.0010224282050330658
766.0 0.0008316662388097029
767.0 0.0006409044090105454
768.0 0.0006156159543024842
769.0 0.000590327499594423
770.0 0.0004741945303976536
771.0 0.0003580615839382517
772.0 0.0005585040980804479
773.0 0.0007589468168589519
774.0 0.0008394591532123741
775.0 0.0009199716259900015
776.0 0.0008546720891899895
777.0 0.0007893724614405073
778.0 0.0007277063104993431
779.0 0.0006660401595581789
780.0 0.0006363027750921901
781.0 0.0006065653906262014
782.0 0.0005942903953837231
783.0 0.0005820153091917746
784.0 0.0007557734079455258
785.0 0.0009295315066992771
786.0 0.0007871654815971851
787.0 0.000644799865767709
788.0 0.0004290011474950006
789.0 0.00021320254290913
790.0 0.00018156836176785873
791.0 0.00014993414652053616
792.0 0.00022888525563757867
793.0 0.00030783637612330494
794.0 0.00028210381515236804
795.0 0.0002563712769187987
796.0 0.0004392517439555377
797.0 0.0006221322564670118
798.0 0.0005791917828901205
799.0 0.0005362514002626995
800.0 0.0005319455794960959
801.0 0.0005276399406284327
802.0 0.00045181013774708845
803.0 0.0003759804258152144
804.0 0.00032728009955462767
805.0 0.00027857988698087865
806.0 0.00028265558285056613
807.0 0.0002867312787202536
808.0 0.0004089785761607345
809.0 0.0005312259418133181
810.0 0.00037426100334414514
811.0 0.00021729604213760467
812.0 0.00026440031888341764
813.0 0.0003115045501544955
814.0 0.0003466790303718881
815.0 0.0003818534878519131
816.0 0.00047733406063343864
817.0 0.000572814542465494
818.0 0.000420031710746116
819.0 0.0002672489245014731
820.0 0.0004060371338709956
821.0 0.0005448252068163129
822.0 0.00042568740354909096
823.0 0.00030654953206976643
824.0 0.0004426585292094387
825.0 0.0005787674126622733
826.0 0.0006453167770814616
827.0 0.0007118660505511798
828.0 0.0006209612820384791
829.0 0.0005300564225763083
830.0 0.000430844511356554
831.0 0.0003316325773994322
832.0 0.0004903478838969022
833.0 0.0006490631221822696
834.0 0.000508529183207429
835.0 0.00036799524423258845
836.0 0.00045015435716777574
837.0 0.0005323135610524332
838.0 0.0005206746209296398
839.0 0.0005090357717563165
840.0 0.000619779802946141
841.0 0.0007305237886612304
842.0 0.00040205291043093894
843.0 7.358190714512602e-05
844.0 0.00012157402125012595
845.0 0.00016956611261775834
846.0 0.0004323089342506137
847.0 0.000695051903676358
848.0 0.0006201698852237314
849.0 0.00054528800319531
850.0 0.0005349331331672147
851.0 0.0005245783086138545
852.0 0.0005866607352800202
853.0 0.0006487427981483052
854.0 0.0006062051852495642
855.0 0.000563667390451883
856.0 0.0005796124241896905
857.0 0.0005955575943517033
858.0 0.0005708966909878654
859.0 0.0005462358330987627
860.0 0.0005318668172549224
861.0 0.000517497755936347
862.0 0.000501961903864867
863.0 0.00048642605179338716
864.0 0.00047817438826314174
865.0 0.0004699226792581612
866.0 0.0004853540758631425
867.0 0.0005007854269933887
868.0 0.000677632260703831
869.0 0.0008544790944142733
870.0 0.0006622706223424757
871.0 0.00047006201384647284
872.0 0.0003616968797359732
873.0 0.00025333158646390075
874.0 0.0003756721071113134
875.0 0.0004980126050213585
876.0 0.0005780993888038211
877.0 0.0006581860816368135
878.0 0.0006821003807999659
879.0 0.0007060145890136482
880.0 0.0006514099823107244
881.0 0.0005968057394056814
882.0 0.0005066864105174318
883.0 0.00041656730900285766
884.0 0.0004916637408314273
885.0 0.0005667604000336723
886.0 0.0006831255177530693
887.0 0.0007994908628461417
888.0 0.0006492283318948466
889.0 0.0004989659373677569
890.0 0.0005405378033174202
891.0 0.0005821098056912888
892.0 0.0005448231149784988
893.0 0.000507536515215179
894.0 0.0004793464540853165
895.0 0.00045115639295545407
896.0 0.0002755446985247545
897.0 9.993298135668738e-05
898.0 0.0002422877514618449
899.0 0.00038464249882963486
900.0 0.00036354299481899943
901.0 0.0003424434453336289
902.0 0.0005393103947426425
903.0 0.0007361773441516561
904.0 0.0004190776053292211
905.0 0.00010197776418863214
906.0 0.0003378835799594526
