lsstCam/transmission_filter_detector/r14_s21/g_6/19700101T000000.ecsv
# %ECSV 1.0
# ---
# datatype:
# - {name: wavelength, unit: nm, datatype: float32}
# - {name: efficiency, unit: '%', datatype: float64}
# meta: !!omap
# - {MODE: DETECTOR}
# - {TYPE: transmission_filter_detector}
# - {CALIBDATE: '1970-01-01T00:00:00'}
# - {INSTRUME: LSSTCam}
# - {OBSTYPE: transmission_filter_detector}
# - {CALIBCLS: lsst.ip.isr.IntermediateFilterDetectorTransmissionCurve}
# - {SOURCE: Materion (DM-46256)}
# - {DETECTOR: 70}
# - {FILTER: g_6}
# - {CALIB_ID: 'calibDate=1970-01-01T00:00:00 filter=g_6 detector=70'}
# - {DATE: '2025-04-02T15:59:42.352492'}
# - {CALIB_CREATION_DATE: '2025-04-02'}
# - {CALIB_CREATION_TIME: '15:59:42'}
# - __serialized_columns__:
#     efficiency:
#       __class__: astropy.units.quantity.Quantity
#       unit: !astropy.units.Unit {unit: '%'}
#       value: !astropy.table.SerializedColumn {name: efficiency}
#     wavelength:
#       __class__: astropy.units.quantity.Quantity
#       unit: !astropy.units.Unit {unit: nm}
#       value: !astropy.table.SerializedColumn {name: wavelength}
# schema: astropy-2.0
wavelength efficiency
[from data line 608]
908.0 0.000523857306689024
909.0 0.0004739253199659288
910.0 0.0003976212610723451
911.0 0.00032131720217876136
912.0 0.000440564144810196
913.0 0.0005598111783911008
914.0 0.0003931063474738039
915.0 0.00022640156203124207
916.0 0.0002169144408981083
917.0 0.00020742731976497453
918.0 0.00023826758024370065
919.0 0.00026910784072242677
920.0 0.0003531715492499643
921.0 0.00043723525777750183
922.0 0.0005615343525278149
923.0 0.0006858333563286578
924.0 0.0005887690349482
925.0 0.0004917045771435369
926.0 0.0005426151346910046
927.0 0.0005935257377132075
928.0 0.0005388139470596798
929.0 0.00048410224735562224
930.0 0.0005117538421473
931.0 0.0005394054824137129
932.0 0.0005107717697683256
933.0 0.0004821381025976734
934.0 0.0005058405349700479
935.0 0.0005295429218676873
936.0 0.0005365187917050207
937.0 0.0005434946615423542
938.0 0.0006695033789583249
939.0 0.0007955120054248255
940.0 0.0007130514404707355
941.0 0.0006305907390924403
942.0 0.000737462823963142
943.0 0.0008443350452580489
944.0 0.0007021063083811896
945.0 0.0005598774805548601
946.0 0.0005382149538490921
947.0 0.000516552336193854
948.0 0.0008244754098996054
949.0 0.0011323986655042972
950.0 0.0009840045095188543
951.0 0.0008356104444828816
952.0 0.000814938721305225
953.0 0.0007942669071780983
954.0 0.0007758304491289891
955.0 0.000757394036554615
956.0 0.0006692057013424346
957.0 0.0005810171842313139
958.0 0.0006788714927097317
959.0 0.0007767258466628846
960.0 0.0006037013008608483
961.0 0.0004306766186346067
962.0 0.0005017744115320966
963.0 0.0005728722044295864
964.0 0.0006812859737692634
965.0 0.000789699606684735
966.0 0.0007978064786584582
967.0 0.0008059133506321814
968.0 0.000769339021644555
969.0 0.0007327647381316638
970.0 0.0007230466508190148
971.0 0.0007133286089811008
972.0 0.0007765400368953124
973.0 0.0008397516467084642
974.0 0.0008138387784129009
975.0 0.0007879262739152182
976.0 0.0007989098776306491
977.0 0.0008098937541944906
978.0 0.0009217194019583985
979.0 0.0010335451406717766
980.0 0.0010285480129823554
981.0 0.0010235510671918746
982.0 0.0009416794455319177
983.0 0.0008598078238719609
984.0 0.0008715873264009133
985.0 0.0008833671017782763
986.0 0.0011024010746041313
987.0 0.001321434865531046
988.0 0.001358183453703532
989.0 0.0013949315871286672
990.0 0.0014947529052733444
991.0 0.0015945743143674918
992.0 0.0015659601558581926
993.0 0.0015373463611467741
994.0 0.0014752486094948836
995.0 0.0014131511306914035
996.0 0.001343082021776354
997.0 0.0012730130038107745
998.0 0.0014043608643987682
999.0 0.0015357087249867618
1000.0 0.0014312089660961647
1001.0 0.001326708934357157
1002.0 0.0012290183803997934
1003.0 0.0011313277354929596
1004.0 0.0011183694368810393
1005.0 0.0011054110473196488
1006.0 0.0013445376680465415
1007.0 0.0015836643797229044
1008.0 0.0015631672795279883
1009.0 0.0015426705431309529
1010.0 0.0016402913388446905
1011.0 0.0017379124983563088
1012.0 0.0018949926015920937
1013.0 0.002052072886726819
1014.0 0.0021002946596127003
1015.0 0.0021485167962964624
1016.0 0.0024611365006421693
1017.0 0.002773756568785757
1018.0 0.0030161474569467828
1019.0 0.0032585383451078087
1020.0 0.0032708259823266417
1021.0 0.0032831136195454746
1022.0 0.003624156306614168
1023.0 0.003965199357480742
1024.0 0.0040279977838508785
1025.0 0.004090796210221015
1026.0 0.004219814218231477
1027.0 0.004348831862444058
1028.0 0.004427231033332646
1029.0 0.004505629840423353
1030.0 0.004592897312249988
1031.0 0.004680164420278743
1032.0 0.0051298600737936795
1033.0 0.005579555363510735
1034.0 0.005385998520068824
1035.0 0.005192442040424794
1036.0 0.0053252308134688064
1037.0 0.005458019222714938
1038.0 0.005682908522430807
1039.0 0.0059077978221466765
1040.0 0.0063543244323227555
1041.0 0.006800849951105192
1042.0 0.006949929957045242
1043.0 0.007099009962985292
1044.0 0.007332356472034007
1045.0 0.0075657015258912
1046.0 0.008575132233090699
1047.0 0.009584562940290198
1048.0 0.0110472938104067
1049.0 0.012510022497735918
1050.0 0.014893506886437535
1051.0 0.017276988364756107
1052.0 0.020833533199038357
1053.0 0.024390082398895174
1054.0 0.029246241319924593
1055.0 0.03410239878576249
1056.0 0.04076680343132466
1057.0 0.047431199345737696
1058.0 0.05512440693564713
1059.0 0.06281760288402438
1060.0 0.07026394014246762
1061.0 0.0777102482970804
1062.0 0.08481864933855832
1063.0 0.09192702127620578
1064.0 0.09703155956231058
1065.0 0.10213607456535101
1066.0 0.10710577480494976
1067.0 0.11207546340301633
1068.0 0.11810666183009744
1069.0 0.12413788354024291
1070.0 0.13367373030632734
1071.0 0.14320958871394396
1072.0 0.15622407663613558
1073.0 0.16923854127526283
1074.0 0.18407102907076478
1075.0 0.19890358671545982
1076.0 0.2131647663190961
1077.0 0.22742599248886108
1078.0 0.24187834933400154
1079.0 0.256330706179142
1080.0 0.2734272740781307
1081.0 0.2905238186940551
1082.0 0.31767431646585464
1083.0 0.3448248375207186
1084.0 0.3824892221018672
1085.0 0.4201536066830158
1086.0 0.4551520571112633
1087.0 0.4901505075395107
1088.0 0.55417250841856
1089.0 0.6181944627314806
1090.0 0.6954450160264969
1091.0 0.7726955693215132
1092.0 0.8018197491765022
1093.0 0.8309436962008476
1094.0 0.8664388209581375
1095.0 0.9019337594509125
1096.0 0.9445452131330967
1097.0 0.9871568530797958
1098.0 1.0040348395705223
1099.0 1.0209130123257637
1100.0 1.1730948463082314
1101.0 1.3252763077616692
