lsstCam/transmission_filter_detector/r23_s22/z_20/19700101T000000.ecsv
# %ECSV 1.0
# ---
# datatype:
# - {name: wavelength, unit: nm, datatype: float32}
# - {name: efficiency, unit: '%', datatype: float64}
# meta: !!omap
# - {MODE: DETECTOR}
# - {TYPE: transmission_filter_detector}
# - {CALIBDATE: '1970-01-01T00:00:00'}
# - {INSTRUME: LSSTCam}
# - {OBSTYPE: transmission_filter_detector}
# - {CALIBCLS: lsst.ip.isr.IntermediateFilterDetectorTransmissionCurve}
# - {SOURCE: Materion (DM-46256)}
# - {DETECTOR: 107}
# - {FILTER: z_20}
# - {CALIB_ID: 'calibDate=1970-01-01T00:00:00 filter=z_20 detector=107'}
# - {DATE: '2025-04-02T15:59:49.134836'}
# - {CALIB_CREATION_DATE: '2025-04-02'}
# - {CALIB_CREATION_TIME: '15:59:49'}
# - __serialized_columns__:
#     efficiency:
#       __class__: astropy.units.quantity.Quantity
#       unit: !astropy.units.Unit {unit: '%'}
#       value: !astropy.table.SerializedColumn {name: efficiency}
#     wavelength:
#       __class__: astropy.units.quantity.Quantity
#       unit: !astropy.units.Unit {unit: nm}
#       value: !astropy.table.SerializedColumn {name: wavelength}
# schema: astropy-2.0
wavelength efficiency
300.0 0.37502595223486423
301.0 0.3280355827882886
302.0 0.2810452366247773
303.0 0.24398199748247862
304.0 0.20691875834017992
305.0 0.18236942123621702
306.0 0.15782004920765758
307.0 0.14071596087887883
308.0 0.1236118609085679
309.0 0.12726313434541225
310.0 0.13091441942378879
311.0 0.11899223318323493
312.0 0.10707005858421326
313.0 0.10576876811683178
314.0 0.10446746600791812
315.0 0.09283960098400712
316.0 0.08121173596009612
317.0 0.07464869413524866
318.0 0.0680856523104012
319.0 0.0683546531945467
320.0 0.06862365989945829
321.0 0.061858975095674396
322.0 0.0550942902918905
323.0 0.054044590797275305
324.0 0.0529948971234262
325.0 0.04688314802478999
326.0 0.04077139601577073
327.0 0.040031070238910615
328.0 0.0392907444620505
329.0 0.03690602025017142
330.0 0.034521298948675394
331.0 0.03262211394030601
332.0 0.030722931842319667
333.0 0.02911384217441082
334.0 0.027504749596118927
335.0 0.027070683427155018
336.0 0.02663661725819111
337.0 0.023319189494941384
338.0 0.020001760276500136
339.0 0.019840651657432318
340.0 0.019679544493556023
341.0 0.01834285067161545
342.0 0.017006158304866403
343.0 0.01557540672365576
344.0 0.01414465659763664
345.0 0.01354303676635027
346.0 0.012941414024680853
347.0 0.013256115198601037
348.0 0.013570816372521222
349.0 0.014040918904356658
350.0 0.014511021436192095
351.0 0.013339072756934911
352.0 0.012167124077677727
353.0 0.013557838974520564
354.0 0.014948553871363401
355.0 0.012818895629607141
356.0 0.010689235932659358
357.0 0.010574349289527163
358.0 0.010459464101586491
359.0 0.010155499330721796
360.0 0.0098515345598571
361.0 0.009467983181821182
362.0 0.00908443471416831
363.0 0.008459068340016529
364.0 0.007833701965864748
365.0 0.007794249540893361
366.0 0.007754798571113497
367.0 0.008054645149968565
368.0 0.008354492456419393
369.0 0.0086284737335518
370.0 0.008902454283088446
371.0 0.008137840632116422
372.0 0.007373225525952876
373.0 0.006702436076011509
374.0 0.0060316469898680225
375.0 0.005869513188372366
376.0 0.00570737938687671
377.0 0.006141999620012939
378.0 0.006576618761755526
379.0 0.005902543853153475
380.0 0.005228468944551423
381.0 0.005082309871795587
382.0 0.004936150799039751
383.0 0.0048942452849587426
384.0 0.004852339770877734
385.0 0.004549814548227005
386.0 0.004247289325576276
387.0 0.004583708505379036
388.0 0.004920128048979677
389.0 0.004640215411200188
390.0 0.00436030313721858
391.0 0.003914864282705821
392.0 0.003469426155788824
393.0 0.00410524953622371
394.0 0.004741072916658595
395.0 0.004291180448490195
396.0 0.0038412879803217947
397.0 0.003949986057705246
398.0 0.004058684135088697
399.0 0.004165585778537206
400.0 0.004272488149581477
401.0 0.004358469959697686
402.0 0.004444452133611776
403.0 0.004665068263420835
404.0 0.004885684757027775
405.0 0.004326296766521409
406.0 0.0037669084122171625
407.0 0.0033838161471066996
408.0 0.0030007238819962367
409.0 0.002757905713224318
410.0 0.0025150877263513394
411.0 0.003118074528174475
412.0 0.0037210615118965507
413.0 0.0034171916922787204
414.0 0.0031133218726608902
415.0 0.003510613169055432
416.0 0.003907904829247855
417.0 0.0036323166568763554
418.0 0.003356728484504856
419.0 0.00319903738272842
420.0 0.0030413459171541035
421.0 0.0035720004234462976
422.0 0.004102654929738492
423.0 0.004062328298459761
424.0 0.004022002030978911
425.0 0.0031371786462841555
426.0 0.002252355625387281
427.0 0.002724700425460469
428.0 0.0031970452255336568
429.0 0.0029141505365259945
430.0 0.0026312560294172727
431.0 0.0017494419807917438
432.0 0.0008676280231156852
433.0 0.0016610796592431143
434.0 0.002454531204421073
435.0 0.002585041511338204
436.0 0.002715551272558514
437.0 0.0024146083887899294
438.0 0.0021136653231224045
439.0 0.0023818900444894098
440.0 0.002650114765856415
441.0 0.0024173554265871644
442.0 0.0021845960873179138
443.0 0.0023533875719294883
444.0 0.002522179056541063
445.0 0.002764162672974635
446.0 0.0030061464713071473
447.0 0.002719748590607196
448.0 0.0024333508918061852
449.0 0.002187102654716
450.0 0.0019408547814236954
451.0 0.0021177804228500463
452.0 0.002294705882377457
453.0 0.0019953502487624064
454.0 0.001695994615147356
455.0 0.001924966818478424
456.0 0.0021539390218094923
457.0 0.0017924510757438838
458.0 0.0014309633115772158
459.0 0.0017491236576461233
460.0 0.0020672838218160905
461.0 0.0016459180187666789
462.0 0.0012245524885656778
463.0 0.0014719517821504269
464.0 0.0017193511666846462
465.0 0.0015582943888148293
466.0 0.0013972381566418335
467.0 0.0014296546396508347
468.0 0.0014620712136093061
469.0 0.0012341144611127675
470.0 0.0010061578905151691
471.0 0.0011731624908861704
472.0 0.0013401670912571717
473.0 0.001265729315491626
474.0 0.0011912914487766102
475.0 0.001305991827393882
476.0 0.0014206922060111538
477.0 0.001336719924438512
478.0 0.0012527475519164
479.0 0.0015522884496022016
480.0 0.0018518294382374734
481.0 0.0014405911315407138
482.0 0.0010293529157934245
483.0 0.001003354827844305
484.0 0.0009773568308446556
485.0 0.0012014277672278695
486.0 0.0014254987945605535
487.0 0.0015496625564992428
488.0 0.0016738265912863426
489.0 0.0019898057871614583
490.0 0.0023057853468344547
491.0 0.001997519939322956
492.0 0.0016892545318114571
493.0 0.0018136301150661893
494.0 0.0019380062440177426
495.0 0.0017129259504145011
496.0 0.0014878457477607299
497.0 0.001562128818477504
498.0 0.0016364117982448079
499.0 0.0014573320186173078
500.0 0.0012782523299392778
501.0 0.0011071566405007616
502.0 0.0009360609510622453
503.0 0.001127029554481851
504.0 0.0013179980669519864
505.0 0.0017626056433073245
506.0 0.0022072130377637222
507.0 0.001641331982682459
508.0 0.0010754508366517257
509.0 0.0012091015378246084
510.0 0.0013427524208964314
511.0 0.0013439214853860904
512.0 0.0013450901860778686
513.0 0.0013168782970751636
514.0 0.001288666589971399
515.0 0.001119668650062522
516.0 0.0009506708920525853
517.0 0.0012442065781215206
518.0 0.001537742355139926
519.0 0.0013213111742516048
520.0 0.0011048799024138134
521.0 0.0012723876352538355
522.0 0.0014398954590433277
523.0 0.0012376069207675755
524.0 0.0010353182915423531
525.0 0.0009901397788780741
526.0 0.000944961175264325
527.0 0.0011474410712253302
528.0 0.0013499209671863355
529.0 0.0014543242286890745
530.0 0.0015587274901918136
531.0 0.0015886802430031821
532.0 0.001618633177713491
533.0 0.0012486229024943896
534.0 0.0008786125363258179
535.0 0.001033697208185913
536.0 0.001188781789096538
537.0 0.0014403261047846172
538.0 0.0016918706023716368
539.0 0.0015335621355916373
540.0 0.0013752533050137572
541.0 0.0012071711353200953
542.0 0.0010390889656264335
543.0 0.0010606310752336867
544.0 0.0010821732757904101
545.0 0.0011335950148350094
546.0 0.0011850165719806682
547.0 0.0015413079381687567
548.0 0.0018975993953063153
549.0 0.0017097061572712846
550.0 0.0015218128282867838
551.0 0.0016678284737281501
552.0 0.0018138440282200463
553.0 0.0021018249753979035
554.0 0.0023898059225757606
555.0 0.0017843578461906873
556.0 0.0011789095879066736
557.0 0.0012092611541447695
558.0 0.0012396129022818059
559.0 0.0012050211807945743
560.0 0.001170429550256813
561.0 0.0011865840860991739
562.0 0.0012027385309920646
563.0 0.0012572624655149411
564.0 0.0013117864000378177
565.0 0.0016388317817472853
566.0 0.001965877163456753
567.0 0.0021547850337810814
568.0 0.0023436927222064696
569.0 0.0024598468371550553
570.0 0.0025760011340025812
571.0 0.0025100383936660364
572.0 0.0024440754714305513
573.0 0.002040239269263111
574.0 0.0016364030670956708
575.0 0.0018390821423963644
576.0 0.0020417610357981175
577.0 0.0020980120098101906
578.0 0.0021542629838222638
579.0 0.0021246452888590284
580.0 0.0020950277757947333
581.0 0.0020110035620746203
582.0 0.0019269793483545072
583.0 0.002029853749263566
584.0 0.0021327281501726247
585.0 0.002284363654325716
586.0 0.002435999340377748
587.0 0.0019433860870776698
588.0 0.0014507729247270618
589.0 0.0015955280105117708
590.0 0.0017402833691448905
591.0 0.0018058039131574333
592.0 0.0018713246390689164
593.0 0.0013419336028164253
594.0 0.0008125426575134043
595.0 0.0009897828931570984
596.0 0.0011670230378513224
597.0 0.0009700523150968365
598.0 0.0007730815013928805
599.0 0.0009671764019003604
600.0 0.0011612711205089
601.0 0.0010677184036467224
602.0 0.0009741655958350748
603.0 0.0013319719073479064
604.0 0.0016897784007596783
605.0 0.0013365186532610096
606.0 0.0009832591786107514
607.0 0.000964102400757838
608.0 0.0009449457138543949
609.0 0.0011048680789826903
610.0 0.0012647906260099262
611.0 0.0011957612514379434
612.0 0.0011267319678154308
613.0 0.001054516360454727
614.0 0.000982300753094023
615.0 0.0012112916920159478
616.0 0.0014402825399884023
617.0 0.001535807859909255
618.0 0.0016313333617290482
619.0 0.0016952966689132154
620.0 0.001759260157996323
621.0 0.0019030967450817116
622.0 0.00204693315026816
623.0 0.0015501285815844312
624.0 0.0010533240129007027
625.0 0.0012380454791127704
626.0 0.0014227669453248382
627.0 0.0015694542526034638
628.0 0.0017161417417810299
629.0 0.0018439171981299296
630.0 0.00197169301827671
631.0 0.0023947808585944586
632.0 0.0028178685170132667
633.0 0.0030117504138615914
634.0 0.0032056315831141546
635.0 0.005839875666424632
636.0 0.00847412011353299
637.0 0.015148369129747152
638.0 0.02182261669076979
639.0 0.02006183349294588
640.0 0.018301053205505013
641.0 0.015653131413273513
642.0 0.013005212531425059
643.0 0.00959097160375677
644.0 0.006176729948492721
645.0 0.006429167842725292
646.0 0.006681605736957863
647.0 0.00646751796011813
648.0 0.006253430183278397
649.0 0.004866437666350976
650.0 0.0034794455132214352
651.0 0.003646048571681604
652.0 0.0038126516301417723
653.0 0.0031892675906419754
654.0 0.002565883369243238
655.0 0.002407654028502293
656.0 0.0022494246877613477
657.0 0.002521179339964874
658.0 0.00279293381026946
659.0 0.002173950633732602
660.0 0.001554967457195744
661.0 0.001873897053883411
662.0 0.0021928268324700184
663.0 0.0019510120182530954
664.0 0.0017091973859351128
665.0 0.0017432164895581082
666.0 0.0017772354112821631
667.0 0.0020542611309792846
668.0 0.002331286668777466
669.0 0.001868354229372926
670.0 0.0014054216990189161
671.0 0.0014037531400390435
672.0 0.0014020845810591709
673.0 0.0013976048649055883
674.0 0.0013931249668530654
675.0 0.0013526413567888085
676.0 0.0013121576557750814
677.0 0.0015363510101451539
678.0 0.0017605443645152263
679.0 0.001595083813299425
680.0 0.001429623443982564
681.0 0.00176298290170962
682.0 0.0020963421775377356
683.0 0.0024551514798076823
684.0 0.0028139606001786888
685.0 0.0025445648134336807
686.0 0.0022751688447897322
687.0 0.0017469257727498189
688.0 0.0012186826097604353
689.0 0.0017562839275342412
690.0 0.002293885154358577
691.0 0.0022030308173270896
692.0 0.002112176298396662
693.0 0.0023835549654904753
694.0 0.002654933814483229
695.0 0.0030382818295038305
696.0 0.0034216296626254916
697.0 0.003732094046426937
698.0 0.004042558066430502
699.0 0.005413401959231123
700.0 0.006784246215829626
701.0 0.006932118412805721
702.0 0.007079989882186055
703.0 0.006298520020209253
704.0 0.005517051977221854
705.0 0.004708623237092979
706.0 0.003900195224559866
707.0 0.0035299941373523325
708.0 0.003159793050144799
709.0 0.003721089888131246
710.0 0.004282386362319812
711.0 0.004087341949343681
712.0 0.0038922971725696698
713.0 0.0030350438464665785
714.0 0.002177790338464547
715.0 0.002223000228696037
716.0 0.0022682103008264676
717.0 0.0018972936231875792
718.0 0.0015263769455486909
719.0 0.0015227872609102633
720.0 0.0015191975762718357
721.0 0.0013126183148415294
722.0 0.0011060388715122826
723.0 0.001537142634333577
724.0 0.0019682465790538117
725.0 0.0015531752069364302
726.0 0.0011381041986169294
727.0 0.001082468133972725
728.0 0.00102683179648011
729.0 0.0011768128388212062
730.0 0.0013267936992633622
731.0 0.0012124677596148103
732.0 0.0010981416380673181
733.0 0.0014175145224726293
734.0 0.0017368874978274107
735.0 0.0017069352907128632
736.0 0.0016769829016993754
737.0 0.0016371588571928442
738.0 0.0015973346307873726
739.0 0.0016230422261287458
740.0 0.0016487500033690594
741.0 0.0015487463315366767
742.0 0.0014487425687548239
743.0 0.0017046642824425362
744.0 0.0019605860870797187
745.0 0.00186045617738273
746.0 0.0017603264495846815
747.0 0.001874258668976836
748.0 0.001988191252166871
749.0 0.0026223326131002977
750.0 0.003256473792134784
751.0 0.0028626955099753104
752.0 0.0024689172278158367
753.0 0.0026224466637359
754.0 0.0027759760996559635
755.0 0.002092073373205494
756.0 0.0014081709196034353
757.0 0.002096798016282264
758.0 0.002785425022011623
759.0 0.002942259015981108
760.0 0.0030990926461527124
761.0 0.004731120498036034
762.0 0.006363147258525714
763.0 0.006130459223641083
764.0 0.00589777046116069
765.0 0.00513563136337325
766.0 0.00437349226558581
767.0 0.004221900962875225
768.0 0.004070308932568878
769.0 0.0045650107495021075
770.0 0.005059712930233218
771.0 0.005050583786214702
772.0 0.005041454642196186
773.0 0.0044965927372686565
774.0 0.003951730832341127
775.0 1.5942352689715666e-10
776.0 0.02874553028959781
777.0 1.5942352689715666e-10
778.0 1.5942352689715666e-10
779.0 0.07177410298027098
780.0 0.15380758559331298
781.0 0.1009838655591011
782.0 1.5942352689715666e-10
783.0 0.02493106876499951
784.0 1.5942352689715666e-10
785.0 0.12332043843343854
786.0 0.05593100795522332
787.0 0.011125142918899655
788.0 0.017000966181512922
789.0 0.10325663024559617
790.0 0.13850348768755794
791.0 1.5942352689715666e-10
792.0 0.007371018000412732
793.0 0.06525572389364243
794.0 1.5942352689715666e-10
795.0 1.5942352689715666e-10
796.0 0.05028302548453212
797.0 0.13670308981090784
798.0 0.06079619051888585
799.0 0.2059770980849862
800.0 0.08907411829568446
801.0 0.4135069902986288
802.0 0.5435270257294178
803.0 0.9763740934431553
804.0 1.6532134264707565
805.0 2.363038621842861
806.0 3.676510229706764
807.0 5.5358488112688065
808.0 7.55123570561409
809.0 10.183553397655487
810.0 13.24339509010315
811.0 16.392898559570312
812.0 19.44386661052704
813.0 22.49065935611725
814.0 25.34438967704773
815.0 29.139897227287292
816.0 33.66709351539612
817.0 39.35133218765259
818.0 45.10790407657623
819.0 50.75254440307617
820.0 58.63403677940369
821.0 66.23104214668274
822.0 72.45574593544006
823.0 78.01836133003235
824.0 84.0499997138977
825.0 88.74441385269165
826.0 92.15412735939026
827.0 94.96119618415833
828.0 97.50733375549316
829.0 98.57279062271118
830.0 98.88930320739746
831.0 99.33254718780518
832.0 98.54816794395447
833.0 99.86026883125305
834.0 98.72610569000244
835.0 99.22367334365845
836.0 99.48206543922424
837.0 99.24185872077942
838.0 98.1536328792572
839.0 98.58984351158142
840.0 98.88087511062622
841.0 99.85468983650208
842.0 99.18567538261414
843.0 99.99799132347107
844.0 98.21537733078003
845.0 98.53650331497192
846.0 98.94930720329285
847.0 98.83544445037842
848.0 100.04336833953857
849.0 98.67873191833496
850.0 98.29893112182617
851.0 99.12034869194031
852.0 99.12631511688232
853.0 98.87681007385254
854.0 99.812251329422
855.0 98.72555136680603
856.0 99.04656410217285
857.0 98.12538623809814
858.0 98.76341819763184
859.0 99.64327216148376
860.0 98.73884320259094
861.0 98.98029565811157
862.0 98.66485595703125
863.0 98.56651425361633
864.0 99.59912896156311
865.0 99.68394637107849
866.0 98.68685603141785
867.0 99.2709755897522
868.0 99.5693564414978
869.0 98.8303542137146
870.0 98.05434942245483
871.0 98.76905083656311
872.0 99.42938089370728
873.0 98.99272322654724
874.0 99.63709712028503
875.0 99.05410408973694
876.0 98.98059368133545
877.0 99.26242232322693
878.0 99.2006003856659
879.0 98.92492890357971
880.0 98.3190655708313
881.0 100.09945631027222
882.0 99.01213645935059
883.0 98.8587498664856
884.0 98.99362921714783
885.0 99.05489087104797
886.0 98.7780511379242
887.0 98.8592803478241
888.0 99.10633563995361
889.0 99.69441294670105
890.0 98.18249344825745
891.0 99.62441921234131
892.0 98.70826005935669
893.0 98.64904284477234
894.0 98.48858118057251
895.0 99.68716502189636
