lsstCam/transmission_filter_detector/r23_s22/z_20/19700101T000000.ecsv
# %ECSV 1.0
# ---
# datatype:
# - {name: wavelength, unit: nm, datatype: float32}
# - {name: efficiency, unit: '%', datatype: float64}
# meta: !!omap
# - {MODE: DETECTOR}
# - {TYPE: transmission_filter_detector}
# - {CALIBDATE: '1970-01-01T00:00:00'}
# - {INSTRUME: LSSTCam}
# - {OBSTYPE: transmission_filter_detector}
# - {CALIBCLS: lsst.ip.isr.IntermediateFilterDetectorTransmissionCurve}
# - {SOURCE: Materion (DM-46256)}
# - {DETECTOR: 107}
# - {FILTER: z_20}
# - {CALIB_ID: 'calibDate=1970-01-01T00:00:00 filter=z_20 detector=107'}
# - {DATE: '2025-04-02T15:59:49.134836'}
# - {CALIB_CREATION_DATE: '2025-04-02'}
# - {CALIB_CREATION_TIME: '15:59:49'}
# - __serialized_columns__:
#     efficiency:
#       __class__: astropy.units.quantity.Quantity
#       unit: !astropy.units.Unit {unit: '%'}
#       value: !astropy.table.SerializedColumn {name: efficiency}
#     wavelength:
#       __class__: astropy.units.quantity.Quantity
#       unit: !astropy.units.Unit {unit: nm}
#       value: !astropy.table.SerializedColumn {name: wavelength}
# schema: astropy-2.0
wavelength efficiency
[from data line 597]
897.0 99.2977499961853
898.0 98.74606728553772
899.0 98.77809882164001
900.0 98.80204200744629
901.0 99.69404935836792
902.0 99.29805994033813
903.0 98.75841736793518
904.0 97.74624109268188
905.0 98.56683611869812
906.0 97.86417484283447
907.0 98.78553748130798
908.0 98.29691648483276
909.0 98.27724695205688
910.0 97.95615077018738
911.0 96.7182457447052
912.0 95.77082395553589
913.0 94.79749202728271
914.0 92.60610938072205
915.0 90.22116661071777
916.0 87.96697854995728
917.0 86.59443855285645
918.0 83.04238319396973
919.0 81.93356394767761
920.0 79.07736897468567
921.0 75.65043568611145
922.0 71.07641100883484
923.0 65.44886231422424
924.0 60.03534197807312
925.0 54.51687574386597
926.0 48.501938581466675
927.0 41.425952315330505
928.0 35.74281632900238
929.0 29.43606972694397
930.0 23.771709203720093
931.0 18.617171049118042
932.0 13.25371116399765
933.0 8.78729596734047
934.0 5.759529024362564
935.0 3.570976108312607
936.0 2.0532460883259773
937.0 1.2521062046289444
938.0 0.7522679399698973
939.0 0.4086277913302183
940.0 0.35603297874331474
941.0 0.2299915999174118
942.0 0.13166319113224745
943.0 0.020730624964926392
944.0 1.5942352689715666e-10
945.0 1.5942352689715666e-10
946.0 0.019923062063753605
947.0 1.5942352689715666e-10
948.0 0.017333294090349227
949.0 0.03663820098154247
950.0 1.5942352689715666e-10
951.0 0.054432236356660724
952.0 1.5942352689715666e-10
953.0 1.5942352689715666e-10
954.0 1.5942352689715666e-10
955.0 1.5942352689715666e-10
956.0 1.5942352689715666e-10
957.0 1.5942352689715666e-10
958.0 1.5942352689715666e-10
959.0 0.07522990927100182
960.0 0.04678817931562662
961.0 0.022317460388876498
962.0 1.5942352689715666e-10
963.0 1.5942352689715666e-10
964.0 0.010819728777278215
965.0 1.5942352689715666e-10
966.0 1.5942352689715666e-10
967.0 0.05064193392172456
968.0 0.01985133276320994
969.0 0.044284091563895345
970.0 0.01886052341433242
971.0 1.5942352689715666e-10
972.0 1.5942352689715666e-10
973.0 1.5942352689715666e-10
974.0 0.06068061338737607
975.0 0.015533805708400905
976.0 0.0064465421019122005
977.0 0.006441785080824047
978.0 0.006437028059735894
979.0 0.006224759272299707
980.0 0.0060124908486614
981.0 0.005836068885400891
982.0 0.005659646194544621
983.0 0.005536249227588996
984.0 0.005412851896835491
985.0 0.005304849037202075
986.0 0.0051968458137707785
987.0 0.005116123429615982
988.0 0.005035401045461185
989.0 0.004969451401848346
990.0 0.004903502122033387
991.0 0.004893304139841348
992.0 0.0048831061576493084
993.0 0.004740677104564384
994.0 0.004598247687681578
995.0 0.004590231765178032
996.0 0.004582215842674486
997.0 0.00446852354798466
998.0 0.004354831253294833
999.0 0.004337268910603598
1000.0 0.0043197065679123625
1001.0 0.0043317315430613235
1002.0 0.004343756518210284
1003.0 0.004325073314248584
1004.0 0.004306389746489003
1005.0 0.0043576288589974865
1006.0 0.00440886797150597
1007.0 0.0044498003262560815
1008.0 0.004490732681006193
1009.0 0.0043506501242518425
1010.0 0.004210567203699611
1011.0 0.004260428249835968
1012.0 0.004310288932174444
1013.0 0.004332554090069607
1014.0 0.00435481924796477
1015.0 0.00442467826360371
1016.0 0.00449453764304053
1017.0 0.004441009878064506
1018.0 0.004387482113088481
1019.0 0.004409344546729699
1020.0 0.004431206616573036
1021.0 0.004559396984404884
1022.0 0.004687587352236733
1023.0 0.004620966137736104
1024.0 0.004554344923235476
1025.0 0.004599874228006229
1026.0 0.004645403896574862
1027.0 0.0046957986342022195
1028.0 0.004746193371829577
1029.0 0.004685365638579242
1030.0 0.004624537541531026
1031.0 0.004764514960697852
1032.0 0.0049044927436625585
1033.0 0.004959497528034262
1034.0 0.005014502312405966
1035.0 0.005060360854258761
1036.0 0.005106219396111555
1037.0 0.005296924427966587
1038.0 0.005487629459821619
1039.0 0.0055520678870379925
1040.0 0.005616506314254366
1041.0 0.00553341415070463
1042.0 0.005450321987154894
1043.0 0.005602143210126087
1044.0 0.0057539633417036384
1045.0 0.005967206743662246
1046.0 0.006180449418025091
1047.0 0.0062064253143034875
1048.0 0.006232401210581884
1049.0 0.006327643495751545
1050.0 0.006422885780921206
1051.0 0.00652605012874119
1052.0 0.006629213748965412
1053.0 0.0069333364081103355
1054.0 0.00723745979485102
1055.0 0.00731061227270402
1056.0 0.007383765478152782
1057.0 0.007413210551021621
1058.0 0.007442656351486221
1059.0 0.007742102025076747
1060.0 0.008041547698667273
1061.0 0.00833365775179118
1062.0 0.008625767804915085
1063.0 0.009099366434384137
1064.0 0.00957296579144895
1065.0 0.009825851884670556
1066.0 0.010078738705487922
1067.0 0.00987619423540309
1068.0 0.009673650492914021
1069.0 0.010082319204229861
1070.0 0.010490985732758418
1071.0 0.010509049752727151
1072.0 0.010527115227887407
1073.0 0.010874080908251926
1074.0 0.011221046588616446
1075.0 0.011297652235953137
1076.0 0.011374259338481352
1077.0 0.012100871390430257
1078.0 0.0128274827147834
1079.0 0.013040979683864862
1080.0 0.013254473742563277
1081.0 0.013807670620735735
1082.0 0.014360866043716669
1083.0 0.014487345470115542
1084.0 0.014613826351705939
1085.0 0.014893208572175354
1086.0 0.015172590792644769
1087.0 0.015740770322736353
1088.0 0.016308949852827936
1089.0 0.016544194659218192
1090.0 0.016779438010416925
1091.0 0.016827778017614037
1092.0 0.01687611802481115
1093.0 0.017905487038660794
1094.0 0.01893485605251044
1095.0 0.01930050057126209
1096.0 0.019666142179630697
1097.0 0.019932203576900065
1098.0 0.020198264974169433
1099.0 0.021015024685766548
1100.0 0.021831784397363663
1101.0 0.022617614013142884
1102.0 0.023403443628922105
1103.0 0.024681695504114032
1104.0 0.02595994737930596
1105.0 0.02609679359011352
1106.0 0.026233639800921082
1107.0 0.02699799952097237
1108.0 0.027762356330640614
1109.0 0.028337055118754506
1110.0 0.028911756817251444
1111.0 0.028966800891794264
1112.0 0.02902184787672013
1113.0 0.030545226763933897
1114.0 0.03206860274076462
1115.0 0.032471102895215154
1116.0 0.03287360304966569
1117.0 0.03429893695283681
1118.0 0.03572427376639098
1119.0 0.03736451035365462
1120.0 0.03900474403053522
1121.0 0.039429389289580286
1122.0 0.039854031638242304
1123.0 0.04067034169565886
1124.0 0.04148665175307542
1125.0 0.0427581078838557
1126.0 0.044029566925019026
1127.0 0.047370075481012464
1128.0 0.0507105840370059
1129.0 0.052150292322039604
1130.0 0.05359000060707331
1131.0 0.0584901194088161
1132.0 0.06339023821055889
1133.0 0.06360391853377223
1134.0 0.06381759885698557
1135.0 0.06670091534033418
1136.0 0.06958423764444888
1137.0 0.07542609819211066
1138.0 0.08126797038130462
1139.0 0.08486452279612422
1140.0 0.08846108103170991
1141.0 0.10015349835157394
1142.0 0.11184591567143798
1143.0 0.13996167108416557
1144.0 0.16807743813842535
1145.0 0.3395521314814687
1146.0 0.5110268481075764
1147.0 1.0331325232982635
1148.0 1.5552382916212082
1149.0 1.6756964847445488
1150.0 1.796155609190464
