lsstCam/transmission_filter_detector/r24_s00/r_57/19700101T000000.ecsv
# %ECSV 1.0
# ---
# datatype:
# - {name: wavelength, unit: nm, datatype: float32}
# - {name: efficiency, unit: '%', datatype: float64}
# meta: !!omap
# - {MODE: DETECTOR}
# - {TYPE: transmission_filter_detector}
# - {CALIBDATE: '1970-01-01T00:00:00'}
# - {INSTRUME: LSSTCam}
# - {OBSTYPE: transmission_filter_detector}
# - {CALIBCLS: lsst.ip.isr.IntermediateFilterDetectorTransmissionCurve}
# - {SOURCE: Materion (DM-46256)}
# - {DETECTOR: 108}
# - {FILTER: r_57}
# - {CALIB_ID: 'calibDate=1970-01-01T00:00:00 filter=r_57 detector=108'}
# - {DATE: '2025-04-02T15:59:44.682726'}
# - {CALIB_CREATION_DATE: '2025-04-02'}
# - {CALIB_CREATION_TIME: '15:59:44'}
# - __serialized_columns__:
#     efficiency:
#       __class__: astropy.units.quantity.Quantity
#       unit: !astropy.units.Unit {unit: '%'}
#       value: !astropy.table.SerializedColumn {name: efficiency}
#     wavelength:
#       __class__: astropy.units.quantity.Quantity
#       unit: !astropy.units.Unit {unit: nm}
#       value: !astropy.table.SerializedColumn {name: wavelength}
# schema: astropy-2.0
wavelength efficiency
[from data line 603]
903.0 1.6032320870190686e-10
904.0 1.6032320870190686e-10
905.0 2.1621865187171352e-05
906.0 1.6032320870190686e-10
907.0 1.6032320870190686e-10
908.0 1.6032320870190686e-10
909.0 1.6032320870190686e-10
910.0 1.6032320870190686e-10
911.0 1.6032320870190686e-10
912.0 1.6032320870190686e-10
913.0 1.6032320870190686e-10
914.0 1.6032320870190686e-10
915.0 4.4547871880240564e-05
916.0 3.0775331083532365e-05
917.0 1.700281444527718e-05
918.0 9.270975169783924e-05
919.0 0.0001684166591076064
920.0 6.438700097533001e-05
921.0 1.6032320870190686e-10
922.0 8.500925332555198e-05
923.0 0.0002096612206514692
924.0 0.00021228358946245862
925.0 0.00021490600374818314
926.0 0.00016311469153151847
927.0 0.00011132339068353758
928.0 0.00012934557389598922
929.0 0.00014736774573975708
930.0 0.00020711770503112348
931.0 0.0002668676870598574
932.0 0.00013203333537603612
933.0 1.6032320870190686e-10
934.0 0.00014033558954906766
935.0 0.0002834721044564503
936.0 0.0002948773953903583
937.0 0.00030628268632426625
938.0 0.0003391936388652539
939.0 0.0003721046368809766
940.0 0.0003441814442339819
941.0 0.0003162582743243547
942.0 0.00032641873985994607
943.0 0.00033657920539553743
944.0 0.0002889721145038493
945.0 0.0002413650463495287
946.0 0.00032390410069638165
947.0 0.00040644308683113195
948.0 0.0005064333890913986
949.0 0.0006064237823011354
950.0 0.0005963871899439255
951.0 0.0005863505975867156
952.0 0.0007329090749408351
953.0 0.000879467734193895
954.0 0.001163333945441991
955.0 0.0014472004295384977
956.0 0.001548706495668739
957.0 0.0016502124708495103
958.0 0.0017658323486102745
959.0 0.0018814527720678598
960.0 0.0019897006495739333
961.0 0.0020979488908778876
962.0 0.002278644205944147
963.0 0.0024593395210104063
964.0 0.002506535383872688
965.0 0.002553731064836029
966.0 0.002511694037821144
967.0 0.002469656647008378
968.0 0.0024565439161960967
969.0 0.0024434311853838153
970.0 0.0025120662030531093
971.0 0.0025807017664192244
972.0 0.0025974733944167383
973.0 0.002614244476717431
974.0 0.0028522352295112796
975.0 0.0030902258004061878
976.0 0.0032029936846811324
977.0 0.003315761568956077
978.0 0.0031905397918308154
979.0 0.0030653180147055537
980.0 0.0030171742764650844
981.0 0.002969030538224615
982.0 0.003033634857274592
983.0 0.0030982391763245687
984.0 0.0030491895813611336
985.0 0.0030001399863976985
986.0 0.002917847996286582
987.0 0.0028355561880744062
988.0 0.0026352059649070725
989.0 0.0024348557417397387
990.0 0.002494656655471772
991.0 0.002554457387304865
992.0 0.0025852603357634507
993.0 0.002616063466120977
994.0 0.002696197225304786
995.0 0.002776330256892834
996.0 0.0028103962904424407
997.0 0.002844462142093107
998.0 0.0029949747840873897
999.0 0.003145487789879553
1000.0 0.0032858519261935726
1001.0 0.0034262167901033536
1002.0 0.0036365931009640917
1003.0 0.0038469697756227106
1004.0 0.0039808488509152085
1005.0 0.004114727562409826
1006.0 0.004288686250220053
1007.0 0.004462645301828161
1008.0 0.004388427623780444
1009.0 0.004314209581934847
1010.0 0.004284436363377608
1011.0 0.004254662781022489
1012.0 0.004230230115354061
1013.0 0.004205797813483514
1014.0 0.0039825976273277774
1015.0 0.003759397441172041
1016.0 0.003593533983803354
1017.0 0.0034276705264346674
1018.0 0.0030098739443928935
1019.0 0.002592078089946881
1020.0 0.002212673098256346
1021.0 0.0018332679246668704
1022.0 0.001644047188165132
1023.0 0.0014548262697644532
1024.0 0.001510946822236292
1025.0 0.0015670675566070713
1026.0 0.0014129109331406653
1027.0 0.0012587539458763786
1028.0 0.0011411254490667488
1029.0 0.0010234965884592384
1030.0 0.0009246397894457914
1031.0 0.0008257823537860531
1032.0 0.0007945261131681036
1033.0 0.0007632695087522734
1034.0 0.0007832352821424138
1035.0 0.0008032008736336138
1036.0 0.0008615860679128673
1037.0 0.0009199708983942401
1038.0 0.0008474764399579726
1039.0 0.0007749820724711753
1040.0 0.0008014726518013049
1041.0 0.0008279632311314344
1042.0 0.0009867661901807878
1043.0 0.0011455686944827903
1044.0 0.0009695771950646304
1045.0 0.0007935860594443511
1046.0 0.0007948062375362497
1047.0 0.0007960266884765588
1048.0 0.0006944785582163604
1049.0 0.0005929305189056322
1050.0 0.000626403016212862
1051.0 0.0006598754680453567
1052.0 0.0009799119652598165
1053.0 0.0012999480532016605
1054.0 0.001107447678805329
1055.0 0.0009149471225100569
1056.0 0.0009647837941884063
1057.0 0.0010146207387151662
1058.0 0.0008043025445658714
1059.0 0.0005939844868407818
1060.0 0.0009419763046025764
1061.0 0.0012899677130917553
1062.0 0.0013942750229034573
1063.0 0.001498582150816219
1064.0 0.001099033124773996
1065.0 0.0006994838258833624
1066.0 0.001106716172216693
1067.0 0.0015139484276005533
1068.0 0.0018634305888554081
1069.0 0.0022129124772618525
1070.0 0.0016374558981624432
1071.0 0.001061999410012504
1072.0 0.0013354767361306585
1073.0 0.0016089541531982832
1074.0 0.0022513313524541445
1075.0 0.002893708187912125
1076.0 0.003140555782010779
1077.0 0.003387403558008373
1078.0 0.0038813272112747654
1079.0 0.004375250864541158
1080.0 0.004256730971974321
1081.0 0.004138210715609603
1082.0 0.004068372436449863
1083.0 0.003998534884885885
1084.0 0.004414129216456786
1085.0 0.004829723184229806
1086.0 0.004910366624244489
1087.0 0.004991010428057052
1088.0 0.00517203843628522
1089.0 0.005353066444513388
1090.0 0.004912121221423149
1091.0 0.004471175270737149
1092.0 0.0037735480873379856
1093.0 0.0030759205401409417
1094.0 0.003825443855021149
1095.0 0.004574966806103475
1096.0 0.0033963839086936787
1097.0 0.0022178008293849416
1098.0 0.001828468703024555
1099.0 0.0014391371223609895
1100.0 0.0017988815670832992
1101.0 0.002158625466108788
