lsstCam/transmission_filter_detector/r24_s00/r_57/19700101T000000.ecsv
# %ECSV 1.0
# ---
# datatype:
# - {name: wavelength, unit: nm, datatype: float32}
# - {name: efficiency, unit: '%', datatype: float64}
# meta: !!omap
# - {MODE: DETECTOR}
# - {TYPE: transmission_filter_detector}
# - {CALIBDATE: '1970-01-01T00:00:00'}
# - {INSTRUME: LSSTCam}
# - {OBSTYPE: transmission_filter_detector}
# - {CALIBCLS: lsst.ip.isr.IntermediateFilterDetectorTransmissionCurve}
# - {SOURCE: Materion (DM-46256)}
# - {DETECTOR: 108}
# - {FILTER: r_57}
# - {CALIB_ID: 'calibDate=1970-01-01T00:00:00 filter=r_57 detector=108'}
# - {DATE: '2025-04-02T15:59:44.682726'}
# - {CALIB_CREATION_DATE: '2025-04-02'}
# - {CALIB_CREATION_TIME: '15:59:44'}
# - __serialized_columns__:
#     efficiency:
#       __class__: astropy.units.quantity.Quantity
#       unit: !astropy.units.Unit {unit: '%'}
#       value: !astropy.table.SerializedColumn {name: efficiency}
#     wavelength:
#       __class__: astropy.units.quantity.Quantity
#       unit: !astropy.units.Unit {unit: nm}
#       value: !astropy.table.SerializedColumn {name: wavelength}
# schema: astropy-2.0
wavelength efficiency
300.0 0.0022935997549211606
301.0 0.005533916555577889
302.0 0.008774232992436737
303.0 0.01094318795367144
304.0 0.013112142914906144
305.0 0.011605979671003297
306.0 0.010099817882291973
307.0 0.008243338379543275
308.0 0.006386858876794577
309.0 0.005819094076287001
310.0 0.005251328184385784
311.0 0.005032129047322087
312.0 0.004812930274056271
313.0 0.00440047042502556
314.0 0.003988011303590611
315.0 0.0038966722058830783
316.0 0.003805334199569188
317.0 0.0037471945688594133
318.0 0.0036890556657454
319.0 0.0032966134313028306
320.0 0.0029041704692645
321.0 0.002767370460787788
322.0 0.0026305700885131955
323.0 0.002503932046238333
324.0 0.0023772936401655897
325.0 0.0024795288481982425
326.0 0.0025817642381298356
327.0 0.0026411911676404998
328.0 0.0027006184609490447
329.0 0.0025841254682745785
330.0 0.002467632839397993
331.0 0.002304215195181314
332.0 0.002140797550964635
333.0 0.00199209462152794
334.0 0.0018433916920912452
335.0 0.0016701087588444352
336.0 0.001496825734648155
337.0 0.0014040685528016184
338.0 0.0013113110981066711
339.0 0.0011805628673755564
340.0 0.001049814363796031
341.0 0.0009918355317495298
342.0 0.0009338567906524986
343.0 0.000933657975110691
344.0 0.0009334592505183537
345.0 0.0009042129022418521
346.0 0.0008749668268137611
347.0 0.0008411307135247625
348.0 0.0008072946002357639
349.0 0.0007969735634105746
350.0 0.005714373401133344
351.0 0.00551633165741805
352.0 0.005318289913702756
353.0 0.004843476199312136
354.0 0.004368662848719396
355.0 0.004500438080867752
356.0 0.004632214404409751
357.0 0.006103779742261395
358.0 0.0075753458077088
359.0 0.0056177865189965814
360.0 0.003660227230284363
361.0 0.0024914610548876226
362.0 0.0013226946975919418
363.0 0.0025077397367567755
364.0 0.003692784594022669
365.0 0.003931047103833407
366.0 0.004169310341239907
367.0 0.0033305503166047856
368.0 0.0024917897462728433
369.0 0.0020360550479381345
370.0 0.001580320531502366
371.0 0.0019174049157300033
372.0 0.0022544898456544615
373.0 0.0027720056095859036
374.0 0.0032895211916184053
375.0 0.003101872789557092
376.0 0.002914224569394719
377.0 0.001371785401715897
378.0 1.6032320870190686e-10
379.0 0.0006742016466887435
380.0 0.0015190573321888223
381.0 0.002352524643356446
382.0 0.0031859923183219507
383.0 0.003183347507729195
384.0 0.00318070306093432
385.0 0.004212507701595314
386.0 0.005244311978458427
387.0 0.004817691660718992
388.0 0.004391070979181677
389.0 0.0036616449506254867
390.0 0.0029322180125745945
391.0 0.0020288029190851375
392.0 0.0011253879165451508
393.0 0.00136584139909246
394.0 0.0016062944268924184
395.0 0.0012495720511651598
396.0 0.0008928497663873713
397.0 0.0009127843441092409
398.0 0.0009327192856289912
399.0 0.0007793995791871566
400.0 0.0006260792815737659
401.0 0.0001529979272163473
402.0 1.6032320870190686e-10
403.0 1.6032320870190686e-10
404.0 7.282393426066847e-05
405.0 0.0005590185537585057
406.0 0.0010452128663018811
407.0 0.0016433632481493987
408.0 0.0022415133571485057
409.0 0.0018232605725643225
410.0 0.001405007697030669
411.0 0.0009986551958718337
412.0 0.0005923027401877334
413.0 0.0006096560809965013
414.0 0.0006270094218052691
415.0 0.0006174720965645975
416.0 0.0006079351805965416
417.0 0.0011597849152167328
418.0 0.001711635195533745
419.0 0.0022248985260375775
420.0 0.0027381620384403504
421.0 0.004154862472205423
422.0 0.005571562724071555
423.0 0.008501379488734528
424.0 0.01143119516200386
425.0 0.01567480358062312
426.0 0.01991840690607205
427.0 0.02050898183370009
428.0 0.021099558216519654
429.0 0.01615181681700051
430.0 0.011204077600268647
431.0 0.007919882045825943
432.0 0.004635685763787478
433.0 0.0037670000892831013
434.0 0.0028983138690819032
435.0 0.0022751013602828607
436.0 0.0016518886695848778
437.0 0.0014604544958274346
438.0 0.001269020594918402
439.0 0.0010594268132990692
440.0 0.0008498331226292066
441.0 0.001143586814578157
442.0 0.0014373405974765774
443.0 0.0017828297131927684
444.0 0.00212831910175737
445.0 0.002034968747466337
446.0 0.001941618393175304
447.0 0.0016658148524584249
448.0 0.0013900116755394265
449.0 0.0013336918527784292
450.0 0.0012773716662195511
451.0 0.0014058498891245108
452.0 0.0015343282939284109
453.0 0.0015095508388185408
454.0 0.0014847733837086707
455.0 0.0013868074347556103
456.0 0.0012888417586509604
457.0 0.0009019338904181495
458.0 0.0005150261131348088
459.0 0.0007530225502705434
460.0 0.000991018987406278
461.0 0.0016567182683502324
462.0 0.002322417094546836
463.0 0.0029589495170512237
464.0 0.003595482121454552
465.0 0.004607710434356704
466.0 0.005619939111056738
467.0 0.006308063893811777
468.0 0.00699619049555622
469.0 0.0060120466514490545
470.0 0.005027904262533411
471.0 0.003820218626060523
472.0 0.002612532989587635
473.0 0.002184308323194273
474.0 0.0017560834749019705
475.0 0.0014510034816339612
476.0 0.0011459237612143625
477.0 0.0009206106369674671
478.0 0.0006952975127205718
479.0 0.0009318657248513773
480.0 0.0011684338460327126
481.0 0.0008621692359156441
482.0 0.0005559047167480458
483.0 0.0006356376161420485
484.0 0.000715370379111846
485.0 0.0006248283170862123
486.0 0.0005342860731616383
487.0 0.000548298248759238
488.0 0.0005623103334073676
489.0 0.0006035291789885378
490.0 0.0006447480245697079
491.0 0.0007889478183642495
492.0 0.0009331475666840561
493.0 0.0009997740562539548
494.0 0.0010664005458238535
495.0 0.000980659115157323
496.0 0.0008949175935413223
497.0 0.001131485896621598
498.0 0.001368053926853463
499.0 0.00134137171698967
500.0 0.0013146897799742874
501.0 0.0014942535017326009
502.0 0.0016738176782382652
503.0 0.0020191982912365347
504.0 0.0023645790861337446
505.0 0.0028823060347349383
506.0 0.0034000331652350724
507.0 0.004016243474325165
508.0 0.004632453419617377
509.0 0.005152758240001276
510.0 0.005673061605193652
511.0 0.005049979881732725
512.0 0.004426897430676036
513.0 0.003792158531723544
514.0 0.0031574192689731717
515.0 0.0029481790988938883
516.0 0.0027389391107135452
517.0 0.0025388619178556837
518.0 0.002338784543098882
519.0 0.07865174557082355
520.0 0.09079462033696473
521.0 0.13804269256070256
522.0 0.1209063921123743
523.0 0.15441422583535314
524.0 0.11542154243215919
525.0 0.11790640419349074
526.0 0.1327957259491086
527.0 0.11841395171359181
528.0 0.17490076133981347
529.0 0.16625659773126245
530.0 0.12489348882809281
531.0 0.1650760998018086
532.0 0.2120752353221178
533.0 0.23143449798226357
534.0 0.39371633902192116
535.0 0.5018841940909624
536.0 0.6605685688555241
537.0 0.9907068684697151
538.0 1.4387212693691254
539.0 2.2887995466589928
540.0 3.7069249898195267
541.0 5.446917563676834
542.0 7.825684547424316
543.0 10.889583826065063
544.0 14.576546847820282
545.0 18.75854730606079
546.0 23.82836490869522
547.0 30.15502691268921
548.0 37.8350168466568
549.0 46.073323488235474
550.0 52.759504318237305
551.0 60.46487092971802
552.0 65.97408056259155
553.0 70.90205550193787
554.0 75.07602572441101
555.0 79.04798984527588
556.0 82.94167518615723
557.0 85.77868938446045
558.0 89.05051946640015
559.0 91.85532331466675
560.0 92.47851967811584
561.0 94.36527490615845
562.0 95.45847773551941
563.0 95.08739113807678
564.0 95.47539353370667
565.0 95.16066312789917
566.0 95.70121765136719
567.0 95.3507661819458
568.0 95.71831226348877
569.0 96.23854756355286
570.0 95.89124321937561
571.0 96.8294620513916
572.0 96.83094024658203
573.0 96.78487777709961
574.0 96.56118750572205
575.0 96.66779041290283
576.0 96.97473645210266
577.0 96.93064093589783
578.0 97.01518416404724
579.0 96.8504011631012
580.0 96.47586941719055
581.0 96.09637260437012
582.0 96.86350226402283
583.0 96.60865068435669
584.0 96.06223106384277
585.0 96.35863900184631
586.0 96.48683667182922
587.0 96.15907669067383
588.0 96.24723792076111
589.0 97.30721116065979
590.0 96.3834285736084
591.0 95.93766331672668
592.0 95.66162824630737
593.0 95.45482397079468
594.0 95.83908319473267
595.0 96.25946879386902
596.0 96.86635136604309
597.0 97.18949794769287
598.0 96.65915966033936
599.0 96.68290615081787
600.0 96.92038297653198
601.0 96.05124592781067
602.0 96.58003449440002
603.0 96.16727232933044
604.0 96.39914035797119
605.0 96.79380059242249
606.0 96.08413577079773
607.0 96.09720706939697
608.0 96.19206190109253
609.0 95.38163542747498
610.0 95.84869146347046
611.0 95.67806720733643
612.0 95.60856223106384
613.0 96.94323539733887
614.0 96.50875329971313
615.0 96.21332287788391
616.0 96.30672335624695
617.0 96.26790285110474
618.0 96.25744223594666
619.0 97.30099439620972
620.0 95.99449038505554
621.0 95.60820460319519
622.0 96.46790623664856
623.0 96.57297730445862
624.0 96.58350944519043
625.0 96.80269956588745
626.0 95.87297439575195
627.0 94.89936828613281
628.0 97.00376987457275
629.0 95.20819783210754
630.0 96.31327986717224
631.0 95.99195718765259
632.0 96.50022387504578
633.0 96.70885801315308
634.0 95.76230645179749
635.0 96.09341621398926
636.0 95.9859848022461
637.0 95.42372226715088
638.0 95.60964703559875
639.0 95.16254663467407
640.0 95.52692174911499
641.0 95.1525866985321
642.0 95.79758644104004
643.0 95.73623538017273
644.0 95.9251880645752
645.0 96.22138142585754
646.0 95.9501564502716
647.0 96.74136638641357
648.0 96.37001752853394
649.0 95.53645253181458
650.0 96.37033939361572
651.0 96.73360586166382
652.0 96.93921208381653
653.0 95.73680758476257
654.0 96.4379608631134
655.0 96.72442674636841
656.0 95.57388424873352
657.0 95.94809412956238
658.0 96.18330001831055
659.0 96.09175324440002
660.0 95.40042877197266
661.0 95.23260593414307
662.0 95.59375643730164
663.0 95.58669328689575
664.0 95.31251788139343
665.0 95.27044296264648
666.0 94.92630958557129
667.0 95.71314454078674
668.0 94.88624930381775
669.0 95.5549955368042
670.0 95.52950859069824
671.0 95.79983353614807
672.0 95.46039700508118
673.0 95.1863169670105
674.0 94.952392578125
675.0 95.45482397079468
676.0 95.22218704223633
677.0 93.81598830223083
678.0 93.49247813224792
679.0 92.5399899482727
680.0 91.90376996994019
681.0 90.19166231155396
682.0 88.02677989006042
683.0 85.38691997528076
684.0 82.05269575119019
685.0 78.4485399723053
686.0 74.81910586357117
687.0 70.29232382774353
688.0 65.79211950302124
689.0 61.10994219779968
690.0 55.836421251297
691.0 51.804620027542114
692.0 47.22469747066498
693.0 42.87387132644653
694.0 37.94605731964111
695.0 32.88179636001587
696.0 27.429673075675964
697.0 22.439098358154297
698.0 16.741091012954712
699.0 12.200751155614853
700.0 8.616667985916138
701.0 5.456996336579323
702.0 3.4482520073652267
703.0 2.053125575184822
704.0 1.2171258218586445
705.0 0.6686288397759199
706.0 0.4364326596260071
707.0 0.26561201084405184
708.0 0.17020207596942782
709.0 0.12095965212211013
710.0 0.12088395887985826
711.0 0.05248261149972677
712.0 0.09249018039554358
713.0 0.06668606074526906
714.0 0.05134367384016514
715.0 0.08038823725655675
716.0 0.08251274703070521
717.0 0.06288982112891972
718.0 0.09422983857803047
719.0 0.026609338237904012
720.0 1.6032320870190686e-10
721.0 0.004469210398383439
722.0 0.004238625115249306
723.0 0.004008040195913054
724.0 0.0037160796637181193
725.0 0.003424119495321065
726.0 0.0031370513170259073
727.0 0.00284998350252863
728.0 0.0027352138204150833
729.0 0.002620443956402596
730.0 0.0024284792743856087
731.0 0.002236514956166502
732.0 0.0022341204385156743
733.0 0.002231726102763787
734.0 0.002127659354300704
735.0 0.0020235924239386804
736.0 0.0018301690943189897
737.0 0.0016367459465982392
738.0 0.0016282510841847397
739.0 0.001619756585569121
740.0 0.0015881365470704623
741.0 0.0015565168723696843
742.0 0.0014198819371813443
743.0 0.0012832468200940639
744.0 0.0013568870599556249
745.0 0.0014305270269687753
746.0 0.0013753941857430618
747.0 0.0013202614354668185
748.0 0.0011948952305829152
749.0 0.0010695289347495418
750.0 0.0010849810678337235
751.0 0.001100433655665256
752.0 0.00111057743197307
753.0 0.0011207212082808837
754.0 0.0011047926818719134
755.0 0.0010888644283113535
756.0 0.0010936695616692305
757.0 0.001098474513128167
758.0 0.0011205485861864872
759.0 0.0011426228411437478
760.0 0.0010892446880461648
761.0 0.0010358668987464625
762.0 0.0010205808393948246
763.0 0.0010052951438410673
764.0 0.0009721926289785188
765.0 0.0009390902050654404
766.0 0.000755999190005241
767.0 0.0005729082658945117
768.0 0.000602710042585386
769.0 0.000632511682852055
770.0 0.0007693965017097071
771.0 0.0009062815479410347
772.0 0.0007987417120602913
773.0 0.0006912016942806076
774.0 0.0008210232408600859
775.0 0.0009508447874395642
776.0 0.000926739267015364
777.0 0.0009026337465911638
778.0 0.0008455094757664483
779.0 0.0007883853868406732
780.0 0.0007407362772937631
781.0 0.000693087122272118
782.0 0.0007369992999883834
783.0 0.0007809114322299138
784.0 0.0008249044185504317
785.0 0.000868897041073069
786.0 0.0007225192803161917
787.0 0.0005761414286098443
788.0 0.000604372644374962
789.0 0.0006326039965642849
790.0 0.0006785996447433718
791.0 0.0007245952474477235
792.0 0.0007384634955087677
793.0 0.0007523317435698118
794.0 0.0008171597073669545
795.0 0.0008819873983156867
796.0 0.0007256757726281649
797.0 0.0005693641014659079
798.0 0.0007004451617831364
799.0 0.0008315261766256299
800.0 0.0007485791684302967
801.0 0.000665631887386553
802.0 0.0005930205134063726
803.0 0.0005204089120525168
804.0 0.0006432986083382275
805.0 0.0007661883500986733
806.0 0.0006920880423422204
807.0 0.0006179878255352378
808.0 0.0007281789748958545
809.0 0.0008383701242564712
810.0 0.0007481239208573243
811.0 0.0006578779903065879
812.0 0.0006815742835897254
813.0 0.000705270622347598
814.0 0.0005775791578344069
815.0 0.000449887738795951
816.0 0.0005717337899113772
817.0 0.0006935799319762737
818.0 0.0006808771559008164
819.0 0.000668174288875889
820.0 0.0004920133051200537
821.0 0.0003158522758894833
822.0 0.00041130715544568375
823.0 0.0005067620350018842
824.0 0.0005165397396922344
825.0 0.0005263173534331145
826.0 0.0005810245511383982
827.0 0.0006357316578942118
828.0 0.0004703736976807704
829.0 0.0003050156692552264
830.0 0.00015895492424533586
831.0 1.2894226131265896e-05
832.0 1.6032320870190686e-10
833.0 1.6032320870190686e-10
834.0 6.675075070461389e-06
835.0 2.6566240762804227e-05
836.0 0.0002947424718513503
837.0 0.0005629188763123238
838.0 0.0007631129847140983
839.0 0.000963307229540078
840.0 0.0012804523976228666
841.0 0.001597597474756185
842.0 0.002082357787003275
843.0 0.0025671179173514247
844.0 0.002416378083580639
845.0 0.0022656382498098537
846.0 0.0022494665245176293
847.0 0.002233294799225405
848.0 0.0022333033484756015
849.0 0.002233311715826858
850.0 0.001953671198862139
851.0 0.0016740306818974204
852.0 0.0014264982382883318
853.0 0.0011789654308813624
854.0 0.0010297301741957199
855.0 0.0008804946446616668
856.0 0.0006857966127427062
857.0 0.0004910986262984807
858.0 0.000565637810723274
859.0 0.0006401769496733323
860.0 0.0005301856162986951
861.0 0.00042019419197458774
862.0 0.0004429650743986713
863.0 0.0004657359568227548
864.0 0.0003334526581966202
865.0 0.00020116947325732326
866.0 0.0001474449277338863
867.0 9.372037084176554e-05
868.0 0.0001477861246712564
869.0 0.00020185184439469595
870.0 9.943844361259835e-05
871.0 1.6032320870190686e-10
872.0 1.6032320870190686e-10
873.0 1.6032320870190686e-10
874.0 1.6032320870190686e-10
875.0 1.6032320870190686e-10
876.0 1.6032320870190686e-10
877.0 7.543268338849884e-05
878.0 0.00016128412880789256
879.0 0.0002471355628586025
880.0 0.0001867048354142753
881.0 0.00012627409660126432
882.0 0.00013025617136008805
883.0 0.00013423826885627932
884.0 2.4835631506903155e-05
885.0 1.6032320870190686e-10
886.0 3.102601908722136e-05
887.0 0.00014661900422652252
888.0 0.0001920641807373613
889.0 0.00023750933451083256
890.0 0.00017644027821006603
891.0 0.0001153711764345644
892.0 1.6032320870190686e-10
893.0 1.6032320870190686e-10
894.0 1.6032320870190686e-10
895.0 2.894856550028635e-05
896.0 5.066283392807236e-05
897.0 7.237716204144817e-05
898.0 8.097559884845396e-05
899.0 8.957404702414351e-05
900.0 2.4195020387196564e-05
901.0 1.6032320870190686e-10
