lsstCam/transmission_sensor/r42_s20/19700101T000000.ecsv
# %ECSV 1.0
# ---
# datatype:
# - {name: amp_name, datatype: string}
# - {name: wavelength, unit: nm, datatype: float32}
# - {name: efficiency, unit: '%', datatype: float64}
# meta: !!omap
# - {MODE: AMP}
# - {TYPE: transmission_sensor}
# - {CALIBDATE: '1970-01-01T00:00:00'}
# - {INSTRUME: LSSTCAM}
# - {OBSTYPE: transmission_sensor}
# - {DETECTOR: 177}
# - {PARQUETFILE: qe_raft_allvalues_nircorrected_20230725.parquet}
# - {CALIBCLS: lsst.ip.isr.IntermediateSensorTransmissionCurve}
# - {CALIB_ID: 'raftName=R42 detectorName=S20 detector=177 calibDate=1970-01-01T00:00:00 ccd=177 ccdnum=177 filter=None'}
# - {DATE: '2023-08-02T16:57:56.126818'}
# - {CALIB_CREATION_DATE: '2023-08-02'}
# - {CALIB_CREATION_TIME: '16:57:56'}
# - __serialized_columns__:
#     efficiency:
#       __class__: astropy.units.quantity.Quantity
#       unit: !astropy.units.Unit {unit: '%'}
#       value: !astropy.table.SerializedColumn {name: efficiency}
#     wavelength:
#       __class__: astropy.units.quantity.Quantity
#       unit: !astropy.units.Unit {unit: nm}
#       value: !astropy.table.SerializedColumn {name: wavelength}
# schema: astropy-2.0
amp_name wavelength efficiency
C00 319.994 48.50347137451172
C00 324.969 50.53497314453125
C00 349.982 60.58206558227539
C00 374.975 73.24324035644531
C00 400.019 83.04814147949219
C00 424.965 84.48528289794922
C00 450.035 84.09341430664062
C00 475.003 85.53334045410156
C00 500.018 85.03118133544922
C00 525.002 85.75012969970703
C00 550.029 87.69842529296875
C00 575.023 89.98420715332031
C00 599.982 90.92838287353516
C00 619.997 92.26204681396484
C00 624.979 92.55535888671875
C00 650.012 93.41187286376953
C00 675.004 94.6960678100586
C00 700.03 96.16817474365234
C00 725.012 96.67764282226562
C00 750.022 97.42011260986328
C00 774.987 98.60536193847656
C00 799.976 98.16393280029297
C00 824.988 98.25511169433594
C00 850.022 97.3272705078125
C00 869.967 95.58602905273438
C00 875.002 94.66035461425781
C00 899.999 89.83136749267578
C00 919.999 83.48804473876953
C00 925.012 80.95709991455078
C00 949.965 70.16324615478516
C00 975.002 54.80614471435547
C00 999.976 37.611061096191406
C00 1025.028 20.909099578857422
C00 1050.014 9.880906105041504
C00 1075.002 0.928108978824286
C00 1099.99 0.09208612024274923
C01 319.994 48.902671813964844
C01 324.969 50.968544006347656
C01 349.982 61.02373123168945
C01 374.975 73.26898956298828
C01 400.019 82.86581420898438
C01 424.965 84.29974365234375
C01 450.035 83.9162368774414
C01 475.003 85.3267822265625
C01 500.018 84.83872985839844
C01 525.002 85.62191772460938
C01 550.029 87.67657470703125
C01 575.023 90.10961151123047
C01 599.982 91.17088317871094
C01 619.997 92.56995391845703
C01 624.979 92.87644958496094
C01 650.012 93.76850891113281
C01 675.004 95.06494903564453
C01 700.03 96.5540771484375
C01 725.012 97.10121154785156
C01 750.022 97.89713287353516
C01 774.987 99.13348388671875
C01 799.976 98.68405151367188
C01 824.988 98.72310638427734
C01 850.022 97.75541687011719
C01 869.967 96.01614379882812
C01 875.002 95.09674835205078
C01 899.999 90.25968170166016
C01 919.999 83.7252426147461
C01 925.012 81.14383697509766
C01 949.965 70.25802612304688
C01 975.002 55.0053825378418
C01 999.976 37.78727340698242
C01 1025.028 21.077964782714844
C01 1050.014 9.973794937133789
C01 1075.002 0.9326530632539041
C01 1099.99 0.09253698012529137
C02 319.994 48.755516052246094
C02 324.969 50.816490173339844
C02 349.982 60.98334884643555
C02 374.975 73.45928192138672
C02 400.019 83.12077331542969
C02 424.965 84.46385955810547
C02 450.035 83.9574966430664
C02 475.003 85.26021575927734
C02 500.018 84.72333526611328
C02 525.002 85.49505615234375
C02 550.029 87.57160186767578
C02 575.023 90.04869842529297
C02 599.982 91.15873718261719
C02 619.997 92.57866668701172
C02 624.979 92.8905029296875
C02 650.012 93.79601287841797
C02 675.004 95.09761047363281
C02 700.03 96.59127044677734
C02 725.012 97.15243530273438
C02 750.022 97.9698486328125
C02 774.987 99.22530364990234
C02 799.976 98.7778549194336
C02 824.988 98.8078842163086
C02 850.022 97.83936309814453
C02 869.967 96.09114837646484
C02 875.002 95.17514038085938
C02 899.999 90.31819152832031
C02 919.999 83.74583435058594
C02 925.012 81.15885162353516
C02 949.965 70.30718994140625
C02 975.002 55.08303451538086
C02 999.976 37.83821105957031
C02 1025.028 21.132320404052734
C02 1050.014 10.000662803649902
C02 1075.002 0.9333456405710008
C02 1099.99 0.092605697010436
C03 319.994 48.505645751953125
C03 324.969 50.54579162597656
C03 349.982 60.73578643798828
C03 374.975 73.47898864746094
C03 400.019 83.31379699707031
C03 424.965 84.63909149169922
C03 450.035 84.0535659790039
C03 475.003 85.27877807617188
C03 500.018 84.69882202148438
C03 525.002 85.4495620727539
C03 550.029 87.5307846069336
C03 575.023 90.02838134765625
C03 599.982 91.1555404663086
C03 619.997 92.5938491821289
C03 624.979 92.9050521850586
C03 650.012 93.82764434814453
C03 675.004 95.13887786865234
C03 700.03 96.6436767578125
C03 725.012 97.20496368408203
C03 750.022 98.0217514038086
C03 774.987 99.277099609375
C03 799.976 98.83599090576172
C03 824.988 98.87324523925781
C03 850.022 97.8983154296875
C03 869.967 96.13883972167969
C03 875.002 95.2228775024414
C03 899.999 90.36920166015625
C03 919.999 83.81327819824219
C03 925.012 81.23125457763672
C03 949.965 70.37679290771484
C03 975.002 55.13275909423828
C03 999.976 37.87059020996094
C03 1025.028 21.141874313354492
C03 1050.014 9.999707221984863
C03 1075.002 0.9338401198504941
C03 1099.99 0.09265475879027854
C04 319.994 48.18598937988281
C04 324.969 50.195499420166016
C04 349.982 60.362770080566406
C04 374.975 73.34066009521484
C04 400.019 83.37731170654297
C04 424.965 84.74668884277344
C04 450.035 84.11558532714844
C04 475.003 85.28202056884766
C04 500.018 84.6639175415039
C04 525.002 85.40172576904297
C04 550.029 87.49008178710938
C04 575.023 90.00726318359375
C04 599.982 91.15953826904297
C04 619.997 92.61563873291016
C04 624.979 92.93299102783203
C04 650.012 93.8770751953125
C04 675.004 95.19853973388672
C04 700.03 96.70967102050781
C04 725.012 97.27233123779297
C04 750.022 98.06855773925781
C04 774.987 99.31753540039062
C04 799.976 98.86659240722656
C04 824.988 98.91925811767578
C04 850.022 97.94583892822266
C04 869.967 96.19227600097656
C04 875.002 95.2724609375
C04 899.999 90.46897888183594
C04 919.999 83.94346618652344
C04 925.012 81.36016845703125
C04 949.965 70.47880554199219
C04 975.002 55.239906311035156
C04 999.976 37.93315887451172
C04 1025.028 21.253713607788086
C04 1050.014 10.025839805603027
C04 1075.002 0.9342861855287289
C04 1099.99 0.09269901701708087
C05 319.994 47.885047912597656
C05 324.969 49.86675262451172
C05 349.982 59.98879623413086
C05 374.975 73.16241455078125
C05 400.019 83.42269134521484
C05 424.965 84.8360595703125
C05 450.035 84.17625427246094
C05 475.003 85.30803680419922
C05 500.018 84.66961669921875
C05 525.002 85.38343811035156
C05 550.029 87.4581069946289
C05 575.023 89.96961975097656
C05 599.982 91.12521362304688
C05 619.997 92.58399200439453
C05 624.979 92.9021224975586
C05 650.012 93.85334014892578
C05 675.004 95.18891906738281
C05 700.03 96.70011138916016
C05 725.012 97.24946594238281
C05 750.022 98.02992248535156
C05 774.987 99.25306701660156
C05 799.976 98.80363464355469
C05 824.988 98.86936950683594
C05 850.022 97.90166473388672
C05 869.967 96.16883087158203
C05 875.002 95.26201629638672
C05 899.999 90.50895690917969
C05 919.999 84.00167846679688
C05 925.012 81.41221618652344
C05 949.965 70.52619171142578
C05 975.002 55.30594253540039
C05 999.976 37.95559310913086
C05 1025.028 21.395183563232422
C05 1050.014 10.076592445373535
C05 1075.002 0.9339182734358965
C05 1099.99 0.09266251311722395
C06 319.994 47.72988510131836
C06 324.969 49.68959045410156
C06 349.982 59.7828254699707
C06 374.975 73.14665985107422
C06 400.019 83.59010314941406
C06 424.965 85.03711700439453
C06 450.035 84.35397338867188
C06 475.003 85.46224975585938
C06 500.018 84.79353332519531
C06 525.002 85.47696685791016
C06 550.029 87.52410125732422
C06 575.023 90.010986328125
C06 599.982 91.15483856201172
C06 619.997 92.61688995361328
C06 624.979 92.93440246582031
C06 650.012 93.89022064208984
C06 675.004 95.22914123535156
C06 700.03 96.74457550048828
C06 725.012 97.27864837646484
C06 750.022 98.03382873535156
C06 774.987 99.24082946777344
C06 799.976 98.78627014160156
C06 824.988 98.85743713378906
C06 850.022 97.89968872070312
C06 869.967 96.23103332519531
C06 875.002 95.34029388427734
C06 899.999 90.61949157714844
C06 919.999 84.0960464477539
C06 925.012 81.4875259399414
C06 949.965 70.51953125
C06 975.002 55.24177169799805
C06 999.976 37.949886322021484
C06 1025.028 21.514053344726562
C06 1050.014 10.157808303833008
C06 1075.002 0.9339556877554858
C06 1099.99 0.09266622533164176
C07 319.994 47.19669723510742
C07 324.969 49.112693786621094
C07 349.982 59.10350799560547
C07 374.975 72.55382537841797
C07 400.019 83.13806915283203
C07 424.965 84.66287994384766
C07 450.035 83.99111938476562
C07 475.003 85.0957260131836
C07 500.018 84.4296646118164
C07 525.002 85.09693145751953
C07 550.029 87.14881896972656
C07 575.023 89.60269165039062
C07 599.982 90.73352813720703
C07 619.997 92.17334747314453
C07 624.979 92.49486541748047
C07 650.012 93.46505737304688
C07 675.004 94.79496765136719
C07 700.03 96.31321716308594
C07 725.012 96.85437774658203
C07 750.022 97.57788848876953
C07 774.987 98.78045654296875
C07 799.976 98.3154067993164
C07 824.988 98.41361999511719
C07 850.022 97.46166229248047
C07 869.967 95.87580871582031
C07 875.002 95.00948333740234
C07 899.999 90.35045623779297
C07 919.999 83.83435821533203
C07 925.012 81.24955749511719
C07 949.965 70.12802124023438
C07 975.002 54.94025802612305
C07 999.976 37.91204833984375
C07 1025.028 21.477996826171875
C07 1050.014 10.128557205200195
C07 1075.002 0.9296121822928962
C07 1099.99 0.09223526670994009
C10 319.994 48.35673904418945
C10 324.969 50.368892669677734
C10 349.982 60.40562438964844
C10 374.975 73.23401641845703
C10 400.019 83.16838836669922
C10 424.965 84.5993881225586
C10 450.035 84.1981201171875
C10 475.003 85.62924194335938
C10 500.018 85.10175323486328
C10 525.002 85.8037109375
C10 550.029 87.70116424560547
C10 575.023 89.94470977783203
C10 599.982 90.8494644165039
C10 619.997 92.1583251953125
C10 624.979 92.44818878173828
C10 650.012 93.28184509277344
C10 675.004 94.56900024414062
C10 700.03 96.0919418334961
C10 725.012 96.73092651367188
C10 750.022 97.68988037109375
C10 774.987 99.06774139404297
C10 799.976 98.73347473144531
C10 824.988 98.81428527832031
C10 850.022 97.99939727783203
C10 869.967 96.41088104248047
C10 875.002 95.49506378173828
C10 899.999 90.45076751708984
C10 919.999 83.82819366455078
C10 925.012 81.19406127929688
C10 949.965 70.34953308105469
C10 975.002 55.16279220581055
C10 999.976 38.17066955566406
C10 1025.028 21.51957130432129
C10 1050.014 9.933052062988281
C10 1075.002 0.930677217570877
C10 1099.99 0.09234093853179354
C11 319.994 48.66400146484375
C11 324.969 50.69480514526367
C11 349.982 60.63302230834961
C11 374.975 73.05648040771484
C11 400.019 82.85672760009766
C11 424.965 84.3369369506836
C11 450.035 83.97567749023438
C11 475.003 85.40003967285156
C11 500.018 84.88932800292969
C11 525.002 85.64225006103516
C11 550.029 87.63396453857422
C11 575.023 90.00403594970703
C11 599.982 91.00773620605469
C11 619.997 92.37725067138672
C11 624.979 92.67911529541016
C11 650.012 93.55026245117188
C11 675.004 94.86370086669922
C11 700.03 96.41006469726562
C11 725.012 97.1033935546875
C11 750.022 98.13401794433594
C11 774.987 99.5776596069336
C11 799.976 99.25608825683594
C11 824.988 99.30332946777344
C11 850.022 98.49119567871094
C11 869.967 96.91009521484375
C11 875.002 95.98905181884766
C11 899.999 90.89973449707031
C11 919.999 84.06217956542969
C11 925.012 81.37490844726562
C11 949.965 70.50989532470703
C11 975.002 55.4928092956543
C11 999.976 38.476600646972656
C11 1025.028 21.680959701538086
C11 1050.014 10.023900985717773
C11 1075.002 0.9349078928085149
C11 1099.99 0.09276070224223051
C12 319.994 48.533477783203125
C12 324.969 50.55755615234375
C12 349.982 60.53472137451172
C12 374.975 73.08445739746094
C12 400.019 82.96295928955078
C12 424.965 84.4317626953125
C12 450.035 84.01607513427734
C12 475.003 85.37481689453125
C12 500.018 84.83100891113281
C12 525.002 85.57188415527344
C12 550.029 87.576904296875
C12 575.023 89.97480010986328
C12 599.982 91.0029067993164
C12 619.997 92.38504791259766
C12 624.979 92.68648529052734
C12 650.012 93.57034301757812
C12 675.004 94.87957763671875
C12 700.03 96.43993377685547
C12 725.012 97.15831756591797
C12 750.022 98.22322082519531
C12 774.987 99.708984375
C12 799.976 99.39682006835938
C12 824.988 99.4393539428711
C12 850.022 98.63487243652344
C12 869.967 97.04925537109375
C12 875.002 96.12928771972656
C12 899.999 91.00945281982422
C12 919.999 84.11229705810547
C12 925.012 81.41481018066406
C12 949.965 70.61236572265625
C12 975.002 55.66176223754883
C12 999.976 38.6094970703125
C12 1025.028 21.73992347717285
C12 1050.014 10.060388565063477
C12 1075.002 0.9357574063729339
C12 1099.99 0.09284499019766008
C13 319.994 48.40105438232422
C13 324.969 50.403648376464844
C13 349.982 60.4133415222168
C13 374.975 73.19562530517578
C13 400.019 83.22541809082031
C13 424.965 84.71434020996094
C13 450.035 84.25431823730469
C13 475.003 85.57147216796875
C13 500.018 84.98817443847656
C13 525.002 85.69287109375
C13 550.029 87.68841552734375
C13 575.023 90.07352447509766
C13 599.982 91.10305786132812
C13 619.997 92.4863510131836
C13 624.979 92.78941345214844
C13 650.012 93.6786880493164
C13 675.004 94.9917221069336
C13 700.03 96.55690002441406
C13 725.012 97.29723358154297
C13 750.022 98.36902618408203
C13 774.987 99.88287353515625
C13 799.976 99.57476806640625
C13 824.988 99.61644744873047
C13 850.022 98.80593872070312
C13 869.967 97.20455932617188
C13 875.002 96.27769470214844
C13 899.999 91.1220703125
C13 919.999 84.19652557373047
C13 925.012 81.49925231933594
C13 949.965 70.6661605834961
C13 975.002 55.7026481628418
C13 999.976 38.61202621459961
C13 1025.028 21.742280960083008
C13 1050.014 10.051652908325195
C13 1075.002 0.9371463663018852
C13 1099.99 0.09298280152579937
C14 319.994 48.14094543457031
C14 324.969 50.11518478393555
C14 349.982 60.09820556640625
C14 374.975 73.07406616210938
C14 400.019 83.24748229980469
C14 424.965 84.76827239990234
C14 450.035 84.28740692138672
C14 475.003 85.57378387451172
C14 500.018 84.95233917236328
C14 525.002 85.62420654296875
C14 550.029 87.58934783935547
C14 575.023 89.9490737915039
C14 599.982 90.9683609008789
C14 619.997 92.34943389892578
C14 624.979 92.64891815185547
C14 650.012 93.54014587402344
C14 675.004 94.8545913696289
C14 700.03 96.42272186279297
C14 725.012 97.16815948486328
C14 750.022 98.23786163330078
C14 774.987 99.75926208496094
C14 799.976 99.45055389404297
C14 824.988 99.50035858154297
C14 850.022 98.68458557128906
C14 869.967 97.06000518798828
C14 875.002 96.1282730102539
C14 899.999 90.95457458496094
C14 919.999 84.03765106201172
C14 925.012 81.3484115600586
C14 949.965 70.50675964355469
C14 975.002 55.54872512817383
C14 999.976 38.487613677978516
C14 1025.028 21.647974014282227
C14 1050.014 10.026569366455078
C14 1075.002 0.9358967585632304
C14 1099.99 0.09285881659396109
C15 319.994 48.03353500366211
C15 324.969 49.99037551879883
C15 349.982 59.97077560424805
C15 374.975 73.14810180664062
C15 400.019 83.50080871582031
C15 424.965 85.0523452758789
C15 450.035 84.53929138183594
C15 475.003 85.78755187988281
C15 500.018 85.12947082519531
C15 525.002 85.78048706054688
C15 550.029 87.72999572753906
C15 575.023 90.09968566894531
C15 599.982 91.12609100341797
C15 619.997 92.51183319091797
C15 624.979 92.81868743896484
C15 650.012 93.71627807617188
C15 675.004 95.05010223388672
C15 700.03 96.6253890991211
C15 725.012 97.36912536621094
C15 750.022 98.44356536865234
C15 774.987 99.9561767578125
C15 799.976 99.65470886230469
C15 824.988 99.70929718017578
C15 850.022 98.88934326171875
C15 869.967 97.22282409667969
C15 875.002 96.27332305908203
C15 899.999 91.07735443115234
C15 919.999 84.1613998413086
C15 925.012 81.48332977294922
C15 949.965 70.6266860961914
C15 975.002 55.57726287841797
C15 999.976 38.49673080444336
C15 1025.028 21.61975860595703
C15 1050.014 10.063302993774414
C15 1075.002 0.9378564858077317
C15 1099.99 0.09305325893079608
C16 319.994 47.827857971191406
C16 324.969 49.76431655883789
C16 349.982 59.711181640625
C16 374.975 73.0123291015625
C16 400.019 83.48971557617188
C16 424.965 85.0662612915039
C16 450.035 84.53373718261719
C16 475.003 85.74370574951172
C16 500.018 85.05779266357422
C16 525.002 85.68763732910156
C16 550.029 87.6187515258789
C16 575.023 89.9894027709961
C16 599.982 91.0169906616211
C16 619.997 92.40838623046875
C16 624.979 92.7178726196289
C16 650.012 93.61811065673828
C16 675.004 94.96321868896484
C16 700.03 96.54304504394531
C16 725.012 97.27997589111328
C16 750.022 98.35377502441406
C16 774.987 99.8536148071289
C16 799.976 99.5595474243164
C16 824.988 99.61746978759766
C16 850.022 98.79347229003906
C16 869.967 97.08042907714844
C16 875.002 96.12377166748047
C16 899.999 90.91504669189453
C16 919.999 84.04589080810547
C16 925.012 81.39225769042969
C16 949.965 70.58658599853516
C16 975.002 55.43977737426758
C16 999.976 38.37779235839844
C16 1025.028 21.550460815429688
C16 1050.014 10.057066917419434
C16 1075.002 0.9370010982278019
C16 1099.99 0.09296838816094387
C17 319.994 47.53324508666992
C17 324.969 49.44834518432617
C17 349.982 59.358367919921875
C17 374.975 72.7674560546875
C17 400.019 83.36354064941406
C17 424.965 84.99102020263672
C17 450.035 84.46759796142578
C17 475.003 85.67383575439453
C17 500.018 84.9757308959961
C17 525.002 85.58586120605469
C17 550.029 87.50321197509766
C17 575.023 89.84906005859375
C17 599.982 90.87178802490234
C17 619.997 92.26070404052734
C17 624.979 92.56964111328125
C17 650.012 93.48185729980469
C17 675.004 94.8315658569336
C17 700.03 96.42518615722656
C17 725.012 97.1669921875
C17 750.022 98.24010467529297
C17 774.987 99.73756408691406
C17 799.976 99.44861602783203
C17 824.988 99.51142120361328
C17 850.022 98.66598510742188
C17 869.967 96.96583557128906
C17 875.002 96.02804565429688
C17 899.999 90.81548309326172
C17 919.999 83.90780639648438
C17 925.012 81.24165344238281
C17 949.965 70.36481475830078
C17 975.002 55.21887969970703
C17 999.976 38.19211959838867
C17 1025.028 21.523128509521484
C17 1050.014 9.978984832763672
C17 1075.002 0.9359181772661923
C17 1099.99 0.092860941737992
