lsstCam/transmission_sensor/r42_s20/19700101T000000.ecsv
# %ECSV 1.0
# ---
# datatype:
# - {name: amp_name, datatype: string}
# - {name: wavelength, unit: nm, datatype: float32}
# - {name: efficiency, unit: '%', datatype: float64}
# meta: !!omap
# - {MODE: AMP}
# - {TYPE: transmission_sensor}
# - {CALIBDATE: '1970-01-01T00:00:00'}
# - {INSTRUME: LSSTCam}
# - {OBSTYPE: transmission_sensor}
# - {DETECTOR: 177}
# - {PARQUETFILE: qe_raft_allvalues_nircorrected_20230725_adjust.parquet}
# - {CORRFILE: qe_corr_factor_bydetnum.parquet}
# - {CALIBCLS: lsst.ip.isr.IntermediateSensorTransmissionCurve}
# - {CALIB_ID: 'raftName=R42 detectorName=S20 detector=177 calibDate=1970-01-01T00:00:00 ccd=177 ccdnum=177 filter=None'}
# - {DATE: '2025-03-03T21:56:48.384099'}
# - {CALIB_CREATION_DATE: '2025-03-03'}
# - {CALIB_CREATION_TIME: '21:56:48'}
# - __serialized_columns__:
#     efficiency:
#       __class__: astropy.units.quantity.Quantity
#       unit: !astropy.units.Unit {unit: '%'}
#       value: !astropy.table.SerializedColumn {name: efficiency}
#     wavelength:
#       __class__: astropy.units.quantity.Quantity
#       unit: !astropy.units.Unit {unit: nm}
#       value: !astropy.table.SerializedColumn {name: wavelength}
# schema: astropy-2.0
amp_name wavelength efficiency
C00 319.994 48.475100183171485
C00 324.969 50.50541366452235
C00 349.982 60.546629244922336
C00 374.975 73.20039810355816
C00 400.019 82.99956403450535
C00 424.965 84.4358648241783
C00 450.035 84.04422544901587
C00 475.003 85.48330933881796
C00 500.018 84.9814439486769
C00 525.002 85.69997177764047
C00 550.029 87.64712775211827
C00 575.023 89.93157258745524
C00 599.982 90.87519602987928
C00 619.997 92.2080798687252
C00 624.979 92.50122037411077
C00 650.012 93.35723334945509
C00 675.004 94.64067713011606
C00 700.03 96.1119229825067
C00 725.012 96.62109305737035
C00 750.022 97.36312855126053
C00 774.987 98.54768459061977
C00 799.976 98.10651365809007
C00 824.988 98.1976392187576
C00 850.022 97.27034075544736
C00 869.967 95.53011780673779
C00 875.002 94.60498482407601
C00 899.999 89.77882232748934
C00 919.999 83.43920998066291
C00 925.012 80.9097455849134
C00 949.965 70.12220548645156
C00 975.002 54.774086893043965
C00 999.976 37.589061214932805
C00 1025.028 20.896869195173675
C00 1050.014 9.875126455260224
C00 1075.002 0.9275660989710174
C00 1099.99 0.09203225620244139
C01 319.994 48.874067117852064
C01 324.969 50.938730917235496
C01 349.982 60.988036550339714
C01 374.975 73.2261322485881
C01 400.019 82.81734341289774
C01 424.965 84.25043410625732
C01 450.035 83.86715165641425
C01 475.003 85.2768719336207
C01 500.018 84.7891050424901
C01 525.002 85.57183479772098
C01 550.029 87.62528994726915
C01 575.023 90.05690359244998
C01 599.982 91.11755448907243
C01 619.997 92.51580686876035
C01 624.979 92.82212325640126
C01 650.012 93.71366078928469
C01 675.004 95.00934258558213
C01 700.03 96.49759966095404
C01 725.012 97.04441402441408
C01 750.022 97.83986979092052
C01 774.987 99.07549762388288
C01 799.976 98.6263281378313
C01 824.988 98.66536016402634
C01 850.022 97.69823668160754
C01 869.967 95.95998096531804
C01 875.002 95.04112330157763
C01 899.999 90.20688600215044
C01 919.999 83.67626911221285
C01 925.012 81.0963734171365
C01 949.965 70.21693001495734
C01 975.002 54.97320817612087
C01 999.976 37.765170453654044
C01 1025.028 21.065635624513035
C01 1050.014 9.967960953781034
C01 1075.002 0.9321075254240996
C01 1099.99 0.09248285236299347
C02 319.994 48.726997432122396
C02 324.969 50.78676602525125
C02 349.982 60.947677786000895
C02 374.975 73.41631329905832
C02 400.019 83.07215338581946
C02 424.965 84.41445401551337
C02 450.035 83.90838728791705
C02 475.003 85.21034440313586
C02 500.018 84.67377794809664
C02 525.002 85.44504743074084
C02 550.029 87.52037850979744
C02 575.023 89.99602613647396
C02 599.982 91.10541559755015
C02 619.997 92.52451454094529
C02 624.979 92.83616838088871
C02 650.012 93.7411486686426
C02 675.004 95.04198491887789
C02 700.03 96.53477120377508
C02 725.012 97.09560781692699
C02 750.022 97.91254301648509
C02 774.987 99.16726367882671
C02 799.976 98.7200766750589
C02 824.988 98.75008840686272
C02 850.022 97.7821338068711
C02 869.967 96.03494167044082
C02 875.002 95.11946947644658
C02 899.999 90.26536160459034
C02 919.999 83.69684880330495
C02 925.012 81.1113792830384
C02 949.965 70.26606507586786
C02 975.002 55.050814732599335
C02 999.976 37.81607831122217
C02 1025.028 21.119959451554774
C02 1050.014 9.994813104445061
C02 1075.002 0.932799697631149
C02 1099.99 0.09255152905349139
C03 319.994 48.47727328875179
C03 324.969 50.51622581790085
C03 349.982 60.70026018451816
C03 374.975 73.43600849805456
C03 400.019 83.26506416189581
C03 424.965 84.58958345049051
C03 450.035 84.00440042990729
C03 475.003 85.22889586235301
C03 500.018 84.64927904202813
C03 525.002 85.39957996205534
C03 550.029 87.47958512434255
C03 575.023 89.97572094292885
C03 599.982 91.10222075110052
C03 619.997 92.53968815534813
C03 624.979 92.85070912594712
C03 650.012 93.77276163613716
C03 675.004 95.08322817531256
C03 700.03 96.58714686072639
C03 725.012 97.14810547278809
C03 750.022 97.9644154279336
C03 774.987 99.21902934122917
C03 799.976 98.77817865583762
C03 824.988 98.81541119811355
C03 850.022 97.84105165535892
C03 869.967 96.08260511950222
C03 875.002 95.16717867509914
C03 899.999 90.31634189901115
C03 919.999 83.76425320095376
C03 925.012 81.1837398863967
C03 949.965 70.33562732923325
C03 975.002 55.10051022600161
C03 999.976 37.84843852203909
C03 1025.028 21.129507772477368
C03 1050.014 9.993858081729504
C03 1075.002 0.9332938876743082
C03 1099.99 0.09260056213557057
C04 319.994 48.15780389365113
C04 324.969 50.166138508913455
C04 349.982 60.327462015983585
C04 374.975 73.29776085848776
C04 400.019 83.32854171963635
C04 424.965 84.69711786452231
C04 450.035 84.06638350100313
C04 475.003 85.23213645839381
C04 500.018 84.6143949787653
C04 525.002 85.3517716392886
C04 550.029 87.43890611286558
C04 575.023 89.95461513153835
C04 599.982 91.10621621539553
C04 619.997 92.56146496074237
C04 624.979 92.8786316264211
C04 650.012 93.8221635696628
C04 675.004 95.14285514246342
C04 700.03 96.65310252132167
C04 725.012 97.2154336211183
C04 750.022 98.01119438489914
C04 774.987 99.25944148009101
C04 799.976 98.808762257531
C04 824.988 98.86139716216559
C04 850.022 97.88854735591939
C04 869.967 96.13601014225473
C04 875.002 95.21673310726199
C04 899.999 90.41606075788572
C04 919.999 83.89436503822517
C04 925.012 81.31257836004735
C04 949.965 70.43758029314301
C04 975.002 55.207594769053635
C04 999.976 37.9109705882289
C04 1025.028 21.241281648623737
C04 1050.014 10.019975379585453
C04 1075.002 0.9337396924348325
C04 1099.99 0.09264479447435735
C05 319.994 47.85703845640482
C05 324.969 49.83758400750074
C05 349.982 59.95370691850049
C05 374.975 73.11961957542563
C05 400.019 83.37389481434394
C05 424.965 84.78643631633885
C05 450.035 84.12701695915962
C05 475.003 85.2581374760389
C05 500.018 84.62009080286528
C05 525.002 85.33349467761843
C05 550.029 87.40695002343729
C05 575.023 89.91699371773754
C05 599.982 91.07191164695413
C05 619.997 92.52983674338408
C05 624.979 92.8477811521126
C05 650.012 93.79844240664409
C05 675.004 95.13324010338705
C05 700.03 96.64354848170018
C05 725.012 97.1925817003317
C05 750.022 97.97258172995643
C05 774.987 99.1950108058679
C05 799.976 98.7458413198163
C05 824.988 98.8115377327283
C05 850.022 97.84439900044579
C05 869.967 96.11257872664673
C05 875.002 95.20629457554466
C05 899.999 90.45601540083592
C05 919.999 83.9525432683225
C05 925.012 81.36459564520123
C05 949.965 70.48493874492998
C05 975.002 55.27359236677414
C05 999.976 37.933391700365355
C05 1025.028 21.382668853884198
C05 1050.014 10.070698332555963
C05 1075.002 0.933371995545244
C05 1099.99 0.09260831192676859
C06 319.994 47.701966404687326
C06 324.969 49.66052546476284
C06 349.982 59.74785663305649
C06 374.975 73.10387409113324
C06 400.019 83.54120869416383
C06 424.965 84.98737614566454
C06 450.035 84.30463212192335
C06 475.003 85.41226022373972
C06 500.018 84.74393494614716
C06 525.002 85.42696871729906
C06 550.029 87.47290568403255
C06 575.023 89.95833609828638
C06 599.982 91.10151925736932
C06 619.997 92.56271544956753
C06 624.979 92.88004223881532
C06 650.012 93.83530132725883
C06 675.004 95.1734387441568
C06 700.03 96.6879865845845
C06 725.012 97.22174706469897
C06 750.022 97.97648569506913
C06 774.987 99.1827804151633
C06 799.976 98.72848697490129
C06 824.988 98.79961233929812
C06 850.022 97.84242414309385
C06 869.967 96.17474479610722
C06 875.002 95.2845263764357
C06 899.999 90.5664854136341
C06 919.999 84.04685605050781
C06 925.012 81.43986134759845
C06 949.965 70.47828217941556
C06 975.002 55.20945906489358
C06 999.976 37.927688251333535
C06 1025.028 21.501469104740224
C06 1050.014 10.151866685329864
C06 1075.002 0.9334093879800323
C06 1099.99 0.09261202196979655
C07 319.994 47.16909041666869
C07 324.969 49.08396624211411
C07 349.982 59.068936512643454
C07 374.975 72.51138638582745
C07 400.019 83.08943910634773
C07 424.965 84.61335798803225
C07 450.035 83.94199036262727
C07 475.003 85.04595087221863
C07 500.018 84.3802790709136
C07 525.002 85.04715561145262
C07 550.029 87.09784291073535
C07 575.023 89.55028024482782
C07 599.982 90.68045527015636
C07 619.997 92.11943241091241
C07 624.979 92.4407622893871
C07 650.012 93.41038674945621
C07 675.004 94.73951912182665
C07 700.03 96.25688056211095
C07 725.012 96.79772460392404
C07 750.022 97.52081214214033
C07 774.987 98.7226767768234
C07 799.976 98.2578990552529
C07 824.988 98.35605480309603
C07 850.022 97.40465393017405
C07 869.967 95.81972796867186
C07 875.002 94.95390933095466
C07 899.999 90.29760744142935
C07 919.999 83.78532088768495
C07 925.012 81.20203209793057
C07 949.965 70.08700117605059
C07 975.002 54.908121757757726
C07 999.976 37.88987240177027
C07 1025.028 21.465433676766438
C07 1050.014 10.122632696575844
C07 1075.002 0.9290684231690924
C07 1099.99 0.09218131542921752
C10 319.994 48.328453681160084
C10 324.969 50.33943033531215
C10 349.982 60.370291258245274
C10 374.975 73.19117956093854
C10 400.019 83.11974058556224
C10 424.965 84.5499033050873
C10 450.035 84.14887001387245
C10 475.003 85.57915473230727
C10 500.018 85.0519745683886
C10 525.002 85.75352167409834
C10 550.029 87.64986510265626
C10 575.023 89.89209831521227
C10 599.982 90.79632373471195
C10 619.997 92.10441892007864
C10 624.979 92.39411295626317
C10 650.012 93.22728163575275
C10 675.004 94.51368388997568
C10 700.03 96.03573466335433
C10 725.012 96.67434558148565
C10 750.022 97.63273851692391
C10 774.987 99.00979358603901
C10 799.976 98.67572244642507
C10 824.988 98.75648572469386
C10 850.022 97.94207437758168
C10 869.967 96.3544873148601
C10 875.002 95.43920574416236
C10 899.999 90.39786004553416
C10 919.999 83.77915994274147
C10 925.012 81.14656834357565
C10 949.965 70.30838344769488
C10 975.002 55.130525770271355
C10 999.976 38.14834234198513
C10 1025.028 21.506983836708496
C10 1050.014 9.927241911411796
C10 1075.002 0.9301328354747621
C10 1099.99 0.09228692544033058
C11 319.994 48.635536374453
C11 324.969 50.66515217453861
C11 349.982 60.59755616482012
C11 374.975 73.01374739653947
C11 400.019 82.80826211905162
C11 424.965 84.28760564907834
C11 450.035 83.92655750054115
C11 475.003 85.35008652934738
C11 500.018 84.83967359059044
C11 525.002 85.59215524112982
C11 550.029 87.582704702827
C11 575.023 89.95138978536127
C11 599.982 90.95450294616268
C11 619.997 92.32321633982215
C11 624.979 92.6249043938236
C11 650.012 93.49554198847679
C11 675.004 94.80821213295992
C11 700.03 96.35367144715099
C11 725.012 97.04659475492625
C11 750.022 98.07661630026416
C11 774.987 99.51941353188244
C11 799.976 99.19803027888473
C11 824.988 99.24524385696634
C11 850.022 98.43358511025588
C11 869.967 96.85340948130292
C11 875.002 95.9329048322806
C11 899.999 90.84656441074226
C11 919.999 84.01300897797806
C11 925.012 81.32730972840228
C11 949.965 70.46865189047547
C11 975.002 55.46034982283888
C11 999.976 38.454094484668346
C11 1025.028 21.668277832824344
C11 1050.014 10.018037693776346
C11 1075.002 0.9343610360586637
C11 1099.99 0.09270644361789725
C12 319.994 48.50508904017971
C12 324.969 50.52798346283009
C12 349.982 60.499312730260606
C12 374.975 73.04170802167275
C12 400.019 82.91443167028036
C12 424.965 84.3823759271753
C12 450.035 83.96693151474369
C12 475.003 85.32487850461581
C12 500.018 84.78138861144706
C12 525.002 85.52183049457835
C12 550.029 87.52567783744064
C12 575.023 89.92217104647096
C12 599.982 90.94967636429485
C12 619.997 92.33100902018381
C12 624.979 92.63227007800106
C12 650.012 93.51561080913422
C12 675.004 94.82407961616208
C12 700.03 96.38352305538574
C12 725.012 97.10148663939161
C12 750.022 98.16576700357977
C12 774.987 99.6506614840011
C12 799.976 99.33867977198767
C12 824.988 99.38118876711121
C12 850.022 98.57717782705706
C12 869.967 96.99248823844255
C12 875.002 96.07305870481258
C12 899.999 90.95621855583134
C12 919.999 84.06309715537115
C12 925.012 81.36718812203388
C12 949.965 70.57106235029687
C12 975.002 55.62920393889464
C12 999.976 38.58691317275032
C12 1025.028 21.72720711870996
C12 1050.014 10.054503930400266
C12 1075.002 0.9352100527161357
C12 1099.99 0.09279068227067604
C13 319.994 48.372743097873105
C13 324.969 50.37416571240369
C13 349.982 60.3780038768224
C13 374.975 73.15281090381538
C13 400.019 83.17673695122116
C13 424.965 84.66478815343284
C13 450.035 84.20503526195856
C13 475.003 85.52141874825787
C13 500.018 84.93846220777799
C13 525.002 85.64274666402572
C13 550.029 87.637123841517
C13 575.023 90.02083766474875
C13 599.982 91.04976884483058
C13 619.997 92.43225286543051
C13 624.979 92.7351380337341
C13 650.012 93.62389246648837
C13 675.004 94.93615848958288
C13 700.03 96.50042088574251
C13 725.012 97.2403213987117
C13 750.022 98.31148707637008
C13 774.987 99.82444893097075
C13 799.976 99.51652368270723
C13 824.988 99.55817868546237
C13 850.022 98.74814404923823
C13 869.967 97.14770135139946
C13 875.002 96.2213788793674
C13 899.999 91.06877017502751
C13 919.999 84.14727640311357
C13 925.012 81.45158086786839
C13 949.965 70.62482574484683
C13 975.002 55.670065948736266
C13 999.976 38.58944083766215
C13 1025.028 21.72956322265492
C13 1050.014 10.045773383419734
C13 1075.002 0.936598200199157
C13 1099.99 0.09292841298867652
C14 319.994 48.112786295945405
C14 324.969 50.085870851215596
C14 349.982 60.063052253849214
C14 374.975 73.03132286447844
C14 400.019 83.19878825416238
C14 424.965 84.71868879675631
C14 450.035 84.23810459143853
C14 475.003 85.52372910261167
C14 500.018 84.90264790282816
C14 525.002 85.5741222772792
C14 550.029 87.53811410130548
C14 575.023 89.8964597762366
C14 599.982 90.91515067282948
C14 619.997 92.29541583825795
C14 624.979 92.59472491351885
C14 650.012 93.48543132882946
C14 675.004 94.79910796431821
C14 700.03 96.36632120910794
C14 725.012 97.11132280149195
C14 750.022 98.1803992478205
C14 774.987 99.70090978496329
C14 799.976 99.39238216708276
C14 824.988 99.44215772226957
C14 850.022 98.62686188306154
C14 869.967 97.00323176743431
C14 875.002 96.07204458887512
C14 899.999 90.90137242095714
C14 919.999 83.98849482204582
C14 925.012 81.30082834004999
C14 949.965 70.46551804348071
C14 975.002 55.51623294844614
C14 999.976 38.46510107380931
C14 1025.028 21.6353114399245
C14 1050.014 10.020704513694636
C14 1075.002 0.935349323394995
C14 1099.99 0.09280450057948712
C15 319.994 48.005438692744185
C15 324.969 49.961134590906
C15 349.982 59.935696829445455
C15 374.975 73.10531520325492
C15 400.019 83.4519664916659
C15 424.965 85.00259550965855
C15 450.035 84.48984171682037
C15 475.003 85.73737206841733
C15 500.018 85.07967594583862
C15 525.002 85.7303113815143
C15 550.029 87.67867972015794
C15 575.023 90.04698355609918
C15 599.982 91.07278851411812
C15 619.997 92.45772013784534
C15 624.979 92.76439489728371
C15 650.012 93.66146050576616
C15 675.004 94.99450446818115
C15 700.03 96.56886989905624
C15 725.012 97.31217113163531
C15 750.022 98.38598266064938
C15 774.987 99.8977092762886
C15 799.976 99.59641771874391
C15 824.988 99.65097410620739
C15 850.022 98.83149980433969
C15 869.967 97.16595543827404
C15 875.002 96.21700979341122
C15 899.999 91.0240804493918
C15 919.999 84.11217121682678
C15 925.012 81.43566763507505
C15 949.965 70.58537434739945
C15 975.002 55.54475400607118
C15 999.976 38.474212867382874
C15 1025.028 21.607112535670574
C15 1050.014 10.057416654371062
C15 1075.002 0.9373079043339836
C15 1099.99 0.09299882918094222
C16 319.994 47.79988196717683
C16 324.969 49.73520785987271
C16 349.982 59.67625471041835
C16 374.975 72.96962191586145
C16 400.019 83.44087984074041
C16 424.965 85.01650338537252
C16 450.035 84.48429076642576
C16 475.003 85.69355158501374
C16 500.018 85.0080397110071
C16 525.002 85.63751596076926
C16 550.029 87.56750058869672
C16 575.023 89.9367651660524
C16 599.982 90.96375198850974
C16 619.997 92.35433368674578
C16 624.979 92.66363904767609
C16 650.012 93.56335050751422
C16 675.004 94.90767174415122
C16 700.03 96.48657400948343
C16 725.012 97.22307380284273
C16 750.022 98.2962448375805
C16 774.987 99.79520731728486
C16 799.976 99.50131194364508
C16 824.988 99.5592004263317
C16 850.022 98.7356849105778
C16 869.967 97.02364371002547
C16 875.002 96.06754587907729
C16 899.999 90.86186764898673
C16 919.999 83.99672974845541
C16 925.012 81.34464882345357
C16 949.965 70.54529770553947
C16 975.002 55.40734892147498
C16 999.976 38.3553439921401
C16 1025.028 21.537855279579606
C16 1050.014 10.051184225691403
C16 1075.002 0.9364530170968954
C16 1099.99 0.09291400805464711
C17 319.994 47.50544141090899
C17 324.969 49.41942130686078
C17 349.982 59.32364736145098
C17 374.975 72.72489210285961
C17 400.019 83.31477871762773
C17 424.965 84.94130630736204
C17 450.035 84.41819023212513
C17 475.003 85.62372245903322
C17 500.018 84.92602594391315
C17 525.002 85.5357993697472
C17 550.029 87.45202862059789
C17 575.023 89.79650454447436
C17 599.982 90.81863428533642
C17 619.997 92.20673788071771
C17 624.979 92.51549424655406
C17 650.012 93.42717684941351
C17 675.004 94.77609591996254
C17 700.03 96.36878406209895
C17 725.012 97.11015618691725
C17 750.022 98.18264097778756
C17 774.987 99.67922447875138
C17 799.976 99.39044543439013
C17 824.988 99.45321387346762
C17 850.022 98.60827229918509
C17 869.967 96.90911723347737
C17 875.002 95.97187585902077
C17 899.999 90.76236228820427
C17 919.999 83.85872610670815
C17 925.012 81.19413266852285
C17 949.965 70.32365618621192
C17 975.002 55.186580456845476
C17 999.976 38.16977983791156
C17 1025.028 21.51053896118856
C17 1050.014 9.973147813679294
C17 1075.002 0.9353707295694904
C17 1099.99 0.0928066244804551
