lsstCam/transmission_filter_detector/r24_s21/g_6/19700101T000000.ecsv
# %ECSV 1.0
# ---
# datatype:
# - {name: wavelength, unit: nm, datatype: float32}
# - {name: efficiency, unit: '%', datatype: float64}
# meta: !!omap
# - {MODE: DETECTOR}
# - {TYPE: transmission_filter_detector}
# - {CALIBDATE: '1970-01-01T00:00:00'}
# - {INSTRUME: LSSTCam}
# - {OBSTYPE: transmission_filter_detector}
# - {CALIBCLS: lsst.ip.isr.IntermediateFilterDetectorTransmissionCurve}
# - {SOURCE: Materion (DM-46256)}
# - {DETECTOR: 115}
# - {FILTER: g_6}
# - {CALIB_ID: 'calibDate=1970-01-01T00:00:00 filter=g_6 detector=115'}
# - {DATE: '2025-04-02T15:59:42.560361'}
# - {CALIB_CREATION_DATE: '2025-04-02'}
# - {CALIB_CREATION_TIME: '15:59:42'}
# - __serialized_columns__:
#     efficiency:
#       __class__: astropy.units.quantity.Quantity
#       unit: !astropy.units.Unit {unit: '%'}
#       value: !astropy.table.SerializedColumn {name: efficiency}
#     wavelength:
#       __class__: astropy.units.quantity.Quantity
#       unit: !astropy.units.Unit {unit: nm}
#       value: !astropy.table.SerializedColumn {name: wavelength}
# schema: astropy-2.0
wavelength efficiency
[from data line 608]
908.0 0.0005140516350365942
909.0 0.0004034493485960411
910.0 0.0003484723947622115
911.0 0.0002934954636657494
912.0 0.00041458829400653485
913.0 0.0005356811016099527
914.0 0.00044460302888182923
915.0 0.00035352491067897063
916.0 0.0003935918357456103
917.0 0.00043365880628698505
918.0 0.00040817258195602335
919.0 0.00038268631215032656
920.0 0.0004133601578359958
921.0 0.000444034003521665
922.0 0.00044125526983407326
923.0 0.00043847649067174643
924.0 0.00040742838791629765
925.0 0.00037638017147401115
926.0 0.000413384896091884
927.0 0.0004503896889218595
928.0 0.0005355795565264998
929.0 0.0006207695150806103
930.0 0.0005032809895055834
931.0 0.00038579241845582146
932.0 0.0004928454018227058
933.0 0.0005998985216137953
934.0 0.0006082246272853808
935.0 0.0006165508693811717
936.0 0.00048664514906704426
937.0 0.0003567394969650195
938.0 0.000448846367362421
939.0 0.0005409533514466602
940.0 0.0005875043370906496
941.0 0.000634055277259904
942.0 0.0006326004040602129
943.0 0.0006311454853857867
944.0 0.0007626992555742618
945.0 0.0008942530257627368
946.0 0.0008766451173869427
947.0 0.0008590372090111487
948.0 0.0008645425623399206
949.0 0.0008700479156686924
950.0 0.0008841274393489584
951.0 0.0008982068720797542
952.0 0.0008936625818023458
953.0 0.000889118109625997
954.0 0.0008077323400357272
955.0 0.000726346343071782
956.0 0.0006340212166833226
957.0 0.000541696044820128
958.0 0.00060983497860434
959.0 0.0006779738669138169
960.0 0.0006691762337140972
961.0 0.0006603784186154371
962.0 0.0006761117219866719
963.0 0.0006918450253579067
964.0 0.0006267438948270865
965.0 0.000561642627872061
966.0 0.0006056147867639083
967.0 0.0006495868547062855
968.0 0.0006617920007556677
969.0 0.0006739971013303148
970.0 0.000651095297143911
971.0 0.0006281934929575073
972.0 0.0007652784915990196
973.0 0.0009023635357152671
974.0 0.0008951095878728665
975.0 0.0008878558219294064
976.0 0.0008387145499000326
977.0 0.0007895732778706588
978.0 0.0009269773727282882
979.0 0.0010643815585353877
980.0 0.0010000033398682717
981.0 0.0009356250302516855
982.0 0.0009212093573296443
983.0 0.0009067937753570732
984.0 0.001009265542961657
985.0 0.0011117374924651813
986.0 0.0011931398148590233
987.0 0.0012745420463033952
988.0 0.0013145637240086216
989.0 0.0013545852198149078
990.0 0.0013886447050026618
991.0 0.0014227041901904158
992.0 0.0014124124390946236
993.0 0.0014021208698977716
994.0 0.0014365743481903337
995.0 0.0014710280083818361
996.0 0.0014653403013653588
997.0 0.0014596523215004709
998.0 0.0014416000340133905
999.0 0.0014235477465263102
1000.0 0.0013337657946976833
1001.0 0.001243983660970116
1002.0 0.0012740491911245044
1003.0 0.0013041146303294227
1004.0 0.0013165227755962405
1005.0 0.0013289310118125286
1006.0 0.001470397455705097
1007.0 0.0016118638086481951
1008.0 0.0015176393389992882
1009.0 0.0014234151421987917
1010.0 0.001552234243717976
1011.0 0.0016810534361866303
1012.0 0.001754398545017466
1013.0 0.0018277436538483016
1014.0 0.002033126111200545
1015.0 0.0022385085685527883
1016.0 0.0024472243239870295
1017.0 0.0026559400794212706
1018.0 0.0027876549211214297
1019.0 0.002919369944720529
1020.0 0.0032281579478876665
1021.0 0.0035369463148526847
1022.0 0.003565391307347454
1023.0 0.0035938362998422235
1024.0 0.0037267105653882027
1025.0 0.003859584830934182
1026.0 0.0040285605791723356
1027.0 0.004197535599814728
1028.0 0.004537511631497182
1029.0 0.004877488026977517
1030.0 0.004805169373867102
1031.0 0.004732849993160926
1032.0 0.004969985457137227
1033.0 0.005207120557315648
1034.0 0.0053071940783411264
1035.0 0.005407267599366605
1036.0 0.005520815830095671
1037.0 0.005634364424622618
1038.0 0.005899208917981014
1039.0 0.00616405377513729
1040.0 0.0062935556343290955
1041.0 0.006423057493520901
1042.0 0.006669969297945499
1043.0 0.006916881102370098
1044.0 0.007373381231445819
1045.0 0.00782988136052154
1046.0 0.008769036503508687
1047.0 0.009708190918900073
1048.0 0.01091163358069025
1049.0 0.012115074787288904
1050.0 0.014324138464871794
1051.0 0.016533199232071638
1052.0 0.02009106829063967
1053.0 0.023648940259590745
1054.0 0.028481389745138586
1055.0 0.033313839230686426
1056.0 0.039875495713204145
1057.0 0.046437152195721865
1058.0 0.05397973582148552
1059.0 0.061522319447249174
1060.0 0.0694911926984787
1061.0 0.07746007177047431
1062.0 0.08435025811195374
1063.0 0.09124040952883661
1064.0 0.09653096785768867
1065.0 0.10182149708271027
1066.0 0.10665718000382185
1067.0 0.11149287456646562
1068.0 0.11792902369052172
1069.0 0.12436518445611
1070.0 0.13376789866015315
1071.0 0.1431706128641963
1072.0 0.15541119500994682
1073.0 0.16765178879722953
1074.0 0.18209113040938973
1075.0 0.19653048366308212
1076.0 0.21095068659633398
1077.0 0.22537088952958584
1078.0 0.23917630314826965
1079.0 0.25298171676695347
1080.0 0.2702823840081692
1081.0 0.2875830279663205
1082.0 0.3123342525213957
1083.0 0.33708547707647085
1084.0 0.37741854321211576
1085.0 0.41775163263082504
1086.0 0.45348722487688065
1087.0 0.489222863689065
1088.0 0.5504939239472151
1089.0 0.6117649376392365
1090.0 0.689886836335063
1091.0 0.7680087350308895
1092.0 0.7984725758433342
1093.0 0.828936230391264
1094.0 0.8650880306959152
1095.0 0.901239737868309
1096.0 0.943369697779417
1097.0 0.985499657690525
1098.0 1.0372747667133808
1099.0 1.089049968868494
1100.0 1.2039924040436745
1101.0 1.318934839218855
