lsstCam/transmission_filter_detector/r24_s21/g_6/19700101T000000.ecsv
# %ECSV 1.0
# ---
# datatype:
# - {name: wavelength, unit: nm, datatype: float32}
# - {name: efficiency, unit: '%', datatype: float64}
# meta: !!omap
# - {MODE: DETECTOR}
# - {TYPE: transmission_filter_detector}
# - {CALIBDATE: '1970-01-01T00:00:00'}
# - {INSTRUME: LSSTCam}
# - {OBSTYPE: transmission_filter_detector}
# - {CALIBCLS: lsst.ip.isr.IntermediateFilterDetectorTransmissionCurve}
# - {SOURCE: Materion (DM-46256)}
# - {DETECTOR: 115}
# - {FILTER: g_6}
# - {CALIB_ID: 'calibDate=1970-01-01T00:00:00 filter=g_6 detector=115'}
# - {DATE: '2025-04-02T15:59:42.560361'}
# - {CALIB_CREATION_DATE: '2025-04-02'}
# - {CALIB_CREATION_TIME: '15:59:42'}
# - __serialized_columns__:
#     efficiency:
#       __class__: astropy.units.quantity.Quantity
#       unit: !astropy.units.Unit {unit: '%'}
#       value: !astropy.table.SerializedColumn {name: efficiency}
#     wavelength:
#       __class__: astropy.units.quantity.Quantity
#       unit: !astropy.units.Unit {unit: nm}
#       value: !astropy.table.SerializedColumn {name: wavelength}
# schema: astropy-2.0
wavelength efficiency
300.0 0.3935778047889471
301.0 0.32291063107550144
302.0 0.2522434340789914
303.0 0.23881972301751375
304.0 0.2253960119560361
305.0 0.22154564503580332
306.0 0.21769527811557055
307.0 0.21589058451354504
308.0 0.21408589091151953
309.0 0.20851315930485725
310.0 0.20294040441513062
311.0 0.20062606781721115
312.0 0.1983117312192917
313.0 0.18636483000591397
314.0 0.1744179055094719
315.0 0.17467946745455265
316.0 0.17494105268269777
317.0 0.17302754567936063
318.0 0.17111408524215221
319.0 0.1616793335415423
320.0 0.15224458184093237
321.0 0.14171386137604713
322.0 0.13118317583575845
323.0 0.11728396639227867
324.0 0.1033847569487989
325.0 0.0915893993806094
326.0 0.07979403017088771
327.0 0.0722697819583118
328.0 0.06474552792496979
329.0 0.061693345196545124
330.0 0.058641156647354364
331.0 0.05438784719444811
332.0 0.05013453774154186
333.0 0.04655904485844076
334.0 0.042983549064956605
335.0 0.04161628894507885
336.0 0.04024902591481805
337.0 0.04077759804204106
338.0 0.04130617016926408
339.0 0.04067889240104705
340.0 0.04005160881206393
341.0 0.038029762799851596
342.0 0.036007919698022306
343.0 0.03293391200713813
344.0 0.02985990431625396
345.0 0.026178726693615317
346.0 0.02249754616059363
347.0 0.02100247802445665
348.0 0.019507411343511194
349.0 0.017951328482013196
350.0 0.8405222557485104
351.0 0.9057768620550632
352.0 0.6637271028012037
353.0 0.8233517408370972
354.0 0.6700355093926191
355.0 0.5133551079779863
356.0 0.4297880921512842
357.0 0.8836410008370876
358.0 0.6170702632516623
359.0 0.8567951619625092
360.0 0.41021895594894886
361.0 0.8004636503756046
362.0 0.559457391500473
363.0 0.8768689818680286
364.0 0.7598946802318096
365.0 0.7633549626916647
366.0 0.569600984454155
367.0 0.8053896948695183
368.0 0.43029929511249065
369.0 0.5873759277164936
370.0 0.451474217697978
371.0 0.6013461388647556
372.0 0.41712229140102863
373.0 0.505119189620018
374.0 0.37948982790112495
375.0 0.6008676718920469
376.0 0.36247509997338057
377.0 0.5352968815714121
378.0 0.38453161250799894
379.0 0.5774432793259621
380.0 0.3599920775741339
381.0 0.5288077052682638
382.0 0.5564471706748009
383.0 0.4794660955667496
384.0 0.6021611392498016
385.0 0.5414573941379786
386.0 0.6636633537709713
387.0 0.7977987639605999
388.0 0.9150870144367218
389.0 1.275895070284605
390.0 1.8275922164320946
391.0 2.846698835492134
392.0 4.380381107330322
393.0 7.017460465431213
394.0 10.537178814411163
395.0 15.20046591758728
396.0 21.09454721212387
397.0 28.51978838443756
398.0 37.018829584121704
399.0 46.43510580062866
400.0 55.79043626785278
401.0 64.76532816886902
402.0 72.97533750534058
403.0 79.80142831802368
404.0 84.85661745071411
405.0 88.54224681854248
406.0 90.68185091018677
407.0 92.29247570037842
408.0 93.3134377002716
409.0 93.83269548416138
410.0 93.98853182792664
411.0 93.81733536720276
412.0 93.50237250328064
413.0 93.29580664634705
414.0 93.08895468711853
415.0 93.28182339668274
416.0 93.61881017684937
417.0 94.00027394294739
418.0 94.50340867042542
419.0 95.05817294120789
420.0 95.53191065788269
421.0 96.14291191101074
422.0 96.28502130508423
423.0 96.46416306495667
424.0 96.29753232002258
425.0 96.14735245704651
426.0 96.15753293037415
427.0 96.18368148803711
428.0 96.02103233337402
429.0 95.8042323589325
430.0 95.68485617637634
431.0 95.7794725894928
432.0 95.814049243927
433.0 95.90224623680115
434.0 95.94140648841858
435.0 96.13258242607117
436.0 96.23658657073975
437.0 96.14537358283997
438.0 96.18979096412659
439.0 96.30771279335022
440.0 96.26525044441223
441.0 96.44814133644104
442.0 96.41240239143372
443.0 96.39379978179932
444.0 96.28551602363586
445.0 96.05274200439453
446.0 95.91771364212036
447.0 95.68500518798828
448.0 95.68737745285034
449.0 95.89751362800598
450.0 96.09308242797852
451.0 96.35738134384155
452.0 96.50099873542786
453.0 96.62440419197083
454.0 96.69713377952576
455.0 96.96654081344604
456.0 97.09076881408691
457.0 97.18448519706726
458.0 97.20957279205322
459.0 97.26157784461975
460.0 97.31043577194214
461.0 97.36865758895874
462.0 97.26225733757019
463.0 97.21832275390625
464.0 97.29542136192322
465.0 97.1975564956665
466.0 97.21974730491638
467.0 97.24438190460205
468.0 97.2800612449646
469.0 97.3021924495697
470.0 97.14575409889221
471.0 96.99300527572632
472.0 97.11823463439941
473.0 96.97288274765015
474.0 96.85549139976501
475.0 96.95670008659363
476.0 96.9700813293457
477.0 97.02429175376892
478.0 97.14511632919312
479.0 97.10261225700378
480.0 97.28792905807495
481.0 97.33673334121704
482.0 97.55074977874756
483.0 97.45845794677734
484.0 97.63776063919067
485.0 97.64278531074524
486.0 97.67035245895386
487.0 97.70452380180359
488.0 97.74208068847656
489.0 97.85776138305664
490.0 97.8120505809784
491.0 97.83831834793091
492.0 97.75430560112
493.0 97.7881908416748
494.0 97.72362112998962
495.0 97.77705073356628
496.0 97.61199355125427
497.0 97.58423566818237
498.0 97.38926887512207
499.0 97.39439487457275
500.0 97.31549620628357
501.0 97.33246564865112
502.0 97.25239872932434
503.0 97.38392233848572
504.0 97.19150066375732
505.0 97.19125032424927
506.0 97.26573824882507
507.0 97.17349410057068
508.0 97.20247983932495
509.0 97.18881249427795
510.0 97.1544623374939
511.0 97.13120460510254
512.0 97.06687331199646
513.0 97.16285467147827
514.0 97.107994556427
515.0 97.12163209915161
516.0 97.26518988609314
517.0 97.26098775863647
518.0 97.31997847557068
519.0 97.30883836746216
520.0 97.3434567451477
521.0 97.45705723762512
522.0 97.45125770568848
523.0 97.43365049362183
524.0 97.44068384170532
525.0 97.41601943969727
526.0 97.48414158821106
527.0 97.43905067443848
528.0 97.55548238754272
529.0 97.62465953826904
530.0 97.63904809951782
531.0 97.75170087814331
532.0 97.66321182250977
533.0 97.68758416175842
534.0 97.65499830245972
535.0 97.43572473526001
536.0 97.0924437046051
537.0 96.48049473762512
538.0 95.67621946334839
539.0 94.23738121986389
540.0 92.50977039337158
541.0 89.83595967292786
542.0 87.04391121864319
543.0 83.34667682647705
544.0 78.70710492134094
545.0 74.583500623703
546.0 69.59329843521118
547.0 65.02096056938171
548.0 60.56480407714844
549.0 56.53935670852661
550.0 53.46222519874573
551.0 50.47142505645752
552.0 48.159271478652954
553.0 45.731931924819946
554.0 42.80483424663544
555.0 39.53508138656616
556.0 35.181352496147156
557.0 30.14506697654724
558.0 24.681682884693146
559.0 19.27631050348282
560.0 14.227579534053802
561.0 9.47345495223999
562.0 6.031680852174759
563.0 3.4789908677339554
564.0 1.9072871655225754
565.0 0.8980059996247292
566.0 0.4858128260821104
567.0 0.24699836503714323
568.0 0.1594211207702756
569.0 0.09860774734988809
570.0 0.07908472907729447
571.0 0.050526094855740666
572.0 0.0490935577545315
573.0 0.032481178641319275
574.0 0.04388548550195992
575.0 0.02823684480972588
576.0 0.03831972135230899
577.0 0.02496656379662454
578.0 0.03436946135479957
579.0 0.01690239441813901
580.0 0.024230295093730092
581.0 0.020642510207835585
582.0 0.03610872372519225
583.0 0.013513106387108564
584.0 0.026188179617747664
585.0 0.012721940584015101
586.0 0.019045808585360646
587.0 0.014454506163019687
588.0 0.012082958710379899
589.0 0.015986002108547837
590.0 0.02436299400869757
591.0 0.017584981105756015
592.0 0.018028019985649735
593.0 0.010641488916007802
594.0 0.016284828598145396
595.0 0.006749253225279972
596.0 0.014469571760855615
597.0 0.002867037255782634
598.0 0.01535382034489885
599.0 0.012219812197145075
600.0 0.007381568138953298
601.0 0.0019841429093503393
602.0 0.0020352495994302444
603.0 0.002086356107611209
604.0 0.0019727176550077274
605.0 0.001859079384303186
606.0 0.001926098957483191
607.0 0.0019931187125621364
608.0 0.0018091781385010108
609.0 0.001625237382540945
610.0 0.001778615842340514
611.0 0.0019319943021400832
612.0 0.001853469802881591
613.0 0.0017749453036230989
614.0 0.0017191527149407193
615.0 0.00166336030815728
616.0 0.0016638277884339914
617.0 0.0016642952687107027
618.0 0.0016170375602087006
619.0 0.0015697803974035196
620.0 0.001572077781020198
621.0 0.0015743753465358168
622.0 0.0014871940948069096
623.0 0.0014000125702295918
624.0 0.0013733498235524166
625.0 0.0013466870768752415
626.0 0.0013160513844923116
627.0 0.0012854158740083221
628.0 0.0013387099897954613
629.0 0.0013920042874815408
630.0 0.0013944383681518957
631.0 0.0013968722669233102
632.0 0.0014070638826524373
633.0 0.0014172555893310346
634.0 0.0013784602742816787
635.0 0.0013396646863839123
636.0 0.0013151571693015285
637.0 0.0012906499250675552
638.0 0.0012110352145100478
639.0 0.0011314203220536
640.0 0.0011683226148306858
641.0 0.001205224634759361
642.0 0.0012030327525280882
643.0 0.0012008408702968154
644.0 0.0011497067134769168
645.0 0.0010985726476064883
646.0 0.001189410704682814
647.0 0.0012802488527086098
648.0 0.0012459388926799875
649.0 0.0012116289326513652
650.0 0.001193515163322445
651.0 0.0011754013939935248
652.0 0.0011842155799968168
653.0 0.001193029856949579
654.0 0.001135949514718959
655.0 0.00107886953628622
656.0 0.0010914238373516127
657.0 0.001103978320315946
658.0 0.001120554588851519
659.0 0.0011371312211849727
660.0 0.0010268548066960648
661.0 0.0009165783012576867
662.0 0.00104999844552367
663.0 0.001183418498840183
664.0 0.001197550318465801
665.0 0.0012116819561924785
666.0 0.0011736427040887065
667.0 0.001135603179136524
668.0 0.0011729297511919867
669.0 0.00121025659609586
670.0 0.0011303854080324527
671.0 0.0010505142199690454
672.0 0.0010973541975545231
673.0 0.0011441940841905307
674.0 0.001102388159779366
675.0 0.0010605821444187313
676.0 0.0010541227311477996
677.0 0.0010476630450284574
678.0 0.001031825286190724
679.0 0.001015987709251931
680.0 0.0010111054507433437
681.0 0.001006223465083167
682.0 0.001033117496263003
683.0 0.0010600117093417794
684.0 0.0009904683793138247
685.0 0.0009209252311848104
686.0 0.0009838048754318152
687.0 0.0010466844287293497
688.0 0.0010222901437373366
689.0 0.0009978957677958533
690.0 0.0010236914022243582
691.0 0.001049487036652863
692.0 0.001045218959916383
693.0 0.0010409509741293732
694.0 0.0011195728802704252
695.0 0.0011981948773609474
696.0 0.0011897488548129331
697.0 0.0011813027413154487
698.0 0.0011867859029734973
699.0 0.0011922688827326056
700.0 0.0011576157703530043
701.0 0.0011229627489228733
702.0 0.0012247387530806009
703.0 0.0013265146662888583
704.0 0.001224653169629164
705.0 0.0011227914910705294
706.0 0.0011258258382440545
707.0 0.0011288602763670497
708.0 0.0011581720173126087
709.0 0.0011874840311065782
710.0 0.001190121201943839
711.0 0.0011927589184779208
712.0 0.0011897045624209568
713.0 0.0011866502063639928
714.0 0.0012713376236206386
715.0 0.0013560248589783441
716.0 0.0014885051314195152
717.0 0.0016209854948101565
718.0 0.001904686723719351
719.0 0.002188388134527486
720.0 0.0018622558854985982
721.0 0.0015361234545707703
722.0 0.0015062586498970632
723.0 0.0014763940271222964
724.0 0.00157978902279865
725.0 0.0016831838365760632
726.0 0.001771270763128996
727.0 0.0018593575077829883
728.0 0.001986702045542188
729.0 0.002114046765200328
730.0 0.0021164898498682305
731.0 0.002118932934536133
732.0 0.0019189366867067292
733.0 0.0017189409845741466
734.0 0.0014917095541022718
735.0 0.0012644780326809268
736.0 0.0011830043149529956
737.0 0.0011015307791240048
738.0 0.001012310167425312
739.0 0.00092308982857503
740.0 0.0008875364983396139
741.0 0.0008519829862052575
742.0 0.0008698329111211933
743.0 0.0008876831088855397
744.0 0.0009420392416359391
745.0 0.0009963955562852789
746.0 0.0008841859198582824
747.0 0.0007719761924818158
748.0 0.000872971759235952
749.0 0.0009739672350406181
750.0 0.0009709132427815348
751.0 0.0009678594324213918
752.0 0.0008671036994201131
753.0 0.0007663479664188344
754.0 0.0008153435373969842
755.0 0.000864339108375134
756.0 0.0008380386134376749
757.0 0.0008117381185002159
758.0 0.0008098479156615213
759.0 0.0008079578037722968
760.0 0.0008162673111655749
761.0 0.0008245765457104426
762.0 0.0007477787676180014
763.0 0.0006709809440508252
764.0 0.0007291356723726494
765.0 0.0007872905371186789
766.0 0.0007267849923664471
767.0 0.000666279265715275
768.0 0.0006390525413735304
769.0 0.0006118256806075806
770.0 0.0006233488420548383
771.0 0.000634872003502096
772.0 0.000606147068538121
773.0 0.0005774221335741458
774.0 0.0006370046321535483
775.0 0.0006965871307329508
776.0 0.0006934765679034172
777.0 0.0006903658686496783
778.0 0.000656223119221977
779.0 0.0006220804607437458
780.0 0.0006010259767208481
781.0 0.0005799715836474206
782.0 0.0005539768153539626
783.0 0.0005279820470605046
784.0 0.0005007993877370609
785.0 0.00047361668293888215
786.0 0.0004742259989143349
787.0 0.0004748354058392579
788.0 0.00040916115722211543
789.0 0.0003434869995544432
790.0 0.0004518688456300879
791.0 0.0005602506917057326
792.0 0.00043640043259074446
793.0 0.00031255019621312385
794.0 0.0002823745489877183
795.0 0.00025219885628757766
796.0 0.00035244129321654327
797.0 0.00045268370740814134
798.0 0.00040463346522301435
799.0 0.00035658322303788736
800.0 0.00041627126847743057
801.0 0.00047595940486644395
802.0 0.00038816197047708556
803.0 0.0003003645360877272
804.0 0.00037032068576081656
805.0 0.00044027683543390594
806.0 0.0004139837074035313
807.0 0.00038769062484789174
808.0 0.00037599306779156905
809.0 0.00036429551073524635
810.0 0.00030270689421740826
811.0 0.00024111823222483508
812.0 0.00033441629057051614
813.0 0.0004277143943909323
814.0 0.0003860137439914979
815.0 0.0003443131390667986
816.0 0.0003972547347075306
817.0 0.0004501962393987924
818.0 0.000419211937696673
819.0 0.00038822763599455357
820.0 0.0003989733613707358
821.0 0.00040971908674691804
822.0 0.0005115781732456526
823.0 0.0006134372597443871
824.0 0.00048412816795462277
825.0 0.00035481898521538824
826.0 0.0004742048076877836
827.0 0.0005935905846854439
828.0 0.0004984648512618151
829.0 0.0004033390723634511
830.0 0.00042210185711155646
831.0 0.0004408646418596618
832.0 0.0004519388312473893
833.0 0.00046301306610985193
834.0 0.00035301491152495146
835.0 0.00024301680241478607
836.0 0.0003885572368744761
837.0 0.0005340976713341661
838.0 0.0005228031568549341
839.0 0.0005115086878504371
840.0 0.0004982684458809672
841.0 0.0004850281129620271
842.0 0.0003961864877055632
843.0 0.00030734477149962913
844.0 0.00033063724913517945
845.0 0.0003539297495080973
846.0 0.0003624500095611438
847.0 0.0003709702923515579
848.0 0.00044799617171520367
849.0 0.0005250220510788495
850.0 0.000475920433018473
851.0 0.0004268187694833614
852.0 0.00039807800931157544
853.0 0.00036933718092768686
854.0 0.0005313841484166915
855.0 0.0006934310476935934
856.0 0.0004971011549059767
857.0 0.0003007712393809925
858.0 0.00032417808597529074
859.0 0.000347584932569589
860.0 0.00036949327295587864
861.0 0.00039140159060480073
862.0 0.00047748098950251006
863.0 0.0005635603429254843
864.0 0.0005684372808900662
865.0 0.000573314173379913
866.0 0.0005967010110907722
867.0 0.0006200877578521613
868.0 0.0005625430276268162
869.0 0.000504998251926736
870.0 0.00045555025280918926
871.0 0.00040610220821690746
872.0 0.00039618307710043155
873.0 0.00038626390050922055
874.0 0.000499511816087761
875.0 0.0006127596861915663
876.0 0.0005454630809254013
877.0 0.0004781664756592363
878.0 0.0005226024768489879
879.0 0.0005670384780387394
880.0 0.0006538371508213459
881.0 0.0007406360055028927
882.0 0.0005612844233837677
883.0 0.00038193297768884804
884.0 0.00043115223888889886
885.0 0.0004803715455636848
886.0 0.0005952671472186921
887.0 0.0007101628852979047
888.0 0.0006978609235375188
889.0 0.0006855589163023978
890.0 0.0006589225449715741
891.0 0.0006322861281660153
892.0 0.0006517283509310801
893.0 0.000671170664645615
894.0 0.0005875034275959479
895.0 0.0005038362814957509
896.0 0.00036727935821545543
897.0 0.00023072245767252753
898.0 0.00033160306429635966
899.0 0.00043248364818282425
900.0 0.0003800398644671077
901.0 0.00032759608075139113
902.0 0.0004217597052047495
903.0 0.0005159233296581078
904.0 0.00040758491195447277
905.0 0.00029924651698820526
906.0 0.0004619502760760952
