lsstCam/transmission_filter_detector/r23_s12/i_39/19700101T000000.ecsv
# %ECSV 1.0
# ---
# datatype:
# - {name: wavelength, unit: nm, datatype: float32}
# - {name: efficiency, unit: '%', datatype: float64}
# meta: !!omap
# - {MODE: DETECTOR}
# - {TYPE: transmission_filter_detector}
# - {CALIBDATE: '1970-01-01T00:00:00'}
# - {INSTRUME: LSSTCam}
# - {OBSTYPE: transmission_filter_detector}
# - {CALIBCLS: lsst.ip.isr.IntermediateFilterDetectorTransmissionCurve}
# - {SOURCE: Materion (DM-46256)}
# - {DETECTOR: 104}
# - {FILTER: i_39}
# - {CALIB_ID: 'calibDate=1970-01-01T00:00:00 filter=i_39 detector=104'}
# - {DATE: '2025-04-02T15:59:46.962420'}
# - {CALIB_CREATION_DATE: '2025-04-02'}
# - {CALIB_CREATION_TIME: '15:59:46'}
# - __serialized_columns__:
#     efficiency:
#       __class__: astropy.units.quantity.Quantity
#       unit: !astropy.units.Unit {unit: '%'}
#       value: !astropy.table.SerializedColumn {name: efficiency}
#     wavelength:
#       __class__: astropy.units.quantity.Quantity
#       unit: !astropy.units.Unit {unit: nm}
#       value: !astropy.table.SerializedColumn {name: wavelength}
# schema: astropy-2.0
wavelength efficiency
300.0 0.0506117008626461
301.0 0.019759670249186456
302.0 1.5772373641517734e-10
303.0 0.012216823233757168
304.0 0.035525980638340116
305.0 0.02627455978654325
306.0 0.017023138934746385
307.0 0.010178802767768502
308.0 0.0033344695111736655
309.0 0.00196734272321919
310.0 0.0006002162990625948
311.0 1.5772373641517734e-10
312.0 1.5772373641517734e-10
313.0 1.5772373641517734e-10
314.0 1.5772373641517734e-10
315.0 1.5772373641517734e-10
316.0 1.5772373641517734e-10
317.0 1.5772373641517734e-10
318.0 0.0001618182750462438
319.0 1.5772373641517734e-10
320.0 1.5772373641517734e-10
321.0 1.5772373641517734e-10
322.0 1.5772373641517734e-10
323.0 1.5772373641517734e-10
324.0 1.5772373641517734e-10
325.0 1.5772373641517734e-10
326.0 1.5772373641517734e-10
327.0 1.5772373641517734e-10
328.0 1.5772373641517734e-10
329.0 1.5772373641517734e-10
330.0 1.5772373641517734e-10
331.0 0.000500310534334858
332.0 0.0012147396773798391
333.0 0.00047064709178812336
334.0 1.5772373641517734e-10
335.0 0.00026586290005070623
336.0 0.0008051712029555347
337.0 0.0009629980922909454
338.0 0.0011208240721316542
339.0 0.0015248951058310922
340.0 0.0019289662304800004
341.0 1.5772373641517734e-10
342.0 1.5772373641517734e-10
343.0 1.5772373641517734e-10
344.0 0.0018302409444004297
345.0 0.0006622079126827884
346.0 1.5772373641517734e-10
347.0 1.5772373641517734e-10
348.0 1.5772373641517734e-10
349.0 1.5772373641517734e-10
350.0 1.5772373641517734e-10
351.0 0.0001299744440075301
352.0 0.00042161518649663776
353.0 1.5772373641517734e-10
354.0 1.5772373641517734e-10
355.0 1.5772373641517734e-10
356.0 0.0001134434114646865
357.0 0.0006372314601321705
358.0 0.0011610196452238597
359.0 0.000710297945261118
360.0 0.00025957606339943595
361.0 0.00043533987081900705
362.0 0.0006111036782385781
363.0 0.0004768656708620256
364.0 0.0003426277089602081
365.0 0.0004401637397677405
366.0 0.0005377000888984185
367.0 0.0002644190089995391
368.0 1.5772373641517734e-10
369.0 0.0005882004188606516
370.0 0.0011852630450448487
371.0 0.0008608388270658907
372.0 0.0005364145636121975
373.0 0.0008194841939257458
374.0 0.0011025535968656186
375.0 0.0005204279204917839
376.0 1.5772373641517734e-10
377.0 5.957899702480063e-05
378.0 0.00018085595456796
379.0 9.155205020761059e-05
380.0 2.248110320124397e-06
381.0 1.5772373641517734e-10
382.0 1.5772373641517734e-10
383.0 0.0001743292386890971
384.0 0.0009249341928807553
385.0 0.0005471395979839144
386.0 0.0001693450258244411
387.0 1.5772373641517734e-10
388.0 1.5772373641517734e-10
389.0 1.5772373641517734e-10
390.0 1.5772373641517734e-10
391.0 1.5772373641517734e-10
392.0 0.00014163782680043369
393.0 0.00010362962257204344
394.0 6.56215036087815e-05
395.0 7.80444622705545e-05
396.0 9.046758009390032e-05
397.0 0.00022555655050382484
398.0 0.0003606456175475614
399.0 0.0007066747457429301
400.0 0.0010527039194130339
401.0 0.0027370893803890795
402.0 0.004421473931870423
403.0 0.004894318772130646
404.0 0.005367165067582391
405.0 0.0040736969822319224
406.0 0.002780229078780394
407.0 0.002024396053457167
408.0 0.0012685617548413575
409.0 0.000919348076422466
410.0 0.0005701333975594025
411.0 0.003392743383301422
412.0 0.0062153543694876134
413.0 0.0046048382500885054
414.0 0.002994322858285159
415.0 0.004251071004546247
416.0 0.005507819150807336
417.0 0.003961921902373433
418.0 0.0024160248358384706
419.0 0.002998662239406258
420.0 0.0035812994610751048
421.0 0.0041348484955960885
422.0 0.004688397893914953
423.0 0.004949714275426231
424.0 0.005211030293139629
425.0 0.0052847466577077284
426.0 0.005358461930882186
427.0 0.004764573532156646
428.0 0.004170684769633226
429.0 0.0043305455619702116
430.0 0.004490406718105078
431.0 0.003569619730114937
432.0 0.002648833287821617
433.0 0.0025565625037415884
434.0 0.0024642919015605003
435.0 0.0018931117665488273
436.0 0.0013219313586887438
437.0 0.001494529533374589
438.0 0.0016671277990099043
439.0 0.0015298614016501233
440.0 0.001392594822391402
441.0 0.0009722131835587788
442.0 0.0005518318175745662
443.0 0.0008398711543122772
444.0 0.0011279106729489285
445.0 0.0009285815394832753
446.0 0.0007292524969670922
447.0 0.0005135619630891597
448.0 0.00029787138373649213
449.0 1.5772373641517734e-10
450.0 1.5772373641517734e-10
451.0 7.116389610928309e-05
452.0 0.0005128404154675081
453.0 0.0008382748092117254
454.0 0.001163709384854883
455.0 0.0010359386578784324
456.0 0.0009081680218514521
457.0 0.0007342612207139609
458.0 0.0005603544195764698
459.0 0.0003401751882847748
460.0 0.0001199958092001907
461.0 0.0003440794216658105
462.0 0.0005681630682374816
463.0 0.0004404937499202788
464.0 0.0003128243633909733
465.0 8.287517516691878e-05
466.0 1.5772373641517734e-10
467.0 0.0002856335640899488
468.0 0.0007183410616562469
469.0 0.0006136709998827428
470.0 0.0005090008926345035
471.0 0.00040404747778666206
472.0 0.00029909406293882057
473.0 0.0006128257609816501
474.0 0.00092655764092342
475.0 0.0007519689916080097
476.0 0.0005773803422925994
477.0 0.0009804680303204805
478.0 0.0013835556273988914
479.0 0.001457062353438232
480.0 0.0015305689885281026
481.0 0.002602777021820657
482.0 0.00367498432751745
483.0 0.0051781735237454996
484.0 0.006681362719973549
485.0 0.007377292786259204
486.0 0.008073222124949098
487.0 0.011086856829933822
488.0 0.014100491534918547
489.0 0.01711879449430853
490.0 0.020137095998506993
491.0 0.021934026153758168
492.0 0.023730957764200866
493.0 0.024915154790505767
494.0 0.026099351816810668
495.0 0.023358355974778533
496.0 0.020617357222363353
497.0 0.01723081077216193
498.0 0.013844264321960509
499.0 0.009687065903563052
500.0 0.0055298693041549996
501.0 0.0038841302739456296
502.0 0.0022383917894330807
503.0 0.002264669456053525
504.0 0.0022909469407750294
505.0 0.0019283086658106185
506.0 0.0015656703908462077
507.0 0.001811822221498005
508.0 0.0020579740521498024
509.0 0.0022176986021804623
510.0 0.0023774233341100626
511.0 0.0019204400814487599
512.0 0.0014634569197369274
513.0 0.0017585756722837687
514.0 0.00205369451578008
515.0 0.002435768510622438
516.0 0.002817842505464796
517.0 0.002515760570531711
518.0 0.002213678635598626
519.0 0.0020643927200580947
520.0 0.0019151068045175634
521.0 0.0017076341464417055
522.0 0.0015001613974163774
523.0 0.001604119097464718
524.0 0.0017080772522604093
525.0 0.0021217942048679106
526.0 0.0025355115212732926
527.0 0.002529233643144835
528.0 0.0025229561288142577
529.0 0.002196310379076749
530.0 0.0018696642655413598
531.0 0.0017628955902182497
532.0 0.0016561272786930203
533.0 0.0017016876881825738
534.0 0.0017472482795710675
535.0 0.0018165823348681442
536.0 0.0018859162082662806
537.0 0.0024141980247804895
538.0 0.002942479659395758
539.0 0.003676058622659184
540.0 0.00440963776782155
541.0 0.005112991857458837
542.0 0.005816346674691886
543.0 0.005253151539363898
544.0 0.004689956404035911
545.0 0.003734190613613464
546.0 0.0027784250050899573
547.0 0.002264985960209742
548.0 0.0017515467334305868
549.0 0.001772615360096097
550.0 0.001793684350559488
551.0 0.0015645331586711109
552.0 0.0013353821486816742
553.0 0.0013920114724896848
554.0 0.0014486407053482253
555.0 0.0010086241672979668
556.0 0.0005686074473487679
557.0 0.0007019749773462536
558.0 0.0008353425073437393
559.0 0.0005405495812738081
560.0 0.0002457565869917744
561.0 0.0008339954547409434
562.0 0.0014222344361769501
563.0 0.001487679128331365
564.0 0.0015531239114352502
565.0 0.0014153399206406903
566.0 0.0012775562026945408
567.0 0.0010215570910077076
568.0 0.0007655581612198148
569.0 0.0007247105259011732
570.0 0.0006838627996330615
571.0 0.0005902297289139824
572.0 0.0004965966127201682
573.0 0.00046403110900428146
574.0 0.00043146555981365964
575.0 0.0005093006620882079
576.0 0.0005871357643627562
577.0 0.0005328796760295518
578.0 0.00047862367864581756
579.0 0.0003550184146661195
580.0 0.0002314132416358916
581.0 0.0002660746531546465
582.0 0.0003007360646734014
583.0 0.0004867895313509507
584.0 0.0006728429525537649
585.0 0.0007010322406131309
586.0 0.0007292217105714371
587.0 0.0007215426194306929
588.0 0.0007138634828152135
589.0 0.0006079535978642525
590.0 0.0005020437583880266
591.0 0.0006530191512865713
592.0 0.0008039946806093212
593.0 0.0005832946044392884
594.0 0.00036259448279452045
595.0 0.0004953795269102557
596.0 0.0006281644800765207
597.0 0.000568917357668397
598.0 0.0005096701897855382
599.0 0.0004273554623068776
600.0 0.0003450407120908494
601.0 0.00034904255699075293
602.0 0.00035304435641592136
603.0 0.00037516506381507497
604.0 0.00039728565752739087
605.0 0.00030438436624535825
606.0 0.00021148307496332563
607.0 0.00036566077596944524
608.0 0.0005198384769755648
609.0 0.0005304190381139051
610.0 0.0005409993718785699
611.0 0.0006060929536033655
612.0 0.000671186535328161
613.0 0.00044588223317987286
614.0 0.00022057804471842246
615.0 0.00015706162912465516
616.0 9.354521921522974e-05
617.0 0.00025743725018401165
618.0 0.00042132933231187053
619.0 0.0003600043783080764
620.0 0.00029867951525375247
621.0 0.00034204399526061025
622.0 0.0003854085207422031
623.0 0.00043887766878469847
624.0 0.0004923468623019289
625.0 0.0004082251507497858
626.0 0.0003241034846723778
627.0 0.0002891885515055037
628.0 0.00025427359560126206
629.0 0.00036110400287725497
630.0 0.0004679344328906154
631.0 0.0005034799414715962
632.0 0.0005390253591031069
633.0 0.0005042312750447309
634.0 0.00046943710003688466
635.0 0.0004540339887171285
636.0 0.0004386308319226373
637.0 0.0005096891982248053
638.0 0.0005807475190522382
639.0 0.000674402463118895
640.0 0.0007680573617108166
641.0 0.0006503033091576071
642.0 0.0005325493020791328
643.0 0.0007282484602910699
644.0 0.0009239477549272124
645.0 0.0008747437277634162
646.0 0.0008255398824985605
647.0 0.000783713494456606
648.0 0.0007418871973641217
649.0 0.0008062384949880652
650.0 0.0008705898835614789
651.0 0.0009120567483478226
652.0 0.0009535237040836364
653.0 0.0010961844054691028
654.0 0.0012388451978040393
655.0 0.0017007751011988148
656.0 0.0021627050955430605
657.0 0.003295121859991923
658.0 0.004427538442541845
659.0 0.007155312050599605
660.0 0.09137593442574143
661.0 0.09547837544232607
662.0 0.07345186895690858
663.0 0.08070628391578794
664.0 0.11094827204942703
665.0 0.09626018581911922
666.0 0.15875014942139387
667.0 0.23787233512848616
668.0 0.2257626736536622
669.0 0.3272233996540308
670.0 0.4084034822881222
671.0 0.6728153675794601
672.0 1.111340243369341
673.0 1.7396632581949234
674.0 2.509869635105133
675.0 3.5122189670801163
676.0 4.593183100223541
677.0 5.984224379062653
678.0 7.354090362787247
679.0 8.822131156921387
680.0 10.865747183561325
681.0 13.052831590175629
682.0 15.614926815032959
683.0 18.41580420732498
684.0 21.323120594024658
685.0 24.31783378124237
686.0 27.299848198890686
687.0 30.62644600868225
688.0 34.04029309749603
689.0 37.5176727771759
690.0 41.64385795593262
691.0 46.011173725128174
692.0 51.211702823638916
693.0 56.5843939781189
694.0 62.749093770980835
695.0 68.42135190963745
696.0 74.61414337158203
697.0 80.05403876304626
698.0 85.55365204811096
699.0 89.6335244178772
700.0 92.64766573905945
701.0 94.89338994026184
702.0 96.30146622657776
703.0 97.1083402633667
704.0 97.4125623703003
705.0 97.73944616317749
706.0 97.70373106002808
707.0 97.80828356742859
708.0 97.84972071647644
709.0 97.91856408119202
710.0 97.689688205719
711.0 97.9668378829956
712.0 97.80775308609009
713.0 97.99731969833374
714.0 98.00629019737244
715.0 98.14348220825195
716.0 97.82435894012451
717.0 98.1031596660614
718.0 98.15114736557007
719.0 98.03222417831421
720.0 98.30408096313477
721.0 98.15865159034729
722.0 97.82781600952148
723.0 97.63540029525757
724.0 97.38141894340515
725.0 97.00309634208679
726.0 96.81400060653687
727.0 96.65696620941162
728.0 96.44259214401245
729.0 96.24513983726501
730.0 96.35085463523865
731.0 96.3610291481018
732.0 96.4395821094513
733.0 96.733558177948
734.0 97.09134697914124
735.0 97.24306464195251
736.0 97.59508967399597
737.0 98.01498651504517
738.0 98.18298816680908
739.0 98.54757785797119
740.0 98.63722324371338
741.0 98.44467043876648
742.0 98.82402420043945
743.0 98.66899847984314
744.0 98.4931230545044
745.0 98.46612811088562
746.0 98.46387505531311
747.0 98.68538975715637
748.0 98.5965371131897
749.0 98.4068512916565
750.0 98.4163224697113
751.0 98.35440516471863
752.0 98.32425713539124
753.0 98.53231310844421
754.0 98.40249419212341
755.0 98.56435656547546
756.0 98.59166145324707
757.0 98.54082465171814
758.0 98.60050678253174
759.0 98.74991178512573
760.0 98.59920144081116
761.0 98.5629141330719
762.0 98.67357611656189
763.0 98.58031272888184
764.0 98.53963851928711
765.0 98.44404458999634
766.0 98.48180413246155
767.0 98.28705191612244
768.0 98.22289943695068
769.0 98.26130270957947
770.0 97.96583652496338
771.0 98.016756772995
772.0 98.04601669311523
773.0 97.86844849586487
774.0 97.6425051689148
775.0 97.8165328502655
776.0 97.72345423698425
777.0 97.77357578277588
778.0 97.84364700317383
779.0 97.94543385505676
780.0 97.89217710494995
781.0 98.23180437088013
782.0 98.15793633460999
783.0 98.23862314224243
784.0 98.25519323348999
785.0 98.42008948326111
786.0 98.58688116073608
787.0 98.33545088768005
788.0 98.36372137069702
789.0 98.44976663589478
790.0 98.34468364715576
791.0 98.3643651008606
792.0 98.27303290367126
793.0 98.17959070205688
794.0 98.07283282279968
795.0 97.9452908039093
796.0 97.8852391242981
797.0 97.9788064956665
798.0 97.80445694923401
799.0 97.6827085018158
800.0 97.4866509437561
801.0 97.43578433990479
802.0 97.31876850128174
803.0 96.99779152870178
804.0 96.59395813941956
805.0 95.89512944221497
806.0 95.17629742622375
807.0 93.98907423019409
808.0 92.49044060707092
809.0 90.85399508476257
810.0 88.93455862998962
811.0 86.50983572006226
812.0 83.62743854522705
813.0 80.37523627281189
814.0 76.57294869422913
815.0 72.52939939498901
816.0 68.31845045089722
817.0 63.67602348327637
818.0 58.687520027160645
819.0 54.478663206100464
820.0 49.659207463264465
821.0 45.24489939212799
822.0 40.82885980606079
823.0 36.24877333641052
824.0 31.67862296104431
825.0 27.49323546886444
826.0 23.16996604204178
827.0 18.657180666923523
828.0 14.706273376941681
829.0 10.993169993162155
830.0 7.542973011732101
831.0 5.195381119847298
832.0 3.2344456762075424
833.0 1.9105378538370132
834.0 1.1283336207270622
835.0 0.6230355706065893
836.0 0.40181223303079605
837.0 0.24343847762793303
838.0 0.14493337366729975
839.0 0.09969270322471857
840.0 0.0744817138183862
841.0 0.035074620973318815
842.0 0.014564272714778781
843.0 1.5772373641517734e-10
844.0 0.018146763613913208
845.0 1.5772373641517734e-10
846.0 1.5772373641517734e-10
847.0 1.5772373641517734e-10
848.0 1.5772373641517734e-10
849.0 1.5772373641517734e-10
850.0 0.003697716965689324
851.0 0.00013536169944927678
852.0 0.0003769258228203398
853.0 0.00035016710171476007
854.0 0.0003234085170333856
855.0 0.00046658260544063523
856.0 0.0006097567165852524
857.0 0.00042162118916166946
858.0 0.00023348538888967596
859.0 1.4404520243260777e-05
860.0 1.5772373641517734e-10
861.0 3.465772522304178e-05
862.0 0.0002739917817962123
863.0 4.456056501567218e-05
864.0 1.5772373641517734e-10
865.0 1.5772373641517734e-10
866.0 1.5772373641517734e-10
867.0 1.5772373641517734e-10
868.0 2.578180442469602e-05
869.0 1.5772373641517734e-10
870.0 1.5772373641517734e-10
871.0 2.9804294854329783e-05
872.0 0.00012288177231312147
873.0 0.00017827331930675427
874.0 0.0002336648549317033
875.0 0.00014079433867664193
876.0 4.792385652763187e-05
877.0 1.5772373641517734e-10
878.0 1.5772373641517734e-10
879.0 4.300833467141274e-06
880.0 0.0002421160615995177
881.0 9.893625474433065e-05
882.0 1.5772373641517734e-10
883.0 4.6858264113325276e-05
884.0 0.0001379600576001394
885.0 1.5461397140370536e-05
886.0 1.5772373641517734e-10
887.0 1.5772373641517734e-10
888.0 1.5772373641517734e-10
889.0 1.5772373641517734e-10
890.0 1.5772373641517734e-10
891.0 3.808978590313927e-05
892.0 0.00022503968466480728
893.0 0.00010477305067979614
894.0 1.5772373641517734e-10
895.0 1.5772373641517734e-10
