lsstCam/transmission_filter_detector/r23_s12/i_39/19700101T000000.ecsv
# %ECSV 1.0
# ---
# datatype:
# - {name: wavelength, unit: nm, datatype: float32}
# - {name: efficiency, unit: '%', datatype: float64}
# meta: !!omap
# - {MODE: DETECTOR}
# - {TYPE: transmission_filter_detector}
# - {CALIBDATE: '1970-01-01T00:00:00'}
# - {INSTRUME: LSSTCam}
# - {OBSTYPE: transmission_filter_detector}
# - {CALIBCLS: lsst.ip.isr.IntermediateFilterDetectorTransmissionCurve}
# - {SOURCE: Materion (DM-46256)}
# - {DETECTOR: 104}
# - {FILTER: i_39}
# - {CALIB_ID: 'calibDate=1970-01-01T00:00:00 filter=i_39 detector=104'}
# - {DATE: '2025-04-02T15:59:46.962420'}
# - {CALIB_CREATION_DATE: '2025-04-02'}
# - {CALIB_CREATION_TIME: '15:59:46'}
# - __serialized_columns__:
#     efficiency:
#       __class__: astropy.units.quantity.Quantity
#       unit: !astropy.units.Unit {unit: '%'}
#       value: !astropy.table.SerializedColumn {name: efficiency}
#     wavelength:
#       __class__: astropy.units.quantity.Quantity
#       unit: !astropy.units.Unit {unit: nm}
#       value: !astropy.table.SerializedColumn {name: wavelength}
# schema: astropy-2.0
wavelength efficiency
[from data line 597]
897.0 1.5772373641517734e-10
898.0 1.5772373641517734e-10
899.0 1.5772373641517734e-10
900.0 1.5772373641517734e-10
901.0 1.5772373641517734e-10
902.0 1.5772373641517734e-10
903.0 1.5772373641517734e-10
904.0 1.5772373641517734e-10
905.0 1.5772373641517734e-10
906.0 1.5772373641517734e-10
907.0 5.064495098849875e-05
908.0 0.00010468482969372417
909.0 3.2112322401189886e-05
910.0 1.5772373641517734e-10
911.0 4.532471677975991e-05
912.0 0.00013110961845086422
913.0 0.00012303289622650482
914.0 0.00011495617400214542
915.0 9.939815015513886e-06
916.0 1.5772373641517734e-10
917.0 1.5772373641517734e-10
918.0 1.5772373641517734e-10
919.0 1.5772373641517734e-10
920.0 5.2365084002303774e-05
921.0 5.8219325183017645e-05
922.0 6.407355499504774e-05
923.0 1.5772373641517734e-10
924.0 1.5772373641517734e-10
925.0 5.8468833685765276e-05
926.0 0.0002279216232636827
927.0 1.7271753804948276e-06
928.0 1.5772373641517734e-10
929.0 1.5772373641517734e-10
930.0 0.0001612687583474326
931.0 0.00013072157116766903
932.0 0.00010017438398790546
933.0 2.3047554975619278e-05
934.0 1.5772373641517734e-10
935.0 1.5772373641517734e-10
936.0 1.5772373641517734e-10
937.0 1.5772373641517734e-10
938.0 1.5772373641517734e-10
939.0 1.5772373641517734e-10
940.0 1.5772373641517734e-10
941.0 1.5772373641517734e-10
942.0 1.0730324362384636e-05
943.0 1.5772373641517734e-10
944.0 1.5772373641517734e-10
945.0 1.5772373641517734e-10
946.0 1.5772373641517734e-10
947.0 1.5772373641517734e-10
948.0 1.5772373641517734e-10
949.0 1.5772373641517734e-10
950.0 1.5772373641517734e-10
951.0 1.5772373641517734e-10
952.0 3.6214137821843906e-05
953.0 1.5772373641517734e-10
954.0 1.5772373641517734e-10
955.0 1.5772373641517734e-10
956.0 5.969664016447496e-05
957.0 4.741553993881098e-05
958.0 3.5134414133608516e-05
959.0 4.1319873389511486e-05
960.0 4.750534401409823e-05
961.0 3.7076219427945034e-05
962.0 2.6647097683962784e-05
963.0 5.325214260665234e-05
964.0 7.985720458236756e-05
965.0 1.920615915196322e-05
966.0 1.5772373641517734e-10
967.0 1.5772373641517734e-10
968.0 1.5772373641517734e-10
969.0 1.5772373641517734e-10
970.0 3.958795389280567e-05
971.0 1.5772373641517734e-10
972.0 1.5772373641517734e-10
973.0 1.5772373641517734e-10
974.0 0.00016247994381046738
975.0 5.375082992031821e-05
976.0 1.5772373641517734e-10
977.0 1.5772373641517734e-10
978.0 1.7376312611006028e-07
979.0 1.5772373641517734e-10
980.0 1.5772373641517734e-10
981.0 1.5772373641517734e-10
982.0 1.5772373641517734e-10
983.0 1.5772373641517734e-10
984.0 1.5772373641517734e-10
985.0 5.095554200806873e-06
986.0 0.00012591677887030528
987.0 1.5772373641517734e-10
988.0 1.5772373641517734e-10
989.0 1.5772373641517734e-10
990.0 1.5772373641517734e-10
991.0 1.5772373641517734e-10
992.0 1.5772373641517734e-10
993.0 1.5772373641517734e-10
994.0 9.287101221389094e-06
995.0 1.5772373641517734e-10
996.0 1.5772373641517734e-10
997.0 8.039698968786979e-05
998.0 0.00022723627353116171
999.0 0.00018955315681523643
1000.0 0.0001518699832558923
1001.0 0.0001419478621755843
1002.0 0.00013202568425185746
1003.0 0.00014538989034917904
1004.0 0.00015875408507781685
1005.0 0.00011643135167105356
1006.0 7.410856142087141e-05
1007.0 0.00013355548844629084
1008.0 0.0001930024382090778
1009.0 0.00023830350528442068
1010.0 0.0002836045041476609
1011.0 0.00030719909318577265
1012.0 0.0003307936367491493
1013.0 0.00024524342734366655
1014.0 0.00015969325204423512
1015.0 0.00023956108634592965
1016.0 0.00031942893201630795
1017.0 0.000305503840536403
1018.0 0.0002915788172686007
1019.0 0.00024163152829714818
1020.0 0.00019168419385096058
1021.0 0.00021404173367045587
1022.0 0.00023639927348995116
1023.0 0.00029722682484134566
1024.0 0.0003580543989301077
1025.0 0.00036840092434431426
1026.0 0.0003787474042837857
1027.0 0.00034932984362967545
1028.0 0.0003199122829755652
1029.0 0.0008620929293101653
1030.0 0.001404273552907398
1031.0 0.0018089713194058277
1032.0 0.0022136686311569065
1033.0 0.0023910353775136173
1034.0 0.0025684017600724474
1035.0 0.003123471833532676
1036.0 0.003678541543195024
1037.0 0.0035855340684065595
1038.0 0.003492526593618095
1039.0 0.0030551233066944405
1040.0 0.002617720383568667
1041.0 0.0024563067199778743
1042.0 0.002294893238286022
1043.0 0.00287585862679407
1044.0 0.0034568238334031776
1045.0 0.003489411756163463
1046.0 0.0035219996789237484
1047.0 0.003125649891444482
1048.0 0.002729299922066275
1049.0 0.002355460310354829
1050.0 0.001981620880542323
1051.0 0.0018804114006343298
1052.0 0.0017792024664231576
1053.0 0.0014013984582561534
1054.0 0.0010235944500891492
1055.0 0.0010108446986123454
1056.0 0.0009980948561860714
1057.0 0.0007555941465398064
1058.0 0.0005130937097419519
1059.0 0.0007930669198685791
1060.0 0.0010730402209446765
1061.0 0.0015873723896220326
1062.0 0.0021017043764004484
1063.0 0.002534156919864472
1064.0 0.0029666094633284956
1065.0 0.0033926640753634274
1066.0 0.00381871905119624
1067.0 0.0043859443394467235
1068.0 0.004953169991495088
1069.0 0.0040946932131191716
1070.0 0.0032362160709453747
1071.0 0.0031665775168221444
1072.0 0.003096938962698914
1073.0 0.0030423709176830016
1074.0 0.0029878026907681488
1075.0 0.003413594822632149
1076.0 0.0038393871363950893
1077.0 0.0032293348340317607
1078.0 0.002619282531668432
1079.0 0.0025904702852130868
1080.0 0.0025616580387577415
1081.0 0.001779376543709077
1082.0 0.0009970952305593528
1083.0 0.0005278210664982907
1084.0 5.85469479119638e-05
1085.0 0.0006097156983742025
1086.0 0.0011608846762101166
1087.0 0.00046299892346723936
1088.0 1.5772373641517734e-10
1089.0 1.5772373641517734e-10
1090.0 1.5772373641517734e-10
1091.0 1.5772373641517734e-10
1092.0 1.5772373641517734e-10
1093.0 1.5772373641517734e-10
1094.0 1.5772373641517734e-10
1095.0 1.5772373641517734e-10
1096.0 1.5772373641517734e-10
1097.0 1.5772373641517734e-10
1098.0 1.5772373641517734e-10
1099.0 0.00011484549986562342
1100.0 0.001071544556907611
