lsstCam/transmission_filter_detector/r13_s12/r_57/19700101T000000.ecsv
# %ECSV 1.0
# ---
# datatype:
# - {name: wavelength, unit: nm, datatype: float32}
# - {name: efficiency, unit: '%', datatype: float64}
# meta: !!omap
# - {MODE: DETECTOR}
# - {TYPE: transmission_filter_detector}
# - {CALIBDATE: '1970-01-01T00:00:00'}
# - {INSTRUME: LSSTCam}
# - {OBSTYPE: transmission_filter_detector}
# - {CALIBCLS: lsst.ip.isr.IntermediateFilterDetectorTransmissionCurve}
# - {SOURCE: Materion (DM-46256)}
# - {DETECTOR: 59}
# - {FILTER: r_57}
# - {CALIB_ID: 'calibDate=1970-01-01T00:00:00 filter=r_57 detector=59'}
# - {DATE: '2025-04-02T15:59:44.456838'}
# - {CALIB_CREATION_DATE: '2025-04-02'}
# - {CALIB_CREATION_TIME: '15:59:44'}
# - __serialized_columns__:
#     efficiency:
#       __class__: astropy.units.quantity.Quantity
#       unit: !astropy.units.Unit {unit: '%'}
#       value: !astropy.table.SerializedColumn {name: efficiency}
#     wavelength:
#       __class__: astropy.units.quantity.Quantity
#       unit: !astropy.units.Unit {unit: nm}
#       value: !astropy.table.SerializedColumn {name: wavelength}
# schema: astropy-2.0
wavelength efficiency
[from data line 602]
902.0 1.6099429732061021e-10
903.0 1.6099429732061021e-10
904.0 1.6099429732061021e-10
905.0 3.2311641007254366e-05
906.0 1.6099429732061021e-10
907.0 1.6099429732061021e-10
908.0 1.6099429732061021e-10
909.0 1.6099429732061021e-10
910.0 1.6099429732061021e-10
911.0 1.6099429732061021e-10
912.0 1.6099429732061021e-10
913.0 1.6099429732061021e-10
914.0 1.6099429732061021e-10
915.0 3.6954043025616556e-05
916.0 1.935841993372378e-05
917.0 1.7628153159421345e-06
918.0 7.658242111574509e-05
919.0 0.00015140200275709503
920.0 5.371545626076113e-05
921.0 1.6099429732061021e-10
922.0 8.433452762801608e-05
923.0 0.00021264017959765624
924.0 0.00023335107925959164
925.0 0.00025406197892152704
926.0 0.00018325264363738825
927.0 0.00011244331972193322
928.0 0.00012501864148362074
929.0 0.0001375939518766245
930.0 0.00022014958176441723
931.0 0.00030270521165221
932.0 0.0001618607825548679
933.0 2.101640177443187e-05
934.0 0.00016005442375899293
935.0 0.0002990924485857249
936.0 0.00028595914045581594
937.0 0.00027282587780064205
938.0 0.0002970540663227439
939.0 0.0003212822775822133
940.0 0.00031662154924561037
941.0 0.00031196082090900745
942.0 0.0003350605993546196
943.0 0.00035816040053759934
944.0 0.00031046611184137873
945.0 0.0002627718686198932
946.0 0.0003235398935430567
947.0 0.0003843078957288526
948.0 0.0004494595941650914
949.0 0.0005146114290255355
950.0 0.0005393585524871014
951.0 0.0005641056759486673
952.0 0.0007153608294174774
953.0 0.0008666162102599628
954.0 0.0011564125088625588
955.0 0.0014462090803135652
956.0 0.001537961907160934
957.0 0.0016297146430588327
958.0 0.0017543952708365396
959.0 0.001879076262412127
960.0 0.002015599238802679
961.0 0.0021521225789911114
962.0 0.0023202725060400553
963.0 0.00248842279688688
964.0 0.0025003240807563998
965.0 0.0025122248189290985
966.0 0.0024696639229659922
967.0 0.0024271026632050052
968.0 0.0023950446120579727
969.0 0.00236298656091094
970.0 0.002460795258230064
971.0 0.0025586041374481283
972.0 0.002613272772578057
973.0 0.0026679410439101048
974.0 0.00288410228677094
975.0 0.0031002633477328345
976.0 0.003204294989700429
977.0 0.0033083259040722623
978.0 0.0031809500796953216
979.0 0.003053574255318381
980.0 0.0029905686460551806
981.0 0.0029275630367919803
982.0 0.0030500212233164348
983.0 0.00317247977363877
984.0 0.003081463000853546
985.0 0.0029904460461693816
986.0 0.002913739808718674
987.0 0.0028370337531669065
988.0 0.002654277159308549
989.0 0.002471520747349132
990.0 0.0025063905923161656
991.0 0.0025412604372831993
992.0 0.002596128251752816
993.0 0.0026509964300203137
994.0 0.0026984018404618837
995.0 0.0027458067052066326
996.0 0.0027779253287008032
997.0 0.002810043952194974
998.0 0.0029746253858320415
999.0 0.00313920718326699
1000.0 0.003285518687334843
1001.0 0.003431830191402696
1002.0 0.003635772372945212
1003.0 0.0038397145544877276
1004.0 0.003952149199903943
1005.0 0.004064583481522277
1006.0 0.004239032932673581
1007.0 0.004413482747622766
1008.0 0.004344012631918304
1009.0 0.004274542516213842
1010.0 0.004269892087904736
1011.0 0.004265242023393512
1012.0 0.004225499287713319
1013.0 0.004185756552033126
1014.0 0.003976584048359655
1015.0 0.0037674111808883026
1016.0 0.003635147731984034
1017.0 0.0035028846468776464
1018.0 0.003074646883760579
1019.0 0.002646409848239273
1020.0 0.0022281928977463394
1021.0 0.0018099757653544657
1022.0 0.0016029745893320069
1023.0 0.001395972867612727
1024.0 0.001488575253461022
1025.0 0.0015811778212082572
1026.0 0.0013944363672635518
1027.0 0.001207694731419906
1028.0 0.001085499388864264
1029.0 0.0009633038644096814
1030.0 0.0009117329682339914
1031.0 0.0008601614354120102
1032.0 0.0008454049748252146
1033.0 0.0008306482413900085
1034.0 0.0007984215699252672
1035.0 0.0007661947165615857
1036.0 0.0008402559615205973
1037.0 0.0009143169336311985
1038.0 0.0008210933629015926
1039.0 0.0007278699740709271
1040.0 0.0007832437404431403
1041.0 0.0008386175977648236
1042.0 0.0009541548934066668
1043.0 0.0010696918252506293
1044.0 0.0009244910870620515
1045.0 0.0007792907126713544
1046.0 0.0007472341621905798
1047.0 0.0007151778390834806
1048.0 0.0006732893325533951
1049.0 0.0006314009624475148
1050.0 0.0007100276889104862
1051.0 0.0007886543244239874
1052.0 0.0010345270311518107
1053.0 0.0012803991012333427
1054.0 0.001066263848770177
1055.0 0.0008521285053575411
1056.0 0.0009228584531228989
1057.0 0.0009935886737366673
1058.0 0.0008081095984380227
1059.0 0.0006226307505130535
1060.0 0.0010201063560089096
1061.0 0.0014175814612826798
1062.0 0.0014927456504665315
1063.0 0.001567909748700913
1064.0 0.0011968315448029898
1065.0 0.0008257531590061262
1066.0 0.0011714038919308223
1067.0 0.0015170545339060482
1068.0 0.0016841380784171633
1069.0 0.001851221350079868
1070.0 0.0014864614968246315
1071.0 0.0011217015526199248
1072.0 0.0014090441254666075
1073.0 0.0016963867892627604
1074.0 0.0022353731765178964
1075.0 0.0027743597456719726
1076.0 0.0030492845326079987
1077.0 0.0033242093195440248
1078.0 0.003908313738065772
1079.0 0.0044924185203853995
1080.0 0.004488887861953117
1081.0 0.004485356839722954
1082.0 0.004111997986910865
1083.0 0.003738639861694537
1084.0 0.0043773768993560225
1085.0 0.005016113573219627
1086.0 0.004840356996282935
1087.0 0.004664600419346243
1088.0 0.004639044709620066
1089.0 0.0046134893636917695
1090.0 0.004461575736058876
1091.0 0.004309661744628102
1092.0 0.0038703357859048992
1093.0 0.003431009827181697
1094.0 0.003980435212724842
1095.0 0.004529860234470107
1096.0 0.003492815449135378
1097.0 0.0024557703000027686
1098.0 0.0018350809114053845
1099.0 0.0012143917047069408
1100.0 0.0019036076992051676
1101.0 0.002592823511804454
