lsstCam/transmission_filter_detector/r13_s12/r_57/19700101T000000.ecsv
# %ECSV 1.0
# ---
# datatype:
# - {name: wavelength, unit: nm, datatype: float32}
# - {name: efficiency, unit: '%', datatype: float64}
# meta: !!omap
# - {MODE: DETECTOR}
# - {TYPE: transmission_filter_detector}
# - {CALIBDATE: '1970-01-01T00:00:00'}
# - {INSTRUME: LSSTCam}
# - {OBSTYPE: transmission_filter_detector}
# - {CALIBCLS: lsst.ip.isr.IntermediateFilterDetectorTransmissionCurve}
# - {SOURCE: Materion (DM-46256)}
# - {DETECTOR: 59}
# - {FILTER: r_57}
# - {CALIB_ID: 'calibDate=1970-01-01T00:00:00 filter=r_57 detector=59'}
# - {DATE: '2025-04-02T15:59:44.456838'}
# - {CALIB_CREATION_DATE: '2025-04-02'}
# - {CALIB_CREATION_TIME: '15:59:44'}
# - __serialized_columns__:
#     efficiency:
#       __class__: astropy.units.quantity.Quantity
#       unit: !astropy.units.Unit {unit: '%'}
#       value: !astropy.table.SerializedColumn {name: efficiency}
#     wavelength:
#       __class__: astropy.units.quantity.Quantity
#       unit: !astropy.units.Unit {unit: nm}
#       value: !astropy.table.SerializedColumn {name: wavelength}
# schema: astropy-2.0
wavelength efficiency
300.0 0.0025546809411025606
301.0 0.006282222602749243
302.0 0.010009764810092747
303.0 0.012250459985807538
304.0 0.014491155161522329
305.0 0.012949858501087874
306.0 0.011408563295844942
307.0 0.009766664152266458
308.0 0.008124766463879496
309.0 0.007372025720542297
310.0 0.006619285704800859
311.0 0.005746672468376346
312.0 0.004874060687143356
313.0 0.004499780698097311
314.0 0.004125500709051266
315.0 0.004082830855622888
316.0 0.004040161002194509
317.0 0.0038308768125716597
318.0 0.003621593350544572
319.0 0.003351240957272239
320.0 0.003080888927797787
321.0 0.0028279713660595007
322.0 0.002575053440523334
323.0 0.0025209625164279714
324.0 0.002466871046635788
325.0 0.002462310112605337
326.0 0.0024577493604738265
327.0 0.0026142888600588776
328.0 0.0027708287234418094
329.0 0.0027686337489285506
330.0 0.002766438774415292
331.0 0.0025154069589916617
332.0 0.002264375325466972
333.0 0.0022102352886577137
334.0 0.002156095433747396
335.0 0.0018526408894103952
336.0 0.0015491861631744541
337.0 0.0014456745702773333
338.0 0.0013421629773802124
339.0 0.0012511723070929293
340.0 0.0011601816368056461
341.0 0.001098259508580668
342.0 0.00103633756225463
343.0 0.0010308425771654584
344.0 0.0010253476830257569
345.0 0.0009994798347179312
346.0 0.0009736120773595758
347.0 0.0008911511940823402
348.0 0.0008086903108051047
349.0 0.0008335524398717098
350.0 0.005752480501541868
351.0 0.005394520849222317
352.0 0.005036561196902767
353.0 0.0044204341975273564
354.0 0.0038043079257477075
355.0 0.004258020999259315
356.0 0.0047117351641645655
357.0 0.006598535401280969
358.0 0.008485336002195254
359.0 0.0061967053625267
360.0 0.0039080750866560265
361.0 0.002585902257123962
362.0 0.0012637293366424274
363.0 0.0023763450371916406
364.0 0.003488960282993503
365.0 0.003865942926495336
366.0 0.00424292593379505
367.0 0.003484673288767226
368.0 0.0027264200980425812
369.0 0.0020652467355830595
370.0 0.001404073464073008
371.0 0.0019039041944779456
372.0 0.0024037351977312937
373.0 0.002869758100132458
374.0 0.003335781002533622
375.0 0.003097677108598873
376.0 0.0028595739422598854
377.0 0.0011514131074363831
378.0 1.6099429732061021e-10
379.0 0.0003746908760149381
380.0 0.0013061294339422602
381.0 0.002346667315578088
382.0 0.0033872052881633863
383.0 0.0034492899430915713
384.0 0.003511374961817637
385.0 0.0044160897232359275
386.0 0.0053208037570584565
387.0 0.004814695421373472
388.0 0.004308586358092725
389.0 0.0036414046917343512
390.0 0.0029742222977802157
391.0 0.002007552575378213
392.0 0.00104088267107727
393.0 0.0011939803698624019
394.0 0.001347077704849653
395.0 0.001113100370275788
396.0 0.0008791232176008634
397.0 0.0008465625796816312
398.0 0.0008140023055602796
399.0 0.0006712941285513807
400.0 0.0005285853603709256
401.0 0.0001578086994413752
402.0 1.6099429732061021e-10
403.0 1.6099429732061021e-10
404.0 0.00021020723579567857
405.0 0.0006446630322898272
406.0 0.0010791185559355654
407.0 0.00163204222189961
408.0 0.0021849657059647143
409.0 0.0017638660210650414
410.0 0.0013427659723674878
411.0 0.0009022649464895949
412.0 0.000461763966086437
413.0 0.0005977602540951921
414.0 0.0007337565421039471
415.0 0.0007132721293601207
416.0 0.0006927881258889101
417.0 0.0012046300071233418
418.0 0.0017164722521556541
419.0 0.00218241384573048
420.0 0.002648355621204246
421.0 0.004070875002071261
422.0 0.005493393837241456
423.0 0.008447607251582667
424.0 0.011401819210732356
425.0 0.015672693552915007
426.0 0.01994356425711885
427.0 0.020520281395874918
428.0 0.02109700144501403
429.0 0.01613524364074692
430.0 0.011173485108884051
431.0 0.007978037319844589
432.0 0.004782588439411484
433.0 0.0038261423469521105
434.0 0.0028696957087959163
435.0 0.002300191954418551
436.0 0.0017306878362433054
437.0 0.0014571843166777398
438.0 0.0011836809790111147
439.0 0.0010241948984912597
440.0 0.0008647088179714046
441.0 0.0011789562449848745
442.0 0.0014932038538972847
443.0 0.0017762948118615896
444.0 0.0020593859517248347
445.0 0.001958793836820405
446.0 0.0018582017219159752
447.0 0.0016616779248579405
448.0 0.0014651544006483164
449.0 0.0013917168871557806
450.0 0.001318279009865364
451.0 0.0014687895600218326
452.0 0.0016193002011277713
453.0 0.0015507817806792445
454.0 0.0014822637240285985
455.0 0.0013306980690686032
456.0 0.0011791326869570184
457.0 0.0008590017387177795
458.0 0.0005388708359532757
459.0 0.000778114736021962
460.0 0.0010173585906159133
461.0 0.0016763848179834895
462.0 0.002335410681553185
463.0 0.002946305539808236
464.0 0.003557200398063287
465.0 0.004613564669853076
466.0 0.005669928577844985
467.0 0.006305158603936434
468.0 0.006940390449017286
469.0 0.005956804670859128
470.0 0.004973220347892493
471.0 0.003776995072257705
472.0 0.0025807694328250363
473.0 0.002180577939725481
474.0 0.0017803862647269852
475.0 0.0014474808267550543
476.0 0.001114575752581004
477.0 0.0009395666893396992
478.0 0.0007645576260983944
479.0 0.0009627536201151088
480.0 0.0011609494322328828
481.0 0.0008840629561746027
482.0 0.000607176662015263
483.0 0.0006518656391563127
484.0 0.0006965544798731571
485.0 0.0006146629857539665
486.0 0.0005327713552105706
487.0 0.0005662991952704033
488.0 0.0005998269898555009
489.0 0.0006049537205399247
490.0 0.0006100805421738187
491.0 0.0007558630841231206
492.0 0.0009016455805976875
493.0 0.0010006897355196998
494.0 0.0010997337994922418
495.0 0.0009906592822517268
496.0 0.0008815846740617417
497.0 0.0011251483556407038
498.0 0.0013687118553207256
499.0 0.0013093813322484493
500.0 0.0012500509910751134
501.0 0.0014478706361842342
502.0 0.0016456906450912356
503.0 0.002010452044487465
504.0 0.002375213625782635
505.0 0.002871294600481633
506.0 0.0033673757570795715
507.0 0.0040254497434943914
508.0 0.004683523366111331
509.0 0.0051857990911230445
510.0 0.005688073724741116
511.0 0.005078721733298153
512.0 0.004469369014259428
513.0 0.0038134909118525684
514.0 0.0031576124456478283
515.0 0.002981456054840237
516.0 0.0028052996640326455
517.0 0.0025868201191769913
518.0 0.0023683407562202774
519.0 0.06906078779138625
520.0 0.11833577882498503
521.0 0.11979893315583467
522.0 0.03798409888986498
523.0 0.10262290015816689
524.0 0.09049784857779741
525.0 0.05201715975999832
526.0 0.1221566810272634
527.0 0.12899405555799603
528.0 0.16640776302665472
529.0 0.10256414534524083
530.0 0.1942086615599692
531.0 0.13230509357526898
532.0 0.2571826335042715
533.0 0.27878517284989357
534.0 0.3645685501396656
535.0 0.4824708681553602
536.0 0.7055343128740788
537.0 0.9662995114922523
538.0 1.5078905038535595
539.0 2.299937978386879
540.0 3.7753794342279434
541.0 5.588952824473381
542.0 7.938426733016968
543.0 11.062847822904587
544.0 14.880514144897461
545.0 18.937283754348755
546.0 24.163973331451416
547.0 30.44886291027069
548.0 38.24207782745361
549.0 46.359628438949585
550.0 53.11471223831177
551.0 60.750675201416016
552.0 65.95710515975952
553.0 71.03992700576782
554.0 75.14795064926147
555.0 79.30415868759155
556.0 83.12946557998657
557.0 85.94596982002258
558.0 89.37618136405945
559.0 91.97731018066406
560.0 92.73447394371033
561.0 94.30186748504639
562.0 95.27448415756226
563.0 95.1346755027771
564.0 95.44622898101807
565.0 95.37877440452576
566.0 95.77242136001587
567.0 95.30190825462341
568.0 95.51275372505188
569.0 96.35029435157776
570.0 95.7269549369812
571.0 96.76428437232971
572.0 96.81296348571777
573.0 96.62414789199829
574.0 96.74047231674194
575.0 96.70589566230774
576.0 97.02133536338806
577.0 96.94031476974487
578.0 96.96406126022339
579.0 96.96661829948425
580.0 96.41671776771545
581.0 96.41675353050232
582.0 96.74062728881836
583.0 96.64947986602783
584.0 96.03322744369507
585.0 96.34060263633728
586.0 96.55038714408875
587.0 96.40215635299683
588.0 96.22142910957336
589.0 97.21250534057617
590.0 96.26379609107971
591.0 96.0209608078003
592.0 95.88989019393921
593.0 95.46979665756226
594.0 95.86573243141174
595.0 96.55947089195251
596.0 96.65838479995728
597.0 97.05756306648254
598.0 96.51954174041748
599.0 96.73497080802917
600.0 96.78158760070801
601.0 95.88812589645386
602.0 96.56433463096619
603.0 96.23929262161255
604.0 96.08986973762512
605.0 96.53469920158386
606.0 96.05042338371277
607.0 95.98209261894226
608.0 96.26334309577942
609.0 95.37057280540466
610.0 95.9901750087738
611.0 95.8247184753418
612.0 95.92055678367615
613.0 96.92699313163757
614.0 96.39350771903992
615.0 96.09380960464478
616.0 96.19576334953308
617.0 96.29807472229004
618.0 96.19666934013367
619.0 97.01513051986694
620.0 96.05892300605774
621.0 95.43426632881165
622.0 96.62150144577026
623.0 96.38035297393799
624.0 96.53541445732117
625.0 96.98571562767029
626.0 96.10701203346252
627.0 94.79553699493408
628.0 96.82418704032898
629.0 95.09975910186768
630.0 96.233731508255
631.0 95.86635828018188
632.0 96.90529704093933
633.0 96.52602076530457
634.0 95.55392265319824
635.0 96.03914022445679
636.0 96.03506326675415
637.0 95.50519585609436
638.0 95.49618363380432
639.0 95.41645646095276
640.0 95.46667337417603
641.0 95.47160267829895
642.0 95.63526511192322
643.0 95.99294662475586
644.0 95.89408040046692
645.0 96.0125207901001
646.0 95.85369825363159
647.0 96.96263670921326
648.0 96.39829993247986
649.0 95.91366052627563
650.0 96.23228907585144
651.0 96.69266939163208
652.0 96.91822528839111
653.0 95.87649703025818
654.0 96.24223709106445
655.0 96.65014743804932
656.0 95.75926661491394
657.0 96.13015055656433
658.0 96.3015079498291
659.0 96.38292789459229
660.0 95.62274813652039
661.0 95.67406177520752
662.0 95.52281498908997
663.0 95.66277265548706
664.0 95.33470869064331
665.0 95.11114954948425
666.0 95.40683627128601
667.0 95.64151763916016
668.0 94.75708603858948
669.0 95.47426700592041
670.0 95.6164538860321
671.0 95.77486515045166
672.0 95.2395498752594
673.0 95.10722160339355
674.0 94.7184681892395
675.0 95.40426731109619
676.0 95.15522122383118
677.0 93.64320635795593
678.0 93.19950938224792
679.0 92.32354164123535
680.0 91.61027073860168
681.0 90.13220071792603
682.0 87.93305158615112
683.0 85.33670902252197
684.0 81.910240650177
685.0 78.55939865112305
686.0 74.6473491191864
687.0 70.28242349624634
688.0 65.57844281196594
689.0 61.06864809989929
690.0 55.795395374298096
691.0 51.883918046951294
692.0 47.16202914714813
693.0 42.84774959087372
694.0 37.87679374217987
695.0 32.670214772224426
696.0 27.35844850540161
697.0 22.200845181941986
698.0 16.577446460723877
699.0 12.088486552238464
700.0 8.515990525484085
701.0 5.392196029424667
702.0 3.4055273979902267
703.0 1.9619768485426903
704.0 1.1749185621738434
705.0 0.6513915490359068
706.0 0.4173177294433117
707.0 0.26553513016551733
708.0 0.15219615306705236
709.0 0.1639938331209123
710.0 0.09242044761776924
711.0 0.09062744211405516
712.0 0.09610293782316148
713.0 0.055547477677464485
714.0 0.02777292102109641
715.0 0.08124124142341316
716.0 0.07077409536577761
717.0 0.06682384992018342
718.0 0.07866217638365924
719.0 0.05519788828678429
720.0 1.6099429732061021e-10
721.0 0.004486838952288963
722.0 0.004213941065245308
723.0 0.003941043541999534
724.0 0.003669637953862548
725.0 0.003398232365725562
726.0 0.003129492324660532
727.0 0.002860752647393383
728.0 0.002723620491451584
729.0 0.002586487971711904
730.0 0.0024378823582082987
731.0 0.002289276926603634
732.0 0.0022875854483572766
733.0 0.0022858941520098597
734.0 0.0021630179617204703
735.0 0.0020401414076332003
736.0 0.0018453940356266685
737.0 0.001650646845519077
738.0 0.0016193214833037928
739.0 0.0015879961210885085
740.0 0.0015919491488602944
741.0 0.0015959023585310206
742.0 0.001420839544152841
743.0 0.0012457768207241315
744.0 0.0013355406736081932
745.0 0.0014253043445933145
746.0 0.0013852491065335926
747.0 0.0013451937775244005
748.0 0.001197563688037917
749.0 0.0010499334166524932
750.0 0.0010822035619639792
751.0 0.0011144740710733458
752.0 0.0011524034562171437
753.0 0.0011903326594620012
754.0 0.001127627183450386
755.0 0.0010649219802871812
756.0 0.001059739133779658
757.0 0.0010545560144237243
758.0 0.0010808308616105933
759.0 0.001107105617847992
760.0 0.001072499799192883
761.0 0.0010378942533861846
762.0 0.0010325719813408796
763.0 0.001027249982143985
764.0 0.0010118375030288007
765.0 0.0009964252967620268
766.0 0.0008206347047234885
767.0 0.0006448442945838906
768.0 0.000644542342342902
769.0 0.000644240208202973
770.0 0.0007848653694964014
771.0 0.0009254908036382403
772.0 0.0007980925147421658
773.0 0.000670694089421886
774.0 0.0007991773600224406
775.0 0.0009276604941987898
776.0 0.0008696631084603723
777.0 0.0008116657227219548
778.0 0.0008307606549351476
779.0 0.0008498557690472808
780.0 0.0007363971690210747
781.0 0.0006229385689948685
782.0 0.0007131893198675243
783.0 0.0008034400707401801
784.0 0.000836232902656775
785.0 0.0008690255526744295
786.0 0.000789484147389885
787.0 0.0007099427421053406
788.0 0.0007130312496883562
789.0 0.0007161199391703121
790.0 0.0007475790425814921
791.0 0.0007790380550432019
792.0 0.0007424720934068318
793.0 0.0007059060408209916
794.0 0.0008014596460270695
795.0 0.0008970128874352667
796.0 0.0007160430868680123
797.0 0.0005350732408260228
798.0 0.0007131012353056576
799.0 0.0008911291843105573
800.0 0.000814314898889279
801.0 0.0007375004315690603
802.0 0.0006405562999134418
803.0 0.0005436118954094127
804.0 0.0006872583071526606
805.0 0.0008309048098453786
806.0 0.0007084718163241632
807.0 0.0005860388228029478
808.0 0.0006861397650936851
809.0 0.0007862406164349522
810.0 0.0006983084404055262
811.0 0.0006103765372245107
812.0 0.0006669616595900152
813.0 0.0007235467364807846
814.0 0.0005743761448684381
815.0 0.00042520555325609166
816.0 0.0005789999704575166
817.0 0.0007327944331336766
818.0 0.0006809320439060684
819.0 0.00062906956372899
820.0 0.0004647206424124306
821.0 0.00030037165288376855
822.0 0.0003781500709010288
823.0 0.0004559285116556566
824.0 0.0004899715349893086
825.0 0.0005240145583229605
826.0 0.0005602650162472855
827.0 0.0005965154741716105
828.0 0.0004559513854474062
829.0 0.0003153872739858343
830.0 0.00018341663690080168
831.0 5.144605665918789e-05
832.0 4.72459106504175e-05
833.0 4.304576179947617e-05
834.0 1.970905287862479e-05
835.0 1.6099429732061021e-10
836.0 0.0002818263283188571
837.0 0.0005672804945788812
838.0 0.0007348217877733987
839.0 0.0009023630809679162
840.0 0.0012361690096440725
841.0 0.0015699748473707587
842.0 0.0020313960703788325
843.0 0.002492817657184787
844.0 0.0023710823370493017
845.0 0.0022493471988127567
846.0 0.0022851820176583715
847.0 0.0023210164727061056
848.0 0.0023296992367249914
849.0 0.002338381818844937
850.0 0.0020052670151926577
851.0 0.0016721522115403786
852.0 0.001438748586224392
853.0 0.001205344688059995
854.0 0.001034980687109055
855.0 0.0008646164133097045
856.0 0.0006926482456037775
857.0 0.0005206801688473206
858.0 0.000574637715544668
859.0 0.0006285951712925453
860.0 0.0004941191491525387
861.0 0.00035964310427516466
862.0 0.00040629533941682894
863.0 0.00045294759729586076
864.0 0.00029308441753528314
865.0 0.00013322127188075683
866.0 0.00013756165344602778
867.0 0.00014190202364261495
868.0 0.00019200319911760744
869.0 0.00024210435185523238
870.0 0.00014608683613914764
871.0 5.006932042306289e-05
872.0 1.6099429732061021e-10
873.0 1.6099429732061021e-10
874.0 1.6099429732061021e-10
875.0 1.6099429732061021e-10
876.0 1.6099429732061021e-10
877.0 5.94910432027973e-05
878.0 0.00018033795186056523
879.0 0.0003011848320966237
880.0 0.00021621690393658355
881.0 0.00013124894167049206
882.0 0.00013062597190582892
883.0 0.0001300030362472171
884.0 1.3550435085107893e-05
885.0 1.6099429732061021e-10
886.0 1.5111039886051003e-05
887.0 0.0001331242174273939
888.0 0.00020728932668134803
889.0 0.00028145441319793463
890.0 0.00019993869955214905
891.0 0.00011842296316899592
892.0 5.011287385059404e-06
893.0 1.6099429732061021e-10
894.0 1.6099429732061021e-10
895.0 8.556932016290375e-05
896.0 8.466400913675898e-05
897.0 8.375875495403307e-05
898.0 8.265412247965287e-05
899.0 8.154948432093079e-05
900.0 2.2608774941090815e-05
