lsstCam/transmission_filter_detector/r20_s00/g_6/19700101T000000.ecsv
# %ECSV 1.0
# ---
# datatype:
# - {name: wavelength, unit: nm, datatype: float32}
# - {name: efficiency, unit: '%', datatype: float64}
# meta: !!omap
# - {MODE: DETECTOR}
# - {TYPE: transmission_filter_detector}
# - {CALIBDATE: '1970-01-01T00:00:00'}
# - {INSTRUME: LSSTCam}
# - {OBSTYPE: transmission_filter_detector}
# - {CALIBCLS: lsst.ip.isr.IntermediateFilterDetectorTransmissionCurve}
# - {SOURCE: Materion (DM-46256)}
# - {DETECTOR: 72}
# - {FILTER: g_6}
# - {CALIB_ID: 'calibDate=1970-01-01T00:00:00 filter=g_6 detector=72'}
# - {DATE: '2025-04-02T15:59:42.362014'}
# - {CALIB_CREATION_DATE: '2025-04-02'}
# - {CALIB_CREATION_TIME: '15:59:42'}
# - __serialized_columns__:
#     efficiency:
#       __class__: astropy.units.quantity.Quantity
#       unit: !astropy.units.Unit {unit: '%'}
#       value: !astropy.table.SerializedColumn {name: efficiency}
#     wavelength:
#       __class__: astropy.units.quantity.Quantity
#       unit: !astropy.units.Unit {unit: nm}
#       value: !astropy.table.SerializedColumn {name: wavelength}
# schema: astropy-2.0
wavelength efficiency
[from data line 608]
908.0 0.0004732868546852842
909.0 0.0004016059847344877
910.0 0.00032267621463688556
911.0 0.00024374646727665095
912.0 0.00041425350900681224
913.0 0.0005847606189490762
914.0 0.00034409672480251174
915.0 0.00010343288749936619
916.0 0.000138297139073984
917.0 0.00017316134517386672
918.0 0.00025178646865242627
919.0 0.0003304115580249345
920.0 0.00036201824968884466
921.0 0.00039362494135275483
922.0 0.0005183319444768131
923.0 0.0006430389021261362
924.0 0.000523255584994331
925.0 0.0004034721769130556
926.0 0.0005034076821175404
927.0 0.0006033433237462305
928.0 0.0005286653959046816
929.0 0.000453987559012603
930.0 0.0005132961632625666
931.0 0.0005726047675125301
932.0 0.0005840232006448787
933.0 0.0005954416792519623
934.0 0.0004918934791930951
935.0 0.0003883452791342279
936.0 0.0004692049515142571
937.0 0.0005500646238942863
938.0 0.0005789748229290126
939.0 0.0006078850219637388
940.0 0.0006344002486002864
941.0 0.0006609153388126288
942.0 0.0007492448276025243
943.0 0.0008375743163924199
944.0 0.0006496930836874526
945.0 0.00046181176003301516
946.0 0.00042835931708395947
947.0 0.0003949068741349038
948.0 0.0007907276994956192
949.0 0.0011865486158058047
950.0 0.0010279771231580526
951.0 0.0008694055395608302
952.0 0.0008440797500952613
953.0 0.0008187539606296923
954.0 0.0007946511686895974
955.0 0.0007705484676989727
956.0 0.0006501576535811182
957.0 0.0005297667030390585
958.0 0.0006620512976951431
959.0 0.0007943359378259629
960.0 0.0006510375442303484
961.0 0.0005077390142105287
962.0 0.0006259576821321389
963.0 0.000744176350053749
964.0 0.0007454512797266943
965.0 0.0007467260729754344
966.0 0.0007631012522324454
967.0 0.0007794764314894564
968.0 0.0007760218068142422
969.0 0.000772567273088498
970.0 0.0007455651029886212
971.0 0.0007185629328887444
972.0 0.000874790293892147
973.0 0.0010310177458450198
974.0 0.0008952322787081357
975.0 0.000759446993470192
976.0 0.0008165652616298757
977.0 0.0008736838026379701
978.0 0.0009320750905317254
979.0 0.0009904665603244212
980.0 0.001008093840937363
981.0 0.0010257213034492452
982.0 0.0009684687938715797
983.0 0.0009112162842939142
984.0 0.0008750072083785199
985.0 0.0008387983143620659
986.0 0.0011252791409788188
987.0 0.0014117597856966313
988.0 0.0015002647160144988
989.0 0.0015887691915850155
990.0 0.001619071736058686
991.0 0.001649374098633416
992.0 0.0016449925169581547
993.0 0.0016406107533839531
994.0 0.0015648847693228163
995.0 0.001489158603362739
996.0 0.0014120532796368934
997.0 0.0013349479559110478
998.0 0.001407597756042378
999.0 0.0014802474652242381
1000.0 0.0014050066965864971
1001.0 0.0013297656551003456
1002.0 0.001256064570043236
1003.0 0.0011823635759355966
1004.0 0.0011411950254114345
1005.0 0.001100026292988332
1006.0 0.0013508072697732132
1007.0 0.0016015883375075646
1008.0 0.001633239480725024
1009.0 0.0016648911696393043
1010.0 0.0017748909158399329
1011.0 0.0018848908439395018
1012.0 0.0019459115719655529
1013.0 0.0020069326637894846
1014.0 0.002034055069088936
1015.0 0.0020611778381862678
1016.0 0.002351812509004958
1017.0 0.002642447543621529
1018.0 0.002891106669267174
1019.0 0.0031397656130138785
1020.0 0.0031780578865436837
1021.0 0.003216350160073489
1022.0 0.003505826316541061
1023.0 0.003795303200604394
1024.0 0.003903618562617339
1025.0 0.004011934288428165
1026.0 0.004187035301583819
1027.0 0.0043621359509415925
1028.0 0.004365310815046541
1029.0 0.00436848531535361
1030.0 0.004517968773143366
1031.0 0.004667451867135242
1032.0 0.005040243195253424
1033.0 0.005413034523371607
1034.0 0.005304223304847255
1035.0 0.005195412450120784
1036.0 0.005306956882122904
1037.0 0.005418500586529262
1038.0 0.005724834045395255
1039.0 0.006031167504261248
1040.0 0.006338787352433428
1041.0 0.006646406836807728
1042.0 0.006847249460406601
1043.0 0.007048091356409714
1044.0 0.007173558697104454
1045.0 0.007299024582607672
1046.0 0.008352149598067626
1047.0 0.00940527388593182
1048.0 0.010687566100386903
1049.0 0.011969856132054701
1050.0 0.01433495053788647
1051.0 0.016700041305739433
1052.0 0.02018792147282511
1053.0 0.0236758089158684
1054.0 0.028216798091307282
1055.0 0.03275778726674616
1056.0 0.039378777728416026
1057.0 0.0459997623693198
1058.0 0.053396704606711864
1059.0 0.06079364102333784
1060.0 0.06836826214566827
1061.0 0.07594285416416824
1062.0 0.08290621335618198
1063.0 0.08986953762359917
1064.0 0.09518689475953579
1065.0 0.10050423443317413
1066.0 0.10562746319919825
1067.0 0.11075071524828672
1068.0 0.116948620416224
1069.0 0.12314657215029001
1070.0 0.13335858238860965
1071.0 0.1435705809853971
1072.0 0.1570449094288051
1073.0 0.17051921458914876
1074.0 0.1852296176366508
1075.0 0.1999400556087494
1076.0 0.21388237364590168
1077.0 0.2278246683999896
1078.0 0.24171422701328993
1079.0 0.2556037390604615
1080.0 0.27165214996784925
1081.0 0.287700560875237
1082.0 0.31287206802517176
1083.0 0.3380435984581709
1084.0 0.37426971830427647
1085.0 0.4104958847165108
1086.0 0.44510806910693645
1087.0 0.47972025349736214
1088.0 0.5431571044027805
1089.0 0.6065940018743277
1090.0 0.6822515744715929
1091.0 0.7579091470688581
1092.0 0.7866405881941319
1093.0 0.8153717964887619
1094.0 0.8518431335687637
1095.0 0.8883141912519932
1096.0 0.9322727099061012
1097.0 0.9762312285602093
1098.0 1.001720316708088
1099.0 1.0272095911204815
1100.0 1.1788752861320972
1101.0 1.3305407017469406
