lsstCam/transmission_filter_detector/r20_s00/g_6/19700101T000000.ecsv
# %ECSV 1.0
# ---
# datatype:
# - {name: wavelength, unit: nm, datatype: float32}
# - {name: efficiency, unit: '%', datatype: float64}
# meta: !!omap
# - {MODE: DETECTOR}
# - {TYPE: transmission_filter_detector}
# - {CALIBDATE: '1970-01-01T00:00:00'}
# - {INSTRUME: LSSTCam}
# - {OBSTYPE: transmission_filter_detector}
# - {CALIBCLS: lsst.ip.isr.IntermediateFilterDetectorTransmissionCurve}
# - {SOURCE: Materion (DM-46256)}
# - {DETECTOR: 72}
# - {FILTER: g_6}
# - {CALIB_ID: 'calibDate=1970-01-01T00:00:00 filter=g_6 detector=72'}
# - {DATE: '2025-04-02T15:59:42.362014'}
# - {CALIB_CREATION_DATE: '2025-04-02'}
# - {CALIB_CREATION_TIME: '15:59:42'}
# - __serialized_columns__:
#     efficiency:
#       __class__: astropy.units.quantity.Quantity
#       unit: !astropy.units.Unit {unit: '%'}
#       value: !astropy.table.SerializedColumn {name: efficiency}
#     wavelength:
#       __class__: astropy.units.quantity.Quantity
#       unit: !astropy.units.Unit {unit: nm}
#       value: !astropy.table.SerializedColumn {name: wavelength}
# schema: astropy-2.0
wavelength efficiency
300.0 0.5028655752539635
301.0 0.37138271145522594
302.0 0.2398998010903597
303.0 0.21596536971628666
304.0 0.19203092670068145
305.0 0.20104260183870792
306.0 0.21005426533520222
307.0 0.2144116908311844
308.0 0.2187690930441022
309.0 0.21991156972944736
310.0 0.22105409298092127
311.0 0.21202878560870886
312.0 0.20300352480262518
313.0 0.20132139325141907
314.0 0.19963926170021296
315.0 0.1888965372927487
316.0 0.1781538361683488
317.0 0.17630618531256914
318.0 0.17445855773985386
319.0 0.1593815046362579
320.0 0.14430443989112973
321.0 0.14018294168636203
322.0 0.13606143184006214
323.0 0.11701574549078941
324.0 0.09797009406611323
325.0 0.08896755753085017
326.0 0.07996501517482102
327.0 0.072906055720523
328.0 0.06584709626622498
329.0 0.06271182792261243
330.0 0.059576547937467694
331.0 0.05526344175450504
332.0 0.050950341392308474
333.0 0.047278060810640454
334.0 0.04360577731858939
335.0 0.04215985245537013
336.0 0.04071392759215087
337.0 0.04157631192356348
338.0 0.04243869334459305
339.0 0.0409675674745813
340.0 0.0394964445149526
341.0 0.03757569065783173
342.0 0.03565493680071086
343.0 0.03191942523699254
344.0 0.028183916583657265
345.0 0.025320416898466647
346.0 0.022456915758084506
347.0 0.0209978359634988
348.0 0.019538751803338528
349.0 0.01808131783036515
350.0 0.9765024296939373
351.0 1.1544469743967056
352.0 0.6111788097769022
353.0 0.8568133227527142
354.0 0.5830002948641777
355.0 1.014702208340168
356.0 0.5628406535834074
357.0 0.6540158297866583
358.0 0.35010508727282286
359.0 0.8184201084077358
360.0 0.5429692566394806
361.0 0.7996602915227413
362.0 0.5842058919370174
363.0 0.5360531155019999
364.0 0.5616493057459593
365.0 0.7103480864316225
366.0 0.31796933617442846
367.0 0.6550920195877552
368.0 0.4328122828155756
369.0 0.6369890179485083
370.0 0.48916651867330074
371.0 0.5045168101787567
372.0 0.3481060964986682
373.0 0.5919798277318478
374.0 0.30221540946513414
375.0 0.4312510136514902
376.0 0.35514167975634336
377.0 0.48538162373006344
378.0 0.3527094377204776
379.0 0.562187610194087
380.0 0.3215415636077523
381.0 0.4902805667370558
382.0 0.5296282004565
383.0 0.6234040949493647
384.0 0.5516637582331896
385.0 0.587891461327672
386.0 0.6665151566267014
387.0 0.7408764213323593
388.0 1.0128099471330643
389.0 1.3645599596202374
390.0 1.9079914316534996
391.0 2.9908722266554832
392.0 4.757519066333771
393.0 7.534816861152649
394.0 11.252914369106293
395.0 16.1657452583313
396.0 22.32545167207718
397.0 29.982146620750427
398.0 38.70589733123779
399.0 48.17025661468506
400.0 57.53934383392334
401.0 66.40357375144958
402.0 74.30402040481567
403.0 80.84011673927307
404.0 85.52162647247314
405.0 89.00700807571411
406.0 90.79751968383789
407.0 92.30129718780518
408.0 93.14915537834167
409.0 93.47925782203674
410.0 93.62637996673584
411.0 93.42352747917175
412.0 93.0590271949768
413.0 92.94697642326355
414.0 92.68840551376343
415.0 92.92889833450317
416.0 93.3484673500061
417.0 93.6819851398468
418.0 94.182950258255
419.0 94.7250247001648
420.0 95.26554346084595
421.0 95.75870037078857
422.0 95.8611249923706
423.0 96.06236219406128
424.0 95.8436667919159
425.0 95.77499032020569
426.0 95.7608699798584
427.0 95.77080607414246
428.0 95.62663435935974
429.0 95.45426368713379
430.0 95.36953568458557
431.0 95.44651508331299
432.0 95.5103874206543
433.0 95.55686116218567
434.0 95.63342332839966
435.0 95.76704502105713
436.0 95.8158016204834
437.0 95.80224752426147
438.0 95.85385918617249
439.0 95.9249496459961
440.0 95.87729573249817
441.0 96.07881903648376
442.0 96.01626992225647
443.0 96.01917266845703
444.0 95.89836001396179
445.0 95.62060832977295
446.0 95.53810954093933
447.0 95.30168771743774
448.0 95.39603590965271
449.0 95.59178948402405
450.0 95.8255410194397
451.0 96.00182771682739
452.0 96.19749784469604
453.0 96.31083011627197
454.0 96.37700915336609
455.0 96.61884903907776
456.0 96.75435423851013
457.0 96.92201614379883
458.0 96.91384434700012
459.0 96.90043926239014
460.0 96.93168997764587
461.0 96.98375463485718
462.0 96.95577621459961
463.0 96.85919284820557
464.0 96.97465896606445
465.0 96.84476256370544
466.0 96.79327607154846
467.0 96.83160185813904
468.0 96.84875011444092
469.0 96.90863490104675
470.0 96.75595760345459
471.0 96.63339257240295
472.0 96.68772220611572
473.0 96.61586880683899
474.0 96.5327501296997
475.0 96.55857682228088
476.0 96.59989476203918
477.0 96.64335250854492
478.0 96.78398370742798
479.0 96.76775932312012
480.0 96.92396521568298
481.0 97.0371961593628
482.0 97.22101092338562
483.0 97.09975123405457
484.0 97.30534553527832
485.0 97.34683632850647
486.0 97.34224081039429
487.0 97.43666052818298
488.0 97.3600685596466
489.0 97.5086510181427
490.0 97.48321175575256
491.0 97.59597778320312
492.0 97.44507074356079
493.0 97.49559760093689
494.0 97.41126894950867
495.0 97.48308658599854
496.0 97.32592105865479
497.0 97.2636342048645
498.0 97.04024195671082
499.0 97.07580804824829
500.0 97.0993161201477
501.0 97.04890847206116
502.0 96.95215225219727
503.0 97.13475108146667
504.0 96.97312116622925
505.0 96.94737195968628
506.0 96.95134162902832
507.0 96.91834449768066
508.0 96.95695042610168
509.0 96.92322015762329
510.0 96.89190983772278
511.0 96.87634110450745
512.0 96.78280353546143
513.0 96.85084819793701
514.0 96.83493971824646
515.0 96.86653017997742
516.0 97.01684713363647
517.0 96.95464968681335
518.0 97.06350564956665
519.0 97.04951643943787
520.0 97.08477258682251
521.0 97.15786576271057
522.0 97.20497131347656
523.0 97.1440851688385
524.0 97.15843200683594
525.0 97.12051749229431
526.0 97.2329318523407
527.0 97.21530675888062
528.0 97.31964468955994
529.0 97.30864763259888
530.0 97.38675355911255
531.0 97.49450087547302
532.0 97.3551332950592
533.0 97.30058908462524
534.0 97.26225137710571
535.0 97.01765179634094
536.0 96.52311205863953
537.0 95.80793380737305
538.0 94.88821029663086
539.0 93.3487057685852
540.0 91.38308763504028
541.0 88.52224946022034
542.0 85.55945754051208
543.0 81.69568181037903
544.0 76.97333097457886
545.0 72.76371121406555
546.0 67.80580878257751
547.0 63.30474019050598
548.0 58.922672271728516
549.0 55.14012575149536
550.0 52.14844346046448
551.0 49.271443486213684
552.0 46.974846720695496
553.0 44.39549148082733
554.0 41.3322389125824
555.0 37.891554832458496
556.0 33.32611322402954
557.0 28.191736340522766
558.0 22.723104059696198
559.0 17.507290840148926
560.0 12.634100019931793
561.0 8.309675008058548
562.0 5.148765072226524
563.0 2.928616479039192
564.0 1.5507769770920277
565.0 0.7408380508422852
566.0 0.3891872940585017
567.0 0.20882247481495142
568.0 0.14008701546117663
569.0 0.08658082806505263
570.0 0.07676552631892264
571.0 0.04452361026778817
572.0 0.04456345341168344
573.0 0.02591641095932573
574.0 0.03604924422688782
575.0 0.02957854012493044
576.0 0.02267482632305473
577.0 0.027573795523494482
578.0 0.024516446865163743
579.0 0.02158113056793809
580.0 0.022481358610093594
581.0 0.01828785170800984
582.0 0.033378120861016214
583.0 0.01741492742439732
584.0 0.034503216738812625
585.0 0.00953657872742042
586.0 0.0289924064418301
587.0 0.011540212290128693
588.0 0.016411271644756198
589.0 0.016087648691609502
590.0 0.012502720346674323
591.0 0.0094299903139472
592.0 0.018983689369633794
593.0 0.005151056757313199
594.0 0.008981906285043806
595.0 0.007400731556117535
596.0 0.016456238518003374
597.0 0.010672643111320212
598.0 0.005896369839319959
599.0 0.014814629685133696
600.0 0.0056709672207944095
601.0 0.0022940110284253024
602.0 0.0023197597329271957
603.0 0.0023455080736312084
604.0 0.0021628406102536246
605.0 0.001980173146876041
606.0 0.0019931310816900805
607.0 0.0020060886527062394
608.0 0.0017774558727978729
609.0 0.001548822910990566
610.0 0.0017523196220281534
611.0 0.0019558161511668004
612.0 0.001826095103751868
613.0 0.001696374238235876
614.0 0.0017604910681257024
615.0 0.0018246080799144693
616.0 0.0018992512195836753
617.0 0.0019738939954550005
618.0 0.0018212229406344704
619.0 0.0016685520677128807
620.0 0.00163809545483673
621.0 0.0016076388419605792
622.0 0.0015237082152452786
623.0 0.0014397773156815674
624.0 0.0014423161701415665
625.0 0.001444855206500506
626.0 0.0013517722436517943
627.0 0.0012586896446009632
628.0 0.0013558782484324183
629.0 0.001453067125112284
630.0 0.0013208683412813116
631.0 0.0011886692846019287
632.0 0.0013245175978227053
633.0 0.0014603656381950714
634.0 0.0014203307728166692
635.0 0.0013802954526909161
636.0 0.001335700653726235
637.0 0.0012911063095089048
638.0 0.0011986114259343594
639.0 0.001106116542359814
640.0 0.0011253366210439708
641.0 0.0011445566087786574
642.0 0.0013209872122388333
643.0 0.0014974180885474198
644.0 0.0013710131497646216
645.0 0.0012446080290828831
646.0 0.001207956302096136
647.0 0.0011713044841599185
648.0 0.0010984674190694932
649.0 0.0010256300811306573
650.0 0.0012325092939136084
651.0 0.0014393879609997384
652.0 0.001168656126537826
653.0 0.0008979240192275029
654.0 0.0010316497537132818
655.0 0.001165375579148531
656.0 0.0011640717275440693
657.0 0.0011627679668890778
658.0 0.0010723033483373001
659.0 0.0009818393664318137
660.0 0.0009346696970169432
661.0 0.0008875000276020728
662.0 0.0010332574674976058
663.0 0.001179014998342609
664.0 0.001178312140837079
665.0 0.0011776090104831383
666.0 0.0010758511962194461
667.0 0.0009740930181578733
668.0 0.0010750578439910896
669.0 0.001176022760773776
670.0 0.0011469774108263664
671.0 0.0011179320608789567
672.0 0.001116701605496928
673.0 0.0011154709682159591
674.0 0.0011107971658930182
675.0 0.001106123181671137
676.0 0.0010360115084040444
677.0 0.0009658994713390712
678.0 0.0010059168744191993
679.0 0.0010459343684487976
680.0 0.0010131102499144617
681.0 0.0009802860404306557
682.0 0.0009982251867768355
683.0 0.0010161640602746047
684.0 0.0008991398317448329
685.0 0.0007821156032150611
686.0 0.0009754766324476805
687.0 0.0011688376616802998
688.0 0.001140880885941442
689.0 0.0011129242011520546
690.0 0.0010049147022073157
691.0 0.0008969052032625768
692.0 0.0009479921573074535
693.0 0.0009990792023018003
694.0 0.0010092620868817903
695.0 0.00101944478956284
696.0 0.0010655034202500246
697.0 0.0011115617780887987
698.0 0.00123215104395058
699.0 0.0013527402188628912
700.0 0.0011727993296517525
701.0 0.000992858076642733
702.0 0.001113231155613903
703.0 0.0012336041436356027
704.0 0.0012011318176519126
705.0 0.0011686593097692821
706.0 0.0011250911484239623
707.0 0.0010815229870786425
708.0 0.001057059307640884
709.0 0.001032595810102066
710.0 0.0011405266377551015
711.0 0.0012484576473070774
712.0 0.0012140581020503305
713.0 0.0011796586477430537
714.0 0.0011895990610355511
715.0 0.0011995396562269889
716.0 0.0013942238183517475
717.0 0.0015889083442743868
718.0 0.0018671686120796949
719.0 0.0021454285160871223
720.0 0.0018012891814578325
721.0 0.0014571495739801321
722.0 0.0015651607100153342
723.0 0.0016731723007978871
724.0 0.0016517991753062233
725.0 0.0016304260498145595
726.0 0.0016802065147203393
727.0 0.0017299869796261191
728.0 0.001885114579636138
729.0 0.0020402419977472164
730.0 0.002015843892877456
731.0 0.0019914457880076952
732.0 0.0018733879187493585
733.0 0.001755329685693141
734.0 0.0015003872249508277
735.0 0.0012454447642085142
736.0 0.0011430879567342345
737.0 0.0010407310583104845
738.0 0.0010483066944289021
739.0 0.0010558822395978495
740.0 0.0009168049473373685
741.0 0.0007777274731779471
742.0 0.0007965759323269594
743.0 0.0008154243914759718
744.0 0.0009591297384758946
745.0 0.0011028352673747577
746.0 0.0010443231985846069
747.0 0.000985811129794456
748.0 0.0011301330232527107
749.0 0.0012744548257614952
750.0 0.0010688928341551218
751.0 0.0008633312063466292
752.0 0.0007862841812311672
753.0 0.0007092373834893806
754.0 0.0007756472768960521
755.0 0.0008420572157774586
756.0 0.0008302147762151435
757.0 0.0008183722457033582
758.0 0.0008561746653867885
759.0 0.0008939772669691592
760.0 0.000707007620803779
761.0 0.0005200379291636636
762.0 0.0005660273473040434
763.0 0.0006120166290202178
764.0 0.0007409801582980435
765.0 0.0008699438694748096
766.0 0.0007850974725442939
767.0 0.0007002511665632483
768.0 0.0006508339083666215
769.0 0.0006014166046952596
770.0 0.0004980840913049178
771.0 0.00039475162338931113
772.0 0.0005818123099743389
773.0 0.0007688730875088368
774.0 0.0008034373422560748
775.0 0.0008380017789022531
776.0 0.0008501112461090088
777.0 0.0008622208042652346
778.0 0.00080568179328111
779.0 0.0007491429187211907
780.0 0.0006875688541185809
781.0 0.000625994698566501
782.0 0.0006189410214574309
783.0 0.0006118872533988906
784.0 0.0006991018381086178
785.0 0.0007863163773436099
786.0 0.0007286049367394298
787.0 0.0006708938144583954
788.0 0.0004107344921067124
789.0 0.00015057522659844835
790.0 0.00015498687844228698
791.0 0.00015939851891744183
792.0 0.00026681461804400897
793.0 0.0003742307171705761
794.0 0.0003214136768292519
795.0 0.0002685966137505602
796.0 0.00036630760860134615
797.0 0.000464018557977397
798.0 0.0004998494205210591
799.0 0.0005356802830647212
800.0 0.00056237568060169
801.0 0.000589071214562864
802.0 0.0004555837676889496
803.0 0.00032209643450187286
804.0 0.0002610761839605402
805.0 0.0002000560016313102
806.0 0.00031456377200811403
807.0 0.00042907154238491785
808.0 0.0004841008831135696
809.0 0.0005391302238422213
810.0 0.00043250615817669313
811.0 0.00032588209251116496
812.0 0.0002752874934230931
813.0 0.00022469284886028618
814.0 0.00029525272111641243
815.0 0.00036581261610990623
816.0 0.00044855587475467473
817.0 0.0005312990651873406
818.0 0.0003827357431873679
819.0 0.00023417246666213032
820.0 0.0003731894594238838
821.0 0.0005122063612361671
822.0 0.0004068333510076627
823.0 0.00030146036351652583
824.0 0.0003886080776283052
825.0 0.0004757556780532468
826.0 0.0006451994067901978
827.0 0.0008146430445776787
828.0 0.0006796594789193477
829.0 0.0005446759132610168
830.0 0.00046772320274612866
831.0 0.0003907704467565054
832.0 0.0005804166448797332
833.0 0.0007700627975282259
834.0 0.0006229480732145021
835.0 0.0004758333943755133
836.0 0.000524469805895933
837.0 0.0005731063083658228
838.0 0.0005288831289362861
839.0 0.0004846599495067494
840.0 0.0005397781933424994
841.0 0.0005948963007540442
842.0 0.00036690478282253025
843.0 0.00013891316257286235
844.0 0.00014358753332999186
845.0 0.00014826196093054023
846.0 0.00042911565287795383
847.0 0.0007099694357748376
848.0 0.0006356335234158905
849.0 0.0005612976110569434
850.0 0.0005628300641546957
851.0 0.0005643624263029778
852.0 0.0006020621185598429
853.0 0.0006397614470188273
854.0 0.0006195456990099046
855.0 0.0005993297236273065
856.0 0.0005582186076935614
857.0 0.0005171074917598162
858.0 0.00054973820624582
859.0 0.000582368966206559
860.0 0.0005412574864749331
861.0 0.0005001460067433072
862.0 0.0005514497388503514
863.0 0.0006027534709573956
864.0 0.0005056616828369442
865.0 0.00040856984924175777
866.0 0.00042058459257532377
867.0 0.00043259933590888977
868.0 0.0005986146788927726
869.0 0.0007646300218766555
870.0 0.0006561690042872215
871.0 0.0005477078957483172
872.0 0.000446785679741879
873.0 0.00034586337278597057
874.0 0.00037909328511886997
875.0 0.0004123231974517694
876.0 0.0005289597538649105
877.0 0.0006455962193285814
878.0 0.0006349849172693212
879.0 0.0006243735697353259
880.0 0.0005720690296584507
881.0 0.0005197647624299861
882.0 0.00041627690734458156
883.0 0.0003127892114207498
884.0 0.0004538951088761678
885.0 0.0005950011200184235
886.0 0.0007051050033624051
887.0 0.000815209023130592
888.0 0.0006541361472045537
889.0 0.0004930633622279856
890.0 0.0005340056759450817
891.0 0.0005749481715611182
892.0 0.0005641003099299269
893.0 0.0005532524937734706
894.0 0.0005176005743123824
895.0 0.0004819487003260292
896.0 0.000280502740679367
897.0 7.90567582953372e-05
898.0 0.00018783828181767603
899.0 0.00029661980534001486
900.0 0.0002897028707593563
901.0 0.0002827859134413302
902.0 0.00048580805014353245
903.0 0.0006888301868457347
904.0 0.000415533304476412
905.0 0.00014223635389498668
906.0 0.00034360209610895254
