lsstCam/transmission_filter_detector/r10_s12/y_10/19700101T000000.ecsv
# %ECSV 1.0
# ---
# datatype:
# - {name: wavelength, unit: nm, datatype: float32}
# - {name: efficiency, unit: '%', datatype: float64}
# meta: !!omap
# - {MODE: DETECTOR}
# - {TYPE: transmission_filter_detector}
# - {CALIBDATE: '1970-01-01T00:00:00'}
# - {INSTRUME: LSSTCam}
# - {OBSTYPE: transmission_filter_detector}
# - {CALIBCLS: lsst.ip.isr.IntermediateFilterDetectorTransmissionCurve}
# - {SOURCE: Materion (DM-46256)}
# - {DETECTOR: 32}
# - {FILTER: y_10}
# - {CALIB_ID: 'calibDate=1970-01-01T00:00:00 filter=y_10 detector=32'}
# - {DATE: '2025-04-02T15:59:50.890637'}
# - {CALIB_CREATION_DATE: '2025-04-02'}
# - {CALIB_CREATION_TIME: '15:59:50'}
# - __serialized_columns__:
#     efficiency:
#       __class__: astropy.units.quantity.Quantity
#       unit: !astropy.units.Unit {unit: '%'}
#       value: !astropy.table.SerializedColumn {name: efficiency}
#     wavelength:
#       __class__: astropy.units.quantity.Quantity
#       unit: !astropy.units.Unit {unit: nm}
#       value: !astropy.table.SerializedColumn {name: wavelength}
# schema: astropy-2.0
wavelength efficiency
300.0 0.5380719900131226
301.0 0.2868584357202053
302.0 0.03564485814422369
303.0 0.03193565353285521
304.0 0.028226454742252827
305.0 0.01958367065526545
306.0 0.010940882202703506
307.0 0.01785481726983562
308.0 0.024768750881776214
309.0 0.017622445011511445
310.0 0.010476136958459392
311.0 0.008801860531093553
312.0 0.007127581920940429
313.0 0.007530359289376065
314.0 0.007933136657811701
315.0 0.007050865679048002
316.0 0.0061685968830715865
317.0 0.006025245238561183
318.0 0.005881889956071973
319.0 0.0031370109354611486
320.0 0.0003921311417798279
321.0 0.0026991563572664745
322.0 0.005006181527278386
323.0 0.0035769429814536124
324.0 0.002147704435628839
325.0 0.0005241688086243812
326.0 1.633693289156135e-10
327.0 0.0003506234179440071
328.0 0.0018006141544901766
329.0 0.0032718846341595054
330.0 0.0047431552957277745
331.0 0.004312228338676505
332.0 0.0038813010178273544
333.0 0.0029086957511026412
334.0 0.001936089938681107
335.0 0.0023411652364302427
336.0 0.002746240897977259
337.0 0.0029819540941389278
338.0 0.003217667108401656
339.0 0.0016451071132905781
340.0 7.254702154568804e-05
341.0 1.633693289156135e-10
342.0 1.633693289156135e-10
343.0 0.0002843510628736112
344.0 0.000961604109761538
345.0 0.0012398361832310911
346.0 0.0015180688933469355
347.0 0.0015871200957917608
348.0 0.0016561711163376458
349.0 0.0012411541320034303
350.0 0.0008261369657702744
351.0 0.0012193877410027198
352.0 0.0016126379705383442
353.0 0.001294873345614178
354.0 0.000977108720690012
355.0 0.0010235976333206054
356.0 0.001070086636900669
357.0 0.0007939355782582425
358.0 0.0005177843831916107
359.0 0.0006221220701263519
360.0 0.0007264598025358282
361.0 0.0011220620763197076
362.0 0.0015176640772551764
363.0 0.0011822740816569421
364.0 0.000846883631311357
365.0 0.001123143647419056
366.0 0.0013994042092235759
367.0 0.0019049446564167738
368.0 0.002410485285508912
369.0 0.002159273390134331
370.0 0.00190806167665869
371.0 0.0018078668290399946
372.0 0.001707671799522359
373.0 0.002068728099402506
374.0 0.0024297847630805336
375.0 0.003248922439524904
376.0 0.0040680602978682145
377.0 0.003985130751971155
378.0 0.0039022012060740963
379.0 0.003521746475598775
380.0 0.0031412913813255727
381.0 0.002187967584177386
382.0 0.0012346438779786695
383.0 0.0011948362043767702
384.0 0.0011550283488759305
385.0 0.0008652951692056376
386.0 0.0005755619895353448
387.0 0.00066156235334347
388.0 0.0007475627626263304
389.0 0.0006954333002795465
390.0 0.0006433038834074978
391.0 0.0005587593932432355
392.0 0.0004742149030789733
393.0 0.0005864858849236043
394.0 0.0006987569577177055
395.0 0.0006672024028375745
396.0 0.0006356478934321785
397.0 0.0008270029866253026
398.0 0.0010183580343436915
399.0 0.001293609329877654
400.0 0.0015688607163610868
401.0 0.0017041462342604063
402.0 0.0018394319340586662
403.0 0.0018304368495591916
404.0 0.0018214419469586574
405.0 0.0017483651390648447
406.0 0.0016752886949689128
407.0 0.0013915332601754926
408.0 0.0011077780072810128
409.0 0.0008803867785900366
410.0 0.0006529954589495901
411.0 0.00029775808343401877
412.0 1.633693289156135e-10
413.0 0.0005240541668172227
414.0 0.0011055873073928524
415.0 0.0017470059901825152
416.0 0.0023884249458205886
417.0 0.0011410284059820697
418.0 1.633693289156135e-10
419.0 1.633693289156135e-10
420.0 1.633693289156135e-10
421.0 1.633693289156135e-10
422.0 0.0004276421350368764
423.0 0.0003077764404224581
424.0 0.00018791056390909944
425.0 5.0474363888497464e-05
426.0 1.633693289156135e-10
427.0 0.00016503440747328568
428.0 0.00041703069655341096
429.0 1.633693289156135e-10
430.0 1.633693289156135e-10
431.0 0.00030625519684690516
432.0 0.0011891995200130623
433.0 0.0007494737474189606
434.0 0.00030974854325904744
435.0 7.898764806668623e-05
436.0 1.633693289156135e-10
437.0 5.468319272949884e-05
438.0 0.00026113943931704853
439.0 1.633693289156135e-10
440.0 1.633693289156135e-10
441.0 1.633693289156135e-10
442.0 1.633693289156135e-10
443.0 1.633693289156135e-10
444.0 1.633693289156135e-10
445.0 8.574170919928292e-05
446.0 0.000500871283293236
447.0 0.0007705503776378464
448.0 0.0010402293810329866
449.0 0.000878140599525068
450.0 0.000716051636118209
451.0 0.00032526018003409263
452.0 1.633693289156135e-10
453.0 1.633693289156135e-10
454.0 1.633693289156135e-10
455.0 1.633693289156135e-10
456.0 1.633693289156135e-10
457.0 5.216624572312867e-05
458.0 0.00011659629990390386
459.0 0.00011976400173807633
460.0 0.00012293177178435144
461.0 0.0002654719310157816
462.0 0.00040801205614116043
463.0 0.00043853165152540896
464.0 0.0004690512923843926
465.0 0.0005114669420436257
466.0 0.0005538827281270642
467.0 0.0009737390428199433
468.0 0.0013935950846644118
469.0 0.001522219281469006
470.0 0.0016508429325767793
471.0 0.0015389428881462663
472.0 0.0014270425708673429
473.0 0.002102528014802374
474.0 0.002778013367787935
475.0 0.002604032852104865
476.0 0.0024300525183207355
477.0 0.0029256716516101733
478.0 0.0034212909667985514
479.0 0.0040045721107162535
480.0 0.004587852890836075
481.0 0.004683317456510849
482.0 0.004778782022185624
483.0 0.004107766653760336
484.0 0.0034367505577392876
485.0 0.003771791307372041
486.0 0.004106831329409033
487.0 0.0035662949812831357
488.0 0.003025758451258298
489.0 0.0024119741283357143
490.0 0.001798189987312071
491.0 0.0015360634279204533
492.0 0.0012739367775793653
493.0 0.0009789458090381231
494.0 0.0006839552042947616
495.0 0.0010118645150214434
496.0 0.0013397740076470654
497.0 0.0018350952814216726
498.0 0.0023304170099436305
499.0 0.002440958814986516
500.0 0.0025515008019283414
501.0 0.0025502085918560624
502.0 0.0025489163817837834
503.0 0.00263961119344458
504.0 0.0027303056413074955
505.0 0.0032674990507075563
506.0 0.003804692460107617
507.0 0.002775694156298414
508.0 0.0017466953067923896
509.0 0.001961023372132331
510.0 0.0021753512555733323
511.0 0.002252323793072719
512.0 0.0023292961486731656
513.0 0.0019862811313942075
514.0 0.00164326647791313
515.0 0.0014319026377052069
516.0 0.0012205387065478135
517.0 0.0013897411918151192
518.0 0.0015589434042340145
519.0 0.0014823152014287189
520.0 0.0014056866348255426
521.0 0.0016919169866014272
522.0 0.0019781471564783715
523.0 0.0018297594579053111
524.0 0.0016813717593322508
525.0 0.0020083971321582794
526.0 0.0023354232325800695
527.0 0.0023284834242076613
528.0 0.002321544161532074
529.0 0.002549949749663938
530.0 0.002778355155896861
531.0 0.0027178301024832763
532.0 0.0026573046852718107
533.0 0.002762122130661737
534.0 0.002866939212253783
535.0 0.002436674003547523
536.0 0.0020064084310433827
537.0 0.0022822052414994687
538.0 0.002558001688157674
539.0 0.003220081271138042
540.0 0.0038821603084215894
541.0 0.003998248939751647
542.0 0.004114337571081705
543.0 0.004329456351115368
544.0 0.0045445747673511505
545.0 0.004881683707935736
546.0 0.00521879228472244
547.0 0.004337679638410918
548.0 0.003456566992099397
549.0 0.003134087091893889
550.0 0.0028116070097894408
551.0 0.0027715792384697124
552.0 0.002731551467149984
553.0 0.0031232659239321947
554.0 0.0035149794712197036
555.0 0.0037323548895074055
556.0 0.003949730671592988
557.0 0.003541072874213569
558.0 0.003132414713036269
559.0 0.003209305214113556
560.0 0.003286195351392962
561.0 0.0033627100492594764
562.0 0.00343922438332811
563.0 0.003296819340903312
564.0 0.0031544139346806332
565.0 0.0037366855394793674
566.0 0.004318957508075982
567.0 0.004364199776318856
568.0 0.004409442044561729
569.0 0.005243376654107124
570.0 0.006077310899854638
571.0 0.005931570194661617
572.0 0.005785829125670716
573.0 0.006217644113348797
574.0 0.006649459101026878
575.0 0.006552221020683646
576.0 0.006454982212744653
577.0 0.0057347919209860265
578.0 0.005014602356823161
579.0 0.005777855767519213
580.0 0.006541109178215265
581.0 0.007092869054758921
582.0 0.007644627476111054
583.0 0.008575093670515344
584.0 0.009505556954536587
585.0 0.009800829138839617
586.0 0.010096101323142648
587.0 0.01002537101157941
588.0 0.009954637789633125
589.0 0.010318095883121714
590.0 0.010681555431801826
591.0 0.009906855848385021
592.0 0.009132155537372455
593.0 0.007531162555096671
594.0 0.005930172483203933
595.0 0.00585542838962283
596.0 0.005780684659839608
597.0 0.0060715181462001055
598.0 0.006362351268762723
599.0 0.007334319525398314
600.0 0.008306287054438144
601.0 0.008832242747303098
602.0 0.009358194802189246
603.0 0.010430807014927268
604.0 0.011503422138048336
605.0 0.011572409130167216
606.0 0.011641395394690335
607.0 0.01008038962027058
608.0 0.00851938602863811
609.0 0.0066033411712851375
610.0 0.004687297769123688
611.0 0.00398375304939691
612.0 0.0032802079658722505
613.0 0.0037756184610771015
614.0 0.004271028228686191
615.0 0.004925881512463093
616.0 0.005580735523835756
617.0 0.006819681584602222
618.0 0.008058627281570807
619.0 0.009164115908788517
620.0 0.010269604536006227
621.0 0.011299814650556073
622.0 0.012330024037510157
623.0 0.01237261458300054
624.0 0.012415203673299402
625.0 0.010878153989324346
626.0 0.009341101394966245
627.0 0.0073272851295769215
628.0 0.005313467045198195
629.0 0.004385647480376065
630.0 0.0034578282793518156
631.0 0.0029340451874304563
632.0 0.0024102619136101566
633.0 0.0025413313778699376
634.0 0.0026724012059275992
635.0 0.002972720358229708
636.0 0.0032730393286328763
637.0 0.0039544273022329435
638.0 0.004635815275833011
639.0 0.004725632970803417
640.0 0.004815450301975943
641.0 0.005218277874519117
642.0 0.005621105447062291
643.0 0.005570588109549135
644.0 0.005520070772035979
645.0 0.005099417467135936
646.0 0.004678764162235893
647.0 0.003710553573910147
648.0 0.0027423429855844006
649.0 0.0021080773876747116
650.0 0.0014738116988155525
651.0 0.0015424999219249003
652.0 0.0016111887816805393
653.0 0.0016285352103295736
654.0 0.0016458814570796676
655.0 0.001669654193392489
656.0 0.0016934272935031913
657.0 0.0016018580936361104
658.0 0.0015102888028195594
659.0 0.0018221217032987624
660.0 0.0021339545128284954
661.0 0.001779893682396505
662.0 0.0014258325791161042
663.0 0.002154347203031648
664.0 0.0028828620997956023
665.0 0.003487526555545628
666.0 0.004092191011295654
667.0 0.004674593947129324
668.0 0.005256995791569352
669.0 0.005366854384192266
670.0 0.005476709702634253
671.0 0.006231276347534731
672.0 0.00698584335623309
673.0 0.007953349268063903
674.0 0.008920854452298954
675.0 0.008218057337217033
676.0 0.007515263132518157
677.0 0.006046097041689791
678.0 0.0045769305870635435
679.0 0.0029938692023279145
680.0 0.0014108089999353979
681.0 0.0006831918199168285
682.0 1.633693289156135e-10
683.0 0.0002338115109523642
684.0 0.0005120486093801446
685.0 0.000289232548311702
686.0 6.641647019023367e-05
687.0 8.702417630956916e-05
688.0 0.00010763191085061408
689.0 0.00018160808394895867
690.0 0.000255584268415987
691.0 0.0003660806441985187
692.0 0.00047657699724368285
693.0 0.00042684464460762683
694.0 0.00037711226923420327
695.0 0.00047506773626082577
696.0 0.0005730232260248158
697.0 0.0005059905106463702
698.0 0.0004389577497931896
699.0 0.0004621993412001757
700.0 0.0004854406597587513
701.0 0.00033389242162229493
702.0 0.00018234430854136008
703.0 0.0002629673645060393
704.0 0.00034359045457676984
705.0 0.00038600924199272413
706.0 0.00042842789298447315
707.0 0.0001528735424471961
708.0 1.633693289156135e-10
709.0 1.633693289156135e-10
710.0 6.916893084962794e-05
711.0 0.00035479088182910345
712.0 0.0006404128271242371
713.0 0.000446748754256987
714.0 0.0002530847496018396
715.0 0.0003592591383494437
716.0 0.00046543350435968023
717.0 0.00029590873964480124
718.0 0.00012638405451070867
719.0 0.0002579654392320663
720.0 0.00038954672163526993
721.0 0.00032371290217270143
722.0 0.00025787915092223557
723.0 0.00028725669380946783
724.0 0.0003166342366967001
725.0 0.00047510102376691066
726.0 0.0006335680154734291
727.0 0.0003152476892864797
728.0 1.633693289156135e-10
729.0 0.0002769473667285638
730.0 0.0005569673248828622
731.0 0.000691693867338472
732.0 0.0008264206371677574
733.0 0.00028481435947469436
734.0 1.633693289156135e-10
735.0 1.633693289156135e-10
736.0 1.633693289156135e-10
737.0 0.0003573212779883761
738.0 0.0009801501619222108
739.0 0.000672476744512096
740.0 0.0003648030315162032
741.0 0.00017759483625923167
742.0 1.633693289156135e-10
743.0 1.633693289156135e-10
744.0 1.633693289156135e-10
745.0 0.00034199101719423197
746.0 0.0008456564501102548
747.0 0.00047744415496708825
748.0 0.0001092319394047081
749.0 1.633693289156135e-10
750.0 1.633693289156135e-10
751.0 1.633693289156135e-10
752.0 0.00017342050568913692
753.0 0.00031197389489534544
754.0 0.00045052729547023773
755.0 1.633693289156135e-10
756.0 1.633693289156135e-10
757.0 1.633693289156135e-10
758.0 1.633693289156135e-10
759.0 5.852293725183699e-05
760.0 0.0006507851139758714
761.0 0.00032741993436502526
762.0 4.05468227882011e-06
763.0 1.633693289156135e-10
764.0 1.633693289156135e-10
765.0 1.633693289156135e-10
766.0 0.00027355406473361654
767.0 1.633693289156135e-10
768.0 1.633693289156135e-10
769.0 1.633693289156135e-10
770.0 1.633693289156135e-10
771.0 1.633693289156135e-10
772.0 1.633693289156135e-10
773.0 0.00020448578652576543
774.0 0.0006496323294413742
775.0 0.0003836425094050355
776.0 0.00011765262115659425
777.0 0.00026908253403234994
778.0 0.0004205124241707381
779.0 0.00048389188123110216
780.0 0.0005472713382914662
781.0 0.0005011232588003622
782.0 0.00045497517930925824
783.0 0.00032255493351840414
784.0 0.00019013472183360136
785.0 9.157466820397531e-05
786.0 1.633693289156135e-10
787.0 0.0004636592166207265
788.0 0.0009343039891973604
789.0 0.0008457995136268437
790.0 0.0007572951744805323
791.0 0.0005275160219753161
792.0 0.00029773668757115956
793.0 0.000479835080113844
794.0 0.0006619331998081179
795.0 0.0006834678060840815
796.0 0.000705002321410575
797.0 0.0004651708422898082
798.0 0.00022533940864377655
799.0 0.0007468898729712237
800.0 0.001268440428248141
801.0 0.0006477526767412201
802.0 2.7064976393376128e-05
803.0 0.00025692354483908275
804.0 0.00048678207349439617
805.0 0.0006898109404573916
806.0 0.0008928396709961817
807.0 0.0005299380063661374
808.0 0.00016703639857951202
809.0 2.118591027056027e-05
810.0 1.633693289156135e-10
811.0 0.00018984984535563854
812.0 0.0005043642431701301
813.0 0.0007716193067608401
814.0 0.001038874324876815
815.0 0.0009182157555187587
816.0 0.0007975567314133514
817.0 0.0009484333531872835
818.0 0.0010993099749612156
819.0 0.0009493629477219656
820.0 0.0007994159204827156
821.0 0.0008244080163422041
822.0 0.0008494001122016925
823.0 0.0007381198884104379
824.0 0.0006268399829423288
825.0 0.0005850427896803012
826.0 0.0005432457328424789
827.0 0.0006388256224454381
828.0 0.0007344055575231323
829.0 0.00043423083297966514
830.0 0.00013405611980488175
831.0 0.0001884078642433451
832.0 0.00024275980194943259
833.0 0.00037728514143964276
834.0 0.0005118103217682801
835.0 1.0385223703224256e-05
836.0 1.633693289156135e-10
837.0 1.633693289156135e-10
838.0 0.00016720877056286554
839.0 0.0004996196821593912
840.0 0.0008320305823872332
841.0 0.001066587083187187
842.0 0.001301143583987141
843.0 0.0009290965863328893
844.0 0.0005570492703554919
845.0 0.0005406257969298167
846.0 0.0005242021870799363
847.0 0.0008597246051067486
848.0 0.0011952471140830312
849.0 0.0010076904800371267
850.0 0.0008201334821933415
851.0 0.0011006636668753345
852.0 0.0013811939425067976
853.0 0.0005028610758017749
854.0 1.633693289156135e-10
855.0 1.633693289156135e-10
856.0 1.633693289156135e-10
857.0 0.00036110957353230333
858.0 0.0013760797628492583
859.0 0.001201185932586668
860.0 0.001026291647576727
861.0 0.0013833056982548442
862.0 0.001740320112730842
863.0 0.001792840521375183
864.0 0.0018453611119184643
865.0 0.0018773425836116076
866.0 0.0019093240553047508
867.0 0.0027210155167267658
868.0 0.0035327066143509
869.0 0.00312659285555128
870.0 0.002720478551054839
871.0 0.0031680610845796764
872.0 0.003615643800003454
873.0 0.0026258940124535
874.0 0.001636144588701427
875.0 0.0023081651306711137
876.0 0.00298018549074186
