lsstCam/transmission_filter_detector/r10_s12/y_10/19700101T000000.ecsv
# %ECSV 1.0
# ---
# datatype:
# - {name: wavelength, unit: nm, datatype: float32}
# - {name: efficiency, unit: '%', datatype: float64}
# meta: !!omap
# - {MODE: DETECTOR}
# - {TYPE: transmission_filter_detector}
# - {CALIBDATE: '1970-01-01T00:00:00'}
# - {INSTRUME: LSSTCam}
# - {OBSTYPE: transmission_filter_detector}
# - {CALIBCLS: lsst.ip.isr.IntermediateFilterDetectorTransmissionCurve}
# - {SOURCE: Materion (DM-46256)}
# - {DETECTOR: 32}
# - {FILTER: y_10}
# - {CALIB_ID: 'calibDate=1970-01-01T00:00:00 filter=y_10 detector=32'}
# - {DATE: '2025-04-02T15:59:50.890637'}
# - {CALIB_CREATION_DATE: '2025-04-02'}
# - {CALIB_CREATION_TIME: '15:59:50'}
# - __serialized_columns__:
#     efficiency:
#       __class__: astropy.units.quantity.Quantity
#       unit: !astropy.units.Unit {unit: '%'}
#       value: !astropy.table.SerializedColumn {name: efficiency}
#     wavelength:
#       __class__: astropy.units.quantity.Quantity
#       unit: !astropy.units.Unit {unit: nm}
#       value: !astropy.table.SerializedColumn {name: wavelength}
# schema: astropy-2.0
wavelength efficiency
[from data line 578]
878.0 0.0009970422070182394
879.0 0.0017227852367796004
880.0 0.05765706882812083
881.0 0.10015374282374978
882.0 0.05495123332366347
883.0 0.1033519278280437
884.0 0.06109988898970187
885.0 0.07385681965388358
886.0 0.07810909883119166
887.0 0.09506023488938808
888.0 0.07103165262378752
889.0 0.1066865399479866
890.0 0.07638540118932724
891.0 0.0846274255309254
892.0 0.07503934320993721
893.0 0.09877347620204091
894.0 0.08149997447617352
895.0 0.1024009776301682
896.0 0.07684266893193126
897.0 0.09784026769921184
898.0 0.08909390890039504
899.0 0.1076332526281476
900.0 0.08919771062210202
901.0 0.12632182333618402
902.0 0.13932231813669205
903.0 0.15154450666159391
904.0 0.1754043041728437
905.0 0.197663065046072
906.0 0.24601423647254705
907.0 0.3055843757465482
908.0 0.402076356112957
909.0 0.5166261456906796
910.0 0.7384506985545158
911.0 1.0077224113047123
912.0 1.4774875715374947
913.0 2.221379615366459
914.0 3.1535323709249496
915.0 4.56203818321228
916.0 6.33276030421257
917.0 8.394575864076614
918.0 10.846324265003204
919.0 13.242082297801971
920.0 16.533081233501434
921.0 19.8796808719635
922.0 23.15346598625183
923.0 26.931574940681458
924.0 31.102052330970764
925.0 35.77079176902771
926.0 41.50592088699341
927.0 47.821441292762756
928.0 53.588950634002686
929.0 59.98801589012146
930.0 65.85346460342407
931.0 71.80453538894653
932.0 77.44737267494202
933.0 82.48416781425476
934.0 86.33280396461487
935.0 89.26471471786499
936.0 91.65106415748596
937.0 93.40848326683044
938.0 94.60000991821289
939.0 95.30144929885864
940.0 95.7892656326294
941.0 96.11161351203918
942.0 96.42229676246643
943.0 96.55881524085999
944.0 96.94262742996216
945.0 96.96011543273926
946.0 97.08210825920105
947.0 97.10404872894287
948.0 97.2901701927185
949.0 97.1610426902771
950.0 97.31181263923645
951.0 97.30836749076843
952.0 97.3269522190094
953.0 97.48697876930237
954.0 97.55767583847046
955.0 97.63292670249939
956.0 97.88323640823364
957.0 98.05402755737305
958.0 98.23245406150818
959.0 98.33439588546753
960.0 98.4883964061737
961.0 98.56364727020264
962.0 98.62248301506042
963.0 98.69292378425598
964.0 98.72028231620789
965.0 98.81588220596313
966.0 98.85316491127014
967.0 98.92914891242981
968.0 98.9055335521698
969.0 98.90094995498657
970.0 98.94611239433289
971.0 98.93912076950073
972.0 99.0399181842804
973.0 99.11280274391174
974.0 99.1203784942627
975.0 99.10868406295776
976.0 99.16573166847229
977.0 99.16409254074097
978.0 99.19447302818298
979.0 99.16250705718994
980.0 99.12487864494324
981.0 99.06522631645203
982.0 99.01213049888611
983.0 99.03346300125122
984.0 98.98170232772827
985.0 98.97172451019287
986.0 98.85005950927734
987.0 98.92735481262207
988.0 98.81213307380676
989.0 98.79596829414368
990.0 98.7430214881897
991.0 98.7602174282074
992.0 98.82116913795471
993.0 98.75103831291199
994.0 98.72787594795227
995.0 98.74250888824463
996.0 98.77866506576538
997.0 98.83869290351868
998.0 98.85802268981934
999.0 98.9477813243866
1000.0 98.9836037158966
1001.0 98.95570874214172
1002.0 99.06562566757202
1003.0 99.09154176712036
1004.0 99.1730809211731
1005.0 99.10370111465454
1006.0 99.24513697624207
1007.0 99.24666285514832
1008.0 99.20376539230347
1009.0 99.16272759437561
1010.0 99.1931140422821
1011.0 99.20569658279419
1012.0 99.07054901123047
1013.0 99.10323023796082
1014.0 99.11332130432129
1015.0 99.02300834655762
1016.0 99.02868866920471
1017.0 99.0427315235138
1018.0 99.05565977096558
1019.0 98.95860552787781
1020.0 99.02920722961426
1021.0 99.17237758636475
1022.0 99.00710582733154
1023.0 99.06498789787292
1024.0 99.05487895011902
1025.0 99.0180253982544
1026.0 99.09834861755371
1027.0 99.15875196456909
1028.0 99.12503361701965
1029.0 99.21723008155823
1030.0 99.21985864639282
1031.0 99.20703172683716
1032.0 99.20101165771484
1033.0 99.24349188804626
1034.0 99.24254417419434
1035.0 99.31892156600952
1036.0 99.2176353931427
1037.0 99.32258129119873
1038.0 99.20832514762878
1039.0 99.155193567276
1040.0 99.0846335887909
1041.0 99.14114475250244
1042.0 99.04566407203674
1043.0 99.09578561782837
1044.0 99.1056501865387
1045.0 98.8653838634491
1046.0 99.00517463684082
1047.0 98.9754319190979
1048.0 98.97940158843994
1049.0 98.91597628593445
1050.0 98.89448881149292
1051.0 98.88471961021423
1052.0 98.84719848632812
1053.0 98.73535633087158
1054.0 98.9981472492218
1055.0 99.06706213951111
1056.0 98.98583889007568
1057.0 99.00537729263306
1058.0 98.95332455635071
1059.0 98.91254305839539
1060.0 99.03374910354614
1061.0 98.89861941337585
1062.0 98.92605543136597
1063.0 98.99917840957642
1064.0 99.11407828330994
1065.0 99.04528856277466
1066.0 99.01624917984009
1067.0 99.08072352409363
1068.0 99.08733367919922
1069.0 98.88590574264526
1070.0 99.29309487342834
1071.0 99.05040860176086
1072.0 99.00773167610168
1073.0 99.14296865463257
1074.0 98.81376028060913
1075.0 98.87527227401733
1076.0 98.61719012260437
1077.0 98.94593358039856
1078.0 99.1780698299408
1079.0 98.71640801429749
1080.0 99.45052862167358
1081.0 98.84878396987915
1082.0 98.79346489906311
1083.0 98.5475480556488
1084.0 98.97517561912537
1085.0 98.96823763847351
1086.0 98.90690445899963
1087.0 98.82797002792358
1088.0 98.7053394317627
1089.0 98.61910343170166
1090.0 98.65975975990295
1091.0 98.92395734786987
1092.0 98.72053265571594
1093.0 98.82800579071045
1094.0 98.44717979431152
1095.0 98.40355515480042
1096.0 98.59200716018677
1097.0 98.45157265663147
1098.0 97.94988632202148
1099.0 98.65230917930603
1100.0 98.22249412536621
