lsstCam/transmission_sensor/r02_s20/19700101T000000.ecsv
# %ECSV 1.0
# ---
# datatype:
# - {name: amp_name, datatype: string}
# - {name: wavelength, unit: nm, datatype: float32}
# - {name: efficiency, unit: '%', datatype: float64}
# meta: !!omap
# - {MODE: AMP}
# - {TYPE: transmission_sensor}
# - {CALIBDATE: '1970-01-01T00:00:00'}
# - {INSTRUME: LSSTCAM}
# - {OBSTYPE: transmission_sensor}
# - {DETECTOR: 15}
# - {PARQUETFILE: qe_raft_allvalues_nircorrected_20230725.parquet}
# - {CALIBCLS: lsst.ip.isr.IntermediateSensorTransmissionCurve}
# - {CALIB_ID: 'raftName=R02 detectorName=S20 detector=15 calibDate=1970-01-01T00:00:00 ccd=15 ccdnum=15 filter=None'}
# - {DATE: '2023-08-02T16:57:55.523388'}
# - {CALIB_CREATION_DATE: '2023-08-02'}
# - {CALIB_CREATION_TIME: '16:57:55'}
# - __serialized_columns__:
#     efficiency:
#       __class__: astropy.units.quantity.Quantity
#       unit: !astropy.units.Unit {unit: '%'}
#       value: !astropy.table.SerializedColumn {name: efficiency}
#     wavelength:
#       __class__: astropy.units.quantity.Quantity
#       unit: !astropy.units.Unit {unit: nm}
#       value: !astropy.table.SerializedColumn {name: wavelength}
# schema: astropy-2.0
amp_name wavelength efficiency
C00 319.994 48.73813247680664
C00 324.969 50.8970832824707
C00 349.982 59.99964141845703
C00 374.975 73.85655975341797
C00 400.019 83.95321655273438
C00 424.965 84.89435577392578
C00 450.035 84.19581604003906
C00 475.003 84.11233520507812
C00 500.018 84.64027404785156
C00 525.002 85.58131408691406
C00 550.029 87.2443618774414
C00 575.023 89.14273071289062
C00 599.982 91.14102172851562
C00 619.997 92.39891815185547
C00 624.979 92.66455078125
C00 650.012 94.2232894897461
C00 675.004 95.54562377929688
C00 700.03 96.54777526855469
C00 725.012 96.99174499511719
C00 750.022 98.55460357666016
C00 774.987 99.31778717041016
C00 799.976 99.91682434082031
C00 824.988 98.50802612304688
C00 850.022 97.32540893554688
C00 869.967 94.72064208984375
C00 875.002 93.4738540649414
C00 899.999 86.7509536743164
C00 919.999 79.04573059082031
C00 925.012 76.5169906616211
C00 949.965 63.35499572753906
C00 975.002 48.657630920410156
C00 999.976 31.469560623168945
C00 1025.028 15.521512985229492
C00 1050.014 6.223785400390625
C00 1075.002 0.9389162569996122
C00 1099.99 0.09315840845486269
C01 319.994 48.396400451660156
C01 324.969 50.514747619628906
C01 349.982 59.5238151550293
C01 374.975 73.5634994506836
C01 400.019 83.86685943603516
C01 424.965 84.88160705566406
C01 450.035 84.18418884277344
C01 475.003 84.06037902832031
C01 500.018 84.54280090332031
C01 525.002 85.44561767578125
C01 550.029 87.08146667480469
C01 575.023 88.96371459960938
C01 599.982 90.9491958618164
C01 619.997 92.2043685913086
C01 624.979 92.4716567993164
C01 650.012 94.02912139892578
C01 675.004 95.36876678466797
C01 700.03 96.39473724365234
C01 725.012 96.91983032226562
C01 750.022 98.58568572998047
C01 774.987 99.44976043701172
C01 799.976 100.10647583007812
C01 824.988 98.68708038330078
C01 850.022 97.53440856933594
C01 869.967 94.97306060791016
C01 875.002 93.74263000488281
C01 899.999 87.0574722290039
C01 919.999 79.21227264404297
C01 925.012 76.63788604736328
C01 949.965 63.4547233581543
C01 975.002 48.80686950683594
C01 999.976 31.62952995300293
C01 1025.028 15.614248275756836
C01 1050.014 6.2705912590026855
C01 1075.002 0.9392114340177871
C01 1099.99 0.09318769564743243
C02 319.994 48.103118896484375
C02 324.969 50.181549072265625
C02 349.982 59.084716796875
C02 374.975 73.30010986328125
C02 400.019 83.81402587890625
C02 424.965 84.9129409790039
C02 450.035 84.21717071533203
C02 475.003 84.0651626586914
C02 500.018 84.50434112548828
C02 525.002 85.35383605957031
C02 550.029 86.9350814819336
C02 575.023 88.7810287475586
C02 599.982 90.7479248046875
C02 619.997 91.99877166748047
C02 624.979 92.26593017578125
C02 650.012 93.82598876953125
C02 675.004 95.171630859375
C02 700.03 96.21979522705078
C02 725.012 96.77986907958984
C02 750.022 98.48601531982422
C02 774.987 99.39440155029297
C02 799.976 100.08206939697266
C02 824.988 98.67727661132812
C02 850.022 97.54235076904297
C02 869.967 94.99481201171875
C02 875.002 93.76628112792969
C02 899.999 87.09147644042969
C02 919.999 79.22048950195312
C02 925.012 76.63829040527344
C02 949.965 63.50078201293945
C02 975.002 48.8466911315918
C02 999.976 31.676103591918945
C02 1025.028 15.651909828186035
C02 1050.014 6.281978607177734
C02 1075.002 0.9382614799330288
C02 1099.99 0.09309344207584759
C03 319.994 48.045719146728516
C03 324.969 50.08346939086914
C03 349.982 58.9153938293457
C03 374.975 73.38343048095703
C03 400.019 84.16485595703125
C03 424.965 85.345947265625
C03 450.035 84.64425659179688
C03 475.003 84.46141815185547
C03 500.018 84.85581970214844
C03 525.002 85.6495132446289
C03 550.029 87.18964385986328
C03 575.023 89.00955200195312
C03 599.982 90.96603393554688
C03 619.997 92.21304321289062
C03 624.979 92.48322296142578
C03 650.012 94.04695129394531
C03 675.004 95.40888214111328
C03 700.03 96.46973419189453
C03 725.012 97.04122161865234
C03 750.022 98.76385498046875
C03 774.987 99.68377685546875
C03 799.976 100.38782501220703
C03 824.988 98.995849609375
C03 850.022 97.85555267333984
C03 869.967 95.28329467773438
C03 875.002 94.04833984375
C03 899.999 87.359619140625
C03 919.999 79.46735382080078
C03 925.012 76.87467956542969
C03 949.965 63.685646057128906
C03 975.002 48.97501754760742
C03 999.976 31.75309181213379
C03 1025.028 15.720160484313965
C03 1050.014 6.313724994659424
C03 1075.002 0.9409083290305396
C03 1099.99 0.09335606001169233
C04 319.994 47.86368179321289
C04 324.969 49.861534118652344
C04 349.982 58.564632415771484
C04 374.975 73.2052230834961
C04 400.019 84.20125579833984
C04 424.965 85.4720687866211
C04 450.035 84.78916931152344
C04 475.003 84.61499786376953
C04 500.018 84.99271392822266
C04 525.002 85.73657989501953
C04 550.029 87.24593353271484
C04 575.023 89.0387954711914
C04 599.982 90.96243286132812
C04 619.997 92.19094848632812
C04 624.979 92.45838165283203
C04 650.012 94.01482391357422
C04 675.004 95.37598419189453
C04 700.03 96.43528747558594
C04 725.012 97.00238037109375
C04 750.022 98.71417999267578
C04 774.987 99.62997436523438
C04 799.976 100.33988952636719
C04 824.988 98.97093200683594
C04 850.022 97.83067321777344
C04 869.967 95.27204132080078
C04 875.002 94.04995727539062
C04 899.999 87.44490814208984
C04 919.999 79.57703399658203
C04 925.012 76.9708251953125
C04 949.965 63.72699737548828
C04 975.002 48.939239501953125
C04 999.976 31.788257598876953
C04 1025.028 15.755794525146484
C04 1050.014 6.355137348175049
C04 1075.002 0.9404351293727303
C04 1099.99 0.09330910957636408
C05 319.994 47.49898147583008
C05 324.969 49.440494537353516
C05 349.982 57.989845275878906
C05 374.975 72.78093719482422
C05 400.019 84.01544952392578
C05 424.965 85.39256286621094
C05 450.035 84.7249755859375
C05 475.003 84.55350494384766
C05 500.018 84.90721893310547
C05 525.002 85.61571502685547
C05 550.029 87.1092300415039
C05 575.023 88.8725814819336
C05 599.982 90.75997161865234
C05 619.997 91.96038055419922
C05 624.979 92.22393035888672
C05 650.012 93.76414489746094
C05 675.004 95.11952209472656
C05 700.03 96.1811294555664
C05 725.012 96.73756408691406
C05 750.022 98.42960357666016
C05 774.987 99.33332824707031
C05 799.976 100.05048370361328
C05 824.988 98.7174301147461
C05 850.022 97.60035705566406
C05 869.967 95.12450408935547
C05 875.002 93.93292236328125
C05 899.999 87.47151184082031
C05 919.999 79.65415954589844
C05 925.012 77.04935455322266
C05 949.965 63.73069763183594
C05 975.002 48.89242935180664
C05 999.976 31.873754501342773
C05 1025.028 15.797167778015137
C05 1050.014 6.426411151885986
C05 1075.002 0.9377241100211099
C05 1099.99 0.0930401247268586
C06 319.994 47.195335388183594
C06 324.969 49.07249450683594
C06 349.982 57.42805099487305
C06 374.975 72.39138793945312
C06 400.019 83.9088363647461
C06 424.965 85.44515991210938
C06 450.035 84.81803131103516
C06 475.003 84.62517547607422
C06 500.018 84.94630432128906
C06 525.002 85.61951446533203
C06 550.029 87.08634185791016
C06 575.023 88.8207015991211
C06 599.982 90.6850357055664
C06 619.997 91.87101745605469
C06 624.979 92.12865447998047
C06 650.012 93.65724182128906
C06 675.004 95.01158142089844
C06 700.03 96.07489776611328
C06 725.012 96.62163543701172
C06 750.022 98.29684448242188
C06 774.987 99.18370819091797
C06 799.976 99.9085922241211
C06 824.988 98.59962463378906
C06 850.022 97.48330688476562
C06 869.967 95.13558197021484
C06 875.002 93.9876708984375
C06 899.999 87.66473388671875
C06 919.999 79.78390502929688
C06 925.012 77.15142822265625
C06 949.965 63.5849494934082
C06 975.002 48.801422119140625
C06 999.976 31.935733795166016
C06 1025.028 15.752914428710938
C06 1050.014 6.470974922180176
C06 1075.002 0.9364594750540375
C06 1099.99 0.09291464880722194
C07 319.994 46.72260665893555
C07 324.969 48.553855895996094
C07 349.982 56.81388854980469
C07 374.975 71.97846221923828
C07 400.019 83.78901672363281
C07 424.965 85.41742706298828
C07 450.035 84.76331329345703
C07 475.003 84.53213500976562
C07 500.018 84.80873107910156
C07 525.002 85.4554214477539
C07 550.029 86.91791534423828
C07 575.023 88.64436340332031
C07 599.982 90.5052719116211
C07 619.997 91.69731140136719
C07 624.979 91.95514678955078
C07 650.012 93.50274658203125
C07 675.004 94.87483978271484
C07 700.03 95.95442199707031
C07 725.012 96.50878143310547
C07 750.022 98.17989349365234
C07 774.987 99.06324005126953
C07 799.976 99.79637145996094
C07 824.988 98.50093078613281
C07 850.022 97.3754653930664
C07 869.967 95.10404205322266
C07 875.002 93.97026062011719
C07 899.999 87.63801574707031
C07 919.999 79.80757904052734
C07 925.012 77.17998504638672
C07 949.965 63.35578536987305
C07 975.002 48.77998733520508
C07 999.976 32.0170783996582
C07 1025.028 15.65219783782959
C07 1050.014 6.421221733093262
C07 1075.002 0.9353453222490261
C07 1099.99 0.09280410358945987
C10 319.994 48.73708724975586
C10 324.969 50.899723052978516
C10 349.982 59.985225677490234
C10 374.975 73.87155151367188
C10 400.019 84.0063247680664
C10 424.965 84.97005462646484
C10 450.035 84.3023910522461
C10 475.003 84.24131774902344
C10 500.018 84.77375030517578
C10 525.002 85.70075225830078
C10 550.029 87.34326934814453
C10 575.023 89.22640991210938
C10 599.982 91.20439147949219
C10 619.997 92.44954681396484
C10 624.979 92.71733093261719
C10 650.012 94.2645034790039
C10 675.004 95.59618377685547
C10 700.03 96.63470458984375
C10 725.012 97.22875213623047
C10 750.022 99.0020751953125
C10 774.987 99.96453094482422
C10 799.976 100.6524429321289
C10 824.988 99.17433166503906
C10 850.022 98.06523895263672
C10 869.967 95.70220947265625
C10 875.002 94.49412536621094
C10 899.999 87.30707550048828
C10 919.999 78.94371032714844
C10 925.012 76.30916595458984
C10 949.965 62.65644836425781
C10 975.002 48.226383209228516
C10 999.976 31.705591201782227
C10 1025.028 15.388214111328125
C10 1050.014 6.132448196411133
C10 1075.002 0.9431774359652647
C10 1099.99 0.09358119871717005
C11 319.994 48.30339050292969
C11 324.969 50.40955352783203
C11 349.982 59.38896942138672
C11 374.975 73.42411041259766
C11 400.019 83.73493957519531
C11 424.965 84.76699829101562
C11 450.035 84.0923080444336
C11 475.003 83.98380279541016
C11 500.018 84.4607162475586
C11 525.002 85.36103820800781
C11 550.029 86.98362731933594
C11 575.023 88.84591674804688
C11 599.982 90.80362701416016
C11 619.997 92.04058837890625
C11 624.979 92.30631256103516
C11 650.012 93.84677124023438
C11 675.004 95.18521118164062
C11 700.03 96.24822998046875
C11 725.012 96.9148178100586
C11 750.022 98.78203582763672
C11 774.987 99.84256744384766
C11 799.976 100.58294677734375
C11 824.988 99.10728454589844
C11 850.022 98.02985382080078
C11 869.967 95.66593933105469
C11 875.002 94.44984436035156
C11 899.999 87.19725799560547
C11 919.999 78.784912109375
C11 925.012 76.10041809082031
C11 949.965 62.506927490234375
C11 975.002 48.251373291015625
C11 999.976 31.635034561157227
C11 1025.028 15.317961692810059
C11 1050.014 6.123348712921143
C11 1075.002 0.9410802520622562
C11 1099.99 0.0933731180569568
C12 319.994 47.94732666015625
C12 324.969 50.013668060302734
C12 349.982 58.8820686340332
C12 374.975 73.11235046386719
C12 400.019 83.65196228027344
C12 424.965 84.77002716064453
C12 450.035 84.0932846069336
C12 475.003 83.94168853759766
C12 500.018 84.3670654296875
C12 525.002 85.22073364257812
C12 550.029 86.80545806884766
C12 575.023 88.63813781738281
C12 599.982 90.58356475830078
C12 619.997 91.81499481201172
C12 624.979 92.0814208984375
C12 650.012 93.62474060058594
C12 675.004 94.97057342529297
C12 700.03 96.05811309814453
C12 725.012 96.77086639404297
C12 750.022 98.69597625732422
C12 774.987 99.81429290771484
C12 799.976 100.59727478027344
C12 824.988 99.13816833496094
C12 850.022 98.08927154541016
C12 869.967 95.74417114257812
C12 875.002 94.52299499511719
C12 899.999 87.25823211669922
C12 919.999 78.82552337646484
C12 925.012 76.12602233886719
C12 949.965 62.59320831298828
C12 975.002 48.387908935546875
C12 999.976 31.70204734802246
C12 1025.028 15.355888366699219
C12 1050.014 6.152247905731201
C12 1075.002 0.9402598471248861
C12 1099.99 0.09329171823276147
C13 319.994 47.922969818115234
C13 324.969 49.95561981201172
C13 349.982 58.75230407714844
C13 374.975 73.19976043701172
C13 400.019 83.98816680908203
C13 424.965 85.19349670410156
C13 450.035 84.51664733886719
C13 475.003 84.34204864501953
C13 500.018 84.72652435302734
C13 525.002 85.52056884765625
C13 550.029 87.04818725585938
C13 575.023 88.84673309326172
C13 599.982 90.78205108642578
C13 619.997 92.01285552978516
C13 624.979 92.28031921386719
C13 650.012 93.83572387695312
C13 675.004 95.19844818115234
C13 700.03 96.30426025390625
C13 725.012 97.04446411132812
C13 750.022 99.00646209716797
C13 774.987 100.16032409667969
C13 799.976 100.9729995727539
C13 824.988 99.53143310546875
C13 850.022 98.51213836669922
C13 869.967 96.18010711669922
C13 875.002 94.9666519165039
C13 899.999 87.6978988647461
C13 919.999 79.24533081054688
C13 925.012 76.53326416015625
C13 949.965 62.972599029541016
C13 975.002 48.74805450439453
C13 999.976 31.903547286987305
C13 1025.028 15.449603080749512
C13 1050.014 6.206700801849365
C13 1075.002 0.9432175091413716
C13 1099.99 0.09358517474088891
C14 319.994 47.74300765991211
C14 324.969 49.72699737548828
C14 349.982 58.39479446411133
C14 374.975 73.00165557861328
C14 400.019 83.99984741210938
C14 424.965 85.29097747802734
C14 450.035 84.63618469238281
C14 475.003 84.4759750366211
C14 500.018 84.83898162841797
C14 525.002 85.57862091064453
C14 550.029 87.06065368652344
C14 575.023 88.81511688232422
C14 599.982 90.70626831054688
C14 619.997 91.91204833984375
C14 624.979 92.17352294921875
C14 650.012 93.71330261230469
C14 675.004 95.07171630859375
C14 700.03 96.18316650390625
C14 725.012 96.93484497070312
C14 750.022 98.90196990966797
C14 774.987 100.0721206665039
C14 799.976 100.90641784667969
C14 824.988 99.48479461669922
C14 850.022 98.4922866821289
C14 869.967 96.18382263183594
C14 875.002 94.97372436523438
C14 899.999 87.74223327636719
C14 919.999 79.31563568115234
C14 925.012 76.60377502441406
C14 949.965 63.052162170410156
C14 975.002 48.8403434753418
C14 999.976 31.92531394958496
C14 1025.028 15.466765403747559
C14 1050.014 6.231436729431152
C14 1075.002 0.942221897799865
C14 1099.99 0.09348639109823396
C15 319.994 47.678733825683594
C15 324.969 49.616371154785156
C15 349.982 58.14483642578125
C15 374.975 72.944091796875
C15 400.019 84.20903015136719
C15 424.965 85.60958862304688
C15 450.035 84.97674560546875
C15 475.003 84.83819580078125
C15 500.018 85.19502258300781
C15 525.002 85.9112548828125
C15 550.029 87.40497589111328
C15 575.023 89.14373016357422
C15 599.982 90.99535369873047
C15 619.997 92.1712646484375
C15 624.979 92.42717742919922
C15 650.012 93.94796752929688
C15 675.004 95.30384063720703
C15 700.03 96.41842651367188
C15 725.012 97.17329406738281
C15 750.022 99.15220642089844
C15 774.987 100.3336410522461
C15 799.976 101.18547058105469
C15 824.988 99.79415130615234
C15 850.022 98.82410430908203
C15 869.967 96.54130554199219
C15 875.002 95.33467102050781
C15 899.999 88.14340209960938
C15 919.999 79.72559356689453
C15 925.012 76.98054504394531
C15 949.965 63.379852294921875
C15 975.002 49.139617919921875
C15 999.976 32.082664489746094
C15 1025.028 15.556886672973633
C15 1050.014 6.310904026031494
C15 1075.002 0.9446057869313075
C15 1099.99 0.09372291838782175
C16 319.994 47.1126594543457
C16 324.969 48.99220275878906
C16 349.982 57.3494758605957
C16 374.975 72.21797180175781
C16 400.019 83.67863464355469
C16 424.965 85.17349243164062
C16 450.035 84.52896881103516
C16 475.003 84.34840393066406
C16 500.018 84.6695785522461
C16 525.002 85.3556137084961
C16 550.029 86.83665466308594
C16 575.023 88.57238006591797
C16 599.982 90.41627502441406
C16 619.997 91.5916519165039
C16 624.979 91.8482437133789
C16 650.012 93.37002563476562
C16 675.004 94.72964477539062
C16 700.03 95.85301971435547
C16 725.012 96.6108627319336
C16 750.022 98.58717346191406
C16 774.987 99.76345825195312
C16 799.976 100.6316909790039
C16 824.988 99.27281951904297
C16 850.022 98.3292465209961
C16 869.967 96.0794448852539
C16 875.002 94.88434600830078
C16 899.999 87.82701110839844
C16 919.999 79.45587921142578
C16 925.012 76.70333862304688
C16 949.965 63.16252517700195
C16 975.002 48.99641418457031
C16 999.976 32.01410675048828
C16 1025.028 15.500338554382324
C16 1050.014 6.323541164398193
C16 1075.002 0.9392227856531854
C16 1099.99 0.09318882194626812
C17 319.994 46.8649787902832
C17 324.969 48.69054412841797
C17 349.982 56.90190505981445
C17 374.975 72.00399017333984
C17 400.019 83.88069152832031
C17 424.965 85.5394058227539
C17 450.035 84.89999389648438
C17 475.003 84.68535614013672
C17 500.018 84.97527313232422
C17 525.002 85.64517974853516
C17 550.029 87.13595581054688
C17 575.023 88.87779998779297
C17 599.982 90.73025512695312
C17 619.997 91.91288757324219
C17 624.979 92.17108154296875
C17 650.012 93.71430969238281
C17 675.004 95.098876953125
C17 700.03 96.2488021850586
C17 725.012 97.02784729003906
C17 750.022 99.03095245361328
C17 774.987 100.2304916381836
C17 799.976 101.13016510009766
C17 824.988 99.7924575805664
C17 850.022 98.85895538330078
C17 869.967 96.62358856201172
C17 875.002 95.42533874511719
C17 899.999 88.39110565185547
C17 919.999 79.93175506591797
C17 925.012 77.16789245605469
C17 949.965 63.57525634765625
C17 975.002 49.32155990600586
C17 999.976 32.329246520996094
C17 1025.028 15.637666702270508
C17 1050.014 6.377383708953857
C17 1075.002 0.9434504307596631
C17 1099.99 0.0936082850098751
