lsstCam/transmission_sensor/r02_s20/19700101T000000.ecsv
# %ECSV 1.0
# ---
# datatype:
# - {name: amp_name, datatype: string}
# - {name: wavelength, unit: nm, datatype: float32}
# - {name: efficiency, unit: '%', datatype: float64}
# meta: !!omap
# - {MODE: AMP}
# - {TYPE: transmission_sensor}
# - {CALIBDATE: '1970-01-01T00:00:00'}
# - {INSTRUME: LSSTCam}
# - {OBSTYPE: transmission_sensor}
# - {DETECTOR: 15}
# - {PARQUETFILE: qe_raft_allvalues_nircorrected_20230725_adjust.parquet}
# - {CORRFILE: qe_corr_factor_bydetnum.parquet}
# - {CALIBCLS: lsst.ip.isr.IntermediateSensorTransmissionCurve}
# - {CALIB_ID: 'raftName=R02 detectorName=S20 detector=15 calibDate=1970-01-01T00:00:00 ccd=15 ccdnum=15 filter=None'}
# - {DATE: '2025-03-03T21:56:47.457000'}
# - {CALIB_CREATION_DATE: '2025-03-03'}
# - {CALIB_CREATION_TIME: '21:56:47'}
# - __serialized_columns__:
#     efficiency:
#       __class__: astropy.units.quantity.Quantity
#       unit: !astropy.units.Unit {unit: '%'}
#       value: !astropy.table.SerializedColumn {name: efficiency}
#     wavelength:
#       __class__: astropy.units.quantity.Quantity
#       unit: !astropy.units.Unit {unit: nm}
#       value: !astropy.table.SerializedColumn {name: wavelength}
# schema: astropy-2.0
amp_name wavelength efficiency
C00 319.994 48.527384710877044
C00 324.969 50.677000032477125
C00 349.982 59.74019794487843
C00 374.975 73.53719780464642
C00 400.019 83.59019581451648
C00 424.965 84.52726547090892
C00 450.035 83.83174628132393
C00 475.003 83.74862642448365
C00 500.018 84.27428241549384
C00 525.002 85.2112533186292
C00 550.029 86.86710995125458
C00 575.023 88.75727008089892
C00 599.982 90.74692031884496
C00 619.997 91.99937749272
C00 624.979 92.26386150438222
C00 650.012 93.8158600961814
C00 675.004 95.13247650153815
C00 700.03 96.13029460384101
C00 725.012 96.57234456812994
C00 750.022 98.12844521829996
C00 774.987 98.88832874228521
C00 799.976 99.48477562580997
C00 824.988 98.08206916949626
C00 850.022 96.90456571774178
C00 869.967 94.31106210199027
C00 875.002 93.06966529290773
C00 899.999 86.37583528651555
C00 919.999 78.70393023283131
C00 925.012 76.18612478683063
C00 949.965 63.08104342096655
C00 975.002 48.44723124995124
C00 999.976 31.333483607922723
C00 1025.028 15.454396663383534
C00 1050.014 6.196873231169087
C00 1075.002 0.934856304483955
C00 1099.99 0.0927555836960609
C01 319.994 48.18713036362231
C01 324.969 50.296317621056424
C01 349.982 59.26642919405719
C01 374.975 73.24540471920055
C01 400.019 83.504212113221
C01 424.965 84.51457187917248
C01 450.035 83.82016936103288
C01 475.003 83.6968949105847
C01 500.018 84.17723075300148
C01 525.002 85.07614367014071
C01 550.029 86.70491912111413
C01 575.023 88.57902804828146
C01 599.982 90.55592392325593
C01 619.997 91.80566918076359
C01 624.979 92.07180161217853
C01 650.012 93.6225316044445
C01 675.004 94.95638425136319
C01 700.03 95.97791832817302
C01 725.012 96.50074086034557
C01 750.022 98.15939296978664
C01 774.987 99.01973134543117
C01 799.976 99.67360704614772
C01 824.988 98.26034918413569
C01 850.022 97.11266161961369
C01 869.967 94.56238914124823
C01 875.002 93.3372790231788
C01 899.999 86.68102842930618
C01 919.999 78.8697521442704
C01 925.012 76.30649741080165
C01 949.965 63.180339820956284
C01 975.002 48.59582451623278
C01 999.976 31.49276121697943
C01 1025.028 15.546730958749423
C01 1050.014 6.243476697329209
C01 1075.002 0.9351502051319865
C01 1099.99 0.0927847442483576
C02 319.994 47.89511698244912
C02 324.969 49.96455985211241
C02 349.982 58.829229533971564
C02 374.975 72.98315405042914
C02 400.019 83.45160701281715
C02 424.965 84.54577031200405
C02 450.035 83.8530086172128
C02 475.003 83.70165785613752
C02 500.018 84.13893727846923
C02 525.002 84.98475892532362
C02 550.029 86.55916691007462
C02 575.023 88.3971321451522
C02 599.982 90.35552317903154
C02 619.997 91.6009612752498
C02 624.979 91.8669645677901
C02 650.012 93.42027733754882
C02 675.004 94.76010075831842
C02 700.03 95.80373277550005
C02 725.012 96.36138482180282
C02 750.022 98.06015354282982
C02 774.987 98.96461183517408
C02 799.976 99.64930614850269
C02 824.988 98.25058780449396
C02 850.022 97.12056947658415
C02 869.967 94.5840464901654
C02 875.002 93.36082787678919
C02 899.999 86.7148856036744
C02 919.999 78.8779334717989
C02 925.012 76.30690002023435
C02 949.965 63.226199314261414
C02 975.002 48.63547394894872
C02 999.976 31.53913346758092
C02 1025.028 15.584229659472319
C02 1050.014 6.254814805657226
C02 1075.002 0.9342043587282354
C02 1099.99 0.09269089823710865
C03 319.994 47.83796543401758
C03 324.969 49.86690427547101
C03 349.982 58.66063873313217
C03 374.975 73.06611438277722
C03 400.019 83.80092007230749
C03 424.965 84.9769042431839
C03 450.035 84.27824773858565
C03 475.003 84.09619990736857
C03 500.018 84.48889603233276
C03 525.002 85.27915757747542
C03 550.029 86.8126285389663
C03 575.023 88.62466724585927
C03 599.982 90.57268918774565
C03 619.997 91.81430629255553
C03 624.979 92.08331776123444
C03 650.012 93.64028440150497
C03 675.004 94.99632614564817
C03 700.03 96.05259098333111
C03 725.012 96.62160725060198
C03 750.022 98.33679180151675
C03 774.987 99.25273585729937
C03 799.976 99.95373965085426
C03 824.988 98.56778326622148
C03 850.022 97.4324170696208
C03 869.967 94.87128173297701
C03 875.002 93.64166694710404
C03 899.999 86.98186883238107
C03 919.999 79.12373032866061
C03 925.012 76.54226701386798
C03 949.965 63.41026399084416
C03 975.002 48.76324547079605
C03 999.976 31.615788784284927
C03 1025.028 15.652185194048167
C03 1050.014 6.286423919101153
C03 1075.002 0.9368397626286139
C03 1099.99 0.09295238059100841
C04 319.994 47.65671522526151
C04 324.969 49.64592866995508
C04 349.982 58.31139404128134
C04 374.975 72.88867756902513
C04 400.019 83.8371625176543
C04 424.965 85.10248040416239
C04 450.035 84.42253384357781
C04 475.003 84.24911552774829
C04 500.018 84.62519831631056
C04 525.002 85.36584774437921
C04 550.029 86.86867481055901
C04 575.023 88.65378426388786
C04 599.982 90.56910368487335
C04 619.997 91.79230710544078
C04 624.979 92.05858386853915
C04 650.012 93.6082959426168
C04 675.004 94.96357044991656
C04 700.03 96.01829321750824
C04 725.012 96.58293395585022
C04 750.022 98.28733161253055
C04 774.987 99.19916601353793
C04 799.976 99.90601144206907
C04 824.988 98.54297340948229
C04 850.022 97.40764519490355
C04 869.967 94.8600770365011
C04 875.002 93.64327738483482
C04 899.999 87.06678903706188
C04 919.999 79.23293623817769
C04 925.012 76.6379969019964
C04 949.965 63.451436502640384
C04 975.002 48.72762213240705
C04 999.976 31.6508025112216
C04 1025.028 15.6876651503043
C04 1050.014 6.327657202132502
C04 1075.002 0.9363686091257486
C04 1099.99 0.09290563317329394
C05 319.994 47.29359190258933
C05 324.969 49.22670969906165
C05 349.982 57.73909232911161
C05 374.975 72.46622632806357
C05 400.019 83.65215968512935
C05 424.965 85.02331827400954
C05 450.035 84.35861769703659
C05 475.003 84.18788850836128
C05 500.018 84.5400730087112
C05 525.002 85.24550550602574
C05 550.029 86.73256243669097
C05 575.023 88.48828899783756
C05 599.982 90.36751790156404
C05 619.997 91.56273616835708
C05 624.979 91.8251463616207
C05 650.012 93.35870088355986
C05 675.004 94.70821731633166
C05 700.03 95.76523419804927
C05 725.012 96.31926275945779
C05 750.022 98.00398572876686
C05 774.987 98.90380261802855
C05 799.976 99.61785703432624
C05 824.988 98.29056768080089
C05 850.022 97.17832493916472
C05 869.967 94.71317776839862
C05 875.002 93.52674854148535
C05 899.999 87.09327769917138
C05 919.999 79.30972829016072
C05 925.012 76.71618669238728
C05 949.965 63.45512075876975
C05 975.002 48.68101439326946
C05 999.976 31.73592971792205
C05 1025.028 15.728859501763148
C05 1050.014 6.398622811948064
C05 1075.002 0.9336693124488125
C05 1099.99 0.09263781143680122
C06 319.994 46.99125880605171
C06 324.969 48.860300931490606
C06 349.982 57.179727293618804
C06 374.975 72.07836151629171
C06 400.019 83.54600753017723
C06 424.965 85.07568788587727
C06 450.035 84.45127104138687
C06 475.003 84.25924913120514
C06 500.018 84.57898938840347
C06 525.002 85.24928851541218
C06 550.029 86.70977322351963
C06 575.023 88.43663344798252
C06 599.982 90.29290601764107
C06 619.997 91.47375948373175
C06 624.979 91.73028246359279
C06 650.012 93.25226006524092
C06 675.004 94.60074338701561
C06 700.03 95.65946186331668
C06 725.012 96.20383539474493
C06 750.022 97.87180069596869
C06 774.987 98.75482953152748
C06 799.976 99.47657910547268
C06 824.988 98.17327160060799
C06 850.022 97.06178090300648
C06 869.967 94.72420774757354
C06 875.002 93.58126033939119
C06 899.999 87.28566423676385
C06 919.999 79.43891274322468
C06 925.012 76.81781898672708
C06 949.965 63.31000284749683
C06 975.002 48.590400683498004
C06 999.976 31.79764100808895
C06 1025.028 15.684797507646907
C06 1050.014 6.442993884767943
C06 1075.002 0.9324101458692322
C06 1099.99 0.09251287808554784
C07 319.994 46.52057419541299
C07 324.969 48.34390495743237
C07 349.982 56.568220538389966
C07 374.975 71.66722132146751
C07 400.019 83.42670599922526
C07 424.965 85.048074955918
C07 450.035 84.39678962909859
C07 475.003 84.16661097966363
C07 500.018 84.44201102443492
C07 525.002 85.08590504978243
C07 550.029 86.5420750001961
C07 575.023 88.2610577533061
C07 599.982 90.11391953739334
C07 619.997 91.30080454857006
C07 624.979 91.55752503494523
C07 650.012 93.09843287633434
C07 675.004 94.46459303112562
C07 700.03 95.53950704158711
C07 725.012 96.09146938100143
C07 750.022 97.7553554130675
C07 774.987 98.63488230620231
C07 799.976 99.36484359329359
C07 824.988 98.07500451341315
C07 850.022 96.9544057269475
C07 869.967 94.69280421182344
C07 875.002 93.5639253445722
C07 899.999 87.25906162858851
C07 919.999 79.46248438604823
C07 925.012 76.84625232836052
C07 949.965 63.08182964882096
C07 975.002 48.56905858536304
C07 999.976 31.8786338716999
C07 1025.028 15.584516423738059
C07 1050.014 6.393455832636736
C07 1075.002 0.9313008107542435
C07 1099.99 0.0924028108745639
C10 319.994 48.52634400347555
C10 324.969 50.67962838839622
C10 349.982 59.72584453878268
C10 374.975 73.55212473927365
C10 400.019 83.64307438547837
C10 424.965 84.60263699527094
C10 450.035 83.93786045425409
C10 475.003 83.87705123710856
C10 500.018 84.40718151030472
C10 525.002 85.33017502936167
C10 550.029 86.96558973777235
C10 575.023 88.84058744425334
C10 599.982 90.81001605371202
C10 619.997 92.04978723225501
C10 624.979 92.31641342995533
C10 650.012 93.85689587269859
C10 675.004 95.18281787343365
C10 700.03 96.21684803546577
C10 725.012 96.8083268705192
C10 750.022 98.57398193220409
C10 774.987 99.53227594246344
C10 799.976 100.21721334073254
C10 824.988 98.74549355053162
C10 850.022 97.64119664788787
C10 869.967 95.2883851052477
C10 875.002 94.08552485563789
C10 899.999 86.92955239534406
C10 919.999 78.60235111332224
C10 925.012 75.97919873123483
C10 949.965 62.385516634977165
C10 975.002 48.017848289983384
C10 999.976 31.56849357055
C10 1025.028 15.32167418497473
C10 1050.014 6.105930976907746
C10 1075.002 0.9390990577549491
C10 1099.99 0.0931765457778716
C11 319.994 48.094522597698365
C11 324.969 50.19157839732094
C11 349.982 59.132166544658226
C11 374.975 73.10661841098708
C11 400.019 83.37286268490577
C11 424.965 84.40045869241918
C11 450.035 83.72868586295873
C11 475.003 83.62064979971778
C11 500.018 84.09550103816466
C11 525.002 84.9919299310682
C11 550.029 86.60750283121104
C11 575.023 88.46173956449294
C11 599.982 90.41098452748619
C11 619.997 91.64259716771384
C11 624.979 91.90717233622875
C11 650.012 93.44096994310841
C11 675.004 94.77362235813341
C11 700.03 95.83204457466326
C11 725.012 96.49575002266106
C11 750.022 98.35489403317919
C11 774.987 99.41083982187776
C11 799.976 100.14801769313996
C11 824.988 98.67873634874837
C11 850.022 97.60596452432496
C11 869.967 95.25227179877551
C11 875.002 94.04143532455574
C11 899.999 86.82020975054796
C11 919.999 78.44423955233947
C11 925.012 75.7713535107078
C11 949.965 62.23664230173318
C11 975.002 48.042730312564295
C11 999.976 31.498242022747142
C11 1025.028 15.25172554379694
C11 1050.014 6.096870840346314
C11 1075.002 0.9370109422507454
C11 1099.99 0.0929693648758568
C12 319.994 47.739998404796175
C12 324.969 49.79740477170281
C12 349.982 58.62745763875469
C12 374.975 72.79620653838022
C12 400.019 83.29024419075526
C12 424.965 84.40347446496219
C12 450.035 83.7296582027207
C12 475.003 83.5787176474825
C12 500.018 84.00225517427191
C12 525.002 84.85223205432787
C12 550.029 86.4301039994809
C12 575.023 88.2548590873235
C12 599.982 90.19187383924812
C12 619.997 91.4179790862927
C12 624.979 91.68325312401153
C12 650.012 93.2198993825376
C12 675.004 94.55991271341695
C12 700.03 95.6427497736577
C12 725.012 96.35242106462209
C12 750.022 98.26920659165495
C12 774.987 99.38268754720676
C12 799.976 100.16228374058522
C12 824.988 98.7094865937209
C12 850.022 97.66512532171777
C12 869.967 95.33016532939516
C12 875.002 94.11426964985134
C12 899.999 86.88092021443641
C12 919.999 78.48467521290982
C12 925.012 75.79684704384213
C12 949.965 62.322550038984744
C12 975.002 48.17867556553574
C12 999.976 31.564965040710636
C12 1025.028 15.289488219572405
C12 1050.014 6.12564507062678
C12 1075.002 0.9361940848130214
C12 1099.99 0.09288831703131732
C13 319.994 47.71574688377967
C13 324.969 49.739607528898084
C13 349.982 58.49825419467977
C13 374.975 72.88323854348158
C13 400.019 83.62499494302911
C13 424.965 84.82511289065397
C13 450.035 84.15119027875103
C13 475.003 83.97734656427563
C13 500.018 84.36015976712785
C13 525.002 85.15077074687247
C13 550.029 86.671783605163
C13 575.023 88.46255237976273
C13 599.982 90.38950189587
C13 619.997 91.61498423775457
C13 624.979 91.8812913864705
C13 650.012 93.42997034955104
C13 675.004 94.78680211975085
C13 700.03 95.88783256850671
C13 725.012 96.62483572246792
C13 750.022 98.57834986472861
C13 774.987 99.7272224683355
C13 799.976 100.53638386760159
C13 824.988 99.10105085443091
C13 850.022 98.08616363146272
C13 869.967 95.76421627986095
C13 875.002 94.55600816156026
C13 899.999 87.31868580664913
C13 919.999 78.90266736449419
C13 925.012 76.20232791739545
C13 949.965 62.70030023831073
C13 975.002 48.53726383478682
C13 999.976 31.765593677066747
C13 1025.028 15.382797703351919
C13 1050.014 6.179862507862503
C13 1075.002 0.939138957651287
C13 1099.99 0.09318050460893097
C14 319.994 47.536562897017795
C14 324.969 49.511973674933934
C14 349.982 58.14229048314559
C14 374.975 72.68599030707921
C14 400.019 83.63662503815088
C14 424.965 84.92217214955072
C14 450.035 84.27021074274056
C14 475.003 84.11069384694555
C14 500.018 84.47213076784304
C14 525.002 85.20857178787938
C14 550.029 86.68419612993699
C14 575.023 88.43107287996871
C14 599.982 90.31404681105968
C14 619.997 91.5146129465436
C14 624.979 91.77495691781301
C14 650.012 93.30807844470192
C14 675.004 94.66061824642111
C14 700.03 95.76726243802152
C14 725.012 96.51569058418598
C14 750.022 98.47430951019703
C14 774.987 99.63940043717754
C14 799.976 100.47009004648615
C14 824.988 99.0546140343921
C14 850.022 98.06639778723877
C14 869.967 95.7679157287991
C14 875.002 94.56305002843021
C14 899.999 87.36282851256202
C14 919.999 78.97266823095217
C14 925.012 76.27253388677197
C14 949.965 62.77951934149651
C14 975.002 48.62915374049587
C14 999.976 31.787266218792695
C14 1025.028 15.399885815028231
C14 1050.014 6.204491475222157
C14 1075.002 0.9381476514165888
C14 1099.99 0.09308214811501854
C15 319.994 47.47256698823047
C15 324.969 49.401825811272445
C15 349.982 57.89341328430355
C15 374.975 72.62867543595328
C15 400.019 83.84490325372818
C15 424.965 85.2394055933002
C15 450.035 84.60929904192136
C15 475.003 84.47134833819084
C15 500.018 84.82663217153207
C15 525.002 85.5397674228985
C15 550.029 87.02702945648228
C15 575.023 88.75826520987407
C15 599.982 90.60188216981814
C15 619.997 91.77270838211344
C15 624.979 92.02751457458221
C15 650.012 93.54172865094331
C15 675.004 94.89173885000048
C15 700.03 96.00150516380536
C15 725.012 96.75310860700503
C15 750.022 98.72346397779933
C15 774.987 99.8997899868733
C15 799.976 100.74793613347117
C15 824.988 99.36263303961597
C15 850.022 98.39678060698812
C15 869.967 96.1238528529179
C15 875.002 94.92243592014228
C15 899.999 87.76226264822054
C15 919.999 79.38085342446848
C15 925.012 76.64767472118983
C15 949.965 63.10579250647063
C15 975.002 48.92713409731776
C15 999.976 31.943936362042383
C15 1025.028 15.489617392339843
C15 1050.014 6.283615148577785
C15 1075.002 0.9405212324118114
C15 1099.99 0.09331765264080047
C16 319.994 46.90894036987462
C16 324.969 48.780356371685535
C16 349.982 57.10149192480158
C16 374.975 71.90569524449683
C16 400.019 83.31680122050426
C16 424.965 84.80519511834223
C16 450.035 84.1634584718416
C16 475.003 83.98367436913287
C16 500.018 84.30346020475754
C16 525.002 84.9865288875466
C16 550.029 86.46116569703345
C16 575.023 88.18938567788223
C16 599.982 90.02530748017878
C16 619.997 91.19560194416674
C16 624.979 91.45108421662627
C16 650.012 92.96628582555812
C16 675.004 94.32002585917101
C16 700.03 95.43854323083367
C16 725.012 96.19310927174563
C16 750.022 98.16087426864277
C16 774.987 99.3320727047532
C16 799.976 100.19655112079053
C16 824.988 98.8435555348079
C16 850.022 97.90406262541491
C16 869.967 95.66398932033339
C16 875.002 94.47405815099611
C16 899.999 87.44723975814867
C16 919.999 79.11230533645738
C16 925.012 76.3716669640673
C16 949.965 62.88940512920653
C16 975.002 48.784549586909066
C16 999.976 31.87567507218982
C16 1025.028 15.433313792548395
C16 1050.014 6.296197642900013
C16 1075.002 0.9351615076819628
C16 1099.99 0.09278586567698283
C17 319.994 46.66233069774314
C17 324.969 48.48000213849163
C17 349.982 56.65585645764036
C17 374.975 71.69263889055794
C17 400.019 83.51798439438087
C17 424.965 85.16952626931248
C17 450.035 84.53287921375346
C17 475.003 84.31916956903699
C17 500.018 84.607832935874
C17 525.002 85.27484281978164
C17 550.029 86.75917264127071
C17 575.023 88.49348493844063
C17 599.982 90.33792990646326
C17 619.997 91.51544855102654
C17 624.979 91.77252606840807
C17 650.012 93.30908117008146
C17 675.004 94.68766144605111
C17 700.03 95.83261430499255
C17 725.012 96.60829075370553
C17 750.022 98.60273432282195
C17 774.987 99.79708659951444
C17 799.976 100.69286979804481
C17 824.988 99.3609466378413
C17 850.022 98.43148098224368
C17 869.967 96.20578007426889
C17 875.002 95.01271158991835
C17 899.999 88.0088951095652
C17 919.999 79.58612346390716
C17 925.012 76.83421202740166
C17 949.965 63.30035161571877
C17 975.002 49.10828935101896
C17 999.976 32.18945215194165
C17 1025.028 15.570048122025902
C17 1050.014 6.349807367784499
C17 1075.002 0.9393708720969972
C17 1099.99 0.09320351494717892
