lsstCam/transmission_filter_detector/r22_s11/u_24/19700101T000000.ecsv
# %ECSV 1.0
# ---
# datatype:
# - {name: wavelength, unit: nm, datatype: float32}
# - {name: efficiency, unit: '%', datatype: float64}
# meta: !!omap
# - {MODE: DETECTOR}
# - {TYPE: transmission_filter_detector}
# - {CALIBDATE: '1970-01-01T00:00:00'}
# - {INSTRUME: LSSTCam}
# - {OBSTYPE: transmission_filter_detector}
# - {CALIBCLS: lsst.ip.isr.IntermediateFilterDetectorTransmissionCurve}
# - {SOURCE: Materion (DM-46256)}
# - {DETECTOR: 94}
# - {FILTER: u_24}
# - {CALIB_ID: 'calibDate=1970-01-01T00:00:00 filter=u_24 detector=94'}
# - {DATE: '2025-04-02T15:59:40.184191'}
# - {CALIB_CREATION_DATE: '2025-04-02'}
# - {CALIB_CREATION_TIME: '15:59:40'}
# - __serialized_columns__:
#     efficiency:
#       __class__: astropy.units.quantity.Quantity
#       unit: !astropy.units.Unit {unit: '%'}
#       value: !astropy.table.SerializedColumn {name: efficiency}
#     wavelength:
#       __class__: astropy.units.quantity.Quantity
#       unit: !astropy.units.Unit {unit: nm}
#       value: !astropy.table.SerializedColumn {name: wavelength}
# schema: astropy-2.0
wavelength efficiency
[from data line 581]
876.0 0.0025940527848433703
877.0 0.0026657082344172522
878.0 0.002737363502092194
879.0 0.0026046564016724005
880.0 0.002471949665050488
881.0 0.002518215660529677
882.0 0.0025644822017056867
883.0 0.0023853475795476697
884.0 0.0022062129573896527
885.0 0.0023257733118953183
886.0 0.0024453338482999243
887.0 0.0022861842808197252
888.0 0.002127034713339526
889.0 0.0020831137589993887
890.0 0.0020391929865581915
891.0 0.002239825698779896
892.0 0.0024404584110016003
893.0 0.002455478170304559
894.0 0.0024704970201128162
895.0 0.0026223489840049297
896.0 0.0027742007659981027
897.0 0.003331676634843461
898.0 0.003889152139890939
899.0 0.004038056067656726
900.0 0.004186959631624632
901.0 0.004300241926102899
902.0 0.004413524948176928
903.0 0.004657973840949126
904.0 0.004902422369923443
905.0 0.005069259714218788
906.0 0.005236096330918372
907.0 0.005385168333305046
908.0 0.00553424033569172
909.0 0.005448284719022922
910.0 0.0053623287385562435
911.0 0.005170130680198781
912.0 0.0049779329856392
913.0 0.004949184585711919
914.0 0.004920436913380399
915.0 0.004546174386632629
916.0 0.004171912223682739
917.0 0.003990189725300297
918.0 0.003808467954513617
919.0 0.0041775441786739975
920.0 0.004546620766632259
921.0 0.0045997294364497066
922.0 0.004652838106267154
923.0 0.00520280227647163
924.0 0.005752765355282463
925.0 0.006141358608147129
926.0 0.006529953680001199
927.0 0.00719895979273133
928.0 0.007867962995078415
929.0 0.007865740917623043
930.0 0.00786351811257191
931.0 0.007905962411314249
932.0 0.007948405982460827
933.0 0.0077130942372605205
934.0 0.007477783947251737
935.0 0.007629453466506675
936.0 0.007781122258165851
937.0 0.007465911767212674
938.0 0.007150702003855258
939.0 0.006714275514241308
940.0 0.006277849752223119
941.0 0.005578399941441603
942.0 0.004878948675468564
943.0 0.0037685807910747826
944.0 0.0026582134523778223
945.0 0.0024333858164027333
946.0 0.0022085581804276444
947.0 0.0019406765204621479
948.0 0.001672794678597711
949.0 0.0013472696991811972
950.0 0.001021744537865743
951.0 0.001379202240059385
952.0 0.0017366597603540868
953.0 0.0018312597603653558
954.0 0.0019258597603766248
955.0 0.002155737456632778
956.0 0.0023856151528889313
957.0 0.0025965322492993437
958.0 0.0028074489819118753
959.0 0.0030898729164619
960.0 0.0033722964872140437
961.0 0.003795822340180166
962.0 0.004219348193146288
963.0 0.004416376759763807
964.0 0.004613405690179206
965.0 0.004708176129497588
966.0 0.00480294693261385
967.0 0.0048718255129642785
968.0 0.004940704457112588
969.0 0.004815675129066221
970.0 0.0046906461648177356
971.0 0.004604611240210943
972.0 0.00451857631560415
973.0 0.004281109795556404
974.0 0.004043643275508657
975.0 0.003820206256932579
976.0 0.003596769238356501
977.0 0.003164561712765135
978.0 0.0027323543690727092
979.0 0.0026986563170794398
980.0 0.00266495808318723
981.0 0.0027111880626762286
982.0 0.002757417860266287
983.0 0.002768608828773722
984.0 0.0027797999791800976
985.0 0.0032152660423889756
986.0 0.0036507324693957344
987.0 0.0038551796023966745
988.0 0.0040596267353976145
989.0 0.0048549394705332816
990.0 0.005650251841871068
991.0 0.005924649667576887
992.0 0.006199046038091183
993.0 0.006281275273067877
994.0 0.006363503052853048
995.0 0.006178660987643525
996.0 0.005993816739646718
997.0 0.005917597445659339
998.0 0.005841379243065603
999.0 0.0062920007621869445
1000.0 0.006742619734723121
1001.0 0.006456787377828732
1002.0 0.0061709535657428205
1003.0 0.005864057675353251
1004.0 0.005557163603953086
1005.0 0.00533450220245868
1006.0 0.005111840437166393
1007.0 0.0050471255235606804
1008.0 0.004982408427167684
1009.0 0.004596937651513144
1010.0 0.004211467239656486
1011.0 0.003819203993771225
1012.0 0.0034269411116838455
1013.0 0.0027522342861630023
1014.0 0.0020775276425410993
1015.0 0.0016803473045001738
1016.0 0.0012831669664592482
1017.0 0.0013740783288085368
1018.0 0.0014649896002083551
1019.0 0.0011639367585303262
1020.0 0.0008628838259028271
1021.0 0.0009398707334185019
1022.0 0.0010168576409341767
1023.0 0.0011190437362529337
1024.0 0.0012212298315716907
1025.0 0.0014004978766024578
1026.0 0.0015797661035321653
1027.0 0.0012787500963895582
1028.0 0.0009777338163985405
1029.0 0.0011935318070754874
1030.0 0.0014093298887019046
1031.0 0.0015326471839216538
1032.0 0.001655964479141403
1033.0 0.0015381525372504257
1034.0 0.0014203401406120975
1035.0 0.0015942829122650437
1036.0 0.0017682254110695794
1037.0 0.0018962973626912571
1038.0 0.002024369314312935
1039.0 0.001730134135868866
1040.0 0.0014358992302732076
1041.0 0.0014495524737867527
1042.0 0.0014632058082497679
1043.0 0.0015125890058698133
1044.0 0.0015619722034898587
1045.0 0.0015579817045363598
1046.0 0.0015539913874818012
1047.0 0.001766837522154674
1048.0 0.0019796836568275467
1049.0 0.001705757858871948
1050.0 0.001431831879017409
1051.0 0.0015449306374648586
1052.0 0.0016580293959123082
1053.0 0.001443459314032225
1054.0 0.0012288891412026715
1055.0 0.0012927865100209601
1056.0 0.0013566841516876593
1057.0 0.0012699483704636805
1058.0 0.0011832125892397016
1059.0 0.0007081344392645406
1060.0 0.00023305640297621721
1061.0 0.0006286808456934523
1062.0 0.0010243055839964654
1063.0 0.0008351298674824648
1064.0 0.000645954105493729
1065.0 0.0011924737009394448
1066.0 0.0017389933418598957
1067.0 0.0010403422493254766
1068.0 0.000341690679306339
1069.0 0.001015302859741496
1070.0 0.0016889147445908748
1071.0 0.002176073940063361
1072.0 0.0026632331355358474
1073.0 0.0024647526515764184
1074.0 0.00226627234951593
1075.0 0.0027130969101563096
1076.0 0.0031599211069988087
1077.0 0.0034260268876096234
1078.0 0.003692132668220438
1079.0 0.004380737664178014
1080.0 0.005069341204944067
1081.0 0.003822698272415437
1082.0 0.0025760555217857473
1083.0 0.002620809755171649
1084.0 0.002665564534254372
1085.0 0.0027126849090564065
1086.0 0.0027598051019595005
1087.0 0.003117401138297282
1088.0 0.0034749969927361235
1089.0 0.0045034401409793645
1090.0 0.0055318832892226055
1091.0 0.004564730988931842
1092.0 0.0035975790524389595
1093.0 0.0033808504667831585
1094.0 0.0031641218811273575
1095.0 0.002883202068915125
1096.0 0.0026022818929050118
1097.0 0.002941173079307191
1098.0 0.003280064629507251
1099.0 0.0019872850316460244
1100.0 0.0006945052973605925
