lsstCam/transmission_filter_detector/r22_s11/u_24/19700101T000000.ecsv
# %ECSV 1.0
# ---
# datatype:
# - {name: wavelength, unit: nm, datatype: float32}
# - {name: efficiency, unit: '%', datatype: float64}
# meta: !!omap
# - {MODE: DETECTOR}
# - {TYPE: transmission_filter_detector}
# - {CALIBDATE: '1970-01-01T00:00:00'}
# - {INSTRUME: LSSTCam}
# - {OBSTYPE: transmission_filter_detector}
# - {CALIBCLS: lsst.ip.isr.IntermediateFilterDetectorTransmissionCurve}
# - {SOURCE: Materion (DM-46256)}
# - {DETECTOR: 94}
# - {FILTER: u_24}
# - {CALIB_ID: 'calibDate=1970-01-01T00:00:00 filter=u_24 detector=94'}
# - {DATE: '2025-04-02T15:59:40.184191'}
# - {CALIB_CREATION_DATE: '2025-04-02'}
# - {CALIB_CREATION_TIME: '15:59:40'}
# - __serialized_columns__:
#     efficiency:
#       __class__: astropy.units.quantity.Quantity
#       unit: !astropy.units.Unit {unit: '%'}
#       value: !astropy.table.SerializedColumn {name: efficiency}
#     wavelength:
#       __class__: astropy.units.quantity.Quantity
#       unit: !astropy.units.Unit {unit: nm}
#       value: !astropy.table.SerializedColumn {name: wavelength}
# schema: astropy-2.0
wavelength efficiency
295.0 0.1697959378361702
296.0 1.5825038762046217e-10
297.0 1.5825038762046217e-10
298.0 0.22532574366778135
299.0 1.5825038762046217e-10
300.0 0.05182067980058491
301.0 0.19866072107106447
302.0 1.5825038762046217e-10
303.0 1.5825038762046217e-10
304.0 0.1672044163569808
305.0 0.442886957898736
306.0 1.2609387747943401
307.0 2.3619361221790314
308.0 4.105211049318314
309.0 7.008730620145798
310.0 9.978022426366806
311.0 13.360367715358734
312.0 17.21874326467514
313.0 20.152442157268524
314.0 23.289725184440613
315.0 25.653991103172302
316.0 27.797862887382507
317.0 30.19721508026123
318.0 32.82070755958557
319.0 35.955533385276794
320.0 40.68126678466797
321.0 45.5633670091629
322.0 51.33369565010071
323.0 56.891077756881714
324.0 61.716896295547485
325.0 65.48886895179749
326.0 68.00837516784668
327.0 69.90556120872498
328.0 71.80625200271606
329.0 73.29732775688171
330.0 74.79233145713806
331.0 75.76746940612793
332.0 76.31843090057373
333.0 76.4954924583435
334.0 76.37624144554138
335.0 76.45452618598938
336.0 76.58475041389465
337.0 77.0577609539032
338.0 78.00293564796448
339.0 78.53327989578247
340.0 78.95478010177612
341.0 79.54381704330444
342.0 79.85718846321106
343.0 79.7612726688385
344.0 79.83342409133911
345.0 80.23780584335327
346.0 80.50235509872437
347.0 80.72434067726135
348.0 81.06985092163086
349.0 81.25585317611694
350.0 81.32115602493286
351.0 81.46657943725586
352.0 81.40387535095215
353.0 81.26220703125
354.0 81.20908737182617
355.0 81.40283823013306
356.0 81.5071165561676
357.0 81.49396777153015
358.0 81.19444251060486
359.0 80.97612857818604
360.0 81.01317882537842
361.0 80.92500567436218
362.0 80.8359444141388
363.0 80.89151978492737
364.0 80.98921775817871
365.0 81.12651705741882
366.0 81.17832541465759
367.0 81.1363160610199
368.0 80.92764616012573
369.0 80.81422448158264
370.0 80.43540120124817
371.0 80.22791743278503
372.0 80.2083432674408
373.0 80.32012581825256
374.0 80.31828999519348
375.0 80.55195212364197
376.0 80.65063953399658
377.0 80.68705797195435
378.0 80.71728348731995
379.0 80.48214316368103
380.0 79.79732751846313
381.0 78.59188914299011
382.0 76.86002850532532
383.0 74.97146725654602
384.0 72.84978032112122
385.0 70.4640805721283
386.0 68.08658242225647
387.0 65.01189470291138
388.0 61.862337589263916
389.0 58.14932584762573
390.0 54.363298416137695
391.0 50.32505393028259
392.0 45.934247970581055
393.0 42.09989905357361
394.0 38.921332359313965
395.0 35.78716516494751
396.0 32.60270953178406
397.0 28.64275574684143
398.0 23.99383932352066
399.0 17.970825731754303
400.0 12.031755596399307
401.0 7.185354083776474
402.0 3.4951377660036087
403.0 1.3087151572108269
404.0 0.4002124071121216
405.0 0.16829882515594363
406.0 0.044260884169489145
407.0 0.03611394786275923
408.0 0.048296208842657506
409.0 1.5825038762046217e-10
410.0 1.5825038762046217e-10
411.0 1.5825038762046217e-10
412.0 1.5825038762046217e-10
413.0 1.5825038762046217e-10
414.0 1.5825038762046217e-10
415.0 1.5825038762046217e-10
416.0 1.5825038762046217e-10
417.0 1.5825038762046217e-10
418.0 1.5825038762046217e-10
419.0 1.5825038762046217e-10
420.0 1.5825038762046217e-10
421.0 1.5825038762046217e-10
422.0 1.5825038762046217e-10
423.0 1.5825038762046217e-10
424.0 1.5825038762046217e-10
425.0 1.5825038762046217e-10
426.0 1.5825038762046217e-10
427.0 1.5825038762046217e-10
428.0 1.5825038762046217e-10
429.0 1.5825038762046217e-10
430.0 1.5825038762046217e-10
431.0 1.5825038762046217e-10
432.0 9.447511502003181e-05
433.0 0.0011089849976997357
434.0 0.0021234947780612856
435.0 0.0014784022823732812
436.0 0.0008333096047863364
437.0 4.351111613232206e-05
438.0 1.5825038762046217e-10
439.0 1.5825038762046217e-10
440.0 0.0006176034275995335
441.0 1.5825038762046217e-10
442.0 1.5825038762046217e-10
443.0 1.5825038762046217e-10
444.0 1.5825038762046217e-10
445.0 1.5825038762046217e-10
446.0 1.5825038762046217e-10
447.0 1.5825038762046217e-10
448.0 8.70767166816222e-05
449.0 1.5825038762046217e-10
450.0 1.5825038762046217e-10
451.0 1.5825038762046217e-10
452.0 1.5825038762046217e-10
453.0 1.5825038762046217e-10
454.0 1.5825038762046217e-10
455.0 1.5825038762046217e-10
456.0 1.5825038762046217e-10
457.0 1.5825038762046217e-10
458.0 1.5825038762046217e-10
459.0 1.5825038762046217e-10
460.0 1.5825038762046217e-10
461.0 1.5825038762046217e-10
462.0 1.5825038762046217e-10
463.0 1.5825038762046217e-10
464.0 1.5825038762046217e-10
465.0 0.0001317053715865768
466.0 0.0005121320555190323
467.0 1.5825038762046217e-10
468.0 1.5825038762046217e-10
469.0 1.5825038762046217e-10
470.0 1.8905120668932796e-05
471.0 1.5825038762046217e-10
472.0 1.5825038762046217e-10
473.0 1.5825038762046217e-10
474.0 1.5825038762046217e-10
475.0 1.5825038762046217e-10
476.0 1.5825038762046217e-10
477.0 0.00017841707631305326
478.0 0.0007075173471093876
479.0 0.00024844305244187126
480.0 1.5825038762046217e-10
481.0 1.5825038762046217e-10
482.0 1.5825038762046217e-10
483.0 1.5825038762046217e-10
484.0 1.5825038762046217e-10
485.0 1.5825038762046217e-10
486.0 1.5825038762046217e-10
487.0 1.5825038762046217e-10
488.0 1.5825038762046217e-10
489.0 1.5825038762046217e-10
490.0 1.5825038762046217e-10
491.0 1.5825038762046217e-10
492.0 1.5825038762046217e-10
493.0 1.5825038762046217e-10
494.0 1.5825038762046217e-10
495.0 1.5825038762046217e-10
496.0 5.8229028354617185e-05
497.0 1.5825038762046217e-10
498.0 1.5825038762046217e-10
499.0 1.5825038762046217e-10
500.0 9.50066294080898e-05
501.0 1.5825038762046217e-10
502.0 1.5825038762046217e-10
503.0 1.5825038762046217e-10
504.0 1.5825038762046217e-10
505.0 1.5825038762046217e-10
506.0 3.8675068481097696e-05
507.0 1.5825038762046217e-10
508.0 1.5825038762046217e-10
509.0 1.5825038762046217e-10
510.0 1.5825038762046217e-10
511.0 0.00012665027497860137
512.0 0.0006816826953581767
513.0 0.0004907843049295479
514.0 0.00029988570986461127
515.0 0.000308631797452108
516.0 0.00031737804420117754
517.0 8.242920301881895e-06
518.0 1.5825038762046217e-10
519.0 1.5825038762046217e-10
520.0 0.00025552672013873234
521.0 1.5825038762046217e-10
522.0 1.5825038762046217e-10
523.0 1.5825038762046217e-10
524.0 1.5825038762046217e-10
525.0 1.5825038762046217e-10
526.0 1.5825038762046217e-10
527.0 1.5825038762046217e-10
528.0 1.5825038762046217e-10
529.0 1.5825038762046217e-10
530.0 1.5825038762046217e-10
531.0 1.5825038762046217e-10
532.0 1.6504635880210117e-06
533.0 1.5825038762046217e-10
534.0 1.5825038762046217e-10
535.0 1.5825038762046217e-10
536.0 4.63668250461069e-06
537.0 1.5825038762046217e-10
538.0 1.5825038762046217e-10
539.0 1.5825038762046217e-10
540.0 1.5825038762046217e-10
541.0 1.5825038762046217e-10
542.0 1.5825038762046217e-10
543.0 1.5825038762046217e-10
544.0 1.5825038762046217e-10
545.0 1.5825038762046217e-10
546.0 1.5825038762046217e-10
547.0 1.5825038762046217e-10
548.0 1.5825038762046217e-10
549.0 1.5825038762046217e-10
550.0 1.5825038762046217e-10
551.0 1.5825038762046217e-10
552.0 1.5825038762046217e-10
553.0 1.5825038762046217e-10
554.0 1.5825038762046217e-10
555.0 1.5825038762046217e-10
556.0 1.5825038762046217e-10
557.0 1.5825038762046217e-10
558.0 1.5825038762046217e-10
559.0 1.5825038762046217e-10
560.0 1.5825038762046217e-10
561.0 7.585128400933172e-05
562.0 0.00021113567072461592
563.0 1.5825038762046217e-10
564.0 1.5825038762046217e-10
565.0 1.5825038762046217e-10
566.0 1.5825038762046217e-10
567.0 7.637065095877915e-05
568.0 0.0001971028723346535
569.0 0.00020727763967443025
570.0 0.00021745229332736926
571.0 0.00029069881293253275
572.0 0.0003639453780124313
573.0 0.0004950668426317861
574.0 0.0006261884209379787
575.0 0.0004383407940622419
576.0 0.0002504932353986078
577.0 0.00028687816211458994
578.0 0.00032326311156793963
579.0 0.00030191831683623604
580.0 0.0002805734538924298
581.0 0.000657843702356331
582.0 0.0010351142009312753
583.0 0.0014882244613545481
584.0 0.0019413346308283508
585.0 0.0016857988157426007
586.0 0.0014302628187579103
587.0 0.0016229483662755229
588.0 0.0018156339137931354
589.0 0.0013231139746494591
590.0 0.0008305939445563126
591.0 0.0008699181307747494
592.0 0.0009092422260437161
593.0 0.000714837369741872
594.0 0.000520432104167412
595.0 0.0006489993211289402
596.0 0.0007775662197673228
597.0 0.0009548564776196145
598.0 0.0011321465535729658
599.0 0.0012770703506248537
600.0 0.0014219936929293908
601.0 0.001549538501421921
602.0 0.001677083309914451
603.0 0.0016258725736406632
604.0 0.0015746620192658156
605.0 0.001595458888914436
606.0 0.001616255940461997
607.0 0.0014197831660567317
608.0 0.0012233104826009367
609.0 0.000932492457650369
610.0 0.0006416743872250663
611.0 0.0004091356458957307
612.0 0.00017659684772297624
613.0 0.00025222814201697474
614.0 0.0003278594931543921
615.0 0.0003281418457845575
616.0 0.000328424243889458
617.0 0.0004936726782034384
618.0 0.0006589211807295214
619.0 0.0005004918875783915
620.0 0.0003420626853767317
621.0 0.00040841487134457566
622.0 0.00047476705731241964
623.0 0.0005878106094314717
624.0 0.0007008541615505237
625.0 0.0006616717655560933
626.0 0.000622489415036398
627.0 0.0005302823410602286
628.0 0.0004380752670840593
629.0 0.0005016413524572272
630.0 0.0005652076197293354
631.0 0.0010142957762582228
632.0 0.0014633839782618452
633.0 0.0015551673641311936
634.0 0.0016469506590510719
635.0 0.0021524581825360656
636.0 0.0026579657060210593
637.0 0.002573101119196508
638.0 0.002488236532371957
639.0 0.002260505425510928
640.0 0.002032774136750959
641.0 0.00184581549547147
642.0 0.001658856672293041
643.0 0.0011699024071276654
644.0 0.0006809481874370249
645.0 0.0005766850790678291
646.0 0.00047242187974916305
647.0 0.000230773230214254
648.0 1.5825038762046217e-10
649.0 2.810986075019173e-05
650.0 6.70951067149872e-05
651.0 0.000233028072216257
652.0 0.00039896121961646713
653.0 0.0008241393516073003
654.0 0.0012493173926486634
655.0 0.001186327699542744
656.0 0.001123338097386295
657.0 0.0018316301066079177
658.0 0.002539922388677951
659.0 0.003087965160375461
660.0 0.0036360077501740307
661.0 0.003679289875435643
662.0 0.003722572000697255
663.0 0.003239579382352531
664.0 0.002756587309704628
665.0 0.0024970526283141226
666.0 0.0022375181288225576
667.0 0.0018700779037317261
668.0 0.0015026377695903648
669.0 0.001128989242715761
670.0 0.0007553407158411574
671.0 0.0005441069788503228
672.0 0.00033287312817265047
673.0 0.0003465562713245163
674.0 0.00036023934626427945
675.0 0.0005786161182186333
676.0 0.0007969928446982522
677.0 0.001034370234265225
678.0 0.0012717478057311382
679.0 0.0016719366612960584
680.0 0.002072125789709389
681.0 0.0028780748834833503
682.0 0.0036840247048530728
683.0 0.0050008959078695625
684.0 0.006317766383290291
685.0 0.006809704063925892
686.0 0.007301643199753016
687.0 0.007101241499185562
688.0 0.006900841253809631
689.0 0.006134261639090255
690.0 0.005367681660572998
691.0 0.004775501292897388
692.0 0.004183321289019659
693.0 0.003476333586149849
694.0 0.002769345883280039
695.0 0.0022500160412164405
696.0 0.0017306865629507229
697.0 0.0013221208973845933
698.0 0.0009135550499195233
699.0 0.0007570778507215437
700.0 0.0006006003786751535
701.0 0.0005715150564356009
702.0 0.0005424296887213131
703.0 0.0007026970706647262
704.0 0.0008629646799818147
705.0 0.0005594262802333105
706.0 0.00025588801690901164
707.0 0.0005182936547498684
708.0 0.0007806989742675796
709.0 0.0007182275112427305
710.0 0.0006557559117936762
711.0 0.0006839433353889035
712.0 0.0007121306680346606
713.0 0.0007163495865825098
714.0 0.0007205686415545642
715.0 0.0006449946795328287
716.0 0.0005694206265616231
717.0 0.0005970196980342735
718.0 0.0006246186330827186
719.0 0.0006457383733504685
720.0 0.0006668580681434833
721.0 0.0004759110652230447
722.0 0.0002849640623026062
723.0 0.0003330898380227154
724.0 0.0003812157046922948
725.0 0.00025807660222199047
726.0 0.00013493747701431857
727.0 0.00024275429950648686
728.0 0.00035057112199865514
729.0 0.0003845370883936994
730.0 0.00041850307752611116
731.0 0.00023928246264404152
732.0 6.006198418617714e-05
733.0 4.1482024926153827e-05
734.0 2.2902096930010885e-05
735.0 0.0003689539880724624
736.0 0.0007150058536353754
737.0 0.0004863769390794914
738.0 0.00025774797904887237
739.0 0.00037804791190865217
740.0 0.0004983478902431671
741.0 0.0008240593160735443
742.0 0.0011497708328533918
743.0 0.0013186881005822215
744.0 0.001487605277361581
745.0 0.0017883827240439132
746.0 0.002089160079776775
747.0 0.0025636032660258934
748.0 0.0030380462703760713
749.0 0.003038595423277002
750.0 0.003039144939975813
751.0 0.0030947656341595575
752.0 0.0031503866921411827
753.0 0.002894664430641569
754.0 0.0026389421691419557
755.0 0.0026887066269409843
756.0 0.0027384714485378936
757.0 0.002380495425313711
758.0 0.0020225194020895287
759.0 0.001674481427471619
760.0 0.00132644372570212
761.0 0.0012177294593129773
762.0 0.0011090151929238345
763.0 0.0008616537343186792
764.0 0.000614292366662994
765.0 0.0007377087513305014
766.0 0.0008611250450485386
767.0 0.0007989066943991929
768.0 0.0007366883892245824
769.0 0.0006225466222531395
770.0 0.0005084048098069616
771.0 0.00041186872294929344
772.0 0.0003153325224047876
773.0 0.00048668566705600824
774.0 0.0006580387889698613
775.0 0.00072385473686154
776.0 0.0007896704119048081
777.0 0.0006319782642094651
778.0 0.0004742858436657116
779.0 0.0005109590347274207
780.0 0.0005476322257891297
781.0 0.0006597791070817038
782.0 0.0007719260793237481
783.0 0.0009026478437590413
784.0 0.0010333695172448643
785.0 0.0011194423677807208
786.0 0.0012055151273671072
787.0 0.0009632072760723531
788.0 0.0007208993338281289
789.0 0.0007470169748557964
790.0 0.0007731345249339938
791.0 0.0006127607775852084
792.0 0.0004523870757111581
793.0 0.0002468593265803065
794.0 4.133156323860021e-05
795.0 1.6859762297372072e-05
796.0 1.5825038762046217e-10
797.0 0.0003256185436839587
798.0 0.000658849148749141
799.0 0.00037900022107351106
800.0 9.915129339788109e-05
801.0 1.5825038762046217e-10
802.0 1.5825038762046217e-10
803.0 1.5825038762046217e-10
804.0 1.5825038762046217e-10
805.0 3.733412938800029e-05
806.0 0.00012841129546359298
807.0 1.5825038762046217e-10
808.0 1.5825038762046217e-10
809.0 0.00010053298638013075
810.0 0.0004056898887938587
811.0 9.31153692818043e-05
812.0 1.5825038762046217e-10
813.0 1.4597956976558635e-05
814.0 0.000248655032919487
815.0 0.00023917377802717965
816.0 0.00022969245492276968
817.0 0.00024346998088731198
818.0 0.000257247370427649
819.0 0.00021865159851586213
820.0 0.00018005579249802395
821.0 3.2993168019856967e-05
822.0 1.5825038762046217e-10
823.0 5.406162628673883e-06
824.0 0.00012488178526837146
825.0 1.5825038762046217e-10
826.0 1.5825038762046217e-10
827.0 1.5825038762046217e-10
828.0 0.00012485643310355954
829.0 1.5825038762046217e-10
830.0 1.5825038762046217e-10
831.0 1.5825038762046217e-10
832.0 1.5825038762046217e-10
833.0 1.5825038762046217e-10
834.0 1.5825038762046217e-10
835.0 1.5825038762046217e-10
836.0 1.5825038762046217e-10
837.0 1.5825038762046217e-10
838.0 1.5825038762046217e-10
839.0 1.5825038762046217e-10
840.0 1.5825038762046217e-10
841.0 1.5825038762046217e-10
842.0 0.00010676665169739863
843.0 1.5825038762046217e-10
844.0 1.5825038762046217e-10
845.0 1.5825038762046217e-10
846.0 1.5825038762046217e-10
847.0 1.5825038762046217e-10
848.0 1.5825038762046217e-10
849.0 3.57997350874939e-05
850.0 0.00024640673927933676
851.0 1.5825038762046217e-10
852.0 1.5825038762046217e-10
853.0 1.5825038762046217e-10
854.0 9.426931342204625e-05
855.0 1.5825038762046217e-10
856.0 1.5825038762046217e-10
857.0 9.477880666963756e-05
858.0 0.0004569592420011759
859.0 0.0006149441560410196
860.0 0.0007729290700808633
861.0 0.0008647873983136378
862.0 0.0009566457265464123
863.0 0.0008104611879389267
864.0 0.0006642766038567061
865.0 0.001125997459894279
866.0 0.0015877181795076467
867.0 0.0015666946637793444
868.0 0.0015456715118489228
869.0 0.0016537045667064376
870.0 0.001761737439665012
871.0 0.0017164667951874435
872.0 0.0016711957869119942
873.0 0.0018971051758853719
874.0 0.002123014382959809
