lsstCam/transmission_filter_detector/r34_s22/i_39/19700101T000000.ecsv
# %ECSV 1.0
# ---
# datatype:
# - {name: wavelength, unit: nm, datatype: float32}
# - {name: efficiency, unit: '%', datatype: float64}
# meta: !!omap
# - {MODE: DETECTOR}
# - {TYPE: transmission_filter_detector}
# - {CALIBDATE: '1970-01-01T00:00:00'}
# - {INSTRUME: LSSTCam}
# - {OBSTYPE: transmission_filter_detector}
# - {CALIBCLS: lsst.ip.isr.IntermediateFilterDetectorTransmissionCurve}
# - {SOURCE: Materion (DM-46256)}
# - {DETECTOR: 161}
# - {FILTER: i_39}
# - {CALIB_ID: 'calibDate=1970-01-01T00:00:00 filter=i_39 detector=161'}
# - {DATE: '2025-04-02T15:59:47.225057'}
# - {CALIB_CREATION_DATE: '2025-04-02'}
# - {CALIB_CREATION_TIME: '15:59:47'}
# - __serialized_columns__:
#     efficiency:
#       __class__: astropy.units.quantity.Quantity
#       unit: !astropy.units.Unit {unit: '%'}
#       value: !astropy.table.SerializedColumn {name: efficiency}
#     wavelength:
#       __class__: astropy.units.quantity.Quantity
#       unit: !astropy.units.Unit {unit: nm}
#       value: !astropy.table.SerializedColumn {name: wavelength}
# schema: astropy-2.0
wavelength efficiency
300.0 2.688533423667039e-10
301.0 0.013249414041638374
302.0 0.02738193143159151
303.0 0.01867213286459446
304.0 0.009962339390767738
305.0 0.01743744796840474
306.0 0.024912552908062935
307.0 0.022131310834083706
308.0 0.01935006439452991
309.0 0.014152830408420414
310.0 0.008955594239523634
311.0 2.688533423667039e-10
312.0 2.688533423667039e-10
313.0 2.688533423667039e-10
314.0 2.688533423667039e-10
315.0 0.000983414975053165
316.0 0.002724953264987562
317.0 0.0005646283625537762
318.0 2.688533423667039e-10
319.0 0.0026771384000312537
320.0 0.006949969247216359
321.0 0.0040409820940112695
322.0 0.0011319956684019417
323.0 2.688533423667039e-10
324.0 2.688533423667039e-10
325.0 2.688533423667039e-10
326.0 0.0014728791029483546
327.0 0.0008939508916228078
328.0 0.00031502393085247604
329.0 0.001482611241954146
330.0 0.0026501995307626203
331.0 0.0015804211216163822
332.0 0.0005106418939249124
333.0 0.00026358452487329487
334.0 1.6527003765531845e-05
335.0 0.0012442238585208543
336.0 0.002471920379321091
337.0 0.0022865817300044
338.0 0.002101243080687709
339.0 0.0006458723873947747
340.0 2.688533423667039e-10
341.0 2.688533423667039e-10
342.0 2.688533423667039e-10
343.0 5.27005170170014e-05
344.0 0.0003191518999301479
345.0 0.0008004845767572988
346.0 0.0012818173672712874
347.0 0.0004420701316121267
348.0 2.688533423667039e-10
349.0 0.0001995259253817494
350.0 0.000796729091234738
351.0 0.0007890590495662764
352.0 0.0007813885531504638
353.0 0.00029860393624403514
354.0 2.688533423667039e-10
355.0 0.0004189838819002034
356.0 0.0010221483535133302
357.0 2.688533423667039e-10
358.0 2.688533423667039e-10
359.0 2.688533423667039e-10
360.0 0.0004182309112366056
361.0 2.688533423667039e-10
362.0 2.688533423667039e-10
363.0 2.688533423667039e-10
364.0 2.688533423667039e-10
365.0 0.000287178545477218
366.0 0.001115359100367641
367.0 0.0006620234216825338
368.0 0.00020868765204795636
369.0 9.876806217334888e-06
370.0 2.688533423667039e-10
371.0 2.688533423667039e-10
372.0 2.688533423667039e-10
373.0 0.0002653514457051642
374.0 0.000638580377199105
375.0 0.0004867282314080512
376.0 0.000334876108354365
377.0 0.0006855313586129341
378.0 0.0010361865861341357
379.0 0.0007106872544682119
380.0 0.00038518774090334773
381.0 0.0003200629180355463
382.0 0.00025493816337984754
383.0 0.00017714288560455316
384.0 9.934755098583992e-05
385.0 0.0003718702828336973
386.0 0.000644393048787606
387.0 0.0003776119456233573
388.0 0.00011083062645411701
389.0 0.00047866860768408515
390.0 0.0008465063729090616
391.0 0.0005830531790707028
392.0 0.0003196001443939167
393.0 0.00010990587497872184
394.0 2.688533423667039e-10
395.0 0.0006654749540757621
396.0 0.0014307381206890568
397.0 0.0005073264674138045
398.0 2.688533423667039e-10
399.0 0.0009822101674217265
400.0 0.0023805057935533114
401.0 0.001959551627805922
402.0 0.0015385972801595926
403.0 0.0020645455151679926
404.0 0.00259049247688381
405.0 0.0028681415642495267
406.0 0.003145790469716303
407.0 0.0042556705011520535
408.0 0.005365550532587804
409.0 0.004640777115128003
410.0 0.003916004789061844
411.0 0.0033441661798860878
412.0 0.0027723281164071523
413.0 0.0022218660888029262
414.0 0.0016714042430976406
415.0 0.00337130441039335
416.0 0.00507120494148694
417.0 0.005699544635717757
418.0 0.006327883602352813
419.0 0.005209643495618366
420.0 0.00409140411647968
421.0 0.0038419835618697107
422.0 0.003592563371057622
423.0 0.0034462627809261903
424.0 0.0032999621907947585
425.0 0.0040334569348488
426.0 0.004766952042700723
427.0 0.005214689008425921
428.0 0.005662426337949
429.0 0.004889310730504803
430.0 0.004116194759262726
431.0 0.004624608118319884
432.0 0.005133021477377042
433.0 0.00391429930459708
434.0 0.0026955771318171173
435.0 0.002499691072443966
436.0 0.002303805376868695
437.0 0.001967788557521999
438.0 0.0016317721019731835
439.0 0.001420847729605157
440.0 0.0012099235391360708
441.0 0.001113838607125217
442.0 0.0010177537660638336
443.0 0.0013837866390531417
444.0 0.00174981960299192
445.0 0.0011664430530800018
446.0 0.0005830663667438785
447.0 0.000409195808970253
448.0 0.0002353252966713626
449.0 0.0004160059233981883
450.0 0.0005966863682260737
451.0 0.0008008949407667387
452.0 0.001005103604256874
453.0 0.0008972699106379878
454.0 0.0007894365808169823
455.0 0.00037558863823505817
456.0 2.688533423667039e-10
457.0 0.00012623467000594246
458.0 0.0002907283260356053
459.0 0.00010813063227033126
460.0 2.688533423667039e-10
461.0 0.00017749596281646518
462.0 0.0004294590780773433
463.0 0.00022458418698079186
464.0 1.9709285936642118e-05
465.0 2.688533423667039e-10
466.0 2.688533423667039e-10
467.0 4.726438191937632e-05
468.0 0.00023864288323238725
469.0 0.0005798190613859333
470.0 0.0009209953532263171
471.0 0.0006582771220564609
472.0 0.00039555911826028023
473.0 2.688533423667039e-10
474.0 2.688533423667039e-10
475.0 0.00011454031891844352
476.0 0.0006571338417415973
477.0 0.0005995923856971785
478.0 0.00054205102060223
479.0 0.0009245295586879365
480.0 0.0013070081877231132
481.0 0.001609751234354917
482.0 0.0019124941900372505
483.0 0.0027100295483251102
484.0 0.0035075641790172085
485.0 0.004269139390089549
486.0 0.005030713509768248
487.0 0.007028442632872611
488.0 0.009026171028381214
489.0 0.013575593766290694
490.0 0.018125015776604414
491.0 0.023557781241834164
492.0 0.02899054961744696
493.0 0.03192890144418925
494.0 0.03486725618131459
495.0 0.032177663524635136
496.0 0.029488070867955685
497.0 0.022567650012206286
498.0 0.015647229156456888
499.0 0.011421351518947631
500.0 0.007195473153842613
501.0 0.005024228084948845
502.0 0.002852981378964614
503.0 0.0021091824237373658
504.0 0.0013653835594595876
505.0 0.0014480518984782975
506.0 0.001530719964648597
507.0 0.0020821244106628
508.0 0.002633528674778063
509.0 0.002719788972171955
510.0 0.0028060492695658468
511.0 0.0023824197342037223
512.0 0.0019587903807405382
513.0 0.001986934512387961
514.0 0.0020150788259343244
515.0 0.0020695799321401864
516.0 0.002124081220244989
517.0 0.0021003141227993183
518.0 0.002076547207252588
519.0 0.002098849290632643
520.0 0.002121151555911638
521.0 0.0019021419575437903
522.0 0.0016831323591759428
523.0 0.0017125035810749978
524.0 0.001741874439176172
525.0 0.0020359868358355016
526.0 0.002330099596292712
527.0 0.003181480133207515
528.0 0.004032860670122318
529.0 0.004372722469270229
530.0 0.004712583540822379
531.0 0.003913373075192794
532.0 0.003114162609563209
533.0 0.0021127130821696483
534.0 0.0011112632819276769
535.0 0.001490758040745277
536.0 0.0018702528905123472
537.0 0.002169626714021433
538.0 0.002469000537530519
539.0 0.003089525125687942
540.0 0.0037100500776432455
541.0 0.004355882992967963
542.0 0.0050017155444948
543.0 0.005267579035717063
544.0 0.005533442526939325
545.0 0.004766337588080205
546.0 0.003999232649221085
547.0 0.002947956818388775
548.0 0.0018966808056575246
549.0 0.0017737380403559655
550.0 0.0016507954569533467
551.0 0.0017246375136892311
552.0 0.0017984793885261752
553.0 0.0019786053599091247
554.0 0.002158731695089955
555.0 0.0018345284843235277
556.0 0.001510325546405511
557.0 0.001008516028377926
558.0 0.0005067062375019304
559.0 0.00048072042773128487
560.0 0.0004547346634353744
561.0 0.0006855436367914081
562.0 0.0009163525646727066
563.0 0.0012891387086710893
564.0 0.0016619247617200017
565.0 0.0014423520951822866
566.0 0.0012227797924424522
567.0 0.0013557345482695382
568.0 0.0014886893950460944
569.0 0.0012096059435862117
570.0 0.0009305226740252692
571.0 0.000599426903136191
572.0 0.0002683312004592153
573.0 0.00025039153115358204
574.0 0.00023245172542374348
575.0 0.0002864962652893155
576.0 0.0003405407142054173
577.0 0.00045286769818631
578.0 0.0005651947049045702
579.0 0.00042507617763476446
580.0 0.00028495774131442886
581.0 0.0003724730504472973
582.0 0.0004599884050549008
583.0 0.0003555288913048571
584.0 0.0002510693320800783
585.0 0.00042679803300416097
586.0 0.0006025265975040384
587.0 0.0005111051905259956
588.0 0.00041968378354795277
589.0 0.0005972593498881906
590.0 0.000774835189076839
591.0 0.0006983649655012414
592.0 0.0006218946964509087
593.0 0.000675609044265002
594.0 0.0007293235739780357
595.0 0.0005207709364185575
596.0 0.00031221823064697674
597.0 0.000348154617313412
598.0 0.00038409098124247976
599.0 0.0003761666903301375
600.0 0.00036824244489253033
601.0 0.00042569618017296307
602.0 0.00048315005187760107
603.0 0.00028927322546223877
604.0 9.53964672589791e-05
605.0 8.790278798187501e-05
606.0 8.040910302042903e-05
607.0 0.0001942609969773912
608.0 0.0003081128625126439
609.0 0.0002702999381654081
610.0 0.00023248705929290736
611.0 0.00021928885871602688
612.0 0.0002060906581391464
613.0 0.0003172070364598767
614.0 0.0004283234829927096
615.0 0.00040707345760893077
616.0 0.0003858234322251519
617.0 0.0003191163841620437
618.0 0.00025240933609893546
619.0 0.00011599686331464909
620.0 2.688533423667039e-10
621.0 0.00018306401443624054
622.0 0.0003865435701300157
623.0 0.00031826386930333683
624.0 0.0002499842366887606
625.0 0.0002833917051248136
626.0 0.0003167991735608666
627.0 0.00035330203900230117
628.0 0.00038980492718110327
629.0 0.0004599919066095026
630.0 0.0005301788405631669
631.0 0.0005822331331728492
632.0 0.0006342872438835911
633.0 0.0004148925199842779
634.0 0.00019549772787286201
635.0 0.00034786535252351314
636.0 0.0005002329999115318
637.0 0.000354998678631091
638.0 0.00020976431187591515
639.0 0.0002506631972210016
640.0 0.00029156217351555824
641.0 0.0005182090262678685
642.0 0.0007448557880707085
643.0 0.0006442257472372148
644.0 0.0005435955245047808
645.0 0.0006936078534636181
646.0 0.0008436202733719256
647.0 0.0008345920832653064
648.0 0.0008255636203102767
649.0 0.0008135537427733652
650.0 0.0008015436833375134
651.0 0.0008426938620686997
652.0 0.0008838438589009456
653.0 0.000812022881291341
654.0 0.0007402019946312066
655.0 0.0008981083738035522
656.0 0.0010560144801274873
657.0 0.0019158844224875793
658.0 0.0027757543648476712
659.0 0.004754445399157703
660.0 0.06894833059050143
661.0 0.1065018237568438
662.0 0.08074934012256563
663.0 0.12125374050810933
664.0 0.10917582549154758
665.0 0.14544938458129764
666.0 0.1301902811974287
667.0 0.12974010314792395
668.0 0.16678983811289072
669.0 0.2569889184087515
670.0 0.3331760875880718
671.0 0.4643638152629137
672.0 0.7700397167354822
673.0 1.1629714630544186
674.0 1.8048528581857681
675.0 2.705787308514118
676.0 3.773629292845726
677.0 5.209000036120415
678.0 6.6451288759708405
679.0 8.122776448726654
680.0 10.039731860160828
681.0 12.186647206544876
682.0 14.871440827846527
683.0 17.80543178319931
684.0 20.890401303768158
685.0 23.946261405944824
686.0 26.95826292037964
687.0 30.204272270202637
688.0 33.39015543460846
689.0 36.5167111158371
690.0 40.12574851512909
691.0 44.087785482406616
692.0 48.775678873062134
693.0 53.91818284988403
694.0 59.59392786026001
695.0 65.22696018218994
696.0 71.40252590179443
697.0 76.88347101211548
698.0 82.80514478683472
699.0 87.27907538414001
700.0 90.86663722991943
701.0 93.70031356811523
702.0 95.57144045829773
703.0 96.69462442398071
704.0 97.24500775337219
705.0 97.64788150787354
706.0 97.73004651069641
707.0 97.93892502784729
708.0 97.89838194847107
709.0 98.04957509040833
710.0 97.71960973739624
711.0 97.93096780776978
712.0 97.77946472167969
713.0 97.93979525566101
714.0 98.00857901573181
715.0 98.08065295219421
716.0 97.9637861251831
717.0 98.13699126243591
718.0 98.15635085105896
719.0 98.14552068710327
720.0 98.3954668045044
721.0 98.29494953155518
722.0 97.96116352081299
723.0 97.74535298347473
724.0 97.39454388618469
725.0 97.07353115081787
726.0 96.75517082214355
727.0 96.49867415428162
728.0 96.19033336639404
729.0 96.0296094417572
730.0 96.17645144462585
731.0 96.23766541481018
732.0 96.3085412979126
733.0 96.69893980026245
734.0 97.07649946212769
735.0 97.31727838516235
736.0 97.74801731109619
737.0 98.11097979545593
738.0 98.34680557250977
739.0 98.59384298324585
740.0 98.72519373893738
741.0 98.53695631027222
742.0 98.87053966522217
743.0 98.70355725288391
744.0 98.49138259887695
745.0 98.43839406967163
746.0 98.36435317993164
747.0 98.66978526115417
748.0 98.52238297462463
749.0 98.4931468963623
750.0 98.38263392448425
751.0 98.39083552360535
752.0 98.34844470024109
753.0 98.57699871063232
754.0 98.47623109817505
755.0 98.62334728240967
756.0 98.62878918647766
757.0 98.63176941871643
758.0 98.76284003257751
759.0 98.75180721282959
760.0 98.51144552230835
761.0 98.438960313797
762.0 98.49247336387634
763.0 98.38020205497742
764.0 98.28366041183472
765.0 98.22613596916199
766.0 98.2745349407196
767.0 98.06742072105408
768.0 98.12310934066772
769.0 98.23165535926819
770.0 97.97738194465637
771.0 98.08619022369385
772.0 98.21356534957886
773.0 98.12939763069153
774.0 97.92667627334595
775.0 98.10565710067749
776.0 97.93496131896973
777.0 98.00472259521484
778.0 98.06753396987915
779.0 97.97648787498474
780.0 97.84135222434998
781.0 98.01932573318481
782.0 97.88646101951599
783.0 97.86577224731445
784.0 97.86089062690735
785.0 97.99148440361023
786.0 98.1549322605133
787.0 97.91333079338074
788.0 97.99388647079468
789.0 98.05994629859924
790.0 98.05145263671875
791.0 98.05290699005127
792.0 98.01051020622253
793.0 97.92487025260925
794.0 97.97943234443665
795.0 97.90547490119934
796.0 97.927725315094
797.0 98.04985523223877
798.0 98.10423851013184
799.0 97.89232015609741
800.0 97.76622653007507
801.0 97.78673052787781
802.0 97.63208031654358
803.0 97.5303590297699
804.0 97.29174971580505
805.0 96.95827960968018
806.0 96.81530594825745
807.0 96.30197286605835
808.0 95.59630751609802
809.0 94.78508830070496
810.0 93.71405839920044
811.0 92.21185445785522
812.0 90.26222825050354
813.0 88.0135715007782
814.0 85.24434566497803
815.0 82.00030326843262
816.0 78.53238582611084
817.0 74.26586747169495
818.0 69.48384642601013
819.0 65.27138948440552
820.0 60.193437337875366
821.0 55.456143617630005
822.0 50.91354846954346
823.0 46.197229623794556
824.0 41.55549108982086
825.0 37.16740906238556
826.0 32.65981078147888
827.0 28.009966015815735
828.0 23.766086995601654
829.0 19.52768713235855
830.0 15.217170119285583
831.0 11.793061345815659
832.0 8.428283035755157
833.0 5.793337523937225
834.0 3.748929873108864
835.0 2.2690031677484512
836.0 1.3755484484136105
837.0 0.8271996863186359
838.0 0.48961546272039413
839.0 0.225154310464859
840.0 0.1689298078417778
841.0 0.0889176910277456
842.0 0.05321801290847361
843.0 0.017544440925121307
844.0 2.688533423667039e-10
845.0 2.688533423667039e-10
846.0 2.688533423667039e-10
847.0 0.019520719069987535
848.0 2.688533423667039e-10
849.0 2.688533423667039e-10
850.0 2.688533423667039e-10
851.0 0.002806981501635164
852.0 0.0025373592507094145
853.0 0.0012827365935663693
854.0 2.8113916528127447e-05
855.0 0.00017240831766685005
856.0 0.0003167027216477436
857.0 0.0006014519385644235
858.0 0.0008862011782184709
859.0 0.000537812729817233
860.0 0.00018942431552204653
861.0 0.00014893137176841265
862.0 0.00010843828022188973
863.0 9.471493740420556e-05
864.0 8.099157753349573e-05
865.0 0.00010589715202513617
866.0 0.0001308026867263834
867.0 0.00010861461987587973
868.0 8.642643933853833e-05
869.0 7.810312467881886e-05
870.0 6.977975317568053e-05
871.0 5.9689983800126356e-05
872.0 4.960018031852087e-05
873.0 0.00011037009244319052
874.0 0.0001711399931991764
875.0 7.187450705714582e-05
876.0 2.688533423667039e-10
877.0 2.5217761390194937e-05
878.0 7.78265530243516e-05
879.0 8.340026056430361e-05
880.0 8.897398515728128e-05
881.0 9.97224105958594e-05
882.0 0.00011047085308746318
883.0 3.823419092441327e-05
884.0 2.688533423667039e-10
885.0 0.00011278773399681086
886.0 0.00025957785965147195
887.0 0.00016223754073507735
888.0 6.489717065960576e-05
889.0 0.0001218995635099418
890.0 0.0001789019279385684
891.0 2.688533423667039e-10
892.0 2.688533423667039e-10
893.0 2.688533423667039e-10
894.0 5.911290941185143e-05
895.0 9.372439535582089e-05
896.0 0.00012833588698413223
897.0 0.00012241600870765978
898.0 0.00011649608495645225
