lsstCam/transmission_filter_detector/r34_s22/i_39/19700101T000000.ecsv
# %ECSV 1.0
# ---
# datatype:
# - {name: wavelength, unit: nm, datatype: float32}
# - {name: efficiency, unit: '%', datatype: float64}
# meta: !!omap
# - {MODE: DETECTOR}
# - {TYPE: transmission_filter_detector}
# - {CALIBDATE: '1970-01-01T00:00:00'}
# - {INSTRUME: LSSTCam}
# - {OBSTYPE: transmission_filter_detector}
# - {CALIBCLS: lsst.ip.isr.IntermediateFilterDetectorTransmissionCurve}
# - {SOURCE: Materion (DM-46256)}
# - {DETECTOR: 161}
# - {FILTER: i_39}
# - {CALIB_ID: 'calibDate=1970-01-01T00:00:00 filter=i_39 detector=161'}
# - {DATE: '2025-04-02T15:59:47.225057'}
# - {CALIB_CREATION_DATE: '2025-04-02'}
# - {CALIB_CREATION_TIME: '15:59:47'}
# - __serialized_columns__:
#     efficiency:
#       __class__: astropy.units.quantity.Quantity
#       unit: !astropy.units.Unit {unit: '%'}
#       value: !astropy.table.SerializedColumn {name: efficiency}
#     wavelength:
#       __class__: astropy.units.quantity.Quantity
#       unit: !astropy.units.Unit {unit: nm}
#       value: !astropy.table.SerializedColumn {name: wavelength}
# schema: astropy-2.0
wavelength efficiency
[from data line 600]
900.0 2.688533423667039e-10
901.0 2.688533423667039e-10
902.0 2.688533423667039e-10
903.0 2.688533423667039e-10
904.0 2.688533423667039e-10
905.0 2.688533423667039e-10
906.0 2.688533423667039e-10
907.0 2.688533423667039e-10
908.0 2.688533423667039e-10
909.0 2.688533423667039e-10
910.0 2.688533423667039e-10
911.0 2.688533423667039e-10
912.0 2.688533423667039e-10
913.0 2.688533423667039e-10
914.0 6.690787586194347e-05
915.0 2.0323408023159573e-05
916.0 2.688533423667039e-10
917.0 2.688533423667039e-10
918.0 2.688533423667039e-10
919.0 2.688533423667039e-10
920.0 0.00019402264115342405
921.0 1.3725738767789153e-05
922.0 2.688533423667039e-10
923.0 2.688533423667039e-10
924.0 0.00010274575288349297
925.0 4.964126674167346e-05
926.0 2.688533423667039e-10
927.0 2.688533423667039e-10
928.0 2.688533423667039e-10
929.0 2.688533423667039e-10
930.0 2.688533423667039e-10
931.0 2.688533423667039e-10
932.0 4.162915843153314e-05
933.0 2.688533423667039e-10
934.0 2.688533423667039e-10
935.0 2.688533423667039e-10
936.0 2.688533423667039e-10
937.0 0.00014055315205041552
938.0 0.0002906716645156848
939.0 0.00020370466700114775
940.0 0.00011673771496134577
941.0 3.0451187171820493e-05
942.0 2.688533423667039e-10
943.0 2.688533423667039e-10
944.0 2.688533423667039e-10
945.0 2.688533423667039e-10
946.0 2.688533423667039e-10
947.0 2.6901960836767103e-05
948.0 0.0002859608230210142
949.0 0.00013624706980408519
950.0 2.688533423667039e-10
951.0 0.0002026290985668311
952.0 0.0004187249032838736
953.0 0.00017577675635038759
954.0 2.688533423667039e-10
955.0 9.308589596912498e-05
956.0 0.00025334322799608344
957.0 0.00021550395103986375
958.0 0.00017766471955837915
959.0 0.00022058879949327093
960.0 0.0002635129249028978
961.0 0.00024186206246668007
962.0 0.0002202111772930948
963.0 0.00020245909126970218
964.0 0.0001847070279836771
965.0 6.572201414201118e-05
966.0 2.688533423667039e-10
967.0 2.688533423667039e-10
968.0 2.688533423667039e-10
969.0 2.688533423667039e-10
970.0 2.688533423667039e-10
971.0 2.688533423667039e-10
972.0 2.688533423667039e-10
973.0 3.6763361777047976e-05
974.0 8.952543453233375e-05
975.0 0.0001111299752665218
976.0 0.00013273452168505173
977.0 0.000123315010114311
978.0 0.00011389547580620274
979.0 5.3574052572002984e-05
980.0 2.688533423667039e-10
981.0 2.688533423667039e-10
982.0 2.688533423667039e-10
983.0 4.6913108064927656e-06
984.0 8.457231501779461e-05
985.0 0.00011444308256614022
986.0 0.00014431387853619526
987.0 1.4755725885606807e-05
988.0 2.688533423667039e-10
989.0 2.688533423667039e-10
990.0 2.861741279502894e-05
991.0 8.596576321906468e-05
992.0 0.00014331413922263891
993.0 0.00019527053609635914
994.0 0.00024722685338929296
995.0 0.00025574613573553506
996.0 0.00026426534986967454
997.0 0.00018976855926666758
998.0 0.00011527176866366062
999.0 4.855548354498751e-05
1000.0 2.688533423667039e-10
1001.0 2.6185182377957972e-05
1002.0 7.053118906696909e-05
1003.0 0.0001429155645382707
1004.0 0.00021529997411562363
1005.0 0.00019814019651676062
1006.0 0.0001809804643926327
1007.0 0.00023334748675551964
1008.0 0.0002857145318557741
1009.0 0.000286569638774381
1010.0 0.0002874246320061502
1011.0 0.00031647277864976786
1012.0 0.0003455209707681206
1013.0 0.00029749301120318705
1014.0 0.00024946511985035613
1015.0 0.00021122848465893185
1016.0 0.00017299190631092642
1017.0 0.00026013215119746746
1018.0 0.00034727238471532473
1019.0 0.00024515893528587185
1020.0 0.0001430454744877352
1021.0 0.00013579191318058292
1022.0 0.00012853835187343066
1023.0 0.00016559597497689538
1024.0 0.00020265358671167633
1025.0 0.0003111696514679352
1026.0 0.00041968578443629667
1027.0 0.0005966971002635546
1028.0 0.0007737084160908125
1029.0 0.0010767021194624249
1030.0 0.0013796959137835074
1031.0 0.0016484329535160214
1032.0 0.0019171700841980055
1033.0 0.0022132340745883994
1034.0 0.002509297519281972
1035.0 0.002768805279629305
1036.0 0.003028312676178757
1037.0 0.0032912819733610377
1038.0 0.0035542514524422586
1039.0 0.0032322561310138553
1040.0 0.0029102604457875714
1041.0 0.002624965964059811
1042.0 0.002339671482332051
1043.0 0.002402063000772614
1044.0 0.002464454883011058
1045.0 0.003038524300791323
1046.0 0.0036125937185715884
1047.0 0.00363361177733168
1048.0 0.0036546298360917717
1049.0 0.0031605057301931083
1050.0 0.0026663818061933853
1051.0 0.0024686381948413327
1052.0 0.002270894947287161
1053.0 0.002043021595454775
1054.0 0.0018151480617234483
1055.0 0.0012180650628579315
1056.0 0.0006209818820934743
1057.0 0.0009059785043064039
1058.0 0.0011909754903172143
1059.0 0.0008192099812731612
1060.0 0.00044744474507751875
1061.0 0.0007368904334725812
1062.0 0.0010263362128171138
1063.0 0.0015527004507021047
1064.0 0.0020790646885870956
1065.0 0.0022567788619198836
1066.0 0.002434493217151612
1067.0 0.003402696893317625
1068.0 0.004370900569483638
1069.0 0.004489410275709815
1070.0 0.004607919981935993
1071.0 0.004216228990117088
1072.0 0.0038245376345003024
1073.0 0.0029234155590529554
1074.0 0.002022293301706668
1075.0 0.0018437449398334138
1076.0 0.0016651963960612193
1077.0 0.0021983321857987903
1078.0 0.0027314676117384806
1079.0 0.0029114251447026618
1080.0 0.0030913823138689622
1081.0 0.002220392161689233
1082.0 0.0013494020095095038
1083.0 0.0013671698070538696
1084.0 0.0013849376045982353
1085.0 0.0011136336070194375
1086.0 0.0008423297003901098
1087.0 0.0014736146113136783
1088.0 0.0021048997950856574
1089.0 0.0006786224730603863
1090.0 2.688533423667039e-10
1091.0 0.00023279242213902762
1092.0 0.001213239647768205
1093.0 8.676292395648488e-05
1094.0 2.688533423667039e-10
1095.0 0.00040263362279802095
1096.0 0.0018449809431331232
1097.0 0.0003929502781829797
1098.0 2.688533423667039e-10
1099.0 2.688533423667039e-10
1100.0 0.0006077918897062773
