lsstCam/transmission_filter_detector/r34_s12/y_10/19700101T000000.ecsv
# %ECSV 1.0
# ---
# datatype:
# - {name: wavelength, unit: nm, datatype: float32}
# - {name: efficiency, unit: '%', datatype: float64}
# meta: !!omap
# - {MODE: DETECTOR}
# - {TYPE: transmission_filter_detector}
# - {CALIBDATE: '1970-01-01T00:00:00'}
# - {INSTRUME: LSSTCam}
# - {OBSTYPE: transmission_filter_detector}
# - {CALIBCLS: lsst.ip.isr.IntermediateFilterDetectorTransmissionCurve}
# - {SOURCE: Materion (DM-46256)}
# - {DETECTOR: 158}
# - {FILTER: y_10}
# - {CALIB_ID: 'calibDate=1970-01-01T00:00:00 filter=y_10 detector=158'}
# - {DATE: '2025-04-02T15:59:51.475467'}
# - {CALIB_CREATION_DATE: '2025-04-02'}
# - {CALIB_CREATION_TIME: '15:59:51'}
# - __serialized_columns__:
#     efficiency:
#       __class__: astropy.units.quantity.Quantity
#       unit: !astropy.units.Unit {unit: '%'}
#       value: !astropy.table.SerializedColumn {name: efficiency}
#     wavelength:
#       __class__: astropy.units.quantity.Quantity
#       unit: !astropy.units.Unit {unit: nm}
#       value: !astropy.table.SerializedColumn {name: wavelength}
# schema: astropy-2.0
wavelength efficiency
300.0 0.023582082940265536
301.0 0.018857292889151722
302.0 0.014132499927654862
303.0 0.013051027781330049
304.0 0.01196955272462219
305.0 0.011180610454175621
306.0 0.010391665273346007
307.0 0.009294616029364988
308.0 0.008197568240575492
309.0 0.008544827869627625
310.0 0.008892090409062803
311.0 0.005448648516903631
312.0 0.0020052078980370425
313.0 0.004311075826990418
314.0 0.0066169435740448534
315.0 0.0042137915443163365
316.0 0.0018106375136994757
317.0 0.002187674181186594
318.0 0.0025647103029768914
319.0 0.0007855965122871567
320.0 1.9626700438479805e-10
321.0 0.000566428343518055
322.0 0.0021263747839839198
323.0 0.0030941417207941413
324.0 0.004061908839503303
325.0 0.003264373299316503
326.0 0.002466837759129703
327.0 0.00350060872733593
328.0 0.004534378967946395
329.0 0.004416115189087577
330.0 0.004297851410228759
331.0 0.0033775242627598345
332.0 0.0024571972971898504
333.0 0.0031945201044436544
334.0 0.003931842366000637
335.0 0.0027878835680894554
336.0 0.0016439238606835715
337.0 0.0015898820493021049
338.0 0.0015358402379206382
339.0 0.0015010887182143051
340.0 0.0014663372894574422
341.0 0.0014049360288481694
342.0 0.0013435346772894263
343.0 0.0009145809599431232
344.0 0.0004856271971220849
345.0 0.0007496510079363361
346.0 0.0010136749551747926
347.0 0.0010946805559797212
348.0 0.0011756862477341201
349.0 0.0010364645277149975
350.0 0.0008972428076958749
351.0 0.001084311315935338
352.0 0.0012713798241748009
353.0 0.001196683388116071
354.0 0.0011219867701584008
355.0 0.001297537710343022
356.0 0.0014730884686287027
357.0 0.0012931704077345785
358.0 0.0011132526196888648
359.0 0.0008789914318185765
360.0 0.0006447302894230234
361.0 0.0006990959718677914
362.0 0.0007534617452620296
363.0 0.00078160201155697
364.0 0.0008097422323771752
365.0 0.0010817967449838761
366.0 0.0013538513485400472
367.0 0.0017684513295534998
368.0 0.0021830508558196016
369.0 0.0019166838683304377
370.0 0.0016503174265380949
371.0 0.0017115547962021083
372.0 0.001772792347765062
373.0 0.001867426180979237
374.0 0.0019620598322944716
375.0 0.0028563441446749493
376.0 0.003750628457055427
377.0 0.003849099448416382
378.0 0.003947570439777337
379.0 0.003653821477200836
380.0 0.0033600728784222156
381.0 0.0026489042284083553
382.0 0.0019377357602934353
383.0 0.0015106526916497387
384.0 0.0010835694411071017
385.0 0.0009118601155932993
386.0 0.000740150881028967
387.0 0.000531743535248097
388.0 0.00032333621220459463
389.0 0.00043148070290044416
390.0 0.0005396251708589261
391.0 0.0005160918135516113
392.0 0.0004925585017190315
393.0 0.0005678034540324006
394.0 0.0006430483153962996
395.0 0.0006252689672692213
396.0 0.000607489573667408
397.0 0.0007875660230638459
398.0 0.000967642517935019
399.0 0.0010197432857239619
400.0 0.0010718442354118451
401.0 0.0013660109289048705
402.0 0.0016601774404989555
403.0 0.0017265680071432143
404.0 0.0017929585737874731
405.0 0.0017237965948879719
406.0 0.0016546349797863513
407.0 0.0016883595890249126
408.0 0.0017220840163645335
409.0 0.0014376443687069695
410.0 0.0011532045391504653
411.0 0.0010162274520553183
412.0 0.0008792500921117608
413.0 0.0009166740710497834
414.0 0.0009540982318867464
415.0 0.0009254022188542876
416.0 0.0008967058420239482
417.0 0.00043522413761820644
418.0 1.9626700438479805e-10
419.0 1.9626700438479805e-10
420.0 1.9626700438479805e-10
421.0 0.0002257335154354223
422.0 0.000652912285659113
423.0 0.0005289587079460034
424.0 0.00040500513023289386
425.0 0.0002028615881499718
426.0 7.182098027413986e-07
427.0 0.0005565345418290235
428.0 0.001112350855692057
429.0 0.00093956195996725
430.0 0.0007667731551919132
431.0 0.00032580155675532296
432.0 1.9626700438479805e-10
433.0 1.9626700438479805e-10
434.0 1.9626700438479805e-10
435.0 1.9626700438479805e-10
436.0 1.9626700438479805e-10
437.0 2.4664629449944186e-05
438.0 6.755633989996568e-05
439.0 0.00011049438626287156
440.0 0.00015343263157774345
441.0 0.0004059906132169999
442.0 0.0006585486971744103
443.0 0.0005189322109799832
444.0 0.0003793155883613508
445.0 0.0004856781743001193
446.0 0.0005920406692894176
447.0 0.000652027893011109
448.0 0.0007120152986317407
449.0 0.00019595804587879684
450.0 1.9626700438479805e-10
451.0 1.9626700438479805e-10
452.0 2.4100357820522333e-08
453.0 1.9626700438479805e-10
454.0 1.9626700438479805e-10
455.0 0.0004504036951402668
456.0 0.0009805162335396744
457.0 0.0002470726258252398
458.0 1.9626700438479805e-10
459.0 1.9626700438479805e-10
460.0 1.9626700438479805e-10
461.0 8.500023227497877e-05
462.0 0.0005114019586471841
463.0 0.0007304089649551315
464.0 0.000949415971263079
465.0 0.0008052365956245922
466.0 0.0006610571745113702
467.0 0.0008549851372663397
468.0 0.001048912963597104
469.0 0.0015359752069343813
470.0 0.0020230374502716586
471.0 0.0020188996131764725
472.0 0.0020147614122834057
473.0 0.0023016706109046936
474.0 0.0025885798095259815
475.0 0.0027928979761782102
476.0 0.002997216142830439
477.0 0.0029561017072410323
478.0 0.0029149870897526853
479.0 0.002874334495572839
480.0 0.0028336817194940522
481.0 0.0035466797271510586
482.0 0.004259677371010184
483.0 0.004059632919961587
484.0 0.003859588468912989
485.0 0.0035391505662119016
486.0 0.0032187126635108143
487.0 0.0029788376195938326
488.0 0.0027389629394747317
489.0 0.0024974895495688543
490.0 0.0022560165234608576
491.0 0.0019124105165246874
492.0 0.0015688045095885172
493.0 0.0015354213246610016
494.0 0.0015020379578345455
495.0 0.001695173341431655
496.0 0.0018883087250287645
497.0 0.0019442537450231612
498.0 0.0020001989469164982
499.0 0.002005957139772363
500.0 0.002011715514527168
501.0 0.002191085513914004
502.0 0.00237045569519978
503.0 0.002493673855497036
504.0 0.0026168918338953517
505.0 0.002670146932359785
506.0 0.002723402030824218
507.0 0.0024297160052810796
508.0 0.002136029979737941
509.0 0.001954887920874171
510.0 0.0017737462258082815
511.0 0.0015381398043246008
512.0 0.0013025336556893308
513.0 0.001671887184784282
514.0 0.0020412409867276438
515.0 0.00162812812050106
516.0 0.0012150153452239465
517.0 0.0015265295587596484
518.0 0.0018380438632448204
519.0 0.0015025120774225798
520.0 0.0011669803825498093
521.0 0.0012030892321490683
522.0 0.0012391980817483272
523.0 0.0013556526027969085
524.0 0.0014721069419465493
525.0 0.001931745464389678
526.0 0.0023913842596812174
527.0 0.0023484028133680113
528.0 0.0023054215489537455
529.0 0.002511068851163145
530.0 0.0027167165171704255
531.0 0.002525699710531626
532.0 0.002334682721993886
533.0 0.002099049561365973
534.0 0.0018634164007380605
535.0 0.0017251803001272492
536.0 0.0015869443814153783
537.0 0.0016387142750318162
538.0 0.0016904843505471945
539.0 0.0022791211449657567
540.0 0.002867757939384319
541.0 0.00325464534398634
542.0 0.00364153238479048
543.0 0.003881853263010271
544.0 0.004122173777432181
545.0 0.004300375439925119
546.0 0.004478577102418058
547.0 0.004125376290176064
548.0 0.00377217547793407
549.0 0.003185153764206916
550.0 0.0025981316866818815
551.0 0.0025317711333627813
552.0 0.002465410580043681
553.0 0.0025645065761636943
554.0 0.0026636029360815883
555.0 0.0032953797926893458
556.0 0.003927156649297103
557.0 0.00405573591706343
558.0 0.004184315548627637
559.0 0.003872458910336718
560.0 0.0035606022720457986
561.0 0.003840923818643205
562.0 0.004121245365240611
563.0 0.0035013257729588076
564.0 0.0028814067263738252
565.0 0.0034047665394609794
566.0 0.003928126534447074
567.0 0.004275041646906175
568.0 0.004621957123163156
569.0 0.005337719267117791
570.0 0.0060534814110724255
571.0 0.006633310113102198
572.0 0.007213137723738328
573.0 0.007110293518053368
574.0 0.007007448584772646
575.0 0.006995120202191174
576.0 0.006982792547205463
577.0 0.006060180749045685
578.0 0.005137568950885907
579.0 0.005210295785218477
580.0 0.005283022983348928
581.0 0.005981391950626858
582.0 0.006679760554106906
583.0 0.008200595766538754
584.0 0.009721432434162125
585.0 0.010270527127431706
586.0 0.010819623275892809
587.0 0.010640663822414353
588.0 0.010461706551723182
589.0 0.010368490620749071
590.0 0.010275277600158006
591.0 0.009452927770325914
592.0 0.00863057721289806
593.0 0.007566515705548227
594.0 0.006502456380985677
595.0 0.0059399459132691845
596.0 0.005377437264542095
597.0 0.00559260297450237
598.0 0.005807768684462644
599.0 0.006849135388620198
600.0 0.00789050172897987
601.0 0.008886113937478513
602.0 0.009881725418381393
603.0 0.010220018157269806
604.0 0.01055831162375398
605.0 0.01064952157321386
606.0 0.010740730067482218
607.0 0.009686004341347143
608.0 0.008631276432424784
609.0 0.007151151658035815
610.0 0.005671028338838369
611.0 0.004620785330189392
612.0 0.0035705423215404153
613.0 0.003514168201945722
614.0 0.003457793718553148
615.0 0.0042950188799295574
616.0 0.005132243677508086
617.0 0.006192795990500599
618.0 0.007253347575897351
619.0 0.008262677874881774
620.0 0.009272007446270436
621.0 0.009622883226256818
622.0 0.009973761916626245
623.0 0.010510500578675419
624.0 0.01104723778553307
625.0 0.010459813347551972
626.0 0.009872390364762396
627.0 0.007953344902489334
628.0 0.006034300895407796
629.0 0.004936452387482859
630.0 0.003838604243355803
631.0 0.0031369436328532174
632.0 0.002435283749946393
633.0 0.002576411861809902
634.0 0.00271753960987553
635.0 0.002986856270581484
636.0 0.0032561729312874377
637.0 0.003648945494205691
638.0 0.004041718057123944
639.0 0.004701830039266497
640.0 0.00536194202140905
641.0 0.005501108898897655
642.0 0.005640276140184142
643.0 0.005598324423772283
644.0 0.005556372707360424
645.0 0.004937235644320026
646.0 0.004318098945077509
647.0 0.0037240828532958403
648.0 0.0031300671253120527
649.0 0.002504199255781714
650.0 0.0018783317500492558
651.0 0.0016875068467925303
652.0 0.0014966818525863346
653.0 0.0014027137694938574
654.0 0.0013087457773508504
655.0 0.0013237313396530226
656.0 0.001338716992904665
657.0 0.0013525193025998306
658.0 0.0013663217032444663
659.0 0.0014371586985362228
660.0 0.0015079957847774494
661.0 0.001546117346151732
662.0 0.0015842389984754845
663.0 0.0016453303032903932
664.0 0.0017064212443074211
665.0 0.002351799776079133
666.0 0.0029971784897497855
667.0 0.003785197259276174
668.0 0.004573216574499384
669.0 0.005083079304313287
670.0 0.005592941306531429
671.0 0.0060891234170412645
672.0 0.006585304072359577
673.0 0.007169892342062667
674.0 0.00775448206695728
675.0 0.00794898223830387
676.0 0.008143483137246221
677.0 0.006783087155781686
678.0 0.005422689355327748
679.0 0.003959000241593458
680.0 0.002495310764061287
681.0 0.0015791938494658098
682.0 0.0006630774805671535
683.0 0.0005823132596560754
684.0 0.0005015491296944674
685.0 0.0002915580580520327
686.0 8.156687272276031e-05
687.0 0.00019924027583329007
688.0 0.0003169136107317172
689.0 0.0002938390707640792
690.0 0.00027076448532170616
691.0 0.00021196296984271612
692.0 0.00015316135204557213
693.0 0.00017587777847438701
694.0 0.00019859423900925322
695.0 0.0002330063807676197
696.0 0.00026741849978861865
697.0 0.00045128304009267595
698.0 0.0006351476258714683
699.0 0.0004342982720118016
700.0 0.00023344916826317785
701.0 0.0002856504579540342
702.0 0.00033785174764489057
703.0 0.0002106893589370884
704.0 8.35270668630983e-05
705.0 8.081043461061199e-05
706.0 7.809372846168117e-05
707.0 0.00012290089443922625
708.0 0.00016770804904808756
709.0 0.0003239123316234327
710.0 0.00048011656872404274
711.0 0.00043913801164308097
712.0 0.00039815931813791394
713.0 0.0002230835661976016
714.0 4.800785973202437e-05
715.0 3.05345764672893e-05
716.0 1.3061233516964421e-05
717.0 5.3304671610021614e-05
718.0 9.354808412354032e-05
719.0 0.00022808446829003515
720.0 0.0003626209945650771
721.0 0.0004949940375809092
722.0 0.0006273672170209466
723.0 0.0004702464138972573
724.0 0.00031312551982409786
725.0 0.0002826959416779573
726.0 0.0002522661816328764
727.0 0.0003530563844833523
728.0 0.0004538466782832984
729.0 0.0005475245416164398
730.0 0.0006412024049495813
731.0 0.0003800481863436289
732.0 0.0001188941610053007
733.0 0.0003389377525309101
734.0 0.0005589814918494085
735.0 0.00027692574349202914
736.0 1.9626700438479805e-10
737.0 4.450600670224958e-05
738.0 9.414193300472107e-05
739.0 0.000259394232671184
740.0 0.00042464653233764693
741.0 0.000329321210301714
742.0 0.00023399584279104602
743.0 0.000289199465441925
744.0 0.00034440292893123114
745.0 0.00041894245441653766
746.0 0.0004934815933665959
747.0 0.00047355210881505627
748.0 0.00045362244236457627
749.0 0.00027174812657904113
750.0 8.987382216218975e-05
751.0 0.00045396864152280614
752.0 0.0008180635632015765
753.0 0.0005165965831110952
754.0 0.000215129603020614
755.0 0.0005028143732488388
756.0 0.000790499325376004
757.0 0.00039957672015589196
758.0 8.654257044327096e-06
759.0 1.9626700438479805e-10
760.0 1.9626700438479805e-10
761.0 0.00034116160350095015
762.0 0.0006962228326301556
763.0 0.0007387483037746279
764.0 0.0007812736839696299
765.0 0.0006684926574962446
766.0 0.0005557116310228594
767.0 0.0007079240276652854
768.0 0.0008601364243077114
769.0 0.0006579702130693477
770.0 0.00045580381993204355
771.0 0.0006629025392612675
772.0 0.0008700010766915511
773.0 0.000621010985923931
774.0 0.00037202082694420824
775.0 5.9208792890785844e-05
776.0 1.9626700438479805e-10
777.0 1.9626700438479805e-10
778.0 1.0148473172932881e-06
779.0 0.0005534221145353513
780.0 0.0011058295058319345
781.0 0.0008665982932143379
782.0 0.0006273670351220062
783.0 0.00044182443161844276
784.0 0.00025628189632698195
785.0 0.0003384927367733326
786.0 0.0004207034635328455
787.0 0.00038117732401588
788.0 0.0003416510253373417
789.0 0.0001916746668939595
790.0 4.169810097209847e-05
791.0 0.0004790581897395896
792.0 0.0009164180482912343
793.0 0.0008987098226498347
794.0 0.0008810015970084351
795.0 0.0008106298082566354
796.0 0.0007402579740301007
797.0 0.0007239524165925104
798.0 0.0007076466772559797
799.0 0.00044057887862436473
800.0 0.00017351112546748482
801.0 0.0005044615591032198
802.0 0.0008354121746378951
803.0 0.000778080357122235
804.0 0.00072074858508131
805.0 0.0006256824235606473
806.0 0.0005306161710905144
807.0 0.00012840592944485252
808.0 1.9626700438479805e-10
809.0 0.000252679706136405
810.0 0.0007791640200593974
811.0 0.0006715325071127154
812.0 0.0005639010396407684
813.0 0.0004924003405903932
814.0 0.0004208996415400179
815.0 0.0006564910108863842
816.0 0.0008920823347580153
817.0 0.0009253871212422382
818.0 0.0009586918167769909
819.0 0.0010059260603156872
820.0 0.0010531602129049134
821.0 0.0009951374522643164
822.0 0.0009371145097247791
823.0 0.0010274201486026868
824.0 0.0011177258784300648
825.0 0.001347528632322792
826.0 0.0015773313862155192
827.0 0.001092400179913966
828.0 0.0006074686552892672
829.0 0.0005476653313962743
830.0 0.00048786200750328135
831.0 0.0007080923296598485
832.0 0.0009283227882406209
833.0 0.0009501815839030314
834.0 0.000972040379565442
835.0 0.0007834117241145577
836.0 0.0005947830231889384
837.0 0.0005151517598278588
838.0 0.00043552049646677915
839.0 0.00046958325583545957
840.0 0.0005036460606788751
841.0 0.0009495892300037667
842.0 0.0013955324902781285
843.0 0.001266416711587226
844.0 0.0011373010238457937
845.0 0.0010205591934209224
846.0 0.0009038172720465809
847.0 0.0011938191164517775
848.0 0.0014838211427559145
849.0 0.0011120793715235777
850.0 0.0007403375548165059
851.0 0.0008169764441845473
852.0 0.0008936153790273238
853.0 0.0008552244253223762
854.0 0.0008168335625668988
855.0 0.0007754157195449807
856.0 0.0007339979219977977
857.0 0.0007552856004622299
858.0 0.0007765732334519271
859.0 0.0005387739292928018
860.0 0.0003009747388205142
861.0 0.0007854405339458026
862.0 0.0012699063518084586
863.0 0.001252600304724183
864.0 0.0012352942576399073
865.0 0.0017391728761140257
866.0 0.002243051494588144
867.0 0.0023558079192298464
868.0 0.0024685637981747277
869.0 0.0027480196877149865
870.0 0.0030274752134573646
871.0 0.003491670941002667
872.0 0.003955866486649029
873.0 0.0032760588510427624
874.0 0.002596251215436496
875.0 0.0021638552425429225
