lsstCam/transmission_filter_detector/r34_s12/y_10/19700101T000000.ecsv
# %ECSV 1.0
# ---
# datatype:
# - {name: wavelength, unit: nm, datatype: float32}
# - {name: efficiency, unit: '%', datatype: float64}
# meta: !!omap
# - {MODE: DETECTOR}
# - {TYPE: transmission_filter_detector}
# - {CALIBDATE: '1970-01-01T00:00:00'}
# - {INSTRUME: LSSTCam}
# - {OBSTYPE: transmission_filter_detector}
# - {CALIBCLS: lsst.ip.isr.IntermediateFilterDetectorTransmissionCurve}
# - {SOURCE: Materion (DM-46256)}
# - {DETECTOR: 158}
# - {FILTER: y_10}
# - {CALIB_ID: 'calibDate=1970-01-01T00:00:00 filter=y_10 detector=158'}
# - {DATE: '2025-04-02T15:59:51.475467'}
# - {CALIB_CREATION_DATE: '2025-04-02'}
# - {CALIB_CREATION_TIME: '15:59:51'}
# - __serialized_columns__:
#     efficiency:
#       __class__: astropy.units.quantity.Quantity
#       unit: !astropy.units.Unit {unit: '%'}
#       value: !astropy.table.SerializedColumn {name: efficiency}
#     wavelength:
#       __class__: astropy.units.quantity.Quantity
#       unit: !astropy.units.Unit {unit: nm}
#       value: !astropy.table.SerializedColumn {name: wavelength}
# schema: astropy-2.0
wavelength efficiency
[from data line 577]
877.0 0.002300537562405225
878.0 0.002869616037060041
879.0 0.002157718154194299
880.0 0.05288210231810808
881.0 0.09675929322838783
882.0 0.062090816209092736
883.0 0.08514554938301444
884.0 0.05787094123661518
885.0 0.09343153797090054
886.0 0.05459139938466251
887.0 0.09163243812508881
888.0 0.06619004998356104
889.0 0.09392570937052369
890.0 0.0707814353518188
891.0 0.0924285501241684
892.0 0.0678026583045721
893.0 0.10540082585066557
894.0 0.07722143782302737
895.0 0.09802045533433557
896.0 0.06842765142209828
897.0 0.11771636782214046
898.0 0.07645825971849263
899.0 0.10841184994205832
900.0 0.08340696222148836
901.0 0.10762851452454925
902.0 0.11925328290089965
903.0 0.11767219984903932
904.0 0.13785078190267086
905.0 0.15538226580247283
906.0 0.16947402618825436
907.0 0.2100677927955985
908.0 0.25526683311909437
909.0 0.3090487327426672
910.0 0.38119612727314234
911.0 0.5250231362879276
912.0 0.713749136775732
913.0 1.055912021547556
914.0 1.472351886332035
915.0 2.203482575714588
916.0 3.1882505863904953
917.0 4.4014569371938705
918.0 5.995267257094383
919.0 7.671114057302475
920.0 10.153509676456451
921.0 12.817686796188354
922.0 15.441283583641052
923.0 18.314354121685028
924.0 21.41578197479248
925.0 24.794672429561615
926.0 29.09499704837799
927.0 34.104859828948975
928.0 38.971418142318726
929.0 44.57060098648071
930.0 50.13806223869324
931.0 56.17682337760925
932.0 62.4664843082428
933.0 68.70952248573303
934.0 74.13888573646545
935.0 78.70950698852539
936.0 82.91763663291931
937.0 86.38613820075989
938.0 89.24055695533752
939.0 91.30353927612305
940.0 92.68503785133362
941.0 93.61715316772461
942.0 94.26897764205933
943.0 94.70062255859375
944.0 95.27469873428345
945.0 95.50569653511047
946.0 95.98761796951294
947.0 96.23068571090698
948.0 96.59430980682373
949.0 96.65632843971252
950.0 96.83414697647095
951.0 96.87748551368713
952.0 96.94759249687195
953.0 96.99872732162476
954.0 96.91942930221558
955.0 96.92326784133911
956.0 97.03744649887085
957.0 97.1538245677948
958.0 97.30024933815002
959.0 97.47397899627686
960.0 97.61358499526978
961.0 97.8071391582489
962.0 97.95725345611572
963.0 98.08564782142639
964.0 98.23399782180786
965.0 98.35334420204163
966.0 98.46393465995789
967.0 98.59867095947266
968.0 98.6156165599823
969.0 98.6394464969635
970.0 98.74525666236877
971.0 98.72868061065674
972.0 98.76729846000671
973.0 98.83517026901245
974.0 98.8411009311676
975.0 98.8107442855835
976.0 98.89158606529236
977.0 98.84124398231506
978.0 98.90161156654358
979.0 98.88407588005066
980.0 98.88556599617004
981.0 98.84861707687378
982.0 98.80409240722656
983.0 98.8690733909607
984.0 98.8179862499237
985.0 98.86349439620972
986.0 98.75990152359009
987.0 98.80608916282654
988.0 98.68232607841492
989.0 98.66171479225159
990.0 98.60132336616516
991.0 98.59346747398376
992.0 98.59617352485657
993.0 98.5181450843811
994.0 98.43319058418274
995.0 98.45572113990784
996.0 98.42318296432495
997.0 98.47465753555298
998.0 98.51084351539612
999.0 98.54282140731812
1000.0 98.57212901115417
1001.0 98.54701161384583
1002.0 98.6665666103363
1003.0 98.73291850090027
1004.0 98.81656169891357
1005.0 98.81167411804199
1006.0 98.93574714660645
1007.0 98.92385005950928
1008.0 98.92893433570862
1009.0 98.90154600143433
1010.0 98.97540807723999
1011.0 99.00554418563843
1012.0 98.91359210014343
1013.0 98.97550940513611
1014.0 98.93491864204407
1015.0 98.86835217475891
1016.0 98.88811111450195
1017.0 98.91515374183655
1018.0 98.92597198486328
1019.0 98.78122210502625
1020.0 98.85286688804626
1021.0 98.9657461643219
1022.0 98.81129264831543
1023.0 98.79547357559204
1024.0 98.8070011138916
1025.0 98.77322912216187
1026.0 98.80617260932922
1027.0 98.87869358062744
1028.0 98.81157279014587
1029.0 98.91290068626404
1030.0 98.9357590675354
1031.0 98.94067645072937
1032.0 98.9084780216217
1033.0 98.92916083335876
1034.0 98.91233444213867
1035.0 99.01586771011353
1036.0 98.95805716514587
1037.0 98.93722534179688
1038.0 98.90081286430359
1039.0 98.8990306854248
1040.0 98.82875084877014
1041.0 98.85384440422058
1042.0 98.8615095615387
1043.0 98.73193502426147
1044.0 98.8069236278534
1045.0 98.56974482536316
1046.0 98.8031804561615
1047.0 98.55772852897644
1048.0 98.64928722381592
1049.0 98.52405786514282
1050.0 98.59808683395386
1051.0 98.53705167770386
1052.0 98.47748875617981
1053.0 98.36453795433044
1054.0 98.53962659835815
1055.0 98.65309000015259
1056.0 98.61573576927185
1057.0 98.65714907646179
1058.0 98.34939241409302
1059.0 98.49528670310974
1060.0 98.59568476676941
1061.0 98.58204126358032
1062.0 98.56915473937988
1063.0 98.43868613243103
1064.0 98.83084297180176
1065.0 98.66812229156494
1066.0 98.71097803115845
1067.0 98.85908365249634
1068.0 98.65532517433167
1069.0 98.51540327072144
1070.0 98.91860485076904
1071.0 98.59328269958496
1072.0 98.78008961677551
1073.0 98.95109534263611
1074.0 98.5658586025238
1075.0 98.62887263298035
1076.0 98.36989641189575
1077.0 98.64948987960815
1078.0 98.9450991153717
1079.0 98.44122529029846
1080.0 99.1184651851654
1081.0 98.61469268798828
1082.0 98.43735694885254
1083.0 98.422110080719
1084.0 98.8814115524292
1085.0 98.59200119972229
1086.0 98.639577627182
1087.0 98.47685098648071
1088.0 98.35284948348999
1089.0 98.23740124702454
1090.0 98.44894409179688
1091.0 98.41171503067017
1092.0 98.59968423843384
1093.0 98.5929548740387
1094.0 98.4067440032959
1095.0 98.08112978935242
1096.0 98.39010238647461
1097.0 98.25242161750793
1098.0 97.70365357398987
1099.0 98.55356216430664
1100.0 98.04116487503052
