lsstCam/transmission_filter_detector/r12_s20/z_20/19700101T000000.ecsv
# %ECSV 1.0
# ---
# datatype:
# - {name: wavelength, unit: nm, datatype: float32}
# - {name: efficiency, unit: '%', datatype: float64}
# meta: !!omap
# - {MODE: DETECTOR}
# - {TYPE: transmission_filter_detector}
# - {CALIBDATE: '1970-01-01T00:00:00'}
# - {INSTRUME: LSSTCam}
# - {OBSTYPE: transmission_filter_detector}
# - {CALIBCLS: lsst.ip.isr.IntermediateFilterDetectorTransmissionCurve}
# - {SOURCE: Materion (DM-46256)}
# - {DETECTOR: 51}
# - {FILTER: z_20}
# - {CALIB_ID: 'calibDate=1970-01-01T00:00:00 filter=z_20 detector=51'}
# - {DATE: '2025-04-02T15:59:48.873351'}
# - {CALIB_CREATION_DATE: '2025-04-02'}
# - {CALIB_CREATION_TIME: '15:59:48'}
# - __serialized_columns__:
#     efficiency:
#       __class__: astropy.units.quantity.Quantity
#       unit: !astropy.units.Unit {unit: '%'}
#       value: !astropy.table.SerializedColumn {name: efficiency}
#     wavelength:
#       __class__: astropy.units.quantity.Quantity
#       unit: !astropy.units.Unit {unit: nm}
#       value: !astropy.table.SerializedColumn {name: wavelength}
# schema: astropy-2.0
wavelength efficiency
300.0 0.8706005290150642
301.0 0.587692903354764
302.0 0.30478532426059246
303.0 0.2960055135190487
304.0 0.28722567949444056
305.0 0.24207730311900377
306.0 0.196928926743567
307.0 0.1828794600442052
308.0 0.16883001662790775
309.0 0.14686629874631763
310.0 0.1249025808647275
311.0 0.12676420155912638
312.0 0.12862584553658962
313.0 0.11438706424087286
314.0 0.10014830622822046
315.0 0.09733628830872476
316.0 0.09452427620999515
317.0 0.07965097902342677
318.0 0.06477769347839057
319.0 0.06522391340695322
320.0 0.06567012751474977
321.0 0.06437290576286614
322.0 0.06307568401098251
323.0 0.05592546658590436
324.0 0.048775249160826206
325.0 0.04465046513359994
326.0 0.04052568401675671
327.0 0.03992173005826771
328.0 0.03931777609977871
329.0 0.03469432413112372
330.0 0.03007087216246873
331.0 0.02784768003039062
332.0 0.02562448789831251
333.0 0.024522526655346155
334.0 0.02342056395718828
335.0 0.02238129236502573
336.0 0.02134202077286318
337.0 0.025194877525791526
338.0 0.029047729913145304
339.0 0.02492473868187517
340.0 0.02080175036098808
341.0 0.017623337043914944
342.0 0.014444923726841807
343.0 0.01424808579031378
344.0 0.014051250764168799
345.0 0.013148515427019447
346.0 0.012245783000253141
347.0 0.01165025241789408
348.0 0.011054725473513827
349.0 0.013696719543077052
350.0 0.01633871579542756
351.0 0.01362613111268729
352.0 0.010913544247159734
353.0 0.011399298819014803
354.0 0.011885051935678348
355.0 0.01023652366711758
356.0 0.00858799830893986
357.0 0.0095476905698888
358.0 0.010507386468816549
359.0 0.010203598503721878
360.0 0.009899809083435684
361.0 0.009049526124726981
362.0 0.008199246076401323
363.0 0.009379546827403829
364.0 0.010559847578406334
365.0 0.010228575411019847
366.0 0.009897306881612167
367.0 0.00867475027916953
368.0 0.007452192949131131
369.0 0.007995055057108402
370.0 0.008537917892681435
371.0 0.008424044790444896
372.0 0.008310172415804118
373.0 0.007311209628824145
374.0 0.006312248297035694
375.0 0.006577849853783846
376.0 0.006843450682936236
377.0 0.007224267756100744
378.0 0.007605083374073729
379.0 0.006362368731060997
380.0 0.005119653724250384
381.0 0.003301446122350171
382.0 0.0014832383385510184
383.0 0.0036486573662841693
384.0 0.00581407621211838
385.0 0.005575420073000714
386.0 0.005336764297680929
387.0 0.00596017598581966
388.0 0.006583588401554152
389.0 0.005852830508956686
390.0 0.005122074071550742
391.0 0.004730310320155695
392.0 0.004338546932558529
393.0 0.0048140525905182585
394.0 0.005289558976073749
395.0 0.004427135354490019
396.0 0.003564711005310528
397.0 0.003755223224288784
398.0 0.003945735079469159
399.0 0.004133759284741245
400.0 0.0043217831262154505
401.0 0.004709089625976048
402.0 0.005096396489534527
403.0 0.005101659553474747
404.0 0.005106922981212847
405.0 0.004119279037695378
406.0 0.00313163545797579
407.0 0.0017347427274216898
408.0 0.00033785051982704317
409.0 0.001961174166353885
410.0 0.0035844979720423
411.0 0.004201177216600627
412.0 0.004817856824956834
413.0 0.004654790973290801
414.0 0.004491725121624768
415.0 0.0037351896025938913
416.0 0.0029786549930577166
417.0 0.003946487413486466
418.0 0.004914320015814155
419.0 0.004377620280138217
420.0 0.0038409201806643978
421.0 0.003949585880036466
422.0 0.004058252307004295
423.0 0.0037807130865985528
424.0 0.003503175321384333
425.0 0.002444959136482794
426.0 0.0013867429515812546
427.0 0.0017922322513186373
428.0 0.0021977219148539007
429.0 0.001490158865635749
430.0 0.0007825960892660078
431.0 0.0008011433237697929
432.0 0.0008196905582735781
433.0 0.0007533979896834353
434.0 0.0006871053301438224
435.0 0.0011613546121225227
436.0 0.0016356039850506932
437.0 0.0018441793145029806
438.0 0.002052754643955268
439.0 0.0021212406863924116
440.0 0.0021897269107284956
441.0 0.0016137599232024513
442.0 0.0010377932085248176
443.0 0.002189671249652747
444.0 0.0033415493817301467
445.0 0.003299059608252719
446.0 0.003256570198573172
447.0 0.0026050976885017008
448.0 0.001953624996531289
449.0 0.0025913426725310273
450.0 0.0032290608942275867
451.0 0.002583354216767475
452.0 0.0019376466298126616
453.0 0.0017872816897579469
454.0 0.0016369169316021726
455.0 0.0023522252377006225
456.0 0.003067533907596953
457.0 0.0022973517843638547
458.0 0.0015271696611307561
459.0 0.0015911566151771694
460.0 0.0016551435692235827
461.0 0.0007761454980936833
462.0 1.5721045342267925e-10
463.0 0.0009222812877851538
464.0 0.0019474155124044046
465.0 0.002243212475150358
466.0 0.0025390096197952516
467.0 0.002201226925535593
468.0 0.0018634436855791137
469.0 0.001699961649137549
470.0 0.0015364796126959845
471.0 0.0013769914403383154
472.0 0.001217503631778527
473.0 0.0012040230103593785
474.0 0.00119054238894023
475.0 0.0010008814570028335
476.0 0.0008112206160149071
477.0 0.0013189593119022902
478.0 0.001826697916840203
479.0 0.0021120375095051713
480.0 0.002397376920271199
481.0 0.0019126291590509936
482.0 0.0014278814887802582
483.0 0.0009714648513181601
484.0 0.0005150482138560619
485.0 0.0013442030649457593
486.0 0.0021733578250859864
487.0 0.0015056154552439693
488.0 0.0008378731763514224
489.0 0.001670542587817181
490.0 0.00250321227213135
491.0 0.002384233448537998
492.0 0.002265254624944646
493.0 0.002042173764493782
494.0 0.001819093267840799
495.0 0.0016602991308900528
496.0 0.001501505175838247
497.0 0.0013030259651714005
498.0 0.001104546754504554
499.0 0.0012036623957101256
500.0 0.0013027782188146375
501.0 0.0008936659469327424
502.0 0.00048455362957611214
503.0 0.0012709770999208558
504.0 0.002057400706689805
505.0 0.002259113171021454
506.0 0.002460825999150984
507.0 0.002309701631020289
508.0 0.0021585767171927728
509.0 0.0018717541024670936
510.0 0.0015849318515392952
511.0 0.0012244742720213253
512.0 0.0008640166925033554
513.0 0.0012419857739587314
514.0 0.0016199550373130478
515.0 0.0012937558494741097
516.0 0.0009675569344835822
517.0 0.0009526028406980913
518.0 0.0009376487469126005
519.0 0.0011494347745610867
520.0 0.0013612206203106325
521.0 0.0016678450265317224
522.0 0.0019744695237022825
523.0 0.0013131196283211466
524.0 0.0006517697329400107
525.0 0.0007239110345835797
526.0 0.000796052427176619
527.0 0.0011339880074956454
528.0 0.0014719238606630825
529.0 0.001295339643547777
530.0 0.0011187549716851208
531.0 0.0011543559594429098
532.0 0.0011899569472006988
533.0 0.0008574475032219198
534.0 0.0005249379228189355
535.0 0.0011317405551380944
536.0 0.0017385431419825181
537.0 0.0016650641555315815
538.0 0.0015915848052827641
539.0 0.0011078526767960284
540.0 0.0006241202754608821
541.0 0.0007281394573510624
542.0 0.0008321586392412428
543.0 0.0012095314559701364
544.0 0.0015869043636485003
545.0 0.001059879741660552
546.0 0.0005328555744199548
547.0 0.0012348710697551724
548.0 0.001936886110343039
549.0 0.0016741676517995074
550.0 0.0014114489204075653
551.0 0.001545678787806537
552.0 0.0016799083823570982
553.0 0.0014199282304616645
554.0 0.0011599478966672905
555.0 0.0010004250725614838
556.0 0.0008409020665567368
557.0 0.0013073478839942254
558.0 0.0017737933376338333
559.0 0.0017944057617569342
560.0 0.001815017640183214
561.0 0.0016291474821628071
562.0 0.0014432771422434598
563.0 0.0012091434655303601
564.0 0.0009750096978677902
565.0 0.0017029753507813439
566.0 0.0024309416403411888
567.0 0.0028448794182622805
568.0 0.003258817014284432
569.0 0.0030239069019444287
570.0 0.002788996607705485
571.0 0.0026192990844720043
572.0 0.002449601197440643
573.0 0.0020136743842158467
574.0 0.0015777477528899908
575.0 0.001953742867044639
576.0 0.0023297377993003465
577.0 0.001947810233104974
578.0 0.0015658832126064226
579.0 0.0017022057363647036
580.0 0.0018385282601229846
581.0 0.0016604170014034025
582.0 0.0014823056517343502
583.0 0.0019478311514831148
584.0 0.002413356560282409
585.0 0.0025712683054734953
586.0 0.002729179868765641
587.0 0.002166594822483603
588.0 0.0016040094124036841
589.0 0.0019933568182750605
590.0 0.0023827045879443176
591.0 0.0014724871107318904
592.0 0.0005622696789941983
593.0 0.0005238370249571744
594.0 0.00048540427997068036
595.0 0.0009782130291569047
596.0 0.001471021823817864
597.0 0.0014135303899820428
598.0 0.0013560390470956918
599.0 0.0009879310709948186
600.0 0.000619823413217091
601.0 0.0005749182491854299
602.0 0.0005300129032548284
603.0 0.0009942771612259094
604.0 0.0014585410099243745
605.0 0.0009204778507410083
606.0 0.00038241437323449645
607.0 0.0008112830073514488
608.0 0.0012401516869431362
609.0 0.0012008039448119234
610.0 0.0011614560207817703
611.0 0.0010061052307719365
612.0 0.0008507541679136921
613.0 0.0007621395525347907
614.0 0.0006735248462064192
615.0 0.0011821219231933355
616.0 0.0016907193639781326
617.0 0.0021767096768599004
618.0 0.0026626998078427278
619.0 0.0021945448679616675
620.0 0.0017263895642827265
621.0 0.0014761979400645941
622.0 0.001226005952048581
623.0 0.0015346846339525655
624.0 0.0018433634977554902
625.0 0.0016829439118737355
626.0 0.0015225245988403913
627.0 0.0019013152268598787
628.0 0.002280106309626717
629.0 0.0020365589080029167
630.0 0.001793011324480176
631.0 0.0015715126210125163
632.0 0.0013500136446964461
633.0 0.001698965388641227
634.0 0.002047917223535478
635.0 0.00503733244840987
636.0 0.00802674621809274
637.0 0.015345400606747717
638.0 0.022664056450594217
639.0 0.01984035479836166
640.0 0.01701665169093758
641.0 0.014777702745050192
642.0 0.012538758164737374
643.0 0.010062839282909408
644.0 0.0075869233114644885
645.0 0.006837768160039559
646.0 0.006088613736210391
647.0 0.005557184704230167
648.0 0.005025755672249943
649.0 0.004102498496649787
650.0 0.003179242048645392
651.0 0.0036021112464368343
652.0 0.004024980444228277
653.0 0.0032786017982289195
654.0 0.0025322227884316817
655.0 0.0027957688871538267
656.0 0.003059315713471733
657.0 0.0030413433705689386
658.0 0.0030233706638682634
659.0 0.002825274714268744
660.0 0.002627178946568165
661.0 0.0027378064260119572
662.0 0.0028484333597589284
663.0 0.001983604124689009
664.0 0.0011187749805685598
665.0 0.0015883435480645858
666.0 0.002057912206510082
667.0 0.002400226003373973
668.0 0.0027425394364399835
669.0 0.0019988610802101903
670.0 0.0012551826330309268
671.0 0.0009157876775134355
672.0 0.0005763927674706792
673.0 0.0012928647265653126
674.0 0.0020093370039830916
675.0 0.0021337611542548984
676.0 0.002258185122627765
677.0 0.0019646107830340043
678.0 0.0016710362615413032
679.0 0.0013971043699712027
680.0 0.0011231724784011021
681.0 0.0012386814887577202
682.0 0.0013541904991143383
683.0 0.002440928074065596
684.0 0.0035276658309157938
685.0 0.0029720866223215126
686.0 0.002416507777525112
687.0 0.0017940708858077414
688.0 0.0011716339031409007
689.0 0.0014699085113534238
690.0 0.0017681828467175364
691.0 0.002057706478808541
692.0 0.002347229929000605
693.0 0.0027221562049817294
694.0 0.0030970826628617942
695.0 0.003244954496040009
696.0 0.003392825965420343
697.0 0.003591307904571295
698.0 0.003789789479924366
699.0 0.0056077355111483485
700.0 0.00742568081477657
701.0 0.007142893446143717
702.0 0.006860107532702386
703.0 0.0063547959143761545
704.0 0.005849485023645684
705.0 0.0052851468353765085
706.0 0.004720809010905214
707.0 0.004446902676136233
708.0 0.004172995613771491
709.0 0.0043415609980002046
710.0 0.004510126746026799
711.0 0.004075471588294022
712.0 0.003640817158157006
713.0 0.0025902172637870535
714.0 0.0015396171875181608
715.0 0.002202619180025067
716.0 0.0028656211725319736
717.0 0.0024981602109619416
718.0 0.0021306987036950886
719.0 0.0016661500922054984
720.0 0.0012016011169180274
721.0 0.0011702403753588442
722.0 0.0011388792700017802
723.0 0.0010023566574091092
724.0 0.0008658341357659083
725.0 0.0012685634828812908
726.0 0.0016712929209461436
727.0 0.001694431557552889
728.0 0.0017175698303617537
729.0 0.0018142243789043278
730.0 0.0019108789274469018
731.0 0.0014378469131770544
732.0 0.000964814898907207
733.0 0.001000318479782436
734.0 0.0010358220606576651
735.0 0.001099602559406776
736.0 0.0011633826943580061
737.0 0.00132042123368592
738.0 0.0014774596820643637
739.0 0.001206914475915255
740.0 0.0009363692697661463
741.0 0.001042202529788483
742.0 0.0011480357898108196
743.0 0.0015746581993880682
744.0 0.0020012803361169063
745.0 0.0013345286788535304
746.0 0.0006677769306406844
747.0 0.0011626067134784535
748.0 0.0016574365872656927
749.0 0.0023619955754838884
750.0 0.003066554927499965
751.0 0.0030000983315403573
752.0 0.00293364191747969
753.0 0.0029409553462755866
754.0 0.0029482684112736024
755.0 0.0019517285181791522
756.0 0.000955188170337351
757.0 0.0019104560124105774
758.0 0.0028657237635343336
759.0 0.002693230999284424
760.0 0.0025207378712366335
761.0 0.004310002623242326
762.0 0.006099267557146959
763.0 0.0057490171457175165
764.0 0.005398767098085955
765.0 0.005478646926349029
766.0 0.005558527846005745
767.0 0.0046455850679194555
768.0 0.003732641926035285
769.0 0.0034369357308605686
770.0 0.0031412317184731364
771.0 0.003922041651094332
772.0 0.004702851947513409
773.0 0.0039645212382311
774.0 0.0032261905289487913
775.0 1.5721045342267925e-10
776.0 1.5721045342267925e-10
777.0 1.5721045342267925e-10
778.0 0.016673884238116443
779.0 0.12786304578185081
780.0 0.16857701120898128
781.0 0.0518274842761457
782.0 1.5721045342267925e-10
783.0 0.16210860339924693
784.0 1.5721045342267925e-10
785.0 0.19665483850985765
786.0 0.13156167697161436
787.0 0.0833825150039047
788.0 0.02844013797584921
789.0 0.026817189063876867
790.0 1.5721045342267925e-10
791.0 0.02559977292548865
792.0 0.1415852690115571
793.0 1.5721045342267925e-10
794.0 0.03202249645255506
795.0 0.04678007971961051
796.0 0.057903595734387636
797.0 0.16668372554704547
798.0 0.12454413808882236
799.0 0.11402916861698031
800.0 0.13484080554917455
801.0 0.23344429209828377
802.0 0.5270757246762514
803.0 0.6067891605198383
804.0 1.049110759049654
805.0 1.621999405324459
806.0 2.753845229744911
807.0 3.9863962680101395
808.0 5.662541091442108
809.0 7.781063765287399
810.0 10.397779941558838
811.0 13.461257517337799
812.0 16.667884588241577
813.0 19.77737843990326
814.0 22.511574625968933
815.0 25.501197576522827
816.0 29.530411958694458
817.0 34.37834084033966
818.0 39.77589309215546
819.0 45.061543583869934
820.0 51.837319135665894
821.0 59.414005279541016
822.0 66.11181497573853
823.0 72.54603505134583
824.0 78.79956364631653
825.0 83.97738933563232
826.0 88.27241659164429
827.0 92.3406720161438
828.0 95.50527930259705
829.0 97.99947142601013
830.0 97.95740842819214
831.0 99.01637434959412
832.0 98.69951009750366
833.0 99.90953803062439
834.0 98.782879114151
835.0 99.78376626968384
836.0 99.18599128723145
837.0 99.45154786109924
838.0 98.83391857147217
839.0 98.51478338241577
840.0 99.26763772964478
841.0 100.00195503234863
842.0 100.16422271728516
843.0 100.03385543823242
844.0 98.60434532165527
845.0 98.83359670639038
846.0 98.90167713165283
847.0 99.33433532714844
848.0 100.26166439056396
849.0 98.84532690048218
850.0 98.32983613014221
851.0 99.16250705718994
852.0 99.80422258377075
853.0 98.96765947341919
854.0 99.87829923629761
855.0 98.31086993217468
856.0 99.0054726600647
857.0 98.04745316505432
858.0 98.91374707221985
859.0 99.78192448616028
860.0 98.60386848449707
861.0 98.92987608909607
862.0 99.09142851829529
863.0 98.68412017822266
864.0 99.45115447044373
865.0 100.06155967712402
866.0 98.88496398925781
867.0 99.65821504592896
868.0 99.59474802017212
869.0 99.13848042488098
870.0 98.25177788734436
871.0 99.2330253124237
872.0 99.26263689994812
873.0 99.61670637130737
874.0 99.83412027359009
875.0 99.71675872802734
876.0 99.03776049613953
877.0 99.8852550983429
878.0 99.45990443229675
879.0 98.94942045211792
880.0 98.63536953926086
881.0 100.29259920120239
882.0 99.26720857620239
883.0 99.34042096138
884.0 99.38802123069763
885.0 99.03982877731323
886.0 99.10908341407776
887.0 98.91201257705688
888.0 99.55304861068726
889.0 100.08363723754883
890.0 98.70877265930176
891.0 99.87642765045166
892.0 99.20465350151062
893.0 98.89830350875854
894.0 99.17585253715515
895.0 99.53134655952454
