lsstCam/transmission_filter_detector/r12_s20/z_20/19700101T000000.ecsv
# %ECSV 1.0
# ---
# datatype:
# - {name: wavelength, unit: nm, datatype: float32}
# - {name: efficiency, unit: '%', datatype: float64}
# meta: !!omap
# - {MODE: DETECTOR}
# - {TYPE: transmission_filter_detector}
# - {CALIBDATE: '1970-01-01T00:00:00'}
# - {INSTRUME: LSSTCam}
# - {OBSTYPE: transmission_filter_detector}
# - {CALIBCLS: lsst.ip.isr.IntermediateFilterDetectorTransmissionCurve}
# - {SOURCE: Materion (DM-46256)}
# - {DETECTOR: 51}
# - {FILTER: z_20}
# - {CALIB_ID: 'calibDate=1970-01-01T00:00:00 filter=z_20 detector=51'}
# - {DATE: '2025-04-02T15:59:48.873351'}
# - {CALIB_CREATION_DATE: '2025-04-02'}
# - {CALIB_CREATION_TIME: '15:59:48'}
# - __serialized_columns__:
#     efficiency:
#       __class__: astropy.units.quantity.Quantity
#       unit: !astropy.units.Unit {unit: '%'}
#       value: !astropy.table.SerializedColumn {name: efficiency}
#     wavelength:
#       __class__: astropy.units.quantity.Quantity
#       unit: !astropy.units.Unit {unit: nm}
#       value: !astropy.table.SerializedColumn {name: wavelength}
# schema: astropy-2.0
wavelength efficiency
[from data line 597]
897.0 99.54696893692017
898.0 99.15379881858826
899.0 98.84408712387085
900.0 98.89495372772217
901.0 100.04497766494751
902.0 99.50850009918213
903.0 98.81683588027954
904.0 98.17445278167725
905.0 98.84053468704224
906.0 98.27495813369751
907.0 99.0060567855835
908.0 98.45384955406189
909.0 98.53885173797607
910.0 98.32836389541626
911.0 97.14194536209106
912.0 96.39807343482971
913.0 95.07933855056763
914.0 93.16391944885254
915.0 90.80115556716919
916.0 88.74425292015076
917.0 87.49083876609802
918.0 83.75833034515381
919.0 82.7940821647644
920.0 79.64746356010437
921.0 76.24567151069641
922.0 71.63969874382019
923.0 66.69644713401794
924.0 60.914260149002075
925.0 55.79180717468262
926.0 49.51106905937195
927.0 42.40974485874176
928.0 36.990588903427124
929.0 30.666816234588623
930.0 24.98500794172287
931.0 19.961197674274445
932.0 14.253470301628113
933.0 9.731628745794296
934.0 6.352374702692032
935.0 4.008059948682785
936.0 2.3259395733475685
937.0 1.4099829830229282
938.0 0.7570085115730762
939.0 0.5873618647456169
940.0 0.4588399548083544
941.0 0.24357449728995562
942.0 0.23281800094991922
943.0 0.02229554229415953
944.0 0.08351764408871531
945.0 0.1161688007414341
946.0 0.11153414379805326
947.0 0.03455663681961596
948.0 0.06917890277691185
949.0 1.5721045342267925e-10
950.0 0.08857109933160245
951.0 0.052757287630811334
952.0 0.11368088889867067
953.0 0.07178023224696517
954.0 1.5721045342267925e-10
955.0 0.000650989613859565
956.0 1.5721045342267925e-10
957.0 1.5721045342267925e-10
958.0 1.5721045342267925e-10
959.0 1.5721045342267925e-10
960.0 1.5721045342267925e-10
961.0 0.02611851377878338
962.0 1.5721045342267925e-10
963.0 0.06452840170823038
964.0 0.096268265042454
965.0 1.5721045342267925e-10
966.0 0.07260323036462069
967.0 0.004970296868123114
968.0 0.029719696613028646
969.0 1.5721045342267925e-10
970.0 0.004611730400938541
971.0 0.09683265816420317
972.0 0.012799024989362806
973.0 0.005218264777795412
974.0 0.06193505832925439
975.0 0.035913672763854265
976.0 0.006669339200016111
977.0 0.006622599175898358
978.0 0.006575860606972128
979.0 0.006366853631334379
980.0 0.006157845200505108
981.0 0.00600441635469906
982.0 0.005850987872690894
983.0 0.0057707427913555875
984.0 0.005690497710020281
985.0 0.005427667201729491
986.0 0.00516483596584294
987.0 0.005196256097406149
988.0 0.005227676592767239
989.0 0.005066412632004358
990.0 0.004905149035039358
991.0 0.004994368282495998
992.0 0.0050835878937505186
993.0 0.005037812297814526
994.0 0.004992035974282771
995.0 0.004920364517602138
996.0 0.004848693060921505
997.0 0.004738557981909253
998.0 0.00462842253909912
999.0 0.004544765761238523
1000.0 0.004461109347175807
1001.0 0.00460592309536878
1002.0 0.004750736843561754
1003.0 0.004702714431914501
1004.0 0.004654692384065129
1005.0 0.004516607441473752
1006.0 0.004378522135084495
1007.0 0.004424299550009891
1008.0 0.004470076964935288
1009.0 0.00455470617453102
1010.0 0.004639335384126753
1011.0 0.004687896580435336
1012.0 0.004736458140541799
1013.0 0.004594978963723406
1014.0 0.004453499423107132
1015.0 0.004616781006916426
1016.0 0.0047800618631299585
1017.0 0.005071610939921811
1018.0 0.005363160380511545
1019.0 0.005124539529788308
1020.0 0.00488591831526719
1021.0 0.004885138696408831
1022.0 0.004884359077550471
1023.0 0.004750097286887467
1024.0 0.004615835496224463
1025.0 0.004826716394745745
1026.0 0.0050375972932670265
1027.0 0.004946089757140726
1028.0 0.004854582221014425
1029.0 0.004883739893557504
1030.0 0.004912897929898463
1031.0 0.005011307075619698
1032.0 0.005109715857543051
1033.0 0.005169798532733694
1034.0 0.005229881935520098
1035.0 0.005444934140541591
1036.0 0.005659986345563084
1037.0 0.005724768197978847
1038.0 0.005789549686596729
1039.0 0.005621835953206755
1040.0 0.005454121856018901
1041.0 0.005950835839030333
1042.0 0.006447550549637526
1043.0 0.005872288966202177
1044.0 0.005297028110362589
1045.0 0.0060471244069049135
1046.0 0.006797219975851476
1047.0 0.006455476977862418
1048.0 0.006113732524681836
1049.0 0.006285672134254128
1050.0 0.0064576124714221805
1051.0 0.006733311602147296
1052.0 0.0070090121880639344
1053.0 0.007058330811560154
1054.0 0.0071076494350563735
1055.0 0.00777483219280839
1056.0 0.008442015678156167
1057.0 0.00822064102976583
1058.0 0.007999267108971253
1059.0 0.00825977767817676
1060.0 0.008520286792190745
1061.0 0.009005574975162745
1062.0 0.009490864613326266
1063.0 0.009417829278390855
1064.0 0.009344794671051204
1065.0 0.009663213859312236
1066.0 0.009981635230360553
1067.0 0.009917146962834522
1068.0 0.009852660150500014
1069.0 0.010908518015639856
1070.0 0.011964378063566983
1071.0 0.01160473475465551
1072.0 0.011245091445744038
1073.0 0.011233023542445153
1074.0 0.011220954911550507
1075.0 0.012016140681225806
1076.0 0.01281132863368839
1077.0 0.01272915251320228
1078.0 0.012646974937524647
1079.0 0.0134875881485641
1080.0 0.0143282042699866
1081.0 0.01468934933654964
1082.0 0.015050495858304203
1083.0 0.014907201693858951
1084.0 0.014763908984605223
1085.0 0.015343404083978385
1086.0 0.01592290063854307
1087.0 0.016155344201251864
1088.0 0.016387792129535228
1089.0 0.017670470697339624
1090.0 0.01895314926514402
1091.0 0.01881617499748245
1092.0 0.01867919636424631
1093.0 0.018337820074521005
1094.0 0.017996440874412656
1095.0 0.019839407468680292
1096.0 0.02168237406294793
1097.0 0.021350041788537055
1098.0 0.021017710969317704
1099.0 0.023073700140230358
1100.0 0.025129684945568442
1101.0 0.02542068832553923
1102.0 0.02571168588474393
1103.0 0.0272231554845348
1104.0 0.028734622173942626
1105.0 0.02848503936547786
1106.0 0.028235456557013094
1107.0 0.029297525179572403
1108.0 0.030359596712514758
1109.0 0.03145566442981362
1110.0 0.03255173214711249
1111.0 0.03294394409749657
1112.0 0.033336158958263695
1113.0 0.035143597051501274
1114.0 0.03695104387588799
1115.0 0.03520500904414803
1116.0 0.0334589829435572
1117.0 0.034237615182064474
1118.0 0.035016247420571744
1119.0 0.03930513339582831
1120.0 0.04359401355031878
1121.0 0.045343462261371315
1122.0 0.04709291097242385
1123.0 0.046252901665866375
1124.0 0.0454128923593089
1125.0 0.045983376912772655
1126.0 0.04655386437661946
1127.0 0.05114706582389772
1128.0 0.05574026145040989
1129.0 0.06003857706673443
1130.0 0.06433689268305898
1131.0 0.06288832519203424
1132.0 0.06143975188024342
1133.0 0.06645356770604849
1134.0 0.07146738935261965
1135.0 0.06914000259712338
1136.0 0.06681262166239321
1137.0 0.07205032743513584
1138.0 0.07728804484941065
1139.0 0.08338613552041352
1140.0 0.08948418544605374
1141.0 0.09743986302055418
1142.0 0.10539551731199026
1143.0 0.1290053711272776
1144.0 0.15261517837643623
1145.0 0.30305832624435425
1146.0 0.453501520678401
1147.0 0.9680230170488358
1148.0 1.4825445599853992
1149.0 1.6809239983558655
1150.0 1.8793048337101936
