lsstCam/transmission_filter_detector/r33_s00/z_20/19700101T000000.ecsv
# %ECSV 1.0
# ---
# datatype:
# - {name: wavelength, unit: nm, datatype: float32}
# - {name: efficiency, unit: '%', datatype: float64}
# meta: !!omap
# - {MODE: DETECTOR}
# - {TYPE: transmission_filter_detector}
# - {CALIBDATE: '1970-01-01T00:00:00'}
# - {INSTRUME: LSSTCam}
# - {OBSTYPE: transmission_filter_detector}
# - {CALIBCLS: lsst.ip.isr.IntermediateFilterDetectorTransmissionCurve}
# - {SOURCE: Materion (DM-46256)}
# - {DETECTOR: 144}
# - {FILTER: z_20}
# - {CALIB_ID: 'calibDate=1970-01-01T00:00:00 filter=z_20 detector=144'}
# - {DATE: '2025-04-02T15:59:49.307371'}
# - {CALIB_CREATION_DATE: '2025-04-02'}
# - {CALIB_CREATION_TIME: '15:59:49'}
# - __serialized_columns__:
#     efficiency:
#       __class__: astropy.units.quantity.Quantity
#       unit: !astropy.units.Unit {unit: '%'}
#       value: !astropy.table.SerializedColumn {name: efficiency}
#     wavelength:
#       __class__: astropy.units.quantity.Quantity
#       unit: !astropy.units.Unit {unit: nm}
#       value: !astropy.table.SerializedColumn {name: wavelength}
# schema: astropy-2.0
wavelength efficiency
300.0 0.29473542235791683
301.0 0.2919561229646206
302.0 0.2891768468543887
303.0 0.24439156986773014
304.0 0.1996062695980072
305.0 0.1754111028276384
306.0 0.15121588949114084
307.0 0.13995730550959706
308.0 0.1286987098865211
309.0 0.12896149419248104
310.0 0.12922430178150535
311.0 0.1206279150210321
312.0 0.11203151661902666
313.0 0.10761469602584839
314.0 0.10319786379113793
315.0 0.09394199005328119
316.0 0.08468611049465835
317.0 0.07723119924776256
318.0 0.06977628218010068
319.0 0.0663098122458905
320.0 0.0628433539532125
321.0 0.05912833730690181
322.0 0.055413320660591125
323.0 0.05438699736259878
324.0 0.05336067988537252
325.0 0.04709425556939095
326.0 0.04082783416379243
327.0 0.0395467592170462
328.0 0.03826568427029997
329.0 0.03706552379298955
330.0 0.03586536331567913
331.0 0.035088660661131144
332.0 0.0343119609169662
333.0 0.032054062467068434
334.0 0.029796166927553713
335.0 0.028518613544292748
336.0 0.02724106307141483
337.0 0.023127702297642827
338.0 0.019014337158296257
339.0 0.018975880811922252
340.0 0.018937424465548247
341.0 0.017774345178622752
342.0 0.016611265891697258
343.0 0.016509034321643412
344.0 0.016406805661972612
345.0 0.014730756811331958
346.0 0.01305470650549978
347.0 0.013870123075321317
348.0 0.014685539645142853
349.0 0.014772142458241433
350.0 0.01485874381614849
351.0 0.013559279614128172
352.0 0.012259815412107855
353.0 0.014146065223030746
354.0 0.016032317944336683
355.0 0.013789840159006417
356.0 0.011547363101271912
357.0 0.010930091957561672
358.0 0.010312820813851431
359.0 0.010281341383233666
360.0 0.010249861952615902
361.0 0.010056103928945959
362.0 0.009862350270850584
363.0 0.009025242616189644
364.0 0.008188137144315988
365.0 0.007831310358596966
366.0 0.007474485028069466
367.0 0.007714275852777064
368.0 0.007954067405080423
369.0 0.008501656702719629
370.0 0.009049244545167312
371.0 0.008570717182010412
372.0 0.008092187636066228
373.0 0.007420168549288064
374.0 0.006748148734914139
375.0 0.006267126445891336
376.0 0.005786104156868532
377.0 0.0058342673582956195
378.0 0.005882430923520587
379.0 0.005640242306981236
380.0 0.005398054054239765
381.0 0.005578974378295243
382.0 0.00575989433855284
383.0 0.005286004670779221
384.0 0.004812115366803482
385.0 0.004569358134176582
386.0 0.004326600537751801
387.0 0.004438998439582065
388.0 0.004551396341412328
389.0 0.004604346395353787
390.0 0.004657296813093126
391.0 0.003886668855557218
392.0 0.0031160408980213106
393.0 0.003703637048602104
394.0 0.004291233199182898
395.0 0.004135870767640881
396.0 0.003980508699896745
397.0 0.004006144808954559
398.0 0.0040317805542144924
399.0 0.004341896419646218
400.0 0.004652013012673706
401.0 0.004508226265897974
402.0 0.004364439882920124
403.0 0.004615068610291928
404.0 0.004865696610067971
405.0 0.0039312017179327086
406.0 0.0029967064619995654
407.0 0.00315520737785846
408.0 0.0033137082937173545
409.0 0.002553896229073871
410.0 0.0017940838006325066
411.0 0.0025552661099936813
412.0 0.003316448419354856
413.0 0.0029155351512599736
414.0 0.002514621701266151
415.0 0.0036670942790806293
416.0 0.004819567038794048
417.0 0.003966864096582867
418.0 0.003114161518169567
419.0 0.003482404281385243
420.0 0.003850646680803038
421.0 0.004081632505403832
422.0 0.004312617966206744
423.0 0.004433175126905553
424.0 0.004553732287604362
425.0 0.0034427859645802528
426.0 0.002331839277758263
427.0 0.00257122464972781
428.0 0.002810609839798417
429.0 0.0023856347979744896
430.0 0.001960659574251622
431.0 0.0014850508705421817
432.0 0.0010094418030348606
433.0 0.001870275809778832
434.0 0.002731109634623863
435.0 0.0029304594136192463
436.0 0.003129808828816749
437.0 0.0028279317120905034
438.0 0.0025260544134653173
439.0 0.0023809643607819453
440.0 0.0022358743080985732
441.0 0.0021758829461759888
442.0 0.0021158915842534043
443.0 0.002281228262290824
444.0 0.0024465647584293038
445.0 0.002702143137867097
446.0 0.0029577218811027706
447.0 0.00312320189550519
448.0 0.00328868227370549
449.0 0.002250758006994147
450.0 0.0012128336493333336
451.0 0.0018235514289699495
452.0 0.0024342687538592145
453.0 0.002048285568889696
454.0 0.0016623023839201778
455.0 0.0017326294255326502
456.0 0.0018029568309430033
457.0 0.001705490103631746
458.0 0.0016080231944215484
459.0 0.0020746974769281223
460.0 0.002541371577535756
461.0 0.0018103455659002066
462.0 0.0010793197361635976
463.0 0.0012208906809973996
464.0 0.0013624617167806718
465.0 0.001319265447818907
466.0 0.0012760694517055526
467.0 0.0012958847946720198
468.0 0.0013157000466890167
469.0 0.0010750763976830058
470.0 0.000834452839626465
471.0 0.0010084118002851028
472.0 0.0011823707609437406
473.0 0.0011126764547952916
474.0 0.001042982330545783
475.0 0.001232372142112581
476.0 0.0014217617717804387
477.0 0.0013568776012107264
478.0 0.001291993339691544
479.0 0.0015449042621185072
480.0 0.0017978156392928213
481.0 0.0013370899978326634
482.0 0.0008763645382714458
483.0 0.0010173068403673824
484.0 0.0011582492334127892
485.0 0.0015115268979570828
486.0 0.0018648044715519063
487.0 0.001858094947237987
488.0 0.0018513856048230082
489.0 0.0021728201318182983
490.0 0.002494255022611469
491.0 0.002016607322730124
492.0 0.001538959622848779
493.0 0.0014954674043110572
494.0 0.0014519759133690968
495.0 0.0015051303307700437
496.0 0.0015582847481709905
497.0 0.0017160860807052813
498.0 0.0018738870494416915
499.0 0.0016383421097998507
500.0 0.0014027970792085398
501.0 0.0010839336027856916
502.0 0.000765070399211254
503.0 0.001168125254480401
504.0 0.0015711801097495481
505.0 0.0018680902940104716
506.0 0.0021650001144735143
507.0 0.0015160831026150845
508.0 0.0008671660907566547
509.0 0.0010880014997383114
510.0 0.0013088370906189084
511.0 0.0013738210327574052
512.0 0.0014388047020474914
513.0 0.0011950877706112806
514.0 0.0009513709301245399
515.0 0.0009657540431362577
516.0 0.0009801370651985053
517.0 0.0010727346307248808
518.0 0.0011653321962512564
519.0 0.001257365511264652
520.0 0.0013493988262780476
521.0 0.0012977316146134399
522.0 0.0012460642210498918
523.0 0.0010988408575940412
524.0 0.0009516173122392502
525.0 0.0011770536730182357
526.0 0.001402489851898281
527.0 0.0013022415259911213
528.0 0.0012019932000839617
529.0 0.0014809393178438768
530.0 0.0017598853446543217
531.0 0.001683533628238365
532.0 0.0016071820937213488
533.0 0.0014672331417386886
534.0 0.0013272841897560284
535.0 0.001231724218087038
536.0 0.0011361641554685775
537.0 0.0013767848031420726
538.0 0.0016174053598660976
539.0 0.0014574903616448864
540.0 0.0012975749996257946
541.0 0.0011526271009643096
542.0 0.0010076789294544142
543.0 0.000992084915196756
544.0 0.0009764908099896275
545.0 0.0011820373401860707
546.0 0.0013875837794330437
547.0 0.0017283409761148505
548.0 0.002069098081847187
549.0 0.0018781493054120801
550.0 0.0016872003470780328
551.0 0.0018239057681057602
552.0 0.0019606115529313684
553.0 0.002252922422485426
554.0 0.002545233292039484
555.0 0.00183771535375854
556.0 0.0011301974154775962
557.0 0.0010387192560301628
558.0 0.0009472413694311399
559.0 0.0009306757419835776
560.0 0.0009141102054854855
561.0 0.000993936828308506
562.0 0.0010737635420809966
563.0 0.0012607984899659641
564.0 0.001447833619749872
565.0 0.0017816984836827032
566.0 0.002115563620463945
567.0 0.0023100483304006048
568.0 0.002504533222236205
569.0 0.0026279465600964613
570.0 0.0027513602617545985
571.0 0.0025046716473298147
572.0 0.0022579833967029117
573.0 0.001984218579309527
574.0 0.001710453761916142
575.0 0.0018024440578301437
576.0 0.0018944341718452051
577.0 0.0021241097783786245
578.0 0.0023537852030131035
579.0 0.0022452124539995566
580.0 0.0021366400687838905
581.0 0.0020692512407549657
582.0 0.002001862412726041
583.0 0.001964559851330705
584.0 0.0019272574718343094
585.0 0.002246390431537293
586.0 0.0025655233912402764
587.0 0.0020763323846040294
588.0 0.0015871415598667227
589.0 0.0015083584003150463
590.0 0.0014295754226623103
591.0 0.00151475724123884
592.0 0.0015999394236132503
593.0 0.0011524135516083334
594.0 0.0007048878615023568
595.0 0.0008417923709203023
596.0 0.0009786968803382479
597.0 0.0008405327207583468
598.0 0.0007023685611784458
599.0 0.0009209427844325546
600.0 0.0011395170076866634
601.0 0.0011220897249586415
602.0 0.0011046624422306195
603.0 0.001395554318150971
604.0 0.0016864461940713227
605.0 0.0012908260941912886
606.0 0.000895206267159665
607.0 0.0010674635632312857
608.0 0.0012397210412018467
609.0 0.001222518130816752
610.0 0.0012053153113811277
611.0 0.001385317591484636
612.0 0.0015653198715881445
613.0 0.0013863191270502284
614.0 0.0012073183825123124
615.0 0.0013682863936992362
616.0 0.00152925440488616
617.0 0.0013324946849024855
618.0 0.0011357349649188109
619.0 0.001529882320028264
620.0 0.0019240296751377173
621.0 0.001912293373607099
622.0 0.0019005570720764808
623.0 0.001419687941961456
624.0 0.0009388188118464313
625.0 0.0011713685125869233
626.0 0.0014039181223779451
627.0 0.001528769644210115
628.0 0.0016536212569917552
629.0 0.0016118916391860694
630.0 0.0015701618394814432
631.0 0.0020674106053775176
632.0 0.0025646591893746518
633.0 0.002903417043853551
634.0 0.0032421743526356295
635.0 0.005792875163024291
636.0 0.008343576337210834
637.0 0.014855913468636572
638.0 0.02136825060006231
639.0 0.01985930430237204
640.0 0.01835035945987329
641.0 0.01582701806910336
642.0 0.013303676678333431
643.0 0.009601766214473173
644.0 0.0058998546592192724
645.0 0.006317959923762828
646.0 0.0067360655521042645
647.0 0.006561325426446274
648.0 0.006386586028384045
649.0 0.005032662011217326
650.0 0.003678737994050607
651.0 0.0037627552956109866
652.0 0.003846772597171366
653.0 0.003273784022894688
654.0 0.002700795084820129
655.0 0.002489766302460339
656.0 0.0022787373382016085
657.0 0.002563380439823959
658.0 0.002848023359547369
659.0 0.0020947651137248613
660.0 0.0013415065950539429
661.0 0.0017635655240155756
662.0 0.0021856243620277382
663.0 0.0020285422579036094
664.0 0.001871460335678421
665.0 0.0018003720470005646
666.0 0.0017292837583227083
667.0 0.0018945296687888913
668.0 0.0020597755792550743
669.0 0.0017693500922177918
670.0 0.0014789246051805094
671.0 0.001642701681703329
672.0 0.0018064785763272084
673.0 0.001480057562730508
674.0 0.0011536364581843372
675.0 0.0011025915227946825
676.0 0.001051546678354498
677.0 0.0013877463970857207
678.0 0.0017239466615137644
679.0 0.0016223351849475875
680.0 0.0015207239812298212
681.0 0.002129661697836127
682.0 0.0027385996872908436
683.0 0.0028093028959119692
684.0 0.002880005740735214
685.0 0.002524788214941509
686.0 0.0021695703253499232
687.0 0.0017543889043736272
688.0 0.0013392075743468013
689.0 0.00201514831132954
690.0 0.0026910889573628083
691.0 0.002374156792939175
692.0 0.0020572246285155416
693.0 0.0021183313947403803
694.0 0.0021794385247631
695.0 0.0030094835892668925
696.0 0.003839528653770685
697.0 0.003967097291024402
698.0 0.004094665928278118
699.0 0.005564891034737229
700.0 0.007035116868792102
701.0 0.007119763904483989
702.0 0.007204410212580115
703.0 0.006541130278492346
704.0 0.005877850708202459
705.0 0.0049599551857681945
706.0 0.0040420603909296915
707.0 0.003586243838071823
708.0 0.003130426921416074
709.0 0.00388182706956286
710.0 0.004633227581507526
711.0 0.004350725066615269
712.0 0.0040682229155208915
713.0 0.0030428745958488435
714.0 0.0020175262761767954
715.0 0.0022790927687310614
716.0 0.0025406592612853274
717.0 0.0020592848159139976
718.0 0.0015779103705426678
719.0 0.001758352664182894
720.0 0.00193879495782312
721.0 0.0016938238331931643
722.0 0.001448852435714798
723.0 0.0019076904209214263
724.0 0.0023665283151785843
725.0 0.0016443065760540776
726.0 0.0009220849278790411
727.0 0.0008930095646064728
728.0 0.0008639342922833748
729.0 0.0009408233381691389
730.0 0.001017712384054903
731.0 0.0008683752639626618
732.0 0.0007190382348198909
733.0 0.0010226182894257363
734.0 0.0013261984349810518
735.0 0.0016137933926074766
736.0 0.001901388714031782
737.0 0.0017315936929662712
738.0 0.0015617986719007604
739.0 0.0014177615412336309
740.0 0.0012737245015159715
741.0 0.001535390765639022
742.0 0.0017970571207115427
743.0 0.001781407991074957
744.0 0.0017657590433373116
745.0 0.00200945942196995
746.0 0.002253159800602589
747.0 0.002364045394642744
748.0 0.0024749309886828996
749.0 0.002913105345214717
750.0 0.003351279883645475
751.0 0.0027943304303335026
752.0 0.0022373809770215303
753.0 0.0024386095901718363
754.0 0.002639838021423202
755.0 0.0019382190657779574
756.0 0.0012365998372843023
757.0 0.001901371251733508
758.0 0.0025661427571321838
759.0 0.0028702390409307554
760.0 0.0031743351428303868
761.0 0.004940811777487397
762.0 0.006707288412144408
763.0 0.006363723514368758
764.0 0.006020158980390988
765.0 0.005064327342552133
766.0 0.004108496068511158
767.0 0.0039940296119311824
768.0 0.0038795631553512067
769.0 0.004667582470574416
770.0 0.0054556021495955065
771.0 0.005339592462405562
772.0 0.005223582411417738
773.0 0.004667862958740443
774.0 0.004112143506063148
775.0 1.5745304365877288e-10
776.0 0.09902704041451216
777.0 1.5745304365877288e-10
778.0 1.5745304365877288e-10
779.0 0.03283836995251477
780.0 0.1272587920539081
781.0 0.08995132520794868
782.0 0.13925305102020502
783.0 0.10262425057590008
784.0 1.5745304365877288e-10
785.0 0.021143697085790336
786.0 0.10152546456083655
787.0 0.02519217086955905
788.0 0.05012510810047388
789.0 0.1253981376066804
790.0 0.11568787740543485
791.0 0.03772758354898542
792.0 0.029633785015903413
793.0 0.01873660512501374
794.0 0.0017435701010981575
795.0 0.06663093226961792
796.0 0.0017139345800387673
797.0 0.07055256282910705
798.0 0.12747893342748284
799.0 0.09665024117566645
800.0 0.030187985976226628
801.0 0.28469928074628115
802.0 0.4550662823021412
803.0 0.6941172759979963
804.0 1.2893935665488243
805.0 1.6855603083968163
806.0 2.6786664500832558
807.0 4.25448939204216
808.0 5.95613457262516
809.0 8.23618620634079
810.0 10.949341207742691
811.0 14.124581217765808
812.0 17.365290224552155
813.0 20.373837649822235
814.0 22.890132665634155
815.0 26.38797163963318
816.0 30.47403395175934
817.0 35.682764649391174
818.0 41.246238350868225
819.0 46.429020166397095
820.0 54.00439500808716
821.0 61.437660455703735
822.0 68.10311079025269
823.0 74.26257133483887
824.0 80.4468035697937
825.0 85.63206195831299
826.0 89.8490846157074
827.0 93.48402619361877
828.0 96.35472893714905
829.0 98.143869638443
830.0 98.78350496292114
831.0 99.18440580368042
832.0 98.97529482841492
833.0 99.77645874023438
834.0 98.55707883834839
835.0 99.42330718040466
836.0 99.48815107345581
837.0 99.34139251708984
838.0 98.21591377258301
839.0 98.91558289527893
840.0 99.43314790725708
841.0 99.87727999687195
842.0 99.53022003173828
843.0 100.22244453430176
844.0 98.11691045761108
845.0 99.0838348865509
846.0 99.20732378959656
847.0 98.90689253807068
848.0 100.28877258300781
849.0 98.91860485076904
850.0 98.54981303215027
851.0 99.19349551200867
852.0 99.4016170501709
853.0 98.75129461288452
854.0 99.76492524147034
855.0 98.9812433719635
856.0 98.93631339073181
857.0 98.71241450309753
858.0 99.1209626197815
859.0 99.36448335647583
860.0 98.7476110458374
861.0 99.05876517295837
862.0 98.99073839187622
863.0 98.63079190254211
864.0 99.74885582923889
865.0 99.97010827064514
866.0 99.0160882472992
867.0 99.62215423583984
868.0 99.58807826042175
869.0 98.89250993728638
870.0 98.25000166893005
871.0 98.93588423728943
872.0 99.7079849243164
873.0 99.26236867904663
874.0 99.98360872268677
875.0 99.36531186103821
876.0 99.3821918964386
877.0 99.32191967964172
878.0 99.57517981529236
879.0 98.81561398506165
880.0 98.56545925140381
881.0 100.2029299736023
882.0 99.1754412651062
883.0 99.19993281364441
884.0 99.24655556678772
885.0 99.59394931793213
886.0 98.82887005805969
887.0 99.12278056144714
888.0 99.25413727760315
889.0 99.61826801300049
890.0 98.73517155647278
891.0 99.5742678642273
892.0 99.21913743019104
893.0 98.94885420799255
894.0 98.51554036140442
895.0 99.97138977050781
896.0 99.34058785438538
