lsstCam/transmission_filter_detector/r33_s00/z_20/19700101T000000.ecsv
# %ECSV 1.0
# ---
# datatype:
# - {name: wavelength, unit: nm, datatype: float32}
# - {name: efficiency, unit: '%', datatype: float64}
# meta: !!omap
# - {MODE: DETECTOR}
# - {TYPE: transmission_filter_detector}
# - {CALIBDATE: '1970-01-01T00:00:00'}
# - {INSTRUME: LSSTCam}
# - {OBSTYPE: transmission_filter_detector}
# - {CALIBCLS: lsst.ip.isr.IntermediateFilterDetectorTransmissionCurve}
# - {SOURCE: Materion (DM-46256)}
# - {DETECTOR: 144}
# - {FILTER: z_20}
# - {CALIB_ID: 'calibDate=1970-01-01T00:00:00 filter=z_20 detector=144'}
# - {DATE: '2025-04-02T15:59:49.307371'}
# - {CALIB_CREATION_DATE: '2025-04-02'}
# - {CALIB_CREATION_TIME: '15:59:49'}
# - __serialized_columns__:
#     efficiency:
#       __class__: astropy.units.quantity.Quantity
#       unit: !astropy.units.Unit {unit: '%'}
#       value: !astropy.table.SerializedColumn {name: efficiency}
#     wavelength:
#       __class__: astropy.units.quantity.Quantity
#       unit: !astropy.units.Unit {unit: nm}
#       value: !astropy.table.SerializedColumn {name: wavelength}
# schema: astropy-2.0
wavelength efficiency
[from data line 598]
898.0 98.87837767601013
899.0 98.67780804634094
900.0 99.01756048202515
901.0 99.63434338569641
902.0 99.27309155464172
903.0 99.16343688964844
904.0 97.981196641922
905.0 98.71484041213989
906.0 98.3249306678772
907.0 99.08750653266907
908.0 98.46064448356628
909.0 98.5689640045166
910.0 97.87629246711731
911.0 97.02848792076111
912.0 96.35321497917175
913.0 95.06759643554688
914.0 92.74335503578186
915.0 90.6902551651001
916.0 88.57842683792114
917.0 86.946040391922
918.0 83.7334394454956
919.0 82.51948952674866
920.0 79.62106466293335
921.0 75.92870593070984
922.0 71.69085741043091
923.0 65.96837043762207
924.0 60.797542333602905
925.0 55.15754818916321
926.0 49.11260008811951
927.0 42.05799400806427
928.0 36.494141817092896
929.0 30.01275062561035
930.0 24.29881989955902
931.0 19.172711670398712
932.0 13.679993152618408
933.0 9.21565443277359
934.0 6.0857657343149185
935.0 3.711201250553131
936.0 2.0233286544680595
937.0 1.3940350152552128
938.0 0.8501997217535973
939.0 0.3749691182747483
940.0 0.285743223503232
941.0 0.18649200210347772
942.0 0.13934432063251734
943.0 0.07942963857203722
944.0 0.0532072561327368
945.0 1.5745304365877288e-10
946.0 0.09360627736896276
947.0 1.5745304365877288e-10
948.0 1.5745304365877288e-10
949.0 0.10609328746795654
950.0 0.07652021595276892
951.0 0.07562694954685867
952.0 0.05733712459914386
953.0 1.5745304365877288e-10
954.0 0.037987050018273294
955.0 1.5745304365877288e-10
956.0 0.015489710494875908
957.0 1.5745304365877288e-10
958.0 0.039727764669805765
959.0 1.5745304365877288e-10
960.0 0.0019713654182851315
961.0 0.05624995683319867
962.0 1.5745304365877288e-10
963.0 1.5745304365877288e-10
964.0 1.5745304365877288e-10
965.0 1.5745304365877288e-10
966.0 1.5745304365877288e-10
967.0 1.5745304365877288e-10
968.0 1.5745304365877288e-10
969.0 0.030301226070150733
970.0 1.5745304365877288e-10
971.0 1.5745304365877288e-10
972.0 1.5745304365877288e-10
973.0 1.5745304365877288e-10
974.0 1.5745304365877288e-10
975.0 0.035995442885905504
976.0 0.006525596836581826
977.0 0.006569350807694718
978.0 0.00661310477880761
979.0 0.0063189138018060476
980.0 0.006024723552400246
981.0 0.005881526521989144
982.0 0.005738329127780162
983.0 0.00563338580832351
984.0 0.005528442488866858
985.0 0.005469564348459244
986.0 0.005410685844253749
987.0 0.0052946525102015585
988.0 0.005178619176149368
989.0 0.005084696022095159
990.0 0.004990772868040949
991.0 0.004967906352248974
992.0 0.0049450394726591185
993.0 0.0047932113375281915
994.0 0.0046413832023972645
995.0 0.004645439548767172
996.0 0.004649495167541318
997.0 0.0046341705456143245
998.0 0.00461884519609157
999.0 0.004563551920000464
1000.0 0.004508257916313596
1001.0 0.0044772375986212865
1002.0 0.004446216917131096
1003.0 0.004443592843017541
1004.0 0.004440968768903986
1005.0 0.004483698285184801
1006.0 0.004526427437667735
1007.0 0.004574601916829124
1008.0 0.0046227760321926326
1009.0 0.004469555642572232
1010.0 0.004316335252951831
1011.0 0.004316568447393365
1012.0 0.0043168016418349
1013.0 0.004393006747704931
1014.0 0.004469211489777081
1015.0 0.004443932994036004
1016.0 0.0044186541344970465
1017.0 0.004403170169098303
1018.0 0.004387685839901678
1019.0 0.004447407627594657
1020.0 0.0045071290514897555
1021.0 0.0045895660150563344
1022.0 0.004672002614825033
1023.0 0.0045895176299382
1024.0 0.004507033372647129
1025.0 0.004522739254753105
1026.0 0.004538445136859082
1027.0 0.004585258284350857
1028.0 0.004632071068044752
1029.0 0.0046080705942586064
1030.0 0.004584070120472461
1031.0 0.004668507244787179
1032.0 0.004752944005304016
1033.0 0.004823862400371581
1034.0 0.0048947807954391465
1035.0 0.004985611667507328
1036.0 0.005076443267171271
1037.0 0.005263144339551218
1038.0 0.005449845775729045
1039.0 0.00555183069081977
1040.0 0.005653815969708376
1041.0 0.0056615754147060215
1042.0 0.005669334495905787
1043.0 0.005917032467550598
1044.0 0.006164729711599648
1045.0 0.006229520658962429
1046.0 0.0062943123339209706
1047.0 0.006429759378079325
1048.0 0.006565205694641918
1049.0 0.006643707456532866
1050.0 0.006722208490828052
1051.0 0.006781212141504511
1052.0 0.0068402143369894475
1053.0 0.007189015013864264
1054.0 0.007537814963143319
1055.0 0.007430670666508377
1056.0 0.0073235249146819115
1057.0 0.007718966662650928
1058.0 0.008114408410619944
1059.0 0.008224409248214215
1060.0 0.008334410085808486
1061.0 0.00850969590828754
1062.0 0.00868498464114964
1063.0 0.009217626211466268
1064.0 0.00975026996457018
1065.0 0.010125034168595448
1066.0 0.010499796189833432
1067.0 0.010265038872603327
1068.0 0.010030282282968983
1069.0 0.010144100815523416
1070.0 0.010257917892886326
1071.0 0.010787446080939844
1072.0 0.011316974996589124
1073.0 0.011713551793945953
1074.0 0.012110128591302782
1075.0 0.011764171358663589
1076.0 0.011418213398428634
1077.0 0.012158396566519514
1078.0 0.012898580462206155
1079.0 0.013121044321451336
1080.0 0.013343503815121949
1081.0 0.01415573206031695
1082.0 0.014967957395128906
1083.0 0.01518570352345705
1084.0 0.015403454017359763
1085.0 0.015165444347076118
1086.0 0.014927434676792473
1087.0 0.015976470604073256
1088.0 0.01702550653135404
1089.0 0.016978842904791236
1090.0 0.016932179278228432
1091.0 0.017223060422111303
1092.0 0.017513943021185696
1093.0 0.018438781262375414
1094.0 0.019363620958756655
1095.0 0.019817313295789063
1096.0 0.020271002722438425
1097.0 0.02031386538874358
1098.0 0.020356728055048734
1099.0 0.02091648057103157
1100.0 0.021476233087014407
1101.0 0.022432266268879175
1102.0 0.02338829799555242
1103.0 0.024758785730227828
1104.0 0.026129273464903235
1105.0 0.026167562464252114
1106.0 0.02620585437398404
1107.0 0.02655942807905376
1108.0 0.02691300178412348
1109.0 0.028144422685727477
1110.0 0.02937584649771452
1111.0 0.02901580010075122
1112.0 0.02865575661417097
1113.0 0.029998808167874813
1114.0 0.03134185972157866
1115.0 0.03162383218295872
1116.0 0.03190580173395574
1117.0 0.03387771430425346
1118.0 0.03584962687455118
1119.0 0.03714178747031838
1120.0 0.03843394515570253
1121.0 0.039449482574127614
1122.0 0.040465014171786606
1123.0 0.0416451453929767
1124.0 0.042825276614166796
1125.0 0.043484862544573843
1126.0 0.04414444847498089
1127.0 0.04594833008013666
1128.0 0.04775220877490938
1129.0 0.05161600420251489
1130.0 0.0554797996301204
1131.0 0.06028966745361686
1132.0 0.06509953527711332
1133.0 0.06482315948233008
1134.0 0.06454678950831294
1135.0 0.06862226291559637
1136.0 0.0726977305021137
1137.0 0.076622876804322
1138.0 0.08054802310653031
1139.0 0.08350012940354645
1140.0 0.0864522357005626
1141.0 0.09879556018859148
1142.0 0.11113887885585427
1143.0 0.14218112919479609
1144.0 0.17322342609986663
1145.0 0.35755233839154243
1146.0 0.5418812390416861
1147.0 1.0621832683682442
1148.0 1.5824854373931885
1149.0 1.6609573736786842
1150.0 1.7394296824932098
