lsstCam/transmission_filter_detector/r32_s10/z_20/19700101T000000.ecsv
# %ECSV 1.0
# ---
# datatype:
# - {name: wavelength, unit: nm, datatype: float32}
# - {name: efficiency, unit: '%', datatype: float64}
# meta: !!omap
# - {MODE: DETECTOR}
# - {TYPE: transmission_filter_detector}
# - {CALIBDATE: '1970-01-01T00:00:00'}
# - {INSTRUME: LSSTCam}
# - {OBSTYPE: transmission_filter_detector}
# - {CALIBCLS: lsst.ip.isr.IntermediateFilterDetectorTransmissionCurve}
# - {SOURCE: Materion (DM-46256)}
# - {DETECTOR: 138}
# - {FILTER: z_20}
# - {CALIB_ID: 'calibDate=1970-01-01T00:00:00 filter=z_20 detector=138'}
# - {DATE: '2025-04-02T15:59:49.279568'}
# - {CALIB_CREATION_DATE: '2025-04-02'}
# - {CALIB_CREATION_TIME: '15:59:49'}
# - __serialized_columns__:
#     efficiency:
#       __class__: astropy.units.quantity.Quantity
#       unit: !astropy.units.Unit {unit: '%'}
#       value: !astropy.table.SerializedColumn {name: efficiency}
#     wavelength:
#       __class__: astropy.units.quantity.Quantity
#       unit: !astropy.units.Unit {unit: nm}
#       value: !astropy.table.SerializedColumn {name: wavelength}
# schema: astropy-2.0
wavelength efficiency
[from data line 598]
898.0 98.93608689308167
899.0 98.78736138343811
900.0 99.0683913230896
901.0 99.5721161365509
902.0 99.36946034431458
903.0 98.94769787788391
904.0 98.00848960876465
905.0 98.68115782737732
906.0 98.35036396980286
907.0 99.0948736667633
908.0 98.24894666671753
909.0 98.36217164993286
910.0 98.18528890609741
911.0 97.0535159111023
912.0 96.24059796333313
913.0 95.24744153022766
914.0 92.8016185760498
915.0 90.52935242652893
916.0 88.75690698623657
917.0 87.1214509010315
918.0 83.47245454788208
919.0 82.50805735588074
920.0 79.7030508518219
921.0 75.92043876647949
922.0 71.7181921005249
923.0 66.2076473236084
924.0 60.72308421134949
925.0 55.48783540725708
926.0 49.31269884109497
927.0 42.47399568557739
928.0 36.67998909950256
929.0 30.2770733833313
930.0 24.662965536117554
931.0 19.553691148757935
932.0 13.925540447235107
933.0 9.530038386583328
934.0 6.090649962425232
935.0 3.8235198706388474
936.0 2.23214291036129
937.0 1.3757271692156792
938.0 0.7761779706925154
939.0 0.4335341975092888
940.0 0.3466381458565593
941.0 0.2225974341854453
942.0 0.10974729666486382
943.0 1.5846102641853266e-10
944.0 0.18036382971331477
945.0 1.5846102641853266e-10
946.0 0.04490226856432855
947.0 0.00306786059809383
948.0 1.5846102641853266e-10
949.0 1.5846102641853266e-10
950.0 1.5846102641853266e-10
951.0 0.02352816954953596
952.0 0.010799320443766192
953.0 0.037128894473426044
954.0 0.0954841380007565
955.0 1.5846102641853266e-10
956.0 1.5846102641853266e-10
957.0 0.021807258599437773
958.0 0.019385314953979105
959.0 0.11750576086342335
960.0 1.5846102641853266e-10
961.0 1.5846102641853266e-10
962.0 0.05393302417360246
963.0 0.05401487578637898
964.0 0.04891136777587235
965.0 0.0017666796338744462
966.0 1.5846102641853266e-10
967.0 0.008645165507914498
968.0 1.5846102641853266e-10
969.0 0.028750966885127127
970.0 0.026627688203006983
971.0 0.013625303108710796
972.0 1.5846102641853266e-10
973.0 0.03458819119259715
974.0 1.5846102641853266e-10
975.0 1.5846102641853266e-10
976.0 0.006456875416915864
977.0 0.006413421215256676
978.0 0.006369967013597488
979.0 0.006134239083621651
980.0 0.0058985111536458135
981.0 0.005839021832798608
982.0 0.005779532148153521
983.0 0.005597562267212197
984.0 0.005415592386270873
985.0 0.0053016599849797785
986.0 0.005187727219890803
987.0 0.005176265040063299
988.0 0.005164803587831557
989.0 0.005060385592514649
990.0 0.004955967960995622
991.0 0.0048392845201306045
992.0 0.004722601079265587
993.0 0.004715203613159247
994.0 0.004707805783255026
995.0 0.0046020973968552426
996.0 0.004496388646657579
997.0 0.004540034933597781
998.0 0.004583680856740102
999.0 0.004606081711244769
1000.0 0.004628482565749437
1001.0 0.00448818645963911
1002.0 0.004347889989730902
1003.0 0.004334162440500222
1004.0 0.004320434891269542
1005.0 0.0043210475269006565
1006.0 0.00432165979873389
1007.0 0.004365391214378178
1008.0 0.0044091222662245855
1009.0 0.004360147431725636
1010.0 0.004311172233428806
1011.0 0.004260574132786132
1012.0 0.004209976395941339
1013.0 0.004300576256355271
1014.0 0.004391176116769202
1015.0 0.004348525544628501
1016.0 0.0043058753362856805
1017.0 0.0044488959247246385
1018.0 0.004591916513163596
1019.0 0.004545683259493671
1020.0 0.004499450005823746
1021.0 0.004471090505830944
1022.0 0.00444273064204026
1023.0 0.004497462578001432
1024.0 0.004552194513962604
1025.0 0.004482555232243612
1026.0 0.004412916314322501
1027.0 0.004516094850259833
1028.0 0.004619273386197165
1029.0 0.0047099882067414
1030.0 0.004800702663487755
1031.0 0.0046904748160159215
1032.0 0.004580247332341969
1033.0 0.004733117020805366
1034.0 0.004885987073066644
1035.0 0.004993673064745963
1036.0 0.0051013586926274
1037.0 0.005254091593087651
1038.0 0.0054068244935479015
1039.0 0.005512772986548953
1040.0 0.005618721479550004
1041.0 0.005469536336022429
1042.0 0.005320351192494854
1043.0 0.005647742364089936
1044.0 0.005975133535685018
1045.0 0.006145265797385946
1046.0 0.006315397331491113
1047.0 0.0064304491388611495
1048.0 0.006545501673826948
1049.0 0.00658394637866877
1050.0 0.006622391811106354
1051.0 0.0069321074988693
1052.0 0.007241823914228007
1053.0 0.007471234130207449
1054.0 0.007700642890995368
1055.0 0.007458019535988569
1056.0 0.007215394725790247
1057.0 0.007664904842386022
1058.0 0.008114415686577559
1059.0 0.008350373536814004
1060.0 0.008586332114646211
1061.0 0.008602168236393481
1062.0 0.008618005085736513
1063.0 0.008956980309449136
1064.0 0.009295956988353282
1065.0 0.009504232002655044
1066.0 0.009712504834169522
1067.0 0.009710038284538314
1068.0 0.009707571734907106
1069.0 0.009964439959730953
1070.0 0.010221305274171755
1071.0 0.010594537161523476
1072.0 0.010967768321279436
1073.0 0.011190647637704387
1074.0 0.0114135276817251
1075.0 0.01149721210822463
1076.0 0.011580897262319922
1077.0 0.012418400729075074
1078.0 0.013255907106213272
1079.0 0.013231665070634335
1080.0 0.013207423035055399
1081.0 0.01398159220116213
1082.0 0.01475576136726886
1083.0 0.015170378901530057
1084.0 0.015584996435791254
1085.0 0.015248356794472784
1086.0 0.014911717153154314
1087.0 0.015118949522729963
1088.0 0.015326183347497135
1089.0 0.015403504949063063
1090.0 0.015480828005820513
1091.0 0.01664279116084799
1092.0 0.017804757226258516
1093.0 0.018165494839195162
1094.0 0.01852623390732333
1095.0 0.018996903963852674
1096.0 0.01946756965480745
1097.0 0.020087487064301968
1098.0 0.020707403018604964
1099.0 0.020889146253466606
1100.0 0.021070889488328248
1101.0 0.02264624781673774
1102.0 0.024221606145147234
1103.0 0.024693013983778656
1104.0 0.025164426187984645
1105.0 0.025564603856764734
1106.0 0.025964784435927868
1107.0 0.02727376704569906
1108.0 0.028582749655470252
1109.0 0.02931858180090785
1110.0 0.030054416856728494
1111.0 0.030704544042237103
1112.0 0.03135467413812876
1113.0 0.03180848725605756
1114.0 0.03226230328436941
1115.0 0.032857616315595806
1116.0 0.0334529293468222
1117.0 0.03322454576846212
1118.0 0.032996165100485086
1119.0 0.03485798370093107
1120.0 0.03671979939099401
1121.0 0.03795179072767496
1122.0 0.03918378206435591
1123.0 0.04106990236323327
1124.0 0.04295602266211063
1125.0 0.044870280544273555
1126.0 0.046784538426436484
1127.0 0.04735710972454399
1128.0 0.047929681022651494
1129.0 0.051972002256661654
1130.0 0.05601432640105486
1131.0 0.060349429259076715
1132.0 0.06468453211709857
1133.0 0.0634687370620668
1134.0 0.062252936186268926
1135.0 0.068200274836272
1136.0 0.07414761930704117
1137.0 0.0797630287706852
1138.0 0.0853784556966275
1139.0 0.0881629646755755
1140.0 0.09094747365452349
1141.0 0.10514487512409687
1142.0 0.11934225913137197
1143.0 0.16168508445844054
1144.0 0.2040279097855091
1145.0 0.45732962898910046
1146.0 0.7106313481926918
1147.0 1.201064232736826
1148.0 1.691497303545475
1149.0 1.6854895278811455
1150.0 1.6794819384813309
