lsstCam/transmission_filter_detector/r32_s10/z_20/19700101T000000.ecsv
# %ECSV 1.0
# ---
# datatype:
# - {name: wavelength, unit: nm, datatype: float32}
# - {name: efficiency, unit: '%', datatype: float64}
# meta: !!omap
# - {MODE: DETECTOR}
# - {TYPE: transmission_filter_detector}
# - {CALIBDATE: '1970-01-01T00:00:00'}
# - {INSTRUME: LSSTCam}
# - {OBSTYPE: transmission_filter_detector}
# - {CALIBCLS: lsst.ip.isr.IntermediateFilterDetectorTransmissionCurve}
# - {SOURCE: Materion (DM-46256)}
# - {DETECTOR: 138}
# - {FILTER: z_20}
# - {CALIB_ID: 'calibDate=1970-01-01T00:00:00 filter=z_20 detector=138'}
# - {DATE: '2025-04-02T15:59:49.279568'}
# - {CALIB_CREATION_DATE: '2025-04-02'}
# - {CALIB_CREATION_TIME: '15:59:49'}
# - __serialized_columns__:
#     efficiency:
#       __class__: astropy.units.quantity.Quantity
#       unit: !astropy.units.Unit {unit: '%'}
#       value: !astropy.table.SerializedColumn {name: efficiency}
#     wavelength:
#       __class__: astropy.units.quantity.Quantity
#       unit: !astropy.units.Unit {unit: nm}
#       value: !astropy.table.SerializedColumn {name: wavelength}
# schema: astropy-2.0
wavelength efficiency
300.0 0.3588841063901782
301.0 0.31391445081681013
302.0 0.2689447719603777
303.0 0.24212917778640985
304.0 0.21531358361244202
305.0 0.18607026431709528
306.0 0.15682692173868418
307.0 0.1525907078757882
308.0 0.14835449401289225
309.0 0.135054683778435
310.0 0.12175483861938119
311.0 0.11799574131146073
312.0 0.11423665564507246
313.0 0.10959005448967218
314.0 0.10494345333427191
315.0 0.09494216064922512
316.0 0.08494086214341223
317.0 0.07796803838573396
318.0 0.07099521462805569
319.0 0.06641206564381719
320.0 0.06182892248034477
321.0 0.05948988255113363
322.0 0.05715084262192249
323.0 0.05491557531058788
324.0 0.05268030799925327
325.0 0.049671519082039595
326.0 0.04666272725444287
327.0 0.04191201296634972
328.0 0.03716129867825657
329.0 0.03532719274517149
330.0 0.03349308390170336
331.0 0.03436508122831583
332.0 0.03523707273416221
333.0 0.03095154243055731
334.0 0.02666601212695241
335.0 0.026816187892109156
336.0 0.0269663636572659
337.0 0.022387671924661845
338.0 0.017808984557632357
339.0 0.01886112295323983
340.0 0.019913264259230345
341.0 0.017754237342160195
342.0 0.015595210425090045
343.0 0.01563558034831658
344.0 0.015675950271543115
345.0 0.013963985838927329
346.0 0.012252017040736973
347.0 0.01365560747217387
348.0 0.015059197903610766
349.0 0.014096545055508614
350.0 0.013133892207406461
351.0 0.01274230016861111
352.0 0.012350711040198803
353.0 0.012787626474164426
354.0 0.013224543363321573
355.0 0.01227301690960303
356.0 0.01132148681790568
357.0 0.01095589977921918
358.0 0.010590312740532681
359.0 0.01054147505783476
360.0 0.010492637375136837
361.0 0.01033909575198777
362.0 0.010185554856434464
363.0 0.00947746229940094
364.0 0.008769369014771655
365.0 0.008790678111836314
366.0 0.008811986481305212
367.0 0.008428512228420004
368.0 0.008045037975534797
369.0 0.00860661530168727
370.0 0.009168194083031267
371.0 0.008484863064950332
372.0 0.007801532774465159
373.0 0.00748785532778129
374.0 0.007174177881097421
375.0 0.0060968552133999765
376.0 0.005019532181904651
377.0 0.004996104689780623
378.0 0.0049726768338587135
379.0 0.005209401570027694
380.0 0.005446126669994555
381.0 0.005606257036561146
382.0 0.005766387039329857
383.0 0.0052285711717559025
384.0 0.004690754940384068
385.0 0.004506822369876318
386.0 0.004322889799368568
387.0 0.004485071622184478
388.0 0.0046472538087982684
389.0 0.00460195224150084
390.0 0.004556650674203411
391.0 0.004107277709408663
392.0 0.0036579051084117964
393.0 0.003870259752147831
394.0 0.004082614395883866
395.0 0.0037755235098302364
396.0 0.003468432987574488
397.0 0.003811118585872464
398.0 0.004153803820372559
399.0 0.004171103137196042
400.0 0.004188402454019524
401.0 0.004579696906148456
402.0 0.004970991358277388
403.0 0.004443828947842121
404.0 0.003916666173608974
405.0 0.0038874153688084334
406.0 0.003858163836412132
407.0 0.004312044620746747
408.0 0.004765926132677123
409.0 0.004059986895299517
410.0 0.0033540476579219103
411.0 0.0037889807572355494
412.0 0.0042239138565491885
413.0 0.004418781463755295
414.0 0.00461364870716352
415.0 0.004567056384985335
416.0 0.004520464426605031
417.0 0.0034968288673553616
418.0 0.0024731934900046326
419.0 0.003010823274962604
420.0 0.003548452878021635
421.0 0.003312453191028908
422.0 0.0030764531402383
423.0 0.0032731491955928504
424.0 0.0034698448871495202
425.0 0.003058844231418334
426.0 0.0026478435756871477
427.0 0.0030275361496023834
428.0 0.0034072283597197384
429.0 0.0029110355171724223
430.0 0.002414842492726166
431.0 0.0018035874745692126
432.0 0.001192332183563849
433.0 0.001853235880844295
434.0 0.0025141393052763306
435.0 0.002950339148810599
436.0 0.003386538810445927
437.0 0.0030566196073777974
438.0 0.0027266998586128466
439.0 0.0023946455257828347
440.0 0.0020625910110538825
441.0 0.002328887603653129
442.0 0.002595184196252376
443.0 0.002580020736786537
444.0 0.002564857277320698
445.0 0.0022823918698122725
446.0 0.0019999266442027874
447.0 0.0024036089598666877
448.0 0.0028072914574295282
449.0 0.002354887328692712
450.0 0.0019024831999558955
451.0 0.0019472123312880285
452.0 0.0019919414626201615
453.0 0.0019256633095210418
454.0 0.0018593849745229818
455.0 0.0018043769159703515
456.0 0.0017493690393166617
457.0 0.0014860086594126187
458.0 0.0012226481885591056
459.0 0.0017163965821964666
460.0 0.0022101448848843575
461.0 0.0016621717804810032
462.0 0.0011141989489260595
463.0 0.0012710398550552782
464.0 0.001427880852133967
465.0 0.00131926190078957
466.0 0.0012106430403946433
467.0 0.0011041137440770399
468.0 0.000997584265860496
469.0 0.0010374019439041149
470.0 0.0010772197128972039
471.0 0.0011881176760653034
472.0 0.0012990158211323433
473.0 0.0013119100003677886
474.0 0.001324804179603234
475.0 0.0014226925486582331
476.0 0.001520580735814292
477.0 0.001553627589601092
478.0 0.0015866742614889517
479.0 0.0018055789041682146
480.0 0.0020244835468474776
481.0 0.0016765021428000182
482.0 0.0013285207387525588
483.0 0.0012397249520290643
484.0 0.0011509291653055698
485.0 0.0013644361388287507
486.0 0.0015779431123519316
487.0 0.001489214992034249
488.0 0.0014004868717165664
489.0 0.001607420745131094
490.0 0.001814354800444562
491.0 0.0016961501387413591
492.0 0.001577945840836037
493.0 0.001718656494631432
494.0 0.0018593673303257674
495.0 0.001738896571623627
496.0 0.0016184259948204271
497.0 0.0017395175746059977
498.0 0.0018606093362905085
499.0 0.0017176867913804017
500.0 0.001574764246470295
501.0 0.0013133129868947435
502.0 0.0010518618182686623
503.0 0.0009762219633557834
504.0 0.0009005819265439641
505.0 0.0014998054211901035
506.0 0.002099028461088892
507.0 0.0014582702533516567
508.0 0.000817511863715481
509.0 0.0010200694305240177
510.0 0.0012226269063830841
511.0 0.0012090766176697798
512.0 0.0011955261470575351
513.0 0.0011476932741061319
514.0 0.0010998603102052584
515.0 0.0011544756489456631
516.0 0.0012090908967365976
517.0 0.001088812314264942
518.0 0.0009685338227427565
519.0 0.0011424850526964292
520.0 0.001316436373599572
521.0 0.0012793230780516751
522.0 0.0012422098734532483
523.0 0.001350614274997497
524.0 0.0014590186765417457
525.0 0.0013440944712783676
526.0 0.0012291701750655193
527.0 0.0012723455256491434
528.0 0.0013155208762327675
529.0 0.0014036391803529114
530.0 0.0014917574844730552
531.0 0.0015476882254006341
532.0 0.0016036188753787428
533.0 0.0015475206964765675
534.0 0.001491422426624922
535.0 0.001468837945139967
536.0 0.001446253554604482
537.0 0.001457506095903227
538.0 0.0014687588191009127
539.0 0.0012513705769379158
540.0 0.0010339819709770381
541.0 0.0010352962817705702
542.0 0.001036610501614632
543.0 0.0009533095180813689
544.0 0.0008700086254975758
545.0 0.0011272721167188138
546.0 0.0013845356079400517
547.0 0.001566003993502818
548.0 0.0017474723790655844
549.0 0.001972222889889963
550.0 0.0021969734007143416
551.0 0.00209182508115191
552.0 0.0019866771253873594
553.0 0.002029899405897595
554.0 0.002073121868306771
555.0 0.0017903357729665004
556.0 0.0015075497685757
557.0 0.0013732741535932291
558.0 0.0012389988114591688
559.0 0.0011704456483130343
560.0 0.0011018924851668999
561.0 0.0011530979463714175
562.0 0.0012043034985254053
563.0 0.0014934424143575598
564.0 0.0017825814211391844
565.0 0.001851705565059092
566.0 0.0019208300727768801
567.0 0.002063286410702858
568.0 0.0022057429305277765
569.0 0.0024730903533054516
570.0 0.0027404377760831267
571.0 0.0026687124773161486
572.0 0.002596987542347051
573.0 0.0021935557015240192
574.0 0.0017901234969031066
575.0 0.0017754755390342325
576.0 0.0017608275811653584
577.0 0.0018734102923190221
578.0 0.0019859928215737455
579.0 0.002005342139455024
580.0 0.0020246912754373625
581.0 0.002148208295693621
582.0 0.0022717253159498796
583.0 0.0020218363715684973
584.0 0.001771947427187115
585.0 0.0020555116861942224
586.0 0.00233907594520133
587.0 0.002008032606681809
588.0 0.0016769892681622878
589.0 0.0014919176464900374
590.0 0.001306845933868317
591.0 0.0013934031812823378
592.0 0.0014799605196458288
593.0 0.0010107366506417748
594.0 0.0005415129635366611
595.0 0.0008221070856961887
596.0 0.0011027012078557163
597.0 0.000917792203836143
598.0 0.0007328830179176293
599.0 0.000972894031292526
600.0 0.0012129050446674228
601.0 0.0010804214980453253
602.0 0.0009479378604737576
603.0 0.0013056480383966118
604.0 0.0016633581253699958
605.0 0.0013737955669057555
606.0 0.0010842330084415153
607.0 0.0009735104868013877
608.0 0.0008627881470602006
609.0 0.0008605005859863013
610.0 0.000858213024912402
611.0 0.0011299704965495039
612.0 0.0014017278772371355
613.0 0.001497510038461769
614.0 0.0015932928363326937
615.0 0.0015423662262037396
616.0 0.0014914395251253154
617.0 0.001576607974129729
618.0 0.0016617768778814934
619.0 0.0016245332517428324
620.0 0.0015872896256041713
621.0 0.0015730445738881826
622.0 0.0015587993402732536
623.0 0.0012278020221856423
624.0 0.0008968045221990906
625.0 0.0011912952686543576
626.0 0.0014857858332106844
627.0 0.0017344176740152761
628.0 0.001983049514819868
629.0 0.0020024479454150423
630.0 0.0020218463760102168
631.0 0.002349325950490311
632.0 0.002676805524970405
633.0 0.002956671050924342
634.0 0.0032365362130803987
635.0 0.005703937858925201
636.0 0.008171339868567884
637.0 0.01486471010139212
638.0 0.02155808178940788
639.0 0.019765800971072167
640.0 0.0179735230631195
641.0 0.015715703193563968
642.0 0.013457881868816912
643.0 0.009670168947195634
644.0 0.005882455661776476
645.0 0.006335593934636563
646.0 0.006788732571294531
647.0 0.006440793367801234
648.0 0.006092855255701579
649.0 0.004940613871440291
650.0 0.003788373214774765
651.0 0.0037619825889123604
652.0 0.0037355919630499557
653.0 0.003174219818902202
654.0 0.0026128478566533886
655.0 0.002467300510033965
656.0 0.0023217529815156013
657.0 0.0025835155611275695
658.0 0.002845277776941657
659.0 0.002291125383635517
660.0 0.0017369729903293774
661.0 0.0021921216102782637
662.0 0.0026472700483282097
663.0 0.0022587460989598185
664.0 0.001870222513389308
665.0 0.001773296571627725
666.0 0.0016763708117650822
667.0 0.001601902476977557
668.0 0.0015274339602910914
669.0 0.0014928904420230538
670.0 0.0014583467418560758
671.0 0.0014937982086848933
672.0 0.0015292493117158301
673.0 0.0014446954082814045
674.0 0.0013601413229480386
675.0 0.0011648607141978573
676.0 0.0009695801963971462
677.0 0.0012481922567531
678.0 0.0015268044080585241
679.0 0.0016718484403099865
680.0 0.0018168928363593295
681.0 0.0021141289835213684
682.0 0.0024113653125823475
683.0 0.002590392978163436
684.0 0.002769420825643465
685.0 0.002432277506159153
686.0 0.0020951341866748407
687.0 0.0020651528757298365
688.0 0.0020351715647848323
689.0 0.0023401438738801517
690.0 0.0026451160010765307
691.0 0.0022934253138373606
692.0 0.0019417344446992502
693.0 0.002249835779366549
694.0 0.0025579372959327884
695.0 0.003168425610056147
696.0 0.003778914106078446
697.0 0.0039435493818018585
698.0 0.0041081842937273905
699.0 0.005605261685559526
700.0 0.007102338713593781
701.0 0.007156479841796681
702.0 0.007210620969999582
703.0 0.006731926987413317
704.0 0.006253233004827052
705.0 0.005099867485114373
706.0 0.003946503420593217
707.0 0.003538912278600037
708.0 0.003131321500404738
709.0 0.003701748573803343
710.0 0.004272175647201948
711.0 0.004055718454765156
712.0 0.0038392616261262447
713.0 0.0030300554499262944
714.0 0.002220849637524225
715.0 0.0023193568267743103
716.0 0.0024178634703275748
717.0 0.0019392613467061892
718.0 0.0014606590411858633
719.0 0.0016083124137367122
720.0 0.0017559659681865014
721.0 0.0020034703993587755
722.0 0.00225097501242999
723.0 0.0024302566089318134
724.0 0.002609538205433637
725.0 0.0015808407624717802
726.0 0.0005521431830857182
727.0 0.0009763119123817887
728.0 0.001400480505253654
729.0 0.0013117741218593437
730.0 0.0012230676475155633
731.0 0.0007975277185323648
732.0 0.00037198785776126897
733.0 0.0007813681804691441
734.0 0.001190748571389122
735.0 0.0014469352208834607
736.0 0.0017031217794283293
737.0 0.001488617363065714
738.0 0.0012741129467030987
739.0 0.0015181688468146604
740.0 0.0017622249288251624
741.0 0.0015550689568044618
742.0 0.0013479131666827016
743.0 0.001418568535882514
744.0 0.0014892238141328562
745.0 0.0017457057765568607
746.0 0.0020021878299303353
747.0 0.002096968819387257
748.0 0.0021917499907431193
749.0 0.0028164418836240657
750.0 0.0034411339584039524
751.0 0.0029356600862229243
752.0 0.0024301867597387172
753.0 0.002519260669942014
754.0 0.0026083343982463703
755.0 0.002186633355449885
756.0 0.0017649323126534
757.0 0.0021263396774884313
758.0 0.0024877468604245223
759.0 0.002518594374123495
760.0 0.0025494417059235275
761.0 0.004509813879849389
762.0 0.006470186781371012
763.0 0.0063228166254702955
764.0 0.006175445741973817
765.0 0.005224447522778064
766.0 0.00427344893978443
767.0 0.004294592872611247
768.0 0.004315736441640183
769.0 0.005137582775205374
770.0 0.005959429472568445
771.0 0.0051869912567781284
772.0 0.004414553404785693
773.0 0.00413085799664259
774.0 0.0038471622247016057
775.0 0.013937918993178755
776.0 1.5846102641853266e-10
777.0 0.006107561785029247
778.0 0.021647017274517566
779.0 1.5846102641853266e-10
780.0 0.012747231812682003
781.0 1.5846102641853266e-10
782.0 0.0770377810113132
783.0 0.03252132155466825
784.0 0.003486455898382701
785.0 1.5846102641853266e-10
786.0 0.06153519498184323
787.0 0.0706030405126512
788.0 0.0945492705795914
789.0 0.05893790512345731
790.0 0.06646027904935181
791.0 0.0189620754099451
792.0 0.15323993284255266
793.0 0.18144329078495502
794.0 0.014453292533289641
795.0 0.04020545748062432
796.0 0.05073555512353778
797.0 0.05670966347679496
798.0 0.11605826439335942
799.0 0.037062790943309665
800.0 0.0036832272598985583
801.0 0.32923975959420204
802.0 0.44031543657183647
803.0 0.6977413315325975
804.0 1.0227016173303127
805.0 1.7912078648805618
806.0 2.9227549210190773
807.0 4.442373663187027
808.0 6.141488254070282
809.0 8.43924805521965
810.0 11.089801043272018
811.0 14.329098165035248
812.0 17.3760324716568
813.0 20.438893139362335
814.0 22.926878929138184
815.0 26.40434503555298
816.0 30.678999423980713
817.0 35.78815460205078
818.0 41.188669204711914
819.0 46.7036247253418
820.0 53.95021438598633
821.0 61.342042684555054
822.0 68.10106635093689
823.0 74.23248291015625
824.0 80.0216019153595
825.0 86.15458607673645
826.0 89.47829008102417
827.0 93.50861310958862
828.0 96.56906723976135
829.0 97.83956408500671
830.0 98.53067994117737
831.0 99.32479858398438
832.0 98.88241291046143
833.0 99.60724711418152
834.0 98.44786524772644
835.0 99.44390058517456
836.0 99.36179518699646
837.0 99.4753897190094
838.0 98.19046258926392
839.0 98.81448745727539
840.0 98.92510771751404
841.0 99.64582920074463
842.0 99.78812336921692
843.0 100.04798173904419
844.0 98.54744076728821
845.0 98.7713873386383
846.0 99.26337003707886
847.0 99.036705493927
848.0 99.86881017684937
849.0 98.82569313049316
850.0 98.38961958885193
851.0 99.00838732719421
852.0 99.15860295295715
853.0 99.0740418434143
854.0 99.95349049568176
855.0 98.59709739685059
856.0 99.12827610969543
857.0 97.97860383987427
858.0 98.68950247764587
859.0 99.47167038917542
860.0 98.7791657447815
861.0 99.12477135658264
862.0 98.95723462104797
863.0 98.45775961875916
864.0 99.66994524002075
865.0 99.53354001045227
866.0 98.95198345184326
867.0 99.39262270927429
868.0 99.91075992584229
869.0 98.95932674407959
870.0 98.30371737480164
871.0 99.18761849403381
872.0 99.57324266433716
873.0 99.2213785648346
874.0 99.81594681739807
875.0 99.22063946723938
876.0 99.06393885612488
877.0 99.49749708175659
878.0 99.3322491645813
879.0 98.7334668636322
880.0 98.97087812423706
881.0 100.06650686264038
882.0 99.33772087097168
883.0 98.88607859611511
884.0 99.46602582931519
885.0 99.06228184700012
886.0 99.03911352157593
887.0 98.73800873756409
888.0 99.32305812835693
889.0 99.83654618263245
890.0 98.39668273925781
891.0 99.73824620246887
892.0 98.7291693687439
893.0 98.83067607879639
894.0 98.48614931106567
895.0 99.84514713287354
896.0 99.28531646728516
