lsstCam/transmission_filter_detector/r42_s20/y_10/19700101T000000.ecsv
# %ECSV 1.0
# ---
# datatype:
# - {name: wavelength, unit: nm, datatype: float32}
# - {name: efficiency, unit: '%', datatype: float64}
# meta: !!omap
# - {MODE: DETECTOR}
# - {TYPE: transmission_filter_detector}
# - {CALIBDATE: '1970-01-01T00:00:00'}
# - {INSTRUME: LSSTCam}
# - {OBSTYPE: transmission_filter_detector}
# - {CALIBCLS: lsst.ip.isr.IntermediateFilterDetectorTransmissionCurve}
# - {SOURCE: Materion (DM-46256)}
# - {DETECTOR: 177}
# - {FILTER: y_10}
# - {CALIB_ID: 'calibDate=1970-01-01T00:00:00 filter=y_10 detector=177'}
# - {DATE: '2025-04-02T15:59:51.561886'}
# - {CALIB_CREATION_DATE: '2025-04-02'}
# - {CALIB_CREATION_TIME: '15:59:51'}
# - __serialized_columns__:
#     efficiency:
#       __class__: astropy.units.quantity.Quantity
#       unit: !astropy.units.Unit {unit: '%'}
#       value: !astropy.table.SerializedColumn {name: efficiency}
#     wavelength:
#       __class__: astropy.units.quantity.Quantity
#       unit: !astropy.units.Unit {unit: nm}
#       value: !astropy.table.SerializedColumn {name: wavelength}
# schema: astropy-2.0
wavelength efficiency
300.0 0.02789667632896453
301.0 0.02876955841202289
302.0 0.029642440495081246
303.0 0.024570617824792862
304.0 0.019498789333738387
305.0 0.013480901543516666
306.0 0.007463013753294945
307.0 0.008467063889838755
308.0 0.009471116936765611
309.0 0.00981380871962756
310.0 0.010156500502489507
311.0 0.00678637734381482
312.0 0.0034162530937464908
313.0 0.004397250813781284
314.0 0.005378247442422435
315.0 0.004858098327531479
316.0 0.004337948848842643
317.0 0.004235946471453644
318.0 0.004133943366468884
319.0 0.002839225453499239
320.0 0.001544506631034892
321.0 0.0031096977181732655
322.0 0.004674888987210579
323.0 0.004002168498118408
324.0 0.003329448009026237
325.0 0.0031778090487932786
326.0 0.003026169360964559
327.0 0.002533722363295965
328.0 0.0020412751837284304
329.0 0.00277505096164532
330.0 0.0035088265576632693
331.0 0.0030667793907923624
332.0 0.002624732405820396
333.0 0.0028292839488130994
334.0 0.003033835491805803
335.0 0.002145904909411911
336.0 0.0012579740541696083
337.0 0.0012703572792815976
338.0 0.0012827405043935869
339.0 0.0012140134458604734
340.0 0.0011452864782768302
341.0 0.0014277288755693007
342.0 0.0017101712728617713
343.0 0.001571067150507588
344.0 0.0014319629372039344
345.0 0.0010900761481025256
346.0 0.0007481890861527063
347.0 0.0008244384844147135
348.0 0.0009006876098283101
349.0 0.000922984145290684
350.0 0.0009452805898035876
351.0 0.0009818996659305412
352.0 0.001018518833006965
353.0 0.0013035583833698183
354.0 0.0015885978427832015
355.0 0.0018088672732119448
356.0 0.002029136703640688
357.0 0.0015784387869643979
358.0 0.0011277407793386374
359.0 0.0010282976290909573
360.0 0.000928854296944337
361.0 0.0008684312888362911
362.0 0.0008080080988293048
363.0 0.000835969240142731
364.0 0.0008639303814561572
365.0 0.0012407846043061
366.0 0.0016176389181055129
367.0 0.002026402762567159
368.0 0.0024351666070288047
369.0 0.0022817628632765263
370.0 0.002128358573827427
371.0 0.002037479862337932
372.0 0.0019466009689494967
373.0 0.0022554466340807267
374.0 0.002564291935414076
375.0 0.0030344923288794234
376.0 0.0035046923585468903
377.0 0.003977914457209408
378.0 0.0044511361920740455
379.0 0.004208098107483238
380.0 0.00396506002289243
381.0 0.003217897392460145
382.0 0.0024707347620278597
383.0 0.001828646236390341
384.0 0.001186557983601233
385.0 0.000995420941762859
386.0 0.0008042837180255447
387.0 0.0007886930688982829
388.0 0.0007731024197710212
389.0 0.0007350377018155996
390.0 0.000696973029334913
391.0 0.0006686063443339663
392.0 0.0006402397048077546
393.0 0.0006709687113470864
394.0 0.000701697672411683
395.0 0.000693892525305273
396.0 0.0006860874691483332
397.0 0.0007559590812888928
398.0 0.0008258309208031278
399.0 0.0009737397704157047
400.0 0.0011216487109777518
401.0 0.0014279989954957273
402.0 0.0017343490981147625
403.0 0.0018339618691243231
404.0 0.0019335746401338838
405.0 0.0018766373614198528
406.0 0.0018196997189079411
407.0 0.0018115526472683996
408.0 0.001803405575628858
409.0 0.0016907759345485829
410.0 0.0015781461115693673
411.0 0.0015065313164086547
412.0 0.0014349164302984718
413.0 0.0011216568964300677
414.0 0.0008083972716121934
415.0 0.0005404138846643036
416.0 0.0002724304295043112
417.0 4.1171557541019865e-05
418.0 1.70721293005216e-10
419.0 6.183705067996925e-05
420.0 0.00031376130209537223
421.0 6.14400548215599e-06
422.0 1.70721293005216e-10
423.0 1.2543385707886046e-05
424.0 0.00032655996164976386
425.0 1.70721293005216e-10
426.0 1.70721293005216e-10
427.0 1.70721293005216e-10
428.0 0.00011698799653458991
429.0 1.70721293005216e-10
430.0 1.70721293005216e-10
431.0 1.70721293005216e-10
432.0 1.70721293005216e-10
433.0 1.70721293005216e-10
434.0 1.70721293005216e-10
435.0 1.70721293005216e-10
436.0 0.0002369808271396323
437.0 1.70721293005216e-10
438.0 1.70721293005216e-10
439.0 1.70721293005216e-10
440.0 1.70721293005216e-10
441.0 1.70721293005216e-10
442.0 1.70721293005216e-10
443.0 1.70721293005216e-10
444.0 0.0003707534006025526
445.0 0.00033673920825094683
446.0 0.00030272503863670863
447.0 0.00031243409921444254
448.0 0.00032214315979217645
449.0 5.967715424048947e-05
450.0 1.70721293005216e-10
451.0 1.70721293005216e-10
452.0 1.70721293005216e-10
453.0 1.70721293005216e-10
454.0 1.70721293005216e-10
455.0 1.8505194532281166e-05
456.0 0.0003549121174728498
457.0 1.70721293005216e-10
458.0 1.70721293005216e-10
459.0 1.70721293005216e-10
460.0 1.70721293005216e-10
461.0 3.1850483139805874e-06
462.0 0.00019079868707194692
463.0 0.0003324585577502148
464.0 0.0004741182692669099
465.0 0.0003893742814398138
466.0 0.00030463040729955537
467.0 0.0002903589802372153
468.0 0.0002760875531748752
469.0 0.0006253851552173728
470.0 0.0009746827345225029
471.0 0.00118295529318857
472.0 0.0013912280337535776
473.0 0.001838696698541753
474.0 0.0022861655452288687
475.0 0.002252394006063696
476.0 0.0022186224668985233
477.0 0.0021723242753068916
478.0 0.00212602608371526
479.0 0.0022610523956245743
480.0 0.0023960787075338885
481.0 0.002533398765081074
482.0 0.0026707188226282597
483.0 0.002932735878857784
484.0 0.0031947525712894276
485.0 0.0025586246920283884
486.0 0.0019224968127673492
487.0 0.0018775301214191131
488.0 0.0018325632481719367
489.0 0.0019080869606113993
490.0 0.001983610854949802
491.0 0.001702034023765009
492.0 0.0014204567378328647
493.0 0.0015700999938417226
494.0 0.0017197431589011103
495.0 0.0017886563000502065
496.0 0.0018575692593003623
497.0 0.0015482783055631444
498.0 0.0012389874427753966
499.0 0.0016183650586754084
500.0 0.0019977424017270096
501.0 0.002075710472126957
502.0 0.0021536785425269045
503.0 0.0021268708223942667
504.0 0.0021000634660595097
505.0 0.0019046012312173843
506.0 0.0017091388144763187
507.0 0.0017076736185117625
508.0 0.0017062089682440273
509.0 0.0016813575712149031
510.0 0.001656506174185779
511.0 0.001742909080348909
512.0 0.0018293121684109792
513.0 0.002034389581240248
514.0 0.0022394668121705763
515.0 0.002035745455941651
516.0 0.0018320240997127257
517.0 0.0015531608369201422
518.0 0.001274297301279148
519.0 0.0011864231964864302
520.0 0.001098548909794772
521.0 0.0012010029422526713
522.0 0.0013034569747105706
523.0 0.0013983101780468132
524.0 0.001493163472332526
525.0 0.001679395791143179
526.0 0.0018656282918527722
527.0 0.002438825868011918
528.0 0.0030120232622721232
529.0 0.002698174648685381
530.0 0.0023843260350986384
531.0 0.0022627673388342373
532.0 0.0021412086425698362
533.0 0.0018595457731862552
534.0 0.0015778830857016146
535.0 0.001569661071698647
536.0 0.001561438875796739
537.0 0.001573421286593657
538.0 0.0015854035154916346
539.0 0.0024065051547950134
540.0 0.003227606794098392
541.0 0.003687595744850114
542.0 0.0041475850593997166
543.0 0.0042592193494783714
544.0 0.004370853639557026
545.0 0.004305026595829986
546.0 0.004239198824507184
547.0 0.003895124973496422
548.0 0.00355105112248566
549.0 0.003331454354338348
550.0 0.003111857222393155
551.0 0.0024660268536536023
552.0 0.0018201964849140495
553.0 0.001976315434149001
554.0 0.0021324345652828924
555.0 0.002800185393425636
556.0 0.003467936039669439
557.0 0.0038907550333533436
558.0 0.004313574027037248
559.0 0.004456220631254837
560.0 0.0045988675992703065
561.0 0.004194280700176023
562.0 0.0037896938010817394
563.0 0.0038064594264142215
564.0 0.0038232254155445844
565.0 0.0039028913306538016
566.0 0.003982557245763019
567.0 0.004629683462553658
568.0 0.0052768096793442965
569.0 0.006005631075822748
570.0 0.0067344524723012
571.0 0.007476773316739127
572.0 0.008219093433581293
573.0 0.008090175106190145
574.0 0.007961256051203236
575.0 0.007612970512127504
576.0 0.007264683517860249
577.0 0.006391259375959635
578.0 0.005517835961654782
579.0 0.005091471757623367
580.0 0.0046651079173898324
581.0 0.00545520379091613
582.0 0.00624530075583607
583.0 0.00760417096898891
584.0 0.008963041909737512
585.0 0.010161412501474842
586.0 0.011359785275999457
587.0 0.011261170584475622
588.0 0.01116255807573907
589.0 0.010819885937962681
590.0 0.010477215982973576
591.0 0.009847653564065695
592.0 0.009218091145157814
593.0 0.008202991011785343
594.0 0.007187888695625588
595.0 0.006175232556415722
596.0 0.005162574962014332
597.0 0.0052491817768896
598.0 0.005335788227966987
599.0 0.00624355670879595
600.0 0.007151325553422794
601.0 0.008317544416058809
602.0 0.0094837618235033
603.0 0.010359224688727409
604.0 0.011234686826355755
605.0 0.010987569112330675
606.0 0.010740452125901356
607.0 0.009984156349673867
608.0 0.009227860573446378
609.0 0.007975084008648992
610.0 0.006722307443851605
611.0 0.005227362635196187
612.0 0.0037324174627428874
613.0 0.0035416673199506477
614.0 0.003350917177158408
615.0 0.0037767302274005488
616.0 0.00420254327764269
617.0 0.005506223897100426
618.0 0.006809904880356044
619.0 0.00785443844506517
620.0 0.008898974192561582
621.0 0.009890464571071789
622.0 0.010881956404773518
623.0 0.010757769632618874
624.0 0.010633581405272707
625.0 0.010208007734036073
626.0 0.009782430424820632
627.0 0.008245349454227835
628.0 0.0067082692112307996
629.0 0.005687950033461675
630.0 0.004667629400501028
631.0 0.003835244569927454
632.0 0.0030028597393538803
633.0 0.0030503877496812493
634.0 0.0030979157600086182
635.0 0.003234543328289874
636.0 0.0033711712603690103
637.0 0.0037642388633685187
638.0 0.004157306466368027
639.0 0.004699315468315035
640.0 0.005241324470262043
641.0 0.005546788815991022
642.0 0.005852253525517881
643.0 0.005908032835577615
644.0 0.005963812509435229
645.0 0.005426699863164686
646.0 0.004889587580692023
647.0 0.00418062845710665
648.0 0.003471668969723396
649.0 0.0026948713639285415
650.0 0.0019180741219315678
651.0 0.0019049100956181064
652.0 0.0018917458874057047
653.0 0.0017323083739029244
654.0 0.001572870860400144
655.0 0.0019351775335962884
656.0 0.002297484206792433
657.0 0.0019971406800323166
658.0 0.0016967971532722004
659.0 0.0015362842532340437
660.0 0.001375771353195887
661.0 0.0016808387954370119
662.0 0.001985906419577077
663.0 0.0020964884242857806
664.0 0.0022070706108934246
665.0 0.002340858554816805
666.0 0.0024746466806391254
667.0 0.002835013765434269
668.0 0.0031953808502294123
669.0 0.004066969268023968
670.0 0.004938557685818523
671.0 0.00601788233325351
672.0 0.007097206253092736
673.0 0.007435774750774726
674.0 0.007774342520860955
675.0 0.007743472087895498
676.0 0.007712600199738517
677.0 0.007083624950610101
678.0 0.006454648246290162
679.0 0.005379601498134434
680.0 0.004304553658585064
681.0 0.002859284359146841
682.0 0.001414014241163386
683.0 0.0009192476682073902
684.0 0.00042448109525139444
685.0 0.0002744422317846329
686.0 0.0001244033455805038
687.0 0.00020766103716596263
688.0 0.0002909187969635241
689.0 0.00017778017991076922
690.0 6.464161970143323e-05
691.0 5.501252076101082e-05
692.0 4.538337634585332e-05
693.0 0.00018622230300024967
694.0 0.00032706120691727847
695.0 0.00029063658075756393
696.0 0.00025421202280995203
697.0 0.00040315358091902453
698.0 0.0005520951617654646
699.0 0.0002775452685455093
700.0 2.9953749702826826e-06
701.0 1.70721293005216e-10
702.0 1.70721293005216e-10
703.0 1.70721293005216e-10
704.0 0.00030898038403393
705.0 0.00022520953280036338
706.0 0.00014143876114758314
707.0 1.70721293005216e-10
708.0 1.70721293005216e-10
709.0 7.188868949015159e-05
710.0 0.00030471094305539737
711.0 0.0001896515072985494
712.0 7.459204311999201e-05
713.0 0.00022611839085584506
714.0 0.0003776447556447238
715.0 0.000376856405637227
716.0 0.00037606801015499514
717.0 0.0004188849743513856
718.0 0.00046170202949724626
719.0 0.0002835484110619291
720.0 0.00010539486083871452
721.0 0.0002371248228882905
722.0 0.0003688546712510288
723.0 0.0003927391389879631
724.0 0.0004166235157754272
725.0 0.00029441700917232083
726.0 0.00017221042298842804
727.0 0.0004336903657531366
728.0 0.0006951699560886482
729.0 0.0004982538939657388
730.0 0.0003013376272065216
731.0 0.00030536873509845464
732.0 0.00030939972930355
733.0 0.0002002053861360764
734.0 9.101115097109869e-05
735.0 0.00027356443297321675
736.0 0.0004561176410788903
737.0 0.0005610293101199204
738.0 0.0006659409791609505
739.0 0.0005394446361606242
740.0 0.0004129483841097681
741.0 0.0002563752332207514
742.0 9.980215054383734e-05
743.0 0.00022976646505412646
744.0 0.00035973077956441557
745.0 0.0003609286295613856
746.0 0.0003621264568209881
747.0 0.0001782366780389566
748.0 1.70721293005216e-10
749.0 0.00019375963802303886
750.0 0.00039317228583968244
751.0 0.00017858998262454406
752.0 1.70721293005216e-10
753.0 0.0001616664007997315
754.0 0.0003593251221900573
755.0 0.0003209378746760194
756.0 0.0002825507181114517
757.0 0.0002120443241437897
758.0 0.0001415378847013926
759.0 0.0002880675083360984
760.0 0.00043459722292027436
761.0 0.00030569963200832717
762.0 0.00017680196151559358
763.0 0.00043096115405205637
764.0 0.0006851203124824679
765.0 0.00048004194468376227
766.0 0.0002749635768850567
767.0 0.0004224977146805031
768.0 0.0005700317615264794
769.0 0.00048132619667740073
770.0 0.00039262072277779225
771.0 0.00031142587886279216
772.0 0.00023023098947305698
773.0 0.00027271651106275385
774.0 0.00031520194170298055
775.0 0.0005529634563572472
776.0 0.0007907251529104542
777.0 0.00048095557758642826
778.0 0.00017118595678766724
779.0 0.0004922625976178097
780.0 0.0008133392839226872
781.0 0.000719947274774313
782.0 0.0006265552656259388
783.0 0.0005497555321198888
784.0 0.00047295584408857394
785.0 0.00023904024146759184
786.0 5.124683610802094e-06
787.0 0.0005649347713188035
788.0 0.001124744721892057
789.0 0.0006259379915718455
790.0 0.0001271311703021638
791.0 0.0005106149274070049
792.0 0.0008940987754613161
793.0 0.0008206396159948781
794.0 0.000747180411053705
795.0 0.0005975972726446344
796.0 0.0004480140887608286
797.0 0.00032025591281126253
798.0 0.00019249787328590173
799.0 0.0002767630121525144
800.0 0.00036102812828175956
801.0 0.0003988263415521942
802.0 0.0004366245320852613
803.0 0.0002855739694496151
804.0 0.00013452341818265268
805.0 0.0003515764547046274
806.0 0.0005686294571205508
807.0 0.0008606016308476683
808.0 0.0011525737136253156
809.0 0.0009912456334859598
810.0 0.0008299176442960743
811.0 0.0006062659394956427
812.0 0.0003826144620688865
813.0 0.0005369681275624316
814.0 0.0006913218385307118
815.0 0.00048374886318924837
816.0 0.00027617579689831473
817.0 0.0005553501068789046
818.0 0.000834524689707905
819.0 0.0008462647201668005
820.0 0.000858004750625696
821.0 0.0006328269591904245
822.0 0.0004076492132298881
823.0 3.3081411743296485e-05
824.0 1.70721293005216e-10
825.0 1.70721293005216e-10
826.0 0.00017778993424144574
827.0 0.00039045939956849907
828.0 0.0006031288194208173
829.0 0.0008357838851225097
830.0 0.0010684387234505266
831.0 0.0008147846529027447
832.0 0.0005611307642539032
833.0 0.0008870737474353518
834.0 0.0012130168215662707
835.0 0.0007987177923496347
836.0 0.00038441899050667416
837.0 0.0005343977591110161
838.0 0.0006843764367658878
839.0 0.0006947611836949363
840.0 0.0007051458851492498
841.0 0.0007797605576342903
842.0 0.0008543750482203905
843.0 0.0006196763933985494
844.0 0.00038497810237458907
845.0 0.0007790660674800165
846.0 0.0011731542144843843
847.0 0.0008829057151160669
848.0 0.0005926574431214249
849.0 0.0007142297363316175
850.0 0.000835801984067075
851.0 0.0008589027856942266
852.0 0.0008820037692203186
853.0 0.0006053764536773087
854.0 0.000328749229083769
855.0 0.0006271121947065694
856.0 0.0009254750693798997
857.0 0.0010363720321038272
858.0 0.0011472688129288144
859.0 0.0011935532711504493
860.0 0.0012398378203215543
861.0 0.0010220308467978612
862.0 0.0008042239642236382
863.0 0.0012641429748327937
864.0 0.0017240619854419492
865.0 0.0021125111743458547
866.0 0.0025009601813508198
867.0 0.002121812940458767
868.0 0.0017426656995667145
869.0 0.002113800474035088
870.0 0.0024849352485034615
871.0 0.0025465924409218132
872.0 0.0026082498152391054
873.0 0.002434735870338045
874.0 0.002261222107335925
875.0 0.0019608245565905236
876.0 0.0016604271877440624
877.0 0.0012257388334546704
