lsstCam/transmission_filter_detector/r42_s20/y_10/19700101T000000.ecsv
# %ECSV 1.0
# ---
# datatype:
# - {name: wavelength, unit: nm, datatype: float32}
# - {name: efficiency, unit: '%', datatype: float64}
# meta: !!omap
# - {MODE: DETECTOR}
# - {TYPE: transmission_filter_detector}
# - {CALIBDATE: '1970-01-01T00:00:00'}
# - {INSTRUME: LSSTCam}
# - {OBSTYPE: transmission_filter_detector}
# - {CALIBCLS: lsst.ip.isr.IntermediateFilterDetectorTransmissionCurve}
# - {SOURCE: Materion (DM-46256)}
# - {DETECTOR: 177}
# - {FILTER: y_10}
# - {CALIB_ID: 'calibDate=1970-01-01T00:00:00 filter=y_10 detector=177'}
# - {DATE: '2025-04-02T15:59:51.561886'}
# - {CALIB_CREATION_DATE: '2025-04-02'}
# - {CALIB_CREATION_TIME: '15:59:51'}
# - __serialized_columns__:
#     efficiency:
#       __class__: astropy.units.quantity.Quantity
#       unit: !astropy.units.Unit {unit: '%'}
#       value: !astropy.table.SerializedColumn {name: efficiency}
#     wavelength:
#       __class__: astropy.units.quantity.Quantity
#       unit: !astropy.units.Unit {unit: nm}
#       value: !astropy.table.SerializedColumn {name: wavelength}
# schema: astropy-2.0
wavelength efficiency
[from data line 579]
879.0 0.0010712748007790651
880.0 0.03477921418379992
881.0 0.08707245578989387
882.0 0.030693798908032477
883.0 0.08900531101971865
884.0 0.03685699193738401
885.0 0.09426143951714039
886.0 0.03575351438485086
887.0 0.09068427025340497
888.0 0.03310551983304322
889.0 0.10702343424782157
890.0 0.0450020917924121
891.0 0.09323992417193949
892.0 0.039741426007822156
893.0 0.09082071483135223
894.0 0.03574809816200286
895.0 0.10123434476554394
896.0 0.04543881805147976
897.0 0.10171299800276756
898.0 0.04618054663296789
899.0 0.09775786893442273
900.0 0.05639969022013247
901.0 0.109649240039289
902.0 0.13215531362220645
903.0 0.13785255141556263
904.0 0.13788355281576514
905.0 0.1526808482594788
906.0 0.17081964761018753
907.0 0.22142271045595407
908.0 0.2594782505184412
909.0 0.3396427957341075
910.0 0.4415794275701046
911.0 0.5948719102889299
912.0 0.8475280366837978
913.0 1.248819474130869
914.0 1.770796999335289
915.0 2.6390062645077705
916.0 3.795696794986725
917.0 5.213434994220734
918.0 7.007745653390884
919.0 8.879832923412323
920.0 11.615613847970963
921.0 14.559982717037201
922.0 17.414580285549164
923.0 20.637014508247375
924.0 24.110327661037445
925.0 27.920910716056824
926.0 32.766616344451904
927.0 38.26727271080017
928.0 43.50900650024414
929.0 49.45155382156372
930.0 55.221641063690186
931.0 61.392587423324585
932.0 67.68898367881775
933.0 73.68536591529846
934.0 78.67000699043274
935.0 82.7633261680603
936.0 86.42333745956421
937.0 89.27069306373596
938.0 91.50750637054443
939.0 93.00961494445801
940.0 93.9950168132782
941.0 94.609534740448
942.0 95.1119065284729
943.0 95.46721577644348
944.0 95.97222208976746
945.0 96.14307880401611
946.0 96.45339846611023
947.0 96.6607391834259
948.0 96.90882563591003
949.0 96.88055515289307
950.0 96.9933569431305
951.0 97.03483581542969
952.0 97.00457453727722
953.0 97.08895087242126
954.0 97.07297682762146
955.0 97.10705280303955
956.0 97.28166460990906
957.0 97.42214679718018
958.0 97.59917259216309
959.0 97.71918654441833
960.0 97.91957139968872
961.0 98.10366034507751
962.0 98.20681810379028
963.0 98.31968545913696
964.0 98.44947457313538
965.0 98.49157929420471
966.0 98.63317012786865
967.0 98.72422218322754
968.0 98.72246980667114
969.0 98.70555996894836
970.0 98.7613320350647
971.0 98.8057017326355
972.0 98.85729551315308
973.0 98.92951846122742
974.0 98.91598224639893
975.0 98.91592860221863
976.0 98.96514415740967
977.0 98.94719123840332
978.0 99.02096390724182
979.0 98.97916316986084
980.0 98.9479124546051
981.0 98.93459677696228
982.0 98.88977408409119
983.0 98.93835186958313
984.0 98.90431761741638
985.0 98.84698390960693
986.0 98.76218438148499
987.0 98.79845976829529
988.0 98.6951470375061
989.0 98.66245985031128
990.0 98.59180450439453
991.0 98.56512546539307
992.0 98.61342906951904
993.0 98.54809641838074
994.0 98.49704504013062
995.0 98.53115677833557
996.0 98.46835136413574
997.0 98.57261776924133
998.0 98.57236742973328
999.0 98.62556457519531
1000.0 98.67755770683289
1001.0 98.65823984146118
1002.0 98.8348126411438
1003.0 98.82164597511292
1004.0 98.89021515846252
1005.0 98.89978766441345
1006.0 99.04515743255615
1007.0 99.04634356498718
1008.0 99.01609420776367
1009.0 98.9884078502655
1010.0 99.05398488044739
1011.0 99.04474020004272
1012.0 98.97755980491638
1013.0 99.00586009025574
1014.0 98.98377060890198
1015.0 98.90509843826294
1016.0 98.89876246452332
1017.0 98.91513586044312
1018.0 98.93858432769775
1019.0 98.85348081588745
1020.0 98.90257120132446
1021.0 99.02015328407288
1022.0 98.85919690132141
1023.0 98.88209104537964
1024.0 98.8495945930481
1025.0 98.82258176803589
1026.0 98.86078238487244
1027.0 98.96633625030518
1028.0 98.90876412391663
1029.0 99.01319742202759
1030.0 99.02861714363098
1031.0 99.04267191886902
1032.0 99.05327558517456
1033.0 98.98533225059509
1034.0 99.02838468551636
1035.0 99.04264211654663
1036.0 99.03346300125122
1037.0 99.05167818069458
1038.0 98.9952027797699
1039.0 99.00062084197998
1040.0 98.92082810401917
1041.0 98.94990921020508
1042.0 98.86866211891174
1043.0 98.79152774810791
1044.0 98.90940189361572
1045.0 98.5823929309845
1046.0 98.85136485099792
1047.0 98.77204298973083
1048.0 98.76808524131775
1049.0 98.59876036643982
1050.0 98.59917759895325
1051.0 98.64625930786133
1052.0 98.62831234931946
1053.0 98.48877787590027
1054.0 98.76865148544312
1055.0 98.79573583602905
1056.0 98.6808717250824
1057.0 98.73413443565369
1058.0 98.62653613090515
1059.0 98.65037798881531
1060.0 98.74796271324158
1061.0 98.67876768112183
1062.0 98.73956441879272
1063.0 98.64075183868408
1064.0 98.94946813583374
1065.0 98.79412651062012
1066.0 98.84575009346008
1067.0 98.94752502441406
1068.0 98.89020323753357
1069.0 98.66974353790283
1070.0 98.9292323589325
1071.0 98.71411323547363
1072.0 99.02353882789612
1073.0 99.08120632171631
1074.0 98.69044423103333
1075.0 98.64272475242615
1076.0 98.4049916267395
1077.0 98.73093962669373
1078.0 98.9265501499176
1079.0 98.55558276176453
1080.0 99.2773175239563
1081.0 98.68939518928528
1082.0 98.50291609764099
1083.0 98.33004474639893
1084.0 98.84002208709717
1085.0 98.85963797569275
1086.0 98.59331846237183
1087.0 98.64765405654907
1088.0 98.45055341720581
1089.0 98.37321639060974
1090.0 98.59470129013062
1091.0 98.57531189918518
1092.0 98.7003743648529
1093.0 98.59400987625122
1094.0 98.24475646018982
1095.0 98.29467535018921
1096.0 98.36353063583374
1097.0 98.04704785346985
1098.0 97.90987968444824
1099.0 98.66428971290588
1100.0 98.11904430389404
