lsstCam/transmission_filter_detector/r14_s21/y_10/19700101T000000.ecsv
# %ECSV 1.0
# ---
# datatype:
# - {name: wavelength, unit: nm, datatype: float32}
# - {name: efficiency, unit: '%', datatype: float64}
# meta: !!omap
# - {MODE: DETECTOR}
# - {TYPE: transmission_filter_detector}
# - {CALIBDATE: '1970-01-01T00:00:00'}
# - {INSTRUME: LSSTCam}
# - {OBSTYPE: transmission_filter_detector}
# - {CALIBCLS: lsst.ip.isr.IntermediateFilterDetectorTransmissionCurve}
# - {SOURCE: Materion (DM-46256)}
# - {DETECTOR: 70}
# - {FILTER: y_10}
# - {CALIB_ID: 'calibDate=1970-01-01T00:00:00 filter=y_10 detector=70'}
# - {DATE: '2025-04-02T15:59:51.065611'}
# - {CALIB_CREATION_DATE: '2025-04-02'}
# - {CALIB_CREATION_TIME: '15:59:51'}
# - __serialized_columns__:
#     efficiency:
#       __class__: astropy.units.quantity.Quantity
#       unit: !astropy.units.Unit {unit: '%'}
#       value: !astropy.table.SerializedColumn {name: efficiency}
#     wavelength:
#       __class__: astropy.units.quantity.Quantity
#       unit: !astropy.units.Unit {unit: nm}
#       value: !astropy.table.SerializedColumn {name: wavelength}
# schema: astropy-2.0
wavelength efficiency
[from data line 576]
876.0 0.0034114240406779572
877.0 0.0021498335627256893
878.0 0.0008882433576218318
879.0 0.0018133327102987096
880.0 0.07283382001332939
881.0 0.09479614673182368
882.0 0.0666957232169807
883.0 0.08930783369578421
884.0 0.05741941859014332
885.0 0.09699624497443438
886.0 0.06589824333786964
887.0 0.09745743009261787
888.0 0.06317895604297519
889.0 0.10933225275948644
890.0 0.058106385404244065
891.0 0.10653391946107149
892.0 0.07057163747958839
893.0 0.10152464965358377
894.0 0.0630534952506423
895.0 0.08834010805003345
896.0 0.07859714096412063
897.0 0.10459230979904532
898.0 0.07864374201744795
899.0 0.11067233281210065
900.0 0.09333378402516246
901.0 0.1318149035796523
902.0 0.13262982247397304
903.0 0.13490415876731277
904.0 0.1625757897272706
905.0 0.18478365382179618
906.0 0.2238578861579299
907.0 0.26374575681984425
908.0 0.33374475315213203
909.0 0.45466385781764984
910.0 0.5941817071288824
911.0 0.8293049409985542
912.0 1.1947287246584892
913.0 1.7706960439682007
914.0 2.5075845420360565
915.0 3.668750450015068
916.0 5.181032046675682
917.0 6.981088221073151
918.0 9.151989966630936
919.0 11.378341913223267
920.0 14.48497474193573
921.0 17.7510604262352
922.0 20.979756116867065
923.0 24.693529307842255
924.0 28.676638007164
925.0 33.10958445072174
926.0 38.57603967189789
927.0 44.70204710960388
928.0 50.38571357727051
929.0 56.81080222129822
930.0 62.8374457359314
931.0 69.02373433113098
932.0 75.00528693199158
933.0 80.43062686920166
934.0 84.70675349235535
935.0 87.89369463920593
936.0 90.58716297149658
937.0 92.55751967430115
938.0 93.91025900840759
939.0 94.77398991584778
940.0 95.2847957611084
941.0 95.68513631820679
942.0 96.05292081832886
943.0 96.2774932384491
944.0 96.6883897781372
945.0 96.78388833999634
946.0 96.92426919937134
947.0 96.99902534484863
948.0 97.11946845054626
949.0 96.98057770729065
950.0 97.11129069328308
951.0 97.10280895233154
952.0 97.11438417434692
953.0 97.272789478302
954.0 97.37260341644287
955.0 97.42125868797302
956.0 97.61669635772705
957.0 97.82865047454834
958.0 98.03599715232849
959.0 98.18702340126038
960.0 98.32320213317871
961.0 98.40484261512756
962.0 98.53627681732178
963.0 98.58261346817017
964.0 98.63203763961792
965.0 98.67329597473145
966.0 98.70163202285767
967.0 98.85213971138
968.0 98.80431890487671
969.0 98.81144762039185
970.0 98.86104464530945
971.0 98.91458749771118
972.0 98.92858266830444
973.0 99.02874231338501
974.0 99.03660416603088
975.0 99.02809858322144
976.0 99.09225702285767
977.0 99.08819794654846
978.0 99.107825756073
979.0 99.09666776657104
980.0 99.07824397087097
981.0 99.01721477508545
982.0 98.93247485160828
983.0 98.98940324783325
984.0 98.91594648361206
985.0 98.91658425331116
986.0 98.79500269889832
987.0 98.85722398757935
988.0 98.7371563911438
989.0 98.70567917823792
990.0 98.65604043006897
991.0 98.62704873085022
992.0 98.71562123298645
993.0 98.66641759872437
994.0 98.62619042396545
995.0 98.6392617225647
996.0 98.6246109008789
997.0 98.74114990234375
998.0 98.7440824508667
999.0 98.80965948104858
1000.0 98.87501001358032
1001.0 98.84675741195679
1002.0 98.95802140235901
1003.0 98.9987850189209
1004.0 99.079030752182
1005.0 99.00733828544617
1006.0 99.1384208202362
1007.0 99.16963577270508
1008.0 99.14490580558777
1009.0 99.07869100570679
1010.0 99.1134762763977
1011.0 99.1228699684143
1012.0 99.04975891113281
1013.0 99.0348219871521
1014.0 99.02529716491699
1015.0 98.98258447647095
1016.0 98.93461465835571
1017.0 98.9364504814148
1018.0 99.00697469711304
1019.0 98.89265298843384
1020.0 98.95496964454651
1021.0 99.0734338760376
1022.0 98.96082282066345
1023.0 98.97597432136536
1024.0 98.98727536201477
1025.0 98.92002940177917
1026.0 98.97401332855225
1027.0 99.1142749786377
1028.0 99.05239939689636
1029.0 99.15048480033875
1030.0 99.16095733642578
1031.0 99.11425709724426
1032.0 99.16993975639343
1033.0 99.1084098815918
1034.0 99.14414286613464
1035.0 99.13109540939331
1036.0 99.12240505218506
1037.0 99.12803769111633
1038.0 99.08596277236938
1039.0 99.05831217765808
1040.0 98.9922046661377
1041.0 99.04569387435913
1042.0 99.0368902683258
1043.0 98.9439070224762
1044.0 99.03128147125244
1045.0 98.76693487167358
1046.0 98.93051385879517
1047.0 98.87557029724121
1048.0 98.84905815124512
1049.0 98.7553060054779
1050.0 98.7481951713562
1051.0 98.76254200935364
1052.0 98.75034689903259
1053.0 98.67663383483887
1054.0 98.83691668510437
1055.0 99.00289177894592
1056.0 98.86923432350159
1057.0 98.88383150100708
1058.0 98.7467110157013
1059.0 98.74845743179321
1060.0 98.97400140762329
1061.0 98.80374670028687
1062.0 98.8465964794159
1063.0 98.88695478439331
1064.0 99.05688166618347
1065.0 98.84703159332275
1066.0 99.02963638305664
1067.0 98.95704388618469
1068.0 98.98644685745239
1069.0 98.71389865875244
1070.0 99.2371141910553
1071.0 98.88235926628113
1072.0 99.07234907150269
1073.0 99.11504983901978
1074.0 98.70219826698303
1075.0 98.7566888332367
1076.0 98.55440855026245
1077.0 98.8617479801178
1078.0 99.04125928878784
1079.0 98.63436222076416
1080.0 99.33409094810486
1081.0 98.71026277542114
1082.0 98.51444959640503
1083.0 98.51250052452087
1084.0 98.95883798599243
1085.0 98.85461330413818
1086.0 98.61088991165161
1087.0 98.63386750221252
1088.0 98.6126720905304
1089.0 98.69325160980225
1090.0 98.82492423057556
1091.0 98.83988499641418
1092.0 98.69195222854614
1093.0 98.58611822128296
1094.0 98.46137762069702
1095.0 98.35339188575745
1096.0 98.4679639339447
1097.0 98.23546409606934
1098.0 97.80706763267517
1099.0 98.30275774002075
1100.0 98.13690781593323
