lsstCam/transmission_filter_detector/r14_s21/y_10/19700101T000000.ecsv
# %ECSV 1.0
# ---
# datatype:
# - {name: wavelength, unit: nm, datatype: float32}
# - {name: efficiency, unit: '%', datatype: float64}
# meta: !!omap
# - {MODE: DETECTOR}
# - {TYPE: transmission_filter_detector}
# - {CALIBDATE: '1970-01-01T00:00:00'}
# - {INSTRUME: LSSTCam}
# - {OBSTYPE: transmission_filter_detector}
# - {CALIBCLS: lsst.ip.isr.IntermediateFilterDetectorTransmissionCurve}
# - {SOURCE: Materion (DM-46256)}
# - {DETECTOR: 70}
# - {FILTER: y_10}
# - {CALIB_ID: 'calibDate=1970-01-01T00:00:00 filter=y_10 detector=70'}
# - {DATE: '2025-04-02T15:59:51.065611'}
# - {CALIB_CREATION_DATE: '2025-04-02'}
# - {CALIB_CREATION_TIME: '15:59:51'}
# - __serialized_columns__:
#     efficiency:
#       __class__: astropy.units.quantity.Quantity
#       unit: !astropy.units.Unit {unit: '%'}
#       value: !astropy.table.SerializedColumn {name: efficiency}
#     wavelength:
#       __class__: astropy.units.quantity.Quantity
#       unit: !astropy.units.Unit {unit: nm}
#       value: !astropy.table.SerializedColumn {name: wavelength}
# schema: astropy-2.0
wavelength efficiency
300.0 0.5351847037672997
301.0 0.28920178301632404
302.0 0.04321883025113493
303.0 0.03735999925993383
304.0 0.031501176999881864
305.0 0.021820241818204522
306.0 0.012139304453739896
307.0 0.01852008717833087
308.0 0.024900867720134556
309.0 0.017190285143442452
310.0 0.009479702566750348
311.0 0.008430200978182256
312.0 0.007380697934422642
313.0 0.007669960905332118
314.0 0.007959223876241595
315.0 0.007304446626221761
316.0 0.006649672286584973
317.0 0.006247064447961748
318.0 0.005844454062753357
319.0 0.0020786445020348765
320.0 1.6468766454724726e-10
321.0 0.0016699636034900323
322.0 0.005027093720855191
323.0 0.0037405006878543645
324.0 0.0024539082005503587
325.0 0.0011806866496044677
326.0 1.6468766454724726e-10
327.0 0.0006726943411194952
328.0 0.0014379240383277647
329.0 0.003069341619266197
330.0 0.004700759018305689
331.0 0.0038379308534786105
332.0 0.0029751023248536512
333.0 0.0021201574782026
334.0 0.0012652119949052576
335.0 0.0015059475117595866
336.0 0.0017466833014623262
337.0 0.002499229958630167
338.0 0.0032517760701011866
339.0 0.0017556729289935902
340.0 0.00025956974241125863
341.0 1.6468766454724726e-10
342.0 1.6468766454724726e-10
343.0 0.0003496971203276189
344.0 0.0011355373317201156
345.0 0.0013728281373914797
346.0 0.001610119579709135
347.0 0.0016305897588608786
348.0 0.0016510599380126223
349.0 0.0015007517504272982
350.0 0.0013504433809430338
351.0 0.0015298031939892098
352.0 0.001709162643237505
353.0 0.0014944698705221526
354.0 0.00127977700685733
355.0 0.0012963138942723162
356.0 0.0013128506907378323
357.0 0.0009936751666828059
358.0 0.0006744992788298987
359.0 0.0009254850738216192
360.0 0.0011764707778638694
361.0 0.0012887176126241684
362.0 0.0014009640835865866
363.0 0.0010303564522473607
364.0 0.0006597483661607839
365.0 0.0010806416867126245
366.0 0.0015015353710623458
367.0 0.0019622235413407907
368.0 0.0024229117116192356
369.0 0.0020940393369528465
370.0 0.0017651669622864574
371.0 0.0017087852029362693
372.0 0.001652403261687141
373.0 0.0020287176084821112
374.0 0.0024050317733781412
375.0 0.0033377942600054666
376.0 0.004270556382834911
377.0 0.004236326276441105
378.0 0.004202096170047298
379.0 0.0036701600038213655
380.0 0.003138223837595433
381.0 0.00213575240195496
382.0 0.0011332807844155468
383.0 0.0012169422916485928
384.0 0.001300603435083758
385.0 0.0010218936949968338
386.0 0.0007431840913341148
387.0 0.0007800180355843622
388.0 0.0008168521162588149
389.0 0.0006700502126477659
390.0 0.0005232484454609221
391.0 0.0005539589892578078
392.0 0.0005846696240041638
393.0 0.0006515052518807352
394.0 0.0007183410616562469
395.0 0.000593951244809432
396.0 0.0004695614734373521
397.0 0.0007508965609304141
398.0 0.0010322316484234761
399.0 0.0012518157745944336
400.0 0.001471399900765391
401.0 0.0016955029423115775
402.0 0.0019196060748072341
403.0 0.001953400351339951
404.0 0.001987194627872668
405.0 0.0018742886823019944
406.0 0.0017613831005292013
407.0 0.0014960959560994525
408.0 0.001230808993568644
409.0 0.0009708803190733306
410.0 0.0007109514626790769
411.0 0.000499723682878539
412.0 0.0002884960622395738
413.0 0.0008703565981704742
414.0 0.0014522169294650666
415.0 0.0017947639207704924
416.0 0.0021373110939748585
417.0 0.0009427295481145848
418.0 1.6468766454724726e-10
419.0 1.6468766454724726e-10
420.0 1.6468766454724726e-10
421.0 1.6468766454724726e-10
422.0 0.0003537235215844703
423.0 0.0006887456493132049
424.0 0.0010237675269308966
425.0 8.261512220997247e-05
426.0 1.6468766454724726e-10
427.0 1.6468766454724726e-10
428.0 0.0003890770130965393
429.0 1.6468766454724726e-10
430.0 1.6468766454724726e-10
431.0 0.0006516711891890736
432.0 0.0017787124306778423
433.0 0.0010839426067832392
434.0 0.0003891731466865167
435.0 1.6468766454724726e-10
436.0 1.6468766454724726e-10
437.0 1.6468766454724726e-10
438.0 1.6468766454724726e-10
439.0 1.6468766454724726e-10
440.0 1.6468766454724726e-10
441.0 1.6468766454724726e-10
442.0 1.6468766454724726e-10
443.0 1.6468766454724726e-10
444.0 1.6468766454724726e-10
445.0 1.6468766454724726e-10
446.0 1.6468766454724726e-10
447.0 0.0004513393832894508
448.0 0.0010042009307653643
449.0 0.0008765114216657821
450.0 0.0007488217306672595
451.0 0.00028404579097696114
452.0 1.6468766454724726e-10
453.0 1.6468766454724726e-10
454.0 1.6468766454724726e-10
455.0 1.6468766454724726e-10
456.0 1.6468766454724726e-10
457.0 1.6468766454724726e-10
458.0 5.904855697735911e-05
459.0 2.5967236183532805e-05
460.0 1.6468766454724726e-10
461.0 7.536957582487958e-05
462.0 0.00015785323057571077
463.0 0.00038300026972137857
464.0 0.0006081473202357301
465.0 0.0005805683485959889
466.0 0.000552989513380453
467.0 0.0009986147233576048
468.0 0.0014442396604863461
469.0 0.001503461771790171
470.0 0.001562683428346645
471.0 0.0016813812180771492
472.0 0.001800078825908713
473.0 0.002302464963577222
474.0 0.002804851101245731
475.0 0.0027250434868619777
476.0 0.0026452360543771647
477.0 0.003064066549995914
478.0 0.003482896863715723
479.0 0.0040510218241252005
480.0 0.004619146420736797
481.0 0.004722830271930434
482.0 0.00482651375932619
483.0 0.004057048863614909
484.0 0.0032875836041057482
485.0 0.0035408778785495088
486.0 0.003794171425397508
487.0 0.003178526822011918
488.0 0.0025628816729295067
489.0 0.002315401070518419
490.0 0.002067921195703093
491.0 0.001721791340969503
492.0 0.0013756613952864427
493.0 0.0012369599971862044
494.0 0.0010982589628838468
495.0 0.0014610354810429271
496.0 0.0018238120901514776
497.0 0.002032458178291563
498.0 0.0022411044483305886
499.0 0.002385292827966623
500.0 0.0025294812076026574
501.0 0.002411260356893763
502.0 0.002293039688083809
503.0 0.0024980892703752033
504.0 0.0027031383069697767
505.0 0.003215977267245762
506.0 0.0037288158637238666
507.0 0.0026759626052808017
508.0 0.001623108437343035
509.0 0.00185232020157855
510.0 0.002081531783915125
511.0 0.0020647717974497937
512.0 0.002048011629085522
513.0 0.0019653563867905177
514.0 0.0018827016901923344
515.0 0.0017343038052786142
516.0 0.001585905920364894
517.0 0.0014779983757762238
518.0 0.0013700903764402028
519.0 0.0014020843991602305
520.0 0.001434078330930788
521.0 0.0015532639736193232
522.0 0.0016724492525099777
523.0 0.0015879251805017702
524.0 0.001503401199443033
525.0 0.0021450074200402014
526.0 0.0027866144591826014
527.0 0.00250149896601215
528.0 0.0022163840185385197
529.0 0.002366492299188394
530.0 0.0025166002160403877
531.0 0.002486464836692903
532.0 0.0024563292754464783
533.0 0.002412001049378887
534.0 0.0023676722776144743
535.0 0.0021234403902781196
536.0 0.0018792083210428245
537.0 0.0024030347049119882
538.0 0.002926860724983271
539.0 0.0033442000130889937
540.0 0.003761539119295776
541.0 0.004016455204691738
542.0 0.004271371653885581
543.0 0.004249736593919806
544.0 0.004228101533954032
545.0 0.0046214350732043386
546.0 0.005014768248656765
547.0 0.004284655733499676
548.0 0.0035545428545447066
549.0 0.003146014205412939
550.0 0.0027374853743822314
551.0 0.0026754945793072693
552.0 0.002613503602333367
553.0 0.003049558654311113
554.0 0.003485612978693098
555.0 0.0037452125980053097
556.0 0.004004812217317522
557.0 0.0037000678275944665
558.0 0.0033953230740735307
559.0 0.00328630194417201
560.0 0.003177280814270489
561.0 0.003363347423146479
562.0 0.003549413668224588
563.0 0.0033366086427122355
564.0 0.003123803617199883
565.0 0.0036628025554819033
566.0 0.004201801493763924
567.0 0.004273258673492819
568.0 0.004344715489423834
569.0 0.005029115345678292
570.0 0.005713515201932751
571.0 0.005878911906620488
572.0 0.006044308247510344
573.0 0.006368842150550336
574.0 0.006693375325994566
575.0 0.006678619683953002
576.0 0.006663863314315677
577.0 0.005831399539601989
578.0 0.004998936492484063
579.0 0.005719624095945619
580.0 0.006440311699407175
581.0 0.006921406020410359
582.0 0.007402499613817781
583.0 0.00838321284390986
584.0 0.009363923891214654
585.0 0.009712378232507035
586.0 0.010060833301395178
587.0 0.010031432611867785
588.0 0.010002028284361586
589.0 0.010448018292663619
590.0 0.010894009756157175
591.0 0.010225426376564428
592.0 0.009556843724567443
593.0 0.007805493078194559
594.0 0.00605414534220472
595.0 0.005661497198161669
596.0 0.00526884978171438
597.0 0.005804167813039385
598.0 0.00633948584436439
599.0 0.007240874401759356
600.0 0.008142262231558561
601.0 0.008955290832091123
602.0 0.0097683172498364
603.0 0.010711951472330838
604.0 0.011655586422421038
605.0 0.011674119741655886
606.0 0.011692653060890734
607.0 0.010016931628342718
608.0 0.008341211650986224
609.0 0.006714642950100824
610.0 0.005088075340609066
611.0 0.004290528886485845
612.0 0.0034929827961605042
613.0 0.0037721900298492983
614.0 0.00405139617214445
615.0 0.004782773612532765
616.0 0.005514152144314721
617.0 0.006791621126467362
618.0 0.008069090108620003
619.0 0.008938812970882282
620.0 0.009808535105548799
621.0 0.010900181951001287
622.0 0.011991828796453774
623.0 0.012254081957507879
624.0 0.012516335118561983
625.0 0.010909703269135207
626.0 0.009303069964516908
627.0 0.007373351400019601
628.0 0.005443630288937129
629.0 0.0044824668293586
630.0 0.003521303369780071
631.0 0.002958767072414048
632.0 0.002396230775048025
633.0 0.002491971281415317
634.0 0.00258771215158049
635.0 0.0029743396225967444
636.0 0.003360966729815118
637.0 0.0038733451219741255
638.0 0.004385723150335252
639.0 0.004595692371367477
640.0 0.00480566086480394
641.0 0.005256589065538719
642.0 0.0057075172662734985
643.0 0.005533299554372206
644.0 0.005359081478673033
645.0 0.005150361903361045
646.0 0.004941642328049056
647.0 0.004068726411787793
648.0 0.0031958108593244106
649.0 0.0022308486222755164
650.0 0.0012658862033276819
651.0 0.001434542082279222
652.0 0.001603198325028643
653.0 0.0016014513676054776
654.0 0.0015997044101823121
655.0 0.0015312143659684807
656.0 0.0014627245946030598
657.0 0.001545776285638567
658.0 0.0016288282495224848
659.0 0.0018563834601081908
660.0 0.002083938852592837
661.0 0.0017982321878662333
662.0 0.001512525250291219
663.0 0.002246636177005712
664.0 0.0029807473765686154
665.0 0.00354475669155363
666.0 0.004108766006538644
667.0 0.004784944758284837
668.0 0.005461122054839507
669.0 0.005486546069732867
670.0 0.00551196608284954
671.0 0.006166891398606822
672.0 0.006821815622970462
673.0 0.007853662827983499
674.0 0.008885509305400774
675.0 0.008275689469883218
676.0 0.007665871089557186
677.0 0.006144118378870189
678.0 0.004622365668183193
679.0 0.0031448027584701777
680.0 0.0016672405763529241
681.0 0.00076978276410955
682.0 1.6468766454724726e-10
683.0 0.0002236225100205047
684.0 0.0005749204319727141
685.0 0.0003446274831730989
686.0 0.0001143345002674323
687.0 0.0001783535935828695
688.0 0.00024237269826699048
689.0 0.00024967771423689555
690.0 0.00025698279841890326
691.0 0.0002619588713059784
692.0 0.0002669349441930535
693.0 0.00035900816328648943
694.0 0.0004510813141678227
695.0 0.00041465686990704853
696.0 0.0003782323346968042
697.0 0.00051993861234223
698.0 0.0006616447535634506
699.0 0.0004919567345496034
700.0 0.0003222683972126106
701.0 0.00028007941637042677
702.0 0.00023789043552824296
703.0 0.00033108976822404657
704.0 0.00042428914639458526
705.0 0.00039248261600732803
706.0 0.00036067594919586554
707.0 0.00011723035413524485
708.0 1.6468766454724726e-10
709.0 2.994531769218156e-05
710.0 0.00018610591041579028
711.0 0.00032768305118224816
712.0 0.0004692602487921249
713.0 0.0002901422021750477
714.0 0.00011102418966402183
715.0 0.00030893556868250016
716.0 0.0005068469363322947
717.0 0.0004450906544661848
718.0 0.00038333432712533977
719.0 0.0004953748884872766
720.0 0.0006074153134250082
721.0 0.00045355891415965743
722.0 0.00029970256036904175
723.0 0.0002640211505422485
724.0 0.00022833971797808772
725.0 0.0004632708169083344
726.0 0.0006982021204748889
727.0 0.00042414508243382443
728.0 0.000150088339978538
729.0 0.0003439916554270894
730.0 0.0005378951300372137
731.0 0.0006433033831854118
732.0 0.0007487119091820205
733.0 0.000330564171235892
734.0 1.6468766454724726e-10
735.0 1.6468766454724726e-10
736.0 1.6468766454724726e-10
737.0 0.00034633735594979953
738.0 0.0009066718121175654
739.0 0.0005872483143321006
740.0 0.0002678244072740199
741.0 0.00011652141438389663
742.0 1.6468766454724726e-10
743.0 1.6468766454724726e-10
744.0 1.6468766454724726e-10
745.0 0.0002874455731216585
746.0 0.0006042155746399658
747.0 0.00035445862067717826
748.0 0.00010470166671439074
749.0 1.6468766454724726e-10
750.0 1.6468766454724726e-10
751.0 1.6468766454724726e-10
752.0 1.6468766454724726e-10
753.0 0.00016206088275794173
754.0 0.0003481627118162578
755.0 1.6468766454724726e-10
756.0 1.6468766454724726e-10
757.0 1.6468766454724726e-10
758.0 1.6468766454724726e-10
759.0 0.00011747993085009512
760.0 0.0006549985755555099
761.0 0.00025499905405013124
762.0 1.6468766454724726e-10
763.0 1.6468766454724726e-10
764.0 1.6468766454724726e-10
765.0 7.807992687958176e-05
766.0 0.00036005969832331175
767.0 0.00010350873935749405
768.0 1.6468766454724726e-10
769.0 1.6468766454724726e-10
770.0 1.6468766454724726e-10
771.0 1.6468766454724726e-10
772.0 1.6468766454724726e-10
773.0 0.00013704717503060238
774.0 0.0005996494110149797
775.0 0.00033568953767826315
776.0 7.172956770773453e-05
777.0 0.00012879205542049021
778.0 0.000185854537448904
779.0 0.00041458324631094
780.0 0.0006433119324356085
781.0 0.0006955044227652252
782.0 0.0007476968676201068
783.0 0.0005781100753665669
784.0 0.00040852337406249717
785.0 0.0002487155825292575
786.0 8.890739309208584e-05
787.0 0.00043869913497474045
788.0 0.0007884907063271385
789.0 0.0006810148079239298
790.0 0.0005735389095207211
791.0 0.00046101354200800415
792.0 0.0003484880608084495
793.0 0.0005673352006851928
794.0 0.0007861820449761581
795.0 0.0008954865734267514
796.0 0.0010047909199784044
797.0 0.000528979035152588
798.0 5.316722422321618e-05
799.0 0.0005171821612748317
800.0 0.0009811971722228918
801.0 0.0005968173809378641
802.0 0.00021243761239020387
803.0 0.000375008880837413
804.0 0.0005375800810725195
805.0 0.0006742326149833389
806.0 0.0008108851034194231
807.0 0.0005458053237816785
808.0 0.0002807255441439338
809.0 6.261169573917869e-05
810.0 1.6468766454724726e-10
811.0 0.00023895991034805775
812.0 0.0006334218142001191
813.0 0.000919519970921101
814.0 0.0012056179002684075
815.0 0.0011335754606989212
816.0 0.0010615322935336735
817.0 0.0010195174581895117
818.0 0.0009775026228453498
819.0 0.0010347104762331583
820.0 0.001091918511519907
821.0 0.0008968413567345124
822.0 0.000701764338373323
823.0 0.0006541469701915048
824.0 0.0006065299203328323
825.0 0.0005890269676456228
826.0 0.0005715241513826186
827.0 0.0006861375368316658
828.0 0.0008007509677554481
829.0 0.00040934405660664197
830.0 1.793708150898965e-05
831.0 1.6468766454724726e-10
832.0 1.6468766454724726e-10
833.0 0.0003593607289076317
834.0 0.0008419544428761583
835.0 0.00024575554107286735
836.0 1.6468766454724726e-10
837.0 1.6468766454724726e-10
838.0 1.6468766454724726e-10
839.0 0.00037230493035167456
840.0 0.0007781718522892334
841.0 0.0010656689482857473
842.0 0.001353165953332791
843.0 0.0011152886145282537
844.0 0.0008774109119258355
845.0 0.000761287128625554
846.0 0.0006451632543758024
847.0 0.0009076576134248171
848.0 0.001170152063423302
849.0 0.0009933924047800247
850.0 0.0008166324732883368
851.0 0.0010314393875887617
852.0 0.0012462462109397165
853.0 0.0005165843049326213
854.0 1.6468766454724726e-10
855.0 1.6468766454724726e-10
856.0 1.6468766454724726e-10
857.0 0.00047041608013387304
858.0 0.0015455312677659094
859.0 0.0013211669283919036
860.0 0.001096802134270547
861.0 0.0012384724868752528
862.0 0.001380143021378899
863.0 0.0015553858247585595
864.0 0.0017306287190876901
865.0 0.0018500464648241177
866.0 0.0019694643924594857
867.0 0.002697370837267954
868.0 0.0034252771001774818
869.0 0.0030317731216200627
870.0 0.0026382685973658226
871.0 0.0033340431400574744
872.0 0.004029818228445947
873.0 0.0029037793865427375
874.0 0.0017777407265384682
