lsstCam/transmission_filter_detector/r03_s20/z_20/19700101T000000.ecsv
# %ECSV 1.0
# ---
# datatype:
# - {name: wavelength, unit: nm, datatype: float32}
# - {name: efficiency, unit: '%', datatype: float64}
# meta: !!omap
# - {MODE: DETECTOR}
# - {TYPE: transmission_filter_detector}
# - {CALIBDATE: '1970-01-01T00:00:00'}
# - {INSTRUME: LSSTCam}
# - {OBSTYPE: transmission_filter_detector}
# - {CALIBCLS: lsst.ip.isr.IntermediateFilterDetectorTransmissionCurve}
# - {SOURCE: Materion (DM-46256)}
# - {DETECTOR: 24}
# - {FILTER: z_20}
# - {CALIB_ID: 'calibDate=1970-01-01T00:00:00 filter=z_20 detector=24'}
# - {DATE: '2025-04-02T15:59:48.745898'}
# - {CALIB_CREATION_DATE: '2025-04-02'}
# - {CALIB_CREATION_TIME: '15:59:48'}
# - __serialized_columns__:
#     efficiency:
#       __class__: astropy.units.quantity.Quantity
#       unit: !astropy.units.Unit {unit: '%'}
#       value: !astropy.table.SerializedColumn {name: efficiency}
#     wavelength:
#       __class__: astropy.units.quantity.Quantity
#       unit: !astropy.units.Unit {unit: nm}
#       value: !astropy.table.SerializedColumn {name: wavelength}
# schema: astropy-2.0
wavelength efficiency
300.0 0.8759981952607632
301.0 0.5926672834903002
302.0 0.3093365114182234
303.0 0.29997373931109905
304.0 0.2906109904870391
305.0 0.24378271773457527
306.0 0.1969544216990471
307.0 0.1820672070607543
308.0 0.1671799924224615
309.0 0.14617161359637976
310.0 0.125163234770298
311.0 0.12597450986504555
312.0 0.12678581988438964
313.0 0.11206314666196704
314.0 0.09734048508107662
315.0 0.09612361318431795
316.0 0.09490673546679318
317.0 0.07969965226948261
318.0 0.06449257489293814
319.0 0.06418097182177007
320.0 0.06386936292983592
321.0 0.06334420759230852
322.0 0.06281905807554722
323.0 0.05460968241095543
324.0 0.04640031256712973
325.0 0.04310058429837227
326.0 0.03980085311923176
327.0 0.039236294105648994
328.0 0.03867173509206623
329.0 0.034277726081199944
330.0 0.029883719980716705
331.0 0.027113265241496265
332.0 0.0243428090470843
333.0 0.0235273691941984
334.0 0.02271192497573793
335.0 0.021574449783656746
336.0 0.020436976046767086
337.0 0.02458537055645138
338.0 0.028733760700561106
339.0 0.024572768597863615
340.0 0.02041178086074069
341.0 0.017088677850551903
342.0 0.013765576295554638
343.0 0.013621868856716901
344.0 0.013478165783453733
345.0 0.01261355500901118
346.0 0.011748943506972864
347.0 0.011204298789380118
348.0 0.010659656254574656
349.0 0.013338147255126387
350.0 0.016016638255678117
351.0 0.013321827282197773
352.0 0.0106270112155471
353.0 0.011199792788829654
354.0 0.01177257508970797
355.0 0.010066286631627008
356.0 0.008359999628737569
357.0 0.009374367800774053
358.0 0.010388739610789344
359.0 0.01011364656733349
360.0 0.009838552796281874
361.0 0.00886760390130803
362.0 0.007896657916717231
363.0 0.009152814163826406
364.0 0.01040896968333982
365.0 0.01013821383821778
366.0 0.009867460903478786
367.0 0.008708579844096676
368.0 0.007549698057118803
369.0 0.007993904000613838
370.0 0.008438109944108874
371.0 0.008364405948668718
372.0 0.008290703408420086
373.0 0.007184653077274561
374.0 0.006078604201320559
375.0 0.006396568642230704
376.0 0.00671453308314085
377.0 0.00704501144355163
378.0 0.007375489076366648
379.0 0.006194768502609804
380.0 0.005014047201257199
381.0 0.0031918680178932846
382.0 0.0013696891073777806
383.0 0.0035800538171315566
384.0 0.005790418435935862
385.0 0.00551850171177648
386.0 0.005246584987617098
387.0 0.005883374615223147
388.0 0.006520165334222838
389.0 0.0057828652643365785
390.0 0.005045566649641842
391.0 0.004663781510316767
392.0 0.004281996370991692
393.0 0.004766238998854533
394.0 0.0052504819905152544
395.0 0.004342418833402917
396.0 0.0034343549486948177
397.0 0.003617322363425046
398.0 0.003800289414357394
399.0 0.004025969610665925
400.0 0.004251649806974456
401.0 0.004633498974726535
402.0 0.005015348142478615
403.0 0.004963038372807205
404.0 0.004910728966933675
405.0 0.004128303044126369
406.0 0.0033458778489148244
407.0 0.001872881330200471
408.0 0.00039988558455661405
409.0 0.0020168543414911255
410.0 0.003633823507698253
411.0 0.004123029066249728
412.0 0.004612234624801204
413.0 0.004599858948495239
414.0 0.004587482908391394
415.0 0.0037332163628889248
416.0 0.002878949999285396
417.0 0.0037965288356645033
418.0 0.004714108217740431
419.0 0.004284629540052265
420.0 0.003855151226161979
421.0 0.003801001003012061
422.0 0.0037468515074579045
423.0 0.0035482007660903037
424.0 0.003349551116116345
425.0 0.0025017845473485067
426.0 0.001654018160479609
427.0 0.0018316166460863315
428.0 0.0020092153135919943
429.0 0.0013713759472011589
430.0 0.000733536899133469
431.0 0.0007815723620296922
432.0 0.0008296076885017101
433.0 0.0006927185495442245
434.0 0.0005558295470109442
435.0 0.0011062997145927511
436.0 0.001656769927649293
437.0 0.0019142245946568437
438.0 0.0021716794435633346
439.0 0.0021847463358426467
440.0 0.002197813410020899
441.0 0.0016179863450815901
442.0 0.0010381594620412216
443.0 0.00222412509174319
444.0 0.003410090721445158
445.0 0.003340543480589986
446.0 0.0032709966035326943
447.0 0.0025044751964742318
448.0 0.001737953607516829
449.0 0.0025449844542890787
450.0 0.003352015482960269
451.0 0.0025760935386642814
452.0 0.0018001710486714728
453.0 0.0016816393326735124
454.0 0.001563107616675552
455.0 0.0023343623979599215
456.0 0.0031056169973453507
457.0 0.002267209674755577
458.0 0.0014288024431152735
459.0 0.0015701343727414496
460.0 0.0017114662114181556
461.0 0.0008614047146693338
462.0 1.1342979888695481e-05
463.0 0.0009886662155622616
464.0 0.001965989577001892
465.0 0.002233023951703217
466.0 0.0025000581445056014
467.0 0.002173740358557552
468.0 0.0018474222088116221
469.0 0.0016591951862210408
470.0 0.0014709680726809893
471.0 0.0013552059499488678
472.0 0.0012394442819640972
473.0 0.0011873062248923816
474.0 0.0011351682587701362
475.0 0.0010565205229795538
476.0 0.0009778727871889714
477.0 0.0012916457308165263
478.0 0.0016054184015956707
479.0 0.0019903491192962974
480.0 0.0023752796550979838
481.0 0.0018854292648029514
482.0 0.0013955786926089786
483.0 0.000904929493117379
484.0 0.00041428029362577945
485.0 0.0012977346159459557
486.0 0.002181188938266132
487.0 0.0014814152564213146
488.0 0.0007816415745764971
489.0 0.0015806075680302456
490.0 0.002379573925281875
491.0 0.002270847835461609
492.0 0.0021621219275402837
493.0 0.0020296332877478562
494.0 0.0018971448298543692
495.0 0.0016489209883729927
496.0 0.001400696964992676
497.0 0.0012103619155823253
498.0 0.001020027048070915
499.0 0.0011947229722863995
500.0 0.001369418987451354
501.0 0.0008830244041746482
502.0 0.00039662959352426697
503.0 0.0011997479305136949
504.0 0.0020028661310789175
505.0 0.0022017124138073996
506.0 0.0024005586965358816
507.0 0.002245014729851391
508.0 0.00208947039936902
509.0 0.0018409182303003035
510.0 0.0015923666069284081
511.0 0.0012458221135602798
512.0 0.0008992779839900322
513.0 0.0012783886631950736
514.0 0.0016574997061979957
515.0 0.0013041728379903361
516.0 0.0009508466064289678
517.0 0.0008952853022492491
518.0 0.0008397239980695304
519.0 0.001058097586792428
520.0 0.0012764709026669152
521.0 0.0016521769794053398
522.0 0.0020278830561437644
523.0 0.0013490534911397845
524.0 0.000670224198984215
525.0 0.0007081801868480397
526.0 0.0007461364020855399
527.0 0.0011121711395389866
528.0 0.001478206195315579
529.0 0.0012691045412793756
530.0 0.0010600021596474107
531.0 0.0011720640941348393
532.0 0.0012841258467233274
533.0 0.0009197901817969978
534.0 0.0005554544713959331
535.0 0.0010955910511256661
536.0 0.0016357276763301343
537.0 0.0016567368220421486
538.0 0.0016777459677541628
539.0 0.0011939377145608887
540.0 0.0007101292339939391
541.0 0.0008079084182099905
542.0 0.0009056877388502471
543.0 0.0013034558833169285
544.0 0.00170122402778361
545.0 0.0011431111488491297
546.0 0.0005849984972883249
547.0 0.0012627115211216733
548.0 0.001940424226631876
549.0 0.001678834632912185
550.0 0.0014172446753946133
551.0 0.0014564556295226794
552.0 0.0014956661289033946
553.0 0.0013187645890866406
554.0 0.001141862685472006
555.0 0.0010594034392852336
556.0 0.0009769441930984613
557.0 0.0013654739632329438
558.0 0.0017540036424179561
559.0 0.001783074185368605
560.0 0.001812144364521373
561.0 0.0015930598237900995
562.0 0.0013739752830588259
563.0 0.0011216096027055755
564.0 0.000869243831402855
565.0 0.001634096770430915
566.0 0.0023989498004084453
567.0 0.0027438951292424463
568.0 0.0030888400942785665
569.0 0.002941669663414359
570.0 0.0027944990506512113
571.0 0.002660155405465048
572.0 0.0025258112145820633
573.0 0.0020113002392463386
574.0 0.001496789263910614
575.0 0.0019414515918469988
576.0 0.0023861139197833836
577.0 0.0019929893824155442
578.0 0.0015998655726434663
579.0 0.0017297090380452573
580.0 0.001859552321548108
581.0 0.0016968890122370794
582.0 0.0015342255210271105
583.0 0.0019650033209472895
584.0 0.002395780938968528
585.0 0.002537730506446678
586.0 0.0026796802558237687
587.0 0.002029135612247046
588.0 0.0013785904229735024
589.0 0.0020101526388316415
590.0 0.0026417148546897806
591.0 0.0018827007806976326
592.0 0.0011236866157560144
593.0 0.0008676719517097808
594.0 0.0006116571512393421
595.0 0.0010591202226351015
596.0 0.001506583339505596
597.0 0.0014002919670019764
598.0 0.0012940005035488866
599.0 0.000941733469517203
600.0 0.00058946670833393
601.0 0.0005176900685910368
602.0 0.0004459132924239384
603.0 0.000936664582695812
604.0 0.0014274154636950698
605.0 0.0009174947081191931
606.0 0.0004075736796949059
607.0 0.0008256730325229
608.0 0.0012437723853508942
609.0 0.0012009616511932109
610.0 0.001158150644187117
611.0 0.0009856488759396598
612.0 0.0008131470167427324
613.0 0.0007725130672042724
614.0 0.0007318790267163422
615.0 0.0011802524568338413
616.0 0.001628626159799751
617.0 0.002128368396370206
618.0 0.0026281108148396015
619.0 0.0021721753000747412
620.0 0.0017162396034109406
621.0 0.00151609619933879
622.0 0.001315952522418229
623.0 0.0015986508515197784
624.0 0.0018813489077729173
625.0 0.0016753338059061207
626.0 0.0014693189768877346
627.0 0.001909137426991947
628.0 0.0023489563318435103
629.0 0.002090951420541387
630.0 0.0018329463273403235
631.0 0.001626941048016306
632.0 0.0014209357686922885
633.0 0.0017953858332475647
634.0 0.002169836443499662
635.0 0.005134364982950501
636.0 0.008098892431007698
637.0 0.015454120875801891
638.0 0.022809350048191845
639.0 0.019904090731870383
640.0 0.016998828505165875
641.0 0.014701554027851671
642.0 0.012404283916112036
643.0 0.009923781180987135
644.0 0.007443280628649518
645.0 0.0067174209107179195
646.0 0.0059915619203820825
647.0 0.005504359432961792
648.0 0.00501715658174362
649.0 0.004132303365622647
650.0 0.0032474508770974353
651.0 0.0036098637792747468
652.0 0.0039722763176541775
653.0 0.00321717670885846
654.0 0.0024620765543659218
655.0 0.0027636448066914454
656.0 0.003065213968511671
657.0 0.002949090048787184
658.0 0.002832965947163757
659.0 0.0026937417715089396
660.0 0.0025545177777530625
661.0 0.0027125730412080884
662.0 0.0028706279408652335
663.0 0.00196371092897607
664.0 0.0010567939170869067
665.0 0.0015663263184251264
666.0 0.0020758590835612267
667.0 0.0023842605514801107
668.0 0.0026926620193989947
669.0 0.001961240195669234
670.0 0.0012298183719394729
671.0 0.000908405490918085
672.0 0.0005869926098966971
673.0 0.0012837151189160068
674.0 0.0019804378098342568
675.0 0.0020376879547256976
676.0 0.002094937735819258
677.0 0.0019016597434529103
678.0 0.0017083812053897418
679.0 0.001420579428668134
680.0 0.0011327772881486453
681.0 0.0012145525033702143
682.0 0.001296327627642313
683.0 0.0023732223780825734
684.0 0.0034501175832701847
685.0 0.0028440967071219347
686.0 0.002238076558569446
687.0 0.0016734453311073594
688.0 0.0011088141036452726
689.0 0.0014587029909307603
690.0 0.0018085916963173077
691.0 0.0021338428268791176
692.0 0.0024590937755419873
693.0 0.002744326411630027
694.0 0.003029559229617007
695.0 0.0032351945264963433
696.0 0.0034408298233756796
697.0 0.0036551220546243712
698.0 0.0038694146496709436
699.0 0.005754199082730338
700.0 0.007638982788193971
701.0 0.007186606671893969
702.0 0.0067342305555939674
703.0 0.00619844431639649
704.0 0.005662659532390535
705.0 0.005115191743243486
706.0 0.0045677239540964365
707.0 0.004316872582421638
708.0 0.004066020483151078
709.0 0.004181944314041175
710.0 0.004297868144931272
711.0 0.0038571721233893186
712.0 0.003416476829443127
713.0 0.002408387081231922
714.0 0.001400297333020717
715.0 0.002148894236597698
716.0 0.002897490958275739
717.0 0.002498255344107747
718.0 0.0020990193661418743
719.0 0.0016465042790514417
720.0 0.0011939888281631283
721.0 0.001159220209956402
722.0 0.001124451318901265
723.0 0.0009722240065457299
724.0 0.000819996785139665
725.0 0.00123957397590857
726.0 0.0016591513485764153
727.0 0.0017235708583029918
728.0 0.0017879898223327473
729.0 0.0018263186575495638
730.0 0.0018646474927663803
731.0 0.0014159729289531242
732.0 0.0009672983651398681
733.0 0.0009338526069768704
734.0 0.0009004067578644026
735.0 0.001009381412586663
736.0 0.0011183556125615723
737.0 0.001322570187767269
738.0 0.0015267843991750851
739.0 0.001200973565573804
740.0 0.000875162731972523
741.0 0.0010433645911689382
742.0 0.0012115663594158832
743.0 0.0016253929061349481
744.0 0.0020392191800056025
745.0 0.0013829395356879104
746.0 0.0007266598458954832
747.0 0.0012183591934444848
748.0 0.0017100588593166322
749.0 0.002328373011550866
750.0 0.0029466875275829807
751.0 0.0029322698537725955
752.0 0.00291785199806327
753.0 0.002878390296245925
754.0 0.0028389285944285803
755.0 0.0018839888070942834
756.0 0.0009290489288105164
757.0 0.0018965320123243146
758.0 0.002864015186787583
759.0 0.002661227699718438
760.0 0.0024584398488514125
761.0 0.004351794996182434
762.0 0.006245150871109217
763.0 0.005716081068385392
764.0 0.0051870112656615674
765.0 0.005246480577625334
766.0 0.005305949889589101
767.0 0.0045256787416292354
768.0 0.003745407229871489
769.0 0.0033166081266244873
770.0 0.002887809750973247
771.0 0.003817407923634164
772.0 0.004747006096295081
773.0 0.003993729842477478
774.0 0.003240453588659875
775.0 1.624616131727652e-10
776.0 0.08648244547657669
777.0 1.624616131727652e-10
778.0 0.04875416052527726
779.0 0.036652086419053376
780.0 1.624616131727652e-10
781.0 0.05109547637403011
782.0 0.03870147338602692
783.0 1.624616131727652e-10
784.0 0.0030257258913479745
785.0 1.624616131727652e-10
786.0 0.047295173862949014
787.0 0.05599072901532054
788.0 0.17880380619317293
789.0 0.15028887428343296
790.0 0.05327397957444191
791.0 0.07861001649871469
792.0 1.624616131727652e-10
793.0 1.624616131727652e-10
794.0 0.10044130031019449
795.0 0.00902391184354201
796.0 0.051655754214152694
797.0 0.034607810084708035
798.0 0.17360884230583906
799.0 0.288920640014112
800.0 0.17352038994431496
801.0 0.4197613336145878
802.0 0.7038766518235207
803.0 1.2499170377850533
804.0 2.082694321870804
805.0 3.3392727375030518
806.0 4.852326959371567
807.0 6.7750804126262665
808.0 9.189078956842422
809.0 12.093101441860199
810.0 15.430642664432526
811.0 18.620535731315613
812.0 21.46391272544861
813.0 24.583187699317932
814.0 27.971360087394714
815.0 32.64739215373993
816.0 37.75128722190857
817.0 43.61582100391388
818.0 49.7466504573822
819.0 56.024008989334106
820.0 63.93423080444336
821.0 71.53840065002441
822.0 77.50580310821533
823.0 82.51798152923584
824.0 87.32299208641052
825.0 91.79759621620178
826.0 94.64900493621826
827.0 96.13676071166992
828.0 98.4599769115448
829.0 98.74553680419922
830.0 98.4447717666626
831.0 99.28251504898071
832.0 98.49532842636108
833.0 99.54853057861328
834.0 98.10544848442078
835.0 99.1777777671814
836.0 98.81259202957153
837.0 98.95811080932617
838.0 97.89928793907166
839.0 98.51966500282288
840.0 98.88619780540466
841.0 98.98337721824646
842.0 99.32969808578491
843.0 99.62685704231262
844.0 97.84687757492065
845.0 98.45073223114014
846.0 98.69243502616882
847.0 98.66476655006409
848.0 99.86658096313477
849.0 98.92966151237488
850.0 98.24056029319763
851.0 98.84463548660278
852.0 99.54976439476013
853.0 98.76042008399963
854.0 99.73280429840088
855.0 98.42539429664612
856.0 98.60168695449829
857.0 97.90661334991455
858.0 98.63051176071167
859.0 99.43550825119019
860.0 98.7061083316803
861.0 99.10255074501038
862.0 99.04431700706482
863.0 98.16194176673889
864.0 99.52290654182434
865.0 99.41007494926453
866.0 98.79909753799438
867.0 99.2573618888855
868.0 99.41049814224243
869.0 98.92472624778748
870.0 98.42503666877747
871.0 98.71945977210999
872.0 99.55570101737976
873.0 99.32319521903992
874.0 99.73209500312805
875.0 99.2455780506134
876.0 99.12022352218628
877.0 99.72670078277588
878.0 99.08098578453064
879.0 98.85368943214417
880.0 98.72488975524902
881.0 100.01935958862305
882.0 98.80437850952148
883.0 98.64996671676636
884.0 99.32790994644165
885.0 98.77555966377258
886.0 98.65460991859436
887.0 98.63585233688354
888.0 98.90484809875488
889.0 99.81786012649536
890.0 98.37039709091187
891.0 99.52740669250488
892.0 98.87973070144653
893.0 98.92255663871765
894.0 98.27374815940857
895.0 99.58431720733643
