lsstCam/transmission_filter_detector/r03_s20/z_20/19700101T000000.ecsv
# %ECSV 1.0
# ---
# datatype:
# - {name: wavelength, unit: nm, datatype: float32}
# - {name: efficiency, unit: '%', datatype: float64}
# meta: !!omap
# - {MODE: DETECTOR}
# - {TYPE: transmission_filter_detector}
# - {CALIBDATE: '1970-01-01T00:00:00'}
# - {INSTRUME: LSSTCam}
# - {OBSTYPE: transmission_filter_detector}
# - {CALIBCLS: lsst.ip.isr.IntermediateFilterDetectorTransmissionCurve}
# - {SOURCE: Materion (DM-46256)}
# - {DETECTOR: 24}
# - {FILTER: z_20}
# - {CALIB_ID: 'calibDate=1970-01-01T00:00:00 filter=z_20 detector=24'}
# - {DATE: '2025-04-02T15:59:48.745898'}
# - {CALIB_CREATION_DATE: '2025-04-02'}
# - {CALIB_CREATION_TIME: '15:59:48'}
# - __serialized_columns__:
#     efficiency:
#       __class__: astropy.units.quantity.Quantity
#       unit: !astropy.units.Unit {unit: '%'}
#       value: !astropy.table.SerializedColumn {name: efficiency}
#     wavelength:
#       __class__: astropy.units.quantity.Quantity
#       unit: !astropy.units.Unit {unit: nm}
#       value: !astropy.table.SerializedColumn {name: wavelength}
# schema: astropy-2.0
wavelength efficiency
[from data line 597]
897.0 99.04964566230774
898.0 98.90697598457336
899.0 98.51375222206116
900.0 98.7223744392395
901.0 99.22590851783752
902.0 99.29685592651367
903.0 98.47692847251892
904.0 97.67957925796509
905.0 98.75950813293457
906.0 98.01734685897827
907.0 98.70660901069641
908.0 98.22173714637756
909.0 98.3002245426178
910.0 98.07902574539185
911.0 97.05426096916199
912.0 95.57220935821533
913.0 94.5611834526062
914.0 92.37505793571472
915.0 90.10659456253052
916.0 87.86330819129944
917.0 86.4098846912384
918.0 82.87171125411987
919.0 81.75748586654663
920.0 78.8022518157959
921.0 75.11990070343018
922.0 70.5287218093872
923.0 65.05056023597717
924.0 59.41157341003418
925.0 53.67535948753357
926.0 47.77921140193939
927.0 40.79684615135193
928.0 34.978801012039185
929.0 28.689181804656982
930.0 23.097917437553406
931.0 17.889662086963654
932.0 12.612548470497131
933.0 8.273184299468994
934.0 5.278824269771576
935.0 3.309469297528267
936.0 1.925443485379219
937.0 1.187849696725607
938.0 0.6560093257576227
939.0 0.5057970527559519
940.0 0.08096733945421875
941.0 0.13211206533014774
942.0 0.21003668662160635
943.0 0.09657303453423083
944.0 0.11135368840768933
945.0 0.050878123147413135
946.0 0.06276112399064004
947.0 0.020731020777020603
948.0 1.624616131727652e-10
949.0 1.624616131727652e-10
950.0 0.0753173022530973
951.0 0.0005946702913206536
952.0 0.0013020473488722928
953.0 1.624616131727652e-10
954.0 0.023415002215187997
955.0 0.051682250341400504
956.0 0.05887920851819217
957.0 0.0070228008553385735
958.0 0.013480472262017429
959.0 0.057604460744187236
960.0 1.624616131727652e-10
961.0 1.624616131727652e-10
962.0 1.624616131727652e-10
963.0 0.036757567431777716
964.0 0.008260060712927952
965.0 0.03792902280110866
966.0 0.04080341896042228
967.0 0.005565914761973545
968.0 1.624616131727652e-10
969.0 0.022831381647847593
970.0 1.624616131727652e-10
971.0 0.08081800187937915
972.0 1.624616131727652e-10
973.0 1.624616131727652e-10
974.0 1.624616131727652e-10
975.0 1.624616131727652e-10
976.0 0.006406291504390538
977.0 0.006352696073008701
978.0 0.0062991020968183875
979.0 0.006139201286714524
980.0 0.005979299021419138
981.0 0.00582154534640722
982.0 0.005663792762788944
983.0 0.005515306474990211
984.0 0.005366820187191479
985.0 0.005126172982272692
986.0 0.004885524685960263
987.0 0.0049209320422960445
988.0 0.004956339762429707
989.0 0.004831426485907286
990.0 0.0047065139369806275
991.0 0.004809287202078849
992.0 0.004912060467177071
993.0 0.004876224193139933
994.0 0.004840387555304915
995.0 0.004802453986485489
996.0 0.004764520417666063
997.0 0.004542784881778061
998.0 0.00432104934589006
999.0 0.00435151596320793
1000.0 0.00438198221672792
1001.0 0.0045251308620208874
1002.0 0.004668279507313855
1003.0 0.004529985744738951
1004.0 0.004391692345961928
1005.0 0.004283186717657372
1006.0 0.004174681089352816
1007.0 0.004256979445926845
1008.0 0.004339277802500874
1009.0 0.004379329766379669
1010.0 0.004419381366460584
1011.0 0.004446420643944293
1012.0 0.004473459921428002
1013.0 0.004371977047412656
1014.0 0.00427049417339731
1015.0 0.004455739326658659
1016.0 0.004640984116122127
1017.0 0.004854057988268323
1018.0 0.005067132224212401
1019.0 0.004879444531979971
1020.0 0.004691756839747541
1021.0 0.004694004019256681
1022.0 0.004696250834967941
1023.0 0.0045951299398439005
1024.0 0.00449400904471986
1025.0 0.004697622352978215
1026.0 0.004901234933640808
1027.0 0.00479400041513145
1028.0 0.0046867658966220915
1029.0 0.004671831266023219
1030.0 0.0046568969992222264
1031.0 0.004775251363753341
1032.0 0.004893605728284456
1033.0 0.004921371510135941
1034.0 0.004949137655785307
1035.0 0.005190346564631909
1036.0 0.005431555473478511
1037.0 0.005521942875930108
1038.0 0.005612329914583825
1039.0 0.0054689568059984595
1040.0 0.005325583333615214
1041.0 0.005691164187737741
1042.0 0.006056745405658148
1043.0 0.005529935151571408
1044.0 0.005003124897484668
1045.0 0.005807516208733432
1046.0 0.006611907156184316
1047.0 0.006228424172149971
1048.0 0.005844939732924104
1049.0 0.006010729339323007
1050.0 0.006176518218126148
1051.0 0.006454334652516991
1052.0 0.006732153269695118
1053.0 0.006739934178767726
1054.0 0.006747715087840334
1055.0 0.007457680476363748
1056.0 0.008167646592482924
1057.0 0.007923770317574963
1058.0 0.007679895497858524
1059.0 0.007781718159094453
1060.0 0.00788354009273462
1061.0 0.008452093607047573
1062.0 0.009020647848956287
1063.0 0.009052146197063848
1064.0 0.009083646000362933
1065.0 0.009269789006793872
1066.0 0.009455933468416333
1067.0 0.009417927503818646
1068.0 0.009379923722008243
1069.0 0.010320225555915385
1070.0 0.01126052884501405
1071.0 0.010827078222064301
1072.0 0.010393627599114552
1073.0 0.010621102410368621
1074.0 0.01084857722162269
1075.0 0.011316985182929784
1076.0 0.011785397509811446
1077.0 0.011997333785984665
1078.0 0.012209270789753646
1079.0 0.013361687888391316
1080.0 0.014514106442220509
1081.0 0.014269501843955368
1082.0 0.01402489870088175
1083.0 0.013974899775348604
1084.0 0.013924902305006981
1085.0 0.014467725122813135
1086.0 0.015010550851002336
1087.0 0.015017956320662051
1088.0 0.01502536324551329
1089.0 0.016552025044802576
1090.0 0.018078686844091862
1091.0 0.017909215239342302
1092.0 0.017739739269018173
1093.0 0.017519437824375927
1094.0 0.01729913492454216
1095.0 0.01849643886089325
1096.0 0.01969374716281891
1097.0 0.020000257063657045
1098.0 0.020306769874878228
1099.0 0.022111284488346428
1100.0 0.02391579473624006
1101.0 0.023693325056228787
1102.0 0.02347085246583447
1103.0 0.025224938872270286
1104.0 0.02697901800274849
1105.0 0.027062083245255053
1106.0 0.027145148487761617
1107.0 0.02800005313474685
1108.0 0.028854963602498174
1109.0 0.03041365707758814
1110.0 0.031972353463061154
1111.0 0.03201469371560961
1112.0 0.03205703687854111
1113.0 0.03370560007169843
1114.0 0.03535417199600488
1115.0 0.03429202188272029
1116.0 0.03322987467981875
1117.0 0.034169357968494296
1118.0 0.03510884416755289
1119.0 0.038921646773815155
1120.0 0.042734446469694376
1121.0 0.04316530539654195
1122.0 0.04359617014415562
1123.0 0.04455281887203455
1124.0 0.04550946759991348
1125.0 0.04610988835338503
1126.0 0.046710314927622676
1127.0 0.04996915231458843
1128.0 0.05322798388078809
1129.0 0.05660330061800778
1130.0 0.05997861735522747
1131.0 0.05992898368276656
1132.0 0.05987934418953955
1133.0 0.06389693007804453
1134.0 0.06791451014578342
1135.0 0.0652176677249372
1136.0 0.06252081948332489
1137.0 0.06858683191239834
1138.0 0.07465285016223788
1139.0 0.07860212936066091
1140.0 0.0825513678137213
1141.0 0.09397349203936756
1142.0 0.10539559880271554
1143.0 0.1267005573026836
1144.0 0.1480054692365229
1145.0 0.2971172332763672
1146.0 0.44622900895774364
1147.0 0.953797809779644
1148.0 1.4613665640354156
1149.0 1.6625657677650452
1150.0 1.8637662753462791
