lsstCam/transmission_filter_detector/r33_s02/r_57/19700101T000000.ecsv
# %ECSV 1.0
# ---
# datatype:
# - {name: wavelength, unit: nm, datatype: float32}
# - {name: efficiency, unit: '%', datatype: float64}
# meta: !!omap
# - {MODE: DETECTOR}
# - {TYPE: transmission_filter_detector}
# - {CALIBDATE: '1970-01-01T00:00:00'}
# - {INSTRUME: LSSTCam}
# - {OBSTYPE: transmission_filter_detector}
# - {CALIBCLS: lsst.ip.isr.IntermediateFilterDetectorTransmissionCurve}
# - {SOURCE: Materion (DM-46256)}
# - {DETECTOR: 146}
# - {FILTER: r_57}
# - {CALIB_ID: 'calibDate=1970-01-01T00:00:00 filter=r_57 detector=146'}
# - {DATE: '2025-04-02T15:59:44.860950'}
# - {CALIB_CREATION_DATE: '2025-04-02'}
# - {CALIB_CREATION_TIME: '15:59:44'}
# - __serialized_columns__:
#     efficiency:
#       __class__: astropy.units.quantity.Quantity
#       unit: !astropy.units.Unit {unit: '%'}
#       value: !astropy.table.SerializedColumn {name: efficiency}
#     wavelength:
#       __class__: astropy.units.quantity.Quantity
#       unit: !astropy.units.Unit {unit: nm}
#       value: !astropy.table.SerializedColumn {name: wavelength}
# schema: astropy-2.0
wavelength efficiency
[from data line 603]
903.0 1.6092434459644145e-10
904.0 1.6092434459644145e-10
905.0 1.6092434459644145e-10
906.0 5.697241931557073e-05
907.0 0.00016442091919088853
908.0 0.0002171180994992028
909.0 0.0002698152684388333
910.0 0.00011878465784320724
911.0 1.6092434459644145e-10
912.0 2.4687813038326567e-05
913.0 8.162157882907195e-05
914.0 6.185426855154219e-05
915.0 4.208695827401243e-05
916.0 6.169811967993155e-05
917.0 8.130928108585067e-05
918.0 0.00014262345757742878
919.0 0.00020393761133163935
920.0 0.00018692238654693938
921.0 0.00016990715039355564
922.0 0.00018934125591840711
923.0 0.00020877537281194236
924.0 0.00017055887155947858
925.0 0.00013234234756964725
926.0 0.00015668564401494223
927.0 0.00018102889498550212
928.0 0.0001619332692825992
929.0 0.00014283763221101253
930.0 0.0001652049832046032
931.0 0.00018757228872345877
932.0 0.00011685813205986051
933.0 4.614396402757848e-05
934.0 4.216119009470276e-05
935.0 3.817844174136553e-05
936.0 7.993401709427417e-05
937.0 0.00012168954981461866
938.0 0.00012986090496269753
939.0 0.00013803221463604132
940.0 0.00013413355191005394
941.0 0.0001302348323406477
942.0 0.0002174203018512344
943.0 0.0003046058054678724
944.0 0.00023072257135936525
945.0 0.00015683933725085808
946.0 0.00032711684525565943
947.0 0.0004973943759978283
948.0 0.00039008377825666685
949.0 0.00028277331693971064
950.0 0.00037988086205587024
951.0 0.0004769884981215
952.0 0.0005616873750113882
953.0 0.0006463865247496869
954.0 0.000828929478302598
955.0 0.0010114727956533898
956.0 0.0012150936527177691
957.0 0.0014187144188326783
958.0 0.0016529100321349688
959.0 0.0018871058273361996
960.0 0.0020146177121205255
961.0 0.002142129778803792
962.0 0.0023396087271976285
963.0 0.0025370873117935844
964.0 0.0025472025299677625
965.0 0.0025573177481419407
966.0 0.002567073352111038
967.0 0.0025768285922822542
968.0 0.002554949423938524
969.0 0.0025330706193926744
970.0 0.0025281740818172693
971.0 0.002523277908039745
972.0 0.002648340887390077
973.0 0.0027734040486393496
974.0 0.0029668735805898905
975.0 0.003160343476338312
976.0 0.0030964958568802103
977.0 0.003032648419321049
978.0 0.0030664730729768053
979.0 0.003100297908531502
980.0 0.0030993662221590057
981.0 0.0030984345357865095
982.0 0.0030903411243343726
983.0 0.0030822477128822356
984.0 0.0029402766813291237
985.0 0.0027983060135738924
986.0 0.0026915691705653444
987.0 0.002584832145657856
988.0 0.0025325360184069723
989.0 0.002480240073055029
990.0 0.0024879342163330875
991.0 0.002495628359611146
992.0 0.002492532803444192
993.0 0.002489437429176178
994.0 0.0025876108338707127
995.0 0.002685784420464188
996.0 0.0027144353225594386
997.0 0.00274308640655363
998.0 0.0029306092983460985
999.0 0.0031181323720375076
1000.0 0.0031914474675431848
1001.0 0.003264762563048862
1002.0 0.00346924971381668
1003.0 0.0036737365007866174
1004.0 0.0037434532714542
1005.0 0.003813170042121783
1006.0 0.0039588067011209205
1007.0 0.0041044440877158195
1008.0 0.004126652856939472
1009.0 0.004148861626163125
1010.0 0.00411360633734148
1011.0 0.004078351048519835
1012.0 0.0040592665754957125
1013.0 0.00404018210247159
1014.0 0.0038492267776746303
1015.0 0.00365827108907979
1016.0 0.003346284938743338
1017.0 0.0030342984246090055
1018.0 0.002809175566653721
1019.0 0.002584052890597377
1020.0 0.002334281634830404
1021.0 0.002084510379063431
1022.0 0.0017658794604358263
1023.0 0.001447248268959811
1024.0 0.0013198686247051228
1025.0 0.0011924888895009644
1026.0 0.001062112187355524
1027.0 0.0009317355761595536
1028.0 0.0009307756045018323
1029.0 0.0009298158147430513
1030.0 0.0009444018360227346
1031.0 0.0009589879482518882
1032.0 0.0009129660611506552
1033.0 0.000866944083099952
1034.0 0.0007079231181705836
1035.0 0.0005489018803928047
1036.0 0.0005455367045215098
1037.0 0.0005421714831754798
1038.0 0.00062726894611842
1039.0 0.0007123663635866251
1040.0 0.0006476700036728289
1041.0 0.0005829735528095625
1042.0 0.0006325637968984665
1043.0 0.0006821539045631653
1044.0 0.0007358416041824967
1045.0 0.0007895293492765632
1046.0 0.0008206075108319055
1047.0 0.0008516859452356584
1048.0 0.0007563820417999523
1049.0 0.0006610783202631865
1050.0 0.0008336545761267189
1051.0 0.0010062308319902513
1052.0 0.0009835674063651823
1053.0 0.0009609034350432921
1054.0 0.0008296930900542066
1055.0 0.0006984826541156508
1056.0 0.0007209231625893153
1057.0 0.0007433636255882448
1058.0 0.0008878914741217159
1059.0 0.0010324191862309817
1060.0 0.0009875277100945823
1061.0 0.0009426359611097723
1062.0 0.0012359775610093493
1063.0 0.001529318979009986
1064.0 0.0012163232895545661
1065.0 0.000903327418200206
1066.0 0.0014428804206545465
1067.0 0.001982433423108887
1068.0 0.0020617257177946158
1069.0 0.0021410178305814043
1070.0 0.0021058351194369607
1071.0 0.002070652408292517
1072.0 0.0018310580344405025
1073.0 0.0015914634786895476
1074.0 0.00205430496862391
1075.0 0.002517146276659332
1076.0 0.002861358007066883
1077.0 0.003205569737474434
1078.0 0.0034926772059407085
1079.0 0.003779784674406983
1080.0 0.00403196390834637
1081.0 0.004284143142285757
1082.0 0.004073087256983854
1083.0 0.003862031371681951
1084.0 0.0039996135456021875
1085.0 0.004137194991926663
1086.0 0.004062739753862843
1087.0 0.003988283788203262
1088.0 0.0037276953662512824
1089.0 0.003467106944299303
1090.0 0.0030892500944901258
1091.0 0.0027113932446809486
1092.0 0.0038671209040330723
1093.0 0.005022848563385196
1094.0 0.004581235771183856
1095.0 0.004139622978982516
1096.0 0.0036527035263134167
1097.0 0.0031657844374421984
1098.0 0.0035472141462378204
1099.0 0.003928644218831323
1100.0 0.003353472493472509
1101.0 0.0027783005862147547
