lsstCam/transmission_filter_detector/r33_s02/r_57/19700101T000000.ecsv
# %ECSV 1.0
# ---
# datatype:
# - {name: wavelength, unit: nm, datatype: float32}
# - {name: efficiency, unit: '%', datatype: float64}
# meta: !!omap
# - {MODE: DETECTOR}
# - {TYPE: transmission_filter_detector}
# - {CALIBDATE: '1970-01-01T00:00:00'}
# - {INSTRUME: LSSTCam}
# - {OBSTYPE: transmission_filter_detector}
# - {CALIBCLS: lsst.ip.isr.IntermediateFilterDetectorTransmissionCurve}
# - {SOURCE: Materion (DM-46256)}
# - {DETECTOR: 146}
# - {FILTER: r_57}
# - {CALIB_ID: 'calibDate=1970-01-01T00:00:00 filter=r_57 detector=146'}
# - {DATE: '2025-04-02T15:59:44.860950'}
# - {CALIB_CREATION_DATE: '2025-04-02'}
# - {CALIB_CREATION_TIME: '15:59:44'}
# - __serialized_columns__:
#     efficiency:
#       __class__: astropy.units.quantity.Quantity
#       unit: !astropy.units.Unit {unit: '%'}
#       value: !astropy.table.SerializedColumn {name: efficiency}
#     wavelength:
#       __class__: astropy.units.quantity.Quantity
#       unit: !astropy.units.Unit {unit: nm}
#       value: !astropy.table.SerializedColumn {name: wavelength}
# schema: astropy-2.0
wavelength efficiency
300.0 0.0022824997358839028
301.0 0.0049913953262148425
302.0 0.007700289279455319
303.0 0.009668240818427876
304.0 0.011636194540187716
305.0 0.010700111306505278
306.0 0.009764027345227078
307.0 0.0084316183347255
308.0 0.0070992071414366364
309.0 0.0061870327044744045
310.0 0.005274857539916411
311.0 0.00521342117281165
312.0 0.005151984078111127
313.0 0.004963645187672228
314.0 0.004775304478243925
315.0 0.004403854109114036
316.0 0.0040324033761862665
317.0 0.0038401485653594136
318.0 0.00364789339073468
319.0 0.003320835094200447
320.0 0.0029937769795651548
321.0 0.0027798148948932067
322.0 0.00256585353781702
323.0 0.0023166543542174622
324.0 0.0020674542611232027
325.0 0.002021448926825542
326.0 0.001975443410628941
327.0 0.002114544258802198
328.0 0.002253645288874395
329.0 0.0022697584427078255
330.0 0.0022858714146423154
331.0 0.0021974716219119728
332.0 0.00210907182918163
333.0 0.001848692772909999
334.0 0.001588313898537308
335.0 0.0014945283510314766
336.0 0.0014007428944751155
337.0 0.0012881168913736474
338.0 0.0011754908882721793
339.0 0.001038181198964594
340.0 0.0009008714187075384
341.0 0.000886592624738114
342.0 0.0008723138307686895
343.0 0.0008127851288008969
344.0 0.0007532563813583693
345.0 0.0007536236353189452
346.0 0.0007539908892795211
347.0 0.0007532539257226745
348.0 0.0007525169621658279
349.0 0.0007554428066214314
350.0 0.003021341581188608
351.0 0.0049354825023328885
352.0 0.006849622150184587
353.0 0.006642399966949597
354.0 0.006435177783714607
355.0 0.005125138704897836
356.0 0.0038150992622831836
357.0 0.003952545375796035
358.0 0.004089991853106767
359.0 0.0038674286770401523
360.0 0.0036448655009735376
361.0 0.002791936094581615
362.0 0.0019390068700886331
363.0 0.0020733094061142765
364.0 0.00220761212403886
365.0 0.0016752856026869267
366.0 0.0011429593541834038
367.0 0.0019863360648741946
368.0 0.0028297123208176345
369.0 0.003341846604598686
370.0 0.0038539801607839763
371.0 0.003518770608934574
372.0 0.0031835610570851713
373.0 0.0026753896236186847
374.0 0.0021672180082532577
375.0 0.0014978341823734809
376.0 0.0008284502655442338
377.0 0.0016624420823063701
378.0 0.0024964339900179766
379.0 0.002285972914251033
380.0 0.0020755122022819705
381.0 0.002411087007203605
382.0 0.00274666199402418
383.0 0.0032368152460549027
384.0 0.003726968861883506
385.0 0.004259833076503128
386.0 0.004792696927324869
387.0 0.004607915980159305
388.0 0.004423135032993741
389.0 0.003608648694353178
390.0 0.0027941616281168535
391.0 0.002412591129541397
392.0 0.0020310209947638214
393.0 0.001869099105533678
394.0 0.0017071773982024752
395.0 0.001373764462186955
396.0 0.0010403517990198452
397.0 0.0008740365956327878
398.0 0.0007077214831952006
399.0 0.0007089346581778955
400.0 0.0007101478331605904
401.0 0.0006956842753425008
402.0 0.0006812205356254708
403.0 0.0006562583166669356
404.0 0.0006312961886578705
405.0 0.0011132105100841727
406.0 0.001595124922459945
407.0 0.0016711170246708207
408.0 0.001747108944982756
409.0 0.0012545120625873096
410.0 0.0007619152711413335
411.0 0.0009948957995220553
412.0 0.0012278763279027771
413.0 0.0014535443369823042
414.0 0.0016792126189102419
415.0 0.001717671511869412
416.0 0.0017561307686264627
417.0 0.0016020612747524865
418.0 0.0014479920537269209
419.0 0.0020887448044959456
420.0 0.0027294972824165598
421.0 0.0040215505578089505
422.0 0.005313603833201341
423.0 0.008435503696091473
424.0 0.011557403195183724
425.0 0.01526026608189568
426.0 0.018963130423799157
427.0 0.019361443992238492
428.0 0.01975975901586935
429.0 0.01556956849526614
430.0 0.011379377247067168
431.0 0.007791690586600453
432.0 0.004204004653729498
433.0 0.003370168633409776
434.0 0.002536332431191113
435.0 0.002067889909085352
436.0 0.0015994477507774718
437.0 0.0010797336472023744
438.0 0.0005600198164756875
439.0 0.000726284770280472
440.0 0.0008925496331357863
441.0 0.0009727910764922854
442.0 0.001053032792697195
443.0 0.0013982147720525973
444.0 0.00174339693330694
445.0 0.0015903968233033083
446.0 0.0014373970770975575
447.0 0.0013971556654723827
448.0 0.0013569145266956184
449.0 0.001286268434341764
450.0 0.0012156222510384396
451.0 0.0013264687368064187
452.0 0.001437314767827047
453.0 0.0016272153516183607
454.0 0.0018171158444602042
455.0 0.0015837882529012859
456.0 0.001350460934190778
457.0 0.0010764993021439295
458.0 0.0008025374881981406
459.0 0.000931270005821716
460.0 0.0010600027053442318
461.0 0.001544985752843786
462.0 0.002029969073191751
463.0 0.002829152981576044
464.0 0.003628336708061397
465.0 0.004660245394916274
466.0 0.005692152990377508
467.0 0.006209553976077586
468.0 0.006726955325575545
469.0 0.005805637192679569
470.0 0.004884318695985712
471.0 0.0037045596400275826
472.0 0.0025248007659683935
473.0 0.0018536204152042046
474.0 0.0011824399734905455
475.0 0.0008178866664820816
476.0 0.000453333495897823
477.0 0.0006087310794100631
478.0 0.0007641286174475681
479.0 0.0007488093615393154
480.0 0.0007334901056310628
481.0 0.0005778965260105906
482.0 0.00042230299186485354
483.0 0.000540475139132468
484.0 0.0006586473318748176
485.0 0.0006626602498727152
486.0 0.000666673258820083
487.0 0.00043563309191085864
488.0 0.00020459294773900183
489.0 0.00048454830903210677
490.0 0.0007645036021131091
491.0 0.0007782964530633762
492.0 0.0007920893040136434
493.0 0.000871998599905055
494.0 0.0009519079867459368
495.0 0.0009758702617546078
496.0 0.0009998323548643384
497.0 0.0010076163562189322
498.0 0.0010154004485229962
499.0 0.001080799484043382
500.0 0.0011461988833616488
501.0 0.0012191352652735077
502.0 0.0012920714652864262
503.0 0.0017375239622197114
504.0 0.002182976095355116
505.0 0.002594058241811581
506.0 0.003005140388268046
507.0 0.003732907134690322
508.0 0.004460674244910479
509.0 0.004794100823346525
510.0 0.005127527765580453
511.0 0.004777227150043473
512.0 0.004426927262102254
513.0 0.0037659312511095777
514.0 0.003104935967712663
515.0 0.0028335694878478535
516.0 0.002562203189881984
517.0 0.0026363490178482607
518.0 0.0027104948458145373
519.0 0.010530836880207062
520.0 0.007540050137322396
521.0 0.08388204732909799
522.0 0.09061533492058516
523.0 0.12897227425128222
524.0 0.11376189067959785
525.0 0.0997666735202074
526.0 0.10985900880768895
527.0 0.1380602247081697
528.0 0.09964780183508992
529.0 0.13124472461640835
530.0 0.2101409249007702
531.0 0.19582388922572136
532.0 0.19934247247874737
533.0 0.28349747881293297
534.0 0.2879128558561206
535.0 0.4188518039882183
536.0 0.6236342247575521
537.0 0.8399816229939461
538.0 1.226865779608488
539.0 2.038887143135071
540.0 3.136572241783142
541.0 4.775746539235115
542.0 6.781186908483505
543.0 9.673675149679184
544.0 13.11691552400589
545.0 16.955165565013885
546.0 21.72188013792038
547.0 27.58563756942749
548.0 34.93989706039429
549.0 42.89760887622833
550.0 49.65378940105438
551.0 57.67006874084473
552.0 63.484495878219604
553.0 68.97193789482117
554.0 73.58062863349915
555.0 77.7837872505188
556.0 81.52012228965759
557.0 84.56040620803833
558.0 87.98035383224487
559.0 91.30192995071411
560.0 92.12149381637573
561.0 94.03688907623291
562.0 94.93191838264465
563.0 94.96411681175232
564.0 95.48226594924927
565.0 95.15259265899658
566.0 95.63945531845093
567.0 95.04265785217285
568.0 95.61705589294434
569.0 96.34772539138794
570.0 95.72070837020874
571.0 96.94756269454956
572.0 96.6187596321106
573.0 96.30958437919617
574.0 96.6917872428894
575.0 96.73458933830261
576.0 97.2098708152771
577.0 97.15690016746521
578.0 96.76394462585449
579.0 96.84064984321594
580.0 96.46530747413635
581.0 96.28865718841553
582.0 96.80814146995544
583.0 96.71128988265991
584.0 96.21331691741943
585.0 96.02876305580139
586.0 96.16034030914307
587.0 95.91476321220398
588.0 96.10070586204529
589.0 97.28209376335144
590.0 96.37427926063538
591.0 95.87457180023193
592.0 95.88865637779236
593.0 95.78937292098999
594.0 95.76541185379028
595.0 96.50489687919617
596.0 96.90477848052979
597.0 96.89508080482483
598.0 96.72703742980957
599.0 96.64655327796936
600.0 96.69029712677002
601.0 96.02265954017639
602.0 96.37476205825806
603.0 96.050363779068
604.0 96.02947235107422
605.0 96.6927170753479
606.0 96.22636437416077
607.0 95.89262008666992
608.0 96.40077352523804
609.0 95.63103914260864
610.0 95.53055167198181
611.0 95.85275053977966
612.0 95.30942440032959
613.0 96.69146537780762
614.0 96.54796123504639
615.0 95.99543809890747
616.0 96.34320735931396
617.0 96.09736800193787
618.0 96.15389108657837
619.0 96.84014320373535
620.0 95.87579369544983
621.0 95.6856906414032
622.0 96.24202251434326
623.0 96.38042449951172
624.0 95.90845108032227
625.0 96.72696590423584
626.0 95.93445062637329
627.0 94.99483704566956
628.0 96.77432179450989
629.0 95.27163505554199
630.0 96.15625143051147
631.0 96.00980877876282
632.0 96.58322334289551
633.0 96.41975164413452
634.0 95.57733535766602
635.0 95.86724638938904
636.0 95.99748253822327
637.0 95.41661739349365
638.0 95.27044892311096
639.0 95.30258178710938
640.0 95.50111889839172
641.0 95.23642659187317
642.0 95.81105709075928
643.0 95.82455158233643
644.0 95.69738507270813
645.0 95.9940493106842
646.0 95.83113193511963
647.0 96.82062864303589
648.0 96.185964345932
649.0 95.36637663841248
650.0 96.34760618209839
651.0 96.77472710609436
652.0 96.92221283912659
653.0 95.76578140258789
654.0 96.19367122650146
655.0 96.32773995399475
656.0 95.65500020980835
657.0 95.81373333930969
658.0 96.09336853027344
659.0 96.00651264190674
660.0 95.11016011238098
661.0 95.21600008010864
662.0 95.56918144226074
663.0 95.70938348770142
664.0 95.40503025054932
665.0 95.58907151222229
666.0 94.99070048332214
667.0 95.70638537406921
668.0 95.0531005859375
669.0 95.81174850463867
670.0 95.05515098571777
671.0 95.69085836410522
672.0 95.38499116897583
673.0 95.3085720539093
674.0 94.93423104286194
675.0 95.2058494091034
676.0 94.80707049369812
677.0 93.92924904823303
678.0 93.28625202178955
679.0 92.7678644657135
680.0 91.76134467124939
681.0 90.05796909332275
682.0 88.2612943649292
683.0 85.58165431022644
684.0 82.26568102836609
685.0 78.77439856529236
686.0 75.01895427703857
687.0 70.44400572776794
688.0 66.18477702140808
689.0 61.665183305740356
690.0 56.18245601654053
691.0 51.98469161987305
692.0 47.429248690605164
693.0 43.17098557949066
694.0 38.234904408454895
695.0 33.038002252578735
696.0 28.027433156967163
697.0 23.0960875749588
698.0 17.37118661403656
699.0 12.724509835243225
700.0 9.101899713277817
701.0 5.84397092461586
702.0 3.742220625281334
703.0 2.161068096756935
704.0 1.2663120403885841
705.0 0.7430164143443108
706.0 0.4620479419827461
707.0 0.2961185993626714
708.0 0.20810503046959639
709.0 0.19775163382291794
710.0 0.08645012858323753
711.0 0.12189516564831138
712.0 0.08738996111787856
713.0 0.01280783471884206
714.0 0.05505578010343015
715.0 0.04732038651127368
716.0 0.08246360230259597
717.0 0.03178729093633592
718.0 0.03805891319643706
719.0 0.06860552239231765
720.0 1.6092434459644145e-10
721.0 0.004664128209697083
722.0 0.00434772991866339
723.0 0.004031331627629697
724.0 0.003823048245976679
725.0 0.0036147648643236607
726.0 0.0033244359656237066
727.0 0.0030341070669237524
728.0 0.0028747568649123423
729.0 0.0027154068447998725
730.0 0.0025634708435973153
731.0 0.0024115350242936984
732.0 0.0023215479814098217
733.0 0.0022315613023238257
734.0 0.0021302703316905536
735.0 0.002028979179158341
736.0 0.0019358838471816853
737.0 0.0018427886971039698
738.0 0.0017658619981375523
739.0 0.0016889349353732541
740.0 0.0016817557479953393
741.0 0.0016745763787184842
742.0 0.0015446677934960462
743.0 0.0014147589354251977
744.0 0.0015395402442663908
745.0 0.0016643214621581137
746.0 0.0014700877727591433
747.0 0.0012758542652591132
748.0 0.0012699125363724306
749.0 0.001263970807485748
750.0 0.0012440809769032057
751.0 0.0012241913282196037
752.0 0.0012374126526992768
753.0 0.00125063406812842
754.0 0.0012129777132940944
755.0 0.0011753216313081793
756.0 0.001126181632571388
757.0 0.001077041815733537
758.0 0.0010634697900968604
759.0 0.001049897946359124
760.0 0.0009797745406103786
761.0 0.0009096509529626928
762.0 0.0009544752174406312
763.0 0.00099929966381751
764.0 0.001053497544489801
765.0 0.001107695516111562
766.0 0.0009635708920541219
767.0 0.0008194460860977415
768.0 0.0007666494639124721
769.0 0.0007138525234040571
770.0 0.0006548070814460516
771.0 0.0005957616394880461
772.0 0.000667142148813582
773.0 0.0007385224307654426
774.0 0.0008963483196566813
775.0 0.00105417420854792
776.0 0.0010829012353497092
777.0 0.0011116287168988492
778.0 0.0009383259566675406
779.0 0.0007650235602341127
780.0 0.000752855612518033
781.0 0.0007406878921756288
782.0 0.0008018399057618808
783.0 0.0008629920557723381
784.0 0.0008052154043980408
785.0 0.0007474388894479489
786.0 0.0008261717084678821
787.0 0.0009049045729625504
788.0 0.000697799941917765
789.0 0.0004906953563477146
790.0 0.0005950200829829555
791.0 0.0006993449460424017
792.0 0.0007412383638438769
793.0 0.0007831315997464117
794.0 0.000770574297348503
795.0 0.0007580170859000646
796.0 0.0006399003723345231
797.0 0.0005217837042437168
798.0 0.0006516139819723321
799.0 0.0007814444870746229
800.0 0.0008227712896768935
801.0 0.0008640978194307536
802.0 0.0008523918950231746
803.0 0.0008406858796661254
804.0 0.0007519709470216185
805.0 0.0006632561053265817
806.0 0.0007193812507466646
807.0 0.0007755062142678071
808.0 0.0007289001132448902
809.0 0.000682293830323033
810.0 0.0006756466518709203
811.0 0.0006689992460451322
812.0 0.0005524288553715451
813.0 0.0004358583737484878
814.0 0.0004571613771986449
815.0 0.00047846438064880203
816.0 0.0006371881681843661
817.0 0.0007959120921441354
818.0 0.0006698124252579873
819.0 0.0005437125764728989
820.0 0.0005440580480353674
821.0 0.0005444034741231008
822.0 0.0006044359906809404
823.0 0.0006644684617640451
824.0 0.0005423343282018322
825.0 0.000420199967265944
826.0 0.00042003189264505636
827.0 0.0004198638180241687
828.0 0.0004126256044401089
829.0 0.00040538729990657885
830.0 0.0001484084577896283
831.0 1.6092434459644145e-10
832.0 1.6092434459644145e-10
833.0 1.6092434459644145e-10
834.0 1.6092434459644145e-10
835.0 0.0001727825747366296
836.0 0.00019068360188612132
837.0 0.00020858462903561303
838.0 0.0006765654688933864
839.0 0.0011445462405390572
840.0 0.0015034213902254123
841.0 0.0018622966308612376
842.0 0.00207275716093136
843.0 0.0022832182366983034
844.0 0.0022535614334628917
845.0 0.0022239044483285397
846.0 0.002013413904933259
847.0 0.0018029231796390377
848.0 0.0018138571249437518
849.0 0.0018247908883495256
850.0 0.0017242509784409776
851.0 0.001623710704734549
852.0 0.0014583865777240135
853.0 0.0012930627235618886
854.0 0.0010665089575923048
855.0 0.000839955191622721
856.0 0.0006687917903036578
857.0 0.0004976282525603892
858.0 0.00048184842853515875
859.0 0.00046606860450992826
860.0 0.00036485605505731655
861.0 0.00026364350560470484
862.0 0.00031066956580616534
863.0 0.0003576956032702583
864.0 0.0002527571041355259
865.0 0.000147818627738161
866.0 0.00013537354561776738
867.0 0.0001229284407600062
868.0 0.00014664555010313052
869.0 0.0001703626708149386
870.0 0.00012569552154673147
871.0 8.10283836472081e-05
872.0 3.0531498396157986e-05
873.0 1.6092434459644145e-10
874.0 1.6092434459644145e-10
875.0 1.6092434459644145e-10
876.0 1.6092434459644145e-10
877.0 3.6398975566953595e-05
878.0 7.874753009673441e-05
879.0 0.00012109610452171182
880.0 5.735639660997549e-05
881.0 1.6092434459644145e-10
882.0 7.95611924786499e-05
883.0 0.00016550570762774441
884.0 0.0001036688445310574
885.0 4.183197006568662e-05
886.0 0.00010753001333796419
887.0 0.000173228045241558
888.0 0.00016837468592711957
889.0 0.00016352136071873247
890.0 9.350990239909152e-05
891.0 2.349847676441641e-05
892.0 2.2156946499762853e-05
893.0 2.081541055076741e-05
894.0 4.67011091132008e-05
895.0 7.258680057020683e-05
896.0 4.9233949539484456e-05
897.0 2.5881121246129624e-05
898.0 3.9716707078696345e-05
899.0 5.355227585823741e-05
900.0 2.6945073727802082e-05
901.0 3.3785290121102207e-07
