lsstCam/transmission_filter_detector/r20_s11/y_10/19700101T000000.ecsv
# %ECSV 1.0
# ---
# datatype:
# - {name: wavelength, unit: nm, datatype: float32}
# - {name: efficiency, unit: '%', datatype: float64}
# meta: !!omap
# - {MODE: DETECTOR}
# - {TYPE: transmission_filter_detector}
# - {CALIBDATE: '1970-01-01T00:00:00'}
# - {INSTRUME: LSSTCam}
# - {OBSTYPE: transmission_filter_detector}
# - {CALIBCLS: lsst.ip.isr.IntermediateFilterDetectorTransmissionCurve}
# - {SOURCE: Materion (DM-46256)}
# - {DETECTOR: 76}
# - {FILTER: y_10}
# - {CALIB_ID: 'calibDate=1970-01-01T00:00:00 filter=y_10 detector=76'}
# - {DATE: '2025-04-02T15:59:51.093901'}
# - {CALIB_CREATION_DATE: '2025-04-02'}
# - {CALIB_CREATION_TIME: '15:59:51'}
# - __serialized_columns__:
#     efficiency:
#       __class__: astropy.units.quantity.Quantity
#       unit: !astropy.units.Unit {unit: '%'}
#       value: !astropy.table.SerializedColumn {name: efficiency}
#     wavelength:
#       __class__: astropy.units.quantity.Quantity
#       unit: !astropy.units.Unit {unit: nm}
#       value: !astropy.table.SerializedColumn {name: wavelength}
# schema: astropy-2.0
wavelength efficiency
[from data line 577]
877.0 0.0020186473193462007
878.0 0.0016723697626730427
879.0 0.0019133651221636683
880.0 0.06353280623443425
881.0 0.08126667817123234
882.0 0.05929112667217851
883.0 0.08850239682942629
884.0 0.07022416102699935
885.0 0.0911674986127764
886.0 0.07025155937299132
887.0 0.09546989458613098
888.0 0.07175789214670658
889.0 0.08715249714441597
890.0 0.058939901646226645
891.0 0.11445473646745086
892.0 0.07435397710651159
893.0 0.1022050972096622
894.0 0.05277900490909815
895.0 0.1029302948154509
896.0 0.07503994856961071
897.0 0.12958234874531627
898.0 0.08367644040845335
899.0 0.11760257184505463
900.0 0.09304640698246658
901.0 0.12030127691105008
902.0 0.14629228971898556
903.0 0.15495384577661753
904.0 0.1860436052083969
905.0 0.17939781537279487
906.0 0.22517775651067495
907.0 0.29240206349641085
908.0 0.36873407661914825
909.0 0.485761184245348
910.0 0.6624986883252859
911.0 0.9034148417413235
912.0 1.3222386129200459
913.0 1.9833367317914963
914.0 2.805989980697632
915.0 4.1003502905368805
916.0 5.729130655527115
917.0 7.632879167795181
918.0 9.954177588224411
919.0 12.236186861991882
920.0 15.432369709014893
921.0 18.74048113822937
922.0 21.901676058769226
923.0 25.58177411556244
924.0 29.617279767990112
925.0 34.08723771572113
926.0 39.68823850154877
927.0 45.88008522987366
928.0 51.515477895736694
929.0 57.861536741256714
930.0 63.80026936531067
931.0 69.86385583877563
932.0 75.72219371795654
933.0 80.99830150604248
934.0 85.08741855621338
935.0 88.26985955238342
936.0 90.84965586662292
937.0 92.84417033195496
938.0 94.21388506889343
939.0 94.98072862625122
940.0 95.54212689399719
941.0 95.90195417404175
942.0 96.2044358253479
943.0 96.42131328582764
944.0 96.78956270217896
945.0 96.87982201576233
946.0 97.05131649971008
947.0 97.12384939193726
948.0 97.21080660820007
949.0 97.16349840164185
950.0 97.24162220954895
951.0 97.22303748130798
952.0 97.25891947746277
953.0 97.43574261665344
954.0 97.476065158844
955.0 97.54063487052917
956.0 97.78308272361755
957.0 97.93686270713806
958.0 98.1141448020935
959.0 98.2729971408844
960.0 98.39603900909424
961.0 98.48188161849976
962.0 98.57901930809021
963.0 98.61900210380554
964.0 98.70762825012207
965.0 98.74239563941956
966.0 98.80033135414124
967.0 98.89286756515503
968.0 98.8707423210144
969.0 98.86372685432434
970.0 98.91815781593323
971.0 98.94213676452637
972.0 99.01912808418274
973.0 99.08283948898315
974.0 99.09060597419739
975.0 99.08077716827393
976.0 99.14109706878662
977.0 99.11487698554993
978.0 99.16009902954102
979.0 99.15156364440918
980.0 99.12457466125488
981.0 99.04056787490845
982.0 98.9635705947876
983.0 99.02185201644897
984.0 98.9555835723877
985.0 98.94665479660034
986.0 98.84175658226013
987.0 98.89984726905823
988.0 98.75862002372742
989.0 98.76806735992432
990.0 98.72966408729553
991.0 98.71976971626282
992.0 98.79094958305359
993.0 98.73077869415283
994.0 98.69028925895691
995.0 98.70644807815552
996.0 98.67914915084839
997.0 98.8244891166687
998.0 98.83764982223511
999.0 98.88725280761719
1000.0 98.90521764755249
1001.0 98.90798926353455
1002.0 99.05773401260376
1003.0 99.0443229675293
1004.0 99.11795854568481
1005.0 99.08538460731506
1006.0 99.25084114074707
1007.0 99.20758605003357
1008.0 99.179607629776
1009.0 99.17281866073608
1010.0 99.16450381278992
1011.0 99.18489456176758
1012.0 99.09976124763489
1013.0 99.0968406200409
1014.0 99.04494881629944
1015.0 99.00976419448853
1016.0 99.00345802307129
1017.0 99.02465343475342
1018.0 99.04244542121887
1019.0 98.93101453781128
1020.0 99.0038812160492
1021.0 99.08389449119568
1022.0 98.99449348449707
1023.0 99.0451455116272
1024.0 99.01310205459595
1025.0 99.00166988372803
1026.0 99.04171824455261
1027.0 99.15516972541809
1028.0 99.15494918823242
1029.0 99.1954505443573
1030.0 99.17179346084595
1031.0 99.19441938400269
1032.0 99.20452833175659
1033.0 99.18894171714783
1034.0 99.23803210258484
1035.0 99.28099513053894
1036.0 99.22422170639038
1037.0 99.26854372024536
1038.0 99.1887092590332
1039.0 99.10398721694946
1040.0 99.01524782180786
1041.0 99.14034008979797
1042.0 99.13586378097534
1043.0 99.04318451881409
1044.0 99.12242889404297
1045.0 98.83103370666504
1046.0 99.01801347732544
1047.0 98.89749884605408
1048.0 98.94753694534302
1049.0 98.8092303276062
1050.0 98.90405535697937
1051.0 98.85076880455017
1052.0 98.85690212249756
1053.0 98.66708517074585
1054.0 98.93831014633179
1055.0 99.05508756637573
1056.0 98.90050292015076
1057.0 98.97072315216064
1058.0 98.80531430244446
1059.0 98.91362190246582
1060.0 98.97533655166626
1061.0 98.9052414894104
1062.0 98.9186942577362
1063.0 98.88234734535217
1064.0 99.11311268806458
1065.0 99.01713728904724
1066.0 98.95821213722229
1067.0 99.02446269989014
1068.0 98.89609813690186
1069.0 98.82161021232605
1070.0 99.21215772628784
1071.0 99.00779724121094
1072.0 99.0731954574585
1073.0 99.0885078907013
1074.0 98.80555868148804
1075.0 98.79391193389893
1076.0 98.58016967773438
1077.0 98.99729490280151
1078.0 99.07164573669434
1079.0 98.71141910552979
1080.0 99.41479563713074
1081.0 98.52864742279053
1082.0 98.76088500022888
1083.0 98.5995352268219
1084.0 98.92653822898865
1085.0 99.05624985694885
1086.0 98.71661067008972
1087.0 98.85178208351135
1088.0 98.56553077697754
1089.0 98.66337180137634
1090.0 98.7727701663971
1091.0 98.70222210884094
1092.0 98.74526262283325
1093.0 98.68813753128052
1094.0 98.37353229522705
1095.0 98.46705198287964
1096.0 98.55953454971313
1097.0 98.530513048172
1098.0 97.85950183868408
1099.0 98.29460382461548
1100.0 98.09426665306091
