lsstCam/transmission_filter_detector/r20_s11/y_10/19700101T000000.ecsv
# %ECSV 1.0
# ---
# datatype:
# - {name: wavelength, unit: nm, datatype: float32}
# - {name: efficiency, unit: '%', datatype: float64}
# meta: !!omap
# - {MODE: DETECTOR}
# - {TYPE: transmission_filter_detector}
# - {CALIBDATE: '1970-01-01T00:00:00'}
# - {INSTRUME: LSSTCam}
# - {OBSTYPE: transmission_filter_detector}
# - {CALIBCLS: lsst.ip.isr.IntermediateFilterDetectorTransmissionCurve}
# - {SOURCE: Materion (DM-46256)}
# - {DETECTOR: 76}
# - {FILTER: y_10}
# - {CALIB_ID: 'calibDate=1970-01-01T00:00:00 filter=y_10 detector=76'}
# - {DATE: '2025-04-02T15:59:51.093901'}
# - {CALIB_CREATION_DATE: '2025-04-02'}
# - {CALIB_CREATION_TIME: '15:59:51'}
# - __serialized_columns__:
#     efficiency:
#       __class__: astropy.units.quantity.Quantity
#       unit: !astropy.units.Unit {unit: '%'}
#       value: !astropy.table.SerializedColumn {name: efficiency}
#     wavelength:
#       __class__: astropy.units.quantity.Quantity
#       unit: !astropy.units.Unit {unit: nm}
#       value: !astropy.table.SerializedColumn {name: wavelength}
# schema: astropy-2.0
wavelength efficiency
300.0 0.2746476326137781
301.0 0.14777539763599634
302.0 0.020903153927065432
303.0 0.022249815810937434
304.0 0.023596476239617914
305.0 0.01608115271665156
306.0 0.008565824828110635
307.0 0.014514771464746445
308.0 0.020463716646190733
309.0 0.01453975128242746
310.0 0.008615784463472664
311.0 0.0076778800575993955
312.0 0.006739974196534604
313.0 0.005760605927207507
314.0 0.004781236930284649
315.0 0.0049664147809380665
316.0 0.0051515944505808875
317.0 0.0046557048335671425
318.0 0.004159813033766113
319.0 0.0027327514544595033
320.0 0.0013056895113550127
321.0 0.0027344440240995027
322.0 0.004163198536843993
323.0 0.004199536124360748
324.0 0.004235874439473264
325.0 0.002128346932295244
326.0 2.081942085396804e-05
327.0 0.0008620425433036871
328.0 0.0017032654795912094
329.0 0.0026827037800103426
330.0 0.0036621418985305354
331.0 0.003007577470270917
332.0 0.0023530130420112982
333.0 0.002547287476772908
334.0 0.002741561911534518
335.0 0.002893859891628381
336.0 0.0030461573260254227
337.0 0.002710507578740362
338.0 0.002374857649556361
339.0 0.001187383440992562
340.0 1.633212987593724e-10
341.0 4.163723303918232e-05
342.0 8.33648584830371e-05
343.0 0.0006450298769777874
344.0 0.001206694923894247
345.0 0.0011397710295568686
346.0 0.0010728474080679007
347.0 0.001409021751896944
348.0 0.0017451959138270468
349.0 0.0015754196283523925
350.0 0.0014056429790798575
351.0 0.0015860376151977107
352.0 0.001766432251315564
353.0 0.0015864370652707294
354.0 0.0014064422430237755
355.0 0.001531751149741467
356.0 0.0016570598745602183
357.0 0.001461546344216913
358.0 0.0012660328138736077
359.0 0.0013145923730917275
360.0 0.0013631519323098473
361.0 0.0012023127055726945
362.0 0.0010414732059871312
363.0 0.0009440571375307627
364.0 0.0008466408871754538
365.0 0.0012667113878706004
366.0 0.0016867821614141576
367.0 0.0020576411770889536
368.0 0.002428500010864809
369.0 0.001894301203719806
370.0 0.0013601026694232132
371.0 0.001445968428015476
372.0 0.0015318340956582688
373.0 0.0018347542209085077
374.0 0.0021376743461587466
375.0 0.0032390944397775456
376.0 0.004340513987699524
377.0 0.004260025161784142
378.0 0.004179536335868761
379.0 0.0037620276998495683
380.0 0.0033445194276282564
381.0 0.0023947157387738116
382.0 0.0014449117770709563
383.0 0.0013047359061602037
384.0 0.0011645597624010406
385.0 0.0009630547538108658
386.0 0.0007615498816448962
387.0 0.0007795984856784344
388.0 0.0007976472261361778
389.0 0.0006817489520472009
390.0 0.0005658506324834889
391.0 0.0005391953891376033
392.0 0.0005125401457917178
393.0 0.0006186853624967625
394.0 0.0007248306246765424
395.0 0.0006957173809496453
396.0 0.0006666041372227482
397.0 0.0008490846084896475
398.0 0.0010315650797565468
399.0 0.0011908928172488231
400.0 0.0013502206456905697
401.0 0.0014586094039259478
402.0 0.0015669980712118559
403.0 0.0016924290321185254
404.0 0.0018178601749241352
405.0 0.001867778155428823
406.0 0.0019176963178324513
407.0 0.0016901329217944294
408.0 0.0014625698895542882
409.0 0.00117221325126593
410.0 0.0008818564310786314
411.0 0.0006917657174199121
412.0 0.0005016749128117226
413.0 0.0006657243375229882
414.0 0.0008297735803353135
415.0 0.0008398272257181816
416.0 0.0008498809620505199
417.0 0.0004006102699349867
418.0 1.633212987593724e-10
419.0 1.633212987593724e-10
420.0 1.633212987593724e-10
421.0 1.633212987593724e-10
422.0 0.00013278765891300282
423.0 0.0007305328836082481
424.0 0.0013282779946166556
425.0 0.00032140803796210093
426.0 1.633212987593724e-10
427.0 1.633212987593724e-10
428.0 0.0006412893071683357
429.0 1.633212987593724e-10
430.0 1.633212987593724e-10
431.0 1.633212987593724e-10
432.0 0.0008576226719014812
433.0 0.0002992487907249597
434.0 1.633212987593724e-10
435.0 1.633212987593724e-10
436.0 2.2535628829700727e-05
437.0 1.633212987593724e-10
438.0 1.633212987593724e-10
439.0 1.633212987593724e-10
440.0 1.633212987593724e-10
441.0 1.633212987593724e-10
442.0 1.633212987593724e-10
443.0 1.633212987593724e-10
444.0 1.633212987593724e-10
445.0 5.83820849442418e-05
446.0 0.00014029997146280948
447.0 0.000321556581184268
448.0 0.0005028131454309914
449.0 0.0004267357326170895
450.0 0.0003506582061163499
451.0 1.633212987593724e-10
452.0 1.633212987593724e-10
453.0 1.633212987593724e-10
454.0 1.633212987593724e-10
455.0 1.633212987593724e-10
456.0 1.633212987593724e-10
457.0 1.633212987593724e-10
458.0 1.633212987593724e-10
459.0 1.633212987593724e-10
460.0 1.633212987593724e-10
461.0 0.00016200148138523218
462.0 0.0007230284609249793
463.0 0.0006105143711465644
464.0 0.0004980002813681494
465.0 0.0004480184543353971
466.0 0.00039803667277737986
467.0 0.0009823881555348635
468.0 0.0015667394109186716
469.0 0.0015445073586306535
470.0 0.0015222753063426353
471.0 0.0018760865714284591
472.0 0.0022298976546153426
473.0 0.002504854455764871
474.0 0.002779810893116519
475.0 0.0028315278541413136
476.0 0.0028832449970650487
477.0 0.002936558121291455
478.0 0.002989871245517861
479.0 0.0035251534427516162
480.0 0.004060435458086431
481.0 0.004180706309853122
482.0 0.0043009767978219315
483.0 0.0039908034523250535
484.0 0.0036806301068281755
485.0 0.0035954850318375975
486.0 0.0035103403206449
487.0 0.003064289558096789
488.0 0.0026182387955486774
489.0 0.0022237914890865795
490.0 0.0018293441826244816
491.0 0.0016241578123299405
492.0 0.001418971260136459
493.0 0.0013708012374991085
494.0 0.0013226313058112282
495.0 0.001535123556095641
496.0 0.0017476157154305838
497.0 0.002014608617173508
498.0 0.002281601518916432
499.0 0.0022650472601526417
500.0 0.0022484930013888516
501.0 0.0025100716811721213
502.0 0.002771650724753272
503.0 0.002772835796349682
504.0 0.0027740206860471517
505.0 0.003018558163603302
506.0 0.0032630956411594525
507.0 0.0024770393793005496
508.0 0.0016909825717448257
509.0 0.0016751399016357027
510.0 0.0016592970496276394
511.0 0.0017492202459834516
512.0 0.0018391434423392639
513.0 0.001865469130279962
514.0 0.0018917951820185408
515.0 0.0017022732208715752
516.0 0.00151275144162355
517.0 0.0014738760000909679
518.0 0.001435000649507856
519.0 0.0013008392670599278
520.0 0.0011666778846119996
521.0 0.001420868284185417
522.0 0.0016750584109104238
523.0 0.0018440059648128226
524.0 0.0020129535187152214
525.0 0.002251735895697493
526.0 0.0024905186364776455
527.0 0.002386772212048527
528.0 0.0022830259695183486
529.0 0.0023508411686634645
530.0 0.00241865618590964
531.0 0.0023321277694776654
532.0 0.0022455991711467505
533.0 0.0022613809051108547
534.0 0.0022771624571760185
535.0 0.0018840355551219545
536.0 0.0014909082892700098
537.0 0.0020666697309934534
538.0 0.002642431172716897
539.0 0.00323038620990701
540.0 0.003818341065198183
541.0 0.0038956390199018642
542.0 0.003972936247009784
543.0 0.004228780017001554
544.0 0.004484623423195444
545.0 0.004816600994672626
546.0 0.0051485785661498085
547.0 0.004337158679845743
548.0 0.0035257387935416773
549.0 0.0028208931325934827
550.0 0.0021160471078474075
551.0 0.002278004103573039
552.0 0.0024399609173997305
553.0 0.0028920258046127856
554.0 0.0033440901461290196
555.0 0.0037062858609715477
556.0 0.004068481575814076
557.0 0.0038572663470404223
558.0 0.0036460514820646495
559.0 0.0034406897611916065
560.0 0.0032353284041164443
561.0 0.0034702236007433385
562.0 0.0037051187973702326
563.0 0.0035499921068549156
564.0 0.0033948657801374793
565.0 0.0038669677451252937
566.0 0.004339070073910989
567.0 0.004144866761635058
568.0 0.003950663813157007
569.0 0.0048655660066287965
570.0 0.005780467836302705
571.0 0.006158351607155055
572.0 0.006536235014209524
573.0 0.006761478289263323
574.0 0.006986720109125599
575.0 0.006722532998537645
576.0 0.006458345160353929
577.0 0.006015551116433926
578.0 0.005572757072513923
579.0 0.005879603122593835
580.0 0.006186449172673747
581.0 0.007057720358716324
582.0 0.007928991544758901
583.0 0.00860446089063771
584.0 0.009279929508920759
585.0 0.009664828394306824
586.0 0.01004972800728865
587.0 0.010174634371651337
588.0 0.010299540008418262
589.0 0.010479294724063948
590.0 0.010659050167305395
591.0 0.00999104231595993
592.0 0.009323033737018704
593.0 0.007654973887838423
594.0 0.005986915493849665
595.0 0.005763355511589907
596.0 0.00553979589312803
597.0 0.005966981188976206
598.0 0.0063941668486222625
599.0 0.007384724449366331
600.0 0.0083752820501104
601.0 0.009017315460368991
602.0 0.00965934741543606
603.0 0.010403341002529487
604.0 0.01114733750000596
605.0 0.011312607966829091
606.0 0.011477879161247984
607.0 0.009862751176115125
608.0 0.008247623918578029
609.0 0.0064424115407746285
610.0 0.0046372002543648705
611.0 0.0038214941014302894
612.0 0.0030057879484957084
613.0 0.0034358978155069053
614.0 0.0038660073187202215
615.0 0.004726184124592692
616.0 0.005586360566667281
617.0 0.006820545968366787
618.0 0.008054728823481128
619.0 0.009283518738811836
620.0 0.010512307926546782
621.0 0.01112355530494824
622.0 0.011734804138541222
623.0 0.01198447571368888
624.0 0.012234147288836539
625.0 0.010596536594675854
626.0 0.008958925900515169
627.0 0.007273267692653462
628.0 0.005587609848589636
629.0 0.004495786197367124
630.0 0.003403962546144612
631.0 0.002882808075810317
632.0 0.002361653787374962
633.0 0.0026197110855719075
634.0 0.0028777687475667335
635.0 0.003185500463587232
636.0 0.0034932323615066707
637.0 0.003923659096471965
638.0 0.004354086195235141
639.0 0.004531292142928578
640.0 0.004708498454419896
641.0 0.00522597947565373
642.0 0.005743461224483326
643.0 0.0056107401178451255
644.0 0.005478019011206925
645.0 0.005126574978930876
646.0 0.004775130946654826
647.0 0.003800554623012431
648.0 0.002825977935572155
649.0 0.0021695812392863445
650.0 0.0015131845430005342
651.0 0.0015786607036716305
652.0 0.0016441370462416671
653.0 0.0015582632840960287
654.0 0.00147238943100092
655.0 0.001529116343590431
656.0 0.0015858431652304716
657.0 0.0014857575479254592
658.0 0.001385672021569917
659.0 0.0017068801753339358
660.0 0.0020280882381484844
661.0 0.001986770803341642
662.0 0.00194545355043374
663.0 0.0023429391148965806
664.0 0.002740425225056242
665.0 0.0032749441743362695
666.0 0.0038094629417173564
667.0 0.00442396012658719
668.0 0.005038456583861262
669.0 0.005265136496745981
670.0 0.005491813499247655
671.0 0.0062092462030705065
672.0 0.006926679634489119
673.0 0.007834906864445657
674.0 0.008743133366806433
675.0 0.008332220022566617
676.0 0.007921308861114085
677.0 0.006222727824933827
678.0 0.004524144969764166
679.0 0.0030197434170986526
680.0 0.0015153417734836694
681.0 0.0008936856829677708
682.0 0.0002720295015024021
683.0 0.00045390015657176264
684.0 0.0006357708116411231
685.0 0.00040440590964863077
686.0 0.0001730408371258818
687.0 0.00018701958879319136
688.0 0.00020099832909181714
689.0 0.00021162888970138738
690.0 0.00022225947304832516
691.0 0.0002858582774933893
692.0 0.00034945717288792366
693.0 0.00039057608773873653
694.0 0.00043169507080165204
695.0 0.00041892649278452154
696.0 0.00040615796024212614
697.0 0.000406312801715103
698.0 0.00040646759771334473
699.0 0.0002977660869873944
700.0 0.0001890644966806576
701.0 0.00010863801662708283
702.0 2.8211590574755974e-05
703.0 9.953573680832051e-05
704.0 0.0001708599597805005
705.0 0.0002422628767817514
706.0 0.0003136657142022159
707.0 0.00023006316496321233
708.0 0.00014646050203737104
709.0 0.0002714001993808779
710.0 0.0003963398739870172
711.0 0.000380445271730423
712.0 0.00036455066947382875
713.0 0.00020121690340602072
714.0 3.788315723340929e-05
715.0 0.0001057549411598302
716.0 0.00017362667676934507
717.0 3.0821331620245473e-05
718.0 1.633212987593724e-10
719.0 0.00023466573111363687
720.0 0.0005813154530187603
721.0 0.000515672036272008
722.0 0.0004500286649999907
723.0 0.0004284948772692587
724.0 0.0004069610895385267
725.0 0.00017763152300176444
726.0 1.633212987593724e-10
727.0 0.00012098270190108451
728.0 0.0002936635155492695
729.0 0.00030709973088960396
730.0 0.00032053617360361386
731.0 0.0004570626060740324
732.0 0.0005935893113928614
733.0 0.0003480276518530445
734.0 0.00010246615147480043
735.0 0.00019794254058069782
736.0 0.00029341908884816803
737.0 0.0004949222329742042
738.0 0.000696425649948651
739.0 0.0005510946721187793
740.0 0.00040576346691523213
741.0 0.0005302809313434409
742.0 0.0006547984412463848
743.0 0.0002259630718981498
744.0 1.633212987593724e-10
745.0 0.00015275070381903788
746.0 0.0005083737050881609
747.0 0.0003211167495464906
748.0 0.0001338596689492988
749.0 1.8308482196971454e-05
750.0 1.633212987593724e-10
751.0 0.00020729257812490687
752.0 0.0005118277840665542
753.0 0.0005948042144154897
754.0 0.0006777805992896901
755.0 1.3272473609049484e-05
756.0 1.633212987593724e-10
757.0 1.633212987593724e-10
758.0 1.633212987593724e-10
759.0 0.00024894327452784637
760.0 0.0005296937160892412
761.0 0.0005113678525958676
762.0 0.000493041989102494
763.0 0.00040673744479136076
764.0 0.0003204328322681249
765.0 0.00035074949664704036
766.0 0.0003810660928138532
767.0 3.708451004058588e-05
768.0 1.633212987593724e-10
769.0 1.633212987593724e-10
770.0 0.00015522685998803354
771.0 7.58145802137733e-05
772.0 1.633212987593724e-10
773.0 0.0003144816673739115
774.0 0.000632560977464891
775.0 0.0004527743840299081
776.0 0.0002729876541707199
777.0 0.00032664249829394976
778.0 0.00038029745610401733
779.0 0.0004958990302839084
780.0 0.000611500672675902
781.0 0.0005524990228877869
782.0 0.0004934973276249366
783.0 0.0005396716460381867
784.0 0.000585846009926172
785.0 0.0004621083462552633
786.0 0.00033837056889751693
787.0 0.00044197622628416866
788.0 0.0005455818154587178
789.0 0.0004702520982391434
790.0 0.0003949224264943041
791.0 0.0005583628535532625
792.0 0.0007218033260869561
793.0 0.0006303257123363437
794.0 0.0005388480076362612
795.0 0.0006748899977537803
796.0 0.0008109319423965644
797.0 0.0006894179477967555
798.0 0.0005679040441464167
799.0 0.0004972976967110299
800.0 0.0004266914402251132
801.0 0.0002894201998060453
802.0 0.0001521489821243449
803.0 0.00043017703319492284
804.0 0.0007082051524776034
805.0 0.000790469584899256
806.0 0.0008727338354219683
807.0 0.0007128307515813503
808.0 0.0005529275767912623
809.0 0.000455129475085414
810.0 0.0003573312824300956
811.0 0.0005958271685813088
812.0 0.000834323054732522
813.0 0.0009305766980105545
814.0 0.0010268304322380573
815.0 0.0009326970939582679
816.0 0.0008385634828300681
817.0 0.0008353717021236662
818.0 0.0008321800123667344
819.0 0.000898493999557104
820.0 0.0009648078957980033
821.0 0.0008316541425301693
822.0 0.000698500207363395
823.0 0.0004604348760040011
824.0 0.00022236959011934232
825.0 0.0003546843572621583
826.0 0.0004869990789302392
827.0 0.0007978551366250031
828.0 0.001108711239794502
829.0 0.0006574166036443785
830.0 0.00020612201296899002
831.0 0.0002603266921141767
832.0 0.0003145315531583037
833.0 0.0006145263796497602
834.0 0.0009145212061412167
835.0 0.00037486454402824165
836.0 1.633212987593724e-10
837.0 1.1283307799203612e-05
838.0 0.0001873586938927474
839.0 0.0004500920113059692
840.0 0.0007128253855626099
841.0 0.0008853858162183315
842.0 0.0010579460649751127
843.0 0.0008370945579372346
844.0 0.0006162427780509461
845.0 0.0007474255198758328
846.0 0.0008786081707512494
847.0 0.0010181591278524138
848.0 0.001157709994004108
849.0 0.0008476101356791332
850.0 0.0005375100954552181
851.0 0.0009803356078919023
852.0 0.0014231610293791164
853.0 0.0008447059371974319
854.0 0.00026625104965205537
855.0 0.0001570141989759577
856.0 4.7777359668543795e-05
857.0 0.0006861570909677539
858.0 0.0013245367881609127
859.0 0.0011095913578174077
860.0 0.0008946456546254922
861.0 0.001212251663673669
862.0 0.0015298575817723759
863.0 0.0015720617739134468
864.0 0.0016142657841555774
865.0 0.0019817334759864025
866.0 0.0023492011678172275
867.0 0.002895754005294293
868.0 0.003442306478973478
869.0 0.0031537667382508516
870.0 0.0028652266337303445
871.0 0.0032080206437967718
872.0 0.0035508150176610798
873.0 0.0028082298740628175
874.0 0.002065645094262436
875.0 0.0022152849851408973
