lsstCam/transmission_filter_detector/r03_s21/i_39/19700101T000000.ecsv
# %ECSV 1.0
# ---
# datatype:
# - {name: wavelength, unit: nm, datatype: float32}
# - {name: efficiency, unit: '%', datatype: float64}
# meta: !!omap
# - {MODE: DETECTOR}
# - {TYPE: transmission_filter_detector}
# - {CALIBDATE: '1970-01-01T00:00:00'}
# - {INSTRUME: LSSTCam}
# - {OBSTYPE: transmission_filter_detector}
# - {CALIBCLS: lsst.ip.isr.IntermediateFilterDetectorTransmissionCurve}
# - {SOURCE: Materion (DM-46256)}
# - {DETECTOR: 25}
# - {FILTER: i_39}
# - {CALIB_ID: 'calibDate=1970-01-01T00:00:00 filter=i_39 detector=25'}
# - {DATE: '2025-04-02T15:59:46.595071'}
# - {CALIB_CREATION_DATE: '2025-04-02'}
# - {CALIB_CREATION_TIME: '15:59:46'}
# - __serialized_columns__:
#     efficiency:
#       __class__: astropy.units.quantity.Quantity
#       unit: !astropy.units.Unit {unit: '%'}
#       value: !astropy.table.SerializedColumn {name: efficiency}
#     wavelength:
#       __class__: astropy.units.quantity.Quantity
#       unit: !astropy.units.Unit {unit: nm}
#       value: !astropy.table.SerializedColumn {name: wavelength}
# schema: astropy-2.0
wavelength efficiency
[from data line 599]
899.0 1.629434109341743e-10
900.0 1.629434109341743e-10
901.0 1.629434109341743e-10
902.0 1.629434109341743e-10
903.0 1.629434109341743e-10
904.0 1.629434109341743e-10
905.0 1.629434109341743e-10
906.0 1.629434109341743e-10
907.0 5.099772693029081e-05
908.0 0.0002102191047015367
909.0 1.068637942580608e-05
910.0 1.629434109341743e-10
911.0 1.629434109341743e-10
912.0 0.00010033080570792663
913.0 7.952430678415112e-05
914.0 5.8717836282085045e-05
915.0 1.629434109341743e-10
916.0 1.629434109341743e-10
917.0 1.629434109341743e-10
918.0 1.629434109341743e-10
919.0 1.629434109341743e-10
920.0 1.629434109341743e-10
921.0 1.629434109341743e-10
922.0 1.629434109341743e-10
923.0 1.629434109341743e-10
924.0 1.629434109341743e-10
925.0 3.987982495345932e-05
926.0 0.00024699975256226026
927.0 1.629434109341743e-10
928.0 1.629434109341743e-10
929.0 1.629434109341743e-10
930.0 0.00022435817754740128
931.0 0.0001774464180925861
932.0 0.0001305346700064547
933.0 0.00010205844773736317
934.0 7.358225388998108e-05
935.0 1.629434109341743e-10
936.0 1.629434109341743e-10
937.0 1.629434109341743e-10
938.0 1.629434109341743e-10
939.0 1.629434109341743e-10
940.0 1.629434109341743e-10
941.0 1.629434109341743e-10
942.0 1.629434109341743e-10
943.0 1.629434109341743e-10
944.0 1.629434109341743e-10
945.0 1.629434109341743e-10
946.0 1.629434109341743e-10
947.0 1.629434109341743e-10
948.0 1.629434109341743e-10
949.0 1.629434109341743e-10
950.0 1.629434109341743e-10
951.0 1.629434109341743e-10
952.0 1.629434109341743e-10
953.0 1.629434109341743e-10
954.0 1.629434109341743e-10
955.0 6.561505756508268e-05
956.0 0.00018720837715591188
957.0 0.00015328834024330718
958.0 0.00011936823511859984
959.0 0.00012114342098357156
960.0 0.00012291861821722705
961.0 0.00018625743223310565
962.0 0.00024959624624898424
963.0 0.00011850222563225543
964.0 1.629434109341743e-10
965.0 1.629434109341743e-10
966.0 1.629434109341743e-10
967.0 1.629434109341743e-10
968.0 1.629434109341743e-10
969.0 1.629434109341743e-10
970.0 8.272367608697095e-05
971.0 1.503583177964174e-05
972.0 1.629434109341743e-10
973.0 1.629434109341743e-10
974.0 1.9923982463865286e-06
975.0 1.629434109341743e-10
976.0 1.629434109341743e-10
977.0 1.629434109341743e-10
978.0 1.629434109341743e-10
979.0 1.629434109341743e-10
980.0 1.629434109341743e-10
981.0 1.629434109341743e-10
982.0 1.629434109341743e-10
983.0 1.629434109341743e-10
984.0 5.842081662876808e-06
985.0 0.00015385503502329811
986.0 0.0003018679763044929
987.0 5.195747121433669e-05
988.0 1.629434109341743e-10
989.0 1.629434109341743e-10
990.0 1.629434109341743e-10
991.0 1.629434109341743e-10
992.0 1.629434109341743e-10
993.0 1.629434109341743e-10
994.0 3.8258389167822315e-05
995.0 1.629434109341743e-10
996.0 1.629434109341743e-10
997.0 0.00010396154266345548
998.0 0.0003474082632237696
999.0 0.00037485531265701866
1000.0 0.00040230233935290016
1001.0 0.00024931282496254425
1002.0 9.632327646613703e-05
1003.0 8.995372695608239e-05
1004.0 8.358420586773718e-05
1005.0 1.629434109341743e-10
1006.0 1.629434109341743e-10
1007.0 1.629434109341743e-10
1008.0 5.9982744460285176e-05
1009.0 1.629434109341743e-10
1010.0 1.629434109341743e-10
1011.0 7.598144975418109e-05
1012.0 0.00022360798084264388
1013.0 0.00038254529499681666
1014.0 0.000541482631888357
1015.0 0.0004177065875410335
1016.0 0.00029393061140581267
1017.0 0.00038751431929995306
1018.0 0.00048109814088093117
1019.0 0.00035230943922215374
1020.0 0.00022352066935127368
1021.0 0.00021806008589919657
1022.0 0.00021259950244711945
1023.0 0.0005388475528889103
1024.0 0.0008650957170175388
1025.0 0.0006756087714165915
1026.0 0.0004861218258156441
1027.0 0.00042479541662032716
1028.0 0.00036346891647554
1029.0 0.0007782498869346455
1030.0 0.001193030857393751
1031.0 0.0017814581951824948
1032.0 0.002369885078223888
1033.0 0.0025453644411754794
1034.0 0.0027208430765313096
1035.0 0.003208888301742263
1036.0 0.0036969333450542763
1037.0 0.00382307443942409
1038.0 0.003949215169996023
1039.0 0.003252391252317466
1040.0 0.002555567698436789
1041.0 0.0021572817786363885
1042.0 0.0017589956769370474
1043.0 0.0024564005798310973
1044.0 0.003153804937028326
1045.0 0.0034132935979869217
1046.0 0.003672782622743398
1047.0 0.0034091197449015453
1048.0 0.0031454568670596927
1049.0 0.002684207538550254
1050.0 0.002222958210040815
1051.0 0.0023193993911263533
1052.0 0.0024158407541108318
1053.0 0.0014932374142517801
1054.0 0.0005706339834432583
1055.0 0.0006473720986832632
1056.0 0.0007241100320243277
1057.0 0.0008272262675745878
1058.0 0.0009303426850237884
1059.0 0.0008471547516819555
1060.0 0.0007639671821380034
1061.0 0.0015648793123546056
1062.0 0.0023657912606722675
1063.0 0.002683679667825345
1064.0 0.003001567893079482
1065.0 0.003113853745162487
1066.0 0.0032261399610433728
1067.0 0.0040994091250468045
1068.0 0.004972677925252356
1069.0 0.003996431041741744
1070.0 0.0030201841582311317
1071.0 0.0028381684387568384
1072.0 0.002656152537383605
1073.0 0.002768672311503906
1074.0 0.0028811919037252665
1075.0 0.003160623600706458
1076.0 0.0034400552976876497
1077.0 0.002716182825679425
1078.0 0.001992309626075439
1079.0 0.002079399928334169
1080.0 0.0021664900486939587
1081.0 0.0012936404345964547
1082.0 0.00042079050217580516
1083.0 1.629434109341743e-10
1084.0 1.629434109341743e-10
1085.0 0.00015961703638822655
1086.0 0.0008363534107047599
1087.0 0.0007516620826208964
1088.0 0.0006669709364359733
1089.0 1.629434109341743e-10
1090.0 1.629434109341743e-10
1091.0 1.629434109341743e-10
1092.0 1.629434109341743e-10
1093.0 1.629434109341743e-10
1094.0 0.0006548284090968082
1095.0 0.0006211572781467112
1096.0 0.0005874863745702896
1097.0 1.629434109341743e-10
1098.0 1.629434109341743e-10
1099.0 1.629434109341743e-10
1100.0 1.629434109341743e-10
