lsstCam/transmission_filter_detector/r03_s21/i_39/19700101T000000.ecsv
# %ECSV 1.0
# ---
# datatype:
# - {name: wavelength, unit: nm, datatype: float32}
# - {name: efficiency, unit: '%', datatype: float64}
# meta: !!omap
# - {MODE: DETECTOR}
# - {TYPE: transmission_filter_detector}
# - {CALIBDATE: '1970-01-01T00:00:00'}
# - {INSTRUME: LSSTCam}
# - {OBSTYPE: transmission_filter_detector}
# - {CALIBCLS: lsst.ip.isr.IntermediateFilterDetectorTransmissionCurve}
# - {SOURCE: Materion (DM-46256)}
# - {DETECTOR: 25}
# - {FILTER: i_39}
# - {CALIB_ID: 'calibDate=1970-01-01T00:00:00 filter=i_39 detector=25'}
# - {DATE: '2025-04-02T15:59:46.595071'}
# - {CALIB_CREATION_DATE: '2025-04-02'}
# - {CALIB_CREATION_TIME: '15:59:46'}
# - __serialized_columns__:
#     efficiency:
#       __class__: astropy.units.quantity.Quantity
#       unit: !astropy.units.Unit {unit: '%'}
#       value: !astropy.table.SerializedColumn {name: efficiency}
#     wavelength:
#       __class__: astropy.units.quantity.Quantity
#       unit: !astropy.units.Unit {unit: nm}
#       value: !astropy.table.SerializedColumn {name: wavelength}
# schema: astropy-2.0
wavelength efficiency
300.0 0.07959890644997358
301.0 0.033076293766498566
302.0 1.629434109341743e-10
303.0 0.01828619570005685
304.0 0.050018675392493606
305.0 0.04179402312729508
306.0 0.03356937086209655
307.0 0.010153187031392008
308.0 1.629434109341743e-10
309.0 1.629434109341743e-10
310.0 1.629434109341743e-10
311.0 0.0006545581072714413
312.0 0.003132718484266661
313.0 0.0008731808520678896
314.0 1.629434109341743e-10
315.0 1.629434109341743e-10
316.0 1.629434109341743e-10
317.0 1.629434109341743e-10
318.0 1.629434109341743e-10
319.0 1.629434109341743e-10
320.0 1.629434109341743e-10
321.0 1.629434109341743e-10
322.0 0.0016027266610763036
323.0 1.629434109341743e-10
324.0 1.629434109341743e-10
325.0 1.629434109341743e-10
326.0 1.629434109341743e-10
327.0 0.0003980237579526147
328.0 0.004003121648565866
329.0 0.002813541686919052
330.0 0.0016239619071711786
331.0 0.0014699628991365898
332.0 0.001315964345849352
333.0 0.0012654318197746761
334.0 0.0012148994755989406
335.0 0.00035080063298664754
336.0 1.629434109341743e-10
337.0 0.001535537012387067
338.0 0.0035843717341776937
339.0 0.0034470409445930272
340.0 0.0033097105188062415
341.0 1.629434109341743e-10
342.0 1.629434109341743e-10
343.0 1.629434109341743e-10
344.0 1.629434109341743e-10
345.0 1.629434109341743e-10
346.0 1.629434109341743e-10
347.0 1.629434109341743e-10
348.0 1.629434109341743e-10
349.0 1.629434109341743e-10
350.0 1.629434109341743e-10
351.0 1.629434109341743e-10
352.0 0.00029265654575283406
353.0 1.629434109341743e-10
354.0 1.629434109341743e-10
355.0 1.629434109341743e-10
356.0 1.629434109341743e-10
357.0 0.0003078134113820852
358.0 0.0009280714039050508
359.0 0.001021326988848159
360.0 0.0011145819371449761
361.0 0.0009163202776107937
362.0 0.0007180586180766113
363.0 0.0005610930202237796
364.0 0.00040412764974462334
365.0 0.0013184291674406268
366.0 0.002232731094409246
367.0 0.0014208152606443036
368.0 0.0006088993814046262
369.0 0.0012832331776735373
370.0 0.0019575671103666537
371.0 0.001427491042704787
372.0 0.0008974149750429206
373.0 0.0008445127605227754
374.0 0.00079161045505316
375.0 0.00022769645511289127
376.0 1.629434109341743e-10
377.0 3.6724352980854746e-05
378.0 0.00040966651795315556
379.0 2.112249148922274e-05
380.0 1.629434109341743e-10
381.0 1.629434109341743e-10
382.0 1.629434109341743e-10
383.0 1.629434109341743e-10
384.0 0.0013905624655308202
385.0 0.0012090330528735649
386.0 0.0010275032764184289
387.0 2.1125553928413865e-05
388.0 1.629434109341743e-10
389.0 1.629434109341743e-10
390.0 1.629434109341743e-10
391.0 1.629434109341743e-10
392.0 1.629434109341743e-10
393.0 1.629434109341743e-10
394.0 0.000619552019998082
395.0 1.629434109341743e-10
396.0 1.629434109341743e-10
397.0 1.629434109341743e-10
398.0 1.629434109341743e-10
399.0 1.629434109341743e-10
400.0 6.738598585798172e-05
401.0 0.0009066860002349131
402.0 0.0017459846276324242
403.0 0.0021474939785548486
404.0 0.002549003329477273
405.0 0.004772378451889381
406.0 0.006995753210503608
407.0 0.0036439509131014347
408.0 0.0002921459781646263
409.0 0.00027416458578954916
410.0 0.0002561812152634957
411.0 0.002327098263776861
412.0 0.004398016244522296
413.0 0.004816781802219339
414.0 0.005235548451310024
415.0 0.004423243444762193
416.0 0.0036109384382143617
417.0 0.002261479130538646
418.0 0.0009120195500145201
419.0 0.0030269893613876775
420.0 0.005141958899912424
421.0 0.00446583580924198
422.0 0.0037897123547736555
423.0 0.004222343704896048
424.0 0.004654975418816321
425.0 0.0035496468626661226
426.0 0.0024443177608191036
427.0 0.0036453759094001725
428.0 0.0048464346036780626
429.0 0.00541204062756151
430.0 0.005977647379040718
431.0 0.004749362051370554
432.0 0.0035210774512961507
433.0 0.003915658453479409
434.0 0.004310239455662668
435.0 0.003574357833713293
436.0 0.0028384762117639184
437.0 0.002193849468312692
438.0 0.0015492229067604057
439.0 0.0021452033251989633
440.0 0.002741184289334342
441.0 0.001088345561583992
442.0 1.629434109341743e-10
443.0 1.629434109341743e-10
444.0 1.629434109341743e-10
445.0 1.629434109341743e-10
446.0 1.629434109341743e-10
447.0 0.00020525133095361525
448.0 0.0006122926606622059
449.0 1.629434109341743e-10
450.0 1.629434109341743e-10
451.0 1.629434109341743e-10
452.0 0.0008167652595147956
453.0 0.0017470631064497866
454.0 0.0026773614081321284
455.0 0.0024693506929907016
456.0 0.0022613401597482152
457.0 0.0015750270904391073
458.0 0.0008887139301805291
459.0 0.0004892843207926489
460.0 8.985483646029024e-05
461.0 0.00032957818802969996
462.0 0.0005693017556041013
463.0 0.0001797269874259655
464.0 1.629434109341743e-10
465.0 0.0001944164978340268
466.0 0.0005986806627333863
467.0 0.0006348142960632686
468.0 0.0006709478839184158
469.0 0.0004534309027803829
470.0 0.00023591396711708512
471.0 0.0006306904651864897
472.0 0.0010254670996800996
473.0 0.0011839256330858916
474.0 0.001342384439340094
475.0 0.0008389595677726902
476.0 0.0003355351054779021
477.0 0.0007830709364498034
478.0 0.0012306070857448503
479.0 0.0012509354746725876
480.0 0.0012712638636003248
481.0 0.0025083389118663035
482.0 0.003745412323041819
483.0 0.005058535316493362
484.0 0.006371657218551263
485.0 0.006521158502437174
486.0 0.006670659058727324
487.0 0.010029935947386548
488.0 0.013389212836045772
489.0 0.016703165601938963
490.0 0.02001711691264063
491.0 0.02232738770544529
492.0 0.024637658498249948
493.0 0.026861223159357905
494.0 0.029084787820465863
495.0 0.026400128263048828
496.0 0.0237154628848657
497.0 0.019341069855727255
498.0 0.014966673916205764
499.0 0.010589267185423523
500.0 0.006211861909832805
501.0 0.0046083507186267525
502.0 0.0030048404369154014
503.0 0.0024107343051582575
504.0 0.0018166278096032329
505.0 0.0017765123629942536
506.0 0.0017363970982842147
507.0 0.0018625303709995933
508.0 0.001988663279917091
509.0 0.0022673622879665345
510.0 0.002546060932218097
511.0 0.0019959961718996055
512.0 0.0014459315025305841
513.0 0.0016341222362825647
514.0 0.0018223128790850751
515.0 0.002439282434352208
516.0 0.003056252171518281
517.0 0.002478520582371857
518.0 0.001900788993225433
519.0 0.0020555517039611004
520.0 0.0022103145965957083
521.0 0.001893211083370261
522.0 0.0015761075701448135
523.0 0.0015663128579035401
524.0 0.0015565185094601475
525.0 0.0018993934645550326
526.0 0.0022422682377509773
527.0 0.0023960223188623786
528.0 0.0025497765818727203
529.0 0.0021798245143145323
530.0 0.0018098720829584636
531.0 0.0018974447812070139
532.0 0.0019850180251523852
533.0 0.001852137575042434
534.0 0.0017192573068314232
535.0 0.0016547657651244663
536.0 0.0015902738596196286
537.0 0.00230343339353567
538.0 0.0030165925636538304
539.0 0.0035959837987320498
540.0 0.00417537557950709
541.0 0.004868741234531626
542.0 0.005562107253354043
543.0 0.005117570617585443
544.0 0.004673033981816843
545.0 0.0039217600715346634
546.0 0.0031704865250503644
547.0 0.002494911677786149
548.0 0.001819337012420874
549.0 0.0019187371435691603
550.0 0.002018137638515327
551.0 0.0016297841284540482
552.0 0.0012414308912411798
553.0 0.0014741963241249323
554.0 0.001706961847958155
555.0 0.0013174550076655578
556.0 0.0009279481673729606
557.0 0.0008227895705203991
558.0 0.0007176311100920429
559.0 0.0002644657115524751
560.0 1.629434109341743e-10
561.0 0.0005693896582670277
562.0 0.0013274790944706183
563.0 0.0014901232134434395
564.0 0.0016527674233657308
565.0 0.0013099000170768704
566.0 0.0009670327017374802
567.0 0.0008862475624482613
568.0 0.0008054626050579827
569.0 0.0006688634584861575
570.0 0.0005322640845406568
571.0 0.00035815949104289757
572.0 0.00018405492028250592
573.0 0.0003829341494565597
574.0 0.0005818134468427161
575.0 0.0004141109911870444
576.0 0.00024640842184453504
577.0 0.000487764373247046
578.0 0.0007291203473869245
579.0 0.0003868172825605143
580.0 4.451431152574514e-05
581.0 0.00019354331470822217
582.0 0.0003425722979955026
583.0 0.0005003580554330256
584.0 0.0006581436991837109
585.0 0.0008443094884569291
586.0 0.0010304755051038228
587.0 0.0009502020475338213
588.0 0.0008699284080648795
589.0 0.0007023412763373926
590.0 0.0005347541446099058
591.0 0.0007722437658230774
592.0 0.0010097335689351894
593.0 0.0006013371148583246
594.0 0.0001929406153067248
595.0 0.00062480148699251
596.0 0.00105666222225409
597.0 0.000768297104514204
598.0 0.0004799320777237881
599.0 0.0005202339252718957
600.0 0.0005605356363957981
601.0 0.0004473721219255822
602.0 0.00033420853924326366
603.0 0.0003490173412501463
604.0 0.00036382602957019117
605.0 0.000288936303149967
606.0 0.0002140466222044779
607.0 0.000499261477671098
608.0 0.0007844762876629829
609.0 0.0005893436537007801
610.0 0.00039421079236490186
611.0 0.0006854933417344
612.0 0.0009767760275281034
613.0 0.0006623936769756256
614.0 0.00034801146284735296
615.0 3.53971131517028e-05
616.0 1.629434109341743e-10
617.0 1.629434109341743e-10
618.0 0.00016316133724103565
619.0 0.00029856275887141237
620.0 0.0004339642600825755
621.0 0.0005601918019237928
622.0 0.000686419298290275
623.0 0.0005578522632276872
624.0 0.0004292853191145696
625.0 0.0004504201115196338
626.0 0.0004715549493994331
627.0 0.0003429942807997577
628.0 0.00021443365767481737
629.0 0.0003517159484545118
630.0 0.0004889982847089414
631.0 0.0005085315933683887
632.0 0.0005280649020278361
633.0 0.0005067937763669761
634.0 0.000485522605231381
635.0 0.00040640943552716635
636.0 0.00032729610666137887
637.0 0.00034401602988509694
638.0 0.00036073577120987466
639.0 0.0006805545126553625
640.0 0.0010003731404140126
641.0 0.0006858076176285977
642.0 0.0003712420493684476
643.0 0.000601292686042143
644.0 0.0008313433681905735
645.0 0.0007761028427921701
646.0 0.000720862453817972
647.0 0.0008263841664302163
648.0 0.0009319063792645466
649.0 0.0007489154995710123
650.0 0.0005659246198774781
651.0 0.0007930449100967962
652.0 0.0010201653822150547
653.0 0.0012206557585159317
654.0 0.0014211460438673384
655.0 0.002016838698182255
656.0 0.0026125311705982313
657.0 0.0035746939829550683
658.0 0.004536855703918263
659.0 0.007087495032465085
660.0 0.05689089302904904
661.0 0.07456480525434017
662.0 0.08866235730238259
663.0 0.08919405518099666
664.0 0.1081167720258236
665.0 0.125968421343714
666.0 0.14504888094961643
667.0 0.17691379180178046
668.0 0.2205368597060442
669.0 0.19535112660378218
670.0 0.32802377827465534
671.0 0.5502347368746996
672.0 0.8239067159593105
673.0 1.3092347420752048
674.0 1.997818797826767
675.0 2.878960967063904
676.0 3.943411633372307
677.0 5.276899412274361
678.0 6.599549949169159
679.0 7.98865482211113
680.0 9.897299855947495
681.0 11.952512711286545
682.0 14.448606967926025
683.0 17.21070557832718
684.0 20.166847109794617
685.0 23.141512274742126
686.0 26.102522015571594
687.0 29.31324541568756
688.0 32.52350986003876
689.0 35.80924570560455
690.0 39.6348237991333
691.0 43.698713183403015
692.0 48.583269119262695
693.0 53.827738761901855
694.0 59.660351276397705
695.0 65.28032422065735
696.0 71.52938842773438
697.0 77.13102698326111
698.0 83.1114411354065
699.0 87.69585490226746
700.0 91.16181135177612
701.0 93.96358728408813
702.0 95.89643478393555
703.0 96.92713022232056
704.0 97.38017320632935
705.0 97.82682061195374
706.0 97.86895513534546
707.0 97.95122742652893
708.0 98.00752401351929
709.0 98.06767106056213
710.0 97.81267046928406
711.0 97.98909425735474
712.0 97.99279570579529
713.0 97.9587972164154
714.0 98.06538224220276
715.0 98.11261892318726
716.0 97.98092842102051
717.0 98.23818802833557
718.0 98.23480248451233
719.0 98.22269678115845
720.0 98.47419261932373
721.0 98.41443300247192
722.0 98.08831810951233
723.0 97.90256023406982
724.0 97.58332967758179
725.0 97.30199575424194
726.0 96.93750739097595
727.0 96.71786427497864
728.0 96.46817445755005
729.0 96.27088904380798
730.0 96.2750256061554
731.0 96.36562466621399
732.0 96.3273823261261
733.0 96.57589793205261
734.0 96.93518877029419
735.0 97.17578291893005
736.0 97.50786423683167
737.0 97.90820479393005
738.0 98.20166826248169
739.0 98.54651689529419
740.0 98.67211580276489
741.0 98.57067465782166
742.0 98.87617826461792
743.0 98.73160123825073
744.0 98.56890439987183
745.0 98.58351945877075
746.0 98.58717918395996
747.0 98.76232147216797
748.0 98.67702126502991
749.0 98.56202602386475
750.0 98.58720898628235
751.0 98.50159287452698
752.0 98.3910322189331
753.0 98.5461950302124
754.0 98.47408533096313
755.0 98.64663481712341
756.0 98.62316250801086
757.0 98.6337661743164
758.0 98.7389087677002
759.0 98.8076388835907
760.0 98.70668649673462
761.0 98.61779808998108
762.0 98.72891306877136
763.0 98.66475462913513
764.0 98.53352308273315
765.0 98.45805764198303
766.0 98.55773448944092
767.0 98.34176301956177
768.0 98.4083890914917
769.0 98.4325647354126
770.0 98.09758067131042
771.0 98.18698763847351
772.0 98.13752770423889
773.0 98.06636571884155
774.0 97.94830083847046
775.0 97.94900417327881
776.0 97.89927005767822
777.0 97.91837334632874
778.0 97.90657758712769
779.0 98.0435311794281
780.0 97.88824319839478
781.0 98.22429418563843
782.0 98.06260466575623
783.0 98.07028770446777
784.0 98.0850338935852
785.0 98.28763604164124
786.0 98.45370054244995
787.0 98.20504188537598
788.0 98.27708005905151
789.0 98.30101728439331
790.0 98.32554459571838
791.0 98.32329154014587
792.0 98.17208051681519
793.0 98.15216660499573
794.0 98.11517596244812
795.0 98.07549118995667
796.0 97.98136353492737
797.0 98.01526069641113
798.0 97.95355200767517
799.0 97.8590726852417
800.0 97.73722290992737
801.0 97.70349264144897
802.0 97.57875800132751
803.0 97.37721681594849
804.0 97.19963073730469
805.0 96.77838683128357
806.0 96.43685221672058
807.0 95.5449640750885
808.0 94.68250274658203
809.0 93.57469081878662
810.0 92.14508533477783
811.0 90.43441414833069
812.0 88.17116618156433
813.0 85.58992743492126
814.0 82.47057795524597
815.0 78.96227240562439
816.0 75.2791166305542
817.0 70.91715335845947
818.0 65.98421335220337
819.0 61.648279428482056
820.0 56.646984815597534
821.0 52.119892835617065
822.0 47.61183559894562
823.0 43.10453236103058
824.0 38.52048218250275
825.0 34.27386283874512
826.0 29.874423146247864
827.0 25.33242404460907
828.0 21.158979833126068
829.0 16.99855923652649
830.0 12.831762433052063
831.0 9.63086113333702
832.0 6.540501117706299
833.0 4.275219142436981
834.0 2.6524903252720833
835.0 1.5625476837158203
836.0 0.9422476403415203
837.0 0.4933593329042196
838.0 0.28956651221960783
839.0 0.1970831537619233
840.0 0.10145646519958973
841.0 0.05723326466977596
842.0 0.033727282425388694
843.0 1.629434109341743e-10
844.0 0.0014509251741401386
845.0 1.629434109341743e-10
846.0 1.629434109341743e-10
847.0 1.629434109341743e-10
848.0 1.629434109341743e-10
849.0 1.629434109341743e-10
850.0 1.629434109341743e-10
851.0 1.629434109341743e-10
852.0 0.0009100776878767647
853.0 0.0009505681191512849
854.0 0.0009910587323247455
855.0 0.0006999005563557148
856.0 0.0004087424258614192
857.0 0.0006995720468694344
858.0 0.000990401349554304
859.0 0.000669887640469824
860.0 0.0003493737722237711
861.0 0.00036432284105103463
862.0 0.00037927184166619554
863.0 0.00019568055904528592
864.0 1.2089309109342139e-05
865.0 4.587370483477571e-05
866.0 7.965803661136306e-05
867.0 0.00013754838619206566
868.0 0.0001954386789293494
869.0 1.629434109341743e-10
870.0 1.629434109341743e-10
871.0 1.629434109341743e-10
872.0 0.00013421273479252704
873.0 9.801455007618642e-05
874.0 6.181630851642694e-05
875.0 0.00011887110531461076
876.0 0.00017592590211279457
877.0 1.629434109341743e-10
878.0 1.629434109341743e-10
879.0 1.629434109341743e-10
880.0 0.00035386181025387486
881.0 0.0001840781237660849
882.0 1.4294458594577009e-05
883.0 0.00017680054043012206
884.0 0.0003393066663193167
885.0 0.00014578438367607305
886.0 1.629434109341743e-10
887.0 4.453560222827946e-05
888.0 0.00013680910342372954
889.0 2.562482279699907e-05
890.0 1.629434109341743e-10
891.0 5.711431185773108e-05
892.0 0.00019978804175480036
893.0 0.0002159219548047986
894.0 0.00023205586785479682
895.0 1.629434109341743e-10
896.0 1.629434109341743e-10
897.0 1.629434109341743e-10
