lsstcam/qe_curve/r20_s10/19700101T000000.ecsv
# %ECSV 0.9
# ---
# datatype:
# - {name: amp_name, datatype: string}
# - {name: wavelength, unit: nm, datatype: float32}
# - {name: efficiency, unit: '%', datatype: float32}
# meta: !!omap
# - {MODE: AMP}
# - {TYPE: QE}
# - {CALIBDATE: '1970-01-01T00:00:00'}
# - {INSTRUME: LSSTCAM}
# - {OBSTYPE: qe_curve}
# - {DETECTOR: 75}
# - {PICKLEFILE: RaftRun10928.p}
# - {CALIB_ID: 'raftName=R20 detectorName=S10 detector=75 calibDate=1970-01-01T00:00:00 ccd=75 ccdnum=75 filter=None'}
# - {DATE: '2020-01-10T16:30:42.103088'}
# - {CALIB_CREATION_DATE: '2020-01-10'}
# - {CALIB_CREATION_TIME: '16:30:42'}
# - __serialized_columns__:
#     efficiency:
#       __class__: astropy.units.quantity.Quantity
#       unit: !astropy.units.Unit {unit: '%'}
#       value: !astropy.table.SerializedColumn {name: efficiency}
#     wavelength:
#       __class__: astropy.units.quantity.Quantity
#       unit: !astropy.units.Unit {unit: nm}
#       value: !astropy.table.SerializedColumn {name: wavelength}
# schema: astropy-2.0
amp_name wavelength efficiency
C02 319.994 44.478718
C02 324.969 44.276417
C02 349.982 46.29562
C02 374.975 59.736115
C02 400.019 77.43252
C02 424.965 84.448105
C02 450.035 86.25445
C02 475.003 86.54902
C02 500.018 86.14691
C02 525.002 85.66246
C02 550.029 85.97919
C02 575.023 86.94161
C02 599.982 88.17124
C02 619.997 89.06931
C02 624.979 89.45023
C02 650.012 90.64387
C02 675.004 92.234375
C02 700.03 93.2582
C02 725.012 94.43987
C02 750.022 95.9448
C02 774.987 97.342094
C02 799.976 98.17893
C02 824.988 98.02348
C02 850.022 97.31
C02 869.967 95.07532
C02 875.002 93.99758
C02 899.999 87.96233
C02 919.999 79.57502
C02 925.012 76.77649
C02 949.965 63.197613
C02 975.002 48.73893
C02 999.976 31.679148
C02 1025.028 15.25805
C02 1050.014 6.1598744
C02 1075.002 3.4131649
C02 1099.99 2.285519
C00 319.994 44.298134
C00 324.969 44.215397
C00 349.982 46.698193
C00 374.975 60.493526
C00 400.019 77.986115
C00 424.965 84.62952
C00 450.035 86.225464
C00 475.003 86.43807
C00 500.018 86.01837
C00 525.002 85.566055
C00 550.029 85.90417
C00 575.023 86.90176
C00 599.982 88.218666
C00 619.997 89.12228
C00 624.979 89.512115
C00 650.012 90.737816
C00 675.004 92.33443
C00 700.03 93.37766
C00 725.012 94.43791
C00 750.022 95.86059
C00 774.987 97.08324
C00 799.976 97.86081
C00 824.988 97.68368
C00 850.022 96.97505
C00 869.967 94.83994
C00 875.002 93.801926
C00 899.999 87.70478
C00 919.999 79.39835
C00 925.012 76.61519
C00 949.965 63.07487
C00 975.002 48.51372
C00 999.976 31.561308
C00 1025.028 15.253037
C00 1050.014 6.1897845
C00 1075.002 3.4409416
C00 1099.99 2.317397
C04 319.994 44.866558
C04 324.969 44.540127
C04 349.982 46.070824
C04 374.975 59.23635
C04 400.019 77.20199
C04 424.965 84.61329
C04 450.035 86.67837
C04 475.003 87.062
C04 500.018 86.631096
C04 525.002 86.08372
C04 550.029 86.333374
C04 575.023 87.23597
C04 599.982 88.433784
C04 619.997 89.308334
C04 624.979 89.68577
C04 650.012 90.86817
C04 675.004 92.45281
C04 700.03 93.47742
C04 725.012 94.636734
C04 750.022 96.12528
C04 774.987 97.49429
C04 799.976 98.33954
C04 824.988 98.20287
C04 850.022 97.46333
C04 869.967 95.17286
C04 875.002 94.08111
C04 899.999 88.06411
C04 919.999 79.785416
C04 925.012 76.99675
C04 949.965 63.271576
C04 975.002 48.717735
C04 999.976 31.724754
C04 1025.028 15.318785
C04 1050.014 6.1764445
C04 1075.002 3.4089577
C04 1099.99 2.2866871
C14 319.994 44.69632
C14 324.969 44.3913
C14 349.982 45.992867
C14 374.975 59.140186
C14 400.019 76.95692
C14 424.965 84.250496
C14 450.035 86.227234
C14 475.003 86.51232
C14 500.018 86.05383
C14 525.002 85.53478
C14 550.029 85.82098
C14 575.023 86.76866
C14 599.982 88.0095
C14 619.997 88.902534
C14 624.979 89.28277
C14 650.012 90.48362
C14 675.004 92.07679
C14 700.03 93.12515
C14 725.012 94.31407
C14 750.022 95.84563
C14 774.987 97.2428
C14 799.976 98.12215
C14 824.988 98.02432
C14 850.022 97.30699
C14 869.967 94.93334
C14 875.002 93.82223
C14 899.999 88.1008
C14 919.999 80.351845
C14 925.012 77.73094
C14 949.965 64.486565
C14 975.002 49.257828
C14 999.976 32.334057
C14 1025.028 15.658331
C14 1050.014 6.2635913
C14 1075.002 3.3663397
C14 1099.99 2.3120327
C07 319.994 44.987125
C07 324.969 44.50706
C07 349.982 45.42082
C07 374.975 58.141823
C07 400.019 76.29923
C07 424.965 84.16966
C07 450.035 86.548706
C07 475.003 87.03586
C07 500.018 86.5978
C07 525.002 85.980606
C07 550.029 86.15766
C07 575.023 87.024216
C07 599.982 88.184364
C07 619.997 89.030785
C07 624.979 89.40497
C07 650.012 90.55893
C07 675.004 92.12932
C07 700.03 93.12033
C07 725.012 94.207634
C07 750.022 95.6124
C07 774.987 96.89774
C07 799.976 97.72489
C07 824.988 97.65178
C07 850.022 96.91958
C07 869.967 94.60712
C07 875.002 93.515495
C07 899.999 87.659676
C07 919.999 79.66459
C07 925.012 76.95579
C07 949.965 63.19048
C07 975.002 48.469685
C07 999.976 31.725956
C07 1025.028 15.397593
C07 1050.014 6.2296576
C07 1075.002 3.3969195
C07 1099.99 2.2824967
C03 319.994 44.645065
C03 324.969 44.377644
C03 349.982 46.152542
C03 374.975 59.438145
C03 400.019 77.259026
C03 424.965 84.46816
C03 450.035 86.38483
C03 475.003 86.70446
C03 500.018 86.282074
C03 525.002 85.76917
C03 550.029 86.05493
C03 575.023 86.995605
C03 599.982 88.21693
C03 619.997 89.10939
C03 624.979 89.48998
C03 650.012 90.68447
C03 675.004 92.2744
C03 700.03 93.29867
C03 725.012 94.478035
C03 750.022 95.98272
C03 774.987 97.377174
C03 799.976 98.21891
C03 824.988 98.07361
C03 850.022 97.34781
C03 869.967 95.07384
C03 875.002 93.98485
C03 899.999 87.96445
C03 919.999 79.64762
C03 925.012 76.85288
C03 949.965 63.2224
C03 975.002 48.726837
C03 999.976 31.69011
C03 1025.028 15.274457
C03 1050.014 6.1574078
C03 1075.002 3.3989563
C03 1099.99 2.2811134
C01 319.994 44.342754
C01 324.969 44.205086
C01 349.982 46.500523
C01 374.975 60.124153
C01 400.019 77.735565
C01 424.965 84.57975
C01 450.035 86.265625
C01 475.003 86.52508
C01 500.018 86.133804
C01 525.002 85.67886
C01 550.029 86.01921
C01 575.023 87.01522
C01 599.982 88.25884
C01 619.997 89.17712
C01 624.979 89.560486
C01 650.012 90.76249
C01 675.004 92.361984
C01 700.03 93.36862
C01 725.012 94.53572
C01 750.022 96.00348
C01 774.987 97.376884
C01 799.976 98.192375
C01 824.988 98.02994
C01 850.022 97.32316
C01 869.967 95.12964
C01 875.002 94.05264
C01 899.999 88.01049
C01 919.999 79.56579
C01 925.012 76.75911
C01 949.965 63.20261
C01 975.002 48.762104
C01 999.976 31.672663
C01 1025.028 15.238504
C01 1050.014 6.157055
C01 1075.002 3.4212272
C01 1099.99 2.292024
C05 319.994 45.006596
C05 324.969 44.62505
C05 349.982 45.93657
C05 374.975 58.974625
C05 400.019 77.04898
C05 424.965 84.6488
C05 450.035 86.8453
C05 475.003 87.28589
C05 500.018 86.85437
C05 525.002 86.281006
C05 550.029 86.48339
C05 575.023 87.35124
C05 599.982 88.51628
C05 619.997 89.37684
C05 624.979 89.75264
C05 650.012 90.91976
C05 675.004 92.49771
C05 700.03 93.51038
C05 725.012 94.647095
C05 750.022 96.10573
C05 774.987 97.45095
C05 799.976 98.28732
C05 824.988 98.16433
C05 850.022 97.41417
C05 869.967 95.110725
C05 875.002 94.01802
C05 899.999 88.02153
C05 919.999 79.78978
C05 925.012 77.01925
C05 949.965 63.216705
C05 975.002 48.600708
C05 999.976 31.695736
C05 1025.028 15.328753
C05 1050.014 6.187251
C05 1075.002 3.4143925
C05 1099.99 2.2868001
C15 319.994 44.373825
C15 324.969 44.16584
C15 349.982 46.160496
C15 374.975 59.5572
C15 400.019 77.23108
C15 424.965 84.23318
C15 450.035 86.02797
C15 475.003 86.2911
C15 500.018 85.86042
C15 525.002 85.380196
C15 550.029 85.70095
C15 575.023 86.68589
C15 599.982 87.94473
C15 619.997 88.85505
C15 624.979 89.238686
C15 650.012 90.445885
C15 675.004 92.044304
C15 700.03 93.08989
C15 725.012 94.28379
C15 750.022 95.81359
C15 774.987 97.21465
C15 799.976 98.07887
C15 824.988 97.95923
C15 850.022 97.23273
C15 869.967 94.92525
C15 875.002 93.836586
C15 899.999 88.17251
C15 919.999 80.35841
C15 925.012 77.69022
C15 949.965 64.25531
C15 975.002 49.262142
C15 999.976 32.299747
C15 1025.028 15.606866
C15 1050.014 6.2347584
C15 1075.002 3.3661351
C15 1099.99 2.3139083
C17 319.994 44.45792
C17 324.969 44.402943
C17 349.982 47.01296
C17 374.975 60.903614
C17 400.019 78.45411
C17 424.965 85.052055
C17 450.035 86.56045
C17 475.003 86.728004
C17 500.018 86.31359
C17 525.002 85.87089
C17 550.029 86.23061
C17 575.023 87.2914
C17 599.982 88.61334
C17 619.997 89.587006
C17 624.979 89.98573
C17 650.012 91.24317
C17 675.004 92.87773
C17 700.03 93.89156
C17 725.012 95.02511
C17 750.022 96.43367
C17 774.987 97.74067
C17 799.976 98.53837
C17 824.988 98.38984
C17 850.022 97.631424
C17 869.967 95.426346
C17 875.002 94.35606
C17 899.999 88.82665
C17 919.999 80.88631
C17 925.012 78.09546
C17 949.965 64.35728
C17 975.002 49.572628
C17 999.976 32.251514
C17 1025.028 15.602636
C17 1050.014 6.2531605
C17 1075.002 3.3919985
C17 1099.99 2.33445
C10 319.994 44.942547
C10 324.969 44.44678
C10 349.982 45.262985
C10 374.975 57.863884
C10 400.019 75.96739
C10 424.965 83.846855
C10 450.035 86.192894
C10 475.003 86.579185
C10 500.018 86.08548
C10 525.002 85.452805
C10 550.029 85.615746
C10 575.023 86.5225
C10 599.982 87.76404
C10 619.997 88.663086
C10 624.979 89.046715
C10 650.012 90.25076
C10 675.004 91.8506
C10 700.03 92.86893
C10 725.012 93.973335
C10 750.022 95.39793
C10 774.987 96.69589
C10 799.976 97.546844
C10 824.988 97.527466
C10 850.022 96.8515
C10 869.967 94.46309
C10 875.002 93.33494
C10 899.999 87.72334
C10 919.999 80.31589
C10 925.012 77.74507
C10 949.965 64.427216
C10 975.002 49.334915
C10 999.976 32.300625
C10 1025.028 15.684632
C10 1050.014 6.266733
C10 1075.002 3.3804395
C10 1099.99 2.3144197
C16 319.994 44.158833
C16 324.969 44.02847
C16 349.982 46.341347
C16 374.975 59.946796
C16 400.019 77.52208
C16 424.965 84.31774
C16 450.035 85.98643
C16 475.003 86.23207
C16 500.018 85.8276
C16 525.002 85.38182
C16 550.029 85.72992
C16 575.023 86.743576
C16 599.982 88.01139
C16 619.997 88.93555
C16 624.979 89.32286
C16 650.012 90.536606
C16 675.004 92.13781
C16 700.03 93.16533
C16 725.012 94.343475
C16 750.022 95.834
C16 774.987 97.21208
C16 799.976 98.05155
C16 824.988 97.91531
C16 850.022 97.17647
C16 869.967 94.938354
C16 875.002 93.864296
C16 899.999 88.250854
C16 919.999 80.36227
C16 925.012 77.64779
C16 949.965 64.03752
C16 975.002 49.223816
C16 999.976 32.219955
C16 1025.028 15.541963
C16 1050.014 6.204356
C16 1075.002 3.3582706
C16 1099.99 2.3129153
C13 319.994 44.745583
C13 324.969 44.37397
C13 349.982 45.69671
C13 374.975 58.626278
C13 400.019 76.50054
C13 424.965 83.99177
C13 450.035 86.11158
C13 475.003 86.45299
C13 500.018 85.99223
C13 525.002 85.438034
C13 550.029 85.68531
C13 575.023 86.59197
C13 599.982 87.80935
C13 619.997 88.67226
C13 624.979 89.04952
C13 650.012 90.23175
C13 675.004 91.81247
C13 700.03 92.85376
C13 725.012 94.01054
C13 750.022 95.52602
C13 774.987 96.892715
C13 799.976 97.76087
C13 824.988 97.68767
C13 850.022 96.98168
C13 869.967 94.59321
C13 875.002 93.489426
C13 899.999 87.79503
C13 919.999 80.127205
C13 925.012 77.5382
C13 949.965 64.361626
C13 975.002 49.10429
C13 999.976 32.260975
C13 1025.028 15.642177
C13 1050.014 6.2631803
C13 1075.002 3.3623927
C13 1099.99 2.3062036
C12 319.994 44.84579
C12 324.969 44.419415
C12 349.982 45.54025
C12 374.975 58.333454
C12 400.019 76.292854
C12 424.965 83.94744
C12 450.035 86.17482
C12 475.003 86.55588
C12 500.018 86.090805
C12 525.002 85.5097
C12 550.029 85.72904
C12 575.023 86.61763
C12 599.982 87.81686
C12 619.997 88.680786
C12 624.979 89.05656
C12 650.012 90.23523
C12 675.004 91.81626
C12 700.03 92.83865
C12 725.012 93.976006
C12 750.022 95.45518
C12 774.987 96.80253
C12 799.976 97.662384
C12 824.988 97.608
C12 850.022 96.90354
C12 869.967 94.53902
C12 875.002 93.4377
C12 899.999 87.80436
C12 919.999 80.20253
C12 925.012 77.60939
C12 949.965 64.31189
C12 975.002 49.134666
C12 999.976 32.278004
C12 1025.028 15.650034
C12 1050.014 6.2695093
C12 1075.002 3.3751273
C12 1099.99 2.3106523
C11 319.994 44.93215
C11 324.969 44.477345
C11 349.982 45.478725
C11 374.975 58.206734
C11 400.019 76.2351
C11 424.965 83.97765
C11 450.035 86.24146
C11 475.003 86.62839
C11 500.018 86.15422
C11 525.002 85.54488
C11 550.029 85.737236
C11 575.023 86.63215
C11 599.982 87.83707
C11 619.997 88.71782
C11 624.979 89.096405
C11 650.012 90.28299
C11 675.004 91.8721
C11 700.03 92.878815
C11 725.012 94.001686
C11 750.022 95.44141
C11 774.987 96.77076
C11 799.976 97.61832
C11 824.988 97.583824
C11 850.022 96.882385
C11 869.967 94.52873
C11 875.002 93.425095
C11 899.999 87.8563
C11 919.999 80.30275
C11 925.012 77.711395
C11 949.965 64.34154
C11 975.002 49.20167
C11 999.976 32.313763
C11 1025.028 15.681131
C11 1050.014 6.294242
C11 1075.002 3.3954687
C11 1099.99 2.3211591
C06 319.994 45.086784
C06 324.969 44.646595
C06 349.982 45.736088
C06 374.975 58.612846
C06 400.019 76.75061
C06 424.965 84.51208
C06 450.035 86.83206
C06 475.003 87.31553
C06 500.018 86.88677
C06 525.002 86.29269
C06 550.029 86.48174
C06 575.023 87.33451
C06 599.982 88.47238
C06 619.997 89.31645
C06 624.979 89.68401
C06 650.012 90.83471
C06 675.004 92.39565
C06 700.03 93.39104
C06 725.012 94.50183
C06 750.022 95.920334
C06 774.987 97.23345
C06 799.976 98.065384
C06 824.988 97.95813
C06 850.022 97.20736
C06 869.967 94.89853
C06 875.002 93.806305
C06 899.999 87.859764
C06 919.999 79.71304
C06 925.012 76.95884
C06 949.965 63.13004
C06 975.002 48.47567
C06 999.976 31.650679
C06 1025.028 15.328762
C06 1050.014 6.200338
C06 1075.002 3.414335
C06 1099.99 2.286067
