lsstCam/transmission_filter_detector/r13_s11/y_10/19700101T000000.ecsv
# %ECSV 1.0
# ---
# datatype:
# - {name: wavelength, unit: nm, datatype: float32}
# - {name: efficiency, unit: '%', datatype: float64}
# meta: !!omap
# - {MODE: DETECTOR}
# - {TYPE: transmission_filter_detector}
# - {CALIBDATE: '1970-01-01T00:00:00'}
# - {INSTRUME: LSSTCam}
# - {OBSTYPE: transmission_filter_detector}
# - {CALIBCLS: lsst.ip.isr.IntermediateFilterDetectorTransmissionCurve}
# - {SOURCE: Materion (DM-46256)}
# - {DETECTOR: 58}
# - {FILTER: y_10}
# - {CALIB_ID: 'calibDate=1970-01-01T00:00:00 filter=y_10 detector=58'}
# - {DATE: '2025-04-02T15:59:51.010337'}
# - {CALIB_CREATION_DATE: '2025-04-02'}
# - {CALIB_CREATION_TIME: '15:59:51'}
# - __serialized_columns__:
#     efficiency:
#       __class__: astropy.units.quantity.Quantity
#       unit: !astropy.units.Unit {unit: '%'}
#       value: !astropy.table.SerializedColumn {name: efficiency}
#     wavelength:
#       __class__: astropy.units.quantity.Quantity
#       unit: !astropy.units.Unit {unit: nm}
#       value: !astropy.table.SerializedColumn {name: wavelength}
# schema: astropy-2.0
wavelength efficiency
300.0 0.5389712750911713
301.0 0.2915272722020745
302.0 0.04408323729876429
303.0 0.035544580896385014
304.0 0.02700593031477183
305.0 0.016761061851866543
306.0 0.00651619047857821
307.0 0.014841411029919982
308.0 0.023166627215687186
309.0 0.017168131307698786
310.0 0.011169632489327341
311.0 0.01005338053801097
312.0 0.008937127131503075
313.0 0.007634513167431578
314.0 0.006331899203360081
315.0 0.005848478394909762
316.0 0.00536506122443825
317.0 0.005352970038075
318.0 0.005340875577530824
319.0 0.002613180004118476
320.0 1.596398577566327e-10
321.0 0.0019302282453281805
322.0 0.003974973878939636
323.0 0.0032590342016192153
324.0 0.002543094342399854
325.0 0.001402700763719622
326.0 0.00026230686671624426
327.0 0.0011495774742797948
328.0 0.00203684794541914
329.0 0.0034076587326126173
330.0 0.004778469156008214
331.0 0.004262425136403181
332.0 0.003746380389202386
333.0 0.0028948175895493478
334.0 0.002043254062300548
335.0 0.0019021057596546598
336.0 0.0017609578208066523
337.0 0.002378015597059857
338.0 0.002995072827616241
339.0 0.0014310905498859938
340.0 1.596398577566327e-10
341.0 1.596398577566327e-10
342.0 1.596398577566327e-10
343.0 0.00040823351810104214
344.0 0.0010755386028904468
345.0 0.00139675930768135
346.0 0.0017179805581690744
347.0 0.0016947522453847341
348.0 0.0016715235688025132
349.0 0.0013902855243941303
350.0 0.0011090470252383966
351.0 0.001496695949754212
352.0 0.0018843442376237363
353.0 0.0014881861716276035
354.0 0.0010920279237325303
355.0 0.0011580079444684088
356.0 0.0012239879652042873
357.0 0.0010884451512538362
358.0 0.0009529020644549746
359.0 0.0010096435289597139
360.0 0.0010663852663128637
361.0 0.001412829169566976
362.0 0.0017592730728210881
363.0 0.0013457748536893632
364.0 0.000932276452658698
365.0 0.001254041308129672
366.0 0.0015758068911964074
367.0 0.002110339846694842
368.0 0.0026448728021932766
369.0 0.002188031612604391
370.0 0.0017311907868133858
371.0 0.001630167207622435
372.0 0.0015291432646336034
373.0 0.0019802842871285975
374.0 0.0024314253096235916
375.0 0.003311474938527681
376.0 0.004191524931229651
377.0 0.004215702210785821
378.0 0.0042398791265441105
379.0 0.0036676883610198274
380.0 0.0030954972316976637
381.0 0.0021721640223404393
382.0 0.0012488306310842745
383.0 0.0012002582479908597
384.0 0.0011516855920490343
385.0 0.0008669729140819982
386.0 0.0005822601451654918
387.0 0.0006651869625784457
388.0 0.0007481138709408697
389.0 0.0005630321538774297
390.0 0.0003779505505008274
391.0 0.0004839309440285433
392.0 0.0005899114057683619
393.0 0.0005814643373014405
394.0 0.0005730173597839894
395.0 0.0005199133283895208
396.0 0.0004668093424697872
397.0 0.0007207821454358054
398.0 0.0009747548574523535
399.0 0.001259333294001408
400.0 0.0015439118214999326
401.0 0.0016634861822240055
402.0 0.0017830607248470187
403.0 0.0018311087842448615
404.0 0.0018791566617437638
405.0 0.0018235883544548415
406.0 0.0017680204109637998
407.0 0.001468947721150471
408.0 0.0011698753041855525
409.0 0.0009422596122021787
410.0 0.0007146436473703943
411.0 0.000760185730541707
412.0 0.0008057279046624899
413.0 0.001153737866843585
414.0 0.0015017476471257396
415.0 0.00203220533876447
416.0 0.002562663212302141
417.0 0.0012940974556840956
418.0 2.5531571168357914e-05
419.0 1.596398577566327e-10
420.0 1.596398577566327e-10
421.0 0.0001924097205119324
422.0 0.0011481895853648894
423.0 0.0010232931344944518
424.0 0.0008983964107756037
425.0 0.00020034276531077921
426.0 1.596398577566327e-10
427.0 1.596398577566327e-10
428.0 1.596398577566327e-10
429.0 1.596398577566327e-10
430.0 1.596398577566327e-10
431.0 7.888742743489274e-05
432.0 0.0010436339834996033
433.0 0.0007729609023954254
434.0 0.0005022884124628035
435.0 1.596398577566327e-10
436.0 1.596398577566327e-10
437.0 1.596398577566327e-10
438.0 9.233811937292558e-07
439.0 1.596398577566327e-10
440.0 1.596398577566327e-10
441.0 1.596398577566327e-10
442.0 1.596398577566327e-10
443.0 1.596398577566327e-10
444.0 0.00043734780774684623
445.0 0.00035480607039062306
446.0 0.0002722642875596648
447.0 0.0006864779606985394
448.0 0.001100691679312149
449.0 0.0008965671440819278
450.0 0.0006924425633769715
451.0 0.000352912843482045
452.0 1.3383233010699769e-05
453.0 1.596398577566327e-10
454.0 1.596398577566327e-10
455.0 1.596398577566327e-10
456.0 3.769984289192507e-05
457.0 0.00011600585594351287
458.0 0.00019431181499385275
459.0 0.0002822104306687834
460.0 0.00037010902360634645
461.0 0.0003630790388342575
462.0 0.0003560490540621686
463.0 0.0005225469976721797
464.0 0.0006890450094942935
465.0 0.0006242922154342523
466.0 0.0005595394668489462
467.0 0.0010640130312822293
468.0 0.0015684865502407774
469.0 0.0016801766832941212
470.0 0.0017918664525495842
471.0 0.0016795762348920107
472.0 0.0015672860172344372
473.0 0.001979747867153492
474.0 0.0023922097170725465
475.0 0.0024919165298342705
476.0 0.002591623524494935
477.0 0.0031146835681283846
478.0 0.003637743793660775
479.0 0.0042943458538502455
480.0 0.004950947550241835
481.0 0.0048980993597069755
482.0 0.004845251169172116
483.0 0.00419853167841211
484.0 0.0035518121876521036
485.0 0.0038545877032447606
486.0 0.004157362855039537
487.0 0.003489459049887955
488.0 0.0028215546990395524
489.0 0.002559521635703277
490.0 0.0022974892999627627
491.0 0.0019386865460546687
492.0 0.0015798837921465747
493.0 0.0011809819625341333
494.0 0.0007820805876690429
495.0 0.0010957087397400755
496.0 0.0014093370737100486
497.0 0.0019243903807364404
498.0 0.0024394443244091235
499.0 0.0024264923922601156
500.0 0.0024135404601111077
501.0 0.002559835775173269
502.0 0.0027061314540333115
503.0 0.002864501584554091
504.0 0.00302287135127699
505.0 0.0034139320632675663
506.0 0.003804992957157083
507.0 0.0028636035494855605
508.0 0.001922213596117217
509.0 0.00198778543563094
510.0 0.0020533570932457224
511.0 0.0020910398234263994
512.0 0.002128722371708136
513.0 0.0019362456441740505
514.0 0.0017437690985389054
515.0 0.0016364398106816225
516.0 0.0015291103409253992
517.0 0.0015080991033755708
518.0 0.0014870874110783916
519.0 0.0014967060451454017
520.0 0.0015063243154145312
521.0 0.0017261063476325944
522.0 0.0019458881070022471
523.0 0.0017092124835471623
524.0 0.0014725368600920774
525.0 0.0021243315131869167
526.0 0.0027761268938775174
527.0 0.0026155687010032125
528.0 0.0024550110538257286
529.0 0.0026054602130898274
530.0 0.0027559090085560456
531.0 0.002523142575228121
532.0 0.0022903755962033756
533.0 0.002519810732337646
534.0 0.0027492453227750957
535.0 0.0023392625735141337
536.0 0.0019292796423542313
537.0 0.002312579636054579
538.0 0.002695879629754927
539.0 0.0033693657314870507
540.0 0.004042851287522353
541.0 0.004041019928990863
542.0 0.004039188206661493
543.0 0.0043018811993533745
544.0 0.004564573464449495
545.0 0.005071106352261268
546.0 0.005577638876275159
547.0 0.004526991688180715
548.0 0.0034763445000862703
549.0 0.002969424895127304
550.0 0.002462505108269397
551.0 0.002505373959138524
552.0 0.0025482428100076504
553.0 0.0031548035622108728
554.0 0.003761363768717274
555.0 0.004058964259456843
556.0 0.004356565113994293
557.0 0.00387489162676502
558.0 0.0033932181395357475
559.0 0.003247392669436522
560.0 0.003101567199337296
561.0 0.003508721783873625
562.0 0.003915876004612073
563.0 0.003691008168971166
564.0 0.003466139969532378
565.0 0.003941472095903009
566.0 0.00441680422227364
567.0 0.00461106319562532
568.0 0.004805321805179119
569.0 0.005219919330556877
570.0 0.005634516855934635
571.0 0.005586355473496951
572.0 0.005538194454857148
573.0 0.006006558396620676
574.0 0.006474921974586323
575.0 0.006472876702900976
576.0 0.006470831431215629
577.0 0.005857350697624497
578.0 0.005243869964033365
579.0 0.005967382458038628
580.0 0.006690894952043891
581.0 0.007161056419136003
582.0 0.007631217158632353
583.0 0.008617677667643875
584.0 0.009604135993868113
585.0 0.009784709982341155
586.0 0.009965283970814198
587.0 0.009959654562408105
588.0 0.009954020788427442
589.0 0.010417530575068668
590.0 0.010881041816901416
591.0 0.009996740118367597
592.0 0.00911243841983378
593.0 0.0074349576607346535
594.0 0.005757479084422812
595.0 0.005612826862488873
596.0 0.005468174640554935
597.0 0.006071977986721322
598.0 0.006675781332887709
599.0 0.00752044579712674
600.0 0.008365108806174248
601.0 0.008968629845185205
602.0 0.009572148701408878
603.0 0.010522623779252172
604.0 0.011473099584691226
605.0 0.011513394565554336
606.0 0.011553691001608968
607.0 0.010017275781137869
608.0 0.008480862743454054
609.0 0.0066161992435809225
610.0 0.004751537198899314
611.0 0.004090692164027132
612.0 0.003429847492952831
613.0 0.0037929734389763325
614.0 0.004156098657404073
615.0 0.004913146767648868
616.0 0.005670195605489425
617.0 0.006961009057704359
618.0 0.008251822146121413
619.0 0.009266873530577868
620.0 0.010281924915034324
621.0 0.011317698226775974
622.0 0.012353471538517624
623.0 0.012226197577547282
624.0 0.012098922161385417
625.0 0.010631850454956293
626.0 0.009164776565739885
627.0 0.007308813655981794
628.0 0.00545284929103218
629.0 0.004561456080409698
630.0 0.0036700635973829776
631.0 0.003067057332373224
632.0 0.002464051249262411
633.0 0.0026717241780715995
634.0 0.002879397288779728
635.0 0.0029080807507853024
636.0 0.002936763848992996
637.0 0.0037024168705102056
638.0 0.004468070255825296
639.0 0.00464833683508914
640.0 0.004828603414352983
641.0 0.0053788218792760745
642.0 0.005929040344199166
643.0 0.00594195444136858
644.0 0.005954868902335875
645.0 0.00544611357327085
646.0 0.004937358608003706
647.0 0.003877668859786354
648.0 0.0028179791115690023
649.0 0.0022655092834611423
650.0 0.0017130394553532824
651.0 0.0016814461559988558
652.0 0.0016498530385433696
653.0 0.0015437926776940003
654.0 0.0014377319530467503
655.0 0.0014451646165980492
656.0 0.0014525973710988183
657.0 0.0012979244274902157
658.0 0.0011432516657805536
659.0 0.0017190041035064496
660.0 0.002294756632181816
661.0 0.0020178069462417625
662.0 0.0017408572603017092
663.0 0.0024390799808315933
664.0 0.003137303065159358
665.0 0.003616928734118119
666.0 0.004096554039278999
667.0 0.004750003063236363
668.0 0.005403450268204324
669.0 0.0055319320381386206
670.0 0.00566041017009411
671.0 0.006323363049887121
672.0 0.006986317748669535
673.0 0.007626559090567753
674.0 0.00826680043246597
675.0 0.007905407983344048
676.0 0.007544016989413649
677.0 0.005936144589213654
678.0 0.004328272552811541
679.0 0.0028884354833280668
680.0 0.0014485992323898245
681.0 0.0005874484031664906
682.0 1.596398577566327e-10
683.0 9.685539907877683e-05
684.0 0.00046741329242649954
685.0 0.0002607598162285285
686.0 5.4106283187138615e-05
687.0 0.00018529696035329835
688.0 0.0003164876716255094
689.0 0.00032758002816990484
690.0 0.0003386724529264029
691.0 0.0004328535396780353
692.0 0.0005270346264296677
693.0 0.00040038871702563483
694.0 0.00027374280762160197
695.0 0.00045535675781138707
696.0 0.0006369707534759073
697.0 0.0005777601472800598
698.0 0.0005185494501347421
699.0 0.0004741715201816987
700.0 0.00042979336285497993
701.0 0.0003077861720157671
702.0 0.00018577914033812704
703.0 0.000341396730618726
704.0 0.0004970142981619574
705.0 0.0004526346856437158
706.0 0.0004082548912265338
707.0 9.221523669111775e-05
708.0 1.596398577566327e-10
709.0 1.596398577566327e-10
710.0 0.00018193610458183684
711.0 0.00039333840504696127
712.0 0.0006047406714060344
713.0 0.00032334469324268866
714.0 4.1948769080590864e-05
715.0 0.00024719047360122204
716.0 0.00045243218664836604
717.0 0.0002914279548349441
718.0 0.00013042377986494103
719.0 0.0003591072072595125
720.0 0.0005877906005480327
721.0 0.0004417209765961161
722.0 0.0002956514663310372
723.0 0.0002627414460221189
724.0 0.00022983140297583304
725.0 0.00045814849727321416
726.0 0.0006864657734695356
727.0 0.00027408050300437026
728.0 1.596398577566327e-10
729.0 6.814564130763756e-05
730.0 0.0002745959363892325
731.0 0.0005945813882135553
732.0 0.000914567044674186
733.0 0.0003465815780145931
734.0 1.596398577566327e-10
735.0 1.596398577566327e-10
736.0 1.596398577566327e-10
737.0 0.0002966339252452599
738.0 0.0009293797120335512
739.0 0.0006031742032064358
740.0 0.0002769683533188072
741.0 0.00010317040732843452
742.0 1.596398577566327e-10
743.0 1.596398577566327e-10
744.0 1.596398577566327e-10
745.0 0.00023674508611293277
746.0 0.0006737303010595497
747.0 0.000335826166519837
748.0 1.596398577566327e-10
749.0 1.596398577566327e-10
750.0 1.596398577566327e-10
751.0 1.596398577566327e-10
752.0 0.0002147910208805115
753.0 0.0003157137825837708
754.0 0.00041663656702439766
755.0 1.596398577566327e-10
756.0 1.596398577566327e-10
757.0 1.596398577566327e-10
758.0 1.596398577566327e-10
759.0 0.00022840536075818818
760.0 0.0006449324246204924
761.0 0.00035480186397762736
762.0 6.46711953322665e-05
763.0 1.596398577566327e-10
764.0 1.596398577566327e-10
765.0 0.00013780457948087133
766.0 0.0004355606961325975
767.0 1.596398577566327e-10
768.0 1.596398577566327e-10
769.0 1.596398577566327e-10
770.0 1.596398577566327e-10
771.0 1.596398577566327e-10
772.0 1.596398577566327e-10
773.0 0.0002703917743929196
774.0 0.0007518229267589049
775.0 0.00037650534068234265
776.0 1.1876224448315043e-06
777.0 0.00022738759071216919
778.0 0.00045358760871749837
779.0 0.0005365475317375967
780.0 0.00061950740928296
781.0 0.0006717294127156492
782.0 0.0007239513706736034
783.0 0.0004946485660184408
784.0 0.0002653458523127483
785.0 0.0002036353407675051
786.0 0.00014192452226780006
787.0 0.0005960554517514538
788.0 0.001050186256179586
789.0 0.0007980705049703829
790.0 0.0005459547992359148
791.0 0.0005323202003637562
792.0 0.0005186854195926571
793.0 0.0005980009973427514
794.0 0.0006773163477191702
795.0 0.0007327050752792275
796.0 0.0007880936209403444
797.0 0.000334249489242211
798.0 1.596398577566327e-10
799.0 0.0003976587777287932
800.0 0.0009149121069640387
801.0 0.0004857206477026921
802.0 5.652918844134547e-05
803.0 0.00029804641599184833
804.0 0.0005395636435423512
805.0 0.0007734548489679582
806.0 0.0010073460543935653
807.0 0.0006762623797840206
808.0 0.0003451786596997408
809.0 9.372396334583755e-05
810.0 1.596398577566327e-10
811.0 0.00018745595298241824
812.0 0.0005326425707607996
813.0 0.0007048878615023568
814.0 0.0008771331522439141
815.0 0.001005554531730013
816.0 0.0011339753655192908
817.0 0.0009509418305242434
818.0 0.000767908295529196
819.0 0.0007288488177437102
820.0 0.0006897893854329595
821.0 0.0007860736332077067
822.0 0.0008823576536087785
823.0 0.0007298491709661903
824.0 0.0005773408702225424
825.0 0.0007054846719256602
826.0 0.0008336285645782482
827.0 0.0008022835572774056
828.0 0.0007709387318755034
829.0 0.00031130521165323444
830.0 1.596398577566327e-10
831.0 1.596398577566327e-10
832.0 6.374373811013356e-05
833.0 0.00038358789424819406
834.0 0.0007034319878584938
835.0 6.595254262720118e-05
836.0 1.596398577566327e-10
837.0 1.596398577566327e-10
838.0 0.0001640065079300257
839.0 0.00045755814426229335
840.0 0.0007511098374379799
841.0 0.001007726041279966
842.0 0.001264342154172482
843.0 0.000881022060639225
844.0 0.0004977016487828223
845.0 0.0004786531007994199
846.0 0.00045960450734128244
847.0 0.0007547085715486901
848.0 0.0010498125448066276
849.0 0.0008656479622004554
850.0 0.0006814829703216674
851.0 0.001062823776010191
852.0 0.00144416471812292
853.0 0.0006259975634748116
854.0 1.596398577566327e-10
855.0 1.596398577566327e-10
856.0 1.596398577566327e-10
857.0 0.0004108956545678666
858.0 0.0014213384019967634
859.0 0.0012551286999951117
860.0 0.0010889187251450494
861.0 0.0013117600246914662
862.0 0.0015346015061368234
863.0 0.0018212702343589626
864.0 0.0021079387806821615
865.0 0.0020884846890112385
866.0 0.0020690305973403156
867.0 0.002777802183118183
868.0 0.00348657340509817
869.0 0.0031116713216761127
870.0 0.0027367686925572343
871.0 0.0032152245694305748
872.0 0.003693680264404975
873.0 0.002661578037077561
874.0 0.0016294759916490875
875.0 0.002415441849734634
876.0 0.0032014071621233597
877.0 0.002135621980414726
