lsstCam/transmission_filter_detector/r13_s11/y_10/19700101T000000.ecsv
# %ECSV 1.0
# ---
# datatype:
# - {name: wavelength, unit: nm, datatype: float32}
# - {name: efficiency, unit: '%', datatype: float64}
# meta: !!omap
# - {MODE: DETECTOR}
# - {TYPE: transmission_filter_detector}
# - {CALIBDATE: '1970-01-01T00:00:00'}
# - {INSTRUME: LSSTCam}
# - {OBSTYPE: transmission_filter_detector}
# - {CALIBCLS: lsst.ip.isr.IntermediateFilterDetectorTransmissionCurve}
# - {SOURCE: Materion (DM-46256)}
# - {DETECTOR: 58}
# - {FILTER: y_10}
# - {CALIB_ID: 'calibDate=1970-01-01T00:00:00 filter=y_10 detector=58'}
# - {DATE: '2025-04-02T15:59:51.010337'}
# - {CALIB_CREATION_DATE: '2025-04-02'}
# - {CALIB_CREATION_TIME: '15:59:51'}
# - __serialized_columns__:
#     efficiency:
#       __class__: astropy.units.quantity.Quantity
#       unit: !astropy.units.Unit {unit: '%'}
#       value: !astropy.table.SerializedColumn {name: efficiency}
#     wavelength:
#       __class__: astropy.units.quantity.Quantity
#       unit: !astropy.units.Unit {unit: nm}
#       value: !astropy.table.SerializedColumn {name: wavelength}
# schema: astropy-2.0
wavelength efficiency
[from data line 579]
879.0 0.0019570012227632105
880.0 0.08216275018639863
881.0 0.10137954959645867
882.0 0.05905267898924649
883.0 0.10594989871606231
884.0 0.07998580695129931
885.0 0.0903828302398324
886.0 0.07792728138156235
887.0 0.10174419730901718
888.0 0.06533865234814584
889.0 0.10058906627818942
890.0 0.07800473249517381
891.0 0.10113137541338801
892.0 0.06889894139021635
893.0 0.112155731767416
894.0 0.07076829206198454
895.0 0.1109523931518197
896.0 0.08768528932705522
897.0 0.10955316247418523
898.0 0.10533554013818502
899.0 0.13165980344638228
900.0 0.11640510056167841
901.0 0.15459222486242652
902.0 0.15710067236796021
903.0 0.18405134323984385
904.0 0.21563232876360416
905.0 0.25538464542478323
906.0 0.32106488943099976
907.0 0.4131805617362261
908.0 0.5502119660377502
909.0 0.7249745540320873
910.0 1.0736141353845596
911.0 1.5161643736064434
912.0 2.2550081834197044
913.0 3.3398419618606567
914.0 4.603349789977074
915.0 6.484558433294296
916.0 8.722949773073196
917.0 11.15366742014885
918.0 13.934648036956787
919.0 16.552023589611053
920.0 20.067045092582703
921.0 23.739922046661377
922.0 27.410903573036194
923.0 31.832414865493774
924.0 36.60490810871124
925.0 41.9398307800293
926.0 48.28090965747833
927.0 55.09955286979675
928.0 61.05458736419678
929.0 67.50556230545044
930.0 73.1044352054596
931.0 78.59858274459839
932.0 83.55641961097717
933.0 87.73086071014404
934.0 90.73994755744934
935.0 92.86522269248962
936.0 94.43445205688477
937.0 95.55525183677673
938.0 96.25846743583679
939.0 96.56782150268555
940.0 96.87156081199646
941.0 97.05862998962402
942.0 97.28483557701111
943.0 97.34337329864502
944.0 97.55042791366577
945.0 97.51112461090088
946.0 97.54263162612915
947.0 97.52338528633118
948.0 97.66069054603577
949.0 97.5405752658844
950.0 97.70232439041138
951.0 97.78727889060974
952.0 97.83627986907959
953.0 98.00562858581543
954.0 98.11616539955139
955.0 98.15855622291565
956.0 98.34752082824707
957.0 98.5987901687622
958.0 98.73949885368347
959.0 98.77204298973083
960.0 98.85700345039368
961.0 98.87464642524719
962.0 98.96140098571777
963.0 98.96453619003296
964.0 98.96389245986938
965.0 98.99798631668091
966.0 99.07507300376892
967.0 99.12084937095642
968.0 99.0849256515503
969.0 99.09969568252563
970.0 99.17106628417969
971.0 99.20387268066406
972.0 99.25459623336792
973.0 99.38321113586426
974.0 99.3484616279602
975.0 99.33081865310669
976.0 99.36271905899048
977.0 99.33662414550781
978.0 99.42151308059692
979.0 99.33443665504456
980.0 99.30588006973267
981.0 99.22233819961548
982.0 99.1778552532196
983.0 99.19482469558716
984.0 99.14385676383972
985.0 99.12005066871643
986.0 99.0375816822052
987.0 99.09747242927551
988.0 99.00785684585571
989.0 98.99499416351318
990.0 98.97204637527466
991.0 99.00328516960144
992.0 99.10560250282288
993.0 99.02012348175049
994.0 99.01418685913086
995.0 99.07804131507874
996.0 99.05295372009277
997.0 99.17884469032288
998.0 99.20886158943176
999.0 99.27974343299866
1000.0 99.30306673049927
1001.0 99.24538731575012
1002.0 99.33902621269226
1003.0 99.36912059783936
1004.0 99.40564632415771
1005.0 99.32420253753662
1006.0 99.47069883346558
1007.0 99.40708875656128
1008.0 99.41728115081787
1009.0 99.33803081512451
1010.0 99.40620064735413
1011.0 99.40348267555237
1012.0 99.27604794502258
1013.0 99.28487539291382
1014.0 99.25588965415955
1015.0 99.229496717453
1016.0 99.2246687412262
1017.0 99.24805164337158
1018.0 99.28986430168152
1019.0 99.23292398452759
1020.0 99.26832318305969
1021.0 99.43515658378601
1022.0 99.28638339042664
1023.0 99.33910965919495
1024.0 99.33081269264221
1025.0 99.34737086296082
1026.0 99.42343235015869
1027.0 99.49838519096375
1028.0 99.41897988319397
1029.0 99.50403571128845
1030.0 99.54434037208557
1031.0 99.48052167892456
1032.0 99.48862791061401
1033.0 99.49416518211365
1034.0 99.50326681137085
1035.0 99.56144094467163
1036.0 99.4327187538147
1037.0 99.50706362724304
1038.0 99.46800470352173
1039.0 99.4299590587616
1040.0 99.31523203849792
1041.0 99.43880438804626
1042.0 99.35627579689026
1043.0 99.31704998016357
1044.0 99.40666556358337
1045.0 99.0439772605896
1046.0 99.31744337081909
1047.0 99.20147657394409
1048.0 99.35160875320435
1049.0 99.24284219741821
1050.0 99.14974570274353
1051.0 99.18763041496277
1052.0 99.16767477989197
1053.0 99.1251528263092
1054.0 99.24975633621216
1055.0 99.45135116577148
1056.0 99.25931692123413
1057.0 99.28337335586548
1058.0 99.12596940994263
1059.0 99.20266270637512
1060.0 99.32931065559387
1061.0 99.21614527702332
1062.0 99.19663667678833
1063.0 99.07581210136414
1064.0 99.34403896331787
1065.0 99.2266297340393
1066.0 99.16549921035767
1067.0 99.25335645675659
1068.0 99.2017149925232
1069.0 99.0891695022583
1070.0 99.38225150108337
1071.0 99.26018714904785
1072.0 99.26812052726746
1073.0 99.35219883918762
1074.0 99.0563452243805
1075.0 98.93061518669128
1076.0 98.84092211723328
1077.0 99.23978447914124
1078.0 99.44669604301453
1079.0 98.90270233154297
1080.0 99.5663583278656
1081.0 98.89286160469055
1082.0 98.97868037223816
1083.0 98.88370037078857
1084.0 99.20201301574707
1085.0 99.20363426208496
1086.0 98.87969493865967
1087.0 99.12275075912476
1088.0 98.95970821380615
1089.0 98.88591170310974
1090.0 98.6736536026001
1091.0 99.0950882434845
1092.0 98.99677634239197
1093.0 98.76003861427307
1094.0 98.72917532920837
1095.0 98.65942597389221
1096.0 98.73592853546143
1097.0 98.4576404094696
1098.0 97.98281788825989
1099.0 98.59219789505005
1100.0 98.27765226364136
