lsstCam/transmission_filter_detector/r20_s22/y_10/19700101T000000.ecsv
# %ECSV 1.0
# ---
# datatype:
# - {name: wavelength, unit: nm, datatype: float32}
# - {name: efficiency, unit: '%', datatype: float64}
# meta: !!omap
# - {MODE: DETECTOR}
# - {TYPE: transmission_filter_detector}
# - {CALIBDATE: '1970-01-01T00:00:00'}
# - {INSTRUME: LSSTCam}
# - {OBSTYPE: transmission_filter_detector}
# - {CALIBCLS: lsst.ip.isr.IntermediateFilterDetectorTransmissionCurve}
# - {SOURCE: Materion (DM-46256)}
# - {DETECTOR: 80}
# - {FILTER: y_10}
# - {CALIB_ID: 'calibDate=1970-01-01T00:00:00 filter=y_10 detector=80'}
# - {DATE: '2025-04-02T15:59:51.112971'}
# - {CALIB_CREATION_DATE: '2025-04-02'}
# - {CALIB_CREATION_TIME: '15:59:51'}
# - __serialized_columns__:
#     efficiency:
#       __class__: astropy.units.quantity.Quantity
#       unit: !astropy.units.Unit {unit: '%'}
#       value: !astropy.table.SerializedColumn {name: efficiency}
#     wavelength:
#       __class__: astropy.units.quantity.Quantity
#       unit: !astropy.units.Unit {unit: nm}
#       value: !astropy.table.SerializedColumn {name: wavelength}
# schema: astropy-2.0
wavelength efficiency
300.0 0.06588010583072901
301.0 0.03805025189649314
302.0 0.010220392141491175
303.0 0.015125876234378666
304.0 0.020031358872074634
305.0 0.01475620229030028
306.0 0.009481041342951357
307.0 0.012197295291116461
308.0 0.014913547784090042
309.0 0.011484153219498694
310.0 0.008054759382503107
311.0 0.006559996836585924
312.0 0.005065232835477218
313.0 0.004012527642771602
314.0 0.0029598226319649257
315.0 0.0031730098271509632
316.0 0.003386197568033822
317.0 0.0029113629352650605
318.0 0.0024365270292037167
319.0 0.00273563782684505
320.0 0.003034748624486383
321.0 0.0031538696930510923
322.0 0.0032729905797168612
323.0 0.004268091652193107
324.0 0.0052631923608714715
325.0 0.003059308073716238
326.0 0.0008554236046620645
327.0 0.0016054102161433548
328.0 0.0023553966457257047
329.0 0.0025599343643989414
330.0 0.0027644717192742974
331.0 0.0024476079488522373
332.0 0.002130744542228058
333.0 0.0030823743145447224
334.0 0.004034004814457148
335.0 0.0037850230000913143
336.0 0.0035360408219275996
337.0 0.0025317871404695325
338.0 0.0015275336409104057
339.0 0.0008570945283281617
340.0 0.0001866555862761743
341.0 0.0005891248292755336
342.0 0.0009915938790072687
343.0 0.001284882819163613
344.0 0.001578171577421017
345.0 0.001528375105408486
346.0 0.0014785784514970146
347.0 0.0015208353033813182
348.0 0.0015630921552656218
349.0 0.0013346410923986696
350.0 0.001106189847632777
351.0 0.0015026022083475254
352.0 0.0018990147509612143
353.0 0.0018914728570962325
354.0 0.0018839309632312506
355.0 0.001829732173064258
356.0 0.0017755333828972653
357.0 0.0018972752513946034
358.0 0.002019017301790882
359.0 0.0016539250282221474
360.0 0.0012888326637039427
361.0 0.0010548189493420068
362.0 0.0008208050530811306
363.0 0.0007203987479442731
364.0 0.0006199923973326804
365.0 0.0011488341442600358
366.0 0.0016776761185610667
367.0 0.0018264692698721774
368.0 0.0019752622392843477
369.0 0.0016030606275307946
370.0 0.0012308589248277713
371.0 0.0013644591490447056
372.0 0.0014980592823121697
373.0 0.0018178376194555312
374.0 0.002137615592801012
375.0 0.003107369047938846
376.0 0.004077122139278799
377.0 0.004123297185287811
378.0 0.004169471867498942
379.0 0.003668709541670978
380.0 0.003167947579640895
381.0 0.002417041287117172
382.0 0.0016661348126945086
383.0 0.0013494753147824667
384.0 0.0010328154530725442
385.0 0.0009312149813922588
386.0 0.0008296146006614435
387.0 0.0007958388778206427
388.0 0.0007620631095051067
389.0 0.000631861757938168
390.0 0.0005016604063712293
391.0 0.0005066020094091073
392.0 0.0005115434760227799
393.0 0.0006534289241244551
394.0 0.00079531428127666
395.0 0.0007292976988537703
396.0 0.0006632810254814103
397.0 0.0008725837687961757
398.0 0.0010818863302120008
399.0 0.0011978973816439975
400.0 0.0013139085240254644
401.0 0.0014420936167880427
402.0 0.0015702789823990315
403.0 0.0017350770576740615
404.0 0.0018998753148480318
405.0 0.00192353854799876
406.0 0.001947201781149488
407.0 0.0017504507923149504
408.0 0.0015536999853793532
409.0 0.0012559621609398164
410.0 0.0009582242455508094
411.0 0.0009136860171565786
412.0 0.0008691476978128776
413.0 0.0003751464646484237
414.0 1.6099688856380245e-10
415.0 1.6099688856380245e-10
416.0 1.6099688856380245e-10
417.0 3.3505932606203714e-05
418.0 0.00010155772542930208
419.0 1.6099688856380245e-10
420.0 1.6099688856380245e-10
421.0 1.6099688856380245e-10
422.0 1.6099688856380245e-10
423.0 0.00044938442442798987
424.0 0.00124016396512161
425.0 0.0004650799837691011
426.0 1.6099688856380245e-10
427.0 1.6099688856380245e-10
428.0 0.00021438477233459707
429.0 1.6099688856380245e-10
430.0 1.6099688856380245e-10
431.0 1.6099688856380245e-10
432.0 0.0007863098289817572
433.0 0.0002742247261267039
434.0 1.6099688856380245e-10
435.0 0.00018271769022248918
436.0 0.0006032957571733277
437.0 0.00020031868643854978
438.0 1.6099688856380245e-10
439.0 6.863032808723801e-05
440.0 0.000339918801728345
441.0 1.6099688856380245e-10
442.0 1.6099688856380245e-10
443.0 1.6099688856380245e-10
444.0 0.00032549405659665354
445.0 0.00037781951505166944
446.0 0.0004301447461330099
447.0 0.0002572642415543669
448.0 8.438369718533067e-05
449.0 1.6099688856380245e-10
450.0 1.6099688856380245e-10
451.0 1.6099688856380245e-10
452.0 1.6099688856380245e-10
453.0 1.6099688856380245e-10
454.0 1.6099688856380245e-10
455.0 0.0002572480752860429
456.0 0.0005166337359696627
457.0 4.4298505486040085e-05
458.0 1.6099688856380245e-10
459.0 1.6099688856380245e-10
460.0 1.6099688856380245e-10
461.0 0.00017547970401210478
462.0 0.0007014421498752199
463.0 0.0007167255716922227
464.0 0.0007320090389839606
465.0 0.0005535680884349858
466.0 0.00037512718336074613
467.0 0.0009251196388504468
468.0 0.001475111821491737
469.0 0.001619508293515537
470.0 0.001763904765539337
471.0 0.002162585769838188
472.0 0.0025612667741370387
473.0 0.002596262129372917
474.0 0.002631257302709855
475.0 0.002754130582616199
476.0 0.002877003680623602
477.0 0.002862923611246515
478.0 0.0028488437237683684
479.0 0.0034549226256785914
480.0 0.004061001891386695
481.0 0.004168346640653908
482.0 0.004275691026123241
483.0 0.003967361408285797
484.0 0.003659031426650472
485.0 0.003501816900097765
486.0 0.003344602373545058
487.0 0.0031190167646855116
488.0 0.002893431155825965
489.0 0.002596970443846658
490.0 0.0023005095499684103
491.0 0.0019593629986047745
492.0 0.001618216629140079
493.0 0.0016661788322380744
494.0 0.0017141410353360698
495.0 0.0016125452020787634
496.0 0.0015109490050235763
497.0 0.00172964373632567
498.0 0.0019483382857288234
499.0 0.00197485824173782
500.0 0.0020013780158478767
501.0 0.0025202942197211087
502.0 0.003039210605493281
503.0 0.002920442057074979
504.0 0.002801673508656677
505.0 0.0027197975214221515
506.0 0.0026379213522886857
507.0 0.0021971698515699245
508.0 0.0017564185327501036
509.0 0.0016328218407579698
510.0 0.0015092250578163657
511.0 0.0015950688975863159
512.0 0.0016809122826089151
513.0 0.0019252122001489624
514.0 0.0021695121176890098
515.0 0.001805303145374637
516.0 0.0014410941730602644
517.0 0.0014701444342790637
518.0 0.0014991947864473332
519.0 0.001148472529166611
520.0 0.0007977502718858887
521.0 0.001241209884028649
522.0 0.001684669405221939
523.0 0.0019582237655413337
524.0 0.0022317781258607283
525.0 0.0022300639102468267
526.0 0.0022283498765318654
527.0 0.0022059295588405803
528.0 0.002183509604947176
529.0 0.0021125819330336526
530.0 0.0020416542611201294
531.0 0.0020652354578487575
532.0 0.002088816836476326
533.0 0.0019230521502322517
534.0 0.0017572872820892371
535.0 0.0013838823178957682
536.0 0.001010477171803359
537.0 0.0018486858607502654
538.0 0.0026868947315961123
539.0 0.0030528652132488787
540.0 0.003418836058699526
541.0 0.0035901637602364644
542.0 0.003761491461773403
543.0 0.004262630318407901
544.0 0.0047637688112445176
545.0 0.005050610343459994
546.0 0.005337451511877589
547.0 0.004535996413324028
548.0 0.0037345413147704676
549.0 0.002902888627431821
550.0 0.002071235576295294
551.0 0.0021765903511550277
552.0 0.0022819449441158213
553.0 0.002813116770994384
554.0 0.003344288415974006
555.0 0.0038753893022658303
556.0 0.004406490552355535
557.0 0.004246229218551889
558.0 0.0040859682485461235
559.0 0.0038328184018610045
560.0 0.0035796689189737663
561.0 0.003718869265867397
562.0 0.003858069976558909
563.0 0.0036640507460106164
564.0 0.003470031515462324
565.0 0.00369747904187534
566.0 0.003924926568288356
567.0 0.004060526771354489
568.0 0.004196126974420622
569.0 0.004856464511249214
570.0 0.005516802048077807
571.0 0.005935842273174785
572.0 0.006354882498271763
573.0 0.006634389137616381
574.0 0.006913894321769476
575.0 0.00657529235468246
576.0 0.006236690387595445
577.0 0.0060192680393811315
578.0 0.005801845691166818
579.0 0.006003504677210003
580.0 0.006205163663253188
581.0 0.007148875738494098
582.0 0.008092587813735008
583.0 0.008834288018988445
584.0 0.009575989679433405
585.0 0.009792409400688484
586.0 0.010008829849539325
587.0 0.010370805102866143
588.0 0.010732781811384484
589.0 0.010648135503288358
590.0 0.010563491377979517
591.0 0.009945822966983542
592.0 0.009328153828391805
593.0 0.007910774002084509
594.0 0.006493394175777212
595.0 0.006021616354701109
596.0 0.005549838897422887
597.0 0.006061671592760831
598.0 0.006573503196705133
599.0 0.0073650597187224776
600.0 0.008156615513144061
601.0 0.009157790191238746
602.0 0.010158965596929193
603.0 0.010493363515706733
604.0 0.010827764344867319
605.0 0.011039510718546808
606.0 0.011251257092226297
607.0 0.009832807700149715
608.0 0.008414359035668895
609.0 0.006584573566215113
610.0 0.0047547873691655695
611.0 0.003989262040704489
612.0 0.003223736712243408
613.0 0.003546137668308802
614.0 0.0038685382605763152
615.0 0.004659751357394271
616.0 0.0054509637266164646
617.0 0.006862430018372834
618.0 0.008273893763544038
619.0 0.00937290460569784
620.0 0.010471914720255882
621.0 0.011117530084447935
622.0 0.011763148359023035
623.0 0.012011778017040342
624.0 0.01226040767505765
625.0 0.01083651150111109
626.0 0.009412613871973008
627.0 0.007527815614594147
628.0 0.005643018084811047
629.0 0.004527342025539838
630.0 0.003411665602470748
631.0 0.002892738484661095
632.0 0.002373811548750382
633.0 0.0025695293516037054
634.0 0.002765247154457029
635.0 0.003012209344888106
636.0 0.0032591713534202427
637.0 0.0035280540032545105
638.0 0.0037969362892908975
639.0 0.004180580799584277
640.0 0.004564225309877656
641.0 0.004979348523193039
642.0 0.005394471372710541
643.0 0.005560576755669899
644.0 0.005726681774831377
645.0 0.005290205081109889
646.0 0.004853728387388401
647.0 0.0038265592593234032
648.0 0.002799390313157346
649.0 0.0023159595002653077
650.0 0.0018325288692722097
651.0 0.0017413098248653114
652.0 0.0016500905985594727
653.0 0.0015765412172186188
654.0 0.0015029916539788246
655.0 0.0014848934370093048
656.0 0.0014667950381408446
657.0 0.0015692556189605966
658.0 0.0016717165635782294
659.0 0.001904338387248572
660.0 0.0021369602109189145
661.0 0.002016546750382986
662.0 0.0018961332898470573
663.0 0.0021321146050468087
664.0 0.002368096284044441
665.0 0.003021096927113831
666.0 0.003674097388284281
667.0 0.0043069911043858156
668.0 0.00493988482048735
669.0 0.005360629802453332
670.0 0.00578137332922779
671.0 0.006416175892809406
672.0 0.0070509799115825444
673.0 0.007604550046380609
674.0 0.008158120908774436
675.0 0.007920025382190943
676.0 0.00768192985560745
677.0 0.006063588443794288
678.0 0.0044452444853959605
679.0 0.002972878974105697
680.0 0.0015005124623712618
681.0 0.001034490287565859
682.0 0.0005684682946593966
683.0 0.0006062796273909044
684.0 0.0006440909601224121
685.0 0.00044485968828666955
686.0 0.0002456282345519867
687.0 0.00013398272358244867
688.0 2.2337168559261045e-05
689.0 0.00022382705537893344
690.0 0.00042531696635705885
691.0 0.00037581594369839877
692.0 0.0003263149210397387
693.0 0.0003205371058356832
694.0 0.0003147592678942601
695.0 0.00029467705644492526
696.0 0.0002745948449955904
697.0 0.00023471825443266425
698.0 0.0001948417093444732
699.0 7.135902251320658e-05
700.0 1.6099688856380245e-10
701.0 1.5387101370833989e-06
702.0 5.520104195966269e-05
703.0 4.814758085558424e-05
704.0 4.109421638531785e-05
705.0 7.99542590357305e-05
706.0 0.0001188142391583824
707.0 0.0003208427642675815
708.0 0.0005228712325333618
709.0 0.0005441998837341089
710.0 0.000565528534934856
711.0 0.0004231614184391219
712.0 0.0002807943246807554
713.0 6.709043418595684e-05
714.0 1.6099688856380245e-10
715.0 7.88527501072167e-06
716.0 0.00016238393527601147
717.0 5.6266543424499105e-05
718.0 1.6099688856380245e-10
719.0 0.0003194033070030855
720.0 0.000688657428327133
721.0 0.0007497601473005489
722.0 0.0008108629117486998
723.0 0.0005903079454583349
724.0 0.0003697529791679699
725.0 5.4417375849880045e-05
726.0 1.6099688856380245e-10
727.0 0.00013439610029308824
728.0 0.0005297103598422837
729.0 0.0003605527126637753
730.0 0.0001913951336973696
731.0 0.0002810992555168923
732.0 0.00037080351376062026
733.0 0.0003906318852386903
734.0 0.00041046037040359806
735.0 0.0003129200877083349
736.0 0.00021537991869990947
737.0 0.00027850687729369383
738.0 0.00034163397231168346
739.0 0.0002781669536489062
740.0 0.00021469982129929122
741.0 0.000554651114725857
742.0 0.0008946026355260983
743.0 0.0005375602086132858
744.0 0.000180517895387311
745.0 0.0003292251221864717
746.0 0.0004779325081472052
747.0 0.00037456798054336105
748.0 0.0002712034302021493
749.0 0.0002392444912402425
750.0 0.00020728552954096813
751.0 0.000544046588402125
752.0 0.0008808076927380171
753.0 0.0007695137355767656
754.0 0.0006582199148397194
755.0 0.0002481333694959176
756.0 1.6099688856380245e-10
757.0 9.290315574617125e-05
758.0 0.0003477594418654917
759.0 0.00046092059164948296
760.0 0.0005740818778576795
761.0 0.000590755325902137
762.0 0.0006074287284718594
763.0 0.0006045226655260194
764.0 0.0006016165571054444
765.0 0.0005010276709072059
766.0 0.00040043873923423234
767.0 0.0002906429244831088
768.0 0.00018084718931277166
769.0 0.0003654740794445388
770.0 0.0005501010036823573
771.0 0.0005287859494274016
772.0 0.000507470895172446
773.0 0.0005766404683527071
774.0 0.0006458101324824383
775.0 0.0005929779945290647
776.0 0.0005401458565756911
777.0 0.0005151112418388948
778.0 0.0004900767180515686
779.0 0.0006382981609931448
780.0 0.0007865197403589264
781.0 0.0005958395377092529
782.0 0.00040515938053431455
783.0 0.0005823475476063322
784.0 0.0007595356237288797
785.0 0.0008910403266781941
786.0 0.0010225448932033032
787.0 0.0005956671884632669
788.0 0.00016878944961717934
789.0 0.00030486294235743117
790.0 0.00044093640099163167
791.0 0.0006276153726503253
792.0 0.0008142944352584891
793.0 0.000697849736752687
794.0 0.00058140508372162
795.0 0.0007723489034106024
796.0 0.0009632926776248496
797.0 0.0007322684723476414
798.0 0.000501244221595698
799.0 0.00028589302019099705
800.0 7.054176762721909e-05
801.0 0.00017129257230408257
802.0 0.00027204337129660416
803.0 0.0005965006039332366
804.0 0.0009209579729940742
805.0 0.0008666614121466409
806.0 0.0008123647603497375
807.0 0.0008096357305475976
808.0 0.0008069065188465174
809.0 0.0005835502633999567
810.0 0.0003601939170039259
811.0 0.0006250691967579769
812.0 0.0008899444765120279
813.0 0.0008113553121802397
814.0 0.000732766375222127
815.0 0.0005610880180029199
816.0 0.0003894095243595075
817.0 0.000661978901916882
818.0 0.0009345483704237267
819.0 0.0010431792361487169
820.0 0.0011518099199747667
821.0 0.0008448725566267967
822.0 0.0005379350113798864
823.0 0.0004390238245832734
824.0 0.000340112705998763
825.0 0.0004607675236911746
826.0 0.0005814222276967485
827.0 0.0007812695002940018
828.0 0.0009811168638407253
829.0 0.000721534979675198
830.0 0.00046195323193387594
831.0 0.00040385366446571425
832.0 0.00034575425615912536
833.0 0.0007456382263626438
834.0 0.0011455221283540595
835.0 0.000766946413932601
836.0 0.00038837065403640736
837.0 0.0003158418167004129
838.0 0.00024331297936441842
839.0 0.00045464671529771294
840.0 0.0006659805876552127
841.0 0.0008085985427896958
842.0 0.0009512164069747087
843.0 0.0007673840627830941
844.0 0.0005835517640662147
845.0 0.0008243275260610972
846.0 0.0010651032425812446
847.0 0.0009716239219415002
848.0 0.0008781446013017558
849.0 0.0006510125786007848
850.0 0.0004238803740008734
851.0 0.0008593808161094785
852.0 0.0012948812582180835
853.0 0.0011245666428294498
854.0 0.0009542521183902863
855.0 0.0007236035798996454
856.0 0.0004929550868837396
857.0 0.0008151102520059794
858.0 0.0011372655535524245
859.0 0.0010401786312286276
860.0 0.0009430917089048307
861.0 0.0013646254956256598
862.0 0.0017861591913970187
863.0 0.0017380354620399885
864.0 0.0016899111869861372
865.0 0.0021074252799735405
866.0 0.0025249391910620034
867.0 0.0027403470085118897
868.0 0.002955754280264955
869.0 0.0029561848350567743
870.0 0.0029566153898485936
871.0 0.003212505907868035
872.0 0.0034683958801906556
873.0 0.002888683957280591
874.0 0.0023089720343705267
875.0 0.0020296574803069234
