lsstCam/transmission_filter_detector/r20_s22/y_10/19700101T000000.ecsv
# %ECSV 1.0
# ---
# datatype:
# - {name: wavelength, unit: nm, datatype: float32}
# - {name: efficiency, unit: '%', datatype: float64}
# meta: !!omap
# - {MODE: DETECTOR}
# - {TYPE: transmission_filter_detector}
# - {CALIBDATE: '1970-01-01T00:00:00'}
# - {INSTRUME: LSSTCam}
# - {OBSTYPE: transmission_filter_detector}
# - {CALIBCLS: lsst.ip.isr.IntermediateFilterDetectorTransmissionCurve}
# - {SOURCE: Materion (DM-46256)}
# - {DETECTOR: 80}
# - {FILTER: y_10}
# - {CALIB_ID: 'calibDate=1970-01-01T00:00:00 filter=y_10 detector=80'}
# - {DATE: '2025-04-02T15:59:51.112971'}
# - {CALIB_CREATION_DATE: '2025-04-02'}
# - {CALIB_CREATION_TIME: '15:59:51'}
# - __serialized_columns__:
#     efficiency:
#       __class__: astropy.units.quantity.Quantity
#       unit: !astropy.units.Unit {unit: '%'}
#       value: !astropy.table.SerializedColumn {name: efficiency}
#     wavelength:
#       __class__: astropy.units.quantity.Quantity
#       unit: !astropy.units.Unit {unit: nm}
#       value: !astropy.table.SerializedColumn {name: wavelength}
# schema: astropy-2.0
wavelength efficiency
[from data line 577]
877.0 0.0018752843971014954
878.0 0.0020002256860607304
879.0 0.001872510983957909
880.0 0.07277748663909733
881.0 0.08889487362466753
882.0 0.06403240840882063
883.0 0.09579219040460885
884.0 0.07399492897093296
885.0 0.08773113368079066
886.0 0.0742872420232743
887.0 0.09283156250603497
888.0 0.06970468093641102
889.0 0.0929916393943131
890.0 0.06082094041630626
891.0 0.1129128155298531
892.0 0.07130881422199309
893.0 0.11198584688827395
894.0 0.06495935376733541
895.0 0.09793898789212108
896.0 0.08062010747380555
897.0 0.12012723600491881
898.0 0.08118661935441196
899.0 0.13378201983869076
900.0 0.1012742635793984
901.0 0.12292404426261783
902.0 0.1556089031510055
903.0 0.1777711440809071
904.0 0.19669611938297749
905.0 0.21135220304131508
906.0 0.26430694852024317
907.0 0.34061651676893234
908.0 0.4479000810533762
909.0 0.6056368816643953
910.0 0.8346356451511383
911.0 1.1753084138035774
912.0 1.7215600237250328
913.0 2.59157158434391
914.0 3.6544617265462875
915.0 5.246086418628693
916.0 7.224246114492416
917.0 9.447650611400604
918.0 12.073025852441788
919.0 14.607509970664978
920.0 18.020091950893402
921.0 21.535106003284454
922.0 24.955211579799652
923.0 29.015371203422546
924.0 33.44715237617493
925.0 38.40987682342529
926.0 44.446682929992676
927.0 51.059991121292114
928.0 56.95916414260864
929.0 63.46782445907593
930.0 69.31741833686829
931.0 75.11271834373474
932.0 80.5364191532135
933.0 85.20152568817139
934.0 88.67050409317017
935.0 91.20805859565735
936.0 93.15525889396667
937.0 94.63333487510681
938.0 95.55169343948364
939.0 96.02183699607849
940.0 96.40318155288696
941.0 96.64037823677063
942.0 96.8779981136322
943.0 96.97697758674622
944.0 97.26840257644653
945.0 97.27835059165955
946.0 97.35909104347229
947.0 97.33798503875732
948.0 97.47092127799988
949.0 97.38110303878784
950.0 97.4648654460907
951.0 97.50403165817261
952.0 97.57986664772034
953.0 97.78090119361877
954.0 97.85361886024475
955.0 97.94620871543884
956.0 98.14115166664124
957.0 98.3150064945221
958.0 98.45659136772156
959.0 98.58067631721497
960.0 98.66518378257751
961.0 98.7395703792572
962.0 98.78883361816406
963.0 98.82508516311646
964.0 98.85572791099548
965.0 98.8764226436615
966.0 98.95731806755066
967.0 99.04289245605469
968.0 99.03886914253235
969.0 98.99271130561829
970.0 99.09034371376038
971.0 99.12267327308655
972.0 99.14998412132263
973.0 99.22157526016235
974.0 99.24010634422302
975.0 99.22611713409424
976.0 99.28895235061646
977.0 99.25426244735718
978.0 99.3115246295929
979.0 99.26086068153381
980.0 99.2269217967987
981.0 99.14541244506836
982.0 99.05572533607483
983.0 99.10085201263428
984.0 99.0534245967865
985.0 99.0354835987091
986.0 98.9478588104248
987.0 98.9841639995575
988.0 98.87277483940125
989.0 98.88518452644348
990.0 98.82515668869019
991.0 98.86435270309448
992.0 98.9445447921753
993.0 98.88787865638733
994.0 98.88736605644226
995.0 98.93350601196289
996.0 98.86332154273987
997.0 99.0160346031189
998.0 99.02664422988892
999.0 99.08658266067505
1000.0 99.12108778953552
1001.0 99.117511510849
1002.0 99.23107028007507
1003.0 99.18285608291626
1004.0 99.29338693618774
1005.0 99.2263913154602
1006.0 99.38241839408875
1007.0 99.33664798736572
1008.0 99.30064082145691
1009.0 99.26565289497375
1010.0 99.24836754798889
1011.0 99.27504062652588
1012.0 99.19305443763733
1013.0 99.19502139091492
1014.0 99.15623664855957
1015.0 99.13092255592346
1016.0 99.14873242378235
1017.0 99.17110204696655
1018.0 99.17387962341309
1019.0 99.10646080970764
1020.0 99.15704131126404
1021.0 99.2883026599884
1022.0 99.17013645172119
1023.0 99.16837215423584
1024.0 99.18484091758728
1025.0 99.19238090515137
1026.0 99.23940300941467
1027.0 99.33788180351257
1028.0 99.32245016098022
1029.0 99.41956996917725
1030.0 99.37428832054138
1031.0 99.36286807060242
1032.0 99.37260746955872
1033.0 99.33369755744934
1034.0 99.41832423210144
1035.0 99.48129057884216
1036.0 99.36746954917908
1037.0 99.4175910949707
1038.0 99.35058355331421
1039.0 99.29689764976501
1040.0 99.2184042930603
1041.0 99.30501580238342
1042.0 99.26415085792542
1043.0 99.16346669197083
1044.0 99.24104809761047
1045.0 98.97905588150024
1046.0 99.13592338562012
1047.0 99.05659556388855
1048.0 99.11366105079651
1049.0 99.01212453842163
1050.0 99.08018708229065
1051.0 99.09160137176514
1052.0 99.06452894210815
1053.0 98.83413910865784
1054.0 99.16657209396362
1055.0 99.22807812690735
1056.0 99.07415509223938
1057.0 99.21509623527527
1058.0 98.9722490310669
1059.0 99.06803965568542
1060.0 99.1803228855133
1061.0 99.09250736236572
1062.0 99.0551233291626
1063.0 99.01225566864014
1064.0 99.18113350868225
1065.0 99.11109805107117
1066.0 99.18428659439087
1067.0 99.22453165054321
1068.0 99.08623099327087
1069.0 98.98701906204224
1070.0 99.34620261192322
1071.0 99.12340044975281
1072.0 99.29899573326111
1073.0 99.19355511665344
1074.0 98.97741675376892
1075.0 98.8050639629364
1076.0 98.82927536964417
1077.0 99.01655912399292
1078.0 99.18053150177002
1079.0 98.92677664756775
1080.0 99.55551028251648
1081.0 98.68757724761963
1082.0 98.86695146560669
1083.0 98.83606433868408
1084.0 99.17896389961243
1085.0 99.08357858657837
1086.0 98.9747405052185
1087.0 98.93378615379333
1088.0 98.50905537605286
1089.0 98.76001477241516
1090.0 98.7497627735138
1091.0 98.67424964904785
1092.0 98.75233769416809
1093.0 98.75044226646423
1094.0 98.52615594863892
1095.0 98.57962131500244
1096.0 98.66721630096436
1097.0 98.47704768180847
1098.0 98.02871346473694
1099.0 98.5996961593628
1100.0 98.1704831123352
