lsstCam/transmission_filter_detector/r03_s22/y_10/19700101T000000.ecsv
# %ECSV 1.0
# ---
# datatype:
# - {name: wavelength, unit: nm, datatype: float32}
# - {name: efficiency, unit: '%', datatype: float64}
# meta: !!omap
# - {MODE: DETECTOR}
# - {TYPE: transmission_filter_detector}
# - {CALIBDATE: '1970-01-01T00:00:00'}
# - {INSTRUME: LSSTCam}
# - {OBSTYPE: transmission_filter_detector}
# - {CALIBCLS: lsst.ip.isr.IntermediateFilterDetectorTransmissionCurve}
# - {SOURCE: Materion (DM-46256)}
# - {DETECTOR: 26}
# - {FILTER: y_10}
# - {CALIB_ID: 'calibDate=1970-01-01T00:00:00 filter=y_10 detector=26'}
# - {DATE: '2025-04-02T15:59:50.862743'}
# - {CALIB_CREATION_DATE: '2025-04-02'}
# - {CALIB_CREATION_TIME: '15:59:50'}
# - __serialized_columns__:
#     efficiency:
#       __class__: astropy.units.quantity.Quantity
#       unit: !astropy.units.Unit {unit: '%'}
#       value: !astropy.table.SerializedColumn {name: efficiency}
#     wavelength:
#       __class__: astropy.units.quantity.Quantity
#       unit: !astropy.units.Unit {unit: nm}
#       value: !astropy.table.SerializedColumn {name: wavelength}
# schema: astropy-2.0
wavelength efficiency
[from data line 576]
876.0 0.003132560959784314
877.0 0.0019498218534863554
878.0 0.0007670829290873371
879.0 0.0018761707906378433
880.0 0.06265942356549203
881.0 0.08557270048186183
882.0 0.06705552223138511
883.0 0.09237410267814994
884.0 0.06531362887471914
885.0 0.09460776345804334
886.0 0.061638711486011744
887.0 0.08504256838932633
888.0 0.05752951838076115
889.0 0.08419856894761324
890.0 0.06716857897117734
891.0 0.10612413752824068
892.0 0.06077225552871823
893.0 0.10238729882985353
894.0 0.06736182840541005
895.0 0.10245844023302197
896.0 0.07061763317324221
897.0 0.10637614177539945
898.0 0.07473818841390312
899.0 0.11758413165807724
900.0 0.09121877374127507
901.0 0.13000480830669403
902.0 0.12836651876568794
903.0 0.13491589343175292
904.0 0.15431828796863556
905.0 0.17672599060460925
906.0 0.2190976869314909
907.0 0.2684040693566203
908.0 0.344256148673594
909.0 0.4326668567955494
910.0 0.6019581574946642
911.0 0.8043802343308926
912.0 1.1818541213870049
913.0 1.7454057931900024
914.0 2.480597235262394
915.0 3.5821039229631424
916.0 5.062701925635338
917.0 6.779368221759796
918.0 8.901175111532211
919.0 11.048167943954468
920.0 14.078548550605774
921.0 17.2612726688385
922.0 20.41652351617813
923.0 24.108852446079254
924.0 28.024664521217346
925.0 32.361698150634766
926.0 37.72678077220917
927.0 43.76412630081177
928.0 49.4331955909729
929.0 55.83571195602417
930.0 61.866945028305054
931.0 68.10630559921265
932.0 74.1710901260376
933.0 79.68542575836182
934.0 84.04034972190857
935.0 87.39727735519409
936.0 90.18218517303467
937.0 92.27780103683472
938.0 93.7160074710846
939.0 94.58385705947876
940.0 95.219886302948
941.0 95.55436372756958
942.0 96.00782990455627
943.0 96.24180197715759
944.0 96.69724106788635
945.0 96.75911664962769
946.0 96.89552783966064
947.0 96.9926655292511
948.0 97.09795117378235
949.0 97.0002293586731
950.0 97.11662530899048
951.0 97.12618589401245
952.0 97.11954593658447
953.0 97.25457429885864
954.0 97.29900360107422
955.0 97.36529588699341
956.0 97.60050773620605
957.0 97.80118465423584
958.0 98.00038933753967
959.0 98.16420674324036
960.0 98.29256534576416
961.0 98.37540984153748
962.0 98.4869658946991
963.0 98.52187633514404
964.0 98.61454367637634
965.0 98.64741563796997
966.0 98.74482154846191
967.0 98.8131582736969
968.0 98.80630373954773
969.0 98.78968000411987
970.0 98.83203506469727
971.0 98.8881528377533
972.0 98.93056750297546
973.0 98.9902675151825
974.0 99.01909828186035
975.0 98.99412989616394
976.0 99.0479826927185
977.0 99.0401029586792
978.0 99.1270124912262
979.0 99.08149838447571
980.0 99.09802079200745
981.0 98.98861646652222
982.0 98.94382357597351
983.0 98.97644519805908
984.0 98.92687797546387
985.0 98.91459941864014
986.0 98.790842294693
987.0 98.85748624801636
988.0 98.71752262115479
989.0 98.68793487548828
990.0 98.63158464431763
991.0 98.64366054534912
992.0 98.69977831840515
993.0 98.63427877426147
994.0 98.60826134681702
995.0 98.65168929100037
996.0 98.60556721687317
997.0 98.73013496398926
998.0 98.75571131706238
999.0 98.81791472434998
1000.0 98.87564182281494
1001.0 98.84243607521057
1002.0 98.94745349884033
1003.0 98.99106025695801
1004.0 99.0635633468628
1005.0 99.02169108390808
1006.0 99.15395975112915
1007.0 99.13697242736816
1008.0 99.13407564163208
1009.0 99.07147884368896
1010.0 99.11890029907227
1011.0 99.14125800132751
1012.0 99.05099272727966
1013.0 99.03362989425659
1014.0 99.00727272033691
1015.0 98.99715185165405
1016.0 98.93666505813599
1017.0 98.94477128982544
1018.0 99.03823137283325
1019.0 98.92149567604065
1020.0 98.96076917648315
1021.0 99.06255602836609
1022.0 98.93465638160706
1023.0 98.98030757904053
1024.0 98.96946549415588
1025.0 98.91129732131958
1026.0 98.99880290031433
1027.0 99.11157488822937
1028.0 98.99423122406006
1029.0 99.08302426338196
1030.0 99.13271069526672
1031.0 99.13774132728577
1032.0 99.11655783653259
1033.0 99.08143877983093
1034.0 99.16062355041504
1035.0 99.17457103729248
1036.0 99.10346269607544
1037.0 99.09345507621765
1038.0 99.15199875831604
1039.0 99.0330159664154
1040.0 98.99201989173889
1041.0 99.05291795730591
1042.0 99.03708696365356
1043.0 98.95971417427063
1044.0 99.01619553565979
1045.0 98.68887662887573
1046.0 98.91478419303894
1047.0 98.79922270774841
1048.0 98.85331988334656
1049.0 98.78740906715393
1050.0 98.83707761764526
1051.0 98.79769086837769
1052.0 98.70615601539612
1053.0 98.66474270820618
1054.0 98.89468550682068
1055.0 98.88496398925781
1056.0 98.86561036109924
1057.0 98.94510507583618
1058.0 98.73415231704712
1059.0 98.86863231658936
1060.0 98.90581965446472
1061.0 98.81463050842285
1062.0 98.81977438926697
1063.0 98.77329468727112
1064.0 99.07817840576172
1065.0 98.9902913570404
1066.0 98.92522692680359
1067.0 99.0013837814331
1068.0 99.00766015052795
1069.0 98.77074956893921
1070.0 99.06635880470276
1071.0 98.95710349082947
1072.0 99.07218217849731
1073.0 99.06077980995178
1074.0 98.80642890930176
1075.0 98.79951477050781
1076.0 98.29440712928772
1077.0 98.91618490219116
1078.0 99.15180802345276
1079.0 98.60813617706299
1080.0 99.34631586074829
1081.0 98.59996438026428
1082.0 98.62598776817322
1083.0 98.72608184814453
1084.0 98.90317916870117
1085.0 98.91296625137329
1086.0 98.69619607925415
1087.0 98.86876344680786
1088.0 98.67401719093323
1089.0 98.479562997818
1090.0 98.61124753952026
1091.0 98.82032871246338
1092.0 98.83150458335876
1093.0 98.62344861030579
1094.0 98.58590960502625
1095.0 98.34661483764648
1096.0 98.33078980445862
1097.0 98.34058284759521
1098.0 97.74509072303772
1099.0 98.69094491004944
1100.0 98.12502264976501
