lsstCam/transmission_filter_detector/r03_s22/y_10/19700101T000000.ecsv
# %ECSV 1.0
# ---
# datatype:
# - {name: wavelength, unit: nm, datatype: float32}
# - {name: efficiency, unit: '%', datatype: float64}
# meta: !!omap
# - {MODE: DETECTOR}
# - {TYPE: transmission_filter_detector}
# - {CALIBDATE: '1970-01-01T00:00:00'}
# - {INSTRUME: LSSTCam}
# - {OBSTYPE: transmission_filter_detector}
# - {CALIBCLS: lsst.ip.isr.IntermediateFilterDetectorTransmissionCurve}
# - {SOURCE: Materion (DM-46256)}
# - {DETECTOR: 26}
# - {FILTER: y_10}
# - {CALIB_ID: 'calibDate=1970-01-01T00:00:00 filter=y_10 detector=26'}
# - {DATE: '2025-04-02T15:59:50.862743'}
# - {CALIB_CREATION_DATE: '2025-04-02'}
# - {CALIB_CREATION_TIME: '15:59:50'}
# - __serialized_columns__:
#     efficiency:
#       __class__: astropy.units.quantity.Quantity
#       unit: !astropy.units.Unit {unit: '%'}
#       value: !astropy.table.SerializedColumn {name: efficiency}
#     wavelength:
#       __class__: astropy.units.quantity.Quantity
#       unit: !astropy.units.Unit {unit: nm}
#       value: !astropy.table.SerializedColumn {name: wavelength}
# schema: astropy-2.0
wavelength efficiency
300.0 0.5312979221343994
301.0 0.2868520328775048
302.0 0.0424061028752476
303.0 0.038034963654354215
304.0 0.03366382734384388
305.0 0.0215431849937886
306.0 0.009422538278158754
307.0 0.015464054013136774
308.0 0.02150556683773175
309.0 0.015048253408167511
310.0 0.00859093852341175
311.0 0.007950009603518993
312.0 0.00730907850083895
313.0 0.006897746061440557
314.0 0.006486412166850641
315.0 0.005300228076521307
316.0 0.004114046532777138
317.0 0.00455522422271315
318.0 0.004996398274670355
319.0 0.002369616959185805
320.0 1.6720730702801667e-10
321.0 0.0020417512132553384
322.0 0.004340668238000944
323.0 0.0029062883186270483
324.0 0.0014719085811520927
325.0 0.00047271273615479004
326.0 1.6720730702801667e-10
327.0 0.00026720344976638444
328.0 0.0010608903721731622
329.0 0.002758539267233573
330.0 0.004456188253243454
331.0 0.003830944115179591
332.0 0.0032056996133178473
333.0 0.0023454784241039306
334.0 0.001485256780142663
335.0 0.0015636027455911972
336.0 0.0016419489838881418
337.0 0.002486685298208613
338.0 0.0033314212487312034
339.0 0.001808010711101815
340.0 0.0002845998096745461
341.0 1.6720730702801667e-10
342.0 1.6720730702801667e-10
343.0 0.0001325885364167334
344.0 0.0008094896656984929
345.0 0.001275162685487885
346.0 0.0017408363419235684
347.0 0.0017253898477065377
348.0 0.0017099431715905666
349.0 0.0013243108696769923
350.0 0.0009386781130160671
351.0 0.001454523044230882
352.0 0.001970367338799406
353.0 0.0016025513104978018
354.0 0.0012347351002972573
355.0 0.0014026823919266462
356.0 0.0015706296835560352
357.0 0.0010503322300792206
358.0 0.0005300345947034657
359.0 0.0007689633093832526
360.0 0.0010078918421640992
361.0 0.0012492173482314683
362.0 0.0014905426723998971
363.0 0.0011512584023876116
364.0 0.0008119738595269155
365.0 0.0011961394193349406
366.0 0.001580305615789257
367.0 0.0020884723198832944
368.0 0.002596639205876272
369.0 0.0021716563423979096
370.0 0.001746673478919547
371.0 0.0017269203453906812
372.0 0.001707167029962875
373.0 0.002097214564855676
374.0 0.0024872620997484773
375.0 0.0033577038266230375
376.0 0.004228145553497598
377.0 0.0041450595745118335
378.0 0.004061973595526069
379.0 0.0036727153201354668
380.0 0.003283457044744864
381.0 0.0021884121451876126
382.0 0.0010933670637314208
383.0 0.0011334530427120626
384.0 0.001173538839793764
385.0 0.0009142423550656531
386.0 0.0006549458703375421
387.0 0.000722704589861678
388.0 0.0007904633093858138
389.0 0.0006708311957481783
390.0 0.0005511990821105428
391.0 0.0005344742930901702
392.0 0.0005177495495445328
393.0 0.0005520625109056709
394.0 0.0005863756541657494
395.0 0.0005874113412573934
396.0 0.0005884470738237724
397.0 0.0007594152521051001
398.0 0.0009303833394369576
399.0 0.0012029732715745922
400.0 0.0014755632037122268
401.0 0.0016477511962875724
402.0 0.0018199394617113285
403.0 0.0018340806491323747
404.0 0.0018482218365534209
405.0 0.001832203270168975
406.0 0.0018161850675824098
407.0 0.0015378842363134027
408.0 0.0012595834959938657
409.0 0.0009930347914632875
410.0 0.0007264856776600936
411.0 0.00026342559067416005
412.0 1.6720730702801667e-10
413.0 0.0007596913746965583
414.0 0.0017190170183312148
415.0 0.0023443430109182373
416.0 0.0029696691854042
417.0 0.0014279130482464097
418.0 1.6720730702801667e-10
419.0 1.6720730702801667e-10
420.0 1.6720730702801667e-10
421.0 1.6720730702801667e-10
422.0 0.000521794072483317
423.0 0.0006056513484509196
424.0 0.0006895084425195819
425.0 1.6720730702801667e-10
426.0 1.6720730702801667e-10
427.0 1.6720730702801667e-10
428.0 0.0003228179821235244
429.0 6.411508479686745e-05
430.0 1.6720730702801667e-10
431.0 0.0003165006091876421
432.0 0.0008275891559605952
433.0 0.00076855158113176
434.0 0.0007095145519997459
435.0 0.00019827923551929416
436.0 1.6720730702801667e-10
437.0 1.6720730702801667e-10
438.0 9.968032372853486e-05
439.0 1.6720730702801667e-10
440.0 1.6720730702801667e-10
441.0 1.6720730702801667e-10
442.0 1.6720730702801667e-10
443.0 1.6720730702801667e-10
444.0 0.00014207746517058695
445.0 7.933466008580581e-05
446.0 1.659179105217845e-05
447.0 0.0004776064997713547
448.0 0.0009386212695972063
449.0 0.0009604244951333385
450.0 0.0009822276297200006
451.0 0.0003557379841367947
452.0 1.6720730702801667e-10
453.0 1.6720730702801667e-10
454.0 1.6720730702801667e-10
455.0 1.6720730702801667e-10
456.0 1.6720730702801667e-10
457.0 1.6720730702801667e-10
458.0 1.6720730702801667e-10
459.0 0.00014751043408978148
460.0 0.0004655366410588613
461.0 0.0004240914222464198
462.0 0.00038264620343397837
463.0 0.0003666022848847206
464.0 0.0003505583890728303
465.0 0.000418257786805043
466.0 0.0004859572982240934
467.0 0.0010215499059995636
468.0 0.0015571422409266233
469.0 0.0015347677617683075
470.0 0.0015123928278626408
471.0 0.001488745056121843
472.0 0.0014650970115326345
473.0 0.0020982577552786097
474.0 0.002731418499024585
475.0 0.0026760139007819816
476.0 0.0026206093025393784
477.0 0.0030633254937129095
478.0 0.0035060416848864406
479.0 0.003909863517037593
480.0 0.004313685349188745
481.0 0.004419457036419772
482.0 0.004525228723650798
483.0 0.0039044178265612572
484.0 0.0032836069294717163
485.0 0.00350231712218374
486.0 0.003721027314895764
487.0 0.0031998974009184167
488.0 0.002678767305042129
489.0 0.0024122700779116713
490.0 0.002145773578376975
491.0 0.0017578307961230166
492.0 0.0013698875591217075
493.0 0.0010098120583279524
494.0 0.0006497371032310184
495.0 0.0009320973731519189
496.0 0.0012144579159212299
497.0 0.0017568425391800702
498.0 0.0022992277081357315
499.0 0.002345997745578643
500.0 0.0023927679649204947
501.0 0.0023151151253841817
502.0 0.0022374626496457495
503.0 0.002398181277385447
504.0 0.002558899541327264
505.0 0.0031153656891547143
506.0 0.003671832018881105
507.0 0.0026255991542711854
508.0 0.0015793655620655045
509.0 0.001757922291290015
510.0 0.0019364788386155851
511.0 0.0019976057956228033
512.0 0.0020587327526300214
513.0 0.0020162129658274353
514.0 0.00197369372472167
515.0 0.0017519960238132626
516.0 0.001530298322904855
517.0 0.0014879881746310275
518.0 0.0014456776625593193
519.0 0.0014669572919956408
520.0 0.001488236739533022
521.0 0.001639406218600925
522.0 0.001790575151972007
523.0 0.0016416501239291392
524.0 0.001492724823037861
525.0 0.002031937583524268
526.0 0.002571150798758026
527.0 0.0023268568838830106
528.0 0.0020825636966037564
529.0 0.0025341494620079175
530.0 0.002985735045513138
531.0 0.002706995110202115
532.0 0.0024282549929921515
533.0 0.0025693068891996518
534.0 0.0027103584216092713
535.0 0.002397380376351066
536.0 0.00208440196729498
537.0 0.002329034214199055
538.0 0.00257366646110313
539.0 0.003186518733855337
540.0 0.0037993704609107226
541.0 0.003907097925548442
542.0 0.0040148257539840415
543.0 0.0042472405766602606
544.0 0.00447965539933648
545.0 0.0047876397729851305
546.0 0.0050956241466337815
547.0 0.004321442247601226
548.0 0.0035472599847707897
549.0 0.002957505057565868
550.0 0.0023677497665630654
551.0 0.0025172606910928153
552.0 0.0026667717975215055
553.0 0.0030652343411929905
554.0 0.0034636963391676545
555.0 0.003744159039342776
556.0 0.004024622103315778
557.0 0.0038711350498488173
558.0 0.0037176479963818565
559.0 0.0033995704143308103
560.0 0.003081492832279764
561.0 0.0035600984119810164
562.0 0.004038703264086507
563.0 0.0035515295166987926
564.0 0.003064355405513197
565.0 0.003737354199984111
566.0 0.004410353358252905
567.0 0.00457110108982306
568.0 0.004731848821393214
569.0 0.005489205796038732
570.0 0.006246562406886369
571.0 0.0062801998865325
572.0 0.006313837366178632
573.0 0.00646204425720498
574.0 0.006610251875827089
575.0 0.006445037433877587
576.0 0.006279822264332324
577.0 0.005731056444346905
578.0 0.005182290624361485
579.0 0.005608724313788116
580.0 0.006035158367012627
581.0 0.006718036456732079
582.0 0.007400914182653651
583.0 0.008436683128820732
584.0 0.009472449164604768
585.0 0.00981867269729264
586.0 0.010164897685172036
587.0 0.010197767551289871
588.0 0.01023063450702466
589.0 0.010582551476545632
590.0 0.010934469901258126
591.0 0.010122369712917134
592.0 0.009310268796980381
593.0 0.0077519522164948285
594.0 0.006193638546392322
595.0 0.005921579941059463
596.0 0.005649522063322365
597.0 0.006016077168169431
598.0 0.006382633000612259
599.0 0.00738289745640941
600.0 0.008383160457015038
601.0 0.008920537220546976
602.0 0.009457910346100107
603.0 0.010488159023225307
604.0 0.011518409155542031
605.0 0.011631677625700831
606.0 0.011744948278646916
607.0 0.010141124221263453
608.0 0.008537302346667275
609.0 0.006578709871973842
610.0 0.004620118852471933
611.0 0.0038526191929122433
612.0 0.003085119533352554
613.0 0.003645004835561849
614.0 0.004204889046377502
615.0 0.004811757025890984
616.0 0.005418626096798107
617.0 0.006762727571185678
618.0 0.00810682904557325
619.0 0.008863135008141398
620.0 0.009619441698305309
621.0 0.010800355084938928
622.0 0.011981269926764071
623.0 0.011955708760069683
624.0 0.011930146865779534
625.0 0.010589966404950246
626.0 0.009249783761333674
627.0 0.007282188744284213
628.0 0.00531459299963899
629.0 0.004415411603986286
630.0 0.0035162302083335817
631.0 0.002961120662803296
632.0 0.0024060111172730103
633.0 0.002526001480873674
634.0 0.0026459922082722187
635.0 0.002782710907922592
636.0 0.0029194292437750846
637.0 0.0037263616832206026
638.0 0.0045332941226661205
639.0 0.004686968895839527
640.0 0.004840643305215053
641.0 0.005314133159117773
642.0 0.005787623376818374
643.0 0.005667789810104296
644.0 0.005547955879592337
645.0 0.005271520058158785
646.0 0.0049950842367252335
647.0 0.004081575752934441
648.0 0.0031680672691436484
649.0 0.002227684308309108
650.0 0.0012873011655756272
651.0 0.0014022408322489355
652.0 0.0015171807717706542
653.0 0.0015208878721750807
654.0 0.0015245947906805668
655.0 0.0016518017218913883
656.0 0.0017790091078495607
657.0 0.0014469957932305988
658.0 0.001114982569561107
659.0 0.0015817995517863892
660.0 0.0020486166249611415
661.0 0.0018614588043419644
662.0 0.0016743006199249066
663.0 0.002357212724746205
664.0 0.0030401250114664435
665.0 0.0035330413084011525
666.0 0.0040259576053358614
667.0 0.004595960126607679
668.0 0.005165961556485854
669.0 0.005348843478714116
670.0 0.005531722126761451
671.0 0.006189004488987848
672.0 0.006846288306405768
673.0 0.007767808710923418
674.0 0.008689330570632592
675.0 0.0082897771790158
676.0 0.007890225970186293
677.0 0.006227025005500764
678.0 0.004563824040815234
679.0 0.0030268303817138076
680.0 0.0014898374502081424
681.0 0.0006000638222758425
682.0 1.6720730702801667e-10
683.0 0.000129660440961743
684.0 0.0005490308467415161
685.0 0.00029349819214985473
686.0 3.796556029556086e-05
687.0 4.674782019264967e-05
688.0 5.553014261749922e-05
689.0 0.0002134632495653932
690.0 0.0003713964360940736
691.0 0.0004078322490386199
692.0 0.00044426806198316626
693.0 0.0004619931132765487
694.0 0.000479718119095196
695.0 0.0005343624707165873
696.0 0.0005890068223379785
697.0 0.0005786199380963808
698.0 0.000568233008380048
699.0 0.000562811237614369
700.0 0.0005573891940002795
701.0 0.0004359756076155463
702.0 0.00031456208944291575
703.0 0.00028770296012226027
704.0 0.0002608438308016048
705.0 0.0003113972297796863
706.0 0.0003619504468588275
707.0 4.469945338314574e-05
708.0 1.6720730702801667e-10
709.0 2.5684815341264766e-05
710.0 0.00032392124467151007
711.0 0.0004914123110211222
712.0 0.0006589034455828369
713.0 0.0003636311021182337
714.0 6.835880412836559e-05
715.0 0.0002611850277389749
716.0 0.0004540112513495842
717.0 0.0004279029326426098
718.0 0.0004017946139356354
719.0 0.0004766324309457559
720.0 0.0005514702024811413
721.0 0.0003891203050443437
722.0 0.00022677043034491362
723.0 0.00021264715996949235
724.0 0.000198523844119336
725.0 0.0003161924041705788
726.0 0.00043386116885812953
727.0 0.00017665490759100066
728.0 1.6720730702801667e-10
729.0 0.00022943040676182136
730.0 0.0005394121217250358
731.0 0.000526787516719196
732.0 0.0005141631390870316
733.0 0.00012515960179371177
734.0 1.6720730702801667e-10
735.0 1.6720730702801667e-10
736.0 1.6720730702801667e-10
737.0 0.0002955384388769744
738.0 0.000814370832813438
739.0 0.0004663903837354155
740.0 0.00011840958222819609
741.0 2.1577380948656355e-05
742.0 1.6720730702801667e-10
743.0 1.6720730702801667e-10
744.0 1.6720730702801667e-10
745.0 0.00015899632899163407
746.0 0.0005832351234857924
747.0 0.0002484730885043973
748.0 1.6720730702801667e-10
749.0 1.6720730702801667e-10
750.0 1.6720730702801667e-10
751.0 1.6720730702801667e-10
752.0 9.609758535589208e-05
753.0 0.0002561069322837284
754.0 0.00041611624510551337
755.0 1.6720730702801667e-10
756.0 1.6720730702801667e-10
757.0 1.6720730702801667e-10
758.0 1.6720730702801667e-10
759.0 0.0003226596618333133
760.0 0.0008003516086318996
761.0 0.0003955832653446123
762.0 1.6720730702801667e-10
763.0 1.6720730702801667e-10
764.0 1.6720730702801667e-10
765.0 0.0001100053736990958
766.0 0.0004033704499306623
767.0 6.71167072141543e-05
768.0 1.6720730702801667e-10
769.0 1.6720730702801667e-10
770.0 1.6720730702801667e-10
771.0 1.6720730702801667e-10
772.0 1.6720730702801667e-10
773.0 0.0003542141485013417
774.0 0.0008678716767462902
775.0 0.0004972308033757145
776.0 0.00012658988453040365
777.0 0.00021814801129949046
778.0 0.0003097061608059448
779.0 0.00047829817049205303
780.0 0.0006468901574407937
781.0 0.0006132872840680648
782.0 0.0005796843652206007
783.0 0.00029229031497379765
784.0 4.896298477774508e-06
785.0 2.1668982697065076e-05
786.0 3.8441376659648085e-05
787.0 0.000480105927636032
788.0 0.0009217703336616978
789.0 0.0008101974344754126
790.0 0.0006986246717133326
791.0 0.0004976803211320657
792.0 0.0002967356977023883
793.0 0.0004822392384085106
794.0 0.0006677424607914872
795.0 0.0008100313607428689
796.0 0.0009523200787953101
797.0 0.00046411732910200953
798.0 1.6720730702801667e-10
799.0 0.0004857348812947748
800.0 0.0009955552741303109
801.0 0.00043774748519354034
802.0 1.6720730702801667e-10
803.0 0.00019885978872480337
804.0 0.0005177798811928369
805.0 0.0007830862159607932
806.0 0.0010483924597792793
807.0 0.0007284714683919447
808.0 0.0004085504315298749
809.0 0.00017355043837596895
810.0 1.6720730702801667e-10
811.0 0.00025390536393388174
812.0 0.0005692602826457005
813.0 0.0007476747668988537
814.0 0.0009260892511520069
815.0 0.0008829091711959336
816.0 0.0008397285455430392
817.0 0.0008909688403946348
818.0 0.0009422091352462303
819.0 0.0009134849278780166
820.0 0.0008847608114592731
821.0 0.0008032927325984929
822.0 0.0007218246082629776
823.0 0.0007368517344730208
824.0 0.0007518791335314745
825.0 0.0007297111551451962
826.0 0.0007075432222336531
827.0 0.0008036592589633074
828.0 0.0008997753866424318
829.0 0.0004782565611094469
830.0 5.6737655995675595e-05
831.0 0.00015765541547807516
832.0 0.0002585733909654664
833.0 0.0004261998583388049
834.0 0.0005938263257121434
835.0 9.73183844621417e-06
836.0 1.6720730702801667e-10
837.0 1.6720730702801667e-10
838.0 1.6720730702801667e-10
839.0 0.0002924813770732726
840.0 0.0007387632194877369
841.0 0.0010524014214752242
842.0 0.0013660395779879764
843.0 0.000875867590366397
844.0 0.0003856952844216721
845.0 0.0004105863354197936
846.0 0.00043547729546844494
847.0 0.0007233219093905063
848.0 0.0010111665687873028
849.0 0.0008564929885324091
850.0 0.0007018189535301644
851.0 0.0010934789315797389
852.0 0.0014851389096293133
853.0 0.000535682784175151
854.0 1.6720730702801667e-10
855.0 1.6720730702801667e-10
856.0 1.6720730702801667e-10
857.0 0.0003678125040096347
858.0 0.0014590276805392932
859.0 0.0012905738003610168
860.0 0.0011221195563848596
861.0 0.0012717739991785493
862.0 0.0014214287148206495
863.0 0.0015826493836357258
864.0 0.0017438702343497425
865.0 0.0019286000679130666
866.0 0.0021133302652742714
867.0 0.002768147533060983
868.0 0.0034229648008476943
869.0 0.002950755697384011
870.0 0.002478546230122447
871.0 0.0032300958991982043
872.0 0.003981645932071842
873.0 0.002885438152588904
874.0 0.001789230555004906
