lsstCam/transmission_filter_detector/r34_s20/z_20/19700101T000000.ecsv
# %ECSV 1.0
# ---
# datatype:
# - {name: wavelength, unit: nm, datatype: float32}
# - {name: efficiency, unit: '%', datatype: float64}
# meta: !!omap
# - {MODE: DETECTOR}
# - {TYPE: transmission_filter_detector}
# - {CALIBDATE: '1970-01-01T00:00:00'}
# - {INSTRUME: LSSTCam}
# - {OBSTYPE: transmission_filter_detector}
# - {CALIBCLS: lsst.ip.isr.IntermediateFilterDetectorTransmissionCurve}
# - {SOURCE: Materion (DM-46256)}
# - {DETECTOR: 159}
# - {FILTER: z_20}
# - {CALIB_ID: 'calibDate=1970-01-01T00:00:00 filter=z_20 detector=159'}
# - {DATE: '2025-04-02T15:59:49.378854'}
# - {CALIB_CREATION_DATE: '2025-04-02'}
# - {CALIB_CREATION_TIME: '15:59:49'}
# - __serialized_columns__:
#     efficiency:
#       __class__: astropy.units.quantity.Quantity
#       unit: !astropy.units.Unit {unit: '%'}
#       value: !astropy.table.SerializedColumn {name: efficiency}
#     wavelength:
#       __class__: astropy.units.quantity.Quantity
#       unit: !astropy.units.Unit {unit: nm}
#       value: !astropy.table.SerializedColumn {name: wavelength}
# schema: astropy-2.0
wavelength efficiency
300.0 0.42029833421111107
301.0 0.3500255523249507
302.0 0.27975274715572596
303.0 0.23716294672340155
304.0 0.19457314629107714
305.0 0.17601323779672384
306.0 0.15745330601930618
307.0 0.1546420739032328
308.0 0.15183077193796635
309.0 0.14036304783076048
310.0 0.12889531208202243
311.0 0.120884261559695
312.0 0.11287321103736758
313.0 0.10360553860664368
314.0 0.0943378428928554
315.0 0.0862384622450918
316.0 0.078139069955796
317.0 0.07177828811109066
318.0 0.06541750626638532
319.0 0.06506798672489822
320.0 0.06471846136264503
321.0 0.06247827550396323
322.0 0.06023808382451534
323.0 0.05588489002548158
324.0 0.05153170204721391
325.0 0.04964341060258448
326.0 0.047755116247572005
327.0 0.04189798200968653
328.0 0.036040847771801054
329.0 0.03501849714666605
330.0 0.033996143611148
331.0 0.03386582247912884
332.0 0.03373549843672663
333.0 0.029566895682364702
334.0 0.02539829001761973
335.0 0.025097120669670403
336.0 0.024795954232104123
337.0 0.020473255426622927
338.0 0.0161505609867163
339.0 0.01759516599122435
340.0 0.019039773906115443
341.0 0.0179035501787439
342.0 0.016767326451372355
343.0 0.01624889118829742
344.0 0.01573045738041401
345.0 0.014132320939097553
346.0 0.012534183042589575
347.0 0.013136757479514927
348.0 0.013739330461248755
349.0 0.012803636491298676
350.0 0.011867941066157073
351.0 0.01175297875306569
352.0 0.01163801716757007
353.0 0.011093058856204152
354.0 0.010548104910412803
355.0 0.01088084900402464
356.0 0.011213594552827999
357.0 0.011045119754271582
358.0 0.010876643500523642
359.0 0.010772720270324498
360.0 0.010668797040125355
361.0 0.010324021423002705
362.0 0.009979246533475816
363.0 0.01003993020276539
364.0 0.010100613144459203
365.0 0.010073003068100661
366.0 0.010045392264146358
367.0 0.009252494055544958
368.0 0.008459595846943557
369.0 0.008600407454650849
370.0 0.008741221245145425
371.0 0.008445051935268566
372.0 0.008148882625391707
373.0 0.008095421071629971
374.0 0.008041958062676713
375.0 0.00654735995340161
376.0 0.005052761116530746
377.0 0.004780022572958842
378.0 0.004507283301791176
379.0 0.005027800580137409
380.0 0.005548318222281523
381.0 0.00545053044334054
382.0 0.005352742300601676
383.0 0.004955230906489305
384.0 0.004557719148579054
385.0 0.004356557110440917
386.0 0.004155395072302781
387.0 0.004588663432514295
388.0 0.005021931792725809
389.0 0.0049117104936158285
390.0 0.004801489558303729
391.0 0.004428638203535229
392.0 0.004055786848766729
393.0 0.003865402322844602
394.0 0.003675017796922475
395.0 0.0034497839806135744
396.0 0.0032245505281025544
397.0 0.0035803401260636747
398.0 0.003936129724024795
399.0 0.00386448300560005
400.0 0.003792836650973186
401.0 0.004878498657490127
402.0 0.005964160664007068
403.0 0.004922597508993931
404.0 0.003881033990182914
405.0 0.004224808799335733
406.0 0.00456858251709491
407.0 0.004886896931566298
408.0 0.005205211709835567
409.0 0.004542895112535916
410.0 0.0038805788790341467
411.0 0.004521623850450851
412.0 0.005162668458069675
413.0 0.0055449239880545065
414.0 0.005927179518039338
415.0 0.004847708623856306
416.0 0.0037682380934711546
417.0 0.0028484611902968027
418.0 0.0019286842871224508
419.0 0.0027704722015187144
420.0 0.003612260479712859
421.0 0.002808457793435082
422.0 0.0020046552890562452
423.0 0.002313520781171974
424.0 0.0026223862732877024
425.0 0.003017810195160564
426.0 0.003413234298932366
427.0 0.003088820812990889
428.0 0.002764407327049412
429.0 0.0023650129151064903
430.0 0.0019656183212646283
431.0 0.0020820907593588345
432.0 0.0021985630155541003
433.0 0.0021599138563033193
434.0 0.0021212648789514787
435.0 0.002860953645722475
436.0 0.0036006422305945307
437.0 0.002894586941692978
438.0 0.0021885314708924852
439.0 0.002137305273208767
440.0 0.002086079075525049
441.0 0.0022603302568313666
442.0 0.0024345816200366244
443.0 0.002339533602935262
444.0 0.002244485222036019
445.0 0.0018002903743763454
446.0 0.0013560953448177315
447.0 0.001478644844610244
448.0 0.0016011943444027565
449.0 0.0021268100681481883
450.0 0.0026524254280957393
451.0 0.0020308225430198945
452.0 0.0014092196579440497
453.0 0.001887476901174523
454.0 0.0023657337806071155
455.0 0.0022676294975099154
456.0 0.0021695252144127153
457.0 0.0015843208529986441
458.0 0.0009991165825340431
459.0 0.0012654407328227535
460.0 0.001531764974060934
461.0 0.001397924825141672
462.0 0.0012640847671718802
463.0 0.0012927082025271375
464.0 0.0013213316378823947
465.0 0.0013001985280425288
466.0 0.0012790651453542523
467.0 0.0010879559340537526
468.0 0.0008968466318037827
469.0 0.00109876336864545
470.0 0.001300680287386058
471.0 0.0012008133126073517
472.0 0.0011009463378286455
473.0 0.0013640398719871882
474.0 0.0016271333151962608
475.0 0.0015359108147094958
476.0 0.0014446882232732605
477.0 0.0015092997273313813
478.0 0.0015739111404400319
479.0 0.001791862268873956
480.0 0.0020098135792068206
481.0 0.0017604837921680883
482.0 0.0015111540960788261
483.0 0.0012660490938287694
484.0 0.0010209441825281829
485.0 0.0011833960343210492
486.0 0.0013458479770633858
487.0 0.0011492924386402592
488.0 0.0009527369911666028
489.0 0.0009319180207967293
490.0 0.0009110989594773855
491.0 0.0011153430023114197
492.0 0.0013195870451454539
493.0 0.0016906387827475555
494.0 0.0020616906112991273
495.0 0.001778869773261249
496.0 0.001496049026172841
497.0 0.001458778206142597
498.0 0.0014215073861123528
499.0 0.0015630079360562377
500.0 0.001704508213151712
501.0 0.0016032581697800197
502.0 0.0015020081264083274
503.0 0.0012270147635717876
504.0 0.0009520214916847181
505.0 0.001517273994977586
506.0 0.0020825262254220434
507.0 0.0016991984011838213
508.0 0.001315870485996129
509.0 0.0012686342415690888
510.0 0.0012213979061925784
511.0 0.0011700932191160973
512.0 0.0011187882591912057
513.0 0.0013967720406071749
514.0 0.0016747555491747335
515.0 0.0015592167983413674
516.0 0.0014436780475080013
517.0 0.0011172274753334932
518.0 0.0007907771760073956
519.0 0.0013125595614837948
520.0 0.0018343422198086046
521.0 0.0018491167793399654
522.0 0.001863891702669207
523.0 0.0018438962797517888
524.0 0.0018239006749354303
525.0 0.0013458233297569677
526.0 0.0008677459845785052
527.0 0.001008345770969754
528.0 0.0011489459211588837
529.0 0.0010762583769974299
530.0 0.0010035710147349164
531.0 0.0012036688531225082
532.0 0.00140376678245957
533.0 0.0013624417078972328
534.0 0.0013211166333348956
535.0 0.0015714032997493632
536.0 0.0018216898752143607
537.0 0.0017280102838412859
538.0 0.0016343308743671514
539.0 0.0012531696484074928
540.0 0.0008720085133973043
541.0 0.0011281024853815325
542.0 0.0013841962754668202
543.0 0.0010754301001725253
544.0 0.0007666639248782303
545.0 0.0012799330761481542
546.0 0.001793202136468608
547.0 0.0014873438885842916
548.0 0.0011814853678515647
549.0 0.0016610998500254937
550.0 0.0021407142412499525
551.0 0.001993869955185801
552.0 0.0018470254872227088
553.0 0.0018089967852574773
554.0 0.0017709679013933055
555.0 0.0018205595551989973
556.0 0.0018701510271057487
557.0 0.0016803229300421663
558.0 0.0014904944691807032
559.0 0.0013924005543231033
560.0 0.001294306457566563
561.0 0.0011867951798194554
562.0 0.0010792839020723477
563.0 0.0013977229173178785
564.0 0.0017161621144623496
565.0 0.0017821717847255059
566.0 0.0018481814549886622
567.0 0.0019953020455432124
568.0 0.0021424226360977627
569.0 0.0023947644876898266
570.0 0.002647106521180831
571.0 0.002685628533072304
572.0 0.002724150544963777
573.0 0.002328374102944508
574.0 0.001932597479026299
575.0 0.001820045872591436
576.0 0.0017074942661565728
577.0 0.0018126893337466754
578.0 0.0019178842194378376
579.0 0.0018308266589883715
580.0 0.001743768916639965
581.0 0.001857848656072747
582.0 0.0019719285774044693
583.0 0.001760954546625726
584.0 0.0015499803339480422
585.0 0.0019414415874052793
586.0 0.0023329024770646356
587.0 0.0020633888198062778
588.0 0.0017938747987500392
589.0 0.001970442826859653
590.0 0.002147010854969267
591.0 0.0018747939975582995
592.0 0.0016025773220462725
593.0 0.0012868772500951309
594.0 0.0009711769962450489
595.0 0.0009920026059262455
596.0 0.0010128280337085016
597.0 0.0007267293767654337
598.0 0.0004406307198223658
599.0 0.0007557861863460857
600.0 0.0010709415619203355
601.0 0.0008922485903894994
602.0 0.0007135554824344581
603.0 0.0011488805284898262
604.0 0.001584205347171519
605.0 0.0013904416846344247
606.0 0.0011966776582994498
607.0 0.0010083992492582183
608.0 0.0008201210221159272
609.0 0.0006634551482420648
610.0 0.0005067893653176725
611.0 0.0007883459147706162
612.0 0.0010699023732740898
613.0 0.0011889289453392848
614.0 0.0013079558812023606
615.0 0.0011475219253043178
616.0 0.0009870880603557453
617.0 0.001427644929208327
618.0 0.0018682019799598493
619.0 0.0016943406080827117
620.0 0.0015204795090539847
621.0 0.0014317382920125965
622.0 0.0013429971659206785
623.0 0.0013869631402485538
624.0 0.0014309289326774888
625.0 0.001541136225569062
626.0 0.0016513433365616947
627.0 0.001914968561322894
628.0 0.0021785934222862124
629.0 0.00228520184464287
630.0 0.0023918097213027067
631.0 0.002485159166099038
632.0 0.002578508428996429
633.0 0.0029428369089146145
634.0 0.003307165752630681
635.0 0.005792182491859421
636.0 0.008277199958683923
637.0 0.015367736341431737
638.0 0.022458276362158358
639.0 0.019974392489530146
640.0 0.017490508616901934
641.0 0.015205921954475343
642.0 0.01292133383685723
643.0 0.009498472354607657
644.0 0.0060756112361559644
645.0 0.006081886749598198
646.0 0.006088162990636192
647.0 0.005687542579835281
648.0 0.00528692253283225
649.0 0.0042515024688327685
650.0 0.0032160827686311677
651.0 0.003325039506307803
652.0 0.0034339962439844385
653.0 0.0027681577194016427
654.0 0.002102319194818847
655.0 0.002267693889734801
656.0 0.002433068584650755
657.0 0.0024700042558833957
658.0 0.002506939745217096
659.0 0.002326040521438699
660.0 0.0021451409338624217
661.0 0.00250512075581355
662.0 0.0028651005777646787
663.0 0.0023084932763595134
664.0 0.0017518865206511691
665.0 0.0016089654309325852
666.0 0.0014660447050118819
667.0 0.0013600754755316302
668.0 0.0012541060641524382
669.0 0.0012992433767067268
670.0 0.0013443806892610155
671.0 0.0011112319043604657
672.0 0.0008780830285104457
673.0 0.0013553023563872557
674.0 0.0018325215933145955
675.0 0.0015134150999074336
676.0 0.0011943086065002717
677.0 0.0013798816326016095
678.0 0.0015654548406018876
679.0 0.001668137701926753
680.0 0.0017708205632516183
681.0 0.0018292035747435875
682.0 0.0018875869500334375
683.0 0.0023355742087005638
684.0 0.00278356146736769
685.0 0.0027115962438983843
686.0 0.002639631202328019
687.0 0.002591567135823425
688.0 0.0025435032512177713
689.0 0.002473272616043687
690.0 0.0024030421627685428
691.0 0.0022852780602988787
692.0 0.0021675137759302743
693.0 0.0027297895940137096
694.0 0.0032920655939960852
695.0 0.0035000688512809575
696.0 0.0037080721085658297
697.0 0.0038501959352288395
698.0 0.003992319398093969
699.0 0.005740319465985522
700.0 0.007488319533877075
701.0 0.007440077752107754
702.0 0.007391835970338434
703.0 0.006633785233134404
704.0 0.005875735223526135
705.0 0.004794414417119697
706.0 0.0037130950659047812
707.0 0.0033521471777930856
708.0 0.0029911994715803303
709.0 0.0036717065086122602
710.0 0.00435221336374525
711.0 0.004155135684413835
712.0 0.003958058368880302
713.0 0.003234742325730622
714.0 0.002511426282580942
715.0 0.0024522119929315522
716.0 0.0023929977032821625
717.0 0.0022232627088669688
718.0 0.0020535275325528346
719.0 0.0018778615412884392
720.0 0.0017021957319229841
721.0 0.0022841350073576905
722.0 0.002866074282792397
723.0 0.0026855868782149628
724.0 0.0025050994736375287
725.0 0.0019295255697215907
726.0 0.001353951847704593
727.0 0.0014896301763656083
728.0 0.0016253083231276833
729.0 0.0014850204024696723
730.0 0.001344732390862191
731.0 0.001011396943795262
732.0 0.0006780614057788625
733.0 0.0010957993254123721
734.0 0.0015135370631469414
735.0 0.00125381457110052
736.0 0.0009940919881046284
737.0 0.000997731967800064
738.0 0.0010013719474954996
739.0 0.0014180502148519736
740.0 0.0018347285731579177
741.0 0.0014192285561875906
742.0 0.0010037284482677933
743.0 0.0012692347809206694
744.0 0.0015347410226240754
745.0 0.001779804915713612
746.0 0.002024868990702089
747.0 0.00199302303371951
748.0 0.001961177258635871
749.0 0.00274107569566695
750.0 0.0035209741326980293
751.0 0.003177815960953012
752.0 0.002834658334904816
753.0 0.0028949909392395057
754.0 0.002955323907372076
755.0 0.0026794607038027607
756.0 0.0024035971364355646
757.0 0.0023916316422400996
758.0 0.0023796659661456943
759.0 0.0025856552383629605
760.0 0.0027916443286812864
761.0 0.0045034914364805445
762.0 0.006215337634785101
763.0 0.005758887709816918
764.0 0.0053024381486466154
765.0 0.004868704127147794
766.0 0.0044349682866595685
767.0 0.004438105315784924
768.0 0.0044412416173145175
769.0 0.00520445428264793
770.0 0.005967667675577104
771.0 0.0047758538130437955
772.0 0.0035840403143083677
773.0 0.0036925761378370225
774.0 0.0038011119613656774
775.0 1.6575501821797234e-10
776.0 0.013826791837345809
777.0 0.09075535926967859
778.0 0.008795347821433097
779.0 0.0821023597382009
780.0 0.07251299102790654
781.0 0.034959561889991164
782.0 0.042057211976498365
783.0 0.08470260654576123
784.0 1.6575501821797234e-10
785.0 0.10417731245979667
786.0 0.05825820262543857
787.0 0.03424561582505703
788.0 1.6575501821797234e-10
789.0 1.6575501821797234e-10
790.0 1.6575501821797234e-10
791.0 0.0024528697394998744
792.0 0.008474912465317175
793.0 0.022286332387011498
794.0 1.6575501821797234e-10
795.0 0.06689697620458901
796.0 0.11263760970905423
797.0 0.012650447024498135
798.0 0.16121540684252977
799.0 0.29197391122579575
800.0 0.2687351079657674
801.0 0.49793561920523643
802.0 0.9456795640289783
803.0 1.6190866008400917
804.0 2.5256913155317307
805.0 4.001481458544731
806.0 5.577228590846062
807.0 7.818526774644852
808.0 10.42921096086502
809.0 13.705480098724365
810.0 17.035235464572906
811.0 20.077821612358093
812.0 23.17962646484375
813.0 26.822546124458313
814.0 30.606240034103394
815.0 35.83250343799591
816.0 41.33142530918121
817.0 47.77536392211914
818.0 54.175788164138794
819.0 60.84492802619934
820.0 68.80829334259033
821.0 75.94448924064636
822.0 81.61839246749878
823.0 86.01464033126831
824.0 90.11164903640747
825.0 93.93371343612671
826.0 95.98755240440369
827.0 97.3243236541748
828.0 98.65699410438538
829.0 99.41835403442383
830.0 98.35205674171448
831.0 98.82789254188538
832.0 98.18857312202454
833.0 99.49148297309875
834.0 98.28572273254395
835.0 99.2664098739624
836.0 98.67673516273499
837.0 98.8778293132782
838.0 98.08315634727478
839.0 98.45145344734192
840.0 98.39751124382019
841.0 99.27998185157776
842.0 99.31313991546631
843.0 99.38668608665466
844.0 97.81173467636108
845.0 98.80655407905579
846.0 98.8407552242279
847.0 98.65264892578125
848.0 99.5462954044342
849.0 98.80436062812805
850.0 98.10988306999207
851.0 99.2724597454071
852.0 98.6978530883789
853.0 98.51412773132324
854.0 99.89989399909973
855.0 98.36722016334534
856.0 98.79466891288757
857.0 97.79037833213806
858.0 98.36790561676025
859.0 99.1331398487091
860.0 98.92749786376953
861.0 98.45964312553406
862.0 98.26563596725464
863.0 98.33969473838806
864.0 99.70961809158325
865.0 99.62449669837952
866.0 98.52346777915955
867.0 99.08990263938904
868.0 99.62657690048218
869.0 99.1647720336914
870.0 97.9326069355011
871.0 98.86144995689392
872.0 98.870187997818
873.0 99.00323748588562
874.0 99.12296533584595
875.0 98.85823726654053
876.0 98.9342749118805
877.0 99.36178922653198
878.0 98.94675612449646
879.0 98.57437014579773
880.0 98.3974277973175
881.0 99.81306791305542
882.0 98.99766445159912
883.0 98.60526919364929
884.0 99.05668497085571
885.0 98.95885586738586
886.0 98.67298007011414
887.0 98.4278678894043
888.0 99.17494654655457
889.0 99.51288104057312
890.0 98.28827977180481
891.0 99.1493284702301
892.0 98.6477255821228
893.0 98.47623109817505
894.0 98.19684624671936
895.0 99.44480061531067
