lsstCam/transmission_filter_detector/r34_s20/z_20/19700101T000000.ecsv
# %ECSV 1.0
# ---
# datatype:
# - {name: wavelength, unit: nm, datatype: float32}
# - {name: efficiency, unit: '%', datatype: float64}
# meta: !!omap
# - {MODE: DETECTOR}
# - {TYPE: transmission_filter_detector}
# - {CALIBDATE: '1970-01-01T00:00:00'}
# - {INSTRUME: LSSTCam}
# - {OBSTYPE: transmission_filter_detector}
# - {CALIBCLS: lsst.ip.isr.IntermediateFilterDetectorTransmissionCurve}
# - {SOURCE: Materion (DM-46256)}
# - {DETECTOR: 159}
# - {FILTER: z_20}
# - {CALIB_ID: 'calibDate=1970-01-01T00:00:00 filter=z_20 detector=159'}
# - {DATE: '2025-04-02T15:59:49.378854'}
# - {CALIB_CREATION_DATE: '2025-04-02'}
# - {CALIB_CREATION_TIME: '15:59:49'}
# - __serialized_columns__:
#     efficiency:
#       __class__: astropy.units.quantity.Quantity
#       unit: !astropy.units.Unit {unit: '%'}
#       value: !astropy.table.SerializedColumn {name: efficiency}
#     wavelength:
#       __class__: astropy.units.quantity.Quantity
#       unit: !astropy.units.Unit {unit: nm}
#       value: !astropy.table.SerializedColumn {name: wavelength}
# schema: astropy-2.0
wavelength efficiency
[from data line 597]
897.0 99.11572337150574
898.0 98.7058937549591
899.0 98.66324663162231
900.0 98.92625212669373
901.0 99.37062859535217
902.0 99.17409420013428
903.0 98.54612946510315
904.0 97.61329889297485
905.0 98.6836850643158
906.0 97.73821830749512
907.0 98.51682782173157
908.0 98.171865940094
909.0 98.13761711120605
910.0 97.8797435760498
911.0 97.0417857170105
912.0 96.09616994857788
913.0 94.60949301719666
914.0 92.20715165138245
915.0 89.88832831382751
916.0 87.61664628982544
917.0 86.14033460617065
918.0 82.58905410766602
919.0 81.63928985595703
920.0 78.43719124794006
921.0 74.26562905311584
922.0 69.88300681114197
923.0 63.700538873672485
924.0 58.18968415260315
925.0 52.73900628089905
926.0 46.44724428653717
927.0 39.2674595117569
928.0 33.250898122787476
929.0 26.846003532409668
930.0 21.45390808582306
931.0 16.309520602226257
932.0 11.065192520618439
933.0 7.163599878549576
934.0 4.544956609606743
935.0 2.6341475546360016
936.0 1.6885625198483467
937.0 0.9094754233956337
938.0 0.6070862524211407
939.0 0.327767850831151
940.0 0.136314844712615
941.0 0.01790688547771424
942.0 0.014247839862946421
943.0 1.6575501821797234e-10
944.0 1.6575501821797234e-10
945.0 0.036444843863137066
946.0 0.03519137389957905
947.0 1.6575501821797234e-10
948.0 1.6575501821797234e-10
949.0 1.6575501821797234e-10
950.0 0.020560910343192518
951.0 0.03470151568762958
952.0 1.6575501821797234e-10
953.0 1.6575501821797234e-10
954.0 0.059297558618709445
955.0 0.009819112165132537
956.0 0.02309795090695843
957.0 0.03751759650185704
958.0 1.6575501821797234e-10
959.0 0.08928905008360744
960.0 0.04248310287948698
961.0 0.002376888005528599
962.0 1.6575501821797234e-10
963.0 1.6575501821797234e-10
964.0 0.09970261016860604
965.0 1.6575501821797234e-10
966.0 1.6575501821797234e-10
967.0 1.6575501821797234e-10
968.0 1.6575501821797234e-10
969.0 1.6575501821797234e-10
970.0 0.00974177019088529
971.0 1.6575501821797234e-10
972.0 1.6575501821797234e-10
973.0 1.6575501821797234e-10
974.0 1.6575501821797234e-10
975.0 1.6575501821797234e-10
976.0 0.006149135151645169
977.0 0.005967726247035898
978.0 0.005786318070022389
979.0 0.005705605144612491
980.0 0.005624892219202593
981.0 0.00552057936147321
982.0 0.005416266139945947
983.0 0.0052571191190509126
984.0 0.005097971734357998
985.0 0.005066556332167238
986.0 0.005035140929976478
987.0 0.005001093450118788
988.0 0.004967046334058978
989.0 0.004893844379694201
990.0 0.0048206424253294244
991.0 0.004581934626912698
992.0 0.004343226828495972
993.0 0.0044927437556907535
994.0 0.004642260682885535
995.0 0.004542259557638317
996.0 0.00444225879618898
997.0 0.004411096961121075
998.0 0.004379935126053169
999.0 0.0044513264583656564
1000.0 0.0045227177906781435
1001.0 0.0043182404624531046
1002.0 0.004113762770430185
1003.0 0.0041050945583265275
1004.0 0.00409642634622287
1005.0 0.004055495446664281
1006.0 0.004014564910903573
1007.0 0.003981287954957224
1008.0 0.0039480113628087565
1009.0 0.0040550410631112754
1010.0 0.004162070763413794
1011.0 0.004022251232527196
1012.0 0.0038824317016405985
1013.0 0.004022322900709696
1014.0 0.004162214099778794
1015.0 0.00402874247811269
1016.0 0.0038952712202444673
1017.0 0.004076283221365884
1018.0 0.00425729485868942
1019.0 0.004203963544568978
1020.0 0.004150632230448537
1021.0 0.004070617433171719
1022.0 0.003990602272097021
1023.0 0.004151914617978036
1024.0 0.004313226600061171
1025.0 0.004237096072756685
1026.0 0.004160965909250081
1027.0 0.0043575688323471695
1028.0 0.004554172119242139
1029.0 0.004534743493422866
1030.0 0.004515314503805712
1031.0 0.004479008202906698
1032.0 0.004442701538209803
1033.0 0.0045616470742970705
1034.0 0.004680592610384338
1035.0 0.004820984759135172
1036.0 0.0049613761802902445
1037.0 0.00507696604472585
1038.0 0.005192555909161456
1039.0 0.005125536699779332
1040.0 0.0050585174903972074
1041.0 0.004999887823942117
1042.0 0.004941258157487027
1043.0 0.005216116187511943
1044.0 0.00549097458133474
1045.0 0.005691133992513642
1046.0 0.005891293039894663
1047.0 0.005764409434050322
1048.0 0.005637526192003861
1049.0 0.005851631794939749
1050.0 0.0060657377616735175
1051.0 0.00643334788037464
1052.0 0.006800958362873644
1053.0 0.006969767855480313
1054.0 0.00713857589289546
1055.0 0.0070359739765990525
1056.0 0.006933372060302645
1057.0 0.007321147131733596
1058.0 0.0077089236583560705
1059.0 0.007958912465255708
1060.0 0.008208901272155344
1061.0 0.008249082020483911
1062.0 0.008289262768812478
1063.0 0.008421423262916505
1064.0 0.008553584484616295
1065.0 0.008513509965268895
1066.0 0.008473434718325734
1067.0 0.008789796265773475
1068.0 0.009106157813221216
1069.0 0.00994230795186013
1070.0 0.01077845663530752
1071.0 0.010399509483249858
1072.0 0.010020561603596434
1073.0 0.00992712884908542
1074.0 0.009833695366978645
1075.0 0.010367779759690166
1076.0 0.010901863424805924
1077.0 0.011797627666965127
1078.0 0.012693394091911614
1079.0 0.012483960017561913
1080.0 0.012274528853595257
1081.0 0.012967681686859578
1082.0 0.013660835975315422
1083.0 0.0136276037665084
1084.0 0.013594368647318333
1085.0 0.013752900122199208
1086.0 0.013911433052271605
1087.0 0.014678113802801818
1088.0 0.01544479455333203
1089.0 0.014781845675315708
1090.0 0.014118896797299385
1091.0 0.01575645146658644
1092.0 0.017394006135873497
1093.0 0.016955728642642498
1094.0 0.016517452604603022
1095.0 0.01724423054838553
1096.0 0.017971009947359562
1097.0 0.0186909906915389
1098.0 0.01941097289090976
1099.0 0.0197127548744902
1100.0 0.02001453540287912
1101.0 0.0212674931390211
1102.0 0.0225204523303546
1103.0 0.02334937744308263
1104.0 0.024178305466193706
1105.0 0.024453396326862276
1106.0 0.024728485732339323
1107.0 0.02557390835136175
1108.0 0.026419333880767226
1109.0 0.027282696100883186
1110.0 0.02814606123138219
1111.0 0.029465931584127247
1112.0 0.030785801936872303
1113.0 0.02931229828391224
1114.0 0.02783879463095218
1115.0 0.02884931454900652
1116.0 0.029859834467060864
1117.0 0.030434172367677093
1118.0 0.03100851026829332
1119.0 0.03288368752691895
1120.0 0.03475885896477848
1121.0 0.03617159090936184
1122.0 0.03758431994356215
1123.0 0.040705621358938515
1124.0 0.043826925684697926
1125.0 0.0444523902842775
1126.0 0.04507785488385707
1127.0 0.04416399460751563
1128.0 0.04325013724155724
1129.0 0.04788883088622242
1130.0 0.052527524530887604
1131.0 0.05352272419258952
1132.0 0.05451792385429144
1133.0 0.05471748881973326
1134.0 0.054917053785175085
1135.0 0.0627503264695406
1136.0 0.07058361079543829
1137.0 0.07386687793768942
1138.0 0.07715015672147274
1139.0 0.08438454824499786
1140.0 0.0916189281269908
1141.0 0.10353127727285028
1142.0 0.11544361477717757
1143.0 0.17761073540896177
1144.0 0.23977789096534252
1145.0 0.542717706412077
1146.0 0.8456574752926826
1147.0 1.235030684620142
1148.0 1.6244037076830864
1149.0 1.6252867877483368
1150.0 1.6261689364910126
