lsstCam/transmission_filter_detector/r22_s11/y_10/19700101T000000.ecsv
# %ECSV 1.0
# ---
# datatype:
# - {name: wavelength, unit: nm, datatype: float32}
# - {name: efficiency, unit: '%', datatype: float64}
# meta: !!omap
# - {MODE: DETECTOR}
# - {TYPE: transmission_filter_detector}
# - {CALIBDATE: '1970-01-01T00:00:00'}
# - {INSTRUME: LSSTCam}
# - {OBSTYPE: transmission_filter_detector}
# - {CALIBCLS: lsst.ip.isr.IntermediateFilterDetectorTransmissionCurve}
# - {SOURCE: Materion (DM-46256)}
# - {DETECTOR: 94}
# - {FILTER: y_10}
# - {CALIB_ID: 'calibDate=1970-01-01T00:00:00 filter=y_10 detector=94'}
# - {DATE: '2025-04-02T15:59:51.178684'}
# - {CALIB_CREATION_DATE: '2025-04-02'}
# - {CALIB_CREATION_TIME: '15:59:51'}
# - __serialized_columns__:
#     efficiency:
#       __class__: astropy.units.quantity.Quantity
#       unit: !astropy.units.Unit {unit: '%'}
#       value: !astropy.table.SerializedColumn {name: efficiency}
#     wavelength:
#       __class__: astropy.units.quantity.Quantity
#       unit: !astropy.units.Unit {unit: nm}
#       value: !astropy.table.SerializedColumn {name: wavelength}
# schema: astropy-2.0
wavelength efficiency
[from data line 577]
877.0 0.00203400595637504
878.0 0.0014196081792761106
879.0 0.0019055358279729262
880.0 0.0535494415089488
881.0 0.09817219106480479
882.0 0.05241950275376439
883.0 0.09686047560535371
884.0 0.058183883083984256
885.0 0.12260526418685913
886.0 0.061695167096331716
887.0 0.10455483570694923
888.0 0.050672393990680575
889.0 0.12153976131230593
890.0 0.05649850354529917
891.0 0.0980929471552372
892.0 0.0611540861427784
893.0 0.1080720336176455
894.0 0.07315307739190757
895.0 0.10903270449489355
896.0 0.0723081873729825
897.0 0.1286085695028305
898.0 0.08852345054037869
899.0 0.13534121681004763
900.0 0.10541996452957392
901.0 0.1597382710315287
902.0 0.18503522733226418
903.0 0.2074036980047822
904.0 0.2646667882800102
905.0 0.32543311826884747
906.0 0.39331107400357723
907.0 0.5134355742484331
908.0 0.7075144909322262
909.0 0.9597692638635635
910.0 1.4194757677614689
911.0 2.0035479217767715
912.0 2.9214931651949883
913.0 4.264447465538979
914.0 5.780601873993874
915.0 7.921925932168961
916.0 10.429240763187408
917.0 13.066202402114868
918.0 15.967477858066559
919.0 18.699616193771362
920.0 22.434917092323303
921.0 26.419812440872192
922.0 30.47754168510437
923.0 35.26780605316162
924.0 40.4562771320343
925.0 46.09071910381317
926.0 52.696335315704346
927.0 59.662967920303345
928.0 65.56879878044128
929.0 71.81281447410583
930.0 77.14416980743408
931.0 82.28692412376404
932.0 86.83302998542786
933.0 90.51305651664734
934.0 93.09442639350891
935.0 94.81468200683594
936.0 96.08128666877747
937.0 96.94225788116455
938.0 97.41301536560059
939.0 97.68145084381104
940.0 97.85517454147339
941.0 97.98023700714111
942.0 98.13843965530396
943.0 98.16480875015259
944.0 98.37693572044373
945.0 98.23720455169678
946.0 98.3211100101471
947.0 98.25447797775269
948.0 98.38025569915771
949.0 98.33887219429016
950.0 98.49446415901184
951.0 98.56959581375122
952.0 98.59434366226196
953.0 98.77654314041138
954.0 98.86876940727234
955.0 98.85312914848328
956.0 99.0668535232544
957.0 99.15736317634583
958.0 99.27735328674316
959.0 99.26419258117676
960.0 99.36133623123169
961.0 99.4103193283081
962.0 99.4377613067627
963.0 99.48370456695557
964.0 99.50566291809082
965.0 99.49793815612793
966.0 99.5829701423645
967.0 99.66959357261658
968.0 99.62891340255737
969.0 99.66380596160889
970.0 99.68622922897339
971.0 99.71027970314026
972.0 99.74859356880188
973.0 99.85243678092957
974.0 99.82752203941345
975.0 99.74864721298218
976.0 99.81665015220642
977.0 99.78559017181396
978.0 99.84776973724365
979.0 99.75789189338684
980.0 99.69033002853394
981.0 99.62547421455383
982.0 99.56415295600891
983.0 99.5972752571106
984.0 99.52175617218018
985.0 99.57501292228699
986.0 99.46964383125305
987.0 99.53777194023132
988.0 99.48972463607788
989.0 99.48299527168274
990.0 99.45349097251892
991.0 99.53150153160095
992.0 99.58266615867615
993.0 99.5132327079773
994.0 99.52001571655273
995.0 99.59374070167542
996.0 99.55350160598755
997.0 99.68594312667847
998.0 99.71917271614075
999.0 99.74742531776428
1000.0 99.77724552154541
1001.0 99.69702363014221
1002.0 99.83770251274109
1003.0 99.85479712486267
1004.0 99.85157251358032
1005.0 99.78535175323486
1006.0 99.91347193717957
1007.0 99.87859725952148
1008.0 99.84341859817505
1009.0 99.79053735733032
1010.0 99.82666969299316
1011.0 99.84170198440552
1012.0 99.74575638771057
1013.0 99.74165558815002
1014.0 99.73921179771423
1015.0 99.71917271614075
1016.0 99.70541000366211
1017.0 99.75223541259766
1018.0 99.75368976593018
1019.0 99.72475171089172
1020.0 99.79360699653625
1021.0 99.94952082633972
1022.0 99.80464577674866
1023.0 99.81419444084167
1024.0 99.83723759651184
1025.0 99.82938170433044
1026.0 99.92632865905762
1027.0 99.98462796211243
1028.0 99.90798830986023
1029.0 99.99554753303528
1030.0 100.05156993865967
1031.0 99.9635100364685
1032.0 100.05697011947632
1033.0 99.9825119972229
1034.0 100.06548166275024
1035.0 100.05158185958862
1036.0 99.95887279510498
1037.0 99.94339942932129
1038.0 99.95362758636475
1039.0 99.83139038085938
1040.0 99.84542727470398
1041.0 99.88436102867126
1042.0 99.83716607093811
1043.0 99.81871843338013
1044.0 99.85894560813904
1045.0 99.66732859611511
1046.0 99.8306393623352
1047.0 99.76844787597656
1048.0 99.80126619338989
1049.0 99.7176468372345
1050.0 99.79051351547241
1051.0 99.75237250328064
1052.0 99.61649775505066
1053.0 99.5789110660553
1054.0 99.8196542263031
1055.0 99.89163875579834
1056.0 99.75265860557556
1057.0 99.80623126029968
1058.0 99.68499541282654
1059.0 99.67535734176636
1060.0 99.74004626274109
1061.0 99.62661266326904
1062.0 99.63656067848206
1063.0 99.60219264030457
1064.0 99.73030090332031
1065.0 99.67358708381653
1066.0 99.73012804985046
1067.0 99.79007840156555
1068.0 99.73808526992798
1069.0 99.49671626091003
1070.0 99.85876679420471
1071.0 99.76274967193604
1072.0 99.78801608085632
1073.0 99.79657530784607
1074.0 99.48538541793823
1075.0 99.5393455028534
1076.0 99.31062459945679
1077.0 99.62239265441895
1078.0 99.80494976043701
1079.0 99.59577918052673
1080.0 100.11991262435913
1081.0 99.42302107810974
1082.0 99.6012270450592
1083.0 99.33152198791504
1084.0 99.70459342002869
1085.0 99.61014986038208
1086.0 99.42362904548645
1087.0 99.38773512840271
1088.0 99.3254005908966
1089.0 99.2089331150055
1090.0 99.20803308486938
1091.0 99.26139712333679
1092.0 99.13503527641296
1093.0 99.05332922935486
1094.0 99.04240369796753
1095.0 99.05171394348145
1096.0 99.16546940803528
1097.0 98.63953590393066
1098.0 98.04362058639526
1099.0 99.03584122657776
1100.0 98.52377772331238
