lsstCam/transmission_filter_detector/r22_s11/y_10/19700101T000000.ecsv
# %ECSV 1.0
# ---
# datatype:
# - {name: wavelength, unit: nm, datatype: float32}
# - {name: efficiency, unit: '%', datatype: float64}
# meta: !!omap
# - {MODE: DETECTOR}
# - {TYPE: transmission_filter_detector}
# - {CALIBDATE: '1970-01-01T00:00:00'}
# - {INSTRUME: LSSTCam}
# - {OBSTYPE: transmission_filter_detector}
# - {CALIBCLS: lsst.ip.isr.IntermediateFilterDetectorTransmissionCurve}
# - {SOURCE: Materion (DM-46256)}
# - {DETECTOR: 94}
# - {FILTER: y_10}
# - {CALIB_ID: 'calibDate=1970-01-01T00:00:00 filter=y_10 detector=94'}
# - {DATE: '2025-04-02T15:59:51.178684'}
# - {CALIB_CREATION_DATE: '2025-04-02'}
# - {CALIB_CREATION_TIME: '15:59:51'}
# - __serialized_columns__:
#     efficiency:
#       __class__: astropy.units.quantity.Quantity
#       unit: !astropy.units.Unit {unit: '%'}
#       value: !astropy.table.SerializedColumn {name: efficiency}
#     wavelength:
#       __class__: astropy.units.quantity.Quantity
#       unit: !astropy.units.Unit {unit: nm}
#       value: !astropy.table.SerializedColumn {name: wavelength}
# schema: astropy-2.0
wavelength efficiency
300.0 0.29377685859799385
301.0 0.16249221516773105
302.0 0.031207571737468243
303.0 0.031234847847372293
304.0 0.031262129778042436
305.0 0.020416818733792752
306.0 0.009571505506755784
307.0 0.013738551933784038
308.0 0.017905599088408053
309.0 0.014505301078315824
310.0 0.011105003068223596
311.0 0.0092921698524151
312.0 0.007479333726223558
313.0 0.006020053842803463
314.0 0.004560773231787607
315.0 0.004347373032942414
316.0 0.004133973197895102
317.0 0.004780405652127229
318.0 0.005426836287369952
319.0 0.0030444776712101884
320.0 0.0006621192369493656
321.0 0.0024858463802956976
322.0 0.004309573341743089
323.0 0.003906559868482873
324.0 0.003503546759020537
325.0 0.0011150606042065192
326.0 1.5825038762046217e-10
327.0 9.069897259905702e-05
328.0 0.001454823632229818
329.0 0.0025602617824915797
330.0 0.003665700205601752
331.0 0.0031719071557745337
332.0 0.0026781141059473157
333.0 0.0021915182514931075
334.0 0.0017049218513420783
335.0 0.0023746060833218507
336.0 0.0030442904972005635
337.0 0.002662658880581148
338.0 0.002281027082062792
339.0 0.0008236439498432446
340.0 1.5825038762046217e-10
341.0 1.5825038762046217e-10
342.0 1.5825038762046217e-10
343.0 0.000786190230428474
344.0 0.0016846897779032588
345.0 0.0016589641745667905
346.0 0.0016332389350282028
347.0 0.0015647643522243015
348.0 0.0014962898603698704
349.0 0.0015147590602282435
350.0 0.0015332281691371463
351.0 0.0018136090147891082
352.0 0.0020939894966431893
353.0 0.001862855424406007
354.0 0.0016317213521688245
355.0 0.0017292968550464138
356.0 0.0018268723579240032
357.0 0.001712861194391735
358.0 0.0015988500308594666
359.0 0.0014074432328925468
360.0 0.001216036434925627
361.0 0.0011280317266937345
362.0 0.0010400268365629017
363.0 0.001044503369485028
364.0 0.001048979720508214
365.0 0.0014337882930703927
366.0 0.0018185974113293923
367.0 0.0019687005988089368
368.0 0.002118803786288481
369.0 0.0017422968085156754
370.0 0.0013657899216923397
371.0 0.00136197850224562
372.0 0.0013581667190010194
373.0 0.0019218003217247315
374.0 0.0024854340153979138
375.0 0.0033504697057651356
376.0 0.004215505396132357
377.0 0.0041687191696837544
378.0 0.0041219329432351515
379.0 0.0034254615457030013
380.0 0.0027289903300697915
381.0 0.0019584864276112057
382.0 0.00118798252515262
383.0 0.0011069893844251055
384.0 0.0010259957889502402
385.0 0.0007208118859125534
386.0 0.0004156278919253964
387.0 0.0005501712621480692
388.0 0.0006847147233202122
389.0 0.0005854104529134929
390.0 0.00048610613703203853
391.0 0.0005338614300853806
392.0 0.0005816166776639875
393.0 0.0007198545972642023
394.0 0.0008580926078138873
395.0 0.000816244755696971
396.0 0.0007743969035800546
397.0 0.0008582241207477637
398.0 0.0009420511560165323
399.0 0.0012059940672770608
400.0 0.0014699369785375893
401.0 0.001524356866866583
402.0 0.001578776937094517
403.0 0.0017656899217399769
404.0 0.0019526029063854367
405.0 0.0019222159608034417
406.0 0.0018918290152214468
407.0 0.0015935138435452245
408.0 0.0012951986718690023
409.0 0.0010096434380102437
410.0 0.0007240881132020149
411.0 0.0005845874511578586
412.0 0.00044508683458843734
413.0 0.00045728020268143155
414.0 0.0004694732979260152
415.0 0.0009399101145390887
416.0 0.0014103469766268972
417.0 0.0007246937911986606
418.0 3.904056313785986e-05
419.0 1.5825038762046217e-10
420.0 1.5825038762046217e-10
421.0 6.0744849861293915e-05
422.0 0.0005469815278047463
423.0 0.0006721184490743326
424.0 0.0007972550520207733
425.0 1.5825038762046217e-10
426.0 1.5825038762046217e-10
427.0 1.5825038762046217e-10
428.0 1.5825038762046217e-10
429.0 1.5825038762046217e-10
430.0 1.5825038762046217e-10
431.0 0.00019301519387227017
432.0 0.0009222179869539104
433.0 0.0005122984020999866
434.0 0.00010237899914500304
435.0 5.384033556765644e-05
436.0 5.301841099480953e-06
437.0 0.00018032642401522025
438.0 0.00035535122151486576
439.0 3.172375500071212e-05
440.0 1.5825038762046217e-10
441.0 1.5825038762046217e-10
442.0 1.5825038762046217e-10
443.0 1.5825038762046217e-10
444.0 1.5825038762046217e-10
445.0 1.5825038762046217e-10
446.0 0.00014015907936482108
447.0 0.0005621746367978631
448.0 0.0009841902283369564
449.0 0.0006694020157738123
450.0 0.000354613666786463
451.0 3.855505212868593e-05
452.0 1.5825038762046217e-10
453.0 1.5825038762046217e-10
454.0 1.5825038762046217e-10
455.0 1.5825038762046217e-10
456.0 1.5825038762046217e-10
457.0 1.5825038762046217e-10
458.0 1.5825038762046217e-10
459.0 1.5825038762046217e-10
460.0 2.3570274620965392e-06
461.0 0.0003639176156866597
462.0 0.0007254782303789398
463.0 0.0005113174211146543
464.0 0.0002971566800624714
465.0 0.0003543384536897065
466.0 0.00041152025005430914
467.0 0.0010936831131402869
468.0 0.001775845703377854
469.0 0.0017812380974646658
470.0 0.001786630309652537
471.0 0.0019228080418542959
472.0 0.002058985410258174
473.0 0.0023795229935785756
474.0 0.002700060395000037
475.0 0.0027184145437786356
476.0 0.0027367686925572343
477.0 0.002812915226968471
478.0 0.002889061943278648
479.0 0.003582946737878956
480.0 0.0042768318962771446
481.0 0.004556386193144135
482.0 0.004835940126213245
483.0 0.004287565025151707
484.0 0.0037391899240901694
485.0 0.0036196401197230443
486.0 0.0035000903153559193
487.0 0.0028761363864759915
488.0 0.002252182639495004
489.0 0.0022670736143481918
490.0 0.0022819645892013796
491.0 0.0018515313058742322
492.0 0.0014210982044460252
493.0 0.0013579171536548529
494.0 0.001294736375712091
495.0 0.0015495681509491988
496.0 0.0018043996533378959
497.0 0.002014403980865609
498.0 0.002224408308393322
499.0 0.0023534907086286694
500.0 0.002482572745066136
501.0 0.0026767889721668325
502.0 0.002871005199267529
503.0 0.0028261896659387276
504.0 0.0027813737688120455
505.0 0.002887773734983057
506.0 0.002994173701154068
507.0 0.002341315666853916
508.0 0.0016884574506548233
509.0 0.0019076403987128288
510.0 0.002126823164871894
511.0 0.00216773223655764
512.0 0.002208641126344446
513.0 0.0021251702492008917
514.0 0.002041699735855218
515.0 0.0016047855751821771
516.0 0.0011678714145091362
517.0 0.001218656325363554
518.0 0.0012694410543190315
519.0 0.0013512250916392077
520.0 0.0014330089470604435
521.0 0.0016984227841021493
522.0 0.0019638362573459744
523.0 0.0021125306375324726
524.0 0.0022612248358200304
525.0 0.002297192986588925
526.0 0.00233316113735782
527.0 0.002310562376806047
528.0 0.0022879639800521545
529.0 0.0023933291231514886
530.0 0.0024986940843518823
531.0 0.0022844198610982858
532.0 0.0020701452740468085
533.0 0.002126280924130697
534.0 0.0021824163923156448
535.0 0.0019040138795389794
536.0 0.001625610821065493
537.0 0.002182168827857822
538.0 0.0027387268346501514
539.0 0.003274507980677299
540.0 0.0038102887629065663
541.0 0.0042492520151427016
542.0 0.004688214903580956
543.0 0.004774234184878878
544.0 0.00486025310237892
545.0 0.0048332189180655405
546.0 0.0048061840061564
547.0 0.0040811784856487066
548.0 0.0033561726013431326
549.0 0.0028185564588056877
550.0 0.002280939952470362
551.0 0.002498730827937834
552.0 0.0027165215215063654
553.0 0.0031957981263985857
554.0 0.003675074185593985
555.0 0.003970825127908029
556.0 0.004266576070222072
557.0 0.004144059857935645
558.0 0.004021543645649217
559.0 0.003701545938383788
560.0 0.0033815482311183587
561.0 0.003267197826062329
562.0 0.003152846693410538
563.0 0.0033130654628621414
564.0 0.0034732845961116254
565.0 0.004109312067157589
566.0 0.004745339174405672
567.0 0.004819691457669251
568.0 0.004894043377134949
569.0 0.005664556010742672
570.0 0.006435068644350395
571.0 0.0063670348026789725
572.0 0.006299000233411789
573.0 0.006190324347699061
574.0 0.006081649553379975
575.0 0.005922654599999078
576.0 0.00576365964661818
577.0 0.005482935011968948
578.0 0.005202210741117597
579.0 0.005798851634608582
580.0 0.006395493255695328
581.0 0.007461983477696776
582.0 0.008528475154889748
583.0 0.009597788448445499
584.0 0.01066710174200125
585.0 0.011055072536692023
586.0 0.01144304551417008
587.0 0.01095049301511608
588.0 0.010457939060870558
589.0 0.009998046152759343
590.0 0.009538153244648129
591.0 0.008944565342972055
592.0 0.008350975986104459
593.0 0.007095363980624825
594.0 0.005839751975145191
595.0 0.005608539504464716
596.0 0.005377327397582121
597.0 0.006217462214408442
598.0 0.007057596667436883
599.0 0.008282337512355298
600.0 0.009507076174486428
601.0 0.01016780806821771
602.0 0.010828537051565945
603.0 0.01113149628508836
604.0 0.011434456973802298
605.0 0.010856583685381338
606.0 0.010278711124556139
607.0 0.008744888327782974
608.0 0.00721106625860557
609.0 0.005678463276126422
610.0 0.004145860657445155
611.0 0.003550331894075498
612.0 0.0029548034945037216
613.0 0.003622913936851546
614.0 0.00429102401540149
615.0 0.00527165066159796
616.0 0.006252276943996549
617.0 0.0081064245023299
618.0 0.009960569877875969
619.0 0.010970513540087268
620.0 0.011980457929894328
621.0 0.011862087558256462
622.0 0.011743715731427073
623.0 0.01132023026002571
624.0 0.010896744788624346
625.0 0.00947166554396972
626.0 0.008046584844123572
627.0 0.00664420222165063
628.0 0.005241818507784046
629.0 0.004214232467347756
630.0 0.0031866467907093465
631.0 0.002875577411032282
632.0 0.002564508577052038
633.0 0.002756558205874171
634.0 0.0029486081984941848
635.0 0.0033385873393854126
636.0 0.0037285659345798194
637.0 0.004289440403226763
638.0 0.004850315235671587
639.0 0.005033834895584732
640.0 0.005217354555497877
641.0 0.0053307998314267024
642.0 0.005444245471153408
643.0 0.005157026316737756
644.0 0.004869806798524223
645.0 0.0044487169361673295
646.0 0.004027627073810436
647.0 0.0033542477467563003
648.0 0.002680868601601105
649.0 0.0020267410945962183
650.0 0.0013726134966418613
651.0 0.0015319114027079195
652.0 0.0016912093997234479
653.0 0.0017152629880001768
654.0 0.0017393165762769058
655.0 0.001680774767010007
656.0 0.0016222329577431083
657.0 0.0015471703591174446
658.0 0.001472107760491781
659.0 0.0016480029444210231
660.0 0.001823897946451325
661.0 0.0016922376744332723
662.0 0.0015605774024152197
663.0 0.00211836722883163
664.0 0.002676157237146981
665.0 0.0033369226002832875
666.0 0.003997687963419594
667.0 0.00504072813782841
668.0 0.006083767584641464
669.0 0.006748350278940052
670.0 0.007412930426653475
671.0 0.007801896572345868
672.0 0.008190865628421307
673.0 0.00805163144832477
674.0 0.007912397995823994
675.0 0.007157828804338351
676.0 0.0064032596128527075
677.0 0.005242151019047014
678.0 0.004081041333847679
679.0 0.002680182660697028
680.0 0.0012793242603947874
681.0 0.0007230953087855596
682.0 0.00016686636854501558
683.0 0.0003384751607882208
684.0 0.0005100840098748449
685.0 0.00036814865325141
686.0 0.00022621327389060752
687.0 0.00026078307655552635
688.0 0.0002953528792204452
689.0 0.00023453108042303938
690.0 0.00017370927025694982
691.0 0.0002737886234172038
692.0 0.00037386805615824414
693.0 0.0003464353085291805
694.0 0.0003190025609001168
695.0 0.00037815536870766664
696.0 0.00043730810830311384
697.0 0.00029664672638318734
698.0 0.00015598526488247444
699.0 0.00017865471590994275
700.0 0.00020132401914452203
701.0 0.00023773136490490288
702.0 0.0002741386879279162
703.0 0.0003297915100120008
704.0 0.0003854443093587179
705.0 0.0004495003850024659
706.0 0.0005135563696967438
707.0 0.0002634789552757866
708.0 1.3401437115589943e-05
709.0 0.0001587854740137118
710.0 0.00030416947538469685
711.0 0.0004714596798294224
712.0 0.0006387499070115155
713.0 0.00031623405902792
714.0 1.5825038762046217e-10
715.0 9.926052371156402e-05
716.0 0.0002048027454293333
717.0 0.00011731593758668168
718.0 2.9829118375346297e-05
719.0 0.00017498474562671618
720.0 0.0003201403160346672
721.0 0.0004533031642495189
722.0 0.0005864660124643706
723.0 0.00038877719816809986
724.0 0.00019108847482129931
725.0 0.00016178321402549045
726.0 0.00013247824881545966
727.0 0.00024001101337489672
728.0 0.0003475441417322145
729.0 0.0002204016482210136
730.0 9.325941618953948e-05
731.0 0.00042539500100247096
732.0 0.0007575308245577617
733.0 0.00038768971535318997
734.0 1.7848788047558628e-05
735.0 0.0001619258000573609
736.0 0.00030600299396610353
737.0 0.000296452139991743
738.0 0.00028690151339105796
739.0 0.00039142269088188186
740.0 0.0004959437319485005
741.0 0.0004270529643690679
742.0 0.0003581621740522678
743.0 0.00020780726117664017
744.0 5.745242788179894e-05
745.0 8.43471752887126e-05
746.0 0.00011124218417535303
747.0 0.000119271874154947
748.0 0.00012730154139717342
749.0 1.5825038762046217e-10
750.0 1.5825038762046217e-10
751.0 0.00017334327822027262
752.0 0.0005361476723919623
753.0 0.0007280602858372731
754.0 0.0009199728083331138
755.0 0.0001944187033586786
756.0 1.5825038762046217e-10
757.0 1.5825038762046217e-10
758.0 1.5825038762046217e-10
759.0 0.00042607507566572167
760.0 0.0008658859769639093
761.0 0.0006519494490930811
762.0 0.0004380128757475177
763.0 0.0003480221494100988
764.0 0.0002580313093858422
765.0 0.00025115737116720993
766.0 0.00024428336473647505
767.0 1.5825038762046217e-10
768.0 1.5825038762046217e-10
769.0 1.5825038762046217e-10
770.0 0.0002461673375364626
771.0 2.2969730650856945e-05
772.0 1.5825038762046217e-10
773.0 0.00028746733278239844
774.0 0.0007751625162200071
775.0 0.0006640681021963246
776.0 0.0005529734607989667
777.0 0.0003900824140146142
778.0 0.00022719134449289413
779.0 0.0005528072961169528
780.0 0.0008784233614278492
781.0 0.0007076480414980324
782.0 0.0005368725396692753
783.0 0.0006112396476964932
784.0 0.0006856068466731813
785.0 0.0006224602202564711
786.0 0.0005593135483650258
787.0 0.0007475381607946474
788.0 0.000935762727749534
789.0 0.0006891158591315616
790.0 0.0004424690359883243
791.0 0.0004329328476160299
792.0 0.0004233966592437355
793.0 0.0004840015208174009
794.0 0.0005446062004921259
795.0 0.0006847435543022584
796.0 0.0008248806807387155
797.0 0.0005863216756551992
798.0 0.0003477627387837856
799.0 0.00046355130507436115
800.0 0.000579339757678099
801.0 0.00035344689877092605
802.0 0.0001275541308132233
803.0 0.0005942437383055221
804.0 0.001060933391272556
805.0 0.001101346788345836
806.0 0.0011417598216212355
807.0 0.0009507522008789238
808.0 0.0007597444891871419
809.0 0.0005400638656283263
810.0 0.000320383128382673
811.0 0.0006717181804560823
812.0 0.0010230530278931838
813.0 0.00108991935121594
814.0 0.0011567857654881664
815.0 0.0010466348612681031
816.0 0.000936483502300689
817.0 0.0008491475455230102
818.0 0.0007618115432705963
819.0 0.0008211934982682578
820.0 0.0008805754987406544
821.0 0.0007900046512077097
822.0 0.0006994337127252948
823.0 0.0005111198788654292
824.0 0.00032280604500556365
825.0 0.00036511933103611227
826.0 0.0004074325261171907
827.0 0.0007189041753008496
828.0 0.0010303760063834488
829.0 0.0007015766641416121
830.0 0.00037277734463714296
831.0 0.00012366641612970852
832.0 1.5825038762046217e-10
833.0 0.00018037878817267483
834.0 0.00048620172492519487
835.0 0.000218674108509731
836.0 1.5825038762046217e-10
837.0 7.662649750272976e-05
838.0 0.00020210670754750026
839.0 0.0005443392183224205
840.0 0.0008865717063599732
841.0 0.0009671281986811664
842.0 0.0010476847819518298
843.0 0.0008783395060163457
844.0 0.0007089939572324511
845.0 0.000811775589681929
846.0 0.0009145574040303472
847.0 0.001089814759325236
848.0 0.0012650720236706547
849.0 0.0009331743058282882
850.0 0.0006012760877638357
851.0 0.0009207348739437293
852.0 0.0012401935236994177
853.0 0.0006760119958926225
854.0 0.00011183066135345143
855.0 9.354459962196415e-05
856.0 7.525843557232292e-05
857.0 0.0005229136149864644
858.0 0.0009705687261885032
859.0 0.0007741664376226254
860.0 0.0005777640581072774
861.0 0.001289424835704267
862.0 0.0020010855223517865
863.0 0.0020522902559605427
864.0 0.002103494625771418
865.0 0.0020250123270670883
866.0 0.001946529846463818
867.0 0.0025766103135538287
868.0 0.003206690598744899
869.0 0.003160437336191535
870.0 0.003114184073638171
871.0 0.003270996967330575
872.0 0.0034278094972250983
873.0 0.002953327748400625
874.0 0.0024788461814750917
875.0 0.0025636249119997956
