lsstCam/transmission_filter_detector/r14_s11/u_24/19700101T000000.ecsv
# %ECSV 1.0
# ---
# datatype:
# - {name: wavelength, unit: nm, datatype: float32}
# - {name: efficiency, unit: '%', datatype: float64}
# meta: !!omap
# - {MODE: DETECTOR}
# - {TYPE: transmission_filter_detector}
# - {CALIBDATE: '1970-01-01T00:00:00'}
# - {INSTRUME: LSSTCam}
# - {OBSTYPE: transmission_filter_detector}
# - {CALIBCLS: lsst.ip.isr.IntermediateFilterDetectorTransmissionCurve}
# - {SOURCE: Materion (DM-46256)}
# - {DETECTOR: 67}
# - {FILTER: u_24}
# - {CALIB_ID: 'calibDate=1970-01-01T00:00:00 filter=u_24 detector=67'}
# - {DATE: '2025-04-02T15:59:40.059581'}
# - {CALIB_CREATION_DATE: '2025-04-02'}
# - {CALIB_CREATION_TIME: '15:59:40'}
# - __serialized_columns__:
#     efficiency:
#       __class__: astropy.units.quantity.Quantity
#       unit: !astropy.units.Unit {unit: '%'}
#       value: !astropy.table.SerializedColumn {name: efficiency}
#     wavelength:
#       __class__: astropy.units.quantity.Quantity
#       unit: !astropy.units.Unit {unit: nm}
#       value: !astropy.table.SerializedColumn {name: wavelength}
# schema: astropy-2.0
wavelength efficiency
295.0 1.673724201768645e-10
296.0 1.673724201768645e-10
297.0 1.673724201768645e-10
298.0 1.673724201768645e-10
299.0 1.673724201768645e-10
300.0 1.673724201768645e-10
301.0 1.673724201768645e-10
302.0 1.673724201768645e-10
303.0 0.036748574348166585
304.0 0.4085563123226166
305.0 1.4488019980490208
306.0 2.5442641228437424
307.0 4.940348118543625
308.0 7.472356408834457
309.0 11.049508303403854
310.0 14.794549345970154
311.0 18.70533525943756
312.0 22.47561514377594
313.0 25.369352102279663
314.0 28.049609065055847
315.0 30.59321939945221
316.0 32.745951414108276
317.0 35.95972955226898
318.0 39.538875222206116
319.0 44.36896741390228
320.0 50.63961148262024
321.0 56.30945563316345
322.0 62.10097074508667
323.0 66.87136888504028
324.0 70.40359377861023
325.0 73.01017045974731
326.0 75.15233159065247
327.0 76.78919434547424
328.0 78.45925688743591
329.0 79.74104285240173
330.0 80.66359758377075
331.0 81.04748129844666
332.0 81.24369382858276
333.0 81.38365745544434
334.0 81.39583468437195
335.0 81.72426223754883
336.0 82.26698637008667
337.0 82.9619824886322
338.0 83.80333185195923
339.0 84.32819247245789
340.0 84.56852436065674
341.0 85.11903285980225
342.0 85.33135056495667
343.0 85.24561524391174
344.0 85.41535139083862
345.0 85.9780490398407
346.0 86.25937104225159
347.0 86.69300079345703
348.0 86.86274290084839
349.0 87.07999587059021
350.0 87.11004257202148
351.0 87.24153637886047
352.0 87.17150092124939
353.0 87.19675540924072
354.0 87.14239597320557
355.0 87.29616403579712
356.0 87.3991310596466
357.0 87.336266040802
358.0 86.86630725860596
359.0 86.64276599884033
360.0 86.44656538963318
361.0 86.19401454925537
362.0 86.02449297904968
363.0 86.22599840164185
364.0 86.38231158256531
365.0 86.79323196411133
366.0 87.07348108291626
367.0 87.18261122703552
368.0 87.21691370010376
369.0 87.36553192138672
370.0 87.2738778591156
371.0 87.20420598983765
372.0 87.35776543617249
373.0 87.54295110702515
374.0 87.5905692577362
375.0 87.87976503372192
376.0 88.07143568992615
377.0 88.23875188827515
378.0 88.17333579063416
379.0 87.60979771614075
380.0 86.66605353355408
381.0 84.94009971618652
382.0 82.99556374549866
383.0 80.95980882644653
384.0 78.7793755531311
385.0 76.23608708381653
386.0 73.4254777431488
387.0 69.59218382835388
388.0 65.67274332046509
389.0 61.09271049499512
390.0 56.81362748146057
391.0 52.56757736206055
392.0 48.39769899845123
393.0 44.9539840221405
394.0 41.42403304576874
395.0 37.14093863964081
396.0 32.25038945674896
397.0 25.63248872756958
398.0 18.681761622428894
399.0 11.951806396245956
400.0 6.537166982889175
401.0 2.862919494509697
402.0 0.9711297228932381
403.0 0.33921506255865097
404.0 0.0812272191978991
405.0 0.0729253573808819
406.0 0.020630768267437816
407.0 0.002811639024002943
408.0 1.673724201768645e-10
409.0 1.673724201768645e-10
410.0 1.673724201768645e-10
411.0 1.673724201768645e-10
412.0 1.673724201768645e-10
413.0 1.673724201768645e-10
414.0 1.673724201768645e-10
415.0 1.673724201768645e-10
416.0 1.673724201768645e-10
417.0 1.673724201768645e-10
418.0 1.673724201768645e-10
419.0 1.673724201768645e-10
420.0 1.673724201768645e-10
421.0 1.673724201768645e-10
422.0 1.673724201768645e-10
423.0 1.673724201768645e-10
424.0 1.673724201768645e-10
425.0 1.673724201768645e-10
426.0 1.673724201768645e-10
427.0 1.673724201768645e-10
428.0 0.0027321682864567265
429.0 0.0027482670702738687
430.0 0.002764365854091011
431.0 0.001032453201332828
432.0 1.673724201768645e-10
433.0 0.00028210222353663994
434.0 0.0012636637620744295
435.0 0.001122329103964148
436.0 0.0009809950825001579
437.0 1.673724201768645e-10
438.0 1.673724201768645e-10
439.0 0.0003163928113281145
440.0 0.002494669570296537
441.0 0.00015002990494394908
442.0 1.673724201768645e-10
443.0 1.673724201768645e-10
444.0 0.0005249626156000886
445.0 0.0008479390999127645
446.0 0.0011709163118212018
447.0 6.071412030905776e-05
448.0 1.673724201768645e-10
449.0 0.0003322528300486738
450.0 0.0017139931514975615
451.0 1.673724201768645e-10
452.0 1.673724201768645e-10
453.0 1.673724201768645e-10
454.0 1.673724201768645e-10
455.0 1.673724201768645e-10
456.0 1.673724201768645e-10
457.0 1.673724201768645e-10
458.0 1.673724201768645e-10
459.0 1.673724201768645e-10
460.0 1.673724201768645e-10
461.0 1.673724201768645e-10
462.0 0.00037335830711526796
463.0 1.673724201768645e-10
464.0 1.673724201768645e-10
465.0 1.673724201768645e-10
466.0 9.855772304945276e-05
467.0 1.673724201768645e-10
468.0 1.673724201768645e-10
469.0 1.673724201768645e-10
470.0 1.673724201768645e-10
471.0 1.673724201768645e-10
472.0 1.673724201768645e-10
473.0 1.673724201768645e-10
474.0 1.673724201768645e-10
475.0 1.673724201768645e-10
476.0 0.0007143125458242139
477.0 0.000702435863786377
478.0 0.0006905593181727454
479.0 0.00027272060378891183
480.0 1.673724201768645e-10
481.0 0.0001070472649189469
482.0 0.00035921229937230237
483.0 0.0003120430847047828
484.0 0.0002648738018251606
485.0 6.212496828084113e-05
486.0 1.673724201768645e-10
487.0 1.673724201768645e-10
488.0 1.673724201768645e-10
489.0 1.673724201768645e-10
490.0 1.673724201768645e-10
491.0 1.673724201768645e-10
492.0 1.673724201768645e-10
493.0 1.673724201768645e-10
494.0 1.673724201768645e-10
495.0 6.737303124282334e-05
496.0 0.000976803039520746
497.0 0.0004229916157783009
498.0 1.673724201768645e-10
499.0 1.673724201768645e-10
500.0 1.673724201768645e-10
501.0 1.673724201768645e-10
502.0 1.673724201768645e-10
503.0 1.673724201768645e-10
504.0 1.673724201768645e-10
505.0 1.673724201768645e-10
506.0 0.00023808127025404247
507.0 1.673724201768645e-10
508.0 1.673724201768645e-10
509.0 1.673724201768645e-10
510.0 1.673724201768645e-10
511.0 0.0002843199126800755
512.0 0.0005723424237658037
513.0 0.0005800592134619365
514.0 0.0005877757303096587
515.0 0.0005245595275482628
516.0 0.0004613433702616021
517.0 0.0001513579150014266
518.0 1.673724201768645e-10
519.0 0.00013187263903091662
520.0 0.0004223728410579497
521.0 0.00046823106458759867
522.0 0.0005140892426425125
523.0 0.00020351637886051321
524.0 1.673724201768645e-10
525.0 1.673724201768645e-10
526.0 1.673724201768645e-10
527.0 1.673724201768645e-10
528.0 1.673724201768645e-10
529.0 1.673724201768645e-10
530.0 1.673724201768645e-10
531.0 0.00010779837111840607
532.0 0.0006227956419024849
533.0 0.000245701767198625
534.0 1.673724201768645e-10
535.0 1.673724201768645e-10
536.0 1.673724201768645e-10
537.0 1.673724201768645e-10
538.0 1.673724201768645e-10
539.0 1.673724201768645e-10
540.0 0.00011000546464856598
541.0 1.673724201768645e-10
542.0 1.673724201768645e-10
543.0 1.673724201768645e-10
544.0 1.673724201768645e-10
545.0 1.673724201768645e-10
546.0 1.673724201768645e-10
547.0 7.199565175142197e-05
548.0 0.0002692494945222279
549.0 1.673724201768645e-10
550.0 1.673724201768645e-10
551.0 1.673724201768645e-10
552.0 1.673724201768645e-10
553.0 1.673724201768645e-10
554.0 1.673724201768645e-10
555.0 1.673724201768645e-10
556.0 1.673724201768645e-10
557.0 1.673724201768645e-10
558.0 1.673724201768645e-10
559.0 1.673724201768645e-10
560.0 0.00021794307940581348
561.0 1.673724201768645e-10
562.0 1.673724201768645e-10
563.0 1.673724201768645e-10
564.0 1.673724201768645e-10
565.0 1.673724201768645e-10
566.0 1.673724201768645e-10
567.0 1.673724201768645e-10
568.0 1.673724201768645e-10
569.0 0.00020715606297017075
570.0 0.00046312870836118236
571.0 0.00048387346396339126
572.0 0.0005046184469392756
573.0 0.0005441940174932824
574.0 0.0005837699973199051
575.0 0.00021383416424214374
576.0 1.673724201768645e-10
577.0 1.673724201768645e-10
578.0 0.00012127369473091676
579.0 0.0004994989012629958
580.0 0.0008777242328505963
581.0 0.0011239725608902518
582.0 0.0013702213436772581
583.0 0.0014883426047163084
584.0 0.0016064643205027096
585.0 0.0013759102330368478
586.0 0.0011453558727225754
587.0 0.001020489253278356
588.0 0.0008956226338341366
589.0 0.0008574102139391471
590.0 0.0008191974302462768
591.0 0.0009008328561321832
592.0 0.0009824682820180897
593.0 0.0007500716492359061
594.0 0.000517674789080047
595.0 0.0005970372512820177
596.0 0.0006763994861103129
597.0 0.0009142864655586891
598.0 0.001152173263108125
599.0 0.001832704947446473
600.0 0.0025132363589364104
601.0 0.0027082618544227444
602.0 0.0029032873499090783
603.0 0.0024545965061406605
604.0 0.002005905844271183
605.0 0.0014595806533179712
606.0 0.0009132553714152891
607.0 0.0008578305823903065
608.0 0.0008024057933653239
609.0 0.0006343500444927486
610.0 0.0004662943410949083
611.0 0.000578950903218356
612.0 0.0006916074198670685
613.0 0.0008449225788353942
614.0 0.0009982375559047796
615.0 0.0009758819942362607
616.0 0.0009535267054161523
617.0 0.0007558605375379557
618.0 0.0005581945970334345
619.0 0.00031123622648010496
620.0 6.427791845453612e-05
621.0 0.0002972156607938814
622.0 0.0005301533292367822
623.0 0.0005231813247519312
624.0 0.0005162093202670803
625.0 0.0007509758688684087
626.0 0.0009857424629444722
627.0 0.0008840842383506242
628.0 0.0007824260137567762
629.0 0.0010483129699423444
630.0 0.0013141998351784423
631.0 0.001748369868437294
632.0 0.002182539537898265
633.0 0.0022946835088077933
634.0 0.0024068272978183813
635.0 0.002558019150455948
636.0 0.0027092108211945742
637.0 0.0023827939003240317
638.0 0.0020563762518577278
639.0 0.0013258057151688263
640.0 0.0005952348601567792
641.0 0.0007872010428400245
642.0 0.0009791672709980048
643.0 0.0007054380603221944
644.0 0.0004317088496463839
645.0 0.000543667965757777
646.0 0.0006556269454449648
647.0 0.0003488181164357229
648.0 4.2009392586805916e-05
649.0 1.673724201768645e-10
650.0 1.673724201768645e-10
651.0 0.0003799747219090932
652.0 0.00083610721048899
653.0 0.001232249996974133
654.0 0.0016283924196613953
655.0 0.0016047077224357054
656.0 0.0015810232071089558
657.0 0.0026039366275654174
658.0 0.0036268505937187
659.0 0.004042062209919095
660.0 0.00445727382611949
661.0 0.004449541665962897
662.0 0.004441809142008424
663.0 0.0031209736334858462
664.0 0.001800138306862209
665.0 0.0016109477655845694
666.0 0.001421756769559579
667.0 0.0014701929103466682
668.0 0.0015186290511337575
669.0 0.0009536438483337406
670.0 0.0003886588274326641
671.0 0.0004916979378322139
672.0 0.0005947369572822936
673.0 0.0004014892056147801
674.0 0.00020824140847253148
675.0 0.0006330335054371972
676.0 0.0010578255569271278
677.0 0.001678009721217677
678.0 0.0022981941583566368
679.0 0.002480301736795809
680.0 0.0026624093152349815
681.0 0.0034726890589809045
682.0 0.0042829688027268276
683.0 0.006217477493919432
684.0 0.008151986548909917
685.0 0.008796013571554795
686.0 0.00944004423217848
687.0 0.008483955025440082
688.0 0.0075278658187016845
689.0 0.005731158671551384
690.0 0.003934451888198964
691.0 0.003558300159056671
692.0 0.0031821487937122583
693.0 0.0029937224098830484
694.0 0.002805295844154898
695.0 0.002414506525383331
696.0 0.002023717388510704
697.0 0.0014300409020506777
698.0 0.0008363645065401215
699.0 0.0006206401849340182
700.0 0.00040491586332791485
701.0 0.0004877940227743238
702.0 0.0005706723186449381
703.0 0.0006718950317008421
704.0 0.0007731179721304215
705.0 0.0008435494237346575
706.0 0.0009139810572378337
707.0 0.0008936598533182405
708.0 0.0008733381946512964
709.0 0.0007257664947246667
710.0 0.0005781946128990967
711.0 0.0007907323379185982
712.0 0.0010032703357865103
713.0 0.0010828721315192524
714.0 0.0011624742001004051
715.0 0.0008755861927056685
716.0 0.0005886981853109319
717.0 0.0005312306711857673
718.0 0.0004737630661111325
719.0 0.00042487158680160064
720.0 0.0003759800620173337
721.0 0.0003236599468436907
722.0 0.0002713397861953126
723.0 0.00031866345580056077
724.0 0.00036598710266844137
725.0 0.00019451383650448406
726.0 2.3040426810894132e-05
727.0 0.0002855187176464824
728.0 0.000547997115063481
729.0 0.00046068585106695537
730.0 0.0003733745415956946
731.0 0.00026513421289564576
732.0 0.00015689386145822937
733.0 0.00018250905213790247
734.0 0.00020812428829231067
735.0 0.00040435143091599457
736.0 0.0006005786872265162
737.0 0.0007028820618870668
738.0 0.0008051855729718227
739.0 0.0004982287464372348
740.0 0.00019127185169054428
741.0 0.000635842025076272
742.0 0.0010804123121488374
743.0 0.0018849686966859736
744.0 0.002689524808374699
745.0 0.003411514626350254
746.0 0.004133504262426868
747.0 0.00455521403637249
748.0 0.004976923082722351
749.0 0.004453039946383797
750.0 0.003929157537641004
751.0 0.0032355481380363926
752.0 0.002541938920330722
753.0 0.0020711400793516077
754.0 0.0016003408745746128
755.0 0.0018825872757588513
756.0 0.0021648340407409705
757.0 0.0018091677702614106
758.0 0.0014535014088323805
759.0 0.0012658603736781515
760.0 0.0010782192475744523
761.0 0.0013000323633605149
762.0 0.0015218455700960476
763.0 0.0012178948963992298
764.0 0.0009139438589045312
765.0 0.0008178994903573766
766.0 0.0007218549853860168
767.0 0.0005357128429750446
768.0 0.0003495705641398672
769.0 0.0005041411441197852
770.0 0.0006587114967260277
771.0 0.0006201541054906556
772.0 0.0005815963049826678
773.0 0.0004127713054913329
774.0 0.00024394603315158747
775.0 0.00030085134312685113
776.0 0.0003577565394152771
777.0 0.00033965827697102213
778.0 0.00032155978715309175
779.0 0.0007968127647473011
780.0 0.001272065765078878
781.0 0.0011960886695305817
782.0 0.0011201117558812257
783.0 0.0010175353054364678
784.0 0.00091495894594118
785.0 0.0012598427929333411
786.0 0.0016047264580265619
787.0 0.0012492820133047644
788.0 0.0008938372957345564
789.0 0.0010018730790761765
790.0 0.0011099088624177966
791.0 0.0009236559890268836
792.0 0.0007374030246865004
793.0 0.0001108967467189359
794.0 1.673724201768645e-10
795.0 1.673724201768645e-10
796.0 1.673724201768645e-10
797.0 0.00025075992198253516
798.0 0.0005564529146795394
799.0 0.00023075274384609656
800.0 1.673724201768645e-10
801.0 1.673724201768645e-10
802.0 1.673724201768645e-10
803.0 1.673724201768645e-10
804.0 1.673724201768645e-10
805.0 2.8174537192171556e-05
806.0 9.225653911926202e-05
807.0 5.2863157407045946e-05
808.0 1.3469782800257235e-05
809.0 0.0002685409526748117
810.0 0.0005236122888163663
811.0 0.00016206483905989444
812.0 1.673724201768645e-10
813.0 0.00026122825147467665
814.0 0.0007219391591206659
815.0 0.0006776950158382533
816.0 0.000633451008980046
817.0 0.00045501083150156774
818.0 0.000276570676760457
819.0 0.00010290939371770946
820.0 1.673724201768645e-10
821.0 1.673724201768645e-10
822.0 1.673724201768645e-10
823.0 1.673724201768645e-10
824.0 8.146523668983718e-05
825.0 1.673724201768645e-10
826.0 1.673724201768645e-10
827.0 1.673724201768645e-10
828.0 0.0005470831638376694
829.0 0.0004536547749012243
830.0 0.0003602267497626599
831.0 8.329315193122966e-06
832.0 1.673724201768645e-10
833.0 1.673724201768645e-10
834.0 1.673724201768645e-10
835.0 1.673724201768645e-10
836.0 0.0002821039061018382
837.0 1.673724201768645e-10
838.0 1.673724201768645e-10
839.0 1.673724201768645e-10
840.0 1.673724201768645e-10
841.0 1.673724201768645e-10
842.0 5.532232307814411e-05
843.0 6.860819325993361e-05
844.0 8.189401228264614e-05
845.0 0.00012208237194499816
846.0 0.00016227065771090565
847.0 0.0002687082996999379
848.0 0.0003751458962142351
849.0 0.0004680919118982274
850.0 0.0005610377229459118
851.0 0.0002532220833018073
852.0 1.673724201768645e-10
853.0 0.0002926663000835106
854.0 0.0006399259291356429
855.0 0.00034527090519986814
856.0 5.061583578935824e-05
857.0 0.0004507125140662538
858.0 0.0008508091923431493
859.0 0.0009582246093486901
860.0 0.0010656396625563502
861.0 0.001059972510120133
862.0 0.0010543053576839156
863.0 0.0013818837032886222
864.0 0.0017094622307922691
865.0 0.002060867518594023
866.0 0.002412272442597896
867.0 0.002157852395612281
868.0 0.0019034327124245465
869.0 0.0019088551198365167
870.0 0.0019142777091474272
871.0 0.0017252046745852567
872.0 0.0015361314581241459
873.0 0.0017913613191922195
874.0 0.002046590998361353
875.0 0.002139313437510282
876.0 0.0022320358766592108
877.0 0.002278617466799915
878.0 0.00232519960263744
879.0 0.0026020190489361994
880.0 0.00287883904093178
