lsstCam/transmission_filter_detector/r14_s11/u_24/19700101T000000.ecsv
# %ECSV 1.0
# ---
# datatype:
# - {name: wavelength, unit: nm, datatype: float32}
# - {name: efficiency, unit: '%', datatype: float64}
# meta: !!omap
# - {MODE: DETECTOR}
# - {TYPE: transmission_filter_detector}
# - {CALIBDATE: '1970-01-01T00:00:00'}
# - {INSTRUME: LSSTCam}
# - {OBSTYPE: transmission_filter_detector}
# - {CALIBCLS: lsst.ip.isr.IntermediateFilterDetectorTransmissionCurve}
# - {SOURCE: Materion (DM-46256)}
# - {DETECTOR: 67}
# - {FILTER: u_24}
# - {CALIB_ID: 'calibDate=1970-01-01T00:00:00 filter=u_24 detector=67'}
# - {DATE: '2025-04-02T15:59:40.059581'}
# - {CALIB_CREATION_DATE: '2025-04-02'}
# - {CALIB_CREATION_TIME: '15:59:40'}
# - __serialized_columns__:
#     efficiency:
#       __class__: astropy.units.quantity.Quantity
#       unit: !astropy.units.Unit {unit: '%'}
#       value: !astropy.table.SerializedColumn {name: efficiency}
#     wavelength:
#       __class__: astropy.units.quantity.Quantity
#       unit: !astropy.units.Unit {unit: nm}
#       value: !astropy.table.SerializedColumn {name: wavelength}
# schema: astropy-2.0
wavelength efficiency
[from data line 587]
882.0 0.0033244970836676657
883.0 0.003055402703466825
884.0 0.0027863088689628057
885.0 0.00280442982329987
886.0 0.002822551323333755
887.0 0.002581224362074863
888.0 0.0023398981284117326
889.0 0.002316111385880504
890.0 0.0022923248252482153
891.0 0.002526328171370551
892.0 0.0027603315174928866
893.0 0.0025317352992715314
894.0 0.0023031383534544148
895.0 0.002789851168927271
896.0 0.003276563438703306
897.0 0.0038093403418315575
898.0 0.004342117244959809
899.0 0.004290228389436379
900.0 0.0042383391701150686
901.0 0.00421301374444738
902.0 0.004187688318779692
903.0 0.00455111003248021
904.0 0.004914531382382847
905.0 0.0049234338803216815
906.0 0.004932336014462635
907.0 0.005416405838332139
908.0 0.005900476025999524
909.0 0.0060543621657416224
910.0 0.006208248669281602
911.0 0.0062705003074370325
912.0 0.0063327526731882244
913.0 0.006119992031017318
914.0 0.005907230661250651
915.0 0.005326275640982203
916.0 0.004745320256915875
917.0 0.0041364008211530745
918.0 0.003527481749188155
919.0 0.003960163667215966
920.0 0.004392845949041657
921.0 0.0044756645365851
922.0 0.004558483124128543
923.0 0.0055355172662530094
924.0 0.0065125495893880725
925.0 0.006686562846880406
926.0 0.006860576831968501
927.0 0.007311404624488205
928.0 0.007762228779029101
929.0 0.007795565761625767
930.0 0.007828903471818194
931.0 0.007244479638757184
932.0 0.006660054350504652
933.0 0.006705488340230659
934.0 0.006750923057552427
935.0 0.00688330183038488
936.0 0.007015681330813095
937.0 0.007188296149251983
938.0 0.007360913878073916
939.0 0.007389672100543976
940.0 0.007418429595418274
941.0 0.006473179382737726
942.0 0.005527927714865655
943.0 0.0046886823838576674
944.0 0.003849437416647561
945.0 0.003015476067957934
946.0 0.0021815149011672474
947.0 0.0018574311980046332
948.0 0.001533347494842019
949.0 0.001422931563865859
950.0 0.0013125156328896992
951.0 0.001518210683570942
952.0 0.0017239057342521846
953.0 0.0016336856788257137
954.0 0.0015434658052981831
955.0 0.002006378781516105
956.0 0.0024692915758350864
957.0 0.0025839515728875995
958.0 0.0026986110242432915
959.0 0.003038370778085664
960.0 0.0033781299862312153
961.0 0.003743656270671636
962.0 0.004109181827516295
963.0 0.004299798092688434
964.0 0.004490414721658453
965.0 0.004526256452663802
966.0 0.004562098911264911
967.0 0.0046837951231282204
968.0 0.004805492426385172
969.0 0.004615599027602002
970.0 0.004425705992616713
971.0 0.0046980116167105734
972.0 0.004970316513208672
973.0 0.004937284757033922
974.0 0.0049042526370612904
975.0 0.004528932549874298
976.0 0.004153612462687306
977.0 0.0037333531508920714
978.0 0.003313093475298956
979.0 0.0033116004487965256
980.0 0.003310107422294095
981.0 0.0031564966775476933
982.0 0.0030028853871044703
983.0 0.0030922525183996186
984.0 0.003181619103997946
985.0 0.0034100710763596
986.0 0.0036385234125191346
987.0 0.004001998604508117
988.0 0.004365473432699218
989.0 0.005290247281664051
990.0 0.006215019675437361
991.0 0.006493672844953835
992.0 0.0067723267420660704
993.0 0.007324207399506122
994.0 0.007876088056946173
995.0 0.007351799285970628
996.0 0.006827508332207799
997.0 0.006765675789210945
998.0 0.006703846884192899
999.0 0.0067062428570352495
1000.0 0.0067086388298776
1001.0 0.006133184069767594
1002.0 0.0055577282182639465
1003.0 0.005110974234412424
1004.0 0.004664219886763021
1005.0 0.004742151213577017
1006.0 0.004820081812795252
1007.0 0.004839443499804474
1008.0 0.004858803004026413
1009.0 0.004211407213006169
1010.0 0.003564011785783805
1011.0 0.0036619665479520336
1012.0 0.0037599209463223815
1013.0 0.003289755477453582
1014.0 0.002819590372382663
1015.0 0.0023884203983470798
1016.0 0.0019572506062104367
1017.0 0.0016876314475666732
1018.0 0.001418011925125029
1019.0 0.001182770120067289
1020.0 0.0009475279512116686
1021.0 0.0009176079402095638
1022.0 0.0008876881111063994
1023.0 0.0009665582183515653
1024.0 0.0010454284165462013
1025.0 0.0012553015949379187
1026.0 0.0014651749552285764
1027.0 0.0012338846318016294
1028.0 0.001002594035526272
1029.0 0.0010536677109485026
1030.0 0.0011047415682696737
1031.0 0.0018459128114045598
1032.0 0.002587084236438386
1033.0 0.00241646066569956
1034.0 0.0022458372768596746
1035.0 0.0026618485208018683
1036.0 0.0030778595828451216
1037.0 0.003079262387473136
1038.0 0.0030806655558990315
1039.0 0.002770658102235757
1040.0 0.002460651012370363
1041.0 0.0018182712665293366
1042.0 0.0011758917935367208
1043.0 0.0015039508070913143
1044.0 0.0018320097296964377
1045.0 0.0014315690350485966
1046.0 0.0010311283404007554
1047.0 0.0016626552678644657
1048.0 0.0022941825591260567
1049.0 0.001893957050924655
1050.0 0.0014937309060769621
1051.0 0.0013826255781168584
1052.0 0.0012715197954094037
1053.0 0.0010262209798383992
1054.0 0.0007809216185705736
1055.0 0.00024618846055091126
1056.0 1.673724201768645e-10
1057.0 0.000422440189140616
1058.0 0.0011334249393257778
1059.0 0.0006701239726680797
1060.0 0.00020682314243458677
1061.0 0.0013769918950856663
1062.0 0.0025471605113125406
1063.0 0.002434873385936953
1064.0 0.0023225862605613656
1065.0 0.0011909616659977473
1066.0 5.933730449214636e-05
1067.0 0.0007136757176340325
1068.0 0.0013680131814908236
1069.0 0.0024442453650408424
1070.0 0.0035204771847929806
1071.0 0.0018975642888108268
1072.0 0.0002746514383034082
1073.0 0.0004282366717234254
1074.0 0.0005818219506181777
1075.0 0.0027647920433082618
1076.0 0.004947761772200465
1077.0 0.005121140566188842
1078.0 0.005294519360177219
1079.0 0.005640841482090764
1080.0 0.005987160693621263
1081.0 0.004482602889765985
1082.0 0.0029780445402138866
1083.0 0.0027374386263545603
1084.0 0.0024968325305962935
1085.0 0.0027750618755817413
1086.0 0.0030532908567693084
1087.0 0.003808830661000684
1088.0 0.004564370101434179
1089.0 0.005694016726920381
1090.0 0.006823662988608703
1091.0 0.005216980571276508
1092.0 0.003610297790146433
1093.0 0.0023504748241975904
1094.0 0.0010906521310971584
1095.0 0.0007253544481500285
1096.0 0.00036005683341500117
1097.0 0.0014314309737528674
1098.0 0.0025028053642017767
1099.0 0.003148244650219567
1100.0 0.0037936843000352383
