lsstCam/transmission_filter_detector/r33_s10/r_57/19700101T000000.ecsv
# %ECSV 1.0
# ---
# datatype:
# - {name: wavelength, unit: nm, datatype: float32}
# - {name: efficiency, unit: '%', datatype: float64}
# meta: !!omap
# - {MODE: DETECTOR}
# - {TYPE: transmission_filter_detector}
# - {CALIBDATE: '1970-01-01T00:00:00'}
# - {INSTRUME: LSSTCam}
# - {OBSTYPE: transmission_filter_detector}
# - {CALIBCLS: lsst.ip.isr.IntermediateFilterDetectorTransmissionCurve}
# - {SOURCE: Materion (DM-46256)}
# - {DETECTOR: 147}
# - {FILTER: r_57}
# - {CALIB_ID: 'calibDate=1970-01-01T00:00:00 filter=r_57 detector=147'}
# - {DATE: '2025-04-02T15:59:44.865471'}
# - {CALIB_CREATION_DATE: '2025-04-02'}
# - {CALIB_CREATION_TIME: '15:59:44'}
# - __serialized_columns__:
#     efficiency:
#       __class__: astropy.units.quantity.Quantity
#       unit: !astropy.units.Unit {unit: '%'}
#       value: !astropy.table.SerializedColumn {name: efficiency}
#     wavelength:
#       __class__: astropy.units.quantity.Quantity
#       unit: !astropy.units.Unit {unit: nm}
#       value: !astropy.table.SerializedColumn {name: wavelength}
# schema: astropy-2.0
wavelength efficiency
[from data line 602]
902.0 1.5934985535953627e-10
903.0 1.5934985535953627e-10
904.0 9.828939795397673e-06
905.0 4.882496114078094e-05
906.0 6.338130447147705e-05
907.0 7.793767622388259e-05
908.0 0.0001524994559076731
909.0 0.00022706119580107043
910.0 0.00013251826658233767
911.0 3.7975331679263036e-05
912.0 0.00011696009778461303
913.0 0.00019594485820562113
914.0 0.00015770275467730244
915.0 0.00011946063978029997
916.0 8.552875101486279e-05
917.0 5.1596828143374296e-05
918.0 0.00011396092531867907
919.0 0.0001763249997566163
920.0 0.00017046700122591574
921.0 0.00016460900269521517
922.0 0.00016189405869226903
923.0 0.0001591791487953742
924.0 0.0001909157390400651
925.0 0.00022265232928475598
926.0 0.00018107882624462945
927.0 0.0001395053345731867
928.0 0.00012553523447422776
929.0 0.00011156511163790128
930.0 0.00013902123328080052
931.0 0.00016647730944896466
932.0 0.00010947279633910512
933.0 5.24682718605618e-05
934.0 1.5934985535953627e-10
935.0 1.5934985535953627e-10
936.0 1.5934985535953627e-10
937.0 1.5934985535953627e-10
938.0 1.5934985535953627e-10
939.0 1.5934985535953627e-10
940.0 2.010810078445502e-05
941.0 5.9149516573597793e-05
942.0 0.00020427892195584718
943.0 0.0003494083102850709
944.0 0.0003284406147940899
945.0 0.0003074728965657414
946.0 0.00047991020437621046
947.0 0.0006523475349240471
948.0 0.00046568734433094505
949.0 0.0002790272446873132
950.0 0.00037356560369516956
951.0 0.0004681039627030259
952.0 0.0005980571586405858
953.0 0.000728010445527616
954.0 0.0008575420906709041
955.0 0.0009870741450868081
956.0 0.0011450415513536427
957.0 0.0013030089576204773
958.0 0.001536503987153992
959.0 0.001769999107636977
960.0 0.0019141169104841538
961.0 0.0020582347133313306
962.0 0.0021386986190918833
963.0 0.0022191623429534957
964.0 0.0023100559701560996
965.0 0.0024009495973587036
966.0 0.0024034339730860665
967.0 0.00240591871261131
968.0 0.0024069402570603415
969.0 0.0024079616196104325
970.0 0.0024598140953457914
971.0 0.00251166638918221
972.0 0.002621537169034127
973.0 0.002731408312683925
974.0 0.0028772454243153334
975.0 0.0030230828997446224
976.0 0.0030564056942239404
977.0 0.003089728852501139
978.0 0.003081550312344916
979.0 0.003073372135986574
980.0 0.003114564242423512
981.0 0.00315575634886045
982.0 0.003116234438493848
983.0 0.003076712164329365
984.0 0.002917054735007696
985.0 0.0027573971237870865
986.0 0.0026510542738833465
987.0 0.0025447114239796065
988.0 0.002548178963479586
989.0 0.0025516466848785058
990.0 0.002574438985902816
991.0 0.0025972312869271263
992.0 0.0025389694201294333
993.0 0.00248070755333174
994.0 0.00252535810432164
995.0 0.0025700090191094205
996.0 0.0025866398573271
997.0 0.0026032708774437197
998.0 0.0027758807846112177
999.0 0.002948490873677656
1000.0 0.0030283914384199306
1001.0 0.003108292366960086
1002.0 0.0032928008295129985
1003.0 0.003477309292065911
1004.0 0.003621094219852239
1005.0 0.003764879147638567
1006.0 0.00390830791729968
1007.0 0.0040517374145565554
1008.0 0.0040984672523336485
1009.0 0.0041451970901107416
1010.0 0.004085070395376533
1011.0 0.004024944064440206
1012.0 0.004029881893075071
1013.0 0.004034819721709937
1014.0 0.003884565012413077
1015.0 0.0037343103031162173
1016.0 0.0034125019737984985
1017.0 0.0030906929168850183
1018.0 0.002836293242580723
1019.0 0.0025818933863774873
1020.0 0.0023494510969612747
1021.0 0.002117008625646122
1022.0 0.0018224325685878284
1023.0 0.0015278561477316543
1024.0 0.0013895929441787302
1025.0 0.0012513299225247465
1026.0 0.00109197135316208
1027.0 0.0009326132385467645
1028.0 0.0009166698873741552
1029.0 0.0009007267181004863
1030.0 0.0009501473869022448
1031.0 0.0009995681466534734
1032.0 0.0009384534678247292
1033.0 0.0008773387889959849
1034.0 0.0007408707460854203
1035.0 0.0006044025667506503
1036.0 0.0005480616437125718
1037.0 0.0004917206751997583
1038.0 0.0007061384167172946
1039.0 0.0009205560672853608
1040.0 0.0007740661203570198
1041.0 0.0006275759005802684
1042.0 0.0006855974334030179
1043.0 0.0007436189662257675
1044.0 0.0008243261618190445
1045.0 0.0009050332664628513
1046.0 0.0008277384040411562
1047.0 0.0007504436325689312
1048.0 0.0006668828518741066
1049.0 0.0005833222076034872
1050.0 0.0009048267202160787
1051.0 0.001226331096404465
1052.0 0.0011283494131930638
1053.0 0.0010303672752343118
1054.0 0.0010076994840346742
1055.0 0.0009850317837845068
1056.0 0.0008652335054648574
1057.0 0.0007454350907210028
1058.0 0.0009388177204527892
1059.0 0.0011322002137603704
1060.0 0.0010774894690257497
1061.0 0.0010227784514427185
1062.0 0.0012196938769193366
1063.0 0.0014166092114464846
1064.0 0.0015504705515922979
1065.0 0.001684331800788641
1066.0 0.001980320485017728
1067.0 0.002276308987347875
1068.0 0.0023243226678459905
1069.0 0.002372335802647285
1070.0 0.0022506346795125864
1071.0 0.002128933738276828
1072.0 0.0020426694391062483
1073.0 0.001956405321834609
1074.0 0.0019817205611616373
1075.0 0.0020070356185897253
1076.0 0.0021998939701006748
1077.0 0.002392752321611624
1078.0 0.002890758878493216
1079.0 0.003388765253475867
1080.0 0.00360231424565427
1081.0 0.003815863237832673
1082.0 0.0038213147490751
1083.0 0.0038267662603175268
1084.0 0.003660301081254147
1085.0 0.003493835174595006
1086.0 0.0037727575545432046
1087.0 0.004051679570693523
1088.0 0.0036493027437245473
1089.0 0.0032469255529576913
1090.0 0.002643605330376886
1091.0 0.0020402847439981997
1092.0 0.003085474600084126
1093.0 0.004130664819967933
1094.0 0.0037041605537524447
1095.0 0.0032776562875369564
1096.0 0.003552718771970831
1097.0 0.003827781620202586
1098.0 0.003549905522959307
1099.0 0.0032720297895139083
1100.0 0.002418925396341365
1101.0 0.001565820821269881
