lsstCam/transmission_filter_detector/r33_s10/r_57/19700101T000000.ecsv
# %ECSV 1.0
# ---
# datatype:
# - {name: wavelength, unit: nm, datatype: float32}
# - {name: efficiency, unit: '%', datatype: float64}
# meta: !!omap
# - {MODE: DETECTOR}
# - {TYPE: transmission_filter_detector}
# - {CALIBDATE: '1970-01-01T00:00:00'}
# - {INSTRUME: LSSTCam}
# - {OBSTYPE: transmission_filter_detector}
# - {CALIBCLS: lsst.ip.isr.IntermediateFilterDetectorTransmissionCurve}
# - {SOURCE: Materion (DM-46256)}
# - {DETECTOR: 147}
# - {FILTER: r_57}
# - {CALIB_ID: 'calibDate=1970-01-01T00:00:00 filter=r_57 detector=147'}
# - {DATE: '2025-04-02T15:59:44.865471'}
# - {CALIB_CREATION_DATE: '2025-04-02'}
# - {CALIB_CREATION_TIME: '15:59:44'}
# - __serialized_columns__:
#     efficiency:
#       __class__: astropy.units.quantity.Quantity
#       unit: !astropy.units.Unit {unit: '%'}
#       value: !astropy.table.SerializedColumn {name: efficiency}
#     wavelength:
#       __class__: astropy.units.quantity.Quantity
#       unit: !astropy.units.Unit {unit: nm}
#       value: !astropy.table.SerializedColumn {name: wavelength}
# schema: astropy-2.0
wavelength efficiency
300.0 0.002098371805914212
301.0 0.00561513370485045
302.0 0.009131895785685629
303.0 0.010886463860515505
304.0 0.012641033390536904
305.0 0.011340838682372123
306.0 0.010040644701803103
307.0 0.007929545972729102
308.0 0.0058184472436551005
309.0 0.00529770550201647
310.0 0.004776963760377839
311.0 0.004516962144407444
312.0 0.00425696161983069
313.0 0.004093630923307501
314.0 0.003930300226784311
315.0 0.003950661630369723
316.0 0.003971021578763612
317.0 0.0035598204704001546
318.0 0.0031486179068451747
319.0 0.002750895146164112
320.0 0.002353171839786228
321.0 0.0024495282559655607
322.0 0.0025458846721448936
323.0 0.0023987016902538016
324.0 0.0022515185264637694
325.0 0.002200193739554379
326.0 0.0021488691345439292
327.0 0.002102935286529828
328.0 0.002057001620414667
329.0 0.002288123323523905
330.0 0.0025192452085320838
331.0 0.0023714075723546557
332.0 0.0022235697542782873
333.0 0.002006573231483344
334.0 0.0017895765267894603
335.0 0.001552930916659534
336.0 0.0013162853974790778
337.0 0.0012791581866622437
338.0 0.0012420309758454096
339.0 0.001106749550672248
340.0 0.0009714679436001461
341.0 0.0009544034583086614
342.0 0.0009373388820677064
343.0 0.0008506137419317383
344.0 0.0007638886017957702
345.0 0.0007392279712803429
346.0 0.0007145673862396507
347.0 0.0006930566996743437
348.0 0.0006715459676343016
349.0 0.0006744711754436139
350.0 0.0024175082216970623
351.0 0.004681108839577064
352.0 0.006944708729861304
353.0 0.006266737909754738
354.0 0.005588767817243934
355.0 0.004669412737712264
356.0 0.003750056930584833
357.0 0.00399742966692429
358.0 0.00424480349465739
359.0 0.003693576218211092
360.0 0.0031423489417647943
361.0 0.0025037552404683083
362.0 0.001865161902969703
363.0 0.0019030940165976062
364.0 0.0019410264940233901
365.0 0.001869889092631638
366.0 0.0017987520550377667
367.0 0.0023129028704715893
368.0 0.002827053867804352
369.0 0.0030134458938846365
370.0 0.0031998377380659804
371.0 0.0032587951864115894
372.0 0.003317752998555079
373.0 0.003283435944467783
374.0 0.0032491192541783676
375.0 0.0023703614715486765
376.0 0.001491603507020045
377.0 0.002020965257543139
378.0 0.0025503270080662332
379.0 0.0022589272703044116
380.0 0.00196752753254259
381.0 0.002178459908463992
382.0 0.0023893922843853943
383.0 0.0030873390642227605
384.0 0.0037852856621611863
385.0 0.004418743628775701
386.0 0.005052202322985977
387.0 0.00458361828350462
388.0 0.004115034971619025
389.0 0.00305596950056497
390.0 0.001996903301915154
391.0 0.0016154874174389988
392.0 0.0012340718967607245
393.0 0.0013873767784389202
394.0 0.0015406818420160562
395.0 0.0012558970411191694
396.0 0.0009711123311717529
397.0 0.0008192345376301091
398.0 0.0006673567895632004
399.0 0.0009479841537540779
400.0 0.0012286118362681009
401.0 0.0012467177839425858
402.0 0.0012648237316170707
403.0 0.0009757137377164327
404.0 0.0006866039257147349
405.0 0.0009222433618560899
406.0 0.0011578829798963852
407.0 0.0011559680388018023
408.0 0.0011540530067577492
409.0 0.0011563075531739742
410.0 0.0011585621905396692
411.0 0.001335772412858205
412.0 0.0015129827261262108
413.0 0.001694429010967724
414.0 0.0018758753867587075
415.0 0.001860567499534227
416.0 0.0018452599761076272
417.0 0.001409477317793062
418.0 0.0009736947504279669
419.0 0.0016072277503553778
420.0 0.0022407602955354378
421.0 0.0037293204513844103
422.0 0.005217880607233383
423.0 0.008207484643207863
424.0 0.011197087587788701
425.0 0.014816840121056885
426.0 0.01843659410951659
427.0 0.018806575099006295
428.0 0.019176560454070568
429.0 0.015317062207031995
430.0 0.01145756323239766
431.0 0.00784551230026409
432.0 0.004233460276736878
433.0 0.003435975668253377
434.0 0.0026384910597698763
435.0 0.0021288718926371075
436.0 0.001619252907403279
437.0 0.0010736588592408225
438.0 0.0005280650384520413
439.0 0.0007320137228816748
440.0 0.0009359623618365731
441.0 0.0010452157766849268
442.0 0.0011544693734322209
443.0 0.0014625088624597993
444.0 0.0017705482605379075
445.0 0.0015752386389067397
446.0 0.0013799291991745122
447.0 0.0013833401681040414
448.0 0.0013867510460841004
449.0 0.0012942894500156399
450.0 0.0012018273991998285
451.0 0.0012164621693955269
452.0 0.0012310966667428147
453.0 0.0013790931916446425
454.0 0.0015270892617991194
455.0 0.0012913294085592497
456.0 0.0010555696462688502
457.0 0.0009399132977705449
458.0 0.0008242567673732992
459.0 0.0009195144230034202
460.0 0.0010147720786335412
461.0 0.0015355737559730187
462.0 0.0020563757061609067
463.0 0.002861682696675416
464.0 0.003666989869088866
465.0 0.0045592878450406715
466.0 0.005451584729598835
467.0 0.005982692528050393
468.0 0.006513800326501951
469.0 0.005682927439920604
470.0 0.004852054189541377
471.0 0.0036059675039723516
472.0 0.002359880272706505
473.0 0.0017091691915993579
474.0 0.0010584580195427407
475.0 0.0008106276254693512
476.0 0.0005627971404464915
477.0 0.000634594971415936
478.0 0.0007063928023853805
479.0 0.0006163234957057284
480.0 0.0005262541890260763
481.0 0.0004440811608219519
482.0 0.0003619080871430924
483.0 0.00044101261664764024
484.0 0.0005201172825763933
485.0 0.0006317585757642519
486.0 0.0007433998689521104
487.0 0.0005231907380220946
488.0 0.00030298153887997614
489.0 0.0006139388005976798
490.0 0.0009248959941032808
491.0 0.0008248084668593947
492.0 0.0007247210760397138
493.0 0.0008363237611774821
494.0 0.0009479263098910451
495.0 0.0009721914466354065
496.0 0.0009964565833797678
497.0 0.001013806559058139
498.0 0.0010311566256859805
499.0 0.0011186815754626878
500.0 0.0012062067071383353
501.0 0.0013253009456093423
502.0 0.0014443949112319387
503.0 0.0017740116163622588
504.0 0.002103627957694698
505.0 0.0024570341338403523
506.0 0.002810440491884947
507.0 0.0035965105780633166
508.0 0.004382580300443806
509.0 0.004739842188428156
510.0 0.005097104076412506
511.0 0.004697858821600676
512.0 0.004298613566788845
513.0 0.003624843157012947
514.0 0.0029510725653381087
515.0 0.002786862933135126
516.0 0.0026226534828310832
517.0 0.0025715746232890524
518.0 0.002520495581848081
519.0 0.0028653656045207754
520.0 0.07665042066946626
521.0 0.13188524171710014
522.0 0.06044753245078027
523.0 0.10336515260860324
524.0 0.12100564781576395
525.0 0.10249140905216336
526.0 0.12385565787553787
527.0 0.05295356968417764
528.0 0.11665646452456713
529.0 0.09375192457810044
530.0 0.19553527235984802
531.0 0.1515546697191894
532.0 0.19671500194817781
533.0 0.23067451547831297
534.0 0.3710485529154539
535.0 0.33200650941580534
536.0 0.540077080950141
537.0 0.7495112717151642
538.0 1.0413763113319874
539.0 1.6763709485530853
540.0 2.7202457189559937
541.0 4.144669324159622
542.0 6.06486089527607
543.0 8.81236344575882
544.0 12.081432342529297
545.0 15.797927975654602
546.0 20.198899507522583
547.0 25.931239128112793
548.0 33.049970865249634
549.0 40.96360802650452
550.0 47.730788588523865
551.0 55.914121866226196
552.0 62.00863718986511
553.0 67.72350668907166
554.0 72.54722714424133
555.0 76.68418288230896
556.0 80.42470812797546
557.0 83.59667658805847
558.0 86.82142496109009
559.0 90.60732126235962
560.0 91.53367877006531
561.0 93.34226846694946
562.0 94.49101686477661
563.0 94.63969469070435
564.0 95.1385498046875
565.0 95.12864351272583
566.0 95.49679756164551
567.0 94.8675811290741
568.0 95.48249244689941
569.0 95.81166505813599
570.0 95.49623727798462
571.0 96.29009962081909
572.0 96.38193249702454
573.0 96.53345346450806
574.0 96.52735590934753
575.0 96.6376543045044
576.0 97.10794687271118
577.0 96.64976596832275
578.0 96.83651924133301
579.0 96.69721722602844
580.0 96.12013697624207
581.0 95.9313690662384
582.0 96.36266827583313
583.0 96.304452419281
584.0 95.66866755485535
585.0 95.84306478500366
586.0 95.8126425743103
587.0 95.85549831390381
588.0 96.16917371749878
589.0 96.93566560745239
590.0 96.3280439376831
591.0 95.40916085243225
592.0 95.51843404769897
593.0 95.4177975654602
594.0 95.64666748046875
595.0 95.96166014671326
596.0 96.4679479598999
597.0 96.9590961933136
598.0 96.36452198028564
599.0 96.2430477142334
600.0 96.36549949645996
601.0 95.8120048046112
602.0 96.11379504203796
603.0 95.50302624702454
604.0 95.83255052566528
605.0 96.32441997528076
606.0 95.9349274635315
607.0 95.85511684417725
608.0 96.14580273628235
609.0 95.27382254600525
610.0 95.45025825500488
611.0 95.70900201797485
612.0 95.63668370246887
613.0 96.42376899719238
614.0 96.31837606430054
615.0 95.80482244491577
616.0 96.33654356002808
617.0 95.99336981773376
618.0 96.12985253334045
619.0 96.68850302696228
620.0 95.77546715736389
621.0 95.38098573684692
622.0 96.0953414440155
623.0 96.14116549491882
624.0 96.16886377334595
625.0 96.40878438949585
626.0 95.76799869537354
627.0 94.97623443603516
628.0 96.73985242843628
629.0 95.0122058391571
630.0 95.91014385223389
631.0 95.6072211265564
632.0 96.50470614433289
633.0 95.90704441070557
634.0 95.43139338493347
635.0 95.69142460823059
636.0 95.70097327232361
637.0 95.20372748374939
638.0 95.06540298461914
639.0 95.16889452934265
640.0 95.24291157722473
641.0 95.2758252620697
642.0 95.67622542381287
643.0 95.7241415977478
644.0 95.6348717212677
645.0 95.61499953269958
646.0 95.72190642356873
647.0 96.81159257888794
648.0 95.97322344779968
649.0 95.72855830192566
650.0 96.03791832923889
651.0 96.46139740943909
652.0 96.19730114936829
653.0 95.51177620887756
654.0 95.91470956802368
655.0 96.0747480392456
656.0 95.61514854431152
657.0 95.50901055335999
658.0 95.9821343421936
659.0 96.0284411907196
660.0 95.22500038146973
661.0 95.07659077644348
662.0 95.36563158035278
663.0 95.5298662185669
664.0 95.65979242324829
665.0 95.21408081054688
666.0 94.97724175453186
667.0 95.36886811256409
668.0 94.77270841598511
669.0 95.54649591445923
670.0 95.32849788665771
671.0 95.5678641796112
672.0 95.25553584098816
673.0 95.30754089355469
674.0 94.67921853065491
675.0 95.36912441253662
676.0 94.74380016326904
677.0 93.84094476699829
678.0 93.22264790534973
679.0 92.37685799598694
680.0 91.62522554397583
681.0 90.23654460906982
682.0 87.83620595932007
683.0 85.59476137161255
684.0 82.07064867019653
685.0 78.53893637657166
686.0 74.8707115650177
687.0 70.18513083457947
688.0 65.71528315544128
689.0 61.00350618362427
690.0 55.65254092216492
691.0 51.56046152114868
692.0 46.81507647037506
693.0 42.351943254470825
694.0 37.529876828193665
695.0 32.576772570610046
696.0 27.538326382637024
697.0 22.75022119283676
698.0 16.91965162754059
699.0 12.511076033115387
700.0 8.83813127875328
701.0 5.6321583688259125
702.0 3.569098562002182
703.0 2.105855569243431
704.0 1.2331708334386349
705.0 0.7499972358345985
706.0 0.43828790076076984
707.0 0.2793301595374942
708.0 0.1976103987544775
709.0 0.16008373349905014
710.0 0.12055919505655766
711.0 0.08811364532448351
712.0 0.061987462686374784
713.0 0.09133268613368273
714.0 0.09555399883538485
715.0 0.0566484231967479
716.0 0.09977483423426747
717.0 0.04036908212583512
718.0 0.05421923706308007
719.0 0.02029273600783199
720.0 1.5934985535953627e-10
721.0 0.004618314778781496
722.0 0.004387747685541399
723.0 0.004157180228503421
724.0 0.0038701062294421718
725.0 0.003583031866583042
726.0 0.0033488424378447235
727.0 0.003114653009106405
728.0 0.0030298981073428877
729.0 0.0029451432055793703
730.0 0.0027883499569725245
731.0 0.0026315565264667384
732.0 0.002529332778067328
733.0 0.0024271093934657983
734.0 0.002279311593156308
735.0 0.002131513974745758
736.0 0.00202846567844972
737.0 0.0019254175640526228
738.0 0.001851840534072835
739.0 0.0017782635040930472
740.0 0.001704728856566362
741.0 0.0016311940271407366
742.0 0.001557107680127956
743.0 0.0014830212421657052
744.0 0.0015462195733562112
745.0 0.0016094179954961874
746.0 0.0014171051589073613
747.0 0.0012247922313690651
748.0 0.0012925344890390988
749.0 0.0013602766557596624
750.0 0.0013319118806975894
751.0 0.0013035473784839269
752.0 0.0012666763723245822
753.0 0.0012298054571147077
754.0 0.0012383698049234226
755.0 0.0012469342436816078
756.0 0.0011452101716713514
757.0 0.0010434862815600354
758.0 0.0010822251169884112
759.0 0.0011209641343157273
760.0 0.001057042845786782
761.0 0.0009931214663083665
762.0 0.0009404830052517354
763.0 0.0008878447260940447
764.0 0.0009691226296126842
765.0 0.0010504003512323834
766.0 0.0009164073162537534
767.0 0.000782414099376183
768.0 0.0007586922492919257
769.0 0.0007349702627834631
770.0 0.0007260971869982313
771.0 0.0007172239293140592
772.0 0.0008320483175339177
773.0 0.0009468724783801008
774.0 0.0009547072295390535
775.0 0.000962541889748536
776.0 0.0009972992302209605
777.0 0.0010320570254407357
778.0 0.0008644195986562409
779.0 0.0006967824901948916
780.0 0.0007096507033566013
781.0 0.0007225189619930461
782.0 0.0007991598977241665
783.0 0.0008758011063036975
784.0 0.000812022881291341
785.0 0.0007482446562789846
786.0 0.0007940156137919985
787.0 0.0008397865713050123
788.0 0.0006946544090169482
789.0 0.000549522201254149
790.0 0.0006085421773605049
791.0 0.0006675623353658011
792.0 0.0006351805041049374
793.0 0.0006027984909451334
794.0 0.0006820021098974394
795.0 0.0007612057743244804
796.0 0.0006322067292785505
797.0 0.0005032076842326205
798.0 0.000618543526798021
799.0 0.0007338794603128918
800.0 0.0007573230050184065
801.0 0.0007807662768755108
802.0 0.0008114469892461784
803.0 0.0008421277925663162
804.0 0.0007107723376975628
805.0 0.0005794169737782795
806.0 0.0006199124527483946
807.0 0.0006604078862437746
808.0 0.0006612338438571896
809.0 0.0006620596650463995
810.0 0.0007233855740196304
811.0 0.0007847112101444509
812.0 0.0006350334388116607
813.0 0.00048535548557993025
814.0 0.000566740754948114
815.0 0.0006481259333668277
816.0 0.0007337514034588821
817.0 0.0008193769645004068
818.0 0.0006640719220740721
819.0 0.0005087668341730023
820.0 0.0006212887910805875
821.0 0.0007338107025134377
822.0 0.0007221439773275051
823.0 0.0007104772521415725
824.0 0.0006421899342967663
825.0 0.000573902570977225
826.0 0.0005282933670969214
827.0 0.0004826841632166179
828.0 0.00044778912524634507
829.0 0.00041289413275080733
830.0 0.00013111967973600258
831.0 1.5934985535953627e-10
832.0 1.5934985535953627e-10
833.0 1.5934985535953627e-10
834.0 1.5934985535953627e-10
835.0 7.190992619143799e-05
836.0 8.858483511176019e-05
837.0 0.00010525973266339861
838.0 0.0006382559149642475
839.0 0.0011712521882145666
840.0 0.0015249316675181035
841.0 0.0018786113287205808
842.0 0.002201757160946727
843.0 0.002524902993172873
844.0 0.00243018821493024
845.0 0.0023354734366876073
846.0 0.002002746441576164
847.0 0.0016700192645657808
848.0 0.0015843334040255286
849.0 0.001498647361586336
850.0 0.0014433467185881454
851.0 0.0013880459846404847
852.0 0.0013551159099733923
853.0 0.0013221857443568297
854.0 0.0011207949683011975
855.0 0.0009194042831950355
856.0 0.0007548908342869254
857.0 0.0005903773399040801
858.0 0.0004910516508971341
859.0 0.0003917260528396582
860.0 0.0003089150141022401
861.0 0.00022610397536482196
862.0 0.0002906962890847353
863.0 0.0003552885573299136
864.0 0.00021465439203893766
865.0 7.402025516967115e-05
866.0 0.00010905425824603299
867.0 0.00014408824426936917
868.0 0.00013659592923431774
869.0 0.000129103580093215
870.0 0.0001591858108440647
871.0 0.00018926806433228194
872.0 0.00014401143744180445
873.0 9.875485602606204e-05
874.0 0.00012455654996301746
875.0 0.00015035820979392156
876.0 0.00012642507272175862
877.0 0.00010249194701827946
878.0 0.00012255324008947355
879.0 0.0001426145445293514
880.0 0.00012304852816669154
881.0 0.00010348252317271545
882.0 0.00010622740092003369
883.0 0.0001089722900360357
884.0 7.872267246966658e-05
885.0 4.847302648158802e-05
886.0 0.0001339709456260607
887.0 0.00021946884771750774
888.0 0.000194612039194908
889.0 0.00016975524204099202
890.0 0.00010395825711384532
891.0 3.81612835553824e-05
892.0 4.025004329832882e-05
893.0 4.233879451476241e-05
894.0 3.718573395872227e-05
895.0 3.203265066531458e-05
896.0 9.241981402396959e-07
897.0 1.5934985535953627e-10
898.0 2.9552623459494498e-05
899.0 8.928950023801008e-05
900.0 5.976691141995616e-06
