lsstCam/transmission_filter_detector/r03_s02/u_24/19700101T000000.ecsv
# %ECSV 1.0
# ---
# datatype:
# - {name: wavelength, unit: nm, datatype: float32}
# - {name: efficiency, unit: '%', datatype: float64}
# meta: !!omap
# - {MODE: DETECTOR}
# - {TYPE: transmission_filter_detector}
# - {CALIBDATE: '1970-01-01T00:00:00'}
# - {INSTRUME: LSSTCam}
# - {OBSTYPE: transmission_filter_detector}
# - {CALIBCLS: lsst.ip.isr.IntermediateFilterDetectorTransmissionCurve}
# - {SOURCE: Materion (DM-46256)}
# - {DETECTOR: 20}
# - {FILTER: u_24}
# - {CALIB_ID: 'calibDate=1970-01-01T00:00:00 filter=u_24 detector=20'}
# - {DATE: '2025-04-02T15:59:39.840011'}
# - {CALIB_CREATION_DATE: '2025-04-02'}
# - {CALIB_CREATION_TIME: '15:59:39'}
# - __serialized_columns__:
#     efficiency:
#       __class__: astropy.units.quantity.Quantity
#       unit: !astropy.units.Unit {unit: '%'}
#       value: !astropy.table.SerializedColumn {name: efficiency}
#     wavelength:
#       __class__: astropy.units.quantity.Quantity
#       unit: !astropy.units.Unit {unit: nm}
#       value: !astropy.table.SerializedColumn {name: wavelength}
# schema: astropy-2.0
wavelength efficiency
295.0 2.695490532167444e-10
296.0 2.695490532167444e-10
297.0 2.695490532167444e-10
298.0 2.695490532167444e-10
299.0 2.695490532167444e-10
300.0 2.695490532167444e-10
301.0 2.695490532167444e-10
302.0 2.695490532167444e-10
303.0 0.13439558679237962
304.0 0.739755155518651
305.0 1.6581151634454727
306.0 3.6023885011672974
307.0 6.111571937799454
308.0 8.872101455926895
309.0 12.809202075004578
310.0 16.686716675758362
311.0 20.580050349235535
312.0 23.99805337190628
313.0 26.76013708114624
314.0 29.304954409599304
315.0 31.82155191898346
316.0 34.46858823299408
317.0 38.1389319896698
318.0 42.45276749134064
319.0 47.9310005903244
320.0 54.5207142829895
321.0 59.97544527053833
322.0 65.464186668396
323.0 69.58792209625244
324.0 72.66334891319275
325.0 74.88096952438354
326.0 76.74692273139954
327.0 78.38740944862366
328.0 80.05015850067139
329.0 81.20232820510864
330.0 81.85020685195923
331.0 82.1134626865387
332.0 82.23581314086914
333.0 82.4404776096344
334.0 82.55409002304077
335.0 83.17436575889587
336.0 83.81529450416565
337.0 84.42221879959106
338.0 85.40977239608765
339.0 85.70447564125061
340.0 85.9805703163147
341.0 86.28106117248535
342.0 86.55873537063599
343.0 86.58096194267273
344.0 86.8162989616394
345.0 87.34144568443298
346.0 87.71084547042847
347.0 88.0527138710022
348.0 88.28553557395935
349.0 88.41302394866943
350.0 88.28919529914856
351.0 88.51355910301208
352.0 88.40451240539551
353.0 88.45126628875732
354.0 88.38447332382202
355.0 88.50975632667542
356.0 88.49108815193176
357.0 88.26175928115845
358.0 87.75227069854736
359.0 87.39052414894104
360.0 87.29203939437866
361.0 87.11002469062805
362.0 87.11948990821838
363.0 87.44540214538574
364.0 87.72605657577515
365.0 88.14775943756104
366.0 88.42716813087463
367.0 88.42840194702148
368.0 88.43218088150024
369.0 88.66589069366455
370.0 88.58010172843933
371.0 88.63345384597778
372.0 88.80531191825867
373.0 89.03274536132812
374.0 89.07142877578735
375.0 89.53877091407776
376.0 89.77941870689392
377.0 89.85304832458496
378.0 89.59258794784546
379.0 88.80968689918518
380.0 87.56678700447083
381.0 85.70106625556946
382.0 83.631831407547
383.0 81.53598308563232
384.0 79.33386564254761
385.0 76.56802535057068
386.0 73.49101305007935
387.0 69.22591924667358
388.0 64.91672396659851
389.0 60.155242681503296
390.0 55.93951940536499
391.0 51.876300573349
392.0 47.956445813179016
393.0 44.41872239112854
394.0 40.50391614437103
395.0 35.356977581977844
396.0 29.41891849040985
397.0 21.833503246307373
398.0 14.91289883852005
399.0 8.624380826950073
400.0 4.051750153303146
401.0 1.5098147094249725
402.0 0.4589033778756857
403.0 0.20567895844578743
404.0 0.0917696685064584
405.0 2.695490532167444e-10
406.0 0.007197624654509127
407.0 0.004864819857175462
408.0 2.695490532167444e-10
409.0 2.695490532167444e-10
410.0 2.695490532167444e-10
411.0 2.695490532167444e-10
412.0 2.695490532167444e-10
413.0 2.695490532167444e-10
414.0 2.695490532167444e-10
415.0 2.695490532167444e-10
416.0 2.695490532167444e-10
417.0 2.695490532167444e-10
418.0 2.695490532167444e-10
419.0 2.695490532167444e-10
420.0 2.695490532167444e-10
421.0 2.695490532167444e-10
422.0 2.695490532167444e-10
423.0 2.695490532167444e-10
424.0 2.695490532167444e-10
425.0 2.695490532167444e-10
426.0 2.695490532167444e-10
427.0 2.695490532167444e-10
428.0 0.0009514391422271729
429.0 0.0008140406862366945
430.0 0.0006766420028725406
431.0 2.695490532167444e-10
432.0 2.695490532167444e-10
433.0 2.695490532167444e-10
434.0 2.695490532167444e-10
435.0 2.695490532167444e-10
436.0 2.695490532167444e-10
437.0 2.695490532167444e-10
438.0 2.695490532167444e-10
439.0 0.0006923610271769576
440.0 0.0019350010916241445
441.0 2.695490532167444e-10
442.0 2.695490532167444e-10
443.0 2.695490532167444e-10
444.0 2.695490532167444e-10
445.0 2.695490532167444e-10
446.0 0.000704883859725669
447.0 0.00014946904229873326
448.0 2.695490532167444e-10
449.0 2.695490532167444e-10
450.0 0.0003121309646303416
451.0 2.695490532167444e-10
452.0 2.695490532167444e-10
453.0 2.695490532167444e-10
454.0 2.695490532167444e-10
455.0 2.695490532167444e-10
456.0 2.695490532167444e-10
457.0 2.695490532167444e-10
458.0 2.695490532167444e-10
459.0 2.695490532167444e-10
460.0 2.695490532167444e-10
461.0 2.695490532167444e-10
462.0 2.695490532167444e-10
463.0 2.695490532167444e-10
464.0 2.695490532167444e-10
465.0 2.695490532167444e-10
466.0 0.0002500448772480013
467.0 0.0002387348331467365
468.0 0.00022742485725757433
469.0 0.0005990692443447188
470.0 0.0009707136996439658
471.0 0.00013454391591949388
472.0 2.695490532167444e-10
473.0 2.695490532167444e-10
474.0 2.695490532167444e-10
475.0 2.695490532167444e-10
476.0 2.695490532167444e-10
477.0 8.906108064365981e-05
478.0 0.0005211037660046713
479.0 0.00027362834771338385
480.0 2.615315395360085e-05
481.0 0.000356459395334241
482.0 0.0006867656338727102
483.0 2.695490532167444e-10
484.0 2.695490532167444e-10
485.0 2.695490532167444e-10
486.0 2.695490532167444e-10
487.0 2.695490532167444e-10
488.0 2.695490532167444e-10
489.0 2.695490532167444e-10
490.0 2.695490532167444e-10
491.0 2.695490532167444e-10
492.0 0.0002334934606551542
493.0 2.695490532167444e-10
494.0 2.695490532167444e-10
495.0 0.0002594510760900448
496.0 0.0010729798304964788
497.0 0.0005051215794082964
498.0 2.695490532167444e-10
499.0 0.00018882373069573077
500.0 0.0004403847924550064
501.0 0.0002696318688322208
502.0 9.887904752758914e-05
503.0 2.695490532167444e-10
504.0 2.695490532167444e-10
505.0 2.695490532167444e-10
506.0 5.720036142520257e-05
507.0 2.695490532167444e-10
508.0 2.695490532167444e-10
509.0 2.695490532167444e-10
510.0 2.695490532167444e-10
511.0 0.0001131611384153075
512.0 0.0004786343197338283
513.0 0.00033936275940504856
514.0 0.00020009081254102057
515.0 0.0003267899046477396
516.0 0.000453488928542356
517.0 2.2081779604832263e-05
518.0 2.695490532167444e-10
519.0 2.695490532167444e-10
520.0 0.0002157997187168803
521.0 0.0005429047632787842
522.0 0.000870009716891218
523.0 0.00042957140067301225
524.0 2.695490532167444e-10
525.0 2.695490532167444e-10
526.0 2.695490532167444e-10
527.0 2.695490532167444e-10
528.0 2.695490532167444e-10
529.0 2.695490532167444e-10
530.0 2.695490532167444e-10
531.0 2.695490532167444e-10
532.0 0.00022787535272073
533.0 2.695490532167444e-10
534.0 2.695490532167444e-10
535.0 2.695490532167444e-10
536.0 2.695490532167444e-10
537.0 2.695490532167444e-10
538.0 2.695490532167444e-10
539.0 2.695490532167444e-10
540.0 2.695490532167444e-10
541.0 2.695490532167444e-10
542.0 2.695490532167444e-10
543.0 2.695490532167444e-10
544.0 2.695490532167444e-10
545.0 2.695490532167444e-10
546.0 2.695490532167444e-10
547.0 2.695490532167444e-10
548.0 7.006480018389993e-05
549.0 2.695490532167444e-10
550.0 2.695490532167444e-10
551.0 2.695490532167444e-10
552.0 2.695490532167444e-10
553.0 2.695490532167444e-10
554.0 2.695490532167444e-10
555.0 2.695490532167444e-10
556.0 2.695490532167444e-10
557.0 2.695490532167444e-10
558.0 2.695490532167444e-10
559.0 8.825536497170106e-05
560.0 0.00034057268294418463
561.0 0.00013620772278954973
562.0 2.695490532167444e-10
563.0 2.695490532167444e-10
564.0 2.695490532167444e-10
565.0 2.695490532167444e-10
566.0 2.695490532167444e-10
567.0 2.695490532167444e-10
568.0 2.695490532167444e-10
569.0 0.00010127229188583442
570.0 0.0003942486728192307
571.0 0.00043667077989084646
572.0 0.0004790930233866675
573.0 0.0003832220500044059
574.0 0.00028735144042002503
575.0 0.00012091478538422962
576.0 2.695490532167444e-10
577.0 0.00022522460767504526
578.0 0.0004959709258400835
579.0 0.0004473739409149857
580.0 0.00039877691051515285
581.0 0.0008600319233664777
582.0 0.0013212872545409482
583.0 0.0015462002920685336
584.0 0.0017711134205455892
585.0 0.0014139345694275107
586.0 0.0010567552635620814
587.0 0.0010426392691442743
588.0 0.001028523183776997
589.0 0.0008413069735979661
590.0 0.0006540905815199949
591.0 0.0008901358341972809
592.0 0.0011261811778240371
593.0 0.0008923575478547718
594.0 0.0006585338269360363
595.0 0.0007586696483485866
596.0 0.0008588053788116667
597.0 0.00110160017356975
598.0 0.0013443948773783632
599.0 0.00182343374035554
600.0 0.0023024724214337766
601.0 0.002544126800785307
602.0 0.0027857809982378967
603.0 0.002320324711035937
604.0 0.0018548686057329178
605.0 0.0014954666767152958
606.0 0.0011360647476976737
607.0 0.0010583586117718369
608.0 0.0009806525667954702
609.0 0.0006550605121447006
610.0 0.0003294684802312986
611.0 0.0006077319994801655
612.0 0.0008859955414664
613.0 0.0008172818525054026
614.0 0.0007485682090191403
615.0 0.0008846117452776525
616.0 0.0010206552360614296
617.0 0.0009302939361077733
618.0 0.0008399325452046469
619.0 0.00042872097765211947
620.0 1.7509505312318652e-05
621.0 0.0003724081125255907
622.0 0.000727306633052649
623.0 0.0007256289791257586
624.0 0.0007239513251988683
625.0 0.0008232672371377703
626.0 0.0009225830581272021
627.0 0.0008844962394505274
628.0 0.0008464093298243824
629.0 0.0010357887731515802
630.0 0.0012251683074282482
631.0 0.0015561963664367795
632.0 0.0018872244254453108
633.0 0.0020832851078012027
634.0 0.0022793457901570946
635.0 0.002459003917465452
636.0 0.0026386618628748693
637.0 0.0022636755602434278
638.0 0.001888689075713046
639.0 0.0012454135685402434
640.0 0.0006021376975695603
641.0 0.0008096791134448722
642.0 0.001017220438370714
643.0 0.000743879809306236
644.0 0.0004705391347670229
645.0 0.00036488725072558736
646.0 0.0002592352984720492
647.0 6.836951342847897e-05
648.0 2.695490532167444e-10
649.0 2.695490532167444e-10
650.0 8.625318059785059e-05
651.0 0.0005330914518708596
652.0 0.0009799298823054414
653.0 0.0013795707673125435
654.0 0.0017792111975722946
655.0 0.0018681148503674194
656.0 0.0019570186850614846
657.0 0.0029071496101096272
658.0 0.0038572808989556506
659.0 0.00428109233325813
660.0 0.004704903403762728
661.0 0.004389692185213789
662.0 0.004074480966664851
663.0 0.0030142939067445695
664.0 0.0019541070287232287
665.0 0.0016161875464604236
666.0 0.0012782676094502676
667.0 0.0012253437489562202
668.0 0.0011724197975127026
669.0 0.000791144157119561
670.0 0.0004098686076758895
671.0 0.000512906035510241
672.0 0.0006159433723951224
673.0 0.0005641782536258688
674.0 0.0005124131803313503
675.0 0.0007855017429392319
676.0 0.0010585904419713188
677.0 0.0018217919205198996
678.0 0.0025849938538158312
679.0 0.002645495806063991
680.0 0.002705997940211091
681.0 0.003825778912869282
682.0 0.004945559703628533
683.0 0.006770584877813235
684.0 0.00859561114339158
685.0 0.009091761603485793
686.0 0.009587916429154575
687.0 0.008506768062943593
688.0 0.007425621151924133
689.0 0.005774756573373452
690.0 0.004123892722418532
691.0 0.003713090336532332
692.0 0.0033022879506461322
693.0 0.0029395383535302244
694.0 0.002576788938313257
695.0 0.002270551340188831
696.0 0.001964314105862286
697.0 0.0014224586266209371
698.0 0.0008806030564301182
699.0 0.0006932517408131389
700.0 0.0005059003797214245
701.0 0.0004927391273668036
702.0 0.00047957787501218263
703.0 0.0006691459930152632
704.0 0.0008587141564930789
705.0 0.0008862399226927664
706.0 0.0009137659617408644
707.0 0.0009145282092504203
708.0 0.0009152901839115657
709.0 0.0007181214186857687
710.0 0.0005209526534599718
711.0 0.0006421708349080291
712.0 0.0007633889254066162
713.0 0.0007742388334008865
714.0 0.0007850887413951568
715.0 0.0006001745077810483
716.0 0.0004152602286922047
717.0 0.0004943200565321604
718.0 0.000573379838897381
719.0 0.0004866923518420663
720.0 0.0004000048193120165
721.0 0.00038568105082958937
722.0 0.0003713572596097947
723.0 0.00045356846385402605
724.0 0.0005357796453608898
725.0 0.0003931360879505519
726.0 0.0002504923713786411
727.0 0.0003994775397586636
728.0 0.0005484628218255239
729.0 0.0003768209580812254
730.0 0.00020517920802376466
731.0 0.0003119916755167651
732.0 0.00041880421122186817
733.0 0.0002869040599762229
734.0 0.00015500399968004785
735.0 0.00032833163459145
736.0 0.0005016592695028521
737.0 0.000563151343158097
738.0 0.0006246434168133419
739.0 0.0006349644081637962
740.0 0.0006452852630900452
741.0 0.0011620079021668062
742.0 0.001678730950516183
743.0 0.0024470053176628426
744.0 0.003215279502910562
745.0 0.00378313307010103
746.0 0.0043509866372914985
747.0 0.0047389123210450634
748.0 0.005126837641000748
749.0 0.004305427137296647
750.0 0.0034840169973904267
751.0 0.0030880855774739757
752.0 0.002692154339456465
753.0 0.0022586487830267288
754.0 0.001825143044698052
755.0 0.002029944153036922
756.0 0.0022347454432747327
757.0 0.0018579803509055637
758.0 0.0014812149856879842
759.0 0.0011732931852748152
760.0 0.0008653714758111164
761.0 0.0011421101589803584
762.0 0.0014188489330990706
763.0 0.0010217422641289886
764.0 0.0006246355496841716
765.0 0.0008499849172949325
766.0 0.0010753343303804286
767.0 0.0008535440429113805
768.0 0.0006317537099675974
769.0 0.000567022379982518
770.0 0.0005022908680984983
771.0 0.00039121005102060735
772.0 0.00028012900656904094
773.0 0.0002538638455007458
774.0 0.00022759861622034805
775.0 0.0003058814399992116
776.0 0.00038416424104070757
777.0 0.000488779551233165
778.0 0.0005933947250014171
779.0 0.0008417678145633545
780.0 0.0010901407222263515
781.0 0.0011982578143943101
782.0 0.001306375088461209
783.0 0.0010919629858108237
784.0 0.000877550701261498
785.0 0.0010883260983973742
786.0 0.0012991011317353696
787.0 0.0010463350918143988
788.0 0.0007935688699944876
789.0 0.0009165428309643175
790.0 0.0010395168828836177
791.0 0.0009226512702298351
792.0 0.0008057856575760525
793.0 0.00011506258488225285
794.0 2.695490532167444e-10
795.0 2.695490532167444e-10
796.0 0.0001095515813176462
797.0 0.00030041196623642463
798.0 0.0004912723397865193
799.0 0.0002622295824039611
800.0 3.318673975627462e-05
801.0 2.695490532167444e-10
802.0 2.695490532167444e-10
803.0 2.695490532167444e-10
804.0 2.695490532167444e-10
805.0 2.695490532167444e-10
806.0 2.695490532167444e-10
807.0 2.695490532167444e-10
808.0 2.695490532167444e-10
809.0 2.1551858253587852e-05
810.0 0.00037575216538243694
811.0 6.859760333099985e-05
812.0 2.695490532167444e-10
813.0 0.00013528107274396461
814.0 0.0005091190359962638
815.0 0.0004058440026710741
816.0 0.00030256899208325194
817.0 0.00022974886633164715
818.0 0.00015692870647399104
819.0 6.82504150972818e-05
820.0 2.695490532167444e-10
821.0 2.695490532167444e-10
822.0 2.695490532167444e-10
823.0 2.695490532167444e-10
824.0 2.695490532167444e-10
825.0 2.695490532167444e-10
826.0 2.695490532167444e-10
827.0 0.00029239599825814366
828.0 0.0007787673894199543
829.0 0.0005448204319691285
830.0 0.000310873815578816
831.0 2.695490532167444e-10
832.0 2.695490532167444e-10
833.0 2.695490532167444e-10
834.0 2.695490532167444e-10
835.0 2.695490532167444e-10
836.0 8.516331035934854e-05
837.0 2.695490532167444e-10
838.0 2.695490532167444e-10
839.0 2.695490532167444e-10
840.0 2.695490532167444e-10
841.0 2.31393912031308e-05
842.0 0.00020993386442569317
843.0 0.00011314209586998913
844.0 1.6350251996755105e-05
845.0 4.318162609706633e-05
846.0 7.001293056418945e-05
847.0 4.1313029441880644e-05
848.0 1.2613091371349583e-05
849.0 0.00013983656117488863
850.0 0.00026705986329034204
851.0 0.0002478454007359687
852.0 0.00022863096091896296
853.0 0.00038803750612714794
854.0 0.0005474441422848031
855.0 0.0005154634436621564
856.0 0.0004834827450395096
857.0 0.0005199997303861892
858.0 0.0005565166247833986
859.0 0.0007581943464174401
860.0 0.0009598719771020114
861.0 0.0010454697076056618
862.0 0.0011310674381093122
863.0 0.0013481504538503941
864.0 0.001565233469591476
865.0 0.0018737850041361526
866.0 0.002182336538680829
867.0 0.002105555176967755
868.0 0.0020287741790525615
869.0 0.0020048966689500958
870.0 0.0019810187950497493
871.0 0.0018553302652435377
872.0 0.0017296413716394454
873.0 0.0017944843420991674
874.0 0.001859327130659949
875.0 0.002058761310763657
876.0 0.0022581956727663055
877.0 0.0024825852960930206
878.0 0.0027069752832176164
879.0 0.0028997417757636867
880.0 0.0030925089959055185
