lsstCam/transmission_filter_detector/r03_s02/u_24/19700101T000000.ecsv
# %ECSV 1.0
# ---
# datatype:
# - {name: wavelength, unit: nm, datatype: float32}
# - {name: efficiency, unit: '%', datatype: float64}
# meta: !!omap
# - {MODE: DETECTOR}
# - {TYPE: transmission_filter_detector}
# - {CALIBDATE: '1970-01-01T00:00:00'}
# - {INSTRUME: LSSTCam}
# - {OBSTYPE: transmission_filter_detector}
# - {CALIBCLS: lsst.ip.isr.IntermediateFilterDetectorTransmissionCurve}
# - {SOURCE: Materion (DM-46256)}
# - {DETECTOR: 20}
# - {FILTER: u_24}
# - {CALIB_ID: 'calibDate=1970-01-01T00:00:00 filter=u_24 detector=20'}
# - {DATE: '2025-04-02T15:59:39.840011'}
# - {CALIB_CREATION_DATE: '2025-04-02'}
# - {CALIB_CREATION_TIME: '15:59:39'}
# - __serialized_columns__:
#     efficiency:
#       __class__: astropy.units.quantity.Quantity
#       unit: !astropy.units.Unit {unit: '%'}
#       value: !astropy.table.SerializedColumn {name: efficiency}
#     wavelength:
#       __class__: astropy.units.quantity.Quantity
#       unit: !astropy.units.Unit {unit: nm}
#       value: !astropy.table.SerializedColumn {name: wavelength}
# schema: astropy-2.0
wavelength efficiency
[from data line 587]
882.0 0.003224097963538952
883.0 0.003009242209373042
884.0 0.002794386637106072
885.0 0.0026408883059048094
886.0 0.0024873899747035466
887.0 0.0022839472876512446
888.0 0.002080504964396823
889.0 0.002005599162657745
890.0 0.0019306933609186672
891.0 0.0023105621949071065
892.0 0.002690431210794486
893.0 0.0025664299755590037
894.0 0.0024424278308288194
895.0 0.0028667172955465503
896.0 0.003291006578365341
897.0 0.0037700505345128477
898.0 0.0042490944906603545
899.0 0.004410480323713273
900.0 0.00457186579296831
901.0 0.004402393460622989
902.0 0.004232921128277667
903.0 0.0046589408157160506
904.0 0.005084960866952315
905.0 0.005186607813811861
906.0 0.005288254760671407
907.0 0.005662428156938404
908.0 0.006036601553205401
909.0 0.005979121488053352
910.0 0.005921641786699183
911.0 0.005982509537716396
912.0 0.006043377288733609
913.0 0.005881052857148461
914.0 0.005718728061765432
915.0 0.005032388435211033
916.0 0.004346048808656633
917.0 0.00406043509428855
918.0 0.0037748217437183484
919.0 0.004095675831194967
920.0 0.004416529918671586
921.0 0.004582292967825197
922.0 0.004748055653180927
923.0 0.005650869934470393
924.0 0.006553682760568336
925.0 0.0067467983171809465
926.0 0.006939914601389319
927.0 0.007571155583718792
928.0 0.00820239438326098
929.0 0.008120729034999385
930.0 0.00803906295914203
931.0 0.007425201329169795
932.0 0.006811338971601799
933.0 0.006593678699573502
934.0 0.006376018427545205
935.0 0.0065989581344183534
936.0 0.006821897841291502
937.0 0.0069078880187589675
938.0 0.006993880379013717
939.0 0.006813038635300472
940.0 0.006632196891587228
941.0 0.005938872345723212
942.0 0.005245546344667673
943.0 0.004202665149932727
944.0 0.0031597839551977813
945.0 0.002474305802024901
946.0 0.0017888281945488416
947.0 0.0016483945728396066
948.0 0.001507961133029312
949.0 0.0013352216228668112
950.0 0.0011624820217548404
951.0 0.0011892612747033127
952.0 0.0012160407095507253
953.0 0.0014619647117797285
954.0 0.0017078889868571423
955.0 0.0022696380256093107
956.0 0.0028313868824625388
957.0 0.0029074226404190995
958.0 0.0029834574888809584
959.0 0.003246046253480017
960.0 0.003508634472382255
961.0 0.003969146200688556
962.0 0.004429657928994857
963.0 0.004601361433742568
964.0 0.004773064938490279
965.0 0.0047620302211726084
966.0 0.0047509958676528186
967.0 0.004784611155628227
968.0 0.0048182268074015155
969.0 0.004757148053613491
970.0 0.004696069299825467
971.0 0.00482107607240323
972.0 0.004946082481183112
973.0 0.0047957957576727495
974.0 0.004645507942768745
975.0 0.00436018526670523
976.0 0.004074861863045953
977.0 0.003760374602279626
978.0 0.0034458869777154177
979.0 0.003313896741019562
980.0 0.0031819057767279446
981.0 0.0031470193789573386
982.0 0.003112132617388852
983.0 0.003141353590763174
984.0 0.0031705742003396153
985.0 0.003473741890047677
986.0 0.003776909943553619
987.0 0.004211783743812703
988.0 0.004646657544071786
989.0 0.00568275063415058
990.0 0.006718842632835731
991.0 0.00715413989382796
992.0 0.007589437154820189
993.0 0.007946464029373601
994.0 0.008303491631522775
995.0 0.008067858288995922
996.0 0.007832221308490261
997.0 0.007344685582211241
998.0 0.006857153493911028
999.0 0.006706188287353143
1000.0 0.006555223080795258
1001.0 0.005981805588817224
1002.0 0.005408389188232832
1003.0 0.004747019556816667
1004.0 0.004085649925400503
1005.0 0.004443249781616032
1006.0 0.004800848182640038
1007.0 0.004605461799656041
1008.0 0.004410072506288998
1009.0 0.003975067738792859
1010.0 0.003540063335094601
1011.0 0.003620722418418154
1012.0 0.0037013822293374687
1013.0 0.0031196475902106613
1014.0 0.002537912951083854
1015.0 0.0021115358322276734
1016.0 0.0016851585314725526
1017.0 0.0016915379092097282
1018.0 0.0016979171050479636
1019.0 0.0014095036931394134
1020.0 0.0011210902812308632
1021.0 0.001132726811192697
1022.0 0.0011443636140029412
1023.0 0.0013293281881487928
1024.0 0.0015142928532441147
1025.0 0.0013710971870750654
1026.0 0.0012279017028049566
1027.0 0.0011028831977455411
1028.0 0.0009778646926861256
1029.0 0.0009220129868481308
1030.0 0.0008661615538585465
1031.0 0.0018104656192008406
1032.0 0.002754769775492605
1033.0 0.002606736234156415
1034.0 0.002458702329022344
1035.0 0.0026014204195234925
1036.0 0.00274413814622676
1037.0 0.0030027489628992043
1038.0 0.0032613595976727083
1039.0 0.0028525229936349206
1040.0 0.002443686571496073
1041.0 0.001804009298211895
1042.0 0.0011643321158771869
1043.0 0.001189323029393563
1044.0 0.0012143141248088796
1045.0 0.0013062676771369297
1046.0 0.0013982215023133904
1047.0 0.001689307828200981
1048.0 0.001980394335987512
1049.0 0.0015347328371717595
1050.0 0.0010890704288613051
1051.0 0.0008233625521825161
1052.0 0.0005576544026553165
1053.0 0.0006963432497286703
1054.0 0.0008350318239536136
1055.0 0.0006794080491090426
1056.0 0.0005237847290118225
1057.0 0.0010882472452067304
1058.0 0.001652709579502698
1059.0 0.001146801787399454
1060.0 0.0006408941771951504
1061.0 0.0018389495380688459
1062.0 0.003037004717043601
1063.0 0.002339365892112255
1064.0 0.0016417265214840882
1065.0 0.0013010488146392163
1066.0 0.0009603712896932848
1067.0 0.0009981594303098973
1068.0 0.0010359469342802186
1069.0 0.0016644666175125167
1070.0 0.0022929862097953446
1071.0 0.0011209997865080368
1072.0 2.695490532167444e-10
1073.0 0.0008752484973229002
1074.0 0.0018014832676271908
1075.0 0.002992499321408104
1076.0 0.004183515193290077
1077.0 0.004843763599637896
1078.0 0.005504012733581476
1079.0 0.006170724373077974
1080.0 0.006837433465989307
1081.0 0.004942288796883076
1082.0 0.0030471435820800252
1083.0 0.0025076298697968014
1084.0 0.001968115975614637
1085.0 0.0033443713618908077
1086.0 0.004720626384369098
1087.0 0.004585868009598926
1088.0 0.004451109271030873
1089.0 0.006493658293038607
1090.0 0.00853620731504634
1091.0 0.005651978062815033
1092.0 0.002767748446785845
1093.0 0.0016035011867643334
1094.0 0.0004392541086417623
1095.0 0.0007563323833892355
1096.0 0.001073410840035649
1097.0 0.002134149690391496
1098.0 0.0031948889954946935
1099.0 0.0030927618354326114
1100.0 0.00299063503916841
