lsstCam/transmission_filter_detector/r23_s22/u_24/19700101T000000.ecsv
# %ECSV 1.0
# ---
# datatype:
# - {name: wavelength, unit: nm, datatype: float32}
# - {name: efficiency, unit: '%', datatype: float64}
# meta: !!omap
# - {MODE: DETECTOR}
# - {TYPE: transmission_filter_detector}
# - {CALIBDATE: '1970-01-01T00:00:00'}
# - {INSTRUME: LSSTCam}
# - {OBSTYPE: transmission_filter_detector}
# - {CALIBCLS: lsst.ip.isr.IntermediateFilterDetectorTransmissionCurve}
# - {SOURCE: Materion (DM-46256)}
# - {DETECTOR: 107}
# - {FILTER: u_24}
# - {CALIB_ID: 'calibDate=1970-01-01T00:00:00 filter=u_24 detector=107'}
# - {DATE: '2025-04-02T15:59:40.244301'}
# - {CALIB_CREATION_DATE: '2025-04-02'}
# - {CALIB_CREATION_TIME: '15:59:40'}
# - __serialized_columns__:
#     efficiency:
#       __class__: astropy.units.quantity.Quantity
#       unit: !astropy.units.Unit {unit: '%'}
#       value: !astropy.table.SerializedColumn {name: efficiency}
#     wavelength:
#       __class__: astropy.units.quantity.Quantity
#       unit: !astropy.units.Unit {unit: nm}
#       value: !astropy.table.SerializedColumn {name: wavelength}
# schema: astropy-2.0
wavelength efficiency
295.0 1.5942352689715666e-10
296.0 1.5942352689715666e-10
297.0 1.5942352689715666e-10
298.0 1.5942352689715666e-10
299.0 1.5942352689715666e-10
300.0 1.5942352689715666e-10
301.0 1.5942352689715666e-10
302.0 1.5942352689715666e-10
303.0 1.5942352689715666e-10
304.0 0.23307385854423046
305.0 0.5532396025955677
306.0 1.5179328620433807
307.0 3.1044282019138336
308.0 4.8974767327308655
309.0 8.132793754339218
310.0 11.49493157863617
311.0 15.310035645961761
312.0 18.97435039281845
313.0 22.07970917224884
314.0 25.116655230522156
315.0 27.70114839076996
316.0 29.931026697158813
317.0 32.21209943294525
318.0 34.888628125190735
319.0 38.344186544418335
320.0 43.75162422657013
321.0 48.920297622680664
322.0 55.01760244369507
323.0 60.697340965270996
324.0 65.1909589767456
325.0 68.61059069633484
326.0 71.01561427116394
327.0 72.90328741073608
328.0 74.70008134841919
329.0 76.03356838226318
330.0 77.4692177772522
331.0 78.32714915275574
332.0 78.78600358963013
333.0 78.76620888710022
334.0 78.65380048751831
335.0 78.79706621170044
336.0 78.93173694610596
337.0 79.41251993179321
338.0 80.29091954231262
339.0 80.88580369949341
340.0 81.32201433181763
341.0 81.81762099266052
342.0 82.1308970451355
343.0 82.09526538848877
344.0 82.27616548538208
345.0 82.65739679336548
346.0 82.99927711486816
347.0 83.32200050354004
348.0 83.59233140945435
349.0 83.82570743560791
350.0 83.82636308670044
351.0 84.09069180488586
352.0 83.9427649974823
353.0 83.82607102394104
354.0 83.7400496006012
355.0 83.99692177772522
356.0 84.16410088539124
357.0 84.08881425857544
358.0 83.77509713172913
359.0 83.52518081665039
360.0 83.45151543617249
361.0 83.2745909690857
362.0 83.0443024635315
363.0 83.17651748657227
364.0 83.29144716262817
365.0 83.53939652442932
366.0 83.74981880187988
367.0 83.80005955696106
368.0 83.76920223236084
369.0 83.7750792503357
370.0 83.52580070495605
371.0 83.31630825996399
372.0 83.3057165145874
373.0 83.41259956359863
374.0 83.43855738639832
375.0 83.74195098876953
376.0 83.81235003471375
377.0 83.88754725456238
378.0 83.94505977630615
379.0 83.7058424949646
380.0 83.11211466789246
381.0 81.79863691329956
382.0 80.09501099586487
383.0 78.14755439758301
384.0 76.0217547416687
385.0 73.74318838119507
386.0 71.30899429321289
387.0 68.06471347808838
388.0 64.87227082252502
389.0 60.94626784324646
390.0 56.97218179702759
391.0 52.69618630409241
392.0 48.27658832073212
393.0 44.44965422153473
394.0 41.131770610809326
395.0 37.79546320438385
396.0 34.3230664730072
397.0 29.7018826007843
398.0 24.26638901233673
399.0 17.65812039375305
400.0 11.446402966976166
401.0 6.477037817239761
402.0 2.942158095538616
403.0 0.9900245815515518
404.0 0.322161428630352
405.0 0.10264465818181634
406.0 0.051110173808410764
407.0 0.01077326451195404
408.0 0.013624310668092221
409.0 0.011316551535855979
410.0 1.755532679226235e-05
411.0 1.5942352689715666e-10
412.0 1.5942352689715666e-10
413.0 1.5942352689715666e-10
414.0 1.5942352689715666e-10
415.0 1.5942352689715666e-10
416.0 1.5942352689715666e-10
417.0 1.5942352689715666e-10
418.0 1.5942352689715666e-10
419.0 1.5942352689715666e-10
420.0 1.5942352689715666e-10
421.0 1.5942352689715666e-10
422.0 1.5942352689715666e-10
423.0 1.5942352689715666e-10
424.0 1.5942352689715666e-10
425.0 1.5942352689715666e-10
426.0 0.001604114549991209
427.0 0.0006094423497415846
428.0 1.5942352689715666e-10
429.0 9.497235282651673e-05
430.0 0.0005751747721660649
431.0 1.5942352689715666e-10
432.0 1.5942352689715666e-10
433.0 0.0001446996634513198
434.0 0.002007842886087019
435.0 0.0010949115676339716
436.0 0.0001819796125346329
437.0 7.782647060139425e-06
438.0 1.5942352689715666e-10
439.0 1.5942352689715666e-10
440.0 1.5942352689715666e-10
441.0 1.5942352689715666e-10
442.0 1.5942352689715666e-10
443.0 1.5942352689715666e-10
444.0 1.5942352689715666e-10
445.0 1.5942352689715666e-10
446.0 1.5942352689715666e-10
447.0 1.5942352689715666e-10
448.0 0.00023319062165683135
449.0 1.6115269829697354e-05
450.0 1.5942352689715666e-10
451.0 1.5942352689715666e-10
452.0 1.5942352689715666e-10
453.0 1.5942352689715666e-10
454.0 0.00013379047913986142
455.0 1.5942352689715666e-10
456.0 1.5942352689715666e-10
457.0 1.5942352689715666e-10
458.0 1.5942352689715666e-10
459.0 1.5942352689715666e-10
460.0 1.5942352689715666e-10
461.0 1.5942352689715666e-10
462.0 1.5942352689715666e-10
463.0 0.00025880797238642117
464.0 0.0007048870884318603
465.0 0.00039965607356862165
466.0 9.442484270039131e-05
467.0 1.5942352689715666e-10
468.0 1.5942352689715666e-10
469.0 1.5942352689715666e-10
470.0 1.5942352689715666e-10
471.0 1.5942352689715666e-10
472.0 1.5942352689715666e-10
473.0 1.5942352689715666e-10
474.0 1.5942352689715666e-10
475.0 1.5942352689715666e-10
476.0 1.5942352689715666e-10
477.0 1.5942352689715666e-10
478.0 0.0005983607024973026
479.0 0.00020968650460417848
480.0 1.5942352689715666e-10
481.0 1.5942352689715666e-10
482.0 1.5942352689715666e-10
483.0 1.5942352689715666e-10
484.0 1.5942352689715666e-10
485.0 1.5942352689715666e-10
486.0 1.5942352689715666e-10
487.0 1.5942352689715666e-10
488.0 1.5942352689715666e-10
489.0 1.5942352689715666e-10
490.0 1.5942352689715666e-10
491.0 1.5942352689715666e-10
492.0 1.5942352689715666e-10
493.0 1.5942352689715666e-10
494.0 1.5942352689715666e-10
495.0 1.5942352689715666e-10
496.0 1.5942352689715666e-10
497.0 1.5942352689715666e-10
498.0 1.5942352689715666e-10
499.0 1.5942352689715666e-10
500.0 1.5942352689715666e-10
501.0 1.5942352689715666e-10
502.0 1.5942352689715666e-10
503.0 1.5942352689715666e-10
504.0 1.5942352689715666e-10
505.0 1.5942352689715666e-10
506.0 1.5942352689715666e-10
507.0 1.5942352689715666e-10
508.0 1.5942352689715666e-10
509.0 1.5942352689715666e-10
510.0 1.5942352689715666e-10
511.0 0.00018321336483495543
512.0 0.0004181280019111
513.0 0.00017788216837288928
514.0 1.5942352689715666e-10
515.0 1.5942352689715666e-10
516.0 1.5942352689715666e-10
517.0 1.5942352689715666e-10
518.0 1.5942352689715666e-10
519.0 1.5942352689715666e-10
520.0 1.5942352689715666e-10
521.0 1.5942352689715666e-10
522.0 1.5942352689715666e-10
523.0 1.5942352689715666e-10
524.0 1.5942352689715666e-10
525.0 1.5942352689715666e-10
526.0 1.5942352689715666e-10
527.0 1.5942352689715666e-10
528.0 1.5942352689715666e-10
529.0 1.5942352689715666e-10
530.0 1.5942352689715666e-10
531.0 1.5942352689715666e-10
532.0 1.5942352689715666e-10
533.0 5.686192139364721e-05
534.0 0.000558754481971846
535.0 0.00011955336276514572
536.0 1.5942352689715666e-10
537.0 1.5942352689715666e-10
538.0 1.5942352689715666e-10
539.0 1.5942352689715666e-10
540.0 1.5942352689715666e-10
541.0 1.5942352689715666e-10
542.0 1.5942352689715666e-10
543.0 1.5942352689715666e-10
544.0 1.5942352689715666e-10
545.0 1.5942352689715666e-10
546.0 0.0003447394874456222
547.0 9.959655926650157e-05
548.0 1.5942352689715666e-10
549.0 1.5942352689715666e-10
550.0 1.5942352689715666e-10
551.0 1.5942352689715666e-10
552.0 1.5942352689715666e-10
553.0 1.5942352689715666e-10
554.0 1.5942352689715666e-10
555.0 1.5942352689715666e-10
556.0 1.5942352689715666e-10
557.0 1.5942352689715666e-10
558.0 1.5942352689715666e-10
559.0 1.5942352689715666e-10
560.0 1.5942352689715666e-10
561.0 1.5942352689715666e-10
562.0 1.6369158473139578e-06
563.0 1.5942352689715666e-10
564.0 1.5942352689715666e-10
565.0 1.5942352689715666e-10
566.0 1.5942352689715666e-10
567.0 0.00016451441524623078
568.0 0.00037358606732595945
569.0 0.0003993126483692322
570.0 0.00042503907025093213
571.0 0.00029650739179487573
572.0 0.0001679755996519816
573.0 0.00028586141525011044
574.0 0.0004037472535856068
575.0 0.00033102614906965755
576.0 0.00025830506729107583
577.0 0.00024338810362678487
578.0 0.00022847116269986145
579.0 0.0006574779945367482
580.0 0.0010864848263736349
581.0 0.0012096506907255389
582.0 0.0013328163731785025
583.0 0.001638835783523973
584.0 0.001944854921021033
585.0 0.0014757077224203385
586.0 0.0010065604328701738
587.0 0.000865117362991441
588.0 0.0007236740657390328
589.0 0.000858070416143164
590.0 0.0009924665391736198
591.0 0.0008107882422336843
592.0 0.0006291097633948084
593.0 0.0006410436526493868
594.0 0.0006529774054797599
595.0 0.0006818211204517866
596.0 0.0007106648354238132
597.0 0.0009155670340987854
598.0 0.0011204690963495523
599.0 0.0013793862308375537
600.0 0.0016383031834266149
601.0 0.0019711751519935206
602.0 0.0023040473024593666
603.0 0.002046001100097783
604.0 0.0017879550796351396
605.0 0.0016235131624853238
606.0 0.0014590715181839187
607.0 0.0011595076102821622
608.0 0.0008599437933298759
609.0 0.0006984665560594294
610.0 0.0005369892733142478
611.0 0.00034177764973719604
612.0 0.00014656602616014425
613.0 0.00026980508209817344
614.0 0.00039304409256146755
615.0 0.0004435705704963766
616.0 0.0004940970029565506
617.0 0.0004957960300089326
618.0 0.0004974951025360497
619.0 0.00040841614463715814
620.0 0.0003193372322130017
621.0 0.0004223641099088127
622.0 0.0005253908511804184
623.0 0.0006021638000675011
624.0 0.000678936794429319
625.0 0.0007460814231308177
626.0 0.0008132260518323164
627.0 0.0007869469300203491
628.0 0.0007606676263094414
629.0 0.0008297387466882356
630.0 0.0008988098670670297
631.0 0.001316239286097698
632.0 0.001733668614178896
633.0 0.0022027050363249145
634.0 0.002671741276571993
635.0 0.0027110883820569143
636.0 0.002750435669440776
637.0 0.002406664498266764
638.0 0.002062893508991692
639.0 0.0018991553588421084
640.0 0.0017354177543893456
641.0 0.0016207281078095548
642.0 0.0015060383702802937
643.0 0.001210572099807905
644.0 0.0009151058293355163
645.0 0.0006356846824928652
646.0 0.0003562635583875817
647.0 0.0003087944605795201
648.0 0.00026132545372092864
649.0 0.00011132856343465392
650.0 1.5942352689715666e-10
651.0 0.0003355838998686522
652.0 0.0007098361038515577
653.0 0.0010732033842941746
654.0 0.001436570892110467
655.0 0.0015182381503109355
656.0 0.001599905408511404
657.0 0.002228185985586606
658.0 0.002856466562661808
659.0 0.0033427731978008524
660.0 0.003829080014838837
661.0 0.0036802939575864
662.0 0.0035315079003339633
663.0 0.002955341915367171
664.0 0.002379175930400379
665.0 0.0018635759261087514
666.0 0.0013479763765644748
667.0 0.0012571104889502749
668.0 0.0011662443284876645
669.0 0.0010676080819393974
670.0 0.0009689718353911303
671.0 0.0006886875780764967
672.0 0.0004084031843376579
673.0 0.0004825808446184965
674.0 0.0005567585048993351
675.0 0.0008167366104316898
676.0 0.0010767146704893094
677.0 0.0012935368431499228
678.0 0.0015103591067600064
679.0 0.0018270140571985394
680.0 0.0021436691895360127
681.0 0.0032113355700857937
682.0 0.004279002678231336
683.0 0.006047207716619596
684.0 0.007815412391209975
685.0 0.00850407886900939
686.0 0.009192746802000329
687.0 0.008209311636164784
688.0 0.007225878653116524
689.0 0.00600244129600469
690.0 0.004779004302690737
691.0 0.004292706216801889
692.0 0.0038064084947109222
693.0 0.0032248157367575914
694.0 0.00264322279690532
695.0 0.002113633672706783
696.0 0.0015840447304071859
697.0 0.0011412283129175194
698.0 0.0006984118044783827
699.0 0.000715314490662422
700.0 0.0007322169039980508
701.0 0.0006816573204559973
702.0 0.0006310975550150033
703.0 0.0005271026566333603
704.0 0.00042310794015065767
705.0 0.0004399998942972161
706.0 0.0004568918029690394
707.0 0.0007125050615286455
708.0 0.0009681180017651059
709.0 0.000934302261157427
710.0 0.0009004866114992183
711.0 0.0006531284270749893
712.0 0.0004057704245497007
713.0 0.0005191030140849762
714.0 0.0006324356945697218
715.0 0.0006006390321999788
716.0 0.0005688423243555008
717.0 0.0005932164640398696
718.0 0.0006175905582495034
719.0 0.0006865800514788134
720.0 0.0007555694537586533
721.0 0.0002992296231241198
722.0 1.5942352689715666e-10
723.0 9.086281806958141e-05
724.0 0.0003388359345990466
725.0 0.00015086542362041655
726.0 1.5942352689715666e-10
727.0 0.0001224989432557777
728.0 0.00028210295113240136
729.0 0.00045748811317025684
730.0 0.0006328732979454799
731.0 0.00041598773350415286
732.0 0.00019910228274966357
733.0 0.0002108184844473726
734.0 0.00022253477709455183
735.0 0.00029649893349414924
736.0 0.00037046308989374666
737.0 0.0002152780552933109
738.0 6.009298658682383e-05
739.0 0.0005178185801923973
740.0 0.000975544116954552
741.0 0.0012084707122994587
742.0 0.0014413973076443654
743.0 0.002016588950937148
744.0 0.002591780685179401
745.0 0.0030558028811356053
746.0 0.0035198252589907497
747.0 0.0037498524761758745
748.0 0.003979879693360999
749.0 0.003758108869078569
750.0 0.0035363376809982583
751.0 0.0031955045415088534
752.0 0.002854671583918389
753.0 0.0025116236429312266
754.0 0.0021685757019440643
755.0 0.00231081030506175
756.0 0.0024530447262804955
757.0 0.002197546746174339
758.0 0.0019420485841692425
759.0 0.0016346881238860078
760.0 0.0013273274817038327
761.0 0.0011105931662314106
762.0 0.0008938586688600481
763.0 0.0007154832019296009
764.0 0.0005371077804738889
765.0 0.0006000204848533031
766.0 0.0006629330982832471
767.0 0.0007776262464176398
768.0 0.0008923195309762377
769.0 0.0007482969522243366
770.0 0.0006042744644219056
771.0 0.0005588542990153655
772.0 0.0005134342245582957
773.0 0.0005834146577399224
774.0 0.0006533951363962842
775.0 0.000733225033400231
776.0 0.0008130548849294428
777.0 0.0005900565611227648
778.0 0.0003670581463666167
779.0 0.0004788284968526568
780.0 0.0005905988473386969
781.0 0.0006919025508977938
782.0 0.0007932063454063609
783.0 0.0008563768460589927
784.0 0.0009195472557621542
785.0 0.0011557624020497315
786.0 0.0013919776392867789
787.0 0.0010314449355064426
788.0 0.000670912095301901
789.0 0.0006816025234002154
790.0 0.0006922929514985299
791.0 0.000559991849513608
792.0 0.00042769083847815637
793.0 0.0003488578613541904
794.0 0.00027002490696759196
795.0 0.00010506764738238417
796.0 1.5942352689715666e-10
797.0 0.00015867821048232145
798.0 0.00037724598769273143
799.0 0.00014596207620343193
800.0 1.5942352689715666e-10
801.0 1.5942352689715666e-10
802.0 1.5942352689715666e-10
803.0 1.5942352689715666e-10
804.0 1.5942352689715666e-10
805.0 4.6481537196996214e-05
806.0 0.00010796979950100649
807.0 1.5942352689715666e-10
808.0 1.5942352689715666e-10
809.0 5.7064426073338836e-05
810.0 0.00026231557512801373
811.0 0.00018883334860220202
812.0 0.00011535117891980917
813.0 0.000171623923961306
814.0 0.00022789670310885413
815.0 0.000360968329005118
816.0 0.0004940399776387494
817.0 0.00031440567909157835
818.0 0.00013477134643835598
819.0 0.00024413325263594743
820.0 0.0003534951474648551
821.0 0.00018098601231031353
822.0 8.476908419652318e-06
823.0 1.5942352689715666e-10
824.0 1.5942352689715666e-10
825.0 1.5942352689715666e-10
826.0 1.5942352689715666e-10
827.0 1.5942352689715666e-10
828.0 1.5942352689715666e-10
829.0 1.5942352689715666e-10
830.0 1.5942352689715666e-10
831.0 1.5942352689715666e-10
832.0 1.5942352689715666e-10
833.0 1.5942352689715666e-10
834.0 1.5942352689715666e-10
835.0 1.5942352689715666e-10
836.0 1.0134087347068998e-05
837.0 1.5942352689715666e-10
838.0 1.5942352689715666e-10
839.0 1.5942352689715666e-10
840.0 1.5942352689715666e-10
841.0 1.5942352689715666e-10
842.0 2.4554938704568485e-05
843.0 1.5942352689715666e-10
844.0 1.5942352689715666e-10
845.0 1.5942352689715666e-10
846.0 1.5942352689715666e-10
847.0 1.5942352689715666e-10
848.0 1.5942352689715666e-10
849.0 1.5942352689715666e-10
850.0 1.5942352689715666e-10
851.0 5.075157787359785e-05
852.0 0.00013783806025458034
853.0 7.751689850010735e-05
854.0 1.71958490113866e-05
855.0 3.329782032324147e-05
856.0 4.9399744739275775e-05
857.0 0.000434174853580771
858.0 0.0008189498657884542
859.0 0.0010487927283975296
860.0 0.0012786355000571348
861.0 0.0012147624147473834
862.0 0.001150889238488162
863.0 0.0012236360817041714
864.0 0.0012963829249201808
865.0 0.001475037970521953
866.0 0.001653692925174255
867.0 0.0017315791410510428
868.0 0.0018094653569278307
869.0 0.0017504014977021143
870.0 0.0016913372746785171
871.0 0.001662648719502613
872.0 0.0016339599824277684
873.0 0.0019432161934673786
874.0 0.002252472586405929
