lsstCam/transmission_filter_detector/r23_s22/u_24/19700101T000000.ecsv
# %ECSV 1.0
# ---
# datatype:
# - {name: wavelength, unit: nm, datatype: float32}
# - {name: efficiency, unit: '%', datatype: float64}
# meta: !!omap
# - {MODE: DETECTOR}
# - {TYPE: transmission_filter_detector}
# - {CALIBDATE: '1970-01-01T00:00:00'}
# - {INSTRUME: LSSTCam}
# - {OBSTYPE: transmission_filter_detector}
# - {CALIBCLS: lsst.ip.isr.IntermediateFilterDetectorTransmissionCurve}
# - {SOURCE: Materion (DM-46256)}
# - {DETECTOR: 107}
# - {FILTER: u_24}
# - {CALIB_ID: 'calibDate=1970-01-01T00:00:00 filter=u_24 detector=107'}
# - {DATE: '2025-04-02T15:59:40.244301'}
# - {CALIB_CREATION_DATE: '2025-04-02'}
# - {CALIB_CREATION_TIME: '15:59:40'}
# - __serialized_columns__:
#     efficiency:
#       __class__: astropy.units.quantity.Quantity
#       unit: !astropy.units.Unit {unit: '%'}
#       value: !astropy.table.SerializedColumn {name: efficiency}
#     wavelength:
#       __class__: astropy.units.quantity.Quantity
#       unit: !astropy.units.Unit {unit: nm}
#       value: !astropy.table.SerializedColumn {name: wavelength}
# schema: astropy-2.0
wavelength efficiency
[from data line 581]
876.0 0.002698351636354346
877.0 0.002699017568374984
878.0 0.002699683500395622
879.0 0.0028530112103908323
880.0 0.003006339102284983
881.0 0.0030621809855801985
882.0 0.003118023232673295
883.0 0.0029529423045460135
884.0 0.0027878615583176725
885.0 0.0027877435059053823
886.0 0.0027876256353920326
887.0 0.002495421540515963
888.0 0.0022032174456398934
889.0 0.002269880860694684
890.0 0.0023365442757494748
891.0 0.0025227240257663652
892.0 0.002708903957682196
893.0 0.002853893965948373
894.0 0.0029988836104166694
895.0 0.0029861184884794056
896.0 0.0029733535484410822
897.0 0.003386085882084444
898.0 0.003798818215727806
899.0 0.003930110324290581
900.0 0.004061402432853356
901.0 0.004142723992117681
902.0 0.004224045915179886
903.0 0.00430329964729026
904.0 0.004382553743198514
905.0 0.0049064503400586545
906.0 0.005430346209323034
907.0 0.00544151225767564
908.0 0.005452677942230366
909.0 0.005705395233235322
910.0 0.005958111796644516
911.0 0.005844311090186238
912.0 0.00573051038372796
913.0 0.005409385266830213
914.0 0.0050882601499324664
915.0 0.00470359118480701
916.0 0.0043189222196815535
917.0 0.004195906876702793
918.0 0.004072891897521913
919.0 0.00430969703302253
920.0 0.004546502168523148
921.0 0.004753082248498686
922.0 0.004959661600878462
923.0 0.0053734103858005255
924.0 0.005787158079328947
925.0 0.006284613482421264
926.0 0.0067820699769072235
927.0 0.0072233677201438695
928.0 0.007664665463380516
929.0 0.007560077210655436
930.0 0.007455488957930356
931.0 0.007467153045581654
932.0 0.007478814950445667
933.0 0.007237471436383203
934.0 0.0069961279223207384
935.0 0.007123914110707119
936.0 0.007251699571497738
937.0 0.007181771798059344
938.0 0.00711184402462095
939.0 0.006846866017440334
940.0 0.006581888737855479
941.0 0.005697350934497081
942.0 0.004812812767340802
943.0 0.003919514711014926
944.0 0.0030262168365879916
945.0 0.0028883747290819883
946.0 0.0027505324396770447
947.0 0.0021117917640367523
948.0 0.00147305117934593
949.0 0.0012909835277241655
950.0 0.0011089156942034606
951.0 0.0012653227713599335
952.0 0.001421729575667996
953.0 0.0016735961253289133
954.0 0.0019254626749898307
955.0 0.002287658026034478
956.0 0.002649853013281245
957.0 0.0028366033802740276
958.0 0.0030233533834689297
959.0 0.0032982748962240294
960.0 0.003573195863282308
961.0 0.0040070764953270555
962.0 0.004440957491169684
963.0 0.004538979192147963
964.0 0.004637000893126242
965.0 0.004798372901859693
966.0 0.004959745274391025
967.0 0.00479756054119207
968.0 0.004635375080397353
969.0 0.004555934719974175
970.0 0.004476493995753117
971.0 0.004482983422349207
972.0 0.004489472848945297
973.0 0.004505445031099953
974.0 0.004521416485658847
975.0 0.0043338855903130025
976.0 0.004146354331169277
977.0 0.003617119728005491
978.0 0.0030878854886395857
979.0 0.0029104965506121516
980.0 0.0027331074306857772
981.0 0.002856341961887665
982.0 0.0029795761292916723
983.0 0.0028567012122948654
984.0 0.0027338262952980585
985.0 0.0031309155019698665
986.0 0.0035280052543384954
987.0 0.003879356154357083
988.0 0.0042307074181735516
989.0 0.004921460640616715
990.0 0.005612213863059878
991.0 0.006013018355588429
992.0 0.006413822848116979
993.0 0.00676423151162453
994.0 0.0071146394475363195
995.0 0.0071476257289759815
996.0 0.0071806120104156435
997.0 0.00677845164318569
998.0 0.006376292003551498
999.0 0.006379723345162347
1000.0 0.00638315177639015
1001.0 0.00615879544056952
1002.0 0.005934437285759486
1003.0 0.005707006857846864
1004.0 0.005479577157530002
1005.0 0.0051924576837336645
1006.0 0.004905338209937327
1007.0 0.0049290916649624705
1008.0 0.004952845847583376
1009.0 0.00465667326352559
1010.0 0.0043605010432656854
1011.0 0.0038325757486745715
1012.0 0.0033046508178813383
1013.0 0.002898959064623341
1014.0 0.002493266947567463
1015.0 0.0020409606804605573
1016.0 0.0015886542314547114
1017.0 0.0015738971342216246
1018.0 0.0015591400369885378
1019.0 0.0012435616554284934
1020.0 0.0009279834557673894
1021.0 0.0011796869330282789
1022.0 0.0014313905012386385
1023.0 0.001362387411063537
1024.0 0.0012933845027873758
1025.0 0.0014272141015680972
1026.0 0.0015610439731972292
1027.0 0.0016278758266707882
1028.0 0.001694707498245407
1029.0 0.0016373302059946582
1030.0 0.0015799529137439094
1031.0 0.0015262914530467242
1032.0 0.0014726304470968898
1033.0 0.0016303240045090206
1034.0 0.0017880174709716812
1035.0 0.0017800684872781858
1036.0 0.0017721191397868097
1037.0 0.0021262403606669977
1038.0 0.002480361763446126
1039.0 0.002052325908152852
1040.0 0.0016242900528595783
1041.0 0.001940235961228609
1042.0 0.00225618186959764
1043.0 0.0021303912944858894
1044.0 0.002004600719374139
1045.0 0.001835607508837711
1046.0 0.0016666144802002236
1047.0 0.0015018464182503521
1048.0 0.0013370780834520701
1049.0 0.0014489440218312666
1050.0 0.0015608098692609929
1051.0 0.0018311882740817964
1052.0 0.0021015670427004807
1053.0 0.001857814822869841
1054.0 0.0016140627849381417
1055.0 0.0017053513147402555
1056.0 0.001796639662643429
1057.0 0.0012175696610938758
1058.0 0.0006384996595443226
1059.0 0.0005975971362204291
1060.0 0.0005566946128965355
1061.0 0.0003873443347401917
1062.0 0.0002179942839575233
1063.0 0.0004943678959534736
1064.0 0.0007707417353230994
1065.0 0.0012375771802908275
1066.0 0.0017044128981069662
1067.0 0.0012410039744281676
1068.0 0.0007775953235977795
1069.0 0.0015315563359763473
1070.0 0.0022855174393043853
1071.0 0.0028179429136798717
1072.0 0.0033503685699542984
1073.0 0.0034338896512053907
1074.0 0.0035174110962543637
1075.0 0.0033096719562308863
1076.0 0.003101932816207409
1077.0 0.0032074793125502765
1078.0 0.003313025808893144
1079.0 0.003517714503686875
1080.0 0.0037224028346827254
1081.0 0.004168895611655898
1082.0 0.004615388752426952
1083.0 0.004447474566404708
1084.0 0.004279559288988821
1085.0 0.0041604118450777605
1086.0 0.0040412647649645805
1087.0 0.004060243372805417
1088.0 0.004079221616848372
1089.0 0.004633710341295227
1090.0 0.005188198701944202
1091.0 0.00463883116026409
1092.0 0.004089463618583977
1093.0 0.004401071055326611
1094.0 0.004712678128271364
1095.0 0.004251882273820229
1096.0 0.003791086419369094
1097.0 0.003807415851042606
1098.0 0.0038237456465139985
1099.0 0.002836691419361159
1100.0 0.0018496375560062006
