lsstCam/transmission_filter_detector/r02_s10/g_6/19700101T000000.ecsv
# %ECSV 1.0
# ---
# datatype:
# - {name: wavelength, unit: nm, datatype: float32}
# - {name: efficiency, unit: '%', datatype: float64}
# meta: !!omap
# - {MODE: DETECTOR}
# - {TYPE: transmission_filter_detector}
# - {CALIBDATE: '1970-01-01T00:00:00'}
# - {INSTRUME: LSSTCam}
# - {OBSTYPE: transmission_filter_detector}
# - {CALIBCLS: lsst.ip.isr.IntermediateFilterDetectorTransmissionCurve}
# - {SOURCE: Materion (DM-46256)}
# - {DETECTOR: 12}
# - {FILTER: g_6}
# - {CALIB_ID: 'calibDate=1970-01-01T00:00:00 filter=g_6 detector=12'}
# - {DATE: '2025-04-02T15:59:42.085789'}
# - {CALIB_CREATION_DATE: '2025-04-02'}
# - {CALIB_CREATION_TIME: '15:59:42'}
# - __serialized_columns__:
#     efficiency:
#       __class__: astropy.units.quantity.Quantity
#       unit: !astropy.units.Unit {unit: '%'}
#       value: !astropy.table.SerializedColumn {name: efficiency}
#     wavelength:
#       __class__: astropy.units.quantity.Quantity
#       unit: !astropy.units.Unit {unit: nm}
#       value: !astropy.table.SerializedColumn {name: wavelength}
# schema: astropy-2.0
wavelength efficiency
300.0 0.5079218652099371
301.0 0.3775817807763815
302.0 0.2472416264936328
303.0 0.22185137495398521
304.0 0.19646112341433764
305.0 0.20329935941845179
306.0 0.2101375488564372
307.0 0.21622099447995424
308.0 0.22230444010347128
309.0 0.21640625782310963
310.0 0.21050807554274797
311.0 0.20770523697137833
312.0 0.2049024449661374
313.0 0.20107256714254618
314.0 0.19724268931895494
315.0 0.18694609170779586
316.0 0.17664955230429769
317.0 0.1771391020156443
318.0 0.17762869829311967
319.0 0.16222986159846187
320.0 0.14683097833767533
321.0 0.13994567561894655
322.0 0.13306037290021777
323.0 0.11459580855444074
324.0 0.09613128495402634
325.0 0.08734759758226573
326.0 0.07856391021050513
327.0 0.07088921847753227
328.0 0.06321452092379332
329.0 0.061566836666315794
330.0 0.05991914658807218
331.0 0.055537378648296
332.0 0.051155610708519816
333.0 0.047810294199734926
334.0 0.04446498060133308
335.0 0.042591840610839427
336.0 0.040718697709962726
337.0 0.04160421958658844
338.0 0.04248974146321416
339.0 0.040678714867681265
340.0 0.03886768827214837
341.0 0.03722876135725528
342.0 0.03558983444236219
343.0 0.032319320598617196
344.0 0.02904880966525525
345.0 0.02566656330600381
346.0 0.022284315491560847
347.0 0.02100562705891207
348.0 0.019726935715880245
349.0 0.018049904610961676
350.0 0.7343708071857691
351.0 0.857714656740427
352.0 0.5142973735928535
353.0 0.8475206792354584
354.0 0.5184234585613012
355.0 0.7849190384149551
356.0 0.7216181140393019
357.0 1.0444050654768944
358.0 0.6706681102514267
359.0 0.8893371559679508
360.0 0.6936949677765369
361.0 0.7686717435717583
362.0 0.6095421500504017
363.0 0.8066371083259583
364.0 0.4230142571032047
365.0 0.7002056576311588
366.0 0.6132958456873894
367.0 0.6236969958990812
368.0 0.5060185212641954
369.0 0.5602948367595673
370.0 0.4300136584788561
371.0 0.5643817130476236
372.0 0.34762085415422916
373.0 0.5616414826363325
374.0 0.44729942455887794
375.0 0.4999068100005388
376.0 0.35359556786715984
377.0 0.46549709513783455
378.0 0.31662113033235073
379.0 0.5197802558541298
380.0 0.3755285870283842
381.0 0.5272633396089077
382.0 0.49742585979402065
383.0 0.5910944193601608
384.0 0.5363512318581343
385.0 0.6233170162886381
386.0 0.6263963878154755
387.0 0.7155376952141523
388.0 0.9521870873868465
389.0 1.1981946416199207
390.0 1.787136122584343
391.0 2.76980884373188
392.0 4.318130016326904
393.0 6.82474672794342
394.0 10.388582199811935
395.0 14.999252557754517
396.0 20.74522078037262
397.0 28.118202090263367
398.0 36.66646182537079
399.0 45.89363634586334
400.0 55.40723204612732
401.0 64.39671516418457
402.0 72.67112135887146
403.0 79.7188401222229
404.0 84.75536108016968
405.0 88.4742259979248
406.0 90.61707258224487
407.0 92.2387182712555
408.0 93.32812428474426
409.0 93.74216198921204
410.0 93.93337368965149
411.0 93.78787875175476
412.0 93.44813227653503
413.0 93.27773451805115
414.0 93.03751587867737
415.0 93.18377375602722
416.0 93.55916380882263
417.0 93.93026828765869
418.0 94.34663653373718
419.0 94.94094252586365
420.0 95.50396800041199
421.0 96.07260823249817
422.0 96.1849570274353
423.0 96.49282693862915
424.0 96.15043997764587
425.0 96.1483895778656
426.0 96.09581232070923
427.0 96.15393877029419
428.0 95.96991539001465
429.0 95.7577645778656
430.0 95.65896987915039
431.0 95.70603966712952
432.0 95.77816128730774
433.0 95.8958387374878
434.0 95.88153958320618
435.0 96.10509276390076
436.0 96.14057540893555
437.0 96.12485766410828
438.0 96.14897966384888
439.0 96.2138831615448
440.0 96.16373777389526
441.0 96.37269377708435
442.0 96.31695747375488
443.0 96.32697701454163
444.0 96.22865319252014
445.0 96.0121214389801
446.0 95.86929678916931
447.0 95.62700986862183
448.0 95.61188817024231
449.0 95.83184719085693
450.0 95.96219062805176
451.0 96.17508053779602
452.0 96.43509984016418
453.0 96.54660820960999
454.0 96.64236307144165
455.0 96.89616560935974
456.0 97.0065176486969
457.0 97.1393883228302
458.0 97.17895984649658
459.0 97.2162127494812
460.0 97.14987874031067
461.0 97.31480479240417
462.0 97.26772904396057
463.0 97.14170694351196
464.0 97.21316695213318
465.0 97.21544981002808
466.0 97.14701175689697
467.0 97.1381425857544
468.0 97.1846342086792
469.0 97.22772240638733
470.0 97.1099853515625
471.0 97.00512886047363
472.0 97.09460735321045
473.0 96.93970084190369
474.0 96.8295156955719
475.0 96.92601561546326
476.0 96.89582586288452
477.0 96.92224860191345
478.0 97.07739353179932
479.0 97.02559113502502
480.0 97.23594188690186
481.0 97.31531739234924
482.0 97.491854429245
483.0 97.37285375595093
484.0 97.61990904808044
485.0 97.57202863693237
486.0 97.63340353965759
487.0 97.65439629554749
488.0 97.64977693557739
489.0 97.73899912834167
490.0 97.71836400032043
491.0 97.79785871505737
492.0 97.70541787147522
493.0 97.70618081092834
494.0 97.60889410972595
495.0 97.75810837745667
496.0 97.5881040096283
497.0 97.44985103607178
498.0 97.28175401687622
499.0 97.31529951095581
500.0 97.21676707267761
501.0 97.20073342323303
502.0 97.12510108947754
503.0 97.28649258613586
504.0 97.13813662528992
505.0 97.11561799049377
506.0 97.16129899024963
507.0 97.13189005851746
508.0 97.1320629119873
509.0 97.10572361946106
510.0 97.05156683921814
511.0 97.00475335121155
512.0 96.89735770225525
513.0 97.00087904930115
514.0 96.94619178771973
515.0 97.02951908111572
516.0 97.07727432250977
517.0 97.17612862586975
518.0 97.19265103340149
519.0 97.1964180469513
520.0 97.24745750427246
521.0 97.35721945762634
522.0 97.39593863487244
523.0 97.38492369651794
524.0 97.33290672302246
525.0 97.32686281204224
526.0 97.45326638221741
527.0 97.41569757461548
528.0 97.49078154563904
529.0 97.57729768753052
530.0 97.65342473983765
531.0 97.72204756736755
532.0 97.60606288909912
533.0 97.57577776908875
534.0 97.5872278213501
535.0 97.415292263031
536.0 97.0612108707428
537.0 96.51674628257751
538.0 95.72308659553528
539.0 94.35097575187683
540.0 92.63689517974854
541.0 90.04756212234497
542.0 87.25765347480774
543.0 83.66318941116333
544.0 79.00764346122742
545.0 74.88928437232971
546.0 69.92234587669373
547.0 65.38013815879822
548.0 60.86820363998413
549.0 56.81982636451721
550.0 53.70468497276306
551.0 50.70121884346008
552.0 48.3890026807785
553.0 45.869654417037964
554.0 43.04924011230469
555.0 39.78983759880066
556.0 35.481008887290955
557.0 30.50302565097809
558.0 25.041761994361877
559.0 19.681240618228912
560.0 14.574380218982697
561.0 9.826038032770157
562.0 6.285412609577179
563.0 3.6681730300188065
564.0 2.005092240869999
565.0 0.9709184989333153
566.0 0.5119937472045422
567.0 0.2638325793668628
568.0 0.16121409134939313
569.0 0.10199646931141615
570.0 0.07227236637845635
571.0 0.05559059209190309
572.0 0.06665261462330818
573.0 0.03020831209141761
574.0 0.03839101118501276
575.0 0.03230947768315673
576.0 0.040872523095458746
577.0 0.025220360839739442
578.0 0.03400093410164118
579.0 0.02102047874359414
580.0 0.03699305816553533
581.0 0.015331701433751732
582.0 0.026275927666574717
583.0 0.02092869399348274
584.0 0.022993765014689416
585.0 0.01976301718968898
586.0 0.019934112788178027
587.0 0.01141412794822827
588.0 0.02066995220957324
589.0 0.020315458823461086
590.0 0.014154506789054722
591.0 0.01967829739442095
592.0 0.025324983289465308
593.0 0.006873333040857688
594.0 0.015043072926346213
595.0 0.013984425459057093
596.0 0.004066296241944656
597.0 0.011415355402277783
598.0 0.013702726573683321
599.0 0.009033332753460854
600.0 0.011699752212734893
601.0 0.002253650927741546
602.0 0.0023535721993539482
603.0 0.0024534936528652906
604.0 0.0022877286028233357
605.0 0.0021219640984782018
606.0 0.002126806430169381
607.0 0.002131648943759501
608.0 0.0019140361473546363
609.0 0.001696423532848712
610.0 0.001814849383663386
611.0 0.0019332752344780602
612.0 0.0018291002561454661
613.0 0.0017249256416107528
614.0 0.0017464926713728346
615.0 0.001768060064932797
616.0 0.0018911197912530042
617.0 0.0020141796994721517
618.0 0.001823697857616935
619.0 0.0016332161976606585
620.0 0.0017066035070456564
621.0 0.001779990634531714
622.0 0.001622596028028056
623.0 0.0014652011486759875
624.0 0.001475267799833091
625.0 0.0014853343600407243
626.0 0.001352294839307433
627.0 0.0012192556823720224
628.0 0.001358996087219566
629.0 0.0014987369468144607
630.0 0.0013781201232632156
631.0 0.0012575031178130303
632.0 0.0014020284652360715
633.0 0.0015465535398107022
634.0 0.0014330322301248088
635.0 0.0013195107385399751
636.0 0.0013340807527129073
637.0 0.0013486514035321306
638.0 0.0012388208233460318
639.0 0.0011289903341094032
640.0 0.001117392002925044
641.0 0.001105793307942804
642.0 0.001358286044705892
643.0 0.0016107789633679204
644.0 0.00153357887029415
645.0 0.0014563785953214392
646.0 0.0013227749150246382
647.0 0.0011891714166267775
648.0 0.0010502004442969337
649.0 0.0009112294719670899
650.0 0.0011535057637956925
651.0 0.0013957816918264143
652.0 0.0012215959031891543
653.0 0.001047410387400305
654.0 0.0011428894140408374
655.0 0.0012383686225803103
656.0 0.0012437226359907072
657.0 0.001249076649401104
658.0 0.0011239048944844399
659.0 0.000998733321466716
660.0 0.0009558705642120913
661.0 0.0009130076250585262
662.0 0.001010712185234297
663.0 0.0011084170182584785
664.0 0.0011744346011255402
665.0 0.0012404519111441914
666.0 0.0011705959877872374
667.0 0.0011007397915818729
668.0 0.0011607649867073633
669.0 0.001220790363731794
670.0 0.001186025019705994
671.0 0.0011512597666296642
672.0 0.0011596986041695345
673.0 0.0011681373507599346
674.0 0.0011490020369819831
675.0 0.001129866450355621
676.0 0.0010678668331820518
677.0 0.0010058666703116614
678.0 0.0010460933481226675
679.0 0.001086320207832614
680.0 0.0010314781320630573
681.0 0.0009766358743945602
682.0 0.0010384513188910205
683.0 0.0011002667633874808
684.0 0.0009595416486263275
685.0 0.0008188163519662339
686.0 0.0009828835572989192
687.0 0.0011469506716821343
688.0 0.0011383664059394505
689.0 0.0011297821401967667
690.0 0.0010170596397074405
691.0 0.0009043373211170547
692.0 0.0009014896022563335
693.0 0.0008986419743450824
694.0 0.001015829184325412
695.0 0.0011330163943057414
696.0 0.0011018637451343238
697.0 0.0010707106412155554
698.0 0.001207344394060783
699.0 0.0013439783288049512
700.0 0.001099803648685338
701.0 0.0008556289685657248
702.0 0.0010304732313670684
703.0 0.0012053174032189418
704.0 0.001214860185427824
705.0 0.001224402785737766
706.0 0.0011703067684720736
707.0 0.001116210660256911
708.0 0.0010415122233098373
709.0 0.0009668139682617038
710.0 0.0011179900866409298
711.0 0.0012691666597675066
712.0 0.0011735953194147442
713.0 0.0010780242519103922
714.0 0.0011719365829776507
715.0 0.0012658492778427899
716.0 0.001446101759938756
717.0 0.0016263544239336625
718.0 0.001913644518936053
719.0 0.0022009346139384434
720.0 0.0018044378521153703
721.0 0.0014079411812417675
722.0 0.001511112986918306
723.0 0.0016142852473421954
724.0 0.0016033443898777477
725.0 0.0015924037143122405
726.0 0.001713666097202804
727.0 0.0018349284800933674
728.0 0.0019301964130136184
729.0 0.002025464164034929
730.0 0.002054693140962627
731.0 0.0020839217540924437
732.0 0.0019618468286353163
733.0 0.001839771903178189
734.0 0.0016494868759764358
735.0 0.0014592017578252126
736.0 0.001274901023862185
737.0 0.001090600108000217
738.0 0.0010834927707037423
739.0 0.0010763855243567377
740.0 0.0009309773304266855
741.0 0.0007855691364966333
742.0 0.0007415518211928429
743.0 0.0006975345513637876
744.0 0.0008664616871101316
745.0 0.0010353888683312107
746.0 0.001031518058880465
747.0 0.0010276471584802493
748.0 0.0011495079888845794
749.0 0.0012713688192889094
750.0 0.0010460277735546697
751.0 0.0008206870916183107
752.0 0.0007495071258745156
753.0 0.000678327387504396
754.0 0.0008038412488531321
755.0 0.0009293551556766033
756.0 0.000863465538714081
757.0 0.0007975757398526184
758.0 0.0008801408512226772
759.0 0.0009627063263906166
760.0 0.0007502821972593665
761.0 0.0005378580681281164
762.0 0.0005945496013737284
763.0 0.000651240998195135
764.0 0.0007876701602071989
765.0 0.0009240995495929383
766.0 0.0007610227839904837
767.0 0.0005979460638627643
768.0 0.0005435682396637276
769.0 0.0004891903699899558
770.0 0.00041347684600623325
771.0 0.00033776329928514315
772.0 0.0005596113624051213
773.0 0.0007814594937372021
774.0 0.0008577329936088063
775.0 0.0009340064934804104
776.0 0.0008446725587418769
777.0 0.000755338487579138
778.0 0.0007726534022367559
779.0 0.0007899683623691089
780.0 0.0006914228379173437
781.0 0.0005928772679908434
782.0 0.0005803671228932217
783.0 0.0005678567958966596
784.0 0.0006538098205055576
785.0 0.0007397627996397205
786.0 0.0006854959337943001
787.0 0.0006312294317467604
788.0 0.0004009472377219936
789.0 0.00017066513464669697
790.0 0.00021338792066671886
791.0 0.0002561106839493732
792.0 0.00028583751827682136
793.0 0.00031556437534163706
794.0 0.00025318886400782503
795.0 0.00019081332993664546
796.0 0.0003621492396632675
797.0 0.000533485126652522
798.0 0.0005391351351136109
799.0 0.0005447851435746998
800.0 0.000559869749849895
801.0 0.0005749545380240306
802.0 0.00044492867345979903
803.0 0.00031490292258240515
804.0 0.0002512041419322486
805.0 0.00018750545223156223
806.0 0.00028810641197196674
807.0 0.0003887073489750037
808.0 0.0004794326287083095
809.0 0.0005701578174921451
810.0 0.000421299819208798
811.0 0.00027244170723861316
812.0 0.00026220754989481065
813.0 0.00025197334707627306
814.0 0.00031325801046477864
815.0 0.0003745426738532842
816.0 0.0005073802185506793
817.0 0.0006402176950359717
818.0 0.00043671093408192974
819.0 0.00023320415039052023
820.0 0.00034095921819243813
821.0 0.0004487142177822534
822.0 0.00040767386053630617
823.0 0.00036663350329035893
824.0 0.00045492179197026417
825.0 0.0005432099897006992
826.0 0.0006448693056881893
827.0 0.0007465285307262093
828.0 0.0006798967206123052
829.0 0.0006132648650236661
830.0 0.00045752058213111013
831.0 0.00030177627650118666
832.0 0.0005264951596473111
833.0 0.0007512138836318627
834.0 0.0006166721504996531
835.0 0.00048213037189270835
836.0 0.0005368379333958728
837.0 0.0005915455403737724
838.0 0.000559743557460024
839.0 0.0005279416200210107
840.0 0.0006303221653070068
841.0 0.0007327026651182678
842.0 0.00045411766222969163
843.0 0.00017553252291691024
844.0 0.00015988933910193737
845.0 0.00014424613254959695
846.0 0.0004217162768327398
847.0 0.0006991865120653529
848.0 0.0005561322268476943
849.0 0.0004130780780542409
850.0 0.0004815537977265194
851.0 0.000550029562873533
852.0 0.0006008143827784806
853.0 0.0006515988843602827
854.0 0.0006030581516824896
855.0 0.0005545172371057561
856.0 0.0005623332071991172
857.0 0.0005701493137166835
858.0 0.0005635277830151608
859.0 0.000556906206838903
860.0 0.0005349154434952652
861.0 0.0005129246346768923
862.0 0.0005015395800000988
863.0 0.0004901545707980404
864.0 0.0004989884473616257
865.0 0.0005078223239252111
866.0 0.0005061007868789602
867.0 0.0005043793407821795
868.0 0.0006429929271689616
869.0 0.0007816065590304788
870.0 0.0005816199518449139
871.0 0.0003816332082351437
872.0 0.000313157647724438
873.0 0.0002446819735268946
874.0 0.00035524158192856703
875.0 0.00046580116759287193
876.0 0.0006002607733535115
877.0 0.0007347203336394159
878.0 0.0007188633844634751
879.0 0.0007030064352875343
880.0 0.0006628211849601939
881.0 0.0006226362984307343
882.0 0.0005198907274461817
883.0 0.0004171454293100396
884.0 0.0005580529432336334
885.0 0.0006989606845309027
886.0 0.0007137221018638229
887.0 0.0007284838829946239
888.0 0.0005702997896150919
889.0 0.00041211583265976515
890.0 0.0004797529527422739
891.0 0.0005473903001984581
892.0 0.0005103765033709351
893.0 0.0004733628429676173
894.0 0.0004506744971877197
895.0 0.0004279861968825571
896.0 0.00023561995021736948
897.0 4.325368081481429e-05
898.0 0.00025074166387639707
899.0 0.0004582295787258772
900.0 0.0003963247309002327
901.0 0.0003344197693877504
902.0 0.0005161679382581497
903.0 0.0006979160843911814
904.0 0.00039736228245601524
905.0 9.680842367743026e-05
906.0 0.0003425359182074317
