lsstCam/transmission_filter_detector/r02_s10/g_6/19700101T000000.ecsv
# %ECSV 1.0
# ---
# datatype:
# - {name: wavelength, unit: nm, datatype: float32}
# - {name: efficiency, unit: '%', datatype: float64}
# meta: !!omap
# - {MODE: DETECTOR}
# - {TYPE: transmission_filter_detector}
# - {CALIBDATE: '1970-01-01T00:00:00'}
# - {INSTRUME: LSSTCam}
# - {OBSTYPE: transmission_filter_detector}
# - {CALIBCLS: lsst.ip.isr.IntermediateFilterDetectorTransmissionCurve}
# - {SOURCE: Materion (DM-46256)}
# - {DETECTOR: 12}
# - {FILTER: g_6}
# - {CALIB_ID: 'calibDate=1970-01-01T00:00:00 filter=g_6 detector=12'}
# - {DATE: '2025-04-02T15:59:42.085789'}
# - {CALIB_CREATION_DATE: '2025-04-02'}
# - {CALIB_CREATION_TIME: '15:59:42'}
# - __serialized_columns__:
#     efficiency:
#       __class__: astropy.units.quantity.Quantity
#       unit: !astropy.units.Unit {unit: '%'}
#       value: !astropy.table.SerializedColumn {name: efficiency}
#     wavelength:
#       __class__: astropy.units.quantity.Quantity
#       unit: !astropy.units.Unit {unit: nm}
#       value: !astropy.table.SerializedColumn {name: wavelength}
# schema: astropy-2.0
wavelength efficiency
[from data line 608]
908.0 0.0004996223651687615
909.0 0.0004109813744435087
910.0 0.0003438482053752523
911.0 0.000276715081781731
912.0 0.0004047933998663211
913.0 0.0005328718089003814
914.0 0.00032274135719490005
915.0 0.00011261096233283752
916.0 0.0001636673005123157
917.0 0.00021472360458574258
918.0 0.0002414350092294626
919.0 0.0002681464138731826
920.0 0.000277803906101326
921.0 0.00028746144380420446
922.0 0.0005046069873060333
923.0 0.0007217525762825971
924.0 0.0006419931196433026
925.0 0.0005622335265798029
926.0 0.0005653132575389463
927.0 0.00056839307944756
928.0 0.0005368083748180652
929.0 0.0005052237611380406
930.0 0.0004990275101590669
931.0 0.0004928313046548283
932.0 0.00047365710997837596
933.0 0.0004544830062513938
934.0 0.00047190360419335775
935.0 0.0004893241566605866
936.0 0.0005258686087472597
937.0 0.0005624130153591977
938.0 0.00060775223573728
939.0 0.0006530914106406271
940.0 0.0005624123332381714
941.0 0.0004717331194115104
942.0 0.0006873269740026444
943.0 0.0009029207831190433
944.0 0.000690704291628208
945.0 0.0004784877091879025
946.0 0.0004760243882628856
947.0 0.00047356097638839856
948.0 0.0007719967470620759
949.0 0.0010704326996346936
950.0 0.0009337082701676991
951.0 0.0007969837497512344
952.0 0.0008322175744979177
953.0 0.0008674513082951307
954.0 0.0007689063750149217
955.0 0.0006703615326841827
956.0 0.0006523062438645866
957.0 0.000634250727671315
958.0 0.0007415406344080111
959.0 0.0008488305866194423
960.0 0.0006664779448328773
961.0 0.00048412512114737183
962.0 0.0005560903900914127
963.0 0.0006280555680859834
964.0 0.0007407071279885713
965.0 0.0008533585059922189
966.0 0.0008421519851253834
967.0 0.0008309453733090777
968.0 0.000775141961639747
969.0 0.0007193386409198865
970.0 0.0007256408935063519
971.0 0.0007319432370422874
972.0 0.0008301053640025202
973.0 0.0009282675819122232
974.0 0.0008141650141624268
975.0 0.0007000628556852462
976.0 0.0007939876013551839
977.0 0.0008879127562977374
978.0 0.000961220939643681
979.0 0.001034529213939095
980.0 0.0010473490874574054
981.0 0.0010601689609757159
982.0 0.0010003877832787111
983.0 0.0009406066055817064
984.0 0.0009655554094933905
985.0 0.0009905046681524254
986.0 0.0011316810741845984
987.0 0.001272857298317831
988.0 0.001286277620238252
989.0 0.001299697487411322
990.0 0.0013891129128751345
991.0 0.0014785282473894767
992.0 0.0014660672604804859
993.0 0.0014536064554704353
994.0 0.0014671561984869186
995.0 0.0014807061234023422
996.0 0.001339764548902167
997.0 0.0011988229744019918
998.0 0.0013141744602762628
999.0 0.0014295259461505339
1000.0 0.0013790850061923265
1001.0 0.0013286438843351789
1002.0 0.0012024903298879508
1003.0 0.0010763368663901929
1004.0 0.0010979485523421317
1005.0 0.00111955996544566
1006.0 0.0013215259059506934
1007.0 0.0015234918464557268
1008.0 0.0015974506823113188
1009.0 0.001671410063863732
1010.0 0.0017030744857038371
1011.0 0.0017347389075439423
1012.0 0.0019018285456695594
1013.0 0.002068918547593057
1014.0 0.00208836754609365
1015.0 0.002107816908392124
1016.0 0.00243312751990743
1017.0 0.0027584384952206165
1018.0 0.0030100345611572266
1019.0 0.0032616306270938367
1020.0 0.003274365371908061
1021.0 0.0032871001167222857
1022.0 0.003595944508560933
1023.0 0.0039047892641974613
1024.0 0.004046186586492695
1025.0 0.004187583544990048
1026.0 0.004299927240936086
1027.0 0.004412270936882123
1028.0 0.004511606312007643
1029.0 0.004610941687133163
1030.0 0.004748271385324188
1031.0 0.004885600719717331
1032.0 0.00531481382495258
1033.0 0.005744026930187829
1034.0 0.005533344665309414
1035.0 0.00532266276422888
1036.0 0.005402216629590839
1037.0 0.005481770494952798
1038.0 0.005717653766623698
1039.0 0.005953537402092479
1040.0 0.006360660336213186
1041.0 0.0067677821789402515
1042.0 0.006964036583667621
1043.0 0.0071602909883949906
1044.0 0.0074427669460419565
1045.0 0.0077252414484974
1046.0 0.008669350791024044
1047.0 0.009613458678359166
1048.0 0.0110604363726452
1049.0 0.012507411884143949
1050.0 0.014922540867701173
1051.0 0.01733766548568383
1052.0 0.020993292855564505
1053.0 0.024648927501402795
1054.0 0.0293486169539392
1055.0 0.03404830349609256
1056.0 0.04099601646885276
1057.0 0.04794372071046382
1058.0 0.05561626749113202
1059.0 0.06328879971988499
1060.0 0.07071245345287025
1061.0 0.07813607226125896
1062.0 0.08520931587554514
1063.0 0.09228252456523478
1064.0 0.09759754757396877
1065.0 0.10291256476193666
1066.0 0.10801206808537245
1067.0 0.11311158305034041
1068.0 0.11932274792343378
1069.0 0.12553395936265588
1070.0 0.1353551517240703
1071.0 0.14517635572701693
1072.0 0.1581945107318461
1073.0 0.17121263081207871
1074.0 0.18572412664070725
1075.0 0.20023570396006107
1076.0 0.21399359684437513
1077.0 0.2277514897286892
1078.0 0.2418076153844595
1079.0 0.2558637410402298
1080.0 0.27321476954966784
1081.0 0.2905657747760415
1082.0 0.3177692648023367
1083.0 0.3449727315455675
1084.0 0.38323872722685337
1085.0 0.42150476947426796
1086.0 0.4565708339214325
1087.0 0.49163694493472576
1088.0 0.5556686781346798
1089.0 0.6197003647685051
1090.0 0.6968445610255003
1091.0 0.7739887107163668
1092.0 0.8036813698709011
1093.0 0.8333737030625343
1094.0 0.8696000091731548
1095.0 0.905826035887003
1096.0 0.9492098353803158
1097.0 0.9925937280058861
1098.0 1.0122057050466537
1099.0 1.0318178683519363
1100.0 1.1872547678649426
1101.0 1.342691294848919
