lsstCam/transmission_filter_detector/r34_s10/g_6/19700101T000000.ecsv
# %ECSV 1.0
# ---
# datatype:
# - {name: wavelength, unit: nm, datatype: float32}
# - {name: efficiency, unit: '%', datatype: float64}
# meta: !!omap
# - {MODE: DETECTOR}
# - {TYPE: transmission_filter_detector}
# - {CALIBDATE: '1970-01-01T00:00:00'}
# - {INSTRUME: LSSTCam}
# - {OBSTYPE: transmission_filter_detector}
# - {CALIBCLS: lsst.ip.isr.IntermediateFilterDetectorTransmissionCurve}
# - {SOURCE: Materion (DM-46256)}
# - {DETECTOR: 156}
# - {FILTER: g_6}
# - {CALIB_ID: 'calibDate=1970-01-01T00:00:00 filter=g_6 detector=156'}
# - {DATE: '2025-04-02T15:59:42.749382'}
# - {CALIB_CREATION_DATE: '2025-04-02'}
# - {CALIB_CREATION_TIME: '15:59:42'}
# - __serialized_columns__:
#     efficiency:
#       __class__: astropy.units.quantity.Quantity
#       unit: !astropy.units.Unit {unit: '%'}
#       value: !astropy.table.SerializedColumn {name: efficiency}
#     wavelength:
#       __class__: astropy.units.quantity.Quantity
#       unit: !astropy.units.Unit {unit: nm}
#       value: !astropy.table.SerializedColumn {name: wavelength}
# schema: astropy-2.0
wavelength efficiency
300.0 0.3554723225533962
301.0 0.31144232489168644
302.0 0.26741232722997665
303.0 0.24899884592741728
304.0 0.23058541119098663
305.0 0.22568663116544485
306.0 0.2207878278568387
307.0 0.21378099918365479
308.0 0.20677412394434214
309.0 0.20157161634415388
310.0 0.1963690621778369
311.0 0.19689819309860468
312.0 0.19742727745324373
313.0 0.1900583622045815
314.0 0.18268944695591927
315.0 0.18049099016934633
316.0 0.1782925333827734
317.0 0.1746279071085155
318.0 0.17096325755119324
319.0 0.16094919992610812
320.0 0.150935142301023
321.0 0.1399701344780624
322.0 0.1290051150135696
323.0 0.11484628776088357
324.0 0.10068744886666536
325.0 0.09003843879327178
326.0 0.0793894228991121
327.0 0.07331500528380275
328.0 0.06724058766849339
329.0 0.06346810841932893
330.0 0.05969563499093056
331.0 0.0545303279068321
332.0 0.04936501500196755
333.0 0.047159765381366014
334.0 0.044954512850381434
335.0 0.042939267586916685
336.0 0.04092402814421803
337.0 0.040615961188450456
338.0 0.040307894232682884
339.0 0.039795407792553306
340.0 0.03928291844204068
341.0 0.03756429650820792
342.0 0.03584567457437515
343.0 0.03303372941445559
344.0 0.030221784254536033
345.0 0.026382820215076208
346.0 0.022543857630807906
347.0 0.020644844335038215
348.0 0.018745832494460046
349.0 0.017328557441942394
350.0 0.874542910605669
351.0 0.8822073228657246
352.0 0.7710954174399376
353.0 1.0146664455533028
354.0 0.6116940174251795
355.0 0.8593934588134289
356.0 0.8255104534327984
357.0 0.9970072656869888
358.0 0.6837017368525267
359.0 1.0159065946936607
360.0 0.524189043790102
361.0 0.6947948597371578
362.0 0.6540563888847828
363.0 0.707370787858963
364.0 0.5319706164300442
365.0 0.8127111010253429
366.0 0.5473731085658073
367.0 0.7283812388777733
368.0 0.49750865437090397
369.0 0.6466125138103962
370.0 0.4546345677226782
371.0 0.564704230055213
372.0 0.35212214570492506
373.0 0.5904457997530699
374.0 0.3505646251142025
375.0 0.6567982025444508
376.0 0.3610955784097314
377.0 0.5759024526923895
378.0 0.3625390352681279
379.0 0.6286183372139931
380.0 0.40487078949809074
381.0 0.47068968415260315
382.0 0.5170171614736319
383.0 0.5455571226775646
384.0 0.5632430780678988
385.0 0.6132673472166061
386.0 0.6058216094970703
387.0 0.7729124277830124
388.0 0.8710741065442562
389.0 1.271130982786417
390.0 1.7580503597855568
391.0 2.7248550206422806
392.0 4.277454316616058
393.0 6.741946190595627
394.0 10.226613283157349
395.0 14.871631562709808
396.0 20.602093636989594
397.0 27.840325236320496
398.0 36.331480741500854
399.0 45.64621150493622
400.0 54.93682026863098
401.0 63.906288146972656
402.0 72.23436236381531
403.0 79.35081124305725
404.0 84.53117609024048
405.0 88.39178681373596
406.0 90.53178429603577
407.0 92.29602217674255
408.0 93.3598279953003
409.0 93.87021660804749
410.0 94.04492378234863
411.0 93.99120211601257
412.0 93.6556339263916
413.0 93.46057772636414
414.0 93.22933554649353
415.0 93.38667392730713
416.0 93.75653266906738
417.0 93.99992227554321
418.0 94.56235766410828
419.0 95.09190917015076
420.0 95.59042453765869
421.0 96.22594118118286
422.0 96.41273617744446
423.0 96.57798409461975
424.0 96.35553359985352
425.0 96.23771905899048
426.0 96.23041152954102
427.0 96.3124930858612
428.0 96.14194631576538
429.0 95.96445560455322
430.0 95.83352208137512
431.0 95.87388038635254
432.0 95.88850140571594
433.0 95.97716331481934
434.0 96.04096412658691
435.0 96.20590209960938
436.0 96.25791311264038
437.0 96.23644351959229
438.0 96.31770849227905
439.0 96.41956686973572
440.0 96.3839054107666
441.0 96.4708685874939
442.0 96.45652770996094
443.0 96.48982286453247
444.0 96.41924500465393
445.0 96.17573022842407
446.0 96.02625370025635
447.0 95.78728079795837
448.0 95.82998156547546
449.0 95.96025943756104
450.0 96.2553083896637
451.0 96.43701314926147
452.0 96.59860730171204
453.0 96.7091977596283
454.0 96.8097448348999
455.0 97.02194929122925
456.0 97.15536832809448
457.0 97.30509519577026
458.0 97.29201197624207
459.0 97.32880592346191
460.0 97.32041954994202
461.0 97.48361110687256
462.0 97.42077589035034
463.0 97.33944535255432
464.0 97.42060899734497
465.0 97.32701182365417
466.0 97.34367728233337
467.0 97.30886816978455
468.0 97.3850667476654
469.0 97.42962718009949
470.0 97.26519584655762
471.0 97.14752435684204
472.0 97.21961617469788
473.0 97.08436131477356
474.0 96.99423313140869
475.0 97.0740258693695
476.0 97.06147909164429
477.0 97.11968898773193
478.0 97.25709557533264
479.0 97.1861720085144
480.0 97.39354848861694
481.0 97.44738936424255
482.0 97.6186215877533
483.0 97.56044745445251
484.0 97.73542881011963
485.0 97.74653911590576
486.0 97.80431985855103
487.0 97.84219264984131
488.0 97.8026270866394
489.0 97.94424772262573
490.0 97.84226417541504
491.0 97.89798259735107
492.0 97.85410165786743
493.0 97.84607291221619
494.0 97.85480499267578
495.0 97.89507389068604
496.0 97.70045280456543
497.0 97.6491630077362
498.0 97.43186235427856
499.0 97.45774269104004
500.0 97.43727445602417
501.0 97.43004441261292
502.0 97.33616709709167
503.0 97.47287631034851
504.0 97.30344414710999
505.0 97.29569554328918
506.0 97.3361611366272
507.0 97.30958342552185
508.0 97.28671312332153
509.0 97.31112122535706
510.0 97.2020149230957
511.0 97.2050428390503
512.0 97.13724851608276
513.0 97.24738001823425
514.0 97.19235301017761
515.0 97.20813632011414
516.0 97.30274081230164
517.0 97.31772541999817
518.0 97.36269116401672
519.0 97.38093614578247
520.0 97.44108319282532
521.0 97.53035306930542
522.0 97.54323959350586
523.0 97.54301905632019
524.0 97.52854704856873
525.0 97.53240942955017
526.0 97.59867787361145
527.0 97.49342799186707
528.0 97.69586324691772
529.0 97.74150848388672
530.0 97.71770238876343
531.0 97.84839153289795
532.0 97.76272773742676
533.0 97.74622917175293
534.0 97.77830839157104
535.0 97.60110378265381
536.0 97.21900224685669
537.0 96.7147707939148
538.0 95.92452645301819
539.0 94.56306099891663
540.0 92.85228848457336
541.0 90.24403691291809
542.0 87.47256994247437
543.0 83.85186791419983
544.0 79.25137877464294
545.0 75.21166205406189
546.0 70.24195194244385
547.0 65.6603753566742
548.0 61.13228797912598
549.0 57.105934619903564
550.0 53.93189787864685
551.0 50.845515727996826
552.0 48.54133129119873
553.0 46.06442749500275
554.0 43.177810311317444
555.0 39.996302127838135
556.0 35.73300242424011
557.0 30.78228533267975
558.0 25.38650929927826
559.0 20.026874542236328
560.0 14.9078369140625
561.0 10.10010838508606
562.0 6.522876024246216
563.0 3.8129527121782303
564.0 2.115511894226074
565.0 1.0187027044594288
566.0 0.539300823584199
567.0 0.27113703545182943
568.0 0.16451090341433883
569.0 0.1017020782455802
570.0 0.08167082560248673
571.0 0.05027522565796971
572.0 0.054709758842363954
573.0 0.03789086185861379
574.0 0.03960442845709622
575.0 0.026327671366743743
576.0 0.036820844979956746
577.0 0.024130515521392226
578.0 0.02978763950522989
579.0 0.021370418835431337
580.0 0.025203463155776262
581.0 0.028114407905377448
582.0 0.04098716308362782
583.0 0.021503487369045615
584.0 0.019776209956035018
585.0 0.017060659592971206
586.0 0.024546351050958037
587.0 0.013818021398037672
588.0 0.021489545179065317
589.0 0.013266211317386478
590.0 0.020846455299761146
591.0 0.009244093962479383
592.0 0.013632926857098937
593.0 0.013138981012161821
594.0 0.01997218350879848
595.0 0.007114061008905992
596.0 0.016453444550279528
597.0 0.005805144610349089
598.0 0.0200773763936013
599.0 0.00875614132382907
600.0 0.008885123679647222
601.0 0.002128158666891977
602.0 0.002090539055643603
603.0 0.002052919262496289
604.0 0.001975538907572627
605.0 0.0018981581888510846
606.0 0.0019037126548937522
607.0 0.0019092669390374795
608.0 0.0018728795112110674
609.0 0.001836491901485715
610.0 0.0018868842744268477
611.0 0.0019372761016711593
612.0 0.0018932300008600578
613.0 0.0018491840819478966
614.0 0.0017920352547662333
615.0 0.0017348867913824506
616.0 0.0015768548109917901
617.0 0.0014188228306011297
618.0 0.0014712170923303347
619.0 0.0015236113540595397
620.0 0.0014070548786548898
621.0 0.001290498039452359
622.0 0.0014422131243918557
623.0 0.0015939278455334716
624.0 0.0015785697542014532
625.0 0.0015632120266673155
626.0 0.001482033076172229
627.0 0.0014008542166266125
628.0 0.0014019139598531183
629.0 0.0014029735211806837
630.0 0.0014217795069271233
631.0 0.001440585583623033
632.0 0.001373933264403604
633.0 0.0013072811270831153
634.0 0.0013592582945420872
635.0 0.0014112355529505294
636.0 0.0013865112123312429
637.0 0.0013617865988635458
638.0 0.0012634814993361942
639.0 0.0011651762179099023
640.0 0.0013270810995891225
641.0 0.0014889860722178128
642.0 0.0013378058611124288
643.0 0.0011866258319059853
644.0 0.0011257355254201684
645.0 0.0010648454917827621
646.0 0.00112251473183278
647.0 0.0011801839718827978
648.0 0.0011633725080173463
649.0 0.0011465610441518947
650.0 0.001136294213210931
651.0 0.0011260270184720866
652.0 0.001074596912076231
653.0 0.0010231666237814352
654.0 0.0011268940397712868
655.0 0.001230621273862198
656.0 0.0011653133697109297
657.0 0.0011000054655596614
658.0 0.0011054185051762033
659.0 0.001110831453843275
660.0 0.0010553523679845966
661.0 0.0009998730092775077
662.0 0.0010208957064605784
663.0 0.001041918403643649
664.0 0.0010572833161859307
665.0 0.0010726481377787422
666.0 0.0011130240636703093
667.0 0.0011533999895618763
668.0 0.0011700674804160371
669.0 0.0011867347893712576
670.0 0.001208295452670427
671.0 0.0012298561159695964
672.0 0.0011284842003078666
673.0 0.0010271126484440174
674.0 0.001080386937246658
675.0 0.0011336611350998282
676.0 0.001057766712619923
677.0 0.0009818719263421372
678.0 0.0009947548278432805
679.0 0.0010076379112433642
680.0 0.0010162098078581039
681.0 0.0010247817954223137
682.0 0.0010510488209547475
683.0 0.0010773160283861216
684.0 0.0009839631275099237
685.0 0.0008906101356842555
686.0 0.0009344365935248788
687.0 0.0009782632332644425
688.0 0.0010513866982364561
689.0 0.00112451034510741
690.0 0.0010789021871460136
691.0 0.0010332941201340873
692.0 0.0010263565854984336
693.0 0.00101941914181225
694.0 0.0010309139724995475
695.0 0.001042408803186845
696.0 0.0010639565516612493
697.0 0.0010855043910851236
698.0 0.0011910198736586608
699.0 0.001296535356232198
700.0 0.001267389870918123
701.0 0.0012382443856040481
702.0 0.0012197396245028358
703.0 0.0012012348634016234
704.0 0.0011843601896543987
705.0 0.0011674852430587634
706.0 0.001199968119180994
707.0 0.0012324507224548142
708.0 0.0011982470823568292
709.0 0.0011640436241577845
710.0 0.0011911017281818204
711.0 0.001218159741256386
712.0 0.0012904059076390695
713.0 0.0013626519830722827
714.0 0.0013451502127281856
715.0 0.0013276483514346182
716.0 0.0014933687452867161
717.0 0.0016590893210377544
718.0 0.0017086309526348487
719.0 0.0017581729480298236
720.0 0.0015161523151618894
721.0 0.0012741315003950149
722.0 0.0015016068573459052
723.0 0.0017290822142967954
724.0 0.0017204349205712788
725.0 0.0017117876268457621
726.0 0.001761386556609068
727.0 0.001810985486372374
728.0 0.0018865595848183148
729.0 0.0019621336832642555
730.0 0.002033710370596964
731.0 0.0021052872398286127
732.0 0.001889297527668532
733.0 0.0016733078155084513
734.0 0.001507387150923023
735.0 0.0013414663044386543
736.0 0.001115105624194257
737.0 0.0008887448530003894
738.0 0.000951948095462285
739.0 0.0010151511560252402
740.0 0.0009358051102026366
741.0 0.0008564589734305628
742.0 0.0009135581422015093
743.0 0.0009706573109724559
744.0 0.0009527138900011778
745.0 0.0009347705599793699
746.0 0.0007856571755837649
747.0 0.0006365439276123652
748.0 0.00072971565714397
749.0 0.0008228871593018994
750.0 0.0008997336408356205
751.0 0.0009765799404704012
752.0 0.0009594527000444941
753.0 0.000942325459618587
754.0 0.0008656020327180158
755.0 0.0007888785148679744
756.0 0.0008127052751660813
757.0 0.0008365320354641881
758.0 0.0009377768947160803
759.0 0.0010390222087153234
760.0 0.0009866932487057056
761.0 0.0009343642886960879
762.0 0.0008203539437090512
763.0 0.0007063434622978093
764.0 0.0006561845111718867
765.0 0.0006060257874196395
766.0 0.0006619543910346692
767.0 0.0007178830855991691
768.0 0.0006965907687117578
769.0 0.0006752985882485518
770.0 0.0006927626145625254
771.0 0.0007102267773007043
772.0 0.0007089385690051131
773.0 0.0007076502242853167
774.0 0.0006156642029964132
775.0 0.0005236780452833045
776.0 0.0006082881554902997
777.0 0.0006928981292730896
778.0 0.0006303003374341642
779.0 0.000567702591069974
780.0 0.0005977676664770115
781.0 0.000627832741884049
782.0 0.0005501837222254835
783.0 0.0004725347480416531
784.0 0.0003743703018699307
785.0 0.00027620587843557587
786.0 0.0003199431375833228
787.0 0.00036368044220580487
788.0 0.00036021406231157016
789.0 0.0003567477506294381
790.0 0.000346279102814151
791.0 0.00033581045499886386
792.0 0.00037219801924948115
793.0 0.00040858558350009844
794.0 0.00031080694498086814
795.0 0.0002130282837242703
796.0 0.00022892895685799886
797.0 0.00024482960725435987
798.0 0.0003045347966690315
799.0 0.0003642399860837031
800.0 0.0004412555426824838
801.0 0.0005182711902307346
802.0 0.0004841769623453729
803.0 0.0004500828708842164
804.0 0.0004968586836184841
805.0 0.0005436344508780167
806.0 0.00047161197471723426
807.0 0.0003995894530817168
808.0 0.00041334469642606564
809.0 0.0004270999397704145
810.0 0.0003836405085166916
811.0 0.0003401811000003363
812.0 0.0003650620556072681
813.0 0.00038994312490103766
814.0 0.0004477313268580474
815.0 0.0005055195288150571
816.0 0.0005432600573840318
817.0 0.0005810006769024767
818.0 0.00044358002924127504
819.0 0.0003061593815800734
820.0 0.00035030493563681375
821.0 0.0003944504896935541
822.0 0.00042913129618682433
823.0 0.00046381210268009454
824.0 0.0004986929070582846
825.0 0.0005335737114364747
826.0 0.000531379782842123
827.0 0.0005291858542477712
828.0 0.0004541605903796153
829.0 0.0003791353037740919
830.0 0.00038075818338256795
831.0 0.0003823810402536765
832.0 0.0003785200306083425
833.0 0.0003746589754882734
834.0 0.00035461221159494016
835.0 0.00033456542496423936
836.0 0.0003640150225692196
837.0 0.00039346464291156735
838.0 0.0004904182333120843
839.0 0.0005873718237126013
840.0 0.0005183409484743606
841.0 0.00044931007323611993
842.0 0.00046028303586354014
843.0 0.00047125595301622525
844.0 0.0006294872946455143
845.0 0.0007877186362748034
846.0 0.0005780633728136308
847.0 0.0003684080638777232
848.0 0.00033707556212903
849.0 0.00030574308311770437
850.0 0.00021481341718754265
851.0 0.00012388375125738094
852.0 4.0449450011692534e-05
853.0 1.6285583992470265e-10
854.0 0.00013481371752277482
855.0 0.0003126122919638874
856.0 0.00038237430999288335
857.0 0.0004521363280218793
858.0 0.0004452623670658795
859.0 0.0004383884515846148
860.0 0.0004712929239758523
861.0 0.0005041973508923547
862.0 0.00045419410525937565
863.0 0.00040419085962639656
864.0 0.00034651270652830135
865.0 0.00028883450795547105
866.0 0.00042719989323813934
867.0 0.0005655652785208076
868.0 0.0005036210950493114
869.0 0.0004416769115778152
870.0 0.0004728215117211221
871.0 0.0005039662482886342
872.0 0.0004477994934859453
873.0 0.0003916327841579914
874.0 0.0005150020569999469
875.0 0.0006383713298419025
876.0 0.0004810638984054094
877.0 0.000323756535181019
878.0 0.0004964618710801005
879.0 0.0006691671842418145
880.0 0.0007189578809629893
881.0 0.000768748577684164
882.0 0.0006227580342965666
883.0 0.00047676758185843937
884.0 0.0005099913323647343
885.0 0.0005432151283457642
886.0 0.0005458116447698558
887.0 0.0005484082521434175
888.0 0.00048140577746380586
889.0 0.00041440334825892933
890.0 0.0005500609859154793
891.0 0.0006857186690467643
892.0 0.0006116047188697848
893.0 0.0005374909051170107
894.0 0.0004689141405833652
895.0 0.00040033742152445484
896.0 0.00038722000681445934
897.0 0.0003741026148418314
898.0 0.00041269013308919966
899.0 0.0004512776285992004
900.0 0.00035671273508341983
901.0 0.0002621478188302717
902.0 0.00039068490877980366
903.0 0.000519221930517233
904.0 0.0004534116214927053
905.0 0.00038760131246817764
