lsstCam/transmission_filter_detector/r34_s10/g_6/19700101T000000.ecsv
# %ECSV 1.0
# ---
# datatype:
# - {name: wavelength, unit: nm, datatype: float32}
# - {name: efficiency, unit: '%', datatype: float64}
# meta: !!omap
# - {MODE: DETECTOR}
# - {TYPE: transmission_filter_detector}
# - {CALIBDATE: '1970-01-01T00:00:00'}
# - {INSTRUME: LSSTCam}
# - {OBSTYPE: transmission_filter_detector}
# - {CALIBCLS: lsst.ip.isr.IntermediateFilterDetectorTransmissionCurve}
# - {SOURCE: Materion (DM-46256)}
# - {DETECTOR: 156}
# - {FILTER: g_6}
# - {CALIB_ID: 'calibDate=1970-01-01T00:00:00 filter=g_6 detector=156'}
# - {DATE: '2025-04-02T15:59:42.749382'}
# - {CALIB_CREATION_DATE: '2025-04-02'}
# - {CALIB_CREATION_TIME: '15:59:42'}
# - __serialized_columns__:
#     efficiency:
#       __class__: astropy.units.quantity.Quantity
#       unit: !astropy.units.Unit {unit: '%'}
#       value: !astropy.table.SerializedColumn {name: efficiency}
#     wavelength:
#       __class__: astropy.units.quantity.Quantity
#       unit: !astropy.units.Unit {unit: nm}
#       value: !astropy.table.SerializedColumn {name: wavelength}
# schema: astropy-2.0
wavelength efficiency
[from data line 607]
907.0 0.00032058167107607005
908.0 0.0003591535687519354
909.0 0.0003977253982156981
910.0 0.0003963760264014127
911.0 0.00039502670006186236
912.0 0.00045041342673357576
913.0 0.0005058001988800243
914.0 0.00043637360249704216
915.0 0.0003669469833766925
916.0 0.0003627069645517622
917.0 0.000358466991201567
918.0 0.0003250781674069003
919.0 0.0002916893663496012
920.0 0.0003469200009931228
921.0 0.0004021506811113795
922.0 0.0003519651500027976
923.0 0.0003017796871063183
924.0 0.0003932037998310989
925.0 0.0004846278898185119
926.0 0.00039261503843590617
927.0 0.0003006021643159329
928.0 0.00045938140829093754
929.0 0.0006181607204780448
930.0 0.0005339706603990635
931.0 0.0004497807822190225
932.0 0.00046873378778400365
933.0 0.00048768692977319006
934.0 0.0005741200311604189
935.0 0.0006605531780223828
936.0 0.0006105745796958217
937.0 0.0005605960268439958
938.0 0.00046339023356267717
939.0 0.0003661845084934612
940.0 0.0004345934939919971
941.0 0.0005030023658036953
942.0 0.0005564954790315824
943.0 0.0006099886377342045
944.0 0.0005620624506263994
945.0 0.0005141362635185942
946.0 0.0006598521395062562
947.0 0.0008055681973928586
948.0 0.0007599829132232117
949.0 0.0007143975835788297
950.0 0.0006096592642279575
951.0 0.0005049208994023502
952.0 0.000796224321675254
953.0 0.001087527834897628
954.0 0.0010564179319771938
955.0 0.0010253079381072894
956.0 0.0007984175681485794
957.0 0.0005715271981898695
958.0 0.0006098580342950299
959.0 0.0006481887794507202
960.0 0.0007431245649058837
961.0 0.0008380603503610473
962.0 0.0007468228886864381
963.0 0.0006555853360623587
964.0 0.0005736437742598355
965.0 0.000491702076033107
966.0 0.0005770906682300847
967.0 0.0006624792604270624
968.0 0.0006156335530249635
969.0 0.0005687878001481295
970.0 0.000570930342291831
971.0 0.0005730728389607975
972.0 0.0006200057214300614
973.0 0.0006669386038993252
974.0 0.0007284633284143638
975.0 0.0007899880074546672
976.0 0.0008069229807006195
977.0 0.0008238579539465718
978.0 0.0008209101906686556
979.0 0.0008179623364412691
980.0 0.0008039021849981509
981.0 0.0007898420335550327
982.0 0.0008630639058537781
983.0 0.0009362855962535832
984.0 0.0010688655493140686
985.0 0.0012014453204756137
986.0 0.0012140159014961682
987.0 0.0012265864825167228
988.0 0.0012330418940109666
989.0 0.0012394971236062702
990.0 0.0013097774171910714
991.0 0.0013800577107758727
992.0 0.0013918301192461513
993.0 0.0014036024367669597
994.0 0.0013825379028276075
995.0 0.0013614733688882552
996.0 0.0013459502952173352
997.0 0.0013304272215464152
998.0 0.0012409599548846018
999.0 0.0011514927791722585
1000.0 0.0012355545550235547
1001.0 0.0013196161489759106
1002.0 0.0013443520401779097
1003.0 0.0013690878404304385
1004.0 0.0013399047020357102
1005.0 0.001310721563640982
1006.0 0.0013461378330248408
1007.0 0.0013815541933581699
1008.0 0.0013518370906240307
1009.0 0.0013221198969404213
1010.0 0.0014392731827683747
1011.0 0.0015564266504952684
1012.0 0.0016123123714351095
1013.0 0.0016681980923749506
1014.0 0.0018689961507334374
1015.0 0.0020697940271929838
1016.0 0.002174309156544041
1017.0 0.002278824285895098
1018.0 0.0024663459043949842
1019.0 0.0026538680685916916
1020.0 0.0028729975383612327
1021.0 0.0030921273719286546
1022.0 0.0033044481824617833
1023.0 0.0035167693567927927
1024.0 0.0036282352084526792
1025.0 0.003739700696314685
1026.0 0.004041396823595278
1027.0 0.00434309258707799
1028.0 0.0044237578549655154
1029.0 0.004504423122853041
1030.0 0.0045977871195646
1031.0 0.00469115111627616
1032.0 0.004862374771619216
1033.0 0.005033598790760152
1034.0 0.005154675818630494
1035.0 0.005275752846500836
1036.0 0.00545978982700035
1037.0 0.005643826807499863
1038.0 0.005705960938939825
1039.0 0.005768095434177667
1040.0 0.005936355228186585
1041.0 0.006104615022195503
1042.0 0.0061453101807273924
1043.0 0.006186006066855043
1044.0 0.006543951167259365
1045.0 0.006901896995259449
1046.0 0.007650793850189075
1047.0 0.008399689249927178
1048.0 0.00927696528378874
1049.0 0.010154242045246065
1050.0 0.011942101991735399
1051.0 0.01372996048303321
1052.0 0.01641932176426053
1053.0 0.01910868304548785
1054.0 0.023056294594425708
1055.0 0.027003904688172042
1056.0 0.03239006036892533
1057.0 0.03777621022891253
1058.0 0.044692831579595804
1059.0 0.05160945001989603
1060.0 0.05979816196486354
1061.0 0.06798687390983105
1062.0 0.07560077938251197
1063.0 0.0832146848551929
1064.0 0.09038480930030346
1065.0 0.09755491628311574
1066.0 0.10318388231098652
1067.0 0.10881285415962338
1068.0 0.11519561521708965
1069.0 0.12157837627455592
1070.0 0.13052233261987567
1071.0 0.13946628896519542
1072.0 0.15070606023073196
1073.0 0.1619458314962685
1074.0 0.17501796828582883
1075.0 0.18809010507538915
1076.0 0.2008876297622919
1077.0 0.21368518937379122
1078.0 0.22519056219607592
1079.0 0.23669591173529625
1080.0 0.25126482360064983
1081.0 0.2658336888998747
1082.0 0.2842972753569484
1083.0 0.30276086181402206
1084.0 0.33455986995249987
1085.0 0.3663588082417846
1086.0 0.40460461750626564
1087.0 0.44285040348768234
1088.0 0.4867842886596918
1089.0 0.53071822039783
1090.0 0.6002629641443491
1091.0 0.6698078010231256
1092.0 0.7417244836688042
1093.0 0.8136413991451263
1094.0 0.8566882461309433
1095.0 0.8997353725135326
1096.0 0.9400089271366596
1097.0 0.9802824817597866
1098.0 1.0451871901750565
1099.0 1.1100919917225838
1100.0 1.2090753763914108
1101.0 1.3080588541924953
