lsstCam/transmission_sensor/r24_s02/19700101T000000.ecsv
# %ECSV 1.0
# ---
# datatype:
# - {name: amp_name, datatype: string}
# - {name: wavelength, unit: nm, datatype: float32}
# - {name: efficiency, unit: '%', datatype: float64}
# meta: !!omap
# - {MODE: AMP}
# - {TYPE: transmission_sensor}
# - {CALIBDATE: '1970-01-01T00:00:00'}
# - {INSTRUME: LSSTCAM}
# - {OBSTYPE: transmission_sensor}
# - {DETECTOR: 110}
# - {PARQUETFILE: qe_raft_allvalues_nircorrected_20230725.parquet}
# - {CALIBCLS: lsst.ip.isr.IntermediateSensorTransmissionCurve}
# - {CALIB_ID: 'raftName=R24 detectorName=S02 detector=110 calibDate=1970-01-01T00:00:00 ccd=110 ccdnum=110 filter=None'}
# - {DATE: '2023-08-02T16:57:55.875658'}
# - {CALIB_CREATION_DATE: '2023-08-02'}
# - {CALIB_CREATION_TIME: '16:57:55'}
# - __serialized_columns__:
#     efficiency:
#       __class__: astropy.units.quantity.Quantity
#       unit: !astropy.units.Unit {unit: '%'}
#       value: !astropy.table.SerializedColumn {name: efficiency}
#     wavelength:
#       __class__: astropy.units.quantity.Quantity
#       unit: !astropy.units.Unit {unit: nm}
#       value: !astropy.table.SerializedColumn {name: wavelength}
# schema: astropy-2.0
amp_name wavelength efficiency
C00 319.994 44.28020477294922
C00 324.969 50.085655212402344
C00 349.982 75.60559844970703
C00 374.975 81.2029037475586
C00 400.019 86.30915069580078
C00 424.965 87.7831039428711
C00 450.035 89.51305389404297
C00 475.003 90.7192611694336
C00 500.018 93.00189971923828
C00 525.002 95.02399444580078
C00 550.029 95.70958709716797
C00 575.023 97.52519226074219
C00 599.982 98.19392395019531
C00 619.997 98.25071716308594
C00 624.979 98.29602813720703
C00 650.012 99.05056762695312
C00 675.004 98.79889678955078
C00 700.03 99.00424194335938
C00 725.012 98.662353515625
C00 750.022 99.24459075927734
C00 774.987 99.03915405273438
C00 799.976 98.25072479248047
C00 824.988 96.4228744506836
C00 850.022 94.39672088623047
C00 869.967 91.37283325195312
C00 875.002 90.02183532714844
C00 899.999 82.82120513916016
C00 919.999 73.67888641357422
C00 925.012 71.11788940429688
C00 949.965 57.42820358276367
C00 975.002 42.50590896606445
C00 999.976 25.60822868347168
C00 1025.028 11.124341011047363
C00 1050.014 3.944974184036255
C00 1075.002 0.9454983258127337
C00 1099.99 0.09381147527567824
C01 319.994 44.62462615966797
C01 324.969 50.46941375732422
C01 349.982 76.03697967529297
C01 374.975 81.51353454589844
C01 400.019 86.55883026123047
C01 424.965 88.0150375366211
C01 450.035 89.74269104003906
C01 475.003 90.94114685058594
C01 500.018 93.21641540527344
C01 525.002 95.22996520996094
C01 550.029 95.90758514404297
C01 575.023 97.7097396850586
C01 599.982 98.36753845214844
C01 619.997 98.41452026367188
C01 624.979 98.45989227294922
C01 650.012 99.20523071289062
C01 675.004 98.9455337524414
C01 700.03 99.15648651123047
C01 725.012 98.83281707763672
C01 750.022 99.44600677490234
C01 774.987 99.26573181152344
C01 799.976 98.48971557617188
C01 824.988 96.65949249267578
C01 850.022 94.63385009765625
C01 869.967 91.63946533203125
C01 875.002 90.30744171142578
C01 899.999 82.9574203491211
C01 919.999 73.86347198486328
C01 925.012 71.3223876953125
C01 949.965 57.63772201538086
C01 975.002 42.68638229370117
C01 999.976 25.675294876098633
C01 1025.028 11.106385231018066
C01 1050.014 3.924288272857666
C01 1075.002 0.9474172056122961
C01 1099.99 0.09400186476655217
C02 319.994 44.94926071166992
C02 324.969 50.83306121826172
C02 349.982 76.52204132080078
C02 374.975 81.92170715332031
C02 400.019 86.86099243164062
C02 424.965 88.26679229736328
C02 450.035 89.97188568115234
C02 475.003 91.15847778320312
C02 500.018 93.42802429199219
C02 525.002 95.43174743652344
C02 550.029 96.10586547851562
C02 575.023 97.9077377319336
C02 599.982 98.55543518066406
C02 619.997 98.59786987304688
C02 624.979 98.6451644897461
C02 650.012 99.38871002197266
C02 675.004 99.12622833251953
C02 700.03 99.34131622314453
C02 725.012 99.04695892333984
C02 750.022 99.69388580322266
C02 774.987 99.54908752441406
C02 799.976 98.78750610351562
C02 824.988 96.95152282714844
C02 850.022 94.93679809570312
C02 869.967 91.95439910888672
C02 875.002 90.62311553955078
C02 899.999 83.1961898803711
C02 919.999 74.08051300048828
C02 925.012 71.52278137207031
C02 949.965 57.85081481933594
C02 975.002 42.858272552490234
C02 999.976 25.766008377075195
C02 1025.028 11.141298294067383
C02 1050.014 3.927701711654663
C02 1075.002 0.9497787361889206
C02 1099.99 0.09423617366087131
C03 319.994 45.087276458740234
C03 324.969 50.986595153808594
C03 349.982 76.69207000732422
C03 374.975 82.01091766357422
C03 400.019 86.82135772705078
C03 424.965 88.17890930175781
C03 450.035 89.85420989990234
C03 475.003 91.0234146118164
C03 500.018 93.2837142944336
C03 525.002 95.27505493164062
C03 550.029 95.93218231201172
C03 575.023 97.72895050048828
C03 599.982 98.37088012695312
C03 619.997 98.40933227539062
C03 624.979 98.45236206054688
C03 650.012 99.18865203857422
C03 675.004 98.92666625976562
C03 700.03 99.15039825439453
C03 725.012 98.87814331054688
C03 750.022 99.56404113769531
C03 774.987 99.45223236083984
C03 799.976 98.7071762084961
C03 824.988 96.86031341552734
C03 850.022 94.87388610839844
C03 869.967 91.9482421875
C03 875.002 90.60928344726562
C03 899.999 82.97599792480469
C03 919.999 73.99138641357422
C03 925.012 71.48299407958984
C03 949.965 57.837886810302734
C03 975.002 42.7728271484375
C03 999.976 25.662263870239258
C03 1025.028 11.088234901428223
C03 1050.014 3.913347005844116
C03 1075.002 0.9485417115826252
C03 1099.99 0.09411343721586583
C04 319.994 45.302833557128906
C04 324.969 51.233760833740234
C04 349.982 77.01322937011719
C04 374.975 82.23860931396484
C04 400.019 86.96024322509766
C04 424.965 88.27995300292969
C04 450.035 89.93927764892578
C04 475.003 91.09998321533203
C04 500.018 93.35006713867188
C04 525.002 95.33642578125
C04 550.029 95.9937744140625
C04 575.023 97.78167724609375
C04 599.982 98.41970825195312
C04 619.997 98.45409393310547
C04 624.979 98.49698638916016
C04 650.012 99.2293930053711
C04 675.004 98.96321868896484
C04 700.03 99.1933822631836
C04 725.012 98.94573974609375
C04 750.022 99.65788269042969
C04 774.987 99.57218933105469
C04 799.976 98.83991241455078
C04 824.988 96.98870849609375
C04 850.022 95.01513671875
C04 869.967 92.10398864746094
C04 875.002 90.74547576904297
C04 899.999 83.01387023925781
C04 919.999 74.08908081054688
C04 925.012 71.56298065185547
C04 949.965 57.88279342651367
C04 975.002 42.75476837158203
C04 999.976 25.642065048217773
C04 1025.028 11.077532768249512
C04 1050.014 3.921076774597168
C04 1075.002 0.9494357348649111
C04 1099.99 0.09420214138461191
C05 319.994 45.44062805175781
C05 324.969 51.38869857788086
C05 349.982 77.18781280517578
C05 374.975 82.29953002929688
C05 400.019 86.92041778564453
C05 424.965 88.20021057128906
C05 450.035 89.8407211303711
C05 475.003 90.99506378173828
C05 500.018 93.23922729492188
C05 525.002 95.21900939941406
C05 550.029 95.86679077148438
C05 575.023 97.64842987060547
C05 599.982 98.28181457519531
C05 619.997 98.31050109863281
C05 624.979 98.3542709350586
C05 650.012 99.07501983642578
C05 675.004 98.81158447265625
C05 700.03 99.04399108886719
C05 725.012 98.80644226074219
C05 750.022 99.53099822998047
C05 774.987 99.45268249511719
C05 799.976 98.73310089111328
C05 824.988 96.88133239746094
C05 850.022 94.93858337402344
C05 869.967 92.05731201171875
C05 875.002 90.65919494628906
C05 899.999 82.8445816040039
C05 919.999 74.13960266113281
C05 925.012 71.64118957519531
C05 949.965 57.86003875732422
C05 975.002 42.603309631347656
C05 999.976 25.49720001220703
C05 1025.028 11.029106140136719
C05 1050.014 3.9358272552490234
C05 1075.002 0.9482269125724487
C05 1099.99 0.09408220314727603
C06 319.994 45.52906799316406
C06 324.969 51.49235916137695
C06 349.982 77.29409790039062
C06 374.975 82.30962371826172
C06 400.019 86.85418701171875
C06 424.965 88.1078109741211
C06 450.035 89.74562072753906
C06 475.003 90.8935546875
C06 500.018 93.13119506835938
C06 525.002 95.11036682128906
C06 550.029 95.75402069091797
C06 575.023 97.53150939941406
C06 599.982 98.15689849853516
C06 619.997 98.18317413330078
C06 624.979 98.22305297851562
C06 650.012 98.94446563720703
C06 675.004 98.67639923095703
C06 700.03 98.9004135131836
C06 725.012 98.65323638916016
C06 750.022 99.35504913330078
C06 774.987 99.25586700439453
C06 799.976 98.52893829345703
C06 824.988 96.70502471923828
C06 850.022 94.79549407958984
C06 869.967 91.8707275390625
C06 875.002 90.46837615966797
C06 899.999 82.75324249267578
C06 919.999 74.21424102783203
C06 925.012 71.6767578125
C06 949.965 57.753021240234375
C06 975.002 42.40861511230469
C06 999.976 25.35955810546875
C06 1025.028 11.021100997924805
C06 1050.014 4.000284194946289
C06 1075.002 0.9465506546770777
C06 1099.99 0.09391588637884378
C07 319.994 45.56589126586914
C07 324.969 51.537601470947266
C07 349.982 77.35057067871094
C07 374.975 82.28270721435547
C07 400.019 86.77332305908203
C07 424.965 88.00926971435547
C07 450.035 89.63968658447266
C07 475.003 90.78482818603516
C07 500.018 93.01950073242188
C07 525.002 94.99491119384766
C07 550.029 95.63763427734375
C07 575.023 97.41041564941406
C07 599.982 98.03524017333984
C07 619.997 98.06035614013672
C07 624.979 98.1004867553711
C07 650.012 98.81513977050781
C07 675.004 98.54017639160156
C07 700.03 98.75273895263672
C07 725.012 98.4547348022461
C07 750.022 99.09754180908203
C07 774.987 98.93254852294922
C07 799.976 98.1861572265625
C07 824.988 96.40231323242188
C07 850.022 94.50279998779297
C07 869.967 91.60899353027344
C07 875.002 90.22899627685547
C07 899.999 82.61719512939453
C07 919.999 74.02273559570312
C07 925.012 71.52647399902344
C07 949.965 57.618675231933594
C07 975.002 42.279720306396484
C07 999.976 25.38479232788086
C07 1025.028 11.134529113769531
C07 1050.014 4.060575008392334
C07 1075.002 0.9440973963557342
C07 1099.99 0.09367247634196219
C10 319.994 43.84480285644531
C10 324.969 49.58157730102539
C10 349.982 74.50004577636719
C10 374.975 80.09557342529297
C10 400.019 85.96363830566406
C10 424.965 87.83235168457031
C10 450.035 89.78813934326172
C10 475.003 91.129638671875
C10 500.018 93.50634765625
C10 525.002 95.58264923095703
C10 550.029 96.29838562011719
C10 575.023 98.13111877441406
C10 599.982 98.80427551269531
C10 619.997 98.85376739501953
C10 624.979 98.90216064453125
C10 650.012 99.65398406982422
C10 675.004 99.37425994873047
C10 700.03 99.47398376464844
C10 725.012 98.84857940673828
C10 750.022 99.08078002929688
C10 774.987 98.5452651977539
C10 799.976 97.6526870727539
C10 824.988 95.90098571777344
C10 850.022 93.91098022460938
C10 869.967 91.01766967773438
C10 875.002 89.70260620117188
C10 899.999 82.45142364501953
C10 919.999 73.82601165771484
C10 925.012 71.40243530273438
C10 949.965 57.2454833984375
C10 975.002 41.933528900146484
C10 999.976 25.30174446105957
C10 1025.028 10.982427597045898
C10 1050.014 3.9470534324645996
C10 1075.002 0.9439377167563653
C10 1099.99 0.09365663307880744
C11 319.994 44.09128952026367
C11 324.969 49.85774612426758
C11 349.982 74.83447265625
C11 374.975 80.32360076904297
C11 400.019 86.0670394897461
C11 424.965 87.88932800292969
C11 450.035 89.81858825683594
C11 475.003 91.14434051513672
C11 500.018 93.5067367553711
C11 525.002 95.56678771972656
C11 550.029 96.27413940429688
C11 575.023 98.09760284423828
C11 599.982 98.7610092163086
C11 619.997 98.80783081054688
C11 624.979 98.85066223144531
C11 650.012 99.59832763671875
C11 675.004 99.3170394897461
C11 700.03 99.42588806152344
C11 725.012 98.82910919189453
C11 750.022 99.10391998291016
C11 774.987 98.6138687133789
C11 799.976 97.7380142211914
C11 824.988 95.9759521484375
C11 850.022 94.00021362304688
C11 869.967 91.11985778808594
C11 875.002 89.782958984375
C11 899.999 82.41299438476562
C11 919.999 73.9295883178711
C11 925.012 71.48974609375
C11 949.965 57.299861907958984
C11 975.002 41.985694885253906
C11 999.976 25.249786376953125
C11 1025.028 10.936051368713379
C11 1050.014 3.931159734725952
C11 1075.002 0.944158169017744
C11 1099.99 0.0936785061496561
C12 319.994 44.28881072998047
C12 324.969 50.08080291748047
C12 349.982 75.1407699584961
C12 374.975 80.5427017211914
C12 400.019 86.12032318115234
C12 424.965 87.86439514160156
C12 450.035 89.7529067993164
C12 475.003 91.05020904541016
C12 500.018 93.3935317993164
C12 525.002 95.44271850585938
C12 550.029 96.1343994140625
C12 575.023 97.95026397705078
C12 599.982 98.6079330444336
C12 619.997 98.64657592773438
C12 624.979 98.68966674804688
C12 650.012 99.43091583251953
C12 675.004 99.150634765625
C12 700.03 99.2653579711914
C12 725.012 98.70892333984375
C12 750.022 99.03165435791016
C12 774.987 98.5866928100586
C12 799.976 97.73408508300781
C12 824.988 95.9654312133789
C12 850.022 94.02407836914062
C12 869.967 91.12802124023438
C12 875.002 89.76799011230469
C12 899.999 82.30687713623047
C12 919.999 73.88904571533203
C12 925.012 71.47725677490234
C12 949.965 57.2376594543457
C12 975.002 41.88182830810547
C12 999.976 25.19516944885254
C12 1025.028 10.940900802612305
C12 1050.014 3.934453248977661
C12 1075.002 0.9434696969034407
C12 1099.99 0.09361019657896127
C13 319.994 44.50519943237305
C13 324.969 50.32564163208008
C13 349.982 75.46897888183594
C13 374.975 80.81248474121094
C13 400.019 86.24999237060547
C13 424.965 87.93065643310547
C13 450.035 89.78765869140625
C13 475.003 91.06462097167969
C13 500.018 93.39649963378906
C13 525.002 95.4349594116211
C13 550.029 96.11949157714844
C13 575.023 97.92776489257812
C13 599.982 98.5776138305664
C13 619.997 98.6143569946289
C13 624.979 98.65721893310547
C13 650.012 99.39076232910156
C13 675.004 99.11028289794922
C13 700.03 99.2391128540039
C13 725.012 98.71322631835938
C13 750.022 99.08894348144531
C13 774.987 98.69496154785156
C13 799.976 97.8617172241211
C13 824.988 96.0970687866211
C13 850.022 94.16138458251953
C13 869.967 91.25527954101562
C13 875.002 89.88916778564453
C13 899.999 82.39483642578125
C13 919.999 73.92259216308594
C13 925.012 71.47693634033203
C13 949.965 57.248016357421875
C13 975.002 41.930049896240234
C13 999.976 25.238191604614258
C13 1025.028 10.982061386108398
C13 1050.014 3.946101427078247
C13 1075.002 0.9440154863995917
C13 1099.99 0.09366434931136286
C14 319.994 44.55345916748047
C14 324.969 50.379432678222656
C14 349.982 75.52052307128906
C14 374.975 80.77567291259766
C14 400.019 86.12246704101562
C14 424.965 87.7665023803711
C14 450.035 89.60539245605469
C14 475.003 90.86905670166016
C14 500.018 93.18975830078125
C14 525.002 95.21900939941406
C14 550.029 95.89788818359375
C14 575.023 97.69965362548828
C14 599.982 98.34510803222656
C14 619.997 98.38140869140625
C14 624.979 98.42061614990234
C14 650.012 99.15587615966797
C14 675.004 98.87549591064453
C14 700.03 99.01227569580078
C14 725.012 98.52935028076172
C14 750.022 98.95170593261719
C14 774.987 98.60128021240234
C14 799.976 97.79368591308594
C14 824.988 96.0393295288086
C14 850.022 94.13155364990234
C14 869.967 91.23016357421875
C14 875.002 89.81918334960938
C14 899.999 82.32101440429688
C14 919.999 73.94658660888672
C14 925.012 71.36859893798828
C14 949.965 57.07588577270508
C14 975.002 41.910343170166016
C14 999.976 25.182655334472656
C14 1025.028 11.011974334716797
C14 1050.014 3.9819469451904297
C14 1075.002 0.942708029988373
C14 1099.99 0.09353462468737726
C15 319.994 44.96669387817383
C15 324.969 50.8466796875
C15 349.982 76.15643310546875
C15 374.975 81.32618713378906
C15 400.019 86.5261001586914
C15 424.965 88.09841918945312
C15 450.035 89.90504455566406
C15 475.003 91.15267944335938
C15 500.018 93.46315002441406
C15 525.002 95.4852294921875
C15 550.029 96.15614318847656
C15 575.023 97.94744873046875
C15 599.982 98.58749389648438
C15 619.997 98.61643981933594
C15 624.979 98.66041564941406
C15 650.012 99.3884048461914
C15 675.004 99.09976196289062
C15 700.03 99.24736785888672
C15 725.012 98.78433990478516
C15 750.022 99.23738098144531
C15 774.987 98.91722869873047
C15 799.976 98.12101745605469
C15 824.988 96.38104248046875
C15 850.022 94.49724578857422
C15 869.967 91.48287963867188
C15 875.002 90.1268081665039
C15 899.999 82.60465240478516
C15 919.999 74.01052856445312
C15 925.012 71.67298889160156
C15 949.965 57.13352966308594
C15 975.002 41.86792755126953
C15 999.976 25.36897087097168
C15 1025.028 11.099640846252441
C15 1050.014 4.044079303741455
C15 1075.002 0.9454296414621208
C15 1099.99 0.09380466047750945
C16 319.994 45.00959396362305
C16 324.969 50.897178649902344
C16 349.982 76.2178726196289
C16 374.975 81.31674194335938
C16 400.019 86.44135284423828
C16 424.965 87.98343658447266
C16 450.035 89.77339172363281
C16 475.003 91.011474609375
C16 500.018 93.31044006347656
C16 525.002 95.32427978515625
C16 550.029 95.99137878417969
C16 575.023 97.78092193603516
C16 599.982 98.41532897949219
C16 619.997 98.44190216064453
C16 624.979 98.48408508300781
C16 650.012 99.2044906616211
C16 675.004 98.92124938964844
C16 700.03 99.06232452392578
C16 725.012 98.59520721435547
C16 750.022 99.04122161865234
C16 774.987 98.7159423828125
C16 799.976 97.925048828125
C16 824.988 96.21256256103516
C16 850.022 94.32965087890625
C16 869.967 91.35638427734375
C16 875.002 89.94631958007812
C16 899.999 82.60920715332031
C16 919.999 73.7337646484375
C16 925.012 71.28121948242188
C16 949.965 57.0837516784668
C16 975.002 41.62672805786133
C16 999.976 25.376283645629883
C16 1025.028 11.182361602783203
C16 1050.014 4.0753583908081055
C16 1075.002 0.943560841008239
C16 1099.99 0.09361923981330698
C17 319.994 45.18669128417969
C17 324.969 51.100154876708984
C17 349.982 76.55650329589844
C17 374.975 81.64288330078125
C17 400.019 86.69062805175781
C17 424.965 88.19470977783203
C17 450.035 89.96817016601562
C17 475.003 91.19986724853516
C17 500.018 93.49864959716797
C17 525.002 95.51371765136719
C17 550.029 96.1794204711914
C17 575.023 97.96766662597656
C17 599.982 98.60287475585938
C17 619.997 98.63044738769531
C17 624.979 98.66972351074219
C17 650.012 99.39177703857422
C17 675.004 99.10214233398438
C17 700.03 99.2264633178711
C17 725.012 98.71511840820312
C17 750.022 99.09871673583984
C17 774.987 98.71012115478516
C17 799.976 97.89749145507812
C17 824.988 96.19873046875
C17 850.022 94.30621337890625
C17 869.967 91.32860565185547
C17 875.002 90.02156829833984
C17 899.999 82.55123138427734
C17 919.999 73.83381652832031
C17 925.012 71.40116882324219
C17 949.965 56.882240295410156
C17 975.002 42.06139373779297
C17 999.976 25.444534301757812
C17 1025.028 11.228080749511719
C17 1050.014 4.099940299987793
C17 1075.002 0.9441085955401278
C17 1099.99 0.09367358751474925
