lsstCam/transmission_sensor/r24_s02/19700101T000000.ecsv
# %ECSV 1.0
# ---
# datatype:
# - {name: amp_name, datatype: string}
# - {name: wavelength, unit: nm, datatype: float32}
# - {name: efficiency, unit: '%', datatype: float64}
# meta: !!omap
# - {MODE: AMP}
# - {TYPE: transmission_sensor}
# - {CALIBDATE: '1970-01-01T00:00:00'}
# - {INSTRUME: LSSTCam}
# - {OBSTYPE: transmission_sensor}
# - {DETECTOR: 110}
# - {PARQUETFILE: qe_raft_allvalues_nircorrected_20230725_adjust.parquet}
# - {CORRFILE: qe_corr_factor_bydetnum.parquet}
# - {CALIBCLS: lsst.ip.isr.IntermediateSensorTransmissionCurve}
# - {CALIB_ID: 'raftName=R24 detectorName=S02 detector=110 calibDate=1970-01-01T00:00:00 ccd=110 ccdnum=110 filter=None'}
# - {DATE: '2025-03-03T21:56:47.997126'}
# - {CALIB_CREATION_DATE: '2025-03-03'}
# - {CALIB_CREATION_TIME: '21:56:47'}
# - __serialized_columns__:
#     efficiency:
#       __class__: astropy.units.quantity.Quantity
#       unit: !astropy.units.Unit {unit: '%'}
#       value: !astropy.table.SerializedColumn {name: efficiency}
#     wavelength:
#       __class__: astropy.units.quantity.Quantity
#       unit: !astropy.units.Unit {unit: nm}
#       value: !astropy.table.SerializedColumn {name: wavelength}
# schema: astropy-2.0
amp_name wavelength efficiency
C00 319.994 43.9232778844894
C00 324.969 49.68193266497738
C00 349.982 74.99616877016585
C00 374.975 80.54835619257022
C00 400.019 85.61344351103453
C00 424.965 87.07551574831933
C00 450.035 88.79152119186236
C00 475.003 89.98800566195318
C00 500.018 92.25224467907192
C00 525.002 94.25804002349237
C00 550.029 94.9381063577827
C00 575.023 96.73907657770593
C00 599.982 97.40241786026381
C00 619.997 97.45875328338434
C00 624.979 97.50369902195405
C00 650.012 98.25215643882636
C00 675.004 98.00251423000354
C00 700.03 98.20620416999402
C00 725.012 97.86707158255753
C00 750.022 98.44461562009694
C00 774.987 98.24083486534593
C00 799.976 97.45876085128106
C00 824.988 95.64564415713583
C00 850.022 93.63582269166487
C00 869.967 90.63630953374528
C00 875.002 89.29620151986329
C00 899.999 82.15361303563692
C00 919.999 73.08498727043279
C00 925.012 70.54463354179435
C00 949.965 56.96529537988303
C00 975.002 42.163284041310675
C00 999.976 25.401809913959962
C00 1025.028 11.034671678134416
C00 1050.014 3.9131751585398202
C00 1075.002 0.937877002081131
C00 1099.99 0.09305529453659483
C01 319.994 44.26492301363412
C01 324.969 50.06259786956668
C01 349.982 75.42407278602843
C01 374.975 80.85648310717964
C01 400.019 85.86111049881563
C01 424.965 87.30557980834944
C01 450.035 89.01930731498231
C01 475.003 90.20810280201422
C01 500.018 92.46503123090964
C01 525.002 94.46235053101319
C01 550.029 95.13450841323998
C01 575.023 96.92213643126081
C01 599.982 97.5746329178311
C01 619.997 97.62123602578062
C01 624.979 97.666242307524
C01 650.012 98.40557284096222
C01 675.004 98.1479692047989
C01 700.03 98.35722154887235
C01 725.012 98.03616109878296
C01 750.022 98.64440809328099
C01 774.987 98.46558626188455
C01 799.976 97.69582521576932
C01 824.988 95.88035490574683
C01 850.022 93.87104048935552
C01 869.967 90.90079238801937
C01 875.002 89.57950573325893
C01 899.999 82.28873026352434
C01 919.999 73.26808496347124
C01 925.012 70.74748344524986
C01 949.965 57.173124959374704
C01 975.002 42.34230263802161
C01 999.976 25.468335510002554
C01 1025.028 11.01686063322386
C01 1050.014 3.8926559890904033
C01 1075.002 0.9397804144771505
C01 1099.99 0.09324414936589887
C02 319.994 44.58694080265752
C02 324.969 50.42331409842443
C02 349.982 75.90522452315327
C02 374.975 81.2613655812458
C02 400.019 86.16083704807527
C02 424.965 87.55530526403608
C02 450.035 89.24665450009299
C02 475.003 90.4236819077385
C02 500.018 92.67493441410028
C02 525.002 94.6625062632394
C02 550.029 95.33119048087559
C02 575.023 97.11853848671811
C02 599.982 97.76101507804233
C02 619.997 97.80310771955179
C02 624.979 97.85002111126649
C02 650.012 98.5875731889775
C02 675.004 98.32720727051446
C02 700.03 98.54056141460555
C02 725.012 98.2485768236818
C02 750.022 98.89028905743817
C02 774.987 98.74665794575029
C02 799.976 97.99121536021325
C02 824.988 96.17003128817356
C02 850.022 94.17154653197645
C02 869.967 91.21318759637408
C02 875.002 89.89263502759465
C02 899.999 82.52557515900799
C02 919.999 73.48337648912047
C02 925.012 70.94626182027456
C02 949.965 57.384500098475726
C02 975.002 42.512807350932086
C02 999.976 25.55831780190249
C02 1025.028 11.05149227456285
C02 1050.014 3.8960419133784905
C02 1075.002 0.9421229096006862
C02 1099.99 0.09347656958005003
C03 319.994 44.723844054168865
C03 324.969 50.57561045184699
C03 349.982 76.07388266926613
C03 374.975 81.34985699749356
C03 400.019 86.12152182465893
C03 424.965 87.46813066181612
C03 450.035 89.12992726121455
C03 475.003 90.28970743225452
C03 500.018 92.53178764780193
C03 525.002 94.50707680057825
C03 550.029 95.15890731223791
C03 575.023 96.94119239518042
C03 599.982 97.57794765659074
C03 619.997 97.61608985601679
C03 624.979 97.65877279346974
C03 650.012 98.3891278014081
C03 675.004 98.12925379623132
C03 700.03 98.35118236729656
C03 725.012 98.08112197314607
C03 750.022 98.76149102330487
C03 774.987 98.65058349699758
C03 799.976 97.91153297573769
C03 824.988 96.07955708298736
C03 850.022 94.10914165569328
C03 869.967 91.20708030372788
C03 875.002 89.87891443085667
C03 899.999 82.30715809201689
C03 919.999 73.39496831973652
C03 925.012 70.906795238924
C03 949.965 57.37167629749806
C03 975.002 42.42805069171145
C03 999.976 25.455409542419282
C03 1025.028 10.998856606947163
C03 1050.014 3.881802915715771
C03 1075.002 0.9408958562071694
C03 1099.99 0.0933548224696161
C04 319.994 44.9376636239077
C04 324.969 50.82078381766165
C04 349.982 76.39245328133742
C04 374.975 81.57571330695207
C04 400.019 86.25928781639539
C04 424.965 87.56835988586344
C04 450.035 89.21430930954797
C04 475.003 90.3656588436513
C04 500.018 92.597605645502
C04 525.002 94.5679529617257
C04 550.029 95.22000294239
C04 575.023 96.9934941293537
C04 599.982 97.62638219554445
C04 619.997 97.66049070602325
C04 624.979 97.7030374213354
C04 650.012 98.4295403698476
C04 675.004 98.1655115893762
C04 700.03 98.39381989736924
C04 725.012 98.14817353801011
C04 750.022 98.85457615285652
C04 774.987 98.76957353699277
C04 799.976 98.04319924272467
C04 824.988 96.2069172167455
C04 850.022 94.24925369541029
C04 869.967 91.36157134719679
C04 875.002 90.01400895505395
C04 899.999 82.34472513129286
C04 919.999 73.4918752371275
C04 925.012 70.98613706804754
C04 949.965 57.41622093754205
C04 975.002 42.41013748019529
C04 999.976 25.43537353587554
C04 1025.028 10.988240739835081
C04 1050.014 3.889470377568399
C04 1075.002 0.9417826730876332
C04 1099.99 0.09344281162579378
C05 319.994 45.07434740641441
C05 324.969 50.97447266407913
C05 349.982 76.56562946178707
C05 374.975 81.63614296219353
C05 400.019 86.21978339556127
C05 424.965 87.48926022943466
C05 450.035 89.11654721982859
C05 475.003 90.26158512807451
C05 500.018 92.48765924207709
C05 525.002 94.45148303133546
C05 550.029 95.0940428695235
C05 575.023 96.86132081328707
C05 599.982 97.48960003038049
C05 619.997 97.5180553220158
C05 624.979 97.56147234544976
C05 650.012 98.27641154778676
C05 675.004 98.0150996422348
C05 700.03 98.24563291186102
C05 725.012 98.00999887985124
C05 750.022 98.72871446264729
C05 774.987 98.65103000290357
C05 799.976 97.93724868876342
C05 824.988 96.1004066384276
C05 850.022 94.17331741980693
C05 869.967 91.31527095511574
C05 875.002 89.92842361114342
C05 899.999 82.17680107116101
C05 919.999 73.54198984915116
C05 925.012 71.0637155772373
C05 949.965 57.393649685599954
C05 975.002 42.25989959467825
C05 999.976 25.291676205091438
C05 1025.028 10.940204461445816
C05 1050.014 3.904101959873028
C05 1075.002 0.9405835946791877
C05 1099.99 0.09332384016767852
C06 319.994 45.162074465094314
C06 324.969 51.077297676698514
C06 349.982 76.67105783087521
C06 374.975 81.64615528954288
C06 400.019 86.15408648420859
C06 424.965 87.39760543236149
C06 450.035 89.02221338731952
C06 475.003 90.16089426232779
C06 500.018 92.380497824642
C06 525.002 94.34371618216345
C06 550.029 94.98218178823058
C06 575.023 96.74534279618307
C06 599.982 97.36569085752282
C06 619.997 97.39175469379728
C06 624.979 97.43131208990839
C06 650.012 98.14690969925928
C06 675.004 97.88100408040343
C06 700.03 98.10321266364699
C06 725.012 97.85802794598726
C06 750.022 98.55418362868629
C06 774.987 98.45580097143656
C06 799.976 97.73473177276323
C06 824.988 95.92552011332116
C06 850.022 94.03138151698244
C06 869.967 91.13019047313887
C06 875.002 89.73914294649167
C06 899.999 82.08619821173073
C06 919.999 73.61602658267994
C06 925.012 71.0989971117064
C06 949.965 57.2874947984275
C06 975.002 42.066774438497056
C06 999.976 25.15514378051896
C06 1025.028 10.932263845821257
C06 1050.014 3.9680393352402787
C06 1075.002 0.9389208484989933
C06 1099.99 0.09315886401921313
C07 319.994 45.19860091857245
C07 324.969 51.12217530419781
C07 349.982 76.72707540233387
C07 374.975 81.61945574994463
C07 400.019 86.07387434696322
C07 424.965 87.29985847843554
C07 450.035 88.91713314148012
C07 475.003 90.05304416629195
C07 500.018 92.2697038167854
C07 525.002 94.22919120122806
C07 550.029 94.86673352389639
C07 575.023 96.62522513957788
C07 599.982 97.24501317656097
C07 619.997 97.2699266925353
C07 624.979 97.30973382923787
C07 650.012 98.01862628210236
C07 675.004 97.74587928461929
C07 700.03 97.95672845489887
C07 725.012 97.66112640934702
C07 750.022 98.29875197887917
C07 774.987 98.1350886445959
C07 799.976 97.3947137414115
C07 824.988 95.6252486754983
C07 850.022 93.7410467275418
C07 869.967 90.87056620855357
C07 875.002 89.50169261927111
C07 899.999 81.95124747757096
C07 919.999 73.42606480732415
C07 925.012 70.94992468228294
C07 949.965 57.1542317052344
C07 975.002 41.938918607504334
C07 999.976 25.1801745988923
C07 1025.028 11.044777658205557
C07 1050.014 4.027844166009497
C07 1075.002 0.9364873650152711
C07 1099.99 0.09291741602355355
C10 319.994 43.491385587059845
C10 324.969 49.181917945299105
C10 349.982 73.89952756139007
C10 374.975 79.44995166386066
C10 400.019 85.27071617266006
C10 424.965 87.12436652159217
C10 450.035 89.06438927569282
C10 475.003 90.39507525816897
C10 500.018 92.75262644174072
C10 525.002 94.81219169229648
C10 550.029 95.52215878649402
C10 575.023 97.3401189345346
C10 599.982 98.00784959718517
C10 619.997 98.05694254315277
C10 624.979 98.10494571199393
C10 650.012 98.85070895763694
C10 675.004 98.57323959260589
C10 700.03 98.67215957052213
C10 725.012 98.05179637338894
C10 750.022 98.28212530980396
C10 774.987 97.75092707172588
C10 799.976 96.8655436996521
C10 824.988 95.12796218258453
C10 850.022 93.15399741173272
C10 869.967 90.28400880603074
C10 875.002 88.97954558566
C10 899.999 81.78681221782313
C10 919.999 73.23092659061768
C10 925.012 70.8268858175471
C10 949.965 56.78404803759056
C10 975.002 41.59551772632254
C10 999.976 25.097796151213263
C10 1025.028 10.89390217739058
C10 1050.014 3.9152376468904806
C10 1075.002 0.9363289725360239
C10 1099.99 0.09290170046727482
C11 319.994 43.735885410067176
C11 324.969 49.45586067046259
C11 349.982 74.23125874584271
C11 374.975 79.67614096077448
C11 400.019 85.37328387679125
C11 424.965 87.18088357423377
C11 450.035 89.09459275146848
C11 475.003 90.40965859513206
C11 500.018 92.753012404473
C11 525.002 94.79645803503324
C11 550.029 95.49810801074482
C11 575.023 97.30687316428092
C11 599.982 97.96493205493415
C11 619.997 98.01137623705273
C11 624.979 98.05386240919118
C11 650.012 98.79550115112642
C11 675.004 98.51648036726951
C11 700.03 98.62445154965272
C11 725.012 98.03248310098115
C11 750.022 98.30507874052999
C11 774.987 97.81897759895584
C11 799.976 96.9501830564737
C11 824.988 95.20232433567189
C11 850.022 93.24251153167063
C11 869.967 90.3853732145848
C11 875.002 89.0592506738257
C11 899.999 81.74869272208721
C11 919.999 73.33366835637324
C11 925.012 70.91349282751369
C11 949.965 56.83798822140189
C11 975.002 41.64726322008754
C11 999.976 25.046256882633653
C11 1025.028 10.847899771242535
C11 1050.014 3.8994720625629853
C11 1075.002 0.9365476478105952
C11 1099.99 0.09292339722712495
C12 319.994 43.93181447197999
C12 324.969 49.67711948266886
C12 349.982 74.53508709511998
C12 374.975 79.89347581853582
C12 400.019 85.42613806742449
C12 424.965 87.15615168778054
C12 450.035 89.02944072867903
C12 475.003 90.31628588550537
C12 500.018 92.64071995306752
C12 525.002 94.67338889871056
C12 550.029 95.35949441457667
C12 575.023 97.1607219429881
C12 599.982 97.81308977531428
C12 619.997 97.85142117215811
C12 624.979 97.89416465278475
C12 650.012 98.6294387935856
C12 675.004 98.35141697209461
C12 700.03 98.46521543494569
C12 725.012 97.91326602408462
C12 750.022 98.2333956228785
C12 774.987 97.79202075086941
C12 799.976 96.94628558966727
C12 824.988 95.19188820610671
C12 850.022 93.26618391258425
C12 869.967 90.39347086406613
C12 875.002 89.0444024604777
C12 899.999 81.64343084672673
C12 919.999 73.29345255324824
C12 925.012 70.90110418059695
C12 949.965 56.7762871595129
C12 975.002 41.544233874256946
C12 999.976 24.992080202050083
C12 1025.028 10.852710115589792
C12 1050.014 3.902739028974638
C12 1075.002 0.9358647252236894
C12 1099.99 0.09285563827544024
C13 319.994 44.14645894246039
C13 324.969 49.9199846399865
C13 349.982 74.86065044375272
C13 374.975 80.16108421415177
C13 400.019 85.55476203993342
C13 424.965 87.22187887072006
C13 450.035 89.06391249819998
C13 475.003 90.33058164239343
C13 500.018 92.6436638648883
C13 525.002 94.66569234775494
C13 550.029 95.34470674440237
C13 575.023 97.13840421558584
C13 599.982 97.78301495378271
C13 619.997 97.81946194434538
C13 624.979 97.86197838807068
C13 650.012 98.5896089531929
C13 675.004 98.3113903663874
C13 700.03 98.43918187025807
C13 725.012 97.91753431782992
C13 750.022 98.29022295928529
C13 774.987 97.89941677310256
C13 799.976 97.07288893375423
C13 824.988 95.32246469596721
C13 850.022 93.40238334970142
C13 869.967 90.51970338121423
C13 875.002 89.16460336394672
C13 899.999 81.7306811279138
C13 919.999 73.32672859508878
C13 925.012 70.90078632893506
C13 949.965 56.78656057929878
C13 975.002 41.59206676542209
C13 999.976 25.034755571606325
C13 1025.028 10.893538918348426
C13 1050.014 3.9142933152789467
C13 1075.002 0.93640611530598
C13 1099.99 0.09290935450204027
C14 319.994 44.19432967310909
C14 324.969 49.97334209575105
C14 349.982 74.91177915393573
C14 374.975 80.1245691125187
C14 400.019 85.42826464640042
C14 424.965 87.05904800507507
C14 450.035 88.88311544576185
C14 475.003 90.13659374598711
C14 500.018 92.4385889997996
C14 525.002 94.45148303133546
C14 550.029 95.12488961651965
C14 575.023 96.9121316718082
C14 599.982 97.55238330149923
C14 619.997 97.58839135405263
C14 624.979 97.62728277525312
C14 650.012 98.35661611713542
C14 675.004 98.07849591298718
C14 700.03 98.21417316523124
C14 725.012 97.73514043918566
C14 750.022 98.15409163323852
C14 774.987 97.80649056938184
C14 799.976 97.00540599877763
C14 824.988 95.26519085365446
C14 850.022 93.37279287355939
C14 869.967 90.49478986523991
C14 875.002 89.09518304741198
C14 899.999 81.65745415933317
C14 919.999 73.3505296302465
C14 925.012 70.79332219563152
C14 949.965 56.61581747764189
C14 975.002 41.572518888216244
C14 999.976 24.979666959469018
C14 1025.028 10.923210749380106
C14 1050.014 3.9498498954941477
C14 1075.002 0.9351091978331209
C14 1099.99 0.09278067554183679
C15 319.994 44.604233446643335
C15 324.969 50.436822794054486
C15 349.982 75.54256334484066
C15 374.975 80.67064583553163
C15 400.019 85.82864422192323
C15 424.965 87.38828935150961
C15 450.035 89.18035215700338
C15 475.003 90.41793030623775
C15 500.018 92.7097770105601
C15 525.002 94.71555721918712
C15 550.029 95.3810629202045
C15 575.023 97.15792938910155
C15 599.982 97.79281538002412
C15 619.997 97.82152798014762
C15 624.979 97.8651493367928
C15 650.012 98.58727047310903
C15 675.004 98.30095423682222
C15 700.03 98.44737033449994
C15 725.012 97.98807468307797
C15 750.022 98.43746395770455
C15 774.987 98.11989230799918
C15 799.976 97.33009903928856
C15 824.988 95.60414937946659
C15 850.022 93.73553729873582
C15 869.967 90.7454688759122
C15 875.002 89.40032821071705
C15 899.999 81.93880585537723
C15 919.999 73.41395617258573
C15 925.012 71.0952585707309
C15 949.965 56.67299672124576
C15 975.002 41.530445166448565
C15 999.976 25.164480673086793
C15 1025.028 11.01017061253088
C15 1050.014 4.011481427332108
C15 1075.002 0.9378088713704951
C15 1099.99 0.09304853467007594
C16 319.994 44.6467877298522
C16 324.969 50.48691470238801
C16 349.982 75.60350761705851
C16 374.975 80.66127677940277
C16 400.019 85.7445800252517
C16 424.965 87.27423358017033
C16 450.035 89.04976053134945
C16 475.003 90.277863673901
C16 500.018 92.55829798998238
C16 525.002 94.55590487016096
C16 550.029 95.21762662282258
C16 575.023 96.99274490757927
C16 599.982 97.62203822283203
C16 619.997 97.64839720707825
C16 624.979 97.69024010799622
C16 650.012 98.40483875498121
C16 675.004 98.12388058956614
C16 700.03 98.2638185676588
C16 725.012 97.80046652359947
C16 750.022 98.24288576535474
C16 774.987 97.92022848905923
C16 799.976 97.13571004435653
C16 824.988 95.43702751638617
C16 850.022 93.56929331167393
C16 869.967 90.61999314843526
C16 875.002 89.2212944782127
C16 899.999 81.94332388971401
C16 919.999 73.13942315147874
C16 925.012 70.70664707459451
C16 949.965 56.623619979151464
C16 975.002 41.29118989586231
C16 999.976 25.17173450208478
C16 1025.028 11.092224586638412
C16 1050.014 4.042508384868694
C16 1075.002 0.9359551346484676
C16 1099.99 0.09286460861550931
C17 319.994 44.82245753226828
C17 324.969 50.688254810449564
C17 349.982 75.93940871259919
C17 374.975 80.9847892280267
C17 400.019 85.99184591450708
C17 424.965 87.48380377590567
C17 450.035 89.24296893439448
C17 475.003 90.46473774739847
C17 500.018 92.74499043395879
C17 525.002 94.74381574550793
C17 550.029 95.40415257307133
C17 575.023 97.17798431538706
C17 599.982 97.80807225979454
C17 619.997 97.83542263850997
C17 624.979 97.87438217078085
C17 650.012 98.59061548345552
C17 675.004 98.3033154205962
C17 700.03 98.42663429751038
C17 725.012 97.91941115621438
C17 750.022 98.29991743497274
C17 774.987 97.91445418386833
C17 799.976 97.10837480143454
C17 824.988 95.42330691964818
C17 850.022 93.54604473297614
C17 869.967 90.59243843650862
C17 875.002 89.29593664347838
C17 899.999 81.88581544260319
C17 919.999 73.23866854895357
C17 925.012 70.82562954669298
C17 949.965 56.423732907258525
C17 975.002 41.72235189125921
C17 999.976 25.239435014091836
C17 1025.028 11.137575207682177
C17 1050.014 4.066892148073201
C17 1075.002 0.9364984739270461
C17 1099.99 0.09291851823957432
