lsstCam/transmission_filter_detector/r11_s02/u_24/19700101T000000.ecsv
# %ECSV 1.0
# ---
# datatype:
# - {name: wavelength, unit: nm, datatype: float32}
# - {name: efficiency, unit: '%', datatype: float64}
# meta: !!omap
# - {MODE: DETECTOR}
# - {TYPE: transmission_filter_detector}
# - {CALIBDATE: '1970-01-01T00:00:00'}
# - {INSTRUME: LSSTCam}
# - {OBSTYPE: transmission_filter_detector}
# - {CALIBCLS: lsst.ip.isr.IntermediateFilterDetectorTransmissionCurve}
# - {SOURCE: Materion (DM-46256)}
# - {DETECTOR: 38}
# - {FILTER: u_24}
# - {CALIB_ID: 'calibDate=1970-01-01T00:00:00 filter=u_24 detector=38'}
# - {DATE: '2025-04-02T15:59:39.925060'}
# - {CALIB_CREATION_DATE: '2025-04-02'}
# - {CALIB_CREATION_TIME: '15:59:39'}
# - __serialized_columns__:
#     efficiency:
#       __class__: astropy.units.quantity.Quantity
#       unit: !astropy.units.Unit {unit: '%'}
#       value: !astropy.table.SerializedColumn {name: efficiency}
#     wavelength:
#       __class__: astropy.units.quantity.Quantity
#       unit: !astropy.units.Unit {unit: nm}
#       value: !astropy.table.SerializedColumn {name: wavelength}
# schema: astropy-2.0
wavelength efficiency
[from data line 594]
889.0 0.0020237739590811543
890.0 0.0020734740246552974
891.0 0.002265429611725267
892.0 0.0024573851987952366
893.0 0.0025747352992766537
894.0 0.00269208503596019
895.0 0.0030187296943040565
896.0 0.003345374352647923
897.0 0.0036089637433178723
898.0 0.0038725531339878216
899.0 0.0040048635128187016
900.0 0.00413717316405382
901.0 0.0041487346607027575
902.0 0.004160296521149576
903.0 0.004461658681975678
904.0 0.0047630208428017795
905.0 0.0048755380703369156
906.0 0.004988054934074171
907.0 0.005423741458798759
908.0 0.005859427619725466
909.0 0.005711107951356098
910.0 0.005562788646784611
911.0 0.005700585461454466
912.0 0.005838382276124321
913.0 0.005586733823292889
914.0 0.005335085006663576
915.0 0.0050078746426152065
916.0 0.004680663914768957
917.0 0.00423975070589222
918.0 0.003798837133217603
919.0 0.004129824446863495
920.0 0.004460811396711506
921.0 0.004671220813179389
922.0 0.004881630229647271
923.0 0.005427159703685902
924.0 0.0059726869949372485
925.0 0.006297026266111061
926.0 0.006621365173486993
927.0 0.0071048198151402175
928.0 0.007588271546410397
929.0 0.007615693175466731
930.0 0.007643114804523066
931.0 0.007300502329599112
932.0 0.006957888399483636
933.0 0.006793867942178622
934.0 0.006629847484873608
935.0 0.0070210895501077175
936.0 0.007412330887746066
937.0 0.007262946746777743
938.0 0.007113564061000943
939.0 0.007235199882416055
940.0 0.007356834976235405
941.0 0.0062045015511102974
942.0 0.005052167034591548
943.0 0.004137685391469859
944.0 0.003223204839741811
945.0 0.002537742693675682
946.0 0.0018522805476095527
947.0 0.001609009996172972
948.0 0.001365739262837451
949.0 0.0013908720575273037
950.0 0.0014160047612676863
951.0 0.0012205554412503261
952.0 0.0010251060302834958
953.0 0.0011538973012648057
954.0 0.001282688754145056
955.0 0.0019975614122813568
956.0 0.002712434252316598
957.0 0.00274293252005009
958.0 0.0027734306058846414
959.0 0.0029735461794189177
960.0 0.0031736613891553134
961.0 0.0036996640119468793
962.0 0.004225666270940565
963.0 0.004529285433818586
964.0 0.0048329049604944885
965.0 0.004538217399385758
966.0 0.004243530565872788
967.0 0.004496488327276893
968.0 0.004749446816276759
969.0 0.0047829351387917995
970.0 0.004816423825104721
971.0 0.0048563855671091005
972.0 0.00489634730911348
973.0 0.004550173616735265
974.0 0.0042039995605591685
975.0 0.004103903847862966
976.0 0.0040038077713688836
977.0 0.0035678072890732437
978.0 0.003131806806777604
979.0 0.0029485079721780494
980.0 0.002765209319477435
981.0 0.002503162977518514
982.0 0.0022411162717617117
983.0 0.0026706678909249604
984.0 0.0031002193281892687
985.0 0.003587520041037351
986.0 0.004074821845279075
987.0 0.004268931661499664
988.0 0.004463040750124492
989.0 0.005300699558574706
990.0 0.006138357275631279
991.0 0.006426247273338959
992.0 0.0067141372710466385
993.0 0.006765668513253331
994.0 0.006817199755460024
995.0 0.00640380458207801
996.0 0.005990406862110831
997.0 0.005679328387486748
998.0 0.005368252459447831
999.0 0.005895992944715545
1000.0 0.006423732702387497
1001.0 0.006277005741139874
1002.0 0.006130276597104967
1003.0 0.005834080002387054
1004.0 0.005537880861083977
1005.0 0.005585921462625265
1006.0 0.005633961336570792
1007.0 0.005409934601630084
1008.0 0.005185904956306331
1009.0 0.004615832222043537
1010.0 0.004045760215376504
1011.0 0.0038962014514254406
1012.0 0.003746643051272258
1013.0 0.0032515024940948933
1014.0 0.002756361573119648
1015.0 0.002429601227049716
1016.0 0.0021028406990808435
1017.0 0.001806839463824872
1018.0 0.00151083804666996
1019.0 0.0014531899978464935
1020.0 0.0013955416761746164
1021.0 0.001178450202132808
1022.0 0.00096135890998994
1023.0 0.001024108860292472
1024.0 0.001086858901544474
1025.0 0.0013285569366416894
1026.0 0.001570255153637845
1027.0 0.0014589048078050837
1028.0 0.0013475545529217925
1029.0 0.0014772776012250688
1030.0 0.0016070009223767556
1031.0 0.0018134433048544452
1032.0 0.0020198860511300154
1033.0 0.0021702931917388923
1034.0 0.0023207005142467096
1035.0 0.0024173024939955212
1036.0 0.002513904473744333
1037.0 0.0026256946512148716
1038.0 0.0027374850105843507
1039.0 0.0024403634597547352
1040.0 0.00214324209082406
1041.0 0.001718679050100036
1042.0 0.0012941165550728329
1043.0 0.0015809626347618178
1044.0 0.0018678090782486834
1045.0 0.0014955071492295247
1046.0 0.0011232054930587765
1047.0 0.00210057660297025
1048.0 0.003077947985730134
1049.0 0.002220099122496322
1050.0 0.0013622497135656886
1051.0 0.0014329957593872678
1052.0 0.001503741805208847
1053.0 0.0016032263374654576
1054.0 0.0017027103240252472
1055.0 0.0010711572031141259
1056.0 0.0004396041731524747
1057.0 0.001371685357298702
1058.0 0.00230376681429334
1059.0 0.001603883720235899
1060.0 0.0009040007171279285
1061.0 0.0011320854355290066
1062.0 0.0013601701539300848
1063.0 0.001450180570827797
1064.0 0.0015401908967760392
1065.0 0.0011350502973073162
1066.0 0.0007299099706870038
1067.0 0.0009558698366163298
1068.0 0.0011818291568488348
1069.0 0.001974418591998983
1070.0 0.0027670075724017806
1071.0 0.0014403918612515554
1072.0 0.00011377630926290294
1073.0 0.0005937119567533955
1074.0 0.0010736474905570503
1075.0 0.002773850064841099
1076.0 0.004474052184377797
1077.0 0.004256274769431911
1078.0 0.004038497718283907
1079.0 0.005262556078378111
1080.0 0.00648661152808927
1081.0 0.004390488902572542
1082.0 0.0022943660951568745
1083.0 0.0014827971426711883
1084.0 0.0006712280537612969
1085.0 0.002328771006432362
1086.0 0.003986313458881341
1087.0 0.0032496023777639493
1088.0 0.0025128912966465577
1089.0 0.004529270154307596
1090.0 0.006545649375766516
1091.0 0.004795945642399602
1092.0 0.003046242636628449
1093.0 0.002237030457763467
1094.0 0.0014278186426963657
1095.0 0.0006566152023879113
1096.0 1.60426088646054e-10
1097.0 0.0021565696442849003
1098.0 0.004427727617439814
1099.0 0.004161195829510689
1100.0 0.003894664769177325
