lsstCam/transmission_filter_detector/r11_s02/u_24/19700101T000000.ecsv
# %ECSV 1.0
# ---
# datatype:
# - {name: wavelength, unit: nm, datatype: float32}
# - {name: efficiency, unit: '%', datatype: float64}
# meta: !!omap
# - {MODE: DETECTOR}
# - {TYPE: transmission_filter_detector}
# - {CALIBDATE: '1970-01-01T00:00:00'}
# - {INSTRUME: LSSTCam}
# - {OBSTYPE: transmission_filter_detector}
# - {CALIBCLS: lsst.ip.isr.IntermediateFilterDetectorTransmissionCurve}
# - {SOURCE: Materion (DM-46256)}
# - {DETECTOR: 38}
# - {FILTER: u_24}
# - {CALIB_ID: 'calibDate=1970-01-01T00:00:00 filter=u_24 detector=38'}
# - {DATE: '2025-04-02T15:59:39.925060'}
# - {CALIB_CREATION_DATE: '2025-04-02'}
# - {CALIB_CREATION_TIME: '15:59:39'}
# - __serialized_columns__:
#     efficiency:
#       __class__: astropy.units.quantity.Quantity
#       unit: !astropy.units.Unit {unit: '%'}
#       value: !astropy.table.SerializedColumn {name: efficiency}
#     wavelength:
#       __class__: astropy.units.quantity.Quantity
#       unit: !astropy.units.Unit {unit: nm}
#       value: !astropy.table.SerializedColumn {name: wavelength}
# schema: astropy-2.0
wavelength efficiency
295.0 1.60426088646054e-10
296.0 1.60426088646054e-10
297.0 1.60426088646054e-10
298.0 1.60426088646054e-10
299.0 1.60426088646054e-10
300.0 1.60426088646054e-10
301.0 1.60426088646054e-10
302.0 1.60426088646054e-10
303.0 1.60426088646054e-10
304.0 0.14606016920879483
305.0 0.8753955364227295
306.0 1.5196147374808788
307.0 2.976379916071892
308.0 5.159778520464897
309.0 8.368460834026337
310.0 11.430569738149643
311.0 15.234257280826569
312.0 19.04906928539276
313.0 22.254040837287903
314.0 25.275129079818726
315.0 27.68760919570923
316.0 29.93902564048767
317.0 32.28415250778198
318.0 34.94104743003845
319.0 38.556259870529175
320.0 44.07765865325928
321.0 49.2958128452301
322.0 55.33057451248169
323.0 60.88870167732239
324.0 65.53711295127869
325.0 68.85066032409668
326.0 71.24561667442322
327.0 73.21841716766357
328.0 74.9671459197998
329.0 76.23491883277893
330.0 77.69635915756226
331.0 78.43527793884277
332.0 78.8719654083252
333.0 78.91882061958313
334.0 78.77762913703918
335.0 78.99579405784607
336.0 79.16537523269653
337.0 79.55126166343689
338.0 80.46212792396545
339.0 81.01678490638733
340.0 81.45042657852173
341.0 82.02067017555237
342.0 82.27874636650085
343.0 82.30626583099365
344.0 82.47265815734863
345.0 82.84026384353638
346.0 83.13508629798889
347.0 83.47458839416504
348.0 83.7561309337616
349.0 83.9680552482605
350.0 84.0505599975586
351.0 84.1989278793335
352.0 84.13806557655334
353.0 84.0905487537384
354.0 83.95183682441711
355.0 84.16597843170166
356.0 84.37723517417908
357.0 84.29039120674133
358.0 84.00234580039978
359.0 83.87330770492554
360.0 83.62107872962952
361.0 83.49035382270813
362.0 83.34802389144897
363.0 83.44309329986572
364.0 83.51525664329529
365.0 83.7731420993805
366.0 83.96177291870117
367.0 84.04127955436707
368.0 84.01191234588623
369.0 84.02649164199829
370.0 83.73904824256897
371.0 83.54833722114563
372.0 83.54026079177856
373.0 83.69858264923096
374.0 83.72033834457397
375.0 83.99776816368103
376.0 84.06062722206116
377.0 84.1169536113739
378.0 84.20806527137756
379.0 83.94407033920288
380.0 83.30187797546387
381.0 82.07313418388367
382.0 80.35034537315369
383.0 78.44988107681274
384.0 76.32665038108826
385.0 74.01824593544006
386.0 71.6028094291687
387.0 68.38837265968323
388.0 65.11233448982239
389.0 61.170196533203125
390.0 57.229286432266235
391.0 52.92375087738037
392.0 48.48375916481018
393.0 44.67706084251404
394.0 41.432419419288635
395.0 38.01482915878296
396.0 34.478750824928284
397.0 29.75982129573822
398.0 24.243803322315216
399.0 17.481662333011627
400.0 11.190584301948547
401.0 6.296967715024948
402.0 2.8381960466504097
403.0 0.9400257840752602
404.0 0.2774622058495879
405.0 0.1349346712231636
406.0 0.07934136083349586
407.0 0.008662906475365162
408.0 1.60426088646054e-10
409.0 1.60426088646054e-10
410.0 1.60426088646054e-10
411.0 1.60426088646054e-10
412.0 1.60426088646054e-10
413.0 1.60426088646054e-10
414.0 1.60426088646054e-10
415.0 1.60426088646054e-10
416.0 1.60426088646054e-10
417.0 1.60426088646054e-10
418.0 1.60426088646054e-10
419.0 1.60426088646054e-10
420.0 1.60426088646054e-10
421.0 1.60426088646054e-10
422.0 1.60426088646054e-10
423.0 1.60426088646054e-10
424.0 1.60426088646054e-10
425.0 1.60426088646054e-10
426.0 1.60426088646054e-10
427.0 1.60426088646054e-10
428.0 1.60426088646054e-10
429.0 0.0009791171578399371
430.0 0.002976863834192045
431.0 0.0016060974303400144
432.0 0.00023533134481112938
433.0 0.0004924059794575442
434.0 0.0007494808869523695
435.0 0.001438947128917789
436.0 0.0021284138711052947
437.0 0.0005619147032120964
438.0 1.60426088646054e-10
439.0 0.00011466939895399264
440.0 0.0012339238310232759
441.0 0.0002157070639441372
442.0 1.60426088646054e-10
443.0 1.60426088646054e-10
444.0 1.60426088646054e-10
445.0 1.60426088646054e-10
446.0 1.60426088646054e-10
447.0 1.60426088646054e-10
448.0 1.60426088646054e-10
449.0 6.482929961748596e-05
450.0 0.0003108032842646935
451.0 1.60426088646054e-10
452.0 1.60426088646054e-10
453.0 0.00019123874608339975
454.0 0.0009266594133805484
455.0 6.814165089963353e-05
456.0 1.60426088646054e-10
457.0 1.60426088646054e-10
458.0 1.60426088646054e-10
459.0 1.60426088646054e-10
460.0 1.60426088646054e-10
461.0 1.60426088646054e-10
462.0 1.60426088646054e-10
463.0 1.60426088646054e-10
464.0 1.60426088646054e-10
465.0 0.00021405776351457462
466.0 0.0004463992354430957
467.0 1.60426088646054e-10
468.0 1.60426088646054e-10
469.0 1.60426088646054e-10
470.0 0.0011112988431705162
471.0 4.608601784639177e-05
472.0 1.60426088646054e-10
473.0 1.60426088646054e-10
474.0 1.60426088646054e-10
475.0 1.60426088646054e-10
476.0 1.60426088646054e-10
477.0 1.60426088646054e-10
478.0 0.00014269288612922537
479.0 1.60426088646054e-10
480.0 1.60426088646054e-10
481.0 1.60426088646054e-10
482.0 0.0003279036491221632
483.0 1.60426088646054e-10
484.0 1.60426088646054e-10
485.0 1.60426088646054e-10
486.0 1.60426088646054e-10
487.0 1.60426088646054e-10
488.0 1.60426088646054e-10
489.0 1.60426088646054e-10
490.0 1.60426088646054e-10
491.0 1.60426088646054e-10
492.0 1.60426088646054e-10
493.0 1.60426088646054e-10
494.0 1.60426088646054e-10
495.0 1.60426088646054e-10
496.0 0.00047622888814657927
497.0 0.0001313908342126524
498.0 1.60426088646054e-10
499.0 1.60426088646054e-10
500.0 1.60426088646054e-10
501.0 1.60426088646054e-10
502.0 1.60426088646054e-10
503.0 1.60426088646054e-10
504.0 1.60426088646054e-10
505.0 1.60426088646054e-10
506.0 1.60426088646054e-10
507.0 1.60426088646054e-10
508.0 1.60426088646054e-10
509.0 1.60426088646054e-10
510.0 1.60426088646054e-10
511.0 1.60426088646054e-10
512.0 0.00013492173138729413
513.0 0.0002606180260045221
514.0 0.0003863141500914935
515.0 0.000501798740515369
516.0 0.0006172833764139796
517.0 1.60426088646054e-10
518.0 1.60426088646054e-10
519.0 1.60426088646054e-10
520.0 0.0001110981997953786
521.0 0.000613409474681248
522.0 0.001115720715461066
523.0 0.0005426652478490723
524.0 1.60426088646054e-10
525.0 1.60426088646054e-10
526.0 1.60426088646054e-10
527.0 1.60426088646054e-10
528.0 1.60426088646054e-10
529.0 1.60426088646054e-10
530.0 7.050099384287023e-05
531.0 0.00021356581783038564
532.0 0.0003566305849744822
533.0 1.60426088646054e-10
534.0 1.60426088646054e-10
535.0 1.60426088646054e-10
536.0 1.60426088646054e-10
537.0 1.60426088646054e-10
538.0 1.60426088646054e-10
539.0 1.60426088646054e-10
540.0 1.60426088646054e-10
541.0 1.60426088646054e-10
542.0 1.60426088646054e-10
543.0 1.60426088646054e-10
544.0 1.60426088646054e-10
545.0 1.60426088646054e-10
546.0 1.60426088646054e-10
547.0 7.578098575322656e-05
548.0 0.0001779980607352627
549.0 1.60426088646054e-10
550.0 1.60426088646054e-10
551.0 1.60426088646054e-10
552.0 1.60426088646054e-10
553.0 1.60426088646054e-10
554.0 7.598605407110881e-05
555.0 1.60426088646054e-10
556.0 1.60426088646054e-10
557.0 1.60426088646054e-10
558.0 1.60426088646054e-10
559.0 1.60426088646054e-10
560.0 0.000273433238362486
561.0 1.60426088646054e-10
562.0 1.60426088646054e-10
563.0 1.60426088646054e-10
564.0 1.60426088646054e-10
565.0 1.60426088646054e-10
566.0 1.60426088646054e-10
567.0 1.60426088646054e-10
568.0 0.00015928898164929706
569.0 0.00026350596726842923
570.0 0.000367722873306775
571.0 0.0004401832484290935
572.0 0.0005126438281877199
573.0 0.0005011648681829683
574.0 0.0004896863174508326
575.0 0.0002722075578276417
576.0 5.472896873470745e-05
577.0 0.00034763907024171203
578.0 0.0006405491149052978
579.0 0.00047955782065400854
580.0 0.00031856643545324914
581.0 0.000566881271879538
582.0 0.0008151963811542373
583.0 0.0011563528460101224
584.0 0.0014975096746638883
585.0 0.0010650473996065557
586.0 0.0006325848062260775
587.0 0.0009297191354562528
588.0 0.0012268536011106335
589.0 0.0010467634638189338
590.0 0.0008666731446282938
591.0 0.0008804295248410199
592.0 0.000894185905053746
593.0 0.000720248908692156
594.0 0.0005463116849568905
595.0 0.000763443222240312
596.0 0.0009805743502511177
597.0 0.0010211382686975412
598.0 0.0010617019142955542
599.0 0.0012819219591619913
600.0 0.0015021417311800178
601.0 0.001643294672248885
602.0 0.0017844478861661628
603.0 0.001659163535805419
604.0 0.0015338793673436157
605.0 0.001559133488626685
606.0 0.0015843876099097542
607.0 0.0015753996194689535
608.0 0.0015664114471292123
609.0 0.001039435028360458
610.0 0.0005124583822180284
611.0 0.0007391922281385632
612.0 0.0009659262104833033
613.0 0.0006758387826266699
614.0 0.0003857514911942417
615.0 0.000695700282449252
616.0 0.0010056491191789974
617.0 0.0008329940101248212
618.0 0.0006603391284443205
619.0 0.0005522997525986284
620.0 0.0004442606496013468
621.0 0.0006752151875843992
622.0 0.0009061696800927166
623.0 0.0006070854851714103
624.0 0.0003080011310885311
625.0 0.0005685301402991172
626.0 0.0008290591722470708
627.0 0.0007426564934576163
628.0 0.0006562539965671021
629.0 0.0006089007456466788
630.0 0.0005615476766251959
631.0 0.001208655066875508
632.0 0.0018557622752268799
633.0 0.001731069278321229
634.0 0.0016063766452134587
635.0 0.0019664772480609827
636.0 0.002326578032807447
637.0 0.0023619575586053543
638.0 0.0023973365387064405
639.0 0.0020344186850707047
640.0 0.0016715008314349689
641.0 0.001422699097020086
642.0 0.0011738972716557328
643.0 0.000728508575775777
644.0 0.00028311978894635104
645.0 0.0002349198894080473
646.0 0.00018671993302632472
647.0 1.761936090360905e-05
648.0 1.60426088646054e-10
649.0 7.8135451531125e-05
650.0 0.00030775192954024533
651.0 0.0006501383722934406
652.0 0.0009925250196829438
653.0 0.0014823262972640805
654.0 0.001972127392946277
655.0 0.0015729723600088619
656.0 0.0011738172361219767
657.0 0.00228623794100713
658.0 0.003398658736841753
659.0 0.0036834309867117554
660.0 0.003968202508985996
661.0 0.004044902016175911
662.0 0.004121601523365825
663.0 0.0034058433811878785
664.0 0.0026900852390099317
665.0 0.002406515159236733
666.0 0.0021229447156656533
667.0 0.0018356169675826095
668.0 0.001548288855701685
669.0 0.0011059976714022923
670.0 0.0006637065780523699
671.0 0.0005194416644371813
672.0 0.00037517670534725767
673.0 0.00025104600354097784
674.0 0.00012691521078522783
675.0 0.000434385674452642
676.0 0.0007418561381200561
677.0 0.0012647157745959703
678.0 0.0017875756384455599
679.0 0.00202424380404409
680.0 0.00226091178774368
681.0 0.0030127959689707495
682.0 0.003764680150197819
683.0 0.005244848216534592
684.0 0.0067250162828713655
685.0 0.007208048191387206
686.0 0.007691082282690331
687.0 0.007438638567691669
688.0 0.007186194852693006
689.0 0.0062385784985963255
690.0 0.005290963963489048
691.0 0.004704661841969937
692.0 0.004118360084248707
693.0 0.0034930260881083086
694.0 0.0028676915462710895
695.0 0.002467536432959605
696.0 0.0020673816834460013
697.0 0.0015739222362753935
698.0 0.0010804629710037261
699.0 0.0008391539267904591
700.0 0.0005978447006782517
701.0 0.00038109060369606595
702.0 0.00016433666587545304
703.0 0.0003908233793481486
704.0 0.0006173103429318871
705.0 0.000703782461641822
706.0 0.0007902546713012271
707.0 0.0008644772606203333
708.0 0.0009386994861415587
709.0 0.0007579560133308405
710.0 0.000577212404095917
711.0 0.0007697329237998929
712.0 0.0009622531251807231
713.0 0.0009312558177043684
714.0 0.000900258692126954
715.0 0.0008148185770551208
716.0 0.000729378598407493
717.0 0.0006706456133542815
718.0 0.0006119126283010701
719.0 0.0005473300461744657
720.0 0.0004827473730983911
721.0 0.000615044382357155
722.0 0.0007473414370906539
723.0 0.0005384685664466815
724.0 0.000329595650327974
725.0 0.00012074324331479147
726.0 1.60426088646054e-10
727.0 0.00023272675662155962
728.0 0.0005535629043151857
729.0 0.0002592595819805865
730.0 1.60426088646054e-10
731.0 1.60426088646054e-10
732.0 1.60426088646054e-10
733.0 1.60426088646054e-10
734.0 1.60426088646054e-10
735.0 0.0003146494236716535
736.0 0.0007312178240681533
737.0 0.0006430792382161599
738.0 0.0005549406068894314
739.0 0.00045544943532149773
740.0 0.0003559581500667264
741.0 0.0007847655979276169
742.0 0.0012135731594753452
743.0 0.0016024341675802134
744.0 0.001991294811887201
745.0 0.0024034807211137377
746.0 0.002815666448441334
747.0 0.0034549539122963324
748.0 0.00409424101235345
749.0 0.0037208814319455996
750.0 0.00334752221533563
751.0 0.0035028195270569995
752.0 0.0036581164749804884
753.0 0.0029977351005072705
754.0 0.0023373531803372316
755.0 0.0023793414584361017
756.0 0.0024213301003328525
757.0 0.0020644170945161022
758.0 0.0017075039068004116
759.0 0.0013432553714665119
760.0 0.000979006836132612
761.0 0.0009621231583878398
762.0 0.0009452394806430675
763.0 0.0007713328159297816
764.0 0.0005974260147922905
765.0 0.0006967083663766971
766.0 0.0007959907634358387
767.0 0.0007508414000767516
768.0 0.0007056919002934592
769.0 0.0006074955763324397
770.0 0.0005092989795230096
771.0 0.0003995117822341854
772.0 0.0002897244712585234
773.0 0.0003495686542009935
774.0 0.0004094127689313609
775.0 0.0003606667860367452
776.0 0.0003119207349300268
777.0 0.0005271725967759266
778.0 0.0007424241175613133
779.0 0.0008824790711514652
780.0 0.0010225337973679416
781.0 0.001069019617716549
782.0 0.0011155054380651563
783.0 0.0009363027857034467
784.0 0.0007571000423922669
785.0 0.0009077743015950546
786.0 0.0010584482879494317
787.0 0.0010377037142461631
788.0 0.0010169591405428946
789.0 0.0009723392395244446
790.0 0.0009277194294554647
791.0 0.0009343310921394732
792.0 0.0009409425729245413
793.0 0.00045560909711639397
794.0 1.60426088646054e-10
795.0 7.482432238248293e-05
796.0 0.00017937288703251397
797.0 0.0001940230276886723
798.0 0.00020867312287009554
799.0 0.00010560668215475744
800.0 2.540172872045332e-06
801.0 1.60426088646054e-10
802.0 1.60426088646054e-10
803.0 4.6963108957243094e-05
804.0 0.00036892893149342854
805.0 2.9177149940551317e-05
806.0 1.60426088646054e-10
807.0 1.60426088646054e-10
808.0 1.60426088646054e-10
809.0 7.629336096215411e-05
810.0 0.0005643361419060966
811.0 1.60426088646054e-10
812.0 1.60426088646054e-10
813.0 1.60426088646054e-10
814.0 0.000513978147864691
815.0 0.0005890905413252767
816.0 0.000664202707412187
817.0 0.0002795184855131083
818.0 1.60426088646054e-10
819.0 1.60426088646054e-10
820.0 1.60426088646054e-10
821.0 1.60426088646054e-10
822.0 1.60426088646054e-10
823.0 1.60426088646054e-10
824.0 1.60426088646054e-10
825.0 1.60426088646054e-10
826.0 1.60426088646054e-10
827.0 0.00011000089443768957
828.0 0.0005118514309288003
829.0 0.000455550116384984
830.0 0.00039924912016431335
831.0 4.107651818685554e-05
832.0 1.60426088646054e-10
833.0 1.60426088646054e-10
834.0 1.60426088646054e-10
835.0 1.60426088646054e-10
836.0 1.60426088646054e-10
837.0 1.60426088646054e-10
838.0 1.60426088646054e-10
839.0 1.60426088646054e-10
840.0 1.60426088646054e-10
841.0 1.60426088646054e-10
842.0 1.60426088646054e-10
843.0 1.60426088646054e-10
844.0 1.60426088646054e-10
845.0 7.18449484793382e-05
846.0 0.00015901524648143095
847.0 0.00011477619636934833
848.0 7.053710078253062e-05
849.0 0.00014281858966569416
850.0 0.00021509993075596867
851.0 0.0003038620207007625
852.0 0.0003926241333829239
853.0 5.99514919485955e-05
854.0 1.60426088646054e-10
855.0 1.60426088646054e-10
856.0 1.60426088646054e-10
857.0 0.00033527992400195217
858.0 0.0008098240869003348
859.0 0.0006480936917796498
860.0 0.0004863633421336999
861.0 0.0006701295205857605
862.0 0.0008538955626136158
863.0 0.0009193653568217997
864.0 0.000984834878181573
865.0 0.001517167765996419
866.0 0.0020495004719123244
867.0 0.0018536276911618188
868.0 0.0016577552742091939
869.0 0.0015474575775442645
870.0 0.001437159789929865
871.0 0.0015225151400954928
872.0 0.0016078703993116505
873.0 0.001807324224500917
874.0 0.0020067782315891236
875.0 0.002112483707605861
876.0 0.0022181897293194197
877.0 0.002267916534037795
878.0 0.0023176440663519315
879.0 0.0024152985133696347
880.0 0.0025129533241852187
881.0 0.0027235681045567617
882.0 0.0029341834306251258
883.0 0.0027539821530808695
884.0 0.0025737816031323746
885.0 0.002326862158952281
886.0 0.002079943078570068
887.0 0.002027008304139599
