lsstCam/transmission_sensor/r33_s01/19700101T000000.ecsv
# %ECSV 1.0
# ---
# datatype:
# - {name: amp_name, datatype: string}
# - {name: wavelength, unit: nm, datatype: float32}
# - {name: efficiency, unit: '%', datatype: float64}
# meta: !!omap
# - {MODE: AMP}
# - {TYPE: transmission_sensor}
# - {CALIBDATE: '1970-01-01T00:00:00'}
# - {INSTRUME: LSSTCAM}
# - {OBSTYPE: transmission_sensor}
# - {DETECTOR: 145}
# - {PARQUETFILE: qe_raft_allvalues_nircorrected_20230725.parquet}
# - {CALIBCLS: lsst.ip.isr.IntermediateSensorTransmissionCurve}
# - {CALIB_ID: 'raftName=R33 detectorName=S01 detector=145 calibDate=1970-01-01T00:00:00 ccd=145 ccdnum=145 filter=None'}
# - {DATE: '2023-08-02T16:57:56.005626'}
# - {CALIB_CREATION_DATE: '2023-08-02'}
# - {CALIB_CREATION_TIME: '16:57:56'}
# - __serialized_columns__:
#     efficiency:
#       __class__: astropy.units.quantity.Quantity
#       unit: !astropy.units.Unit {unit: '%'}
#       value: !astropy.table.SerializedColumn {name: efficiency}
#     wavelength:
#       __class__: astropy.units.quantity.Quantity
#       unit: !astropy.units.Unit {unit: nm}
#       value: !astropy.table.SerializedColumn {name: wavelength}
# schema: astropy-2.0
amp_name wavelength efficiency
C00 319.994 36.96623992919922
C00 324.969 41.727256774902344
C00 349.982 63.862815856933594
C00 374.975 71.95330047607422
C00 400.019 81.24687957763672
C00 424.965 84.08639526367188
C00 450.035 86.94096374511719
C00 475.003 89.36038970947266
C00 500.018 91.283203125
C00 525.002 93.03665924072266
C00 550.029 94.67724609375
C00 575.023 96.33702087402344
C00 599.982 97.5308837890625
C00 619.997 97.5488052368164
C00 624.979 98.03334045410156
C00 650.012 98.50544738769531
C00 675.004 98.59505462646484
C00 700.03 98.27159881591797
C00 725.012 98.539306640625
C00 750.022 98.60053253173828
C00 774.987 99.18010711669922
C00 799.976 98.79861450195312
C00 824.988 96.79235076904297
C00 850.022 94.61135864257812
C00 869.967 91.37713623046875
C00 875.002 90.49268341064453
C00 899.999 82.56842803955078
C00 919.999 74.21131896972656
C00 925.012 71.34017181396484
C00 949.965 58.91335678100586
C00 975.002 43.49507522583008
C00 999.976 26.613452911376953
C00 1025.028 11.660489082336426
C00 1050.014 4.208096504211426
C00 1075.002 0.9393615012058452
C00 1099.99 0.09320258517596766
C01 319.994 37.30816650390625
C01 324.969 42.113731384277344
C01 349.982 64.54100799560547
C01 374.975 72.68938446044922
C01 400.019 81.71214294433594
C01 424.965 84.39390563964844
C01 450.035 87.1605453491211
C01 475.003 89.53128051757812
C01 500.018 91.4179916381836
C01 525.002 93.15432739257812
C01 550.029 94.78619384765625
C01 575.023 96.43980407714844
C01 599.982 97.63298797607422
C01 619.997 97.64669799804688
C01 624.979 98.13188171386719
C01 650.012 98.60603332519531
C01 675.004 98.69876861572266
C01 700.03 98.37245178222656
C01 725.012 98.63932037353516
C01 750.022 98.69745635986328
C01 774.987 99.27543640136719
C01 799.976 98.88818359375
C01 824.988 96.87616729736328
C01 850.022 94.65296936035156
C01 869.967 91.31775665283203
C01 875.002 90.43058776855469
C01 899.999 82.60322570800781
C01 919.999 74.18621063232422
C01 925.012 71.28606414794922
C01 949.965 58.74603271484375
C01 975.002 43.484806060791016
C01 999.976 26.614608764648438
C01 1025.028 11.672898292541504
C01 1050.014 4.165027618408203
C01 1075.002 0.9402849324775073
C01 1099.99 0.0932942071784031
C02 319.994 37.499576568603516
C02 324.969 42.334163665771484
C02 349.982 64.94056701660156
C02 374.975 73.1078872680664
C02 400.019 81.86524200439453
C02 424.965 84.39276123046875
C02 450.035 87.07273864746094
C02 475.003 89.3788833618164
C02 500.018 91.23075103759766
C02 525.002 92.93817138671875
C02 550.029 94.55253601074219
C02 575.023 96.19065856933594
C02 599.982 97.37754821777344
C02 619.997 97.39159393310547
C02 624.979 97.87427520751953
C02 650.012 98.34385681152344
C02 675.004 98.4382095336914
C02 700.03 98.11576843261719
C02 725.012 98.3819351196289
C02 750.022 98.4397201538086
C02 774.987 99.0146713256836
C02 799.976 98.61406707763672
C02 824.988 96.6113510131836
C02 850.022 94.40571594238281
C02 869.967 90.98688507080078
C02 875.002 90.08922576904297
C02 899.999 82.32498931884766
C02 919.999 73.99559783935547
C02 925.012 71.12246704101562
C02 949.965 58.418155670166016
C02 975.002 43.33451843261719
C02 999.976 26.511856079101562
C02 1025.028 11.640588760375977
C02 1050.014 4.146946430206299
C02 1075.002 0.9378294975798085
C02 1099.99 0.09305058118361512
C03 319.994 37.79307174682617
C03 324.969 42.663387298583984
C03 349.982 65.4895248413086
C03 374.975 73.69596099853516
C03 400.019 82.25008392333984
C03 424.965 84.656494140625
C03 450.035 87.26490020751953
C03 475.003 89.53116607666016
C03 500.018 91.35254669189453
C03 525.002 93.03980255126953
C03 550.029 94.64271545410156
C03 575.023 96.27503967285156
C03 599.982 97.45849609375
C03 619.997 97.46577453613281
C03 624.979 97.95167541503906
C03 650.012 98.41773223876953
C03 675.004 98.51274871826172
C03 700.03 98.18946075439453
C03 725.012 98.45423889160156
C03 750.022 98.52010345458984
C03 774.987 99.0921859741211
C03 799.976 98.69340515136719
C03 824.988 96.68106079101562
C03 850.022 94.48966217041016
C03 869.967 91.03069305419922
C03 875.002 90.11466979980469
C03 899.999 82.36901092529297
C03 919.999 74.10919189453125
C03 925.012 71.24116516113281
C03 949.965 58.415199279785156
C03 975.002 43.35811996459961
C03 999.976 26.52072525024414
C03 1025.028 11.648331642150879
C03 1050.014 4.1693806648254395
C03 1075.002 0.9385951956114653
C03 1099.99 0.09312655303888377
C04 319.994 38.142032623291016
C04 324.969 43.05823516845703
C04 349.982 66.15596008300781
C04 374.975 74.39342498779297
C04 400.019 82.72270965576172
C04 424.965 84.99637603759766
C04 450.035 87.53803253173828
C04 475.003 89.76667022705078
C04 500.018 91.5658950805664
C04 525.002 93.2409896850586
C04 550.029 94.83317565917969
C04 575.023 96.46383666992188
C04 599.982 97.64364624023438
C04 619.997 97.65557098388672
C04 624.979 98.14026641845703
C04 650.012 98.60546875
C04 675.004 98.69757080078125
C04 700.03 98.37442779541016
C04 725.012 98.6456298828125
C04 750.022 98.71485900878906
C04 774.987 99.29737091064453
C04 799.976 98.89360809326172
C04 824.988 96.87444305419922
C04 850.022 94.68413543701172
C04 869.967 91.22087860107422
C04 875.002 90.2914047241211
C04 899.999 82.49246215820312
C04 919.999 74.21673583984375
C04 925.012 71.35247802734375
C04 949.965 58.51854705810547
C04 975.002 43.44344711303711
C04 999.976 26.559614181518555
C04 1025.028 11.65812873840332
C04 1050.014 4.180626392364502
C04 1075.002 0.9404505751678345
C04 1099.99 0.09331064209396456
C05 319.994 38.40827178955078
C05 324.969 43.36398696899414
C05 349.982 66.67385864257812
C05 374.975 74.90933227539062
C05 400.019 83.00373077392578
C05 424.965 85.15304565429688
C05 450.035 87.62966918945312
C05 475.003 89.81525421142578
C05 500.018 91.58778381347656
C05 525.002 93.24539184570312
C05 550.029 94.83209991455078
C05 575.023 96.45555114746094
C05 599.982 97.63459777832031
C05 619.997 97.64248657226562
C05 624.979 98.1248550415039
C05 650.012 98.58783721923828
C05 675.004 98.6803207397461
C05 700.03 98.36073303222656
C05 725.012 98.64105224609375
C05 750.022 98.72210693359375
C05 774.987 99.31424713134766
C05 799.976 98.91339111328125
C05 824.988 96.87852478027344
C05 850.022 94.70586395263672
C05 869.967 91.21697998046875
C05 875.002 90.27588653564453
C05 899.999 82.40555572509766
C05 919.999 74.15332794189453
C05 925.012 71.30378723144531
C05 949.965 58.48518371582031
C05 975.002 43.4407958984375
C05 999.976 26.563283920288086
C05 1025.028 11.636957168579102
C05 1050.014 4.175348281860352
C05 1075.002 0.9405194681437603
C05 1099.99 0.09331747759174525
C06 319.994 38.6101188659668
C06 324.969 43.592735290527344
C06 349.982 67.0772476196289
C06 374.975 75.33564758300781
C06 400.019 83.24810028076172
C06 424.965 85.29187774658203
C06 450.035 87.71024322509766
C06 475.003 89.86467742919922
C06 500.018 91.61581420898438
C06 525.002 93.2618408203125
C06 550.029 94.83818817138672
C06 575.023 96.45643615722656
C06 599.982 97.63510131835938
C06 619.997 97.64244079589844
C06 624.979 98.12474822998047
C06 650.012 98.58910369873047
C06 675.004 98.68250274658203
C06 700.03 98.36761474609375
C06 725.012 98.65853881835938
C06 750.022 98.75865936279297
C06 774.987 99.36103820800781
C06 799.976 98.96109008789062
C06 824.988 96.91036224365234
C06 850.022 94.71393585205078
C06 869.967 91.23516845703125
C06 875.002 90.27225494384766
C06 899.999 82.31932067871094
C06 919.999 73.99161529541016
C06 925.012 71.1315689086914
C06 949.965 58.409217834472656
C06 975.002 43.29165267944336
C06 999.976 26.459108352661133
C06 1025.028 11.606339454650879
C06 1050.014 4.1640777587890625
C06 1075.002 0.9408674577085449
C06 1099.99 0.09335200479667172
C07 319.994 38.75751495361328
C07 324.969 43.76078414916992
C07 349.982 67.37718963623047
C07 374.975 75.6267318725586
C07 400.019 83.34266662597656
C07 424.965 85.27633666992188
C07 450.035 87.6368408203125
C07 475.003 89.74829864501953
C07 500.018 91.47359466552734
C07 525.002 93.09994506835938
C07 550.029 94.66497039794922
C07 575.023 96.27812957763672
C07 599.982 97.44783782958984
C07 619.997 97.45690155029297
C07 624.979 97.93695068359375
C07 650.012 98.40025329589844
C07 675.004 98.49671936035156
C07 700.03 98.19093322753906
C07 725.012 98.5003433227539
C07 750.022 98.62374114990234
C07 774.987 99.24952697753906
C07 799.976 98.84996795654297
C07 824.988 96.79093170166016
C07 850.022 94.59403228759766
C07 869.967 91.0790023803711
C07 875.002 90.16873931884766
C07 899.999 82.1956558227539
C07 919.999 73.84796142578125
C07 925.012 70.75856018066406
C07 949.965 58.36905288696289
C07 975.002 43.16801071166992
C07 999.976 26.239643096923828
C07 1025.028 11.570792198181152
C07 1050.014 4.160141944885254
C07 1075.002 0.9395818102489468
C07 1099.99 0.09322444403683046
C10 319.994 35.558658599853516
C10 324.969 40.12614059448242
C10 349.982 61.207828521728516
C10 374.975 69.37803649902344
C10 400.019 79.90802764892578
C10 424.965 83.42932891845703
C10 450.035 86.6474609375
C10 475.003 89.29182434082031
C10 500.018 91.36604309082031
C10 525.002 93.21766662597656
C10 550.029 94.9238510131836
C10 575.023 96.62398529052734
C10 599.982 97.85017395019531
C10 619.997 97.88213348388672
C10 624.979 98.37287902832031
C10 650.012 98.85340881347656
C10 675.004 98.93714141845703
C10 700.03 98.52021789550781
C10 725.012 98.51163482666016
C10 750.022 98.23113250732422
C10 774.987 98.47758483886719
C10 799.976 97.97573852539062
C10 824.988 96.05329895019531
C10 850.022 93.89439392089844
C10 869.967 90.64744567871094
C10 875.002 89.82259368896484
C10 899.999 82.34423065185547
C10 919.999 74.42061614990234
C10 925.012 71.59523010253906
C10 949.965 58.366512298583984
C10 975.002 43.03559494018555
C10 999.976 26.356399536132812
C10 1025.028 11.61669635772705
C10 1050.014 4.221639633178711
C10 1075.002 0.9358431777530006
C10 1099.99 0.09285350035519375
C11 319.994 35.988094329833984
C11 324.969 40.61478805541992
C11 349.982 62.03778839111328
C11 374.975 70.21015930175781
C11 400.019 80.38185119628906
C11 424.965 83.69928741455078
C11 450.035 86.80783081054688
C11 475.003 89.37806701660156
C11 500.018 91.4085464477539
C11 525.002 93.22950744628906
C11 550.029 94.92106628417969
C11 575.023 96.61275482177734
C11 599.982 97.83283996582031
C11 619.997 97.86102294921875
C11 624.979 98.34752655029297
C11 650.012 98.82770538330078
C11 675.004 98.91228485107422
C11 700.03 98.49365234375
C11 725.012 98.4759521484375
C11 750.022 98.18022918701172
C11 774.987 98.4169921875
C11 799.976 97.89913940429688
C11 824.988 95.9674301147461
C11 850.022 93.76394653320312
C11 869.967 90.52147674560547
C11 875.002 89.6600341796875
C11 899.999 82.07011413574219
C11 919.999 74.26718139648438
C11 925.012 71.47173309326172
C11 949.965 58.41452407836914
C11 975.002 42.97871398925781
C11 999.976 26.33566665649414
C11 1025.028 11.54859447479248
C11 1050.014 4.153010845184326
C11 1075.002 0.9353582245345449
C11 1099.99 0.09280538374237594
C12 319.994 36.51896286010742
C12 324.969 41.21870040893555
C12 349.982 63.00481033325195
C12 374.975 71.15141296386719
C12 400.019 80.93272399902344
C12 424.965 84.03324127197266
C12 450.035 87.02959442138672
C12 475.003 89.53315734863281
C12 500.018 91.51876068115234
C12 525.002 93.31175231933594
C12 550.029 94.98514556884766
C12 575.023 96.66351318359375
C12 599.982 97.8743667602539
C12 619.997 97.90039825439453
C12 624.979 98.38910675048828
C12 650.012 98.86341857910156
C12 675.004 98.94541931152344
C12 700.03 98.52101135253906
C12 725.012 98.49662017822266
C12 750.022 98.1917724609375
C12 774.987 98.41744232177734
C12 799.976 97.8885726928711
C12 824.988 95.94983673095703
C12 850.022 93.72463989257812
C12 869.967 90.47318267822266
C12 875.002 89.63867950439453
C12 899.999 82.08548736572266
C12 919.999 74.15630340576172
C12 925.012 71.37630462646484
C12 949.965 58.316802978515625
C12 975.002 43.05438995361328
C12 999.976 26.326879501342773
C12 1025.028 11.589486122131348
C12 1050.014 4.136958599090576
C12 1075.002 0.9354681968525774
C12 1099.99 0.09281629509474165
C13 319.994 36.842506408691406
C13 324.969 41.58384323120117
C13 349.982 63.61692428588867
C13 374.975 71.79385375976562
C13 400.019 81.34429931640625
C13 424.965 84.29883575439453
C13 450.035 87.21803283691406
C13 475.003 89.677734375
C13 500.018 91.6316909790039
C13 525.002 93.40560150146484
C13 550.029 95.06652069091797
C13 575.023 96.73706817626953
C13 599.982 97.94561004638672
C13 619.997 97.96815490722656
C13 624.979 98.45700073242188
C13 650.012 98.92833709716797
C13 675.004 99.010498046875
C13 700.03 98.58113098144531
C13 725.012 98.55626678466797
C13 750.022 98.2485122680664
C13 774.987 98.4712905883789
C13 799.976 97.93377685546875
C13 824.988 95.99864196777344
C13 850.022 93.73641967773438
C13 869.967 90.44413757324219
C13 875.002 89.58150482177734
C13 899.999 82.09330749511719
C13 919.999 74.09852600097656
C13 925.012 71.2942123413086
C13 949.965 58.31401062011719
C13 975.002 42.94684600830078
C13 999.976 26.39804458618164
C13 1025.028 11.585505485534668
C13 1050.014 4.127387523651123
C13 1075.002 0.9360087542644289
C13 1099.99 0.09286992870454565
C14 319.994 37.09223937988281
C14 324.969 41.869869232177734
C14 349.982 64.11995697021484
C14 374.975 72.3046875
C14 400.019 81.59305572509766
C14 424.965 84.39801788330078
C14 450.035 87.23450469970703
C14 475.003 89.64215087890625
C14 500.018 91.56658935546875
C14 525.002 93.32096099853516
C14 550.029 94.96783447265625
C14 575.023 96.62850189208984
C14 599.982 97.83211517333984
C14 619.997 97.85331726074219
C14 624.979 98.339111328125
C14 650.012 98.81100463867188
C14 675.004 98.89067077636719
C14 700.03 98.46446228027344
C14 725.012 98.4444808959961
C14 750.022 98.14323425292969
C14 774.987 98.36500549316406
C14 799.976 97.82821655273438
C14 824.988 95.88481903076172
C14 850.022 93.63861846923828
C14 869.967 90.27364349365234
C14 875.002 89.40858459472656
C14 899.999 81.99110412597656
C14 919.999 73.99794006347656
C14 925.012 71.13139343261719
C14 949.965 58.143802642822266
C14 975.002 42.9438362121582
C14 999.976 26.354198455810547
C14 1025.028 11.621254920959473
C14 1050.014 4.130504131317139
C14 1075.002 0.9350057757075263
C14 1099.99 0.09277041409354725
C15 319.994 37.492618560791016
C15 324.969 42.3241081237793
C15 349.982 64.87031555175781
C15 374.975 73.07622528076172
C15 400.019 82.1120834350586
C15 424.965 84.77256774902344
C15 450.035 87.53145599365234
C15 475.003 89.89064025878906
C15 500.018 91.78255462646484
C15 525.002 93.51953887939453
C15 550.029 95.15943145751953
C15 575.023 96.81694030761719
C15 599.982 98.01793670654297
C15 619.997 98.03380584716797
C15 624.979 98.52266693115234
C15 650.012 98.99205017089844
C15 675.004 99.07421112060547
C15 700.03 98.64857482910156
C15 725.012 98.6384506225586
C15 750.022 98.34993743896484
C15 774.987 98.5866470336914
C15 799.976 98.04876708984375
C15 824.988 96.09439086914062
C15 850.022 93.85932159423828
C15 869.967 90.4714126586914
C15 875.002 89.59197998046875
C15 899.999 82.1186294555664
C15 919.999 74.13545227050781
C15 925.012 71.26412200927734
C15 949.965 58.23674392700195
C15 975.002 43.03678512573242
C15 999.976 26.41606903076172
C15 1025.028 11.622346878051758
C15 1050.014 4.1366286277771
C15 1075.002 0.9369750266531607
C15 1099.99 0.09296580136325944
C16 319.994 37.59450149536133
C16 324.969 42.44270324707031
C16 349.982 65.06643676757812
C16 374.975 73.23191833496094
C16 400.019 82.06945037841797
C16 424.965 84.62638092041016
C16 450.035 87.32902526855469
C16 475.003 89.65322875976562
C16 500.018 91.51945495605469
C16 525.002 93.2375259399414
C16 550.029 94.86133575439453
C16 575.023 96.50896453857422
C16 599.982 97.70099639892578
C16 619.997 97.71415710449219
C16 624.979 98.20011138916016
C16 650.012 98.66793060302734
C16 675.004 98.74559020996094
C16 700.03 98.32620239257812
C16 725.012 98.32636260986328
C16 750.022 98.06271362304688
C16 774.987 98.31505584716797
C16 799.976 97.7839126586914
C16 824.988 95.82286071777344
C16 850.022 93.600830078125
C16 869.967 90.22198486328125
C16 875.002 89.32060241699219
C16 899.999 81.79805755615234
C16 919.999 73.8475570678711
C16 925.012 70.96666717529297
C16 949.965 58.049869537353516
C16 975.002 42.855716705322266
C16 999.976 26.319780349731445
C16 1025.028 11.55655288696289
C16 1050.014 4.134076118469238
C16 1075.002 0.9342386590705838
C16 1099.99 0.09269430148556539
C17 319.994 37.95219039916992
C17 324.969 42.8475341796875
C17 349.982 65.6979751586914
C17 374.975 73.8337173461914
C17 400.019 82.45804595947266
C17 424.965 84.89410400390625
C17 450.035 87.53652954101562
C17 475.003 89.82794189453125
C17 500.018 91.67237854003906
C17 525.002 93.37801361083984
C17 550.029 94.99029541015625
C17 575.023 96.63360595703125
C17 599.982 97.82315063476562
C17 619.997 97.83287811279297
C17 624.979 98.31538391113281
C17 650.012 98.77928924560547
C17 675.004 98.8573989868164
C17 700.03 98.44397735595703
C17 725.012 98.46280670166016
C17 750.022 98.22258758544922
C17 774.987 98.50330352783203
C17 799.976 97.97947692871094
C17 824.988 96.00894165039062
C17 850.022 93.7946548461914
C17 869.967 90.40068817138672
C17 875.002 89.50398254394531
C17 899.999 81.93326568603516
C17 919.999 73.95726013183594
C17 925.012 71.07511138916016
C17 949.965 58.045833587646484
C17 975.002 42.947532653808594
C17 999.976 26.33702278137207
C17 1025.028 11.597159385681152
C17 1050.014 4.1457719802856445
C17 1075.002 0.9357617699365907
C17 1099.99 0.09284542314643739
