lsstCam/transmission_sensor/r33_s01/19700101T000000.ecsv
# %ECSV 1.0
# ---
# datatype:
# - {name: amp_name, datatype: string}
# - {name: wavelength, unit: nm, datatype: float32}
# - {name: efficiency, unit: '%', datatype: float64}
# meta: !!omap
# - {MODE: AMP}
# - {TYPE: transmission_sensor}
# - {CALIBDATE: '1970-01-01T00:00:00'}
# - {INSTRUME: LSSTCam}
# - {OBSTYPE: transmission_sensor}
# - {DETECTOR: 145}
# - {PARQUETFILE: qe_raft_allvalues_nircorrected_20230725_adjust.parquet}
# - {CORRFILE: qe_corr_factor_bydetnum.parquet}
# - {CALIBCLS: lsst.ip.isr.IntermediateSensorTransmissionCurve}
# - {CALIB_ID: 'raftName=R33 detectorName=S01 detector=145 calibDate=1970-01-01T00:00:00 ccd=145 ccdnum=145 filter=None'}
# - {DATE: '2025-03-03T21:56:48.198549'}
# - {CALIB_CREATION_DATE: '2025-03-03'}
# - {CALIB_CREATION_TIME: '21:56:48'}
# - __serialized_columns__:
#     efficiency:
#       __class__: astropy.units.quantity.Quantity
#       unit: !astropy.units.Unit {unit: '%'}
#       value: !astropy.table.SerializedColumn {name: efficiency}
#     wavelength:
#       __class__: astropy.units.quantity.Quantity
#       unit: !astropy.units.Unit {unit: nm}
#       value: !astropy.table.SerializedColumn {name: wavelength}
# schema: astropy-2.0
amp_name wavelength efficiency
C00 319.994 36.997605110769854
C00 324.969 41.762661592587236
C00 349.982 63.91700229349844
C00 374.975 72.01435154154262
C00 400.019 81.31581607577341
C00 424.965 84.1577410391718
C00 450.035 87.01473157000319
C00 475.003 89.43621037324122
C00 500.018 91.3606552609448
C00 525.002 93.11559915225814
C00 550.029 94.75757801336167
C00 575.023 96.41876108231821
C00 599.982 97.61363696830516
C00 619.997 97.6315736220812
C00 624.979 98.11651995867676
C00 650.012 98.58902746640845
C00 675.004 98.67871073528869
C00 700.03 98.35498047837542
C00 725.012 98.62291544829782
C00 750.022 98.68419328846502
C00 774.987 99.26425963190952
C00 799.976 98.8824433276253
C00 824.988 96.87447731646391
C00 850.022 94.69163465788702
C00 869.967 91.4546680669434
C00 875.002 90.56946480500395
C00 899.999 82.63848584749724
C00 919.999 74.27428592277722
C00 925.012 71.4007026509261
C00 949.965 58.96334369165489
C00 975.002 43.53198000528558
C00 999.976 26.636033941646343
C00 1025.028 11.670382795031315
C00 1050.014 4.211666997482425
C00 1075.002 0.9401585323375538
C00 1099.99 0.09328166587263834
C01 319.994 37.339821803950386
C01 324.969 42.14946411863211
C01 349.982 64.59576986585277
C01 374.975 72.75106007977718
C01 400.019 81.78147420996866
C01 424.965 84.46551233210383
C01 450.035 87.23449948500038
C01 475.003 89.60724617908612
C01 500.018 91.49555813972786
C01 525.002 93.23336714339818
C01 550.029 94.8666182074536
C01 575.023 96.52163149511979
C01 599.982 97.71582778886064
C01 619.997 97.72954944353734
C01 624.979 98.21514482890724
C01 650.012 98.68969874924515
C01 675.004 98.78251272397816
C01 700.03 98.45591901658979
C01 725.012 98.72301404103949
C01 750.022 98.78119935469358
C01 774.987 99.35966980173997
C01 799.976 98.97208841716586
C01 824.988 96.95836496158253
C01 850.022 94.73328068159692
C01 869.967 91.39523810681611
C01 875.002 90.50731647589231
C01 899.999 82.67331304114242
C01 919.999 74.24915628140772
C01 925.012 71.34654907554095
C01 949.965 58.79587765406896
C01 975.002 43.52170212704695
C01 999.976 26.637190775638285
C01 1025.028 11.68280253422533
C01 1050.014 4.168561568513712
C01 1075.002 0.941082747123838
C01 1099.99 0.09337336561467477
C02 319.994 37.531394276602725
C02 324.969 42.3700834329039
C02 349.982 64.99566790540379
C02 374.975 73.16991797940734
C02 400.019 81.93470317179239
C02 424.965 84.46436695191379
C02 450.035 87.14661828095248
C02 475.003 89.4547197171123
C02 500.018 91.30815866890124
C02 525.002 93.01702773310318
C02 550.029 94.6327621161189
C02 575.023 96.27227459187986
C02 599.982 97.46017129457549
C02 619.997 97.47422892744126
C02 624.979 97.95731974812895
C02 650.012 98.42729978357463
C02 675.004 98.52173256230957
C02 700.03 98.19901787583146
C02 725.012 98.46541040043127
C02 750.022 98.52324446416041
C02 774.987 99.09868347163716
C02 799.976 98.69773931817925
C02 824.988 96.69332398560698
C02 850.022 94.48581747360453
C02 869.967 91.06408578627138
C02 875.002 90.16566483693886
C02 899.999 82.39484057347164
C02 919.999 74.05838175695445
C02 925.012 71.18281315944058
C02 949.965 58.46772241168816
C02 975.002 43.37128698255676
C02 999.976 26.534350906308443
C02 1025.028 11.65046558800999
C02 1050.014 4.150465038752806
C02 1075.002 0.9386252288343322
C02 1099.99 0.09312953290766568
C03 319.994 37.825138480140716
C03 324.969 42.699586405974976
C03 349.982 65.54509151083073
C03 374.975 73.7584906797299
C03 400.019 82.31987162209948
C03 424.965 84.72832363464276
C03 450.035 87.33894288659629
C03 475.003 89.60713164106711
C03 500.018 91.43005766459338
C03 525.002 93.11874512984679
C03 550.029 94.72301807509415
C03 575.023 96.35672729122558
C03 599.982 97.54118785335108
C03 619.997 97.54847247135974
C03 624.979 98.0347856283154
C03 650.012 98.50123789277576
C03 675.004 98.59633499202091
C03 700.03 98.27277272420218
C03 725.012 98.53777552083807
C03 750.022 98.60369596870892
C03 774.987 99.17626388984263
C03 799.976 98.77714470882084
C03 824.988 96.76309291091636
C03 850.022 94.56983492847803
C03 869.967 91.10793093994616
C03 875.002 90.19113045649745
C03 899.999 82.43889953144857
C03 919.999 74.17207219461794
C03 925.012 71.30161199275166
C03 949.965 58.46476351286389
C03 975.002 43.394908540009375
C03 999.976 26.543227602781265
C03 1025.028 11.65821503947911
C03 1050.014 4.172918308411582
C03 1075.002 0.9393915765468285
C03 1099.99 0.09320556922367038
C04 319.994 38.174395443556044
C04 324.969 43.094769297076994
C04 349.982 66.21209221069938
C04 374.975 74.45654645448454
C04 400.019 82.79289836885066
C04 424.965 85.0684939152171
C04 450.035 87.61230695861947
C04 475.003 89.84283561244175
C04 500.018 91.6435870754888
C04 525.002 93.32010296725605
C04 550.029 94.91363988218876
C04 575.023 96.54568447911066
C04 599.982 97.72649509636389
C04 619.997 97.73842995794412
C04 624.979 98.22353664776628
C04 650.012 98.68913369501807
C04 675.004 98.78131389271259
C04 700.03 98.45789670638459
C04 725.012 98.72932890382059
C04 750.022 98.79861676945015
C04 774.987 99.38162292204909
C04 799.976 98.97751751926666
C04 824.988 96.95663925542954
C04 850.022 94.7644732021057
C04 869.967 91.29827785579515
C04 875.002 90.36801533717949
C04 899.999 82.5624555104823
C04 919.999 74.27970738901008
C04 925.012 71.413019305903
C04 949.965 58.56819897989255
C04 975.002 43.48030808697886
C04 999.976 26.58214953060585
C04 1025.028 11.668020448389356
C04 1050.014 4.184173577745721
C04 1075.002 0.9412485303589722
C04 1099.99 0.09338981447496286
C05 319.994 38.44086050890122
C05 324.969 43.40078052245032
C05 349.982 66.7304301977686
C05 374.975 74.97289148002308
C05 400.019 83.0741579283172
C05 424.965 85.22529646323375
C05 450.035 87.70402136837005
C05 475.003 89.89146081944297
C05 500.018 91.66549438059033
C05 525.002 93.32450886305374
C05 550.029 94.91256322481011
C05 575.023 96.53739192653477
C05 599.982 97.71743895699464
C05 619.997 97.72533444443799
C05 624.979 98.20811219454039
C05 650.012 98.6714872042235
C05 675.004 98.7640491953147
C05 700.03 98.44419032344376
C05 725.012 98.72474738306042
C05 750.022 98.80587084398708
C05 774.987 99.39851346191824
C05 799.976 98.99731732481851
C05 824.988 96.96072444477402
C05 850.022 94.78622015398062
C05 869.967 91.29437592728108
C05 875.002 90.35248398180252
C05 899.999 82.47547533885056
C05 919.999 74.21624569061387
C05 925.012 71.36428719675072
C05 949.965 58.53480732941888
C05 975.002 43.477654622871924
C05 999.976 26.58582238308192
C05 1025.028 11.646830914873592
C05 1050.014 4.178890988860902
C05 1075.002 0.9413174817893337
C05 1099.99 0.09339665577253897
C06 319.994 38.64287884888673
C06 324.969 43.629722932769745
C06 349.982 67.1341614430223
C06 374.975 75.39956850841726
C06 400.019 83.31873477823069
C06 424.965 85.36424635202162
C06 450.035 87.78466376961688
C06 475.003 89.94092597191688
C06 500.018 91.6935485593784
C06 525.002 93.34097179431859
C06 550.029 94.91865664742113
C06 575.023 96.53827768721506
C06 599.982 97.71794292427825
C06 619.997 97.72528862923038
C06 624.979 98.20800529238932
C06 650.012 98.67275475830047
C06 675.004 98.76623305354371
C06 700.03 98.45107787631989
C06 725.012 98.74224879236425
C06 750.022 98.842454287257
C06 774.987 99.44534423995506
C06 799.976 99.04505677113943
C06 824.988 96.99258892166097
C06 850.022 94.79429890225438
C06 869.967 91.31257983643481
C06 875.002 90.34884930866613
C06 899.999 82.38916712359698
C06 919.999 74.0543958338931
C06 925.012 71.19192274988538
C06 949.965 58.45877699240394
C06 975.002 43.32838485857178
C06 999.976 26.48155842438246
C06 1025.028 11.616187222372528
C06 1050.014 4.167610902955978
C06 1075.002 0.9416657666169285
C06 1099.99 0.09343121227317022
C07 319.994 38.79039999943008
C07 324.969 43.79791437780937
C07 349.982 67.43435795496418
C07 374.975 75.69089977768823
C07 400.019 83.41338136126777
C07 424.965 85.34869208904087
C07 450.035 87.71119908422764
C07 475.003 89.82444844245762
C07 500.018 91.551208345228
C07 525.002 93.17893867676742
C07 550.029 94.74529190185649
C07 575.023 96.3598198177387
C07 599.982 97.53052054584784
C07 619.997 97.53959195695296
C07 624.979 98.02004840320355
C07 650.012 98.48374411933986
C07 675.004 98.58029203349241
C07 700.03 98.27424644671338
C07 725.012 98.58391907076087
C07 750.022 98.70742159871905
C07 774.987 99.33373839423744
C07 799.976 98.93384035468642
C07 824.988 96.87305704502826
C07 850.022 94.6742936018098
C07 869.967 91.15628125570177
C07 875.002 90.24524585254292
C07 899.999 82.26539734026112
C07 919.999 73.91062007657119
C07 925.012 70.81859753074332
C07 949.965 58.41857796566745
C07 975.002 43.20463798283972
C07 999.976 26.261906956371256
C07 1025.028 11.580609804702862
C07 1050.014 4.163671749585728
C07 1075.002 0.9403790283088675
C07 1099.99 0.09330354328034661
C10 319.994 35.588829474292694
C10 324.969 40.16018689423823
C10 349.982 61.25976224987628
C10 374.975 69.43690249989271
C10 400.019 79.97582815557617
C10 424.965 83.50011718512563
C10 450.035 86.72097973059728
C10 475.003 89.36758682812189
C10 500.018 91.44356551496793
C10 525.002 93.296760118983
C10 550.029 95.0043921725797
C10 575.023 96.70596898290503
C10 599.982 97.93319804132668
C10 619.997 97.96518469210056
C10 624.979 98.45634662519407
C10 650.012 98.93728413112447
C10 675.004 99.02108778169583
C10 700.03 98.60381050672792
C10 725.012 98.59522015530261
C10 750.022 98.31447983485556
C10 774.987 98.56114127671492
C10 799.976 98.05886915577801
C10 824.988 96.13479842560318
C10 850.022 93.97406160469409
C10 869.967 90.7243583860372
C10 875.002 89.8988065243951
C10 899.999 82.4140982324002
C10 919.999 74.48376068779991
C10 925.012 71.65597735181457
C10 949.965 58.416035221645565
C10 975.002 43.07210985898401
C10 999.976 26.378762461293235
C10 1025.028 11.626552913092402
C10 1050.014 4.225221617548072
C10 1075.002 0.9366372236513143
C10 1099.99 0.09293228485974947
C11 319.994 36.01862957267173
C11 324.969 40.649248963649995
C11 349.982 62.090426325099926
C11 374.975 70.26973134367553
C11 400.019 80.45005373359294
C11 424.965 83.77030473608843
C11 450.035 86.88148567456173
C11 475.003 89.4539026792434
C11 500.018 91.48610493522605
C11 525.002 93.30861098601596
C11 550.029 95.00160508078393
C11 575.023 96.69472898530677
C11 599.982 97.91584934938152
C11 619.997 97.94405624552827
C11 624.979 98.4309726360507
C11 650.012 98.91155889205615
C11 675.004 98.99621012396814
C11 700.03 98.57722241458309
C11 725.012 98.55950720097712
C11 750.022 98.26353332400252
C11 774.987 98.5004972135862
C11 799.976 97.98220504172458
C11 824.988 96.04885673201042
C11 850.022 93.84350353476525
C11 869.967 90.59828257058538
C11 875.002 89.7361090863337
C11 899.999 82.13974913341359
C11 919.999 74.33019574778712
C11 925.012 71.53237555757325
C11 949.965 58.46408773855176
C11 975.002 43.015180645604985
C11 999.976 26.358011990183655
C11 1025.028 11.558393246950029
C11 1050.014 4.156534599276533
C11 1075.002 0.9361518589588818
C11 1099.99 0.09288412742086169
C12 319.994 36.549948535228076
C12 324.969 41.25367372580272
C12 349.982 63.05826876775085
C12 374.975 71.2117836423807
C12 400.019 81.00139394187121
C12 424.965 84.10454194727835
C12 450.035 87.10343744778793
C12 475.003 89.60912460259779
C12 500.018 91.59641268339497
C12 525.002 93.39092564234026
C12 550.029 95.06573873555831
C12 575.023 96.74553041466906
C12 599.982 97.95741137854415
C12 619.997 97.98346495993363
C12 624.979 98.47258811628886
C12 650.012 98.94730238985338
C12 675.004 99.02937269840379
C12 700.03 98.60460463699302
C12 725.012 98.58019276720927
C12 750.022 98.27508639218607
C12 774.987 98.50094772979428
C12 799.976 97.97162936463653
C12 824.988 96.03124842055551
C12 850.022 93.8041635431713
C12 869.967 90.54994752656565
C12 875.002 89.71473629198753
C12 899.999 82.15513540729981
C12 919.999 74.21922367910798
C12 925.012 71.43686612145967
C12 949.965 58.36628372412414
C12 975.002 43.09092081963845
C12 999.976 26.34921737929112
C12 1025.028 11.599319590107187
C12 1050.014 4.14046873314422
C12 1075.002 0.936261924586424
C12 1099.99 0.09289504803131123
C13 319.994 36.87376660462259
C13 324.969 41.619126365105224
C13 349.982 63.670902087932205
C13 374.975 71.85476953759813
C13 400.019 81.41331847341766
C13 424.965 84.37036178178313
C13 450.035 87.29203574988013
C13 475.003 89.75382429993968
C13 500.018 91.70943880054824
C13 525.002 93.48485445379158
C13 550.029 95.14718290293817
C13 575.023 96.81914781741699
C13 599.982 98.0287151133082
C13 619.997 98.051279103052
C13 624.979 98.54053970503004
C13 650.012 99.01227599010045
C13 675.004 99.09450665187748
C13 700.03 98.66477527630985
C13 725.012 98.63988998271422
C13 750.022 98.33187434200832
C13 774.987 98.55484168566969
C13 799.976 98.01687188214316
C13 824.988 96.0800950677268
C13 850.022 93.81595332326079
C13 869.967 90.52087777734239
C13 875.002 89.65751309769307
C13 899.999 82.16296217193175
C13 919.999 74.16139725124675
C13 925.012 71.35470418249405
C13 949.965 58.36348899646043
C13 975.002 42.9832856252463
C13 999.976 26.42044284640884
C13 1025.028 11.595335576012827
C13 1050.014 4.130889536821508
C13 1075.002 0.936802940651398
C13 1099.99 0.09294872714825668
C14 319.994 37.1237114696934
C14 324.969 41.90539505393621
C14 349.982 64.1743615863328
C14 374.975 72.36603671096084
C14 400.019 81.66228594739297
C14 424.965 84.46962806492004
C14 450.035 87.30852158874879
C14 475.003 89.71821061189732
C14 500.018 91.64428193947076
C14 525.002 93.40014213493613
C14 550.029 95.04841295121695
C14 575.023 96.71048941672173
C14 599.982 97.91512394192783
C14 619.997 97.93634401891532
C14 624.979 98.42255027371992
C14 650.012 98.89484397714948
C14 675.004 98.97457771011223
C14 700.03 98.54800758386911
C14 725.012 98.528009245751
C14 750.022 98.22650700039246
C14 774.987 98.44846640948658
C14 799.976 97.91122201341375
C14 824.988 95.9661755540253
C14 850.022 93.71806913221985
C14 869.967 90.35023903663004
C14 875.002 89.48444615097783
C14 899.999 82.06067208509313
C14 919.999 74.06072596841007
C14 925.012 71.1917471249229
C14 949.965 58.1931366007956
C14 975.002 42.9802732753465
C14 999.976 26.37655951339439
C14 1025.028 11.631115344182733
C14 1050.014 4.1340087888723875
C14 1075.002 0.9357991110854502
C14 1099.99 0.09284912810092262
C15 319.994 37.52443036504727
C15 324.969 42.3600193589674
C15 349.982 64.92535683347113
C15 374.975 73.13822912748287
C15 400.019 82.18175404291637
C15 424.965 84.84449572938469
C15 450.035 87.6057248404607
C15 475.003 89.96691083049495
C15 500.018 91.86043045306742
C15 525.002 93.5988885055121
C15 550.029 95.24017250263365
C15 575.023 96.89908771881393
C15 599.982 98.1011031413188
C15 619.997 98.1169857466207
C15 624.979 98.6062616203346
C15 650.012 99.076043123214
C15 675.004 99.15827378499104
C15 700.03 98.73227634884296
C15 725.012 98.72214355209505
C15 750.022 98.43338557031771
C15 774.987 98.67029600882586
C15 799.976 98.13195968363851
C15 824.988 96.1759252102936
C15 850.022 93.93895951980329
C15 869.967 90.54817600520505
C15 875.002 89.66799714436591
C15 899.999 82.1883056176034
C15 919.999 74.19835485204543
C15 925.012 71.3245883193639
C15 949.965 58.28615674396281
C15 975.002 43.07330105438165
C15 999.976 26.43848258440199
C15 1025.028 11.632208227780731
C15 1050.014 4.140138481856091
C15 1075.002 0.9377700329046597
C15 1099.99 0.09304468115317593
C16 319.994 37.626399745432686
C16 324.969 42.47871510806138
C16 349.982 65.12164445457248
C16 374.975 73.29405428440403
C16 400.019 82.13908481290336
C16 424.965 84.69818486390882
C16 450.035 87.40312235657827
C16 475.003 89.72929789213693
C16 500.018 91.59710754737692
C16 525.002 93.31663628321418
C16 550.029 94.94182387073171
C16 575.023 96.59085063793795
C16 599.982 97.78389391562084
C16 619.997 97.7970657878063
C16 624.979 98.28343239583751
C16 650.012 98.75164854579052
C16 675.004 98.82937404548672
C16 700.03 98.40963038517626
C16 725.012 98.40979073840286
C16 750.022 98.14591805022114
C16 774.987 98.39847438212526
C16 799.976 97.86688052832329
C16 824.988 95.90416467053646
C16 850.022 93.6802486783447
C16 869.967 90.29853657485158
C16 875.002 89.39638932196746
C16 899.999 81.86746171876904
C16 919.999 73.9102153755707
C16 925.012 71.02688110036836
C16 949.965 58.099123794797
C16 975.002 42.892079000713316
C16 999.976 26.342112204178896
C16 1025.028 11.566358411688274
C16 1050.014 4.137583806790554
C16 1075.002 0.9350313435640074
C16 1099.99 0.0927729509127786
C17 319.994 37.98439214176406
C17 324.969 42.88388953235452
C17 349.982 65.75371869451278
C17 374.975 73.89636391113913
C17 400.019 82.52801011023378
C17 424.965 84.96613510556708
C17 450.035 87.61080269263655
C17 475.003 89.90415926781657
C17 500.018 91.75016088423818
C17 525.002 93.45724315534365
C17 550.029 95.0708929464135
C17 575.023 96.71559781236932
C17 599.982 97.90615179710584
C17 619.997 97.91588752872119
C17 624.979 98.3988027244464
C17 650.012 98.86310167414948
C17 675.004 98.94127769005375
C17 700.03 98.52750527846737
C17 725.012 98.54635060052752
C17 750.022 98.30592766276992
C17 774.987 98.58688178751912
C17 799.976 98.06261073106548
C17 824.988 96.09040348943718
C17 850.022 93.87423790319802
C17 869.967 90.47739150946049
C17 875.002 89.57992504361967
C17 899.999 82.00278457028844
C17 919.999 74.02001152058806
C17 925.012 71.13541732717667
C17 949.965 58.09508442066013
C17 975.002 42.98397285336033
C17 999.976 26.359369265708853
C17 1025.028 11.606999364281414
C17 1050.014 4.149289592332776
C17 1075.002 0.9365557467618543
C17 1099.99 0.09292420079762852
