lsstCam/transmission_filter_detector/r33_s12/g_6/19700101T000000.ecsv
# %ECSV 1.0
# ---
# datatype:
# - {name: wavelength, unit: nm, datatype: float32}
# - {name: efficiency, unit: '%', datatype: float64}
# meta: !!omap
# - {MODE: DETECTOR}
# - {TYPE: transmission_filter_detector}
# - {CALIBDATE: '1970-01-01T00:00:00'}
# - {INSTRUME: LSSTCam}
# - {OBSTYPE: transmission_filter_detector}
# - {CALIBCLS: lsst.ip.isr.IntermediateFilterDetectorTransmissionCurve}
# - {SOURCE: Materion (DM-46256)}
# - {DETECTOR: 149}
# - {FILTER: g_6}
# - {CALIB_ID: 'calibDate=1970-01-01T00:00:00 filter=g_6 detector=149'}
# - {DATE: '2025-04-02T15:59:42.716786'}
# - {CALIB_CREATION_DATE: '2025-04-02'}
# - {CALIB_CREATION_TIME: '15:59:42'}
# - __serialized_columns__:
#     efficiency:
#       __class__: astropy.units.quantity.Quantity
#       unit: !astropy.units.Unit {unit: '%'}
#       value: !astropy.table.SerializedColumn {name: efficiency}
#     wavelength:
#       __class__: astropy.units.quantity.Quantity
#       unit: !astropy.units.Unit {unit: nm}
#       value: !astropy.table.SerializedColumn {name: wavelength}
# schema: astropy-2.0
wavelength efficiency
300.0 0.37522062193602324
301.0 0.32190456986427307
302.0 0.2685884712263942
303.0 0.2518375404179096
304.0 0.23508660960942507
305.0 0.22817591670900583
306.0 0.22126520052552223
307.0 0.2171887317672372
308.0 0.21311223972588778
309.0 0.2075136872008443
310.0 0.20191511139273643
311.0 0.2002019202336669
312.0 0.198488705791533
313.0 0.1911343540996313
314.0 0.183780025690794
315.0 0.18189131515100598
316.0 0.18000261625275016
317.0 0.1753761200234294
318.0 0.17074960051104426
319.0 0.16115683829411864
320.0 0.15156406443566084
321.0 0.1413297955878079
322.0 0.13109550345689058
323.0 0.11542453430593014
324.0 0.09975357679650187
325.0 0.08926925947889686
326.0 0.07878494798205793
327.0 0.07307648775167763
328.0 0.06736802752129734
329.0 0.06379905971698463
330.0 0.060230091912671924
331.0 0.054939824622124434
332.0 0.04964955733157694
333.0 0.04782450560014695
334.0 0.045999453868716955
335.0 0.04304450121708214
336.0 0.04008955438621342
337.0 0.04028967523481697
338.0 0.040489790262654424
339.0 0.03968208620790392
340.0 0.038874379242770374
341.0 0.03736306389328092
342.0 0.03585174854379147
343.0 0.03317180380690843
344.0 0.030491853249259293
345.0 0.026695907581597567
346.0 0.02289996191393584
347.0 0.02091728092636913
348.0 0.018934597028419375
349.0 0.01745064655551687
350.0 0.914792250841856
351.0 1.088843122124672
352.0 0.8023055270314217
353.0 0.8052249439060688
354.0 0.5556969903409481
355.0 0.9877986274659634
356.0 0.8344829082489014
357.0 0.8296412415802479
358.0 0.6113942712545395
359.0 0.8888185955584049
360.0 0.5618561059236526
361.0 0.8253812789916992
362.0 0.5727700889110565
363.0 0.766063155606389
364.0 0.5183277651667595
365.0 0.7037774659693241
366.0 0.561077892780304
367.0 0.744209997355938
368.0 0.4452743101865053
369.0 0.5926041398197412
370.0 0.4889915231615305
371.0 0.5108443088829517
372.0 0.3308885497972369
373.0 0.5334899295121431
374.0 0.39644925855100155
375.0 0.7226841524243355
376.0 0.3030752995982766
377.0 0.5902675911784172
378.0 0.356200709939003
379.0 0.6003144662827253
380.0 0.4786726087331772
381.0 0.49704452976584435
382.0 0.5183286499232054
383.0 0.5893603898584843
384.0 0.5741215776652098
385.0 0.5503479391336441
386.0 0.579102011397481
387.0 0.688507966697216
388.0 0.8678556419909
389.0 1.1947806924581528
390.0 1.6314784064888954
391.0 2.614763379096985
392.0 4.0612369775772095
393.0 6.412903964519501
394.0 9.716309607028961
395.0 14.230094850063324
396.0 19.751881062984467
397.0 26.80046558380127
398.0 35.105979442596436
399.0 44.220682978630066
400.0 53.53935360908508
401.0 62.65606880187988
402.0 71.15853428840637
403.0 78.5277783870697
404.0 83.99369716644287
405.0 88.12872767448425
406.0 90.48038125038147
407.0 92.36147999763489
408.0 93.52787733078003
409.0 94.11447644233704
410.0 94.3644106388092
411.0 94.30688619613647
412.0 93.95933747291565
413.0 93.78482699394226
414.0 93.53794455528259
415.0 93.66660118103027
416.0 93.9322829246521
417.0 94.22659873962402
418.0 94.79390382766724
419.0 95.30283808708191
420.0 95.81317901611328
421.0 96.5114414691925
422.0 96.68320417404175
423.0 96.90802693367004
424.0 96.67927622795105
425.0 96.56016826629639
426.0 96.53692841529846
427.0 96.66419625282288
428.0 96.40862345695496
429.0 96.27740979194641
430.0 96.07455730438232
431.0 96.11443877220154
432.0 96.17270827293396
433.0 96.23851180076599
434.0 96.28373980522156
435.0 96.43964171409607
436.0 96.52220010757446
437.0 96.53209447860718
438.0 96.61231637001038
439.0 96.69013023376465
440.0 96.65178656578064
441.0 96.76569104194641
442.0 96.7638373374939
443.0 96.76260352134705
444.0 96.72635793685913
445.0 96.48659825325012
446.0 96.33263945579529
447.0 96.10171318054199
448.0 96.12106680870056
449.0 96.25957012176514
450.0 96.5022623538971
451.0 96.68353796005249
452.0 96.84322476387024
453.0 96.95179462432861
454.0 97.08661437034607
455.0 97.2929835319519
456.0 97.41795659065247
457.0 97.56075739860535
458.0 97.58284091949463
459.0 97.5997269153595
460.0 97.59843945503235
461.0 97.80071973800659
462.0 97.74119853973389
463.0 97.70473837852478
464.0 97.75833487510681
465.0 97.64371514320374
466.0 97.65281081199646
467.0 97.65405058860779
468.0 97.69623875617981
469.0 97.73633480072021
470.0 97.60748744010925
471.0 97.48803973197937
472.0 97.54559993743896
473.0 97.438645362854
474.0 97.29154109954834
475.0 97.36213684082031
476.0 97.35767841339111
477.0 97.37786650657654
478.0 97.564697265625
479.0 97.4866509437561
480.0 97.64885902404785
481.0 97.71401286125183
482.0 97.90990948677063
483.0 97.82480001449585
484.0 97.99023866653442
485.0 98.01847338676453
486.0 98.06636571884155
487.0 98.10684323310852
488.0 98.05766940116882
489.0 98.22837710380554
490.0 98.11994433403015
491.0 98.18582534790039
492.0 98.09678196907043
493.0 98.08596968650818
494.0 98.11294674873352
495.0 98.14141988754272
496.0 97.94903993606567
497.0 97.8525698184967
498.0 97.70625233650208
499.0 97.7164089679718
500.0 97.67857193946838
501.0 97.61472940444946
502.0 97.55542278289795
503.0 97.68579602241516
504.0 97.54202961921692
505.0 97.49820828437805
506.0 97.56574034690857
507.0 97.53082990646362
508.0 97.51243591308594
509.0 97.52699136734009
510.0 97.4126398563385
511.0 97.3925232887268
512.0 97.35469222068787
513.0 97.45587706565857
514.0 97.42233157157898
515.0 97.42472171783447
516.0 97.50405550003052
517.0 97.48889803886414
518.0 97.58483171463013
519.0 97.55388498306274
520.0 97.66542315483093
521.0 97.76343107223511
522.0 97.75859117507935
523.0 97.79674410820007
524.0 97.7688729763031
525.0 97.79683351516724
526.0 97.85454273223877
527.0 97.74686694145203
528.0 97.9754626750946
529.0 98.0301558971405
530.0 98.00422191619873
531.0 98.14634919166565
532.0 98.03702235221863
533.0 98.02109599113464
534.0 98.06446433067322
535.0 97.90518283843994
536.0 97.5501000881195
537.0 97.0723807811737
538.0 96.36587500572205
539.0 95.09539008140564
540.0 93.46349239349365
541.0 90.99530577659607
542.0 88.34131360054016
543.0 84.83557105064392
544.0 80.35662174224854
545.0 76.41700506210327
546.0 71.49444818496704
547.0 66.85700416564941
548.0 62.241196632385254
549.0 58.067381381988525
550.0 54.74666953086853
551.0 51.49014592170715
552.0 49.10362660884857
553.0 46.6287761926651
554.0 43.850502371788025
555.0 40.79069793224335
556.0 36.737143993377686
557.0 31.99564516544342
558.0 26.697370409965515
559.0 21.3600292801857
560.0 16.112932562828064
561.0 11.137555539608002
562.0 7.305753231048584
563.0 4.368919879198074
564.0 2.451472170650959
565.0 1.1936189606785774
566.0 0.6426426582038403
567.0 0.31970383133739233
568.0 0.19027430098503828
569.0 0.11246238136664033
570.0 0.08623767062090337
571.0 0.062324246391654015
572.0 0.060129171470180154
573.0 0.04246377502568066
574.0 0.04064607492182404
575.0 0.0327663728967309
576.0 0.0408131571020931
577.0 0.025702384300529957
578.0 0.035546525032259524
579.0 0.01997354265768081
580.0 0.02009010495385155
581.0 0.017382951045874506
582.0 0.03790062910411507
583.0 0.026149573386646807
584.0 0.016649077588226646
585.0 0.014852211461402476
586.0 0.02252088306704536
587.0 0.017071912589017302
588.0 0.02148887433577329
589.0 0.017640770238358527
590.0 0.01997673825826496
591.0 0.0033063031878555194
592.0 0.016204801795538515
593.0 0.01810481771826744
594.0 0.018547687795944512
595.0 0.006760608084732667
596.0 0.01683272421360016
597.0 0.003262516111135483
598.0 0.02104134182445705
599.0 0.011864838597830385
600.0 0.0052870320359943435
601.0 0.002279221916978713
602.0 0.0021944730178802274
603.0 0.002109723754983861
604.0 0.0019741270079975948
605.0 0.0018385297153145075
606.0 0.001870510277512949
607.0 0.0019024908397113904
608.0 0.0019010054529644549
609.0 0.001899519884318579
610.0 0.0019417819203226827
611.0 0.001984043228731025
612.0 0.0018803963030222803
613.0 0.0017767493773135357
614.0 0.0017911970644490793
615.0 0.0018056445696856827
616.0 0.001583016273798421
617.0 0.0013603878869616892
618.0 0.0014941317203920335
619.0 0.0016278756447718479
620.0 0.0014392337106983177
621.0 0.0012505914128269069
622.0 0.0013928596672485583
623.0 0.001535127557872329
624.0 0.0015551546312053688
625.0 0.0015751817045384087
626.0 0.0014958836800360586
627.0 0.0014165855645842385
628.0 0.0014030727470526472
629.0 0.001389559929521056
630.0 0.0014369796190294437
631.0 0.0014843993994873017
632.0 0.0014090621334617026
633.0 0.0013337249583855737
634.0 0.0013849916285835207
635.0 0.001436258480680408
636.0 0.001391309251630446
637.0 0.0013463598406815436
638.0 0.0012662292647291906
639.0 0.0011860985978273675
640.0 0.0013658544958161656
641.0 0.0015456103938049637
642.0 0.0013669018699147273
643.0 0.001188193346024491
644.0 0.001119652824854711
645.0 0.0010511124855838716
646.0 0.0011244099368923344
647.0 0.0011977074791502673
648.0 0.0011633440408331808
649.0 0.001128980511566624
650.0 0.001176807109004585
651.0 0.0012246332516951952
652.0 0.0010967074558720924
653.0 0.0009687814781500492
654.0 0.0010314448445569724
655.0 0.0010941080290649552
656.0 0.0011435657143010758
657.0 0.0011930233995371964
658.0 0.0011278199963271618
659.0 0.001062616502167657
660.0 0.0010725240827014204
661.0 0.0010824314813362435
662.0 0.0010023833965533413
663.0 0.0009223351298714988
664.0 0.0010038819709734526
665.0 0.0010854287211259361
666.0 0.0011149472811666783
667.0 0.0011444659321568906
668.0 0.0011386164260329679
669.0 0.0011327665561111644
670.0 0.0011919713870156556
671.0 0.0012511761269706767
672.0 0.0011679280760290567
673.0 0.0010846804798347875
674.0 0.0010856064363906626
675.0 0.0010865323929465376
676.0 0.001044027794705471
677.0 0.0010015228326665238
678.0 0.0009694290383777115
679.0 0.0009373352440888993
680.0 0.0009711145139590371
681.0 0.0010048936928797048
682.0 0.0009780143955140375
683.0 0.0009511352800473105
684.0 0.0009154261533694807
685.0 0.000879717026691651
686.0 0.0009303507795266341
687.0 0.0009809846233110875
688.0 0.0010832318366738036
689.0 0.0011854792319354601
690.0 0.0011240708772675134
691.0 0.001062662704498507
692.0 0.0010245919838780537
693.0 0.0009865214451565407
694.0 0.0010110243238159455
695.0 0.0010355271115258802
696.0 0.0010721454600570723
697.0 0.001108764081436675
698.0 0.0011831220945168752
699.0 0.0012574801075970754
700.0 0.0012135131328250282
701.0 0.0011695460671035107
702.0 0.0012079259249730967
703.0 0.0012463056009437423
704.0 0.0011964425539190415
705.0 0.0011465793249954004
706.0 0.001197481651615817
707.0 0.0012483837053878233
708.0 0.001186695953947492
709.0 0.0011250082025071606
710.0 0.001184159282274777
711.0 0.0012433102710929234
712.0 0.0013322304766916204
713.0 0.0014211505913408473
714.0 0.0014002226635057013
715.0 0.0013792947356705554
716.0 0.0015228238225972746
717.0 0.001666353091422934
718.0 0.0016762043742346577
719.0 0.001686056020844262
720.0 0.0014787652617087588
721.0 0.0012714745025732554
722.0 0.001525318748463178
723.0 0.001779163176252041
724.0 0.0017450316590839066
725.0 0.0017109001419157721
726.0 0.0018054444808512926
727.0 0.0018999891835846938
728.0 0.0019636232536868192
729.0 0.0020272573237889446
730.0 0.002064562613668386
731.0 0.0021018680854467675
732.0 0.0018496561096981168
733.0 0.0015974444977473468
734.0 0.001428146606485825
735.0 0.0012588487152243033
736.0 0.001098385291697923
737.0 0.0009379217772220727
738.0 0.000980309232545551
739.0 0.001022696596919559
740.0 0.0009113804480875842
741.0 0.0008000642992556095
742.0 0.0009158603461401071
743.0 0.0010316563930246048
744.0 0.000959381850407226
745.0 0.0008871073077898473
746.0 0.0007314309641515138
747.0 0.0005757547114626504
748.0 0.0006818461770308204
749.0 0.00078793746070005
750.0 0.000869460836838698
751.0 0.0009509841220278759
752.0 0.0009421627510164399
753.0 0.0009333412890555337
754.0 0.000894190543476725
755.0 0.0008550397978979163
756.0 0.0008659403647470754
757.0 0.0008768409315962344
758.0 0.0009317179319623392
759.0 0.0009865952051768545
760.0 0.0009173498256132007
761.0 0.0008481043551000766
762.0 0.0007900327545939945
763.0 0.0007319611540879123
764.0 0.0007037451723590493
765.0 0.0006755294634785969
766.0 0.0007196021215349901
767.0 0.0007636749614903238
768.0 0.0007255868240463315
769.0 0.0006874988230265444
770.0 0.0007177455700002611
771.0 0.0007479924079234479
772.0 0.0007221412033686647
773.0 0.0006962898623896763
774.0 0.0005982284619676648
775.0 0.0005001670160709182
776.0 0.000610128927291953
777.0 0.0007200906566140475
778.0 0.0006527098776132334
779.0 0.0005853291440871544
780.0 0.0005808239620819222
781.0 0.0005763188255514251
782.0 0.0005627825430565281
783.0 0.0005492463060363661
784.0 0.00044685107241093647
785.0 0.0003444558387855068
786.0 0.00037710995002271375
787.0 0.0004097640612599207
788.0 0.0003890581410814775
789.0 0.0003683522663777694
790.0 0.0003777437768803793
791.0 0.0003871352873829892
792.0 0.00041487583075650036
793.0 0.00044261637413001154
794.0 0.00036058986552234273
795.0 0.00027856331143993884
796.0 0.0002715267555686296
797.0 0.00026449019969732035
798.0 0.0002851687440852402
799.0 0.00030584726573579246
800.0 0.00042732153815450147
801.0 0.0005487958787853131
802.0 0.0005137176231073681
803.0 0.0004786395038536284
804.0 0.0005216444606048753
805.0 0.0005646494173561223
806.0 0.0004880845608568052
807.0 0.000411519658882753
808.0 0.00042711367314041127
809.0 0.0004427077783475397
810.0 0.00042366059460619
811.0 0.00040461341086484026
812.0 0.00043775194171757903
813.0 0.0004708905180450529
814.0 0.00047834450924710836
815.0 0.00048579850044916384
816.0 0.0005790829163743183
817.0 0.0006723673777742079
818.0 0.0005183668235986261
819.0 0.00036436636037251446
820.0 0.00044319790504232515
821.0 0.0005220294951868709
822.0 0.0004517161414696602
823.0 0.0003814027195403469
824.0 0.00046422296691162046
825.0 0.0005470432824949967
826.0 0.0005127849362907
827.0 0.0004785265900864033
828.0 0.00042997544369427487
829.0 0.0003814242745647789
830.0 0.0004230838385410607
831.0 0.00046474333430523984
832.0 0.00037817876545886975
833.0 0.0002916141738751321
834.0 0.0003335676410642918
835.0 0.00037552110825345153
836.0 0.00036760122839041287
837.0 0.00035968137126474176
838.0 0.0005118147782923188
839.0 0.0006639483217441011
840.0 0.0005433848855318502
841.0 0.0004228214947943343
842.0 0.0004884004283667309
843.0 0.0005539793164643925
844.0 0.0006320678039628547
845.0 0.000710156336936052
846.0 0.0005237030563876033
847.0 0.0003372497303644195
848.0 0.00034398160551063484
849.0 0.00035071348065685015
850.0 0.0002204060137955821
851.0 9.009854693431407e-05
852.0 1.6082341621620477e-10
853.0 1.6082341621620477e-10
854.0 0.00010203921192442067
855.0 0.00031883016617939575
856.0 0.0003834362360066734
857.0 0.00044804237404605374
858.0 0.00045099263843439985
859.0 0.00045394290282274596
860.0 0.0004475465630093822
861.0 0.0004411501777212834
862.0 0.00047739536057633813
863.0 0.0005136404979566578
864.0 0.00040317841012438294
865.0 0.000292716276817373
866.0 0.0004561140031000832
867.0 0.0006195117293827934
868.0 0.0005710904133593431
869.0 0.0005226691428106278
870.0 0.0005495083314599469
871.0 0.0005763476110587362
872.0 0.0005244568001216976
873.0 0.00047256612560886424
874.0 0.0005262597824184923
875.0 0.0005799534392281203
876.0 0.0004247756805852987
877.0 0.00026959794467984466
878.0 0.00045841647988709155
879.0 0.0006472349923569709
880.0 0.0007178744908742374
881.0 0.0007885139893915039
882.0 0.0006471089363913052
883.0 0.0005057038833911065
884.0 0.0005010891527490458
885.0 0.000496474422106985
886.0 0.0005168777533981483
887.0 0.0005372810846893117
888.0 0.0005102365321363322
889.0 0.0004831920250580879
890.0 0.0005881577635591384
891.0 0.000693123547534924
892.0 0.0006390335784089984
893.0 0.0005849437457072781
894.0 0.00048246324695355725
895.0 0.0003799827709372039
896.0 0.00036396431823959574
897.0 0.0003479458655419876
898.0 0.0003795082193391863
899.0 0.0004110705503990175
900.0 0.0003530416051944485
901.0 0.0002950126372525119
902.0 0.00042661258703446947
903.0 0.0005582124686043244
904.0 0.00045580422920465935
905.0 0.00035339596706762677
906.0 0.00034557294839032693
