lsstCam/transmission_filter_detector/r33_s12/g_6/19700101T000000.ecsv
# %ECSV 1.0
# ---
# datatype:
# - {name: wavelength, unit: nm, datatype: float32}
# - {name: efficiency, unit: '%', datatype: float64}
# meta: !!omap
# - {MODE: DETECTOR}
# - {TYPE: transmission_filter_detector}
# - {CALIBDATE: '1970-01-01T00:00:00'}
# - {INSTRUME: LSSTCam}
# - {OBSTYPE: transmission_filter_detector}
# - {CALIBCLS: lsst.ip.isr.IntermediateFilterDetectorTransmissionCurve}
# - {SOURCE: Materion (DM-46256)}
# - {DETECTOR: 149}
# - {FILTER: g_6}
# - {CALIB_ID: 'calibDate=1970-01-01T00:00:00 filter=g_6 detector=149'}
# - {DATE: '2025-04-02T15:59:42.716786'}
# - {CALIB_CREATION_DATE: '2025-04-02'}
# - {CALIB_CREATION_TIME: '15:59:42'}
# - __serialized_columns__:
#     efficiency:
#       __class__: astropy.units.quantity.Quantity
#       unit: !astropy.units.Unit {unit: '%'}
#       value: !astropy.table.SerializedColumn {name: efficiency}
#     wavelength:
#       __class__: astropy.units.quantity.Quantity
#       unit: !astropy.units.Unit {unit: nm}
#       value: !astropy.table.SerializedColumn {name: wavelength}
# schema: astropy-2.0
wavelength efficiency
[from data line 608]
908.0 0.00038341736399161164
909.0 0.00042908482100756373
910.0 0.00044323910515231546
911.0 0.0004573934347718023
912.0 0.0004926762812829111
913.0 0.000527959173268755
914.0 0.0004927308964397525
915.0 0.0004575026196107501
916.0 0.00039070546336006373
917.0 0.0003239082843720098
918.0 0.0003116799916824675
919.0 0.0002994516762555577
920.0 0.0003504974756651791
921.0 0.00040154332054953557
922.0 0.0003762699634535238
923.0 0.0003509966745696147
924.0 0.00043380782699387055
925.0 0.0005166189566807589
926.0 0.0004193933818896767
927.0 0.0003221678070985945
928.0 0.00043961667870462406
929.0 0.0005570655957853887
930.0 0.0005298872110870434
931.0 0.0005027090082876384
932.0 0.0005066097401140723
933.0 0.0005105105174152413
934.0 0.00056594608395244
935.0 0.0006213816504896386
936.0 0.0005893462002859451
937.0 0.0005573107955569867
938.0 0.0004347977210272802
939.0 0.0003122848056591465
940.0 0.0004068530870426912
941.0 0.0005014213456888683
942.0 0.0005595593393081799
943.0 0.0006176973784022266
944.0 0.00047377216105815023
945.0 0.00032984698918880895
946.0 0.0006289003067649901
947.0 0.0009279537152906414
948.0 0.0008648252332932316
949.0 0.0008016966603463516
950.0 0.0006814571861468721
951.0 0.0005612175300484523
952.0 0.0008134603376674931
953.0 0.001065703145286534
954.0 0.0010562866009422578
955.0 0.001046869783749571
956.0 0.0008147696462401655
957.0 0.0005826695087307598
958.0 0.0005968964160274481
959.0 0.0006111232323746663
960.0 0.0007458636900992133
961.0 0.0008806041478237603
962.0 0.000737206846679328
963.0 0.0005938094545854256
964.0 0.0005570136636379175
965.0 0.0005202177817409392
966.0 0.0006180448053783039
967.0 0.0007158718744904036
968.0 0.0006689861947961617
969.0 0.0006221005151019199
970.0 0.0005740696451539407
971.0 0.0005260386387817562
972.0 0.000566598646400962
973.0 0.0006071586085454328
974.0 0.0006995756848482415
975.0 0.0007919927156763151
976.0 0.0008246710422099568
977.0 0.0008573493687435985
978.0 0.0008146686923282687
979.0 0.0007719878340139985
980.0 0.0008063117093115579
981.0 0.0008406355846091174
982.0 0.0009096695976040792
983.0 0.000978703610599041
984.0 0.0011350703971402254
985.0 0.0012914370927319396
986.0 0.001256095310964156
987.0 0.0012207535291963723
988.0 0.0012089697520423215
989.0 0.0011971857929893304
990.0 0.0012723547115456313
991.0 0.001347523539152462
992.0 0.0013700206181965768
993.0 0.0013925176972406916
994.0 0.0013480583220371045
995.0 0.0013035991287324578
996.0 0.0012584567230078392
997.0 0.0012133142263337504
998.0 0.0011684976016113069
999.0 0.0011236811587878037
1000.0 0.0012005668395431712
1001.0 0.0012774524293490686
1002.0 0.0013012228919251356
1003.0 0.0013249931726022623
1004.0 0.0013185507668822538
1005.0 0.0013121083611622453
1006.0 0.0013590429261967074
1007.0 0.0014059773093322292
1008.0 0.0013696737369173206
1009.0 0.001333370073552942
1010.0 0.0014625576113758143
1011.0 0.0015917452401481569
1012.0 0.0016290721760015003
1013.0 0.0016663989299559034
1014.0 0.0018788770830724388
1015.0 0.002091355054290034
1016.0 0.0022314739908324555
1017.0 0.0023715927454759367
1018.0 0.0025596005798433907
1019.0 0.0027476087780087255
1020.0 0.0028996950277360156
1021.0 0.003051781459362246
1022.0 0.0033272670407313854
1023.0 0.003602752258302644
1024.0 0.0037297915696399286
1025.0 0.0038568305171793327
1026.0 0.004153338159085251
1027.0 0.00444984580099117
1028.0 0.004540649752016179
1029.0 0.004631454066839069
1030.0 0.004707477273768745
1031.0 0.004783500844496302
1032.0 0.004971093949279748
1033.0 0.005158687417861074
1034.0 0.005246583168627694
1035.0 0.005334479283192195
1036.0 0.005483356289914809
1037.0 0.005632233660435304
1038.0 0.005722610876546241
1039.0 0.005812988092657179
1040.0 0.005949843398411758
1041.0 0.006086699431762099
1042.0 0.006163433863548562
1043.0 0.006240169022930786
1044.0 0.00656152842566371
1045.0 0.006882887828396633
1046.0 0.007743461901554838
1047.0 0.00860403451952152
1048.0 0.009431163925910369
1049.0 0.010258294059894979
1050.0 0.01208228713949211
1051.0 0.013906278763897717
1052.0 0.01658180553931743
1053.0 0.019257333769928664
1054.0 0.023414415773004293
1055.0 0.0275714963208884
1056.0 0.03309027524664998
1057.0 0.038609045441262424
1058.0 0.045776451588608325
1059.0 0.05294384900480509
1060.0 0.061192462453618646
1061.0 0.06944106426090002
1062.0 0.07725018658675253
1063.0 0.08505931473337114
1064.0 0.0924494699575007
1065.0 0.09983960771933198
1066.0 0.10574851185083389
1067.0 0.11165743926540017
1068.0 0.11855742195621133
1069.0 0.1254573930054903
1070.0 0.13486876850947738
1071.0 0.14428013237193227
1072.0 0.1551903784275055
1073.0 0.16610062448307872
1074.0 0.1783380634151399
1075.0 0.19057552563026547
1076.0 0.2025742782279849
1077.0 0.21457308903336525
1078.0 0.2255688887089491
1079.0 0.23656468838453293
1080.0 0.25080409832298756
1081.0 0.26504346169531345
1082.0 0.28383880853652954
1083.0 0.30263417866081
1084.0 0.33580949530005455
1085.0 0.3689847653731704
1086.0 0.40803514420986176
1087.0 0.44708545319736004
1088.0 0.4931956063956022
1089.0 0.5393057595938444
1090.0 0.6110653281211853
1091.0 0.6828249897807837
1092.0 0.7553604897111654
1093.0 0.8278963156044483
1094.0 0.8710426278412342
1095.0 0.914189126342535
1096.0 0.9575673379004002
1097.0 1.0009455494582653
1098.0 1.0711045935750008
1099.0 1.1412637308239937
1100.0 1.2486194260418415
1101.0 1.3559750281274319
