lsstCam/transmission_filter_detector/r31_s20/y_10/19700101T000000.ecsv
# %ECSV 1.0
# ---
# datatype:
# - {name: wavelength, unit: nm, datatype: float32}
# - {name: efficiency, unit: '%', datatype: float64}
# meta: !!omap
# - {MODE: DETECTOR}
# - {TYPE: transmission_filter_detector}
# - {CALIBDATE: '1970-01-01T00:00:00'}
# - {INSTRUME: LSSTCam}
# - {OBSTYPE: transmission_filter_detector}
# - {CALIBCLS: lsst.ip.isr.IntermediateFilterDetectorTransmissionCurve}
# - {SOURCE: Materion (DM-46256)}
# - {DETECTOR: 132}
# - {FILTER: y_10}
# - {CALIB_ID: 'calibDate=1970-01-01T00:00:00 filter=y_10 detector=132'}
# - {DATE: '2025-04-02T15:59:51.356269'}
# - {CALIB_CREATION_DATE: '2025-04-02'}
# - {CALIB_CREATION_TIME: '15:59:51'}
# - __serialized_columns__:
#     efficiency:
#       __class__: astropy.units.quantity.Quantity
#       unit: !astropy.units.Unit {unit: '%'}
#       value: !astropy.table.SerializedColumn {name: efficiency}
#     wavelength:
#       __class__: astropy.units.quantity.Quantity
#       unit: !astropy.units.Unit {unit: nm}
#       value: !astropy.table.SerializedColumn {name: wavelength}
# schema: astropy-2.0
wavelength efficiency
[from data line 576]
876.0 0.002261260124214459
877.0 0.0023685444830334745
878.0 0.00247582902375143
879.0 0.001810272442526184
880.0 0.06978574674576521
881.0 0.09532596450299025
882.0 0.0833991973195225
883.0 0.10271252831444144
884.0 0.06521822069771588
885.0 0.07983861141838133
886.0 0.06457067211158574
887.0 0.09511671378277242
888.0 0.06601652130484581
889.0 0.09846953907981515
890.0 0.0718037597835064
891.0 0.09809501934796572
892.0 0.07967478595674038
893.0 0.10456204181537032
894.0 0.08584581082686782
895.0 0.09416781831532717
896.0 0.07678380934521556
897.0 0.10936289327219129
898.0 0.07848285022191703
899.0 0.11650262167677283
900.0 0.10915857274085283
901.0 0.1276891794987023
902.0 0.14620025176554918
903.0 0.15130118699744344
904.0 0.1756948186084628
905.0 0.20375302992761135
906.0 0.24398064706474543
907.0 0.3056613728404045
908.0 0.40515908040106297
909.0 0.515493843704462
910.0 0.7185632362961769
911.0 1.0131312534213066
912.0 1.4846287667751312
913.0 2.1979553624987602
914.0 3.1171968206763268
915.0 4.550046846270561
916.0 6.3487328588962555
917.0 8.403990417718887
918.0 10.866063833236694
919.0 13.285622000694275
920.0 16.60405844449997
921.0 19.953252375125885
922.0 23.178216814994812
923.0 26.944303512573242
924.0 31.055396795272827
925.0 35.709020495414734
926.0 41.425731778144836
927.0 47.78193235397339
928.0 53.542351722717285
929.0 59.95975136756897
930.0 65.79526662826538
931.0 71.78466320037842
932.0 77.4674117565155
933.0 82.47718214988708
934.0 86.38771176338196
935.0 89.33480381965637
936.0 91.72654747962952
937.0 93.48930716514587
938.0 94.73768472671509
939.0 95.39313316345215
940.0 95.93756198883057
941.0 96.1686909198761
942.0 96.4745283126831
943.0 96.6339111328125
944.0 96.97701334953308
945.0 96.99841737747192
946.0 97.16414213180542
947.0 97.1993088722229
948.0 97.32033014297485
949.0 97.24423885345459
950.0 97.3198413848877
951.0 97.34189510345459
952.0 97.390615940094
953.0 97.56091237068176
954.0 97.63511419296265
955.0 97.67088890075684
956.0 97.91378378868103
957.0 98.05541038513184
958.0 98.23951721191406
959.0 98.36848974227905
960.0 98.47947359085083
961.0 98.55649471282959
962.0 98.68254065513611
963.0 98.68941903114319
964.0 98.7468421459198
965.0 98.80923628807068
966.0 98.91761541366577
967.0 98.96603226661682
968.0 98.9709734916687
969.0 98.90912175178528
970.0 98.97205233573914
971.0 99.0311861038208
972.0 99.04080033302307
973.0 99.11314845085144
974.0 99.17013645172119
975.0 99.1345465183258
976.0 99.17669296264648
977.0 99.15048480033875
978.0 99.22141432762146
979.0 99.19536113739014
980.0 99.15037751197815
981.0 99.08908605575562
982.0 99.04025793075562
983.0 99.05726313591003
984.0 99.0124762058258
985.0 99.00832176208496
986.0 98.88097643852234
987.0 98.9357590675354
988.0 98.79903793334961
989.0 98.82793426513672
990.0 98.74948263168335
991.0 98.76860976219177
992.0 98.87586832046509
993.0 98.78249764442444
994.0 98.75547289848328
995.0 98.81911873817444
996.0 98.76523613929749
997.0 98.87092709541321
998.0 98.9160418510437
999.0 98.96788597106934
1000.0 98.99543523788452
1001.0 98.95299077033997
1002.0 99.07160997390747
1003.0 99.10306334495544
1004.0 99.21143054962158
1005.0 99.15197491645813
1006.0 99.21834468841553
1007.0 99.24733638763428
1008.0 99.22367334365845
1009.0 99.18525815010071
1010.0 99.2381751537323
1011.0 99.20982122421265
1012.0 99.11914467811584
1013.0 99.14292097091675
1014.0 99.0902304649353
1015.0 99.05527830123901
1016.0 99.03895854949951
1017.0 99.0761399269104
1018.0 99.10284876823425
1019.0 99.00826811790466
1020.0 99.04098510742188
1021.0 99.21143054962158
1022.0 99.0506649017334
1023.0 99.11311864852905
1024.0 99.06828999519348
1025.0 99.05140995979309
1026.0 99.10504817962646
1027.0 99.21602606773376
1028.0 99.14653301239014
1029.0 99.23937916755676
1030.0 99.29789304733276
1031.0 99.22358393669128
1032.0 99.2431640625
1033.0 99.24857020378113
1034.0 99.29109811782837
1035.0 99.34106469154358
1036.0 99.26735758781433
1037.0 99.24705624580383
1038.0 99.16608333587646
1039.0 99.17417168617249
1040.0 99.10092949867249
1041.0 99.14910793304443
1042.0 99.15395379066467
1043.0 99.08173084259033
1044.0 99.16761517524719
1045.0 98.83542060852051
1046.0 99.09706711769104
1047.0 98.97830486297607
1048.0 99.03600811958313
1049.0 98.96936416625977
1050.0 98.92503023147583
1051.0 98.91307353973389
1052.0 98.84244799613953
1053.0 98.84257912635803
1054.0 99.01177287101746
1055.0 99.09574389457703
1056.0 98.97347092628479
1057.0 99.06293749809265
1058.0 98.88550043106079
1059.0 98.95830154418945
1060.0 99.09841418266296
1061.0 98.93251061439514
1062.0 99.07665848731995
1063.0 98.8716721534729
1064.0 99.12492632865906
1065.0 99.07224774360657
1066.0 98.98717999458313
1067.0 99.24571514129639
1068.0 99.03934597969055
1069.0 98.84417057037354
1070.0 99.23876523971558
1071.0 98.95947575569153
1072.0 99.12875890731812
1073.0 99.23073649406433
1074.0 98.8101601600647
1075.0 98.77366423606873
1076.0 98.67637157440186
1077.0 99.05297756195068
1078.0 99.095219373703
1079.0 98.76083731651306
1080.0 99.49148297309875
1081.0 98.76770377159119
1082.0 98.70348572731018
1083.0 98.74070286750793
1084.0 99.12897944450378
1085.0 98.98651838302612
1086.0 98.7005889415741
1087.0 98.78602623939514
1088.0 98.86411428451538
1089.0 98.4967827796936
1090.0 98.72338771820068
1091.0 98.70046377182007
1092.0 98.74078631401062
1093.0 98.71279001235962
1094.0 98.49678874015808
1095.0 98.58522415161133
1096.0 98.55665564537048
1097.0 98.53200316429138
1098.0 97.69899249076843
1099.0 98.58312606811523
1100.0 98.20854663848877
