lsstCam/transmission_filter_detector/r31_s20/y_10/19700101T000000.ecsv
# %ECSV 1.0
# ---
# datatype:
# - {name: wavelength, unit: nm, datatype: float32}
# - {name: efficiency, unit: '%', datatype: float64}
# meta: !!omap
# - {MODE: DETECTOR}
# - {TYPE: transmission_filter_detector}
# - {CALIBDATE: '1970-01-01T00:00:00'}
# - {INSTRUME: LSSTCam}
# - {OBSTYPE: transmission_filter_detector}
# - {CALIBCLS: lsst.ip.isr.IntermediateFilterDetectorTransmissionCurve}
# - {SOURCE: Materion (DM-46256)}
# - {DETECTOR: 132}
# - {FILTER: y_10}
# - {CALIB_ID: 'calibDate=1970-01-01T00:00:00 filter=y_10 detector=132'}
# - {DATE: '2025-04-02T15:59:51.356269'}
# - {CALIB_CREATION_DATE: '2025-04-02'}
# - {CALIB_CREATION_TIME: '15:59:51'}
# - __serialized_columns__:
#     efficiency:
#       __class__: astropy.units.quantity.Quantity
#       unit: !astropy.units.Unit {unit: '%'}
#       value: !astropy.table.SerializedColumn {name: efficiency}
#     wavelength:
#       __class__: astropy.units.quantity.Quantity
#       unit: !astropy.units.Unit {unit: nm}
#       value: !astropy.table.SerializedColumn {name: wavelength}
# schema: astropy-2.0
wavelength efficiency
300.0 0.021364119311328977
301.0 0.019903320935554802
302.0 0.018442521104589105
303.0 0.015551142860203981
304.0 0.012659766071010381
305.0 0.011472652113297954
306.0 0.010285535245202482
307.0 0.007138702494557947
308.0 0.003991871199104935
309.0 0.004745792102767155
310.0 0.005499714097823016
311.0 0.0052312905609142035
312.0 0.0049628684791969135
313.0 0.0065668224124237895
314.0 0.008170775254257023
315.0 0.006356441008392721
316.0 0.004542106398730539
317.0 0.003762698543141596
318.0 0.0029832908694515936
319.0 0.0018189299225923605
320.0 0.0006545684300363064
321.0 0.0010167053915211
322.0 0.0013788425349048339
323.0 0.0026536530640441924
324.0 0.003928463411284611
325.0 0.0031658819352742285
326.0 0.002403300823061727
327.0 0.0025906749215209857
328.0 0.002778048838081304
329.0 0.0030338926080730744
330.0 0.0032897361961659044
331.0 0.0027723286621039733
332.0 0.0022549213099409826
333.0 0.001876299393188674
334.0 0.0014976769307395443
335.0 0.0013187100194045343
336.0 0.001139743017120054
337.0 0.001198763584397966
338.0 0.0012577843335748184
339.0 0.0008367372174689081
340.0 0.00041569023778720293
341.0 0.000874643592396751
342.0 0.0013335970834305044
343.0 0.0013232145647634752
344.0 0.0013128321370459162
345.0 0.000962691137829097
346.0 0.000612550229561748
347.0 0.0007857198397687171
348.0 0.0009588895409251563
349.0 0.0010629218195390422
350.0 0.001166954098152928
351.0 0.001164541936304886
352.0 0.0011621297744568437
353.0 0.0012416852769092657
354.0 0.001321240506513277
355.0 0.0013016012417210732
356.0 0.001281961885979399
357.0 0.0010693042895582039
358.0 0.0008566469659854192
359.0 0.000910510789253749
360.0 0.0009643746125220787
361.0 0.0008749860171519686
362.0 0.0007855974217818584
363.0 0.0009295028576161712
364.0 0.0010734082025010139
365.0 0.0012481632438721135
366.0 0.0014229185580916237
367.0 0.0018049246136797592
368.0 0.002186930396419484
369.0 0.001827721825975459
370.0 0.0014685135283798445
371.0 0.0013504176422429737
372.0 0.001232321847055573
373.0 0.001536073614261113
374.0 0.0018398251995677128
375.0 0.002693462920433376
376.0 0.003547100641299039
377.0 0.003885998376063071
378.0 0.004224896110827103
379.0 0.003976721563958563
380.0 0.0037285473808879033
381.0 0.00299423627438955
382.0 0.0022599255316890776
383.0 0.0015934152543195523
384.0 0.0009269050678994972
385.0 0.000803545208327705
386.0 0.0006801853032811778
387.0 0.0005323387995304074
388.0 0.00038449225030490197
389.0 0.0003876310529449256
390.0 0.00039076990105968434
391.0 0.0005422320100478828
392.0 0.0006936940735613462
393.0 0.0007033204838080565
394.0 0.0007129468031052966
395.0 0.0007314870344998781
396.0 0.0007500272658944596
397.0 0.0007314230060728732
398.0 0.0007128187007765519
399.0 0.0009279579899157397
400.0 0.0011430970516812522
401.0 0.00143428451337968
402.0 0.0017254718841286376
403.0 0.0018298595023225062
404.0 0.0019342471205163747
405.0 0.0018262522644363344
406.0 0.0017182575902552344
407.0 0.0017023488908307627
408.0 0.001686440191406291
409.0 0.0014514726899506059
410.0 0.0012165051884949207
411.0 0.0007096969966369215
412.0 0.00020288866835471708
413.0 0.0006977377779548988
414.0 0.0011925870239792857
415.0 0.0006230261533346493
416.0 5.3464952998183435e-05
417.0 0.0001362207285637851
418.0 0.00021897628812439507
419.0 0.00029480781904567266
420.0 0.00037063930449221516
421.0 1.6273657768572924e-10
422.0 1.6273657768572924e-10
423.0 1.6273657768572924e-10
424.0 1.6273657768572924e-10
425.0 1.6273657768572924e-10
426.0 1.6273657768572924e-10
427.0 0.00014634355238740682
428.0 0.000628482666797936
429.0 0.0003313993829578976
430.0 3.4315985431021545e-05
431.0 1.6273657768572924e-10
432.0 1.6273657768572924e-10
433.0 1.6273657768572924e-10
434.0 4.890986815553333e-05
435.0 0.00029930688469903544
436.0 0.0005497040092450334
437.0 0.0002429794676572783
438.0 1.6273657768572924e-10
439.0 0.0004927992904413259
440.0 0.0010493435183889233
441.0 0.0008149419045366812
442.0 0.0005805402906844392
443.0 0.0007439067303494085
444.0 0.000907273351913318
445.0 0.0007674075277463999
446.0 0.0006275416581047466
447.0 0.0002667414719326189
448.0 1.6273657768572924e-10
449.0 1.6273657768572924e-10
450.0 1.6273657768572924e-10
451.0 0.0002842022240656661
452.0 0.0005725551091018133
453.0 0.00022449462449003477
454.0 1.6273657768572924e-10
455.0 0.00020055697405041428
456.0 0.0005246798991720425
457.0 0.00026705668005888583
458.0 9.433266967562304e-06
459.0 4.122761083635851e-05
460.0 7.302210178750101e-05
461.0 1.6273657768572924e-10
462.0 1.6273657768572924e-10
463.0 0.00010940736956399633
464.0 0.0003038703880520188
465.0 0.0005967211563984165
466.0 0.0008895720384316519
467.0 0.0009023548955156002
468.0 0.0009151378435490187
469.0 0.0012600527043105103
470.0 0.001604967656021472
471.0 0.0017581716747372411
472.0 0.0019113756934530102
473.0 0.0021737645511166193
474.0 0.0024361534087802283
475.0 0.0024982540708151646
476.0 0.002560354914749041
477.0 0.002746028985711746
478.0 0.0029317028747755103
479.0 0.0033105148759204894
480.0 0.0036893266951665282
481.0 0.004126713611185551
482.0 0.004564100891002454
483.0 0.0043616742914309725
484.0 0.004159247691859491
485.0 0.0038557212974410504
486.0 0.003552195630618371
487.0 0.003078948793699965
488.0 0.0026057023205794394
489.0 0.002512923674657941
490.0 0.002420144846837502
491.0 0.0020710189346573316
492.0 0.0017218930224771611
493.0 0.0016739075363148004
494.0 0.0016259220501524396
495.0 0.0017766773453331552
496.0 0.0019274326405138709
497.0 0.0016569356375839561
498.0 0.0013864386346540414
499.0 0.0017718250092002563
500.0 0.0021572113837464713
501.0 0.0022743779481970705
502.0 0.0023915443307487294
503.0 0.0027528500140761025
504.0 0.0031141556974034756
505.0 0.0026720879759523086
506.0 0.0022300202545011416
507.0 0.0020926059733028524
508.0 0.0019551915102056228
509.0 0.0018860100681195036
510.0 0.0018168288079323247
511.0 0.0018353783161728643
512.0 0.0018539278244134039
513.0 0.0019776258341153152
514.0 0.002101324025716167
515.0 0.0017229052900802344
516.0 0.0013444863725453615
517.0 0.0012837146641686559
518.0 0.0012229427738930099
519.0 0.0011613831702561583
520.0 0.001099823657568777
521.0 0.0011522325621626806
522.0 0.0012046412848576438
523.0 0.001439040988771012
524.0 0.0016734406017349102
525.0 0.0019961351426900364
526.0 0.002318829865544103
527.0 0.0021861302229808643
528.0 0.002053430762316566
529.0 0.0022306017854134552
530.0 0.002407772626611404
531.0 0.002275316001032479
532.0 0.0021428595573524944
533.0 0.0020638863134081475
534.0 0.0019849130694638006
535.0 0.0018223783627036028
536.0 0.0016598436559434049
537.0 0.0018402368368697353
538.0 0.0020206300177960657
539.0 0.0022866584913572297
540.0 0.0025526867830194533
541.0 0.0033781525416998193
542.0 0.0042036179365823045
543.0 0.004365964559838176
544.0 0.004528310819296166
545.0 0.004784411430591717
546.0 0.005040512041887268
547.0 0.004593714766087942
548.0 0.004146917490288615
549.0 0.003512391049298458
550.0 0.0028778642445104197
551.0 0.0027283804229227826
552.0 0.002578896419436205
553.0 0.0025233182896045037
554.0 0.002467739977873862
555.0 0.0033592084946576506
556.0 0.00425067737523932
557.0 0.004099166108062491
558.0 0.003947654477087781
559.0 0.0037645517295459285
560.0 0.003581449345801957
561.0 0.003602513243095018
562.0 0.0036235775041859597
563.0 0.0034056432923534885
564.0 0.0031877087167231366
565.0 0.003509025918901898
566.0 0.0038303427572827786
567.0 0.004112378883291967
568.0 0.004394414645503275
569.0 0.00483231087855529
570.0 0.005270207475405186
571.0 0.0057847253629006445
572.0 0.006299243250396103
573.0 0.006425230094464496
574.0 0.0065512162109371275
575.0 0.006614017183892429
576.0 0.006676817429251969
577.0 0.006051054879208095
578.0 0.005425292329164222
579.0 0.005403747127274983
580.0 0.005382201925385743
581.0 0.005903490819036961
582.0 0.006424779712688178
583.0 0.007800802995916456
584.0 0.009176827006740496
585.0 0.009754009079188108
586.0 0.010331193334423006
587.0 0.010614805069053546
588.0 0.010898418258875608
589.0 0.01067767443601042
590.0 0.010456932795932516
591.0 0.009916655835695565
592.0 0.009376380330650136
593.0 0.008425148553214967
594.0 0.0074739182309713215
595.0 0.0063986575696617365
596.0 0.0053233969083521515
597.0 0.005594731555902399
598.0 0.005866065839654766
599.0 0.006706141721224412
600.0 0.0075462165114004165
601.0 0.008576809341320768
602.0 0.009607399988453835
603.0 0.010244220902677625
604.0 0.010881042544497177
605.0 0.010799051233334467
606.0 0.010717059194575995
607.0 0.009977394074667245
608.0 0.009237729682354257
609.0 0.007667149475309998
610.0 0.006096570723457262
611.0 0.004930243449052796
612.0 0.003763916902244091
613.0 0.003562724305083975
614.0 0.0033615313441259786
615.0 0.00402815239795018
616.0 0.004694773451774381
617.0 0.006020846194587648
618.0 0.007346918573603034
619.0 0.008752975554671139
620.0 0.010159033263335004
621.0 0.010716130054788664
622.0 0.011273226846242324
623.0 0.011557660764083266
624.0 0.011842092499136925
625.0 0.011279265163466334
626.0 0.010716437100199983
627.0 0.008829336729831994
628.0 0.006942236359464005
629.0 0.005481214247993194
630.0 0.004020191772724502
631.0 0.0032526953873457387
632.0 0.0024851988200680353
633.0 0.002470782055752352
634.0 0.0024563652914366685
635.0 0.0027349820811650716
636.0 0.0030135988708934747
637.0 0.0033814492780948058
638.0 0.0037492998671950772
639.0 0.004395323412609287
640.0 0.005041347321821377
641.0 0.005278722164803185
642.0 0.0055160970077849925
643.0 0.005631083695334382
644.0 0.005746070382883772
645.0 0.005257438897388056
646.0 0.00476880777569022
647.0 0.004150584936724044
648.0 0.0035323620977578685
649.0 0.0028386928534018807
650.0 0.002145023609045893
651.0 0.0018726157577475533
652.0 0.0016002077245502733
653.0 0.001447362683393294
654.0 0.0012945176422363147
655.0 0.001477929163229419
656.0 0.0016613406842225231
657.0 0.0016772224626038224
658.0 0.0016931042409851216
659.0 0.0015603647625539452
660.0 0.0014276255569711793
661.0 0.001505106411059387
662.0 0.001582587356097065
663.0 0.0017201893570018
664.0 0.0018577909941086546
665.0 0.0024497523554600775
666.0 0.0030417137168115005
667.0 0.003714326157933101
668.0 0.004386938599054702
669.0 0.00516434884048067
670.0 0.00594175944570452
671.0 0.006613950245082378
672.0 0.007286138861672953
673.0 0.007630483742104843
674.0 0.007974828622536734
675.0 0.007584666309412569
676.0 0.007194504723884165
677.0 0.006413026858353987
678.0 0.005631548992823809
679.0 0.00430490035796538
680.0 0.00297825154120801
681.0 0.0018985279893968254
682.0 0.0008188047104340512
683.0 0.0007003289283602498
684.0 0.0005818531917611836
685.0 0.0002733411974986666
686.0 1.6273657768572924e-10
687.0 1.6273657768572924e-10
688.0 1.6273657768572924e-10
689.0 0.00011588697361730738
690.0 0.00024530738755856873
691.0 0.00028101746920583537
692.0 0.0003167274599036318
693.0 0.0004307431936467765
694.0 0.0005447588591778185
695.0 0.0003634601398516679
696.0 0.0001821615910557739
697.0 0.00019964295461250003
698.0 0.00021712432953790994
699.0 0.0002754166189333773
700.0 0.00033370897654094733
701.0 0.0003325653551655705
702.0 0.00033142171105282614
703.0 0.00028391580144671025
704.0 0.0002364099145779619
705.0 0.00022986814656178467
706.0 0.00022332633307087235
707.0 0.0002283528374391608
708.0 0.00023337929633271415
709.0 0.00036581582207873
710.0 0.000498252438774216
711.0 0.00042841302274609916
712.0 0.0003585736294553499
713.0 0.000230414912039123
714.0 0.00010225616051684483
715.0 3.0187621291588584e-05
716.0 1.6273657768572924e-10
717.0 1.6273657768572924e-10
718.0 1.6273657768572924e-10
719.0 0.00014849382523607346
720.0 0.00034518448046583217
721.0 0.00047646772145526484
722.0 0.0006077510533941677
723.0 0.00047129951781244017
724.0 0.0003348479594933451
725.0 0.000505122397953528
726.0 0.0006753968591510784
727.0 0.000273480941359594
728.0 1.6273657768572924e-10
729.0 2.2379282427209546e-05
730.0 0.00017319320022579632
731.0 0.00025601621018722653
732.0 0.0003388391178305028
733.0 0.00047638363867008593
734.0 0.0006139283414086094
735.0 0.000282029668596806
736.0 1.6273657768572924e-10
737.0 0.00010390139095761697
738.0 0.0002576716724433936
739.0 0.00013621204288938316
740.0 1.475248438964627e-05
741.0 7.672259130231396e-05
742.0 0.00013869267831978505
743.0 0.0003201329946023179
744.0 0.0005015732767787995
745.0 0.0005688762485078769
746.0 0.0006361791292874841
747.0 0.0005674923613696592
748.0 0.0004988055479770992
749.0 0.0003800806098297471
750.0 0.00026135558073292486
751.0 0.000386755573344999
752.0 0.0005121556569065433
753.0 0.0004027459453936899
754.0 0.0002933363248303067
755.0 0.0005723279173253104
756.0 0.0008513196007697843
757.0 0.0005835137471876806
758.0 0.00031570791634294437
759.0 0.00021387654669524636
760.0 0.00011204508609807817
761.0 0.00033607186651352094
762.0 0.000560098533242126
763.0 0.00041868124753818847
764.0 0.0002772637344605755
765.0 0.00025730100787768606
766.0 0.00023733834950689925
767.0 0.00034743070500553586
768.0 0.0004575231287162751
769.0 0.0003304223355371505
770.0 0.00020332156509539345
771.0 0.00034035267617582576
772.0 0.0004773838099936256
773.0 0.00038777993722760584
774.0 0.0002981761781484238
775.0 0.0001921233206303441
776.0 8.607059385212779e-05
777.0 0.00011766579746108619
778.0 0.00014926088169886498
779.0 0.00047228295443346724
780.0 0.0007953050953801721
781.0 0.0007004607141425367
782.0 0.000605616151005961
783.0 0.0005739257176173851
784.0 0.000542235193279339
785.0 0.00041123867049464025
786.0 0.0002802420567604713
787.0 0.0001288854605263623
788.0 1.6273657768572924e-10
789.0 0.00012445046877473942
790.0 0.000271372050519858
791.0 0.0004764883669849951
792.0 0.0006816047061874997
793.0 0.0007985800948517863
794.0 0.0009155554835160729
795.0 0.0006344076155073708
796.0 0.00035325965654919855
797.0 0.0005614187557512196
798.0 0.0007695777640037704
799.0 0.0006703197868773714
800.0 0.0005710618552257074
801.0 0.0007881829333200585
802.0 0.001005304238788085
803.0 0.0009230997420672793
804.0 0.0008408952453464735
805.0 0.0006152144578663865
806.0 0.0003895336703862995
807.0 0.0001606055093361647
808.0 1.6273657768572924e-10
809.0 0.0003805857431871118
810.0 0.000829494274512399
811.0 0.000656489373795921
812.0 0.000483484473079443
813.0 0.0006349969225993846
814.0 0.0007865093721193261
815.0 0.000612439453107072
816.0 0.0004383693521958776
817.0 0.0006200180905580055
818.0 0.0008016667379706632
819.0 0.0006553051662194775
820.0 0.0005089435944682918
821.0 0.0008239347152994014
822.0 0.001138925836130511
823.0 0.0009583085557096638
824.0 0.0007776915481372271
825.0 0.0009243078238796443
826.0 0.0010709241905715317
827.0 0.0005756182872573845
828.0 8.031231004679285e-05
829.0 0.00015436839930771384
830.0 0.0002284244601469254
831.0 0.00031917422802507645
832.0 0.00040992404137796257
833.0 0.000634403613730683
834.0 0.000858882958709728
835.0 0.0008615293154434767
836.0 0.0008641757631266955
837.0 0.0006166391813167138
838.0 0.00036910273593093734
839.0 0.0007635779184056446
840.0 0.0011580529644561466
841.0 0.0010386794201622251
842.0 0.0009193058758683037
843.0 0.0009480454536969773
844.0 0.0009767851224751212
845.0 0.0007058021765260492
846.0 0.0004348192760517122
847.0 0.0007435419774992624
848.0 0.0010522647244215477
849.0 0.0009397595931659453
850.0 0.0008272543709608726
851.0 0.0006199730250955326
852.0 0.00041269181565439794
853.0 0.0005736251750931842
854.0 0.0007345584890572354
855.0 0.0008357329534192104
856.0 0.000936907235882245
857.0 0.0009280240192310885
858.0 0.0009191408025799319
859.0 0.0008873811566445511
860.0 0.0008556216926081106
861.0 0.0010110161383636296
862.0 0.0011664104931696784
863.0 0.0014134306184132583
864.0 0.0016604506527073681
865.0 0.0019700650227605365
866.0 0.002279679392813705
867.0 0.0025066548914765008
868.0 0.002733630572038237
869.0 0.00286418289761059
870.0 0.0029947350412840024
871.0 0.003084721538471058
872.0 0.003174707671860233
873.0 0.002815235529851634
874.0 0.002455763751640916
