lsstCam/transmission_filter_detector/r14_s00/i_39/19700101T000000.ecsv
# %ECSV 1.0
# ---
# datatype:
# - {name: wavelength, unit: nm, datatype: float32}
# - {name: efficiency, unit: '%', datatype: float64}
# meta: !!omap
# - {MODE: DETECTOR}
# - {TYPE: transmission_filter_detector}
# - {CALIBDATE: '1970-01-01T00:00:00'}
# - {INSTRUME: LSSTCam}
# - {OBSTYPE: transmission_filter_detector}
# - {CALIBCLS: lsst.ip.isr.IntermediateFilterDetectorTransmissionCurve}
# - {SOURCE: Materion (DM-46256)}
# - {DETECTOR: 63}
# - {FILTER: i_39}
# - {CALIB_ID: 'calibDate=1970-01-01T00:00:00 filter=i_39 detector=63'}
# - {DATE: '2025-04-02T15:59:46.771217'}
# - {CALIB_CREATION_DATE: '2025-04-02'}
# - {CALIB_CREATION_TIME: '15:59:46'}
# - __serialized_columns__:
#     efficiency:
#       __class__: astropy.units.quantity.Quantity
#       unit: !astropy.units.Unit {unit: '%'}
#       value: !astropy.table.SerializedColumn {name: efficiency}
#     wavelength:
#       __class__: astropy.units.quantity.Quantity
#       unit: !astropy.units.Unit {unit: nm}
#       value: !astropy.table.SerializedColumn {name: wavelength}
# schema: astropy-2.0
wavelength efficiency
[from data line 596]
896.0 1.6530838113301694e-10
897.0 1.6530838113301694e-10
898.0 1.6530838113301694e-10
899.0 1.6530838113301694e-10
900.0 1.6530838113301694e-10
901.0 1.6530838113301694e-10
902.0 1.6530838113301694e-10
903.0 1.6530838113301694e-10
904.0 1.6530838113301694e-10
905.0 1.6530838113301694e-10
906.0 1.6530838113301694e-10
907.0 9.73958208305703e-05
908.0 0.00022263907339947764
909.0 1.6530838113301694e-10
910.0 1.6530838113301694e-10
911.0 1.6530838113301694e-10
912.0 5.797264748252928e-05
913.0 4.438323912836495e-05
914.0 3.07938364585425e-05
915.0 1.6530838113301694e-10
916.0 1.6530838113301694e-10
917.0 1.6530838113301694e-10
918.0 1.6530838113301694e-10
919.0 1.6530838113301694e-10
920.0 5.9787743111883174e-05
921.0 1.7171484500977385e-05
922.0 1.6530838113301694e-10
923.0 1.6530838113301694e-10
924.0 1.6530838113301694e-10
925.0 4.630672378880263e-05
926.0 0.00030577743928006385
927.0 1.766746606790548e-05
928.0 1.6530838113301694e-10
929.0 1.6530838113301694e-10
930.0 0.00015919424640742363
931.0 0.00015762295788590563
932.0 0.0001560516466270201
933.0 0.00010523649507376831
934.0 5.442138899525162e-05
935.0 1.6530838113301694e-10
936.0 1.6530838113301694e-10
937.0 1.6530838113301694e-10
938.0 1.6530838113301694e-10
939.0 1.6530838113301694e-10
940.0 1.6530838113301694e-10
941.0 1.6530838113301694e-10
942.0 1.6530838113301694e-10
943.0 1.6530838113301694e-10
944.0 1.6530838113301694e-10
945.0 1.6530838113301694e-10
946.0 1.6530838113301694e-10
947.0 1.6530838113301694e-10
948.0 1.6530838113301694e-10
949.0 1.6530838113301694e-10
950.0 1.6530838113301694e-10
951.0 1.6530838113301694e-10
952.0 1.6530838113301694e-10
953.0 1.6530838113301694e-10
954.0 1.6530838113301694e-10
955.0 9.007775361169479e-05
956.0 0.0002702207893889863
957.0 0.00024521516479580896
958.0 0.00022020949472789653
959.0 0.00020049899376317626
960.0 0.00018078851553582354
961.0 0.00012079176485713106
962.0 6.0795031231464236e-05
963.0 1.6530838113301694e-10
964.0 1.6530838113301694e-10
965.0 1.6530838113301694e-10
966.0 1.6530838113301694e-10
967.0 1.6530838113301694e-10
968.0 1.6530838113301694e-10
969.0 1.6530838113301694e-10
970.0 1.6530838113301694e-10
971.0 1.6530838113301694e-10
972.0 1.6530838113301694e-10
973.0 1.6530838113301694e-10
974.0 1.6530838113301694e-10
975.0 1.6530838113301694e-10
976.0 9.052334348780278e-06
977.0 1.6530838113301694e-10
978.0 1.6530838113301694e-10
979.0 1.6530838113301694e-10
980.0 1.6530838113301694e-10
981.0 1.6530838113301694e-10
982.0 1.6530838113301694e-10
983.0 1.6530838113301694e-10
984.0 1.6530838113301694e-10
985.0 9.842373174251406e-05
986.0 0.0002674091774679255
987.0 1.6530838113301694e-10
988.0 1.6530838113301694e-10
989.0 1.6530838113301694e-10
990.0 1.6530838113301694e-10
991.0 1.6530838113301694e-10
992.0 1.6530838113301694e-10
993.0 1.6530838113301694e-10
994.0 1.6530838113301694e-10
995.0 1.6530838113301694e-10
996.0 1.6530838113301694e-10
997.0 1.5010731146958278e-05
998.0 0.0002646840357556357
999.0 0.00029912350782979047
1000.0 0.00033356293442921015
1001.0 0.00016222103340624017
1002.0 1.6530838113301694e-10
1003.0 3.414290858927416e-05
1004.0 7.740674732303887e-05
1005.0 1.1559938428717942e-05
1006.0 1.6530838113301694e-10
1007.0 1.9946385521052434e-05
1008.0 9.417966566616087e-05
1009.0 8.139260216921684e-05
1010.0 6.860547046017018e-05
1011.0 0.00013945875707577216
1012.0 0.00021031198684795527
1013.0 0.00036838496271229815
1014.0 0.0005264579613140086
1015.0 0.0004116082436667057
1016.0 0.0002967585942315054
1017.0 0.00040834597712091636
1018.0 0.0005199335191719001
1019.0 0.00034402901292196475
1020.0 0.00016812443845992675
1021.0 0.00017714187379169744
1022.0 0.00018615929775478435
1023.0 0.0005532601335289655
1024.0 0.0009203611625707708
1025.0 0.0007188229119492462
1026.0 0.0005172846613277216
1027.0 0.00045099895942257717
1028.0 0.0003847132575174328
1029.0 0.0007634467692696489
1030.0 0.0011421803719713353
1031.0 0.0017173912056023255
1032.0 0.002292601675435435
1033.0 0.0025086277673835866
1034.0 0.0027246529498370364
1035.0 0.0032740023016231135
1036.0 0.003823350925813429
1037.0 0.003871478111250326
1038.0 0.003919604932889342
1039.0 0.00322542546200566
1040.0 0.0025312463549198583
1041.0 0.0020417097402969375
1042.0 0.0015521729437750764
1043.0 0.0022890453692525625
1044.0 0.0030259177947300486
1045.0 0.0034304921427974477
1046.0 0.003835067036561668
1047.0 0.0035997258237330243
1048.0 0.0033643849747022614
1049.0 0.003002738594659604
1050.0 0.002641092214616947
1051.0 0.002574899008322973
1052.0 0.002508705983927939
1053.0 0.0017086991647374816
1054.0 0.0009086923455470242
1055.0 0.0008124502528517041
1056.0 0.000716208114681649
1057.0 0.0007875935807533097
1058.0 0.0008589792741986457
1059.0 0.0008970993803814054
1060.0 0.0009352199413115159
1061.0 0.001679675915511325
1062.0 0.0024241317078121938
1063.0 0.0024796330762910657
1064.0 0.002535134262870997
1065.0 0.002975336064992007
1066.0 0.0034155382309108973
1067.0 0.004250225538271479
1068.0 0.005084912845632061
1069.0 0.004174933928879909
1070.0 0.0032649546483298764
1071.0 0.003187990660080686
1072.0 0.003111026671831496
1073.0 0.0029418457415886223
1074.0 0.0027726648113457486
1075.0 0.002838924774550833
1076.0 0.0029051845558569767
1077.0 0.002346935434616171
1078.0 0.0017886859495774843
1079.0 0.001975495251826942
1080.0 0.00216230473597534
1081.0 0.0013097328519506846
1082.0 0.0004571609679260291
1083.0 1.6530838113301694e-10
1084.0 1.6530838113301694e-10
1085.0 0.00022417473246605368
1086.0 0.001064155003405176
1087.0 0.0008180318218364846
1088.0 0.0005719086857425282
1089.0 1.6530838113301694e-10
1090.0 1.6530838113301694e-10
1091.0 1.6530838113301694e-10
1092.0 1.6530838113301694e-10
1093.0 1.6530838113301694e-10
1094.0 0.00042400715756230056
1095.0 0.00047142289076873567
1096.0 0.0005188388058741111
1097.0 1.6530838113301694e-10
1098.0 1.6530838113301694e-10
1099.0 1.6530838113301694e-10
1100.0 3.4687352989948295e-07
