lsstCam/transmission_filter_detector/r14_s00/i_39/19700101T000000.ecsv
# %ECSV 1.0
# ---
# datatype:
# - {name: wavelength, unit: nm, datatype: float32}
# - {name: efficiency, unit: '%', datatype: float64}
# meta: !!omap
# - {MODE: DETECTOR}
# - {TYPE: transmission_filter_detector}
# - {CALIBDATE: '1970-01-01T00:00:00'}
# - {INSTRUME: LSSTCam}
# - {OBSTYPE: transmission_filter_detector}
# - {CALIBCLS: lsst.ip.isr.IntermediateFilterDetectorTransmissionCurve}
# - {SOURCE: Materion (DM-46256)}
# - {DETECTOR: 63}
# - {FILTER: i_39}
# - {CALIB_ID: 'calibDate=1970-01-01T00:00:00 filter=i_39 detector=63'}
# - {DATE: '2025-04-02T15:59:46.771217'}
# - {CALIB_CREATION_DATE: '2025-04-02'}
# - {CALIB_CREATION_TIME: '15:59:46'}
# - __serialized_columns__:
#     efficiency:
#       __class__: astropy.units.quantity.Quantity
#       unit: !astropy.units.Unit {unit: '%'}
#       value: !astropy.table.SerializedColumn {name: efficiency}
#     wavelength:
#       __class__: astropy.units.quantity.Quantity
#       unit: !astropy.units.Unit {unit: nm}
#       value: !astropy.table.SerializedColumn {name: wavelength}
# schema: astropy-2.0
wavelength efficiency
300.0 0.07035369635559618
301.0 0.027736957417801023
302.0 1.6530838113301694e-10
303.0 0.01152783224824816
304.0 0.03793540527112782
305.0 0.029725144850090146
306.0 0.02151488297386095
307.0 0.003456986087257974
308.0 1.6530838113301694e-10
309.0 1.6530838113301694e-10
310.0 1.6530838113301694e-10
311.0 1.6530838113301694e-10
312.0 0.004001906563644297
313.0 0.0019512812286848202
314.0 1.6530838113301694e-10
315.0 1.6530838113301694e-10
316.0 1.6530838113301694e-10
317.0 1.6530838113301694e-10
318.0 1.6530838113301694e-10
319.0 1.6530838113301694e-10
320.0 1.6530838113301694e-10
321.0 1.6530838113301694e-10
322.0 1.6530838113301694e-10
323.0 1.6530838113301694e-10
324.0 1.6530838113301694e-10
325.0 1.6530838113301694e-10
326.0 1.6530838113301694e-10
327.0 1.6530838113301694e-10
328.0 0.0036081564758205786
329.0 0.0026330169930588454
330.0 0.0016578778740949929
331.0 0.0006779829618608346
332.0 1.6530838113301694e-10
333.0 0.0008593755410402082
334.0 0.002020662577706389
335.0 0.0012528086699603591
336.0 0.0004849554443353554
337.0 0.001790973692550324
338.0 0.0030969920771894976
339.0 0.0030825030989944935
340.0 0.0030680148483952507
341.0 1.6530838113301694e-10
342.0 1.6530838113301694e-10
343.0 1.6530838113301694e-10
344.0 1.6530838113301694e-10
345.0 1.6530838113301694e-10
346.0 1.6530838113301694e-10
347.0 1.6530838113301694e-10
348.0 1.6530838113301694e-10
349.0 1.6530838113301694e-10
350.0 1.6530838113301694e-10
351.0 1.6530838113301694e-10
352.0 1.6530838113301694e-10
353.0 1.6530838113301694e-10
354.0 1.6530838113301694e-10
355.0 1.6530838113301694e-10
356.0 1.6530838113301694e-10
357.0 9.161242360278266e-05
358.0 0.0008232266736740712
359.0 0.0011709802492987365
360.0 0.0015187332792265806
361.0 0.0011105512385256588
362.0 0.0007023691978247371
363.0 0.000418332683693734
364.0 0.00013429648788587656
365.0 0.0012139900718466379
366.0 0.002293683974130545
367.0 0.001512307790108025
368.0 0.000730931424186565
369.0 0.0010085297617479227
370.0 0.0012861282812082209
371.0 0.0011122285286546685
372.0 0.0009383287761011161
373.0 0.0011959162293351255
374.0 0.001453503682569135
375.0 0.0003383925104571972
376.0 1.6530838113301694e-10
377.0 1.6530838113301694e-10
378.0 3.176200209509261e-05
379.0 2.773145411083533e-05
380.0 2.3700916074176348e-05
381.0 1.6530838113301694e-10
382.0 1.6530838113301694e-10
383.0 3.725144495092536e-05
384.0 0.0012689581126323901
385.0 0.0010945771464321297
386.0 0.0009201959073834587
387.0 1.6530838113301694e-10
388.0 1.6530838113301694e-10
389.0 1.6530838113301694e-10
390.0 1.6530838113301694e-10
391.0 1.6530838113301694e-10
392.0 1.6530838113301694e-10
393.0 1.6530838113301694e-10
394.0 0.0007118395387806231
395.0 1.6530838113301694e-10
396.0 1.6530838113301694e-10
397.0 1.6530838113301694e-10
398.0 1.6530838113301694e-10
399.0 1.6530838113301694e-10
400.0 1.6530838113301694e-10
401.0 0.0012153884199506138
402.0 0.0028976573958061635
403.0 0.00332534582412336
404.0 0.0037530346162384376
405.0 0.005416520070866682
406.0 0.007080005161697045
407.0 0.0029656188416993245
408.0 1.6530838113301694e-10
409.0 1.6530838113301694e-10
410.0 0.0004023794190288754
411.0 0.0022973106752033345
412.0 0.0041922423406504095
413.0 0.004477231414057314
414.0 0.0047622215788578615
415.0 0.004992502726963721
416.0 0.0052227831474738196
417.0 0.003416385516175069
418.0 0.001609987702977378
419.0 0.0033729411370586604
420.0 0.005135894025443122
421.0 0.004448697291081771
422.0 0.0037614998291246593
423.0 0.003785601074923761
424.0 0.0038097015931271017
425.0 0.0028324086088105105
426.0 0.0018551143512013368
427.0 0.0032520674722036347
428.0 0.004649021138902754
429.0 0.005299765689414926
430.0 0.00595051096752286
431.0 0.004479898780118674
432.0 0.0030092875022091903
433.0 0.003873972673318349
434.0 0.004738658026326448
435.0 0.0033667616662569344
436.0 0.001994865306187421
437.0 0.0017408721760148183
438.0 0.0014868790458422154
439.0 0.001985868948395364
440.0 0.0024848593966453336
441.0 0.0009793118806555867
442.0 1.6530838113301694e-10
443.0 1.6530838113301694e-10
444.0 1.6530838113301694e-10
445.0 1.6530838113301694e-10
446.0 1.6530838113301694e-10
447.0 0.0002758926711976528
448.0 0.0005883662197447848
449.0 1.6530838113301694e-10
450.0 1.6530838113301694e-10
451.0 0.0001554523805680219
452.0 0.0012088482435501646
453.0 0.0016855505236890167
454.0 0.0021622532585752197
455.0 0.002040894833044149
456.0 0.0019195364075130783
457.0 0.0012328474440437276
458.0 0.0005461584805743769
459.0 0.0001923667923620087
460.0 1.6530838113301694e-10
461.0 0.00014329276609714725
462.0 0.0004480104053072864
463.0 9.803433158594999e-05
464.0 1.6530838113301694e-10
465.0 0.00012375527376207174
466.0 0.000499452335134265
467.0 0.0006398159712261986
468.0 0.0007801795618433971
469.0 0.00039939218368090224
470.0 1.8604862361826235e-05
471.0 0.0004480622010305524
472.0 0.0008775195965426974
473.0 0.001017508293443825
474.0 0.0011574971722438931
475.0 0.000646954958938295
476.0 0.00013641301848110743
477.0 0.0007168338015617337
478.0 0.0012972546755918302
479.0 0.0012887768207292538
480.0 0.0012802990568161476
481.0 0.0025912795535987243
482.0 0.0039022586861392483
483.0 0.005170502117834985
484.0 0.0064387451857328415
485.0 0.006520174792967737
486.0 0.006601604400202632
487.0 0.00963751517701894
488.0 0.012673425953835249
489.0 0.01623202406335622
490.0 0.019790622172877192
491.0 0.02243885537609458
492.0 0.025087091489695013
493.0 0.027749911532737315
494.0 0.030412734486162663
495.0 0.027566307107917964
496.0 0.024719873908907175
497.0 0.019542902009561658
498.0 0.014365927199833095
499.0 0.010223630670225248
500.0 0.006081335595808923
501.0 0.004463589721126482
502.0 0.002845844028342981
503.0 0.0024194032448576763
504.0 0.001992962097574491
505.0 0.0019248307580710389
506.0 0.001856699600466527
507.0 0.0020559529730235226
508.0 0.0022552059817826375
509.0 0.0023316795704886317
510.0 0.002408153159194626
511.0 0.001871389576990623
512.0 0.0013346260857360903
513.0 0.00152509401232237
514.0 0.0017155618479591794
515.0 0.0023147076717577875
516.0 0.002913853859354276
517.0 0.0023190470528788865
518.0 0.0017242402464034967
519.0 0.001972151039808523
520.0 0.0022200620151124895
521.0 0.0018322420146432705
522.0 0.001444422196072992
523.0 0.0014644318071077578
524.0 0.0014844416909909341
525.0 0.001958761095011141
526.0 0.002433080408081878
527.0 0.0025303852453362197
528.0 0.0026276902644895017
529.0 0.0024880122509784997
530.0 0.0023483340555685572
531.0 0.002228252196800895
532.0 0.002108170519932173
533.0 0.0018836339222616516
534.0 0.0016590975064900704
535.0 0.0015760491805849597
536.0 0.0014930007637303788
537.0 0.002267000309075229
538.0 0.0030409995815716684
539.0 0.003617921538534574
540.0 0.0041948442230932415
541.0 0.004819971218239516
542.0 0.005445098577183671
543.0 0.005173137105884962
544.0 0.004901175998384133
545.0 0.003993834980065003
546.0 0.0030864946893416345
547.0 0.0023977248929440975
548.0 0.0017089550965465605
549.0 0.0017594913515495136
550.0 0.0018100276065524668
551.0 0.001563712976349052
552.0 0.0013173986189940479
553.0 0.0015245160284393933
554.0 0.0017316335288342088
555.0 0.001362630609946791
556.0 0.0009936276910593733
557.0 0.0008661299034429248
558.0 0.0007386322067759465
559.0 0.0002802204562613042
560.0 1.6530838113301694e-10
561.0 0.000571815735384007
562.0 0.0013218228559708223
563.0 0.00145220328704454
564.0 0.0015825837181182578
565.0 0.0012451971997506917
566.0 0.0009078107723325957
567.0 0.0008888893717085011
568.0 0.0008699680620338768
569.0 0.0008620632797828875
570.0 0.000854158315632958
571.0 0.00047872908908175305
572.0 0.00010329985116186435
573.0 0.0003440036380197853
574.0 0.0005847075499332277
575.0 0.0005037510618421948
576.0 0.00042279448280169163
577.0 0.00046894847400835715
578.0 0.0005151024197402876
579.0 0.00019943079223594395
580.0 1.6530838113301694e-10
581.0 0.00015128911172723747
582.0 0.00041881903598550707
583.0 0.0005164934918866493
584.0 0.0006141678113635862
585.0 0.0007592488145746756
586.0 0.0009043299542099703
587.0 0.0008147188054863364
588.0 0.0007251076112879673
589.0 0.0006532878614962101
590.0 0.0005814681117044529
591.0 0.0007945680408738554
592.0 0.0010076682883664034
593.0 0.0005990989848214667
594.0 0.00019052968127653003
595.0 0.0005749719548475696
596.0 0.000959414137469139
597.0 0.0007331935648835497
598.0 0.0005069730377726955
599.0 0.0005159447482583346
600.0 0.0005249163223197684
601.0 0.00043863751670869533
602.0 0.0003523586656228872
603.0 0.00034372269510640763
604.0 0.0003350865426909877
605.0 0.00020809679881494958
606.0 8.110705493891146e-05
607.0 0.0003879222276736982
608.0 0.0006947373094590148
609.0 0.0005668193352903472
610.0 0.0004389010882732691
611.0 0.0006422530532290693
612.0 0.0008456050636596046
613.0 0.0004914089458907256
614.0 0.00013721289633394917
615.0 1.6530838113301694e-10
616.0 1.6530838113301694e-10
617.0 1.6530838113301694e-10
618.0 8.471268415632949e-05
619.0 0.0002538718035793863
620.0 0.0004230309514241526
621.0 0.0005240470727585489
622.0 0.000625063103143475
623.0 0.0005266650987323374
624.0 0.00042826718527066987
625.0 0.00046588443183281925
626.0 0.0005035017693444388
627.0 0.0003509589078021236
628.0 0.00019841604625980835
629.0 0.0004264778908691369
630.0 0.0006545397354784654
631.0 0.0005465991307573859
632.0 0.0004386584805615712
633.0 0.00041726543713593856
634.0 0.0003958723937103059
635.0 0.00036486928820522735
636.0 0.0003338660917506786
637.0 0.00032850746265467023
638.0 0.00032314867439708905
639.0 0.0006199194558575982
640.0 0.0009166900781565346
641.0 0.0006379619208018994
642.0 0.00035923374070989667
643.0 0.0005194242021389073
644.0 0.0006796146863052854
645.0 0.0006561825102835428
646.0 0.0006327504252112703
647.0 0.0007889150765549857
648.0 0.0009450802281207871
649.0 0.0008284152499982156
650.0 0.0007117503173503792
651.0 0.0009050829248735681
652.0 0.0010984155778714921
653.0 0.001261456054635346
654.0 0.0014244964404497296
655.0 0.0018949025616166182
656.0 0.002365308682783507
657.0 0.003405410097911954
658.0 0.004445510421646759
659.0 0.006923510227352381
660.0 0.06033251411281526
661.0 0.0802463386207819
662.0 0.07355240522883832
663.0 0.07320180302485824
664.0 0.12005631579086185
665.0 0.11920616962015629
666.0 0.1374529441818595
667.0 0.16151490854099393
668.0 0.1701784203760326
669.0 0.24895083624869585
670.0 0.3136497689411044
671.0 0.5024831276386976
672.0 0.7375723216682673
673.0 1.232365146279335
674.0 1.8694063648581505
675.0 2.718169055879116
676.0 3.7500109523534775
677.0 5.086680501699448
678.0 6.441428512334824
679.0 7.847730815410614
680.0 9.710875153541565
681.0 11.760660260915756
682.0 14.272458851337433
683.0 17.08180457353592
684.0 20.066313445568085
685.0 22.959066927433014
686.0 25.978374481201172
687.0 29.110422730445862
688.0 32.29878544807434
689.0 35.51643788814545
690.0 39.25958573818207
691.0 43.28080713748932
692.0 48.15143048763275
693.0 53.2626748085022
694.0 59.07910466194153
695.0 64.74887728691101
696.0 71.0116446018219
697.0 76.63530111312866
698.0 82.7197790145874
699.0 87.32147812843323
700.0 90.89693427085876
701.0 93.70258450508118
702.0 95.70268392562866
703.0 96.78793549537659
704.0 97.33872413635254
705.0 97.78587818145752
706.0 97.80458807945251
707.0 97.9467511177063
708.0 97.99408316612244
709.0 98.11347723007202
710.0 97.81045317649841
711.0 98.02649021148682
712.0 97.92886972427368
713.0 97.94700741767883
714.0 98.04490208625793
715.0 98.08537364006042
716.0 97.94833064079285
717.0 98.16023707389832
718.0 98.22502732276917
719.0 98.1834888458252
720.0 98.40449690818787
721.0 98.37701916694641
722.0 98.06399345397949
723.0 97.83109426498413
724.0 97.579425573349
725.0 97.25834131240845
726.0 96.90389037132263
727.0 96.67070508003235
728.0 96.37437462806702
729.0 96.16063833236694
730.0 96.19899988174438
731.0 96.29697799682617
732.0 96.2620496749878
733.0 96.53322100639343
734.0 96.92043662071228
735.0 97.09720611572266
736.0 97.51807451248169
737.0 97.91341423988342
738.0 98.23647737503052
739.0 98.5815167427063
740.0 98.63465428352356
741.0 98.54012131690979
742.0 98.88274073600769
743.0 98.69720935821533
744.0 98.50536584854126
745.0 98.50636124610901
746.0 98.43273162841797
747.0 98.64846467971802
748.0 98.57802987098694
749.0 98.50955605506897
750.0 98.52504134178162
751.0 98.4356939792633
752.0 98.31709861755371
753.0 98.48943948745728
754.0 98.44849705696106
755.0 98.56412410736084
756.0 98.58799576759338
757.0 98.58126044273376
758.0 98.76818060874939
759.0 98.76431226730347
760.0 98.59489798545837
761.0 98.48575592041016
762.0 98.66229891777039
763.0 98.5742449760437
764.0 98.48296642303467
765.0 98.40214848518372
766.0 98.4724223613739
767.0 98.2506275177002
768.0 98.30873608589172
769.0 98.31741452217102
770.0 98.0732262134552
771.0 98.13221096992493
772.0 98.14103245735168
773.0 98.06367754936218
774.0 97.93563485145569
775.0 97.99090623855591
776.0 97.86220788955688
777.0 97.9213297367096
778.0 97.89167642593384
779.0 97.965407371521
780.0 97.88238406181335
781.0 98.18187355995178
782.0 98.0021595954895
783.0 98.0290174484253
784.0 98.06256890296936
785.0 98.16926717758179
786.0 98.36828112602234
787.0 98.09266924858093
788.0 98.13235998153687
789.0 98.28750491142273
790.0 98.23998808860779
791.0 98.20166230201721
792.0 98.04695844650269
793.0 98.01862239837646
794.0 98.04767966270447
795.0 97.94780015945435
796.0 97.88269400596619
797.0 98.04073572158813
798.0 97.99357056617737
799.0 97.86399006843567
800.0 97.64574766159058
801.0 97.71366715431213
802.0 97.58087396621704
803.0 97.38985300064087
804.0 97.22286462783813
805.0 96.86511754989624
806.0 96.51445746421814
807.0 95.95155715942383
808.0 95.07745504379272
809.0 94.00659203529358
810.0 92.82947778701782
811.0 91.1981999874115
812.0 89.13043737411499
813.0 86.57816052436829
814.0 83.70282053947449
815.0 80.26537299156189
816.0 76.60667896270752
817.0 72.33356237411499
818.0 67.49293804168701
819.0 63.188403844833374
820.0 58.1608772277832
821.0 53.5824716091156
822.0 49.090805649757385
823.0 44.48377788066864
824.0 39.82634246349335
825.0 35.609039664268494
826.0 31.16087317466736
827.0 26.519039273262024
828.0 22.357359528541565
829.0 18.1804358959198
830.0 13.86500746011734
831.0 10.566584020853043
832.0 7.356499135494232
833.0 4.9427330493927
834.0 3.0763253569602966
835.0 1.8479708582162857
836.0 1.0777905583381653
837.0 0.6426295731216669
838.0 0.34139149356633425
839.0 0.2313976874575019
840.0 0.11836232151836157
841.0 0.06179092451930046
842.0 0.04214890068396926
843.0 1.6530838113301694e-10
844.0 1.6530838113301694e-10
845.0 1.6530838113301694e-10
846.0 1.6530838113301694e-10
847.0 1.6530838113301694e-10
848.0 1.6530838113301694e-10
849.0 1.6530838113301694e-10
850.0 1.6530838113301694e-10
851.0 1.6530838113301694e-10
852.0 0.0007843057574064005
853.0 0.0011224000445508864
854.0 0.0014604945135943126
855.0 0.001049451657308964
856.0 0.0006384088919730857
857.0 0.0007746922165097203
858.0 0.0009109751772484742
859.0 0.000545755847269902
860.0 0.00018053627854897059
861.0 0.00023335414880421013
862.0 0.0002861719167412957
863.0 0.00015065313618833898
864.0 1.5134433795083169e-05
865.0 2.4747865268182068e-05
866.0 3.436125552980229e-05
867.0 6.612803531425016e-05
868.0 9.78947809926467e-05
869.0 1.6530838113301694e-10
870.0 1.6530838113301694e-10
871.0 1.6530838113301694e-10
872.0 0.0001675511271059804
873.0 0.0001487375698161486
874.0 0.0001299239670515817
875.0 0.00011446134067227831
876.0 9.899872566165868e-05
877.0 1.6530838113301694e-10
878.0 1.6530838113301694e-10
879.0 1.6530838113301694e-10
880.0 0.0004385574357002042
881.0 0.00022534090931003448
882.0 1.212439286746303e-05
883.0 0.0001534614057163708
884.0 0.0002947984967249795
885.0 8.761751359998016e-05
886.0 1.6530838113301694e-10
887.0 3.724586150610776e-06
888.0 0.00012701260629910394
889.0 5.3378352049548994e-05
890.0 1.6530838113301694e-10
891.0 8.556771717849188e-05
892.0 0.0001913912910822546
893.0 0.00021980577002977952
894.0 0.0002482202262399369
