lsstCam/transmission_filter_detector/r22_s20/g_6/19700101T000000.ecsv
# %ECSV 1.0
# ---
# datatype:
# - {name: wavelength, unit: nm, datatype: float32}
# - {name: efficiency, unit: '%', datatype: float64}
# meta: !!omap
# - {MODE: DETECTOR}
# - {TYPE: transmission_filter_detector}
# - {CALIBDATE: '1970-01-01T00:00:00'}
# - {INSTRUME: LSSTCam}
# - {OBSTYPE: transmission_filter_detector}
# - {CALIBCLS: lsst.ip.isr.IntermediateFilterDetectorTransmissionCurve}
# - {SOURCE: Materion (DM-46256)}
# - {DETECTOR: 96}
# - {FILTER: g_6}
# - {CALIB_ID: 'calibDate=1970-01-01T00:00:00 filter=g_6 detector=96'}
# - {DATE: '2025-04-02T15:59:42.473081'}
# - {CALIB_CREATION_DATE: '2025-04-02'}
# - {CALIB_CREATION_TIME: '15:59:42'}
# - __serialized_columns__:
#     efficiency:
#       __class__: astropy.units.quantity.Quantity
#       unit: !astropy.units.Unit {unit: '%'}
#       value: !astropy.table.SerializedColumn {name: efficiency}
#     wavelength:
#       __class__: astropy.units.quantity.Quantity
#       unit: !astropy.units.Unit {unit: nm}
#       value: !astropy.table.SerializedColumn {name: wavelength}
# schema: astropy-2.0
wavelength efficiency
[from data line 608]
908.0 0.00046933664634707384
909.0 0.00033670853554212954
910.0 0.0003454388888712856
911.0 0.00035416924220044166
912.0 0.00045102715375833213
913.0 0.0005478850653162226
914.0 0.000499702173328842
915.0 0.00045151932681619655
916.0 0.00042558458517305553
917.0 0.0003996499344793847
918.0 0.00041926768972189166
919.0 0.0004388854904391337
920.0 0.0004263268692739075
921.0 0.0004137682935834164
922.0 0.00042623505578376353
923.0 0.00043870186345884576
924.0 0.0004371003342384938
925.0 0.0004354987595434068
926.0 0.00047190319492074195
927.0 0.0005083076757728122
928.0 0.0006102302904764656
929.0 0.0007121529506548541
930.0 0.0005811348728457233
931.0 0.00045011670408712234
932.0 0.0005140689154359279
933.0 0.0005780212632089388
934.0 0.0006077021680539474
935.0 0.0006373831638484262
936.0 0.0005866157607670175
937.0 0.0005358484031603439
938.0 0.0005849111403222196
939.0 0.0006339740593830356
940.0 0.000626456358077121
941.0 0.000618938520347001
942.0 0.0006835186468379106
943.0 0.0007480986823793501
944.0 0.0007702466064074542
945.0 0.0007923944394860882
946.0 0.0009448999662708957
947.0 0.001097405402106233
948.0 0.0009251627488993108
949.0 0.0007529201411671238
950.0 0.0008567948498239275
951.0 0.0009606695130059961
952.0 0.0010215052498097066
953.0 0.0010823408047144767
954.0 0.0010363796718593221
955.0 0.0009904184480546974
956.0 0.0009233903256244957
957.0 0.000856362112244824
958.0 0.0008449690540146548
959.0 0.0008335759957844857
960.0 0.0007795587407599669
961.0 0.0007255412583617726
962.0 0.0007905336133262608
963.0 0.0008555259228160139
964.0 0.0007610324701090576
965.0 0.0006665387445536908
966.0 0.000667033873469336
967.0 0.000667528911435511
968.0 0.0006882067737024045
969.0 0.0007088845450198278
970.0 0.0007128745437512407
971.0 0.0007168645879573887
972.0 0.0008265531505458057
973.0 0.0009362415767100174
974.0 0.0009608825166651513
975.0 0.0009855235475697555
976.0 0.0008881102075974923
977.0 0.0007906969585746992
978.0 0.000887390342541039
979.0 0.000984083908406319
980.0 0.00110086148197297
981.0 0.0012176391464890912
982.0 0.001226850326929707
983.0 0.0012360618711682037
984.0 0.0012867638361058198
985.0 0.0013374657100939658
986.0 0.0012972704098501708
987.0 0.0012570749277074356
988.0 0.0012925197552249301
989.0 0.0013279643098940141
990.0 0.001338013225904433
991.0 0.0013480620509653818
992.0 0.0012562698429974262
993.0 0.0011644776350294705
994.0 0.0012727899047604296
995.0 0.001381102356390329
996.0 0.0013308270354173146
997.0 0.0012805517144443002
998.0 0.0012979311577510089
999.0 0.0013153106920071878
1000.0 0.0012741386854031589
1001.0 0.0012329664059507195
1002.0 0.0012903741662739776
1003.0 0.0013477817446982954
1004.0 0.0013769232282356825
1005.0 0.0014060646208235994
1006.0 0.0015410016203531995
1007.0 0.0016759384379838593
1008.0 0.0016399731975980103
1009.0 0.0016040081391111016
1010.0 0.0017017409845720977
1011.0 0.001799474011932034
1012.0 0.0018547167201177217
1013.0 0.001909959246404469
1014.0 0.00213913808693178
1015.0 0.002368316927459091
1016.0 0.0025106472094194032
1017.0 0.0026529774913797155
1018.0 0.002913558819273021
1019.0 0.0031741401471663266
1020.0 0.003523306077113375
1021.0 0.0038724720070604235
1022.0 0.00397317016904708
1023.0 0.004073868694831617
1024.0 0.004262725269654766
1025.0 0.0044515814806800336
1026.0 0.004607062510331161
1027.0 0.004762543539982289
1028.0 0.005131505895406008
1029.0 0.0055004682508297265
1030.0 0.005423156471806578
1031.0 0.00534584469278343
1032.0 0.005493703065440059
1033.0 0.0056415610742988065
1034.0 0.005621302989311516
1035.0 0.005601044540526345
1036.0 0.005745663656853139
1037.0 0.005890282773179933
1038.0 0.005974929808871821
1039.0 0.006059576844563708
1040.0 0.006243186362553388
1041.0 0.006426795880543068
1042.0 0.006629706331295893
1043.0 0.006832616054452956
1044.0 0.0075069707236252725
1045.0 0.00818132539279759
1046.0 0.00909985028556548
1047.0 0.01001837445073761
1048.0 0.011413736501708627
1049.0 0.012809096369892359
1050.0 0.015091626846697181
1051.0 0.01737415586831048
1052.0 0.02104893937939778
1053.0 0.024723727256059647
1054.0 0.030102735036052763
1055.0 0.035481745726428926
1056.0 0.04236603854224086
1057.0 0.049250328447669744
1058.0 0.05754525191150606
1059.0 0.06584016955457628
1060.0 0.0746442296076566
1061.0 0.08344829548150301
1062.0 0.09195006568916142
1063.0 0.10045180097222328
1064.0 0.10856513399630785
1065.0 0.11667843209579587
1066.0 0.1252505462616682
1067.0 0.13382266042754054
1068.0 0.14214460970833898
1069.0 0.1504665706306696
1070.0 0.15921189915388823
1071.0 0.16795721603557467
1072.0 0.17595109529793262
1073.0 0.18394499784335494
1074.0 0.19315594108775258
1075.0 0.2023668959736824
1076.0 0.21240627393126488
1077.0 0.22244569845497608
1078.0 0.23363602813333273
1079.0 0.24482635781168938
1080.0 0.2617435995489359
1081.0 0.27866081800311804
1082.0 0.3054133616387844
1083.0 0.33216592855751514
1084.0 0.3774311160668731
1085.0 0.42269635014235973
1086.0 0.4614586476236582
1087.0 0.5002209451049566
1088.0 0.5667489487677813
1089.0 0.6332769058644772
1090.0 0.7165476679801941
1091.0 0.799818430095911
1092.0 0.8431338705122471
1093.0 0.8864492177963257
1094.0 0.9459736756980419
1095.0 1.0054981335997581
1096.0 1.0895195417106152
1097.0 1.1735407635569572
1098.0 1.3028654269874096
1099.0 1.4321902766823769
1100.0 1.6472779214382172
1101.0 1.8623657524585724
