lsstCam/transmission_filter_detector/r22_s20/g_6/19700101T000000.ecsv
# %ECSV 1.0
# ---
# datatype:
# - {name: wavelength, unit: nm, datatype: float32}
# - {name: efficiency, unit: '%', datatype: float64}
# meta: !!omap
# - {MODE: DETECTOR}
# - {TYPE: transmission_filter_detector}
# - {CALIBDATE: '1970-01-01T00:00:00'}
# - {INSTRUME: LSSTCam}
# - {OBSTYPE: transmission_filter_detector}
# - {CALIBCLS: lsst.ip.isr.IntermediateFilterDetectorTransmissionCurve}
# - {SOURCE: Materion (DM-46256)}
# - {DETECTOR: 96}
# - {FILTER: g_6}
# - {CALIB_ID: 'calibDate=1970-01-01T00:00:00 filter=g_6 detector=96'}
# - {DATE: '2025-04-02T15:59:42.473081'}
# - {CALIB_CREATION_DATE: '2025-04-02'}
# - {CALIB_CREATION_TIME: '15:59:42'}
# - __serialized_columns__:
#     efficiency:
#       __class__: astropy.units.quantity.Quantity
#       unit: !astropy.units.Unit {unit: '%'}
#       value: !astropy.table.SerializedColumn {name: efficiency}
#     wavelength:
#       __class__: astropy.units.quantity.Quantity
#       unit: !astropy.units.Unit {unit: nm}
#       value: !astropy.table.SerializedColumn {name: wavelength}
# schema: astropy-2.0
wavelength efficiency
300.0 0.4103531129658222
301.0 0.3379133762791753
302.0 0.26547356974333525
303.0 0.2404168015345931
304.0 0.21536003332585096
305.0 0.21757306531071663
306.0 0.2197860972955823
307.0 0.21859637927263975
308.0 0.2174066612496972
309.0 0.2128617838025093
310.0 0.20831692963838577
311.0 0.20218347199261189
312.0 0.196050014346838
313.0 0.18839454278349876
314.0 0.18073905957862735
315.0 0.17995884409174323
316.0 0.17917865188792348
317.0 0.1746747293509543
318.0 0.17017084173858166
319.0 0.16303638694807887
320.0 0.1559019205160439
321.0 0.14385967515408993
322.0 0.13181745307520032
323.0 0.11771750869229436
324.0 0.10361755266785622
325.0 0.09288080618716776
326.0 0.08214405970647931
327.0 0.07246729801408947
328.0 0.06279053050093353
329.0 0.06032196106389165
330.0 0.05785339162684977
331.0 0.053859141189605
332.0 0.04986488493159413
333.0 0.046700044185854495
334.0 0.043535197619348764
335.0 0.042090227361768484
336.0 0.040645257104188204
337.0 0.04092841991223395
338.0 0.041211582720279694
339.0 0.04033712903037667
340.0 0.03946267534047365
341.0 0.03744550340343267
342.0 0.03542832855600864
343.0 0.03236605552956462
344.0 0.029303785413503647
345.0 0.026008859276771545
346.0 0.02271393168484792
347.0 0.02101937570841983
348.0 0.019324818276800215
349.0 0.01778214063961059
350.0 0.4580516368150711
351.0 1.0454035364091396
352.0 0.47388337552547455
353.0 1.1688568629324436
354.0 0.5170367658138275
355.0 0.6861585192382336
356.0 0.3342430340126157
357.0 1.049289759248495
358.0 0.2968618646264076
359.0 0.8609021082520485
360.0 0.2896300284191966
361.0 1.0647144168615341
362.0 0.23479084484279156
363.0 0.8435715921223164
364.0 0.3653804073110223
365.0 0.7584646344184875
366.0 0.3146153874695301
367.0 0.7559383753687143
368.0 0.3005086909979582
369.0 0.7120999973267317
370.0 0.2883044071495533
371.0 0.6334392819553614
372.0 0.26232891250401735
373.0 0.6156255956739187
374.0 0.25854529812932014
375.0 0.7127509918063879
376.0 0.2666048239916563
377.0 0.569335138425231
378.0 0.26381288189440966
379.0 0.5393785424530506
380.0 0.26751686818897724
381.0 0.575638422742486
382.0 0.5660739727318287
383.0 0.5478041246533394
384.0 0.6014042533934116
385.0 0.6646458059549332
386.0 0.6595357786864042
387.0 0.8414570242166519
388.0 0.9593981318175793
389.0 1.3113459572196007
390.0 1.8950305879116058
391.0 2.9068170115351677
392.0 4.597438499331474
393.0 7.24218562245369
394.0 10.910278558731079
395.0 15.874305367469788
396.0 21.80406153202057
397.0 29.285040497779846
398.0 38.00176382064819
399.0 47.546350955963135
400.0 57.15722441673279
401.0 66.20380282402039
402.0 74.5012104511261
403.0 81.46743774414062
404.0 86.64889335632324
405.0 90.5390977859497
406.0 92.75516867637634
407.0 94.62255835533142
408.0 95.5841064453125
409.0 96.12988829612732
410.0 96.18732929229736
411.0 96.03391289710999
412.0 95.6569492816925
413.0 95.41383385658264
414.0 95.25187015533447
415.0 95.44525146484375
416.0 95.86447477340698
417.0 96.3157057762146
418.0 96.76342010498047
419.0 97.41606712341309
420.0 97.92957305908203
421.0 98.4293282032013
422.0 98.54022860527039
423.0 98.74236583709717
424.0 98.50218892097473
425.0 98.41307401657104
426.0 98.30434322357178
427.0 98.28593134880066
428.0 98.08599948883057
429.0 97.92546033859253
430.0 97.7563202381134
431.0 97.73547053337097
432.0 97.74991869926453
433.0 97.82577157020569
434.0 97.87243604660034
435.0 98.04789423942566
436.0 98.08303713798523
437.0 98.04545640945435
438.0 98.19386601448059
439.0 98.23917150497437
440.0 98.20547699928284
441.0 98.36057424545288
442.0 98.27962517738342
443.0 98.24091792106628
444.0 98.15574288368225
445.0 97.90900349617004
446.0 97.77526259422302
447.0 97.68415689468384
448.0 97.8234589099884
449.0 98.10189008712769
450.0 98.37958812713623
451.0 98.63184690475464
452.0 98.78314137458801
453.0 98.8279402256012
454.0 98.86570572853088
455.0 99.06202554702759
456.0 99.07408952713013
457.0 99.2823839187622
458.0 99.31973814964294
459.0 99.3564784526825
460.0 99.43247437477112
461.0 99.56705570220947
462.0 99.45868253707886
463.0 99.37829971313477
464.0 99.50070381164551
465.0 99.40060377120972
466.0 99.43506121635437
467.0 99.4032084941864
468.0 99.41935539245605
469.0 99.47613477706909
470.0 99.34414029121399
471.0 99.17229413986206
472.0 99.2585301399231
473.0 99.13493990898132
474.0 98.96940588951111
475.0 99.03426170349121
476.0 99.04032349586487
477.0 99.0868628025055
478.0 99.17789101600647
479.0 99.17386174201965
480.0 99.29807782173157
481.0 99.35525059700012
482.0 99.52253699302673
483.0 99.4261085987091
484.0 99.60690140724182
485.0 99.62202310562134
486.0 99.6185302734375
487.0 99.66773390769958
488.0 99.66181516647339
489.0 99.7062087059021
490.0 99.63714480400085
491.0 99.67208504676819
492.0 99.52864050865173
493.0 99.52591061592102
494.0 99.4383156299591
495.0 99.54373836517334
496.0 99.37683343887329
497.0 99.24553036689758
498.0 99.0826427936554
499.0 99.14199709892273
500.0 99.03210997581482
501.0 99.04590249061584
502.0 98.90429377555847
503.0 99.05127882957458
504.0 98.95099997520447
505.0 99.00937080383301
506.0 98.96877408027649
507.0 98.99492263793945
508.0 98.99992346763611
509.0 98.93995523452759
510.0 98.91716837882996
511.0 98.87250065803528
512.0 98.82890582084656
513.0 98.90338778495789
514.0 98.8662838935852
515.0 98.9098072052002
516.0 98.99425506591797
517.0 98.98156523704529
518.0 99.04734492301941
519.0 99.04544949531555
520.0 99.12904500961304
521.0 99.23296570777893
522.0 99.26827549934387
523.0 99.2766797542572
524.0 99.27794337272644
525.0 99.27914142608643
526.0 99.39355850219727
527.0 99.38348531723022
528.0 99.49472546577454
529.0 99.5776116847992
530.0 99.61429238319397
531.0 99.71585869789124
532.0 99.56770539283752
533.0 99.54666495323181
534.0 99.53235387802124
535.0 99.28675889968872
536.0 98.85758757591248
537.0 98.11362028121948
538.0 97.17077612876892
539.0 95.53582072257996
540.0 93.50072145462036
541.0 90.47498106956482
542.0 87.39187121391296
543.0 83.36041569709778
544.0 78.42883467674255
545.0 74.14278984069824
546.0 69.03926134109497
547.0 64.41692113876343
548.0 59.920716285705566
549.0 55.95977306365967
550.0 52.87908315658569
551.0 49.95731711387634
552.0 47.62677550315857
553.0 45.06894052028656
554.0 41.96935594081879
555.0 38.444602489471436
556.0 33.83584916591644
557.0 28.608721494674683
558.0 23.040403425693512
559.0 17.760856449604034
560.0 12.862411141395569
561.0 8.456607908010483
562.0 5.267104506492615
563.0 2.9968833550810814
564.0 1.5953272581100464
565.0 0.6773156113922596
566.0 0.4138594027608633
567.0 0.1969585195183754
568.0 0.15293137403205037
569.0 0.07127507124096155
570.0 0.08152782102115452
571.0 0.042394528281874955
572.0 0.05965130403637886
573.0 0.03323468845337629
574.0 0.04761346208397299
575.0 0.020945753203704953
576.0 0.043677029316313565
577.0 0.015686739061493427
578.0 0.028189164004288614
579.0 0.01934816100401804
580.0 0.037782639265060425
581.0 0.02113442460540682
582.0 0.019645616703201085
583.0 0.012713191972579807
584.0 0.020301372569520026
585.0 0.014475471107289195
586.0 0.02705312508624047
587.0 0.014197290875017643
588.0 0.025634554913267493
589.0 0.014053838094696403
590.0 0.02426220162305981
591.0 0.010420491162221879
592.0 0.020815760944969952
593.0 0.00892152456799522
594.0 0.020792488066945225
595.0 0.010479961201781407
596.0 0.013864206266589463
597.0 0.00872787568368949
598.0 0.015394856745842844
599.0 0.00579109946556855
600.0 0.01910495775518939
601.0 0.0020380286514409818
602.0 0.0020552823116304353
603.0 0.0020725354261230677
604.0 0.002001163193199318
605.0 0.001929790960275568
606.0 0.001988808799069375
607.0 0.0020478266378631815
608.0 0.0018224274754174985
609.0 0.0015970281310728751
610.0 0.0018113090845872648
611.0 0.002025589856202714
612.0 0.0017202444723807275
613.0 0.0014148987247608602
614.0 0.0015524741684203036
615.0 0.0016900497939786874
616.0 0.0016802167010609992
617.0 0.0016703834262443706
618.0 0.0016489599147462286
619.0 0.001627536585147027
620.0 0.0015631161659257486
621.0 0.0014986958376539405
622.0 0.0014840033145446796
623.0 0.0014693105185870081
624.0 0.0014501221812679432
625.0 0.0014309339348983485
626.0 0.0013200027751736343
627.0 0.0012090719792468008
628.0 0.0013717429283133242
629.0 0.0015344139683293179
630.0 0.0014110150004853494
631.0 0.0012876157597929705
632.0 0.0013377173672779463
633.0 0.0013878189747629222
634.0 0.0013526680959330406
635.0 0.0013175171261536889
636.0 0.001358050030830782
637.0 0.0013985832993057556
638.0 0.0012381651686155237
639.0 0.0010777468560263515
640.0 0.001130939563154243
641.0 0.001184132088383194
642.0 0.001212768711411627
643.0 0.00124140533444006
644.0 0.0012352475096122362
645.0 0.0012290897757338826
646.0 0.0011996666216873564
647.0 0.0011702436495397706
648.0 0.0011707114936143626
649.0 0.0011711791557900142
650.0 0.0012007522855128627
651.0 0.0012303255971346516
652.0 0.0012004345080640633
653.0 0.001170543418993475
654.0 0.001124238951888401
655.0 0.0010779346666822676
656.0 0.0010891084457398392
657.0 0.001100282315746881
658.0 0.0010204726095253136
659.0 0.0009406631761521567
660.0 0.0009686460543889552
661.0 0.000996629023575224
662.0 0.0010193749403697439
663.0 0.001042121039063204
664.0 0.001089413035515463
665.0 0.0011367049410182517
666.0 0.001131719363911543
667.0 0.0011267335139564238
668.0 0.001088351109501673
669.0 0.0010499688869458623
670.0 0.001095840798370773
671.0 0.0011417125278967433
672.0 0.0012106915164622478
673.0 0.0012796704140782822
674.0 0.001102616352000041
675.0 0.0009255622899217997
676.0 0.0009643652447266504
677.0 0.0010031678357336204
678.0 0.0010183489393966738
679.0 0.001033529952110257
680.0 0.0010103773092851043
681.0 0.0009872247574094217
682.0 0.0009880829566100147
683.0 0.0009889412467600778
684.0 0.0009903036698233336
685.0 0.0009916662747855298
686.0 0.0010522605407459196
687.0 0.0011128548976557795
688.0 0.0010800938980537467
689.0 0.0010473328075022437
690.0 0.0010521577678446192
691.0 0.001056982819136465
692.0 0.001077027445717249
693.0 0.0010970722541969735
694.0 0.0011496843399072532
695.0 0.0012022964256175328
696.0 0.0012237686860316899
697.0 0.0012452407645469066
698.0 0.0012014242201985326
699.0 0.0011576074939512182
700.0 0.0011848052963614464
701.0 0.0012120030987716746
702.0 0.0011980168892478105
703.0 0.0011840305887744762
704.0 0.0011042072401323821
705.0 0.0010243835276924074
706.0 0.001053373489412479
707.0 0.0010823634511325508
708.0 0.0011256964171479922
709.0 0.0011690295650623739
710.0 0.0012398302715155296
711.0 0.0013106312508170959
712.0 0.0012823257748095784
713.0 0.0012540202078525908
714.0 0.0012521296412160154
715.0 0.0012502392564783804
716.0 0.0014121927961241454
717.0 0.0015741463357699104
718.0 0.0019057082681683823
719.0 0.0022372702005668543
720.0 0.001946848351508379
721.0 0.001656426138652023
722.0 0.0017245782146346755
723.0 0.0017927304725162685
724.0 0.0019103714294033125
725.0 0.0020280123862903565
726.0 0.002127889820258133
727.0 0.002227766890428029
728.0 0.00220335932681337
729.0 0.0021789515812997706
730.0 0.002116272480634507
731.0 0.002053593379969243
732.0 0.0019255467123002745
733.0 0.001797500044631306
734.0 0.0014956077393435407
735.0 0.001193715252156835
736.0 0.0011300294318061788
737.0 0.0010663436114555225
738.0 0.0010262690011586528
739.0 0.0009861946637101937
740.0 0.0009056781891558785
741.0 0.0008251614417531528
742.0 0.0008310677912959363
743.0 0.0008369744136871304
744.0 0.0008171021363523323
745.0 0.0007972301318659447
746.0 0.0008796355359663721
747.0 0.0009620410310162697
748.0 0.0009380820301885251
749.0 0.0009141230293607805
750.0 0.0009443791896046605
751.0 0.0009746355317474809
752.0 0.0009976065484806895
753.0 0.0010205775652138982
754.0 0.0009433580089535099
755.0 0.0008661384526931215
756.0 0.0008406675988226198
757.0 0.000815196744952118
758.0 0.0008464587153866887
759.0 0.0008777205948717892
760.0 0.0008482393241138197
761.0 0.0008187578714569099
762.0 0.0007825882676115725
763.0 0.0007464187547157053
764.0 0.000844257647258928
765.0 0.0009420965398021508
766.0 0.0007762333552818745
767.0 0.0006103699433879228
768.0 0.0006823824605817208
769.0 0.0007543949323007837
770.0 0.0007135386113077402
771.0 0.0006726821993652266
772.0 0.0006904320343892323
773.0 0.0007081817784637678
774.0 0.0007395715783786727
775.0 0.0007709613782935776
776.0 0.0007458385425707093
777.0 0.0007207156158983707
778.0 0.0006738977845088812
779.0 0.0006270799531193916
780.0 0.0005920935564063257
781.0 0.0005571072051679948
782.0 0.0005476098976942012
783.0 0.0005381125902204076
784.0 0.0004773305590788368
785.0 0.00041654857341200113
786.0 0.0003668395038403105
787.0 0.00031713047974335495
788.0 0.0003992593065049732
789.0 0.00048138817874132656
790.0 0.00047544622248096857
791.0 0.00046950435717008077
792.0 0.0003753897772185155
793.0 0.00028127524274168536
794.0 0.0002802261406031903
795.0 0.0002791769929899601
796.0 0.0003055314437006018
797.0 0.00033188587167387595
798.0 0.0003994516191596631
799.0 0.0004670172984333476
800.0 0.0004630359853763366
801.0 0.0004590546723193256
802.0 0.00038698931348335464
803.0 0.0003149239319100161
804.0 0.0003365465772731113
805.0 0.0003581691544241039
806.0 0.0003643309810286155
807.0 0.00037049278489575954
808.0 0.00035553487123252125
809.0 0.00034057695756928297
810.0 0.00030719909318577265
811.0 0.0002738211605901597
812.0 0.0003593758037823136
813.0 0.0004449304924492026
814.0 0.0004505134256760357
815.0 0.000456096449852339
816.0 0.0005002785655960906
817.0 0.0005444607268145774
818.0 0.0004147976142121479
819.0 0.00028513445613498334
820.0 0.0004261038611730328
821.0 0.0005670733116858173
822.0 0.0005472069460665807
823.0 0.0005273405804473441
824.0 0.0004026486294606002
825.0 0.00027795654204965103
826.0 0.00038809348552604206
827.0 0.0004982304290024331
828.0 0.00044246689867577516
829.0 0.00038670332287438214
830.0 0.0004765580342791509
831.0 0.0005664126547344495
832.0 0.00065688132053765
833.0 0.0007473499408661155
834.0 0.0005032602075516479
835.0 0.00025917058792401804
836.0 0.0005231840987107717
837.0 0.0007871974958106875
838.0 0.000659556053506094
839.0 0.0005319145657267654
840.0 0.0005918691385886632
841.0 0.0006518236205010908
842.0 0.0005243830401013838
843.0 0.0003969423687522067
844.0 0.00041101993701886386
845.0 0.00042509750528552104
846.0 0.0003819835910690017
847.0 0.000338869745064585
848.0 0.00034082847832905827
849.0 0.00034278716611879645
850.0 0.00037440813684952445
851.0 0.0004060290848428849
852.0 0.0003928151727450313
853.0 0.00037960119243507506
854.0 0.0005064820925326785
855.0 0.0006333630153676495
856.0 0.0005201913154451177
857.0 0.0004070196155225858
858.0 0.00040886993701860774
859.0 0.0004107202130398946
860.0 0.00043076302063127514
861.0 0.0004508058736973908
862.0 0.0005300661086948821
863.0 0.0006093263436923735
864.0 0.0005397696895670379
865.0 0.00047021294449223205
866.0 0.000470365284854779
867.0 0.0004705175342678558
868.0 0.0005499418875842821
869.0 0.0006293662863754435
870.0 0.0005518751549971057
871.0 0.0004743839781440329
872.0 0.00046526238293154165
873.0 0.00045614065129484516
874.0 0.0005722993137169397
875.0 0.0006884579761390341
876.0 0.0007105229087756015
877.0 0.0007325879323616391
878.0 0.0007074650056893006
879.0 0.0006823419880674919
880.0 0.0007358215952990577
881.0 0.0007893013389548287
882.0 0.0005901280019315891
883.0 0.0003909547558578197
884.0 0.00044116036406194326
885.0 0.0004913660177408019
886.0 0.0005870274890185101
887.0 0.0006826890057709534
888.0 0.0006513604148494778
889.0 0.0006200317329785321
890.0 0.0005618920567940222
891.0 0.0005037523351347772
892.0 0.0005851358309882926
893.0 0.0006665194632660132
894.0 0.0005300523753248854
895.0 0.0003935853328584926
896.0 0.000359595583176997
897.0 0.000325605856232869
898.0 0.0003282469606347149
899.0 0.0003308880650365609
900.0 0.00032715804536564974
901.0 0.0003234280711694737
902.0 0.00039156525417638477
903.0 0.0004597025053953985
904.0 0.00040707554944674484
905.0 0.00035444857076072367
906.0 0.0004782066753250547
