lsstCam/transmission_filter_detector/r11_s01/y_10/19700101T000000.ecsv
# %ECSV 1.0
# ---
# datatype:
# - {name: wavelength, unit: nm, datatype: float32}
# - {name: efficiency, unit: '%', datatype: float64}
# meta: !!omap
# - {MODE: DETECTOR}
# - {TYPE: transmission_filter_detector}
# - {CALIBDATE: '1970-01-01T00:00:00'}
# - {INSTRUME: LSSTCam}
# - {OBSTYPE: transmission_filter_detector}
# - {CALIBCLS: lsst.ip.isr.IntermediateFilterDetectorTransmissionCurve}
# - {SOURCE: Materion (DM-46256)}
# - {DETECTOR: 37}
# - {FILTER: y_10}
# - {CALIB_ID: 'calibDate=1970-01-01T00:00:00 filter=y_10 detector=37'}
# - {DATE: '2025-04-02T15:59:50.913489'}
# - {CALIB_CREATION_DATE: '2025-04-02'}
# - {CALIB_CREATION_TIME: '15:59:50'}
# - __serialized_columns__:
#     efficiency:
#       __class__: astropy.units.quantity.Quantity
#       unit: !astropy.units.Unit {unit: '%'}
#       value: !astropy.table.SerializedColumn {name: efficiency}
#     wavelength:
#       __class__: astropy.units.quantity.Quantity
#       unit: !astropy.units.Unit {unit: nm}
#       value: !astropy.table.SerializedColumn {name: wavelength}
# schema: astropy-2.0
wavelength efficiency
[from data line 578]
878.0 0.000867920334712835
879.0 0.001651736420171801
880.0 0.0593137345276773
881.0 0.0928299908991903
882.0 0.07137307547964156
883.0 0.08959859842434525
884.0 0.06540677277371287
885.0 0.0655129028018564
886.0 0.07569598383270204
887.0 0.09175422601401806
888.0 0.070610037073493
889.0 0.08834114414639771
890.0 0.07376504363492131
891.0 0.0823097478132695
892.0 0.06866212352178991
893.0 0.1120322966016829
894.0 0.08863980765454471
895.0 0.11005306150764227
896.0 0.08284776704385877
897.0 0.11564027518033981
898.0 0.0862343527842313
899.0 0.11903168633580208
900.0 0.09978179587051272
901.0 0.13618962839245796
902.0 0.15238570049405098
903.0 0.1651478698477149
904.0 0.19500796915963292
905.0 0.2403720049187541
906.0 0.27881371788680553
907.0 0.371220288798213
908.0 0.4904001485556364
909.0 0.6625378038734198
910.0 0.9223543107509613
911.0 1.3026618398725986
912.0 1.9106127321720123
913.0 2.855169214308262
914.0 3.994980826973915
915.0 5.670607462525368
916.0 7.7358342707157135
917.0 10.029981285333633
918.0 12.674251198768616
919.0 15.217278897762299
920.0 18.592743575572968
921.0 22.07711786031723
922.0 25.554528832435608
923.0 29.686594009399414
924.0 34.18327271938324
925.0 39.20963406562805
926.0 45.30850350856781
927.0 51.92438364028931
928.0 57.811039686203
929.0 64.27082419395447
930.0 70.028156042099
931.0 75.70854425430298
932.0 81.00582361221313
933.0 85.56914329528809
934.0 88.95800709724426
935.0 91.42259359359741
936.0 93.33187341690063
937.0 94.67472434043884
938.0 95.56342363357544
939.0 95.99781036376953
940.0 96.42131328582764
941.0 96.61951065063477
942.0 96.84054255485535
943.0 96.9557523727417
944.0 97.28174209594727
945.0 97.27206826210022
946.0 97.3200261592865
947.0 97.3355233669281
948.0 97.42563366889954
949.0 97.31956720352173
950.0 97.4754810333252
951.0 97.50219583511353
952.0 97.54286408424377
953.0 97.76344895362854
954.0 97.86646366119385
955.0 97.91644811630249
956.0 98.12158942222595
957.0 98.33737015724182
958.0 98.4980821609497
959.0 98.56031537055969
960.0 98.66811037063599
961.0 98.74879717826843
962.0 98.80459904670715
963.0 98.8094687461853
964.0 98.83028268814087
965.0 98.89640212059021
966.0 98.92899990081787
967.0 99.00375008583069
968.0 99.00266528129578
969.0 98.97865653038025
970.0 99.03436303138733
971.0 99.06489849090576
972.0 99.15748834609985
973.0 99.2315411567688
974.0 99.21596646308899
975.0 99.21797513961792
976.0 99.26297068595886
977.0 99.24058318138123
978.0 99.28385019302368
979.0 99.2127776145935
980.0 99.20268058776855
981.0 99.13166165351868
982.0 99.09095764160156
983.0 99.0851640701294
984.0 99.03698563575745
985.0 99.04345273971558
986.0 98.95446300506592
987.0 98.98161888122559
988.0 98.87798428535461
989.0 98.89177680015564
990.0 98.8180160522461
991.0 98.88770580291748
992.0 98.91356229782104
993.0 98.86515140533447
994.0 98.87096285820007
995.0 98.90726804733276
996.0 98.86290431022644
997.0 99.00466799736023
998.0 99.01705384254456
999.0 99.11044239997864
1000.0 99.127197265625
1001.0 99.08038973808289
1002.0 99.21495318412781
1003.0 99.23266172409058
1004.0 99.27956461906433
1005.0 99.219411611557
1006.0 99.3462085723877
1007.0 99.31963086128235
1008.0 99.27719235420227
1009.0 99.21143054962158
1010.0 99.27486777305603
1011.0 99.25267100334167
1012.0 99.15801882743835
1013.0 99.20370578765869
1014.0 99.14559125900269
1015.0 99.12348985671997
1016.0 99.08442497253418
1017.0 99.14384484291077
1018.0 99.14323091506958
1019.0 99.08025860786438
1020.0 99.14255142211914
1021.0 99.25128221511841
1022.0 99.12672638893127
1023.0 99.20402765274048
1024.0 99.16106462478638
1025.0 99.13877844810486
1026.0 99.23860430717468
1027.0 99.28842186927795
1028.0 99.23450946807861
1029.0 99.37161803245544
1030.0 99.40261244773865
1031.0 99.34625625610352
1032.0 99.34197068214417
1033.0 99.33289289474487
1034.0 99.35684204101562
1035.0 99.41999912261963
1036.0 99.3625819683075
1037.0 99.39373135566711
1038.0 99.29527044296265
1039.0 99.2917001247406
1040.0 99.21339154243469
1041.0 99.27551746368408
1042.0 99.24696087837219
1043.0 99.20390844345093
1044.0 99.25663471221924
1045.0 98.93482327461243
1046.0 99.14778470993042
1047.0 99.04928803443909
1048.0 99.127596616745
1049.0 99.04866218566895
1050.0 99.05434846878052
1051.0 99.00092482566833
1052.0 98.9977478981018
1053.0 98.8864541053772
1054.0 99.16755557060242
1055.0 99.21838045120239
1056.0 99.09706115722656
1057.0 99.11768436431885
1058.0 99.01820421218872
1059.0 99.04676079750061
1060.0 99.19082522392273
1061.0 99.07947182655334
1062.0 99.07075762748718
1063.0 99.0234911441803
1064.0 99.13410544395447
1065.0 99.08912181854248
1066.0 99.09594655036926
1067.0 99.19946789741516
1068.0 99.02819991111755
1069.0 99.02369976043701
1070.0 99.37472939491272
1071.0 99.1199791431427
1072.0 99.16155338287354
1073.0 99.33978319168091
1074.0 98.87261390686035
1075.0 98.94402027130127
1076.0 98.68969917297363
1077.0 99.2064118385315
1078.0 99.18678998947144
1079.0 98.78368973731995
1080.0 99.46524500846863
1081.0 98.79322648048401
1082.0 98.73330593109131
1083.0 98.76351356506348
1084.0 99.24330711364746
1085.0 99.08198118209839
1086.0 99.01337623596191
1087.0 99.11511540412903
1088.0 98.6103892326355
1089.0 98.68144989013672
1090.0 98.72571229934692
1091.0 99.06851053237915
1092.0 98.64974021911621
1093.0 98.8211452960968
1094.0 98.39310646057129
1095.0 98.67010116577148
1096.0 98.89060258865356
1097.0 98.53909611701965
1098.0 97.93614149093628
1099.0 98.46436977386475
1100.0 98.44224452972412
