lsstCam/transmission_filter_detector/r11_s01/y_10/19700101T000000.ecsv
# %ECSV 1.0
# ---
# datatype:
# - {name: wavelength, unit: nm, datatype: float32}
# - {name: efficiency, unit: '%', datatype: float64}
# meta: !!omap
# - {MODE: DETECTOR}
# - {TYPE: transmission_filter_detector}
# - {CALIBDATE: '1970-01-01T00:00:00'}
# - {INSTRUME: LSSTCam}
# - {OBSTYPE: transmission_filter_detector}
# - {CALIBCLS: lsst.ip.isr.IntermediateFilterDetectorTransmissionCurve}
# - {SOURCE: Materion (DM-46256)}
# - {DETECTOR: 37}
# - {FILTER: y_10}
# - {CALIB_ID: 'calibDate=1970-01-01T00:00:00 filter=y_10 detector=37'}
# - {DATE: '2025-04-02T15:59:50.913489'}
# - {CALIB_CREATION_DATE: '2025-04-02'}
# - {CALIB_CREATION_TIME: '15:59:50'}
# - __serialized_columns__:
#     efficiency:
#       __class__: astropy.units.quantity.Quantity
#       unit: !astropy.units.Unit {unit: '%'}
#       value: !astropy.table.SerializedColumn {name: efficiency}
#     wavelength:
#       __class__: astropy.units.quantity.Quantity
#       unit: !astropy.units.Unit {unit: nm}
#       value: !astropy.table.SerializedColumn {name: wavelength}
# schema: astropy-2.0
wavelength efficiency
300.0 0.5401356145739555
301.0 0.2901878673583269
302.0 0.04024011141154915
303.0 0.032474807812832296
304.0 0.024709507124498487
305.0 0.016774125106167048
306.0 0.008838739449856803
307.0 0.01682505535427481
308.0 0.024811370531097054
309.0 0.01817386073525995
310.0 0.011536349484231323
311.0 0.01031825304380618
312.0 0.00910015296540223
313.0 0.008647706272313371
314.0 0.00819525812403299
315.0 0.007063236262183636
316.0 0.0059312158555258065
317.0 0.00629132628091611
318.0 0.006651431613136083
319.0 0.0034580236388137564
320.0 0.00026461361812835094
321.0 0.0025897592422552407
322.0 0.004914905002806336
323.0 0.003675516927614808
324.0 0.002436129216221161
325.0 0.0010878087778110057
326.0 1.611317849981031e-10
327.0 0.0008397459168918431
328.0 0.0019400036762817763
329.0 0.00310628856823314
330.0 0.004272573278285563
331.0 0.003910715531674214
332.0 0.0035488574212649837
333.0 0.0029962418921058998
334.0 0.0024436258172499947
335.0 0.002598268292786088
336.0 0.0027529114959179424
337.0 0.003009155989275314
338.0 0.0032653999369358644
339.0 0.001581053038535174
340.0 1.611317849981031e-10
341.0 1.611317849981031e-10
342.0 1.611317849981031e-10
343.0 0.0004805503976967884
344.0 0.0013972648957860656
345.0 0.001600003452040255
346.0 0.001802742735890206
347.0 0.0016419879102613777
348.0 0.0014812326298851985
349.0 0.001209624042530777
350.0 0.0009380150913784746
351.0 0.0012768443411914632
352.0 0.0016156729543581605
353.0 0.0014074763384996913
354.0 0.001199279631691752
355.0 0.0013083809790259693
356.0 0.0014174823263601866
357.0 0.0010627443771227263
358.0 0.0007080062005115906
359.0 0.0007704436029598583
360.0 0.0008328809599333908
361.0 0.0012499008334998507
362.0 0.0016669204342179
363.0 0.0012710570445051417
364.0 0.0008751932909945026
365.0 0.0012411051102390047
366.0 0.0016070176570792682
367.0 0.0021687672415282577
368.0 0.0027305170078761876
369.0 0.002241250331280753
370.0 0.0017519836546853185
371.0 0.0016929159755818546
372.0 0.00163384793268051
373.0 0.0020067393052158877
374.0 0.002379630859650206
375.0 0.003304612255305983
376.0 0.004229593832860701
377.0 0.0041153194615617394
378.0 0.004001045090262778
379.0 0.0035653047234518453
380.0 0.003129563992843032
381.0 0.0021753163309767842
382.0 0.0012210684872115962
383.0 0.0011825883120764047
384.0 0.0011441077731433325
385.0 0.000867471953824861
386.0 0.0005908359980821842
387.0 0.0007170102435338777
388.0 0.0008431846254097763
389.0 0.0007541895683971234
390.0 0.0006651947387581458
391.0 0.0005476649221236585
392.0 0.0004301351509639062
393.0 0.0005611284450424137
394.0 0.0006921218755451264
395.0 0.0006612351626245072
396.0 0.0006303485861280933
397.0 0.0008281343980343081
398.0 0.001025920209940523
399.0 0.0012572863852255978
400.0 0.001488652742409613
401.0 0.0016565079931751825
402.0 0.0018243636077386327
403.0 0.0018597394955577329
404.0 0.001895115383376833
405.0 0.0017960301192943007
406.0 0.001696945219009649
407.0 0.001415175120200729
408.0 0.0011334052032907493
409.0 0.0009101811883738264
410.0 0.000686956900608493
411.0 0.0004220843493385473
412.0 0.0001572118094372854
413.0 0.0005667536697728792
414.0 0.0009762952686287463
415.0 0.0018083572285831906
416.0 0.0026404193704365753
417.0 0.001131787030317355
418.0 1.611317849981031e-10
419.0 1.611317849981031e-10
420.0 1.611317849981031e-10
421.0 1.611317849981031e-10
422.0 0.000827929125080118
423.0 0.0007397909485007403
424.0 0.0006516525445476873
425.0 0.00034176400731666945
426.0 3.1875461559138785e-05
427.0 0.00021391044811025495
428.0 0.00039594551708432846
429.0 1.611317849981031e-10
430.0 1.611317849981031e-10
431.0 0.00025209296836692374
432.0 0.000961701061896747
433.0 0.0010146613931283355
434.0 0.001067622270056745
435.0 0.0003943925094063161
436.0 1.611317849981031e-10
437.0 1.611317849981031e-10
438.0 3.712387979248888e-05
439.0 1.611317849981031e-10
440.0 1.611317849981031e-10
441.0 1.611317849981031e-10
442.0 1.611317849981031e-10
443.0 1.611317849981031e-10
444.0 1.611317849981031e-10
445.0 0.0002096519892802462
446.0 0.0004296492079447489
447.0 0.0006708824457746232
448.0 0.0009121155017055571
449.0 0.0009888127351587173
450.0 0.0010655096957634669
451.0 0.00047721619012008887
452.0 1.611317849981031e-10
453.0 1.611317849981031e-10
454.0 3.17668877869437e-05
455.0 1.611317849981031e-10
456.0 1.611317849981031e-10
457.0 1.611317849981031e-10
458.0 7.134913744266669e-05
459.0 0.00012530176718428265
460.0 0.00017925443671629182
461.0 0.0002927637751781731
462.0 0.0004062730567966355
463.0 0.00032213274607784115
464.0 0.00023799248083378188
465.0 0.00033851456464617513
466.0 0.00043903678488277365
467.0 0.0009831926035985816
468.0 0.0015273482858901843
469.0 0.001579517629579641
470.0 0.0016316864275722764
471.0 0.0016112888260977343
472.0 0.0015908910427242517
473.0 0.002274398684676271
474.0 0.00295790632662829
475.0 0.0028419424779713154
476.0 0.0027259786293143407
477.0 0.0032119001843966544
478.0 0.0036978213756810874
479.0 0.004165683640167117
480.0 0.004633545904653147
481.0 0.0047043373342603445
482.0 0.004775128036271781
483.0 0.0040757171518635005
484.0 0.003376305539859459
485.0 0.0037501562474062666
486.0 0.004124006227357313
487.0 0.003368131729075685
488.0 0.002612256685097236
489.0 0.0022607702703680843
490.0 0.0019092842194368131
491.0 0.001658187829889357
492.0 0.0014070911674934905
493.0 0.0010139847290702164
494.0 0.0006208785180206178
495.0 0.0009462984053243417
496.0 0.0012717183381028008
497.0 0.0018544389604358003
498.0 0.0024371598556172103
499.0 0.0024212593416450545
500.0 0.002405359009571839
501.0 0.0025251920305890962
502.0 0.0026450250516063534
503.0 0.0027620972105069086
504.0 0.0028791691875085235
505.0 0.003216887853341177
506.0 0.0035546068829717115
507.0 0.0026396619432489388
508.0 0.001724716457829345
509.0 0.0020018920622533187
510.0 0.0022790673028794117
511.0 0.002327519905520603
512.0 0.0023759725081617944
513.0 0.0020509067326202057
514.0 0.0017258413208764978
515.0 0.0014719977116328664
516.0 0.0012181540114397649
517.0 0.0012896924090455286
518.0 0.0013612305338028818
519.0 0.0013124461474944837
520.0 0.0012636614883376751
521.0 0.0016254001820925623
522.0 0.0019871384211000986
523.0 0.0017869526345748454
524.0 0.0015867666661506519
525.0 0.0019983825040981174
526.0 0.002409998887742404
527.0 0.0023153592337621376
528.0 0.0022207201254786924
529.0 0.002522820250305813
530.0 0.002824920193233993
531.0 0.0026165878807660192
532.0 0.002408255204500165
533.0 0.002587443668744527
534.0 0.0027666315872920677
535.0 0.002412343928881455
536.0 0.002058055906672962
537.0 0.002341087929380592
538.0 0.002624119952088222
539.0 0.003307877341285348
540.0 0.003991634366684593
541.0 0.003924389238818549
542.0 0.0038571444747503847
543.0 0.004220967093715444
544.0 0.004584789348882623
545.0 0.004960996739100665
546.0 0.005337203765520826
547.0 0.0044125608837930486
548.0 0.0034879176382673904
549.0 0.0030655119189759716
550.0 0.0026431060177856125
551.0 0.002783143281703815
552.0 0.0029231801818241365
553.0 0.0031884119380265474
554.0 0.0034536427847342566
555.0 0.0037498120946111158
556.0 0.004045982132083736
557.0 0.0036931018257746473
558.0 0.003340221883263439
559.0 0.003205850225640461
560.0 0.0030714785680174828
561.0 0.0033052358048735186
562.0 0.0035389930417295545
563.0 0.0034274493373231962
564.0 0.0033159059967147186
565.0 0.0038664216845063493
566.0 0.004416937736095861
567.0 0.004518028799793683
568.0 0.004619119499693625
569.0 0.0051456088840495795
570.0 0.005672097904607654
571.0 0.0057718374591786414
572.0 0.005871577013749629
573.0 0.006288223812589422
574.0 0.006704871339024976
575.0 0.006585840310435742
576.0 0.00646681000944227
577.0 0.0057656779972603545
578.0 0.00506454634887632
579.0 0.005941642302786931
580.0 0.006818738620495424
581.0 0.007353843102464452
582.0 0.007888947584433481
583.0 0.008716294541954994
584.0 0.009543640044284984
585.0 0.009738008520798758
586.0 0.009932376997312531
587.0 0.009882001904770732
588.0 0.009831623174250126
589.0 0.01029913400998339
590.0 0.01076664702850394
591.0 0.00991027191048488
592.0 0.00905389606487006
593.0 0.007437061140080914
594.0 0.005820229489472695
595.0 0.005792275260319002
596.0 0.00576432139496319
597.0 0.0060005946579622105
598.0 0.006236867920961231
599.0 0.007297410047613084
600.0 0.008357951446669176
601.0 0.008910962787922472
602.0 0.009463971218792722
603.0 0.010438012395752594
604.0 0.01141205575549975
605.0 0.01150631724158302
606.0 0.011600578727666289
607.0 0.010096586629515514
608.0 0.008592597441747785
609.0 0.006699662480968982
610.0 0.004806728247785941
611.0 0.00397224175685551
612.0 0.0031377552659250796
613.0 0.003580964039429091
614.0 0.004024172085337341
615.0 0.0048659512685844675
616.0 0.005707731543225236
617.0 0.006923719047335908
618.0 0.008139706187648699
619.0 0.009174100705422461
620.0 0.010208495223196223
621.0 0.011262363841524348
622.0 0.01231623173225671
623.0 0.01226680469699204
624.0 0.012217376206535846
625.0 0.010667945025488734
626.0 0.009118511661654338
627.0 0.007231254858197644
628.0 0.005343995871953666
629.0 0.004475728565012105
630.0 0.003607461621868424
631.0 0.003047659447474871
632.0 0.002487857454980258
633.0 0.0026222600354230963
634.0 0.0027566629796638153
635.0 0.0028806383852497675
636.0 0.003004613608936779
637.0 0.003861792356474325
638.0 0.00471897074021399
639.0 0.004664319931180216
640.0 0.004609668758348562
641.0 0.005063921707915142
642.0 0.0055181746574817225
643.0 0.005593599780695513
644.0 0.005669024903909303
645.0 0.005235611752141267
646.0 0.004802198600373231
647.0 0.0038121332181617618
648.0 0.0028220681997481734
649.0 0.002025708818109706
650.0 0.0012293493455217686
651.0 0.0014626245501858648
652.0 0.001695900209597312
653.0 0.0015644589439034462
654.0 0.0014330176782095805
655.0 0.001588853046996519
656.0 0.0017446884157834575
657.0 0.0016559122741455212
658.0 0.0015671363144065253
659.0 0.0017443133401684463
660.0 0.001921490184031427
661.0 0.0017258211300941184
662.0 0.00153015207615681
663.0 0.0023215965484268963
664.0 0.0031130413844948635
665.0 0.0036732435546582565
666.0 0.00423344608861953
667.0 0.004742406599689275
668.0 0.005251365291769616
669.0 0.005521762795979157
670.0 0.005792156662209891
671.0 0.006419824785552919
672.0 0.007047494727885351
673.0 0.007888374966569245
674.0 0.0087292559328489
675.0 0.008098988473648205
676.0 0.007468723924830556
677.0 0.005946646342636086
678.0 0.004424569488037378
679.0 0.0028009197194478475
680.0 0.0011772710422519594
681.0 0.0004899864052276826
682.0 1.611317849981031e-10
683.0 0.00013890263517168933
684.0 0.0004751036158268107
685.0 0.0002778679800030659
686.0 8.063230438892788e-05
687.0 0.0001961544967343798
688.0 0.0003116767402389087
689.0 0.00035314212709636195
690.0 0.0003946075139538152
691.0 0.0005347062142391223
692.0 0.0006748049145244295
693.0 0.0005262798367766663
694.0 0.0003777548499783734
695.0 0.00043939853640040383
696.0 0.0005010422228224343
697.0 0.00047101602831389755
698.0 0.00044098974285589065
699.0 0.0004212641215417534
700.0 0.00040153822737920564
701.0 0.00022369367798091844
702.0 4.58492053212467e-05
703.0 0.00020401291749294614
704.0 0.0003621766381911584
705.0 0.00040287159208673984
706.0 0.00044356638682074845
707.0 9.862952765615773e-05
708.0 1.611317849981031e-10
709.0 1.611317849981031e-10
710.0 0.0002285446953464998
711.0 0.00047592770897608716
712.0 0.0007233107226056745
713.0 0.000416187867813278
714.0 0.00010906506986430031
715.0 0.0002514467951186816
716.0 0.0003938285317417467
717.0 0.00026163679649471305
718.0 0.00012944509535373072
719.0 0.00029772199923172593
720.0 0.0004659988007915672
721.0 0.0003194109012838453
722.0 0.0001728230472508585
723.0 0.00022225365228223382
724.0 0.0002716842345762416
725.0 0.0003682434680740698
726.0 0.0004648028607334709
727.0 9.431419698557875e-05
728.0 1.611317849981031e-10
729.0 0.0001008125877888233
730.0 0.00047779949454707094
731.0 0.0007383402589766774
732.0 0.0009988812962546945
733.0 0.00040844934119377285
734.0 1.611317849981031e-10
735.0 1.611317849981031e-10
736.0 1.611317849981031e-10
737.0 0.00047862658902886324
738.0 0.0011020003512385301
739.0 0.0007452925274264999
740.0 0.0003885843398165889
741.0 0.00017789188859751448
742.0 1.611317849981031e-10
743.0 1.611317849981031e-10
744.0 1.611317849981031e-10
745.0 0.0003341891215313808
746.0 0.0007744932190689724
747.0 0.0005068279278930277
748.0 0.00023916263671708293
749.0 5.3773436547999154e-05
750.0 1.611317849981031e-10
751.0 1.611317849981031e-10
752.0 2.9596276363008656e-05
753.0 0.00024224075332313078
754.0 0.0004548851848085178
755.0 1.611317849981031e-10
756.0 1.611317849981031e-10
757.0 1.611317849981031e-10
758.0 1.611317849981031e-10
759.0 0.00019642154711618787
760.0 0.000732182115825708
761.0 0.00037883630739088403
762.0 2.549042790178646e-05
763.0 1.611317849981031e-10
764.0 1.611317849981031e-10
765.0 6.095746698520088e-05
766.0 0.0004617759714165004
767.0 9.368239943796652e-05
768.0 1.611317849981031e-10
769.0 1.611317849981031e-10
770.0 1.611317849981031e-10
771.0 1.611317849981031e-10
772.0 1.611317849981031e-10
773.0 0.00012318650988163427
774.0 0.0005834459898323985
775.0 0.00031594906886311946
776.0 4.8452005785293295e-05
777.0 0.00010869530342461076
778.0 0.00016893866359168896
779.0 0.0004886096121481387
780.0 0.000808280583441956
781.0 0.0006542320079461206
782.0 0.0005001834779250203
783.0 0.00045913184294477105
784.0 0.00041808020796452183
785.0 0.0002108333092110115
786.0 3.586093910712407e-06
787.0 0.0004652650659409119
788.0 0.0009269439033232629
789.0 0.0008541763236280531
790.0 0.0007814088348823134
791.0 0.0004978212473361054
792.0 0.00021423343241622206
793.0 0.0004179405095783295
794.0 0.0006216473138920264
795.0 0.0007153825663408497
796.0 0.0008091176823654678
797.0 0.00042009687604149804
798.0 3.107614645614376e-05
799.0 0.000650040055916179
800.0 0.0012690039511653595
801.0 0.0006652840056631248
802.0 6.156402037049702e-05
803.0 0.00021910664145252667
804.0 0.00037664924548153067
805.0 0.0007210919648059644
806.0 0.0010655346159182955
807.0 0.0006247236342460383
808.0 0.0001839126525737811
809.0 1.611317849981031e-10
810.0 1.611317849981031e-10
811.0 0.00012747354958264623
812.0 0.0005641939424094744
813.0 0.0008661289029987529
814.0 0.0011680637726385612
815.0 0.0010935830687230919
816.0 0.0010191018191108014
817.0 0.000937764980335487
818.0 0.0008564282325096428
819.0 0.0008940181032812688
820.0 0.000931608065002365
821.0 0.0008762337529333308
822.0 0.0008208593499148265
823.0 0.000657138298265636
824.0 0.000493417519464856
825.0 0.0004395788437250303
826.0 0.0003857402134599397
827.0 0.0005037697519583162
828.0 0.0006217993359314278
829.0 0.0003271940840932075
830.0 3.2588800991106837e-05
831.0 0.0001897432298392232
832.0 0.00034689785479713464
833.0 0.0005538261575566139
834.0 0.0007607543011545204
835.0 0.00016797705484350445
836.0 1.611317849981031e-10
837.0 1.611317849981031e-10
838.0 1.611317849981031e-10
839.0 0.00027176117782801157
840.0 0.0007343025572481565
841.0 0.0010142285645997617
842.0 0.0012941546629008371
843.0 0.0009655896064941771
844.0 0.0006370242317643715
845.0 0.0007390108294202946
846.0 0.0008409972906520125
847.0 0.0010258913789584767
848.0 0.0012107855582144111
849.0 0.0009778769708645996
850.0 0.0007449680651916424
851.0 0.0010409010428702459
852.0 0.0013368339750741143
853.0 0.000539652273801039
854.0 1.611317849981031e-10
855.0 1.611317849981031e-10
856.0 1.611317849981031e-10
857.0 0.00028581407605088316
858.0 0.0012798921488865744
859.0 0.0012493124813772738
860.0 0.0012187324500700925
861.0 0.0013718425179831684
862.0 0.0015249530406435952
863.0 0.0017968108295463026
864.0 0.00206866861844901
865.0 0.0020825165847782046
866.0 0.00209636491490528
867.0 0.0028111229767091572
868.0 0.0035258810385130346
869.0 0.0031654930353397503
870.0 0.0028051048502675258
871.0 0.0032045361876953393
872.0 0.003603968070819974
873.0 0.002743049117270857
874.0 0.0018821307094185613
875.0 0.002351752482354641
876.0 0.00282137389149284
