lsstCam/transmission_filter_detector/r13_s21/y_10/19700101T000000.ecsv
# %ECSV 1.0
# ---
# datatype:
# - {name: wavelength, unit: nm, datatype: float32}
# - {name: efficiency, unit: '%', datatype: float64}
# meta: !!omap
# - {MODE: DETECTOR}
# - {TYPE: transmission_filter_detector}
# - {CALIBDATE: '1970-01-01T00:00:00'}
# - {INSTRUME: LSSTCam}
# - {OBSTYPE: transmission_filter_detector}
# - {CALIBCLS: lsst.ip.isr.IntermediateFilterDetectorTransmissionCurve}
# - {SOURCE: Materion (DM-46256)}
# - {DETECTOR: 61}
# - {FILTER: y_10}
# - {CALIB_ID: 'calibDate=1970-01-01T00:00:00 filter=y_10 detector=61'}
# - {DATE: '2025-04-02T15:59:51.023940'}
# - {CALIB_CREATION_DATE: '2025-04-02'}
# - {CALIB_CREATION_TIME: '15:59:51'}
# - __serialized_columns__:
#     efficiency:
#       __class__: astropy.units.quantity.Quantity
#       unit: !astropy.units.Unit {unit: '%'}
#       value: !astropy.table.SerializedColumn {name: efficiency}
#     wavelength:
#       __class__: astropy.units.quantity.Quantity
#       unit: !astropy.units.Unit {unit: nm}
#       value: !astropy.table.SerializedColumn {name: wavelength}
# schema: astropy-2.0
wavelength efficiency
[from data line 576]
876.0 0.0033489137422293425
877.0 0.0022629206796409562
878.0 0.0011769277989515103
879.0 0.0019968414562754333
880.0 0.08134815725497901
881.0 0.09506829082965851
882.0 0.056066998513415456
883.0 0.09930604137480259
884.0 0.07239594706334174
885.0 0.08735174778848886
886.0 0.08050595642998815
887.0 0.09307956788688898
888.0 0.05832012393511832
889.0 0.10309857316315174
890.0 0.07963330717757344
891.0 0.0852625526022166
892.0 0.06981829064898193
893.0 0.10674415389075875
894.0 0.07515840115956962
895.0 0.10881273774430156
896.0 0.08609884534962475
897.0 0.11572988005355
898.0 0.0984319020062685
899.0 0.13022678904235363
900.0 0.11703058844432235
901.0 0.15329413581639528
902.0 0.1753592980094254
903.0 0.1956115011125803
904.0 0.21729932632297277
905.0 0.2828889060765505
906.0 0.35235476680099964
907.0 0.4477749578654766
908.0 0.6114382762461901
909.0 0.8248608559370041
910.0 1.2095460668206215
911.0 1.7228435724973679
912.0 2.5385934859514236
913.0 3.7314865738153458
914.0 5.117698013782501
915.0 7.112064957618713
916.0 9.447888284921646
917.0 11.96310818195343
918.0 14.782017469406128
919.0 17.43212789297104
920.0 21.002286672592163
921.0 24.752694368362427
922.0 28.571119904518127
923.0 33.12419950962067
924.0 38.05079460144043
925.0 43.490010499954224
926.0 49.89909529685974
927.0 56.7385196685791
928.0 62.66792416572571
929.0 69.01191473007202
930.0 74.49391484260559
931.0 79.82494235038757
932.0 84.60869789123535
933.0 88.6229395866394
934.0 91.48980975151062
935.0 93.46334934234619
936.0 94.91227269172668
937.0 95.93878388404846
938.0 96.56211733818054
939.0 96.82893753051758
940.0 97.13815450668335
941.0 97.28403687477112
942.0 97.48045206069946
943.0 97.51443862915039
944.0 97.72234559059143
945.0 97.69088625907898
946.0 97.69057035446167
947.0 97.6719081401825
948.0 97.83716797828674
949.0 97.71206378936768
950.0 97.88411855697632
951.0 97.95347452163696
952.0 98.01764488220215
953.0 98.18342924118042
954.0 98.28649163246155
955.0 98.33245873451233
956.0 98.49435091018677
957.0 98.73731136322021
958.0 98.87598156929016
959.0 98.88908863067627
960.0 98.97302985191345
961.0 98.99408221244812
962.0 99.06482100486755
963.0 99.08091425895691
964.0 99.07538890838623
965.0 99.11707043647766
966.0 99.18222427368164
967.0 99.24405813217163
968.0 99.20477867126465
969.0 99.20334219932556
970.0 99.27763342857361
971.0 99.31449890136719
972.0 99.35857057571411
973.0 99.46738481521606
974.0 99.45108890533447
975.0 99.42429661750793
976.0 99.4574248790741
977.0 99.43006038665771
978.0 99.47606921195984
979.0 99.41957592964172
980.0 99.3948221206665
981.0 99.29851293563843
982.0 99.24341440200806
983.0 99.26227331161499
984.0 99.22619462013245
985.0 99.23112988471985
986.0 99.11969900131226
987.0 99.1765022277832
988.0 99.11382794380188
989.0 99.10240769386292
990.0 99.069082736969
991.0 99.11016821861267
992.0 99.19918775558472
993.0 99.12817478179932
994.0 99.13331270217896
995.0 99.16738271713257
996.0 99.16340112686157
997.0 99.29209351539612
998.0 99.30618405342102
999.0 99.37246441841125
1000.0 99.38942193984985
1001.0 99.34893846511841
1002.0 99.44109916687012
1003.0 99.4568943977356
1004.0 99.50397610664368
1005.0 99.41889643669128
1006.0 99.55621361732483
1007.0 99.51014518737793
1008.0 99.49571490287781
1009.0 99.41977858543396
1010.0 99.49063062667847
1011.0 99.48911666870117
1012.0 99.34000968933105
1013.0 99.38914775848389
1014.0 99.34363961219788
1015.0 99.31608438491821
1016.0 99.31213855743408
1017.0 99.35605525970459
1018.0 99.38352704048157
1019.0 99.3443489074707
1020.0 99.36606287956238
1021.0 99.5311439037323
1022.0 99.4185745716095
1023.0 99.41744208335876
1024.0 99.42453503608704
1025.0 99.44807887077332
1026.0 99.5290458202362
1027.0 99.59824085235596
1028.0 99.52269792556763
1029.0 99.62103366851807
1030.0 99.64860081672668
1031.0 99.57292675971985
1032.0 99.61070418357849
1033.0 99.59547519683838
1034.0 99.6064841747284
1035.0 99.65512156486511
1036.0 99.54619407653809
1037.0 99.59094524383545
1038.0 99.56059455871582
1039.0 99.52574372291565
1040.0 99.3644654750824
1041.0 99.54449534416199
1042.0 99.46253895759583
1043.0 99.40695762634277
1044.0 99.46764707565308
1045.0 99.18382167816162
1046.0 99.40547943115234
1047.0 99.30919408798218
1048.0 99.41851496696472
1049.0 99.31095838546753
1050.0 99.27989840507507
1051.0 99.31986331939697
1052.0 99.25838112831116
1053.0 99.14257526397705
1054.0 99.38793778419495
1055.0 99.51467514038086
1056.0 99.3522047996521
1057.0 99.42348003387451
1058.0 99.22112822532654
1059.0 99.29485321044922
1060.0 99.40247535705566
1061.0 99.27717447280884
1062.0 99.24917221069336
1063.0 99.25937056541443
1064.0 99.36419725418091
1065.0 99.31318163871765
1066.0 99.29642081260681
1067.0 99.42843317985535
1068.0 99.28353428840637
1069.0 99.11762475967407
1070.0 99.53582882881165
1071.0 99.28389191627502
1072.0 99.32566285133362
1073.0 99.4009792804718
1074.0 99.12493824958801
1075.0 99.06414151191711
1076.0 98.96973371505737
1077.0 99.28494095802307
1078.0 99.51395988464355
1079.0 99.06864166259766
1080.0 99.62722063064575
1081.0 98.93571138381958
1082.0 99.07307624816895
1083.0 98.92398118972778
1084.0 99.30328726768494
1085.0 99.27591681480408
1086.0 98.96582961082458
1087.0 99.12368059158325
1088.0 98.93085956573486
1089.0 98.89145493507385
1090.0 98.804771900177
1091.0 99.07558560371399
1092.0 98.99967312812805
1093.0 98.85711669921875
1094.0 98.92155528068542
1095.0 98.74139428138733
1096.0 98.8310158252716
1097.0 98.48971366882324
1098.0 97.96157479286194
1099.0 98.68746399879456
1100.0 98.05032014846802
