lsstCam/transmission_filter_detector/r13_s21/y_10/19700101T000000.ecsv
# %ECSV 1.0
# ---
# datatype:
# - {name: wavelength, unit: nm, datatype: float32}
# - {name: efficiency, unit: '%', datatype: float64}
# meta: !!omap
# - {MODE: DETECTOR}
# - {TYPE: transmission_filter_detector}
# - {CALIBDATE: '1970-01-01T00:00:00'}
# - {INSTRUME: LSSTCam}
# - {OBSTYPE: transmission_filter_detector}
# - {CALIBCLS: lsst.ip.isr.IntermediateFilterDetectorTransmissionCurve}
# - {SOURCE: Materion (DM-46256)}
# - {DETECTOR: 61}
# - {FILTER: y_10}
# - {CALIB_ID: 'calibDate=1970-01-01T00:00:00 filter=y_10 detector=61'}
# - {DATE: '2025-04-02T15:59:51.023940'}
# - {CALIB_CREATION_DATE: '2025-04-02'}
# - {CALIB_CREATION_TIME: '15:59:51'}
# - __serialized_columns__:
#     efficiency:
#       __class__: astropy.units.quantity.Quantity
#       unit: !astropy.units.Unit {unit: '%'}
#       value: !astropy.table.SerializedColumn {name: efficiency}
#     wavelength:
#       __class__: astropy.units.quantity.Quantity
#       unit: !astropy.units.Unit {unit: nm}
#       value: !astropy.table.SerializedColumn {name: wavelength}
# schema: astropy-2.0
wavelength efficiency
300.0 0.5361498333513737
301.0 0.2893458120524883
302.0 0.042541767470538616
303.0 0.036525315954349935
304.0 0.030508864438161254
305.0 0.019108392007183284
306.0 0.007707915938226506
307.0 0.015821347187738866
308.0 0.02393477625446394
309.0 0.017902979743666947
310.0 0.011871180322486907
311.0 0.010003363422583789
312.0 0.008135544339893386
313.0 0.006900903099449351
314.0 0.005666261131409556
315.0 0.005452374170999974
316.0 0.005238490120973438
317.0 0.005562270962400362
318.0 0.005886047802050598
319.0 0.0033457603421993554
320.0 0.0008054710633587092
321.0 0.0023563459762954153
322.0 0.003907221253030002
323.0 0.0029533393899328075
324.0 0.001999457526835613
325.0 0.0008118367986753583
326.0 1.5833056437111748e-10
327.0 0.0010405286047898699
328.0 0.002456841502862517
329.0 0.003738820305443369
330.0 0.0050207989261252806
331.0 0.0043203170207561925
332.0 0.0036198347515892237
333.0 0.0028186634153826162
334.0 0.0020174913515802473
335.0 0.0019689852706505917
336.0 0.0019204797354177572
337.0 0.002492840212653391
338.0 0.0030652005079900846
339.0 0.0014445326996792573
340.0 1.5833056437111748e-10
341.0 1.5833056437111748e-10
342.0 1.5833056437111748e-10
343.0 0.00041631615204096306
344.0 0.0010643441783031449
345.0 0.001298376992053818
346.0 0.0015324105334002525
347.0 0.001567005892866291
348.0 0.0016016012523323298
349.0 0.0013702112482860684
350.0 0.0011388209713913966
351.0 0.0014555411326000467
352.0 0.0017722606571624056
353.0 0.0014493994967779145
354.0 0.0011265383363934234
355.0 0.0011411767445679288
356.0 0.001155814970843494
357.0 0.000980607819656143
358.0 0.0008054005775193218
359.0 0.0009023347047332209
360.0 0.00099926892289659
361.0 0.0013347432286536787
362.0 0.001670217352511827
363.0 0.0013550868970924057
364.0 0.001039956168824574
365.0 0.001301182601309847
366.0 0.0015624096704414114
367.0 0.0020849363863817416
368.0 0.0026074629204231314
369.0 0.0021839587134309113
370.0 0.0017604545064386912
371.0 0.0016688816685928032
372.0 0.0015773086488479748
373.0 0.00204497373488266
374.0 0.002512639002816286
375.0 0.003389398625586182
376.0 0.004266158430255018
377.0 0.00420801188738551
378.0 0.004149865708313882
379.0 0.0035872068110620603
380.0 0.0030245480957091786
381.0 0.002093259354296606
382.0 0.0011619705219345633
383.0 0.00113912537926808
384.0 0.0011162799637531862
385.0 0.0008586298463342246
386.0 0.0006009796834405279
387.0 0.0006369452421495225
388.0 0.0006729108463332523
389.0 0.0005113657607580535
390.0 0.00034982076613232493
391.0 0.0004572620127873961
392.0 0.0005647033503919374
393.0 0.0005857402811670909
394.0 0.0006067773483664496
395.0 0.0005746308033849346
396.0 0.0005424843038781546
397.0 0.0007892728717706632
398.0 0.0010360613487137016
399.0 0.0012595275620697066
400.0 0.0014829937754257116
401.0 0.001656038875808008
402.0 0.0018290840671397746
403.0 0.0018594730136101134
404.0 0.0018898621419793926
405.0 0.00181528230314143
406.0 0.0017407026462024078
407.0 0.0014442704923567362
408.0 0.001147838520410005
409.0 0.0009018868695420679
410.0 0.0006559350822499255
411.0 0.0007342493063333677
412.0 0.000812563575891545
413.0 0.0010350639968237374
414.0 0.0012575642358569894
415.0 0.0018231447029393166
416.0 0.0023887256247689947
417.0 0.0012245939615240786
418.0 6.046249154678662e-05
419.0 1.5833056437111748e-10
420.0 1.5833056437111748e-10
421.0 7.928491072561883e-05
422.0 0.0013084780221106485
423.0 0.0010800652489706408
424.0 0.000851652384881163
425.0 0.00028894787647004705
426.0 1.5833056437111748e-10
427.0 0.00011210545380890835
428.0 0.0004979676305083558
429.0 1.5833056437111748e-10
430.0 1.5833056437111748e-10
431.0 0.00024185965230572037
432.0 0.0014454129086516332
433.0 0.0009059504009201191
434.0 0.00036648855257226387
435.0 1.5833056437111748e-10
436.0 1.5833056437111748e-10
437.0 1.5833056437111748e-10
438.0 1.5833056437111748e-10
439.0 1.5833056437111748e-10
440.0 1.5833056437111748e-10
441.0 1.5833056437111748e-10
442.0 1.5833056437111748e-10
443.0 1.5833056437111748e-10
444.0 0.0006052054231986403
445.0 0.00037299432733561844
446.0 0.00014078326557864784
447.0 0.0006407244654837996
448.0 0.0011406656085455325
449.0 0.0009520929779682774
450.0 0.000763520165492082
451.0 0.000410680922868778
452.0 5.7841862144414335e-05
453.0 1.5833056437111748e-10
454.0 1.5833056437111748e-10
455.0 1.5833056437111748e-10
456.0 6.547496695930022e-05
457.0 0.00014751931303180754
458.0 0.00022956362499826355
459.0 0.0002725482318055583
460.0 0.000315532793138118
461.0 0.0003773848447963246
462.0 0.0004392368737171637
463.0 0.0005989218152535614
464.0 0.0007586068932141643
465.0 0.0007816308425390162
466.0 0.000804654791863868
467.0 0.0012000969036307652
468.0 0.0015955389244481921
469.0 0.0016642736227368005
470.0 0.0017330077753285877
471.0 0.0017481253962614574
472.0 0.0017632431990932673
473.0 0.002156356094928924
474.0 0.0025494689907645807
475.0 0.002614862023619935
476.0 0.002680255056475289
477.0 0.0031576470064464957
478.0 0.0036350385926198214
479.0 0.0044189568143337965
480.0 0.005202875036047772
481.0 0.005031537511968054
482.0 0.0048601996240904555
483.0 0.0042182560719083995
484.0 0.003576311792130582
485.0 0.0038204794691409916
486.0 0.00406464678235352
487.0 0.0034195334592368454
488.0 0.0027744195904233493
489.0 0.0025230267056031153
490.0 0.0022716343664797023
491.0 0.0018681845176615752
492.0 0.0014647343959950376
493.0 0.0011212198842258658
494.0 0.0007777057362545747
495.0 0.0011424835975049064
496.0 0.0015072613678057678
497.0 0.0018951737729366869
498.0 0.0022830865418654867
499.0 0.0023544587747892365
500.0 0.0024258310077129863
501.0 0.0025618330255383626
502.0 0.002697835043363739
503.0 0.002831563506333623
504.0 0.002965291787404567
505.0 0.00327805828419514
506.0 0.0035908251447835937
507.0 0.0027740215955418535
508.0 0.001957217500603292
509.0 0.0020576228052959777
510.0 0.0021580277461907826
511.0 0.0021881280190427788
512.0 0.0022182284737937152
513.0 0.0019166736819897778
514.0 0.0016151194358826615
515.0 0.0014620017282140907
516.0 0.0013088840205455199
517.0 0.0014225839549908414
518.0 0.0015362835256382823
519.0 0.0015346236978075467
520.0 0.0015329636880778708
521.0 0.0017521040717838332
522.0 0.001971244091691915
523.0 0.0017237107385881245
524.0 0.0014761774764338043
525.0 0.0021029483832535334
526.0 0.0027297197448206134
527.0 0.0025765666578081436
528.0 0.0024234137526946142
529.0 0.0025643044864409603
530.0 0.0027051948563894257
531.0 0.002546477298892569
532.0 0.002387759377597831
533.0 0.002536847023293376
534.0 0.0026859341232920997
535.0 0.0023639044229639694
536.0 0.002041874176939018
537.0 0.0024027311155805364
538.0 0.0027635878723231144
539.0 0.0033904350857483223
540.0 0.00401728211727459
541.0 0.0040154049202101305
542.0 0.0040135273593477905
543.0 0.004378276571515016
544.0 0.004743025783682242
545.0 0.0051107024773955345
546.0 0.005478378807310946
547.0 0.004424698636285029
548.0 0.003371018829056993
549.0 0.0029171638743719086
550.0 0.0024633085558889434
551.0 0.0023969225367181934
552.0 0.002330536335648503
553.0 0.003026016383955721
554.0 0.0037214955227682367
555.0 0.003968518285546452
556.0 0.004215541412122548
557.0 0.003807196844718419
558.0 0.003398852641112171
559.0 0.003329729224788025
560.0 0.0032606054446659982
561.0 0.0034357486583758146
562.0 0.0036108911444898695
563.0 0.0034410124499117956
564.0 0.0032711330277379602
565.0 0.003810915950452909
566.0 0.004350698509369977
567.0 0.004582606197800487
568.0 0.004814513522433117
569.0 0.005174463149160147
570.0 0.005534413139685057
571.0 0.005686327858711593
572.0 0.005838242213940248
573.0 0.006173325527925044
574.0 0.006508409569505602
575.0 0.0063918138039298356
576.0 0.00627521876594983
577.0 0.0057552992075216025
578.0 0.005235380376689136
579.0 0.006009660864947364
580.0 0.006783942080801353
581.0 0.0072828355769161135
582.0 0.007781728345435113
583.0 0.008822515519568697
584.0 0.009863299783319235
585.0 0.010075026511913165
586.0 0.010286754695698619
587.0 0.010199117969023064
588.0 0.010111477604368702
589.0 0.010381609899923205
590.0 0.010651745105860755
591.0 0.009823567233979702
592.0 0.008995390817290172
593.0 0.007337525312323123
594.0 0.005679661990143359
595.0 0.0056553697504568845
596.0 0.005631077874568291
597.0 0.006142986967461184
598.0 0.006654894968960434
599.0 0.007482597720809281
600.0 0.008310299745062366
601.0 0.008985565364127979
602.0 0.009660828800406307
603.0 0.010590357123874128
604.0 0.01151988617493771
605.0 0.011457912478363141
606.0 0.011395940236980096
607.0 0.009831201168708503
608.0 0.008266465010819957
609.0 0.006533388659590855
610.0 0.004800313399755396
611.0 0.004040711428388022
612.0 0.0032811098208185285
613.0 0.0036938432458555326
614.0 0.004106576307094656
615.0 0.0049198675696970895
616.0 0.0057331595598952845
617.0 0.007056363392621279
618.0 0.008379566861549392
619.0 0.009502422471996397
620.0 0.010625278082443401
621.0 0.011548738257260993
622.0 0.012472197704482824
623.0 0.012246205005794764
624.0 0.01202021085191518
625.0 0.010536215268075466
626.0 0.009052217501448467
627.0 0.007227806781884283
628.0 0.005403393879532814
629.0 0.004502322190091945
630.0 0.003601251228246838
631.0 0.003071559694944881
632.0 0.0025418677978450432
633.0 0.0027169555323780514
634.0 0.0028920430850121193
635.0 0.0029678363716811873
636.0 0.003043628930754494
637.0 0.003829062552540563
638.0 0.0046144963562255725
639.0 0.004737845665658824
640.0 0.004861194247496314
641.0 0.005342048825696111
642.0 0.005822903403895907
643.0 0.0057633813412394375
644.0 0.005703859278582968
645.0 0.005209360460867174
646.0 0.004714862006949261
647.0 0.0037308640457922593
648.0 0.002746866812231019
649.0 0.0021882417058805004
650.0 0.0016296164176310413
651.0 0.0016706317182979546
652.0 0.001711647564661689
653.0 0.0015678637282690033
654.0 0.0014240799828257877
655.0 0.0014351096979225986
656.0 0.0014461395949183498
657.0 0.0014265362551668659
658.0 0.0014069330973143224
659.0 0.001842526216933038
660.0 0.002278119427501224
661.0 0.0019245924704591744
662.0 0.001571065149619244
663.0 0.002268869684485253
664.0 0.0029666745831491426
665.0 0.0035339893656782806
666.0 0.004101303784409538
667.0 0.004834600986214355
668.0 0.005567896369029768
669.0 0.005787162444903515
670.0 0.006006424882798456
671.0 0.006621287320740521
672.0 0.00723615157767199
673.0 0.007767873466946185
674.0 0.008299594628624618
675.0 0.0078098426456563175
676.0 0.007320091390283778
677.0 0.005810408765682951
678.0 0.004300725777284242
679.0 0.00283304452750599
680.0 0.00136536427817191
681.0 0.0005310705091687851
682.0 1.5833056437111748e-10
683.0 7.593459940835601e-05
684.0 0.00045509250412578695
685.0 0.00027910805329156574
686.0 0.00010312356835129322
687.0 0.00023429277007380733
688.0 0.0003654619831650052
689.0 0.0003621724090407952
690.0 0.00035888290312868776
691.0 0.0004373402134660864
692.0 0.0005157975920155877
693.0 0.00040421932681056205
694.0 0.0002926410616055364
695.0 0.00040439517761114985
696.0 0.0005161492936167633
697.0 0.0004931623152515385
698.0 0.00047017524593684357
699.0 0.0004160717708145967
700.0 0.00036196811379340943
701.0 0.0002898085085689672
702.0 0.0002176490397687303
703.0 0.0003181081183356582
704.0 0.00041856719690258615
705.0 0.0004332437129050959
706.0 0.0004479200470086653
707.0 8.744970045881928e-05
708.0 1.5833056437111748e-10
709.0 1.499871160604016e-05
710.0 0.00030301816877909005
711.0 0.00044248863559914753
712.0 0.000581959102419205
713.0 0.000296646044262161
714.0 1.1332991789458902e-05
715.0 0.0002191263547501876
716.0 0.0004269196779205231
717.0 0.0002637827492435463
718.0 0.000100645843303937
719.0 0.0003172816377627896
720.0 0.0005339174094842747
721.0 0.0004308980805944884
722.0 0.0003278788881289074
723.0 0.0003393433871679008
724.0 0.0003508079089442617
725.0 0.0005279535798763391
726.0 0.0007050995463941945
727.0 0.00028316612770140637
728.0 1.5833056437111748e-10
729.0 9.638526989874663e-05
730.0 0.0003315377171020373
731.0 0.0006340169875329593
732.0 0.0009364965080749243
733.0 0.00035994401059724623
734.0 1.5833056437111748e-10
735.0 1.5833056437111748e-10
736.0 1.5833056437111748e-10
737.0 0.0003617729134930414
738.0 0.0010449669389345217
739.0 0.0007206742793641752
740.0 0.00039638125599594787
741.0 0.0002001459733946831
742.0 3.910705004273041e-06
743.0 1.5833056437111748e-10
744.0 1.5833056437111748e-10
745.0 0.0002678505097719608
746.0 0.0006465786555054365
747.0 0.00027051291908719577
748.0 1.5833056437111748e-10
749.0 1.5833056437111748e-10
750.0 1.5833056437111748e-10
751.0 1.5833056437111748e-10
752.0 0.00012505469157986226
753.0 0.00024348992155864835
754.0 0.00036192514016875066
755.0 1.5833056437111748e-10
756.0 1.5833056437111748e-10
757.0 1.5833056437111748e-10
758.0 1.5833056437111748e-10
759.0 0.00020459219740587287
760.0 0.0007134433417377295
761.0 0.0003585681042750366
762.0 3.6927858104718325e-06
763.0 1.5833056437111748e-10
764.0 1.5833056437111748e-10
765.0 0.00014766047797820647
766.0 0.00042976207623723894
767.0 1.5833056437111748e-10
768.0 1.5833056437111748e-10
769.0 1.5833056437111748e-10
770.0 1.5833056437111748e-10
771.0 1.5833056437111748e-10
772.0 1.5833056437111748e-10
773.0 0.00027881569621968083
774.0 0.000772944804339204
775.0 0.00039013148125377484
776.0 7.318104167097772e-06
777.0 0.00017368646467730287
778.0 0.0003400548393983627
779.0 0.0004584330326906638
780.0 0.000576811225982965
781.0 0.0005345200861484045
782.0 0.000492228900839109
783.0 0.000439234463556204
784.0 0.0003862400717480341
785.0 0.00025986528271459974
786.0 0.00013349025493880617
787.0 0.000547124500371865
788.0 0.0009607586434867699
789.0 0.0007401713446597569
790.0 0.000519584091307479
791.0 0.0005277262516756309
792.0 0.0005358682756195776
793.0 0.0005874074304301757
794.0 0.0006389462669176282
795.0 0.0007895705493865535
796.0 0.0009401946954312734
797.0 0.0004950982656737324
798.0 5.00018927596102e-05
799.0 0.00047955904847185593
800.0 0.0009091161700780503
801.0 0.00047507669478363823
802.0 4.1037179698832915e-05
803.0 0.00030981000236351974
804.0 0.0005785828307125485
805.0 0.0008042027729970869
806.0 0.0010298227607563604
807.0 0.0006461048087658128
808.0 0.0002623869022500003
809.0 7.150032956815267e-05
810.0 1.5833056437111748e-10
811.0 0.00024446753741358407
812.0 0.0006083212610974442
813.0 0.0008623786925454624
814.0 0.0011164360330440104
815.0 0.0011276643817836884
816.0 0.0011388922757760156
817.0 0.0009412492545379791
818.0 0.000743606415198883
819.0 0.0007396406090265373
820.0 0.0007356748483289266
821.0 0.0008194686415663455
822.0 0.0009032622983795591
823.0 0.000775608259573346
824.0 0.0006479545390902786
825.0 0.0007647560778423212
826.0 0.000881557662069099
827.0 0.0008397097190027125
828.0 0.0007978620487847365
829.0 0.00035766588553087786
830.0 1.5833056437111748e-10
831.0 1.5833056437111748e-10
832.0 5.095575872360314e-06
833.0 0.00033693374916765606
834.0 0.0006687718723696889
835.0 9.46055536132917e-05
836.0 1.5833056437111748e-10
837.0 1.5833056437111748e-10
838.0 0.00015386266341010923
839.0 0.000497012570122024
840.0 0.0008401625564147253
841.0 0.0010792097782541532
842.0 0.0013182570910430513
843.0 0.0009021155165100936
844.0 0.0004859737146034604
845.0 0.0005347560545487795
846.0 0.0005835382580698933
847.0 0.0008584508577769157
848.0 0.0011333632755849976
849.0 0.0008900785360310692
850.0 0.00064679334172979
851.0 0.001055173470376758
852.0 0.001463553689973196
853.0 0.0006287084488576511
854.0 1.5833056437111748e-10
855.0 1.5833056437111748e-10
856.0 1.5833056437111748e-10
857.0 0.0002963705128422589
858.0 0.001310997049586149
859.0 0.001242017879121704
860.0 0.0011730383448593784
861.0 0.0014500427823804785
862.0 0.0017270473108510487
863.0 0.001897288348118309
864.0 0.002067529203486629
865.0 0.0020532766939140856
866.0 0.0020390247300383635
867.0 0.002786215736705344
868.0 0.003533406925271265
869.0 0.0031623818358639255
870.0 0.0027913562007597648
871.0 0.003201106665073894
872.0 0.0036108573112869635
873.0 0.0027145855710841715
874.0 0.00181831401278032
