ts8/transmission_sensor/rtm-012_s21/19700101T000000.ecsv
# %ECSV 0.9
# ---
# datatype:
# - {name: amp_name, datatype: string}
# - {name: wavelength, unit: nm, datatype: float32}
# - {name: efficiency, unit: '%', datatype: float32}
# meta: !!omap
# - {MODE: AMP}
# - {TYPE: transmission_sensor}
# - {CALIBDATE: '1970-01-01T00:00:00'}
# - {INSTRUME: TS8}
# - {OBSTYPE: transmission_sensor}
# - {DETECTOR: 88}
# - {CALIBCLS: lsst.ip.isr.IntermediateSensorTransmissionCurve}
# - {PICKLEFILE: RaftRun11063.p}
# - {CALIB_ID: 'raftName=RTM-012 detectorName=S21 detector=88 calibDate=1970-01-01T00:00:00 ccd=88 ccdnum=88 filter=None'}
# - {DATE: '2020-07-23T20:30:39.583848'}
# - {CALIB_CREATION_DATE: '2020-07-23'}
# - {CALIB_CREATION_TIME: '20:30:39'}
# - __serialized_columns__:
#     efficiency:
#       __class__: astropy.units.quantity.Quantity
#       unit: !astropy.units.Unit {unit: '%'}
#       value: !astropy.table.SerializedColumn {name: efficiency}
#     wavelength:
#       __class__: astropy.units.quantity.Quantity
#       unit: !astropy.units.Unit {unit: nm}
#       value: !astropy.table.SerializedColumn {name: wavelength}
# schema: astropy-2.0
amp_name wavelength efficiency
C15 319.994 36.10688
C15 324.969 40.60183
C15 349.982 62.25363
C15 374.975 71.93821
C15 400.019 81.60389
C15 424.965 84.75871
C15 450.035 86.79336
C15 475.003 89.23697
C15 500.018 91.48272
C15 525.002 93.48375
C15 550.029 95.04493
C15 575.023 96.63253
C15 599.982 97.92396
C15 619.997 98.1349
C15 624.979 98.19333
C15 650.012 98.671486
C15 675.004 99.00347
C15 700.03 98.7494
C15 725.012 98.53469
C15 750.022 99.03015
C15 774.987 99.45753
C15 799.976 98.75364
C15 824.988 97.15458
C15 850.022 94.898
C15 869.967 91.72453
C15 875.002 90.6528
C15 899.999 82.86565
C15 919.999 74.36264
C15 925.012 71.69331
C15 949.965 58.46253
C15 975.002 43.431934
C15 999.976 26.131538
C15 1025.028 11.094468
C15 1050.014 3.7987254
C15 1075.002 2.0712464
C15 1099.99 1.5907807
C05 319.994 37.94045
C05 324.969 42.671307
C05 349.982 65.65697
C05 374.975 75.69206
C05 400.019 84.56936
C05 424.965 87.23906
C05 450.035 89.00768
C05 475.003 91.319374
C05 500.018 93.49127
C05 525.002 95.457405
C05 550.029 97.00512
C05 575.023 98.5884
C05 599.982 99.89603
C05 619.997 100.09926
C05 624.979 100.16249
C05 650.012 100.641235
C05 675.004 100.96657
C05 700.03 100.627396
C05 725.012 100.165276
C05 750.022 100.346054
C05 774.987 100.45064
C05 799.976 99.59781
C05 824.988 98.00947
C05 850.022 95.604225
C05 869.967 92.39794
C05 875.002 91.342255
C05 899.999 83.72577
C05 919.999 75.21937
C05 925.012 72.55829
C05 949.965 59.13041
C05 975.002 43.895653
C05 999.976 26.354515
C05 1025.028 11.156834
C05 1050.014 3.8111668
C05 1075.002 2.0813375
C05 1099.99 1.6048291
C04 319.994 37.147118
C04 324.969 41.778107
C04 349.982 64.20964
C04 374.975 74.01338
C04 400.019 82.96281
C04 424.965 85.71736
C04 450.035 87.53386
C04 475.003 89.85315
C04 500.018 92.01643
C04 525.002 93.97075
C04 550.029 95.501686
C04 575.023 97.065025
C04 599.982 98.3507
C04 619.997 98.55345
C04 624.979 98.61304
C04 650.012 99.08082
C04 675.004 99.39831
C04 700.03 99.0618
C04 725.012 98.5949
C04 750.022 98.75792
C04 774.987 98.84387
C04 799.976 98.00247
C04 824.988 96.44655
C04 850.022 94.11765
C04 869.967 90.9562
C04 875.002 89.90167
C04 899.999 82.42879
C04 919.999 74.219345
C04 925.012 71.61178
C04 949.965 58.265446
C04 975.002 43.18597
C04 999.976 25.95594
C04 1025.028 11.026719
C04 1050.014 3.770006
C04 1075.002 2.0532608
C04 1099.99 1.5800071
C03 319.994 37.08528
C03 324.969 41.70993
C03 349.982 64.038475
C03 374.975 73.83963
C03 400.019 83.09049
C03 424.965 86.00353
C03 450.035 87.910545
C03 475.003 90.29386
C03 500.018 92.50155
C03 525.002 94.48378
C03 550.029 96.03384
C03 575.023 97.61726
C03 599.982 98.91296
C03 619.997 99.11506
C03 624.979 99.17304
C03 650.012 99.65039
C03 675.004 99.96384
C03 700.03 99.62269
C03 725.012 99.14884
C03 750.022 99.304726
C03 774.987 99.38922
C03 799.976 98.53467
C03 824.988 96.968994
C03 850.022 94.65557
C03 869.967 91.44672
C03 875.002 90.364235
C03 899.999 82.86698
C03 919.999 74.78215
C03 925.012 72.17938
C03 949.965 58.6124
C03 975.002 43.365902
C03 999.976 26.120796
C03 1025.028 11.134613
C03 1050.014 3.8060005
C03 1075.002 2.0671363
C03 1099.99 1.5855609
C17 319.994 36.64846
C17 324.969 41.21075
C17 349.982 63.28601
C17 374.975 73.045204
C17 400.019 82.27704
C17 424.965 85.18168
C17 450.035 87.0769
C17 475.003 89.435265
C17 500.018 91.62763
C17 525.002 93.59542
C17 550.029 95.14091
C17 575.023 96.71216
C17 599.982 97.99946
C17 619.997 98.20535
C17 624.979 98.26406
C17 650.012 98.74124
C17 675.004 99.074066
C17 700.03 98.828255
C17 725.012 98.64557
C17 750.022 99.18398
C17 774.987 99.64745
C17 799.976 98.96043
C17 824.988 97.355705
C17 850.022 95.090515
C17 869.967 91.91477
C17 875.002 90.83623
C17 899.999 83.040375
C17 919.999 74.34864
C17 925.012 71.680046
C17 949.965 58.535313
C17 975.002 43.542423
C17 999.976 26.258018
C17 1025.028 11.15948
C17 1050.014 3.8469405
C17 1075.002 2.0877619
C17 1099.99 1.5984435
C13 319.994 35.550724
C13 324.969 39.9698
C13 349.982 61.16879
C13 374.975 70.81407
C13 400.019 81.074745
C13 424.965 84.56284
C13 450.035 86.78472
C13 475.003 89.34213
C13 500.018 91.66319
C13 525.002 93.716415
C13 550.029 95.30994
C13 575.023 96.91422
C13 599.982 98.22507
C13 619.997 98.43782
C13 624.979 98.504814
C13 650.012 98.98382
C13 675.004 99.315895
C13 700.03 99.05813
C13 725.012 98.82928
C13 750.022 99.30509
C13 774.987 99.71679
C13 799.976 99.00821
C13 824.988 97.408905
C13 850.022 95.17182
C13 869.967 91.94909
C13 875.002 90.85266
C13 899.999 83.16145
C13 919.999 74.78628
C13 925.012 72.0607
C13 949.965 58.5196
C13 975.002 43.51057
C13 999.976 26.274912
C13 1025.028 11.218707
C13 1050.014 3.8420353
C13 1075.002 2.0781276
C13 1099.99 1.5866708
C11 319.994 34.697437
C11 324.969 39.000973
C11 349.982 59.516804
C11 374.975 68.988716
C11 400.019 79.89632
C11 424.965 83.78616
C11 450.035 86.23462
C11 475.003 88.92298
C11 500.018 91.326935
C11 525.002 93.43557
C11 550.029 95.06039
C11 575.023 96.68189
C11 599.982 97.998116
C11 619.997 98.21618
C11 624.979 98.27836
C11 650.012 98.76563
C11 675.004 99.100075
C11 700.03 98.83924
C11 725.012 98.60816
C11 750.022 99.08145
C11 774.987 99.49532
C11 799.976 98.78654
C11 824.988 97.21019
C11 850.022 94.9754
C11 869.967 91.737144
C11 875.002 90.639366
C11 899.999 83.16696
C11 919.999 74.60072
C11 925.012 71.84811
C11 949.965 58.306927
C11 975.002 43.46281
C11 999.976 26.283087
C11 1025.028 11.232378
C11 1050.014 3.8695908
C11 1075.002 2.064783
C11 1099.99 1.5751396
C16 319.994 36.43801
C16 324.969 40.97113
C16 349.982 62.86219
C16 374.975 72.608406
C16 400.019 82.10684
C16 424.965 85.152245
C16 450.035 87.12658
C16 475.003 89.52938
C16 500.018 91.75488
C16 525.002 93.74468
C16 550.029 95.29939
C16 575.023 96.88132
C16 599.982 98.17405
C16 619.997 98.37992
C16 624.979 98.441765
C16 650.012 98.92319
C16 675.004 99.25319
C16 700.03 99.00146
C16 725.012 98.79965
C16 750.022 99.316925
C16 774.987 99.76068
C16 799.976 99.062775
C16 824.988 97.45601
C16 850.022 95.182686
C16 869.967 92.00039
C16 875.002 90.93125
C16 899.999 83.11071
C16 919.999 74.492096
C16 925.012 71.82283
C16 949.965 58.66013
C16 975.002 43.62121
C16 999.976 26.262407
C16 1025.028 11.126581
C16 1050.014 3.8205225
C16 1075.002 2.0827436
C16 1099.99 1.5975586
C07 319.994 37.58504
C07 324.969 42.272762
C07 349.982 65.18715
C07 374.975 75.17634
C07 400.019 83.56778
C07 424.965 85.980316
C07 450.035 87.60406
C07 475.003 89.79763
C07 500.018 91.886986
C07 525.002 93.78476
C07 550.029 95.28723
C07 575.023 96.845604
C07 599.982 98.120804
C07 619.997 98.32255
C07 624.979 98.382484
C07 650.012 98.86193
C07 675.004 99.18003
C07 700.03 98.86293
C07 725.012 98.45173
C07 750.022 98.687485
C07 774.987 98.83167
C07 799.976 97.9998
C07 824.988 96.41499
C07 850.022 93.97329
C07 869.967 90.78198
C07 875.002 89.741325
C07 899.999 82.19692
C07 919.999 73.5571
C07 925.012 70.90826
C07 949.965 57.79019
C07 975.002 42.96608
C07 999.976 25.857513
C07 1025.028 10.9336405
C07 1050.014 3.7480268
C07 1075.002 2.041769
C07 1099.99 1.5696515
C00 319.994 35.883514
C00 324.969 40.351784
C00 349.982 61.70994
C00 374.975 71.144325
C00 400.019 81.057945
C00 424.965 84.40466
C00 450.035 86.5613
C00 475.003 89.075836
C00 500.018 91.37088
C00 525.002 93.39681
C00 550.029 94.96841
C00 575.023 96.55967
C00 599.982 97.84785
C00 619.997 98.05015
C00 624.979 98.109924
C00 650.012 98.58087
C00 675.004 98.88766
C00 700.03 98.54402
C00 725.012 98.08643
C00 750.022 98.25934
C00 774.987 98.36308
C00 799.976 97.52203
C00 824.988 95.98912
C00 850.022 93.71575
C00 869.967 90.426956
C00 875.002 89.3517
C00 899.999 82.16096
C00 919.999 74.2558
C00 925.012 71.56518
C00 949.965 57.70345
C00 975.002 43.02571
C00 999.976 25.88054
C00 1025.028 11.117831
C00 1050.014 3.8162465
C00 1075.002 2.0408618
C00 1099.99 1.5567855
C02 319.994 36.866245
C02 324.969 41.459473
C02 349.982 63.54987
C02 374.975 73.211494
C02 400.019 82.63652
C02 424.965 85.66622
C02 450.035 87.64797
C02 475.003 90.07189
C02 500.018 92.30467
C02 525.002 94.30313
C02 550.029 95.86139
C02 575.023 97.44339
C02 599.982 98.73688
C02 619.997 98.936775
C02 624.979 98.99424
C02 650.012 99.466125
C02 675.004 99.77645
C02 700.03 99.42904
C02 725.012 98.956314
C02 750.022 99.10816
C02 774.987 99.19164
C02 799.976 98.33564
C02 824.988 96.775604
C02 850.022 94.465225
C02 869.967 91.21507
C02 875.002 90.13608
C02 899.999 82.71368
C02 919.999 74.672775
C02 925.012 72.02158
C02 949.965 58.28545
C02 975.002 43.2192
C02 999.976 26.026299
C02 1025.028 11.136582
C02 1050.014 3.8031902
C02 1075.002 2.063973
C02 1099.99 1.5766561
C06 319.994 38.022182
C06 324.969 42.76374
C06 349.982 65.87864
C06 374.975 75.99424
C06 400.019 84.728615
C06 424.965 87.29437
C06 450.035 89.005226
C06 475.003 91.27134
C06 500.018 93.420784
C06 525.002 95.371956
C06 550.029 96.90671
C06 575.023 98.49039
C06 599.982 99.78852
C06 619.997 99.99358
C06 624.979 100.054504
C06 650.012 100.541084
C06 675.004 100.86669
C06 700.03 100.53512
C06 725.012 100.094864
C06 750.022 100.29821
C06 774.987 100.42093
C06 799.976 99.573006
C06 824.988 97.97237
C06 850.022 95.52497
C06 869.967 92.30199
C06 875.002 91.248825
C06 899.999 83.64109
C06 919.999 74.95399
C06 925.012 72.26909
C06 949.965 58.89742
C06 975.002 43.762383
C06 999.976 26.305492
C06 1025.028 11.108643
C06 1050.014 3.7993512
C06 1075.002 2.0754483
C06 1099.99 1.5995765
C01 319.994 36.373398
C01 324.969 40.903347
C01 349.982 62.621975
C01 374.975 72.14244
C01 400.019 81.775986
C01 424.965 84.94473
C01 450.035 87.00417
C01 475.003 89.4636
C01 500.018 91.72408
C01 525.002 93.729126
C01 550.029 95.28807
C01 575.023 96.876656
C01 599.982 98.15866
C01 619.997 98.35822
C01 624.979 98.41688
C01 650.012 98.88755
C01 675.004 99.19252
C01 700.03 98.84796
C01 725.012 98.381294
C01 750.022 98.54346
C01 774.987 98.62929
C01 799.976 97.77882
C01 824.988 96.23944
C01 850.022 93.933525
C01 869.967 90.68591
C01 875.002 89.60968
C01 899.999 82.27026
C01 919.999 74.31941
C01 925.012 71.63142
C01 949.965 57.85093
C01 975.002 42.97383
C01 999.976 25.951605
C01 1025.028 11.107343
C01 1050.014 3.7998354
C01 1075.002 2.049352
C01 1099.99 1.5629747
C14 319.994 35.770172
C14 324.969 40.218628
C14 349.982 61.605915
C14 374.975 71.23314
C14 400.019 81.138794
C14 424.965 84.435356
C14 450.035 86.54948
C14 475.003 89.03865
C14 500.018 91.31604
C14 525.002 93.33672
C14 550.029 94.90764
C14 575.023 96.50009
C14 599.982 97.79057
C14 619.997 97.99894
C14 624.979 98.06024
C14 650.012 98.5411
C14 675.004 98.871445
C14 700.03 98.61107
C14 725.012 98.38943
C14 750.022 98.87549
C14 774.987 99.28656
C14 799.976 98.57821
C14 824.988 96.98588
C14 850.022 94.754196
C14 869.967 91.57104
C14 875.002 90.4834
C14 899.999 82.748344
C14 919.999 74.34526
C14 925.012 71.690926
C14 949.965 58.34328
C14 975.002 43.329407
C14 999.976 26.115536
C14 1025.028 11.11602
C14 1050.014 3.808438
C14 1075.002 2.0700612
C14 1099.99 1.5867969
C12 319.994 35.120846
C12 324.969 39.479298
C12 349.982 60.343285
C12 374.975 69.870766
C12 400.019 80.356895
C12 424.965 83.99893
C12 450.035 86.306694
C12 475.003 88.908035
C12 500.018 91.256584
C12 525.002 93.32547
C12 550.029 94.92733
C12 575.023 96.535835
C12 599.982 97.84176
C12 619.997 98.05634
C12 624.979 98.11723
C12 650.012 98.59996
C12 675.004 98.93061
C12 700.03 98.67059
C12 725.012 98.442245
C12 750.022 98.91568
C12 774.987 99.32068
C12 799.976 98.6129
C12 824.988 97.03069
C12 850.022 94.79684
C12 869.967 91.57828
C12 875.002 90.50004
C12 899.999 82.95
C12 919.999 74.4949
C12 925.012 71.75879
C12 949.965 58.285393
C12 975.002 43.44178
C12 999.976 26.229277
C12 1025.028 11.190417
C12 1050.014 3.8419747
C12 1075.002 2.068142
C12 1099.99 1.5758466
C10 319.994 34.003616
C10 324.969 38.218613
C10 349.982 58.245674
C10 374.975 67.65498
C10 400.019 79.035225
C10 424.965 83.18912
C10 450.035 85.79664
C10 475.003 88.56923
C10 500.018 91.04047
C10 525.002 93.18207
C10 550.029 94.83051
C10 575.023 96.46919
C10 599.982 97.79223
C10 619.997 98.01627
C10 624.979 98.082054
C10 650.012 98.575386
C10 675.004 98.90543
C10 700.03 98.64632
C10 725.012 98.42453
C10 750.022 98.90607
C10 774.987 99.325516
C10 799.976 98.621
C10 824.988 97.04844
C10 850.022 94.84022
C10 869.967 91.565994
C10 875.002 90.45534
C10 899.999 83.073395
C10 919.999 74.48526
C10 925.012 71.703896
C10 949.965 58.139072
C10 975.002 43.368015
C10 999.976 26.304028
C10 1025.028 11.225009
C10 1050.014 3.8697026
C10 1075.002 2.0595
C10 1099.99 1.5727588
