lsstCam/transmission_filter_detector/r24_s20/r_57/19700101T000000.ecsv
# %ECSV 1.0
# ---
# datatype:
# - {name: wavelength, unit: nm, datatype: float32}
# - {name: efficiency, unit: '%', datatype: float64}
# meta: !!omap
# - {MODE: DETECTOR}
# - {TYPE: transmission_filter_detector}
# - {CALIBDATE: '1970-01-01T00:00:00'}
# - {INSTRUME: LSSTCam}
# - {OBSTYPE: transmission_filter_detector}
# - {CALIBCLS: lsst.ip.isr.IntermediateFilterDetectorTransmissionCurve}
# - {SOURCE: Materion (DM-46256)}
# - {DETECTOR: 114}
# - {FILTER: r_57}
# - {CALIB_ID: 'calibDate=1970-01-01T00:00:00 filter=r_57 detector=114'}
# - {DATE: '2025-04-02T15:59:44.710551'}
# - {CALIB_CREATION_DATE: '2025-04-02'}
# - {CALIB_CREATION_TIME: '15:59:44'}
# - __serialized_columns__:
#     efficiency:
#       __class__: astropy.units.quantity.Quantity
#       unit: !astropy.units.Unit {unit: '%'}
#       value: !astropy.table.SerializedColumn {name: efficiency}
#     wavelength:
#       __class__: astropy.units.quantity.Quantity
#       unit: !astropy.units.Unit {unit: nm}
#       value: !astropy.table.SerializedColumn {name: wavelength}
# schema: astropy-2.0
wavelength efficiency
[from data line 602]
902.0 1.6111361376969224e-10
903.0 1.6111361376969224e-10
904.0 1.6111361376969224e-10
905.0 1.6111361376969224e-10
906.0 1.6111361376969224e-10
907.0 3.5707026313502865e-05
908.0 0.00010699594668039936
909.0 0.00017828484715209925
910.0 7.823452961019939e-05
911.0 1.6111361376969224e-10
912.0 1.6111361376969224e-10
913.0 1.6111361376969224e-10
914.0 2.608357760891522e-05
915.0 5.7383584817216615e-05
916.0 4.015414560853969e-05
917.0 2.292470639986277e-05
918.0 0.0001239462903868116
919.0 0.00022496785732073477
920.0 0.00015422112937812926
921.0 8.347437301381433e-05
922.0 0.0001483095502408105
923.0 0.00021314474452083232
924.0 0.00016693123825461953
925.0 0.00012071774335709051
926.0 0.00013206938547227765
927.0 0.00014342100485009723
928.0 0.00016857758282640134
929.0 0.00019373414943402167
930.0 0.0002202839141318691
931.0 0.000246833656092349
932.0 0.00014016818568052258
933.0 3.350272379520902e-05
934.0 7.593688451379421e-05
935.0 0.00011837105375889223
936.0 0.0001524307322142704
937.0 0.00018649039930096478
938.0 0.00019074541341979057
939.0 0.00019500043890730012
940.0 0.00019490312297421042
941.0 0.00019480578430375317
942.0 0.0002916907533290214
943.0 0.00038857574509165715
944.0 0.0002845481276381179
945.0 0.00018052052155326237
946.0 0.0002880869033106137
947.0 0.0003956532964366488
948.0 0.0003683544036903186
949.0 0.0003410556473681936
950.0 0.00044018943299306557
951.0 0.0005393233550421428
952.0 0.0006333589226414915
953.0 0.0007273946721397806
954.0 0.000920108323043678
955.0 0.0011128222467959858
956.0 0.0012372418495942838
957.0 0.0013616614523925819
958.0 0.0016400554159190506
959.0 0.0019184497432434
960.0 0.002025082358159125
961.0 0.00213171515497379
962.0 0.0022881818949826993
963.0 0.002444648453092668
964.0 0.002460322320985142
965.0 0.002475996188877616
966.0 0.002470085382810794
967.0 0.002464174212946091
968.0 0.0024625413061585277
969.0 0.0024609087631688453
970.0 0.002486880293872673
971.0 0.0025128521883743815
972.0 0.0026302608603145927
973.0 0.0027476697141537443
974.0 0.0029708724468946457
975.0 0.003194075543433428
976.0 0.003172761353198439
977.0 0.0031514475267613307
978.0 0.003110571196884848
979.0 0.0030696948670083657
980.0 0.0030447843528236263
981.0 0.003019873838638887
982.0 0.0030575800337828696
983.0 0.0030952858651289716
984.0 0.002969141314679291
985.0 0.00284299640043173
986.0 0.0027499563657329418
987.0 0.0026569163310341537
988.0 0.0025456423827563412
989.0 0.00243436898017535
990.0 0.0024675628083059564
991.0 0.002500756636436563
992.0 0.0025420506062800996
993.0 0.0025833447580225766
994.0 0.0026721454560174607
995.0 0.002760945790214464
996.0 0.0027672294891090132
997.0 0.0027735133699025027
998.0 0.0029645609174622223
999.0 0.003155608646920882
1000.0 0.003236937482142821
1001.0 0.0033182666811626405
1002.0 0.0035479260986903682
1003.0 0.003777585516218096
1004.0 0.0038299673178698868
1005.0 0.0038823491195216775
1006.0 0.004061575964442454
1007.0 0.004240802809363231
1008.0 0.004221590279485099
1009.0 0.004202377385809086
1010.0 0.004162372351856902
1011.0 0.00412236804550048
1012.0 0.004097663622815162
1013.0 0.004072959200129844
1014.0 0.003921673123841174
1015.0 0.0037703870475525036
1016.0 0.003469128205324523
1017.0 0.003167868999298662
1018.0 0.002864493399101775
1019.0 0.002561118162702769
1020.0 0.002313466029590927
1021.0 0.0020658137145801447
1022.0 0.0017280772226513363
1023.0 0.0013903403669246472
1024.0 0.0013562983440351672
1025.0 0.001322256230196217
1026.0 0.0011822730812127702
1027.0 0.0010422898412798531
1028.0 0.0010207351806457154
1029.0 0.0009991803381126374
1030.0 0.0009335516551800538
1031.0 0.0008679226993990596
1032.0 0.000830594672152074
1033.0 0.0007932665539556183
1034.0 0.0007220968655019533
1035.0 0.0006509269496746128
1036.0 0.0006310942353593418
1037.0 0.0006112614300946007
1038.0 0.0006482298431365052
1039.0 0.0006851982107036747
1040.0 0.0006494617082353216
1041.0 0.0006137252057669684
1042.0 0.00067428195507091
1043.0 0.0007348384770011762
1044.0 0.0007321854354813695
1045.0 0.0007295325758605031
1046.0 0.0008276735570689198
1047.0 0.0009258147656510118
1048.0 0.000847683350002626
1049.0 0.0007695521162531804
1050.0 0.0007794762495905161
1051.0 0.0007894002919783816
1052.0 0.0009333528396382462
1053.0 0.0010773048416012898
1054.0 0.0008874455488694366
1055.0 0.000697586028763908
1056.0 0.0007648590326425619
1057.0 0.0008321319910464808
1058.0 0.0008570361387683079
1059.0 0.0008819401955406647
1060.0 0.0009131274055107497
1061.0 0.0009443141607334837
1062.0 0.001149097442976199
1063.0 0.001353880543319974
1064.0 0.0010084449968417175
1065.0 0.0006630092229897855
1066.0 0.001268531286768848
1067.0 0.0018740533050731756
1068.0 0.002003225927182939
1069.0 0.002132398003595881
1070.0 0.0019350012735230848
1071.0 0.0017376043615513481
1072.0 0.0018740265659289435
1073.0 0.0020104485884075984
1074.0 0.0023749107640469447
1075.0 0.0027393727577873506
1076.0 0.003060959352296777
1077.0 0.003382546128705144
1078.0 0.0036581375752575696
1079.0 0.003933729021809995
1080.0 0.004053464363096282
1081.0 0.004173198976786807
1082.0 0.0040775172237772495
1083.0 0.003981835106969811
1084.0 0.004263680966687389
1085.0 0.004545525735011324
1086.0 0.0045028897147858515
1087.0 0.004460253694560379
1088.0 0.0045616045099450275
1089.0 0.0046629549615317956
1090.0 0.004000007902504876
1091.0 0.0033370604796800762
1092.0 0.0036467572499532253
1093.0 0.003956454384024255
1094.0 0.004084395186509937
1095.0 0.004212335988995619
1096.0 0.0034988755942322314
1097.0 0.0027854157451656647
1098.0 0.002680694524315186
1099.0 0.0025759736672625877
1100.0 0.002516152017051354
1101.0 0.0024563303668401204
