lsstCam/transmission_filter_detector/r24_s20/r_57/19700101T000000.ecsv
# %ECSV 1.0
# ---
# datatype:
# - {name: wavelength, unit: nm, datatype: float32}
# - {name: efficiency, unit: '%', datatype: float64}
# meta: !!omap
# - {MODE: DETECTOR}
# - {TYPE: transmission_filter_detector}
# - {CALIBDATE: '1970-01-01T00:00:00'}
# - {INSTRUME: LSSTCam}
# - {OBSTYPE: transmission_filter_detector}
# - {CALIBCLS: lsst.ip.isr.IntermediateFilterDetectorTransmissionCurve}
# - {SOURCE: Materion (DM-46256)}
# - {DETECTOR: 114}
# - {FILTER: r_57}
# - {CALIB_ID: 'calibDate=1970-01-01T00:00:00 filter=r_57 detector=114'}
# - {DATE: '2025-04-02T15:59:44.710551'}
# - {CALIB_CREATION_DATE: '2025-04-02'}
# - {CALIB_CREATION_TIME: '15:59:44'}
# - __serialized_columns__:
#     efficiency:
#       __class__: astropy.units.quantity.Quantity
#       unit: !astropy.units.Unit {unit: '%'}
#       value: !astropy.table.SerializedColumn {name: efficiency}
#     wavelength:
#       __class__: astropy.units.quantity.Quantity
#       unit: !astropy.units.Unit {unit: nm}
#       value: !astropy.table.SerializedColumn {name: wavelength}
# schema: astropy-2.0
wavelength efficiency
300.0 0.0023030894226394594
301.0 0.0054848031140863895
302.0 0.008666516077937558
303.0 0.010604730778140947
304.0 0.012542946205940098
305.0 0.011210627417312935
306.0 0.009878307901090011
307.0 0.008758023614063859
308.0 0.007637737871846184
309.0 0.006575175211764872
310.0 0.00551261255168356
311.0 0.005280391269479878
312.0 0.005048169623478316
313.0 0.00462879215774592
314.0 0.004209412873024121
315.0 0.004129820808884688
316.0 0.004050230199936777
317.0 0.003927870784536935
318.0 0.003805511732934974
319.0 0.0035039942304138094
320.0 0.0032024781830841675
321.0 0.0029575423468486406
322.0 0.0027126074201078154
323.0 0.002391885209362954
324.0 0.0020711626348202117
325.0 0.002178268550778739
326.0 0.0022853742848383263
327.0 0.002504815529391635
328.0 0.002724256773944944
329.0 0.002648693225637544
330.0 0.0025731305868248455
331.0 0.0023927628717501648
332.0 0.0022123953385744244
333.0 0.001840114055084996
334.0 0.001467833044443978
335.0 0.0013856481018592604
336.0 0.0013034632502240129
337.0 0.00126187878777273
338.0 0.0012202945072203875
339.0 0.0010943233064608648
340.0 0.000968352014751872
341.0 0.0009108542144531384
342.0 0.0008533564141544048
343.0 0.0008807507583696861
344.0 0.0009081451025849674
345.0 0.0008554340638511349
346.0 0.0008027232070162427
347.0 0.0007903594450908713
348.0 0.0007779957741149701
349.0 0.000787577846494969
350.0 0.003909628867404535
351.0 0.00497196197102312
352.0 0.006034294347045943
353.0 0.006007515185046941
354.0 0.00598073638684582
355.0 0.004950816946802661
356.0 0.003920898234355263
357.0 0.004619691026164219
358.0 0.005318483817973174
359.0 0.004830991383641958
360.0 0.004343498221714981
361.0 0.0032400090276496485
362.0 0.002136519833584316
363.0 0.00261868135567056
364.0 0.0031008428777568042
365.0 0.0026838888516067527
366.0 0.002266935189254582
367.0 0.0027033396690967493
368.0 0.0031397441489389166
369.0 0.0032131607440533116
370.0 0.0032865773391677067
371.0 0.0030430501283262856
372.0 0.0027995227355859242
373.0 0.0025786874175537378
374.0 0.0023578517357236706
375.0 0.0016994432371575385
376.0 0.0010410349204903468
377.0 0.0015198910659819376
378.0 0.0019987473933724687
379.0 0.00198755969904596
380.0 0.0019763721866183914
381.0 0.0021919020582572557
382.0 0.0024074322936940007
383.0 0.0029821965654264204
384.0 0.0035569610190577805
385.0 0.0044649212213698775
386.0 0.005372881059884094
387.0 0.004927871123072691
388.0 0.0044828615500591695
389.0 0.00364707775588613
390.0 0.002811293234117329
391.0 0.0023517086447100155
392.0 0.0018921242372016422
393.0 0.001782681283657439
394.0 0.0016732385120121762
395.0 0.0012582479939737823
396.0 0.0008432575668848585
397.0 0.0007268203717103461
398.0 0.0006103835403337143
399.0 0.0004888547664450016
400.0 0.00036732583339471603
401.0 0.00021677315089618787
402.0 6.622011028412089e-05
403.0 0.0001603718260412279
404.0 0.00025452368390688207
405.0 0.0007921158612589352
406.0 0.001329707902186783
407.0 0.0015393055946333334
408.0 0.0017489031961304136
409.0 0.0012488048014347441
410.0 0.0007487063612643396
411.0 0.0008990564310806803
412.0 0.0010494065463717561
413.0 0.001237866763403872
414.0 0.0014263272532843985
415.0 0.0014295410437625833
416.0 0.0014327551070891786
417.0 0.0016029996913857758
418.0 0.0017732443666318431
419.0 0.0023000275177764706
420.0 0.0028268103051232174
421.0 0.004080432699993253
422.0 0.005334054731065407
423.0 0.008461251854896545
424.0 0.011588448978727683
425.0 0.015422185242641717
426.0 0.019255919323768467
427.0 0.019775499822571874
428.0 0.02029508032137528
429.0 0.01582399563631043
430.0 0.01135291313403286
431.0 0.0079309509601444
432.0 0.004508989877649583
433.0 0.0036317913327366114
434.0 0.002754592424025759
435.0 0.0022970007194089703
436.0 0.0018394090147921816
437.0 0.001361386512144236
438.0 0.0008833642823447008
439.0 0.0008817771231406368
440.0 0.0008801897820376325
441.0 0.0010697333891585004
442.0 0.0012592771781783085
443.0 0.0015985810023266822
444.0 0.0019378850993234664
445.0 0.0017651947928243317
446.0 0.0015925048501230776
447.0 0.001447290924261324
448.0 0.001302077180298511
449.0 0.0012725845408567693
450.0 0.0012430916285666171
451.0 0.0013446144293993711
452.0 0.0014461367754847743
453.0 0.001585626341693569
454.0 0.0017251157260034233
455.0 0.0015498739230679348
456.0 0.0013746322110819165
457.0 0.0009835792297963053
458.0 0.000592526203035959
459.0 0.0007954143256938551
460.0 0.0009983024938264862
461.0 0.0015868230548221618
462.0 0.0021753436158178374
463.0 0.0029139206162653863
464.0 0.003652497980510816
465.0 0.004689516572398134
466.0 0.005726534072891809
467.0 0.006245710392249748
468.0 0.006764887075405568
469.0 0.0058352605265099555
470.0 0.004905633977614343
471.0 0.0037264533602865413
472.0 0.0025472729248576798
473.0 0.001930754842760507
474.0 0.0013142362149665132
475.0 0.0009768011295818724
476.0 0.0006393659987224964
477.0 0.0007146328698581783
478.0 0.0007898996045696549
479.0 0.000868212737259455
480.0 0.000946525778999785
481.0 0.0007161565463320585
482.0 0.0004857874046138022
483.0 0.0005967729521216825
484.0 0.0007077585451042978
485.0 0.0006936799763934687
486.0 0.0006796014531573746
487.0 0.000542684074389399
488.0 0.00040576665014668833
489.0 0.0005214792054175632
490.0 0.0006371916697389679
491.0 0.0007323986210394651
492.0 0.0008276056178146973
493.0 0.0008823000825941563
494.0 0.0009369946383230854
495.0 0.0009671165571489837
496.0 0.0009972382940759417
497.0 0.001044221698975889
498.0 0.0010912051038758364
499.0 0.0011277123121544719
500.0 0.001164219884230988
501.0 0.0012723733561870176
502.0 0.0013805268281430472
503.0 0.0018005839592660777
504.0 0.002220640999439638
505.0 0.0026694940970628522
506.0 0.003118347012787126
507.0 0.0038631929783150554
508.0 0.0046080393076408654
509.0 0.004971057569491677
510.0 0.005334076195140369
511.0 0.0048458779929205775
512.0 0.004357679790700786
513.0 0.003726296199602075
514.0 0.0030949129723012447
515.0 0.002863315057766158
516.0 0.002631717325130012
517.0 0.002623229011078365
518.0 0.002614740515127778
519.0 0.03745961876120418
520.0 0.04515844921115786
521.0 0.09041259181685746
522.0 0.12304696720093489
523.0 0.13900554040446877
524.0 0.0880336738191545
525.0 0.07510120631195605
526.0 0.060782203217968345
527.0 0.14984050067141652
528.0 0.12442030711099505
529.0 0.1393522252328694
530.0 0.12262032832950354
531.0 0.23285262286663055
532.0 0.18998102750629187
533.0 0.30664699152112007
534.0 0.347753195092082
535.0 0.4331191536039114
536.0 0.6587453652173281
537.0 0.9481157176196575
538.0 1.3875902630388737
539.0 2.267942577600479
540.0 3.485744446516037
541.0 5.287676677107811
542.0 7.437367737293243
543.0 10.47474518418312
544.0 14.110057055950165
545.0 18.188978731632233
546.0 23.268257081508636
547.0 29.423972964286804
548.0 36.94484233856201
549.0 44.991081953048706
550.0 52.03876495361328
551.0 59.79208946228027
552.0 65.40601253509521
553.0 70.36428451538086
554.0 75.01002550125122
555.0 78.77642512321472
556.0 82.63834118843079
557.0 85.49339771270752
558.0 88.85782361030579
559.0 91.78903102874756
560.0 92.4642562866211
561.0 94.81768012046814
562.0 95.38862109184265
563.0 95.24295926094055
564.0 95.88775038719177
565.0 95.22217512130737
566.0 95.58442831039429
567.0 95.42648792266846
568.0 95.92803716659546
569.0 96.39250040054321
570.0 95.76402306556702
571.0 96.7225193977356
572.0 96.68744802474976
573.0 96.43533825874329
574.0 96.660977602005
575.0 96.8411922454834
576.0 97.26522564888
577.0 97.22292423248291
578.0 96.9676673412323
579.0 96.86383008956909
580.0 96.46326303482056
581.0 96.03249430656433
582.0 97.04061150550842
583.0 96.77532911300659
584.0 96.39500379562378
585.0 96.14064693450928
586.0 96.3157594203949
587.0 95.87276577949524
588.0 96.34154438972473
589.0 97.43894338607788
590.0 96.54774069786072
591.0 95.87069749832153
592.0 96.11884951591492
593.0 95.43619751930237
594.0 95.76476812362671
595.0 96.39711380004883
596.0 97.18034267425537
597.0 97.03477621078491
598.0 96.68591618537903
599.0 96.81834578514099
600.0 96.79255485534668
601.0 96.02311253547668
602.0 96.74263000488281
603.0 96.23920917510986
604.0 96.23216390609741
605.0 96.8945324420929
606.0 96.1016595363617
607.0 96.28068804740906
608.0 96.29404544830322
609.0 95.69116830825806
610.0 95.70585489273071
611.0 95.71709632873535
612.0 95.30985355377197
613.0 96.79537415504456
614.0 96.3939368724823
615.0 96.16373181343079
616.0 96.42355442047119
617.0 96.13296389579773
618.0 96.25322222709656
619.0 96.98296189308167
620.0 96.1986780166626
621.0 95.64056396484375
622.0 96.38522863388062
623.0 96.48464918136597
624.0 96.19805216789246
625.0 96.62892818450928
626.0 95.99370956420898
627.0 94.96356844902039
628.0 96.8421459197998
629.0 95.39101719856262
630.0 96.34158611297607
631.0 96.17118239402771
632.0 96.5447723865509
633.0 96.35242819786072
634.0 95.71381211280823
635.0 96.14335894584656
636.0 95.94084024429321
637.0 95.82176804542542
638.0 95.46694755554199
639.0 95.50279378890991
640.0 95.58959007263184
641.0 95.42014598846436
642.0 95.90548872947693
643.0 95.76792120933533
644.0 96.02383971214294
645.0 96.12589478492737
646.0 95.92966437339783
647.0 96.81487679481506
648.0 96.33963704109192
649.0 95.56630253791809
650.0 96.37095332145691
651.0 96.82108163833618
652.0 96.98449969291687
653.0 95.69737911224365
654.0 96.58302068710327
655.0 96.52464389801025
656.0 95.46278119087219
657.0 95.83104252815247
658.0 96.10493779182434
659.0 96.0489273071289
660.0 95.37917375564575
661.0 95.37628293037415
662.0 95.86001634597778
663.0 95.79145908355713
664.0 95.06082534790039
665.0 95.44304609298706
666.0 94.95662450790405
667.0 95.71248292922974
668.0 94.96772289276123
669.0 95.73448300361633
670.0 95.28393149375916
671.0 95.83943486213684
672.0 95.25635242462158
673.0 95.28509378433228
674.0 95.0737476348877
675.0 95.29580473899841
676.0 95.00251412391663
677.0 94.2170262336731
678.0 93.68137121200562
679.0 92.56095290184021
680.0 92.02417731285095
681.0 90.30019044876099
682.0 88.16143870353699
683.0 85.64078211784363
684.0 82.43249654769897
685.0 78.83546352386475
686.0 75.19350051879883
687.0 70.45547366142273
688.0 66.16666316986084
689.0 61.68120503425598
690.0 56.355249881744385
691.0 52.194732427597046
692.0 47.6361870765686
693.0 43.4102863073349
694.0 38.51814568042755
695.0 33.27718675136566
696.0 28.1027615070343
697.0 23.089149594306946
698.0 17.33628809452057
699.0 12.6998171210289
700.0 9.076455980539322
701.0 5.721699446439743
702.0 3.6423109471797943
703.0 2.1375497803092003
704.0 1.2008747085928917
705.0 0.7098333444446325
706.0 0.408764136955142
707.0 0.23754630237817764
708.0 0.2036204794421792
709.0 0.19160015508532524
710.0 0.09957168949767947
711.0 0.1177779515273869
712.0 0.07540198275819421
713.0 0.0019236362277297303
714.0 0.028873918927274644
715.0 0.061985431239008904
716.0 0.08319875341840088
717.0 0.02690284454729408
718.0 0.061221374198794365
719.0 0.052108889212831855
720.0 1.6111361376969224e-10
721.0 0.004725680992123671
722.0 0.004358746082289144
723.0 0.003991811172454618
724.0 0.0037634694308508188
725.0 0.0035351280530449003
726.0 0.003271179593866691
727.0 0.0030072316803853028
728.0 0.0028547616238938645
729.0 0.002702291567402426
730.0 0.0025205874408129603
731.0 0.0023388833142234944
732.0 0.002276147097290959
733.0 0.0022134110622573644
734.0 0.0021229150661383756
735.0 0.0020324190700193867
736.0 0.0019217321096220985
737.0 0.0018110451492248103
738.0 0.0017642019884078763
739.0 0.001717358645692002
740.0 0.0016754625903558917
741.0 0.0016335667169187218
742.0 0.0015144808457989711
743.0 0.0013953948837297503
744.0 0.0014772422218811698
745.0 0.0015590894690831192
746.0 0.0013910491361457389
747.0 0.0012230087122588884
748.0 0.001185577639262192
749.0 0.0011481464753160253
750.0 0.0011245590940234251
751.0 0.0011009718946297653
752.0 0.00115897300929646
753.0 0.0012169743968115654
754.0 0.0011983252079517115
755.0 0.0011796763828897383
756.0 0.0011271007679169998
757.0 0.0010745252438937314
758.0 0.0010538482456468046
759.0 0.0010331712473998778
760.0 0.0010137729987036437
761.0 0.0009943747500074096
762.0 0.0010030902558355592
763.0 0.0010118061254615895
764.0 0.0010061308785225265
765.0 0.0010004557225329336
766.0 0.0008717585842532571
767.0 0.0007430613550241105
768.0 0.0007167575859057251
769.0 0.0006904537258378696
770.0 0.0006694975581922336
771.0 0.0006485415269708028
772.0 0.0006736936484230682
773.0 0.0006988455879763933
774.0 0.0008792674634605646
775.0 0.0010596892934700008
776.0 0.0010623568414303008
777.0 0.0010650246622390114
778.0 0.0009390336344949901
779.0 0.0008130428795993794
780.0 0.0007624609224876622
781.0 0.0007118791472748853
782.0 0.0007831612492736895
783.0 0.0008544434422219638
784.0 0.0008067350790952332
785.0 0.0007590266250190325
786.0 0.0007704489689785987
787.0 0.0007818712219886947
788.0 0.0006499485152744455
789.0 0.0005180258085601963
790.0 0.0006273681719903834
791.0 0.0007367106263700407
792.0 0.0007687650395382661
793.0 0.0008008193617570214
794.0 0.0008049292773648631
795.0 0.0008090391929727048
796.0 0.0006682366802124307
797.0 0.0005274342129268916
798.0 0.0006233208296180237
799.0 0.0007192074917838909
800.0 0.0007481130978703732
801.0 0.0007770184311084449
802.0 0.0007290561370609794
803.0 0.0006810937065893086
804.0 0.0006579863566003041
805.0 0.0006348790975607699
806.0 0.0007032286248431774
807.0 0.0007715781066508498
808.0 0.0007599966465932084
809.0 0.0007484150501113618
810.0 0.0006800568371545523
811.0 0.0006116985787230078
812.0 0.0005591537956206594
813.0 0.0005066089215688407
814.0 0.0004735368747788016
815.0 0.0004404648734634975
816.0 0.0005966553999314783
817.0 0.0007528460628236644
818.0 0.0006507034413516521
819.0 0.0005485606834554346
820.0 0.00048070210141304415
821.0 0.00041284351937065367
822.0 0.00047884796003927477
823.0 0.0005448524007078959
824.0 0.0005023897756473161
825.0 0.00045992696868779603
826.0 0.0005038826657255413
827.0 0.0005478383627632866
828.0 0.0004887566774414154
829.0 0.000429674901170074
830.0 0.00018545641751188668
831.0 1.6111361376969224e-10
832.0 1.6111361376969224e-10
833.0 1.6111361376969224e-10
834.0 1.6111361376969224e-10
835.0 0.00014231394516173168
836.0 0.00021634339191223262
837.0 0.0002903728727687849
838.0 0.000666887717670761
839.0 0.0010434026080474723
840.0 0.0013858697457180824
841.0 0.0017283369743381627
842.0 0.0020150015188846737
843.0 0.0023016664272290654
844.0 0.0023026237613521516
845.0 0.002303581095475238
846.0 0.002178590148105286
847.0 0.0020535992007353343
848.0 0.0021467994884005748
849.0 0.002239999594166875
850.0 0.0020240460798959248
851.0 0.001808092747523915
852.0 0.0015513271137024276
853.0 0.0012945616617798805
854.0 0.0010531214684306178
855.0 0.0008116810022329446
856.0 0.000638022265775362
857.0 0.0004643634383683093
858.0 0.0004931901003146777
859.0 0.000522016716786311
860.0 0.00042167325773334596
861.0 0.0003213297759430134
862.0 0.0003574413085516426
863.0 0.00039355281842290424
864.0 0.00028132853913120925
865.0 0.00016910430531424936
866.0 0.00017476770608482184
867.0 0.00018043108411802677
868.0 0.00017234901861229446
869.0 0.0001642669303691946
870.0 0.00010927194580290234
871.0 5.427697260529385e-05
872.0 1.6111361376969224e-10
873.0 1.6111361376969224e-10
874.0 1.6111361376969224e-10
875.0 1.6111361376969224e-10
876.0 1.6111361376969224e-10
877.0 5.4743014743507956e-05
878.0 0.00013608357676275773
879.0 0.0002174241444663494
880.0 0.00013511738643501303
881.0 5.281062271933479e-05
882.0 0.00013862800187780522
883.0 0.0002244453980893013
884.0 0.00011589781934162602
885.0 7.350226383096015e-06
886.0 7.813967499714636e-05
887.0 0.00014892913213770953
888.0 0.00017091093695853488
889.0 0.000192892753148044
890.0 0.0001260310796169506
891.0 5.9169400401515304e-05
892.0 6.3825758900293295e-06
893.0 1.6111361376969224e-10
894.0 9.542745971202748e-06
895.0 6.548973487952026e-05
896.0 4.0713027260608214e-05
897.0 1.5936350905576546e-05
898.0 5.389863986238197e-05
899.0 9.186092029267456e-05
900.0 3.755321529297362e-05
