lsstCam/transmission_filter_detector/r21_s11/g_6/19700101T000000.ecsv
# %ECSV 1.0
# ---
# datatype:
# - {name: wavelength, unit: nm, datatype: float32}
# - {name: efficiency, unit: '%', datatype: float64}
# meta: !!omap
# - {MODE: DETECTOR}
# - {TYPE: transmission_filter_detector}
# - {CALIBDATE: '1970-01-01T00:00:00'}
# - {INSTRUME: LSSTCam}
# - {OBSTYPE: transmission_filter_detector}
# - {CALIBCLS: lsst.ip.isr.IntermediateFilterDetectorTransmissionCurve}
# - {SOURCE: Materion (DM-46256)}
# - {DETECTOR: 85}
# - {FILTER: g_6}
# - {CALIB_ID: 'calibDate=1970-01-01T00:00:00 filter=g_6 detector=85'}
# - {DATE: '2025-04-02T15:59:42.421859'}
# - {CALIB_CREATION_DATE: '2025-04-02'}
# - {CALIB_CREATION_TIME: '15:59:42'}
# - __serialized_columns__:
#     efficiency:
#       __class__: astropy.units.quantity.Quantity
#       unit: !astropy.units.Unit {unit: '%'}
#       value: !astropy.table.SerializedColumn {name: efficiency}
#     wavelength:
#       __class__: astropy.units.quantity.Quantity
#       unit: !astropy.units.Unit {unit: nm}
#       value: !astropy.table.SerializedColumn {name: wavelength}
# schema: astropy-2.0
wavelength efficiency
[from data line 608]
908.0 0.0004382347469800152
909.0 0.00031527861210634
910.0 0.000356267037204816
911.0 0.000397255462303292
912.0 0.00046668819777551107
913.0 0.000536120887772995
914.0 0.0004939628524880391
915.0 0.00045180486267781816
916.0 0.00043399568312452175
917.0 0.0004161865945206955
918.0 0.0003953513441956602
919.0 0.00037451613934536
920.0 0.00046248105718404986
921.0 0.0005504459295480046
922.0 0.0006097882305766689
923.0 0.000669130486130598
924.0 0.0005458588930196129
925.0 0.0004225872089591576
926.0 0.0005353313099476509
927.0 0.0006480755018856144
928.0 0.0006041899268893758
929.0 0.0005603044428426074
930.0 0.00048742267608758993
931.0 0.0004145408183831023
932.0 0.0005261028036329662
933.0 0.0006376649253070354
934.0 0.0004967141194356373
935.0 0.00035576340451370925
936.0 0.0004574154445435852
937.0 0.0005590675755229313
938.0 0.0006912858225405216
939.0 0.0008235042514570523
940.0 0.0007591713711008197
941.0 0.0006948383088456467
942.0 0.0008561864888179116
943.0 0.0010175346687901765
944.0 0.0009623928235669155
945.0 0.0009072508873941842
946.0 0.0009358469469589181
947.0 0.0009644428246247116
948.0 0.0010450073204992805
949.0 0.0011255717254243791
950.0 0.0010920783097390085
951.0 0.001058584894053638
952.0 0.0011005927262885962
953.0 0.0011426004675740842
954.0 0.0009894743016047869
955.0 0.0008363482265849598
956.0 0.0007816118340997491
957.0 0.0007268753506650683
958.0 0.0008239574526669458
959.0 0.0009210396456182934
960.0 0.0008236496796598658
961.0 0.0007262595318024978
962.0 0.000709176538293832
963.0 0.000692093453835696
964.0 0.0006792289241275284
965.0 0.0006663642579951556
966.0 0.0006418133580154972
967.0 0.0006172624125611037
968.0 0.0006634863893850707
969.0 0.0007097101843100972
970.0 0.0007103188181645237
971.0 0.000710927406544215
972.0 0.0008406927918258589
973.0 0.0009704581316327676
974.0 0.000991806973615894
975.0 0.0010131558155990206
976.0 0.0009307977961725555
977.0 0.0008484399586450309
978.0 0.0009249923095921986
979.0 0.0010015447514888365
980.0 0.0010470434062881395
981.0 0.0010925421520369127
982.0 0.001063758918462554
983.0 0.0010349756848881952
984.0 0.001108926153392531
985.0 0.0011828765309473965
986.0 0.0012064930160704535
987.0 0.00123010931929457
988.0 0.0012485942534112837
989.0 0.0012670788237301167
990.0 0.0012450404938135762
991.0 0.0012230021638970356
992.0 0.0012304055417189375
993.0 0.0012378091014397796
994.0 0.0012602872629940975
995.0 0.0012827655154978856
996.0 0.0012189550034236163
997.0 0.0011551445822988171
998.0 0.0012797157978639007
999.0 0.0014042871043784544
1000.0 0.0012823012184526306
1001.0 0.0011603150596783962
1002.0 0.0012712355783150997
1003.0 0.0013821560969518032
1004.0 0.0012853132830059621
1005.0 0.0011884705600095913
1006.0 0.0014155253666103818
1007.0 0.0016425803551101126
1008.0 0.0016461346604046412
1009.0 0.0016496893294970505
1010.0 0.0017949803805095144
1011.0 0.0019402716134209186
1012.0 0.0020396741092554294
1013.0 0.0021390764231909998
1014.0 0.0022039530449546874
1015.0 0.0022688298486173153
1016.0 0.0025705436200951226
1017.0 0.0028722572096739896
1018.0 0.0030890674679540098
1019.0 0.0033058775443350896
1020.0 0.00351346934621688
1021.0 0.00372106114809867
1022.0 0.00384157283406239
1023.0 0.003962084883823991
1024.0 0.004143884507357143
1025.0 0.004325684130890295
1026.0 0.00451945852546487
1027.0 0.004713232192443684
1028.0 0.005022050027037039
1029.0 0.005330867861630395
1030.0 0.00518785891472362
1031.0 0.005044849240221083
1032.0 0.00537719861313235
1033.0 0.005709547986043617
1034.0 0.005690888065146282
1035.0 0.005672228508046828
1036.0 0.005694273204426281
1037.0 0.005716317900805734
1038.0 0.005874648559256457
1039.0 0.006032978853909299
1040.0 0.006272207974689081
1041.0 0.006511436367873102
1042.0 0.006875231338199228
1043.0 0.007239026308525354
1044.0 0.0074943403888028115
1045.0 0.007749655196676031
1046.0 0.008854818588588387
1047.0 0.009959982708096504
1048.0 0.011424407421145588
1049.0 0.01288883067900315
1050.0 0.015350895409937948
1051.0 0.017812960140872747
1052.0 0.02135943650500849
1053.0 0.0249059172347188
1054.0 0.030426305602304637
1055.0 0.03594669105950743
1056.0 0.042892785859294236
1057.0 0.049838877748697996
1058.0 0.05779593484476209
1059.0 0.06575299776159227
1060.0 0.07392141269519925
1061.0 0.08208982762880623
1062.0 0.09036705014295876
1063.0 0.09864424355328083
1064.0 0.10552107123658061
1065.0 0.11239787563681602
1066.0 0.12039857683703303
1067.0 0.1283993013203144
1068.0 0.1367037300951779
1069.0 0.1450082054361701
1070.0 0.15492793172597885
1071.0 0.16484762309119105
1072.0 0.1745132147334516
1073.0 0.18417879473417997
1074.0 0.1943367999047041
1075.0 0.20449482835829258
1076.0 0.21525518968701363
1077.0 0.22601557429879904
1078.0 0.23795324377715588
1079.0 0.24989091325551271
1080.0 0.2671041525900364
1081.0 0.28431741520762444
1082.0 0.3116788109764457
1083.0 0.3390402067452669
1084.0 0.38277029525488615
1085.0 0.4265004303306341
1086.0 0.46386895701289177
1087.0 0.5012374836951494
1088.0 0.5685686133801937
1089.0 0.6358996964991093
1090.0 0.7147533353418112
1091.0 0.7936069741845131
1092.0 0.831343699246645
1093.0 0.8690803311765194
1094.0 0.9213438257575035
1095.0 0.9736071340739727
1096.0 1.0430142283439636
1097.0 1.112421415746212
1098.0 1.2099976651370525
1099.0 1.307574100792408
1100.0 1.5166356228291988
1101.0 1.7256969586014748
