lsstCam/transmission_filter_detector/r21_s11/g_6/19700101T000000.ecsv
# %ECSV 1.0
# ---
# datatype:
# - {name: wavelength, unit: nm, datatype: float32}
# - {name: efficiency, unit: '%', datatype: float64}
# meta: !!omap
# - {MODE: DETECTOR}
# - {TYPE: transmission_filter_detector}
# - {CALIBDATE: '1970-01-01T00:00:00'}
# - {INSTRUME: LSSTCam}
# - {OBSTYPE: transmission_filter_detector}
# - {CALIBCLS: lsst.ip.isr.IntermediateFilterDetectorTransmissionCurve}
# - {SOURCE: Materion (DM-46256)}
# - {DETECTOR: 85}
# - {FILTER: g_6}
# - {CALIB_ID: 'calibDate=1970-01-01T00:00:00 filter=g_6 detector=85'}
# - {DATE: '2025-04-02T15:59:42.421859'}
# - {CALIB_CREATION_DATE: '2025-04-02'}
# - {CALIB_CREATION_TIME: '15:59:42'}
# - __serialized_columns__:
#     efficiency:
#       __class__: astropy.units.quantity.Quantity
#       unit: !astropy.units.Unit {unit: '%'}
#       value: !astropy.table.SerializedColumn {name: efficiency}
#     wavelength:
#       __class__: astropy.units.quantity.Quantity
#       unit: !astropy.units.Unit {unit: nm}
#       value: !astropy.table.SerializedColumn {name: wavelength}
# schema: astropy-2.0
wavelength efficiency
300.0 0.4233118612319231
301.0 0.3318909788504243
302.0 0.24047002661973238
303.0 0.21717732306569815
304.0 0.19388460787013173
305.0 0.20456977654248476
306.0 0.21525491029024124
307.0 0.21391974296420813
308.0 0.21258455235511065
309.0 0.21069818176329136
310.0 0.20881183445453644
311.0 0.2031013835221529
312.0 0.19739095587283373
313.0 0.19201574614271522
314.0 0.1866405364125967
315.0 0.1842002384364605
316.0 0.18175996374338865
317.0 0.17613444942981005
318.0 0.170508970040828
319.0 0.1606070902198553
320.0 0.15070519875735044
321.0 0.14126215828582644
322.0 0.131819152738899
323.0 0.11620890581980348
324.0 0.10059865890070796
325.0 0.09082452161237597
326.0 0.08105039014481008
327.0 0.07203745772130787
328.0 0.06302453111857176
329.0 0.06043210159987211
330.0 0.057839672081172466
331.0 0.05376887274906039
332.0 0.04969806759618223
333.0 0.04672060895245522
334.0 0.04374314739834517
335.0 0.04179278912488371
336.0 0.03984242503065616
337.0 0.04058579506818205
338.0 0.04132915928494185
339.0 0.04011273558717221
340.0 0.03889630897901952
341.0 0.037204971886239946
342.0 0.03551363479346037
343.0 0.032394929439760745
344.0 0.029276226996444166
345.0 0.025984394596889615
346.0 0.022692562197335064
347.0 0.021015522361267358
348.0 0.01933848252519965
349.0 0.017858544015325606
350.0 0.708253076300025
351.0 0.8732276037335396
352.0 0.7884740829467773
353.0 1.1295103468000889
354.0 0.8138512261211872
355.0 0.6910073105245829
356.0 0.6070454139262438
357.0 0.9397882968187332
358.0 0.6543240044265985
359.0 0.8213809691369534
360.0 0.5784752778708935
361.0 0.9125189855694771
362.0 0.5153564270585775
363.0 0.8390639908611774
364.0 0.6165545899420977
365.0 0.7747702766209841
366.0 0.4873691126704216
367.0 0.6474885158240795
368.0 0.46197804622352123
369.0 0.7805770263075829
370.0 0.4832042846828699
371.0 0.6594080477952957
372.0 0.40865885093808174
373.0 0.5372418090701103
374.0 0.4096255637705326
375.0 0.5606670863926411
376.0 0.4045842681080103
377.0 0.5118944216519594
378.0 0.4003214184194803
379.0 0.4963567014783621
380.0 0.46341349370777607
381.0 0.5441086366772652
382.0 0.5205985624343157
383.0 0.5658741109073162
384.0 0.5986138712614775
385.0 0.6875369232147932
386.0 0.65772938542068
387.0 0.7749289739876986
388.0 0.922798365354538
389.0 1.2547977268695831
390.0 1.7056537792086601
391.0 2.6895906776189804
392.0 4.22704890370369
393.0 6.772927939891815
394.0 10.204759240150452
395.0 14.855790138244629
396.0 20.55181711912155
397.0 27.855244278907776
398.0 36.36819124221802
399.0 45.709046721458435
400.0 55.21122217178345
401.0 64.31009769439697
402.0 72.74181842803955
403.0 80.06377816200256
404.0 85.39084792137146
405.0 89.48467969894409
406.0 91.82476997375488
407.0 93.69176626205444
408.0 94.76924538612366
409.0 95.28781175613403
410.0 95.49190402030945
411.0 95.39289474487305
412.0 94.98403072357178
413.0 94.8218047618866
414.0 94.63651776313782
415.0 94.77817416191101
416.0 95.17094492912292
417.0 95.5003023147583
418.0 96.0030734539032
419.0 96.57508730888367
420.0 97.0912218093872
421.0 97.66920208930969
422.0 97.79629707336426
423.0 98.02330732345581
424.0 97.80726432800293
425.0 97.6994514465332
426.0 97.68380522727966
427.0 97.67150282859802
428.0 97.46999144554138
429.0 97.23895788192749
430.0 97.13156223297119
431.0 97.10347056388855
432.0 97.15883135795593
433.0 97.2102701663971
434.0 97.32092022895813
435.0 97.48383164405823
436.0 97.54614233970642
437.0 97.52824902534485
438.0 97.59450554847717
439.0 97.66207337379456
440.0 97.61176109313965
441.0 97.80251383781433
442.0 97.75155186653137
443.0 97.73619771003723
444.0 97.66602516174316
445.0 97.4116325378418
446.0 97.26736545562744
447.0 97.16024994850159
448.0 97.22017049789429
449.0 97.41904139518738
450.0 97.66358137130737
451.0 97.89226651191711
452.0 98.063063621521
453.0 98.15890789031982
454.0 98.18482995033264
455.0 98.40855598449707
456.0 98.50097298622131
457.0 98.64392876625061
458.0 98.67401123046875
459.0 98.69792461395264
460.0 98.80207777023315
461.0 98.9417016506195
462.0 98.80501627922058
463.0 98.76636266708374
464.0 98.85503649711609
465.0 98.80509376525879
466.0 98.85692596435547
467.0 98.80881905555725
468.0 98.81649613380432
469.0 98.8682508468628
470.0 98.73674511909485
471.0 98.58066439628601
472.0 98.64692687988281
473.0 98.55408668518066
474.0 98.40525388717651
475.0 98.45502376556396
476.0 98.41341376304626
477.0 98.45786094665527
478.0 98.57316613197327
479.0 98.53307008743286
480.0 98.672616481781
481.0 98.81168603897095
482.0 98.94307255744934
483.0 98.84313344955444
484.0 99.03969168663025
485.0 99.04661774635315
486.0 99.07366037368774
487.0 99.0685760974884
488.0 99.07929301261902
489.0 99.19905662536621
490.0 99.11288619041443
491.0 99.10823702812195
492.0 99.0148663520813
493.0 99.04475212097168
494.0 98.9600419998169
495.0 99.04162287712097
496.0 98.80134463310242
497.0 98.74482750892639
498.0 98.59243631362915
499.0 98.6437737941742
500.0 98.52399230003357
501.0 98.52417707443237
502.0 98.39792847633362
503.0 98.49939346313477
504.0 98.41695427894592
505.0 98.47066402435303
506.0 98.4212577342987
507.0 98.43820333480835
508.0 98.39943647384644
509.0 98.3714759349823
510.0 98.33436608314514
511.0 98.31622838973999
512.0 98.25024604797363
513.0 98.3257532119751
514.0 98.32141399383545
515.0 98.31805229187012
516.0 98.43688607215881
517.0 98.420250415802
518.0 98.49814176559448
519.0 98.53903651237488
520.0 98.59594106674194
521.0 98.69574308395386
522.0 98.73670935630798
523.0 98.72074127197266
524.0 98.76241683959961
525.0 98.74879121780396
526.0 98.85501265525818
527.0 98.89976978302002
528.0 98.92983436584473
529.0 99.06338453292847
530.0 99.04742240905762
531.0 99.26175475120544
532.0 99.06443953514099
533.0 99.0120530128479
534.0 99.04437065124512
535.0 98.83105754852295
536.0 98.5070288181305
537.0 97.89278507232666
538.0 97.09216356277466
539.0 95.6281065940857
540.0 93.82086992263794
541.0 91.07426404953003
542.0 88.20662498474121
543.0 84.43359136581421
544.0 79.66452240943909
545.0 75.55896043777466
546.0 70.50939798355103
547.0 65.91686010360718
548.0 61.30817532539368
549.0 57.209616899490356
550.0 53.972721099853516
551.0 50.89421272277832
552.0 48.50613474845886
553.0 45.97785472869873
554.0 43.05196404457092
555.0 39.793917536735535
556.0 35.450056195259094
557.0 30.480441451072693
558.0 25.01506507396698
559.0 19.705186784267426
560.0 14.618104696273804
561.0 9.933405369520187
562.0 6.361053884029388
563.0 3.7351593375205994
564.0 2.0488152280449867
565.0 1.0054836049675941
566.0 0.5354309920221567
567.0 0.2761421026661992
568.0 0.1784836291335523
569.0 0.09819605620577931
570.0 0.08688454399816692
571.0 0.06009259377606213
572.0 0.06562682683579624
573.0 0.04396392032504082
574.0 0.04984320839866996
575.0 0.03701121604535729
576.0 0.036750431172549725
577.0 0.032307085348293185
578.0 0.04134811169933528
579.0 0.029983752756379545
580.0 0.033419771352782845
581.0 0.023467966821044683
582.0 0.032764513161964715
583.0 0.016460809274576604
584.0 0.02690578403417021
585.0 0.019688374595716596
586.0 0.03406805917620659
587.0 0.010254845255985856
588.0 0.03326818405184895
589.0 0.022871031251270324
590.0 0.022524051018990576
591.0 0.017365087114740163
592.0 0.014752979041077197
593.0 0.018480251310393214
594.0 0.01590569590916857
595.0 0.017256807768717408
596.0 0.013976353511679918
597.0 0.010465040395502001
598.0 0.01100933222915046
599.0 0.009884063911158592
600.0 0.011789109703386202
601.0 0.0022013435227563605
602.0 0.0021866488168598153
603.0 0.0021719537471653894
604.0 0.002067602690658532
605.0 0.001963251634151675
606.0 0.0020606436009984463
607.0 0.0021580357497441582
608.0 0.0019103626982541755
609.0 0.001662689282966312
610.0 0.001761774365149904
611.0 0.0018608592654345557
612.0 0.0017904609194374643
613.0 0.001720062573440373
614.0 0.0017313994248979725
615.0 0.001742736276355572
616.0 0.0017407743143849075
617.0 0.0017388121705153026
618.0 0.0017758740796125494
619.0 0.0018129361706087366
620.0 0.0017415813999832608
621.0 0.0016702269931556657
622.0 0.001619854629097972
623.0 0.001569482083141338
624.0 0.001482855441281572
625.0 0.0013962287994218059
626.0 0.0013163714356778655
627.0 0.0012365143447823357
628.0 0.0014116242709860671
629.0 0.0015867342881392688
630.0 0.001455336132494267
631.0 0.0013239375221019145
632.0 0.0013141609088052064
633.0 0.001304384113609558
634.0 0.0013024684449192137
635.0 0.0013005524124309886
636.0 0.0013725817552767694
637.0 0.001444611552869901
638.0 0.0012645165043068118
639.0 0.0010844214557437226
640.0 0.0010882425158342812
641.0 0.0010920633030764293
642.0 0.0011296388038317673
643.0 0.0011672143045871053
644.0 0.0011515139703988098
645.0 0.001135813545261044
646.0 0.0012104747838748153
647.0 0.0012851360224885866
648.0 0.001247780255653197
649.0 0.001210424306918867
650.0 0.0012744992091029417
651.0 0.0013385741112870164
652.0 0.0012471792615542654
653.0 0.0011557845027709845
654.0 0.0011386212463548873
655.0 0.0011214581718377303
656.0 0.0011384322533558588
657.0 0.0011554064258234575
658.0 0.0010557123459875584
659.0 0.0009560185390000697
660.0 0.000947624084801646
661.0 0.0009392296306032222
662.0 0.0010918778571067378
663.0 0.001244526356458664
664.0 0.0012504789083322976
665.0 0.0012564310964080505
666.0 0.0011334900591464248
667.0 0.0010105486580869183
668.0 0.001092852653528098
669.0 0.0011751569218176883
670.0 0.0011812883712991606
671.0 0.0011874195479322225
672.0 0.0011055713912355714
673.0 0.0010237230526399799
674.0 0.001019296996673802
675.0 0.0010148708497581538
676.0 0.001054249605658697
677.0 0.0010936280887108296
678.0 0.0010931539691227954
679.0 0.0010926798495347612
680.0 0.0010939235835394356
681.0 0.0010951673175441101
682.0 0.0011222923603781965
683.0 0.0011494172213133425
684.0 0.001014311237668153
685.0 0.0008792051630734932
686.0 0.0009570503607392311
687.0 0.0010348953765060287
688.0 0.001046757915901253
689.0 0.0010586203643470071
690.0 0.0010757261406979524
691.0 0.001092832098947838
692.0 0.0010068879419122823
693.0 0.0009209437848767266
694.0 0.001015826637740247
695.0 0.0011107093996542972
696.0 0.0011600090147112496
697.0 0.0012093084478692617
698.0 0.0012127838090236764
699.0 0.0012162589882791508
700.0 0.0011763112524931785
701.0 0.0011363636076566763
702.0 0.0011846849702124018
703.0 0.001233006150869187
704.0 0.0011954512956435792
705.0 0.0011578964404179715
706.0 0.0011317099961161148
707.0 0.0011055236427637283
708.0 0.0011156302207382396
709.0 0.0011257369806116913
710.0 0.00127067660287139
711.0 0.0014156164070300292
712.0 0.0013160589332983363
713.0 0.001216501732415054
714.0 0.0012525456440926064
715.0 0.001288589646719629
716.0 0.0014924828974471893
717.0 0.0016963762391242199
718.0 0.0019336745026521385
719.0 0.002170972766180057
720.0 0.0019213826817576773
721.0 0.0016717925973352976
722.0 0.0017018634025589563
723.0 0.0017319340258836746
724.0 0.0018427650502417237
725.0 0.001953596256498713
726.0 0.002003201916522812
727.0 0.002052807394647971
728.0 0.0021108833607286215
729.0 0.002168959690607153
730.0 0.0021498039131984115
731.0 0.00213064813578967
732.0 0.0019729583073058166
733.0 0.0018152686607209034
734.0 0.0015239703316183295
735.0 0.0012326720025157556
736.0 0.0011493637430248782
737.0 0.001066055574483471
738.0 0.0010409838068881072
739.0 0.0010159121302422136
740.0 0.0008609183169028256
741.0 0.0007059243671392323
742.0 0.0007408687906718114
743.0 0.0007758133506285958
744.0 0.0008491740118188318
745.0 0.0009225348549080081
746.0 0.0008803138371149544
747.0 0.0008380927283724304
748.0 0.0009622159268474206
749.0 0.001086339216271881
750.0 0.0009673299246060196
751.0 0.0008483209057885688
752.0 0.0008876902029442135
753.0 0.0009270595000998583
754.0 0.0009241548468708061
755.0 0.0009212501026922837
756.0 0.0008991742106445599
757.0 0.0008770984095463064
758.0 0.0008238190275733359
759.0 0.0007705396456003655
760.0 0.0007315489710890688
761.0 0.0006925580692040967
762.0 0.0006884479716973146
763.0 0.0006843378287157975
764.0 0.0008234058441303205
765.0 0.0009624740414437838
766.0 0.0007253548119479092
767.0 0.0004882354460278293
768.0 0.0005505869012267794
769.0 0.0006129383109509945
770.0 0.000555682709091343
771.0 0.0004984270617569564
772.0 0.0005867357685929164
773.0 0.0006750443844794063
774.0 0.000698381700203754
775.0 0.0007217190614028368
776.0 0.0007589304004795849
777.0 0.0007961416486068629
778.0 0.0007673063009860925
779.0 0.0007384709988400573
780.0 0.000609890912528499
781.0 0.0004813106897927355
782.0 0.0005752325705543626
783.0 0.0006691543148917845
784.0 0.0006476543603639584
785.0 0.0006261544967856025
786.0 0.0005849065473739756
787.0 0.0005436588253360242
788.0 0.00044294547478784807
789.0 0.00034223221518914215
790.0 0.0003987619038525736
791.0 0.00045529163799074013
792.0 0.00040827226257533766
793.0 0.0003612529781094054
794.0 0.0003692806785693392
795.0 0.00037730837902927306
796.0 0.0004465173333301209
797.0 0.0005157262876309687
798.0 0.00044702856030198745
799.0 0.0003783308557103737
800.0 0.000497693781653652
801.0 0.0006170567758090328
802.0 0.00046734321585972793
803.0 0.0003176296331730555
804.0 0.0002709744194362429
805.0 0.0002243192511741654
806.0 0.00035363304959901143
807.0 0.0004829469162359601
808.0 0.0005159258762432728
809.0 0.0005489047453011153
810.0 0.0004785233159054769
811.0 0.00040814179556036834
812.0 0.0003980869223596528
813.0 0.0003880319582094671
814.0 0.0003887505044986028
815.0 0.00038946900531300344
816.0 0.0004213150077703176
817.0 0.0004531610102276318
818.0 0.0004334363438829314
819.0 0.00041371158658876084
820.0 0.0005038164090365171
821.0 0.0005939212314842734
822.0 0.0006078423666622257
823.0 0.0006217634563654428
824.0 0.0004861442903347779
825.0 0.0003505250333546428
826.0 0.0004916840680380119
827.0 0.0006328430572466459
828.0 0.0005105066065880237
829.0 0.00038817011045466643
830.0 0.00044245130084163975
831.0 0.0004967324002791429
832.0 0.0006672886684100376
833.0 0.0008378448910661973
834.0 0.0005716135547118029
835.0 0.0003053823093068786
836.0 0.0005129743840370793
837.0 0.00072056645876728
838.0 0.0006194798970682314
839.0 0.0005183934263186529
840.0 0.0005063416665507248
841.0 0.0004942898158333264
842.0 0.00042503688746364787
843.0 0.0003557838908818667
844.0 0.00035785672025667736
845.0 0.00035992959510622313
846.0 0.000514252587890951
847.0 0.0006685756488877814
848.0 0.0005293667072692188
849.0 0.000390157720175921
850.0 0.00042515030145295896
851.0 0.0004601428827299969
852.0 0.00039912902138894424
853.0 0.0003381149781489512
854.0 0.0004941061433783034
855.0 0.0006500972631329205
856.0 0.0006289429620665032
857.0 0.0006077887519495562
858.0 0.0006698528977722162
859.0 0.0007319170435948763
860.0 0.0006373537871695589
861.0 0.0005427904852695065
862.0 0.000575237390876282
863.0 0.0006076842510083225
864.0 0.0005496347966982285
865.0 0.0004915852514386643
866.0 0.0005368122856452828
867.0 0.0005820392743771663
868.0 0.0005217466423346195
869.0 0.0004614540102920728
870.0 0.00046542818381567486
871.0 0.00046940226638980675
872.0 0.00040835329855326563
873.0 0.0003473042625046219
874.0 0.0004555980922305025
875.0 0.0005638918992190156
876.0 0.0005888437499379506
877.0 0.0006137955551821506
878.0 0.0006330566066026222
879.0 0.0006523176125483587
880.0 0.0007698116860410664
881.0 0.0008873059414327145
882.0 0.0006287372798396973
883.0 0.00037016873193351785
884.0 0.0005092310857435223
885.0 0.0006482935532403644
886.0 0.0006118282271927455
887.0 0.0005753629920945968
888.0 0.0006673011284874519
889.0 0.0007592391739308368
890.0 0.0006471682354458608
891.0 0.0005350972514861496
892.0 0.0005589629381574923
893.0 0.0005828288067277754
894.0 0.0004932177944283467
895.0 0.00040360687307838816
896.0 0.00032397413178841816
897.0 0.00024434139049844816
898.0 0.00030961716674937634
899.0 0.0003748929430003045
900.0 0.0003657978822957375
901.0 0.0003567028215911705
902.0 0.0004243058356223628
903.0 0.0004919088496535551
904.0 0.0004135181825404288
905.0 0.0003351274699525675
906.0 0.00044815919864049647
