lsstCam/transmission_filter_detector/r31_s22/g_6/19700101T000000.ecsv
# %ECSV 1.0
# ---
# datatype:
# - {name: wavelength, unit: nm, datatype: float32}
# - {name: efficiency, unit: '%', datatype: float64}
# meta: !!omap
# - {MODE: DETECTOR}
# - {TYPE: transmission_filter_detector}
# - {CALIBDATE: '1970-01-01T00:00:00'}
# - {INSTRUME: LSSTCam}
# - {OBSTYPE: transmission_filter_detector}
# - {CALIBCLS: lsst.ip.isr.IntermediateFilterDetectorTransmissionCurve}
# - {SOURCE: Materion (DM-46256)}
# - {DETECTOR: 134}
# - {FILTER: g_6}
# - {CALIB_ID: 'calibDate=1970-01-01T00:00:00 filter=g_6 detector=134'}
# - {DATE: '2025-04-02T15:59:42.647902'}
# - {CALIB_CREATION_DATE: '2025-04-02'}
# - {CALIB_CREATION_TIME: '15:59:42'}
# - __serialized_columns__:
#     efficiency:
#       __class__: astropy.units.quantity.Quantity
#       unit: !astropy.units.Unit {unit: '%'}
#       value: !astropy.table.SerializedColumn {name: efficiency}
#     wavelength:
#       __class__: astropy.units.quantity.Quantity
#       unit: !astropy.units.Unit {unit: nm}
#       value: !astropy.table.SerializedColumn {name: wavelength}
# schema: astropy-2.0
wavelength efficiency
300.0 0.3485908731818199
301.0 0.30502844601869583
302.0 0.2614660421386361
303.0 0.24734225589782
304.0 0.23321846965700388
305.0 0.22720573469996452
306.0 0.2211929764598608
307.0 0.21239900961518288
308.0 0.20360501948744059
309.0 0.19891539122909307
310.0 0.1942257396876812
311.0 0.19539156928658485
312.0 0.19655737560242414
313.0 0.19269371405243874
314.0 0.18883002921938896
315.0 0.18314103363081813
316.0 0.1774520380422473
317.0 0.17406856641173363
318.0 0.17068508313968778
319.0 0.1578679191879928
320.0 0.14505076687783003
321.0 0.1345042372122407
322.0 0.12395769590511918
323.0 0.11206016642972827
324.0 0.10016264859586954
325.0 0.09035461698658764
326.0 0.08054658537730575
327.0 0.073765724664554
328.0 0.06698486395180225
329.0 0.062431866535916924
330.0 0.057878869120031595
331.0 0.05476056248880923
332.0 0.05164225003682077
333.0 0.047714333049952984
334.0 0.0437864160630852
335.0 0.042347804992459714
336.0 0.04090919392183423
337.0 0.040743351564742625
338.0 0.04057750629726797
339.0 0.039585374179296196
340.0 0.03859323915094137
341.0 0.03701770037878305
342.0 0.03544216160662472
343.0 0.032408611150458455
344.0 0.029375054873526096
345.0 0.02583610767032951
346.0 0.022297160467132926
347.0 0.020509368914645165
348.0 0.01872158027254045
349.0 0.01737207203404978
350.0 0.29887291602790356
351.0 1.1921408586204052
352.0 0.7769069634377956
353.0 0.8038467727601528
354.0 0.4887383431196213
355.0 1.0130641981959343
356.0 0.5632048472762108
357.0 0.9502504020929337
358.0 0.5534938536584377
359.0 0.8571283891797066
360.0 0.5406416952610016
361.0 0.5600843578577042
362.0 0.614350289106369
363.0 0.8071063086390495
364.0 0.41017248295247555
365.0 0.7559315301477909
366.0 0.432238494977355
367.0 0.7740194443613291
368.0 0.3755141980946064
369.0 0.4597639665007591
370.0 0.35588403698056936
371.0 0.5666608456522226
372.0 0.3366626566275954
373.0 0.6382020656019449
374.0 0.410584406927228
375.0 0.6133908405900002
376.0 0.4198704846203327
377.0 0.4684151615947485
378.0 0.33450599294155836
379.0 0.5290292203426361
380.0 0.37141102366149426
381.0 0.5503041204065084
382.0 0.5899573676288128
383.0 0.4193022381514311
384.0 0.6209614221006632
385.0 0.6484443787485361
386.0 0.6636498961597681
387.0 0.7558966521173716
388.0 0.8905403316020966
389.0 1.1210428550839424
390.0 1.6029516234993935
391.0 2.4615060538053513
392.0 3.92603762447834
393.0 6.255727261304855
394.0 9.475835412740707
395.0 13.865560293197632
396.0 19.326606392860413
397.0 26.302260160446167
398.0 34.48335826396942
399.0 43.6459094285965
400.0 53.04815173149109
401.0 62.25021481513977
402.0 70.79970240592957
403.0 78.26560735702515
404.0 83.87327790260315
405.0 88.18463683128357
406.0 90.61616659164429
407.0 92.64625906944275
408.0 93.89547109603882
409.0 94.5553183555603
410.0 94.78363394737244
411.0 94.62494254112244
412.0 94.28605437278748
413.0 94.17601227760315
414.0 93.95946264266968
415.0 93.97385120391846
416.0 94.33265328407288
417.0 94.65819001197815
418.0 95.19681334495544
419.0 95.70080637931824
420.0 96.26966118812561
421.0 96.8654215335846
422.0 97.02820777893066
423.0 97.24840521812439
424.0 97.14897871017456
425.0 97.01598286628723
426.0 96.96787595748901
427.0 96.99740409851074
428.0 96.8059241771698
429.0 96.66714668273926
430.0 96.5276300907135
431.0 96.46722674369812
432.0 96.50344848632812
433.0 96.60558104515076
434.0 96.69222235679626
435.0 96.82902693748474
436.0 96.9286561012268
437.0 96.91224098205566
438.0 97.00101613998413
439.0 97.07443714141846
440.0 97.02379703521729
441.0 97.1055269241333
442.0 97.12751507759094
443.0 97.10550904273987
444.0 97.04578518867493
445.0 96.8125581741333
446.0 96.7505395412445
447.0 96.49268388748169
448.0 96.45593762397766
449.0 96.64522409439087
450.0 96.78725600242615
451.0 97.01794385910034
452.0 97.2400426864624
453.0 97.3624050617218
454.0 97.44930267333984
455.0 97.70313501358032
456.0 97.79542088508606
457.0 97.9543387889862
458.0 97.96029329299927
459.0 97.98071384429932
460.0 98.00738096237183
461.0 98.19352626800537
462.0 98.09143543243408
463.0 98.07498455047607
464.0 98.11952710151672
465.0 98.1033980846405
466.0 98.09386730194092
467.0 98.06303381919861
468.0 98.09282422065735
469.0 98.15889000892639
470.0 97.96344041824341
471.0 97.87872433662415
472.0 97.9246973991394
473.0 97.79002070426941
474.0 97.62910008430481
475.0 97.71981835365295
476.0 97.7472186088562
477.0 97.70627021789551
478.0 97.8142499923706
479.0 97.77886271476746
480.0 97.96348214149475
481.0 98.04620146751404
482.0 98.21455478668213
483.0 98.1501042842865
484.0 98.35394024848938
485.0 98.35652112960815
486.0 98.37215542793274
487.0 98.45074415206909
488.0 98.42537641525269
489.0 98.52079153060913
490.0 98.43975305557251
491.0 98.4845221042633
492.0 98.41813445091248
493.0 98.42161536216736
494.0 98.35205078125
495.0 98.46157431602478
496.0 98.26765060424805
497.0 98.19715619087219
498.0 97.97065854072571
499.0 98.03430438041687
500.0 97.9773998260498
501.0 97.96397089958191
502.0 97.81072735786438
503.0 97.98833727836609
504.0 97.79797196388245
505.0 97.76615500450134
506.0 97.88708686828613
507.0 97.816401720047
508.0 97.81582355499268
509.0 97.77771234512329
510.0 97.75251150131226
511.0 97.73003458976746
512.0 97.62033820152283
513.0 97.71336913108826
514.0 97.7154552936554
515.0 97.69718050956726
516.0 97.80133962631226
517.0 97.77812957763672
518.0 97.91941046714783
519.0 97.9266345500946
520.0 97.96538352966309
521.0 98.08067083358765
522.0 98.10378551483154
523.0 98.08539748191833
524.0 98.09715747833252
525.0 98.08793067932129
526.0 98.20843935012817
527.0 98.15860390663147
528.0 98.25193881988525
529.0 98.36899638175964
530.0 98.37575554847717
531.0 98.50309491157532
532.0 98.39295744895935
533.0 98.41886758804321
534.0 98.4329342842102
535.0 98.25947880744934
536.0 98.00994992256165
537.0 97.4644422531128
538.0 96.80916666984558
539.0 95.56387066841125
540.0 93.9989686012268
541.0 91.58533811569214
542.0 88.9293372631073
543.0 85.43038964271545
544.0 80.99235892295837
545.0 77.04638242721558
546.0 72.0926582813263
547.0 67.51163005828857
548.0 62.87285089492798
549.0 58.62995386123657
550.0 55.19634485244751
551.0 51.90924406051636
552.0 49.42279756069183
553.0 46.8652218580246
554.0 44.142308831214905
555.0 41.129183769226074
556.0 37.15345859527588
557.0 32.49788582324982
558.0 27.2682785987854
559.0 21.96977585554123
560.0 16.70299619436264
561.0 11.704682558774948
562.0 7.731371372938156
563.0 4.707951471209526
564.0 2.6529913768172264
565.0 1.3184520415961742
566.0 0.6965233478695154
567.0 0.343926390632987
568.0 0.20914319902658463
569.0 0.10198913514614105
570.0 0.09699442307464778
571.0 0.06186715327203274
572.0 0.06668909336440265
573.0 0.03330967738293111
574.0 0.0545152579434216
575.0 0.028790722717531025
576.0 0.03712701145559549
577.0 0.022785089095123112
578.0 0.024571633548475802
579.0 0.022138979693409055
580.0 0.03959918976761401
581.0 0.021167469094507396
582.0 0.024827136076055467
583.0 0.018960042507387698
584.0 0.022682703274767846
585.0 0.012149426038376987
586.0 0.014050520258024335
587.0 0.009137791494140401
588.0 0.017962961283046752
589.0 0.02179060102207586
590.0 0.016660880646668375
591.0 0.004747773346025497
592.0 0.016326652257703245
593.0 0.00779016045271419
594.0 0.022629971499554813
595.0 0.010186934377998114
596.0 0.0041153056372422725
597.0 0.014083774294704199
598.0 0.01502139784861356
599.0 0.009052937821252272
600.0 0.016824736667331308
601.0 0.0023819920897949487
602.0 0.0023300579414353706
603.0 0.0022781237930757925
604.0 0.0020850588043686002
605.0 0.0018919934518635273
606.0 0.0019342915038578212
607.0 0.0019765891920542344
608.0 0.0019786211851169355
609.0 0.0019806531781796366
610.0 0.0019824403352686204
611.0 0.001984227492357604
612.0 0.0019530161807779223
613.0 0.0019218048691982403
614.0 0.0017743226635502651
615.0 0.0016268406398012303
616.0 0.0015593595890095457
617.0 0.0014918786291673314
618.0 0.0014816677321505267
619.0 0.0014714567441842519
620.0 0.0013536755432141945
621.0 0.001235894251294667
622.0 0.0013097395822114777
623.0 0.001383584731229348
624.0 0.0015540450476692058
625.0 0.001724505636957474
626.0 0.0015666859326302074
627.0 0.0014088661373534705
628.0 0.00153417913679732
629.0 0.0016594922271906398
630.0 0.0016092006262624636
631.0 0.0015589092072332278
632.0 0.0014536104572471231
633.0 0.0013483117982104886
634.0 0.0013622377082356252
635.0 0.0013761634363618214
636.0 0.001372750375594478
637.0 0.001369337405776605
638.0 0.0013355381270230282
639.0 0.0013017388482694514
640.0 0.0013983707503939513
641.0 0.0014950026525184512
642.0 0.001389087537972955
643.0 0.0012831726053263992
644.0 0.0012080916349077597
645.0 0.0011330111192364711
646.0 0.0011801231266872492
647.0 0.001227235043188557
648.0 0.0012671433978539426
649.0 0.0013070521163172089
650.0 0.00119414362416137
651.0 0.0010812351320055313
652.0 0.0011560025086509995
653.0 0.0012307697943469975
654.0 0.0012575570508488454
655.0 0.0012843443073506933
656.0 0.0012501925994001795
657.0 0.0012160409823991358
658.0 0.0011469267519714776
659.0 0.0010778125215438195
660.0 0.0011186316442035604
661.0 0.0011594504030654207
662.0 0.0011788582014560234
663.0 0.0011982658179476857
664.0 0.0012070525372109842
665.0 0.0012158392564742826
666.0 0.0012372606761346105
667.0 0.0012586820048454683
668.0 0.001213125233334722
669.0 0.0011675682799250353
670.0 0.0011340009223204106
671.0 0.001100433564715786
672.0 0.0009974334716389421
673.0 0.0008944338333094493
674.0 0.0010539128197706304
675.0 0.0012133918971812818
676.0 0.0011176251064171083
677.0 0.0010218580428045243
678.0 0.0010757063137134537
679.0 0.0011295545846223831
680.0 0.0011064025784435216
681.0 0.0010832506632141303
682.0 0.0010562575880612712
683.0 0.0010292646948073525
684.0 0.0009728429176902864
685.0 0.00091642095867428
686.0 0.000949296463659266
687.0 0.0009821718776947819
688.0 0.0010251525054627564
689.0 0.001068133224180201
690.0 0.0011767219803004991
691.0 0.0012853107364207972
692.0 0.0011416382221796084
693.0 0.0009979657988878898
694.0 0.0010344885595259257
695.0 0.0010710115020629019
696.0 0.0011535755220393185
697.0 0.001236139542015735
698.0 0.0011930141226912383
699.0 0.001149888885265682
700.0 0.0011670429557852913
701.0 0.0011841969353554305
702.0 0.0012535244422906544
703.0 0.001322851767326938
704.0 0.0012269094440853223
705.0 0.001130966757045826
706.0 0.0010666841262718663
707.0 0.0010024014045484364
708.0 0.0010289372767147142
709.0 0.0010554735126788728
710.0 0.0011180299225088675
711.0 0.0011805863323388621
712.0 0.001205478656629566
713.0 0.0012303707990213297
714.0 0.001297205380978994
715.0 0.0013640400538861286
716.0 0.0014163598279992584
717.0 0.0014686797840113286
718.0 0.001586045982548967
719.0 0.0017034122720360756
720.0 0.0014092107448959723
721.0 0.0011150091268063989
722.0 0.001314894325332716
723.0 0.001514779796707444
724.0 0.0015692519809817895
725.0 0.0016237238014582545
726.0 0.0017809306882554665
727.0 0.0019381375750526786
728.0 0.0019401257304707542
729.0 0.0019421140677877702
730.0 0.001944811810972169
731.0 0.0019475097360555083
732.0 0.0018014519810094498
733.0 0.0016553947716602124
734.0 0.0015400442862301134
735.0 0.0014246938008000143
736.0 0.0012786605111614335
737.0 0.0011326269486744422
738.0 0.0010676866622816306
739.0 0.0010027461030404083
740.0 0.0008922477718442678
741.0 0.0007817494406481273
742.0 0.0008297765816678293
743.0 0.0008778038136370014
744.0 0.0008372951015189756
745.0 0.0007967864803504199
746.0 0.0006845570169389248
747.0 0.0005723275990021648
748.0 0.0006381156708812341
749.0 0.0007039037882350385
750.0 0.0007682425348320976
751.0 0.0008325812814291567
752.0 0.0008708600034879055
753.0 0.0009091387255466543
754.0 0.0008292945494758897
755.0 0.0007494502369809197
756.0 0.0008012523721845355
757.0 0.000853054370963946
758.0 0.0009006987966131419
759.0 0.0009483434951107483
760.0 0.000894631739356555
761.0 0.0008409200745518319
762.0 0.0008171945410140324
763.0 0.000793469007476233
764.0 0.0007126897344278404
765.0 0.0006319105523289181
766.0 0.0006895252226968296
767.0 0.000747139893064741
768.0 0.0006801229574193712
769.0 0.0006131060217740014
770.0 0.0005836009222548455
771.0 0.0005540958682104247
772.0 0.0005847433385497425
773.0 0.0006153907179395901
774.0 0.0006476562703028321
775.0 0.000679921731716604
776.0 0.0006262530405365396
777.0 0.0005725840765080648
778.0 0.0005228319878369803
779.0 0.00047307989916589577
780.0 0.0005454991878650617
781.0 0.0006179185220389627
782.0 0.0005180715106689604
783.0 0.0004182245447736932
784.0 0.00043925547288381495
785.0 0.00046028649194340687
786.0 0.0005261302703729598
787.0 0.0005919740033277776
788.0 0.0004903965418634471
789.0 0.0003888189894496463
790.0 0.00046011468839424197
791.0 0.0005314105237630429
792.0 0.00045284864427230787
793.0 0.0003742868329936755
794.0 0.00041644043449196033
795.0 0.00045859401325287763
796.0 0.0005336283265933162
797.0 0.0006086627308832249
798.0 0.0004159121999691706
799.0 0.0002231616917924839
800.0 0.0002648322833920247
801.0 0.00030650292046630057
802.0 0.0005008279913454317
803.0 0.0006951531304366654
804.0 0.0005853445600223495
805.0 0.00047553598960803356
806.0 0.000495554650115082
807.0 0.0005155733106221305
808.0 0.000515485862706555
809.0 0.0005153985512151849
810.0 0.0004170157353655668
811.0 0.00031863296499068383
812.0 0.0002999403704961878
813.0 0.00028124784421379445
814.0 0.00033457681638537906
815.0 0.0003879057658195961
816.0 0.0005197336122364504
817.0 0.0006515614586533047
818.0 0.0005631594831356779
819.0 0.00047475746214331593
820.0 0.0004463282493816223
821.0 0.00041789912756939884
822.0 0.00040923005144577473
823.0 0.00040056088437268045
824.0 0.00041931298255803995
825.0 0.00043806512621813454
826.0 0.0004707558673544554
827.0 0.0005034466084907763
828.0 0.00046415971155511215
829.0 0.00042487281461944804
830.0 0.0003157115088470164
831.0 0.00020655015759984963
832.0 0.0002956059461212135
833.0 0.00038466168916784227
834.0 0.0003436189672356704
835.0 0.0003025761998287635
836.0 0.00036068333884031745
837.0 0.0004187903869024012
838.0 0.00047551070565532427
839.0 0.0005322309789335122
840.0 0.00047122789510467555
841.0 0.00041022485675057396
842.0 0.0004990637989976676
843.0 0.0005879026957700262
844.0 0.0006254605523281498
845.0 0.0006630184543610085
846.0 0.0004985858140571509
847.0 0.00033415312827855814
848.0 0.0002765903218460153
849.0 0.00021902751541347243
850.0 0.00018010225630860077
851.0 0.0001411770085724129
852.0 0.0001274880560231395
853.0 0.00011379910347386613
854.0 0.00017605842685952666
855.0 0.00023831776161387097
856.0 0.0003298761612313683
857.0 0.00042143460632360075
858.0 0.0005021546257921727
859.0 0.0005828746452607447
860.0 0.0004862152763962513
861.0 0.00038955586205702275
862.0 0.0003105328460151213
863.0 0.0002315098299732199
864.0 0.00028561196359078167
865.0 0.00033971409720834345
866.0 0.0004630973307939712
867.0 0.0005864805189048639
868.0 0.0005836559466843028
869.0 0.0005808313289890066
870.0 0.000491286527903867
871.0 0.0004017417722934624
872.0 0.00040452091525366995
873.0 0.00040730014916334767
874.0 0.000540484370503691
875.0 0.0006736685008945642
876.0 0.0005651149876939598
877.0 0.0004565615199680906
878.0 0.0005079591574030928
879.0 0.00055935674936336
880.0 0.0005748355761170387
881.0 0.0005903142664465122
882.0 0.0005728570613428019
883.0 0.0005553998107643565
884.0 0.0005855255494680023
885.0 0.000615651288171648
886.0 0.0005617116585199255
887.0 0.000507772028868203
888.0 0.0006173393103381386
889.0 0.0007269067282322794
890.0 0.0006631030373682734
891.0 0.0005992993465042673
892.0 0.0006026058599672979
893.0 0.0006059123279555934
894.0 0.0005894411970075453
895.0 0.0005729700205847621
896.0 0.0005327226972440258
897.0 0.0004924753739032894
898.0 0.0004581440407491755
899.0 0.0004238127075950615
900.0 0.00038728398976672906
901.0 0.00035075522646366153
902.0 0.00048949264055409
903.0 0.0006282299636950484
904.0 0.0005278846401779447
905.0 0.0004275393621355761
906.0 0.0003907016889570514
