lsstCam/transmission_filter_detector/r31_s22/g_6/19700101T000000.ecsv
# %ECSV 1.0
# ---
# datatype:
# - {name: wavelength, unit: nm, datatype: float32}
# - {name: efficiency, unit: '%', datatype: float64}
# meta: !!omap
# - {MODE: DETECTOR}
# - {TYPE: transmission_filter_detector}
# - {CALIBDATE: '1970-01-01T00:00:00'}
# - {INSTRUME: LSSTCam}
# - {OBSTYPE: transmission_filter_detector}
# - {CALIBCLS: lsst.ip.isr.IntermediateFilterDetectorTransmissionCurve}
# - {SOURCE: Materion (DM-46256)}
# - {DETECTOR: 134}
# - {FILTER: g_6}
# - {CALIB_ID: 'calibDate=1970-01-01T00:00:00 filter=g_6 detector=134'}
# - {DATE: '2025-04-02T15:59:42.647902'}
# - {CALIB_CREATION_DATE: '2025-04-02'}
# - {CALIB_CREATION_TIME: '15:59:42'}
# - __serialized_columns__:
#     efficiency:
#       __class__: astropy.units.quantity.Quantity
#       unit: !astropy.units.Unit {unit: '%'}
#       value: !astropy.table.SerializedColumn {name: efficiency}
#     wavelength:
#       __class__: astropy.units.quantity.Quantity
#       unit: !astropy.units.Unit {unit: nm}
#       value: !astropy.table.SerializedColumn {name: wavelength}
# schema: astropy-2.0
wavelength efficiency
[from data line 608]
908.0 0.00041784178392845206
909.0 0.00048181950660364237
910.0 0.00045609854169015307
911.0 0.0004303775313019287
912.0 0.0004471310148801422
913.0 0.00046388449845835567
914.0 0.0004890681793767726
915.0 0.0005142519057699246
916.0 0.0003700568640851998
917.0 0.00022586186787521
918.0 0.00030954577141528716
919.0 0.0003932296749553643
920.0 0.0003762771939364029
921.0 0.0003593247129174415
922.0 0.0003635787834355142
923.0 0.000367832899428322
924.0 0.0004115511728741694
925.0 0.00045526944632001687
926.0 0.00046791878958174493
927.0 0.0004805680873687379
928.0 0.0005235578100837301
929.0 0.0005665475782734575
930.0 0.0005701348072761903
931.0 0.0005737221272283932
932.0 0.0005079471520730294
933.0 0.00044217217691766564
934.0 0.0005124610197526636
935.0 0.0005827498171129264
936.0 0.0006469644176831935
937.0 0.0007111790637281956
938.0 0.0005492455784406047
939.0 0.0003873122750519542
940.0 0.0005696066637028707
941.0 0.0007519010523537872
942.0 0.000702479474057327
943.0 0.0006530579412356019
944.0 0.0005628756753139896
945.0 0.0004726932729681721
946.0 0.0007406042186630657
947.0 0.0010085152098326944
948.0 0.0007901326171122491
949.0 0.0005717499334423337
950.0 0.0006098847734392621
951.0 0.0006480196589109255
952.0 0.0009002004844660405
953.0 0.0011523813554958906
954.0 0.0010573174222372472
955.0 0.0009622533980291337
956.0 0.0007708013072260655
957.0 0.0005793491709482623
958.0 0.0006216817382664885
959.0 0.0006640142601099797
960.0 0.0007283371814992279
961.0 0.0007926601028884761
962.0 0.0007103062671376392
963.0 0.0006279523404373322
964.0 0.0006189344730955781
965.0 0.0006099164693296188
966.0 0.0006458762982219923
967.0 0.0006818361271143658
968.0 0.0007400743470498128
969.0 0.000798312703409465
970.0 0.0007293472663150169
971.0 0.0006603818746953038
972.0 0.0006745335667801555
973.0 0.0006886852133902721
974.0 0.0007235910288727609
975.0 0.0007584968898299849
976.0 0.0008219993105740286
977.0 0.0008855016858433373
978.0 0.000848030140332412
979.0 0.0008105583219730761
980.0 0.0008623119356343523
981.0 0.0009140656402450986
982.0 0.0009871310794551391
983.0 0.0010601965186651796
984.0 0.001207142213388579
985.0 0.0013540879990614485
986.0 0.0013242959539638832
987.0 0.0012945042726641987
988.0 0.0012261581105121877
989.0 0.001157811584562296
990.0 0.0012312022590776905
991.0 0.0013045928426436149
992.0 0.0012903505194117315
993.0 0.001276108105230378
994.0 0.001314955352427205
995.0 0.0013538029634219129
996.0 0.001305262867390411
997.0 0.001256722771358909
998.0 0.0012544582205009647
999.0 0.0012521936696430203
1000.0 0.0012563146810862236
1001.0 0.0012604356925294269
1002.0 0.0012678257007792126
1003.0 0.001275215527130058
1004.0 0.001252350011782255
1005.0 0.0012294843145355117
1006.0 0.001318199429078959
1007.0 0.001406914452672936
1008.0 0.001401952340529533
1009.0 0.0013969900464871898
1010.0 0.0014759679288545158
1011.0 0.001554945993120782
1012.0 0.0015756213542772457
1013.0 0.001596296533534769
1014.0 0.0017818374544731341
1015.0 0.001967378193512559
1016.0 0.002136694274668116
1017.0 0.0023060103558236733
1018.0 0.002487246638338547
1019.0 0.002668482920853421
1020.0 0.0027641755877994
1021.0 0.002859868254745379
1022.0 0.0032150459446711466
1023.0 0.0035702232707990333
1024.0 0.003680071313283406
1025.0 0.003789919355767779
1026.0 0.004024901500088163
1027.0 0.004259883280610666
1028.0 0.004388323941384442
1029.0 0.004516764602158219
1030.0 0.004594315760186873
1031.0 0.0046718676458112895
1032.0 0.004870753036811948
1033.0 0.005069638427812606
1034.0 0.00516757027071435
1035.0 0.005265502113616094
1036.0 0.005510011033038609
1037.0 0.0057545199524611235
1038.0 0.005742556822951883
1039.0 0.005730593329644762
1040.0 0.005923712160438299
1041.0 0.006116831355029717
1042.0 0.00614719683653675
1043.0 0.006177563045639545
1044.0 0.006433371891034767
1045.0 0.006689181464025751
1046.0 0.007255091622937471
1047.0 0.00782100105425343
1048.0 0.00867000053403899
1049.0 0.009519000741420314
1050.0 0.01091413723770529
1051.0 0.012309273006394506
1052.0 0.014608562923967838
1053.0 0.01690785284154117
1054.0 0.02057875826722011
1055.0 0.02424966369289905
1056.0 0.02901451662182808
1057.0 0.03377935790922493
1058.0 0.040430601802654564
1059.0 0.04708183987531811
1060.0 0.0550852797459811
1061.0 0.06308871088549495
1062.0 0.07155128405429423
1063.0 0.0800138630438596
1064.0 0.0887138128746301
1065.0 0.09741376852616668
1066.0 0.10537701891735196
1067.0 0.11334025766700506
1068.0 0.12140326434746385
1069.0 0.12946627102792263
1070.0 0.13838510494679213
1071.0 0.1473038922995329
1072.0 0.15682114753872156
1073.0 0.16633839113637805
1074.0 0.1764112152159214
1075.0 0.18648403929546475
1076.0 0.19637227524071932
1077.0 0.20626052282750607
1078.0 0.21593905985355377
1079.0 0.22561762016266584
1080.0 0.2378737786784768
1081.0 0.2501299139112234
1082.0 0.26627706829458475
1083.0 0.2824242226779461
1084.0 0.30980033334344625
1085.0 0.3371763974428177
1086.0 0.37362235598266125
1087.0 0.4100682679563761
1088.0 0.45822495594620705
1089.0 0.506381643936038
1090.0 0.5673238541930914
1091.0 0.6282661575824022
1092.0 0.7008486427366734
1093.0 0.7734313607215881
1094.0 0.846939068287611
1095.0 0.9204469621181488
1096.0 0.9716627188026905
1097.0 1.0228783823549747
1098.0 1.10370721668005
1099.0 1.1845361441373825
1100.0 1.309227291494608
1101.0 1.4339183457195759
