lsstCam/transmission_filter_detector/r32_s11/y_10/19700101T000000.ecsv
# %ECSV 1.0
# ---
# datatype:
# - {name: wavelength, unit: nm, datatype: float32}
# - {name: efficiency, unit: '%', datatype: float64}
# meta: !!omap
# - {MODE: DETECTOR}
# - {TYPE: transmission_filter_detector}
# - {CALIBDATE: '1970-01-01T00:00:00'}
# - {INSTRUME: LSSTCam}
# - {OBSTYPE: transmission_filter_detector}
# - {CALIBCLS: lsst.ip.isr.IntermediateFilterDetectorTransmissionCurve}
# - {SOURCE: Materion (DM-46256)}
# - {DETECTOR: 139}
# - {FILTER: y_10}
# - {CALIB_ID: 'calibDate=1970-01-01T00:00:00 filter=y_10 detector=139'}
# - {DATE: '2025-04-02T15:59:51.388576'}
# - {CALIB_CREATION_DATE: '2025-04-02'}
# - {CALIB_CREATION_TIME: '15:59:51'}
# - __serialized_columns__:
#     efficiency:
#       __class__: astropy.units.quantity.Quantity
#       unit: !astropy.units.Unit {unit: '%'}
#       value: !astropy.table.SerializedColumn {name: efficiency}
#     wavelength:
#       __class__: astropy.units.quantity.Quantity
#       unit: !astropy.units.Unit {unit: nm}
#       value: !astropy.table.SerializedColumn {name: wavelength}
# schema: astropy-2.0
wavelength efficiency
300.0 0.018970425298903137
301.0 0.024779728846624494
302.0 0.03058902802877128
303.0 0.021827008458785713
304.0 0.013064987433608621
305.0 0.012187879474367946
306.0 0.011310767877148464
307.0 0.010931942233582959
308.0 0.010553115862421691
309.0 0.009482551831752062
310.0 0.008411989256273955
311.0 0.005847042484674603
312.0 0.0032820957130752504
313.0 0.005340370262274519
314.0 0.007398644083878025
315.0 0.004533559695119038
316.0 0.0016684740330674686
317.0 0.002510149897716474
318.0 0.003351825216668658
319.0 0.0014301439478003886
320.0 1.5748279416638589e-10
321.0 0.0005153327492735116
322.0 0.0015222040929074865
323.0 0.003177140752086416
324.0 0.004832076956517994
325.0 0.0032532436307519674
326.0 0.0016744110325817019
327.0 0.002652822331583593
328.0 0.0036312332667876035
329.0 0.0037289784813765436
330.0 0.003826723695965484
331.0 0.003129187098238617
332.0 0.002431651228107512
333.0 0.002914075776061509
334.0 0.003396499960217625
335.0 0.0028038688469678164
336.0 0.002211236824223306
337.0 0.0021220501366769895
338.0 0.002032863449130673
339.0 0.00191418166650692
340.0 0.0017954997019842267
341.0 0.0016109170246636495
342.0 0.001426334165444132
343.0 0.0012380735824990552
344.0 0.0010498130905034486
345.0 0.0010632255907694343
346.0 0.0010766381819848903
347.0 0.0012016422260785475
348.0 0.0013266462701722048
349.0 0.0012405125744407997
350.0 0.0011543788787093945
351.0 0.0011414575055823661
352.0 0.0011285359505563974
353.0 0.0012758559932990465
354.0 0.0014231758541427553
355.0 0.0015889101632637903
356.0 0.0017546444723848253
357.0 0.001502580471424153
358.0 0.0012505164704634808
359.0 0.0009608618711354211
360.0 0.0006712072718073614
361.0 0.0007231807103380561
362.0 0.000775154239818221
363.0 0.0008562330549466424
364.0 0.0009373118700750638
365.0 0.0012845501260017045
366.0 0.001631788290978875
367.0 0.001806576801755
368.0 0.0019813651306321844
369.0 0.0018000673662754707
370.0 0.001618769601918757
371.0 0.0014819129319221247
372.0 0.0013450562619254924
373.0 0.001632204293855466
374.0 0.001919352143886499
375.0 0.0028725768061121926
376.0 0.003825801468337886
377.0 0.004042138243676163
378.0 0.004258475382812321
379.0 0.0038659323763567954
380.0 0.003473390097497031
381.0 0.0026013700335170142
382.0 0.001729349787638057
383.0 0.0013379469237406738
384.0 0.0009465440598432906
385.0 0.0009040863915288355
386.0 0.0008616285413154401
387.0 0.0007010204171820078
388.0 0.0005404122475738404
389.0 0.0005432343186839717
390.0 0.000546056480743573
391.0 0.0005621526270260802
392.0 0.0005782487278338522
393.0 0.000670990584694664
394.0 0.0007637323506060056
395.0 0.0007109924808901269
396.0 0.000658252520224778
397.0 0.000717333114153007
398.0 0.0007764136171317659
399.0 0.0009498596227786038
400.0 0.0011233056284254417
401.0 0.0014261137039284222
402.0 0.0017289215975324623
403.0 0.0018374252249486744
404.0 0.0019459288523648866
405.0 0.0018793554772855714
406.0 0.0018127821022062562
407.0 0.001658703331486322
408.0 0.001504624742665328
409.0 0.001323648393736221
410.0 0.0011426719538576435
411.0 0.0009519938430457842
412.0 0.0007613155503349844
413.0 0.0004052384156238986
414.0 4.916140028399241e-05
415.0 0.0005310798314894782
416.0 0.0010129981092177331
417.0 0.00041276034608017653
418.0 1.5748279416638589e-10
419.0 0.00012696683597823721
420.0 0.0004414113391248975
421.0 0.00012123676924602478
422.0 1.5748279416638589e-10
423.0 7.113472406672372e-05
424.0 0.000341207169185509
425.0 1.5748279416638589e-10
426.0 1.5748279416638589e-10
427.0 0.0002324838987988187
428.0 0.0009601481906429399
429.0 0.00037850384160265094
430.0 1.5748279416638589e-10
431.0 6.688817393296631e-05
432.0 0.00033691692351567326
433.0 4.2652891352190636e-05
434.0 1.5748279416638589e-10
435.0 0.00017199884041474434
436.0 0.0005956090717518236
437.0 0.00028579795525729423
438.0 1.5748279416638589e-10
439.0 4.7003624104036135e-05
440.0 0.00011802037533925613
441.0 1.5748279416638589e-10
442.0 1.5748279416638589e-10
443.0 0.00021581922737823334
444.0 0.0006307555395324016
445.0 0.0006301145731413271
446.0 0.0006294735158007825
447.0 0.00046965860747150145
448.0 0.000309843721879588
449.0 6.335812372526561e-05
450.0 1.5748279416638589e-10
451.0 1.5748279416638589e-10
452.0 0.00013685748854186386
453.0 0.00010400062819826417
454.0 7.114359732440789e-05
455.0 0.0003676424967125058
456.0 0.0006641413619945524
457.0 0.00013617668628285173
458.0 1.5748279416638589e-10
459.0 1.5748279416638589e-10
460.0 1.5748279416638589e-10
461.0 1.5748279416638589e-10
462.0 0.00018733542219706578
463.0 0.0004024116151413182
464.0 0.0006174876943987329
465.0 0.0007346230177063262
466.0 0.0008517584319633897
467.0 0.000989492309599882
468.0 0.0011272262781858444
469.0 0.0014419159924727865
470.0 0.0017566058886586688
471.0 0.0020219027646817267
472.0 0.0022871996407047845
473.0 0.0022316371541819535
474.0 0.0021760746676591225
475.0 0.0024509707145625725
476.0 0.0027258671252639033
477.0 0.0030334951588883996
478.0 0.0033411233744118363
479.0 0.0036837624065810814
480.0 0.004026401438750327
481.0 0.004283577436581254
482.0 0.004540753798210062
483.0 0.0042906656744889915
484.0 0.00404057718697004
485.0 0.0037801168218720704
486.0 0.003519657184369862
487.0 0.0032822768844198436
488.0 0.0030448967663687654
489.0 0.0027653950382955372
490.0 0.0024858934921212494
491.0 0.0021910494979238138
492.0 0.0018962058675242588
493.0 0.0017273356206715107
494.0 0.0015584653738187626
495.0 0.0016670735931256786
496.0 0.0017756818124325946
497.0 0.001776503813744057
498.0 0.0017773258150555193
499.0 0.0020150824639131315
500.0 0.002252839294669684
501.0 0.002561483415775001
502.0 0.002870127900678199
503.0 0.002875291829695925
504.0 0.002880455576814711
505.0 0.0026260902814101428
506.0 0.0023717249860055745
507.0 0.0022315325622912496
508.0 0.002091340320475865
509.0 0.0020745492292917334
510.0 0.0020577581381076016
511.0 0.001984084155992605
512.0 0.0019104099919786677
513.0 0.0018785869542625733
514.0 0.0018467642803443596
515.0 0.0016546933693462051
516.0 0.0014626223673985805
517.0 0.0014317030945676379
518.0 0.0014007839126861654
519.0 0.0014416027624974959
520.0 0.0014824216123088263
521.0 0.0013047126230958384
522.0 0.0011270037248323206
523.0 0.0014593682863051072
524.0 0.001791732938727364
525.0 0.0019473838619887829
526.0 0.002103034967149142
527.0 0.0022553449525730684
528.0 0.0024076553017948754
529.0 0.0024471011784044094
530.0 0.002486547236912884
531.0 0.0022786054614698514
532.0 0.0020706638679257594
533.0 0.0019396558855078183
534.0 0.0018086479030898772
535.0 0.001751309901010245
536.0 0.0016939720808295533
537.0 0.0018721173546509817
538.0 0.00205026262847241
539.0 0.002566862531239167
540.0 0.0030834624340059236
541.0 0.0036678971810033545
542.0 0.004252332291798666
543.0 0.004571438694256358
544.0 0.00489054546051193
545.0 0.004693626760854386
546.0 0.004496708061196841
547.0 0.004032973083667457
548.0 0.003569238106138073
549.0 0.0031118230253923684
550.0 0.0026544081265456043
551.0 0.0027194568247068673
552.0 0.00278450534096919
553.0 0.0028277358069317415
554.0 0.0028709664547932334
555.0 0.003377514804014936
556.0 0.003884063335135579
557.0 0.004191894913674332
558.0 0.004499726492213085
559.0 0.0040960967453429475
560.0 0.0036924673622706905
561.0 0.0038638831028947607
562.0 0.004035298843518831
563.0 0.0035013410524697974
564.0 0.0029673834433197044
565.0 0.0031042251066537574
566.0 0.0032410669518867508
567.0 0.0038174635847099125
568.0 0.004393860581330955
569.0 0.005001799581805244
570.0 0.005609738582279533
571.0 0.005944577424088493
572.0 0.006279416265897453
573.0 0.00635580945527181
574.0 0.006432203372241929
575.0 0.006169916741782799
576.0 0.00590763047512155
577.0 0.005695729123544879
578.0 0.005483827771968208
579.0 0.005672088445862755
580.0 0.005860349119757302
581.0 0.006630645657423884
582.0 0.007400942558888346
583.0 0.008515095396433026
584.0 0.00962925041676499
585.0 0.010249478509649634
586.0 0.010869708057725802
587.0 0.01077994893421419
588.0 0.010690194176277146
589.0 0.010360944725107402
590.0 0.010031698184320703
591.0 0.009355643851449713
592.0 0.008679589518578723
593.0 0.0076892196375411
594.0 0.006698849756503478
595.0 0.005958831025054678
596.0 0.005218813748797402
597.0 0.005707821765099652
598.0 0.0061968297814019024
599.0 0.007200328400358558
600.0 0.008203827746910974
601.0 0.00951518741203472
602.0 0.010826547077158466
603.0 0.010756491974461824
604.0 0.010686439054552466
605.0 0.010544763063080609
606.0 0.01040308561641723
607.0 0.00930300957406871
608.0 0.00820293280412443
609.0 0.0068103603553026915
610.0 0.005417787542683072
611.0 0.004383204577607103
612.0 0.003348621612531133
613.0 0.0032815278245834634
614.0 0.0032144340366357937
615.0 0.0042220563045702875
616.0 0.00522967784490902
617.0 0.006887422205181792
618.0 0.0085451640188694
619.0 0.009738250082591549
620.0 0.010931333963526413
621.0 0.011046251165680587
622.0 0.011161168367834762
623.0 0.011233653640374541
624.0 0.011306137457722798
625.0 0.010438730532769114
626.0 0.009571321425028145
627.0 0.007815400749677792
628.0 0.006059480074327439
629.0 0.004916128455079161
630.0 0.003772777199628763
631.0 0.0030544801120413467
632.0 0.0023361833882518113
633.0 0.002433444569760468
634.0 0.0025307057512691244
635.0 0.002781916737149004
636.0 0.0030331277230288833
637.0 0.0035060616937698796
638.0 0.003978996392106637
639.0 0.004569789962260984
640.0 0.00516058353241533
641.0 0.005167241397430189
642.0 0.005173899626242928
643.0 0.005433342812466435
644.0 0.005692786362487823
645.0 0.004919480488752015
646.0 0.004146174251218326
647.0 0.0036824862036155537
648.0 0.0032187985198106617
649.0 0.002630282142490614
650.0 0.0020417657651705667
651.0 0.0018724209439824335
652.0 0.00170307594089536
653.0 0.0015770800018799491
654.0 0.0014510843357129488
655.0 0.0014735042896063533
656.0 0.0014959241525502875
657.0 0.0014336224012367893
658.0 0.0013713205589738209
659.0 0.0014293558706413023
660.0 0.001487391273258254
661.0 0.001436902857676614
662.0 0.0013864145330444444
663.0 0.0015348743545473553
664.0 0.001683334085100796
665.0 0.0024011245841393247
666.0 0.0031189152650767937
667.0 0.003903705146512948
668.0 0.004688495391746983
669.0 0.00568152463529259
670.0 0.006674554606433958
671.0 0.007089736755006015
672.0 0.007504919631173834
673.0 0.00745671713957563
674.0 0.007408513920381665
675.0 0.0071632610342931
676.0 0.006918007420608774
677.0 0.0057881967222783715
678.0 0.004658386023947969
679.0 0.0034644530387595296
680.0 0.002270519507874269
681.0 0.001404704471497098
682.0 0.0005388897989178076
683.0 0.00047324933802883606
684.0 0.00040760901356406976
685.0 0.00040161990000342485
686.0 0.00039563074096804485
687.0 0.00024049759304034524
688.0 8.536438258488488e-05
689.0 0.0003162593429806293
690.0 0.0005471542863233481
691.0 0.00043733334678108804
692.0 0.00032751231628935784
693.0 0.0003241096237616148
694.0 0.0003207069084965042
695.0 0.00010742004405983607
696.0 1.5748279416638589e-10
697.0 0.00015127998267416842
698.0 0.00040842687667463906
699.0 0.00026115894797840156
700.0 0.00011389108749426669
701.0 0.00013308253983268514
702.0 0.00015227396943373606
703.0 0.00011154476169394911
704.0 7.081555963850406e-05
705.0 0.00021922164705756586
706.0 0.00036762774016096955
707.0 0.0004673361672757892
708.0 0.0005670446626027115
709.0 0.0006710169600410154
710.0 0.0007749894393782597
711.0 0.000583387281949399
712.0 0.0003917850790458033
713.0 0.00028637600735237356
714.0 0.00018096692429026007
715.0 0.00018121224911737954
716.0 0.0001814575398384477
717.0 0.00016341159607691225
718.0 0.00014536566368406056
719.0 0.0002766669695120072
720.0 0.0004079684458702104
721.0 0.0004981137863069307
722.0 0.0005882592631678563
723.0 0.0005343129487300757
724.0 0.0004803665888175601
725.0 0.00036315066154202214
726.0 0.00024593477974121924
727.0 0.00022993285710981581
728.0 0.0002139310936399852
729.0 0.00026828452064364683
730.0 0.0003226377657483681
731.0 0.00021241810372885084
732.0 0.00010219843034064979
733.0 0.0002666908130777301
734.0 0.0004311833890824346
735.0 0.00030435107873927336
736.0 0.00017751883660821477
737.0 0.00012138546026108088
738.0 6.525210096697265e-05
739.0 0.00016081023659353377
740.0 0.00025636838927312056
741.0 0.00030124799650366185
742.0 0.0003461276264715707
743.0 0.0004591505785356276
744.0 0.0005721733487007441
745.0 0.0006109372861828888
746.0 0.0006497009053418878
747.0 0.00036726705729961395
748.0 8.4833112623528e-05
749.0 0.0003342654963489622
750.0 0.0005836979198647896
751.0 0.0005991889793222072
752.0 0.0006146800387796247
753.0 0.0003179622581228614
754.0 2.124440783290993e-05
755.0 0.0005597766630671686
756.0 0.0010983088941429742
757.0 0.0006752807621523971
758.0 0.0002522528347981279
759.0 0.00023671120743529173
760.0 0.00022116958007245557
761.0 0.0005001543286198284
762.0 0.0007791390999045689
763.0 0.0006864283932372928
764.0 0.0005937175501458114
765.0 0.0005025585778639652
766.0 0.00041139960558211897
767.0 0.0004682031885749893
768.0 0.000525006907992065
769.0 0.0005090758349979296
770.0 0.0004931447620037943
771.0 0.0007093710792105412
772.0 0.0009255973964172881
773.0 0.0004980075118510285
774.0 7.041754201964068e-05
775.0 0.00036466490200837143
776.0 0.0006589124041056493
777.0 0.0004677047400036827
778.0 0.00027649703042698093
779.0 0.000558623696633731
780.0 0.0008407503628404811
781.0 0.0007290211669896962
782.0 0.0006172918801894411
783.0 0.0007313122750929324
784.0 0.0008453326699964236
785.0 0.0007444326456607087
786.0 0.0006435325303755235
787.0 0.00022545525553141488
788.0 1.5748279416638589e-10
789.0 0.00017606234905542806
790.0 0.0005447467628982849
791.0 0.0007308862222998869
792.0 0.0009170254998025484
793.0 0.0009612242138246074
794.0 0.0010054228368971962
795.0 0.0006642356311203912
796.0 0.0003230482434446458
797.0 0.000544371278010658
798.0 0.0007656941306777298
799.0 0.0005347644673747709
800.0 0.00030383500870811986
801.0 0.0005658156624122057
802.0 0.0008277963388536591
803.0 0.0008734585208003409
804.0 0.0009191208846459631
805.0 0.0007745285074634012
806.0 0.0006299360848061042
807.0 0.0005591940407612128
808.0 0.0004884519512415864
809.0 0.0005923379831074271
810.0 0.000696224060448003
811.0 0.0007298075161088491
812.0 0.0007633909262949601
813.0 0.0008859870831656735
814.0 0.0010085831490869168
815.0 0.0008179148608178366
816.0 0.0006272465725487564
817.0 0.0007286529125849484
818.0 0.0008300594345200807
819.0 0.0008489384526910726
820.0 0.0008678174708620645
821.0 0.0009115394277614541
822.0 0.0009552614756103139
823.0 0.0008740832527109887
824.0 0.0007929051207611337
825.0 0.0008722770871827379
826.0 0.0009516492355032824
827.0 0.0006536095042974921
828.0 0.0003555695229806588
829.0 0.00048080978558573406
830.0 0.0006060499345039716
831.0 0.000644762440060731
832.0 0.0006834752639406361
833.0 0.0009751822290127166
834.0 0.0012668892850342672
835.0 0.0011858310244861059
836.0 0.0011047726729884744
837.0 0.0007065512818371644
838.0 0.0003083300498474273
839.0 0.0003613844683059142
840.0 0.00041443890950176865
841.0 0.0008026521754800342
842.0 0.0011908654414582998
843.0 0.0009576426236890256
844.0 0.0007244196694955463
845.0 0.0007637353519385215
846.0 0.0008030508979572915
847.0 0.000817413365439279
848.0 0.0008317759238707367
849.0 0.0007177828138082987
850.0 0.0006037896582711255
851.0 0.0005283833161229268
852.0 0.000452976973974728
853.0 0.0008024770068004727
854.0 0.0011519771760504227
855.0 0.0009762049558048602
856.0 0.0008004327355592977
857.0 0.000990473199635744
858.0 0.0011805135727627203
859.0 0.0007383734100585571
860.0 0.000296233338303864
861.0 0.0008229205377574544
862.0 0.0013496077372110449
863.0 0.0013611467693408486
864.0 0.001372685710521182
865.0 0.0017608526832191274
866.0 0.002149019746866543
867.0 0.002570411561464425
868.0 0.002991803012264427
869.0 0.0028561744329635985
870.0 0.0027205454898648895
871.0 0.0030640625482192263
872.0 0.003407579060876742
873.0 0.0027937825507251546
874.0 0.0021799856767756864
875.0 0.0020126615709159523
