lsstCam/transmission_filter_detector/r32_s11/y_10/19700101T000000.ecsv
# %ECSV 1.0
# ---
# datatype:
# - {name: wavelength, unit: nm, datatype: float32}
# - {name: efficiency, unit: '%', datatype: float64}
# meta: !!omap
# - {MODE: DETECTOR}
# - {TYPE: transmission_filter_detector}
# - {CALIBDATE: '1970-01-01T00:00:00'}
# - {INSTRUME: LSSTCam}
# - {OBSTYPE: transmission_filter_detector}
# - {CALIBCLS: lsst.ip.isr.IntermediateFilterDetectorTransmissionCurve}
# - {SOURCE: Materion (DM-46256)}
# - {DETECTOR: 139}
# - {FILTER: y_10}
# - {CALIB_ID: 'calibDate=1970-01-01T00:00:00 filter=y_10 detector=139'}
# - {DATE: '2025-04-02T15:59:51.388576'}
# - {CALIB_CREATION_DATE: '2025-04-02'}
# - {CALIB_CREATION_TIME: '15:59:51'}
# - __serialized_columns__:
#     efficiency:
#       __class__: astropy.units.quantity.Quantity
#       unit: !astropy.units.Unit {unit: '%'}
#       value: !astropy.table.SerializedColumn {name: efficiency}
#     wavelength:
#       __class__: astropy.units.quantity.Quantity
#       unit: !astropy.units.Unit {unit: nm}
#       value: !astropy.table.SerializedColumn {name: wavelength}
# schema: astropy-2.0
wavelength efficiency
[from data line 577]
877.0 0.0021376788936322555
878.0 0.0024300203222082928
879.0 0.0020073097402928397
880.0 0.01694782986305654
881.0 0.10604808339849114
882.0 0.018190918490290642
883.0 0.11342426296323538
884.0 0.019795929256360978
885.0 0.09484277688898146
886.0 0.017802436195779592
887.0 0.09977935114875436
888.0 0.0224909555981867
889.0 0.10481285862624645
890.0 0.021990957611706108
891.0 0.10191607289016247
892.0 0.02182035386795178
893.0 0.10238810209557414
894.0 0.026543420972302556
895.0 0.11704240459948778
896.0 0.0360043253749609
897.0 0.1304535660892725
898.0 0.04766116326209158
899.0 0.13828397495672107
900.0 0.06797531968913972
901.0 0.14257857110351324
902.0 0.17662985483184457
903.0 0.19213283667340875
904.0 0.23087766021490097
905.0 0.2857507672160864
906.0 0.34381491132080555
907.0 0.4497363232076168
908.0 0.6088538561016321
909.0 0.8190629072487354
910.0 1.1830390430986881
911.0 1.68333500623703
912.0 2.4827877059578896
913.0 3.651324287056923
914.0 5.02954013645649
915.0 7.003376632928848
916.0 9.335683286190033
917.0 11.832539737224579
918.0 14.637850224971771
919.0 17.31652021408081
920.0 20.897799730300903
921.0 24.682332575321198
922.0 28.48125696182251
923.0 33.023691177368164
924.0 37.97563016414642
925.0 43.43051612377167
926.0 49.908170104026794
927.0 56.758493185043335
928.0 62.78992295265198
929.0 69.1933274269104
930.0 74.75005388259888
931.0 80.13489842414856
932.0 85.0105345249176
933.0 89.01910185813904
934.0 91.87242984771729
935.0 93.8180923461914
936.0 95.22536396980286
937.0 96.24261856079102
938.0 96.8316912651062
939.0 97.08167314529419
940.0 97.33420014381409
941.0 97.50126004219055
942.0 97.65153527259827
943.0 97.68972992897034
944.0 97.92556762695312
945.0 97.82093167304993
946.0 97.92075753211975
947.0 97.78820276260376
948.0 98.01002144813538
949.0 97.92552590370178
950.0 98.0259895324707
951.0 98.10422658920288
952.0 98.16074967384338
953.0 98.39611053466797
954.0 98.45144748687744
955.0 98.53326678276062
956.0 98.67279529571533
957.0 98.84718060493469
958.0 98.96957278251648
959.0 98.9910900592804
960.0 99.05892610549927
961.0 99.10953044891357
962.0 99.16265606880188
963.0 99.18535947799683
964.0 99.22215342521667
965.0 99.20262098312378
966.0 99.29596185684204
967.0 99.35082793235779
968.0 99.34782981872559
969.0 99.34075474739075
970.0 99.39956665039062
971.0 99.43839311599731
972.0 99.49660897254944
973.0 99.56766366958618
974.0 99.58075881004333
975.0 99.52760338783264
976.0 99.56766963005066
977.0 99.5233416557312
978.0 99.57825541496277
979.0 99.50069785118103
980.0 99.48850870132446
981.0 99.38412308692932
982.0 99.31630492210388
983.0 99.32669401168823
984.0 99.31141138076782
985.0 99.34967756271362
986.0 99.20433163642883
987.0 99.29239153862
988.0 99.1848349571228
989.0 99.1720199584961
990.0 99.16214942932129
991.0 99.18949604034424
992.0 99.30024743080139
993.0 99.22552704811096
994.0 99.22403693199158
995.0 99.27446842193604
996.0 99.24676418304443
997.0 99.39144849777222
998.0 99.43353533744812
999.0 99.44343566894531
1000.0 99.47671294212341
1001.0 99.4473397731781
1002.0 99.51947331428528
1003.0 99.51845407485962
1004.0 99.62573051452637
1005.0 99.50010776519775
1006.0 99.64098334312439
1007.0 99.60845112800598
1008.0 99.56473708152771
1009.0 99.50885772705078
1010.0 99.6023416519165
1011.0 99.54752326011658
1012.0 99.49069023132324
1013.0 99.4552731513977
1014.0 99.4622528553009
1015.0 99.44372773170471
1016.0 99.39576387405396
1017.0 99.49257969856262
1018.0 99.5520532131195
1019.0 99.43443536758423
1020.0 99.49907660484314
1021.0 99.63525533676147
1022.0 99.51023459434509
1023.0 99.580979347229
1024.0 99.54115152359009
1025.0 99.55817461013794
1026.0 99.61587190628052
1027.0 99.70526695251465
1028.0 99.59375858306885
1029.0 99.73978996276855
1030.0 99.77759718894958
1031.0 99.68714714050293
1032.0 99.7490644454956
1033.0 99.67626333236694
1034.0 99.71782565116882
1035.0 99.7671127319336
1036.0 99.6709942817688
1037.0 99.66392517089844
1038.0 99.67547655105591
1039.0 99.54736828804016
1040.0 99.49016571044922
1041.0 99.63124990463257
1042.0 99.48403835296631
1043.0 99.51493740081787
1044.0 99.6194064617157
1045.0 99.24641847610474
1046.0 99.486243724823
1047.0 99.490886926651
1048.0 99.50741529464722
1049.0 99.42376017570496
1050.0 99.37166571617126
1051.0 99.35117959976196
1052.0 99.35862421989441
1053.0 99.2192029953003
1054.0 99.49755668640137
1055.0 99.57962036132812
1056.0 99.45263266563416
1057.0 99.50409531593323
1058.0 99.36063885688782
1059.0 99.36320781707764
1060.0 99.50861930847168
1061.0 99.40140843391418
1062.0 99.40077066421509
1063.0 99.33881163597107
1064.0 99.42274689674377
1065.0 99.3453323841095
1066.0 99.39854741096497
1067.0 99.52073097229004
1068.0 99.54000115394592
1069.0 99.18594360351562
1070.0 99.53244924545288
1071.0 99.3568480014801
1072.0 99.48312640190125
1073.0 99.5669960975647
1074.0 99.07673001289368
1075.0 99.16996955871582
1076.0 99.10975098609924
1077.0 99.33348298072815
1078.0 99.40122961997986
1079.0 99.17351007461548
1080.0 99.83548521995544
1081.0 99.08281564712524
1082.0 99.1974413394928
1083.0 98.95115494728088
1084.0 99.5506227016449
1085.0 99.27783608436584
1086.0 99.11076426506042
1087.0 99.31657910346985
1088.0 98.99105429649353
1089.0 98.84881973266602
1090.0 99.07819032669067
1091.0 99.13382530212402
1092.0 98.8099753856659
1093.0 99.04010891914368
1094.0 98.85397553443909
1095.0 98.65034818649292
1096.0 98.73586893081665
1097.0 98.732990026474
1098.0 98.03668856620789
1099.0 98.79900217056274
1100.0 98.23278784751892
