lsstCam/transmission_filter_detector/r14_s02/i_39/19700101T000000.ecsv
# %ECSV 1.0
# ---
# datatype:
# - {name: wavelength, unit: nm, datatype: float32}
# - {name: efficiency, unit: '%', datatype: float64}
# meta: !!omap
# - {MODE: DETECTOR}
# - {TYPE: transmission_filter_detector}
# - {CALIBDATE: '1970-01-01T00:00:00'}
# - {INSTRUME: LSSTCam}
# - {OBSTYPE: transmission_filter_detector}
# - {CALIBCLS: lsst.ip.isr.IntermediateFilterDetectorTransmissionCurve}
# - {SOURCE: Materion (DM-46256)}
# - {DETECTOR: 65}
# - {FILTER: i_39}
# - {CALIB_ID: 'calibDate=1970-01-01T00:00:00 filter=i_39 detector=65'}
# - {DATE: '2025-04-02T15:59:46.780396'}
# - {CALIB_CREATION_DATE: '2025-04-02'}
# - {CALIB_CREATION_TIME: '15:59:46'}
# - __serialized_columns__:
#     efficiency:
#       __class__: astropy.units.quantity.Quantity
#       unit: !astropy.units.Unit {unit: '%'}
#       value: !astropy.table.SerializedColumn {name: efficiency}
#     wavelength:
#       __class__: astropy.units.quantity.Quantity
#       unit: !astropy.units.Unit {unit: nm}
#       value: !astropy.table.SerializedColumn {name: wavelength}
# schema: astropy-2.0
wavelength efficiency
[from data line 600]
900.0 2.669442791813914e-10
901.0 2.669442791813914e-10
902.0 2.669442791813914e-10
903.0 2.669442791813914e-10
904.0 2.669442791813914e-10
905.0 2.669442791813914e-10
906.0 7.76759208065414e-06
907.0 0.00016221044916164828
908.0 0.0003166533133480698
909.0 2.0550662327423197e-05
910.0 2.669442791813914e-10
911.0 2.669442791813914e-10
912.0 2.669442791813914e-10
913.0 3.199779428086913e-05
914.0 7.567101647509844e-05
915.0 2.669442791813914e-10
916.0 2.669442791813914e-10
917.0 2.669442791813914e-10
918.0 2.669442791813914e-10
919.0 2.669442791813914e-10
920.0 2.669442791813914e-10
921.0 4.317727473335253e-05
922.0 0.00013245481795820524
923.0 2.669442791813914e-10
924.0 2.669442791813914e-10
925.0 5.511411771408348e-06
926.0 0.00032045536499936134
927.0 1.1675840028146922e-05
928.0 2.669442791813914e-10
929.0 2.669442791813914e-10
930.0 0.00019709971184056485
931.0 0.00023886891540314537
932.0 0.0002806380734909908
933.0 0.00022878671188664157
934.0 0.00017693539575702744
935.0 3.942570572235127e-05
936.0 2.669442791813914e-10
937.0 2.669442791813914e-10
938.0 2.669442791813914e-10
939.0 2.669442791813914e-10
940.0 2.669442791813914e-10
941.0 2.669442791813914e-10
942.0 2.669442791813914e-10
943.0 2.669442791813914e-10
944.0 2.669442791813914e-10
945.0 2.669442791813914e-10
946.0 2.669442791813914e-10
947.0 2.669442791813914e-10
948.0 2.669442791813914e-10
949.0 2.669442791813914e-10
950.0 2.669442791813914e-10
951.0 2.669442791813914e-10
952.0 2.669442791813914e-10
953.0 2.669442791813914e-10
954.0 2.669442791813914e-10
955.0 5.49909259461856e-05
956.0 0.00029240743515401846
957.0 0.0002328281198060722
958.0 0.00017324875898339087
959.0 0.0002120894123436301
960.0 0.0002509301111786044
961.0 0.00014125192819847143
962.0 3.157375942919316e-05
963.0 2.669442791813914e-10
964.0 2.669442791813914e-10
965.0 2.669442791813914e-10
966.0 2.669442791813914e-10
967.0 2.669442791813914e-10
968.0 2.669442791813914e-10
969.0 2.669442791813914e-10
970.0 2.669442791813914e-10
971.0 2.669442791813914e-10
972.0 2.669442791813914e-10
973.0 2.669442791813914e-10
974.0 2.669442791813914e-10
975.0 2.669442791813914e-10
976.0 2.669442791813914e-10
977.0 2.669442791813914e-10
978.0 2.669442791813914e-10
979.0 2.669442791813914e-10
980.0 2.669442791813914e-10
981.0 2.669442791813914e-10
982.0 2.669442791813914e-10
983.0 2.669442791813914e-10
984.0 2.669442791813914e-10
985.0 8.67024766648683e-05
986.0 0.0002189475253544515
987.0 2.669442791813914e-10
988.0 2.669442791813914e-10
989.0 2.669442791813914e-10
990.0 2.669442791813914e-10
991.0 2.669442791813914e-10
992.0 2.669442791813914e-10
993.0 2.669442791813914e-10
994.0 1.2845813301964881e-06
995.0 2.669442791813914e-10
996.0 2.669442791813914e-10
997.0 8.278043424070347e-05
998.0 0.0003465082272668951
999.0 0.00040688719309400767
1000.0 0.0004672660907090176
1001.0 0.00024211126401496585
1002.0 1.6956377635324316e-05
1003.0 7.726519584139169e-05
1004.0 0.0001375740566800232
1005.0 1.1310828540445073e-05
1006.0 2.669442791813914e-10
1007.0 2.9811309332217206e-05
1008.0 0.00017457507510698633
1009.0 0.00013617458307635388
1010.0 9.77740228336188e-05
1011.0 0.00016548731309740106
1012.0 0.00023320053514908068
1013.0 0.00039551382542413194
1014.0 0.0005578271156991832
1015.0 0.0004466927293833578
1016.0 0.0003355583885422675
1017.0 0.00046903014663257636
1018.0 0.0006025020411470905
1019.0 0.0004493942924455041
1020.0 0.0002962865210065502
1021.0 0.00024279208901134552
1022.0 0.0001892976911221922
1023.0 0.0005514144504559226
1024.0 0.000913531312107807
1025.0 0.0007002954134804895
1026.0 0.000487059514853172
1027.0 0.00041055859583138954
1028.0 0.000334057631334872
1029.0 0.0007986111995705869
1030.0 0.0012631647223315667
1031.0 0.0018523172911955044
1032.0 0.002441469769109972
1033.0 0.0026291199901606888
1034.0 0.002816769301716704
1035.0 0.003409885903238319
1036.0 0.004003001959063113
1037.0 0.003973663842771202
1038.0 0.003944325362681411
1039.0 0.003213116360711865
1040.0 0.0024819075406412594
1041.0 0.001870360028988216
1042.0 0.0012588122444867622
1043.0 0.0019497143512126058
1044.0 0.002640616185090039
1045.0 0.0031884821510175243
1046.0 0.0037363490264397115
1047.0 0.0035458455386105925
1048.0 0.0033553420507814735
1049.0 0.0031008716177893803
1050.0 0.0028464010028983466
1051.0 0.0028331684006843716
1052.0 0.002819935980369337
1053.0 0.0018344027921557426
1054.0 0.0008488695129926782
1055.0 0.000845388785819523
1056.0 0.0008419079676968977
1057.0 0.000833948070066981
1058.0 0.0008259883543360047
1059.0 0.0009839272024692036
1060.0 0.0011418665053497534
1061.0 0.001842967321863398
1062.0 0.0025440676836296916
1063.0 0.002561251494626049
1064.0 0.0025784353056224063
1065.0 0.0031023937481222674
1066.0 0.0036263525544200093
1067.0 0.004402116610435769
1068.0 0.00517788139404729
1069.0 0.004346675268607214
1070.0 0.003515469143167138
1071.0 0.0033431468182243407
1072.0 0.0031708244932815433
1073.0 0.002640778438944835
1074.0 0.002110732384608127
1075.0 0.0022113257728051394
1076.0 0.0023119189791032113
1077.0 0.001484866334067192
1078.0 0.0006578135526069673
1079.0 0.0009737775144458283
1080.0 0.0012897416127088945
1081.0 0.0007986994205566589
1082.0 0.0003076570010307478
1083.0 4.705544824901153e-05
1084.0 2.669442791813914e-10
1085.0 0.00023538996174465865
1086.0 0.0006843263236078201
1087.0 0.0004462016477191355
1088.0 0.00020807717646675883
1089.0 2.669442791813914e-10
1090.0 2.669442791813914e-10
1091.0 2.669442791813914e-10
1092.0 2.669442791813914e-10
1093.0 2.669442791813914e-10
1094.0 0.00010530031886446523
1095.0 0.0006363464308378752
1096.0 0.0011673927474475931
1097.0 2.669442791813914e-10
1098.0 2.669442791813914e-10
1099.0 2.669442791813914e-10
1100.0 7.915324431451154e-05
