lsstCam/transmission_filter_detector/r14_s02/i_39/19700101T000000.ecsv
# %ECSV 1.0
# ---
# datatype:
# - {name: wavelength, unit: nm, datatype: float32}
# - {name: efficiency, unit: '%', datatype: float64}
# meta: !!omap
# - {MODE: DETECTOR}
# - {TYPE: transmission_filter_detector}
# - {CALIBDATE: '1970-01-01T00:00:00'}
# - {INSTRUME: LSSTCam}
# - {OBSTYPE: transmission_filter_detector}
# - {CALIBCLS: lsst.ip.isr.IntermediateFilterDetectorTransmissionCurve}
# - {SOURCE: Materion (DM-46256)}
# - {DETECTOR: 65}
# - {FILTER: i_39}
# - {CALIB_ID: 'calibDate=1970-01-01T00:00:00 filter=i_39 detector=65'}
# - {DATE: '2025-04-02T15:59:46.780396'}
# - {CALIB_CREATION_DATE: '2025-04-02'}
# - {CALIB_CREATION_TIME: '15:59:46'}
# - __serialized_columns__:
#     efficiency:
#       __class__: astropy.units.quantity.Quantity
#       unit: !astropy.units.Unit {unit: '%'}
#       value: !astropy.table.SerializedColumn {name: efficiency}
#     wavelength:
#       __class__: astropy.units.quantity.Quantity
#       unit: !astropy.units.Unit {unit: nm}
#       value: !astropy.table.SerializedColumn {name: wavelength}
# schema: astropy-2.0
wavelength efficiency
300.0 0.07873678114265203
301.0 0.04040282219648361
302.0 0.0020689018128905445
303.0 0.024001016572583467
304.0 0.04593313788063824
305.0 0.03775505174417049
306.0 0.029576971428468823
307.0 0.0050293776439502835
308.0 2.669442791813914e-10
309.0 2.669442791813914e-10
310.0 2.669442791813914e-10
311.0 2.669442791813914e-10
312.0 5.3259423538065676e-06
313.0 2.669442791813914e-10
314.0 2.669442791813914e-10
315.0 2.669442791813914e-10
316.0 2.669442791813914e-10
317.0 2.669442791813914e-10
318.0 2.669442791813914e-10
319.0 2.669442791813914e-10
320.0 2.669442791813914e-10
321.0 2.669442791813914e-10
322.0 2.669442791813914e-10
323.0 2.669442791813914e-10
324.0 2.669442791813914e-10
325.0 2.669442791813914e-10
326.0 2.669442791813914e-10
327.0 2.669442791813914e-10
328.0 0.003708295480464585
329.0 0.0025911487682606094
330.0 0.0014740020560566336
331.0 0.0006398244295269251
332.0 2.669442791813914e-10
333.0 0.0011930155778827611
334.0 0.002580383988970425
335.0 0.0020100736946915276
336.0 0.001439764309907332
337.0 0.0021086907509015873
338.0 0.0027776171918958426
339.0 0.0029152673960197717
340.0 0.0030529183277394623
341.0 0.0002484599463059567
342.0 2.669442791813914e-10
343.0 2.669442791813914e-10
344.0 2.669442791813914e-10
345.0 2.669442791813914e-10
346.0 2.669442791813914e-10
347.0 2.669442791813914e-10
348.0 2.669442791813914e-10
349.0 2.669442791813914e-10
350.0 2.669442791813914e-10
351.0 2.669442791813914e-10
352.0 0.0002086512040477828
353.0 2.669442791813914e-10
354.0 2.669442791813914e-10
355.0 2.669442791813914e-10
356.0 2.669442791813914e-10
357.0 7.563556323475495e-05
358.0 0.00022400768102670554
359.0 0.0005818125373480143
360.0 0.0009396168934472371
361.0 0.0007588641437905608
362.0 0.0005781113031844143
363.0 0.0006346870122797554
364.0 0.0006912629032740369
365.0 0.0012453992894734256
366.0 0.001799536039470695
367.0 0.0010307661796105094
368.0 0.0002619961833261186
369.0 0.0007979612746567
370.0 0.0013339265024114866
371.0 0.0009908237188938074
372.0 0.0006477209353761282
373.0 0.000913420990400482
374.0 0.001179121136374306
375.0 0.0002700902768992819
376.0 2.669442791813914e-10
377.0 2.669442791813914e-10
378.0 0.00014005826187712955
379.0 0.00015639130879208096
380.0 0.0001727242988636135
381.0 2.669442791813914e-10
382.0 2.669442791813914e-10
383.0 2.669442791813914e-10
384.0 0.001233702823810745
385.0 0.0011341276149323676
386.0 0.0010345522241550498
387.0 2.669442791813914e-10
388.0 2.669442791813914e-10
389.0 2.669442791813914e-10
390.0 2.669442791813914e-10
391.0 2.669442791813914e-10
392.0 2.669442791813914e-10
393.0 2.669442791813914e-10
394.0 0.00047494918362644967
395.0 2.669442791813914e-10
396.0 2.669442791813914e-10
397.0 2.669442791813914e-10
398.0 0.0004071333933097776
399.0 0.0004979459845344536
400.0 0.0005887585302843945
401.0 0.0008011721547518391
402.0 0.0010135847333003767
403.0 0.001183769836643478
404.0 0.0013539556675823405
405.0 0.003236122938687913
406.0 0.005118289845995605
407.0 0.002149050669686403
408.0 2.669442791813914e-10
409.0 0.000158471505073976
410.0 0.001137132949224906
411.0 0.0036432516935747117
412.0 0.00614937162026763
413.0 0.005062254422227852
414.0 0.003975138679379597
415.0 0.004121375968679786
416.0 0.004267612530384213
417.0 0.002965795647469349
418.0 0.0016639787645544857
419.0 0.003777783422265202
420.0 0.005891587716178037
421.0 0.004705826722783968
422.0 0.0035200653655920178
423.0 0.004433613503351808
424.0 0.005347161641111597
425.0 0.003863273377646692
426.0 0.002379384204687085
427.0 0.003241324156988412
428.0 0.00410326429118868
429.0 0.0048688620154280216
430.0 0.005634460103465244
431.0 0.0043791118514491245
432.0 0.0031237643270287663
433.0 0.004467838516575284
434.0 0.005811912706121802
435.0 0.0037090478144818917
436.0 0.0016061825590441003
437.0 0.000899524638953153
438.0 0.00019286687802377855
439.0 0.0009878058335743845
440.0 0.0017827449482865632
441.0 0.0005149981916474644
442.0 2.669442791813914e-10
443.0 2.669442791813914e-10
444.0 2.669442791813914e-10
445.0 2.669442791813914e-10
446.0 2.418260294234642e-05
447.0 8.412672514168662e-05
448.0 0.00014407085018319776
449.0 2.669442791813914e-10
450.0 2.669442791813914e-10
451.0 5.000921419195947e-05
452.0 0.0011688205631799065
453.0 0.0015367382729891688
454.0 0.0019046563465963118
455.0 0.0020133316866122186
456.0 0.0021220070266281255
457.0 0.0013946922990726307
458.0 0.000667377571517136
459.0 0.0005015447641198989
460.0 0.0003357120249347645
461.0 0.00045077626964484807
462.0 0.0005658405370922992
463.0 0.000168198175742873
464.0 2.669442791813914e-10
465.0 0.00021464577457663836
466.0 0.000658735780234565
467.0 0.0007817034202162176
468.0 0.0009046710147231352
469.0 0.0004930665454594418
470.0 8.146206482706475e-05
471.0 0.0003521692178765079
472.0 0.0006228764050320024
473.0 0.0008984208761830814
474.0 0.001173965665657306
475.0 0.0006458212283178
476.0 0.00011767712067012326
477.0 0.0006752662102371687
478.0 0.001232855356647633
479.0 0.00132123686853447
480.0 0.001409618380421307
481.0 0.002577827217464801
482.0 0.0037460344174178317
483.0 0.005262736885924824
484.0 0.006779438990633935
485.0 0.0066417764173820615
486.0 0.00650411457172595
487.0 0.009298932855017483
488.0 0.012093751865904778
489.0 0.016364593466278166
490.0 0.020635436521843076
491.0 0.024750528973527253
492.0 0.02886562142521143
493.0 0.03153861907776445
494.0 0.03421161673031747
495.0 0.030198399326764047
496.0 0.02618517610244453
497.0 0.019427663937676698
498.0 0.012670150317717344
499.0 0.00901400635484606
500.0 0.005357862755772658
501.0 0.004154379348619841
502.0 0.0029508964871638454
503.0 0.002361658880545292
504.0 0.0017724210920277983
505.0 0.0018485006876289845
506.0 0.0019245802832301706
507.0 0.002162476630473975
508.0 0.0024003727958188392
509.0 0.002516078711778391
510.0 0.002631784627737943
511.0 0.0020558414689730853
512.0 0.0014798984011576977
513.0 0.0016511858120793477
514.0 0.0018224731320515275
515.0 0.0024321505406987853
516.0 0.003041827949346043
517.0 0.002401280107733328
518.0 0.0017607322661206126
519.0 0.0019806766431429423
520.0 0.0022006213839631528
521.0 0.00191959879884962
522.0 0.0016385765775339678
523.0 0.0014780402125325054
524.0 0.0013175040294299833
525.0 0.0019649793102871627
526.0 0.0026124542273464613
527.0 0.003003042729687877
528.0 0.003393631413928233
529.0 0.003506206485326402
530.0 0.003618782648118213
531.0 0.0031497293093707412
532.0 0.002680677062016912
533.0 0.0021716428818763234
534.0 0.0016626088836346753
535.0 0.0016958258129307069
536.0 0.0017290429241256788
537.0 0.002355638935114257
538.0 0.0029822349461028352
539.0 0.0033701853681122884
540.0 0.0037581357901217416
541.0 0.00444557772425469
542.0 0.005133020022185519
543.0 0.005142612644704059
544.0 0.005152205267222598
545.0 0.004357139914645813
546.0 0.0035620749258669093
547.0 0.002677025076991413
548.0 0.001791975046216976
549.0 0.0018262562662130222
550.0 0.0018605376681080088
551.0 0.0015891790098976344
552.0 0.0013178207154851407
553.0 0.0017492473489255644
554.0 0.0021806741642649285
555.0 0.0017017215213854797
556.0 0.0012227687875565607
557.0 0.0009423330084246118
558.0 0.0006618973657168681
559.0 0.0002589954419818241
560.0 2.669442791813914e-10
561.0 0.000593533695791848
562.0 0.0013309741007105913
563.0 0.0014672894394607283
564.0 0.0016036048691603355
565.0 0.0012707224414043594
566.0 0.0009378400136483833
567.0 0.0009957250767911319
568.0 0.0010536098670854699
569.0 0.0009930951819114853
570.0 0.0009325802238890901
571.0 0.0005980757578072371
572.0 0.000263571246250649
573.0 0.0003997869043814717
574.0 0.0005360026079870295
575.0 0.00046425270738836844
576.0 0.0003925026703655021
577.0 0.0004750603693537414
578.0 0.0005576180228672456
579.0 0.00025201607058988884
580.0 2.669442791813914e-10
581.0 0.00016933001916186186
582.0 0.0003922459654859267
583.0 0.000455220788353472
584.0 0.000518195474796812
585.0 0.0006758828021702357
586.0 0.0008335701750183944
587.0 0.000805045146989869
588.0 0.0007765200280118734
589.0 0.00078065813795547
590.0 0.0007847963388485368
591.0 0.0009739790584717412
592.0 0.001163162050943356
593.0 0.0007606579856656026
594.0 0.00035815394312521676
595.0 0.0006205772933753906
596.0 0.0008830005754134618
597.0 0.0006574914095835993
598.0 0.0004319823801779421
599.0 0.0005191667696635704
600.0 0.0006063509772502584
601.0 0.0004630215698853135
602.0 0.00031969209430826595
603.0 0.0002483553544152528
604.0 0.00017701846672935062
605.0 0.0001446437522645283
606.0 0.00011226904916838976
607.0 0.0003751342092073173
608.0 0.0006379992100846721
609.0 0.0005944271379121346
610.0 0.0005508547474164516
611.0 0.0006843663868494332
612.0 0.000817878117231885
613.0 0.0004580794211506145
614.0 9.828085012486554e-05
615.0 2.669442791813914e-10
616.0 2.669442791813914e-10
617.0 2.669442791813914e-10
618.0 0.00018992031982634217
619.0 0.0002938207899205736
620.0 0.0003977213509642752
621.0 0.0005089924343337771
622.0 0.0006202635177032789
623.0 0.0005424904429673916
624.0 0.0004647174137062393
625.0 0.0004840054771193536
626.0 0.000503293586007203
627.0 0.00038407983993238304
628.0 0.0002648660938575631
629.0 0.0005026202416047454
630.0 0.0007403743893519277
631.0 0.0006163265879877144
632.0 0.0004922787866235012
633.0 0.0004956969405611744
634.0 0.0004991150944988476
635.0 0.0004076956884091487
636.0 0.0003162762141073472
637.0 0.00033235448881896446
638.0 0.0003484326043690089
639.0 0.0005776765192422317
640.0 0.0008069203431659844
641.0 0.0005711289304599632
642.0 0.00033533751775394194
643.0 0.0004928079761157278
644.0 0.0006502783890027786
645.0 0.0006190100066305604
646.0 0.0005877417152078124
647.0 0.0007902221113909036
648.0 0.000992703098745551
649.0 0.0008612608326075133
650.0 0.0007298187028936809
651.0 0.0009406384378962684
652.0 0.0011514583093230613
653.0 0.0012261049960216042
654.0 0.001300751591770677
655.0 0.0017982829376705922
656.0 0.0022958141926210374
657.0 0.003384762749192305
658.0 0.00447371021436993
659.0 0.006989185931161046
660.0 0.047160551184788346
661.0 0.1579335192218423
662.0 0.1296037225984037
663.0 0.0948290980886668
664.0 0.11449398007243872
665.0 0.13801194727420807
666.0 0.11104295263066888
667.0 0.1610693521797657
668.0 0.17838532803580165
669.0 0.246610795147717
670.0 0.3380122594535351
671.0 0.4343133419752121
672.0 0.7260848302394152
673.0 1.1449129320681095
674.0 1.8190503120422363
675.0 2.6230504736304283
676.0 3.7225309759378433
677.0 5.078402161598206
678.0 6.432720273733139
679.0 7.912549376487732
680.0 9.798390418291092
681.0 11.888864636421204
682.0 14.519983530044556
683.0 17.391157150268555
684.0 20.56948095560074
685.0 23.54862242937088
686.0 26.652368903160095
687.0 29.859131574630737
688.0 33.084142208099365
689.0 36.20257377624512
690.0 39.816781878471375
691.0 43.63166391849518
692.0 48.315802216529846
693.0 53.314805030822754
694.0 58.98710489273071
695.0 64.61562514305115
696.0 70.83170413970947
697.0 76.36687159538269
698.0 82.3999285697937
699.0 86.95099949836731
700.0 90.5482828617096
701.0 93.38399767875671
702.0 95.39238810539246
703.0 96.46256566047668
704.0 97.06764817237854
705.0 97.56108522415161
706.0 97.5969910621643
707.0 97.83372282981873
708.0 97.88691997528076
709.0 97.97503352165222
710.0 97.66491055488586
711.0 97.87916541099548
712.0 97.74430990219116
713.0 97.79956936836243
714.0 97.91331887245178
715.0 97.97233939170837
716.0 97.91959524154663
717.0 97.98923134803772
718.0 98.12940955162048
719.0 98.13364148139954
720.0 98.24074506759644
721.0 98.26947450637817
722.0 97.95661568641663
723.0 97.72671461105347
724.0 97.34108448028564
725.0 97.00257778167725
726.0 96.66229486465454
727.0 96.43210768699646
728.0 96.12504839897156
729.0 95.95462679862976
730.0 95.9954023361206
731.0 96.14053964614868
732.0 96.23740911483765
733.0 96.59637212753296
734.0 97.03511595726013
735.0 97.24195003509521
736.0 97.6036548614502
737.0 98.02326560020447
738.0 98.29777479171753
739.0 98.59488010406494
740.0 98.58958125114441
741.0 98.44962358474731
742.0 98.64667654037476
743.0 98.61224293708801
744.0 98.40077757835388
745.0 98.29795956611633
746.0 98.22710156440735
747.0 98.57357144355774
748.0 98.40869903564453
749.0 98.34977388381958
750.0 98.39746952056885
751.0 98.28188419342041
752.0 98.23887944221497
753.0 98.48237633705139
754.0 98.40644598007202
755.0 98.45002889633179
756.0 98.48197102546692
757.0 98.52179884910583
758.0 98.64405393600464
759.0 98.57583045959473
760.0 98.4055757522583
761.0 98.398357629776
762.0 98.39522242546082
763.0 98.32876324653625
764.0 98.17330837249756
765.0 98.1485366821289
766.0 98.1964111328125
767.0 97.97795414924622
768.0 98.08422327041626
769.0 98.12091588973999
770.0 97.91537523269653
771.0 97.99062609672546
772.0 98.08405637741089
773.0 98.02956581115723
774.0 97.89917469024658
775.0 98.03834557533264
776.0 97.93210625648499
777.0 97.9485034942627
778.0 97.8692889213562
779.0 97.82704710960388
780.0 97.7569580078125
781.0 98.01254868507385
782.0 97.75420427322388
783.0 97.84185290336609
784.0 97.76782393455505
785.0 97.89937138557434
786.0 98.03350567817688
787.0 97.75646328926086
788.0 97.81711101531982
789.0 97.99224138259888
790.0 97.92500138282776
791.0 97.89597988128662
792.0 97.73741960525513
793.0 97.80739545822144
794.0 97.84983396530151
795.0 97.71552681922913
796.0 97.84761071205139
797.0 97.93515801429749
798.0 97.955721616745
799.0 97.82291650772095
800.0 97.62177467346191
801.0 97.63033390045166
802.0 97.61176705360413
803.0 97.36607670783997
804.0 97.15375900268555
805.0 96.86609506607056
806.0 96.69194221496582
807.0 96.2170958518982
808.0 95.48259377479553
809.0 94.63773369789124
810.0 93.67334246635437
811.0 92.33162999153137
812.0 90.33365845680237
813.0 88.09840679168701
814.0 85.48542261123657
815.0 82.2264015674591
816.0 78.83692979812622
817.0 74.72416162490845
818.0 69.93953585624695
819.0 65.75188636779785
820.0 60.70656180381775
821.0 55.96350431442261
822.0 51.35466456413269
823.0 46.66490852832794
824.0 41.96351766586304
825.0 37.72829473018646
826.0 33.1645131111145
827.0 28.47265899181366
828.0 24.267578125
829.0 20.10151445865631
830.0 15.717211365699768
831.0 12.342104315757751
832.0 8.862996101379395
833.0 6.160903349518776
834.0 4.0183596312999725
835.0 2.482978068292141
836.0 1.4824973419308662
837.0 0.8643701672554016
838.0 0.4790072329342365
839.0 0.30220006592571735
840.0 0.14120836276561022
841.0 0.11892335023730993
842.0 0.03828535554930568
843.0 0.013656594092026353
844.0 0.004478221671888605
845.0 2.669442791813914e-10
846.0 2.669442791813914e-10
847.0 2.669442791813914e-10
848.0 2.669442791813914e-10
849.0 2.669442791813914e-10
850.0 2.669442791813914e-10
851.0 2.669442791813914e-10
852.0 0.0013939754353486933
853.0 0.0012286074706935324
854.0 0.001063239778886782
855.0 0.0008354363671969622
856.0 0.0006076330009818776
857.0 0.0008599888133176137
858.0 0.0011123443982796744
859.0 0.0006829057383583859
860.0 0.00025346691927552456
861.0 0.0002623033424242749
862.0 0.0002711396518861875
863.0 0.00017677200503385393
864.0 8.240439228757168e-05
865.0 2.669442791813914e-10
866.0 2.669442791813914e-10
867.0 2.669442791813914e-10
868.0 0.00011928427738894243
869.0 2.669442791813914e-10
870.0 2.669442791813914e-10
871.0 2.669442791813914e-10
872.0 0.00022337569589581108
873.0 0.00020168895389360841
874.0 0.00018000214367930312
875.0 0.00017249004713448812
876.0 0.00016497797332704067
877.0 2.669442791813914e-10
878.0 2.669442791813914e-10
879.0 4.4406363031157525e-05
880.0 0.0006101523013057886
881.0 0.00027360208605387015
882.0 2.669442791813914e-10
883.0 6.983037224017608e-05
884.0 0.00020260888504708419
885.0 3.775130892336165e-05
886.0 2.669442791813914e-10
887.0 2.669442791813914e-10
888.0 0.00011480648254291737
889.0 5.488219017024676e-05
890.0 2.669442791813914e-10
891.0 9.522849495624541e-05
892.0 0.00019549902390281204
893.0 0.00027166615836904384
894.0 0.00034783329283527564
895.0 4.681594703015435e-05
896.0 2.669442791813914e-10
897.0 2.669442791813914e-10
898.0 1.5921945362151746e-05
