lsstCam/transmission_filter_detector/r31_s20/z_20/19700101T000000.ecsv
# %ECSV 1.0
# ---
# datatype:
# - {name: wavelength, unit: nm, datatype: float32}
# - {name: efficiency, unit: '%', datatype: float64}
# meta: !!omap
# - {MODE: DETECTOR}
# - {TYPE: transmission_filter_detector}
# - {CALIBDATE: '1970-01-01T00:00:00'}
# - {INSTRUME: LSSTCam}
# - {OBSTYPE: transmission_filter_detector}
# - {CALIBCLS: lsst.ip.isr.IntermediateFilterDetectorTransmissionCurve}
# - {SOURCE: Materion (DM-46256)}
# - {DETECTOR: 132}
# - {FILTER: z_20}
# - {CALIB_ID: 'calibDate=1970-01-01T00:00:00 filter=z_20 detector=132'}
# - {DATE: '2025-04-02T15:59:49.251908'}
# - {CALIB_CREATION_DATE: '2025-04-02'}
# - {CALIB_CREATION_TIME: '15:59:49'}
# - __serialized_columns__:
#     efficiency:
#       __class__: astropy.units.quantity.Quantity
#       unit: !astropy.units.Unit {unit: '%'}
#       value: !astropy.table.SerializedColumn {name: efficiency}
#     wavelength:
#       __class__: astropy.units.quantity.Quantity
#       unit: !astropy.units.Unit {unit: nm}
#       value: !astropy.table.SerializedColumn {name: wavelength}
# schema: astropy-2.0
wavelength efficiency
[from data line 598]
898.0 98.38230609893799
899.0 98.64367842674255
900.0 98.86472821235657
901.0 99.17585849761963
902.0 99.06312227249146
903.0 98.84456992149353
904.0 97.91651964187622
905.0 98.81839156150818
906.0 98.02558422088623
907.0 98.96619915962219
908.0 98.29617738723755
909.0 98.1370210647583
910.0 98.02451133728027
911.0 96.8575119972229
912.0 96.22290134429932
913.0 94.93358731269836
914.0 92.74110794067383
915.0 90.39193987846375
916.0 88.17861676216125
917.0 86.40533089637756
918.0 83.06807279586792
919.0 82.11091756820679
920.0 79.06838655471802
921.0 75.46792030334473
922.0 70.80820798873901
923.0 65.12988209724426
924.0 59.93583798408508
925.0 54.4427752494812
926.0 48.09274077415466
927.0 41.13779664039612
928.0 35.16542613506317
929.0 28.96180748939514
930.0 23.264048993587494
931.0 18.051747977733612
932.0 12.684273719787598
933.0 8.478464186191559
934.0 5.382854864001274
935.0 3.2528094947338104
936.0 1.8859835341572762
937.0 1.221764087677002
938.0 0.8254282176494598
939.0 0.4561035893857479
940.0 0.1863047364167869
941.0 0.14181830920279026
942.0 0.04348044458311051
943.0 1.6273657768572924e-10
944.0 1.6273657768572924e-10
945.0 1.6273657768572924e-10
946.0 1.6273657768572924e-10
947.0 0.04435600421857089
948.0 1.6273657768572924e-10
949.0 0.03485876659397036
950.0 0.11166027979925275
951.0 1.6273657768572924e-10
952.0 1.6273657768572924e-10
953.0 0.0020296289221732877
954.0 0.10841183830052614
955.0 1.6273657768572924e-10
956.0 1.6273657768572924e-10
957.0 1.6273657768572924e-10
958.0 1.6273657768572924e-10
959.0 0.02698987373150885
960.0 0.07840481121093035
961.0 1.6273657768572924e-10
962.0 1.6273657768572924e-10
963.0 1.6273657768572924e-10
964.0 0.06237999186851084
965.0 1.6273657768572924e-10
966.0 1.6273657768572924e-10
967.0 0.007199199171736836
968.0 1.6273657768572924e-10
969.0 0.12987449299544096
970.0 1.6273657768572924e-10
971.0 0.05383944371715188
972.0 1.6273657768572924e-10
973.0 1.6273657768572924e-10
974.0 1.6273657768572924e-10
975.0 1.6273657768572924e-10
976.0 0.006186999235069379
977.0 0.006035224942024797
978.0 0.005883452104171738
979.0 0.005818514910060912
980.0 0.005753577715950087
981.0 0.005566281106439419
982.0 0.0053789844969287515
983.0 0.005281352787278593
984.0 0.005183720713830553
985.0 0.005153710662852973
986.0 0.005123700248077512
987.0 0.0050347465730737895
988.0 0.004945792898070067
989.0 0.004879496918874793
990.0 0.004813201303477399
991.0 0.004672700015362352
992.0 0.004532198727247305
993.0 0.004620547770173289
994.0 0.0047088968130992725
995.0 0.0045355482143349946
996.0 0.004362200343166478
997.0 0.004377248842502013
998.0 0.004392296978039667
999.0 0.004462744254851714
1000.0 0.0045331915316637605
1001.0 0.004382856423035264
1002.0 0.0042325213144067675
1003.0 0.004251757491147146
1004.0 0.0042709940316854045
1005.0 0.004185350917396136
1006.0 0.004099707439308986
1007.0 0.0040813287341734394
1008.0 0.004062950029037893
1009.0 0.0041633764340076596
1010.0 0.004263802838977426
1011.0 0.004100588193978183
1012.0 0.003937372821383178
1013.0 0.004085374166606925
1014.0 0.004233375875628553
1015.0 0.0040933173295343295
1016.0 0.003953258783440106
1017.0 0.0041049606807064265
1018.0 0.004256662577972747
1019.0 0.004246109165251255
1020.0 0.004235555752529763
1021.0 0.004150199310970493
1022.0 0.004064842869411223
1023.0 0.004257990804035217
1024.0 0.004451139102457091
1025.0 0.004348098445916548
1026.0 0.004245058153173886
1027.0 0.004330699084675871
1028.0 0.004416340016177855
1029.0 0.0044591131882043555
1030.0 0.004501886360230856
1031.0 0.004526037810137495
1032.0 0.004550189260044135
1033.0 0.004611480835592374
1034.0 0.004672772774938494
1035.0 0.004820199319510721
1036.0 0.004967625864082947
1037.0 0.005041372787673026
1038.0 0.005115120075060986
1039.0 0.005080465416540392
1040.0 0.005045810394221917
1041.0 0.004996560528525151
1042.0 0.004947310299030505
1043.0 0.005244131534709595
1044.0 0.005540953134186566
1045.0 0.005724507718696259
1046.0 0.005908062303205952
1047.0 0.00577148784941528
1048.0 0.005634914123220369
1049.0 0.005996150866849348
1050.0 0.006357387610478327
1051.0 0.006558862514793873
1052.0 0.006760337419109419
1053.0 0.006937899888725951
1054.0 0.007115461630746722
1055.0 0.007033090514596552
1056.0 0.006950717943254858
1057.0 0.007387654477497563
1058.0 0.00782459246693179
1059.0 0.007954865577630699
1060.0 0.008085139415925369
1061.0 0.008201407763408497
1062.0 0.008317676838487387
1063.0 0.008341571083292365
1064.0 0.008365466055693105
1065.0 0.00854011595947668
1066.0 0.008714765135664493
1067.0 0.00915003547561355
1068.0 0.009585305815562606
1069.0 0.009904606122290716
1070.0 0.010223905701423064
1071.0 0.010365033085690811
1072.0 0.01050616119755432
1073.0 0.01049101265380159
1074.0 0.010475863382453099
1075.0 0.010583187395241112
1076.0 0.010690511408029124
1077.0 0.011650916712824255
1078.0 0.012611322745215148
1079.0 0.012591172708198428
1080.0 0.012571024126373231
1081.0 0.013366386701818556
1082.0 0.014161752187646925
1083.0 0.013955909525975585
1084.0 0.013750066864304245
1085.0 0.014003740216139704
1086.0 0.014257415023166686
1087.0 0.014976078819017857
1088.0 0.01569474407006055
1089.0 0.01513313181931153
1090.0 0.01457152102375403
1091.0 0.015897741832304746
1092.0 0.017223964096046984
1093.0 0.0171029576449655
1094.0 0.01698195410426706
1095.0 0.017416190530639142
1096.0 0.0178504255018197
1097.0 0.01862253702711314
1098.0 0.019394650007598102
1099.0 0.019940706260968
1100.0 0.020486761059146374
1101.0 0.021974515402689576
1102.0 0.023462268291041255
1103.0 0.02390522713540122
1104.0 0.02434818889014423
1105.0 0.02408842119621113
1106.0 0.023828652047086507
1107.0 0.025086369714699686
1108.0 0.02634408592712134
1109.0 0.02752604486886412
1110.0 0.028708003810606897
1111.0 0.02929811889771372
1112.0 0.02988823689520359
1113.0 0.030257483012974262
1114.0 0.030626729130744934
1115.0 0.031131660216487944
1116.0 0.031636591302230954
1117.0 0.03199870989192277
1118.0 0.032360825571231544
1119.0 0.03296098439022899
1120.0 0.033561140298843384
1121.0 0.035838483017869294
1122.0 0.03811582864727825
1123.0 0.038917825440876186
1124.0 0.039719828055240214
1125.0 0.042247859528288245
1126.0 0.04477589100133628
1127.0 0.044551872997544706
1128.0 0.04432785790413618
1129.0 0.047595996875315905
1130.0 0.05086413584649563
1131.0 0.0550872297026217
1132.0 0.05931031773798168
1133.0 0.0572967401240021
1134.0 0.05528316251002252
1135.0 0.06157964817248285
1136.0 0.06787613965570927
1137.0 0.07345769554376602
1138.0 0.07903925725258887
1139.0 0.08568365592509508
1140.0 0.0923280487768352
1141.0 0.10580070083960891
1142.0 0.11927334126085043
1143.0 0.18476916011422873
1144.0 0.250264978967607
1145.0 0.5779336672276258
1146.0 0.9056022390723228
1147.0 1.324139628559351
1148.0 1.7426768317818642
1149.0 1.7107823863625526
1150.0 1.6788871958851814
