lsstCam/transmission_filter_detector/r31_s20/z_20/19700101T000000.ecsv
# %ECSV 1.0
# ---
# datatype:
# - {name: wavelength, unit: nm, datatype: float32}
# - {name: efficiency, unit: '%', datatype: float64}
# meta: !!omap
# - {MODE: DETECTOR}
# - {TYPE: transmission_filter_detector}
# - {CALIBDATE: '1970-01-01T00:00:00'}
# - {INSTRUME: LSSTCam}
# - {OBSTYPE: transmission_filter_detector}
# - {CALIBCLS: lsst.ip.isr.IntermediateFilterDetectorTransmissionCurve}
# - {SOURCE: Materion (DM-46256)}
# - {DETECTOR: 132}
# - {FILTER: z_20}
# - {CALIB_ID: 'calibDate=1970-01-01T00:00:00 filter=z_20 detector=132'}
# - {DATE: '2025-04-02T15:59:49.251908'}
# - {CALIB_CREATION_DATE: '2025-04-02'}
# - {CALIB_CREATION_TIME: '15:59:49'}
# - __serialized_columns__:
#     efficiency:
#       __class__: astropy.units.quantity.Quantity
#       unit: !astropy.units.Unit {unit: '%'}
#       value: !astropy.table.SerializedColumn {name: efficiency}
#     wavelength:
#       __class__: astropy.units.quantity.Quantity
#       unit: !astropy.units.Unit {unit: nm}
#       value: !astropy.table.SerializedColumn {name: wavelength}
# schema: astropy-2.0
wavelength efficiency
300.0 0.3997976426035166
301.0 0.33618826419115067
302.0 0.2725788624957204
303.0 0.23315842263400555
304.0 0.19373802933841944
305.0 0.17592227086424828
306.0 0.15810650074854493
307.0 0.15271530719473958
308.0 0.14732409035786986
309.0 0.136523914989084
310.0 0.12572372797876596
311.0 0.11674119159579277
312.0 0.10775865521281958
313.0 0.10074739111587405
314.0 0.09373610955663025
315.0 0.08527386235073209
316.0 0.07681160350330174
317.0 0.07145649869926274
318.0 0.06610138807445765
319.0 0.06420054705813527
320.0 0.0622997060418129
321.0 0.060851569287478924
322.0 0.05940343835391104
323.0 0.05613581743091345
324.0 0.052868196507915854
325.0 0.050164840649813414
326.0 0.047461490612477064
327.0 0.042163970647379756
328.0 0.03686645068228245
329.0 0.03569424443412572
330.0 0.03452203527558595
331.0 0.03449451469350606
332.0 0.03446699120104313
333.0 0.030133253312669694
334.0 0.025799512513913214
335.0 0.025133867166005075
336.0 0.024468221818096936
337.0 0.020216795383021235
338.0 0.01596537185832858
339.0 0.01745859917718917
340.0 0.01895183086162433
341.0 0.017489861056674272
342.0 0.01602788979653269
343.0 0.01585875143064186
344.0 0.015689611609559506
345.0 0.014334049774333835
346.0 0.012978485028725117
347.0 0.0133609413751401
348.0 0.013743394811172038
349.0 0.013320977450348437
350.0 0.012898558634333313
351.0 0.012287174467928708
352.0 0.011675790301524103
353.0 0.011391291627660394
354.0 0.011106793681392446
355.0 0.011108665057690814
356.0 0.01111053570639342
357.0 0.0109143067675177
358.0 0.010718079283833504
359.0 0.010460509656695649
360.0 0.010202939301962033
361.0 0.010313007805962116
362.0 0.01042307703755796
363.0 0.010195388313150033
364.0 0.009967698133550584
365.0 0.009781467815628275
366.0 0.009595236770110205
367.0 0.008931699267122895
368.0 0.0082681595813483
369.0 0.008560714195482433
370.0 0.008853269537212327
371.0 0.008456877549178898
372.0 0.008060486288741231
373.0 0.007871510024415329
374.0 0.007682533760089427
375.0 0.00625748434686102
376.0 0.004832434933632612
377.0 0.0047168621676974
378.0 0.004601288674166426
379.0 0.005102682553115301
380.0 0.005604076795862056
381.0 0.005500755651155487
382.0 0.005397433778853156
383.0 0.005023900666856207
384.0 0.0046503671910613775
385.0 0.004399650788400322
386.0 0.0041489336581435055
387.0 0.00446999620180577
388.0 0.004791058745468035
389.0 0.004674083538702689
390.0 0.004557108331937343
391.0 0.0042957330151693895
392.0 0.0040343573346035555
393.0 0.003972748891101219
394.0 0.003911140083801001
395.0 0.003665574695332907
396.0 0.003420009306864813
397.0 0.003638955968199298
398.0 0.0038579029933316633
399.0 0.0038622059946646914
400.0 0.0038665089959977195
401.0 0.004861767592956312
402.0 0.005857026553712785
403.0 0.005081845665699802
404.0 0.0043066647776868194
405.0 0.004467454709811136
406.0 0.004628243914339691
407.0 0.004516831177170388
408.0 0.004405418440001085
409.0 0.004169799649389461
410.0 0.003934180858777836
411.0 0.004547515345620923
412.0 0.005160849468666129
413.0 0.00514707608090248
414.0 0.005133303056936711
415.0 0.004532041566562839
416.0 0.003930780439986847
417.0 0.0030528670322382823
418.0 0.0021749538063886575
419.0 0.002842386493284721
420.0 0.003509818998281844
421.0 0.0027281808797852136
422.0 0.0019465423974907026
423.0 0.002512875107640866
424.0 0.00307920781779103
425.0 0.0031647701689507812
426.0 0.0032503325201105326
427.0 0.0031071194825926796
428.0 0.002963906263175886
429.0 0.002451915315759834
430.0 0.0019399243683437817
431.0 0.0019004639398190193
432.0 0.001861003511294257
433.0 0.00217056385736214
434.0 0.002480124203430023
435.0 0.0030853985663270578
436.0 0.003690672747325152
437.0 0.0029964612622279674
438.0 0.0023022495952318422
439.0 0.0020873294488410465
440.0 0.0018724093024502508
441.0 0.0019635193893918768
442.0 0.0020546292944345623
443.0 0.002052005220321007
444.0 0.0020493809643085115
445.0 0.0017208867575391196
446.0 0.0013923926417191979
447.0 0.001655499727348797
448.0 0.0019186065401299857
449.0 0.0021851623387192376
450.0 0.00245171831920743
451.0 0.002046780900855083
452.0 0.0016418434825027362
453.0 0.002012241748161614
454.0 0.0023826398319215514
455.0 0.002200484050263185
456.0 0.002018328450503759
457.0 0.0015503303075092845
458.0 0.0010823320735653397
459.0 0.0013644595128425863
460.0 0.0016465872249682434
461.0 0.001399890606990084
462.0 0.0011531943528098054
463.0 0.0011416475899750367
464.0 0.0011301006452413276
465.0 0.0011680935131153092
466.0 0.0012060863809892908
467.0 0.0010487593499419745
468.0 0.0008914320460462477
469.0 0.0010072472832689527
470.0 0.001123062611441128
471.0 0.0011997939509456046
472.0 0.0012765252904500812
473.0 0.00138297527882969
474.0 0.001489425267209299
475.0 0.0014814208952884655
476.0 0.0014734163414686918
477.0 0.0013952906556369271
478.0 0.0013171651517041028
479.0 0.0016317706467816606
480.0 0.0019463761418592185
481.0 0.001664193405304104
482.0 0.0013820105777995195
483.0 0.0012254269677214324
484.0 0.0010688432666938752
485.0 0.0012731775314023253
486.0 0.0014775118870602455
487.0 0.001229501413035905
488.0 0.000981491211859975
489.0 0.0010383106200606562
490.0 0.0010951302101602778
491.0 0.0012463347957236692
492.0 0.0013975394722365309
493.0 0.001613560198165942
494.0 0.001829580833145883
495.0 0.0016991523807519116
496.0 0.0015687239283579402
497.0 0.0016336112821591087
498.0 0.0016984986359602772
499.0 0.0017853304598247632
500.0 0.001872162101790309
501.0 0.0015449537386302836
502.0 0.0012177453754702583
503.0 0.0010357565770391375
504.0 0.0008537677786080167
505.0 0.0015028848793008365
506.0 0.0021520016161957756
507.0 0.0016512160073034465
508.0 0.0011504303984111175
509.0 0.001061228340404341
510.0 0.0009720262823975645
511.0 0.001069217614713125
512.0 0.0011664088560792152
513.0 0.0013366679013415705
514.0 0.0015069268556544557
515.0 0.0014123492292128503
516.0 0.001317771602771245
517.0 0.001133803107222775
518.0 0.0009498347935732454
519.0 0.001301383690588409
520.0 0.0016529325876035728
521.0 0.0017340360500384122
522.0 0.0018151395124732517
523.0 0.0016210557078011334
524.0 0.0014269717212300748
525.0 0.0012649425116251223
526.0 0.0011029133020201698
527.0 0.0011011900824087206
528.0 0.0010994670446962118
529.0 0.0010618138730933424
530.0 0.0010241607924399432
531.0 0.0012448426787159406
532.0 0.001465524564991938
533.0 0.0014912984624970704
534.0 0.0015170721781032626
535.0 0.0016666523151798174
536.0 0.0018162327251047827
537.0 0.0016824105841806158
538.0 0.0015485886251553893
539.0 0.0012768384294759016
540.0 0.0010050884156953543
541.0 0.001197247729578521
542.0 0.0013894069525122177
543.0 0.0010627793926687445
544.0 0.0007361518783000065
545.0 0.001238870208908338
546.0 0.0017415884940419346
547.0 0.0016201382095459849
548.0 0.001498687834100565
549.0 0.0017882770407595672
550.0 0.0020778663383680396
551.0 0.0019785093172686175
552.0 0.0018791522961691953
553.0 0.0018843336874851957
554.0 0.0018895148969022557
555.0 0.0018149041352444328
556.0 0.0017402930097887293
557.0 0.0015411067579407245
558.0 0.0013419204151432496
559.0 0.0013758910426986404
560.0 0.001409861579304561
561.0 0.0012208090993226506
562.0 0.0010317566193407401
563.0 0.001311257165070856
564.0 0.0015907578926999122
565.0 0.0017097572708735242
566.0 0.0018287566490471363
567.0 0.0020054361812071875
568.0 0.002182115895266179
569.0 0.00240375902649248
570.0 0.0026254021577187814
571.0 0.0026565883672446944
572.0 0.0026877745767706074
573.0 0.0023307036826736294
574.0 0.001973632606677711
575.0 0.0018359734895057045
576.0 0.0016983141904347576
577.0 0.0018282960809301585
578.0 0.001958277789526619
579.0 0.0019080558558925986
580.0 0.0018578339222585782
581.0 0.0019117689589620568
582.0 0.0019657039956655353
583.0 0.0017484348063590005
584.0 0.001531165798951406
585.0 0.0019414972484810278
586.0 0.0023518286980106495
587.0 0.0020894474801025353
588.0 0.0018270662621944211
589.0 0.0019566399714676663
590.0 0.0020862136807409115
591.0 0.0018268992789671756
592.0 0.0015675848771934398
593.0 0.0012415167475410271
594.0 0.0009154485269391444
595.0 0.0009211810720444191
596.0 0.0009269134352507535
597.0 0.0007569306944787968
598.0 0.000586947908232105
599.0 0.0007513714535889449
600.0 0.0009157948625215795
601.0 0.0008456377145193983
602.0 0.0007754804755677469
603.0 0.0011406994417484384
604.0 0.0015059182260301895
605.0 0.0012183785656816326
606.0 0.0009308386324846651
607.0 0.0008686834007676225
608.0 0.0008065283509495202
609.0 0.0007422695944114821
610.0 0.000678010837873444
611.0 0.0009302163562097121
612.0 0.00118242178359651
613.0 0.0012020645954180509
614.0 0.0012217077710374724
615.0 0.0011838737918878905
616.0 0.0011460397217888385
617.0 0.0014529945474350825
618.0 0.0017599493730813265
619.0 0.0017319334801868536
620.0 0.001703917769191321
621.0 0.0015050789443193935
622.0 0.0013062403013464063
623.0 0.0013243396097095683
624.0 0.0013424388271232601
625.0 0.0015200016605376732
626.0 0.0016975645849015564
627.0 0.00190921073226491
628.0 0.0021208570615272038
629.0 0.002140249853255227
630.0 0.0021596424630843103
631.0 0.002305621273990255
632.0 0.002451599902997259
633.0 0.002877152837754693
634.0 0.003302705954411067
635.0 0.005789065471617505
636.0 0.008275426807813346
637.0 0.01527555868960917
638.0 0.02227569348178804
639.0 0.01992159814108163
640.0 0.01756750571075827
641.0 0.015327366418205202
642.0 0.013087224215269089
643.0 0.009528224472887814
644.0 0.005969224002910778
645.0 0.006047921124263667
646.0 0.006126618245616555
647.0 0.005772307486040518
648.0 0.00541799672646448
649.0 0.004344454646343365
650.0 0.0032709125662222505
651.0 0.003450123404036276
652.0 0.0036293342418503016
653.0 0.002964274426631164
654.0 0.0022992144295130856
655.0 0.002358884012210183
656.0 0.00241855359490728
657.0 0.002529095218051225
658.0 0.0026396366592962295
659.0 0.00238264947256539
660.0 0.002125662467733491
661.0 0.002412505818938371
662.0 0.00269934898824431
663.0 0.002219356974819675
664.0 0.0017393647794960998
665.0 0.0016205918655032292
666.0 0.0015018189515103586
667.0 0.0014457797078648582
668.0 0.0013897402823204175
669.0 0.0013881958693673369
670.0 0.001386651365464786
671.0 0.001228741166414693
672.0 0.0010708306035667192
673.0 0.001413546942785615
674.0 0.0017562631910550408
675.0 0.001450069703423651
676.0 0.0011438763976912014
677.0 0.0013826758731738664
678.0 0.0016214755305554718
679.0 0.0016830186723382212
680.0 0.0017445618141209707
681.0 0.001940655056387186
682.0 0.002136748480552342
683.0 0.0024995226340251975
684.0 0.002862296787498053
685.0 0.0026592559152049944
686.0 0.002456215224810876
687.0 0.002423624573566485
688.0 0.002391034286119975
689.0 0.002328803930140566
690.0 0.0022665737560600974
691.0 0.0021785694116260856
692.0 0.002090565067192074
693.0 0.002553142257966101
694.0 0.003015719812538009
695.0 0.0034485732612665743
696.0 0.003881426528096199
697.0 0.003914960689144209
698.0 0.003948494850192219
699.0 0.005595099355559796
700.0 0.007241703860927373
701.0 0.007230351911857724
702.0 0.007218999962788075
703.0 0.00658498247503303
704.0 0.005950965351075865
705.0 0.004872223871643655
706.0 0.003793483119807206
707.0 0.003429862772463821
708.0 0.0030662424251204357
709.0 0.0036803099646931514
710.0 0.004294377504265867
711.0 0.004075977631146088
712.0 0.0038575784856220707
713.0 0.0031955543818185106
714.0 0.002533531005610712
715.0 0.00244663970079273
716.0 0.002359748577873688
717.0 0.002170167863368988
718.0 0.001980587148864288
719.0 0.0018833621652447619
720.0 0.0017861371816252358
721.0 0.002258843414892908
722.0 0.00273154946626164
723.0 0.002630904782563448
724.0 0.0025302600988652557
725.0 0.001978872387553565
726.0 0.0014274846762418747
727.0 0.0014517631825583521
728.0 0.0014760416888748296
729.0 0.0012985623470740393
730.0 0.0011210828233743086
731.0 0.0008865593372320291
732.0 0.0006520358056150144
733.0 0.0009814195436774753
734.0 0.0013108032362652011
735.0 0.0011940095646423288
736.0 0.0010772159839689266
737.0 0.0011437845387263224
738.0 0.0012103531844331883
739.0 0.001368815719615668
740.0 0.0015272782547981478
741.0 0.001299975519941654
742.0 0.0010726728760346305
743.0 0.001287642680836143
744.0 0.0015026123946881853
745.0 0.001771988536347635
746.0 0.002041364678007085
747.0 0.0020113786376896314
748.0 0.001981392597372178
749.0 0.0026576442905934528
750.0 0.003333896165713668
751.0 0.0030497998523060232
752.0 0.0027657040845951997
753.0 0.0026932426408166066
754.0 0.002620781378936954
755.0 0.0024837430828483775
756.0 0.0023467044229619205
757.0 0.002388346547377296
758.0 0.0024299883079947904
759.0 0.002588234747236129
760.0 0.0027464806407806464
761.0 0.004518988134805113
762.0 0.006291495083132759
763.0 0.005732750287279487
764.0 0.005174006582819857
765.0 0.004766611164086498
766.0 0.0043592150177573785
767.0 0.004243832518113777
768.0 0.004128449290874414
769.0 0.004990952220396139
770.0 0.0058534562413115054
771.0 0.004856301166000776
772.0 0.0038591475458815694
773.0 0.00391908542951569
774.0 0.00397902331314981
775.0 1.6273657768572924e-10
776.0 1.6273657768572924e-10
777.0 1.6273657768572924e-10
778.0 1.6273657768572924e-10
779.0 0.007401918264804408
780.0 1.6273657768572924e-10
781.0 1.6273657768572924e-10
782.0 1.6273657768572924e-10
783.0 0.061510951491072774
784.0 0.020776138990186155
785.0 0.009865572792477906
786.0 1.6273657768572924e-10
787.0 0.002581370426923968
788.0 0.12401783606037498
789.0 1.6273657768572924e-10
790.0 0.09550062823109329
791.0 1.6273657768572924e-10
792.0 1.6273657768572924e-10
793.0 0.05688798846676946
794.0 1.6273657768572924e-10
795.0 0.13505980605259538
796.0 0.10995971970260143
797.0 0.17994483932852745
798.0 0.06584349321201444
799.0 0.17887266585603356
800.0 0.26012957096099854
801.0 0.3683642018586397
802.0 0.789488572627306
803.0 1.265676785260439
804.0 2.0262718200683594
805.0 3.162221238017082
806.0 4.598982259631157
807.0 6.778264790773392
808.0 8.963966369628906
809.0 11.953108757734299
810.0 15.044103562831879
811.0 18.233993649482727
812.0 21.29318118095398
813.0 24.338553845882416
814.0 27.861687541007996
815.0 32.33725726604462
816.0 37.46601343154907
817.0 43.24813187122345
818.0 49.53386187553406
819.0 55.95412850379944
820.0 63.76768946647644
821.0 71.0263729095459
822.0 77.10356116294861
823.0 82.18766450881958
824.0 87.19525337219238
825.0 91.38670563697815
826.0 93.83614659309387
827.0 96.39673829078674
828.0 98.66155982017517
829.0 98.8241970539093
830.0 98.44290018081665
831.0 99.26919341087341
832.0 98.41267466545105
833.0 99.84857439994812
834.0 98.46320748329163
835.0 99.45989847183228
836.0 99.12065863609314
837.0 98.85055422782898
838.0 98.32093715667725
839.0 98.37024211883545
840.0 98.81974458694458
841.0 99.42435622215271
842.0 99.4608461856842
843.0 99.920254945755
844.0 98.27792644500732
845.0 98.67311716079712
846.0 99.01152849197388
847.0 98.87586236000061
848.0 99.63909387588501
849.0 98.56764674186707
850.0 98.20943474769592
851.0 99.00386929512024
852.0 99.5091199874878
853.0 98.63848686218262
854.0 99.4940996170044
855.0 98.4020471572876
856.0 98.96953701972961
857.0 97.61183261871338
858.0 98.74626994132996
859.0 98.91454577445984
860.0 98.31556677818298
861.0 98.66397380828857
862.0 98.73424172401428
863.0 98.58348369598389
864.0 99.7527003288269
865.0 99.53134059906006
866.0 98.53215217590332
867.0 99.24205541610718
868.0 99.16381239891052
869.0 98.99415373802185
870.0 97.85398840904236
871.0 98.9374041557312
872.0 99.19903874397278
873.0 98.73396158218384
874.0 99.67589378356934
875.0 98.94578456878662
876.0 99.05626177787781
877.0 99.44053888320923
878.0 99.27780032157898
879.0 98.62100481987
880.0 98.85569214820862
881.0 99.78677034378052
882.0 98.94212484359741
883.0 98.93344640731812
884.0 99.3057906627655
885.0 98.98162484169006
886.0 98.33098649978638
887.0 98.72838854789734
888.0 98.914235830307
889.0 99.43554401397705
890.0 98.36245775222778
891.0 99.37812685966492
892.0 98.75929355621338
893.0 99.00062680244446
894.0 98.18055629730225
895.0 99.41977262496948
896.0 98.92176985740662
