lsstCam/transmission_filter_detector/r13_s01/r_57/19700101T000000.ecsv
# %ECSV 1.0
# ---
# datatype:
# - {name: wavelength, unit: nm, datatype: float32}
# - {name: efficiency, unit: '%', datatype: float64}
# meta: !!omap
# - {MODE: DETECTOR}
# - {TYPE: transmission_filter_detector}
# - {CALIBDATE: '1970-01-01T00:00:00'}
# - {INSTRUME: LSSTCam}
# - {OBSTYPE: transmission_filter_detector}
# - {CALIBCLS: lsst.ip.isr.IntermediateFilterDetectorTransmissionCurve}
# - {SOURCE: Materion (DM-46256)}
# - {DETECTOR: 55}
# - {FILTER: r_57}
# - {CALIB_ID: 'calibDate=1970-01-01T00:00:00 filter=r_57 detector=55'}
# - {DATE: '2025-04-02T15:59:44.438452'}
# - {CALIB_CREATION_DATE: '2025-04-02'}
# - {CALIB_CREATION_TIME: '15:59:44'}
# - __serialized_columns__:
#     efficiency:
#       __class__: astropy.units.quantity.Quantity
#       unit: !astropy.units.Unit {unit: '%'}
#       value: !astropy.table.SerializedColumn {name: efficiency}
#     wavelength:
#       __class__: astropy.units.quantity.Quantity
#       unit: !astropy.units.Unit {unit: nm}
#       value: !astropy.table.SerializedColumn {name: wavelength}
# schema: astropy-2.0
wavelength efficiency
[from data line 602]
902.0 1.6011272169214052e-10
903.0 1.6011272169214052e-10
904.0 1.6011272169214052e-10
905.0 3.639795806975599e-05
906.0 1.6011272169214052e-10
907.0 1.6011272169214052e-10
908.0 1.6011272169214052e-10
909.0 1.6011272169214052e-10
910.0 1.6011272169214052e-10
911.0 1.6011272169214052e-10
912.0 1.6011272169214052e-10
913.0 1.6011272169214052e-10
914.0 1.6011272169214052e-10
915.0 2.591282566299924e-05
916.0 1.6011272169214052e-10
917.0 1.6011272169214052e-10
918.0 5.298115297591721e-05
919.0 0.00017514897763248882
920.0 5.8371995237394e-05
921.0 1.6011272169214052e-10
922.0 7.164122735048295e-05
923.0 0.00020168747596471803
924.0 0.0002268947127959109
925.0 0.0002521019723644713
926.0 0.0002013617631746456
927.0 0.00015062157672218746
928.0 0.00016979116708171205
929.0 0.0001889607688099204
930.0 0.00026580462417769013
931.0 0.00034264851365151117
932.0 0.00014695809795739478
933.0 1.6011272169214052e-10
934.0 0.00012876978416898055
935.0 0.0003062717951252125
936.0 0.00027787448289018357
937.0 0.0002494771706551546
938.0 0.00025411200113012455
939.0 0.0002587468998171971
940.0 0.00026887898911809316
941.0 0.0002790110784189892
942.0 0.0003531869879225269
943.0 0.00042736292016343214
944.0 0.00035099542401439976
945.0 0.00027462799607747
946.0 0.0003104374627582729
947.0 0.00034624688396434067
948.0 0.0004518339665082749
949.0 0.0005574211172643118
950.0 0.0005496687663253397
951.0 0.0005419163244368974
952.0 0.0007112696494004922
953.0 0.0008806231562630273
954.0 0.0011824220564449206
955.0 0.0014842212294752244
956.0 0.0015496736523346044
957.0 0.0016151259842445143
958.0 0.0017506052245153114
959.0 0.0018860850104829296
960.0 0.0020194967873976566
961.0 0.0021529091100092046
962.0 0.0022858755983179435
963.0 0.002418842450424563
964.0 0.0024153510821633972
965.0 0.0024118593501043506
966.0 0.0024006330932024866
967.0 0.0023894066544016823
968.0 0.0023415866962750442
969.0 0.002293767101946287
970.0 0.0024032267901930027
971.0 0.002512686842237599
972.0 0.0025876353902276605
973.0 0.002662583574419841
974.0 0.0028883634513476864
975.0 0.0031141433282755315
976.0 0.0032114348869072273
977.0 0.0033087260817410424
978.0 0.003195368844899349
979.0 0.0030820112442597747
980.0 0.002993449925270397
981.0 0.0029048884243820794
982.0 0.00306038127746433
983.0 0.0032158739486476406
984.0 0.0031066902010934427
985.0 0.002997506453539245
986.0 0.002907137604779564
987.0 0.0028167685741209425
988.0 0.0026562569473753683
989.0 0.002495745320629794
990.0 0.002512558603484649
991.0 0.0025293718863395043
992.0 0.0025893359634210356
993.0 0.0026493004043004476
994.0 0.002711506385821849
995.0 0.00277371200354537
996.0 0.002831598249031231
997.0 0.0028894844945170917
998.0 0.003048855796805583
999.0 0.0032082272809930146
1000.0 0.0033002324926201254
1001.0 0.003392238068045117
1002.0 0.0036005585570819676
1003.0 0.0038088790461188182
1004.0 0.003943147748941556
1005.0 0.004077416087966412
1006.0 0.004234876905684359
1007.0 0.0043923377234023064
1008.0 0.004320528023527004
1009.0 0.004248718687449582
1010.0 0.004250928031979129
1011.0 0.0042531373765086755
1012.0 0.004220736809656955
1013.0 0.004188336606603116
1014.0 0.003964237112086266
1015.0 0.003740137253771536
1016.0 0.003607067628763616
1017.0 0.003473998367553577
1018.0 0.0030580227758036926
1019.0 0.0026420477297506295
1020.0 0.002223414776381105
1021.0 0.0018047816411126405
1022.0 0.0015863723092479631
1023.0 0.0013679627045348752
1024.0 0.0014554633708030451
1025.0 0.0015429641280206852
1026.0 0.0013906082131143194
1027.0 0.0012382519344100729
1028.0 0.0011197545063623693
1029.0 0.0010012568964157254
1030.0 0.0009469058568356559
1031.0 0.000892554089659825
1032.0 0.0008701876140548848
1033.0 0.0008478207746520638
1034.0 0.0007963059942994732
1035.0 0.0007447909865732072
1036.0 0.0008274094398075249
1037.0 0.0009100276656681672
1038.0 0.0008305743904202245
1039.0 0.000751121160647017
1040.0 0.0007825316970411222
1041.0 0.0008139422789099626
1042.0 0.0008938035534811206
1043.0 0.0009736643733049277
1044.0 0.0009087063517654315
1045.0 0.0008437486940238159
1046.0 0.0007237666068249382
1047.0 0.000603784792474471
1048.0 0.0005967754077573773
1049.0 0.0005897660230402835
1050.0 0.0006864311671961332
1051.0 0.0007830962204025127
1052.0 0.001043121847033035
1053.0 0.0013031471098656766
1054.0 0.0010814737834152766
1055.0 0.0008598002750659361
1056.0 0.0008742453246668447
1057.0 0.0008886906471161637
1058.0 0.0007948439815663733
1059.0 0.0007009975888649933
1060.0 0.0011624913895502687
1061.0 0.0016239848264376633
1062.0 0.0017069411114789546
1063.0 0.0017898973965202458
1064.0 0.0012580931070260704
1065.0 0.0007262885446834844
1066.0 0.0011269138667557854
1067.0 0.0015275390978786163
1068.0 0.0017092157577280886
1069.0 0.0018908920537796803
1070.0 0.0013175897038308904
1071.0 0.0007442872629326303
1072.0 0.0012055094884999562
1073.0 0.0016667318050167523
1074.0 0.002296547063451726
1075.0 0.0029263621399877593
1076.0 0.003185821697115898
1077.0 0.003445281254244037
1078.0 0.00397342155338265
1079.0 0.004501561852521263
1080.0 0.004556914427666925
1081.0 0.004612266639014706
1082.0 0.004274404273019172
1083.0 0.0039365419070236385
1084.0 0.004345928755355999
1085.0 0.0047553152398904786
1086.0 0.0047509809519397095
1087.0 0.004746647027786821
1088.0 0.00467523823317606
1089.0 0.00460382980236318
1090.0 0.004504040043684654
1091.0 0.004404250285006128
1092.0 0.0040180042560677975
1093.0 0.0036317585909273475
1094.0 0.0041101393435383216
1095.0 0.004588520096149296
1096.0 0.003635925895650871
1097.0 0.002683331331354566
1098.0 0.0018675991668715142
1099.0 0.0010518671842874028
1100.0 0.0015968384104780853
1101.0 0.0021418094547698274
