lsstCam/transmission_filter_detector/r13_s01/r_57/19700101T000000.ecsv
# %ECSV 1.0
# ---
# datatype:
# - {name: wavelength, unit: nm, datatype: float32}
# - {name: efficiency, unit: '%', datatype: float64}
# meta: !!omap
# - {MODE: DETECTOR}
# - {TYPE: transmission_filter_detector}
# - {CALIBDATE: '1970-01-01T00:00:00'}
# - {INSTRUME: LSSTCam}
# - {OBSTYPE: transmission_filter_detector}
# - {CALIBCLS: lsst.ip.isr.IntermediateFilterDetectorTransmissionCurve}
# - {SOURCE: Materion (DM-46256)}
# - {DETECTOR: 55}
# - {FILTER: r_57}
# - {CALIB_ID: 'calibDate=1970-01-01T00:00:00 filter=r_57 detector=55'}
# - {DATE: '2025-04-02T15:59:44.438452'}
# - {CALIB_CREATION_DATE: '2025-04-02'}
# - {CALIB_CREATION_TIME: '15:59:44'}
# - __serialized_columns__:
#     efficiency:
#       __class__: astropy.units.quantity.Quantity
#       unit: !astropy.units.Unit {unit: '%'}
#       value: !astropy.table.SerializedColumn {name: efficiency}
#     wavelength:
#       __class__: astropy.units.quantity.Quantity
#       unit: !astropy.units.Unit {unit: nm}
#       value: !astropy.table.SerializedColumn {name: wavelength}
# schema: astropy-2.0
wavelength efficiency
300.0 0.002758741538855247
301.0 0.0069046844146214426
302.0 0.011050629109377041
303.0 0.013215235958341509
304.0 0.015379843534901738
305.0 0.013539163046516478
306.0 0.01169848401332274
307.0 0.010202104749623686
308.0 0.008705726941116154
309.0 0.007776333950459957
310.0 0.00684694095980376
311.0 0.00620148639427498
312.0 0.005556032920139842
313.0 0.005000870078220032
314.0 0.004445706872502342
315.0 0.004119210643693805
316.0 0.003792713687289506
317.0 0.0038383524952223524
318.0 0.0038839905755594373
319.0 0.003710465898620896
320.0 0.003536941221682355
321.0 0.0032153540814761072
322.0 0.0028937667593709193
323.0 0.002780093200271949
324.0 0.0026664183678803965
325.0 0.002554846287239343
326.0 0.002443273115204647
327.0 0.0025948782422346994
328.0 0.0027464833692647517
329.0 0.002745568417594768
330.0 0.0027446534659247845
331.0 0.002543095797591377
332.0 0.00234153831115691
333.0 0.002113357732014265
334.0 0.0018851769709726796
335.0 0.0016380017768824473
336.0 0.0013908264008932747
337.0 0.0013029376532358583
338.0 0.0012150488146289717
339.0 0.0011635373084573075
340.0 0.0011120258932351135
341.0 0.0010800911695696414
342.0 0.0010481565368536394
343.0 0.0009947687431122176
344.0 0.000941381040320266
345.0 0.0009520177627564408
346.0 0.0009626544851926155
347.0 0.0009328342457592953
348.0 0.0009030140063259751
349.0 0.0009160546142084058
350.0 0.005822016464662738
351.0 0.0058389545301906765
352.0 0.005855892231920734
353.0 0.004950864968122914
354.0 0.004045838431920856
355.0 0.004819354944629595
356.0 0.005592871821136214
357.0 0.0068465225922409445
358.0 0.008100173727143556
359.0 0.006002325244480744
360.0 0.0039044763980200514
361.0 0.0026618949050316587
362.0 0.0014193135939422064
363.0 0.002402490281383507
364.0 0.003385666786925867
365.0 0.003585532249417156
366.0 0.003785398439504206
367.0 0.00324228749377653
368.0 0.002699176002352033
369.0 0.0022381371309165843
370.0 0.0017770982594811358
371.0 0.0022577996787731536
372.0 0.0027385012799641117
373.0 0.003047583049919922
374.0 0.0033566644560778514
375.0 0.0030755643820157275
376.0 0.0027944643079536036
377.0 0.0012051365047227591
378.0 1.6011272169214052e-10
379.0 0.0005219639660936082
380.0 0.0014281192306953017
381.0 0.0024302895326400176
382.0 0.0034324602893320844
383.0 0.003456307968008332
384.0 0.0034801560104824603
385.0 0.0044495725887827575
386.0 0.005418989167083055
387.0 0.004891317803412676
388.0 0.004363646803540178
389.0 0.0037008030631113797
390.0 0.0030379585950868204
391.0 0.002086326276184991
392.0 0.0011346940482326318
393.0 0.0012780900760844816
394.0 0.0014214857401384506
395.0 0.001158773920906242
396.0 0.0008960620107245632
397.0 0.0007551850103482138
398.0 0.0006143083737697452
399.0 0.0005525188953470206
400.0 0.00049072891670221
401.0 0.00024118942292261636
402.0 1.6011272169214052e-10
403.0 0.00013952899280411657
404.0 0.0002874088295357069
405.0 0.0007110599199222634
406.0 0.0011347106919856742
407.0 0.0016948602933553047
408.0 0.0022550095309270546
409.0 0.0018960903616971336
410.0 0.001537170828669332
411.0 0.0010040624147222843
412.0 0.00047095400077523664
413.0 0.0006219632268766873
414.0 0.0007729725439276081
415.0 0.0007730466677458026
416.0 0.0007731210644124076
417.0 0.001253600112249842
418.0 0.0017340797057840973
419.0 0.002198038600909058
420.0 0.0026619978598318994
421.0 0.0040688246372155845
422.0 0.005475651050801389
423.0 0.008502721902914345
424.0 0.011529790936037898
425.0 0.015739709488116205
426.0 0.01994962221942842
427.0 0.020519239478744566
428.0 0.021088858193252236
429.0 0.016104996029753238
430.0 0.011121133138658479
431.0 0.007941033982206136
432.0 0.004760933734360151
433.0 0.003803028812399134
434.0 0.0028451235266402364
435.0 0.0023145579689298756
436.0 0.0017839920474216342
437.0 0.0015140572941163555
438.0 0.0012441227227100171
439.0 0.0010453427421452943
440.0 0.0008465628525300417
441.0 0.0011354150956321973
442.0 0.0014242674296838231
443.0 0.0016968066120170988
444.0 0.001969345976249315
445.0 0.001901674477267079
446.0 0.0018340029782848433
447.0 0.0016393047189922072
448.0 0.0014446065506490413
449.0 0.001340146718575852
450.0 0.0012356866136542521
451.0 0.0014520823242492042
452.0 0.0016684782167430967
453.0 0.0016283500372082926
454.0 0.001588222039572429
455.0 0.001399728989781579
456.0 0.0012112362128391396
457.0 0.0009049876098288223
458.0 0.000598739006818505
459.0 0.000799319150246447
460.0 0.0009998991117754485
461.0 0.001656680069572758
462.0 0.0023134605726227164
463.0 0.0029774279028060846
464.0 0.003641394869191572
465.0 0.004692164657171816
466.0 0.005742934445152059
467.0 0.0063361650973092765
468.0 0.006929397932253778
469.0 0.005953633808530867
470.0 0.00497787150379736
471.0 0.003808773180935532
472.0 0.0026396746761747636
473.0 0.002155482980015222
474.0 0.00167129110195674
475.0 0.0013699004739464726
476.0 0.001068510209734086
477.0 0.0008946725756686646
478.0 0.0007208349416032434
479.0 0.0009262238563678693
480.0 0.001131612680183025
481.0 0.0008766652172198519
482.0 0.0006217177997314138
483.0 0.000674811872158898
484.0 0.000727905808162177
485.0 0.0006770170784875518
486.0 0.0006261281669139862
487.0 0.0006276061867538374
488.0 0.0006290841156442184
489.0 0.0006133321221568622
490.0 0.0005975800377200358
491.0 0.0007353195996984141
492.0 0.0008730590707273223
493.0 0.0009814172699407209
494.0 0.0010897754691541195
495.0 0.0009865748324955348
496.0 0.0008833740139380097
497.0 0.0011147521036036778
498.0 0.0013461299204209354
499.0 0.0013300966202223208
500.0 0.0013140635019226465
501.0 0.0014812225344940089
502.0 0.0016483818399137817
503.0 0.0020408197087817825
504.0 0.0024332577595487237
505.0 0.0029029059078311548
506.0 0.003372554056113586
507.0 0.00405961909564212
508.0 0.0047466841351706535
509.0 0.005249595415079966
510.0 0.005752505603595637
511.0 0.005138041888130829
512.0 0.00452357780886814
513.0 0.003851090878015384
514.0 0.0031786035833647475
515.0 0.0029973814889672212
516.0 0.002816159394569695
517.0 0.002587952076282818
518.0 0.0023597447579959407
519.0 0.06243914249353111
520.0 0.0893827760592103
521.0 0.02499487018212676
522.0 0.04834377614315599
523.0 0.10937928454950452
524.0 0.11408820282667875
525.0 0.09441916481591761
526.0 0.08904346032068133
527.0 0.12918167049065232
528.0 0.10926147224381566
529.0 0.16769221983850002
530.0 0.17079653916880488
531.0 0.16419114544987679
532.0 0.24412332568317652
533.0 0.3039743984118104
534.0 0.3852545516565442
535.0 0.44841524213552475
536.0 0.655332813039422
537.0 0.9890287183225155
538.0 1.505301520228386
539.0 2.37412229180336
540.0 3.847971186041832
541.0 5.686396360397339
542.0 8.125512301921844
543.0 11.219864338636398
544.0 15.089216828346252
545.0 19.25658881664276
546.0 24.511145055294037
547.0 30.939725041389465
548.0 38.793787360191345
549.0 46.79029881954193
550.0 53.68768572807312
551.0 61.11615300178528
552.0 66.45312905311584
553.0 71.44821882247925
554.0 75.30969381332397
555.0 79.60976362228394
556.0 83.22902321815491
557.0 86.23954057693481
558.0 89.54152464866638
559.0 92.16986298561096
560.0 92.94394850730896
561.0 94.62377429008484
562.0 95.15782594680786
563.0 94.99984979629517
564.0 95.49484848976135
565.0 95.17979621887207
566.0 95.68668603897095
567.0 95.2286422252655
568.0 95.82700729370117
569.0 96.44725918769836
570.0 95.66223621368408
571.0 96.77244424819946
572.0 96.67885899543762
573.0 96.55246138572693
574.0 96.70026898384094
575.0 96.93119525909424
576.0 97.18953371047974
577.0 97.08086252212524
578.0 97.15397357940674
579.0 97.07571864128113
580.0 96.47747278213501
581.0 96.70172333717346
582.0 96.76185250282288
583.0 96.54881954193115
584.0 96.11783623695374
585.0 96.32285833358765
586.0 96.38675451278687
587.0 96.35199308395386
588.0 96.46851420402527
589.0 96.97798490524292
590.0 96.40129208564758
591.0 95.9050714969635
592.0 95.98750472068787
593.0 95.70150971412659
594.0 95.62090635299683
595.0 96.48571610450745
596.0 96.8194842338562
597.0 97.04988598823547
598.0 96.75480127334595
599.0 96.69075608253479
600.0 96.90269827842712
601.0 95.9769070148468
602.0 96.62493467330933
603.0 96.23610377311707
604.0 96.19978666305542
605.0 96.77346348762512
606.0 96.09731435775757
607.0 95.93656063079834
608.0 96.38436436653137
609.0 95.45904397964478
610.0 95.96941471099854
611.0 95.83571553230286
612.0 95.7172155380249
613.0 96.6970145702362
614.0 96.33427858352661
615.0 96.2672472000122
616.0 96.35869264602661
617.0 96.05348110198975
618.0 96.30747437477112
619.0 97.05369472503662
620.0 96.0639238357544
621.0 95.60210108757019
622.0 96.54122591018677
623.0 96.45518064498901
624.0 96.53862118721008
625.0 97.06140756607056
626.0 96.12618684768677
627.0 94.87588405609131
628.0 96.97396159172058
629.0 95.28371095657349
630.0 96.15116715431213
631.0 96.0292398929596
632.0 97.03431725502014
633.0 96.37451767921448
634.0 95.47125101089478
635.0 96.15368247032166
636.0 95.81383466720581
637.0 95.36235332489014
638.0 95.55329084396362
639.0 95.31945586204529
640.0 95.43458223342896
641.0 95.82456350326538
642.0 95.69630026817322
643.0 96.1719810962677
644.0 95.92097997665405
645.0 95.97584009170532
646.0 96.06663584709167
647.0 97.37465381622314
648.0 96.46586179733276
649.0 95.86400389671326
650.0 95.90679407119751
651.0 96.9065248966217
652.0 96.92102670669556
653.0 96.06666564941406
654.0 96.51140570640564
655.0 96.60082459449768
656.0 95.65773010253906
657.0 95.93396186828613
658.0 96.4640736579895
659.0 96.40332460403442
660.0 95.44373750686646
661.0 95.77266573905945
662.0 95.40141820907593
663.0 95.84057927131653
664.0 95.3080952167511
665.0 95.24727463722229
666.0 95.33838033676147
667.0 95.66546678543091
668.0 95.03973126411438
669.0 95.54543495178223
670.0 95.25749087333679
671.0 95.62209248542786
672.0 95.22332549095154
673.0 95.13735175132751
674.0 94.7953462600708
675.0 95.63565850257874
676.0 94.95430588722229
677.0 93.90827417373657
678.0 93.42705011367798
679.0 92.41935014724731
680.0 91.59573316574097
681.0 89.85680937767029
682.0 88.11715245246887
683.0 85.6059193611145
684.0 82.28366374969482
685.0 78.79098653793335
686.0 74.72209930419922
687.0 70.54946422576904
688.0 65.8296525478363
689.0 61.398082971572876
690.0 56.191569566726685
691.0 52.18554735183716
692.0 47.55337834358215
693.0 43.155574798583984
694.0 38.122764229774475
695.0 33.06407034397125
696.0 27.56725251674652
697.0 22.45100736618042
698.0 16.779203712940216
699.0 12.248773127794266
700.0 8.657906949520111
701.0 5.477915704250336
702.0 3.4294605255126953
703.0 1.9738353788852692
704.0 1.168141420930624
705.0 0.6867796182632446
706.0 0.4581709858030081
707.0 0.294749834574759
708.0 0.15260170912370086
709.0 0.1707972609438002
710.0 0.08840998634696007
711.0 0.09467008640058339
712.0 0.10155695490539074
713.0 0.04304004833102226
714.0 0.05693715065717697
715.0 0.08843426476232708
716.0 0.039122544694691896
717.0 0.05143819726072252
718.0 0.033473188523203135
719.0 0.06092170951887965
720.0 1.6011272169214052e-10
721.0 0.0044679632992483675
722.0 0.0042083967855433
723.0 0.003948830999433994
724.0 0.003668415592983365
725.0 0.003387999822734855
726.0 0.00311769763357006
727.0 0.002847395444405265
728.0 0.0027377169317333028
729.0 0.0026280380552634597
730.0 0.0024890021450119093
731.0 0.0023499665985582396
732.0 0.002301804124726914
733.0 0.0022536418327945285
734.0 0.002162972123187501
735.0 0.002072302049782593
736.0 0.0018584987628855743
737.0 0.0016446958397864364
738.0 0.001616804365767166
739.0 0.0015889128917478956
740.0 0.0016093512385850772
741.0 0.0016297895854222588
742.0 0.0014704371096740942
743.0 0.0013110847248753998
744.0 0.0013873171155864839
745.0 0.0014635493243986275
746.0 0.0013980656149215065
747.0 0.0013325817235454451
748.0 0.001188518581329845
749.0 0.0010444553481647745
750.0 0.0010557185305515304
751.0 0.0010669821676856373
752.0 0.001111183337343391
753.0 0.0011553844160516746
754.0 0.0011134865417261608
755.0 0.0010715889402490575
756.0 0.0010162471880903468
757.0 0.0009609052540326957
758.0 0.0010364778063376434
759.0 0.001112050267693121
760.0 0.0010946252587018535
761.0 0.0010772005225589965
762.0 0.0010537957678025123
763.0 0.001030391467793379
764.0 0.0010339867003494874
765.0 0.001037582114804536
766.0 0.0008851142411003821
767.0 0.000732646367396228
768.0 0.0006865151590318419
769.0 0.0006403838142432505
770.0 0.0007628580533491913
771.0 0.0008853325198288076
772.0 0.0007954245120345149
773.0 0.0007055164132907521
774.0 0.0008027001058508176
775.0 0.000899883707461413
776.0 0.0008410404007008765
777.0 0.00078219709394034
778.0 0.0008312898899021093
779.0 0.0008803828677628189
780.0 0.0007417727374559036
781.0 0.0006031626071489882
782.0 0.0007249881036841543
783.0 0.0008468136002193205
784.0 0.0009007264452520758
785.0 0.0009546391083858907
786.0 0.0008273574167105835
787.0 0.0007000756795605412
788.0 0.0007055714831949444
789.0 0.0007110676051524933
790.0 0.0007428599019476678
791.0 0.0007746521987428423
792.0 0.000773765623307554
793.0 0.0007728790478722658
794.0 0.0008485488251608331
795.0 0.0009242183296009898
796.0 0.0007673185791645665
797.0 0.0006104188287281431
798.0 0.0007687098332098685
799.0 0.0009270008376915939
800.0 0.000860205454955576
801.0 0.0007934098903206177
802.0 0.0006832002327428199
803.0 0.0005729902113671415
804.0 0.0006911426680744626
805.0 0.0008092951247817837
806.0 0.0006856233085272834
807.0 0.000561951446798048
808.0 0.0006937385933269979
809.0 0.0008255256034317426
810.0 0.0007467936939065112
811.0 0.0006680620572296903
812.0 0.0006786235189792933
813.0 0.0006891849807288963
814.0 0.0005781848813057877
815.0 0.0004671847818826791
816.0 0.0006156722065497888
817.0 0.0007641596312168986
818.0 0.0006829059202573262
819.0 0.0006016521638230188
820.0 0.000473280078949756
821.0 0.0003449079940764932
822.0 0.0004051807081850711
823.0 0.00046545342229364906
824.0 0.0005058233909949195
825.0 0.0005461933596961899
826.0 0.0005563802005781326
827.0 0.0005665670869348105
828.0 0.00042753422349051107
829.0 0.00028850136004621163
830.0 0.00020623519958462566
831.0 0.00012396902775435592
832.0 9.331648129773384e-05
833.0 6.266394620979554e-05
834.0 1.0390129290271943e-05
835.0 1.6011272169214052e-10
836.0 0.0002748638053162722
837.0 0.0005916114787396509
838.0 0.0007628452294738963
839.0 0.0009340789802081417
840.0 0.0012456684999051504
841.0 0.0015572579286526889
842.0 0.002026033507718239
843.0 0.002494809086783789
844.0 0.00238929769693641
845.0 0.002283786488987971
846.0 0.0023574442820972763
847.0 0.002431101893307641
848.0 0.002437592593196314
849.0 0.002444082929287106
850.0 0.0020650655642384663
851.0 0.0016860481991898268
852.0 0.0014653903235739563
853.0 0.0012447321751096752
854.0 0.0010525689503992908
855.0 0.0008604053618910257
856.0 0.0007152007583499653
857.0 0.000569996154808905
858.0 0.0006108101388235809
859.0 0.0006516240318887867
860.0 0.0005247683475317899
861.0 0.00039791257222532295
862.0 0.00042363908505649306
863.0 0.0004493655524129281
864.0 0.0003266616658947896
865.0 0.0002039578021140187
866.0 0.0001797411186998943
867.0 0.0001555244239170861
868.0 0.00017792796143112355
869.0 0.00020033146483910969
870.0 8.649165579299734e-05
871.0 1.6011272169214052e-10
872.0 1.6011272169214052e-10
873.0 1.6011272169214052e-10
874.0 1.6011272169214052e-10
875.0 1.6011272169214052e-10
876.0 1.6011272169214052e-10
877.0 3.8314243511194945e-05
878.0 0.00015764805993967457
879.0 0.00027698185931512853
880.0 0.0002178292106691515
881.0 0.00015867653928580694
882.0 0.00015178314924924052
883.0 0.0001448898046874092
884.0 5.300601912949787e-06
885.0 1.6011272169214052e-10
886.0 1.6011272169214052e-10
887.0 2.0490637098191655e-05
888.0 0.00011471898915260681
889.0 0.00020894733552268008
890.0 0.00020016648250020808
891.0 0.00019138558400300099
892.0 5.689498721039854e-05
893.0 1.6011272169214052e-10
894.0 7.912243660257445e-06
895.0 9.34201068503171e-05
896.0 0.00010894444812947768
897.0 0.00012446882919903146
898.0 9.627359531805268e-05
899.0 6.80783671214158e-05
900.0 3.337892451327207e-05
