lsstCam/transmission_filter_detector/r11_s12/i_39/19700101T000000.ecsv
# %ECSV 1.0
# ---
# datatype:
# - {name: wavelength, unit: nm, datatype: float32}
# - {name: efficiency, unit: '%', datatype: float64}
# meta: !!omap
# - {MODE: DETECTOR}
# - {TYPE: transmission_filter_detector}
# - {CALIBDATE: '1970-01-01T00:00:00'}
# - {INSTRUME: LSSTCam}
# - {OBSTYPE: transmission_filter_detector}
# - {CALIBCLS: lsst.ip.isr.IntermediateFilterDetectorTransmissionCurve}
# - {SOURCE: Materion (DM-46256)}
# - {DETECTOR: 41}
# - {FILTER: i_39}
# - {CALIB_ID: 'calibDate=1970-01-01T00:00:00 filter=i_39 detector=41'}
# - {DATE: '2025-04-02T15:59:46.669296'}
# - {CALIB_CREATION_DATE: '2025-04-02'}
# - {CALIB_CREATION_TIME: '15:59:46'}
# - __serialized_columns__:
#     efficiency:
#       __class__: astropy.units.quantity.Quantity
#       unit: !astropy.units.Unit {unit: '%'}
#       value: !astropy.table.SerializedColumn {name: efficiency}
#     wavelength:
#       __class__: astropy.units.quantity.Quantity
#       unit: !astropy.units.Unit {unit: nm}
#       value: !astropy.table.SerializedColumn {name: wavelength}
# schema: astropy-2.0
wavelength efficiency
[from data line 599]
899.0 1.589976739678478e-10
900.0 1.589976739678478e-10
901.0 1.589976739678478e-10
902.0 1.589976739678478e-10
903.0 1.589976739678478e-10
904.0 1.589976739678478e-10
905.0 1.589976739678478e-10
906.0 1.589976739678478e-10
907.0 0.00010918822681560414
908.0 0.00027293287985230563
909.0 3.7893386206633295e-05
910.0 1.589976739678478e-10
911.0 1.589976739678478e-10
912.0 0.0001237105266227445
913.0 0.00012643229183595395
914.0 0.0001291540911552147
915.0 1.589976739678478e-10
916.0 1.589976739678478e-10
917.0 1.589976739678478e-10
918.0 1.589976739678478e-10
919.0 1.589976739678478e-10
920.0 1.0918535053860978e-05
921.0 1.8967464043839755e-06
922.0 1.589976739678478e-10
923.0 1.589976739678478e-10
924.0 1.589976739678478e-10
925.0 5.4606636012977106e-05
926.0 0.00022446347429649904
927.0 1.644755087681915e-05
928.0 1.589976739678478e-10
929.0 1.589976739678478e-10
930.0 0.00018483351595932618
931.0 0.00014357945019582985
932.0 0.00010232537306364975
933.0 0.00010241582231174107
934.0 0.00010250628292851616
935.0 1.589976739678478e-10
936.0 1.589976739678478e-10
937.0 1.589976739678478e-10
938.0 1.589976739678478e-10
939.0 1.589976739678478e-10
940.0 1.589976739678478e-10
941.0 1.589976739678478e-10
942.0 1.589976739678478e-10
943.0 1.589976739678478e-10
944.0 1.589976739678478e-10
945.0 1.589976739678478e-10
946.0 1.589976739678478e-10
947.0 1.589976739678478e-10
948.0 1.589976739678478e-10
949.0 1.589976739678478e-10
950.0 1.589976739678478e-10
951.0 1.589976739678478e-10
952.0 1.589976739678478e-10
953.0 1.589976739678478e-10
954.0 1.589976739678478e-10
955.0 7.50047604469728e-05
956.0 0.00026855404939851724
957.0 0.00014699281791763497
958.0 2.5431560857214208e-05
959.0 7.910301178526424e-05
960.0 0.00013277449397719465
961.0 0.00018609785001899581
962.0 0.00023942120606079698
963.0 0.0001005069520942925
964.0 1.589976739678478e-10
965.0 1.589976739678478e-10
966.0 1.589976739678478e-10
967.0 1.589976739678478e-10
968.0 1.589976739678478e-10
969.0 1.589976739678478e-10
970.0 9.647303755855319e-06
971.0 1.589976739678478e-10
972.0 1.589976739678478e-10
973.0 1.589976739678478e-10
974.0 1.589976739678478e-10
975.0 1.589976739678478e-10
976.0 1.589976739678478e-10
977.0 1.589976739678478e-10
978.0 1.589976739678478e-10
979.0 1.589976739678478e-10
980.0 1.589976739678478e-10
981.0 1.589976739678478e-10
982.0 1.589976739678478e-10
983.0 1.589976739678478e-10
984.0 1.589976739678478e-10
985.0 3.739172029781912e-05
986.0 0.00022623569293500623
987.0 6.819891495979391e-06
988.0 1.589976739678478e-10
989.0 1.589976739678478e-10
990.0 1.589976739678478e-10
991.0 1.589976739678478e-10
992.0 1.589976739678478e-10
993.0 1.589976739678478e-10
994.0 1.4542438009357284e-05
995.0 1.589976739678478e-10
996.0 1.589976739678478e-10
997.0 7.871667406789129e-06
998.0 0.00025428569188079564
999.0 0.0002235253532489878
1000.0 0.0001927649236677098
1001.0 0.00010575703299764427
1002.0 1.8749085484159878e-05
1003.0 6.102769702920341e-05
1004.0 0.00010330634268029826
1005.0 5.138369019164202e-06
1006.0 1.589976739678478e-10
1007.0 3.0253778504629736e-05
1008.0 0.00015353716662502848
1009.0 8.680115684001066e-05
1010.0 2.006507173746286e-05
1011.0 9.276118930756638e-05
1012.0 0.00016545729977224255
1013.0 0.00031838442282605683
1014.0 0.00047131161409197375
1015.0 0.00038820280678919517
1016.0 0.0003050941131732543
1017.0 0.0003667120154204895
1018.0 0.00042833007682929747
1019.0 0.00037366423839557683
1020.0 0.000318998309012386
1021.0 0.00021103815015521832
1022.0 0.00010307793445463176
1023.0 0.0004846102456212975
1024.0 0.0008661426363687497
1025.0 0.0006800755272706738
1026.0 0.0004940083726978628
1027.0 0.00041731191231519915
1028.0 0.0003406154519325355
1029.0 0.0007688970981689636
1030.0 0.0011971786989306565
1031.0 0.0017967788153328001
1032.0 0.002396378476987593
1033.0 0.0024711431251489557
1034.0 0.0025459072276134975
1035.0 0.0031382503948407248
1036.0 0.0037305933801690117
1037.0 0.003785950320889242
1038.0 0.0038413068978115916
1039.0 0.003332104824949056
1040.0 0.0028229029339854605
1041.0 0.0024747154384385794
1042.0 0.0021265281247906387
1043.0 0.0028924114303663373
1044.0 0.003658294735942036
1045.0 0.003499042577459477
1046.0 0.0033397907827747986
1047.0 0.0029364688089117408
1048.0 0.0025331470169476233
1049.0 0.002236843283753842
1050.0 0.0019405395505600609
1051.0 0.0021212848878349178
1052.0 0.002302030407008715
1053.0 0.001364854415442096
1054.0 0.0004276782874512719
1055.0 0.0005506601610250073
1056.0 0.0006736419891240075
1057.0 0.0005689267709385604
1058.0 0.0004642116437025834
1059.0 0.0008228475962823723
1060.0 0.0011814839126600418
1061.0 0.0017453034161007963
1062.0 0.0023091226466931403
1063.0 0.002634598240547348
1064.0 0.0029600738344015554
1065.0 0.0034900178434327245
1066.0 0.004019962580059655
1067.0 0.004604967762134038
1068.0 0.005189972944208421
1069.0 0.0043247389839962125
1070.0 0.003459505023784004
1071.0 0.0033562126191100106
1072.0 0.0032529198506381363
1073.0 0.003270279921707697
1074.0 0.0032876396289793774
1075.0 0.003510769602144137
1076.0 0.003733898847713135
1077.0 0.002840245724655688
1078.0 0.0019465922378003597
1079.0 0.0023083230189513415
1080.0 0.0026700539820012636
1081.0 0.0018011465726885945
1082.0 0.0009322392543253954
1083.0 0.0003765720066439826
1084.0 1.589976739678478e-10
1085.0 0.0007271145477716345
1086.0 0.0016333247913280502
1087.0 0.001055548000294948
1088.0 0.0004777712092618458
1089.0 1.589976739678478e-10
1090.0 1.589976739678478e-10
1091.0 1.589976739678478e-10
1092.0 1.589976739678478e-10
1093.0 1.589976739678478e-10
1094.0 1.589976739678478e-10
1095.0 0.0003670350679385592
1096.0 0.0010917749932559673
1097.0 1.589976739678478e-10
1098.0 1.589976739678478e-10
1099.0 1.589976739678478e-10
1100.0 1.589976739678478e-10
