lsstCam/transmission_filter_detector/r11_s12/i_39/19700101T000000.ecsv
# %ECSV 1.0
# ---
# datatype:
# - {name: wavelength, unit: nm, datatype: float32}
# - {name: efficiency, unit: '%', datatype: float64}
# meta: !!omap
# - {MODE: DETECTOR}
# - {TYPE: transmission_filter_detector}
# - {CALIBDATE: '1970-01-01T00:00:00'}
# - {INSTRUME: LSSTCam}
# - {OBSTYPE: transmission_filter_detector}
# - {CALIBCLS: lsst.ip.isr.IntermediateFilterDetectorTransmissionCurve}
# - {SOURCE: Materion (DM-46256)}
# - {DETECTOR: 41}
# - {FILTER: i_39}
# - {CALIB_ID: 'calibDate=1970-01-01T00:00:00 filter=i_39 detector=41'}
# - {DATE: '2025-04-02T15:59:46.669296'}
# - {CALIB_CREATION_DATE: '2025-04-02'}
# - {CALIB_CREATION_TIME: '15:59:46'}
# - __serialized_columns__:
#     efficiency:
#       __class__: astropy.units.quantity.Quantity
#       unit: !astropy.units.Unit {unit: '%'}
#       value: !astropy.table.SerializedColumn {name: efficiency}
#     wavelength:
#       __class__: astropy.units.quantity.Quantity
#       unit: !astropy.units.Unit {unit: nm}
#       value: !astropy.table.SerializedColumn {name: wavelength}
# schema: astropy-2.0
wavelength efficiency
300.0 0.08442297694273293
301.0 0.05293288850225508
302.0 0.021442834986373782
303.0 0.03376749518793076
304.0 0.04609215829987079
305.0 0.03473985707387328
306.0 0.023387555847875774
307.0 0.0096493138698861
308.0 1.589976739678478e-10
309.0 1.589976739678478e-10
310.0 1.589976739678478e-10
311.0 1.589976739678478e-10
312.0 0.004265063762431964
313.0 0.001119153694162378
314.0 1.589976739678478e-10
315.0 1.589976739678478e-10
316.0 1.589976739678478e-10
317.0 1.589976739678478e-10
318.0 1.589976739678478e-10
319.0 1.589976739678478e-10
320.0 1.589976739678478e-10
321.0 1.589976739678478e-10
322.0 1.589976739678478e-10
323.0 1.589976739678478e-10
324.0 1.589976739678478e-10
325.0 1.589976739678478e-10
326.0 1.589976739678478e-10
327.0 0.00014674416206617025
328.0 0.0036665871448349208
329.0 0.002357132143515628
330.0 0.0010476774150447454
331.0 0.001191485716844909
332.0 0.0013352947462408338
333.0 0.0016723279259167612
334.0 0.0020093610146432184
335.0 0.0015457802874152549
336.0 0.0010822001968335826
337.0 0.0023019589207251556
338.0 0.003521717735566199
339.0 0.003489316441118717
340.0 0.003456915874266997
341.0 1.589976739678478e-10
342.0 1.589976739678478e-10
343.0 1.589976739678478e-10
344.0 1.589976739678478e-10
345.0 1.589976739678478e-10
346.0 1.589976739678478e-10
347.0 1.589976739678478e-10
348.0 1.589976739678478e-10
349.0 1.589976739678478e-10
350.0 1.589976739678478e-10
351.0 1.589976739678478e-10
352.0 1.589976739678478e-10
353.0 1.589976739678478e-10
354.0 1.589976739678478e-10
355.0 1.589976739678478e-10
356.0 0.00015478306067961967
357.0 0.0009929721272783354
358.0 0.001831161353038624
359.0 0.0014916577129042707
360.0 0.0011521535270730965
361.0 0.0008135652933560777
362.0 0.000474977059639059
363.0 0.00020928380308760097
364.0 1.589976739678478e-10
365.0 0.0010321272384317126
366.0 0.002120664248650428
367.0 0.0011937427188968286
368.0 0.0002668211436684942
369.0 0.0008733905815461185
370.0 0.001479960155847948
371.0 0.0011716409062501043
372.0 0.0008633214747533202
373.0 0.0009240831786883064
374.0 0.0009848447007243522
375.0 0.00028313722850725753
376.0 1.589976739678478e-10
377.0 1.589976739678478e-10
378.0 1.589976739678478e-10
379.0 1.589976739678478e-10
380.0 1.589976739678478e-10
381.0 1.589976739678478e-10
382.0 1.589976739678478e-10
383.0 9.793803883439978e-05
384.0 0.0013544699868361931
385.0 0.0012185505511297379
386.0 0.0010826310244738124
387.0 1.589976739678478e-10
388.0 1.589976739678478e-10
389.0 1.589976739678478e-10
390.0 1.589976739678478e-10
391.0 1.589976739678478e-10
392.0 1.589976739678478e-10
393.0 1.589976739678478e-10
394.0 0.0012239053830853663
395.0 1.589976739678478e-10
396.0 1.589976739678478e-10
397.0 1.589976739678478e-10
398.0 1.589976739678478e-10
399.0 1.589976739678478e-10
400.0 1.764531134540448e-05
401.0 0.0005608009360003052
402.0 0.001103955310099991
403.0 0.0009325392966275103
404.0 0.0007611235105287051
405.0 0.0030964220059104264
406.0 0.0054317199101205915
407.0 0.002852996112778783
408.0 0.0002742696551649715
409.0 0.0003950180143874604
410.0 0.0005157641680852976
411.0 0.002340029641345609
412.0 0.004164296115050092
413.0 0.004393181734485552
414.0 0.004622068809112534
415.0 0.004033347067888826
416.0 0.0034446249628672376
417.0 0.002227596996817738
418.0 0.001010568485071417
419.0 0.003247994027333334
420.0 0.00548541902389843
421.0 0.0047048764827195555
422.0 0.003924332850147039
423.0 0.004333804827183485
424.0 0.004743277168017812
425.0 0.003449000359978527
426.0 0.00215472264244454
427.0 0.003613358421716839
428.0 0.005071994746685959
429.0 0.005339132621884346
430.0 0.005606271588476375
431.0 0.004346013156464323
432.0 0.0030857554520480335
433.0 0.002988829874084331
434.0 0.0028919042961206287
435.0 0.00240620065596886
436.0 0.0019204968339181505
437.0 0.0017039443264366128
438.0 0.0014873921827529557
439.0 0.0019751247236854397
440.0 0.002462857446516864
441.0 0.0008254999556811526
442.0 1.589976739678478e-10
443.0 1.589976739678478e-10
444.0 1.589976739678478e-10
445.0 1.589976739678478e-10
446.0 1.589976739678478e-10
447.0 1.589976739678478e-10
448.0 0.0006215728262759512
449.0 1.589976739678478e-10
450.0 1.589976739678478e-10
451.0 1.5850218915147707e-05
452.0 0.0011044383427361026
453.0 0.0014979846127971541
454.0 0.0018915312466560863
455.0 0.001767180219758302
456.0 0.0016428290109615773
457.0 0.001136716400651494
458.0 0.0006306036539172055
459.0 0.00045383126234810334
460.0 0.0002770588935163687
461.0 0.0003111466185146128
462.0 0.0003452343662502244
463.0 0.00013795919358017272
464.0 1.589976739678478e-10
465.0 0.0002718335281315376
466.0 0.0006129828761913814
467.0 0.0006955755452509038
468.0 0.0007781682143104263
469.0 0.0006150608896859922
470.0 0.0004519536105362931
471.0 0.0006145616225694539
472.0 0.0007771697710268199
473.0 0.000948171964409994
474.0 0.0011191743396921083
475.0 0.0006397000106517226
476.0 0.00016022602267184993
477.0 0.0007517794074374251
478.0 0.0013433327694656327
479.0 0.0012848244296037592
480.0 0.0012263160897418857
481.0 0.002511160528229084
482.0 0.0037960035115247592
483.0 0.005361806324799545
484.0 0.00692760877427645
485.0 0.00786880700616166
486.0 0.00881000523804687
487.0 0.011777265171986073
488.0 0.014744524378329515
489.0 0.017560830747243017
490.0 0.02037713711615652
491.0 0.02232924452982843
492.0 0.024281353398691863
493.0 0.025395158445462584
494.0 0.026508967857807875
495.0 0.023689180670771748
496.0 0.020869390573352575
497.0 0.016846440848894417
498.0 0.012823488214053214
499.0 0.009223119559464976
500.0 0.005622752723866142
501.0 0.00435665060649626
502.0 0.0030905488529242575
503.0 0.002533991209929809
504.0 0.0019774335669353604
505.0 0.0018624370568431914
506.0 0.0017474407286499627
507.0 0.0017585336536285467
508.0 0.0017696263967081904
509.0 0.0018234346498502418
510.0 0.0018772427210933529
511.0 0.0014118857507128268
512.0 0.0009465286893828306
513.0 0.0014728869246027898
514.0 0.001999245068873279
515.0 0.002497621244401671
516.0 0.0029959976018290035
517.0 0.0024936269255704246
518.0 0.0019912562493118457
519.0 0.0021687086700694636
520.0 0.0023461610908270814
521.0 0.0018682438167161308
522.0 0.0013903266335546505
523.0 0.0013951099390396848
524.0 0.0013998936083226
525.0 0.0019372198948985897
526.0 0.0024745457267272286
527.0 0.0024186752852983773
528.0 0.0023628052076674066
529.0 0.0018605622244649567
530.0 0.001358319423161447
531.0 0.001316826728725573
532.0 0.0012753343071381096
533.0 0.0014770139387110248
534.0 0.0016786938431323506
535.0 0.001649394653213676
536.0 0.0016200956451939419
537.0 0.002363826752116438
538.0 0.0031075574952410534
539.0 0.0038622762076556683
540.0 0.004616994920070283
541.0 0.005226602661423385
542.0 0.005836210766574368
543.0 0.0050265705795027316
544.0 0.004216930392431095
545.0 0.003398377521079965
546.0 0.002579824831627775
547.0 0.00212957074836595
548.0 0.001679316847003065
549.0 0.0018264543541590683
550.0 0.0019735924070118926
551.0 0.0017161692085210234
552.0 0.001458746464777505
553.0 0.0015384282960440032
554.0 0.0016181100363610312
555.0 0.0011964367331529502
556.0 0.0007747632480459288
557.0 0.0007714308594586328
558.0 0.0007680984708713368
559.0 0.00025591994017304387
560.0 1.589976739678478e-10
561.0 0.0005319459432939766
562.0 0.0013201505680626724
563.0 0.001477220303058857
564.0 0.001634290129004512
565.0 0.0014053211089049
566.0 0.0011763521797547583
567.0 0.0008186164450307842
568.0 0.00046088089220575057
569.0 0.0005654709184454987
570.0 0.0006700607173115714
571.0 0.00044862945287604816
572.0 0.00022719821117789252
573.0 0.0003603839786592289
574.0 0.000493569859827403
575.0 0.0004299056854506489
576.0 0.0003662414655991597
577.0 0.00046399345592362806
578.0 0.0005617455371975666
579.0 0.00022968274606682826
580.0 1.589976739678478e-10
581.0 0.00012827164255213575
582.0 0.00035892333016818156
583.0 0.0005081198651168961
584.0 0.0006573162863787729
585.0 0.0007145145445974777
586.0 0.0007717128937656526
587.0 0.000681916253597592
588.0 0.0005921195224800613
589.0 0.0004944710326526547
590.0 0.0003968225882999832
591.0 0.0006460945314756827
592.0 0.0008953667020250577
593.0 0.0005408321158029139
594.0 0.00018629754094945383
595.0 0.000533318370798952
596.0 0.0008803391210676637
597.0 0.0007712208571319934
598.0 0.0006621028205699986
599.0 0.000555620135855861
600.0 0.00044913736019225325
601.0 0.00043092754822282586
602.0 0.0004127176907786634
603.0 0.00032608861602057004
604.0 0.00023945940483827144
605.0 0.0002585723677839269
606.0 0.00027768533072958235
607.0 0.0004763545803143643
608.0 0.0006750236480002059
609.0 0.0006515611403301591
610.0 0.0006280983143369667
611.0 0.0007510563136747805
612.0 0.0008740144039620645
613.0 0.0005944832992099691
614.0 0.0003149523081447114
615.0 2.0952876411683974e-05
616.0 1.589976739678478e-10
617.0 4.690997590373058e-08
618.0 0.00027314049475535285
619.0 0.00038266507544904016
620.0 0.0004921897016174626
621.0 0.0006183155619510217
622.0 0.0007444413768098457
623.0 0.0006079776085243793
624.0 0.00047151384023891296
625.0 0.0004413581336848438
626.0 0.00041120251808024477
627.0 0.00033703581721056253
628.0 0.00026286916181561537
629.0 0.0004828015335078817
630.0 0.0007027339961496182
631.0 0.0006329650659608888
632.0 0.0005631961812468944
633.0 0.0005020419848733582
634.0 0.0004408877884998219
635.0 0.0004582918336382136
636.0 0.00047569583330187015
637.0 0.00037108179640199523
638.0 0.0002664676003405475
639.0 0.000600964358454803
640.0 0.0009354610483569559
641.0 0.000638860501567251
642.0 0.00034226002298964886
643.0 0.00058855357565335
644.0 0.0008348471055796836
645.0 0.0007518680376961129
646.0 0.0006688891062367475
647.0 0.0008140266800182872
648.0 0.0009591647540219128
649.0 0.0007708869816269726
650.0 0.0005826092547067674
651.0 0.0008500344847561792
652.0 0.0011174598512297962
653.0 0.0012133077689213678
654.0 0.0013091556866129395
655.0 0.002015554673562292
656.0 0.0027219537514611147
657.0 0.0037075918953632936
658.0 0.004693228402175009
659.0 0.007353034743573517
660.0 0.02457333030179143
661.0 0.11909229215234518
662.0 0.17496186774224043
663.0 0.09786176960915327
664.0 0.1698272884823382
665.0 0.13343892060220242
666.0 0.17293681157752872
667.0 0.17400336218997836
668.0 0.21225640084594488
669.0 0.36942162550985813
670.0 0.44258530251681805
671.0 0.7356532849371433
672.0 1.1279711499810219
673.0 1.68718621134758
674.0 2.5251731276512146
675.0 3.4710638225078583
676.0 4.657412692904472
677.0 5.972787365317345
678.0 7.375066727399826
679.0 8.84639322757721
680.0 11.001590639352798
681.0 13.107286393642426
682.0 15.72180688381195
683.0 18.443630635738373
684.0 21.489498019218445
685.0 24.288341403007507
686.0 27.333733439445496
687.0 30.63296675682068
688.0 34.04664099216461
689.0 37.54611909389496
690.0 41.66295528411865
691.0 46.15385830402374
692.0 51.30491852760315
693.0 56.86866641044617
694.0 62.95353174209595
695.0 68.68511438369751
696.0 74.88697171211243
697.0 80.29751181602478
698.0 85.9348475933075
699.0 89.90108966827393
700.0 92.73130893707275
701.0 95.02614736557007
702.0 96.38473987579346
703.0 97.11921811103821
704.0 97.49369025230408
705.0 97.72841334342957
706.0 97.7271556854248
707.0 97.78598546981812
708.0 97.83011078834534
709.0 97.85659313201904
710.0 97.62517809867859
711.0 97.91054725646973
712.0 97.88023829460144
713.0 97.88349270820618
714.0 98.06497097015381
715.0 98.10103178024292
716.0 97.94580936431885
717.0 98.09796214103699
718.0 98.17163348197937
719.0 98.06805849075317
720.0 98.22874665260315
721.0 98.18264245986938
722.0 97.80957102775574
723.0 97.51019477844238
724.0 97.25068807601929
725.0 97.0744252204895
726.0 96.74329161643982
727.0 96.621173620224
728.0 96.34788036346436
729.0 96.29130959510803
730.0 96.31729125976562
731.0 96.37215733528137
732.0 96.50291800498962
733.0 96.78390622138977
734.0 97.14773893356323
735.0 97.29069471359253
736.0 97.70347476005554
737.0 97.99692630767822
738.0 98.19273948669434
739.0 98.60919117927551
740.0 98.66542220115662
741.0 98.5109031200409
742.0 98.78329634666443
743.0 98.69710206985474
744.0 98.48982095718384
745.0 98.48199486732483
746.0 98.51380586624146
747.0 98.75409007072449
748.0 98.48645329475403
749.0 98.45029711723328
750.0 98.3674168586731
751.0 98.31058382987976
752.0 98.26096296310425
753.0 98.52035641670227
754.0 98.4119176864624
755.0 98.51102828979492
756.0 98.60390424728394
757.0 98.58437180519104
758.0 98.65683913230896
759.0 98.72034192085266
760.0 98.64285588264465
761.0 98.48911762237549
762.0 98.65373373031616
763.0 98.59675168991089
764.0 98.46958518028259
765.0 98.4428346157074
766.0 98.4873116016388
767.0 98.24811816215515
768.0 98.29086661338806
769.0 98.24218153953552
770.0 98.01366329193115
771.0 97.97565340995789
772.0 98.04764986038208
773.0 97.81227111816406
774.0 97.66677021980286
775.0 97.80359864234924
776.0 97.74889945983887
777.0 97.81917929649353
778.0 97.83154726028442
779.0 97.92401194572449
780.0 97.87435531616211
781.0 98.29350113868713
782.0 98.22584390640259
783.0 98.32949638366699
784.0 98.26887249946594
785.0 98.42239022254944
786.0 98.53401184082031
787.0 98.2126533985138
788.0 98.38570356369019
789.0 98.50221276283264
790.0 98.37650656700134
791.0 98.36881756782532
792.0 98.25130105018616
793.0 98.13897609710693
794.0 98.0218768119812
795.0 97.95365929603577
796.0 97.96591997146606
797.0 97.88666367530823
798.0 97.82476425170898
799.0 97.57893681526184
800.0 97.458416223526
801.0 97.44317531585693
802.0 97.29170799255371
803.0 96.90805673599243
804.0 96.4434802532196
805.0 95.73741555213928
806.0 94.94917392730713
807.0 93.7299132347107
808.0 92.13096499443054
809.0 90.34532308578491
810.0 88.36385607719421
811.0 85.82430481910706
812.0 82.78539180755615
813.0 79.40499186515808
814.0 75.48838257789612
815.0 71.34553790092468
816.0 67.1598732471466
817.0 62.374794483184814
818.0 57.55764842033386
819.0 53.27669382095337
820.0 48.550423979759216
821.0 44.04826760292053
822.0 39.7452175617218
823.0 35.12573540210724
824.0 30.508238077163696
825.0 26.34524405002594
826.0 21.982815861701965
827.0 17.481179535388947
828.0 13.603472709655762
829.0 9.968888014554977
830.0 6.662518531084061
831.0 4.4660791754722595
832.0 2.753175050020218
833.0 1.6342340037226677
834.0 0.9074104018509388
835.0 0.5369602236896753
836.0 0.3125950926914811
837.0 0.1973597565665841
838.0 0.1279591117054224
839.0 0.09263267274945974
840.0 0.05605763290077448
841.0 0.016122283705044538
842.0 0.010045497037936002
843.0 0.018734161858446896
844.0 1.589976739678478e-10
845.0 0.00641138685750775
846.0 1.589976739678478e-10
847.0 1.589976739678478e-10
848.0 1.589976739678478e-10
849.0 1.589976739678478e-10
850.0 1.589976739678478e-10
851.0 1.589976739678478e-10
852.0 0.0009153573046205565
853.0 0.0009263187166652642
854.0 0.0009372803106089123
855.0 0.0008644549780001398
856.0 0.0007916297363408376
857.0 0.0007889877451816574
858.0 0.0007863453902245965
859.0 0.0004917920705338474
860.0 0.00019723863715626067
861.0 0.0002690312612685375
862.0 0.00034082379443134414
863.0 0.00013157153944121092
864.0 1.589976739678478e-10
865.0 2.615521168536361e-05
866.0 0.00012999108776057255
867.0 2.6231617766825366e-05
868.0 1.589976739678478e-10
869.0 1.589976739678478e-10
870.0 1.589976739678478e-10
871.0 1.910519245029718e-05
872.0 0.00021167202248761896
873.0 0.00019891938336513704
874.0 0.00018616668739923625
875.0 0.00018286226577401976
876.0 0.00017955787825485459
877.0 1.589976739678478e-10
878.0 1.589976739678478e-10
879.0 7.775525432407449e-05
880.0 0.0004982713562640129
881.0 0.00024575713268859545
882.0 1.589976739678478e-10
883.0 9.651381560615846e-05
884.0 0.0001997847220991389
885.0 6.258277949200419e-05
886.0 1.589976739678478e-10
887.0 0.00011209696140213055
888.0 0.00029881309728807537
889.0 0.0001532361011413741
890.0 7.659166101348092e-06
891.0 0.00010270059647154994
892.0 0.00019774201973632444
893.0 0.00020542488528008107
894.0 0.0002131077508238377
895.0 1.589976739678478e-10
896.0 1.589976739678478e-10
897.0 1.589976739678478e-10
