lsstCam/transmission_filter_detector/r03_s01/z_20/19700101T000000.ecsv
# %ECSV 1.0
# ---
# datatype:
# - {name: wavelength, unit: nm, datatype: float32}
# - {name: efficiency, unit: '%', datatype: float64}
# meta: !!omap
# - {MODE: DETECTOR}
# - {TYPE: transmission_filter_detector}
# - {CALIBDATE: '1970-01-01T00:00:00'}
# - {INSTRUME: LSSTCam}
# - {OBSTYPE: transmission_filter_detector}
# - {CALIBCLS: lsst.ip.isr.IntermediateFilterDetectorTransmissionCurve}
# - {SOURCE: Materion (DM-46256)}
# - {DETECTOR: 19}
# - {FILTER: z_20}
# - {CALIB_ID: 'calibDate=1970-01-01T00:00:00 filter=z_20 detector=19'}
# - {DATE: '2025-04-02T15:59:48.722458'}
# - {CALIB_CREATION_DATE: '2025-04-02'}
# - {CALIB_CREATION_TIME: '15:59:48'}
# - __serialized_columns__:
#     efficiency:
#       __class__: astropy.units.quantity.Quantity
#       unit: !astropy.units.Unit {unit: '%'}
#       value: !astropy.table.SerializedColumn {name: efficiency}
#     wavelength:
#       __class__: astropy.units.quantity.Quantity
#       unit: !astropy.units.Unit {unit: nm}
#       value: !astropy.table.SerializedColumn {name: wavelength}
# schema: astropy-2.0
wavelength efficiency
300.0 0.8588043041527271
301.0 0.5807888694107533
302.0 0.30277352780103683
303.0 0.29247954953461885
304.0 0.2821855712682009
305.0 0.23987253662198782
306.0 0.19755945540964603
307.0 0.18181269988417625
308.0 0.16606596764177084
309.0 0.14251540414988995
310.0 0.11896482901647687
311.0 0.12173403520137072
312.0 0.12450327631086111
313.0 0.10884946677833796
314.0 0.09319569799117744
315.0 0.09317591320723295
316.0 0.09315612842328846
317.0 0.07739768479950726
318.0 0.06163925281725824
319.0 0.06265899864956737
320.0 0.0636787386611104
321.0 0.062262738356366754
322.0 0.060846738051623106
323.0 0.053699553245678544
324.0 0.046552365529350936
325.0 0.04264910821802914
326.0 0.038745845085941255
327.0 0.038317046710290015
328.0 0.03788824542425573
329.0 0.033528165658935905
330.0 0.02916808589361608
331.0 0.026748789241537452
332.0 0.024329489679075778
333.0 0.023544396390207112
334.0 0.022759298735763878
335.0 0.02116925170412287
336.0 0.019579204672481865
337.0 0.0238682929193601
338.0 0.02815737680066377
339.0 0.024046112957876176
340.0 0.019934856391046196
341.0 0.017091259360313416
342.0 0.014247662329580635
343.0 0.013889666297473013
344.0 0.013531673175748438
345.0 0.012963761400897056
346.0 0.012395849626045674
347.0 0.011607995111262426
348.0 0.0108201420516707
349.0 0.013107879203744233
350.0 0.015395614900626242
351.0 0.01293024979531765
352.0 0.01046488105203025
353.0 0.011029442975996062
354.0 0.011594005627557635
355.0 0.009802761633181944
356.0 0.008011517638806254
357.0 0.009003667219076306
358.0 0.009995818982133642
359.0 0.009716636850498617
360.0 0.009437453263672069
361.0 0.008620100561529398
362.0 0.00780274931457825
363.0 0.00923775223782286
364.0 0.01067275443347171
365.0 0.01023684162646532
366.0 0.009800931002246216
367.0 0.00856637634569779
368.0 0.007331821689149365
369.0 0.0078056633356027305
370.0 0.008279506437247619
371.0 0.008191420056391507
372.0 0.008103334403131157
373.0 0.007171877223299816
374.0 0.00624042222625576
375.0 0.0063966836023610085
376.0 0.006552944250870496
377.0 0.006864287570351735
378.0 0.007175629434641451
379.0 0.006059660518076271
380.0 0.00494369123771321
381.0 0.003175641904817894
382.0 0.0014075927538215183
383.0 0.0036164325138088316
384.0 0.005825272455695085
385.0 0.005533960938919336
386.0 0.005242649422143586
387.0 0.0058451889344723895
388.0 0.006447729538194835
389.0 0.005726634117309004
390.0 0.005005540151614696
391.0 0.0046114466385915875
392.0 0.004217353125568479
393.0 0.004701579382526688
394.0 0.005185806367080659
395.0 0.004285601244191639
396.0 0.003385395757504739
397.0 0.003555787043296732
398.0 0.0037261779652908444
399.0 0.00397380099457223
400.0 0.004221423660055734
401.0 0.004768317739944905
402.0 0.005315211819834076
403.0 0.004974279727321118
404.0 0.004633347998606041
405.0 0.0038355727156158537
406.0 0.0030377974326256663
407.0 0.0016131332813529298
408.0 0.0001884693688225525
409.0 0.0018166851077694446
410.0 0.003444901085458696
411.0 0.004041021384182386
412.0 0.004637141682906076
413.0 0.004645632725441828
414.0 0.00465412376797758
415.0 0.0038038386264815927
416.0 0.002953553484985605
417.0 0.0039142058085417375
418.0 0.004874858495895751
419.0 0.004280680514057167
420.0 0.003686502532218583
421.0 0.0036611738323699683
422.0 0.003635845860117115
423.0 0.003439006468397565
424.0 0.0032421681680716574
425.0 0.0024772214601398446
426.0 0.0017122745703090914
427.0 0.0019347029592609033
428.0 0.002157131712010596
429.0 0.0012901067748316564
430.0 0.0004230821559758624
431.0 0.0005409630375652341
432.0 0.0006588437827304006
433.0 0.000787888711784035
434.0 0.0009169339136860799
435.0 0.0013005119399167597
436.0 0.0016840900570969097
437.0 0.0018817943782778457
438.0 0.002079498881357722
439.0 0.0021647128960466944
440.0 0.0022499269107356668
441.0 0.0016322628653142601
442.0 0.0010145990017917939
443.0 0.0021150237444089726
444.0 0.003215448305127211
445.0 0.003288449443061836
446.0 0.003361450944794342
447.0 0.002643015432113316
448.0 0.00192457991943229
449.0 0.0025211547836079262
450.0 0.003117730375379324
451.0 0.0024546345230191946
452.0 0.0017915383068611845
453.0 0.0016502943253726698
454.0 0.001509050252934685
455.0 0.002351517468923703
456.0 0.0031939849577611312
457.0 0.0022720065317116678
458.0 0.0013500281056622043
459.0 0.0016018011592677794
460.0 0.0018535742128733546
461.0 0.0008503579920215998
462.0 1.9645979721510942e-10
463.0 0.0008953993528848514
464.0 0.0019436572983977385
465.0 0.0021392635972006246
466.0 0.002334869896003511
467.0 0.002089155350404326
468.0 0.0018434402591083199
469.0 0.0016529163985978812
470.0 0.0014623925380874425
471.0 0.0013808702533424366
472.0 0.0012993485142942518
473.0 0.001321283616562141
474.0 0.0013432188097795006
475.0 0.0011634655493253376
476.0 0.0009837122888711747
477.0 0.001238428467331687
478.0 0.0014931443729437888
479.0 0.001896489629871212
480.0 0.0022998347048996948
481.0 0.0018268268831889145
482.0 0.0013538192433770746
483.0 0.0009399005648447201
484.0 0.0005259818863123655
485.0 0.001328620874119224
486.0 0.0021312598619260825
487.0 0.0015827827155590057
488.0 0.001034305569191929
489.0 0.0016808591681183316
490.0 0.002327412767044734
491.0 0.002200623021053616
492.0 0.0020738330931635574
493.0 0.0019396151401451789
494.0 0.0018053973690257408
495.0 0.0016397885701735504
496.0 0.0014741799532203004
497.0 0.0012200537639728282
498.0 0.0009659278475737665
499.0 0.0011751379133784212
500.0 0.001384347979183076
501.0 0.0009179438166029286
502.0 0.00045153942664910574
503.0 0.0012899818102596328
504.0 0.002128424239344895
505.0 0.002189740007452201
506.0 0.002251055593660567
507.0 0.0022301335775409825
508.0 0.002209211015724577
509.0 0.0019094040908385068
510.0 0.001609597347851377
511.0 0.001293413879466243
512.0 0.0009772305020305794
513.0 0.0013662177480000537
514.0 0.0017552054487168789
515.0 0.0013820189451507758
516.0 0.0010088332601299044
517.0 0.0008523171345586888
518.0 0.0006958009635127382
519.0 0.000917331544769695
520.0 0.0011388616258045658
521.0 0.0015767365766805597
522.0 0.0020146115275565535
523.0 0.0013480434063239954
524.0 0.0006814754669903778
525.0 0.0007768977411615197
526.0 0.0008723201972316019
527.0 0.0011412991625547875
528.0 0.0014102784916758537
529.0 0.0012630989658646286
530.0 0.0011159188034071121
531.0 0.001244468967342982
532.0 0.001373019131278852
533.0 0.0010228524843114428
534.0 0.000672686019242974
535.0 0.0011586926120799035
536.0 0.0016446992958663031
537.0 0.0016929036064539105
538.0 0.0017411080989404581
539.0 0.001263265403395053
540.0 0.0007854224350012373
541.0 0.0008624099791632034
542.0 0.0009393976142746396
543.0 0.001336863533651922
544.0 0.0017343296349281445
545.0 0.0011129365702799987
546.0 0.000491544051328674
547.0 0.0011719687790900934
548.0 0.0018523931430536322
549.0 0.00170754410646623
550.0 0.0015626948879798874
551.0 0.0016136729755089618
552.0 0.0016646510630380362
553.0 0.0013601704267784953
554.0 0.0010556893357716035
555.0 0.0010256936548103113
556.0 0.0009956980647984892
557.0 0.0013665910046256613
558.0 0.0017374839444528334
559.0 0.0017763728465070017
560.0 0.0018152612028643489
561.0 0.0015742878531455062
562.0 0.0013333145034266636
563.0 0.0011210184311494231
564.0 0.0009087223588721827
565.0 0.0017990189007832669
566.0 0.0026893156245932914
567.0 0.0030156996217556298
568.0 0.0033420834370190278
569.0 0.0030302227969514206
570.0 0.002718361974984873
571.0 0.002574216341599822
572.0 0.00243007016251795
573.0 0.0019774786778725684
574.0 0.001524887284176657
575.0 0.0019542207155609503
576.0 0.002383553692197893
577.0 0.001985047128982842
578.0 0.0015865409295656718
579.0 0.0016169076843652874
580.0 0.0016472742572659627
581.0 0.0015486737538594753
582.0 0.0014500729776045773
583.0 0.0018928296412923373
584.0 0.002335586214030627
585.0 0.002574008067313116
586.0 0.0028124297386966646
587.0 0.0022595380869461223
588.0 0.0017066460713976994
589.0 0.0023170052372734062
590.0 0.002927364403149113
591.0 0.0019759674614761025
592.0 0.0010245704288536217
593.0 0.0007694952728343196
594.0 0.0005144199803908123
595.0 0.0010074482815980446
596.0 0.0015004767192294821
597.0 0.0013852109987055883
598.0 0.0012699453691311646
599.0 0.000928995905269403
600.0 0.0005880466233065818
601.0 0.0004991089099348756
602.0 0.000410171014664229
603.0 0.0009489064723311458
604.0 0.0014876412933517713
605.0 0.0009185582712234464
606.0 0.00034947486255987315
607.0 0.0007388167887256714
608.0 0.001128158692154102
609.0 0.0011303264727757778
610.0 0.0011324940714985132
611.0 0.0009823310392675921
612.0 0.0008321678251377307
613.0 0.0008013046681298874
614.0 0.0007704416020715144
615.0 0.001204105319629889
616.0 0.0016377691281377338
617.0 0.0021143619960639626
618.0 0.0025909545001923107
619.0 0.0021566498617175967
620.0 0.0017223450413439423
621.0 0.0014532049135596026
622.0 0.0011840645129268523
623.0 0.0015341151083703153
624.0 0.0018841654309653677
625.0 0.0016728072296245955
626.0 0.0014614492101827636
627.0 0.001891911233542487
628.0 0.0023223734388011508
629.0 0.0021616595404339023
630.0 0.002000945278268773
631.0 0.0017632477465667762
632.0 0.001525550032965839
633.0 0.0018245527826366015
634.0 0.0021235558961052448
635.0 0.005096978566143662
636.0 0.008070400508586317
637.0 0.015275203622877598
638.0 0.022480009647551924
639.0 0.019505441014189273
640.0 0.016530872380826622
641.0 0.014354835730046034
642.0 0.012178802717244253
643.0 0.009770669566933066
644.0 0.007362538599409163
645.0 0.006626603862969205
646.0 0.005890669490327127
647.0 0.005442893598228693
648.0 0.004995117342332378
649.0 0.004092974995728582
650.0 0.0031908333767205477
651.0 0.003602230572141707
652.0 0.004013628131360747
653.0 0.0031958257750375196
654.0 0.0023780230549164116
655.0 0.00263772344624158
656.0 0.0028974243832635693
657.0 0.0028609314540517516
658.0 0.002824437979143113
659.0 0.0027043186491937377
660.0 0.0025841993192443624
661.0 0.0026959691240335815
662.0 0.0028077383831259795
663.0 0.0019961104044341482
664.0 0.0011844820619444363
665.0 0.0016628186131129041
666.0 0.0021411553461803123
667.0 0.0024091748855425976
668.0 0.002677194424904883
669.0 0.0019147359125781804
670.0 0.0011522775821504183
671.0 0.0008808066013443749
672.0 0.0006093356205383316
673.0 0.0013059816410532221
674.0 0.002002627843467053
675.0 0.0020758021491928957
676.0 0.0021489764549187385
677.0 0.0019118313502985984
678.0 0.001674685518082697
679.0 0.0013693756045540795
680.0 0.0010640655091265216
681.0 0.0011876150892931037
682.0 0.0013111644875607453
683.0 0.0023848811906646006
684.0 0.003458598075667396
685.0 0.0028223390472703613
686.0 0.002186080746469088
687.0 0.0016670333934598602
688.0 0.0011479856766527519
689.0 0.0014751040907867718
690.0 0.0018022225049207918
691.0 0.002118794509442523
692.0 0.0024353665139642544
693.0 0.0027465946914162487
694.0 0.0030578230507671833
695.0 0.0032427262340206653
696.0 0.003427628689678386
697.0 0.003693917824421078
698.0 0.003960206595365889
699.0 0.005775450335931964
700.0 0.007590693712700158
701.0 0.007164601265685633
702.0 0.006738508818671107
703.0 0.006129769462859258
704.0 0.005521031926036812
705.0 0.004989334047422744
706.0 0.004457637260202318
707.0 0.004242760405759327
708.0 0.004027883187518455
709.0 0.0042064362787641585
710.0 0.004384989370009862
711.0 0.0038662114093312994
712.0 0.003347434540046379
713.0 0.0024206761736422777
714.0 0.0014939179891371168
715.0 0.0021809675672557205
716.0 0.0028680173272732645
717.0 0.00250982484431006
718.0 0.0021516318156500347
719.0 0.001709980278974399
720.0 0.0012683283785008825
721.0 0.0012042888556607068
722.0 0.0011402489690226503
723.0 0.0009335403774457518
724.0 0.0007268317858688533
725.0 0.001128018084273208
726.0 0.0015292045645765029
727.0 0.0016735073586460203
728.0 0.0018178099708165973
729.0 0.0018118926163879223
730.0 0.0018059752619592473
731.0 0.001392410194966942
732.0 0.000978845218924107
733.0 0.000982399706117576
734.0 0.0009859541023615748
735.0 0.0010234791261609644
736.0 0.0010610039680614136
737.0 0.0012127320587751456
738.0 0.001364459876640467
739.0 0.0011038950106012635
740.0 0.0008433299626631197
741.0 0.0010130550435860641
742.0 0.0011827799426100682
743.0 0.0016327987395925447
744.0 0.002082817445625551
745.0 0.0014146216926747002
746.0 0.0007464257578249089
747.0 0.0012326820979069453
748.0 0.0017189384379889816
749.0 0.002361762017244473
750.0 0.0030045859602978453
751.0 0.002962868893519044
752.0 0.002921152008639183
753.0 0.0028679085517069325
754.0 0.0028146652766736224
755.0 0.001850251828727778
756.0 0.0008858382898324635
757.0 0.0018275091861141846
758.0 0.0027691799914464355
759.0 0.002666126783879008
760.0 0.0025630732125137
761.0 0.004428481042850763
762.0 0.006293887417996302
763.0 0.005748701369157061
764.0 0.005203514592722058
765.0 0.005264618448563851
766.0 0.005325723759597167
767.0 0.004578912921715528
768.0 0.0038321017200360075
769.0 0.003455097248661332
770.0 0.003078093141084537
771.0 0.0039009886677376926
772.0 0.004723884558188729
773.0 0.003984774593845941
774.0 0.0032456642657052726
775.0 1.9645979721510942e-10
776.0 0.025282162823714316
777.0 1.9645979721510942e-10
778.0 0.002886443144234363
779.0 1.9645979721510942e-10
780.0 1.9645979721510942e-10
781.0 0.02575987600721419
782.0 1.9645979721510942e-10
783.0 0.0302706757793203
784.0 1.9645979721510942e-10
785.0 0.020225794287398458
786.0 0.004606048605637625
787.0 1.9645979721510942e-10
788.0 1.9645979721510942e-10
789.0 1.9645979721510942e-10
790.0 0.11780313216149807
791.0 0.036833324702456594
792.0 0.04237579123582691
793.0 0.028816037229262292
794.0 0.09205847745761275
795.0 0.12116781435906887
796.0 0.04547382704913616
797.0 0.005210483504924923
798.0 0.24218368344008923
799.0 0.38774306885898113
800.0 0.5823288578540087
801.0 0.8035053499042988
802.0 1.5208115801215172
803.0 2.2685574367642403
804.0 3.7604987621307373
805.0 5.419062450528145
806.0 7.1958027780056
807.0 9.810426831245422
808.0 12.510494887828827
809.0 15.689988434314728
810.0 18.759234249591827
811.0 22.054731845855713
812.0 25.673869252204895
813.0 29.961922764778137
814.0 34.93134081363678
815.0 40.67765176296234
816.0 47.01213538646698
817.0 53.80769968032837
818.0 61.01338863372803
819.0 67.73428320884705
820.0 75.3326416015625
821.0 81.96813464164734
822.0 87.11681365966797
823.0 90.34347534179688
824.0 93.88191103935242
825.0 96.53328657150269
826.0 97.45811223983765
827.0 98.17111492156982
828.0 99.02327060699463
829.0 98.99604320526123
830.0 98.21175932884216
831.0 99.08711314201355
832.0 98.51287603378296
833.0 99.56216216087341
834.0 98.15676212310791
835.0 99.01347756385803
836.0 98.73992800712585
837.0 98.6931562423706
838.0 97.64354228973389
839.0 97.90687561035156
840.0 98.78385066986084
841.0 98.6178994178772
842.0 99.05919432640076
843.0 99.15087223052979
844.0 97.82605767250061
845.0 98.30076098442078
846.0 98.91771078109741
847.0 98.66315722465515
848.0 99.60257411003113
849.0 99.0193784236908
850.0 98.45362305641174
851.0 98.70326519012451
852.0 99.28663372993469
853.0 98.5342025756836
854.0 99.83040690422058
855.0 98.27600717544556
856.0 98.50150942802429
857.0 97.42602109909058
858.0 98.6471176147461
859.0 99.00959730148315
860.0 98.73573780059814
861.0 98.55848550796509
862.0 98.57595562934875
863.0 98.37832450866699
864.0 98.96750450134277
865.0 99.29162859916687
866.0 98.4529972076416
867.0 99.29857850074768
868.0 99.35529828071594
869.0 98.6820936203003
870.0 98.15871119499207
871.0 98.89503717422485
872.0 98.96411895751953
873.0 99.25702810287476
874.0 99.38143491744995
875.0 98.564612865448
876.0 99.30593967437744
877.0 99.46174621582031
878.0 98.78597259521484
879.0 98.6623227596283
880.0 98.66150617599487
881.0 99.92641806602478
882.0 98.3356237411499
883.0 98.78339767456055
884.0 98.98219704627991
885.0 98.99696111679077
886.0 99.0199863910675
887.0 98.64369630813599
888.0 99.32060241699219
889.0 99.42824244499207
890.0 98.22673201560974
891.0 99.31077361106873
892.0 98.74006509780884
893.0 98.44639897346497
894.0 98.10760021209717
