lsstCam/transmission_filter_detector/r03_s01/z_20/19700101T000000.ecsv
# %ECSV 1.0
# ---
# datatype:
# - {name: wavelength, unit: nm, datatype: float32}
# - {name: efficiency, unit: '%', datatype: float64}
# meta: !!omap
# - {MODE: DETECTOR}
# - {TYPE: transmission_filter_detector}
# - {CALIBDATE: '1970-01-01T00:00:00'}
# - {INSTRUME: LSSTCam}
# - {OBSTYPE: transmission_filter_detector}
# - {CALIBCLS: lsst.ip.isr.IntermediateFilterDetectorTransmissionCurve}
# - {SOURCE: Materion (DM-46256)}
# - {DETECTOR: 19}
# - {FILTER: z_20}
# - {CALIB_ID: 'calibDate=1970-01-01T00:00:00 filter=z_20 detector=19'}
# - {DATE: '2025-04-02T15:59:48.722458'}
# - {CALIB_CREATION_DATE: '2025-04-02'}
# - {CALIB_CREATION_TIME: '15:59:48'}
# - __serialized_columns__:
#     efficiency:
#       __class__: astropy.units.quantity.Quantity
#       unit: !astropy.units.Unit {unit: '%'}
#       value: !astropy.table.SerializedColumn {name: efficiency}
#     wavelength:
#       __class__: astropy.units.quantity.Quantity
#       unit: !astropy.units.Unit {unit: nm}
#       value: !astropy.table.SerializedColumn {name: wavelength}
# schema: astropy-2.0
wavelength efficiency
[from data line 596]
896.0 98.69472980499268
897.0 98.87229800224304
898.0 98.66129755973816
899.0 98.20333123207092
900.0 98.62034320831299
901.0 99.05703067779541
902.0 99.0422785282135
903.0 98.42085838317871
904.0 97.37009406089783
905.0 98.66407513618469
906.0 97.98470735549927
907.0 98.66150617599487
908.0 97.87241816520691
909.0 97.79133200645447
910.0 97.4060595035553
911.0 96.49252891540527
912.0 95.45793533325195
913.0 93.83926391601562
914.0 91.69396162033081
915.0 89.74781632423401
916.0 87.46093511581421
917.0 85.9581470489502
918.0 82.45643377304077
919.0 81.33067488670349
920.0 77.93505787849426
921.0 73.52423071861267
922.0 68.6511754989624
923.0 62.846630811691284
924.0 57.33518600463867
925.0 51.71317458152771
926.0 45.04832327365875
927.0 37.49980926513672
928.0 31.451508402824402
929.0 25.053119659423828
930.0 19.339169561862946
931.0 14.125777781009674
932.0 9.237496554851532
933.0 5.747105926275253
934.0 3.403528779745102
935.0 2.077309601008892
936.0 1.1243308894336224
937.0 0.8134979754686356
938.0 0.4360421560704708
939.0 0.39866347797214985
940.0 0.294418609701097
941.0 1.9645979721510942e-10
942.0 0.2926616929471493
943.0 0.1793918083421886
944.0 1.9645979721510942e-10
945.0 0.08269467507489026
946.0 1.9645979721510942e-10
947.0 1.9645979721510942e-10
948.0 1.9645979721510942e-10
949.0 0.05600338336080313
950.0 0.005011038956581615
951.0 0.020414660684764385
952.0 1.9645979721510942e-10
953.0 1.9645979721510942e-10
954.0 0.028929361724294722
955.0 1.9645979721510942e-10
956.0 1.9645979721510942e-10
957.0 1.9645979721510942e-10
958.0 0.058168754912912846
959.0 1.9645979721510942e-10
960.0 0.0005944443273619981
961.0 1.9645979721510942e-10
962.0 0.07177252555266023
963.0 0.01869136467576027
964.0 1.9645979721510942e-10
965.0 1.9645979721510942e-10
966.0 0.007772698882035911
967.0 0.013100419891998172
968.0 1.9645979721510942e-10
969.0 1.9645979721510942e-10
970.0 1.9645979721510942e-10
971.0 0.023566154413856566
972.0 1.9645979721510942e-10
973.0 1.9645979721510942e-10
974.0 1.9645979721510942e-10
975.0 1.9645979721510942e-10
976.0 0.006455551192630082
977.0 0.0064041814766824245
978.0 0.006352813943522051
979.0 0.006148073589429259
980.0 0.005943331780144945
981.0 0.005827171116834506
982.0 0.00571101154491771
983.0 0.005608606443274766
984.0 0.005506202069227584
985.0 0.005241139660938643
986.0 0.00497607616125606
987.0 0.004939100472256541
988.0 0.004902125147054903
989.0 0.004824253119295463
990.0 0.004746381455333903
991.0 0.004803642150363885
992.0 0.004860903209191747
993.0 0.00483439362142235
994.0 0.004807883306057192
995.0 0.004789914237335324
996.0 0.004771945168613456
997.0 0.0045961351133883
998.0 0.004420324694365263
999.0 0.004407044980325736
1000.0 0.004393765266286209
1001.0 0.004527147029875778
1002.0 0.004660528429667465
1003.0 0.0045662891352549195
1004.0 0.004472049840842374
1005.0 0.004319929576013237
1006.0 0.004167809311184101
1007.0 0.004183071723673493
1008.0 0.0041983341361628845
1009.0 0.004297580744605511
1010.0 0.004396826989250258
1011.0 0.00451133273600135
1012.0 0.004625838846550323
1013.0 0.0043906977225560695
1014.0 0.004155556234763935
1015.0 0.004346081550465897
1016.0 0.004536605774774216
1017.0 0.004825384894502349
1018.0 0.005114164014230482
1019.0 0.004953474126523361
1020.0 0.004792784238816239
1021.0 0.004721526784123853
1022.0 0.004650268965633586
1023.0 0.004589105446939357
1024.0 0.004527941928245127
1025.0 0.004709551649284549
1026.0 0.00489116100652609
1027.0 0.004818787056137808
1028.0 0.004746413105749525
1029.0 0.004749615254695527
1030.0 0.004752818131237291
1031.0 0.0048652007535565645
1032.0 0.004977583012077957
1033.0 0.0050238373660249636
1034.0 0.00507009208376985
1035.0 0.005272531052469276
1036.0 0.005474970384966582
1037.0 0.00551461853319779
1038.0 0.005554266317631118
1039.0 0.005482017149915919
1040.0 0.005409767618402839
1041.0 0.0057282610214315355
1042.0 0.006046754788258113
1043.0 0.0055564472859259695
1044.0 0.005066139783593826
1045.0 0.00573988763790112
1046.0 0.006413635128410533
1047.0 0.006205069075804204
1048.0 0.005996501931804232
1049.0 0.006020587170496583
1050.0 0.006044672409188934
1051.0 0.006270633457461372
1052.0 0.0064965955971274525
1053.0 0.006579985347343609
1054.0 0.006663375097559765
1055.0 0.007459252810804173
1056.0 0.008255130524048582
1057.0 0.007968278077896684
1058.0 0.00768142708693631
1059.0 0.007784270565025508
1060.0 0.007887112587923184
1061.0 0.008384208922507241
1062.0 0.008881306712282822
1063.0 0.008921254629967734
1064.0 0.008961203275248408
1065.0 0.00911253591766581
1066.0 0.009263870742870495
1067.0 0.009510141535429284
1068.0 0.009756413055583835
1069.0 0.01040268107317388
1070.0 0.011048948363168165
1071.0 0.010764168109744787
1072.0 0.010479387128725648
1073.0 0.010788199142552912
1074.0 0.011097011156380177
1075.0 0.011515225196490064
1076.0 0.011933442874578759
1077.0 0.011823953536804765
1078.0 0.011714464199030772
1079.0 0.01295930560445413
1080.0 0.01420414773747325
1081.0 0.014259465388022363
1082.0 0.014314784493763
1083.0 0.0141200638609007
1084.0 0.013925346138421446
1085.0 0.014261853357311338
1086.0 0.014598362031392753
1087.0 0.01482680527260527
1088.0 0.015055251424200833
1089.0 0.016681128181517124
1090.0 0.01830700202845037
1091.0 0.018056218686979264
1092.0 0.01780543097993359
1093.0 0.01759803999448195
1094.0 0.017390644643455744
1095.0 0.018527508655097336
1096.0 0.01966437412193045
1097.0 0.02019259991357103
1098.0 0.020720828615594655
1099.0 0.02283084177179262
1100.0 0.024940850562416017
1101.0 0.02454464847687632
1102.0 0.024148443480953574
1103.0 0.025929082767106593
1104.0 0.027709719142876565
1105.0 0.027328086434863508
1106.0 0.02694645372685045
1107.0 0.028676888905465603
1108.0 0.030407324084080756
1109.0 0.03107720403932035
1110.0 0.0317470810841769
1111.0 0.03209473215974867
1112.0 0.03244238323532045
1113.0 0.03346680314280093
1114.0 0.0344912288710475
1115.0 0.03414771344978362
1116.0 0.03380420675966889
1117.0 0.03540943143889308
1118.0 0.03701465902850032
1119.0 0.04014952282886952
1120.0 0.04328438371885568
1121.0 0.04330213705543429
1122.0 0.043319896212778986
1123.0 0.0439107563579455
1124.0 0.04450161650311202
1125.0 0.04434727889019996
1126.0 0.044192944187670946
1127.0 0.049060332821682096
1128.0 0.053927721455693245
1129.0 0.05752283614128828
1130.0 0.0611179624684155
1131.0 0.060501048574224114
1132.0 0.05988412885926664
1133.0 0.0632920244242996
1134.0 0.06669991998933256
1135.0 0.06408828194253147
1136.0 0.061476638074964285
1137.0 0.06802456337027252
1138.0 0.07457250030711293
1139.0 0.07735892431810498
1140.0 0.0801453075837344
1141.0 0.0910641101654619
1142.0 0.10198289528489113
1143.0 0.12017468689009547
1144.0 0.13836644357070327
1145.0 0.273633049800992
1146.0 0.4088996909558773
1147.0 0.8510918356478214
1148.0 1.2932839803397655
1149.0 1.4764295890927315
1150.0 1.6595762223005295
