lsstCam/transmission_filter_detector/r34_s02/i_39/19700101T000000.ecsv
# %ECSV 1.0
# ---
# datatype:
# - {name: wavelength, unit: nm, datatype: float32}
# - {name: efficiency, unit: '%', datatype: float64}
# meta: !!omap
# - {MODE: DETECTOR}
# - {TYPE: transmission_filter_detector}
# - {CALIBDATE: '1970-01-01T00:00:00'}
# - {INSTRUME: LSSTCam}
# - {OBSTYPE: transmission_filter_detector}
# - {CALIBCLS: lsst.ip.isr.IntermediateFilterDetectorTransmissionCurve}
# - {SOURCE: Materion (DM-46256)}
# - {DETECTOR: 155}
# - {FILTER: i_39}
# - {CALIB_ID: 'calibDate=1970-01-01T00:00:00 filter=i_39 detector=155'}
# - {DATE: '2025-04-02T15:59:47.197171'}
# - {CALIB_CREATION_DATE: '2025-04-02'}
# - {CALIB_CREATION_TIME: '15:59:47'}
# - __serialized_columns__:
#     efficiency:
#       __class__: astropy.units.quantity.Quantity
#       unit: !astropy.units.Unit {unit: '%'}
#       value: !astropy.table.SerializedColumn {name: efficiency}
#     wavelength:
#       __class__: astropy.units.quantity.Quantity
#       unit: !astropy.units.Unit {unit: nm}
#       value: !astropy.table.SerializedColumn {name: wavelength}
# schema: astropy-2.0
wavelength efficiency
300.0 1.7150305698168666e-10
301.0 1.7150305698168666e-10
302.0 0.024821932311169803
303.0 0.012504337064456195
304.0 0.00018674129478313262
305.0 0.0034575645258883014
306.0 0.006728386506438255
307.0 0.006462854071287438
308.0 0.006197321636136621
309.0 0.007234246731968597
310.0 0.008271170372609049
311.0 1.7150305698168666e-10
312.0 1.7150305698168666e-10
313.0 1.7150305698168666e-10
314.0 1.7150305698168666e-10
315.0 1.7150305698168666e-10
316.0 1.7150305698168666e-10
317.0 1.7150305698168666e-10
318.0 1.7150305698168666e-10
319.0 0.0006603828751394758
320.0 0.00485212767671328
321.0 0.0026627187253325246
322.0 0.00047330822781077586
323.0 0.0008009423254407011
324.0 0.0011285761502222158
325.0 0.0013384751582634635
326.0 0.001548374530102592
327.0 0.0011117177564301528
328.0 0.0006750612556061242
329.0 0.001579387935635168
330.0 0.0024837152523105033
331.0 0.003013109562743921
332.0 0.0035425040550762787
333.0 0.003283298428868875
334.0 0.003024092802661471
335.0 0.001307942238781834
336.0 1.7150305698168666e-10
337.0 0.0006454435606428888
338.0 0.0016990952644846402
339.0 0.0010335132174077444
340.0 0.0003679311930682161
341.0 0.0004889450792688876
342.0 0.000609958624409046
343.0 0.0004790849743585568
344.0 0.0003482113015707
345.0 0.0003817853666987503
346.0 0.00041535963646310847
347.0 1.7150305698168666e-10
348.0 1.7150305698168666e-10
349.0 1.7150305698168666e-10
350.0 0.0010833680789801292
351.0 0.0003626856141636381
352.0 1.7150305698168666e-10
353.0 1.7150305698168666e-10
354.0 0.00014279391962190857
355.0 0.00038304965528368484
356.0 0.0006233053227333585
357.0 0.00011610161436692579
358.0 1.7150305698168666e-10
359.0 1.7150305698168666e-10
360.0 4.507946016474307e-05
361.0 0.0003562481424523867
362.0 0.0006674167707387824
363.0 0.00018481534880265826
364.0 1.7150305698168666e-10
365.0 0.0003302103550595348
366.0 0.0009582068742020056
367.0 0.0007615727554366458
368.0 0.000564938591196551
369.0 0.0003275940571256797
370.0 9.024969926940685e-05
371.0 1.7150305698168666e-10
372.0 1.7150305698168666e-10
373.0 8.573819627599732e-05
374.0 0.00048668248382455204
375.0 1.7150305698168666e-10
376.0 1.7150305698168666e-10
377.0 1.7150305698168666e-10
378.0 0.00015191459397101426
379.0 0.0002533060069254134
380.0 0.00035469715840008575
381.0 0.00023403131308441516
382.0 0.00011336527450112044
383.0 0.0008338001862284727
384.0 0.0015542347682639956
385.0 0.0008805846846371423
386.0 0.0002069347374344943
387.0 0.0004012925273855217
388.0 0.0005956499990134034
389.0 0.0007201172593340743
390.0 0.0008445842468063347
391.0 0.0004691681624535704
392.0 9.375225431540457e-05
393.0 1.7150305698168666e-10
394.0 1.7150305698168666e-10
395.0 0.00047362714212795254
396.0 0.0015320325474021956
397.0 0.0010309302524547093
398.0 0.0005298279120324878
399.0 0.0012883420822618064
400.0 0.00204685620701639
401.0 0.0036341829400043935
402.0 0.005221509491093457
403.0 0.004597425504471175
404.0 0.003973340790253133
405.0 0.0036110777728026733
406.0 0.0032488154829479754
407.0 0.002480610601196531
408.0 0.001712405719445087
409.0 0.001758963662723545
410.0 0.0018055219697998837
411.0 0.003360028495080769
412.0 0.004914534656563774
413.0 0.004425296720000915
414.0 0.003936058055842295
415.0 0.003131274934276007
416.0 0.0023264921765075997
417.0 0.004210910992696881
418.0 0.006095329445088282
419.0 0.004780459858011454
420.0 0.0034655899071367458
421.0 0.004319736399338581
422.0 0.005173883255338296
423.0 0.0050130358431488276
424.0 0.00485218915855512
425.0 0.004723614256363362
426.0 0.004595039354171604
427.0 0.005326673272065818
428.0 0.006058307553757913
429.0 0.005689703903044574
430.0 0.0053211002523312345
431.0 0.005050035542808473
432.0 0.004778970833285712
433.0 0.004101806553080678
434.0 0.0034246422728756443
435.0 0.0030971714295446873
436.0 0.002769700040516909
437.0 0.0019462961063254625
438.0 0.001122892354032956
439.0 0.001477740897826152
440.0 0.0018325896235182881
441.0 0.0018495171389076859
442.0 0.0018664446542970836
443.0 0.0021372423361754045
444.0 0.0024080401999526657
445.0 0.001658534529269673
446.0 0.000909029313334031
447.0 0.0005281997346173739
448.0 0.00014737015590071678
449.0 0.0002710201897571096
450.0 0.0003946699507650919
451.0 0.0005678002253262093
452.0 0.0007409304998873267
453.0 0.0009257065357815009
454.0 0.0011104826626251452
455.0 0.000920752154343063
456.0 0.0007310216915357159
457.0 0.0002600676907604793
458.0 1.7150305698168666e-10
459.0 1.7150305698168666e-10
460.0 1.7150305698168666e-10
461.0 0.0003784091632041964
462.0 0.000790334161138162
463.0 0.0007782625289110001
464.0 0.000766190805734368
465.0 0.00037074153169669444
466.0 1.7150305698168666e-10
467.0 0.00016334853398802807
468.0 0.00035140458294335986
469.0 0.0006733096142852446
470.0 0.000995214668364497
471.0 0.0006931160442036344
472.0 0.0003910176474164473
473.0 0.0004036140126117971
474.0 0.0004162102868576767
475.0 0.0004850784080190351
476.0 0.0005539464837056585
477.0 0.0003037439228137373
478.0 5.35413335001067e-05
479.0 0.001328913731413195
480.0 0.0026042864192277193
481.0 0.002565067188697867
482.0 0.0025258481400669552
483.0 0.0036542223824653774
484.0 0.004782595715369098
485.0 0.005336724279914051
486.0 0.005890851389267482
487.0 0.00854887257446535
488.0 0.011206891213078052
489.0 0.014723974163644016
490.0 0.018241055659018457
491.0 0.022519254707731307
492.0 0.026797456666827202
493.0 0.02951499482151121
494.0 0.032232532976195216
495.0 0.029679492581635714
496.0 0.02712645218707621
497.0 0.02090280322590843
498.0 0.014679154264740646
499.0 0.010416664008516818
500.0 0.006154173752292991
501.0 0.00427156119258143
502.0 0.0023889477233751677
503.0 0.002152251181541942
504.0 0.0019155546397087164
505.0 0.0017507749362266622
506.0 0.0015859948689467274
507.0 0.0020040766685269773
508.0 0.002422158286208287
509.0 0.0027218859031563625
510.0 0.0030216133382054977
511.0 0.00260394299402833
512.0 0.0021862728317501023
513.0 0.001967592652363237
514.0 0.0017489128367742524
515.0 0.001967248499568086
516.0 0.00218558416236192
517.0 0.0022087197066866793
518.0 0.002231855432910379
519.0 0.0020238023353158496
520.0 0.0018157492377213202
521.0 0.0018333787011215463
522.0 0.001851007982622832
523.0 0.0016886284356587566
524.0 0.0015262487067957409
525.0 0.0020815778043470345
526.0 0.002636906719999388
527.0 0.0029265109333209693
528.0 0.0032161155104404315
529.0 0.0036986246414016932
530.0 0.004181132680969313
531.0 0.003549697430571541
532.0 0.0029182619982748292
533.0 0.002137714000127744
534.0 0.001357166183879599
535.0 0.0017286076399614103
536.0 0.0021000490960432217
537.0 0.002544898416090291
538.0 0.0029897477361373603
539.0 0.0035453027521725744
540.0 0.0041008577682077885
541.0 0.00457471760455519
542.0 0.0050485778047004715
543.0 0.005429863449535333
544.0 0.005811149821965955
545.0 0.004773908585775644
546.0 0.003736667349585332
547.0 0.00276647897408111
548.0 0.001796290416677948
549.0 0.0015961399185471237
550.0 0.0013959896932647098
551.0 0.0015275187251972966
552.0 0.0016590478480793536
553.0 0.001968269316421356
554.0 0.002277490966662299
555.0 0.0016354817489627749
556.0 0.0009934725312632509
557.0 0.0009267667337553576
558.0 0.0008600610271969344
559.0 0.0006477608167188009
560.0 0.0004354606062406674
561.0 0.0008732021342439111
562.0 0.001310943753196625
563.0 0.001457352118450217
564.0 0.0016037602108553983
565.0 0.0013509134987543803
566.0 0.0010980668776028324
567.0 0.001283752135350369
568.0 0.001469437665946316
569.0 0.0010430876500322483
570.0 0.0006167378160171211
571.0 0.00052928780860384
572.0 0.00044183771024108864
573.0 0.0005622414391837083
574.0 0.0006826451226515928
575.0 0.0005746949227614095
576.0 0.0004667449047701666
577.0 0.0004979981895303354
578.0 0.0005292515652399743
579.0 0.00036056037515663775
580.0 0.00019186920781066874
581.0 0.00032952098081295844
582.0 0.0004671727310778806
583.0 0.00040458708099322394
584.0 0.00034200140817119973
585.0 0.000581611266170512
586.0 0.0008212212378566619
587.0 0.0005781100753665669
588.0 0.0003349989810885745
589.0 0.00048625061026541516
590.0 0.0006375023531290935
591.0 0.0006810675586166326
592.0 0.0007246325822052313
593.0 0.0006128674158389913
594.0 0.0005011022494727513
595.0 0.0004450205324246781
596.0 0.0003889388153766049
597.0 0.000470850045530824
598.0 0.000552761230210308
599.0 0.00047595935939170886
600.0 0.0003991575340478448
601.0 0.00043385425669839606
602.0 0.0004685510248236824
603.0 0.0002238191882497631
604.0 1.7150305698168666e-10
605.0 4.825089945370564e-05
606.0 0.00011741442449419992
607.0 0.0002736577698669862
608.0 0.00042990109250240494
609.0 0.00037643228552042274
610.0 0.000322963455801073
611.0 0.00040196191548602656
612.0 0.0004809603069588775
613.0 0.0003315504500278621
614.0 0.0001821406385715818
615.0 0.00032827863378770417
616.0 0.00047441662900382653
617.0 0.00039147798815974966
618.0 0.0003085393927904079
619.0 0.0002550875251472462
620.0 0.00020163572571618715
621.0 0.0001724919798107294
622.0 0.0001433482452739554
623.0 0.00022228762190934503
624.0 0.00030122696443868335
625.0 0.0003234988753320067
626.0 0.00034577080896269763
627.0 0.00031605848107574275
628.0 0.00028634615318878787
629.0 0.00034767649594869
630.0 0.0004090067704964895
631.0 0.0004383020950626815
632.0 0.0004675972832046682
633.0 0.0004630488092516316
634.0 0.000458500335298595
635.0 0.0005049542323831702
636.0 0.0005514081294677453
637.0 0.00045654355744773056
638.0 0.0003616788717408781
639.0 0.00040319796426047105
640.0 0.00044471703404269647
641.0 0.000508359880768694
642.0 0.0005720027729694266
643.0 0.0005893293746339623
644.0 0.0006066559308237629
645.0 0.000667775657348102
646.0 0.0007288954293471761
647.0 0.000707877143213409
648.0 0.0006868586751807015
649.0 0.0007324952093767934
650.0 0.0007781317435728852
651.0 0.0007526400622737128
652.0 0.0007271483809745405
653.0 0.0008249101483670529
654.0 0.0009226720976585057
655.0 0.0012542371223389637
656.0 0.0015858020560699515
657.0 0.0024713101083762012
658.0 0.0033568179787835106
659.0 0.005533964940696023
660.0 0.046283591655083
661.0 0.07951392326503992
662.0 0.07440366898663342
663.0 0.0952244270592928
664.0 0.09201120119541883
665.0 0.13230964541435242
666.0 0.13135889312252402
667.0 0.15719746006652713
668.0 0.176026055123657
669.0 0.2060933504253626
670.0 0.32790503464639187
671.0 0.4330231808125973
672.0 0.7073559798300266
673.0 1.110867876559496
674.0 1.6685079783201218
675.0 2.515633963048458
676.0 3.5694576799869537
677.0 4.955772310495377
678.0 6.3733212649822235
679.0 7.825551927089691
680.0 9.666887670755386
681.0 11.770908534526825
682.0 14.358934760093689
683.0 17.262522876262665
684.0 20.30806839466095
685.0 23.301327228546143
686.0 26.287376880645752
687.0 29.461386799812317
688.0 32.52197206020355
689.0 35.70452928543091
690.0 39.262738823890686
691.0 43.155935406684875
692.0 47.86801040172577
693.0 52.94977426528931
694.0 58.70571732521057
695.0 64.38896059989929
696.0 70.6479012966156
697.0 76.25713348388672
698.0 82.28663802146912
699.0 86.92874312400818
700.0 90.60087203979492
701.0 93.57900619506836
702.0 95.54136991500854
703.0 96.71690464019775
704.0 97.23842740058899
705.0 97.7226734161377
706.0 97.76898622512817
707.0 98.0347752571106
708.0 97.99643754959106
709.0 98.07229042053223
710.0 97.79033660888672
711.0 98.03802967071533
712.0 97.92045950889587
713.0 97.99878597259521
714.0 98.08351397514343
715.0 98.13898205757141
716.0 97.98435568809509
717.0 98.20980429649353
718.0 98.21563959121704
719.0 98.20345044136047
720.0 98.4555721282959
721.0 98.36763143539429
722.0 98.10884594917297
723.0 97.89265394210815
724.0 97.52286076545715
725.0 97.25580215454102
726.0 96.94885611534119
727.0 96.58053517341614
728.0 96.3837206363678
729.0 96.18745446205139
730.0 96.21186852455139
731.0 96.22368216514587
732.0 96.28608822822571
733.0 96.6395914554596
734.0 96.9427764415741
735.0 97.31630086898804
736.0 97.6871907711029
737.0 97.93570041656494
738.0 98.22741746902466
739.0 98.62156510353088
740.0 98.74117970466614
741.0 98.52547645568848
742.0 98.82039427757263
743.0 98.66472482681274
744.0 98.49242568016052
745.0 98.53057265281677
746.0 98.46509099006653
747.0 98.74029755592346
748.0 98.56225252151489
749.0 98.56970310211182
750.0 98.45893383026123
751.0 98.45505952835083
752.0 98.33265542984009
753.0 98.59309792518616
754.0 98.5320508480072
755.0 98.57045412063599
756.0 98.59034419059753
757.0 98.64524006843567
758.0 98.67427349090576
759.0 98.76477718353271
760.0 98.55315089225769
761.0 98.47320914268494
762.0 98.5799789428711
763.0 98.51773977279663
764.0 98.34061861038208
765.0 98.35099577903748
766.0 98.43961000442505
767.0 98.18595051765442
768.0 98.23451638221741
769.0 98.29480051994324
770.0 98.00952076911926
771.0 98.15732836723328
772.0 98.15183877944946
773.0 98.08971285820007
774.0 98.01984429359436
775.0 98.0219841003418
776.0 97.95677065849304
777.0 98.01458716392517
778.0 97.98126816749573
779.0 97.95321822166443
780.0 97.79943823814392
781.0 98.04617762565613
782.0 97.91752696037292
783.0 97.94047474861145
784.0 97.92783856391907
785.0 98.10526371002197
786.0 98.21317195892334
787.0 97.98297882080078
788.0 98.08368682861328
789.0 98.15695881843567
790.0 98.14267158508301
791.0 98.13555479049683
792.0 98.08945655822754
793.0 98.00263047218323
794.0 98.0181872844696
795.0 97.9608952999115
796.0 97.96416759490967
797.0 98.04067015647888
798.0 98.04763197898865
799.0 97.93936014175415
800.0 97.77020812034607
801.0 97.85587787628174
802.0 97.71474003791809
803.0 97.54429459571838
804.0 97.30423092842102
805.0 97.04455733299255
806.0 96.86843752861023
807.0 96.2832510471344
808.0 95.56165337562561
809.0 94.75285410881042
810.0 93.68143081665039
811.0 92.19986200332642
812.0 90.37443399429321
813.0 88.05381655693054
814.0 85.28972864151001
815.0 82.06638693809509
816.0 78.65263223648071
817.0 74.42217469215393
818.0 69.63870525360107
819.0 65.36409258842468
820.0 60.22421717643738
821.0 55.573880672454834
822.0 50.982844829559326
823.0 46.31110727787018
824.0 41.686245799064636
825.0 37.41214871406555
826.0 32.88226127624512
827.0 28.212255239486694
828.0 23.934563994407654
829.0 19.722552597522736
830.0 15.335141122341156
831.0 11.876068264245987
832.0 8.424486964941025
833.0 5.751907825469971
834.0 3.66760790348053
835.0 2.272104099392891
836.0 1.3501113280653954
837.0 0.7926356978714466
838.0 0.42898119427263737
839.0 0.2583162160590291
840.0 0.17711907858029008
841.0 0.10053199948742986
842.0 0.07054682937450707
843.0 0.04011675773654133
844.0 0.011551721399882808
845.0 1.7150305698168666e-10
846.0 1.7150305698168666e-10
847.0 0.0023803764634067193
848.0 1.7150305698168666e-10
849.0 1.7150305698168666e-10
850.0 1.7150305698168666e-10
851.0 0.001051485651260009
852.0 0.0021318093786248937
853.0 0.0012353269994491711
854.0 0.0003388445065866108
855.0 0.00015188765019047423
856.0 1.7150305698168666e-10
857.0 0.0002023228944381117
858.0 0.00043971481318294536
859.0 0.0001647563749429537
860.0 1.7150305698168666e-10
861.0 1.7150305698168666e-10
862.0 1.7150305698168666e-10
863.0 3.694182026947601e-06
864.0 0.00012846597883253708
865.0 9.424697395843395e-05
866.0 6.002790655657009e-05
867.0 1.7150305698168666e-10
868.0 1.7150305698168666e-10
869.0 1.7150305698168666e-10
870.0 6.182001044408025e-06
871.0 1.7818395292579225e-05
872.0 2.945475046089996e-05
873.0 6.249647412914783e-05
874.0 9.553816653351532e-05
875.0 1.7150305698168666e-10
876.0 1.7150305698168666e-10
877.0 1.7150305698168666e-10
878.0 0.00019335584511281922
879.0 7.990931294443726e-05
880.0 1.7150305698168666e-10
881.0 9.812420103116892e-05
882.0 0.00022978558718023123
883.0 3.7672103303521e-05
884.0 1.7150305698168666e-10
885.0 1.7150305698168666e-10
886.0 1.7150305698168666e-10
887.0 1.7150305698168666e-10
888.0 1.7150305698168666e-10
889.0 1.7150305698168666e-10
890.0 1.7150305698168666e-10
891.0 1.7150305698168666e-10
892.0 1.7150305698168666e-10
893.0 1.7150305698168666e-10
894.0 1.7150305698168666e-10
895.0 1.7150305698168666e-10
896.0 1.7150305698168666e-10
