lsstCam/transmission_filter_detector/r34_s02/i_39/19700101T000000.ecsv
# %ECSV 1.0
# ---
# datatype:
# - {name: wavelength, unit: nm, datatype: float32}
# - {name: efficiency, unit: '%', datatype: float64}
# meta: !!omap
# - {MODE: DETECTOR}
# - {TYPE: transmission_filter_detector}
# - {CALIBDATE: '1970-01-01T00:00:00'}
# - {INSTRUME: LSSTCam}
# - {OBSTYPE: transmission_filter_detector}
# - {CALIBCLS: lsst.ip.isr.IntermediateFilterDetectorTransmissionCurve}
# - {SOURCE: Materion (DM-46256)}
# - {DETECTOR: 155}
# - {FILTER: i_39}
# - {CALIB_ID: 'calibDate=1970-01-01T00:00:00 filter=i_39 detector=155'}
# - {DATE: '2025-04-02T15:59:47.197171'}
# - {CALIB_CREATION_DATE: '2025-04-02'}
# - {CALIB_CREATION_TIME: '15:59:47'}
# - __serialized_columns__:
#     efficiency:
#       __class__: astropy.units.quantity.Quantity
#       unit: !astropy.units.Unit {unit: '%'}
#       value: !astropy.table.SerializedColumn {name: efficiency}
#     wavelength:
#       __class__: astropy.units.quantity.Quantity
#       unit: !astropy.units.Unit {unit: nm}
#       value: !astropy.table.SerializedColumn {name: wavelength}
# schema: astropy-2.0
wavelength efficiency
[from data line 598]
898.0 1.7150305698168666e-10
899.0 1.7150305698168666e-10
900.0 1.7150305698168666e-10
901.0 1.7150305698168666e-10
902.0 1.7150305698168666e-10
903.0 1.7150305698168666e-10
904.0 1.7150305698168666e-10
905.0 1.6833148208661441e-06
906.0 5.033952561461774e-05
907.0 1.7150305698168666e-10
908.0 1.7150305698168666e-10
909.0 1.7150305698168666e-10
910.0 8.829841249280435e-05
911.0 0.00012436689758033026
912.0 0.00016043539972088183
913.0 6.555326876878098e-05
914.0 1.7150305698168666e-10
915.0 1.7150305698168666e-10
916.0 1.7150305698168666e-10
917.0 1.7150305698168666e-10
918.0 1.7150305698168666e-10
919.0 1.7150305698168666e-10
920.0 0.00017515843637738726
921.0 5.586019824477262e-05
922.0 1.7150305698168666e-10
923.0 1.7150305698168666e-10
924.0 1.7150305698168666e-10
925.0 2.518144697205571e-05
926.0 9.189111551677343e-05
927.0 5.088571697342559e-05
928.0 9.880297113795677e-06
929.0 1.7150305698168666e-10
930.0 1.7150305698168666e-10
931.0 7.570550906166318e-05
932.0 0.0001855297568909009
933.0 5.333482135938539e-05
934.0 1.7150305698168666e-10
935.0 1.7150305698168666e-10
936.0 1.7150305698168666e-10
937.0 8.386364669377144e-06
938.0 2.066512223564132e-05
939.0 1.7150305698168666e-10
940.0 1.7150305698168666e-10
941.0 1.7150305698168666e-10
942.0 2.822558258230856e-05
943.0 7.42430870559474e-05
944.0 0.00012026058584524435
945.0 1.7150305698168666e-10
946.0 1.7150305698168666e-10
947.0 1.7150305698168666e-10
948.0 1.7150305698168666e-10
949.0 1.7150305698168666e-10
950.0 1.7150305698168666e-10
951.0 1.7150305698168666e-10
952.0 0.00017506741869510734
953.0 0.00010818214377650293
954.0 4.1296868857898517e-05
955.0 1.7150305698168666e-10
956.0 1.7150305698168666e-10
957.0 1.7122006568115467e-05
958.0 9.554652251608786e-05
959.0 0.00021684707007807447
960.0 0.0003381476062713773
961.0 0.00025840711259661475
962.0 0.00017866657344711712
963.0 0.00014110322581473156
964.0 0.00010353990091971355
965.0 7.154312697821297e-05
966.0 3.95463473523705e-05
967.0 1.7150305698168666e-10
968.0 1.7150305698168666e-10
969.0 1.7150305698168666e-10
970.0 5.0603506451807334e-05
971.0 7.729671835932095e-06
972.0 1.7150305698168666e-10
973.0 2.19239154830575e-05
974.0 7.899199658822909e-05
975.0 6.802924872317817e-05
976.0 5.7066517911152914e-05
977.0 5.398736107053992e-05
978.0 5.090817580821749e-05
979.0 1.9669013795464707e-05
980.0 1.7150305698168666e-10
981.0 1.7150305698168666e-10
982.0 1.7150305698168666e-10
983.0 1.7150305698168666e-10
984.0 1.7150305698168666e-10
985.0 1.7150305698168666e-10
986.0 0.00012998239071748685
987.0 1.7150305698168666e-10
988.0 1.7150305698168666e-10
989.0 1.7150305698168666e-10
990.0 5.863227556801576e-05
991.0 8.588629043515539e-05
992.0 0.00011314032235532068
993.0 0.00010584806204860797
994.0 9.855577900452772e-05
995.0 0.00013175827007216867
996.0 0.00016496074977112585
997.0 0.00013390746289587696
998.0 0.0001028541646519443
999.0 0.0001400102178195084
1000.0 0.0001771662255123374
1001.0 0.00022740764507034328
1002.0 0.00027764906462834915
1003.0 0.00015160508155531716
1004.0 2.556110700879799e-05
1005.0 5.689513500328758e-05
1006.0 8.822917152429e-05
1007.0 7.635600240973872e-05
1008.0 6.448287308558065e-05
1009.0 0.0001636394472370739
1010.0 0.0002627959702294902
1011.0 0.0002390301688137697
1012.0 0.00021526439013541676
1013.0 0.00024072721771517536
1014.0 0.00026619009076966904
1015.0 0.0002609228886285564
1016.0 0.00025565573196217883
1017.0 0.00024162063709809445
1018.0 0.00022758558770874515
1019.0 0.00010583642051642528
1020.0 1.7150305698168666e-10
1021.0 0.00014128871725915815
1022.0 0.00029849020393157844
1023.0 0.000401701026930823
1024.0 0.0005049118499300675
1025.0 0.0004456345777725801
1026.0 0.0003863573510898277
1027.0 0.000538894573764992
1028.0 0.0006914317964401562
1029.0 0.0009808915820030961
1030.0 0.0012703511856670957
1031.0 0.001575367605255451
1032.0 0.0018803839338943362
1033.0 0.0021625613953801803
1034.0 0.0024447383111692034
1035.0 0.002888440758397337
1036.0 0.0033321430237265304
1037.0 0.003378415567567572
1038.0 0.0034246881114086136
1039.0 0.0028912685593240894
1040.0 0.0023578486434416845
1041.0 0.0022294196242000908
1042.0 0.002100990604958497
1043.0 0.002313788172614295
1044.0 0.0025265859221690334
1045.0 0.002955978015961591
1046.0 0.00338537065545097
1047.0 0.00360496123903431
1048.0 0.0038245521864155307
1049.0 0.003300807293271646
1050.0 0.002777062945824582
1051.0 0.002617849168018438
1052.0 0.002458635572111234
1053.0 0.002065617809421383
1054.0 0.0016726000467315316
1055.0 0.0012172642527730204
1056.0 0.000761928322390304
1057.0 0.000889228886080673
1058.0 0.0010165297680941876
1059.0 0.0008584601346228737
1060.0 0.0007003903192526195
1061.0 0.0009300006240664516
1062.0 0.0011596109288802836
1063.0 0.0016744274034863338
1064.0 0.0021892436052439734
1065.0 0.0028320155252004042
1066.0 0.003474787445156835
1067.0 0.004004613219876774
1068.0 0.004534440085990354
1069.0 0.004537535278359428
1070.0 0.004540630834526382
1071.0 0.004023688961751759
1072.0 0.003506746725179255
1073.0 0.0027573647457757033
1074.0 0.0020079827663721517
1075.0 0.0018271321096108295
1076.0 0.0016462810890516266
1077.0 0.0022577525669476017
1078.0 0.002869224044843577
1079.0 0.002706560007936787
1080.0 0.002543895971029997
1081.0 0.0019781404262175784
1082.0 0.0014123851542535704
1083.0 0.001357849487249041
1084.0 0.001303313547396101
1085.0 0.0009199084161082283
1086.0 0.0005365033757698257
1087.0 0.0006758366907888558
1088.0 0.0008151700058078859
1089.0 0.00016556516584387282
1090.0 1.7150305698168666e-10
1091.0 1.7150305698168666e-10
1092.0 1.2821296024867479e-05
1093.0 1.7150305698168666e-10
1094.0 1.7150305698168666e-10
1095.0 1.7150305698168666e-10
1096.0 1.7150305698168666e-10
1097.0 1.7150305698168666e-10
1098.0 1.7150305698168666e-10
1099.0 1.7150305698168666e-10
1100.0 0.0003484962462607655
