lsstCam/transmission_sensor/r02_s00/19700101T000000.ecsv
# %ECSV 1.0
# ---
# datatype:
# - {name: amp_name, datatype: string}
# - {name: wavelength, unit: nm, datatype: float32}
# - {name: efficiency, unit: '%', datatype: float64}
# meta: !!omap
# - {MODE: AMP}
# - {TYPE: transmission_sensor}
# - {CALIBDATE: '1970-01-01T00:00:00'}
# - {INSTRUME: LSSTCam}
# - {OBSTYPE: transmission_sensor}
# - {DETECTOR: 9}
# - {PARQUETFILE: qe_raft_allvalues_nircorrected_20230725_adjust.parquet}
# - {CORRFILE: qe_corr_factor_bydetnum.parquet}
# - {CALIBCLS: lsst.ip.isr.IntermediateSensorTransmissionCurve}
# - {CALIB_ID: 'raftName=R02 detectorName=S00 detector=9 calibDate=1970-01-01T00:00:00 ccd=9 ccdnum=9 filter=None'}
# - {DATE: '2025-03-03T21:56:47.422904'}
# - {CALIB_CREATION_DATE: '2025-03-03'}
# - {CALIB_CREATION_TIME: '21:56:47'}
# - __serialized_columns__:
#     efficiency:
#       __class__: astropy.units.quantity.Quantity
#       unit: !astropy.units.Unit {unit: '%'}
#       value: !astropy.table.SerializedColumn {name: efficiency}
#     wavelength:
#       __class__: astropy.units.quantity.Quantity
#       unit: !astropy.units.Unit {unit: nm}
#       value: !astropy.table.SerializedColumn {name: wavelength}
# schema: astropy-2.0
amp_name wavelength efficiency
C00 319.994 46.75803568694454
C00 324.969 48.87127161184306
C00 349.982 58.69411812693079
C00 374.975 74.95980447252511
C00 400.019 85.57372237855758
C00 424.965 86.20302673329357
C00 450.035 84.79290782439173
C00 475.003 83.87677005791458
C00 500.018 83.68360026669579
C00 525.002 84.14256419510444
C00 550.029 85.51072643339494
C00 575.023 87.31647054228615
C00 599.982 89.31694601056527
C00 619.997 90.5954209141103
C00 624.979 90.85661413825564
C00 650.012 92.41067154531869
C00 675.004 93.72500157750709
C00 700.03 94.80925548784633
C00 725.012 95.48367773656034
C00 750.022 97.31130665203588
C00 774.987 98.35540159950965
C00 799.976 99.09427471787556
C00 824.988 97.79160693381824
C00 850.022 97.0438443029971
C00 869.967 95.04962272480003
C00 875.002 93.87175851577837
C00 899.999 86.82037176107606
C00 919.999 78.2551627362332
C00 925.012 75.50420522329703
C00 949.965 61.47514915758185
C00 975.002 46.582709668584684
C00 999.976 30.346295108755022
C00 1025.028 14.820725423007604
C00 1050.014 5.947366152651997
C00 1075.002 0.9270688872206926
C00 1099.99 0.09198292330935323
C01 319.994 46.42363919399473
C01 324.969 48.49513554434444
C01 349.982 58.12532644309831
C01 374.975 74.67083056978146
C01 400.019 85.68856238693388
C01 424.965 86.4341388223183
C01 450.035 84.99112795559152
C01 475.003 83.92923874839587
C01 500.018 83.62089378294985
C01 525.002 84.02891250201779
C01 550.029 85.42854986067249
C01 575.023 87.29711471439519
C01 599.982 89.33437463481341
C01 619.997 90.61232393736495
C01 624.979 90.89662837041276
C01 650.012 92.44785971996005
C01 675.004 93.80007111070876
C01 700.03 94.90472443352026
C01 725.012 95.65894662437742
C01 750.022 97.59269361869949
C01 774.987 98.7413603116621
C01 799.976 99.56631011447033
C01 824.988 98.2481789968362
C01 850.022 97.54376702187002
C01 869.967 95.54550821865045
C01 875.002 94.37584795557076
C01 899.999 87.29534747627213
C01 919.999 78.65063558810853
C01 925.012 75.9261485599898
C01 949.965 61.88418480031112
C01 975.002 47.02599697605685
C01 999.976 30.631557430569963
C01 1025.028 14.94885685215968
C01 1050.014 5.965965476939097
C01 1075.002 0.9297487066090732
C01 1099.99 0.09224881252716885
C02 319.994 45.893810540332375
C02 324.969 47.89905450458148
C02 349.982 57.347063719842915
C02 374.975 74.05204585232111
C02 400.019 85.35285570020318
C02 424.965 86.22638931658423
C02 450.035 84.78361458943424
C02 475.003 83.66847971637561
C02 500.018 83.30969990777096
C02 525.002 83.68532180038463
C02 550.029 85.06495585166363
C02 575.023 86.9118491861617
C02 599.982 88.92447441653687
C02 619.997 90.18789732641305
C02 624.979 90.46799695151287
C02 650.012 92.01060539780454
C02 675.004 93.36005167028311
C02 700.03 94.4817375122462
C02 725.012 95.27640050997985
C02 750.022 97.25981298948456
C02 774.987 98.46217477524662
C02 799.976 99.31438727306536
C02 824.988 98.01416467623868
C02 850.022 97.29833421012391
C02 869.967 95.29113257260917
C02 875.002 94.10067679196068
C02 899.999 86.90628086259291
C02 919.999 78.33328684912173
C02 925.012 75.67057698125318
C02 949.965 61.87952675672382
C02 975.002 46.97764930206081
C02 999.976 30.545924460009847
C02 1025.028 14.875983988327569
C02 1050.014 5.939367400576139
C02 1075.002 0.9265769008828744
C02 1099.99 0.09193410887689345
C03 319.994 45.69426878924314
C03 324.969 47.65103558359924
C03 349.982 56.97503343401814
C03 374.975 73.90675145594479
C03 400.019 85.53817956354804
C03 424.965 86.5377583920943
C03 450.035 85.0781949027752
C03 475.003 83.89246953106817
C03 500.018 83.47681055408027
C03 525.002 83.82867375830673
C03 550.029 85.21850751582186
C03 575.023 87.06971991935345
C03 599.982 89.07386697718134
C03 619.997 90.33218622523661
C03 624.979 90.6148376812469
C03 650.012 92.1527385708142
C03 675.004 93.50558982364194
C03 700.03 94.63426082663455
C03 725.012 95.45436595941574
C03 750.022 97.4632129565623
C03 774.987 98.6947189365435
C03 799.976 99.56844298806712
C03 824.988 98.27114547503032
C03 850.022 97.54545046853036
C03 869.967 95.52827764695058
C03 875.002 94.33193361169377
C03 899.999 87.09005077517438
C03 919.999 78.48405054279272
C03 925.012 75.82223191139138
C03 949.965 62.00293253781299
C03 975.002 47.090763968045415
C03 999.976 30.602691271658976
C03 1025.028 14.879678430093454
C03 1050.014 5.960632340771383
C03 1075.002 0.9285144328752701
C03 1099.99 0.09212634902120488
C04 319.994 45.576199000848824
C04 324.969 47.48908572965361
C04 349.982 56.66588483227046
C04 374.975 73.78427880705422
C04 400.019 85.73182163392042
C04 424.965 86.85755231831172
C04 450.035 85.40028166810919
C04 475.003 84.16659711009696
C04 500.018 83.69808857234263
C04 525.002 84.006014580475
C04 550.029 85.37434440169095
C04 575.023 87.20691701346765
C04 599.982 89.20209838478327
C04 619.997 90.45692124362093
C04 624.979 90.73747029565722
C04 650.012 92.27916465326454
C04 675.004 93.6421927601113
C04 700.03 94.7785878124866
C04 725.012 95.60749866626031
C04 750.022 97.62508282774805
C04 774.987 98.87169412323802
C04 799.976 99.75685951812734
C04 824.988 98.47606892324863
C04 850.022 97.78142246239352
C04 869.967 95.79014120279777
C04 875.002 94.59724023491864
C04 899.999 87.38303143331774
C04 919.999 78.74492383589852
C04 925.012 76.07477176265827
C04 949.965 62.20486996299578
C04 975.002 47.28864131598858
C04 999.976 30.750093785063573
C04 1025.028 14.97840096017822
C04 1050.014 6.005014202923378
C04 1075.002 0.9300564410572445
C04 1099.99 0.09227934565640658
C05 319.994 45.22880721376994
C05 324.969 47.07350292672273
C05 349.982 56.10945619789372
C05 374.975 73.3187486749297
C05 400.019 85.49152295361803
C05 424.965 86.74853200789241
C05 450.035 85.28870190937371
C05 475.003 84.01146102555253
C05 500.018 83.50014266774814
C05 525.002 83.77879498576442
C05 550.029 85.1162971661009
C05 575.023 86.91471333070598
C05 599.982 88.89439328141628
C05 619.997 90.15609465760362
C05 624.979 90.42510334000008
C05 650.012 91.97510828722922
C05 675.004 93.32491257777582
C05 700.03 94.47785263533774
C05 725.012 95.30514859910244
C05 750.022 97.31989908566871
C05 774.987 98.56378334991706
C05 799.976 99.4415370090575
C05 824.988 98.20117960364956
C05 850.022 97.51371635637226
C05 869.967 95.58086821592312
C05 875.002 94.38888133672835
C05 899.999 87.22561012706245
C05 919.999 78.58804336544814
C05 925.012 75.89215207833793
C05 949.965 62.055820185607935
C05 975.002 47.24687127181695
C05 999.976 30.73416769409032
C05 1025.028 14.988372144243263
C05 1050.014 6.012257879658939
C05 1075.002 0.9271489949325475
C05 1099.99 0.09199087152293002
C06 319.994 45.168165046969484
C06 324.969 47.01161150538701
C06 349.982 55.948127162512876
C06 374.975 73.31006483242844
C06 400.019 85.73377930718605
C06 424.965 87.07708595066812
C06 450.035 85.63438739757515
C06 475.003 84.32615890735475
C06 500.018 83.7710252319475
C06 525.002 83.99507598588569
C06 550.029 85.29222876821413
C06 575.023 87.08513754849604
C06 599.982 89.0609478571093
C06 619.997 90.3078943184502
C06 624.979 90.59288431801126
C06 650.012 92.13657443591272
C06 675.004 93.5129634723623
C06 700.03 94.65768434917084
C06 725.012 95.48604674973393
C06 750.022 97.50037066158085
C06 774.987 98.74213728704379
C06 799.976 99.64956074139687
C06 824.988 98.40979749363376
C06 850.022 97.76210472153107
C06 869.967 95.85194883267076
C06 875.002 94.68163347270063
C06 899.999 87.52935417946397
C06 919.999 78.86075410701619
C06 925.012 76.16850393983195
C06 949.965 62.34145004724804
C06 975.002 47.52877622206836
C06 999.976 30.909556556047225
C06 1025.028 15.098621713507878
C06 1050.014 6.064269049710204
C06 1075.002 0.928868353366005
C06 1099.99 0.09216146468715554
C07 319.994 45.289822633449845
C07 324.969 47.11366569829106
C07 349.982 56.02856696673506
C07 374.975 73.6030835776003
C07 400.019 86.29276738987895
C07 424.965 87.72433691324004
C07 450.035 86.29728451146075
C07 475.003 84.99381689980463
C07 500.018 84.413416289681
C07 525.002 84.56563490784123
C07 550.029 85.77738895483492
C07 575.023 87.52898854399022
C07 599.982 89.50505022699167
C07 619.997 90.7672695867668
C07 624.979 91.05622063729335
C07 650.012 92.62600798713281
C07 675.004 94.02801435896112
C07 700.03 95.19477239046802
C07 725.012 96.03558924935528
C07 750.022 98.06282466386854
C07 774.987 99.31994036182276
C07 799.976 100.25072639946649
C07 824.988 99.03006760520616
C07 850.022 98.40770270706548
C07 869.967 96.52331650169793
C07 875.002 95.3586075523251
C07 899.999 88.11326641361661
C07 919.999 79.39324885267455
C07 925.012 76.70094536365039
C07 949.965 63.09626258704718
C07 975.002 48.14106329246416
C07 999.976 31.238693230359203
C07 1025.028 15.221312410636688
C07 1050.014 6.0857782229757955
C07 1075.002 0.9342266952787863
C07 1099.99 0.09269311444913414
C10 319.994 47.107042364032424
C10 324.969 49.25795397753729
C10 349.982 59.1781623636161
C10 374.975 75.49608506881778
C10 400.019 86.10218751659912
C10 424.965 86.68277856186532
C10 450.035 85.24037708759477
C10 475.003 84.28463642886847
C10 500.018 84.06820308063314
C10 525.002 84.53473109290474
C10 550.029 85.93127578484408
C10 575.023 87.79787534789544
C10 599.982 89.84065788744823
C10 619.997 91.14310476674015
C10 624.979 91.41340840810611
C10 650.012 92.98796425391556
C10 675.004 94.30228666869824
C10 700.03 95.32083283744463
C10 725.012 95.81192698310794
C10 750.022 97.42010605768982
C10 774.987 98.23581594738046
C10 799.976 98.89431781817551
C10 824.988 97.6054908602803
C10 850.022 96.7968423056762
C10 869.967 94.83080512857971
C10 875.002 93.68561959002331
C10 899.999 86.92086057710819
C10 919.999 78.59122744103193
C10 925.012 75.82638339749946
C10 949.965 61.2566629185096
C10 975.002 46.37538673756997
C10 999.976 30.378093968861606
C10 1025.028 14.837460863336785
C10 1050.014 6.068828543111222
C10 1075.002 0.9281074790033857
C10 1099.99 0.09208597143189737
C11 319.994 46.660810929256094
C11 324.969 48.746681324167106
C11 349.982 58.47576900116119
C11 374.975 75.06960937573182
C11 400.019 86.05533285412083
C11 424.965 86.7895441201966
C11 450.035 85.32877708077645
C11 475.003 84.27414726121563
C11 500.018 83.96188694923833
C11 525.002 84.37674609862744
C11 550.029 85.75545082641068
C11 575.023 87.62905078530298
C11 599.982 89.68625307385128
C11 619.997 90.9969496035194
C11 624.979 91.27178560127855
C11 650.012 92.85216114504499
C11 675.004 94.1865249542319
C11 700.03 95.23913616128146
C11 725.012 95.80730321784631
C11 750.022 97.51751744181797
C11 774.987 98.4349501672646
C11 799.976 99.14705572199067
C11 824.988 97.8599426803786
C11 850.022 97.05829452161542
C11 869.967 95.09594416887911
C11 875.002 93.95272392099405
C11 899.999 87.06050285845299
C11 919.999 78.71617574677593
C11 925.012 75.96759486441904
C11 949.965 61.512520149960075
C11 975.002 46.53437342069719
C11 999.976 30.507768874844228
C11 1025.028 14.897117528274437
C11 1050.014 5.996488421590453
C11 1075.002 0.9290345757184505
C11 1099.99 0.09217795711625985
C12 319.994 46.32502806846837
C12 324.969 48.35822029424126
C12 349.982 57.915405976738924
C12 374.975 74.74144392064696
C12 400.019 86.07641783310635
C12 424.965 86.94903736080306
C12 450.035 85.47763642302172
C12 475.003 84.33969503728873
C12 500.018 83.9441840983849
C12 525.002 84.31157919283947
C12 550.029 85.67963478745013
C12 575.023 87.54900708617734
C12 599.982 89.60743577704379
C12 619.997 90.92254278461388
C12 624.979 91.19475077740555
C12 650.012 92.78217242144713
C12 675.004 94.12617986625385
C12 700.03 95.19644060231694
C12 725.012 95.80094268408442
C12 750.022 97.54736243736178
C12 774.987 98.51316568902156
C12 799.976 99.25063720473814
C12 824.988 97.97936836698801
C12 850.022 97.1754730735425
C12 869.967 95.19385068437796
C12 875.002 94.04443748565647
C12 899.999 87.11286490525444
C12 919.999 78.83817611651293
C12 925.012 76.12109320673736
C12 949.965 61.77251363270721
C12 975.002 46.689532357458724
C12 999.976 30.541984356910042
C12 1025.028 14.908272266750561
C12 1050.014 5.983893993436488
C12 1075.002 0.9293184927282792
C12 1099.99 0.09220612710114584
C13 319.994 45.97236122794026
C13 324.969 47.94545593142044
C13 349.982 57.338223720524745
C13 374.975 74.32586873512179
C13 400.019 85.95578097899018
C13 424.965 86.96111856624779
C13 450.035 85.4927874429647
C13 475.003 84.30704683644628
C13 500.018 83.85915099852387
C13 525.002 84.18396479509948
C13 550.029 85.51877041381715
C13 575.023 87.36737766459837
C13 599.982 89.41092194472144
C13 619.997 90.71905140866771
C13 624.979 90.99009393838683
C13 650.012 92.57435435906173
C13 675.004 93.91807995985745
C13 700.03 94.99593524940629
C13 725.012 95.60707209154096
C13 750.022 97.36307454119252
C13 774.987 98.33196284216196
C13 799.976 99.0855832579686
C13 824.988 97.83745609874376
C13 850.022 97.04232843926223
C13 869.967 95.05222787755041
C13 875.002 93.90173300721912
C13 899.999 86.97422812146242
C13 919.999 78.8032122243368
C13 925.012 76.12318799330565
C13 949.965 61.87790424930911
C13 975.002 46.733873276055064
C13 999.976 30.498207126335714
C13 1025.028 14.888369890000417
C13 1050.014 5.959658265017129
C13 1075.002 0.9275627491319449
C13 1099.99 0.09203192383448605
C14 319.994 45.76595238560989
C14 324.969 47.68977009159828
C14 349.982 56.92407298986601
C14 374.975 74.07738896109453
C14 400.019 86.01090814406176
C14 424.965 87.14299936221495
C14 450.035 85.69194451506596
C14 475.003 84.46690571252647
C14 500.018 83.97418144204275
C14 525.002 84.24892603093346
C14 550.029 85.5546026902434
C14 575.023 87.38044913278448
C14 599.982 89.40731891182399
C14 619.997 90.70523343472271
C14 624.979 90.98342109099113
C14 650.012 92.56501541967002
C14 675.004 93.92080699109907
C14 700.03 95.00158736443781
C14 725.012 95.606660751633
C14 750.022 97.34468612382581
C14 774.987 98.31174624742657
C14 799.976 99.06960194080399
C14 824.988 97.84942304310295
C14 850.022 97.06468552500012
C14 869.967 95.07708347235884
C14 875.002 93.9283253705278
C14 899.999 87.01783776911128
C14 919.999 78.9340106976606
C14 925.012 76.27650351788708
C14 949.965 62.07448282957994
C14 975.002 46.861072525184255
C14 999.976 30.545985399255468
C14 1025.028 14.920232545879763
C14 1050.014 5.990601595245712
C14 1075.002 0.9273876148269145
C14 1099.99 0.0920145471696335
C15 319.994 45.660458934031
C15 324.969 47.54193529042004
C15 349.982 56.65087092563012
C15 374.975 73.96276985748361
C15 400.019 86.17913854900941
C15 424.965 87.43479170506866
C15 450.035 85.99618369883814
C15 475.003 84.74029440320209
C15 500.018 84.21167691704649
C15 525.002 84.43997056596116
C15 550.029 85.70947216558822
C15 575.023 87.50598397876759
C15 599.982 89.5272473472098
C15 619.997 90.82014199975035
C15 624.979 91.09807828163056
C15 650.012 92.68267386815639
C15 675.004 94.047987196714
C15 700.03 95.12900370962953
C15 725.012 95.7225824316191
C15 750.022 97.44317156215807
C15 774.987 98.39138622404995
C15 799.976 99.14892960379358
C15 824.988 97.94024537129813
C15 850.022 97.1346971008151
C15 869.967 95.13333801347446
C15 875.002 93.97725196735726
C15 899.999 87.04871111442496
C15 919.999 79.00808235071518
C15 925.012 76.35529796247747
C15 949.965 62.176571300809655
C15 975.002 46.891667835189786
C15 999.976 30.55242972448009
C15 1025.028 14.914595665659647
C15 1050.014 6.032638724704795
C15 1075.002 0.9283260486395717
C15 1099.99 0.09210765771040394
C16 319.994 45.395415111302874
C16 324.969 47.24569819133871
C16 349.982 56.22562544356517
C16 374.975 73.61274244803154
C16 400.019 86.01138042321534
C16 424.965 87.36274628193102
C16 450.035 85.93756014454894
C16 475.003 84.66194938554818
C16 500.018 84.10143782171471
C16 525.002 84.2886965061081
C16 550.029 85.51883897046848
C16 575.023 87.29013717077137
C16 599.982 89.29280645189291
C16 619.997 90.57666686126987
C16 624.979 90.85730732217459
C16 650.012 92.4349253650766
C16 675.004 93.80189928807745
C16 700.03 94.8803182656483
C16 725.012 95.45544001361985
C16 750.022 97.15132589746445
C16 774.987 98.0789735639586
C16 799.976 98.83739294535805
C16 824.988 97.65365571653948
C16 850.022 96.863448901142
C16 869.967 94.87090315219956
C16 875.002 93.72222122442554
C16 899.999 86.83948383198454
C16 919.999 78.89457538833689
C16 925.012 76.27277098909269
C16 949.965 62.21114289659208
C16 975.002 46.88775248865852
C16 999.976 30.53042684810738
C16 1025.028 14.918664312480686
C16 1050.014 6.069902121227468
C16 1075.002 0.9255458449833199
C16 1099.99 0.09183180845775125
C17 319.994 45.29267916058841
C17 324.969 47.11701354809747
C17 349.982 56.03521696191366
C17 374.975 73.55756196112003
C17 400.019 86.16911404310444
C17 424.965 87.59760613456157
C17 450.035 86.18648934551265
C17 475.003 84.9164316752693
C17 500.018 84.35014611791306
C17 525.002 84.49340666696672
C17 550.029 85.67674017328305
C17 575.023 87.41598433038831
C17 599.982 89.40215431075745
C17 619.997 90.68430080385126
C17 624.979 90.96394338460891
C17 650.012 92.55183730780408
C17 675.004 93.92663430646176
C17 700.03 95.01244216756439
C17 725.012 95.58575097297866
C17 750.022 97.27507827051309
C17 774.987 98.18666844578561
C17 799.976 98.9526138240195
C17 824.988 97.78894845922795
C17 850.022 96.9995947932692
C17 869.967 94.99662843332524
C17 875.002 93.84240865160525
C17 899.999 86.8441533016804
C17 919.999 78.92822908673212
C17 925.012 76.35962464891668
C17 949.965 62.54514328444534
C17 975.002 47.09235981454016
C17 999.976 30.593270445155966
C17 1025.028 14.912808431846614
C17 1050.014 6.051087605229263
C17 1075.002 0.9267249542228156
C17 1099.99 0.09194879859326861
