lsstCam/transmission_sensor/r02_s00/19700101T000000.ecsv
# %ECSV 1.0
# ---
# datatype:
# - {name: amp_name, datatype: string}
# - {name: wavelength, unit: nm, datatype: float32}
# - {name: efficiency, unit: '%', datatype: float64}
# meta: !!omap
# - {MODE: AMP}
# - {TYPE: transmission_sensor}
# - {CALIBDATE: '1970-01-01T00:00:00'}
# - {INSTRUME: LSSTCAM}
# - {OBSTYPE: transmission_sensor}
# - {DETECTOR: 9}
# - {PARQUETFILE: qe_raft_allvalues_nircorrected_20230725.parquet}
# - {CALIBCLS: lsst.ip.isr.IntermediateSensorTransmissionCurve}
# - {CALIB_ID: 'raftName=R02 detectorName=S00 detector=9 calibDate=1970-01-01T00:00:00 ccd=9 ccdnum=9 filter=None'}
# - {DATE: '2023-08-02T16:57:55.500699'}
# - {CALIB_CREATION_DATE: '2023-08-02'}
# - {CALIB_CREATION_TIME: '16:57:55'}
# - __serialized_columns__:
#     efficiency:
#       __class__: astropy.units.quantity.Quantity
#       unit: !astropy.units.Unit {unit: '%'}
#       value: !astropy.table.SerializedColumn {name: efficiency}
#     wavelength:
#       __class__: astropy.units.quantity.Quantity
#       unit: !astropy.units.Unit {unit: nm}
#       value: !astropy.table.SerializedColumn {name: wavelength}
# schema: astropy-2.0
amp_name wavelength efficiency
C00 319.994 46.831626892089844
C00 324.969 48.94818878173828
C00 349.982 58.786495208740234
C00 374.975 75.0777816772461
C00 400.019 85.70840454101562
C00 424.965 86.33869934082031
C00 450.035 84.92636108398438
C00 475.003 84.00878143310547
C00 500.018 83.8153076171875
C00 525.002 84.27499389648438
C00 550.029 85.64530944824219
C00 575.023 87.45389556884766
C00 599.982 89.45751953125
C00 619.997 90.73800659179688
C00 624.979 90.9996109008789
C00 650.012 92.55611419677734
C00 675.004 93.87251281738281
C00 700.03 94.9584732055664
C00 725.012 95.63395690917969
C00 750.022 97.46446228027344
C00 774.987 98.51020050048828
C00 799.976 99.25023651123047
C00 824.988 97.94551849365234
C00 850.022 97.19657897949219
C00 869.967 95.19921875
C00 875.002 94.01950073242188
C00 899.999 86.95701599121094
C00 919.999 78.37832641601562
C00 925.012 75.62303924560547
C00 949.965 61.571903228759766
C00 975.002 46.65602493286133
C00 999.976 30.39405632019043
C00 1025.028 14.844051361083984
C00 1050.014 5.956726551055908
C00 1075.002 0.9285279758171441
C00 1099.99 0.092127692739456
C01 319.994 46.4967041015625
C01 324.969 48.57146072387695
C01 349.982 58.2168083190918
C01 374.975 74.7883529663086
C01 400.019 85.82342529296875
C01 424.965 86.57017517089844
C01 450.035 85.12489318847656
C01 475.003 84.06133270263672
C01 500.018 83.75250244140625
C01 525.002 84.16116333007812
C01 550.029 85.56300354003906
C01 575.023 87.43450927734375
C01 599.982 89.4749755859375
C01 619.997 90.75493621826172
C01 624.979 91.03968811035156
C01 650.012 92.5933609008789
C01 675.004 93.94770050048828
C01 700.03 95.05409240722656
C01 725.012 95.80950164794922
C01 750.022 97.74629211425781
C01 774.987 98.89676666259766
C01 799.976 99.72301483154297
C01 824.988 98.4028091430664
C01 850.022 97.6972885131836
C01 869.967 95.69588470458984
C01 875.002 94.52438354492188
C01 899.999 87.4327392578125
C01 919.999 78.77442169189453
C01 925.012 76.04564666748047
C01 949.965 61.98158264160156
C01 975.002 47.10000991821289
C01 999.976 30.679767608642578
C01 1025.028 14.972384452819824
C01 1050.014 5.97535514831543
C01 1075.002 0.9312120129006323
C01 1099.99 0.09239400043310549
C02 319.994 45.966041564941406
C02 324.969 47.97444152832031
C02 349.982 57.437320709228516
C02 374.975 74.16859436035156
C02 400.019 85.48719024658203
C02 424.965 86.36209869384766
C02 450.035 84.91705322265625
C02 475.003 83.80016326904297
C02 500.018 83.4408187866211
C02 525.002 83.81703186035156
C02 550.029 85.19883728027344
C02 575.023 87.04863739013672
C02 599.982 89.0644302368164
C02 619.997 90.32984161376953
C02 624.979 90.61038208007812
C02 650.012 92.1554183959961
C02 675.004 93.50698852539062
C02 700.03 94.63043975830078
C02 725.012 95.42635345458984
C02 750.022 97.41288757324219
C02 774.987 98.61714172363281
C02 799.976 99.47069549560547
C02 824.988 98.16842651367188
C02 850.022 97.45146942138672
C02 869.967 95.44110870361328
C02 875.002 94.248779296875
C02 899.999 87.04306030273438
C02 919.999 78.45657348632812
C02 925.012 75.7896728515625
C02 949.965 61.9769172668457
C02 975.002 47.05158615112305
C02 999.976 30.5939998626709
C02 1025.028 14.899396896362305
C02 1050.014 5.9487152099609375
C02 1075.002 0.9280352151553624
C02 1099.99 0.09207880147928392
C03 319.994 45.76618576049805
C03 324.969 47.72603225708008
C03 349.982 57.06470489501953
C03 374.975 74.0230712890625
C03 400.019 85.67280578613281
C03 424.965 86.67395782470703
C03 450.035 85.21209716796875
C03 475.003 84.02450561523438
C03 500.018 83.60819244384766
C03 525.002 83.96060943603516
C03 550.029 85.35263061523438
C03 575.023 87.20675659179688
C03 599.982 89.21405792236328
C03 619.997 90.47435760498047
C03 624.979 90.75745391845703
C03 650.012 92.29777526855469
C03 675.004 93.65275573730469
C03 700.03 94.783203125
C03 725.012 95.60459899902344
C03 750.022 97.61660766601562
C03 774.987 98.85005187988281
C03 799.976 99.72515106201172
C03 824.988 98.42581176757812
C03 850.022 97.698974609375
C03 869.967 95.67862701416016
C03 875.002 94.48040008544922
C03 899.999 87.22711944580078
C03 919.999 78.60757446289062
C03 925.012 75.94156646728516
C03 949.965 62.10051727294922
C03 975.002 47.164878845214844
C03 999.976 30.650856018066406
C03 1025.028 14.903097152709961
C03 1050.014 5.970013618469238
C03 1075.002 0.9299757965768506
C03 1099.99 0.09227134418514846
C04 319.994 45.64793014526367
C04 324.969 47.56382751464844
C04 349.982 56.755069732666016
C04 374.975 73.90040588378906
C04 400.019 85.86675262451172
C04 424.965 86.99425506591797
C04 450.035 85.5346908569336
C04 475.003 84.29906463623047
C04 500.018 83.82981872558594
C04 525.002 84.13822937011719
C04 550.029 85.50871276855469
C04 575.023 87.34416961669922
C04 599.982 89.34249114990234
C04 619.997 90.59928894042969
C04 624.979 90.88027954101562
C04 650.012 92.42440032958984
C04 675.004 93.7895736694336
C04 700.03 94.9277572631836
C04 725.012 95.75797271728516
C04 750.022 97.77873229980469
C04 774.987 99.02730560302734
C04 799.976 99.91386413574219
C04 824.988 98.63105773925781
C04 850.022 97.93531799316406
C04 869.967 95.94090270996094
C04 875.002 94.74612426757812
C04 899.999 87.52056121826172
C04 919.999 78.86885833740234
C04 925.012 76.19450378417969
C04 949.965 62.302772521972656
C04 975.002 47.363067626953125
C04 999.976 30.798490524291992
C04 1025.028 15.001975059509277
C04 1050.014 6.01446533203125
C04 1075.002 0.9315202316837116
C04 1099.99 0.09242458161760783
C05 319.994 45.299991607666016
C05 324.969 47.14759063720703
C05 349.982 56.1977653503418
C05 374.975 73.43414306640625
C05 400.019 85.6260757446289
C05 424.965 86.88506317138672
C05 450.035 85.42293548583984
C05 475.003 84.14368438720703
C05 500.018 83.63156127929688
C05 525.002 83.91065216064453
C05 550.029 85.25025939941406
C05 575.023 87.05150604248047
C05 599.982 89.0343017578125
C05 619.997 90.29798889160156
C05 624.979 90.56742095947266
C05 650.012 92.11986541748047
C05 675.004 93.47179412841797
C05 700.03 94.62654876708984
C05 725.012 95.45514678955078
C05 750.022 97.47306823730469
C05 774.987 98.71891021728516
C05 799.976 99.5980453491211
C05 824.988 98.3557357788086
C05 850.022 97.66719055175781
C05 869.967 95.7313003540039
C05 875.002 94.53743743896484
C05 899.999 87.3628921508789
C05 919.999 78.71173095703125
C05 925.012 76.0115966796875
C05 949.965 62.15348815917969
C05 975.002 47.321231842041016
C05 999.976 30.78253936767578
C05 1025.028 15.011961936950684
C05 1050.014 6.0217204093933105
C05 1075.002 0.9286082096083557
C05 1099.99 0.09213565346251072
C06 319.994 45.239253997802734
C06 324.969 47.085601806640625
C06 349.982 56.03618240356445
C06 374.975 73.42544555664062
C06 400.019 85.86871337890625
C06 424.965 87.2141342163086
C06 450.035 85.7691650390625
C06 475.003 84.45887756347656
C06 500.018 83.90287017822266
C06 525.002 84.12727355957031
C06 550.029 85.42646789550781
C06 575.023 87.22219848632812
C06 599.982 89.20111846923828
C06 619.997 90.45002746582031
C06 624.979 90.73546600341797
C06 650.012 92.28158569335938
C06 675.004 93.66014099121094
C06 700.03 94.8066635131836
C06 725.012 95.6363296508789
C06 750.022 97.65382385253906
C06 774.987 98.89754486083984
C06 799.976 99.806396484375
C06 824.988 98.56468200683594
C06 850.022 97.91596984863281
C06 869.967 96.0028076171875
C06 875.002 94.83065032958984
C06 899.999 87.6671142578125
C06 919.999 78.98487091064453
C06 925.012 76.28838348388672
C06 949.965 62.43956756591797
C06 975.002 47.603580474853516
C06 999.976 30.95820426940918
C06 1025.028 15.122385025024414
C06 1050.014 6.073813438415527
C06 1075.002 0.930330274093454
C06 1099.99 0.09230651511869406
C07 319.994 45.36110305786133
C07 324.969 47.18781661987305
C07 349.982 56.11674880981445
C07 374.975 73.71892547607422
C07 400.019 86.42858123779297
C07 424.965 87.8624038696289
C07 450.035 86.43310546875
C07 475.003 85.1275863647461
C07 500.018 84.54627227783203
C07 525.002 84.69873046875
C07 550.029 85.91239166259766
C07 575.023 87.666748046875
C07 599.982 89.64591979980469
C07 619.997 90.91012573242188
C07 624.979 91.19953155517578
C07 650.012 92.77178955078125
C07 675.004 94.1760025024414
C07 700.03 95.34459686279297
C07 725.012 96.18673706054688
C07 750.022 98.2171630859375
C07 774.987 99.47625732421875
C07 799.976 100.40850830078125
C07 824.988 99.18592834472656
C07 850.022 98.56258392333984
C07 869.967 96.67523193359375
C07 875.002 95.5086898803711
C07 899.999 88.25194549560547
C07 919.999 79.51820373535156
C07 925.012 76.82166290283203
C07 949.965 63.1955680847168
C07 975.002 48.21683120727539
C07 999.976 31.287858963012695
C07 1025.028 15.245268821716309
C07 1050.014 6.095356464385986
C07 1075.002 0.9356970493553516
C07 1099.99 0.09283900162982442
C10 319.994 47.181182861328125
C10 324.969 49.335479736328125
C10 349.982 59.27130126953125
C10 374.975 75.61490631103516
C10 400.019 86.23770141601562
C10 424.965 86.81920623779297
C10 450.035 85.3745346069336
C10 475.003 84.41728973388672
C10 500.018 84.20051574707031
C10 525.002 84.66777801513672
C10 550.029 86.06652069091797
C10 575.023 87.9360580444336
C10 599.982 89.9820556640625
C10 619.997 91.28655242919922
C10 624.979 91.55728149414062
C10 650.012 93.13431549072266
C10 675.004 94.4507064819336
C10 700.03 95.47085571289062
C10 725.012 95.96272277832031
C10 750.022 97.57343292236328
C10 774.987 98.39042663574219
C10 799.976 99.04996490478516
C10 824.988 97.75910949707031
C10 850.022 96.94918823242188
C10 869.967 94.98005676269531
C10 875.002 93.83306884765625
C10 899.999 87.05766296386719
C10 919.999 78.71492004394531
C10 925.012 75.94572448730469
C10 949.965 61.35307312011719
C10 975.002 46.4483757019043
C10 999.976 30.425905227661133
C10 1025.028 14.86081314086914
C10 1050.014 6.078380107879639
C10 1075.002 0.9295682022112964
C10 1099.99 0.09223090304664743
C11 319.994 46.734249114990234
C11 324.969 48.823402404785156
C11 349.982 58.56780242919922
C11 374.975 75.18775939941406
C11 400.019 86.1907730102539
C11 424.965 86.92613983154297
C11 450.035 85.46307373046875
C11 475.003 84.40678405761719
C11 500.018 84.09403228759766
C11 525.002 84.5095443725586
C11 550.029 85.89041900634766
C11 575.023 87.7669677734375
C11 599.982 89.82740783691406
C11 619.997 91.14016723632812
C11 624.979 91.41543579101562
C11 650.012 92.99829864501953
C11 675.004 94.33476257324219
C11 700.03 95.38903045654297
C11 725.012 95.95809173583984
C11 750.022 97.6709976196289
C11 774.987 98.58987426757812
C11 799.976 99.3031005859375
C11 824.988 98.01396179199219
C11 850.022 97.21105194091797
C11 869.967 95.24561309814453
C11 875.002 94.10059356689453
C11 899.999 87.19752502441406
C11 919.999 78.8400650024414
C11 925.012 76.087158203125
C11 949.965 61.60933303833008
C11 975.002 46.60761260986328
C11 999.976 30.555784225463867
C11 1025.028 14.920563697814941
C11 1050.014 6.005926132202148
C11 1075.002 0.9304967580587551
C11 1099.99 0.09232303350478556
C12 319.994 46.3979377746582
C12 324.969 48.434329986572266
C12 349.982 58.00655746459961
C12 374.975 74.85907745361328
C12 400.019 86.2118911743164
C12 424.965 87.08588409423828
C12 450.035 85.61216735839844
C12 475.003 84.4724349975586
C12 500.018 84.07630157470703
C12 525.002 84.44427490234375
C12 550.029 85.81448364257812
C12 575.023 87.68679809570312
C12 599.982 89.74846649169922
C12 619.997 91.06564331054688
C12 624.979 91.3382797241211
C12 650.012 92.9281997680664
C12 675.004 94.27432250976562
C12 700.03 95.34626770019531
C12 725.012 95.95172119140625
C12 750.022 97.70088958740234
C12 774.987 98.668212890625
C12 799.976 99.40684509277344
C12 824.988 98.13357543945312
C12 850.022 97.32841491699219
C12 869.967 95.34367370605469
C12 875.002 94.19245147705078
C12 899.999 87.24996948242188
C12 919.999 78.9622573852539
C12 925.012 76.24089813232422
C12 949.965 61.86973571777344
C12 975.002 46.76301574707031
C12 999.976 30.59005355834961
C12 1025.028 14.93173599243164
C12 1050.014 5.993311882019043
C12 1075.002 0.9307811219178709
C12 1099.99 0.09235124782564731
C13 319.994 46.044715881347656
C13 324.969 48.02091598510742
C13 349.982 57.428466796875
C13 374.975 74.4428482055664
C13 400.019 86.091064453125
C13 424.965 87.09798431396484
C13 450.035 85.6273422241211
C13 475.003 84.43973541259766
C13 500.018 83.99113464355469
C13 525.002 84.31645965576172
C13 550.029 85.65336608886719
C13 575.023 87.5048828125
C13 599.982 89.55164337158203
C13 619.997 90.86183166503906
C13 624.979 91.13330078125
C13 650.012 92.72005462646484
C13 675.004 94.0658950805664
C13 700.03 95.14544677734375
C13 725.012 95.7575454711914
C13 750.022 97.51631164550781
C13 774.987 98.48672485351562
C13 799.976 99.24153137207031
C13 824.988 97.99143981933594
C13 850.022 97.19506072998047
C13 869.967 95.20182800292969
C13 875.002 94.04952239990234
C13 899.999 87.11111450195312
C13 919.999 78.92723846435547
C13 925.012 76.24299621582031
C13 949.965 61.97529220581055
C13 975.002 46.80742645263672
C13 999.976 30.546207427978516
C13 1025.028 14.911802291870117
C13 1050.014 5.969038009643555
C13 1075.002 0.929022615004274
C13 1099.99 0.09217677038518733
C14 319.994 45.837982177734375
C14 324.969 47.764827728271484
C14 349.982 57.01366424560547
C14 374.975 74.19397735595703
C14 400.019 86.14627838134766
C14 424.965 87.2801513671875
C14 450.035 85.82681274414062
C14 475.003 84.59984588623047
C14 500.018 84.1063461303711
C14 525.002 84.38152313232422
C14 550.029 85.68925476074219
C14 575.023 87.51797485351562
C14 599.982 89.54803466796875
C14 619.997 90.84799194335938
C14 624.979 91.12661743164062
C14 650.012 92.71070098876953
C14 675.004 94.0686264038086
C14 700.03 95.15110778808594
C14 725.012 95.75713348388672
C14 750.022 97.49789428710938
C14 774.987 98.46647644042969
C14 799.976 99.22552490234375
C14 824.988 98.00342559814453
C14 850.022 97.21745300292969
C14 869.967 95.22672271728516
C14 875.002 94.07615661621094
C14 899.999 87.15479278564453
C14 919.999 79.05824279785156
C14 925.012 76.39655303955078
C14 949.965 62.17218017578125
C14 975.002 46.9348258972168
C14 999.976 30.59406089782715
C14 1025.028 14.94371509552002
C14 1050.014 6.000030040740967
C14 1075.002 0.9288472050601073
C14 1099.99 0.09215936637167291
C15 319.994 45.732322692871094
C15 324.969 47.61676025390625
C15 349.982 56.74003219604492
C15 374.975 74.07917785644531
C15 400.019 86.31477355957031
C15 424.965 87.57240295410156
C15 450.035 86.13153076171875
C15 475.003 84.87366485595703
C15 500.018 84.3442153930664
C15 525.002 84.57286834716797
C15 550.029 85.84436798095703
C15 575.023 87.64370727539062
C15 599.982 89.66815185546875
C15 619.997 90.96308135986328
C15 624.979 91.241455078125
C15 650.012 92.82854461669922
C15 675.004 94.19600677490234
C15 700.03 95.27872467041016
C15 725.012 95.87323760986328
C15 750.022 97.5965347290039
C15 774.987 98.5462417602539
C15 799.976 99.30497741699219
C15 824.988 98.09439086914062
C15 850.022 97.2875747680664
C15 869.967 95.28306579589844
C15 875.002 94.12516021728516
C15 899.999 87.18571472167969
C15 919.999 79.13243103027344
C15 925.012 76.47547149658203
C15 949.965 62.27442932128906
C15 975.002 46.96546936035156
C15 999.976 30.600515365600586
C15 1025.028 14.938069343566895
C15 1050.014 6.042133331298828
C15 1075.002 0.9297871158483091
C15 1099.99 0.0922526234566
C16 319.994 45.466861724853516
C16 324.969 47.3200569152832
C16 349.982 56.314117431640625
C16 374.975 73.72859954833984
C16 400.019 86.1467514038086
C16 424.965 87.500244140625
C16 450.035 86.07281494140625
C16 475.003 84.79519653320312
C16 500.018 84.23380279541016
C16 525.002 84.42135620117188
C16 550.029 85.65343475341797
C16 575.023 87.42752075195312
C16 599.982 89.43334197998047
C16 619.997 90.71922302246094
C16 624.979 91.00030517578125
C16 650.012 92.58040618896484
C16 675.004 93.94953155517578
C16 700.03 95.02964782714844
C16 725.012 95.60567474365234
C16 750.022 97.30422973632812
C16 774.987 98.23333740234375
C16 799.976 98.99295043945312
C16 824.988 97.8073501586914
C16 850.022 97.01589965820312
C16 869.967 95.02021789550781
C16 875.002 93.8697280883789
C16 899.999 86.97615814208984
C16 919.999 79.01874542236328
C16 925.012 76.39281463623047
C16 949.965 62.30905532836914
C16 975.002 46.9615478515625
C16 999.976 30.57847785949707
C16 1025.028 14.942144393920898
C16 1050.014 6.079455375671387
C16 1075.002 0.9270025365048711
C16 1099.99 0.09197634005228456
C17 319.994 45.36396408081055
C17 324.969 47.19116973876953
C17 349.982 56.123409271240234
C17 374.975 73.67333221435547
C17 400.019 86.30473327636719
C17 424.965 87.7354736328125
C17 450.035 86.32213592529297
C17 475.003 85.05007934570312
C17 500.018 84.48290252685547
C17 525.002 84.62638854980469
C17 550.029 85.81158447265625
C17 575.023 87.5535659790039
C17 599.982 89.54286193847656
C17 619.997 90.8270263671875
C17 624.979 91.10710906982422
C17 650.012 92.69750213623047
C17 675.004 94.074462890625
C17 700.03 95.16197967529297
C17 725.012 95.73619079589844
C17 750.022 97.42817687988281
C17 774.987 98.34120178222656
C17 799.976 99.10835266113281
C17 824.988 97.94285583496094
C17 850.022 97.15225982666016
C17 869.967 95.1461410522461
C17 875.002 93.99010467529297
C17 899.999 86.9808349609375
C17 919.999 79.05245208740234
C17 925.012 76.47980499267578
C17 949.965 62.64358139038086
C17 975.002 47.16647720336914
C17 999.976 30.641420364379883
C17 1025.028 14.936279296875
C17 1050.014 6.060611248016357
C17 1075.002 0.9281835015124429
C17 1099.99 0.09209351431540558
