lsstCam/transmission_sensor/r02_s00/19700101T000000.ecsv
# %ECSV 0.9
# ---
# datatype:
# - {name: amp_name, datatype: string}
# - {name: wavelength, unit: nm, datatype: float32}
# - {name: efficiency, unit: '%', datatype: float32}
# meta: !!omap
# - {MODE: AMP}
# - {TYPE: transmission_sensor}
# - {CALIBDATE: '1970-01-01T00:00:00'}
# - {INSTRUME: LSSTCAM}
# - {OBSTYPE: transmission_sensor}
# - {DETECTOR: 9}
# - {CALIBCLS: lsst.ip.isr.IntermediateSensorTransmissionCurve}
# - {PICKLEFILE: RaftRun10982.p}
# - {CALIB_ID: 'raftName=R02 detectorName=S00 detector=9 calibDate=1970-01-01T00:00:00 ccd=9 ccdnum=9 filter=None'}
# - {DATE: '2020-07-23T19:15:16.618604'}
# - {CALIB_CREATION_DATE: '2020-07-23'}
# - {CALIB_CREATION_TIME: '19:15:16'}
# - __serialized_columns__:
#     efficiency:
#       __class__: astropy.units.quantity.Quantity
#       unit: !astropy.units.Unit {unit: '%'}
#       value: !astropy.table.SerializedColumn {name: efficiency}
#     wavelength:
#       __class__: astropy.units.quantity.Quantity
#       unit: !astropy.units.Unit {unit: nm}
#       value: !astropy.table.SerializedColumn {name: wavelength}
# schema: astropy-2.0
amp_name wavelength efficiency
C15 319.994 45.732323
C15 324.969 47.61676
C15 349.982 56.740032
C15 374.975 74.07918
C15 400.019 86.31477
C15 424.965 87.5724
C15 450.035 86.13153
C15 475.003 84.873665
C15 500.018 84.344215
C15 525.002 84.57287
C15 550.029 85.84437
C15 575.023 87.64371
C15 599.982 89.66815
C15 619.997 90.96308
C15 624.979 91.241455
C15 650.012 92.828545
C15 675.004 94.19601
C15 700.03 95.278725
C15 725.012 95.87324
C15 750.022 97.596535
C15 774.987 98.54624
C15 799.976 99.30498
C15 824.988 98.09439
C15 850.022 97.287575
C15 869.967 95.283066
C15 875.002 94.12516
C15 899.999 87.185715
C15 919.999 79.13243
C15 925.012 76.47547
C15 949.965 62.27443
C15 975.002 46.96547
C15 999.976 30.600515
C15 1025.028 14.938069
C15 1050.014 6.0421333
C15 1075.002 3.3887105
C15 1099.99 2.2917457
C17 319.994 45.363964
C17 324.969 47.19117
C17 349.982 56.12341
C17 374.975 73.67333
C17 400.019 86.30473
C17 424.965 87.73547
C17 450.035 86.322136
C17 475.003 85.05008
C17 500.018 84.4829
C17 525.002 84.62639
C17 550.029 85.811584
C17 575.023 87.553566
C17 599.982 89.54286
C17 619.997 90.82703
C17 624.979 91.10711
C17 650.012 92.6975
C17 675.004 94.07446
C17 700.03 95.16198
C17 725.012 95.73619
C17 750.022 97.42818
C17 774.987 98.3412
C17 799.976 99.10835
C17 824.988 97.942856
C17 850.022 97.15226
C17 869.967 95.14614
C17 875.002 93.990105
C17 899.999 86.980835
C17 919.999 79.05245
C17 925.012 76.479805
C17 949.965 62.64358
C17 975.002 47.166477
C17 999.976 30.64142
C17 1025.028 14.936279
C17 1050.014 6.0606112
C17 1075.002 3.378977
C17 1099.99 2.2878733
C10 319.994 47.181183
C10 324.969 49.33548
C10 349.982 59.2713
C10 374.975 75.61491
C10 400.019 86.2377
C10 424.965 86.81921
C10 450.035 85.374535
C10 475.003 84.41729
C10 500.018 84.200516
C10 525.002 84.66778
C10 550.029 86.06652
C10 575.023 87.93606
C10 599.982 89.982056
C10 619.997 91.28655
C10 624.979 91.55728
C10 650.012 93.134315
C10 675.004 94.45071
C10 700.03 95.470856
C10 725.012 95.96272
C10 750.022 97.57343
C10 774.987 98.39043
C10 799.976 99.049965
C10 824.988 97.75911
C10 850.022 96.94919
C10 869.967 94.98006
C10 875.002 93.83307
C10 899.999 87.05766
C10 919.999 78.71492
C10 925.012 75.945724
C10 949.965 61.353073
C10 975.002 46.448376
C10 999.976 30.425905
C10 1025.028 14.860813
C10 1050.014 6.07838
C10 1075.002 3.362422
C10 1099.99 2.2856293
C16 319.994 45.46686
C16 324.969 47.320057
C16 349.982 56.314117
C16 374.975 73.7286
C16 400.019 86.14675
C16 424.965 87.500244
C16 450.035 86.072815
C16 475.003 84.7952
C16 500.018 84.2338
C16 525.002 84.42136
C16 550.029 85.653435
C16 575.023 87.42752
C16 599.982 89.43334
C16 619.997 90.71922
C16 624.979 91.000305
C16 650.012 92.58041
C16 675.004 93.94953
C16 700.03 95.02965
C16 725.012 95.605675
C16 750.022 97.30423
C16 774.987 98.23334
C16 799.976 98.99295
C16 824.988 97.80735
C16 850.022 97.0159
C16 869.967 95.02022
C16 875.002 93.86973
C16 899.999 86.97616
C16 919.999 79.018745
C16 925.012 76.392815
C16 949.965 62.309055
C16 975.002 46.961548
C16 999.976 30.578478
C16 1025.028 14.942144
C16 1050.014 6.0794554
C16 1075.002 3.3951476
C16 1099.99 2.2942514
C07 319.994 45.361103
C07 324.969 47.187817
C07 349.982 56.11675
C07 374.975 73.718925
C07 400.019 86.42858
C07 424.965 87.862404
C07 450.035 86.433105
C07 475.003 85.12759
C07 500.018 84.54627
C07 525.002 84.69873
C07 550.029 85.91239
C07 575.023 87.66675
C07 599.982 89.64592
C07 619.997 90.910126
C07 624.979 91.19953
C07 650.012 92.77179
C07 675.004 94.176
C07 700.03 95.3446
C07 725.012 96.18674
C07 750.022 98.21716
C07 774.987 99.47626
C07 799.976 100.40851
C07 824.988 99.18593
C07 850.022 98.562584
C07 869.967 96.67523
C07 875.002 95.50869
C07 899.999 88.251945
C07 919.999 79.5182
C07 925.012 76.82166
C07 949.965 63.195568
C07 975.002 48.21683
C07 999.976 31.287859
C07 1025.028 15.245269
C07 1050.014 6.0953565
C07 1075.002 3.4088497
C07 1099.99 2.3140333
C03 319.994 45.766186
C03 324.969 47.726032
C03 349.982 57.064705
C03 374.975 74.02307
C03 400.019 85.672806
C03 424.965 86.67396
C03 450.035 85.2121
C03 475.003 84.024506
C03 500.018 83.60819
C03 525.002 83.96061
C03 550.029 85.35263
C03 575.023 87.20676
C03 599.982 89.21406
C03 619.997 90.47436
C03 624.979 90.757454
C03 650.012 92.297775
C03 675.004 93.652756
C03 700.03 94.7832
C03 725.012 95.6046
C03 750.022 97.61661
C03 774.987 98.85005
C03 799.976 99.72515
C03 824.988 98.42581
C03 850.022 97.698975
C03 869.967 95.67863
C03 875.002 94.4804
C03 899.999 87.22712
C03 919.999 78.607574
C03 925.012 75.94157
C03 949.965 62.100517
C03 975.002 47.16488
C03 999.976 30.650856
C03 1025.028 14.903097
C03 1050.014 5.9700136
C03 1075.002 3.3162403
C03 1099.99 2.2925758
C12 319.994 46.397938
C12 324.969 48.43433
C12 349.982 58.006557
C12 374.975 74.85908
C12 400.019 86.21189
C12 424.965 87.085884
C12 450.035 85.61217
C12 475.003 84.472435
C12 500.018 84.0763
C12 525.002 84.444275
C12 550.029 85.81448
C12 575.023 87.6868
C12 599.982 89.74847
C12 619.997 91.06564
C12 624.979 91.33828
C12 650.012 92.9282
C12 675.004 94.27432
C12 700.03 95.34627
C12 725.012 95.95172
C12 750.022 97.70089
C12 774.987 98.66821
C12 799.976 99.406845
C12 824.988 98.133575
C12 850.022 97.328415
C12 869.967 95.34367
C12 875.002 94.19245
C12 899.999 87.24997
C12 919.999 78.96226
C12 925.012 76.2409
C12 949.965 61.869736
C12 975.002 46.763016
C12 999.976 30.590054
C12 1025.028 14.931736
C12 1050.014 5.993312
C12 1075.002 3.3693714
C12 1099.99 2.286571
C13 319.994 46.044716
C13 324.969 48.020916
C13 349.982 57.428467
C13 374.975 74.44285
C13 400.019 86.091064
C13 424.965 87.097984
C13 450.035 85.62734
C13 475.003 84.439735
C13 500.018 83.991135
C13 525.002 84.31646
C13 550.029 85.653366
C13 575.023 87.50488
C13 599.982 89.55164
C13 619.997 90.86183
C13 624.979 91.1333
C13 650.012 92.720055
C13 675.004 94.065895
C13 700.03 95.14545
C13 725.012 95.757545
C13 750.022 97.51631
C13 774.987 98.486725
C13 799.976 99.24153
C13 824.988 97.99144
C13 850.022 97.19506
C13 869.967 95.20183
C13 875.002 94.04952
C13 899.999 87.111115
C13 919.999 78.92724
C13 925.012 76.243
C13 949.965 61.975292
C13 975.002 46.807426
C13 999.976 30.546207
C13 1025.028 14.911802
C13 1050.014 5.969038
C13 1075.002 3.3656118
C13 1099.99 2.285074
C14 319.994 45.837982
C14 324.969 47.764828
C14 349.982 57.013664
C14 374.975 74.19398
C14 400.019 86.14628
C14 424.965 87.28015
C14 450.035 85.82681
C14 475.003 84.599846
C14 500.018 84.106346
C14 525.002 84.38152
C14 550.029 85.689255
C14 575.023 87.517975
C14 599.982 89.548035
C14 619.997 90.84799
C14 624.979 91.12662
C14 650.012 92.7107
C14 675.004 94.06863
C14 700.03 95.15111
C14 725.012 95.75713
C14 750.022 97.497894
C14 774.987 98.46648
C14 799.976 99.225525
C14 824.988 98.003426
C14 850.022 97.21745
C14 869.967 95.22672
C14 875.002 94.07616
C14 899.999 87.15479
C14 919.999 79.05824
C14 925.012 76.39655
C14 949.965 62.17218
C14 975.002 46.934826
C14 999.976 30.59406
C14 1025.028 14.943715
C14 1050.014 6.00003
C14 1075.002 3.3801334
C14 1099.99 2.2915568
C05 319.994 45.29999
C05 324.969 47.14759
C05 349.982 56.197765
C05 374.975 73.43414
C05 400.019 85.626076
C05 424.965 86.88506
C05 450.035 85.422935
C05 475.003 84.143684
C05 500.018 83.63156
C05 525.002 83.91065
C05 550.029 85.25026
C05 575.023 87.051506
C05 599.982 89.0343
C05 619.997 90.29799
C05 624.979 90.56742
C05 650.012 92.119865
C05 675.004 93.471794
C05 700.03 94.62655
C05 725.012 95.45515
C05 750.022 97.47307
C05 774.987 98.71891
C05 799.976 99.598045
C05 824.988 98.355736
C05 850.022 97.66719
C05 869.967 95.7313
C05 875.002 94.53744
C05 899.999 87.36289
C05 919.999 78.71173
C05 925.012 76.0116
C05 949.965 62.15349
C05 975.002 47.32123
C05 999.976 30.78254
C05 1025.028 15.011962
C05 1050.014 6.0217204
C05 1075.002 3.3522348
C05 1099.99 2.3051248
C00 319.994 46.831627
C00 324.969 48.94819
C00 349.982 58.786495
C00 374.975 75.07778
C00 400.019 85.708405
C00 424.965 86.3387
C00 450.035 84.92636
C00 475.003 84.00878
C00 500.018 83.81531
C00 525.002 84.274994
C00 550.029 85.64531
C00 575.023 87.453896
C00 599.982 89.45752
C00 619.997 90.73801
C00 624.979 90.99961
C00 650.012 92.556114
C00 675.004 93.87251
C00 700.03 94.95847
C00 725.012 95.63396
C00 750.022 97.46446
C00 774.987 98.5102
C00 799.976 99.25024
C00 824.988 97.94552
C00 850.022 97.19658
C00 869.967 95.19922
C00 875.002 94.0195
C00 899.999 86.957016
C00 919.999 78.37833
C00 925.012 75.62304
C00 949.965 61.571903
C00 975.002 46.656025
C00 999.976 30.394056
C00 1025.028 14.844051
C00 1050.014 5.9567266
C00 1075.002 3.3418467
C00 1099.99 2.3013434
C02 319.994 45.96604
C02 324.969 47.97444
C02 349.982 57.43732
C02 374.975 74.168594
C02 400.019 85.48719
C02 424.965 86.3621
C02 450.035 84.91705
C02 475.003 83.80016
C02 500.018 83.44082
C02 525.002 83.81703
C02 550.029 85.19884
C02 575.023 87.04864
C02 599.982 89.06443
C02 619.997 90.32984
C02 624.979 90.61038
C02 650.012 92.15542
C02 675.004 93.50699
C02 700.03 94.63044
C02 725.012 95.42635
C02 750.022 97.41289
C02 774.987 98.61714
C02 799.976 99.470695
C02 824.988 98.16843
C02 850.022 97.45147
C02 869.967 95.44111
C02 875.002 94.24878
C02 899.999 87.04306
C02 919.999 78.45657
C02 925.012 75.78967
C02 949.965 61.976917
C02 975.002 47.051586
C02 999.976 30.594
C02 1025.028 14.899397
C02 1050.014 5.948715
C02 1075.002 3.3189638
C02 1099.99 2.2965498
C04 319.994 45.64793
C04 324.969 47.563828
C04 349.982 56.75507
C04 374.975 73.900406
C04 400.019 85.86675
C04 424.965 86.994255
C04 450.035 85.53469
C04 475.003 84.299065
C04 500.018 83.82982
C04 525.002 84.13823
C04 550.029 85.50871
C04 575.023 87.34417
C04 599.982 89.34249
C04 619.997 90.59929
C04 624.979 90.88028
C04 650.012 92.4244
C04 675.004 93.78957
C04 700.03 94.92776
C04 725.012 95.75797
C04 750.022 97.77873
C04 774.987 99.027306
C04 799.976 99.913864
C04 824.988 98.63106
C04 850.022 97.93532
C04 869.967 95.9409
C04 875.002 94.746124
C04 899.999 87.52056
C04 919.999 78.86886
C04 925.012 76.1945
C04 949.965 62.302773
C04 975.002 47.363068
C04 999.976 30.79849
C04 1025.028 15.001975
C04 1050.014 6.0144653
C04 1075.002 3.3405905
C04 1099.99 2.3040135
C11 319.994 46.73425
C11 324.969 48.823402
C11 349.982 58.567802
C11 374.975 75.18776
C11 400.019 86.19077
C11 424.965 86.92614
C11 450.035 85.46307
C11 475.003 84.406784
C11 500.018 84.09403
C11 525.002 84.509544
C11 550.029 85.89042
C11 575.023 87.76697
C11 599.982 89.82741
C11 619.997 91.14017
C11 624.979 91.415436
C11 650.012 92.9983
C11 675.004 94.33476
C11 700.03 95.38903
C11 725.012 95.95809
C11 750.022 97.671
C11 774.987 98.589874
C11 799.976 99.3031
C11 824.988 98.01396
C11 850.022 97.21105
C11 869.967 95.24561
C11 875.002 94.10059
C11 899.999 87.197525
C11 919.999 78.840065
C11 925.012 76.08716
C11 949.965 61.609333
C11 975.002 46.607613
C11 999.976 30.555784
C11 1025.028 14.920564
C11 1050.014 6.005926
C11 1075.002 3.3614192
C11 1099.99 2.2836297
C06 319.994 45.239254
C06 324.969 47.0856
C06 349.982 56.036182
C06 374.975 73.425446
C06 400.019 85.86871
C06 424.965 87.214134
C06 450.035 85.769165
C06 475.003 84.45888
C06 500.018 83.90287
C06 525.002 84.12727
C06 550.029 85.42647
C06 575.023 87.2222
C06 599.982 89.20112
C06 619.997 90.45003
C06 624.979 90.735466
C06 650.012 92.281586
C06 675.004 93.66014
C06 700.03 94.80666
C06 725.012 95.63633
C06 750.022 97.653824
C06 774.987 98.897545
C06 799.976 99.8064
C06 824.988 98.56468
C06 850.022 97.91597
C06 869.967 96.00281
C06 875.002 94.83065
C06 899.999 87.667114
C06 919.999 78.98487
C06 925.012 76.28838
C06 949.965 62.439568
C06 975.002 47.60358
C06 999.976 30.958204
C06 1025.028 15.122385
C06 1050.014 6.0738134
C06 1075.002 3.386797
C06 1099.99 2.3093503
C01 319.994 46.496704
C01 324.969 48.57146
C01 349.982 58.21681
C01 374.975 74.78835
C01 400.019 85.823425
C01 424.965 86.570175
C01 450.035 85.12489
C01 475.003 84.06133
C01 500.018 83.7525
C01 525.002 84.16116
C01 550.029 85.563
C01 575.023 87.43451
C01 599.982 89.474976
C01 619.997 90.75494
C01 624.979 91.03969
C01 650.012 92.59336
C01 675.004 93.9477
C01 700.03 95.05409
C01 725.012 95.8095
C01 750.022 97.74629
C01 774.987 98.89677
C01 799.976 99.723015
C01 824.988 98.40281
C01 850.022 97.69729
C01 869.967 95.695885
C01 875.002 94.52438
C01 899.999 87.43274
C01 919.999 78.77442
C01 925.012 76.04565
C01 949.965 61.981583
C01 975.002 47.10001
C01 999.976 30.679768
C01 1025.028 14.972384
C01 1050.014 5.975355
C01 1075.002 3.3458374
C01 1099.99 2.3122072
