lsstCam/transmission_filter_detector/r01_s21/i_39/19700101T000000.ecsv
# %ECSV 1.0
# ---
# datatype:
# - {name: wavelength, unit: nm, datatype: float32}
# - {name: efficiency, unit: '%', datatype: float64}
# meta: !!omap
# - {MODE: DETECTOR}
# - {TYPE: transmission_filter_detector}
# - {CALIBDATE: '1970-01-01T00:00:00'}
# - {INSTRUME: LSSTCam}
# - {OBSTYPE: transmission_filter_detector}
# - {CALIBCLS: lsst.ip.isr.IntermediateFilterDetectorTransmissionCurve}
# - {SOURCE: Materion (DM-46256)}
# - {DETECTOR: 7}
# - {FILTER: i_39}
# - {CALIB_ID: 'calibDate=1970-01-01T00:00:00 filter=i_39 detector=7'}
# - {DATE: '2025-04-02T15:59:46.511476'}
# - {CALIB_CREATION_DATE: '2025-04-02'}
# - {CALIB_CREATION_TIME: '15:59:46'}
# - __serialized_columns__:
#     efficiency:
#       __class__: astropy.units.quantity.Quantity
#       unit: !astropy.units.Unit {unit: '%'}
#       value: !astropy.table.SerializedColumn {name: efficiency}
#     wavelength:
#       __class__: astropy.units.quantity.Quantity
#       unit: !astropy.units.Unit {unit: nm}
#       value: !astropy.table.SerializedColumn {name: wavelength}
# schema: astropy-2.0
wavelength efficiency
300.0 0.0815893174149096
301.0 0.04413706774357706
302.0 0.006684855179628357
303.0 0.02513320359867066
304.0 0.043581551290117204
305.0 0.036047998582944274
306.0 0.028514451696537435
307.0 0.009593056165613234
308.0 1.6488045737755863e-10
309.0 1.6488045737755863e-10
310.0 1.6488045737755863e-10
311.0 1.6488045737755863e-10
312.0 1.6488045737755863e-10
313.0 1.6488045737755863e-10
314.0 1.6488045737755863e-10
315.0 1.6488045737755863e-10
316.0 1.6488045737755863e-10
317.0 1.6488045737755863e-10
318.0 1.6488045737755863e-10
319.0 1.6488045737755863e-10
320.0 1.6488045737755863e-10
321.0 1.6488045737755863e-10
322.0 1.6488045737755863e-10
323.0 1.6488045737755863e-10
324.0 1.6488045737755863e-10
325.0 1.6488045737755863e-10
326.0 1.6488045737755863e-10
327.0 0.0004887790055363439
328.0 0.004358534715720452
329.0 0.00310626819555182
330.0 0.0018540018572821282
331.0 0.0013157720786693972
332.0 0.0007775429367029574
333.0 0.001782006620487664
334.0 0.0027864702133229002
335.0 0.0028392350941430777
336.0 0.002892001430154778
337.0 0.0033381696994183585
338.0 0.003784337968681939
339.0 0.0037201098166406155
340.0 0.0036558823921950534
341.0 1.6488045737755863e-10
342.0 1.6488045737755863e-10
343.0 1.6488045737755863e-10
344.0 1.6488045737755863e-10
345.0 1.6488045737755863e-10
346.0 1.6488045737755863e-10
347.0 1.6488045737755863e-10
348.0 1.6488045737755863e-10
349.0 1.6488045737755863e-10
350.0 1.6488045737755863e-10
351.0 1.6488045737755863e-10
352.0 7.061071300995536e-05
353.0 1.6488045737755863e-10
354.0 1.6488045737755863e-10
355.0 1.6488045737755863e-10
356.0 0.0006529293386847712
357.0 0.0009692882485978771
358.0 0.0012856474313593935
359.0 0.001330274790234398
360.0 0.001374901785311522
361.0 0.0010591713362373412
362.0 0.0007434408871631604
363.0 0.0007704377821937669
364.0 0.0007974346772243734
365.0 0.0014042731891095173
366.0 0.002011112155742012
367.0 0.001232727572642034
368.0 0.00045434312596626114
369.0 0.0011018996701750439
370.0 0.0017494563508080319
371.0 0.0015937874195515178
372.0 0.0014381183973455336
373.0 0.001096153209800832
374.0 0.0007541879313066602
375.0 1.6488045737755863e-10
376.0 1.6488045737755863e-10
377.0 1.6488045737755863e-10
378.0 1.6488045737755863e-10
379.0 1.6488045737755863e-10
380.0 1.6488045737755863e-10
381.0 1.6488045737755863e-10
382.0 1.6488045737755863e-10
383.0 4.29806732427096e-05
384.0 0.0012418267942848615
385.0 0.0008363244887732435
386.0 0.0004308220013626851
387.0 1.6488045737755863e-10
388.0 1.6488045737755863e-10
389.0 1.6488045737755863e-10
390.0 1.6488045737755863e-10
391.0 1.6488045737755863e-10
392.0 1.6488045737755863e-10
393.0 1.6488045737755863e-10
394.0 0.0008323189831571653
395.0 1.6488045737755863e-10
396.0 1.6488045737755863e-10
397.0 1.6488045737755863e-10
398.0 1.6488045737755863e-10
399.0 1.6488045737755863e-10
400.0 0.00026813340809894726
401.0 0.0005447823696158594
402.0 0.0008214305125875399
403.0 0.0013438814676192123
404.0 0.0018663324226508848
405.0 0.0038563830457860604
406.0 0.005846433123224415
407.0 0.002782355477393139
408.0 1.6488045737755863e-10
409.0 7.816354354872601e-05
410.0 0.00043805016503029037
411.0 0.003214402386220172
412.0 0.005990756108076312
413.0 0.004562833419186063
414.0 0.003134912913083099
415.0 0.003776913945330307
416.0 0.004418915341375396
417.0 0.0030231291020754725
418.0 0.001627342680876609
419.0 0.003761256084544584
420.0 0.005895168942515738
421.0 0.004925979374093004
422.0 0.003956789441872388
423.0 0.0044278469431446865
424.0 0.0048989037168212235
425.0 0.0036876215744996443
426.0 0.0024763381588854827
427.0 0.0034871121897595003
428.0 0.004497886402532458
429.0 0.005055563087807968
430.0 0.00561324050067924
431.0 0.004082146188011393
432.0 0.002551052784838248
433.0 0.003156504317303188
434.0 0.0037619560316670686
435.0 0.0028806445698137395
436.0 0.0019993332898593508
437.0 0.0018354830899625085
438.0 0.0016716328900656663
439.0 0.002018250961555168
440.0 0.00236486921494361
441.0 0.0006215576377144316
442.0 1.6488045737755863e-10
443.0 1.6488045737755863e-10
444.0 1.6488045737755863e-10
445.0 1.6488045737755863e-10
446.0 1.6488045737755863e-10
447.0 2.0000967992928054e-06
448.0 0.0003643768877736875
449.0 1.6488045737755863e-10
450.0 1.6488045737755863e-10
451.0 1.6488045737755863e-10
452.0 0.0011418378562666476
453.0 0.001931656697706785
454.0 0.0027214759029448032
455.0 0.0022580421500606462
456.0 0.0017946083971764892
457.0 0.00119540036394028
458.0 0.0005961921033303952
459.0 0.00023594136564497603
460.0 1.6488045737755863e-10
461.0 0.00022340764189721085
462.0 0.0005711247013095999
463.0 0.0001277473756999825
464.0 1.6488045737755863e-10
465.0 0.0001254408061868162
466.0 0.0005665116532327374
467.0 0.0007950620783958584
468.0 0.0010236126399831846
469.0 0.0006656771802227013
470.0 0.0003077416977248504
471.0 0.0004720018296211492
472.0 0.0006362620297295507
473.0 0.0008789281309873331
474.0 0.001121594414144056
475.0 0.0007440950412274105
476.0 0.0003665959411591757
477.0 0.0008168336535163689
478.0 0.0012670714568230323
479.0 0.001294615776714636
480.0 0.0013221600966062397
481.0 0.0026408277335576713
482.0 0.003959493551519699
483.0 0.005270358815323561
484.0 0.006581222987733781
485.0 0.006613627192564309
486.0 0.0066460306697990745
487.0 0.009844060696195811
488.0 0.013042091450188309
489.0 0.016661497647874057
490.0 0.020280903845559806
491.0 0.022674613865092397
492.0 0.02506832533981651
493.0 0.027274867170490324
494.0 0.02948141482193023
495.0 0.02661940234247595
496.0 0.023757385497447103
497.0 0.01893497392302379
498.0 0.014112560893408954
499.0 0.010269093763781711
500.0 0.006425626634154469
501.0 0.004626738154911436
502.0 0.0028278502213652246
503.0 0.0023856471671024337
504.0 0.0019434437490417622
505.0 0.0017762291463441215
506.0 0.0016090143617475405
507.0 0.0018481570805306546
508.0 0.0020872996174148284
509.0 0.002105143357766792
510.0 0.002122987098118756
511.0 0.0016680194676155224
512.0 0.0012130516552133486
513.0 0.0015136644833546598
514.0 0.0018142771295970306
515.0 0.0022759681087336503
516.0 0.00273765908787027
517.0 0.002374911491642706
518.0 0.0020121640773140825
519.0 0.0021901434593019076
520.0 0.0023681228412897326
521.0 0.0018929598809336312
522.0 0.0014177971024764702
523.0 0.0015084534425113816
524.0 0.0015991101463441737
525.0 0.0021540992747759447
526.0 0.0027090882213087752
527.0 0.0025991103029809892
528.0 0.002489132748451084
529.0 0.002217249493696727
530.0 0.0019453662389423698
531.0 0.0020391084035509266
532.0 0.0021328507500584237
533.0 0.0019189537852071226
534.0 0.001705056638456881
535.0 0.0017698628653306514
536.0 0.0018346690922044218
537.0 0.0023999589757295325
538.0 0.0029652484954567626
539.0 0.0036112440284341574
540.0 0.004257239925209433
541.0 0.004785766577697359
542.0 0.005314293230185285
543.0 0.004893639197689481
544.0 0.004472985165193677
545.0 0.0037408062780741602
546.0 0.0030086283004493453
547.0 0.0024573055270593613
548.0 0.001905982571770437
549.0 0.001957521635631565
550.0 0.0020090608813916333
551.0 0.0016729354683775455
552.0 0.0013368105101108085
553.0 0.0015326926586567424
554.0 0.0017285748981521465
555.0 0.0013194924576964695
556.0 0.0009104100172407925
557.0 0.000809033645055024
558.0 0.0007076574092934607
559.0 0.00026042773697554367
560.0 1.6488045737755863e-10
561.0 0.0005680321010004263
562.0 0.001322866137343226
563.0 0.0014102583918429445
564.0 0.0014976507372921333
565.0 0.0013455512998916674
566.0 0.0011934518624912016
567.0 0.0009669515748100821
568.0 0.0007404511961794924
569.0 0.0007827060471754521
570.0 0.0008249607162724715
571.0 0.0005674344265571563
572.0 0.0003099081595792086
573.0 0.000453515076515032
574.0 0.0005971221071376931
575.0 0.0004525561962509528
576.0 0.00030799017167737475
577.0 0.00044775561036658473
578.0 0.0005875210717931623
579.0 0.00038422235775215086
580.0 0.00018092365507982322
581.0 0.00027176959065400297
582.0 0.00036261546938476386
583.0 0.0005424350547400536
584.0 0.0007222544809337705
585.0 0.0007666731107747182
586.0 0.0008110918315651361
587.0 0.0006542131359310588
588.0 0.0004973342583980411
589.0 0.0005319331648934167
590.0 0.0005665321168635273
591.0 0.0006678293175355066
592.0 0.0007691267455811612
593.0 0.0005255903033685172
594.0 0.000282053770206403
595.0 0.00052397836043383
596.0 0.0007659028597117867
597.0 0.0006904223482706584
598.0 0.0006149419277790003
599.0 0.000633697254670551
600.0 0.0006524524451378966
601.0 0.0005319571300788084
602.0 0.00041146181501972023
603.0 0.00023937639070936712
604.0 6.729086976520193e-05
605.0 0.00014392061302714865
606.0 0.00022055037334212102
607.0 0.0004401803835207829
608.0 0.0006598101663257694
609.0 0.0006019603461027145
610.0 0.0005441102530312492
611.0 0.0006752941317245131
612.0 0.0008064780558925122
613.0 0.00056070589380397
614.0 0.00031493391361436807
615.0 1.6488045737755863e-10
616.0 1.6488045737755863e-10
617.0 1.6488045737755863e-10
618.0 0.00014631006024501403
619.0 0.00034251163469889434
620.0 0.0005387132659961935
621.0 0.000617696559856995
622.0 0.0006966798082430614
623.0 0.0005341754331311677
624.0 0.0003716710125445388
625.0 0.0004208973223285284
626.0 0.00047012367758725304
627.0 0.00033524252103234176
628.0 0.00020036138721479801
629.0 0.000384446093448787
630.0 0.0005685309133696137
631.0 0.0005430580586107681
632.0 0.0005175852038519224
633.0 0.0004497575446293922
634.0 0.0003819298399321269
635.0 0.0003644277740022517
636.0 0.0003469255943855387
637.0 0.00030151961709634634
638.0 0.0002561134579082136
639.0 0.0005319701813277788
640.0 0.0008078268365352415
641.0 0.0006725899311277317
642.0 0.0005373531166696921
643.0 0.0006701567599520786
644.0 0.0008029604941839352
645.0 0.0007123496743588476
646.0 0.0006217389909579651
647.0 0.0007505906523874728
648.0 0.0008794427230895963
649.0 0.0007659577022423036
650.0 0.000652472681395011
651.0 0.0009196016435453203
652.0 0.0011867307875945698
653.0 0.0012276760571694467
654.0 0.0012686212357948534
655.0 0.0019422948753344826
656.0 0.002615968514874112
657.0 0.0035979166568722576
658.0 0.00457986316177994
659.0 0.007231521885842085
660.0 0.04867832758463919
661.0 0.10623021516948938
662.0 0.09892669040709734
663.0 0.11032447218894958
664.0 0.1367870019748807
665.0 0.11248112423345447
666.0 0.15095812268555164
667.0 0.19247139571234584
668.0 0.19873089622706175
669.0 0.26959823444485664
670.0 0.3326753620058298
671.0 0.49967505037784576
672.0 0.8086794055998325
673.0 1.2581960298120975
674.0 1.963215321302414
675.0 2.805311232805252
676.0 3.9121702313423157
677.0 5.1716286689043045
678.0 6.505821645259857
679.0 7.89727196097374
680.0 9.780901670455933
681.0 11.78300529718399
682.0 14.25171047449112
683.0 17.032290995121002
684.0 19.989998638629913
685.0 22.88169413805008
686.0 25.865983963012695
687.0 29.051321744918823
688.0 32.30217695236206
689.0 35.567647218704224
690.0 39.308470487594604
691.0 43.418025970458984
692.0 48.307180404663086
693.0 53.398120403289795
694.0 59.240323305130005
695.0 64.85308408737183
696.0 71.1057722568512
697.0 76.66128873825073
698.0 82.78769254684448
699.0 87.37038969993591
700.0 90.91257452964783
701.0 93.79642009735107
702.0 95.745450258255
703.0 96.89645171165466
704.0 97.3510205745697
705.0 97.80706763267517
706.0 97.85544872283936
707.0 97.99625277519226
708.0 98.05476665496826
709.0 98.03315997123718
710.0 97.8334128856659
711.0 97.98160791397095
712.0 97.92029857635498
713.0 98.00083041191101
714.0 98.07917475700378
715.0 98.10914993286133
716.0 98.00665974617004
717.0 98.23529124259949
718.0 98.26739430427551
719.0 98.26428294181824
720.0 98.45150709152222
721.0 98.42023849487305
722.0 98.16001057624817
723.0 97.90048003196716
724.0 97.4815845489502
725.0 97.23829627037048
726.0 97.00387716293335
727.0 96.75334095954895
728.0 96.4606523513794
729.0 96.308034658432
730.0 96.25746011734009
731.0 96.21573686599731
732.0 96.29281759262085
733.0 96.55202031135559
734.0 96.99363708496094
735.0 97.12772369384766
736.0 97.61794805526733
737.0 97.88472056388855
738.0 98.25624227523804
739.0 98.66257905960083
740.0 98.654305934906
741.0 98.56078028678894
742.0 98.88049364089966
743.0 98.74761700630188
744.0 98.51986765861511
745.0 98.5538899898529
746.0 98.58406782150269
747.0 98.77824783325195
748.0 98.58078360557556
749.0 98.5436201095581
750.0 98.49342107772827
751.0 98.4057605266571
752.0 98.28598499298096
753.0 98.5007107257843
754.0 98.40700626373291
755.0 98.56780171394348
756.0 98.61320853233337
757.0 98.67005348205566
758.0 98.81238341331482
759.0 98.78319501876831
760.0 98.66555333137512
761.0 98.54385256767273
762.0 98.65074753761292
763.0 98.58534932136536
764.0 98.51261973381042
765.0 98.39126467704773
766.0 98.53050112724304
767.0 98.26999306678772
768.0 98.3576238155365
769.0 98.39015007019043
770.0 98.10172319412231
771.0 98.14550280570984
772.0 98.08788895606995
773.0 98.07273149490356
774.0 97.83845543861389
775.0 98.00704717636108
776.0 97.87178039550781
777.0 97.9430615901947
778.0 97.89453148841858
779.0 97.98826575279236
780.0 97.89895415306091
781.0 98.20035696029663
782.0 98.06597828865051
783.0 98.19738268852234
784.0 98.10748100280762
785.0 98.30546975135803
786.0 98.45932722091675
787.0 98.13358783721924
788.0 98.26498627662659
789.0 98.34443926811218
790.0 98.29705357551575
791.0 98.33409786224365
792.0 98.19465279579163
793.0 98.11100363731384
794.0 98.06929230690002
795.0 97.97360301017761
796.0 98.00010323524475
797.0 97.9843258857727
798.0 97.99229502677917
799.0 97.84991145133972
800.0 97.63872027397156
801.0 97.72573113441467
802.0 97.6024329662323
803.0 97.33169078826904
804.0 97.17675447463989
805.0 96.78917527198792
806.0 96.41928672790527
807.0 95.64791321754456
808.0 94.74964737892151
809.0 93.56410503387451
810.0 92.20178127288818
811.0 90.4487133026123
812.0 88.22371363639832
813.0 85.71697473526001
814.0 82.64433741569519
815.0 79.14088368415833
816.0 75.42802095413208
817.0 71.13997340202332
818.0 66.25310778617859
819.0 61.91818118095398
820.0 56.903624534606934
821.0 52.33972668647766
822.0 47.94579744338989
823.0 43.35288405418396
824.0 38.75879943370819
825.0 34.50774848461151
826.0 30.122634768486023
827.0 25.5845308303833
828.0 21.434785425662994
829.0 17.254595458507538
830.0 13.128796219825745
831.0 9.854485839605331
832.0 6.746157258749008
833.0 4.436705633997917
834.0 2.7250882238149643
835.0 1.6261231154203415
836.0 0.9703963994979858
837.0 0.5507708992809057
838.0 0.3016021801158786
839.0 0.18255244940519333
840.0 0.12493501417338848
841.0 0.04057538462802768
842.0 0.05021599354222417
843.0 0.013512143050320446
844.0 1.6488045737755863e-10
845.0 0.009351797780254856
846.0 1.6488045737755863e-10
847.0 0.00028913968890265096
848.0 1.6488045737755863e-10
849.0 1.6488045737755863e-10
850.0 1.6488045737755863e-10
851.0 1.6488045737755863e-10
852.0 0.000539934444532264
853.0 0.0007719077984802425
854.0 0.0010038813343271613
855.0 0.0008920466825657059
856.0 0.0007802122127031907
857.0 0.0008665100722282659
858.0 0.0009528076589049306
859.0 0.0005187630904401885
860.0 8.471843102597632e-05
861.0 0.00015874472865107236
862.0 0.00023277095806406578
863.0 0.00010905970384555985
864.0 1.6488045737755863e-10
865.0 2.6856346835302247e-05
866.0 6.836412467237096e-05
867.0 6.261018370423699e-05
868.0 5.685618589268415e-05
869.0 1.6488045737755863e-10
870.0 1.6488045737755863e-10
871.0 4.1698643826748594e-05
872.0 0.00029707318844884867
873.0 0.00031535348625766346
874.0 0.0003336337613291107
875.0 0.0002546689302107552
876.0 0.00017570413319845102
877.0 1.6488045737755863e-10
878.0 1.6488045737755863e-10
879.0 1.6488045737755863e-10
880.0 0.00042408532863191795
881.0 0.0001826524226089532
882.0 1.6488045737755863e-10
883.0 0.00014279438573794323
884.0 0.00034436927762726555
885.0 0.00014164587582854438
886.0 1.6488045737755863e-10
887.0 8.189282425519195e-05
888.0 0.0002248631744805607
889.0 0.00011184821460119565
890.0 1.6488045737755863e-10
891.0 0.00012695668374362867
892.0 0.0002550800445533241
893.0 0.00024966359433165053
894.0 0.00024424714410997694
