lsstCam/transmission_filter_detector/r01_s21/i_39/19700101T000000.ecsv
# %ECSV 1.0
# ---
# datatype:
# - {name: wavelength, unit: nm, datatype: float32}
# - {name: efficiency, unit: '%', datatype: float64}
# meta: !!omap
# - {MODE: DETECTOR}
# - {TYPE: transmission_filter_detector}
# - {CALIBDATE: '1970-01-01T00:00:00'}
# - {INSTRUME: LSSTCam}
# - {OBSTYPE: transmission_filter_detector}
# - {CALIBCLS: lsst.ip.isr.IntermediateFilterDetectorTransmissionCurve}
# - {SOURCE: Materion (DM-46256)}
# - {DETECTOR: 7}
# - {FILTER: i_39}
# - {CALIB_ID: 'calibDate=1970-01-01T00:00:00 filter=i_39 detector=7'}
# - {DATE: '2025-04-02T15:59:46.511476'}
# - {CALIB_CREATION_DATE: '2025-04-02'}
# - {CALIB_CREATION_TIME: '15:59:46'}
# - __serialized_columns__:
#     efficiency:
#       __class__: astropy.units.quantity.Quantity
#       unit: !astropy.units.Unit {unit: '%'}
#       value: !astropy.table.SerializedColumn {name: efficiency}
#     wavelength:
#       __class__: astropy.units.quantity.Quantity
#       unit: !astropy.units.Unit {unit: nm}
#       value: !astropy.table.SerializedColumn {name: wavelength}
# schema: astropy-2.0
wavelength efficiency
[from data line 596]
896.0 1.6488045737755863e-10
897.0 1.6488045737755863e-10
898.0 1.6488045737755863e-10
899.0 1.6488045737755863e-10
900.0 1.6488045737755863e-10
901.0 1.6488045737755863e-10
902.0 1.6488045737755863e-10
903.0 1.6488045737755863e-10
904.0 3.664254961677216e-05
905.0 1.6488045737755863e-10
906.0 1.6488045737755863e-10
907.0 4.831687760997738e-05
908.0 0.00020550073713820893
909.0 1.6488045737755863e-10
910.0 1.6488045737755863e-10
911.0 1.6488045737755863e-10
912.0 0.00010615427754601114
913.0 0.00010738827995737665
914.0 0.00010862229373742593
915.0 1.6488045737755863e-10
916.0 1.6488045737755863e-10
917.0 1.6488045737755863e-10
918.0 1.6488045737755863e-10
919.0 1.6488045737755863e-10
920.0 1.6488045737755863e-10
921.0 1.6488045737755863e-10
922.0 1.6488045737755863e-10
923.0 1.6488045737755863e-10
924.0 1.6488045737755863e-10
925.0 1.1077494832534285e-05
926.0 0.0001797091726984945
927.0 1.6488045737755863e-10
928.0 1.6488045737755863e-10
929.0 1.6488045737755863e-10
930.0 9.922966910380637e-05
931.0 0.00010467500715094502
932.0 0.0001101203338293999
933.0 0.00011542991842361516
934.0 0.00012073953712388175
935.0 1.6488045737755863e-10
936.0 1.6488045737755863e-10
937.0 1.6488045737755863e-10
938.0 1.6488045737755863e-10
939.0 1.6488045737755863e-10
940.0 1.6488045737755863e-10
941.0 1.6488045737755863e-10
942.0 1.6488045737755863e-10
943.0 1.6488045737755863e-10
944.0 1.6488045737755863e-10
945.0 1.6488045737755863e-10
946.0 1.6488045737755863e-10
947.0 1.6488045737755863e-10
948.0 1.6488045737755863e-10
949.0 1.6488045737755863e-10
950.0 1.6488045737755863e-10
951.0 1.6488045737755863e-10
952.0 1.6488045737755863e-10
953.0 1.6488045737755863e-10
954.0 1.6488045737755863e-10
955.0 0.00014889548083374393
956.0 0.00034783729461196344
957.0 0.00017891304651129758
958.0 9.9887742521787e-06
959.0 9.717961120259133e-05
960.0 0.00018437049220665358
961.0 0.0002654615627761814
962.0 0.0003465526560830767
963.0 0.0001370642394249444
964.0 1.6488045737755863e-10
965.0 1.6488045737755863e-10
966.0 1.6488045737755863e-10
967.0 1.6488045737755863e-10
968.0 1.6488045737755863e-10
969.0 1.6488045737755863e-10
970.0 1.6488045737755863e-10
971.0 5.629261679018782e-06
972.0 1.583017876782833e-05
973.0 8.42463066419441e-05
974.0 0.00015266242598954705
975.0 8.179500810001628e-05
976.0 1.0927548288464095e-05
977.0 1.6488045737755863e-10
978.0 1.6488045737755863e-10
979.0 1.6488045737755863e-10
980.0 1.6488045737755863e-10
981.0 1.6488045737755863e-10
982.0 1.6488045737755863e-10
983.0 1.6488045737755863e-10
984.0 1.6488045737755863e-10
985.0 9.484785437052778e-05
986.0 0.00029271948278619675
987.0 4.9245232958128327e-05
988.0 1.6488045737755863e-10
989.0 1.6488045737755863e-10
990.0 1.6488045737755863e-10
991.0 1.6488045737755863e-10
992.0 1.6488045737755863e-10
993.0 1.6488045737755863e-10
994.0 0.00011714643051163875
995.0 1.6488045737755863e-10
996.0 1.6488045737755863e-10
997.0 1.6488045737755863e-10
998.0 0.00025184053811244667
999.0 0.00025637043563619955
1000.0 0.00026090028768521734
1001.0 7.557276830993942e-05
1002.0 1.6488045737755863e-10
1003.0 1.6488045737755863e-10
1004.0 7.52808659854054e-05
1005.0 1.6488045737755863e-10
1006.0 1.6488045737755863e-10
1007.0 2.0611261675185233e-05
1008.0 0.00027306004994898103
1009.0 0.00013872339650333743
1010.0 4.386663832178783e-06
1011.0 8.712615340300545e-05
1012.0 0.0001698656319604197
1013.0 0.00034091583529516356
1014.0 0.0005119661182106938
1015.0 0.0003686189074869617
1016.0 0.00022527181045006728
1017.0 0.0003627086471169605
1018.0 0.0005001456429454265
1019.0 0.0003528077286318876
1020.0 0.00020546974610624602
1021.0 0.00015907957049421384
1022.0 0.00011268937214481412
1023.0 0.0005377884463086957
1024.0 0.0009628876796341501
1025.0 0.0007710140380368102
1026.0 0.0005791404419142054
1027.0 0.0004889684987574583
1028.0 0.00039879651012597606
1029.0 0.0008045549293456133
1030.0 0.0012103132576157805
1031.0 0.0018387112504569814
1032.0 0.0024671089704497717
1033.0 0.002473524000379257
1034.0 0.002479938484611921
1035.0 0.0031001542083686218
1036.0 0.003720369204529561
1037.0 0.003852703594020568
1038.0 0.003985037255915813
1039.0 0.003236240445403382
1040.0 0.002487443634890951
1041.0 0.0020251673049642704
1042.0 0.0015628907931386493
1043.0 0.0022934596927370876
1044.0 0.003024028592335526
1045.0 0.003352691783220507
1046.0 0.0036813555198023096
1047.0 0.0034243028494529426
1048.0 0.0031672501791035756
1049.0 0.0026492967663216405
1050.0 0.002131343171640765
1051.0 0.0023661976229050197
1052.0 0.0026010522560682148
1053.0 0.0016367805073969066
1054.0 0.0006725087587255985
1055.0 0.0006030266831658082
1056.0 0.000533544607606018
1057.0 0.0007046045084280195
1058.0 0.0008756645911489613
1059.0 0.0009724689334689174
1060.0 0.001069273548637284
1061.0 0.0018620074115460739
1062.0 0.002654740819707513
1063.0 0.002952808608824853
1064.0 0.003250876397942193
1065.0 0.0034121167118428275
1066.0 0.0035733577533392236
1067.0 0.004460304262465797
1068.0 0.005347251135390252
1069.0 0.004240555426804349
1070.0 0.0031338597182184458
1071.0 0.002989621862070635
1072.0 0.0028453836421249434
1073.0 0.0030785089620621875
1074.0 0.003311633918201551
1075.0 0.0032236057450063527
1076.0 0.003135576844215393
1077.0 0.002288378163939342
1078.0 0.0014411789379664697
1079.0 0.0017359638150082901
1080.0 0.0020307490558479913
1081.0 0.0011796269063779619
1082.0 0.00032850450679688947
1083.0 0.00019320279989187839
1084.0 5.7900706451619044e-05
1085.0 0.00032000502869777847
1086.0 0.0005821098511660239
1087.0 0.0008345609785465058
1088.0 0.0010870123333006632
1089.0 1.6488045737755863e-10
1090.0 1.6488045737755863e-10
1091.0 1.6488045737755863e-10
1092.0 1.6488045737755863e-10
1093.0 1.6488045737755863e-10
1094.0 0.0003895556346833473
1095.0 0.00024985392883536406
1096.0 0.00011015238214895362
1097.0 1.6488045737755863e-10
1098.0 1.6488045737755863e-10
1099.0 1.6488045737755863e-10
1100.0 0.0002353346417294233
