lsstCam/transmission_filter_detector/r21_s02/i_39/19700101T000000.ecsv
# %ECSV 1.0
# ---
# datatype:
# - {name: wavelength, unit: nm, datatype: float32}
# - {name: efficiency, unit: '%', datatype: float64}
# meta: !!omap
# - {MODE: DETECTOR}
# - {TYPE: transmission_filter_detector}
# - {CALIBDATE: '1970-01-01T00:00:00'}
# - {INSTRUME: LSSTCam}
# - {OBSTYPE: transmission_filter_detector}
# - {CALIBCLS: lsst.ip.isr.IntermediateFilterDetectorTransmissionCurve}
# - {SOURCE: Materion (DM-46256)}
# - {DETECTOR: 83}
# - {FILTER: i_39}
# - {CALIB_ID: 'calibDate=1970-01-01T00:00:00 filter=i_39 detector=83'}
# - {DATE: '2025-04-02T15:59:46.865146'}
# - {CALIB_CREATION_DATE: '2025-04-02'}
# - {CALIB_CREATION_TIME: '15:59:46'}
# - __serialized_columns__:
#     efficiency:
#       __class__: astropy.units.quantity.Quantity
#       unit: !astropy.units.Unit {unit: '%'}
#       value: !astropy.table.SerializedColumn {name: efficiency}
#     wavelength:
#       __class__: astropy.units.quantity.Quantity
#       unit: !astropy.units.Unit {unit: nm}
#       value: !astropy.table.SerializedColumn {name: wavelength}
# schema: astropy-2.0
wavelength efficiency
[from data line 599]
899.0 1.578855969575077e-10
900.0 1.578855969575077e-10
901.0 1.578855969575077e-10
902.0 1.578855969575077e-10
903.0 1.578855969575077e-10
904.0 1.578855969575077e-10
905.0 1.578855969575077e-10
906.0 9.071844431218778e-06
907.0 0.00013236998483989737
908.0 0.0002556681238274905
909.0 4.8375692784929925e-06
910.0 1.578855969575077e-10
911.0 1.578855969575077e-10
912.0 0.0001578640421939781
913.0 0.00011810446949311881
914.0 7.83449081609433e-05
915.0 1.578855969575077e-10
916.0 1.578855969575077e-10
917.0 1.578855969575077e-10
918.0 1.578855969575077e-10
919.0 1.578855969575077e-10
920.0 1.975219561245467e-05
921.0 1.8803955015300744e-05
922.0 1.7855704470548517e-05
923.0 1.578855969575077e-10
924.0 1.578855969575077e-10
925.0 0.0001120935507969989
926.0 0.00028436445518309483
927.0 5.802436930935073e-05
928.0 1.578855969575077e-10
929.0 7.050302883726545e-05
930.0 0.00030932174013287295
931.0 0.0001983677975658793
932.0 8.741379815546679e-05
933.0 5.7732358982320875e-05
934.0 2.8050939704371558e-05
935.0 1.578855969575077e-10
936.0 1.578855969575077e-10
937.0 1.578855969575077e-10
938.0 1.578855969575077e-10
939.0 1.578855969575077e-10
940.0 1.578855969575077e-10
941.0 1.578855969575077e-10
942.0 1.578855969575077e-10
943.0 1.578855969575077e-10
944.0 1.578855969575077e-10
945.0 1.578855969575077e-10
946.0 1.578855969575077e-10
947.0 1.578855969575077e-10
948.0 6.750738066330086e-05
949.0 1.578855969575077e-10
950.0 1.578855969575077e-10
951.0 1.578855969575077e-10
952.0 1.578855969575077e-10
953.0 1.578855969575077e-10
954.0 1.578855969575077e-10
955.0 6.424010479122444e-06
956.0 0.00020250222405593377
957.0 0.00017162545873361523
958.0 0.00014074863656787784
959.0 0.00013341029898583656
960.0 0.00012607196140379529
961.0 0.00015478121895284858
962.0 0.0001834904992392694
963.0 5.9986632550135255e-05
964.0 1.578855969575077e-10
965.0 1.578855969575077e-10
966.0 1.578855969575077e-10
967.0 1.578855969575077e-10
968.0 1.578855969575077e-10
969.0 1.578855969575077e-10
970.0 1.578855969575077e-10
971.0 1.578855969575077e-10
972.0 1.578855969575077e-10
973.0 1.578855969575077e-10
974.0 5.115239787301107e-05
975.0 1.578855969575077e-10
976.0 1.578855969575077e-10
977.0 1.578855969575077e-10
978.0 1.578855969575077e-10
979.0 1.578855969575077e-10
980.0 1.578855969575077e-10
981.0 1.578855969575077e-10
982.0 1.578855969575077e-10
983.0 1.578855969575077e-10
984.0 1.578855969575077e-10
985.0 8.831436275613669e-05
986.0 0.00022744359284843085
987.0 1.578855969575077e-10
988.0 1.578855969575077e-10
989.0 1.578855969575077e-10
990.0 1.578855969575077e-10
991.0 1.578855969575077e-10
992.0 1.578855969575077e-10
993.0 1.578855969575077e-10
994.0 5.251116519389143e-06
995.0 1.578855969575077e-10
996.0 1.578855969575077e-10
997.0 9.448936566514021e-05
998.0 0.0002455349203955848
999.0 0.0002622607780722319
1000.0 0.0002789865447994089
1001.0 0.00020698780645034276
1002.0 0.00013498903399522533
1003.0 0.0001465499167352391
1004.0 0.00015811083358130418
1005.0 4.994637379240885e-05
1006.0 1.578855969575077e-10
1007.0 8.145440233420231e-05
1008.0 0.0002211269702456775
1009.0 0.00015860389339650283
1010.0 9.608078244127682e-05
1011.0 9.712530300021172e-05
1012.0 9.816978945309529e-05
1013.0 0.0002506927330614417
1014.0 0.0004032157448818907
1015.0 0.0003620003553805873
1016.0 0.0003207850340913865
1017.0 0.00038048710848670453
1018.0 0.0004401892965688603
1019.0 0.0003200053924956592
1020.0 0.00019982137473562034
1021.0 0.00011071864491896122
1022.0 2.161590089144738e-05
1023.0 0.0004146280843997374
1024.0 0.000807640390121378
1025.0 0.000637777020529029
1026.0 0.0004679136509366799
1027.0 0.0004577797881211154
1028.0 0.0004476459253055509
1029.0 0.0008027278454392217
1030.0 0.0011578098565223627
1031.0 0.0017534042854094878
1032.0 0.002348998168599792
1033.0 0.00251067122007953
1034.0 0.0026723433620645665
1035.0 0.003235923213651404
1036.0 0.00379950251954142
1037.0 0.00385507992177736
1038.0 0.0039106573240133
1039.0 0.0034131324355257675
1040.0 0.002915608274633996
1041.0 0.002617996506160125
1042.0 0.0023203849195851944
1043.0 0.002984708953590598
1044.0 0.003649033169494942
1045.0 0.0033322994568152353
1046.0 0.0030155666536302306
1047.0 0.0026828080081031658
1048.0 0.002350049362576101
1049.0 0.0021375890355557203
1050.0 0.0019251285266363993
1051.0 0.001968692959053442
1052.0 0.0020122573914704844
1053.0 0.0012174773473816458
1054.0 0.00042269707591913175
1055.0 0.0005966935987089528
1056.0 0.0007706901669735089
1057.0 0.000597903863308602
1058.0 0.0004251177870173706
1059.0 0.000621214667262393
1060.0 0.0008173119567800313
1061.0 0.0015503437680308707
1062.0 0.0022833753973827697
1063.0 0.0026899697331828065
1064.0 0.003096563887083903
1065.0 0.003450000804150477
1066.0 0.003803438085014932
1067.0 0.00450601801276207
1068.0 0.005208597576711327
1069.0 0.0043235831981291994
1070.0 0.0034385684557491913
1071.0 0.0034663793485378847
1072.0 0.0034941898775286973
1073.0 0.0033824268030002713
1074.0 0.0032706637284718454
1075.0 0.003556373849278316
1076.0 0.0038420836062869057
1077.0 0.0028435970307327807
1078.0 0.001845110091380775
1079.0 0.0018864824596676044
1080.0 0.0019278548279544339
1081.0 0.0011551744137250353
1082.0 0.0003824938630714314
1083.0 1.578855969575077e-10
1084.0 1.578855969575077e-10
1085.0 0.00046986083361844067
1086.0 0.001601330041012261
1087.0 0.0008842418537824415
1088.0 0.00016715395076971618
1089.0 1.578855969575077e-10
1090.0 1.578855969575077e-10
1091.0 1.578855969575077e-10
1092.0 1.578855969575077e-10
1093.0 1.578855969575077e-10
1094.0 1.578855969575077e-10
1095.0 1.578855969575077e-10
1096.0 8.938628752730438e-05
1097.0 1.578855969575077e-10
1098.0 1.578855969575077e-10
1099.0 1.578855969575077e-10
1100.0 2.0792252541923517e-05
