lsstCam/transmission_filter_detector/r21_s02/i_39/19700101T000000.ecsv
# %ECSV 1.0
# ---
# datatype:
# - {name: wavelength, unit: nm, datatype: float32}
# - {name: efficiency, unit: '%', datatype: float64}
# meta: !!omap
# - {MODE: DETECTOR}
# - {TYPE: transmission_filter_detector}
# - {CALIBDATE: '1970-01-01T00:00:00'}
# - {INSTRUME: LSSTCam}
# - {OBSTYPE: transmission_filter_detector}
# - {CALIBCLS: lsst.ip.isr.IntermediateFilterDetectorTransmissionCurve}
# - {SOURCE: Materion (DM-46256)}
# - {DETECTOR: 83}
# - {FILTER: i_39}
# - {CALIB_ID: 'calibDate=1970-01-01T00:00:00 filter=i_39 detector=83'}
# - {DATE: '2025-04-02T15:59:46.865146'}
# - {CALIB_CREATION_DATE: '2025-04-02'}
# - {CALIB_CREATION_TIME: '15:59:46'}
# - __serialized_columns__:
#     efficiency:
#       __class__: astropy.units.quantity.Quantity
#       unit: !astropy.units.Unit {unit: '%'}
#       value: !astropy.table.SerializedColumn {name: efficiency}
#     wavelength:
#       __class__: astropy.units.quantity.Quantity
#       unit: !astropy.units.Unit {unit: nm}
#       value: !astropy.table.SerializedColumn {name: wavelength}
# schema: astropy-2.0
wavelength efficiency
300.0 0.07124566473066807
301.0 0.04765288613270968
302.0 0.02406013518339023
303.0 0.03272637550253421
304.0 0.04139262018725276
305.0 0.033981664455495775
306.0 0.02657070872373879
307.0 0.01471220311941579
308.0 0.0028536996978800744
309.0 1.578855969575077e-10
310.0 1.578855969575077e-10
311.0 1.578855969575077e-10
312.0 0.0026924608391709626
313.0 1.578855969575077e-10
314.0 1.578855969575077e-10
315.0 1.578855969575077e-10
316.0 1.578855969575077e-10
317.0 1.578855969575077e-10
318.0 1.578855969575077e-10
319.0 1.578855969575077e-10
320.0 1.578855969575077e-10
321.0 1.578855969575077e-10
322.0 1.578855969575077e-10
323.0 1.578855969575077e-10
324.0 1.578855969575077e-10
325.0 1.578855969575077e-10
326.0 1.578855969575077e-10
327.0 1.578855969575077e-10
328.0 0.0030057701223995537
329.0 0.0017097221643780358
330.0 0.00041367434278072324
331.0 0.0005983622031635605
332.0 0.0007830509275663644
333.0 0.001126010283769574
334.0 0.0014689696399727836
335.0 0.0015944242477416992
336.0 0.0017198794012074359
337.0 0.002458097515045665
338.0 0.003196315446984954
339.0 0.0032219759305007756
340.0 0.0032476367778144777
341.0 1.578855969575077e-10
342.0 1.578855969575077e-10
343.0 1.578855969575077e-10
344.0 1.578855969575077e-10
345.0 1.578855969575077e-10
346.0 1.578855969575077e-10
347.0 1.578855969575077e-10
348.0 1.578855969575077e-10
349.0 1.578855969575077e-10
350.0 1.578855969575077e-10
351.0 1.578855969575077e-10
352.0 5.16554280238779e-05
353.0 1.578855969575077e-10
354.0 1.578855969575077e-10
355.0 1.578855969575077e-10
356.0 1.578855969575077e-10
357.0 0.0008351882570423186
358.0 0.00216394128074171
359.0 0.0017944617866305634
360.0 0.0014249818377720658
361.0 0.0011191560588486027
362.0 0.0008133301889756694
363.0 0.0001444562599317578
364.0 1.578855969575077e-10
365.0 0.0006441426648962079
366.0 0.0018127033399650827
367.0 0.0010488000043551438
368.0 0.0002848967142199399
369.0 0.0005527200301003177
370.0 0.0008205434824049007
371.0 0.0008497972885379568
372.0 0.0008790510946710128
373.0 0.0008466210601909552
374.0 0.0008141909347614273
375.0 0.00011264407930866582
376.0 1.578855969575077e-10
377.0 1.578855969575077e-10
378.0 0.00023615043573954608
379.0 4.8801649654706125e-05
380.0 1.578855969575077e-10
381.0 1.578855969575077e-10
382.0 1.578855969575077e-10
383.0 0.00033066019113903167
384.0 0.0014408884453587234
385.0 0.001260003773495555
386.0 0.0010791190106829163
387.0 1.578855969575077e-10
388.0 1.578855969575077e-10
389.0 1.578855969575077e-10
390.0 1.578855969575077e-10
391.0 1.578855969575077e-10
392.0 1.578855969575077e-10
393.0 1.578855969575077e-10
394.0 0.0007587100299133454
395.0 1.578855969575077e-10
396.0 1.578855969575077e-10
397.0 1.578855969575077e-10
398.0 6.323672607777553e-06
399.0 0.00014083686892263358
400.0 0.00027534983928489964
401.0 0.0009319263881479856
402.0 0.0015885018001426943
403.0 0.0019993758542113937
404.0 0.0024102499082800932
405.0 0.003817148899543099
406.0 0.005224047345109284
407.0 0.003292827750556171
408.0 0.001361605063721072
409.0 0.001242483176611131
410.0 0.0011233593795623165
411.0 0.0024539880541851744
412.0 0.003784617001656443
413.0 0.0043260748498141766
414.0 0.004867533789365552
415.0 0.004267258918844163
416.0 0.0036669840483227745
417.0 0.002900787330872845
418.0 0.002134590431523975
419.0 0.003685673073050566
420.0 0.005236755168880336
421.0 0.004493102824199013
422.0 0.003749450479517691
423.0 0.004273717058822513
424.0 0.004797983274329454
425.0 0.003924390330212191
426.0 0.0030507962947012857
427.0 0.004047565744258463
428.0 0.00504433483001776
429.0 0.00497392138640862
430.0 0.0049035083065973595
431.0 0.0037604087992804125
432.0 0.002617309473862406
433.0 0.0033647640520939603
434.0 0.004112219176022336
435.0 0.0031364383175969124
436.0 0.002160657095373608
437.0 0.001875383168226108
438.0 0.0015901092410786077
439.0 0.0018915430700872093
440.0 0.002192976899095811
441.0 0.0011042674486816395
442.0 1.555791868668166e-05
443.0 1.578855969575077e-10
444.0 1.578855969575077e-10
445.0 1.578855969575077e-10
446.0 1.578855969575077e-10
447.0 0.000222849075726117
448.0 0.0005961907390883425
449.0 1.578855969575077e-10
450.0 1.578855969575077e-10
451.0 1.578855969575077e-10
452.0 0.0007770038791932166
453.0 0.0013539699466491584
454.0 0.0019309361960040405
455.0 0.0019197515939595178
456.0 0.001908566991914995
457.0 0.0012726919521810487
458.0 0.000636816730548162
459.0 0.000470103123006993
460.0 0.0003033894927284564
461.0 0.00049039549594454
462.0 0.0006774015218979912
463.0 0.00035952177768194815
464.0 4.1642041992417944e-05
465.0 0.0002762220674412674
466.0 0.0005108020104671596
467.0 0.0006354836841637734
468.0 0.0007601652669109171
469.0 0.0005729723852709867
470.0 0.0003857795036310563
471.0 0.00048721108214522246
472.0 0.0005886427516088588
473.0 0.0008094647455436643
474.0 0.0010302869668521453
475.0 0.0006288560143730137
476.0 0.00022742531200492522
477.0 0.0006500795279862359
478.0 0.001072733721230179
479.0 0.0011042186997656245
480.0 0.00113570376925054
481.0 0.002362957275181543
482.0 0.003590209598769434
483.0 0.005399052315624431
484.0 0.007207894668681547
485.0 0.008426317072007805
486.0 0.009644740202929825
487.0 0.012172438437119126
488.0 0.014700136671308428
489.0 0.017427928105462343
490.0 0.020155719539616257
491.0 0.022378801077138633
492.0 0.02460188406985253
493.0 0.025479044415988028
494.0 0.02635620767250657
495.0 0.023016084742266685
496.0 0.01967595744645223
497.0 0.015644702943973243
498.0 0.011613446258706972
499.0 0.008543069998268038
500.0 0.005472694101626985
501.0 0.004145704588154331
502.0 0.002818715074681677
503.0 0.0024604290956631303
504.0 0.002102142752846703
505.0 0.0019998477000626735
506.0 0.0018975524653797038
507.0 0.0018992046534549445
508.0 0.0019008564777323045
509.0 0.0019373761460883543
510.0 0.001973895814444404
511.0 0.0015321396858780645
512.0 0.001090383648261195
513.0 0.0016063871953519993
514.0 0.002122390469594393
515.0 0.0025196262868121266
516.0 0.0029168621040298603
517.0 0.002476822010066826
518.0 0.002036782098002732
519.0 0.0021360290702432394
520.0 0.0022352764062816277
521.0 0.0017512855265522376
522.0 0.0012672948287217878
523.0 0.0014317376553663053
524.0 0.001596180663909763
525.0 0.0020823006707360037
526.0 0.002568420495663304
527.0 0.0025455639843130484
528.0 0.002522707472962793
529.0 0.0018746995920082554
530.0 0.0012266917110537179
531.0 0.0012204193808429409
532.0 0.0012141470506321639
533.0 0.0013846015463059302
534.0 0.001555056223878637
535.0 0.0017623573512537405
536.0 0.0019696586605277844
537.0 0.0026166475436184555
538.0 0.0032636358810123056
539.0 0.004053772136103362
540.0 0.004843908391194418
541.0 0.005309086918714456
542.0 0.0057742654462344944
543.0 0.004933168020215817
544.0 0.00409207095799502
545.0 0.0033206986699951813
546.0 0.0025493267457932234
547.0 0.0021143880076124333
548.0 0.0016794492694316432
549.0 0.0018169213944929652
550.0 0.0019543940652511083
551.0 0.0016174250049516559
552.0 0.001280456217500614
553.0 0.0013742382179771084
554.0 0.0014680202184536029
555.0 0.0010902720532612875
556.0 0.0007125238880689722
557.0 0.0007058506071189186
558.0 0.0006991774625930702
559.0 0.0002752838327069185
560.0 1.578855969575077e-10
561.0 0.0006271682195801986
562.0 0.001402946418238571
563.0 0.0015837033060961403
564.0 0.0017644602849031799
565.0 0.0013473668332153466
566.0 0.0009302734724769834
567.0 0.00070051883085398
568.0 0.0004707643256551819
569.0 0.0005364362550608348
570.0 0.0006021080025675474
571.0 0.0004064906079292996
572.0 0.00021087323602841934
573.0 0.00032674786325515015
574.0 0.0004426226041687187
575.0 0.00046528357415809296
576.0 0.00048794454414746724
577.0 0.0005258660166873597
578.0 0.0005637875801767223
579.0 0.0003226567514502676
580.0 8.152595114552241e-05
581.0 0.00018313404552827706
582.0 0.0002847421455953736
583.0 0.00044441517275117803
584.0 0.0006040881089575123
585.0 0.0007311658009712119
586.0 0.0008582436748838518
587.0 0.0008763057849137112
588.0 0.0008943678949435707
589.0 0.0006897808361827629
590.0 0.0004851938683714252
591.0 0.0006556198059115559
592.0 0.0008260458344011568
593.0 0.0005987079475744395
594.0 0.0003713700152729871
595.0 0.0006438570380851161
596.0 0.0009163439244730398
597.0 0.0007472274774045218
598.0 0.0005781111212854739
599.0 0.0004965809239365626
600.0 0.00041505059016344603
601.0 0.0003647469156931038
602.0 0.000314443218485394
603.0 0.0003093796294706408
604.0 0.00030431592676904984
605.0 0.00026890550088864984
606.0 0.00023349509774561739
607.0 0.0004532706043391954
608.0 0.0006730460427206708
609.0 0.0005938133199379081
610.0 0.0005145803243067348
611.0 0.000721487776900176
612.0 0.0009283952749683522
613.0 0.0005773913926532259
614.0 0.00022638760128756985
615.0 1.578855969575077e-10
616.0 1.578855969575077e-10
617.0 1.578855969575077e-10
618.0 0.00018087794160237536
619.0 0.0002851911631296389
620.0 0.0003895044756063726
621.0 0.0005683599738404155
622.0 0.0007472154265997233
623.0 0.0006207199021446286
624.0 0.000494224423164269
625.0 0.00042310125536459964
626.0 0.00035197811030229786
627.0 0.0002908612032115343
628.0 0.00022974429612077074
629.0 0.0004114784132980276
630.0 0.000593212553212652
631.0 0.0005903872988710646
632.0 0.0005875620445294771
633.0 0.00048474425966560375
634.0 0.0003819263838522602
635.0 0.00044159942262922414
636.0 0.0005012723704567179
637.0 0.00047222438297467306
638.0 0.00044317635001789313
639.0 0.0006065845809644088
640.0 0.0007699926754867192
641.0 0.0005288483862386784
642.0 0.000287704119728005
643.0 0.0005436834726424422
644.0 0.0007996629392437171
645.0 0.0007958532478369307
646.0 0.0007920437383290846
647.0 0.0008267927114502527
648.0 0.0008615420483693015
649.0 0.0007824998647265602
650.0 0.000703457726558554
651.0 0.000908878973859828
652.0 0.001114300266635837
653.0 0.0012321763279032893
654.0 0.0013500522072718013
655.0 0.001944549148902297
656.0 0.002539046181482263
657.0 0.0035401200875639915
658.0 0.004541192538454197
659.0 0.00723817793186754
660.0 0.04006833187304437
661.0 0.07505103130824864
662.0 0.19447477534413338
663.0 0.12335177743807435
664.0 0.14195950934663415
665.0 0.15118715818971395
666.0 0.21769150625914335
667.0 0.19243707647547126
668.0 0.21855272352695465
669.0 0.370488571934402
670.0 0.5418469198048115
671.0 0.8311083540320396
672.0 1.3209891505539417
673.0 1.9568681716918945
674.0 2.818538621068001
675.0 3.81680391728878
676.0 5.021965503692627
677.0 6.409268081188202
678.0 7.8101493418216705
679.0 9.435135871171951
680.0 11.611233651638031
681.0 13.835830986499786
682.0 16.541393101215363
683.0 19.280065596103668
684.0 22.35095500946045
685.0 25.233638286590576
686.0 28.269127011299133
687.0 31.6084623336792
688.0 35.08678674697876
689.0 38.84058892726898
690.0 43.05334687232971
691.0 47.74477183818817
692.0 53.09503674507141
693.0 58.78711938858032
694.0 65.09310603141785
695.0 70.75902223587036
696.0 76.99649333953857
697.0 82.24185705184937
698.0 87.54345178604126
699.0 91.13613367080688
700.0 93.71706247329712
701.0 95.64452767372131
702.0 96.77985906600952
703.0 97.32477068901062
704.0 97.57459759712219
705.0 97.79351353645325
706.0 97.72883653640747
707.0 97.82923460006714
708.0 97.89472222328186
709.0 97.85768389701843
710.0 97.71764874458313
711.0 97.97609448432922
712.0 97.90919423103333
713.0 97.88283705711365
714.0 98.04897904396057
715.0 98.13743233680725
716.0 97.99770712852478
717.0 98.11968207359314
718.0 98.1099545955658
719.0 98.03172945976257
720.0 98.14088940620422
721.0 98.10600280761719
722.0 97.68233299255371
723.0 97.40289449691772
724.0 97.17890620231628
725.0 96.94558382034302
726.0 96.75448536872864
727.0 96.57653570175171
728.0 96.45025134086609
729.0 96.31608128547668
730.0 96.41956090927124
731.0 96.51248455047607
732.0 96.7166006565094
733.0 96.99097871780396
734.0 97.2931981086731
735.0 97.46807217597961
736.0 97.83088564872742
737.0 98.22677373886108
738.0 98.4318733215332
739.0 98.71237277984619
740.0 98.76871705055237
741.0 98.59490990638733
742.0 98.84326457977295
743.0 98.7211287021637
744.0 98.58911633491516
745.0 98.53294491767883
746.0 98.46159815788269
747.0 98.73598217964172
748.0 98.54397177696228
749.0 98.45596551895142
750.0 98.48660826683044
751.0 98.36317300796509
752.0 98.27513694763184
753.0 98.5038697719574
754.0 98.46006631851196
755.0 98.55724573135376
756.0 98.66812229156494
757.0 98.61627221107483
758.0 98.71455430984497
759.0 98.87621402740479
760.0 98.74358177185059
761.0 98.51248264312744
762.0 98.65310192108154
763.0 98.66138696670532
764.0 98.51654767990112
765.0 98.50760102272034
766.0 98.45333695411682
767.0 98.28125834465027
768.0 98.29288721084595
769.0 98.22624921798706
770.0 97.97436594963074
771.0 97.98256754875183
772.0 98.02879691123962
773.0 97.79220223426819
774.0 97.71395921707153
775.0 97.86903858184814
776.0 97.76862859725952
777.0 97.8697419166565
778.0 97.89379239082336
779.0 98.09803366661072
780.0 98.08763861656189
781.0 98.40343594551086
782.0 98.36070537567139
783.0 98.47838282585144
784.0 98.4011709690094
785.0 98.53928685188293
786.0 98.69571924209595
787.0 98.36544990539551
788.0 98.4889268875122
789.0 98.54832887649536
790.0 98.45427870750427
791.0 98.46667051315308
792.0 98.29476475715637
793.0 98.17227721214294
794.0 98.08204770088196
795.0 97.90419936180115
796.0 97.95621633529663
797.0 97.93109893798828
798.0 97.89677858352661
799.0 97.63525724411011
800.0 97.49500751495361
801.0 97.34211564064026
802.0 97.17817306518555
803.0 96.73892855644226
804.0 96.03744149208069
805.0 95.11176347732544
806.0 94.088876247406
807.0 92.52889752388
808.0 90.60830473899841
809.0 88.54466080665588
810.0 86.24351620674133
811.0 83.33450555801392
812.0 79.85576391220093
813.0 76.09426379203796
814.0 71.86462879180908
815.0 67.43871569633484
816.0 63.196516036987305
817.0 58.38226079940796
818.0 53.65877151489258
819.0 49.47458505630493
820.0 44.73048150539398
821.0 40.18004834651947
822.0 35.80610156059265
823.0 31.190934777259827
824.0 26.513394713401794
825.0 22.341719269752502
826.0 17.93883442878723
827.0 13.588683307170868
828.0 9.969313442707062
829.0 6.85625746846199
830.0 4.192952066659927
831.0 2.631686255335808
832.0 1.5187853947281837
833.0 0.8990324102342129
834.0 0.5089054815471172
835.0 0.30324445106089115
836.0 0.1915512140840292
837.0 0.12773032067343593
838.0 0.10741561418399215
839.0 0.040554089355282485
840.0 0.006377043609973043
841.0 1.578855969575077e-10
842.0 0.0018727820133790374
843.0 0.0038122147088870406
844.0 1.578855969575077e-10
845.0 1.578855969575077e-10
846.0 1.578855969575077e-10
847.0 1.578855969575077e-10
848.0 1.578855969575077e-10
849.0 1.578855969575077e-10
850.0 1.578855969575077e-10
851.0 1.578855969575077e-10
852.0 0.0005663200226990739
853.0 0.000832829755381681
854.0 0.0010993397154379636
855.0 0.0008143068953359034
856.0 0.0005292741207085783
857.0 0.0006673900315945502
858.0 0.0008055057151068468
859.0 0.0004009248186775949
860.0 1.578855969575077e-10
861.0 0.00019172953216184396
862.0 0.00038711509660060983
863.0 0.00013865465007256716
864.0 1.578855969575077e-10
865.0 1.578855969575077e-10
866.0 7.541592594861868e-05
867.0 9.657927080297668e-06
868.0 1.578855969575077e-10
869.0 1.578855969575077e-10
870.0 1.578855969575077e-10
871.0 1.578855969575077e-10
872.0 0.0001289351189370791
873.0 0.00018054359998131986
874.0 0.0002321520469195093
875.0 0.00022755541522201383
876.0 0.00022295882899925346
877.0 1.578855969575077e-10
878.0 1.578855969575077e-10
879.0 4.799476869266073e-05
880.0 0.00043582049329415895
881.0 0.00017366327256240766
882.0 1.578855969575077e-10
883.0 7.754878197374637e-05
884.0 0.00024359148937946884
885.0 9.127417683885142e-05
886.0 1.578855969575077e-10
887.0 5.066963240096811e-05
888.0 0.00016238240050370223
889.0 8.501842216901423e-05
890.0 7.654479361463018e-06
891.0 3.077345525070996e-05
892.0 5.389244392972614e-05
893.0 0.00012641639841604047
894.0 0.00019894036995538045
895.0 1.578855969575077e-10
896.0 1.578855969575077e-10
897.0 1.578855969575077e-10
