ts8/qe_curve/rtm-021_s02/19700101T000000.ecsv
# %ECSV 0.9
# ---
# datatype:
# - {name: amp_name, datatype: string}
# - {name: wavelength, unit: nm, datatype: float32}
# - {name: efficiency, unit: '%', datatype: float32}
# meta: !!omap
# - {MODE: AMP}
# - {TYPE: QE}
# - {CALIBDATE: '1970-01-01T00:00:00'}
# - {INSTRUME: TS8}
# - {OBSTYPE: qe_curve}
# - {DETECTOR: 155}
# - {PICKLEFILE: RaftRun12086.p}
# - {CALIB_ID: 'raftName=RTM-021 detectorName=S02 detector=155 calibDate=1970-01-01T00:00:00 ccd=155 ccdnum=155 filter=None'}
# - {DATE: '2020-07-23T19:16:28.960934'}
# - {CALIB_CREATION_DATE: '2020-07-23'}
# - {CALIB_CREATION_TIME: '19:16:28'}
# - __serialized_columns__:
#     efficiency:
#       __class__: astropy.units.quantity.Quantity
#       unit: !astropy.units.Unit {unit: '%'}
#       value: !astropy.table.SerializedColumn {name: efficiency}
#     wavelength:
#       __class__: astropy.units.quantity.Quantity
#       unit: !astropy.units.Unit {unit: nm}
#       value: !astropy.table.SerializedColumn {name: wavelength}
# schema: astropy-2.0
amp_name wavelength efficiency
C12 319.994 44.076347
C12 324.969 45.146404
C12 349.982 52.537888
C12 374.975 69.68967
C12 400.019 85.15451
C12 424.965 87.85469
C12 450.035 87.82988
C12 475.003 87.22728
C12 500.018 86.79326
C12 525.002 86.23552
C12 550.029 87.575066
C12 575.023 88.705215
C12 599.982 89.88466
C12 619.997 91.35911
C12 624.979 91.47549
C12 650.012 92.838585
C12 675.004 94.0178
C12 700.03 95.0159
C12 725.012 96.16523
C12 750.022 97.57187
C12 774.987 99.584076
C12 799.976 99.51723
C12 824.988 99.42186
C12 850.022 98.09046
C12 869.967 95.79396
C12 875.002 95.10401
C12 899.999 88.58326
C12 919.999 80.67909
C12 925.012 77.203
C12 949.965 63.976105
C12 975.002 48.60458
C12 999.976 31.191463
C12 1025.028 15.030529
C12 1050.014 6.17218
C12 1075.002 3.3798418
C12 1099.99 2.2754345
C01 319.994 43.92702
C01 324.969 45.02782
C01 349.982 52.491127
C01 374.975 69.48206
C01 400.019 84.69877
C01 424.965 87.26077
C01 450.035 87.17293
C01 475.003 86.557785
C01 500.018 86.15398
C01 525.002 85.6338
C01 550.029 87.01979
C01 575.023 88.201935
C01 599.982 89.415016
C01 619.997 90.91072
C01 624.979 91.02843
C01 650.012 92.39927
C01 675.004 93.5968
C01 700.03 94.67067
C01 725.012 96.03876
C01 750.022 97.708786
C01 774.987 99.99606
C01 799.976 100.03624
C01 824.988 99.90683
C01 850.022 98.54133
C01 869.967 96.04994
C01 875.002 95.30499
C01 899.999 88.77234
C01 919.999 80.75671
C01 925.012 77.2547
C01 949.965 64.46394
C01 975.002 49.105133
C01 999.976 31.621866
C01 1025.028 15.174026
C01 1050.014 6.165596
C01 1075.002 3.3366277
C01 1099.99 2.3244698
C04 319.994 43.314854
C04 324.969 44.224045
C04 349.982 50.914604
C04 374.975 67.82712
C04 400.019 83.9117
C04 424.965 87.21335
C04 450.035 87.43685
C04 475.003 86.878975
C04 500.018 86.389496
C04 525.002 85.72171
C04 550.029 86.96003
C04 575.023 87.99022
C04 599.982 89.07135
C04 619.997 90.48561
C04 624.979 90.587326
C04 650.012 91.897995
C04 675.004 93.07873
C04 700.03 94.19308
C04 725.012 95.676025
C04 750.022 97.51146
C04 774.987 99.95062
C04 799.976 100.0933
C04 824.988 100.04364
C04 850.022 98.83744
C04 869.967 96.239815
C04 875.002 95.42611
C04 899.999 88.67665
C04 919.999 80.71973
C04 925.012 77.30446
C04 949.965 65.14484
C04 975.002 49.605267
C04 999.976 31.796406
C04 1025.028 15.236105
C04 1050.014 6.1833377
C04 1075.002 3.3392725
C04 1099.99 2.3293033
C11 319.994 44.298798
C11 324.969 45.42797
C11 349.982 53.054077
C11 374.975 70.198906
C11 400.019 85.37848
C11 424.965 87.855156
C11 450.035 87.75031
C11 475.003 87.144005
C11 500.018 86.75691
C11 525.002 86.249725
C11 550.029 87.64333
C11 575.023 88.81751
C11 599.982 90.02923
C11 619.997 91.52393
C11 624.979 91.64481
C11 650.012 93.01997
C11 675.004 94.19842
C11 700.03 95.17437
C11 725.012 96.27092
C11 750.022 97.60857
C11 774.987 99.55255
C11 799.976 99.45089
C11 824.988 99.346344
C11 850.022 98.01317
C11 869.967 95.75897
C11 875.002 95.07984
C11 899.999 88.60855
C11 919.999 80.66436
C11 925.012 77.16964
C11 949.965 63.862312
C11 975.002 48.55796
C11 999.976 31.201408
C11 1025.028 15.043741
C11 1050.014 6.1518064
C11 1075.002 3.3884063
C11 1099.99 2.2787502
C07 319.994 42.93053
C07 324.969 43.65889
C07 349.982 49.613747
C07 374.975 66.44796
C07 400.019 83.527214
C07 424.965 87.671875
C07 450.035 88.264534
C07 475.003 87.75872
C07 500.018 87.19947
C07 525.002 86.4006
C07 550.029 87.51575
C07 575.023 88.410355
C07 599.982 89.37464
C07 619.997 90.71631
C07 624.979 90.80263
C07 650.012 92.062065
C07 675.004 93.22208
C07 700.03 94.33852
C07 725.012 95.81738
C07 750.022 97.63675
C07 774.987 100.05083
C07 799.976 100.21231
C07 824.988 100.23003
C07 850.022 99.084595
C07 869.967 96.50906
C07 875.002 95.686485
C07 899.999 88.8945
C07 919.999 81.12068
C07 925.012 77.76671
C07 949.965 65.624016
C07 975.002 49.996883
C07 999.976 32.01849
C07 1025.028 15.293084
C07 1050.014 6.1948752
C07 1075.002 3.351933
C07 1099.99 2.3323307
C13 319.994 43.877968
C13 324.969 44.88992
C13 349.982 52.049923
C13 374.975 69.18124
C13 400.019 84.90464
C13 424.965 87.81595
C13 450.035 87.89306
C13 475.003 87.321465
C13 500.018 86.86227
C13 525.002 86.25719
C13 550.029 87.5416
C13 575.023 88.61114
C13 599.982 89.73712
C13 619.997 91.18009
C13 624.979 91.293304
C13 650.012 92.6322
C13 675.004 93.80416
C13 700.03 94.81738
C13 725.012 96.022446
C13 750.022 97.49994
C13 774.987 99.58679
C13 799.976 99.556465
C13 824.988 99.475464
C13 850.022 98.16193
C13 869.967 95.854546
C13 875.002 95.16491
C13 899.999 88.601974
C13 919.999 80.71572
C13 925.012 77.25485
C13 949.965 64.12719
C13 975.002 48.72704
C13 999.976 31.226051
C13 1025.028 15.033626
C13 1050.014 6.201611
C13 1075.002 3.3752851
C13 1099.99 2.2762609
C14 319.994 43.620663
C14 324.969 44.56778
C14 349.982 51.466908
C14 374.975 68.56928
C14 400.019 84.59583
C14 424.965 87.77829
C14 450.035 87.97276
C14 475.003 87.42893
C14 500.018 86.94555
C14 525.002 86.29428
C14 550.029 87.52479
C14 575.023 88.53694
C14 599.982 89.61367
C14 619.997 91.024796
C14 624.979 91.13089
C14 650.012 92.45201
C14 675.004 93.61444
C14 700.03 94.64945
C14 725.012 95.9047
C14 750.022 97.45345
C14 774.987 99.608635
C14 799.976 99.62668
C14 824.988 99.571304
C14 850.022 98.29909
C14 869.967 95.99905
C14 875.002 95.309616
C14 899.999 88.716675
C14 919.999 80.83642
C14 925.012 77.39246
C14 949.965 64.341515
C14 975.002 48.9076
C14 999.976 31.345432
C14 1025.028 15.072569
C14 1050.014 6.2224216
C14 1075.002 3.3808744
C14 1099.99 2.2817578
C06 319.994 43.009438
C06 324.969 43.792854
C06 349.982 49.960278
C06 374.975 66.821075
C06 400.019 83.58719
C06 424.965 87.47473
C06 450.035 87.954025
C06 475.003 87.4196
C06 500.018 86.87427
C06 525.002 86.110054
C06 550.029 87.24741
C06 575.023 88.179146
C06 599.982 89.17556
C06 619.997 90.53776
C06 624.979 90.62966
C06 650.012 91.906746
C06 675.004 93.07386
C06 700.03 94.19811
C06 725.012 95.71116
C06 750.022 97.57634
C06 774.987 100.04308
C06 799.976 100.22037
C06 824.988 100.20786
C06 850.022 99.05284
C06 869.967 96.5016
C06 875.002 95.69632
C06 899.999 88.970535
C06 919.999 81.02602
C06 925.012 77.61527
C06 949.965 65.424515
C06 975.002 49.89074
C06 999.976 31.997932
C06 1025.028 15.256017
C06 1050.014 6.192507
C06 1075.002 3.351855
C06 1099.99 2.3322356
C03 319.994 43.59102
C03 324.969 44.56943
C03 349.982 51.560307
C03 374.975 68.5575
C03 400.019 84.36901
C03 424.965 87.39517
C03 450.035 87.486046
C03 475.003 86.866905
C03 500.018 86.38114
C03 525.002 85.759895
C03 550.029 87.04919
C03 575.023 88.14906
C03 599.982 89.30088
C03 619.997 90.7578
C03 624.979 90.8686
C03 650.012 92.21995
C03 675.004 93.414536
C03 700.03 94.523575
C03 725.012 95.97625
C03 750.022 97.7618
C03 774.987 100.161
C03 799.976 100.27456
C03 824.988 100.20719
C03 850.022 98.951836
C03 869.967 96.34617
C03 875.002 95.540054
C03 899.999 88.84436
C03 919.999 80.89028
C03 925.012 77.453255
C03 949.965 65.17009
C03 975.002 49.61239
C03 999.976 31.824347
C03 1025.028 15.263958
C03 1050.014 6.208451
C03 1075.002 3.353706
C03 1099.99 2.336043
C15 319.994 43.380707
C15 324.969 44.254734
C15 349.982 50.83792
C15 374.975 67.8725
C15 400.019 84.25496
C15 424.965 87.77218
C15 450.035 88.12353
C15 475.003 87.606186
C15 500.018 87.08676
C15 525.002 86.37155
C15 550.029 87.529816
C15 575.023 88.46356
C15 599.982 89.479256
C15 619.997 90.851524
C15 624.979 90.95156
C15 650.012 92.23979
C15 675.004 93.39196
C15 700.03 94.43428
C15 725.012 95.72407
C15 750.022 97.32609
C15 774.987 99.52472
C15 799.976 99.57657
C15 824.988 99.54228
C15 850.022 98.31614
C15 869.967 96.028114
C15 875.002 95.32816
C15 899.999 88.711624
C15 919.999 80.856705
C15 925.012 77.43037
C15 949.965 64.4684
C15 975.002 48.984135
C15 999.976 31.431559
C15 1025.028 15.096046
C15 1050.014 6.1995087
C15 1075.002 3.3776145
C15 1099.99 2.280167
C10 319.994 44.33471
C10 324.969 45.52197
C10 349.982 53.378056
C10 374.975 70.51076
C10 400.019 85.39629
C10 424.965 87.65549
C10 450.035 87.45921
C10 475.003 86.85573
C10 500.018 86.50369
C10 525.002 86.045494
C10 550.029 87.491356
C10 575.023 88.715004
C10 599.982 89.95164
C10 619.997 91.45838
C10 624.979 91.582405
C10 650.012 92.962555
C10 675.004 94.14297
C10 700.03 95.10098
C10 725.012 96.14588
C10 750.022 97.41921
C10 774.987 99.29863
C10 799.976 99.16641
C10 824.988 99.044365
C10 850.022 97.71778
C10 869.967 95.464745
C10 875.002 94.77958
C10 899.999 88.2845
C10 919.999 80.29238
C10 925.012 76.80352
C10 949.965 63.51799
C10 975.002 48.348118
C10 999.976 31.183746
C10 1025.028 14.978405
C10 1050.014 5.99122
C10 1075.002 3.319093
C10 1099.99 2.2557333
C05 319.994 43.229206
C05 324.969 44.073704
C05 349.982 50.49919
C05 374.975 67.409424
C05 400.019 83.862915
C05 424.965 87.461685
C05 450.035 87.81954
C05 475.003 87.2868
C05 500.018 86.77372
C05 525.002 86.049995
C05 550.029 87.239685
C05 575.023 88.21324
C05 599.982 89.245605
C05 619.997 90.6354
C05 624.979 90.72599
C05 650.012 92.01876
C05 675.004 93.19544
C05 700.03 94.31853
C05 725.012 95.82317
C05 750.022 97.69522
C05 774.987 100.16982
C05 799.976 100.33532
C05 824.988 100.30841
C05 850.022 99.128105
C05 869.967 96.557045
C05 875.002 95.74442
C05 899.999 88.98378
C05 919.999 80.99911
C05 925.012 77.57741
C05 949.965 65.388054
C05 975.002 49.841713
C05 999.976 31.972834
C05 1025.028 15.271096
C05 1050.014 6.1967006
C05 1075.002 3.352011
C05 1099.99 2.3347633
C16 319.994 43.305145
C16 324.969 44.11114
C16 349.982 50.43313
C16 374.975 67.46871
C16 400.019 84.245514
C16 424.965 88.081604
C16 450.035 88.55387
C16 475.003 88.021255
C16 500.018 87.43685
C16 525.002 86.66128
C16 550.029 87.78389
C16 575.023 88.69387
C16 599.982 89.68673
C16 619.997 91.047325
C16 624.979 91.14425
C16 650.012 92.42286
C16 675.004 93.57012
C16 700.03 94.61938
C16 725.012 95.923805
C16 750.022 97.539734
C16 774.987 99.75578
C16 799.976 99.82203
C16 824.988 99.80316
C16 850.022 98.59513
C16 869.967 96.28388
C16 875.002 95.5794
C16 899.999 88.93087
C16 919.999 81.098595
C16 925.012 77.68586
C16 949.965 64.70933
C16 975.002 49.136036
C16 999.976 31.500437
C16 1025.028 15.108845
C16 1050.014 6.1833687
C16 1075.002 3.364419
C16 1099.99 2.2745016
C17 319.994 43.142338
C17 324.969 43.887177
C17 349.982 49.946434
C17 374.975 66.920296
C17 400.019 84.01994
C17 424.965 88.159355
C17 450.035 88.772675
C17 475.003 88.26498
C17 500.018 87.6561
C17 525.002 86.83616
C17 550.029 87.91535
C17 575.023 88.77391
C17 599.982 89.7132
C17 619.997 91.03805
C17 624.979 91.126816
C17 650.012 92.37725
C17 675.004 93.50916
C17 700.03 94.543846
C17 725.012 95.8087
C17 750.022 97.37855
C17 774.987 99.543015
C17 799.976 99.596985
C17 824.988 99.60247
C17 850.022 98.38451
C17 869.967 96.03441
C17 875.002 95.32619
C17 899.999 88.74441
C17 919.999 81.004906
C17 925.012 77.63382
C17 949.965 64.69455
C17 975.002 49.09168
C17 999.976 31.440157
C17 1025.028 15.052799
C17 1050.014 6.1189227
C17 1075.002 3.3349643
C17 1099.99 2.2639098
C02 319.994 43.749588
C02 324.969 44.78941
C02 349.982 52.015415
C02 374.975 69.02015
C02 400.019 84.53951
C02 424.965 87.335495
C02 450.035 87.34493
C02 475.003 86.73168
C02 500.018 86.291046
C02 525.002 85.717354
C02 550.029 87.04912
C02 575.023 88.17833
C02 599.982 89.35394
C02 619.997 90.82415
C02 624.979 90.94059
C02 650.012 92.297745
C02 675.004 93.492615
C02 700.03 94.5818
C02 725.012 95.99744
C02 750.022 97.72534
C02 774.987 100.06808
C02 799.976 100.1475
C02 824.988 100.05456
C02 850.022 98.74108
C02 869.967 96.17416
C02 875.002 95.399
C02 899.999 88.805786
C02 919.999 80.84907
C02 925.012 77.38766
C02 949.965 64.87161
C02 975.002 49.406837
C02 999.976 31.772898
C02 1025.028 15.231653
C02 1050.014 6.2052574
C02 1075.002 3.3566923
C02 1099.99 2.3319004
C00 319.994 44.078243
C00 324.969 45.241714
C00 349.982 52.95534
C00 374.975 69.98216
C00 400.019 84.92957
C00 424.965 87.2738
C00 450.035 87.10532
C00 475.003 86.487
C00 500.018 86.11665
C00 525.002 85.64532
C00 550.029 87.08511
C00 575.023 88.310265
C00 599.982 89.54861
C00 619.997 91.057655
C00 624.979 91.176094
C00 650.012 92.55504
C00 675.004 93.75094
C00 700.03 94.811615
C00 725.012 96.14296
C00 750.022 97.75945
C00 774.987 99.998215
C00 799.976 100.00962
C00 824.988 99.8502
C00 850.022 98.441444
C00 869.967 96.001854
C00 875.002 95.269516
C00 899.999 88.75636
C00 919.999 80.74174
C00 925.012 77.2085
C00 949.965 64.249954
C00 975.002 48.97264
C00 999.976 31.429495
C00 1025.028 15.135006
C00 1050.014 6.0878434
C00 1075.002 3.2830048
C00 1099.99 2.3055744
