lsstCam/transmission_filter_detector/r20_s11/u_24/19700101T000000.ecsv
# %ECSV 1.0
# ---
# datatype:
# - {name: wavelength, unit: nm, datatype: float32}
# - {name: efficiency, unit: '%', datatype: float64}
# meta: !!omap
# - {MODE: DETECTOR}
# - {TYPE: transmission_filter_detector}
# - {CALIBDATE: '1970-01-01T00:00:00'}
# - {INSTRUME: LSSTCam}
# - {OBSTYPE: transmission_filter_detector}
# - {CALIBCLS: lsst.ip.isr.IntermediateFilterDetectorTransmissionCurve}
# - {SOURCE: Materion (DM-46256)}
# - {DETECTOR: 76}
# - {FILTER: u_24}
# - {CALIB_ID: 'calibDate=1970-01-01T00:00:00 filter=u_24 detector=76'}
# - {DATE: '2025-04-02T15:59:40.100967'}
# - {CALIB_CREATION_DATE: '2025-04-02'}
# - {CALIB_CREATION_TIME: '15:59:40'}
# - __serialized_columns__:
#     efficiency:
#       __class__: astropy.units.quantity.Quantity
#       unit: !astropy.units.Unit {unit: '%'}
#       value: !astropy.table.SerializedColumn {name: efficiency}
#     wavelength:
#       __class__: astropy.units.quantity.Quantity
#       unit: !astropy.units.Unit {unit: nm}
#       value: !astropy.table.SerializedColumn {name: wavelength}
# schema: astropy-2.0
wavelength efficiency
[from data line 587]
882.0 0.0026700785383582115
883.0 0.002680511533981189
884.0 0.0026909445296041667
885.0 0.0028044209102517925
886.0 0.0029178972908994183
887.0 0.002701326047827024
888.0 0.00248475498665357
889.0 0.002504690201021731
890.0 0.002524625597288832
891.0 0.002430606218695175
892.0 0.0023365866582025774
893.0 0.002545170718804002
894.0 0.002753754597506486
895.0 0.002973658592964057
896.0 0.003193562588421628
897.0 0.0037604801036650315
898.0 0.004327397618908435
899.0 0.004483558950596489
900.0 0.004639719918486662
901.0 0.004497599366004579
902.0 0.004355478813522495
903.0 0.0045870077883591875
904.0 0.004818536399397999
905.0 0.004795840504812077
906.0 0.004773144610226154
907.0 0.005105052696308121
908.0 0.005436960782390088
909.0 0.0056241373386001214
910.0 0.005811313531012274
911.0 0.005860349483555183
912.0 0.005909386163693853
913.0 0.005847720240126364
914.0 0.005786054680356756
915.0 0.005352359949029051
916.0 0.004918665581499226
917.0 0.004675184754887596
918.0 0.004431704292073846
919.0 0.0044806987716583535
920.0 0.004529693251242861
921.0 0.004673795774579048
922.0 0.004817898297915235
923.0 0.005321330172591843
924.0 0.005824760592076927
925.0 0.00612678995821625
926.0 0.006428820051951334
927.0 0.0069965994043741375
928.0 0.007564377301605418
929.0 0.007478142651962116
930.0 0.0073919065471272916
931.0 0.007146432471927255
932.0 0.006900956941535696
933.0 0.00681125238770619
934.0 0.006721547833876684
935.0 0.007015006121946499
936.0 0.007308465137612075
937.0 0.007156105129979551
938.0 0.007003748032730073
939.0 0.007086203549988568
940.0 0.007168659067247063
941.0 0.006069833762012422
942.0 0.004971007365384139
943.0 0.004492115112952888
944.0 0.004013223588117398
945.0 0.00347343047906179
946.0 0.002933637733804062
947.0 0.0025591471057850868
948.0 0.002184656295867171
949.0 0.0016937414329731837
950.0 0.0012028261153318454
951.0 0.0013998653230373748
952.0 0.0015969040759955533
953.0 0.0018036145775113255
954.0 0.002010325260926038
955.0 0.0019973596863565035
956.0 0.0019843939298880287
957.0 0.002431589564366732
958.0 0.0028787850169464946
959.0 0.0031670577300246805
960.0 0.003455329715507105
961.0 0.004171351611148566
962.0 0.004887373142992146
963.0 0.004949452340952121
964.0 0.005011531902709976
965.0 0.004926986730424687
966.0 0.004842441558139399
967.0 0.004595760037773289
968.0 0.00434907888120506
969.0 0.004684468513005413
970.0 0.005019858508603647
971.0 0.004912203439744189
972.0 0.004804548734682612
973.0 0.0045895008952356875
974.0 0.004374453055788763
975.0 0.004588161391438916
976.0 0.0048018700908869505
977.0 0.004154049383942038
978.0 0.003506228676997125
979.0 0.0033918884582817554
980.0 0.0032775482395663857
981.0 0.003147499228361994
982.0 0.0030174503990565427
983.0 0.003189857307006605
984.0 0.003362263669259846
985.0 0.003537765223882161
986.0 0.0037132671423023567
987.0 0.004182168049737811
988.0 0.004651069320971146
989.0 0.005524207881535403
990.0 0.006397345714503899
991.0 0.00650122674414888
992.0 0.006605107773793861
993.0 0.006973699055379257
994.0 0.007342288154177368
995.0 0.006992343696765602
996.0 0.006642397056566551
997.0 0.006098620360717177
998.0 0.005554844392463565
999.0 0.006031567681930028
1000.0 0.0065082902438007295
1001.0 0.0062089522543828934
1002.0 0.005909612082177773
1003.0 0.005759266059612855
1004.0 0.005608919673250057
1005.0 0.005590798900811933
1006.0 0.005572678128373809
1007.0 0.005568017513724044
1008.0 0.005563355807680637
1009.0 0.005085605880594812
1010.0 0.004607856317306869
1011.0 0.004153471672907472
1012.0 0.0036990873923059553
1013.0 0.0029545974030043
1014.0 0.002210107231803704
1015.0 0.002121300349244848
1016.0 0.0020324932847870514
1017.0 0.0017957170712179504
1018.0 0.0015589406757499091
1019.0 0.0014953229765524156
1020.0 0.0014317053683043923
1021.0 0.0014456310054811183
1022.0 0.0014595567336073145
1023.0 0.001476661600463558
1024.0 0.001493766740168212
1025.0 0.0011117132999061141
1026.0 0.0007296601324924268
1027.0 0.0010123677384399343
1028.0 0.0012950751624885015
1029.0 0.0013891964044887573
1030.0 0.0014833177374384832
1031.0 0.0019418530428083614
1032.0 0.0024003884391277097
1033.0 0.0018798105884343386
1034.0 0.001359232555842027
1035.0 0.0017180787835968658
1036.0 0.002076924647553824
1037.0 0.0020947605662513524
1038.0 0.0021125966668478213
1039.0 0.0019422870536800474
1040.0 0.0017719776224112138
1041.0 0.0017798951375880279
1042.0 0.001787812652764842
1043.0 0.0021202700736466795
1044.0 0.0024527276764274575
1045.0 0.002127546031260863
1046.0 0.0018023645679932088
1047.0 0.0020295139620429836
1048.0 0.0022566639017895795
1049.0 0.0019332646843395196
1050.0 0.0016098654668894596
1051.0 0.001604576209501829
1052.0 0.0015992865883163176
1053.0 0.0013703450349566992
1054.0 0.0011414034815970808
1055.0 0.0010447738532093354
1056.0 0.0009481444976700004
1057.0 0.0006969148671487346
1058.0 0.00044568528210220393
1059.0 0.0008464912752970122
1060.0 0.0012472976777644362
1061.0 0.0008329767297254875
1062.0 0.0004186558271612739
1063.0 0.00037083848383190343
1064.0 0.0003230208676541224
1065.0 0.0004808980975212762
1066.0 0.00063877532738843
1067.0 0.0008808176971797366
1068.0 0.0011228597031731624
1069.0 0.0020243507606210187
1070.0 0.002925841363321524
1071.0 0.003358608955750242
1072.0 0.0037913760024821386
1073.0 0.002700263212318532
1074.0 0.0016091498764581047
1075.0 0.0027722344384528697
1076.0 0.003935318818548694
1077.0 0.0036459216062212363
1078.0 0.0033565240300958976
1079.0 0.004498455746215768
1080.0 0.005640386007144116
1081.0 0.005084425356471911
1082.0 0.004528465797193348
1083.0 0.0031971045245882124
1084.0 0.0018657437976798974
1085.0 0.002177208079956472
1086.0 0.002488671634637285
1087.0 0.004614151839632541
1088.0 0.006739631498930976
1089.0 0.006501261668745428
1090.0 0.006262893293751404
1091.0 0.0025124740204773843
1092.0 1.633212987593724e-10
1093.0 0.0005917851467529545
1094.0 0.002421514545858372
1095.0 0.0029242621167213656
1096.0 0.0034270098694832996
1097.0 0.001408800744684413
1098.0 1.633212987593724e-10
1099.0 0.00033607941531954566
1100.0 0.0012815667105314787
