lsstCam/transmission_filter_detector/r20_s11/u_24/19700101T000000.ecsv
# %ECSV 1.0
# ---
# datatype:
# - {name: wavelength, unit: nm, datatype: float32}
# - {name: efficiency, unit: '%', datatype: float64}
# meta: !!omap
# - {MODE: DETECTOR}
# - {TYPE: transmission_filter_detector}
# - {CALIBDATE: '1970-01-01T00:00:00'}
# - {INSTRUME: LSSTCam}
# - {OBSTYPE: transmission_filter_detector}
# - {CALIBCLS: lsst.ip.isr.IntermediateFilterDetectorTransmissionCurve}
# - {SOURCE: Materion (DM-46256)}
# - {DETECTOR: 76}
# - {FILTER: u_24}
# - {CALIB_ID: 'calibDate=1970-01-01T00:00:00 filter=u_24 detector=76'}
# - {DATE: '2025-04-02T15:59:40.100967'}
# - {CALIB_CREATION_DATE: '2025-04-02'}
# - {CALIB_CREATION_TIME: '15:59:40'}
# - __serialized_columns__:
#     efficiency:
#       __class__: astropy.units.quantity.Quantity
#       unit: !astropy.units.Unit {unit: '%'}
#       value: !astropy.table.SerializedColumn {name: efficiency}
#     wavelength:
#       __class__: astropy.units.quantity.Quantity
#       unit: !astropy.units.Unit {unit: nm}
#       value: !astropy.table.SerializedColumn {name: wavelength}
# schema: astropy-2.0
wavelength efficiency
295.0 1.633212987593724e-10
296.0 1.633212987593724e-10
297.0 1.633212987593724e-10
298.0 1.633212987593724e-10
299.0 1.633212987593724e-10
300.0 1.633212987593724e-10
301.0 1.633212987593724e-10
302.0 0.040735656511969864
303.0 1.633212987593724e-10
304.0 0.21295503247529268
305.0 0.8988117799162865
306.0 1.8847068771719933
307.0 3.923201933503151
308.0 6.216873601078987
309.0 9.593063592910767
310.0 13.267907500267029
311.0 17.12326407432556
312.0 20.904234051704407
313.0 23.832879960536957
314.0 27.090978622436523
315.0 29.40065562725067
316.0 31.393441557884216
317.0 34.260982275009155
318.0 37.53184974193573
319.0 41.553834080696106
320.0 47.42008149623871
321.0 52.92963981628418
322.0 58.94356369972229
323.0 64.25669193267822
324.0 68.42819452285767
325.0 71.13769054412842
326.0 73.54292869567871
327.0 75.18618106842041
328.0 76.86843276023865
329.0 78.33772301673889
330.0 79.61558699607849
331.0 80.15212416648865
332.0 80.40544390678406
333.0 80.5532693862915
334.0 80.43132424354553
335.0 80.58261275291443
336.0 80.93368411064148
337.0 81.55231475830078
338.0 82.4696958065033
339.0 82.94455409049988
340.0 83.34925174713135
341.0 83.84015560150146
342.0 84.14738774299622
343.0 84.13791060447693
344.0 84.29021835327148
345.0 84.7148060798645
346.0 85.08068919181824
347.0 85.4776680469513
348.0 85.75541973114014
349.0 85.9174370765686
350.0 85.95630526542664
351.0 86.09294295310974
352.0 86.05327606201172
353.0 86.03407740592957
354.0 85.9333872795105
355.0 86.20100617408752
356.0 86.3082230091095
357.0 86.22481226921082
358.0 85.81978678703308
359.0 85.58838963508606
360.0 85.50387024879456
361.0 85.14611721038818
362.0 85.02708077430725
363.0 85.16300916671753
364.0 85.3136420249939
365.0 85.68336367607117
366.0 85.92336773872375
367.0 86.07975840568542
368.0 86.04071736335754
369.0 86.13221049308777
370.0 85.98108887672424
371.0 85.87948083877563
372.0 85.92020869255066
373.0 86.12399101257324
374.0 86.11699342727661
375.0 86.42218708992004
376.0 86.61599159240723
377.0 86.73780560493469
378.0 86.80768013000488
379.0 86.46528124809265
380.0 85.65087914466858
381.0 84.29603576660156
382.0 82.40537643432617
383.0 80.37939071655273
384.0 78.31439971923828
385.0 75.88327527046204
386.0 73.23957085609436
387.0 69.78824138641357
388.0 66.23631715774536
389.0 61.902135610580444
390.0 57.687342166900635
391.0 53.37088704109192
392.0 48.92185628414154
393.0 45.28215825557709
394.0 41.934531927108765
395.0 38.2196843624115
396.0 34.131526947021484
397.0 28.58732044696808
398.0 22.26778119802475
399.0 15.28380960226059
400.0 9.240593016147614
401.0 4.755449295043945
402.0 1.8496708944439888
403.0 0.564118567854166
404.0 0.19029753748327494
405.0 0.07813014672137797
406.0 0.06620088242925704
407.0 0.027004105504602194
408.0 1.633212987593724e-10
409.0 1.633212987593724e-10
410.0 1.633212987593724e-10
411.0 1.633212987593724e-10
412.0 1.633212987593724e-10
413.0 1.633212987593724e-10
414.0 1.633212987593724e-10
415.0 1.633212987593724e-10
416.0 1.633212987593724e-10
417.0 1.633212987593724e-10
418.0 1.633212987593724e-10
419.0 1.633212987593724e-10
420.0 1.633212987593724e-10
421.0 1.633212987593724e-10
422.0 1.633212987593724e-10
423.0 1.633212987593724e-10
424.0 1.633212987593724e-10
425.0 1.633212987593724e-10
426.0 1.633212987593724e-10
427.0 1.633212987593724e-10
428.0 0.0003426689090701984
429.0 1.633212987593724e-10
430.0 1.633212987593724e-10
431.0 1.633212987593724e-10
432.0 1.633212987593724e-10
433.0 1.633212987593724e-10
434.0 0.0010257712347083725
435.0 0.0013324756764632184
436.0 0.0016391806639148854
437.0 0.0006153124104457675
438.0 1.633212987593724e-10
439.0 0.00038709745240339544
440.0 0.0011827508387796115
441.0 1.633212987593724e-10
442.0 1.633212987593724e-10
443.0 1.633212987593724e-10
444.0 1.633212987593724e-10
445.0 1.633212987593724e-10
446.0 1.633212987593724e-10
447.0 1.633212987593724e-10
448.0 1.633212987593724e-10
449.0 1.633212987593724e-10
450.0 1.633212987593724e-10
451.0 1.633212987593724e-10
452.0 1.633212987593724e-10
453.0 0.00013625129895444843
454.0 0.0010824745004356373
455.0 0.0010071831638924778
456.0 0.0009318915545009077
457.0 1.633212987593724e-10
458.0 1.633212987593724e-10
459.0 1.633212987593724e-10
460.0 1.633212987593724e-10
461.0 1.633212987593724e-10
462.0 1.633212987593724e-10
463.0 1.633212987593724e-10
464.0 9.986125633076881e-05
465.0 0.0005538614459510427
466.0 0.0010078619197884109
467.0 0.001430942847946426
468.0 0.0018540244127507322
469.0 0.0008250285645772237
470.0 1.633212987593724e-10
471.0 1.633212987593724e-10
472.0 1.633212987593724e-10
473.0 1.633212987593724e-10
474.0 1.633212987593724e-10
475.0 5.909105738055587e-06
476.0 0.0009256430530513171
477.0 0.00037934905776637606
478.0 1.633212987593724e-10
479.0 1.633212987593724e-10
480.0 1.633212987593724e-10
481.0 1.633212987593724e-10
482.0 1.633212987593724e-10
483.0 1.633212987593724e-10
484.0 1.633212987593724e-10
485.0 1.633212987593724e-10
486.0 1.633212987593724e-10
487.0 1.633212987593724e-10
488.0 1.633212987593724e-10
489.0 1.633212987593724e-10
490.0 1.633212987593724e-10
491.0 1.633212987593724e-10
492.0 1.633212987593724e-10
493.0 1.633212987593724e-10
494.0 0.000240299459619564
495.0 0.00039201759136631154
496.0 0.0005437358595372643
497.0 0.00027837895686388947
498.0 1.3021900713283685e-05
499.0 1.633212987593724e-10
500.0 1.633212987593724e-10
501.0 1.633212987593724e-10
502.0 1.633212987593724e-10
503.0 1.633212987593724e-10
504.0 1.633212987593724e-10
505.0 1.633212987593724e-10
506.0 1.633212987593724e-10
507.0 5.9555810594247305e-05
508.0 0.0001918413772727945
509.0 5.6914240076366696e-05
510.0 1.633212987593724e-10
511.0 0.0007108983936632285
512.0 0.0014998096048657317
513.0 0.00036414155601960374
514.0 1.633212987593724e-10
515.0 1.633212987593724e-10
516.0 0.0004474714387470158
517.0 0.0002837661440935335
518.0 0.00012006108818241046
519.0 1.633212987593724e-10
520.0 1.633212987593724e-10
521.0 1.633212987593724e-10
522.0 1.633212987593724e-10
523.0 1.633212987593724e-10
524.0 1.633212987593724e-10
525.0 1.633212987593724e-10
526.0 1.633212987593724e-10
527.0 1.633212987593724e-10
528.0 1.633212987593724e-10
529.0 4.067636183435752e-06
530.0 0.00012914184708279208
531.0 1.633212987593724e-10
532.0 1.633212987593724e-10
533.0 1.633212987593724e-10
534.0 0.00010211502967649722
535.0 0.000138860787046724
536.0 0.00017560660126036964
537.0 1.633212987593724e-10
538.0 1.633212987593724e-10
539.0 1.633212987593724e-10
540.0 1.633212987593724e-10
541.0 1.633212987593724e-10
542.0 1.633212987593724e-10
543.0 1.633212987593724e-10
544.0 1.633212987593724e-10
545.0 1.633212987593724e-10
546.0 1.633212987593724e-10
547.0 8.050929523051309e-05
548.0 0.0003436880660956376
549.0 1.633212987593724e-10
550.0 1.633212987593724e-10
551.0 1.633212987593724e-10
552.0 0.00015745497421448817
553.0 1.633212987593724e-10
554.0 1.633212987593724e-10
555.0 1.633212987593724e-10
556.0 1.633212987593724e-10
557.0 1.633212987593724e-10
558.0 1.633212987593724e-10
559.0 1.633212987593724e-10
560.0 1.633212987593724e-10
561.0 8.131560775836988e-05
562.0 0.00023645084183954168
563.0 1.633212987593724e-10
564.0 1.633212987593724e-10
565.0 1.633212987593724e-10
566.0 1.633212987593724e-10
567.0 1.633212987593724e-10
568.0 1.6552577619677322e-05
569.0 5.499897497429629e-05
570.0 9.344532827526564e-05
571.0 0.0001065486685547512
572.0 0.00011965213388975826
573.0 0.00026742829959403025
574.0 0.00041520465856592637
575.0 0.00041256034819525667
576.0 0.0004099162651982624
577.0 0.0001831722101997002
578.0 1.633212987593724e-10
579.0 9.192617653752677e-05
580.0 0.00022742410692444537
581.0 0.0007037738214421552
582.0 0.0011801236723840702
583.0 0.001458353472116869
584.0 0.0017365829990012571
585.0 0.0013640006727655418
586.0 0.0009914179827319458
587.0 0.0010709198249969631
588.0 0.0011504217582114507
589.0 0.0009134939318755642
590.0 0.0006765659236407373
591.0 0.0006148593001853442
592.0 0.000553152631255216
593.0 0.0005752281140303239
594.0 0.0005973034603812266
595.0 0.0008208834515244234
596.0 0.00104446335171815
597.0 0.0011662401448120363
598.0 0.0012880169379059225
599.0 0.001334864464297425
600.0 0.0013817118087899871
601.0 0.0017046679204213433
602.0 0.00202762421395164
603.0 0.002285897971887607
604.0 0.0025441719117225148
605.0 0.002229001620435156
606.0 0.0019138320567435585
607.0 0.001281016375287436
608.0 0.0006482009212049888
609.0 0.0005465210506372387
610.0 0.0004448410891200183
611.0 0.00022126944259071024
612.0 1.633212987593724e-10
613.0 0.00030889159461366944
614.0 0.0006200853931659367
615.0 0.000799209374235943
616.0 0.0009783335372048896
617.0 0.0009201135071634781
618.0 0.0008618935680715367
619.0 0.0005314486770657822
620.0 0.00020100371784792515
621.0 0.000450764446213725
622.0 0.0007005251063674223
623.0 0.0007379755516012665
624.0 0.0007754260877845809
625.0 0.0007086680852808058
626.0 0.0006419103556254413
627.0 0.0008393495591008104
628.0 0.0010367888535256498
629.0 0.0010242816642858088
630.0 0.0010117742021975573
631.0 0.001473778047511587
632.0 0.0019357814380782656
633.0 0.0019582881577662192
634.0 0.001980794513656292
635.0 0.002616048186609987
636.0 0.003251301677664742
637.0 0.002801305345201399
638.0 0.0023513090127380565
639.0 0.002179687908210326
640.0 0.002008066621783655
641.0 0.0015178402463789098
642.0 0.0010276139619236346
643.0 0.0008674955097376369
644.0 0.0007073770120769041
645.0 0.0004477201855479507
646.0 0.00018806330217557843
647.0 0.0003806049790000543
648.0 0.0005731466899305815
649.0 0.0002448558916512411
650.0 1.633212987593724e-10
651.0 0.00012893636949229403
652.0 0.0003413078275116277
653.0 0.0006586486506421352
654.0 0.00097598940556054
655.0 0.00141809969136375
656.0 0.0018602098862174898
657.0 0.0023354474251391366
658.0 0.0028106855097576044
659.0 0.0033670465199975297
660.0 0.003923407348338515
661.0 0.003879960786434822
662.0 0.0038365134969353676
663.0 0.003233577444916591
664.0 0.002630641574796755
665.0 0.00223724237002898
666.0 0.0018438431652612053
667.0 0.0013605043932329863
668.0 0.0008771653483563568
669.0 0.0009187045179714914
670.0 0.0009602438694855664
671.0 0.0006737475359841483
672.0 0.00038725111153326
673.0 0.00025047222607099684
674.0 0.00011369329513399862
675.0 0.0006047514489182504
676.0 0.001095809511753032
677.0 0.0014221749552234542
678.0 0.0017485403077444062
679.0 0.0019406730643822812
680.0 0.002132805821020156
681.0 0.0032157429814105853
682.0 0.004298680869396776
683.0 0.005675674765370786
684.0 0.007052668661344796
685.0 0.007634276698809117
686.0 0.008215887646656483
687.0 0.00803011716925539
688.0 0.007844346691854298
689.0 0.006817641406087205
690.0 0.0057909386669052765
691.0 0.004758523573400453
692.0 0.0037261088436935097
693.0 0.0031488718377659097
694.0 0.0025716346499393694
695.0 0.0019291297576273791
696.0 0.0012866248653153889
697.0 0.0010663637112884317
698.0 0.0008461022844130639
699.0 0.0007963759344420396
700.0 0.0007466496299457503
701.0 0.0005562098522204906
702.0 0.00036577009723259835
703.0 0.0004604587047651876
704.0 0.0005551473805098794
705.0 0.000535973094883957
706.0 0.0005167988547327695
707.0 0.0006297664640442235
708.0 0.0007427337550325319
709.0 0.0007471367098332848
710.0 0.0007515395282098325
711.0 0.0007776291568006855
712.0 0.0008037190127652138
713.0 0.0006346482678054599
714.0 0.00046557765926991124
715.0 0.0005648106252920115
716.0 0.0006640435458393767
717.0 0.0006704601219098549
718.0 0.000676876652505598
719.0 0.0006543846666318132
720.0 0.0006318925898085581
721.0 0.00045692086132476106
722.0 0.00028194915557833156
723.0 0.00023383220195682952
724.0 0.00018571525970401126
725.0 0.0002877688530134037
726.0 0.0003898224804288475
727.0 0.00026985776457877364
728.0 0.00014989313967816997
729.0 0.0002011252718148171
730.0 0.00025235742668883177
731.0 0.0002459800043652649
732.0 0.00023960258204169804
733.0 1.0823066531884251e-05
734.0 1.633212987593724e-10
735.0 9.278328434447758e-05
736.0 0.0004035229267174145
737.0 0.000184951284154522
738.0 1.633212987593724e-10
739.0 0.0005035297363065183
740.0 0.001040680035657715
741.0 0.0010399672646599356
742.0 0.001039254402712686
743.0 0.0014424998880713247
744.0 0.0018457452824804932
745.0 0.0024984658011817373
746.0 0.0031511859560851008
747.0 0.003787881723837927
748.0 0.004424576763994992
749.0 0.004204376455163583
750.0 0.003984176510130055
751.0 0.0037881149182794616
752.0 0.003592052962630987
753.0 0.0030390934625756927
754.0 0.002486134326318279
755.0 0.0025868206648738123
756.0 0.002687506639631465
757.0 0.0021458912669913843
758.0 0.0016042755305534229
759.0 0.0014047976037545595
760.0 0.0012053197679051664
761.0 0.0012765935025527142
762.0 0.0013478674190992024
763.0 0.000838690630189376
764.0 0.00032951379580481444
765.0 0.0004535105745162582
766.0 0.000577507353227702
767.0 0.0005651942956319544
768.0 0.000552881283510942
769.0 0.0007101499704731395
770.0 0.0008674188393342774
771.0 0.0006086467237764737
772.0 0.0003498746082186699
773.0 0.00031432816740561975
774.0 0.000278781658380467
775.0 0.0003744078640011139
776.0 0.0004700340468843933
777.0 0.00044479152165877167
778.0 0.00041954895095841493
779.0 0.0005967484412394697
780.0 0.0007739478860457893
781.0 0.0007341105629166123
782.0 0.0006942733307369053
783.0 0.0007277536496985704
784.0 0.0007612339231855003
785.0 0.00117380868687178
786.0 0.0015863835869822651
787.0 0.001101716134144226
788.0 0.0006170484084577765
789.0 0.0006485519406851381
790.0 0.0006800554274377646
791.0 0.0006796111847506836
792.0 0.0006791668965888675
793.0 0.00037423596950247884
794.0 6.930500831003883e-05
795.0 0.00022913191060069948
796.0 0.0003889588242600439
797.0 0.0005972275175736286
798.0 0.0008054963473114185
799.0 0.0003689233835757477
800.0 1.633212987593724e-10
801.0 1.633212987593724e-10
802.0 1.633212987593724e-10
803.0 1.633212987593724e-10
804.0 1.633212987593724e-10
805.0 1.633212987593724e-10
806.0 5.700507585970627e-05
807.0 1.633212987593724e-10
808.0 1.633212987593724e-10
809.0 0.000320611911774904
810.0 0.0007067108072078554
811.0 0.00040168238228943665
812.0 9.665429843153106e-05
813.0 0.00025925512545654783
814.0 0.0004218560661684023
815.0 0.00035814332477457356
816.0 0.0002944305833807448
817.0 0.0005632263309962582
818.0 0.0008320220331370365
819.0 0.0007362104952335358
820.0 0.0006403991847037105
821.0 0.0002814922709148959
822.0 1.633212987593724e-10
823.0 0.00010085127541969996
824.0 0.0002791171027638484
825.0 1.633212987593724e-10
826.0 1.633212987593724e-10
827.0 1.633212987593724e-10
828.0 0.0001883094910226646
829.0 1.633212987593724e-10
830.0 1.633212987593724e-10
831.0 1.633212987593724e-10
832.0 1.633212987593724e-10
833.0 1.633212987593724e-10
834.0 1.633212987593724e-10
835.0 1.633212987593724e-10
836.0 4.0754244423624186e-05
837.0 1.633212987593724e-10
838.0 1.633212987593724e-10
839.0 1.633212987593724e-10
840.0 1.633212987593724e-10
841.0 1.633212987593724e-10
842.0 8.433033258370415e-05
843.0 1.633212987593724e-10
844.0 1.633212987593724e-10
845.0 1.633212987593724e-10
846.0 1.633212987593724e-10
847.0 1.633212987593724e-10
848.0 1.633212987593724e-10
849.0 5.996257641527336e-05
850.0 0.00020376205611682963
851.0 0.0002793302201098413
852.0 0.0003548984295775881
853.0 0.0003258928245486459
854.0 0.0002968871967823361
855.0 0.00016519049950147746
856.0 3.3493734008516185e-05
857.0 0.00021574098809651332
858.0 0.00039798819670977537
859.0 0.0008200467163987923
860.0 0.0012421052815625444
861.0 0.0011790777534770314
862.0 0.0011160503163409885
863.0 0.0010833152373379562
864.0 0.0010505799764359836
865.0 0.0014628405551775359
866.0 0.0018751008610706776
867.0 0.0019283019355498254
868.0 0.0019815030100289732
869.0 0.00162999021995347
870.0 0.0012784772479790263
871.0 0.0015424384400830604
872.0 0.0018063994502881542
873.0 0.002123312879120931
874.0 0.002440225944155827
875.0 0.0024531544113415293
876.0 0.002466082696628291
877.0 0.0022557938791578636
878.0 0.0020455052435863763
879.0 0.0022338655981002375
880.0 0.002422225952614099
