lsstCam/transmission_sensor/r12_s11/19700101T000000.ecsv
# %ECSV 1.0
# ---
# datatype:
# - {name: amp_name, datatype: string}
# - {name: wavelength, unit: nm, datatype: float32}
# - {name: efficiency, unit: '%', datatype: float64}
# meta: !!omap
# - {MODE: AMP}
# - {TYPE: transmission_sensor}
# - {CALIBDATE: '1970-01-01T00:00:00'}
# - {INSTRUME: LSSTCam}
# - {OBSTYPE: transmission_sensor}
# - {DETECTOR: 49}
# - {PARQUETFILE: qe_raft_allvalues_nircorrected_20230725_adjust.parquet}
# - {CORRFILE: qe_corr_factor_bydetnum.parquet}
# - {CALIBCLS: lsst.ip.isr.IntermediateSensorTransmissionCurve}
# - {CALIB_ID: 'raftName=R12 detectorName=S11 detector=49 calibDate=1970-01-01T00:00:00 ccd=49 ccdnum=49 filter=None'}
# - {DATE: '2025-03-03T21:56:47.647148'}
# - {CALIB_CREATION_DATE: '2025-03-03'}
# - {CALIB_CREATION_TIME: '21:56:47'}
# - __serialized_columns__:
#     efficiency:
#       __class__: astropy.units.quantity.Quantity
#       unit: !astropy.units.Unit {unit: '%'}
#       value: !astropy.table.SerializedColumn {name: efficiency}
#     wavelength:
#       __class__: astropy.units.quantity.Quantity
#       unit: !astropy.units.Unit {unit: nm}
#       value: !astropy.table.SerializedColumn {name: wavelength}
# schema: astropy-2.0
amp_name wavelength efficiency
C00 319.994 43.57451720985444
C00 324.969 49.22634923784362
C00 349.982 72.03068233502682
C00 374.975 75.69175871430026
C00 400.019 83.1523829102778
C00 424.965 85.16881010200791
C00 450.035 87.99784299515287
C00 475.003 89.8632249324657
C00 500.018 92.14450712668831
C00 525.002 94.9671468109548
C00 550.029 96.13412762493
C00 575.023 97.15701067394612
C00 599.982 97.93376277402591
C00 619.997 98.87187126588279
C00 624.979 98.54737415443499
C00 650.012 98.83392202838328
C00 675.004 99.05347788103145
C00 700.03 98.6807431733783
C00 725.012 98.00430067245935
C00 750.022 97.84661923685469
C00 774.987 97.16751922630692
C00 799.976 96.64894798310898
C00 824.988 94.65157893185982
C00 850.022 92.5296486078657
C00 869.967 89.8139774826014
C00 875.002 88.59344405316321
C00 899.999 82.11649324984978
C00 919.999 73.41302772932133
C00 925.012 71.15443307444414
C00 949.965 57.309889894373406
C00 975.002 42.614336202309076
C00 999.976 25.628143983907545
C00 1025.028 11.077613439619483
C00 1050.014 3.8933042818534416
C00 1075.002 0.9321820737990172
C00 1099.99 0.09249024898426661
C01 319.994 43.889473861734785
C01 324.969 49.583119905512234
C01 349.982 72.5949323723018
C01 374.975 76.25274381117413
C01 400.019 83.59870026311054
C01 424.965 85.54788486834694
C01 450.035 88.3441240926723
C01 475.003 90.18981768007794
C01 500.018 92.46231490675615
C01 525.002 95.28423326698052
C01 550.029 96.44973346844824
C01 575.023 97.46789374320973
C01 599.982 98.24646813560642
C01 619.997 99.18865400652237
C01 624.979 98.8630331481458
C01 650.012 99.152390389416
C01 675.004 99.36793719896698
C01 700.03 98.98940152743836
C01 725.012 98.30049910280259
C01 750.022 98.13031218617319
C01 774.987 97.43204773475932
C01 799.976 96.8988753743722
C01 824.988 94.90985090335751
C01 850.022 92.69770951679206
C01 869.967 90.00870460243176
C01 875.002 88.82794270280998
C01 899.999 82.39856132185237
C01 919.999 73.24309897077015
C01 925.012 70.99003193592091
C01 949.965 57.28039153749354
C01 975.002 42.78667570173783
C01 999.976 25.69009622801875
C01 1025.028 11.042316966195893
C01 1050.014 3.8571201527582963
C01 1075.002 0.9348849510183732
C01 1099.99 0.09275842597888884
C02 319.994 43.82400421380773
C02 324.969 49.5117505862092
C02 349.982 72.59811379097172
C02 374.975 76.30015378295221
C02 400.019 83.5485568528571
C02 424.965 85.43661114374606
C02 450.035 88.19460500807044
C02 475.003 90.01458149515378
C02 500.018 92.26691961307624
C02 525.002 95.07982521921662
C02 550.029 96.23960038565541
C02 575.023 97.26201267582299
C02 599.982 98.03840791032405
C02 619.997 98.97991042162116
C02 624.979 98.65787340480118
C02 650.012 98.94830124280755
C02 675.004 99.17137260105041
C02 700.03 98.7917663327856
C02 725.012 98.10121625217997
C02 750.022 97.92120414280859
C02 774.987 97.21659963270884
C02 799.976 96.67933470749334
C02 824.988 94.69573155612144
C02 850.022 92.47282345911695
C02 869.967 89.69079052197877
C02 875.002 88.5140832227621
C02 899.999 82.36646619842092
C02 919.999 73.02531226024631
C02 925.012 70.7226333170694
C02 949.965 56.995385019129955
C02 975.002 42.65291564923484
C02 999.976 25.66687908496871
C02 1025.028 11.018205760977873
C02 1050.014 3.8381839729871063
C02 1075.002 0.9328928985416282
C02 1099.99 0.09256077636220719
C03 319.994 43.93904021275454
C03 324.969 49.6466989251605
C03 349.982 72.90644565099167
C03 374.975 76.67523469196337
C03 400.019 83.84921230649209
C03 424.965 85.6819524326784
C03 450.035 88.4115337226284
C03 475.003 90.21851878406915
C03 500.018 92.46466110811416
C03 525.002 95.27848545329763
C03 550.029 96.4371140941537
C03 575.023 97.4641884154987
C03 599.982 98.24391692636276
C03 619.997 99.19303510096759
C03 624.979 98.86932764952378
C03 650.012 99.16598165294623
C03 675.004 99.3943224731388
C03 700.03 99.01631830353594
C03 725.012 98.32733235716898
C03 750.022 98.14615094356093
C03 774.987 97.43910911748732
C03 799.976 96.89698474609341
C03 824.988 94.91792973262912
C03 850.022 92.696373169093
C03 869.967 89.82034791282591
C03 875.002 88.61832593617359
C03 899.999 82.65839742758874
C03 919.999 73.28158730308006
C03 925.012 70.92073927057068
C03 949.965 56.9140272600649
C03 975.002 42.585741398703014
C03 999.976 25.718370232248194
C03 1025.028 11.037296171218593
C03 1050.014 3.8569039928233098
C03 1075.002 0.935035969761563
C03 1099.99 0.09277340991985006
C04 319.994 43.907499369902816
C04 324.969 49.61632359010313
C04 349.982 72.96968678727285
C04 374.975 76.76811085704817
C04 400.019 83.82679051810953
C04 424.965 85.59478611685323
C04 450.035 88.28442883352443
C04 475.003 90.06238629693385
C04 500.018 92.29429955513771
C04 525.002 95.09659790141677
C04 550.029 96.25294867687671
C04 575.023 97.27690232262901
C04 599.982 98.06090562755315
C04 619.997 99.0133874500596
C04 624.979 98.69352959113525
C04 650.012 98.9933194559197
C04 675.004 99.22227529976922
C04 700.03 98.85286627559442
C04 725.012 98.17256658927137
C04 750.022 97.9963129578036
C04 774.987 97.2984661150457
C04 799.976 96.76430667965359
C04 824.988 94.77380159613142
C04 850.022 92.57944274542507
C04 869.967 89.66454191973072
C04 875.002 88.4282988119439
C04 899.999 82.50125508679449
C04 919.999 73.26779862454883
C04 925.012 70.91466496284767
C04 949.965 56.73062492769562
C04 975.002 42.35091245857381
C04 999.976 25.651277605226394
C04 1025.028 11.033172285741019
C04 1050.014 3.8645571459990102
C04 1075.002 0.9336084118876876
C04 1099.99 0.09263176893907461
C05 319.994 43.96892201030942
C05 324.969 49.689959385475305
C05 349.982 73.18102713872564
C05 374.975 77.01380901155925
C05 400.019 83.96112383340389
C05 424.965 85.66623516144512
C05 450.035 88.31703268022768
C05 475.003 90.07808838239784
C05 500.018 92.29441344840751
C05 525.002 95.09263441562751
C05 550.029 96.24553042856999
C05 575.023 97.27183786856496
C05 599.982 98.05922000716001
C05 619.997 99.01628793199733
C05 624.979 98.69393201402188
C05 650.012 98.99912801267983
C05 675.004 99.23722568965248
C05 700.03 98.87126383511048
C05 725.012 98.20417576808497
C05 750.022 98.04664619017338
C05 774.987 97.36049238978228
C05 799.976 96.83011421094773
C05 824.988 94.83616195779275
C05 850.022 92.63117306857114
C05 869.967 89.69322024506798
C05 875.002 88.44338587375093
C05 899.999 82.51357833858755
C05 919.999 73.26314418625607
C05 925.012 70.90566739453297
C05 949.965 56.67922109858966
C05 975.002 42.29871517302153
C05 999.976 25.622599279889137
C05 1025.028 11.012226364313035
C05 1050.014 3.868145733108494
C05 1075.002 0.9340877232250189
C05 1099.99 0.09267932576963035
C06 319.994 43.83359023068311
C06 324.969 49.53905459942413
C06 349.982 73.07352707779769
C06 374.975 76.9798915958109
C06 400.019 83.87319822911333
C06 424.965 85.54073996388775
C06 450.035 88.16524332311434
C06 475.003 89.90756737884367
C06 500.018 92.11345982133908
C06 525.002 94.90095963542795
C06 550.029 96.05282301605753
C06 575.023 97.08612350281861
C06 599.982 97.8745003093033
C06 619.997 98.83416500069221
C06 624.979 98.51672927197241
C06 650.012 98.82684545988599
C06 675.004 99.06787399033499
C06 700.03 98.71348369200533
C06 725.012 98.06773163085688
C06 750.022 97.93850832693451
C06 774.987 97.27461686434823
C06 799.976 96.7544663011423
C06 824.988 94.74153183635293
C06 850.022 92.55187298124726
C06 869.967 89.57126333175925
C06 875.002 88.29334288010794
C06 899.999 82.33371049402459
C06 919.999 73.16238660690065
C06 925.012 70.80083243611848
C06 949.965 56.47625949535229
C06 975.002 42.05907993690649
C06 999.976 25.50229761543494
C06 1025.028 10.965374469557
C06 1050.014 3.867325701565888
C06 1075.002 0.9330571652245465
C06 1099.99 0.09257707475157766
C07 319.994 43.81217070307484
C07 324.969 49.518341210088664
C07 349.982 73.14788419721198
C07 374.975 77.14556074607131
C07 400.019 84.00065239091137
C07 424.965 85.6291439199115
C07 450.035 88.23001822209558
C07 475.003 89.95728558755648
C07 500.018 92.15446139846938
C07 525.002 94.93931888869876
C07 550.029 96.09365754972545
C07 575.023 97.12814252649252
C07 599.982 97.92303402801015
C07 619.997 98.88631293249423
C07 624.979 98.56779901415361
C07 650.012 98.88274427670697
C07 675.004 99.13118346257805
C07 700.03 98.79021738431624
C07 725.012 98.16561150692851
C07 750.022 98.0687794489391
C07 774.987 97.43116696013948
C07 799.976 96.9203860165963
C07 824.988 94.89062571941419
C07 850.022 92.70110353623228
C07 869.967 89.68555902445233
C07 875.002 88.37572567860126
C07 899.999 82.31643668143728
C07 919.999 73.23057830397609
C07 925.012 70.87827985958685
C07 949.965 56.417574089863365
C07 975.002 41.92646640998622
C07 999.976 25.447222626598883
C07 1025.028 10.975219593621185
C07 1050.014 3.8786103891048955
C07 1075.002 0.9342978484050097
C07 1099.99 0.09270017419695101
C10 319.994 42.89298367977514
C10 324.969 48.444547869469076
C10 349.982 70.7766718771502
C10 374.975 74.63084290605346
C10 400.019 82.63755495921416
C10 424.965 84.93137300600013
C10 450.035 87.90309138755858
C10 475.003 89.85848697244175
C10 500.018 92.19466572271105
C10 525.002 95.0555735456325
C10 550.029 96.24429278837142
C10 575.023 97.27775272571023
C10 599.982 98.06335053641166
C10 619.997 99.01421507448686
C10 624.979 98.68200359223083
C10 650.012 98.97710105429927
C10 675.004 99.19453089924438
C10 700.03 98.82048262254612
C10 725.012 98.13656113024322
C10 750.022 97.97506806654238
C10 774.987 97.30163234794631
C10 799.976 96.78387354340633
C10 824.988 94.79668655047786
C10 850.022 92.71199173282578
C10 869.967 89.98397457711447
C10 875.002 88.7462128923969
C10 899.999 82.49045041193219
C10 919.999 73.6679360529174
C10 925.012 71.52089605937329
C10 949.965 57.55067545251348
C10 975.002 42.71694264907769
C10 999.976 25.695175867852114
C10 1025.028 11.090615305478469
C10 1050.014 3.8860839231030053
C10 1075.002 0.933405837806724
C10 1099.99 0.09261166972486239
C11 319.994 43.12830615740684
C11 324.969 48.712208442841145
C11 349.982 71.20999780434038
C11 374.975 75.03900601350105
C11 400.019 82.90541674402955
C11 424.965 85.11695829270737
C11 450.035 88.047378974634
C11 475.003 89.97216004859321
C11 500.018 92.29110295069847
C11 525.002 95.1453138493553
C11 550.029 96.32372195473442
C11 575.023 97.36138075728677
C11 599.982 98.14005385718396
C11 619.997 99.08935426102047
C11 624.979 98.75924600781354
C11 650.012 99.05257432775765
C11 675.004 99.27175053617313
C11 700.03 98.89091422059442
C11 725.012 98.19872407690357
C11 750.022 98.01998757215402
C11 774.987 97.32448693075413
C11 799.976 96.7985581823267
C11 824.988 94.80898702361695
C11 850.022 92.68977495232888
C11 869.967 89.990322228685
C11 875.002 88.7578224130325
C11 899.999 82.33247285382603
C11 919.999 73.59755001217704
C11 925.012 71.38381411983428
C11 949.965 57.52784744480195
C11 975.002 42.70921309250016
C11 999.976 25.663207925238616
C11 1025.028 11.025776816088255
C11 1050.014 3.8423664660431016
C11 1075.002 0.9338339835564125
C11 1099.99 0.09265414995281707
C12 319.994 43.290805278324314
C12 324.969 48.90063726485121
C12 349.982 71.54066793101168
C12 374.975 75.37376111211609
C12 400.019 83.14867758256676
C12 424.965 85.30312823153294
C12 450.035 88.20299514561285
C12 475.003 90.11762453278997
C12 500.018 92.42895177158752
C12 525.002 95.28094554792546
C12 550.029 96.45720486694755
C12 575.023 97.4909685196725
C12 599.982 98.27511608940506
C12 619.997 99.22832682883826
C12 624.979 98.89832487601649
C12 650.012 99.19336918789236
C12 675.004 99.41458028939503
C12 700.03 99.03064607687759
C12 725.012 98.33286757008158
C12 750.022 98.14693301068026
C12 774.987 97.43916226767989
C12 799.976 96.91060638116225
C12 824.988 94.91083038547785
C12 850.022 92.74800478473857
C12 869.967 90.07947028740482
C12 875.002 88.87135881726019
C12 899.999 82.43848470936184
C12 919.999 73.40901868622413
C12 925.012 71.3861755069616
C12 949.965 57.69736998402416
C12 975.002 42.93655924480308
C12 999.976 25.597630078705244
C12 1025.028 10.986630750145206
C12 1050.014 3.8356586270067945
C12 1075.002 0.9350434711602047
C12 1099.99 0.09277415420173189
C13 319.994 43.38639969611517
C13 324.969 49.00798546808609
C13 349.982 71.74827258321483
C13 374.975 75.60341550135375
C13 400.019 83.32348856595031
C13 424.965 85.4388890091422
C13 450.035 88.32032039928276
C13 475.003 90.21913380772611
C13 500.018 92.52699869112153
C13 525.002 95.37376096993303
C13 550.029 96.55145534415469
C13 575.023 97.5843230364905
C13 599.982 98.37116608027515
C13 619.997 99.32489313586481
C13 624.979 98.99609845170298
C13 650.012 99.2891610206842
C13 675.004 99.51594529952276
C13 700.03 99.13071270372951
C13 725.012 98.42975277826356
C13 750.022 98.24412952713307
C13 774.987 97.53389868950488
C13 799.976 96.99559353909181
C13 824.988 95.00044161016154
C13 850.022 92.81140537159747
C13 869.967 90.14031966502006
C13 875.002 88.91545069844459
C13 899.999 82.4705950185626
C13 919.999 73.33974120664321
C13 925.012 71.30506831309012
C13 949.965 57.632868428890454
C13 975.002 42.929892692077075
C13 999.976 25.551979757945666
C13 1025.028 11.0117764858973
C13 1050.014 3.828647784417273
C13 1075.002 0.9359694560921812
C13 1099.99 0.09286602957599772
C14 319.994 43.39701454886113
C14 324.969 49.0255136423093
C14 349.982 71.86043467532019
C14 374.975 75.73180358796421
C14 400.019 83.34612295510317
C14 424.965 85.40273928530564
C14 450.035 88.24805132314826
C14 475.003 90.12790529861117
C14 500.018 92.4192328792307
C14 525.002 95.26020937993603
C14 550.029 96.43580811799325
C14 575.023 97.47185722899899
C14 599.982 98.2588369447074
C14 619.997 99.21141747471434
C14 624.979 98.88293409882331
C14 650.012 99.18468292784844
C14 675.004 99.41352487842816
C14 700.03 99.03473864170597
C14 725.012 98.33894947068923
C14 750.022 98.1581932586218
C14 774.987 97.45645126603651
C14 799.976 96.91959635659231
C14 824.988 94.93051873538505
C14 850.022 92.71054908474156
C14 869.967 89.98154485402526
C14 875.002 88.81297712715742
C14 899.999 82.47135430702798
C14 919.999 73.24478459116328
C14 925.012 70.99330446920668
C14 949.965 57.31883431249553
C14 975.002 42.80525169404326
C14 999.976 25.68696226487791
C14 1025.028 11.034032179928056
C14 1050.014 3.8274514305290146
C14 1075.002 0.9351506880958464
C14 1099.99 0.09278479216758811
C15 319.994 43.38026464531493
C15 324.969 49.01028231569386
C15 349.982 71.90972008960776
C15 374.975 75.80736038315379
C15 400.019 83.33760373852165
C15 424.965 85.34069782479975
C15 450.035 88.15431716209758
C15 475.003 90.01105839667443
C15 500.018 92.29019939742467
C15 525.002 95.12028010865185
C15 550.029 96.2949069574734
C15 575.023 97.32719759057554
C15 599.982 98.11826987111232
C15 619.997 99.07332568151638
C15 624.979 98.7473631433304
C15 650.012 99.04853491312186
C15 675.004 99.27664035389016
C15 700.03 98.9078463533723
C15 725.012 98.22327187298919
C15 750.022 98.05963002293132
C15 774.987 97.37164633733865
C15 799.976 96.84030386215308
C15 824.988 94.85007971536311
C15 850.022 92.63348130550588
C15 869.967 89.85964109090912
C15 875.002 88.67514349203769
C15 899.999 82.4301021647041
C15 919.999 73.07758167820279
C15 925.012 70.80605634076026
C15 949.965 57.11390615213284
C15 975.002 42.69882982273614
C15 999.976 25.65452546163704
C15 1025.028 11.027314375230642
C15 1050.014 3.825201563895047
C15 1075.002 0.9342114878818758
C15 1099.99 0.09269160558518344
C16 319.994 43.338879627509606
C16 324.969 48.96650174278027
C16 349.982 71.92837580720204
C16 374.975 75.87770086658624
C16 400.019 83.36062536479186
C16 424.965 85.3267496956908
C16 450.035 88.11698294825503
C16 475.003 89.96026199834077
C16 500.018 92.2294866917332
C16 525.002 95.05845124891628
C16 550.029 96.23025354464662
C16 575.023 97.26488278622212
C16 599.982 98.05886314158128
C16 619.997 99.01773817296619
C16 624.979 98.68775140591373
C16 650.012 98.99873318267784
C16 675.004 99.2339379705974
C16 700.03 98.87101326991692
C16 725.012 98.2097717240748
C16 750.022 98.07013857529212
C16 774.987 97.40386294692456
C16 799.976 96.87734195349412
C16 824.988 94.88088404840342
C16 850.022 92.67815783880862
C16 869.967 89.82025679821005
C16 875.002 88.61019395670941
C16 899.999 82.51626621975497
C16 919.999 73.12367048805113
C16 925.012 70.79569964609254
C16 949.965 56.88459344270459
C16 975.002 42.53680905355185
C16 999.976 25.663950129713523
C16 1025.028 11.04168106210614
C16 1050.014 3.8545293181478457
C16 1075.002 0.9343113218403989
C16 1099.99 0.09270151101883253
C17 319.994 43.3474937551493
C17 324.969 48.98052200429344
C17 349.982 72.03743240948403
C17 374.975 76.02558748098754
C17 400.019 83.43222626707683
C17 424.965 85.35392462986661
C17 450.035 88.11675516171542
C17 475.003 89.94462065595401
C17 500.018 92.20911498220715
C17 525.002 95.02909715684484
C17 550.029 96.20206875681185
C17 575.023 97.24012238936619
C17 599.982 98.03716267724083
C17 619.997 98.99680458997578
C17 624.979 98.6734540041107
C17 650.012 98.98578731434317
C17 675.004 99.22235122861576
C17 700.03 98.87197756626794
C17 725.012 98.23086475764295
C17 750.022 98.12274967305804
C17 774.987 97.48739986388524
C17 799.976 96.97769710996289
C17 824.988 94.97419300791348
C17 850.022 92.77913561181899
C17 869.967 89.88317144045112
C17 875.002 88.65226613057591
C17 899.999 82.62239196856059
C17 919.999 73.18192309911478
C17 925.012 70.82820478529528
C17 949.965 56.80161460276596
C17 975.002 42.42247159999318
C17 999.976 25.679583879215617
C17 1025.028 11.080821433385697
C17 1050.014 3.8957589190954156
C17 1075.002 0.9348121594461951
C17 1099.99 0.09275120366596958
