lsstcam/transmission_sensor/r12_s11/19700101T000000.ecsv
# %ECSV 0.9
# ---
# datatype:
# - {name: amp_name, datatype: string}
# - {name: wavelength, unit: nm, datatype: float32}
# - {name: efficiency, unit: '%', datatype: float32}
# meta: !!omap
# - {MODE: AMP}
# - {TYPE: transmission_sensor}
# - {CALIBDATE: '1970-01-01T00:00:00'}
# - {INSTRUME: LSSTCAM}
# - {OBSTYPE: transmission_sensor}
# - {DETECTOR: 49}
# - {CALIBCLS: lsst.ip.isr.IntermediateSensorTransmissionCurve}
# - {PICKLEFILE: RaftRun11415.p}
# - {CALIB_ID: 'raftName=R12 detectorName=S11 detector=49 calibDate=1970-01-01T00:00:00 ccd=49 ccdnum=49 filter=None'}
# - {DATE: '2020-07-23T19:15:33.842803'}
# - {CALIB_CREATION_DATE: '2020-07-23'}
# - {CALIB_CREATION_TIME: '19:15:33'}
# - __serialized_columns__:
#     efficiency:
#       __class__: astropy.units.quantity.Quantity
#       unit: !astropy.units.Unit {unit: '%'}
#       value: !astropy.table.SerializedColumn {name: efficiency}
#     wavelength:
#       __class__: astropy.units.quantity.Quantity
#       unit: !astropy.units.Unit {unit: nm}
#       value: !astropy.table.SerializedColumn {name: wavelength}
# schema: astropy-2.0
amp_name wavelength efficiency
C12 319.994 43.498966
C12 324.969 49.135773
C12 349.982 71.88467
C12 374.975 75.73619
C12 400.019 83.54849
C12 424.965 85.7133
C12 450.035 88.62711
C12 475.003 90.55095
C12 500.018 92.87339
C12 525.002 95.7391
C12 550.029 96.92101
C12 575.023 97.95975
C12 599.982 98.747665
C12 619.997 99.70546
C12 624.979 99.37387
C12 650.012 99.670334
C12 675.004 99.89261
C12 700.03 99.50683
C12 725.012 98.805695
C12 750.022 98.618866
C12 774.987 97.90769
C12 799.976 97.376595
C12 824.988 95.3672
C12 850.022 93.19398
C12 869.967 90.51261
C12 875.002 89.29869
C12 899.999 82.834885
C12 919.999 73.762
C12 925.012 71.72943
C12 949.965 57.974804
C12 975.002 43.143017
C12 999.976 25.720715
C12 1025.028 11.039459
C12 1050.014 3.8541021
C12 1075.002 2.0781584
C12 1099.99 1.5640929
C16 319.994 43.54727
C16 324.969 49.201954
C16 349.982 72.27424
C16 374.975 76.24255
C16 400.019 83.76146
C16 424.965 85.73704
C16 450.035 88.54069
C16 475.003 90.39283
C16 500.018 92.672966
C16 525.002 95.51553
C16 550.029 96.69297
C16 575.023 97.732574
C16 599.982 98.53037
C16 619.997 99.49386
C16 624.979 99.162285
C16 650.012 99.47476
C16 675.004 99.7111
C16 700.03 99.34643
C16 725.012 98.68201
C16 750.022 98.5417
C16 774.987 97.87222
C16 799.976 97.34317
C16 824.988 95.33711
C16 850.022 93.123795
C16 869.967 90.25215
C16 875.002 89.03627
C16 899.999 82.91304
C16 919.999 73.47528
C16 925.012 71.136116
C16 949.965 57.15812
C16 975.002 42.741344
C16 999.976 25.787354
C16 1025.028 11.094774
C16 1050.014 3.8730636
C16 1075.002 2.0760736
C16 1099.99 1.5606515
C13 319.994 43.59502
C13 324.969 49.243637
C13 349.982 72.09327
C13 374.975 75.96695
C13 400.019 83.724144
C13 424.965 85.84972
C13 450.035 88.745
C13 475.003 90.65295
C13 500.018 92.97191
C13 525.002 95.83236
C13 550.029 97.01572
C13 575.023 98.05355
C13 599.982 98.84418
C13 619.997 99.80249
C13 624.979 99.472115
C13 650.012 99.76659
C13 675.004 99.99446
C13 700.03 99.607376
C13 725.012 98.903046
C13 750.022 98.71653
C13 774.987 98.002884
C13 799.976 97.46199
C13 824.988 95.457245
C13 850.022 93.25768
C13 869.967 90.57375
C13 875.002 89.342995
C13 899.999 82.86715
C13 919.999 73.69239
C13 925.012 71.647934
C13 949.965 57.909992
C13 975.002 43.13632
C13 999.976 25.674845
C13 1025.028 11.064726
C13 1050.014 3.8470576
C13 1075.002 2.0788689
C13 1099.99 1.5662742
C03 319.994 44.15032
C03 324.969 49.88542
C03 349.982 73.25701
C03 374.975 77.04392
C03 400.019 84.252396
C03 424.965 86.09395
C03 450.035 88.836655
C03 475.003 90.65233
C03 500.018 92.90927
C03 525.002 95.736626
C03 550.029 96.900826
C03 575.023 97.93284
C03 599.982 98.71632
C03 619.997 99.67
C03 624.979 99.344734
C03 650.012 99.642815
C03 675.004 99.87225
C03 700.03 99.49243
C03 725.012 98.80013
C03 750.022 98.61808
C03 774.987 97.90764
C03 799.976 97.36291
C03 824.988 95.37434
C03 850.022 93.1421
C03 869.967 90.25224
C03 875.002 89.04444
C03 899.999 83.055855
C03 919.999 73.63396
C03 925.012 71.26176
C03 949.965 57.187695
C03 975.002 42.790512
C03 999.976 25.842035
C03 1025.028 11.090368
C03 1050.014 3.8754497
C03 1075.002 2.0898654
C03 1099.99 1.5606009
C07 319.994 44.02284
C07 324.969 49.756447
C07 349.982 73.49961
C07 374.975 77.51651
C07 400.019 84.404564
C07 424.965 86.040886
C07 450.035 88.65427
C07 475.003 90.38984
C07 500.018 92.59758
C07 525.002 95.39583
C07 550.029 96.55572
C07 575.023 97.59518
C07 599.982 98.39389
C07 619.997 99.3618
C07 624.979 99.041756
C07 650.012 99.358215
C07 675.004 99.60785
C07 700.03 99.26524
C07 725.012 98.637634
C07 750.022 98.54034
C07 774.987 97.89966
C07 799.976 97.38642
C07 824.988 95.3469
C07 850.022 93.14685
C07 869.967 90.116806
C07 875.002 88.800674
C07 899.999 82.71225
C07 919.999 73.5827
C07 925.012 71.21909
C07 949.965 56.688854
C07 975.002 42.128067
C07 999.976 25.569584
C07 1025.028 11.027993
C07 1050.014 3.8972604
C07 1075.002 2.0957851
C07 1099.99 1.5483607
C15 319.994 43.588856
C15 324.969 49.245945
C15 349.982 72.25549
C15 374.975 76.171875
C15 400.019 83.73833
C15 424.965 85.75105
C15 450.035 88.5782
C15 475.003 90.44387
C15 500.018 92.73397
C15 525.002 95.57766
C15 550.029 96.757935
C15 575.023 97.79519
C15 599.982 98.590065
C15 619.997 99.54971
C15 624.979 99.22218
C15 650.012 99.5248
C15 675.004 99.754005
C15 700.03 99.38344
C15 725.012 98.69557
C15 750.022 98.53114
C15 774.987 97.83985
C15 799.976 97.305954
C15 824.988 95.30616
C15 850.022 93.0789
C15 869.967 90.291725
C15 875.002 89.10153
C15 899.999 82.82646
C15 919.999 73.42897
C15 925.012 71.14652
C15 949.965 57.388535
C15 975.002 42.904144
C15 999.976 25.777884
C15 1025.028 11.0803385
C15 1050.014 3.8435948
C15 1075.002 2.0740883
C15 1099.99 1.5631646
C17 319.994 43.555927
C17 324.969 49.21604
C17 349.982 72.38382
C17 374.975 76.39115
C17 400.019 83.833405
C17 424.965 85.76434
C17 450.035 88.54046
C17 475.003 90.37711
C17 500.018 92.6525
C17 525.002 95.48604
C17 550.029 96.66465
C17 575.023 97.707695
C17 599.982 98.50857
C17 619.997 99.472824
C17 624.979 99.14792
C17 650.012 99.461754
C17 675.004 99.699455
C17 700.03 99.3474
C17 725.012 98.7032
C17 750.022 98.59457
C17 774.987 97.95616
C17 799.976 97.44401
C17 824.988 95.43087
C17 850.022 93.22526
C17 869.967 90.31537
C17 875.002 89.078545
C17 899.999 83.01968
C17 919.999 73.53381
C17 925.012 71.16878
C17 949.965 57.07474
C17 975.002 42.626457
C17 999.976 25.803062
C17 1025.028 11.134103
C17 1050.014 3.9144914
C17 1075.002 2.086854
C17 1099.99 1.5583739
C02 319.994 44.03473
C02 324.969 49.749825
C02 349.982 72.9472
C02 374.975 76.66704
C02 400.019 83.950294
C02 424.965 85.84743
C02 450.035 88.61868
C02 475.003 90.44741
C02 500.018 92.71058
C02 525.002 95.53701
C02 550.029 96.70236
C02 575.023 97.72969
C02 599.982 98.50982
C02 619.997 99.45585
C02 624.979 99.13226
C02 650.012 99.42409
C02 675.004 99.64823
C02 700.03 99.2668
C02 725.012 98.57293
C02 750.022 98.39205
C02 774.987 97.68406
C02 799.976 97.14421
C02 824.988 95.15107
C02 850.022 92.91747
C02 869.967 90.12206
C02 875.002 88.9397
C02 899.999 82.76252
C02 919.999 73.37645
C02 925.012 71.0627
C02 949.965 57.269444
C02 975.002 42.85801
C02 999.976 25.790297
C02 1025.028 11.071186
C02 1050.014 3.8566396
C02 1075.002 2.0819943
C02 1099.99 1.5604588
C11 319.994 43.335686
C11 324.969 48.946438
C11 349.982 71.55241
C11 374.975 75.399826
C11 400.019 83.30406
C11 424.965 85.52624
C11 450.035 88.47075
C11 475.003 90.404785
C11 500.018 92.73488
C11 525.002 95.60281
C11 550.029 96.78689
C11 575.023 97.82954
C11 599.982 98.61195
C11 619.997 99.56582
C11 624.979 99.23412
C11 650.012 99.52886
C11 675.004 99.74909
C11 700.03 99.366425
C11 725.012 98.670906
C11 750.022 98.49131
C11 774.987 97.792465
C11 799.976 97.26401
C11 824.988 95.26487
C11 850.022 93.13547
C11 869.967 90.423035
C11 875.002 89.18461
C11 899.999 82.72836
C11 919.999 73.95144
C11 925.012 71.72706
C11 949.965 57.804466
C11 975.002 42.914577
C11 999.976 25.786608
C11 1025.028 11.078794
C11 1050.014 3.8608422
C11 1075.002 2.0889812
C11 1099.99 1.5648035
C04 319.994 44.118626
C04 324.969 49.8549
C04 349.982 73.32056
C04 374.975 77.137245
C04 400.019 84.229866
C04 424.965 86.00636
C04 450.035 88.70894
C04 475.003 90.495445
C04 500.018 92.73809
C04 525.002 95.55386
C04 550.029 96.715775
C04 575.023 97.74465
C04 599.982 98.532425
C04 619.997 99.48949
C04 624.979 99.16809
C04 650.012 99.46932
C04 675.004 99.69938
C04 700.03 99.32819
C04 725.012 98.64462
C04 750.022 98.46752
C04 774.987 97.76632
C04 799.976 97.22959
C04 824.988 95.229515
C04 850.022 93.024605
C04 869.967 90.09569
C04 875.002 88.8535
C04 899.999 82.89796
C04 919.999 73.6201
C04 925.012 71.25565
C04 949.965 57.00341
C04 975.002 42.554554
C04 999.976 25.77462
C04 1025.028 11.086225
C04 1050.014 3.8831396
C04 1075.002 2.0931332
C04 1099.99 1.5573027
C10 319.994 43.09923
C10 324.969 48.67749
C10 349.982 71.117
C10 374.975 74.9897
C10 400.019 83.03491
C10 424.965 85.33976
C10 450.035 88.32577
C10 475.003 90.290565
C10 500.018 92.63798
C10 525.002 95.51264
C10 550.029 96.70708
C10 575.023 97.74551
C10 599.982 98.53488
C10 619.997 99.49032
C10 624.979 99.15651
C10 650.012 99.453026
C10 675.004 99.6715
C10 700.03 99.295654
C10 725.012 98.608444
C10 750.022 98.446175
C10 774.987 97.7695
C10 799.976 97.24925
C10 824.988 95.25251
C10 850.022 93.15779
C10 869.967 90.41666
C10 875.002 89.17294
C10 899.999 82.8871
C10 919.999 74.02216
C10 925.012 71.8648
C10 949.965 57.827404
C10 975.002 42.922344
C10 999.976 25.81873
C10 1025.028 11.143944
C10 1050.014 3.90477
C10 1075.002 2.094613
C10 1099.99 1.5645752
C00 319.994 43.784042
C00 324.969 49.46305
C00 349.982 72.37704
C00 374.975 76.05572
C00 400.019 83.552216
C00 424.965 85.57834
C00 450.035 88.420975
C00 475.003 90.29533
C00 500.018 92.58758
C00 525.002 95.42379
C00 550.029 96.59638
C00 575.023 97.62418
C00 599.982 98.40467
C00 619.997 99.34729
C00 624.979 99.02123
C00 650.012 99.30916
C00 675.004 99.52977
C00 700.03 99.15524
C00 725.012 98.47555
C00 750.022 98.31711
C00 774.987 97.63474
C00 799.976 97.11368
C00 824.988 95.106705
C00 850.022 92.97457
C00 869.967 90.24584
C00 875.002 89.01944
C00 899.999 82.511345
C00 919.999 73.76603
C00 925.012 71.496574
C00 949.965 57.58546
C00 975.002 42.819244
C00 999.976 25.751375
C00 1025.028 11.130879
C00 1050.014 3.912025
C00 1075.002 2.096014
C00 1099.99 1.5583489
C05 319.994 44.180344
C05 324.969 49.92889
C05 349.982 73.53291
C05 374.975 77.384125
C05 400.019 84.364845
C05 424.965 86.078156
C05 450.035 88.7417
C05 475.003 90.51122
C05 500.018 92.738205
C05 525.002 95.54988
C05 550.029 96.70832
C05 575.023 97.73956
C05 599.982 98.53073
C05 619.997 99.4924
C05 624.979 99.168495
C05 650.012 99.47516
C05 675.004 99.7144
C05 700.03 99.34668
C05 725.012 98.676384
C05 750.022 98.5181
C05 774.987 97.82864
C05 799.976 97.295715
C05 824.988 95.292175
C05 850.022 93.076584
C05 869.967 90.124504
C05 875.002 88.86866
C05 899.999 82.91034
C05 919.999 73.615425
C05 925.012 71.24661
C05 949.965 56.95176
C05 975.002 42.502106
C05 999.976 25.745804
C05 1025.028 11.065178
C05 1050.014 3.8867455
C05 1075.002 2.097944
C05 1099.99 1.5573293
C06 319.994 44.04436
C06 324.969 49.77726
C06 349.982 73.4249
C06 374.975 77.350044
C06 400.019 84.2765
C06 424.965 85.95206
C06 450.035 88.58918
C06 475.003 90.33988
C06 500.018 92.55638
C06 525.002 95.357285
C06 550.029 96.51469
C06 575.023 97.552956
C06 599.982 98.34512
C06 619.997 99.3094
C06 624.979 98.99044
C06 650.012 99.30205
C06 675.004 99.544235
C06 700.03 99.18814
C06 725.012 98.53928
C06 750.022 98.40944
C06 774.987 97.742355
C06 799.976 97.2197
C06 824.988 95.19709
C06 850.022 92.9969
C06 869.967 90.00196
C06 875.002 88.717896
C06 899.999 82.72961
C06 919.999 73.51418
C06 925.012 71.14127
C06 949.965 56.74782
C06 975.002 42.26132
C06 999.976 25.624924
C06 1025.028 11.018101
C06 1050.014 3.8859215
C06 1075.002 2.0968947
C06 1099.99 1.552517
C01 319.994 44.100513
C01 324.969 49.821537
C01 349.982 72.944
C01 374.975 76.6194
C01 400.019 84.00068
C01 424.965 85.959236
C01 450.035 88.76892
C01 475.003 90.62349
C01 500.018 92.90691
C01 525.002 95.7424
C01 550.029 96.913506
C01 575.023 97.93656
C01 599.982 98.71888
C01 619.997 99.665596
C01 624.979 99.33841
C01 650.012 99.62916
C01 675.004 99.84574
C01 700.03 99.465385
C01 725.012 98.77317
C01 750.022 98.602165
C01 774.987 97.90054
C01 799.976 97.36481
C01 824.988 95.36622
C01 850.022 93.14344
C01 869.967 90.441505
C01 875.002 89.255066
C01 899.999 82.79477
C01 919.999 73.59528
C01 925.012 71.33138
C01 949.965 57.55582
C01 975.002 42.992413
C01 999.976 25.813625
C01 1025.028 11.095413
C01 1050.014 3.8756669
C01 1075.002 2.094047
C01 1099.99 1.5649837
C14 319.994 43.605686
C14 324.969 49.26125
C14 349.982 72.20597
C14 374.975 76.095955
C14 400.019 83.74689
C14 424.965 85.81339
C14 450.035 88.672386
C14 475.003 90.56128
C14 500.018 92.863625
C14 525.002 95.71826
C14 550.029 96.89951
C14 575.023 97.940544
C14 599.982 98.73131
C14 619.997 99.68847
C14 624.979 99.358406
C14 650.012 99.661606
C14 675.004 99.89155
C14 700.03 99.51094
C14 725.012 98.811806
C14 750.022 98.63018
C14 774.987 97.925064
C14 799.976 97.38563
C14 824.988 95.386986
C14 850.022 93.15634
C14 869.967 90.414215
C14 875.002 89.24003
C14 899.999 82.86791
C14 919.999 73.59698
C14 925.012 71.33467
C14 949.965 57.594448
C14 975.002 43.011078
C14 999.976 25.810476
C14 1025.028 11.087089
C14 1050.014 3.8458555
C14 1075.002 2.0779085
C14 1099.99 1.5644829
