lsstCam/transmission_sensor/r12_s11/19700101T000000.ecsv
# %ECSV 1.0
# ---
# datatype:
# - {name: amp_name, datatype: string}
# - {name: wavelength, unit: nm, datatype: float32}
# - {name: efficiency, unit: '%', datatype: float64}
# meta: !!omap
# - {MODE: AMP}
# - {TYPE: transmission_sensor}
# - {CALIBDATE: '1970-01-01T00:00:00'}
# - {INSTRUME: LSSTCAM}
# - {OBSTYPE: transmission_sensor}
# - {DETECTOR: 49}
# - {PARQUETFILE: qe_raft_allvalues_nircorrected_20230725.parquet}
# - {CALIBCLS: lsst.ip.isr.IntermediateSensorTransmissionCurve}
# - {CALIB_ID: 'raftName=R12 detectorName=S11 detector=49 calibDate=1970-01-01T00:00:00 ccd=49 ccdnum=49 filter=None'}
# - {DATE: '2023-08-02T16:57:55.646777'}
# - {CALIB_CREATION_DATE: '2023-08-02'}
# - {CALIB_CREATION_TIME: '16:57:55'}
# - __serialized_columns__:
#     efficiency:
#       __class__: astropy.units.quantity.Quantity
#       unit: !astropy.units.Unit {unit: '%'}
#       value: !astropy.table.SerializedColumn {name: efficiency}
#     wavelength:
#       __class__: astropy.units.quantity.Quantity
#       unit: !astropy.units.Unit {unit: nm}
#       value: !astropy.table.SerializedColumn {name: wavelength}
# schema: astropy-2.0
amp_name wavelength efficiency
C00 319.994 43.78404235839844
C00 324.969 49.463050842285156
C00 349.982 72.37703704833984
C00 374.975 76.05571746826172
C00 400.019 83.55221557617188
C00 424.965 85.57833862304688
C00 450.035 88.42097473144531
C00 475.003 90.29532623291016
C00 500.018 92.58757781982422
C00 525.002 95.42378997802734
C00 550.029 96.59638214111328
C00 575.023 97.62418365478516
C00 599.982 98.40467071533203
C00 619.997 99.3472900390625
C00 624.979 99.02123260498047
C00 650.012 99.30915832519531
C00 675.004 99.52976989746094
C00 700.03 99.15524291992188
C00 725.012 98.47554779052734
C00 750.022 98.31710815429688
C00 774.987 97.6347427368164
C00 799.976 97.11367797851562
C00 824.988 95.10670471191406
C00 850.022 92.97457122802734
C00 869.967 90.24584197998047
C00 875.002 89.01943969726562
C00 899.999 82.51134490966797
C00 919.999 73.76602935791016
C00 925.012 71.49657440185547
C00 949.965 57.5854606628418
C00 975.002 42.819244384765625
C00 999.976 25.751375198364258
C00 1025.028 11.130879402160645
C00 1050.014 3.912024974822998
C00 1075.002 0.9366644088881739
C00 1099.99 0.09293498215397611
C01 319.994 44.10051345825195
C01 324.969 49.821537017822266
C01 349.982 72.94400024414062
C01 374.975 76.61940002441406
C01 400.019 84.00067901611328
C01 424.965 85.95923614501953
C01 450.035 88.7689208984375
C01 475.003 90.62348937988281
C01 500.018 92.90691375732422
C01 525.002 95.74240112304688
C01 550.029 96.91350555419922
C01 575.023 97.93656158447266
C01 599.982 98.71887969970703
C01 619.997 99.66559600830078
C01 624.979 99.33840942382812
C01 650.012 99.62915802001953
C01 675.004 99.84574127197266
C01 700.03 99.46538543701172
C01 725.012 98.7731704711914
C01 750.022 98.60216522216797
C01 774.987 97.90054321289062
C01 799.976 97.36480712890625
C01 824.988 95.36621856689453
C01 850.022 93.14344024658203
C01 869.967 90.4415054321289
C01 875.002 89.25506591796875
C01 899.999 82.79476928710938
C01 919.999 73.59528350830078
C01 925.012 71.33138275146484
C01 949.965 57.55582046508789
C01 975.002 42.99241256713867
C01 999.976 25.81362533569336
C01 1025.028 11.095413208007812
C01 1050.014 3.875666856765747
C01 1075.002 0.9393802827116725
C01 1099.99 0.09320444865972163
C02 319.994 44.03472900390625
C02 324.969 49.74982452392578
C02 349.982 72.94719696044922
C02 374.975 76.66703796386719
C02 400.019 83.9502944946289
C02 424.965 85.84742736816406
C02 450.035 88.61868286132812
C02 475.003 90.4474105834961
C02 500.018 92.71057891845703
C02 525.002 95.5370101928711
C02 550.029 96.70236206054688
C02 575.023 97.72969055175781
C02 599.982 98.50981903076172
C02 619.997 99.45584869384766
C02 624.979 99.13226318359375
C02 650.012 99.42408752441406
C02 675.004 99.64823150634766
C02 700.03 99.26679992675781
C02 725.012 98.57292938232422
C02 750.022 98.39205169677734
C02 774.987 97.6840591430664
C02 799.976 97.14421081542969
C02 824.988 95.15106964111328
C02 850.022 92.91747283935547
C02 869.967 90.12206268310547
C02 875.002 88.939697265625
C02 899.999 82.76251983642578
C02 919.999 73.37644958496094
C02 925.012 71.06269836425781
C02 949.965 57.26944351196289
C02 975.002 42.858009338378906
C02 999.976 25.79029655456543
C02 1025.028 11.071186065673828
C02 1050.014 3.8566396236419678
C02 1075.002 0.9373786515839676
C02 1099.99 0.09300584865809149
C03 319.994 44.15031814575195
C03 324.969 49.88542175292969
C03 349.982 73.25701141357422
C03 374.975 77.0439224243164
C03 400.019 84.25239562988281
C03 424.965 86.09394836425781
C03 450.035 88.83665466308594
C03 475.003 90.65232849121094
C03 500.018 92.90927124023438
C03 525.002 95.73662567138672
C03 550.029 96.90082550048828
C03 575.023 97.9328384399414
C03 599.982 98.71631622314453
C03 619.997 99.66999816894531
C03 624.979 99.34473419189453
C03 650.012 99.64281463623047
C03 675.004 99.87225341796875
C03 700.03 99.492431640625
C03 725.012 98.80013275146484
C03 750.022 98.61808013916016
C03 774.987 97.90763854980469
C03 799.976 97.36290740966797
C03 824.988 95.37433624267578
C03 850.022 93.14209747314453
C03 869.967 90.25224304199219
C03 875.002 89.04444122314453
C03 899.999 83.05585479736328
C03 919.999 73.63395690917969
C03 925.012 71.26175689697266
C03 949.965 57.18769454956055
C03 975.002 42.79051208496094
C03 999.976 25.8420352935791
C03 1025.028 11.090368270874023
C03 1050.014 3.8754496574401855
C03 1075.002 0.9395320276183777
C03 1099.99 0.09321950464995975
C04 319.994 44.11862564086914
C04 324.969 49.85490036010742
C04 349.982 73.320556640625
C04 374.975 77.13724517822266
C04 400.019 84.22986602783203
C04 424.965 86.00636291503906
C04 450.035 88.70893859863281
C04 475.003 90.49544525146484
C04 500.018 92.73809051513672
C04 525.002 95.55386352539062
C04 550.029 96.71577453613281
C04 575.023 97.7446517944336
C04 599.982 98.53242492675781
C04 619.997 99.48948669433594
C04 624.979 99.1680908203125
C04 650.012 99.46932220458984
C04 675.004 99.69937896728516
C04 700.03 99.32819366455078
C04 725.012 98.64462280273438
C04 750.022 98.46752166748047
C04 774.987 97.76631927490234
C04 799.976 97.2295913696289
C04 824.988 95.2295150756836
C04 850.022 93.02460479736328
C04 869.967 90.09568786621094
C04 875.002 88.85350036621094
C04 899.999 82.89795684814453
C04 919.999 73.62010192871094
C04 925.012 71.25565338134766
C04 949.965 57.00341033935547
C04 975.002 42.5545539855957
C04 999.976 25.774620056152344
C04 1025.028 11.086224555969238
C04 1050.014 3.8831396102905273
C04 1075.002 0.9380976054280455
C04 1099.99 0.09307718259801158
C05 319.994 44.18034362792969
C05 324.969 49.928890228271484
C05 349.982 73.53291320800781
C05 374.975 77.38412475585938
C05 400.019 84.3648452758789
C05 424.965 86.07815551757812
C05 450.035 88.74169921875
C05 475.003 90.51122283935547
C05 500.018 92.73820495605469
C05 525.002 95.54988098144531
C05 550.029 96.70832061767578
C05 575.023 97.73956298828125
C05 599.982 98.53073120117188
C05 619.997 99.49240112304688
C05 624.979 99.16849517822266
C05 650.012 99.47515869140625
C05 675.004 99.71440124511719
C05 700.03 99.3466796875
C05 725.012 98.67638397216797
C05 750.022 98.51809692382812
C05 774.987 97.82864379882812
C05 799.976 97.29571533203125
C05 824.988 95.29217529296875
C05 850.022 93.07658386230469
C05 869.967 90.12450408935547
C05 875.002 88.86865997314453
C05 899.999 82.91033935546875
C05 919.999 73.61542510986328
C05 925.012 71.24661254882812
C05 949.965 56.951759338378906
C05 975.002 42.502105712890625
C05 999.976 25.745803833007812
C05 1025.028 11.065177917480469
C05 1050.014 3.8867454528808594
C05 1075.002 0.9385792215018509
C05 1099.99 0.09312496810240295
C06 319.994 44.04436111450195
C06 324.969 49.777259826660156
C06 349.982 73.42489624023438
C06 374.975 77.35004425048828
C06 400.019 84.27649688720703
C06 424.965 85.95205688476562
C06 450.035 88.58917999267578
C06 475.003 90.33988189697266
C06 500.018 92.55638122558594
C06 525.002 95.35728454589844
C06 550.029 96.51468658447266
C06 575.023 97.5529556274414
C06 599.982 98.34512329101562
C06 619.997 99.30940246582031
C06 624.979 98.99044036865234
C06 650.012 99.30204772949219
C06 675.004 99.54423522949219
C06 700.03 99.18814086914062
C06 725.012 98.5392837524414
C06 750.022 98.40943908691406
C06 774.987 97.74235534667969
C06 799.976 97.2197036743164
C06 824.988 95.19709014892578
C06 850.022 92.99690246582031
C06 869.967 90.00196075439453
C06 875.002 88.7178955078125
C06 899.999 82.72960662841797
C06 919.999 73.5141830444336
C06 925.012 71.14127349853516
C06 949.965 56.74782180786133
C06 975.002 42.26131820678711
C06 999.976 25.624923706054688
C06 1025.028 11.01810073852539
C06 1050.014 3.8859214782714844
C06 1075.002 0.9375437081322325
C06 1099.99 0.093022225417176
C07 319.994 44.0228385925293
C07 324.969 49.756446838378906
C07 349.982 73.4996109008789
C07 374.975 77.51651000976562
C07 400.019 84.4045639038086
C07 424.965 86.04088592529297
C07 450.035 88.65426635742188
C07 475.003 90.38983917236328
C07 500.018 92.59757995605469
C07 525.002 95.39582824707031
C07 550.029 96.55571746826172
C07 575.023 97.59517669677734
C07 599.982 98.39389038085938
C07 619.997 99.36180114746094
C07 624.979 99.04175567626953
C07 650.012 99.35821533203125
C07 675.004 99.60784912109375
C07 700.03 99.26524353027344
C07 725.012 98.63763427734375
C07 750.022 98.54033660888672
C07 774.987 97.899658203125
C07 799.976 97.38642120361328
C07 824.988 95.3469009399414
C07 850.022 93.1468505859375
C07 869.967 90.11680603027344
C07 875.002 88.80067443847656
C07 899.999 82.71224975585938
C07 919.999 73.58270263671875
C07 925.012 71.2190933227539
C07 949.965 56.6888542175293
C07 975.002 42.12806701660156
C07 999.976 25.569583892822266
C07 1025.028 11.027993202209473
C07 1050.014 3.8972604274749756
C07 1075.002 0.9387903570547012
C07 1099.99 0.09314591677799051
C10 319.994 43.0992317199707
C10 324.969 48.677490234375
C10 349.982 71.11699676513672
C10 374.975 74.98970031738281
C10 400.019 83.034912109375
C10 424.965 85.33975982666016
C10 450.035 88.32576751708984
C10 475.003 90.29056549072266
C10 500.018 92.63797760009766
C10 525.002 95.51264190673828
C10 550.029 96.70707702636719
C10 575.023 97.7455062866211
C10 599.982 98.53488159179688
C10 619.997 99.49031829833984
C10 624.979 99.15650939941406
C10 650.012 99.4530258178711
C10 675.004 99.67150115966797
C10 700.03 99.295654296875
C10 725.012 98.60844421386719
C10 750.022 98.44617462158203
C10 774.987 97.76950073242188
C10 799.976 97.24925231933594
C10 824.988 95.25251007080078
C10 850.022 93.15779113769531
C10 869.967 90.41665649414062
C10 875.002 89.17294311523438
C10 899.999 82.88710021972656
C10 919.999 74.02216339111328
C10 925.012 71.86479949951172
C10 949.965 57.8274040222168
C10 975.002 42.92234420776367
C10 999.976 25.818729400634766
C10 1025.028 11.143943786621094
C10 1050.014 3.9047698974609375
C10 1075.002 0.9378940572831767
C10 1099.99 0.09305698673807353
C11 319.994 43.33568572998047
C11 324.969 48.94643783569336
C11 349.982 71.55240631103516
C11 374.975 75.39982604980469
C11 400.019 83.30406188964844
C11 424.965 85.52623748779297
C11 450.035 88.47074890136719
C11 475.003 90.40478515625
C11 500.018 92.73487854003906
C11 525.002 95.60281372070312
C11 550.029 96.7868881225586
C11 575.023 97.82953643798828
C11 599.982 98.61195373535156
C11 619.997 99.5658187866211
C11 624.979 99.23412322998047
C11 650.012 99.52886199951172
C11 675.004 99.74909210205078
C11 700.03 99.36642456054688
C11 725.012 98.67090606689453
C11 750.022 98.4913101196289
C11 774.987 97.79246520996094
C11 799.976 97.26400756835938
C11 824.988 95.2648696899414
C11 850.022 93.13546752929688
C11 869.967 90.42303466796875
C11 875.002 89.18460845947266
C11 899.999 82.72836303710938
C11 919.999 73.9514389038086
C11 925.012 71.72705841064453
C11 949.965 57.804466247558594
C11 975.002 42.91457748413086
C11 999.976 25.78660774230957
C11 1025.028 11.0787935256958
C11 1050.014 3.860842227935791
C11 1075.002 0.9383242617430367
C11 1099.99 0.09309967122936012
C12 319.994 43.498966217041016
C12 324.969 49.135772705078125
C12 349.982 71.8846664428711
C12 374.975 75.73619079589844
C12 400.019 83.54849243164062
C12 424.965 85.71330261230469
C12 450.035 88.62711334228516
C12 475.003 90.55094909667969
C12 500.018 92.8733901977539
C12 525.002 95.73909759521484
C12 550.029 96.92101287841797
C12 575.023 97.95974731445312
C12 599.982 98.74766540527344
C12 619.997 99.70545959472656
C12 624.979 99.37387084960938
C12 650.012 99.67033386230469
C12 675.004 99.89260864257812
C12 700.03 99.50682830810547
C12 725.012 98.80569458007812
C12 750.022 98.61886596679688
C12 774.987 97.9076919555664
C12 799.976 97.37659454345703
C12 824.988 95.36720275878906
C12 850.022 93.19397735595703
C12 869.967 90.51261138916016
C12 875.002 89.29869079589844
C12 899.999 82.83488464355469
C12 919.999 73.76200103759766
C12 925.012 71.72943115234375
C12 949.965 57.97480392456055
C12 975.002 43.14301681518555
C12 999.976 25.720714569091797
C12 1025.028 11.039459228515625
C12 1050.014 3.85410213470459
C12 1075.002 0.9395395650869925
C12 1099.99 0.09322025251067118
C13 319.994 43.59502029418945
C13 324.969 49.24363708496094
C13 349.982 72.09326934814453
C13 374.975 75.96694946289062
C13 400.019 83.7241439819336
C13 424.965 85.84971618652344
C13 450.035 88.74500274658203
C13 475.003 90.65294647216797
C13 500.018 92.97190856933594
C13 525.002 95.83235931396484
C13 550.029 97.01571655273438
C13 575.023 98.05355072021484
C13 599.982 98.84417724609375
C13 619.997 99.802490234375
C13 624.979 99.47211456298828
C13 650.012 99.76658630371094
C13 675.004 99.99446105957031
C13 700.03 99.60737609863281
C13 725.012 98.90304565429688
C13 750.022 98.7165298461914
C13 774.987 98.00288391113281
C13 799.976 97.46199035644531
C13 824.988 95.45724487304688
C13 850.022 93.25768280029297
C13 869.967 90.5737533569336
C13 875.002 89.3429946899414
C13 899.999 82.86714935302734
C13 919.999 73.69239044189453
C13 925.012 71.64793395996094
C13 949.965 57.90999221801758
C13 975.002 43.13631820678711
C13 999.976 25.67484474182129
C13 1025.028 11.064725875854492
C13 1050.014 3.847057580947876
C13 1075.002 0.9404700025555166
C13 1099.99 0.0933125696615228
C14 319.994 43.60568618774414
C14 324.969 49.26124954223633
C14 349.982 72.20597076416016
C14 374.975 76.09595489501953
C14 400.019 83.74688720703125
C14 424.965 85.81339263916016
C14 450.035 88.6723861694336
C14 475.003 90.561279296875
C14 500.018 92.8636245727539
C14 525.002 95.71826171875
C14 550.029 96.8995132446289
C14 575.023 97.94054412841797
C14 599.982 98.73130798339844
C14 619.997 99.68846893310547
C14 624.979 99.35840606689453
C14 650.012 99.66160583496094
C14 675.004 99.89154815673828
C14 700.03 99.51094055175781
C14 725.012 98.81180572509766
C14 750.022 98.63018035888672
C14 774.987 97.92506408691406
C14 799.976 97.38562774658203
C14 824.988 95.3869857788086
C14 850.022 93.15634155273438
C14 869.967 90.41421508789062
C14 875.002 89.24002838134766
C14 899.999 82.86791229248047
C14 919.999 73.59697723388672
C14 925.012 71.33467102050781
C14 949.965 57.59444808959961
C14 975.002 43.011077880859375
C14 999.976 25.810476303100586
C14 1025.028 11.087088584899902
C14 1050.014 3.845855474472046
C14 1075.002 0.9396472975680908
C14 1099.99 0.09323094162847397
C15 319.994 43.5888557434082
C15 324.969 49.24594497680664
C15 349.982 72.2554931640625
C15 374.975 76.171875
C15 400.019 83.73832702636719
C15 424.965 85.75105285644531
C15 450.035 88.57820129394531
C15 475.003 90.4438705444336
C15 500.018 92.73397064208984
C15 525.002 95.5776596069336
C15 550.029 96.7579345703125
C15 575.023 97.7951889038086
C15 599.982 98.5900650024414
C15 619.997 99.54971313476562
C15 624.979 99.22218322753906
C15 650.012 99.5248031616211
C15 675.004 99.7540054321289
C15 700.03 99.38343811035156
C15 725.012 98.69557189941406
C15 750.022 98.53114318847656
C15 774.987 97.83985137939453
C15 799.976 97.30595397949219
C15 824.988 95.30615997314453
C15 850.022 93.07890319824219
C15 869.967 90.2917251586914
C15 875.002 89.10153198242188
C15 899.999 82.82646179199219
C15 919.999 73.42897033691406
C15 925.012 71.14652252197266
C15 949.965 57.38853454589844
C15 975.002 42.904144287109375
C15 999.976 25.777883529663086
C15 1025.028 11.080338478088379
C15 1050.014 3.843594789505005
C15 1075.002 0.9387035812727739
C15 1099.99 0.09313730696462695
C16 319.994 43.547271728515625
C16 324.969 49.20195388793945
C16 349.982 72.27423858642578
C16 374.975 76.2425537109375
C16 400.019 83.76145935058594
C16 424.965 85.7370376586914
C16 450.035 88.54068756103516
C16 475.003 90.39282989501953
C16 500.018 92.67296600341797
C16 525.002 95.51553344726562
C16 550.029 96.6929702758789
C16 575.023 97.73257446289062
C16 599.982 98.5303726196289
C16 619.997 99.49385833740234
C16 624.979 99.16228485107422
C16 650.012 99.47476196289062
C16 675.004 99.71109771728516
C16 700.03 99.34642791748047
C16 725.012 98.6820068359375
C16 750.022 98.54170227050781
C16 774.987 97.87222290039062
C16 799.976 97.34317016601562
C16 824.988 95.33711242675781
C16 850.022 93.12379455566406
C16 869.967 90.25215148925781
C16 875.002 89.03627014160156
C16 899.999 82.91304016113281
C16 919.999 73.47528076171875
C16 925.012 71.13611602783203
C16 949.965 57.158119201660156
C16 975.002 42.7413444519043
C16 999.976 25.787353515625
C16 1025.028 11.09477424621582
C16 1050.014 3.873063564300537
C16 1075.002 0.9388038952762023
C16 1099.99 0.09314726002789055
C17 319.994 43.55592727661133
C17 324.969 49.216041564941406
C17 349.982 72.38381958007812
C17 374.975 76.39115142822266
C17 400.019 83.83340454101562
C17 424.965 85.76434326171875
C17 450.035 88.54045867919922
C17 475.003 90.37711334228516
C17 500.018 92.65249633789062
C17 525.002 95.48603820800781
C17 550.029 96.6646499633789
C17 575.023 97.70769500732422
C17 599.982 98.5085678100586
C17 619.997 99.47282409667969
C17 624.979 99.14791870117188
C17 650.012 99.46175384521484
C17 675.004 99.69945526123047
C17 700.03 99.34739685058594
C17 725.012 98.70320129394531
C17 750.022 98.59456634521484
C17 774.987 97.95616149902344
C17 799.976 97.44400787353516
C17 824.988 95.43087005615234
C17 850.022 93.22525787353516
C17 869.967 90.31536865234375
C17 875.002 89.07854461669922
C17 899.999 83.0196762084961
C17 919.999 73.5338134765625
C17 925.012 71.16877746582031
C17 949.965 57.07474136352539
C17 975.002 42.62645721435547
C17 999.976 25.803062438964844
C17 1025.028 11.134102821350098
C17 1050.014 3.9144914150238037
C17 1075.002 0.9393071411260933
C17 1099.99 0.09319719161879426
