latiss/transmission_optics/19700101T000000.ecsv
# %ECSV 1.0
# ---
# datatype:
# - {name: wavelength, unit: nm, datatype: float64}
# - {name: efficiency, unit: '%', datatype: float64}
# meta: !!omap
# - {MODE: DETECTOR}
# - {TYPE: transmission_optics}
# - {CALIBDATE: '1970-01-01T00:00:00'}
# - {INSTRUME: LATISS}
# - {OBSTYPE: transmission_optics}
# - {CALIBCLS: lsst.ip.isr.IntermediateOpticsTransmissionCurve}
# - {SOURCE: subaru_m1_r_20200219.txt}
# - {CALIB_ID: 'calibDate=1970-01-01T00:00:00 filter=None'}
# - {DATE: '2023-07-13T01:06:34.703191'}
# - {CALIB_CREATION_DATE: '2023-07-13'}
# - {CALIB_CREATION_TIME: '01:06:34'}
# - __serialized_columns__:
#     efficiency:
#       __class__: astropy.units.quantity.Quantity
#       unit: !astropy.units.Unit {unit: '%'}
#       value: !astropy.table.SerializedColumn {name: efficiency}
#     wavelength:
#       __class__: astropy.units.quantity.Quantity
#       unit: !astropy.units.Unit {unit: nm}
#       value: !astropy.table.SerializedColumn {name: wavelength}
# schema: astropy-2.0
wavelength efficiency
380.0 84.948
382.0 85.102
384.0 84.99199999999999
386.0 85.252
388.0 85.086
390.0 85.136
392.0 85.316
394.0 85.152
396.0 85.306
398.0 85.45
400.0 85.41600000000001
402.0 85.518
404.0 85.36
406.0 85.492
408.0 85.606
410.0 85.40400000000001
412.0 85.72200000000001
414.0 85.784
416.0 85.83000000000001
418.0 85.71000000000001
420.0 85.824
422.0 85.78599999999999
424.0 85.922
426.0 85.826
428.0 86.05199999999999
430.0 85.872
432.0 86.038
434.0 86.01599999999999
436.0 85.84
438.0 85.902
440.0 85.98400000000001
442.0 86.08200000000001
444.0 86.146
446.0 86.066
448.0 86.13
450.0 86.296
452.0 86.184
454.0 86.088
456.0 86.212
458.0 86.298
460.0 86.3
462.0 86.19200000000001
464.0 86.38999999999999
466.0 86.51
468.0 86.412
470.0 86.452
472.0 86.49600000000001
474.0 86.336
476.0 86.486
478.0 86.514
480.0 86.47
482.0 86.482
484.0 86.518
486.0 86.506
488.0 86.576
490.0 86.75
492.0 86.76000000000002
494.0 86.576
496.0 86.618
498.0 86.64800000000001
500.0 86.72600000000001
502.0 86.798
504.0 86.726
506.0 86.7
508.0 86.762
510.0 86.726
512.0 86.886
514.0 86.85000000000001
516.0 86.85799999999999
518.0 86.876
520.0 86.952
522.0 86.904
524.0 86.89
526.0 86.924
528.0 86.95599999999999
530.0 86.91
532.0 86.95599999999999
534.0 86.92800000000001
536.0 86.944
538.0 87.00399999999999
540.0 86.88399999999999
542.0 87.01400000000001
544.0 86.958
546.0 86.91
548.0 86.944
550.0 87.022
552.0 87.058
554.0 87.088
556.0 86.97200000000001
558.0 86.97399999999999
560.0 86.99000000000001
562.0 87.104
564.0 87.034
566.0 87.074
568.0 87.03800000000001
570.0 87.104
572.0 87.126
574.0 87.09200000000001
576.0 87.002
578.0 87.01
580.0 87.09200000000001
582.0 87.16
584.0 87.074
586.0 87.05799999999999
588.0 87.114
590.0 87.076
592.0 87.02799999999999
594.0 87.078
596.0 87.02799999999999
598.0 87.06800000000001
600.0 87.08
602.0 87.01599999999999
604.0 87.07
606.0 87.08000000000001
608.0 87.04
610.0 87.008
612.0 87.00399999999999
614.0 87.078
616.0 87.0
618.0 87.04400000000001
620.0 87.064
622.0 87.0
624.0 86.998
626.0 87.034
628.0 86.942
630.0 86.994
632.0 86.95000000000002
634.0 87.042
636.0 86.922
638.0 86.982
640.0 86.888
642.0 86.882
644.0 86.904
646.0 86.922
648.0 86.908
650.0 86.914
652.0 86.806
654.0 86.842
656.0 86.80799999999999
658.0 86.708
660.0 86.818
662.0 86.75200000000001
664.0 86.72999999999999
666.0 86.73800000000001
668.0 86.728
670.0 86.726
672.0 86.686
674.0 86.676
676.0 86.648
678.0 86.582
680.0 86.53
682.0 86.53400000000002
684.0 86.55
686.0 86.494
688.0 86.52399999999999
690.0 86.406
692.0 86.498
694.0 86.42
696.0 86.39200000000001
698.0 86.426
700.0 86.34400000000001
702.0 86.372
704.0 86.13399999999999
706.0 86.28800000000001
708.0 86.248
710.0 86.19399999999999
712.0 86.216
714.0 86.076
716.0 86.05
718.0 85.978
720.0 85.994
722.0 86.032
724.0 86.07000000000001
726.0 85.848
728.0 85.86
730.0 85.91
732.0 85.778
734.0 85.77199999999999
736.0 85.654
738.0 85.64000000000001
740.0 85.53999999999999
742.0 85.528
744.0 85.548
746.0 85.42
748.0 85.396
750.0 85.394
752.0 85.21199999999999
754.0 85.2
756.0 85.13199999999999
758.0 85.026
760.0 85.09
762.0 85.014
764.0 84.886
766.0 84.90799999999999
768.0 84.764
770.0 84.69800000000001
772.0 84.672
774.0 84.576
776.0 84.43599999999999
778.0 84.454
780.0 84.43199999999999
782.0 84.214
784.0 84.286
786.0 84.20599999999999
788.0 84.14200000000001
790.0 84.05199999999999
792.0 83.876
794.0 83.832
796.0 83.68
798.0 83.904
800.0 83.782
802.0 83.768
804.0 83.68800000000002
806.0 83.648
808.0 83.36800000000001
810.0 83.58
812.0 83.568
814.0 83.50999999999999
816.0 83.386
818.0 83.52
820.0 83.602
822.0 83.41799999999999
824.0 83.372
826.0 83.41999999999999
828.0 83.47
830.0 83.524
832.0 83.646
834.0 83.66400000000002
836.0 83.688
838.0 83.56400000000001
840.0 83.686
842.0 83.89399999999999
844.0 83.902
846.0 84.01000000000002
848.0 84.21799999999999
850.0 84.19800000000001
852.0 84.342
854.0 84.476
856.0 84.572
858.0 84.758
860.0 84.736
862.0 84.982
864.0 85.03999999999999
866.0 85.158
868.0 85.38399999999999
870.0 85.54400000000001
872.0 85.716
874.0 85.764
876.0 86.056
878.0 86.122
880.0 86.356
882.0 86.538
884.0 86.628
886.0 86.69800000000001
888.0 86.88199999999999
890.0 86.98400000000001
892.0 87.3
894.0 87.30199999999999
896.0 87.626
898.0 87.55199999999999
900.0 87.8
902.0 87.96000000000001
904.0 87.93199999999999
906.0 88.114
908.0 88.53800000000001
910.0 88.454
912.0 88.676
914.0 88.72200000000001
916.0 89.066
918.0 88.918
920.0 89.146
922.0 89.11800000000001
924.0 89.136
926.0 89.28
928.0 89.46400000000001
930.0 89.728
932.0 89.57000000000001
934.0 89.756
936.0 89.95599999999999
938.0 89.99600000000001
940.0 90.07600000000001
942.0 90.19
944.0 90.342
946.0 90.38
948.0 90.638
950.0 90.818
952.0 90.618
954.0 90.772
956.0 90.63000000000001
958.0 90.862
960.0 91.026
962.0 91.006
964.0 91.22399999999999
966.0 91.178
968.0 90.94000000000001
970.0 91.612
972.0 91.02000000000001
974.0 91.34400000000001
976.0 91.704
978.0 91.66
980.0 91.588
982.0 91.674
984.0 91.76000000000002
986.0 91.736
988.0 91.90200000000002
990.0 91.924
992.0 91.674
994.0 91.812
996.0 91.638
998.0 91.82000000000001
1000.0 92.098
1010.0 93.08
1020.0 93.324
1030.0 93.55199999999999
1040.0 93.752
1050.0 93.94399999999999
1060.0 94.126
1070.0 94.28399999999999
1080.0 94.43599999999999
1090.0 94.578
1100.0 94.708
1110.0 94.826
1120.0 94.936
1130.0 95.048
1140.0 95.14599999999999
1150.0 95.24
1160.0 95.314
1170.0 95.392
1180.0 95.464
1190.0 95.548
1200.0 95.61999999999999
1210.0 95.688
1220.0 95.74999999999999
1230.0 95.812
1240.0 95.85999999999999
1250.0 95.918
1260.0 95.966
1270.0 96.018
1280.0 96.06
1290.0 96.106
1300.0 96.148
1310.0 96.19
1320.0 96.232
1330.0 96.27000000000001
1340.0 96.314
1350.0 96.348
1360.0 96.386
1370.0 96.43
1380.0 96.498
1390.0 96.538
1400.0 96.566
1410.0 96.6
1420.0 96.626
1430.0 96.65599999999999
1440.0 96.69
1450.0 96.718
1460.0 96.75
1470.0 96.77799999999999
1480.0 96.80799999999999
1490.0 96.832
1500.0 96.86399999999999
1510.0 96.89
1520.0 96.91
1530.0 96.93
1540.0 96.952
1550.0 96.97200000000001
1560.0 96.994
1570.0 97.004
1580.0 97.02000000000001
1590.0 97.03399999999999
1600.0 97.05
1610.0 97.05600000000001
1620.0 97.05800000000002
1630.0 97.06000000000002
1640.0 97.05600000000001
1650.0 97.05200000000002
