lsstCam/transmission_filter_detector/r30_s11/i_39/19700101T000000.ecsv
# %ECSV 1.0
# ---
# datatype:
# - {name: wavelength, unit: nm, datatype: float32}
# - {name: efficiency, unit: '%', datatype: float64}
# meta: !!omap
# - {MODE: DETECTOR}
# - {TYPE: transmission_filter_detector}
# - {CALIBDATE: '1970-01-01T00:00:00'}
# - {INSTRUME: LSSTCam}
# - {OBSTYPE: transmission_filter_detector}
# - {CALIBCLS: lsst.ip.isr.IntermediateFilterDetectorTransmissionCurve}
# - {SOURCE: Materion (DM-46256)}
# - {DETECTOR: 121}
# - {FILTER: i_39}
# - {CALIB_ID: 'calibDate=1970-01-01T00:00:00 filter=i_39 detector=121'}
# - {DATE: '2025-04-02T15:59:47.040674'}
# - {CALIB_CREATION_DATE: '2025-04-02'}
# - {CALIB_CREATION_TIME: '15:59:47'}
# - __serialized_columns__:
#     efficiency:
#       __class__: astropy.units.quantity.Quantity
#       unit: !astropy.units.Unit {unit: '%'}
#       value: !astropy.table.SerializedColumn {name: efficiency}
#     wavelength:
#       __class__: astropy.units.quantity.Quantity
#       unit: !astropy.units.Unit {unit: nm}
#       value: !astropy.table.SerializedColumn {name: wavelength}
# schema: astropy-2.0
wavelength efficiency
300.0 1.6754628283724426e-10
301.0 1.6754628283724426e-10
302.0 0.014835056208539754
303.0 0.010709343041526154
304.0 0.006583632784895599
305.0 0.009173784928862005
306.0 0.011763937072828412
307.0 0.009947779471985996
308.0 0.008131618233164772
309.0 0.009264404070563614
310.0 0.010397189180366695
311.0 0.0014833117347734515
312.0 1.6754628283724426e-10
313.0 1.6754628283724426e-10
314.0 1.6754628283724426e-10
315.0 1.6754628283724426e-10
316.0 1.6754628283724426e-10
317.0 1.6754628283724426e-10
318.0 1.6754628283724426e-10
319.0 1.6754628283724426e-10
320.0 0.005533929288503714
321.0 0.0029409973649308085
322.0 0.00034806394069164526
323.0 0.00034065144518535817
324.0 0.0003332383812448825
325.0 0.0011293942407064606
326.0 0.0019255512597737834
327.0 0.0013009828762733378
328.0 0.000676414947520243
329.0 0.002193603359046392
330.0 0.0037107914977241307
331.0 0.0041110062738880515
332.0 0.004511221050051972
333.0 0.003125694638583809
334.0 0.0017401685909135267
335.0 0.0016763566236477345
336.0 0.0016125446563819423
337.0 0.0022539546989719383
338.0 0.0028953647415619344
339.0 0.0008858982255333103
340.0 1.6754628283724426e-10
341.0 1.6754628283724426e-10
342.0 0.00030352391604537843
343.0 3.5169560419490153e-05
344.0 1.6754628283724426e-10
345.0 0.00017105612641898915
346.0 0.000575296917304513
347.0 0.0003299589479865972
348.0 8.462093319394626e-05
349.0 0.0005055471319792559
350.0 0.0009264733307645656
351.0 1.6754628283724426e-10
352.0 1.6754628283724426e-10
353.0 1.6754628283724426e-10
354.0 1.6754628283724426e-10
355.0 0.00021153159650566522
356.0 0.00047220887609000783
357.0 1.6754628283724426e-10
358.0 1.6754628283724426e-10
359.0 1.6754628283724426e-10
360.0 0.00028828135327785276
361.0 0.0004331400305090938
362.0 0.0005779988896392751
363.0 0.00019614365101006115
364.0 1.6754628283724426e-10
365.0 8.742009072193468e-05
366.0 0.0003605517349569709
367.0 0.00046814134293526877
368.0 0.0005757309281761991
369.0 0.00013685983049072092
370.0 1.6754628283724426e-10
371.0 1.6754628283724426e-10
372.0 1.6754628283724426e-10
373.0 1.6754628283724426e-10
374.0 1.6754628283724426e-10
375.0 1.6754628283724426e-10
376.0 1.6754628283724426e-10
377.0 1.6754628283724426e-10
378.0 7.256996923388215e-05
379.0 0.00045662977754545864
380.0 0.0008406893357459921
381.0 0.000368735254596686
382.0 1.6754628283724426e-10
383.0 0.00021466398720804136
384.0 0.0005325466190697625
385.0 0.0005229488579061581
386.0 0.0005133513695909642
387.0 0.00029682489639526466
388.0 8.029824698496668e-05
389.0 5.057183898315998e-05
390.0 2.0845288872806123e-05
391.0 1.6754628283724426e-10
392.0 1.6754628283724426e-10
393.0 1.6754628283724426e-10
394.0 0.00022564806840819074
395.0 0.0007372585969278589
396.0 0.0012488691936596297
397.0 0.0009223819688486401
398.0 0.0005958946076134453
399.0 0.0012739893463731278
400.0 0.0019520841306075454
401.0 0.00414453461416997
402.0 0.0063369843701366335
403.0 0.004450625056051649
404.0 0.0025642646505730227
405.0 0.0023075956050888635
406.0 0.0020509267415036447
407.0 0.0019671477275551297
408.0 0.001883368895505555
409.0 0.001975609666260425
410.0 0.002067850437015295
411.0 0.0037552887079073116
412.0 0.005442726978799328
413.0 0.0048958339903037995
414.0 0.004348941001808271
415.0 0.00468631369585637
416.0 0.00502368675370235
417.0 0.004978945798939094
418.0 0.0049342041165800765
419.0 0.0046267901780083776
420.0 0.004319375875638798
421.0 0.004970104055246338
422.0 0.005620831871055998
423.0 0.005078945105196908
424.0 0.004537058703135699
425.0 0.004647674359148368
426.0 0.004758290742756799
427.0 0.005340252027963288
428.0 0.005922214040765539
429.0 0.0047873509174678475
430.0 0.0036524885217659175
431.0 0.00397236981370952
432.0 0.004292250741855241
433.0 0.003865830149152316
434.0 0.0034394102840451524
435.0 0.002853522528312169
436.0 0.002267634954478126
437.0 0.0012614170373126399
438.0 0.0002551990519350511
439.0 0.0011130960047012195
440.0 0.0019709928892552853
441.0 0.0015713445463916287
442.0 0.001171696112578502
443.0 0.0016222873455262743
444.0 0.002072878669423517
445.0 0.0010177886906603817
446.0 1.6754628283724426e-10
447.0 3.5661867059388896e-05
448.0 0.00010862499948416371
449.0 0.00032320544960384723
450.0 0.0005377856723498553
451.0 0.0006423417289624922
452.0 0.0007468979219993344
453.0 0.0006622688488278072
454.0 0.0005776398211310152
455.0 0.0004960593741998309
456.0 0.00041447897274338175
457.0 0.00010034970046035596
458.0 1.6754628283724426e-10
459.0 8.113312901514291e-05
460.0 0.00037604600038321223
461.0 0.0005230764600128168
462.0 0.0006701071015413618
463.0 0.0006973772087803809
464.0 0.0007246473160194
465.0 0.00046191562432795763
466.0 0.00019918420548492577
467.0 0.00016649014469294343
468.0 0.0001337959588454396
469.0 0.0003729755462700268
470.0 0.0006121552814875031
471.0 0.0004581542725645704
472.0 0.00030415358196478337
473.0 0.0004115348474442726
474.0 0.0005189161129237618
475.0 0.0005362464889913099
476.0 0.0005535767741093878
477.0 0.0003962496521126013
478.0 0.0002389224846410798
479.0 0.0011051434739783872
480.0 0.00197136469068937
481.0 0.0018430433556204662
482.0 0.001714722384349443
483.0 0.003057695721508935
484.0 0.0044006686948705465
485.0 0.00505472780787386
486.0 0.005708785465685651
487.0 0.007980969530763105
488.0 0.010253152140649036
489.0 0.013618843513540924
490.0 0.01698453415883705
491.0 0.02106429892592132
492.0 0.025144065148197114
493.0 0.028045830549672246
494.0 0.030947598861530423
495.0 0.02935469092335552
496.0 0.02776178007479757
497.0 0.02175831177737564
498.0 0.015754843479953706
499.0 0.011375118629075587
500.0 0.006995393778197467
501.0 0.004723370147985406
502.0 0.0024513450625818223
503.0 0.0022360463844961487
504.0 0.002020747706410475
505.0 0.0018497621567803435
506.0 0.0016787764252512716
507.0 0.0018477501726010814
508.0 0.0020167239199508913
509.0 0.002410759225313086
510.0 0.0028047941668774
511.0 0.002339315506105777
512.0 0.0018738366634352133
513.0 0.0018767004803521559
514.0 0.0018795644791680388
515.0 0.0019787798009929247
516.0 0.0020779951228178106
517.0 0.0023391245122184046
518.0 0.002600254265416879
519.0 0.0020601220967364497
520.0 0.0015199901099549606
521.0 0.001590026295161806
522.0 0.0016600626622675918
523.0 0.0018987846488016658
524.0 0.0021375066353357397
525.0 0.0023397840777761303
526.0 0.0025420617021154612
527.0 0.0027472065994516015
528.0 0.0029523513148888014
529.0 0.003363645009812899
530.0 0.003774938522838056
531.0 0.003323451164760627
532.0 0.0028719648980768397
533.0 0.0021285457478370517
534.0 0.0013851263247488532
535.0 0.0015971954780980013
536.0 0.0018092645404976793
537.0 0.002305333509866614
538.0 0.002801402661134489
539.0 0.00355491392838303
540.0 0.004308425195631571
541.0 0.004678420009440742
542.0 0.005048414823249914
543.0 0.005145179602550343
544.0 0.005241944018052891
545.0 0.004550983430817723
546.0 0.0038600232073804364
547.0 0.0029018012355663814
548.0 0.0019435794456512667
549.0 0.0016845384379848838
550.0 0.0014254974303185008
551.0 0.0014204540093487594
552.0 0.001415410588379018
553.0 0.0016707199392840266
554.0 0.0019260292901890352
555.0 0.0015391065971925855
556.0 0.0011521842679940164
557.0 0.0009715911801322363
558.0 0.0007909981832199264
559.0 0.0006350865078275092
560.0 0.00047917478696035687
561.0 0.0007696111424593255
562.0 0.0010600476343824994
563.0 0.0015194858860922977
564.0 0.001978924046852626
565.0 0.0016147889255080372
566.0 0.0012506538041634485
567.0 0.0012938070540258195
568.0 0.0013369601219892502
569.0 0.0010429698704683688
570.0 0.0007489797553716926
571.0 0.0005704428531316807
572.0 0.00039190585994219873
573.0 0.0004177895789325703
574.0 0.00044367329792294186
575.0 0.0004250424808560638
576.0 0.0004064116637891857
577.0 0.0003589583229768323
578.0 0.0003115050049018464
579.0 0.00028509834919532295
580.0 0.0002586917389635346
581.0 0.0003947606728615938
582.0 0.0005308296294970205
583.0 0.0003745898993656738
584.0 0.00021835005554748932
585.0 0.0004807944151252741
586.0 0.0007432387974404264
587.0 0.0004923777851217892
588.0 0.00024151686375262216
589.0 0.00053773164836457
590.0 0.0008339466148754582
591.0 0.0006304596809059149
592.0 0.00042697265598690137
593.0 0.000536178322363412
594.0 0.0006453839432651876
595.0 0.00047199446271406487
596.0 0.00029860491395083955
597.0 0.00035100686091027455
598.0 0.000403408785132342
599.0 0.0004115001047466649
600.0 0.0004195915153104579
601.0 0.000462605794382398
602.0 0.0005056201189290732
603.0 0.0002835416125890333
604.0 6.146315172372852e-05
605.0 0.00013984806628286606
606.0 0.0002182329353672685
607.0 0.0003309301519038854
608.0 0.0004436273684405023
609.0 0.0003753643795789685
610.0 0.00030710145892953733
611.0 0.0003472515800240217
612.0 0.00038740172385587357
613.0 0.00028847946396126645
614.0 0.00018955723817271064
615.0 0.00029944221751065925
616.0 0.0004093271854799241
617.0 0.0003513520368869649
618.0 0.0002933769110313733
619.0 0.00028680710784101393
620.0 0.0002802373273880221
621.0 0.00029481473120540613
622.0 0.0003093921577601577
623.0 0.0002980269528052304
624.0 0.00028666172511293553
625.0 0.0003427672936595627
626.0 0.0003988728622061899
627.0 0.0003912782631232403
628.0 0.00038368366404029075
629.0 0.00043654818000504747
630.0 0.000489412605020334
631.0 0.0004600083229888696
632.0 0.00043060390453319997
633.0 0.00041133075683319476
634.0 0.00039205760913318954
635.0 0.0004527432338363724
636.0 0.0005134288585395552
637.0 0.0003835892584902467
638.0 0.0002537495447541005
639.0 0.00034167792364314664
640.0 0.0004296063707442954
641.0 0.0004964295840181876
642.0 0.0005632528427668149
643.0 0.0005685214091499802
644.0 0.0005737897936342051
645.0 0.0006510443654406117
646.0 0.0007282989827217534
647.0 0.0007877729331084993
648.0 0.0008472466106468346
649.0 0.0008356530997843947
650.0 0.0008240594979724847
651.0 0.000810543406259967
652.0 0.0007970273145474494
653.0 0.0008212517968786415
654.0 0.0008454763701593038
655.0 0.0011544598237378523
656.0 0.0014634431863669306
657.0 0.0023837725166231394
658.0 0.003304101846879348
659.0 0.005401276939664967
660.0 0.046673163888044655
661.0 0.0939931080210954
662.0 0.06858795532025397
663.0 0.08576704422011971
664.0 0.09487552451901138
665.0 0.09557823650538921
666.0 0.11925477301701903
667.0 0.16129693249240518
668.0 0.170650496147573
669.0 0.22467125672847033
670.0 0.3014704445376992
671.0 0.4208196420222521
672.0 0.6319283973425627
673.0 0.9896593168377876
674.0 1.5650909394025803
675.0 2.329213172197342
676.0 3.344663232564926
677.0 4.593099281191826
678.0 5.911559611558914
679.0 7.259947061538696
680.0 9.04044359922409
681.0 10.988207161426544
682.0 13.445590436458588
683.0 16.19482934474945
684.0 19.204328954219818
685.0 22.14057743549347
686.0 25.11245310306549
687.0 28.30987572669983
688.0 31.554394960403442
689.0 34.6535861492157
690.0 38.16622197628021
691.0 42.051127552986145
692.0 46.62506878376007
693.0 51.56477689743042
694.0 57.178086042404175
695.0 62.829798460006714
696.0 69.15075778961182
697.0 74.73452687263489
698.0 81.00290894508362
699.0 85.83284020423889
700.0 89.70589637756348
701.0 92.99788475036621
702.0 95.23566961288452
703.0 96.54397964477539
704.0 97.32342958450317
705.0 97.79766201972961
706.0 97.92495965957642
707.0 98.11203479766846
708.0 98.14532399177551
709.0 98.21913838386536
710.0 97.94748425483704
711.0 98.16227555274963
712.0 97.99798727035522
713.0 98.1274425983429
714.0 98.1484055519104
715.0 98.23591113090515
716.0 98.07244539260864
717.0 98.31131100654602
718.0 98.39091300964355
719.0 98.37071299552917
720.0 98.6220121383667
721.0 98.55822920799255
722.0 98.25802445411682
723.0 98.07513952255249
724.0 97.69852757453918
725.0 97.44030833244324
726.0 97.13883399963379
727.0 96.83415293693542
728.0 96.5495228767395
729.0 96.3112473487854
730.0 96.28295302391052
731.0 96.31595015525818
732.0 96.32909893989563
733.0 96.64612412452698
734.0 97.04983234405518
735.0 97.24388122558594
736.0 97.6366937160492
737.0 98.05887341499329
738.0 98.28739166259766
739.0 98.73551726341248
740.0 98.88293147087097
741.0 98.7414002418518
742.0 99.02433156967163
743.0 98.9367127418518
744.0 98.73518347740173
745.0 98.64494800567627
746.0 98.62881302833557
747.0 98.88940453529358
748.0 98.7123429775238
749.0 98.66109490394592
750.0 98.67163300514221
751.0 98.6005961894989
752.0 98.4142541885376
753.0 98.67618680000305
754.0 98.59508872032166
755.0 98.64037036895752
756.0 98.73274564743042
757.0 98.73043298721313
758.0 98.85766506195068
759.0 98.86019229888916
760.0 98.72835874557495
761.0 98.67109060287476
762.0 98.72651696205139
763.0 98.67047667503357
764.0 98.50926995277405
765.0 98.52516055107117
766.0 98.55966567993164
767.0 98.36863279342651
768.0 98.4287977218628
769.0 98.52145910263062
770.0 98.27029705047607
771.0 98.31045866012573
772.0 98.36516976356506
773.0 98.25736880302429
774.0 98.12966585159302
775.0 98.21619987487793
776.0 98.08247089385986
777.0 98.13986420631409
778.0 98.12952280044556
779.0 98.13104271888733
780.0 97.98254370689392
781.0 98.3022391796112
782.0 98.09889793395996
783.0 98.13605546951294
784.0 98.10214042663574
785.0 98.29128980636597
786.0 98.41458201408386
787.0 98.15319776535034
788.0 98.33853840827942
789.0 98.31166863441467
790.0 98.3571469783783
791.0 98.35861325263977
792.0 98.24329018592834
793.0 98.21795225143433
794.0 98.18618893623352
795.0 98.08680415153503
796.0 98.09578061103821
797.0 98.16916584968567
798.0 98.23047518730164
799.0 98.04327487945557
800.0 97.88740277290344
801.0 97.99250364303589
802.0 97.87300825119019
803.0 97.68055081367493
804.0 97.51800894737244
805.0 97.20150232315063
806.0 96.96545600891113
807.0 96.40308618545532
808.0 95.661461353302
809.0 94.77457404136658
810.0 93.70126128196716
811.0 92.23145246505737
812.0 90.28873443603516
813.0 87.99431920051575
814.0 85.32935976982117
815.0 82.11212754249573
816.0 78.6513090133667
817.0 74.5482861995697
818.0 69.81664299964905
819.0 65.58871865272522
820.0 60.52570939064026
821.0 55.95389008522034
822.0 51.40743851661682
823.0 46.78075909614563
824.0 42.081621289253235
825.0 37.754952907562256
826.0 33.286845684051514
827.0 28.601571917533875
828.0 24.32578206062317
829.0 20.029863715171814
830.0 15.607543289661407
831.0 12.157078087329865
832.0 8.649817109107971
833.0 5.907970666885376
834.0 3.7859804928302765
835.0 2.3675644770264626
836.0 1.4573589898645878
837.0 0.8045794442296028
838.0 0.4681484308093786
839.0 0.30134038534015417
840.0 0.1744825392961502
841.0 0.07443145150318742
842.0 0.04373793490231037
843.0 0.05138734122738242
844.0 1.6754628283724426e-10
845.0 0.013899905025027692
846.0 1.6754628283724426e-10
847.0 1.6754628283724426e-10
848.0 1.6754628283724426e-10
849.0 1.6754628283724426e-10
850.0 1.6754628283724426e-10
851.0 0.0019724267986021005
852.0 0.002906283589254599
853.0 0.0014891145838191733
854.0 7.194561817414069e-05
855.0 0.00020188874714222038
856.0 0.0003318318704259582
857.0 0.0003796746796069783
858.0 0.00042751739783852827
859.0 6.348046213133784e-05
860.0 1.6754628283724426e-10
861.0 1.6754628283724426e-10
862.0 1.6754628283724426e-10
863.0 1.6754628283724426e-10
864.0 1.6754628283724426e-10
865.0 1.6754628283724426e-10
866.0 5.158019007467374e-05
867.0 1.6754628283724426e-10
868.0 1.6754628283724426e-10
869.0 1.6754628283724426e-10
870.0 0.0001272061922463763
871.0 0.0001225729079123994
872.0 0.00011793957810368738
873.0 6.852062597317854e-05
874.0 1.9101642578789324e-05
875.0 1.6754628283724426e-10
876.0 1.6754628283724426e-10
877.0 2.8432083354346105e-05
878.0 0.00014825803873463883
879.0 1.6754628283724426e-10
880.0 1.6754628283724426e-10
881.0 1.6754628283724426e-10
882.0 2.222758581638118e-05
883.0 1.6754628283724426e-10
884.0 1.6754628283724426e-10
885.0 1.6754628283724426e-10
886.0 6.162146632959775e-05
887.0 1.6754628283724426e-10
888.0 1.6754628283724426e-10
889.0 1.6754628283724426e-10
890.0 6.728558332724788e-05
891.0 1.545009808978648e-05
892.0 1.6754628283724426e-10
893.0 1.6754628283724426e-10
894.0 1.6754628283724426e-10
895.0 1.6754628283724426e-10
