lsstCam/transmission_filter_detector/r30_s11/i_39/19700101T000000.ecsv
# %ECSV 1.0
# ---
# datatype:
# - {name: wavelength, unit: nm, datatype: float32}
# - {name: efficiency, unit: '%', datatype: float64}
# meta: !!omap
# - {MODE: DETECTOR}
# - {TYPE: transmission_filter_detector}
# - {CALIBDATE: '1970-01-01T00:00:00'}
# - {INSTRUME: LSSTCam}
# - {OBSTYPE: transmission_filter_detector}
# - {CALIBCLS: lsst.ip.isr.IntermediateFilterDetectorTransmissionCurve}
# - {SOURCE: Materion (DM-46256)}
# - {DETECTOR: 121}
# - {FILTER: i_39}
# - {CALIB_ID: 'calibDate=1970-01-01T00:00:00 filter=i_39 detector=121'}
# - {DATE: '2025-04-02T15:59:47.040674'}
# - {CALIB_CREATION_DATE: '2025-04-02'}
# - {CALIB_CREATION_TIME: '15:59:47'}
# - __serialized_columns__:
#     efficiency:
#       __class__: astropy.units.quantity.Quantity
#       unit: !astropy.units.Unit {unit: '%'}
#       value: !astropy.table.SerializedColumn {name: efficiency}
#     wavelength:
#       __class__: astropy.units.quantity.Quantity
#       unit: !astropy.units.Unit {unit: nm}
#       value: !astropy.table.SerializedColumn {name: wavelength}
# schema: astropy-2.0
wavelength efficiency
[from data line 597]
897.0 7.298502282537811e-05
898.0 0.00012025377600366483
899.0 5.522568358173885e-05
900.0 1.6754628283724426e-10
901.0 1.6754628283724426e-10
902.0 1.6754628283724426e-10
903.0 1.3242718033268375e-06
904.0 3.188138464338408e-05
905.0 6.250080559766502e-05
906.0 9.312030329056142e-05
907.0 1.6754628283724426e-10
908.0 1.6754628283724426e-10
909.0 1.6754628283724426e-10
910.0 1.6754628283724426e-10
911.0 1.6754628283724426e-10
912.0 1.6754628283724426e-10
913.0 1.6754628283724426e-10
914.0 1.5401083430788276e-05
915.0 2.216167303004113e-05
916.0 2.8922295314259827e-05
917.0 1.6754628283724426e-10
918.0 1.6754628283724426e-10
919.0 3.361373046573135e-05
920.0 0.00021672185539500788
921.0 1.6754628283724426e-10
922.0 1.6754628283724426e-10
923.0 1.6754628283724426e-10
924.0 1.6754628283724426e-10
925.0 0.00011913299431398627
926.0 0.0002976875521198963
927.0 7.22344225323468e-05
928.0 1.6754628283724426e-10
929.0 1.6754628283724426e-10
930.0 1.6754628283724426e-10
931.0 1.6754628283724426e-10
932.0 0.00012495044074967154
933.0 1.6754628283724426e-10
934.0 1.6754628283724426e-10
935.0 1.6754628283724426e-10
936.0 1.6754628283724426e-10
937.0 5.17624243911996e-05
938.0 0.00012601736898432137
939.0 1.6754628283724426e-10
940.0 1.6754628283724426e-10
941.0 1.6754628283724426e-10
942.0 9.171616284220363e-05
943.0 5.0448966248950455e-05
944.0 9.18178315600926e-06
945.0 1.6754628283724426e-10
946.0 1.6754628283724426e-10
947.0 1.6754628283724426e-10
948.0 0.00013536310916606453
949.0 1.6754628283724426e-10
950.0 1.6754628283724426e-10
951.0 1.6754628283724426e-10
952.0 2.9209360263848794e-05
953.0 5.5217770977833425e-05
954.0 8.122615895445051e-05
955.0 6.071549023545231e-05
956.0 4.0204841411650705e-05
957.0 0.00013850803952664137
958.0 0.00023681125185248675
959.0 0.00027440541998657864
960.0 0.0003119995881206705
961.0 0.00022367910332832253
962.0 0.00013535860716729076
963.0 0.00016638639408483868
964.0 0.00019741419237107038
965.0 1.6754628283724426e-10
966.0 1.6754628283724426e-10
967.0 1.6754628283724426e-10
968.0 1.6754628283724426e-10
969.0 1.6754628283724426e-10
970.0 7.188662465296147e-06
971.0 1.6754628283724426e-10
972.0 1.6754628283724426e-10
973.0 7.66104733429529e-05
974.0 0.00017601715853743372
975.0 0.0001615416749700671
976.0 0.00014706623687743559
977.0 9.893391279547359e-05
978.0 5.080158871351159e-05
979.0 8.242935223279346e-05
980.0 0.00011405710438339156
981.0 5.553833943849895e-05
982.0 1.6754628283724426e-10
983.0 1.6754628283724426e-10
984.0 1.6754628283724426e-10
985.0 1.6754628283724426e-10
986.0 0.00011447596079960931
987.0 2.6068045144711505e-05
988.0 1.6754628283724426e-10
989.0 1.0154001017781411e-05
990.0 8.26478640192363e-05
991.0 0.00010948257340714918
992.0 0.0001363173055324296
993.0 0.00010477598380020936
994.0 7.323466206798912e-05
995.0 0.0001385316295454686
996.0 0.00020382856291689677
997.0 0.00021606203972623916
998.0 0.000228295493798214
999.0 0.0002859217829609406
1000.0 0.00034354802664893214
1001.0 0.00028864942578366026
1002.0 0.00023375084765575593
1003.0 0.00016920015468713245
1004.0 0.00010464949582456029
1005.0 0.00018047745697913342
1006.0 0.00025630545223975787
1007.0 0.00016821696817714837
1008.0 8.012848979888076e-05
1009.0 0.00016768301520642126
1010.0 0.000255237478086201
1011.0 0.00017777637140170555
1012.0 0.00010031527608589386
1013.0 0.00021563353129749885
1014.0 0.0003309517978777876
1015.0 0.00019757126210606657
1016.0 6.419078886210627e-05
1017.0 0.00015360469660663512
1018.0 0.00024301864414155716
1019.0 0.00013079716154607013
1020.0 1.8575688898181397e-05
1021.0 0.0001385972154821502
1022.0 0.0002586187520137173
1023.0 0.00023453203539247625
1024.0 0.00021044534150860272
1025.0 0.00027964936180069344
1026.0 0.0003488534048301517
1027.0 0.00046029067561903503
1028.0 0.0005717279236705508
1029.0 0.0008624213478469756
1030.0 0.0011531146810739301
1031.0 0.0014997643120295834
1032.0 0.001846413579187356
1033.0 0.002209572267020121
1034.0 0.002572730591055006
1035.0 0.002804354880936444
1036.0 0.0030359789889189415
1037.0 0.003246426786063239
1038.0 0.003456874401308596
1039.0 0.0029982677006046288
1040.0 0.002539660818001721
1041.0 0.002396443233010359
1042.0 0.002253225466120057
1043.0 0.0022867065126774833
1044.0 0.00232018774113385
1045.0 0.0027031550416722894
1046.0 0.003086122524109669
1047.0 0.0034682143450481817
1048.0 0.0038503061659866944
1049.0 0.0031481078622164205
1050.0 0.002445909376547206
1051.0 0.0023713475457043387
1052.0 0.0022967858967604116
1053.0 0.002179082002840005
1054.0 0.002061378108919598
1055.0 0.0014079284483159427
1056.0 0.0007544785148638766
1057.0 0.001131786029873183
1058.0 0.00150909390868037
1059.0 0.0011189754332008306
1060.0 0.0007288570486707613
1061.0 0.0010114219548995607
1062.0 0.00129398686112836
1063.0 0.0017519176253699698
1064.0 0.0022098480258136988
1065.0 0.0025137669581454247
1066.0 0.002817686072376091
1067.0 0.003676251071738079
1068.0 0.004534816980594769
1069.0 0.004317213824833743
1070.0 0.004099610669072717
1071.0 0.004351390452939086
1072.0 0.004603170236805454
1073.0 0.003347405800013803
1074.0 0.002091641363222152
1075.0 0.0020273660993552767
1076.0 0.0019630904716905206
1077.0 0.002205100463470444
1078.0 0.0024471104552503675
1079.0 0.0025902119887177832
1080.0 0.0027333137040841393
1081.0 0.002295416015840601
1082.0 0.001857518873293884
1083.0 0.0019965516912634484
1084.0 0.0021355843273340724
1085.0 0.0012081257409590762
1086.0 0.00028066704089724226
1087.0 0.0008616581908427179
1088.0 0.0014426494999497663
1089.0 0.0007056476533762179
1090.0 1.6754628283724426e-10
1091.0 0.0001820830561882758
1092.0 0.0003955199645133689
1093.0 4.220934002319154e-06
1094.0 1.6754628283724426e-10
1095.0 0.00023516024612035835
1096.0 0.0008573986633564346
1097.0 1.6754628283724426e-10
1098.0 1.6754628283724426e-10
1099.0 1.6754628283724426e-10
1100.0 0.0009302386388299055
