lsstCam/transmission_filter_detector/r01_s01/i_39/19700101T000000.ecsv
# %ECSV 1.0
# ---
# datatype:
# - {name: wavelength, unit: nm, datatype: float32}
# - {name: efficiency, unit: '%', datatype: float64}
# meta: !!omap
# - {MODE: DETECTOR}
# - {TYPE: transmission_filter_detector}
# - {CALIBDATE: '1970-01-01T00:00:00'}
# - {INSTRUME: LSSTCam}
# - {OBSTYPE: transmission_filter_detector}
# - {CALIBCLS: lsst.ip.isr.IntermediateFilterDetectorTransmissionCurve}
# - {SOURCE: Materion (DM-46256)}
# - {DETECTOR: 1}
# - {FILTER: i_39}
# - {CALIB_ID: 'calibDate=1970-01-01T00:00:00 filter=i_39 detector=1'}
# - {DATE: '2025-04-02T15:59:46.483275'}
# - {CALIB_CREATION_DATE: '2025-04-02'}
# - {CALIB_CREATION_TIME: '15:59:46'}
# - __serialized_columns__:
#     efficiency:
#       __class__: astropy.units.quantity.Quantity
#       unit: !astropy.units.Unit {unit: '%'}
#       value: !astropy.table.SerializedColumn {name: efficiency}
#     wavelength:
#       __class__: astropy.units.quantity.Quantity
#       unit: !astropy.units.Unit {unit: nm}
#       value: !astropy.table.SerializedColumn {name: wavelength}
# schema: astropy-2.0
wavelength efficiency
300.0 0.08773878798820078
301.0 0.05204229964874685
302.0 0.016345847689080983
303.0 0.02968755434267223
304.0 0.04302926536183804
305.0 0.03358747926540673
306.0 0.024145693168975413
307.0 0.00804322335170582
308.0 1.9562962361163727e-10
309.0 1.9562962361163727e-10
310.0 1.9562962361163727e-10
311.0 1.9562962361163727e-10
312.0 1.9562962361163727e-10
313.0 1.9562962361163727e-10
314.0 1.9562962361163727e-10
315.0 1.9562962361163727e-10
316.0 1.9562962361163727e-10
317.0 1.9562962361163727e-10
318.0 1.9562962361163727e-10
319.0 1.9562962361163727e-10
320.0 1.9562962361163727e-10
321.0 1.9562962361163727e-10
322.0 1.9562962361163727e-10
323.0 1.9562962361163727e-10
324.0 1.9562962361163727e-10
325.0 1.9562962361163727e-10
326.0 1.9562962361163727e-10
327.0 1.9562962361163727e-10
328.0 0.002604137080197688
329.0 0.002307763497810811
330.0 0.002011390279221814
331.0 0.0018852804714697413
332.0 0.0017591712094144896
333.0 0.0028259855753276497
334.0 0.0038928003050386906
335.0 0.0029622397050843574
336.0 0.002031681106018368
337.0 0.002768364174698945
338.0 0.0035050474252784625
339.0 0.0030731302103959024
340.0 0.002641213359311223
341.0 1.9562962361163727e-10
342.0 1.9562962361163727e-10
343.0 1.9562962361163727e-10
344.0 1.9562962361163727e-10
345.0 1.9562962361163727e-10
346.0 1.9562962361163727e-10
347.0 1.9562962361163727e-10
348.0 1.9562962361163727e-10
349.0 1.9562962361163727e-10
350.0 1.9562962361163727e-10
351.0 1.9562962361163727e-10
352.0 1.9562962361163727e-10
353.0 1.9562962361163727e-10
354.0 1.9562962361163727e-10
355.0 1.9562962361163727e-10
356.0 0.00038641728679067455
357.0 0.000862292290548794
358.0 0.0013381674762058537
359.0 0.0013450968253891915
360.0 0.0013520258107746486
361.0 0.0009566109838488046
362.0 0.0005611960659734905
363.0 0.00046478257900162134
364.0 0.0003683691375044873
365.0 0.0009336682524008211
366.0 0.001498967958468711
367.0 0.0009424994459550362
368.0 0.0003860308879666263
369.0 0.0009870044777926523
370.0 0.0015879782949923538
371.0 0.0014926295079931151
372.0 0.0013972808119433466
373.0 0.00118429934445885
374.0 0.0009713176950754132
375.0 0.00031254671739588957
376.0 1.9562962361163727e-10
377.0 1.9562962361163727e-10
378.0 0.0001650365220484673
379.0 1.9562962361163727e-10
380.0 1.9562962361163727e-10
381.0 1.9562962361163727e-10
382.0 1.9562962361163727e-10
383.0 0.00019018707462237217
384.0 0.0014547881619364489
385.0 0.00125535871120519
386.0 0.001055929169524461
387.0 1.9562962361163727e-10
388.0 1.9562962361163727e-10
389.0 1.9562962361163727e-10
390.0 1.9562962361163727e-10
391.0 1.9562962361163727e-10
392.0 1.9562962361163727e-10
393.0 1.9562962361163727e-10
394.0 0.0002505827069398947
395.0 1.9562962361163727e-10
396.0 1.9562962361163727e-10
397.0 1.9562962361163727e-10
398.0 1.9562962361163727e-10
399.0 0.00041608591345720924
400.0 0.0011408855243644211
401.0 1.9562962361163727e-10
402.0 1.9562962361163727e-10
403.0 0.0006903233952471055
404.0 0.0037385365430964157
405.0 0.004837553933612071
406.0 0.005936570596531965
407.0 0.0030500308639602736
408.0 0.00016348833469237434
409.0 1.9562962361163727e-10
410.0 1.9562962361163727e-10
411.0 0.0023357586542260833
412.0 0.005119180787005462
413.0 0.004035600068164058
414.0 0.002952020622615237
415.0 0.0032147509045898914
416.0 0.0034774813684634864
417.0 0.0018376138541498221
418.0 0.00019774583961407188
419.0 0.0029380789783317596
420.0 0.005678411980625242
421.0 0.004866146264248528
422.0 0.004053880547871813
423.0 0.0036435874790186062
424.0 0.003233293682569638
425.0 0.0031997326004784554
426.0 0.003166170426993631
427.0 0.003800248305196874
428.0 0.004434326183400117
429.0 0.005377499110181816
430.0 0.006320672400761396
431.0 0.005537496326724067
432.0 0.004754321344080381
433.0 0.0051857678045053035
434.0 0.005617213901132345
435.0 0.0038296409911708906
436.0 0.0020420682631083764
437.0 0.0017806551113608293
438.0 0.0015192420505627524
439.0 0.001843976860982366
440.0 0.0021687117623514496
441.0 0.0006782684522477211
442.0 1.9562962361163727e-10
443.0 1.9562962361163727e-10
444.0 1.9562962361163727e-10
445.0 1.9562962361163727e-10
446.0 0.00039097490116546396
447.0 0.0005433706974145025
448.0 0.000695766493663541
449.0 1.9562962361163727e-10
450.0 1.9562962361163727e-10
451.0 1.9562962361163727e-10
452.0 0.0009600998964742757
453.0 0.0016248342944891192
454.0 0.002289568874402903
455.0 0.0019754041204578243
456.0 0.001661239548411686
457.0 0.0010763670616142917
458.0 0.0004914945748168975
459.0 0.00017118081814260222
460.0 1.9562962361163727e-10
461.0 0.00028590534384420607
462.0 0.0007209437171695754
463.0 0.00021061741790617816
464.0 1.9562962361163727e-10
465.0 5.7543473985788296e-05
466.0 0.00041479579522274435
467.0 0.0006481629952759249
468.0 0.0008815301043796353
469.0 0.0006428407232306199
470.0 0.00040415129660686944
471.0 0.0005182465429243166
472.0 0.0006323417892417638
473.0 0.0009787796443561092
474.0 0.00132521763589466
475.0 0.0009048886568052694
476.0 0.00048455999603902455
477.0 0.0007907686267571989
478.0 0.0010969774848490488
479.0 0.0011624174476310145
480.0 0.0012278575013624504
481.0 0.0024569988454459235
482.0 0.0036861387343378738
483.0 0.004923155211145058
484.0 0.006160170596558601
485.0 0.0059942864027107134
486.0 0.005828402208862826
487.0 0.008976142999017611
488.0 0.012123885244363919
489.0 0.01650474441703409
490.0 0.020885601406916976
491.0 0.024575169663876295
492.0 0.02826473501045257
493.0 0.030756604974158108
494.0 0.033248477848246694
495.0 0.02925001608673483
496.0 0.025251548504456878
497.0 0.01884259982034564
498.0 0.012433646770659834
499.0 0.009274303010897711
500.0 0.0061149570683483034
501.0 0.0042503081203904
502.0 0.002385659718129318
503.0 0.0021488496713573113
504.0 0.0019120392607874237
505.0 0.0016977237464743666
506.0 0.0014834083231107797
507.0 0.0018314873159397393
508.0 0.0021795662178192288
509.0 0.002507497265469283
510.0 0.002835428313119337
511.0 0.002081966340483632
512.0 0.0013285042768984567
513.0 0.0015097169125510845
514.0 0.0016909294572542422
515.0 0.0021038242266513407
516.0 0.0025167191779473796
517.0 0.0021686633772333153
518.0 0.0018206077584181912
519.0 0.0021419054974103346
520.0 0.002463203236402478
521.0 0.0019925792003050447
522.0 0.001521955073258141
523.0 0.0014678994375572074
524.0 0.0014138440747046843
525.0 0.0020824174498557113
526.0 0.002750990643107798
527.0 0.0030889066692907363
528.0 0.003426822877372615
529.0 0.00351392081938684
530.0 0.003601018397603184
531.0 0.003217967605451122
532.0 0.0028349171770969406
533.0 0.0023482352844439447
534.0 0.0018615533917909488
535.0 0.0018112265024683438
536.0 0.0017608997950446792
537.0 0.0023436881747329608
538.0 0.0029264760087244213
539.0 0.003268636646680534
540.0 0.0036107976484345272
541.0 0.004454368900042027
542.0 0.005297940879245289
543.0 0.005238465018919669
544.0 0.00517898952239193
545.0 0.004433569120010361
546.0 0.0036881490814266726
547.0 0.0027791136744781397
548.0 0.0018700780856306665
549.0 0.0019733928638743237
550.0 0.0020767078240169212
551.0 0.0017367699911119416
552.0 0.0013968323401059024
553.0 0.0017247444702661596
554.0 0.002052656782325357
555.0 0.0016996842532535084
556.0 0.0013467115422827192
557.0 0.0009644652891438454
558.0 0.0005822191269544419
559.0 0.0002212646450061584
560.0 1.9562962361163727e-10
561.0 0.0006109752121119527
562.0 0.0013616403521155007
563.0 0.0013650289474753663
564.0 0.0013684177247341722
565.0 0.0011768404874601401
566.0 0.000985263250186108
567.0 0.0010417599696666002
568.0 0.0010982565981976222
569.0 0.0009899952601699624
570.0 0.0008817337402433623
571.0 0.0005514181793841999
572.0 0.00022110268673714017
573.0 0.000328199553223385
574.0 0.00043529653339646757
575.0 0.0004404143965075491
576.0 0.00044553216866916046
577.0 0.0004660608738049632
578.0 0.00048658953346603084
579.0 0.000231133094530378
580.0 1.9562962361163727e-10
581.0 0.0002331817768208566
582.0 0.0004906868980469881
583.0 0.0005130261342856102
584.0 0.000535365234100027
585.0 0.0006479067906184355
586.0 0.000760448392611579
587.0 0.0007200429536169395
588.0 0.0006796374236728298
589.0 0.0007090300641721115
590.0 0.0007384227501461282
591.0 0.0009686621524451766
592.0 0.0011989018275926355
593.0 0.0008167332453012932
594.0 0.0004345646175352158
595.0 0.0006531543021992547
596.0 0.0008717438504390884
597.0 0.0007292944246728439
598.0 0.0005868450443813344
599.0 0.0006303589088929584
600.0 0.000673872591505642
601.0 0.0004698122211266309
602.0 0.00026575180527288467
603.0 0.00026943789634970017
604.0 0.00027312387373967795
605.0 0.0002660407517396379
606.0 0.0002589575842648628
607.0 0.0005090138529340038
608.0 0.0007590699169668369
609.0 0.0005966689514025347
610.0 0.00043426766751508694
611.0 0.0005872147539776051
612.0 0.0007401618859148584
613.0 0.0004843631359108258
614.0 0.0002285644541188958
615.0 1.9562962361163727e-10
616.0 1.9562962361163727e-10
617.0 1.9562962361163727e-10
618.0 0.00026083073407789925
619.0 0.00034793224585882854
620.0 0.00043503378037712537
621.0 0.0005335317382559879
622.0 0.0006320296506601153
623.0 0.0004930317118123639
624.0 0.0003540337729646126
625.0 0.0004247099241183605
626.0 0.0004953861662215786
627.0 0.00034748788948490983
628.0 0.00019958961274824105
629.0 0.00035700088574230904
630.0 0.0005144122496858472
631.0 0.000486537282995414
632.0 0.0004586623163049808
633.0 0.0003909907718480099
634.0 0.00032331918191630393
635.0 0.00029891357371525373
636.0 0.00027450787456473336
637.0 0.00029072004963381914
638.0 0.0003069320655413321
639.0 0.0005795520792162279
640.0 0.0008521719792042859
641.0 0.0006987756023590919
642.0 0.0005453792709886329
643.0 0.0006198075880092802
644.0 0.0006942359505046625
645.0 0.0006302941073954571
646.0 0.0005663523552357219
647.0 0.0007471930985047948
648.0 0.0009280342965212185
649.0 0.0007961515620991122
650.0 0.0006642689186264761
651.0 0.0009010949725052342
652.0 0.0011379211173334625
653.0 0.0011844833352370188
654.0 0.0012310454621911049
655.0 0.0017408241546945646
656.0 0.0022506028471980244
657.0 0.0031850355298956856
658.0 0.004119466757401824
659.0 0.00653988026897423
660.0 0.04932438605464995
661.0 0.06529397214762866
662.0 0.045329693239182234
663.0 0.10427612578496337
664.0 0.11992882937192917
665.0 0.091838143998757
666.0 0.15260768122971058
667.0 0.21077231504023075
668.0 0.1649287063628435
669.0 0.24406758602708578
670.0 0.303178234025836
671.0 0.42462111450731754
672.0 0.6401035003364086
673.0 1.0350625962018967
674.0 1.5906719490885735
675.0 2.3794149979948997
676.0 3.3583562821149826
677.0 4.628632962703705
678.0 5.892709642648697
679.0 7.29345828294754
680.0 9.054344147443771
681.0 11.055449396371841
682.0 13.554173707962036
683.0 16.392412781715393
684.0 19.53076422214508
685.0 22.516512870788574
686.0 25.59937834739685
687.0 28.85722517967224
688.0 32.002052664756775
689.0 35.03068685531616
690.0 38.39147686958313
691.0 42.061829566955566
692.0 46.539801359176636
693.0 51.287174224853516
694.0 56.89747929573059
695.0 62.37306594848633
696.0 68.58696937561035
697.0 74.24666285514832
698.0 80.59194684028625
699.0 85.50878763198853
700.0 89.54498767852783
701.0 92.68038868904114
702.0 95.0560986995697
703.0 96.30512595176697
704.0 96.98148965835571
705.0 97.53037691116333
706.0 97.55868315696716
707.0 97.83673286437988
708.0 97.87849187850952
709.0 97.89659380912781
710.0 97.65908122062683
711.0 97.87366390228271
712.0 97.78494834899902
713.0 97.78990745544434
714.0 97.91865944862366
715.0 97.97508716583252
716.0 97.82114624977112
717.0 98.09653759002686
718.0 98.13226461410522
719.0 98.05366396903992
720.0 98.24988842010498
721.0 98.27234745025635
722.0 98.0400025844574
723.0 97.81805276870728
724.0 97.46686816215515
725.0 97.14078903198242
726.0 96.84078693389893
727.0 96.60183191299438
728.0 96.23523354530334
729.0 96.08558416366577
730.0 96.09415531158447
731.0 96.08168601989746
732.0 96.15591168403625
733.0 96.5353012084961
734.0 96.94842100143433
735.0 97.1222996711731
736.0 97.62973189353943
737.0 97.9259729385376
738.0 98.25944900512695
739.0 98.54165315628052
740.0 98.64354729652405
741.0 98.48141074180603
742.0 98.70716333389282
743.0 98.62578511238098
744.0 98.38137626647949
745.0 98.3757495880127
746.0 98.3803927898407
747.0 98.58178496360779
748.0 98.4695553779602
749.0 98.40156435966492
750.0 98.38529825210571
751.0 98.34623336791992
752.0 98.25928807258606
753.0 98.47832918167114
754.0 98.40360879898071
755.0 98.5070288181305
756.0 98.55654239654541
757.0 98.50847125053406
758.0 98.62400889396667
759.0 98.6232578754425
760.0 98.42104315757751
761.0 98.26001524925232
762.0 98.41694831848145
763.0 98.33675026893616
764.0 98.26329946517944
765.0 98.21184277534485
766.0 98.21564555168152
767.0 97.99632430076599
768.0 98.11533093452454
769.0 98.18772077560425
770.0 97.94408679008484
771.0 98.01867604255676
772.0 98.09821844100952
773.0 98.05423021316528
774.0 98.02435040473938
775.0 98.09987545013428
776.0 97.97157049179077
777.0 98.03938865661621
778.0 97.88577556610107
779.0 97.92697429656982
780.0 97.75089025497437
781.0 97.92104959487915
782.0 97.74472117424011
783.0 97.81454801559448
784.0 97.71100878715515
785.0 97.92842268943787
786.0 98.04510474205017
787.0 97.8198230266571
788.0 97.86550402641296
789.0 97.92044162750244
790.0 97.94365763664246
791.0 97.89522886276245
792.0 97.83830642700195
793.0 97.82585501670837
794.0 97.80168533325195
795.0 97.73746728897095
796.0 97.89968132972717
797.0 97.93423414230347
798.0 97.99825549125671
799.0 97.85354733467102
800.0 97.77427315711975
801.0 97.7356493473053
802.0 97.68490791320801
803.0 97.45554327964783
804.0 97.30477333068848
805.0 97.07770347595215
806.0 96.89383506774902
807.0 96.36290669441223
808.0 95.76544761657715
809.0 94.9644923210144
810.0 94.04571056365967
811.0 92.75535345077515
812.0 91.03209376335144
813.0 89.03102278709412
814.0 86.56340837478638
815.0 83.63398909568787
816.0 80.43799996376038
817.0 76.54184699058533
818.0 71.91814184188843
819.0 67.74113178253174
820.0 62.68741488456726
821.0 57.93112516403198
822.0 53.33032011985779
823.0 48.50810170173645
824.0 43.845975399017334
825.0 39.45779800415039
826.0 34.999412298202515
827.0 30.384862422943115
828.0 26.204633712768555
829.0 21.971063315868378
830.0 17.56172925233841
831.0 13.959035277366638
832.0 10.26851236820221
833.0 7.168929278850555
834.0 4.748030751943588
835.0 3.0120743438601494
836.0 1.7877670004963875
837.0 1.0564601048827171
838.0 0.5774801131337881
839.0 0.36857728846371174
840.0 0.21113131660968065
841.0 0.06206875550560653
842.0 0.08211933309212327
843.0 0.060055567882955074
844.0 1.9562962361163727e-10
845.0 1.9562962361163727e-10
846.0 1.9562962361163727e-10
847.0 0.014111433119978756
848.0 1.9562962361163727e-10
849.0 1.9562962361163727e-10
850.0 0.01848890242399648
851.0 1.9562962361163727e-10
852.0 0.0004750965217681369
853.0 0.0010911586286965758
854.0 0.00170722087204922
855.0 0.0012461188816814683
856.0 0.0007850170732126571
857.0 0.0009276265700464137
858.0 0.0010702357030822895
859.0 0.0006133565875643399
860.0 0.00015647729014744982
861.0 0.0002517621624065214
862.0 0.0003470469664534903
863.0 0.00017883302234622533
864.0 1.0619125845323651e-05
865.0 6.681626700810739e-05
866.0 0.00012301333072173293
867.0 0.00010604730960039888
868.0 8.908123731998785e-05
869.0 1.9562962361163727e-10
870.0 1.9562962361163727e-10
871.0 9.257453115196768e-06
872.0 0.00020017387214465998
873.0 0.000225061853598163
874.0 0.0002499497895769309
875.0 0.0002405474333500024
876.0 0.0002311451453351765
877.0 1.9562962361163727e-10
878.0 1.9562962361163727e-10
879.0 1.9562962361163727e-10
880.0 0.00040612226257508155
881.0 0.00017628102568778559
882.0 1.9562962361163727e-10
883.0 0.00014964919046178693
884.0 0.00035285859212308424
885.0 8.691704920238408e-05
886.0 1.9562962361163727e-10
887.0 1.9562962361163727e-10
888.0 0.0001157330871137674
889.0 1.9562962361163727e-10
890.0 1.9562962361163727e-10
891.0 2.7220582410336647e-05
892.0 0.00017320107872365043
893.0 0.0001599493543835706
894.0 0.0001466976300434908
