lsstCam/transmission_filter_detector/r01_s01/i_39/19700101T000000.ecsv
# %ECSV 1.0
# ---
# datatype:
# - {name: wavelength, unit: nm, datatype: float32}
# - {name: efficiency, unit: '%', datatype: float64}
# meta: !!omap
# - {MODE: DETECTOR}
# - {TYPE: transmission_filter_detector}
# - {CALIBDATE: '1970-01-01T00:00:00'}
# - {INSTRUME: LSSTCam}
# - {OBSTYPE: transmission_filter_detector}
# - {CALIBCLS: lsst.ip.isr.IntermediateFilterDetectorTransmissionCurve}
# - {SOURCE: Materion (DM-46256)}
# - {DETECTOR: 1}
# - {FILTER: i_39}
# - {CALIB_ID: 'calibDate=1970-01-01T00:00:00 filter=i_39 detector=1'}
# - {DATE: '2025-04-02T15:59:46.483275'}
# - {CALIB_CREATION_DATE: '2025-04-02'}
# - {CALIB_CREATION_TIME: '15:59:46'}
# - __serialized_columns__:
#     efficiency:
#       __class__: astropy.units.quantity.Quantity
#       unit: !astropy.units.Unit {unit: '%'}
#       value: !astropy.table.SerializedColumn {name: efficiency}
#     wavelength:
#       __class__: astropy.units.quantity.Quantity
#       unit: !astropy.units.Unit {unit: nm}
#       value: !astropy.table.SerializedColumn {name: wavelength}
# schema: astropy-2.0
wavelength efficiency
[from data line 596]
896.0 1.9562962361163727e-10
897.0 1.9562962361163727e-10
898.0 1.9562962361163727e-10
899.0 1.9562962361163727e-10
900.0 1.9562962361163727e-10
901.0 1.9562962361163727e-10
902.0 1.9562962361163727e-10
903.0 1.9562962361163727e-10
904.0 1.9562962361163727e-10
905.0 1.9562962361163727e-10
906.0 1.9562962361163727e-10
907.0 5.035259391661384e-05
908.0 0.00021368653051467845
909.0 3.352381128252091e-06
910.0 1.9562962361163727e-10
911.0 1.9562962361163727e-10
912.0 3.231978666917712e-05
913.0 0.00010528383427299559
914.0 0.00017824787619247218
915.0 3.589401664783054e-07
916.0 1.9562962361163727e-10
917.0 1.9562962361163727e-10
918.0 1.9562962361163727e-10
919.0 1.9562962361163727e-10
920.0 0.00010883165941777406
921.0 5.9488644410521374e-05
922.0 1.0145658535520852e-05
923.0 1.9562962361163727e-10
924.0 1.9562962361163727e-10
925.0 0.00011599086064961739
926.0 0.00035918781122745713
927.0 3.3418902489756874e-05
928.0 1.9562962361163727e-10
929.0 1.9562962361163727e-10
930.0 0.00018150980167774833
931.0 0.00012229784260853194
932.0 6.308586648628989e-05
933.0 0.00011569528624022496
934.0 0.00016830474578455323
935.0 1.9562962361163727e-10
936.0 1.9562962361163727e-10
937.0 1.9562962361163727e-10
938.0 1.9562962361163727e-10
939.0 1.9562962361163727e-10
940.0 1.9562962361163727e-10
941.0 1.9562962361163727e-10
942.0 9.656183408424113e-06
943.0 1.9562962361163727e-10
944.0 1.9562962361163727e-10
945.0 1.9562962361163727e-10
946.0 1.9562962361163727e-10
947.0 1.9562962361163727e-10
948.0 1.9562962361163727e-10
949.0 1.9562962361163727e-10
950.0 1.9562962361163727e-10
951.0 1.9562962361163727e-10
952.0 1.9562962361163727e-10
953.0 1.9562962361163727e-10
954.0 1.9562962361163727e-10
955.0 0.0001516403017376433
956.0 0.0004133668426220538
957.0 0.00025995479973062174
958.0 0.00010654269999577082
959.0 0.000129597469822329
960.0 0.0001526522737549385
961.0 0.00023842840164434165
962.0 0.0003242045977458474
963.0 0.00017266485201616888
964.0 2.112507360152449e-05
965.0 1.9562962361163727e-10
966.0 1.9562962361163727e-10
967.0 1.9562962361163727e-10
968.0 1.9562962361163727e-10
969.0 1.9562962361163727e-10
970.0 1.9562962361163727e-10
971.0 1.9562962361163727e-10
972.0 1.9562962361163727e-10
973.0 1.9562962361163727e-10
974.0 1.9562962361163727e-10
975.0 1.9562962361163727e-10
976.0 1.9562962361163727e-10
977.0 1.9562962361163727e-10
978.0 1.9562962361163727e-10
979.0 1.9562962361163727e-10
980.0 1.9562962361163727e-10
981.0 1.9562962361163727e-10
982.0 1.9562962361163727e-10
983.0 1.9562962361163727e-10
984.0 1.9562962361163727e-10
985.0 3.4074375321324624e-05
986.0 0.00024162632143998053
987.0 1.9562962361163727e-10
988.0 1.9562962361163727e-10
989.0 1.9562962361163727e-10
990.0 1.9562962361163727e-10
991.0 1.9562962361163727e-10
992.0 1.9562962361163727e-10
993.0 1.9562962361163727e-10
994.0 7.7071126725059e-05
995.0 1.9562962361163727e-10
996.0 1.9562962361163727e-10
997.0 9.873583621811122e-05
998.0 0.00043936720430792775
999.0 0.0003667330702228355
1000.0 0.0002940989361377433
1001.0 8.895612495507521e-05
1002.0 1.9562962361163727e-10
1003.0 2.5589687879801204e-05
1004.0 0.00016736615862100734
1005.0 1.9562962361163727e-10
1006.0 1.9562962361163727e-10
1007.0 1.9562962361163727e-10
1008.0 0.00017469492377131246
1009.0 5.669853635481559e-05
1010.0 1.9562962361163727e-10
1011.0 4.6433555667135806e-05
1012.0 0.00015416496808029478
1013.0 0.0003193155407643644
1014.0 0.0004844661816605367
1015.0 0.00034675749702728353
1016.0 0.00020904890334350057
1017.0 0.0003439021156736999
1018.0 0.00047875550990283955
1019.0 0.00039965971154742874
1020.0 0.00032056386771728285
1021.0 0.00019997528397652786
1022.0 7.938669455143099e-05
1023.0 0.00043236996134510264
1024.0 0.0007853533134039026
1025.0 0.0006337337254080921
1026.0 0.0004821141374122817
1027.0 0.00046234931687649805
1028.0 0.00044258458729018457
1029.0 0.0008431155947619118
1030.0 0.0012436466931831092
1031.0 0.0018632892533787526
1032.0 0.0024829314497765154
1033.0 0.0025937779355444945
1034.0 0.0027046236937167123
1035.0 0.003115800427622162
1036.0 0.0035269771615276113
1037.0 0.0035763416235568
1038.0 0.003625706085585989
1039.0 0.002935565134976059
1040.0 0.0022454243662650697
1041.0 0.001686508949205745
1042.0 0.0011275932592980098
1043.0 0.0018145077774534002
1044.0 0.0025014222046593204
1045.0 0.003036340967810247
1046.0 0.003571260458556935
1047.0 0.00350176305801142
1048.0 0.003432265657465905
1049.0 0.0030181578040355816
1050.0 0.002604049768706318
1051.0 0.0028638693038374186
1052.0 0.0031236886570695788
1053.0 0.0020511544789769687
1054.0 0.0009786198461370077
1055.0 0.0007326723334699636
1056.0 0.0004867245934292441
1057.0 0.0008022744623303879
1058.0 0.001117824467655737
1059.0 0.0011263126907579135
1060.0 0.0011348012776579708
1061.0 0.0017598969861865044
1062.0 0.0023849925128160976
1063.0 0.0027440035410108976
1064.0 0.003103014751104638
1065.0 0.003273314723628573
1066.0 0.0034436154237482697
1067.0 0.004374610216473229
1068.0 0.005305605009198189
1069.0 0.004345710112829693
1070.0 0.003385814852663316
1071.0 0.0030840277759125456
1072.0 0.0027822408810607158
1073.0 0.0025784267563722096
1074.0 0.002374612449784763
1075.0 0.0022413694750866853
1076.0 0.0021081261365907267
1077.0 0.0015606963643222116
1078.0 0.0010132661373063456
1079.0 0.0015892774172243662
1080.0 0.002165288788091857
1081.0 0.001274075657420326
1082.0 0.0003828622993751196
1083.0 0.00013220802657087916
1084.0 1.9562962361163727e-10
1085.0 0.0006331178155960515
1086.0 0.0013846825822838582
1087.0 0.0014922593436494935
1088.0 0.0015998362869140692
1089.0 1.9562962361163727e-10
1090.0 1.9562962361163727e-10
1091.0 1.9562962361163727e-10
1092.0 1.9562962361163727e-10
1093.0 1.9562962361163727e-10
1094.0 6.197678885655478e-05
1095.0 1.9562962361163727e-10
1096.0 1.9562962361163727e-10
1097.0 1.9562962361163727e-10
1098.0 1.9562962361163727e-10
1099.0 1.9562962361163727e-10
1100.0 0.00018609163134897244
