lsstCam/transmission_filter_detector/r43_s01/r_57/19700101T000000.ecsv
# %ECSV 1.0
# ---
# datatype:
# - {name: wavelength, unit: nm, datatype: float32}
# - {name: efficiency, unit: '%', datatype: float64}
# meta: !!omap
# - {MODE: DETECTOR}
# - {TYPE: transmission_filter_detector}
# - {CALIBDATE: '1970-01-01T00:00:00'}
# - {INSTRUME: LSSTCam}
# - {OBSTYPE: transmission_filter_detector}
# - {CALIBCLS: lsst.ip.isr.IntermediateFilterDetectorTransmissionCurve}
# - {SOURCE: Materion (DM-46256)}
# - {DETECTOR: 181}
# - {FILTER: r_57}
# - {CALIB_ID: 'calibDate=1970-01-01T00:00:00 filter=r_57 detector=181'}
# - {DATE: '2025-04-02T15:59:45.021593'}
# - {CALIB_CREATION_DATE: '2025-04-02'}
# - {CALIB_CREATION_TIME: '15:59:45'}
# - __serialized_columns__:
#     efficiency:
#       __class__: astropy.units.quantity.Quantity
#       unit: !astropy.units.Unit {unit: '%'}
#       value: !astropy.table.SerializedColumn {name: efficiency}
#     wavelength:
#       __class__: astropy.units.quantity.Quantity
#       unit: !astropy.units.Unit {unit: nm}
#       value: !astropy.table.SerializedColumn {name: wavelength}
# schema: astropy-2.0
wavelength efficiency
300.0 0.002273621430504136
301.0 0.006420729914680123
302.0 0.01056783803505823
303.0 0.013457171735353768
304.0 0.01634650834603235
305.0 0.014339563495013863
306.0 0.012332620099186897
307.0 0.010738086712080985
308.0 0.009143554052570835
309.0 0.008191671076929197
310.0 0.007239788101287559
311.0 0.006596067396458238
312.0 0.005952347055426799
313.0 0.0054541160352528095
314.0 0.004955884287483059
315.0 0.004577637082547881
316.0 0.004199389513814822
317.0 0.003893308894475922
318.0 0.0035872290027327836
319.0 0.0034046777727780864
320.0 0.0032221258152276278
321.0 0.003159489278914407
322.0 0.0030968534701969475
323.0 0.0029099244784447365
324.0 0.002722995668591466
325.0 0.0025500448828097433
326.0 0.0023770940970280208
327.0 0.002477431553415954
328.0 0.0025777690098038875
329.0 0.002690741530386731
330.0 0.0028037138690706342
331.0 0.0026807892936631106
332.0 0.0025578645363566466
333.0 0.002319873237865977
334.0 0.0020818815755774267
335.0 0.001784860432962887
336.0 0.0014878393812978175
337.0 0.0014482488950307015
338.0 0.0014086584087635856
339.0 0.0012343140951998066
340.0 0.0010599695997370873
341.0 0.0010650063813955057
342.0 0.001070043072104454
343.0 0.001045441604219377
344.0 0.0010208402272837702
345.0 0.0010037024367193226
346.0 0.000986564646154875
347.0 0.0009582778147887439
348.0 0.0009299908015236724
349.0 0.0009284369298256934
350.0 0.004663238723878749
351.0 0.0050088467105524614
352.0 0.005354455424821936
353.0 0.004860786066274159
354.0 0.004367117799120024
355.0 0.0045788445277139544
356.0 0.004790571256307885
357.0 0.005068217797088437
358.0 0.005345866520656273
359.0 0.00395467686757911
360.0 0.002563487214501947
361.0 0.0027783824407379143
362.0 0.002993278030771762
363.0 0.002854780905181542
364.0 0.0027162835976923816
365.0 0.0029556371373473667
366.0 0.0031949904951034114
367.0 0.0031195122573990375
368.0 0.0030440343834925443
369.0 0.003316661241115071
370.0 0.003589288826333359
371.0 0.0036160519812256098
372.0 0.0036428151361178607
373.0 0.0042259252950316295
374.0 0.004809035090147518
375.0 0.0036328532587504014
376.0 0.0024566716092522256
377.0 0.002107904219883494
378.0 0.0017591368305147626
379.0 0.0019494531443342566
380.0 0.0021397692762548104
381.0 0.002834838414855767
382.0 0.0035299075534567237
383.0 0.0038674432289553806
384.0 0.004204979268251918
385.0 0.00465171251562424
386.0 0.005098446490592323
387.0 0.004405943400342949
388.0 0.003713440673891455
389.0 0.0026567468012217432
390.0 0.0016000525647541508
391.0 0.0011918550626432989
392.0 0.000783657560532447
393.0 0.0009414792657480575
394.0 0.0010993012438120786
395.0 0.0012406279893184546
396.0 0.0013819547348248307
397.0 0.0012917495951114688
398.0 0.0012015442734991666
399.0 0.0012625121598830447
400.0 0.0013234805010142736
401.0 0.0012021182556054555
402.0 0.0010807560101966374
403.0 0.0011075948350480758
404.0 0.0011344339327479247
405.0 0.0011327375432301778
406.0 0.0011310414265608415
407.0 0.0010808110346260946
408.0 0.0010305809155397583
409.0 0.0014851441846985836
410.0 0.0019397073629079387
411.0 0.0017894621123559773
412.0 0.001639216861804016
413.0 0.0015987408914952539
414.0 0.0015582651030854322
415.0 0.0014315535736386664
416.0 0.0013048424079897813
417.0 0.0015077926036610734
418.0 0.0017107427993323654
419.0 0.002383713945164345
420.0 0.003056685090996325
421.0 0.004833896309719421
422.0 0.006611106073250994
423.0 0.009527480142423883
424.0 0.012443852028809488
425.0 0.01686361647443846
426.0 0.02128338092006743
427.0 0.0212835700949654
428.0 0.02128376072505489
429.0 0.01705451577436179
430.0 0.012825270823668689
431.0 0.009014135866891593
432.0 0.005202999818720855
433.0 0.004288538912078366
434.0 0.0033740780054358765
435.0 0.002785491778922733
436.0 0.002196905370510649
437.0 0.0016731150026316755
438.0 0.001149324634752702
439.0 0.0011162119335494936
440.0 0.0010830994142452255
441.0 0.001255675215361407
442.0 0.0014282511074270587
443.0 0.0015849294868530706
444.0 0.0017416075934306718
445.0 0.0013065717212157324
446.0 0.000871535849000793
447.0 0.0010995183401973918
448.0 0.0013275003766466398
449.0 0.0013831283467879985
450.0 0.0014387559531314764
451.0 0.0014272000044002198
452.0 0.0014156442375679035
453.0 0.0014189210560289212
454.0 0.0014221978744899388
455.0 0.0011879407793458086
456.0 0.0009536838661006186
457.0 0.00104900836959132
458.0 0.0011443330549809616
459.0 0.0012506161510827951
460.0 0.001356898974336218
461.0 0.0019976234398200177
462.0 0.0026383480872027576
463.0 0.0035003151424461976
464.0 0.0043622821976896375
465.0 0.005311036511557177
466.0 0.0062597900978289545
467.0 0.006783360004192218
468.0 0.007306932093342766
469.0 0.006280495290411636
470.0 0.005254058851278387
471.0 0.003810038833762519
472.0 0.0023660186343477108
473.0 0.001761349631124176
474.0 0.0011566810826479923
475.0 0.0010775606824608985
476.0 0.000998440373223275
477.0 0.0009438354027224705
478.0 0.0008892305231711362
479.0 0.0007774609912303276
480.0 0.0006656913683400489
481.0 0.0006365647550410358
482.0 0.0006074380507925525
483.0 0.0005657688234350644
484.0 0.0005240996415523114
485.0 0.0006609970569115831
486.0 0.0007978942448971793
487.0 0.0007339736839639954
488.0 0.0006700531230308115
489.0 0.0008372786396648735
490.0 0.0010045042472484056
491.0 0.0009053308531292714
492.0 0.0008061576409090776
493.0 0.0008848499419400468
494.0 0.0009635420610720757
495.0 0.0010205463695456274
496.0 0.001077550678019179
497.0 0.0011024492778233252
498.0 0.0011273478776274715
499.0 0.0012078368854417931
500.0 0.0012883258932561148
501.0 0.001600830910319928
502.0 0.0019133358364342712
503.0 0.002211116225225851
504.0 0.00250889625021955
505.0 0.003028070568689145
506.0 0.0035472447052598
507.0 0.004334847108111717
508.0 0.005122449147165753
509.0 0.005440944732981734
510.0 0.005759439954999834
511.0 0.005167835843167268
512.0 0.0045762313675368205
513.0 0.003874729009112343
514.0 0.003173226650687866
515.0 0.003031635242223274
516.0 0.0028900436518597417
517.0 0.0028678610760835
518.0 0.002845678864105139
519.0 0.04141395911574364
520.0 0.08857431821525097
521.0 0.0531329947989434
522.0 0.08613679092377424
523.0 0.08580342400819063
524.0 0.0803514791186899
525.0 0.12487854110077024
526.0 0.16607461730018258
527.0 0.10610992321744561
528.0 0.14244293561205268
529.0 0.10991907911375165
530.0 0.1659355009905994
531.0 0.2122816862538457
532.0 0.20977486856281757
533.0 0.30889795161783695
534.0 0.36523034796118736
535.0 0.5612606648355722
536.0 0.7586916908621788
537.0 1.0133080184459686
538.0 1.542663760483265
539.0 2.5163089856505394
540.0 4.076677188277245
541.0 5.940047279000282
542.0 8.452177047729492
543.0 11.700426787137985
544.0 15.643605589866638
545.0 20.0115829706192
546.0 25.265279412269592
547.0 31.95488154888153
548.0 39.99956548213959
549.0 48.1533020734787
550.0 55.032479763031006
551.0 62.49358057975769
552.0 67.28825569152832
553.0 72.4419116973877
554.0 76.34915113449097
555.0 80.51099181175232
556.0 84.11616683006287
557.0 86.61208748817444
558.0 89.85194563865662
559.0 92.97676682472229
560.0 93.29305291175842
561.0 94.68792676925659
562.0 95.6486165523529
563.0 95.30046582221985
564.0 95.53072452545166
565.0 95.34063339233398
566.0 95.83248496055603
567.0 95.145183801651
568.0 96.00740075111389
569.0 96.59725427627563
570.0 96.27326726913452
571.0 97.03446626663208
572.0 96.66725993156433
573.0 96.78081274032593
574.0 97.06127643585205
575.0 97.04445004463196
576.0 97.7672815322876
577.0 97.23477363586426
578.0 97.35191464424133
579.0 97.0536470413208
580.0 96.76482081413269
581.0 96.56962752342224
582.0 96.853107213974
583.0 96.80198431015015
584.0 96.19820713996887
585.0 96.32455706596375
586.0 96.51666283607483
587.0 96.52217626571655
588.0 96.82533740997314
589.0 97.62974977493286
590.0 96.91999554634094
591.0 95.73873281478882
592.0 95.80915570259094
593.0 95.71201205253601
594.0 95.84173560142517
595.0 96.30886912345886
596.0 96.77735567092896
597.0 97.2217857837677
598.0 96.7864990234375
599.0 96.9458281993866
600.0 96.85808420181274
601.0 96.11393809318542
602.0 96.47663235664368
603.0 96.25374674797058
604.0 96.38434648513794
605.0 96.78195714950562
606.0 96.26491665840149
607.0 96.25073075294495
608.0 96.18136882781982
609.0 95.5966591835022
610.0 95.99366188049316
611.0 95.93365788459778
612.0 95.68706154823303
613.0 96.88193202018738
614.0 96.51890993118286
615.0 96.40082716941833
616.0 96.53821587562561
617.0 96.32510542869568
618.0 96.12385034561157
619.0 96.89239263534546
620.0 96.05918526649475
621.0 95.8139419555664
622.0 96.5198814868927
623.0 96.69135808944702
624.0 96.44050002098083
625.0 96.82403206825256
626.0 95.89800834655762
627.0 95.564866065979
628.0 97.20393419265747
629.0 95.88000774383545
630.0 96.44157886505127
631.0 95.99854946136475
632.0 96.93089127540588
633.0 96.39835357666016
634.0 96.02383375167847
635.0 96.20888829231262
636.0 96.08122706413269
637.0 95.71859240531921
638.0 95.30302882194519
639.0 95.4567551612854
640.0 95.53272724151611
641.0 95.45018076896667
642.0 96.35556936264038
643.0 96.20164036750793
644.0 96.07188701629639
645.0 95.70266604423523
646.0 96.1800217628479
647.0 97.1780002117157
648.0 96.22836112976074
649.0 95.90817093849182
650.0 96.6339647769928
651.0 96.76899909973145
652.0 96.82049751281738
653.0 95.68321108818054
654.0 96.71445488929749
655.0 96.6394305229187
656.0 95.85515260696411
657.0 96.04389071464539
658.0 96.42174243927002
659.0 96.29825353622437
660.0 95.6191897392273
661.0 95.64032554626465
662.0 95.87563872337341
663.0 95.94339728355408
664.0 95.85068225860596
665.0 95.33230662345886
666.0 95.45401930809021
667.0 95.57406306266785
668.0 95.31606435775757
669.0 95.59676051139832
670.0 95.57499885559082
671.0 95.78854441642761
672.0 95.45828104019165
673.0 95.51235437393188
674.0 95.03291845321655
675.0 95.85750699043274
676.0 95.31546235084534
677.0 94.19140219688416
678.0 93.49558353424072
679.0 92.47682690620422
680.0 91.67894721031189
681.0 90.3113067150116
682.0 88.08708786964417
683.0 85.46989560127258
684.0 82.19349980354309
685.0 78.74214053153992
686.0 74.92666840553284
687.0 70.17168998718262
688.0 65.84753394126892
689.0 61.30168437957764
690.0 56.05009198188782
691.0 52.04935073852539
692.0 47.52742946147919
693.0 43.2694137096405
694.0 38.05807828903198
695.0 32.97749161720276
696.0 27.56337821483612
697.0 22.32775092124939
698.0 16.637642681598663
699.0 12.064602226018906
700.0 8.360307663679123
701.0 5.257811024785042
702.0 3.276030719280243
703.0 1.95564404129982
704.0 1.1092263273894787
705.0 0.6584606599062681
706.0 0.37450194358825684
707.0 0.26907045394182205
708.0 0.20426970440894365
709.0 0.18414737423881888
710.0 0.13728422345593572
711.0 0.07021527853794396
712.0 0.02866894647013396
713.0 0.0757772068027407
714.0 0.07341399323195219
715.0 0.05068163154646754
716.0 0.052470050286501646
717.0 0.05402223905548453
718.0 0.06934200646355748
719.0 0.048549738130532205
720.0 1.6263865254551035e-10
721.0 0.004159408854320645
722.0 0.004115887713851407
723.0 0.004072366573382169
724.0 0.0037508871173486114
725.0 0.0034294076613150537
726.0 0.0032567237212788314
727.0 0.003084039781242609
728.0 0.002971749745483976
729.0 0.0028594595278264023
730.0 0.0027013751605409198
731.0 0.002543290793255437
732.0 0.002435180613247212
733.0 0.0023270706151379272
734.0 0.0021979023586027324
735.0 0.0020687346477643587
736.0 0.00197755143744871
737.0 0.0018863680452341214
738.0 0.0016926444004639052
739.0 0.0014989209375926293
740.0 0.0015608036846970208
741.0 0.0016226864318014123
742.0 0.0015425441233674064
743.0 0.0014624018149334006
744.0 0.0014448451111093163
745.0 0.0014272885891841725
746.0 0.001320021601713961
747.0 0.0012127544323448092
748.0 0.001191142018797109
749.0 0.0011695295142999385
750.0 0.0011607523447310086
751.0 0.0011519750842126086
752.0 0.0010983718311763369
753.0 0.001044768578140065
754.0 0.001124568825616734
755.0 0.0012043690730934031
756.0 0.0011552346222742926
757.0 0.001106100080505712
758.0 0.001156869166152319
759.0 0.0012076384336978663
760.0 0.0012733812582155224
761.0 0.0013391242646321189
762.0 0.0012061807865393348
763.0 0.0010732372174970806
764.0 0.0010248539183521643
765.0 0.0009764705282577779
766.0 0.0008365655958186835
767.0 0.0006966606633795891
768.0 0.0007856806405470707
769.0 0.000874700526765082
770.0 0.0008343708941538353
771.0 0.0007940411705931183
772.0 0.0008298130524053704
773.0 0.000865584661369212
774.0 0.00078765533544356
775.0 0.0007097258276189677
776.0 0.0007433953214786015
777.0 0.0007770649972371757
778.0 0.0007433797236444661
779.0 0.0007096944500517566
780.0 0.0006642924290645169
781.0 0.0006188901807036018
782.0 0.0006795017270633252
783.0 0.000740113455321989
784.0 0.0007736417501291726
785.0 0.000807169999461621
786.0 0.0007413842922687763
787.0 0.0006755986760254018
788.0 0.0006970178674237104
789.0 0.0007184372861956945
790.0 0.0005881206561753061
791.0 0.0004578038442559773
792.0 0.0004995640665583778
793.0 0.0005413242888607783
794.0 0.0006762246812286321
795.0 0.0008111250281217508
796.0 0.0007383361662505195
797.0 0.0006655473953287583
798.0 0.0006493548426078632
799.0 0.0006331622898869682
800.0 0.0006689497240586206
801.0 0.0007047370218060678
802.0 0.0007028455002000555
803.0 0.0007009540240687784
804.0 0.000661857802697341
805.0 0.0006227615358511684
806.0 0.0005754443463956704
807.0 0.0005281272024149075
808.0 0.0006667740308330394
809.0 0.0008054208592511714
810.0 0.0007430168807331938
811.0 0.000680612720316276
812.0 0.0007106307748472318
813.0 0.0007406487384287175
814.0 0.0007927354999992531
815.0 0.0008448221706203185
816.0 0.0008243363481597044
817.0 0.0008038505256990902
818.0 0.0005737268566008424
819.0 0.000343603369401535
820.0 0.0005069355211162474
821.0 0.0006702676273562247
822.0 0.0006702670361846685
823.0 0.0006702665359625826
824.0 0.0006086733264965005
825.0 0.0005470803444040939
826.0 0.0005709814558940707
827.0 0.0005948825219093123
828.0 0.0005137326297699474
829.0 0.0004325827831053175
830.0 0.00020017953374917852
831.0 1.6263865254551035e-10
832.0 5.155627036401711e-07
833.0 3.325482964555704e-05
834.0 3.918830770999193e-06
835.0 1.6263865254551035e-10
836.0 0.0001924573780343053
837.0 0.00041033176785276737
838.0 0.0012501248420448974
839.0 0.0020899180526612327
840.0 0.002707087514863815
841.0 0.003324256613268517
842.0 0.0038764348573749885
843.0 0.004428610918694176
844.0 0.003964802453992888
845.0 0.00350099362549372
846.0 0.0032179672416532412
847.0 0.0029349410397117026
848.0 0.0029122920750523917
849.0 0.0028896429284941405
850.0 0.0027263811716693453
851.0 0.00256311941484455
852.0 0.002245157156721689
853.0 0.0019271948985988274
854.0 0.0016562156815780327
855.0 0.001385236464557238
856.0 0.001150447587860981
857.0 0.0009156585292657837
858.0 0.0006980706984904828
859.0 0.00048048295866465196
860.0 0.0003571196657503606
861.0 0.00023375635009870166
862.0 0.00022721344521414721
863.0 0.00022067049485485768
864.0 0.0002076880036838702
865.0 0.00019470548977551516
866.0 0.0002136690682164044
867.0 0.00023263264665729366
868.0 0.0001294948447139177
869.0 2.635702571751608e-05
870.0 0.00014844140423520003
871.0 0.00027052578843722586
872.0 0.0002288933274030569
873.0 0.00018726090047493926
874.0 0.00021499797639989993
875.0 0.00024273504095617682
876.0 0.00013505599554264336
877.0 2.7376981392990274e-05
878.0 3.313582226383005e-05
879.0 3.88946745033536e-05
880.0 9.231084732164163e-05
881.0 0.0001457270627724938
882.0 9.291381957154954e-05
883.0 4.010062752968224e-05
884.0 0.00011211390074095107
885.0 0.0001841272137426131
886.0 0.00023002869511401514
887.0 0.0002759301651167334
888.0 0.00022675899344903883
889.0 0.0001775877990439767
890.0 0.00017508505152363796
891.0 0.00017258230400329921
892.0 0.00018577061382529791
893.0 0.00019895890090992907
894.0 9.65365870797541e-05
895.0 1.6263865254551035e-10
896.0 1.875170907439383e-07
897.0 6.260751916897789e-06
898.0 2.567558397004177e-05
899.0 4.509040536504472e-05
900.0 1.8134278079173782e-06
901.0 1.6263865254551035e-10
