lsstCam/transmission_filter_detector/r43_s01/r_57/19700101T000000.ecsv
# %ECSV 1.0
# ---
# datatype:
# - {name: wavelength, unit: nm, datatype: float32}
# - {name: efficiency, unit: '%', datatype: float64}
# meta: !!omap
# - {MODE: DETECTOR}
# - {TYPE: transmission_filter_detector}
# - {CALIBDATE: '1970-01-01T00:00:00'}
# - {INSTRUME: LSSTCam}
# - {OBSTYPE: transmission_filter_detector}
# - {CALIBCLS: lsst.ip.isr.IntermediateFilterDetectorTransmissionCurve}
# - {SOURCE: Materion (DM-46256)}
# - {DETECTOR: 181}
# - {FILTER: r_57}
# - {CALIB_ID: 'calibDate=1970-01-01T00:00:00 filter=r_57 detector=181'}
# - {DATE: '2025-04-02T15:59:45.021593'}
# - {CALIB_CREATION_DATE: '2025-04-02'}
# - {CALIB_CREATION_TIME: '15:59:45'}
# - __serialized_columns__:
#     efficiency:
#       __class__: astropy.units.quantity.Quantity
#       unit: !astropy.units.Unit {unit: '%'}
#       value: !astropy.table.SerializedColumn {name: efficiency}
#     wavelength:
#       __class__: astropy.units.quantity.Quantity
#       unit: !astropy.units.Unit {unit: nm}
#       value: !astropy.table.SerializedColumn {name: wavelength}
# schema: astropy-2.0
wavelength efficiency
[from data line 603]
903.0 8.582353672181853e-06
904.0 9.462194157094928e-05
905.0 0.00018066151596940472
906.0 0.00011409222224756377
907.0 4.752294557874848e-05
908.0 0.00010495898550288985
909.0 0.000162394985636638
910.0 9.583316114003537e-05
911.0 2.9271330959090847e-05
912.0 0.00010956542837448069
913.0 0.00018985953147421242
914.0 0.00018085604551743018
915.0 0.0001718525368232804
916.0 0.00012276883580852882
917.0 7.36851177407516e-05
918.0 4.885664566245396e-05
919.0 2.402820200586575e-05
920.0 9.59381850407226e-05
921.0 0.00016784817944426322
922.0 0.0001496438130743627
923.0 0.00013143949217919726
924.0 0.00019353990410309052
925.0 0.00025564036150171887
926.0 0.0002480757757439278
927.0 0.00024051123546087183
928.0 0.00024013838810788002
929.0 0.0002397655407548882
930.0 0.00018256623661727645
931.0 0.0001253669211109809
932.0 0.00010804062640090706
933.0 9.071435442820075e-05
934.0 6.189471264406166e-05
935.0 3.307506233340973e-05
936.0 4.975934189133113e-05
937.0 6.644364134444913e-05
938.0 1.6263865254551035e-10
939.0 1.6263865254551035e-10
940.0 3.0246459914451407e-05
941.0 0.00013995277186040767
942.0 0.00023653567495784955
943.0 0.0003331185553179239
944.0 0.00033619928672123933
945.0 0.00033927994991245214
946.0 0.0005210524250287563
947.0 0.0007028249456197955
948.0 0.0006353638127620798
949.0 0.0005679028618033044
950.0 0.0005528791007236578
951.0 0.0005378552032198058
952.0 0.0006109255082265008
953.0 0.0006839957677584607
954.0 0.0009009884706756566
955.0 0.0011179813554917928
956.0 0.0010337794265069533
957.0 0.000949577588471584
958.0 0.0012103116205253173
959.0 0.0014710454706801102
960.0 0.0016029493053792976
961.0 0.0017348529581795447
962.0 0.0018471679140930064
963.0 0.001959482870006468
964.0 0.00209312802326167
965.0 0.002226773176516872
966.0 0.002237569606222678
967.0 0.002248366581625305
968.0 0.002240298272226937
969.0 0.0022322301447275095
970.0 0.0023044380213832483
971.0 0.002376645352342166
972.0 0.002465929719619453
973.0 0.0025552139049977995
974.0 0.002756270805548411
975.0 0.0029573282517958432
976.0 0.003070735328947194
977.0 0.0031841427698964253
978.0 0.0031469393434235826
979.0 0.0031097362807486206
980.0 0.0031751638744026423
981.0 0.003240591468056664
982.0 0.003222767190891318
983.0 0.003204942913725972
984.0 0.003139568798360415
985.0 0.003074195046792738
986.0 0.0029499849915737286
987.0 0.00282577548205154
988.0 0.0027896174287889153
989.0 0.0027534595574252307
990.0 0.002744587982306257
991.0 0.0027357167709851637
992.0 0.002640635284478776
993.0 0.0025455541617702693
994.0 0.0025995859687100165
995.0 0.002653617957548704
996.0 0.0026686828277888708
997.0 0.0026837476980290376
998.0 0.0027784508347394876
999.0 0.0028731537895509973
1000.0 0.0029767501473543234
1001.0 0.0030803465051576495
1002.0 0.00322080340993125
1003.0 0.003361260678502731
1004.0 0.003652039958979003
1005.0 0.003942819239455275
1006.0 0.0039860613469500095
1007.0 0.004029303818242624
1008.0 0.004072925730724819
1009.0 0.004116547643207014
1010.0 0.004129625813220628
1011.0 0.004142703983234242
1012.0 0.004172932312940247
1013.0 0.004203160642646253
1014.0 0.004155721762799658
1015.0 0.004108283246750943
1016.0 0.003671859303722158
1017.0 0.003235434996895492
1018.0 0.0029367416573222727
1019.0 0.0026380483177490532
1020.0 0.002412440881016664
1021.0 0.0021868330804863945
1022.0 0.0019899342078133486
1023.0 0.0017930351532413624
1024.0 0.001563213845656719
1025.0 0.0013333929928194266
1026.0 0.0012057122148689814
1027.0 0.0010780319826153573
1028.0 0.0009170056728180498
1029.0 0.0007559795449196827
1030.0 0.0008051475560932886
1031.0 0.0008543156582163647
1032.0 0.0006790991392335854
1033.0 0.0005038825747760711
1034.0 0.0005910556865273975
1035.0 0.000678228889228194
1036.0 0.0006562803719134536
1037.0 0.0006343317636492429
1038.0 0.0008967581379693002
1039.0 0.001159184375865152
1040.0 0.0009878403943730518
1041.0 0.000816496140032541
1042.0 0.000831534453027416
1043.0 0.0008465726750728209
1044.0 0.0008365946086996701
1045.0 0.0008266165423265193
1046.0 0.0006520097031170735
1047.0 0.00047740281843289267
1048.0 0.000693449828759185
1049.0 0.0009094970664591528
1050.0 0.001015978523355443
1051.0 0.0011224600712012034
1052.0 0.001266144772671396
1053.0 0.001409829292242648
1054.0 0.0013089362255414017
1055.0 0.0012080433407390956
1056.0 0.0012181740203232039
1057.0 0.0012283049727557227
1058.0 0.0012201143363199662
1059.0 0.0012119236089347396
1060.0 0.001170275663753273
1061.0 0.001128627536672866
1062.0 0.0009918564501276705
1063.0 0.0008550853635824751
1064.0 0.0010185710380028468
1065.0 0.0011820566214737482
1066.0 0.001462197815271793
1067.0 0.001742338645271957
1068.0 0.0017722339180181734
1069.0 0.0018021290088654496
1070.0 0.001801417238311842
1071.0 0.0018007052858592942
1072.0 0.0021296576960594393
1073.0 0.0024586101062595844
1074.0 0.00236460746236844
1075.0 0.0022706048184772953
1076.0 0.0022995283870841376
1077.0 0.0023284515918930992
1078.0 0.002872969525924418
1079.0 0.003417487459955737
1080.0 0.0033794469345593825
1081.0 0.003341406409163028
1082.0 0.0038644313463009894
1083.0 0.0043874566472368315
1084.0 0.0036281584470998496
1085.0 0.0028688606107607484
1086.0 0.0034916178265120834
1087.0 0.00411437576985918
1088.0 0.003817758260993287
1089.0 0.003521141115925275
1090.0 0.0034030603274004534
1091.0 0.003284979538875632
1092.0 0.0034535038139438257
1093.0 0.0036220277252141386
1094.0 0.0031101873901207
1095.0 0.0025983476007240824
1096.0 0.0029338712920434773
1097.0 0.003269394801463932
1098.0 0.00261263303400483
1099.0 0.001955871266545728
1100.0 0.0017778524124878459
1101.0 0.0015998335584299639
