lsstCam/transmission_filter_detector/r23_s12/z_20/19700101T000000.ecsv
# %ECSV 1.0
# ---
# datatype:
# - {name: wavelength, unit: nm, datatype: float32}
# - {name: efficiency, unit: '%', datatype: float64}
# meta: !!omap
# - {MODE: DETECTOR}
# - {TYPE: transmission_filter_detector}
# - {CALIBDATE: '1970-01-01T00:00:00'}
# - {INSTRUME: LSSTCam}
# - {OBSTYPE: transmission_filter_detector}
# - {CALIBCLS: lsst.ip.isr.IntermediateFilterDetectorTransmissionCurve}
# - {SOURCE: Materion (DM-46256)}
# - {DETECTOR: 104}
# - {FILTER: z_20}
# - {CALIB_ID: 'calibDate=1970-01-01T00:00:00 filter=z_20 detector=104'}
# - {DATE: '2025-04-02T15:59:49.121084'}
# - {CALIB_CREATION_DATE: '2025-04-02'}
# - {CALIB_CREATION_TIME: '15:59:49'}
# - __serialized_columns__:
#     efficiency:
#       __class__: astropy.units.quantity.Quantity
#       unit: !astropy.units.Unit {unit: '%'}
#       value: !astropy.table.SerializedColumn {name: efficiency}
#     wavelength:
#       __class__: astropy.units.quantity.Quantity
#       unit: !astropy.units.Unit {unit: nm}
#       value: !astropy.table.SerializedColumn {name: wavelength}
# schema: astropy-2.0
wavelength efficiency
300.0 0.5860100034624338
301.0 0.43736565858125687
302.0 0.2887213137000799
303.0 0.26350426487624645
304.0 0.23828723933547735
305.0 0.20793634466826916
306.0 0.1775854267179966
307.0 0.1586655038408935
308.0 0.1397455926053226
309.0 0.13463642681017518
310.0 0.12952727265655994
311.0 0.1210296293720603
312.0 0.11253200937062502
313.0 0.10734148090705276
314.0 0.10215095244348049
315.0 0.09193860460072756
316.0 0.08172626257874072
317.0 0.07323204772546887
318.0 0.06473783869296312
319.0 0.06813423824496567
320.0 0.07153064361773431
321.0 0.06540953181684017
322.0 0.05928842583671212
323.0 0.05610458902083337
324.0 0.05292074638418853
325.0 0.046755350194871426
326.0 0.04058995109517127
327.0 0.0400581891881302
328.0 0.03952642437070608
329.0 0.03595522721298039
330.0 0.032384032965637743
331.0 0.02969134075101465
332.0 0.026998648536391556
333.0 0.02630293311085552
334.0 0.025607217685319483
335.0 0.02470703620929271
336.0 0.023806853278074414
337.0 0.023870654695201665
338.0 0.02393445320194587
339.0 0.021889200434088707
340.0 0.01984395203180611
341.0 0.018474439275451005
342.0 0.01710492797428742
343.0 0.015268559218384326
344.0 0.013432191917672753
345.0 0.013281655265018344
346.0 0.013131115701980889
347.0 0.012672104639932513
348.0 0.012213093577884138
349.0 0.013317928824108094
350.0 0.014422765525523573
351.0 0.013102813682053238
352.0 0.011782859655795619
353.0 0.012913130922242999
354.0 0.014043400005903095
355.0 0.01185243745567277
356.0 0.009661472722655162
357.0 0.01021836869767867
358.0 0.01077526540029794
359.0 0.010234693036181852
360.0 0.009694119944470003
361.0 0.00893653414095752
362.0 0.00817895052023232
363.0 0.008271944534499198
364.0 0.008364937093574554
365.0 0.008591434743721038
366.0 0.008817933849059045
367.0 0.00859622159623541
368.0 0.008374510798603296
369.0 0.008614199759904295
370.0 0.008853888721205294
371.0 0.008190958033083007
372.0 0.0075280258897691965
373.0 0.006753089837729931
374.0 0.005978154513286427
375.0 0.006060138912289403
376.0 0.006142122583696619
377.0 0.006703523831674829
378.0 0.007264924352057278
379.0 0.006233555177459493
380.0 0.005202185639063828
381.0 0.0043231615563854575
382.0 0.0034441374737070873
383.0 0.004322539462009445
384.0 0.005200942177907564
385.0 0.004910196730634198
386.0 0.004619451647158712
387.0 0.005162733214092441
388.0 0.005706015508621931
389.0 0.005121340655023232
390.0 0.004536665801424533
391.0 0.004314426041673869
392.0 0.004092186281923205
393.0 0.004642264684662223
394.0 0.005192343087401241
395.0 0.004436016388353892
396.0 0.0036796893255086616
397.0 0.0038399146433221176
398.0 0.004000139597337693
399.0 0.004031454955111258
400.0 0.004062770676682703
401.0 0.004418454045662656
402.0 0.00477413741464261
403.0 0.0046925575588829815
404.0 0.004610978066921234
405.0 0.004213151260046288
406.0 0.0038153248169692233
407.0 0.003002599441970233
408.0 0.002189874794567004
409.0 0.0027718584533431567
410.0 0.0033538424759171903
411.0 0.0038277623389149085
412.0 0.004301681838114746
413.0 0.0041386861994396895
414.0 0.003975690560764633
415.0 0.0034680542739806697
416.0 0.0029604179871967062
417.0 0.0034052933187922463
418.0 0.0038501686503877863
419.0 0.003407511758268811
420.0 0.0029648545023519546
421.0 0.0035123102861689404
422.0 0.004059766069985926
423.0 0.003701448440551758
424.0 0.00334313117491547
425.0 0.002661430880834814
426.0 0.001979730586754158
427.0 0.0023541422706330195
428.0 0.0027285537726129405
429.0 0.0024165312424884178
430.0 0.0021045090761617757
431.0 0.0014221880519471597
432.0 0.0007398668458336033
433.0 0.001122831781685818
434.0 0.0015057968084875029
435.0 0.0016355643310816959
436.0 0.001765331944625359
437.0 0.0017744983779266477
438.0 0.001783665175025817
439.0 0.0022266436644713394
440.0 0.002669622335815802
441.0 0.0023060616513248533
442.0 0.0019425009668339044
443.0 0.0024478349587298
444.0 0.0029531691325246356
445.0 0.003077064684475772
446.0 0.003200960418325849
447.0 0.0024873854272300377
448.0 0.001773810618033167
449.0 0.0022048832761356607
450.0 0.002635956116137095
451.0 0.0022755486497771926
452.0 0.0019151406377204694
453.0 0.0017867365386337042
454.0 0.0016583326214458793
455.0 0.0021386986190918833
456.0 0.0026190646167378873
457.0 0.0019231834812671877
458.0 0.001227302709594369
459.0 0.0014516986084345262
460.0 0.001676094689173624
461.0 0.0013213729289418552
462.0 0.0009666511687100865
463.0 0.0015038374840514734
464.0 0.0020410237993928604
465.0 0.0019476961824693717
466.0 0.0018543689293437637
467.0 0.0018101634850609116
468.0 0.0017659578588791192
469.0 0.0015073134818521794
470.0 0.0012486691048252396
471.0 0.0012574478205351625
472.0 0.0012662265362450853
473.0 0.0013023384781263303
474.0 0.0013384503290581051
475.0 0.0012445270840544254
476.0 0.0011506038390507456
477.0 0.0012958501429238822
478.0 0.0014410962648980785
479.0 0.0017603157175472006
480.0 0.0020795350792468525
481.0 0.0015973957488313317
482.0 0.001115256418415811
483.0 0.0009598660653864499
484.0 0.0008044756214076187
485.0 0.001003881698125042
486.0 0.0012032877748424653
487.0 0.0012763720405928325
488.0 0.0013494563972926699
489.0 0.0017380749341100454
490.0 0.002126693470927421
491.0 0.002049159047601279
492.0 0.0019716244423761964
493.0 0.0021095693227835
494.0 0.0022475145669886842
495.0 0.0018022743461187929
496.0 0.0013570337614510208
497.0 0.0012862880794273224
498.0 0.001215542488353094
499.0 0.0011865750821016263
500.0 0.0011576077667996287
501.0 0.000987446492217714
502.0 0.000817285126686329
503.0 0.0011452198123151902
504.0 0.0014731544069945812
505.0 0.0018386424926575273
506.0 0.002204130396421533
507.0 0.001913460437208414
508.0 0.0016227902960963547
509.0 0.001584194615134038
510.0 0.0015455991160706617
511.0 0.0013606833817902952
512.0 0.0011757675565604586
513.0 0.0014030025340616703
514.0 0.0016302377844112925
515.0 0.0012651596989599057
516.0 0.0009000819773063995
517.0 0.0011617024938459508
518.0 0.0014233230103855021
519.0 0.0012814130059268791
520.0 0.0011395028195693158
521.0 0.0015067062122398056
522.0 0.0018739096049102955
523.0 0.0014471987924480345
524.0 0.0010204878890363034
525.0 0.0008187602361431345
526.0 0.0006170325377752306
527.0 0.0009764806236489676
528.0 0.0013359288459469099
529.0 0.0012804794096155092
530.0 0.0012250296094862279
531.0 0.0013251185009721667
532.0 0.001425207210559165
533.0 0.0008980712664197199
534.0 0.00037093534501764225
535.0 0.0008701757906237617
536.0 0.0013694161680177785
537.0 0.0015222190995700657
538.0 0.001675022031122353
539.0 0.001416926988895284
540.0 0.0011588314919208642
541.0 0.0010890249541262165
542.0 0.001019218598230509
543.0 0.0012030428479192778
544.0 0.0013868671885575168
545.0 0.0011079912837885786
546.0 0.0008291154699691106
547.0 0.001318048089160584
548.0 0.001806980617402587
549.0 0.001606976002221927
550.0 0.0014069712051423267
551.0 0.0015216870451695286
552.0 0.0016364027032977901
553.0 0.0017371930880472064
554.0 0.001837983108998742
555.0 0.0014192506569088437
556.0 0.0010005181138694752
557.0 0.0013356117051444016
558.0 0.001670705205469858
559.0 0.0015434667147928849
560.0 0.0014162279512675013
561.0 0.0013655927432409953
562.0 0.001314957353315549
563.0 0.001201665600092383
564.0 0.0010883738468692172
565.0 0.0015203885595838074
566.0 0.0019524033632478677
567.0 0.002273886275361292
568.0 0.002595369005575776
569.0 0.0025669869501143694
570.0 0.0025386052584508434
571.0 0.0024491735530318692
572.0 0.0023597414838150144
573.0 0.0019035092918784358
574.0 0.0014472772818407975
575.0 0.001873060864454601
576.0 0.002298844265169464
577.0 0.002078818761219736
578.0 0.001858793621067889
579.0 0.0019144323232467286
580.0 0.001970070843526628
581.0 0.0018222033759229816
582.0 0.0016743359083193354
583.0 0.0020834539100178517
584.0 0.002492571911716368
585.0 0.0024997669243020937
586.0 0.002506961754988879
587.0 0.001955599873326719
588.0 0.0014042375369172078
589.0 0.0018240752979181707
590.0 0.002243913149868604
591.0 0.0019113747839583084
592.0 0.0015788360542501323
593.0 0.001205677654070314
594.0 0.0008325192538904957
595.0 0.0011640748198260553
596.0 0.001495630476711085
597.0 0.001227282245963579
598.0 0.0009589341061655432
599.0 0.00100340876088012
600.0 0.0010478835065441672
601.0 0.0008845667252899148
602.0 0.0007212499440356623
603.0 0.001164674904430285
604.0 0.0016080995919764973
605.0 0.0013005195796722546
606.0 0.0009929393854690716
607.0 0.000922516846912913
608.0 0.0008520943083567545
609.0 0.0010596527317829896
610.0 0.0012672110642597545
611.0 0.0009362925084133167
612.0 0.0006053739070921438
613.0 0.0006680299975414528
614.0 0.0007306859970412916
615.0 0.0010335994375054725
616.0 0.001336512741545448
617.0 0.0017733353161020204
618.0 0.0022101581635070033
619.0 0.0019408507796470076
620.0 0.0016715432138880715
621.0 0.0017729833416524343
622.0 0.0018744232875178568
623.0 0.0016558402421651408
624.0 0.0014372570149134845
625.0 0.0014645345800090581
626.0 0.0014918121451046318
627.0 0.0017283840861637145
628.0 0.0019649565729196183
629.0 0.002048890746664256
630.0 0.0021328251023078337
631.0 0.0022710604753228836
632.0 0.0024092954845400527
633.0 0.0025851899408735335
634.0 0.002761084215308074
635.0 0.005613221583189443
636.0 0.00846535840537399
637.0 0.015476552653126419
638.0 0.022487746900878847
639.0 0.02017157676164061
640.0 0.017855409532785416
641.0 0.015200878260657191
642.0 0.012546352809295058
643.0 0.009720088564790785
644.0 0.006893825047882274
645.0 0.006668250716757029
646.0 0.006442675658036023
647.0 0.006139482866274193
648.0 0.00583628898311872
649.0 0.004540231384453364
650.0 0.003244174149585888
651.0 0.0035226497857365757
652.0 0.0038011254218872637
653.0 0.003125883813481778
654.0 0.002450642205076292
655.0 0.0024421493435511366
656.0 0.002433656482025981
657.0 0.002613041033328045
658.0 0.0027924250389332883
659.0 0.002412796857242938
660.0 0.002033168675552588
661.0 0.002205050623160787
662.0 0.0023769327526679263
663.0 0.0019567220078897662
664.0 0.001536511626909487
665.0 0.0017611442672205158
666.0 0.001985777089430485
667.0 0.0022903011995367706
668.0 0.002594825127744116
669.0 0.001887108555820305
670.0 0.001179391983896494
671.0 0.0010619311979098711
672.0 0.0009444703209737781
673.0 0.0013094577298033983
674.0 0.0016744450476835482
675.0 0.0017015290723065846
676.0 0.001728613096929621
677.0 0.0017774960724636912
678.0 0.0018263790479977615
679.0 0.0015129208804864902
680.0 0.001199462712975219
681.0 0.0012912873899040278
682.0 0.0013831119758833665
683.0 0.002227593540737871
684.0 0.003072075196541846
685.0 0.0027467407562653534
686.0 0.002421406861685682
687.0 0.0018332699255552143
688.0 0.0012451329894247465
689.0 0.0016049938494688831
690.0 0.0019648547095130198
691.0 0.002155521360691637
692.0 0.002346188193769194
693.0 0.0027590935133048333
694.0 0.003171999196638353
695.0 0.0031517065508523956
696.0 0.003131413905066438
697.0 0.003517252844176255
698.0 0.003903092147083953
699.0 0.005427963697002269
700.0 0.006952835246920586
701.0 0.007079295028233901
702.0 0.007205754081951454
703.0 0.006247771671041846
704.0 0.005289790715323761
705.0 0.004674352385336533
706.0 0.004058914419147186
707.0 0.003757328522624448
708.0 0.00345574262610171
709.0 0.0038620459235971794
710.0 0.004268349221092649
711.0 0.003977549204137176
712.0 0.0036867495509795845
713.0 0.0028692336854874156
714.0 0.002051718001894187
715.0 0.002197694448113907
716.0 0.0023436710762325674
717.0 0.0020729010429931805
718.0 0.0018021308278548531
719.0 0.0015241344954119995
720.0 0.0012461380720196757
721.0 0.0010861705050047021
722.0 0.0009262027560907882
723.0 0.0010969395589199848
724.0 0.0012676761798502412
725.0 0.0013830508578394074
726.0 0.0014984258996264543
727.0 0.0014206650121195707
728.0 0.0013429038517642766
729.0 0.0014925168215995654
730.0 0.0016421294276369736
731.0 0.0015109183550521266
732.0 0.0013797071915178094
733.0 0.0015653367881895974
734.0 0.0017509662939119153
735.0 0.0015462499504792504
736.0 0.0013415332432487048
737.0 0.0013411479812930338
738.0 0.001340762355539482
739.0 0.0015228751180984545
740.0 0.001704987880657427
741.0 0.0014756846212549135
742.0 0.0012463814528018702
743.0 0.0017219217625097372
744.0 0.0021974616174702533
745.0 0.0017198721252498217
746.0 0.00124228254207992
747.0 0.001466487447032705
748.0 0.0016906922610360198
749.0 0.002389234032307286
750.0 0.0030877756216796115
751.0 0.0029578546673292294
752.0 0.002827933531079907
753.0 0.0029046883355476893
754.0 0.002981443321914412
755.0 0.0021970585294184275
756.0 0.001412673827871913
757.0 0.0020796016542590223
758.0 0.0027465293896966614
759.0 0.002815835614455864
760.0 0.002885141657316126
761.0 0.004434567017597146
762.0 0.005983992014080286
763.0 0.005848313594469801
764.0 0.0057126348110614344
765.0 0.0053893356380285695
766.0 0.005066035737399943
767.0 0.004533597893896513
768.0 0.004001159322797321
769.0 0.004080480357515626
770.0 0.00415980102843605
771.0 0.004401370824780315
772.0 0.0046429406211245805
773.0 0.004113147952011786
774.0 0.0035833549191011116
775.0 1.5772373641517734e-10
776.0 1.5772373641517734e-10
777.0 1.5772373641517734e-10
778.0 0.028093368746340275
779.0 0.11939009418711066
780.0 0.08836607448756695
781.0 0.03545644285622984
782.0 1.5772373641517734e-10
783.0 1.5772373641517734e-10
784.0 1.5772373641517734e-10
785.0 0.1205789390951395
786.0 0.10438173776492476
787.0 0.006899314030306414
788.0 0.009070801752386615
789.0 0.07609663298353553
790.0 0.14864490367472172
791.0 1.5772373641517734e-10
792.0 1.5772373641517734e-10
793.0 0.058994797291234136
794.0 0.021660780475940555
795.0 0.03516656579449773
796.0 0.01963285030797124
797.0 0.07656748639419675
798.0 0.052244385005906224
799.0 0.2081787446513772
800.0 0.0928597990423441
801.0 0.3594399197027087
802.0 0.48788925632834435
803.0 0.9264538995921612
804.0 1.55011136084795
805.0 2.2149503231048584
806.0 3.611307591199875
807.0 5.383343622088432
808.0 7.366875559091568
809.0 9.865746647119522
810.0 12.955103814601898
811.0 16.102182865142822
812.0 19.18042302131653
813.0 22.28359580039978
814.0 25.053855776786804
815.0 28.884106874465942
816.0 33.34361910820007
817.0 38.92368674278259
818.0 44.84299421310425
819.0 50.41956901550293
820.0 58.10631513595581
821.0 65.79756736755371
822.0 71.97753190994263
823.0 77.84652709960938
824.0 83.69877934455872
825.0 88.36760520935059
826.0 92.07775592803955
827.0 95.02570033073425
828.0 97.54944443702698
829.0 98.65556955337524
830.0 98.9367127418518
831.0 99.41479563713074
832.0 98.46600294113159
833.0 99.93679523468018
834.0 98.64503145217896
835.0 99.20770525932312
836.0 99.57910180091858
837.0 98.95139336585999
838.0 98.10331463813782
839.0 98.57209920883179
840.0 98.96097183227539
841.0 99.67101216316223
842.0 99.29953217506409
843.0 99.87661838531494
844.0 98.3992338180542
845.0 98.58168363571167
846.0 98.86832237243652
847.0 99.04451370239258
848.0 100.05441904067993
849.0 98.60156774520874
850.0 98.28692078590393
851.0 98.92534017562866
852.0 99.24492239952087
853.0 98.84030818939209
854.0 99.75021481513977
855.0 98.70916604995728
856.0 98.96665215492249
857.0 97.78473377227783
858.0 98.631352186203
859.0 99.53244924545288
860.0 98.8718330860138
861.0 99.05965328216553
862.0 98.82861375808716
863.0 98.4237015247345
864.0 99.58697557449341
865.0 99.72863793373108
866.0 98.54909777641296
867.0 99.28600192070007
868.0 99.4217038154602
869.0 98.97637367248535
870.0 98.23435544967651
871.0 98.80838990211487
872.0 99.30068254470825
873.0 99.16495680809021
874.0 99.6656060218811
875.0 98.96518588066101
876.0 98.98651838302612
877.0 99.36690330505371
878.0 99.32881593704224
879.0 98.8072395324707
880.0 98.4955370426178
881.0 100.15625953674316
882.0 99.02564287185669
883.0 98.95046949386597
884.0 99.13653135299683
885.0 99.02491569519043
886.0 98.90081882476807
887.0 98.6890435218811
888.0 99.12015199661255
889.0 99.76144433021545
890.0 98.49597811698914
891.0 99.64115023612976
892.0 98.75895380973816
893.0 98.75186085700989
894.0 98.48164319992065
895.0 99.92546439170837
