lsstCam/transmission_filter_detector/r23_s12/z_20/19700101T000000.ecsv
# %ECSV 1.0
# ---
# datatype:
# - {name: wavelength, unit: nm, datatype: float32}
# - {name: efficiency, unit: '%', datatype: float64}
# meta: !!omap
# - {MODE: DETECTOR}
# - {TYPE: transmission_filter_detector}
# - {CALIBDATE: '1970-01-01T00:00:00'}
# - {INSTRUME: LSSTCam}
# - {OBSTYPE: transmission_filter_detector}
# - {CALIBCLS: lsst.ip.isr.IntermediateFilterDetectorTransmissionCurve}
# - {SOURCE: Materion (DM-46256)}
# - {DETECTOR: 104}
# - {FILTER: z_20}
# - {CALIB_ID: 'calibDate=1970-01-01T00:00:00 filter=z_20 detector=104'}
# - {DATE: '2025-04-02T15:59:49.121084'}
# - {CALIB_CREATION_DATE: '2025-04-02'}
# - {CALIB_CREATION_TIME: '15:59:49'}
# - __serialized_columns__:
#     efficiency:
#       __class__: astropy.units.quantity.Quantity
#       unit: !astropy.units.Unit {unit: '%'}
#       value: !astropy.table.SerializedColumn {name: efficiency}
#     wavelength:
#       __class__: astropy.units.quantity.Quantity
#       unit: !astropy.units.Unit {unit: nm}
#       value: !astropy.table.SerializedColumn {name: wavelength}
# schema: astropy-2.0
wavelength efficiency
[from data line 597]
897.0 99.49625134468079
898.0 98.95684123039246
899.0 98.8499402999878
900.0 98.87955784797668
901.0 99.69873428344727
902.0 99.22508597373962
903.0 98.82808327674866
904.0 97.92499542236328
905.0 98.62198829650879
906.0 98.09185266494751
907.0 98.83111715316772
908.0 98.34807515144348
909.0 98.27385544776917
910.0 98.06621074676514
911.0 96.89835906028748
912.0 95.65399289131165
913.0 94.86841559410095
914.0 92.78086423873901
915.0 90.34117460250854
916.0 87.97561526298523
917.0 86.75016760826111
918.0 83.07791352272034
919.0 82.1147620677948
920.0 79.07278537750244
921.0 75.35099387168884
922.0 70.88679671287537
923.0 65.33229947090149
924.0 59.88861322402954
925.0 54.37406897544861
926.0 48.321905732154846
927.0 41.36621356010437
928.0 35.66039204597473
929.0 29.129555821418762
930.0 23.607859015464783
931.0 18.51050704717636
932.0 13.148891925811768
933.0 8.847595751285553
934.0 5.763852223753929
935.0 3.5343099385499954
936.0 1.9990760833024979
937.0 1.1978626251220703
938.0 0.7336817681789398
939.0 0.4253268241882324
940.0 0.24519641883671284
941.0 0.18265873659402132
942.0 0.12797898380085826
943.0 0.006342449341900647
944.0 0.028318294789642096
945.0 1.5772373641517734e-10
946.0 0.016869243700057268
947.0 1.5772373641517734e-10
948.0 0.034011685056611896
949.0 0.07335966220125556
950.0 1.5772373641517734e-10
951.0 0.06212493753992021
952.0 1.5772373641517734e-10
953.0 1.5772373641517734e-10
954.0 0.0027376110665500164
955.0 1.5772373641517734e-10
956.0 1.5772373641517734e-10
957.0 0.03447415947448462
958.0 1.5772373641517734e-10
959.0 0.04725823819171637
960.0 1.5772373641517734e-10
961.0 0.05009375745430589
962.0 1.5772373641517734e-10
963.0 1.5772373641517734e-10
964.0 0.03838841512333602
965.0 1.5772373641517734e-10
966.0 0.014485737483482808
967.0 0.06802825955674052
968.0 0.005017353396397084
969.0 0.047194890794344246
970.0 0.001388240070809843
971.0 1.5772373641517734e-10
972.0 1.5772373641517734e-10
973.0 0.012313027400523424
974.0 0.030192936537787318
975.0 1.5772373641517734e-10
976.0 0.0065066378738265485
977.0 0.006451503577409312
978.0 0.006396370736183599
979.0 0.006203019438544288
980.0 0.006009668140904978
981.0 0.005842693644808605
982.0 0.005675718784914352
983.0 0.00558113788429182
984.0 0.0054865569836692885
985.0 0.005319563933881
986.0 0.0051525701564969495
987.0 0.005090681952424347
988.0 0.005028793748351745
989.0 0.004967785207554698
990.0 0.004906777394353412
991.0 0.004939760401612148
992.0 0.004972743045073003
993.0 0.004870930570177734
994.0 0.0047691177314845845
995.0 0.004721464210888371
996.0 0.0046738103264942765
997.0 0.004473093213164248
998.0 0.004272375736036338
999.0 0.0042780291551025584
1000.0 0.004283682574168779
1001.0 0.004341538806329481
1002.0 0.004399395402288064
1003.0 0.004373892807052471
1004.0 0.004348390211816877
1005.0 0.004347976573626511
1006.0 0.0043475629354361445
1007.0 0.004356840145192109
1008.0 0.004366117718745954
1009.0 0.004351830648374744
1010.0 0.004337543578003533
1011.0 0.0044265485485084355
1012.0 0.004515553519013338
1013.0 0.004399678437039256
1014.0 0.004283802991267294
1015.0 0.004465588426683098
1016.0 0.0046473738620989025
1017.0 0.0046915305574657395
1018.0 0.004735687252832577
1019.0 0.004610161704476923
1020.0 0.004484635792323388
1021.0 0.004619832179741934
1022.0 0.004755027839564718
1023.0 0.004695622919825837
1024.0 0.004636217272491194
1025.0 0.004765854464494623
1026.0 0.0048954912927001715
1027.0 0.004873687794315629
1028.0 0.004851883932133205
1029.0 0.004808470839634538
1030.0 0.00476505774713587
1031.0 0.004906355025013909
1032.0 0.005047652302891947
1033.0 0.005098314431961626
1034.0 0.005148976924829185
1035.0 0.005236378638073802
1036.0 0.005323779987520538
1037.0 0.00544115318916738
1038.0 0.005558526027016342
1039.0 0.0055527809308841825
1040.0 0.005547035834752023
1041.0 0.005632732063531876
1042.0 0.005718427928513847
1043.0 0.005538115510717034
1044.0 0.00535780236532446
1045.0 0.005798546771984547
1046.0 0.006239290814846754
1047.0 0.006198312621563673
1048.0 0.0061573337006848305
1049.0 0.006230606959434226
1050.0 0.00630387949058786
1051.0 0.0064766274590510875
1052.0 0.006649375427514315
1053.0 0.006869695062050596
1054.0 0.0070900154241826385
1055.0 0.007516094046877697
1056.0 0.007942173397168517
1057.0 0.007714294770266861
1058.0 0.007486417598556727
1059.0 0.0076687203545589
1060.0 0.00785102165536955
1061.0 0.008418117795372382
1062.0 0.008985213935375214
1063.0 0.009212245640810579
1064.0 0.009439277346245944
1065.0 0.009563314233673736
1066.0 0.009687354031484574
1067.0 0.009731385216582566
1068.0 0.009775417856872082
1069.0 0.010501191718503833
1070.0 0.011226964124944061
1071.0 0.010821109026437625
1072.0 0.010415256110718474
1073.0 0.010785893391584978
1074.0 0.01115652994485572
1075.0 0.011524414730956778
1076.0 0.011892302427440882
1077.0 0.01233486837008968
1078.0 0.012777432857546955
1079.0 0.013390163076110184
1080.0 0.014002893294673413
1081.0 0.014007242862135172
1082.0 0.014011593884788454
1083.0 0.014046068827155977
1084.0 0.014080545224715024
1085.0 0.014828845451120287
1086.0 0.01557714567752555
1087.0 0.01593985507497564
1088.0 0.01630256447242573
1089.0 0.016961857909336686
1090.0 0.017621151346247643
1091.0 0.017311297415290028
1092.0 0.017001440573949367
1093.0 0.017758160538505763
1094.0 0.018514879047870636
1095.0 0.019428913947194815
1096.0 0.02034294739132747
1097.0 0.020430477161426097
1098.0 0.020518006931524724
1099.0 0.022017232549842447
1100.0 0.023516455257777125
1101.0 0.023746449733152986
1102.0 0.023976442753337324
1103.0 0.025127173285000026
1104.0 0.02627790381666273
1105.0 0.026700281887315214
1106.0 0.0271226599579677
1107.0 0.028055583243258297
1108.0 0.028988509438931942
1109.0 0.02950284688267857
1110.0 0.030017184326425195
1111.0 0.02996223047375679
1112.0 0.02990727953147143
1113.0 0.03148294927086681
1114.0 0.03305862192064524
1115.0 0.03348493482917547
1116.0 0.03391124773770571
1117.0 0.034547061659395695
1118.0 0.03518287558108568
1119.0 0.038262089947238564
1120.0 0.0413413014030084
1121.0 0.04236347449477762
1122.0 0.043385650496929884
1123.0 0.04326189809944481
1124.0 0.04313814570195973
1125.0 0.044501933734863997
1126.0 0.04586571885738522
1127.0 0.04960334044881165
1128.0 0.05334096495062113
1129.0 0.054124341113492846
1130.0 0.05490772891789675
1131.0 0.05860497476533055
1132.0 0.06230222061276436
1133.0 0.06350885960273445
1134.0 0.06471550441347063
1135.0 0.0659426033962518
1136.0 0.06716970237903297
1137.0 0.07361190509982407
1138.0 0.08005412528291345
1139.0 0.08344989619217813
1140.0 0.08684566128067672
1141.0 0.09800485568121076
1142.0 0.1091640442609787
1143.0 0.1337076653726399
1144.0 0.1582512748427689
1145.0 0.3105931216850877
1146.0 0.46293502673506737
1147.0 0.9849307127296925
1148.0 1.5069263987243176
1149.0 1.6869015991687775
1150.0 1.8668780103325844
