lsstCam/transmission_sensor/r01_s22/19700101T000000.ecsv
# %ECSV 1.0
# ---
# datatype:
# - {name: amp_name, datatype: string}
# - {name: wavelength, unit: nm, datatype: float32}
# - {name: efficiency, unit: '%', datatype: float64}
# meta: !!omap
# - {MODE: AMP}
# - {TYPE: transmission_sensor}
# - {CALIBDATE: '1970-01-01T00:00:00'}
# - {INSTRUME: LSSTCam}
# - {OBSTYPE: transmission_sensor}
# - {DETECTOR: 8}
# - {PARQUETFILE: qe_raft_allvalues_nircorrected_20230725_adjust.parquet}
# - {CORRFILE: qe_corr_factor_bydetnum.parquet}
# - {CALIBCLS: lsst.ip.isr.IntermediateSensorTransmissionCurve}
# - {CALIB_ID: 'raftName=R01 detectorName=S22 detector=8 calibDate=1970-01-01T00:00:00 ccd=8 ccdnum=8 filter=None'}
# - {DATE: '2025-03-03T21:56:47.416942'}
# - {CALIB_CREATION_DATE: '2025-03-03'}
# - {CALIB_CREATION_TIME: '21:56:47'}
# - __serialized_columns__:
#     efficiency:
#       __class__: astropy.units.quantity.Quantity
#       unit: !astropy.units.Unit {unit: '%'}
#       value: !astropy.table.SerializedColumn {name: efficiency}
#     wavelength:
#       __class__: astropy.units.quantity.Quantity
#       unit: !astropy.units.Unit {unit: nm}
#       value: !astropy.table.SerializedColumn {name: wavelength}
# schema: astropy-2.0
amp_name wavelength efficiency
C00 319.994 47.15115075730294
C00 324.969 48.250954296478426
C00 349.982 55.535270695812734
C00 374.975 71.53436290104314
C00 400.019 85.13106634206682
C00 424.965 87.76656350041378
C00 450.035 87.42838517288486
C00 475.003 86.93981112876152
C00 500.018 86.66670265453331
C00 525.002 86.88944235551607
C00 550.029 87.79983959378211
C00 575.023 88.83946727226363
C00 599.982 90.43153922781127
C00 619.997 91.05435613861383
C00 624.979 91.34716283757305
C00 650.012 92.67359147233009
C00 675.004 93.78033676370423
C00 700.03 94.73531097756403
C00 725.012 95.56755715200201
C00 750.022 97.08385436175547
C00 774.987 98.51714853999113
C00 799.976 99.01661085806391
C00 824.988 98.50149998907992
C00 850.022 97.707389516594
C00 869.967 95.68207887126823
C00 875.002 94.80964923528627
C00 899.999 88.30023410092285
C00 919.999 79.87470433738214
C00 925.012 77.01121054298069
C00 949.965 62.52802586190976
C00 975.002 47.37804328417449
C00 999.976 31.156887597080285
C00 1025.028 15.223198579151326
C00 1050.014 6.158366198448018
C00 1075.002 0.9249007598228465
C00 1099.99 0.09176780370075663
C01 319.994 47.21659883485664
C01 324.969 48.27879771421302
C01 349.982 55.45531638100077
C01 374.975 71.57835152779893
C01 400.019 85.43429522044151
C01 424.965 88.2081002010755
C01 450.035 87.87414728792835
C01 475.003 87.29664851943751
C01 500.018 86.94900312424305
C01 525.002 87.13781725586753
C01 550.029 88.06770641472659
C01 575.023 89.13882985827452
C01 599.982 90.75593338256489
C01 619.997 91.38241792248726
C01 624.979 91.67954936745026
C01 650.012 93.00581754343332
C01 675.004 94.12678253854074
C01 700.03 95.08951990070415
C01 725.012 95.95523319086044
C01 750.022 97.52740825843308
C01 774.987 99.01162899517617
C01 799.976 99.52873413749407
C01 824.988 99.01356978225206
C01 850.022 98.22153763293404
C01 869.967 96.15752585950024
C01 875.002 95.28286508247038
C01 899.999 88.71499710900991
C01 919.999 80.28218557348758
C01 925.012 77.43829067219512
C01 949.965 63.07060956526937
C01 975.002 47.70772493757585
C01 999.976 31.326242281911238
C01 1025.028 15.355357391992154
C01 1050.014 6.1679349855149095
C01 1075.002 0.9291260292872588
C01 1099.99 0.09218703105534035
C02 319.994 46.96613414999628
C02 324.969 47.99647814226827
C02 349.982 55.061604035882645
C02 374.975 71.21984078133703
C02 400.019 85.2168200954245
C02 424.965 88.06608654519867
C02 450.035 87.71203808083254
C02 475.003 87.0670396547491
C02 500.018 86.65437025161793
C02 525.002 86.81765615638969
C02 550.029 87.74971532914464
C02 575.023 88.83780919826572
C02 599.982 90.4625536165557
C02 619.997 91.09366089734785
C02 624.979 91.39058603817286
C02 650.012 92.70864789400032
C02 675.004 93.83910287945527
C02 700.03 94.8029328894606
C02 725.012 95.70781340225894
C02 750.022 97.32966956261707
C02 774.987 98.86541284759954
C02 799.976 99.40658680601624
C02 824.988 98.89567842873203
C02 850.022 98.11001878500967
C02 869.967 96.03326200038451
C02 875.002 95.15126596511503
C02 899.999 88.52864334525331
C02 919.999 80.13938490552879
C02 925.012 77.32691700125675
C02 949.965 63.164928760800606
C02 975.002 47.73102202338067
C02 999.976 31.265302331817313
C02 1025.028 15.329259918536472
C02 1050.014 6.138468355361272
C02 1075.002 0.9272417577554205
C02 1099.99 0.09200007536499602
C03 319.994 46.935085377228845
C03 324.969 47.904122656494934
C03 349.982 54.76257000831374
C03 374.975 70.94962820593466
C03 400.019 85.19207123975974
C03 424.965 88.23088534698235
C03 450.035 87.96112358432596
C03 475.003 87.3384212869334
C03 500.018 86.90824659564912
C03 525.002 87.02007107933346
C03 550.029 87.8951597464273
C03 575.023 88.92335664748539
C03 599.982 90.51108093434725
C03 619.997 91.12394940116232
C03 624.979 91.41671789565154
C03 650.012 92.7228446750516
C03 675.004 93.86463874720198
C03 700.03 94.84745637879637
C03 725.012 95.80094825922023
C03 750.022 97.4973184178626
C03 774.987 99.11123568935514
C03 799.976 99.69500763181968
C03 824.988 99.19987005975067
C03 850.022 98.43986089718503
C03 869.967 96.36130086157596
C03 875.002 95.47565247897465
C03 899.999 88.77081383967709
C03 919.999 80.34147127003058
C03 925.012 77.52283716430087
C03 949.965 63.432505227773106
C03 975.002 47.90420670632893
C03 999.976 31.313373106192387
C03 1025.028 15.35106989534662
C03 1050.014 6.122508915575453
C03 1075.002 0.9288382992810833
C03 1099.99 0.09215848274845972
C04 319.994 46.75300287321804
C04 324.969 47.708282722837815
C04 349.982 54.51626579023617
C04 374.975 70.73761632012736
C04 400.019 85.07524197050564
C04 424.965 88.11660813632412
C04 450.035 87.76489778552187
C04 475.003 87.00829646168006
C04 500.018 86.48929637765026
C04 525.002 86.59973785952069
C04 550.029 87.51383329048254
C04 575.023 88.58805893699432
C04 599.982 90.19884344194702
C04 619.997 90.82495357806341
C04 624.979 91.1163619934207
C04 650.012 92.43334648319423
C04 675.004 93.57119785404079
C04 700.03 94.56620271156456
C04 725.012 95.56000030783639
C04 750.022 97.29869337834263
C04 774.987 98.95608733669297
C04 799.976 99.56065779262445
C04 824.988 99.05326422658007
C04 850.022 98.31049292087756
C04 869.967 96.23498924286832
C04 875.002 95.33567130090172
C04 899.999 88.54580479317646
C04 919.999 80.07981649590779
C04 925.012 77.27119960221157
C04 949.965 63.27722315946594
C04 975.002 47.76287309001806
C04 999.976 31.210765450895067
C04 1025.028 15.287993360268054
C04 1050.014 6.101424346139392
C04 1075.002 0.9269456484727934
C04 1099.99 0.09197069567400376
C05 319.994 46.65179923219315
C05 324.969 47.526593724867986
C05 349.982 54.0579917112683
C05 374.975 70.23110145689293
C05 400.019 84.77623086561873
C05 424.965 88.0378992872341
C05 450.035 87.81922454185913
C05 475.003 87.13764915619953
C05 500.018 86.62390600724146
C05 525.002 86.68365779831845
C05 550.029 87.51345888667656
C05 575.023 88.50870825280833
C05 599.982 90.0624687658419
C05 619.997 90.65725123655987
C05 624.979 90.94451064647538
C05 650.012 92.24450942888775
C05 675.004 93.37646202956661
C05 700.03 94.3892778110035
C05 725.012 95.41700097663362
C05 750.022 97.20549739422934
C05 774.987 98.91068514454726
C05 799.976 99.55539321665871
C05 824.988 99.07118212300917
C05 850.022 98.37368311425438
C05 869.967 96.33201331487543
C05 875.002 95.42594082261316
C05 899.999 88.59414872951201
C05 919.999 80.08038956295776
C05 925.012 77.26620245753581
C05 949.965 63.29413245788709
C05 975.002 47.82453128414795
C05 999.976 31.267850569966186
C05 1025.028 15.278867267497265
C05 1050.014 6.1084453726132875
C05 1075.002 0.9260573661850419
C05 1099.99 0.09188256112146122
C06 319.994 46.397609611507974
C06 324.969 47.21255298148384
C06 349.982 53.49794474467257
C06 374.975 69.55741147384093
C06 400.019 84.20356878302964
C06 424.965 87.61275994509555
C06 450.035 87.46056097751723
C06 475.003 86.80439156440636
C06 500.018 86.29000658035233
C06 525.002 86.31553480720503
C06 550.029 87.1028525249253
C06 575.023 88.05328040685531
C06 599.982 89.56776672473087
C06 619.997 90.1413915599639
C06 624.979 90.42544179439957
C06 650.012 91.70215877279513
C06 675.004 92.8695421989502
C06 700.03 93.84804272543481
C06 725.012 94.87277830151109
C06 750.022 96.67086404107633
C06 774.987 98.3771215165542
C06 799.976 99.02575700818146
C06 824.988 98.57362238754227
C06 850.022 97.92105947639922
C06 869.967 95.90490262208499
C06 875.002 95.01677094893381
C06 899.999 88.19706675014005
C06 919.999 79.74649013606862
C06 925.012 76.95703660452342
C06 949.965 63.061833998510814
C06 975.002 47.666937845405904
C06 999.976 31.139854134131646
C06 1025.028 15.230312251464966
C06 1050.014 6.109449195062487
C06 1075.002 0.9209638974585317
C06 1099.99 0.09137719183369045
C07 319.994 46.525415024992526
C07 324.969 47.35891812649346
C07 349.982 53.735056967268605
C07 374.975 69.93892895213568
C07 400.019 84.671993789676
C07 424.965 88.02879898248055
C07 450.035 87.77858262667517
C07 475.003 86.99782843690059
C07 500.018 86.41141274511219
C07 525.002 86.44983116014225
C07 550.029 87.29063513585982
C07 575.023 88.28788641621948
C07 599.982 89.83928589300716
C07 619.997 90.43230331721122
C07 624.979 90.71773655346082
C07 650.012 92.00699987980374
C07 675.004 93.14901553788009
C07 700.03 94.15092776357952
C07 725.012 95.14773587208721
C07 750.022 96.88137067076569
C07 774.987 98.5314140890884
C07 799.976 99.16430169818246
C07 824.988 98.72710502531253
C07 850.022 98.08740937966482
C07 869.967 96.08442542660592
C07 875.002 95.1875831342952
C07 899.999 88.34151785120277
C07 919.999 79.95734060598798
C07 925.012 77.20046020556313
C07 949.965 63.413315122493074
C07 975.002 47.91886194102019
C07 999.976 31.20097555545806
C07 1025.028 15.272880627048567
C07 1050.014 6.186030532729497
C07 1075.002 0.9229698880443983
C07 1099.99 0.09157622437675444
C10 319.994 47.18040774042746
C10 324.969 48.25034684540546
C10 349.982 55.395014445555816
C10 374.975 71.35930237861798
C10 400.019 85.0422180266393
C10 424.965 87.74600949555483
C10 450.035 87.43886847945232
C10 475.003 86.95769846161461
C10 500.018 86.67616208130482
C10 525.002 86.88130480340648
C10 550.029 87.76239157229
C10 575.023 88.77137162493906
C10 599.982 90.3478332340455
C10 619.997 90.95928049457663
C10 624.979 91.25115500446789
C10 650.012 92.56676413332148
C10 675.004 93.7196604244533
C10 700.03 94.72384963656461
C10 725.012 95.79656238606445
C10 750.022 97.6342432383357
C10 774.987 99.40100895339651
C10 799.976 100.03608185817446
C10 824.988 99.4863271757962
C10 850.022 98.69798557828
C10 869.967 96.52904140754949
C10 875.002 95.62654485367904
C10 899.999 88.70284808755052
C10 919.999 80.06527587462652
C10 925.012 77.183268194064
C10 949.965 63.39401804469705
C10 975.002 48.23381577123729
C10 999.976 31.07302114454052
C10 1025.028 15.300505324192423
C10 1050.014 6.141342286616877
C10 1075.002 0.9301415404663996
C10 1099.99 0.09228778914160374
C11 319.994 47.32130964622735
C11 324.969 48.41612368162109
C11 349.982 55.71300935158476
C11 374.975 71.85762620348483
C11 400.019 85.543537081954
C11 424.965 88.15936657914595
C11 450.035 87.69278302795351
C11 475.003 87.01103954262592
C11 500.018 86.61074074688013
C11 525.002 86.81115375559601
C11 550.029 87.79658457293827
C11 575.023 88.92360879698738
C11 599.982 90.57720523101992
C11 619.997 91.21793239735757
C11 624.979 91.51551465506655
C11 650.012 92.84770452389931
C11 675.004 94.00614046318083
C11 700.03 95.00814437960825
C11 725.012 96.09707874706929
C11 750.022 97.95793443084135
C11 774.987 99.74043274664739
C11 799.976 100.3739851135194
C11 824.988 99.81094291647582
C11 850.022 99.03037974905122
C11 869.967 96.81260262476917
C11 875.002 95.88644986307592
C11 899.999 88.80285974911148
C11 919.999 80.22332012611454
C11 925.012 77.38395627496388
C11 949.965 63.75592898898878
C11 975.002 48.5346988951541
C11 999.976 31.242108398081484
C11 1025.028 15.393630630036222
C11 1050.014 6.175874351936384
C11 1075.002 0.9332251686865057
C11 1099.99 0.09259374390073163
C12 319.994 47.11750026012864
C12 324.969 48.15673443256918
C12 349.982 55.25689382517179
C12 374.975 71.45210103624329
C12 400.019 85.43159034396565
C12 424.965 88.2417889027198
C12 450.035 87.8437212480219
C12 475.003 87.14686407436307
C12 500.018 86.70765784637123
C12 525.002 86.8648692404133
C12 550.029 87.81689406918925
C12 575.023 88.91937574171159
C12 599.982 90.55483269338905
C12 619.997 91.19241181139886
C12 624.979 91.4849587199621
C12 650.012 92.81134915024914
C12 675.004 93.97420916715645
C12 700.03 94.99290843697302
C12 725.012 96.1165630267683
C12 750.022 98.03102722284167
C12 774.987 99.86849413008092
C12 799.976 100.53575048038523
C12 824.988 99.98949532745881
C12 850.022 99.24584531894635
C12 869.967 97.05517044568093
C12 875.002 96.12947613762765
C12 899.999 89.0481324464991
C12 919.999 80.43683726803977
C12 925.012 77.59272078082134
C12 949.965 64.01176140188386
C12 975.002 48.77196011518313
C12 999.976 31.41951085451753
C12 1025.028 15.4832067406172
C12 1050.014 6.203399239902369
C12 1075.002 0.9339210648131578
C12 1099.99 0.09266279007511144
C13 319.994 46.740773622371655
C13 324.969 47.68027884632923
C13 349.982 54.4087011049566
C13 374.975 70.4773063433485
C13 400.019 84.69065285282305
C13 424.965 87.77778033280522
C13 450.035 87.56611228722791
C13 475.003 86.9956202185347
C13 500.018 86.58212559885158
C13 525.002 86.66828431959122
C13 550.029 87.49125444871369
C13 575.023 88.47325450465011
C13 599.982 90.02295006207589
C13 619.997 90.61940588857978
C13 624.979 90.90376939966943
C13 650.012 92.20281307033186
C13 675.004 93.36244862997133
C13 700.03 94.39399224260126
C13 725.012 95.56044347968837
C13 750.022 97.52847798359304
C13 774.987 99.42285426934141
C13 799.976 100.13712504042536
C13 824.988 99.62583461844116
C13 850.022 98.94500804039353
C13 869.967 96.81713367491093
C13 875.002 95.90805067041283
C13 899.999 88.89660587759275
C13 919.999 80.24925332034924
C13 925.012 77.39065733900154
C13 949.965 63.80865497803312
C13 975.002 48.68587780338347
C13 999.976 31.34541137473277
C13 1025.028 15.42616173623958
C13 1050.014 6.151395315340995
C13 1075.002 0.9291328394018127
C13 1099.99 0.09218770674865005
C14 319.994 46.70134660933365
C14 324.969 47.62012208787027
C14 349.982 54.27843914405118
C14 374.975 70.42113813155734
C14 400.019 84.78800548327213
C14 424.965 87.93354759788136
C14 450.035 87.69141530792758
C14 475.003 87.04261935752633
C14 500.018 86.56528506847643
C14 525.002 86.62807029447126
C14 550.029 87.45450174857554
C14 575.023 88.45209686916519
C14 599.982 90.0087838446006
C14 619.997 90.60578981547248
C14 624.979 90.89518867570786
C14 650.012 92.19685317301216
C14 675.004 93.35743620350758
C14 700.03 94.40462072615472
C14 725.012 95.5977692468765
C14 750.022 97.60843229840499
C14 774.987 99.5380636690676
C14 799.976 100.28065923420812
C14 824.988 99.77512240540563
C14 850.022 99.12009912639469
C14 869.967 97.02351422184053
C14 875.002 96.12213323849402
C14 899.999 89.09994534871048
C14 919.999 80.3788887279467
C14 925.012 77.49961648743603
C14 949.965 63.93791216137759
C14 975.002 48.81527252281994
C14 999.976 31.431281651723936
C14 1025.028 15.471296497095302
C14 1050.014 6.165975096204009
C14 1075.002 0.9298942349453192
C14 1099.99 0.09226325171499705
C15 319.994 46.28341645068374
C15 324.969 47.10724618038115
C15 349.982 53.33260343941492
C15 374.975 69.22974701645548
C15 400.019 83.82825571066259
C15 424.965 87.26777358101296
C15 450.035 87.20790717652599
C15 475.003 86.6706300740491
C15 500.018 86.217127733384
C15 525.002 86.23119461923729
C15 550.029 86.95690380863866
C15 575.023 87.84482917765183
C15 599.982 89.327147331789
C15 619.997 89.8860481642848
C15 624.979 90.16811176628056
C15 650.012 91.44247534932424
C15 675.004 92.58954927922834
C15 700.03 93.6481875019809
C15 725.012 94.86674199525139
C15 750.022 96.9010918181787
C15 774.987 98.8622036721197
C15 799.976 99.62980788332096
C15 824.988 99.16213168428656
C15 850.022 98.5453740024257
C15 869.967 96.50585893515465
C15 875.002 95.61912554560541
C15 899.999 88.65135610288712
C15 919.999 79.95136542688027
C15 925.012 77.08363857720303
C15 949.965 63.66864705683118
C15 975.002 48.60453666631058
C15 999.976 31.29549341423329
C15 1025.028 15.38494675400566
C15 1050.014 6.134400534418227
C15 1075.002 0.9231552046156531
C15 1099.99 0.09159461131670753
C16 319.994 46.466224839624516
C16 324.969 47.258875901356504
C16 349.982 53.36897409485308
C16 374.975 69.30475767284969
C16 400.019 84.0931502238412
C16 424.965 87.63918979744021
C16 450.035 87.61674085086935
C16 475.003 87.07895944938849
C16 500.018 86.61030521592215
C16 525.002 86.60027272210066
C16 550.029 87.2909178489378
C16 575.023 88.14992243416243
C16 599.982 89.61596548408043
C16 619.997 90.16892934193852
C16 624.979 90.44756218252846
C16 650.012 91.71948067949225
C16 675.004 92.8776109830138
C16 700.03 93.93872485542224
C16 725.012 95.15666043627876
C16 750.022 97.19818505867171
C16 774.987 99.15683654474483
C16 799.976 99.93073685260177
C16 824.988 99.48008456539853
C16 850.022 98.87756950995293
C16 869.967 96.85912802833282
C16 875.002 95.97363246361152
C16 899.999 89.00023932290951
C16 919.999 80.28643391055137
C16 925.012 77.41542147645428
C16 949.965 63.98172504757138
C16 975.002 48.81487901677896
C16 999.976 31.426979828402153
C16 1025.028 15.440599205451852
C16 1050.014 6.165998973997757
C16 1075.002 0.9259855789984837
C16 1099.99 0.09187543846276046
C17 319.994 46.40201458689876
C17 324.969 47.15173146524691
C17 349.982 53.1031664948415
C17 374.975 69.03558425903128
C17 400.019 83.99973265380193
C17 424.965 87.67170180140857
C17 450.035 87.69946881020317
C17 475.003 87.17673996990156
C17 500.018 86.69215447244602
C17 525.002 86.65611237544984
C17 550.029 87.31821876319842
C17 575.023 88.15121374524837
C17 599.982 89.59335607873558
C17 619.997 90.13605821595218
C17 624.979 90.4130711870142
C17 650.012 91.6749953946265
C17 675.004 92.83918492708973
C17 700.03 93.88307622442304
C17 725.012 95.07421519002291
C17 750.022 97.06423254596447
C17 774.987 98.97130799754021
C17 799.976 99.73053778891789
C17 824.988 99.3099142151331
C17 850.022 98.71672869126105
C17 869.967 96.69482588465911
C17 875.002 95.80616698982197
C17 899.999 88.82369646704842
C17 919.999 80.23749398448383
C17 925.012 77.42430019528183
C17 949.965 64.15205967705778
C17 975.002 48.81597930551491
C17 999.976 31.410125926462506
C17 1025.028 15.416692758350559
C17 1050.014 6.198093116575513
C17 1075.002 0.9247098521018117
C17 1099.99 0.09174886201205887
