lsstCam/transmission_sensor/r01_s22/19700101T000000.ecsv
# %ECSV 1.0
# ---
# datatype:
# - {name: amp_name, datatype: string}
# - {name: wavelength, unit: nm, datatype: float32}
# - {name: efficiency, unit: '%', datatype: float64}
# meta: !!omap
# - {MODE: AMP}
# - {TYPE: transmission_sensor}
# - {CALIBDATE: '1970-01-01T00:00:00'}
# - {INSTRUME: LSSTCAM}
# - {OBSTYPE: transmission_sensor}
# - {DETECTOR: 8}
# - {PARQUETFILE: qe_raft_allvalues_nircorrected_20230725.parquet}
# - {CALIBCLS: lsst.ip.isr.IntermediateSensorTransmissionCurve}
# - {CALIB_ID: 'raftName=R01 detectorName=S22 detector=8 calibDate=1970-01-01T00:00:00 ccd=8 ccdnum=8 filter=None'}
# - {DATE: '2024-01-18T22:42:24.998471'}
# - {CALIB_CREATION_DATE: '2024-01-18'}
# - {CALIB_CREATION_TIME: '22:42:24'}
# - __serialized_columns__:
#     efficiency:
#       __class__: astropy.units.quantity.Quantity
#       unit: !astropy.units.Unit {unit: '%'}
#       value: !astropy.table.SerializedColumn {name: efficiency}
#     wavelength:
#       __class__: astropy.units.quantity.Quantity
#       unit: !astropy.units.Unit {unit: nm}
#       value: !astropy.table.SerializedColumn {name: wavelength}
# schema: astropy-2.0
amp_name wavelength efficiency
C00 319.994 47.0801887512207
C00 324.969 48.17833709716797
C00 349.982 55.451690673828125
C00 374.975 71.42670440673828
C00 400.019 85.00294494628906
C00 424.965 87.63447570800781
C00 450.035 87.29680633544922
C00 475.003 86.80896759033203
C00 500.018 86.53627014160156
C00 525.002 86.75867462158203
C00 550.029 87.6677017211914
C00 575.023 88.70576477050781
C00 599.982 90.29544067382812
C00 619.997 90.91732025146484
C00 624.979 91.20968627929688
C00 650.012 92.53411865234375
C00 675.004 93.63919830322266
C00 700.03 94.59273529052734
C00 725.012 95.4237289428711
C00 750.022 96.937744140625
C00 774.987 98.36888122558594
C00 799.976 98.86759185791016
C00 824.988 98.35325622558594
C00 850.022 97.56034088134766
C00 869.967 95.53807830810547
C00 875.002 94.66696166992188
C00 899.999 88.16734313964844
C00 919.999 79.7544937133789
C00 925.012 76.89530944824219
C00 949.965 62.433921813964844
C00 975.002 47.306739807128906
C00 999.976 31.109996795654297
C00 1025.028 15.200287818908691
C00 1050.014 6.149097919464111
C00 1075.002 0.9235087935125894
C00 1099.99 0.0916296940822261
C01 319.994 47.145538330078125
C01 324.969 48.206138610839844
C01 349.982 55.371856689453125
C01 374.975 71.47062683105469
C01 400.019 85.30571746826172
C01 424.965 88.07534790039062
C01 450.035 87.74189758300781
C01 475.003 87.16526794433594
C01 500.018 86.81814575195312
C01 525.002 87.00667572021484
C01 550.029 87.93516540527344
C01 575.023 89.00467681884766
C01 599.982 90.61934661865234
C01 619.997 91.24488830566406
C01 624.979 91.54157257080078
C01 650.012 92.8658447265625
C01 675.004 93.98512268066406
C01 700.03 94.9464111328125
C01 725.012 95.81082153320312
C01 750.022 97.38063049316406
C01 774.987 98.86261749267578
C01 799.976 99.37894439697266
C01 824.988 98.86455535888672
C01 850.022 98.07371520996094
C01 869.967 96.01280975341797
C01 875.002 95.13946533203125
C01 899.999 88.58148193359375
C01 919.999 80.16136169433594
C01 925.012 77.32174682617188
C01 949.965 62.97568893432617
C01 975.002 47.63592529296875
C01 999.976 31.279096603393555
C01 1025.028 15.332247734069824
C01 1050.014 6.158652305603027
C01 1075.002 0.9277277039890955
C01 1099.99 0.09204829050387163
C02 319.994 46.895450592041016
C02 324.969 47.92424392700195
C02 349.982 54.978736877441406
C02 374.975 71.11265563964844
C02 400.019 85.08856964111328
C02 424.965 87.93354797363281
C02 450.035 87.58003234863281
C02 475.003 86.93600463867188
C02 500.018 86.52395629882812
C02 525.002 86.68699645996094
C02 550.029 87.6176528930664
C02 575.023 88.70410919189453
C02 599.982 90.32640838623047
C02 619.997 90.9565658569336
C02 624.979 91.25304412841797
C02 650.012 92.56912231445312
C02 675.004 93.6978759765625
C02 700.03 94.6602554321289
C02 725.012 95.56377410888672
C02 750.022 97.18318939208984
C02 774.987 98.71662139892578
C02 799.976 99.2569808959961
C02 824.988 98.74684143066406
C02 850.022 97.96236419677734
C02 869.967 95.88873291015625
C02 875.002 95.00806427001953
C02 899.999 88.3954086303711
C02 919.999 80.0187759399414
C02 925.012 77.21054077148438
C02 949.965 63.06986618041992
C02 975.002 47.65918731689453
C02 999.976 31.21824836730957
C02 1025.028 15.30618953704834
C02 1050.014 6.12923002243042
C02 1075.002 0.9258462682668982
C02 1099.99 0.09186161617995468
C03 319.994 46.86444854736328
C03 324.969 47.832027435302734
C03 349.982 54.680152893066406
C03 374.975 70.84284973144531
C03 400.019 85.06385803222656
C03 424.965 88.09809875488281
C03 450.035 87.82874298095703
C03 475.003 87.20697784423828
C03 500.018 86.77745056152344
C03 525.002 86.88910675048828
C03 550.029 87.76287841796875
C03 575.023 88.7895278930664
C03 599.982 90.37486267089844
C03 619.997 90.98680877685547
C03 624.979 91.27913665771484
C03 650.012 92.58329772949219
C03 675.004 93.72337341308594
C03 700.03 94.7047119140625
C03 725.012 95.65676879882812
C03 750.022 97.3505859375
C03 774.987 98.96207427978516
C03 799.976 99.54496765136719
C03 824.988 99.05057525634766
C03 850.022 98.29170989990234
C03 869.967 96.21627807617188
C03 875.002 95.33196258544922
C03 899.999 88.63721466064453
C03 919.999 80.2205581665039
C03 925.012 77.40616607666016
C03 949.965 63.337039947509766
C03 975.002 47.83211135864258
C03 999.976 31.266246795654297
C03 1025.028 15.327966690063477
C03 1050.014 6.11329460144043
C03 1075.002 0.9274404070136758
C03 1099.99 0.09201978516190479
C04 319.994 46.682640075683594
C04 324.969 47.63648223876953
C04 349.982 54.43421936035156
C04 374.975 70.63115692138672
C04 400.019 84.94720458984375
C04 424.965 87.98399353027344
C04 450.035 87.6328125
C04 475.003 86.87734985351562
C04 500.018 86.359130859375
C04 525.002 86.46940612792969
C04 550.029 87.38212585449219
C04 575.023 88.4547348022461
C04 599.982 90.06309509277344
C04 619.997 90.68826293945312
C04 624.979 90.97923278808594
C04 650.012 92.29423522949219
C04 675.004 93.43037414550781
C04 700.03 94.42388153076172
C04 725.012 95.41618347167969
C04 750.022 97.15225982666016
C04 774.987 98.80715942382812
C04 799.976 99.41082000732422
C04 824.988 98.90419006347656
C04 850.022 98.16253662109375
C04 869.967 96.09015655517578
C04 875.002 95.19219207763672
C04 899.999 88.41254425048828
C04 919.999 79.95929718017578
C04 925.012 77.1549072265625
C04 949.965 63.18199157714844
C04 975.002 47.69099044799805
C04 999.976 31.163793563842773
C04 1025.028 15.264985084533691
C04 1050.014 6.0922417640686035
C04 1075.002 0.9255506046257533
C04 1099.99 0.0918322807051009
C05 319.994 46.58158874511719
C05 324.969 47.4550666809082
C05 349.982 53.97663497924805
C05 374.975 70.12540435791016
C05 400.019 84.64864349365234
C05 424.965 87.90540313720703
C05 450.035 87.68705749511719
C05 475.003 87.00650787353516
C05 500.018 86.49353790283203
C05 525.002 86.5531997680664
C05 550.029 87.38175201416016
C05 575.023 88.37550354003906
C05 599.982 89.92692565917969
C05 619.997 90.52081298828125
C05 624.979 90.8076400756836
C05 650.012 92.10568237304688
C05 675.004 93.23593139648438
C05 700.03 94.24722290039062
C05 725.012 95.27339935302734
C05 750.022 97.0592041015625
C05 774.987 98.76182556152344
C05 799.976 99.40556335449219
C05 824.988 98.92208099365234
C05 850.022 98.22563171386719
C05 869.967 96.1870346069336
C05 875.002 95.2823257446289
C05 899.999 88.4608154296875
C05 919.999 79.95986938476562
C05 925.012 77.14991760253906
C05 949.965 63.198875427246094
C05 975.002 47.75255584716797
C05 999.976 31.220792770385742
C05 1025.028 15.25587272644043
C05 1050.014 6.099252223968506
C05 1075.002 0.9246636591938812
C05 1099.99 0.09174427879417056
C06 319.994 46.327781677246094
C06 324.969 47.14149856567383
C06 349.982 53.41743087768555
C06 374.975 69.45272827148438
C06 400.019 84.07684326171875
C06 424.965 87.48090362548828
C06 450.035 87.32893371582031
C06 475.003 86.67375183105469
C06 500.018 86.16014099121094
C06 525.002 86.18563079833984
C06 550.029 86.97176361083984
C06 575.023 87.92076110839844
C06 599.982 89.43296813964844
C06 619.997 90.00572967529297
C06 624.979 90.28935241699219
C06 650.012 91.56414794921875
C06 675.004 92.72977447509766
C06 700.03 93.70680236816406
C06 725.012 94.72999572753906
C06 750.022 96.52537536621094
C06 774.987 98.22906494140625
C06 799.976 98.87672424316406
C06 824.988 98.4252700805664
C06 850.022 97.77368927001953
C06 869.967 95.76056671142578
C06 875.002 94.87377166748047
C06 899.999 88.0643310546875
C06 919.999 79.62647247314453
C06 925.012 76.84121704101562
C06 949.965 62.96692657470703
C06 975.002 47.59519958496094
C06 999.976 31.092988967895508
C06 1025.028 15.207390785217285
C06 1050.014 6.100254535675049
C06 1075.002 0.9195778560864056
C06 1099.99 0.09123967008207814
C07 319.994 46.45539474487305
C07 324.969 47.28764343261719
C07 349.982 53.6541862487793
C07 374.975 69.83367156982422
C07 400.019 84.54456329345703
C07 424.965 87.89631652832031
C07 450.035 87.64647674560547
C07 475.003 86.86689758300781
C07 500.018 86.28136444091797
C07 525.002 86.3197250366211
C07 550.029 87.15926361083984
C07 575.023 88.15501403808594
C07 599.982 89.7040786743164
C07 619.997 90.29620361328125
C07 624.979 90.58120727539062
C07 650.012 91.8685302734375
C07 675.004 93.00882720947266
C07 700.03 94.00923156738281
C07 725.012 95.0045394897461
C07 750.022 96.73556518554688
C07 774.987 98.38312530517578
C07 799.976 99.01506042480469
C07 824.988 98.57852172851562
C07 850.022 97.93978881835938
C07 869.967 95.9398193359375
C07 875.002 95.04432678222656
C07 899.999 88.20856475830078
C07 919.999 79.83700561523438
C07 925.012 77.08427429199219
C07 949.965 63.31787872314453
C07 975.002 47.846744537353516
C07 999.976 31.15401840209961
C07 1025.028 15.249895095825195
C07 1050.014 6.17672061920166
C07 1075.002 0.9215808276766831
C07 1099.99 0.09143840308317329
C10 319.994 47.10940170288086
C10 324.969 48.177730560302734
C10 349.982 55.3116455078125
C10 374.975 71.25190734863281
C10 400.019 84.91423034667969
C10 424.965 87.61395263671875
C10 450.035 87.3072738647461
C10 475.003 86.82682800292969
C10 500.018 86.54571533203125
C10 525.002 86.75054931640625
C10 550.029 87.63031005859375
C10 575.023 88.63777160644531
C10 599.982 90.21186065673828
C10 619.997 90.8223876953125
C10 624.979 91.11382293701172
C10 650.012 92.42745208740234
C10 675.004 93.57861328125
C10 700.03 94.58129119873047
C10 725.012 95.65238952636719
C10 750.022 97.4873046875
C10 774.987 99.25141143798828
C10 799.976 99.88552856445312
C10 824.988 99.33660125732422
C10 850.022 98.54944610595703
C10 869.967 96.3837661743164
C10 875.002 95.48262786865234
C10 899.999 88.56935119628906
C10 919.999 79.94477844238281
C10 925.012 77.06710815429688
C10 949.965 63.29861068725586
C10 975.002 48.161224365234375
C10 999.976 31.026256561279297
C10 1025.028 15.277478218078613
C10 1050.014 6.132099628448486
C10 1075.002 0.9287416868341594
C10 1099.99 0.09214889695023196
C11 319.994 47.250091552734375
C11 324.969 48.343257904052734
C11 349.982 55.6291618347168
C11 374.975 71.74948120117188
C11 400.019 85.414794921875
C11 424.965 88.02668762207031
C11 450.035 87.56080627441406
C11 475.003 86.88008880615234
C11 500.018 86.48039245605469
C11 525.002 86.68050384521484
C11 550.029 87.6644515991211
C11 575.023 88.78977966308594
C11 599.982 90.44088745117188
C11 619.997 91.08065032958984
C11 624.979 91.3777847290039
C11 650.012 92.70796966552734
C11 675.004 93.86466217041016
C11 700.03 94.86515808105469
C11 725.012 95.95245361328125
C11 750.022 97.81050872802734
C11 774.987 99.59032440185547
C11 799.976 100.2229232788086
C11 824.988 99.66072845458984
C11 850.022 98.88134002685547
C11 869.967 96.66690063476562
C11 875.002 95.74214172363281
C11 899.999 88.6692123413086
C11 919.999 80.10258483886719
C11 925.012 77.26749420166016
C11 949.965 63.659976959228516
C11 975.002 48.46165466308594
C11 999.976 31.19508934020996
C11 1025.028 15.370463371276855
C11 1050.014 6.166579723358154
C11 1075.002 0.9318206742249114
C11 1099.99 0.0924543912505348
C12 319.994 47.04658889770508
C12 324.969 48.084259033203125
C12 349.982 55.17373275756836
C12 374.975 71.34456634521484
C12 400.019 85.30301666259766
C12 424.965 88.1089859008789
C12 450.035 87.71151733398438
C12 475.003 87.01570892333984
C12 500.018 86.57716369628906
C12 525.002 86.73413848876953
C12 550.029 87.68473052978516
C12 575.023 88.78555297851562
C12 599.982 90.41854858398438
C12 619.997 91.05516815185547
C12 624.979 91.34727478027344
C12 650.012 92.67166900634766
C12 675.004 93.83277893066406
C12 700.03 94.84994506835938
C12 725.012 95.97190856933594
C12 750.022 97.88349151611328
C12 774.987 99.71819305419922
C12 799.976 100.38444519042969
C12 824.988 99.8390121459961
C12 850.022 99.09648132324219
C12 869.967 96.90910339355469
C12 875.002 95.98480224609375
C12 899.999 88.91411590576172
C12 919.999 80.31578063964844
C12 925.012 77.47594451904297
C12 949.965 63.91542434692383
C12 975.002 48.69855880737305
C12 999.976 31.372224807739258
C12 1025.028 15.459904670715332
C12 1050.014 6.194063186645508
C12 1075.002 0.9325155230349154
C12 1099.99 0.09252333351111891
C13 319.994 46.67042922973633
C13 324.969 47.6085205078125
C13 349.982 54.32681655883789
C13 374.975 70.3712387084961
C13 400.019 84.56319427490234
C13 424.965 87.64567565917969
C13 450.035 87.434326171875
C13 475.003 86.86469268798828
C13 500.018 86.45182037353516
C13 525.002 86.53784942626953
C13 550.029 87.35958099365234
C13 575.023 88.34010314941406
C13 599.982 89.88746643066406
C13 619.997 90.48302459716797
C13 624.979 90.76696014404297
C13 650.012 92.06404876708984
C13 675.004 93.22193908691406
C13 700.03 94.2519302368164
C13 725.012 95.4166259765625
C13 750.022 97.38169860839844
C13 774.987 99.27322387695312
C13 799.976 99.98641967773438
C13 824.988 99.47589874267578
C13 850.022 98.79609680175781
C13 869.967 96.67142486572266
C13 875.002 95.76371002197266
C13 899.999 88.7628173828125
C13 919.999 80.12847900390625
C13 925.012 77.27418518066406
C13 949.965 63.712623596191406
C13 975.002 48.612606048583984
C13 999.976 31.298236846923828
C13 1025.028 15.402945518493652
C13 1050.014 6.14213752746582
C13 1075.002 0.9277345038544957
C13 1099.99 0.09204896518026973
C14 319.994 46.63106155395508
C14 324.969 47.54845428466797
C14 349.982 54.19675064086914
C14 374.975 70.31515502929688
C14 400.019 84.660400390625
C14 424.965 87.80120849609375
C14 450.035 87.55944061279297
C14 475.003 86.91162109375
C14 500.018 86.43500518798828
C14 525.002 86.49769592285156
C14 550.029 87.32288360595703
C14 575.023 88.31897735595703
C14 599.982 89.87332153320312
C14 619.997 90.46942901611328
C14 624.979 90.75839233398438
C14 650.012 92.05809783935547
C14 675.004 93.21693420410156
C14 700.03 94.26254272460938
C14 725.012 95.45389556884766
C14 750.022 97.46153259277344
C14 774.987 99.38825988769531
C14 799.976 100.1297378540039
C14 824.988 99.62496185302734
C14 850.022 98.9709243774414
C14 869.967 96.87749481201172
C14 875.002 95.97747039794922
C14 899.999 88.96585083007812
C14 919.999 80.25791931152344
C14 925.012 77.38298034667969
C14 949.965 63.8416862487793
C14 975.002 48.74180603027344
C14 999.976 31.38397789001465
C14 1025.028 15.448012351989746
C14 1050.014 6.156695365905762
C14 1075.002 0.9284947535053926
C14 1099.99 0.09212439645220472
C15 319.994 46.21376037597656
C15 324.969 47.03635025024414
C15 349.982 53.25233840942383
C15 374.975 69.12555694580078
C15 400.019 83.70209503173828
C15 424.965 87.13643646240234
C15 450.035 87.07666015625
C15 475.003 86.54019165039062
C15 500.018 86.08737182617188
C15 525.002 86.1014175415039
C15 550.029 86.82603454589844
C15 575.023 87.7126235961914
C15 599.982 89.19271087646484
C15 619.997 89.75077056884766
C15 624.979 90.03240966796875
C15 650.012 91.30485534667969
C15 675.004 92.45020294189453
C15 700.03 93.50724792480469
C15 725.012 94.72396850585938
C15 750.022 96.75525665283203
C15 774.987 98.71341705322266
C15 799.976 99.47986602783203
C15 824.988 99.01289367675781
C15 850.022 98.39706420898438
C15 869.967 96.3606185913086
C15 875.002 95.4752197265625
C15 899.999 88.51793670654297
C15 919.999 79.83103942871094
C15 925.012 76.9676284790039
C15 949.965 63.57282638549805
C15 975.002 48.53138732910156
C15 999.976 31.248394012451172
C15 1025.028 15.36179256439209
C15 1050.014 6.125168323516846
C15 1075.002 0.9217658653483684
C15 1099.99 0.09145676235096728
C16 319.994 46.39629364013672
C16 324.969 47.18775177001953
C16 349.982 53.28865432739258
C16 374.975 69.20045471191406
C16 400.019 83.96659088134766
C16 424.965 87.50729370117188
C16 450.035 87.48487854003906
C16 475.003 86.94790649414062
C16 500.018 86.4799575805664
C16 525.002 86.46994018554688
C16 550.029 87.1595458984375
C16 575.023 88.01725769042969
C16 599.982 89.48109436035156
C16 619.997 90.0332260131836
C16 624.979 90.31143951416016
C16 650.012 91.5814437866211
C16 675.004 92.73783111572266
C16 700.03 93.79734802246094
C16 725.012 95.0134506225586
C16 750.022 97.0519027709961
C16 774.987 99.00760650634766
C16 799.976 99.78034210205078
C16 824.988 99.33036804199219
C16 850.022 98.728759765625
C16 869.967 96.7133560180664
C16 875.002 95.82919311523438
C16 899.999 88.86629486083984
C16 919.999 80.16560363769531
C16 925.012 77.29891204833984
C16 949.965 63.885433197021484
C16 975.002 48.74141311645508
C16 999.976 31.379682540893555
C16 1025.028 15.41736125946045
C16 1050.014 6.156719207763672
C16 1075.002 0.9245919800463144
C16 1099.99 0.09173716685499926
C17 319.994 46.33218002319336
C17 324.969 47.08076858520508
C17 349.982 53.02324676513672
C17 374.975 68.93168640136719
C17 400.019 83.8733139038086
C17 424.965 87.53975677490234
C17 450.035 87.5674819946289
C17 475.003 87.04553985595703
C17 500.018 86.56168365478516
C17 525.002 86.52569580078125
C17 550.029 87.18680572509766
C17 575.023 88.01854705810547
C17 599.982 89.4585189819336
C17 619.997 90.00040435791016
C17 624.979 90.2770004272461
C17 650.012 91.53702545166016
C17 675.004 92.699462890625
C17 700.03 93.74178314208984
C17 725.012 94.9311294555664
C17 750.022 96.91815185546875
C17 774.987 98.82235717773438
C17 799.976 99.5804443359375
C17 824.988 99.16045379638672
C17 850.022 98.56816101074219
C17 869.967 96.54930114746094
C17 875.002 95.66197967529297
C17 899.999 88.69001770019531
C17 919.999 80.11673736572266
C17 925.012 77.30777740478516
C17 949.965 64.05551147460938
C17 975.002 48.74251174926758
C17 999.976 31.36285400390625
C17 1025.028 15.3934907913208
C17 1050.014 6.188765048980713
C17 1075.002 0.9233181731057484
C17 1099.99 0.09161078090057868
