lsstCam/transmission_filter_detector/r12_s10/r_57/19700101T000000.ecsv
# %ECSV 1.0
# ---
# datatype:
# - {name: wavelength, unit: nm, datatype: float32}
# - {name: efficiency, unit: '%', datatype: float64}
# meta: !!omap
# - {MODE: DETECTOR}
# - {TYPE: transmission_filter_detector}
# - {CALIBDATE: '1970-01-01T00:00:00'}
# - {INSTRUME: LSSTCam}
# - {OBSTYPE: transmission_filter_detector}
# - {CALIBCLS: lsst.ip.isr.IntermediateFilterDetectorTransmissionCurve}
# - {SOURCE: Materion (DM-46256)}
# - {DETECTOR: 48}
# - {FILTER: r_57}
# - {CALIB_ID: 'calibDate=1970-01-01T00:00:00 filter=r_57 detector=48'}
# - {DATE: '2025-04-02T15:59:44.407058'}
# - {CALIB_CREATION_DATE: '2025-04-02'}
# - {CALIB_CREATION_TIME: '15:59:44'}
# - __serialized_columns__:
#     efficiency:
#       __class__: astropy.units.quantity.Quantity
#       unit: !astropy.units.Unit {unit: '%'}
#       value: !astropy.table.SerializedColumn {name: efficiency}
#     wavelength:
#       __class__: astropy.units.quantity.Quantity
#       unit: !astropy.units.Unit {unit: nm}
#       value: !astropy.table.SerializedColumn {name: wavelength}
# schema: astropy-2.0
wavelength efficiency
300.0 0.0015907487977528945
301.0 0.00493307234137319
302.0 0.008275396248791367
303.0 0.010501973883947358
304.0 0.012728550063911825
305.0 0.01090415971702896
306.0 0.009079769370146096
307.0 0.008636950951768085
308.0 0.008194133988581598
309.0 0.007585367711726576
310.0 0.00697659925208427
311.0 0.006243666575755924
312.0 0.0055107331718318164
313.0 0.0048938312829704955
314.0 0.004276929030311294
315.0 0.004102311868336983
316.0 0.003927693978766911
317.0 0.003721171015058644
318.0 0.003514647687552497
319.0 0.0032362760975956917
320.0 0.002957904325739946
321.0 0.0027859363399329595
322.0 0.0026139676265302114
323.0 0.0024119735826388933
324.0 0.002209978993050754
325.0 0.0020568342733895406
326.0 0.0019036895537283272
327.0 0.0020234221665305085
328.0 0.00214315477933269
329.0 0.002203988333349116
330.0 0.002264821705466602
331.0 0.0020887298887828365
332.0 0.001912638072099071
333.0 0.0017643893443164416
334.0 0.0016161407984327525
335.0 0.0014119062143436167
336.0 0.0012076715393050108
337.0 0.001113645703298971
338.0 0.0010196199582424015
339.0 0.0010364958143327385
340.0 0.0010533714885241352
341.0 0.0010514422683627345
342.0 0.0010495129572518636
343.0 0.0010280375136062503
344.0 0.001006562069960637
345.0 0.0009012377631734125
346.0 0.0007959137292345986
347.0 0.0007809588169038761
348.0 0.0007660040864720941
349.0 0.0007473376172129065
350.0 0.0055747092119418085
351.0 0.005594461617874913
352.0 0.005614214023808017
353.0 0.0052455703553278
354.0 0.004876927414443344
355.0 0.004875308877672069
356.0 0.004873691432294436
357.0 0.006682057573925704
358.0 0.008490424806950614
359.0 0.006344257417367771
360.0 0.004198090391582809
361.0 0.0027531341402209364
362.0 0.0013081778888590634
363.0 0.0023616217731614597
364.0 0.003415065657463856
365.0 0.003503886910039
366.0 0.003592708526412025
367.0 0.0029752163754892536
368.0 0.002357724224566482
369.0 0.0020974508515791968
370.0 0.0018371778423897922
371.0 0.002052942363661714
372.0 0.002268707066832576
373.0 0.0026983489078702405
374.0 0.0031279905670089647
375.0 0.002757606671366375
376.0 0.002387223139521666
377.0 0.0012160951882833615
378.0 4.496741894399747e-05
379.0 0.0009880776815407444
380.0 0.0019311881260364316
381.0 0.0027279818823444657
382.0 0.003524776184349321
383.0 0.003372106220922433
384.0 0.003219436257495545
385.0 0.00412882181990426
386.0 0.005038206654717214
387.0 0.004517147317528725
388.0 0.003996087980340235
389.0 0.0034099935874110088
390.0 0.002823898830683902
391.0 0.0020526973457890563
392.0 0.0012814957699447405
393.0 0.0013583908184955362
394.0 0.0014352855032484513
395.0 0.0009545690772938542
396.0 0.00047385256038978696
397.0 0.0006300209406617796
398.0 0.000786189684731653
399.0 0.0006492430202342803
400.0 0.0005122959009895567
401.0 8.727531621843809e-05
402.0 1.590179051803864e-10
403.0 1.590179051803864e-10
404.0 1.3578829793914338e-05
405.0 0.000670313420414459
406.0 0.0013270477211335674
407.0 0.0017883408872876316
408.0 0.002249634053441696
409.0 0.0018709213691181503
410.0 0.0014922084119461942
411.0 0.001099731798603898
412.0 0.0007072552762110718
413.0 0.0006867100637464318
414.0 0.0006661649877059972
415.0 0.0006261433100007707
416.0 0.000586121996093425
417.0 0.0012289963706280105
418.0 0.001871871245384682
419.0 0.0021765968995168805
420.0 0.002481322553649079
421.0 0.003889061918016523
422.0 0.005296800736687146
423.0 0.00811881764093414
424.0 0.010940834181383252
425.0 0.014958991960156709
426.0 0.01897714682854712
427.0 0.019693307694979012
428.0 0.02040947147179395
429.0 0.015574802819173783
430.0 0.010740134166553617
431.0 0.007652452040929347
432.0 0.0045647680963156745
433.0 0.0035525426937965676
434.0 0.0025403167455806397
435.0 0.0020244331608409993
436.0 0.0015085492123034783
437.0 0.001323103151662508
438.0 0.0011376573638699483
439.0 0.000990601438388694
440.0 0.00084354560385691
441.0 0.0011224035915802233
442.0 0.0014012616702530067
443.0 0.0017370950445183553
444.0 0.0020729286916321144
445.0 0.0019866765796905383
446.0 0.001900424285850022
447.0 0.0016022757336031646
448.0 0.0013041274542047177
449.0 0.001326908022747375
450.0 0.0013496879546437413
451.0 0.0013808652511215769
452.0 0.0014120426385488827
453.0 0.0014456966709985863
454.0 0.00147935070344829
455.0 0.0013324779501999728
456.0 0.001185605378850596
457.0 0.0008184051694115624
458.0 0.000451205096396734
459.0 0.0007066513262543594
460.0 0.0009620975106372498
461.0 0.0015966019418556243
462.0 0.002231106009276118
463.0 0.0028255381039343774
464.0 0.0034199700166936964
465.0 0.004430656917975284
466.0 0.005441344183054753
467.0 0.0060731843404937536
468.0 0.006705025589326397
469.0 0.005778281774837524
470.0 0.004851539415540174
471.0 0.003708448275574483
472.0 0.002565356953709852
473.0 0.00215183972613886
474.0 0.0017383221347699873
475.0 0.0014213070244295523
476.0 0.0011042920959880576
477.0 0.0008760825949138962
478.0 0.0006478730028902646
479.0 0.0008549308404326439
480.0 0.0010619884051266126
481.0 0.0007660380106244702
482.0 0.0004700877070717979
483.0 0.0005823523224535165
484.0 0.0006946168014110299
485.0 0.0006534344265674008
486.0 0.0006122518698248314
487.0 0.0006018632120685652
488.0 0.0005914744633628288
489.0 0.0005350894298317144
490.0 0.0004787043963005999
491.0 0.0006488402505056001
492.0 0.0008189760592358653
493.0 0.0009338399650005158
494.0 0.0010487038707651664
495.0 0.0009373880857310724
496.0 0.0008260723006969783
497.0 0.0010651909178704955
498.0 0.001304309262195602
499.0 0.0012817326023650821
500.0 0.0012591560334840324
501.0 0.0014373015801538713
502.0 0.0016154473996721208
503.0 0.001943079405464232
504.0 0.002270711411256343
505.0 0.0028023438062518835
506.0 0.0033339765650453046
507.0 0.003939535599783994
508.0 0.004545094634522684
509.0 0.005060514013166539
510.0 0.005575932300416753
511.0 0.0049604230298427865
512.0 0.004344913031673059
513.0 0.003715854836627841
514.0 0.003086796641582623
515.0 0.0028819527869927697
516.0 0.0026771091143018566
517.0 0.002462957490934059
518.0 0.0022488055037683807
519.0 0.07025033119134605
520.0 0.14853928005322814
521.0 0.10131023591384292
522.0 0.05228976369835436
523.0 0.07425987860187888
524.0 0.1427201903425157
525.0 0.05460264510475099
526.0 0.07322407909668982
527.0 0.1241490594111383
528.0 0.11438848450779915
529.0 0.15879435231909156
530.0 0.14797811163589358
531.0 0.1735443132929504
532.0 0.19349642097949982
533.0 0.25846417993307114
534.0 0.3592485561966896
535.0 0.4031892865896225
536.0 0.48885331489145756
537.0 0.7177241146564484
538.0 1.1247994378209114
539.0 1.6459086909890175
540.0 2.7832284569740295
541.0 4.12297323346138
542.0 6.1784543097019196
543.0 8.93172174692154
544.0 12.215320020914078
545.0 15.946957468986511
546.0 20.496468245983124
547.0 26.119264960289
548.0 33.267006278038025
549.0 41.126105189323425
550.0 48.0773001909256
551.0 55.99350929260254
552.0 62.151700258255005
553.0 67.7888572216034
554.0 72.21961617469788
555.0 76.4569103717804
556.0 80.59338331222534
557.0 83.57434868812561
558.0 86.91217303276062
559.0 90.07743000984192
560.0 91.21901392936707
561.0 93.0878758430481
562.0 93.99272799491882
563.0 94.49740648269653
564.0 95.11919617652893
565.0 94.68152523040771
566.0 95.28931975364685
567.0 94.59290504455566
568.0 95.00147700309753
569.0 95.97455859184265
570.0 95.33056616783142
571.0 95.8213210105896
572.0 96.04005217552185
573.0 95.94968557357788
574.0 96.51286602020264
575.0 96.36092185974121
576.0 96.81201577186584
577.0 96.1424708366394
578.0 96.32828831672668
579.0 96.57484292984009
580.0 95.88068127632141
581.0 96.07192277908325
582.0 96.07187509536743
583.0 96.14613652229309
584.0 95.58625221252441
585.0 95.86963057518005
586.0 95.8081066608429
587.0 95.72895765304565
588.0 96.0087537765503
589.0 96.78654670715332
590.0 95.94531655311584
591.0 95.25761604309082
592.0 95.24983167648315
593.0 95.34193873405457
594.0 95.53518295288086
595.0 95.56056261062622
596.0 96.4988112449646
597.0 96.81085348129272
598.0 95.99103331565857
599.0 96.00281715393066
600.0 96.16050124168396
601.0 95.39992213249207
602.0 96.03496193885803
603.0 96.00091576576233
604.0 95.66925764083862
605.0 96.13767862319946
606.0 95.59932351112366
607.0 95.56227922439575
608.0 95.96569538116455
609.0 95.05038857460022
610.0 95.50166726112366
611.0 95.18353939056396
612.0 95.51878571510315
613.0 96.1414635181427
614.0 96.22220396995544
615.0 95.69151401519775
616.0 95.94772458076477
617.0 95.64812779426575
618.0 95.7319974899292
619.0 96.38202786445618
620.0 95.60209512710571
621.0 94.88674998283386
622.0 95.775705575943
623.0 96.10860347747803
624.0 95.40185332298279
625.0 96.38077020645142
626.0 95.63295245170593
627.0 94.33762431144714
628.0 96.61698341369629
629.0 94.88088488578796
630.0 95.95774412155151
631.0 95.49385905265808
632.0 96.4076578617096
633.0 95.97377181053162
634.0 95.32908201217651
635.0 95.73273062705994
636.0 95.64589262008667
637.0 95.3511893749237
638.0 95.0940728187561
639.0 94.81766819953918
640.0 95.23216485977173
641.0 95.05391716957092
642.0 95.27292251586914
643.0 95.68923711776733
644.0 95.44954895973206
645.0 95.92591524124146
646.0 95.67448496818542
647.0 96.65985107421875
648.0 95.74363231658936
649.0 95.17267346382141
650.0 95.74708938598633
651.0 96.26936316490173
652.0 96.37236595153809
653.0 95.67363262176514
654.0 95.97761631011963
655.0 96.19477391242981
656.0 95.18923163414001
657.0 95.32337784767151
658.0 95.6980049610138
659.0 95.74056267738342
660.0 95.16510963439941
661.0 95.18980383872986
662.0 95.63456177711487
663.0 95.36356925964355
664.0 94.44841742515564
665.0 94.8000431060791
666.0 95.2810525894165
667.0 95.44572830200195
668.0 94.95267868041992
669.0 94.87730860710144
670.0 94.9394166469574
671.0 94.96505856513977
672.0 94.77170705795288
673.0 95.05980610847473
674.0 94.50529217720032
675.0 95.10213136672974
676.0 94.559246301651
677.0 93.48950386047363
678.0 93.04707050323486
679.0 91.96260571479797
680.0 90.8660888671875
681.0 89.84102010726929
682.0 87.92691826820374
683.0 85.09419560432434
684.0 81.53210282325745
685.0 78.34227085113525
686.0 74.18389916419983
687.0 69.65274214744568
688.0 65.08880257606506
689.0 60.23762822151184
690.0 55.20908236503601
691.0 51.13956332206726
692.0 46.53268754482269
693.0 42.21924841403961
694.0 37.22935616970062
695.0 32.27580189704895
696.0 27.095606923103333
697.0 22.11122065782547
698.0 16.52095317840576
699.0 11.978643387556076
700.0 8.475776761770248
701.0 5.364541709423065
702.0 3.376159444451332
703.0 1.9944814965128899
704.0 1.1717178858816624
705.0 0.6577048916369677
706.0 0.4493395332247019
707.0 0.37340002600103617
708.0 0.17352288123220205
709.0 0.14165311586111784
710.0 0.1246930449269712
711.0 0.05240450263954699
712.0 0.03358465037308633
713.0 0.051770772552117705
714.0 0.05568455089814961
715.0 0.07588735898025334
716.0 0.08301181951537728
717.0 0.03249573055654764
718.0 0.029279643786139786
719.0 0.06096635479480028
720.0 1.590179051803864e-10
721.0 0.004493711094255559
722.0 0.004285584145691246
723.0 0.004077457560924813
724.0 0.003761149855563417
725.0 0.003444842150202021
726.0 0.00317711710522417
727.0 0.0029093918783473782
728.0 0.00282384662568802
729.0 0.0027383010092307813
730.0 0.0025072313292184845
731.0 0.0022761620130040683
732.0 0.0022624682969762944
733.0 0.002248774762847461
734.0 0.0021368590751080774
735.0 0.0020249432054697536
736.0 0.001855940354289487
737.0 0.0016869375031092204
738.0 0.0016771557056927122
739.0 0.0016673737263772637
740.0 0.001615688597667031
741.0 0.0015640034689567983
742.0 0.0014435781849897467
743.0 0.0013231530829216354
744.0 0.001393655202264199
745.0 0.0014641570487583522
746.0 0.0013940771168563515
747.0 0.0013239971849543508
748.0 0.0011921461918973364
749.0 0.0010602951078908518
750.0 0.0010527268386795186
751.0 0.0010451587513671257
752.0 0.0011093825378338806
753.0 0.0011736063243006356
754.0 0.0011672236723825336
755.0 0.0011608413842623122
756.0 0.0011045911378460005
757.0 0.0010483408004802186
758.0 0.0010700144230213482
759.0 0.0010916877727140673
760.0 0.001122374669648707
761.0 0.001153061839431757
762.0 0.0011410191291361116
763.0 0.0011289766916888766
764.0 0.0010739005119830836
765.0 0.0010188243322772905
766.0 0.000833550984680187
767.0 0.0006482775916083483
768.0 0.0006509317245217972
769.0 0.0006535857210110407
770.0 0.0007633782843186054
771.0 0.0008731709385756403
772.0 0.0007976809683896136
773.0 0.0007221908617793815
774.0 0.0008257139597844798
775.0 0.000929237012314843
776.0 0.0009162951755570248
777.0 0.0009033534297486767
778.0 0.0008684584827278741
779.0 0.0008335636266565416
780.0 0.0007424823252222268
781.0 0.0006514011147373822
782.0 0.0007533122243330581
783.0 0.0008552233339287341
784.0 0.0008819620234135073
785.0 0.0009087005309993401
786.0 0.0008381009138247464
787.0 0.0007675011147512123
788.0 0.0007355793059105054
789.0 0.0007036575425445335
790.0 0.0007359792107308749
791.0 0.0007683008334424812
792.0 0.000804282353783492
793.0 0.0008402637831750326
794.0 0.000880672723724274
795.0 0.0009210812095261645
796.0 0.0007237907993840054
797.0 0.0005265002982923761
798.0 0.0007024013484624447
799.0 0.0008783023076830432
800.0 0.0008004845767572988
801.0 0.000722666663932614
802.0 0.0006260209374886472
803.0 0.0005293749836710049
804.0 0.0006508193564513931
805.0 0.0007722637747065164
806.0 0.0007085631295922212
807.0 0.0006448626209021313
808.0 0.0007735067811154295
809.0 0.0009021509868034627
810.0 0.0008048773452173918
811.0 0.0007076040674292017
812.0 0.000720780917617958
813.0 0.0007339578587561846
814.0 0.0005873083864571527
815.0 0.00044065895963285584
816.0 0.0005899994903302286
817.0 0.0007393401574518066
818.0 0.0007096019544405863
819.0 0.0006798637059546309
820.0 0.0005128534667164786
821.0 0.00034584320474095875
822.0 0.0003898881914210506
823.0 0.0004339332917879801
824.0 0.00047621888370485976
825.0 0.0005185045210964745
826.0 0.000541190229341737
827.0 0.0005638758921122644
828.0 0.0004399871158966562
829.0 0.00031609833968104795
830.0 0.00017959524711841368
831.0 4.309216876663413e-05
832.0 6.433333510358352e-05
833.0 8.557449291402008e-05
834.0 5.043842747909366e-05
835.0 1.5302327938115923e-05
836.0 0.00032198900044022594
837.0 0.0006286758434725925
838.0 0.0007950640792842023
839.0 0.0009614523150958121
840.0 0.0012492839232436381
841.0 0.0015371155313914642
842.0 0.0020123892682022415
843.0 0.0024876633688108996
844.0 0.0022463327695732005
845.0 0.002005002534133382
846.0 0.0017209857105626725
847.0 0.0014369686141435523
848.0 0.001417123985447688
849.0 0.0013972791748528834
850.0 0.0012967475413461216
851.0 0.00119621599878883
852.0 0.001150268599303672
853.0 0.001104321017919574
854.0 0.0009679553841124289
855.0 0.0008315894774568733
856.0 0.0006372196821757825
857.0 0.00044284984141995665
858.0 0.0005333663921192056
859.0 0.0006238828063942492
860.0 0.00046660265979880933
861.0 0.00030932239951653173
862.0 0.00037214456369838445
863.0 0.0004349667051428696
864.0 0.0002727413175307447
865.0 0.00011051597539335489
866.0 6.960068503758521e-05
867.0 2.868537194444798e-05
868.0 0.00010555822882452048
869.0 0.00018243107433590922
870.0 4.350260383034765e-05
871.0 1.590179051803864e-10
872.0 1.590179051803864e-10
873.0 1.590179051803864e-10
874.0 1.590179051803864e-10
875.0 1.590179051803864e-10
876.0 1.590179051803864e-10
877.0 6.426212735277659e-05
878.0 0.00013214751106715994
879.0 0.00020003287772851763
880.0 0.00016121197177199065
881.0 0.0001223910544467799
882.0 0.00010428433370179846
883.0 8.617763569418457e-05
884.0 1.590179051803864e-10
885.0 1.590179051803864e-10
886.0 1.1182335413195688e-05
887.0 0.00012378541214275174
888.0 0.00017923346149473218
889.0 0.00023468148810934508
890.0 0.00019669603261718294
891.0 0.00015871052028160193
892.0 2.101680536270578e-05
893.0 1.590179051803864e-10
894.0 1.590179051803864e-10
895.0 1.590179051803864e-10
896.0 2.757785750873154e-05
897.0 6.371872132149292e-05
898.0 0.00010627140909491573
899.0 0.00014882407413097098
900.0 4.561822777304769e-05
901.0 1.590179051803864e-10
