lsstCam/transmission_filter_detector/r12_s10/r_57/19700101T000000.ecsv
# %ECSV 1.0
# ---
# datatype:
# - {name: wavelength, unit: nm, datatype: float32}
# - {name: efficiency, unit: '%', datatype: float64}
# meta: !!omap
# - {MODE: DETECTOR}
# - {TYPE: transmission_filter_detector}
# - {CALIBDATE: '1970-01-01T00:00:00'}
# - {INSTRUME: LSSTCam}
# - {OBSTYPE: transmission_filter_detector}
# - {CALIBCLS: lsst.ip.isr.IntermediateFilterDetectorTransmissionCurve}
# - {SOURCE: Materion (DM-46256)}
# - {DETECTOR: 48}
# - {FILTER: r_57}
# - {CALIB_ID: 'calibDate=1970-01-01T00:00:00 filter=r_57 detector=48'}
# - {DATE: '2025-04-02T15:59:44.407058'}
# - {CALIB_CREATION_DATE: '2025-04-02'}
# - {CALIB_CREATION_TIME: '15:59:44'}
# - __serialized_columns__:
#     efficiency:
#       __class__: astropy.units.quantity.Quantity
#       unit: !astropy.units.Unit {unit: '%'}
#       value: !astropy.table.SerializedColumn {name: efficiency}
#     wavelength:
#       __class__: astropy.units.quantity.Quantity
#       unit: !astropy.units.Unit {unit: nm}
#       value: !astropy.table.SerializedColumn {name: wavelength}
# schema: astropy-2.0
wavelength efficiency
[from data line 603]
903.0 1.590179051803864e-10
904.0 1.590179051803864e-10
905.0 4.7883020215522265e-05
906.0 1.590179051803864e-10
907.0 1.590179051803864e-10
908.0 1.590179051803864e-10
909.0 1.590179051803864e-10
910.0 1.590179051803864e-10
911.0 1.590179051803864e-10
912.0 1.590179051803864e-10
913.0 1.590179051803864e-10
914.0 1.590179051803864e-10
915.0 9.636993354433798e-05
916.0 6.415036182261247e-05
917.0 3.193080715391261e-05
918.0 0.00010333245654692291
919.0 0.00017473407751822378
920.0 8.86919053755264e-05
921.0 2.6497149363535755e-06
922.0 8.646021001368354e-05
923.0 0.00017027072090058937
924.0 0.00018707395383898984
925.0 0.00020387722088344162
926.0 0.00018843189764083945
927.0 0.00017298657439823728
928.0 0.0002043349468294764
929.0 0.0002356833192607155
930.0 0.00022667343273496954
931.0 0.00021766354620922357
932.0 0.00011047229691030225
933.0 3.281089533402337e-06
934.0 0.0001390642410115106
935.0 0.00027484736619953765
936.0 0.00028460469820856815
937.0 0.0002943620529549662
938.0 0.00033383496429451043
939.0 0.0003733078983714222
940.0 0.00032101536362461047
941.0 0.00026872282887779875
942.0 0.0003645986680567148
943.0 0.00046047448449826334
944.0 0.0003421557039473555
945.0 0.00022383694613381522
946.0 0.00026976101707987254
947.0 0.00031568501981382724
948.0 0.00045253232201503124
949.0 0.0005893797151657054
950.0 0.0005526425411517266
951.0 0.0005159053671377478
952.0 0.0006431116617022781
953.0 0.0007703180926910136
954.0 0.0010971267329296097
955.0 0.0014239357369660866
956.0 0.0014805646969762165
957.0 0.0015371935660368763
958.0 0.0016483856597915292
959.0 0.0017595781173440628
960.0 0.0019084780433331616
961.0 0.0020573785150190815
962.0 0.0022169204385136254
963.0 0.0023764625439071096
964.0 0.002438779847580008
965.0 0.0025010966055560857
966.0 0.0025038410967681557
967.0 0.002506585224182345
968.0 0.002476271583873313
969.0 0.0024459583073621616
970.0 0.00253959369729273
971.0 0.002633229269122239
972.0 0.002660163772816304
973.0 0.0026870979127124883
974.0 0.002872835466405377
975.0 0.003058572838199325
976.0 0.0031668500014347956
977.0 0.0032751268008723855
978.0 0.003159463085466996
979.0 0.0030437995519605465
980.0 0.0029698259822907858
981.0 0.0028958525945199654
982.0 0.0029405016903183423
983.0 0.0029851507861167192
984.0 0.002953983857878484
985.0 0.0029228169296402484
986.0 0.0028503667635959573
987.0 0.0027779162337537855
988.0 0.0026054078261950053
989.0 0.0024328996005351655
990.0 0.0024667746401974
991.0 0.0025006496798596345
992.0 0.0025358884158777073
993.0 0.002571127515693661
994.0 0.0026295709176338278
995.0 0.002688013955776114
996.0 0.0027601385227171704
997.0 0.0028322629077592865
998.0 0.0029682596505153924
999.0 0.0031042563932714984
1000.0 0.0032493360777152702
1001.0 0.003394415762159042
1002.0 0.003594141162466258
1003.0 0.0037938665627734736
1004.0 0.003931777609977871
1005.0 0.004069688293384388
1006.0 0.00425161088060122
1007.0 0.004433533831615932
1008.0 0.004332252137828618
1009.0 0.004230970080243424
1010.0 0.00419863426941447
1011.0 0.004166298094787635
1012.0 0.0041297698771813884
1013.0 0.004093241295777261
1014.0 0.003858709169435315
1015.0 0.003624176315497607
1016.0 0.0034578108170535415
1017.0 0.003291445318609476
1018.0 0.0029355776860029437
1019.0 0.002579710417194292
1020.0 0.0021913412638241425
1021.0 0.0018029722923529334
1022.0 0.001573834197188262
1023.0 0.0013446956472762395
1024.0 0.0014142351574264467
1025.0 0.0014837749404250644
1026.0 0.0013487266187439673
1027.0 0.0012136779332649894
1028.0 0.0011152402294101194
1029.0 0.0010168022527068388
1030.0 0.0009819720617088024
1031.0 0.0009471412340644747
1032.0 0.0009325644896307494
1033.0 0.0009179875632980838
1034.0 0.0008181980774679687
1035.0 0.0007184085461631184
1036.0 0.0008313435500895139
1037.0 0.0009442782356927637
1038.0 0.0008627907845948357
1039.0 0.0007813034244463779
1040.0 0.0008645223715575412
1041.0 0.0009477412277192343
1042.0 0.0010210069376626052
1043.0 0.0010942723747575656
1044.0 0.0009691950253909454
1045.0 0.0008441179488727357
1046.0 0.0008417771823587827
1047.0 0.0008394365977437701
1048.0 0.0006946109351702034
1049.0 0.0005497852725966368
1050.0 0.0006198973551363451
1051.0 0.0006900093467265833
1052.0 0.0010163569641008507
1053.0 0.0013427040357782971
1054.0 0.0011293879651930183
1055.0 0.0009160718036582693
1056.0 0.0009050073458638508
1057.0 0.0008939432518673129
1058.0 0.0008437848009634763
1059.0 0.0007936266229080502
1060.0 0.0010258328984491527
1061.0 0.0012580386282934342
1062.0 0.0013705954188480973
1063.0 0.0014831522094027605
1064.0 0.0012216274626553059
1065.0 0.0009601024430594407
1066.0 0.0011874268238898367
1067.0 0.001414751386619173
1068.0 0.0016787091226433404
1069.0 0.0019426663129706867
1070.0 0.0014362018191604875
1071.0 0.0009297374162997585
1072.0 0.0013867301277059596
1073.0 0.001843722930061631
1074.0 0.002427134313620627
1075.0 0.0030105455152806826
1076.0 0.0033235144655918702
1077.0 0.0036364835978019983
1078.0 0.003937621659133583
1079.0 0.004238760084263049
1080.0 0.004085269392817281
1081.0 0.003931778701371513
1082.0 0.003932751133106649
1083.0 0.003933723928639665
1084.0 0.004415761213749647
1085.0 0.004897798498859629
1086.0 0.0050557904614834115
1087.0 0.005213782787905075
1088.0 0.0050491406000219285
1089.0 0.004884498775936663
1090.0 0.00466572237201035
1091.0 0.004446945604286157
1092.0 0.0038670565118081868
1093.0 0.0032871670555323362
1094.0 0.0036739791539730504
1095.0 0.004060791252413765
1096.0 0.003195585304638371
1097.0 0.002330379356862977
1098.0 0.001924070602399297
1099.0 0.0015177621207840275
1100.0 0.0017818316337070428
1101.0 0.002045900691882707
