lsstCam/transmission_filter_detector/r13_s20/r_57/19700101T000000.ecsv
# %ECSV 1.0
# ---
# datatype:
# - {name: wavelength, unit: nm, datatype: float32}
# - {name: efficiency, unit: '%', datatype: float64}
# meta: !!omap
# - {MODE: DETECTOR}
# - {TYPE: transmission_filter_detector}
# - {CALIBDATE: '1970-01-01T00:00:00'}
# - {INSTRUME: LSSTCam}
# - {OBSTYPE: transmission_filter_detector}
# - {CALIBCLS: lsst.ip.isr.IntermediateFilterDetectorTransmissionCurve}
# - {SOURCE: Materion (DM-46256)}
# - {DETECTOR: 60}
# - {FILTER: r_57}
# - {CALIB_ID: 'calibDate=1970-01-01T00:00:00 filter=r_57 detector=60'}
# - {DATE: '2025-04-02T15:59:44.461403'}
# - {CALIB_CREATION_DATE: '2025-04-02'}
# - {CALIB_CREATION_TIME: '15:59:44'}
# - __serialized_columns__:
#     efficiency:
#       __class__: astropy.units.quantity.Quantity
#       unit: !astropy.units.Unit {unit: '%'}
#       value: !astropy.table.SerializedColumn {name: efficiency}
#     wavelength:
#       __class__: astropy.units.quantity.Quantity
#       unit: !astropy.units.Unit {unit: nm}
#       value: !astropy.table.SerializedColumn {name: wavelength}
# schema: astropy-2.0
wavelength efficiency
[from data line 603]
903.0 1.585112575051839e-10
904.0 1.585112575051839e-10
905.0 1.2131056337238988e-05
906.0 1.585112575051839e-10
907.0 1.585112575051839e-10
908.0 1.585112575051839e-10
909.0 1.585112575051839e-10
910.0 1.585112575051839e-10
911.0 1.585112575051839e-10
912.0 1.585112575051839e-10
913.0 1.585112575051839e-10
914.0 1.585112575051839e-10
915.0 0.00011075477459598915
916.0 8.596467750976444e-05
917.0 6.117458610788162e-05
918.0 0.00011028656672351644
919.0 0.0001593984961800743
920.0 6.188168981680064e-05
921.0 1.585112575051839e-10
922.0 8.392224799536052e-05
923.0 0.00020347965801192913
924.0 0.00020569118532876018
925.0 0.00020790275812032633
926.0 0.00017068052784452448
927.0 0.0001334583089374064
928.0 0.00012155293234172859
929.0 0.00010964755574605078
930.0 0.00021223686417215504
931.0 0.00031482618396694306
932.0 0.00015068862921907566
933.0 1.585112575051839e-10
934.0 0.00012955143802173552
935.0 0.00027255173336016014
936.0 0.00026210191208519973
937.0 0.0002516520908102393
938.0 0.0002875847258110298
939.0 0.00032351740628655534
940.0 0.0003290400172772934
941.0 0.00033456265100539895
942.0 0.00039294627640629187
943.0 0.00045132987906981725
944.0 0.00037479373986570863
945.0 0.00029825762339896755
946.0 0.0003261936626586248
947.0 0.00035412967918091454
948.0 0.0004459865522221662
949.0 0.0005378435616876232
950.0 0.0005298994892655173
951.0 0.0005219554168434115
952.0 0.0007168013326008804
953.0 0.0009116473847825546
954.0 0.001162095031759236
955.0 0.001412542951584328
956.0 0.0014947559066058602
957.0 0.0015769688616273925
958.0 0.0017201689843204804
959.0 0.001863369470811449
960.0 0.001997343497350812
961.0 0.0021313177057891153
962.0 0.0022974107196205296
963.0 0.002463503915350884
964.0 0.002495620537956711
965.0 0.0025277366148657165
966.0 0.0025009852834045887
967.0 0.002474234133842401
968.0 0.002471010338922497
969.0 0.002467786725901533
970.0 0.002578809107944835
971.0 0.0026898316718870774
972.0 0.0027119771402794868
973.0 0.002734122426772956
974.0 0.0029007604098296724
975.0 0.0030673982109874487
976.0 0.003161146378261037
977.0 0.003254894181736745
978.0 0.003138097599730827
979.0 0.0030213008358259685
980.0 0.0029390332201728597
981.0 0.002856765604519751
982.0 0.0029214705136837438
983.0 0.002986175604746677
984.0 0.0029283886760822497
985.0 0.0028706017474178225
986.0 0.0027954498364124447
987.0 0.002720297925407067
988.0 0.0025653203920228407
989.0 0.0024103430405375548
990.0 0.002434136695228517
991.0 0.0024579305318184197
992.0 0.0024928374841692857
993.0 0.0025277448003180325
994.0 0.0025945211746147834
995.0 0.0026612971851136535
996.0 0.0027342319299350493
997.0 0.0028071664928575046
998.0 0.002929550646513235
999.0 0.0030519349820679054
1000.0 0.0032260642910841852
1001.0 0.0034001932363025844
1002.0 0.003598700641305186
1003.0 0.0037972080463077873
1004.0 0.003915251727448776
1005.0 0.004033295044791885
1006.0 0.004213369174976833
1007.0 0.004393443305161782
1008.0 0.004310737858759239
1009.0 0.004228032412356697
1010.0 0.00422578705183696
1011.0 0.004223541691317223
1012.0 0.0041667990444693714
1013.0 0.004110056033823639
1014.0 0.0038581001717830077
1015.0 0.0036061439459444955
1016.0 0.0034393375244690105
1017.0 0.0032725314667914063
1018.0 0.0028863716579508036
1019.0 0.0025002122129080817
1020.0 0.0021463356461026706
1021.0 0.0017924592611961998
1022.0 0.0015753026673337445
1023.0 0.0013581458915723488
1024.0 0.0014266576727095526
1025.0 0.0014951696357456967
1026.0 0.0013779773325950373
1027.0 0.0012607846656464972
1028.0 0.001128832718677586
1029.0 0.0009968805898097344
1030.0 0.0009248394235328306
1031.0 0.0008527976206096355
1032.0 0.000847838782647159
1033.0 0.0008428796718362719
1034.0 0.0008142946171574295
1035.0 0.0007857093805796467
1036.0 0.0008621909728390165
1037.0 0.0009386723831994459
1038.0 0.0008171434274117928
1039.0 0.0006956145625736099
1040.0 0.0007481557076971512
1041.0 0.0008006968528206926
1042.0 0.0009474509170104284
1043.0 0.0010942047083517537
1044.0 0.000945398733165348
1045.0 0.0007965930308273528
1046.0 0.0008169178727257531
1047.0 0.0008372430784220342
1048.0 0.0007140721208998002
1049.0 0.0005909013452765066
1050.0 0.0005907385457248893
1051.0 0.0005905757006985368
1052.0 0.0009181606401398312
1053.0 0.0012457449884095695
1054.0 0.0009615165254217573
1055.0 0.0006772879714844748
1056.0 0.000825775077828439
1057.0 0.0009742623660713434
1058.0 0.0008611407793068793
1059.0 0.0007480195108655607
1060.0 0.0011023719707736745
1061.0 0.0014567239304597024
1062.0 0.0015867619367782027
1063.0 0.0017167998521472327
1064.0 0.0011755956620618235
1065.0 0.0006343911081785336
1066.0 0.0010597428627079353
1067.0 0.0014850945262878668
1068.0 0.0017593736629351042
1069.0 0.002033652344834991
1070.0 0.0015001302017481066
1071.0 0.0009666081496106926
1072.0 0.0012855885870521888
1073.0 0.0016045689335442148
1074.0 0.002227303230029065
1075.0 0.002850037344614975
1076.0 0.0029223279852885753
1077.0 0.0029946186259621754
1078.0 0.003532211121637374
1079.0 0.004069804344908334
1080.0 0.004163585981586948
1081.0 0.004257367254467681
1082.0 0.004127255670027807
1083.0 0.003997144085587934
1084.0 0.004536394408205524
1085.0 0.005075644367025234
1086.0 0.004969370274920948
1087.0 0.004863096546614543
1088.0 0.004804721538675949
1089.0 0.004746346530737355
1090.0 0.004638399695977569
1091.0 0.004530452497419901
1092.0 0.003931668106815778
1093.0 0.0033328833524137735
1094.0 0.0040477520087733865
1095.0 0.00476262102893088
1096.0 0.003614591696532443
1097.0 0.0024665625460329466
1098.0 0.0018724176698015071
1099.0 0.001278272884519538
1100.0 0.0013585272427008022
1101.0 0.0014387813280336559
