lsstCam/transmission_filter_detector/r13_s20/r_57/19700101T000000.ecsv
# %ECSV 1.0
# ---
# datatype:
# - {name: wavelength, unit: nm, datatype: float32}
# - {name: efficiency, unit: '%', datatype: float64}
# meta: !!omap
# - {MODE: DETECTOR}
# - {TYPE: transmission_filter_detector}
# - {CALIBDATE: '1970-01-01T00:00:00'}
# - {INSTRUME: LSSTCam}
# - {OBSTYPE: transmission_filter_detector}
# - {CALIBCLS: lsst.ip.isr.IntermediateFilterDetectorTransmissionCurve}
# - {SOURCE: Materion (DM-46256)}
# - {DETECTOR: 60}
# - {FILTER: r_57}
# - {CALIB_ID: 'calibDate=1970-01-01T00:00:00 filter=r_57 detector=60'}
# - {DATE: '2025-04-02T15:59:44.461403'}
# - {CALIB_CREATION_DATE: '2025-04-02'}
# - {CALIB_CREATION_TIME: '15:59:44'}
# - __serialized_columns__:
#     efficiency:
#       __class__: astropy.units.quantity.Quantity
#       unit: !astropy.units.Unit {unit: '%'}
#       value: !astropy.table.SerializedColumn {name: efficiency}
#     wavelength:
#       __class__: astropy.units.quantity.Quantity
#       unit: !astropy.units.Unit {unit: nm}
#       value: !astropy.table.SerializedColumn {name: wavelength}
# schema: astropy-2.0
wavelength efficiency
300.0 0.0016936992324190214
301.0 0.004964489198755473
302.0 0.008235279528889805
303.0 0.010113598546013236
304.0 0.011991917563136667
305.0 0.010731500515248626
306.0 0.009471084922552109
307.0 0.008287394302897155
308.0 0.007103703683242202
309.0 0.006474781548604369
310.0 0.005845860505360179
311.0 0.005187056376598775
312.0 0.004528252611635253
313.0 0.003935990753234364
314.0 0.0033437288948334754
315.0 0.0031042425689520314
316.0 0.0028647553335758857
317.0 0.0028084488803870045
318.0 0.002752142427198123
319.0 0.0028484513677540235
320.0 0.002944760308309924
321.0 0.0027430278350948356
322.0 0.0025412949980818667
323.0 0.0023980896003195085
324.0 0.0022548843844560906
325.0 0.002112346192006953
326.0 0.001969808363355696
327.0 0.0020636693079723045
328.0 0.002157530252588913
329.0 0.002252110789413564
330.0 0.0023466911443392746
331.0 0.0022492096832138486
332.0 0.002151728403987363
333.0 0.0020321787815191783
334.0 0.0019126291590509936
335.0 0.0015938334399834275
336.0 0.0012750379028148018
337.0 0.0011863503459608182
338.0 0.0010976626981573645
339.0 0.0010253551408823114
340.0 0.0009530476745567285
341.0 0.0008431336027570069
342.0 0.0007332195309572853
343.0 0.0007305709459615173
344.0 0.0007279224973899545
345.0 0.0007180971351772314
346.0 0.0007082719093887135
347.0 0.0006800073606427759
348.0 0.0006517427209473681
349.0 0.0006956758170417743
350.0 0.005532838258659467
351.0 0.005522502033272758
352.0 0.00551216617168393
353.0 0.0052561423217412084
354.0 0.005000119199394248
355.0 0.005240607424639165
356.0 0.0054810967412777245
357.0 0.006863457383587956
358.0 0.008245819481089711
359.0 0.006154908624012023
360.0 0.0040639974031364545
361.0 0.002691472036531195
362.0 0.0013189464880269952
363.0 0.002480444709362928
364.0 0.00364194274879992
365.0 0.003976439620601013
366.0 0.004310936856199987
367.0 0.003435143662500195
368.0 0.002559350286901463
369.0 0.0019455434085102752
370.0 0.0013317365301190875
371.0 0.0017076999938581139
372.0 0.0020836636394960806
373.0 0.002666951513674576
374.0 0.003250239387853071
375.0 0.002874435995181557
376.0 0.002498632966307923
377.0 0.0009448660421185195
378.0 1.585112575051839e-10
379.0 0.0005174299985810649
380.0 0.0016437608792330138
381.0 0.0024174356440198608
382.0 0.0031911109545035288
383.0 0.0032656738767400384
384.0 0.003340236798976548
385.0 0.004138789881835692
386.0 0.004937342237099074
387.0 0.00464747536170762
388.0 0.004357608486316167
389.0 0.003600107811507769
390.0 0.0028426062272046693
391.0 0.0021185387595323846
392.0 0.00139447138280957
393.0 0.0013144170225132257
394.0 0.0012343622984190006
395.0 0.0008912474186217878
396.0 0.0005481326752487803
397.0 0.0005652354502672097
398.0 0.0005823385890835198
399.0 0.0005793120180896949
400.0 0.0005762850378232542
401.0 0.0001638088861000142
402.0 1.585112575051839e-10
403.0 1.585112575051839e-10
404.0 0.00022877868559589842
405.0 0.0006796110028517433
406.0 0.001130443069996545
407.0 0.0017160986317321658
408.0 0.0023017537387204356
409.0 0.0018052043742500246
410.0 0.0013086548278806731
411.0 0.000917999932426028
412.0 0.0005273450369713828
413.0 0.0005815349595650332
414.0 0.0006357248821586836
415.0 0.0006269381174206501
416.0 0.0006181516710057622
417.0 0.0012763293852913193
418.0 0.0019345074179000221
419.0 0.0023010134100331925
420.0 0.002667519584065303
421.0 0.003932366598746739
422.0 0.0051972136134281754
423.0 0.007973772881086916
424.0 0.010750331421149895
425.0 0.014746988017577678
426.0 0.018743640976026654
427.0 0.019503285875543952
428.0 0.020262935140635818
429.0 0.015504584007430822
430.0 0.010746232874225825
431.0 0.007651757914572954
432.0 0.0045572814997285604
433.0 0.0035847362596541643
434.0 0.002612191019579768
435.0 0.0021296618797350675
436.0 0.0016471325579914264
437.0 0.001370892732666107
438.0 0.0010946530892397277
439.0 0.0009270780537917744
440.0 0.0007595030638185563
441.0 0.001095306834031362
442.0 0.0014311105587694328
443.0 0.0017450362065574154
444.0 0.002058961945294868
445.0 0.0019924846128560603
446.0 0.0019260072804172523
447.0 0.0016727544789318927
448.0 0.0014195018593454733
449.0 0.0012754574527207296
450.0 0.0011314125003991649
451.0 0.0012650694770854898
452.0 0.0013987264537718147
453.0 0.0014434057447942905
454.0 0.0014880850358167663
455.0 0.0013230608601588756
456.0 0.0011580370482988656
457.0 0.0008376810001209378
458.0 0.0005173252247914206
459.0 0.0007204946996353101
460.0 0.0009236640835297294
461.0 0.0015579355022055097
462.0 0.002192206375184469
463.0 0.002754728302534204
464.0 0.003317250229883939
465.0 0.004350708331912756
466.0 0.005384166797739454
467.0 0.0060374073655111715
468.0 0.0066906490246765316
469.0 0.005759881969424896
470.0 0.004829116733162664
471.0 0.003677849963423796
472.0 0.0025265830117859878
473.0 0.0021372357878135517
474.0 0.0017478880181442946
475.0 0.0014224247934180312
476.0 0.001096961750590708
477.0 0.0008844231160765048
478.0 0.0006718843451380963
479.0 0.0008971847819339018
480.0 0.0011224849004065618
481.0 0.0008504454854119103
482.0 0.0005784062523161992
483.0 0.0005998549113428453
484.0 0.0006213034339452861
485.0 0.0005687433713319479
486.0 0.0005161831722944044
487.0 0.0005389867510530166
488.0 0.0005617902843368938
489.0 0.0005443828285933705
490.0 0.0005269754183245823
491.0 0.0006759536972822389
492.0 0.0008249319762398954
493.0 0.0009602932550478727
494.0 0.00109565462480532
495.0 0.00093122589532868
496.0 0.0007667970749025699
497.0 0.0009869016139418818
498.0 0.0012070058801327832
499.0 0.0012328109733061865
500.0 0.0012586162483785301
501.0 0.0014119836123427376
502.0 0.0015653511582058854
503.0 0.0018856619135476649
504.0 0.0022059726688894443
505.0 0.002682741978787817
506.0 0.00315951147058513
507.0 0.003785661465371959
508.0 0.004411811460158788
509.0 0.004933878153678961
510.0 0.005455943392007612
511.0 0.004839477696805261
512.0 0.00422301163780503
513.0 0.003628716876846738
514.0 0.003034421933989506
515.0 0.0028771055440302007
516.0 0.0027197893359698355
517.0 0.0024531986127840355
518.0 0.002186607707699295
519.0 0.06048931390978396
520.0 0.0538704392965883
521.0 0.12595572043210268
522.0 0.12008193880319595
523.0 0.04963885294273496
524.0 0.12560366885736585
525.0 0.1065291347913444
526.0 0.1388967502862215
527.0 0.15618064207956195
528.0 0.0723029428627342
529.0 0.15076942509040236
530.0 0.11536655947566032
531.0 0.16349735669791698
532.0 0.15948296058923006
533.0 0.2761566312983632
534.0 0.23875967599451542
535.0 0.371628999710083
536.0 0.5098870489746332
537.0 0.6565848831087351
538.0 1.0250074788928032
539.0 1.5518107451498508
540.0 2.6224812492728233
541.0 4.07041572034359
542.0 5.97483292222023
543.0 8.626212924718857
544.0 11.923397332429886
545.0 15.525469183921814
546.0 19.93802636861801
547.0 25.418713688850403
548.0 32.68900811672211
549.0 40.288907289505005
550.0 47.49913513660431
551.0 55.27228116989136
552.0 61.43065690994263
553.0 67.14098453521729
554.0 71.87694907188416
555.0 76.21027827262878
556.0 80.33047914505005
557.0 83.44618082046509
558.0 86.74478530883789
559.0 90.1974618434906
560.0 91.32823944091797
561.0 93.40788125991821
562.0 94.31556463241577
563.0 94.15010213851929
564.0 94.73814368247986
565.0 94.91683840751648
566.0 95.37193775177002
567.0 94.839608669281
568.0 94.84369158744812
569.0 95.90785503387451
570.0 95.06906867027283
571.0 96.12667560577393
572.0 96.16120457649231
573.0 95.84007263183594
574.0 96.59173488616943
575.0 96.27206325531006
576.0 96.82261347770691
577.0 96.81040644645691
578.0 96.46010994911194
579.0 96.30809426307678
580.0 95.93038558959961
581.0 95.85263729095459
582.0 95.9995985031128
583.0 96.00722193717957
584.0 95.58565020561218
585.0 95.81020474433899
586.0 96.08206748962402
587.0 95.77994346618652
588.0 95.85228562355042
589.0 96.5995728969574
590.0 95.87762355804443
591.0 95.48047184944153
592.0 95.39893865585327
593.0 95.15306353569031
594.0 95.69522142410278
595.0 96.05483412742615
596.0 96.30458354949951
597.0 96.5785562992096
598.0 96.18679285049438
599.0 96.22195363044739
600.0 96.27891182899475
601.0 95.56859135627747
602.0 96.2274968624115
603.0 95.87715864181519
604.0 95.70518732070923
605.0 96.26054763793945
606.0 95.76618671417236
607.0 95.62402367591858
608.0 95.82464694976807
609.0 95.06528377532959
610.0 95.29808759689331
611.0 95.22658586502075
612.0 95.3575611114502
613.0 96.25573754310608
614.0 96.31314873695374
615.0 95.8182156085968
616.0 95.61875462532043
617.0 95.77226042747498
618.0 95.72476148605347
619.0 96.54781222343445
620.0 95.64892649650574
621.0 94.99167203903198
622.0 96.19477391242981
623.0 96.02707028388977
624.0 95.87458968162537
625.0 96.32094502449036
626.0 95.69241404533386
627.0 94.5379376411438
628.0 96.60858511924744
629.0 95.0347900390625
630.0 95.61641812324524
631.0 95.66470384597778
632.0 96.3345468044281
633.0 95.93935012817383
634.0 95.29781937599182
635.0 95.7781195640564
636.0 95.75510621070862
637.0 95.04458904266357
638.0 95.09316086769104
639.0 95.10976076126099
640.0 95.11753916740417
641.0 94.92257237434387
642.0 95.64938545227051
643.0 95.35760879516602
644.0 95.1945960521698
645.0 95.65823078155518
646.0 95.54444551467896
647.0 96.88863754272461
648.0 96.00435495376587
649.0 95.47077417373657
650.0 96.0461974143982
651.0 96.32723927497864
652.0 96.50216698646545
653.0 95.48436403274536
654.0 95.98073363304138
655.0 96.02303504943848
656.0 95.15054225921631
657.0 95.47339081764221
658.0 95.62973976135254
659.0 96.08659148216248
660.0 95.19715905189514
661.0 95.34370303153992
662.0 95.37221789360046
663.0 95.47597765922546
664.0 95.18218040466309
665.0 94.79353427886963
666.0 95.02357840538025
667.0 95.40897607803345
668.0 94.76643800735474
669.0 95.23769617080688
670.0 95.25787830352783
671.0 95.30354738235474
672.0 95.22213339805603
673.0 95.14521360397339
674.0 94.44801211357117
675.0 95.24208307266235
676.0 94.51931118965149
677.0 93.55268478393555
678.0 93.0112898349762
679.0 91.79636240005493
680.0 91.02125763893127
681.0 89.92184400558472
682.0 87.5357449054718
683.0 84.95175838470459
684.0 81.25020861625671
685.0 77.76387333869934
686.0 74.07459020614624
687.0 69.14768815040588
688.0 64.6170437335968
689.0 59.934788942337036
690.0 54.64197397232056
691.0 50.50751566886902
692.0 45.632463693618774
693.0 41.42042696475983
694.0 36.63880228996277
695.0 31.58532679080963
696.0 26.401761174201965
697.0 21.42638862133026
698.0 15.868927538394928
699.0 11.571992933750153
700.0 8.12455639243126
701.0 5.1551613956689835
702.0 3.181815519928932
703.0 1.8637379631400108
704.0 1.1025487445294857
705.0 0.6392418872565031
706.0 0.3841139143332839
707.0 0.29473307076841593
708.0 0.1524971448816359
709.0 0.15037653502076864
710.0 0.07144547416828573
711.0 0.11214448604732752
712.0 0.05123437149450183
713.0 0.06423717713914812
714.0 0.06654186290688813
715.0 0.04868755058851093
716.0 0.032583114807493985
717.0 1.585112575051839e-10
718.0 0.03453651734162122
719.0 0.05500632105395198
720.0 1.585112575051839e-10
721.0 0.004505051765590906
722.0 0.004244932279107161
723.0 0.003984812792623416
724.0 0.0036778015783056617
725.0 0.0033707903639879078
726.0 0.0031040828616824
727.0 0.002837375723174773
728.0 0.002739625415415503
729.0 0.002641875107656233
730.0 0.0024286080588353798
731.0 0.0022153415557113476
732.0 0.0022113119484856725
733.0 0.0022072823412599973
734.0 0.002106495412590448
735.0 0.0020057084839208983
736.0 0.001828554377425462
737.0 0.0016514000890310854
738.0 0.0016428777598775923
739.0 0.0016343554307240993
740.0 0.0016369369404856116
741.0 0.0016395186321460642
742.0 0.0014741143786523025
743.0 0.001308710216108011
744.0 0.0013782317182631232
745.0 0.0014477528566203546
746.0 0.001415301812812686
747.0 0.0013828507690050174
748.0 0.001215145857713651
749.0 0.0010474409464222845
750.0 0.0010387227121100295
751.0 0.001030004659696715
752.0 0.0011079646355938166
753.0 0.001185924429591978
754.0 0.0011801632354035974
755.0 0.001174402223114157
756.0 0.0011327402717142832
757.0 0.0010910779565165285
758.0 0.001123370384448208
759.0 0.001155662630480947
760.0 0.001137813706009183
761.0 0.0011199651453353
762.0 0.001110726771003101
763.0 0.0011014887604687829
764.0 0.0010717239092628006
765.0 0.0010419593309052289
766.0 0.0008403956599067897
767.0 0.0006388321253325557
768.0 0.0006589073564100545
769.0 0.0006789825874875532
770.0 0.0007853326678741723
771.0 0.000891683066583937
772.0 0.0008024423550523352
773.0 0.000713201461621793
774.0 0.0008271017577499151
775.0 0.0009410018719790969
776.0 0.000887882288225228
777.0 0.000834762704471359
778.0 0.0008425157830060925
779.0 0.0008502690434397664
780.0 0.0007673002983210608
781.0 0.0006843315532023553
782.0 0.0007813456250005402
783.0 0.0008783597877481952
784.0 0.0009096796929952689
785.0 0.0009409994163434021
786.0 0.0007918374649307225
787.0 0.0006426756499422481
788.0 0.0006674247288174229
789.0 0.000692173989591538
790.0 0.0007386423476418713
791.0 0.0007851105692679994
792.0 0.0007745348739263136
793.0 0.0007639591785846278
794.0 0.0008196891940315254
795.0 0.0008754188456805423
796.0 0.0007208803708635969
797.0 0.0005663418505719164
798.0 0.0007220299721666379
799.0 0.0008777180482866243
800.0 0.0007971454579092097
801.0 0.0007165726856328547
802.0 0.0006650484010606306
803.0 0.0006135238436399959
804.0 0.0007145702966226963
805.0 0.0008156167496053968
806.0 0.0007127785011107335
807.0 0.0006099402071413351
808.0 0.0007503837878175545
809.0 0.0008908273230190389
810.0 0.0007744125468889251
811.0 0.0006579979071830167
812.0 0.00067956316343043
813.0 0.0007011283287283732
814.0 0.0005912615506531438
815.0 0.0004813947271031793
816.0 0.0006296618721535197
817.0 0.0007779291081533302
818.0 0.0007083968739607371
819.0 0.0006388646852428792
820.0 0.0004747611455968581
821.0 0.000310657605950837
822.0 0.00039229630601766985
823.0 0.00047393514250870794
824.0 0.0004878598247159971
825.0 0.0005017845978727564
826.0 0.0005496457106346497
827.0 0.0005975068688712781
828.0 0.0004762296157423407
829.0 0.0003549523398760357
830.0 0.00020631364350265358
831.0 5.7674952813613345e-05
832.0 4.1717265730767394e-05
833.0 2.5759572963579558e-05
834.0 1.585112575051839e-10
835.0 1.585112575051839e-10
836.0 0.00022244989850150887
837.0 0.0005385109943745192
838.0 0.0006936174031579867
839.0 0.0008487239028909244
840.0 0.0011780314707721118
841.0 0.0015073390386532992
842.0 0.0019265424270997755
843.0 0.002345745997445192
844.0 0.002167119237128645
845.0 0.0019884926587110385
846.0 0.0017353684597765096
847.0 0.0014822438970440999
848.0 0.0014480417121376377
849.0 0.001413839345332235
850.0 0.0013114876310282853
851.0 0.0012091360986232758
852.0 0.0011728423487511463
853.0 0.0011365484169800766
854.0 0.0009716410204418935
855.0 0.00080673344200477
856.0 0.0006355897767207352
857.0 0.0004644462478609057
858.0 0.0005848515684192535
859.0 0.0007052568435028661
860.0 0.0005369572591007454
861.0 0.0003686576519612572
862.0 0.0003924414613720728
863.0 0.00041622524804552086
864.0 0.00029070481559756445
865.0 0.00016518446273039444
866.0 0.00011257862979618949
867.0 5.997277412461699e-05
868.0 0.00013776744935967145
869.0 0.00021556209048867458
870.0 8.380889653381018e-05
871.0 1.585112575051839e-10
872.0 1.585112575051839e-10
873.0 1.585112575051839e-10
874.0 1.585112575051839e-10
875.0 1.585112575051839e-10
876.0 1.585112575051839e-10
877.0 1.585112575051839e-10
878.0 0.00013256808415462729
879.0 0.00026539905775280204
880.0 0.00018780777963911532
881.0 0.0001102164674193773
882.0 0.000111144186121237
883.0 0.00011207195029783179
884.0 1.2350700728802622e-05
885.0 1.585112575051839e-10
886.0 2.0027352221063666e-06
887.0 9.137600045505678e-05
888.0 0.00016625075431875302
889.0 0.00024112550818244927
890.0 0.00020640438833652297
891.0 0.0001716832571219129
892.0 1.7512535066543933e-05
893.0 1.585112575051839e-10
894.0 1.585112575051839e-10
895.0 7.994603379302134e-05
896.0 5.8118206425206154e-05
897.0 3.629043021646794e-05
898.0 5.057252110418631e-05
899.0 6.485460630756279e-05
900.0 1.4080262644711183e-05
901.0 1.585112575051839e-10
