lsstCam/transmission_filter_detector/r03_s21/z_20/19700101T000000.ecsv
# %ECSV 1.0
# ---
# datatype:
# - {name: wavelength, unit: nm, datatype: float32}
# - {name: efficiency, unit: '%', datatype: float64}
# meta: !!omap
# - {MODE: DETECTOR}
# - {TYPE: transmission_filter_detector}
# - {CALIBDATE: '1970-01-01T00:00:00'}
# - {INSTRUME: LSSTCam}
# - {OBSTYPE: transmission_filter_detector}
# - {CALIBCLS: lsst.ip.isr.IntermediateFilterDetectorTransmissionCurve}
# - {SOURCE: Materion (DM-46256)}
# - {DETECTOR: 25}
# - {FILTER: z_20}
# - {CALIB_ID: 'calibDate=1970-01-01T00:00:00 filter=z_20 detector=25'}
# - {DATE: '2025-04-02T15:59:48.750611'}
# - {CALIB_CREATION_DATE: '2025-04-02'}
# - {CALIB_CREATION_TIME: '15:59:48'}
# - __serialized_columns__:
#     efficiency:
#       __class__: astropy.units.quantity.Quantity
#       unit: !astropy.units.Unit {unit: '%'}
#       value: !astropy.table.SerializedColumn {name: efficiency}
#     wavelength:
#       __class__: astropy.units.quantity.Quantity
#       unit: !astropy.units.Unit {unit: nm}
#       value: !astropy.table.SerializedColumn {name: wavelength}
# schema: astropy-2.0
wavelength efficiency
300.0 0.8758809417486191
301.0 0.5918520037084818
302.0 0.3078231355175376
303.0 0.298866699449718
304.0 0.2899102633818984
305.0 0.24391042534261942
306.0 0.19791056402027607
307.0 0.1830533961765468
308.0 0.1681962050497532
309.0 0.1472676289267838
310.0 0.12633902952075005
311.0 0.1263519749045372
312.0 0.12636494357138872
313.0 0.11188199277967215
314.0 0.09739905362948775
315.0 0.09640692733228207
316.0 0.09541480685584247
317.0 0.07953476742841303
318.0 0.06365474546328187
319.0 0.06352990167215466
320.0 0.06340505206026137
321.0 0.06337299710139632
322.0 0.06334095378406346
323.0 0.05473446217365563
324.0 0.04612797638401389
325.0 0.043172683217562735
326.0 0.04021738714072853
327.0 0.03919097071047872
328.0 0.03816455428022891
329.0 0.03391163481865078
330.0 0.02965871535707265
331.0 0.026961450930684805
332.0 0.024264189414680004
333.0 0.023488829901907593
334.0 0.022713466023560613
335.0 0.02153805980924517
336.0 0.02036265650531277
337.0 0.024599232710897923
338.0 0.02883580164052546
339.0 0.024569907691329718
340.0 0.02030402101809159
341.0 0.017093094356823713
342.0 0.013882167695555836
343.0 0.013663835125043988
344.0 0.013445504009723663
345.0 0.012602948118001223
346.0 0.011760395136661828
347.0 0.01119589142035693
348.0 0.010631391342030838
349.0 0.013308157213032246
350.0 0.01598492235643789
351.0 0.013308679626788944
352.0 0.010632432531565428
353.0 0.01108821015805006
354.0 0.011543987784534693
355.0 0.009928142389981076
356.0 0.008312297723023221
357.0 0.009353286441182718
358.0 0.01039427806972526
359.0 0.01006441016215831
360.0 0.009734540071804076
361.0 0.008787784463493153
362.0 0.007841031765565276
363.0 0.009134421998169273
364.0 0.010427811503177509
365.0 0.01013578221318312
366.0 0.009843755105976015
367.0 0.00869728610268794
368.0 0.007550816371804103
369.0 0.007974007166922092
370.0 0.008397197962040082
371.0 0.008323584916070104
372.0 0.008249972597695887
373.0 0.007174918573582545
374.0 0.006099865640862845
375.0 0.006439771823352203
376.0 0.0067796769144479185
377.0 0.007106603152351454
378.0 0.007433527207467705
379.0 0.0062376566347666085
380.0 0.005041786062065512
381.0 0.0031822335586184636
382.0 0.0013226810551714152
383.0 0.003549642497091554
384.0 0.005776603939011693
385.0 0.005520636841538362
386.0 0.005264670107862912
387.0 0.005919435716350563
388.0 0.006574201688636094
389.0 0.005807288471260108
390.0 0.005040376345277764
391.0 0.004659427213482559
392.0 0.0042784780816873536
393.0 0.00474975495308172
394.0 0.005221032552071847
395.0 0.004323754910728894
396.0 0.0034264769055880606
397.0 0.003615391324274242
398.0 0.003804305015364662
399.0 0.004017895844299346
400.0 0.004231485945638269
401.0 0.004569811426335946
402.0 0.004908136907033622
403.0 0.004875220838584937
404.0 0.004842305133934133
405.0 0.004002521382062696
406.0 0.0031627383577870205
407.0 0.0017858046703622676
408.0 0.00040887152863433585
409.0 0.001969069126062095
410.0 0.0035292672691866755
411.0 0.004160792741458863
412.0 0.00479231784993317
413.0 0.004686838292400353
414.0 0.004581358371069655
415.0 0.003813127113971859
416.0 0.0030448962206719443
417.0 0.0039923434087540954
418.0 0.004939790960634127
419.0 0.004416601950651966
420.0 0.0038934136682655662
421.0 0.0038733865949325264
422.0 0.003853360249195248
423.0 0.0035713863326236606
424.0 0.0032894135074457154
425.0 0.0024827340894262306
426.0 0.0016760550352046266
427.0 0.0018141739928978495
428.0 0.0019522929505910724
429.0 0.0012197168871352915
430.0 0.00048714100557845086
431.0 0.0006878965905343648
432.0 0.0008886520845408086
433.0 0.0007497897513530916
434.0 0.0006109275545895798
435.0 0.0011544120752660092
436.0 0.0016978965504677035
437.0 0.0019341054212418385
438.0 0.002170314473914914
439.0 0.00218362965824781
440.0 0.002196944842580706
441.0 0.0015999092283891514
442.0 0.001002873705147067
443.0 0.00221993414015742
444.0 0.0034369946661172435
445.0 0.003355559238116257
446.0 0.003274124173913151
447.0 0.002549108467064798
448.0 0.0018240927602164447
449.0 0.0025609193471609615
450.0 0.003297746297903359
451.0 0.0025644876586738974
452.0 0.0018312286556465551
453.0 0.0016889111066120677
454.0 0.0015465935575775802
455.0 0.0023128090106183663
456.0 0.0030790244636591524
457.0 0.002243300332338549
458.0 0.0014075762919674162
459.0 0.0015598247046000324
460.0 0.0017120730262831785
461.0 0.0008469754902762361
462.0 1.629434109341743e-10
463.0 0.0009442866939934902
464.0 0.001906695615616627
465.0 0.0022106671167421155
466.0 0.0025146389816654846
467.0 0.0021741880118497647
468.0 0.0018337364963372238
469.0 0.0016620953829260543
470.0 0.0014904540876159444
471.0 0.00136159378598677
472.0 0.001232733757206006
473.0 0.0011925751095986925
474.0 0.001152416461991379
475.0 0.0010536134141148068
476.0 0.0009548102752887644
477.0 0.001263320791622391
478.0 0.0015718309441581368
479.0 0.0019534241801011376
480.0 0.002335017234145198
481.0 0.0018806395019055344
482.0 0.0014262615877669305
483.0 0.0009488357136433478
484.0 0.0004714098849945003
485.0 0.0013415940884442534
486.0 0.0022117783373687416
487.0 0.0014913294762664009
488.0 0.00077088052421459
489.0 0.0015705343685112894
490.0 0.0023701884856563993
491.0 0.0022728338080924004
492.0 0.0021754789486294612
493.0 0.002056846278719604
494.0 0.0019382137907086872
495.0 0.0016789717847132124
496.0 0.0014197298696672078
497.0 0.0012537328075268306
498.0 0.001087736109184334
499.0 0.0012385587069729809
500.0 0.0013893813047616277
501.0 0.000903385353012709
502.0 0.00041738917389011476
503.0 0.0011935677321162075
504.0 0.001969746153918095
505.0 0.0021902669686824083
506.0 0.0024107877834467217
507.0 0.0022628219085163437
508.0 0.002114855669788085
509.0 0.0018604550859890878
510.0 0.001606054684089031
511.0 0.001250309833267238
512.0 0.0008945650733949151
513.0 0.0013058181139058433
514.0 0.0017170716091641225
515.0 0.0013588013644039165
516.0 0.001000531847239472
517.0 0.0009479535947320983
518.0 0.0008953754331741948
519.0 0.0010779033800645266
520.0 0.0012604308722075075
521.0 0.001641133894736413
522.0 0.002021836735366378
523.0 0.0013347729691304266
524.0 0.0006477091574197402
525.0 0.0006998396656854311
526.0 0.0007519704013247974
527.0 0.0011291993359918706
528.0 0.0015064284525578842
529.0 0.0012720666745735798
530.0 0.0010377042599429842
531.0 0.0011538263606780674
532.0 0.0012699484614131507
533.0 0.0009257213605451398
534.0 0.000581494350626599
535.0 0.0010944045243377332
536.0 0.0016073148799478076
537.0 0.00162816395459231
538.0 0.0016490130292368121
539.0 0.0011990687198704109
540.0 0.0007491240467061289
541.0 0.0008211636668420397
542.0 0.0008932034688768908
543.0 0.0012999832506466191
544.0 0.0017067630324163474
545.0 0.0011222128705412615
546.0 0.0005376628450903809
547.0 0.0012101108040951658
548.0 0.001882558353827335
549.0 0.0016671274352120236
550.0 0.0014516963346977718
551.0 0.0014766783351660706
552.0 0.0015016599718364887
553.0 0.0012926686395076104
554.0 0.0010836769433808513
555.0 0.0009943305485649034
556.0 0.0009049843356478959
557.0 0.0013646046681969892
558.0 0.0018242250007460825
559.0 0.001833456008171197
560.0 0.0018426864698994905
561.0 0.0015930725567159243
562.0 0.0013434586435323581
563.0 0.0011315530173305888
564.0 0.0009196473001793493
565.0 0.0016872993001015857
566.0 0.0024549515728722326
567.0 0.0027935562684433535
568.0 0.003132160782115534
569.0 0.002933893665613141
570.0 0.002735626549110748
571.0 0.002636472345329821
572.0 0.0025373175958520733
573.0 0.0020446210328373127
574.0 0.0015519242879236117
575.0 0.001993754631257616
576.0 0.002435584428894799
577.0 0.0019839957531075925
578.0 0.0015324074411182664
579.0 0.001716925180517137
580.0 0.001901442556118127
581.0 0.0017147694961749949
582.0 0.001528096072433982
583.0 0.001950928162841592
584.0 0.0023737604351481423
585.0 0.0025227800506399944
586.0 0.0026717996661318466
587.0 0.002048995884251781
588.0 0.0014261916476243641
589.0 0.0020420569853740744
590.0 0.0026579222321743146
591.0 0.0019137696654070169
592.0 0.0011696169167407788
593.0 0.0009336073162558023
594.0 0.0006975976248213556
595.0 0.0011097482456534635
596.0 0.0015218986845866311
597.0 0.001417896055500023
598.0 0.001313893426413415
599.0 0.0009191410754283424
600.0 0.0005243890427664155
601.0 0.00047129242375376634
602.0 0.0004181956228421768
603.0 0.0009471263183513656
604.0 0.0014760565136384685
605.0 0.0009167215466732159
606.0 0.00035738623864745023
607.0 0.0007831330549379345
608.0 0.0012088798030163161
609.0 0.0011702129995683208
610.0 0.0011315458323224448
611.0 0.000992808236333076
612.0 0.0008540702765458263
613.0 0.0007751263183308765
614.0 0.0006961822691664565
615.0 0.0011939118849113584
616.0 0.0016916417735046707
617.0 0.0021802801711601205
618.0 0.00266891838691663
619.0 0.0021951693270239048
620.0 0.0017214197214343585
621.0 0.0015185525626293384
622.0 0.0013156849490769673
623.0 0.0016133100871229544
624.0 0.0019109351342194714
625.0 0.0016858510207384825
626.0 0.0014607668163080234
627.0 0.0019039365724893287
628.0 0.002347106783417985
629.0 0.002079115620290395
630.0 0.001811124457162805
631.0 0.0016076381143648177
632.0 0.00140415149871842
633.0 0.0017793614460970275
634.0 0.002154571848222986
635.0 0.005155528197064996
636.0 0.008156483818311244
637.0 0.015533379337284714
638.0 0.022910274856258184
639.0 0.019918385078199208
640.0 0.01692649384494871
641.0 0.01467387774027884
642.0 0.012421264545992017
643.0 0.009910437074722722
644.0 0.007399611786240712
645.0 0.006671273149549961
646.0 0.005942934876657091
647.0 0.005469666939461604
648.0 0.0049963990022661164
649.0 0.0041333358240081
650.0 0.0032702730095479637
651.0 0.003581990677048452
652.0 0.0038937083445489407
653.0 0.003182061846018769
654.0 0.0024704149836907163
655.0 0.002798754758259747
656.0 0.0031270952604245394
657.0 0.003018179450009484
658.0 0.002909263457695488
659.0 0.0027675727324094623
660.0 0.002625882189022377
661.0 0.0027812982807517983
662.0 0.0029367143724812195
663.0 0.001994205558730755
664.0 0.0010516968359297607
665.0 0.0015469717254745774
666.0 0.0020422467059688643
667.0 0.0023400849386234768
668.0 0.0026379233531770296
669.0 0.001942053495440632
670.0 0.001246183819603175
671.0 0.0009354764188174158
672.0 0.0006247690180316567
673.0 0.0012878506822744384
674.0 0.0019509327103151008
675.0 0.0020278661395423114
676.0 0.002104799568769522
677.0 0.001895225614134688
678.0 0.0016856512957019731
679.0 0.0014200174518919084
680.0 0.0011543833352334332
681.0 0.0012245612197148148
682.0 0.0012947388313477859
683.0 0.002380942714808043
684.0 0.0034671465982683003
685.0 0.0028272945201024413
686.0 0.002187442805734463
687.0 0.00164931971085025
688.0 0.001111196615966037
689.0 0.001468076152377762
690.0 0.0018249553249916062
691.0 0.002127158222720027
692.0 0.002429360756650567
693.0 0.0027551153834792785
694.0 0.0030808703741058707
695.0 0.0032693100365577266
696.0 0.0034577493352117017
697.0 0.0036538134736474603
698.0 0.003849877612083219
699.0 0.005768993287347257
700.0 0.007688107871217653
701.0 0.007159056258387864
702.0 0.0066300053731538355
703.0 0.0061436650867108256
704.0 0.005657325164065696
705.0 0.005114938903716393
706.0 0.004572553370962851
707.0 0.0043068997911177576
708.0 0.004041245847474784
709.0 0.004161220567766577
710.0 0.004281195651856251
711.0 0.003828273474937305
712.0 0.0033753516618162394
713.0 0.002398822834948078
714.0 0.001422293917130446
715.0 0.002160840085707605
716.0 0.002899386345234234
717.0 0.0024751001546974294
718.0 0.002050813600362744
719.0 0.0016050482372520491
720.0 0.0011592824193940032
721.0 0.001133183377532987
722.0 0.00110708406282356
723.0 0.0009630383829062339
724.0 0.0008189927029889077
725.0 0.0012313475963310339
726.0 0.00164370248967316
727.0 0.0017080134057323448
728.0 0.0017723241398925893
729.0 0.0018119482774636708
730.0 0.0018515725969336927
731.0 0.001407267882314045
732.0 0.0009629632586438674
733.0 0.0009334647074865643
734.0 0.0009039659744303208
735.0 0.0010301304428139701
736.0 0.0011562945473997388
737.0 0.001348489513475215
738.0 0.0015406842067022808
739.0 0.001161567161034327
740.0 0.0007824498425179627
741.0 0.0010215195288765244
742.0 0.0012605889423866756
743.0 0.001649684418225661
744.0 0.0020387795302667655
745.0 0.0013832739568897523
746.0 0.000727768338038004
747.0 0.001252547008334659
748.0 0.0017773258150555193
749.0 0.002345655593671836
750.0 0.002913985554187093
751.0 0.0029171033020247705
752.0 0.0029202212317613885
753.0 0.002863417103071697
754.0 0.0028066129743820056
755.0 0.00187691293831449
756.0 0.000947212720348034
757.0 0.0019039955077460036
758.0 0.0028607781132450327
759.0 0.002658881749084685
760.0 0.0024569850211264566
761.0 0.004376045399112627
762.0 0.006295106140896678
763.0 0.005693992352462374
764.0 0.005092876745038666
765.0 0.005175099067855626
766.0 0.005257321026874706
767.0 0.004433477442944422
768.0 0.003609633495216258
769.0 0.0032406071113655344
770.0 0.002871581273211632
771.0 0.003795461088884622
772.0 0.0047193407226586714
773.0 0.003940632086596452
774.0 0.003161923450534232
775.0 1.629434109341743e-10
776.0 0.008575216634199023
777.0 0.03842152073048055
778.0 0.10139934020116925
779.0 0.041748268995434046
780.0 1.629434109341743e-10
781.0 0.023128425527829677
782.0 1.629434109341743e-10
783.0 1.629434109341743e-10
784.0 1.629434109341743e-10
785.0 1.629434109341743e-10
786.0 0.08080865372903645
787.0 0.1151556964032352
788.0 0.09490990778431296
789.0 0.1525455736555159
790.0 0.05218877922743559
791.0 1.629434109341743e-10
792.0 1.629434109341743e-10
793.0 0.048508262261748314
794.0 0.0825783412437886
795.0 0.03120877663604915
796.0 0.17389500280842185
797.0 1.629434109341743e-10
798.0 0.2345035783946514
799.0 0.3101065754890442
800.0 0.2389520639553666
801.0 0.49234204925596714
802.0 0.9131059981882572
803.0 1.4446293003857136
804.0 2.4563997983932495
805.0 3.796791657805443
806.0 5.47700896859169
807.0 7.644062489271164
808.0 10.12362465262413
809.0 13.155430555343628
810.0 16.452735662460327
811.0 19.64804381132126
812.0 22.679628431797028
813.0 25.89573860168457
814.0 29.721009731292725
815.0 34.373995661735535
816.0 39.96056318283081
817.0 45.91672420501709
818.0 52.37041115760803
819.0 58.758801221847534
820.0 66.65023565292358
821.0 73.99672269821167
822.0 79.53885197639465
823.0 84.35578346252441
824.0 88.89997601509094
825.0 92.9837703704834
826.0 95.17121911048889
827.0 96.71853184700012
828.0 98.85059595108032
829.0 98.83117079734802
830.0 98.44782948493958
831.0 99.34138059616089
832.0 98.64680767059326
833.0 99.42740797996521
834.0 98.1833279132843
835.0 99.02873635292053
836.0 98.93248081207275
837.0 99.19000267982483
838.0 98.0639636516571
839.0 98.2395887374878
840.0 98.95474910736084
841.0 98.87116551399231
842.0 99.28847551345825
843.0 99.40963983535767
844.0 97.9006290435791
845.0 98.45666289329529
846.0 98.59615564346313
847.0 98.31053018569946
848.0 99.98552203178406
849.0 99.03826713562012
850.0 98.38528633117676
851.0 98.85885119438171
852.0 99.58155155181885
853.0 98.4721839427948
854.0 99.75137114524841
855.0 98.57439994812012
856.0 98.67558479309082
857.0 97.93146848678589
858.0 98.64422678947449
859.0 99.30782914161682
860.0 98.81235957145691
861.0 99.01320934295654
862.0 98.86060953140259
863.0 98.03621172904968
864.0 99.38507676124573
865.0 99.50773119926453
866.0 98.74350428581238
867.0 99.0940511226654
868.0 99.67966079711914
869.0 98.8587498664856
870.0 98.34895133972168
871.0 98.81944060325623
872.0 99.26062822341919
873.0 99.27754998207092
874.0 99.80440735816956
875.0 99.14891123771667
876.0 99.33205842971802
877.0 99.65077042579651
878.0 98.92863631248474
879.0 98.68375658988953
880.0 98.87550473213196
881.0 99.89833235740662
882.0 98.79894256591797
883.0 98.86178970336914
884.0 99.04996156692505
885.0 98.66843819618225
886.0 98.63099455833435
887.0 98.45837354660034
888.0 99.03152585029602
889.0 99.87496733665466
890.0 98.33680391311646
891.0 99.60556626319885
892.0 98.8959014415741
893.0 98.60427379608154
894.0 98.2081413269043
895.0 99.54438209533691
896.0 98.86815547943115
