lsstCam/transmission_filter_detector/r03_s21/z_20/19700101T000000.ecsv
# %ECSV 1.0
# ---
# datatype:
# - {name: wavelength, unit: nm, datatype: float32}
# - {name: efficiency, unit: '%', datatype: float64}
# meta: !!omap
# - {MODE: DETECTOR}
# - {TYPE: transmission_filter_detector}
# - {CALIBDATE: '1970-01-01T00:00:00'}
# - {INSTRUME: LSSTCam}
# - {OBSTYPE: transmission_filter_detector}
# - {CALIBCLS: lsst.ip.isr.IntermediateFilterDetectorTransmissionCurve}
# - {SOURCE: Materion (DM-46256)}
# - {DETECTOR: 25}
# - {FILTER: z_20}
# - {CALIB_ID: 'calibDate=1970-01-01T00:00:00 filter=z_20 detector=25'}
# - {DATE: '2025-04-02T15:59:48.750611'}
# - {CALIB_CREATION_DATE: '2025-04-02'}
# - {CALIB_CREATION_TIME: '15:59:48'}
# - __serialized_columns__:
#     efficiency:
#       __class__: astropy.units.quantity.Quantity
#       unit: !astropy.units.Unit {unit: '%'}
#       value: !astropy.table.SerializedColumn {name: efficiency}
#     wavelength:
#       __class__: astropy.units.quantity.Quantity
#       unit: !astropy.units.Unit {unit: nm}
#       value: !astropy.table.SerializedColumn {name: wavelength}
# schema: astropy-2.0
wavelength efficiency
[from data line 598]
898.0 98.89112114906311
899.0 98.55154752731323
900.0 98.7458348274231
901.0 99.20582175254822
902.0 99.0662932395935
903.0 98.68001937866211
904.0 97.69998788833618
905.0 98.64962100982666
906.0 97.98628687858582
907.0 98.62692952156067
908.0 98.25379848480225
909.0 98.3116865158081
910.0 97.88268804550171
911.0 97.06040620803833
912.0 95.5812156200409
913.0 94.40128803253174
914.0 92.03784465789795
915.0 89.84678387641907
916.0 87.73537874221802
917.0 86.20824217796326
918.0 82.72826671600342
919.0 81.62394762039185
920.0 78.42928767204285
921.0 74.6398389339447
922.0 69.9833333492279
923.0 64.25938606262207
924.0 58.71309041976929
925.0 53.2382071018219
926.0 47.174304723739624
927.0 40.08772671222687
928.0 34.3136340379715
929.0 28.091853857040405
930.0 22.422167658805847
931.0 17.29119122028351
932.0 12.001650780439377
933.0 7.867707312107086
934.0 5.0052206963300705
935.0 3.11687421053648
936.0 1.7963223159313202
937.0 1.1321933940052986
938.0 0.6736449897289276
939.0 0.45020184479653835
940.0 0.15146146761253476
941.0 0.15639906050637364
942.0 0.11584433959797025
943.0 0.17602782463654876
944.0 0.14656528364866972
945.0 1.629434109341743e-10
946.0 0.009223915549227968
947.0 0.04958912613801658
948.0 1.629434109341743e-10
949.0 0.043775729136541486
950.0 0.05278126336634159
951.0 1.629434109341743e-10
952.0 0.03514082927722484
953.0 1.629434109341743e-10
954.0 1.629434109341743e-10
955.0 0.0420685246353969
956.0 0.04963588435202837
957.0 0.020633831445593387
958.0 0.04686579923145473
959.0 0.015043390158098191
960.0 0.035511580063030124
961.0 0.03417882544454187
962.0 0.007993209874257445
963.0 0.01929216814460233
964.0 0.014427879068534821
965.0 0.0012186180356366094
966.0 0.02056866360362619
967.0 0.02803977986332029
968.0 1.629434109341743e-10
969.0 0.0053938401833875105
970.0 1.629434109341743e-10
971.0 0.014401547377929091
972.0 1.629434109341743e-10
973.0 0.014074568753130734
974.0 0.015496225387323648
975.0 1.629434109341743e-10
976.0 0.0063548810430802405
977.0 0.00630696231382899
978.0 0.0062590457673650235
979.0 0.006119508179835975
980.0 0.005979968409519643
981.0 0.005796506957267411
982.0 0.005613046596408822
983.0 0.005475355283124372
984.0 0.0053376646974356845
985.0 0.00509631609020289
986.0 0.004854966755374335
987.0 0.004853024074691348
988.0 0.004851081394008361
989.0 0.004721072400570847
990.0 0.004591063770931214
991.0 0.004730561340693384
992.0 0.004870059274253435
993.0 0.0048429559683427215
994.0 0.004815852298634127
995.0 0.004743689714814536
996.0 0.004671527130994946
997.0 0.004491483196034096
998.0 0.004311439624871127
999.0 0.004347434150986373
1000.0 0.0043834286771016195
1001.0 0.0045000826503383
1002.0 0.00461673662357498
1003.0 0.004500774593907408
1004.0 0.004384812564239837
1005.0 0.004262100628693588
1006.0 0.00413938905694522
1007.0 0.0042217347072437406
1008.0 0.0043040803575422615
1009.0 0.00437166090705432
1010.0 0.004439241820364259
1011.0 0.004478869232116267
1012.0 0.004518496643868275
1013.0 0.004384151543490589
1014.0 0.004249806079315022
1015.0 0.004413599526742473
1016.0 0.004577391882776283
1017.0 0.004816592263523489
1018.0 0.005055792644270696
1019.0 0.004874467049376108
1020.0 0.00469314145448152
1021.0 0.004640207771444693
1022.0 0.004587274088407867
1023.0 0.004524516043602489
1024.0 0.0044617576349992305
1025.0 0.00464869117422495
1026.0 0.00483562471345067
1027.0 0.004751999949803576
1028.0 0.004668375549954362
1029.0 0.0046828714403091
1030.0 0.004697367694461718
1031.0 0.004798869485966861
1032.0 0.004900371277472004
1033.0 0.004915580939268693
1034.0 0.004930790964863263
1035.0 0.0051588358473964036
1036.0 0.005386880729929544
1037.0 0.00548803000128828
1038.0 0.005589178908849135
1039.0 0.005466226866701618
1040.0 0.00534327446075622
1041.0 0.005667570076184347
1042.0 0.005991866783006117
1043.0 0.00549166215932928
1044.0 0.0049914578994503245
1045.0 0.005759901978308335
1046.0 0.006528345693368465
1047.0 0.006189377745613456
1048.0 0.005850407978869043
1049.0 0.005955118467682041
1050.0 0.0060598285926971585
1051.0 0.00635746619082056
1052.0 0.0066551059717312455
1053.0 0.006621092325076461
1054.0 0.006587079406017438
1055.0 0.0073941482696682215
1056.0 0.008201217860914767
1057.0 0.00800685738795437
1058.0 0.007812498370185494
1059.0 0.00781605631345883
1060.0 0.007819612801540643
1061.0 0.00834079401101917
1062.0 0.00886197667568922
1063.0 0.008851816528476775
1064.0 0.00884165710886009
1065.0 0.008958404214354232
1066.0 0.009075152775039896
1067.0 0.009159072942566127
1068.0 0.00924299456528388
1069.0 0.010113096504937857
1070.0 0.010983199172187597
1071.0 0.010644470603438094
1072.0 0.010305742762284353
1073.0 0.010597824439173564
1074.0 0.010889906843658537
1075.0 0.011509560135891661
1076.0 0.012129218521295115
1077.0 0.012105365021852776
1078.0 0.012081510794814676
1079.0 0.0132938934257254
1080.0 0.014506274601444602
1081.0 0.01434980658814311
1082.0 0.014193341485224664
1083.0 0.014111961354501545
1084.0 0.014030581223778427
1085.0 0.014458470104727894
1086.0 0.01488636335125193
1087.0 0.014966524031478912
1088.0 0.015046686166897416
1089.0 0.01646052405703813
1090.0 0.01787436194717884
1091.0 0.017792558355722576
1092.0 0.017710750398691744
1093.0 0.017416884656995535
1094.0 0.01712301600491628
1095.0 0.018460302089806646
1096.0 0.019797591085080057
1097.0 0.020162068540230393
1098.0 0.020526548905763775
1099.0 0.02241973561467603
1100.0 0.02431291650282219
1101.0 0.024278373166453093
1102.0 0.024243828374892473
1103.0 0.0253058853559196
1104.0 0.026367936516180634
1105.0 0.026569567853584886
1106.0 0.026771199190989137
1107.0 0.02791365550365299
1108.0 0.029056111816316843
1109.0 0.03043950127903372
1110.0 0.0318228907417506
1111.0 0.031983762164600194
1112.0 0.03214463940821588
1113.0 0.03364109434187412
1114.0 0.03513755218591541
1115.0 0.033759119105525315
1116.0 0.032380688935518265
1117.0 0.03370644117239863
1118.0 0.035032196319662035
1119.0 0.03891995002049953
1120.0 0.04280770372133702
1121.0 0.04327426140662283
1122.0 0.04374082200229168
1123.0 0.044356854050420225
1124.0 0.04497288609854877
1125.0 0.04541900707408786
1126.0 0.04586513387039304
1127.0 0.04817329754587263
1128.0 0.05048145540058613
1129.0 0.054890511091798544
1130.0 0.05929956678301096
1131.0 0.05885792779736221
1132.0 0.058416282990947366
1133.0 0.06278828368522227
1134.0 0.06716028437949717
1135.0 0.06446518818847835
1136.0 0.06177009199745953
1137.0 0.06691108574159443
1138.0 0.07205208530649543
1139.0 0.07721261354163289
1140.0 0.08237310103140771
1141.0 0.09312297333963215
1142.0 0.10387281654402614
1143.0 0.12487736530601978
1144.0 0.14588187914341688
1145.0 0.2911514835432172
1146.0 0.43642111122608185
1147.0 0.9278781712055206
1148.0 1.419335138052702
1149.0 1.6193253919482231
1150.0 1.8193168565630913
