lsstCam/transmission_filter_detector/r03_s21/g_6/19700101T000000.ecsv
# %ECSV 1.0
# ---
# datatype:
# - {name: wavelength, unit: nm, datatype: float32}
# - {name: efficiency, unit: '%', datatype: float64}
# meta: !!omap
# - {MODE: DETECTOR}
# - {TYPE: transmission_filter_detector}
# - {CALIBDATE: '1970-01-01T00:00:00'}
# - {INSTRUME: LSSTCam}
# - {OBSTYPE: transmission_filter_detector}
# - {CALIBCLS: lsst.ip.isr.IntermediateFilterDetectorTransmissionCurve}
# - {SOURCE: Materion (DM-46256)}
# - {DETECTOR: 25}
# - {FILTER: g_6}
# - {CALIB_ID: 'calibDate=1970-01-01T00:00:00 filter=g_6 detector=25'}
# - {DATE: '2025-04-02T15:59:42.144511'}
# - {CALIB_CREATION_DATE: '2025-04-02'}
# - {CALIB_CREATION_TIME: '15:59:42'}
# - __serialized_columns__:
#     efficiency:
#       __class__: astropy.units.quantity.Quantity
#       unit: !astropy.units.Unit {unit: '%'}
#       value: !astropy.table.SerializedColumn {name: efficiency}
#     wavelength:
#       __class__: astropy.units.quantity.Quantity
#       unit: !astropy.units.Unit {unit: nm}
#       value: !astropy.table.SerializedColumn {name: wavelength}
# schema: astropy-2.0
wavelength efficiency
[from data line 608]
908.0 0.0004827938482776517
909.0 0.00042230853978253435
910.0 0.0003675876087072538
911.0 0.00031286670036934083
912.0 0.00041874463931890205
913.0 0.0005246226010058308
914.0 0.00034260983738931827
915.0 0.00016059710787885706
916.0 0.00015066748346725944
917.0 0.00014073783631829428
918.0 0.00023556017367809545
919.0 0.0003303825224065804
920.0 0.0003567193971321103
921.0 0.0003830562945950078
922.0 0.00055488858379249
923.0 0.000726720827515237
924.0 0.0006125641903054202
925.0 0.0004984075076208683
926.0 0.0005682717983290786
927.0 0.0006381362254614942
928.0 0.0005784294899058295
929.0 0.0005187228452996351
930.0 0.0005317339855537284
931.0 0.000544745262232027
932.0 0.0005028422492614482
933.0 0.0004609392817656044
934.0 0.000459842294731061
935.0 0.00045874530769651756
936.0 0.00046693976401002146
937.0 0.00047513422032352537
938.0 0.0006049908733984921
939.0 0.0007348474809987238
940.0 0.0006187053713802015
941.0 0.000502563125337474
942.0 0.0006325297817966202
943.0 0.0007624963927810313
944.0 0.000659727356833173
945.0 0.0005569581389863743
946.0 0.0005616082944470691
947.0 0.0005662583589582937
948.0 0.0008962842002802063
949.0 0.0012263099961273838
950.0 0.0010346679118811153
951.0 0.0008430257366853766
952.0 0.0008529685146640986
953.0 0.0008629113835922908
954.0 0.0007957894922583364
955.0 0.0007286677828233223
956.0 0.0006610189757338958
957.0 0.0005933698957960587
958.0 0.0007219953658932354
959.0 0.0008506208359904122
960.0 0.0006808601483498933
961.0 0.0005110994152346393
962.0 0.0005399775545811281
963.0 0.0005688556029781466
964.0 0.0006588734777324134
965.0 0.0007488911705877399
966.0 0.0007941695912450086
967.0 0.0008394479664275423
968.0 0.0007479599389625946
969.0 0.0006564718205481768
970.0 0.0006602652319998015
971.0 0.0006640586434514262
972.0 0.000805272429715842
973.0 0.000946486306929728
974.0 0.0008895126484276261
975.0 0.0008325393537234049
976.0 0.0008498114766553044
977.0 0.0008670839633850846
978.0 0.000920832189876819
979.0 0.0009745804163685534
980.0 0.0010395644494565204
981.0 0.0011045486644434277
982.0 0.001001900000119349
983.0 0.0008992513357952703
984.0 0.0009262688763556071
985.0 0.0009532865988148842
986.0 0.0011082963283115532
987.0 0.001263305966858752
988.0 0.0013368824511417188
989.0 0.0014104585716268048
990.0 0.0014698553968628403
991.0 0.0015292524039978161
992.0 0.0014949376236472744
993.0 0.001460623025195673
994.0 0.0014379059393831994
995.0 0.0014151890354696661
996.0 0.001337728463113308
997.0 0.0012602680726558901
998.0 0.0013740857866650913
999.0 0.0014879036825732328
1000.0 0.001420209628122393
1001.0 0.001352515482722083
1002.0 0.0012329953278822359
1003.0 0.0011134750820929185
1004.0 0.001138768311648164
1005.0 0.001164061359304469
1006.0 0.0013986474186822306
1007.0 0.0016332334780599922
1008.0 0.0016460944607388228
1009.0 0.0016589558072155342
1010.0 0.0017345231754006818
1011.0 0.0018100909073837101
1012.0 0.001954572508111596
1013.0 0.002099054108839482
1014.0 0.0021180991097935475
1015.0 0.0021371442926465534
1016.0 0.0024820184989948757
1017.0 0.0028268930691410787
1018.0 0.0030880073609296232
1019.0 0.003349121834617108
1020.0 0.003361587005201727
1021.0 0.003374052539584227
1022.0 0.0036385434214025736
1023.0 0.0039030350308166817
1024.0 0.004046133835799992
1025.0 0.0041892326407833025
1026.0 0.004333339893491939
1027.0 0.004477447146200575
1028.0 0.004559605804388411
1029.0 0.004641764462576248
1030.0 0.0047283308958867565
1031.0 0.004814896601601504
1032.0 0.005176846025278792
1033.0 0.00553879544895608
1034.0 0.00538228232471738
1035.0 0.005225769564276561
1036.0 0.005372157465899363
1037.0 0.005518545367522165
1038.0 0.00573614306631498
1039.0 0.005953740765107796
1040.0 0.006395234959200025
1041.0 0.006836728425696492
1042.0 0.006985972868278623
1043.0 0.007135216583264992
1044.0 0.007353122782660648
1045.0 0.007571027526864782
1046.0 0.008637437713332474
1047.0 0.009703847899800166
1048.0 0.011221817840123549
1049.0 0.012739784142468125
1050.0 0.015160191105678678
1051.0 0.017580595158506185
1052.0 0.02126613981090486
1053.0 0.02495169173926115
1054.0 0.02977544500026852
1055.0 0.03459919826127589
1056.0 0.04151870380155742
1057.0 0.04843820061068982
1058.0 0.056150287855416536
1059.0 0.06386236054822803
1060.0 0.07126833079382777
1061.0 0.07867427193559706
1062.0 0.08565481402911246
1063.0 0.0926353270187974
1064.0 0.0978375319391489
1065.0 0.10303971357643604
1066.0 0.10807225480675697
1067.0 0.11310480767861009
1068.0 0.11913902126252651
1069.0 0.12517326977103949
1070.0 0.13476023450493813
1071.0 0.14434721088036895
1072.0 0.15730374725535512
1073.0 0.17026026034727693
1074.0 0.18477581907063723
1075.0 0.19929143600165844
1076.0 0.21339543163776398
1077.0 0.22749945055693388
1078.0 0.2420656383037567
1079.0 0.25663182605057955
1080.0 0.2744207391515374
1081.0 0.2922096289694309
1082.0 0.32014886382967234
1083.0 0.34808809868991375
1084.0 0.3867737948894501
1085.0 0.4254595376551151
1086.0 0.4605974070727825
1087.0 0.4957352764904499
1088.0 0.559829268604517
1089.0 0.6239232607185841
1090.0 0.7006634026765823
1091.0 0.7774035446345806
1092.0 0.8067513816058636
1093.0 0.8360988460481167
1094.0 0.8722109720110893
1095.0 0.9083227254450321
1096.0 0.9514149278402328
1097.0 0.9945073164999485
1098.0 1.0123906657099724
1099.0 1.0302741080522537
1100.0 1.183266006410122
1101.0 1.3362575322389603
