lsstCam/transmission_filter_detector/r03_s21/g_6/19700101T000000.ecsv
# %ECSV 1.0
# ---
# datatype:
# - {name: wavelength, unit: nm, datatype: float32}
# - {name: efficiency, unit: '%', datatype: float64}
# meta: !!omap
# - {MODE: DETECTOR}
# - {TYPE: transmission_filter_detector}
# - {CALIBDATE: '1970-01-01T00:00:00'}
# - {INSTRUME: LSSTCam}
# - {OBSTYPE: transmission_filter_detector}
# - {CALIBCLS: lsst.ip.isr.IntermediateFilterDetectorTransmissionCurve}
# - {SOURCE: Materion (DM-46256)}
# - {DETECTOR: 25}
# - {FILTER: g_6}
# - {CALIB_ID: 'calibDate=1970-01-01T00:00:00 filter=g_6 detector=25'}
# - {DATE: '2025-04-02T15:59:42.144511'}
# - {CALIB_CREATION_DATE: '2025-04-02'}
# - {CALIB_CREATION_TIME: '15:59:42'}
# - __serialized_columns__:
#     efficiency:
#       __class__: astropy.units.quantity.Quantity
#       unit: !astropy.units.Unit {unit: '%'}
#       value: !astropy.table.SerializedColumn {name: efficiency}
#     wavelength:
#       __class__: astropy.units.quantity.Quantity
#       unit: !astropy.units.Unit {unit: nm}
#       value: !astropy.table.SerializedColumn {name: wavelength}
# schema: astropy-2.0
wavelength efficiency
300.0 0.5027586594223976
301.0 0.3706947434693575
302.0 0.23863078095018864
303.0 0.2179513219743967
304.0 0.1972718397155404
305.0 0.20507632289081812
306.0 0.21288080606609583
307.0 0.2193034626543522
308.0 0.22572609595954418
309.0 0.22210092283785343
310.0 0.2184757962822914
311.0 0.20960629917681217
312.0 0.20073684863746166
313.0 0.19881415646523237
314.0 0.19689148757606745
315.0 0.18835668452084064
316.0 0.17982192803174257
317.0 0.1799505902454257
318.0 0.180079264100641
319.0 0.16284630401059985
320.0 0.14561328571289778
321.0 0.14038264052942395
322.0 0.13515197206288576
323.0 0.11494349455460906
324.0 0.09473504615016282
325.0 0.08680128958076239
326.0 0.07886753301136196
327.0 0.07137187058106065
328.0 0.06387620815075934
329.0 0.06127692176960409
330.0 0.05867762956768274
331.0 0.054607196943834424
332.0 0.050536764319986105
333.0 0.04675435775425285
334.0 0.04297195409890264
335.0 0.04207861493341625
336.0 0.041185272857546806
337.0 0.04194479261059314
338.0 0.04270430945325643
339.0 0.04106799606233835
340.0 0.03943168558180332
341.0 0.03787663590628654
342.0 0.0363215891411528
343.0 0.03250354784540832
344.0 0.028685509460046887
345.0 0.02555705141276121
346.0 0.022428587544709444
347.0 0.021046311303507537
348.0 0.019664033607114106
349.0 0.018064620962832123
350.0 0.6837541237473488
351.0 1.1416963301599026
352.0 0.6860573310405016
353.0 0.8768928237259388
354.0 0.6507151760160923
355.0 0.8019344881176949
356.0 0.6186676677316427
357.0 0.7076486479490995
358.0 0.5947617813944817
359.0 0.7550228387117386
360.0 0.5953609012067318
361.0 0.7891624234616756
362.0 0.40332451462745667
363.0 0.9703555144369602
364.0 0.5520928185433149
365.0 0.8004537783563137
366.0 0.4927376750856638
367.0 0.6708395201712847
368.0 0.5583705846220255
369.0 0.6754086352884769
370.0 0.4504984710365534
371.0 0.6695974618196487
372.0 0.3915813285857439
373.0 0.483467523008585
374.0 0.4050318617373705
375.0 0.6032660603523254
376.0 0.3567638108506799
377.0 0.527068180963397
378.0 0.3426792798563838
379.0 0.5046315025538206
380.0 0.39605917409062386
381.0 0.44414838775992393
382.0 0.5739043466746807
383.0 0.5512480158358812
384.0 0.5770760588347912
385.0 0.5730583798140287
386.0 0.6797157693654299
387.0 0.7094430737197399
388.0 0.8996992371976376
389.0 1.1612403206527233
390.0 1.700763963162899
391.0 2.7523258700966835
392.0 4.347246885299683
393.0 6.892868876457214
394.0 10.444530844688416
395.0 15.16837626695633
396.0 20.978009700775146
397.0 28.250133991241455
398.0 36.743709444999695
399.0 46.06539309024811
400.0 55.496227741241455
401.0 64.42843079566956
402.0 72.66653776168823
403.0 79.6791672706604
404.0 84.72322821617126
405.0 88.52879405021667
406.0 90.57971835136414
407.0 92.40829944610596
408.0 93.34896802902222
409.0 93.78828406333923
410.0 93.94822120666504
411.0 93.86361241340637
412.0 93.50232481956482
413.0 93.33850145339966
414.0 93.16166043281555
415.0 93.32895874977112
416.0 93.70608925819397
417.0 93.95431280136108
418.0 94.53657865524292
419.0 95.02013921737671
420.0 95.62561511993408
421.0 96.15358710289001
422.0 96.29191160202026
423.0 96.49859070777893
424.0 96.35276794433594
425.0 96.17550373077393
426.0 96.18917107582092
427.0 96.24049067497253
428.0 96.04281187057495
429.0 95.87547779083252
430.0 95.72685956954956
431.0 95.82275748252869
432.0 95.83061933517456
433.0 95.93836069107056
434.0 96.02327346801758
435.0 96.16137146949768
436.0 96.16557955741882
437.0 96.23506665229797
438.0 96.23100757598877
439.0 96.35211825370789
440.0 96.29860520362854
441.0 96.42432928085327
442.0 96.42686247825623
443.0 96.41289114952087
444.0 96.37358784675598
445.0 96.0793673992157
446.0 95.91758847236633
447.0 95.70397138595581
448.0 95.70422768592834
449.0 95.90964317321777
450.0 96.09890580177307
451.0 96.31640911102295
452.0 96.56075239181519
453.0 96.61716222763062
454.0 96.75370454788208
455.0 96.98287844657898
456.0 97.0780074596405
457.0 97.27042317390442
458.0 97.23562598228455
459.0 97.28074073791504
460.0 97.3031222820282
461.0 97.4191427230835
462.0 97.35279083251953
463.0 97.21382856369019
464.0 97.37339615821838
465.0 97.25603461265564
466.0 97.25662469863892
467.0 97.27456569671631
468.0 97.32125401496887
469.0 97.3549485206604
470.0 97.15238213539124
471.0 97.05515503883362
472.0 97.15707898139954
473.0 97.03138470649719
474.0 96.90035581588745
475.0 97.00132012367249
476.0 96.99768424034119
477.0 97.03429341316223
478.0 97.16519713401794
479.0 97.13653326034546
480.0 97.31036424636841
481.0 97.3676085472107
482.0 97.55951166152954
483.0 97.50036001205444
484.0 97.61773943901062
485.0 97.68322110176086
486.0 97.67229557037354
487.0 97.73568511009216
488.0 97.74065613746643
489.0 97.82956838607788
490.0 97.7777898311615
491.0 97.84355163574219
492.0 97.77012467384338
493.0 97.8153645992279
494.0 97.75545597076416
495.0 97.82682061195374
496.0 97.63773083686829
497.0 97.5666880607605
498.0 97.35825061798096
499.0 97.38505482673645
500.0 97.31194972991943
501.0 97.30909466743469
502.0 97.22495079040527
503.0 97.38094210624695
504.0 97.20042943954468
505.0 97.22670912742615
506.0 97.24289178848267
507.0 97.19564914703369
508.0 97.16474413871765
509.0 97.15603590011597
510.0 97.09143042564392
511.0 97.08326458930969
512.0 97.01311588287354
513.0 97.08894491195679
514.0 97.08420634269714
515.0 97.12952375411987
516.0 97.24964499473572
517.0 97.25978374481201
518.0 97.2734808921814
519.0 97.25595712661743
520.0 97.34308123588562
521.0 97.44979739189148
522.0 97.4125325679779
523.0 97.40816354751587
524.0 97.4621832370758
525.0 97.3929226398468
526.0 97.50590324401855
527.0 97.46551513671875
528.0 97.57501482963562
529.0 97.64923453330994
530.0 97.61362671852112
531.0 97.76551127433777
532.0 97.64135479927063
533.0 97.67013788223267
534.0 97.69355654716492
535.0 97.4823534488678
536.0 97.14921116828918
537.0 96.5627372264862
538.0 95.72300910949707
539.0 94.35102939605713
540.0 92.58822798728943
541.0 89.96461629867554
542.0 87.13899850845337
543.0 83.49891304969788
544.0 78.89247536659241
545.0 74.83769655227661
546.0 69.90642547607422
547.0 65.4176115989685
548.0 60.924142599105835
549.0 56.90615773200989
550.0 53.76605987548828
551.0 50.69188475608826
552.0 48.35194647312164
553.0 45.8225280046463
554.0 42.90231764316559
555.0 39.62509632110596
556.0 35.2929025888443
557.0 30.32907247543335
558.0 24.954646825790405
559.0 19.633471965789795
560.0 14.572392404079437
561.0 9.839479625225067
562.0 6.331267952919006
563.0 3.7029247730970383
564.0 2.033616416156292
565.0 0.9941046126186848
566.0 0.5323902238160372
567.0 0.2634792821481824
568.0 0.1686246134340763
569.0 0.09208362316712737
570.0 0.08408426656387746
571.0 0.05273091956041753
572.0 0.05795138422399759
573.0 0.03503136977087706
574.0 0.03997087769676
575.0 0.024192497949115932
576.0 0.03937234578188509
577.0 0.023427630367223173
578.0 0.021670902788173407
579.0 0.024973577819764614
580.0 0.027752373716793954
581.0 0.02462307456880808
582.0 0.012512676767073572
583.0 0.017944970750249922
584.0 0.021867408941034228
585.0 0.011670521053019911
586.0 0.022786161571275443
587.0 0.022899851319380105
588.0 0.017881936219055206
589.0 0.012062644236721098
590.0 0.022526559769175947
591.0 0.017976464005187154
592.0 0.014593196101486683
593.0 0.0036506236938294023
594.0 0.01971145102288574
595.0 0.008865453855833039
596.0 0.012751809845212847
597.0 0.006121089245425537
598.0 0.002860876156773884
599.0 0.0012624911505554337
600.0 0.010186491999775171
601.0 0.002453452725603711
602.0 0.0025392511815880425
603.0 0.002625049455673434
604.0 0.002309705268999096
605.0 0.001994361082324758
606.0 0.0020152645447524264
607.0 0.002036167643382214
608.0 0.001882835385913495
609.0 0.001729503128444776
610.0 0.0018406550225336105
611.0 0.0019518070985213853
612.0 0.0018431539501762018
613.0 0.0017345011656288989
614.0 0.0017926740838447586
615.0 0.001850847365858499
616.0 0.001959682958840858
617.0 0.002068518369924277
618.0 0.0018962860849569552
619.0 0.0017240539818885736
620.0 0.0016571235391893424
621.0 0.0015901932783890516
622.0 0.0014880777598591521
623.0 0.0013859621503797825
624.0 0.0014035922504262999
625.0 0.0014212225323717576
626.0 0.0013480275811161846
627.0 0.0012748329936584923
628.0 0.0014176283002598211
629.0 0.0015604238797095604
630.0 0.0014446491150010843
631.0 0.0013288740774441976
632.0 0.0014168615962262265
633.0 0.001504848842159845
634.0 0.0014368180927704088
635.0 0.001368786979583092
636.0 0.001375077772536315
637.0 0.001381369020236889
638.0 0.0012559842616610695
639.0 0.0011305994121357799
640.0 0.001088864155462943
641.0 0.0010471286259416956
642.0 0.0013057094292889815
643.0 0.0015642903235857375
644.0 0.001392856938764453
645.0 0.0012214232810947578
646.0 0.0012040128240187187
647.0 0.0011866023669426795
648.0 0.001076669832400512
649.0 0.000966737115959404
650.0 0.0012105101632187143
651.0 0.0014542827557306737
652.0 0.0011872331924678292
653.0 0.0009201837201544549
654.0 0.001071764108928619
655.0 0.0012233447705511935
656.0 0.0012214222806505859
657.0 0.0012194995179015677
658.0 0.0010855114851437975
659.0 0.0009515238161839079
660.0 0.0009172606951324269
661.0 0.0008829976650304161
662.0 0.0010035207196779083
663.0 0.001124043956224341
664.0 0.0011747290045605041
665.0 0.0012254137800482567
666.0 0.0011355188689776696
667.0 0.001045623685058672
668.0 0.001108966171159409
669.0 0.0011723084753612056
670.0 0.001154777692136122
671.0 0.0011372469089110382
672.0 0.0011884445484611206
673.0 0.0012396420061122626
674.0 0.0011790049029514194
675.0 0.001118367708841106
676.0 0.001052348488883581
677.0 0.0009863289051281754
678.0 0.0010610232493490912
679.0 0.0011357175026205368
680.0 0.001044670079863863
681.0 0.0009536224752082489
682.0 0.0009844136002357118
683.0 0.0010152047252631746
684.0 0.0008736978088563774
685.0 0.0007321908924495801
686.0 0.0009801528904063161
687.0 0.0012281148883630522
688.0 0.0012026903277728707
689.0 0.0011772657671826892
690.0 0.001032488580676727
691.0 0.0008877113941707648
692.0 0.0008936573067330755
693.0 0.0008996032192953862
694.0 0.0010106283298227936
695.0 0.0011216533494007308
696.0 0.0011614846698648762
697.0 0.0012013158993795514
698.0 0.0012960826097696554
699.0 0.0013908493201597594
700.0 0.0011594723218877334
701.0 0.0009280953236157075
702.0 0.0010927915354841389
703.0 0.0012574874745041598
704.0 0.0012006080396531615
705.0 0.0011437283319537528
706.0 0.0010997202480211854
707.0 0.0010557124369370285
708.0 0.0010960725376207847
709.0 0.0011364329111529514
710.0 0.0011878822988364846
711.0 0.0012393320503178984
712.0 0.0011915995855815709
713.0 0.0011438673027441837
714.0 0.0012122185580665246
715.0 0.001280570086237276
716.0 0.0014709908100485336
717.0 0.0016614118067082018
718.0 0.0018844266378437169
719.0 0.0021074412870802917
720.0 0.0017248470612685196
721.0 0.0013422524716588669
722.0 0.001471374707762152
723.0 0.0016004973076633178
724.0 0.0015827808965696022
725.0 0.001565064667374827
726.0 0.001695475475571584
727.0 0.001825886283768341
728.0 0.0019670686015160754
729.0 0.0021082507373648696
730.0 0.002045633300440386
731.0 0.0019830154997180216
732.0 0.0018447037291480228
733.0 0.0017063923223759048
734.0 0.001516103384346934
735.0 0.0013258146282169037
736.0 0.0011692639418470208
737.0 0.0010127132554771379
738.0 0.001047446858137846
739.0 0.001082180369849084
740.0 0.0009757272891874891
741.0 0.000869274117576424
742.0 0.0008516363777744118
743.0 0.0008339987289218698
744.0 0.0009068954568647314
745.0 0.0009797922757570632
746.0 0.000987118710327195
747.0 0.0009944451448973268
748.0 0.001164182867796626
749.0 0.0013339207725948654
750.0 0.0011320332305331249
751.0 0.0009301459613197949
752.0 0.0008082497515715659
753.0 0.0006863537237222772
754.0 0.0008663292646815535
755.0 0.0010463048056408297
756.0 0.0009487154784437735
757.0 0.000851126060297247
758.0 0.0008570003956265282
759.0 0.0008628750038042199
760.0 0.0007125437150534708
761.0 0.0005622124263027217
762.0 0.0006018232397764223
763.0 0.0006414339623006526
764.0 0.0008126109605655074
765.0 0.0009837881407293025
766.0 0.0008484405952913221
767.0 0.000713093231752282
768.0 0.0005638106358674122
769.0 0.0004145279945078073
770.0 0.0003920642939192476
771.0 0.00036960063880542293
772.0 0.0005566856998484582
773.0 0.0007437708973156987
774.0 0.0008189193067664746
775.0 0.0008940678526414558
776.0 0.0008169375178113114
777.0 0.000739807182981167
778.0 0.0006913217930559767
779.0 0.0006428364940802567
780.0 0.0006034832949808333
781.0 0.0005641300504066749
782.0 0.000550350705452729
783.0 0.0005365711785998428
784.0 0.0006976273652981035
785.0 0.0008586835065216292
786.0 0.0007517723133787513
787.0 0.0006448614840337541
788.0 0.00043262671169941314
789.0 0.00022039198483980726
790.0 0.00016909835949263652
791.0 0.00011780471140809823
792.0 0.00022146211904328084
793.0 0.000325119549415831
794.0 0.00027960541046923026
795.0 0.00023409129425999708
796.0 0.0004090911261300789
797.0 0.0005840909125254257
798.0 0.0004974943294655532
799.0 0.00041089774640568066
800.0 0.0004997783435101155
801.0 0.0005886591225134907
802.0 0.000459840248367982
803.0 0.0003310214651719434
804.0 0.00025666806777735474
805.0 0.00018231474996355246
806.0 0.0002633130634421832
807.0 0.00034431136555213016
808.0 0.00041722428250068333
809.0 0.0004901372449239716
810.0 0.00036130631997366436
811.0 0.00023247534954862203
812.0 0.00024071734969766112
813.0 0.0002489593043719651
814.0 0.00037224419884296367
815.0 0.0004955291387886973
816.0 0.0005218138994678156
817.0 0.0005480985691974638
818.0 0.0003241114200136508
819.0 0.00010012431630457286
820.0 0.0003705181143232039
821.0 0.0006409118668670999
822.0 0.0005200045961828437
823.0 0.00039909728002385236
824.0 0.0004322630957176443
825.0 0.000465428774987231
826.0 0.0005890637112315744
827.0 0.0007126985565264476
828.0 0.0005886508006369695
829.0 0.0004646029992727563
830.0 0.000424840982304886
831.0 0.0003850789198622806
832.0 0.000527182510268176
833.0 0.0006692859642498661
834.0 0.0005383876214182237
835.0 0.00040748927858658135
836.0 0.00044544926822709385
837.0 0.00048340930334234145
838.0 0.0004657576937461272
839.0 0.000448106129624648
840.0 0.0005804046395496698
841.0 0.0007127031039999565
842.0 0.0003780615770665463
843.0 4.341994781498215e-05
844.0 0.00010414995585961151
845.0 0.00016487997527292464
846.0 0.0004368204372440232
847.0 0.0007087609901645919
848.0 0.0006355768618959701
849.0 0.0005623927336273482
850.0 0.000558393367100507
851.0 0.0005543939550989307
852.0 0.0006140149707789533
853.0 0.0006736356681358302
854.0 0.0006435726390918717
855.0 0.0006135093826742377
856.0 0.0006292104899330297
857.0 0.000644911688141292
858.0 0.0006119123099779245
859.0 0.0005789129318145569
860.0 0.0005690100351785077
861.0 0.0005591070930677233
862.0 0.0005261495971353725
863.0 0.0004931921466777567
864.0 0.0004622377673513256
865.0 0.0004312834789743647
866.0 0.00047142657422227785
867.0 0.0005115697604196612
868.0 0.0006478819614130771
869.0 0.000784194162406493
870.0 0.0006072277301427675
871.0 0.00043026111598010175
872.0 0.00037534884995693574
873.0 0.00032043644750956446
874.0 0.00041741636778169777
875.0 0.0005143963335285662
876.0 0.000639913650957169
877.0 0.0007654309229110368
878.0 0.0007494183591916226
879.0 0.0007334057045227382
880.0 0.0007014409675321076
881.0 0.0006694765943393577
882.0 0.000579777361053857
883.0 0.000490078446091502
884.0 0.0005499016424437286
885.0 0.0006097250206948956
886.0 0.0007006090527283959
887.0 0.0007914933121355716
888.0 0.0006195580681378487
889.0 0.00044762296056433115
890.0 0.000570871861782507
891.0 0.0006941209448996233
892.0 0.0006017982286721235
893.0 0.0005094756033940939
894.0 0.0005205137313168962
895.0 0.0005315519047144335
896.0 0.0003357626610522857
897.0 0.00013997332644066773
898.0 0.0002913834350692923
899.0 0.0004427935436979169
900.0 0.0003432971652728156
901.0 0.0002438007641103468
902.0 0.0004532634193310514
903.0 0.0006627260972891236
904.0 0.00038084979223640403
905.0 9.897343034026562e-05
906.0 0.00032112632197822677
