lsstCam/transmission_filter_detector/r10_s02/z_20/19700101T000000.ecsv
# %ECSV 1.0
# ---
# datatype:
# - {name: wavelength, unit: nm, datatype: float32}
# - {name: efficiency, unit: '%', datatype: float64}
# meta: !!omap
# - {MODE: DETECTOR}
# - {TYPE: transmission_filter_detector}
# - {CALIBDATE: '1970-01-01T00:00:00'}
# - {INSTRUME: LSSTCam}
# - {OBSTYPE: transmission_filter_detector}
# - {CALIBCLS: lsst.ip.isr.IntermediateFilterDetectorTransmissionCurve}
# - {SOURCE: Materion (DM-46256)}
# - {DETECTOR: 29}
# - {FILTER: z_20}
# - {CALIB_ID: 'calibDate=1970-01-01T00:00:00 filter=z_20 detector=29'}
# - {DATE: '2025-04-02T15:59:48.768909'}
# - {CALIB_CREATION_DATE: '2025-04-02'}
# - {CALIB_CREATION_TIME: '15:59:48'}
# - __serialized_columns__:
#     efficiency:
#       __class__: astropy.units.quantity.Quantity
#       unit: !astropy.units.Unit {unit: '%'}
#       value: !astropy.table.SerializedColumn {name: efficiency}
#     wavelength:
#       __class__: astropy.units.quantity.Quantity
#       unit: !astropy.units.Unit {unit: nm}
#       value: !astropy.table.SerializedColumn {name: wavelength}
# schema: astropy-2.0
wavelength efficiency
300.0 0.8684191852807999
301.0 0.5854693707078695
302.0 0.302519672550261
303.0 0.29563563875854015
304.0 0.28875162824988365
305.0 0.2437782008200884
306.0 0.1988047268241644
307.0 0.18305432749912143
308.0 0.16730391653254628
309.0 0.1469268463551998
310.0 0.12654977617785335
311.0 0.1265240367501974
312.0 0.12649833224713802
313.0 0.11114833177998662
314.0 0.09579837205819786
315.0 0.0957037671469152
316.0 0.09560916223563254
317.0 0.08030235185287893
318.0 0.0649955531116575
319.0 0.06491808453574777
320.0 0.06484061013907194
321.0 0.06378904217854142
322.0 0.0627374742180109
323.0 0.0545632210560143
324.0 0.04638897080440074
325.0 0.0434193410910666
326.0 0.0404497142881155
327.0 0.039110504440031946
328.0 0.03777129459194839
329.0 0.033767445711418986
330.0 0.02976359974127263
331.0 0.026925382553599775
332.0 0.02408716536592692
333.0 0.023300062457565218
334.0 0.022512958094011992
335.0 0.02134109236067161
336.0 0.020169226627331227
337.0 0.02421256940579042
338.0 0.028255910729058087
339.0 0.02428277221042663
340.0 0.02030963951256126
341.0 0.017064115672837943
342.0 0.013818591833114624
343.0 0.013708590995520353
344.0 0.013598590157926083
345.0 0.012826171587221324
346.0 0.012053753016516566
347.0 0.011320735211484134
348.0 0.010587719589238986
349.0 0.013273033255245537
350.0 0.015958350559230894
351.0 0.013211903569754213
352.0 0.010465450759511441
353.0 0.010992085299221799
354.0 0.011518719838932157
355.0 0.009852978109847754
356.0 0.008187237108359113
357.0 0.009192078869091347
358.0 0.010196923540206626
359.0 0.00999993208097294
360.0 0.009802940621739253
361.0 0.008809498831396922
362.0 0.007816059951437637
363.0 0.009147923265118152
364.0 0.010479785851202905
365.0 0.01020252238959074
366.0 0.009925261838361621
367.0 0.008747053652768955
368.0 0.007568845467176288
369.0 0.007964140240801498
370.0 0.008359436469618231
371.0 0.008243713818956167
372.0 0.008127993351081386
373.0 0.0071396636485587806
374.0 0.006151336856419221
375.0 0.006448959175031632
376.0 0.006746582221239805
377.0 0.0070757676439825445
378.0 0.007404951611533761
379.0 0.006226947880350053
380.0 0.005048944149166346
381.0 0.0032101816032081842
382.0 0.0013714188753510825
383.0 0.003551745248842053
384.0 0.005732072168029845
385.0 0.005504924774868414
386.0 0.005277777381706983
387.0 0.005911091284360737
388.0 0.006544405914610252
389.0 0.005756883911089972
390.0 0.004969362998963334
391.0 0.004604251080309041
392.0 0.004239138797856867
393.0 0.004738759162137285
394.0 0.005238380254013464
395.0 0.004306210757931694
396.0 0.003374040898052044
397.0 0.003545902654877864
398.0 0.0037177640479058027
399.0 0.00396174073102884
400.0 0.0042057170503539965
401.0 0.004765768608194776
402.0 0.005325820166035555
403.0 0.005347024853108451
404.0 0.005368229540181346
405.0 0.004177513619652018
406.0 0.002986798426718451
407.0 0.0015747000361443497
408.0 0.000162602361797326
409.0 0.0019352102754055522
410.0 0.0037078181776450947
411.0 0.004120473386137746
412.0 0.004533128230832517
413.0 0.00440811927546747
414.0 0.004283110320102423
415.0 0.003505114364088513
416.0 0.002727118589973543
417.0 0.0037047913792775944
418.0 0.004682464714278467
419.0 0.004264012386556715
420.0 0.0038455604226328433
421.0 0.0036872759665129706
422.0 0.00352899260178674
423.0 0.0034170428989455104
424.0 0.0033050942874979228
425.0 0.002545353891036939
426.0 0.0017856138583738357
427.0 0.0018872335203923285
428.0 0.001988853546208702
429.0 0.0012762724509229884
430.0 0.0005636915830109501
431.0 0.0006099536676629214
432.0 0.0006562155249412172
433.0 0.0006246882094274042
434.0 0.0005931609393883264
435.0 0.0011588425877562258
436.0 0.0017245241906493902
437.0 0.0018912700397777371
438.0 0.0020580160708050244
439.0 0.0020891586245852523
440.0 0.002120301542163361
441.0 0.0015938883734634146
442.0 0.0010674752047634684
443.0 0.0022385265765478835
444.0 0.003409577766433358
445.0 0.0033851545595098287
446.0 0.003360731352586299
447.0 0.0026418112611281686
448.0 0.0019228908058721572
449.0 0.0026486815841053613
450.0 0.003374472726136446
451.0 0.002583390596555546
452.0 0.0017923079212778248
453.0 0.001698710912023671
454.0 0.0016051140846684575
455.0 0.00232832881010836
456.0 0.0030515435355482623
457.0 0.0022551386791747063
458.0 0.0014587338228011504
459.0 0.0016021616829675622
460.0 0.0017455893612350337
461.0 0.000866983100422658
462.0 1.671346437984167e-10
463.0 0.0009591499292582739
464.0 0.0019299233827041462
465.0 0.002179639704991132
466.0 0.002429356209177058
467.0 0.002159426367143169
468.0 0.0018894957975135185
469.0 0.001689347845967859
470.0 0.001489199621573789
471.0 0.0013770857549388893
472.0 0.0012649721611524
473.0 0.0012454258467187174
474.0 0.0012258795322850347
475.0 0.0011132678991998546
476.0 0.0010006560842157342
477.0 0.001327979134657653
478.0 0.0016553020032006316
479.0 0.001991717545024585
480.0 0.002328132904949598
481.0 0.0018442904547555372
482.0 0.001360447822662536
483.0 0.0009133751518675126
484.0 0.000466302390123019
485.0 0.001274002806894714
486.0 0.002081703132716939
487.0 0.001520726891612867
488.0 0.0009597506505087949
489.0 0.0017398602722096257
490.0 0.002519970075809397
491.0 0.002341615800105501
492.0 0.002163261524401605
493.0 0.002016811959038023
494.0 0.0018703627574723214
495.0 0.0016333235180354677
496.0 0.001396284278598614
497.0 0.0012645249626075383
498.0 0.001132765828515403
499.0 0.0012307158613111824
500.0 0.0013286662579048425
501.0 0.0008939409781305585
502.0 0.00045921547098259907
503.0 0.0012558714843180496
504.0 0.002052527452178765
505.0 0.002210456477769185
506.0 0.002368385685258545
507.0 0.002283386857016012
508.0 0.0021983876649755985
509.0 0.0018420390915707685
510.0 0.001485690791014349
511.0 0.0012014971616736148
512.0 0.0009173035323328804
513.0 0.0012917485037178267
514.0 0.0016661937479511835
515.0 0.0012736258213408291
516.0 0.0008810584404272959
517.0 0.0008626538146927487
518.0 0.0008442490980087314
519.0 0.0010287209988746326
520.0 0.0012131926268921234
521.0 0.0016028041500248946
522.0 0.0019924154912587255
523.0 0.0013580441191152204
524.0 0.0007236727469717152
525.0 0.0007821198778401595
526.0 0.0008405672815570142
527.0 0.0011858374818984885
528.0 0.0015311079550883733
529.0 0.0013192826372687705
530.0 0.0011074567737523466
531.0 0.0011458129847596865
532.0 0.0011841692867164966
533.0 0.0008426432941632811
534.0 0.0005011173925595358
535.0 0.0010968428796331864
536.0 0.0016925685486057773
537.0 0.0016921696442295797
538.0 0.0016917709217523225
539.0 0.0011809333955170587
540.0 0.0006700956419081194
541.0 0.0007600998742418597
542.0 0.0008501043339492753
543.0 0.0012346676157903858
544.0 0.0016192308976314962
545.0 0.00109348466139636
546.0 0.0005677386980096344
547.0 0.0012372251148917712
548.0 0.0019067110770265572
549.0 0.001701831934042275
550.0 0.0014969527001085225
551.0 0.0015278445061994717
552.0 0.0015587362213409506
553.0 0.0013501040484698024
554.0 0.0011414716936997138
555.0 0.0010684211702027824
556.0 0.000995370646705851
557.0 0.0013502281944965944
558.0 0.0017050855603883974
559.0 0.0017376343748765066
560.0 0.0017701826436677948
561.0 0.001624615106265992
562.0 0.001479047477914719
563.0 0.0011958054528804496
564.0 0.0009125633368967101
565.0 0.0017346927052130923
566.0 0.002556822437327355
567.0 0.0028787018891307525
568.0 0.003200580977136269
569.0 0.0029816097594448365
570.0 0.0027626383598544635
571.0 0.0026376508685643785
572.0 0.0025126628315774724
573.0 0.00201389666472096
574.0 0.0015151308616623282
575.0 0.001964136208698619
576.0 0.0024131413738359697
577.0 0.0020404277165653184
578.0 0.0016677144230925478
579.0 0.0017765056327334605
580.0 0.0018852962966775522
581.0 0.001675958810665179
582.0 0.0014666211427538656
583.0 0.001888338738353923
584.0 0.0023100563339539804
585.0 0.0025369883587700315
586.0 0.002763920565485023
587.0 0.00211643819056917
588.0 0.0014689553609059658
589.0 0.0021184489014558494
590.0 0.002767942532955203
591.0 0.0019099434211966582
592.0 0.001051944218488643
593.0 0.0008272596460301429
594.0 0.0006025748916727025
595.0 0.0010531157386139967
596.0 0.0015036564946058206
597.0 0.0013657253475685138
598.0 0.001227794200531207
599.0 0.0008609309588791803
600.0 0.0004940678991260938
601.0 0.00045238052734930534
602.0 0.0004106929736735765
603.0 0.0008934017387218773
604.0 0.0013761100490228273
605.0 0.00085830943135079
606.0 0.000340508495355607
607.0 0.0007989490768522955
608.0 0.001257389612874249
609.0 0.0012108595001336653
610.0 0.001164329114544671
611.0 0.0010164379091293085
612.0 0.0008685465218150057
613.0 0.0008420824997301679
614.0 0.0008156185685948003
615.0 0.0012477257769205607
616.0 0.0016798332580947317
617.0 0.0021569354430539533
618.0 0.0026340374461142346
619.0 0.0022003723643138073
620.0 0.0017667071006144397
621.0 0.001490115300839534
622.0 0.0012135232282162178
623.0 0.0015599211110384203
624.0 0.001906319084810093
625.0 0.0016808864529593848
626.0 0.0014554540030076168
627.0 0.0018827828171197325
628.0 0.002310111995029729
629.0 0.002091449459840078
630.0 0.001872786924650427
631.0 0.0016734073142288253
632.0 0.001474027430958813
633.0 0.0018226379324914888
634.0 0.0021712488887715153
635.0 0.005146598050487228
636.0 0.008121946302708238
637.0 0.015462255396414548
638.0 0.02280256594531238
639.0 0.019819175940938294
640.0 0.016835785936564207
641.0 0.014603891759179533
642.0 0.012372000492177904
643.0 0.009912924724631011
644.0 0.007453850412275642
645.0 0.006723497062921524
646.0 0.005993144077365287
647.0 0.005467447408591397
648.0 0.0049417507398175076
649.0 0.004060627179569565
650.0 0.0031795043469173834
651.0 0.003631222716649063
652.0 0.004082941450178623
653.0 0.0033453576179454103
654.0 0.0026077737857121974
655.0 0.0028165326511953026
656.0 0.003025292244274169
657.0 0.0029412180083454587
658.0 0.002857143226719927
659.0 0.002722224780882243
660.0 0.0025873061531456187
661.0 0.002739655610639602
662.0 0.0028920047043357044
663.0 0.0019881787011399865
664.0 0.0010843526979442686
665.0 0.0015753881598357111
666.0 0.0020664241674239747
667.0 0.002369154753978364
668.0 0.0026718857043306343
669.0 0.0019601031453930773
670.0 0.0012483208593039308
671.0 0.0009187320756609552
672.0 0.0005891432010685094
673.0 0.0012796599548892118
674.0 0.0019701767087099142
675.0 0.0020646066332119517
676.0 0.002159036375815049
677.0 0.001914512540679425
678.0 0.0016699879779480398
679.0 0.0013722667972615454
680.0 0.0010745453437266406
681.0 0.00116875571620767
682.0 0.001262965815840289
683.0 0.0023736636649118736
684.0 0.003484361877781339
685.0 0.0028434691557777114
686.0 0.0022025771613698453
687.0 0.0016542404409847222
688.0 0.0011059038115490694
689.0 0.001421199158357922
690.0 0.0017364944142173044
691.0 0.0020966257579857484
692.0 0.0024567571017541923
693.0 0.002836289240804035
694.0 0.0032158215617528185
695.0 0.003323736382299103
696.0 0.0034316508390475065
697.0 0.003710071905516088
698.0 0.0039884929719846696
699.0 0.005900038740946911
700.0 0.0078115837823133916
701.0 0.007317398558370769
702.0 0.006823214062023908
703.0 0.0062918530602473766
704.0 0.005760489875683561
705.0 0.005141847213963047
706.0 0.004523204552242532
707.0 0.004279292988940142
708.0 0.004035381061839871
709.0 0.004252500366419554
710.0 0.004469620034797117
711.0 0.003984434079029597
712.0 0.003499248850857839
713.0 0.0024572600523242727
714.0 0.0014152713447401766
715.0 0.002168635546695441
716.0 0.0029219998396001756
717.0 0.0025158433345495723
718.0 0.0021096866476000287
719.0 0.001684469316387549
720.0 0.0012592516213771887
721.0 0.001181445986730978
722.0 0.0011036401701858267
723.0 0.0009406054232385941
724.0 0.0007775704943924211
725.0 0.0012108631381124724
726.0 0.0016441557818325236
727.0 0.0017197682609548792
728.0 0.001795380376279354
729.0 0.0018227085092803463
730.0 0.0018500362784834579
731.0 0.0013903054423280992
732.0 0.0009305746061727405
733.0 0.0009931429303833283
734.0 0.001055711163644446
735.0 0.001119852822739631
736.0 0.0011839942089864053
737.0 0.0013401660908129998
738.0 0.001496337881690124
739.0 0.001126479128288338
740.0 0.0007566203748865519
741.0 0.0009541932740830816
742.0 0.0011517659004312009
743.0 0.0015742283721920103
744.0 0.001996690480154939
745.0 0.0013172240869607776
746.0 0.0006377576482918812
747.0 0.0011511976481415331
748.0 0.0016646377844153903
749.0 0.002343525738979224
750.0 0.0030224138754419982
751.0 0.003001199002028443
752.0 0.0029799841286148876
753.0 0.002994533315359149
754.0 0.0030090828659012914
755.0 0.0019549830540199764
756.0 0.0009008832421386614
757.0 0.0018826140149030834
758.0 0.002864344605768565
759.0 0.0027673439035424963
760.0 0.0026703428375185467
761.0 0.004416231968207285
762.0 0.006162120553199202
763.0 0.005692967533832416
764.0 0.005223813786869869
765.0 0.005212434916757047
766.0 0.00520105822943151
767.0 0.00454513865406625
768.0 0.0038892187149031088
769.0 0.003448178540566005
770.0 0.003007138366228901
771.0 0.0038792859413661063
772.0 0.00475143278890755
773.0 0.004025550151709467
774.0 0.0032996667869156227
775.0 0.08256459259428084
776.0 1.671346437984167e-10
777.0 1.671346437984167e-10
778.0 0.05814392934553325
779.0 1.671346437984167e-10
780.0 1.671346437984167e-10
781.0 0.1311602653004229
782.0 0.048526740283705294
783.0 1.671346437984167e-10
784.0 0.08010281599126756
785.0 0.0849724339786917
786.0 1.671346437984167e-10
787.0 0.022764623281545937
788.0 0.04838887834921479
789.0 1.671346437984167e-10
790.0 0.04669626650866121
791.0 1.671346437984167e-10
792.0 0.15606993110850453
793.0 1.671346437984167e-10
794.0 0.030987145146355033
795.0 0.1319281873293221
796.0 0.13365717604756355
797.0 0.08117955876514316
798.0 0.18193242140114307
799.0 0.14635041588917375
800.0 0.3688746364787221
801.0 0.5168260540813208
802.0 1.0098562575876713
803.0 1.6032103449106216
804.0 2.59685181081295
805.0 3.9154913276433945
806.0 5.608855187892914
807.0 7.804390043020248
808.0 10.327595472335815
809.0 13.20071816444397
810.0 16.54887944459915
811.0 19.67175602912903
812.0 22.655464708805084
813.0 26.209989190101624
814.0 30.30824065208435
815.0 35.225892066955566
816.0 40.62506854534149
817.0 46.75792455673218
818.0 53.18824648857117
819.0 59.73790884017944
820.0 67.61301755905151
821.0 74.80692267417908
822.0 80.50834536552429
823.0 85.18884778022766
824.0 89.39429521560669
825.0 93.41138005256653
826.0 95.36420106887817
827.0 97.26405143737793
828.0 98.82778525352478
829.0 99.11930561065674
830.0 98.82118105888367
831.0 99.03308153152466
832.0 98.61521124839783
833.0 99.86783266067505
834.0 98.10555577278137
835.0 98.94428253173828
836.0 98.96601438522339
837.0 98.84665608406067
838.0 98.0700671672821
839.0 98.38483333587646
840.0 98.71426224708557
841.0 99.14392232894897
842.0 99.52097535133362
843.0 99.62983131408691
844.0 98.28696250915527
845.0 98.57914447784424
846.0 98.87707829475403
847.0 98.70717525482178
848.0 99.7556209564209
849.0 98.82621765136719
850.0 98.08884859085083
851.0 99.30053949356079
852.0 99.50141310691833
853.0 98.88995289802551
854.0 99.68178868293762
855.0 98.25919270515442
856.0 98.82299900054932
857.0 97.6938247680664
858.0 98.74893426895142
859.0 99.4882583618164
860.0 98.58114719390869
861.0 98.83127808570862
862.0 98.63548278808594
863.0 97.86409735679626
864.0 99.51646327972412
865.0 99.7593343257904
866.0 98.55039715766907
867.0 99.34815168380737
868.0 99.55666661262512
869.0 98.91796112060547
870.0 98.10421466827393
871.0 98.78467917442322
872.0 99.30267333984375
873.0 99.11976456642151
874.0 99.6968150138855
875.0 98.76404404640198
876.0 98.91553521156311
877.0 99.59311485290527
878.0 98.87999296188354
879.0 98.68882298469543
880.0 98.69936108589172
881.0 100.05419254302979
882.0 98.51641058921814
883.0 98.59936237335205
884.0 99.06812906265259
885.0 98.8260805606842
886.0 98.6881971359253
887.0 98.46030473709106
888.0 98.86859655380249
889.0 99.56128001213074
890.0 97.93693423271179
891.0 99.39814805984497
892.0 98.71549606323242
893.0 98.3023464679718
894.0 98.178231716156
895.0 99.36072826385498
896.0 99.04180765151978
