lsstCam/transmission_filter_detector/r10_s02/z_20/19700101T000000.ecsv
# %ECSV 1.0
# ---
# datatype:
# - {name: wavelength, unit: nm, datatype: float32}
# - {name: efficiency, unit: '%', datatype: float64}
# meta: !!omap
# - {MODE: DETECTOR}
# - {TYPE: transmission_filter_detector}
# - {CALIBDATE: '1970-01-01T00:00:00'}
# - {INSTRUME: LSSTCam}
# - {OBSTYPE: transmission_filter_detector}
# - {CALIBCLS: lsst.ip.isr.IntermediateFilterDetectorTransmissionCurve}
# - {SOURCE: Materion (DM-46256)}
# - {DETECTOR: 29}
# - {FILTER: z_20}
# - {CALIB_ID: 'calibDate=1970-01-01T00:00:00 filter=z_20 detector=29'}
# - {DATE: '2025-04-02T15:59:48.768909'}
# - {CALIB_CREATION_DATE: '2025-04-02'}
# - {CALIB_CREATION_TIME: '15:59:48'}
# - __serialized_columns__:
#     efficiency:
#       __class__: astropy.units.quantity.Quantity
#       unit: !astropy.units.Unit {unit: '%'}
#       value: !astropy.table.SerializedColumn {name: efficiency}
#     wavelength:
#       __class__: astropy.units.quantity.Quantity
#       unit: !astropy.units.Unit {unit: nm}
#       value: !astropy.table.SerializedColumn {name: wavelength}
# schema: astropy-2.0
wavelength efficiency
[from data line 598]
898.0 98.82345199584961
899.0 98.81102442741394
900.0 98.665851354599
901.0 99.36530590057373
902.0 99.17958974838257
903.0 98.54087829589844
904.0 97.74982333183289
905.0 98.62968921661377
906.0 98.09976816177368
907.0 98.45533967018127
908.0 98.12085032463074
909.0 98.27820062637329
910.0 98.10460209846497
911.0 97.06143736839294
912.0 96.3078260421753
913.0 95.01944184303284
914.0 92.88678765296936
915.0 90.2949333190918
916.0 88.16881775856018
917.0 86.89513802528381
918.0 83.02176594734192
919.0 82.09792375564575
920.0 78.87645959854126
921.0 75.246661901474
922.0 70.90062499046326
923.0 65.15913605690002
924.0 59.38962697982788
925.0 53.7431538105011
926.0 47.896891832351685
927.0 40.52974283695221
928.0 34.50940251350403
929.0 28.299739956855774
930.0 22.61263132095337
931.0 17.530973255634308
932.0 12.118014693260193
933.0 7.861965149641037
934.0 5.048293620347977
935.0 3.069877438247204
936.0 1.711355336010456
937.0 1.0610089637339115
938.0 0.619695708155632
939.0 0.30563059262931347
940.0 0.1940132468007505
941.0 0.2826220588758588
942.0 0.12370527256280184
943.0 0.13682976132258773
944.0 0.0029763194106635638
945.0 0.11890946188941598
946.0 1.671346437984167e-10
947.0 1.671346437984167e-10
948.0 1.671346437984167e-10
949.0 0.01802447368390858
950.0 1.671346437984167e-10
951.0 0.0950883433688432
952.0 1.671346437984167e-10
953.0 0.003712536272360012
954.0 0.02959208795800805
955.0 1.671346437984167e-10
956.0 1.671346437984167e-10
957.0 1.671346437984167e-10
958.0 1.671346437984167e-10
959.0 1.671346437984167e-10
960.0 1.671346437984167e-10
961.0 0.010739755089161918
962.0 1.671346437984167e-10
963.0 1.671346437984167e-10
964.0 1.671346437984167e-10
965.0 0.027218947070650756
966.0 0.015482977323699743
967.0 0.018352706683799624
968.0 0.0023987924578250386
969.0 1.671346437984167e-10
970.0 1.671346437984167e-10
971.0 1.671346437984167e-10
972.0 1.671346437984167e-10
973.0 1.671346437984167e-10
974.0 1.671346437984167e-10
975.0 1.671346437984167e-10
976.0 0.006267522257985547
977.0 0.0062720013374928385
978.0 0.006276481872191653
979.0 0.006104494241299108
980.0 0.005932504427619278
981.0 0.005806156696053222
982.0 0.005679809692082927
983.0 0.005552070069825277
984.0 0.005424331175163388
985.0 0.005160082218935713
986.0 0.004895832535112277
987.0 0.0048802277888171375
988.0 0.004864623042521998
989.0 0.004819497917196713
990.0 0.004774373155669309
991.0 0.004844045179197565
992.0 0.004913717566523701
993.0 0.0048153597163036466
994.0 0.004717001138487831
995.0 0.0046962977648945525
996.0 0.004675594755099155
997.0 0.004471528518479317
998.0 0.004267461918061599
999.0 0.004260387868271209
1000.0 0.004253313454682939
1001.0 0.004400384568725713
1002.0 0.004547454955172725
1003.0 0.0044747783249476925
1004.0 0.004402101330924779
1005.0 0.004285558679839596
1006.0 0.004169015664956532
1007.0 0.004205930235912092
1008.0 0.004242844443069771
1009.0 0.004344229455455206
1010.0 0.0044456148316385224
1011.0 0.004519729918683879
1012.0 0.004593845369527116
1013.0 0.004440266275196336
1014.0 0.004286687544663437
1015.0 0.0044145661377115175
1016.0 0.004542444366961718
1017.0 0.004824460484087467
1018.0 0.0051064769650110975
1019.0 0.0048508452891837806
1020.0 0.004595213613356464
1021.0 0.004626931695383973
1022.0 0.004658649777411483
1023.0 0.004609283496392891
1024.0 0.004559916487778537
1025.0 0.004695525058195926
1026.0 0.004831133264815435
1027.0 0.004782351970789023
1028.0 0.004733571040560491
1029.0 0.0046990873670438305
1030.0 0.00466460405732505
1031.0 0.00474510234198533
1032.0 0.00482560062664561
1033.0 0.004960077421856113
1034.0 0.005094554217066616
1035.0 0.005270161636872217
1036.0 0.005445768692879938
1037.0 0.0055270447774091735
1038.0 0.0056083208619384095
1039.0 0.0055473807151429355
1040.0 0.0054864398407517
1041.0 0.00580749474465847
1042.0 0.006128550012363121
1043.0 0.0056011707783909515
1044.0 0.005073791180620901
1045.0 0.005748966214014217
1046.0 0.006424140156013891
1047.0 0.006113692506914958
1048.0 0.005803244130220264
1049.0 0.005984539166092873
1050.0 0.006165834201965481
1051.0 0.006412337097572163
1052.0 0.006658841448370367
1053.0 0.006757752998964861
1054.0 0.006856665277155116
1055.0 0.00749340106267482
1056.0 0.008130137575790286
1057.0 0.007807660585967824
1058.0 0.0074851850513368845
1059.0 0.007616264338139445
1060.0 0.007747342897346243
1061.0 0.008395209442824125
1062.0 0.009043076715897769
1063.0 0.009025134204421192
1064.0 0.009007191692944616
1065.0 0.009012974624056369
1066.0 0.00901876119314693
1067.0 0.009285743726650253
1068.0 0.009552729170536622
1069.0 0.01038701448123902
1070.0 0.011221298336749896
1071.0 0.010907315299846232
1072.0 0.010593332262942567
1073.0 0.010613857011776417
1074.0 0.010634380305418745
1075.0 0.011267266381764784
1076.0 0.011900156096089631
1077.0 0.011975251254625618
1078.0 0.012050345685565844
1079.0 0.013205187860876322
1080.0 0.014360029308591038
1081.0 0.014226499479264021
1082.0 0.01409297256032005
1083.0 0.014000406372360885
1084.0 0.013907838729210198
1085.0 0.014840319636277854
1086.0 0.015772801998537034
1087.0 0.015393816283904016
1088.0 0.015014832024462521
1089.0 0.016395635611843318
1090.0 0.017776439199224114
1091.0 0.017658478463999927
1092.0 0.017540514818392694
1093.0 0.01740516017889604
1094.0 0.017269801173824817
1095.0 0.018642893701326102
1096.0 0.02001598768401891
1097.0 0.02010035968851298
1098.0 0.020184731693007052
1099.0 0.02230776590295136
1100.0 0.024430794292129576
1101.0 0.024293738533742726
1102.0 0.02415667986497283
1103.0 0.02545735624153167
1104.0 0.026758029707707465
1105.0 0.026780174812301993
1106.0 0.026802319916896522
1107.0 0.028001630562357605
1108.0 0.029200941207818687
1109.0 0.030788188450969756
1110.0 0.032375435694120824
1111.0 0.03221758524887264
1112.0 0.0320597377140075
1113.0 0.03333059721626341
1114.0 0.03460146836005151
1115.0 0.03326690348330885
1116.0 0.03193234733771533
1117.0 0.033261298085562885
1118.0 0.03459025174379349
1119.0 0.03803711151704192
1120.0 0.04148396837990731
1121.0 0.04224059812258929
1122.0 0.042997230775654316
1123.0 0.04312327364459634
1124.0 0.04324931651353836
1125.0 0.04445667436812073
1126.0 0.0456640322227031
1127.0 0.04896114696748555
1128.0 0.052258255891501904
1129.0 0.05586210754700005
1130.0 0.0594659592024982
1131.0 0.06020475411787629
1132.0 0.0609435373917222
1133.0 0.0634826603345573
1134.0 0.06602178327739239
1135.0 0.06375207449309528
1136.0 0.06148237152956426
1137.0 0.06750163738615811
1138.0 0.07352090906351805
1139.0 0.07733981474302709
1140.0 0.0811586796771735
1141.0 0.0900214770808816
1142.0 0.09888425702229142
1143.0 0.11943725403398275
1144.0 0.13999020447954535
1145.0 0.27861662674695253
1146.0 0.41724308393895626
1147.0 0.8726688101887703
1148.0 1.328094583004713
1149.0 1.5165668912231922
1150.0 1.7050404101610184
