lsstCam/transmission_filter_detector/r30_s20/g_6/19700101T000000.ecsv
# %ECSV 1.0
# ---
# datatype:
# - {name: wavelength, unit: nm, datatype: float32}
# - {name: efficiency, unit: '%', datatype: float64}
# meta: !!omap
# - {MODE: DETECTOR}
# - {TYPE: transmission_filter_detector}
# - {CALIBDATE: '1970-01-01T00:00:00'}
# - {INSTRUME: LSSTCam}
# - {OBSTYPE: transmission_filter_detector}
# - {CALIBCLS: lsst.ip.isr.IntermediateFilterDetectorTransmissionCurve}
# - {SOURCE: Materion (DM-46256)}
# - {DETECTOR: 123}
# - {FILTER: g_6}
# - {CALIB_ID: 'calibDate=1970-01-01T00:00:00 filter=g_6 detector=123'}
# - {DATE: '2025-04-02T15:59:42.597309'}
# - {CALIB_CREATION_DATE: '2025-04-02'}
# - {CALIB_CREATION_TIME: '15:59:42'}
# - __serialized_columns__:
#     efficiency:
#       __class__: astropy.units.quantity.Quantity
#       unit: !astropy.units.Unit {unit: '%'}
#       value: !astropy.table.SerializedColumn {name: efficiency}
#     wavelength:
#       __class__: astropy.units.quantity.Quantity
#       unit: !astropy.units.Unit {unit: nm}
#       value: !astropy.table.SerializedColumn {name: wavelength}
# schema: astropy-2.0
wavelength efficiency
300.0 0.335028232075274
301.0 0.29856753535568714
302.0 0.26210679206997156
303.0 0.23840863723307848
304.0 0.2147104823961854
305.0 0.21809241734445095
306.0 0.2214743522927165
307.0 0.2077683573588729
308.0 0.19406239734962583
309.0 0.19072390859946609
310.0 0.18738540820777416
311.0 0.1907553873024881
312.0 0.19412535475566983
313.0 0.19091861322522163
314.0 0.18771190661936998
315.0 0.18125150818377733
316.0 0.17479110974818468
317.0 0.17108386382460594
318.0 0.1673766179010272
319.0 0.15732726315036416
320.0 0.1472779200412333
321.0 0.13625967549160123
322.0 0.1252414076589048
323.0 0.11367929400876164
324.0 0.10211715707555413
325.0 0.09202972869388759
326.0 0.08194229449145496
327.0 0.07393845589831471
328.0 0.06593461148440838
329.0 0.061858148546889424
330.0 0.05778168560937047
331.0 0.0540825305506587
332.0 0.050383375491946936
333.0 0.047968351282179356
334.0 0.04555332416202873
335.0 0.04311605298426002
336.0 0.040678781806491315
337.0 0.04056627512909472
338.0 0.04045376263093203
339.0 0.03928891965188086
340.0 0.03812406794168055
341.0 0.036962146987207234
342.0 0.03580022894311696
343.0 0.03260601370129734
344.0 0.029411795549094677
345.0 0.025992616428993642
346.0 0.0225734431296587
347.0 0.02074913209071383
348.0 0.01892482250696048
349.0 0.017488902085460722
350.0 0.7014828268438578
351.0 0.9739003144204617
352.0 0.38373905699700117
353.0 0.7394259795546532
354.0 0.7017938885837793
355.0 0.8097891695797443
356.0 0.4533064551651478
357.0 0.725842360407114
358.0 0.3678317880257964
359.0 0.7467635441571474
360.0 0.4674081224948168
361.0 0.5456177052110434
362.0 0.5607818718999624
363.0 0.7683259900659323
364.0 0.5603008903563023
365.0 0.9635940194129944
366.0 0.5238973535597324
367.0 0.7027435582131147
368.0 0.5197489634156227
369.0 0.4719831980764866
370.0 0.48937886022031307
371.0 0.5262334365397692
372.0 0.3597936360165477
373.0 0.5419389344751835
374.0 0.363149750046432
375.0 0.400611013174057
376.0 0.4760356154292822
377.0 0.4542331211268902
378.0 0.43682060204446316
379.0 0.4796550143510103
380.0 0.28994239401072264
381.0 0.5310573149472475
382.0 0.5286192987114191
383.0 0.48264143988490105
384.0 0.5671928636729717
385.0 0.6506881676614285
386.0 0.6707670632749796
387.0 0.760865630581975
388.0 1.0906929150223732
389.0 1.4631103724241257
390.0 2.1830610930919647
391.0 3.433103859424591
392.0 5.317918956279755
393.0 8.39870423078537
394.0 12.67421692609787
395.0 18.16488802433014
396.0 24.878911674022675
397.0 33.11178386211395
398.0 42.30295717716217
399.0 52.05230712890625
400.0 61.4371657371521
401.0 69.8897123336792
402.0 77.32190489768982
403.0 83.0661952495575
404.0 87.0658814907074
405.0 89.97265696525574
406.0 91.40452742576599
407.0 92.55847334861755
408.0 93.15006732940674
409.0 93.35840344429016
410.0 93.32792162895203
411.0 93.05290579795837
412.0 92.81331300735474
413.0 92.58701205253601
414.0 92.47998595237732
415.0 92.8352415561676
416.0 93.29575300216675
417.0 93.69016885757446
418.0 94.25032138824463
419.0 94.75125670433044
420.0 95.10138034820557
421.0 95.68449854850769
422.0 95.6843614578247
423.0 95.86310386657715
424.0 95.65033912658691
425.0 95.42938470840454
426.0 95.38336396217346
427.0 95.33811211585999
428.0 95.22231817245483
429.0 95.08212804794312
430.0 95.0715720653534
431.0 95.17898559570312
432.0 95.24229764938354
433.0 95.36027312278748
434.0 95.3652560710907
435.0 95.37643790245056
436.0 95.49744725227356
437.0 95.4724133014679
438.0 95.60049772262573
439.0 95.71630358695984
440.0 95.72088122367859
441.0 95.85479497909546
442.0 95.70203423500061
443.0 95.6023633480072
444.0 95.4419732093811
445.0 95.16949653625488
446.0 95.11685967445374
447.0 94.98680233955383
448.0 95.1074481010437
449.0 95.42973637580872
450.0 95.63990235328674
451.0 95.87270021438599
452.0 96.10135555267334
453.0 96.15686535835266
454.0 96.17234468460083
455.0 96.45968079566956
456.0 96.56755328178406
457.0 96.75700068473816
458.0 96.73740267753601
459.0 96.72386050224304
460.0 96.69744372367859
461.0 96.79029583930969
462.0 96.68794870376587
463.0 96.59250974655151
464.0 96.66911959648132
465.0 96.57705426216125
466.0 96.55088186264038
467.0 96.60347700119019
468.0 96.611487865448
469.0 96.57100439071655
470.0 96.49142622947693
471.0 96.30400538444519
472.0 96.38866782188416
473.0 96.24781012535095
474.0 96.1607038974762
475.0 96.30950689315796
476.0 96.37153744697571
477.0 96.44957780838013
478.0 96.64632678031921
479.0 96.57526016235352
480.0 96.80141806602478
481.0 96.81420922279358
482.0 96.96329832077026
483.0 96.9387412071228
484.0 97.08741307258606
485.0 97.10128903388977
486.0 97.12793827056885
487.0 97.10612297058105
488.0 97.17733263969421
489.0 97.28748798370361
490.0 97.26404547691345
491.0 97.29045033454895
492.0 97.26452827453613
493.0 97.23595380783081
494.0 97.2499668598175
495.0 97.2760796546936
496.0 97.09563851356506
497.0 97.05991744995117
498.0 96.81518077850342
499.0 96.9092071056366
500.0 96.84833288192749
501.0 96.83727025985718
502.0 96.79886102676392
503.0 96.93076014518738
504.0 96.80448770523071
505.0 96.79520726203918
506.0 96.85070514678955
507.0 96.73870801925659
508.0 96.76205515861511
509.0 96.77055478096008
510.0 96.71053290367126
511.0 96.73203825950623
512.0 96.60285115242004
513.0 96.70687913894653
514.0 96.67918086051941
515.0 96.78669571876526
516.0 96.91668152809143
517.0 96.90349102020264
518.0 96.96472883224487
519.0 96.94303870201111
520.0 96.95724844932556
521.0 97.0626711845398
522.0 97.04461693763733
523.0 97.03696370124817
524.0 97.051602602005
525.0 96.9453513622284
526.0 97.03630208969116
527.0 97.01383113861084
528.0 97.07930088043213
529.0 97.15474843978882
530.0 97.16302752494812
531.0 97.28744626045227
532.0 97.14678525924683
533.0 97.06496000289917
534.0 96.99768424034119
535.0 96.67799472808838
536.0 96.07952237129211
537.0 95.18990516662598
538.0 94.05087232589722
539.0 92.07725524902344
540.0 89.77550864219666
541.0 86.3751769065857
542.0 82.93660283088684
543.0 78.49739193916321
544.0 73.31702709197998
545.0 68.81886720657349
546.0 63.77660036087036
547.0 59.56161618232727
548.0 55.63178062438965
549.0 52.38234996795654
550.0 49.942052364349365
551.0 47.51218557357788
552.0 45.3332781791687
553.0 42.58283078670502
554.0 38.90841007232666
555.0 34.71623957157135
556.0 29.35793399810791
557.0 23.627278208732605
558.0 17.99069344997406
559.0 13.034315407276154
560.0 8.829426020383835
561.0 5.370964854955673
562.0 3.0977679416537285
563.0 1.641019806265831
564.0 0.8496210910379887
565.0 0.3954544197767973
566.0 0.2384747378528118
567.0 0.12578022433444858
568.0 0.08014451013877988
569.0 0.05678807501681149
570.0 0.05194350378587842
571.0 0.03479231963865459
572.0 0.04749885119963437
573.0 0.02286722883582115
574.0 0.0332276860717684
575.0 0.02424678095849231
576.0 0.016848111408762634
577.0 0.021026299509685487
578.0 0.022593695030082017
579.0 0.020462277461774647
580.0 0.019298797997180372
581.0 0.01806350628612563
582.0 0.017219538858626038
583.0 0.0178485584910959
584.0 0.027397333178669214
585.0 0.015184987569227815
586.0 0.018874018860515207
587.0 0.01769547670846805
588.0 0.012433109804987907
589.0 0.01886438112705946
590.0 0.013339536963030696
591.0 0.010995411867043003
592.0 0.0027298394343233667
593.0 0.007260580605361611
594.0 0.017242647300008684
595.0 0.0020505387510638684
596.0 0.025932243443094194
597.0 2.6922973399290395e-10
598.0 0.0012882247574452776
599.0 0.01057158297044225
600.0 0.00698554576956667
601.0 0.0021123089027241804
602.0 0.002013712582993321
603.0 0.0019151160813635215
604.0 0.001933964085765183
605.0 0.0019528117263689637
606.0 0.0019566050468711182
607.0 0.0019603981854743324
608.0 0.0019017830709344707
609.0 0.0018431675925967284
610.0 0.0018255092072649859
611.0 0.001807850640034303
612.0 0.0017931030015461147
613.0 0.001778355726855807
614.0 0.0018108221411239356
615.0 0.0018432885553920642
616.0 0.0016811442037578672
617.0 0.0015189998521236703
618.0 0.001515695566922659
619.0 0.0015123914636205882
620.0 0.0013608823792310432
621.0 0.0012093731129425578
622.0 0.0013237297935120296
623.0 0.0014380863831320312
624.0 0.0014723064850841183
625.0 0.001506526859884616
626.0 0.0014208931133907754
627.0 0.0013352593668969348
628.0 0.0013711104656977113
629.0 0.0014069614735490177
630.0 0.0013885593943996355
631.0 0.0013701572243007831
632.0 0.0013836037396686152
633.0 0.001397050164086977
634.0 0.0013417543414107058
635.0 0.0012864585187344346
636.0 0.001303447425016202
637.0 0.0013204358765506186
638.0 0.0011888128028658684
639.0 0.0010571896382316481
640.0 0.0011523058674356434
641.0 0.0012474223694880493
642.0 0.0011986992831225507
643.0 0.0011499762877065223
644.0 0.0011748280485335272
645.0 0.0011996803550573532
646.0 0.0011831575648102444
647.0 0.0011666347745631356
648.0 0.0012201560821267776
649.0 0.0012736773896904197
650.0 0.0012178761608083732
651.0 0.0011620747500273865
652.0 0.0011954359251831193
653.0 0.0012287971912883222
654.0 0.0012186766070954036
655.0 0.0012085561138519552
656.0 0.0011770819583034609
657.0 0.0011456077118054964
658.0 0.0011358523806848098
659.0 0.0011260966857662424
660.0 0.0010625104550854303
661.0 0.0009989238606067374
662.0 0.00104213941085618
663.0 0.0010853548701561522
664.0 0.0011864465705002658
665.0 0.0012875381798949093
666.0 0.0012781015357177239
667.0 0.0012686648005910683
668.0 0.0011768894182750955
669.0 0.001085113672161242
670.0 0.001178368074761238
671.0 0.0012716228411591146
672.0 0.001124097889260156
673.0 0.000976573210209608
674.0 0.0010464386832609307
675.0 0.0011163040653627831
676.0 0.0010243570613965858
677.0 0.0009324097845819779
678.0 0.0009160567969956901
679.0 0.000899703627510462
680.0 0.0009257598321710248
681.0 0.0009518162187305279
682.0 0.0009549410606268793
683.0 0.0009580661753716413
684.0 0.0008479201824229676
685.0 0.0007377739621006185
686.0 0.000819124670670135
687.0 0.0009004753337649163
688.0 0.0009319242053607013
689.0 0.0009633732588554267
690.0 0.001053541200235486
691.0 0.0011437092325650156
692.0 0.001072316626959946
693.0 0.0010009241123043466
694.0 0.0009684076758276206
695.0 0.0009358911484014243
696.0 0.0010270198799844366
697.0 0.0011181489753653295
698.0 0.0011588420420594048
699.0 0.0011995353816018905
700.0 0.0012214945854793768
701.0 0.0012434535165084526
702.0 0.0011436789463914465
703.0 0.0010439041943755
704.0 0.0010932776604022365
705.0 0.0011426509445300326
706.0 0.001124827304010978
707.0 0.0011070033906435128
708.0 0.0011154140338476282
709.0 0.0011238245861022733
710.0 0.0011711310435202904
711.0 0.001218437228089897
712.0 0.001268077721761074
713.0 0.0013177181244827807
714.0 0.0013752770428254735
715.0 0.0014328359611681662
716.0 0.0014627353266405407
717.0 0.0014926349649613257
718.0 0.001531676207378041
719.0 0.0015707175407442264
720.0 0.0014068619748286437
721.0 0.00124300586321624
722.0 0.0014053468476049602
723.0 0.0015676880138926208
724.0 0.0015277355487341993
725.0 0.0014877828107273672
726.0 0.001568879815749824
727.0 0.0016499767298228107
728.0 0.0016924666851991788
729.0 0.0017349566405755468
730.0 0.0017622953237150796
731.0 0.0017896341887535527
732.0 0.001676429747021757
733.0 0.0015632253052899614
734.0 0.0014629831639467739
735.0 0.0013627411135530565
736.0 0.0012349721146165393
737.0 0.001107203024730552
738.0 0.0010793211913551204
739.0 0.0010514390851312783
740.0 0.00094454308054992
741.0 0.0008376468940696213
742.0 0.0008811919542495161
743.0 0.0009247371053788811
744.0 0.0009404466254636645
745.0 0.0009561562364979181
746.0 0.000875347905093804
747.0 0.00079453966463916
748.0 0.0007985438060131855
749.0 0.0008025480383366812
750.0 0.0009179593689623289
751.0 0.0010333706995879766
752.0 0.0009695569133327808
753.0 0.0009057429451786447
754.0 0.0008770019121584482
755.0 0.0008482606062898412
756.0 0.0008577396329201292
757.0 0.0008672186595504172
758.0 0.0008734918083064258
759.0 0.0008797651389613748
760.0 0.0008843082468956709
761.0 0.0008888511729310267
762.0 0.0008270238140539732
763.0 0.0007651962732779793
764.0 0.0006235999990167329
765.0 0.00048200386117969174
766.0 0.0005174656052986393
767.0 0.0005529273494175868
768.0 0.0005813335519633256
769.0 0.0006097397090343293
770.0 0.0006063970431569032
771.0 0.0006030545137036825
772.0 0.0006666752597084269
773.0 0.0007302959602384362
774.0 0.0007229260063468246
775.0 0.0007155560524552129
776.0 0.0006530394330184208
777.0 0.0005905227226321585
778.0 0.0006149107775854645
779.0 0.0006392989689629758
780.0 0.0007646982339792885
781.0 0.0008900975444703363
782.0 0.0006434251190512441
783.0 0.00039675269363215193
784.0 0.0003199168077117065
785.0 0.0002430809445286286
786.0 0.00031256281545211095
787.0 0.00038204466363822576
788.0 0.00041719704313436523
789.0 0.0004523493771557696
790.0 0.000377169317289372
791.0 0.00030198937110981205
792.0 0.0002821572479660972
793.0 0.0002623251020850148
794.0 0.00024400189886364387
795.0 0.00022567865016753785
796.0 0.0003436976385273738
797.0 0.0004617167178366799
798.0 0.0003422843519729213
799.0 0.00022285203158389777
800.0 0.00035207440305384807
801.0 0.00048129681999853346
802.0 0.0005305842023517471
803.0 0.0005798716301796958
804.0 0.0004951948085363256
805.0 0.00041051803236769047
806.0 0.00045185747694631573
807.0 0.0004931969669996761
808.0 0.0004289118351152865
809.0 0.0003646267259682645
810.0 0.00032289751743519446
811.0 0.00028116821795265423
812.0 0.00031356421459349804
813.0 0.00034596025670907693
814.0 0.00037206418710411526
815.0 0.00039816818571125623
816.0 0.0005405976480687968
817.0 0.0006830272013758076
818.0 0.0005240610335022211
819.0 0.0003650949338407372
820.0 0.0003572693685782724
821.0 0.0003494439170026453
822.0 0.0003692025302370894
823.0 0.00038896114347153343
824.0 0.0004686018655775115
825.0 0.0005482426331582246
826.0 0.0005217418220127001
827.0 0.0004952410108671756
828.0 0.0004491912932280684
829.0 0.00040314157558896113
830.0 0.00034848401355702663
831.0 0.0002938264287877246
832.0 0.00026384404918644577
833.0 0.00023386164684779942
834.0 0.0002567297542555025
835.0 0.00027959777071373537
836.0 0.00034191605209343834
837.0 0.0004042342879984062
838.0 0.00045497354221879505
839.0 0.0005057127509644488
840.0 0.0003674098479677923
841.0 0.00022910694497113582
842.0 0.00038557368498004507
843.0 0.0005420404704636894
844.0 0.0006274513452808606
845.0 0.0007128622655727668
846.0 0.0005873879217688227
847.0 0.00046191353249014355
848.0 0.0003977773303631693
849.0 0.00033364112823619507
850.0 0.00023468912786483997
851.0 0.00013573718433690374
852.0 5.427604037322453e-05
853.0 2.6922973399290395e-10
854.0 7.678839324398723e-05
855.0 0.00018076185597237782
856.0 0.0002651490603966522
857.0 0.00034953632166434545
858.0 0.00041420416891924106
859.0 0.00047887206164887175
860.0 0.0004898595307167852
861.0 0.0005008469997846987
862.0 0.0004534629169938853
863.0 0.0004060787887283368
864.0 0.0003533462859195424
865.0 0.00030061382858548313
866.0 0.0003968850251112599
867.0 0.0004931562216370367
868.0 0.00043101417759316973
869.0 0.0003688720653372002
870.0 0.00043134450606885366
871.0 0.0004938170604873449
872.0 0.0004006997642136412
873.0 0.00030758249067730503
874.0 0.0005301887995301513
875.0 0.00075279508564563
876.0 0.0005617848728434183
877.0 0.00037077468277857406
878.0 0.0005146125204191776
879.0 0.0006584503807971487
880.0 0.000640731332168798
881.0 0.0006230122835404472
882.0 0.0005192850949242711
883.0 0.00041555795178283006
884.0 0.000477588173453114
885.0 0.0005396183951233979
886.0 0.0005627309747069376
887.0 0.0005858435088157421
888.0 0.0005995789251755923
889.0 0.0006133142960607074
890.0 0.0006425070750992745
891.0 0.0006716999905620469
892.0 0.0006366693924064748
893.0 0.0006016387033014325
894.0 0.0004945935415889835
895.0 0.00038754833440179937
896.0 0.0004481198629946448
897.0 0.0005086913915874902
898.0 0.0004511286988417851
899.0 0.00039356596062134486
900.0 0.00036425899452297017
901.0 0.00033495200568722794
902.0 0.0004754596830025548
903.0 0.000615967246631044
904.0 0.00047883313527563587
905.0 0.0003416990466575953
