lsstCam/transmission_filter_detector/r30_s20/g_6/19700101T000000.ecsv
# %ECSV 1.0
# ---
# datatype:
# - {name: wavelength, unit: nm, datatype: float32}
# - {name: efficiency, unit: '%', datatype: float64}
# meta: !!omap
# - {MODE: DETECTOR}
# - {TYPE: transmission_filter_detector}
# - {CALIBDATE: '1970-01-01T00:00:00'}
# - {INSTRUME: LSSTCam}
# - {OBSTYPE: transmission_filter_detector}
# - {CALIBCLS: lsst.ip.isr.IntermediateFilterDetectorTransmissionCurve}
# - {SOURCE: Materion (DM-46256)}
# - {DETECTOR: 123}
# - {FILTER: g_6}
# - {CALIB_ID: 'calibDate=1970-01-01T00:00:00 filter=g_6 detector=123'}
# - {DATE: '2025-04-02T15:59:42.597309'}
# - {CALIB_CREATION_DATE: '2025-04-02'}
# - {CALIB_CREATION_TIME: '15:59:42'}
# - __serialized_columns__:
#     efficiency:
#       __class__: astropy.units.quantity.Quantity
#       unit: !astropy.units.Unit {unit: '%'}
#       value: !astropy.table.SerializedColumn {name: efficiency}
#     wavelength:
#       __class__: astropy.units.quantity.Quantity
#       unit: !astropy.units.Unit {unit: nm}
#       value: !astropy.table.SerializedColumn {name: wavelength}
# schema: astropy-2.0
wavelength efficiency
[from data line 607]
907.0 0.0003410667886782903
908.0 0.0003908141025021905
909.0 0.0004405613253766205
910.0 0.0004509011432674015
911.0 0.00046124096115818247
912.0 0.0005013871941628167
913.0 0.0005415334726421861
914.0 0.0004713002908829367
915.0 0.00040106710912368726
916.0 0.0003812670456682099
917.0 0.0003614670504248352
918.0 0.00030000749120517867
919.0 0.00023854797746025724
920.0 0.0003193745669705095
921.0 0.00040020117921812925
922.0 0.00039630995161132887
923.0 0.0003924187240045285
924.0 0.0004360113962320611
925.0 0.0004796040229848586
926.0 0.00040332815842702985
927.0 0.00032705227113183355
928.0 0.0004631502633856144
929.0 0.0005992483693262329
930.0 0.000570102884012158
931.0 0.0005409575805970235
932.0 0.0004539871952147223
933.0 0.00036701680983242113
934.0 0.0004761481704917969
935.0 0.0005852795766259078
936.0 0.0005348239483282669
937.0 0.000484368365505361
938.0 0.0005208885795582319
939.0 0.000557408930035308
940.0 0.0006223287527973298
941.0 0.0006872484846098814
942.0 0.0006538212346640648
943.0 0.0006203939847182482
944.0 0.0005039590632804902
945.0 0.00038752405089326203
946.0 0.0006412215952877887
947.0 0.0008949192306317855
948.0 0.0008559549314668402
949.0 0.000816990632301895
950.0 0.000769194321037503
951.0 0.0007213978278741706
952.0 0.0009075781235878821
953.0 0.0010937584193015937
954.0 0.0010919042324530892
955.0 0.0010900499546551146
956.0 0.0008109789632726461
957.0 0.0005319080628396478
958.0 0.0006299366759776603
959.0 0.0007279652891156729
960.0 0.0007369996637862641
961.0 0.0007460340384568553
962.0 0.0007485342393920291
963.0 0.0007510343039029976
964.0 0.0006867257525300374
965.0 0.0006224170192581369
966.0 0.0006203596512932563
967.0 0.0006183023288031109
968.0 0.0005488904207595624
969.0 0.0004794786491402192
970.0 0.0005693268121831352
971.0 0.0006591749297513161
972.0 0.0006808903890487272
973.0 0.0007026057573966682
974.0 0.0007360224572039442
975.0 0.0007694392479606904
976.0 0.0008202918252209201
977.0 0.0008711444934306201
978.0 0.0009338223208033014
979.0 0.0009964999662770424
980.0 0.0008609848009655252
981.0 0.0007254697720782133
982.0 0.0008332705874636304
983.0 0.0009410713573743124
984.0 0.0011544378139660694
985.0 0.001367804543406237
986.0 0.001367161803500494
987.0 0.0013665192454936914
988.0 0.0013798481631965842
989.0 0.0013931769899500068
990.0 0.0014709702554682735
991.0 0.00154876343003707
992.0 0.001557262112328317
993.0 0.0015657606127206236
994.0 0.0016158126527443528
995.0 0.0016658650565659627
996.0 0.0015677616829634644
997.0 0.0014696580365125556
998.0 0.0014546480088029057
999.0 0.0014396381629921962
1000.0 0.0014258836017688736
1001.0 0.0014121292224444915
1002.0 0.0013644141290569678
1003.0 0.0013166990356694441
1004.0 0.0012550689461932052
1005.0 0.0011934389476664364
1006.0 0.0012363582754915114
1007.0 0.0012792776942660566
1008.0 0.0012493021131376736
1009.0 0.0012193263501103502
1010.0 0.001395708204654511
1011.0 0.0015720903320470825
1012.0 0.0015547420844086446
1013.0 0.0015373938367702067
1014.0 0.001837093077483587
1015.0 0.0021367925000959076
1016.0 0.0021391742848209105
1017.0 0.002141555887646973
1018.0 0.002337777732464019
1019.0 0.0025339995772810653
1020.0 0.002771341496554669
1021.0 0.0030086837796261534
1022.0 0.003227675551897846
1023.0 0.0034466680517653003
1024.0 0.003596402530092746
1025.0 0.0037461370084201917
1026.0 0.003915577690349892
1027.0 0.004085018372279592
1028.0 0.004174095010966994
1029.0 0.004263171649654396
1030.0 0.004418416574480943
1031.0 0.004573661863105372
1032.0 0.0045818203943781555
1033.0 0.004589978925650939
1034.0 0.0047807185183046386
1035.0 0.004971458110958338
1036.0 0.005348130798665807
1037.0 0.0057248034863732755
1038.0 0.005740089181927033
1039.0 0.00575537487748079
1040.0 0.005835411138832569
1041.0 0.005915447400184348
1042.0 0.006074618431739509
1043.0 0.006233790190890431
1044.0 0.006417037366190925
1045.0 0.0066002852690871805
1046.0 0.007047256076475605
1047.0 0.00749422688386403
1048.0 0.008489148603985086
1049.0 0.009484071779297665
1050.0 0.01089520737878047
1051.0 0.012306342250667512
1052.0 0.01466875255573541
1053.0 0.01703116431599483
1054.0 0.020296174625400454
1055.0 0.02356118493480608
1056.0 0.02829789009410888
1057.0 0.033034587977454066
1058.0 0.039473737706430256
1059.0 0.04591287870425731
1060.0 0.05389268626458943
1061.0 0.061872502556070685
1062.0 0.06997853051871061
1063.0 0.07808456430211663
1064.0 0.0860636995639652
1065.0 0.09404284646734595
1066.0 0.10100479703396559
1067.0 0.10796674760058522
1068.0 0.11485287686809897
1069.0 0.12173901777714491
1070.0 0.13114319881424308
1071.0 0.14054737985134125
1072.0 0.15093537513166666
1073.0 0.16132337041199207
1074.0 0.17407422419637442
1075.0 0.18682508962228894
1076.0 0.19855555146932602
1077.0 0.210286071524024
1078.0 0.22097520995885134
1079.0 0.23166434839367867
1080.0 0.24425687734037638
1081.0 0.256849336437881
1082.0 0.2725633094087243
1083.0 0.28827725909650326
1084.0 0.3142302157357335
1085.0 0.3401831490918994
1086.0 0.3747969400137663
1087.0 0.4094107076525688
1088.0 0.453166663646698
1089.0 0.4969226196408272
1090.0 0.554763013496995
1091.0 0.6126034073531628
1092.0 0.6928750779479742
1093.0 0.7731468882411718
1094.0 0.8357147686183453
1095.0 0.8982827886939049
1096.0 0.9417740628123283
1097.0 0.9852653369307518
1098.0 1.0526805184781551
1099.0 1.120095793157816
1100.0 1.2235808186233044
1101.0 1.3270659372210503
