ts8/qe_curve/rtm-015_s12/19700101T000000.ecsv
# %ECSV 0.9
# ---
# datatype:
# - {name: amp_name, datatype: string}
# - {name: wavelength, unit: nm, datatype: float32}
# - {name: efficiency, unit: '%', datatype: float32}
# meta: !!omap
# - {MODE: AMP}
# - {TYPE: QE}
# - {CALIBDATE: '1970-01-01T00:00:00'}
# - {INSTRUME: TS8}
# - {OBSTYPE: qe_curve}
# - {DETECTOR: 122}
# - {PICKLEFILE: RaftRun12002.p}
# - {CALIB_ID: 'raftName=RTM-015 detectorName=S12 detector=122 calibDate=1970-01-01T00:00:00 ccd=122 ccdnum=122 filter=None'}
# - {DATE: '2020-01-23T14:33:54.310106'}
# - {CALIB_CREATION_DATE: '2020-01-23'}
# - {CALIB_CREATION_TIME: '14:33:54'}
# - __serialized_columns__:
#     efficiency:
#       __class__: astropy.units.quantity.Quantity
#       unit: !astropy.units.Unit {unit: '%'}
#       value: !astropy.table.SerializedColumn {name: efficiency}
#     wavelength:
#       __class__: astropy.units.quantity.Quantity
#       unit: !astropy.units.Unit {unit: nm}
#       value: !astropy.table.SerializedColumn {name: wavelength}
# schema: astropy-2.0
amp_name wavelength efficiency
C04 349.982 69.83141
C04 450.035 85.14856
C04 500.018 89.64757
C04 619.997 97.794876
C04 750.022 96.751
C04 869.967 90.30407
C04 999.976 30.403318
C17 349.982 69.55236
C17 450.035 85.015945
C17 500.018 89.6238
C17 619.997 97.734634
C17 750.022 96.17734
C17 869.967 89.41856
C17 999.976 30.300594
C14 349.982 71.35795
C14 450.035 85.42504
C14 500.018 89.78364
C14 619.997 97.77063
C14 750.022 96.558495
C14 869.967 89.910904
C14 999.976 30.2095
C03 349.982 69.087395
C03 450.035 85.08651
C03 500.018 89.69241
C03 619.997 97.891655
C03 750.022 96.730705
C03 869.967 90.20651
C03 999.976 30.433464
C12 349.982 72.31424
C12 450.035 85.65338
C12 500.018 89.87901
C12 619.997 97.8109
C12 750.022 96.810135
C12 869.967 90.18107
C12 999.976 30.24021
C16 349.982 70.47248
C16 450.035 85.38444
C16 500.018 89.902885
C16 619.997 97.96882
C16 750.022 96.50134
C16 869.967 89.76773
C16 999.976 30.298388
C15 349.982 71.047874
C15 450.035 85.493286
C15 500.018 89.91755
C15 619.997 97.951385
C15 750.022 96.613815
C15 869.967 89.923775
C15 999.976 30.265223
C02 349.982 68.40462
C02 450.035 85.04987
C02 500.018 89.7725
C02 619.997 98.03506
C02 750.022 96.738434
C02 869.967 90.13845
C02 999.976 30.527214
C05 349.982 70.51869
C05 450.035 85.36393
C05 500.018 89.816574
C05 619.997 97.9086
C05 750.022 96.9104
C05 869.967 90.46207
C05 999.976 30.41467
C00 349.982 65.889305
C00 450.035 84.527084
C00 500.018 89.537544
C00 619.997 98.01048
C00 750.022 96.55256
C00 869.967 89.88018
C00 999.976 30.57919
C01 349.982 67.34179
C01 450.035 84.87613
C01 500.018 89.73822
C01 619.997 98.08639
C01 750.022 96.682106
C01 869.967 90.03526
C01 999.976 30.556227
C11 349.982 72.67134
C11 450.035 85.71165
C11 500.018 89.888214
C11 619.997 97.79883
C11 750.022 96.82569
C11 869.967 90.15003
C11 999.976 30.16566
C06 349.982 70.892075
C06 450.035 85.41156
C06 500.018 89.79406
C06 619.997 97.869606
C06 750.022 96.91794
C06 869.967 90.46119
C06 999.976 30.416586
C13 349.982 71.92768
C13 450.035 85.60886
C13 500.018 89.90563
C13 619.997 97.86661
C13 750.022 96.76336
C13 869.967 90.12806
C13 999.976 30.261005
C10 349.982 73.051285
C10 450.035 85.8048
C10 500.018 89.9219
C10 619.997 97.83872
C10 750.022 96.8073
C10 869.967 90.03119
C10 999.976 30.065493
C07 349.982 71.416534
C07 450.035 85.57133
C07 500.018 89.90378
C07 619.997 97.97429
C07 750.022 96.94837
C07 869.967 90.40491
C07 999.976 30.510956
