lsstCam/transmission_filter_detector/r21_s01/y_10/19700101T000000.ecsv
# %ECSV 1.0
# ---
# datatype:
# - {name: wavelength, unit: nm, datatype: float32}
# - {name: efficiency, unit: '%', datatype: float64}
# meta: !!omap
# - {MODE: DETECTOR}
# - {TYPE: transmission_filter_detector}
# - {CALIBDATE: '1970-01-01T00:00:00'}
# - {INSTRUME: LSSTCam}
# - {OBSTYPE: transmission_filter_detector}
# - {CALIBCLS: lsst.ip.isr.IntermediateFilterDetectorTransmissionCurve}
# - {SOURCE: Materion (DM-46256)}
# - {DETECTOR: 82}
# - {FILTER: y_10}
# - {CALIB_ID: 'calibDate=1970-01-01T00:00:00 filter=y_10 detector=82'}
# - {DATE: '2025-04-02T15:59:51.122202'}
# - {CALIB_CREATION_DATE: '2025-04-02'}
# - {CALIB_CREATION_TIME: '15:59:51'}
# - __serialized_columns__:
#     efficiency:
#       __class__: astropy.units.quantity.Quantity
#       unit: !astropy.units.Unit {unit: '%'}
#       value: !astropy.table.SerializedColumn {name: efficiency}
#     wavelength:
#       __class__: astropy.units.quantity.Quantity
#       unit: !astropy.units.Unit {unit: nm}
#       value: !astropy.table.SerializedColumn {name: wavelength}
# schema: astropy-2.0
wavelength efficiency
300.0 0.5324135068804026
301.0 0.2847295720130205
302.0 0.03704560804180801
303.0 0.035014000604860485
304.0 0.03298239898867905
305.0 0.021775874483864754
306.0 0.01056934634107165
307.0 0.01628456957405433
308.0 0.021999790624249727
309.0 0.015452876687049866
310.0 0.008905962022254243
311.0 0.008162610902218148
312.0 0.0074192575993947685
313.0 0.007158227526815608
314.0 0.006897195999044925
315.0 0.006065121851861477
316.0 0.005233050251263194
317.0 0.00515820829605218
318.0 0.00508336270286236
319.0 0.0025200695745297708
320.0 1.5789557161749457e-10
321.0 0.002287396273459308
322.0 0.004618017919710837
323.0 0.003427085539442487
324.0 0.002236153704870958
325.0 0.0009013033377414104
326.0 1.5789557161749457e-10
327.0 0.0005073115517006954
328.0 0.0014481707694358192
329.0 0.003166933311149478
330.0 0.004885696034762077
331.0 0.00390648638131097
332.0 0.002927276182163041
333.0 0.002116523864970077
334.0 0.0013057710930297617
335.0 0.0015514764527324587
336.0 0.0017971820852835663
337.0 0.0026848609195440076
338.0 0.003572539208107628
339.0 0.0019419470845605247
340.0 0.0003113546881650109
341.0 1.5789557161749457e-10
342.0 1.5789557161749457e-10
343.0 0.00022459275896835607
344.0 0.0011012839422619436
345.0 0.0014429970178753138
346.0 0.0017847107301349752
347.0 0.0017122742065112107
348.0 0.0016398375009885058
349.0 0.0014394655408977997
350.0 0.0012390933989081532
351.0 0.0014995544916018844
352.0 0.0017600150385987945
353.0 0.0013739258974965196
354.0 0.0009878364835458342
355.0 0.0009838561709329952
356.0 0.0009798756764212158
357.0 0.0007619993994012475
358.0 0.000544122985957074
359.0 0.0007577780706924386
360.0 0.0009714332009025384
361.0 0.0013338629287318327
362.0 0.0016962923837127164
363.0 0.0012836821952078026
364.0 0.0008710715519555379
365.0 0.001159515250037657
366.0 0.0014479596757155377
367.0 0.001897617767099291
368.0 0.0023472759494325146
369.0 0.0020938301531714387
370.0 0.0018403845388093032
371.0 0.0017766045857570134
372.0 0.0017128244508057833
373.0 0.0021559679225902073
374.0 0.002599111212475691
375.0 0.0035269997169962153
376.0 0.00445488840341568
377.0 0.004256816828274168
378.0 0.004058745253132656
379.0 0.003543636921676807
380.0 0.0030285287721198983
381.0 0.0020566341845551506
382.0 0.0010847393241419923
383.0 0.0010942917469947133
384.0 0.0011038436241506133
385.0 0.0009053058420249727
386.0 0.000706768059899332
387.0 0.0007549749625468394
388.0 0.0008031819561438169
389.0 0.0006630095867876662
390.0 0.0005228373993304558
391.0 0.0004209044163872022
392.0 0.0003189715698681539
393.0 0.0005406000582297565
394.0 0.0007622287284902995
395.0 0.0006910079264343949
396.0 0.0006197871243784903
397.0 0.000790401372796623
398.0 0.0009610155757400207
399.0 0.0011757151696656365
400.0 0.0013904147635912523
401.0 0.001546894054627046
402.0 0.0017033733456628397
403.0 0.001796240576368291
404.0 0.0018891079889726825
405.0 0.00177169349626638
406.0 0.001654279367357958
407.0 0.00136536427817191
408.0 0.0010764494618342724
409.0 0.0008275209438579623
410.0 0.0005785922439827118
411.0 0.00028530548661365174
412.0 1.5789557161749457e-10
413.0 0.0004406548214319628
414.0 0.0008892907317203935
415.0 0.00148478839037125
416.0 0.0020802861399715766
417.0 0.0009566825610818341
418.0 1.5789557161749457e-10
419.0 1.5789557161749457e-10
420.0 1.5789557161749457e-10
421.0 1.5789557161749457e-10
422.0 0.0006197335551405558
423.0 0.00018399970258542453
424.0 1.5789557161749457e-10
425.0 1.5789557161749457e-10
426.0 1.5789557161749457e-10
427.0 0.00031300808132073143
428.0 0.0007309238753805403
429.0 0.0003432705852901563
430.0 1.5789557161749457e-10
431.0 0.0005771354153694119
432.0 0.0011986536264885217
433.0 0.0009520398634776939
434.0 0.0007054267371131573
435.0 0.0001530597614873841
436.0 1.5789557161749457e-10
437.0 1.5789557161749457e-10
438.0 0.0001989795919143944
439.0 1.5789557161749457e-10
440.0 1.5789557161749457e-10
441.0 1.5789557161749457e-10
442.0 1.5789557161749457e-10
443.0 1.5789557161749457e-10
444.0 0.00015595588820360717
445.0 0.000511062307850807
446.0 0.0008661686479172204
447.0 0.0009775711077963933
448.0 0.001088973385776626
449.0 0.000949751483858563
450.0 0.0008105294909910299
451.0 0.0005428438726085005
452.0 0.0002751582769633387
453.0 0.0002377038754275418
454.0 0.0002002492919928045
455.0 1.5789557161749457e-10
456.0 1.5789557161749457e-10
457.0 1.5789557161749457e-10
458.0 1.5789557161749457e-10
459.0 1.5789557161749457e-10
460.0 0.00027827804842672776
461.0 0.00041594053072913084
462.0 0.0005536030130315339
463.0 0.0004372877356217941
464.0 0.0003209725036867894
465.0 0.00047908797569107264
466.0 0.0006372036295942962
467.0 0.0012149177564424463
468.0 0.0017926318832905963
469.0 0.0018209675545222126
470.0 0.0018493026800570078
471.0 0.0019336581317475066
472.0 0.0020180132196401246
473.0 0.002406740895821713
474.0 0.002795468390104361
475.0 0.002748101542238146
476.0 0.0027007348762708716
477.0 0.0032169446058105677
478.0 0.003733154881047085
479.0 0.0043194526369916275
480.0 0.00490575039293617
481.0 0.004836718653677963
482.0 0.004767687278217636
483.0 0.004273498416296206
484.0 0.0037793095543747768
485.0 0.003928630758309737
486.0 0.004077951962244697
487.0 0.003698748696479015
488.0 0.0033195450669154525
489.0 0.002668663364602253
490.0 0.0020177822079858743
491.0 0.001885357778519392
492.0 0.0017529331671539694
493.0 0.0013000157196074724
494.0 0.0008470986358588561
495.0 0.0011032635484298225
496.0 0.0013594285519502591
497.0 0.0018929367797682062
498.0 0.002426445462333504
499.0 0.00254521601164015
500.0 0.002663986560946796
501.0 0.002874375604733359
502.0 0.0030847648304188624
503.0 0.002969496199511923
504.0 0.0028542275686049834
505.0 0.0031543797376798466
506.0 0.0034545319067547098
507.0 0.0025275621737819165
508.0 0.0016005920770112425
509.0 0.0018037571862805635
510.0 0.0020069217498530634
511.0 0.002204033989983145
512.0 0.002401146230113227
513.0 0.001984349910344463
514.0 0.0015675539543735795
515.0 0.0014753439245396294
516.0 0.001383133803756209
517.0 0.0014076143997954205
518.0 0.0014320946320367511
519.0 0.001634301406738814
520.0 0.001836507726693526
521.0 0.0018753191397991031
522.0 0.0019141301891067997
523.0 0.0017899486920214258
524.0 0.0016657673768349923
525.0 0.002198474612669088
526.0 0.002731182576098945
527.0 0.00248497035499895
528.0 0.0022387584976968355
529.0 0.0023923097614897415
530.0 0.0025458606614847668
531.0 0.002486564699211158
532.0 0.002427268736937549
533.0 0.0026247502319165505
534.0 0.002822231181198731
535.0 0.0024336337446584366
536.0 0.0020450359443202615
537.0 0.0024228049369412474
538.0 0.002800573747663293
539.0 0.0033981043088715523
540.0 0.003995634324382991
541.0 0.004121662277611904
542.0 0.004247689867042936
543.0 0.004547685603029095
544.0 0.004847681339015253
545.0 0.005019452873966657
546.0 0.005191224772715941
547.0 0.004220024493406527
548.0 0.0032488242140971124
549.0 0.0030135090128169395
550.0 0.0027781936296378262
551.0 0.0026815952878678218
552.0 0.0025849969460978173
553.0 0.003027640195796266
554.0 0.003470282899797894
555.0 0.003738114537554793
556.0 0.0040059469029074535
557.0 0.003502622712403536
558.0 0.0029992981581017375
559.0 0.003076585926464759
560.0 0.00315387369482778
561.0 0.0033782453101594
562.0 0.0036026161978952587
563.0 0.0033708281989675015
564.0 0.0031390402000397444
565.0 0.0037128356780158356
566.0 0.004286631883587688
567.0 0.00447888596681878
568.0 0.0046711396862519905
569.0 0.00527413903910201
570.0 0.00587713839195203
571.0 0.00588710026931949
572.0 0.005897062146686949
573.0 0.0062425053329207
574.0 0.006587949610548094
575.0 0.006521030445583165
576.0 0.006454110553022474
577.0 0.0056595526984892786
578.0 0.004864995207753964
579.0 0.005648254955303855
580.0 0.006431515066651627
581.0 0.0071959868364501745
582.0 0.007960457151057199
583.0 0.008860152593115345
584.0 0.009759845852386206
585.0 0.0101325502328109
586.0 0.010505256796022877
587.0 0.010310217476217076
588.0 0.010115174518432468
589.0 0.010210957407252863
590.0 0.010306743206456304
591.0 0.009620765194995329
592.0 0.00893478500074707
593.0 0.007356993592111394
594.0 0.0057792040024651214
595.0 0.0057032579206861556
596.0 0.005627312566502951
597.0 0.00608494519838132
598.0 0.006542578194057569
599.0 0.0075706666393671185
600.0 0.008598754357080907
601.0 0.009358528768643737
602.0 0.010118300997419283
603.0 0.010876798478420824
604.0 0.011635297414613888
605.0 0.011463756527518854
606.0 0.01129221636801958
607.0 0.009653060988057405
608.0 0.008013908518478274
609.0 0.0063134124502539635
610.0 0.004612917473423295
611.0 0.0037842761230422184
612.0 0.0029556351364590228
613.0 0.003619650306063704
614.0 0.004283664748072624
615.0 0.005091720959171653
616.0 0.005899777897866443
617.0 0.0072956259828060865
618.0 0.00869147406774573
619.0 0.009739162487676367
620.0 0.010786850180011243
621.0 0.011656385322567075
622.0 0.012525919009931386
623.0 0.01217830358655192
624.0 0.011830687435576692
625.0 0.010270604980178177
626.0 0.008710519614396617
627.0 0.0069532958150375634
628.0 0.0051960701966891065
629.0 0.004230085323797539
630.0 0.0032641011785017326
631.0 0.0028298345569055527
632.0 0.002395567935309373
633.0 0.0024818471501930617
634.0 0.002568126546975691
635.0 0.0027916294129681773
636.0 0.0030151317332638428
637.0 0.0037944580981275067
638.0 0.00457378409919329
639.0 0.0046265162382042035
640.0 0.0046792480134172365
641.0 0.005096601307741366
642.0 0.005513954602065496
643.0 0.005353374581318349
644.0 0.005192793469177559
645.0 0.00490173370053526
646.0 0.0046106735680950806
647.0 0.003611558713600971
648.0 0.0026124442229047418
649.0 0.0019189918020856567
650.0 0.0012255391993676312
651.0 0.00126542354337289
652.0 0.0013053082511760294
653.0 0.0014715072211402003
654.0 0.0016377060092054307
655.0 0.001662192698859144
656.0 0.0016866795704117976
657.0 0.0015026423170638736
658.0 0.0013186049727664795
659.0 0.0016208445231313817
660.0 0.0019230838006478734
661.0 0.0017280393876717426
662.0 0.001532995156594552
663.0 0.002255338040413335
664.0 0.002977681469928939
665.0 0.003629878119681962
666.0 0.004282074587536044
667.0 0.004962965977028944
668.0 0.005643856275128201
669.0 0.00601685642322991
670.0 0.006389852933352813
671.0 0.006886200571898371
672.0 0.007382547482848167
673.0 0.007915112655609846
674.0 0.008447678555967286
675.0 0.007702373841311783
676.0 0.006957071309443563
677.0 0.00564883703191299
678.0 0.004340603118180297
679.0 0.0028228032533661462
680.0 0.0013050042070972268
681.0 0.0005475311809277628
682.0 1.5789557161749457e-10
683.0 0.0002090682073685457
684.0 0.0006280783964029979
685.0 0.0003088341145485174
686.0 1.5789557161749457e-10
687.0 0.0001224395646204357
688.0 0.00025528931928420207
689.0 0.00024919888801377965
690.0 0.00024310850221809233
691.0 0.00037104246075614356
692.0 0.0004989764420315623
693.0 0.00037051238450658275
694.0 0.0002420483497189707
695.0 0.00041310704546049237
696.0 0.0005841657184646465
697.0 0.0005835039246449014
698.0 0.0005828420398756862
699.0 0.00045046690502204
700.0 0.0003180914745826158
701.0 0.00026849613732338184
702.0 0.0002189008910136181
703.0 0.0003438379053477547
704.0 0.0004687749424192589
705.0 0.0005002431407774566
706.0 0.0005317111572367139
707.0 0.00014377703791979002
708.0 1.5789557161749457e-10
709.0 1.5789557161749457e-10
710.0 0.00018417864566799835
711.0 0.0003754226099772495
712.0 0.0005666666311299196
713.0 0.0004161762717558304
714.0 0.0002656859578564763
715.0 0.00046517739065166097
716.0 0.0006646689598710509
717.0 0.00046982731873868033
718.0 0.0002749858367678826
719.0 0.00047576281758665573
720.0 0.0006765397301933262
721.0 0.0005538088771572802
722.0 0.0004310780241212342
723.0 0.00038877210499776993
724.0 0.0003464661631369381
725.0 0.000454710880148923
726.0 0.0005629558472719509
727.0 0.00029094048841216136
728.0 1.8925379663414788e-05
729.0 0.0002692646830837475
730.0 0.000519604100190918
731.0 0.0006550521447934443
732.0 0.0007905003258201759
733.0 0.00025756412469490897
734.0 1.5789557161749457e-10
735.0 1.5789557161749457e-10
736.0 1.5789557161749457e-10
737.0 0.00035291902804601705
738.0 0.0009515995770925656
739.0 0.0006870884590171045
740.0 0.00042257697714376263
741.0 0.00018771254417515593
742.0 1.5789557161749457e-10
743.0 1.5789557161749457e-10
744.0 1.5789557161749457e-10
745.0 0.0002671805987120024
746.0 0.0007174528036557604
747.0 0.00040293007259606384
748.0 8.840738132676051e-05
749.0 1.5789557161749457e-10
750.0 1.5789557161749457e-10
751.0 1.5789557161749457e-10
752.0 6.117597308730183e-05
753.0 0.00029254158562252996
754.0 0.0005239071469986811
755.0 1.5789557161749457e-10
756.0 1.5789557161749457e-10
757.0 1.5789557161749457e-10
758.0 1.5789557161749457e-10
759.0 0.00010480522405487136
760.0 0.0006080972525523975
761.0 0.0002628587253639125
762.0 1.5789557161749457e-10
763.0 1.5789557161749457e-10
764.0 1.5789557161749457e-10
765.0 0.00022011922737874556
766.0 0.0006076114459574455
767.0 4.049735196076654e-05
768.0 1.5789557161749457e-10
769.0 1.5789557161749457e-10
770.0 1.5789557161749457e-10
771.0 1.5789557161749457e-10
772.0 1.5789557161749457e-10
773.0 0.0002463824557707994
774.0 0.000676725812809309
775.0 0.00038160087569849566
776.0 8.64758646912378e-05
777.0 0.00028945876238140045
778.0 0.0004924415861751186
779.0 0.0005460855390992947
780.0 0.0005997295374982059
781.0 0.00046876334636181127
782.0 0.000337797087013314
783.0 0.0002565134991527884
784.0 0.00017522987718621152
785.0 6.279893796090619e-05
786.0 1.5789557161749457e-10
787.0 0.0005156068255018909
788.0 0.0010808459592226427
789.0 0.0008407483619521372
790.0 0.0006006509920553071
791.0 0.0004851254288951168
792.0 0.0003695996610986185
793.0 0.0005324472112988587
794.0 0.0006952944659133209
795.0 0.0006937083071534289
796.0 0.0006921220119693317
797.0 0.00029037926196906483
798.0 1.5789557161749457e-10
799.0 0.0004452683697309112
800.0 0.0010019001820182893
801.0 0.0006398242021532496
802.0 0.0002777483132376801
803.0 0.00038099390167189995
804.0 0.0004842394901061198
805.0 0.0007054684374452336
806.0 0.0009266973393096123
807.0 0.0005570911980612436
808.0 0.0001874849999694561
809.0 9.039390533871483e-05
810.0 1.5789557161749457e-10
811.0 0.0003157152150379261
812.0 0.0006381273578881519
813.0 0.0008943111424741801
814.0 0.0011504948815854732
815.0 0.0009712158316688146
816.0 0.000791936236055335
817.0 0.0007580814781249501
818.0 0.0007242267656693002
819.0 0.0008999517376651056
820.0 0.001075676664186176
821.0 0.0008152172085829079
822.0 0.0005547576165554347
823.0 0.0006920615305716638
824.0 0.0008293657629110385
825.0 0.0007950966391945258
826.0 0.0007608275609527482
827.0 0.0007758081665087957
828.0 0.0007907889994385187
829.0 0.00033931057714653434
830.0 1.5789557161749457e-10
831.0 4.515923706094327e-05
832.0 0.0002024864897975931
833.0 0.00039639980968786404
834.0 0.0005903129476791946
835.0 7.189867687884544e-05
836.0 1.5789557161749457e-10
837.0 1.5789557161749457e-10
838.0 4.506310347096587e-05
839.0 0.00037904273995081894
840.0 0.0007130223821150139
841.0 0.0009389728802489117
842.0 0.0011649234693322796
843.0 0.000917566467251163
844.0 0.0006702091923216358
845.0 0.0005802522082376527
846.0 0.0004902950422547292
847.0 0.0008744356819079258
848.0 0.0012585763215611223
849.0 0.001071861606760649
850.0 0.0008851466191117652
851.0 0.0009712056453281548
852.0 0.0010572646715445444
853.0 0.00039501760511484463
854.0 1.5789557161749457e-10
855.0 1.5789557161749457e-10
856.0 1.5789557161749457e-10
857.0 0.00023723996491753496
858.0 0.001312648964812979
859.0 0.0011949025065405294
860.0 0.0010771555935207289
861.0 0.0012880420399596915
862.0 0.0014989286682975944
863.0 0.0017464288248447701
864.0 0.0019939288904424757
865.0 0.0019369390429346822
866.0 0.0018799493773258291
867.0 0.002579626743681729
868.0 0.003279303928138688
869.0 0.0029184873710619286
870.0 0.0025576706320862286
871.0 0.0031668740120949224
872.0 0.0037760775740025565
873.0 0.002740630407060962
874.0 0.001705183785816189
