lsstCam/transmission_filter_detector/r21_s01/y_10/19700101T000000.ecsv
# %ECSV 1.0
# ---
# datatype:
# - {name: wavelength, unit: nm, datatype: float32}
# - {name: efficiency, unit: '%', datatype: float64}
# meta: !!omap
# - {MODE: DETECTOR}
# - {TYPE: transmission_filter_detector}
# - {CALIBDATE: '1970-01-01T00:00:00'}
# - {INSTRUME: LSSTCam}
# - {OBSTYPE: transmission_filter_detector}
# - {CALIBCLS: lsst.ip.isr.IntermediateFilterDetectorTransmissionCurve}
# - {SOURCE: Materion (DM-46256)}
# - {DETECTOR: 82}
# - {FILTER: y_10}
# - {CALIB_ID: 'calibDate=1970-01-01T00:00:00 filter=y_10 detector=82'}
# - {DATE: '2025-04-02T15:59:51.122202'}
# - {CALIB_CREATION_DATE: '2025-04-02'}
# - {CALIB_CREATION_TIME: '15:59:51'}
# - __serialized_columns__:
#     efficiency:
#       __class__: astropy.units.quantity.Quantity
#       unit: !astropy.units.Unit {unit: '%'}
#       value: !astropy.table.SerializedColumn {name: efficiency}
#     wavelength:
#       __class__: astropy.units.quantity.Quantity
#       unit: !astropy.units.Unit {unit: nm}
#       value: !astropy.table.SerializedColumn {name: wavelength}
# schema: astropy-2.0
wavelength efficiency
[from data line 576]
876.0 0.0031219038646668196
877.0 0.0020018318537040614
878.0 0.0008817602065391839
879.0 0.0016792364476714283
880.0 0.0812205660622567
881.0 0.09625121601857245
882.0 0.062284403247758746
883.0 0.0969023210927844
884.0 0.0510714016854763
885.0 0.11525850277394056
886.0 0.0690538203343749
887.0 0.1113672973588109
888.0 0.0694157846737653
889.0 0.11021600803360343
890.0 0.08099012193270028
891.0 0.09153553401120007
892.0 0.06922922912053764
893.0 0.09688737336546183
894.0 0.08976042154245079
895.0 0.10558712529018521
896.0 0.08815586916171014
897.0 0.11865287087857723
898.0 0.09765697177499533
899.0 0.12824478326365352
900.0 0.10961951920762658
901.0 0.15983423218131065
902.0 0.1775097567588091
903.0 0.19878523889929056
904.0 0.23283029440790415
905.0 0.2814839594066143
906.0 0.3656641114503145
907.0 0.46828724443912506
908.0 0.6234411615878344
909.0 0.87384432554245
910.0 1.2348975986242294
911.0 1.751427911221981
912.0 2.58641354739666
913.0 3.8170229643583298
914.0 5.192588269710541
915.0 7.199918478727341
916.0 9.572311490774155
917.0 12.094643712043762
918.0 14.913654327392578
919.0 17.580631375312805
920.0 21.179132163524628
921.0 24.930481612682343
922.0 28.79834771156311
923.0 33.37826132774353
924.0 38.34865093231201
925.0 43.79086494445801
926.0 50.236332416534424
927.0 57.077598571777344
928.0 63.06113004684448
929.0 69.42638754844666
930.0 74.90023374557495
931.0 80.16663789749146
932.0 84.93977785110474
933.0 88.95621299743652
934.0 91.76246523857117
935.0 93.71265769004822
936.0 95.14821171760559
937.0 96.15654945373535
938.0 96.81125283241272
939.0 97.04232811927795
940.0 97.28468656539917
941.0 97.41119146347046
942.0 97.58554100990295
943.0 97.6578950881958
944.0 97.88143038749695
945.0 97.81578183174133
946.0 97.88053035736084
947.0 97.80527949333191
948.0 98.00562858581543
949.0 97.87191152572632
950.0 97.9954481124878
951.0 98.07624816894531
952.0 98.15945625305176
953.0 98.3199954032898
954.0 98.41563701629639
955.0 98.48814010620117
956.0 98.69822263717651
957.0 98.8033652305603
958.0 98.96504282951355
959.0 98.9852249622345
960.0 99.08270239830017
961.0 99.08487200737
962.0 99.1646945476532
963.0 99.14384484291077
964.0 99.18360114097595
965.0 99.1911768913269
966.0 99.26140308380127
967.0 99.35025572776794
968.0 99.31804537773132
969.0 99.2807149887085
970.0 99.33562874794006
971.0 99.37634468078613
972.0 99.44912791252136
973.0 99.53408241271973
974.0 99.53464269638062
975.0 99.48827028274536
976.0 99.52199459075928
977.0 99.50939416885376
978.0 99.56028461456299
979.0 99.49119687080383
980.0 99.46256279945374
981.0 99.35279488563538
982.0 99.30411577224731
983.0 99.32085275650024
984.0 99.271160364151
985.0 99.3334710597992
986.0 99.19023513793945
987.0 99.24390912055969
988.0 99.1540253162384
989.0 99.17594194412231
990.0 99.15938973426819
991.0 99.20375347137451
992.0 99.28097724914551
993.0 99.24150109291077
994.0 99.17598962783813
995.0 99.24795627593994
996.0 99.25734400749207
997.0 99.380624294281
998.0 99.395090341568
999.0 99.42127466201782
1000.0 99.46224093437195
1001.0 99.42696690559387
1002.0 99.51702356338501
1003.0 99.54631328582764
1004.0 99.56663250923157
1005.0 99.49342012405396
1006.0 99.63529706001282
1007.0 99.56960678100586
1008.0 99.585622549057
1009.0 99.50001239776611
1010.0 99.53979253768921
1011.0 99.51006770133972
1012.0 99.43726062774658
1013.0 99.44376349449158
1014.0 99.43840503692627
1015.0 99.39596652984619
1016.0 99.37220215797424
1017.0 99.43526983261108
1018.0 99.43792819976807
1019.0 99.401193857193
1020.0 99.47787523269653
1021.0 99.6201753616333
1022.0 99.52488541603088
1023.0 99.54966902732849
1024.0 99.51941967010498
1025.0 99.54532980918884
1026.0 99.60461854934692
1027.0 99.7130811214447
1028.0 99.63435530662537
1029.0 99.73229765892029
1030.0 99.76025223731995
1031.0 99.67475533485413
1032.0 99.70874190330505
1033.0 99.69007968902588
1034.0 99.66394901275635
1035.0 99.75003004074097
1036.0 99.6373176574707
1037.0 99.67549443244934
1038.0 99.64605569839478
1039.0 99.49974417686462
1040.0 99.49310421943665
1041.0 99.57332015037537
1042.0 99.51921105384827
1043.0 99.44444298744202
1044.0 99.50931072235107
1045.0 99.2414116859436
1046.0 99.4729220867157
1047.0 99.3594765663147
1048.0 99.3826150894165
1049.0 99.38978552818298
1050.0 99.41810369491577
1051.0 99.37310814857483
1052.0 99.4005024433136
1053.0 99.23604130744934
1054.0 99.48159456253052
1055.0 99.52288269996643
1056.0 99.35393333435059
1057.0 99.53621029853821
1058.0 99.40397143363953
1059.0 99.36929941177368
1060.0 99.48230981826782
1061.0 99.32786226272583
1062.0 99.42792057991028
1063.0 99.27724003791809
1064.0 99.53153133392334
1065.0 99.35336709022522
1066.0 99.29363131523132
1067.0 99.52261447906494
1068.0 99.45027232170105
1069.0 99.11022782325745
1070.0 99.48103427886963
1071.0 99.35128688812256
1072.0 99.43853616714478
1073.0 99.46756362915039
1074.0 99.04884099960327
1075.0 99.1419792175293
1076.0 98.89387488365173
1077.0 99.35430884361267
1078.0 99.55807328224182
1079.0 99.12576079368591
1080.0 99.79943633079529
1081.0 99.02965426445007
1082.0 99.11446571350098
1083.0 98.92699122428894
1084.0 99.30403232574463
1085.0 99.14364218711853
1086.0 99.17537569999695
1087.0 99.23912286758423
1088.0 98.94430041313171
1089.0 98.78180027008057
1090.0 99.11415576934814
1091.0 99.13895726203918
1092.0 99.05241131782532
1093.0 98.94710183143616
1094.0 98.45941066741943
1095.0 98.79950284957886
1096.0 99.01093244552612
1097.0 98.39218258857727
1098.0 98.08782935142517
1099.0 98.86648058891296
1100.0 98.4477698802948
