lsstCam/transmission_filter_detector/r10_s21/y_10/19700101T000000.ecsv
# %ECSV 1.0
# ---
# datatype:
# - {name: wavelength, unit: nm, datatype: float32}
# - {name: efficiency, unit: '%', datatype: float64}
# meta: !!omap
# - {MODE: DETECTOR}
# - {TYPE: transmission_filter_detector}
# - {CALIBDATE: '1970-01-01T00:00:00'}
# - {INSTRUME: LSSTCam}
# - {OBSTYPE: transmission_filter_detector}
# - {CALIBCLS: lsst.ip.isr.IntermediateFilterDetectorTransmissionCurve}
# - {SOURCE: Materion (DM-46256)}
# - {DETECTOR: 34}
# - {FILTER: y_10}
# - {CALIB_ID: 'calibDate=1970-01-01T00:00:00 filter=y_10 detector=34'}
# - {DATE: '2025-04-02T15:59:50.899770'}
# - {CALIB_CREATION_DATE: '2025-04-02'}
# - {CALIB_CREATION_TIME: '15:59:50'}
# - __serialized_columns__:
#     efficiency:
#       __class__: astropy.units.quantity.Quantity
#       unit: !astropy.units.Unit {unit: '%'}
#       value: !astropy.table.SerializedColumn {name: efficiency}
#     wavelength:
#       __class__: astropy.units.quantity.Quantity
#       unit: !astropy.units.Unit {unit: nm}
#       value: !astropy.table.SerializedColumn {name: wavelength}
# schema: astropy-2.0
wavelength efficiency
300.0 0.5357892252504826
301.0 0.2878347644582391
302.0 0.03988027456216514
303.0 0.03569685504771769
304.0 0.031513438443653286
305.0 0.020891100575681776
306.0 0.010268758342135698
307.0 0.01825268700486049
308.0 0.026236611302010715
309.0 0.017161814321298152
310.0 0.008087015885394067
311.0 0.006750664033461362
312.0 0.005414309998741373
313.0 0.007119332440197468
314.0 0.008824354881653562
315.0 0.007718746201135218
316.0 0.00661314043099992
317.0 0.00619607963017188
318.0 0.005779014463769272
319.0 0.002750969179032836
320.0 1.640742880101853e-10
321.0 0.002304298868693877
322.0 0.004885675662080757
323.0 0.0037468274967977777
324.0 0.0026079800591105595
325.0 0.0011133576663269196
326.0 1.640742880101853e-10
327.0 0.0005552326456381707
328.0 0.0014917305634298827
329.0 0.00327649868268054
330.0 0.005061267074779607
331.0 0.004202678246656433
332.0 0.0033440886909374967
333.0 0.002463397140672896
334.0 0.001582704862812534
335.0 0.0022412894395529293
336.0 0.0028998743800912052
337.0 0.0028114025553804822
338.0 0.0027229303668718785
339.0 0.0013238097380963154
340.0 1.640742880101853e-10
341.0 1.640742880101853e-10
342.0 1.640742880101853e-10
343.0 0.00029635318696819013
344.0 0.0011108682883786969
345.0 0.0011350543900334742
346.0 0.0011592411283345427
347.0 0.0014420910702028777
348.0 0.0017249407392228022
349.0 0.0015207360775093548
350.0 0.0013165310519980267
351.0 0.001586428152222652
352.0 0.0018563248886493966
353.0 0.0015683555830037221
354.0 0.0012803863683075178
355.0 0.0012607519238372333
356.0 0.0012411173884174787
357.0 0.0009743860573507845
358.0 0.000707654498910415
359.0 0.0008965091183199547
360.0 0.0010853636922547594
361.0 0.0013759269677393604
362.0 0.001666490061325021
363.0 0.0013209773896960542
364.0 0.0009754641723702662
365.0 0.0013028937246417627
366.0 0.0016303238226100802
367.0 0.001989547672565095
368.0 0.0023487713406211697
369.0 0.0020707240764750168
370.0 0.0017926768123288639
371.0 0.0017794563973438926
372.0 0.001766235800459981
373.0 0.0021038273189333268
374.0 0.002441418655507732
375.0 0.0032921790989348665
376.0 0.0041429393604630604
377.0 0.004090715810889378
378.0 0.004038492625113577
379.0 0.003630850915214978
380.0 0.003223208841518499
381.0 0.002247898191853892
382.0 0.0012725876331387553
383.0 0.0011838985301437788
384.0 0.0010952092452498619
385.0 0.0008865477866493165
386.0 0.0006778862825740362
387.0 0.0007001878657320049
388.0 0.0007224895398394438
389.0 0.0006588211817870615
390.0 0.0005951529146841494
391.0 0.0005588942258327734
392.0 0.0005226355824561324
393.0 0.0005932939984631957
394.0 0.0006639525963691995
395.0 0.000638341862213565
396.0 0.0006127311735326657
397.0 0.0008342554792761803
398.0 0.0010557797395449597
399.0 0.001285585130972322
400.0 0.0015153905223996844
401.0 0.001643653195060324
402.0 0.0017719157767714933
403.0 0.0018135891878046095
404.0 0.0018552627807366662
405.0 0.0017714672139845788
406.0 0.0016876721929293126
407.0 0.0014555210327671375
408.0 0.0012233700545039028
409.0 0.0009800140105653554
410.0 0.0007366578756773379
411.0 0.000512758288095938
412.0 0.0002888588369387435
413.0 0.0008976222488854546
414.0 0.0015063854334584903
415.0 0.0018197177269030362
416.0 0.0021330502931959927
417.0 0.0008296819032693747
418.0 1.640742880101853e-10
419.0 1.640742880101853e-10
420.0 1.640742880101853e-10
421.0 1.640742880101853e-10
422.0 0.00037917720874247607
423.0 0.0006277930879150517
424.0 0.0008764086487644818
425.0 0.00030479300221486483
426.0 1.640742880101853e-10
427.0 0.00030285959837783594
428.0 0.0008725419320398942
429.0 0.00012268039881746517
430.0 1.640742880101853e-10
431.0 0.00015444146583831753
432.0 0.000936064407142112
433.0 0.0006131703685241519
434.0 0.00029027683012827765
435.0 6.518989721371327e-05
436.0 1.640742880101853e-10
437.0 1.640742880101853e-10
438.0 8.322890465706223e-06
439.0 1.640742880101853e-10
440.0 1.640742880101853e-10
441.0 1.640742880101853e-10
442.0 1.640742880101853e-10
443.0 1.640742880101853e-10
444.0 1.640742880101853e-10
445.0 0.00013492198149833712
446.0 0.00028256515633984236
447.0 0.00048761253310658503
448.0 0.00069265979618649
449.0 0.0007726182047917973
450.0 0.0008525764314981643
451.0 0.00032040468340710504
452.0 1.640742880101853e-10
453.0 1.640742880101853e-10
454.0 1.640742880101853e-10
455.0 1.640742880101853e-10
456.0 1.640742880101853e-10
457.0 1.640742880101853e-10
458.0 1.640742880101853e-10
459.0 5.170466010895325e-05
460.0 0.0003172796368744457
461.0 0.0003413882268432644
462.0 0.0003654967940747156
463.0 0.00045669189603358973
464.0 0.0005478870662045665
465.0 0.0005136046183906728
466.0 0.00047932230700098444
467.0 0.0010575058695394546
468.0 0.001635689113754779
469.0 0.0015973484551068395
470.0 0.001559007250762079
471.0 0.0015721025192760862
472.0 0.0015851977877900936
473.0 0.0021911746443947777
474.0 0.002797151500999462
475.0 0.002657918957993388
476.0 0.002518686596886255
477.0 0.0029952874683658592
478.0 0.0034718883398454636
479.0 0.003951309554395266
480.0 0.004430730405147187
481.0 0.004506601544562727
482.0 0.004582472683978267
483.0 0.003924242264474742
484.0 0.0032660114811733365
485.0 0.0035489141737343743
486.0 0.0038318165024975315
487.0 0.0032958916563075036
488.0 0.0027599668101174757
489.0 0.002382727325311862
490.0 0.0020054883862030692
491.0 0.0017231432138942182
492.0 0.0014407978596864268
493.0 0.001103095564758405
494.0 0.0007653936336282641
495.0 0.0009669493920227978
496.0 0.0011685052413668018
497.0 0.001797955519577954
498.0 0.0024274060706375167
499.0 0.0024773333279881626
500.0 0.0025272609491366893
501.0 0.002375562326051295
502.0 0.002223864066763781
503.0 0.0023902961402200162
504.0 0.002556728031777311
505.0 0.0030997944122646004
506.0 0.00364286097465083
507.0 0.0027053501980844885
508.0 0.0017678386939223856
509.0 0.0019024462744710036
510.0 0.002037053673120681
511.0 0.0020246492567821406
512.0 0.0020122450223425403
513.0 0.0018491677110432647
514.0 0.0016860907635418698
515.0 0.0014744718100700993
516.0 0.0012628528565983288
517.0 0.0013824965208186768
518.0 0.001502139730291674
519.0 0.0014965893569751643
520.0 0.0014910388017597143
521.0 0.001662684189795982
522.0 0.001834329123084899
523.0 0.001622053241590038
524.0 0.0014097773600951768
525.0 0.001926203549373895
526.0 0.0024426304662483744
527.0 0.002397961179667618
528.0 0.002353292438783683
529.0 0.0025958668629755266
530.0 0.0028384407414705493
531.0 0.002636021417856682
532.0 0.0024336017304449342
533.0 0.002566376315371599
534.0 0.002699150354601443
535.0 0.002318147562618833
536.0 0.001937144588737283
537.0 0.002359080644964706
538.0 0.0027810163373942487
539.0 0.0034092310670530424
540.0 0.004037445251015015
541.0 0.004039682971779257
542.0 0.00404192105634138
543.0 0.004250036727171391
544.0 0.004458152034203522
545.0 0.004744936086353846
546.0 0.00503172013850417
547.0 0.004239015106577426
548.0 0.003446309710852802
549.0 0.0029721564715146087
550.0 0.0024980026864795946
551.0 0.002547989242884796
552.0 0.0025979756173910573
553.0 0.0031149051210377365
554.0 0.0036318335332907736
555.0 0.00391121138818562
556.0 0.004190589243080467
557.0 0.003657700654002838
558.0 0.0031248124287230894
559.0 0.003188824121025391
560.0 0.0032528358133276924
561.0 0.003490868039079942
562.0 0.0037288995372364298
563.0 0.003529022797010839
564.0 0.0033291456929873675
565.0 0.003872027082252316
566.0 0.004414908471517265
567.0 0.004671822171076201
568.0 0.004928735870635137
569.0 0.005608703213511035
570.0 0.006288669828791171
571.0 0.006245882104849443
572.0 0.006203094380907714
573.0 0.006537447916343808
574.0 0.006871802906971425
575.0 0.0065856547735165805
576.0 0.006299506640061736
577.0 0.005570429493673146
578.0 0.004841353074880317
579.0 0.005642290125251748
580.0 0.0064432271756231785
581.0 0.007274055678863078
582.0 0.008104884182102978
583.0 0.008797552436590195
584.0 0.009490218508290127
585.0 0.0099438831966836
586.0 0.010397547157481313
587.0 0.010239527910016477
588.0 0.010081504296977073
589.0 0.010297385597368702
590.0 0.010513269080547616
591.0 0.009779992251424119
592.0 0.009046715422300622
593.0 0.00730939646018669
594.0 0.005572080044657923
595.0 0.00567275783396326
596.0 0.0057734359870664775
597.0 0.00617079422227107
598.0 0.006568153185071424
599.0 0.007566124986624345
600.0 0.008564096060581505
601.0 0.00902454266906716
602.0 0.009484986367169768
603.0 0.010455438314238563
604.0 0.011425892444094643
605.0 0.011339960474288091
606.0 0.011254030687268823
607.0 0.009765903087100014
608.0 0.008277777669718489
609.0 0.006595521699637175
610.0 0.004913267548545264
611.0 0.004061929575982504
612.0 0.003210591967217624
613.0 0.0036989942600484937
614.0 0.004187395825283602
615.0 0.004826776057598181
616.0 0.005466157017508522
617.0 0.0068007146182935685
618.0 0.008135271491482854
619.0 0.00923950647120364
620.0 0.01034374290611595
621.0 0.01122869216487743
622.0 0.012113639240851626
623.0 0.012133071868447587
624.0 0.012152503040852025
625.0 0.010614000348141417
626.0 0.009075494745047763
627.0 0.007126025593606755
628.0 0.005176555350772105
629.0 0.004304563844925724
630.0 0.0034325727028772235
631.0 0.0028151183869340457
632.0 0.002197664070990868
633.0 0.0025208517399732955
634.0 0.0028440397727536038
635.0 0.003042629214178305
636.0 0.003241217928007245
637.0 0.003955796637455933
638.0 0.00467037498310674
639.0 0.004783726762980223
640.0 0.004897078179055825
641.0 0.005343979501049034
642.0 0.005790880823042244
643.0 0.005554686504183337
644.0 0.00531849182152655
645.0 0.004844840441364795
646.0 0.0043711886974051595
647.0 0.0035866098187398165
648.0 0.002802031121973414
649.0 0.0020323501303209923
650.0 0.00126266877487069
651.0 0.0014780816854909062
652.0 0.0016934947780100629
653.0 0.001648985744395759
654.0 0.0016044763469835743
655.0 0.0016458161553600803
656.0 0.0016871561456355266
657.0 0.001520556088507874
658.0 0.001353955940430751
659.0 0.00164083485287847
660.0 0.001927713856275659
661.0 0.0018127992007066496
662.0 0.0016978843632386997
663.0 0.002463800410623662
664.0 0.0032297168218065053
665.0 0.0036980691220378503
666.0 0.004166421058471315
667.0 0.004755904956255108
668.0 0.0053453877626452595
669.0 0.005430890814750455
670.0 0.005516390592674725
671.0 0.006244329415494576
672.0 0.006972267146920785
673.0 0.00792549762991257
674.0 0.008878728840500116
675.0 0.008246176730608568
676.0 0.007613628258695826
677.0 0.00613530573900789
678.0 0.0046569832193199545
679.0 0.0030210991099011153
680.0 0.0013852159099769779
681.0 0.0005838829565618653
682.0 1.640742880101853e-10
683.0 0.00013502611864169012
684.0 0.00048750230234873015
685.0 0.0003135088945782627
686.0 0.00013951544133306015
687.0 0.00016190184624065296
688.0 0.00018428825114824576
689.0 0.0002388337406955543
690.0 0.00029337923024286283
691.0 0.00035748955724557163
692.0 0.000421599906985648
693.0 0.00041381490518688224
694.0 0.0004060299033881165
695.0 0.00046520467549271416
696.0 0.0005243794930720469
697.0 0.0004910540610580938
698.0 0.0004577284926199354
699.0 0.00042206697798974346
700.0 0.00038640523598587606
701.0 0.00028243048291187733
702.0 0.00017845583215603256
703.0 0.0002822713440764346
704.0 0.00038608686736552045
705.0 0.00041157304622174706
706.0 0.00043705899770429824
707.0 0.00015314236634367262
708.0 1.640742880101853e-10
709.0 4.6406762521655764e-05
710.0 0.00022358781279763207
711.0 0.00037405472994578304
712.0 0.000524521647093934
713.0 0.0004213859028823208
714.0 0.0003182501586707076
715.0 0.0003794181793637108
716.0 0.0004405862455314491
717.0 0.00018620847868078272
718.0 1.640742880101853e-10
719.0 0.00014004539252709947
720.0 0.00034825984585040715
721.0 0.00026364493805886013
722.0 0.00017903003026731312
723.0 0.0003763956783586764
724.0 0.0005737612809753045
725.0 0.000526989106219844
726.0 0.00048021711336332373
727.0 0.00025952081159630325
728.0 3.882478267769329e-05
729.0 0.0002101434802170843
730.0 0.00038146235965541564
731.0 0.0006428640517697204
732.0 0.0009042660167324357
733.0 0.000276166451840254
734.0 1.640742880101853e-10
735.0 1.640742880101853e-10
736.0 1.640742880101853e-10
737.0 0.0002955632680823328
738.0 0.000917206853046082
739.0 0.0006704393854306545
740.0 0.00042367164496681653
741.0 0.0003043971673832857
742.0 0.00018512270116843865
743.0 1.640742880101853e-10
744.0 1.640742880101853e-10
745.0 0.00023858235635998426
746.0 0.0007875291885284241
747.0 0.00040325762711290736
748.0 1.8986034433510213e-05
749.0 1.640742880101853e-10
750.0 1.640742880101853e-10
751.0 9.482919338665852e-07
752.0 0.00011250564284637221
753.0 0.0003359615448061959
754.0 0.0005594174581347033
755.0 1.640742880101853e-10
756.0 1.640742880101853e-10
757.0 1.640742880101853e-10
758.0 1.640742880101853e-10
759.0 9.608921800463577e-05
760.0 0.0005954377229500096
761.0 0.0003378550900379196
762.0 8.027237754504313e-05
763.0 1.640742880101853e-10
764.0 1.640742880101853e-10
765.0 1.568681966546137e-05
766.0 0.00032772388749435777
767.0 1.640742880101853e-10
768.0 1.640742880101853e-10
769.0 1.640742880101853e-10
770.0 1.640742880101853e-10
771.0 1.640742880101853e-10
772.0 1.640742880101853e-10
773.0 0.0002522395107007469
774.0 0.0008109226655506063
775.0 0.0004995267772756051
776.0 0.00018813086626323638
777.0 0.00029426480523397913
778.0 0.00040039872146735433
779.0 0.000489877857035026
780.0 0.0005793569016532274
781.0 0.0005893221441510832
782.0 0.0005992873411742039
783.0 0.00047776106839592103
784.0 0.0003562348183550057
785.0 0.00015904314523140783
786.0 1.640742880101853e-10
787.0 0.00041455577957094647
788.0 0.0008672602234582882
789.0 0.0007904918675194494
790.0 0.0007137235115806106
791.0 0.0005689074441761477
792.0 0.0004240911493980093
793.0 0.0005119832621858222
794.0 0.0005998751021252247
795.0 0.0006666468834737316
796.0 0.0007334185283980332
797.0 0.00043467939576657955
798.0 0.0001359403313472285
799.0 0.000609664175499347
800.0 0.0010833880878635682
801.0 0.0005826518190588104
802.0 8.191559004444571e-05
803.0 0.0003228488594686496
804.0 0.0005637821232085116
805.0 0.000768027803133009
806.0 0.0009722734830575064
807.0 0.0005799503924208693
808.0 0.0001876274041023862
809.0 4.901890520159213e-05
810.0 1.640742880101853e-10
811.0 0.00024488228973496007
812.0 0.0005793541731691221
813.0 0.0008179134965757839
814.0 0.0010564727745077107
815.0 0.0010377591934229713
816.0 0.0010190450666414108
817.0 0.0009235608558810782
818.0 0.0008280767360702157
819.0 0.0008325992894242518
820.0 0.0008371217518288177
821.0 0.000781240396463545
822.0 0.0007253589956235373
823.0 0.0007037517661956372
824.0 0.0006821446731919423
825.0 0.0006760389624105301
826.0 0.000669933342578588
827.0 0.0006663549811491976
828.0 0.0006627767106692772
829.0 0.00033761186841729796
830.0 1.2446980690583587e-05
831.0 0.00011022796115867095
832.0 0.00020800912352569867
833.0 0.0004534826075541787
834.0 0.0006989560006331885
835.0 0.000154491090142983
836.0 1.640742880101853e-10
837.0 1.640742880101853e-10
838.0 0.00018994414858752862
839.0 0.00045428973862726707
840.0 0.0007186353741417406
841.0 0.001027120106300572
842.0 0.0013356048839341383
843.0 0.0010297505468770396
844.0 0.0007238959369715303
845.0 0.0005556159067054978
846.0 0.00038733574001525994
847.0 0.0008210646228690166
848.0 0.0012547936421469785
849.0 0.0010047767318610568
850.0 0.0007547596396761946
851.0 0.00103048432720243
852.0 0.0013062090147286654
853.0 0.0004489596449275268
854.0 1.640742880101853e-10
855.0 1.640742880101853e-10
856.0 1.640742880101853e-10
857.0 0.0004572154921334004
858.0 0.001545164741401095
859.0 0.0012748525477945805
860.0 0.001004539899440715
861.0 0.0013070361092104577
862.0 0.0016095325918286107
863.0 0.001816961776057724
864.0 0.0020243907783878967
865.0 0.0020795945602003485
866.0 0.0021347985239117406
867.0 0.0028214772100909613
868.0 0.0035081560781691223
869.0 0.0030680588679388165
870.0 0.0026279616577085108
871.0 0.003217929770471528
872.0 0.0038078982470324263
873.0 0.0027387795853428543
874.0 0.001669661287451163
875.0 0.002451221735100262
876.0 0.00323278181895148
