lsstCam/transmission_filter_detector/r10_s21/y_10/19700101T000000.ecsv
# %ECSV 1.0
# ---
# datatype:
# - {name: wavelength, unit: nm, datatype: float32}
# - {name: efficiency, unit: '%', datatype: float64}
# meta: !!omap
# - {MODE: DETECTOR}
# - {TYPE: transmission_filter_detector}
# - {CALIBDATE: '1970-01-01T00:00:00'}
# - {INSTRUME: LSSTCam}
# - {OBSTYPE: transmission_filter_detector}
# - {CALIBCLS: lsst.ip.isr.IntermediateFilterDetectorTransmissionCurve}
# - {SOURCE: Materion (DM-46256)}
# - {DETECTOR: 34}
# - {FILTER: y_10}
# - {CALIB_ID: 'calibDate=1970-01-01T00:00:00 filter=y_10 detector=34'}
# - {DATE: '2025-04-02T15:59:50.899770'}
# - {CALIB_CREATION_DATE: '2025-04-02'}
# - {CALIB_CREATION_TIME: '15:59:50'}
# - __serialized_columns__:
#     efficiency:
#       __class__: astropy.units.quantity.Quantity
#       unit: !astropy.units.Unit {unit: '%'}
#       value: !astropy.table.SerializedColumn {name: efficiency}
#     wavelength:
#       __class__: astropy.units.quantity.Quantity
#       unit: !astropy.units.Unit {unit: nm}
#       value: !astropy.table.SerializedColumn {name: wavelength}
# schema: astropy-2.0
wavelength efficiency
[from data line 578]
878.0 0.0007866296982683707
879.0 0.0016144960682140663
880.0 0.05522816791199148
881.0 0.09092006366699934
882.0 0.05490396870300174
883.0 0.10179992532357574
884.0 0.06233135936781764
885.0 0.08109541377052665
886.0 0.07887266110628843
887.0 0.09448823402635753
888.0 0.07747368654236197
889.0 0.09499482694081962
890.0 0.07344601326622069
891.0 0.10063993977382779
892.0 0.08062719134613872
893.0 0.09622398065403104
894.0 0.06015279213897884
895.0 0.10350653901696205
896.0 0.07646150188520551
897.0 0.10397945297881961
898.0 0.07065781974233687
899.0 0.11646058410406113
900.0 0.08490408072248101
901.0 0.11462742695584893
902.0 0.13246802845969796
903.0 0.1484848209656775
904.0 0.1610476290807128
905.0 0.16980282962322235
906.0 0.22237084340304136
907.0 0.25520860217511654
908.0 0.33697031904011965
909.0 0.42098485864698887
910.0 0.5854105111211538
911.0 0.7848219014704227
912.0 1.1387143284082413
913.0 1.6974978148937225
914.0 2.4160081520676613
915.0 3.543005883693695
916.0 5.012878775596619
917.0 6.7693933844566345
918.0 8.935265243053436
919.0 11.127950251102448
920.0 14.21772688627243
921.0 17.483653128147125
922.0 20.65676748752594
923.0 24.31824952363968
924.0 28.286823630332947
925.0 32.659342885017395
926.0 38.107141852378845
927.0 44.16510462760925
928.0 49.79997277259827
929.0 56.18905425071716
930.0 62.23034858703613
931.0 68.49219799041748
932.0 74.53701496124268
933.0 80.06761074066162
934.0 84.32440757751465
935.0 87.65206336975098
936.0 90.40288925170898
937.0 92.45672225952148
938.0 93.85278820991516
939.0 94.7390079498291
940.0 95.3407347202301
941.0 95.7116186618805
942.0 96.08314633369446
943.0 96.25648856163025
944.0 96.68126106262207
945.0 96.76434993743896
946.0 96.94516658782959
947.0 97.01465964317322
948.0 97.1345603466034
949.0 97.08730578422546
950.0 97.15738892555237
951.0 97.11306095123291
952.0 97.11607098579407
953.0 97.31284976005554
954.0 97.37405776977539
955.0 97.39559888839722
956.0 97.69349694252014
957.0 97.87027835845947
958.0 98.01658987998962
959.0 98.15887212753296
960.0 98.31528067588806
961.0 98.4506368637085
962.0 98.49286079406738
963.0 98.57502579689026
964.0 98.66333603858948
965.0 98.73923659324646
966.0 98.73947501182556
967.0 98.84937405586243
968.0 98.81044626235962
969.0 98.80935549736023
970.0 98.84724020957947
971.0 98.87856841087341
972.0 98.9791989326477
973.0 99.03202056884766
974.0 99.0446150302887
975.0 99.04107451438904
976.0 99.0934431552887
977.0 99.10818934440613
978.0 99.15101528167725
979.0 99.11295175552368
980.0 99.08353090286255
981.0 99.01286363601685
982.0 98.98739457130432
983.0 98.99758100509644
984.0 98.93221259117126
985.0 98.95904064178467
986.0 98.8103449344635
987.0 98.86569380760193
988.0 98.72692823410034
989.0 98.71147274971008
990.0 98.67215752601624
991.0 98.6568033695221
992.0 98.71719479560852
993.0 98.6550509929657
994.0 98.61770272254944
995.0 98.6117422580719
996.0 98.62702488899231
997.0 98.7299919128418
998.0 98.79994988441467
999.0 98.8344669342041
1000.0 98.88397455215454
1001.0 98.84114861488342
1002.0 98.98496270179749
1003.0 99.00844693183899
1004.0 99.08090233802795
1005.0 99.02769923210144
1006.0 99.18920397758484
1007.0 99.16713833808899
1008.0 99.13187623023987
1009.0 99.12781119346619
1010.0 99.15615916252136
1011.0 99.13016557693481
1012.0 99.05663132667542
1013.0 99.05261397361755
1014.0 99.03203248977661
1015.0 98.96759390830994
1016.0 98.96780252456665
1017.0 98.95232319831848
1018.0 98.98181557655334
1019.0 98.86874556541443
1020.0 98.96405935287476
1021.0 99.06342029571533
1022.0 98.96183013916016
1023.0 98.94905090332031
1024.0 98.96157383918762
1025.0 98.93888235092163
1026.0 98.96281957626343
1027.0 99.111807346344
1028.0 99.0371584892273
1029.0 99.14366602897644
1030.0 99.10593032836914
1031.0 99.1035521030426
1032.0 99.15340542793274
1033.0 99.14934635162354
1034.0 99.19742345809937
1035.0 99.23109412193298
1036.0 99.14509057998657
1037.0 99.23242330551147
1038.0 99.12437200546265
1039.0 99.05210733413696
1040.0 98.99479746818542
1041.0 99.08479452133179
1042.0 99.02750849723816
1043.0 99.02085661888123
1044.0 99.05895590782166
1045.0 98.76255393028259
1046.0 98.89070391654968
1047.0 98.87409210205078
1048.0 98.87465238571167
1049.0 98.8263726234436
1050.0 98.76406192779541
1051.0 98.7748384475708
1052.0 98.77619743347168
1053.0 98.63259196281433
1054.0 98.80051612854004
1055.0 98.93889427185059
1056.0 98.8233208656311
1057.0 98.89081716537476
1058.0 98.74213933944702
1059.0 98.83081912994385
1060.0 98.9436686038971
1061.0 98.82372617721558
1062.0 98.91576170921326
1063.0 98.90153408050537
1064.0 99.09225106239319
1065.0 98.9211916923523
1066.0 98.84018301963806
1067.0 99.10134077072144
1068.0 98.96610379219055
1069.0 98.75830411911011
1070.0 99.1942286491394
1071.0 98.99951815605164
1072.0 99.0013062953949
1073.0 99.07920956611633
1074.0 98.82487058639526
1075.0 98.87179136276245
1076.0 98.50088357925415
1077.0 98.90868067741394
1078.0 99.09429550170898
1079.0 98.65725040435791
1080.0 99.41725134849548
1081.0 98.69034886360168
1082.0 98.76976609230042
1083.0 98.50592613220215
1084.0 98.90774488449097
1085.0 98.94056916236877
1086.0 98.58977198600769
1087.0 98.67533445358276
1088.0 98.67517352104187
1089.0 98.63276481628418
1090.0 98.552006483078
1091.0 98.67450594902039
1092.0 98.72810244560242
1093.0 98.56757521629333
1094.0 98.32961559295654
1095.0 98.32587242126465
1096.0 98.58214259147644
1097.0 98.65412712097168
1098.0 97.77777194976807
1099.0 98.44495058059692
1100.0 98.2262670993805
