lsstCam/transmission_filter_detector/r43_s20/r_57/19700101T000000.ecsv
# %ECSV 1.0
# ---
# datatype:
# - {name: wavelength, unit: nm, datatype: float32}
# - {name: efficiency, unit: '%', datatype: float64}
# meta: !!omap
# - {MODE: DETECTOR}
# - {TYPE: transmission_filter_detector}
# - {CALIBDATE: '1970-01-01T00:00:00'}
# - {INSTRUME: LSSTCam}
# - {OBSTYPE: transmission_filter_detector}
# - {CALIBCLS: lsst.ip.isr.IntermediateFilterDetectorTransmissionCurve}
# - {SOURCE: Materion (DM-46256)}
# - {DETECTOR: 186}
# - {FILTER: r_57}
# - {CALIB_ID: 'calibDate=1970-01-01T00:00:00 filter=r_57 detector=186'}
# - {DATE: '2025-04-02T15:59:45.044723'}
# - {CALIB_CREATION_DATE: '2025-04-02'}
# - {CALIB_CREATION_TIME: '15:59:45'}
# - __serialized_columns__:
#     efficiency:
#       __class__: astropy.units.quantity.Quantity
#       unit: !astropy.units.Unit {unit: '%'}
#       value: !astropy.table.SerializedColumn {name: efficiency}
#     wavelength:
#       __class__: astropy.units.quantity.Quantity
#       unit: !astropy.units.Unit {unit: nm}
#       value: !astropy.table.SerializedColumn {name: wavelength}
# schema: astropy-2.0
wavelength efficiency
300.0 0.003731545075424947
301.0 0.009052734822034836
302.0 0.014373924932442605
303.0 0.017767467943485826
304.0 0.021161008044146
305.0 0.019272902864031494
306.0 0.017384797683916986
307.0 0.014913735503796488
308.0 0.01244267332367599
309.0 0.01120744927902706
310.0 0.009972224506782368
311.0 0.008810048893792555
312.0 0.0076478747359942645
313.0 0.007150875171646476
314.0 0.0066538763348944485
315.0 0.006559723988175392
316.0 0.006465572369052097
317.0 0.006064599074306898
318.0 0.005663625415763818
319.0 0.005245931970421225
320.0 0.004828239252674393
321.0 0.0045618158765137196
322.0 0.004295393227948807
323.0 0.004021451240987517
324.0 0.003747509981621988
325.0 0.0037287161831045523
326.0 0.0037099209293955937
327.0 0.0038887887058081105
328.0 0.004067655754624866
329.0 0.004070410432177596
330.0 0.004073164382134564
331.0 0.0036382105463417247
332.0 0.003203255619155243
333.0 0.00288933497358812
334.0 0.0025754143280209973
335.0 0.0024782413674984127
336.0 0.002381068406975828
337.0 0.0021506451957975514
338.0 0.0019202218027203344
339.0 0.0017087924788938835
340.0 0.0014973629731684923
341.0 0.0015282943422789685
342.0 0.0015592255294905044
343.0 0.0014720663784828503
344.0 0.0013849072274751961
345.0 0.0013565748304245062
346.0 0.0013282424333738163
347.0 0.0012532054824987426
348.0 0.001178168531623669
349.0 0.0011918990821868647
350.0 0.007605781138408929
351.0 0.006142806523712352
352.0 0.00467983445560094
353.0 0.005230737951933406
354.0 0.0057816407206701115
355.0 0.006120873877080157
356.0 0.006460106669692323
357.0 0.005833005343447439
358.0 0.005205904017202556
359.0 0.0036177985748508945
360.0 0.0020296933143981732
361.0 0.003358469984959811
362.0 0.00468724720121827
363.0 0.003639947681222111
364.0 0.002592648161225952
365.0 0.0026613657610141672
366.0 0.0027300829970045015
367.0 0.004006204471806996
368.0 0.005282326674205251
369.0 0.004444668957148679
370.0 0.0036070134228793904
371.0 0.0033653177524683997
372.0 0.0031236224458552897
373.0 0.0035326283978065476
374.0 0.003941633622162044
375.0 0.0033442687708884478
376.0 0.0027469035558169708
377.0 0.002451787077006884
378.0 0.002156670598196797
379.0 0.002596170816104859
380.0 0.0030356712159118615
381.0 0.004228340185363777
382.0 0.005421008609118871
383.0 0.00551431039639283
384.0 0.0056076129112625495
385.0 0.005991695434204303
386.0 0.006375778320943937
387.0 0.005008596053812653
388.0 0.003641413786681369
389.0 0.0027450007110019214
390.0 0.001848587635322474
391.0 0.0016346739357686602
392.0 0.0014207603271643165
393.0 0.000892921434569871
394.0 0.0003650826556622633
395.0 0.0012841983334510587
396.0 0.0022033140339772217
397.0 0.0020145791495451704
398.0 0.001825843719416298
399.0 0.001389345561619848
400.0 0.0009528475857223384
401.0 0.0008142545993905514
402.0 0.0006756616130587645
403.0 0.001115711438615108
404.0 0.0015557614460703917
405.0 0.0016604406482656486
406.0 0.001765120032359846
407.0 0.001721971966617275
408.0 0.0016788242646725848
409.0 0.001592979060660582
410.0 0.0015071335838001687
411.0 0.0018034059394267388
412.0 0.0020996782041038387
413.0 0.0017657001080806367
414.0 0.0014317221939563751
415.0 0.0016585532648605295
416.0 0.0018853843357646838
417.0 0.0023797882022336125
418.0 0.0028741920687025413
419.0 0.003970985926571302
420.0 0.005067779420642182
421.0 0.006971800030441955
422.0 0.008875819185050204
423.0 0.012286244600545615
424.0 0.01569667219882831
425.0 0.02076090022455901
426.0 0.02582512970548123
427.0 0.025204100529663265
428.0 0.0245830713538453
429.0 0.019228541350457817
430.0 0.013874009891878814
431.0 0.009947153012035415
432.0 0.006020293949404731
433.0 0.005004509148420766
434.0 0.003988724711234681
435.0 0.0034289878385607153
436.0 0.0028692509658867493
437.0 0.002321255851711612
438.0 0.001773260191839654
439.0 0.0014639725122833624
440.0 0.001154684832727071
441.0 0.001215412703459151
442.0 0.0012761407560901716
443.0 0.0013302379556989763
444.0 0.0013843347915099002
445.0 0.001067230368789751
446.0 0.0007501255822717212
447.0 0.0012444003914424684
448.0 0.0017386752006132156
449.0 0.001983254333026707
450.0 0.0022278334654401988
451.0 0.0020531631889753044
452.0 0.0018784927306114696
453.0 0.0017603704691282474
454.0 0.001642248207645025
455.0 0.0014458504665526561
456.0 0.001249453089258168
457.0 0.0013472481441567652
458.0 0.001445043471903773
459.0 0.0017181831935886294
460.0 0.001991322642425075
461.0 0.0027810434403363615
462.0 0.0035707646020455286
463.0 0.004483076554606669
464.0 0.005395388507167809
465.0 0.006585771188838407
466.0 0.007776153506711125
467.0 0.008154744864441454
468.0 0.008533337677363306
469.0 0.007222124258987606
470.0 0.005910912295803428
471.0 0.004314691614126787
472.0 0.002718471114349086
473.0 0.00200770482479129
474.0 0.001296939080930315
475.0 0.0010891933925449848
476.0 0.0008814480679575354
477.0 0.001136143873736728
478.0 0.0013908395885664504
479.0 0.0012061657798767556
480.0 0.0010214917892881203
481.0 0.0010021132766269147
482.0 0.000982734673016239
483.0 0.0008580138455727138
484.0 0.000733292699806043
485.0 0.0009188034709950443
486.0 0.0011043140148103703
487.0 0.0010968785318254959
488.0 0.0010894431397900917
489.0 0.001030082694342127
490.0 0.0009707223398436327
491.0 0.0009884470273391344
492.0 0.001006171623885166
493.0 0.0010433031093270984
494.0 0.0010804347766679712
495.0 0.0012145886103098746
496.0 0.0013487428077496588
497.0 0.0014116914826445282
498.0 0.001474640430387808
499.0 0.0015301468010875396
500.0 0.001585653080837801
501.0 0.0018644501324160956
502.0 0.00214324718399439
503.0 0.00267221184913069
504.0 0.00320117651426699
505.0 0.0038890175346750766
506.0 0.004576858555083163
507.0 0.005417110514827073
508.0 0.0062573621107731014
509.0 0.006385595770552754
510.0 0.006513828702736646
511.0 0.00590101262787357
512.0 0.0052881965530104935
513.0 0.0045295226300368086
514.0 0.0037708490708610043
515.0 0.003590918640838936
516.0 0.0034109882108168676
517.0 0.0035048433346673846
518.0 0.0035986988223157823
519.0 0.08756786701269448
520.0 0.110186159145087
521.0 0.08118438418023288
522.0 0.07672113133594394
523.0 0.04341148887760937
524.0 0.049005652545019984
525.0 0.09011437650769949
526.0 0.11920173419639468
527.0 0.12626837706193328
528.0 0.16935771564021707
529.0 0.11149520287290215
530.0 0.2414879621937871
531.0 0.21252476144582033
532.0 0.24580571334809065
533.0 0.3778052283450961
534.0 0.47874455340206623
535.0 0.7980200462043285
536.0 1.2720726430416107
537.0 1.8719140440225601
538.0 2.9109034687280655
539.0 4.574882984161377
540.0 6.942363828420639
541.0 9.594616293907166
542.0 12.956084311008453
543.0 17.281407117843628
544.0 22.648194432258606
545.0 28.40334177017212
546.0 35.296955704689026
547.0 42.704397439956665
548.0 51.255905628204346
549.0 59.0085506439209
550.0 64.58627581596375
551.0 70.98468542098999
552.0 74.5111882686615
553.0 78.38325500488281
554.0 81.77603483200073
555.0 85.2067232131958
556.0 88.71956467628479
557.0 90.77900052070618
558.0 93.1822657585144
559.0 95.09299397468567
560.0 94.910728931427
561.0 96.19531035423279
562.0 95.91233730316162
563.0 95.32186388969421
564.0 95.8200752735138
565.0 95.59398889541626
566.0 96.30499482154846
567.0 95.77327966690063
568.0 96.45013809204102
569.0 97.25542068481445
570.0 96.6149628162384
571.0 97.20979928970337
572.0 96.87586426734924
573.0 97.22925424575806
574.0 97.3792314529419
575.0 96.99013829231262
576.0 97.26296663284302
577.0 97.24328517913818
578.0 97.30501770973206
579.0 97.1495509147644
580.0 96.776282787323
581.0 96.86612486839294
582.0 96.90608978271484
583.0 97.1897840499878
584.0 96.51656150817871
585.0 96.70490026473999
586.0 96.66554927825928
587.0 96.66789174079895
588.0 97.11666107177734
589.0 97.67151474952698
590.0 96.94823026657104
591.0 96.16791009902954
592.0 96.29572033882141
593.0 96.05637788772583
594.0 96.28624320030212
595.0 96.60978317260742
596.0 97.22280502319336
597.0 97.34071493148804
598.0 97.40031361579895
599.0 97.44072556495667
600.0 97.18997478485107
601.0 96.32449746131897
602.0 97.02442288398743
603.0 96.70518636703491
604.0 96.83166146278381
605.0 97.43964672088623
606.0 96.70653939247131
607.0 96.52172923088074
608.0 96.56984210014343
609.0 95.7895040512085
610.0 96.38357758522034
611.0 95.74298858642578
612.0 96.0687518119812
613.0 96.99379205703735
614.0 96.84551358222961
615.0 96.4910089969635
616.0 96.89332246780396
617.0 96.62641286849976
618.0 96.25790119171143
619.0 97.32080101966858
620.0 96.37925624847412
621.0 96.18290066719055
622.0 96.82151675224304
623.0 97.1128523349762
624.0 96.727454662323
625.0 97.34658598899841
626.0 96.4346170425415
627.0 95.7368016242981
628.0 97.71071672439575
629.0 95.91172337532043
630.0 97.01048731803894
631.0 96.68111205101013
632.0 97.08184003829956
633.0 96.68121933937073
634.0 96.33318781852722
635.0 96.78703546524048
636.0 96.31548523902893
637.0 96.24913334846497
638.0 95.60043215751648
639.0 95.60855627059937
640.0 95.91700434684753
641.0 95.85896134376526
642.0 96.6498613357544
643.0 96.40150666236877
644.0 96.70305252075195
645.0 96.35016918182373
646.0 96.44576907157898
647.0 97.51531481742859
648.0 96.60399556159973
649.0 95.97112536430359
650.0 96.72834277153015
651.0 96.97480201721191
652.0 97.07203507423401
653.0 96.25672698020935
654.0 97.14855551719666
655.0 96.9214379787445
656.0 96.12012505531311
657.0 96.00407481193542
658.0 96.58880829811096
659.0 96.78342342376709
660.0 96.08961939811707
661.0 95.37758827209473
662.0 96.1652159690857
663.0 96.35934829711914
664.0 95.90005874633789
665.0 95.36764621734619
666.0 95.8861768245697
667.0 95.77757120132446
668.0 95.39167284965515
669.0 95.60502171516418
670.0 95.929616689682
671.0 95.72672843933105
672.0 95.19802927970886
673.0 95.48870921134949
674.0 94.92795467376709
675.0 95.59494853019714
676.0 95.01084089279175
677.0 93.3687686920166
678.0 92.35407710075378
679.0 91.12287759780884
680.0 89.95181322097778
681.0 88.15319538116455
682.0 85.32897233963013
683.0 82.47988820075989
684.0 78.99599075317383
685.0 74.58550333976746
686.0 70.37553787231445
687.0 65.51108956336975
688.0 61.20919585227966
689.0 56.73949122428894
690.0 51.95848345756531
691.0 47.96096384525299
692.0 43.06798875331879
693.0 38.541385531425476
694.0 32.9318106174469
695.0 27.645251154899597
696.0 22.00961709022522
697.0 16.745103895664215
698.0 11.600816994905472
699.0 7.8255124390125275
700.0 5.070611089468002
701.0 3.028436563909054
702.0 1.8022969365119934
703.0 1.014921348541975
704.0 0.5842150654643774
705.0 0.3790248651057482
706.0 0.2461084397509694
707.0 0.1571644563227892
708.0 0.1298353774473071
709.0 0.09965766221284866
710.0 0.07995775667950511
711.0 0.11604150058701634
712.0 0.062299700221046805
713.0 0.034547425457276404
714.0 0.015576661098748446
715.0 0.038226667675189674
716.0 0.058687973069027066
717.0 0.04200915864203125
718.0 0.07221864070743322
719.0 0.0379386474378407
720.0 1.7204597121955878e-10
721.0 0.003670027945190668
722.0 0.003551947884261608
723.0 0.0034338674595346674
724.0 0.003256351556046866
725.0 0.0030788356525590643
726.0 0.0028079277399228886
727.0 0.0025370192815898918
728.0 0.002458034759911243
729.0 0.0023790500563336536
730.0 0.002223628143838141
731.0 0.0020682062313426286
732.0 0.0020374909581732936
733.0 0.0020067756850039586
734.0 0.0019091679860139266
735.0 0.0018115606508217752
736.0 0.0016875317669473588
737.0 0.0015635030649718828
738.0 0.0013535298421629705
739.0 0.0011435568922024686
740.0 0.0013194472558097914
741.0 0.001495338074164465
742.0 0.001329299539065687
743.0 0.001163261094916379
744.0 0.0011874807569256518
745.0 0.0012117007827328052
746.0 0.0011801346772699617
747.0 0.0011485687537060585
748.0 0.0010241151358059142
749.0 0.0008996614269562997
750.0 0.0008586867807025556
751.0 0.0008177117706509307
752.0 0.0009142907401837874
753.0 0.0010108697097166441
754.0 0.0010295088941347785
755.0 0.0010481482604518533
756.0 0.0009457593478146009
757.0 0.0008433706170762889
758.0 0.0008853999133862089
759.0 0.0009274293915950693
760.0 0.0010289250894857105
761.0 0.0011304208783258218
762.0 0.0011739693945855834
763.0 0.0012175177289464045
764.0 0.0010602373549772892
765.0 0.0009029571629071143
766.0 0.0007216883204819169
767.0 0.0005404192506830441
768.0 0.0006492211468867026
769.0 0.0007580228611914208
770.0 0.0006847365057183197
771.0 0.0006114503321441589
772.0 0.0005592522029473912
773.0 0.0005070540282758884
774.0 0.0004523153165791882
775.0 0.0003975767413066933
776.0 0.00046693180593138095
777.0 0.0005362869160308037
778.0 0.0005815282747789752
779.0 0.0006267695880524116
780.0 0.0005635682555293897
781.0 0.0005003668775316328
782.0 0.0005364066964830272
783.0 0.000572446742808097
784.0 0.000551303810425452
785.0 0.000530160923517542
786.0 0.0005396449978434248
787.0 0.0005491291176440427
788.0 0.0005920114290347556
789.0 0.000634894058748614
790.0 0.0005598801635642303
791.0 0.00048486599553143606
792.0 0.0006088878308219137
793.0 0.0007329097115871264
794.0 0.0007901158824097365
795.0 0.0008473220987070818
796.0 0.0007756009836157318
797.0 0.0007038800958980573
798.0 0.0006853837021481013
799.0 0.0006668873538728803
800.0 0.0006943982953089289
801.0 0.0007219091457955074
802.0 0.000709610003468697
803.0 0.0006973108611418866
804.0 0.0006399791800504318
805.0 0.0005826471806358313
806.0 0.0006280325123952935
807.0 0.0006734178896294907
808.0 0.0007278223165485542
809.0 0.000782226834417088
810.0 0.0005929610779276118
811.0 0.00040369550333707593
812.0 0.0005986008090985706
813.0 0.0007935062967590056
814.0 0.0007624552836205112
815.0 0.0007314043159567518
816.0 0.0005694428637070814
817.0 0.0004074813659826759
818.0 0.0002506863893358968
819.0 9.389148658556223e-05
820.0 0.00025203280529240146
821.0 0.0004101742433704203
822.0 0.0004407091637403937
823.0 0.000471244038635632
824.0 0.00043347345126676373
825.0 0.00039570290937263053
826.0 0.00042371234485472087
827.0 0.0004517218258115463
828.0 0.000454324072052259
829.0 0.0004569263182929717
830.0 0.00027944092835241463
831.0 0.00010195559525527642
832.0 0.00018174567912865314
833.0 0.0002615357516333461
834.0 0.00037420415992528433
835.0 0.0004868724772677524
836.0 0.0010844029930012766
837.0 0.001681933099462185
838.0 0.002951308670162689
839.0 0.004220684786560014
840.0 0.004992292087990791
841.0 0.005763898661825806
842.0 0.006219503120519221
843.0 0.00667510466882959
844.0 0.00632473238511011
845.0 0.005974360465188511
846.0 0.00558919673494529
847.0 0.005204033004702069
848.0 0.00458520335087087
849.0 0.0039663758798269555
850.0 0.0036699952033814043
851.0 0.0033736148907337338
852.0 0.002992469489981886
853.0 0.002611323543533217
854.0 0.002194232729380019
855.0 0.0017771419152268209
856.0 0.0013959095667814836
857.0 0.0010146768545382656
858.0 0.0007972125786182005
859.0 0.0005797483481728705
860.0 0.000404562479161541
861.0 0.00022937654193810886
862.0 0.0002474331040502875
863.0 0.0002654896888998337
864.0 0.0002843087258952437
865.0 0.0003031278083653888
866.0 0.0002539344222896034
867.0 0.00020474105895118555
868.0 0.00013116122090650606
869.0 5.758137717748468e-05
870.0 2.770023286302603e-05
871.0 1.7204597121955878e-10
872.0 5.985994562252017e-05
873.0 0.00012190083680252428
874.0 0.00010494469506738824
875.0 8.798858743830351e-05
876.0 8.23051493625826e-05
877.0 7.662172833988734e-05
878.0 6.860867074465204e-05
879.0 6.059560746507486e-05
880.0 5.656891630678729e-05
881.0 5.25422706232348e-05
882.0 6.31760713076801e-05
883.0 7.380992315120238e-05
884.0 0.00011783702120737871
885.0 0.0001618642158973671
886.0 0.00027598364340519765
887.0 0.00039010305954434443
888.0 0.0002745654455793556
889.0 0.00015902782024568296
890.0 0.0002262656380480621
891.0 0.00029350348995649256
892.0 0.00032819680200191215
893.0 0.00036289011404733174
894.0 0.00024612177185190376
895.0 0.00012935340691910824
896.0 9.940093832483399e-05
897.0 6.944850383661105e-05
898.0 0.00012669397619902156
899.0 0.00018393944856143207
900.0 0.00023968834739207523
901.0 0.00029543721211666707
902.0 0.00033578178317839047
