lsstCam/transmission_filter_detector/r43_s20/r_57/19700101T000000.ecsv
# %ECSV 1.0
# ---
# datatype:
# - {name: wavelength, unit: nm, datatype: float32}
# - {name: efficiency, unit: '%', datatype: float64}
# meta: !!omap
# - {MODE: DETECTOR}
# - {TYPE: transmission_filter_detector}
# - {CALIBDATE: '1970-01-01T00:00:00'}
# - {INSTRUME: LSSTCam}
# - {OBSTYPE: transmission_filter_detector}
# - {CALIBCLS: lsst.ip.isr.IntermediateFilterDetectorTransmissionCurve}
# - {SOURCE: Materion (DM-46256)}
# - {DETECTOR: 186}
# - {FILTER: r_57}
# - {CALIB_ID: 'calibDate=1970-01-01T00:00:00 filter=r_57 detector=186'}
# - {DATE: '2025-04-02T15:59:45.044723'}
# - {CALIB_CREATION_DATE: '2025-04-02'}
# - {CALIB_CREATION_TIME: '15:59:45'}
# - __serialized_columns__:
#     efficiency:
#       __class__: astropy.units.quantity.Quantity
#       unit: !astropy.units.Unit {unit: '%'}
#       value: !astropy.table.SerializedColumn {name: efficiency}
#     wavelength:
#       __class__: astropy.units.quantity.Quantity
#       unit: !astropy.units.Unit {unit: nm}
#       value: !astropy.table.SerializedColumn {name: wavelength}
# schema: astropy-2.0
wavelength efficiency
[from data line 604]
904.0 0.00033279488889093045
905.0 0.0002894634008043795
906.0 0.00018620756918608095
907.0 8.295172051475674e-05
908.0 0.0001717848249427334
909.0 0.00026061793505505193
910.0 0.00022113072191132233
911.0 0.00018164356561101158
912.0 0.00024132018552336376
913.0 0.0003009969077538699
914.0 0.0002608514705570997
915.0 0.000220706056097697
916.0 0.00023364204935205635
917.0 0.00024657797439431306
918.0 0.00014004773447595653
919.0 3.351754855884792e-05
920.0 9.262309390578594e-05
921.0 0.00015172865914792055
922.0 0.00019352812614670256
923.0 0.0002353276613575872
924.0 0.0002525997388147516
925.0 0.0002698718617466511
926.0 0.00029058483050903305
927.0 0.0003112978447461501
928.0 0.00025533020107104676
929.0 0.0001993625346585759
930.0 0.00016692358713044086
931.0 0.00013448460549625452
932.0 0.00016240551303781103
933.0 0.0001903264433167351
934.0 0.00016027919400585233
935.0 0.00013023196743233711
936.0 0.00014458638588621398
937.0 0.00015894080434009084
938.0 7.627281206623593e-05
939.0 1.7204597121955878e-10
940.0 0.00020350353224785067
941.0 0.0004134022219659528
942.0 0.000392135825677542
943.0 0.0003708694521264988
944.0 0.00032105649552249815
945.0 0.00027124351618112996
946.0 0.0004083037765667541
947.0 0.0005453641733765835
948.0 0.0006009795470163226
949.0 0.0006565951025550021
950.0 0.0006924893114046426
951.0 0.000728383383830078
952.0 0.0006830892743892036
953.0 0.0006377952104230644
954.0 0.0009134566425927915
955.0 0.001189118302136194
956.0 0.0009215434147336055
957.0 0.0006539688001794275
958.0 0.0010050412129203323
959.0 0.0013561133528128266
960.0 0.0014267752703744918
961.0 0.0014974374607845675
962.0 0.001601877374923788
963.0 0.0017063171981135383
964.0 0.0018169292161474004
965.0 0.0019275412341812626
966.0 0.002089698682539165
967.0 0.0022518566765938886
968.0 0.002215853237430565
969.0 0.002179849980166182
970.0 0.002252396552648861
971.0 0.0023249433070304804
972.0 0.0024884724552975968
973.0 0.002652001603564713
974.0 0.002871277138183359
975.0 0.003090553218498826
976.0 0.003214013486285694
977.0 0.003337473390274681
978.0 0.003437013947404921
979.0 0.003536554504535161
980.0 0.0035466913686832413
981.0 0.003556827869033441
982.0 0.003547767482814379
983.0 0.003538707460393198
984.0 0.003466511407168582
985.0 0.0033943160815397277
986.0 0.0032492505852133036
987.0 0.00310418545268476
988.0 0.003084876880166121
989.0 0.0030655683076474816
990.0 0.00298884988296777
991.0 0.0029121318220859393
992.0 0.0029234157409518957
993.0 0.002934700205514673
994.0 0.002992350891872775
995.0 0.0030500015782308765
996.0 0.0030331231755553745
997.0 0.003016244590980932
998.0 0.0030074346796027385
999.0 0.0029986251320224255
1000.0 0.0030714742024429142
1001.0 0.0031443229090655223
1002.0 0.0033014133805409074
1003.0 0.0034585038520162925
1004.0 0.0037917790905339643
1005.0 0.004125054329051636
1006.0 0.004207074016449042
1007.0 0.004289094067644328
1008.0 0.004263581286068074
1009.0 0.0042380677768960595
1010.0 0.004264732342562638
1011.0 0.004291396908229217
1012.0 0.004207414167467505
1013.0 0.004123431062907912
1014.0 0.004108042776351795
1015.0 0.004092655217391439
1016.0 0.003591960557969287
1017.0 0.003091266262345016
1018.0 0.0026851394068216905
1019.0 0.0022790121875004843
1020.0 0.002113434675266035
1021.0 0.0019478566173347645
1022.0 0.0018696569895837456
1023.0 0.001791456998034846
1024.0 0.0015246141629177146
1025.0 0.0012577710549521726
1026.0 0.0011475071914901491
1027.0 0.0010372436918260064
1028.0 0.0008907245501177385
1029.0 0.000744205544833676
1030.0 0.0008204696314351168
1031.0 0.0008967338544607628
1032.0 0.000653940833217348
1033.0 0.00041114776649919804
1034.0 0.0005940246865066001
1035.0 0.0007769014700897969
1036.0 0.0009436554137209896
1037.0 0.0011104095392511226
1038.0 0.001262959631276317
1039.0 0.0014155099961499218
1040.0 0.0011732488928828388
1041.0 0.0009309880624641664
1042.0 0.0009119758033193648
1043.0 0.0008929633622756228
1044.0 0.0009409790436620824
1045.0 0.0009889946340990718
1046.0 0.0008628075192973483
1047.0 0.0007366202680714196
1048.0 0.0010964960893034004
1049.0 0.0014563722288585268
1050.0 0.001350972888758406
1051.0 0.0012455740034056362
1052.0 0.001543656071589794
1053.0 0.001841738230723422
1054.0 0.0015050599358801264
1055.0 0.0011683820048347116
1056.0 0.0013115964975440875
1057.0 0.0014548111721524037
1058.0 0.00126059630929376
1059.0 0.001066381355485646
1060.0 0.0010810110325110145
1061.0 0.0010956406185869128
1062.0 0.0008529467777407262
1063.0 0.0006102529368945397
1064.0 0.0008915617399907205
1065.0 0.0011728705430869013
1066.0 0.0013881870472687297
1067.0 0.001603503551450558
1068.0 0.0013447891433315817
1069.0 0.0010860748261620756
1070.0 0.0013591844435723033
1071.0 0.0016322939700330608
1072.0 0.0019801365851890296
1073.0 0.0023279792003449984
1074.0 0.0025170853405143134
1075.0 0.002706191662582569
1076.0 0.002883343586290721
1077.0 0.003060495509998873
1078.0 0.003108622331637889
1079.0 0.0031567491532769054
1080.0 0.003469546209089458
1081.0 0.0037823436286998913
1082.0 0.004074964817846194
1083.0 0.004367586370790377
1084.0 0.00348321336787194
1085.0 0.002598840910650324
1086.0 0.002958206823677756
1087.0 0.003317572918604128
1088.0 0.003314530840725638
1089.0 0.0033114891266450286
1090.0 0.0037538429751293734
1091.0 0.004196197187411599
1092.0 0.003787535388255492
1093.0 0.0033788739528972656
1094.0 0.003164801455568522
1095.0 0.0029507295039366
1096.0 0.0021022593500674702
1097.0 0.0012537886505015194
1098.0 0.0020703411792055704
1099.0 0.0028868937079096213
1100.0 0.0022541713406099007
1101.0 0.001621448427613359
