lsstCam/transmission_filter_detector/r31_s21/r_57/19700101T000000.ecsv
# %ECSV 1.0
# ---
# datatype:
# - {name: wavelength, unit: nm, datatype: float32}
# - {name: efficiency, unit: '%', datatype: float64}
# meta: !!omap
# - {MODE: DETECTOR}
# - {TYPE: transmission_filter_detector}
# - {CALIBDATE: '1970-01-01T00:00:00'}
# - {INSTRUME: LSSTCam}
# - {OBSTYPE: transmission_filter_detector}
# - {CALIBCLS: lsst.ip.isr.IntermediateFilterDetectorTransmissionCurve}
# - {SOURCE: Materion (DM-46256)}
# - {DETECTOR: 133}
# - {FILTER: r_57}
# - {CALIB_ID: 'calibDate=1970-01-01T00:00:00 filter=r_57 detector=133'}
# - {DATE: '2025-04-02T15:59:44.799291'}
# - {CALIB_CREATION_DATE: '2025-04-02'}
# - {CALIB_CREATION_TIME: '15:59:44'}
# - __serialized_columns__:
#     efficiency:
#       __class__: astropy.units.quantity.Quantity
#       unit: !astropy.units.Unit {unit: '%'}
#       value: !astropy.table.SerializedColumn {name: efficiency}
#     wavelength:
#       __class__: astropy.units.quantity.Quantity
#       unit: !astropy.units.Unit {unit: nm}
#       value: !astropy.table.SerializedColumn {name: wavelength}
# schema: astropy-2.0
wavelength efficiency
300.0 0.0021499281501746736
301.0 0.0053678952099289745
302.0 0.00858586427057162
303.0 0.011377348710084334
304.0 0.014168834604788572
305.0 0.012809812324121594
306.0 0.01145079149864614
307.0 0.009707982826512307
308.0 0.007965173426782712
309.0 0.007475275924662128
310.0 0.006985377694945782
311.0 0.006303693226072937
312.0 0.005622008757200092
313.0 0.005199838778935373
314.0 0.004777669892064296
315.0 0.004581486791721545
316.0 0.004385303691378795
317.0 0.004225752127240412
318.0 0.004066199107910506
319.0 0.0037832618545508012
320.0 0.003500324601191096
321.0 0.003197707701474428
322.0 0.00289509061985882
323.0 0.002763686643447727
324.0 0.002632282667036634
325.0 0.0023952354240464047
326.0 0.002158188544854056
327.0 0.0022776850528316572
328.0 0.0023971817427081987
329.0 0.0024112852770485915
330.0 0.002425388629490044
331.0 0.002256512379972264
332.0 0.0020876357666566037
333.0 0.0019171244275639765
334.0 0.00174661345226923
335.0 0.0015306608474929817
336.0 0.0013147082427167334
337.0 0.0012569307727972046
338.0 0.0011991533028776757
339.0 0.0010427156666992232
340.0 0.0008862780305207707
341.0 0.0008643421097076498
342.0 0.0008424060979450587
343.0 0.0008767739018367138
344.0 0.0009111416147788987
345.0 0.0009112013685808051
346.0 0.0009112612133321818
347.0 0.0009021729056257755
348.0 0.0008930846888688393
349.0 0.0008615950719104148
350.0 0.002689932080102153
351.0 0.0043803665903396904
352.0 0.006070800736779347
353.0 0.005009287633583881
354.0 0.003947776349377818
355.0 0.004291651930543594
356.0 0.004635527147911489
357.0 0.005201388921705075
358.0 0.005767253242083825
359.0 0.004659406113205478
360.0 0.003551560075720772
361.0 0.002740003037615679
362.0 0.001928446363308467
363.0 0.0022776057448936626
364.0 0.0026267653083777986
365.0 0.0027329208023729734
366.0 0.002839076296368148
367.0 0.0022251961127039976
368.0 0.001611315929039847
369.0 0.0032398042094428092
370.0 0.004868292307946831
371.0 0.004562479080050252
372.0 0.0042566662159515545
373.0 0.0037689947930630296
374.0 0.0032813237339723855
375.0 0.002476913869031705
376.0 0.0016725036402931437
377.0 0.002002223118324764
378.0 0.002331942778255325
379.0 0.0021400113837444223
380.0 0.0019480799892335199
381.0 0.0020746985683217645
382.0 0.002201317147410009
383.0 0.0027667229005601257
384.0 0.0033321281080134213
385.0 0.003913030377589166
386.0 0.004493933010962792
387.0 0.004392904520500451
388.0 0.00429187566624023
389.0 0.0029178117983974516
390.0 0.0015437475667567924
391.0 0.0012486466403061058
392.0 0.0009535457138554193
393.0 0.0012859187336289324
394.0 0.0016182917534024455
395.0 0.0012243098353792448
396.0 0.0008303278264065739
397.0 0.0007022766567388317
398.0 0.0005742255325458245
399.0 0.0009776681508810725
400.0 0.0013811111784889363
401.0 0.0011846668712678365
402.0 0.0009882224730972666
403.0 0.0009021264304465149
404.0 0.0008160305696947034
405.0 0.000884957262314856
406.0 0.000953884136833949
407.0 0.0009534303899272345
408.0 0.0009529767339699902
409.0 0.0014037545042810962
410.0 0.0018545322745922022
411.0 0.0016623216652078554
412.0 0.0014701111467729788
413.0 0.001809381865314208
414.0 0.0021486526748049073
415.0 0.0019190192688256502
416.0 0.0016893862266442738
417.0 0.0014161435501591768
418.0 0.0011429007827246096
419.0 0.0017555528756929561
420.0 0.002368205059610773
421.0 0.003933444895665161
422.0 0.005498684186022729
423.0 0.008534768130630255
424.0 0.011570849892450497
425.0 0.01534594630356878
426.0 0.019121043442282826
427.0 0.019508431432768703
428.0 0.019895820878446102
429.0 0.015952168905641884
430.0 0.01200851475005038
431.0 0.008351624273927882
432.0 0.004694732342613861
433.0 0.0038012909499229863
434.0 0.002907849739131052
435.0 0.002408046566415578
436.0 0.0019082433937001042
437.0 0.0013234925972938072
438.0 0.0007387419373117154
439.0 0.0007957912202982698
440.0 0.0008528405487595592
441.0 0.001185327346320264
442.0 0.0015178143257799093
443.0 0.0017651007510721684
444.0 0.0020123870854149573
445.0 0.001726427763060201
446.0 0.0014404683497559745
447.0 0.0014161468243401032
448.0 0.001391824844176881
449.0 0.0013656980627274606
450.0 0.0013395707355812192
451.0 0.0013144911463314202
452.0 0.0012894115570816211
453.0 0.0013210854376666248
454.0 0.0013527593182516284
455.0 0.0010855838809220586
456.0 0.0008184084435924888
457.0 0.0008322549547301605
458.0 0.0008461013749183621
459.0 0.0010304380339221098
460.0 0.0012147746019763872
461.0 0.0017056949218385853
462.0 0.0021966154235997237
463.0 0.003080484748352319
464.0 0.003964354255003855
465.0 0.004761598029290326
466.0 0.0055588414397789165
467.0 0.006106877117417753
468.0 0.00665491315885447
469.0 0.005776601392426528
470.0 0.004898289262200706
471.0 0.0036073332012165338
472.0 0.0023163769583334215
473.0 0.0017005630070343614
474.0 0.0010847491466847714
475.0 0.0009527553629595786
476.0 0.0008207617611333262
477.0 0.0007669456863368396
478.0 0.0007131296115403529
479.0 0.0006289755674515618
480.0 0.0005448214778880356
481.0 0.0004245321179041639
482.0 0.0003042427124455571
483.0 0.00037604606859531486
484.0 0.0004478495611692779
485.0 0.0005444242560770363
486.0 0.0006409989509847946
487.0 0.0005572848749579862
488.0 0.0004735707534564426
489.0 0.0007506643669330515
490.0 0.0010277580258843955
491.0 0.0008798748240224086
492.0 0.0007319918495340971
493.0 0.0008343305125890765
494.0 0.0009366689482703805
495.0 0.0009746326213644352
496.0 0.0010125962944584899
497.0 0.0010222423952654935
498.0 0.0010318885870219674
499.0 0.001095860807254212
500.0 0.0011598330274864566
501.0 0.0014285204088082537
502.0 0.0016972075172816403
503.0 0.0018724877008935437
504.0 0.002047767338808626
505.0 0.002510498234187253
506.0 0.0029732289476669393
507.0 0.003780846600420773
508.0 0.004588464435073547
509.0 0.005006180799682625
510.0 0.005423897164291702
511.0 0.00486501885461621
512.0 0.0043061405449407175
513.0 0.0036824178096139804
514.0 0.003058695074287243
515.0 0.002851526005542837
516.0 0.0026443567548994906
517.0 0.002601090272946749
518.0 0.002557823609095067
519.0 0.01297784474445507
520.0 0.07761703454889357
521.0 0.09786852169781923
522.0 0.1144643290899694
523.0 0.14262594049796462
524.0 0.07717286935076118
525.0 0.10013252031058073
526.0 0.06955838180147111
527.0 0.13643776765093207
528.0 0.11611602967604995
529.0 0.04964232794009149
530.0 0.11838841019198298
531.0 0.17326789675280452
532.0 0.2337263198569417
533.0 0.23587150499224663
534.0 0.3332785563543439
535.0 0.43594595044851303
536.0 0.6345399655401707
537.0 0.8265873417258263
538.0 1.2904447503387928
539.0 2.0172521471977234
540.0 3.336913511157036
541.0 4.929507523775101
542.0 7.219775766134262
543.0 10.196540504693985
544.0 13.719743490219116
545.0 17.614348232746124
546.0 22.576841711997986
547.0 28.51417362689972
548.0 36.20319664478302
549.0 44.36121582984924
550.0 51.389867067337036
551.0 59.083008766174316
552.0 64.6471381187439
553.0 69.85048055648804
554.0 74.09059405326843
555.0 78.45041155815125
556.0 81.93315863609314
557.0 84.99435782432556
558.0 88.18361759185791
559.0 91.67892932891846
560.0 92.64056086540222
561.0 93.87323260307312
562.0 94.95208263397217
563.0 95.07961869239807
564.0 95.47626376152039
565.0 95.1228141784668
566.0 95.50981521606445
567.0 94.87132430076599
568.0 95.46811580657959
569.0 95.90266942977905
570.0 95.72896957397461
571.0 96.58835530281067
572.0 96.50773406028748
573.0 96.37582898139954
574.0 97.00617790222168
575.0 96.54940366744995
576.0 97.11260795593262
577.0 97.01792001724243
578.0 96.84370160102844
579.0 96.8772292137146
580.0 96.01983428001404
581.0 96.35525345802307
582.0 96.39478921890259
583.0 96.50471806526184
584.0 95.88073492050171
585.0 96.03682160377502
586.0 96.36622667312622
587.0 95.72809338569641
588.0 96.11859321594238
589.0 97.2329318523407
590.0 96.3632881641388
591.0 95.71824669837952
592.0 95.70450186729431
593.0 95.62267661094666
594.0 95.79724669456482
595.0 96.10355496406555
596.0 96.77754044532776
597.0 96.84919714927673
598.0 96.21390700340271
599.0 96.6143012046814
600.0 96.51302099227905
601.0 96.17347121238708
602.0 96.086984872818
603.0 95.88230848312378
604.0 96.37595415115356
605.0 96.52385711669922
606.0 96.38459086418152
607.0 95.71915864944458
608.0 96.16373777389526
609.0 95.45466303825378
610.0 95.90595960617065
611.0 95.64267992973328
612.0 95.78887820243835
613.0 96.7128038406372
614.0 96.56642079353333
615.0 96.00192904472351
616.0 96.41216397285461
617.0 96.3549017906189
618.0 95.90749740600586
619.0 96.8906044960022
620.0 95.81448435783386
621.0 95.62129378318787
622.0 96.3351309299469
623.0 96.47798538208008
624.0 96.30607962608337
625.0 96.63764834403992
626.0 96.07188701629639
627.0 94.95731592178345
628.0 97.05598950386047
629.0 95.32802700996399
630.0 96.19367122650146
631.0 95.77255845069885
632.0 96.79068922996521
633.0 96.37781381607056
634.0 95.49728631973267
635.0 96.20612263679504
636.0 95.94756364822388
637.0 95.44578790664673
638.0 95.19176483154297
639.0 95.27099132537842
640.0 95.55860757827759
641.0 95.4418420791626
642.0 96.09019160270691
643.0 95.70438861846924
644.0 95.87546586990356
645.0 95.91929316520691
646.0 95.76791524887085
647.0 96.89249992370605
648.0 96.09262347221375
649.0 95.3690767288208
650.0 96.21675610542297
651.0 96.64226770401001
652.0 96.5368926525116
653.0 95.68790793418884
654.0 96.4923620223999
655.0 96.2693989276886
656.0 95.63613533973694
657.0 95.56363224983215
658.0 96.34469151496887
659.0 96.2072491645813
660.0 95.45816779136658
661.0 95.15038132667542
662.0 95.59105634689331
663.0 95.62068581581116
664.0 95.31383514404297
665.0 95.2327013015747
666.0 95.48396468162537
667.0 95.31758427619934
668.0 94.79650855064392
669.0 95.70703506469727
670.0 95.4596221446991
671.0 95.58146595954895
672.0 95.20739316940308
673.0 95.47704458236694
674.0 94.87752318382263
675.0 95.7294762134552
676.0 95.09139657020569
677.0 94.19703483581543
678.0 93.31794381141663
679.0 92.7501916885376
680.0 91.8357789516449
681.0 90.5132532119751
682.0 88.70876431465149
683.0 86.00965142250061
684.0 82.85625576972961
685.0 79.3225884437561
686.0 75.58447122573853
687.0 70.94454169273376
688.0 66.75732731819153
689.0 62.222206592559814
690.0 57.091474533081055
691.0 52.78981924057007
692.0 48.21866750717163
693.0 43.93464922904968
694.0 39.14157450199127
695.0 33.88090431690216
696.0 28.72968018054962
697.0 23.559223115444183
698.0 17.706507444381714
699.0 13.113898038864136
700.0 9.389592707157135
701.0 6.020395457744598
702.0 3.7969831377267838
703.0 2.1884100511670113
704.0 1.277026254683733
705.0 0.7487377617508173
706.0 0.5238414742052555
707.0 0.3253646194934845
708.0 0.22668710444122553
709.0 0.19527963595464826
710.0 0.0828792282845825
711.0 0.0693463021889329
712.0 0.11395994806662202
713.0 0.04333578981459141
714.0 0.02815274929162115
715.0 0.06546220974996686
716.0 0.016070480342023075
717.0 0.08108391193673015
718.0 0.02303814544575289
719.0 0.0193210958968848
720.0 1.5980567563689263e-10
721.0 0.004681785139837302
722.0 0.004531145896180533
723.0 0.004380507380119525
724.0 0.004011132477899082
725.0 0.003641757575678639
726.0 0.003475666744634509
727.0 0.0033095755497924984
728.0 0.0031567236874252558
729.0 0.003003871279361192
730.0 0.0028236376238055527
731.0 0.0026434041501488537
732.0 0.002507294084352907
733.0 0.00237118401855696
734.0 0.002252384365419857
735.0 0.002133585076080635
736.0 0.002020040301431436
737.0 0.001906495526782237
738.0 0.0018346821889281273
739.0 0.0017628688510740176
740.0 0.0017194111933349632
741.0 0.001675953171798028
742.0 0.0016337178749381565
743.0 0.0015914823961793445
744.0 0.001588165650900919
745.0 0.0015848490875214338
746.0 0.0014597850167774595
747.0 0.0013347206731850747
748.0 0.0013309050700627267
749.0 0.0013270892850414384
750.0 0.0012733770745398942
751.0 0.00121966486403835
752.0 0.001153909215645399
753.0 0.0010881538401008584
754.0 0.0011328272194077726
755.0 0.0011775002349168062
756.0 0.001175194756797282
757.0 0.0011728890967788175
758.0 0.0011936984265048523
759.0 0.0012145079381298274
760.0 0.0012510573469626252
761.0 0.0012876069376943633
762.0 0.0011087761777162086
763.0 0.0009299453267885838
764.0 0.0010201601071457844
765.0 0.0011103745237051044
766.0 0.0009770394171937369
767.0 0.0008437042197328992
768.0 0.0008546967364964075
769.0 0.0008656892532599159
770.0 0.0008865340532793198
771.0 0.0009073787623492535
772.0 0.0009995390428230166
773.0 0.0010916991413978394
774.0 0.0010746518455562182
775.0 0.0010576042768661864
776.0 0.0010208744242845569
777.0 0.0009841448445513379
778.0 0.000870951043907553
779.0 0.0007577574251627084
780.0 0.0007685862328798976
781.0 0.0007794148586981464
782.0 0.0008312554200529121
783.0 0.0008830960723571479
784.0 0.0008665399036544841
785.0 0.0008499834621034097
786.0 0.0008129937668854836
787.0 0.0007760039807180874
788.0 0.0006994785508140922
789.0 0.0006229532118595671
790.0 0.0005971656264591729
791.0 0.0005713779046345735
792.0 0.0005637600679619936
793.0 0.0005561422767641488
794.0 0.0006701058737235144
795.0 0.0007840694706828799
796.0 0.0006709083663736237
797.0 0.0005577472620643675
798.0 0.0006109421065048082
799.0 0.0006641370873694541
800.0 0.0006846234555268893
801.0 0.0007051095963106491
802.0 0.0006880437467771117
803.0 0.0006709779427183094
804.0 0.00063654379118816
805.0 0.0006021095941832755
806.0 0.0006012915491737658
807.0 0.0006004735496389912
808.0 0.0006665941782557638
809.0 0.0007327147613978013
810.0 0.0007767889655951876
811.0 0.0008208628059946932
812.0 0.0006778164788556751
813.0 0.0005347698788682465
814.0 0.0006288238637353061
815.0 0.0007228776212286903
816.0 0.0007930044375825673
817.0 0.0008631312994111795
818.0 0.0006425922038033605
819.0 0.0004220532446197467
820.0 0.0005606077593256487
821.0 0.0006991622285568155
822.0 0.0006484881851065438
823.0 0.0005978143235552125
824.0 0.0005907004833716201
825.0 0.0005835868705617031
826.0 0.0005978544777462957
827.0 0.0006121220849308884
828.0 0.0005804195552627789
829.0 0.0005487172074936097
830.0 0.00023727513962512603
831.0 1.5980567563689263e-10
832.0 1.5980567563689263e-10
833.0 1.5980567563689263e-10
834.0 1.5980567563689263e-10
835.0 1.5980567563689263e-10
836.0 1.5980567563689263e-10
837.0 2.0026844538278965e-05
838.0 0.0006266228865570156
839.0 0.0012332189726294018
840.0 0.001592605076439213
841.0 0.0019519911802490242
842.0 0.0023037851860863157
843.0 0.002655579010024667
844.0 0.002620027771627065
845.0 0.0025844763513305224
846.0 0.002214867345173843
847.0 0.0018452585209161043
848.0 0.0017983698853640817
849.0 0.001751481249812059
850.0 0.0016655467334203422
851.0 0.0015796123989275657
852.0 0.0014710830328112934
853.0 0.0013625537576444913
854.0 0.0011252855983912013
855.0 0.0008880174391379114
856.0 0.0007868204193073325
857.0 0.0006856233994767535
858.0 0.0005759814484918024
859.0 0.0004663395884563215
860.0 0.0003448219558777055
861.0 0.00022330436877382454
862.0 0.00029864856969652465
863.0 0.00037399272514448967
864.0 0.00030645448987343116
865.0 0.0002389162773397402
866.0 0.00024239354843302863
867.0 0.00024587081952631706
868.0 0.00012467572787500103
869.0 3.4806088677896696e-06
870.0 0.00016840671150930575
871.0 0.0003333328322696616
872.0 0.0003137736484859488
873.0 0.00029421453291433863
874.0 0.00031471743113797856
875.0 0.00033522030662425095
876.0 0.00018479991013009567
877.0 3.43795278467951e-05
878.0 8.67800281412201e-05
879.0 0.0001391805540151836
880.0 0.00011427664503571577
881.0 8.937278153098305e-05
882.0 0.00012718636526187765
883.0 0.0001649999717301398
884.0 0.0001215706106449943
885.0 7.814123250682314e-05
886.0 0.00011433791087256395
887.0 0.00015053456081659533
888.0 0.00016592335896348231
889.0 0.00018131216847905307
890.0 0.00011658979701678618
891.0 5.186743692320306e-05
892.0 3.592730024593038e-05
893.0 1.998716783191412e-05
894.0 1.5980567563689263e-10
895.0 1.5980567563689263e-10
896.0 1.5980567563689263e-10
897.0 1.5980567563689263e-10
898.0 7.699570403474354e-06
899.0 1.9402361317588657e-05
900.0 1.5980567563689263e-10
