lsstCam/transmission_filter_detector/r31_s21/r_57/19700101T000000.ecsv
# %ECSV 1.0
# ---
# datatype:
# - {name: wavelength, unit: nm, datatype: float32}
# - {name: efficiency, unit: '%', datatype: float64}
# meta: !!omap
# - {MODE: DETECTOR}
# - {TYPE: transmission_filter_detector}
# - {CALIBDATE: '1970-01-01T00:00:00'}
# - {INSTRUME: LSSTCam}
# - {OBSTYPE: transmission_filter_detector}
# - {CALIBCLS: lsst.ip.isr.IntermediateFilterDetectorTransmissionCurve}
# - {SOURCE: Materion (DM-46256)}
# - {DETECTOR: 133}
# - {FILTER: r_57}
# - {CALIB_ID: 'calibDate=1970-01-01T00:00:00 filter=r_57 detector=133'}
# - {DATE: '2025-04-02T15:59:44.799291'}
# - {CALIB_CREATION_DATE: '2025-04-02'}
# - {CALIB_CREATION_TIME: '15:59:44'}
# - __serialized_columns__:
#     efficiency:
#       __class__: astropy.units.quantity.Quantity
#       unit: !astropy.units.Unit {unit: '%'}
#       value: !astropy.table.SerializedColumn {name: efficiency}
#     wavelength:
#       __class__: astropy.units.quantity.Quantity
#       unit: !astropy.units.Unit {unit: nm}
#       value: !astropy.table.SerializedColumn {name: wavelength}
# schema: astropy-2.0
wavelength efficiency
[from data line 602]
902.0 1.5980567563689263e-10
903.0 1.5980567563689263e-10
904.0 2.4997706304930034e-05
905.0 0.00014851389096293133
906.0 0.00010387226438979269
907.0 5.92306605540216e-05
908.0 8.718992603462539e-05
909.0 0.00011514916877786163
910.0 4.920094625049387e-05
911.0 1.5980567563689263e-10
912.0 8.645732236800541e-05
913.0 0.0001896619210128847
914.0 0.00017504465859019547
915.0 0.00016042739616750623
916.0 9.300370038545225e-05
917.0 2.557998186603072e-05
918.0 8.570760314796644e-05
919.0 0.00014583521306121838
920.0 0.0001822763806558214
921.0 0.00021871755961910821
922.0 0.00019870003598043695
923.0 0.00017868253507913323
924.0 0.0002169160779885715
925.0 0.0002551495981606422
926.0 0.0002069924448733218
927.0 0.0001588352915860014
928.0 0.00018807204469339922
929.0 0.0002173087750634295
930.0 0.00015641368236174458
931.0 9.551854418532457e-05
932.0 9.08823437839601e-05
933.0 8.624614338259562e-05
934.0 2.898913749049825e-05
935.0 1.5980567563689263e-10
936.0 1.5980567563689263e-10
937.0 1.5980567563689263e-10
938.0 1.5980567563689263e-10
939.0 1.5980567563689263e-10
940.0 1.5980567563689263e-10
941.0 5.725941036871518e-05
942.0 0.0003005588723681285
943.0 0.000543858277524123
944.0 0.000502530792800826
945.0 0.000461203262602794
946.0 0.0006185246093082242
947.0 0.0007758460014883894
948.0 0.0005203050022828393
949.0 0.0002647641167641268
950.0 0.000318381421493541
951.0 0.00037199868074822007
952.0 0.0005583569873124361
953.0 0.0007447153166140197
954.0 0.0009277464414481074
955.0 0.0011107778846053407
956.0 0.0011554381671885494
957.0 0.0012000982678728178
958.0 0.001419178443029523
959.0 0.001638258618186228
960.0 0.001827586311264895
961.0 0.002016913640545681
962.0 0.0021186526282690465
963.0 0.002220391615992412
964.0 0.002325737841601949
965.0 0.002431084431009367
966.0 0.0024127237338689156
967.0 0.0023943632186274044
968.0 0.0023293792764889076
969.0 0.002264395334350411
970.0 0.0023547738237539306
971.0 0.0024451519493595697
972.0 0.002526246680645272
973.0 0.0026073412300320342
974.0 0.0027497771952766925
975.0 0.0028922135243192315
976.0 0.002992996269313153
977.0 0.0030937790143070742
978.0 0.0030668008548673242
979.0 0.003039822513528634
980.0 0.0030726325348950922
981.0 0.003105442738160491
982.0 0.003099695823038928
983.0 0.0030939489079173654
984.0 0.0030419498216360807
985.0 0.002989950735354796
986.0 0.0028860949896625243
987.0 0.0027822396077681333
988.0 0.002721849341469351
989.0 0.00266145943896845
990.0 0.0026489560696063563
991.0 0.002636452882143203
992.0 0.002535206476750318
993.0 0.002433959707559552
994.0 0.0024456403480144218
995.0 0.0024573215341661125
996.0 0.002517448228900321
997.0 0.0025775751055334695
998.0 0.0027303272872813977
999.0 0.0028830792871303856
1000.0 0.0029787857783958316
1001.0 0.0030744922696612775
1002.0 0.0032690099033061415
1003.0 0.0034635275369510055
1004.0 0.0036297686165198684
1005.0 0.0037960096960887313
1006.0 0.0038849721022415906
1007.0 0.003973935235990211
1008.0 0.004023265501018614
1009.0 0.004072595766047016
1010.0 0.004007871029898524
1011.0 0.0039431466575479135
1012.0 0.003991235644207336
1013.0 0.0040393246308667585
1014.0 0.003941100294468924
1015.0 0.003842876321868971
1016.0 0.0034602537198225036
1017.0 0.003077630390180275
1018.0 0.0029034294129814953
1019.0 0.0027292282538837753
1020.0 0.0024906079488573596
1021.0 0.002251987280033063
1022.0 0.0019039067410631105
1023.0 0.0015558258382952772
1024.0 0.0014514042959490325
1025.0 0.0013469829355017282
1026.0 0.0011438496585469693
1027.0 0.0009407168363395613
1028.0 0.0009256942576030269
1029.0 0.0009106717698159628
1030.0 0.0008783871635387186
1031.0 0.0008461025572614744
1032.0 0.0007487357379432069
1033.0 0.000651368736725999
1034.0 0.0006558901532116579
1035.0 0.0006604115242225816
1036.0 0.0005678009529219707
1037.0 0.00047519029067188967
1038.0 0.0007411427759507205
1039.0 0.0010070953067042865
1040.0 0.0008966849236458074
1041.0 0.000786274358688388
1042.0 0.0007972890671226196
1043.0 0.0008083037755568512
1044.0 0.0008342741239175666
1045.0 0.000860244472278282
1046.0 0.0007261603059305344
1047.0 0.0005920760486333165
1048.0 0.0005683312792825745
1049.0 0.0005445864644570975
1050.0 0.000754758821130963
1051.0 0.0009649309504311532
1052.0 0.0009919302101479843
1053.0 0.0010189291060669348
1054.0 0.001098207758332137
1055.0 0.0011774865015468094
1056.0 0.000998332689050585
1057.0 0.0008191788765543606
1058.0 0.0010698331607272848
1059.0 0.001320487353950739
1060.0 0.001186755525850458
1061.0 0.001053023606800707
1062.0 0.001060363956639776
1063.0 0.001067704306478845
1064.0 0.0013940400094725192
1065.0 0.0017203758034156635
1066.0 0.0020184152162983082
1067.0 0.002316454265383072
1068.0 0.002248883720312733
1069.0 0.0021813128114445135
1070.0 0.0020678095097537152
1071.0 0.001954306208062917
1072.0 0.0022768237613490783
1073.0 0.0025993416784331203
1074.0 0.002439725722069852
1075.0 0.002280109765706584
1076.0 0.0023546286683995277
1077.0 0.0024291475710924715
1078.0 0.003063927579205483
1079.0 0.003698707223520614
1080.0 0.003616813773987815
1081.0 0.0035349203244550154
1082.0 0.003963235212722793
1083.0 0.00439154973719269
1084.0 0.003919566734111868
1085.0 0.003447583003435284
1086.0 0.004175905996817164
1087.0 0.004904228990199044
1088.0 0.004097816054127179
1089.0 0.003291402754257433
1090.0 0.002868954288715031
1091.0 0.002446505823172629
1092.0 0.0029960354368085973
1093.0 0.0035455650504445657
1094.0 0.003208376801921986
1095.0 0.002871188917197287
1096.0 0.00327852503687609
1097.0 0.0036858615203527734
1098.0 0.0028008111257804558
1099.0 0.0019157607312081382
1100.0 0.0013270847375679296
1101.0 0.0007384085620287806
