ts8/qe_curve/rtm-024_s22/19700101T000000.ecsv
# %ECSV 0.9
# ---
# datatype:
# - {name: amp_name, datatype: string}
# - {name: wavelength, unit: nm, datatype: float32}
# - {name: efficiency, unit: '%', datatype: float32}
# meta: !!omap
# - {MODE: AMP}
# - {TYPE: QE}
# - {CALIBDATE: '1970-01-01T00:00:00'}
# - {INSTRUME: TS8}
# - {OBSTYPE: qe_curve}
# - {DETECTOR: 179}
# - {PICKLEFILE: RaftRun11351.p}
# - {CALIB_ID: 'raftName=RTM-024 detectorName=S22 detector=179 calibDate=1970-01-01T00:00:00 ccd=179 ccdnum=179 filter=None'}
# - {DATE: '2019-12-12T17:29:00.918269'}
# - {CALIB_CREATION_DATE: '2019-12-12'}
# - {CALIB_CREATION_TIME: '17:29:00'}
# - __serialized_columns__:
#     efficiency:
#       __class__: astropy.units.quantity.Quantity
#       unit: !astropy.units.Unit {unit: '%'}
#       value: !astropy.table.SerializedColumn {name: efficiency}
#     wavelength:
#       __class__: astropy.units.quantity.Quantity
#       unit: !astropy.units.Unit {unit: nm}
#       value: !astropy.table.SerializedColumn {name: wavelength}
# schema: astropy-2.0
amp_name wavelength efficiency
C05 319.994 41.294823
C05 324.969 46.648445
C05 349.982 72.24437
C05 374.975 80.44714
C05 400.019 86.87356
C05 424.965 87.187065
C05 450.035 87.95995
C05 475.003 89.90574
C05 500.018 91.800064
C05 525.002 93.72743
C05 550.029 95.3091
C05 575.023 96.14297
C05 599.982 97.79327
C05 619.997 98.107376
C05 624.979 98.25973
C05 650.012 98.77638
C05 675.004 99.18324
C05 700.03 98.78813
C05 725.012 98.687874
C05 750.022 99.45793
C05 774.987 100.11844
C05 799.976 99.539055
C05 824.988 97.6637
C05 850.022 95.84996
C05 869.967 92.73211
C05 875.002 92.11039
C05 899.999 84.300865
C05 919.999 74.56945
C05 925.012 72.34036
C05 949.965 59.041447
C05 975.002 44.00269
C05 999.976 26.611107
C05 1025.028 11.531391
C05 1050.014 4.1296487
C05 1075.002 2.2214744
C05 1099.99 1.6120478
C13 319.994 41.707916
C13 324.969 47.110634
C13 349.982 73.21472
C13 374.975 81.68102
C13 400.019 87.6504
C13 424.965 87.69224
C13 450.035 88.31545
C13 475.003 90.168724
C13 500.018 92.00788
C13 525.002 93.899025
C13 550.029 95.46884
C13 575.023 96.296814
C13 599.982 97.951584
C13 619.997 98.26688
C13 624.979 98.42048
C13 650.012 98.94768
C13 675.004 99.353
C13 700.03 98.8879
C13 725.012 98.58692
C13 750.022 99.08185
C13 774.987 99.47371
C13 799.976 98.786316
C13 824.988 96.94561
C13 850.022 95.02016
C13 869.967 91.9749
C13 875.002 91.43113
C13 899.999 83.63679
C13 919.999 74.16721
C13 925.012 72.07397
C13 949.965 58.834038
C13 975.002 43.73873
C13 999.976 26.255554
C13 1025.028 11.314761
C13 1050.014 4.0176253
C13 1075.002 2.1874983
C13 1099.99 1.5932844
C11 319.994 41.740337
C11 324.969 47.147102
C11 349.982 73.46137
C11 374.975 82.11185
C11 400.019 87.87039
C11 424.965 87.7699
C11 450.035 88.30485
C11 475.003 90.1028
C11 500.018 91.90764
C11 525.002 93.78021
C11 550.029 95.34302
C11 575.023 96.17138
C11 599.982 97.828094
C11 619.997 98.15221
C11 624.979 98.30474
C11 650.012 98.84144
C11 675.004 99.25981
C11 700.03 98.817825
C11 725.012 98.55236
C11 750.022 99.09466
C11 774.987 99.520775
C11 799.976 98.85023
C11 824.988 97.012
C11 850.022 95.04877
C11 869.967 92.021706
C11 875.002 91.51936
C11 899.999 83.78317
C11 919.999 74.00134
C11 925.012 71.85149
C11 949.965 58.76968
C11 975.002 43.94458
C11 999.976 26.36732
C11 1025.028 11.342715
C11 1050.014 4.0208235
C11 1075.002 2.191626
C11 1099.99 1.6044099
C07 319.994 41.480366
C07 324.969 46.85972
C07 349.982 72.670235
C07 374.975 80.970894
C07 400.019 87.190765
C07 424.965 87.38346
C07 450.035 88.09448
C07 475.003 90.00217
C07 500.018 91.87661
C07 525.002 93.79518
C07 550.029 95.37151
C07 575.023 96.20555
C07 599.982 97.85878
C07 619.997 98.173416
C07 624.979 98.32439
C07 650.012 98.84643
C07 675.004 99.25464
C07 700.03 98.851006
C07 725.012 98.7164
C07 750.022 99.42407
C07 774.987 100.00761
C07 799.976 99.3936
C07 824.988 97.52063
C07 850.022 95.66565
C07 869.967 92.58117
C07 875.002 91.98869
C07 899.999 84.13771
C07 919.999 74.473274
C07 925.012 72.29588
C07 949.965 58.940704
C07 975.002 43.861206
C07 999.976 26.526316
C07 1025.028 11.507729
C07 1050.014 4.131672
C07 1075.002 2.2252975
C07 1099.99 1.615303
C00 319.994 41.16096
C00 324.969 46.497265
C00 349.982 71.60336
C00 374.975 79.41849
C00 400.019 86.20578
C00 424.965 86.786095
C00 450.035 87.73169
C00 475.003 89.77964
C00 500.018 91.74143
C00 525.002 93.69448
C00 550.029 95.28945
C00 575.023 96.11734
C00 599.982 97.7549
C00 619.997 98.04847
C00 624.979 98.19604
C00 650.012 98.691315
C00 675.004 99.06867
C00 700.03 98.5967
C00 725.012 98.34187
C00 750.022 98.91199
C00 774.987 99.40058
C00 799.976 98.764175
C00 824.988 96.95661
C00 850.022 95.11336
C00 869.967 92.13553
C00 875.002 91.63438
C00 899.999 84.172745
C00 919.999 74.3175
C00 925.012 72.033775
C00 949.965 58.73469
C00 975.002 44.379787
C00 999.976 26.849396
C00 1025.028 11.720622
C00 1050.014 4.0904684
C00 1075.002 2.187559
C00 1099.99 1.6027344
C01 319.994 41.457466
C01 324.969 46.82909
C01 349.982 72.127464
C01 374.975 79.989075
C01 400.019 86.70108
C01 424.965 87.22454
C01 450.035 88.13635
C01 475.003 90.168884
C01 500.018 92.12173
C01 525.002 94.075195
C01 550.029 95.66734
C01 575.023 96.49348
C01 599.982 98.1342
C01 619.997 98.43487
C01 624.979 98.58153
C01 650.012 99.077934
C01 675.004 99.45973
C01 700.03 98.99764
C01 725.012 98.77333
C01 750.022 99.38469
C01 774.987 99.90855
C01 799.976 99.27988
C01 824.988 97.43705
C01 850.022 95.589645
C01 869.967 92.49498
C01 875.002 91.94495
C01 899.999 84.46613
C01 919.999 74.62251
C01 925.012 72.33705
C01 949.965 58.81529
C01 975.002 44.23261
C01 999.976 26.79559
C01 1025.028 11.683504
C01 1050.014 4.1047325
C01 1075.002 2.1916575
C01 1099.99 1.6028069
C12 319.994 41.71661
C12 324.969 47.121284
C12 349.982 73.296814
C12 374.975 81.81236
C12 400.019 87.702095
C12 424.965 87.6871
C12 450.035 88.275444
C12 475.003 90.10852
C12 500.018 91.932144
C12 525.002 93.815674
C12 550.029 95.380516
C12 575.023 96.20904
C12 599.982 97.8634
C12 619.997 98.18084
C12 624.979 98.33357
C12 650.012 98.86291
C12 675.004 99.27263
C12 700.03 98.82046
C12 725.012 98.551315
C12 750.022 99.08591
C12 774.987 99.508064
C12 799.976 98.83989
C12 824.988 96.994194
C12 850.022 95.04131
C12 869.967 92.016235
C12 875.002 91.50291
C12 899.999 83.74618
C12 919.999 74.04362
C12 925.012 71.9223
C12 949.965 58.82421
C12 975.002 43.920055
C12 999.976 26.337233
C12 1025.028 11.328024
C12 1050.014 4.008618
C12 1075.002 2.1849103
C12 1099.99 1.5984108
C10 319.994 41.795147
C10 324.969 47.20814
C10 349.982 73.542725
C10 374.975 82.19407
C10 400.019 87.95792
C10 424.965 87.85679
C10 450.035 88.390236
C10 475.003 90.19182
C10 500.018 91.99941
C10 525.002 93.87275
C10 550.029 95.43445
C10 575.023 96.265236
C10 599.982 97.92091
C10 619.997 98.24265
C10 624.979 98.39548
C10 650.012 98.931435
C10 675.004 99.34647
C10 700.03 98.88891
C10 725.012 98.58434
C10 750.022 99.07091
C10 774.987 99.438156
C10 799.976 98.741936
C10 824.988 96.91341
C10 850.022 94.918686
C10 869.967 91.88288
C10 875.002 91.39587
C10 899.999 83.77368
C10 919.999 73.951225
C10 925.012 71.778786
C10 949.965 58.594696
C10 975.002 43.902706
C10 999.976 26.373735
C10 1025.028 11.382087
C10 1050.014 4.036669
C10 1075.002 2.1929684
C10 1099.99 1.6075349
C02 319.994 41.240158
C02 324.969 46.586716
C02 349.982 71.86784
C02 374.975 79.78552
C02 400.019 86.40842
C02 424.965 86.87919
C02 450.035 87.75609
C02 475.003 89.7622
C02 500.018 91.694855
C02 525.002 93.63226
C02 550.029 95.2212
C02 575.023 96.0458
C02 599.982 97.684494
C02 619.997 97.982704
C02 624.979 98.13489
C02 650.012 98.63379
C02 675.004 99.02299
C02 700.03 98.58101
C02 725.012 98.38936
C02 750.022 99.04534
C02 774.987 99.608536
C02 799.976 98.98932
C02 824.988 97.13868
C02 850.022 95.31334
C02 869.967 92.19352
C02 875.002 91.607056
C02 899.999 84.08154
C02 919.999 74.345764
C02 925.012 72.09126
C02 949.965 58.623173
C02 975.002 43.952053
C02 999.976 26.632318
C02 1025.028 11.555819
C02 1050.014 4.0929413
C02 1075.002 2.1880774
C02 1099.99 1.5950012
C06 319.994 41.490887
C06 324.969 46.869205
C06 349.982 72.6229
C06 374.975 80.85264
C06 400.019 87.16133
C06 424.965 87.40168
C06 450.035 88.14376
C06 475.003 90.065186
C06 500.018 91.95118
C06 525.002 93.86998
C06 550.029 95.4556
C06 575.023 96.28623
C06 599.982 97.93898
C06 619.997 98.25125
C06 624.979 98.403534
C06 650.012 98.922485
C06 675.004 99.3292
C06 700.03 98.93486
C06 725.012 98.834724
C06 750.022 99.59805
C06 774.987 100.24215
C06 799.976 99.655785
C06 824.988 97.78144
C06 850.022 95.94754
C06 869.967 92.84587
C06 875.002 92.233246
C06 899.999 84.36665
C06 919.999 74.66204
C06 925.012 72.45391
C06 949.965 59.1168
C06 975.002 44.019184
C06 999.976 26.616179
C06 1025.028 11.511454
C06 1050.014 4.128257
C06 1075.002 2.2288966
C06 1099.99 1.617637
C16 319.994 41.813114
C16 324.969 47.232372
C16 349.982 73.04172
C16 374.975 81.13765
C16 400.019 87.41593
C16 424.965 87.672005
C16 450.035 88.42873
C16 475.003 90.373375
C16 500.018 92.26762
C16 525.002 94.187874
C16 550.029 95.76893
C16 575.023 96.595634
C16 599.982 98.2417
C16 619.997 98.54855
C16 624.979 98.69623
C16 650.012 99.207115
C16 675.004 99.586426
C16 700.03 99.058365
C16 725.012 98.61998
C16 750.022 98.94486
C16 774.987 99.17252
C16 799.976 98.433205
C16 824.988 96.65087
C16 850.022 94.69016
C16 869.967 91.61609
C16 875.002 91.08875
C16 899.999 84.0542
C16 919.999 74.3123
C16 925.012 72.0175
C16 949.965 58.687904
C16 975.002 43.934692
C16 999.976 26.681938
C16 1025.028 11.687095
C16 1050.014 4.0618706
C16 1075.002 2.1575272
C16 1099.99 1.5814298
C15 319.994 41.78
C15 324.969 47.19554
C15 349.982 73.153755
C15 374.975 81.41873
C15 400.019 87.60885
C15 424.965 87.78996
C15 450.035 88.498215
C15 475.003 90.41036
C15 500.018 92.28669
C15 525.002 94.197754
C15 550.029 95.77907
C15 575.023 96.60739
C15 599.982 98.2623
C15 619.997 98.57492
C15 624.979 98.72527
C15 650.012 99.24603
C15 675.004 99.63615
C15 700.03 99.130684
C15 725.012 98.738785
C15 750.022 99.120056
C15 774.987 99.406235
C15 799.976 98.68401
C15 824.988 96.88138
C15 850.022 94.95534
C15 869.967 91.81736
C15 875.002 91.24859
C15 899.999 84.05136
C15 919.999 74.61258
C15 925.012 72.34418
C15 949.965 58.698185
C15 975.002 43.784428
C15 999.976 26.486761
C15 1025.028 11.569323
C15 1050.014 4.0972614
C15 1075.002 2.1715899
C15 1099.99 1.5817146
C14 319.994 41.79418
C14 324.969 47.209236
C14 349.982 73.25526
C14 374.975 81.596794
C14 400.019 87.65952
C14 424.965 87.76784
C14 450.035 88.43353
C14 475.003 90.31686
C14 500.018 92.177086
C14 525.002 94.07729
C14 550.029 95.65261
C14 575.023 96.48087
C14 599.982 98.13313
C14 619.997 98.44647
C14 624.979 98.597664
C14 650.012 99.12026
C14 675.004 99.51802
C14 700.03 99.02981
C14 725.012 98.68417
C14 750.022 99.124825
C14 774.987 99.46472
C14 799.976 98.76095
C14 824.988 96.927864
C14 850.022 95.02071
C14 869.967 91.92744
C14 875.002 91.35193
C14 899.999 83.70851
C14 919.999 74.44309
C14 925.012 72.32758
C14 949.965 58.807507
C14 975.002 43.651974
C14 999.976 26.263283
C14 1025.028 11.368284
C14 1050.014 4.0514812
C14 1075.002 2.191028
C14 1099.99 1.587499
C04 319.994 41.25813
C04 324.969 46.604767
C04 349.982 72.095085
C04 374.975 80.252144
C04 400.019 86.74449
C04 424.965 87.10386
C04 450.035 87.91105
C04 475.003 89.872536
C04 500.018 91.78321
C04 525.002 93.71187
C04 550.029 95.29593
C04 575.023 96.127655
C04 599.982 97.77523
C04 619.997 98.0858
C04 624.979 98.234375
C04 650.012 98.74771
C04 675.004 99.15091
C04 700.03 98.7428
C04 725.012 98.622215
C04 750.022 99.36812
C04 774.987 100.01052
C04 799.976 99.42381
C04 824.988 97.55766
C04 850.022 95.75016
C04 869.967 92.63826
C04 875.002 92.01545
C04 899.999 84.375824
C04 919.999 74.627235
C04 925.012 72.43903
C04 949.965 58.9849
C04 975.002 43.966297
C04 999.976 26.71176
C04 1025.028 11.571776
C04 1050.014 4.133364
C04 1075.002 2.2147286
C04 1099.99 1.6073753
C17 319.994 41.77956
C17 324.969 47.200684
C17 349.982 72.92813
C17 374.975 80.914276
C17 400.019 87.293686
C17 424.965 87.61565
C17 450.035 88.41866
C17 475.003 90.39082
C17 500.018 92.30708
C17 525.002 94.2414
C17 550.029 95.829575
C17 575.023 96.65987
C17 599.982 98.30703
C17 619.997 98.60618
C17 624.979 98.754875
C17 650.012 99.261
C17 675.004 99.63726
C17 700.03 99.08798
C17 725.012 98.613434
C17 750.022 98.88441
C17 774.987 99.0643
C17 799.976 98.3074
C17 824.988 96.530426
C17 850.022 94.5549
C17 869.967 91.559326
C17 875.002 91.04692
C17 899.999 83.9752
C17 919.999 74.18686
C17 925.012 71.94634
C17 949.965 58.724197
C17 975.002 43.999588
C17 999.976 26.743761
C17 1025.028 11.66957
C17 1050.014 4.0450873
C17 1075.002 2.1594567
C17 1099.99 1.5812098
C03 319.994 41.272976
C03 324.969 46.624878
C03 349.982 72.05391
C03 374.975 80.0952
C03 400.019 86.61421
C03 424.965 87.0103
C03 450.035 87.84509
C03 475.003 89.823296
C03 500.018 91.7418
C03 525.002 93.675026
C03 550.029 95.26229
C03 575.023 96.08825
C03 599.982 97.73092
C03 619.997 98.03726
C03 624.979 98.187
C03 650.012 98.69598
C03 675.004 99.094376
C03 700.03 98.66841
C03 725.012 98.5148
C03 750.022 99.21819
C03 774.987 99.821045
C03 799.976 99.22036
C03 824.988 97.352036
C03 850.022 95.523865
C03 869.967 92.397354
C03 875.002 91.7439
C03 899.999 84.10014
C03 919.999 74.45049
C03 925.012 72.20765
C03 949.965 58.853813
C03 975.002 43.779976
C03 999.976 26.559147
C03 1025.028 11.556822
C03 1050.014 4.1024933
C03 1075.002 2.1995552
C03 1099.99 1.5968874
