lsstCam/transmission_filter_detector/r41_s22/u_24/19700101T000000.ecsv
# %ECSV 1.0
# ---
# datatype:
# - {name: wavelength, unit: nm, datatype: float32}
# - {name: efficiency, unit: '%', datatype: float64}
# meta: !!omap
# - {MODE: DETECTOR}
# - {TYPE: transmission_filter_detector}
# - {CALIBDATE: '1970-01-01T00:00:00'}
# - {INSTRUME: LSSTCam}
# - {OBSTYPE: transmission_filter_detector}
# - {CALIBCLS: lsst.ip.isr.IntermediateFilterDetectorTransmissionCurve}
# - {SOURCE: Materion (DM-46256)}
# - {DETECTOR: 170}
# - {FILTER: u_24}
# - {CALIB_ID: 'calibDate=1970-01-01T00:00:00 filter=u_24 detector=170'}
# - {DATE: '2025-04-02T15:59:40.538464'}
# - {CALIB_CREATION_DATE: '2025-04-02'}
# - {CALIB_CREATION_TIME: '15:59:40'}
# - __serialized_columns__:
#     efficiency:
#       __class__: astropy.units.quantity.Quantity
#       unit: !astropy.units.Unit {unit: '%'}
#       value: !astropy.table.SerializedColumn {name: efficiency}
#     wavelength:
#       __class__: astropy.units.quantity.Quantity
#       unit: !astropy.units.Unit {unit: nm}
#       value: !astropy.table.SerializedColumn {name: wavelength}
# schema: astropy-2.0
wavelength efficiency
295.0 1.7106299016189652e-10
296.0 1.7106299016189652e-10
297.0 1.7106299016189652e-10
298.0 1.7106299016189652e-10
299.0 1.7106299016189652e-10
300.0 1.7106299016189652e-10
301.0 1.7106299016189652e-10
302.0 1.7106299016189652e-10
303.0 0.02897143131121993
304.0 0.41331243701279163
305.0 1.5634186565876007
306.0 3.240853175520897
307.0 5.209425464272499
308.0 8.10362622141838
309.0 11.783920973539352
310.0 15.700717270374298
311.0 19.5126935839653
312.0 23.075789213180542
313.0 25.76664090156555
314.0 28.542780876159668
315.0 31.12412393093109
316.0 33.685502409935
317.0 36.860716342926025
318.0 40.93344509601593
319.0 45.72869837284088
320.0 52.15077996253967
321.0 57.627809047698975
322.0 63.28742504119873
323.0 67.8320050239563
324.0 71.38739228248596
325.0 73.80284667015076
326.0 75.96058249473572
327.0 77.40748524665833
328.0 79.17860150337219
329.0 80.61214685440063
330.0 81.32318258285522
331.0 81.71847462654114
332.0 81.92651867866516
333.0 82.08317756652832
334.0 82.10559487342834
335.0 82.61304497718811
336.0 83.14145803451538
337.0 83.95472168922424
338.0 84.70966815948486
339.0 85.29419302940369
340.0 85.48001050949097
341.0 85.8802855014801
342.0 86.22114062309265
343.0 86.08682155609131
344.0 86.34328246116638
345.0 86.84476017951965
346.0 87.12775707244873
347.0 87.51831650733948
348.0 87.70124912261963
349.0 87.92409300804138
350.0 87.92819380760193
351.0 88.07997107505798
352.0 87.94031143188477
353.0 88.0086362361908
354.0 87.91170716285706
355.0 88.02882432937622
356.0 88.06048631668091
357.0 87.88039684295654
358.0 87.45374083518982
359.0 87.08260655403137
360.0 86.95250749588013
361.0 86.82509064674377
362.0 86.7939293384552
363.0 87.07394599914551
364.0 87.23897933959961
365.0 87.6848578453064
366.0 88.00221085548401
367.0 87.96600699424744
368.0 87.97634243965149
369.0 88.1839394569397
370.0 88.0858838558197
371.0 88.13573718070984
372.0 88.2698118686676
373.0 88.60538005828857
374.0 88.62920999526978
375.0 88.97942304611206
376.0 89.193856716156
377.0 89.2453134059906
378.0 89.16507959365845
379.0 88.62786889076233
380.0 87.5096082687378
381.0 85.81656217575073
382.0 83.75959992408752
383.0 81.75098299980164
384.0 79.57190871238708
385.0 76.86371207237244
386.0 74.00131821632385
387.0 70.01551389694214
388.0 66.03599786758423
389.0 61.318403482437134
390.0 56.9461464881897
391.0 52.616751194000244
392.0 48.404693603515625
393.0 44.805675745010376
394.0 41.11441671848297
395.0 36.68251037597656
396.0 31.728383898735046
397.0 24.99435395002365
398.0 18.150807917118073
399.0 11.571210622787476
400.0 6.234263628721237
401.0 2.6815518736839294
402.0 0.8632339537143707
403.0 0.2901965519413352
404.0 0.12549535604193807
405.0 0.05135687533766031
406.0 0.03564351354725659
407.0 1.7106299016189652e-10
408.0 1.7106299016189652e-10
409.0 0.005192716707824729
410.0 1.7106299016189652e-10
411.0 1.7106299016189652e-10
412.0 1.7106299016189652e-10
413.0 1.7106299016189652e-10
414.0 1.7106299016189652e-10
415.0 1.7106299016189652e-10
416.0 1.7106299016189652e-10
417.0 1.7106299016189652e-10
418.0 1.7106299016189652e-10
419.0 1.7106299016189652e-10
420.0 1.7106299016189652e-10
421.0 1.7106299016189652e-10
422.0 1.7106299016189652e-10
423.0 1.7106299016189652e-10
424.0 1.7106299016189652e-10
425.0 1.7106299016189652e-10
426.0 1.7106299016189652e-10
427.0 1.7106299016189652e-10
428.0 2.2640232089088386e-05
429.0 1.7106299016189652e-10
430.0 1.7106299016189652e-10
431.0 1.7106299016189652e-10
432.0 0.0013010631846555043
433.0 0.001715758662612643
434.0 0.0021304540496203117
435.0 0.001039338076225249
436.0 1.7106299016189652e-10
437.0 1.7106299016189652e-10
438.0 1.7106299016189652e-10
439.0 0.0004609933057508897
440.0 0.0016632229744573124
441.0 0.0013952260815131012
442.0 0.0011272293704678304
443.0 1.7106299016189652e-10
444.0 1.7106299016189652e-10
445.0 1.7106299016189652e-10
446.0 1.7106299016189652e-10
447.0 0.000605347349846852
448.0 0.0022607930077356286
449.0 0.0016173256881302223
450.0 0.0009738585504237562
451.0 0.0012835245797759853
452.0 0.0015931907910271548
453.0 0.0008467691259284038
454.0 0.00010034754041043925
455.0 1.7106299016189652e-10
456.0 1.7106299016189652e-10
457.0 1.7106299016189652e-10
458.0 0.0005096364020573674
459.0 0.00019616913959907833
460.0 1.7106299016189652e-10
461.0 1.7106299016189652e-10
462.0 1.7106299016189652e-10
463.0 1.7106299016189652e-10
464.0 1.7106299016189652e-10
465.0 1.7106299016189652e-10
466.0 1.7106299016189652e-10
467.0 1.7106299016189652e-10
468.0 0.0002963628048746614
469.0 0.00025495771751593566
470.0 0.0002135527211066801
471.0 0.000282952782981738
472.0 0.0003523527539073257
473.0 2.8622736181205255e-05
474.0 1.7106299016189652e-10
475.0 1.7106299016189652e-10
476.0 1.7106299016189652e-10
477.0 1.7106299016189652e-10
478.0 1.7106299016189652e-10
479.0 1.7106299016189652e-10
480.0 1.7106299016189652e-10
481.0 1.7106299016189652e-10
482.0 1.7106299016189652e-10
483.0 1.7106299016189652e-10
484.0 1.7106299016189652e-10
485.0 1.7106299016189652e-10
486.0 1.7106299016189652e-10
487.0 1.7106299016189652e-10
488.0 1.7106299016189652e-10
489.0 0.00019054241420235485
490.0 0.0006192599357746076
491.0 0.0005919539489696035
492.0 0.0005646477802656591
493.0 0.00042555279833322857
494.0 0.0002864581119865761
495.0 1.7106299016189652e-10
496.0 1.7106299016189652e-10
497.0 9.624553740650299e-05
498.0 0.0006644040240644244
499.0 0.0003416330173422466
500.0 1.8862101569538936e-05
501.0 0.0004988819455320481
502.0 0.000978901607595617
503.0 0.0002970236437249696
504.0 1.7106299016189652e-10
505.0 1.7106299016189652e-10
506.0 0.00017343389799862052
507.0 0.0002548776592448121
508.0 0.0003363214091223199
509.0 1.7106299016189652e-10
510.0 1.7106299016189652e-10
511.0 1.7106299016189652e-10
512.0 1.7106299016189652e-10
513.0 1.7106299016189652e-10
514.0 1.7106299016189652e-10
515.0 1.7106299016189652e-10
516.0 1.7106299016189652e-10
517.0 1.7106299016189652e-10
518.0 0.0001388071609653707
519.0 0.0002099641505992622
520.0 0.000281121424450248
521.0 0.0003001362756549497
522.0 0.0003191513314959593
523.0 0.00037490553950192407
524.0 0.00043065956560894847
525.0 0.00011955620493608876
526.0 1.7106299016189652e-10
527.0 1.7106299016189652e-10
528.0 1.7106299016189652e-10
529.0 1.7106299016189652e-10
530.0 1.7106299016189652e-10
531.0 1.7106299016189652e-10
532.0 1.7106299016189652e-10
533.0 8.290903963370511e-07
534.0 0.0003263580083512352
535.0 0.00012149097301517031
536.0 1.7106299016189652e-10
537.0 1.7106299016189652e-10
538.0 1.7106299016189652e-10
539.0 1.7106299016189652e-10
540.0 1.7106299016189652e-10
541.0 1.7106299016189652e-10
542.0 1.7106299016189652e-10
543.0 1.7106299016189652e-10
544.0 1.7106299016189652e-10
545.0 1.7106299016189652e-10
546.0 0.0001586548250998021
547.0 1.7106299016189652e-10
548.0 1.7106299016189652e-10
549.0 1.7106299016189652e-10
550.0 1.7106299016189652e-10
551.0 1.7106299016189652e-10
552.0 1.7106299016189652e-10
553.0 1.7106299016189652e-10
554.0 1.7106299016189652e-10
555.0 1.7106299016189652e-10
556.0 1.7106299016189652e-10
557.0 1.7106299016189652e-10
558.0 1.7106299016189652e-10
559.0 1.7106299016189652e-10
560.0 1.7106299016189652e-10
561.0 1.7106299016189652e-10
562.0 1.7106299016189652e-10
563.0 1.7106299016189652e-10
564.0 1.7106299016189652e-10
565.0 0.0002350985596422106
566.0 0.0007007594376773341
567.0 0.0006017385203449521
568.0 0.0005027176484873053
569.0 0.00045573901843454223
570.0 0.0004087603883817792
571.0 0.0002796445187414065
572.0 0.0001505286945757689
573.0 0.00033219951092178235
574.0 0.000513870418217266
575.0 0.0005523918389371829
576.0 0.0005909133051318349
577.0 0.00048464698920724913
578.0 0.00037838094613107387
579.0 0.0006730435416102409
580.0 0.0009677061825641431
581.0 0.0007243831987580052
582.0 0.00048106021495186724
583.0 0.0007119609108485747
584.0 0.0009428616067452822
585.0 0.0009379121365782339
586.0 0.0009329625754617155
587.0 0.000705010552337626
588.0 0.000477058256365126
589.0 0.0006242164545255946
590.0 0.0007713744707871228
591.0 0.0008137334589264356
592.0 0.0008560926289646886
593.0 0.0008893399353837594
594.0 0.0009225872418028302
595.0 0.0011607245141931344
596.0 0.0013988618775329087
597.0 0.001994199919863604
598.0 0.002589537871244829
599.0 0.002570531614765059
600.0 0.0025515253582852893
601.0 0.0024275290343211964
602.0 0.0023035327103571035
603.0 0.0019774079191847704
604.0 0.0016512827642145567
605.0 0.0013691365893464535
606.0 0.0010869900506804697
607.0 0.000689395665176562
608.0 0.00029180102956161136
609.0 0.00038240082176344004
610.0 0.00047300059122790117
611.0 0.0003185208470313228
612.0 0.0001640411369407957
613.0 0.0005172935743757989
614.0 0.0008705462278157938
615.0 0.0006497912181657739
616.0 0.0004290364813641645
617.0 0.00038985795072221663
618.0 0.00035067942008026876
619.0 0.0004526622888079146
620.0 0.0005546451575355604
621.0 0.00045573087845696136
622.0 0.00035681657664099475
623.0 0.0007053056378936162
624.0 0.0010537945854594
625.0 0.0013014408978051506
626.0 0.0015490872101509012
627.0 0.0015015290045994334
628.0 0.0014539706171490252
629.0 0.00167768812389113
630.0 0.0019014054487342946
631.0 0.0022153421014081687
632.0 0.002529279299778864
633.0 0.002819818655552808
634.0 0.0031103580113267526
635.0 0.003087114600930363
636.0 0.003063871554331854
637.0 0.0023867680283728987
638.0 0.0017096646843128838
639.0 0.0013788758224109188
640.0 0.0010480869605089538
641.0 0.0009363384378957562
642.0 0.0008245898243330885
643.0 0.00050233788897458
644.0 0.00018008586266660132
645.0 9.876472404357628e-05
646.0 1.744353568255974e-05
647.0 0.0005087793397251517
648.0 0.0010001152077165898
649.0 0.0009311534086009488
650.0 0.0008621916094853077
651.0 0.0011613268725341186
652.0 0.001460461862734519
653.0 0.0018929922589450143
654.0 0.002325522291357629
655.0 0.0026243382308166474
656.0 0.002923154352174606
657.0 0.0032657400879543275
658.0 0.0036083256418351084
659.0 0.00362528080586344
660.0 0.0036422363336896524
661.0 0.0030696399335283786
662.0 0.0024970433514681645
663.0 0.002032731572398916
664.0 0.0015684199752286077
665.0 0.0013069417946098838
666.0 0.00104546361399116
667.0 0.0008787676051724702
668.0 0.0007120715054043103
669.0 0.0006206179477885598
670.0 0.000529164208273869
671.0 0.0005926511221332476
672.0 0.0006561380814673612
673.0 0.0008352522854693234
674.0 0.0010143666258954909
675.0 0.0014856487723591272
676.0 0.0019569310097722337
677.0 0.0027548496291274205
678.0 0.003552767520886846
679.0 0.005050540130469017
680.0 0.006548313103849068
681.0 0.008377167978323996
682.0 0.010206023580394685
683.0 0.011267898662481457
684.0 0.012329776654951274
685.0 0.011240410822210833
686.0 0.010151050082640722
687.0 0.008298043394461274
688.0 0.006445035251090303
689.0 0.005254571442492306
690.0 0.004064107633894309
691.0 0.0035250941436970606
692.0 0.0029860804716008715
693.0 0.002316567042726092
694.0 0.001647053795750253
695.0 0.0011621783414739184
696.0 0.0006773030690965243
697.0 0.0004953327788825845
698.0 0.0003133624431939097
699.0 0.00036222852486389456
700.0 0.0004110945610591443
701.0 0.00048050501391116995
702.0 0.0005499153758137254
703.0 0.0005939582024439005
704.0 0.0006380008471751353
705.0 0.0006840023161203135
706.0 0.0007300037395907566
707.0 0.0007760242624499369
708.0 0.0008220450581575278
709.0 0.0008024115231819451
710.0 0.0007827779882063624
711.0 0.000855963025969686
712.0 0.0009291481546824798
713.0 0.0007249466762004886
714.0 0.0005207452886679675
715.0 0.000333482307723898
716.0 0.0001462192926737771
717.0 0.00029510842978197616
718.0 0.0004439974873093888
719.0 0.00023815102849766845
720.0 3.230452421121299e-05
721.0 0.00014535215768773924
722.0 0.00025839983663900057
723.0 0.000379022776542115
724.0 0.0004996458756068023
725.0 0.00036491710488917306
726.0 0.00023018837964627892
727.0 0.00022955186977924313
728.0 0.00022891531443747226
729.0 0.00013789897366223158
730.0 4.6882652782187506e-05
731.0 0.00018378051436229725
732.0 0.00032067837310023606
733.0 0.00026923817131319083
734.0 0.00021779787857667543
735.0 0.0005358424004953122
736.0 0.0008538870133634191
737.0 0.0008438742042926606
738.0 0.0008338615771208424
739.0 0.0015921517842798494
740.0 0.002350442264287267
741.0 0.002936466262326576
742.0 0.003522490442264825
743.0 0.0038037185731809586
744.0 0.004084946704097092
745.0 0.004465410165721551
746.0 0.004845873627346009
747.0 0.004705365790869109
748.0 0.004564857226796448
749.0 0.004192212145426311
750.0 0.003819567064056173
751.0 0.0036993460525991395
752.0 0.0035791246773442253
753.0 0.00307690970657859
754.0 0.0025746945539140143
755.0 0.0021571448087343015
756.0 0.0017395950635545887
757.0 0.001212816368934
758.0 0.0006860377652628813
759.0 0.0006478875093307579
760.0 0.0006097371169744292
761.0 0.0005610493190033594
762.0 0.0005123614300828194
763.0 0.0004130023171455832
764.0 0.00031364327242044965
765.0 0.0003223195562895853
766.0 0.00033099584015872097
767.0 0.00036625810935220215
768.0 0.000401520446757786
769.0 0.00044200910451763775
770.0 0.0004824978987016948
771.0 0.0006704585302941268
772.0 0.0008584192983107641
773.0 0.000928961526369676
774.0 0.0009995035725296475
775.0 0.0007731670848443173
776.0 0.000546830551684252
777.0 0.0007892829671618529
778.0 0.001031735519063659
779.0 0.0010156254575122148
780.0 0.0009995152140618302
781.0 0.0011955550689890515
782.0 0.0013915947420173325
783.0 0.0014163963896862697
784.0 0.0014411979464057367
785.0 0.0015876510587986559
786.0 0.0017341038983431645
787.0 0.0014373777048604097
788.0 0.0011406516932765953
789.0 0.0010347420356993098
790.0 0.0009288321052736137
791.0 0.0007389235179289244
792.0 0.0005490149305842351
793.0 0.0005434490958577953
794.0 0.0005378830337576801
795.0 0.00044235989662411157
796.0 0.00034683671401580796
797.0 0.00022838473796582548
798.0 0.000109932761915843
799.0 0.00015756080529172323
800.0 0.00020518893961707363
801.0 0.0002396626314293826
802.0 0.0002741364824032644
803.0 9.830196177063044e-05
804.0 1.7106299016189652e-10
805.0 1.7106299016189652e-10
806.0 1.7106299016189652e-10
807.0 0.00025044114408956375
808.0 0.0006253418632695684
809.0 0.00038076454984548036
810.0 0.00013618738421428134
811.0 0.00019564809008443262
812.0 0.00025510878458590014
813.0 0.00019360763872100506
814.0 0.00013210651559347752
815.0 0.0001562426405143924
816.0 0.00018037866311715334
817.0 0.0001947463942997274
818.0 0.00020911418232572032
819.0 0.0003575086111595738
820.0 0.0005059030627307948
821.0 0.0003304476194898598
822.0 0.00015499216488024103
823.0 2.675683106190263e-05
824.0 1.7106299016189652e-10
825.0 1.690546156396522e-05
826.0 0.00013528936051443452
827.0 3.21847636541861e-05
828.0 1.7106299016189652e-10
829.0 9.123321547122032e-05
830.0 0.0002533863380449475
831.0 5.9990259160258574e-05
832.0 1.7106299016189652e-10
833.0 1.7106299016189652e-10
834.0 1.7106299016189652e-10
835.0 1.7106299016189652e-10
836.0 1.7106299016189652e-10
837.0 1.7106299016189652e-10
838.0 1.7106299016189652e-10
839.0 4.147113941144198e-06
840.0 7.641538672942261e-05
841.0 0.00026500893000047654
842.0 0.0004536023880064022
843.0 0.00028102454052714165
844.0 0.00010844645430552191
845.0 1.7106299016189652e-10
846.0 1.7106299016189652e-10
847.0 1.7106299016189652e-10
848.0 1.7106299016189652e-10
849.0 0.00010291564649378415
850.0 0.0002839498392859241
851.0 0.00044637763494392857
852.0 0.0006088054760766681
853.0 0.000839969015942188
854.0 0.0010711324648582377
855.0 0.0009425132702745032
856.0 0.0008138943485391792
857.0 0.0009567966117174365
858.0 0.0010996988748956937
859.0 0.001337459707428934
860.0 0.0015752204490127042
861.0 0.0017304184439126402
862.0 0.0018856166207115166
863.0 0.0020337558453320526
864.0 0.002181895251851529
865.0 0.0022076446839491837
866.0 0.002233393934147898
867.0 0.002205322016379796
868.0 0.002177250098611694
869.0 0.0023509714083047584
870.0 0.0025246928998967633
871.0 0.002580999171186704
872.0 0.0026373052605777048
873.0 0.0028083539291401394
874.0 0.0029794029615004547
875.0 0.003159899642923847
