lsstCam/transmission_filter_detector/r41_s22/u_24/19700101T000000.ecsv
# %ECSV 1.0
# ---
# datatype:
# - {name: wavelength, unit: nm, datatype: float32}
# - {name: efficiency, unit: '%', datatype: float64}
# meta: !!omap
# - {MODE: DETECTOR}
# - {TYPE: transmission_filter_detector}
# - {CALIBDATE: '1970-01-01T00:00:00'}
# - {INSTRUME: LSSTCam}
# - {OBSTYPE: transmission_filter_detector}
# - {CALIBCLS: lsst.ip.isr.IntermediateFilterDetectorTransmissionCurve}
# - {SOURCE: Materion (DM-46256)}
# - {DETECTOR: 170}
# - {FILTER: u_24}
# - {CALIB_ID: 'calibDate=1970-01-01T00:00:00 filter=u_24 detector=170'}
# - {DATE: '2025-04-02T15:59:40.538464'}
# - {CALIB_CREATION_DATE: '2025-04-02'}
# - {CALIB_CREATION_TIME: '15:59:40'}
# - __serialized_columns__:
#     efficiency:
#       __class__: astropy.units.quantity.Quantity
#       unit: !astropy.units.Unit {unit: '%'}
#       value: !astropy.table.SerializedColumn {name: efficiency}
#     wavelength:
#       __class__: astropy.units.quantity.Quantity
#       unit: !astropy.units.Unit {unit: nm}
#       value: !astropy.table.SerializedColumn {name: wavelength}
# schema: astropy-2.0
wavelength efficiency
[from data line 582]
877.0 0.0035354540159460157
878.0 0.003730511889443733
879.0 0.003609647319535725
880.0 0.003488782385829836
881.0 0.0035831697459798306
882.0 0.003677557469927706
883.0 0.003490842573228292
884.0 0.003304127312730998
885.0 0.003339248360134661
886.0 0.0033743694075383246
887.0 0.0034934877476189286
888.0 0.0036126060876995325
889.0 0.0031773139198776335
890.0 0.0027420212063589133
891.0 0.003245812331442721
892.0 0.0037496032746275887
893.0 0.003636600376921706
894.0 0.0035235967516200617
895.0 0.003555498187779449
896.0 0.003587399987736717
897.0 0.003842119258479215
898.0 0.004096838165423833
899.0 0.004443402212928049
900.0 0.004789966624230146
901.0 0.004873581565334462
902.0 0.004957196506438777
903.0 0.005145564500708133
904.0 0.005333931767381728
905.0 0.005557847543968819
906.0 0.00578176295675803
907.0 0.005865310231456533
908.0 0.005948856778559275
909.0 0.005924880315433256
910.0 0.005900903852307238
911.0 0.005850744491908699
912.0 0.005800585131510161
913.0 0.005712162601412274
914.0 0.005623740435112268
915.0 0.005385573967942037
916.0 0.005147407136973925
917.0 0.005226816574577242
918.0 0.005306226012180559
919.0 0.0053623636631527916
920.0 0.0054185016779229045
921.0 0.005504412911250256
922.0 0.005590324508375488
923.0 0.005742604480474256
924.0 0.0058948848163709044
925.0 0.006453730020439252
926.0 0.007012574496911839
927.0 0.007385584467556328
928.0 0.0077585944382008165
929.0 0.007836605072952807
930.0 0.00791461716289632
931.0 0.008053239434957504
932.0 0.008191863889805973
933.0 0.007840507169021294
934.0 0.007489151175832376
935.0 0.00758295354899019
936.0 0.007676755194552243
937.0 0.006996276351856068
938.0 0.006315796781564131
939.0 0.006045735062798485
940.0 0.005775673344032839
941.0 0.005537189281312749
942.0 0.005298705582390539
943.0 0.004826203439733945
944.0 0.004353701660875231
945.0 0.003538234523148276
946.0 0.0027227672035223804
947.0 0.002836596468114294
948.0 0.002950425914605148
949.0 0.0025474348149145953
950.0 0.0021444437152240425
951.0 0.0020064899217686616
952.0 0.0018685359464143403
953.0 0.001904472810565494
954.0 0.001940409310918767
955.0 0.0020796216631424613
956.0 0.002218833651568275
957.0 0.0026929757950711064
958.0 0.0031671181204728782
959.0 0.0034491145925130695
960.0 0.0037311103369574994
961.0 0.004101758167962544
962.0 0.004472405635169707
963.0 0.004902890941593796
964.0 0.0053333766118157655
965.0 0.005590822183876298
966.0 0.005848268119734712
967.0 0.005796642653876916
968.0 0.005745017188019119
969.0 0.005491668707691133
970.0 0.0052383205911610276
971.0 0.0053730902436655015
972.0 0.005507859896169975
973.0 0.005356645124265924
974.0 0.005205430352361873
975.0 0.004650228584068827
976.0 0.004095027179573663
977.0 0.004431442721397616
978.0 0.00476785862701945
979.0 0.004500817158259451
980.0 0.004233775325701572
981.0 0.004144231206737459
982.0 0.004054687087773345
983.0 0.004224297299515456
984.0 0.004393907875055447
985.0 0.004484271994442679
986.0 0.004574635386234149
987.0 0.005272523412713781
988.0 0.0059704103477997705
989.0 0.006513537664432079
990.0 0.007056666072458029
991.0 0.007700891001150012
992.0 0.00834511811262928
993.0 0.0087813037680462
994.0 0.009217490151058882
995.0 0.009025241160998121
996.0 0.008832989988150075
997.0 0.00844967580633238
998.0 0.008066357986535877
999.0 0.0074959178164135665
1000.0 0.006925478373887017
1001.0 0.006421327998396009
1002.0 0.005917179805692285
1003.0 0.005677491571987048
1004.0 0.005437804429675452
1005.0 0.004980610538041219
1006.0 0.004523416646406986
1007.0 0.004218175308778882
1008.0 0.003912933243555017
1009.0 0.004047165930387564
1010.0 0.004181398617220111
1011.0 0.003915369597962126
1012.0 0.0036493398511083797
1013.0 0.002989641325257253
1014.0 0.0023299429813050665
1015.0 0.0021984214981785044
1016.0 0.0020669001969508827
1017.0 0.0018434941011946648
1018.0 0.001620088005438447
1019.0 0.0018759847080218606
1020.0 0.0021318815925042145
1021.0 0.001992810757656116
1022.0 0.0018537399228080176
1023.0 0.0018589846149552613
1024.0 0.0018642293071025051
1025.0 0.0019830518795060925
1026.0 0.0021018742700107396
1027.0 0.0022359456124831922
1028.0 0.0023700171368545853
1029.0 0.0023087379304342903
1030.0 0.002247459087811876
1031.0 0.0022925896701053716
1032.0 0.002337720070499927
1033.0 0.002799842150125187
1034.0 0.003261964229750447
1035.0 0.003084053605562076
1036.0 0.0029061433451715857
1037.0 0.002982023579534143
1038.0 0.0030579038138967007
1039.0 0.0030072713343543
1040.0 0.0029566390367108397
1041.0 0.0028934991860296577
1042.0 0.0028303596991463564
1043.0 0.0025811321393121034
1044.0 0.0023319042156799696
1045.0 0.0022261860067374073
1046.0 0.0021204679796937853
1047.0 0.0022903797798790038
1048.0 0.002460291943862103
1049.0 0.0023870788936619647
1050.0 0.0023138658434618264
1051.0 0.0019958079064963385
1052.0 0.001677750151429791
1053.0 0.001497373068559682
1054.0 0.0013169961675885133
1055.0 0.0015010200513643213
1056.0 0.0016850439351401292
1057.0 0.0013980537005409133
1058.0 0.0011110636478406377
1059.0 0.0012530002095445525
1060.0 0.001394937135046348
1061.0 0.002320585372217465
1062.0 0.003246233973186463
1063.0 0.0030209037504391745
1064.0 0.0027955733457929455
1065.0 0.0017267315342905931
1066.0 0.0006578894954145653
1067.0 0.00101720297607244
1068.0 0.0013765164112555794
1069.0 0.0012593741303135175
1070.0 0.001142231485573575
1071.0 0.0006022003162797773
1072.0 6.216938572833897e-05
1073.0 0.0019513921870384365
1074.0 0.0038406149542424828
1075.0 0.0031622705137124285
1076.0 0.0024839260731823742
1077.0 0.003595349335228093
1078.0 0.004706772233475931
1079.0 0.0055076496209949255
1080.0 0.006308526644716039
1081.0 0.00470114428026136
1082.0 0.003093761915806681
1083.0 0.004111126690986566
1084.0 0.005128491829964332
1085.0 0.005382988456403837
1086.0 0.005637485446641222
1087.0 0.004908924893243238
1088.0 0.004180363248451613
1089.0 0.0039033453504089266
1090.0 0.0036263281799620017
1091.0 0.005361027069739066
1092.0 0.00709572559571825
1093.0 0.0047401255869772285
1094.0 0.0023845255782362074
1095.0 0.0031165749533101916
1096.0 0.0038486246921820566
1097.0 0.0030598293960792944
1098.0 0.002271034463774413
1099.0 0.004689602792495862
1100.0 0.007108170393621549
