lsstCam/transmission_filter_detector/r33_s12/z_20/19700101T000000.ecsv
# %ECSV 1.0
# ---
# datatype:
# - {name: wavelength, unit: nm, datatype: float32}
# - {name: efficiency, unit: '%', datatype: float64}
# meta: !!omap
# - {MODE: DETECTOR}
# - {TYPE: transmission_filter_detector}
# - {CALIBDATE: '1970-01-01T00:00:00'}
# - {INSTRUME: LSSTCam}
# - {OBSTYPE: transmission_filter_detector}
# - {CALIBCLS: lsst.ip.isr.IntermediateFilterDetectorTransmissionCurve}
# - {SOURCE: Materion (DM-46256)}
# - {DETECTOR: 149}
# - {FILTER: z_20}
# - {CALIB_ID: 'calibDate=1970-01-01T00:00:00 filter=z_20 detector=149'}
# - {DATE: '2025-04-02T15:59:49.330768'}
# - {CALIB_CREATION_DATE: '2025-04-02'}
# - {CALIB_CREATION_TIME: '15:59:49'}
# - __serialized_columns__:
#     efficiency:
#       __class__: astropy.units.quantity.Quantity
#       unit: !astropy.units.Unit {unit: '%'}
#       value: !astropy.table.SerializedColumn {name: efficiency}
#     wavelength:
#       __class__: astropy.units.quantity.Quantity
#       unit: !astropy.units.Unit {unit: nm}
#       value: !astropy.table.SerializedColumn {name: wavelength}
# schema: astropy-2.0
wavelength efficiency
[from data line 598]
898.0 98.51147532463074
899.0 98.47435355186462
900.0 99.12688732147217
901.0 99.21961426734924
902.0 99.27486181259155
903.0 98.55536222457886
904.0 97.47667908668518
905.0 98.49100708961487
906.0 97.66945838928223
907.0 98.58089685440063
908.0 98.33751320838928
909.0 98.27328324317932
910.0 97.96152710914612
911.0 96.8815565109253
912.0 96.00239992141724
913.0 94.28431987762451
914.0 92.14377999305725
915.0 89.68791961669922
916.0 87.92591691017151
917.0 86.06804609298706
918.0 82.7522337436676
919.0 81.67717456817627
920.0 79.12685871124268
921.0 74.99972581863403
922.0 70.56647539138794
923.0 64.9188756942749
924.0 59.375959634780884
925.0 53.6746621131897
926.0 47.81752526760101
927.0 40.77133238315582
928.0 35.00329852104187
929.0 28.585034608840942
930.0 23.15359264612198
931.0 17.98882782459259
932.0 12.657806277275085
933.0 8.312464505434036
934.0 5.329637974500656
935.0 3.2467681914567947
936.0 2.0043885335326195
937.0 1.0849649086594582
938.0 0.6427566520869732
939.0 0.3465732326731086
940.0 0.24739825166761875
941.0 0.19861580803990364
942.0 0.06839928100816905
943.0 0.04529081634245813
944.0 1.6082341621620477e-10
945.0 1.6082341621620477e-10
946.0 0.17952402122318745
947.0 1.6082341621620477e-10
948.0 1.6082341621620477e-10
949.0 1.6082341621620477e-10
950.0 0.06760694668628275
951.0 1.6082341621620477e-10
952.0 1.6082341621620477e-10
953.0 1.6082341621620477e-10
954.0 0.0012691788469965104
955.0 1.6082341621620477e-10
956.0 1.6082341621620477e-10
957.0 1.6082341621620477e-10
958.0 1.6082341621620477e-10
959.0 0.12792781926691532
960.0 1.6082341621620477e-10
961.0 1.6082341621620477e-10
962.0 1.6082341621620477e-10
963.0 1.6082341621620477e-10
964.0 0.09951763786375523
965.0 1.6082341621620477e-10
966.0 1.6082341621620477e-10
967.0 0.018663999799173325
968.0 1.6082341621620477e-10
969.0 1.6082341621620477e-10
970.0 0.07294367533177137
971.0 1.6082341621620477e-10
972.0 1.6082341621620477e-10
973.0 1.6082341621620477e-10
974.0 0.0316435209242627
975.0 1.6082341621620477e-10
976.0 0.006242634117370471
977.0 0.006111399125074968
978.0 0.0059801648603752255
979.0 0.005882014011149295
980.0 0.005783862434327602
981.0 0.0056301429140148684
982.0 0.005476423029904254
983.0 0.0053006730013294145
984.0 0.005124922245158814
985.0 0.005080880873720162
986.0 0.005036839138483629
987.0 0.005072955900686793
988.0 0.005109072662889957
989.0 0.004977658318239264
990.0 0.004846244337386452
991.0 0.004680261554312892
992.0 0.004514278771239333
993.0 0.004545890624285676
994.0 0.004577502841129899
995.0 0.004445617014425807
996.0 0.004313730823923834
997.0 0.004353471740614623
998.0 0.004393212657305412
999.0 0.004469514169613831
1000.0 0.00454581604572013
1001.0 0.004464862286113203
1002.0 0.0043839077989105135
1003.0 0.004278385313227773
1004.0 0.004172862827545032
1005.0 0.004139929296798073
1006.0 0.004106995766051114
1007.0 0.004206215817248449
1008.0 0.004305435504647903
1009.0 0.0042412975744809955
1010.0 0.0041771589167183265
1011.0 0.0040760623960522935
1012.0 0.00397496551158838
1013.0 0.00418169038312044
1014.0 0.004388415618450381
1015.0 0.004179179813945666
1016.0 0.00396994364564307
1017.0 0.0041837436583591625
1018.0 0.004397544034873135
1019.0 0.004397237717057578
1020.0 0.004396931399242021
1021.0 0.004325556437834166
1022.0 0.00425418111262843
1023.0 0.004316820923122577
1024.0 0.004379460733616725
1025.0 0.004332168464316055
1026.0 0.004284876195015386
1027.0 0.004308266215957701
1028.0 0.004331656236900017
1029.0 0.004403592902235687
1030.0 0.004475529567571357
1031.0 0.00449047474830877
1032.0 0.004505419929046184
1033.0 0.0045855955249862745
1034.0 0.004665771484724246
1035.0 0.004859890759689733
1036.0 0.0050540103984531015
1037.0 0.005246495857136324
1038.0 0.005438982043415308
1039.0 0.005382085873861797
1040.0 0.005325189340510406
1041.0 0.005245160355116241
1042.0 0.005165131369722076
1043.0 0.005568731648963876
1044.0 0.005972331564407796
1045.0 0.0060467278672149405
1046.0 0.006121123442426324
1047.0 0.006050820957170799
1048.0 0.005980519199511036
1049.0 0.006148362444946542
1050.0 0.006316204962786287
1051.0 0.0066801578213926405
1052.0 0.007044110679998994
1053.0 0.007225933222798631
1054.0 0.007407753582810983
1055.0 0.007170099706854671
1056.0 0.006932444375706837
1057.0 0.007408829696942121
1058.0 0.007885215018177405
1059.0 0.008093944779830053
1060.0 0.008302675269078463
1061.0 0.008522656571585685
1062.0 0.008742638601688668
1063.0 0.008729771070647985
1064.0 0.008716907177586108
1065.0 0.009075729758478701
1066.0 0.009434551611775532
1067.0 0.00948804008658044
1068.0 0.009541527106193826
1069.0 0.009824223525356501
1070.0 0.01010691630654037
1071.0 0.010379855666542426
1072.0 0.010652795026544482
1073.0 0.010620022658258677
1074.0 0.01058724956237711
1075.0 0.010858555469894782
1076.0 0.011129860649816692
1077.0 0.011777800682466477
1078.0 0.012425743625499308
1079.0 0.01236255920957774
1080.0 0.012299373338464648
1081.0 0.013381995086092502
1082.0 0.014464615378528833
1083.0 0.014309604011941701
1084.0 0.014154591190163046
1085.0 0.014051284233573824
1086.0 0.013947980187367648
1087.0 0.014586132601834834
1088.0 0.015224283561110497
1089.0 0.015063259343151003
1090.0 0.01490223512519151
1091.0 0.016601600509602576
1092.0 0.018300967349205166
1093.0 0.01812843547668308
1094.0 0.017955903604160994
1095.0 0.01785009662853554
1096.0 0.017744289652910084
1097.0 0.01832478737924248
1098.0 0.0189052865607664
1099.0 0.019084539962932467
1100.0 0.019263793365098536
1101.0 0.021144015772733837
1102.0 0.023024236725177616
1103.0 0.024369733000639826
1104.0 0.02571523073129356
1105.0 0.025478427414782345
1106.0 0.025241627008654177
1107.0 0.026307074585929513
1108.0 0.02737252216320485
1109.0 0.02832034369930625
1110.0 0.02926816523540765
1111.0 0.02956088283099234
1112.0 0.029853603336960077
1113.0 0.0302148429909721
1114.0 0.03057607973460108
1115.0 0.03033422981388867
1116.0 0.030092379893176258
1117.0 0.030477746622636914
1118.0 0.03086311335209757
1119.0 0.033854058710858226
1120.0 0.036845001159235835
1121.0 0.037471274845302105
1122.0 0.038097548531368375
1123.0 0.03956115979235619
1124.0 0.0410247768741101
1125.0 0.04267458862159401
1126.0 0.04432440327946097
1127.0 0.04493788001127541
1128.0 0.045551362563855946
1129.0 0.04834306600969285
1130.0 0.051134772365912795
1131.0 0.05504584405571222
1132.0 0.05895691574551165
1133.0 0.05818583304062486
1134.0 0.05741473869420588
1135.0 0.06393278017640114
1136.0 0.0704508216585964
1137.0 0.07563232211396098
1138.0 0.08081383421085775
1139.0 0.08684394415467978
1140.0 0.09287405991926789
1141.0 0.1046297955326736
1142.0 0.11638550786301494
1143.0 0.16515227034687996
1144.0 0.21391906775534153
1145.0 0.49587422981858253
1146.0 0.7778293918818235
1147.0 1.2661286629736423
1148.0 1.7544280737638474
1149.0 1.7213540151715279
1150.0 1.6882793977856636
