lsstCam/transmission_filter_detector/r33_s12/z_20/19700101T000000.ecsv
# %ECSV 1.0
# ---
# datatype:
# - {name: wavelength, unit: nm, datatype: float32}
# - {name: efficiency, unit: '%', datatype: float64}
# meta: !!omap
# - {MODE: DETECTOR}
# - {TYPE: transmission_filter_detector}
# - {CALIBDATE: '1970-01-01T00:00:00'}
# - {INSTRUME: LSSTCam}
# - {OBSTYPE: transmission_filter_detector}
# - {CALIBCLS: lsst.ip.isr.IntermediateFilterDetectorTransmissionCurve}
# - {SOURCE: Materion (DM-46256)}
# - {DETECTOR: 149}
# - {FILTER: z_20}
# - {CALIB_ID: 'calibDate=1970-01-01T00:00:00 filter=z_20 detector=149'}
# - {DATE: '2025-04-02T15:59:49.330768'}
# - {CALIB_CREATION_DATE: '2025-04-02'}
# - {CALIB_CREATION_TIME: '15:59:49'}
# - __serialized_columns__:
#     efficiency:
#       __class__: astropy.units.quantity.Quantity
#       unit: !astropy.units.Unit {unit: '%'}
#       value: !astropy.table.SerializedColumn {name: efficiency}
#     wavelength:
#       __class__: astropy.units.quantity.Quantity
#       unit: !astropy.units.Unit {unit: nm}
#       value: !astropy.table.SerializedColumn {name: wavelength}
# schema: astropy-2.0
wavelength efficiency
300.0 0.3680099034681916
301.0 0.32621785067021847
302.0 0.2844257978722453
303.0 0.24543034378439188
304.0 0.2064349129796028
305.0 0.17539453692734241
306.0 0.14435412595048547
307.0 0.1465720240958035
308.0 0.1487898756749928
309.0 0.13585526030510664
310.0 0.12292061001062393
311.0 0.11654976988211274
312.0 0.11017892975360155
313.0 0.1039246330037713
314.0 0.09767033625394106
315.0 0.08847469580359757
316.0 0.0792790437117219
317.0 0.07678228430449963
318.0 0.07428551907651126
319.0 0.06798176909796894
320.0 0.06167801911942661
321.0 0.05884707788936794
322.0 0.05601614248007536
323.0 0.05378017667680979
324.0 0.05154421669431031
325.0 0.04963873652741313
326.0 0.04773326509166509
327.0 0.04217217501718551
328.0 0.036611087853088975
329.0 0.03643514646682888
330.0 0.03625920508056879
331.0 0.035813634167425334
332.0 0.03536805743351579
333.0 0.03049626830033958
334.0 0.025624479167163372
335.0 0.025759529671631753
336.0 0.02589458308648318
337.0 0.021348318841774017
338.0 0.01680205314187333
339.0 0.018890244245994836
340.0 0.020978438260499388
341.0 0.017935194773599505
342.0 0.014891954197082669
343.0 0.015303712280001491
344.0 0.015715470362920314
345.0 0.013754110841546208
346.0 0.011792747682193294
347.0 0.013198958185967058
348.0 0.014605166506953537
349.0 0.013734446838498116
350.0 0.01286372571485117
351.0 0.012565274664666504
352.0 0.012266823614481837
353.0 0.012318875815253705
354.0 0.012370933836791664
355.0 0.011491826444398612
356.0 0.010612722689984366
357.0 0.010418086458230391
358.0 0.010223451681667939
359.0 0.010383514018030837
360.0 0.01054357853718102
361.0 0.010451307753100991
362.0 0.010359039879404008
363.0 0.010061223292723298
364.0 0.00976340816123411
365.0 0.009540710743749514
366.0 0.009318013326264918
367.0 0.00879746803548187
368.0 0.0082769212895073
369.0 0.008880128734745085
370.0 0.009483337635174394
371.0 0.008377630729228258
372.0 0.007271923095686361
373.0 0.00722731274436228
374.0 0.007182702393038198
375.0 0.006221533840289339
376.0 0.0052603652875404805
377.0 0.004731113949674182
378.0 0.004201861884212121
379.0 0.004873396756011061
380.0 0.005544931627810001
381.0 0.005826692358823493
382.0 0.0061084523622412235
383.0 0.005289422551868483
384.0 0.004470392377697863
385.0 0.00415463036915753
386.0 0.0038388687244150788
387.0 0.004366727807791904
388.0 0.004894587254966609
389.0 0.004720688230008818
390.0 0.004546789932646789
391.0 0.0038389465771615505
392.0 0.0031311032216763124
393.0 0.0034484863135730848
394.0 0.003765869405469857
395.0 0.003446978735155426
396.0 0.0031280884286388755
397.0 0.0034918342862511054
398.0 0.0038555801438633353
399.0 0.003977015148848295
400.0 0.004098450153833255
401.0 0.004389487003209069
402.0 0.004680524580180645
403.0 0.004347636422608048
404.0 0.0040147482650354505
405.0 0.004067087866133079
406.0 0.004119427103432827
407.0 0.0042785006371559575
408.0 0.004437574534676969
409.0 0.0034314183722017333
410.0 0.0024252622097264975
411.0 0.003444040339672938
412.0 0.0044628184696193784
413.0 0.004434444053913467
414.0 0.004406069638207555
415.0 0.004651078415918164
416.0 0.004896087193628773
417.0 0.003450193253229372
418.0 0.0020042994947289117
419.0 0.0030189743483788334
420.0 0.004033649020129815
421.0 0.003487556750769727
422.0 0.002941463935712818
423.0 0.003455342084635049
424.0 0.0039692204154562205
425.0 0.0032513060432393104
426.0 0.0025333918529213406
427.0 0.0031160234357230365
428.0 0.003698655200423673
429.0 0.0031694929930381477
430.0 0.0026403311494505033
431.0 0.001886207246570848
432.0 0.0011320833436911926
433.0 0.0018102193280356005
434.0 0.0024883549485821277
435.0 0.0035174885852029547
436.0 0.004546621858025901
437.0 0.0036301364161772653
438.0 0.0027136509743286297
439.0 0.002393725844740402
440.0 0.0020738008970511146
441.0 0.0022423360860557295
442.0 0.002410871456959285
443.0 0.0022652529878541827
444.0 0.0021196343368501402
445.0 0.0018720458683674224
446.0 0.0016244573998847045
447.0 0.0022085710952524096
448.0 0.0027926847906201147
449.0 0.0025057717721210793
450.0 0.0022188589355209842
451.0 0.0021927751731709577
452.0 0.002166691228921991
453.0 0.002072659299301449
454.0 0.001978627005883027
455.0 0.002036023579421453
456.0 0.00209342033485882
457.0 0.001786997017916292
458.0 0.0014805735190748237
459.0 0.0016866806618054397
460.0 0.0018927876226371154
461.0 0.001450690433557611
462.0 0.0010085933354275767
463.0 0.0011826436093542725
464.0 0.0013566940651799086
465.0 0.001206826254929183
466.0 0.0010569584446784575
467.0 0.0009172931640932802
468.0 0.0007776277925586328
469.0 0.0009218752893502824
470.0 0.001066122786141932
471.0 0.0013757845408690628
472.0 0.0016854464774951339
473.0 0.0015606323358952068
474.0 0.0014358182852447499
475.0 0.0014540189113176893
476.0 0.0014722195373906288
477.0 0.0013605718777398579
478.0 0.0012489243999880273
479.0 0.0017308544556726702
480.0 0.0022127847842057236
481.0 0.0017167114492622204
482.0 0.0012206382052681874
483.0 0.0012371499906294048
484.0 0.0012536619578895625
485.0 0.0012949944903084543
486.0 0.0013363272046262864
487.0 0.0012820652955269907
488.0 0.0012278035683266353
489.0 0.0015385372535092756
490.0 0.0018492710296413861
491.0 0.001680691639194265
492.0 0.0015121125215955544
493.0 0.0015104904377949424
494.0 0.001508868717792211
495.0 0.0015114402231120039
496.0 0.0015140117284317967
497.0 0.0017884909539134242
498.0 0.002062970270344522
499.0 0.0019300370695418678
500.0 0.0017971036868402734
501.0 0.0014002707757754251
502.0 0.0010034380466095172
503.0 0.0009772576959221624
504.0 0.0009510772542853374
505.0 0.0016412292097811587
506.0 0.002331380710529629
507.0 0.0016555373804294504
508.0 0.0009796939593798015
509.0 0.0009780102118384093
510.0 0.0009763264642970171
511.0 0.000934444869926665
512.0 0.0008925630027079023
513.0 0.0010824646778928582
514.0 0.0012723661711788736
515.0 0.0011385194738977589
516.0 0.0010046725947177038
517.0 0.000987841031019343
518.0 0.0009710095582704525
519.0 0.0011392627129680477
520.0 0.0013075160495645832
521.0 0.0013741791917709634
522.0 0.0014408424249268137
523.0 0.001517018063168507
524.0 0.0015931933376123197
525.0 0.0015241202163451817
526.0 0.0014550470041285735
527.0 0.0013592864888778422
528.0 0.0012635260645765811
529.0 0.0012911688827443868
530.0 0.0013188118828111328
531.0 0.001541562596685253
532.0 0.001764313674357254
533.0 0.0017100641343859024
534.0 0.0016558145944145508
535.0 0.0016314064851030707
536.0 0.0016069983757915907
537.0 0.0016091084034997039
538.0 0.001611218431207817
539.0 0.001255929601029493
540.0 0.000900640861800639
541.0 0.0010275819477101322
542.0 0.0011545228517206851
543.0 0.000951684432948241
544.0 0.000748846059650532
545.0 0.0011006529348378535
546.0 0.0014524598554999102
547.0 0.0014629573342972435
548.0 0.0014734547221451066
549.0 0.0018091468518832698
550.0 0.0021448391635203734
551.0 0.0020869611034868285
552.0 0.002029083225352224
553.0 0.001990265263884794
554.0 0.001951447302417364
555.0 0.0016554969988646917
556.0 0.0013595466043625493
557.0 0.0012678367966145743
558.0 0.0011761272617150098
559.0 0.0012552620319183916
560.0 0.0013343969840207137
561.0 0.0011343410733388737
562.0 0.000934285344555974
563.0 0.001269520817004377
564.0 0.0016047566532506607
565.0 0.0018251104847877286
566.0 0.002045464498223737
567.0 0.002086122003674973
568.0 0.002126779691025149
569.0 0.002340746323170606
570.0 0.0025547131372150034
571.0 0.0026730693207355216
572.0 0.0027914258680539206
573.0 0.0023120981495594606
574.0 0.0018327702491660602
575.0 0.0017484593627159484
576.0 0.0016641482943668962
577.0 0.0019004979549208656
578.0 0.002136847615474835
579.0 0.0019792511011473835
580.0 0.0018216547687188722
581.0 0.0020661296730395406
582.0 0.002310604577360209
583.0 0.0018883665688917972
584.0 0.0014661287423223257
585.0 0.0019616534700617194
586.0 0.0024571778340032324
587.0 0.002121261968568433
588.0 0.0017853459212346934
589.0 0.0016557323760935105
590.0 0.0015261188309523277
591.0 0.0015286012057913467
592.0 0.0015310839444282465
593.0 0.0009934756235452369
594.0 0.00045586748456116766
595.0 0.0007689146514167078
596.0 0.0010819615454238374
597.0 0.000719977015251061
598.0 0.0003579923259167117
599.0 0.0006851102170912782
600.0 0.001012228040053742
601.0 0.0008520320989191532
602.0 0.0006918360668350942
603.0 0.0010971737538056914
604.0 0.0015025114407762885
605.0 0.001149406216427451
606.0 0.0007963011739775538
607.0 0.0008614742910140194
608.0 0.0009266476808988955
609.0 0.0008129235538945068
610.0 0.000699199381415383
611.0 0.0011513311619637534
612.0 0.001603462987986859
613.0 0.0014706007277709432
614.0 0.0013377390132518485
615.0 0.0013846791262039915
616.0 0.0014316194210550748
617.0 0.0015757421351736411
618.0 0.0017198648492922075
619.0 0.0016902766219573095
620.0 0.0016606882127234712
621.0 0.001567854269524105
622.0 0.0014750203263247386
623.0 0.0011504690519359428
624.0 0.0008259177775471471
625.0 0.0012051794328726828
626.0 0.0015844409062992781
627.0 0.00186332890734775
628.0 0.0021422167264972813
629.0 0.0020223100364091806
630.0 0.0019024029825231992
631.0 0.002290425982209854
632.0 0.0026784486180986278
633.0 0.0029150496629881673
634.0 0.0031516505259787664
635.0 0.00555628867004998
636.0 0.007960927905514836
637.0 0.014797081530559808
638.0 0.021633239521179348
639.0 0.019778046407736838
640.0 0.017922856204677373
641.0 0.015778290980961174
642.0 0.013633724302053452
643.0 0.009762232366483659
644.0 0.0058907393395202234
645.0 0.00622309380560182
646.0 0.006555448635481298
647.0 0.006186872633406892
648.0 0.00581829808652401
649.0 0.004670811540563591
650.0 0.003523324994603172
651.0 0.0036521636502584442
652.0 0.0037810023059137166
653.0 0.0030802711989963427
654.0 0.002379540092078969
655.0 0.0024101767849060707
656.0 0.0024408134777331725
657.0 0.002670972389751114
658.0 0.0029011309379711747
659.0 0.0023397626137011684
660.0 0.0017783942894311622
661.0 0.0023244836484082043
662.0 0.002870573189284187
663.0 0.0024205523004638962
664.0 0.0019705317754414864
665.0 0.0017696833310765214
666.0 0.0015688352505094372
667.0 0.001383261496812338
668.0 0.0011976874702668283
669.0 0.0013156558452465106
670.0 0.0014336242202261928
671.0 0.0014951417142583523
672.0 0.001556659299239982
673.0 0.0015184124094957951
674.0 0.0014801656107010785
675.0 0.001156422422354808
676.0 0.000832679415907478
677.0 0.0012760056051774882
678.0 0.001719332067295909
679.0 0.0017082211343222298
680.0 0.0016971105651464313
681.0 0.0020780300474143587
682.0 0.0024589497115812264
683.0 0.002702491656236816
684.0 0.0029460334189934656
685.0 0.0023926040739752352
686.0 0.0018391743651591241
687.0 0.001984033951885067
688.0 0.0021288935386110097
689.0 0.002323800617887173
690.0 0.002518707697163336
691.0 0.002232879342045635
692.0 0.001947050441231113
693.0 0.0022969217752688564
694.0 0.0026467932912055403
695.0 0.003405834286240861
696.0 0.004164875281276181
697.0 0.00415719514421653
698.0 0.004149514643358998
699.0 0.0056455188314430416
700.0 0.007141522655729204
701.0 0.0070525209594052285
702.0 0.006963519263081253
703.0 0.006616989412577823
704.0 0.006270461744861677
705.0 0.005063712160335854
706.0 0.0038569633034057915
707.0 0.00343415595125407
708.0 0.003011349144799169
709.0 0.0036465415178099647
710.0 0.00428173370892182
711.0 0.004222817369736731
712.0 0.0041639006667537615
713.0 0.00330212787957862
714.0 0.002440355092403479
715.0 0.0024085111363092437
716.0 0.0023766671802150086
717.0 0.002081572347378824
718.0 0.0017864776964415796
719.0 0.0017226544514414854
720.0 0.001658831024542451
721.0 0.0021641291823470965
722.0 0.002669427340151742
723.0 0.0025241626644856296
724.0 0.002378898352617398
725.0 0.00144325667861267
726.0 0.0005076149591332069
727.0 0.0009953261724149343
728.0 0.0014830372492724564
729.0 0.0011538341823325027
730.0 0.0008246308425441384
731.0 0.0005449996479001129
732.0 0.00026536843051871983
733.0 0.0006855276296846569
734.0 0.0011056869880121667
735.0 0.0011367643310222775
736.0 0.0011678417649818584
737.0 0.0011178058230143506
738.0 0.0010677696991479024
739.0 0.0013274526281747967
740.0 0.0015871357391006313
741.0 0.001379873174300883
742.0 0.001172610791400075
743.0 0.0011582246770558413
744.0 0.0011438386536610778
745.0 0.001648444595048204
746.0 0.002153050809283741
747.0 0.002104781560774427
748.0 0.0020565124941640534
749.0 0.0027562064133235253
750.0 0.003455900150584057
751.0 0.0029625727620441467
752.0 0.002469245191605296
753.0 0.002372600829403382
754.0 0.002275956649100408
755.0 0.002043963650066871
756.0 0.001811970469134394
757.0 0.00221609170694137
758.0 0.0026202127628494054
759.0 0.0027229298211750574
760.0 0.002825646697601769
761.0 0.004626664667739533
762.0 0.006427680636988953
763.0 0.005963970033917576
764.0 0.005500257611856796
765.0 0.004774919580086134
766.0 0.0040495808207197115
767.0 0.004063096275785938
768.0 0.004076611730852164
769.0 0.004993238690076396
770.0 0.005909865285502747
771.0 0.005179968866286799
772.0 0.004450072447070852
773.0 0.004085678665433079
774.0 0.0037212845199974254
775.0 1.6082341621620477e-10
776.0 0.03578989708330482
777.0 0.05732578574679792
778.0 0.005903038254473358
779.0 0.04667504399549216
780.0 0.07851384580135345
781.0 0.05545841413550079
782.0 0.12162162456661463
783.0 0.12907120399177074
784.0 0.04776320711243898
785.0 0.12586952652782202
786.0 0.03346088924445212
787.0 0.15871081268414855
788.0 0.06622074288316071
789.0 0.017365651729051024
790.0 1.6082341621620477e-10
791.0 0.03818952536676079
792.0 0.01993630576180294
793.0 0.05884708953090012
794.0 1.6082341621620477e-10
795.0 0.04871952987741679
796.0 0.1352032646536827
797.0 0.019033382704947144
798.0 0.10243239812552929
799.0 0.12095434358343482
800.0 0.11946745216846466
801.0 0.40953378193080425
802.0 0.7974392734467983
803.0 1.1787759140133858
804.0 1.9602656364440918
805.0 3.171127289533615
806.0 4.511629790067673
807.0 6.45868107676506
808.0 8.720902353525162
809.0 11.593428254127502
810.0 14.85484093427658
811.0 18.131491541862488
812.0 20.978249609470367
813.0 23.98296594619751
814.0 27.148067951202393
815.0 31.52337074279785
816.0 36.45141422748566
817.0 42.52685010433197
818.0 48.139387369155884
819.0 54.384517669677734
820.0 62.3171865940094
821.0 69.72447037696838
822.0 75.75790286064148
823.0 81.14609122276306
824.0 86.32970452308655
825.0 90.51183462142944
826.0 93.58280897140503
827.0 96.08469009399414
828.0 97.99255132675171
829.0 98.85081648826599
830.0 98.54007959365845
831.0 98.85584712028503
832.0 98.40879440307617
833.0 99.5331346988678
834.0 98.48381876945496
835.0 99.36477541923523
836.0 99.03597831726074
837.0 99.29254651069641
838.0 98.11577796936035
839.0 98.67275357246399
840.0 98.64556193351746
841.0 99.51190948486328
842.0 99.39960837364197
843.0 99.916011095047
844.0 98.01555275917053
845.0 98.79181385040283
846.0 98.72946739196777
847.0 98.702073097229
848.0 99.94474649429321
849.0 98.79130125045776
850.0 98.23110103607178
851.0 99.3590235710144
852.0 99.14702773094177
853.0 98.60877990722656
854.0 99.80297684669495
855.0 98.53665232658386
856.0 98.86465072631836
857.0 98.2147753238678
858.0 98.70032668113708
859.0 99.090176820755
860.0 98.94972443580627
861.0 98.66718649864197
862.0 98.70644807815552
863.0 98.55530858039856
864.0 99.74014163017273
865.0 99.97584223747253
866.0 98.98513555526733
867.0 99.32231903076172
868.0 99.7743308544159
869.0 98.67901802062988
870.0 98.01508784294128
871.0 98.83574843406677
872.0 99.31219816207886
873.0 99.14670586585999
874.0 99.32094812393188
875.0 99.01724457740784
876.0 98.95013570785522
877.0 99.35830235481262
878.0 98.9823043346405
879.0 98.81479740142822
880.0 98.48575592041016
881.0 99.81421232223511
882.0 99.2089331150055
883.0 98.81983995437622
884.0 99.1655707359314
885.0 98.97425174713135
886.0 98.78562092781067
887.0 98.82002472877502
888.0 98.92557263374329
889.0 99.6178925037384
890.0 98.44185709953308
891.0 99.43088293075562
892.0 98.69255423545837
893.0 98.5038697719574
894.0 98.29890131950378
895.0 99.67321753501892
896.0 99.01043772697449
