lsstCam/transmission_sensor/r20_s11/19700101T000000.ecsv
# %ECSV 1.0
# ---
# datatype:
# - {name: amp_name, datatype: string}
# - {name: wavelength, unit: nm, datatype: float32}
# - {name: efficiency, unit: '%', datatype: float64}
# meta: !!omap
# - {MODE: AMP}
# - {TYPE: transmission_sensor}
# - {CALIBDATE: '1970-01-01T00:00:00'}
# - {INSTRUME: LSSTCam}
# - {OBSTYPE: transmission_sensor}
# - {DETECTOR: 76}
# - {PARQUETFILE: qe_raft_allvalues_nircorrected_20230725_adjust.parquet}
# - {CORRFILE: qe_corr_factor_bydetnum.parquet}
# - {CALIBCLS: lsst.ip.isr.IntermediateSensorTransmissionCurve}
# - {CALIB_ID: 'raftName=R20 detectorName=S11 detector=76 calibDate=1970-01-01T00:00:00 ccd=76 ccdnum=76 filter=None'}
# - {DATE: '2025-03-03T21:56:47.802932'}
# - {CALIB_CREATION_DATE: '2025-03-03'}
# - {CALIB_CREATION_TIME: '21:56:47'}
# - __serialized_columns__:
#     efficiency:
#       __class__: astropy.units.quantity.Quantity
#       unit: !astropy.units.Unit {unit: '%'}
#       value: !astropy.table.SerializedColumn {name: efficiency}
#     wavelength:
#       __class__: astropy.units.quantity.Quantity
#       unit: !astropy.units.Unit {unit: nm}
#       value: !astropy.table.SerializedColumn {name: wavelength}
# schema: astropy-2.0
amp_name wavelength efficiency
C00 319.994 46.10655944672169
C00 324.969 47.03331672382693
C00 349.982 53.91443908302694
C00 374.975 70.8836907692351
C00 400.019 86.12749540129028
C00 424.965 89.48320108460157
C00 450.035 89.19752803461155
C00 475.003 88.64177081943654
C00 500.018 88.00176434238192
C00 525.002 87.77667624222676
C00 550.029 88.39806843609196
C00 575.023 89.56445574095568
C00 599.982 90.90222070188337
C00 619.997 91.8174229586961
C00 624.979 92.2056516251664
C00 650.012 93.38160011271054
C00 675.004 94.84090448761441
C00 700.03 95.7823422601879
C00 725.012 96.66993871901997
C00 750.022 97.82169171770376
C00 774.987 98.71906490922835
C00 799.976 99.31740095001156
C00 824.988 98.91446869342886
C00 850.022 97.92966687734588
C00 869.967 95.6452216596214
C00 875.002 94.55553166799842
C00 899.999 88.64502716426249
C00 919.999 80.46701351518284
C00 925.012 77.59554863231138
C00 949.965 63.300348810732636
C00 975.002 48.19147078804918
C00 999.976 31.096942204618987
C00 1025.028 15.273402343094254
C00 1050.014 6.116374010846284
C00 1075.002 0.9319339946101443
C00 1099.99 0.0924656347950523
C01 319.994 46.04094371356828
C01 324.969 46.90267032183872
C01 349.982 53.537638416306294
C01 374.975 70.51432272882519
C01 400.019 86.05883502421568
C01 424.965 89.65338551738417
C01 450.035 89.45949828148322
C01 475.003 88.9028634698303
C01 500.018 88.22179471546701
C01 525.002 87.94130256398256
C01 550.029 88.50431919563715
C01 575.023 89.63004453035758
C01 599.982 90.9335524357878
C01 619.997 91.83733054195822
C01 624.979 92.22348069045452
C01 650.012 93.38928293099963
C01 675.004 94.84806382730265
C01 700.03 95.77612980091004
C01 725.012 96.66461155443474
C01 750.022 97.8052175382061
C01 774.987 98.70787940324233
C01 799.976 99.30777048339868
C01 824.988 98.9270321798495
C01 850.022 97.97260751904587
C01 869.967 95.59710011941586
C01 875.002 94.46726393803573
C01 899.999 88.63825273531018
C01 919.999 80.62705939918112
C01 925.012 77.7740086459164
C01 949.965 63.457504015104114
C01 975.002 48.17705973009608
C01 999.976 31.082702431943382
C01 1025.028 15.32766128498415
C01 1050.014 6.0950085781718375
C01 1075.002 0.9317770544854077
C01 1099.99 0.09245006334005386
C02 319.994 45.973495805311856
C02 324.969 46.76633493917351
C02 349.982 53.1062343125871
C02 374.975 70.00034372492766
C02 400.019 85.78566387492856
C02 424.965 89.62113769592824
C02 450.035 89.4930163083677
C02 475.003 88.95277099585054
C02 500.018 88.27963140264734
C02 525.002 87.91433571782355
C02 550.029 88.42512766082761
C02 575.023 89.49778150327847
C02 599.982 90.79333715290444
C02 619.997 91.64379742393432
C02 624.979 92.02589061327396
C02 650.012 93.1723549384461
C02 675.004 94.66492329914877
C02 700.03 95.58057975062988
C02 725.012 96.43715240414626
C02 750.022 97.6069962074186
C02 774.987 98.52222155887549
C02 799.976 99.08886404966249
C02 824.988 98.77466141592559
C02 850.022 97.8296824645816
C02 869.967 95.33610754581345
C02 875.002 94.21027443608696
C02 899.999 88.39263349650068
C02 919.999 80.60665143196229
C02 925.012 77.80111405994035
C02 949.965 63.52766554404882
C02 975.002 48.17582801574112
C02 999.976 31.125856699101796
C02 1025.028 15.468854241136752
C02 1050.014 6.132015820877502
C02 1075.002 0.9298884482115656
C02 1099.99 0.09226267756059017
C03 319.994 45.897014042083235
C03 324.969 46.64243987149345
C03 349.982 52.83011474706278
C03 374.975 69.74803473752776
C03 400.019 85.80056761862363
C03 424.965 89.82743445395548
C03 450.035 89.80397029549339
C03 475.003 89.27462565501766
C03 500.018 88.54622057835012
C03 525.002 88.16431214616372
C03 550.029 88.63548907622622
C03 575.023 89.66419381084899
C03 599.982 90.90403748055695
C03 619.997 91.76075640015299
C03 624.979 92.14052472864762
C03 650.012 93.2767350318147
C03 675.004 94.73807173540426
C03 700.03 95.65474435122822
C03 725.012 96.54391124586287
C03 750.022 97.69574892490856
C03 774.987 98.62036609832205
C03 799.976 99.23024176296835
C03 824.988 98.90141252126624
C03 850.022 97.97032114927445
C03 869.967 95.47037210871937
C03 875.002 94.2998508625518
C03 899.999 88.45286432845847
C03 919.999 80.74775200953827
C03 925.012 77.97266877494285
C03 949.965 63.71974369949092
C03 975.002 48.276255075851736
C03 999.976 31.246254852745963
C03 1025.028 15.551814052051016
C03 1050.014 6.159896348895927
C03 1075.002 0.9307340015347306
C03 1099.99 0.09234657258452075
C04 319.994 45.77960087119618
C04 324.969 46.47603141303029
C04 349.982 52.467224754338524
C04 374.975 69.31926727234966
C04 400.019 85.55965198900716
C04 424.965 89.7568726178454
C04 450.035 89.80108346497393
C04 475.003 89.27186969414842
C04 500.018 88.52362631815123
C04 525.002 88.1092622127115
C04 550.029 88.55325674660286
C04 575.023 89.55884374242588
C04 599.982 90.78381446129762
C04 619.997 91.62618390865832
C04 624.979 92.00157965119283
C04 650.012 93.13136194506993
C04 675.004 94.59058933782661
C04 700.03 95.51837817570414
C04 725.012 96.409754457963
C04 750.022 97.5825697721167
C04 774.987 98.52028160876641
C04 799.976 99.15027270847223
C04 824.988 98.84284450368764
C04 850.022 97.9372727134878
C04 869.967 95.45914041344503
C04 875.002 94.29934278038037
C04 899.999 88.49443468793855
C04 919.999 80.81089276665968
C04 925.012 78.04025910017155
C04 949.965 63.82011687209851
C04 975.002 48.38336803544539
C04 999.976 31.359926691279814
C04 1025.028 15.640210727110244
C04 1050.014 6.211198214057067
C04 1075.002 0.929655611967639
C04 1099.99 0.09223957576237005
C05 319.994 45.63043256459518
C05 324.969 46.288545242667794
C05 349.982 52.07908076823012
C05 374.975 68.83536519335743
C05 400.019 85.20910608358408
C05 424.965 89.53400160352918
C05 450.035 89.62719619091172
C05 475.003 89.08645049443786
C05 500.018 88.31860746376728
C05 525.002 87.88496702867235
C05 550.029 88.31278761344007
C05 575.023 89.31357862149343
C05 599.982 90.535108238386
C05 619.997 91.37768553754408
C05 624.979 91.75199583180328
C05 650.012 92.88102370063797
C05 675.004 94.33994316480592
C05 700.03 95.27153492075439
C05 725.012 96.18188730229444
C05 750.022 97.37608825693623
C05 774.987 98.34109796297786
C05 799.976 98.99125068703151
C05 824.988 98.7065784049549
C05 850.022 97.83765011681527
C05 869.967 95.42986410287045
C05 875.002 94.29957372682193
C05 899.999 88.56752923669102
C05 919.999 80.87521135063302
C05 925.012 78.10419277340897
C05 949.965 63.972229745829345
C05 975.002 48.57466482209357
C05 999.976 31.529458700365012
C05 1025.028 15.733312935916175
C05 1050.014 6.266964562616535
C05 1075.002 0.9276882610619024
C05 1099.99 0.09204437701287099
C06 319.994 45.61101766707504
C06 324.969 46.229053439322975
C06 349.982 51.87017046630594
C06 374.975 68.5717013392477
C06 400.019 85.1013618703835
C06 424.965 89.54798925967275
C06 450.035 89.68647244424443
C06 475.003 89.13497234180876
C06 500.018 88.34286453834537
C06 525.002 87.90077916170421
C06 550.029 88.32095541925642
C06 575.023 89.34340920352774
C06 599.982 90.55960395762037
C06 619.997 91.4201411917168
C06 624.979 91.79639913429979
C06 650.012 92.92836002294223
C06 675.004 94.38780296571103
C06 700.03 95.33211987058925
C06 725.012 96.27343447172723
C06 750.022 97.4905607098008
C06 774.987 98.49151338036326
C06 799.976 99.1765929045949
C06 824.988 98.90386825176144
C06 850.022 98.06772666010805
C06 869.967 95.70861645782851
C06 875.002 94.57735610672546
C06 899.999 88.8504078347382
C06 919.999 81.1356573509904
C06 925.012 78.37016609193427
C06 949.965 64.32296425751305
C06 975.002 48.88012613301757
C06 999.976 31.730464860326933
C06 1025.028 15.791306474221399
C06 1050.014 6.302397520412261
C06 1075.002 0.9287785744493886
C06 1099.99 0.09215255690552707
C07 319.994 45.20919010430445
C07 324.969 45.799935705375184
C07 349.982 51.28139175909579
C07 374.975 67.81781517186182
C07 400.019 84.43367261320103
C07 424.965 88.9843259779818
C07 450.035 89.13039960226595
C07 475.003 88.54237147099086
C07 500.018 87.74373558144615
C07 525.002 87.29692350096781
C07 550.029 87.73137224860818
C07 575.023 88.79068508495183
C07 599.982 90.0295356849611
C07 619.997 90.91070413450319
C07 624.979 91.28719302352773
C07 650.012 92.43254880578043
C07 675.004 93.90080620440196
C07 700.03 94.84237484662566
C07 725.012 95.81796959790526
C07 750.022 97.06689716098109
C07 774.987 98.11851948082092
C07 799.976 98.8192340791459
C07 824.988 98.56932693473819
C07 850.022 97.77080651841425
C07 869.967 95.40088032445517
C07 875.002 94.24177553071519
C07 899.999 88.4133647887377
C07 919.999 80.74096218415653
C07 925.012 78.03552469811966
C07 949.965 64.30746390217728
C07 975.002 48.81815165542603
C07 999.976 31.591361969470412
C07 1025.028 15.624174383574701
C07 1050.014 6.277039119990995
C07 1075.002 0.9247419900536911
C07 1099.99 0.09175205071011983
C10 319.994 46.179330670455975
C10 324.969 47.09497557461501
C10 349.982 53.94210261761799
C10 374.975 70.90158911845569
C10 400.019 86.14712584882253
C10 424.965 89.54133030394121
C10 450.035 89.2261269022909
C10 475.003 88.66959216742933
C10 500.018 88.05363491315539
C10 525.002 87.78154921214357
C10 550.029 88.39590523775605
C10 575.023 89.53645733402438
C10 599.982 90.88080426853641
C10 619.997 91.7688626202516
C10 624.979 92.15690652956866
C10 650.012 93.32310907727913
C10 675.004 94.81801769525622
C10 700.03 95.73579115578494
C10 725.012 96.58874564838361
C10 750.022 97.74823535285951
C10 774.987 98.65837218438745
C10 799.976 99.22280528755024
C10 824.988 98.87506923049942
C10 850.022 97.94256908521415
C10 869.967 95.59613014436131
C10 875.002 94.49677889326658
C10 899.999 88.59983094564998
C10 919.999 80.57543517127864
C10 925.012 77.73875852072024
C10 949.965 63.34382062924819
C10 975.002 48.13692508766102
C10 999.976 31.155184972625726
C10 1025.028 15.543013068074055
C10 1050.014 6.309438981187618
C10 1075.002 0.9312340869850949
C10 1099.99 0.09239619060348683
C11 319.994 46.128691814037474
C11 324.969 46.98656161673392
C11 349.982 53.60959747838778
C11 374.975 70.60479214819739
C11 400.019 86.1487732667723
C11 424.965 89.76599500228686
C11 450.035 89.55770440664753
C11 475.003 89.01060768303087
C11 500.018 88.34726021894966
C11 525.002 88.032749656624
C11 550.029 88.58863004323452
C11 575.023 89.69337004463223
C11 599.982 90.99242068374042
C11 619.997 91.87760760136558
C11 624.979 92.26120194257533
C11 650.012 93.41761236116383
C11 675.004 94.89673963896793
C11 700.03 95.80949386350017
C11 725.012 96.67183247984072
C11 750.022 97.81574099772632
C11 774.987 98.7265167810759
C11 799.976 99.312766624751
C11 824.988 98.98313676871817
C11 850.022 98.0691662262604
C11 869.967 95.70261185034806
C11 875.002 94.57617827987352
C11 899.999 88.72356435082095
C11 919.999 80.90334832542925
C11 925.012 78.11615579908157
C11 949.965 63.84304600463766
C11 975.002 48.37365288847061
C11 999.976 31.330022976205672
C11 1025.028 15.56349801744007
C11 1050.014 6.2828017148462365
C11 1075.002 0.9318772577988221
C11 1099.99 0.09246000542075596
C12 319.994 45.90599785865977
C12 324.969 46.70653520723995
C12 349.982 53.069409902481
C12 374.975 69.9954553585814
C12 400.019 85.77296182064298
C12 424.965 89.60927474704698
C12 450.035 89.4948022941824
C12 475.003 88.96358698753008
C12 500.018 88.27132502896605
C12 525.002 87.91068676404696
C12 550.029 88.41367271732643
C12 575.023 89.47304713938783
C12 599.982 90.74262901255348
C12 619.997 91.59914008035211
C12 624.979 91.98090224645885
C12 650.012 93.12203170883106
C12 675.004 94.5957779345469
C12 700.03 95.5076853554601
C12 725.012 96.36542813761369
C12 750.022 97.50962148944389
C12 774.987 98.42201389788434
C12 799.976 99.01310591861741
C12 824.988 98.71115884271242
C12 850.022 97.83402425768284
C12 869.967 95.41563010385589
C12 875.002 94.2693197429781
C12 899.999 88.33307240922339
C12 919.999 80.70583523039586
C12 925.012 77.99185272602142
C12 949.965 63.935490016085154
C12 975.002 48.35346816947862
C12 999.976 31.320396358700147
C12 1025.028 15.560901794526243
C12 1050.014 6.25503617891017
C12 1075.002 0.9289608629518283
C12 1099.99 0.09217064340327412
C13 319.994 45.73870025639662
C13 324.969 46.4789605837307
C13 349.982 52.62543461412644
C13 374.975 69.5005602289711
C13 400.019 85.50917479509775
C13 424.965 89.55190765096448
C13 450.035 89.52547967983575
C13 475.003 89.0059656595556
C13 500.018 88.2897083657139
C13 525.002 87.8849516322429
C13 550.029 88.35868436959196
C13 575.023 89.36912893890236
C13 599.982 90.61856458414961
C13 619.997 91.45339747930085
C13 624.979 91.83027897727604
C13 650.012 92.9627864391635
C13 675.004 94.43557038803952
C13 700.03 95.35158865561242
C13 725.012 96.20846153950282
C13 750.022 97.36919835476314
C13 774.987 98.28272240076721
C13 799.976 98.88316775238332
C13 824.988 98.59427684864094
C13 850.022 97.71721924575854
C13 869.967 95.3061383959142
C13 875.002 94.17771868604228
C13 899.999 88.23889245035687
C13 919.999 80.56942286558348
C13 925.012 77.85012859305324
C13 949.965 63.80405454708829
C13 975.002 48.26785247448646
C13 999.976 31.29737677213806
C13 1025.028 15.560811340503301
C13 1050.014 6.22938139722224
C13 1075.002 0.9276229983317029
C13 1099.99 0.09203790170473625
C14 319.994 45.700590244432526
C14 324.969 46.3889453590269
C14 349.982 52.32724426700409
C14 374.975 69.1561190078198
C14 400.019 85.3772658858957
C14 424.965 89.60684980941065
C14 450.035 89.64627236698425
C14 475.003 89.13039190405124
C14 500.018 88.39291063223055
C14 525.002 87.94827714651755
C14 550.029 88.39143257500459
C14 575.023 89.36562625120543
C14 599.982 90.60075091529093
C14 619.997 91.41188870553853
C14 624.979 91.78405119789126
C14 650.012 92.90577346095805
C14 675.004 94.38094385639683
C14 700.03 95.30573039053412
C14 725.012 96.15985501177
C14 750.022 97.3477511285573
C14 774.987 98.27503188426341
C14 799.976 98.88646258828284
C14 824.988 98.6194346143411
C14 850.022 97.76673416282814
C14 869.967 95.40325137458849
C14 875.002 94.30179851087559
C14 899.999 88.41072430108923
C14 919.999 80.6904003098852
C14 925.012 77.95546326504692
C14 949.965 63.85197593371115
C14 975.002 48.39967285421925
C14 999.976 31.421643278678285
C14 1025.028 15.650522485725718
C14 1050.014 6.280652469524506
C14 1075.002 0.9274185110738639
C14 1099.99 0.09201761266687204
C15 319.994 45.73492428207718
C15 324.969 46.381916888988876
C15 349.982 52.16448861142488
C15 374.975 68.9905842967272
C15 400.019 85.40550293748328
C15 424.965 89.75003660317535
C15 450.035 89.88260755884319
C15 475.003 89.3666963030513
C15 500.018 88.578114281929
C15 525.002 88.12963938707146
C15 550.029 88.56220977032052
C15 575.023 89.49962137659621
C15 599.982 90.7399808266903
C15 619.997 91.53144198011734
C15 624.979 91.90395859034712
C15 650.012 93.01980711558367
C15 675.004 94.46262191456044
C15 700.03 95.4413498392305
C15 725.012 96.29583627655816
C15 750.022 97.52297789198055
C15 774.987 98.42400003728173
C15 799.976 99.08931054611617
C15 824.988 98.80976527504211
C15 850.022 97.99837344370879
C15 869.967 95.72061797457471
C15 875.002 94.64579323557321
C15 899.999 88.71006938041937
C15 919.999 81.02539582157686
C15 925.012 78.2805819672547
C15 949.965 64.11185226617937
C15 975.002 48.705715380354505
C15 999.976 31.64555740108888
C15 1025.028 15.795532794101874
C15 1050.014 6.364780965660728
C15 1075.002 0.9290879073091657
C15 1099.99 0.09218324862769586
C16 319.994 45.7181306266687
C16 324.969 46.32807942435482
C16 349.982 51.944612202634154
C16 374.975 68.69174729956849
C16 400.019 85.23763566733096
C16 424.965 89.7399596401088
C16 450.035 89.89577150601188
C16 475.003 89.3802374627412
C16 500.018 88.59474242572104
C16 525.002 88.1030728480778
C16 550.029 88.49227148960264
C16 575.023 89.4476122379578
C16 599.982 90.64381472842639
C16 619.997 91.45833203493544
C16 624.979 91.82827744144923
C16 650.012 92.94173952012304
C16 675.004 94.41139029560861
C16 700.03 95.34258174439174
C16 725.012 96.2523182687543
C16 750.022 97.47966003775936
C16 774.987 98.48302224952872
C16 799.976 99.14638511003938
C16 824.988 98.90825623415101
C16 850.022 98.14515530374705
C16 869.967 95.89000949124129
C16 875.002 94.79663205476814
C16 899.999 88.9221859887738
C16 919.999 81.20280117976544
C16 925.012 78.47132063333578
C16 949.965 64.36831444041992
C16 975.002 49.00293190331496
C16 999.976 31.818955838516462
C16 1025.028 15.886807639188993
C16 1050.014 6.423924905927953
C16 1075.002 0.9286746770673259
C16 1099.99 0.09214224830272735
C17 319.994 45.529439685702755
C17 324.969 46.10769878250003
C17 349.982 51.58426646987437
C17 374.975 68.20281828636506
C17 400.019 84.82644322635527
C17 424.965 89.4003375013713
C17 450.035 89.56243880869943
C17 475.003 89.00664310245082
C17 500.018 88.19983940708975
C17 525.002 87.70218831661023
C17 550.029 88.09365793147704
C17 575.023 89.08732809091576
C17 599.982 90.30027419839716
C17 619.997 91.13748584189644
C17 624.979 91.51075687716863
C17 650.012 92.6358740529263
C17 675.004 94.11165260732784
C17 700.03 95.04892564573859
C17 725.012 95.99609858827739
C17 750.022 97.2539560804267
C17 774.987 98.30118271966226
C17 799.976 98.99114291202545
C17 824.988 98.76541586004863
C17 850.022 98.02293844687563
C17 869.967 95.76401281094307
C17 875.002 94.64192103356979
C17 899.999 88.68043125375301
C17 919.999 80.98105410479812
C17 925.012 78.27750268136728
C17 949.965 64.43856834794124
C17 975.002 48.99166556607439
C17 999.976 31.676567734528806
C17 1025.028 15.771670253028104
C17 1050.014 6.388406305493484
C17 1075.002 0.9265240816096032
C17 1099.99 0.09192886819712355
