lsstCam/transmission_sensor/r20_s11/19700101T000000.ecsv
# %ECSV 1.0
# ---
# datatype:
# - {name: amp_name, datatype: string}
# - {name: wavelength, unit: nm, datatype: float32}
# - {name: efficiency, unit: '%', datatype: float64}
# meta: !!omap
# - {MODE: AMP}
# - {TYPE: transmission_sensor}
# - {CALIBDATE: '1970-01-01T00:00:00'}
# - {INSTRUME: LSSTCAM}
# - {OBSTYPE: transmission_sensor}
# - {DETECTOR: 76}
# - {PARQUETFILE: qe_raft_allvalues_nircorrected_20230725.parquet}
# - {CALIBCLS: lsst.ip.isr.IntermediateSensorTransmissionCurve}
# - {CALIB_ID: 'raftName=R20 detectorName=S11 detector=76 calibDate=1970-01-01T00:00:00 ccd=76 ccdnum=76 filter=None'}
# - {DATE: '2024-01-18T22:42:25.243140'}
# - {CALIB_CREATION_DATE: '2024-01-18'}
# - {CALIB_CREATION_TIME: '22:42:25'}
# - __serialized_columns__:
#     efficiency:
#       __class__: astropy.units.quantity.Quantity
#       unit: !astropy.units.Unit {unit: '%'}
#       value: !astropy.table.SerializedColumn {name: efficiency}
#     wavelength:
#       __class__: astropy.units.quantity.Quantity
#       unit: !astropy.units.Unit {unit: nm}
#       value: !astropy.table.SerializedColumn {name: wavelength}
# schema: astropy-2.0
amp_name wavelength efficiency
C00 319.994 45.69437789916992
C00 324.969 46.612850189208984
C00 349.982 53.432456970214844
C00 374.975 70.25000762939453
C00 400.019 85.35753631591797
C00 424.965 88.68324279785156
C00 450.035 88.4001235961914
C00 475.003 87.84933471679688
C00 500.018 87.21504974365234
C00 525.002 86.99197387695312
C00 550.029 87.6078109741211
C00 575.023 88.7637710571289
C00 599.982 90.0895767211914
C00 619.997 90.99659729003906
C00 624.979 91.38135528564453
C00 650.012 92.54679107666016
C00 675.004 93.99304962158203
C00 700.03 94.92607116699219
C00 725.012 95.80573272705078
C00 750.022 96.94718933105469
C00 774.987 97.83654022216797
C00 799.976 98.42952728271484
C00 824.988 98.03019714355469
C00 850.022 97.05419921875
C00 869.967 94.79017639160156
C00 875.002 93.7102279663086
C00 899.999 87.8525619506836
C00 919.999 79.7476577758789
C00 925.012 76.90186309814453
C00 949.965 62.734458923339844
C00 975.002 47.760650634765625
C00 999.976 30.81894302368164
C00 1025.028 15.136861801147461
C00 1050.014 6.061695098876953
C00 1075.002 0.9236027289350642
C00 1099.99 0.09163901426854734
C01 319.994 45.62934875488281
C01 324.969 46.48337173461914
C01 349.982 53.059024810791016
C01 374.975 69.88394165039062
C01 400.019 85.28948974609375
C01 424.965 88.8519058227539
C01 450.035 88.65975189208984
C01 475.003 88.10809326171875
C01 500.018 87.43311309814453
C01 525.002 87.1551284790039
C01 550.029 87.7131118774414
C01 575.023 88.82877349853516
C01 599.982 90.1206283569336
C01 619.997 91.01632690429688
C01 624.979 91.3990249633789
C01 650.012 92.55440521240234
C01 675.004 94.0001449584961
C01 700.03 94.91991424560547
C01 725.012 95.80045318603516
C01 750.022 96.93086242675781
C01 774.987 97.82545471191406
C01 799.976 98.41998291015625
C01 824.988 98.04264831542969
C01 850.022 97.09675598144531
C01 869.967 94.74248504638672
C01 875.002 93.62274932861328
C01 899.999 87.8458480834961
C01 919.999 79.9062728881836
C01 925.012 77.07872772216797
C01 949.965 62.89020919799805
C01 975.002 47.746368408203125
C01 999.976 30.80483055114746
C01 1025.028 15.190635681152344
C01 1050.014 6.040520668029785
C01 1075.002 0.9234471918172807
C01 1099.99 0.09162358201860987
C02 319.994 45.562503814697266
C02 324.969 46.3482551574707
C02 349.982 52.63147735595703
C02 374.975 69.37455749511719
C02 400.019 85.01876068115234
C02 424.965 88.8199462890625
C02 450.035 88.6929702758789
C02 475.003 88.15755462646484
C02 500.018 87.49043273925781
C02 525.002 87.12840270996094
C02 550.029 87.63462829589844
C02 575.023 88.69769287109375
C02 599.982 89.9816665649414
C02 619.997 90.82452392578125
C02 624.979 91.20320129394531
C02 650.012 92.33941650390625
C02 675.004 93.81864166259766
C02 700.03 94.72611236572266
C02 725.012 95.57502746582031
C02 750.022 96.73441314697266
C02 774.987 97.6414566040039
C02 799.976 98.20303344726562
C02 824.988 97.89163970947266
C02 850.022 96.95510864257812
C02 869.967 94.48382568359375
C02 875.002 93.36805725097656
C02 899.999 87.60242462158203
C02 919.999 79.88604736328125
C02 925.012 77.1055908203125
C02 949.965 62.95974349975586
C02 975.002 47.745147705078125
C02 999.976 30.847599029541016
C02 1025.028 15.33056640625
C02 1050.014 6.077197074890137
C02 1075.002 0.9215754692291009
C02 1099.99 0.09143787142292688
C03 319.994 45.4867057800293
C03 324.969 46.225467681884766
C03 349.982 52.357826232910156
C03 374.975 69.12450408935547
C03 400.019 85.03353118896484
C03 424.965 89.02439880371094
C03 450.035 89.00114440917969
C03 475.003 88.47653198242188
C03 500.018 87.754638671875
C03 525.002 87.37614440917969
C03 550.029 87.84310913085938
C03 575.023 88.86261749267578
C03 599.982 90.09137725830078
C03 619.997 90.94043731689453
C03 624.979 91.31681060791016
C03 650.012 92.44286346435547
C03 675.004 93.8911361694336
C03 700.03 94.79961395263672
C03 725.012 95.68083190917969
C03 750.022 96.82237243652344
C03 774.987 97.73872375488281
C03 799.976 98.34314727783203
C03 824.988 98.01725769042969
C03 850.022 97.09449005126953
C03 869.967 94.61688995361328
C03 875.002 93.45683288574219
C03 899.999 87.66211700439453
C03 919.999 80.02588653564453
C03 925.012 77.2756118774414
C03 949.965 63.15010452270508
C03 975.002 47.84467697143555
C03 999.976 30.966920852661133
C03 1025.028 15.412784576416016
C03 1050.014 6.104828357696533
C03 1075.002 0.9224134635090092
C03 1099.99 0.09152101644552986
C04 319.994 45.37034225463867
C04 324.969 46.060546875
C04 349.982 51.9981803894043
C04 374.975 68.69956970214844
C04 400.019 84.79476928710938
C04 424.965 88.9544677734375
C04 450.035 88.99828338623047
C04 475.003 88.47380065917969
C04 500.018 87.73224639892578
C04 525.002 87.32158660888672
C04 550.029 87.76161193847656
C04 575.023 88.75820922851562
C04 599.982 89.97222900390625
C04 619.997 90.80706787109375
C04 624.979 91.17910766601562
C04 650.012 92.29878997802734
C04 675.004 93.7449722290039
C04 700.03 94.66446685791016
C04 725.012 95.5478744506836
C04 750.022 96.710205078125
C04 774.987 97.63953399658203
C04 799.976 98.2638931274414
C04 824.988 97.95921325683594
C04 850.022 97.06173706054688
C04 869.967 94.60575866699219
C04 875.002 93.45632934570312
C04 899.999 87.70331573486328
C04 919.999 80.08846282958984
C04 925.012 77.34259796142578
C04 949.965 63.24958038330078
C04 975.002 47.95083236694336
C04 999.976 31.07957649230957
C04 1025.028 15.500391006469727
C04 1050.014 6.1556715965271
C04 1075.002 0.9213447144851713
C04 1099.99 0.09141497614922421
C05 319.994 45.22250747680664
C05 324.969 45.87473678588867
C05 349.982 51.61350631713867
C05 374.975 68.2199935913086
C05 400.019 84.44735717773438
C05 424.965 88.73358917236328
C05 450.035 88.8259506225586
C05 475.003 88.2900390625
C05 500.018 87.52906036376953
C05 525.002 87.09929656982422
C05 550.029 87.5232925415039
C05 575.023 88.51513671875
C05 599.982 89.72574615478516
C05 619.997 90.560791015625
C05 624.979 90.93175506591797
C05 650.012 92.05068969726562
C05 675.004 93.49656677246094
C05 700.03 94.41983032226562
C05 725.012 95.3220443725586
C05 750.022 96.50556945800781
C05 774.987 97.46195220947266
C05 799.976 98.10629272460938
C05 824.988 97.82416534423828
C05 850.022 96.96300506591797
C05 869.967 94.57674407958984
C05 875.002 93.45655822753906
C05 899.999 87.7757568359375
C05 919.999 80.15220642089844
C05 925.012 77.40596008300781
C05 949.965 63.400333404541016
C05 975.002 48.140419006347656
C05 999.976 31.24759292602539
C05 1025.028 15.592660903930664
C05 1050.014 6.210939407348633
C05 1075.002 0.9193949512231591
C05 1099.99 0.09122152242957805
C06 319.994 45.20326614379883
C06 324.969 45.81577682495117
C06 349.982 51.406463623046875
C06 374.975 67.95868682861328
C06 400.019 84.340576171875
C06 424.965 88.74745178222656
C06 450.035 88.88469696044922
C06 475.003 88.33812713623047
C06 500.018 87.5531005859375
C06 525.002 87.1149673461914
C06 550.029 87.53138732910156
C06 575.023 88.5447006225586
C06 599.982 89.7500228881836
C06 619.997 90.60286712646484
C06 624.979 90.97576141357422
C06 650.012 92.09760284423828
C06 675.004 93.54399871826172
C06 700.03 94.47987365722656
C06 725.012 95.41277313232422
C06 750.022 96.6190185546875
C06 774.987 97.61102294921875
C06 799.976 98.28997802734375
C06 824.988 98.01969146728516
C06 850.022 97.19102478027344
C06 869.967 94.8530044555664
C06 875.002 93.73185729980469
C06 899.999 88.05610656738281
C06 919.999 80.41032409667969
C06 925.012 77.6695556640625
C06 949.965 63.74793243408203
C06 975.002 48.44314956665039
C06 999.976 31.446802139282227
C06 1025.028 15.65013599395752
C06 1050.014 6.246055603027344
C06 1075.002 0.9204755174713062
C06 1099.99 0.09132873522002341
C07 319.994 44.805030822753906
C07 324.969 45.39049530029297
C07 349.982 50.82294845581055
C07 374.975 67.21154022216797
C07 400.019 83.6788558959961
C07 424.965 88.18882751464844
C07 450.035 88.3335952758789
C07 475.003 87.75082397460938
C07 500.018 86.9593276977539
C07 525.002 86.51651000976562
C07 550.029 86.94707489013672
C07 575.023 87.99691772460938
C07 599.982 89.22469329833984
C07 619.997 90.09798431396484
C07 624.979 90.47110748291016
C07 650.012 91.6062240600586
C07 675.004 93.06135559082031
C07 700.03 93.9945068359375
C07 725.012 94.96138000488281
C07 750.022 96.19914245605469
C07 774.987 97.24136352539062
C07 799.976 97.9358139038086
C07 824.988 97.68814086914062
C07 850.022 96.89675903320312
C07 869.967 94.54801940917969
C07 875.002 93.39927673339844
C07 899.999 87.62297058105469
C07 919.999 80.01915740966797
C07 925.012 77.33790588378906
C07 949.965 63.73257064819336
C07 975.002 48.38172912597656
C07 999.976 31.308942794799805
C07 1025.028 15.484498023986816
C07 1050.014 6.220923900604248
C07 1075.002 0.9164750191688459
C07 1099.99 0.09093180945363556
C10 319.994 45.76649856567383
C10 324.969 46.67395782470703
C10 349.982 53.45987319946289
C10 374.975 70.26774597167969
C10 400.019 85.37699127197266
C10 424.965 88.74085235595703
C10 450.035 88.428466796875
C10 475.003 87.87690734863281
C10 500.018 87.2664566040039
C10 525.002 86.9968032836914
C10 550.029 87.60566711425781
C10 575.023 88.73602294921875
C10 599.982 90.06835174560547
C10 619.997 90.94847106933594
C10 624.979 91.33304595947266
C10 650.012 92.48882293701172
C10 675.004 93.97036743164062
C10 700.03 94.87993621826172
C10 725.012 95.72526550292969
C10 750.022 96.8743896484375
C10 774.987 97.7763900756836
C10 799.976 98.33577728271484
C10 824.988 97.99114990234375
C10 850.022 97.06698608398438
C10 869.967 94.74152374267578
C10 875.002 93.6520004272461
C10 899.999 87.80776977539062
C10 919.999 79.85511016845703
C10 925.012 77.04379272460938
C10 949.965 62.77754211425781
C10 975.002 47.70659255981445
C10 999.976 30.876665115356445
C10 1025.028 15.404062271118164
C10 1050.014 6.2530341148376465
C10 1075.002 0.922909078315775
C10 1099.99 0.0915701908913452
C11 319.994 45.716312408447266
C11 324.969 46.56651306152344
C11 349.982 53.130340576171875
C11 374.975 69.97360229492188
C11 400.019 85.37862396240234
C11 424.965 88.96350860595703
C11 450.035 88.757080078125
C11 475.003 88.21487426757812
C11 500.018 87.55745697021484
C11 525.002 87.24575805664062
C11 550.029 87.79666900634766
C11 575.023 88.89153289794922
C11 599.982 90.17897033691406
C11 619.997 91.05624389648438
C11 624.979 91.43640899658203
C11 650.012 92.58248138427734
C11 675.004 94.04838562011719
C11 700.03 94.9529800415039
C11 725.012 95.80760955810547
C11 750.022 96.94129180908203
C11 774.987 97.84392547607422
C11 799.976 98.42493438720703
C11 824.988 98.09825134277344
C11 850.022 97.19245147705078
C11 869.967 94.84705352783203
C11 875.002 93.7306900024414
C11 899.999 87.9303970336914
C11 919.999 80.18009185791016
C11 925.012 77.41781616210938
C11 949.965 63.27230453491211
C11 975.002 47.94120407104492
C11 999.976 31.04994010925293
C11 1025.028 15.42436408996582
C11 1050.014 6.226634979248047
C11 1075.002 0.9235464993371836
C11 1099.99 0.09163343521950269
C12 319.994 45.495609283447266
C12 324.969 46.28899002075195
C12 349.982 52.5949821472168
C12 374.975 69.36971282958984
C12 400.019 85.00617218017578
C12 424.965 88.80818939208984
C12 450.035 88.69474029541016
C12 475.003 88.16827392578125
C12 500.018 87.4822006225586
C12 525.002 87.12478637695312
C12 550.029 87.62327575683594
C12 575.023 88.67317962646484
C12 599.982 89.93141174316406
C12 619.997 90.78026580810547
C12 624.979 91.15861511230469
C12 650.012 92.28954315185547
C12 675.004 93.75011444091797
C12 700.03 94.65386962890625
C12 725.012 95.50394439697266
C12 750.022 96.63790893554688
C12 774.987 97.54214477539062
C12 799.976 98.1279525756836
C12 824.988 97.82870483398438
C12 850.022 96.95941162109375
C12 869.967 94.56263732910156
C12 875.002 93.42657470703125
C12 899.999 87.54339599609375
C12 919.999 79.98434448242188
C12 925.012 77.29462432861328
C12 949.965 63.363922119140625
C12 975.002 47.921199798583984
C12 999.976 31.0403995513916
C12 1025.028 15.421791076660156
C12 1050.014 6.199117660522461
C12 1075.002 0.9206561763583954
C12 1099.99 0.09134666002883249
C13 319.994 45.32980728149414
C13 324.969 46.06344985961914
C13 349.982 52.15497589111328
C13 374.975 68.87924194335938
C13 400.019 84.74474334716797
C13 424.965 88.75133514404297
C13 450.035 88.72514343261719
C13 475.003 88.21027374267578
C13 500.018 87.50041961669922
C13 525.002 87.09928131103516
C13 550.029 87.56877899169922
C13 575.023 88.5701904296875
C13 599.982 89.80845642089844
C13 619.997 90.63582611083984
C13 624.979 91.00933837890625
C13 650.012 92.13172149658203
C13 675.004 93.59133911132812
C13 700.03 94.4991683959961
C13 725.012 95.34838104248047
C13 750.022 96.49874114990234
C13 774.987 97.40409851074219
C13 799.976 97.99917602539062
C13 824.988 97.7128677368164
C13 850.022 96.8436508178711
C13 869.967 94.4541244506836
C13 875.002 93.3357925415039
C13 899.999 87.45005798339844
C13 919.999 79.84915161132812
C13 925.012 77.15416717529297
C13 949.965 63.23366165161133
C13 975.002 47.83634948730469
C13 999.976 31.01758575439453
C13 1025.028 15.421701431274414
C13 1050.014 6.173692226409912
C13 1075.002 0.9193302719260644
C13 1099.99 0.09121510500913997
C14 319.994 45.29203796386719
C14 324.969 45.974239349365234
C14 349.982 51.85945129394531
C14 374.975 68.53787994384766
C14 400.019 84.614013671875
C14 424.965 88.8057861328125
C14 450.035 88.84485626220703
C14 475.003 88.33358764648438
C14 500.018 87.60269927978516
C14 525.002 87.16204071044922
C14 550.029 87.60123443603516
C14 575.023 88.56671905517578
C14 599.982 89.79080200195312
C14 619.997 90.59468841552734
C14 624.979 90.9635238647461
C14 650.012 92.0752182006836
C14 675.004 93.53720092773438
C14 700.03 94.45372009277344
C14 725.012 95.30020904541016
C14 750.022 96.47748565673828
C14 774.987 97.39647674560547
C14 799.976 98.00244140625
C14 824.988 97.73780059814453
C14 850.022 96.8927230834961
C14 869.967 94.55036926269531
C14 875.002 93.4587631225586
C14 899.999 87.62035369873047
C14 919.999 79.96904754638672
C14 925.012 77.25856018066406
C14 949.965 63.28115463256836
C14 975.002 47.96699142456055
C14 999.976 31.1407413482666
C14 1025.028 15.510610580444336
C14 1050.014 6.2245049476623535
C14 1075.002 0.9191276127351078
C14 1099.99 0.09119499735039244
C15 319.994 45.32606506347656
C15 324.969 45.9672737121582
C15 349.982 51.698150634765625
C15 374.975 68.37382507324219
C15 400.019 84.64199829101562
C15 424.965 88.94769287109375
C15 450.035 89.0790786743164
C15 475.003 88.56777954101562
C15 500.018 87.78624725341797
C15 525.002 87.34178161621094
C15 550.029 87.7704849243164
C15 575.023 88.69951629638672
C15 599.982 89.92878723144531
C15 619.997 90.71317291259766
C15 624.979 91.08235931396484
C15 650.012 92.188232421875
C15 675.004 93.61814880371094
C15 700.03 94.58812713623047
C15 725.012 95.43497467041016
C15 750.022 96.6511459350586
C15 774.987 97.54411315917969
C15 799.976 98.20347595214844
C15 824.988 97.92642974853516
C15 850.022 97.1222915649414
C15 869.967 94.86489868164062
C15 875.002 93.7996826171875
C15 899.999 87.91702270507812
C15 919.999 80.3010482788086
C15 925.012 77.58077239990234
C15 949.965 63.5387077331543
C15 975.002 48.27029800415039
C15 999.976 31.362653732299805
C15 1025.028 15.654324531555176
C15 1050.014 6.3078813552856445
C15 1075.002 0.9207820849697468
C15 1099.99 0.0913591525655809
C16 319.994 45.30942153930664
C16 324.969 45.913917541503906
C16 349.982 51.48023986816406
C16 374.975 68.0776596069336
C16 400.019 84.47563171386719
C16 424.965 88.93770599365234
C16 450.035 89.09212493896484
C16 475.003 88.5811996459961
C16 500.018 87.80272674560547
C16 525.002 87.3154525756836
C16 550.029 87.701171875
C16 575.023 88.6479721069336
C16 599.982 89.83348083496094
C16 619.997 90.64071655273438
C16 624.979 91.00735473632812
C16 650.012 92.1108627319336
C16 675.004 93.56737518310547
C16 700.03 94.49024200439453
C16 725.012 95.391845703125
C16 750.022 96.60821533203125
C16 774.987 97.60260772705078
C16 799.976 98.26004028320312
C16 824.988 98.02404022216797
C16 850.022 97.26776123046875
C16 869.967 95.03277587890625
C16 875.002 93.94917297363281
C16 899.999 88.12724304199219
C16 919.999 80.47686767578125
C16 925.012 77.76980590820312
C16 949.965 63.792877197265625
C16 975.002 48.564857482910156
C16 999.976 31.534502029418945
C16 1025.028 15.744783401489258
C16 1050.014 6.366496562957764
C16 1075.002 0.92037254890684
C16 1099.99 0.09131851877365234
C17 319.994 45.12241744995117
C17 324.969 45.69550704956055
C17 349.982 51.12311553955078
C17 374.975 67.59310150146484
C17 400.019 84.068115234375
C17 424.965 88.60111999511719
C17 450.035 88.76177215576172
C17 475.003 88.21094512939453
C17 500.018 87.4113540649414
C17 525.002 86.91815185546875
C17 550.029 87.30612182617188
C17 575.023 88.29090881347656
C17 599.982 89.49301147460938
C17 619.997 90.32273864746094
C17 624.979 90.69267272949219
C17 650.012 91.80773162841797
C17 675.004 93.27031707763672
C17 700.03 94.19921112060547
C17 725.012 95.1379165649414
C17 750.022 96.38452911376953
C17 774.987 97.42239379882812
C17 799.976 98.10618591308594
C17 824.988 97.88247680664062
C17 850.022 97.14663696289062
C17 869.967 94.90790557861328
C17 875.002 93.79584503173828
C17 899.999 87.88764953613281
C17 919.999 80.2571029663086
C17 925.012 77.57772064208984
C17 949.965 63.86250305175781
C17 975.002 48.55369186401367
C17 999.976 31.393386840820312
C17 1025.028 15.630675315856934
C17 1050.014 6.331295490264893
C17 1075.002 0.918241179255045
C17 1099.99 0.0911070462348503
