lsstCam/transmission_filter_detector/r12_s11/z_20/19700101T000000.ecsv
# %ECSV 1.0
# ---
# datatype:
# - {name: wavelength, unit: nm, datatype: float32}
# - {name: efficiency, unit: '%', datatype: float64}
# meta: !!omap
# - {MODE: DETECTOR}
# - {TYPE: transmission_filter_detector}
# - {CALIBDATE: '1970-01-01T00:00:00'}
# - {INSTRUME: LSSTCam}
# - {OBSTYPE: transmission_filter_detector}
# - {CALIBCLS: lsst.ip.isr.IntermediateFilterDetectorTransmissionCurve}
# - {SOURCE: Materion (DM-46256)}
# - {DETECTOR: 49}
# - {FILTER: z_20}
# - {CALIB_ID: 'calibDate=1970-01-01T00:00:00 filter=z_20 detector=49'}
# - {DATE: '2025-04-02T15:59:48.863988'}
# - {CALIB_CREATION_DATE: '2025-04-02'}
# - {CALIB_CREATION_TIME: '15:59:48'}
# - __serialized_columns__:
#     efficiency:
#       __class__: astropy.units.quantity.Quantity
#       unit: !astropy.units.Unit {unit: '%'}
#       value: !astropy.table.SerializedColumn {name: efficiency}
#     wavelength:
#       __class__: astropy.units.quantity.Quantity
#       unit: !astropy.units.Unit {unit: nm}
#       value: !astropy.table.SerializedColumn {name: wavelength}
# schema: astropy-2.0
wavelength efficiency
300.0 0.8710857480764389
301.0 0.5877934396266937
302.0 0.304501224309206
303.0 0.2972745802253485
304.0 0.29004791285842657
305.0 0.24487569462507963
306.0 0.19970345310866833
307.0 0.18448432674631476
308.0 0.16926521202549338
309.0 0.14704139903187752
310.0 0.12481756275519729
311.0 0.12638091575354338
312.0 0.12794429203495383
313.0 0.11346966493874788
314.0 0.09899507276713848
315.0 0.09730019955895841
316.0 0.09560533217154443
317.0 0.08012795588001609
318.0 0.06465059705078602
319.0 0.06488283397629857
320.0 0.06511507090181112
321.0 0.06382647552527487
322.0 0.06253788014873862
323.0 0.05543020088225603
324.0 0.048322524526156485
325.0 0.044383457861840725
326.0 0.040444391197524965
327.0 0.03993398859165609
328.0 0.03942358307540417
329.0 0.034793029772117734
330.0 0.030162482289597392
331.0 0.02760546049103141
332.0 0.025048444513231516
333.0 0.02421593526378274
334.0 0.02338342455914244
335.0 0.022245901345741004
336.0 0.021108378132339567
337.0 0.024999806191772223
338.0 0.02889122988563031
339.0 0.024708957062102854
340.0 0.020526688604149967
341.0 0.01725726033328101
342.0 0.013987833517603576
343.0 0.013963789388071746
344.0 0.013939746713731438
345.0 0.013082654913887382
346.0 0.012225563114043325
347.0 0.011624836042756215
348.0 0.01102411188185215
349.0 0.01359477173537016
350.0 0.016165434499271214
351.0 0.013518406194634736
352.0 0.01087137425201945
353.0 0.011385379184503108
354.0 0.011899383389391005
355.0 0.010200472752330825
356.0 0.008501563570462167
357.0 0.009454419341636822
358.0 0.010407278750790283
359.0 0.01017432805383578
360.0 0.009941375901689753
361.0 0.009085936471819878
362.0 0.008230498497141525
363.0 0.009360083640785888
364.0 0.010489668056834489
365.0 0.010214888607151806
366.0 0.009940111340256408
367.0 0.008667606016388163
368.0 0.007395099964924157
369.0 0.007914801244623959
370.0 0.008434503979515284
371.0 0.008401305240113288
372.0 0.008368107955902815
373.0 0.007315137918340042
374.0 0.006262170063564554
375.0 0.006536459841299802
376.0 0.006810748891439289
377.0 0.007153116894187406
378.0 0.007495482714148238
379.0 0.006313324411166832
380.0 0.005131165380589664
381.0 0.0032929983717622235
382.0 0.001454831362934783
383.0 0.0036599452869268134
384.0 0.0058650595747167245
385.0 0.005586845509242266
386.0 0.00530863217136357
387.0 0.005958238398307003
388.0 0.006607844989048317
389.0 0.0058464975154493
390.0 0.005085150769446045
391.0 0.00469922051706817
392.0 0.004313290264690295
393.0 0.004812709812540561
394.0 0.005312129724188708
395.0 0.004381909457151778
396.0 0.0034516888263169676
397.0 0.0036417743103811517
398.0 0.003831859430647455
399.0 0.004074699972989038
400.0 0.004317539787734859
401.0 0.004621278276317753
402.0 0.004925016401102766
403.0 0.00499642119393684
404.0 0.005067826350568794
405.0 0.004155462738708593
406.0 0.003243099126848392
407.0 0.0017833266610978171
408.0 0.0003235547865187982
409.0 0.001973047801584471
410.0 0.0036225414078217
411.0 0.004211324630887248
412.0 0.004800107853952795
413.0 0.0047173529310384765
414.0 0.004634597280528396
415.0 0.0038165719161042944
416.0 0.0029985467335791327
417.0 0.003932277104468085
418.0 0.004866008021053858
419.0 0.004302313027437776
420.0 0.003738617670023814
421.0 0.00383878214051947
422.0 0.003938946974813007
423.0 0.003704810660565272
424.0 0.0034706750739132985
425.0 0.002465909710736014
426.0 0.0014611440747103188
427.0 0.0017591002688277513
428.0 0.002057056553894654
429.0 0.0014252634173317347
430.0 0.0007934707355161663
431.0 0.0008018304470169824
432.0 0.0008101899766188581
433.0 0.0007591307621623855
434.0 0.000708071547705913
435.0 0.0011646306120383088
436.0 0.0016211897673201747
437.0 0.0018235687093692832
438.0 0.002025947833317332
439.0 0.0020880706870229915
440.0 0.0021501937226275913
441.0 0.0015851335774641484
442.0 0.0010200738870480563
443.0 0.002283356661791913
444.0 0.0035466397093841806
445.0 0.003422318695811555
446.0 0.003297997682238929
447.0 0.0025758658011909574
448.0 0.0018537337382440455
449.0 0.0025352719603688456
450.0 0.003216810364392586
451.0 0.002566057810327038
452.0 0.0019153047105646692
453.0 0.0017614765965845436
454.0 0.0016076488464022987
455.0 0.00235193656408228
456.0 0.0030962244636612013
457.0 0.002309511910425499
458.0 0.0015227996300382074
459.0 0.0015914680261630565
460.0 0.0016601365132373758
461.0 0.0007564462976006325
462.0 1.5810777166669343e-10
463.0 0.0008655483725306112
464.0 0.0018783410268952139
465.0 0.0021745059711975046
466.0 0.0024706709154997952
467.0 0.0021563739210250787
468.0 0.0018420760170556605
469.0 0.0016528247215319425
470.0 0.0014635729712608736
471.0 0.0013242612112662755
472.0 0.001184949815069558
473.0 0.0011699949027388357
474.0 0.0011550400813575834
475.0 0.0010197395567956846
476.0 0.0008844390322337858
477.0 0.001321586751146242
478.0 0.0017587342881597579
479.0 0.0020776215023943223
480.0 0.0023965087166288868
481.0 0.0018789960449794307
482.0 0.0013614833733299747
483.0 0.0009453037819184829
484.0 0.0005291240995575208
485.0 0.00131950810100534
486.0 0.0021098921934026293
487.0 0.0014368732081493363
488.0 0.0007638544047949836
489.0 0.0016393903933931142
490.0 0.002514926563890185
491.0 0.002344455788261257
492.0 0.002173985012632329
493.0 0.0019673441784107126
494.0 0.001760703707986977
495.0 0.0016311892977682874
496.0 0.0015016750694485381
497.0 0.0012851779501943383
498.0 0.0010686808309401385
499.0 0.0011934919712075498
500.0 0.0013183033843233716
501.0 0.0009111739927902818
502.0 0.0005040445557824569
503.0 0.0013233780009613838
504.0 0.002142711491615046
505.0 0.0022587348212255165
506.0 0.002374757968937047
507.0 0.0022600141164730303
508.0 0.002145269900211133
509.0 0.0018471509974915534
510.0 0.0015490322766709141
511.0 0.0012032262020511553
512.0 0.0008574202183808666
513.0 0.0012861101822636556
514.0 0.0017148004189948551
515.0 0.0013536669030145276
516.0 0.000992533841781551
517.0 0.0009301967111241538
518.0 0.0008678596714162268
519.0 0.0010909866432484705
520.0 0.0013141133422323037
521.0 0.001609398350410629
522.0 0.0019046834495384246
523.0 0.0012864444215665571
524.0 0.00066820557549363
525.0 0.0007560494395875139
526.0 0.0008438934855803382
527.0 0.0011929137144761626
528.0 0.0015419342162203975
529.0 0.0013038113138463814
530.0 0.0010656878657755442
531.0 0.001140369931817986
532.0 0.0012150519069109578
533.0 0.0008853324288793374
534.0 0.0005556129053729819
535.0 0.0011171419828315265
536.0 0.0016786711057648063
537.0 0.0016759355276008137
538.0 0.001673199949436821
539.0 0.001181232073577121
540.0 0.0006892639703437453
541.0 0.000768133486417355
542.0 0.0008470029570162296
543.0 0.0012596189662872348
544.0 0.0016722351574571803
545.0 0.0011212316167075187
546.0 0.0005702283942810027
547.0 0.0012253763088665437
548.0 0.001880523814179469
549.0 0.0016518910342711024
550.0 0.0014232581634132657
551.0 0.0015280691513908096
552.0 0.0016328798665199429
553.0 0.0014085529983276501
554.0 0.0011842255844385363
555.0 0.0010618316991894972
556.0 0.0009394376320415176
557.0 0.0013533991477743257
558.0 0.0017673604816081934
559.0 0.0017469314116169699
560.0 0.0017265017959289253
561.0 0.0015743953554192558
562.0 0.0014222888239601161
563.0 0.0011902518053830136
564.0 0.000958214786805911
565.0 0.0017103684513131157
566.0 0.002462522388668731
567.0 0.002831533129210584
568.0 0.003200543505954556
569.0 0.003014212597918231
570.0 0.0028278815079829656
571.0 0.002628732363518793
572.0 0.0024295824914588593
573.0 0.001981584864552133
574.0 0.0015335874195443466
575.0 0.0019451807020232081
576.0 0.0023567738026031293
577.0 0.001971683195733931
578.0 0.0015865931345615536
579.0 0.0017380847566528246
580.0 0.0018895760149462149
581.0 0.00169418581208447
582.0 0.0014987952454248443
583.0 0.001962912574526854
584.0 0.0024270299036288634
585.0 0.002583458808658179
586.0 0.0027398878955864348
587.0 0.0021176178051973693
588.0 0.0014953471691114828
589.0 0.0020052038962603547
590.0 0.0025150606234092265
591.0 0.001584430538059678
592.0 0.0006538004527101293
593.0 0.0005691679234587355
594.0 0.00048453521230840124
595.0 0.0009474944818066433
596.0 0.0014104536603554152
597.0 0.001372894439555239
598.0 0.0013353352187550627
599.0 0.0009695454536995385
600.0 0.0006037558250682196
601.0 0.0005532477189262863
602.0 0.0005027394763601478
603.0 0.000961761088547064
604.0 0.0014207823369360995
605.0 0.000886012458067853
606.0 0.0003512424882501364
607.0 0.0007698426998103969
608.0 0.0011884430023201276
609.0 0.0011699964488798287
610.0 0.0011515496225911193
611.0 0.0010179502169194166
612.0 0.000884350356500363
613.0 0.000815938528830884
614.0 0.0007475266102119349
615.0 0.0011980980161752086
616.0 0.0016486696040374227
617.0 0.002138497984560672
618.0 0.0026283263650839217
619.0 0.002164989200537093
620.0 0.0017016514902934432
621.0 0.001472552503400948
622.0 0.0012434531527105719
623.0 0.0015443694792338647
624.0 0.0018452858057571575
625.0 0.0016729791241232306
626.0 0.001500672624388244
627.0 0.0019148668798152357
628.0 0.002329061499040108
629.0 0.002117304757121019
630.0 0.0019055481971008703
631.0 0.0016570285879424773
632.0 0.001408508796885144
633.0 0.0017620488506508991
634.0 0.002115589268214535
635.0 0.0050366015784675255
636.0 0.007957613706821576
637.0 0.015273284225258976
638.0 0.022588955471292138
639.0 0.019810441881418228
640.0 0.017031928291544318
641.0 0.014780611672904342
642.0 0.01252929650945589
643.0 0.010053162259282544
644.0 0.007577030191896483
645.0 0.006837410910520703
646.0 0.006097791992942803
647.0 0.0055940581660252064
648.0 0.00509032397530973
649.0 0.004169722888036631
650.0 0.0032491221645614132
651.0 0.003664888208732009
652.0 0.004080654252902605
653.0 0.0032933876354945824
654.0 0.002506120472389739
655.0 0.002747745384112932
656.0 0.002989371023431886
657.0 0.002925650915130973
658.0 0.0028619308068300597
659.0 0.002697316449484788
660.0 0.0025327022740384564
661.0 0.0027279098503640853
662.0 0.002923117244790774
663.0 0.002008851333812345
664.0 0.0010945853318844456
665.0 0.0015913907191134058
666.0 0.002088196197291836
667.0 0.0024334156478289515
668.0 0.002778635098366067
669.0 0.001998314110096544
670.0 0.0012179932127764914
671.0 0.0008974505362857599
672.0 0.0005769079507444985
673.0 0.001262403111468302
674.0 0.0019478986359899864
675.0 0.0020689776647486724
676.0 0.002190056511608418
677.0 0.0019390368834137917
678.0 0.0016880167095223442
679.0 0.0014073307283979375
680.0 0.0011266445653745905
681.0 0.0012192711437819526
682.0 0.0013118977221893147
683.0 0.002388506618444808
684.0 0.0034651158784981817
685.0 0.0029155144147807732
686.0 0.002365913496760186
687.0 0.001755574885464739
688.0 0.0011452362741692923
689.0 0.0015051615264383145
690.0 0.0018650865968083963
691.0 0.00214419615076622
692.0 0.002423305340926163
693.0 0.0027392527044867165
694.0 0.00305520006804727
695.0 0.0032633517548674718
696.0 0.003471502714091912
697.0 0.0036262186767999083
698.0 0.0037809346395079046
699.0 0.005636620699078776
700.0 0.007492306031053886
701.0 0.007146231655497104
702.0 0.006800156552344561
703.0 0.006305058195721358
704.0 0.005809959475300275
705.0 0.005213306576479226
706.0 0.004616653677658178
707.0 0.004373917545308359
708.0 0.004131181049160659
709.0 0.004283966336515732
710.0 0.004436751260072924
711.0 0.004002014247816987
712.0 0.0035672772355610505
713.0 0.002526530261093285
714.0 0.0014857833775749896
715.0 0.00219691628444707
716.0 0.0029080491003696807
717.0 0.0025167328203679062
718.0 0.0021254159946693107
719.0 0.001684057860984467
720.0 0.0012426994544512127
721.0 0.001180829440272646
722.0 0.001118959244195139
723.0 0.0009981173207052052
724.0 0.0008772754881647415
725.0 0.0012710142982541583
726.0 0.0016647532902425155
727.0 0.0016903444702620618
728.0 0.0017159354683826678
729.0 0.0018056414774036966
730.0 0.0018953474864247255
731.0 0.0014234567061066628
732.0 0.0009515660167380702
733.0 0.0009595358278602362
734.0 0.0009675056389824022
735.0 0.0010722828847065102
736.0 0.0011770597666327376
737.0 0.0013337362361198757
738.0 0.0014904124327586032
739.0 0.0012115542631363496
740.0 0.0009326960025646258
741.0 0.0010446481610415503
742.0 0.0011566000466700643
743.0 0.0015822022760403343
744.0 0.002007804505410604
745.0 0.0013305437278177124
746.0 0.0006532828592753503
747.0 0.0011741042726498563
748.0 0.001694925595074892
749.0 0.002342199695704039
750.0 0.0029894739782321267
751.0 0.002964834675367456
752.0 0.002940195190603845
753.0 0.002924415275629144
754.0 0.002908634996856563
755.0 0.0019212828192394227
756.0 0.0009339305506728124
757.0 0.0018980885215569288
758.0 0.0028622467652894557
759.0 0.0027149420930072665
760.0 0.002567637238826137
761.0 0.004297527630114928
762.0 0.00602741856710054
763.0 0.005657924339175224
764.0 0.0052884304750477895
765.0 0.005370496364776045
766.0 0.005452562254504301
767.0 0.0045836641220375896
768.0 0.00371476671716664
769.0 0.0033593449188629165
770.0 0.003003924575750716
771.0 0.003930288221454248
772.0 0.00485665223095566
773.0 0.00395877577830106
774.0 0.00306089932564646
775.0 1.5810777166669343e-10
776.0 0.11696710716933012
777.0 1.5810777166669343e-10
778.0 1.5810777166669343e-10
779.0 0.10347561910748482
780.0 0.1807295368053019
781.0 1.5810777166669343e-10
782.0 1.5810777166669343e-10
783.0 0.058856006944552064
784.0 0.09369234321638942
785.0 0.08171836961992085
786.0 1.5810777166669343e-10
787.0 0.06173176225274801
788.0 0.09321809047833085
789.0 1.5810777166669343e-10
790.0 0.03549174580257386
791.0 0.050382071640342474
792.0 0.09218381019309163
793.0 0.021208215912338346
794.0 0.042915489757433534
795.0 0.07403485360555351
796.0 0.03161013300996274
797.0 0.11523652356117964
798.0 1.5810777166669343e-10
799.0 0.04467132966965437
800.0 0.13750300277024508
801.0 0.20694464910775423
802.0 0.3698698943480849
803.0 0.6883807945996523
804.0 1.1874920688569546
805.0 1.79190244525671
806.0 2.987661398947239
807.0 4.437721520662308
808.0 6.182358413934708
809.0 8.378851413726807
810.0 11.161012947559357
811.0 14.348669350147247
812.0 17.42972731590271
813.0 20.48124223947525
814.0 23.27425926923752
815.0 26.603931188583374
816.0 30.709072947502136
817.0 35.83754301071167
818.0 41.26525819301605
819.0 46.82922661304474
820.0 54.05952334403992
821.0 61.78990602493286
822.0 68.27024221420288
823.0 74.58983063697815
824.0 80.65972924232483
825.0 85.66922545433044
826.0 89.85697031021118
827.0 93.3803379535675
828.0 96.4116632938385
829.0 98.07437658309937
830.0 98.66279363632202
831.0 99.05695915222168
832.0 98.84870648384094
833.0 99.76961612701416
834.0 98.9529550075531
835.0 99.57678318023682
836.0 99.08307194709778
837.0 99.43134784698486
838.0 98.58938455581665
839.0 98.7348735332489
840.0 99.25106763839722
841.0 99.7498631477356
842.0 99.899822473526
843.0 100.13974905014038
844.0 98.60295057296753
845.0 98.76136183738708
846.0 99.02649521827698
847.0 99.05331134796143
848.0 99.68973994255066
849.0 98.99954795837402
850.0 98.3519196510315
851.0 99.22703504562378
852.0 99.63486790657043
853.0 98.93672466278076
854.0 99.90238547325134
855.0 98.56616854667664
856.0 98.86746406555176
857.0 98.08999300003052
858.0 98.82281422615051
859.0 99.6060311794281
860.0 98.62068295478821
861.0 98.64093065261841
862.0 98.72637987136841
863.0 98.70342016220093
864.0 99.31634068489075
865.0 99.96852278709412
866.0 98.6953854560852
867.0 99.27725791931152
868.0 99.26943182945251
869.0 99.0002691745758
870.0 98.27300310134888
871.0 99.14020895957947
872.0 99.3852436542511
873.0 99.78176951408386
874.0 99.46333169937134
875.0 99.47826862335205
876.0 99.09592866897583
877.0 99.93755221366882
878.0 99.2500901222229
879.0 98.86175394058228
880.0 98.60250353813171
881.0 100.20432472229004
882.0 99.01797771453857
883.0 98.9370048046112
884.0 99.31821823120117
885.0 99.07640814781189
886.0 98.86924028396606
887.0 98.51666688919067
888.0 99.11932349205017
889.0 100.03999471664429
890.0 98.91167879104614
891.0 99.71742630004883
892.0 99.09424781799316
893.0 98.87903928756714
894.0 98.69584441184998
895.0 99.60855841636658
