lsstCam/transmission_filter_detector/r12_s11/z_20/19700101T000000.ecsv
# %ECSV 1.0
# ---
# datatype:
# - {name: wavelength, unit: nm, datatype: float32}
# - {name: efficiency, unit: '%', datatype: float64}
# meta: !!omap
# - {MODE: DETECTOR}
# - {TYPE: transmission_filter_detector}
# - {CALIBDATE: '1970-01-01T00:00:00'}
# - {INSTRUME: LSSTCam}
# - {OBSTYPE: transmission_filter_detector}
# - {CALIBCLS: lsst.ip.isr.IntermediateFilterDetectorTransmissionCurve}
# - {SOURCE: Materion (DM-46256)}
# - {DETECTOR: 49}
# - {FILTER: z_20}
# - {CALIB_ID: 'calibDate=1970-01-01T00:00:00 filter=z_20 detector=49'}
# - {DATE: '2025-04-02T15:59:48.863988'}
# - {CALIB_CREATION_DATE: '2025-04-02'}
# - {CALIB_CREATION_TIME: '15:59:48'}
# - __serialized_columns__:
#     efficiency:
#       __class__: astropy.units.quantity.Quantity
#       unit: !astropy.units.Unit {unit: '%'}
#       value: !astropy.table.SerializedColumn {name: efficiency}
#     wavelength:
#       __class__: astropy.units.quantity.Quantity
#       unit: !astropy.units.Unit {unit: nm}
#       value: !astropy.table.SerializedColumn {name: wavelength}
# schema: astropy-2.0
wavelength efficiency
[from data line 597]
897.0 99.62257742881775
898.0 99.10399913787842
899.0 98.89546632766724
900.0 98.86426329612732
901.0 99.61540102958679
902.0 99.48375225067139
903.0 98.80707263946533
904.0 97.99753427505493
905.0 98.95648956298828
906.0 98.08380603790283
907.0 98.77020120620728
908.0 98.28630685806274
909.0 98.485666513443
910.0 98.14046025276184
911.0 96.9342589378357
912.0 96.30047678947449
913.0 95.02379894256592
914.0 93.04779767990112
915.0 90.87499976158142
916.0 88.69078755378723
917.0 87.02380657196045
918.0 83.60079526901245
919.0 82.54716992378235
920.0 79.74026799201965
921.0 76.0598361492157
922.0 71.59985303878784
923.0 66.52363538742065
924.0 60.92489957809448
925.0 55.45360445976257
926.0 49.38541054725647
927.0 42.35215783119202
928.0 36.78407669067383
929.0 30.34749925136566
930.0 24.655702710151672
931.0 19.513322412967682
932.0 13.928258419036865
933.0 9.316609799861908
934.0 6.156715750694275
935.0 3.884066641330719
936.0 2.219109423458576
937.0 1.3862261548638344
938.0 0.7351566571742296
939.0 0.5438991822302341
940.0 0.34861047752201557
941.0 0.18320030067116022
942.0 0.24813755881041288
943.0 0.1689037773758173
944.0 0.09396958048455417
945.0 0.16035791486501694
946.0 0.17549082404002547
947.0 0.028005940839648247
948.0 1.5810777166669343e-10
949.0 1.5810777166669343e-10
950.0 0.13221349800005555
951.0 0.06301180110312998
952.0 0.07264408050104976
953.0 0.07128930883482099
954.0 1.5810777166669343e-10
955.0 0.1012989436276257
956.0 1.5810777166669343e-10
957.0 1.5810777166669343e-10
958.0 1.5810777166669343e-10
959.0 1.5810777166669343e-10
960.0 1.5810777166669343e-10
961.0 0.03186069370713085
962.0 1.5810777166669343e-10
963.0 0.10264583397656679
964.0 0.08453280897811055
965.0 1.5810777166669343e-10
966.0 0.011183040624018759
967.0 1.5810777166669343e-10
968.0 0.06588049582205713
969.0 0.00879541621543467
970.0 0.07799588493071496
971.0 0.03737103543244302
972.0 0.00850325232022442
973.0 1.5810777166669343e-10
974.0 0.07363659096881747
975.0 0.010758107964647934
976.0 0.006591675628442317
977.0 0.006557448796229437
978.0 0.006523224146803841
979.0 0.006283597031142563
980.0 0.006043968824087642
981.0 0.005955638334853575
982.0 0.005867308937013149
983.0 0.005741014683735557
984.0 0.005614721521851607
985.0 0.005349320781533606
986.0 0.005083918949821964
987.0 0.005079596667201258
988.0 0.005075274384580553
989.0 0.005009684173273854
990.0 0.004944094689562917
991.0 0.005021610922995023
992.0 0.005099127520225011
993.0 0.0050405669753672555
994.0 0.004982005702913739
995.0 0.004943731619277969
996.0 0.00490545789944008
997.0 0.004714293027063832
998.0 0.004523128518485464
999.0 0.004504191019805148
1000.0 0.004485253521124832
1001.0 0.004615424040821381
1002.0 0.004745593832922168
1003.0 0.004649406400858425
1004.0 0.004553218968794681
1005.0 0.004428533065947704
1006.0 0.004303847163100727
1007.0 0.004373653791844845
1008.0 0.004443460420588963
1009.0 0.004507856283453293
1010.0 0.0045722521463176236
1011.0 0.004636335143004544
1012.0 0.004700418139691465
1013.0 0.004556793282972649
1014.0 0.004413168062455952
1015.0 0.004573031765175983
1016.0 0.004732894740300253
1017.0 0.005038475865148939
1018.0 0.005344056989997625
1019.0 0.005104918454890139
1020.0 0.004865780283580534
1021.0 0.004868089672527276
1022.0 0.004870399061474018
1023.0 0.004716783587355167
1024.0 0.0045631681132363155
1025.0 0.004799402813659981
1026.0 0.005035637514083646
1027.0 0.0049117566959466785
1028.0 0.004787875877809711
1029.0 0.004812111728824675
1030.0 0.004836348307435401
1031.0 0.004942626037518494
1032.0 0.005048903767601587
1033.0 0.005112174039823003
1034.0 0.0051754446758423
1035.0 0.005373619205784053
1036.0 0.005571793735725805
1037.0 0.005660870738211088
1038.0 0.00574994737689849
1039.0 0.00557624916837085
1040.0 0.00540255059604533
1041.0 0.0058394824009155855
1042.0 0.006276414933381602
1043.0 0.005748343755840324
1044.0 0.005220273305894807
1045.0 0.005910108666284941
1046.0 0.006599944026675075
1047.0 0.0063453466282226145
1048.0 0.006090747774578631
1049.0 0.006313496123766527
1050.0 0.006536244472954422
1051.0 0.00677853895467706
1052.0 0.0070208356191869825
1053.0 0.007052982255117968
1054.0 0.007085130346240476
1055.0 0.007750235090497881
1056.0 0.008415340562351048
1057.0 0.008105143206194043
1058.0 0.007794945850037038
1059.0 0.00804922601673752
1060.0 0.008303504000650719
1061.0 0.008931739284889773
1062.0 0.009559974569128826
1063.0 0.009463923197472468
1064.0 0.009367873281007633
1065.0 0.00953337803366594
1066.0 0.009698885696707293
1067.0 0.00972800626186654
1068.0 0.009757128282217309
1069.0 0.010619972454151139
1070.0 0.01148281735368073
1071.0 0.011255765275564045
1072.0 0.01102871319744736
1073.0 0.0110838191176299
1074.0 0.011138925765408203
1075.0 0.011876387725351378
1076.0 0.01261385332327336
1077.0 0.012687552953138947
1078.0 0.012761251127813011
1079.0 0.013640269753523171
1080.0 0.01451928837923333
1081.0 0.014742293569725007
1082.0 0.014965298760216683
1083.0 0.014762362116016448
1084.0 0.014559425471816212
1085.0 0.015199722838588059
1086.0 0.01584002311574295
1087.0 0.015967617218848318
1088.0 0.01609521423233673
1089.0 0.017375513562001288
1090.0 0.0186558099812828
1091.0 0.0185450553544797
1092.0 0.01843429636210203
1093.0 0.01796894648578018
1094.0 0.017503595154266804
1095.0 0.019156199414283037
1096.0 0.02080880367429927
1097.0 0.020931512699462473
1098.0 0.0210542231798172
1099.0 0.023185186728369445
1100.0 0.025316147366538644
1101.0 0.025147348060272634
1102.0 0.024978548754006624
1103.0 0.026468958822079003
1104.0 0.02795936306938529
1105.0 0.027797670918516815
1106.0 0.027635981678031385
1107.0 0.02870466560125351
1108.0 0.02977335243485868
1109.0 0.03151735872961581
1110.0 0.033261365024372935
1111.0 0.033022183924913406
1112.0 0.032783011556603014
1113.0 0.03446807968430221
1114.0 0.0361531536327675
1115.0 0.0351722672348842
1116.0 0.034191386657767
1117.0 0.03498276637401432
1118.0 0.035774149000644684
1119.0 0.03958285378757864
1120.0 0.043391555664129555
1121.0 0.044713079114444554
1122.0 0.04603460256475955
1123.0 0.04608092422131449
1124.0 0.04612724878825247
1125.0 0.0463521369965747
1126.0 0.04657702520489693
1127.0 0.050798035226762295
1128.0 0.055019051069393754
1129.0 0.059405952924862504
1130.0 0.06379286642186344
1131.0 0.06281061214394867
1132.0 0.06182835204526782
1133.0 0.06638032500632107
1134.0 0.07093228632584214
1135.0 0.06947998772375286
1136.0 0.06802768912166357
1137.0 0.07305413018912077
1138.0 0.07808057707734406
1139.0 0.08351636934094131
1140.0 0.08895211503840983
1141.0 0.09775628568604589
1142.0 0.10656043887138367
1143.0 0.12881143484264612
1144.0 0.15106238424777985
1145.0 0.29996559023857117
1146.0 0.4488688427954912
1147.0 0.9565899148583412
1148.0 1.46431103348732
1149.0 1.6627687960863113
1150.0 1.8612274900078773
