lsstCam/transmission_filter_detector/r12_s21/u_24/19700101T000000.ecsv
# %ECSV 1.0
# ---
# datatype:
# - {name: wavelength, unit: nm, datatype: float32}
# - {name: efficiency, unit: '%', datatype: float64}
# meta: !!omap
# - {MODE: DETECTOR}
# - {TYPE: transmission_filter_detector}
# - {CALIBDATE: '1970-01-01T00:00:00'}
# - {INSTRUME: LSSTCam}
# - {OBSTYPE: transmission_filter_detector}
# - {CALIBCLS: lsst.ip.isr.IntermediateFilterDetectorTransmissionCurve}
# - {SOURCE: Materion (DM-46256)}
# - {DETECTOR: 52}
# - {FILTER: u_24}
# - {CALIB_ID: 'calibDate=1970-01-01T00:00:00 filter=u_24 detector=52'}
# - {DATE: '2025-04-02T15:59:39.990334'}
# - {CALIB_CREATION_DATE: '2025-04-02'}
# - {CALIB_CREATION_TIME: '15:59:39'}
# - __serialized_columns__:
#     efficiency:
#       __class__: astropy.units.quantity.Quantity
#       unit: !astropy.units.Unit {unit: '%'}
#       value: !astropy.table.SerializedColumn {name: efficiency}
#     wavelength:
#       __class__: astropy.units.quantity.Quantity
#       unit: !astropy.units.Unit {unit: nm}
#       value: !astropy.table.SerializedColumn {name: wavelength}
# schema: astropy-2.0
wavelength efficiency
[from data line 581]
876.0 0.0024004935767152347
877.0 0.0024073315216810443
878.0 0.002414169648545794
879.0 0.002503511495888233
880.0 0.0025928538889274932
881.0 0.0026646752303349786
882.0 0.0027364972993382253
883.0 0.0024716267944313586
884.0 0.002206756835221313
885.0 0.002169198342016898
886.0 0.0021316400307114236
887.0 0.0020426674382179044
888.0 0.001953695209522266
889.0 0.0018804579667630605
890.0 0.0018072207240038551
891.0 0.002085400774376467
892.0 0.002363581006648019
893.0 0.0023644375687581487
894.0 0.002365293403272517
895.0 0.0026025558327091858
896.0 0.002839817898347974
897.0 0.003360395203344524
898.0 0.0038809728721389547
899.0 0.004043694934807718
900.0 0.0042064162698807195
901.0 0.004282815643819049
902.0 0.004359215381555259
903.0 0.0045747514377580956
904.0 0.004790287493960932
905.0 0.005004394552088343
906.0 0.005218500882619992
907.0 0.005450673415907659
908.0 0.005682845949195325
909.0 0.0054653253755532205
910.0 0.005247804801911116
911.0 0.0053337756980909035
912.0 0.005419747321866453
913.0 0.00530512843397446
914.0 0.0051905099098803475
915.0 0.0046995864977361634
916.0 0.004208663085591979
917.0 0.0038956386561039835
918.0 0.0035826145904138684
919.0 0.004049362178193405
920.0 0.004516109402175061
921.0 0.0045098709961166605
922.0 0.00450363295385614
923.0 0.005187677379581146
924.0 0.005871719986316748
925.0 0.006238303467398509
926.0 0.00660488658468239
927.0 0.007172738696681336
928.0 0.007740587170701474
929.0 0.0077400472946465015
930.0 0.007739507418591529
931.0 0.007577006908832118
932.0 0.007414505671476945
933.0 0.007242664287332445
934.0 0.007070823630783707
935.0 0.007357498543569818
936.0 0.007644173456355929
937.0 0.0073246679676231
938.0 0.007005165389273316
939.0 0.006849588680779561
940.0 0.006694011244690046
941.0 0.006023958121659234
942.0 0.0053539039072347805
943.0 0.004102765524294227
944.0 0.0028516276870504953
945.0 0.0023203163436846808
946.0 0.0017890051822178066
947.0 0.0016050336853368208
948.0 0.0014210620975063648
949.0 0.0014137727703200653
950.0 0.0014064832612348255
951.0 0.0013660420336236712
952.0 0.0013256008060125168
953.0 0.0014479489436780568
954.0 0.0015702973541920073
955.0 0.0021751680833403952
956.0 0.002780038812488783
957.0 0.0027593809136305936
958.0 0.0027387222871766426
959.0 0.0029374808946158737
960.0 0.0031362393201561645
961.0 0.00350217851519119
962.0 0.0038681173464283347
963.0 0.004241829083184712
964.0 0.004615540456143208
965.0 0.004703826562035829
966.0 0.00479211266792845
967.0 0.0048833750042831525
968.0 0.004974638068233617
969.0 0.004906040703644976
970.0 0.004837442975258455
971.0 0.004745904880110174
972.0 0.0046543664211640134
973.0 0.004395763608044945
974.0 0.0041371600673301145
975.0 0.0038494516047649086
976.0 0.003561742778401822
977.0 0.0033008764148689806
978.0 0.00304001023323508
979.0 0.002896356272685807
980.0 0.0027527021302375942
981.0 0.0026217616323265247
982.0 0.0024908207706175745
983.0 0.002650383612490259
984.0 0.002809946090565063
985.0 0.003278025542385876
986.0 0.0037461060856003314
987.0 0.003978256063419394
988.0 0.004210405677440576
989.0 0.00517864064022433
990.0 0.006146874511614442
991.0 0.006046086855349131
992.0 0.005945298835285939
993.0 0.006213344749994576
994.0 0.006481391028501093
995.0 0.0061498845752794296
996.0 0.00581837521167472
997.0 0.00565304871997796
998.0 0.005487724411068484
999.0 0.006018690692144446
1000.0 0.006549654790433124
1001.0 0.006332880730042234
1002.0 0.006116103759268299
1003.0 0.0057686153013492
1004.0 0.005421127571025863
1005.0 0.005412743121269159
1006.0 0.005404358307714574
1007.0 0.0052904593758285046
1008.0 0.00517655789735727
1009.0 0.00470911618322134
1010.0 0.00424167446908541
1011.0 0.0039178259612526745
1012.0 0.0035939778172178194
1013.0 0.0029579523470602
1014.0 0.00232192669500364
1015.0 0.0021242563889245503
1016.0 0.0019265860828454606
1017.0 0.001646423334022984
1018.0 0.0013662601304531563
1019.0 0.001256206633115653
1020.0 0.001146152862929739
1021.0 0.0010807905709953047
1022.0 0.0010154283700103406
1023.0 0.001079841149476124
1024.0 0.0011442539289419074
1025.0 0.0014189492503646761
1026.0 0.0016936448446358554
1027.0 0.0012995991710340604
1028.0 0.0009055534064827953
1029.0 0.000989535419648746
1030.0 0.0010735177056631073
1031.0 0.0014128234397503547
1032.0 0.0017521293557365425
1033.0 0.001845233236963395
1034.0 0.0019383371181902476
1035.0 0.002005275382543914
1036.0 0.0020722132830996998
1037.0 0.0021080015358165838
1038.0 0.002143789788533468
1039.0 0.0019194489141227677
1040.0 0.001695108221611008
1041.0 0.0015228559277602471
1042.0 0.0013506039067578968
1043.0 0.00125369151646737
1044.0 0.0011567794899747241
1045.0 0.0012638201951631345
1046.0 0.0013708612641494256
1047.0 0.0016454754586447962
1048.0 0.001920089744089637
1049.0 0.0015036896911624353
1050.0 0.0010872891834878828
1051.0 0.0012841532225138508
1052.0 0.001481017352489289
1053.0 0.0012375631740724202
1054.0 0.0009941088137566112
1055.0 0.000995746177068213
1056.0 0.0009973838132282253
1057.0 0.0014981074855313636
1058.0 0.001998831248783972
1059.0 0.0011125789569632616
1060.0 0.00022632671061728615
1061.0 0.0005435197635961231
1062.0 0.0008607126801507547
1063.0 0.0009225658686773386
1064.0 0.0009844186934060417
1065.0 0.0010917488907580264
1066.0 0.0011990791790594812
1067.0 0.0007605734481330728
1068.0 0.0003220670578230056
1069.0 0.0012049146789649967
1070.0 0.002087761640723329
1071.0 0.0014644760994997341
1072.0 0.0008411908311245497
1073.0 0.0012524160410976037
1074.0 0.001663641342020128
1075.0 0.002919282269431278
1076.0 0.004174923014943488
1077.0 0.004237220127834007
1078.0 0.004299517604522407
1079.0 0.00484369884361513
1080.0 0.0053878771723248065
1081.0 0.0033379630622221157
1082.0 0.0012880482245236635
1083.0 0.0015536314094788395
1084.0 0.0018192147763329558
1085.0 0.003225130421924405
1086.0 0.004631045521819033
1087.0 0.003988900061813183
1088.0 0.003346754238009453
1089.0 0.005539756239159033
1090.0 0.007732758240308613
1091.0 0.005399417568696663
1092.0 0.003066076897084713
1093.0 0.002272997335239779
1094.0 0.0014799183190916665
1095.0 0.0013423609743767884
1096.0 0.001204803993459791
1097.0 0.002314659832336474
1098.0 0.003424516035011038
1099.0 0.0019065344531554729
1100.0 0.00038855291677464265
