lsstCam/transmission_filter_detector/r12_s21/u_24/19700101T000000.ecsv
# %ECSV 1.0
# ---
# datatype:
# - {name: wavelength, unit: nm, datatype: float32}
# - {name: efficiency, unit: '%', datatype: float64}
# meta: !!omap
# - {MODE: DETECTOR}
# - {TYPE: transmission_filter_detector}
# - {CALIBDATE: '1970-01-01T00:00:00'}
# - {INSTRUME: LSSTCam}
# - {OBSTYPE: transmission_filter_detector}
# - {CALIBCLS: lsst.ip.isr.IntermediateFilterDetectorTransmissionCurve}
# - {SOURCE: Materion (DM-46256)}
# - {DETECTOR: 52}
# - {FILTER: u_24}
# - {CALIB_ID: 'calibDate=1970-01-01T00:00:00 filter=u_24 detector=52'}
# - {DATE: '2025-04-02T15:59:39.990334'}
# - {CALIB_CREATION_DATE: '2025-04-02'}
# - {CALIB_CREATION_TIME: '15:59:39'}
# - __serialized_columns__:
#     efficiency:
#       __class__: astropy.units.quantity.Quantity
#       unit: !astropy.units.Unit {unit: '%'}
#       value: !astropy.table.SerializedColumn {name: efficiency}
#     wavelength:
#       __class__: astropy.units.quantity.Quantity
#       unit: !astropy.units.Unit {unit: nm}
#       value: !astropy.table.SerializedColumn {name: wavelength}
# schema: astropy-2.0
wavelength efficiency
295.0 0.016104317910503596
296.0 1.5796540507942436e-10
297.0 1.5796540507942436e-10
298.0 1.5796540507942436e-10
299.0 1.5796540507942436e-10
300.0 1.5796540507942436e-10
301.0 0.12110325042158365
302.0 1.5796540507942436e-10
303.0 1.5796540507942436e-10
304.0 0.11596927652135491
305.0 0.5174352321773767
306.0 1.392474491149187
307.0 2.5964809581637383
308.0 4.489535838365555
309.0 7.2884999215602875
310.0 10.344675183296204
311.0 13.636447489261627
312.0 17.435379326343536
313.0 20.655226707458496
314.0 23.80952090024948
315.0 26.137402653694153
316.0 28.29272150993347
317.0 30.77649474143982
318.0 33.040353655815125
319.0 36.52468919754028
320.0 41.279032826423645
321.0 46.342745423316956
322.0 52.21594572067261
323.0 57.73264765739441
324.0 62.459832429885864
325.0 66.2145733833313
326.0 68.7713086605072
327.0 70.73569297790527
328.0 72.5479245185852
329.0 74.04980063438416
330.0 75.41396021842957
331.0 76.38524770736694
332.0 76.85431241989136
333.0 77.06906199455261
334.0 76.88151597976685
335.0 77.0184874534607
336.0 77.18294262886047
337.0 77.61025428771973
338.0 78.4420371055603
339.0 79.05873656272888
340.0 79.49838042259216
341.0 80.02756237983704
342.0 80.35373091697693
343.0 80.3192138671875
344.0 80.39929270744324
345.0 80.74938654899597
346.0 81.00369572639465
347.0 81.26943111419678
348.0 81.63113594055176
349.0 81.81578516960144
350.0 81.91202878952026
351.0 82.09795355796814
352.0 81.94548487663269
353.0 81.83963298797607
354.0 81.82170987129211
355.0 81.93179965019226
356.0 82.11425542831421
357.0 82.09505081176758
358.0 81.79098963737488
359.0 81.64894580841064
360.0 81.56429529190063
361.0 81.43298625946045
362.0 81.37005567550659
363.0 81.49420619010925
364.0 81.57098293304443
365.0 81.6923975944519
366.0 81.80500268936157
367.0 81.79243206977844
368.0 81.61492347717285
369.0 81.52077794075012
370.0 81.16368651390076
371.0 80.98205924034119
372.0 80.94221353530884
373.0 81.0643196105957
374.0 81.02759718894958
375.0 81.30750060081482
376.0 81.36535286903381
377.0 81.40076398849487
378.0 81.41847848892212
379.0 81.18072152137756
380.0 80.55238127708435
381.0 79.28740978240967
382.0 77.67717838287354
383.0 75.70958733558655
384.0 73.6251950263977
385.0 71.31348848342896
386.0 68.89393329620361
387.0 65.81645607948303
388.0 62.66586184501648
389.0 58.93257260322571
390.0 55.130988359451294
391.0 51.06387734413147
392.0 46.64662480354309
393.0 42.85917282104492
394.0 39.6210640668869
395.0 36.4717036485672
396.0 33.244457840919495
397.0 29.11737561225891
398.0 24.227723479270935
399.0 18.074586987495422
400.0 11.956612020730972
401.0 7.030850648880005
402.0 3.368474170565605
403.0 1.2276530265808105
404.0 0.34574472811073065
405.0 0.15727346763014793
406.0 0.07193574565462768
407.0 0.031200895318761468
408.0 0.030367440194822848
409.0 1.5796540507942436e-10
410.0 1.5796540507942436e-10
411.0 1.5796540507942436e-10
412.0 0.000612741587247001
413.0 1.5796540507942436e-10
414.0 1.5796540507942436e-10
415.0 1.5796540507942436e-10
416.0 1.5796540507942436e-10
417.0 1.5796540507942436e-10
418.0 1.5796540507942436e-10
419.0 1.5796540507942436e-10
420.0 1.5796540507942436e-10
421.0 1.5796540507942436e-10
422.0 1.5796540507942436e-10
423.0 1.5796540507942436e-10
424.0 1.5796540507942436e-10
425.0 1.5796540507942436e-10
426.0 1.5796540507942436e-10
427.0 1.5796540507942436e-10
428.0 1.5796540507942436e-10
429.0 0.0008334799531439785
430.0 0.0020948160454281606
431.0 0.0015549596355413087
432.0 0.0010151035894523375
433.0 0.0014904581803421024
434.0 0.0019658124074339867
435.0 0.002008601040870417
436.0 0.002051389492407907
437.0 0.00015821391343706637
438.0 1.5796540507942436e-10
439.0 1.5796540507942436e-10
440.0 0.0003994768576376373
441.0 1.5796540507942436e-10
442.0 1.5796540507942436e-10
443.0 1.5796540507942436e-10
444.0 1.5796540507942436e-10
445.0 1.5796540507942436e-10
446.0 1.5796540507942436e-10
447.0 1.5796540507942436e-10
448.0 1.5796540507942436e-10
449.0 0.0002127356765413424
450.0 0.0008356410035048611
451.0 1.5796540507942436e-10
452.0 1.5796540507942436e-10
453.0 1.5796540507942436e-10
454.0 0.00015896787317615235
455.0 1.5796540507942436e-10
456.0 1.5796540507942436e-10
457.0 1.5796540507942436e-10
458.0 1.5796540507942436e-10
459.0 1.5796540507942436e-10
460.0 1.5796540507942436e-10
461.0 1.5796540507942436e-10
462.0 1.5796540507942436e-10
463.0 1.5796540507942436e-10
464.0 0.0001465238142372982
465.0 0.0003183795342920348
466.0 0.0004902351065538824
467.0 1.5796540507942436e-10
468.0 1.5796540507942436e-10
469.0 1.5796540507942436e-10
470.0 0.0005255300493445247
471.0 1.5796540507942436e-10
472.0 1.5796540507942436e-10
473.0 1.5796540507942436e-10
474.0 1.5796540507942436e-10
475.0 1.5796540507942436e-10
476.0 1.5796540507942436e-10
477.0 0.0003428560376050882
478.0 0.00080868276199908
479.0 0.000711961592969601
480.0 0.0006152406513137976
481.0 0.0004777258709509624
482.0 0.000340211204274965
483.0 1.5796540507942436e-10
484.0 1.5796540507942436e-10
485.0 1.5796540507942436e-10
486.0 1.5796540507942436e-10
487.0 1.5796540507942436e-10
488.0 1.5796540507942436e-10
489.0 1.5796540507942436e-10
490.0 1.5796540507942436e-10
491.0 1.5796540507942436e-10
492.0 1.5796540507942436e-10
493.0 1.5796540507942436e-10
494.0 1.5796540507942436e-10
495.0 1.5796540507942436e-10
496.0 0.0008365641406271607
497.0 0.000536281959284679
498.0 0.00023599948235641932
499.0 0.0003811308488366194
500.0 0.0005262623744783923
501.0 0.00026916686692857184
502.0 1.2071505750554934e-05
503.0 1.5796540507942436e-10
504.0 1.5796540507942436e-10
505.0 1.5796540507942436e-10
506.0 1.5796540507942436e-10
507.0 1.5796540507942436e-10
508.0 1.5796540507942436e-10
509.0 1.5796540507942436e-10
510.0 1.5796540507942436e-10
511.0 1.5796540507942436e-10
512.0 0.0005672334737027995
513.0 0.00045046717787045054
514.0 0.0003337004955028533
515.0 0.0003736234930329374
516.0 0.00041354660424985923
517.0 4.585682518154499e-05
518.0 1.5796540507942436e-10
519.0 1.5796540507942436e-10
520.0 0.00030384039746422786
521.0 0.00040308214011020027
522.0 0.0005023237008572323
523.0 6.346618306452001e-05
524.0 1.5796540507942436e-10
525.0 1.5796540507942436e-10
526.0 1.5796540507942436e-10
527.0 1.5796540507942436e-10
528.0 1.5796540507942436e-10
529.0 1.5796540507942436e-10
530.0 1.5796540507942436e-10
531.0 1.5796540507942436e-10
532.0 0.00021046782876510406
533.0 1.5796540507942436e-10
534.0 1.5796540507942436e-10
535.0 1.5796540507942436e-10
536.0 1.5796540507942436e-10
537.0 1.5796540507942436e-10
538.0 1.5796540507942436e-10
539.0 1.5796540507942436e-10
540.0 1.5796540507942436e-10
541.0 1.5796540507942436e-10
542.0 1.5796540507942436e-10
543.0 1.5796540507942436e-10
544.0 1.5796540507942436e-10
545.0 1.5796540507942436e-10
546.0 1.5796540507942436e-10
547.0 1.5796540507942436e-10
548.0 4.0419948277303774e-05
549.0 1.5796540507942436e-10
550.0 1.5796540507942436e-10
551.0 1.5796540507942436e-10
552.0 1.5796540507942436e-10
553.0 1.5796540507942436e-10
554.0 1.5796540507942436e-10
555.0 1.5796540507942436e-10
556.0 1.5796540507942436e-10
557.0 1.5796540507942436e-10
558.0 1.5796540507942436e-10
559.0 1.5796540507942436e-10
560.0 0.00017435119161746115
561.0 8.797949817562767e-05
562.0 1.607980770756967e-06
563.0 1.5796540507942436e-10
564.0 1.5796540507942436e-10
565.0 1.5796540507942436e-10
566.0 1.5796540507942436e-10
567.0 1.6179778583591542e-05
568.0 0.00015613513824064285
569.0 0.0003550529527274193
570.0 0.0005539705853152554
571.0 0.000480184417028795
572.0 0.0004063983396918047
573.0 0.0005025080554332817
574.0 0.0005986181349726394
575.0 0.00040640416045789607
576.0 0.00021419034510472557
577.0 0.00028063759600627236
578.0 0.0003470848241704516
579.0 0.0004120651283301413
580.0 0.000477045432489831
581.0 0.0005389516900322633
582.0 0.0006008582658978412
583.0 0.0011471451216493733
584.0 0.001693432204774581
585.0 0.0014799812561250292
586.0 0.0012665299436775967
587.0 0.0014792438378208317
588.0 0.0016919575500651263
589.0 0.0014107364222581964
590.0 0.001129515021602856
591.0 0.001002713088382734
592.0 0.0008759108823142014
593.0 0.0007964466021803673
594.0 0.0007169817763497122
595.0 0.0007411330443574116
596.0 0.0007652838576177601
597.0 0.0009247003617929295
598.0 0.0010841165931196883
599.0 0.001256281575479079
600.0 0.001428446194040589
601.0 0.0015175955013546627
602.0 0.0016067448086687364
603.0 0.0016163005057023838
604.0 0.0016258567484328523
605.0 0.001674571103649214
606.0 0.0017232854588655755
607.0 0.0016123283785418607
608.0 0.0015013713891676161
609.0 0.0009196200153382961
610.0 0.0003378687551958137
611.0 0.00040799359339871444
612.0 0.0004781184998137178
613.0 0.0003415646915527759
614.0 0.00020501088329183403
615.0 0.00042692231545515824
616.0 0.0006488337930932175
617.0 0.0007911332431831397
618.0 0.0009334329661214724
619.0 0.0005673580744769424
620.0 0.00020128338746872032
621.0 0.0004093576080776984
622.0 0.0006174318059493089
623.0 0.0005474417775985785
624.0 0.00047745170377311297
625.0 0.0005906796104682144
626.0 0.0007039075626380509
627.0 0.0005600355507340282
628.0 0.00041616367525421083
629.0 0.0004370839633338619
630.0 0.00045800434236298315
631.0 0.0010580804882920347
632.0 0.001658156543271616
633.0 0.0015407844330184162
634.0 0.0014234123227652162
635.0 0.0019347104171174578
636.0 0.00244600869336864
637.0 0.0025602525056456216
638.0 0.0026744963179226033
639.0 0.002178193608415313
640.0 0.0016818907170090824
641.0 0.0015563056876999326
642.0 0.0014307206583907828
643.0 0.0008992603397928178
644.0 0.00036779995298275026
645.0 0.00048136739678739104
646.0 0.0005949347723799292
647.0 0.00015466687273146817
648.0 1.5796540507942436e-10
649.0 1.5796540507942436e-10
650.0 0.0001729280825202295
651.0 0.000368583914678311
652.0 0.000564239917366649
653.0 0.0010191186447627842
654.0 0.0014739970538357738
655.0 0.0012855171007686295
656.0 0.0010970369658025447
657.0 0.0019929213522118516
658.0 0.002888806011469569
659.0 0.0033649492252152413
660.0 0.003841092257061973
661.0 0.0039637401641812176
662.0 0.004086387707502581
663.0 0.0034470896935090423
664.0 0.0028077918614144437
665.0 0.002516604945412837
666.0 0.0022254176656133495
667.0 0.0019326162146171555
668.0 0.0016398142179241404
669.0 0.001115150280384114
670.0 0.0005904863883188227
671.0 0.0004731739863927942
672.0 0.000355861516254663
673.0 0.0002377066493863822
674.0 0.0001195517370433663
675.0 0.00031635740924684796
676.0 0.0005131631951371673
677.0 0.0010754528375400696
678.0 0.0016377427527913824
679.0 0.0017572476281202398
680.0 0.0018767521396512166
681.0 0.002634589691297151
682.0 0.003392426879145205
683.0 0.0048034962674137205
684.0 0.006214565655682236
685.0 0.0066161679569631815
686.0 0.007017773168627173
687.0 0.007078497583279386
688.0 0.0071392219979316
689.0 0.006301260145846754
690.0 0.005463298293761909
691.0 0.004916591933579184
692.0 0.004369885573396459
693.0 0.0036146513593848795
694.0 0.0028594171453732997
695.0 0.0024250386559288017
696.0 0.001990660348383244
697.0 0.0014823202945990488
698.0 0.0009739803317643236
699.0 0.0008875687854015268
700.0 0.0008011569661903195
701.0 0.0006839925845270045
702.0 0.0005668282028636895
703.0 0.0006480633601313457
704.0 0.0007292988811968826
705.0 0.0005962131581327412
706.0 0.00046312757149280515
707.0 0.0006585335086128907
708.0 0.0008539390364603605
709.0 0.0006858323104097508
710.0 0.0005177254024602007
711.0 0.0006152998139441479
712.0 0.0007128740890038898
713.0 0.0008552547114959452
714.0 0.0009976352885132656
715.0 0.0008325464477820788
716.0 0.0006674574706266867
717.0 0.0006893831141496776
718.0 0.0007113086667231983
719.0 0.0006566132014995674
720.0 0.0006019175998517312
721.0 0.0005250951289781369
722.0 0.00044827256715507247
723.0 0.0005683009476342704
724.0 0.0006883293281134684
725.0 0.0003510574742904282
726.0 1.3785519570319593e-05
727.0 0.00027540036171558313
728.0 0.0005370152393879835
729.0 0.00036054734664503485
730.0 0.0001840795903262915
731.0 0.00017714551177050453
732.0 0.00017021151279550395
733.0 9.305056778430298e-05
734.0 1.5889631299614848e-05
735.0 0.0002998149739141809
736.0 0.0005837403023178922
737.0 0.0005230520855548093
738.0 0.0004623638687917264
739.0 0.00032999294035107596
740.0 0.00019762192096095532
741.0 0.0007177692623372423
742.0 0.0012379167856124695
743.0 0.001406153114658082
744.0 0.0015743891708552837
745.0 0.0019000552129000425
746.0 0.0022257208911469206
747.0 0.0029144624932087027
748.0 0.003603203731472604
749.0 0.0034201337257400155
750.0 0.0032370644476031885
751.0 0.003338883107062429
752.0 0.00344070176652167
753.0 0.002988019878102932
754.0 0.0025353379896841943
755.0 0.002721703094721306
756.0 0.0029080691092531197
757.0 0.0023792301362846047
758.0 0.0018503911633160897
759.0 0.0014731855117133819
760.0 0.0010959799510601442
761.0 0.0011197998901479878
762.0 0.0011436198292358313
763.0 0.0009068795407074504
764.0 0.0006701391612295993
765.0 0.0007997533430170733
766.0 0.0009293674338550773
767.0 0.0008844377589412034
768.0 0.0008395080840273295
769.0 0.0006799991297157248
770.0 0.000520490038979915
771.0 0.0003900230694853235
772.0 0.0002595559180917917
773.0 0.00043780505620816257
774.0 0.0006160541488497984
775.0 0.0005614877409243491
776.0 0.0005069211056252243
777.0 0.0005196083748160163
778.0 0.0005322952802089276
779.0 0.0005616209818981588
780.0 0.0005909465926379198
781.0 0.00079183619163814
782.0 0.0009927259270625655
783.0 0.0009606948879081756
784.0 0.0009286635759053752
785.0 0.0010205183571088128
786.0 0.00111237295641331
787.0 0.0009758976375451311
788.0 0.0008394222277274821
789.0 0.0008070439434959553
790.0 0.0007746655683149584
791.0 0.0007565136002085637
792.0 0.0007383615411526989
793.0 0.0003058183438042761
794.0 1.5796540507942436e-10
795.0 1.5796540507942436e-10
796.0 1.5796540507942436e-10
797.0 0.0002251465502922656
798.0 0.0005312308076099725
799.0 0.00021272096546454122
800.0 1.5796540507942436e-10
801.0 1.5796540507942436e-10
802.0 1.5796540507942436e-10
803.0 1.5796540507942436e-10
804.0 0.00014066316680327873
805.0 4.3927107640229224e-05
806.0 1.5796540507942436e-10
807.0 1.5796540507942436e-10
808.0 1.5796540507942436e-10
809.0 0.00011869827858390636
810.0 0.000587129534324049
811.0 7.726623039161495e-05
812.0 1.5796540507942436e-10
813.0 1.5796540507942436e-10
814.0 0.0003168485136484378
815.0 0.00029764839837298496
816.0 0.0002784481239359593
817.0 8.502105401930748e-05
818.0 1.5796540507942436e-10
819.0 1.5796540507942436e-10
820.0 1.5796540507942436e-10
821.0 1.5796540507942436e-10
822.0 1.5796540507942436e-10
823.0 1.5796540507942436e-10
824.0 1.5796540507942436e-10
825.0 1.5796540507942436e-10
826.0 1.5796540507942436e-10
827.0 0.00012057148524036165
828.0 0.0005690134912583744
829.0 0.0003815313903032802
830.0 0.00019404972135816934
831.0 1.5796540507942436e-10
832.0 1.5796540507942436e-10
833.0 1.5796540507942436e-10
834.0 1.5796540507942436e-10
835.0 1.5796540507942436e-10
836.0 1.5796540507942436e-10
837.0 1.5796540507942436e-10
838.0 1.5796540507942436e-10
839.0 1.5796540507942436e-10
840.0 1.5796540507942436e-10
841.0 1.5796540507942436e-10
842.0 1.5796540507942436e-10
843.0 1.0085176427310216e-05
844.0 4.176890229246055e-05
845.0 7.897031650827557e-05
846.0 0.00011617165682764607
847.0 1.5796540507942436e-10
848.0 1.5796540507942436e-10
849.0 1.5796540507942436e-10
850.0 4.9886244823937886e-05
851.0 1.5796540507942436e-10
852.0 1.5796540507942436e-10
853.0 1.5796540507942436e-10
854.0 0.00011280751550657442
855.0 1.5796540507942436e-10
856.0 1.5796540507942436e-10
857.0 0.0003026164677066845
858.0 0.0008066708687692881
859.0 0.0007546771939814789
860.0 0.0007026835191936698
861.0 0.0006438801847252762
862.0 0.0005850767593074124
863.0 0.0006463894351327326
864.0 0.0007077018835843774
865.0 0.0013165323252906092
866.0 0.0019253626305726357
867.0 0.001782416075002402
868.0 0.0016394698832300492
869.0 0.0015592815543641336
870.0 0.0014790930435992777
871.0 0.0015251132936100475
872.0 0.0015711331798229367
873.0 0.0017608803318580613
874.0 0.0019506271200953051
