lsstCam/transmission_sensor/r42_s11/19700101T000000.ecsv
# %ECSV 1.0
# ---
# datatype:
# - {name: amp_name, datatype: string}
# - {name: wavelength, unit: nm, datatype: float32}
# - {name: efficiency, unit: '%', datatype: float64}
# meta: !!omap
# - {MODE: AMP}
# - {TYPE: transmission_sensor}
# - {CALIBDATE: '1970-01-01T00:00:00'}
# - {INSTRUME: LSSTCam}
# - {OBSTYPE: transmission_sensor}
# - {DETECTOR: 175}
# - {PARQUETFILE: qe_raft_allvalues_nircorrected_20230725_adjust.parquet}
# - {CORRFILE: qe_corr_factor_bydetnum.parquet}
# - {CALIBCLS: lsst.ip.isr.IntermediateSensorTransmissionCurve}
# - {CALIB_ID: 'raftName=R42 detectorName=S11 detector=175 calibDate=1970-01-01T00:00:00 ccd=175 ccdnum=175 filter=None'}
# - {DATE: '2025-03-03T21:56:48.372527'}
# - {CALIB_CREATION_DATE: '2025-03-03'}
# - {CALIB_CREATION_TIME: '21:56:48'}
# - __serialized_columns__:
#     efficiency:
#       __class__: astropy.units.quantity.Quantity
#       unit: !astropy.units.Unit {unit: '%'}
#       value: !astropy.table.SerializedColumn {name: efficiency}
#     wavelength:
#       __class__: astropy.units.quantity.Quantity
#       unit: !astropy.units.Unit {unit: nm}
#       value: !astropy.table.SerializedColumn {name: wavelength}
# schema: astropy-2.0
amp_name wavelength efficiency
C00 319.994 47.88951817188824
C00 324.969 49.23768083324043
C00 349.982 57.54537130153167
C00 374.975 71.55284963991372
C00 400.019 83.9636724790021
C00 424.965 86.5045622692756
C00 450.035 86.46640781168631
C00 475.003 87.73877736670953
C00 500.018 86.88189568933679
C00 525.002 87.19359050862998
C00 550.029 89.09910387854417
C00 575.023 91.10929565036342
C00 599.982 91.97166645773237
C00 619.997 93.2830219234158
C00 624.979 93.57687129624169
C00 650.012 94.62002925606605
C00 675.004 95.83370438319163
C00 700.03 97.38528819726405
C00 725.012 97.86078697017449
C00 750.022 98.5889704902591
C00 774.987 99.68758944937183
C00 799.976 99.27628963163431
C00 824.988 99.59054039925672
C00 850.022 98.67504897902135
C00 869.967 96.94958369216616
C00 875.002 96.2371053967551
C00 899.999 91.39585441153939
C00 919.999 84.93009809847288
C00 925.012 82.38490476869325
C00 949.965 71.56685346524763
C00 975.002 55.585559426900524
C00 999.976 37.52404294210526
C00 1025.028 20.428478610448703
C00 1050.014 9.6641397527846
C00 1075.002 0.9392449411510783
C00 1099.99 0.09319102019441522
C01 319.994 47.608544773702796
C01 324.969 48.92507757448083
C01 349.982 57.14024194339015
C01 374.975 71.29532244846519
C01 400.019 83.9324467970041
C01 424.965 86.58337324230655
C01 450.035 86.55561194810419
C01 475.003 87.80968183692688
C01 500.018 86.90423714129886
C01 525.002 87.16996338386373
C01 550.029 89.01886095855768
C01 575.023 91.00621856548392
C01 599.982 91.84716405899673
C01 619.997 93.15281483277668
C01 624.979 93.44271480351556
C01 650.012 94.46959783933995
C01 675.004 95.6991629584882
C01 700.03 97.24922244193054
C01 725.012 97.72669976520426
C01 750.022 98.44994075870044
C01 774.987 99.5439328354461
C01 799.976 99.13854557287979
C01 824.988 99.44873145882201
C01 850.022 98.5585993572507
C01 869.967 96.84477441338883
C01 875.002 96.12695326213294
C01 899.999 91.36598369010146
C01 919.999 85.02215843016226
C01 925.012 82.48841297738733
C01 949.965 71.49148378409367
C01 975.002 55.35810312151812
C01 999.976 37.42190509125035
C01 1025.028 20.399910883753908
C01 1050.014 9.691043611007547
C01 1075.002 0.937920454045473
C01 1099.99 0.09305960580057837
C02 319.994 47.46005341414227
C02 324.969 48.72367346532161
C02 349.982 56.711958926814475
C02 374.975 70.96969309159398
C02 400.019 83.91279217024352
C02 424.965 86.73098695695886
C02 450.035 86.71886929831368
C02 475.003 87.94289139698888
C02 500.018 86.98906845045468
C02 525.002 87.22993578592597
C02 550.029 89.02658269402218
C02 575.023 91.02524190380173
C02 599.982 91.85909695029281
C02 619.997 93.16484780638687
C02 624.979 93.45454761249755
C02 650.012 94.46409331206468
C02 675.004 95.72328279618537
C02 700.03 97.28701506346115
C02 725.012 97.7678028017396
C02 750.022 98.50092114977312
C02 774.987 99.60049474018952
C02 799.976 99.20824135668846
C02 824.988 99.5042309513081
C02 850.022 98.61066525649933
C02 869.967 96.90473911681153
C02 875.002 96.16015749449423
C02 899.999 91.3943454781884
C02 919.999 85.09511843713837
C02 925.012 82.56792452661696
C02 949.965 71.55047076029405
C02 975.002 55.3397341675617
C02 999.976 37.375844130847476
C02 1025.028 20.385131420485745
C02 1050.014 9.664573763588997
C02 1075.002 0.9384060670068199
C02 1099.99 0.09310778787247974
C03 319.994 47.35422791494489
C03 324.969 48.56632867028335
C03 349.982 56.39806614593093
C03 374.975 70.7791055709967
C03 400.019 83.99541396984968
C03 424.965 86.96002918208771
C03 450.035 86.97222382712835
C03 475.003 88.1703169078131
C03 500.018 87.16993258930555
C03 525.002 87.3695121208924
C03 550.029 89.14378678246834
C03 575.023 91.12399235325647
C03 599.982 91.94999478741077
C03 619.997 93.25553008159754
C03 624.979 93.54764726052562
C03 650.012 94.55953334651468
C03 675.004 95.82439672798068
C03 700.03 97.40021585934348
C03 725.012 97.89894912640331
C03 750.022 98.6383418656667
C03 774.987 99.75763937059959
C03 799.976 99.37433180625082
C03 824.988 99.69061501471334
C03 850.022 98.80198414785347
C03 869.967 97.09775940750531
C03 875.002 96.3398129469364
C03 899.999 91.55792617125881
C03 919.999 85.28966305846222
C03 925.012 82.77919059303441
C03 949.965 71.80941450141901
C03 975.002 55.5256409153151
C03 999.976 37.44020090813108
C03 1025.028 20.42924847440329
C03 1050.014 9.621264104493823
C03 1075.002 0.939715177003279
C03 1099.99 0.09323767656367377
C04 319.994 47.08404800940274
C04 324.969 48.25392172683216
C04 349.982 55.96482520548772
C04 374.975 70.42666185258727
C04 400.019 83.825158556293
C04 424.965 86.90567678689393
C04 450.035 86.94438554653051
C04 475.003 88.1303609685701
C04 500.018 87.09744989798129
C04 525.002 87.24918238479063
C04 550.029 88.9874043173733
C04 575.023 90.9257523849506
C04 599.982 91.73076062906334
C04 619.997 93.01880461420193
C04 624.979 93.3069108019266
C04 650.012 94.3221765906763
C04 675.004 95.5796184836201
C04 700.03 97.15636915036794
C04 725.012 97.6746800577929
C04 750.022 98.42508955024641
C04 774.987 99.56593554726817
C04 799.976 99.18921801837064
C04 824.988 99.52353144064956
C04 850.022 98.64263770653329
C04 869.967 96.93245421917662
C04 875.002 96.16936506739108
C04 899.999 91.38221242226412
C04 919.999 85.12766828513826
C04 925.012 82.63341685323358
C04 949.965 71.73086528213261
C04 975.002 55.51495905294522
C04 999.976 37.37174460528931
C04 1025.028 20.371531773727984
C04 1050.014 9.586361359782728
C04 1075.002 0.9376834087632189
C04 1099.99 0.09303608638544214
C05 319.994 46.92230344186402
C05 324.969 48.051158807793094
C05 349.982 55.6516406994424
C05 374.975 70.17851930274514
C05 400.019 83.7428139077105
C05 424.965 86.91814858295822
C05 450.035 87.00063180705257
C05 475.003 88.17806943783579
C05 500.018 87.11632696214774
C05 525.002 87.22714117977083
C05 550.029 88.94441511414924
C05 575.023 90.84222214587803
C05 599.982 91.62555871966919
C05 619.997 92.90146195024394
C05 624.979 93.19121564683144
C05 650.012 94.21238629211281
C05 675.004 95.45911937744832
C05 700.03 97.04363797149792
C05 725.012 97.57572174507042
C05 750.022 98.35624831542734
C05 774.987 99.51717236438469
C05 799.976 99.16209571125059
C05 824.988 99.5198437923071
C05 850.022 98.64988212634594
C05 869.967 96.91744957070175
C05 875.002 96.16174341424068
C05 899.999 91.3895107325536
C05 919.999 85.10142362292642
C05 925.012 82.60865032981455
C05 949.965 71.78263093443897
C05 975.002 55.6028813658787
C05 999.976 37.37171381073112
C05 1025.028 20.36635828795317
C05 1050.014 9.66473254802963
C05 1075.002 0.9370273258971837
C05 1099.99 0.09297099044620506
C06 319.994 46.76942385776235
C06 324.969 47.84072419444659
C06 349.982 55.26325588231313
C06 374.975 69.77162310682786
C06 400.019 83.48318498766595
C06 424.965 86.74526023467688
C06 450.035 86.8920886880955
C06 475.003 88.05930252556182
C06 500.018 86.97638109248311
C06 525.002 87.04926411306376
C06 550.029 88.75770000924351
C06 575.023 90.61413455205286
C06 599.982 91.38425256174378
C06 619.997 92.65037082145575
C06 624.979 92.9347970594775
C06 650.012 93.97148816208333
C06 675.004 95.20216958396573
C06 700.03 96.79430983116573
C06 725.012 97.33650961710148
C06 750.022 98.16495251999183
C06 774.987 99.3447998249529
C06 799.976 99.02677672395302
C06 824.988 99.40981483591769
C06 850.022 98.55454987284958
C06 869.967 96.7844324766284
C06 875.002 96.06391680153145
C06 899.999 91.30514134177052
C06 919.999 84.99625250809044
C06 925.012 82.5018394047553
C06 949.965 71.71211909483844
C06 975.002 55.46629980169562
C06 999.976 37.268952370072995
C06 1025.028 20.380937586593138
C06 1050.014 9.739925160474035
C06 1075.002 0.9352045252723943
C06 1099.99 0.09279013384278598
C07 319.994 46.89689023272314
C07 324.969 47.92271085629021
C07 349.982 55.11457590608373
C07 374.975 69.61325439273
C07 400.019 83.56343560629199
C07 424.965 86.95067533503949
C07 450.035 87.08019724675901
C07 475.003 88.20139631565974
C07 500.018 87.08570947267386
C07 525.002 87.17969446424969
C07 550.029 88.86920710442574
C07 575.023 90.7853599941923
C07 599.982 91.57320027211779
C07 619.997 92.85390745376917
C07 624.979 93.14189816190066
C07 650.012 94.15011199682635
C07 675.004 95.43269764652692
C07 700.03 97.04566271369848
C07 725.012 97.61801807073537
C07 750.022 98.50266874095003
C07 774.987 99.72219483413046
C07 799.976 99.44033224307748
C07 824.988 99.79774928263352
C07 850.022 98.97364841244705
C07 869.967 97.23159255737052
C07 875.002 96.48366202685078
C07 899.999 91.74465667344361
C07 919.999 85.47296766604913
C07 925.012 82.98382813080289
C07 949.965 72.02809435771914
C07 975.002 55.604317162154004
C07 999.976 37.43380718798825
C07 1025.028 20.686794912450683
C07 1050.014 9.958581920855522
C07 1075.002 0.9384214949313798
C07 1099.99 0.09310931861698124
C10 319.994 47.93524424147087
C10 324.969 49.348333379433065
C10 349.982 57.6774376136211
C10 374.975 71.75619380623849
C10 400.019 84.07399398369427
C10 424.965 86.7263446773127
C10 450.035 86.4949928603201
C10 475.003 87.78393758628553
C10 500.018 86.94700308397611
C10 525.002 87.38334657615631
C10 550.029 89.18927804354482
C10 575.023 91.31186995273362
C10 599.982 92.16321630827288
C10 619.997 93.47817473726379
C10 624.979 93.7658498011739
C10 650.012 94.69579926647639
C10 675.004 96.02299083370566
C10 700.03 97.56420458030982
C10 725.012 98.14365808300799
C10 750.022 98.73067934837974
C10 774.987 99.94299951494524
C10 799.976 99.41087724817501
C10 824.988 99.62341359011755
C10 850.022 98.77951951765867
C10 869.967 97.22978337707724
C10 875.002 96.24338748662451
C10 899.999 91.27610207340355
C10 919.999 85.22373960803102
C10 925.012 82.90653378976248
C10 949.965 72.38033021286083
C10 975.002 56.74141007239716
C10 999.976 38.00193984123423
C10 1025.028 20.713147355616158
C10 1050.014 9.776546626463743
C10 1075.002 0.9405957074907325
C10 1099.99 0.09332504198971217
C11 319.994 47.69313357571292
C11 324.969 49.07755682932611
C11 349.982 57.358952594248464
C11 374.975 71.57262744490703
C11 400.019 84.07342428436787
C11 424.965 86.78839571205232
C11 450.035 86.56992371901994
C11 475.003 87.83067602696845
C11 500.018 86.93906578660433
C11 525.002 87.31585260325777
C11 550.029 89.08860293420362
C11 575.023 91.1767434314247
C11 599.982 92.01607221063288
C11 619.997 93.32501800213846
C11 624.979 93.61416350620183
C11 650.012 94.55379016141347
C11 675.004 95.87151240200134
C11 700.03 97.4184847309858
C11 725.012 97.98950822338125
C11 750.022 98.57972442416452
C11 774.987 99.77700144905744
C11 799.976 99.25172327284348
C11 824.988 99.48366018644157
C11 850.022 98.63105125401677
C11 869.967 97.03287527341281
C11 875.002 96.07225442815961
C11 899.999 91.28797337558326
C11 919.999 85.3620148729142
C11 925.012 83.02186710879899
C11 949.965 72.20527854686708
C11 975.002 56.33879816938714
C11 999.976 37.70477620408385
C11 1025.028 20.61018575032984
C11 1050.014 9.75306481351893
C11 1075.002 0.9391575702120859
C11 1099.99 0.09318235133011443
C12 319.994 47.55850361665471
C12 324.969 48.88463662094643
C12 349.982 56.993274914459704
C12 374.975 71.33303038496081
C12 400.019 84.10940002696567
C12 424.965 86.95981362018043
C12 450.035 86.76767097439487
C12 475.003 87.99325589689789
C12 500.018 87.0491717293892
C12 525.002 87.37171393180252
C12 550.029 89.11543269302095
C12 575.023 91.18481160566876
C12 599.982 92.02037575013901
C12 619.997 93.32975266545917
C12 624.979 93.62053028110627
C12 650.012 94.56452976357996
C12 675.004 95.88966579405047
C12 700.03 97.4444214476158
C12 725.012 98.02228133192797
C12 750.022 98.62093524165351
C12 774.987 99.82007533731651
C12 799.976 99.30475150203534
C12 824.988 99.54993777429186
C12 850.022 98.6985067337176
C12 869.967 97.08737394275795
C12 875.002 96.13521390236565
C12 899.999 91.35237249538437
C12 919.999 85.41796088649396
C12 925.012 83.06913675561056
C12 949.965 72.1675937062901
C12 975.002 56.277705615270975
C12 999.976 37.691261242361094
C12 1025.028 20.600864622499692
C12 1050.014 9.74560675645888
C12 1075.002 0.9395501170297433
C12 1099.99 0.09322129946473703
C13 319.994 47.35151799382475
C13 324.969 48.620981312419396
C13 349.982 56.5547719538869
C13 374.975 70.9948599442694
C13 400.019 84.02169712525924
C13 424.965 87.00848441938935
C13 450.035 86.83746684051764
C13 475.003 88.03113320346353
C13 500.018 87.03950223811961
C13 525.002 87.31615285020006
C13 550.029 89.03278779749614
C13 575.023 91.07944032620458
C13 599.982 91.90914580598044
C13 619.997 93.21696759611234
C13 624.979 93.50656731990891
C13 650.012 94.4563099874838
C13 675.004 95.7808686199884
C13 700.03 97.34413127025189
C13 725.012 97.93162985127549
C13 750.022 98.541693144808
C13 774.987 99.75578399846904
C13 799.976 99.25310902796173
C13 824.988 99.51206816636578
C13 850.022 98.66339323874892
C13 869.967 97.05671796008633
C13 875.002 96.10785293741966
C13 899.999 91.28389309662396
C13 919.999 85.36005171983001
C13 925.012 83.02752560886519
C13 949.965 72.13204138886732
C13 975.002 56.261118896369425
C13 999.976 37.67643751191554
C13 1025.028 20.583275155797292
C13 1050.014 9.702459731124112
C13 1075.002 0.9387950687406089
C13 1099.99 0.09314638426713773
C14 319.994 47.196209488946366
C14 324.969 48.42266435771807
C14 349.982 56.20625454164586
C14 374.975 70.74061237326741
C14 400.019 83.99686901272385
C14 424.965 87.1099755845224
C14 450.035 86.95134511667997
C14 475.003 88.12132276574326
C14 500.018 87.09375455099928
C14 525.002 87.34059603075815
C14 550.029 89.02709080423222
C14 575.023 91.06178734572593
C14 599.982 91.88176944375537
C14 619.997 93.18502594063656
C14 624.979 93.47370952632718
C14 650.012 94.41906396936095
C14 675.004 95.75721070066398
C14 700.03 97.32955774559157
C14 725.012 97.93943627177498
C14 750.022 98.5639730076537
C14 774.987 99.80406986570067
C14 799.976 99.31482132256133
C14 824.988 99.57619013514325
C14 850.022 98.73910935868246
C14 869.967 97.13157183239072
C14 875.002 96.16275963466073
C14 899.999 91.29310836816035
C14 919.999 85.3627539423106
C14 925.012 83.04859678530221
C14 949.965 72.2270887927005
C14 975.002 56.43653239842182
C14 999.976 37.75612228053495
C14 1025.028 20.586878119104753
C14 1050.014 9.6782811913004
C14 1075.002 0.9390071718672452
C14 1099.99 0.09316742894450745
C15 319.994 47.00723868265371
C15 324.969 48.22626051494389
C15 349.982 55.96887468988884
C15 374.975 70.61216057244475
C15 400.019 84.03015023148059
C15 424.965 87.21781042864124
C15 450.035 87.0628522118622
C15 475.003 88.22975040510714
C15 500.018 87.17445169071897
C15 525.002 87.40788214038896
C15 550.029 89.03458927914987
C15 575.023 91.05557454361242
C15 599.982 91.85012033658234
C15 619.997 93.13683245707949
C15 624.979 93.4272944285052
C15 650.012 94.34220845077463
C15 675.004 95.70530647284579
C15 700.03 97.28606813079702
C15 725.012 97.90952705713931
C15 750.022 98.5649122416783
C15 774.987 99.82323177953032
C15 799.976 99.35844181422817
C15 824.988 99.60979469676091
C15 850.022 98.78721045856497
C15 869.967 97.17884147920229
C15 875.002 96.185301251251
C15 899.999 91.29224612053122
C15 919.999 85.33642459506378
C15 925.012 83.02602437415375
C15 949.965 72.3735939032582
C15 975.002 56.67341183860836
C15 999.976 37.8944437372554
C15 1025.028 20.639958314113564
C15 1050.014 9.735131795026795
C15 1075.002 0.9390158587829524
C15 1099.99 0.0931682908523034
C16 319.994 46.734980144434175
C16 324.969 47.91866522120886
C16 349.982 55.55708600854016
C16 374.975 70.25108667910442
C16 400.019 83.77819685506327
C16 424.965 87.06874167111478
C16 450.035 86.93135174977938
C16 475.003 88.09868876547843
C16 500.018 87.02579865972798
C16 525.002 87.22426188858067
C16 550.029 88.81913515281947
C16 575.023 90.79277378407497
C16 599.982 91.55709471818786
C16 619.997 92.82852503918647
C16 624.979 93.11345938741826
C16 650.012 94.02556340625345
C16 675.004 95.38019292482416
C16 700.03 96.96394165491918
C16 725.012 97.63036668856692
C16 750.022 98.29772325759971
C16 774.987 99.60595307562754
C16 799.976 99.13713672184291
C16 824.988 99.39959874124033
C16 850.022 98.56123999061492
C16 869.967 96.93905195326742
C16 875.002 95.9304454877249
C16 899.999 91.01436372612343
C16 919.999 85.01715431445744
C16 925.012 82.72399904613016
C16 949.965 72.19109765282361
C16 975.002 56.42540786427806
C16 999.976 37.67119088906504
C16 1025.028 20.525292852057653
C16 1050.014 9.728090426832164
C16 1075.002 0.9364701787248155
C16 1099.99 0.09291571081560329
C17 319.994 46.733063183187255
C17 324.969 47.836709353923425
C17 349.982 55.18652354195956
C17 374.975 69.88329187344054
C17 400.019 83.68970869212316
C17 424.965 87.16732275049951
C17 450.035 87.11334758864349
C17 475.003 88.2840181152659
C17 500.018 87.19330565896678
C17 525.002 87.36998943654424
C17 550.029 88.94324492093826
C17 575.023 90.89436503152213
C17 599.982 91.63461231977512
C17 619.997 92.8943022154663
C17 624.979 93.1790056045117
C17 650.012 94.08823033215674
C17 675.004 95.44295223440201
C17 700.03 97.04028906329548
C17 725.012 97.733790212226
C17 750.022 98.45569934108075
C17 774.987 99.80253783643104
C17 799.976 99.36864251162643
C17 824.988 99.63365278071353
C17 850.022 98.77901140744864
C17 869.967 97.13228010722894
C17 875.002 96.14056445685002
C17 899.999 91.22373592721262
C17 919.999 85.14718433638701
C17 925.012 82.84720807342208
C17 949.965 72.38923753881538
C17 975.002 56.38609091211735
C17 999.976 37.68465196031097
C17 1025.028 20.578384595025785
C17 1050.014 9.793676099453279
C17 1075.002 0.937974738707552
C17 1099.99 0.09306499187487953
