lsstCam/transmission_sensor/r42_s11/19700101T000000.ecsv
# %ECSV 1.0
# ---
# datatype:
# - {name: amp_name, datatype: string}
# - {name: wavelength, unit: nm, datatype: float32}
# - {name: efficiency, unit: '%', datatype: float64}
# meta: !!omap
# - {MODE: AMP}
# - {TYPE: transmission_sensor}
# - {CALIBDATE: '1970-01-01T00:00:00'}
# - {INSTRUME: LSSTCAM}
# - {OBSTYPE: transmission_sensor}
# - {DETECTOR: 175}
# - {PARQUETFILE: qe_raft_allvalues_nircorrected_20230725.parquet}
# - {CALIBCLS: lsst.ip.isr.IntermediateSensorTransmissionCurve}
# - {CALIB_ID: 'raftName=R42 detectorName=S11 detector=175 calibDate=1970-01-01T00:00:00 ccd=175 ccdnum=175 filter=None'}
# - {DATE: '2023-08-02T16:57:56.119405'}
# - {CALIB_CREATION_DATE: '2023-08-02'}
# - {CALIB_CREATION_TIME: '16:57:56'}
# - __serialized_columns__:
#     efficiency:
#       __class__: astropy.units.quantity.Quantity
#       unit: !astropy.units.Unit {unit: '%'}
#       value: !astropy.table.SerializedColumn {name: efficiency}
#     wavelength:
#       __class__: astropy.units.quantity.Quantity
#       unit: !astropy.units.Unit {unit: nm}
#       value: !astropy.table.SerializedColumn {name: wavelength}
# schema: astropy-2.0
amp_name wavelength efficiency
C00 319.994 47.458778381347656
C00 324.969 48.79481506347656
C00 349.982 57.02778244018555
C00 374.975 70.90927124023438
C00 400.019 83.20846557617188
C00 424.965 85.72650146484375
C00 450.035 85.68869018554688
C00 475.003 86.94961547851562
C00 500.018 86.1004409790039
C00 525.002 86.40933227539062
C00 550.029 88.2977066040039
C00 575.023 90.2898178100586
C00 599.982 91.1444320678711
C00 619.997 92.4439926147461
C00 624.979 92.73519897460938
C00 650.012 93.76897430419922
C00 675.004 94.97173309326172
C00 700.03 96.50936126708984
C00 725.012 96.98058319091797
C00 750.022 97.70221710205078
C00 774.987 98.79095458984375
C00 799.976 98.38335418701172
C00 824.988 98.69477844238281
C00 850.022 97.78752136230469
C00 869.967 96.07757568359375
C00 875.002 95.37150573730469
C00 899.999 90.57379913330078
C00 919.999 84.16619873046875
C00 925.012 81.6438980102539
C00 949.965 70.92314910888672
C00 975.002 55.08559799194336
C00 999.976 37.1865348815918
C00 1025.028 20.244735717773438
C00 1050.014 9.577216148376465
C00 1075.002 0.9307969511803793
C00 1099.99 0.09235281839053136
C01 319.994 47.18033218383789
C01 324.969 48.485023498535156
C01 349.982 56.62629699707031
C01 374.975 70.65406036376953
C01 400.019 83.17752075195312
C01 424.965 85.80460357666016
C01 450.035 85.77709197998047
C01 475.003 87.01988220214844
C01 500.018 86.1225814819336
C01 525.002 86.38591766357422
C01 550.029 88.21818542480469
C01 575.023 90.18766784667969
C01 599.982 91.02104949951172
C01 619.997 92.31495666503906
C01 624.979 92.60224914550781
C01 650.012 93.6198959350586
C01 675.004 94.8384017944336
C01 700.03 96.37451934814453
C01 725.012 96.84770202636719
C01 750.022 97.56443786621094
C01 774.987 98.64859008789062
C01 799.976 98.2468490600586
C01 824.988 98.55424499511719
C01 850.022 97.672119140625
C01 869.967 95.97370910644531
C01 875.002 95.26234436035156
C01 899.999 90.54419708251953
C01 919.999 84.25743103027344
C01 925.012 81.74647521972656
C01 949.965 70.84845733642578
C01 975.002 54.86018753051758
C01 999.976 37.0853157043457
C01 1025.028 20.2164249420166
C01 1050.014 9.603878021240234
C01 1075.002 0.9294843771054375
C01 1099.99 0.09222258599665266
C02 319.994 47.03317642211914
C02 324.969 48.285430908203125
C02 349.982 56.201866149902344
C02 374.975 70.33135986328125
C02 400.019 83.15804290771484
C02 424.965 85.95088958740234
C02 450.035 85.93888092041016
C02 475.003 87.15189361572266
C02 500.018 86.20664978027344
C02 525.002 86.44535064697266
C02 550.029 88.22583770751953
C02 575.023 90.2065200805664
C02 599.982 91.03287506103516
C02 619.997 92.3268814086914
C02 624.979 92.61397552490234
C02 650.012 93.61444091796875
C02 675.004 94.8623046875
C02 700.03 96.41197204589844
C02 725.012 96.88843536376953
C02 750.022 97.61495971679688
C02 774.987 98.70464324951172
C02 799.976 98.31591796875
C02 824.988 98.60924530029297
C02 850.022 97.72371673583984
C02 869.967 96.03313446044922
C02 875.002 95.29524993896484
C02 899.999 90.57230377197266
C02 919.999 84.3297348022461
C02 925.012 81.82527160644531
C02 949.965 70.90691375732422
C02 975.002 54.841983795166016
C02 999.976 37.039669036865234
C02 1025.028 20.201778411865234
C02 1050.014 9.577646255493164
C02 1075.002 0.9299656222461582
C02 1099.99 0.09227033469740413
C03 319.994 46.92830276489258
C03 324.969 48.12950134277344
C03 349.982 55.89079666137695
C03 374.975 70.14248657226562
C03 400.019 83.23992156982422
C03 424.965 86.17787170410156
C03 450.035 86.18995666503906
C03 475.003 87.37727355957031
C03 500.018 86.3858871459961
C03 525.002 86.58367156982422
C03 550.029 88.34198760986328
C03 575.023 90.30438232421875
C03 599.982 91.12295532226562
C03 619.997 92.416748046875
C03 624.979 92.70623779296875
C03 650.012 93.70902252197266
C03 675.004 94.96250915527344
C03 700.03 96.52415466308594
C03 725.012 97.01840209960938
C03 750.022 97.75114440917969
C03 774.987 98.8603744506836
C03 799.976 98.48051452636719
C03 824.988 98.79395294189453
C03 850.022 97.91331481933594
C03 869.967 96.22441864013672
C03 875.002 95.4732894897461
C03 899.999 90.73441314697266
C03 919.999 84.52252960205078
C03 925.012 82.03463745117188
C03 949.965 71.16352844238281
C03 975.002 55.02621841430664
C03 999.976 37.10344696044922
C03 1025.028 20.245498657226562
C03 1050.014 9.5347261428833
C03 1075.002 0.9312629575205654
C03 1099.99 0.09239905511149339
C04 319.994 46.660552978515625
C04 324.969 47.81990432739258
C04 349.982 55.46145248413086
C04 374.975 69.793212890625
C04 400.019 83.07119750976562
C04 424.965 86.12400817871094
C04 450.035 86.16236877441406
C04 475.003 87.33767700195312
C04 500.018 86.31405639648438
C04 525.002 86.46442413330078
C04 550.029 88.18701171875
C04 575.023 90.10792541503906
C04 599.982 90.90569305419922
C04 619.997 92.1821517944336
C04 624.979 92.46766662597656
C04 650.012 93.47380065917969
C04 675.004 94.71993255615234
C04 700.03 96.28250122070312
C04 725.012 96.79615020751953
C04 750.022 97.53981018066406
C04 774.987 98.67039489746094
C04 799.976 98.29706573486328
C04 824.988 98.62837219238281
C04 850.022 97.75540161132812
C04 869.967 96.06060028076172
C04 875.002 95.30437469482422
C04 899.999 90.5602798461914
C04 919.999 84.36199188232422
C04 925.012 81.89017486572266
C04 949.965 71.08568572998047
C04 975.002 55.01563262939453
C04 999.976 37.035606384277344
C04 1025.028 20.18830108642578
C04 1050.014 9.500137329101562
C04 1075.002 0.9292494639146958
C04 1099.99 0.09219927812567758
C05 319.994 46.50026321411133
C05 324.969 47.61896514892578
C05 349.982 55.151084899902344
C05 374.975 69.54730224609375
C05 400.019 82.98959350585938
C05 424.965 86.13636779785156
C05 450.035 86.21810913085938
C05 475.003 87.38495635986328
C05 500.018 86.332763671875
C05 525.002 86.44258117675781
C05 550.029 88.1444091796875
C05 575.023 90.025146484375
C05 599.982 90.80143737792969
C05 619.997 92.06586456298828
C05 624.979 92.35301208496094
C05 650.012 93.36499786376953
C05 675.004 94.60051727294922
C05 700.03 96.17078399658203
C05 725.012 96.69808197021484
C05 750.022 97.47158813476562
C05 774.987 98.6220703125
C05 799.976 98.27018737792969
C05 824.988 98.62471771240234
C05 850.022 97.76258087158203
C05 869.967 96.04573059082031
C05 875.002 95.29682159423828
C05 899.999 90.56751251220703
C05 919.999 84.33598327636719
C05 925.012 81.86563110351562
C05 949.965 71.1369857788086
C05 975.002 55.10276412963867
C05 999.976 37.03557586669922
C05 1025.028 20.18317413330078
C05 1050.014 9.577803611755371
C05 1075.002 0.9285992821520144
C05 1099.99 0.09213476768849403
C06 319.994 46.348758697509766
C06 324.969 47.410423278808594
C06 349.982 54.76619338989258
C06 374.975 69.1440658569336
C06 400.019 82.7322998046875
C06 424.965 85.96503448486328
C06 450.035 86.11054229736328
C06 475.003 87.26725769042969
C06 500.018 86.19407653808594
C06 525.002 86.26630401611328
C06 550.029 87.9593734741211
C06 575.023 89.79911041259766
C06 599.982 90.56230163574219
C06 619.997 91.81703186035156
C06 624.979 92.0988998413086
C06 650.012 93.12626647949219
C06 675.004 94.34587860107422
C06 700.03 95.92369842529297
C06 725.012 96.46102142333984
C06 750.022 97.28201293945312
C06 774.987 98.45124816894531
C06 799.976 98.1360855102539
C06 824.988 98.51567840576172
C06 850.022 97.66810607910156
C06 869.967 95.91390991210938
C06 875.002 95.19987487792969
C06 899.999 90.48390197753906
C06 919.999 84.23175811767578
C06 925.012 81.75978088378906
C06 949.965 71.06710815429688
C06 975.002 54.967411041259766
C06 999.976 36.933738708496094
C06 1025.028 20.197622299194336
C06 1050.014 9.65231990814209
C06 1075.002 0.9267928766130243
C06 1099.99 0.0919555377904261
C07 319.994 46.47507858276367
C07 324.969 47.49167251586914
C07 349.982 54.61885070800781
C07 374.975 68.98712158203125
C07 400.019 82.81182861328125
C07 424.965 86.1686019897461
C07 450.035 86.29695892333984
C07 475.003 87.40807342529297
C07 500.018 86.30242156982422
C07 525.002 86.39556121826172
C07 550.029 88.06987762451172
C07 575.023 89.96879577636719
C07 599.982 90.74954986572266
C07 619.997 92.01873779296875
C07 624.979 92.30413818359375
C07 650.012 93.30328369140625
C07 675.004 94.57433319091797
C07 700.03 96.17279052734375
C07 725.012 96.73999786376953
C07 750.022 97.61669158935547
C07 774.987 98.82524871826172
C07 799.976 98.5459213256836
C07 824.988 98.9001235961914
C07 850.022 98.08343505859375
C07 869.967 96.35704803466797
C07 875.002 95.6158447265625
C07 899.999 90.91946411132812
C07 919.999 84.70418548583984
C07 925.012 82.23743438720703
C07 949.965 71.38024139404297
C07 975.002 55.10418701171875
C07 999.976 37.097110748291016
C07 1025.028 20.500728607177734
C07 1050.014 9.869009971618652
C07 1075.002 0.9299809114050498
C07 1099.99 0.0922718516737035
C10 319.994 47.504093170166016
C10 324.969 48.90447235107422
C10 349.982 57.158660888671875
C10 374.975 71.11078643798828
C10 400.019 83.31779479980469
C10 424.965 85.9462890625
C10 450.035 85.7170181274414
C10 475.003 86.99436950683594
C10 500.018 86.16496276855469
C10 525.002 86.59738159179688
C10 550.029 88.38706970214844
C10 575.023 90.49057006835938
C10 599.982 91.33425903320312
C10 619.997 92.63739013671875
C10 624.979 92.92247772216797
C10 650.012 93.84406280517578
C10 675.004 95.15931701660156
C10 700.03 96.6866683959961
C10 725.012 97.26091003417969
C10 750.022 97.8426513671875
C10 774.987 99.0440673828125
C10 799.976 98.51673126220703
C10 824.988 98.72735595703125
C10 850.022 97.89105224609375
C10 869.967 96.35525512695312
C10 875.002 95.37773132324219
C10 899.999 90.45512390136719
C10 919.999 84.45719909667969
C10 925.012 82.16083526611328
C10 949.965 71.72930908203125
C10 975.002 56.23105239868164
C10 999.976 37.660133361816406
C10 1025.028 20.526844024658203
C10 1050.014 9.68861198425293
C10 1075.002 0.9321355681221606
C10 1099.99 0.09248563473373278
C11 319.994 47.26416015625
C11 324.969 48.636131286621094
C11 349.982 56.843040466308594
C11 374.975 70.92887115478516
C11 400.019 83.31723022460938
C11 424.965 86.00778198242188
C11 450.035 85.79127502441406
C11 475.003 87.04068756103516
C11 500.018 86.15709686279297
C11 525.002 86.5304946899414
C11 550.029 88.28730010986328
C11 575.023 90.35665893554688
C11 599.982 91.18843841552734
C11 619.997 92.48561096191406
C11 624.979 92.77215576171875
C11 650.012 93.70333099365234
C11 675.004 95.00920104980469
C11 700.03 96.5422592163086
C11 725.012 97.10814666748047
C11 750.022 97.69305419921875
C11 774.987 98.87956237792969
C11 799.976 98.3590087890625
C11 824.988 98.58885955810547
C11 850.022 97.7439193725586
C11 869.967 96.16011810302734
C11 875.002 95.20813751220703
C11 899.999 90.46688842773438
C11 919.999 84.59423065185547
C11 925.012 82.27513122558594
C11 949.965 71.55583190917969
C11 975.002 55.832061767578125
C11 999.976 37.36564254760742
C11 1025.028 20.424808502197266
C11 1050.014 9.6653413772583
C11 1075.002 0.9307103660947719
C11 1099.99 0.09234422749788147
C12 319.994 47.130741119384766
C12 324.969 48.4449462890625
C12 349.982 56.48065185546875
C12 374.975 70.6914291381836
C12 400.019 83.3528823852539
C12 424.965 86.17765808105469
C12 450.035 85.98724365234375
C12 475.003 87.2018051147461
C12 500.018 86.2662124633789
C12 525.002 86.58585357666016
C12 550.029 88.31388854980469
C12 575.023 90.36465454101562
C12 599.982 91.19270324707031
C12 619.997 92.49030303955078
C12 624.979 92.7784652709961
C12 650.012 93.71397399902344
C12 675.004 95.02719116210938
C12 700.03 96.56796264648438
C12 725.012 97.140625
C12 750.022 97.73389434814453
C12 774.987 98.92224884033203
C12 799.976 98.41156005859375
C12 824.988 98.654541015625
C12 850.022 97.8107681274414
C12 869.967 96.21412658691406
C12 875.002 95.2705307006836
C12 899.999 90.53070831298828
C12 919.999 84.64967346191406
C12 925.012 82.32197570800781
C12 949.965 71.51848602294922
C12 975.002 55.77151870727539
C12 999.976 37.35224914550781
C12 1025.028 20.415571212768555
C12 1050.014 9.657950401306152
C12 1075.002 0.9310993821704117
C12 1099.99 0.09238282531552472
C13 319.994 46.92561721801758
C13 324.969 48.18366241455078
C13 349.982 56.04609298706055
C13 374.975 70.3563003540039
C13 400.019 83.2659683227539
C13 424.965 86.22589111328125
C13 450.035 86.05641174316406
C13 475.003 87.23934173583984
C13 500.018 86.25662994384766
C13 525.002 86.53079223632812
C13 550.029 88.23198699951172
C13 575.023 90.2602310180664
C13 599.982 91.08247375488281
C13 619.997 92.37853240966797
C13 624.979 92.66552734375
C13 650.012 93.60672760009766
C13 675.004 94.91937255859375
C13 700.03 96.46857452392578
C13 725.012 97.05078887939453
C13 750.022 97.65536499023438
C13 774.987 98.85853576660156
C13 799.976 98.36038208007812
C13 824.988 98.61701202392578
C13 850.022 97.77597045898438
C13 869.967 96.18374633789062
C13 875.002 95.24341583251953
C13 899.999 90.46284484863281
C13 919.999 84.59228515625
C13 925.012 82.2807388305664
C13 949.965 71.4832534790039
C13 975.002 55.75508117675781
C13 999.976 37.33755874633789
C13 1025.028 20.39813995361328
C13 1050.014 9.615191459655762
C13 1075.002 0.9303511251240026
C13 1099.99 0.09230858393878964
C14 319.994 46.771705627441406
C14 324.969 47.98712921142578
C14 349.982 55.70071029663086
C14 374.975 70.10433959960938
C14 400.019 83.24136352539062
C14 424.965 86.32646942138672
C14 450.035 86.16926574707031
C14 475.003 87.32872009277344
C14 500.018 86.31039428710938
C14 525.002 86.55501556396484
C14 550.029 88.2263412475586
C14 575.023 90.24273681640625
C14 599.982 91.05534362792969
C14 619.997 92.34687805175781
C14 624.979 92.63296508789062
C14 650.012 93.56981658935547
C14 675.004 94.89592742919922
C14 700.03 96.45413208007812
C14 725.012 97.05852508544922
C14 750.022 97.67744445800781
C14 774.987 98.90638732910156
C14 799.976 98.42153930664062
C14 824.988 98.68055725097656
C14 850.022 97.85100555419922
C14 869.967 96.25792694091797
C14 875.002 95.2978286743164
C14 899.999 90.47197723388672
C14 919.999 84.59496307373047
C14 925.012 82.30162048339844
C14 949.965 71.57744598388672
C14 975.002 55.928916931152344
C14 999.976 37.416526794433594
C14 1025.028 20.401710510253906
C14 1050.014 9.591230392456055
C14 1075.002 0.9305613205000534
C14 1099.99 0.09232943933089886
C15 319.994 46.584434509277344
C15 324.969 47.7924919128418
C15 349.982 55.4654655456543
C15 374.975 69.97704315185547
C15 400.019 83.27434539794922
C15 424.965 86.43333435058594
C15 450.035 86.27976989746094
C15 475.003 87.43617248535156
C15 500.018 86.39036560058594
C15 525.002 86.62169647216797
C15 550.029 88.23377227783203
C15 575.023 90.23657989501953
C15 599.982 91.02397918701172
C15 619.997 92.29911804199219
C15 624.979 92.58696746826172
C15 650.012 93.49365234375
C15 675.004 94.84449005126953
C15 700.03 96.4110336303711
C15 725.012 97.02888488769531
C15 750.022 97.67837524414062
C15 774.987 98.92537689208984
C15 799.976 98.46476745605469
C15 824.988 98.71385955810547
C15 850.022 97.89867401123047
C15 869.967 96.30477142333984
C15 875.002 95.3201675415039
C15 899.999 90.47112274169922
C15 919.999 84.5688705444336
C15 925.012 82.27925109863281
C15 949.965 71.7226333618164
C15 975.002 56.163665771484375
C15 999.976 37.55360412597656
C15 1025.028 20.454313278198242
C15 1050.014 9.64756965637207
C15 1075.002 0.9305699292817471
C15 1099.99 0.09233029348630979
C16 319.994 46.31462478637695
C16 324.969 47.48766326904297
C16 349.982 55.05738067626953
C16 374.975 69.61921691894531
C16 400.019 83.024658203125
C16 424.965 86.28560638427734
C16 450.035 86.14945220947266
C16 475.003 87.30628967285156
C16 500.018 86.24304962158203
C16 525.002 86.43972778320312
C16 550.029 88.02025604248047
C16 575.023 89.97614288330078
C16 599.982 90.73358917236328
C16 619.997 91.99358367919922
C16 624.979 92.27595520019531
C16 650.012 93.17985534667969
C16 675.004 94.52230072021484
C16 700.03 96.09180450439453
C16 725.012 96.75223541259766
C16 750.022 97.41358947753906
C16 774.987 98.71005249023438
C16 799.976 98.24545288085938
C16 824.988 98.50555419921875
C16 850.022 97.67473602294922
C16 869.967 96.067138671875
C16 875.002 95.0676040649414
C16 899.999 90.19573974609375
C16 919.999 84.25247192382812
C16 925.012 81.97994232177734
C16 949.965 71.54177856445312
C16 975.002 55.91789245605469
C16 999.976 37.332359313964844
C16 1025.028 20.340679168701172
C16 1050.014 9.640591621398926
C16 1075.002 0.928047146211028
C16 1099.99 0.09207998526766624
C17 319.994 46.31272506713867
C17 324.969 47.40644454956055
C17 349.982 54.69015121459961
C17 374.975 69.25473022460938
C17 400.019 82.93696594238281
C17 424.965 86.38330078125
C17 450.035 86.3298110961914
C17 475.003 87.48995208740234
C17 500.018 86.40904998779297
C17 525.002 86.58414459228516
C17 550.029 88.14324951171875
C17 575.023 90.07682037353516
C17 599.982 90.81040954589844
C17 619.997 92.05876922607422
C17 624.979 92.34091186523438
C17 650.012 93.24195861816406
C17 675.004 94.5844955444336
C17 700.03 96.16746520996094
C17 725.012 96.85472869873047
C17 750.022 97.57014465332031
C17 774.987 98.90486907958984
C17 799.976 98.4748764038086
C17 824.988 98.73750305175781
C17 850.022 97.89054870605469
C17 869.967 96.25862884521484
C17 875.002 95.27583312988281
C17 899.999 90.40322875976562
C17 919.999 84.38133239746094
C17 925.012 82.10204315185547
C17 949.965 71.7381362915039
C17 975.002 55.878929138183594
C17 999.976 37.345699310302734
C17 1025.028 20.393293380737305
C17 1050.014 9.705587387084961
C17 1075.002 0.9295381735069354
C17 1099.99 0.09222792362618752
