lsstCam/transmission_filter_detector/r03_s02/r_57/19700101T000000.ecsv
# %ECSV 1.0
# ---
# datatype:
# - {name: wavelength, unit: nm, datatype: float32}
# - {name: efficiency, unit: '%', datatype: float64}
# meta: !!omap
# - {MODE: DETECTOR}
# - {TYPE: transmission_filter_detector}
# - {CALIBDATE: '1970-01-01T00:00:00'}
# - {INSTRUME: LSSTCam}
# - {OBSTYPE: transmission_filter_detector}
# - {CALIBCLS: lsst.ip.isr.IntermediateFilterDetectorTransmissionCurve}
# - {SOURCE: Materion (DM-46256)}
# - {DETECTOR: 20}
# - {FILTER: r_57}
# - {CALIB_ID: 'calibDate=1970-01-01T00:00:00 filter=r_57 detector=20'}
# - {DATE: '2025-04-02T15:59:44.277396'}
# - {CALIB_CREATION_DATE: '2025-04-02'}
# - {CALIB_CREATION_TIME: '15:59:44'}
# - __serialized_columns__:
#     efficiency:
#       __class__: astropy.units.quantity.Quantity
#       unit: !astropy.units.Unit {unit: '%'}
#       value: !astropy.table.SerializedColumn {name: efficiency}
#     wavelength:
#       __class__: astropy.units.quantity.Quantity
#       unit: !astropy.units.Unit {unit: nm}
#       value: !astropy.table.SerializedColumn {name: wavelength}
# schema: astropy-2.0
wavelength efficiency
300.0 0.0036166580684948713
301.0 0.01003511788439937
302.0 0.016453576972708106
303.0 0.019402601174078882
304.0 0.022351625375449657
305.0 0.019582794629968703
306.0 0.016813963884487748
307.0 0.01488448615418747
308.0 0.012955008423887193
309.0 0.011843858374049887
310.0 0.010732709779404104
311.0 0.010048603144241497
312.0 0.00936449650907889
313.0 0.008562391303712502
314.0 0.007760285370750353
315.0 0.007320991426240653
316.0 0.00688169602653943
317.0 0.0063627092458773404
318.0 0.005843720646225847
319.0 0.005784966924693435
320.0 0.005726214294554666
321.0 0.005052128472016193
322.0 0.004378043013275601
323.0 0.004082094892510213
324.0 0.0037861471355427057
325.0 0.0038639449485344812
326.0 0.003941743852919899
327.0 0.004139438533456996
328.0 0.0043371328501962125
329.0 0.004261949288775213
330.0 0.004186766454949975
331.0 0.0038732490793336183
332.0 0.0035597302485257387
333.0 0.00322805717587471
334.0 0.0028963831937289797
335.0 0.002587780181784183
336.0 0.0022791769879404455
337.0 0.0020898814909742214
338.0 0.0019005861759069376
339.0 0.0017865142581285909
340.0 0.0016724425222491845
341.0 0.001644652547838632
342.0 0.0016168625734280795
343.0 0.0015317429642891511
344.0 0.0014466232642007526
345.0 0.0013906210369896144
346.0 0.0013346188097784761
347.0 0.0013405476238403935
348.0 0.0013464766198012512
349.0 0.001304278430325212
350.0 0.006148005923023447
351.0 0.00654404575470835
352.0 0.006940086313989013
353.0 0.00636051336186938
354.0 0.0057809415011433885
355.0 0.005881769902771339
356.0 0.005982599031995051
357.0 0.00717222283128649
358.0 0.008361846266780049
359.0 0.006579696491826326
360.0 0.004797545989276841
361.0 0.0032704974728403613
362.0 0.0017434484107070602
363.0 0.0027606960429693572
364.0 0.003777943129534833
365.0 0.004062947118654847
366.0 0.0043479507439769804
367.0 0.0036950481444364414
368.0 0.0030421455448959023
369.0 0.0025832036044448614
370.0 0.002124261845892761
371.0 0.002554246566432994
372.0 0.002984231468872167
373.0 0.003520108657539822
374.0 0.0040559854824095964
375.0 0.003690812809509225
376.0 0.0033256408642046154
377.0 0.0016515023162355646
378.0 2.695490532167444e-10
379.0 0.0008828454156173393
380.0 0.0017883268810692243
381.0 0.0028697764719254337
382.0 0.003951226608478464
383.0 0.004009270196547732
384.0 0.004067314512212761
385.0 0.005045863872510381
386.0 0.006024412869010121
387.0 0.005249117384664714
388.0 0.004473821536521427
389.0 0.0037779504054924473
390.0 0.003082078183069825
391.0 0.0022170481315697543
392.0 0.0013520181710191537
393.0 0.0014024294614500832
394.0 0.001452840388083132
395.0 0.0012667273040278815
396.0 0.0010806143109221011
397.0 0.001008411345537752
398.0 0.0009362087439512834
399.0 0.0008237435395130888
400.0 0.0007112776984286029
401.0 0.0003728690899151843
402.0 3.445993002060277e-05
403.0 0.0002506630835341639
404.0 0.0004668662313633831
405.0 0.0009862720617093146
406.0 0.0015056775737321004
407.0 0.0020710944227175787
408.0 0.0026365110898041166
409.0 0.002146183942386415
410.0 0.0016558564311708324
411.0 0.0012580716429511085
412.0 0.0008602868547313847
413.0 0.0008468842679576483
414.0 0.0008334818630828522
415.0 0.0008518776667187922
416.0 0.0008702737432031427
417.0 0.0014157293662719894
418.0 0.001961185444088187
419.0 0.002557448715378996
420.0 0.0031537121685687453
421.0 0.005075177614344284
422.0 0.006996643060119823
423.0 0.010720385034801438
424.0 0.01444412482669577
425.0 0.0190008053323254
426.0 0.02355748147238046
427.0 0.023608670744579285
428.0 0.023659862927161157
429.0 0.01809381792554632
430.0 0.01252777292393148
431.0 0.009037977724801749
432.0 0.0055481788876932114
433.0 0.004493055894272402
434.0 0.0034379318094579503
435.0 0.002711365232244134
436.0 0.001984798291232437
437.0 0.0017047639630618505
438.0 0.0014247299077396747
439.0 0.0011715578693838324
440.0 0.0009183858310279902
441.0 0.0012421495739545207
442.0 0.0015659134078305215
443.0 0.0017995973394135945
444.0 0.0020332812709966674
445.0 0.0019333150703459978
446.0 0.0018333488696953282
447.0 0.0017890750314109027
448.0 0.001744801556924358
449.0 0.001991006502066739
450.0 0.002237211083411239
451.0 0.0021841357010998763
452.0 0.002131060500687454
453.0 0.0019258679458289407
454.0 0.0017206757547683083
455.0 0.0014889140402374323
456.0 0.0012571527804539073
457.0 0.0009717465218272991
458.0 0.0006863404450996313
459.0 0.0009484425390837714
460.0 0.0012105447240173817
461.0 0.002006020258704666
462.0 0.0028014952476951294
463.0 0.0037124333175597712
464.0 0.0046233715693233535
465.0 0.005811770097352564
466.0 0.007000168989179656
467.0 0.0075185365858487785
468.0 0.008036906365305185
469.0 0.0067754714109469205
470.0 0.005514039003173821
471.0 0.004171995897195302
472.0 0.0028299527912167832
473.0 0.0023135673473007046
474.0 0.0017971817214856856
475.0 0.0015091423847479746
476.0 0.0012211033208586741
477.0 0.000997111237666104
478.0 0.0007731189725745935
479.0 0.0010251483217871282
480.0 0.0012771773981512524
481.0 0.0010052865036414005
482.0 0.000733395836505224
483.0 0.0007933203050924931
484.0 0.0008532445463060867
485.0 0.0007624575118825305
486.0 0.0006716702500852989
487.0 0.0007438504326273687
488.0 0.0008160304787452333
489.0 0.0008090682058536913
490.0 0.0008021059329621494
491.0 0.0009137230335909408
492.0 0.001025340043270262
493.0 0.0011704610187734943
494.0 0.0013155820852261968
495.0 0.0011427257049945183
496.0 0.0009698692338133696
497.0 0.001202466319227824
498.0 0.001435063222743338
499.0 0.001456392874388257
500.0 0.0014777226169826463
501.0 0.0017001586456899531
502.0 0.0019225948562962003
503.0 0.0023620597858098336
504.0 0.002801524897222407
505.0 0.0035270346415927634
506.0 0.004252544749761
507.0 0.004938103666063398
508.0 0.005623662218567915
509.0 0.006031334487488493
510.0 0.006439005665015429
511.0 0.0057117104006465524
512.0 0.0049844140448840335
513.0 0.004242211070959456
514.0 0.0035000077332369983
515.0 0.0033641794288996607
516.0 0.003228351124562323
517.0 0.003022121381945908
518.0 0.0028158914574305527
519.0 0.07933259475976229
520.0 0.13437580782920122
521.0 0.07780484738759696
522.0 0.13411353575065732
523.0 0.08323476649820805
524.0 0.05055670626461506
525.0 0.09320452809333801
526.0 0.11165529722347856
527.0 0.09106621728278697
528.0 0.09724325500428677
529.0 0.07746230694465339
530.0 0.2842251444235444
531.0 0.39656106382608414
532.0 0.36250404082238674
533.0 0.47651580534875393
534.0 0.7285448256880045
535.0 1.0748976841568947
536.0 1.676776073873043
537.0 2.6969064027071
538.0 4.110821336507797
539.0 6.115498393774033
540.0 9.036968648433685
541.0 12.18503713607788
542.0 16.281236708164215
543.0 21.46908789873123
544.0 27.57953703403473
545.0 34.311383962631226
546.0 42.142659425735474
547.0 49.56356585025787
548.0 58.00246000289917
549.0 65.03501534461975
550.0 69.34815049171448
551.0 75.12859106063843
552.0 77.82486081123352
553.0 81.51379823684692
554.0 84.63016152381897
555.0 88.21430802345276
556.0 90.96673727035522
557.0 92.88977980613708
558.0 94.9432373046875
559.0 95.82780599594116
560.0 95.06928324699402
561.0 95.77579498291016
562.0 96.00636959075928
563.0 95.61802744865417
564.0 95.8555281162262
565.0 95.29327154159546
566.0 96.24025225639343
567.0 95.8268404006958
568.0 96.45546078681946
569.0 97.38874435424805
570.0 96.86722755432129
571.0 97.62175679206848
572.0 97.21928238868713
573.0 97.27044701576233
574.0 97.13674187660217
575.0 97.09866642951965
576.0 97.27897047996521
577.0 97.18014001846313
578.0 97.31096625328064
579.0 97.32694029808044
580.0 96.66986465454102
581.0 96.79765701293945
582.0 96.75028324127197
583.0 97.09312319755554
584.0 96.73526287078857
585.0 96.79471254348755
586.0 96.86756730079651
587.0 96.72428369522095
588.0 96.61997556686401
589.0 97.49661684036255
590.0 97.15022444725037
591.0 96.57580256462097
592.0 95.94488739967346
593.0 96.37233018875122
594.0 96.21574282646179
595.0 96.94588780403137
596.0 97.71624207496643
597.0 97.96083569526672
598.0 97.23101854324341
599.0 97.30725884437561
600.0 97.10690379142761
601.0 96.33747935295105
602.0 96.90093994140625
603.0 96.37641310691833
604.0 96.60558104515076
605.0 96.77403569221497
606.0 96.29821181297302
607.0 96.76524996757507
608.0 96.31124138832092
609.0 95.95367908477783
610.0 96.07887864112854
611.0 95.99233269691467
612.0 96.31494879722595
613.0 97.21527099609375
614.0 96.96449637413025
615.0 96.28377556800842
616.0 96.55499458312988
617.0 96.89401388168335
618.0 96.72009944915771
619.0 97.19823598861694
620.0 96.44291996955872
621.0 95.97333073616028
622.0 96.87835574150085
623.0 96.87684774398804
624.0 96.65083885192871
625.0 96.93704843521118
626.0 96.46092057228088
627.0 95.83839178085327
628.0 97.61784672737122
629.0 96.03111743927002
630.0 96.4756429195404
631.0 96.4853823184967
632.0 96.91380262374878
633.0 96.80018424987793
634.0 96.23620510101318
635.0 96.48579955101013
636.0 96.53763175010681
637.0 95.81674337387085
638.0 95.6558346748352
639.0 95.564204454422
640.0 95.96655368804932
641.0 95.93791365623474
642.0 96.49558067321777
643.0 96.54163122177124
644.0 96.70969247817993
645.0 96.48525714874268
646.0 96.73545360565186
647.0 97.53314852714539
648.0 96.67381644248962
649.0 96.27470970153809
650.0 96.57210111618042
651.0 97.42998480796814
652.0 96.97238206863403
653.0 96.31807804107666
654.0 96.85192108154297
655.0 96.87408208847046
656.0 96.27047181129456
657.0 95.6717848777771
658.0 96.51049375534058
659.0 96.14518284797668
660.0 95.70870995521545
661.0 95.56546211242676
662.0 95.93673348426819
663.0 95.89671492576599
664.0 95.4487681388855
665.0 95.56374549865723
666.0 95.27506232261658
667.0 95.76838612556458
668.0 94.8779046535492
669.0 95.84097862243652
670.0 95.52181959152222
671.0 95.77687978744507
672.0 95.13223171234131
673.0 95.42695879936218
674.0 94.61914896965027
675.0 95.23646831512451
676.0 94.23895478248596
677.0 92.93923377990723
678.0 91.86912178993225
679.0 90.10266065597534
680.0 88.51006627082825
681.0 86.29857301712036
682.0 83.11802744865417
683.0 79.77198958396912
684.0 75.69721937179565
685.0 71.14514112472534
686.0 66.58039093017578
687.0 62.21246123313904
688.0 57.791006565093994
689.0 53.81692051887512
690.0 48.86581003665924
691.0 44.7395920753479
692.0 39.593902230262756
693.0 34.57458019256592
694.0 28.64091992378235
695.0 22.73341566324234
696.0 17.107848823070526
697.0 12.379417568445206
698.0 7.960035651922226
699.0 4.9910567700862885
700.0 3.169405460357666
701.0 1.8389735370874405
702.0 1.1079813353717327
703.0 0.6306292954832315
704.0 0.4127094056457281
705.0 0.2820184454321861
706.0 0.19868474919348955
707.0 0.1333553111180663
708.0 0.08655927376821637
709.0 0.06780904368497431
710.0 0.1101461355574429
711.0 0.02486040466465056
712.0 0.03838939301203936
713.0 0.09140798938460648
714.0 0.026607364998199046
715.0 0.0335156568326056
716.0 0.009047903586179018
717.0 0.05645338096655905
718.0 0.03082624461967498
719.0 0.04019027983304113
720.0 2.695490532167444e-10
721.0 0.0038152567867655307
722.0 0.0035899862268706784
723.0 0.003364715666975826
724.0 0.00309784991259221
725.0 0.0028309841582085937
726.0 0.0026403367883176543
727.0 0.002449689600325655
728.0 0.002338130980206188
729.0 0.0022265719962888397
730.0 0.0020413630409166217
731.0 0.0018561544493422844
732.0 0.0018268669009557925
733.0 0.0017975793525693007
734.0 0.0017102756828535348
735.0 0.001622972013137769
736.0 0.0014614481187891215
737.0 0.0012999243153899442
738.0 0.0013187120202928782
739.0 0.0013374998161452822
740.0 0.0013508521078620106
741.0 0.0013642048543260898
742.0 0.0012045646144542843
743.0 0.0010449243745824788
744.0 0.0011262643056397792
745.0 0.001207603963848669
746.0 0.0011347346116963308
747.0 0.0010618650776450522
748.0 0.0009493653124081902
749.0 0.0008368655471713282
750.0 0.000835668106446974
751.0 0.0008344708476215601
752.0 0.0008958168109529652
753.0 0.0009571627742843702
754.0 0.0009336780749436002
755.0 0.0009101936484512407
756.0 0.0008747903848416172
757.0 0.0008393869393330533
758.0 0.0008911528311728034
759.0 0.0009429185411136132
760.0 0.0009748757292982191
761.0 0.0010068332812807057
762.0 0.0009633947229303885
763.0 0.000919956528377952
764.0 0.0008955059456638992
765.0 0.0008710554538993165
766.0 0.0006910406227689236
767.0 0.0005110258371132659
768.0 0.0004917965270578861
769.0 0.0004725670805783011
770.0 0.0006235247383301612
771.0 0.0007744825779809617
772.0 0.0007242584160849219
773.0 0.0006740340268152067
774.0 0.0007619769348821137
775.0 0.0008499197974742856
776.0 0.0008251559847849421
777.0 0.0008003922630450688
778.0 0.0007626599199284101
779.0 0.0007249276222864864
780.0 0.0006379721980920294
781.0 0.0005510168193723075
782.0 0.000616909619566286
783.0 0.0006828023742855294
784.0 0.0006839860361651517
785.0 0.0006851694706710987
786.0 0.0006192504770297091
787.0 0.0005533314833883196
788.0 0.0005593776222667657
789.0 0.0005654238520946819
790.0 0.0006438875061576255
791.0 0.0007223510692710988
792.0 0.0006958189260330983
793.0 0.0006692866918456275
794.0 0.0006911573564138962
795.0 0.0007130277936084894
796.0 0.0005932154181209626
797.0 0.0004734029971587006
798.0 0.0005880781372979982
799.0 0.0007027532319625607
800.0 0.0006696446689602453
801.0 0.0006365358785842545
802.0 0.0005230884653428802
803.0 0.0004096407792530954
804.0 0.0005242361112323124
805.0 0.0006388314886862645
806.0 0.0005779809271189151
807.0 0.000517130456501036
808.0 0.0006241975370357977
809.0 0.0007312645720958244
810.0 0.0006008931904943893
811.0 0.00047052208174136467
812.0 0.0005623039669444552
813.0 0.0006540858521475457
814.0 0.0005191223408473888
815.0 0.0003841588750219671
816.0 0.0004937970970786409
817.0 0.00060343545555952
818.0 0.0005504255568666849
819.0 0.0004974156126991147
820.0 0.00037586871712846914
821.0 0.000254321798820456
822.0 0.00025503322831355035
823.0 0.00025574470328137977
824.0 0.00025282502065238077
825.0 0.0002499053380233818
826.0 0.00037204765703791054
827.0 0.0004941899533150718
828.0 0.0003273643415013794
829.0 0.00016053871831900324
830.0 0.00012640767863558722
831.0 9.227666737388063e-05
832.0 2.593839383280283e-05
833.0 2.695490532167444e-10
834.0 2.695490532167444e-10
835.0 2.695490532167444e-10
836.0 0.0002475723704264965
837.0 0.0005220832463237457
838.0 0.0007414987067022594
839.0 0.0009609142580302432
840.0 0.0015012299627414905
841.0 0.0020415456674527377
842.0 0.0031581897928845137
843.0 0.0042748342821141705
844.0 0.004935393371852115
845.0 0.005595951733994298
846.0 0.0055155727750388905
847.0 0.005435193816083483
848.0 0.004365899076219648
849.0 0.00329660288116429
850.0 0.002341438266739715
851.0 0.0013862739251635503
852.0 0.0012201973731862381
853.0 0.001054120821208926
854.0 0.0009292588401876856
855.0 0.0008043966772675049
856.0 0.0006375034445227357
857.0 0.00047061025725270156
858.0 0.0006084768756409176
859.0 0.0007463434030796634
860.0 0.0006198941719048889
861.0 0.0004934449407301145
862.0 0.0005119632987771183
863.0 0.0005304816568241222
864.0 0.00039854980968812015
865.0 0.00026661803076422075
866.0 0.00023973907445906661
867.0 0.00021286009541654494
868.0 0.0002179043576688855
869.0 0.0002229485971838585
870.0 0.00013734889989791554
871.0 5.174919692763069e-05
872.0 2.695490532167444e-10
873.0 2.695490532167444e-10
874.0 2.695490532167444e-10
875.0 2.695490532167444e-10
876.0 2.695490532167444e-10
877.0 3.4186749076070555e-05
878.0 0.00013501867215381935
879.0 0.00023585057533637155
880.0 0.00019144508769386448
881.0 0.00014703961142004118
882.0 0.00018684488622966455
883.0 0.00022665019514533924
884.0 0.00010122197409145883
885.0 2.695490532167444e-10
886.0 8.720549544705136e-05
887.0 0.00019861722648784053
888.0 0.0002683678758330643
889.0 0.0003381185251782881
890.0 0.0002870447133318521
891.0 0.00023597085601068102
892.0 5.9640848348863074e-05
893.0 2.695490532167444e-10
894.0 2.695490532167444e-10
895.0 3.410143563087331e-05
896.0 6.456493792939e-05
897.0 9.502849138698366e-05
898.0 9.590752370058908e-05
899.0 9.678653896116884e-05
900.0 7.167392368501169e-05
901.0 4.65612998823417e-05
