lsstCam/transmission_filter_detector/r03_s02/r_57/19700101T000000.ecsv
# %ECSV 1.0
# ---
# datatype:
# - {name: wavelength, unit: nm, datatype: float32}
# - {name: efficiency, unit: '%', datatype: float64}
# meta: !!omap
# - {MODE: DETECTOR}
# - {TYPE: transmission_filter_detector}
# - {CALIBDATE: '1970-01-01T00:00:00'}
# - {INSTRUME: LSSTCam}
# - {OBSTYPE: transmission_filter_detector}
# - {CALIBCLS: lsst.ip.isr.IntermediateFilterDetectorTransmissionCurve}
# - {SOURCE: Materion (DM-46256)}
# - {DETECTOR: 20}
# - {FILTER: r_57}
# - {CALIB_ID: 'calibDate=1970-01-01T00:00:00 filter=r_57 detector=20'}
# - {DATE: '2025-04-02T15:59:44.277396'}
# - {CALIB_CREATION_DATE: '2025-04-02'}
# - {CALIB_CREATION_TIME: '15:59:44'}
# - __serialized_columns__:
#     efficiency:
#       __class__: astropy.units.quantity.Quantity
#       unit: !astropy.units.Unit {unit: '%'}
#       value: !astropy.table.SerializedColumn {name: efficiency}
#     wavelength:
#       __class__: astropy.units.quantity.Quantity
#       unit: !astropy.units.Unit {unit: nm}
#       value: !astropy.table.SerializedColumn {name: wavelength}
# schema: astropy-2.0
wavelength efficiency
[from data line 603]
903.0 2.695490532167444e-10
904.0 2.695490532167444e-10
905.0 2.695490532167444e-10
906.0 2.695490532167444e-10
907.0 2.695490532167444e-10
908.0 2.695490532167444e-10
909.0 2.695490532167444e-10
910.0 2.695490532167444e-10
911.0 2.695490532167444e-10
912.0 2.695490532167444e-10
913.0 2.695490532167444e-10
914.0 2.695490532167444e-10
915.0 5.633087312162388e-05
916.0 7.723636485934549e-05
917.0 9.81418907031184e-05
918.0 0.00015442548146893387
919.0 0.00021070904949738178
920.0 0.00010270071015838766
921.0 2.695490532167444e-10
922.0 0.00014708118669659598
923.0 0.0002994700480485335
924.0 0.0002855077809726936
925.0 0.00027154555937158875
926.0 0.0001881768071143597
927.0 0.00010480807759449817
928.0 0.0001323280343967781
929.0 0.00015984799119905801
930.0 0.0002484022388671292
931.0 0.0003369564865352004
932.0 0.00017987321143664303
933.0 2.2790014497786615e-05
934.0 0.000167594009781169
935.0 0.00031239799227478215
936.0 0.0002766662646536133
937.0 0.0002409345370324445
938.0 0.0003019192718056729
939.0 0.00036290407479100395
940.0 0.0003642541287263157
941.0 0.0003656041826616274
942.0 0.00041589478314563166
943.0 0.000466185429104371
944.0 0.00041539333324180916
945.0 0.0003646013283287175
946.0 0.0003511324621285894
947.0 0.00033766352771635866
948.0 0.0004728269686893327
949.0 0.0006079904323996743
950.0 0.0006464878879341995
951.0 0.0006849852979939897
952.0 0.0007832017217879184
953.0 0.0008814183274807874
954.0 0.00123841464301222
955.0 0.0015954112313920632
956.0 0.0016361786038032733
957.0 0.001676945794315543
958.0 0.0017640144506003708
959.0 0.0018510832887841389
960.0 0.0019675744624692015
961.0 0.0020840658180532046
962.0 0.0022700549379806034
963.0 0.0024560440579080023
964.0 0.002499334732419811
965.0 0.0025426250431337394
966.0 0.0024367669539060444
967.0 0.002330908682779409
968.0 0.0022724856535205618
969.0 0.0022140626242617145
970.0 0.002281583692820277
971.0 0.0023491047613788396
972.0 0.0024658123948029242
973.0 0.002582519664429128
974.0 0.0028774589736713096
975.0 0.003172398282913491
976.0 0.0032955704227788374
977.0 0.0034187425626441836
978.0 0.0033403452107449993
979.0 0.003261947858845815
980.0 0.0032323699997505173
981.0 0.0032027921406552196
982.0 0.0033244235964957625
983.0 0.003446055416134186
984.0 0.0033733635063981637
985.0 0.0033006715966621414
986.0 0.0031728541216580197
987.0 0.0030450368285528384
988.0 0.00286199756374117
989.0 0.0026789588446263224
990.0 0.0027085501642432064
991.0 0.00273814130196115
992.0 0.0027410691473050974
993.0 0.002743997174547985
994.0 0.0027557380235521123
995.0 0.0027674783268594183
996.0 0.0028442047550925054
997.0 0.0029209308195277117
998.0 0.003069706872338429
999.0 0.003218483107048087
1000.0 0.003326149089843966
1001.0 0.0034338150726398453
1002.0 0.0037206285924185067
1003.0 0.004007442112197168
1004.0 0.004126208295929246
1005.0 0.004244974115863442
1006.0 0.004463130244403146
1007.0 0.004681286736740731
1008.0 0.004642195563064888
1009.0 0.004603104753186926
1010.0 0.00456811576441396
1011.0 0.004533127503236756
1012.0 0.004439752592588775
1013.0 0.004346377681940794
1014.0 0.004056885882164352
1015.0 0.0037673937185900286
1016.0 0.003538363307598047
1017.0 0.003309333260403946
1018.0 0.002890707219194155
1019.0 0.002472081541782245
1020.0 0.0020635250621126033
1021.0 0.0016549684005440213
1022.0 0.0014785862731514499
1023.0 0.0013022037819609977
1024.0 0.0013406639482127503
1025.0 0.0013791243873129133
1026.0 0.0012926187991979532
1027.0 0.0012061129382345825
1028.0 0.0011055587492592167
1029.0 0.0010050041964859702
1030.0 0.000971013923845021
1031.0 0.0009370230145577807
1032.0 0.0009237003723683301
1033.0 0.0009103773663809989
1034.0 0.000821617322799284
1035.0 0.000732857188268099
1036.0 0.0008446763786196243
1037.0 0.0009564952051732689
1038.0 0.0008375101060664747
1039.0 0.0007185250524344156
1040.0 0.000774555064708693
1041.0 0.0008305850315082353
1042.0 0.0010041138011729345
1043.0 0.001177642207039753
1044.0 0.0011182663911313284
1045.0 0.0010588908480713144
1046.0 0.0010284146810590755
1047.0 0.0009979385140468366
1048.0 0.0008627000170235988
1049.0 0.0007274614290508907
1050.0 0.0006811725597799523
1051.0 0.0006348836905090138
1052.0 0.0009889205102808774
1053.0 0.0013429569662548602
1054.0 0.001183484619105002
1055.0 0.0010240123629046138
1056.0 0.0010565341654000804
1057.0 0.0010890563316934276
1058.0 0.0008971611350716557
1059.0 0.0007052659384498838
1060.0 0.0010132341230928432
1061.0 0.0013212016710895114
1062.0 0.0014015165106684435
1063.0 0.0014818312592979055
1064.0 0.0010943369488813914
1065.0 0.0007068423201417318
1066.0 0.001027040161716286
1067.0 0.0013472380487655755
1068.0 0.001684680682956241
1069.0 0.0020221232261974365
1070.0 0.0013845329704054166
1071.0 0.0007469428510376019
1072.0 0.0012207499821670353
1073.0 0.001694557249720674
1074.0 0.0024909935746109113
1075.0 0.0032874297176022083
1076.0 0.0034336757380515337
1077.0 0.003579921758500859
1078.0 0.0038658985431538895
1079.0 0.0041518756916048005
1080.0 0.0043554911826504394
1081.0 0.004559105946100317
1082.0 0.004459604315343313
1083.0 0.004360102684586309
1084.0 0.004821332186111249
1085.0 0.005282560960040428
1086.0 0.005247664375929162
1087.0 0.005212768155615777
1088.0 0.005230389433563687
1089.0 0.005248011075309478
1090.0 0.004777211506734602
1091.0 0.004306411210563965
1092.0 0.003816727257799357
1093.0 0.003327043305034749
1094.0 0.003789078982663341
1095.0 0.004251114296494052
1096.0 0.003253361501265317
1097.0 0.0022556085241376422
1098.0 0.0018300414012628607
1099.0 0.0014044747331354301
1100.0 0.0016965243048616685
1101.0 0.0019885737856384367
