lsstCam/transmission_filter_detector/r41_s20/r_57/19700101T000000.ecsv
# %ECSV 1.0
# ---
# datatype:
# - {name: wavelength, unit: nm, datatype: float32}
# - {name: efficiency, unit: '%', datatype: float64}
# meta: !!omap
# - {MODE: DETECTOR}
# - {TYPE: transmission_filter_detector}
# - {CALIBDATE: '1970-01-01T00:00:00'}
# - {INSTRUME: LSSTCam}
# - {OBSTYPE: transmission_filter_detector}
# - {CALIBCLS: lsst.ip.isr.IntermediateFilterDetectorTransmissionCurve}
# - {SOURCE: Materion (DM-46256)}
# - {DETECTOR: 168}
# - {FILTER: r_57}
# - {CALIB_ID: 'calibDate=1970-01-01T00:00:00 filter=r_57 detector=168'}
# - {DATE: '2025-04-02T15:59:44.962001'}
# - {CALIB_CREATION_DATE: '2025-04-02'}
# - {CALIB_CREATION_TIME: '15:59:44'}
# - __serialized_columns__:
#     efficiency:
#       __class__: astropy.units.quantity.Quantity
#       unit: !astropy.units.Unit {unit: '%'}
#       value: !astropy.table.SerializedColumn {name: efficiency}
#     wavelength:
#       __class__: astropy.units.quantity.Quantity
#       unit: !astropy.units.Unit {unit: nm}
#       value: !astropy.table.SerializedColumn {name: wavelength}
# schema: astropy-2.0
wavelength efficiency
300.0 0.0033517644624225795
301.0 0.008915010403143242
302.0 0.014478254888672382
303.0 0.01830697583500296
304.0 0.02213569387095049
305.0 0.01971954625332728
306.0 0.017303400090895593
307.0 0.013991394371259958
308.0 0.010679389379220083
309.0 0.009818649414228275
310.0 0.00895791090442799
311.0 0.008328759577125311
312.0 0.007699608977418393
313.0 0.007650646875845268
314.0 0.0076016876846551895
315.0 0.007027924584690481
316.0 0.006454160757130012
317.0 0.0059174009948037565
318.0 0.0053806394134880975
319.0 0.0050280967116123065
320.0 0.004675555101130158
321.0 0.004637068559532054
322.0 0.004598583109327592
323.0 0.004301010994822718
324.0 0.004003440699307248
325.0 0.0037522870115935802
326.0 0.003501134051475674
327.0 0.0032964973797788844
328.0 0.0030918610718799755
329.0 0.0033416199585190043
330.0 0.003591378845158033
331.0 0.003317604205221869
332.0 0.003043830656679347
333.0 0.0028342004952719435
334.0 0.00262457051576348
335.0 0.0024113529434544034
336.0 0.0021981351892463863
337.0 0.0020098121240152977
338.0 0.0018214890587842092
339.0 0.001749815055518411
340.0 0.0016781412341515534
341.0 0.0015985033314791508
342.0 0.0015188655197562184
343.0 0.0015398249161080457
344.0 0.0015607844034093432
345.0 0.0014660558917967137
346.0 0.0013713271982851438
347.0 0.0013042897990089841
348.0 0.0012372523997328244
349.0 0.001164811783382902
350.0 0.007404816278722137
351.0 0.006303888949332759
352.0 0.005202964894124307
353.0 0.004754857218358666
354.0 0.004306749178795144
355.0 0.00490015372633934
356.0 0.005493557546287775
357.0 0.005428831354947761
358.0 0.005364105527405627
359.0 0.004232453284203075
360.0 0.0031008003134047613
361.0 0.0038034449971746653
362.0 0.004506090408540331
363.0 0.003467808710411191
364.0 0.002429527376079932
365.0 0.002506866803742014
366.0 0.002584206231404096
367.0 0.00410050452046562
368.0 0.0056168031733250245
369.0 0.004991187233827077
370.0 0.004365573113318533
371.0 0.003508806912577711
372.0 0.00265204107563477
373.0 0.0030504494134220295
374.0 0.003448857387411408
375.0 0.0030428185709752142
376.0 0.0026367793907411397
377.0 0.002414303889963776
378.0 0.002191828934883233
379.0 0.0026710855308920145
380.0 0.003150342308799736
381.0 0.004118102515349165
382.0 0.005085862358100712
383.0 0.00544231770618353
384.0 0.00579877378186211
385.0 0.00597983380430378
386.0 0.006160893099149689
387.0 0.0047641991841373965
388.0 0.003367504177731462
389.0 0.0026626754333847202
390.0 0.0019578465071390383
391.0 0.0016015374058042653
392.0 0.0012452280316210818
393.0 0.0009287859029427636
394.0 0.0006123437287897104
395.0 0.0013733405467064586
396.0 0.002134337591996882
397.0 0.0020909450540784746
398.0 0.002047552516160067
399.0 0.001382802838634234
400.0 0.0007180532975326059
401.0 0.0008119316589727532
402.0 0.0009058098839886952
403.0 0.0014990290765126701
404.0 0.002092248178087175
405.0 0.0019438090021139942
406.0 0.0017953698261408135
407.0 0.0017169213606393896
408.0 0.001638473077036906
409.0 0.0015740852177259512
410.0 0.0015096972674655262
411.0 0.001890879138954915
412.0 0.0022720607375958934
413.0 0.0018726963389781304
414.0 0.0014733318494108971
415.0 0.001637388049857691
416.0 0.0018014439774560742
417.0 0.002449121166137047
418.0 0.0030967985367169604
419.0 0.004087203706149012
420.0 0.005077609239378944
421.0 0.0070953392423689365
422.0 0.009113067062571645
423.0 0.012825643352698535
424.0 0.016538218187633902
425.0 0.02161244919989258
426.0 0.026686678756959736
427.0 0.025915910373441875
428.0 0.025145141989924014
429.0 0.01961996458703652
430.0 0.014094782818574458
431.0 0.01022553988150321
432.0 0.006356294761644676
433.0 0.00518467313668225
434.0 0.004013051147921942
435.0 0.003320660471217707
436.0 0.0026282699764124118
437.0 0.002239645255031064
438.0 0.0018510201698518358
439.0 0.001613780295883771
440.0 0.001376540240016766
441.0 0.0014088219359109644
442.0 0.0014411038137041032
443.0 0.001458797760278685
444.0 0.001476491343055386
445.0 0.0010258001566398889
446.0 0.0005751087883254513
447.0 0.0011034601811843459
448.0 0.0016318113921443
449.0 0.001970309858734254
450.0 0.002308808143425267
451.0 0.002326137837371789
452.0 0.0023434675313183106
453.0 0.002161909287679009
454.0 0.0019803515897365287
455.0 0.0016734105884097517
456.0 0.0013664701327797957
457.0 0.0014707470654684585
458.0 0.0015750245438539423
459.0 0.001839949436543975
460.0 0.0021048741473350674
461.0 0.0028733084036502987
462.0 0.0036417430237634107
463.0 0.004662042920244858
464.0 0.005682343180524185
465.0 0.006862870941404253
466.0 0.008043398702284321
467.0 0.008414415788138285
468.0 0.008785434329183772
469.0 0.007449772965628654
470.0 0.006114112329669297
471.0 0.004442099088919349
472.0 0.0027700860300683416
473.0 0.0020284043785068206
474.0 0.0012867231816926505
475.0 0.0011096791240561288
476.0 0.0009326353392680176
477.0 0.0011207207535335328
478.0 0.0013088058949506376
479.0 0.0011844794244098011
480.0 0.0010601526810205542
481.0 0.0010959784958686214
482.0 0.0011318043107166886
483.0 0.000983705831458792
484.0 0.000835607079352485
485.0 0.0010135507181985304
486.0 0.0011914941751456354
487.0 0.0011537849786691368
488.0 0.0011160758731421083
489.0 0.0010963603926938958
490.0 0.0010766449122456834
491.0 0.0010649606338120066
492.0 0.0010532761734793894
493.0 0.001004026398732094
494.0 0.000954776714934269
495.0 0.0011454344530648086
496.0 0.0013360924640437588
497.0 0.0014739734069735277
498.0 0.0016118548956001177
499.0 0.0016529205822735094
500.0 0.0016939866327447817
501.0 0.001925942524394486
502.0 0.0021578984160441905
503.0 0.00269638912868686
504.0 0.003234879477531649
505.0 0.004035863821627572
506.0 0.004836848529521376
507.0 0.0056647702876944095
508.0 0.006492691318271682
509.0 0.006594663136638701
510.0 0.006696634227409959
511.0 0.006052729440853
512.0 0.0054088246542960405
513.0 0.00458610120404046
514.0 0.0037633781175827608
515.0 0.003559194374247454
516.0 0.0033550102671142668
517.0 0.003490510061965324
518.0 0.003626009856816381
519.0 0.07781310705468059
520.0 0.01900103088701144
521.0 0.07503035594709218
522.0 2.672510650281179e-10
523.0 0.061327870935201645
524.0 0.10267019970342517
525.0 0.08700017351657152
526.0 0.1181946718133986
527.0 0.05804398097097874
528.0 0.13304136227816343
529.0 0.19087815890088677
530.0 0.2715049311518669
531.0 0.22283170837908983
532.0 0.2496510511264205
533.0 0.4005917813628912
534.0 0.6123600527644157
535.0 0.8921920321881771
536.0 1.3759925030171871
537.0 2.1504130214452744
538.0 3.336217999458313
539.0 5.148265510797501
540.0 7.651935517787933
541.0 10.702023655176163
542.0 14.218346774578094
543.0 18.974561989307404
544.0 24.531224370002747
545.0 30.899783968925476
546.0 38.27596604824066
547.0 45.95234394073486
548.0 54.838234186172485
549.0 62.15059757232666
550.0 66.99187159538269
551.0 73.17730188369751
552.0 76.10838413238525
553.0 79.77762818336487
554.0 83.3329439163208
555.0 86.70136332511902
556.0 89.68143463134766
557.0 91.99801087379456
558.0 93.98925304412842
559.0 95.85967063903809
560.0 95.03717422485352
561.0 95.77229022979736
562.0 96.04772329330444
563.0 95.748370885849
564.0 95.75384259223938
565.0 95.54187655448914
566.0 96.29562497138977
567.0 95.82249522209167
568.0 96.53176069259644
569.0 97.32924103736877
570.0 96.99878096580505
571.0 97.45172262191772
572.0 97.64662384986877
573.0 97.3323404788971
574.0 97.23516702651978
575.0 97.11980819702148
576.0 97.81833291053772
577.0 97.42016196250916
578.0 97.35686182975769
579.0 97.53426313400269
580.0 96.71835899353027
581.0 96.77180051803589
582.0 97.46649265289307
583.0 97.12042808532715
584.0 96.65756225585938
585.0 96.76802158355713
586.0 96.66436910629272
587.0 96.65250778198242
588.0 97.19493389129639
589.0 97.72972464561462
590.0 96.99051976203918
591.0 96.13672494888306
592.0 96.40571475028992
593.0 96.14843726158142
594.0 96.33646011352539
595.0 97.08980321884155
596.0 97.33690023422241
597.0 97.35412001609802
598.0 97.44186401367188
599.0 97.67088294029236
600.0 97.76276350021362
601.0 96.50360941886902
602.0 96.9930350780487
603.0 96.54570817947388
604.0 96.49001359939575
605.0 96.81636095046997
606.0 96.35690450668335
607.0 96.48105502128601
608.0 96.4266300201416
609.0 95.94888091087341
610.0 96.22237086296082
611.0 96.21160626411438
612.0 96.36334776878357
613.0 97.42899537086487
614.0 96.82844877243042
615.0 96.46259546279907
616.0 96.67838215827942
617.0 96.77985310554504
618.0 96.5657114982605
619.0 97.35776782035828
620.0 96.37976288795471
621.0 95.76236009597778
622.0 96.85172438621521
623.0 97.29143381118774
624.0 96.4974582195282
625.0 97.40003943443298
626.0 96.27612829208374
627.0 95.6368088722229
628.0 97.45761156082153
629.0 95.74710726737976
630.0 97.01464772224426
631.0 96.75868153572083
632.0 97.21065163612366
633.0 96.82036638259888
634.0 96.2023138999939
635.0 96.47614359855652
636.0 95.9418773651123
637.0 96.00697755813599
638.0 95.70840001106262
639.0 95.66779136657715
640.0 95.57840824127197
641.0 96.114182472229
642.0 96.33917212486267
643.0 96.85876369476318
644.0 96.36237621307373
645.0 96.70996069908142
646.0 96.76100611686707
647.0 97.38872051239014
648.0 96.6005265712738
649.0 95.90520858764648
650.0 96.8194305896759
651.0 97.19319343566895
652.0 97.353196144104
653.0 96.27429842948914
654.0 96.86058759689331
655.0 97.09112048149109
656.0 95.88687419891357
657.0 96.379554271698
658.0 96.3133156299591
659.0 96.47020697593689
660.0 95.84234952926636
661.0 95.8153486251831
662.0 96.01750373840332
663.0 95.98832130432129
664.0 95.69743871688843
665.0 95.5112099647522
666.0 95.53273320198059
667.0 95.93058228492737
668.0 95.39686441421509
669.0 96.15492820739746
670.0 95.66377401351929
671.0 95.64623832702637
672.0 95.34730315208435
673.0 95.41375041007996
674.0 94.92663145065308
675.0 95.44625878334045
676.0 94.81021761894226
677.0 93.17656755447388
678.0 92.30614304542542
679.0 91.2453293800354
680.0 89.77155685424805
681.0 88.08279037475586
682.0 84.83695983886719
683.0 81.88132047653198
684.0 77.72465944290161
685.0 73.50394129753113
686.0 69.15533542633057
687.0 64.59670662879944
688.0 59.87347364425659
689.0 55.95883131027222
690.0 51.43917202949524
691.0 47.339993715286255
692.0 42.535439133644104
693.0 37.72062361240387
694.0 31.717750430107117
695.0 25.968539714813232
696.0 20.083224773406982
697.0 14.858750998973846
698.0 9.917298704385757
699.0 6.478646397590637
700.0 4.091640934348106
701.0 2.3665007203817368
702.0 1.403337623924017
703.0 0.8238296024501324
704.0 0.48678694292902946
705.0 0.27785191778093576
706.0 0.1690518227405846
707.0 0.12346279108896852
708.0 0.11862560641020536
709.0 0.015292548050638288
710.0 0.09063935140147805
711.0 2.672510650281179e-10
712.0 0.0666069914586842
713.0 0.024078394926618785
714.0 0.060913554625585675
715.0 0.08782263030298054
716.0 0.07637670496478677
717.0 0.050815538270398974
718.0 0.03775919321924448
719.0 0.05912832566536963
720.0 2.672510650281179e-10
721.0 0.003392421785974875
722.0 0.003272818503319286
723.0 0.0031532152206636965
724.0 0.003022921009687707
725.0 0.002892627162509598
726.0 0.002592195050965529
727.0 0.00229176293942146
728.0 0.0022396243366529234
729.0 0.0021874857338843867
730.0 0.002017710721702315
731.0 0.0018479358914191835
732.0 0.0018483482563169673
733.0 0.0018487606212147512
734.0 0.0018008833649219014
735.0 0.0017530064724269323
736.0 0.0016678270185366273
737.0 0.0015826477465452626
738.0 0.0013422451957012527
739.0 0.001101842826756183
740.0 0.0012048926691932138
741.0 0.0013079424206807744
742.0 0.0012104163033654913
743.0 0.001112890004151268
744.0 0.0010810689673235174
745.0 0.0010492482033441775
746.0 0.001030639214150142
747.0 0.0010120304068550467
748.0 0.0008886716386768967
749.0 0.0007653126885998063
750.0 0.0007930866559036076
751.0 0.0008208606232074089
752.0 0.0008685119610163383
753.0 0.0009161632988252677
754.0 0.0009790063813852612
755.0 0.0010418498277431354
756.0 0.000939437813940458
757.0 0.000837025982036721
758.0 0.0008470768079860136
759.0 0.0008571279067837168
760.0 0.0009505468369752634
761.0 0.0010439658581162803
762.0 0.001096375399356475
763.0 0.00114878494059667
764.0 0.0010619768545439001
765.0 0.0009751690413395409
766.0 0.0007619422831339762
767.0 0.0005487153430294711
768.0 0.0006396021944965469
769.0 0.0007304889550141525
770.0 0.000630582371741184
771.0 0.0005306761067913612
772.0 0.0005185880127100972
773.0 0.0005064998276793631
774.0 0.0004478043138078647
775.0 0.00038910884541110136
776.0 0.00044905928007210605
777.0 0.0005090097602078458
778.0 0.000563283674637205
779.0 0.0006175575890665641
780.0 0.000537271989742294
781.0 0.0004569863449432887
782.0 0.00043895024646189995
783.0 0.00042091432987945154
784.0 0.0004449094831215916
785.0 0.0004689045908889966
786.0 0.000484472002426628
787.0 0.0005000394139642594
788.0 0.0005805266027891776
789.0 0.0006610140644625062
790.0 0.0004930306658934569
791.0 0.0003250470626880997
792.0 0.0004931692728860071
793.0 0.000661291505821282
794.0 0.0006985720119701
795.0 0.000735852563593653
796.0 0.0006975564247113653
797.0 0.0006592604677280178
798.0 0.0006772666893084534
799.0 0.000695272956363624
800.0 0.0007041768640192458
801.0 0.0007130807716748677
802.0 0.0006420693352993112
803.0 0.0005710578989237547
804.0 0.0005577561751124449
805.0 0.0005444541784527246
806.0 0.0005792959200334735
807.0 0.0006141376616142225
808.0 0.0006724436389049515
809.0 0.0007307496161956806
810.0 0.0005345091722119832
811.0 0.0003382688646524912
812.0 0.0005365237029764103
813.0 0.0007347786322497996
814.0 0.0006999233846727293
815.0 0.000665068091620924
816.0 0.000543186251888983
817.0 0.00042130436668230686
818.0 0.00021353241663746303
819.0 5.760527344023103e-06
820.0 0.00019017481918126578
821.0 0.00037458921724464744
822.0 0.00038517728171427734
823.0 0.00039576530070917215
824.0 0.00034209508612548234
825.0 0.00028842493975389516
826.0 0.0003890910193149466
827.0 0.0004897571216133656
828.0 0.0004713746420748066
829.0 0.00045299216253624763
830.0 0.0002370409902141546
831.0 2.1089837787258148e-05
832.0 0.00010871619906538399
833.0 0.0001963425575013389
834.0 0.0002691165718715638
835.0 0.0003418905407670536
836.0 0.0009101206160266884
837.0 0.0014783504411752801
838.0 0.002611085983517114
839.0 0.0037438221625052392
840.0 0.0047361652832478285
841.0 0.005728508403990418
842.0 0.006373348878696561
843.0 0.007018185715423897
844.0 0.006795485387556255
845.0 0.006572785787284374
846.0 0.006216688780114055
847.0 0.005860592136741616
848.0 0.005095622691442259
849.0 0.004330652154749259
850.0 0.0038907837733859196
851.0 0.00345091539202258
852.0 0.0029179724151617847
853.0 0.0023850288926041685
854.0 0.0019801538655883633
855.0 0.001575278838572558
856.0 0.0012423362932167947
857.0 0.0009093935659620911
858.0 0.0006948494046810083
859.0 0.0004803052888746606
860.0 0.0003981117970397463
861.0 0.0003159182597300969
862.0 0.00028678946364379954
863.0 0.000257660576608032
864.0 0.00022007234292686917
865.0 0.00018248410924570635
866.0 0.00011797897059295792
867.0 5.3473888783628354e-05
868.0 1.9815261964595265e-05
869.0 2.672510650281179e-10
870.0 7.9715971423866e-05
871.0 0.00017327527075394755
872.0 0.00015204838064164505
873.0 0.00013082149052934255
874.0 0.0001361251634079963
875.0 0.0001414288931300689
876.0 0.00012485760407798807
877.0 0.00010828632639459101
878.0 2.672510650281179e-10
879.0 2.672510650281179e-10
880.0 2.672510650281179e-10
881.0 8.226772933994653e-05
882.0 9.49595403199055e-05
883.0 0.00010765138540591579
884.0 0.0001535977617095341
885.0 0.00019954422896262258
886.0 0.00028309732442721725
887.0 0.00036665044262917945
888.0 0.0002728982963162707
889.0 0.00017914616137204575
890.0 0.00026127061119041173
891.0 0.0003433950269027264
892.0 0.0003611953843574156
893.0 0.0003789957418121048
894.0 0.0002422844772809185
895.0 0.00010557322411841596
896.0 2.8961375164726633e-05
897.0 2.672510650281179e-10
898.0 7.119664928723068e-05
899.0 0.0001900437155200052
900.0 0.00020971697267668787
901.0 0.00022939018435863545
902.0 0.00024504111024725717
