lsstCam/transmission_filter_detector/r41_s20/r_57/19700101T000000.ecsv
# %ECSV 1.0
# ---
# datatype:
# - {name: wavelength, unit: nm, datatype: float32}
# - {name: efficiency, unit: '%', datatype: float64}
# meta: !!omap
# - {MODE: DETECTOR}
# - {TYPE: transmission_filter_detector}
# - {CALIBDATE: '1970-01-01T00:00:00'}
# - {INSTRUME: LSSTCam}
# - {OBSTYPE: transmission_filter_detector}
# - {CALIBCLS: lsst.ip.isr.IntermediateFilterDetectorTransmissionCurve}
# - {SOURCE: Materion (DM-46256)}
# - {DETECTOR: 168}
# - {FILTER: r_57}
# - {CALIB_ID: 'calibDate=1970-01-01T00:00:00 filter=r_57 detector=168'}
# - {DATE: '2025-04-02T15:59:44.962001'}
# - {CALIB_CREATION_DATE: '2025-04-02'}
# - {CALIB_CREATION_TIME: '15:59:44'}
# - __serialized_columns__:
#     efficiency:
#       __class__: astropy.units.quantity.Quantity
#       unit: !astropy.units.Unit {unit: '%'}
#       value: !astropy.table.SerializedColumn {name: efficiency}
#     wavelength:
#       __class__: astropy.units.quantity.Quantity
#       unit: !astropy.units.Unit {unit: nm}
#       value: !astropy.table.SerializedColumn {name: wavelength}
# schema: astropy-2.0
wavelength efficiency
[from data line 604]
904.0 0.00021634914446622133
905.0 0.00017200623005919624
906.0 0.00011523895864229416
907.0 5.84716815410502e-05
908.0 0.00016151699355759774
909.0 0.00026456232262717094
910.0 0.0002057568053714931
911.0 0.00014695129948449903
912.0 0.00020519325971690705
913.0 0.00026343527679273393
914.0 0.00019985727703897282
915.0 0.00013627926591652795
916.0 0.00020631307506846497
917.0 0.0002763469183264533
918.0 0.00018312736074221903
919.0 8.99078600014036e-05
920.0 0.0001301779434470518
921.0 0.0001704481064734864
922.0 0.00019905260160157923
923.0 0.00022765718767914223
924.0 0.00027228365979681257
925.0 0.0003169101319144829
926.0 0.00033327037272101734
927.0 0.0003496306362649193
928.0 0.00030963553854235215
929.0 0.000269640440819785
930.0 0.0002094148385367589
931.0 0.0001491892021476815
932.0 0.00013029529100094805
933.0 0.00011140136848553084
934.0 0.0001448640318812977
935.0 0.00017832670664574835
936.0 0.00016365787587346858
937.0 0.0001489890564698726
938.0 4.852475399275136e-05
939.0 2.672510650281179e-10
940.0 9.34682532260922e-05
941.0 0.00023887598672445165
942.0 0.00021314297100616386
943.0 0.00018740995528787607
944.0 0.00014934664704924216
945.0 0.00011128332744192448
946.0 0.00034826070987037383
947.0 0.000585238149142242
948.0 0.0006697777735098498
949.0 0.0007543175343016628
950.0 0.0007509373517677886
951.0 0.0007475571237591794
952.0 0.0006108728939580033
953.0 0.0004741888460557675
954.0 0.0008318187610711902
955.0 0.001189448721561348
956.0 0.0009719682566355914
957.0 0.0007544881100329803
958.0 0.0010439509424031712
959.0 0.0013334134564502165
960.0 0.0014073206330067478
961.0 0.0014812279005127493
962.0 0.0016978277926682495
963.0 0.0019144277757732198
964.0 0.0019328439520904794
965.0 0.001951260128407739
966.0 0.002145318103430327
967.0 0.0023393764422507957
968.0 0.0022790609364164993
969.0 0.0022187456124811433
970.0 0.002357069752179086
971.0 0.0024953940737759694
972.0 0.002573690471763257
973.0 0.0026519868697505444
974.0 0.0028887559892609715
975.0 0.0031255254725692794
976.0 0.003220287908334285
977.0 0.00331504998030141
978.0 0.0034095988667104393
979.0 0.003504147389321588
980.0 0.0035718414437724277
981.0 0.003639535134425387
982.0 0.0036402223486220464
983.0 0.0036409099266165867
984.0 0.003530853064148687
985.0 0.0034207969292765483
986.0 0.0032873329473659396
987.0 0.0031538693292532116
988.0 0.003148407267872244
989.0 0.0031429452064912766
990.0 0.003025151636393275
991.0 0.0029073589757899754
992.0 0.0028801401640521362
993.0 0.002852922261808999
994.0 0.002921208943007514
995.0 0.0029894958061049692
996.0 0.0030394790883292444
997.0 0.0030894621886545792
998.0 0.0030793406040174887
999.0 0.003069219019380398
1000.0 0.003071843457291834
1001.0 0.0030744671676075086
1002.0 0.0032903964893193915
1003.0 0.003506326174829155
1004.0 0.003894660039804876
1005.0 0.004282994632376358
1006.0 0.004354673365014605
1007.0 0.004426352825248614
1008.0 0.00435308029409498
1009.0 0.004279807762941346
1010.0 0.0043121399357914925
1011.0 0.004344472836237401
1012.0 0.004218232788844034
1013.0 0.004091992377652787
1014.0 0.0040803479350870475
1015.0 0.004068703856319189
1016.0 0.0035276585549581796
1017.0 0.002986613799293991
1018.0 0.00265636554104276
1019.0 0.002326116918993648
1020.0 0.0021157455194042996
1021.0 0.0019053733922191896
1022.0 0.0017614251191844232
1023.0 0.0016174764823517762
1024.0 0.0014204069884726778
1025.0 0.001223337312694639
1026.0 0.0011696071851474699
1027.0 0.0011158773304487113
1028.0 0.0009215983482135925
1029.0 0.0007273195024026791
1030.0 0.000790854846854927
1031.0 0.0008543901458324399
1032.0 0.0006386653240042506
1033.0 0.0004229404112265911
1034.0 0.0005408001925388817
1035.0 0.0006586598829017021
1036.0 0.0007652824024262372
1037.0 0.0008719049219507724
1038.0 0.0010820513125509024
1039.0 0.0012921976122015622
1040.0 0.001130611326516373
1041.0 0.0009690252227301244
1042.0 0.0008921767403080594
1043.0 0.0008153279850375839
1044.0 0.0009270102964364924
1045.0 0.0010386923349869903
1046.0 0.001004148998617893
1047.0 0.0009696056622487959
1048.0 0.0012916147170471959
1049.0 0.0016136240446940064
1050.0 0.001483784944866784
1051.0 0.001353946208837442
1052.0 0.0016594698536209762
1053.0 0.00196499331650557
1054.0 0.0015858424376347102
1055.0 0.001206691831612261
1056.0 0.0013023914107179735
1057.0 0.0013980910807731561
1058.0 0.0012228186278662179
1059.0 0.0010475459930603392
1060.0 0.0010542114068812225
1061.0 0.0010608768207021058
1062.0 0.0008581958354625385
1063.0 0.0006555148956977064
1064.0 0.0008629393960291054
1065.0 0.0010703640327847097
1066.0 0.0012264944416529033
1067.0 0.0013826246686221566
1068.0 0.0011358578376530204
1069.0 0.0008890910976333544
1070.0 0.0012157054698036518
1071.0 0.0015423196600750089
1072.0 0.0019640287064248696
1073.0 0.0023857379346736707
1074.0 0.002403536382189486
1075.0 0.0024213351935031824
1076.0 0.002856772334780544
1077.0 0.0032922092941589653
1078.0 0.0033825104765128344
1079.0 0.0034728116588667035
1080.0 0.003350709448568523
1081.0 0.003228607602068223
1082.0 0.003604300582082942
1083.0 0.003979993562097661
1084.0 0.0035663037124322727
1085.0 0.0031526134989690036
1086.0 0.003278450822108425
1087.0 0.003404287781449966
1088.0 0.003584444129955955
1089.0 0.0037646008422598243
1090.0 0.0039427675801562145
1091.0 0.004120935045648366
1092.0 0.0038119382224977016
1093.0 0.0035029410355491564
1094.0 0.002733762448769994
1095.0 0.0019645842257887125
1096.0 0.0020389203200466
1097.0 0.0021132564143044874
1098.0 0.002468825550749898
1099.0 0.002824394869094249
1100.0 0.002208789919677656
1101.0 0.0015931844245642424
