lsstCam/transmission_filter_detector/r24_s20/z_20/19700101T000000.ecsv
# %ECSV 1.0
# ---
# datatype:
# - {name: wavelength, unit: nm, datatype: float32}
# - {name: efficiency, unit: '%', datatype: float64}
# meta: !!omap
# - {MODE: DETECTOR}
# - {TYPE: transmission_filter_detector}
# - {CALIBDATE: '1970-01-01T00:00:00'}
# - {INSTRUME: LSSTCam}
# - {OBSTYPE: transmission_filter_detector}
# - {CALIBCLS: lsst.ip.isr.IntermediateFilterDetectorTransmissionCurve}
# - {SOURCE: Materion (DM-46256)}
# - {DETECTOR: 114}
# - {FILTER: z_20}
# - {CALIB_ID: 'calibDate=1970-01-01T00:00:00 filter=z_20 detector=114'}
# - {DATE: '2025-04-02T15:59:49.167836'}
# - {CALIB_CREATION_DATE: '2025-04-02'}
# - {CALIB_CREATION_TIME: '15:59:49'}
# - __serialized_columns__:
#     efficiency:
#       __class__: astropy.units.quantity.Quantity
#       unit: !astropy.units.Unit {unit: '%'}
#       value: !astropy.table.SerializedColumn {name: efficiency}
#     wavelength:
#       __class__: astropy.units.quantity.Quantity
#       unit: !astropy.units.Unit {unit: nm}
#       value: !astropy.table.SerializedColumn {name: wavelength}
# schema: astropy-2.0
wavelength efficiency
[from data line 598]
898.0 98.90714287757874
899.0 98.788982629776
900.0 98.83002638816833
901.0 99.46533441543579
902.0 99.2125153541565
903.0 98.54521155357361
904.0 97.59523868560791
905.0 98.39246869087219
906.0 97.87144660949707
907.0 98.70376586914062
908.0 98.38715195655823
909.0 98.40776324272156
910.0 98.14541339874268
911.0 96.84901833534241
912.0 95.55820226669312
913.0 94.89367604255676
914.0 92.64515042304993
915.0 90.08433818817139
916.0 87.8580093383789
917.0 86.46246790885925
918.0 82.9904854297638
919.0 81.65740966796875
920.0 78.79637479782104
921.0 75.48620104789734
922.0 70.70462703704834
923.0 65.02299904823303
924.0 59.583258628845215
925.0 54.07109260559082
926.0 48.02492558956146
927.0 41.082653403282166
928.0 35.291582345962524
929.0 28.88329029083252
930.0 23.417198657989502
931.0 18.12417507171631
932.0 12.750080227851868
933.0 8.381925523281097
934.0 5.42125292122364
935.0 3.377939388155937
936.0 2.0028047263622284
937.0 1.1556564830243587
938.0 0.700433598831296
939.0 0.4495767876505852
940.0 0.3879743628203869
941.0 0.16238074749708176
942.0 0.10855244472622871
943.0 0.0602539861574769
944.0 1.6111361376969224e-10
945.0 0.020214680989738554
946.0 1.6111361376969224e-10
947.0 1.6111361376969224e-10
948.0 1.6111361376969224e-10
949.0 1.6111361376969224e-10
950.0 1.6111361376969224e-10
951.0 0.016660321853123605
952.0 1.6111361376969224e-10
953.0 0.019796013657469302
954.0 1.6111361376969224e-10
955.0 1.6111361376969224e-10
956.0 1.6111361376969224e-10
957.0 1.6111361376969224e-10
958.0 1.6111361376969224e-10
959.0 0.053996528731659055
960.0 0.020549690816551447
961.0 0.014850794104859233
962.0 0.02054924698313698
963.0 1.6111361376969224e-10
964.0 1.6111361376969224e-10
965.0 1.6111361376969224e-10
966.0 0.00956188450800255
967.0 0.05624660989269614
968.0 0.05153205129317939
969.0 1.6111361376969224e-10
970.0 0.006574618601007387
971.0 1.6111361376969224e-10
972.0 1.6111361376969224e-10
973.0 0.011887078289873898
974.0 0.06492777611128986
975.0 1.6111361376969224e-10
976.0 0.00632857991149649
977.0 0.006357805250445381
978.0 0.006387031316990033
979.0 0.006167295214254409
980.0 0.005947559839114547
981.0 0.005787485861219466
982.0 0.005627411155728623
983.0 0.005502247222466394
984.0 0.005377082925406285
985.0 0.005274023351375945
986.0 0.005170963777345605
987.0 0.005068993414170109
988.0 0.004967023050994612
989.0 0.004894282028544694
990.0 0.004821541369892657
991.0 0.004823295967071317
992.0 0.0048250505642499775
993.0 0.004689538764068857
994.0 0.0045540266000898555
995.0 0.0045675638830289245
996.0 0.0045811011659679934
997.0 0.00444758879893925
998.0 0.004314076068112627
999.0 0.004285906470613554
1000.0 0.004257736873114482
1001.0 0.004221543713356368
1002.0 0.004185350553598255
1003.0 0.004200996772851795
1004.0 0.004216642992105335
1005.0 0.004322429595049471
1006.0 0.004428215834195726
1007.0 0.004438868927536532
1008.0 0.004449522020877339
1009.0 0.0042881176341325045
1010.0 0.00412671324738767
1011.0 0.004221540075377561
1012.0 0.004316366539569572
1013.0 0.004340285886428319
1014.0 0.004364205233287066
1015.0 0.0044088570575695485
1016.0 0.00445350851805415
1017.0 0.00440229669038672
1018.0 0.00435108486271929
1019.0 0.004388479283079505
1020.0 0.00442587370343972
1021.0 0.004504885146161541
1022.0 0.004583896225085482
1023.0 0.004551462552626617
1024.0 0.004519029243965633
1025.0 0.004524339965428226
1026.0 0.0045296503230929375
1027.0 0.004632924901670776
1028.0 0.004736199480248615
1029.0 0.004679840276367031
1030.0 0.004623480708687566
1031.0 0.0047862675273790956
1032.0 0.004949053982272744
1033.0 0.004984119004802778
1034.0 0.0050191840273328125
1035.0 0.005045199577580206
1036.0 0.0050712151278276
1037.0 0.005246054206509143
1038.0 0.005420892921392806
1039.0 0.005515397788258269
1040.0 0.005609902291325852
1041.0 0.005462111585075036
1042.0 0.005314320515026338
1043.0 0.00554561847820878
1044.0 0.0057769160775933415
1045.0 0.00590275194554124
1046.0 0.006028587449691258
1047.0 0.006071686948416755
1048.0 0.00611478608334437
1049.0 0.006262123497435823
1050.0 0.006409460183931515
1051.0 0.006496646528830752
1052.0 0.006583831418538466
1053.0 0.006932669202797115
1054.0 0.007281507714651525
1055.0 0.007276858377736062
1056.0 0.007272211223607883
1057.0 0.007215987716335803
1058.0 0.007159764936659485
1059.0 0.007517448102589697
1060.0 0.007875131268519908
1061.0 0.008344637899426743
1062.0 0.00881414525792934
1063.0 0.00909734153538011
1064.0 0.009380538540426642
1065.0 0.009788861643755808
1066.0 0.010197184747084975
1067.0 0.009921225137077272
1068.0 0.009645264799473807
1069.0 0.009981814218917862
1070.0 0.01031836072797887
1071.0 0.010197463416261598
1072.0 0.01007656755973585
1073.0 0.010472202848177403
1074.0 0.010867838136618957
1075.0 0.010986975394189358
1076.0 0.011106112651759759
1077.0 0.011993857333436608
1078.0 0.012881599832326174
1079.0 0.012978697486687452
1080.0 0.013075796596240252
1081.0 0.013727006444241852
1082.0 0.014378214837051928
1083.0 0.014513824135065079
1084.0 0.01464943343307823
1085.0 0.014856415509711951
1086.0 0.015063399041537195
1087.0 0.015706843987572938
1088.0 0.016350287478417158
1089.0 0.01637423556530848
1090.0 0.016398182197008282
1091.0 0.016429604147560894
1092.0 0.016461029008496553
1093.0 0.017737298912834376
1094.0 0.0190135688171722
1095.0 0.019404040358494967
1096.0 0.019794510444626212
1097.0 0.019917746249120682
1098.0 0.020040982053615153
1099.0 0.0208160316105932
1100.0 0.02159108262276277
1101.0 0.02264277427457273
1102.0 0.023694468836765736
1103.0 0.024803585256449878
1104.0 0.025912700220942497
1105.0 0.025745941093191504
1106.0 0.025579179055057466
1107.0 0.026407925179228187
1108.0 0.027236674213781953
1109.0 0.027755790506489575
1110.0 0.028274906799197197
1111.0 0.028309138724580407
1112.0 0.028343373560346663
1113.0 0.030230008997023106
1114.0 0.032116647344082594
1115.0 0.03210302966181189
1116.0 0.03208941197954118
1117.0 0.033655628794804215
1118.0 0.03522184561006725
1119.0 0.03737130027730018
1120.0 0.03952075494453311
1121.0 0.0398520816816017
1122.0 0.04018341132905334
1123.0 0.04107484710402787
1124.0 0.04196628287900239
1125.0 0.04334152035880834
1126.0 0.04471676074899733
1127.0 0.048085086746141315
1128.0 0.0514534127432853
1129.0 0.05201025051064789
1130.0 0.05256709409877658
1131.0 0.056842376943677664
1132.0 0.06111766560934484
1133.0 0.06303534610196948
1134.0 0.06495303241536021
1135.0 0.0665431551169604
1136.0 0.06813328363932669
1137.0 0.07417454617097974
1138.0 0.08021582034416497
1139.0 0.08350916323252022
1140.0 0.08680251194164157
1141.0 0.09875191608443856
1142.0 0.11070129694417119
1143.0 0.13937014155089855
1144.0 0.1680389977991581
1145.0 0.33327890560030937
1146.0 0.49851881340146065
1147.0 1.0127897374331951
1148.0 1.527060754597187
1149.0 1.6501817852258682
1150.0 1.773303747177124
