lsstCam/transmission_filter_detector/r24_s20/z_20/19700101T000000.ecsv
# %ECSV 1.0
# ---
# datatype:
# - {name: wavelength, unit: nm, datatype: float32}
# - {name: efficiency, unit: '%', datatype: float64}
# meta: !!omap
# - {MODE: DETECTOR}
# - {TYPE: transmission_filter_detector}
# - {CALIBDATE: '1970-01-01T00:00:00'}
# - {INSTRUME: LSSTCam}
# - {OBSTYPE: transmission_filter_detector}
# - {CALIBCLS: lsst.ip.isr.IntermediateFilterDetectorTransmissionCurve}
# - {SOURCE: Materion (DM-46256)}
# - {DETECTOR: 114}
# - {FILTER: z_20}
# - {CALIB_ID: 'calibDate=1970-01-01T00:00:00 filter=z_20 detector=114'}
# - {DATE: '2025-04-02T15:59:49.167836'}
# - {CALIB_CREATION_DATE: '2025-04-02'}
# - {CALIB_CREATION_TIME: '15:59:49'}
# - __serialized_columns__:
#     efficiency:
#       __class__: astropy.units.quantity.Quantity
#       unit: !astropy.units.Unit {unit: '%'}
#       value: !astropy.table.SerializedColumn {name: efficiency}
#     wavelength:
#       __class__: astropy.units.quantity.Quantity
#       unit: !astropy.units.Unit {unit: nm}
#       value: !astropy.table.SerializedColumn {name: wavelength}
# schema: astropy-2.0
wavelength efficiency
300.0 0.33994524274021387
301.0 0.3088307799771428
302.0 0.2777163404971361
303.0 0.2383022103458643
304.0 0.19888808019459248
305.0 0.1776384306140244
306.0 0.15638874610885978
307.0 0.1382990973070264
308.0 0.12020946014672518
309.0 0.1259794575162232
310.0 0.1317494665272534
311.0 0.11785752139985561
312.0 0.10396557627245784
313.0 0.10445163352414966
314.0 0.10493767913430929
315.0 0.09139332687482238
316.0 0.07784897461533546
317.0 0.07257378892973065
318.0 0.06729859742335975
319.0 0.06964258500374854
320.0 0.07198657840490341
321.0 0.06360629922710359
322.0 0.05522602587006986
323.0 0.054780382197350264
324.0 0.054334738524630666
325.0 0.047899733181111515
326.0 0.04146473074797541
327.0 0.040474964771419764
328.0 0.03948519879486412
329.0 0.036906288005411625
330.0 0.03432738012634218
331.0 0.03218426718376577
332.0 0.030041157151572406
333.0 0.0288574694423005
334.0 0.02767378173302859
335.0 0.027433325885795057
336.0 0.027192870038561523
337.0 0.02321881038369611
338.0 0.01924474781844765
339.0 0.01935727777890861
340.0 0.01946980628417805
341.0 0.018536692368797958
342.0 0.017603578453417867
343.0 0.015834510850254446
344.0 0.014065444702282548
345.0 0.013652932830154896
346.0 0.013240416592452675
347.0 0.013432381092570722
348.0 0.013624345592688769
349.0 0.013932705041952431
350.0 0.01424106303602457
351.0 0.013338799180928618
352.0 0.012436535325832665
353.0 0.013901616330258548
354.0 0.015366695879492909
355.0 0.013018316531088203
356.0 0.010669934999896213
357.0 0.010557144560152665
358.0 0.0104443563031964
359.0 0.010125299013452604
360.0 0.009806243178900331
361.0 0.009282689279643819
362.0 0.00875913756317459
363.0 0.007959341019159183
364.0 0.007159545202739537
365.0 0.007365767669398338
366.0 0.0075719908636529
367.0 0.008098527177935466
368.0 0.008625065675005317
369.0 0.008743579383008182
370.0 0.008862091635819525
371.0 0.007995076884981245
372.0 0.007128059951355681
373.0 0.006507512443931773
374.0 0.005886964936507866
375.0 0.005698439053958282
376.0 0.005509912807610817
377.0 0.006062811735318974
378.0 0.006615710299229249
379.0 0.005843243343406357
380.0 0.005070777115179226
381.0 0.005080804112367332
382.0 0.005090831109555438
383.0 0.004977465505362488
384.0 0.004864100264967419
385.0 0.004465668826014735
386.0 0.004067237750859931
387.0 0.0044065647671232
388.0 0.004745891783386469
389.0 0.004460323179955594
390.0 0.004174754212726839
391.0 0.0038667763874400407
392.0 0.0035587989259511232
393.0 0.004164455094723962
394.0 0.004770111627294682
395.0 0.004359187732916325
396.0 0.003948264202335849
397.0 0.004014348451164551
398.0 0.004080432336195372
399.0 0.004077192352269776
400.0 0.00407395236834418
401.0 0.004218004687572829
402.0 0.004362056643003598
403.0 0.004617617742042057
404.0 0.004873178841080517
405.0 0.004500802606344223
406.0 0.0041284263716079295
407.0 0.0038142050470924005
408.0 0.003499984450172633
409.0 0.0030897655960870907
410.0 0.0026795469239004888
411.0 0.0030764134862693027
412.0 0.0034732795029412955
413.0 0.003330185791128315
414.0 0.003187091715517454
415.0 0.0034442848118487746
416.0 0.0037014779081800953
417.0 0.003411474608583376
418.0 0.0031214709451887757
419.0 0.00286055110336747
420.0 0.002599630897748284
421.0 0.0033682554203551263
422.0 0.004136879579164088
423.0 0.004043878288939595
424.0 0.003950876998715103
425.0 0.0032128493330674246
426.0 0.0024748216674197465
427.0 0.00298151917377254
428.0 0.0034882163163274527
429.0 0.0031672927434556186
430.0 0.0028463695343816653
431.0 0.001796877768356353
432.0 0.0007473858204321004
433.0 0.0015896997865638696
434.0 0.0024320135707966983
435.0 0.0024460767235723324
436.0 0.0024601395125500858
437.0 0.002274155667691957
438.0 0.002088172004732769
439.0 0.0024267494154628366
440.0 0.0027653270080918446
441.0 0.0025489476684015244
442.0 0.002332568146812264
443.0 0.002368784225836862
444.0 0.00240500030486146
445.0 0.002750753083091695
446.0 0.00309650604322087
447.0 0.0026694227926782332
448.0 0.002242339905933477
449.0 0.002048284477496054
450.0 0.001854229049058631
451.0 0.0020855843104072846
452.0 0.0023169395717559382
453.0 0.001959113433258608
454.0 0.0016012871128623374
455.0 0.001873432302090805
456.0 0.0021455774913192727
457.0 0.0017708667655824684
458.0 0.0013961563126940746
459.0 0.0017195225154864602
460.0 0.0020428884454304352
461.0 0.0017818412743508816
462.0 0.001520794194220798
463.0 0.0016356758351321332
464.0 0.0017505573850939982
465.0 0.00152525817611604
466.0 0.0012999593309359625
467.0 0.001423492722096853
468.0 0.0015470261132577434
469.0 0.0012440213140507694
470.0 0.0009410166967427358
471.0 0.001155584141088184
472.0 0.001370151494484162
473.0 0.0013580912309407722
474.0 0.0013460307854984421
475.0 0.0013649671018356457
476.0 0.0013839034181728493
477.0 0.00131662000057986
478.0 0.0012493363101384602
479.0 0.0015608107787556946
480.0 0.0018722850654739887
481.0 0.0014146137800707947
482.0 0.0009569426765665412
483.0 0.0009550788490741979
484.0 0.0009532150215818547
485.0 0.001043460451910505
486.0 0.0011337059731886256
487.0 0.0014358418411575258
488.0 0.001737977800075896
489.0 0.00193612740986282
490.0 0.0021342772015486844
491.0 0.0019180786694050767
492.0 0.0017018803191604093
493.0 0.001927419907588046
494.0 0.0021529602236114442
495.0 0.0017839358406490646
496.0 0.0014149111848382745
497.0 0.00149969073390821
498.0 0.0015844703739276156
499.0 0.001402011275786208
500.0 0.0012195520866953302
501.0 0.0011098704817413818
502.0 0.0010001889677369036
503.0 0.0010720415957621299
504.0 0.001143894132837886
505.0 0.0016339061403414235
506.0 0.0021239180568954907
507.0 0.001611478546692524
508.0 0.0010990392183884978
509.0 0.001256065115740057
510.0 0.0014130911040410865
511.0 0.0014259318959375378
512.0 0.0014387725059350487
513.0 0.0013995846529724076
514.0 0.001360396981908707
515.0 0.0011622950296441559
516.0 0.0009641930773796048
517.0 0.0012890855032310355
518.0 0.0016139782019308768
519.0 0.0013675554328074213
520.0 0.0011211328455829062
521.0 0.0012609609257197008
522.0 0.0014007890968059655
523.0 0.0012898386557935737
524.0 0.0011788880328822415
525.0 0.0009879631761577912
526.0 0.0007970381375344004
527.0 0.0010552544154052157
528.0 0.0013134706023265608
529.0 0.0014300168004410807
530.0 0.0015465629985556006
531.0 0.0015754743799334392
532.0 0.001604385943210218
533.0 0.00118327334348578
534.0 0.000762160743761342
535.0 0.0009547355148242787
536.0 0.0011473103768366855
537.0 0.0014264507626648992
538.0 0.0017055912394425832
539.0 0.001607743979548104
540.0 0.0015098964468052145
541.0 0.0013059116099611856
542.0 0.0011019266821676865
543.0 0.0010532705346122384
544.0 0.0010046143870567903
545.0 0.0010914319318544585
546.0 0.0011782492038037162
547.0 0.001520970636192942
548.0 0.0018636919776326977
549.0 0.0016948590200627223
550.0 0.0015260256986948662
551.0 0.0016798849173937924
552.0 0.0018337441360927187
553.0 0.0021397399905254133
554.0 0.0024457356630591676
555.0 0.001798069934011437
556.0 0.001150403932115296
557.0 0.001225953110406408
558.0 0.0013015024705964606
559.0 0.0011997140063613188
560.0 0.001097925633075647
561.0 0.0011218819963687565
562.0 0.001145838359661866
563.0 0.0012250181498529855
564.0 0.0013041981219430454
565.0 0.0015909105059108697
566.0 0.0018776227079797536
567.0 0.0020426581613719463
568.0 0.0022076932509662583
569.0 0.0023898232029750943
570.0 0.002571953518781811
571.0 0.0024923489036154933
572.0 0.0024127441065502353
573.0 0.00199298719962826
574.0 0.0015732302927062847
575.0 0.0017852848031907342
576.0 0.001997339313675184
577.0 0.002072972165478859
578.0 0.0021486050172825344
579.0 0.0021376034055720083
580.0 0.002126601611962542
581.0 0.0020274223061278462
582.0 0.0019282430002931505
583.0 0.0020623518139473163
584.0 0.002196460627601482
585.0 0.0022546139007317834
586.0 0.002312766810064204
587.0 0.00181746254384052
588.0 0.001322158186667366
589.0 0.0015215443454508204
590.0 0.0017209307770826854
591.0 0.0019356530174263753
592.0 0.0021503754396690056
593.0 0.0015405074009322561
594.0 0.0009306396350439172
595.0 0.0010462827049195766
596.0 0.001161925774795236
597.0 0.0009420703463547397
598.0 0.0007222148724395083
599.0 0.0010004730938817374
600.0 0.0012787311788997613
601.0 0.0011593768249440473
602.0 0.001040022380038863
603.0 0.0013853685231879354
604.0 0.0017307149391854182
605.0 0.001421067827322986
606.0 0.0011114210792584345
607.0 0.0010047627256426495
608.0 0.0008981045539258048
609.0 0.0010711349204939324
610.0 0.0012441653780115303
611.0 0.0010720121281337924
612.0 0.0008998587873065844
613.0 0.0009127428711508401
614.0 0.0009256268640456256
615.0 0.0010860730981221423
616.0 0.0012465190593502484
617.0 0.0014243008081393782
618.0 0.001602082556928508
619.0 0.0016733412849134766
620.0 0.0017446000128984451
621.0 0.001960254303412512
622.0 0.0021759080482297577
623.0 0.0015730507584521547
624.0 0.0009701933777250815
625.0 0.0012148327186878305
626.0 0.0014594720596505795
627.0 0.001553787114971783
628.0 0.0016481022612424567
629.0 0.0018790091417031363
630.0 0.0021099163859616965
631.0 0.0025682720661279745
632.0 0.0030266277462942526
633.0 0.003154793012072332
634.0 0.0032829575502546504
635.0 0.005956710811005905
636.0 0.00863046370795928
637.0 0.015331328904721886
638.0 0.022032194829080254
639.0 0.020252690592315048
640.0 0.01847319072112441
641.0 0.015673437155783176
642.0 0.012873686500824988
643.0 0.009404821321368217
644.0 0.005935953959124163
645.0 0.006294892955338582
646.0 0.006653831951553002
647.0 0.006454753747675568
648.0 0.006255675543798134
649.0 0.004826510121347383
650.0 0.0033973450626945123
651.0 0.0035734814446186647
652.0 0.003749617826542817
653.0 0.003106259828200564
654.0 0.00246290146606043
655.0 0.002299212974321563
656.0 0.0021355243006837554
657.0 0.0024316026610904373
658.0 0.002727680475800298
659.0 0.0021252522856229916
660.0 0.001522824004496215
661.0 0.0018149861716665328
662.0 0.0021071482478873804
663.0 0.0019370409063412808
664.0 0.0017669337466941215
665.0 0.0017960132026928477
666.0 0.0018250926586915739
667.0 0.0020940997274010442
668.0 0.002363106614211574
669.0 0.00186375473276712
670.0 0.0013644028513226658
671.0 0.0013259287698019762
672.0 0.0012874545063823462
673.0 0.0012910199984617066
674.0 0.0012945853995915968
675.0 0.0012852530744567048
676.0 0.001275920385523932
677.0 0.0015283965694834478
678.0 0.0017808728443924338
679.0 0.001619377508177422
680.0 0.0014578824448108207
681.0 0.0016778261851868592
682.0 0.0018977698346134275
683.0 0.0023140670236898586
684.0 0.0027303640308673494
685.0 0.002574456993897911
686.0 0.002418549956928473
687.0 0.0018310256564291194
688.0 0.0012435013559297659
689.0 0.001766259447322227
690.0 0.002289017356815748
691.0 0.0022356211047735997
692.0 0.0021822248527314514
693.0 0.0024480861611664295
694.0 0.0027139474696014076
695.0 0.0029764218197669834
696.0 0.003238896169932559
697.0 0.003632531297625974
698.0 0.004026166061521508
699.0 0.005287604290060699
700.0 0.0065490421548020095
701.0 0.006871785444673151
702.0 0.0071945294621400535
703.0 0.00628471389063634
704.0 0.005374898682930507
705.0 0.004580647146212868
706.0 0.00378639560949523
707.0 0.00339177786372602
708.0 0.0029971601179568097
709.0 0.003538436067174189
710.0 0.004079712016391568
711.0 0.003947035293094814
712.0 0.0038143585697980598
713.0 0.003046297570108436
714.0 0.0022782365704188123
715.0 0.0022195155906956643
716.0 0.0021607946109725162
717.0 0.001797667755454313
718.0 0.0014345408999361098
719.0 0.001457591679354664
720.0 0.0014806425497226883
721.0 0.0012021741895296145
722.0 0.0009237057383870706
723.0 0.0014496606127067935
724.0 0.0019756154870265163
725.0 0.0015830939446459524
726.0 0.0011905728570127394
727.0 0.0010734445822890848
728.0 0.00095631621661596
729.0 0.0011127272955491208
730.0 0.0012691382835328113
731.0 0.0012530721505754627
732.0 0.0012370060176181141
733.0 0.0015885943867033347
734.0 0.0019401826648390852
735.0 0.0017627586203161627
736.0 0.0015853343938942999
737.0 0.0015262921806424856
738.0 0.001467249785491731
739.0 0.0016972813682514243
740.0 0.001927313132910058
741.0 0.001636700653762091
742.0 0.0013460882655635942
743.0 0.0016950185454334132
744.0 0.0020439489162527025
745.0 0.0019116092516924255
746.0 0.001779269405233208
747.0 0.0018445412933942862
748.0 0.0019098133634543046
749.0 0.0025819534130278043
750.0 0.003254093462601304
751.0 0.0028802951419493183
752.0 0.0025064968212973326
753.0 0.002619620499899611
754.0 0.0027327439966029488
755.0 0.002103946462739259
756.0 0.0014751492017239798
757.0 0.0021845924493391067
758.0 0.0028940357879037037
759.0 0.0029472614187397994
760.0 0.0030004866857780144
761.0 0.004699637793237343
762.0 0.006398788536898792
763.0 0.006224044773261994
764.0 0.006049301373423077
765.0 0.005214344128035009
766.0 0.004379387974040583
767.0 0.004277714833733626
768.0 0.00417604242102243
769.0 0.004715707473224029
770.0 0.0052553728892235085
771.0 0.005153048186912201
772.0 0.005050723484600894
773.0 0.0045397762733045965
774.0 0.00402882942580618
775.0 0.056798470905050635
776.0 0.0355559604940936
777.0 1.6111361376969224e-10
778.0 0.08868577424436808
779.0 0.06183224031701684
780.0 0.15598234022036195
781.0 0.060913769993931055
782.0 1.6111361376969224e-10
783.0 1.6111361376969224e-10
784.0 1.6111361376969224e-10
785.0 0.07159438100643456
786.0 0.04208260215818882
787.0 0.1121697947382927
788.0 0.09989730315282941
789.0 0.12801579432561994
790.0 0.13373447582125664
791.0 0.07816961733624339
792.0 0.05155792459845543
793.0 0.05301762721501291
794.0 0.03427586634643376
795.0 1.6111361376969224e-10
796.0 0.012245107791386545
797.0 0.17000065417960286
798.0 1.6111361376969224e-10
799.0 0.21230187267065048
800.0 0.17363299848511815
801.0 0.4293812904506922
802.0 0.7265083491802216
803.0 1.168584730476141
804.0 2.0164987072348595
805.0 2.9536351561546326
806.0 4.476257786154747
807.0 6.376653164625168
808.0 8.585664629936218
809.0 11.366734653711319
810.0 14.641967415809631
811.0 17.801183462142944
812.0 20.786596834659576
813.0 23.894019424915314
814.0 27.103134989738464
815.0 31.24358355998993
816.0 36.24927997589111
817.0 42.11917519569397
818.0 47.99186289310455
819.0 54.179561138153076
820.0 61.94694638252258
821.0 69.46911215782166
822.0 75.70037245750427
823.0 80.974280834198
824.0 86.36601567268372
825.0 90.9432590007782
826.0 93.65387558937073
827.0 95.96918225288391
828.0 98.38500618934631
829.0 98.7810730934143
830.0 98.77067804336548
831.0 99.24806952476501
832.0 98.47975373268127
833.0 99.88637566566467
834.0 98.43050837516785
835.0 99.2642343044281
836.0 99.20153021812439
837.0 99.15726780891418
838.0 98.20417761802673
839.0 98.2603371143341
840.0 98.7591028213501
841.0 99.91761445999146
842.0 99.41803812980652
843.0 100.05038976669312
844.0 98.21469187736511
845.0 98.7459659576416
846.0 98.93213510513306
847.0 98.69852066040039
848.0 99.77496266365051
849.0 98.6185610294342
850.0 98.39029908180237
851.0 99.15552139282227
852.0 99.18808341026306
853.0 98.83023500442505
854.0 99.83112812042236
855.0 98.32727313041687
856.0 99.14352893829346
857.0 98.09293746948242
858.0 98.73069524765015
859.0 99.45055842399597
860.0 98.44633936882019
861.0 99.02219772338867
862.0 98.7533450126648
863.0 98.45608472824097
864.0 99.61022138595581
865.0 99.55335855484009
866.0 98.49720597267151
867.0 99.26814436912537
868.0 99.59698915481567
869.0 99.18923377990723
870.0 98.28361868858337
871.0 98.97498488426208
872.0 99.32515025138855
873.0 98.7269937992096
874.0 99.697744846344
875.0 98.98355007171631
876.0 98.80807995796204
877.0 99.37071204185486
878.0 99.24372434616089
879.0 98.4587013721466
880.0 98.46732020378113
881.0 99.95519518852234
882.0 98.87518286705017
883.0 98.58415126800537
884.0 99.25682544708252
885.0 99.0346372127533
886.0 98.80536794662476
887.0 98.77869486808777
888.0 99.16913509368896
889.0 99.56161975860596
890.0 97.97024726867676
891.0 99.47152137756348
892.0 98.79109859466553
893.0 98.63100051879883
894.0 98.30010533332825
895.0 99.64780807495117
896.0 98.93906712532043
