lsstCam/transmission_filter_detector/r01_s01/r_57/19700101T000000.ecsv
# %ECSV 1.0
# ---
# datatype:
# - {name: wavelength, unit: nm, datatype: float32}
# - {name: efficiency, unit: '%', datatype: float64}
# meta: !!omap
# - {MODE: DETECTOR}
# - {TYPE: transmission_filter_detector}
# - {CALIBDATE: '1970-01-01T00:00:00'}
# - {INSTRUME: LSSTCam}
# - {OBSTYPE: transmission_filter_detector}
# - {CALIBCLS: lsst.ip.isr.IntermediateFilterDetectorTransmissionCurve}
# - {SOURCE: Materion (DM-46256)}
# - {DETECTOR: 1}
# - {FILTER: r_57}
# - {CALIB_ID: 'calibDate=1970-01-01T00:00:00 filter=r_57 detector=1'}
# - {DATE: '2025-04-02T15:59:44.189912'}
# - {CALIB_CREATION_DATE: '2025-04-02'}
# - {CALIB_CREATION_TIME: '15:59:44'}
# - __serialized_columns__:
#     efficiency:
#       __class__: astropy.units.quantity.Quantity
#       unit: !astropy.units.Unit {unit: '%'}
#       value: !astropy.table.SerializedColumn {name: efficiency}
#     wavelength:
#       __class__: astropy.units.quantity.Quantity
#       unit: !astropy.units.Unit {unit: nm}
#       value: !astropy.table.SerializedColumn {name: wavelength}
# schema: astropy-2.0
wavelength efficiency
300.0 0.0036739267670782283
301.0 0.009551407129038125
302.0 0.015428887854795903
303.0 0.0190131482668221
304.0 0.022597408678848296
305.0 0.019630990573205054
306.0 0.01666457246756181
307.0 0.014693231787532568
308.0 0.012721891107503325
309.0 0.011854045442305505
310.0 0.010986198321916163
311.0 0.010355556150898337
312.0 0.009724913979880512
313.0 0.00895687990123406
314.0 0.008188844367396086
315.0 0.0074341420258861035
316.0 0.006679438956780359
317.0 0.006430278153857216
318.0 0.006181118078529835
319.0 0.005719565160688944
320.0 0.005258012242848054
321.0 0.005083982250653207
322.0 0.004909950803266838
323.0 0.004574298873194493
324.0 0.004238646579324268
325.0 0.004042542786919512
326.0 0.003846438994514756
327.0 0.003964853021898307
328.0 0.0040832681406755
329.0 0.004088942296220921
330.0 0.004094618998351507
331.0 0.0038552407204406336
332.0 0.003615864261519164
333.0 0.0031929037504596636
334.0 0.0027699423299054615
335.0 0.002462479824316688
336.0 0.0021550173187279142
337.0 0.002003433655772824
338.0 0.0018518499928177334
339.0 0.0016591258827247657
340.0 0.0014664015907328576
341.0 0.0014025005839357618
342.0 0.0013385994861891959
343.0 0.0013949492313258816
344.0 0.001451298885513097
345.0 0.0014292096238932572
346.0 0.0014071202713239472
347.0 0.0013513034900825005
348.0 0.0012954865269421134
349.0 0.001316117777605541
350.0 0.005918867464060895
351.0 0.005713416248909198
352.0 0.005507965397555381
353.0 0.005078377216705121
354.0 0.0046487897634506226
355.0 0.005024278289056383
356.0 0.005399767906055786
357.0 0.007066510443110019
358.0 0.008733253343962133
359.0 0.006289552402449772
360.0 0.0038458514609374106
361.0 0.002587546441645827
362.0 0.0013292415133037139
363.0 0.002861514803953469
364.0 0.004393787821754813
365.0 0.004423323116498068
366.0 0.0044528587750392035
367.0 0.0037745812733191997
368.0 0.003096303771599196
369.0 0.0022970665668253787
370.0 0.0014978294530010317
371.0 0.0022103526134742424
372.0 0.002922876228694804
373.0 0.003324306453578174
374.0 0.0037257363146636635
375.0 0.0033185493521159515
376.0 0.0029113623895682395
377.0 0.00133221492433222
378.0 1.9562962361163727e-10
379.0 0.0007324933903873898
380.0 0.0017119195035775192
381.0 0.0024996790671139024
382.0 0.003287438812549226
383.0 0.0035363449569558725
384.0 0.0037852514651603997
385.0 0.0048398298531537876
386.0 0.005894407513551414
387.0 0.005155257167643867
388.0 0.0044161071855342016
389.0 0.003920556264347397
390.0 0.0034250049793627113
391.0 0.002354048228880856
392.0 0.0012830912965000607
393.0 0.0016615065760561265
394.0 0.0020399214918143116
395.0 0.0014056183317734394
396.0 0.0007713153536315076
397.0 0.0008197513125196565
398.0 0.0008681876352056861
399.0 0.0007103151347109815
400.0 0.000552442179468926
401.0 0.0001935992486323812
402.0 1.9562962361163727e-10
403.0 0.00014412679547604057
404.0 0.0004534981144388439
405.0 0.0009267252607969567
406.0 0.0013999522707308643
407.0 0.0018802011254592799
408.0 0.002360449798288755
409.0 0.002053440948657226
410.0 0.0017464319171267562
411.0 0.0013552652490034234
412.0 0.0009640984899306204
413.0 0.0008892683581507299
414.0 0.0008144383173203096
415.0 0.0007469815045624273
416.0 0.0006795249191782204
417.0 0.001327390236838255
418.0 0.0019752558728214353
419.0 0.0024368315280298702
420.0 0.0028984073651372455
421.0 0.004687109685619362
422.0 0.0064758118242025375
423.0 0.010007007949752733
424.0 0.013538201164919883
425.0 0.017834021127782762
426.0 0.02212983526987955
427.0 0.022288384207058698
428.0 0.02244693459942937
429.0 0.017086960724554956
430.0 0.011726986122084782
431.0 0.008547709876438603
432.0 0.00536843144800514
433.0 0.004355308919912204
434.0 0.0033421860280213878
435.0 0.0026480374799575657
436.0 0.0019538889318937436
437.0 0.0017230730009032413
438.0 0.0014922573427611496
439.0 0.0012053666068823077
440.0 0.0009184759619529359
441.0 0.0011827317393908743
442.0 0.0014469876077782828
443.0 0.0017688713342067786
444.0 0.0020907551515847445
445.0 0.0019501620045048185
446.0 0.0018095686755259521
447.0 0.001705247996142134
448.0 0.0016009276805561967
449.0 0.0018369199096923694
450.0 0.002072911593131721
451.0 0.0020885672711301595
452.0 0.002104222949128598
453.0 0.0018616126908455044
454.0 0.0016190027963602915
455.0 0.00149519692058675
456.0 0.0013713912267121486
457.0 0.000999904477794189
458.0 0.0006284177288762294
459.0 0.0008604289178038016
460.0 0.0010924400157819036
461.0 0.0018289081708644517
462.0 0.0025653756893007085
463.0 0.0034061973565258086
464.0 0.004247019387548789
465.0 0.005402068927651271
466.0 0.006557118467753753
467.0 0.007053312583593652
468.0 0.007549508154625073
469.0 0.006402406143024564
470.0 0.005255304495221935
471.0 0.0039404847484547645
472.0 0.0026256650016875938
473.0 0.0022009991880622692
474.0 0.0017763333744369447
475.0 0.0014803682461206336
476.0 0.001184403481602203
477.0 0.0009318092452303972
478.0 0.0006792149179091211
479.0 0.0009168141332338564
480.0 0.0011544132576091215
481.0 0.0008585354407841805
482.0 0.0005626578058581799
483.0 0.0006681199465674581
484.0 0.0007735820872767363
485.0 0.0007060532880132087
486.0 0.000638524443274946
487.0 0.0006769305400666781
488.0 0.00071533654590894
489.0 0.0006895462320244405
490.0 0.0006637558271904709
491.0 0.0008198348950827494
492.0 0.0009759138265508227
493.0 0.0011087714483437594
494.0 0.001241628979187226
495.0 0.0011155225365655497
496.0 0.000989415912044933
497.0 0.0012100681487936527
498.0 0.0014307202036434319
499.0 0.0014780763194721658
500.0 0.0015254325262503698
501.0 0.0016653417333145626
502.0 0.0018052511222776957
503.0 0.0022061865820433013
504.0 0.0026071222237078473
505.0 0.003260779340052977
506.0 0.003914436820195988
507.0 0.0045769393182126805
508.0 0.0052394414524314925
509.0 0.00565291011298541
510.0 0.006066377682145685
511.0 0.005394625623011962
512.0 0.0047228732000803575
513.0 0.004053692100569606
514.0 0.0033845102734630927
515.0 0.003167500108247623
516.0 0.0029504903068300337
517.0 0.002808372300933115
518.0 0.0026662541131372564
519.0 0.0714399095159024
520.0 0.12553088599815965
521.0 0.013769793440587819
522.0 0.12264924589544535
523.0 0.06798754329793155
524.0 0.029639076092280447
525.0 0.09516148711554706
526.0 0.14311530394479632
527.0 0.08178575080819428
528.0 0.1340100890956819
529.0 0.13737573754042387
530.0 0.1525097992271185
531.0 0.272717815823853
532.0 0.3598765004426241
533.0 0.43109324760735035
534.0 0.5818057805299759
535.0 0.8863500319421291
536.0 1.454769168049097
537.0 2.2915730252861977
538.0 3.5336680710315704
539.0 5.252688005566597
540.0 7.834222912788391
541.0 10.7090063393116
542.0 14.599955081939697
543.0 19.255530834197998
544.0 25.092503428459167
545.0 31.381258368492126
546.0 39.242640137672424
547.0 46.957406401634216
548.0 55.60153126716614
549.0 63.033485412597656
550.0 67.61384606361389
551.0 73.31844568252563
552.0 76.56359076499939
553.0 80.3072988986969
554.0 83.68497490882874
555.0 87.05087900161743
556.0 89.80688452720642
557.0 91.99833273887634
558.0 93.9415693283081
559.0 95.79960703849792
560.0 94.8878288269043
561.0 95.69827318191528
562.0 95.71298956871033
563.0 95.3777551651001
564.0 95.93430757522583
565.0 95.53936719894409
566.0 96.27537727355957
567.0 95.74591517448425
568.0 96.31769061088562
569.0 97.13284373283386
570.0 96.88177108764648
571.0 97.66948819160461
572.0 97.38219380378723
573.0 97.06776142120361
574.0 97.47462868690491
575.0 97.13780879974365
576.0 97.41125106811523
577.0 97.18557596206665
578.0 97.32607007026672
579.0 97.01528549194336
580.0 96.87944650650024
581.0 96.85108661651611
582.0 97.2209632396698
583.0 96.92202806472778
584.0 96.66557908058167
585.0 97.00826406478882
586.0 97.27475643157959
587.0 96.58832550048828
588.0 97.03841209411621
589.0 97.98697829246521
590.0 97.1053421497345
591.0 96.23210430145264
592.0 96.57514691352844
593.0 96.16464376449585
594.0 96.38270735740662
595.0 96.44865989685059
596.0 97.54712581634521
597.0 97.68414497375488
598.0 97.07307815551758
599.0 97.24559783935547
600.0 97.18305468559265
601.0 95.97717523574829
602.0 97.03794717788696
603.0 96.33728861808777
604.0 96.43722176551819
605.0 96.94719314575195
606.0 96.41711711883545
607.0 96.45824432373047
608.0 96.81909680366516
609.0 96.0482120513916
610.0 95.97598910331726
611.0 96.10863327980042
612.0 96.43601775169373
613.0 97.06272482872009
614.0 97.10285663604736
615.0 96.9545304775238
616.0 96.57539129257202
617.0 96.95959687232971
618.0 96.54019474983215
619.0 97.32771515846252
620.0 96.3107168674469
621.0 95.83824276924133
622.0 96.83513045310974
623.0 96.82928323745728
624.0 96.6548502445221
625.0 97.30855822563171
626.0 96.42362594604492
627.0 95.29086947441101
628.0 97.28443622589111
629.0 96.24196290969849
630.0 96.7145025730133
631.0 96.56687378883362
632.0 97.02185988426208
633.0 96.89927101135254
634.0 96.33777141571045
635.0 96.72423601150513
636.0 96.40657305717468
637.0 96.1335837841034
638.0 95.73928713798523
639.0 95.93527317047119
640.0 95.92840075492859
641.0 95.92584371566772
642.0 96.19789719581604
643.0 96.50203585624695
644.0 96.53603434562683
645.0 96.5980589389801
646.0 96.38612270355225
647.0 97.51164317131042
648.0 96.62838578224182
649.0 95.94005346298218
650.0 96.67971134185791
651.0 97.1788763999939
652.0 97.3949134349823
653.0 96.10452055931091
654.0 96.76012396812439
655.0 96.80904746055603
656.0 96.13462686538696
657.0 96.05385065078735
658.0 96.62114977836609
659.0 96.6363251209259
660.0 95.91318368911743
661.0 95.79803943634033
662.0 96.10748887062073
663.0 95.83377838134766
664.0 95.82651257514954
665.0 95.5942451953888
666.0 95.74676752090454
667.0 95.97454071044922
668.0 95.13601064682007
669.0 95.96478343009949
670.0 95.69061994552612
671.0 95.6704318523407
672.0 95.3457772731781
673.0 95.66888213157654
674.0 94.48002576828003
675.0 95.55073976516724
676.0 94.74923610687256
677.0 93.66987943649292
678.0 92.37260818481445
679.0 91.09700918197632
680.0 89.53856825828552
681.0 87.75172233581543
682.0 85.00211834907532
683.0 81.43518567085266
684.0 77.59073376655579
685.0 73.41228723526001
686.0 69.47541236877441
687.0 64.45251107215881
688.0 60.25815010070801
689.0 56.10676407814026
690.0 51.50328278541565
691.0 47.35323190689087
692.0 42.6582396030426
693.0 37.77414858341217
694.0 31.8378746509552
695.0 25.930187106132507
696.0 20.109032094478607
697.0 14.949870109558105
698.0 9.952850639820099
699.0 6.536485999822617
700.0 4.166701436042786
701.0 2.3411743342876434
702.0 1.4224248938262463
703.0 0.8742828853428364
704.0 0.49997130408883095
705.0 0.27184837963432074
706.0 0.20858848001807928
707.0 0.11775107122957706
708.0 0.08271575788967311
709.0 0.06013520178385079
710.0 0.07083601667545736
711.0 0.054613332031294703
712.0 0.03205100365448743
713.0 0.04828371456824243
714.0 0.071584468241781
715.0 0.04717125848401338
716.0 0.061890314100310206
717.0 0.08189057698473334
718.0 0.019544214592315257
719.0 0.019889396207872778
720.0 1.9562962361163727e-10
721.0 0.004181547410553321
722.0 0.003914522676495835
723.0 0.003647497942438349
724.0 0.0034017179132206365
725.0 0.003155937884002924
726.0 0.0029091745091136545
727.0 0.0026624114980222657
728.0 0.0025033335987245664
729.0 0.0023442555175279267
730.0 0.0022224545318749733
731.0 0.0021006537281209603
732.0 0.0020874069377896376
733.0 0.002074160147458315
734.0 0.0019753842934733257
735.0 0.001876608257589396
736.0 0.0017243883121409453
737.0 0.001572168548591435
738.0 0.0015412631910294294
739.0 0.001510357833467424
740.0 0.0014842152268101927
741.0 0.001458072893001372
742.0 0.0013290730748849455
743.0 0.0012000733477179892
744.0 0.0012823774341086391
745.0 0.0013646812476508785
746.0 0.0012831044841732364
747.0 0.0012015276297461241
748.0 0.0010503936209715903
749.0 0.0008992596121970564
750.0 0.000896642632142175
751.0 0.0008940261068346445
752.0 0.0009912448149407282
753.0 0.0010884634320973419
754.0 0.001064651041815523
755.0 0.001040839015331585
756.0 0.0009438230335945264
757.0 0.0008468067790090572
758.0 0.0009115240573009942
759.0 0.0009762411536939908
760.0 0.0010247836144117173
761.0 0.0010733262570283841
762.0 0.0010383881999587175
763.0 0.0010034505066869315
764.0 0.0009491181117482483
765.0 0.0008947858077590354
766.0 0.0007378688678727485
767.0 0.000580952109885402
768.0 0.0005636043624690501
769.0 0.0005462564786284929
770.0 0.0006578633019671543
771.0 0.0007694704436289612
772.0 0.0007129651294235373
773.0 0.0006564596787939081
774.0 0.0007838962119421922
775.0 0.0009113326996157411
776.0 0.0008696401891938876
777.0 0.0008279477697215043
778.0 0.0008299895853269845
779.0 0.0008320314918819349
780.0 0.0006972810297156684
781.0 0.0005625306584988721
782.0 0.0005945195880485699
783.0 0.0006265085175982676
784.0 0.0007288320375664625
785.0 0.0008311552846862469
786.0 0.0007469805495929904
787.0 0.000662805814499734
788.0 0.00064754999584693
789.0 0.0006322944045678014
790.0 0.0006547183147631586
791.0 0.0006771422249585157
792.0 0.0007137876764318207
793.0 0.0007504331733798608
794.0 0.0007822952284186613
795.0 0.0008141571015585214
796.0 0.0006656959158135578
797.0 0.0005172346845938591
798.0 0.000670324197926675
799.0 0.0008234136657847557
800.0 0.0007820686732884496
801.0 0.0007407234534184681
802.0 0.0005582467565545812
803.0 0.00037576980957965134
804.0 0.0005548058197746286
805.0 0.0007338418527069734
806.0 0.0006033567842678167
807.0 0.00047287176130339503
808.0 0.0006478448995039798
809.0 0.0008228179467550945
810.0 0.0007075154371705139
811.0 0.0005922131549596088
812.0 0.000647602837489103
813.0 0.0007029925200185971
814.0 0.0005560914360103197
815.0 0.00040919039747677743
816.0 0.0005496457561093848
817.0 0.0006901012056914624
818.0 0.0006018888143444201
819.0 0.0005136763775226427
820.0 0.00035095401926810155
821.0 0.00018823163827619283
822.0 0.0002533118504288723
823.0 0.00031839208531891927
824.0 0.00034426138881826773
825.0 0.00037013071505498374
826.0 0.000428894645665423
827.0 0.00048765850806375965
828.0 0.00034353263345110463
829.0 0.00019940671336371452
830.0 0.00011909613704119693
831.0 3.8785569245192164e-05
832.0 9.58115435878426e-06
833.0 1.9562962361163727e-10
834.0 1.9562962361163727e-10
835.0 1.9562962361163727e-10
836.0 0.00022753426947019761
837.0 0.0005052521373727359
838.0 0.0006787715392420068
839.0 0.000852291032060748
840.0 0.001307537968386896
841.0 0.0017627848137635738
842.0 0.0027455695089884102
843.0 0.003728353840415366
844.0 0.004440694829099812
845.0 0.005153036909177899
846.0 0.0051386014092713594
847.0 0.005124167728354223
848.0 0.004146604987909086
849.0 0.003169043702655472
850.0 0.0023054779376252554
851.0 0.0014419129911402706
852.0 0.0012489063919929322
853.0 0.0010558995199971832
854.0 0.0009698615031084046
855.0 0.0008838231224217452
856.0 0.0006893564204801805
857.0 0.0004948897640133509
858.0 0.0005812844392494299
859.0 0.0006676790690107737
860.0 0.0005804341981274774
861.0 0.0004931893272441812
862.0 0.0004912842086923774
863.0 0.0004893791356153088
864.0 0.0003585523472793284
865.0 0.00022772567263018573
866.0 0.0001954243089130614
867.0 0.00016312294519593706
868.0 0.00015523819456575438
869.0 0.00014735338709215284
870.0 6.111821448939736e-05
871.0 1.9562962361163727e-10
872.0 1.9562962361163727e-10
873.0 1.9562962361163727e-10
874.0 1.9562962361163727e-10
875.0 1.9562962361163727e-10
876.0 1.9562962361163727e-10
877.0 1.4101172496339132e-05
878.0 9.531570412946166e-05
879.0 0.00017653022723607137
880.0 0.0001662934437263175
881.0 0.00015605663747919607
882.0 0.0001626455286896089
883.0 0.00016923441990002175
884.0 5.087592285235587e-05
885.0 1.9562962361163727e-10
886.0 5.473615374285146e-05
887.0 0.0001769548475749616
888.0 0.00024205489808082348
889.0 0.00030715498269273667
890.0 0.00026448501557752024
891.0 0.00022181502572493628
892.0 7.488674782507587e-05
893.0 1.9562962361163727e-10
894.0 1.9562962361163727e-10
895.0 4.403696038934868e-05
896.0 2.4733529357945372e-05
897.0 5.430144156548522e-06
898.0 3.7334640268227304e-06
899.0 2.0367794562048402e-06
900.0 1.9562962361163727e-10
