lsstCam/transmission_filter_detector/r01_s01/r_57/19700101T000000.ecsv
# %ECSV 1.0
# ---
# datatype:
# - {name: wavelength, unit: nm, datatype: float32}
# - {name: efficiency, unit: '%', datatype: float64}
# meta: !!omap
# - {MODE: DETECTOR}
# - {TYPE: transmission_filter_detector}
# - {CALIBDATE: '1970-01-01T00:00:00'}
# - {INSTRUME: LSSTCam}
# - {OBSTYPE: transmission_filter_detector}
# - {CALIBCLS: lsst.ip.isr.IntermediateFilterDetectorTransmissionCurve}
# - {SOURCE: Materion (DM-46256)}
# - {DETECTOR: 1}
# - {FILTER: r_57}
# - {CALIB_ID: 'calibDate=1970-01-01T00:00:00 filter=r_57 detector=1'}
# - {DATE: '2025-04-02T15:59:44.189912'}
# - {CALIB_CREATION_DATE: '2025-04-02'}
# - {CALIB_CREATION_TIME: '15:59:44'}
# - __serialized_columns__:
#     efficiency:
#       __class__: astropy.units.quantity.Quantity
#       unit: !astropy.units.Unit {unit: '%'}
#       value: !astropy.table.SerializedColumn {name: efficiency}
#     wavelength:
#       __class__: astropy.units.quantity.Quantity
#       unit: !astropy.units.Unit {unit: nm}
#       value: !astropy.table.SerializedColumn {name: wavelength}
# schema: astropy-2.0
wavelength efficiency
[from data line 602]
902.0 1.9562962361163727e-10
903.0 1.9562962361163727e-10
904.0 1.9562962361163727e-10
905.0 5.530756652660784e-05
906.0 1.4310724161248345e-06
907.0 1.9562962361163727e-10
908.0 1.9562962361163727e-10
909.0 1.9562962361163727e-10
910.0 1.9562962361163727e-10
911.0 1.9562962361163727e-10
912.0 1.9562962361163727e-10
913.0 1.9562962361163727e-10
914.0 3.84761847271875e-05
915.0 0.00015283098946383689
916.0 0.00013733522337133763
917.0 0.00012183945727883838
918.0 0.00018764708329399582
919.0 0.00025345466383441817
920.0 0.00016382921330659883
921.0 7.42037570944376e-05
922.0 0.00016041577737269108
923.0 0.0002466278147039702
924.0 0.00024774790290393867
925.0 0.0002488680365786422
926.0 0.00019516223801474553
927.0 0.00014145642808216508
928.0 0.00011371420214345562
929.0 8.597195915172051e-05
930.0 0.00016181743376364466
931.0 0.00023766292542859446
932.0 9.64736955211265e-05
933.0 1.9562962361163727e-10
934.0 9.582043958289432e-05
935.0 0.00023635632260265993
936.0 0.00023114678242563969
937.0 0.00022593724224861944
938.0 0.0003161009772156831
939.0 0.0004062647349201143
940.0 0.0003311117552584619
941.0 0.00025595882107154466
942.0 0.00037170862015045714
943.0 0.0004874584647041047
944.0 0.0004107393124286318
945.0 0.00033402016015315894
946.0 0.00030852665986458305
947.0 0.00028303309136390453
948.0 0.000475690103485249
949.0 0.0006683471838186961
950.0 0.0006700036919937702
951.0 0.0006716602456435794
952.0 0.0007700000423938036
953.0 0.0008683400665177032
954.0 0.001215551128552761
955.0 0.0015627625543856993
956.0 0.0015529918528045528
957.0 0.0015432213331223466
958.0 0.0016670654076733626
959.0 0.0017909098460222594
960.0 0.0019093715309281833
961.0 0.0020278333977330476
962.0 0.0021315687263268046
963.0 0.002235304236819502
964.0 0.002231956932519097
965.0 0.0022286094463197514
966.0 0.002203463009209372
967.0 0.002178316208301112
968.0 0.002159275572921615
969.0 0.002140234937542118
970.0 0.002234234125353396
971.0 0.002328233495063614
972.0 0.00244654747802997
973.0 0.0025648610971984453
974.0 0.0028701160772470757
975.0 0.0031753708753967658
976.0 0.003289048618171364
977.0 0.0034027263609459624
978.0 0.0033413583878427744
979.0 0.003279990778537467
980.0 0.0032806070521473885
981.0 0.003281222961959429
982.0 0.003320553878438659
983.0 0.0033598844311200082
984.0 0.0033300661016255617
985.0 0.003300248135928996
986.0 0.0031851959647610784
987.0 0.00307014342979528
988.0 0.002869551462936215
989.0 0.0026689593141782098
990.0 0.00268315397988772
991.0 0.002697348827496171
992.0 0.00277029557764763
993.0 0.0028432425096980296
994.0 0.002839404623955488
995.0 0.0028355661925161257
996.0 0.002882626540667843
997.0 0.0029296868888195604
998.0 0.0030565279303118587
999.0 0.003183368971804157
1000.0 0.0032678351999493316
1001.0 0.003352301791892387
1002.0 0.0035999935789732262
1003.0 0.0038476853660540655
1004.0 0.003963656126870774
1005.0 0.004079626887687482
1006.0 0.004307330527808517
1007.0 0.004535034895525314
1008.0 0.004442444696906023
1009.0 0.004349854134488851
1010.0 0.00438672213931568
1011.0 0.004423590507940389
1012.0 0.004364681808510795
1013.0 0.004305773109081201
1014.0 0.004040671410621144
1015.0 0.0037755697121610865
1016.0 0.0035316978028276935
1017.0 0.0032878258934943005
1018.0 0.0028919042961206287
1019.0 0.002495983244443778
1020.0 0.00209436948352959
1021.0 0.0016927557226154022
1022.0 0.0014682261280540843
1023.0 0.0012436960787454154
1024.0 0.0013193383892939892
1025.0 0.0013949809726909734
1026.0 0.0012245877769601066
1027.0 0.0010541943083808292
1028.0 0.000999992698780261
1029.0 0.0009457909072807524
1030.0 0.0008930998774303589
1031.0 0.000840408119984204
1032.0 0.0008673636330058798
1033.0 0.0008943188731791452
1034.0 0.00085366173152579
1035.0 0.0008130044079734944
1036.0 0.0009692253115645144
1037.0 0.0011254457604081836
1038.0 0.0009586399755789898
1039.0 0.0007918342816992663
1040.0 0.000817471845948603
1041.0 0.0008431094101979397
1042.0 0.0010249583283439279
1043.0 0.0012068067917425651
1044.0 0.0010832896805368364
1045.0 0.000959772751230048
1046.0 0.0010128873327630572
1047.0 0.001066002187144477
1048.0 0.0009174214028462302
1049.0 0.0007688408004469238
1050.0 0.0008509998224326409
1051.0 0.0009331589353678282
1052.0 0.001156754296971485
1053.0 0.001380349203827791
1054.0 0.001167015670944238
1055.0 0.0009536819561617449
1056.0 0.0009659886927693151
1057.0 0.0009782956112758256
1058.0 0.0008936251106206328
1059.0 0.0008089547918643802
1060.0 0.0010854230822587851
1061.0 0.0013618907360068988
1062.0 0.001469436119805323
1063.0 0.0015769815945532173
1064.0 0.0011389315659471322
1065.0 0.0007008814009168418
1066.0 0.0010565732736722566
1067.0 0.0014122651009529363
1068.0 0.0017989277694141492
1069.0 0.002185589801229071
1070.0 0.0017421667507733218
1071.0 0.0012987435184186324
1072.0 0.0014473332157649565
1073.0 0.0015959232769091614
1074.0 0.002107260479533579
1075.0 0.002618597682157997
1076.0 0.0029975524739711545
1077.0 0.0033765074476832524
1078.0 0.003624594319262542
1079.0 0.0038726819184375927
1080.0 0.004161274409852922
1081.0 0.0044498665374703705
1082.0 0.004205539880786091
1083.0 0.003961213224101812
1084.0 0.0043993790313834324
1085.0 0.004837544838665053
1086.0 0.004969747533323243
1087.0 0.005101950227981433
1088.0 0.005147319461684674
1089.0 0.005192688695387915
1090.0 0.005086487726657651
1091.0 0.004980286757927388
1092.0 0.004361878745839931
1093.0 0.003743470733752474
1094.0 0.004223116775392555
1095.0 0.0047027624532347545
1096.0 0.003701577225001529
1097.0 0.0027003921786672436
1098.0 0.002115672941727098
1099.0 0.0015309537047869526
1100.0 0.0016637855878798291
1101.0 0.0017966172890737653
