lsstCam/transmission_filter_detector/r32_s01/r_57/19700101T000000.ecsv
# %ECSV 1.0
# ---
# datatype:
# - {name: wavelength, unit: nm, datatype: float32}
# - {name: efficiency, unit: '%', datatype: float64}
# meta: !!omap
# - {MODE: DETECTOR}
# - {TYPE: transmission_filter_detector}
# - {CALIBDATE: '1970-01-01T00:00:00'}
# - {INSTRUME: LSSTCam}
# - {OBSTYPE: transmission_filter_detector}
# - {CALIBCLS: lsst.ip.isr.IntermediateFilterDetectorTransmissionCurve}
# - {SOURCE: Materion (DM-46256)}
# - {DETECTOR: 136}
# - {FILTER: r_57}
# - {CALIB_ID: 'calibDate=1970-01-01T00:00:00 filter=r_57 detector=136'}
# - {DATE: '2025-04-02T15:59:44.813238'}
# - {CALIB_CREATION_DATE: '2025-04-02'}
# - {CALIB_CREATION_TIME: '15:59:44'}
# - __serialized_columns__:
#     efficiency:
#       __class__: astropy.units.quantity.Quantity
#       unit: !astropy.units.Unit {unit: '%'}
#       value: !astropy.table.SerializedColumn {name: efficiency}
#     wavelength:
#       __class__: astropy.units.quantity.Quantity
#       unit: !astropy.units.Unit {unit: nm}
#       value: !astropy.table.SerializedColumn {name: wavelength}
# schema: astropy-2.0
wavelength efficiency
300.0 0.0019363773390068673
301.0 0.005212917676544748
302.0 0.008489459287375212
303.0 0.009721236710902303
304.0 0.010953014862025157
305.0 0.01025674064294435
306.0 0.009560467151459306
307.0 0.008235975838033482
308.0 0.006911484524607658
309.0 0.006005998147884384
310.0 0.0051005114073632285
311.0 0.005242505358182825
312.0 0.0053844996728003025
313.0 0.00462075367977377
314.0 0.0038570069591514766
315.0 0.003521188409649767
316.0 0.0031853698601480573
317.0 0.0030782037356402725
318.0 0.0029710368835367262
319.0 0.0028346503313514404
320.0 0.0026982632334693335
321.0 0.0026652491214917973
322.0 0.0026322351914132014
323.0 0.0025930401534424163
324.0 0.0025538456611684524
325.0 0.002312835022166837
326.0 0.002071824565064162
327.0 0.002075637712550815
328.0 0.0020794508600374684
329.0 0.0021159208699828014
330.0 0.0021523908799281344
331.0 0.002119591590599157
332.0 0.0020867923012701795
333.0 0.0019065588276134804
334.0 0.0017263253539567813
335.0 0.0014603727322537452
336.0 0.001194420110550709
337.0 0.0011221896784263663
338.0 0.0010499592463020235
339.0 0.0009596143172529992
340.0 0.0008692693882039748
341.0 0.0008434826668235473
342.0 0.00081769603639259
343.0 0.0008762564903008752
344.0 0.0009348169442091603
345.0 0.0008458216143480968
346.0 0.0007568265118607087
347.0 0.0007283505055966089
348.0 0.000699874499332509
349.0 0.0006934669272595784
350.0 0.0033145901397801936
351.0 0.005068396785645746
352.0 0.006822202703915536
353.0 0.006353088247124106
354.0 0.005883973790332675
355.0 0.004276277468306944
356.0 0.0026685820557759143
357.0 0.003843141530524008
358.0 0.005017701914766803
359.0 0.0043863321479875594
360.0 0.0037549623812083155
361.0 0.002738448529271409
362.0 0.0017219346773345023
363.0 0.0024912938897614367
364.0 0.003260653102188371
365.0 0.0027532358217285946
366.0 0.0022458187231677584
367.0 0.0027100639272248372
368.0 0.0031743089493829757
369.0 0.002981322177220136
370.0 0.0027883350412594154
371.0 0.002939523801614996
372.0 0.003090712198172696
373.0 0.0030060751669225283
374.0 0.0029214375899755396
375.0 0.0020969597244402394
376.0 0.001272481767955469
377.0 0.0016340914953616448
378.0 0.0019957013137172908
379.0 0.0020255136405467056
380.0 0.0020553261492750607
381.0 0.002411962668702472
382.0 0.0027685993700288236
383.0 0.0034466025681467727
384.0 0.0041246061300626025
385.0 0.004751521191792563
386.0 0.0053784366173204035
387.0 0.004742036253446713
388.0 0.004105635889573023
389.0 0.0034918954042950645
390.0 0.0028781540095224045
391.0 0.0022720309061696753
392.0 0.0016659081666148268
393.0 0.00172937179740984
394.0 0.0017928356101037934
395.0 0.001475169301556889
396.0 0.0011575029020605143
397.0 0.0009694608706922736
398.0 0.0007814188393240329
399.0 0.0008114458978525363
400.0 0.0008414730473305099
401.0 0.0006898549145262223
402.0 0.0005382365998229943
403.0 0.0004903331046079984
404.0 0.00044242970034247264
405.0 0.0008882367183105089
406.0 0.0013340438272280153
407.0 0.0015203187103907112
408.0 0.0017065933207049966
409.0 0.001270586290047504
410.0 0.0008345792593900114
411.0 0.0008102443644020241
412.0 0.0007859094694140367
413.0 0.0012176012205600273
414.0 0.0016492929717060179
415.0 0.0016649904864607379
416.0 0.0016806883650133386
417.0 0.001469532617193181
418.0 0.0012583770512719639
419.0 0.001911708568513859
420.0 0.002565039903856814
421.0 0.003917976937373169
422.0 0.005270913970889524
423.0 0.008216952119255438
424.0 0.011162989540025592
425.0 0.014816979819443077
426.0 0.018470970098860562
427.0 0.018979457672685385
428.0 0.019487948156893253
429.0 0.015308181173168123
430.0 0.011128414189442992
431.0 0.007656150410184637
432.0 0.004183887358522043
433.0 0.0033044667361536995
434.0 0.0024250462956842966
435.0 0.0018833763533621095
436.0 0.0013417064110399224
437.0 0.0010173632290388923
438.0 0.0006930202744115377
439.0 0.0007783877663314342
440.0 0.0008637553037260659
441.0 0.0009586077794665471
442.0 0.0010534604371059686
443.0 0.0014418748833122663
444.0 0.001830289329518564
445.0 0.0016826232240418904
446.0 0.0015349571185652167
447.0 0.0014550033483828884
448.0 0.0013750496691500302
449.0 0.0012715046068478841
450.0 0.0011679593626467977
451.0 0.0012909785255033057
452.0 0.0014139975064608734
453.0 0.0015462428564205766
454.0 0.0016784879335318692
455.0 0.0014590379578294232
456.0 0.0012395882549753878
457.0 0.0009998394489230122
458.0 0.0007600905064464314
459.0 0.0009148094250122085
460.0 0.0010695282981032506
461.0 0.0016179988961084746
462.0 0.0021664694941136986
463.0 0.002854580270650331
464.0 0.003542691410984844
465.0 0.004471995998756029
466.0 0.005401300222729333
467.0 0.00596868630964309
468.0 0.0065360727603547275
469.0 0.005727911047870293
470.0 0.00491975006298162
471.0 0.0037093672290211543
472.0 0.002498983849363867
473.0 0.0018740527593763545
474.0 0.0012491213965404313
475.0 0.0009510928066447377
476.0 0.000653064171274309
477.0 0.0006909540388733149
478.0 0.0007288438155228505
479.0 0.0007567205557279522
480.0 0.0007845972504583187
481.0 0.0006557709639309905
482.0 0.0005269446774036624
483.0 0.0006307492640189594
484.0 0.0007345538506342564
485.0 0.0007162848760344787
486.0 0.0006980159014347009
487.0 0.0004993622951587895
488.0 0.00030070868888287805
489.0 0.0005268326276564039
490.0 0.0007529565664299298
491.0 0.0007723647286184132
492.0 0.0007917728908068966
493.0 0.0009023859092849307
494.0 0.0010129989277629647
495.0 0.0009913157555274665
496.0 0.000969632401393028
497.0 0.0010357643986935727
498.0 0.0011018963959941175
499.0 0.001110339962906437
500.0 0.001118783802667167
501.0 0.0012509171028796118
502.0 0.0013830503121425863
503.0 0.00177249894477427
504.0 0.0021619473045575432
505.0 0.0025259185349568725
506.0 0.0028898901291540824
507.0 0.0036094465031055734
508.0 0.004329002695158124
509.0 0.004739257929031737
510.0 0.00514951279910747
511.0 0.004738407369586639
512.0 0.004327301940065809
513.0 0.0036601402825908735
514.0 0.0029929786251159385
515.0 0.0028070498956367373
516.0 0.002621120984258596
517.0 0.0025996187105192803
518.0 0.0025781164367799647
519.0 0.009048307401826605
520.0 0.0676151248626411
521.0 0.1586784841492772
522.0 0.16081698704510927
523.0 0.1317756250500679
524.0 0.09133168496191502
525.0 0.17519708489999175
526.0 0.14773892471566796
527.0 0.0907407549675554
528.0 0.16958588967099786
529.0 0.08375743636861444
530.0 0.18818115349859
531.0 0.21893195807933807
532.0 0.2578465035185218
533.0 0.24320853408426046
534.0 0.36259377375245094
535.0 0.38050294388085604
536.0 0.4474485758692026
537.0 0.6727842148393393
538.0 1.038569025695324
539.0 1.5684306621551514
540.0 2.540208213031292
541.0 3.8706663995981216
542.0 5.781295895576477
543.0 8.41648057103157
544.0 11.528318375349045
545.0 15.18467515707016
546.0 19.535289704799652
547.0 24.96258020401001
548.0 32.019418478012085
549.0 39.57366943359375
550.0 46.67869210243225
551.0 54.6181857585907
552.0 60.723698139190674
553.0 66.53826236724854
554.0 71.3555097579956
555.0 75.64017176628113
556.0 79.63721752166748
557.0 82.95927047729492
558.0 86.34892702102661
559.0 89.89971876144409
560.0 90.91092944145203
561.0 93.18434596061707
562.0 94.12376880645752
563.0 94.48555707931519
564.0 95.03358602523804
565.0 94.35597062110901
566.0 95.17974257469177
567.0 94.38548684120178
568.0 95.02074122428894
569.0 95.46967148780823
570.0 94.98772025108337
571.0 95.91495394706726
572.0 95.89402675628662
573.0 95.73364853858948
574.0 96.50654792785645
575.0 96.13500237464905
576.0 96.92235589027405
577.0 96.4825689792633
578.0 96.34792804718018
579.0 96.302330493927
580.0 95.75515389442444
581.0 95.50263285636902
582.0 96.17141485214233
583.0 95.7953691482544
584.0 95.66028714179993
585.0 95.84782719612122
586.0 95.95600366592407
587.0 95.23435235023499
588.0 96.00722789764404
589.0 96.46990299224854
590.0 95.92000246047974
591.0 95.41242122650146
592.0 95.6125259399414
593.0 95.08722424507141
594.0 95.11897563934326
595.0 95.9250271320343
596.0 96.15067839622498
597.0 96.23940587043762
598.0 95.92122435569763
599.0 96.19913697242737
600.0 95.96073031425476
601.0 95.32447457313538
602.0 95.67310810089111
603.0 95.7426130771637
604.0 95.9362268447876
605.0 96.20473980903625
606.0 95.68145871162415
607.0 95.4609751701355
608.0 95.70512771606445
609.0 94.92620825767517
610.0 95.40688991546631
611.0 95.11639475822449
612.0 95.39366960525513
613.0 95.94320058822632
614.0 96.26225233078003
615.0 95.65034508705139
616.0 95.91436386108398
617.0 95.67767381668091
618.0 95.67731022834778
619.0 96.23704552650452
620.0 95.44968008995056
621.0 95.12134194374084
622.0 95.83179354667664
623.0 95.87516784667969
624.0 95.92492580413818
625.0 96.41959071159363
626.0 95.54033279418945
627.0 94.34151649475098
628.0 96.72352075576782
629.0 94.99439001083374
630.0 95.72694897651672
631.0 95.21322846412659
632.0 96.00439667701721
633.0 95.88162899017334
634.0 95.52244544029236
635.0 95.36318182945251
636.0 95.27987241744995
637.0 95.17947435379028
638.0 95.02372741699219
639.0 94.86604332923889
640.0 95.28027176856995
641.0 95.16273736953735
642.0 95.50520777702332
643.0 95.4590380191803
644.0 95.67801356315613
645.0 95.34894227981567
646.0 95.52529454231262
647.0 96.31701707839966
648.0 95.5381989479065
649.0 95.28248906135559
650.0 95.67025899887085
651.0 96.18556499481201
652.0 96.03847861289978
653.0 95.35487294197083
654.0 95.82071304321289
655.0 95.78848481178284
656.0 95.54331302642822
657.0 95.57141661643982
658.0 95.82951068878174
659.0 95.65199613571167
660.0 95.04876732826233
661.0 94.88003253936768
662.0 95.3093945980072
663.0 95.08140087127686
664.0 95.04874348640442
665.0 94.83261704444885
666.0 94.84447240829468
667.0 95.23095488548279
668.0 94.95905637741089
669.0 95.79427242279053
670.0 95.12218236923218
671.0 95.31980752944946
672.0 94.85968947410583
673.0 95.07612586021423
674.0 94.64784264564514
675.0 95.04156112670898
676.0 94.44602727890015
677.0 93.42963695526123
678.0 92.75301098823547
679.0 92.16663837432861
680.0 90.77816009521484
681.0 89.52319025993347
682.0 87.19106912612915
683.0 84.2491090297699
684.0 80.64577579498291
685.0 77.14848518371582
686.0 73.22618961334229
687.0 67.86893010139465
688.0 63.439637422561646
689.0 58.991265296936035
690.0 53.614139556884766
691.0 49.486321210861206
692.0 44.83751356601715
693.0 40.43516516685486
694.0 35.40816903114319
695.0 30.3941011428833
696.0 25.37285089492798
697.0 20.48090696334839
698.0 14.949212968349457
699.0 10.766047984361649
700.0 7.441014051437378
701.0 4.692227020859718
702.0 2.951132133603096
703.0 1.7608366906642914
704.0 0.9988898411393166
705.0 0.6047606002539396
706.0 0.4067852161824703
707.0 0.23129857145249844
708.0 0.16541419317945838
709.0 0.1270033186301589
710.0 0.04500491777434945
711.0 0.09842232102528214
712.0 0.08202700410038233
713.0 0.06240564398467541
714.0 0.11669880477711558
715.0 0.03329859173391014
716.0 0.042065203888341784
717.0 0.02573428791947663
718.0 0.07840388570912182
719.0 0.09062198805622756
720.0 1.5806028361153857e-10
721.0 0.004513963722274639
722.0 0.004261341382516548
723.0 0.004008719042758457
724.0 0.0037125944800209254
725.0 0.0034164699172833934
726.0 0.003183351509505883
727.0 0.0029502332836273126
728.0 0.0028017793738399632
729.0 0.0026533258278504945
730.0 0.0024954506443464197
731.0 0.0023375756427412853
732.0 0.002255219078506343
733.0 0.0021728626961703412
734.0 0.002075611519103404
735.0 0.0019783601601375267
736.0 0.0018486198314349167
737.0 0.0017188795027323067
738.0 0.0017254367776331492
739.0 0.0017319940525339916
740.0 0.0016963645975920372
741.0 0.001660735324549023
742.0 0.0014961105080146808
743.0 0.001331485418631928
744.0 0.001420972967025591
745.0 0.0015104603335203137
746.0 0.001405951024935348
747.0 0.001301441625400912
748.0 0.00125645647131023
749.0 0.001211471317219548
750.0 0.0012388924915285315
751.0 0.0012663138477364555
752.0 0.001268492724193493
753.0 0.0012706717825494707
754.0 0.0011998181435046718
755.0 0.0011289648682577536
756.0 0.0010656654922058806
757.0 0.0010023663890024181
758.0 0.0009843220141192432
759.0 0.0009662778211350087
760.0 0.0009210972166329157
761.0 0.0008759166121308226
762.0 0.0009435630090592895
763.0 0.0010112096788361669
764.0 0.0010212809684162494
765.0 0.0010313521670468617
766.0 0.0008425188752880786
767.0 0.0006536854925798252
768.0 0.0006366879006236559
769.0 0.0006196900812938111
770.0 0.0006380703780450858
771.0 0.0006564506293216255
772.0 0.000703438263371936
773.0 0.0007504256700485712
774.0 0.0008167543455783743
775.0 0.0008830830665829126
776.0 0.000949781224335311
777.0 0.0010164798368350603
778.0 0.0008715734111319762
779.0 0.0007266673492267728
780.0 0.0007334919700952014
781.0 0.0007403169547615107
782.0 0.0008140587851812597
783.0 0.0008878007974999491
784.0 0.0008443762453680392
785.0 0.0008009517841855995
786.0 0.0007886741514084861
787.0 0.0007763966095808428
788.0 0.0006744185157003812
789.0 0.0005724404218199197
790.0 0.0006521921932289843
791.0 0.000731944101062254
792.0 0.0007339618605328724
793.0 0.0007359795290540205
794.0 0.0007760894732200541
795.0 0.000816199644759763
796.0 0.0006850574209238403
797.0 0.0005539151970879175
798.0 0.0006528061476274161
799.0 0.0007516973255405901
800.0 0.0007871877642173786
801.0 0.0008226779755204916
802.0 0.0008091384188446682
803.0 0.000795598953118315
804.0 0.0007469513548130635
805.0 0.0006983038474572822
806.0 0.0006787019174225861
807.0 0.0006590998054889496
808.0 0.0006360772658808855
809.0 0.000613054498899146
810.0 0.000633350964562851
811.0 0.0006536472483276157
812.0 0.0005842991868121317
813.0 0.0005149509888724424
814.0 0.0005036077254771953
815.0 0.0004922645075566834
816.0 0.000656200563753373
817.0 0.0008201367563742679
818.0 0.0006738544016116066
819.0 0.000527571864950005
820.0 0.0005187293481867528
821.0 0.0005098867404740304
822.0 0.0005954652806394733
823.0 0.0006810437753301812
824.0 0.0005343018528947141
825.0 0.00038755965761083644
826.0 0.0003967949396610493
827.0 0.00040603017623652704
828.0 0.0003843062131636543
829.0 0.00036258222735341405
830.0 0.00018405884247840731
831.0 5.535463643013827e-06
832.0 1.5806028361153857e-10
833.0 1.5806028361153857e-10
834.0 1.5806028361153857e-10
835.0 7.343913352997333e-05
836.0 0.00015169168818829348
837.0 0.0002299442940056906
838.0 0.0006578969532711199
839.0 0.0010858496352739166
840.0 0.00144814548548311
841.0 0.0018104414266417734
842.0 0.0021237234250293113
843.0 0.0024370056053157896
844.0 0.0023138929464039393
845.0 0.0021907804693910293
846.0 0.001841401717683766
847.0 0.0014920229659765027
848.0 0.0013534314348362386
849.0 0.0012148398127465043
850.0 0.0012280959708732553
851.0 0.001241352038050536
852.0 0.0011889730558323208
853.0 0.0011365940736141056
854.0 0.0009557264093018603
855.0 0.0007748584721412044
856.0 0.0006266891887207748
857.0 0.00047851967792666983
858.0 0.0004702283604274271
859.0 0.00046193708840291947
860.0 0.0003572346486180322
861.0 0.0002525321633584099
862.0 0.000301312206829607
863.0 0.00035009220482606906
864.0 0.00024858861706889
865.0 0.00014708506341776229
866.0 0.00011063224292229279
867.0 7.417940537379764e-05
868.0 6.655989750470326e-05
869.0 5.894037826692511e-05
870.0 1.5806028361153857e-10
871.0 1.5806028361153857e-10
872.0 1.5806028361153857e-10
873.0 1.5806028361153857e-10
874.0 1.5806028361153857e-10
875.0 1.5806028361153857e-10
876.0 2.4153021627171256e-05
877.0 9.053770213540702e-05
878.0 0.00011560556458789506
879.0 0.000140673432724725
880.0 0.00014879359468977782
881.0 0.00015691376802351442
882.0 0.00014730798056916683
883.0 0.00013770219311481924
884.0 6.11861537436198e-05
885.0 1.5806028361153857e-10
886.0 7.608626901856042e-05
887.0 0.00016750244640206802
888.0 0.00017029213950081612
889.0 0.00017308186670561554
890.0 0.0001011297740660666
891.0 2.9177698479543324e-05
892.0 3.697834927152144e-05
893.0 4.4778983010473894e-05
894.0 4.364667063327943e-05
895.0 4.251434688740119e-05
896.0 1.1453765580426989e-05
897.0 1.5806028361153857e-10
898.0 4.092515837328392e-05
899.0 0.00010145710120923468
