lsstCam/transmission_filter_detector/r32_s01/r_57/19700101T000000.ecsv
# %ECSV 1.0
# ---
# datatype:
# - {name: wavelength, unit: nm, datatype: float32}
# - {name: efficiency, unit: '%', datatype: float64}
# meta: !!omap
# - {MODE: DETECTOR}
# - {TYPE: transmission_filter_detector}
# - {CALIBDATE: '1970-01-01T00:00:00'}
# - {INSTRUME: LSSTCam}
# - {OBSTYPE: transmission_filter_detector}
# - {CALIBCLS: lsst.ip.isr.IntermediateFilterDetectorTransmissionCurve}
# - {SOURCE: Materion (DM-46256)}
# - {DETECTOR: 136}
# - {FILTER: r_57}
# - {CALIB_ID: 'calibDate=1970-01-01T00:00:00 filter=r_57 detector=136'}
# - {DATE: '2025-04-02T15:59:44.813238'}
# - {CALIB_CREATION_DATE: '2025-04-02'}
# - {CALIB_CREATION_TIME: '15:59:44'}
# - __serialized_columns__:
#     efficiency:
#       __class__: astropy.units.quantity.Quantity
#       unit: !astropy.units.Unit {unit: '%'}
#       value: !astropy.table.SerializedColumn {name: efficiency}
#     wavelength:
#       __class__: astropy.units.quantity.Quantity
#       unit: !astropy.units.Unit {unit: nm}
#       value: !astropy.table.SerializedColumn {name: wavelength}
# schema: astropy-2.0
wavelength efficiency
[from data line 601]
901.0 1.5806028361153857e-10
902.0 1.5806028361153857e-10
903.0 7.409420987869453e-06
904.0 2.305796158452722e-05
905.0 3.870650857606961e-05
906.0 8.047547339629091e-05
907.0 0.0001222444780069054
908.0 0.0001226769200002309
909.0 0.00012310937336224015
910.0 1.1057557713911592e-05
911.0 1.5806028361153857e-10
912.0 1.5806028361153857e-10
913.0 8.621611868875334e-05
914.0 7.427863124576106e-05
915.0 6.234112674974313e-05
916.0 6.274177053455787e-05
917.0 6.31424200037145e-05
918.0 0.00010200604947385727
919.0 0.00014086966757531627
920.0 8.67650385316665e-05
921.0 3.2660403803674853e-05
922.0 0.00011353268973834929
923.0 0.00019440496998868184
924.0 0.0001824637479330704
925.0 0.00017052252587745897
926.0 0.00015224112530631828
927.0 0.00013395974747254513
928.0 0.00010096981668539229
929.0 6.79798631608719e-05
930.0 0.0001197204824165965
931.0 0.00017146107893495355
932.0 7.414716378661979e-05
933.0 1.5806028361153857e-10
934.0 2.9191247108428797e-05
935.0 8.1549274000281e-05
936.0 0.00012027968523398158
937.0 0.00015901007373031462
938.0 0.00015362368230853463
939.0 0.0001482372681493871
940.0 0.00020881368527625455
941.0 0.0002693900569283869
942.0 0.0003280141072536935
943.0 0.0003866381575790001
944.0 0.00034744618915283354
945.0 0.00030825419798929943
946.0 0.00043891654968319926
947.0 0.0005695788786397316
948.0 0.00045122619667381514
949.0 0.000332873651132104
950.0 0.0003872897650580853
951.0 0.00044170596993353684
952.0 0.0006344097073451849
953.0 0.0008271136721305083
954.0 0.0009402249816048425
955.0 0.0010533365639275871
956.0 0.0012145989785494749
957.0 0.0013758613931713626
958.0 0.0016043753930716775
959.0 0.0018328893929719925
960.0 0.002024203604378272
961.0 0.002215517815784551
962.0 0.002307861541339662
963.0 0.0024002052668947726
964.0 0.0024677259716554545
965.0 0.0025352466764161363
966.0 0.002597572711238172
967.0 0.002659898564161267
968.0 0.0026256650016875938
969.0 0.0025914314392139204
970.0 0.002588848292361945
971.0 0.002586264963611029
972.0 0.002663913073774893
973.0 0.0027415610020398162
974.0 0.0029093376724631526
975.0 0.0030771141609875485
976.0 0.003045022822334431
977.0 0.0030129314836813137
978.0 0.0030578463338315487
979.0 0.0031027615477796644
980.0 0.003035540066775866
981.0 0.002968318403873127
982.0 0.002998276613652706
983.0 0.003028234641533345
984.0 0.002868410956580192
985.0 0.002708587453525979
986.0 0.002598049832158722
987.0 0.0024875123926904052
988.0 0.0024578914235462435
989.0 0.002428271181997843
990.0 0.0024682747607585043
991.0 0.0025082783395191655
992.0 0.0025319250198663212
993.0 0.0025555720640113577
994.0 0.002625761590024922
995.0 0.0026959512979374267
996.0 0.002710383887460921
997.0 0.0027248166588833556
998.0 0.002901376319641713
999.0 0.0030779359804000705
1000.0 0.003187432957929559
1001.0 0.003296929571661167
1002.0 0.0034998432965949178
1003.0 0.0037027570215286687
1004.0 0.0037864039768464863
1005.0 0.0038700505683664232
1006.0 0.004033532241010107
1007.0 0.004197014277451672
1008.0 0.00421100776293315
1009.0 0.004225001248414628
1010.0 0.004182440898148343
1011.0 0.0041398809116799384
1012.0 0.004057462138007395
1013.0 0.003975043000536971
1014.0 0.0037150162825128064
1015.0 0.003454989200690761
1016.0 0.0031758827390149236
1017.0 0.002896776277339086
1018.0 0.002635405871842522
1019.0 0.0023740356482448988
1020.0 0.002114389462803956
1021.0 0.0018547434592619538
1022.0 0.001645254269533325
1023.0 0.0014357650798046961
1024.0 0.0013647295418195426
1025.0 0.0012936940038343892
1026.0 0.001175908346340293
1027.0 0.001058122688846197
1028.0 0.0010107200978382025
1029.0 0.0009633175977796782
1030.0 0.0009638526535127312
1031.0 0.0009643877092457842
1032.0 0.0009541548934066668
1033.0 0.0009439219866180792
1034.0 0.0008129614798235707
1035.0 0.0006820007456553867
1036.0 0.0006849103101558285
1037.0 0.0006878196927573299
1038.0 0.0007033921974652912
1039.0 0.0007189646566985175
1040.0 0.0006917114660609514
1041.0 0.000664458184473915
1042.0 0.0006820007001806516
1043.0 0.000699543079463183
1044.0 0.0007841887054382823
1045.0 0.0008688343768881168
1046.0 0.0008712574526725803
1047.0 0.0008736806194065139
1048.0 0.000696663664712105
1049.0 0.0005196468464419013
1050.0 0.0006959227448533056
1051.0 0.0008721986887394451
1052.0 0.0008783157682046294
1053.0 0.0008844323929224629
1054.0 0.000836401704873424
1055.0 0.000788370925874915
1056.0 0.0008356191756320186
1057.0 0.0008828675163385924
1058.0 0.0009535011486150324
1059.0 0.0010241347808914725
1060.0 0.0010743591701611876
1061.0 0.0011245833775319625
1062.0 0.0012060575500072446
1063.0 0.0012875316315330565
1064.0 0.0012798643183487002
1065.0 0.0012721969142148737
1066.0 0.0015403553334181197
1067.0 0.0018085140254697762
1068.0 0.001822414378693793
1069.0 0.0018363145500188693
1070.0 0.001988989970413968
1071.0 0.0021416653908090666
1072.0 0.001820733814383857
1073.0 0.0014998019651102368
1074.0 0.0019260729459347203
1075.0 0.0023523438358097337
1076.0 0.0025420278689125553
1077.0 0.002731711902015377
1078.0 0.0030782313842792064
1079.0 0.0034247510484419763
1080.0 0.004008418181911111
1081.0 0.004592084951582365
1082.0 0.004485032332013361
1083.0 0.004377979712444358
1084.0 0.004689436900662258
1085.0 0.005000893725082278
1086.0 0.004679962148657069
1087.0 0.004359029480838217
1088.0 0.004428748434293084
1089.0 0.004498467387747951
1090.0 0.003590955020627007
1091.0 0.002683443199202884
1092.0 0.0033303615055046976
1093.0 0.0039772799937054515
1094.0 0.003837522672256455
1095.0 0.003697765350807458
1096.0 0.0029712535251746885
1097.0 0.002244741699541919
1098.0 0.0027050280550611205
1099.0 0.003165314774378203
1100.0 0.0028254555218154564
1101.0 0.0024855960873537697
