lsstCam/transmission_filter_detector/r10_s22/z_20/19700101T000000.ecsv
# %ECSV 1.0
# ---
# datatype:
# - {name: wavelength, unit: nm, datatype: float32}
# - {name: efficiency, unit: '%', datatype: float64}
# meta: !!omap
# - {MODE: DETECTOR}
# - {TYPE: transmission_filter_detector}
# - {CALIBDATE: '1970-01-01T00:00:00'}
# - {INSTRUME: LSSTCam}
# - {OBSTYPE: transmission_filter_detector}
# - {CALIBCLS: lsst.ip.isr.IntermediateFilterDetectorTransmissionCurve}
# - {SOURCE: Materion (DM-46256)}
# - {DETECTOR: 35}
# - {FILTER: z_20}
# - {CALIB_ID: 'calibDate=1970-01-01T00:00:00 filter=z_20 detector=35'}
# - {DATE: '2025-04-02T15:59:48.797035'}
# - {CALIB_CREATION_DATE: '2025-04-02'}
# - {CALIB_CREATION_TIME: '15:59:48'}
# - __serialized_columns__:
#     efficiency:
#       __class__: astropy.units.quantity.Quantity
#       unit: !astropy.units.Unit {unit: '%'}
#       value: !astropy.table.SerializedColumn {name: efficiency}
#     wavelength:
#       __class__: astropy.units.quantity.Quantity
#       unit: !astropy.units.Unit {unit: nm}
#       value: !astropy.table.SerializedColumn {name: wavelength}
# schema: astropy-2.0
wavelength efficiency
300.0 0.8770357817411423
301.0 0.5931003950536251
302.0 0.3091651014983654
303.0 0.29901356901973486
304.0 0.2888620365411043
305.0 0.2444862388074398
306.0 0.20011041779071093
307.0 0.18475964898243546
308.0 0.16940886853262782
309.0 0.14810445718467236
310.0 0.1268000458367169
311.0 0.12633189326152205
312.0 0.12586374068632722
313.0 0.1109990174882114
314.0 0.09613431757315993
315.0 0.09585805237293243
316.0 0.09558179299347103
317.0 0.08035563514567912
318.0 0.06512949476018548
319.0 0.06502560572698712
320.0 0.06492171087302268
321.0 0.06439979188144207
322.0 0.06387786706909537
323.0 0.055124511709436774
324.0 0.046371150529012084
325.0 0.04333435499574989
326.0 0.04029756237287074
327.0 0.03933751431759447
328.0 0.03837746917270124
329.0 0.03413001832086593
330.0 0.029882570379413664
331.0 0.026975906803272665
332.0 0.02406924031674862
333.0 0.02329079288756475
334.0 0.022512342547997832
335.0 0.021321428357623518
336.0 0.020130514167249203
337.0 0.02431844623060897
338.0 0.02850637538358569
339.0 0.024553938419558108
340.0 0.020601511641871184
341.0 0.017362157814204693
342.0 0.014122806896921247
343.0 0.013917626347392797
344.0 0.01371244725305587
345.0 0.01286397164221853
346.0 0.012015495303785428
347.0 0.011363688099663705
348.0 0.010711883805925027
349.0 0.013413396663963795
350.0 0.01611491315998137
351.0 0.013368800864554942
352.0 0.010622683475958183
353.0 0.011088469182141125
354.0 0.011554253433132544
355.0 0.009827390022110194
356.0 0.008100528793875128
357.0 0.009075116395251825
358.0 0.010049706907011569
359.0 0.009931249951478094
360.0 0.00981279299594462
361.0 0.008861633250489831
362.0 0.007910476415418088
363.0 0.009184356895275414
364.0 0.010458236647536978
365.0 0.010118985665030777
366.0 0.009779737592907622
367.0 0.008565276948502287
368.0 0.007350814848905429
369.0 0.007868008833611384
370.0 0.0083852035459131
371.0 0.00830441276775673
372.0 0.008223624172387645
373.0 0.007141292007872835
374.0 0.00605896238994319
375.0 0.006399522681022063
376.0 0.006740083335898817
377.0 0.007115463085938245
378.0 0.007490842108381912
379.0 0.00626566688879393
380.0 0.005040491305408068
381.0 0.003203901360393502
382.0 0.0013673119610757567
383.0 0.003595454109017737
384.0 0.005823596802656539
385.0 0.00555857150175143
386.0 0.005293546564644203
387.0 0.005934810906182975
388.0 0.006576075975317508
389.0 0.005822919774800539
390.0 0.005069764665677212
391.0 0.004694314338848926
392.0 0.00431886401202064
393.0 0.0047830115363467485
394.0 0.005247159788268618
395.0 0.004318630453781225
396.0 0.00339010039169807
397.0 0.0036059711419511586
398.0 0.0038218415284063667
399.0 0.003999624095740728
400.0 0.004177405935479328
401.0 0.0046101682528387755
402.0 0.005042930206400342
403.0 0.005024334677727893
404.0 0.005005739149055444
405.0 0.004037414328195155
406.0 0.0030690895073348656
407.0 0.001594097375345882
408.0 0.00011910577768503572
409.0 0.001782795152394101
410.0 0.003446484697633423
411.0 0.004123365943087265
412.0 0.004800247188541107
413.0 0.0045856981159886345
414.0 0.0043711486796382815
415.0 0.0035479104553814977
416.0 0.0027246729587204754
417.0 0.0038016762118786573
418.0 0.00487867982883472
419.0 0.004363778134575114
420.0 0.0038488764403155074
421.0 0.0037538778997259215
422.0 0.0036588797229342163
423.0 0.0035438224585959688
424.0 0.0034287662856513634
425.0 0.0025127803382929415
426.0 0.0015967942090355791
427.0 0.0017851354641607031
428.0 0.001973476719285827
429.0 0.0012690900803136174
430.0 0.0005647038960887585
431.0 0.0006747151928720996
432.0 0.0007847263077565003
433.0 0.0006820925136707956
434.0 0.000579458765059826
435.0 0.0010705076419981197
436.0 0.0015615567463100888
437.0 0.0018018006812781096
438.0 0.0020420446162461303
439.0 0.002089785266434774
440.0 0.0021375259166234173
441.0 0.0016129195500980131
442.0 0.001088313183572609
443.0 0.0022883281417307444
444.0 0.0034883429179899395
445.0 0.0033893404179252684
446.0 0.0032903375540627167
447.0 0.0026197752958978526
448.0 0.0019492128558340482
449.0 0.002642917934281286
450.0 0.0033366235584253445
451.0 0.0026099931346834637
452.0 0.0018833621652447619
453.0 0.0017372547517879866
454.0 0.0015911475202301517
455.0 0.002315494384674821
456.0 0.003039841612917371
457.0 0.002195574779761955
458.0 0.0013513081285054795
459.0 0.0015355193681898527
460.0 0.0017197306078742258
461.0 0.000851718050398631
462.0 1.610694975832938e-10
463.0 0.0010044954251497984
464.0 0.0020252857211744413
465.0 0.002263068927277345
466.0 0.0025008523152791895
467.0 0.0021864974769414403
468.0 0.0018721422748058103
469.0 0.001672149301157333
470.0 0.0014721564184583258
471.0 0.0013341536032385193
472.0 0.0011961510608671233
473.0 0.0011909573004231788
474.0 0.0011857636309287045
475.0 0.0010630773431330454
476.0 0.0009403910553373862
477.0 0.0013398501323536038
478.0 0.001739308936521411
479.0 0.0020382871298352256
480.0 0.0023372651412501
481.0 0.0018195676602772437
482.0 0.0013018701793043874
483.0 0.0008829783837427385
484.0 0.0004640866336558247
485.0 0.0012952466022397857
486.0 0.0021264064343995415
487.0 0.0014710763934999704
488.0 0.0008157460797519889
489.0 0.0016731972209527157
490.0 0.002530648635001853
491.0 0.002308944931428414
492.0 0.002087241409753915
493.0 0.001979131775442511
494.0 0.0018710223230300471
495.0 0.0016153535398188978
496.0 0.0013596846656582784
497.0 0.001222395530930953
498.0 0.0010851065781025682
499.0 0.0012152331692050211
500.0 0.0013453598512569442
501.0 0.0008790773790678941
502.0 0.00041279472497990355
503.0 0.001233205239259405
504.0 0.0020536157535389066
505.0 0.0022012192857800983
506.0 0.0023488229999202304
507.0 0.0022724003429175355
508.0 0.0021959775040159
509.0 0.0018701697626966052
510.0 0.0015443623851751909
511.0 0.0012062751011399087
512.0 0.0008681879990035668
513.0 0.0013039570148976054
514.0 0.0017397263945895247
515.0 0.0012899926332465839
516.0 0.0008402593266509939
517.0 0.0008471762157569174
518.0 0.0008540929229639005
519.0 0.0010109913091582712
520.0 0.0011678894225042313
521.0 0.0016056164895417169
522.0 0.0020433435565792024
523.0 0.0013552520613302477
524.0 0.0006671607479802333
525.0 0.0007502309472329216
526.0 0.0008333012374350801
527.0 0.00119883743536775
528.0 0.0015643738151993603
529.0 0.0013568918802775443
530.0 0.0011494092177599669
531.0 0.0011642428034974728
532.0 0.0011790762982855085
533.0 0.0008875728781276848
534.0 0.0005960695943940664
535.0 0.0011578195881156716
536.0 0.001719569627312012
537.0 0.0017172531443065964
538.0 0.0017149364794022404
539.0 0.0011678793271130417
540.0 0.0006208218110259622
541.0 0.0007331983852054691
542.0 0.0008455751412839163
543.0 0.001262372279597912
544.0 0.0016791695088613778
545.0 0.0011274085409240797
546.0 0.0005756478913099272
547.0 0.0012344443348411005
548.0 0.0018932405509985983
549.0 0.0016331139704561792
550.0 0.0013729871170653496
551.0 0.0014846619706077036
552.0 0.0015963367332005873
553.0 0.0013459690308081917
554.0 0.001095601237466326
555.0 0.0010317563464923296
556.0 0.0009679114555183332
557.0 0.0013501708963303827
558.0 0.0017324300642940216
559.0 0.001757331301632803
560.0 0.0017822319932747632
561.0 0.0015887266272329725
562.0 0.0013952208973933011
563.0 0.0011551363968465012
564.0 0.0009150517144007608
565.0 0.001680625973676797
566.0 0.0024462004148517735
567.0 0.002786092954920605
568.0 0.0031259853130904958
569.0 0.0029823506338289008
570.0 0.0028387159545673057
571.0 0.0026885594706982374
572.0 0.002538402441132348
573.0 0.002052676063613035
574.0 0.001566949867992662
575.0 0.001977211650228128
576.0 0.002387473614362534
577.0 0.002023952401941642
578.0 0.001660431553318631
579.0 0.0017809748896979727
580.0 0.0019015178622794338
581.0 0.0017254220438189805
582.0 0.0015493258615606464
583.0 0.0019666356820380315
584.0 0.0023839455025154166
585.0 0.0025410670787096024
586.0 0.0026981888368027285
587.0 0.0020738587409141473
588.0 0.0014495281902782153
589.0 0.0020267129002604634
590.0 0.002603897337394301
591.0 0.001770266862877179
592.0 0.0009366359336127061
593.0 0.0007483756235160399
594.0 0.0005601150860456983
595.0 0.0009899749784381129
596.0 0.0014198347344063222
597.0 0.0013221967492427211
598.0 0.0012245585821801797
599.0 0.000875837304192828
600.0 0.0005271162081044167
601.0 0.00048608126235194504
602.0 0.0004450461801752681
603.0 0.0009112031875702087
604.0 0.0013773596037935931
605.0 0.0008707276720087975
606.0 0.00036409528547665104
607.0 0.0007598510364914546
608.0 0.0011556067875062581
609.0 0.0011485942195577081
610.0 0.0011415814697102178
611.0 0.000972621091932524
612.0 0.00080366062320536
613.0 0.0008164847713487688
614.0 0.0008293088285427075
615.0 0.0012732381037494633
616.0 0.0017171676518046297
617.0 0.0021919615392107517
618.0 0.0026667554266168736
619.0 0.002219209272880107
620.0 0.0017716629372444004
621.0 0.0014829543943051249
622.0 0.0011942453966184985
623.0 0.001535425144538749
624.0 0.0018766048015095294
625.0 0.0016992185919662006
626.0 0.0015218328371702228
627.0 0.0019314920791657642
628.0 0.002341151594009716
629.0 0.002033138480328489
630.0 0.0017251251847483218
631.0 0.0015540255844825879
632.0 0.001382925529469503
633.0 0.0017600759747438133
634.0 0.002137226692866534
635.0 0.0051205421186750755
636.0 0.008103856816887856
637.0 0.015446479665115476
638.0 0.02278910542372614
639.0 0.019874774443451315
640.0 0.01696044491836801
641.0 0.01472259609727189
642.0 0.012484750186558813
643.0 0.01000216871034354
644.0 0.007519587961724028
645.0 0.006790277257096022
646.0 0.006060966552468017
647.0 0.005541696373256855
648.0 0.005022425830247812
649.0 0.00409982239943929
650.0 0.0031772200600244105
651.0 0.003626749457907863
652.0 0.0040762788557913154
653.0 0.0033365085982950404
654.0 0.0025967379770008847
655.0 0.002818531356751919
656.0 0.003040325282199774
657.0 0.0029415868993964978
658.0 0.0028428483346942812
659.0 0.0027190053515369073
660.0 0.0025951623683795333
661.0 0.0027741951271309517
662.0 0.0029532275220844895
663.0 0.0020368675905046985
664.0 0.0011205080227227882
665.0 0.001608103048056364
666.0 0.002095698619086761
667.0 0.002404957194812596
668.0 0.0027142161343363114
669.0 0.0019647339286166243
670.0 0.0012152521776442882
671.0 0.0009131355000135954
672.0 0.0006110186859586975
673.0 0.0012883206181868445
674.0 0.001965622686839197
675.0 0.002069365837087389
676.0 0.0021731086235377006
677.0 0.001916133624035865
678.0 0.0016591580788372084
679.0 0.001394262562826043
680.0 0.0011293669558654074
681.0 0.001255990173376631
682.0 0.0013826132089889143
683.0 0.0024372811822104268
684.0 0.0034919492463814095
685.0 0.0028907945306855254
686.0 0.0022896403606864624
687.0 0.0017121890778071247
688.0 0.0011347375220793765
689.0 0.0014567820471711457
690.0 0.0017788264813134447
691.0 0.0020888946892227978
692.0 0.0023989627152332105
693.0 0.0027998064979328774
694.0 0.003200650098733604
695.0 0.003302155892015435
696.0 0.003403661321499385
697.0 0.003645755714387633
698.0 0.003887849743478
699.0 0.005745070302509703
700.0 0.007602290133945644
701.0 0.007200109394034371
702.0 0.006797928654123098
703.0 0.006239832146093249
704.0 0.005681737093254924
705.0 0.005135071478434838
706.0 0.004588406591210514
707.0 0.004338081635069102
708.0 0.004087756315129809
709.0 0.004215590888634324
710.0 0.004343425462138839
711.0 0.003935504355467856
712.0 0.0035275836125947535
713.0 0.0024747232600930147
714.0 0.0014218625437933952
715.0 0.002188799226132687
716.0 0.002955735908471979
717.0 0.0025629722586018033
718.0 0.0021702086087316275
719.0 0.0016977277482510544
720.0 0.0012252465239726007
721.0 0.0011818265193141997
722.0 0.0011384063327568583
723.0 0.0009615563612896949
724.0 0.0007847062988730613
725.0 0.001214898111356888
726.0 0.0016450901966891252
727.0 0.001698509367997758
728.0 0.001751928539306391
729.0 0.0018255255781696178
730.0 0.0018991220713360235
731.0 0.0014031223145138938
732.0 0.0009071225576917641
733.0 0.000956323401624104
734.0 0.0010055240636575036
735.0 0.0010709056368796155
736.0 0.0011362868463038467
737.0 0.00129850113808061
738.0 0.0014607151570089627
739.0 0.0011538811122591142
740.0 0.0008470471584587358
741.0 0.0009860838872555178
742.0 0.0011251203432038892
743.0 0.0015817899111425504
744.0 0.002038459206232801
745.0 0.0013130437764630187
746.0 0.0005876283921679715
747.0 0.001098307257052511
748.0 0.0016089861674117856
749.0 0.0022985721443546936
750.0 0.0029881581212976016
751.0 0.0029910401281085797
752.0 0.002993922316818498
753.0 0.0029728371373494156
754.0 0.0029517523216782138
755.0 0.0019129880456603132
756.0 0.0008742237696424127
757.0 0.0018823935533873737
758.0 0.0028905631552333944
759.0 0.002705065708141774
760.0 0.002519568079151213
761.0 0.004289717981009744
762.0 0.006059867882868275
763.0 0.005646914723911323
764.0 0.005233964111539535
765.0 0.005254934512777254
766.0 0.005275906005408615
767.0 0.004618666207534261
768.0 0.003961426409659907
769.0 0.0034057498851325363
770.0 0.0028500733606051654
771.0 0.0037954418075969443
772.0 0.0047408098907908425
773.0 0.003935929998988286
774.0 0.003131050107185729
775.0 0.009576100273989141
776.0 1.610694975832938e-10
777.0 1.610694975832938e-10
778.0 0.04047783149871975
779.0 1.610694975832938e-10
780.0 1.610694975832938e-10
781.0 0.015053806419018656
782.0 1.610694975832938e-10
783.0 0.034801397123374045
784.0 0.1577837043441832
785.0 0.05085317534394562
786.0 0.055572245037183166
787.0 0.014357868349179626
788.0 0.08317988249473274
789.0 0.11815504403784871
790.0 0.05212243995629251
791.0 0.06167577230371535
792.0 0.07199660176411271
793.0 0.023558683460578322
794.0 1.610694975832938e-10
795.0 0.07946622208692133
796.0 0.12494395487010479
797.0 0.16135937767103314
798.0 0.11841465020552278
799.0 0.12478886637836695
800.0 0.32426328398287296
801.0 0.4444772843271494
802.0 0.9063826873898506
803.0 1.3316281139850616
804.0 2.088959515094757
805.0 3.1723149120807648
806.0 4.631059989333153
807.0 6.501176208257675
808.0 8.70712697505951
809.0 11.48013025522232
810.0 14.718383550643921
811.0 17.74011105298996
812.0 20.88167816400528
813.0 23.994185030460358
814.0 27.091556787490845
815.0 31.50072693824768
816.0 36.69041097164154
817.0 42.36697852611542
818.0 48.55102002620697
819.0 54.30207848548889
820.0 62.04354166984558
821.0 69.91804242134094
822.0 75.74267387390137
823.0 80.8992862701416
824.0 86.00618243217468
825.0 90.23798108100891
826.0 93.5614287853241
827.0 96.09311819076538
828.0 98.30240607261658
829.0 98.7005889415741
830.0 98.62756133079529
831.0 98.7666666507721
832.0 98.74379634857178
833.0 99.75343942642212
834.0 98.42170476913452
835.0 99.34126734733582
836.0 99.27904009819031
837.0 98.9690899848938
838.0 98.25556874275208
839.0 98.27123880386353
840.0 98.92585277557373
841.0 99.02217984199524
842.0 99.53340291976929
843.0 99.77647066116333
844.0 98.647540807724
845.0 98.55108857154846
846.0 98.84994626045227
847.0 98.65620136260986
848.0 99.66395497322083
849.0 98.76736402511597
850.0 98.21252822875977
851.0 99.41152930259705
852.0 99.4172215461731
853.0 98.79234433174133
854.0 99.78980422019958
855.0 98.53577017784119
856.0 99.15708899497986
857.0 97.93949723243713
858.0 98.43655228614807
859.0 99.07288551330566
860.0 98.36534857749939
861.0 98.98752570152283
862.0 98.84414672851562
863.0 98.35060238838196
864.0 99.2828905582428
865.0 99.97976422309875
866.0 99.21795129776001
867.0 99.2926836013794
868.0 99.62982535362244
869.0 99.154132604599
870.0 98.34195375442505
871.0 98.95766377449036
872.0 99.1352915763855
873.0 99.10967350006104
874.0 99.97975826263428
875.0 98.76322150230408
876.0 99.2729902267456
877.0 99.63770508766174
878.0 99.3582546710968
879.0 98.76035451889038
880.0 98.57643842697144
881.0 100.06581544876099
882.0 98.59572052955627
883.0 99.02567267417908
884.0 99.12400245666504
885.0 99.08422827720642
886.0 98.6914575099945
887.0 98.84899854660034
888.0 99.10308718681335
889.0 99.38755631446838
890.0 98.39015007019043
891.0 99.37683939933777
892.0 98.70094060897827
893.0 98.73713254928589
894.0 98.29280972480774
895.0 99.47288632392883
