lsstCam/transmission_filter_detector/r10_s22/z_20/19700101T000000.ecsv
# %ECSV 1.0
# ---
# datatype:
# - {name: wavelength, unit: nm, datatype: float32}
# - {name: efficiency, unit: '%', datatype: float64}
# meta: !!omap
# - {MODE: DETECTOR}
# - {TYPE: transmission_filter_detector}
# - {CALIBDATE: '1970-01-01T00:00:00'}
# - {INSTRUME: LSSTCam}
# - {OBSTYPE: transmission_filter_detector}
# - {CALIBCLS: lsst.ip.isr.IntermediateFilterDetectorTransmissionCurve}
# - {SOURCE: Materion (DM-46256)}
# - {DETECTOR: 35}
# - {FILTER: z_20}
# - {CALIB_ID: 'calibDate=1970-01-01T00:00:00 filter=z_20 detector=35'}
# - {DATE: '2025-04-02T15:59:48.797035'}
# - {CALIB_CREATION_DATE: '2025-04-02'}
# - {CALIB_CREATION_TIME: '15:59:48'}
# - __serialized_columns__:
#     efficiency:
#       __class__: astropy.units.quantity.Quantity
#       unit: !astropy.units.Unit {unit: '%'}
#       value: !astropy.table.SerializedColumn {name: efficiency}
#     wavelength:
#       __class__: astropy.units.quantity.Quantity
#       unit: !astropy.units.Unit {unit: nm}
#       value: !astropy.table.SerializedColumn {name: wavelength}
# schema: astropy-2.0
wavelength efficiency
[from data line 597]
897.0 99.24432635307312
898.0 98.75850677490234
899.0 98.72203469276428
900.0 98.82146716117859
901.0 99.25870895385742
902.0 99.09451603889465
903.0 98.8932728767395
904.0 97.69361019134521
905.0 98.79909157752991
906.0 98.28157424926758
907.0 98.29165935516357
908.0 98.04745316505432
909.0 98.39149117469788
910.0 97.99687266349792
911.0 97.07267880439758
912.0 96.18329405784607
913.0 95.21990418434143
914.0 92.61211156845093
915.0 90.20241498947144
916.0 88.45774531364441
917.0 86.89548373222351
918.0 83.29325914382935
919.0 82.20170140266418
920.0 79.10586595535278
921.0 75.57404637336731
922.0 71.32248282432556
923.0 65.65274596214294
924.0 59.952038526535034
925.0 54.53113913536072
926.0 48.591965436935425
927.0 41.60928726196289
928.0 35.75179576873779
929.0 29.352328181266785
930.0 23.710834980010986
931.0 18.72943937778473
932.0 13.250717520713806
933.0 8.810614794492722
934.0 5.777687206864357
935.0 3.513146936893463
936.0 2.061561867594719
937.0 1.2211103923618793
938.0 0.6982113234698772
939.0 0.34120141062885523
940.0 0.2717351308092475
941.0 0.17395307077094913
942.0 0.08002899121493101
943.0 0.06976212607696652
944.0 0.05687433294951916
945.0 0.18332393374294043
946.0 1.610694975832938e-10
947.0 1.610694975832938e-10
948.0 1.610694975832938e-10
949.0 0.08535746019333601
950.0 1.610694975832938e-10
951.0 0.08394691394641995
952.0 0.005086144301458262
953.0 1.610694975832938e-10
954.0 1.610694975832938e-10
955.0 1.610694975832938e-10
956.0 0.016332705854438245
957.0 1.610694975832938e-10
958.0 0.1471685362048447
959.0 1.610694975832938e-10
960.0 1.610694975832938e-10
961.0 0.011922948033316061
962.0 1.610694975832938e-10
963.0 1.610694975832938e-10
964.0 0.07442777277901769
965.0 1.610694975832938e-10
966.0 0.06402970757335424
967.0 1.610694975832938e-10
968.0 0.019147034618072212
969.0 1.610694975832938e-10
970.0 0.008586778858443722
971.0 0.04226163437124342
972.0 1.610694975832938e-10
973.0 1.610694975832938e-10
974.0 1.610694975832938e-10
975.0 0.08424303960055113
976.0 0.006307697185548022
977.0 0.006282055983319879
978.0 0.006256416236283258
979.0 0.006100085738580674
980.0 0.005943753058090806
981.0 0.005843891995027661
982.0 0.005744031295762397
983.0 0.005642386895488016
984.0 0.005540742859011516
985.0 0.005233838965068571
986.0 0.004926934707327746
987.0 0.004977899880032055
988.0 0.005028864688938484
989.0 0.004940518556395546
990.0 0.004852172787650488
991.0 0.004894099765806459
992.0 0.00493602710776031
993.0 0.004899356281384826
994.0 0.00486268472741358
995.0 0.004772109241457656
996.0 0.004681534119299613
997.0 0.004498788985074498
998.0 0.004316043850849383
999.0 0.004299117426853627
1000.0 0.004282190639059991
1001.0 0.0044185777369420975
1002.0 0.004554964471026324
1003.0 0.004505640754359774
1004.0 0.004456316673895344
1005.0 0.004292190351407044
1006.0 0.004128064028918743
1007.0 0.004274752791388892
1008.0 0.004421441917656921
1009.0 0.00444798861281015
1010.0 0.0044745356717612594
1011.0 0.004526218253886327
1012.0 0.004577901199809276
1013.0 0.004361666287877597
1014.0 0.0041454310121480376
1015.0 0.004385429929243401
1016.0 0.004625428118743002
1017.0 0.0048680765758035704
1018.0 0.0051107257604599
1019.0 0.004882812572759576
1020.0 0.004654899748857133
1021.0 0.004705701576313004
1022.0 0.004756503403768875
1023.0 0.004628179522114806
1024.0 0.004499855640460737
1025.0 0.004702054138761014
1026.0 0.00490425227326341
1027.0 0.004822915798285976
1028.0 0.004741579323308542
1029.0 0.004651596464100294
1030.0 0.004561614332487807
1031.0 0.004745932892546989
1032.0 0.004930251452606171
1033.0 0.0049867758207255974
1034.0 0.005043300552642904
1035.0 0.005248096567811444
1036.0 0.005452892219182104
1037.0 0.005537439574254677
1038.0 0.005621986565529369
1039.0 0.0054562526202062145
1040.0 0.005290517947287299
1041.0 0.005700077963410877
1042.0 0.006109638343332335
1043.0 0.005579271601163782
1044.0 0.00504890522279311
1045.0 0.0057583449233789
1046.0 0.006467784260166809
1047.0 0.006180634954944253
1048.0 0.005893484558328055
1049.0 0.006045125701348297
1050.0 0.0061967672081664205
1051.0 0.006529646634589881
1052.0 0.006862527516204864
1053.0 0.006856358231743798
1054.0 0.0068501889472827315
1055.0 0.007534789619967341
1056.0 0.008219390292651951
1057.0 0.00791346828918904
1058.0 0.007607547013321891
1059.0 0.007699953857809305
1060.0 0.0077923599747009575
1061.0 0.00847290939418599
1062.0 0.009153459541266784
1063.0 0.009028284694068134
1064.0 0.008903110574465245
1065.0 0.008888231968740001
1066.0 0.008873356273397803
1067.0 0.009123505151364952
1068.0 0.009373656212119386
1069.0 0.010236537491437048
1070.0 0.01109941877075471
1071.0 0.010991797898896039
1072.0 0.010884175571845844
1073.0 0.010724513413151726
1074.0 0.010564851254457608
1075.0 0.011372718290658668
1076.0 0.012180588964838535
1077.0 0.012182851060060784
1078.0 0.012185113155283034
1079.0 0.013122329255566001
1080.0 0.01405954681104049
1081.0 0.014113201177679002
1082.0 0.014166856999509037
1083.0 0.01401955378241837
1084.0 0.013872249110136181
1085.0 0.014587744954042137
1086.0 0.015303243708331138
1087.0 0.01539716322440654
1088.0 0.015491084195673466
1089.0 0.016876158770173788
1090.0 0.01826123334467411
1091.0 0.018131340038962662
1092.0 0.01800144382286817
1093.0 0.018011507927440107
1094.0 0.018021570576820523
1095.0 0.01920579088618979
1096.0 0.020390011195559055
1097.0 0.020369286357890815
1098.0 0.020348561520222574
1099.0 0.02236725704278797
1100.0 0.024385946744587272
1101.0 0.024384089920204133
1102.0 0.02438223164062947
1103.0 0.02590322110336274
1104.0 0.027424204745329916
1105.0 0.026989023899659514
1106.0 0.026553845964372158
1107.0 0.02825901028700173
1108.0 0.0299641746096313
1109.0 0.03123534843325615
1110.0 0.032506525167264044
1111.0 0.03252947062719613
1112.0 0.03255241899751127
1113.0 0.033888459438458085
1114.0 0.035224505700170994
1115.0 0.03417468979023397
1116.0 0.033124873880296946
1117.0 0.03391948412172496
1118.0 0.034714097273536026
1119.0 0.03833125520031899
1120.0 0.04194841312710196
1121.0 0.04320098669268191
1122.0 0.04445356607902795
1123.0 0.04424692888278514
1124.0 0.044040297507308424
1125.0 0.04435516893863678
1126.0 0.04467004619073123
1127.0 0.04873681755270809
1128.0 0.052803586004301906
1129.0 0.056771800154820085
1130.0 0.060740014305338264
1131.0 0.06083474145270884
1132.0 0.060929462779313326
1133.0 0.062806427013129
1134.0 0.06468338542617857
1135.0 0.06292751641012728
1136.0 0.0611716415733099
1137.0 0.06779016694054008
1138.0 0.07440870394930243
1139.0 0.07862900383770466
1140.0 0.08284926880151033
1141.0 0.0924224965274334
1142.0 0.10199570097029209
1143.0 0.12393397046253085
1144.0 0.14587220503017306
1145.0 0.294874282553792
1146.0 0.4438764415681362
1147.0 0.9444667026400566
1148.0 1.4450570568442345
1149.0 1.6434615477919579
1150.0 1.8418669700622559
