lsstCam/transmission_filter_detector/r13_s12/g_6/19700101T000000.ecsv
# %ECSV 1.0
# ---
# datatype:
# - {name: wavelength, unit: nm, datatype: float32}
# - {name: efficiency, unit: '%', datatype: float64}
# meta: !!omap
# - {MODE: DETECTOR}
# - {TYPE: transmission_filter_detector}
# - {CALIBDATE: '1970-01-01T00:00:00'}
# - {INSTRUME: LSSTCam}
# - {OBSTYPE: transmission_filter_detector}
# - {CALIBCLS: lsst.ip.isr.IntermediateFilterDetectorTransmissionCurve}
# - {SOURCE: Materion (DM-46256)}
# - {DETECTOR: 59}
# - {FILTER: g_6}
# - {CALIB_ID: 'calibDate=1970-01-01T00:00:00 filter=g_6 detector=59'}
# - {DATE: '2025-04-02T15:59:42.300252'}
# - {CALIB_CREATION_DATE: '2025-04-02'}
# - {CALIB_CREATION_TIME: '15:59:42'}
# - __serialized_columns__:
#     efficiency:
#       __class__: astropy.units.quantity.Quantity
#       unit: !astropy.units.Unit {unit: '%'}
#       value: !astropy.table.SerializedColumn {name: efficiency}
#     wavelength:
#       __class__: astropy.units.quantity.Quantity
#       unit: !astropy.units.Unit {unit: nm}
#       value: !astropy.table.SerializedColumn {name: wavelength}
# schema: astropy-2.0
wavelength efficiency
[from data line 608]
908.0 0.0004504289790929761
909.0 0.0004068474027008051
910.0 0.0003719905862453743
911.0 0.00033713381526467856
912.0 0.0004397963039082242
913.0 0.000542458838026505
914.0 0.0003333300128360861
915.0 0.0001242012444890861
916.0 0.00015324021660489962
917.0 0.00018227914324597805
918.0 0.00020959005269105546
919.0 0.0002369009507674491
920.0 0.00030938565487304004
921.0 0.00038187040445336606
922.0 0.0005149630396772409
923.0 0.0006480556749011157
924.0 0.0005954350854153745
925.0 0.0005428144049801631
926.0 0.000600437488174066
927.0 0.000658060662317439
928.0 0.0005877710009372095
929.0 0.000517481385031715
930.0 0.000549767946722568
931.0 0.0005820545538881561
932.0 0.0005231694558460731
933.0 0.0004642844032787252
934.0 0.0004542948772723321
935.0 0.00044430530579120386
936.0 0.00040965373955259565
937.0 0.0003750021505766199
938.0 0.0005416977728600614
939.0 0.0007083933724061353
940.0 0.000643168550595874
941.0 0.0005779435923614074
942.0 0.0006875081453472376
943.0 0.0007970726983330678
944.0 0.0007126487162167905
945.0 0.0006282245522015728
946.0 0.000598704127696692
947.0 0.000569183612242341
948.0 0.0008684126441949047
949.0 0.0011676418580464087
950.0 0.0010305287105438765
951.0 0.0008934154720918741
952.0 0.0009210427379002795
953.0 0.0009486700037086848
954.0 0.0008153017006407026
955.0 0.0006819335794716608
956.0 0.0006257453151192749
957.0 0.0005695568233932136
958.0 0.0006819257123424904
959.0 0.0007942946467665024
960.0 0.0006290685632848181
961.0 0.0004638422979041934
962.0 0.0005514544227480656
963.0 0.0006390665021172026
964.0 0.0006560191195603693
965.0 0.0006729715551045956
966.0 0.0007728714081167709
967.0 0.0008727712156542111
968.0 0.0007879110853536986
969.0 0.0007030510914773913
970.0 0.0007378275313385529
971.0 0.0007726039257249795
972.0 0.0008127585715556052
973.0 0.0008529132173862308
974.0 0.0007953254680614918
975.0 0.0007377380370598985
976.0 0.0007629562787769828
977.0 0.0007881749297666829
978.0 0.0008994274139695335
979.0 0.0010106798981723841
980.0 0.0010165156709263101
981.0 0.0010223514436802361
982.0 0.0009575394869898446
983.0 0.0008927274393499829
984.0 0.0009102295734919608
985.0 0.0009277319804823492
986.0 0.0010705418389989063
987.0 0.001213351515616523
988.0 0.0012812907698389608
989.0 0.001349229751212988
990.0 0.0013899162695452105
991.0 0.001430602787877433
992.0 0.00140148395075812
993.0 0.0013723652045882773
994.0 0.0013466626114677638
995.0 0.0013209602002461907
996.0 0.001217996577906888
997.0 0.0011150331374665257
998.0 0.0012874063941126224
999.0 0.0014597797417081892
1000.0 0.0013697686881641857
1001.0 0.0012797573617717717
1002.0 0.0011744618859665934
1003.0 0.0010691664101614151
1004.0 0.0011078152056143153
1005.0 0.001146463728218805
1006.0 0.0013591472452390008
1007.0 0.0015718307622591965
1008.0 0.0015621310012647882
1009.0 0.0015524319678661413
1010.0 0.001680371497059241
1011.0 0.0018083113900502212
1012.0 0.0019635566786746494
1013.0 0.002118802149198018
1014.0 0.002120061981258914
1015.0 0.002121322359016631
1016.0 0.0025124996682279743
1017.0 0.0029036777050350793
1018.0 0.0031124218367040157
1019.0 0.0033211661502718925
1020.0 0.0033451597118983045
1021.0 0.0033691532735247165
1022.0 0.0037230565794743598
1023.0 0.004076959885424003
1024.0 0.004163400080869906
1025.0 0.004249840276315808
1026.0 0.004454590452951379
1027.0 0.004659340265789069
1028.0 0.004626917507266626
1029.0 0.004594494384946302
1030.0 0.004783666008734144
1031.0 0.004972837632521987
1032.0 0.00534967148269061
1033.0 0.005726505696657114
1034.0 0.005506831803359091
1035.0 0.00528715863765683
1036.0 0.005445101123768836
1037.0 0.005603043609880842
1038.0 0.00581931417400483
1039.0 0.006035585101926699
1040.0 0.006468049105023965
1041.0 0.006900511652929708
1042.0 0.00706673163222149
1043.0 0.0072329508839175105
1044.0 0.007468896365026012
1045.0 0.007704840390942991
1046.0 0.008689922105986625
1047.0 0.009675003093434498
1048.0 0.011212540994165465
1049.0 0.012750076712109149
1050.0 0.015297759091481566
1051.0 0.01784543856047094
1052.0 0.021572175319306552
1053.0 0.025298917898908257
1054.0 0.030261787469498813
1055.0 0.03522465704008937
1056.0 0.04216639790683985
1057.0 0.049108127132058144
1058.0 0.0568913877941668
1059.0 0.0646746251732111
1060.0 0.07220690604299307
1061.0 0.07973915780894458
1062.0 0.0869268667884171
1063.0 0.09411454666405916
1064.0 0.09976510191336274
1065.0 0.10541563387960196
1066.0 0.11093065841123462
1067.0 0.11644568294286728
1068.0 0.12340826215222478
1069.0 0.13037087628617883
1070.0 0.1406097086146474
1071.0 0.15084852930158377
1072.0 0.1632047351449728
1073.0 0.17556091770529747
1074.0 0.18885843455791473
1075.0 0.20215599797666073
1076.0 0.21523227915167809
1077.0 0.22830853704363108
1078.0 0.24220533668994904
1079.0 0.25610211305320263
1080.0 0.27348962612450123
1081.0 0.2908771624788642
1082.0 0.31900303438305855
1083.0 0.34712892957031727
1084.0 0.38699107244610786
1085.0 0.4268532618880272
1086.0 0.46230852603912354
1087.0 0.4977637901902199
1088.0 0.5620655138045549
1089.0 0.62636723741889
1090.0 0.7040041964501143
1091.0 0.7816411554813385
1092.0 0.8128179237246513
1093.0 0.8439943194389343
1094.0 0.8830433711409569
1095.0 0.922092143446207
1096.0 0.9707145392894745
1097.0 1.0193371213972569
1098.0 1.0479657910764217
1099.0 1.0765946470201015
1100.0 1.247593853622675
1101.0 1.4185925014317036
