lsstCam/transmission_filter_detector/r13_s12/g_6/19700101T000000.ecsv
# %ECSV 1.0
# ---
# datatype:
# - {name: wavelength, unit: nm, datatype: float32}
# - {name: efficiency, unit: '%', datatype: float64}
# meta: !!omap
# - {MODE: DETECTOR}
# - {TYPE: transmission_filter_detector}
# - {CALIBDATE: '1970-01-01T00:00:00'}
# - {INSTRUME: LSSTCam}
# - {OBSTYPE: transmission_filter_detector}
# - {CALIBCLS: lsst.ip.isr.IntermediateFilterDetectorTransmissionCurve}
# - {SOURCE: Materion (DM-46256)}
# - {DETECTOR: 59}
# - {FILTER: g_6}
# - {CALIB_ID: 'calibDate=1970-01-01T00:00:00 filter=g_6 detector=59'}
# - {DATE: '2025-04-02T15:59:42.300252'}
# - {CALIB_CREATION_DATE: '2025-04-02'}
# - {CALIB_CREATION_TIME: '15:59:42'}
# - __serialized_columns__:
#     efficiency:
#       __class__: astropy.units.quantity.Quantity
#       unit: !astropy.units.Unit {unit: '%'}
#       value: !astropy.table.SerializedColumn {name: efficiency}
#     wavelength:
#       __class__: astropy.units.quantity.Quantity
#       unit: !astropy.units.Unit {unit: nm}
#       value: !astropy.table.SerializedColumn {name: wavelength}
# schema: astropy-2.0
wavelength efficiency
300.0 0.5219149403274059
301.0 0.38414972368627787
302.0 0.2463844371959567
303.0 0.218229740858078
304.0 0.19007503287866712
305.0 0.19666203297674656
306.0 0.20324899815022945
307.0 0.21440265700221062
308.0 0.22555629257112741
309.0 0.22197687067091465
310.0 0.21839747205376625
311.0 0.21216259337961674
312.0 0.20592771470546722
313.0 0.20224584732204676
314.0 0.19856400322169065
315.0 0.18828710308298469
316.0 0.17801023786887527
317.0 0.17857099883258343
318.0 0.17913179472088814
319.0 0.1637124689295888
320.0 0.1482931198552251
321.0 0.14194163959473372
322.0 0.13559015933424234
323.0 0.11551928473636508
324.0 0.09544846252538264
325.0 0.08657088619656861
326.0 0.07769330986775458
327.0 0.07057952461764216
328.0 0.06346573936752975
329.0 0.061123439809307456
330.0 0.05878113443031907
331.0 0.054493662901222706
332.0 0.05020619137212634
333.0 0.04740359727293253
334.0 0.044601006084121764
335.0 0.04256131069269031
336.0 0.04052161530125886
337.0 0.04125658015254885
338.0 0.041991539183072746
339.0 0.040880730375647545
340.0 0.039769921568222344
341.0 0.037968705873936415
342.0 0.036167490179650486
343.0 0.0325833389069885
344.0 0.028999187634326518
345.0 0.025593774626031518
346.0 0.022188358707353473
347.0 0.020987643802072853
348.0 0.019786925986409187
349.0 0.018146171350963414
350.0 0.6829968653619289
351.0 1.2683563865721226
352.0 0.8454530499875546
353.0 1.0532203130424023
354.0 0.5707438103854656
355.0 0.7637581788003445
356.0 0.7042845245450735
357.0 0.7899288088083267
358.0 0.5628785118460655
359.0 0.8032151497900486
360.0 0.49972254782915115
361.0 0.981022696942091
362.0 0.5914012435823679
363.0 0.868796743452549
364.0 0.4107138607650995
365.0 0.8700713515281677
366.0 0.5356895737349987
367.0 0.6533032283186913
368.0 0.47468869015574455
369.0 0.623471150174737
370.0 0.40942244231700897
371.0 0.6149911787360907
372.0 0.4691752605140209
373.0 0.6057004909962416
374.0 0.37394287064671516
375.0 0.5593915469944477
376.0 0.4292560741305351
377.0 0.5371701437979937
378.0 0.36603729240596294
379.0 0.5351061467081308
380.0 0.37343238946050406
381.0 0.5429570563137531
382.0 0.5568044260144234
383.0 0.5001549609005451
384.0 0.4843862261623144
385.0 0.6066696718335152
386.0 0.6296966224908829
387.0 0.7140063680708408
388.0 0.9157741442322731
389.0 1.2084308080375195
390.0 1.7085080966353416
391.0 2.5940539315342903
392.0 4.1539207100868225
393.0 6.582869589328766
394.0 9.89735722541809
395.0 14.472277462482452
396.0 20.17849087715149
397.0 27.254146337509155
398.0 35.69961190223694
399.0 44.865357875823975
400.0 54.2758047580719
401.0 63.36420178413391
402.0 71.80190682411194
403.0 79.04370427131653
404.0 84.3661904335022
405.0 88.3569061756134
406.0 90.6586229801178
407.0 92.55815148353577
408.0 93.60442757606506
409.0 94.14548873901367
410.0 94.37673687934875
411.0 94.27590370178223
412.0 93.91265511512756
413.0 93.70113611221313
414.0 93.48209500312805
415.0 93.62157583236694
416.0 93.97087097167969
417.0 94.31774616241455
418.0 94.83558535575867
419.0 95.38403153419495
420.0 95.94035744667053
421.0 96.45909667015076
422.0 96.65189385414124
423.0 96.87337875366211
424.0 96.69721722602844
425.0 96.58511281013489
426.0 96.56941890716553
427.0 96.6268241405487
428.0 96.44389152526855
429.0 96.2533950805664
430.0 96.062570810318
431.0 96.14430665969849
432.0 96.13514542579651
433.0 96.23520970344543
434.0 96.34662866592407
435.0 96.49140238761902
436.0 96.56902551651001
437.0 96.53134942054749
438.0 96.58243060112
439.0 96.66339755058289
440.0 96.6717004776001
441.0 96.75160646438599
442.0 96.75343632698059
443.0 96.75675630569458
444.0 96.72504663467407
445.0 96.46369218826294
446.0 96.29825353622437
447.0 96.09506726264954
448.0 96.09583616256714
449.0 96.23746275901794
450.0 96.4964210987091
451.0 96.68465256690979
452.0 96.9191312789917
453.0 97.01595902442932
454.0 97.07975387573242
455.0 97.40417003631592
456.0 97.47575521469116
457.0 97.58638143539429
458.0 97.5716769695282
459.0 97.64787554740906
460.0 97.67872095108032
461.0 97.80963063240051
462.0 97.74028658866882
463.0 97.64351844787598
464.0 97.78849482536316
465.0 97.67218232154846
466.0 97.65369892120361
467.0 97.70958423614502
468.0 97.73909449577332
469.0 97.80764579772949
470.0 97.5922703742981
471.0 97.5149154663086
472.0 97.5609838962555
473.0 97.44987487792969
474.0 97.32037782669067
475.0 97.4261999130249
476.0 97.38289713859558
477.0 97.44557738304138
478.0 97.53479957580566
479.0 97.49220609664917
480.0 97.66643047332764
481.0 97.75303602218628
482.0 97.92318940162659
483.0 97.82198667526245
484.0 97.9950487613678
485.0 98.03639054298401
486.0 98.04359674453735
487.0 98.0964183807373
488.0 98.12849760055542
489.0 98.19467663764954
490.0 98.14944863319397
491.0 98.2015073299408
492.0 98.06450009346008
493.0 98.08980822563171
494.0 98.09296727180481
495.0 98.12140464782715
496.0 97.92817234992981
497.0 97.91073799133301
498.0 97.65004515647888
499.0 97.72785902023315
500.0 97.62407541275024
501.0 97.59162664413452
502.0 97.52732515335083
503.0 97.68252968788147
504.0 97.48696684837341
505.0 97.50779271125793
506.0 97.52337336540222
507.0 97.49639630317688
508.0 97.48535752296448
509.0 97.49600291252136
510.0 97.42346405982971
511.0 97.44560122489929
512.0 97.3540186882019
513.0 97.43870496749878
514.0 97.40493297576904
515.0 97.43163585662842
516.0 97.51695394515991
517.0 97.53938317298889
518.0 97.59348034858704
519.0 97.57933020591736
520.0 97.67998456954956
521.0 97.78754711151123
522.0 97.76849150657654
523.0 97.73095846176147
524.0 97.79885411262512
525.0 97.74509072303772
526.0 97.85719513893127
527.0 97.85940647125244
528.0 97.92706966400146
529.0 98.02982211112976
530.0 98.03661704063416
531.0 98.15560579299927
532.0 98.08188676834106
533.0 98.05974960327148
534.0 98.07838201522827
535.0 97.90301322937012
536.0 97.60572910308838
537.0 97.07724452018738
538.0 96.32304906845093
539.0 94.99520063400269
540.0 93.32265257835388
541.0 90.77333211898804
542.0 88.08730840682983
543.0 84.49793457984924
544.0 79.96237277984619
545.0 75.92288255691528
546.0 70.97819447517395
547.0 66.37682914733887
548.0 61.78773641586304
549.0 57.64557719230652
550.0 54.400235414505005
551.0 51.250386238098145
552.0 48.86986315250397
553.0 46.37845754623413
554.0 43.55651140213013
555.0 40.44116139411926
556.0 36.24595105648041
557.0 31.39582872390747
558.0 26.0091632604599
559.0 20.66822052001953
560.0 15.433631837368011
561.0 10.602492094039917
562.0 6.873539835214615
563.0 4.070683196187019
564.0 2.2458771243691444
565.0 1.1047568172216415
566.0 0.5892046261578798
567.0 0.3031669883057475
568.0 0.18144965870305896
569.0 0.10214777430519462
570.0 0.08785370155237615
571.0 0.05372780724428594
572.0 0.06332710618153214
573.0 0.03425845643505454
574.0 0.04301859880797565
575.0 0.02915397344622761
576.0 0.04260331916157156
577.0 0.01995811762753874
578.0 0.029622114379890263
579.0 0.02561656292527914
580.0 0.02496669185347855
581.0 0.028173750615678728
582.0 0.02252433041576296
583.0 0.013611193571705371
584.0 0.0229186043725349
585.0 0.015192605496849865
586.0 0.026866680127568543
587.0 0.01957696513272822
588.0 0.021752934844698757
589.0 0.012920548033434898
590.0 0.015763071132823825
591.0 0.014474871568381786
592.0 0.01948108256328851
593.0 0.0076782052929047495
594.0 0.021854034275747836
595.0 0.008052733755903319
596.0 0.01224494626512751
597.0 0.01410602853866294
598.0 0.0037510108086280525
599.0 0.009083691838895902
600.0 0.011802453082054853
601.0 0.002463056989654433
602.0 0.0025341263608424924
603.0 0.002605195186333731
604.0 0.002344003223697655
605.0 0.002082811261061579
606.0 0.002059453254332766
607.0 0.0020360950657050125
608.0 0.00188384856301127
609.0 0.0017316022422164679
610.0 0.001842494384618476
611.0 0.001953386345121544
612.0 0.0018273605746799149
613.0 0.001701335349935107
614.0 0.0017821486835600808
615.0 0.0018629625628818758
616.0 0.0019369099391042255
617.0 0.002010857133427635
618.0 0.00188836802408332
619.0 0.0017658790966379456
620.0 0.0016771638911450282
621.0 0.001588448867551051
622.0 0.0014958895917516202
623.0 0.0014033299521543086
624.0 0.0014574534361599945
625.0 0.0015115770111151505
626.0 0.0013732372281083371
627.0 0.0012348977179499343
628.0 0.0013611981557914987
629.0 0.001487499048380414
630.0 0.0014152947187540121
631.0 0.0013430900253297295
632.0 0.0014437036952585913
633.0 0.0015443169104401022
634.0 0.0014336033927975222
635.0 0.0013228893294581212
636.0 0.0013782225323666353
637.0 0.0014335561900225002
638.0 0.0013222677807789296
639.0 0.0012109792805858888
640.0 0.0011449630619608797
641.0 0.00107894647953799
642.0 0.001276204056921415
643.0 0.0014734616343048401
644.0 0.0013627506632474251
645.0 0.0012520392374426592
646.0 0.0012542252989078406
647.0 0.001256411360373022
648.0 0.0011518409337440971
649.0 0.0010472703252162319
650.0 0.0012395458725222852
651.0 0.0014318208741315175
652.0 0.0012051412340952083
653.0 0.0009784615940588992
654.0 0.0010928537449217401
655.0 0.0012072460776835214
656.0 0.0012260070434422232
657.0 0.0012447681001503952
658.0 0.0011514462130435277
659.0 0.0010581246897345409
660.0 0.0009667313861427829
661.0 0.0008753379916015547
662.0 0.0010299996574758552
663.0 0.001184661505249096
664.0 0.0012030187463096809
665.0 0.0012213758054713253
666.0 0.0011642358913377393
667.0 0.0011070955224568024
668.0 0.0011849592738144565
669.0 0.0012628227523237001
670.0 0.001213628456753213
671.0 0.0011644341611827258
672.0 0.0011939436262764502
673.0 0.0012234529094712343
674.0 0.001195509685203433
675.0 0.0011675666428345721
676.0 0.0010805390957102645
677.0 0.0009935114576364867
678.0 0.0010997792742273305
679.0 0.0012060470908181742
680.0 0.001101000452763401
681.0 0.0009959536328096874
682.0 0.001047864952852251
683.0 0.0010997761819453444
684.0 0.0009701640010462143
685.0 0.0008405517291976139
686.0 0.0010083984307129867
687.0 0.0011762451322283596
688.0 0.0011394460670999251
689.0 0.0011026470019714907
690.0 0.001034658544085687
691.0 0.0009666700861998834
692.0 0.0009568275345372967
693.0 0.0009469850738241803
694.0 0.0010293653758708388
695.0 0.001111745586968027
696.0 0.00116814526336384
697.0 0.0012245447578607127
698.0 0.0013011123883188702
699.0 0.001377680109726498
700.0 0.001155926292994991
701.0 0.000934172476263484
702.0 0.00112853722384898
703.0 0.0013229017895355355
704.0 0.0012537964721559547
705.0 0.0011846909728774335
706.0 0.0011422916941228323
707.0 0.0010998927791661117
708.0 0.001111986694013467
709.0 0.001124080881709233
710.0 0.0011843204447359312
711.0 0.00124456028061104
712.0 0.0011769061529776081
713.0 0.0011092521162936464
714.0 0.0011933006135222968
715.0 0.0012773494745488279
716.0 0.0014817491319263354
717.0 0.0016861491531017236
718.0 0.0019406623323448002
719.0 0.002195175511587877
720.0 0.0018132161130779423
721.0 0.0014312565326690674
722.0 0.0015555284335277975
723.0 0.0016798006981844082
724.0 0.0016329870049958117
725.0 0.0015861733118072152
726.0 0.0017804413801059127
727.0 0.00197470944840461
728.0 0.0020294943169574253
729.0 0.002084279367409181
730.0 0.002018672057602089
731.0 0.0019530649296939373
732.0 0.001853940193541348
733.0 0.001754815639287699
734.0 0.001544575388834346
735.0 0.0013343351383809932
736.0 0.0011623029422480613
737.0 0.0009902707461151294
738.0 0.0009866516847978346
739.0 0.0009830326234805398
740.0 0.0008804920980765019
741.0 0.0007779514817229938
742.0 0.0007629120318597415
743.0 0.0007478725365217542
744.0 0.0008407559107581619
745.0 0.0009336394214187749
746.0 0.0009690269507700577
747.0 0.0010044145710708108
748.0 0.0011512063792906702
749.0 0.0012979982784599997
750.0 0.0010393157026555855
751.0 0.0007806333996995818
752.0 0.0006754985406587366
753.0 0.0005703639089915669
754.0 0.0007780625310260803
755.0 0.0009857611075858586
756.0 0.0009531886462355033
757.0 0.0009206160939356778
758.0 0.0008737061762076337
759.0 0.00082679644037853
760.0 0.0006690975169476587
761.0 0.0005113985935167875
762.0 0.000606441562922555
763.0 0.0007014843959041173
764.0 0.0008134881682053674
765.0 0.000925492167880293
766.0 0.0007980251211847644
767.0 0.0006705581654387061
768.0 0.0005537207016459433
769.0 0.00043688319237844553
770.0 0.00037496006370929535
771.0 0.00031303698051488027
772.0 0.000548942534805974
773.0 0.0007848482709960081
774.0 0.0008965207598521374
775.0 0.0010081934306072071
776.0 0.0008851812708599027
777.0 0.0007621690656378632
778.0 0.0007301252935576485
779.0 0.0006980816579016391
780.0 0.0006655926426901715
781.0 0.0006331036274787039
782.0 0.000572766293771565
783.0 0.0005124288691149559
784.0 0.000689481339577469
785.0 0.0008665338100399822
786.0 0.0007720494068053085
787.0 0.0006775653673685156
788.0 0.0004273703780199867
789.0 0.00017717549098961172
790.0 0.00021014586764067644
791.0 0.0002431161874483223
792.0 0.00026552459075901425
793.0 0.0002879329940697062
794.0 0.0002691333975235466
795.0 0.000250333800977387
796.0 0.00038510388549184427
797.0 0.0005198739927436691
798.0 0.0005507101377588697
799.0 0.0005815463737235405
800.0 0.0005730748398491414
801.0 0.0005646034878736828
802.0 0.0004706025720224716
803.0 0.0003766017698580981
804.0 0.0003341636102049961
805.0 0.0002917255415013642
806.0 0.000315032616526878
807.0 0.00033833969155239174
808.0 0.0004188156708551105
809.0 0.0004992917183699319
810.0 0.0003812760269283899
811.0 0.0002632603354868479
812.0 0.0003008609610333224
813.0 0.0003384615183676942
814.0 0.00038852685975143686
815.0 0.00043859217839781195
816.0 0.000564515903533902
817.0 0.0006904395377205219
818.0 0.00045690817387367133
819.0 0.00022337687823892338
820.0 0.00040396698750555515
821.0 0.0005845570285600843
822.0 0.0004570966211758787
823.0 0.00032963625926640816
824.0 0.00041986809264926706
825.0 0.0005100998350826558
826.0 0.0006007351657899562
827.0 0.0006913703600730514
828.0 0.0005712494385079481
829.0 0.00045112842599337455
830.0 0.0004287544925318798
831.0 0.00040638055907038506
832.0 0.0005716379291698104
833.0 0.0007368952083197655
834.0 0.0005297486950439634
835.0 0.0003226022045055288
836.0 0.0004115749561606208
837.0 0.0005005477760278154
838.0 0.0004879715106653748
839.0 0.0004753952907776693
840.0 0.0005547452929022256
841.0 0.0006340951586025767
842.0 0.000342417843057774
843.0 5.0740419510475476e-05
844.0 0.00011324227671138942
845.0 0.00017574415096532903
846.0 0.0004207426172797568
847.0 0.000665741163174971
848.0 0.0006131874670245452
849.0 0.0005606338618235895
850.0 0.0005462189164973097
851.0 0.0005318039711710298
852.0 0.0005805563432659255
853.0 0.0006293083515629405
854.0 0.0006361539817589801
855.0 0.0006429994300560793
856.0 0.0006352794571284903
857.0 0.0006275595751503715
858.0 0.0005916075679124333
859.0 0.0005556554697250249
860.0 0.0005433511432784144
861.0 0.0005310467713570688
862.0 0.0005286552550387569
863.0 0.000526263738720445
864.0 0.00045713795771007426
865.0 0.00038801222217443865
866.0 0.00042718424992926884
867.0 0.00046635627768409904
868.0 0.0006396342087100493
869.0 0.0008129121852107346
870.0 0.0006272948212426854
871.0 0.0004416772753756959
872.0 0.00036581061522156233
873.0 0.00028994384138059104
874.0 0.0003758089178518276
875.0 0.0004616739261109615
876.0 0.000562861487196642
877.0 0.0006640490028075874
878.0 0.0006980262241995661
879.0 0.0007320033546420746
880.0 0.0006979165391385322
881.0 0.0006638300419581356
882.0 0.0005987469648971455
883.0 0.000533664160684566
884.0 0.0005716819487133762
885.0 0.0006097000095905969
886.0 0.0006710366506013088
887.0 0.0007323735644604312
888.0 0.0005868553216714645
889.0 0.0004413372607814381
890.0 0.0005084503300167853
891.0 0.0005755635811510729
892.0 0.0005224475899012759
893.0 0.0004693316441262141
894.0 0.0004531669674179284
895.0 0.0004370023361843778
896.0 0.000283146437141113
897.0 0.00012929056083521573
898.0 0.00028026490781485336
899.0 0.00043123927753185853
900.0 0.0003878761617670534
901.0 0.0003445130460022483
902.0 0.0005574404895014595
903.0 0.0007703679330006707
904.0 0.00045013071030552965
905.0 0.00012989343076696969
906.0 0.0003119520215477678
