ts8/transmission_sensor/rtm-017_s02/19700101T000000.ecsv
# %ECSV 0.9
# ---
# datatype:
# - {name: amp_name, datatype: string}
# - {name: wavelength, unit: nm, datatype: float32}
# - {name: efficiency, unit: '%', datatype: float32}
# meta: !!omap
# - {MODE: AMP}
# - {TYPE: transmission_sensor}
# - {CALIBDATE: '1970-01-01T00:00:00'}
# - {INSTRUME: TS8}
# - {OBSTYPE: transmission_sensor}
# - {DETECTOR: 209}
# - {CALIBCLS: lsst.ip.isr.IntermediateSensorTransmissionCurve}
# - {PICKLEFILE: RaftRun11166.p}
# - {CALIB_ID: 'raftName=RTM-017 detectorName=S02 detector=209 calibDate=1970-01-01T00:00:00 ccd=209 ccdnum=209 filter=None'}
# - {DATE: '2020-07-23T19:15:20.998951'}
# - {CALIB_CREATION_DATE: '2020-07-23'}
# - {CALIB_CREATION_TIME: '19:15:20'}
# - __serialized_columns__:
#     efficiency:
#       __class__: astropy.units.quantity.Quantity
#       unit: !astropy.units.Unit {unit: '%'}
#       value: !astropy.table.SerializedColumn {name: efficiency}
#     wavelength:
#       __class__: astropy.units.quantity.Quantity
#       unit: !astropy.units.Unit {unit: nm}
#       value: !astropy.table.SerializedColumn {name: wavelength}
# schema: astropy-2.0
amp_name wavelength efficiency
C06 349.982 58.803333
C06 450.035 85.24485
C06 500.018 85.64373
C06 619.997 92.2891
C06 750.022 99.003204
C06 869.967 96.64184
C06 999.976 32.063972
C07 349.982 58.00235
C07 450.035 85.63434
C07 500.018 85.87306
C07 619.997 92.28216
C07 750.022 98.947365
C07 869.967 96.6231
C07 999.976 31.980095
C13 349.982 60.983883
C13 450.035 85.156624
C13 500.018 85.91634
C13 619.997 92.96592
C13 750.022 98.70572
C13 869.967 95.53472
C13 999.976 31.227398
C05 349.982 59.47482
C05 450.035 85.11785
C05 500.018 85.61735
C05 619.997 92.377266
C05 750.022 99.04305
C05 869.967 96.61557
C05 999.976 32.08615
C02 349.982 60.848545
C02 450.035 84.953316
C02 500.018 85.73807
C02 619.997 92.66222
C02 750.022 98.92664
C02 869.967 96.18201
C02 999.976 31.864405
C10 349.982 62.114456
C10 450.035 84.74495
C10 500.018 85.79204
C10 619.997 93.27617
C10 750.022 98.56249
C10 869.967 95.040474
C10 999.976 31.11913
C16 349.982 59.455944
C16 450.035 85.50593
C16 500.018 85.9966
C16 619.997 92.5999
C16 750.022 98.67017
C16 869.967 95.86292
C16 999.976 31.252907
C12 349.982 61.52185
C12 450.035 85.23869
C12 500.018 86.10073
C12 619.997 93.25936
C12 750.022 98.83765
C12 869.967 95.50286
C12 999.976 31.23359
C03 349.982 60.441
C03 450.035 85.04961
C03 500.018 85.7344
C03 619.997 92.57445
C03 750.022 98.98693
C03 869.967 96.337524
C03 999.976 31.942455
C17 349.982 58.828037
C17 450.035 86.167
C17 500.018 86.49668
C17 619.997 92.763245
C17 750.022 98.786354
C17 869.967 96.02669
C17 999.976 31.333353
C14 349.982 60.502445
C14 450.035 85.16516
C14 500.018 85.81662
C14 619.997 92.81275
C14 750.022 98.72854
C14 869.967 95.692276
C14 999.976 31.212204
C04 349.982 60.06284
C04 450.035 85.1343
C04 500.018 85.71731
C04 619.997 92.53451
C04 750.022 99.08954
C04 869.967 96.55306
C04 999.976 32.02368
C01 349.982 61.705276
C01 450.035 85.42493
C01 500.018 86.320885
C01 619.997 93.37907
C01 750.022 99.550995
C01 869.967 96.71044
C01 999.976 31.91592
C11 349.982 61.963993
C11 450.035 85.10463
C11 500.018 86.05834
C11 619.997 93.36656
C11 750.022 98.78862
C11 869.967 95.3413
C11 999.976 31.17068
C15 349.982 60.128113
C15 450.035 85.43153
C15 500.018 86.0046
C15 619.997 92.88201
C15 750.022 98.92834
C15 869.967 96.02316
C15 999.976 31.308825
C00 349.982 61.68282
C00 450.035 84.81951
C00 500.018 85.81417
C00 619.997 92.999596
C00 750.022 99.02784
C00 869.967 96.11962
C00 999.976 31.647833
