lsstCam/transmission_filter_detector/r12_s02/z_20/19700101T000000.ecsv
# %ECSV 1.0
# ---
# datatype:
# - {name: wavelength, unit: nm, datatype: float32}
# - {name: efficiency, unit: '%', datatype: float64}
# meta: !!omap
# - {MODE: DETECTOR}
# - {TYPE: transmission_filter_detector}
# - {CALIBDATE: '1970-01-01T00:00:00'}
# - {INSTRUME: LSSTCam}
# - {OBSTYPE: transmission_filter_detector}
# - {CALIBCLS: lsst.ip.isr.IntermediateFilterDetectorTransmissionCurve}
# - {SOURCE: Materion (DM-46256)}
# - {DETECTOR: 47}
# - {FILTER: z_20}
# - {CALIB_ID: 'calibDate=1970-01-01T00:00:00 filter=z_20 detector=47'}
# - {DATE: '2025-04-02T15:59:48.854310'}
# - {CALIB_CREATION_DATE: '2025-04-02'}
# - {CALIB_CREATION_TIME: '15:59:48'}
# - __serialized_columns__:
#     efficiency:
#       __class__: astropy.units.quantity.Quantity
#       unit: !astropy.units.Unit {unit: '%'}
#       value: !astropy.table.SerializedColumn {name: efficiency}
#     wavelength:
#       __class__: astropy.units.quantity.Quantity
#       unit: !astropy.units.Unit {unit: nm}
#       value: !astropy.table.SerializedColumn {name: wavelength}
# schema: astropy-2.0
wavelength efficiency
300.0 0.8735309354960918
301.0 0.5885216407477856
302.0 0.3035124624148011
303.0 0.29714377596974373
304.0 0.29077508952468634
305.0 0.2448621904477477
306.0 0.19894924480468035
307.0 0.18385155126452446
308.0 0.16875385772436857
309.0 0.14714034041389823
310.0 0.1255268231034279
311.0 0.12677758932113647
312.0 0.1280283904634416
313.0 0.11319011682644486
314.0 0.09835186647251248
315.0 0.09720055386424065
316.0 0.0960492470767349
317.0 0.08042242843657732
318.0 0.06479562143795192
319.0 0.06413291557691991
320.0 0.06347020389512181
321.0 0.06280988454818726
322.0 0.06214957102201879
323.0 0.054791540605947375
324.0 0.04743351018987596
325.0 0.043956367881037295
326.0 0.040479222661815584
327.0 0.04005656228400767
328.0 0.03963389899581671
329.0 0.034734123619273305
330.0 0.029834348242729902
331.0 0.027200690237805247
332.0 0.024567032232880592
333.0 0.0238428168813698
334.0 0.023118597164284438
335.0 0.021974810806568712
336.0 0.02083102590404451
337.0 0.024879223201423883
338.0 0.028927417588420212
339.0 0.024642355856485665
340.0 0.020357302855700254
341.0 0.017114354704972357
342.0 0.013871408009435982
343.0 0.013690847845282406
344.0 0.013510289136320353
345.0 0.012853719817940146
346.0 0.012197152682347223
347.0 0.011615786206675693
348.0 0.01103442264138721
349.0 0.013539419160224497
350.0 0.01604441786184907
351.0 0.013420065806712955
352.0 0.010795708658406511
353.0 0.011322835052851588
354.0 0.011849963630083948
355.0 0.010045123781310394
356.0 0.008240286115324125
357.0 0.009294515621149912
358.0 0.010348748764954507
359.0 0.010154365736525506
360.0 0.009959981252904981
361.0 0.009039047290571034
362.0 0.00811811478342861
363.0 0.00924090199987404
364.0 0.01036368848872371
365.0 0.010099377686856315
366.0 0.009835070522967726
367.0 0.008627797797089443
368.0 0.007420524343615398
369.0 0.007942486990941688
370.0 0.00846445036586374
371.0 0.008407537825405598
372.0 0.008350626740138978
373.0 0.0072668553912080824
374.0 0.00618308549746871
375.0 0.006484402547357604
376.0 0.0067857188696507365
377.0 0.007123561226762831
378.0 0.0074614028562791646
379.0 0.006283117545535788
380.0 0.005104831870994531
381.0 0.00328162350342609
382.0 0.0014584154996555299
383.0 0.0036639721656683832
384.0 0.005869528831681237
385.0 0.005544672239921056
386.0 0.0052198160119587556
387.0 0.005867614163435064
388.0 0.006515413406305015
389.0 0.005776681791758165
390.0 0.005037951268604957
391.0 0.004660580452764407
392.0 0.004283209273125976
393.0 0.004753579923999496
394.0 0.005223951302468777
395.0 0.004286463808966801
396.0 0.003348975587869063
397.0 0.0035661574656842276
398.0 0.0037833389797015116
399.0 0.0040220234950538725
400.0 0.004260708010406233
401.0 0.004590005482896231
402.0 0.004919302955386229
403.0 0.004960746809956618
404.0 0.0050021906645270064
405.0 0.004330205047153868
406.0 0.00365821979357861
407.0 0.002025453431997448
408.0 0.0003926878889615182
409.0 0.0020077337467228062
410.0 0.0036227796954335645
411.0 0.004199525938020088
412.0 0.004776272180606611
413.0 0.004727335544885136
414.0 0.0046783981815679
415.0 0.00373806688003242
416.0 0.0027977361241937615
417.0 0.0038909827708266675
418.0 0.004984229599358514
419.0 0.0044337863073451445
420.0 0.0038833433791296557
421.0 0.003911942258127965
422.0 0.0039405422285199165
423.0 0.003683326212922111
424.0 0.003426110924920067
425.0 0.0024479742933181114
426.0 0.0014698377526656259
427.0 0.0017671829482424073
428.0 0.002064528234768659
429.0 0.0014069696590013336
430.0 0.0007494114925066242
431.0 0.0007876784366089851
432.0 0.0008259450623882003
433.0 0.000764588730817195
434.0 0.0007032323992461897
435.0 0.0012356406841718126
436.0 0.0017680491509963758
437.0 0.0018315795387024991
438.0 0.0018951102902065031
439.0 0.00199669611902209
440.0 0.002098282129736617
441.0 0.0016084541130112484
442.0 0.00111862627818482
443.0 0.002275192855449859
444.0 0.0034317596146138385
445.0 0.0033112828532466665
446.0 0.003190806455677375
447.0 0.0025137052944046445
448.0 0.0018366041331319138
449.0 0.0025093730073422194
450.0 0.0031821426091482863
451.0 0.002486330413375981
452.0 0.0017905178538057953
453.0 0.0016922696886467747
454.0 0.0015940217053866945
455.0 0.0023628939743502997
456.0 0.003131766425212845
457.0 0.0023322776542045176
458.0 0.00153278888319619
459.0 0.0016188354493351653
460.0 0.0017048818335752003
461.0 0.0008104253538476769
462.0 1.599846448895048e-10
463.0 0.0009032321941049304
464.0 0.001890495877887588
465.0 0.002192178726545535
466.0 0.0024938617571024224
467.0 0.0021503903553821146
468.0 0.0018069182260660455
469.0 0.0016398305888287723
470.0 0.0014727424968441483
471.0 0.0013493552614818327
472.0 0.0012259682080184575
473.0 0.0011970098967140075
474.0 0.0011680515854095574
475.0 0.0010370897143729962
476.0 0.000906127843336435
477.0 0.0012868089470430277
478.0 0.0016674897779012099
479.0 0.0020001021766802296
480.0 0.002332714393560309
481.0 0.001830759720178321
482.0 0.0013288048648973927
483.0 0.0009559843419992831
484.0 0.0005831638645759085
485.0 0.0013522355402528774
486.0 0.002121307079505641
487.0 0.0014079980246606283
488.0 0.0006946889243408805
489.0 0.0015337582226493396
490.0 0.0023728274754830636
491.0 0.0022693044229527004
492.0 0.002165781370422337
493.0 0.0019721543139894493
494.0 0.001778527621354442
495.0 0.0015703548342571594
496.0 0.0013621819562104065
497.0 0.0011658096809696872
498.0 0.000969437496678438
499.0 0.0011341834579070564
500.0 0.001298929510085145
501.0 0.0008672640433360357
502.0 0.0004355984856374562
503.0 0.0012666394468396902
504.0 0.0020976805899408646
505.0 0.0021823896531714126
506.0 0.002267098898300901
507.0 0.002173295615648385
508.0 0.002079492151096929
509.0 0.0018201479178969748
510.0 0.0015608040484949015
511.0 0.0012115639947296586
512.0 0.0008623238500149455
513.0 0.0012862024959758855
514.0 0.0017100812328862958
515.0 0.0013331287846085615
516.0 0.0009561767910781782
517.0 0.0008901375622372143
518.0 0.0008240982424467802
519.0 0.001039260041579837
520.0 0.0012544215678644832
521.0 0.001608296952326782
522.0 0.0019621722458396107
523.0 0.001335451361228479
524.0 0.000708730749465758
525.0 0.0007617690243932884
526.0 0.0008148072993208189
527.0 0.0011363876183168031
528.0 0.0014579681192117278
529.0 0.0012507312021625694
530.0 0.00104349373941659
531.0 0.0011173193342983723
532.0 0.0011911447472812142
533.0 0.0008896043254935648
534.0 0.00058806367633224
535.0 0.0011082773198722862
536.0 0.001628490826988127
537.0 0.0016583824617555365
538.0 0.0016882739146240056
539.0 0.0012125579814892262
540.0 0.0007368416390818311
541.0 0.0008134549716487527
542.0 0.0008900686225388199
543.0 0.0012795151633326896
544.0 0.0016689618860254996
545.0 0.0011086043741670437
546.0 0.0005482469987327931
547.0 0.0012262245036254171
548.0 0.0019042017811443657
549.0 0.001665085983404424
550.0 0.0014259701856644824
551.0 0.001461852116335649
552.0 0.001497733683208935
553.0 0.0013335823496163357
554.0 0.001169430743175326
555.0 0.001088204408006277
556.0 0.0010069782547361683
557.0 0.0013507489711628295
558.0 0.0016945195966400206
559.0 0.0016855463400133885
560.0 0.0016765727195888758
561.0 0.0015290370356524363
562.0 0.0013815010788675863
563.0 0.0011404564247641247
564.0 0.000899411770660663
565.0 0.0016635267456877045
566.0 0.0024276419935631566
567.0 0.002790536564134527
568.0 0.0031534305890090764
569.0 0.0029962155167595483
570.0 0.0028390000807121396
571.0 0.002659882557054516
572.0 0.002480764487700071
573.0 0.001976923522306606
574.0 0.0014730827388120815
575.0 0.0019340721337357536
576.0 0.0023950613467604853
577.0 0.002017013139266055
578.0 0.001638965477468446
579.0 0.0017895350538310595
580.0 0.0019401044482947327
581.0 0.0017158157788799144
582.0 0.0014915268366166856
583.0 0.001961328598554246
584.0 0.0024311302695423365
585.0 0.0025751398425200023
586.0 0.0027191492335987277
587.0 0.0020407616830198094
588.0 0.0013623737686430104
589.0 0.0020163530280115083
590.0 0.002670332287380006
591.0 0.0017659125660429709
592.0 0.000861492571857525
593.0 0.000717403372618719
594.0 0.0005733140369557077
595.0 0.0010338530046283267
596.0 0.0014943919268262107
597.0 0.0013858384591003414
598.0 0.001277284900425002
599.0 0.0009163273716694675
600.0 0.0005553700248128735
601.0 0.0004763065135193756
602.0 0.00039724291127640754
603.0 0.0009111940016737208
604.0 0.001425144546374213
605.0 0.0009306376341555733
606.0 0.000436130358139053
607.0 0.0008179151336662471
608.0 0.0011997000001429114
609.0 0.0011693094165821094
610.0 0.0011389185601728968
611.0 0.0010309890058124438
612.0 0.0009230592695530504
613.0 0.0008521870768163353
614.0 0.0007813149750290904
615.0 0.0012209990018163808
616.0 0.0016606831195531413
617.0 0.0021358911908464506
618.0 0.0026110990802408196
619.0 0.002178767135774251
620.0 0.0017464348275098018
621.0 0.0015225576134980656
622.0 0.0012986798537895083
623.0 0.0015941950550768524
624.0 0.0018897098925663158
625.0 0.0016709936971892603
626.0 0.001452277592761675
627.0 0.0018969451048178598
628.0 0.0023416130716213956
629.0 0.0020747167582158
630.0 0.0018078206267091446
631.0 0.001591463114891667
632.0 0.001375105512124719
633.0 0.0017676811694400385
634.0 0.0021602570996037684
635.0 0.005088943362352438
636.0 0.008017629443202168
637.0 0.015408873150590807
638.0 0.022800116857979447
639.0 0.019881308253388852
640.0 0.016962498193606734
641.0 0.014724917127750814
642.0 0.012487337517086416
643.0 0.009977516310755163
644.0 0.007467696559615433
645.0 0.0067636341555044055
646.0 0.006059571023797616
647.0 0.005590388173004612
648.0 0.005121205322211608
649.0 0.004202260242891498
650.0 0.003283315891167149
651.0 0.003662774179247208
652.0 0.004042232467327267
653.0 0.0032651449146214873
654.0 0.0024880571800167672
655.0 0.0027753369067795575
656.0 0.0030626171792391688
657.0 0.002980176213895902
658.0 0.0028977348847547546
659.0 0.0027147025321028195
660.0 0.002531670543248765
661.0 0.0027162872356711887
662.0 0.0029009035642957315
663.0 0.0019706842067535035
664.0 0.0010404648492112756
665.0 0.0015618794350302778
666.0 0.0020832943846471608
667.0 0.002408127511444036
668.0 0.0027329608201398514
669.0 0.0019645411157398485
670.0 0.0011961215932387859
671.0 0.0008881082976586185
672.0 0.000580094911128981
673.0 0.0012804764082829934
674.0 0.001980858178285416
675.0 0.0020638308342313394
676.0 0.0021468033082783222
677.0 0.0018993327103089541
678.0 0.0016518613847438246
679.0 0.0013882356142858043
680.0 0.0011246094800299034
681.0 0.0012166809938207734
682.0 0.0013087524166621733
683.0 0.0023812608560547233
684.0 0.003453769750194624
685.0 0.0028762913643731736
686.0 0.0022988137061474845
687.0 0.0017331138224108145
688.0 0.001167413756775204
689.0 0.001500752659922
690.0 0.0018340911992709152
691.0 0.0021178950191824697
692.0 0.002401698293397203
693.0 0.0027029625925933942
694.0 0.003004226709890645
695.0 0.003201625804649666
696.0 0.003399023989913985
697.0 0.0036144174373475835
698.0 0.003829810884781182
699.0 0.005697855885955505
700.0 0.0075658994319383055
701.0 0.007197156810434535
702.0 0.006828416371718049
703.0 0.006257077620830387
704.0 0.005685739233740605
705.0 0.005091158527648076
706.0 0.004496578185353428
707.0 0.004254323357599787
708.0 0.004012067802250385
709.0 0.0041607621824368834
710.0 0.004309456562623382
711.0 0.0039062364521669224
712.0 0.003503016341710463
713.0 0.002464370663801674
714.0 0.001425724803993944
715.0 0.002176249836338684
716.0 0.0029267746867844835
717.0 0.0025041124899871647
718.0 0.002081449747493025
719.0 0.0016748845155234449
720.0 0.0012683190107054543
721.0 0.0012138024430896621
722.0 0.0011592856026254594
723.0 0.0009974989552574698
724.0 0.0008357124897884205
725.0 0.0012596696251421236
726.0 0.001683626942394767
727.0 0.0017428430510335602
728.0 0.0018020587958744727
729.0 0.0018297692804480903
730.0 0.0018574795831227675
731.0 0.0014147956790111493
732.0 0.0009721120477479417
733.0 0.0009195390703098383
734.0 0.0008669660928717349
735.0 0.0010141154234588612
736.0 0.0011612642992986366
737.0 0.0013526355360227171
738.0 0.0015440067727467977
739.0 0.001225967935170047
740.0 0.0009079290066438261
741.0 0.0010442305210744962
742.0 0.0011805317626567557
743.0 0.0016337595297954977
744.0 0.002086987115035299
745.0 0.0013758103705185931
746.0 0.0006646334895776818
747.0 0.0011622567399172112
748.0 0.0016598800357314758
749.0 0.0023190306819742545
750.0 0.002978181692014914
751.0 0.002974436756630894
752.0 0.0029706918212468736
753.0 0.0029364306101342663
754.0 0.0029021692171227187
755.0 0.0019204609998269007
756.0 0.0009387526915816125
757.0 0.0018755386918201111
758.0 0.00281232478300808
759.0 0.0026542204068391584
760.0 0.002496115666872356
761.0 0.004303328023524955
762.0 0.006110540562076494
763.0 0.005626627535093576
764.0 0.005142716327100061
765.0 0.005191888340050355
766.0 0.005241060716798529
767.0 0.004447500759852119
768.0 0.0036539408029057086
769.0 0.0033029053156496957
770.0 0.0029518705559894443
771.0 0.003849881613859907
772.0 0.004747892671730369
773.0 0.003942038165405393
774.0 0.0031361832952825353
775.0 1.599846448895048e-10
776.0 0.10989808943122625
777.0 1.599846448895048e-10
778.0 1.599846448895048e-10
779.0 0.0442137592472136
780.0 0.10522492229938507
781.0 1.599846448895048e-10
782.0 0.0329439586494118
783.0 0.0683537102304399
784.0 0.00018529091221353156
785.0 0.08146415930241346
786.0 1.599846448895048e-10
787.0 0.06612402503378689
788.0 0.0842208624817431
789.0 0.062219268875196576
790.0 1.599846448895048e-10
791.0 0.1495918957516551
792.0 0.06599262706004083
793.0 0.014018759247846901
794.0 0.039088717312552035
795.0 0.005884050915483385
796.0 0.006222977390279993
797.0 0.08356295875273645
798.0 0.1991500612348318
799.0 0.11296144220978022
800.0 0.047975193592719734
801.0 0.31675267964601517
802.0 0.4694963339716196
803.0 0.9240217506885529
804.0 1.5031971037387848
805.0 2.3941339924931526
806.0 3.7643834948539734
807.0 5.517109110951424
808.0 7.470029592514038
809.0 10.035182535648346
810.0 13.050167262554169
811.0 16.356161236763
812.0 19.39733922481537
813.0 22.322246432304382
814.0 25.276300311088562
815.0 29.13927435874939
816.0 33.666032552719116
817.0 39.10667300224304
818.0 44.91056799888611
819.0 50.85705518722534
820.0 58.23615789413452
821.0 66.01075530052185
822.0 72.39354252815247
823.0 78.12927961349487
824.0 83.77599120140076
825.0 88.2300078868866
826.0 92.20600128173828
827.0 94.78569626808167
828.0 97.59767055511475
829.0 98.24338555335999
830.0 98.7539291381836
831.0 99.1489589214325
832.0 98.63342642784119
833.0 99.69127178192139
834.0 98.40467572212219
835.0 99.60775375366211
836.0 99.03808236122131
837.0 99.28620457649231
838.0 98.32651019096375
839.0 98.72874617576599
840.0 99.26495552062988
841.0 99.74702000617981
842.0 99.9216079711914
843.0 100.05829334259033
844.0 98.33937287330627
845.0 98.6659288406372
846.0 99.00668263435364
847.0 98.67715239524841
848.0 99.63128566741943
849.0 98.75893592834473
850.0 98.16159009933472
851.0 98.83923530578613
852.0 99.60830211639404
853.0 98.88148903846741
854.0 99.75562691688538
855.0 98.6744225025177
856.0 98.81229400634766
857.0 97.9322075843811
858.0 98.86409640312195
859.0 99.48744177818298
860.0 98.61118197441101
861.0 98.76939654350281
862.0 99.01396632194519
863.0 98.30244183540344
864.0 99.57112669944763
865.0 99.86101388931274
866.0 98.80768060684204
867.0 99.10632371902466
868.0 98.95263314247131
869.0 98.87989163398743
870.0 98.20262789726257
871.0 99.00632500648499
872.0 99.27766919136047
873.0 99.40642714500427
874.0 99.48680996894836
875.0 99.10863637924194
876.0 99.0719199180603
877.0 99.72103834152222
878.0 98.9702820777893
879.0 98.964923620224
880.0 98.61593842506409
881.0 100.0714659690857
882.0 99.17082786560059
883.0 98.62599968910217
884.0 99.1548478603363
885.0 99.0509033203125
886.0 98.75627160072327
887.0 98.60863089561462
888.0 99.17767643928528
889.0 99.98971819877625
890.0 98.81823658943176
891.0 99.70975518226624
892.0 98.81145358085632
893.0 98.71068596839905
894.0 98.48326444625854
895.0 99.50528740882874
