lsstCam/transmission_filter_detector/r12_s02/z_20/19700101T000000.ecsv
# %ECSV 1.0
# ---
# datatype:
# - {name: wavelength, unit: nm, datatype: float32}
# - {name: efficiency, unit: '%', datatype: float64}
# meta: !!omap
# - {MODE: DETECTOR}
# - {TYPE: transmission_filter_detector}
# - {CALIBDATE: '1970-01-01T00:00:00'}
# - {INSTRUME: LSSTCam}
# - {OBSTYPE: transmission_filter_detector}
# - {CALIBCLS: lsst.ip.isr.IntermediateFilterDetectorTransmissionCurve}
# - {SOURCE: Materion (DM-46256)}
# - {DETECTOR: 47}
# - {FILTER: z_20}
# - {CALIB_ID: 'calibDate=1970-01-01T00:00:00 filter=z_20 detector=47'}
# - {DATE: '2025-04-02T15:59:48.854310'}
# - {CALIB_CREATION_DATE: '2025-04-02'}
# - {CALIB_CREATION_TIME: '15:59:48'}
# - __serialized_columns__:
#     efficiency:
#       __class__: astropy.units.quantity.Quantity
#       unit: !astropy.units.Unit {unit: '%'}
#       value: !astropy.table.SerializedColumn {name: efficiency}
#     wavelength:
#       __class__: astropy.units.quantity.Quantity
#       unit: !astropy.units.Unit {unit: nm}
#       value: !astropy.table.SerializedColumn {name: wavelength}
# schema: astropy-2.0
wavelength efficiency
[from data line 597]
897.0 99.34242963790894
898.0 99.08134937286377
899.0 98.82229566574097
900.0 98.96689057350159
901.0 99.65130686759949
902.0 99.20487403869629
903.0 99.0453839302063
904.0 97.95439839363098
905.0 98.58384132385254
906.0 98.15200567245483
907.0 98.73349070549011
908.0 98.24218153953552
909.0 98.37278127670288
910.0 98.21799993515015
911.0 96.87752723693848
912.0 96.06331586837769
913.0 94.84664797782898
914.0 92.65023469924927
915.0 90.33734798431396
916.0 88.52022290229797
917.0 86.57735586166382
918.0 83.23195576667786
919.0 82.10914134979248
920.0 79.34160828590393
921.0 75.48104524612427
922.0 71.12215161323547
923.0 66.03352427482605
924.0 60.276055335998535
925.0 54.55499291419983
926.0 48.59776198863983
927.0 41.82981550693512
928.0 35.82858145236969
929.0 29.602912068367004
930.0 24.00437742471695
931.0 18.852965533733368
932.0 13.498955965042114
933.0 8.87293592095375
934.0 5.838366225361824
935.0 3.622802346944809
936.0 2.10367888212204
937.0 1.260801125317812
938.0 0.6858293898403645
939.0 0.49863322637975216
940.0 0.26744187343865633
941.0 0.2009114483371377
942.0 0.23268656805157661
943.0 0.2998713171109557
944.0 0.0028797379854950123
945.0 0.07843892672099173
946.0 0.18162457272410393
947.0 0.1735658384859562
948.0 1.599846448895048e-10
949.0 1.599846448895048e-10
950.0 0.21186727099120617
951.0 0.09254833566956222
952.0 1.599846448895048e-10
953.0 0.010954809840768576
954.0 1.599846448895048e-10
955.0 0.1884804107248783
956.0 0.039418210508301854
957.0 0.005900808537262492
958.0 1.599846448895048e-10
959.0 0.0014523197933158372
960.0 1.599846448895048e-10
961.0 0.027520512230694294
962.0 1.599846448895048e-10
963.0 0.012627766409423202
964.0 0.03672930761240423
965.0 0.073164765490219
966.0 0.01643247378524393
967.0 1.599846448895048e-10
968.0 1.599846448895048e-10
969.0 0.01869623374659568
970.0 0.08988536428660154
971.0 0.057519658003002405
972.0 1.599846448895048e-10
973.0 0.019291658827569336
974.0 0.03127410600427538
975.0 1.599846448895048e-10
976.0 0.0064654006564524025
977.0 0.006433975795516744
978.0 0.00640255311736837
979.0 0.006213311280589551
980.0 0.006024067624821328
981.0 0.005901019540033303
982.0 0.005777972546638921
983.0 0.005619618605123833
984.0 0.0054612650274066254
985.0 0.005268319000606425
986.0 0.005075372246210463
987.0 0.005047172453487292
988.0 0.0050189726607641205
989.0 0.004931351213599555
990.0 0.004843730494030751
991.0 0.0049498728913022205
992.0 0.00505601528857369
993.0 0.0049786562158260494
994.0 0.004901296779280528
995.0 0.004868787436862476
996.0 0.004836278458242305
997.0 0.0046366436436073855
998.0 0.004437009192770347
999.0 0.004425721999723464
1000.0 0.0044144348066765815
1001.0 0.004537922359304503
1002.0 0.004661409911932424
1003.0 0.0045447286538546905
1004.0 0.004428047395776957
1005.0 0.004324634210206568
1006.0 0.004221221024636179
1007.0 0.004339825682109222
1008.0 0.004458430339582264
1009.0 0.004497353438637219
1010.0 0.004536276901490055
1011.0 0.004545999399852008
1012.0 0.004555722262011841
1013.0 0.00448260543635115
1014.0 0.00440948861069046
1015.0 0.004523892130237073
1016.0 0.004638295285985805
1017.0 0.004914371311315335
1018.0 0.005190448064240627
1019.0 0.004986076964996755
1020.0 0.004781706229550764
1021.0 0.004816764339921065
1022.0 0.004851822450291365
1023.0 0.004631594856618904
1024.0 0.004411366899148561
1025.0 0.004706073377747089
1026.0 0.005000780220143497
1027.0 0.004873004945693538
1028.0 0.004745229671243578
1029.0 0.004750537482323125
1030.0 0.004755846020998433
1031.0 0.004850486220675521
1032.0 0.004945126420352608
1033.0 0.005025468999519944
1034.0 0.005105811942485161
1035.0 0.005294197762850672
1036.0 0.005482583219418302
1037.0 0.005571068322751671
1038.0 0.005659553062287159
1039.0 0.005515126758837141
1040.0 0.0053706997277913615
1041.0 0.00579297193326056
1042.0 0.006215244502527639
1043.0 0.005730356861022301
1044.0 0.005245469219516963
1045.0 0.005918773968005553
1046.0 0.006592078716494143
1047.0 0.006263314571697265
1048.0 0.005934549335506745
1049.0 0.006155600567581132
1050.0 0.006376651435857639
1051.0 0.006668023706879467
1052.0 0.006959397433092818
1053.0 0.006955910794204101
1054.0 0.006952424155315384
1055.0 0.007648579776287079
1056.0 0.008344735397258773
1057.0 0.008045189315453172
1058.0 0.007745643961243331
1059.0 0.007874149741837755
1060.0 0.008002654067240655
1061.0 0.008661477477289736
1062.0 0.009320300887338817
1063.0 0.009176867024507374
1064.0 0.009033433889271691
1065.0 0.009223519737133756
1066.0 0.009413607767783105
1067.0 0.00962054036790505
1068.0 0.009827476606005803
1069.0 0.010790355736389756
1070.0 0.011753236321965232
1071.0 0.011212253593839705
1072.0 0.010671270865714177
1073.0 0.010571305028861389
1074.0 0.010471337009221315
1075.0 0.011255566641921178
1076.0 0.012039799912599847
1077.0 0.012187374522909522
1078.0 0.012334949860814959
1079.0 0.013362543541006744
1080.0 0.014390138676390052
1081.0 0.0143182827741839
1082.0 0.01424642832716927
1083.0 0.014219130389392376
1084.0 0.014191833906807005
1085.0 0.014767695392947644
1086.0 0.015343559789471328
1087.0 0.015510786033701152
1088.0 0.015678013733122498
1089.0 0.01686198665993288
1090.0 0.018045955221168697
1091.0 0.018046179320663214
1092.0 0.018046396144200116
1093.0 0.017497105000074953
1094.0 0.016947810945566744
1095.0 0.018452528456691653
1096.0 0.01995725033339113
1097.0 0.020425771072041243
1098.0 0.02089429326588288
1099.0 0.022886527585797012
1100.0 0.02487875462975353
1101.0 0.02447469742037356
1102.0 0.024070640210993588
1103.0 0.025875333813019097
1104.0 0.027680021594278514
1105.0 0.027368569863028824
1106.0 0.02705712104216218
1107.0 0.0280358042800799
1108.0 0.029014490428380668
1109.0 0.03088908561039716
1110.0 0.0327636837027967
1111.0 0.032406317768618464
1112.0 0.03204896056558937
1113.0 0.033939292188733816
1114.0 0.03582962672226131
1115.0 0.034606209374032915
1116.0 0.033382794936187565
1117.0 0.03369375481270254
1118.0 0.034004717599600554
1119.0 0.038982092519290745
1120.0 0.043959461618214846
1121.0 0.04407318192534149
1122.0 0.04418690223246813
1123.0 0.044524771510623395
1124.0 0.04486264369916171
1125.0 0.0453819171525538
1126.0 0.04590119351632893
1127.0 0.04930354771204293
1128.0 0.052705901907756925
1129.0 0.057973613729700446
1130.0 0.06324133137241006
1131.0 0.062047503888607025
1132.0 0.06085367640480399
1133.0 0.06340418476611376
1134.0 0.06595469894818962
1135.0 0.06624576053582132
1136.0 0.06653682794421911
1137.0 0.07135748164728284
1138.0 0.07617815281264484
1139.0 0.08030580938793719
1140.0 0.0844334252178669
1141.0 0.09369775652885437
1142.0 0.10296206455677748
1143.0 0.12603708310052752
1144.0 0.14911205507814884
1145.0 0.2999818418174982
1146.0 0.4508516751229763
1147.0 0.967137236148119
1148.0 1.483422890305519
1149.0 1.6851484775543213
1150.0 1.886875368654728
