lsstCam/transmission_sensor/r23_s01/19700101T000000.ecsv
# %ECSV 1.0
# ---
# datatype:
# - {name: amp_name, datatype: string}
# - {name: wavelength, unit: nm, datatype: float32}
# - {name: efficiency, unit: '%', datatype: float64}
# meta: !!omap
# - {MODE: AMP}
# - {TYPE: transmission_sensor}
# - {CALIBDATE: '1970-01-01T00:00:00'}
# - {INSTRUME: LSSTCAM}
# - {OBSTYPE: transmission_sensor}
# - {DETECTOR: 100}
# - {PARQUETFILE: qe_raft_allvalues_nircorrected_20230725.parquet}
# - {CALIBCLS: lsst.ip.isr.IntermediateSensorTransmissionCurve}
# - {CALIB_ID: 'raftName=R23 detectorName=S01 detector=100 calibDate=1970-01-01T00:00:00 ccd=100 ccdnum=100 filter=None'}
# - {DATE: '2023-08-02T16:57:55.838021'}
# - {CALIB_CREATION_DATE: '2023-08-02'}
# - {CALIB_CREATION_TIME: '16:57:55'}
# - __serialized_columns__:
#     efficiency:
#       __class__: astropy.units.quantity.Quantity
#       unit: !astropy.units.Unit {unit: '%'}
#       value: !astropy.table.SerializedColumn {name: efficiency}
#     wavelength:
#       __class__: astropy.units.quantity.Quantity
#       unit: !astropy.units.Unit {unit: nm}
#       value: !astropy.table.SerializedColumn {name: wavelength}
# schema: astropy-2.0
amp_name wavelength efficiency
C00 319.994 49.08073043823242
C00 324.969 55.44874572753906
C00 349.982 80.68083953857422
C00 374.975 81.33880615234375
C00 400.019 85.50201416015625
C00 424.965 87.11536407470703
C00 450.035 88.33120727539062
C00 475.003 91.08746337890625
C00 500.018 92.44955444335938
C00 525.002 94.92095184326172
C00 550.029 95.78987884521484
C00 575.023 97.38619995117188
C00 599.982 97.64959716796875
C00 619.997 98.22855377197266
C00 624.979 99.08185577392578
C00 650.012 98.99916076660156
C00 675.004 98.01554107666016
C00 700.03 98.01513671875
C00 725.012 97.37202453613281
C00 750.022 98.41085052490234
C00 774.987 97.89940643310547
C00 799.976 97.36052703857422
C00 824.988 96.57173919677734
C00 850.022 93.59635925292969
C00 869.967 90.39633178710938
C00 875.002 89.23023223876953
C00 899.999 81.46996307373047
C00 919.999 72.88716888427734
C00 925.012 69.98240661621094
C00 949.965 57.54641342163086
C00 975.002 42.89077377319336
C00 999.976 26.018630981445312
C00 1025.028 11.0347261428833
C00 1050.014 3.8792407512664795
C00 1075.002 0.9375553135085097
C00 1099.99 0.09302337689194859
C01 319.994 49.38711166381836
C01 324.969 55.78487014770508
C01 349.982 81.05928039550781
C01 374.975 81.60692596435547
C01 400.019 85.63691711425781
C01 424.965 87.19842529296875
C01 450.035 88.38825225830078
C01 475.003 91.12547302246094
C01 500.018 92.4740219116211
C01 525.002 94.93356323242188
C01 550.029 95.79295349121094
C01 575.023 97.37786865234375
C01 599.982 97.63204956054688
C01 619.997 98.2066650390625
C01 624.979 99.0576171875
C01 650.012 98.96885681152344
C01 675.004 97.97833251953125
C01 700.03 97.97389221191406
C01 725.012 97.32721710205078
C01 750.022 98.35430145263672
C01 774.987 97.83271026611328
C01 799.976 97.29658508300781
C01 824.988 96.51557922363281
C01 850.022 93.55101013183594
C01 869.967 90.35531616210938
C01 875.002 89.20100402832031
C01 899.999 81.48259735107422
C01 919.999 72.90646362304688
C01 925.012 70.00634765625
C01 949.965 57.560394287109375
C01 975.002 42.965911865234375
C01 999.976 26.040281295776367
C01 1025.028 11.032666206359863
C01 1050.014 3.866590976715088
C01 1075.002 0.9370165735350927
C01 1099.99 0.09296992360671638
C02 319.994 49.76648712158203
C02 324.969 56.20497131347656
C02 349.982 81.55889129638672
C02 374.975 81.98737335205078
C02 400.019 85.92037200927734
C02 424.965 87.4443359375
C02 450.035 88.6158447265625
C02 475.003 91.3491439819336
C02 500.018 92.6881332397461
C02 525.002 95.14474487304688
C02 550.029 95.99430847167969
C02 575.023 97.5738754272461
C02 599.982 97.82263946533203
C02 619.997 98.38751983642578
C02 624.979 99.23966979980469
C02 650.012 99.14546966552734
C02 675.004 98.14676666259766
C02 700.03 98.13754272460938
C02 725.012 97.486328125
C02 750.022 98.51170349121094
C02 774.987 97.98847961425781
C02 799.976 97.45136260986328
C02 824.988 96.67048645019531
C02 850.022 93.71076965332031
C02 869.967 90.51895904541016
C02 875.002 89.36274719238281
C02 899.999 81.6348648071289
C02 919.999 73.10021209716797
C02 925.012 70.19302368164062
C02 949.965 57.70318603515625
C02 975.002 43.07505416870117
C02 999.976 26.10138511657715
C02 1025.028 11.05576229095459
C02 1050.014 3.8624107837677
C02 1075.002 0.9385161350585252
C02 1099.99 0.0931187087234525
C03 319.994 50.005821228027344
C03 324.969 56.47454071044922
C03 349.982 81.8849105834961
C03 374.975 82.24066162109375
C03 400.019 86.13446044921875
C03 424.965 87.64291381835938
C03 450.035 88.811279296875
C03 475.003 91.54643249511719
C03 500.018 92.88895416259766
C03 525.002 95.3404769897461
C03 550.029 96.19046020507812
C03 575.023 97.77204132080078
C03 599.982 98.01222229003906
C03 619.997 98.57903289794922
C03 624.979 99.4306869506836
C03 650.012 99.33270263671875
C03 675.004 98.32927703857422
C03 700.03 98.3121566772461
C03 725.012 97.65684509277344
C03 750.022 98.68389129638672
C03 774.987 98.16162109375
C03 799.976 97.62466430664062
C03 824.988 96.84152221679688
C03 850.022 93.87031555175781
C03 869.967 90.68291473388672
C03 875.002 89.5205078125
C03 899.999 81.77893829345703
C03 919.999 73.19701385498047
C03 925.012 70.2795639038086
C03 949.965 57.772342681884766
C03 975.002 43.1508903503418
C03 999.976 26.134849548339844
C03 1025.028 11.074727058410645
C03 1050.014 3.8609936237335205
C03 1075.002 0.9401565597791868
C03 1099.99 0.09328147015720932
C04 319.994 50.1773681640625
C04 324.969 56.66676330566406
C04 349.982 82.09103393554688
C04 374.975 82.33332824707031
C04 400.019 86.1285400390625
C04 424.965 87.60271453857422
C04 450.035 88.75006866455078
C04 475.003 91.4762954711914
C04 500.018 92.80720520019531
C04 525.002 95.2583236694336
C04 550.029 96.10173034667969
C04 575.023 97.67459106445312
C04 599.982 97.9132308959961
C04 619.997 98.47029876708984
C04 624.979 99.32233428955078
C04 650.012 99.21664428710938
C04 675.004 98.21163940429688
C04 700.03 98.19322204589844
C04 725.012 97.5412368774414
C04 750.022 98.57477569580078
C04 774.987 98.05455780029297
C04 799.976 97.52111053466797
C04 824.988 96.73243713378906
C04 850.022 93.7732925415039
C04 869.967 90.56309509277344
C04 875.002 89.39109802246094
C04 899.999 81.63294219970703
C04 919.999 73.12432098388672
C04 925.012 70.20958709716797
C04 949.965 57.66085433959961
C04 975.002 43.015445709228516
C04 999.976 26.049028396606445
C04 1025.028 11.046825408935547
C04 1050.014 3.8584046363830566
C04 1075.002 0.9391170206718968
C04 1099.99 0.09317832804198896
C05 319.994 50.482513427734375
C05 324.969 57.0103645324707
C05 349.982 82.49307250976562
C05 374.975 82.612060546875
C05 400.019 86.32748413085938
C05 424.965 87.7695083618164
C05 450.035 88.90863037109375
C05 475.003 91.62754821777344
C05 500.018 92.95831298828125
C05 525.002 95.4041976928711
C05 550.029 96.2435302734375
C05 575.023 97.8144760131836
C05 599.982 98.0445327758789
C05 619.997 98.60110473632812
C05 624.979 99.44947814941406
C05 650.012 99.34104919433594
C05 675.004 98.32855987548828
C05 700.03 98.31239318847656
C05 725.012 97.66476440429688
C05 750.022 98.70674133300781
C05 774.987 98.19828796386719
C05 799.976 97.66738891601562
C05 824.988 96.87272644042969
C05 850.022 93.90714263916016
C05 869.967 90.69190979003906
C05 875.002 89.5216293334961
C05 899.999 81.7219009399414
C05 919.999 73.18367767333984
C05 925.012 70.26377868652344
C05 949.965 57.675567626953125
C05 975.002 43.02381896972656
C05 999.976 26.033523559570312
C05 1025.028 11.041121482849121
C05 1050.014 3.852492570877075
C05 1075.002 0.9403742506258931
C05 1099.99 0.09330306924303106
C06 319.994 50.584442138671875
C06 324.969 57.12158966064453
C06 349.982 82.57073974609375
C06 374.975 82.59593963623047
C06 400.019 86.26129913330078
C06 424.965 87.69200897216797
C06 450.035 88.82318115234375
C06 475.003 91.5394515991211
C06 500.018 92.86741638183594
C06 525.002 95.30406188964844
C06 550.029 96.13744354248047
C06 575.023 97.70067596435547
C06 599.982 97.92401885986328
C06 619.997 98.47472381591797
C06 624.979 99.32695770263672
C06 650.012 99.21033477783203
C06 675.004 98.19921875
C06 700.03 98.18089294433594
C06 725.012 97.54270935058594
C06 750.022 98.60527801513672
C06 774.987 98.10891723632812
C06 799.976 97.58613586425781
C06 824.988 96.78477478027344
C06 850.022 93.84300231933594
C06 869.967 90.62665557861328
C06 875.002 89.44642639160156
C06 899.999 81.6165771484375
C06 919.999 73.11626434326172
C06 925.012 70.18276977539062
C06 949.965 57.579124450683594
C06 975.002 42.94916534423828
C06 999.976 25.986345291137695
C06 1025.028 11.020082473754883
C06 1050.014 3.864217519760132
C06 1075.002 0.9394076141290943
C06 1099.99 0.09320716045784938
C07 319.994 50.55479431152344
C07 324.969 57.0861701965332
C07 349.982 82.47691345214844
C07 374.975 82.4269790649414
C07 400.019 86.03458404541016
C07 424.965 87.44047546386719
C07 450.035 88.56237030029297
C07 475.003 91.26565551757812
C07 500.018 92.58075714111328
C07 525.002 95.01255798339844
C07 550.029 95.8388671875
C07 575.023 97.39302062988281
C07 599.982 97.61233520507812
C07 619.997 98.16121673583984
C07 624.979 99.00574493408203
C07 650.012 98.8891372680664
C07 675.004 97.87760925292969
C07 700.03 97.8645248413086
C07 725.012 97.24580383300781
C07 750.022 98.32463073730469
C07 774.987 97.85309600830078
C07 799.976 97.3421859741211
C07 824.988 96.54803466796875
C07 850.022 93.62578582763672
C07 869.967 90.4273681640625
C07 875.002 89.25747680664062
C07 899.999 81.43734741210938
C07 919.999 72.85687255859375
C07 925.012 69.98250579833984
C07 949.965 57.424339294433594
C07 975.002 42.81525421142578
C07 999.976 26.014360427856445
C07 1025.028 11.015671730041504
C07 1050.014 3.870924234390259
C07 1075.002 0.9367339009475367
C07 1099.99 0.09294187709226505
C10 319.994 48.56963348388672
C10 324.969 54.85626220703125
C10 349.982 79.44245910644531
C10 374.975 80.20680236816406
C10 400.019 85.0822525024414
C10 424.965 87.04916381835938
C10 450.035 88.46363830566406
C10 475.003 91.3392333984375
C10 500.018 92.77559661865234
C10 525.002 95.2975082397461
C10 550.029 96.1883316040039
C10 575.023 97.80072784423828
C10 599.982 98.06245422363281
C10 619.997 98.63934326171875
C10 624.979 99.49774932861328
C10 650.012 99.41059875488281
C10 675.004 98.39852142333984
C10 700.03 98.29808807373047
C10 725.012 97.37821197509766
C10 750.022 98.0769271850586
C10 774.987 97.25057983398438
C10 799.976 96.5896987915039
C10 824.988 95.82637023925781
C10 850.022 92.88832092285156
C10 869.967 89.60575103759766
C10 875.002 88.42259979248047
C10 899.999 81.17936706542969
C10 919.999 73.24346923828125
C10 925.012 70.36319732666016
C10 949.965 57.17123031616211
C10 975.002 42.32508850097656
C10 999.976 25.724729537963867
C10 1025.028 10.963892936706543
C10 1050.014 3.8999745845794678
C10 1075.002 0.9343740497595552
C10 1099.99 0.09270773482534425
C11 319.994 48.9434814453125
C11 324.969 55.27320861816406
C11 349.982 79.98486328125
C11 374.975 80.63208770751953
C11 400.019 85.35331726074219
C11 424.965 87.256591796875
C11 450.035 88.63585662841797
C11 475.003 91.49533081054688
C11 500.018 92.92070007324219
C11 525.002 95.43181610107422
C11 550.029 96.31494903564453
C11 575.023 97.91738891601562
C11 599.982 98.17335510253906
C11 619.997 98.7457046508789
C11 624.979 99.60569763183594
C11 650.012 99.51094055175781
C11 675.004 98.49687957763672
C11 700.03 98.3848876953125
C11 725.012 97.45620727539062
C11 750.022 98.13949584960938
C11 774.987 97.29031372070312
C11 799.976 96.63189697265625
C11 824.988 95.86841583251953
C11 850.022 92.926025390625
C11 869.967 89.66605377197266
C11 875.002 88.49213409423828
C11 899.999 81.18260192871094
C11 919.999 73.2775650024414
C11 925.012 70.41402435302734
C11 949.965 57.18037033081055
C11 975.002 42.39701843261719
C11 999.976 25.725337982177734
C11 1025.028 10.938533782958984
C11 1050.014 3.8823304176330566
C11 1075.002 0.9349701386918257
C11 1099.99 0.09276687822158848
C12 319.994 49.19447326660156
C12 324.969 55.55183029174805
C12 349.982 80.3163070678711
C12 374.975 80.85745239257812
C12 400.019 85.4463119506836
C12 424.965 87.29120635986328
C12 450.035 88.64204406738281
C12 475.003 91.4869384765625
C12 500.018 92.89604187011719
C12 525.002 95.39826965332031
C12 550.029 96.2756118774414
C12 575.023 97.87454986572266
C12 599.982 98.12374877929688
C12 619.997 98.69306945800781
C12 624.979 99.54525756835938
C12 650.012 99.45021057128906
C12 675.004 98.43063354492188
C12 700.03 98.31330108642578
C12 725.012 97.37481689453125
C12 750.022 98.04974365234375
C12 774.987 97.1912841796875
C12 799.976 96.52635955810547
C12 824.988 95.76665496826172
C12 850.022 92.8194580078125
C12 869.967 89.56031799316406
C12 875.002 88.38825225830078
C12 899.999 81.11461639404297
C12 919.999 73.22047424316406
C12 925.012 70.3333511352539
C12 949.965 57.138092041015625
C12 975.002 42.321353912353516
C12 999.976 25.705059051513672
C12 1025.028 10.927470207214355
C12 1050.014 3.8636069297790527
C12 1075.002 0.9341150741038305
C12 1099.99 0.0926820394986993
C13 319.994 49.33652877807617
C13 324.969 55.7097282409668
C13 349.982 80.49227905273438
C13 374.975 80.95643615722656
C13 400.019 85.4808120727539
C13 424.965 87.30034637451172
C13 450.035 88.64116668701172
C13 475.003 91.47702026367188
C13 500.018 92.88479614257812
C13 525.002 95.37705993652344
C13 550.029 96.24901580810547
C13 575.023 97.84088134765625
C13 599.982 98.0848388671875
C13 619.997 98.6505355834961
C13 624.979 99.50364685058594
C13 650.012 99.4017105102539
C13 675.004 98.37759399414062
C13 700.03 98.25995635986328
C13 725.012 97.31998443603516
C13 750.022 97.9876480102539
C13 774.987 97.13154602050781
C13 799.976 96.4632797241211
C13 824.988 95.7024154663086
C13 850.022 92.76384735107422
C13 869.967 89.48884582519531
C13 875.002 88.30176544189453
C13 899.999 81.0645980834961
C13 919.999 73.20345306396484
C13 925.012 70.306884765625
C13 949.965 57.05043411254883
C13 975.002 42.246910095214844
C13 999.976 25.716873168945312
C13 1025.028 10.916799545288086
C13 1050.014 3.8603081703186035
C13 1075.002 0.933523492133553
C13 1099.99 0.09262334327908356
C14 319.994 49.68560791015625
C14 324.969 56.10346984863281
C14 349.982 81.01409149169922
C14 374.975 81.3783950805664
C14 400.019 85.78106689453125
C14 424.965 87.5461196899414
C14 450.035 88.85839080810547
C14 475.003 91.68180847167969
C14 500.018 93.07689666748047
C14 525.002 95.56680297851562
C14 550.029 96.4308090209961
C14 575.023 98.02049255371094
C14 599.982 98.26183319091797
C14 619.997 98.82290649414062
C14 624.979 99.67784881591797
C14 650.012 99.57054901123047
C14 675.004 98.5410385131836
C14 700.03 98.41865539550781
C14 725.012 97.47814178466797
C14 750.022 98.1532974243164
C14 774.987 97.29618835449219
C14 799.976 96.63694763183594
C14 824.988 95.8738784790039
C14 850.022 92.91715240478516
C14 869.967 89.68203735351562
C14 875.002 88.50194549560547
C14 899.999 81.23604583740234
C14 919.999 73.31752014160156
C14 925.012 70.318603515625
C14 949.965 57.321598052978516
C14 975.002 42.196006774902344
C14 999.976 25.818666458129883
C14 1025.028 10.925093650817871
C14 1050.014 3.847600221633911
C14 1075.002 0.935101625795073
C14 1099.99 0.09277992425117797
C15 319.994 50.113590240478516
C15 324.969 56.58342361450195
C15 349.982 81.65763092041016
C15 374.975 81.93362426757812
C15 400.019 86.25749206542969
C15 424.965 87.98515319824219
C15 450.035 89.28048706054688
C15 475.003 92.10575103759766
C15 500.018 93.4958724975586
C15 525.002 95.99057006835938
C15 550.029 96.85216522216797
C15 575.023 98.4429702758789
C15 599.982 98.6802749633789
C15 619.997 99.23880004882812
C15 624.979 100.09674072265625
C15 650.012 99.98585510253906
C15 675.004 98.95098114013672
C15 700.03 98.82994079589844
C15 725.012 97.89229583740234
C15 750.022 98.57776641845703
C15 774.987 97.73090362548828
C15 799.976 97.07066345214844
C15 824.988 96.30619049072266
C15 850.022 93.34449005126953
C15 869.967 90.09918212890625
C15 875.002 88.9065170288086
C15 899.999 81.62671661376953
C15 919.999 73.63349914550781
C15 925.012 70.62661743164062
C15 949.965 57.56201171875
C15 975.002 42.34538650512695
C15 999.976 25.996559143066406
C15 1025.028 10.952679634094238
C15 1050.014 3.8603968620300293
C15 1075.002 0.9391455208137102
C15 1099.99 0.09318115579987714
C16 319.994 49.94499969482422
C16 324.969 56.39196014404297
C16 349.982 81.32225036621094
C16 374.975 81.53942108154297
C16 400.019 85.76889038085938
C16 424.965 87.462890625
C16 450.035 88.7376708984375
C16 475.003 91.53590393066406
C16 500.018 92.91187286376953
C16 525.002 95.3830795288086
C16 550.029 96.23379516601562
C16 575.023 97.8095703125
C16 599.982 98.04185485839844
C16 619.997 98.59646606445312
C16 624.979 99.44486236572266
C16 650.012 99.32817077636719
C16 675.004 98.29905700683594
C16 700.03 98.17904663085938
C16 725.012 97.26069641113281
C16 750.022 97.96487426757812
C16 774.987 97.14527893066406
C16 799.976 96.49565887451172
C16 824.988 95.74248504638672
C16 850.022 92.81977081298828
C16 869.967 89.54379272460938
C16 875.002 88.36869812011719
C16 899.999 81.15069580078125
C16 919.999 73.26839447021484
C16 925.012 70.32950592041016
C16 949.965 57.03085708618164
C16 975.002 42.271385192871094
C16 999.976 25.694541931152344
C16 1025.028 10.924996376037598
C16 1050.014 3.8791098594665527
C16 1075.002 0.933306527001278
C16 1099.99 0.092601816197981
C17 319.994 50.12910842895508
C17 324.969 56.5984992980957
C17 349.982 81.61141967773438
C17 374.975 81.77338409423828
C17 400.019 85.9388656616211
C17 424.965 87.60145568847656
C17 450.035 88.86103057861328
C17 475.003 91.65409851074219
C17 500.018 93.02557373046875
C17 525.002 95.4975814819336
C17 550.029 96.34329986572266
C17 575.023 97.91576385498047
C17 599.982 98.14300537109375
C17 619.997 98.69721984863281
C17 624.979 99.54601287841797
C17 650.012 99.43162536621094
C17 675.004 98.39916229248047
C17 700.03 98.2869873046875
C17 725.012 97.38414001464844
C17 750.022 98.11781311035156
C17 774.987 97.3218002319336
C17 799.976 96.68560028076172
C17 824.988 95.93739318847656
C17 850.022 93.00355529785156
C17 869.967 89.76187133789062
C17 875.002 88.57672119140625
C17 899.999 81.3841323852539
C17 919.999 73.37332153320312
C17 925.012 70.39888763427734
C17 949.965 57.179405212402344
C17 975.002 42.315975189208984
C17 999.976 25.820770263671875
C17 1025.028 10.99787425994873
C17 1050.014 3.9164304733276367
C17 1075.002 0.9347635671896899
C17 1099.99 0.09274638238691991
