lsstCam/transmission_sensor/r23_s01/19700101T000000.ecsv
# %ECSV 1.0
# ---
# datatype:
# - {name: amp_name, datatype: string}
# - {name: wavelength, unit: nm, datatype: float32}
# - {name: efficiency, unit: '%', datatype: float64}
# meta: !!omap
# - {MODE: AMP}
# - {TYPE: transmission_sensor}
# - {CALIBDATE: '1970-01-01T00:00:00'}
# - {INSTRUME: LSSTCam}
# - {OBSTYPE: transmission_sensor}
# - {DETECTOR: 100}
# - {PARQUETFILE: qe_raft_allvalues_nircorrected_20230725_adjust.parquet}
# - {CORRFILE: qe_corr_factor_bydetnum.parquet}
# - {CALIBCLS: lsst.ip.isr.IntermediateSensorTransmissionCurve}
# - {CALIB_ID: 'raftName=R23 detectorName=S01 detector=100 calibDate=1970-01-01T00:00:00 ccd=100 ccdnum=100 filter=None'}
# - {DATE: '2025-03-03T21:56:47.938750'}
# - {CALIB_CREATION_DATE: '2025-03-03'}
# - {CALIB_CREATION_TIME: '21:56:47'}
# - __serialized_columns__:
#     efficiency:
#       __class__: astropy.units.quantity.Quantity
#       unit: !astropy.units.Unit {unit: '%'}
#       value: !astropy.table.SerializedColumn {name: efficiency}
#     wavelength:
#       __class__: astropy.units.quantity.Quantity
#       unit: !astropy.units.Unit {unit: nm}
#       value: !astropy.table.SerializedColumn {name: wavelength}
# schema: astropy-2.0
amp_name wavelength efficiency
C00 319.994 49.07799314234754
C00 324.969 55.44565327919637
C00 349.982 80.67633986368988
C00 374.975 81.33426978180944
C00 400.019 85.49724560212094
C00 424.965 87.11050553805808
C00 450.035 88.32628092959213
C00 475.003 91.08238331313613
C00 500.018 92.444398412007
C00 525.002 94.91565797887645
C00 550.029 95.78453651964561
C00 575.023 97.3807685967077
C00 599.982 97.64415112350075
C00 619.997 98.22307543834523
C00 624.979 99.07632985054089
C00 650.012 98.9936394552243
C00 675.004 98.01007462302655
C00 700.03 98.00967028766796
C00 725.012 97.36659397224989
C00 750.022 98.40536202434897
C00 774.987 97.8939464564513
C00 799.976 97.35509711592162
C00 824.988 96.56635326584399
C00 850.022 93.59113926278823
C00 869.967 90.391290266643
C00 875.002 89.2252557531848
C00 899.999 81.46541938840484
C00 919.999 72.88310387249642
C00 925.012 69.97850360678271
C00 949.965 57.543203983644865
C00 975.002 42.88838169920626
C00 999.976 26.01717988870729
C00 1025.028 11.03411072191886
C00 1050.014 3.87902440098705
C00 1075.002 0.9375030248347552
C00 1099.99 0.09301818885777528
C01 319.994 49.384357280655834
C01 324.969 55.781758953268266
C01 349.982 81.05475961448688
C01 374.975 81.60237464043209
C01 400.019 85.63214103251009
C01 424.965 87.1935621238881
C01 450.035 88.38332273102972
C01 475.003 91.12039083684378
C01 500.018 92.46886451568633
C01 525.002 94.9282686646831
C01 550.029 95.78761099416472
C01 575.023 97.3724377625269
C01 599.982 97.62660449473167
C01 619.997 98.20118792619806
C01 624.979 99.05209261593245
C01 650.012 98.96333719023698
C01 675.004 97.97286814106705
C01 700.03 97.96842808109157
C01 725.012 97.32178903713647
C01 750.022 98.34881610589834
C01 774.987 97.82725400919071
C01 799.976 97.29115872648086
C01 824.988 96.51019642481387
C01 850.022 93.54579267087368
C01 869.967 90.35027692913751
C01 875.002 89.19602917283072
C01 899.999 81.47805296111858
C01 919.999 72.90239753517339
C01 925.012 70.00244331159897
C01 949.965 57.55718406939241
C01 975.002 42.9635156006986
C01 999.976 26.03882899557228
C01 1025.028 11.03205090028075
C01 1050.014 3.8663753319299636
C01 1075.002 0.936964314907564
C01 1099.99 0.092964738553702
C02 319.994 49.76371158015902
C02 324.969 56.2018366894538
C02 349.982 81.55434265141898
C02 374.975 81.982800810084
C02 400.019 85.91558011888311
C02 424.965 87.43945905366431
C02 450.035 88.6109025061648
C02 475.003 91.34404932189743
C02 500.018 92.68296390254534
C02 525.002 95.13943852743458
C02 550.029 95.9889547448055
C02 575.023 97.56843360587762
C02 599.982 97.81718377007105
C02 619.997 98.38203263705512
C02 624.979 99.23413507492724
C02 650.012 99.13994019431334
C02 675.004 98.14129289034322
C02 700.03 98.13206946678591
C02 725.012 97.48089118625792
C02 750.022 98.50620936595706
C02 774.987 97.98301466987701
C02 799.976 97.44592762119326
C02 824.988 96.66509501199977
C02 850.022 93.70554328236268
C02 869.967 90.5139106858628
C02 875.002 89.35776331626754
C02 899.999 81.6303119250201
C02 919.999 73.09613520369122
C02 925.012 70.18910892582596
C02 949.965 57.699967853758615
C02 975.002 43.07265181715782
C02 999.976 26.09992940853386
C02 1025.028 11.055145696776934
C02 1050.014 3.862195372117349
C02 1075.002 0.9384637927985088
C02 1099.99 0.09311351537249953
C03 319.994 50.003032338631336
C03 324.969 56.47139105219216
C03 349.982 81.88034375601059
C03 374.975 82.23607495291226
C03 400.019 86.12965661883503
C03 424.965 87.63802585957815
C03 450.035 88.80632617683828
C03 475.003 91.5413268320452
C03 500.018 92.88377362535401
C03 525.002 95.33515972790022
C03 550.029 96.1850955385678
C03 575.023 97.76658844746385
C03 599.982 98.00675602149849
C03 619.997 98.57353501764716
C03 624.979 99.42514157253231
C03 650.012 99.32716272327953
C03 675.004 98.32379308747981
C03 700.03 98.3066736809764
C03 725.012 97.6513986440793
C03 750.022 98.67838756799601
C03 774.987 98.1561464930447
C03 799.976 97.61921965271058
C03 824.988 96.83612123971518
C03 850.022 93.86508028271886
C03 869.967 90.67785723031834
C03 875.002 89.51551513787068
C03 899.999 81.77437737618335
C03 919.999 73.19293156274435
C03 925.012 70.27564432153369
C03 949.965 57.7691206435314
C03 975.002 43.14848376931641
C03 999.976 26.13339197394187
C03 1025.028 11.074109406543354
C03 1050.014 3.8607782911200195
C03 1075.002 0.9401041260305597
C03 1099.99 0.09327626772884044
C04 319.994 50.17456970727175
C04 324.969 56.663602926903984
C04 349.982 82.08645561229514
C04 374.975 82.3287364107511
C04 400.019 86.12373653886772
C04 424.965 87.59782882175888
C04 450.035 88.74511895831027
C04 475.003 91.47119371975205
C04 500.018 92.80202922219715
C04 525.002 95.25301098938476
C04 550.029 96.09637062874845
C04 575.023 97.66914362604317
C04 599.982 97.90777014833374
C04 619.997 98.46480695103104
C04 624.979 99.3167949543677
C04 650.012 99.21111084639458
C04 675.004 98.20616201400564
C04 700.03 98.18774568276713
C04 725.012 97.53579687636712
C04 750.022 98.5692780529284
C04 774.987 98.04908917064617
C04 799.976 97.51567165606588
C04 824.988 96.72704224052369
C04 850.022 93.76806268356385
C04 869.967 90.55804427170158
C04 875.002 89.38611256518315
C04 899.999 81.62838942482453
C04 919.999 73.12024274582615
C04 925.012 70.20567141759017
C04 949.965 57.65763851909544
C04 975.002 43.01304668212613
C04 999.976 26.04757560856522
C04 1025.028 11.046209313179373
C04 1050.014 3.8581894481607324
C04 1075.002 0.9390646448997118
C04 1099.99 0.09317313136598938
C05 319.994 50.47969795259718
C05 324.969 57.00718499062532
C05 349.982 82.48847176430206
C05 374.975 82.60745316529454
C05 400.019 86.322669535295
C05 424.965 87.7646133426936
C05 450.035 88.90367182166158
C05 475.003 91.62243803077257
C05 500.018 92.9531285828061
C05 525.002 95.3988768772391
C05 550.029 96.23816264714074
C05 575.023 97.80902077320891
C05 599.982 98.0390647053407
C05 619.997 98.59560562505105
C05 624.979 99.4439317232533
C05 650.012 99.33550881539838
C05 675.004 98.32307596439098
C05 700.03 98.30691017901633
C05 725.012 97.65931751393246
C05 750.022 98.70123633024097
C05 774.987 98.19281131820307
C05 799.976 97.6619418792788
C05 824.988 96.86732372304803
C05 850.022 93.90190531622686
C05 869.967 90.68685178480474
C05 875.002 89.5166365963181
C05 899.999 81.71734320371478
C05 919.999 73.17959612487985
C05 925.012 70.25985998461053
C05 949.965 57.672350985869876
C05 975.002 43.0214194756366
C05 999.976 26.032071636253924
C05 1025.028 11.040505705208291
C05 1050.014 3.852277712378299
C05 1075.002 0.9403218047363656
C05 1099.99 0.0932978656100532
C06 319.994 50.581620978838494
C06 324.969 57.118403915629735
C06 349.982 82.56613466902785
C06 374.975 82.59133315373407
C06 400.019 86.25648822895943
C06 424.965 87.68711827528645
C06 450.035 88.81822736852514
C06 475.003 91.53434632538271
C06 500.018 92.86223704578222
C06 525.002 95.29874665871985
C06 550.029 96.13208183277806
C06 575.023 97.69522707115686
C06 599.982 97.91855751054221
C06 619.997 98.46923175306847
C06 624.979 99.3214181095999
C06 650.012 99.20480168900673
C06 675.004 98.19374205242474
C06 700.03 98.17541726881458
C06 725.012 97.53726926738992
C06 750.022 98.59977867111049
C06 774.987 98.1034455749852
C06 799.976 97.58069335910889
C06 824.988 96.77937696806976
C06 850.022 93.83776857359132
C06 869.967 90.62160121269083
C06 875.002 89.441437848589
C06 899.999 81.61202528625509
C06 919.999 73.11218655453042
C06 925.012 70.17885559144959
C06 949.965 57.575913188361156
C06 975.002 42.946770013677664
C06 999.976 25.984895999014423
C06 1025.028 11.01946786948683
C06 1050.014 3.8640020073457753
C06 1075.002 0.9393552221501359
C06 1099.99 0.09320196217382865
C07 319.994 50.55197480518776
C07 324.969 57.08298642690778
C07 349.982 82.47231360789644
C07 374.975 82.42238200559483
C07 400.019 86.02978578526279
C07 424.965 87.43559879533511
C07 450.035 88.55743106223326
C07 475.003 91.26056551380172
C07 500.018 92.57559379241657
C07 525.002 95.00725901002012
C07 550.029 95.8335221297875
C07 575.023 97.38758889502056
C07 599.982 97.60689123875804
C07 619.997 98.15574215768612
C07 624.979 99.00022325549722
C07 650.012 98.8836220928421
C07 675.004 97.87215049193249
C07 700.03 97.85906681004597
C07 725.012 97.24038030861692
C07 750.022 98.31914704534051
C07 774.987 97.84763861443898
C07 799.976 97.33675707437341
C07 824.988 96.54265005906765
C07 850.022 93.62056419633709
C07 869.967 90.42232491265719
C07 875.002 89.25249880159106
C07 899.999 81.43280554580143
C07 919.999 72.85280923647814
C07 925.012 69.9786027833801
C07 949.965 57.42113666467973
C07 975.002 42.81286634926243
C07 999.976 26.012909573292724
C07 1025.028 11.01505737176634
C07 1050.014 3.8707083479337436
C07 1075.002 0.9366816580850242
C07 1099.99 0.0929366936034411
C10 319.994 48.56692469254073
C10 324.969 54.85320280226163
C10 349.982 79.4380284976411
C10 374.975 80.2023291309465
C10 400.019 85.07750735505725
C10 424.965 87.04430897378442
C10 450.035 88.45870457401554
C10 475.003 91.33413929112741
C10 500.018 92.7704224035057
C10 525.002 95.29219337432305
C10 550.029 96.18296705620841
C10 575.023 97.79527337101679
C10 599.982 98.05698515359227
C10 619.997 98.63384201782961
C10 624.979 99.49220021030635
C10 650.012 99.40505449707622
C10 675.004 98.39303361039644
C10 700.03 98.29260586208501
C10 725.012 97.37278106613324
C10 750.022 98.07145730784225
C10 774.987 97.24515604322973
C10 799.976 96.5843118589407
C10 824.988 95.8210258785163
C10 850.022 92.88314042092452
C10 869.967 89.60075360884329
C10 875.002 88.41766834960296
C10 899.999 81.1748395870197
C10 919.999 73.23938435516826
C10 925.012 70.35927308004096
C10 949.965 57.168041802623684
C10 975.002 42.32272797598954
C10 999.976 25.72329483648988
C10 1025.028 10.963281466201725
C10 1050.014 3.8997570779473087
C10 1075.002 0.9343219385089989
C10 1099.99 0.09270256439493768
C11 319.994 48.940751803981655
C11 324.969 55.27012595975324
C11 349.982 79.98040242186266
C11 374.975 80.62759075158793
C11 400.019 85.34855699572549
C11 424.965 87.25172538377312
C11 450.035 88.6309132919306
C11 475.003 91.490227997482
C11 500.018 92.915517765488
C11 525.002 95.42649374512784
C11 550.029 96.30957742623094
C11 575.023 97.91192793645511
C11 599.982 98.1678798474129
C11 619.997 98.74019747507738
C11 624.979 99.60014249311237
C11 650.012 99.50539069775928
C11 675.004 98.4913862791317
C11 700.03 98.37940064273975
C11 725.012 97.45077201652734
C11 750.022 98.1340224828576
C11 774.987 97.28488771393818
C11 799.976 96.62650768664584
C11 824.988 95.86306912684084
C11 850.022 92.92084278587097
C11 869.967 89.66105298005672
C11 875.002 88.48719877334273
C11 899.999 81.17807426988844
C11 919.999 73.2734782177635
C11 925.012 70.41009727171908
C11 949.965 57.17718130752167
C11 975.002 42.39465389600474
C11 999.976 25.72390324677003
C11 1025.028 10.937923726767004
C11 1050.014 3.8821138950389336
C11 1075.002 0.9349179941966179
C11 1099.99 0.09276170449267813
C12 319.994 49.19172962713187
C12 324.969 55.548732094245736
C12 349.982 80.31182772343463
C12 374.975 80.85294286776625
C12 400.019 85.44154649923263
C12 424.965 87.2863380162624
C12 450.035 88.63710038581397
C12 475.003 91.48183613154896
C12 500.018 92.89086093758291
C12 525.002 95.39294916830276
C12 550.029 96.27024246191206
C12 575.023 97.86909127535144
C12 599.982 98.11827629077959
C12 619.997 98.68756521773915
C12 624.979 99.5397058004564
C12 650.012 99.44466410428018
C12 675.004 98.42514394104387
C12 700.03 98.3078180263309
C12 725.012 97.36938617491488
C12 750.022 98.04427529118823
C12 774.987 97.18586369592828
C12 799.976 96.52097615805332
C12 824.988 95.76131393791817
C12 850.022 92.8142813464594
C12 869.967 89.55532309826941
C12 875.002 88.38332273102972
C12 899.999 81.11009252686176
C12 919.999 73.21639064251173
C12 925.012 70.32942855319546
C12 949.965 57.13490537564171
C12 975.002 42.31899359564933
C12 999.976 25.703625447088186
C12 1025.028 10.92686076805232
C12 1050.014 3.86339145141809
C12 1075.002 0.934062977296682
C12 1099.99 0.09267687050135437
C13 319.994 49.33377721598667
C13 324.969 55.706621237291415
C13 349.982 80.48778989411248
C13 374.975 80.95192111196197
C13 400.019 85.47604469718647
C13 424.965 87.2954775211604
C13 450.035 88.6362230543755
C13 475.003 91.47191847180991
C13 500.018 92.87961583723265
C13 525.002 95.37174063439926
C13 550.029 96.24364787587335
C13 575.023 97.83542463502188
C13 599.982 98.07936854872639
C13 619.997 98.64503371539668
C13 624.979 99.49809740336657
C13 650.012 99.39616674815622
C13 675.004 98.37210734834704
C13 700.03 98.25447627487287
C13 725.012 97.314556774496
C13 750.022 97.98218311225274
C13 774.987 97.12612886842307
C13 799.976 96.45789984211295
C13 824.988 95.69707801868526
C13 850.022 92.75867379119944
C13 869.967 89.48385491639601
C13 875.002 88.2968407381052
C13 899.999 81.06007700590082
C13 919.999 73.1993704126057
C13 925.012 70.30296365963025
C13 949.965 57.04725233597108
C13 975.002 42.244553930338725
C13 999.976 25.7154389056312
C13 1025.028 10.916190701242682
C13 1050.014 3.8600928759337267
C13 1075.002 0.9334714283196969
C13 1099.99 0.0926181775553028
C14 319.994 49.68283687947158
C14 324.969 56.10034088547817
C14 349.982 81.00957323092197
C14 374.975 81.37385650210632
C14 400.019 85.77628277336365
C14 424.965 87.54123712949405
C14 450.035 88.85343506059877
C14 475.003 91.6766952585142
C14 500.018 93.07170564843999
C14 525.002 95.56147309417632
C14 550.029 96.42543094992111
C14 575.023 98.01502582392705
C14 599.982 98.25635300125427
C14 619.997 98.81739501269234
C14 624.979 99.67228965322944
C14 650.012 99.56499583279098
C14 675.004 98.53554275187756
C14 700.03 98.41316645966671
C14 725.012 97.47270530248869
C14 750.022 98.14782328783294
C14 774.987 97.29076202009131
C14 799.976 96.63155806414372
C14 824.988 95.86853146866635
C14 850.022 92.91197029488904
C14 869.967 89.67703567017465
C14 875.002 88.49700962751535
C14 899.999 81.23151519794385
C14 919.999 73.31343112857381
C14 925.012 70.3146817560604
C14 949.965 57.318401153236714
C14 975.002 42.19365344897031
C14 999.976 25.817226517672232
C14 1025.028 10.924484344199463
C14 1050.014 3.8473856359877865
C14 1075.002 0.9350494739666593
C14 1099.99 0.09277474979467365
C15 319.994 50.11079534066514
C15 324.969 56.58026788370435
C15 349.982 81.65307676860573
C15 374.975 81.92905472326738
C15 400.019 86.25268137341344
C15 424.965 87.98024615232764
C15 450.035 89.27550777218566
C15 475.003 92.10061418060637
C15 500.018 93.49065811169359
C15 525.002 95.98521654998079
C15 550.029 96.84676365151208
C15 575.023 98.43747998396545
C15 599.982 98.67477143667577
C15 619.997 99.23326537245781
C15 624.979 100.09115819782372
C15 650.012 99.98027876194114
C15 675.004 98.9454625157996
C15 700.03 98.82442892213804
C15 725.012 97.88683625731531
C15 750.022 98.57226860878816
C15 774.987 97.72545304645388
C15 799.976 97.06524969556335
C15 824.988 96.30081936978445
C15 850.022 93.33928410819956
C15 869.967 90.09415718086105
C15 875.002 88.90155859724025
C15 899.999 81.62216418609601
C15 919.999 73.6293925099219
C15 925.012 70.62267849374112
C15 949.965 57.55880141082678
C15 975.002 42.343024848093954
C15 999.976 25.99510928130339
C15 1025.028 10.952068788969825
C15 1050.014 3.8601815626987013
C15 1075.002 0.9390931434520353
C15 1099.99 0.09317595896616986
C16 319.994 49.94221419752387
C16 324.969 56.38881509141102
C16 349.982 81.31771491901426
C16 374.975 81.53487352245432
C16 400.019 85.7641069387917
C16 424.965 87.45801270634536
C16 450.035 88.73272188363647
C16 475.003 91.53079885478375
C16 500.018 92.90669104832025
C16 525.002 95.37775989096396
C16 550.029 96.22842808265841
C16 575.023 97.8041153461226
C16 599.982 98.03638693721116
C16 619.997 98.5909672118808
C16 624.979 99.43931619699012
C16 650.012 99.32263111567568
C16 675.004 98.29357474115183
C16 700.03 98.17357105830932
C16 725.012 97.25527205616356
C16 750.022 97.95941063969808
C16 774.987 97.13986101267713
C16 799.976 96.49027718667644
C16 824.988 95.73714536403102
C16 850.022 92.81459413418962
C16 869.967 89.53879875135036
C16 875.002 88.36376968340574
C16 899.999 81.1461699214048
C16 919.999 73.26430819698939
C16 925.012 70.32558355280432
C16 949.965 57.027676401440004
C16 975.002 42.26902766298709
C16 999.976 25.693108913280277
C16 1025.028 10.92438707484433
C16 1050.014 3.8788935164871283
C16 1075.002 0.9332544752878482
C16 1099.99 0.09259665167479342
C17 319.994 50.126312663672245
C17 324.969 56.59534272650771
C17 349.982 81.60686810319079
C17 374.975 81.76882348672947
C17 400.019 85.93407273981192
C17 424.965 87.59657004186893
C17 450.035 88.85607468388316
C17 475.003 91.6489868429971
C17 500.018 93.02038557377492
C17 525.002 95.49225545816678
C17 550.029 96.33792667514656
C17 575.023 97.91030296605172
C17 599.982 98.13753180861141
C17 619.997 98.69171537689148
C17 624.979 99.54046106839037
C17 650.012 99.42607993572301
C17 675.004 98.39367444379496
C17 700.03 98.2815057121463
C17 725.012 97.37870877506958
C17 750.022 98.11234095287422
C17 774.987 97.31637246912514
C17 799.976 96.68020799964827
C17 824.988 95.93204263584141
C17 850.022 92.99836836915422
C17 869.967 89.75686520210498
C17 875.002 88.57178115297877
C17 899.999 81.3795934868169
C17 919.999 73.36922940805951
C17 925.012 70.39496139716348
C17 949.965 57.17621624293937
C17 975.002 42.31361517248315
C17 999.976 25.819330205882267
C17 1025.028 10.997260894261517
C17 1050.014 3.9162120489292556
C17 1075.002 0.9347114342152423
C17 1099.99 0.0927412098010888
