lsstCam/transmission_sensor/r23_s01/19700101T000000.ecsv
# %ECSV 0.9
# ---
# datatype:
# - {name: amp_name, datatype: string}
# - {name: wavelength, unit: nm, datatype: float32}
# - {name: efficiency, unit: '%', datatype: float32}
# meta: !!omap
# - {MODE: AMP}
# - {TYPE: transmission_sensor}
# - {CALIBDATE: '1970-01-01T00:00:00'}
# - {INSTRUME: LSSTCAM}
# - {OBSTYPE: transmission_sensor}
# - {DETECTOR: 100}
# - {CALIBCLS: lsst.ip.isr.IntermediateSensorTransmissionCurve}
# - {PICKLEFILE: RaftRun11852.p}
# - {CALIB_ID: 'raftName=R23 detectorName=S01 detector=100 calibDate=1970-01-01T00:00:00 ccd=100 ccdnum=100 filter=None'}
# - {DATE: '2020-07-23T19:15:59.046509'}
# - {CALIB_CREATION_DATE: '2020-07-23'}
# - {CALIB_CREATION_TIME: '19:15:59'}
# - __serialized_columns__:
#     efficiency:
#       __class__: astropy.units.quantity.Quantity
#       unit: !astropy.units.Unit {unit: '%'}
#       value: !astropy.table.SerializedColumn {name: efficiency}
#     wavelength:
#       __class__: astropy.units.quantity.Quantity
#       unit: !astropy.units.Unit {unit: nm}
#       value: !astropy.table.SerializedColumn {name: wavelength}
# schema: astropy-2.0
amp_name wavelength efficiency
C10 319.994 48.569633
C10 324.969 54.856262
C10 349.982 79.44246
C10 374.975 80.2068
C10 400.019 85.08225
C10 424.965 87.049164
C10 450.035 88.46364
C10 475.003 91.33923
C10 500.018 92.7756
C10 525.002 95.29751
C10 550.029 96.18833
C10 575.023 97.80073
C10 599.982 98.062454
C10 619.997 98.63934
C10 624.979 99.49775
C10 650.012 99.4106
C10 675.004 98.39852
C10 700.03 98.29809
C10 725.012 97.37821
C10 750.022 98.07693
C10 774.987 97.25058
C10 799.976 96.5897
C10 824.988 95.82637
C10 850.022 92.88832
C10 869.967 89.60575
C10 875.002 88.4226
C10 899.999 81.17937
C10 919.999 73.24347
C10 925.012 70.3632
C10 949.965 57.17123
C10 975.002 42.32509
C10 999.976 25.72473
C10 1025.028 10.963893
C10 1050.014 3.8999746
C10 1075.002 2.116627
C10 1099.99 1.6739056
C00 319.994 49.08073
C00 324.969 55.448746
C00 349.982 80.68084
C00 374.975 81.338806
C00 400.019 85.502014
C00 424.965 87.115364
C00 450.035 88.33121
C00 475.003 91.08746
C00 500.018 92.449554
C00 525.002 94.92095
C00 550.029 95.78988
C00 575.023 97.3862
C00 599.982 97.6496
C00 619.997 98.22855
C00 624.979 99.081856
C00 650.012 98.99916
C00 675.004 98.01554
C00 700.03 98.01514
C00 725.012 97.372025
C00 750.022 98.41085
C00 774.987 97.89941
C00 799.976 97.36053
C00 824.988 96.57174
C00 850.022 93.59636
C00 869.967 90.39633
C00 875.002 89.23023
C00 899.999 81.46996
C00 919.999 72.88717
C00 925.012 69.98241
C00 949.965 57.546413
C00 975.002 42.890774
C00 999.976 26.018631
C00 1025.028 11.034726
C00 1050.014 3.8792408
C00 1075.002 2.137538
C00 1099.99 1.6993903
C13 319.994 49.33653
C13 324.969 55.70973
C13 349.982 80.49228
C13 374.975 80.956436
C13 400.019 85.48081
C13 424.965 87.30035
C13 450.035 88.64117
C13 475.003 91.47702
C13 500.018 92.884796
C13 525.002 95.37706
C13 550.029 96.249016
C13 575.023 97.84088
C13 599.982 98.08484
C13 619.997 98.650536
C13 624.979 99.50365
C13 650.012 99.40171
C13 675.004 98.377594
C13 700.03 98.25996
C13 725.012 97.319984
C13 750.022 97.98765
C13 774.987 97.131546
C13 799.976 96.46328
C13 824.988 95.702415
C13 850.022 92.76385
C13 869.967 89.488846
C13 875.002 88.301765
C13 899.999 81.0646
C13 919.999 73.20345
C13 925.012 70.306885
C13 949.965 57.050434
C13 975.002 42.24691
C13 999.976 25.716873
C13 1025.028 10.9168
C13 1050.014 3.8603082
C13 1075.002 2.1075373
C13 1099.99 1.6729486
C03 319.994 50.00582
C03 324.969 56.47454
C03 349.982 81.88491
C03 374.975 82.24066
C03 400.019 86.13446
C03 424.965 87.642914
C03 450.035 88.81128
C03 475.003 91.54643
C03 500.018 92.888954
C03 525.002 95.34048
C03 550.029 96.19046
C03 575.023 97.77204
C03 599.982 98.01222
C03 619.997 98.57903
C03 624.979 99.43069
C03 650.012 99.3327
C03 675.004 98.32928
C03 700.03 98.31216
C03 725.012 97.656845
C03 750.022 98.68389
C03 774.987 98.16162
C03 799.976 97.624664
C03 824.988 96.84152
C03 850.022 93.870316
C03 869.967 90.682915
C03 875.002 89.52051
C03 899.999 81.77894
C03 919.999 73.197014
C03 925.012 70.279564
C03 949.965 57.772343
C03 975.002 43.15089
C03 999.976 26.13485
C03 1025.028 11.074727
C03 1050.014 3.8609936
C03 1075.002 2.1402073
C03 1099.99 1.7066493
C17 319.994 50.12911
C17 324.969 56.5985
C17 349.982 81.61142
C17 374.975 81.773384
C17 400.019 85.938866
C17 424.965 87.601456
C17 450.035 88.86103
C17 475.003 91.6541
C17 500.018 93.02557
C17 525.002 95.49758
C17 550.029 96.3433
C17 575.023 97.915764
C17 599.982 98.143005
C17 619.997 98.69722
C17 624.979 99.54601
C17 650.012 99.431625
C17 675.004 98.39916
C17 700.03 98.28699
C17 725.012 97.38414
C17 750.022 98.11781
C17 774.987 97.3218
C17 799.976 96.6856
C17 824.988 95.93739
C17 850.022 93.003555
C17 869.967 89.76187
C17 875.002 88.57672
C17 899.999 81.38413
C17 919.999 73.37332
C17 925.012 70.39889
C17 949.965 57.179405
C17 975.002 42.315975
C17 999.976 25.82077
C17 1025.028 10.997874
C17 1050.014 3.9164305
C17 1075.002 2.1356578
C17 1099.99 1.6812563
C04 319.994 50.17737
C04 324.969 56.666763
C04 349.982 82.091034
C04 374.975 82.33333
C04 400.019 86.12854
C04 424.965 87.602715
C04 450.035 88.75007
C04 475.003 91.476295
C04 500.018 92.807205
C04 525.002 95.25832
C04 550.029 96.10173
C04 575.023 97.67459
C04 599.982 97.91323
C04 619.997 98.4703
C04 624.979 99.322334
C04 650.012 99.216644
C04 675.004 98.21164
C04 700.03 98.19322
C04 725.012 97.54124
C04 750.022 98.574776
C04 774.987 98.05456
C04 799.976 97.52111
C04 824.988 96.73244
C04 850.022 93.77329
C04 869.967 90.563095
C04 875.002 89.3911
C04 899.999 81.63294
C04 919.999 73.12432
C04 925.012 70.20959
C04 949.965 57.660854
C04 975.002 43.015446
C04 999.976 26.049028
C04 1025.028 11.046825
C04 1050.014 3.8584046
C04 1075.002 2.1328907
C04 1099.99 1.7009519
C01 319.994 49.38711
C01 324.969 55.78487
C01 349.982 81.05928
C01 374.975 81.606926
C01 400.019 85.63692
C01 424.965 87.198425
C01 450.035 88.38825
C01 475.003 91.12547
C01 500.018 92.47402
C01 525.002 94.93356
C01 550.029 95.79295
C01 575.023 97.37787
C01 599.982 97.63205
C01 619.997 98.206665
C01 624.979 99.05762
C01 650.012 98.96886
C01 675.004 97.97833
C01 700.03 97.97389
C01 725.012 97.32722
C01 750.022 98.3543
C01 774.987 97.83271
C01 799.976 97.296585
C01 824.988 96.51558
C01 850.022 93.55101
C01 869.967 90.355316
C01 875.002 89.201004
C01 899.999 81.4826
C01 919.999 72.90646
C01 925.012 70.00635
C01 949.965 57.560394
C01 975.002 42.96591
C01 999.976 26.040281
C01 1025.028 11.032666
C01 1050.014 3.866591
C01 1075.002 2.138335
C01 1099.99 1.7028924
C14 319.994 49.685608
C14 324.969 56.10347
C14 349.982 81.01409
C14 374.975 81.378395
C14 400.019 85.78107
C14 424.965 87.54612
C14 450.035 88.85839
C14 475.003 91.68181
C14 500.018 93.0769
C14 525.002 95.5668
C14 550.029 96.43081
C14 575.023 98.02049
C14 599.982 98.26183
C14 619.997 98.82291
C14 624.979 99.67785
C14 650.012 99.57055
C14 675.004 98.54104
C14 700.03 98.418655
C14 725.012 97.47814
C14 750.022 98.1533
C14 774.987 97.29619
C14 799.976 96.63695
C14 824.988 95.87388
C14 850.022 92.91715
C14 869.967 89.68204
C14 875.002 88.501945
C14 899.999 81.236046
C14 919.999 73.31752
C14 925.012 70.3186
C14 949.965 57.321598
C14 975.002 42.196007
C14 999.976 25.818666
C14 1025.028 10.925094
C14 1050.014 3.8476002
C14 1075.002 2.1121638
C14 1099.99 1.6772412
C07 319.994 50.554794
C07 324.969 57.08617
C07 349.982 82.47691
C07 374.975 82.42698
C07 400.019 86.034584
C07 424.965 87.440475
C07 450.035 88.56237
C07 475.003 91.265656
C07 500.018 92.58076
C07 525.002 95.01256
C07 550.029 95.83887
C07 575.023 97.39302
C07 599.982 97.612335
C07 619.997 98.16122
C07 624.979 99.005745
C07 650.012 98.88914
C07 675.004 97.87761
C07 700.03 97.864525
C07 725.012 97.245804
C07 750.022 98.32463
C07 774.987 97.853096
C07 799.976 97.342186
C07 824.988 96.548035
C07 850.022 93.625786
C07 869.967 90.42737
C07 875.002 89.25748
C07 899.999 81.43735
C07 919.999 72.85687
C07 925.012 69.982506
C07 949.965 57.42434
C07 975.002 42.815254
C07 999.976 26.01436
C07 1025.028 11.015672
C07 1050.014 3.8709242
C07 1075.002 2.1375725
C07 1099.99 1.6956067
C05 319.994 50.482513
C05 324.969 57.010365
C05 349.982 82.49307
C05 374.975 82.61206
C05 400.019 86.327484
C05 424.965 87.76951
C05 450.035 88.90863
C05 475.003 91.62755
C05 500.018 92.95831
C05 525.002 95.4042
C05 550.029 96.24353
C05 575.023 97.814476
C05 599.982 98.04453
C05 619.997 98.601105
C05 624.979 99.44948
C05 650.012 99.34105
C05 675.004 98.32856
C05 700.03 98.31239
C05 725.012 97.664764
C05 750.022 98.70674
C05 774.987 98.19829
C05 799.976 97.66739
C05 824.988 96.87273
C05 850.022 93.90714
C05 869.967 90.69191
C05 875.002 89.52163
C05 899.999 81.7219
C05 919.999 73.18368
C05 925.012 70.26378
C05 949.965 57.675568
C05 975.002 43.02382
C05 999.976 26.033524
C05 1025.028 11.0411215
C05 1050.014 3.8524926
C05 1075.002 2.1318345
C05 1099.99 1.6999105
C02 319.994 49.766487
C02 324.969 56.20497
C02 349.982 81.55889
C02 374.975 81.98737
C02 400.019 85.92037
C02 424.965 87.444336
C02 450.035 88.615845
C02 475.003 91.349144
C02 500.018 92.68813
C02 525.002 95.144745
C02 550.029 95.99431
C02 575.023 97.573875
C02 599.982 97.82264
C02 619.997 98.38752
C02 624.979 99.23967
C02 650.012 99.14547
C02 675.004 98.14677
C02 700.03 98.13754
C02 725.012 97.48633
C02 750.022 98.5117
C02 774.987 97.98848
C02 799.976 97.45136
C02 824.988 96.67049
C02 850.022 93.71077
C02 869.967 90.51896
C02 875.002 89.36275
C02 899.999 81.634865
C02 919.999 73.10021
C02 925.012 70.19302
C02 949.965 57.703186
C02 975.002 43.075054
C02 999.976 26.101385
C02 1025.028 11.055762
C02 1050.014 3.8624108
C02 1075.002 2.1376894
C02 1099.99 1.7053041
C12 319.994 49.194473
C12 324.969 55.55183
C12 349.982 80.31631
C12 374.975 80.85745
C12 400.019 85.44631
C12 424.965 87.29121
C12 450.035 88.642044
C12 475.003 91.48694
C12 500.018 92.89604
C12 525.002 95.39827
C12 550.029 96.27561
C12 575.023 97.87455
C12 599.982 98.12375
C12 619.997 98.69307
C12 624.979 99.54526
C12 650.012 99.45021
C12 675.004 98.43063
C12 700.03 98.3133
C12 725.012 97.37482
C12 750.022 98.04974
C12 774.987 97.191284
C12 799.976 96.52636
C12 824.988 95.766655
C12 850.022 92.81946
C12 869.967 89.56032
C12 875.002 88.38825
C12 899.999 81.11462
C12 919.999 73.220474
C12 925.012 70.33335
C12 949.965 57.138092
C12 975.002 42.321354
C12 999.976 25.70506
C12 1025.028 10.92747
C12 1050.014 3.863607
C12 1075.002 2.1103275
C12 1099.99 1.6757795
C11 319.994 48.94348
C11 324.969 55.27321
C11 349.982 79.98486
C11 374.975 80.63209
C11 400.019 85.35332
C11 424.965 87.25659
C11 450.035 88.63586
C11 475.003 91.49533
C11 500.018 92.9207
C11 525.002 95.431816
C11 550.029 96.31495
C11 575.023 97.91739
C11 599.982 98.173355
C11 619.997 98.745705
C11 624.979 99.6057
C11 650.012 99.51094
C11 675.004 98.49688
C11 700.03 98.38489
C11 725.012 97.45621
C11 750.022 98.139496
C11 774.987 97.29031
C11 799.976 96.6319
C11 824.988 95.868416
C11 850.022 92.926025
C11 869.967 89.66605
C11 875.002 88.492134
C11 899.999 81.1826
C11 919.999 73.277565
C11 925.012 70.414024
C11 949.965 57.18037
C11 975.002 42.39702
C11 999.976 25.725338
C11 1025.028 10.938534
C11 1050.014 3.8823304
C11 1075.002 2.1202426
C11 1099.99 1.6786222
C15 319.994 50.11359
C15 324.969 56.583424
C15 349.982 81.65763
C15 374.975 81.933624
C15 400.019 86.25749
C15 424.965 87.98515
C15 450.035 89.28049
C15 475.003 92.10575
C15 500.018 93.49587
C15 525.002 95.99057
C15 550.029 96.852165
C15 575.023 98.44297
C15 599.982 98.680275
C15 619.997 99.2388
C15 624.979 100.09674
C15 650.012 99.985855
C15 675.004 98.95098
C15 700.03 98.82994
C15 725.012 97.892296
C15 750.022 98.57777
C15 774.987 97.7309
C15 799.976 97.07066
C15 824.988 96.30619
C15 850.022 93.34449
C15 869.967 90.09918
C15 875.002 88.90652
C15 899.999 81.62672
C15 919.999 73.6335
C15 925.012 70.62662
C15 949.965 57.56201
C15 975.002 42.345387
C15 999.976 25.99656
C15 1025.028 10.95268
C15 1050.014 3.8603969
C15 1075.002 2.1227436
C15 1099.99 1.6853034
C16 319.994 49.945
C16 324.969 56.39196
C16 349.982 81.32225
C16 374.975 81.53942
C16 400.019 85.76889
C16 424.965 87.46289
C16 450.035 88.73767
C16 475.003 91.535904
C16 500.018 92.91187
C16 525.002 95.38308
C16 550.029 96.233795
C16 575.023 97.80957
C16 599.982 98.041855
C16 619.997 98.596466
C16 624.979 99.44486
C16 650.012 99.32817
C16 675.004 98.29906
C16 700.03 98.17905
C16 725.012 97.2607
C16 750.022 97.964874
C16 774.987 97.14528
C16 799.976 96.49566
C16 824.988 95.742485
C16 850.022 92.81977
C16 869.967 89.54379
C16 875.002 88.3687
C16 899.999 81.150696
C16 919.999 73.268394
C16 925.012 70.329506
C16 949.965 57.030857
C16 975.002 42.271385
C16 999.976 25.694542
C16 1025.028 10.924996
C16 1050.014 3.8791099
C16 1075.002 2.1197844
C16 1099.99 1.6768259
C06 319.994 50.584442
C06 324.969 57.12159
C06 349.982 82.57074
C06 374.975 82.59594
C06 400.019 86.2613
C06 424.965 87.69201
C06 450.035 88.82318
C06 475.003 91.53945
C06 500.018 92.86742
C06 525.002 95.30406
C06 550.029 96.13744
C06 575.023 97.700676
C06 599.982 97.92402
C06 619.997 98.474724
C06 624.979 99.32696
C06 650.012 99.210335
C06 675.004 98.19922
C06 700.03 98.18089
C06 725.012 97.54271
C06 750.022 98.60528
C06 774.987 98.10892
C06 799.976 97.586136
C06 824.988 96.784775
C06 850.022 93.843
C06 869.967 90.626656
C06 875.002 89.44643
C06 899.999 81.61658
C06 919.999 73.116264
C06 925.012 70.18277
C06 949.965 57.579124
C06 975.002 42.949165
C06 999.976 25.986345
C06 1025.028 11.020082
C06 1050.014 3.8642175
C06 1075.002 2.1373382
C06 1099.99 1.699164
