lsstCam/transmission_filter_detector/r11_s20/i_39/19700101T000000.ecsv
# %ECSV 1.0
# ---
# datatype:
# - {name: wavelength, unit: nm, datatype: float32}
# - {name: efficiency, unit: '%', datatype: float64}
# meta: !!omap
# - {MODE: DETECTOR}
# - {TYPE: transmission_filter_detector}
# - {CALIBDATE: '1970-01-01T00:00:00'}
# - {INSTRUME: LSSTCam}
# - {OBSTYPE: transmission_filter_detector}
# - {CALIBCLS: lsst.ip.isr.IntermediateFilterDetectorTransmissionCurve}
# - {SOURCE: Materion (DM-46256)}
# - {DETECTOR: 42}
# - {FILTER: i_39}
# - {CALIB_ID: 'calibDate=1970-01-01T00:00:00 filter=i_39 detector=42'}
# - {DATE: '2025-04-02T15:59:46.673920'}
# - {CALIB_CREATION_DATE: '2025-04-02'}
# - {CALIB_CREATION_TIME: '15:59:46'}
# - __serialized_columns__:
#     efficiency:
#       __class__: astropy.units.quantity.Quantity
#       unit: !astropy.units.Unit {unit: '%'}
#       value: !astropy.table.SerializedColumn {name: efficiency}
#     wavelength:
#       __class__: astropy.units.quantity.Quantity
#       unit: !astropy.units.Unit {unit: nm}
#       value: !astropy.table.SerializedColumn {name: wavelength}
# schema: astropy-2.0
wavelength efficiency
[from data line 599]
899.0 1.597903558601954e-10
900.0 1.597903558601954e-10
901.0 1.597903558601954e-10
902.0 1.597903558601954e-10
903.0 1.597903558601954e-10
904.0 1.597903558601954e-10
905.0 1.597903558601954e-10
906.0 1.597903558601954e-10
907.0 0.00014803595149714965
908.0 0.000376967477677681
909.0 8.14001737126091e-05
910.0 1.597903558601954e-10
911.0 1.597903558601954e-10
912.0 0.00010342400855734013
913.0 8.408438816331909e-05
914.0 6.47447905066656e-05
915.0 1.597903558601954e-10
916.0 1.597903558601954e-10
917.0 1.597903558601954e-10
918.0 1.597903558601954e-10
919.0 1.597903558601954e-10
920.0 5.03298522858131e-06
921.0 1.597903558601954e-10
922.0 1.597903558601954e-10
923.0 1.597903558601954e-10
924.0 1.597903558601954e-10
925.0 0.000165459073286911
926.0 0.0004034829544252716
927.0 5.887110319235944e-05
928.0 1.597903558601954e-10
929.0 1.597903558601954e-10
930.0 0.00027168862288817763
931.0 0.0002180487172154244
932.0 0.00016440876606793609
933.0 0.00017381380530423485
934.0 0.00018321887864658493
935.0 1.597903558601954e-10
936.0 1.597903558601954e-10
937.0 1.597903558601954e-10
938.0 1.597903558601954e-10
939.0 1.597903558601954e-10
940.0 1.597903558601954e-10
941.0 1.597903558601954e-10
942.0 1.597903558601954e-10
943.0 1.597903558601954e-10
944.0 1.597903558601954e-10
945.0 1.597903558601954e-10
946.0 1.597903558601954e-10
947.0 1.597903558601954e-10
948.0 1.597903558601954e-10
949.0 1.597903558601954e-10
950.0 1.597903558601954e-10
951.0 1.597903558601954e-10
952.0 1.597903558601954e-10
953.0 1.597903558601954e-10
954.0 1.597903558601954e-10
955.0 8.794741006568074e-05
956.0 0.00024076255158433923
957.0 0.0001649641603762575
958.0 8.916573506212444e-05
959.0 7.106147563717968e-05
960.0 5.295723894960247e-05
961.0 8.405936569033656e-05
962.0 0.0001151615151684382
963.0 4.6535802766811685e-05
964.0 1.597903558601954e-10
965.0 1.597903558601954e-10
966.0 1.597903558601954e-10
967.0 1.597903558601954e-10
968.0 1.597903558601954e-10
969.0 1.597903558601954e-10
970.0 1.597903558601954e-10
971.0 1.597903558601954e-10
972.0 1.597903558601954e-10
973.0 1.597903558601954e-10
974.0 1.597903558601954e-10
975.0 1.597903558601954e-10
976.0 1.597903558601954e-10
977.0 1.597903558601954e-10
978.0 1.597903558601954e-10
979.0 1.597903558601954e-10
980.0 1.597903558601954e-10
981.0 1.597903558601954e-10
982.0 1.597903558601954e-10
983.0 1.597903558601954e-10
984.0 1.597903558601954e-10
985.0 6.14300404322421e-05
986.0 0.00021491489405889297
987.0 1.597903558601954e-10
988.0 1.597903558601954e-10
989.0 1.597903558601954e-10
990.0 1.597903558601954e-10
991.0 1.597903558601954e-10
992.0 1.597903558601954e-10
993.0 1.597903558601954e-10
994.0 1.484374934079824e-05
995.0 1.597903558601954e-10
996.0 1.597903558601954e-10
997.0 9.194815788760025e-05
998.0 0.00037116089970368193
999.0 0.00034996692193089984
1000.0 0.0003287728532086476
1001.0 0.00017549326685184496
1002.0 2.2213616546196135e-05
1003.0 7.079019610500836e-05
1004.0 0.00011936681403312832
1005.0 1.597903558601954e-10
1006.0 1.597903558601954e-10
1007.0 1.597903558601954e-10
1008.0 0.00018662461798157892
1009.0 0.00010558809435678995
1010.0 2.4551499677727406e-05
1011.0 0.0001445146608602954
1012.0 0.00026447778509464115
1013.0 0.0004149480901105562
1014.0 0.0005654184406012064
1015.0 0.0004734699814434862
1016.0 0.00038152156776050106
1017.0 0.0004404781520861434
1018.0 0.0004994348273612559
1019.0 0.00040794393498799764
1020.0 0.00031645292892790167
1021.0 0.00019523108676366974
1022.0 7.400923891509592e-05
1023.0 0.0005251496531855082
1024.0 0.0009762901754584163
1025.0 0.0006913564448041143
1026.0 0.00040642271414981224
1027.0 0.00040826348595146555
1028.0 0.0004101042122783838
1029.0 0.000784804615250323
1030.0 0.0011595050636969972
1031.0 0.0018196593373431824
1032.0 0.002479813338140957
1033.0 0.0025560089852660894
1034.0 0.0026322039047954604
1035.0 0.003171531716361642
1036.0 0.003710858800332062
1037.0 0.0037440546293510124
1038.0 0.003777250094572082
1039.0 0.0032245639886241406
1040.0 0.00267187824647408
1041.0 0.0021776537323603407
1042.0 0.0016834292182466015
1043.0 0.0025914367142831907
1044.0 0.00349944421031978
1045.0 0.003614992237999104
1046.0 0.003730540629476309
1047.0 0.0032452229788759723
1048.0 0.002759904964477755
1049.0 0.002404632505204063
1050.0 0.0020493598640314303
1051.0 0.0021531415768549778
1052.0 0.0022569234715774655
1053.0 0.0014040785572433379
1054.0 0.0005512334155355347
1055.0 0.0006431694600905757
1056.0 0.0007351055046456167
1057.0 0.0006713644324918278
1058.0 0.0006076235877117142
1059.0 0.0006935286364750937
1060.0 0.0007794340490363538
1061.0 0.001621745468582958
1062.0 0.002464056706230622
1063.0 0.0027503409000928514
1064.0 0.003036625093955081
1065.0 0.0033433247153880075
1066.0 0.003650024882517755
1067.0 0.004261252979631536
1068.0 0.004872481440543197
1069.0 0.004138292933930643
1070.0 0.003404104063520208
1071.0 0.003204975655535236
1072.0 0.0030058468837523833
1073.0 0.0030793060432188213
1074.0 0.0031527652026852593
1075.0 0.003374584048287943
1076.0 0.0035964021662948653
1077.0 0.00278576226264704
1078.0 0.0019751216314034536
1079.0 0.0021446467144414783
1080.0 0.0023141716155805625
1081.0 0.0013995343579153996
1082.0 0.0004848969638260314
1083.0 2.6480955739316414e-05
1084.0 1.597903558601954e-10
1085.0 0.0001788649342415738
1086.0 0.0007896653187344782
1087.0 0.0007312871730391635
1088.0 0.0006729090273438487
1089.0 1.597903558601954e-10
1090.0 1.597903558601954e-10
1091.0 1.597903558601954e-10
1092.0 1.597903558601954e-10
1093.0 1.597903558601954e-10
1094.0 0.00024005576051422395
1095.0 0.0002782761157504865
1096.0 0.0003164966074109543
1097.0 1.597903558601954e-10
1098.0 1.597903558601954e-10
1099.0 1.597903558601954e-10
1100.0 1.597903558601954e-10
