lsstCam/transmission_filter_detector/r11_s20/i_39/19700101T000000.ecsv
# %ECSV 1.0
# ---
# datatype:
# - {name: wavelength, unit: nm, datatype: float32}
# - {name: efficiency, unit: '%', datatype: float64}
# meta: !!omap
# - {MODE: DETECTOR}
# - {TYPE: transmission_filter_detector}
# - {CALIBDATE: '1970-01-01T00:00:00'}
# - {INSTRUME: LSSTCam}
# - {OBSTYPE: transmission_filter_detector}
# - {CALIBCLS: lsst.ip.isr.IntermediateFilterDetectorTransmissionCurve}
# - {SOURCE: Materion (DM-46256)}
# - {DETECTOR: 42}
# - {FILTER: i_39}
# - {CALIB_ID: 'calibDate=1970-01-01T00:00:00 filter=i_39 detector=42'}
# - {DATE: '2025-04-02T15:59:46.673920'}
# - {CALIB_CREATION_DATE: '2025-04-02'}
# - {CALIB_CREATION_TIME: '15:59:46'}
# - __serialized_columns__:
#     efficiency:
#       __class__: astropy.units.quantity.Quantity
#       unit: !astropy.units.Unit {unit: '%'}
#       value: !astropy.table.SerializedColumn {name: efficiency}
#     wavelength:
#       __class__: astropy.units.quantity.Quantity
#       unit: !astropy.units.Unit {unit: nm}
#       value: !astropy.table.SerializedColumn {name: wavelength}
# schema: astropy-2.0
wavelength efficiency
300.0 0.08713184506632388
301.0 0.053154490888118744
302.0 0.019177158537786454
303.0 0.030440484988503158
304.0 0.04170380998402834
305.0 0.035478462814353406
306.0 0.02925311855506152
307.0 0.011752943828469142
308.0 1.597903558601954e-10
309.0 1.597903558601954e-10
310.0 1.597903558601954e-10
311.0 1.597903558601954e-10
312.0 0.0042296793253626674
313.0 0.0010437226592330262
314.0 1.597903558601954e-10
315.0 1.597903558601954e-10
316.0 1.597903558601954e-10
317.0 1.597903558601954e-10
318.0 1.597903558601954e-10
319.0 1.597903558601954e-10
320.0 1.597903558601954e-10
321.0 1.597903558601954e-10
322.0 1.597903558601954e-10
323.0 1.597903558601954e-10
324.0 1.597903558601954e-10
325.0 1.597903558601954e-10
326.0 1.597903558601954e-10
327.0 1.597903558601954e-10
328.0 0.002587586459412705
329.0 0.0015313687981688417
330.0 0.00047515113692497835
331.0 0.00028346801173029235
332.0 9.178542654808552e-05
333.0 0.0014349206139741
334.0 0.002778056114038918
335.0 0.0019104330931440927
336.0 0.0010428107088955585
337.0 0.0018651235222932883
338.0 0.002687436244741548
339.0 0.00259219050349202
340.0 0.0024969454898382537
341.0 1.597903558601954e-10
342.0 1.597903558601954e-10
343.0 1.597903558601954e-10
344.0 1.597903558601954e-10
345.0 1.597903558601954e-10
346.0 1.597903558601954e-10
347.0 1.597903558601954e-10
348.0 1.597903558601954e-10
349.0 1.597903558601954e-10
350.0 0.0003380655243745423
351.0 4.7772488187547424e-05
352.0 1.597903558601954e-10
353.0 1.597903558601954e-10
354.0 1.597903558601954e-10
355.0 1.597903558601954e-10
356.0 1.597903558601954e-10
357.0 0.000774061572883511
358.0 0.0018360371541348286
359.0 0.0014948157513572369
360.0 0.0011535938938322943
361.0 0.0009463288733968511
362.0 0.0007390636255877325
363.0 0.0004589085619954858
364.0 0.0001787534870345553
365.0 0.0013550274161389098
366.0 0.0025313018340966664
367.0 0.0015095046364876907
368.0 0.0004877075298281852
369.0 0.0007472156539733987
370.0 0.0010067239600175526
371.0 0.0010259414011670742
372.0 0.0010451586604176555
373.0 0.0009912598216033075
374.0 0.0009373608008900192
375.0 0.00055574014368176
376.0 0.00017411887256457703
377.0 0.00018873748786063516
378.0 0.00020335573935881257
379.0 1.597903558601954e-10
380.0 1.597903558601954e-10
381.0 1.597903558601954e-10
382.0 1.597903558601954e-10
383.0 0.00011563231510081096
384.0 0.00123828122013947
385.0 0.001393897309753811
386.0 0.0015495132174692117
387.0 1.597903558601954e-10
388.0 1.597903558601954e-10
389.0 1.597903558601954e-10
390.0 1.597903558601954e-10
391.0 1.597903558601954e-10
392.0 1.597903558601954e-10
393.0 1.597903558601954e-10
394.0 0.000734686545911245
395.0 1.597903558601954e-10
396.0 1.597903558601954e-10
397.0 1.597903558601954e-10
398.0 0.0002238991100966814
399.0 7.062432700877253e-05
400.0 1.597903558601954e-10
401.0 0.00012927049510835786
402.0 0.0003411905481698341
403.0 0.0016414929632446729
404.0 0.0029417951736832038
405.0 0.0045371794840320945
406.0 0.006132564158178866
407.0 0.0036146153433946893
408.0 0.0010966638910758775
409.0 0.0006310848675639136
410.0 0.00016550371810808429
411.0 0.0028277567253098823
412.0 0.005490010516950861
413.0 0.004616996375261806
414.0 0.0037439833249663934
415.0 0.0038570331525988877
416.0 0.003970082616433501
417.0 0.002953404327854514
418.0 0.0019367258573765866
419.0 0.0036916364479111508
420.0 0.0054465468565467745
421.0 0.004842587441089563
422.0 0.00423862729803659
423.0 0.00430086292908527
424.0 0.0043630978325381875
425.0 0.00310064060613513
426.0 0.0018381824702373706
427.0 0.003349373582750559
428.0 0.0048605648771626875
429.0 0.005142914596945047
430.0 0.005425265408121049
431.0 0.004174384230282158
432.0 0.0029235037800390273
433.0 0.0030782372050452977
434.0 0.003232970630051568
435.0 0.0025237752197426744
436.0 0.0018145796275348403
437.0 0.0016368034266633913
438.0 0.0014590274986403529
439.0 0.0017265636415686458
440.0 0.0019941000573453493
441.0 0.0005527276698558126
442.0 1.597903558601954e-10
443.0 1.597903558601954e-10
444.0 1.597903558601954e-10
445.0 1.597903558601954e-10
446.0 1.597903558601954e-10
447.0 1.597903558601954e-10
448.0 0.00020745917481690412
449.0 1.597903558601954e-10
450.0 1.597903558601954e-10
451.0 7.1401814238925e-05
452.0 0.001285717917198781
453.0 0.0014680999811389484
454.0 0.0016504825907759368
455.0 0.0017813170416047797
456.0 0.0019121516743325628
457.0 0.0013760349247604609
458.0 0.0008399180842388887
459.0 0.0003703599986693007
460.0 1.597903558601954e-10
461.0 0.00022882297798787476
462.0 0.0005568440883507719
463.0 0.00016341879245374002
464.0 1.597903558601954e-10
465.0 0.00016664524764564703
466.0 0.0005632969077851158
467.0 0.0007574758456030395
468.0 0.0009516547834209632
469.0 0.0006916839538462227
470.0 0.00043171307879674714
471.0 0.0005279819561110344
472.0 0.0006242509243747918
473.0 0.0007581339559692424
474.0 0.0008920173058868386
475.0 0.0003986501269537257
476.0 1.597903558601954e-10
477.0 0.0004504372554947622
478.0 0.0009955911082215607
479.0 0.0010583129551378079
480.0 0.0011210347111045849
481.0 0.002460154973960016
482.0 0.003799273690674454
483.0 0.005277618765830994
484.0 0.006755963113391772
485.0 0.0073644856456667185
486.0 0.007973008177941665
487.0 0.011092665954492986
488.0 0.014212323003448546
489.0 0.017164179007522762
490.0 0.020116033556405455
491.0 0.022101696231402457
492.0 0.02408735890639946
493.0 0.02569360367488116
494.0 0.02729984698817134
495.0 0.02432756737107411
496.0 0.02135528193321079
497.0 0.017645812476985157
498.0 0.013936338655184954
499.0 0.010000523616326973
500.0 0.00606470784987323
501.0 0.004494196764426306
502.0 0.002923685678979382
503.0 0.002570773540355731
504.0 0.0022178612198331393
505.0 0.002101893551298417
506.0 0.0019859257008647546
507.0 0.0019393841284909286
508.0 0.0018928420104202814
509.0 0.0018593509594211355
510.0 0.0018258597265230492
511.0 0.0015062551028677262
512.0 0.0011866504792124033
513.0 0.0014998655387898907
514.0 0.0018130804164684378
515.0 0.0022932441424927674
516.0 0.0027734080504160374
517.0 0.00238564534811303
518.0 0.0019978828277089633
519.0 0.0020937388399033807
520.0 0.0021895950339967385
521.0 0.00182531639438821
522.0 0.001461037936678622
523.0 0.0014587328223569784
524.0 0.0014564278899342753
525.0 0.0019919501937692985
526.0 0.0025274724976043217
527.0 0.0024169534299289808
528.0 0.00230643436225364
529.0 0.001859402982518077
530.0 0.0014123716937319841
531.0 0.0014298103451437782
532.0 0.0014472489056061022
533.0 0.0015961086319293827
534.0 0.0017449685401516035
535.0 0.001762156534823589
536.0 0.0017793445294955745
537.0 0.0024376220608246513
538.0 0.0030958992283558473
539.0 0.003779139296966605
540.0 0.004462379729375243
541.0 0.005072417116025463
542.0 0.005682454502675682
543.0 0.00502852417412214
544.0 0.004374593845568597
545.0 0.003543214188539423
546.0 0.00271183507720707
547.0 0.0022269196051638573
548.0 0.0017420039512217045
549.0 0.0017177108020405285
550.0 0.0016934178347582929
551.0 0.0016111252989503555
552.0 0.0015288327631424181
553.0 0.001643842551857233
554.0 0.0017588521586731076
555.0 0.001310629795625573
556.0 0.0008624073416285682
557.0 0.0007466368060704553
558.0 0.0006308664978860179
559.0 0.0002024685954893357
560.0 1.597903558601954e-10
561.0 0.0006084372671466554
562.0 0.0014428039321501274
563.0 0.0016236952433246188
564.0 0.0018045866454485804
565.0 0.0014230542547011282
566.0 0.0010415219549031463
567.0 0.0008124357009364758
568.0 0.0005833494469698053
569.0 0.0007121424005163135
570.0 0.0008409350812144112
571.0 0.0005011632765672402
572.0 0.00016139141507665045
573.0 0.00029861696475563804
574.0 0.00043584254854067694
575.0 0.000457824216937297
576.0 0.00047980574890971184
577.0 0.000534377204530756
578.0 0.0005889487511012703
579.0 0.00028018584998790175
580.0 1.597903558601954e-10
581.0 6.718949521200557e-05
582.0 0.00016295601881211041
583.0 0.00036652445487561636
584.0 0.0005700927886209683
585.0 0.0007492547865695087
586.0 0.0009284169209422544
587.0 0.0008528150829079095
588.0 0.0007772131539240945
589.0 0.0006609555384784471
590.0 0.0005446980139822699
591.0 0.0008002164577192161
592.0 0.0010557349924056325
593.0 0.0006855314495624043
594.0 0.00031532788398180855
595.0 0.0006326003585854778
596.0 0.0009498727195023093
597.0 0.0007747150448267348
598.0 0.0005995575520501006
599.0 0.000517958960699616
600.0 0.0004363602783996612
601.0 0.00038400776247726753
602.0 0.0003316552010801388
603.0 0.00023881843844719697
604.0 0.00014598150528399856
605.0 0.00019452036212896928
606.0 0.00024305923034262378
607.0 0.0004373439878690988
608.0 0.0006316286089713685
609.0 0.0005602359124168288
610.0 0.0004888429430138785
611.0 0.0006507570560643217
612.0 0.000812671260064235
613.0 0.0005905185844312655
614.0 0.00036836604522250127
615.0 1.4272833936956886e-05
616.0 1.597903558601954e-10
617.0 1.597903558601954e-10
618.0 0.00022103208721091505
619.0 0.0003166389660691493
620.0 0.00041224593587685376
621.0 0.0005357001555239549
622.0 0.000659154375171056
623.0 0.0005972033704892965
624.0 0.0005352524567570072
625.0 0.0004903066383121768
626.0 0.0004453608653420815
627.0 0.00033822277600847883
628.0 0.0002310846639375086
629.0 0.0004129956323595252
630.0 0.0005949066689936444
631.0 0.000533839101990452
632.0 0.00047277153498725966
633.0 0.0004224869371682871
634.0 0.00037220238482404966
635.0 0.00041927100937755313
636.0 0.0004663395429815864
637.0 0.0004202868240099633
638.0 0.00037423387766466476
639.0 0.0006069205483072437
640.0 0.0008396071280003525
641.0 0.0006334435965982266
642.0 0.0004272801106708357
643.0 0.0006433128419303102
644.0 0.0008593455277150497
645.0 0.0007458093932655174
646.0 0.0006322733497654554
647.0 0.0007933868801046629
648.0 0.0009545008651912212
649.0 0.0007896563147369307
650.0 0.0006248117642826401
651.0 0.0008243418960773852
652.0 0.0010238722097710706
653.0 0.0011686117431963794
654.0 0.0013133512766216882
655.0 0.0019621915271272883
656.0 0.0026110319595318288
657.0 0.003585245940485038
658.0 0.004559458466246724
659.0 0.007252120121847838
660.0 0.07471645949408412
661.0 0.1283983583562076
662.0 0.1348403748124838
663.0 0.11288668029010296
664.0 0.0743487267754972
665.0 0.15581458574160933
666.0 0.178099877666682
667.0 0.20969577599316835
668.0 0.17825009999796748
669.0 0.3550221910700202
670.0 0.4014443140476942
671.0 0.6359317805618048
672.0 0.9928728453814983
673.0 1.5289881266653538
674.0 2.300284057855606
675.0 3.167235478758812
676.0 4.303162544965744
677.0 5.631565675139427
678.0 6.957679986953735
679.0 8.388695120811462
680.0 10.386431217193604
681.0 12.469015270471573
682.0 15.018095076084137
683.0 17.754940688610077
684.0 20.66463828086853
685.0 23.523446917533875
686.0 26.577848196029663
687.0 29.83342409133911
688.0 33.12727510929108
689.0 36.62487268447876
690.0 40.5602753162384
691.0 44.84532177448273
692.0 49.894678592681885
693.0 55.2173912525177
694.0 61.217814683914185
695.0 66.84101223945618
696.0 73.04089665412903
697.0 78.54409217834473
698.0 84.31981205940247
699.0 88.59931230545044
700.0 91.80626273155212
701.0 94.40755248069763
702.0 96.07651233673096
703.0 97.01388478279114
704.0 97.39478826522827
705.0 97.73926734924316
706.0 97.72005081176758
707.0 97.86646962165833
708.0 97.95477390289307
709.0 97.9336678981781
710.0 97.70707488059998
711.0 97.97601699829102
712.0 97.89438247680664
713.0 97.95724153518677
714.0 98.0175256729126
715.0 98.09362888336182
716.0 97.91346192359924
717.0 98.11167120933533
718.0 98.17301630973816
719.0 98.0721116065979
720.0 98.3219861984253
721.0 98.27778339385986
722.0 97.95593023300171
723.0 97.61103987693787
724.0 97.32742309570312
725.0 97.12881445884705
726.0 96.85120582580566
727.0 96.69118523597717
728.0 96.39987349510193
729.0 96.31538987159729
730.0 96.22606039047241
731.0 96.36521935462952
732.0 96.4207649230957
733.0 96.70830368995667
734.0 97.00847864151001
735.0 97.13915586471558
736.0 97.56169319152832
737.0 97.95905351638794
738.0 98.20829033851624
739.0 98.58664870262146
740.0 98.68242740631104
741.0 98.48638772964478
742.0 98.80103468894958
743.0 98.7024188041687
744.0 98.53715300559998
745.0 98.53349924087524
746.0 98.51164817810059
747.0 98.68303537368774
748.0 98.55157136917114
749.0 98.48108887672424
750.0 98.481684923172
751.0 98.3014166355133
752.0 98.28314185142517
753.0 98.44017028808594
754.0 98.40898513793945
755.0 98.4968900680542
756.0 98.64822626113892
757.0 98.56112599372864
758.0 98.73589873313904
759.0 98.74929189682007
760.0 98.67698550224304
761.0 98.53618144989014
762.0 98.63427877426147
763.0 98.53969216346741
764.0 98.5507071018219
765.0 98.43852519989014
766.0 98.46572279930115
767.0 98.26725721359253
768.0 98.26793670654297
769.0 98.30663800239563
770.0 98.0444073677063
771.0 98.07090759277344
772.0 98.06264042854309
773.0 97.88468480110168
774.0 97.74869680404663
775.0 97.86798357963562
776.0 97.78763055801392
777.0 97.86904454231262
778.0 97.84767627716064
779.0 97.96401858329773
780.0 97.92435765266418
781.0 98.26523065567017
782.0 98.1431245803833
783.0 98.22361469268799
784.0 98.16312789916992
785.0 98.36517572402954
786.0 98.47190976142883
787.0 98.24423789978027
788.0 98.3792781829834
789.0 98.44286441802979
790.0 98.38674664497375
791.0 98.35434556007385
792.0 98.17225337028503
793.0 98.15113544464111
794.0 98.06930422782898
795.0 97.9550302028656
796.0 97.99537658691406
797.0 97.9713499546051
798.0 97.8991687297821
799.0 97.7191150188446
800.0 97.50577807426453
801.0 97.58248329162598
802.0 97.38634824752808
803.0 97.18170166015625
804.0 96.8437671661377
805.0 96.18082642555237
806.0 95.63206434249878
807.0 94.50621008872986
808.0 93.2040274143219
809.0 91.64791107177734
810.0 89.95943665504456
811.0 87.62991428375244
812.0 84.97369885444641
813.0 81.92928433418274
814.0 78.36758494377136
815.0 74.46542978286743
816.0 70.4821228981018
817.0 65.84100127220154
818.0 60.945624113082886
819.0 56.69287443161011
820.0 51.85917019844055
821.0 47.33356535434723
822.0 42.96826422214508
823.0 38.38800489902496
824.0 33.70823562145233
825.0 29.588016867637634
826.0 25.218087434768677
827.0 20.740026235580444
828.0 16.745705902576447
829.0 12.867453694343567
830.0 9.124825149774551
831.0 6.489509344100952
832.0 4.165388271212578
833.0 2.556019648909569
834.0 1.522725448012352
835.0 0.9214493446052074
836.0 0.5526041146367788
837.0 0.2729566302150488
838.0 0.1497318153269589
839.0 0.10500221978873014
840.0 0.057541090063750744
841.0 1.597903558601954e-10
842.0 1.597903558601954e-10
843.0 0.02715382433962077
844.0 1.597903558601954e-10
845.0 1.597903558601954e-10
846.0 1.597903558601954e-10
847.0 1.597903558601954e-10
848.0 1.597903558601954e-10
849.0 1.597903558601954e-10
850.0 1.597903558601954e-10
851.0 1.597903558601954e-10
852.0 0.001392499962094007
853.0 0.001359238194709178
854.0 0.0013259766092232894
855.0 0.0010762710189737845
856.0 0.0008265655196737498
857.0 0.0008693271411175374
858.0 0.0009120884897129145
859.0 0.0006444842711061938
860.0 0.0003768798933379003
861.0 0.0003084838454014971
862.0 0.00024008768377825618
863.0 0.00011586386108319857
864.0 1.597903558601954e-10
865.0 7.657682772332919e-05
866.0 0.00016151352610904723
867.0 6.010146194057597e-05
868.0 1.597903558601954e-10
869.0 1.597903558601954e-10
870.0 1.597903558601954e-10
871.0 3.498085163755604e-05
872.0 0.0002759234348559403
873.0 0.0002850331156878383
874.0 0.00029414272830763366
875.0 0.0002764245436992496
876.0 0.00025870633635349805
877.0 1.597903558601954e-10
878.0 1.597903558601954e-10
879.0 1.597903558601954e-10
880.0 0.00047348976295324974
881.0 0.0002038895217992831
882.0 1.597903558601954e-10
883.0 0.00010032617865363136
884.0 0.00026636307666194625
885.0 0.00011206591352674877
886.0 1.597903558601954e-10
887.0 9.784550911717815e-05
888.0 0.000237922267842805
889.0 9.712438213682617e-05
890.0 1.597903558601954e-10
891.0 4.876446837442927e-05
892.0 0.0001412024062119599
893.0 0.00022804586023994489
894.0 0.00031488932563661365
895.0 2.7027070359508798e-05
896.0 1.597903558601954e-10
897.0 1.597903558601954e-10
