lsstCam/transmission_filter_detector/r43_s20/g_6/19700101T000000.ecsv
# %ECSV 1.0
# ---
# datatype:
# - {name: wavelength, unit: nm, datatype: float32}
# - {name: efficiency, unit: '%', datatype: float64}
# meta: !!omap
# - {MODE: DETECTOR}
# - {TYPE: transmission_filter_detector}
# - {CALIBDATE: '1970-01-01T00:00:00'}
# - {INSTRUME: LSSTCam}
# - {OBSTYPE: transmission_filter_detector}
# - {CALIBCLS: lsst.ip.isr.IntermediateFilterDetectorTransmissionCurve}
# - {SOURCE: Materion (DM-46256)}
# - {DETECTOR: 186}
# - {FILTER: g_6}
# - {CALIB_ID: 'calibDate=1970-01-01T00:00:00 filter=g_6 detector=186'}
# - {DATE: '2025-04-02T15:59:42.890339'}
# - {CALIB_CREATION_DATE: '2025-04-02'}
# - {CALIB_CREATION_TIME: '15:59:42'}
# - __serialized_columns__:
#     efficiency:
#       __class__: astropy.units.quantity.Quantity
#       unit: !astropy.units.Unit {unit: '%'}
#       value: !astropy.table.SerializedColumn {name: efficiency}
#     wavelength:
#       __class__: astropy.units.quantity.Quantity
#       unit: !astropy.units.Unit {unit: nm}
#       value: !astropy.table.SerializedColumn {name: wavelength}
# schema: astropy-2.0
wavelength efficiency
[from data line 606]
906.0 0.00037805025385750923
907.0 0.00028105946512368973
908.0 0.000247156845034624
909.0 0.00021325422494555824
910.0 0.0002817778522512526
911.0 0.0003503015705064172
912.0 0.00034643319395399885
913.0 0.00034256484013894806
914.0 0.000356239843313233
915.0 0.0003699148692248855
916.0 0.00036385670227900846
917.0 0.00035779844438366126
918.0 0.0003074697588090203
919.0 0.00025714100502227666
920.0 0.00031617344120604685
921.0 0.00037520587738981703
922.0 0.0003972378635808127
923.0 0.00041926978155970573
924.0 0.0003790540176851209
925.0 0.00033883832202263875
926.0 0.00035935797768615885
927.0 0.0003798775651375763
928.0 0.0003816308435489191
929.0 0.00038338407648552675
930.0 0.00036179751532472437
931.0 0.00034021088595181936
932.0 0.00035754403597820783
933.0 0.0003748770950551261
934.0 0.0003851931523968233
935.0 0.0003955091415264178
936.0 0.00036881617688777624
937.0 0.0003421232349865022
938.0 0.00046347968236659653
939.0 0.0005848361070093233
940.0 0.0005917143425904214
941.0 0.0005985925326967845
942.0 0.0005602019427897176
943.0 0.0005218113074079156
944.0 0.0005628749022434931
945.0 0.0006039384516043356
946.0 0.0008191770575649571
947.0 0.0010344156180508435
948.0 0.000866051504999632
949.0 0.0006976875283726258
950.0 0.000734322293283185
951.0 0.0007709569217695389
952.0 0.0006532131465064595
953.0 0.00053546937124338
954.0 0.0005831202543049585
955.0 0.0006307712283160072
956.0 0.0006593199032067787
957.0 0.0006878687145217555
958.0 0.0007196881142590428
959.0 0.0007515073775721248
960.0 0.0006410213245544583
961.0 0.0005305352260620566
962.0 0.0006210972060216591
963.0 0.0007116590495570563
964.0 0.0006467283583333483
965.0 0.0005817976671096403
966.0 0.0005126537871547043
967.0 0.00044350981625029817
968.0 0.0006072406449675327
969.0 0.0007709713827352971
970.0 0.0007213124717964092
971.0 0.0006716535153827863
972.0 0.0007156260380725143
973.0 0.0007595986971864477
974.0 0.0007487539733119775
975.0 0.0007379091584880371
976.0 0.0008179095857485663
977.0 0.0008979100130090956
978.0 0.0009230403520632535
979.0 0.0009481706001679413
980.0 0.0009566753760736901
981.0 0.0009651802429289091
982.0 0.0011521720807650127
983.0 0.0013391640095505863
984.0 0.0014367538824444637
985.0 0.001534343755338341
986.0 0.0015709711078670807
987.0 0.00160759827849688
988.0 0.001545312989037484
989.0 0.0014830274267296772
990.0 0.0016095949831651524
991.0 0.0017361620848532766
992.0 0.001755904668243602
993.0 0.0017756470697349869
994.0 0.0018186150555266067
995.0 0.001861582677520346
996.0 0.001861267264757771
997.0 0.0018609518519951962
998.0 0.0017784266674425453
999.0 0.0016959016647888348
1000.0 0.0016248308384092525
1001.0 0.0015537603758275509
1002.0 0.0014975010344642214
1003.0 0.001441241693100892
1004.0 0.0014199727957020514
1005.0 0.0013987038983032107
1006.0 0.0014030990314495284
1007.0 0.001407494164595846
1008.0 0.0013034584299020935
1009.0 0.001199422786157811
1010.0 0.00129099607875105
1011.0 0.001382569462293759
1012.0 0.0011742918104573619
1013.0 0.0009660140676714946
1014.0 0.0011482183253974654
1015.0 0.0013304228559718467
1016.0 0.0015517101928708144
1017.0 0.0017729977116687223
1018.0 0.0019767707271967083
1019.0 0.002180543560825754
1020.0 0.0022167967472341843
1021.0 0.0022530497517436743
1022.0 0.0024442346330033615
1023.0 0.0026354193323641084
1024.0 0.002873468656616751
1025.0 0.0031115177989704534
1026.0 0.0031812782253837213
1027.0 0.003251038651796989
1028.0 0.0034850494557758793
1029.0 0.003719059532159008
1030.0 0.0038709222280886024
1031.0 0.0040227852878160775
1032.0 0.004149340747972019
1033.0 0.0042758962081279606
1034.0 0.0044098102080170065
1035.0 0.004543723844108172
1036.0 0.004623373752110638
1037.0 0.004703023296315223
1038.0 0.004850945697398856
1039.0 0.00499886809848249
1040.0 0.005051346670370549
1041.0 0.005103824514662847
1042.0 0.005343718657968566
1043.0 0.005583612437476404
1044.0 0.00586488786211703
1045.0 0.006146162195364013
1046.0 0.006300050154095516
1047.0 0.0064539373852312565
1048.0 0.0069435423938557506
1049.0 0.007433147402480245
1050.0 0.008175338007276878
1051.0 0.008917528612073511
1052.0 0.010210895561613142
1053.0 0.011504264693940058
1054.0 0.013239627878647298
1055.0 0.014974990335758775
1056.0 0.01769619557308033
1057.0 0.020417399355210364
1058.0 0.024637026945129037
1059.0 0.0288566603558138
1060.0 0.034959655022248626
1061.0 0.041062646778300405
1062.0 0.04899296909570694
1063.0 0.056923291413113475
1064.0 0.06621044012717903
1065.0 0.07549760048277676
1066.0 0.08511405903846025
1067.0 0.09473053505644202
1068.0 0.10413816198706627
1069.0 0.11354582384228706
1070.0 0.12277538189664483
1071.0 0.13200495159253478
1072.0 0.1422273344360292
1073.0 0.1524497289210558
1074.0 0.1623296644538641
1075.0 0.17220961162820458
1076.0 0.1816282863728702
1077.0 0.19104694947600365
1078.0 0.20025817211717367
1079.0 0.20946937147527933
1080.0 0.2187060657888651
1081.0 0.22794276010245085
1082.0 0.23790642153471708
1083.0 0.24787012953311205
1084.0 0.2610617782920599
1085.0 0.2742534037679434
1086.0 0.2946296473965049
1087.0 0.3150058910250664
1088.0 0.3480505896732211
1089.0 0.3810952650383115
1090.0 0.4264719318598509
1091.0 0.4718485753983259
1092.0 0.5255169235169888
1093.0 0.5791852716356516
1094.0 0.6597462110221386
1095.0 0.7403070572763681
1096.0 0.8397158235311508
1097.0 0.9391244500875473
1098.0 0.9986717253923416
1099.0 1.058219000697136
1100.0 1.1491592973470688
1101.0 1.2400997802615166
