lsstCam/transmission_filter_detector/r43_s20/g_6/19700101T000000.ecsv
# %ECSV 1.0
# ---
# datatype:
# - {name: wavelength, unit: nm, datatype: float32}
# - {name: efficiency, unit: '%', datatype: float64}
# meta: !!omap
# - {MODE: DETECTOR}
# - {TYPE: transmission_filter_detector}
# - {CALIBDATE: '1970-01-01T00:00:00'}
# - {INSTRUME: LSSTCam}
# - {OBSTYPE: transmission_filter_detector}
# - {CALIBCLS: lsst.ip.isr.IntermediateFilterDetectorTransmissionCurve}
# - {SOURCE: Materion (DM-46256)}
# - {DETECTOR: 186}
# - {FILTER: g_6}
# - {CALIB_ID: 'calibDate=1970-01-01T00:00:00 filter=g_6 detector=186'}
# - {DATE: '2025-04-02T15:59:42.890339'}
# - {CALIB_CREATION_DATE: '2025-04-02'}
# - {CALIB_CREATION_TIME: '15:59:42'}
# - __serialized_columns__:
#     efficiency:
#       __class__: astropy.units.quantity.Quantity
#       unit: !astropy.units.Unit {unit: '%'}
#       value: !astropy.table.SerializedColumn {name: efficiency}
#     wavelength:
#       __class__: astropy.units.quantity.Quantity
#       unit: !astropy.units.Unit {unit: nm}
#       value: !astropy.table.SerializedColumn {name: wavelength}
# schema: astropy-2.0
wavelength efficiency
300.0 0.3633313113823533
301.0 0.30549238435924053
302.0 0.24765348061919212
303.0 0.24022290017455816
304.0 0.2327923197299242
305.0 0.22555668838322163
306.0 0.21832108031958342
307.0 0.2081653568893671
308.0 0.19800965674221516
309.0 0.19272068748250604
310.0 0.18743174150586128
311.0 0.1888530096039176
312.0 0.1902742893435061
313.0 0.1893348409794271
314.0 0.18839540425688028
315.0 0.18266253173351288
316.0 0.1769296359270811
317.0 0.1751747098751366
318.0 0.1734197954647243
319.0 0.1569026499055326
320.0 0.14038546942174435
321.0 0.13106397818773985
322.0 0.12174247531220317
323.0 0.10812663240358233
324.0 0.09451078367419541
325.0 0.08501588017679751
326.0 0.07552097085863352
327.0 0.07113318424671888
328.0 0.06674539181403816
329.0 0.060455797938629985
330.0 0.05416619824245572
331.0 0.05083593423478305
332.0 0.04750566731672734
333.0 0.04521427326835692
334.0 0.0429228792199865
335.0 0.041088080615736544
336.0 0.03925328201148659
337.0 0.03935692657250911
338.0 0.039460574043914676
339.0 0.03918273141607642
340.0 0.03890488587785512
341.0 0.03686152340378612
342.0 0.034818160929717124
343.0 0.0313739525154233
344.0 0.027929744101129472
345.0 0.02500625851098448
346.0 0.02208277292083949
347.0 0.020522810518741608
348.0 0.018962846661452204
349.0 0.016841792967170477
350.0 0.5533455405384302
351.0 0.8924723602831364
352.0 0.4068378359079361
353.0 0.7863729260861874
354.0 0.5735448561608791
355.0 0.8811963722109795
356.0 0.5294241011142731
357.0 0.6506373640149832
358.0 0.5838315933942795
359.0 0.8585942909121513
360.0 0.5391801241785288
361.0 0.802075769752264
362.0 0.43347468599677086
363.0 0.6414414383471012
364.0 0.6687386892735958
365.0 0.6859846878796816
366.0 0.49531804397702217
367.0 0.6111088208854198
368.0 0.29917522333562374
369.0 0.6911393254995346
370.0 0.45003434643149376
371.0 0.45586610212922096
372.0 0.2778120571747422
373.0 0.5984498653560877
374.0 0.37904621567577124
375.0 0.5685180425643921
376.0 0.37008398212492466
377.0 0.4787695128470659
378.0 0.34000640735030174
379.0 0.5265718791633844
380.0 0.3130674595013261
381.0 0.6707957945764065
382.0 0.5121688824146986
383.0 0.5742518696933985
384.0 0.5344701465219259
385.0 0.5638856906443834
386.0 0.7232917472720146
387.0 0.7841005921363831
388.0 1.0136647149920464
389.0 1.343478448688984
390.0 2.0740747451782227
391.0 3.3757470548152924
392.0 5.129525437951088
393.0 8.169528096914291
394.0 12.19884529709816
395.0 17.491857707500458
396.0 23.989364504814148
397.0 31.893035769462585
398.0 40.91069996356964
399.0 50.475507974624634
400.0 59.83738899230957
401.0 68.40550303459167
402.0 76.05945467948914
403.0 82.20327496528625
404.0 86.4536702632904
405.0 89.57310318946838
406.0 91.21899604797363
407.0 92.59816408157349
408.0 93.2957112789154
409.0 93.57753396034241
410.0 93.57836842536926
411.0 93.3444082736969
412.0 93.03745031356812
413.0 92.80931353569031
414.0 92.73248314857483
415.0 93.04165244102478
416.0 93.44974756240845
417.0 93.8028335571289
418.0 94.34882402420044
419.0 94.89282369613647
420.0 95.32092809677124
421.0 95.82952857017517
422.0 95.87860703468323
423.0 96.04394435882568
424.0 95.81700563430786
425.0 95.7068383693695
426.0 95.59571146965027
427.0 95.63323855400085
428.0 95.47212719917297
429.0 95.41563987731934
430.0 95.29052972793579
431.0 95.33608555793762
432.0 95.49118280410767
433.0 95.52520513534546
434.0 95.52711844444275
435.0 95.70109248161316
436.0 95.69878578186035
437.0 95.7114040851593
438.0 95.79532742500305
439.0 95.91637253761292
440.0 95.94176411628723
441.0 96.04887366294861
442.0 95.97554802894592
443.0 95.91410160064697
444.0 95.77780365943909
445.0 95.44651508331299
446.0 95.39086818695068
447.0 95.25173306465149
448.0 95.38081884384155
449.0 95.57568430900574
450.0 95.8752691745758
451.0 96.12531661987305
452.0 96.30248546600342
453.0 96.37953639030457
454.0 96.40729427337646
455.0 96.65970206260681
456.0 96.77644371986389
457.0 96.94450497627258
458.0 96.89976572990417
459.0 96.9235360622406
460.0 96.91962599754333
461.0 96.95369005203247
462.0 96.87093496322632
463.0 96.74606919288635
464.0 96.87142372131348
465.0 96.76138162612915
466.0 96.78956270217896
467.0 96.76583409309387
468.0 96.8055248260498
469.0 96.80867195129395
470.0 96.61981463432312
471.0 96.50337100028992
472.0 96.62753939628601
473.0 96.51845693588257
474.0 96.37823700904846
475.0 96.532541513443
476.0 96.55009508132935
477.0 96.6271162033081
478.0 96.78805470466614
479.0 96.77812457084656
480.0 96.92264199256897
481.0 97.02516794204712
482.0 97.2222626209259
483.0 97.09339737892151
484.0 97.28790521621704
485.0 97.26788401603699
486.0 97.31763005256653
487.0 97.36658930778503
488.0 97.32744097709656
489.0 97.44548797607422
490.0 97.42518663406372
491.0 97.47614860534668
492.0 97.43564128875732
493.0 97.46270775794983
494.0 97.4532425403595
495.0 97.46628403663635
496.0 97.34569787979126
497.0 97.21376299858093
498.0 97.00760841369629
499.0 97.05538749694824
500.0 97.05155491828918
501.0 97.01801538467407
502.0 96.9365119934082
503.0 97.14194536209106
504.0 96.97385430335999
505.0 96.96693420410156
506.0 96.98935151100159
507.0 96.94016575813293
508.0 96.9609797000885
509.0 96.95022702217102
510.0 96.90864682197571
511.0 96.93436026573181
512.0 96.83544039726257
513.0 96.92017436027527
514.0 96.88597321510315
515.0 96.95600271224976
516.0 96.99471592903137
517.0 97.0424473285675
518.0 97.12039232254028
519.0 97.11357355117798
520.0 97.12386727333069
521.0 97.20533490180969
522.0 97.18024730682373
523.0 97.15386629104614
524.0 97.16432690620422
525.0 97.0956563949585
526.0 97.20476269721985
527.0 97.21669554710388
528.0 97.28307723999023
529.0 97.3465621471405
530.0 97.34755754470825
531.0 97.45703339576721
532.0 97.30117917060852
533.0 97.21186757087708
534.0 97.16814160346985
535.0 96.84393405914307
536.0 96.24825119972229
537.0 95.38421034812927
538.0 94.27249431610107
539.0 92.41288900375366
540.0 90.18484950065613
541.0 86.99001669883728
542.0 83.77401828765869
543.0 79.66960668563843
544.0 74.75972771644592
545.0 70.47300934791565
546.0 65.50093293190002
547.0 61.193257570266724
548.0 57.058918476104736
549.0 53.50172519683838
550.0 50.77933073043823
551.0 48.030561208724976
552.0 45.70678174495697
553.0 42.97972321510315
554.0 39.60913419723511
555.0 35.75788736343384
556.0 30.852797627449036
557.0 25.511762499809265
558.0 20.055298507213593
559.0 14.987847208976746
560.0 10.494475066661835
561.0 6.636698544025421
562.0 3.970569744706154
563.0 2.167104557156563
564.0 1.1280075646936893
565.0 0.5300297401845455
566.0 0.2919683000072837
567.0 0.15378502430394292
568.0 0.11658797739073634
569.0 0.0709193991497159
570.0 0.054534379160031676
571.0 0.04332528624217957
572.0 0.041194778168573976
573.0 0.028724741423502564
574.0 0.03384882293175906
575.0 0.020901697280351073
576.0 0.03527580120135099
577.0 0.02076063392451033
578.0 0.03299709060229361
579.0 0.019952168804593384
580.0 0.024442942230962217
581.0 0.017147857579402626
582.0 0.019408804655540735
583.0 0.012619099288713187
584.0 0.01932144514285028
585.0 0.0028928341635037214
586.0 0.02651962568052113
587.0 0.01025152305373922
588.0 0.01983169058803469
589.0 0.009718386718304828
590.0 0.013967882841825485
591.0 0.01011043059406802
592.0 0.005320260606822558
593.0 0.008090296614682302
594.0 0.00418847193941474
595.0 0.011900009849341586
596.0 0.010648513853084296
597.0 0.012479920405894518
598.0 0.011400613584555686
599.0 0.011387294216547161
600.0 0.011004887346643955
601.0 0.00211351416510297
602.0 0.0020352967112557963
603.0 0.001957079439307563
604.0 0.0019900309780496173
605.0 0.002022982698690612
606.0 0.0018827022358891554
607.0 0.001742421773087699
608.0 0.0016841107935761102
609.0 0.0016257998140645213
610.0 0.0017769361875252798
611.0 0.0019280725609860383
612.0 0.0018390068362350576
613.0 0.0017499409295851365
614.0 0.0016882593627087772
615.0 0.0016265779777313583
616.0 0.0017479602320236154
617.0 0.0018693423044169322
618.0 0.0016302448784699664
619.0 0.0013911473615735304
620.0 0.0013571799172495957
621.0 0.0013232124729256611
622.0 0.0014218922842701431
623.0 0.0015205724594125059
624.0 0.0014004049262439366
625.0 0.0012802373930753674
626.0 0.001291930311708711
627.0 0.0013036235031904653
628.0 0.0012650981261685956
629.0 0.0012265728400961962
630.0 0.0012476752090151422
631.0 0.0012687773050856777
632.0 0.0012676718142756727
633.0 0.0012665664144151378
634.0 0.0011954652109125163
635.0 0.0011243641893088352
636.0 0.0011292758244962897
637.0 0.0011341876415826846
638.0 0.0011127358447993174
639.0 0.00109128395706648
640.0 0.0011989674021606334
641.0 0.0013066511201031972
642.0 0.001238385357282823
643.0 0.0011701200492097996
644.0 0.001113834423449589
645.0 0.0010575490705377888
646.0 0.0010963227396132424
647.0 0.001135096317739226
648.0 0.0010798248695209622
649.0 0.0010245535122521687
650.0 0.001077441356756026
651.0 0.0011303292922093533
652.0 0.0011291581358818803
653.0 0.0011279868886049371
654.0 0.0009626535756979138
655.0 0.0007973201718414202
656.0 0.0008382152373087592
657.0 0.0008791105756245088
658.0 0.0009610874258214608
659.0 0.0010430641850689426
660.0 0.0010232956810796168
661.0 0.001003527177090291
662.0 0.001049916954798391
663.0 0.0010963069144054316
664.0 0.0010185467544943094
665.0 0.0009407862307853065
666.0 0.0008671131581650116
667.0 0.0007934400855447166
668.0 0.000835365426610224
669.0 0.0008772908586252015
670.0 0.0010134635886061005
671.0 0.0011496363185869996
672.0 0.0010844994903891347
673.0 0.0010193630259891506
674.0 0.0009947402759280521
675.0 0.0009701175258669537
676.0 0.0009381995369039942
677.0 0.0009062814569915645
678.0 0.0009450533070776146
679.0 0.0009838251571636647
680.0 0.0010161186764889862
681.0 0.0010484121958143078
682.0 0.0009855383723333944
683.0 0.0009226646398019511
684.0 0.0008743187208892778
685.0 0.0008259728019766044
686.0 0.0008679568054503761
687.0 0.000909940899873618
688.0 0.0009017515367304441
689.0 0.0008935619916883297
690.0 0.000913564144866541
691.0 0.000933566116145812
692.0 0.0009254841643269174
693.0 0.0009174022125080228
694.0 0.000939537858357653
695.0 0.0009616735042072833
696.0 0.0009360296644445043
697.0 0.000910385642782785
698.0 0.0009200115528074093
699.0 0.0009296374628320336
700.0 0.0009837167453952134
701.0 0.0010377958460594527
702.0 0.0010055893653770909
703.0 0.0009733827937452588
704.0 0.0009669613064033911
705.0 0.0009605399100109935
706.0 0.0008885416718840133
707.0 0.0008165435247065034
708.0 0.0009123336894845124
709.0 0.0010081238542625215
710.0 0.0009994596439355519
711.0 0.0009907954336085822
712.0 0.0010276919965690468
713.0 0.0010645887414284516
714.0 0.001098925895348657
715.0 0.0011332628673699219
716.0 0.001275828526559053
717.0 0.0014183943676471245
718.0 0.0014186847693054006
719.0 0.0014189750800142065
720.0 0.0011546245332283434
721.0 0.0008902739864424802
722.0 0.0009260701517632697
723.0 0.0009618664080335293
724.0 0.001085239364329027
725.0 0.0012086123206245247
726.0 0.0012750450878229458
727.0 0.0013414776731224265
728.0 0.001465457444282947
729.0 0.0015894371244939975
730.0 0.0016682191926520318
731.0 0.001747001260810066
732.0 0.0016307296391460113
733.0 0.0015144580174819566
734.0 0.0015160583643591963
735.0 0.0015176589840848465
736.0 0.0014267057849792764
737.0 0.0013357525858737063
738.0 0.001217411318066297
739.0 0.0010990701412083581
740.0 0.001186127065011533
741.0 0.0012731839888147078
742.0 0.0012976478501514066
743.0 0.0013221118024375755
744.0 0.0012025369869661517
745.0 0.0010829622624441981
746.0 0.0010125509106728714
747.0 0.0009421395589015447
748.0 0.0009004521416500211
749.0 0.0008587648153479677
750.0 0.0009173693797492888
751.0 0.0009759740351000801
752.0 0.0009304211744165514
753.0 0.0008848682227835525
754.0 0.0008297013664559927
755.0 0.0007745347829768434
756.0 0.0007246340373967541
757.0 0.0006747332918166649
758.0 0.0007086402547429316
759.0 0.0007425473086186685
760.0 0.0006877159194118576
761.0 0.0006328844392555766
762.0 0.0006467660568887368
763.0 0.0006606475380976917
764.0 0.0005765944933955325
765.0 0.0004925413577439031
766.0 0.0004983292910765158
767.0 0.0005041172698838636
768.0 0.0005196322490519378
769.0 0.000535147228220012
770.0 0.0006196454705786891
771.0 0.000704143621987896
772.0 0.0007153661499614827
773.0 0.0007265887688845396
774.0 0.0006703275630570715
775.0 0.0006140664936538087
776.0 0.0005889788099011639
777.0 0.0005638911261485191
778.0 0.0006109103651397163
779.0 0.0006579296041309135
780.0 0.0006498018592537846
781.0 0.000641674205326126
782.0 0.0006056267466192367
783.0 0.0005695792879123474
784.0 0.0005615206191578181
785.0 0.000553461995878024
786.0 0.0005469800726132235
787.0 0.000540498194823158
788.0 0.0004714869191957405
789.0 0.0004024756890430581
790.0 0.00035397117699176306
791.0 0.0003054666876778356
792.0 0.0003467143869784195
793.0 0.00038796210901637096
794.0 0.00028002857561659766
795.0 0.0001720950308481406
796.0 0.0003149486929032719
797.0 0.0004578023890644545
798.0 0.00037883257846260676
799.0 0.00029986276786075905
800.0 0.00030870276077621384
801.0 0.00031754270821693353
802.0 0.0002841664127117838
803.0 0.00025079007173189893
804.0 0.00034444371976860566
805.0 0.0004380973678053124
806.0 0.00034269535262865247
807.0 0.00024729333745199256
808.0 0.0003135329507131246
809.0 0.0003797725412368891
810.0 0.00035434713936410844
811.0 0.0003289217374913278
812.0 0.00029244195047795074
813.0 0.0002559621179898386
814.0 0.0004543756858765846
815.0 0.0006527892765006982
816.0 0.00045062370190862566
817.0 0.00024845812731655315
818.0 0.0003155318609060487
819.0 0.0003826055944955442
820.0 0.0003616232561398647
821.0 0.00034064091778418515
822.0 0.0003960282811021898
823.0 0.00045141564442019444
824.0 0.0003136004124826286
825.0 0.00017578514643901144
826.0 0.00029095576792315114
827.0 0.00040612635530123953
828.0 0.00040870122575142886
829.0 0.0004112761871510884
830.0 0.00043697596083802637
831.0 0.00046267573452496435
832.0 0.00042870178731391206
833.0 0.00039472784010285977
834.0 0.00042973274503310677
835.0 0.000464737786387559
836.0 0.00040238528526970185
837.0 0.0003400328068892122
838.0 0.0003296948534625699
839.0 0.0003193569227732951
840.0 0.00038983662307146005
841.0 0.0004603163688443601
842.0 0.0004848444859817391
843.0 0.0005093726485938532
844.0 0.00040947479647002183
845.0 0.0003095769898209255
846.0 0.00039790133996575605
847.0 0.0004862255991611164
848.0 0.000504543731949525
849.0 0.0005228618647379335
850.0 0.00046298287088575307
851.0 0.0004031039679830428
852.0 0.0003086636979787727
853.0 0.00021422347344923764
854.0 0.00027473056434246246
855.0 0.0003352377234477899
856.0 0.00030227879506128374
857.0 0.00026931988941214513
858.0 0.00029788996016577585
859.0 0.000326460008182039
860.0 0.00028757162908732425
861.0 0.0002486832045178744
862.0 0.000254775773100846
863.0 0.00026086834168381756
864.0 0.00031674373985879356
865.0 0.00037261913803376956
866.0 0.0003563957307051169
867.0 0.00034017230063909665
868.0 0.0003706766619870905
869.0 0.0004011810233350843
870.0 0.0003495794771879446
871.0 0.0002979779537781724
872.0 0.00035576463233155664
873.0 0.00041355133362230845
874.0 0.00035675045637617586
875.0 0.00029994955639267573
876.0 0.00027702808438334614
877.0 0.00025410661237401655
878.0 0.0003162708935633418
879.0 0.00037843522022740217
880.0 0.0004763850483868737
881.0 0.0005743347628595075
882.0 0.000570331667404389
883.0 0.0005663283900503302
884.0 0.0005647345460602082
885.0 0.0005631406111206161
886.0 0.00048116958168975543
887.0 0.0003991985522588948
888.0 0.0005299050826579332
889.0 0.0006606115675822366
890.0 0.0006656493951595621
891.0 0.0006706871317874175
892.0 0.0005256767053651856
893.0 0.00038066621073085116
894.0 0.00040747972889221273
895.0 0.00043429317884147167
896.0 0.00046556160668842494
897.0 0.0004968300345353782
898.0 0.000394148264604155
899.0 0.0002914665174102993
900.0 0.0002945811502286233
901.0 0.0002976957830469473
902.0 0.00026495154088479467
903.0 0.000232207298722642
904.0 0.00035362413655093405
