lsstCam/transmission_filter_detector/r33_s11/z_20/19700101T000000.ecsv
# %ECSV 1.0
# ---
# datatype:
# - {name: wavelength, unit: nm, datatype: float32}
# - {name: efficiency, unit: '%', datatype: float64}
# meta: !!omap
# - {MODE: DETECTOR}
# - {TYPE: transmission_filter_detector}
# - {CALIBDATE: '1970-01-01T00:00:00'}
# - {INSTRUME: LSSTCam}
# - {OBSTYPE: transmission_filter_detector}
# - {CALIBCLS: lsst.ip.isr.IntermediateFilterDetectorTransmissionCurve}
# - {SOURCE: Materion (DM-46256)}
# - {DETECTOR: 148}
# - {FILTER: z_20}
# - {CALIB_ID: 'calibDate=1970-01-01T00:00:00 filter=z_20 detector=148'}
# - {DATE: '2025-04-02T15:59:49.325730'}
# - {CALIB_CREATION_DATE: '2025-04-02'}
# - {CALIB_CREATION_TIME: '15:59:49'}
# - __serialized_columns__:
#     efficiency:
#       __class__: astropy.units.quantity.Quantity
#       unit: !astropy.units.Unit {unit: '%'}
#       value: !astropy.table.SerializedColumn {name: efficiency}
#     wavelength:
#       __class__: astropy.units.quantity.Quantity
#       unit: !astropy.units.Unit {unit: nm}
#       value: !astropy.table.SerializedColumn {name: wavelength}
# schema: astropy-2.0
wavelength efficiency
[from data line 598]
898.0 98.76104593276978
899.0 98.47015738487244
900.0 99.18007850646973
901.0 99.43293333053589
902.0 99.22733306884766
903.0 98.80439043045044
904.0 97.53899574279785
905.0 98.71232509613037
906.0 97.97455668449402
907.0 98.81905913352966
908.0 98.50646257400513
909.0 98.54164123535156
910.0 97.96612858772278
911.0 96.96547389030457
912.0 96.1488664150238
913.0 94.52198147773743
914.0 92.50603914260864
915.0 90.14027118682861
916.0 88.09453845024109
917.0 86.38508915901184
918.0 83.28105211257935
919.0 81.96945190429688
920.0 79.38749194145203
921.0 75.1804769039154
922.0 70.98389863967896
923.0 65.30950665473938
924.0 59.97512936592102
925.0 54.22744154930115
926.0 48.24649393558502
927.0 41.29393398761749
928.0 35.580283403396606
929.0 29.205453395843506
930.0 23.532837629318237
931.0 18.350084125995636
932.0 13.035647571086884
933.0 8.716778457164764
934.0 5.614117160439491
935.0 3.3794231712818146
936.0 2.01614610850811
937.0 1.182390470057726
938.0 0.7548889610916376
939.0 0.3950966987758875
940.0 0.2142108976840973
941.0 0.16475841403007507
942.0 0.13155794003978372
943.0 1.5954307102869492e-10
944.0 0.06883463356643915
945.0 1.5954307102869492e-10
946.0 0.133066950365901
947.0 1.5954307102869492e-10
948.0 1.5954307102869492e-10
949.0 0.10120009537786245
950.0 0.043587179970927536
951.0 1.5954307102869492e-10
952.0 1.5954307102869492e-10
953.0 1.5954307102869492e-10
954.0 0.044715433614328504
955.0 1.5954307102869492e-10
956.0 0.03640932554844767
957.0 0.011402204108890146
958.0 1.5954307102869492e-10
959.0 0.061899994034320116
960.0 1.5954307102869492e-10
961.0 0.04534466424956918
962.0 1.5954307102869492e-10
963.0 1.5954307102869492e-10
964.0 0.042521170689724386
965.0 1.5954307102869492e-10
966.0 1.5954307102869492e-10
967.0 0.01121807872550562
968.0 1.5954307102869492e-10
969.0 1.5954307102869492e-10
970.0 0.06474280380643904
971.0 1.5954307102869492e-10
972.0 1.5954307102869492e-10
973.0 1.5954307102869492e-10
974.0 0.034291372867301106
975.0 0.0030168101147864945
976.0 0.00637633420410566
977.0 0.006289676821324974
978.0 0.006203019438544288
979.0 0.006002634472679347
980.0 0.005802248779218644
981.0 0.005671902181347832
982.0 0.005541554855881259
983.0 0.005393307947088033
984.0 0.005245060674496926
985.0 0.005184779729461297
986.0 0.005124498056829907
987.0 0.0051260332838865
988.0 0.005127568874740973
989.0 0.0050065111281583086
990.0 0.004885453745373525
991.0 0.004733222158392891
992.0 0.0045809909352101386
993.0 0.004621271364158019
994.0 0.00466155142930802
995.0 0.004559809894999489
996.0 0.004458067996893078
997.0 0.004445185550139286
998.0 0.004432302375789732
999.0 0.004485926911002025
1000.0 0.004539551446214318
1001.0 0.004473633453017101
1002.0 0.004407715096022002
1003.0 0.004309869109420106
1004.0 0.0042120227590203285
1005.0 0.004205397635814734
1006.0 0.004198772512609139
1007.0 0.004299737702240236
1008.0 0.004400702528073452
1009.0 0.004299122156226076
1010.0 0.0041975417843787
1011.0 0.0041377243178430945
1012.0 0.004077906851307489
1013.0 0.004238071414874867
1014.0 0.004398236342240125
1015.0 0.004261731737642549
1016.0 0.004125227496842854
1017.0 0.004297244595363736
1018.0 0.004469262057682499
1019.0 0.004399065801408142
1020.0 0.004328869545133784
1021.0 0.004333260221756063
1022.0 0.004337650898378342
1023.0 0.004331615491537377
1024.0 0.0043255808122921735
1025.0 0.0043384588934713975
1026.0 0.004351337338448502
1027.0 0.004359172817203216
1028.0 0.00436700829595793
1029.0 0.004449038897291757
1030.0 0.004531069862423465
1031.0 0.0045186749048298225
1032.0 0.00450627994723618
1033.0 0.004641123814508319
1034.0 0.0047759676817804575
1035.0 0.004926840483676642
1036.0 0.005077712921774946
1037.0 0.005231726026977412
1038.0 0.00538573985977564
1039.0 0.005345328099792823
1040.0 0.005304916703607887
1041.0 0.005174582474865019
1042.0 0.005044248246122152
1043.0 0.005456289363792166
1044.0 0.0058683301176643
1045.0 0.005979815250611864
1046.0 0.006091300383559428
1047.0 0.006134615250630304
1048.0 0.006177930481499061
1049.0 0.00632749215583317
1050.0 0.006477053830167279
1051.0 0.006693395698675886
1052.0 0.0069097368395887315
1053.0 0.007244517473736778
1054.0 0.00757929592509754
1055.0 0.007300771540030837
1056.0 0.007022245699772611
1057.0 0.0074980205681640655
1058.0 0.00797379543655552
1059.0 0.008215801062760875
1060.0 0.008457807416561991
1061.0 0.008636283018859103
1062.0 0.008814760076347739
1063.0 0.00901739185792394
1064.0 0.009220026549883187
1065.0 0.009475274418946356
1066.0 0.00973052010522224
1067.0 0.009665985271567479
1068.0 0.009601448982721195
1069.0 0.00990136104519479
1070.0 0.010201269469689578
1071.0 0.010486110113561153
1072.0 0.010770950757432729
1073.0 0.010855785512831062
1074.0 0.010940620995825157
1075.0 0.011165664182044566
1076.0 0.011390706640668213
1077.0 0.012212242290843278
1078.0 0.013033780851401389
1079.0 0.012902826711069793
1080.0 0.012771871115546674
1081.0 0.013520821812562644
1082.0 0.014269775419961661
1083.0 0.014582816220354289
1084.0 0.014895857020746917
1085.0 0.014673572150059044
1086.0 0.014451290189754218
1087.0 0.01529634464532137
1088.0 0.016141397645696998
1089.0 0.01568732113810256
1090.0 0.015233244630508125
1091.0 0.016784305626060814
1092.0 0.018335366621613503
1093.0 0.0182665215106681
1094.0 0.018197674944531173
1095.0 0.01864950027083978
1096.0 0.01910132123157382
1097.0 0.019309126946609467
1098.0 0.019516932661645114
1099.0 0.019869254902005196
1100.0 0.020221575687173754
1101.0 0.021578650921583176
1102.0 0.02293572179041803
1103.0 0.024433067301288247
1104.0 0.025930412812158465
1105.0 0.025983681553043425
1106.0 0.026036950293928385
1107.0 0.02720204065553844
1108.0 0.02836713392753154
1109.0 0.028960214694961905
1110.0 0.029553298372775316
1111.0 0.029797531897202134
1112.0 0.030041768332011998
1113.0 0.03064797492697835
1114.0 0.0312541815219447
1115.0 0.031032509286887944
1116.0 0.03081083414144814
1117.0 0.030820886604487896
1118.0 0.030830939067527652
1119.0 0.03366487508174032
1120.0 0.03649880818556994
1121.0 0.03774322976823896
1122.0 0.038987648440524936
1123.0 0.04043403023388237
1124.0 0.0418804120272398
1125.0 0.04355460696388036
1126.0 0.045228804810903966
1127.0 0.04498171911109239
1128.0 0.04473463341128081
1129.0 0.047259608982130885
1130.0 0.049784581642597914
1131.0 0.05523156141862273
1132.0 0.06067854701541364
1133.0 0.06039799773134291
1134.0 0.06011744262650609
1135.0 0.06591866840608418
1136.0 0.07171989418566227
1137.0 0.07596142822876573
1138.0 0.08020297391340137
1139.0 0.08585118921473622
1140.0 0.09149940451607108
1141.0 0.1023286022245884
1142.0 0.11315778829157352
1143.0 0.15024410095065832
1144.0 0.1873304252512753
1145.0 0.4307965748012066
1146.0 0.6742627359926701
1147.0 1.1985592544078827
1148.0 1.7228562384843826
1149.0 1.7201829701662064
1150.0 1.7175095155835152
