lsstCam/transmission_filter_detector/r33_s11/z_20/19700101T000000.ecsv
# %ECSV 1.0
# ---
# datatype:
# - {name: wavelength, unit: nm, datatype: float32}
# - {name: efficiency, unit: '%', datatype: float64}
# meta: !!omap
# - {MODE: DETECTOR}
# - {TYPE: transmission_filter_detector}
# - {CALIBDATE: '1970-01-01T00:00:00'}
# - {INSTRUME: LSSTCam}
# - {OBSTYPE: transmission_filter_detector}
# - {CALIBCLS: lsst.ip.isr.IntermediateFilterDetectorTransmissionCurve}
# - {SOURCE: Materion (DM-46256)}
# - {DETECTOR: 148}
# - {FILTER: z_20}
# - {CALIB_ID: 'calibDate=1970-01-01T00:00:00 filter=z_20 detector=148'}
# - {DATE: '2025-04-02T15:59:49.325730'}
# - {CALIB_CREATION_DATE: '2025-04-02'}
# - {CALIB_CREATION_TIME: '15:59:49'}
# - __serialized_columns__:
#     efficiency:
#       __class__: astropy.units.quantity.Quantity
#       unit: !astropy.units.Unit {unit: '%'}
#       value: !astropy.table.SerializedColumn {name: efficiency}
#     wavelength:
#       __class__: astropy.units.quantity.Quantity
#       unit: !astropy.units.Unit {unit: nm}
#       value: !astropy.table.SerializedColumn {name: wavelength}
# schema: astropy-2.0
wavelength efficiency
300.0 0.36651387345045805
301.0 0.3251565620303154
302.0 0.28379925061017275
303.0 0.24719496723264456
304.0 0.210590660572052
305.0 0.1813011709600687
306.0 0.15201164642348886
307.0 0.1518566976301372
308.0 0.151701713912189
309.0 0.136278395075351
310.0 0.12085506459698081
311.0 0.11679026065394282
312.0 0.11272543342784047
313.0 0.10823016054928303
314.0 0.10373486438766122
315.0 0.09498436702415347
316.0 0.08623385801911354
317.0 0.0790892809163779
318.0 0.07194469217211008
319.0 0.06748074083589017
320.0 0.06301678367890418
321.0 0.05830141017213464
322.0 0.0535860366653651
323.0 0.052806310122832656
324.0 0.0520265894010663
325.0 0.049391528591513634
326.0 0.046756467781960964
327.0 0.041717616841197014
328.0 0.036678765900433064
329.0 0.035431087599135935
330.0 0.03418341220822185
331.0 0.03488742804620415
332.0 0.03559144388418645
333.0 0.03139381587971002
334.0 0.02719618787523359
335.0 0.027153443079441786
336.0 0.02711069828364998
337.0 0.022372657258529216
338.0 0.017634613323025405
339.0 0.019563446403481066
340.0 0.021492282394319773
341.0 0.018521973106544465
342.0 0.015551660908386111
343.0 0.01552209141664207
344.0 0.015492521924898028
345.0 0.013518257765099406
346.0 0.0115439914225135
347.0 0.013265594316180795
348.0 0.01498719648225233
349.0 0.013966979167889804
350.0 0.012946758943144232
351.0 0.012646110553760082
352.0 0.012345463619567454
353.0 0.012942455941811204
354.0 0.013539452629629523
355.0 0.01233510993188247
356.0 0.011130768689326942
357.0 0.010758812277344987
358.0 0.010386856592958793
359.0 0.010541323717916384
360.0 0.010695792298065498
361.0 0.010311170626664534
362.0 0.009926551865646616
363.0 0.009506622882327065
364.0 0.009086694626603276
365.0 0.009110820246860385
366.0 0.009134945139521733
367.0 0.00881933156051673
368.0 0.008503717253915966
369.0 0.008918219100451097
370.0 0.009332722402177751
371.0 0.008404206892009825
372.0 0.0074756906542461365
373.0 0.00740728501114063
374.0 0.007338878640439361
375.0 0.006400251004379243
376.0 0.005461623004521243
377.0 0.005049486935604364
378.0 0.004637350502889603
379.0 0.005028532541473396
380.0 0.005419714216259308
381.0 0.005738621257478371
382.0 0.006057527571101673
383.0 0.005293194772093557
384.0 0.00452886160928756
385.0 0.004327017813920975
386.0 0.00412517438235227
387.0 0.004527924465946853
388.0 0.004930674549541436
389.0 0.00484952652186621
390.0 0.004768379221786745
391.0 0.0039932026993483305
392.0 0.003218026540707797
393.0 0.003572570494725369
394.0 0.003927114812540822
395.0 0.0035821540222968906
396.0 0.00323719359585084
397.0 0.0036761706724064425
398.0 0.004115147748962045
399.0 0.004137308496865444
400.0 0.004159469244768843
401.0 0.004377512232167646
402.0 0.0045955552195664495
403.0 0.004081219594809227
404.0 0.0035668843338498846
405.0 0.0035764023778028786
406.0 0.0035859207855537534
407.0 0.004124906627112068
408.0 0.004663892832468264
409.0 0.0035141703847330064
410.0 0.0023644483007956296
411.0 0.0032105752325151116
412.0 0.004056702528032474
413.0 0.004365674976725131
414.0 0.004674647425417788
415.0 0.004668872497859411
416.0 0.0046630975703010336
417.0 0.0033472009818069637
418.0 0.002031304393312894
419.0 0.0029134762371541
420.0 0.0037956480809953064
421.0 0.003637789632193744
422.0 0.003479931183392182
423.0 0.0034528926335042343
424.0 0.0034258544474141672
425.0 0.003023503813892603
426.0 0.0026211535441689193
427.0 0.0031745381420478225
428.0 0.0037279227399267256
429.0 0.003132349593215622
430.0 0.0025367759008076973
431.0 0.0016586614947300404
432.0 0.0007805467248545028
433.0 0.0016113164747366682
434.0 0.0024420862246188335
435.0 0.0031380892323795706
436.0 0.0038340920582413673
437.0 0.003294845373602584
438.0 0.0027555990527616814
439.0 0.0024613196728751063
440.0 0.002167040111089591
441.0 0.0023851980586186983
442.0 0.0026033560061478056
443.0 0.002492912608431652
444.0 0.0023824692107154988
445.0 0.0022727310351911
446.0 0.0021629930415656418
447.0 0.002550526005506981
448.0 0.0029380589694483206
449.0 0.0024594781280029565
450.0 0.001980897468456533
451.0 0.002032058182521723
452.0 0.0020832188965869136
453.0 0.0018683031157706864
454.0 0.0016533873349544592
455.0 0.0017810443750931881
456.0 0.0019087015971308574
457.0 0.0016053920262493193
458.0 0.0013020820915699005
459.0 0.0017532454876345582
460.0 0.0022044087018002756
461.0 0.0016056636013672687
462.0 0.0010069185009342618
463.0 0.001206394335895311
464.0 0.0014058702618058305
465.0 0.0012826521015085746
466.0 0.0011594339412113186
467.0 0.001040005918184761
468.0 0.000920577713259263
469.0 0.0010340329026803374
470.0 0.001147488092101412
471.0 0.0013336059964785818
472.0 0.0015197239918052219
473.0 0.0014418467799259815
474.0 0.0013639697499456815
475.0 0.0014644851944467518
476.0 0.0015650004570488818
477.0 0.0016006721125449985
478.0 0.0016363437680411153
479.0 0.00195644170162268
480.0 0.0022765398171031848
481.0 0.0017733587810653262
482.0 0.001270177926926408
483.0 0.0013099564966978505
484.0 0.0013497353393177036
485.0 0.0014114012628851924
486.0 0.0014730673683516216
487.0 0.0013906739695812576
488.0 0.0013082806617603637
489.0 0.0016312131265294738
490.0 0.0019541457731975242
491.0 0.001772800533217378
492.0 0.0015914556570351124
493.0 0.0016394171325373463
494.0 0.001687378971837461
495.0 0.0015911227819742635
496.0 0.0014948665011615958
497.0 0.001786484608601313
498.0 0.0020781028069905005
499.0 0.0018504058971302584
500.0 0.0016227089872700162
501.0 0.0012904409231850877
502.0 0.0009581731319485698
503.0 0.0009174074875772931
504.0 0.0008766418432060163
505.0 0.0015927915228530765
506.0 0.002308940929651726
507.0 0.0015991849068086594
508.0 0.0008894285201677121
509.0 0.0010382354048488196
510.0 0.0011870421076309867
511.0 0.0011037500371458009
512.0 0.0010204577847616747
513.0 0.0010749470675364137
514.0 0.0011294362593616825
515.0 0.0011224908121221233
516.0 0.0011155450010846835
517.0 0.0010326346455258317
518.0 0.00094972428996698
519.0 0.0011545180313987657
520.0 0.0013593118637800217
521.0 0.0013270148883748334
522.0 0.0012947180039191153
523.0 0.0015088622603798285
524.0 0.0017230062439921312
525.0 0.0015193179933703505
526.0 0.0013156297427485697
527.0 0.0012625469935301226
528.0 0.0012094644262106158
529.0 0.0013604423656943254
530.0 0.0015114203961275052
531.0 0.0016173007679753937
532.0 0.0017231814126716927
533.0 0.0016099664208013564
534.0 0.0014967516108299606
535.0 0.0015013544725661632
536.0 0.0015059573343023658
537.0 0.0015558409359073266
538.0 0.0016057245375122875
539.0 0.0012863581105193589
540.0 0.0009669917744759005
541.0 0.0010604457202134654
542.0 0.0011538993931026198
543.0 0.0009958650480257347
544.0 0.0008378307938983198
545.0 0.001118334967031842
546.0 0.0013988393220643047
547.0 0.0015006215107860044
548.0 0.0016024036085582338
549.0 0.0019466249796096236
550.0 0.0022908463506610133
551.0 0.0021115482013556175
552.0 0.0019322504158481024
553.0 0.001967688513104804
554.0 0.0020031266103615053
555.0 0.0017198895875480957
556.0 0.0014366526556841563
557.0 0.001367252571071731
558.0 0.0012978528502571862
559.0 0.0012876137589046266
560.0 0.001277374667552067
561.0 0.0012229581443534698
562.0 0.0011685417121043429
563.0 0.0014477051081485115
564.0 0.0017268685041926801
565.0 0.001858508949226234
566.0 0.001990149394259788
567.0 0.0020461964595597237
568.0 0.002102243342960719
569.0 0.0024136983483913355
570.0 0.0027251535357208923
571.0 0.0027429992769612
572.0 0.002760845200100448
573.0 0.0022677864762954414
574.0 0.001774727388692554
575.0 0.001690121462161187
576.0 0.0016055153537308797
577.0 0.0018071843442157842
578.0 0.0020088533347006887
579.0 0.0019413879272178747
580.0 0.001873922701634001
581.0 0.0020976160158170387
582.0 0.002321309511899017
583.0 0.002009620402532164
584.0 0.0016979314750642516
585.0 0.002063223655568436
586.0 0.0024285156541736796
587.0 0.0020110355762881227
588.0 0.0015935558622004464
589.0 0.0014133269360172562
590.0 0.0012330981917330064
591.0 0.0014493717571895104
592.0 0.001665645686443895
593.0 0.0010633477359078825
594.0 0.00046105001274554525
595.0 0.0008127421097015031
596.0 0.0011644340702332556
597.0 0.0008356258149433415
598.0 0.0005068172413302818
599.0 0.0008608808457211126
600.0 0.0012149444046372082
601.0 0.0009957521797332447
602.0 0.0007765599548292812
603.0 0.001160283682111185
604.0 0.0015440073184436187
605.0 0.0013370780834520701
606.0 0.0011301489394099917
607.0 0.0010283727533533238
608.0 0.0009265968401450664
609.0 0.0008727523891138844
610.0 0.0008189078471332323
611.0 0.0011589323548832908
612.0 0.0014989568626333494
613.0 0.0014924985407560598
614.0 0.001486040582676651
615.0 0.0015050727597554214
616.0 0.001524105027783662
617.0 0.0016410076568718068
618.0 0.0017579106497578323
619.0 0.001609500395716168
620.0 0.0014610901416745037
621.0 0.0015677362171118148
622.0 0.0016743822925491259
623.0 0.0012226888429722749
624.0 0.0007709953024459537
625.0 0.0010992617717420217
626.0 0.001427527968189679
627.0 0.0017036622011801228
628.0 0.0019797964341705665
629.0 0.0019283266738057137
630.0 0.0018768567315419205
631.0 0.0022509824702865444
632.0 0.0026251078452332877
633.0 0.002848398798960261
634.0 0.003071689570788294
635.0 0.005589163993136026
636.0 0.008106638415483758
637.0 0.01485931861680001
638.0 0.02161200245609507
639.0 0.0198648966033943
640.0 0.018117793661076576
641.0 0.015856245590839535
642.0 0.013594696065410972
643.0 0.009773664351087064
644.0 0.0059526326367631555
645.0 0.006354184733936563
646.0 0.006755736103514209
647.0 0.006332956400001422
648.0 0.005910177424084395
649.0 0.00477801077067852
650.0 0.0036458448448684067
651.0 0.0037013498513260856
652.0 0.003756854493985884
653.0 0.0031063416827237234
654.0 0.002455829053360503
655.0 0.0024225850211223587
656.0 0.002389340806985274
657.0 0.0026626124963513575
658.0 0.00293588364002062
659.0 0.0023154150767368264
660.0 0.0016949465134530328
661.0 0.002279836917296052
662.0 0.002864727321139071
663.0 0.0024137947548297234
664.0 0.001962862370419316
665.0 0.001772004361555446
666.0 0.0015811467164894566
667.0 0.0014076235856919084
668.0 0.0012341004548943602
669.0 0.00135373475131928
670.0 0.0014733689567947295
671.0 0.0015390773114631884
672.0 0.0016047855751821771
673.0 0.0015140955838433001
674.0 0.0014234054106054828
675.0 0.0011220316082471982
676.0 0.0008206578968383837
677.0 0.0011679691851895768
678.0 0.00151528056449024
679.0 0.0016299942217301577
680.0 0.001744708242767956
681.0 0.0021355766875785775
682.0 0.0025264453142881393
683.0 0.0026901760065811686
684.0 0.002853906698874198
685.0 0.0023976408556336537
686.0 0.0019413750123931095
687.0 0.0019366256310604513
688.0 0.001931876249727793
689.0 0.002393902286712546
690.0 0.0028559283236972988
691.0 0.002377428245381452
692.0 0.0018989278032677248
693.0 0.002276743180118501
694.0 0.002654558738868218
695.0 0.0033080967114074156
696.0 0.003961635229643434
697.0 0.004091409573447891
698.0 0.004221184281050228
699.0 0.0057214485423173755
700.0 0.007221713167382404
701.0 0.007133962935768068
702.0 0.00704621197655797
703.0 0.00664097533444874
704.0 0.006235741602722555
705.0 0.005025565042160451
706.0 0.0038153899367898703
707.0 0.00344454929290805
708.0 0.0030737090128241107
709.0 0.003734868732863106
710.0 0.004396028452902101
711.0 0.00426262486143969
712.0 0.00412922163377516
713.0 0.00318782840622589
714.0 0.0022464349967776798
715.0 0.0023435648472514004
716.0 0.0024406943339272402
717.0 0.001975379382201936
718.0 0.0015100642485776916
719.0 0.0015740408343845047
720.0 0.0016380174201913178
721.0 0.0020320530893513933
722.0 0.0024260887585114688
723.0 0.0024198092432925478
724.0 0.002413529909972567
725.0 0.0014330876183521468
726.0 0.00045264528125699144
727.0 0.0009412623512616847
728.0 0.001429879466741113
729.0 0.0012346506991889328
730.0 0.001039421658788342
731.0 0.000719201898391475
732.0 0.0003989821379946079
733.0 0.0008236449502874166
734.0 0.0012483079444791656
735.0 0.001372449241898721
736.0 0.001496590721217217
737.0 0.0013033277355134487
738.0 0.0011100647498096805
739.0 0.0014561260286427569
740.0 0.0018021873984253034
741.0 0.0015073920621944126
742.0 0.0012125967259635217
743.0 0.0013146645869710483
744.0 0.0014167323570291046
745.0 0.0017905047570820898
746.0 0.002164277611882426
747.0 0.002161741576856002
748.0 0.002159205723728519
749.0 0.0028400880182744004
750.0 0.0035209701309213415
751.0 0.0030090261134319007
752.0 0.00249708209594246
753.0 0.002523134207876865
754.0 0.00254918650171021
755.0 0.002092992508551106
756.0 0.0016367983334930614
757.0 0.0020601044525392354
758.0 0.0024834102077875286
759.0 0.002570151991676539
760.0 0.002656893411767669
761.0 0.004512667510425672
762.0 0.006368440517690033
763.0 0.006181155185913667
764.0 0.005993868762743659
765.0 0.005118983972351998
766.0 0.004244098090566695
767.0 0.004228400212014094
768.0 0.0042127019696636125
769.0 0.005152459198143333
770.0 0.006092216062825173
771.0 0.005316340684657916
772.0 0.00454046567028854
773.0 0.004181342956144363
774.0 0.003822220242000185
775.0 1.5954307102869492e-10
776.0 0.03980750625487417
777.0 1.5954307102869492e-10
778.0 0.044788719969801605
779.0 1.5954307102869492e-10
780.0 0.10168077424168587
781.0 0.072341418126598
782.0 0.16158042708411813
783.0 0.10348052019253373
784.0 0.043806759640574455
785.0 0.08556692046113312
786.0 0.02398675715085119
787.0 0.09842528961598873
788.0 0.015485408948734403
789.0 0.17218288267031312
790.0 1.5954307102869492e-10
791.0 0.07093302556313574
792.0 0.011412095045670867
793.0 0.01582473050802946
794.0 1.5954307102869492e-10
795.0 0.10774513939395547
796.0 0.04160437092650682
797.0 1.5954307102869492e-10
798.0 0.10539782233536243
799.0 0.15828839968889952
800.0 0.05654581473208964
801.0 0.3746394766494632
802.0 0.6226254161447287
803.0 0.8831220678985119
804.0 1.4694232493638992
805.0 2.4619456380605698
806.0 3.6398902535438538
807.0 5.381523445248604
808.0 7.381763309240341
809.0 9.917321801185608
810.0 13.053737580776215
811.0 16.2796288728714
812.0 19.32707130908966
813.0 22.179242968559265
814.0 25.03792643547058
815.0 28.8905531167984
816.0 33.4804892539978
817.0 39.17882442474365
818.0 44.804808497428894
819.0 50.589942932128906
820.0 58.33882689476013
821.0 65.85617065429688
822.0 72.10147380828857
823.0 78.15676927566528
824.0 83.71487855911255
825.0 88.37359547615051
826.0 92.0856237411499
827.0 95.03040313720703
828.0 97.29442596435547
829.0 98.7287163734436
830.0 98.81134629249573
831.0 99.02483224868774
832.0 98.45213890075684
833.0 99.65214729309082
834.0 98.50586652755737
835.0 99.25976395606995
836.0 99.1416871547699
837.0 99.31689500808716
838.0 98.09805750846863
839.0 98.81786108016968
840.0 99.0366518497467
841.0 99.62860345840454
842.0 99.45141077041626
843.0 100.01366138458252
844.0 98.10528755187988
845.0 98.56692552566528
846.0 98.80493879318237
847.0 98.76270890235901
848.0 100.07158517837524
849.0 98.98708462715149
850.0 98.51126670837402
851.0 99.1557776927948
852.0 99.23700094223022
853.0 98.7433910369873
854.0 99.82587695121765
855.0 98.74942302703857
856.0 98.99560809135437
857.0 98.39705228805542
858.0 98.76236319541931
859.0 99.0411639213562
860.0 98.74683618545532
861.0 98.89553785324097
862.0 98.7162709236145
863.0 98.57296347618103
864.0 99.62183237075806
865.0 100.18092393875122
866.0 99.13754463195801
867.0 99.64749217033386
868.0 99.51304793357849
869.0 98.57868552207947
870.0 97.97803163528442
871.0 98.9393413066864
872.0 99.44325685501099
873.0 99.23463463783264
874.0 99.67199563980103
875.0 99.00681972503662
876.0 98.99272918701172
877.0 99.47054982185364
878.0 99.21041131019592
879.0 99.03929829597473
880.0 98.44785332679749
881.0 100.10597705841064
882.0 98.99783134460449
883.0 99.03655052185059
884.0 99.23250079154968
885.0 99.2718517780304
886.0 98.88744354248047
887.0 99.01891946792603
888.0 98.99280667304993
889.0 99.64801073074341
890.0 98.70761632919312
891.0 99.54772591590881
892.0 98.91574382781982
893.0 98.893803358078
894.0 98.30935001373291
895.0 99.83301758766174
896.0 99.25320148468018
