lsstCam/transmission_filter_detector/r13_s22/u_24/19700101T000000.ecsv
# %ECSV 1.0
# ---
# datatype:
# - {name: wavelength, unit: nm, datatype: float32}
# - {name: efficiency, unit: '%', datatype: float64}
# meta: !!omap
# - {MODE: DETECTOR}
# - {TYPE: transmission_filter_detector}
# - {CALIBDATE: '1970-01-01T00:00:00'}
# - {INSTRUME: LSSTCam}
# - {OBSTYPE: transmission_filter_detector}
# - {CALIBCLS: lsst.ip.isr.IntermediateFilterDetectorTransmissionCurve}
# - {SOURCE: Materion (DM-46256)}
# - {DETECTOR: 62}
# - {FILTER: u_24}
# - {CALIB_ID: 'calibDate=1970-01-01T00:00:00 filter=u_24 detector=62'}
# - {DATE: '2025-04-02T15:59:40.036378'}
# - {CALIB_CREATION_DATE: '2025-04-02'}
# - {CALIB_CREATION_TIME: '15:59:40'}
# - __serialized_columns__:
#     efficiency:
#       __class__: astropy.units.quantity.Quantity
#       unit: !astropy.units.Unit {unit: '%'}
#       value: !astropy.table.SerializedColumn {name: efficiency}
#     wavelength:
#       __class__: astropy.units.quantity.Quantity
#       unit: !astropy.units.Unit {unit: nm}
#       value: !astropy.table.SerializedColumn {name: wavelength}
# schema: astropy-2.0
wavelength efficiency
[from data line 582]
877.0 0.0024647819373058155
878.0 0.002558743108238559
879.0 0.002724855767155532
880.0 0.002890969335567206
881.0 0.003042683601961471
882.0 0.003194398232153617
883.0 0.002890588621085044
884.0 0.002586779373814352
885.0 0.002562421104812529
886.0 0.0025380630177096464
887.0 0.00232084439630853
888.0 0.0021036261387052946
889.0 0.0020700917957583442
890.0 0.0020365576347103342
891.0 0.002331349787709769
892.0 0.0026261419407092035
893.0 0.0024666394892847165
894.0 0.0023071364921634085
895.0 0.002662265433173161
896.0 0.003017394192283973
897.0 0.0036255194572731853
898.0 0.004233644722262397
899.0 0.004276393156033009
900.0 0.00431914086220786
901.0 0.00432993438153062
902.0 0.0043407279008533806
903.0 0.004581514076562598
904.0 0.004822300616069697
905.0 0.004974277544533834
906.0 0.005126254472997971
907.0 0.005416417116066441
908.0 0.005706580122932792
909.0 0.005704336581402458
910.0 0.005702093039872125
911.0 0.0058520126913208514
912.0 0.006001932706567459
913.0 0.005846065687364899
914.0 0.005690197940566577
915.0 0.005025286736781709
916.0 0.004360375532996841
917.0 0.003945169737562537
918.0 0.0035299643059261143
919.0 0.004025488306069747
920.0 0.004521012306213379
921.0 0.004571556200971827
922.0 0.004622099731932394
923.0 0.005516344026545994
924.0 0.00641058650217019
925.0 0.00666273117531091
926.0 0.006914875848451629
927.0 0.007412537524942309
928.0 0.007910197018645704
929.0 0.007817974255885929
930.0 0.007725752220721915
931.0 0.007319253927562386
932.0 0.006912754906807095
933.0 0.006834977102698758
934.0 0.006757199298590422
935.0 0.006914819095982239
936.0 0.007072438893374056
937.0 0.0070857699029147625
938.0 0.007099103095242754
939.0 0.007060193456709385
940.0 0.007021283090580255
941.0 0.006184828089317307
942.0 0.005348371632862836
943.0 0.004334078766987659
944.0 0.003319785901112482
945.0 0.002646908978931606
946.0 0.0019740320567507297
947.0 0.001669474113441538
948.0 0.0013649162610818166
949.0 0.001332889951299876
950.0 0.0013008636415179353
951.0 0.0013826986105414107
952.0 0.0014645335795648862
953.0 0.0015347950466093607
954.0 0.0016050567865022458
955.0 0.002183216747653205
956.0 0.002761376708804164
957.0 0.0028233482225914486
958.0 0.0028853190087829717
959.0 0.003141727574984543
960.0 0.003398135959287174
961.0 0.0037139601772651076
962.0 0.004029784395243041
963.0 0.004290010838303715
964.0 0.004550237281364389
965.0 0.004634801371139474
966.0 0.004719366188510321
967.0 0.00477215726277791
968.0 0.004824948700843379
969.0 0.004706727122538723
970.0 0.0045885051804361865
971.0 0.004689974957727827
972.0 0.004791444371221587
973.0 0.004698457996710204
974.0 0.004605470894603059
975.0 0.004231935236020945
976.0 0.00385839884984307
977.0 0.0036499495763564482
978.0 0.003441499575274065
979.0 0.0032609728805255145
980.0 0.0030804454581812024
981.0 0.0029785913284285925
982.0 0.002876736834878102
983.0 0.002922673047578428
984.0 0.0029686090783798136
985.0 0.0033889100450323895
986.0 0.0038092111935839057
987.0 0.0041416358726564795
988.0 0.004474060551729053
989.0 0.005482778215082362
990.0 0.00649149515083991
991.0 0.006462333112722263
992.0 0.006433171074604616
993.0 0.006894634861964732
994.0 0.007356098649324849
995.0 0.0069044930569361895
996.0 0.006452883826568723
997.0 0.006415540701709688
998.0 0.006378200487233698
999.0 0.006437299452954903
1000.0 0.006496397691080347
1001.0 0.0060012651374563575
1002.0 0.005506131856236607
1003.0 0.00514224884682335
1004.0 0.004778366201207973
1005.0 0.004882977373199537
1006.0 0.00498758781759534
1007.0 0.004909937706543133
1008.0 0.00483228504890576
1009.0 0.0043938813178101555
1010.0 0.003955478314310312
1011.0 0.0038057252822909504
1012.0 0.003655971886473708
1013.0 0.0031215109629556537
1014.0 0.00258705022133654
1015.0 0.002255399704154115
1016.0 0.0019237493688706309
1017.0 0.001632771636650432
1018.0 0.0013417935406323522
1019.0 0.0011664916200970765
1020.0 0.0009911894267133903
1021.0 0.000977801300905412
1022.0 0.000964413266046904
1023.0 0.0010485334314580541
1024.0 0.0011326535968692042
1025.0 0.0013429995306069031
1026.0 0.0015533456462435424
1027.0 0.0013149649930710439
1028.0 0.0010765839761006646
1029.0 0.001050391983881127
1030.0 0.00102420017356053
1031.0 0.00164246102940524
1032.0 0.0022607222490478307
1033.0 0.002182590469601564
1034.0 0.002104458872054238
1035.0 0.002358333222218789
1036.0 0.0026122073904844
1037.0 0.0025784107492654584
1038.0 0.002544614289945457
1039.0 0.00234798662859248
1040.0 0.0021513593310373835
1041.0 0.001776380668161437
1042.0 0.0014014024600328412
1043.0 0.0014007435311214067
1044.0 0.0014000847841089126
1045.0 0.001306282229052158
1046.0 0.0012124797649448738
1047.0 0.0014076504157856107
1048.0 0.0016028214304242283
1049.0 0.0013742039300268516
1050.0 0.001145585974882124
1051.0 0.0012413375770847779
1052.0 0.0013370889973884914
1053.0 0.0009197691724693868
1054.0 0.0005024491656513419
1055.0 0.0003886527792928973
1056.0 0.0002748567339949659
1057.0 0.0008936806807469111
1058.0 0.001512504695710959
1059.0 0.0008085361514531542
1060.0 0.00010456769814481959
1061.0 0.001014618555927882
1062.0 0.001924669231812004
1063.0 0.001949358920683153
1064.0 0.001974048063857481
1065.0 0.0014253590961743612
1066.0 0.0008766702194407117
1067.0 0.0007079240276652854
1068.0 0.0005391771082940977
1069.0 0.0016951715224422514
1070.0 0.0028511654818430543
1071.0 0.0017772408682503738
1072.0 0.0007033163456071634
1073.0 0.0011044361599488184
1074.0 0.0015055558833410032
1075.0 0.002992938971146941
1076.0 0.004480321513256058
1077.0 0.004883626752416603
1078.0 0.005286932355375029
1079.0 0.0056765875342534855
1080.0 0.006066239802748896
1081.0 0.004173896377324127
1082.0 0.002281552770000417
1083.0 0.002282054992974736
1084.0 0.002282557215949055
1085.0 0.003407078474992886
1086.0 0.004531598824542016
1087.0 0.0041511451854603365
1088.0 0.0037706911825807765
1089.0 0.005515289740287699
1090.0 0.007259888661792502
1091.0 0.005122885340824723
1092.0 0.002985882201755885
1093.0 0.002304457302670926
1094.0 0.0016230327673838474
1095.0 0.001480570062994957
1096.0 0.0013381078133534174
1097.0 0.0019679713659570552
1098.0 0.0025978355552069843
1099.0 0.0021101568563608453
1100.0 0.0016224783394136466
