lsstCam/transmission_filter_detector/r13_s22/u_24/19700101T000000.ecsv
# %ECSV 1.0
# ---
# datatype:
# - {name: wavelength, unit: nm, datatype: float32}
# - {name: efficiency, unit: '%', datatype: float64}
# meta: !!omap
# - {MODE: DETECTOR}
# - {TYPE: transmission_filter_detector}
# - {CALIBDATE: '1970-01-01T00:00:00'}
# - {INSTRUME: LSSTCam}
# - {OBSTYPE: transmission_filter_detector}
# - {CALIBCLS: lsst.ip.isr.IntermediateFilterDetectorTransmissionCurve}
# - {SOURCE: Materion (DM-46256)}
# - {DETECTOR: 62}
# - {FILTER: u_24}
# - {CALIB_ID: 'calibDate=1970-01-01T00:00:00 filter=u_24 detector=62'}
# - {DATE: '2025-04-02T15:59:40.036378'}
# - {CALIB_CREATION_DATE: '2025-04-02'}
# - {CALIB_CREATION_TIME: '15:59:40'}
# - __serialized_columns__:
#     efficiency:
#       __class__: astropy.units.quantity.Quantity
#       unit: !astropy.units.Unit {unit: '%'}
#       value: !astropy.table.SerializedColumn {name: efficiency}
#     wavelength:
#       __class__: astropy.units.quantity.Quantity
#       unit: !astropy.units.Unit {unit: nm}
#       value: !astropy.table.SerializedColumn {name: wavelength}
# schema: astropy-2.0
wavelength efficiency
295.0 1.5958125662920986e-10
296.0 1.5958125662920986e-10
297.0 1.5958125662920986e-10
298.0 1.5958125662920986e-10
299.0 1.5958125662920986e-10
300.0 1.5958125662920986e-10
301.0 1.5958125662920986e-10
302.0 1.5958125662920986e-10
303.0 0.053834967548027635
304.0 0.26168301701545715
305.0 0.624727550894022
306.0 1.5876667574048042
307.0 3.3209532499313354
308.0 5.19217774271965
309.0 8.447153866291046
310.0 11.6997629404068
311.0 15.47546535730362
312.0 19.296830892562866
313.0 22.371400892734528
314.0 25.512200593948364
315.0 27.91750133037567
316.0 29.992669820785522
317.0 32.534971833229065
318.0 35.229817032814026
319.0 38.91274034976959
320.0 44.37721371650696
321.0 49.622517824172974
322.0 55.669862031936646
323.0 61.30165457725525
324.0 65.8064603805542
325.0 69.03305649757385
326.0 71.47944569587708
327.0 73.3902633190155
328.0 75.1363217830658
329.0 76.44367218017578
330.0 77.82339453697205
331.0 78.60767245292664
332.0 78.94631028175354
333.0 79.01031970977783
334.0 78.99780869483948
335.0 79.03791069984436
336.0 79.22141551971436
337.0 79.7239601612091
338.0 80.58820366859436
339.0 81.1734676361084
340.0 81.65252208709717
341.0 82.17179775238037
342.0 82.42033123970032
343.0 82.41273760795593
344.0 82.55764842033386
345.0 82.96935558319092
346.0 83.300119638443
347.0 83.6999237537384
348.0 83.88107419013977
349.0 84.11994576454163
350.0 84.15585160255432
351.0 84.37778353691101
352.0 84.28342938423157
353.0 84.14375185966492
354.0 84.0912938117981
355.0 84.34708714485168
356.0 84.45846438407898
357.0 84.43125486373901
358.0 84.17136073112488
359.0 83.91370177268982
360.0 83.78718495368958
361.0 83.56239199638367
362.0 83.38309526443481
363.0 83.5306465625763
364.0 83.59524011611938
365.0 83.87537002563477
366.0 84.08752083778381
367.0 84.07275080680847
368.0 84.13483500480652
369.0 84.14801359176636
370.0 83.89208912849426
371.0 83.71784090995789
372.0 83.70767831802368
373.0 83.85918140411377
374.0 83.9076578617096
375.0 84.14626121520996
376.0 84.2628538608551
377.0 84.32833552360535
378.0 84.34985876083374
379.0 84.15215611457825
380.0 83.43514204025269
381.0 82.17389583587646
382.0 80.40119409561157
383.0 78.41805219650269
384.0 76.34879946708679
385.0 73.98505806922913
386.0 71.58300280570984
387.0 68.3470606803894
388.0 65.09652137756348
389.0 61.07773184776306
390.0 57.04559087753296
391.0 52.795904874801636
392.0 48.36830198764801
393.0 44.62561905384064
394.0 41.33512079715729
395.0 37.91956603527069
396.0 34.33845043182373
397.0 29.524049162864685
398.0 23.87378364801407
399.0 17.118017375469208
400.0 10.882614552974701
401.0 6.019752845168114
402.0 2.6713410392403603
403.0 0.8539726957678795
404.0 0.292796129360795
405.0 0.11801645159721375
406.0 0.040278988308273256
407.0 0.02812180609907955
408.0 0.010978350474033505
409.0 1.5958125662920986e-10
410.0 1.5958125662920986e-10
411.0 1.5958125662920986e-10
412.0 1.5958125662920986e-10
413.0 1.5958125662920986e-10
414.0 1.5958125662920986e-10
415.0 1.5958125662920986e-10
416.0 1.5958125662920986e-10
417.0 1.5958125662920986e-10
418.0 1.5958125662920986e-10
419.0 1.5958125662920986e-10
420.0 1.5958125662920986e-10
421.0 1.5958125662920986e-10
422.0 1.5958125662920986e-10
423.0 1.5958125662920986e-10
424.0 1.5958125662920986e-10
425.0 1.5958125662920986e-10
426.0 1.5958125662920986e-10
427.0 0.0001302284658777353
428.0 0.0016683112335158512
429.0 0.0018008486222242936
430.0 0.0019333856471348554
431.0 0.0009020782272273209
432.0 1.5958125662920986e-10
433.0 0.0008132589755405206
434.0 0.0017557469618623145
435.0 0.0014211713278200477
436.0 0.0010865961485251319
437.0 1.5958125662920986e-10
438.0 1.5958125662920986e-10
439.0 1.5958125662920986e-10
440.0 0.0013803812180412933
441.0 1.5958125662920986e-10
442.0 1.5958125662920986e-10
443.0 1.5958125662920986e-10
444.0 1.5958125662920986e-10
445.0 1.5958125662920986e-10
446.0 1.5958125662920986e-10
447.0 1.5958125662920986e-10
448.0 1.5958125662920986e-10
449.0 0.00032199218367168214
450.0 0.0016531406799913384
451.0 1.5958125662920986e-10
452.0 1.5958125662920986e-10
453.0 1.5958125662920986e-10
454.0 1.5958125662920986e-10
455.0 1.5958125662920986e-10
456.0 1.5958125662920986e-10
457.0 1.5958125662920986e-10
458.0 1.5958125662920986e-10
459.0 1.5958125662920986e-10
460.0 1.5958125662920986e-10
461.0 1.5958125662920986e-10
462.0 1.567584462236482e-05
463.0 1.5958125662920986e-10
464.0 1.5958125662920986e-10
465.0 1.5516283369265693e-06
466.0 0.00010275063004883123
467.0 1.5958125662920986e-10
468.0 1.5958125662920986e-10
469.0 1.5958125662920986e-10
470.0 0.00019207886907679494
471.0 1.5958125662920986e-10
472.0 1.5958125662920986e-10
473.0 1.5958125662920986e-10
474.0 1.5958125662920986e-10
475.0 1.5958125662920986e-10
476.0 0.00019869189600285608
477.0 0.0005185844202060252
478.0 0.0008384770808333997
479.0 0.0006616759037569864
480.0 0.00048487490857951343
481.0 0.0004389203240862116
482.0 0.0003929657395929098
483.0 5.5336789728244185e-05
484.0 1.5958125662920986e-10
485.0 1.5958125662920986e-10
486.0 1.5958125662920986e-10
487.0 1.5958125662920986e-10
488.0 1.5958125662920986e-10
489.0 1.5958125662920986e-10
490.0 1.5958125662920986e-10
491.0 1.5958125662920986e-10
492.0 1.759750460905707e-05
493.0 1.5958125662920986e-10
494.0 1.5958125662920986e-10
495.0 2.81344568975328e-05
496.0 0.0011008807632606477
497.0 0.0005912484539294383
498.0 8.161583195942512e-05
499.0 0.0002743416416706168
500.0 0.00046706759349035565
501.0 0.0002194011585743283
502.0 1.5958125662920986e-10
503.0 1.5958125662920986e-10
504.0 1.5958125662920986e-10
505.0 1.5958125662920986e-10
506.0 0.0002783601075861952
507.0 1.5958125662920986e-10
508.0 1.5958125662920986e-10
509.0 1.5958125662920986e-10
510.0 1.5958125662920986e-10
511.0 0.0001852877858254942
512.0 0.0006429171662603039
513.0 0.0004990749403077643
514.0 0.00035523246424418176
515.0 0.00027693924948835047
516.0 0.00019864608020725427
517.0 2.0275240331102395e-05
518.0 1.5958125662920986e-10
519.0 0.00013160045000404352
520.0 0.0004212965450278716
521.0 0.00047776779865671415
522.0 0.0005342390068108216
523.0 0.00015303414784284541
524.0 1.5958125662920986e-10
525.0 1.5958125662920986e-10
526.0 1.5958125662920986e-10
527.0 1.5958125662920986e-10
528.0 1.5958125662920986e-10
529.0 1.5958125662920986e-10
530.0 1.5958125662920986e-10
531.0 1.5958125662920986e-10
532.0 0.00031972917895473074
533.0 1.5958125662920986e-10
534.0 1.5958125662920986e-10
535.0 1.5958125662920986e-10
536.0 1.5958125662920986e-10
537.0 1.5958125662920986e-10
538.0 1.5958125662920986e-10
539.0 1.5958125662920986e-10
540.0 0.0001322214416177303
541.0 1.5958125662920986e-10
542.0 1.5958125662920986e-10
543.0 1.5958125662920986e-10
544.0 1.5958125662920986e-10
545.0 1.5958125662920986e-10
546.0 1.5958125662920986e-10
547.0 4.587022885971237e-05
548.0 0.00023253778635989875
549.0 1.5958125662920986e-10
550.0 1.5958125662920986e-10
551.0 1.5958125662920986e-10
552.0 1.5958125662920986e-10
553.0 1.5958125662920986e-10
554.0 1.5958125662920986e-10
555.0 1.5958125662920986e-10
556.0 1.5958125662920986e-10
557.0 1.5958125662920986e-10
558.0 1.5958125662920986e-10
559.0 1.5958125662920986e-10
560.0 8.917098170968529e-05
561.0 1.5958125662920986e-10
562.0 1.5958125662920986e-10
563.0 1.5958125662920986e-10
564.0 1.5958125662920986e-10
565.0 1.5958125662920986e-10
566.0 1.5958125662920986e-10
567.0 1.5958125662920986e-10
568.0 1.5958125662920986e-10
569.0 0.0002946312179119559
570.0 0.0006233956810319796
571.0 0.0005165962193132145
572.0 0.0004097968940186547
573.0 0.0005008088919566944
574.0 0.000591821344642085
575.0 0.0003496817726045265
576.0 0.00010754239383459208
577.0 0.00015914564528429764
578.0 0.00021074890810268698
579.0 0.0004577021627483191
580.0 0.0007046553946565837
581.0 0.0008457717740384396
582.0 0.0009868885172181763
583.0 0.0013743194358539768
584.0 0.001761750718287658
585.0 0.0015123751836654264
586.0 0.0012629993761947844
587.0 0.0012015700121992268
588.0 0.0011401406482036691
589.0 0.0011023827028111555
590.0 0.001064624302671291
591.0 0.0009964254786609672
592.0 0.0009282264727517031
593.0 0.0008139528290485032
594.0 0.0006996787305979524
595.0 0.00071023996497388
596.0 0.0007208007900771918
597.0 0.0009635382411943283
598.0 0.0012062754649377894
599.0 0.0016361742382287048
600.0 0.00206607292057015
601.0 0.0022271300622378476
602.0 0.0023881873858044855
603.0 0.0020802697690669447
604.0 0.0017723523342283443
605.0 0.0014981469576014206
606.0 0.0012239413990755565
607.0 0.0011561760402400978
608.0 0.001088410681404639
609.0 0.0006874361588415923
610.0 0.0002864617044906481
611.0 0.0004097156761417864
612.0 0.0005329696705302922
613.0 0.000568907626075088
614.0 0.0006048455361451488
615.0 0.0006865458090032917
616.0 0.0007682461728109047
617.0 0.0007728748641966376
618.0 0.0007775038284307811
619.0 0.00044536309360410087
620.0 0.00011322247246425832
621.0 0.00031719830531073967
622.0 0.0005211740699451184
623.0 0.000521874108017073
624.0 0.0005225741460890276
625.0 0.0007029866537777707
626.0 0.0008833992069412488
627.0 0.0007661328709218651
628.0 0.0006488664439530112
629.0 0.0008434585652139504
630.0 0.0010380506864748895
631.0 0.0014965769878472202
632.0 0.0019551031073206104
633.0 0.00199683472601464
634.0 0.00203856634470867
635.0 0.002277821840834804
636.0 0.002517077336960938
637.0 0.002402771315246355
638.0 0.0022884647478349507
639.0 0.0016318934285664
640.0 0.0009753218364494387
641.0 0.0010642294000717811
642.0 0.0011531369636941236
643.0 0.0008004009941942059
644.0 0.00044766502469428815
645.0 0.00056600765674375
646.0 0.0006843502433184767
647.0 0.000278664447250776
648.0 1.5958125662920986e-10
649.0 1.5958125662920986e-10
650.0 4.711620817943185e-05
651.0 0.0003572933337636641
652.0 0.0006674706128251273
653.0 0.0011014266419806518
654.0 0.0015353822163888253
655.0 0.001531912130303681
656.0 0.0015284418623195961
657.0 0.002442648292344529
658.0 0.003356855086167343
659.0 0.003860970537061803
660.0 0.004365085260360502
661.0 0.0043729687604354694
662.0 0.0043808518967125565
663.0 0.003275232302257791
664.0 0.002169612707803026
665.0 0.001898470873129554
666.0 0.0016273286746582016
667.0 0.0015638228433090262
668.0 0.0015003169210103806
669.0 0.0009596575182513334
670.0 0.00041899820644175634
671.0 0.00043856284719367977
672.0 0.0004581274424708681
673.0 0.00035893588119506603
674.0 0.0002597443426566315
675.0 0.0005609078016277635
676.0 0.0008620712833362631
677.0 0.0014759935766051058
678.0 0.002089916233671829
679.0 0.0022454207282862626
680.0 0.0024009250410017557
681.0 0.003224248212063685
682.0 0.004047571201226674
683.0 0.005863382466486655
684.0 0.0076791948231402785
685.0 0.008177808922482654
686.0 0.008676426659803838
687.0 0.0080100231571123
688.0 0.007343618926825002
689.0 0.005886181315872818
690.0 0.004428743704920635
691.0 0.00400774079025723
692.0 0.003586738239391707
693.0 0.0031681571272201836
694.0 0.0027495761969476007
695.0 0.002356062032049522
696.0 0.0019625480490503833
697.0 0.0013916390344093088
698.0 0.0008207299288187642
699.0 0.0007025319519016193
700.0 0.0005843338385602692
701.0 0.0005895769390917849
702.0 0.0005948200396233005
703.0 0.0006897902039781911
704.0 0.0007847605957067572
705.0 0.0007447573352692416
706.0 0.0007047541657811962
707.0 0.0007937307600514032
708.0 0.0008827068086247891
709.0 0.0007276137694134377
710.0 0.0005725205483031459
711.0 0.0006478401701315306
712.0 0.0007231597919599153
713.0 0.0008478032214043196
714.0 0.000972446650848724
715.0 0.000744878616387723
716.0 0.000517310536451987
717.0 0.000497416249345406
718.0 0.00047752191676408984
719.0 0.0004770409759657923
720.0 0.0004765600351674948
721.0 0.0003512259354465641
722.0 0.0002258917675135308
723.0 0.0003976527295890264
724.0 0.0005694136689271545
725.0 0.0002924657337644021
726.0 1.551768349372651e-05
727.0 0.0002541964022384491
728.0 0.0004928751422994537
729.0 0.0004466934569791192
730.0 0.0004005118171335198
731.0 0.00031523334200755926
732.0 0.0002299549123563338
733.0 0.00012777097708749352
734.0 2.558705887167889e-05
735.0 0.00024795847366476664
736.0 0.00047032990551088005
737.0 0.0005309478183335159
738.0 0.0005915657766308868
739.0 0.00047524968067591544
740.0 0.0003589335165088414
741.0 0.0007882209501985926
742.0 0.0012175085430499166
743.0 0.0017840226064436138
744.0 0.002350536669837311
745.0 0.0028935981390532106
746.0 0.0034366592444712296
747.0 0.0039594458939973265
748.0 0.004482232543523423
749.0 0.00409475906053558
750.0 0.0037072866689413786
751.0 0.003264882616349496
752.0 0.0028224785637576133
753.0 0.0023487809812650084
754.0 0.0018750832168734632
755.0 0.00219300200114958
756.0 0.002510921513021458
757.0 0.002090838643198367
758.0 0.0016707557733752765
759.0 0.0014351829122460913
760.0 0.0011996101420663763
761.0 0.001311744017584715
762.0 0.0014238778931030538
763.0 0.0011305937732686289
764.0 0.0008373093805857934
765.0 0.0008679830898472574
766.0 0.0008986567991087213
767.0 0.0007416563676088117
768.0 0.0005846559815836372
769.0 0.0005835004230902996
770.0 0.0005823446826980216
771.0 0.00047822632041061297
772.0 0.0003741077080121613
773.0 0.00038005312035238603
774.0 0.0003859985099552432
775.0 0.0004383837222121656
776.0 0.0004907687525701476
777.0 0.00046307513912324794
778.0 0.0004353812073532026
779.0 0.0006698762717860518
780.0 0.000904371336218901
781.0 0.0009601260899216868
782.0 0.001015881025523413
783.0 0.0009732080798130482
784.0 0.0009305349522037432
785.0 0.0011655550224531908
786.0 0.001400574910803698
787.0 0.0011048170563299209
788.0 0.0008090590199572034
789.0 0.0008612400961283129
790.0 0.0009134211722994223
791.0 0.0007595792339998297
792.0 0.0006057372502255021
793.0 0.0001322426783190167
794.0 1.5958125662920986e-10
795.0 1.5958125662920986e-10
796.0 1.5958125662920986e-10
797.0 0.00022674755655316403
798.0 0.000586535998081672
799.0 0.0002719833219089196
800.0 1.5958125662920986e-10
801.0 1.5958125662920986e-10
802.0 1.5958125662920986e-10
803.0 1.5958125662920986e-10
804.0 1.5958125662920986e-10
805.0 1.5958125662920986e-10
806.0 1.5958125662920986e-10
807.0 1.5958125662920986e-10
808.0 1.5958125662920986e-10
809.0 0.0001664766045905708
810.0 0.000490904903927003
811.0 0.00010952244338113815
812.0 1.5958125662920986e-10
813.0 0.00017559762000018964
814.0 0.0006230553935893113
815.0 0.0004618399543687701
816.0 0.00030062451514822897
817.0 0.00024798412141535664
818.0 0.00019534365947038168
819.0 3.47340829875975e-05
820.0 1.5958125662920986e-10
821.0 1.5958125662920986e-10
822.0 1.5958125662920986e-10
823.0 1.5958125662920986e-10
824.0 1.5958125662920986e-10
825.0 1.5958125662920986e-10
826.0 1.5958125662920986e-10
827.0 0.00014075867511564866
828.0 0.0006055635822121985
829.0 0.00041022603909368627
830.0 0.0002148889052477898
831.0 1.5958125662920986e-10
832.0 1.5958125662920986e-10
833.0 1.5958125662920986e-10
834.0 1.5958125662920986e-10
835.0 1.5958125662920986e-10
836.0 1.0829754160113225e-05
837.0 1.5958125662920986e-10
838.0 1.5958125662920986e-10
839.0 1.5958125662920986e-10
840.0 1.5958125662920986e-10
841.0 1.5958125662920986e-10
842.0 6.029464429957443e-05
843.0 5.291129241413728e-05
844.0 4.552788652745221e-05
845.0 0.00011950598945986712
846.0 0.00019348399291629903
847.0 0.00014348805734698544
848.0 9.349215588372317e-05
849.0 0.00016657486412441358
850.0 0.00023965737909747986
851.0 6.436731041503663e-05
852.0 1.5958125662920986e-10
853.0 0.00015000427993072663
854.0 0.0004109312158107059
855.0 0.0002774744643829763
856.0 0.00014401772432393045
857.0 0.0004687583896156866
858.0 0.0007934991117508616
859.0 0.0009149167453870177
860.0 0.0010363341971242335
861.0 0.0009666674486652482
862.0 0.000897000700206263
863.0 0.0011024417290173005
864.0 0.0013078828487778082
865.0 0.0017923232007888146
866.0 0.0022767633709008805
867.0 0.0021472722437465563
868.0 0.002017781662289053
869.0 0.0018795724827214144
870.0 0.0017413631212548353
871.0 0.0016983634850475937
872.0 0.0016553634850424714
873.0 0.0018034874301520176
874.0 0.001951611011463683
875.0 0.002161216070817318
