lsstCam/transmission_filter_detector/r13_s11/g_6/19700101T000000.ecsv
# %ECSV 1.0
# ---
# datatype:
# - {name: wavelength, unit: nm, datatype: float32}
# - {name: efficiency, unit: '%', datatype: float64}
# meta: !!omap
# - {MODE: DETECTOR}
# - {TYPE: transmission_filter_detector}
# - {CALIBDATE: '1970-01-01T00:00:00'}
# - {INSTRUME: LSSTCam}
# - {OBSTYPE: transmission_filter_detector}
# - {CALIBCLS: lsst.ip.isr.IntermediateFilterDetectorTransmissionCurve}
# - {SOURCE: Materion (DM-46256)}
# - {DETECTOR: 58}
# - {FILTER: g_6}
# - {CALIB_ID: 'calibDate=1970-01-01T00:00:00 filter=g_6 detector=58'}
# - {DATE: '2025-04-02T15:59:42.295659'}
# - {CALIB_CREATION_DATE: '2025-04-02'}
# - {CALIB_CREATION_TIME: '15:59:42'}
# - __serialized_columns__:
#     efficiency:
#       __class__: astropy.units.quantity.Quantity
#       unit: !astropy.units.Unit {unit: '%'}
#       value: !astropy.table.SerializedColumn {name: efficiency}
#     wavelength:
#       __class__: astropy.units.quantity.Quantity
#       unit: !astropy.units.Unit {unit: nm}
#       value: !astropy.table.SerializedColumn {name: wavelength}
# schema: astropy-2.0
wavelength efficiency
[from data line 609]
909.0 0.0004058204922330333
910.0 0.0003880183612636756
911.0 0.000370216275769053
912.0 0.000447889124188805
913.0 0.0005255620180832921
914.0 0.00031678061986895045
915.0 0.00010799924439197639
916.0 0.00016748834923419054
917.0 0.0002269774086016696
918.0 0.0002291558303113561
919.0 0.00023133422928367509
920.0 0.00034111151308025
921.0 0.0004508887741394574
922.0 0.0005485425390361343
923.0 0.000646196258458076
924.0 0.0005967488050373504
925.0 0.0005473013061418897
926.0 0.0005586786301137181
927.0 0.0005700560450350167
928.0 0.0005389621037465986
929.0 0.0005078682534076506
930.0 0.0005144469469087198
931.0 0.0005210256858845241
932.0 0.0005076082743471488
933.0 0.0004941909082845086
934.0 0.0004722982794191921
935.0 0.0004504056505538756
936.0 0.00041185508052876685
937.0 0.000373304465028923
938.0 0.0005039467851020163
939.0 0.0006345890597003745
940.0 0.0005463753495860146
941.0 0.0004581615030474495
942.0 0.0006623178251174977
943.0 0.0008664741471875459
944.0 0.0007864454346417915
945.0 0.0007064164492476266
946.0 0.0006373575615725713
947.0 0.0005682984919985756
948.0 0.0009539320672047324
949.0 0.0013395657333603594
950.0 0.0011285437722108327
951.0 0.0009175217201118357
952.0 0.0009201695320371073
953.0 0.0009228173439623788
954.0 0.0008104294465738349
955.0 0.0006980417310842313
956.0 0.0006340295385598438
957.0 0.0005700170731870458
958.0 0.0007611987712152768
959.0 0.0009523804692435078
960.0 0.0007400178219540976
961.0 0.0005276550382404821
962.0 0.0005656359917338705
963.0 0.0006036168088030536
964.0 0.0006539412424899638
965.0 0.0007042655397526687
966.0 0.0007619481493748026
967.0 0.0008196306225727312
968.0 0.000748307456888142
969.0 0.0006769842457288178
970.0 0.0007143538368836744
971.0 0.0007517234735132661
972.0 0.0008051451004575938
973.0 0.0008585668183513917
974.0 0.0007907160579634365
975.0 0.0007228656613733619
976.0 0.000768806512496667
977.0 0.0008147475455189124
978.0 0.0008873771548678633
979.0 0.0009600068551662844
980.0 0.0010044810551335104
981.0 0.0010489553460502066
982.0 0.0009343999408883974
983.0 0.0008198443538276479
984.0 0.0008562657967559062
985.0 0.0008926875125325751
986.0 0.0010753629794635344
987.0 0.0012580383554450236
988.0 0.001272335612156894
989.0 0.001286632596020354
990.0 0.0013218023013905622
991.0 0.0013569721886597108
992.0 0.0012904421964776702
993.0 0.0012239122952450998
994.0 0.0012336847248661797
995.0 0.0012434570635377895
996.0 0.0011799762432929128
997.0 0.0011164954230480362
998.0 0.0013043883882346563
999.0 0.0014922814443707466
1000.0 0.001388763848808594
1001.0 0.0012852460713475011
1002.0 0.0011685640856740065
1003.0 0.0010518821000005119
1004.0 0.0011069281754316762
1005.0 0.00116197397801443
1006.0 0.0013924955055699684
1007.0 0.0016230171240749769
1008.0 0.0016325308024534024
1009.0 0.0016420452084275894
1010.0 0.0017809496057452634
1011.0 0.0019198543668608181
1012.0 0.002071082781185396
1013.0 0.0022223113774089143
1014.0 0.0021636802557623014
1015.0 0.002105049497913569
1016.0 0.0024746779672568664
1017.0 0.0028443064366001636
1018.0 0.003086342985625379
1019.0 0.003328379534650594
1020.0 0.0034091084671672434
1021.0 0.0034898373996838927
1022.0 0.003776842277147807
1023.0 0.004063847882207483
1024.0 0.004209675535093993
1025.0 0.004355502460384741
1026.0 0.004576468563755043
1027.0 0.004797434303327464
1028.0 0.0048230027459794655
1029.0 0.004848571552429348
1030.0 0.004985231862519868
1031.0 0.005121892172610387
1032.0 0.005392550156102516
1033.0 0.005663208503392525
1034.0 0.005506258821696974
1035.0 0.005349309503799304
1036.0 0.005481517291627824
1037.0 0.005613725079456344
1038.0 0.005837277785758488
1039.0 0.006060830128262751
1040.0 0.006462627789005637
1041.0 0.006864424358354881
1042.0 0.0070297821366693825
1043.0 0.007195138459792361
1044.0 0.007424505747621879
1045.0 0.007653870852664113
1046.0 0.008627010538475588
1047.0 0.009600149496691301
1048.0 0.011108741455245763
1049.0 0.01261733123101294
1050.0 0.015208953118417412
1051.0 0.017800570640247315
1052.0 0.0215492385905236
1053.0 0.0252979138167575
1054.0 0.030339029035530984
1055.0 0.035380147164687514
1056.0 0.042467916500754654
1057.0 0.0495556800160557
1058.0 0.05738292238675058
1059.0 0.06521015311591327
1060.0 0.07272742222994566
1061.0 0.0802446564193815
1062.0 0.08758134790696204
1063.0 0.09491801611147821
1064.0 0.10076299076899886
1065.0 0.10660794796422124
1066.0 0.11276190634816885
1067.0 0.11891587637364864
1068.0 0.1261365250684321
1069.0 0.13335722032934427
1070.0 0.14404706889763474
1071.0 0.1547369291074574
1072.0 0.1668164157308638
1073.0 0.17889589071273804
1074.0 0.19107158295810223
1075.0 0.2032473450526595
1076.0 0.21556229330599308
1077.0 0.22787726484239101
1078.0 0.2411968307569623
1079.0 0.2545163733884692
1080.0 0.2717329189181328
1081.0 0.28894946444779634
1082.0 0.31746530439704657
1083.0 0.34598116762936115
1084.0 0.38578317034989595
1085.0 0.42558517307043076
1086.0 0.46158856712281704
1087.0 0.4975919611752033
1088.0 0.5623004399240017
1089.0 0.6270088721066713
1090.0 0.7055162917822599
1091.0 0.7840236648917198
1092.0 0.8164925500750542
1093.0 0.8489611558616161
1094.0 0.8904512040317059
1095.0 0.9319410659372807
1096.0 0.9841387160122395
1097.0 1.0363364592194557
1098.0 1.0715591721236706
1099.0 1.1067820712924004
1100.0 1.2897933833301067
1101.0 1.4728042297065258
