lsstCam/transmission_filter_detector/r13_s11/g_6/19700101T000000.ecsv
# %ECSV 1.0
# ---
# datatype:
# - {name: wavelength, unit: nm, datatype: float32}
# - {name: efficiency, unit: '%', datatype: float64}
# meta: !!omap
# - {MODE: DETECTOR}
# - {TYPE: transmission_filter_detector}
# - {CALIBDATE: '1970-01-01T00:00:00'}
# - {INSTRUME: LSSTCam}
# - {OBSTYPE: transmission_filter_detector}
# - {CALIBCLS: lsst.ip.isr.IntermediateFilterDetectorTransmissionCurve}
# - {SOURCE: Materion (DM-46256)}
# - {DETECTOR: 58}
# - {FILTER: g_6}
# - {CALIB_ID: 'calibDate=1970-01-01T00:00:00 filter=g_6 detector=58'}
# - {DATE: '2025-04-02T15:59:42.295659'}
# - {CALIB_CREATION_DATE: '2025-04-02'}
# - {CALIB_CREATION_TIME: '15:59:42'}
# - __serialized_columns__:
#     efficiency:
#       __class__: astropy.units.quantity.Quantity
#       unit: !astropy.units.Unit {unit: '%'}
#       value: !astropy.table.SerializedColumn {name: efficiency}
#     wavelength:
#       __class__: astropy.units.quantity.Quantity
#       unit: !astropy.units.Unit {unit: nm}
#       value: !astropy.table.SerializedColumn {name: wavelength}
# schema: astropy-2.0
wavelength efficiency
300.0 0.5051051266491413
301.0 0.3748005721718073
302.0 0.24449594784528017
303.0 0.21788019221276045
304.0 0.19126442493870854
305.0 0.20288315135985613
306.0 0.2145018894225359
307.0 0.21897826809436083
308.0 0.22345467004925013
309.0 0.22117008920758963
310.0 0.2188855316489935
311.0 0.2129051135852933
312.0 0.20692467223852873
313.0 0.2027941169217229
314.0 0.19866353832185268
315.0 0.18973363330587745
316.0 0.18080376321449876
317.0 0.17976987874135375
318.0 0.17873600590974092
319.0 0.16211605397984385
320.0 0.14549607876688242
321.0 0.14003647956997156
322.0 0.13457686873152852
323.0 0.11477109510451555
324.0 0.09496535058133304
325.0 0.08724615909159184
326.0 0.07952696178108454
327.0 0.0712818349711597
328.0 0.06303670234046876
329.0 0.06100567989051342
330.0 0.058974651619791985
331.0 0.05464375135488808
332.0 0.05031285691075027
333.0 0.04704012826550752
334.0 0.04376739670988172
335.0 0.04246840253472328
336.0 0.04116940253879875
337.0 0.04169458115939051
338.0 0.04221975686959922
339.0 0.04069171263836324
340.0 0.039163665496744215
341.0 0.03767578455153853
342.0 0.03618790360633284
343.0 0.03248701978009194
344.0 0.02878613886423409
345.0 0.025506806559860706
346.0 0.0222274728002958
347.0 0.020997950923629105
348.0 0.019768426136579365
349.0 0.01816707808757201
350.0 0.6708829663693905
351.0 1.3536839745938778
352.0 0.8229955099523067
353.0 0.9091386571526527
354.0 0.8846119977533817
355.0 1.021056342869997
356.0 0.5977168213576078
357.0 0.6657844875007868
358.0 0.5577697418630123
359.0 0.6971206981688738
360.0 0.5952443461865187
361.0 0.7636008784174919
362.0 0.5259445868432522
363.0 0.96177589148283
364.0 0.4622875712811947
365.0 0.8799656294286251
366.0 0.509200245141983
367.0 0.59796585701406
368.0 0.5161788780242205
369.0 0.6368883419781923
370.0 0.5292421672493219
371.0 0.5671690218150616
372.0 0.5048414226621389
373.0 0.6202901247888803
374.0 0.4344204906374216
375.0 0.6012670695781708
376.0 0.4506492055952549
377.0 0.5477429833263159
378.0 0.3740916261449456
379.0 0.5860115867108107
380.0 0.4038770217448473
381.0 0.48867552541196346
382.0 0.5000659264624119
383.0 0.5473616998642683
384.0 0.5431169643998146
385.0 0.6287018768489361
386.0 0.6313464138656855
387.0 0.6641487125307322
388.0 0.8538824506103992
389.0 1.1913848109543324
390.0 1.6652284190058708
391.0 2.5522520765662193
392.0 4.053104668855667
393.0 6.427786499261856
394.0 9.810709953308105
395.0 14.284637570381165
396.0 19.98639553785324
397.0 27.067455649375916
398.0 35.44166684150696
399.0 44.5965439081192
400.0 54.091715812683105
401.0 63.163578510284424
402.0 71.66717052459717
403.0 79.06233668327332
404.0 84.51341986656189
405.0 88.60243558883667
406.0 90.92055559158325
407.0 92.87601709365845
408.0 93.93079876899719
409.0 94.53449845314026
410.0 94.75498795509338
411.0 94.6398675441742
412.0 94.25264596939087
413.0 94.02984976768494
414.0 93.87181401252747
415.0 93.93989443778992
416.0 94.32551860809326
417.0 94.64576244354248
418.0 95.19135355949402
419.0 95.7290768623352
420.0 96.28819227218628
421.0 96.8232274055481
422.0 96.98289036750793
423.0 97.20784425735474
424.0 97.03479409217834
425.0 96.9125509262085
426.0 96.91813588142395
427.0 96.96500301361084
428.0 96.76029086112976
429.0 96.6355562210083
430.0 96.38605117797852
431.0 96.45176529884338
432.0 96.41498327255249
433.0 96.50897979736328
434.0 96.62805795669556
435.0 96.8084990978241
436.0 96.82825207710266
437.0 96.84950113296509
438.0 96.90326452255249
439.0 96.985524892807
440.0 96.99249267578125
441.0 97.08346724510193
442.0 97.09432721138
443.0 97.06612825393677
444.0 97.03202247619629
445.0 96.82726263999939
446.0 96.6636598110199
447.0 96.43060564994812
448.0 96.44567966461182
449.0 96.62351608276367
450.0 96.83184027671814
451.0 97.02229499816895
452.0 97.26300835609436
453.0 97.35265374183655
454.0 97.43047952651978
455.0 97.70614504814148
456.0 97.84398674964905
457.0 97.93669581413269
458.0 97.9170560836792
459.0 97.98951148986816
460.0 98.03599715232849
461.0 98.1488823890686
462.0 98.07660579681396
463.0 98.01068305969238
464.0 98.15497994422913
465.0 98.05071949958801
466.0 98.03234338760376
467.0 98.04307818412781
468.0 98.061203956604
469.0 98.13979864120483
470.0 97.97012209892273
471.0 97.87771105766296
472.0 97.88177609443665
473.0 97.8076159954071
474.0 97.69005179405212
475.0 97.73919582366943
476.0 97.71469235420227
477.0 97.77102470397949
478.0 97.85903692245483
479.0 97.85037636756897
480.0 97.98626899719238
481.0 98.0423629283905
482.0 98.2525110244751
483.0 98.13557267189026
484.0 98.27571511268616
485.0 98.34873676300049
486.0 98.3778178691864
487.0 98.4170138835907
488.0 98.40472340583801
489.0 98.47999215126038
490.0 98.45886826515198
491.0 98.47235083580017
492.0 98.35352897644043
493.0 98.38961958885193
494.0 98.38000535964966
495.0 98.40146899223328
496.0 98.19778800010681
497.0 98.12520146369934
498.0 97.91240692138672
499.0 97.99659848213196
500.0 97.88042902946472
501.0 97.87464737892151
502.0 97.76763319969177
503.0 97.88256883621216
504.0 97.72207140922546
505.0 97.77145981788635
506.0 97.78949618339539
507.0 97.72953391075134
508.0 97.75623083114624
509.0 97.75207042694092
510.0 97.67827987670898
511.0 97.68161177635193
512.0 97.5542962551117
513.0 97.66647815704346
514.0 97.65390157699585
515.0 97.67229557037354
516.0 97.77541756629944
517.0 97.76601791381836
518.0 97.83149361610413
519.0 97.83647060394287
520.0 97.90430665016174
521.0 98.00044894218445
522.0 98.02222847938538
523.0 97.97539710998535
524.0 98.05703163146973
525.0 98.0276346206665
526.0 98.17053079605103
527.0 98.15146327018738
528.0 98.25356006622314
529.0 98.32730293273926
530.0 98.32317233085632
531.0 98.44419956207275
532.0 98.38485717773438
533.0 98.34551811218262
534.0 98.40952157974243
535.0 98.18899035453796
536.0 97.87070751190186
537.0 97.40464091300964
538.0 96.63363695144653
539.0 95.31254768371582
540.0 93.63374710083008
541.0 91.11087918281555
542.0 88.40950727462769
543.0 84.81144905090332
544.0 80.26149272918701
545.0 76.24411582946777
546.0 71.30852937698364
547.0 66.66920185089111
548.0 62.06950545310974
549.0 57.87308216094971
550.0 54.57354187965393
551.0 51.36600136756897
552.0 48.96196126937866
553.0 46.4865118265152
554.0 43.66515278816223
555.0 40.566691756248474
556.0 36.40608787536621
557.0 31.608009338378906
558.0 26.27783715724945
559.0 20.935162901878357
560.0 15.695209801197052
561.0 10.80552563071251
562.0 7.037021219730377
563.0 4.177834093570709
564.0 2.308346889913082
565.0 1.1438500136137009
566.0 0.5982666742056608
567.0 0.3144367830827832
568.0 0.18839651020243764
569.0 0.10861890623345971
570.0 0.08992563816718757
571.0 0.06208381964825094
572.0 0.057783909142017365
573.0 0.04612052289303392
574.0 0.04105200059711933
575.0 0.03272862813901156
576.0 0.04490674764383584
577.0 0.021843775175511837
578.0 0.022610806627199054
579.0 0.02176575071644038
580.0 0.033266664831899107
581.0 0.0284836336504668
582.0 0.019677187083289027
583.0 0.02045549626927823
584.0 0.02405832492513582
585.0 0.012213601439725608
586.0 0.030041701393201947
587.0 0.017718803428579122
588.0 0.028927717357873917
589.0 0.013760016008745879
590.0 0.014552562788594514
591.0 0.012927722127642483
592.0 0.005523473737412132
593.0 0.009885009058052674
594.0 0.020501443941611797
595.0 0.003164037480019033
596.0 0.017272912373300642
597.0 0.012168542161816731
598.0 0.008467375300824642
599.0 0.0008051393706409726
600.0 0.0076741373050026596
601.0 0.002580645559646655
602.0 0.0026167936084675603
603.0 0.002652941293490585
604.0 0.0023442285964847542
605.0 0.002035515717579983
606.0 0.0020865067199338228
607.0 0.002137497540388722
608.0 0.0019671271729748696
609.0 0.0017967569874599576
610.0 0.0019216227883589454
611.0 0.002046488407358993
612.0 0.0019080054698861204
613.0 0.0017695228962111287
614.0 0.001796349897631444
615.0 0.0018231774447485805
616.0 0.001909961792989634
617.0 0.001996745959331747
618.0 0.0018815848306985572
619.0 0.0017664238839643076
620.0 0.0017620199287193827
621.0 0.0017576161553733982
622.0 0.001658706969465129
623.0 0.0015597976016579196
624.0 0.0015523755791946314
625.0 0.0015449537386302836
626.0 0.0014318661669676658
627.0 0.0013187788681534585
628.0 0.001420912394678453
629.0 0.0015230464669002686
630.0 0.0014411818483495153
631.0 0.0013593169569503516
632.0 0.0014253341760195326
633.0 0.001491351031290833
634.0 0.0014409977666218765
635.0 0.0013906440472055692
636.0 0.001425981827196665
637.0 0.001461320152884582
638.0 0.0014139056474959943
639.0 0.0013664911421074066
640.0 0.0011870143680425826
641.0 0.0010075373211293481
642.0 0.0013091048458591104
643.0 0.001610672552487813
644.0 0.0014064175957173575
645.0 0.0012021623660984915
646.0 0.001236467323906254
647.0 0.0012707723726634867
648.0 0.0012068246178387199
649.0 0.001142876863013953
650.0 0.0012768548913300037
651.0 0.0014108323739492334
652.0 0.0011840685147035401
653.0 0.000957304746407317
654.0 0.0010630732504068874
655.0 0.0011688419363053981
656.0 0.001217045974044595
657.0 0.0012652501027332619
658.0 0.0011331047971907537
659.0 0.0010009597644966561
660.0 0.0009104830496653449
661.0 0.0008200062438845634
662.0 0.0009602019417798147
663.0 0.0011003978215740062
664.0 0.001161108048108872
665.0 0.0012218180017953273
666.0 0.001180844265036285
667.0 0.0011398700735298917
668.0 0.0012015512766083702
669.0 0.0012632324796868488
670.0 0.0012208715816086624
671.0 0.0011785105925810058
672.0 0.001182704909297172
673.0 0.0011868990441143978
674.0 0.0011549232112884056
675.0 0.0011229472875129431
676.0 0.0010509605090192053
677.0 0.000978973457677057
678.0 0.0010876944543269929
679.0 0.001196415632875869
680.0 0.0010765414117486216
681.0 0.0009566670087224338
682.0 0.001043350675900001
683.0 0.001130034161178628
684.0 0.001007436185318511
685.0 0.0008848381185089238
686.0 0.0010350794582336675
687.0 0.0011853208889078815
688.0 0.0011562691724975593
689.0 0.0011272175470367074
690.0 0.0010431135706312489
691.0 0.0009590095032763202
692.0 0.0009491417586104944
693.0 0.000939274195843609
694.0 0.0010419832506158855
695.0 0.0011446922144386917
696.0 0.0011633307622105349
697.0 0.0011819691280834377
698.0 0.001308266928390367
699.0 0.0014345647286972962
700.0 0.0011831572919618338
701.0 0.0009317495823779609
702.0 0.0011184722097823396
703.0 0.0013051948371867184
704.0 0.0012765840438078158
705.0 0.001247973159479443
706.0 0.0011837164493044838
707.0 0.001119459921028465
708.0 0.0011121681382064708
709.0 0.001104876628232887
710.0 0.0011555106539162807
711.0 0.0012061450433975551
712.0 0.0011714831998688169
713.0 0.0011368216291884892
714.0 0.001197617530124262
715.0 0.0012584138858073857
716.0 0.0014936708794266451
717.0 0.0017289283277932554
718.0 0.001966842683032155
719.0 0.0022047568563721143
720.0 0.001842399433371611
721.0 0.001480041646573227
722.0 0.00160755716933636
723.0 0.0017350730558973737
724.0 0.001700805478321854
725.0 0.001666537718847394
726.0 0.0018204500520369038
727.0 0.001974362567125354
728.0 0.0020834528186242096
729.0 0.0021925427063251846
730.0 0.0020987312382203527
731.0 0.002004919952014461
732.0 0.0018836415620171465
733.0 0.0017623635358177125
734.0 0.0015621291822753847
735.0 0.0013618950106319971
736.0 0.001200772931042593
737.0 0.0010396506695542485
738.0 0.000999103667709278
739.0 0.0009585565749148373
740.0 0.0008726940905035008
741.0 0.0007868314241932239
742.0 0.0007793344593665097
743.0 0.0007718374035903253
744.0 0.0008815660294203553
745.0 0.000991294928098796
746.0 0.0009854277777776588
747.0 0.000979560809355462
748.0 0.0011327702850394417
749.0 0.0012859798516728915
750.0 0.0010484658560017124
751.0 0.0008109522241284139
752.0 0.0007523187377955765
753.0 0.0006936854333616793
754.0 0.0008517646165273618
755.0 0.0010098437996930443
756.0 0.0009856204997049645
757.0 0.0009613971997168846
758.0 0.0008847206117934547
759.0 0.0008080443876679055
760.0 0.0006907984243298415
761.0 0.0005735524609917775
762.0 0.0006356126505124848
763.0 0.0006976727036089869
764.0 0.0008126390639517922
765.0 0.0009276057426177431
766.0 0.0008423099643550813
767.0 0.0007570141860924195
768.0 0.0006240674338187091
769.0 0.0004911206360702636
770.0 0.0003804907919402467
771.0 0.0002698609705475974
772.0 0.0004410192104842281
773.0 0.0006121776550571667
774.0 0.0008031523975660093
775.0 0.000994127185549587
776.0 0.0008829584658087697
777.0 0.0007717896551184822
778.0 0.0007025353170320159
779.0 0.0006332810698950198
780.0 0.0006303788268269273
781.0 0.0006274764928093646
782.0 0.0005965212949377019
783.0 0.0005655659151670989
784.0 0.00072145394369727
785.0 0.000877341881277971
786.0 0.0007805263521731831
787.0 0.000683711186866276
788.0 0.0003988019670941867
789.0 0.00011389287237761891
790.0 0.00016321205293934327
791.0 0.0002125311993950163
792.0 0.0002415776179987006
793.0 0.00027062401386501733
794.0 0.0002508792022126727
795.0 0.00023113436782296048
796.0 0.0003525584361341316
797.0 0.0004739824817079352
798.0 0.0005033575234847376
799.0 0.00053273256526154
800.0 0.0005288981355988653
801.0 0.0005250639333098661
802.0 0.00041764951674849726
803.0 0.0003102352593487012
804.0 0.00030464736937574344
805.0 0.0002990595930896234
806.0 0.0003230468109904905
807.0 0.0003470340288913576
808.0 0.0004421663561515743
809.0 0.000537298683411791
810.0 0.0003792774123212439
811.0 0.00022125611849332927
812.0 0.00033184776384587167
813.0 0.00044243929551157635
814.0 0.0004719951448350912
815.0 0.000501550994158606
816.0 0.0005716258328902768
817.0 0.0006417004897230072
818.0 0.0004404893843457103
819.0 0.00023927832444314845
820.0 0.0003937560904887505
821.0 0.0005482337655848823
822.0 0.00045059291551297065
823.0 0.0003529520881784265
824.0 0.00037834970498806797
825.0 0.0004037472535856068
826.0 0.0005750159743911354
827.0 0.0007462845587724587
828.0 0.0006267245225899387
829.0 0.0005071643954579486
830.0 0.00043129680307174567
831.0 0.00035542923342291033
832.0 0.0005277423952065874
833.0 0.0007000554433034267
834.0 0.0005400006557465531
835.0 0.0003799459364017821
836.0 0.00041895377762557473
837.0 0.0004579616415867349
838.0 0.0004409567281982163
839.0 0.00042395190575916786
840.0 0.0005296860763337463
841.0 0.0006354201559588546
842.0 0.00033738790534698637
843.0 3.935551546874194e-05
844.0 0.00010398504173281253
845.0 0.00016861457652339595
846.0 0.00043211211959715
847.0 0.0006956097422516905
848.0 0.0005853627499163849
849.0 0.00047511584853054956
850.0 0.0004848016942560207
851.0 0.000494487585456227
852.0 0.0005395170774136204
853.0 0.0005845462510478683
854.0 0.0005820077603857499
855.0 0.0005794690878246911
856.0 0.0005742101620853646
857.0 0.0005689513272955082
858.0 0.0005663345291395672
859.0 0.000563717685508891
860.0 0.0006040051630407106
861.0 0.0006442925950977951
862.0 0.0005580246579484083
863.0 0.0004717567662737565
864.0 0.00043481713873916306
865.0 0.0003978775112045696
866.0 0.00044666608118859585
867.0 0.0004954546511726221
868.0 0.0006531242433993611
869.0 0.0008107938811008353
870.0 0.0006502200903923949
871.0 0.0004896461177850142
872.0 0.00037251161302265245
873.0 0.000255376994573453
874.0 0.0003661000846477691
875.0 0.0004768231974594528
876.0 0.0006284116352617275
877.0 0.0007800000275892671
878.0 0.0007566864042019006
879.0 0.000733372735339799
880.0 0.0007277165877894731
881.0 0.0007220607585622929
882.0 0.0006274133284023264
883.0 0.0005327662165655056
884.0 0.0005818087174702669
885.0 0.0006308514002739685
886.0 0.0006706347903673304
887.0 0.000710418498783838
888.0 0.0005747775958298007
889.0 0.00043913682929996867
890.0 0.0005210765721130883
891.0 0.0006030164968251484
892.0 0.0005330050953489263
893.0 0.00046299373934743926
894.0 0.0004513640760706039
895.0 0.00043973445826850366
896.0 0.00025254255433537764
897.0 6.535065040225163e-05
898.0 0.00024146190753526753
899.0 0.0004175731646682834
900.0 0.00036633475701819407
901.0 0.0003150963493681047
902.0 0.000560586886422243
903.0 0.0008060775144258514
904.0 0.000424020709033357
905.0 4.196386385046935e-05
906.0 0.000290480147668859
907.0 0.0005389964371715905
