lsstCam/transmission_filter_detector/r20_s10/u_24/19700101T000000.ecsv
# %ECSV 1.0
# ---
# datatype:
# - {name: wavelength, unit: nm, datatype: float32}
# - {name: efficiency, unit: '%', datatype: float64}
# meta: !!omap
# - {MODE: DETECTOR}
# - {TYPE: transmission_filter_detector}
# - {CALIBDATE: '1970-01-01T00:00:00'}
# - {INSTRUME: LSSTCam}
# - {OBSTYPE: transmission_filter_detector}
# - {CALIBCLS: lsst.ip.isr.IntermediateFilterDetectorTransmissionCurve}
# - {SOURCE: Materion (DM-46256)}
# - {DETECTOR: 75}
# - {FILTER: u_24}
# - {CALIB_ID: 'calibDate=1970-01-01T00:00:00 filter=u_24 detector=75'}
# - {DATE: '2025-04-02T15:59:40.096397'}
# - {CALIB_CREATION_DATE: '2025-04-02'}
# - {CALIB_CREATION_TIME: '15:59:40'}
# - __serialized_columns__:
#     efficiency:
#       __class__: astropy.units.quantity.Quantity
#       unit: !astropy.units.Unit {unit: '%'}
#       value: !astropy.table.SerializedColumn {name: efficiency}
#     wavelength:
#       __class__: astropy.units.quantity.Quantity
#       unit: !astropy.units.Unit {unit: nm}
#       value: !astropy.table.SerializedColumn {name: wavelength}
# schema: astropy-2.0
wavelength efficiency
[from data line 587]
882.0 0.0032238200219580904
883.0 0.003001254481205251
884.0 0.0027786889404524118
885.0 0.002837531064869836
886.0 0.002896373553085141
887.0 0.002692949419724755
888.0 0.00248952565016225
889.0 0.0025392328097950667
890.0 0.002588940151326824
891.0 0.0026553290808806196
892.0 0.0027217181923333555
893.0 0.002805416443152353
894.0 0.0028891145120724104
895.0 0.0033457316021667793
896.0 0.003802348146564327
897.0 0.004344952685642056
898.0 0.0048875568609219044
899.0 0.005069796679890715
900.0 0.005252036135061644
901.0 0.005164805770618841
902.0 0.005077575042378157
903.0 0.005246842920314521
904.0 0.005416110434453003
905.0 0.005446616705739871
906.0 0.005477123340824619
907.0 0.005663311094394885
908.0 0.005849499211763032
909.0 0.005818834324600175
910.0 0.005788169437437318
911.0 0.005799386417493224
912.0 0.00581060339754913
913.0 0.005689246972906403
914.0 0.005567890912061557
915.0 0.00514208986714948
916.0 0.004716288822237402
917.0 0.004522089147940278
918.0 0.004327889473643154
919.0 0.004498849011724815
920.0 0.004669808549806476
921.0 0.004937662379234098
922.0 0.005205516572459601
923.0 0.005959238478681073
924.0 0.006712959293508902
925.0 0.0072605245804879814
926.0 0.007808092050254345
927.0 0.008475811773678288
928.0 0.009143529314314947
929.0 0.00883841494214721
930.0 0.008533299114787951
931.0 0.007958907372085378
932.0 0.00738451344659552
933.0 0.007115369226085022
934.0 0.006846225005574524
935.0 0.006765640137018636
936.0 0.006685055268462747
937.0 0.006599585321964696
938.0 0.006514116830658168
939.0 0.006683444371446967
940.0 0.0068527733674272895
941.0 0.0058594680012902245
942.0 0.004866161179961637
943.0 0.004329942021286115
944.0 0.0037937228626105934
945.0 0.00330209186358843
946.0 0.002810461046465207
947.0 0.0024434359147562645
948.0 0.002076410783047322
949.0 0.001744358814903535
950.0 0.001412306482961867
951.0 0.0015815847291378304
952.0 0.0017508627934148535
953.0 0.0018867309336201288
954.0 0.002022599073825404
955.0 0.00229128581850091
956.0 0.002559972199378535
957.0 0.0030044855520827696
958.0 0.0034489985409891233
959.0 0.003797357203438878
960.0 0.004145715502090752
961.0 0.0047969777369871736
962.0 0.005448240335681476
963.0 0.005544817395275459
964.0 0.005641394454869442
965.0 0.005555352981900796
966.0 0.00546931114513427
967.0 0.0052178558689774945
968.0 0.004966400592820719
969.0 0.0050192153139505535
970.0 0.005072030035080388
971.0 0.0049974896683124825
972.0 0.004922948937746696
973.0 0.004667253233492374
974.0 0.004411557165440172
975.0 0.004427031672094017
976.0 0.004442505814949982
977.0 0.004051403084304184
978.0 0.003660299989860505
979.0 0.0035521410609362647
980.0 0.0034439821320120245
981.0 0.003531762195052579
982.0 0.003619541894295253
983.0 0.003608681436162442
984.0 0.0035978202504338697
985.0 0.003829023626167327
986.0 0.004060227365698665
987.0 0.004733186506200582
988.0 0.005406145646702498
989.0 0.006399514677468687
990.0 0.0073928822530433536
991.0 0.008078098471742123
992.0 0.008763314690440893
993.0 0.009232833690475672
994.0 0.00970235196291469
995.0 0.009019261779030785
996.0 0.008336168684763834
997.0 0.007500397623516619
998.0 0.006664628017460927
999.0 0.006492658576462418
1000.0 0.006320689135463908
1001.0 0.005900724136154167
1002.0 0.005480758409248665
1003.0 0.0050710175855783746
1004.0 0.004661277125705965
1005.0 0.004818008164875209
1006.0 0.004974738840246573
1007.0 0.005046719161327928
1008.0 0.005118698391015641
1009.0 0.004649283073376864
1010.0 0.004179868483333848
1011.0 0.0039050282794050872
1012.0 0.0036301888030720875
1013.0 0.003207982808817178
1014.0 0.0027857768145622686
1015.0 0.002612277057778556
1016.0 0.002438777119095903
1017.0 0.002357797166041564
1018.0 0.002276816849189345
1019.0 0.00197415010916302
1020.0 0.0016714833691366948
1021.0 0.0019096116375294514
1022.0 0.002147739905922208
1023.0 0.0021094583644298837
1024.0 0.0020711768229375593
1025.0 0.00182845069502946
1026.0 0.0015857249309192412
1027.0 0.0016602709365542978
1028.0 0.0017348165783914737
1029.0 0.0018259974240208976
1030.0 0.0019171784515492618
1031.0 0.0023558381144539453
1032.0 0.002794497959257569
1033.0 0.0023512360712629743
1034.0 0.001907974001369439
1035.0 0.0021883068257011473
1036.0 0.002468639286234975
1037.0 0.0026629242711351253
1038.0 0.002857209437934216
1039.0 0.002375607073190622
1040.0 0.0018940048903459683
1041.0 0.0018755421478999779
1042.0 0.0018570795873529278
1043.0 0.002174424116674345
1044.0 0.0024917688278947026
1045.0 0.002075726297334768
1046.0 0.0016596835848758928
1047.0 0.0021801626644446515
1048.0 0.0027006421078112908
1049.0 0.0020850744476774707
1050.0 0.0014695066965941805
1051.0 0.001555526614538394
1052.0 0.0016415462596341968
1053.0 0.0012260148650966585
1054.0 0.0008104832886601798
1055.0 0.0008581306246924214
1056.0 0.0009057780516741332
1057.0 0.0008550505299353972
1058.0 0.0008043229172471911
1059.0 0.0011808167982962914
1060.0 0.0015573110431432724
1061.0 0.0017500784451840445
1062.0 0.0019428458472248167
1063.0 0.0017099000615417026
1064.0 0.0014769540939596482
1065.0 0.0012459244317142293
1066.0 0.0010148948604182806
1067.0 0.0014711697076563723
1068.0 0.0019274441001471132
1069.0 0.0026650272047845647
1070.0 0.003402610309422016
1071.0 0.0033415886719012633
1072.0 0.003280567398178391
1073.0 0.0029994660508236848
1074.0 0.0027183643396710977
1075.0 0.0035889919672627
1076.0 0.004459619594854303
1077.0 0.004811176404473372
1078.0 0.00516273285029456
1079.0 0.00564574875170365
1080.0 0.006128762470325455
1081.0 0.005703431088477373
1082.0 0.005278100434225053
1083.0 0.004292256562621333
1084.0 0.003306412691017613
1085.0 0.003583354555303231
1086.0 0.0038602946005994454
1087.0 0.0045382290409179404
1088.0 0.005216162389842793
1089.0 0.005553884329856373
1090.0 0.005891606269869953
1091.0 0.0037424859328893945
1092.0 0.0015933654140098952
1093.0 0.002218883491877932
1094.0 0.0028444008421502076
1095.0 0.0025974790332838893
1096.0 0.0023505575882154517
1097.0 0.0016281237549264915
1098.0 0.0009056900125870015
1099.0 0.0011786957657022867
1100.0 0.0014517011550196912
