lsstCam/transmission_filter_detector/r20_s10/u_24/19700101T000000.ecsv
# %ECSV 1.0
# ---
# datatype:
# - {name: wavelength, unit: nm, datatype: float32}
# - {name: efficiency, unit: '%', datatype: float64}
# meta: !!omap
# - {MODE: DETECTOR}
# - {TYPE: transmission_filter_detector}
# - {CALIBDATE: '1970-01-01T00:00:00'}
# - {INSTRUME: LSSTCam}
# - {OBSTYPE: transmission_filter_detector}
# - {CALIBCLS: lsst.ip.isr.IntermediateFilterDetectorTransmissionCurve}
# - {SOURCE: Materion (DM-46256)}
# - {DETECTOR: 75}
# - {FILTER: u_24}
# - {CALIB_ID: 'calibDate=1970-01-01T00:00:00 filter=u_24 detector=75'}
# - {DATE: '2025-04-02T15:59:40.096397'}
# - {CALIB_CREATION_DATE: '2025-04-02'}
# - {CALIB_CREATION_TIME: '15:59:40'}
# - __serialized_columns__:
#     efficiency:
#       __class__: astropy.units.quantity.Quantity
#       unit: !astropy.units.Unit {unit: '%'}
#       value: !astropy.table.SerializedColumn {name: efficiency}
#     wavelength:
#       __class__: astropy.units.quantity.Quantity
#       unit: !astropy.units.Unit {unit: nm}
#       value: !astropy.table.SerializedColumn {name: wavelength}
# schema: astropy-2.0
wavelength efficiency
295.0 1.698658032810163e-10
296.0 1.698658032810163e-10
297.0 0.01754204713506624
298.0 1.698658032810163e-10
299.0 1.698658032810163e-10
300.0 1.698658032810163e-10
301.0 1.698658032810163e-10
302.0 1.698658032810163e-10
303.0 1.698658032810163e-10
304.0 0.18948132637888193
305.0 1.0745784267783165
306.0 2.6976462453603745
307.0 4.98434416949749
308.0 7.559823244810104
309.0 11.226265132427216
310.0 15.006418526172638
311.0 18.784423172473907
312.0 22.544845938682556
313.0 25.36650002002716
314.0 28.155282139778137
315.0 30.61598241329193
316.0 32.96576738357544
317.0 36.25321686267853
318.0 39.95598256587982
319.0 44.6224570274353
320.0 50.894784927368164
321.0 56.32331967353821
322.0 62.22085952758789
323.0 67.03342199325562
324.0 70.70518732070923
325.0 73.1661319732666
326.0 75.33785700798035
327.0 76.83619856834412
328.0 78.45403552055359
329.0 79.86154556274414
330.0 80.95189929008484
331.0 81.35138154029846
332.0 81.45378828048706
333.0 81.63812160491943
334.0 81.75336122512817
335.0 82.0591926574707
336.0 82.578045129776
337.0 83.22026133537292
338.0 84.09581184387207
339.0 84.55618619918823
340.0 84.89686846733093
341.0 85.34116744995117
342.0 85.60436964035034
343.0 85.549795627594
344.0 85.73853373527527
345.0 86.2104594707489
346.0 86.67469024658203
347.0 86.99386715888977
348.0 87.16456294059753
349.0 87.38822937011719
350.0 87.38654255867004
351.0 87.52996921539307
352.0 87.48285174369812
353.0 87.46833205223083
354.0 87.41453886032104
355.0 87.62813210487366
356.0 87.67022490501404
357.0 87.46422529220581
358.0 87.05618381500244
359.0 86.78842782974243
360.0 86.65304780006409
361.0 86.40099167823792
362.0 86.3038957118988
363.0 86.55911684036255
364.0 86.77034974098206
365.0 87.21373081207275
366.0 87.45960593223572
367.0 87.58988380432129
368.0 87.55198121070862
369.0 87.6149833202362
370.0 87.50328421592712
371.0 87.51661777496338
372.0 87.68121600151062
373.0 87.91331648826599
374.0 87.98014521598816
375.0 88.30412030220032
376.0 88.57024908065796
377.0 88.68458867073059
378.0 88.66477012634277
379.0 88.11155557632446
380.0 87.11090683937073
381.0 85.54717302322388
382.0 83.55503678321838
383.0 81.52393698692322
384.0 79.42814826965332
385.0 76.84880495071411
386.0 73.98025393486023
387.0 70.21574974060059
388.0 66.26869440078735
389.0 61.62978410720825
390.0 57.350414991378784
391.0 53.080689907073975
392.0 48.833805322647095
393.0 45.30397951602936
394.0 41.7188286781311
395.0 37.49938607215881
396.0 32.63022601604462
397.0 26.07533037662506
398.0 19.211460649967194
399.0 12.385459989309311
400.0 6.87088817358017
401.0 3.1436018645763397
402.0 1.0799436829984188
403.0 0.3395962296053767
404.0 0.1550815301015973
405.0 0.02271106786793098
406.0 0.03708052099682391
407.0 0.00883808170328848
408.0 1.698658032810163e-10
409.0 1.698658032810163e-10
410.0 1.698658032810163e-10
411.0 1.698658032810163e-10
412.0 1.698658032810163e-10
413.0 1.698658032810163e-10
414.0 1.698658032810163e-10
415.0 1.698658032810163e-10
416.0 1.698658032810163e-10
417.0 1.698658032810163e-10
418.0 1.698658032810163e-10
419.0 1.698658032810163e-10
420.0 1.698658032810163e-10
421.0 1.698658032810163e-10
422.0 1.698658032810163e-10
423.0 1.698658032810163e-10
424.0 1.698658032810163e-10
425.0 1.698658032810163e-10
426.0 1.698658032810163e-10
427.0 1.698658032810163e-10
428.0 0.0010286831638950389
429.0 1.698658032810163e-10
430.0 1.698658032810163e-10
431.0 1.698658032810163e-10
432.0 1.698658032810163e-10
433.0 1.698658032810163e-10
434.0 1.698658032810163e-10
435.0 0.0005552162292588037
436.0 0.0011141421055071987
437.0 7.010772264948173e-05
438.0 1.698658032810163e-10
439.0 0.0003263712642365135
440.0 0.0016266692909994163
441.0 0.00019080687252426287
442.0 1.698658032810163e-10
443.0 1.698658032810163e-10
444.0 1.698658032810163e-10
445.0 1.698658032810163e-10
446.0 1.698658032810163e-10
447.0 0.00010355656741012353
448.0 0.0003255626779719023
449.0 1.698658032810163e-10
450.0 1.698658032810163e-10
451.0 1.698658032810163e-10
452.0 1.698658032810163e-10
453.0 9.016680735385307e-06
454.0 0.0006045279405952897
455.0 0.00012138692682128749
456.0 1.698658032810163e-10
457.0 1.698658032810163e-10
458.0 1.698658032810163e-10
459.0 1.698658032810163e-10
460.0 1.698658032810163e-10
461.0 1.698658032810163e-10
462.0 1.698658032810163e-10
463.0 1.698658032810163e-10
464.0 1.698658032810163e-10
465.0 6.589796726075292e-05
466.0 0.0008338822226505727
467.0 0.0006731497251166729
468.0 0.0005124175913806539
469.0 0.0004581450411933474
470.0 0.0004038723545818357
471.0 0.00043324871512595564
472.0 0.00046262480282166507
473.0 1.698658032810163e-10
474.0 1.698658032810163e-10
475.0 3.599274123189389e-05
476.0 0.0010913291589531582
477.0 0.00048242754928651266
478.0 1.698658032810163e-10
479.0 1.698658032810163e-10
480.0 1.698658032810163e-10
481.0 1.698658032810163e-10
482.0 0.00022184790395840537
483.0 1.698658032810163e-10
484.0 1.698658032810163e-10
485.0 1.698658032810163e-10
486.0 1.698658032810163e-10
487.0 1.698658032810163e-10
488.0 1.698658032810163e-10
489.0 1.698658032810163e-10
490.0 1.698658032810163e-10
491.0 1.698658032810163e-10
492.0 1.698658032810163e-10
493.0 1.698658032810163e-10
494.0 1.698658032810163e-10
495.0 1.698658032810163e-10
496.0 7.681019837946224e-05
497.0 2.1460658672367572e-05
498.0 1.698658032810163e-10
499.0 2.7125312840325932e-05
500.0 8.813998420009739e-05
501.0 1.698658032810163e-10
502.0 1.698658032810163e-10
503.0 1.698658032810163e-10
504.0 1.698658032810163e-10
505.0 1.698658032810163e-10
506.0 1.698658032810163e-10
507.0 1.698658032810163e-10
508.0 1.698658032810163e-10
509.0 1.698658032810163e-10
510.0 5.476975388774008e-05
511.0 0.0003705833023559535
512.0 0.0006863968337711412
513.0 0.00014852594176772982
514.0 1.698658032810163e-10
515.0 4.2740163053167635e-05
516.0 0.00047482549234700855
517.0 0.00014625095445808256
518.0 1.698658032810163e-10
519.0 1.698658032810163e-10
520.0 1.698658032810163e-10
521.0 1.698658032810163e-10
522.0 1.698658032810163e-10
523.0 1.698658032810163e-10
524.0 1.698658032810163e-10
525.0 1.698658032810163e-10
526.0 1.698658032810163e-10
527.0 1.698658032810163e-10
528.0 1.698658032810163e-10
529.0 1.698658032810163e-10
530.0 1.698658032810163e-10
531.0 1.698658032810163e-10
532.0 6.858392112008005e-05
533.0 1.698658032810163e-10
534.0 1.698658032810163e-10
535.0 1.698658032810163e-10
536.0 1.698658032810163e-10
537.0 1.698658032810163e-10
538.0 1.698658032810163e-10
539.0 1.698658032810163e-10
540.0 1.698658032810163e-10
541.0 1.698658032810163e-10
542.0 1.698658032810163e-10
543.0 1.698658032810163e-10
544.0 1.698658032810163e-10
545.0 1.698658032810163e-10
546.0 1.698658032810163e-10
547.0 1.698658032810163e-10
548.0 9.622234529160778e-05
549.0 1.698658032810163e-10
550.0 1.698658032810163e-10
551.0 1.698658032810163e-10
552.0 1.698658032810163e-10
553.0 1.698658032810163e-10
554.0 1.698658032810163e-10
555.0 1.698658032810163e-10
556.0 1.698658032810163e-10
557.0 1.698658032810163e-10
558.0 1.698658032810163e-10
559.0 1.698658032810163e-10
560.0 4.215071101043577e-05
561.0 1.698658032810163e-10
562.0 1.698658032810163e-10
563.0 1.698658032810163e-10
564.0 1.698658032810163e-10
565.0 1.698658032810163e-10
566.0 1.698658032810163e-10
567.0 1.698658032810163e-10
568.0 1.698658032810163e-10
569.0 9.405991363564681e-05
570.0 0.0002734399458859116
571.0 0.00030216845061659114
572.0 0.0003308970690341084
573.0 0.00036667834137915634
574.0 0.00040245981836051214
575.0 0.0003529703917592997
576.0 0.00030348110158229247
577.0 0.0001693408194114454
578.0 3.520050881888892e-05
579.0 0.0002741925754889962
580.0 0.0005131846137373941
581.0 0.0008295641237054951
582.0 0.0011459437700978015
583.0 0.0014331172678794246
584.0 0.0017202906747115776
585.0 0.0013212773410486989
586.0 0.0009222638254868798
587.0 0.0009857030818238854
588.0 0.0010491424291103613
589.0 0.0009719081390358042
590.0 0.000894673758011777
591.0 0.0008410508598899469
592.0 0.000787428052717587
593.0 0.0006680521437374409
594.0 0.0005486761892825598
595.0 0.0007202517736004665
596.0 0.0008918273124436382
597.0 0.0012088763469364494
598.0 0.0015259252904797904
599.0 0.0017809548808145337
600.0 0.0020359846530482173
601.0 0.0021189789549680427
602.0 0.0022019736206857488
603.0 0.0020243618564563803
604.0 0.0018467502741259523
605.0 0.001660570160311181
606.0 0.00147439013744588
607.0 0.0011151604667247739
608.0 0.0007559307960036676
609.0 0.0006138054686743999
610.0 0.00047168009587039705
611.0 0.00033424510093027493
612.0 0.00019681012872752035
613.0 0.0004520490165305091
614.0 0.0007072879270708654
615.0 0.000763916159485234
616.0 0.0008205444828490727
617.0 0.0007178868600021815
618.0 0.0006152293735794956
619.0 0.00039952792576514184
620.0 0.00018382648931947188
621.0 0.00046431709961325396
622.0 0.0007448076303262496
623.0 0.000765879394748481
624.0 0.0007869512046454474
625.0 0.000887327223608736
626.0 0.000987703515420435
627.0 0.0010197129086009227
628.0 0.0010517224836803507
629.0 0.0011870471098518465
630.0 0.0013223715541244019
631.0 0.0017355801901430823
632.0 0.0021487887352122925
633.0 0.002208336263720412
634.0 0.0022678836103295907
635.0 0.002573654091975186
636.0 0.0028794245736207813
637.0 0.002464996578055434
638.0 0.0020505685824900866
639.0 0.0017591873984201811
640.0 0.0014678062143502757
641.0 0.0013779835171590094
642.0 0.0012881609109172132
643.0 0.0009525032510282472
644.0 0.000616845500189811
645.0 0.0004205864570394624
646.0 0.00022432741388911381
647.0 0.0002999469188580406
648.0 0.00037556651477643754
649.0 0.00024705007035663584
650.0 0.0001185336031994666
651.0 0.0004179841653240146
652.0 0.0007174347956606653
653.0 0.0011148213161504827
654.0 0.00151220774569083
655.0 0.0017581893189344555
656.0 0.0020041707102791406
657.0 0.002754287743300665
658.0 0.0035044053220190108
659.0 0.003805118103628047
660.0 0.004105830885237083
661.0 0.0039379654481308535
662.0 0.0037700996472267434
663.0 0.0029809720217599533
664.0 0.0021918443962931633
665.0 0.0018443115550326183
666.0 0.001496778531873133
667.0 0.0012322383554419503
668.0 0.0009676979971118271
669.0 0.0009176086678053252
670.0 0.0008675193384988233
671.0 0.0006705295163556002
672.0 0.0004735395577881718
673.0 0.0005063769094704185
674.0 0.0005392142611526651
675.0 0.0009266214874514844
676.0 0.0013140286682755686
677.0 0.0016998137652990408
678.0 0.0020855986804235727
679.0 0.002394864168309141
680.0 0.0027041292923968285
681.0 0.004028842886327766
682.0 0.005353556844056584
683.0 0.006916781421750784
684.0 0.008480005635647103
685.0 0.008661724132252857
686.0 0.008843445539241657
687.0 0.007868299871915951
688.0 0.006893154204590246
689.0 0.005808996866107918
690.0 0.004724840619019233
691.0 0.004034884477732703
692.0 0.003344928700244054
693.0 0.00297989299724577
694.0 0.0026148572942474857
695.0 0.0020736351871164516
696.0 0.0015324130799854174
697.0 0.0011720862858055625
698.0 0.0008117593097267672
699.0 0.0006789582130295457
700.0 0.0005461572072817944
701.0 0.000460282444691984
702.0 0.0003744077048395411
703.0 0.0005278407570585841
704.0 0.0006812739229644649
705.0 0.0007579105385957519
706.0 0.000834547245176509
707.0 0.0007830401045794133
708.0 0.0007315326001844369
709.0 0.0007500580522901146
710.0 0.0007685832315473817
711.0 0.0007803289008734282
712.0 0.0007920745701994747
713.0 0.0006969175046833698
714.0 0.0006017605755914701
715.0 0.0006153607500891667
716.0 0.0006289608791121282
717.0 0.0006069879873393802
718.0 0.0005850150500918971
719.0 0.0005797159246867523
720.0 0.0005744167538068723
721.0 0.00035502507671481
722.0 0.00013563339962274767
723.0 0.00021895805275562452
724.0 0.0003022827286258689
725.0 0.0002631459210533649
726.0 0.00022400911348086083
727.0 0.00025004353574331617
728.0 0.0002760780034805066
729.0 0.00029185566745582037
730.0 0.0003076333769058692
731.0 0.00029607347187265987
732.0 0.00028451354410208296
733.0 8.789362482275465e-05
734.0 1.698658032810163e-10
735.0 0.00023468253402825212
736.0 0.0005780912488262402
737.0 0.0004838800577999791
738.0 0.00038966877582424786
739.0 0.0006628552000620402
740.0 0.0009360415788250975
741.0 0.0012244292520335875
742.0 0.0015128167433431372
743.0 0.00225326293730177
744.0 0.002993708949361462
745.0 0.0033145315683213994
746.0 0.0036353540053823963
747.0 0.0038781086914241314
748.0 0.004120863013667986
749.0 0.0036783058021683246
750.0 0.003235748954466544
751.0 0.0029983790227561258
752.0 0.0027610096367425285
753.0 0.0023789432816556655
754.0 0.001996877108467743
755.0 0.0021955682314001024
756.0 0.0023942591724335216
757.0 0.0019322853404446505
758.0 0.0014703111446578987
759.0 0.0013282538020575885
760.0 0.001186196277558338
761.0 0.0012696139492618386
762.0 0.0013530317119148094
763.0 0.000883469056134345
764.0 0.0004139064003538806
765.0 0.0005157486612006323
766.0 0.000617590876572649
767.0 0.0005504792170540895
768.0 0.00048336760301026516
769.0 0.0006378142643370666
770.0 0.0007922610166133381
771.0 0.0005734714704885846
772.0 0.00035468196983856615
773.0 0.0003000560809596209
774.0 0.000245430123868573
775.0 0.0003992313395428937
776.0 0.0005530325779545819
777.0 0.0005398355824581813
778.0 0.0005266384960123105
779.0 0.0007572954928036779
780.0 0.00098795235317084
781.0 0.0009170944395009428
782.0 0.0008462365258310456
783.0 0.0008604973118053749
784.0 0.0008747580068302341
785.0 0.0012257479284016881
786.0 0.0015767376680742018
787.0 0.00100957995528006
788.0 0.00044242210606171284
789.0 0.0005631774456560379
790.0 0.0006839327397756279
791.0 0.000679620598020847
792.0 0.0006753084562660661
793.0 0.00030644043818028877
794.0 1.698658032810163e-10
795.0 9.408329333382426e-05
796.0 0.00025059421204787213
797.0 0.0003795686325247516
798.0 0.0005085431439511012
799.0 0.0003073033440159634
800.0 0.00010606352134345798
801.0 1.698658032810163e-10
802.0 1.698658032810163e-10
803.0 1.698658032810163e-10
804.0 1.698658032810163e-10
805.0 1.698658032810163e-10
806.0 1.7185701040034473e-05
807.0 1.698658032810163e-10
808.0 1.698658032810163e-10
809.0 0.00029356997401919216
810.0 0.0006446431143558584
811.0 0.00023589909687871113
812.0 1.698658032810163e-10
813.0 0.00013227181625552475
814.0 0.0004373884621600155
815.0 0.00038644730011583306
816.0 0.0003355061608090182
817.0 0.00040086324588628486
818.0 0.0004662202627514489
819.0 0.0004346070909377886
820.0 0.00040299405554833356
821.0 0.00022006458948453655
822.0 3.7135100683372e-05
823.0 8.981799624052655e-05
824.0 0.0001425008576916298
825.0 1.698658032810163e-10
826.0 1.698658032810163e-10
827.0 1.698658032810163e-10
828.0 0.0002407252850389341
829.0 0.00013502018418876105
830.0 2.9315347660485713e-05
831.0 1.698658032810163e-10
832.0 1.698658032810163e-10
833.0 1.698658032810163e-10
834.0 1.698658032810163e-10
835.0 1.698658032810163e-10
836.0 0.00011087685152233462
837.0 1.698658032810163e-10
838.0 1.698658032810163e-10
839.0 1.698658032810163e-10
840.0 1.698658032810163e-10
841.0 1.698658032810163e-10
842.0 1.698658032810163e-10
843.0 1.698658032810163e-10
844.0 1.698658032810163e-10
845.0 1.698658032810163e-10
846.0 7.962796644278569e-05
847.0 0.00013028202374698594
848.0 0.00018093606968250242
849.0 0.00022015806280251127
850.0 0.0002593800218164688
851.0 0.0003380174121048185
852.0 0.0004166547569184331
853.0 0.00039930318962433375
854.0 0.0003819515768554993
855.0 0.0002360453891014913
856.0 9.013915018840635e-05
857.0 0.00036411349810805405
858.0 0.0006380878403433599
859.0 0.0009356956070405431
860.0 0.0012333034646871965
861.0 0.0012459296158340294
862.0 0.0012585558579303324
863.0 0.0014465820640907623
864.0 0.0016346080883522518
865.0 0.00200753056560643
866.0 0.002380452679062728
867.0 0.0024023960577324033
868.0 0.0024243394364020787
869.0 0.0023272281396202743
870.0 0.00223011684283847
871.0 0.0022243328203330748
872.0 0.0022185487978276797
873.0 0.002471481275279075
874.0 0.00272441375273047
875.0 0.0028684773496934213
876.0 0.0030125409466563724
877.0 0.0029731232643825933
878.0 0.002933705945906695
879.0 0.0030149079975672066
880.0 0.0030961102311266586
