lsstCam/transmission_filter_detector/r12_s11/i_39/19700101T000000.ecsv
# %ECSV 1.0
# ---
# datatype:
# - {name: wavelength, unit: nm, datatype: float32}
# - {name: efficiency, unit: '%', datatype: float64}
# meta: !!omap
# - {MODE: DETECTOR}
# - {TYPE: transmission_filter_detector}
# - {CALIBDATE: '1970-01-01T00:00:00'}
# - {INSTRUME: LSSTCam}
# - {OBSTYPE: transmission_filter_detector}
# - {CALIBCLS: lsst.ip.isr.IntermediateFilterDetectorTransmissionCurve}
# - {SOURCE: Materion (DM-46256)}
# - {DETECTOR: 49}
# - {FILTER: i_39}
# - {CALIB_ID: 'calibDate=1970-01-01T00:00:00 filter=i_39 detector=49'}
# - {DATE: '2025-04-02T15:59:46.706214'}
# - {CALIB_CREATION_DATE: '2025-04-02'}
# - {CALIB_CREATION_TIME: '15:59:46'}
# - __serialized_columns__:
#     efficiency:
#       __class__: astropy.units.quantity.Quantity
#       unit: !astropy.units.Unit {unit: '%'}
#       value: !astropy.table.SerializedColumn {name: efficiency}
#     wavelength:
#       __class__: astropy.units.quantity.Quantity
#       unit: !astropy.units.Unit {unit: nm}
#       value: !astropy.table.SerializedColumn {name: wavelength}
# schema: astropy-2.0
wavelength efficiency
300.0 0.08171286317519844
301.0 0.04714478855021298
302.0 0.012576745939441025
303.0 0.026387834805063903
304.0 0.04019892949145287
305.0 0.030714244348928332
306.0 0.021229559206403792
307.0 0.007662094867555425
308.0 1.5810777166669343e-10
309.0 1.5810777166669343e-10
310.0 1.5810777166669343e-10
311.0 1.5810777166669343e-10
312.0 0.006029777432559058
313.0 0.0009176515959552489
314.0 1.5810777166669343e-10
315.0 1.5810777166669343e-10
316.0 1.5810777166669343e-10
317.0 1.5810777166669343e-10
318.0 1.5810777166669343e-10
319.0 1.5810777166669343e-10
320.0 1.5810777166669343e-10
321.0 1.5810777166669343e-10
322.0 0.0019394439732423052
323.0 1.5810777166669343e-10
324.0 1.5810777166669343e-10
325.0 1.5810777166669343e-10
326.0 1.5810777166669343e-10
327.0 1.5810777166669343e-10
328.0 0.002942471473943442
329.0 0.00219135017687222
330.0 0.0014402291526494082
331.0 0.0014360390196088701
332.0 0.0014318497051135637
333.0 0.0017841184671851806
334.0 0.0021363872292567976
335.0 0.001498689380241558
336.0 0.0008609921678726096
337.0 0.0020299103198340163
338.0 0.003198828926542774
339.0 0.003116973311989568
340.0 0.0030351186069310643
341.0 1.5810777166669343e-10
342.0 1.5810777166669343e-10
343.0 1.5810777166669343e-10
344.0 1.5810777166669343e-10
345.0 1.5810777166669343e-10
346.0 1.5810777166669343e-10
347.0 1.5810777166669343e-10
348.0 1.5810777166669343e-10
349.0 1.5810777166669343e-10
350.0 1.5810777166669343e-10
351.0 1.5810777166669343e-10
352.0 1.5810777166669343e-10
353.0 1.5810777166669343e-10
354.0 1.5810777166669343e-10
355.0 1.5810777166669343e-10
356.0 0.00014224074220692273
357.0 0.0005248635261523305
358.0 0.0009074864465219434
359.0 0.00107390378616401
360.0 0.0012403205801092554
361.0 0.0010313669008610304
362.0 0.0008224132216128055
363.0 0.00047214198275469244
364.0 0.00012187094853288727
365.0 0.0010203918463957962
366.0 0.0019189132217434235
367.0 0.0011144237760163378
368.0 0.00030993435302661965
369.0 0.0008004441042430699
370.0 0.0012909539691463578
371.0 0.0011317422831780277
372.0 0.0009725305972096976
373.0 0.0011171140613441821
374.0 0.0012616974345291965
375.0 0.0003520924337863107
376.0 1.5810777166669343e-10
377.0 1.5810777166669343e-10
378.0 0.0002123794502040255
379.0 1.5810777166669343e-10
380.0 1.5810777166669343e-10
381.0 1.5810777166669343e-10
382.0 1.5810777166669343e-10
383.0 8.086222464953607e-05
384.0 0.0015745528799016029
385.0 0.0012698646060016472
386.0 0.0009651763321016915
387.0 1.5810777166669343e-10
388.0 1.5810777166669343e-10
389.0 1.5810777166669343e-10
390.0 1.5810777166669343e-10
391.0 1.5810777166669343e-10
392.0 1.5810777166669343e-10
393.0 1.5810777166669343e-10
394.0 0.0009829257578530814
395.0 1.5810777166669343e-10
396.0 1.5810777166669343e-10
397.0 1.5810777166669343e-10
398.0 1.5810777166669343e-10
399.0 1.5810777166669343e-10
400.0 1.5810777166669343e-10
401.0 0.00036920744150847895
402.0 0.0009879286153591238
403.0 0.0013838153790857177
404.0 0.0017797025066101924
405.0 0.004167220686213113
406.0 0.006554739229613915
407.0 0.0030954211979405954
408.0 1.5810777166669343e-10
409.0 0.00039003848542051855
410.0 0.001143974168371642
411.0 0.0024125183699652553
412.0 0.0036810630263062194
413.0 0.004236034510540776
414.0 0.004791007086168975
415.0 0.00446521989942994
416.0 0.004139432712690905
417.0 0.002421612589387223
418.0 0.0007037924206088064
419.0 0.0029019427529419772
420.0 0.005100092676002532
421.0 0.004190102117718197
422.0 0.003280110831838101
423.0 0.0036819608794758096
424.0 0.004083810927113518
425.0 0.003517244113027118
426.0 0.0029506763894460164
427.0 0.004008717223769054
428.0 0.005066758967586793
429.0 0.0053991352615412325
430.0 0.005731512283091433
431.0 0.004514622196438722
432.0 0.0032977328373817727
433.0 0.003439094143686816
434.0 0.0035804554499918595
435.0 0.0030742769013158977
436.0 0.002568097806943115
437.0 0.001991439967241604
438.0 0.001414782127540093
439.0 0.0018106713469023816
440.0 0.0022065607481636107
441.0 0.0007846341759432107
442.0 1.5810777166669343e-10
443.0 1.5810777166669343e-10
444.0 1.5810777166669343e-10
445.0 1.5810777166669343e-10
446.0 1.5810777166669343e-10
447.0 2.3874579824223474e-05
448.0 0.0007331961114687147
449.0 1.5810777166669343e-10
450.0 1.5810777166669343e-10
451.0 0.00024166679395420942
452.0 0.0012203001460875385
453.0 0.0015720792362117209
454.0 0.001923858690133784
455.0 0.0018063959942082874
456.0 0.001688933298282791
457.0 0.0011986170648015104
458.0 0.0007083007403707597
459.0 0.0004361660558060976
460.0 0.00016403126892328146
461.0 0.00042091783143405337
462.0 0.0006778044280508766
463.0 0.00023504010187025415
464.0 1.5810777166669343e-10
465.0 0.00014678603292850312
466.0 0.0005012961537431693
467.0 0.0007022126737865619
468.0 0.0009031291483552195
469.0 0.0005819369107484818
470.0 0.00026074476409121417
471.0 0.00039952474253368564
472.0 0.0005383048119256273
473.0 0.0008764897756918799
474.0 0.001214675012306543
475.0 0.0007388387984974543
476.0 0.00026300288027414354
477.0 0.0007712428669037763
478.0 0.0012794827853213064
479.0 0.0012498741853050888
480.0 0.001220265585288871
481.0 0.002620059785840567
482.0 0.0040198523493018
483.0 0.005490439070854336
484.0 0.0069610250648111105
485.0 0.008268786768894643
486.0 0.009576549200573936
487.0 0.01212261850014329
488.0 0.014668687072116882
489.0 0.017602511798031628
490.0 0.020536336523946375
491.0 0.022550202265847474
492.0 0.024564069462940097
493.0 0.025602622190490365
494.0 0.02664117782842368
495.0 0.023456984490621835
496.0 0.020272788242436945
497.0 0.016379504813812673
498.0 0.012486219929996878
499.0 0.008933134085964411
500.0 0.005380048241931945
501.0 0.004171011823927984
502.0 0.002961975769721903
503.0 0.002495133230695501
504.0 0.002028290691669099
505.0 0.0019001543478225358
506.0 0.0017720181858749129
507.0 0.0016931493519223295
508.0 0.0016142803360708058
509.0 0.0017234291590284556
510.0 0.0018325779819861054
511.0 0.0014828071471129078
512.0 0.0011330363122397102
513.0 0.0015636987882317044
514.0 0.001994361446122639
515.0 0.0026547284505795687
516.0 0.0033150958188343793
517.0 0.0026663752578315325
518.0 0.0020176546968286857
519.0 0.00216726530197775
520.0 0.002316875907126814
521.0 0.001820077159209177
522.0 0.0013232787750894204
523.0 0.0013140655028109904
524.0 0.0013048525943304412
525.0 0.001764810258464422
526.0 0.0022247677406994626
527.0 0.0024052018488873728
528.0 0.0025856361389742233
529.0 0.0018675838873605244
530.0 0.0011495316357468255
531.0 0.0011718067071342375
532.0 0.0011940822332690004
533.0 0.0013749032405030448
534.0 0.0015557243386865593
535.0 0.001620806142454967
536.0 0.0016858879462233745
537.0 0.0024578559532528743
538.0 0.003229823778383434
539.0 0.003973626007791609
540.0 0.004717428237199783
541.0 0.0054285988881019875
542.0 0.006139769539004192
543.0 0.005166283881408162
544.0 0.004192798223812133
545.0 0.003377991743036546
546.0 0.0025631858079577796
547.0 0.0020747089365613647
548.0 0.00158623224706389
549.0 0.0017647371350903995
550.0 0.0019432423869147897
551.0 0.0017798816770664416
552.0 0.0016165209672180936
553.0 0.001534726470708847
554.0 0.0014529320651490707
555.0 0.0010835053217306267
556.0 0.0007140784873627126
557.0 0.000761667752158246
558.0 0.0008092571988527197
559.0 0.0002775786697384319
560.0 1.5810777166669343e-10
561.0 0.0005488094757311046
562.0 0.0013517188563128002
563.0 0.0015371699191746302
564.0 0.0017226211639354005
565.0 0.0013952032531960867
566.0 0.001067785433406243
567.0 0.0007241356343001826
568.0 0.0003804858579314896
569.0 0.0005041943040851038
570.0 0.0006279025456024101
571.0 0.0004736365553981159
572.0 0.0003193705651938217
573.0 0.000426926817453932
574.0 0.0005344831151887774
575.0 0.00043473987716424745
576.0 0.0003349965027155122
577.0 0.00046954041863500606
578.0 0.000604084380029235
579.0 0.00027618350486591225
580.0 1.5810777166669343e-10
581.0 0.00017185429896926507
582.0 0.0003954259227612056
583.0 0.00048362712732341606
584.0 0.0005718282409361564
585.0 0.0006613850473513594
586.0 0.0007509419447160326
587.0 0.0007426567663060268
588.0 0.0007343714514718158
589.0 0.0006151234629214741
590.0 0.0004958755198458675
591.0 0.0006590442808374064
592.0 0.0008222132237278856
593.0 0.0005047424110671273
594.0 0.00018727153019426623
595.0 0.0005660860097123077
596.0 0.0009449004210182466
597.0 0.0007887930223660078
598.0 0.0006326857146632392
599.0 0.000588450484428904
600.0 0.0005442151177703636
601.0 0.0004531157173914835
602.0 0.0003620162715378683
603.0 0.0002912139734689845
604.0 0.00022041153897589538
605.0 0.0002488506424924708
606.0 0.00027728972327167867
607.0 0.0005236386186879827
608.0 0.000769987400417449
609.0 0.0006820736871304689
610.0 0.0005941597464698134
611.0 0.0007493362318200525
612.0 0.0009045128535944968
613.0 0.0005470651558425743
614.0 0.00018961753767143819
615.0 1.5810777166669343e-10
616.0 1.5810777166669343e-10
617.0 1.5810777166669343e-10
618.0 0.00020018310351588298
619.0 0.0003043258629986667
620.0 0.0004084687134309206
621.0 0.0005237309324002126
622.0 0.0006389931513695046
623.0 0.0005646641966450261
624.0 0.0004903352873952826
625.0 0.00041972743929363787
626.0 0.00034911961392936064
627.0 0.0003364290478202747
628.0 0.00032373850444855634
629.0 0.0005013058853364782
630.0 0.0006788734481233405
631.0 0.000607695801591035
632.0 0.0005365181550587295
633.0 0.0005102564500703011
634.0 0.00048399479055660777
635.0 0.0004539867859421065
636.0 0.00042397873585287016
637.0 0.0003646878667495912
638.0 0.00030539686122210696
639.0 0.0006203163593454519
640.0 0.0009352357665193267
641.0 0.0006385176220646827
642.0 0.0003417995230847737
643.0 0.0005785416760772932
644.0 0.0008152838745445479
645.0 0.0006817424036853481
646.0 0.0005482010692503536
647.0 0.0007346305665123509
648.0 0.0009210605639964342
649.0 0.0008033710400923155
650.0 0.0006856815161881968
651.0 0.0008695053111296147
652.0 0.0010533291970205028
653.0 0.0011887548680533655
654.0 0.001324180448136758
655.0 0.0020186769688734785
656.0 0.002713173489610199
657.0 0.003650455255410634
658.0 0.004587735384120606
659.0 0.007331521192099899
660.0 1.5810777166669343e-10
661.0 0.07868541870266199
662.0 0.1516289310529828
663.0 0.09857653640210629
664.0 0.16149518778547645
665.0 0.13524964451789856
666.0 0.17611297080293298
667.0 0.14579638373106718
668.0 0.2802434144541621
669.0 0.37156990729272366
670.0 0.525404792279005
671.0 0.802225898951292
672.0 1.2369214557111263
673.0 1.8172627314925194
674.0 2.693554572761059
675.0 3.6957893520593643
676.0 4.865672439336777
677.0 6.180930510163307
678.0 7.585133612155914
679.0 9.180505573749542
680.0 11.353709548711777
681.0 13.535937666893005
682.0 16.138117015361786
683.0 18.913033604621887
684.0 21.931177377700806
685.0 24.828150868415833
686.0 27.819326519966125
687.0 31.15844428539276
688.0 34.61931049823761
689.0 38.17584812641144
690.0 42.40350127220154
691.0 46.94823920726776
692.0 52.26637125015259
693.0 57.884418964385986
694.0 63.98036479949951
695.0 69.76501941680908
696.0 75.90002417564392
697.0 81.3413143157959
698.0 86.77370548248291
699.0 90.5649185180664
700.0 93.31849813461304
701.0 95.27203440666199
702.0 96.61261439323425
703.0 97.1254050731659
704.0 97.45518565177917
705.0 97.71224856376648
706.0 97.66916632652283
707.0 97.75620698928833
708.0 97.77767062187195
709.0 97.87383079528809
710.0 97.62871861457825
711.0 97.8860855102539
712.0 97.84737229347229
713.0 97.89498448371887
714.0 98.01118969917297
715.0 98.1158196926117
716.0 97.9754626750946
717.0 98.06017875671387
718.0 98.12341928482056
719.0 98.02055358886719
720.0 98.19866418838501
721.0 98.0859100818634
722.0 97.71370887756348
723.0 97.452712059021
724.0 97.20724821090698
725.0 97.03680276870728
726.0 96.72818183898926
727.0 96.5896725654602
728.0 96.42475843429565
729.0 96.29408121109009
730.0 96.381676197052
731.0 96.38441205024719
732.0 96.52369618415833
733.0 96.80145978927612
734.0 97.18440771102905
735.0 97.38640189170837
736.0 97.70053625106812
737.0 98.06439876556396
738.0 98.27133417129517
739.0 98.59217405319214
740.0 98.68812561035156
741.0 98.52623343467712
742.0 98.80138635635376
743.0 98.68412017822266
744.0 98.42943549156189
745.0 98.45392107963562
746.0 98.4815001487732
747.0 98.68103861808777
748.0 98.50865602493286
749.0 98.46000671386719
750.0 98.42973947525024
751.0 98.30914735794067
752.0 98.29803705215454
753.0 98.48320484161377
754.0 98.39901328086853
755.0 98.552405834198
756.0 98.5813558101654
757.0 98.57823252677917
758.0 98.62921237945557
759.0 98.74269366264343
760.0 98.60063791275024
761.0 98.50700497627258
762.0 98.69546890258789
763.0 98.60074520111084
764.0 98.4837293624878
765.0 98.41006994247437
766.0 98.45055937767029
767.0 98.214590549469
768.0 98.27902913093567
769.0 98.19965362548828
770.0 97.98676371574402
771.0 97.96154499053955
772.0 98.02160859107971
773.0 97.82564640045166
774.0 97.70667552947998
775.0 97.78470993041992
776.0 97.70830273628235
777.0 97.79479503631592
778.0 97.80975580215454
779.0 97.96972870826721
780.0 97.9535162448883
781.0 98.31826686859131
782.0 98.23936820030212
783.0 98.44046831130981
784.0 98.44560623168945
785.0 98.4581708908081
786.0 98.60507845878601
787.0 98.30995798110962
788.0 98.39352369308472
789.0 98.50156903266907
790.0 98.35748076438904
791.0 98.4425961971283
792.0 98.24749827384949
793.0 98.20176362991333
794.0 98.07542562484741
795.0 97.89902567863464
796.0 97.91688919067383
797.0 97.79884219169617
798.0 97.78013825416565
799.0 97.61992692947388
800.0 97.48445153236389
801.0 97.38308191299438
802.0 97.21759557723999
803.0 96.80988192558289
804.0 96.20808362960815
805.0 95.33908367156982
806.0 94.46597695350647
807.0 93.13544631004333
808.0 91.39602184295654
809.0 89.49247598648071
810.0 87.26081848144531
811.0 84.5908522605896
812.0 81.37385845184326
813.0 77.8813362121582
814.0 73.76734614372253
815.0 69.45342421531677
816.0 65.19744992256165
817.0 60.50038933753967
818.0 55.575865507125854
819.0 51.40688419342041
820.0 46.626582741737366
821.0 42.150965332984924
822.0 37.768518924713135
823.0 33.18032622337341
824.0 28.65438163280487
825.0 24.53140616416931
826.0 20.170462131500244
827.0 15.713590383529663
828.0 11.93772703409195
829.0 8.548720180988312
830.0 5.466010794043541
831.0 3.588639199733734
832.0 2.11461428552866
833.0 1.2529547326266766
834.0 0.6855012383311987
835.0 0.42548212222754955
836.0 0.22816106211394072
837.0 0.17357836477458477
838.0 0.09199792984873056
839.0 0.05392251187004149
840.0 0.047738951980136335
841.0 0.03110819379799068
842.0 1.5810777166669343e-10
843.0 1.5810777166669343e-10
844.0 1.5810777166669343e-10
845.0 0.005861980389454402
846.0 1.5810777166669343e-10
847.0 1.5810777166669343e-10
848.0 1.5810777166669343e-10
849.0 0.010048336844192818
850.0 1.5810777166669343e-10
851.0 1.5810777166669343e-10
852.0 0.00084882940427633
853.0 0.0010257784197165165
854.0 0.0012027277989545837
855.0 0.000996294602373382
856.0 0.0007898614967416506
857.0 0.0008039116437430494
858.0 0.0008179615178960375
859.0 0.0004584996986523038
860.0 9.90377998277836e-05
861.0 0.0001692461637503584
862.0 0.00023945442535477923
863.0 0.00011700977893269737
864.0 1.5810777166669343e-10
865.0 1.5810777166669343e-10
866.0 1.5810777166669343e-10
867.0 1.5810777166669343e-10
868.0 1.2981432462311204e-05
869.0 1.5810777166669343e-10
870.0 1.5810777166669343e-10
871.0 5.066847847956524e-05
872.0 0.0002287745246576378
873.0 0.0001836776618802105
874.0 0.0001385807649967319
875.0 0.00016414415995313902
876.0 0.0001897075776469137
877.0 1.5810777166669343e-10
878.0 1.5810777166669343e-10
879.0 5.361739567888435e-05
880.0 0.0004423497102834517
881.0 0.00021493310669029597
882.0 1.5810777166669343e-10
883.0 0.00012197162959637353
884.0 0.0002564267788329744
885.0 9.128223723564588e-05
886.0 1.5810777166669343e-10
887.0 7.175499945333286e-05
888.0 0.0002173722805309808
889.0 6.57104067158798e-05
890.0 1.5810777166669343e-10
891.0 2.205568563340421e-05
892.0 0.00013006279004912358
893.0 0.00023422660433425335
894.0 0.0003383904186193831
