lsstCam/transmission_filter_detector/r12_s11/i_39/19700101T000000.ecsv
# %ECSV 1.0
# ---
# datatype:
# - {name: wavelength, unit: nm, datatype: float32}
# - {name: efficiency, unit: '%', datatype: float64}
# meta: !!omap
# - {MODE: DETECTOR}
# - {TYPE: transmission_filter_detector}
# - {CALIBDATE: '1970-01-01T00:00:00'}
# - {INSTRUME: LSSTCam}
# - {OBSTYPE: transmission_filter_detector}
# - {CALIBCLS: lsst.ip.isr.IntermediateFilterDetectorTransmissionCurve}
# - {SOURCE: Materion (DM-46256)}
# - {DETECTOR: 49}
# - {FILTER: i_39}
# - {CALIB_ID: 'calibDate=1970-01-01T00:00:00 filter=i_39 detector=49'}
# - {DATE: '2025-04-02T15:59:46.706214'}
# - {CALIB_CREATION_DATE: '2025-04-02'}
# - {CALIB_CREATION_TIME: '15:59:46'}
# - __serialized_columns__:
#     efficiency:
#       __class__: astropy.units.quantity.Quantity
#       unit: !astropy.units.Unit {unit: '%'}
#       value: !astropy.table.SerializedColumn {name: efficiency}
#     wavelength:
#       __class__: astropy.units.quantity.Quantity
#       unit: !astropy.units.Unit {unit: nm}
#       value: !astropy.table.SerializedColumn {name: wavelength}
# schema: astropy-2.0
wavelength efficiency
[from data line 596]
896.0 1.5810777166669343e-10
897.0 1.5810777166669343e-10
898.0 1.5810777166669343e-10
899.0 1.5810777166669343e-10
900.0 1.5810777166669343e-10
901.0 1.5810777166669343e-10
902.0 1.5810777166669343e-10
903.0 1.5810777166669343e-10
904.0 1.818027044464543e-05
905.0 1.5810777166669343e-10
906.0 1.5810777166669343e-10
907.0 8.378913207707228e-05
908.0 0.0002520932412153343
909.0 1.5810777166669343e-10
910.0 1.5810777166669343e-10
911.0 1.5810777166669343e-10
912.0 0.00014272700354922563
913.0 0.0001426084622835333
914.0 0.00014248994375520851
915.0 1.5810777166669343e-10
916.0 1.5810777166669343e-10
917.0 1.5810777166669343e-10
918.0 1.5810777166669343e-10
919.0 1.5810777166669343e-10
920.0 2.6009013254224556e-05
921.0 1.5810777166669343e-10
922.0 1.5810777166669343e-10
923.0 1.5810777166669343e-10
924.0 1.5810777166669343e-10
925.0 9.831687748373952e-05
926.0 0.00027296459848002996
927.0 1.5810777166669343e-10
928.0 1.5810777166669343e-10
929.0 1.5810777166669343e-10
930.0 0.0001454044422644074
931.0 0.00012679132623816258
932.0 0.00010817819884323399
933.0 0.00013164918755137478
934.0 0.00015512019899688312
935.0 1.5810777166669343e-10
936.0 1.5810777166669343e-10
937.0 1.5810777166669343e-10
938.0 1.5810777166669343e-10
939.0 1.5810777166669343e-10
940.0 1.5810777166669343e-10
941.0 1.5810777166669343e-10
942.0 1.5810777166669343e-10
943.0 1.5810777166669343e-10
944.0 1.5810777166669343e-10
945.0 1.5810777166669343e-10
946.0 1.5810777166669343e-10
947.0 1.5810777166669343e-10
948.0 1.5810777166669343e-10
949.0 1.5810777166669343e-10
950.0 1.5810777166669343e-10
951.0 1.5810777166669343e-10
952.0 1.5810777166669343e-10
953.0 1.5810777166669343e-10
954.0 1.5810777166669343e-10
955.0 5.6859749975046725e-05
956.0 0.0002695165676414035
957.0 0.0001929137397382874
958.0 0.00011631083225438488
959.0 0.00014890424608893227
960.0 0.00018149765992347966
961.0 0.00017239007092939573
962.0 0.00016328247056662804
963.0 5.945806265117426e-05
964.0 1.5810777166669343e-10
965.0 1.5810777166669343e-10
966.0 1.5810777166669343e-10
967.0 1.5810777166669343e-10
968.0 1.5810777166669343e-10
969.0 1.5810777166669343e-10
970.0 4.713167527370388e-05
971.0 1.5810777166669343e-10
972.0 1.5810777166669343e-10
973.0 1.5810777166669343e-10
974.0 1.5810777166669343e-10
975.0 1.5810777166669343e-10
976.0 1.5810777166669343e-10
977.0 1.5810777166669343e-10
978.0 1.5810777166669343e-10
979.0 1.5810777166669343e-10
980.0 1.5810777166669343e-10
981.0 1.5810777166669343e-10
982.0 1.5810777166669343e-10
983.0 1.5810777166669343e-10
984.0 1.5810777166669343e-10
985.0 9.173323292088753e-05
986.0 0.000247860157287505
987.0 5.113455472383066e-05
988.0 1.5810777166669343e-10
989.0 1.5810777166669343e-10
990.0 1.5810777166669343e-10
991.0 1.5810777166669343e-10
992.0 1.5810777166669343e-10
993.0 1.5810777166669343e-10
994.0 4.2001335032182396e-05
995.0 1.5810777166669343e-10
996.0 1.5810777166669343e-10
997.0 1.5810777166669343e-10
998.0 0.0001894162437565683
999.0 0.0002633567646626034
1000.0 0.00033729725146258716
1001.0 0.00018680009361560224
1002.0 3.6302887451711285e-05
1003.0 9.473486670685816e-05
1004.0 0.0001531668772258854
1005.0 2.989448262269434e-05
1006.0 1.5810777166669343e-10
1007.0 4.569621694372472e-05
1008.0 0.00018477036292097182
1009.0 0.00011009469744749367
1010.0 3.5418966604083835e-05
1011.0 0.00011473380254756194
1012.0 0.0001940486299645272
1013.0 0.0003454740181041416
1014.0 0.0004968994744558586
1015.0 0.0004077770881849574
1016.0 0.00031865477012615884
1017.0 0.000365425717063772
1018.0 0.00041219677768822294
1019.0 0.0003617797347033047
1020.0 0.00031136257803154876
1021.0 0.00016268194258373114
1022.0 1.4001261661178432e-05
1023.0 0.0004532497769105248
1024.0 0.0008924984285840765
1025.0 0.0007570576599391643
1026.0 0.0006216168912942521
1027.0 0.0005188694103708258
1028.0 0.00041612188397266436
1029.0 0.0008770193744567223
1030.0 0.0013379168194660451
1031.0 0.001872154462034814
1032.0 0.0024063918317551725
1033.0 0.0025308472686447203
1034.0 0.0026553019779385068
1035.0 0.003154110163450241
1036.0 0.0036529178032651544
1037.0 0.0037392637750599533
1038.0 0.0038256093830568716
1039.0 0.0033318974601570517
1040.0 0.002838186264852993
1041.0 0.0025803432436077856
1042.0 0.002322500222362578
1043.0 0.00306024267047178
1044.0 0.003797985118580982
1045.0 0.0034555301681393757
1046.0 0.003113075945293531
1047.0 0.002831790152413305
1048.0 0.0025505045414320193
1049.0 0.002235506872239057
1050.0 0.0019205090211471543
1051.0 0.0021499912691069767
1052.0 0.00237947388086468
1053.0 0.0014201525118551217
1054.0 0.0004608311428455636
1055.0 0.000496272286909516
1056.0 0.0005317134309734683
1057.0 0.0006499028131656814
1058.0 0.0007680922863073647
1059.0 0.0008618371794000268
1060.0 0.0009555823453410994
1061.0 0.0016663883798173629
1062.0 0.002377194141445216
1063.0 0.0027417248929850757
1064.0 0.0031062554626259953
1065.0 0.003509741509333253
1066.0 0.0039132275560405105
1067.0 0.004727140913018957
1068.0 0.005541054269997403
1069.0 0.004447720857569948
1070.0 0.0033543874451424927
1071.0 0.0032165622542379424
1072.0 0.0030787363357376307
1073.0 0.003186286994605325
1074.0 0.0032938376534730196
1075.0 0.0035246805055066943
1076.0 0.0037555229937424883
1077.0 0.0029205162718426436
1078.0 0.002085509186144918
1079.0 0.0021863037545699626
1080.0 0.0022870981410960667
1081.0 0.0016504976883879863
1082.0 0.0010138972356799059
1083.0 0.0005577320735028479
1084.0 0.00010156668395211454
1085.0 0.0009466903975408059
1086.0 0.0017918144294526428
1087.0 0.0014196536540111993
1088.0 0.0010474929695192259
1089.0 1.5810777166669343e-10
1090.0 1.5810777166669343e-10
1091.0 1.5810777166669343e-10
1092.0 1.5810777166669343e-10
1093.0 1.5810777166669343e-10
1094.0 0.0003012953129655216
1095.0 0.0004978280685463687
1096.0 0.0006943608241272159
1097.0 1.5810777166669343e-10
1098.0 1.5810777166669343e-10
1099.0 1.5810777166669343e-10
1100.0 1.5810777166669343e-10
