lsstcam/qe_curves/r11_s21/19700101T000000.ecsv
# %ECSV 0.9
# ---
# datatype:
# - {name: amp_name, datatype: string}
# - {name: wavelength, unit: nm, datatype: float32}
# - {name: efficiency, unit: '%', datatype: float32}
# meta: !!omap
# - {MODE: AMP}
# - {TYPE: QE}
# - {CALIBDATE: '1970-01-01T00:00:00'}
# - {INSTRUME: LSSTCAM}
# - {OBSTYPE: qe_curves}
# - {DETECTOR: 43}
# - {PICKLEFILE: RaftRun10669.p}
# - {CALIB_ID: 'raftName=R11 detectorName=S21 detector=43 calibDate=1970-01-01T00:00:00 ccd=43 ccdnum=43 filter=None'}
# - {DATE: '2020-01-03T17:48:35.865950'}
# - {CALIB_CREATION_DATE: '2020-01-03'}
# - {CALIB_CREATION_TIME: '17:48:35'}
# - __serialized_columns__:
#     efficiency:
#       __class__: astropy.units.quantity.Quantity
#       unit: !astropy.units.Unit {unit: '%'}
#       value: !astropy.table.SerializedColumn {name: efficiency}
#     wavelength:
#       __class__: astropy.units.quantity.Quantity
#       unit: !astropy.units.Unit {unit: nm}
#       value: !astropy.table.SerializedColumn {name: wavelength}
# schema: astropy-2.0
amp_name wavelength efficiency
C15 349.982 74.98905
C15 450.035 87.77624
C15 500.018 91.86205
C15 619.997 97.5574
C15 750.022 97.08703
C15 869.967 89.79401
C15 999.976 26.922567
C14 349.982 75.64416
C14 450.035 88.24735
C14 500.018 92.30259
C14 619.997 98.01525
C14 750.022 97.55575
C14 869.967 90.2602
C14 999.976 26.930992
C04 349.982 74.30962
C04 450.035 87.526245
C04 500.018 91.64411
C04 619.997 97.396774
C04 750.022 97.6406
C04 869.967 90.90235
C04 999.976 27.18456
C13 349.982 75.59911
C13 450.035 88.11992
C13 500.018 92.14148
C13 619.997 97.84612
C13 750.022 97.43362
C13 869.967 90.18819
C13 999.976 26.9561
C06 349.982 75.33506
C06 450.035 88.374115
C06 500.018 92.48775
C06 619.997 98.27688
C06 750.022 98.57327
C06 869.967 91.77929
C06 999.976 27.361315
C07 349.982 74.728
C07 450.035 87.63669
C07 500.018 91.713425
C07 619.997 97.438965
C07 750.022 97.764114
C07 869.967 91.04636
C07 999.976 27.171848
C16 349.982 75.111015
C16 450.035 88.116875
C16 500.018 92.24139
C16 619.997 97.97159
C16 750.022 97.49065
C16 869.967 90.20992
C16 999.976 27.007957
C10 349.982 76.16221
C10 450.035 88.44083
C10 500.018 92.41155
C10 619.997 98.128876
C10 750.022 97.83208
C10 869.967 90.50332
C10 999.976 27.093359
C17 349.982 75.07823
C17 450.035 88.06339
C17 500.018 92.20916
C17 619.997 97.93252
C17 750.022 97.44196
C17 869.967 90.2234
C17 999.976 26.921478
C01 349.982 74.12811
C01 450.035 87.792274
C01 500.018 92.01274
C01 619.997 97.80429
C01 750.022 97.975525
C01 869.967 91.345024
C01 999.976 27.418169
C02 349.982 74.471985
C02 450.035 88.00783
C02 500.018 92.20613
C02 619.997 98.00395
C02 750.022 98.209656
C02 869.967 91.50602
C02 999.976 27.448507
C12 349.982 75.824524
C12 450.035 88.26554
C12 500.018 92.25813
C12 619.997 97.98428
C12 750.022 97.61501
C12 869.967 90.38036
C12 999.976 27.11022
C05 349.982 74.82708
C05 450.035 87.96904
C05 500.018 92.083984
C05 619.997 97.85927
C05 750.022 98.13003
C05 869.967 91.357285
C05 999.976 27.265495
C03 349.982 74.66415
C03 450.035 88.019
C03 500.018 92.19063
C03 619.997 97.97723
C03 750.022 98.18408
C03 869.967 91.44474
C03 999.976 27.441221
C11 349.982 76.1637
C11 450.035 88.4653
C11 500.018 92.428535
C11 619.997 98.15882
C11 750.022 97.849205
C11 869.967 90.57314
C11 999.976 27.131014
C00 349.982 73.8258
C00 450.035 87.49876
C00 500.018 91.72262
C00 619.997 97.493965
C00 750.022 97.65567
C00 869.967 91.08158
C00 999.976 27.364222
