lsstCam/transmission_filter_detector/r10_s21/u_24/19700101T000000.ecsv
# %ECSV 1.0
# ---
# datatype:
# - {name: wavelength, unit: nm, datatype: float32}
# - {name: efficiency, unit: '%', datatype: float64}
# meta: !!omap
# - {MODE: DETECTOR}
# - {TYPE: transmission_filter_detector}
# - {CALIBDATE: '1970-01-01T00:00:00'}
# - {INSTRUME: LSSTCam}
# - {OBSTYPE: transmission_filter_detector}
# - {CALIBCLS: lsst.ip.isr.IntermediateFilterDetectorTransmissionCurve}
# - {SOURCE: Materion (DM-46256)}
# - {DETECTOR: 34}
# - {FILTER: u_24}
# - {CALIB_ID: 'calibDate=1970-01-01T00:00:00 filter=u_24 detector=34'}
# - {DATE: '2025-04-02T15:59:39.906641'}
# - {CALIB_CREATION_DATE: '2025-04-02'}
# - {CALIB_CREATION_TIME: '15:59:39'}
# - __serialized_columns__:
#     efficiency:
#       __class__: astropy.units.quantity.Quantity
#       unit: !astropy.units.Unit {unit: '%'}
#       value: !astropy.table.SerializedColumn {name: efficiency}
#     wavelength:
#       __class__: astropy.units.quantity.Quantity
#       unit: !astropy.units.Unit {unit: nm}
#       value: !astropy.table.SerializedColumn {name: wavelength}
# schema: astropy-2.0
wavelength efficiency
295.0 1.640742880101853e-10
296.0 1.640742880101853e-10
297.0 1.640742880101853e-10
298.0 1.640742880101853e-10
299.0 1.640742880101853e-10
300.0 1.640742880101853e-10
301.0 1.640742880101853e-10
302.0 1.640742880101853e-10
303.0 1.640742880101853e-10
304.0 0.11263886699452996
305.0 0.9591947309672832
306.0 2.172740362584591
307.0 3.9682965725660324
308.0 6.836289167404175
309.0 10.080453753471375
310.0 13.572581112384796
311.0 17.588628828525543
312.0 21.403761208057404
313.0 24.2586687207222
314.0 27.31785476207733
315.0 29.702359437942505
316.0 31.8612277507782
317.0 34.75422263145447
318.0 38.100746273994446
319.0 42.53980815410614
320.0 48.332273960113525
321.0 53.996455669403076
322.0 59.85845923423767
323.0 64.90548849105835
324.0 69.04756426811218
325.0 71.67725563049316
326.0 74.02428388595581
327.0 75.73509812355042
328.0 77.2290825843811
329.0 78.64443063735962
330.0 79.98796105384827
331.0 80.41382431983948
332.0 80.63428997993469
333.0 80.81009984016418
334.0 80.74350357055664
335.0 80.97814917564392
336.0 81.33764266967773
337.0 82.05000162124634
338.0 82.80925154685974
339.0 83.36063027381897
340.0 83.70799422264099
341.0 84.15641784667969
342.0 84.40089821815491
343.0 84.46564674377441
344.0 84.67764854431152
345.0 85.140061378479
346.0 85.49236059188843
347.0 85.78162789344788
348.0 86.05241179466248
349.0 86.22972965240479
350.0 86.2568736076355
351.0 86.48523092269897
352.0 86.3657534122467
353.0 86.38978004455566
354.0 86.23849749565125
355.0 86.53416633605957
356.0 86.60950064659119
357.0 86.47458553314209
358.0 86.09089851379395
359.0 85.82889437675476
360.0 85.65245270729065
361.0 85.45328974723816
362.0 85.2880597114563
363.0 85.53203344345093
364.0 85.65405607223511
365.0 86.02433800697327
366.0 86.29519939422607
367.0 86.39684915542603
368.0 86.47088408470154
369.0 86.53910160064697
370.0 86.40338182449341
371.0 86.26281023025513
372.0 86.37585639953613
373.0 86.52917742729187
374.0 86.61850094795227
375.0 86.93004846572876
376.0 87.14470863342285
377.0 87.1753454208374
378.0 87.22338676452637
379.0 86.74625158309937
380.0 85.89502573013306
381.0 84.51460003852844
382.0 82.64849781990051
383.0 80.6317925453186
384.0 78.51473093032837
385.0 76.00740790367126
386.0 73.2492983341217
387.0 69.7066605091095
388.0 66.17247462272644
389.0 61.814773082733154
390.0 57.619935274124146
391.0 53.295379877090454
392.0 48.90441596508026
393.0 45.19748091697693
394.0 41.73402488231659
395.0 37.78550326824188
396.0 33.51598083972931
397.0 27.72541046142578
398.0 21.317045390605927
399.0 14.497721195220947
400.0 8.716140687465668
401.0 4.410267621278763
402.0 1.6872009262442589
403.0 0.49223676323890686
404.0 0.17963903956115246
405.0 0.09138831519521773
406.0 0.024379623937420547
407.0 0.0015451374565600418
408.0 1.640742880101853e-10
409.0 1.640742880101853e-10
410.0 1.640742880101853e-10
411.0 1.640742880101853e-10
412.0 1.640742880101853e-10
413.0 1.640742880101853e-10
414.0 1.640742880101853e-10
415.0 1.640742880101853e-10
416.0 1.640742880101853e-10
417.0 1.640742880101853e-10
418.0 1.640742880101853e-10
419.0 1.640742880101853e-10
420.0 1.640742880101853e-10
421.0 1.640742880101853e-10
422.0 1.640742880101853e-10
423.0 1.640742880101853e-10
424.0 1.640742880101853e-10
425.0 1.640742880101853e-10
426.0 1.640742880101853e-10
427.0 1.640742880101853e-10
428.0 0.0016054291336331517
429.0 1.640742880101853e-10
430.0 1.640742880101853e-10
431.0 1.640742880101853e-10
432.0 1.640742880101853e-10
433.0 1.640742880101853e-10
434.0 0.00035807863696390996
435.0 0.0005016521299694432
436.0 0.0006452264642575756
437.0 1.640742880101853e-10
438.0 1.640742880101853e-10
439.0 0.00012004660447928472
440.0 0.0020051093088113703
441.0 0.0002395529008936137
442.0 1.640742880101853e-10
443.0 1.640742880101853e-10
444.0 1.640742880101853e-10
445.0 1.640742880101853e-10
446.0 1.640742880101853e-10
447.0 1.640742880101853e-10
448.0 1.640742880101853e-10
449.0 1.640742880101853e-10
450.0 1.640742880101853e-10
451.0 1.640742880101853e-10
452.0 1.640742880101853e-10
453.0 1.640742880101853e-10
454.0 0.0007574692972411867
455.0 0.0006067248705221573
456.0 0.00045598008000524715
457.0 1.640742880101853e-10
458.0 1.640742880101853e-10
459.0 1.640742880101853e-10
460.0 1.640742880101853e-10
461.0 1.640742880101853e-10
462.0 1.640742880101853e-10
463.0 1.640742880101853e-10
464.0 1.640742880101853e-10
465.0 0.00023392271941702347
466.0 0.0006230441613297444
467.0 0.0009735479579831008
468.0 0.001324052118434338
469.0 0.0009523391781840473
470.0 0.0005806257831864059
471.0 0.0004003215508419089
472.0 0.00022001734123477945
473.0 1.640742880101853e-10
474.0 1.640742880101853e-10
475.0 1.640742880101853e-10
476.0 0.0008153722774295602
477.0 0.00033524750051583396
478.0 1.640742880101853e-10
479.0 1.640742880101853e-10
480.0 1.640742880101853e-10
481.0 1.640742880101853e-10
482.0 7.860232358325447e-05
483.0 1.640742880101853e-10
484.0 1.640742880101853e-10
485.0 1.640742880101853e-10
486.0 1.640742880101853e-10
487.0 1.640742880101853e-10
488.0 1.640742880101853e-10
489.0 1.640742880101853e-10
490.0 1.640742880101853e-10
491.0 1.640742880101853e-10
492.0 1.640742880101853e-10
493.0 1.640742880101853e-10
494.0 1.640742880101853e-10
495.0 0.0002320432940905448
496.0 0.0011487620213301852
497.0 0.0007731293408141937
498.0 0.00039749638744979165
499.0 0.00038758166738261934
500.0 0.0003776672883759602
501.0 0.0002576107590357424
502.0 0.00013755434338236228
503.0 1.640742880101853e-10
504.0 1.640742880101853e-10
505.0 1.640742880101853e-10
506.0 1.640742880101853e-10
507.0 1.640742880101853e-10
508.0 1.640742880101853e-10
509.0 1.640742880101853e-10
510.0 1.640742880101853e-10
511.0 0.0005638924449158367
512.0 0.0014360216482600663
513.0 0.0006628421942878049
514.0 1.640742880101853e-10
515.0 0.00033538626666995697
516.0 0.0007811101568222512
517.0 0.0005237179266259773
518.0 0.00026632583285390865
519.0 0.00015036237073218217
520.0 3.439887166223343e-05
521.0 0.0003623501243055216
522.0 0.0006903012490511173
523.0 0.0003399229626666056
524.0 1.640742880101853e-10
525.0 3.5393091479818395e-05
526.0 8.124182500068855e-05
527.0 1.640742880101853e-10
528.0 1.640742880101853e-10
529.0 1.640742880101853e-10
530.0 0.0001636303409213724
531.0 0.00016355489833586034
532.0 0.00016347938753824565
533.0 1.640742880101853e-10
534.0 1.640742880101853e-10
535.0 1.640742880101853e-10
536.0 0.00021902151274844073
537.0 4.641867406007805e-05
538.0 1.640742880101853e-10
539.0 1.640742880101853e-10
540.0 1.640742880101853e-10
541.0 1.640742880101853e-10
542.0 1.640742880101853e-10
543.0 1.640742880101853e-10
544.0 1.640742880101853e-10
545.0 1.640742880101853e-10
546.0 1.640742880101853e-10
547.0 0.00017059306856026524
548.0 0.0005059320756117813
549.0 1.640742880101853e-10
550.0 1.640742880101853e-10
551.0 1.640742880101853e-10
552.0 1.640742880101853e-10
553.0 1.640742880101853e-10
554.0 1.640742880101853e-10
555.0 1.640742880101853e-10
556.0 1.640742880101853e-10
557.0 1.640742880101853e-10
558.0 1.640742880101853e-10
559.0 1.640742880101853e-10
560.0 0.00013865809478375013
561.0 1.8218676700598735e-05
562.0 1.640742880101853e-10
563.0 1.640742880101853e-10
564.0 1.640742880101853e-10
565.0 1.640742880101853e-10
566.0 1.640742880101853e-10
567.0 1.640742880101853e-10
568.0 1.640742880101853e-10
569.0 0.00012164020972704748
570.0 0.0003454494617471937
571.0 0.0003130609002255369
572.0 0.000280672543340188
573.0 0.000373829243471846
574.0 0.0004669863756134873
575.0 0.0004329873263486661
576.0 0.0003989885499322554
577.0 0.00018326682038605213
578.0 1.640742880101853e-10
579.0 0.00010721964827098418
580.0 0.00024689402380317915
581.0 0.0006877806754346238
582.0 0.0011286673725408036
583.0 0.0014096695849730168
584.0 0.0016906720702536404
585.0 0.00130659618662321
586.0 0.0009225197572959587
587.0 0.0010988571375492029
588.0 0.001275194517802447
589.0 0.0010033622857008595
590.0 0.0007315298262255965
591.0 0.0007227249625429977
592.0 0.0007139200988603989
593.0 0.0006240030415938236
594.0 0.0005340857114788378
595.0 0.0008195310329028871
596.0 0.0011049762179027312
597.0 0.0012129823517170735
598.0 0.0013209883036324754
599.0 0.00153214768943144
600.0 0.0017433068933314644
601.0 0.002017197220993694
602.0 0.002291087366756983
603.0 0.0023710115783615038
604.0 0.002450935971864965
605.0 0.0020252258764230646
606.0 0.0015995159628801048
607.0 0.0012039305147482082
608.0 0.0008083450666163117
609.0 0.0005388588306232123
610.0 0.00026937259463011287
611.0 0.0003602841161409742
612.0 0.00045119563765183557
613.0 0.0005184011115488829
614.0 0.0005856066309206653
615.0 0.0008675699064042419
616.0 0.0011495333637867589
617.0 0.001044808504957473
618.0 0.0009400839189765975
619.0 0.0004754208475787891
620.0 1.0757803892147422e-05
621.0 0.0004184190856904024
622.0 0.000826080304250354
623.0 0.0007807921974745113
624.0 0.0007355040906986687
625.0 0.0007219537565106293
626.0 0.0007084036951710004
627.0 0.0007711212674621493
628.0 0.0008338388397532981
629.0 0.001002436056296574
630.0 0.0011710330909409095
631.0 0.0016512349247932434
632.0 0.0021314363038982265
633.0 0.0019623425032477826
634.0 0.001793248338799458
635.0 0.002355348988203332
636.0 0.0029174494557082653
637.0 0.002623705950099975
638.0 0.0023299620806938037
639.0 0.0019096500182058662
640.0 0.0014893377738189884
641.0 0.0011938966054003686
642.0 0.000898455527931219
643.0 0.0007309206921490841
644.0 0.0005633858563669492
645.0 0.0004933372565574246
646.0 0.00042328861127316486
647.0 0.00027764358492277097
648.0 0.00013199868362789857
649.0 0.0001380816001983476
650.0 0.00014416460771826678
651.0 0.0003114501623713295
652.0 0.00047873586481728125
653.0 0.0008476828043058049
654.0 0.001216629516420653
655.0 0.0016347699784091674
656.0 0.0020529103494482115
657.0 0.002701551238715183
658.0 0.003350192491780035
659.0 0.0037459045415744185
660.0 0.004141616591368802
661.0 0.004141739191254601
662.0 0.0041418617911404
663.0 0.0032761723559815437
664.0 0.0024104829208226874
665.0 0.002104077248077374
666.0 0.00179767139343312
667.0 0.001473729844292393
668.0 0.001149787840404315
669.0 0.0008587931006331928
670.0 0.000567798497286276
671.0 0.0005157342911843443
672.0 0.0004636700396076776
673.0 0.00032971556720440276
674.0 0.00019576104932639282
675.0 0.0006022176876285812
676.0 0.0010086744623549748
677.0 0.0016268888430204242
678.0 0.002245103496534284
679.0 0.0023488260922022164
680.0 0.0024525486878701486
681.0 0.0035921762901125476
682.0 0.004731803710456006
683.0 0.006107849185355008
684.0 0.007483894296456128
685.0 0.007852684211684391
686.0 0.008221477037295699
687.0 0.007918149640318006
688.0 0.007614821515744552
689.0 0.0064122024923563
690.0 0.005209586015553214
691.0 0.0043524451029952615
692.0 0.0034953041904373094
693.0 0.0030649956897832453
694.0 0.0026346868253313005
695.0 0.0021099865989526734
696.0 0.0015852865544729866
697.0 0.001266363869945053
698.0 0.0009474411854171194
699.0 0.0008463619451504201
700.0 0.0007452829777321313
701.0 0.0006031105385773117
702.0 0.00046093828132143244
703.0 0.0006658329311903799
704.0 0.0008707278539077379
705.0 0.0008247944606409874
706.0 0.0007788612492731772
707.0 0.0007818889571353793
708.0 0.0007849163011997007
709.0 0.0006280534307734342
710.0 0.00047119033297349233
711.0 0.0006351285264827311
712.0 0.000799066765466705
713.0 0.0007979454494488891
714.0 0.0007968242243805435
715.0 0.0007128955530788517
716.0 0.0006289668363024248
717.0 0.0006478820068878122
718.0 0.0006667971774731996
719.0 0.0005624816367344465
720.0 0.0004581660505209584
721.0 0.0004405036634125281
722.0 0.00042284127630409785
723.0 0.0004384550720715197
724.0 0.0004540688678389415
725.0 0.0004105487278138753
726.0 0.00036702851957670646
727.0 0.0003878894403896993
728.0 0.0004087504294147948
729.0 0.0002906600684582372
730.0 0.00017256970750167966
731.0 0.00021040143565187464
732.0 0.0002482331183273345
733.0 0.0001118270006372768
734.0 1.640742880101853e-10
735.0 0.00015976593203959055
736.0 0.00034411098113196203
737.0 0.00034998390674445545
738.0 0.00035585683235694887
739.0 0.0005347773821995361
740.0 0.0007136979547794908
741.0 0.0009688675163488369
742.0 0.0012240371688676532
743.0 0.0017388405467499979
744.0 0.0022536438336828724
745.0 0.0027855958251166157
746.0 0.0033175474527524784
747.0 0.003885427213390358
748.0 0.004453306246432476
749.0 0.004081205406691879
750.0 0.0037091052945470437
751.0 0.003434549944358878
752.0 0.003159994594170712
753.0 0.002690123255888466
754.0 0.00222025209950516
755.0 0.002482771196810063
756.0 0.0027452906579128467
757.0 0.002178697832277976
758.0 0.001612104824744165
759.0 0.0013635059076477773
760.0 0.00111490717245033
761.0 0.0012765919564117212
762.0 0.0014382770132215228
763.0 0.0009615633643988986
764.0 0.0004848497155762743
765.0 0.0005736605544370832
766.0 0.0006624713932978921
767.0 0.00047852877287368756
768.0 0.0002945860615000129
769.0 0.0005357353074941784
770.0 0.0007768844625388738
771.0 0.0005318775947671384
772.0 0.0002868705905711977
773.0 0.00023865400180511642
774.0 0.000190437322089565
775.0 0.00028514944006019505
776.0 0.00037986153529345756
777.0 0.0004895250640402082
778.0 0.000599188388150651
779.0 0.0008419559890171513
780.0 0.001084723317035241
781.0 0.0009754164238984231
782.0 0.0008661097126605455
783.0 0.0008427471584582236
784.0 0.0008193843314074911
785.0 0.0011044402526749764
786.0 0.0013894959920435213
787.0 0.0009847022738540545
788.0 0.0005799084192403825
789.0 0.0006747252427885542
790.0 0.0007695420208619907
791.0 0.0007539983016613405
792.0 0.0007384544915112201
793.0 0.0002459827328493702
794.0 1.640742880101853e-10
795.0 1.640742880101853e-10
796.0 0.00023216377940116217
797.0 0.00046637219384138007
798.0 0.0007005807219684357
799.0 0.0002681290197870112
800.0 1.640742880101853e-10
801.0 1.640742880101853e-10
802.0 1.640742880101853e-10
803.0 1.640742880101853e-10
804.0 1.640742880101853e-10
805.0 1.640742880101853e-10
806.0 1.640742880101853e-10
807.0 1.640742880101853e-10
808.0 1.640742880101853e-10
809.0 0.00025379665657965234
810.0 0.0006761683380318573
811.0 0.00021032240056229057
812.0 1.640742880101853e-10
813.0 5.4493682455358794e-05
814.0 0.0003645107426564209
815.0 0.0002988662117786589
816.0 0.0002332216809008969
817.0 0.0004227072167850565
818.0 0.000612192661719746
819.0 0.0004584632279147627
820.0 0.0003047339305339847
821.0 2.857125025457208e-06
822.0 1.640742880101853e-10
823.0 1.640742880101853e-10
824.0 1.640742880101853e-10
825.0 1.640742880101853e-10
826.0 1.640742880101853e-10
827.0 3.426068815315375e-05
828.0 0.0005177920684218407
829.0 0.00037059569422126515
830.0 0.0002233998657175107
831.0 2.1655166904110956e-05
832.0 1.640742880101853e-10
833.0 1.640742880101853e-10
834.0 1.640742880101853e-10
835.0 1.640742880101853e-10
836.0 5.09140136273345e-05
837.0 1.640742880101853e-10
838.0 1.640742880101853e-10
839.0 1.640742880101853e-10
840.0 1.640742880101853e-10
841.0 1.640742880101853e-10
842.0 4.16303180372779e-05
843.0 4.365569452602358e-05
844.0 4.5680991433982854e-05
845.0 4.0475103446624416e-05
846.0 3.52691245097958e-05
847.0 4.6197527581171016e-05
848.0 5.71258624404436e-05
849.0 6.242797212507867e-05
850.0 6.77299340168247e-05
851.0 0.00010331618796044495
852.0 0.00013890254422221915
853.0 0.0003510328497213777
854.0 0.000563163121114485
855.0 0.00034609570320753846
856.0 0.0001290282284571731
857.0 0.0002945373807961005
858.0 0.0004600465217663441
859.0 0.000830090903036762
860.0 0.0012001351933577098
861.0 0.0010214683243248146
862.0 0.0008428014552919194
863.0 0.0009743073860590812
864.0 0.0011058131349273026
865.0 0.0016421585314674303
866.0 0.0021785037461086176
867.0 0.0021260620997054502
868.0 0.0020736208171001635
869.0 0.0017029309674398974
870.0 0.0013322409358806908
871.0 0.0016156387573573738
872.0 0.0018990362150361761
873.0 0.002073634823318571
874.0 0.0022482328859041445
875.0 0.002217647670477163
876.0 0.0021870622731512412
877.0 0.0021528028810280375
878.0 0.002118544034601655
879.0 0.002303056862729136
880.0 0.0024875704184523784
