lsstCam/transmission_filter_detector/r10_s21/u_24/19700101T000000.ecsv
# %ECSV 1.0
# ---
# datatype:
# - {name: wavelength, unit: nm, datatype: float32}
# - {name: efficiency, unit: '%', datatype: float64}
# meta: !!omap
# - {MODE: DETECTOR}
# - {TYPE: transmission_filter_detector}
# - {CALIBDATE: '1970-01-01T00:00:00'}
# - {INSTRUME: LSSTCam}
# - {OBSTYPE: transmission_filter_detector}
# - {CALIBCLS: lsst.ip.isr.IntermediateFilterDetectorTransmissionCurve}
# - {SOURCE: Materion (DM-46256)}
# - {DETECTOR: 34}
# - {FILTER: u_24}
# - {CALIB_ID: 'calibDate=1970-01-01T00:00:00 filter=u_24 detector=34'}
# - {DATE: '2025-04-02T15:59:39.906641'}
# - {CALIB_CREATION_DATE: '2025-04-02'}
# - {CALIB_CREATION_TIME: '15:59:39'}
# - __serialized_columns__:
#     efficiency:
#       __class__: astropy.units.quantity.Quantity
#       unit: !astropy.units.Unit {unit: '%'}
#       value: !astropy.table.SerializedColumn {name: efficiency}
#     wavelength:
#       __class__: astropy.units.quantity.Quantity
#       unit: !astropy.units.Unit {unit: nm}
#       value: !astropy.table.SerializedColumn {name: wavelength}
# schema: astropy-2.0
wavelength efficiency
[from data line 587]
882.0 0.002688203130674083
883.0 0.0025555225874995813
884.0 0.0024228424081229605
885.0 0.002456958463881165
886.0 0.002491074519639369
887.0 0.00237866861425573
888.0 0.0022662630726699717
889.0 0.0022445967260864563
890.0 0.0022229301976040006
891.0 0.0022750520656700246
892.0 0.0023271739337360486
893.0 0.002408908221696038
894.0 0.0024906421458581463
895.0 0.002920007136708591
896.0 0.0033493717637611553
897.0 0.003894962355843745
898.0 0.004440552947926335
899.0 0.004581903340294957
900.0 0.004723253368865699
901.0 0.004554501356324181
902.0 0.004385750071378425
903.0 0.004795385029865429
904.0 0.005205019624554552
905.0 0.0050720183935482055
906.0 0.004939016798743978
907.0 0.005276830415823497
908.0 0.005614643669105135
909.0 0.005541085920413025
910.0 0.0054675281717209145
911.0 0.005652113759424537
912.0 0.005836700074723922
913.0 0.005813413736177608
914.0 0.005790127397631295
915.0 0.00519168606842868
916.0 0.004593245103023946
917.0 0.004328500654082745
918.0 0.004063756205141544
919.0 0.004315723344916478
920.0 0.004567690484691411
921.0 0.0046148354158503935
922.0 0.004661980710807256
923.0 0.005478319508256391
924.0 0.0062946564867161214
925.0 0.00654551840852946
926.0 0.006796380330342799
927.0 0.007425390504067764
928.0 0.00805439703981392
929.0 0.007970831939019263
930.0 0.007887266838224605
931.0 0.007275772804860026
932.0 0.006664278043899685
933.0 0.0064638144976925105
934.0 0.006263350223889574
935.0 0.00653599199722521
936.0 0.006808634498156607
937.0 0.006750641477992758
938.0 0.006692651368211955
939.0 0.006796179513912648
940.0 0.00689970693201758
941.0 0.006069479059078731
942.0 0.005239249730948359
943.0 0.004395779978949577
944.0 0.003552310954546556
945.0 0.0027624335416476242
946.0 0.0019725564925465733
947.0 0.0019503044313751161
948.0 0.0019280521883047186
949.0 0.0015387722669402137
950.0 0.0011494921636767685
951.0 0.0012574303582368884
952.0 0.001365368370898068
953.0 0.0014880642083880957
954.0 0.0016107602277770638
955.0 0.002060138103843201
956.0 0.0025095157980103977
957.0 0.0027741636586142704
958.0 0.003038810973521322
959.0 0.003235599069739692
960.0 0.003432386802160181
961.0 0.00410461361752823
962.0 0.004776840432896279
963.0 0.004865599476033822
964.0 0.004954359246767126
965.0 0.005008319203625433
966.0 0.005062279524281621
967.0 0.004802379044122063
968.0 0.004542479291558266
969.0 0.0046466269850498065
970.0 0.004750774314743467
971.0 0.004676138996728696
972.0 0.004601502951118164
973.0 0.004424131475389004
974.0 0.004246759272064082
975.0 0.004269995406502858
976.0 0.004293231177143753
977.0 0.003978480162913911
978.0 0.0036637291486840695
979.0 0.0034372413210803643
980.0 0.003210753493476659
981.0 0.003061128154513426
982.0 0.002911503179348074
983.0 0.0030982297175796703
984.0 0.003284955528215505
985.0 0.003526569707901217
986.0 0.003768183887586929
987.0 0.004381809048936702
988.0 0.004995434574084356
989.0 0.006191710417624563
990.0 0.007387984805973247
991.0 0.007327736966544762
992.0 0.007267489127116278
993.0 0.007771063246764243
994.0 0.008274637366412207
995.0 0.007553216710221022
996.0 0.006831793143646792
997.0 0.006222140655154362
998.0 0.005612490349449217
999.0 0.005769929339294322
1000.0 0.005927367601543665
1001.0 0.0055219123169081286
1002.0 0.005116454849485308
1003.0 0.004879057814832777
1004.0 0.004641660052584484
1005.0 0.004990047455066815
1006.0 0.005338434857549146
1007.0 0.005178910214453936
1008.0 0.0050193830247735605
1009.0 0.004592780896928161
1010.0 0.004166179132880643
1011.0 0.003961102629546076
1012.0 0.0037560268538072705
1013.0 0.0030381494070752524
1014.0 0.0023202721422421746
1015.0 0.002172481435991358
1016.0 0.0020246907297405414
1017.0 0.0018007018297794275
1018.0 0.0015767127479193732
1019.0 0.0014900992937327828
1020.0 0.001403485657647252
1021.0 0.0012244557183294091
1022.0 0.0010454257790115662
1023.0 0.0012096260434191208
1024.0 0.0013738262168772053
1025.0 0.0011319582881696988
1026.0 0.0008900903594621923
1027.0 0.0008785021236690227
1028.0 0.0008669135240779724
1029.0 0.0011122446267108899
1030.0 0.0013575760021922179
1031.0 0.0021318512153811753
1032.0 0.002906126610469073
1033.0 0.0024811271941871382
1034.0 0.0020561277779052034
1035.0 0.0022499869373859838
1036.0 0.0024438459149678238
1037.0 0.0024951719751697965
1038.0 0.0025464982172707096
1039.0 0.0021453321096487343
1040.0 0.0017441663658246398
1041.0 0.001486041674070293
1042.0 0.001227917255164357
1043.0 0.0014212763744581025
1044.0 0.0016146357666002586
1045.0 0.001557932591822464
1046.0 0.0015012294170446694
1047.0 0.001873591281764675
1048.0 0.0022459536921815015
1049.0 0.0015449357306351885
1050.0 0.0008439174052909948
1051.0 0.0009528705049888231
1052.0 0.0010618231499393005
1053.0 0.0008751903806114569
1054.0 0.0006885573384352028
1055.0 0.0006749957265128614
1056.0 0.0006614344783884007
1057.0 0.0009383483302372042
1058.0 0.0012152622730354778
1059.0 0.0010861405826290138
1060.0 0.0009570192560204305
1061.0 0.0012240326213941444
1062.0 0.001491045804868918
1063.0 0.001302586042584153
1064.0 0.0011141260074509773
1065.0 0.0007406695658573881
1066.0 0.00036721323795063654
1067.0 0.0008327165232913103
1068.0 0.0012982191037735902
1069.0 0.002174402470700443
1070.0 0.0030505852919304743
1071.0 0.002585627771622967
1072.0 0.0021206700694165193
1073.0 0.0017921034668688662
1074.0 0.0014635364095738623
1075.0 0.0032036863558460027
1076.0 0.004943835665471852
1077.0 0.005207677168073133
1078.0 0.005471518306876533
1079.0 0.006182124343467876
1080.0 0.0068927271058782935
1081.0 0.005389071884565055
1082.0 0.003885415935656056
1083.0 0.0025564249881426804
1084.0 0.0012274344044271857
1085.0 0.002476132067386061
1086.0 0.0037248293665470555
1087.0 0.004634220022126101
1088.0 0.005543610313907266
1089.0 0.006419532292056829
1090.0 0.007295454997802153
1091.0 0.0035813347494695336
1092.0 1.640742880101853e-10
1093.0 0.00044209759835212026
1094.0 0.0010169811503146775
1095.0 0.0018362783521297388
1096.0 0.0026555755539448
1097.0 0.001557390351081267
1098.0 0.0004592049663187936
1099.0 0.0011887384061992634
1100.0 0.0019182714822818525
