lsstCam/transmission_filter_detector/r02_s22/z_20/19700101T000000.ecsv
# %ECSV 1.0
# ---
# datatype:
# - {name: wavelength, unit: nm, datatype: float32}
# - {name: efficiency, unit: '%', datatype: float64}
# meta: !!omap
# - {MODE: DETECTOR}
# - {TYPE: transmission_filter_detector}
# - {CALIBDATE: '1970-01-01T00:00:00'}
# - {INSTRUME: LSSTCam}
# - {OBSTYPE: transmission_filter_detector}
# - {CALIBCLS: lsst.ip.isr.IntermediateFilterDetectorTransmissionCurve}
# - {SOURCE: Materion (DM-46256)}
# - {DETECTOR: 17}
# - {FILTER: z_20}
# - {CALIB_ID: 'calibDate=1970-01-01T00:00:00 filter=z_20 detector=17'}
# - {DATE: '2025-04-02T15:59:48.713266'}
# - {CALIB_CREATION_DATE: '2025-04-02'}
# - {CALIB_CREATION_TIME: '15:59:48'}
# - __serialized_columns__:
#     efficiency:
#       __class__: astropy.units.quantity.Quantity
#       unit: !astropy.units.Unit {unit: '%'}
#       value: !astropy.table.SerializedColumn {name: efficiency}
#     wavelength:
#       __class__: astropy.units.quantity.Quantity
#       unit: !astropy.units.Unit {unit: nm}
#       value: !astropy.table.SerializedColumn {name: wavelength}
# schema: astropy-2.0
wavelength efficiency
300.0 0.8736997842788696
301.0 0.5913423374295235
302.0 0.30898498371243477
303.0 0.3001061733812094
304.0 0.291227363049984
305.0 0.24463210720568895
306.0 0.19803685136139393
307.0 0.18234617309644818
308.0 0.16665552975609899
309.0 0.1455770805478096
310.0 0.12449863133952022
311.0 0.12609879486262798
312.0 0.1276989933103323
313.0 0.11230414966121316
314.0 0.0969093234743923
315.0 0.09606145322322845
316.0 0.09521358297206461
317.0 0.07988781435415149
318.0 0.06456205737777054
319.0 0.06432358059100807
320.0 0.0640850979834795
321.0 0.06334804929792881
322.0 0.06261100061237812
323.0 0.054589268984273076
324.0 0.04656754026655108
325.0 0.043041614117100835
326.0 0.03951568505726755
327.0 0.03922216419596225
328.0 0.038928643334656954
329.0 0.034492299892008305
330.0 0.0300559593597427
331.0 0.027258411864750087
332.0 0.024460861459374428
333.0 0.023554847575724125
334.0 0.022648829326499254
335.0 0.02154078974854201
336.0 0.020432748715393245
337.0 0.024514482356607914
338.0 0.028596207266673446
339.0 0.02446244179736823
340.0 0.02032868069363758
341.0 0.016939202032517642
342.0 0.013549724826589227
343.0 0.013544426474254578
344.0 0.013539129577111453
345.0 0.012633491132874042
346.0 0.011727851233445108
347.0 0.011249274393776432
348.0 0.01077069973689504
349.0 0.013413111446425319
350.0 0.01605552388355136
351.0 0.013328777276910841
352.0 0.010602027759887278
353.0 0.01125799972214736
354.0 0.011913973139598966
355.0 0.010242711141472682
356.0 0.008571450598537922
357.0 0.009476803825236857
358.0 0.01038216141751036
359.0 0.010130712325917557
360.0 0.00987926177913323
361.0 0.008916288788896054
362.0 0.007953317981446162
363.0 0.009137199231190607
364.0 0.01032107975333929
365.0 0.01009114712360315
366.0 0.009861217404250056
367.0 0.008687689842190593
368.0 0.00751416155253537
369.0 0.007972647290444002
370.0 0.008431133755948395
371.0 0.008382193482248113
372.0 0.008333253936143592
373.0 0.00722657423466444
374.0 0.0061198967159725726
375.0 0.0063932973716873676
376.0 0.0066666980274021626
377.0 0.006992307316977531
378.0 0.0073179158789571375
379.0 0.0061479244322981685
380.0 0.0049779318942455575
381.0 0.0031880452297627926
382.0 0.001398158747178968
383.0 0.003592061693780124
384.0 0.005785964822280221
385.0 0.005522752690012567
386.0 0.0052595409215427935
387.0 0.0058835190429817885
388.0 0.006507497892016545
389.0 0.005765466266893782
390.0 0.005023435733164661
391.0 0.004659147452912293
392.0 0.004294858808862045
393.0 0.00478632609883789
394.0 0.005277793752611615
395.0 0.004369358066469431
396.0 0.0034609220165293664
397.0 0.003623349402914755
398.0 0.003785776425502263
399.0 0.004015382728539407
400.0 0.004244988667778671
401.0 0.004657286262954585
402.0 0.005069583494332619
403.0 0.005070972110843286
404.0 0.0050723610911518335
405.0 0.004208529571769759
406.0 0.0033446984161855653
407.0 0.001858801260823384
408.0 0.00037290446925908327
409.0 0.0019958315533585846
410.0 0.003618758637458086
411.0 0.004025911403005011
412.0 0.004433063804754056
413.0 0.004443642319529317
414.0 0.004454220470506698
415.0 0.003636359906522557
416.0 0.0028184998882352374
417.0 0.0036990160879213363
418.0 0.0045795324695063755
419.0 0.004193752829451114
420.0 0.003807973553193733
421.0 0.0037467263609869406
422.0 0.0036854798963759094
423.0 0.0035568358725868165
424.0 0.003428192576393485
425.0 0.0025230898245354183
426.0 0.0016179870726773515
427.0 0.0018323431504541077
428.0 0.002046699410129804
429.0 0.0014568312508345116
430.0 0.0008669633643876296
431.0 0.000830967564979801
432.0 0.0007949716746225022
433.0 0.0006795492481614929
434.0 0.0005641270035994239
435.0 0.0011468844604678452
436.0 0.0017296419173362665
437.0 0.001949573925230652
438.0 0.002169506115023978
439.0 0.0021795887732878327
440.0 0.0021896714315516874
441.0 0.0016231497284024954
442.0 0.0010566282071522437
443.0 0.002264372233184986
444.0 0.0034721160773187876
445.0 0.003373875006218441
446.0 0.003275633935118094
447.0 0.0025063747671083547
448.0 0.001737115417199675
449.0 0.002580120781203732
450.0 0.00342312669090461
451.0 0.002621201019792352
452.0 0.0018192748029832728
453.0 0.0017042213585227728
454.0 0.0015891680959612131
455.0 0.002342426341783721
456.0 0.003095684587606229
457.0 0.002279250475112349
458.0 0.0014628164535679389
459.0 0.0015708208593423478
460.0 0.001678825356066227
461.0 0.0008292943675769493
462.0 1.6140747592652271e-10
463.0 0.0009917213901644573
464.0 0.002003679946938064
465.0 0.002232704355265014
466.0 0.002461728945490904
467.0 0.0021625106455758214
468.0 0.0018632917999639176
469.0 0.0016622818293399177
470.0 0.0014612716768169776
471.0 0.0013489828234014567
472.0 0.0012366943337838165
473.0 0.0012111509022361133
474.0 0.0011856075616378803
475.0 0.0010860429028980434
476.0 0.0009864783351076767
477.0 0.0013428340935206506
478.0 0.0016991896700346842
479.0 0.0020705558199551888
480.0 0.0024419219698756933
481.0 0.00187718997040065
482.0 0.0013124577890266664
483.0 0.0008539643204130698
484.0 0.00039547089727420826
485.0 0.0012457887351047248
486.0 0.002096106436511036
487.0 0.0014232995454221964
488.0 0.0007504926088586217
489.0 0.0016004150893422775
490.0 0.002450337888149079
491.0 0.002303778637724463
492.0 0.002157219387299847
493.0 0.0020235585907357745
494.0 0.0018898979760706425
495.0 0.0016325304386555217
496.0 0.0013751630831393413
497.0 0.0012223760677443352
498.0 0.0010695891432987992
499.0 0.001196529956359882
500.0 0.0013234708603704348
501.0 0.0008649220944789704
502.0 0.0004063731921633007
503.0 0.0012214656635478605
504.0 0.0020365581804071553
505.0 0.0022249343601288274
506.0 0.00241331090364838
507.0 0.0022556754629476927
508.0 0.0020980396584491245
509.0 0.0018341068425797857
510.0 0.0015701742086093873
511.0 0.001229751251230482
512.0 0.0008893284757505171
513.0 0.0012606652489921544
514.0 0.001632002204132732
515.0 0.0013087133083899971
516.0 0.000985424867394613
517.0 0.0009146351658273488
518.0 0.0008438453733106144
519.0 0.001102807709685294
520.0 0.0013617695913126227
521.0 0.001692293881205842
522.0 0.0020228182620485313
523.0 0.001352687286271248
524.0 0.0006825567197665805
525.0 0.0007334344445553143
526.0 0.0007843123967177235
527.0 0.001135113325290149
528.0 0.0014859145267109852
529.0 0.001280207379750209
530.0 0.0010744995051936712
531.0 0.0011743014511012007
532.0 0.0012741032151097897
533.0 0.0009039744327310473
534.0 0.0005338456048775697
535.0 0.001116203475248767
536.0 0.0016985613910946995
537.0 0.0016905827578739263
538.0 0.0016826041246531531
539.0 0.0011906522559002042
540.0 0.0006987001142988447
541.0 0.00079446272138739
542.0 0.0008902254194254056
543.0 0.0012722495739581063
544.0 0.0016542739103897475
545.0 0.0011304642612230964
546.0 0.0006066550213290611
547.0 0.0012703524589596782
548.0 0.0019340495782671496
549.0 0.0016527112165931612
550.0 0.0013713726730202325
551.0 0.0014350684978126083
552.0 0.0014987638678576332
553.0 0.001337723824690329
554.0 0.001176683417725144
555.0 0.0010835832654265687
556.0 0.0009904831131279934
557.0 0.001373306895402493
558.0 0.001756130404828582
559.0 0.0017631105947657488
560.0 0.001770090420905035
561.0 0.001580437492521014
562.0 0.0013907843822380528
563.0 0.001114223869080888
564.0 0.0008376632649742533
565.0 0.0015857365724514239
566.0 0.0023338099708780646
567.0 0.0026978348614647985
568.0 0.0030618593882536516
569.0 0.0029584647563751787
570.0 0.0028550699425977655
571.0 0.002674668030522298
572.0 0.0024942655727500096
573.0 0.0019977829651907086
574.0 0.001501300539530348
575.0 0.001923342097143177
576.0 0.002345383654756006
577.0 0.001980812339752447
578.0 0.0016162413885467686
579.0 0.0017371770809404552
580.0 0.0018581125914352015
581.0 0.0016948186384979635
582.0 0.0015315241398639046
583.0 0.0019691828128998168
584.0 0.002406841485935729
585.0 0.002536772626626771
586.0 0.002666703767317813
587.0 0.002016823236772325
588.0 0.0013669421605300158
589.0 0.0019983506717835553
590.0 0.002629759364936035
591.0 0.001847454950620886
592.0 0.001065150627255207
593.0 0.0007900557648099493
594.0 0.0005149606749910163
595.0 0.0009787484486878384
596.0 0.001442535995010985
597.0 0.0013517798834072892
598.0 0.001261023680854123
599.0 0.0009371972737426404
600.0 0.0006133710940048331
601.0 0.0005394923391577322
602.0 0.0004656133569369558
603.0 0.000921993068914162
604.0 0.001378372235194547
605.0 0.0008818299647828098
606.0 0.00038528737604792695
607.0 0.0008211740350816399
608.0 0.001257060830539558
609.0 0.0012195084309496451
610.0 0.0011819558494607918
611.0 0.0009831308489083312
612.0 0.0007843056664569303
613.0 0.0007650567567907274
614.0 0.0007458078016497893
615.0 0.001167023310699733
616.0 0.0015882391380728222
617.0 0.0021202768039074726
618.0 0.002652314469742123
619.0 0.0021962869141134433
620.0 0.001740258994686883
621.0 0.0015380934200948104
622.0 0.0013359276636037976
623.0 0.0016142261301865801
624.0 0.0018925245967693627
625.0 0.0016790318113635294
626.0 0.0014655392078566365
627.0 0.0019171968233422376
628.0 0.0023688548026257195
629.0 0.0021456025933730416
630.0 0.0019223502022214234
631.0 0.001691780380497221
632.0 0.0014612104678235482
633.0 0.0018037180780083872
634.0 0.0021462259610416368
635.0 0.005087081081001088
636.0 0.008027935837162659
637.0 0.015354859351646155
638.0 0.022681783593725413
639.0 0.019859056919813156
640.0 0.0170363302459009
641.0 0.014709366951137781
642.0 0.012382406566757709
643.0 0.009932112152455375
644.0 0.007481818465748802
645.0 0.006755126378266141
646.0 0.0060284346545813605
647.0 0.0055146047088783234
648.0 0.005000774399377406
649.0 0.004117941716685891
650.0 0.0032351093977922574
651.0 0.003621641735662706
652.0 0.004008173709735274
653.0 0.0032454401662107557
654.0 0.002482706076989416
655.0 0.0027552918254514225
656.0 0.0030278784834081307
657.0 0.002907416819653008
658.0 0.002786954973998945
659.0 0.002642203435243573
660.0 0.002497451896488201
661.0 0.0026760255423141643
662.0 0.0028545986424433067
663.0 0.001965025148820132
664.0 0.001075451473298017
665.0 0.0015786350559210405
666.0 0.0020818188204430044
667.0 0.002397018761257641
668.0 0.0027122187020722777
669.0 0.001962628994078841
670.0 0.0012130391951359343
671.0 0.0008921392691263463
672.0 0.0005712393431167584
673.0 0.0012918304491904564
674.0 0.002012421828112565
675.0 0.0020480752937146463
676.0 0.002083728395518847
677.0 0.0018881861251429655
678.0 0.0016926431271713227
679.0 0.0014147736692393664
680.0 0.0011369039384589996
681.0 0.0012170294212410226
682.0 0.0012971548130735755
683.0 0.0023588685508002527
684.0 0.0034205826523248106
685.0 0.002836879139067605
686.0 0.002253176353406161
687.0 0.0016870584659045562
688.0 0.0011209405784029514
689.0 0.0014812703739153221
690.0 0.0018415999875287525
691.0 0.002155541915271897
692.0 0.0024694834792171605
693.0 0.0027391915864427574
694.0 0.0030088996936683543
695.0 0.0032205563911702484
696.0 0.003432212906773202
697.0 0.0036497352994047105
698.0 0.003867257692036219
699.0 0.005752755896537565
700.0 0.007638253009645268
701.0 0.0072237642598338425
702.0 0.006809274054830894
703.0 0.006242918607313186
704.0 0.0056765649787848815
705.0 0.005151001823833212
706.0 0.004625438305083662
707.0 0.004360448656370863
708.0 0.004095458280062303
709.0 0.004223084033583291
710.0 0.004350709423306398
711.0 0.0039052090869517997
712.0 0.0034597094781929627
713.0 0.0024472017685184255
714.0 0.0014346939678944182
715.0 0.002165275873267092
716.0 0.002895857505791355
717.0 0.002508350371499546
718.0 0.0021208430553087965
719.0 0.0016568594219279476
720.0 0.001192875424749218
721.0 0.0011636573617579415
722.0 0.0011344388440193143
723.0 0.000996679773379583
724.0 0.0008589207027398515
725.0 0.0012432928087946493
726.0 0.0016276651876978576
727.0 0.0017135909729404375
728.0 0.001799516576284077
729.0 0.0018357872249907814
730.0 0.001872057509899605
731.0 0.0014147805813991
732.0 0.0009575036528985947
733.0 0.0009335999493487179
734.0 0.0009096962457988411
735.0 0.0010173725058848504
736.0 0.0011250483112235088
737.0 0.0013167745237296913
738.0 0.0015085002814885229
739.0 0.0012133192285546102
740.0 0.0009181379937217571
741.0 0.0010621156434353907
742.0 0.0012060930203006137
743.0 0.0016446114386781119
744.0 0.00208312976610614
745.0 0.0014001764611748513
746.0 0.0007172230652940925
747.0 0.0012135452379880007
748.0 0.0017098675016313791
749.0 0.002349642090848647
750.0 0.002989416680065915
751.0 0.0029616610845550895
752.0 0.0029339053071453236
753.0 0.0028998159905313514
754.0 0.0028657266739173792
755.0 0.0018984039343195036
756.0 0.0009310812856710982
757.0 0.0019152474123984575
758.0 0.002899413630075287
759.0 0.0026914081900031306
760.0 0.002483402204234153
761.0 0.004351150710135698
762.0 0.006218899943633005
763.0 0.00572008611925412
764.0 0.005221272294875234
765.0 0.005299395706970245
766.0 0.005377519846661016
767.0 0.004603025081451051
768.0 0.0038285303162410855
769.0 0.003366999590070918
770.0 0.0029054695914965123
771.0 0.003854087117360905
772.0 0.004802705007023178
773.0 0.004008206087746657
774.0 0.003213706804672256
775.0 1.6140747592652271e-10
776.0 0.0975455332081765
777.0 1.6140747592652271e-10
778.0 1.6140747592652271e-10
779.0 0.04359077429398894
780.0 1.6140747592652271e-10
781.0 0.07542904349975288
782.0 0.1490931725129485
783.0 1.6140747592652271e-10
784.0 1.6140747592652271e-10
785.0 0.021121349709574133
786.0 0.03365279990248382
787.0 1.6140747592652271e-10
788.0 0.12106789508834481
789.0 0.08086824673227966
790.0 0.03261926176492125
791.0 0.06376094534061849
792.0 0.02160461590392515
793.0 1.6140747592652271e-10
794.0 0.13584299013018608
795.0 1.6140747592652271e-10
796.0 0.014172929513733834
797.0 0.030531352967955172
798.0 0.13726402539759874
799.0 0.26114126667380333
800.0 0.17833741148933768
801.0 0.36943131126463413
802.0 0.6468930281698704
803.0 1.18959229439497
804.0 1.8568489700555801
805.0 3.0588772147893906
806.0 4.497433826327324
807.0 6.368011236190796
808.0 8.629665523767471
809.0 11.401977390050888
810.0 14.801943302154541
811.0 17.92513281106949
812.0 20.63189595937729
813.0 23.911112546920776
814.0 27.08434760570526
815.0 31.696301698684692
816.0 36.527952551841736
817.0 42.3290491104126
818.0 48.31748306751251
819.0 54.4455349445343
820.0 62.316375970840454
821.0 69.95509266853333
822.0 76.09838843345642
823.0 81.34157061576843
824.0 86.1881673336029
825.0 90.93477725982666
826.0 94.39417123794556
827.0 95.72608470916748
828.0 98.25901389122009
829.0 98.73344898223877
830.0 98.4900176525116
831.0 99.2565393447876
832.0 98.56045842170715
833.0 99.49761629104614
834.0 98.14509153366089
835.0 99.20679926872253
836.0 98.81345629692078
837.0 98.76988530158997
838.0 97.95834422111511
839.0 98.68550896644592
840.0 98.71259927749634
841.0 99.53017234802246
842.0 99.4356095790863
843.0 99.80239272117615
844.0 97.85294532775879
845.0 98.4995186328888
846.0 98.68247509002686
847.0 98.77681732177734
848.0 99.91461634635925
849.0 98.88854026794434
850.0 98.1821596622467
851.0 99.08745884895325
852.0 99.42047595977783
853.0 98.84033799171448
854.0 99.81489777565002
855.0 98.3075737953186
856.0 98.85523319244385
857.0 98.01156520843506
858.0 98.69770407676697
859.0 99.48009252548218
860.0 98.69851469993591
861.0 98.87977838516235
862.0 99.00871515274048
863.0 98.40686321258545
864.0 99.59319233894348
865.0 99.45818185806274
866.0 98.79690408706665
867.0 99.42229986190796
868.0 99.39215183258057
869.0 98.98226857185364
870.0 98.4459936618805
871.0 98.62526655197144
872.0 99.84000325202942
873.0 99.39166307449341
874.0 99.67005848884583
875.0 98.90466928482056
876.0 98.99362921714783
877.0 99.65575933456421
878.0 99.17939901351929
879.0 98.76872301101685
880.0 98.58945608139038
881.0 100.07873773574829
882.0 98.86032342910767
883.0 98.55285882949829
884.0 99.49679970741272
885.0 98.98685812950134
886.0 98.53342175483704
887.0 98.63969087600708
888.0 98.7856388092041
889.0 99.67594742774963
890.0 98.46792817115784
891.0 99.5010495185852
892.0 98.86022210121155
893.0 99.0808367729187
894.0 98.42191934585571
895.0 99.60513114929199
