lsstCam/transmission_filter_detector/r02_s22/z_20/19700101T000000.ecsv
# %ECSV 1.0
# ---
# datatype:
# - {name: wavelength, unit: nm, datatype: float32}
# - {name: efficiency, unit: '%', datatype: float64}
# meta: !!omap
# - {MODE: DETECTOR}
# - {TYPE: transmission_filter_detector}
# - {CALIBDATE: '1970-01-01T00:00:00'}
# - {INSTRUME: LSSTCam}
# - {OBSTYPE: transmission_filter_detector}
# - {CALIBCLS: lsst.ip.isr.IntermediateFilterDetectorTransmissionCurve}
# - {SOURCE: Materion (DM-46256)}
# - {DETECTOR: 17}
# - {FILTER: z_20}
# - {CALIB_ID: 'calibDate=1970-01-01T00:00:00 filter=z_20 detector=17'}
# - {DATE: '2025-04-02T15:59:48.713266'}
# - {CALIB_CREATION_DATE: '2025-04-02'}
# - {CALIB_CREATION_TIME: '15:59:48'}
# - __serialized_columns__:
#     efficiency:
#       __class__: astropy.units.quantity.Quantity
#       unit: !astropy.units.Unit {unit: '%'}
#       value: !astropy.table.SerializedColumn {name: efficiency}
#     wavelength:
#       __class__: astropy.units.quantity.Quantity
#       unit: !astropy.units.Unit {unit: nm}
#       value: !astropy.table.SerializedColumn {name: wavelength}
# schema: astropy-2.0
wavelength efficiency
[from data line 597]
897.0 99.16465282440186
898.0 98.96259307861328
899.0 98.45731854438782
900.0 98.8088607788086
901.0 99.33759570121765
902.0 99.4309663772583
903.0 98.44229221343994
904.0 97.71755337715149
905.0 98.6463189125061
906.0 98.01592826843262
907.0 98.70617985725403
908.0 98.10759425163269
909.0 98.17518591880798
910.0 98.19296002388
911.0 97.18565344810486
912.0 95.83423733711243
913.0 94.91894841194153
914.0 92.73914098739624
915.0 90.30877351760864
916.0 88.0849540233612
917.0 86.56635880470276
918.0 83.18560123443604
919.0 81.94414973258972
920.0 79.0781319141388
921.0 75.48220157623291
922.0 70.94135880470276
923.0 65.59285521507263
924.0 59.96714234352112
925.0 54.02495861053467
926.0 48.20046126842499
927.0 41.38871729373932
928.0 35.36039590835571
929.0 29.09035086631775
930.0 23.530618846416473
931.0 18.339918553829193
932.0 13.006825745105743
933.0 8.562678098678589
934.0 5.452058091759682
935.0 3.418939933180809
936.0 1.981169544160366
937.0 1.1837978847324848
938.0 0.5946963559836149
939.0 0.4772681277245283
940.0 0.09778077946975827
941.0 0.09370569605380297
942.0 0.22172625176608562
943.0 0.016574560140725225
944.0 0.0968086184002459
945.0 0.1494258060120046
946.0 0.13742344453930855
947.0 1.6140747592652271e-10
948.0 1.6140747592652271e-10
949.0 1.6140747592652271e-10
950.0 0.06145628867670894
951.0 1.6140747592652271e-10
952.0 0.03805700107477605
953.0 1.6140747592652271e-10
954.0 0.037359920679591596
955.0 0.09894169634208083
956.0 0.07409961544908583
957.0 0.04413271672092378
958.0 1.6140747592652271e-10
959.0 0.01761474704835564
960.0 1.6140747592652271e-10
961.0 0.027446867898106575
962.0 0.031602149829268456
963.0 0.04746259073726833
964.0 0.046385161112993956
965.0 0.041717488784343004
966.0 0.058540154714137316
967.0 1.6140747592652271e-10
968.0 0.02579616557341069
969.0 0.0352043891325593
970.0 1.6140747592652271e-10
971.0 0.07318363059312105
972.0 1.6140747592652271e-10
973.0 1.6140747592652271e-10
974.0 1.6140747592652271e-10
975.0 1.6140747592652271e-10
976.0 0.006435624527512118
977.0 0.006359775579767302
978.0 0.006283928087214008
979.0 0.0061214515881147236
980.0 0.005958973633823916
981.0 0.005817812052555382
982.0 0.00567665156268049
983.0 0.00553895952180028
984.0 0.00540126784471795
985.0 0.005155754843144678
986.0 0.004910241113975644
987.0 0.0049478552682558075
988.0 0.00498546905873809
989.0 0.004889399860985577
990.0 0.004793331027030945
991.0 0.004846222509513609
992.0 0.004899113991996273
993.0 0.004884634108748287
994.0 0.004870153497904539
995.0 0.004838493623537943
996.0 0.004806833749171346
997.0 0.004554596307571046
998.0 0.004302358502172865
999.0 0.004332922253524885
1000.0 0.0043634856410790235
1001.0 0.00452829226560425
1002.0 0.004693098526331596
1003.0 0.004544590410660021
1004.0 0.004396081931190565
1005.0 0.004283329690224491
1006.0 0.004170577449258417
1007.0 0.004289302887627855
1008.0 0.004408028325997293
1009.0 0.004422823622007854
1010.0 0.004437618918018416
1011.0 0.00444932229584083
1012.0 0.004461025673663244
1013.0 0.004386299042380415
1014.0 0.004311572411097586
1015.0 0.004496755718719214
1016.0 0.0046819386625429615
1017.0 0.0049029353249352425
1018.0 0.005123932351125404
1019.0 0.004915409226668999
1020.0 0.004706886102212593
1021.0 0.004723753954749554
1022.0 0.004740621443488635
1023.0 0.004633329081116244
1024.0 0.004526035991148092
1025.0 0.004716733383247629
1026.0 0.004907430775347166
1027.0 0.004821144466404803
1028.0 0.004734858521260321
1029.0 0.004678790355683304
1030.0 0.004622722553904168
1031.0 0.004772434840560891
1032.0 0.004922147127217613
1033.0 0.004955496115144342
1034.0 0.004988845466868952
1035.0 0.005218656588112935
1036.0 0.005448467709356919
1037.0 0.005570853318204172
1038.0 0.005693238927051425
1039.0 0.005479466562974267
1040.0 0.005265693471301347
1041.0 0.005675183638231829
1042.0 0.006084673805162311
1043.0 0.005564284583670087
1044.0 0.005043895725975744
1045.0 0.005854835762875155
1046.0 0.006665775435976684
1047.0 0.006242987001314759
1048.0 0.005820197839057073
1049.0 0.006037861749064177
1050.0 0.0062555256590712816
1051.0 0.006527674122480676
1052.0 0.0067998240410815924
1053.0 0.006834269152022898
1054.0 0.0068687135353684425
1055.0 0.007541398372268304
1056.0 0.008214083936763927
1057.0 0.007897159230196849
1058.0 0.0075802359788212925
1059.0 0.007779119914630428
1060.0 0.00797800239524804
1061.0 0.00864983958308585
1062.0 0.00932167749851942
1063.0 0.009227197006111965
1064.0 0.009132718696491793
1065.0 0.009325749124400318
1066.0 0.009518782462691888
1067.0 0.00946520667639561
1068.0 0.009411632345290855
1069.0 0.010434215073473752
1070.0 0.011456799256848171
1071.0 0.011005032138200477
1072.0 0.010553265747148544
1073.0 0.01068262936314568
1074.0 0.010811992979142815
1075.0 0.011310396803310141
1076.0 0.011808804265456274
1077.0 0.012208466068841517
1078.0 0.012608127144630998
1079.0 0.01355288113700226
1080.0 0.014497636584565043
1081.0 0.014269642997533083
1082.0 0.014041652320884168
1083.0 0.01404355134582147
1084.0 0.014045450370758772
1085.0 0.014594658568967134
1086.0 0.015143871132750064
1087.0 0.015288760187104344
1088.0 0.01543365215184167
1089.0 0.016838494047988206
1090.0 0.01824333448894322
1091.0 0.01813919807318598
1092.0 0.018035057291854173
1093.0 0.017825239046942443
1094.0 0.017615416436456144
1095.0 0.018618789908941835
1096.0 0.019622166291810572
1097.0 0.01985153794521466
1098.0 0.020080909598618746
1099.0 0.021958119759801775
1100.0 0.02383532701060176
1101.0 0.023514768690802157
1102.0 0.02319420746061951
1103.0 0.025151425506919622
1104.0 0.027108637732453644
1105.0 0.0270886899670586
1106.0 0.0270687451120466
1107.0 0.027874484658241272
1108.0 0.028680224204435945
1109.0 0.03032044623978436
1110.0 0.03196067118551582
1111.0 0.03198198974132538
1112.0 0.03200331120751798
1113.0 0.03340120310895145
1114.0 0.034799103741534054
1115.0 0.03419998101890087
1116.0 0.033600861206650734
1117.0 0.034350797068327665
1118.0 0.03510073584038764
1119.0 0.038351339753717184
1120.0 0.041601937846280634
1121.0 0.04271770594641566
1122.0 0.04383347404655069
1123.0 0.04500960640143603
1124.0 0.046185741666704416
1125.0 0.04700059653259814
1126.0 0.047815454308874905
1127.0 0.05118125700391829
1128.0 0.05454705096781254
1129.0 0.05719179753214121
1130.0 0.05983654991723597
1131.0 0.06066886708140373
1132.0 0.06150117260403931
1133.0 0.06497926660813391
1134.0 0.06845736061222851
1135.0 0.06609511328861117
1136.0 0.06373287178575993
1137.0 0.07036588503979146
1138.0 0.07699891575612128
1139.0 0.08029176970012486
1140.0 0.0835845887195319
1141.0 0.09423686424270272
1142.0 0.1048891106620431
1143.0 0.12771232286468148
1144.0 0.15053548850119114
1145.0 0.2988073509186506
1146.0 0.44707925990223885
1147.0 0.9522213600575924
1148.0 1.4573635533452034
1149.0 1.656600460410118
1150.0 1.8558384850621223
