lsstCam/transmission_filter_detector/r22_s00/g_6/19700101T000000.ecsv
# %ECSV 1.0
# ---
# datatype:
# - {name: wavelength, unit: nm, datatype: float32}
# - {name: efficiency, unit: '%', datatype: float64}
# meta: !!omap
# - {MODE: DETECTOR}
# - {TYPE: transmission_filter_detector}
# - {CALIBDATE: '1970-01-01T00:00:00'}
# - {INSTRUME: LSSTCam}
# - {OBSTYPE: transmission_filter_detector}
# - {CALIBCLS: lsst.ip.isr.IntermediateFilterDetectorTransmissionCurve}
# - {SOURCE: Materion (DM-46256)}
# - {DETECTOR: 90}
# - {FILTER: g_6}
# - {CALIB_ID: 'calibDate=1970-01-01T00:00:00 filter=g_6 detector=90'}
# - {DATE: '2025-04-02T15:59:42.445377'}
# - {CALIB_CREATION_DATE: '2025-04-02'}
# - {CALIB_CREATION_TIME: '15:59:42'}
# - __serialized_columns__:
#     efficiency:
#       __class__: astropy.units.quantity.Quantity
#       unit: !astropy.units.Unit {unit: '%'}
#       value: !astropy.table.SerializedColumn {name: efficiency}
#     wavelength:
#       __class__: astropy.units.quantity.Quantity
#       unit: !astropy.units.Unit {unit: nm}
#       value: !astropy.table.SerializedColumn {name: wavelength}
# schema: astropy-2.0
wavelength efficiency
[from data line 609]
909.0 0.00033094336231442867
910.0 0.00028564725198521046
911.0 0.0002403511643933598
912.0 0.00043013369577238336
913.0 0.0006199162271514069
914.0 0.0004042668024339946
915.0 0.00018861738908526604
916.0 0.0002534222176109324
917.0 0.0003182270575052826
918.0 0.00031691652111476287
919.0 0.00031560598472424317
920.0 0.0003268549107815488
921.0 0.0003381038368388545
922.0 0.0005439036613097414
923.0 0.0007497034857806284
924.0 0.0006539873538713437
925.0 0.000558271267436794
926.0 0.0005879679520148784
927.0 0.000617664773017168
928.0 0.0005661717750626849
929.0 0.0005146787771082018
930.0 0.0005366660388972377
931.0 0.0005586533006862737
932.0 0.0005285402039589826
933.0 0.0004984271981811617
934.0 0.0004920322680845857
935.0 0.00048563738346274476
936.0 0.0005378069545258768
937.0 0.0005899765255890088
938.0 0.0006702846803818829
939.0 0.0007505928351747571
940.0 0.0006477191618614597
941.0 0.0005448453975986922
942.0 0.0007318446023418801
943.0 0.0009188437616103329
944.0 0.0007218804967124015
945.0 0.0005249170953902649
946.0 0.0005840498033649055
947.0 0.0006431825113395462
948.0 0.0009279255209548865
949.0 0.0012126685760449618
950.0 0.00105475901364116
951.0 0.0008968494512373582
952.0 0.0009498864528723061
953.0 0.001002923454507254
954.0 0.0009037144991452806
955.0 0.0008045056347327773
956.0 0.0007911889952083584
957.0 0.0007778721737849992
958.0 0.000923610514291795
959.0 0.0010693488547985908
960.0 0.0008113354851957411
961.0 0.0005533220246434212
962.0 0.0006463994850491872
963.0 0.0007394769454549532
964.0 0.0007924650162749458
965.0 0.0008454529961454682
966.0 0.0007914831257949118
967.0 0.0007375132554443553
968.0 0.0007355051366175758
969.0 0.0007334970177907962
970.0 0.0007291804195119767
971.0 0.0007248638667078922
972.0 0.0008190061635104939
973.0 0.000913148596737301
974.0 0.0008613587851868942
975.0 0.000809569246484898
976.0 0.0009019137905852403
977.0 0.0009942586984834634
978.0 0.001020397940010298
979.0 0.0010465372724866029
980.0 0.00110463188320864
981.0 0.0011627266758296173
982.0 0.0011262933185207658
983.0 0.001089859870262444
984.0 0.0011017280485248193
985.0 0.0011135962267871946
986.0 0.001157846963906195
987.0 0.0012020974281767849
988.0 0.0012450528629415203
989.0 0.001288007933908375
990.0 0.0013403812772594392
991.0 0.0013927545296610333
992.0 0.0013464255971484818
993.0 0.0013000968465348706
994.0 0.0012362196684989613
995.0 0.001172342490463052
996.0 0.0011658760740829166
997.0 0.001159409475803841
998.0 0.0012648552910832223
999.0 0.0013703011063626036
1000.0 0.001332138435827801
1001.0 0.001293975583394058
1002.0 0.0012346953553787898
1003.0 0.0011754151273635216
1004.0 0.0011232872566324659
1005.0 0.00107115929495194
1006.0 0.0012907953532703687
1007.0 0.0015104315025382675
1008.0 0.0015957222785800695
1009.0 0.0016810134184197523
1010.0 0.0018276195987709798
1011.0 0.0019742259610211477
1012.0 0.002107725049427245
1013.0 0.0022412243197322823
1014.0 0.002218711051682476
1015.0 0.0021961983293294907
1016.0 0.002631610732350964
1017.0 0.0030670234991703182
1018.0 0.003303097764728591
1019.0 0.0035391716664889827
1020.0 0.00359628138539847
1021.0 0.003653391104307957
1022.0 0.003988177195424214
1023.0 0.004322963650338352
1024.0 0.004453332076082006
1025.0 0.004583700865623541
1026.0 0.0047807898226892576
1027.0 0.004977878779754974
1028.0 0.00506442847836297
1029.0 0.005150978176970966
1030.0 0.005250230969977565
1031.0 0.005349483035388403
1032.0 0.005613470057141967
1033.0 0.005877456715097651
1034.0 0.005726722883991897
1035.0 0.005575989416684024
1036.0 0.005665077696903609
1037.0 0.005754165613325313
1038.0 0.005881234392290935
1039.0 0.006008303171256557
1040.0 0.006404390296665952
1041.0 0.006800475966883823
1042.0 0.007046941755106673
1043.0 0.007293407543329522
1044.0 0.007634975190740079
1045.0 0.007976541382959113
1046.0 0.008978330151876435
1047.0 0.009980118920793757
1048.0 0.011488993186503649
1049.0 0.01299786672461778
1050.0 0.015535358397755772
1051.0 0.01807284861570224
1052.0 0.021917404956184328
1053.0 0.025761965662240982
1054.0 0.03103553899563849
1055.0 0.03630910941865295
1056.0 0.04324838810134679
1057.0 0.050187663873657584
1058.0 0.05852153990417719
1059.0 0.0668554101139307
1060.0 0.07488870760425925
1061.0 0.08292197599075735
1062.0 0.091667624656111
1063.0 0.10041323257610202
1064.0 0.10835528373718262
1065.0 0.11629732325673103
1066.0 0.12468202039599419
1067.0 0.13306671753525734
1068.0 0.14151657233014703
1069.0 0.14996646204963326
1070.0 0.1588036073371768
1071.0 0.16764074098318815
1072.0 0.17673722468316555
1073.0 0.18583368510007858
1074.0 0.1951129175722599
1075.0 0.20439221989363432
1076.0 0.2145341131836176
1077.0 0.2246760530397296
1078.0 0.23637888953089714
1079.0 0.24808174930512905
1080.0 0.26443684473633766
1081.0 0.28079196345061064
1082.0 0.3098051995038986
1083.0 0.33881841227412224
1084.0 0.38075600750744343
1085.0 0.42269364930689335
1086.0 0.46126730740070343
1087.0 0.4998409654945135
1088.0 0.5683594383299351
1089.0 0.6368778645992279
1090.0 0.7187468931078911
1091.0 0.8006159216165543
1092.0 0.8423738181591034
1093.0 0.8841314353048801
1094.0 0.9426436387002468
1095.0 1.0011554695665836
1096.0 1.0843711905181408
1097.0 1.1675870046019554
1098.0 1.2618710286915302
1099.0 1.35615523904562
1100.0 1.5964828431606293
1101.0 1.8368100747466087
