lsstCam/transmission_filter_detector/r22_s00/g_6/19700101T000000.ecsv
# %ECSV 1.0
# ---
# datatype:
# - {name: wavelength, unit: nm, datatype: float32}
# - {name: efficiency, unit: '%', datatype: float64}
# meta: !!omap
# - {MODE: DETECTOR}
# - {TYPE: transmission_filter_detector}
# - {CALIBDATE: '1970-01-01T00:00:00'}
# - {INSTRUME: LSSTCam}
# - {OBSTYPE: transmission_filter_detector}
# - {CALIBCLS: lsst.ip.isr.IntermediateFilterDetectorTransmissionCurve}
# - {SOURCE: Materion (DM-46256)}
# - {DETECTOR: 90}
# - {FILTER: g_6}
# - {CALIB_ID: 'calibDate=1970-01-01T00:00:00 filter=g_6 detector=90'}
# - {DATE: '2025-04-02T15:59:42.445377'}
# - {CALIB_CREATION_DATE: '2025-04-02'}
# - {CALIB_CREATION_TIME: '15:59:42'}
# - __serialized_columns__:
#     efficiency:
#       __class__: astropy.units.quantity.Quantity
#       unit: !astropy.units.Unit {unit: '%'}
#       value: !astropy.table.SerializedColumn {name: efficiency}
#     wavelength:
#       __class__: astropy.units.quantity.Quantity
#       unit: !astropy.units.Unit {unit: nm}
#       value: !astropy.table.SerializedColumn {name: wavelength}
# schema: astropy-2.0
wavelength efficiency
300.0 0.5342192947864532
301.0 0.3872968256473541
302.0 0.24037430994212627
303.0 0.21727974526584148
304.0 0.19418515730649233
305.0 0.20526007283478975
306.0 0.21633498836308718
307.0 0.21948229987174273
308.0 0.2226295880973339
309.0 0.22250453475862741
310.0 0.22237952798604965
311.0 0.21337547805160284
312.0 0.2043714514002204
313.0 0.20046555437147617
314.0 0.1965596340596676
315.0 0.18837732495740056
316.0 0.1801950391381979
317.0 0.1794245559722185
318.0 0.1786540960893035
319.0 0.16300621209666133
320.0 0.1473583048209548
321.0 0.14129033079370856
322.0 0.13522234512493014
323.0 0.11639000149443746
324.0 0.0975577044300735
325.0 0.08875153143890202
326.0 0.07994537008926272
327.0 0.07214011275209486
328.0 0.0643348612356931
329.0 0.060838565696030855
330.0 0.05734226433560252
331.0 0.05395172629505396
332.0 0.050561182433739305
333.0 0.046969568938948214
334.0 0.04337795253377408
335.0 0.041604432044550776
336.0 0.039830911555327475
337.0 0.041095493361353874
338.0 0.04236007225699723
339.0 0.040939898462966084
340.0 0.03951972757931799
341.0 0.03758505336008966
342.0 0.03565038205124438
343.0 0.032317478326149285
344.0 0.02898457460105419
345.0 0.025806459598243237
346.0 0.02262834459543228
347.0 0.021160019969101995
348.0 0.019691693887580186
349.0 0.018078320135828108
350.0 0.8012041449546814
351.0 1.1749297380447388
352.0 0.6099021527916193
353.0 1.1659393087029457
354.0 0.7144831586629152
355.0 0.8904309011995792
356.0 0.5456003360450268
357.0 1.018849853426218
358.0 0.550738861784339
359.0 0.8865272626280785
360.0 0.5087914410978556
361.0 0.979885458946228
362.0 0.3869533073157072
363.0 0.9603958576917648
364.0 0.5703187547624111
365.0 0.8779252879321575
366.0 0.4597256425768137
367.0 0.7884816266596317
368.0 0.47280192375183105
369.0 0.7664550561457872
370.0 0.43128947727382183
371.0 0.7241922430694103
372.0 0.4044551867991686
373.0 0.6239515729248524
374.0 0.4359899554401636
375.0 0.5887829698622227
376.0 0.4117371514439583
377.0 0.5385310389101505
378.0 0.38306640926748514
379.0 0.5426979623734951
380.0 0.4415296483784914
381.0 0.6247666664421558
382.0 0.5634166765958071
383.0 0.5713847000151873
384.0 0.5671799182891846
385.0 0.7080567069351673
386.0 0.6729175336658955
387.0 0.8360843174159527
388.0 0.9945926256477833
389.0 1.3014747761189938
390.0 1.8507881090044975
391.0 2.8826527297496796
392.0 4.5604947954416275
393.0 7.20391720533371
394.0 10.905105620622635
395.0 15.739136934280396
396.0 21.751800179481506
397.0 29.278740286827087
398.0 37.97634243965149
399.0 47.53212630748749
400.0 57.16016888618469
401.0 66.23618006706238
402.0 74.54645037651062
403.0 81.56582713127136
404.0 86.70009970664978
405.0 90.58243036270142
406.0 92.78262853622437
407.0 94.6307122707367
408.0 95.5737054347992
409.0 96.09479308128357
410.0 96.12618684768677
411.0 95.95604538917542
412.0 95.53813338279724
413.0 95.38710713386536
414.0 95.17062902450562
415.0 95.36502957344055
416.0 95.82871198654175
417.0 96.22416496276855
418.0 96.77679538726807
419.0 97.32844829559326
420.0 97.79366850852966
421.0 98.33298325538635
422.0 98.49652647972107
423.0 98.67039322853088
424.0 98.47879409790039
425.0 98.34291934967041
426.0 98.2633650302887
427.0 98.24131727218628
428.0 98.08443784713745
429.0 97.81347513198853
430.0 97.65706658363342
431.0 97.72942662239075
432.0 97.70638346672058
433.0 97.77393341064453
434.0 97.83840775489807
435.0 98.05561900138855
436.0 98.01245331764221
437.0 98.02520275115967
438.0 98.11072945594788
439.0 98.18872213363647
440.0 98.15953969955444
441.0 98.31199645996094
442.0 98.26687574386597
443.0 98.21633100509644
444.0 98.11202883720398
445.0 97.88927435874939
446.0 97.75028228759766
447.0 97.6032555103302
448.0 97.78525233268738
449.0 97.99591898918152
450.0 98.34825992584229
451.0 98.57913851737976
452.0 98.72153997421265
453.0 98.79902601242065
454.0 98.77604246139526
455.0 99.0011215209961
456.0 99.07509684562683
457.0 99.24686551094055
458.0 99.24929738044739
459.0 99.27665591239929
460.0 99.41748380661011
461.0 99.50398802757263
462.0 99.40211772918701
463.0 99.3381142616272
464.0 99.4286060333252
465.0 99.33239817619324
466.0 99.37306642532349
467.0 99.36782717704773
468.0 99.39757585525513
469.0 99.45434927940369
470.0 99.33655261993408
471.0 99.17619824409485
472.0 99.1956114768982
473.0 99.10076856613159
474.0 98.93855452537537
475.0 98.96155595779419
476.0 98.96193146705627
477.0 99.01185631752014
478.0 99.11872148513794
479.0 99.08938407897949
480.0 99.22454953193665
481.0 99.32323098182678
482.0 99.47330355644226
483.0 99.38685297966003
484.0 99.557363986969
485.0 99.61810111999512
486.0 99.6095359325409
487.0 99.63142275810242
488.0 99.63982105255127
489.0 99.6832013130188
490.0 99.56235885620117
491.0 99.58029389381409
492.0 99.45539832115173
493.0 99.50603246688843
494.0 99.38426613807678
495.0 99.47006106376648
496.0 99.32301044464111
497.0 99.20932650566101
498.0 99.01233911514282
499.0 99.04981851577759
500.0 98.97108674049377
501.0 98.96729588508606
502.0 98.89190196990967
503.0 98.98837208747864
504.0 98.88138771057129
505.0 98.97019863128662
506.0 98.9456295967102
507.0 98.93064498901367
508.0 98.93096089363098
509.0 98.91718029975891
510.0 98.84074926376343
511.0 98.82892966270447
512.0 98.75591993331909
513.0 98.8516628742218
514.0 98.8099753856659
515.0 98.82476329803467
516.0 98.91996383666992
517.0 98.9447295665741
518.0 99.00274872779846
519.0 99.00133609771729
520.0 99.09464120864868
521.0 99.19165968894958
522.0 99.21449422836304
523.0 99.19809103012085
524.0 99.20678734779358
525.0 99.24402236938477
526.0 99.34445023536682
527.0 99.34743046760559
528.0 99.44853186607361
529.0 99.5568037033081
530.0 99.57157969474792
531.0 99.66390132904053
532.0 99.52641129493713
533.0 99.49256777763367
534.0 99.48132038116455
535.0 99.25657510757446
536.0 98.82979989051819
537.0 98.1101393699646
538.0 97.1617341041565
539.0 95.53742408752441
540.0 93.57287883758545
541.0 90.5613899230957
542.0 87.46632933616638
543.0 83.45680236816406
544.0 78.47974300384521
545.0 74.16234016418457
546.0 69.05485391616821
547.0 64.40362930297852
548.0 59.88774299621582
549.0 55.936622619628906
550.0 52.85400748252869
551.0 49.95071291923523
552.0 47.661763429641724
553.0 45.15034258365631
554.0 42.064180970191956
555.0 38.54714632034302
556.0 33.91466438770294
557.0 28.674304485321045
558.0 23.050814867019653
559.0 17.711377143859863
560.0 12.748739123344421
561.0 8.354932814836502
562.0 5.164701864123344
563.0 2.915527857840061
564.0 1.550373062491417
565.0 0.7325559854507446
566.0 0.40662894025444984
567.0 0.2112672897055745
568.0 0.14760993653908372
569.0 0.08311995770782232
570.0 0.0804295763373375
571.0 0.05095668020658195
572.0 0.06233053863979876
573.0 0.03704750270117074
574.0 0.03545829968061298
575.0 0.033086922485381365
576.0 0.04379456804599613
577.0 0.02995230897795409
578.0 0.03993467835243791
579.0 0.021989371452946216
580.0 0.026162705034948885
581.0 0.017735824803821743
582.0 0.031465725624002516
583.0 0.01498276978963986
584.0 0.026581945712678134
585.0 0.023046742717269808
586.0 0.029779222677461803
587.0 0.01497834746260196
588.0 0.01991160388570279
589.0 0.018634281877893955
590.0 0.03322631819173694
591.0 0.017552632198203355
592.0 0.013383784971665591
593.0 0.01750880473991856
594.0 0.018291831656824797
595.0 0.006110058166086674
596.0 0.019609190349001437
597.0 0.01597076770849526
598.0 0.02403797407168895
599.0 0.01302563032368198
600.0 0.01129095908254385
601.0 0.0024294415197800845
602.0 0.002404703263891861
603.0 0.0023799646442057565
604.0 0.002235628926428035
605.0 0.002091293026751373
606.0 0.0020682504327851348
607.0 0.0020452078388188966
608.0 0.0018633028957992792
609.0 0.0016813977708807215
610.0 0.001826312109187711
611.0 0.00197122608369682
612.0 0.0018555254428065382
613.0 0.0017398248019162565
614.0 0.001788660665624775
615.0 0.0018374967112322338
616.0 0.001954406252480112
617.0 0.00207131561182905
618.0 0.0019069862901233137
619.0 0.0017426569684175774
620.0 0.0016789525034255348
621.0 0.0016152482203324325
622.0 0.0015088505278981756
623.0 0.0014024527445144486
624.0 0.001475107728765579
625.0 0.0015477626220672391
626.0 0.0014012837709742598
627.0 0.0012548052836791612
628.0 0.0013853687050868757
629.0 0.001515932490292471
630.0 0.001368277025903808
631.0 0.0012206212886667345
632.0 0.0013998440408613533
633.0 0.0015790663383086212
634.0 0.0014893973457219545
635.0 0.0013997278983879369
636.0 0.001427481220162008
637.0 0.0014552351785823703
638.0 0.00130407224787632
639.0 0.0011529093171702698
640.0 0.0010499571544642095
641.0 0.0009470047189097386
642.0 0.001172392239823239
643.0 0.0013977797607367393
644.0 0.0013516415492631495
645.0 0.0013055031558906194
646.0 0.001302324471907923
647.0 0.0012991460607736371
648.0 0.001145457736129174
649.0 0.0009917693205352407
650.0 0.0012283336218388285
651.0 0.0014648973774455953
652.0 0.0012214140042487998
653.0 0.0009779304491530638
654.0 0.0010952463526336942
655.0 0.0012125623470637947
656.0 0.001179352057079086
657.0 0.0011461416761449073
658.0 0.0010153448783967178
659.0 0.0008845484444464091
660.0 0.000906909644982079
661.0 0.0009292709364672191
662.0 0.00109560842247447
663.0 0.0012619461813301314
664.0 0.001215657357533928
665.0 0.0011693682608893141
666.0 0.0010728890629252419
667.0 0.0009764095921127591
668.0 0.001052666993928142
669.0 0.0011289243957435247
670.0 0.0011731384802260436
671.0 0.0012173523828096222
672.0 0.001162530588771915
673.0 0.0011077086128352676
674.0 0.0010649077012203634
675.0 0.0010221067896054592
676.0 0.0009892120033327956
677.0 0.0009563170351611916
678.0 0.0010116479643329512
679.0 0.0010669790754036512
680.0 0.0010613728591124527
681.0 0.001055766551871784
682.0 0.0010895259947574232
683.0 0.0011232853466935921
684.0 0.001017990962282056
685.0 0.0009126965778705198
686.0 0.0010312857739336323
687.0 0.0011498749699967448
688.0 0.0011409627404646017
689.0 0.0011320505109324586
690.0 0.0010130671398655977
691.0 0.000894083859748207
692.0 0.0008658252227178309
693.0 0.0008375665856874548
694.0 0.0010051380741060711
695.0 0.0011727094715752173
696.0 0.0012022027476632502
697.0 0.0012316955690039322
698.0 0.0012673155652009882
699.0 0.0013029356523475144
700.0 0.0011871542483277153
701.0 0.0010713725714595057
702.0 0.001173898908746196
703.0 0.001276425155083416
704.0 0.001217740100400988
705.0 0.0011590548638196196
706.0 0.0011418531357776374
707.0 0.0011246515896345954
708.0 0.001110737048293231
709.0 0.0010968228707497474
710.0 0.0012254819012014195
711.0 0.001354141113552032
712.0 0.0012394452824082691
713.0 0.001124749815062387
714.0 0.0012055459592374973
715.0 0.001286342285311548
716.0 0.001481881281506503
717.0 0.0016774207324488088
718.0 0.0019259199689258821
719.0 0.0021744192054029554
720.0 0.0019097389667876996
721.0 0.0016450587281724438
722.0 0.001797502591216471
723.0 0.001949946818058379
724.0 0.0019387576685403474
725.0 0.0019275683371233754
726.0 0.0020463317923713475
727.0 0.00216509542951826
728.0 0.002081700222333893
729.0 0.0019983050151495263
730.0 0.0019973036614828743
731.0 0.0019963023078162223
732.0 0.001914272979774978
733.0 0.001832243833632674
734.0 0.0015789737517479807
735.0 0.0013257038517622277
736.0 0.0011941317097807769
737.0 0.0010625594768498559
738.0 0.0010117159035871737
739.0 0.0009608725122234318
740.0 0.0008118747246044222
741.0 0.0006628768460359424
742.0 0.0006600461802008795
743.0 0.0006572155598405516
744.0 0.0007948412530822679
745.0 0.0009324671736976597
746.0 0.0009350191248813644
747.0 0.0009375710760650691
748.0 0.0010832071893673856
749.0 0.0012288433936191723
750.0 0.0010652518540155143
751.0 0.0009016606782097369
752.0 0.0008199541298381519
753.0 0.0007382478088402422
754.0 0.0008152314876497258
755.0 0.0008922152119339444
756.0 0.000872202235768782
757.0 0.0008521891686541494
758.0 0.0008515296030964237
759.0 0.0008508702194376383
760.0 0.0007116012966434937
761.0 0.000572332328374614
762.0 0.0006363356533256592
763.0 0.0007003388873272343
764.0 0.0007831496077415068
765.0 0.0008659605555294547
766.0 0.0006992518137849402
767.0 0.0005325431629898958
768.0 0.0005182673248782521
769.0 0.0005039913958171383
770.0 0.000470517625217326
771.0 0.00043704380914277863
772.0 0.0005744973805121845
773.0 0.0007119509973563254
774.0 0.000804043793323217
775.0 0.0008961365892901085
776.0 0.0008370992873096839
777.0 0.000778061894379789
778.0 0.0007284997082024347
779.0 0.0006789376584492857
780.0 0.0005531622718990548
781.0 0.00042738683987408876
782.0 0.0005208783022681018
783.0 0.0006143696737126447
784.0 0.0007109175385267008
785.0 0.0008074654033407569
786.0 0.0006758402378181927
787.0 0.0005442153906187741
788.0 0.0004143561454839073
789.0 0.0002844969458237756
790.0 0.0002565247768870904
791.0 0.00022855260795040522
792.0 0.00033408839499315945
793.0 0.0004396241820359137
794.0 0.0003873835794365732
795.0 0.00033514295409986516
796.0 0.00046948912313382607
797.0 0.0006038351784809493
798.0 0.000565909158467548
799.0 0.0005279831384541467
800.0 0.0006184802259667777
801.0 0.0007089775408530841
802.0 0.0005850536581419874
803.0 0.0004611299573298311
804.0 0.0003520018708513817
805.0 0.00024287389805977
806.0 0.0003741444743354805
807.0 0.0005054149823990883
808.0 0.0005449579930427717
809.0 0.00058450095821172
810.0 0.0004519749381870497
811.0 0.0003194489181623794
812.0 0.0003200555283910944
813.0 0.00032066211588244187
814.0 0.0003611042302509304
815.0 0.0004015463673567865
816.0 0.0004978475317329867
817.0 0.0005941486506344518
818.0 0.0004924894255964318
819.0 0.0003908301550836768
820.0 0.0004642844032787252
821.0 0.0005377386059990386
822.0 0.0005083982614451088
823.0 0.00047905791689117905
824.0 0.0004460996024135966
825.0 0.00041314124246127903
826.0 0.0005234947821008973
827.0 0.0006338482307910454
828.0 0.0005513928954314906
829.0 0.0004689374691224657
830.0 0.0004560047273116652
831.0 0.0004430718945513945
832.0 0.0005802884516015183
833.0 0.0007175048722274369
834.0 0.0005620500360237202
835.0 0.00040659524529473856
836.0 0.0004993097718397621
837.0 0.0005920243438595207
838.0 0.0004861752131546382
839.0 0.0003803261279244907
840.0 0.0005872248948435299
841.0 0.0007941235708130989
842.0 0.0005019894160795957
843.0 0.000209855033972417
844.0 0.00024175367343559628
845.0 0.00027365231289877556
846.0 0.0004917931619274896
847.0 0.0007099341473804088
848.0 0.0006351319825625978
849.0 0.0005603298632195219
850.0 0.0005443554982775822
851.0 0.0005283811333356425
852.0 0.0005892915396543685
853.0 0.0006502015367004788
854.0 0.0006707634383928962
855.0 0.0006913252036611084
856.0 0.0006090818260418018
857.0 0.0005268385393719655
858.0 0.0005829032488691155
859.0 0.0006389679128915304
860.0 0.0006021737135597505
861.0 0.0005653793778037652
862.0 0.0005436974333861144
863.0 0.0005220155344431987
864.0 0.0005263592356641311
865.0 0.0005307028914103284
866.0 0.000502205557495472
867.0 0.0004737082235806156
868.0 0.0005933947704761522
869.0 0.0007130813628464239
870.0 0.0006148839474917622
871.0 0.0005166863502381602
872.0 0.0004017374976683641
873.0 0.0002867885086743627
874.0 0.0004154092948738253
875.0 0.0005440300810732879
876.0 0.0006792305157432565
877.0 0.000814430859463755
878.0 0.0007780137821100652
879.0 0.0007415965683321701
880.0 0.000756922099753865
881.0 0.0007722478585492354
882.0 0.0006549963927682256
883.0 0.0005377451543608913
884.0 0.0006037414095771965
885.0 0.0006697378012177069
886.0 0.0006502982614620123
887.0 0.0006308589036052581
888.0 0.0005801793122373056
889.0 0.000529499720869353
890.0 0.0005932730346103199
891.0 0.0006570463938260218
892.0 0.0005910542313358746
893.0 0.0005250621143204626
894.0 0.0005637885351461591
895.0 0.0006025149559718557
896.0 0.0003378044084456633
897.0 7.309387228815467e-05
898.0 0.0002261386271129595
899.0 0.0003791833705690806
900.0 0.0003465148438408505
901.0 0.00031384631711262045
902.0 0.0005718963166145841
903.0 0.0008299462933791801
904.0 0.00043352711145416833
905.0 3.7107864159224846e-05
906.0 0.00026661766696634004
907.0 0.0004961274498782586
