lsstCam/transmission_filter_detector/r41_s22/z_20/19700101T000000.ecsv
# %ECSV 1.0
# ---
# datatype:
# - {name: wavelength, unit: nm, datatype: float32}
# - {name: efficiency, unit: '%', datatype: float64}
# meta: !!omap
# - {MODE: DETECTOR}
# - {TYPE: transmission_filter_detector}
# - {CALIBDATE: '1970-01-01T00:00:00'}
# - {INSTRUME: LSSTCam}
# - {OBSTYPE: transmission_filter_detector}
# - {CALIBCLS: lsst.ip.isr.IntermediateFilterDetectorTransmissionCurve}
# - {SOURCE: Materion (DM-46256)}
# - {DETECTOR: 170}
# - {FILTER: z_20}
# - {CALIB_ID: 'calibDate=1970-01-01T00:00:00 filter=z_20 detector=170'}
# - {DATE: '2025-04-02T15:59:49.429736'}
# - {CALIB_CREATION_DATE: '2025-04-02'}
# - {CALIB_CREATION_TIME: '15:59:49'}
# - __serialized_columns__:
#     efficiency:
#       __class__: astropy.units.quantity.Quantity
#       unit: !astropy.units.Unit {unit: '%'}
#       value: !astropy.table.SerializedColumn {name: efficiency}
#     wavelength:
#       __class__: astropy.units.quantity.Quantity
#       unit: !astropy.units.Unit {unit: nm}
#       value: !astropy.table.SerializedColumn {name: wavelength}
# schema: astropy-2.0
wavelength efficiency
300.0 0.33291298896074295
301.0 0.30196052975952625
302.0 0.27100807055830956
303.0 0.23604761809110641
304.0 0.20108716562390327
305.0 0.18317211652174592
306.0 0.1652570441365242
307.0 0.15670426655560732
308.0 0.14815147733315825
309.0 0.13055833987891674
310.0 0.11296520242467523
311.0 0.10798211442306638
312.0 0.10299903806298971
313.0 0.09605400264263153
314.0 0.08910897886380553
315.0 0.07262195576913655
316.0 0.056134938495233655
317.0 0.060182600282132626
318.0 0.06423026788979769
319.0 0.059892621356993914
320.0 0.05555498064495623
321.0 0.05397101049311459
322.0 0.05238704034127295
323.0 0.045591601519845426
324.0 0.03879616560880095
325.0 0.0378597091184929
326.0 0.036923252628184855
327.0 0.03781480190809816
328.0 0.03870635118801147
329.0 0.037097258609719574
330.0 0.035488163121044636
331.0 0.033556882408447564
332.0 0.0316255958750844
333.0 0.02907944144681096
334.0 0.02653328701853752
335.0 0.025569405988790095
336.0 0.02460551622789353
337.0 0.02358209021622315
338.0 0.0225586598389782
339.0 0.020213780226185918
340.0 0.01786889915820211
341.0 0.01671503996476531
342.0 0.015561180771328509
343.0 0.016974369646050036
344.0 0.018387558520771563
345.0 0.016480933118145913
346.0 0.014574307715520263
347.0 0.013959856005385518
348.0 0.013345404295250773
349.0 0.012848182814195752
350.0 0.012350962788332254
351.0 0.012010682257823646
352.0 0.011670399544527754
353.0 0.010945892427116632
354.0 0.010221383854513988
355.0 0.009820927516557276
356.0 0.009420471178600565
357.0 0.009679918002802879
358.0 0.009939366282196715
359.0 0.009028213389683515
360.0 0.008117061224766076
361.0 0.00875847035786137
362.0 0.009399878035765141
363.0 0.009037725976668298
364.0 0.00867557100718841
365.0 0.008821424125926569
366.0 0.008967275789473206
367.0 0.008316357707371935
368.0 0.007665439625270665
369.0 0.007706988981226459
370.0 0.0077485397923737764
371.0 0.008379588689422235
372.0 0.009010638314066455
373.0 0.0072423776146024466
374.0 0.0054741154599469155
375.0 0.005994563616695814
376.0 0.006515011773444712
377.0 0.0063002778915688396
378.0 0.006085544373490848
379.0 0.005968034020042978
380.0 0.005850523666595109
381.0 0.004901315332972445
382.0 0.0039521066355519
383.0 0.004478142727748491
384.0 0.005004179183742963
385.0 0.004988335786038078
386.0 0.004972492752131075
387.0 0.004501691728364676
388.0 0.004030890704598278
389.0 0.0040866125345928594
390.0 0.004142334364587441
391.0 0.004131978130317293
392.0 0.004121622259845026
393.0 0.003906876008841209
394.0 0.003692130485433154
395.0 0.003619306517066434
396.0 0.0035464832762954757
397.0 0.003760649633477442
398.0 0.003974815990659408
399.0 0.0044440599594963714
400.0 0.004913303564535454
401.0 0.004191702100797556
402.0 0.003470100273261778
403.0 0.003827691762126051
404.0 0.004185282887192443
405.0 0.004211810664855875
406.0 0.004238338078721426
407.0 0.0034781405702233315
408.0 0.0027179426979273558
409.0 0.002771237268461846
410.0 0.002824531838996336
411.0 0.0029304559575393796
412.0 0.003036379894183483
413.0 0.004048960181535222
414.0 0.00506154028698802
415.0 0.004350083327153698
416.0 0.003638626731117256
417.0 0.00284171401290223
418.0 0.002044801840384025
419.0 0.0030482367947115563
420.0 0.004051671567140147
421.0 0.0038825717638246715
422.0 0.003713471960509196
423.0 0.003392980943317525
424.0 0.0030724895623279735
425.0 0.0027303291062708013
426.0 0.0023881684683146887
427.0 0.002008693991228938
428.0 0.0016292195141431876
429.0 0.00149904444697313
430.0 0.001368869561702013
431.0 0.0013339255019673146
432.0 0.0012989816241315566
433.0 0.0017670192391960882
434.0 0.0022350568542606197
435.0 0.0026363746655988507
436.0 0.0030376924769370817
437.0 0.0024822198611218482
438.0 0.0019267474272055551
439.0 0.0018090944649884477
440.0 0.0016914409570745192
441.0 0.0014591226317861583
442.0 0.0012268043064977974
443.0 0.0015357198208221234
444.0 0.0018446351532475092
445.0 0.002065846274490468
446.0 0.0022870570319355465
447.0 0.002764588498394005
448.0 0.003242120146751404
449.0 0.0025398769139428623
450.0 0.0018376334992353804
451.0 0.0017939575627679005
452.0 0.0017502816263004206
453.0 0.0020355040760478005
454.0 0.00232072634389624
455.0 0.002190134910051711
456.0 0.0020595432943082415
457.0 0.0019284141671960242
458.0 0.0017972848581848666
459.0 0.0018454689779900946
460.0 0.001893653279694263
461.0 0.0016669950127834454
462.0 0.0014403368368220981
463.0 0.0012010218597424682
464.0 0.000961707246460719
465.0 0.0013769505130767357
466.0 0.0017921936887432821
467.0 0.0013202133231970947
468.0 0.000848232775751967
469.0 0.0007714798812230583
470.0 0.0006947269866941497
471.0 0.0009386549209011719
472.0 0.0011825829460576642
473.0 0.0013742883311351761
474.0 0.0015659936252632178
475.0 0.0015657766198273748
476.0 0.0015655596143915318
477.0 0.0015308505680877715
478.0 0.0014961416127334815
479.0 0.0012547267942863982
480.0 0.0010133122486877255
481.0 0.0008428527507930994
482.0 0.0006723933438479435
483.0 0.0008583259841543622
484.0 0.0010442584425618406
485.0 0.0009887651685858145
486.0 0.0009332718946097884
487.0 0.0011875117706949823
488.0 0.001441751555830706
489.0 0.001691338184173219
490.0 0.0019409246306167915
491.0 0.0013520168977265712
492.0 0.0007631093467352912
493.0 0.001108144351746887
494.0 0.0014531792658090126
495.0 0.001089582383428933
496.0 0.000725985682947794
497.0 0.0009237543963536154
498.0 0.001121523200708907
499.0 0.0012614026672963519
500.0 0.0014012822248332668
501.0 0.0013767446034762543
502.0 0.001352206618321361
503.0 0.0012028631317662075
504.0 0.001053519645211054
505.0 0.0014534858564729802
506.0 0.0018534519767854363
507.0 0.0017855420082923956
508.0 0.0017176318579004146
509.0 0.0016471403796458617
510.0 0.0015766487194923684
511.0 0.0013562762433139142
512.0 0.0011359034033375792
513.0 0.0010119596481672488
514.0 0.0008880158929969184
515.0 0.0008541177521692589
516.0 0.0008202197932405397
517.0 0.0009714546649775002
518.0 0.0011226896276639309
519.0 0.0014534428373735864
520.0 0.0017841959561337717
521.0 0.0016870821127668023
522.0 0.001589968269399833
523.0 0.0013743299859925173
524.0 0.0011586917935346719
525.0 0.0009326695362688042
526.0 0.0007066471880534664
527.0 0.0011115361303382087
528.0 0.0015164250726229511
529.0 0.0014186431144480594
530.0 0.0013208612472226378
531.0 0.0014498416931019165
532.0 0.0015788222299306653
533.0 0.0013216566003393382
534.0 0.0010644906978996005
535.0 0.0013222950656199828
536.0 0.0015800995242898352
537.0 0.0014918226952431723
538.0 0.0014035459571459796
539.0 0.0012763862287101801
540.0 0.0011492265912238508
541.0 0.0011907284715562128
542.0 0.0012322301699896343
543.0 0.0010200282304140273
544.0 0.0008078259270405397
545.0 0.0008455907845927868
546.0 0.0008833557330945041
547.0 0.0014249114428821485
548.0 0.001966467061720323
549.0 0.0018861845092033036
550.0 0.001805901774787344
551.0 0.0018973534679389559
552.0 0.0019888049791916274
553.0 0.0019556993720470928
554.0 0.0019225937649025582
555.0 0.001434146543033421
556.0 0.0009456990483158734
557.0 0.001172045449493453
558.0 0.0013983917597215623
559.0 0.0014959343388909474
560.0 0.0015934770999592729
561.0 0.0013286417015478946
562.0 0.0010638063940859865
563.0 0.0012517486538854428
564.0 0.001439690913684899
565.0 0.0015161806004471146
566.0 0.00159267019625986
567.0 0.001980207525775768
568.0 0.0023677448552916758
569.0 0.002449980274832342
570.0 0.0025322155124740675
571.0 0.002569557909737341
572.0 0.002606899943202734
573.0 0.0024281385776703246
574.0 0.002249377030238975
575.0 0.0021527976059587672
576.0 0.0020562179997796193
577.0 0.002197294816141948
578.0 0.002338371086807456
579.0 0.0019725992387975566
580.0 0.0016068273907876574
581.0 0.0016075053281383589
582.0 0.0016081834473880008
583.0 0.0016943820810411125
584.0 0.001780580532795284
585.0 0.001862939643615391
586.0 0.001945298572536558
587.0 0.0021498644855455495
588.0 0.002354430398554541
589.0 0.002344401764275972
590.0 0.0023343727661995217
591.0 0.0021386249500210397
592.0 0.0019428771338425577
593.0 0.001734028774080798
594.0 0.0015251801414706279
595.0 0.0012237434930284508
596.0 0.0009223069355357438
597.0 0.001103765498555731
598.0 0.0012852241525251884
599.0 0.0011468572665762622
600.0 0.001008490380627336
601.0 0.0009230941941495985
602.0 0.0008376977348234504
603.0 0.0010326505616831128
604.0 0.0012276031156943645
605.0 0.0009399650480190758
606.0 0.0006523270712932572
607.0 0.0007887031642894726
608.0 0.0009250792572856881
609.0 0.0009133388630289119
610.0 0.0009015984687721357
611.0 0.0009485313967161346
612.0 0.000995464506559074
613.0 0.000737332038625027
614.0 0.00047919947974151
615.0 0.0009986493751057424
616.0 0.001518099452368915
617.0 0.0014303963325801305
618.0 0.001342693212791346
619.0 0.0012651489669224247
620.0 0.0011876046301040333
621.0 0.0014134820958133787
622.0 0.0016393591067753732
623.0 0.0014679947526019532
624.0 0.0012966302165295929
625.0 0.0015502142559853382
626.0 0.001803797931643203
627.0 0.0020205859982525
628.0 0.0022373738829628564
629.0 0.002284297806909308
630.0 0.002331221548956819
631.0 0.002409736771369353
632.0 0.0024882521756808273
633.0 0.003072635081480257
634.0 0.0036570181691786274
635.0 0.006233953172340989
636.0 0.008810888539301232
637.0 0.015824000001884997
638.0 0.022837112192064524
639.0 0.01977032225113362
640.0 0.01670353376539424
641.0 0.014651317906100303
642.0 0.01259909913642332
643.0 0.009101491014007479
644.0 0.005603881800197996
645.0 0.005654484994011
646.0 0.005705088915419765
647.0 0.005533385046874173
648.0 0.005361681542126462
649.0 0.004291628647479229
650.0 0.003221576116629876
651.0 0.0031236300856107846
652.0 0.0030256836907938123
653.0 0.0028628126528928988
654.0 0.002699941978789866
655.0 0.0023372556825052015
656.0 0.0019745695681194775
657.0 0.0020660341760958545
658.0 0.002157498602173291
659.0 0.002313367986062076
660.0 0.0024692373699508607
661.0 0.0022511334464070387
662.0 0.0020330298866610974
663.0 0.001949438956216909
664.0 0.0018658480257727206
665.0 0.0018024886230705306
666.0 0.001739129402267281
667.0 0.0017894926713779569
668.0 0.0018398564861854538
669.0 0.0016851212421897799
670.0 0.001530385998194106
671.0 0.00157051417772891
672.0 0.0016106419934658334
673.0 0.001477479781897273
674.0 0.0013443175703287125
675.0 0.0011660094060061965
676.0 0.000987701423582621
677.0 0.0011186064512003213
678.0 0.0012495114788180217
679.0 0.0013354905604501255
680.0 0.0014214697330316994
681.0 0.0017344522348139435
682.0 0.0020474346456467174
683.0 0.0024596633011242375
684.0 0.0028718919566017576
685.0 0.002841489913407713
686.0 0.002811087870213669
687.0 0.002644682172103785
688.0 0.002478276473993901
689.0 0.0023135315132094547
690.0 0.002148786370526068
691.0 0.002561427936598193
692.0 0.002974069138872437
693.0 0.0031154777389019728
694.0 0.0032568863389315084
695.0 0.003389991616131738
696.0 0.0035230968933319673
697.0 0.0036670506233349442
698.0 0.003811004353337921
699.0 0.005240269820205867
700.0 0.006669534195680171
701.0 0.006624823436141014
702.0 0.0065801119490060955
703.0 0.005964354568277486
704.0 0.0053485975513467565
705.0 0.004638604514184408
706.0 0.0039286111132241786
707.0 0.0035224784369347617
708.0 0.003116345760645345
709.0 0.0035861532523995265
710.0 0.004055960744153708
711.0 0.0035477980418363586
712.0 0.0030396349757211283
713.0 0.0022810832888353616
714.0 0.0015225314200506546
715.0 0.0018485729015083052
716.0 0.0021746142010670155
717.0 0.0022230358808883466
718.0 0.002271457196911797
719.0 0.0023288062948267907
720.0 0.002386155574640725
721.0 0.0018497563360142522
722.0 0.0013133571883372497
723.0 0.0015568723028991371
724.0 0.0018003875084104948
725.0 0.0015445784811163321
726.0 0.001288769180973759
727.0 0.0016089257769635879
728.0 0.0019290826458018273
729.0 0.0018192709831055254
730.0 0.0017094593204092234
731.0 0.0019144028556183912
732.0 0.0021193462089286186
733.0 0.0019527245967765339
734.0 0.0017861026208265685
735.0 0.0013267991562315729
736.0 0.0008674956006871071
737.0 0.001057868212228641
738.0 0.0012482406418712344
739.0 0.0012768804481311236
740.0 0.0013055199815426022
741.0 0.0012979412531421985
742.0 0.0012903623428428546
743.0 0.0013890068657929078
744.0 0.0014876512068440206
745.0 0.0017806398318498395
746.0 0.002073628274956718
747.0 0.002234110434073955
748.0 0.002394592775090132
749.0 0.003072606705245562
750.0 0.0037506204535020515
751.0 0.0038368903915397823
752.0 0.0039231610571732745
753.0 0.0033242136851185933
754.0 0.002725266858760733
755.0 0.0029509170417441055
756.0 0.0031765670428285375
757.0 0.002803805546136573
758.0 0.0024310440494446084
759.0 0.00290246734948596
760.0 0.0033738902857294306
761.0 0.004930268914904445
762.0 0.0064866471802815795
763.0 0.006176194438012317
764.0 0.0058657413319451734
765.0 0.005326959580997936
766.0 0.004788178557646461
767.0 0.004752906170324422
768.0 0.004717633783002384
769.0 0.0045754783059237525
770.0 0.0044333221012493595
771.0 0.004241663555148989
772.0 0.004050005009048618
773.0 0.004091211303602904
774.0 0.0041324179619550705
775.0 0.09805011795833707
776.0 1.7106299016189652e-10
777.0 1.7106299016189652e-10
778.0 1.7106299016189652e-10
779.0 0.09143399656750262
780.0 0.0028944115911144763
781.0 1.7106299016189652e-10
782.0 1.7106299016189652e-10
783.0 1.7106299016189652e-10
784.0 1.7106299016189652e-10
785.0 1.7106299016189652e-10
786.0 0.08622959721833467
787.0 1.7106299016189652e-10
788.0 1.7106299016189652e-10
789.0 0.0324525753967464
790.0 1.7106299016189652e-10
791.0 0.0896403449587524
792.0 0.06547017837874591
793.0 0.10334567632526159
794.0 0.013389323430601507
795.0 0.06208932609297335
796.0 0.01937116903718561
797.0 0.16959307249635458
798.0 0.210761115886271
799.0 0.14769969275221229
800.0 0.5577594041824341
801.0 0.8200999349355698
802.0 1.427991222590208
803.0 2.2610409185290337
804.0 3.5857364535331726
805.0 5.169675499200821
806.0 7.267788052558899
807.0 9.804165363311768
808.0 12.559045851230621
809.0 15.614409744739532
810.0 18.879953026771545
811.0 21.94642275571823
812.0 25.46858787536621
813.0 29.758021235466003
814.0 34.319281578063965
815.0 39.87269103527069
816.0 45.71566879749298
817.0 52.35989689826965
818.0 59.62103605270386
819.0 66.28644466400146
820.0 73.42093586921692
821.0 80.08691072463989
822.0 85.30954718589783
823.0 89.2281711101532
824.0 92.87890195846558
825.0 95.6967294216156
826.0 97.00230956077576
827.0 97.91346192359924
828.0 99.05744791030884
829.0 99.25246238708496
830.0 98.68802428245544
831.0 98.48629236221313
832.0 98.52957129478455
833.0 99.5410680770874
834.0 98.33248853683472
835.0 98.94425868988037
836.0 98.97067546844482
837.0 98.93043041229248
838.0 97.52519130706787
839.0 98.2627809047699
840.0 98.31425547599792
841.0 99.49948787689209
842.0 99.03473854064941
843.0 99.61574077606201
844.0 97.78599739074707
845.0 98.60816597938538
846.0 98.89852404594421
847.0 99.02617931365967
848.0 99.57622289657593
849.0 98.63585829734802
850.0 98.225998878479
851.0 98.97315502166748
852.0 98.87835383415222
853.0 98.3605146408081
854.0 99.58482384681702
855.0 98.10123443603516
856.0 98.8082766532898
857.0 97.49196767807007
858.0 98.64574670791626
859.0 99.43144917488098
860.0 98.50727319717407
861.0 98.51033091545105
862.0 98.98512363433838
863.0 98.13820719718933
864.0 99.69428181648254
865.0 99.52748417854309
866.0 98.42506051063538
867.0 99.29620027542114
868.0 99.54679608345032
869.0 98.68197441101074
870.0 97.93166518211365
871.0 98.72901439666748
872.0 98.93250465393066
873.0 99.00868535041809
874.0 99.48977828025818
875.0 98.75640869140625
876.0 98.76073002815247
877.0 99.36744570732117
878.0 98.86553883552551
879.0 98.44908118247986
880.0 98.7414300441742
881.0 99.84990954399109
882.0 98.82466197013855
883.0 98.61627221107483
884.0 99.03284907341003
885.0 98.8371729850769
886.0 98.64619374275208
887.0 98.60905408859253
888.0 98.97414445877075
889.0 99.23944473266602
890.0 97.87784218788147
891.0 99.3469774723053
892.0 98.20488691329956
893.0 98.32459688186646
894.0 98.14362525939941
