lsstCam/transmission_filter_detector/r41_s22/z_20/19700101T000000.ecsv
# %ECSV 1.0
# ---
# datatype:
# - {name: wavelength, unit: nm, datatype: float32}
# - {name: efficiency, unit: '%', datatype: float64}
# meta: !!omap
# - {MODE: DETECTOR}
# - {TYPE: transmission_filter_detector}
# - {CALIBDATE: '1970-01-01T00:00:00'}
# - {INSTRUME: LSSTCam}
# - {OBSTYPE: transmission_filter_detector}
# - {CALIBCLS: lsst.ip.isr.IntermediateFilterDetectorTransmissionCurve}
# - {SOURCE: Materion (DM-46256)}
# - {DETECTOR: 170}
# - {FILTER: z_20}
# - {CALIB_ID: 'calibDate=1970-01-01T00:00:00 filter=z_20 detector=170'}
# - {DATE: '2025-04-02T15:59:49.429736'}
# - {CALIB_CREATION_DATE: '2025-04-02'}
# - {CALIB_CREATION_TIME: '15:59:49'}
# - __serialized_columns__:
#     efficiency:
#       __class__: astropy.units.quantity.Quantity
#       unit: !astropy.units.Unit {unit: '%'}
#       value: !astropy.table.SerializedColumn {name: efficiency}
#     wavelength:
#       __class__: astropy.units.quantity.Quantity
#       unit: !astropy.units.Unit {unit: nm}
#       value: !astropy.table.SerializedColumn {name: wavelength}
# schema: astropy-2.0
wavelength efficiency
[from data line 596]
896.0 99.08319115638733
897.0 98.78283739089966
898.0 98.75196814537048
899.0 98.62102270126343
900.0 98.51223230361938
901.0 99.12782311439514
902.0 98.57022166252136
903.0 98.30192923545837
904.0 97.38529324531555
905.0 98.12664985656738
906.0 97.71534204483032
907.0 98.3758270740509
908.0 97.84128665924072
909.0 97.88889288902283
910.0 97.55792617797852
911.0 96.67390584945679
912.0 95.40109634399414
913.0 94.05221939086914
914.0 91.41537547111511
915.0 89.19878602027893
916.0 86.99795007705688
917.0 85.84715723991394
918.0 81.84730410575867
919.0 81.05216026306152
920.0 77.10546851158142
921.0 72.49205112457275
922.0 67.69252419471741
923.0 61.586958169937134
924.0 56.37313723564148
925.0 50.961512327194214
926.0 44.21772658824921
927.0 36.643123626708984
928.0 30.861660838127136
929.0 24.872814118862152
930.0 19.377215206623077
931.0 14.37455415725708
932.0 9.5679372549057
933.0 6.025134027004242
934.0 3.699805960059166
935.0 2.1181683987379074
936.0 1.1802862398326397
937.0 0.9212111122906208
938.0 0.44697714038193226
939.0 0.2391468035057187
940.0 0.19481444032862782
941.0 0.04709827771876007
942.0 0.0916189223062247
943.0 0.007883559010224417
944.0 0.057521037524566054
945.0 0.06220143404789269
946.0 1.7106299016189652e-10
947.0 1.7106299016189652e-10
948.0 1.7106299016189652e-10
949.0 1.7106299016189652e-10
950.0 1.7106299016189652e-10
951.0 0.04871631972491741
952.0 0.13385432539507747
953.0 1.7106299016189652e-10
954.0 0.08431230089627206
955.0 1.7106299016189652e-10
956.0 1.7106299016189652e-10
957.0 0.05038451054133475
958.0 0.07031777640804648
959.0 1.7106299016189652e-10
960.0 0.006942564505152404
961.0 1.7106299016189652e-10
962.0 1.7106299016189652e-10
963.0 1.7106299016189652e-10
964.0 0.061839952832087874
965.0 1.7106299016189652e-10
966.0 0.006051253149053082
967.0 1.7106299016189652e-10
968.0 1.7106299016189652e-10
969.0 1.7106299016189652e-10
970.0 1.7106299016189652e-10
971.0 0.015052183880470693
972.0 1.7106299016189652e-10
973.0 0.016748787311371416
974.0 1.7106299016189652e-10
975.0 1.7106299016189652e-10
976.0 0.005387310011428781
977.0 0.00533923739567399
978.0 0.00529116514371708
979.0 0.005102633440401405
980.0 0.00491410173708573
981.0 0.004916801481158473
982.0 0.004919501225231215
983.0 0.0047968489525374025
984.0 0.004674197407439351
985.0 0.004677846300182864
986.0 0.004681495192926377
987.0 0.004585035640047863
988.0 0.004488576087169349
989.0 0.004296734186937101
990.0 0.0041048919229069725
991.0 0.004166019061813131
992.0 0.0042271462007192895
993.0 0.00419817260990385
994.0 0.004169198655290529
995.0 0.0040519800677429885
996.0 0.003934762207791209
997.0 0.003980409019277431
998.0 0.004026055830763653
999.0 0.0039045375160640106
1000.0 0.0037830188375664875
1001.0 0.003705351264216006
1002.0 0.0036276833270676434
1003.0 0.0036762528907274827
1004.0 0.0037248228181852028
1005.0 0.003648850542958826
1006.0 0.003572877903934568
1007.0 0.003726470094989054
1008.0 0.0038800622860435396
1009.0 0.003862232915707864
1010.0 0.003844403545372188
1011.0 0.003841142461169511
1012.0 0.0038378810131689534
1013.0 0.0038457888877019286
1014.0 0.0038536971260327846
1015.0 0.0037355719541665167
1016.0 0.00361744750989601
1017.0 0.0037219935620669276
1018.0 0.0038265392504399642
1019.0 0.003717850268003531
1020.0 0.003609161649364978
1021.0 0.003630659921327606
1022.0 0.0036521585570881143
1023.0 0.0038305064663290977
1024.0 0.004008854739367962
1025.0 0.003994613507529721
1026.0 0.0039803722756914794
1027.0 0.003995293445768766
1028.0 0.004010214615846053
1029.0 0.0040717830415815115
1030.0 0.004133351831114851
1031.0 0.004168512896285392
1032.0 0.0042036743252538145
1033.0 0.0043400174035923555
1034.0 0.004476361209526658
1035.0 0.004236568202031776
1036.0 0.003996775558334775
1037.0 0.00421343429479748
1038.0 0.004430093031260185
1039.0 0.004568840085994452
1040.0 0.0047075875045266
1041.0 0.004794901542481966
1042.0 0.004882216308033094
1043.0 0.00493790976179298
1044.0 0.004993602851754986
1045.0 0.004978580909664743
1046.0 0.0049635589675744995
1047.0 0.005217570287641138
1048.0 0.005471581971505657
1049.0 0.005514407166629098
1050.0 0.005557231997954659
1051.0 0.005595977927441709
1052.0 0.005634723856928758
1053.0 0.005786734618595801
1054.0 0.005938742833677679
1055.0 0.006124755600467324
1056.0 0.006310768367256969
1057.0 0.0064387451857328415
1058.0 0.006566722004208714
1059.0 0.006992425915086642
1060.0 0.007418131281156093
1061.0 0.007497245678678155
1062.0 0.007576362258987501
1063.0 0.007657647074665874
1064.0 0.007738930435152724
1065.0 0.007803799962857738
1066.0 0.007868670945754275
1067.0 0.007970028673298657
1068.0 0.008071389311226085
1069.0 0.008562515722587705
1070.0 0.009053642861545086
1071.0 0.009362687706016004
1072.0 0.009671734733274207
1073.0 0.009824291191762313
1074.0 0.009976848377846181
1075.0 0.010382896289229393
1076.0 0.010788945655804127
1077.0 0.010338284482713789
1078.0 0.00988762330962345
1079.0 0.011020159581676126
1080.0 0.012152696581324562
1081.0 0.011653579713311046
1082.0 0.011154465755680576
1083.0 0.011321849160594866
1084.0 0.011489235475892201
1085.0 0.012209577835164964
1086.0 0.012929925287608057
1087.0 0.013302681327331811
1088.0 0.013675437367055565
1089.0 0.01433337019989267
1090.0 0.014991304487921298
1091.0 0.015283338143490255
1092.0 0.015575371799059212
1093.0 0.0148795559653081
1094.0 0.014183740131556988
1095.0 0.015425350284203887
1096.0 0.01666696189204231
1097.0 0.017271943215746433
1098.0 0.01787692599464208
1099.0 0.018362443370278925
1100.0 0.018847953469958156
1101.0 0.01961367088370025
1102.0 0.020379386842250824
1103.0 0.020447491260711104
1104.0 0.020515597134362906
1105.0 0.021925749024376273
1106.0 0.023335899459198117
1107.0 0.02368053828831762
1108.0 0.024025177117437124
1109.0 0.024733165628276765
1110.0 0.025441154139116406
1111.0 0.02546014729887247
1112.0 0.02547914336901158
1113.0 0.02682182821445167
1114.0 0.02816451305989176
1115.0 0.028674275381490588
1116.0 0.02918404061347246
1117.0 0.02948046603705734
1118.0 0.02977689146064222
1119.0 0.031553025473840535
1120.0 0.033329156576655805
1121.0 0.03481227613519877
1122.0 0.03629539569374174
1123.0 0.035133512574248016
1124.0 0.03397162945475429
1125.0 0.037461111787706614
1126.0 0.04095059703104198
1127.0 0.0406877399655059
1128.0 0.04042488872073591
1129.0 0.04134046903345734
1130.0 0.042256046435795724
1131.0 0.04872704157605767
1132.0 0.055198033805936575
1133.0 0.05826074630022049
1134.0 0.061323458794504404
1135.0 0.06531462422572076
1136.0 0.06930579547770321
1137.0 0.07790244999341667
1138.0 0.08649910450913012
1139.0 0.11957521783187985
1140.0 0.15265133697539568
1141.0 0.24214196018874645
1142.0 0.3316325834020972
1143.0 0.6237048655748367
1144.0 0.9157771244645119
1145.0 1.2972046621143818
1146.0 1.6786321997642517
1147.0 1.8797071650624275
1148.0 2.0807821303606033
1149.0 2.634923905134201
1150.0 3.189064934849739
