lsstCam/transmission_filter_detector/r24_s21/i_39/19700101T000000.ecsv
# %ECSV 1.0
# ---
# datatype:
# - {name: wavelength, unit: nm, datatype: float32}
# - {name: efficiency, unit: '%', datatype: float64}
# meta: !!omap
# - {MODE: DETECTOR}
# - {TYPE: transmission_filter_detector}
# - {CALIBDATE: '1970-01-01T00:00:00'}
# - {INSTRUME: LSSTCam}
# - {OBSTYPE: transmission_filter_detector}
# - {CALIBCLS: lsst.ip.isr.IntermediateFilterDetectorTransmissionCurve}
# - {SOURCE: Materion (DM-46256)}
# - {DETECTOR: 115}
# - {FILTER: i_39}
# - {CALIB_ID: 'calibDate=1970-01-01T00:00:00 filter=i_39 detector=115'}
# - {DATE: '2025-04-02T15:59:47.013124'}
# - {CALIB_CREATION_DATE: '2025-04-02'}
# - {CALIB_CREATION_TIME: '15:59:47'}
# - __serialized_columns__:
#     efficiency:
#       __class__: astropy.units.quantity.Quantity
#       unit: !astropy.units.Unit {unit: '%'}
#       value: !astropy.table.SerializedColumn {name: efficiency}
#     wavelength:
#       __class__: astropy.units.quantity.Quantity
#       unit: !astropy.units.Unit {unit: nm}
#       value: !astropy.table.SerializedColumn {name: wavelength}
# schema: astropy-2.0
wavelength efficiency
300.0 0.006957548612263054
301.0 0.00418855925090611
302.0 0.001419592990714591
303.0 0.003641041985247284
304.0 0.00586249225307256
305.0 0.004349329537944868
306.0 0.002836165913322475
307.0 0.0018478081983630545
308.0 0.0008594518476456869
309.0 0.0015153599633777048
310.0 0.002171269261452835
311.0 1.6472836549680236e-10
312.0 1.6472836549680236e-10
313.0 1.6472836549680236e-10
314.0 1.6472836549680236e-10
315.0 1.6472836549680236e-10
316.0 1.6472836549680236e-10
317.0 1.6472836549680236e-10
318.0 1.6472836549680236e-10
319.0 1.6472836549680236e-10
320.0 0.000524074312124867
321.0 1.6472836549680236e-10
322.0 1.6472836549680236e-10
323.0 1.6472836549680236e-10
324.0 0.0010255231245537288
325.0 1.6472836549680236e-10
326.0 1.6472836549680236e-10
327.0 1.6472836549680236e-10
328.0 1.6472836549680236e-10
329.0 1.6472836549680236e-10
330.0 1.6472836549680236e-10
331.0 0.0007529401955252979
332.0 0.002414968730590772
333.0 0.002299515290360432
334.0 0.0021840620320290327
335.0 0.000565633172300295
336.0 1.6472836549680236e-10
337.0 0.00014967488368711201
338.0 0.0013521449545805808
339.0 0.0012714830518234521
340.0 0.0011908212400157936
341.0 0.0003127909621980507
342.0 1.6472836549680236e-10
343.0 0.0003219689688194194
344.0 0.0012091774806322064
345.0 0.0006560009296663338
346.0 0.00010282433322572615
347.0 1.6472836549680236e-10
348.0 1.6472836549680236e-10
349.0 1.6472836549680236e-10
350.0 0.0005357905592973111
351.0 0.00024409403067693347
352.0 1.6472836549680236e-10
353.0 1.6472836549680236e-10
354.0 1.6472836549680236e-10
355.0 1.6472836549680236e-10
356.0 0.00041643256736279
357.0 0.0005263112598186126
358.0 0.0006361902705975808
359.0 0.0002899160108427168
360.0 1.6472836549680236e-10
361.0 0.0004359842023404781
362.0 0.0009283266990678385
363.0 0.00028174256385682384
364.0 1.6472836549680236e-10
365.0 1.6472836549680236e-10
366.0 0.0001580325829309004
367.0 0.0002791534825519193
368.0 0.0004002742571174167
369.0 0.0005833081559103448
370.0 0.0007663422366022132
371.0 0.00029947516395623097
372.0 1.6472836549680236e-10
373.0 0.00023651330138818594
374.0 0.0006404182840924477
375.0 1.6472836549680236e-10
376.0 1.6472836549680236e-10
377.0 1.6472836549680236e-10
378.0 1.6472836549680236e-10
379.0 5.4739200550102396e-05
380.0 0.00032284740427712677
381.0 9.23908601180301e-05
382.0 1.6472836549680236e-10
383.0 0.0005379171852837317
384.0 0.0012139002137701027
385.0 0.0008497509043081664
386.0 0.00048560173127043527
387.0 0.00021112830381753156
388.0 1.6472836549680236e-10
389.0 0.00010305735713700415
390.0 0.00026945988338411553
391.0 0.0001640046662032546
392.0 5.8549608183966484e-05
393.0 1.6472836549680236e-10
394.0 1.6472836549680236e-10
395.0 0.0003025465957762208
396.0 0.0011936373084608931
397.0 0.0009539127859170549
398.0 0.0007141883997974219
399.0 0.0009890394721878693
400.0 0.0012638904991035815
401.0 0.0031078059691935778
402.0 0.004951720620738342
403.0 0.0038339756429195404
404.0 0.0027162313926965
405.0 0.00241977450059494
406.0 0.0021233181541902013
407.0 0.0013778474567516241
408.0 0.000632375758868875
409.0 0.0005994380444462877
410.0 0.0005664999207510846
411.0 0.0032443062082165852
412.0 0.005922112541156821
413.0 0.004990224988432601
414.0 0.004058337435708381
415.0 0.003935247877961956
416.0 0.0038121583202155307
417.0 0.004160577736911364
418.0 0.004508996789809316
419.0 0.003937862129532732
420.0 0.0033667267416603863
421.0 0.004523692405200563
422.0 0.005680658796336502
423.0 0.005311005588737316
424.0 0.004941352744936012
425.0 0.005204883927945048
426.0 0.005468414747156203
427.0 0.00571064738323912
428.0 0.005952880383119918
429.0 0.0054358140914700925
430.0 0.004918748527416028
431.0 0.004084862666786648
432.0 0.0032509768061572686
433.0 0.00299666262435494
434.0 0.0027423486244515516
435.0 0.002852996658475604
436.0 0.0029636443287017755
437.0 0.0022319802155834623
438.0 0.0015003162843640894
439.0 0.0017781303540687077
440.0 0.002055944423773326
441.0 0.0018321255993214436
442.0 0.0016083069567685015
443.0 0.001329109272774076
444.0 0.0010499114978301805
445.0 0.0010354076948715374
446.0 0.0010209040738118347
447.0 0.0006935248620720813
448.0 0.0003661457412817981
449.0 0.00017541901797812898
450.0 1.6472836549680236e-10
451.0 0.00029857399113097927
452.0 0.0006124559149611741
453.0 0.0010101398402184714
454.0 0.0014078237654757686
455.0 0.001182976757263532
456.0 0.0009581297490512952
457.0 0.0004511998213274637
458.0 1.6472836549680236e-10
459.0 0.00021611106149066472
460.0 0.0004879522293776972
461.0 0.0006579962700925535
462.0 0.0008280402653326746
463.0 0.000758837086323183
464.0 0.0006896338163642213
465.0 0.0002413404672552133
466.0 1.6472836549680236e-10
467.0 0.0001785778408702754
468.0 0.0005641084953822428
469.0 0.0006193082299432717
470.0 0.0006745081009285059
471.0 0.0006876810857647797
472.0 0.000700854297974729
473.0 0.0007340625870710937
474.0 0.0007672709216421936
475.0 0.0005002072612114716
476.0 0.00023314364625548478
477.0 0.0003048469579880475
478.0 0.0003765502469832427
479.0 0.001304350826103473
480.0 0.0022321515643852763
481.0 0.002781528928608168
482.0 0.003330906110932119
483.0 0.004584445196087472
484.0 0.005837984281242825
485.0 0.0062710794736631215
486.0 0.0067041750298812985
487.0 0.009728454460855573
488.0 0.012752732436638325
489.0 0.01569589221617207
490.0 0.018639053450897336
491.0 0.021302174718584865
492.0 0.023965295986272395
493.0 0.02624728949740529
494.0 0.02852928009815514
495.0 0.026518807862885296
496.0 0.024508332717232406
497.0 0.019954369054175913
498.0 0.015400403935927898
499.0 0.010993682371918112
500.0 0.006586960807908326
501.0 0.004438309770193882
502.0 0.0022896583686815575
503.0 0.0021745105186710134
504.0 0.0020593626686604694
505.0 0.0018760958482744172
506.0 0.0016928288459894247
507.0 0.001987033465411514
508.0 0.002281237902934663
509.0 0.002550805402279366
510.0 0.0028203729016240686
511.0 0.002391696580161806
512.0 0.0019630202586995438
513.0 0.001835838338593021
514.0 0.001708656782284379
515.0 0.002047785346803721
516.0 0.0023869140932220034
517.0 0.0023134920411393978
518.0 0.002240069989056792
519.0 0.0020266188585083
520.0 0.001813167727959808
521.0 0.0018201943021267653
522.0 0.0018272208762937225
523.0 0.0016689838957972825
524.0 0.001510746733401902
525.0 0.0021994479538989253
526.0 0.0028881489924970083
527.0 0.0027292395316180773
528.0 0.0025703302526380867
529.0 0.002656034121173434
530.0 0.002741737807809841
531.0 0.002655376920301933
532.0 0.0025690163965919055
533.0 0.0020929794118274003
534.0 0.0016169426089618355
535.0 0.0019028369933948852
536.0 0.0021887311959289946
537.0 0.0027299167413730174
538.0 0.0032711021049181
539.0 0.003768431633943692
540.0 0.004265760799171403
541.0 0.004768573126057163
542.0 0.005271385816740803
543.0 0.005266242442303337
544.0 0.005261099067865871
545.0 0.0042632684198906645
546.0 0.003265438135713339
547.0 0.002596697049739305
548.0 0.001927955963765271
549.0 0.0017811584257287905
550.0 0.00163436088769231
551.0 0.0015826768503757194
552.0 0.0015309929949580692
553.0 0.0016734378732508048
554.0 0.0018158825696446002
555.0 0.0012436211363819893
556.0 0.0006713597485941136
557.0 0.0008805069228401408
558.0 0.0010896540516114328
559.0 0.0007076534075167729
560.0 0.0003256526952100103
561.0 0.0008927415365178604
562.0 0.0014598305824620184
563.0 0.0014137758626020513
564.0 0.0013677212336915545
565.0 0.001247654563485412
566.0 0.0011275879842287395
567.0 0.001159498242486734
568.0 0.0011914086826436687
569.0 0.0009141356713371351
570.0 0.0006368627055053366
571.0 0.00045194792619440705
572.0 0.00026703298772190465
573.0 0.0005330118256097194
574.0 0.0007989906407601666
575.0 0.0006377681984304218
576.0 0.0004765459379996173
577.0 0.0004732444267574465
578.0 0.00046994300646474585
579.0 0.00031069932902028086
580.0 0.0001514556743131834
581.0 0.00030385945137823
582.0 0.00045626329665537924
583.0 0.0004761173386214068
584.0 0.0004959713805874344
585.0 0.000610728102401481
586.0 0.000725485006114468
587.0 0.0006441381628974341
588.0 0.0005627912742056651
589.0 0.000620193304712302
590.0 0.000677595335218939
591.0 0.0007579394150525331
592.0 0.0008382834494113922
593.0 0.0006060182840883499
594.0 0.00037375314150267513
595.0 0.00042067927097377833
596.0 0.00046760542318224907
597.0 0.000494940059070359
598.0 0.0005222746949584689
599.0 0.000412555391449132
600.0 0.00030283611067716265
601.0 0.0003529397190504824
602.0 0.00040304330468643457
603.0 0.00024491705516993534
604.0 8.6790811337778e-05
605.0 0.00011860867061841418
606.0 0.00015042653558339225
607.0 0.0003062967152800411
608.0 0.0004621668722393224
609.0 0.0004378721769171534
610.0 0.00041357743612024933
611.0 0.000493890502184513
612.0 0.0005742035227740416
613.0 0.0004063619599037338
614.0 0.0002385204652455286
615.0 0.00029397358503047144
616.0 0.0003494266593406792
617.0 0.0003852690952044213
618.0 0.0004211115992802661
619.0 0.00037512447761400836
620.0 0.0003291374014224857
621.0 0.00028716892757074675
622.0 0.0002452004537190078
623.0 0.00033456706205470255
624.0 0.0004239337158651324
625.0 0.00037497447920031846
626.0 0.00032601531074760715
627.0 0.00026876900847128127
628.0 0.0002115226607202203
629.0 0.0003065934834012296
630.0 0.00040166428334487136
631.0 0.0004783647909789579
632.0 0.0005550652986130444
633.0 0.0005356358087738045
634.0 0.0005162062279850943
635.0 0.00047232570068445057
636.0 0.00042844517338380683
637.0 0.0004628358510672115
638.0 0.0004972263923264109
639.0 0.0005817242254124722
640.0 0.0006662221039732685
641.0 0.0005750241143687163
642.0 0.00048382621571363416
643.0 0.0006091664999985369
644.0 0.0007345068752329098
645.0 0.0007521105999330757
646.0 0.0007697143701079767
647.0 0.0007428713161061751
648.0 0.0007160282166296383
649.0 0.0007535871645814041
650.0 0.0007911461580079049
651.0 0.0008572831575293094
652.0 0.0009234201570507139
653.0 0.0010457952157594264
654.0 0.0011681704563670792
655.0 0.0015796949810464866
656.0 0.0019912193238269538
657.0 0.0030020148187759332
658.0 0.004012809586129151
659.0 0.0065677406382746994
660.0 0.05791528965346515
661.0 0.07966085686348379
662.0 0.06007598130963743
663.0 0.05681529873982072
664.0 0.08455495699308813
665.0 0.1290143933147192
666.0 0.1270449603907764
667.0 0.17566779861226678
668.0 0.18379701068624854
669.0 0.2242913469672203
670.0 0.3216745099052787
671.0 0.47606551088392735
672.0 0.8147584274411201
673.0 1.310168020427227
674.0 1.903858594596386
675.0 2.763405069708824
676.0 3.879522532224655
677.0 5.218753963708878
678.0 6.595727056264877
679.0 8.019426465034485
680.0 9.838364273309708
681.0 11.923130601644516
682.0 14.446981251239777
683.0 17.261818051338196
684.0 20.237664878368378
685.0 23.17887842655182
686.0 26.16564631462097
687.0 29.366534948349
688.0 32.558730244636536
689.0 35.87063252925873
690.0 39.67973589897156
691.0 43.75135600566864
692.0 48.649537563323975
693.0 53.81469130516052
694.0 59.777212142944336
695.0 65.44164419174194
696.0 71.71347141265869
697.0 77.25355625152588
698.0 83.22742581367493
699.0 87.76932954788208
700.0 91.24233722686768
701.0 94.10821795463562
702.0 95.92694044113159
703.0 96.91935181617737
704.0 97.39718437194824
705.0 97.86600470542908
706.0 97.81960248947144
707.0 98.1636643409729
708.0 98.09831380844116
709.0 98.11179041862488
710.0 97.82994389533997
711.0 98.08450937271118
712.0 98.01859855651855
713.0 98.10791611671448
714.0 98.12451601028442
715.0 98.2164204120636
716.0 97.99769520759583
717.0 98.30130934715271
718.0 98.30408096313477
719.0 98.2696533203125
720.0 98.50713610649109
721.0 98.51032495498657
722.0 98.22710752487183
723.0 97.97427654266357
724.0 97.61362671852112
725.0 97.39373922348022
726.0 97.06490635871887
727.0 96.71604633331299
728.0 96.50198817253113
729.0 96.29399180412292
730.0 96.27465605735779
731.0 96.29229307174683
732.0 96.36228084564209
733.0 96.65217399597168
734.0 96.95883989334106
735.0 97.2885251045227
736.0 97.62098789215088
737.0 97.85580039024353
738.0 98.20932149887085
739.0 98.69550466537476
740.0 98.79010319709778
741.0 98.57969284057617
742.0 98.84778261184692
743.0 98.70768189430237
744.0 98.586905002594
745.0 98.63435626029968
746.0 98.58121275901794
747.0 98.79842400550842
748.0 98.64974617958069
749.0 98.60450029373169
750.0 98.49050045013428
751.0 98.53988289833069
752.0 98.37941527366638
753.0 98.61549735069275
754.0 98.58075380325317
755.0 98.59145879745483
756.0 98.64489436149597
757.0 98.72162938117981
758.0 98.73855710029602
759.0 98.85185956954956
760.0 98.69345426559448
761.0 98.63111972808838
762.0 98.75938892364502
763.0 98.74453544616699
764.0 98.51966500282288
765.0 98.52558374404907
766.0 98.56593608856201
767.0 98.32864999771118
768.0 98.40497970581055
769.0 98.3862042427063
770.0 98.10704588890076
771.0 98.21581840515137
772.0 98.24116826057434
773.0 98.04880023002625
774.0 97.96948432922363
775.0 97.9964554309845
776.0 97.92647361755371
777.0 97.97663688659668
778.0 97.95110821723938
779.0 97.9840874671936
780.0 97.89572358131409
781.0 98.23850989341736
782.0 98.09744954109192
783.0 98.1662929058075
784.0 98.20481538772583
785.0 98.37120771408081
786.0 98.45291376113892
787.0 98.2136607170105
788.0 98.31839203834534
789.0 98.37658405303955
790.0 98.31002354621887
791.0 98.3141303062439
792.0 98.28267693519592
793.0 98.17007184028625
794.0 98.13746213912964
795.0 98.06945323944092
796.0 97.97355532646179
797.0 98.05317521095276
798.0 97.99041152000427
799.0 97.86478281021118
800.0 97.7523684501648
801.0 97.80325889587402
802.0 97.65505194664001
803.0 97.44081497192383
804.0 97.15444445610046
805.0 96.88993692398071
806.0 96.55459523200989
807.0 95.72409391403198
808.0 94.83955502510071
809.0 93.75057220458984
810.0 92.35846400260925
811.0 90.52774906158447
812.0 88.40784430503845
813.0 85.76221466064453
814.0 82.71036148071289
815.0 79.1718602180481
816.0 75.46812295913696
817.0 71.19162678718567
818.0 66.18223190307617
819.0 61.906641721725464
820.0 56.805068254470825
821.0 52.34358310699463
822.0 47.89793789386749
823.0 43.296653032302856
824.0 38.70059847831726
825.0 34.452539682388306
826.0 30.00149130821228
827.0 25.36987066268921
828.0 21.16381824016571
829.0 17.05247610807419
830.0 12.883684039115906
831.0 9.691095352172852
832.0 6.594908237457275
833.0 4.3304383754730225
834.0 2.655455097556114
835.0 1.6296923160552979
836.0 0.9875042364001274
837.0 0.5225755274295807
838.0 0.317013799212873
839.0 0.2084324834868312
840.0 0.11399541981518269
841.0 0.06129021057859063
842.0 0.0467089848825708
843.0 0.03990709374193102
844.0 0.0194007734535262
845.0 1.6472836549680236e-10
846.0 0.009763066918822005
847.0 1.6472836549680236e-10
848.0 1.6472836549680236e-10
849.0 1.6472836549680236e-10
850.0 1.6472836549680236e-10
851.0 4.856485702475766e-06
852.0 0.0008121692189888563
853.0 0.0006837557521066628
854.0 0.0005553422852244694
855.0 0.000280244466921431
856.0 5.146775094999612e-06
857.0 1.5109486639630632e-05
858.0 2.5072068865483743e-05
859.0 1.6472836549680236e-10
860.0 1.6472836549680236e-10
861.0 1.6472836549680236e-10
862.0 1.6472836549680236e-10
863.0 1.6472836549680236e-10
864.0 1.6472836549680236e-10
865.0 1.6472836549680236e-10
866.0 1.6472836549680236e-10
867.0 1.6472836549680236e-10
868.0 1.6472836549680236e-10
869.0 1.6472836549680236e-10
870.0 1.3348517313716002e-05
871.0 1.9059989142533595e-05
872.0 2.4771441076154588e-05
873.0 9.612866733732517e-05
874.0 0.00016748588222981198
875.0 4.770877808368823e-05
876.0 1.6472836549680236e-10
877.0 1.6472836549680236e-10
878.0 1.6472836549680236e-10
879.0 1.4227141775791097e-05
880.0 5.619040734927694e-05
881.0 5.320283662513248e-05
882.0 5.021533411309065e-05
883.0 7.963578241287905e-07
884.0 1.6472836549680236e-10
885.0 1.6472836549680236e-10
886.0 1.6472836549680236e-10
887.0 1.6472836549680236e-10
888.0 1.6472836549680236e-10
889.0 1.6472836549680236e-10
890.0 1.6472836549680236e-10
891.0 2.7673596036947856e-05
892.0 0.00018697789982979884
893.0 1.2312523267610231e-05
894.0 1.6472836549680236e-10
895.0 1.6472836549680236e-10
