lsstCam/transmission_filter_detector/r24_s21/i_39/19700101T000000.ecsv
# %ECSV 1.0
# ---
# datatype:
# - {name: wavelength, unit: nm, datatype: float32}
# - {name: efficiency, unit: '%', datatype: float64}
# meta: !!omap
# - {MODE: DETECTOR}
# - {TYPE: transmission_filter_detector}
# - {CALIBDATE: '1970-01-01T00:00:00'}
# - {INSTRUME: LSSTCam}
# - {OBSTYPE: transmission_filter_detector}
# - {CALIBCLS: lsst.ip.isr.IntermediateFilterDetectorTransmissionCurve}
# - {SOURCE: Materion (DM-46256)}
# - {DETECTOR: 115}
# - {FILTER: i_39}
# - {CALIB_ID: 'calibDate=1970-01-01T00:00:00 filter=i_39 detector=115'}
# - {DATE: '2025-04-02T15:59:47.013124'}
# - {CALIB_CREATION_DATE: '2025-04-02'}
# - {CALIB_CREATION_TIME: '15:59:47'}
# - __serialized_columns__:
#     efficiency:
#       __class__: astropy.units.quantity.Quantity
#       unit: !astropy.units.Unit {unit: '%'}
#       value: !astropy.table.SerializedColumn {name: efficiency}
#     wavelength:
#       __class__: astropy.units.quantity.Quantity
#       unit: !astropy.units.Unit {unit: nm}
#       value: !astropy.table.SerializedColumn {name: wavelength}
# schema: astropy-2.0
wavelength efficiency
[from data line 597]
897.0 1.6472836549680236e-10
898.0 1.6472836549680236e-10
899.0 1.6472836549680236e-10
900.0 1.6472836549680236e-10
901.0 1.6472836549680236e-10
902.0 1.6472836549680236e-10
903.0 1.6472836549680236e-10
904.0 1.6472836549680236e-10
905.0 1.6472836549680236e-10
906.0 5.8906385902446345e-05
907.0 9.011025099425751e-05
908.0 0.00012131413313909434
909.0 6.834196710769902e-05
910.0 1.53697811811071e-05
911.0 0.00010297067092324141
912.0 0.00019057156350754667
913.0 9.352990559818863e-05
914.0 1.6472836549680236e-10
915.0 1.6472836549680236e-10
916.0 1.6472836549680236e-10
917.0 1.6472836549680236e-10
918.0 1.6472836549680236e-10
919.0 1.6472836549680236e-10
920.0 5.9706491128963535e-05
921.0 4.131809987484303e-05
922.0 2.292968872552592e-05
923.0 1.6472836549680236e-10
924.0 1.6472836549680236e-10
925.0 8.025186275517626e-05
926.0 0.000226304064199212
927.0 5.5131835097199655e-05
928.0 1.6472836549680236e-10
929.0 8.247157268215233e-06
930.0 0.00013253470569907222
931.0 0.0001466491539758863
932.0 0.00016076360225270037
933.0 8.19175113520032e-05
934.0 3.071463794412921e-06
935.0 1.6472836549680236e-10
936.0 1.6472836549680236e-10
937.0 1.6472836549680236e-10
938.0 1.6472836549680236e-10
939.0 1.6472836549680236e-10
940.0 1.6472836549680236e-10
941.0 1.6472836549680236e-10
942.0 1.6472836549680236e-10
943.0 1.6472836549680236e-10
944.0 4.6475329895656614e-05
945.0 1.6472836549680236e-10
946.0 1.6472836549680236e-10
947.0 1.6472836549680236e-10
948.0 1.6472836549680236e-10
949.0 1.6472836549680236e-10
950.0 1.6472836549680236e-10
951.0 1.6472836549680236e-10
952.0 3.5774842643832017e-06
953.0 1.6472836549680236e-10
954.0 1.6472836549680236e-10
955.0 1.6472836549680236e-10
956.0 1.6472836549680236e-10
957.0 1.7719331424359552e-05
958.0 0.0001644251824473031
959.0 0.00020138272702752147
960.0 0.0002383402943451074
961.0 0.0001327898758063384
962.0 2.7239437372372777e-05
963.0 6.63926869037823e-05
964.0 0.0001055459733834141
965.0 7.68788595451042e-05
966.0 4.821175707547809e-05
967.0 1.6472836549680236e-10
968.0 1.6472836549680236e-10
969.0 1.6472836549680236e-10
970.0 4.916395823784114e-05
971.0 1.6472836549680236e-10
972.0 1.6472836549680236e-10
973.0 1.6472836549680236e-10
974.0 6.828025789218373e-05
975.0 1.6472836549680236e-10
976.0 1.6472836549680236e-10
977.0 1.6472836549680236e-10
978.0 1.6472836549680236e-10
979.0 1.6472836549680236e-10
980.0 1.56243459059624e-05
981.0 1.9875560752780075e-06
982.0 1.6472836549680236e-10
983.0 1.6472836549680236e-10
984.0 1.6472836549680236e-10
985.0 1.6472836549680236e-10
986.0 8.38954690607352e-05
987.0 1.6472836549680236e-10
988.0 1.6472836549680236e-10
989.0 1.6472836549680236e-10
990.0 1.6472836549680236e-10
991.0 1.6472836549680236e-10
992.0 1.6472836549680236e-10
993.0 3.386517448689119e-05
994.0 7.658514391550852e-05
995.0 6.999463835200004e-05
996.0 6.340413278849155e-05
997.0 5.4269855809252476e-05
998.0 4.513554188179114e-05
999.0 0.00013657349882123526
1000.0 0.0002280113903907477
1001.0 0.0002698698608583072
1002.0 0.0003117283085884992
1003.0 0.00021349876533349743
1004.0 0.00011526922207849566
1005.0 6.235148362065956e-05
1006.0 9.43368831940461e-06
1007.0 4.105322375380638e-05
1008.0 7.267276487255003e-05
1009.0 0.0001314313067268813
1010.0 0.0001901898372125288
1011.0 0.00019593148863350507
1012.0 0.0002016731514231651
1013.0 0.00025865838324534707
1014.0 0.00031564363780489657
1015.0 0.000325144446833292
1016.0 0.0003346453240737901
1017.0 0.00030437036002695095
1018.0 0.0002740954414548469
1019.0 0.00017376357845932944
1020.0 7.343170977947011e-05
1021.0 0.0002074014446407091
1022.0 0.0003413712420297088
1023.0 0.0004202100626571337
1024.0 0.0004990489287592936
1025.0 0.0004840651399717899
1026.0 0.0004690813057095511
1027.0 0.00047088065002753865
1028.0 0.00047267990339605603
1029.0 0.0008874632840161212
1030.0 0.001302246528211981
1031.0 0.001670740675763227
1032.0 0.0020392344595165923
1033.0 0.002305077578057535
1034.0 0.0025709205146995373
1035.0 0.0030893115763319656
1036.0 0.0036077024560654536
1037.0 0.003567956810002215
1038.0 0.0035282115277368575
1039.0 0.003081102477153763
1040.0 0.002633993608469609
1041.0 0.0024034787202253938
1042.0 0.0021729640138801187
1043.0 0.002541343928896822
1044.0 0.002909723662014585
1045.0 0.0032278774597216398
1046.0 0.0035460318031255156
1047.0 0.003458563514868729
1048.0 0.0033710955904098228
1049.0 0.0029104332497809082
1050.0 0.0024497709091519937
1051.0 0.002305377165612299
1052.0 0.002160983785870485
1053.0 0.0017718493836582638
1054.0 0.0013827150723955128
1055.0 0.0010802733413584065
1056.0 0.0007778315193718299
1057.0 0.0007009792625467526
1058.0 0.0006241272330953507
1059.0 0.00079568362707505
1060.0 0.0009672399755800143
1061.0 0.0012658205378102139
1062.0 0.001564400918141473
1063.0 0.0021441266653710045
1064.0 0.0027238525944994763
1065.0 0.0033379659726051614
1066.0 0.0039520793507108465
1067.0 0.004500447539612651
1068.0 0.005048816819908097
1069.0 0.004638076279661618
1070.0 0.00422733610321302
1071.0 0.003641688817879185
1072.0 0.0030560415325453505
1073.0 0.0029587818062282167
1074.0 0.0028615217161132023
1075.0 0.002935644988610875
1076.0 0.0030097682611085474
1077.0 0.0029487830033758655
1078.0 0.002887797927542124
1079.0 0.0027085352485300973
1080.0 0.0025292725695180707
1081.0 0.002022979606408626
1082.0 0.001516687098046532
1083.0 0.0012886359399999492
1084.0 0.0010605847819533665
1085.0 0.0011336685929563828
1086.0 0.0012067524949088693
1087.0 0.0005104316187498625
1088.0 1.6472836549680236e-10
1089.0 1.6472836549680236e-10
1090.0 1.6472836549680236e-10
1091.0 1.6472836549680236e-10
1092.0 1.6472836549680236e-10
1093.0 1.6472836549680236e-10
1094.0 1.6472836549680236e-10
1095.0 1.6472836549680236e-10
1096.0 1.6472836549680236e-10
1097.0 1.6472836549680236e-10
1098.0 1.6472836549680236e-10
1099.0 1.6472836549680236e-10
1100.0 0.0005515493739949306
