lsstCam/transmission_filter_detector/r22_s12/g_6/19700101T000000.ecsv
# %ECSV 1.0
# ---
# datatype:
# - {name: wavelength, unit: nm, datatype: float32}
# - {name: efficiency, unit: '%', datatype: float64}
# meta: !!omap
# - {MODE: DETECTOR}
# - {TYPE: transmission_filter_detector}
# - {CALIBDATE: '1970-01-01T00:00:00'}
# - {INSTRUME: LSSTCam}
# - {OBSTYPE: transmission_filter_detector}
# - {CALIBCLS: lsst.ip.isr.IntermediateFilterDetectorTransmissionCurve}
# - {SOURCE: Materion (DM-46256)}
# - {DETECTOR: 95}
# - {FILTER: g_6}
# - {CALIB_ID: 'calibDate=1970-01-01T00:00:00 filter=g_6 detector=95'}
# - {DATE: '2025-04-02T15:59:42.468536'}
# - {CALIB_CREATION_DATE: '2025-04-02'}
# - {CALIB_CREATION_TIME: '15:59:42'}
# - __serialized_columns__:
#     efficiency:
#       __class__: astropy.units.quantity.Quantity
#       unit: !astropy.units.Unit {unit: '%'}
#       value: !astropy.table.SerializedColumn {name: efficiency}
#     wavelength:
#       __class__: astropy.units.quantity.Quantity
#       unit: !astropy.units.Unit {unit: nm}
#       value: !astropy.table.SerializedColumn {name: wavelength}
# schema: astropy-2.0
wavelength efficiency
[from data line 608]
908.0 0.0004179013558314182
909.0 0.0003367804765730398
910.0 0.0003756166506718728
911.0 0.00041445287024544086
912.0 0.00047553398871968966
913.0 0.0005366151526686735
914.0 0.0004468225597520359
915.0 0.00035702998957276577
916.0 0.0003071168976020999
917.0 0.00025720378289406653
918.0 0.0003455631940596504
919.0 0.0004339226052252343
920.0 0.0005036130914959358
921.0 0.0005733035777666373
922.0 0.0006352106083795661
923.0 0.00069711768446723
924.0 0.0005448110641737003
925.0 0.0003925043529307004
926.0 0.0005316021542967064
927.0 0.0006707000466121826
928.0 0.000636268350717728
929.0 0.0006018367002980085
930.0 0.0005689380941475974
931.0 0.0005360393970477162
932.0 0.0005508531103259884
933.0 0.0005656668690789957
934.0 0.0005357567260944052
935.0 0.0005058466285845498
936.0 0.000578879598833737
937.0 0.0006519127055071294
938.0 0.0007445664778060745
939.0 0.00083722043200396
940.0 0.0007064284091029549
941.0 0.0005756363407272147
942.0 0.0007580251804029103
943.0 0.0009404139746038709
944.0 0.0007501749223592924
945.0 0.0005599357336905086
946.0 0.0006823371677455725
947.0 0.0008047385563259013
948.0 0.0008640662599646021
949.0 0.0009233939636033028
950.0 0.0009249009053746704
951.0 0.0009264077561965678
952.0 0.001039719700202113
953.0 0.001153031553258188
954.0 0.0011401400115573779
955.0 0.0011272485608060379
956.0 0.0009475346814724617
957.0 0.0007678208930883557
958.0 0.0008089086804830004
959.0 0.0008499965588271152
960.0 0.0008350829375558533
961.0 0.0008201692253351212
962.0 0.0007667274076084141
963.0 0.0007132856353564421
964.0 0.0007369638751697494
965.0 0.0007606419330841163
966.0 0.0007185509730334161
967.0 0.0006764599675079808
968.0 0.0006947781457711244
969.0 0.000713096278559533
970.0 0.0006795599801989738
971.0 0.0006460234999394743
972.0 0.0008567470104026143
973.0 0.0010674706572899595
974.0 0.0010132764145964757
975.0 0.000959082262852462
976.0 0.0009812862117541954
977.0 0.0010034903425548691
978.0 0.0010532876331126317
979.0 0.0011030849236703943
980.0 0.0011566754437808413
981.0 0.0012102659638912883
982.0 0.001109070853999583
983.0 0.0010078755622089375
984.0 0.0010661728992999997
985.0 0.001124470327340532
986.0 0.001187712678074604
987.0 0.0012509547559602652
988.0 0.0012844705452152994
989.0 0.001317986061621923
990.0 0.0013626743566419464
991.0 0.0014073624697630294
992.0 0.0012478334610932507
993.0 0.001088304452423472
994.0 0.0011536695637914818
995.0 0.0012190347661089618
996.0 0.001179765513370512
997.0 0.0011404964425310027
998.0 0.0012095232705178205
999.0 0.0012785502804035787
1000.0 0.0012034061910526361
1001.0 0.001128261828853283
1002.0 0.0012076980056008324
1003.0 0.0012871340004494414
1004.0 0.0013143081559974235
1005.0 0.0013414824934443459
1006.0 0.00147100945468992
1007.0 0.001600536415935494
1008.0 0.001641579183342401
1009.0 0.0016826221326482482
1010.0 0.0017997610484599136
1011.0 0.0019169001461705193
1012.0 0.002044982829829678
1013.0 0.002173065695387777
1014.0 0.0022593401808990166
1015.0 0.002345615030208137
1016.0 0.002611217860248871
1017.0 0.002876821054087486
1018.0 0.003134903818136081
1019.0 0.0033929867640836164
1020.0 0.0035457494959700853
1021.0 0.003698512227856554
1022.0 0.003922184987459332
1023.0 0.00414585811085999
1024.0 0.004375800199341029
1025.0 0.0046057426516199484
1026.0 0.004738173083751462
1027.0 0.004870603879680857
1028.0 0.005009002416045405
1029.0 0.005147400952409953
1030.0 0.005308802064973861
1031.0 0.005470203177537769
1032.0 0.005625176345347427
1033.0 0.005780149513157085
1034.0 0.005701615009456873
1035.0 0.005623080505756661
1036.0 0.005651531319017522
1037.0 0.005679981768480502
1038.0 0.005886824874323793
1039.0 0.006093668343964964
1040.0 0.006365818990161642
1041.0 0.006637969636358321
1042.0 0.0069975350925233215
1043.0 0.007357099821092561
1044.0 0.007638610986759886
1045.0 0.00792012142483145
1046.0 0.008873849583324045
1047.0 0.00982757774181664
1048.0 0.011427469144109637
1049.0 0.01302735909121111
1050.0 0.015490631631109864
1051.0 0.017953902715817094
1052.0 0.02185567282140255
1053.0 0.02575744583737105
1054.0 0.031209184089675546
1055.0 0.03666092234198004
1056.0 0.043683970579877496
1057.0 0.050707015907391906
1058.0 0.05893090274184942
1059.0 0.06715478375554085
1060.0 0.07566299173049629
1061.0 0.08417118806391954
1062.0 0.09293589391745627
1063.0 0.10170057648792863
1064.0 0.10948156705126166
1065.0 0.11726253433153033
1066.0 0.12561874464154243
1067.0 0.1339749782346189
1068.0 0.1424117712303996
1069.0 0.15084859915077686
1070.0 0.15956666320562363
1071.0 0.1682847156189382
1072.0 0.1770936301909387
1073.0 0.18590253312140703
1074.0 0.19515579333528876
1075.0 0.2044091233983636
1076.0 0.21480058785527945
1077.0 0.22519209887832403
1078.0 0.23677933495491743
1079.0 0.24836657103151083
1080.0 0.264885276556015
1081.0 0.2814039820805192
1082.0 0.31061815097928047
1083.0 0.33983231987804174
1084.0 0.38360441103577614
1085.0 0.42737647891044617
1086.0 0.46642469242215157
1087.0 0.5054728128015995
1088.0 0.5754037760198116
1089.0 0.6453347392380238
1090.0 0.7237056735903025
1091.0 0.8020766079425812
1092.0 0.8448177017271519
1093.0 0.8875585161149502
1094.0 0.9465262293815613
1095.0 1.0054937563836575
1096.0 1.0897942818701267
1097.0 1.1740949004888535
1098.0 1.284276694059372
1099.0 1.3944587670266628
1100.0 1.6137771308422089
1101.0 1.8330952152609825
