lsstCam/transmission_filter_detector/r22_s12/g_6/19700101T000000.ecsv
# %ECSV 1.0
# ---
# datatype:
# - {name: wavelength, unit: nm, datatype: float32}
# - {name: efficiency, unit: '%', datatype: float64}
# meta: !!omap
# - {MODE: DETECTOR}
# - {TYPE: transmission_filter_detector}
# - {CALIBDATE: '1970-01-01T00:00:00'}
# - {INSTRUME: LSSTCam}
# - {OBSTYPE: transmission_filter_detector}
# - {CALIBCLS: lsst.ip.isr.IntermediateFilterDetectorTransmissionCurve}
# - {SOURCE: Materion (DM-46256)}
# - {DETECTOR: 95}
# - {FILTER: g_6}
# - {CALIB_ID: 'calibDate=1970-01-01T00:00:00 filter=g_6 detector=95'}
# - {DATE: '2025-04-02T15:59:42.468536'}
# - {CALIB_CREATION_DATE: '2025-04-02'}
# - {CALIB_CREATION_TIME: '15:59:42'}
# - __serialized_columns__:
#     efficiency:
#       __class__: astropy.units.quantity.Quantity
#       unit: !astropy.units.Unit {unit: '%'}
#       value: !astropy.table.SerializedColumn {name: efficiency}
#     wavelength:
#       __class__: astropy.units.quantity.Quantity
#       unit: !astropy.units.Unit {unit: nm}
#       value: !astropy.table.SerializedColumn {name: wavelength}
# schema: astropy-2.0
wavelength efficiency
300.0 0.4924366716295481
301.0 0.36946041509509087
302.0 0.24648415856063366
303.0 0.22678349632769823
304.0 0.20708281081169844
305.0 0.20914527121931314
306.0 0.21120768506079912
307.0 0.21450899075716734
308.0 0.21781024988740683
309.0 0.21934702526777983
310.0 0.2208838239312172
311.0 0.20787250250577927
312.0 0.19486116943880916
313.0 0.19217486260458827
314.0 0.18948855577036738
315.0 0.1856637536548078
316.0 0.18183899810537696
317.0 0.17889105947688222
318.0 0.17594315577298403
319.0 0.1641250215470791
320.0 0.15230686403810978
321.0 0.14159232378005981
322.0 0.13087778352200985
323.0 0.11523643042892218
324.0 0.09959510061889887
325.0 0.09035508264787495
326.0 0.08111507631838322
327.0 0.07294354145415127
328.0 0.06477200658991933
329.0 0.060733576538041234
330.0 0.05669514066539705
331.0 0.05310923443175852
332.0 0.04952332237735391
333.0 0.046707940055057406
334.0 0.043892557732760906
335.0 0.04247897013556212
336.0 0.04106538544874638
337.0 0.04130269808229059
338.0 0.04154001362621784
339.0 0.0403944228310138
340.0 0.03924882912542671
341.0 0.03752332704607397
342.0 0.03579782787710428
343.0 0.03249249421060085
344.0 0.029187160544097424
345.0 0.025879120221361518
346.0 0.02257107844343409
347.0 0.021280294458847493
348.0 0.019989509019069374
349.0 0.01821135956561193
350.0 0.6401173304766417
351.0 1.3061118312180042
352.0 0.4379776306450367
353.0 1.2659941799938679
354.0 0.4537053406238556
355.0 0.9248889051377773
356.0 0.5208915565162897
357.0 1.0546079836785793
358.0 0.3612416796386242
359.0 0.9771634824573994
360.0 0.41196499951183796
361.0 0.9240378625690937
362.0 0.3626804333180189
363.0 0.9127363562583923
364.0 0.36119441501796246
365.0 0.818317849189043
366.0 0.36569645162671804
367.0 0.7110220845788717
368.0 0.339086283929646
369.0 0.6956806872040033
370.0 0.3052544081583619
371.0 0.6570675875991583
372.0 0.2833104692399502
373.0 0.6950332783162594
374.0 0.24445713497698307
375.0 0.6319677922874689
376.0 0.32728444784879684
377.0 0.6353197619318962
378.0 0.35476607736200094
379.0 0.563039630651474
380.0 0.3924306482076645
381.0 0.6332137156277895
382.0 0.6185280624777079
383.0 0.6213140673935413
384.0 0.6063275039196014
385.0 0.6851917132735252
386.0 0.7406678516417742
387.0 0.8235374465584755
388.0 1.005252543836832
389.0 1.2690972536802292
390.0 1.9235989078879356
391.0 2.972864732146263
392.0 4.650253802537918
393.0 7.378053665161133
394.0 11.069948226213455
395.0 16.053172945976257
396.0 22.03264683485031
397.0 29.601973295211792
398.0 38.3773148059845
399.0 47.88156747817993
400.0 57.47852921485901
401.0 66.50351285934448
402.0 74.78054761886597
403.0 81.71491026878357
404.0 86.85542345046997
405.0 90.6886100769043
406.0 92.9068922996521
407.0 94.6631133556366
408.0 95.62539458274841
409.0 96.17034196853638
410.0 96.20819091796875
411.0 96.016925573349
412.0 95.65714597702026
413.0 95.43657898902893
414.0 95.27219533920288
415.0 95.50310969352722
416.0 95.91291546821594
417.0 96.3533103466034
418.0 96.8083143234253
419.0 97.48194217681885
420.0 97.94503450393677
421.0 98.45762848854065
422.0 98.59210848808289
423.0 98.74803423881531
424.0 98.52310419082642
425.0 98.3887791633606
426.0 98.38846325874329
427.0 98.3320415019989
428.0 98.09038043022156
429.0 97.90513515472412
430.0 97.75621891021729
431.0 97.74248003959656
432.0 97.77951240539551
433.0 97.82623648643494
434.0 97.9126513004303
435.0 98.09203743934631
436.0 98.09620976448059
437.0 98.08347225189209
438.0 98.18063378334045
439.0 98.25056791305542
440.0 98.23685884475708
441.0 98.36148023605347
442.0 98.3066737651825
443.0 98.23522567749023
444.0 98.1496274471283
445.0 97.9458749294281
446.0 97.84757494926453
447.0 97.71484732627869
448.0 97.82022833824158
449.0 98.10115098953247
450.0 98.46844673156738
451.0 98.68574738502502
452.0 98.78262281417847
453.0 98.88440370559692
454.0 98.86087775230408
455.0 99.07015562057495
456.0 99.15958642959595
457.0 99.33266639709473
458.0 99.33396577835083
459.0 99.40003156661987
460.0 99.42398071289062
461.0 99.59811568260193
462.0 99.48292374610901
463.0 99.4246780872345
464.0 99.50461387634277
465.0 99.43323731422424
466.0 99.4329035282135
467.0 99.41648244857788
468.0 99.47401285171509
469.0 99.5384156703949
470.0 99.35500621795654
471.0 99.2935299873352
472.0 99.26941990852356
473.0 99.12474155426025
474.0 99.021977186203
475.0 99.0776538848877
476.0 99.07665252685547
477.0 99.09191131591797
478.0 99.1865873336792
479.0 99.2046594619751
480.0 99.31679368019104
481.0 99.3992269039154
482.0 99.53893423080444
483.0 99.47476983070374
484.0 99.61776733398438
485.0 99.66221451759338
486.0 99.67488646507263
487.0 99.6666669845581
488.0 99.65033531188965
489.0 99.72186088562012
490.0 99.61035251617432
491.0 99.65438842773438
492.0 99.54499006271362
493.0 99.52250123023987
494.0 99.47167634963989
495.0 99.51010346412659
496.0 99.36830401420593
497.0 99.26745295524597
498.0 99.0698754787445
499.0 99.16095733642578
500.0 99.05831217765808
501.0 99.0039587020874
502.0 98.9418089389801
503.0 99.04124736785889
504.0 98.92312288284302
505.0 98.99298548698425
506.0 99.04308915138245
507.0 99.02650117874146
508.0 99.00170564651489
509.0 98.96239638328552
510.0 98.89429211616516
511.0 98.88589978218079
512.0 98.85218143463135
513.0 98.92821311950684
514.0 98.88351559638977
515.0 98.92224669456482
516.0 98.99986982345581
517.0 99.02942776679993
518.0 99.07227754592896
519.0 99.07464981079102
520.0 99.12102818489075
521.0 99.24100637435913
522.0 99.28945302963257
523.0 99.2883026599884
524.0 99.31337833404541
525.0 99.30123686790466
526.0 99.39238429069519
527.0 99.43151473999023
528.0 99.49384331703186
529.0 99.61570501327515
530.0 99.601811170578
531.0 99.7175931930542
532.0 99.5997667312622
533.0 99.59791302680969
534.0 99.53349232673645
535.0 99.31843280792236
536.0 98.80658984184265
537.0 98.08873534202576
538.0 97.11493253707886
539.0 95.4352617263794
540.0 93.35598945617676
541.0 90.30352234840393
542.0 87.16162443161011
543.0 83.12947154045105
544.0 78.10911536216736
545.0 73.81358742713928
546.0 68.72844696044922
547.0 64.08213973045349
548.0 59.611064195632935
549.0 55.7004451751709
550.0 52.660077810287476
551.0 49.77075755596161
552.0 47.45236933231354
553.0 44.880011677742004
554.0 41.75882041454315
555.0 38.17200064659119
556.0 33.519408106803894
557.0 28.215447068214417
558.0 22.648239135742188
559.0 17.35537201166153
560.0 12.490951269865036
561.0 8.159934729337692
562.0 5.04511296749115
563.0 2.8416184708476067
564.0 1.5070131979882717
565.0 0.6653290241956711
566.0 0.4000275395810604
567.0 0.19785396289080381
568.0 0.1450279145501554
569.0 0.07651469204574823
570.0 0.0841020664665848
571.0 0.04097822529729456
572.0 0.06407740293070674
573.0 0.033737352350726724
574.0 0.03788765461649746
575.0 0.03602908691391349
576.0 0.04072300798725337
577.0 0.01905092503875494
578.0 0.037705732393078506
579.0 0.024593700072728097
580.0 0.039734458550810814
581.0 0.021352381736505777
582.0 0.024645152734592557
583.0 0.017303579079452902
584.0 0.031342607690021396
585.0 0.019186145800631493
586.0 0.031071854755282402
587.0 0.011792714212788269
588.0 0.01794786803657189
589.0 0.009683999815024436
590.0 0.022994856408331543
591.0 0.010706897592172027
592.0 0.024267053231596947
593.0 0.009593622962711379
594.0 0.025482955970801413
595.0 0.004177739174338058
596.0 0.010840727190952748
597.0 0.009432779916096479
598.0 0.015424640150740743
599.0 0.009957968723028898
600.0 0.019360911392141134
601.0 0.002250039869977627
602.0 0.002180743103963323
603.0 0.0021114461560500786
604.0 0.001967244315892458
605.0 0.0018230424757348374
606.0 0.0019245544535806403
607.0 0.002026066431426443
608.0 0.001900781353469938
609.0 0.0017754960936144926
610.0 0.0018661812646314502
611.0 0.001956866435648408
612.0 0.0018486980479792692
613.0 0.0017405294784111902
614.0 0.001804569001251366
615.0 0.0018686088878894225
616.0 0.0018665972675080411
617.0 0.0018645856471266598
618.0 0.0017699843738228083
619.0 0.0016753831005189568
620.0 0.0015692894521635026
621.0 0.001463196167605929
622.0 0.0014395825019164477
623.0 0.0014159688362269662
624.0 0.0014632714737672359
625.0 0.0015105740203580353
626.0 0.0013789003787678666
627.0 0.0012472271009755787
628.0 0.0013158259207557421
629.0 0.0013844248314853758
630.0 0.0013579940969066229
631.0 0.0013315631804289296
632.0 0.0013549412869906519
633.0 0.0013783190297544934
634.0 0.001366577544104075
635.0 0.0013548355127568357
636.0 0.001416646409779787
637.0 0.0014784574887016788
638.0 0.0013020260666962713
639.0 0.0011255944627919234
640.0 0.001105042792914901
641.0 0.001084490850189468
642.0 0.0011875866221089382
643.0 0.0012906823030789383
644.0 0.0012649504242290277
645.0 0.001239218454429647
646.0 0.0012295230590098072
647.0 0.0012198277545394376
648.0 0.0010375570127507672
649.0 0.0008552861800126266
650.0 0.0010423957974126097
651.0 0.0012295051419641823
652.0 0.00114806680358015
653.0 0.0010666284651961178
654.0 0.001136976970883552
655.0 0.0012073256584699266
656.0 0.0011730482583516277
657.0 0.001138770858233329
658.0 0.0010581964488665108
659.0 0.0009776223123481032
660.0 0.0009159317414741963
661.0 0.0008542412615497597
662.0 0.0010331931662221905
663.0 0.0012121452527935617
664.0 0.0011918693417101167
665.0 0.0011715932487277314
666.0 0.0010967517482640687
667.0 0.0010219098840025254
668.0 0.001035897366818972
669.0 0.0010498849405848887
670.0 0.0011212946446903516
671.0 0.001192704166896874
672.0 0.0011998240552202333
673.0 0.0012069437616446521
674.0 0.0010567625395196956
675.0 0.0009065810445463285
676.0 0.0008759110642131418
677.0 0.0008452408110315446
678.0 0.000944275325309718
679.0 0.0010433100214868318
680.0 0.0010625652976159472
681.0 0.001081820755644003
682.0 0.001080067340808455
683.0 0.0010783138350234367
684.0 0.0009590502486389596
685.0 0.0008397865713050123
686.0 0.0009444995157537051
687.0 0.0010492123692529276
688.0 0.0011045905921491794
689.0 0.001159968724095961
690.0 0.0010979967555613257
691.0 0.0010360246960772201
692.0 0.0010771273082355037
693.0 0.0011182299203937873
694.0 0.0011918728887394536
695.0 0.0012655156751861796
696.0 0.0012017798326269258
697.0 0.0011380438081687316
698.0 0.0011857230674650054
699.0 0.0012334024177107494
700.0 0.001187832276627887
701.0 0.0011422621355450246
702.0 0.0011498951607791241
703.0 0.0011575280950637534
704.0 0.001110748871724354
705.0 0.0010639694664860144
706.0 0.0010940097126876935
707.0 0.0011240499588893726
708.0 0.0011333994734741282
709.0 0.0011427488971094135
710.0 0.0011902657206519507
711.0 0.001237782635143958
712.0 0.0012458987839636393
713.0 0.0012540150237327907
714.0 0.0012115948266000487
715.0 0.0011691749023157172
716.0 0.0013991792911838274
717.0 0.0016291840438498184
718.0 0.0018537866708356887
719.0 0.002078389297821559
720.0 0.0018250617358717136
721.0 0.0015717339920229279
722.0 0.0017077865777537227
723.0 0.0018438395272823982
724.0 0.00192626775969984
725.0 0.002008695992117282
726.0 0.002013216908380855
727.0 0.0020177378246444277
728.0 0.002040314211626537
729.0 0.0020628905986086465
730.0 0.0020563888028846122
731.0 0.0020498871890595183
732.0 0.0018406919480185024
733.0 0.0016314965250785463
734.0 0.0013985250916448422
735.0 0.0011655534763121977
736.0 0.0011652974535536487
737.0 0.0011650415217445698
738.0 0.0011212472600163892
739.0 0.0010774530892376788
740.0 0.0009376997695653699
741.0 0.0007979461770446505
742.0 0.0007681116585445125
743.0 0.0007382771400443744
744.0 0.0008127975888783112
745.0 0.0008873183105606586
746.0 0.0009198188308801036
747.0 0.000952319533098489
748.0 0.0010296529580955394
749.0 0.00110698656499153
750.0 0.0010563700016064104
751.0 0.0010057535291707609
752.0 0.000953991366259288
753.0 0.0009022292033478152
754.0 0.0009417895853403024
755.0 0.0009813500582822599
756.0 0.0009676115041656885
757.0 0.0009538731319480576
758.0 0.0009013230737764388
759.0 0.0008487730156048201
760.0 0.0007220492534543155
761.0 0.0005953254003543407
762.0 0.0006977024440857349
763.0 0.0008000793059181888
764.0 0.0007942417141748592
765.0 0.0007884042133809999
766.0 0.0007107090368663194
767.0 0.0006330136784526985
768.0 0.0006306794603005983
769.0 0.0006283450602495577
770.0 0.00058284144870413
771.0 0.0005373377462092321
772.0 0.0006664328338956693
773.0 0.0007955278306326363
774.0 0.000863460900291102
775.0 0.0009313939699495677
776.0 0.0009179727385344449
777.0 0.0009045513252203818
778.0 0.0008744192200538237
779.0 0.0008442872058367357
780.0 0.0007337510851357365
781.0 0.0006232150099094724
782.0 0.0006218185717443703
783.0 0.0006204219062055927
784.0 0.0006057052360119997
785.0 0.0005909885203436716
786.0 0.0005813119059894234
787.0 0.0005716354735341156
788.0 0.00037321578929550014
789.0 0.00017479613916293602
790.0 0.00022465580968855647
791.0 0.0002745154915828607
792.0 0.00029624973194586346
793.0 0.0003179840177836013
794.0 0.0002951383521576645
795.0 0.0002722927092690952
796.0 0.0003587253786463407
797.0 0.00044515804802358616
798.0 0.00043949621613137424
799.0 0.00043383433876442723
800.0 0.00045807132664776873
801.0 0.0004823083600058453
802.0 0.00038442426557594445
803.0 0.00028654030757024884
804.0 0.00029644759251823416
805.0 0.0003063548774662195
806.0 0.0002783528543659486
807.0 0.0002503507403162075
808.0 0.0003365703150848276
809.0 0.0004227898898534477
810.0 0.0003622222948251874
811.0 0.0003016546770595596
812.0 0.0003286844730610028
813.0 0.0003557142463250784
814.0 0.0004226663804729469
815.0 0.0004896186055702856
816.0 0.0005222553227213211
817.0 0.0005548920853470918
818.0 0.0005044269528298173
819.0 0.00045396172936307266
820.0 0.0005298680662235711
821.0 0.0006057742666598642
822.0 0.0005577040610660333
823.0 0.0005096338099974673
824.0 0.0005187409897189355
825.0 0.0005278481694404036
826.0 0.0005789780516352039
827.0 0.0006301078883552691
828.0 0.0005443601821752964
829.0 0.00045861243052058853
830.0 0.00047935195652826224
831.0 0.0005000914825359359
832.0 0.0006410929017874878
833.0 0.0007820942300895695
834.0 0.0005482714186655357
835.0 0.0003144486527162371
836.0 0.0005122115453559672
837.0 0.0007099744834704325
838.0 0.0006285302788455738
839.0 0.0005470860742207151
840.0 0.0006151046818558825
841.0 0.0006831231985415798
842.0 0.0004786991667060647
843.0 0.0002742750439210795
844.0 0.0003055570914511918
845.0 0.0003368392754055094
846.0 0.0005072712610854069
847.0 0.0006777033831895096
848.0 0.0005526796030608239
849.0 0.000427655777457403
850.0 0.00037263487229211023
851.0 0.00031761396712681744
852.0 0.0003749846200662432
853.0 0.00043235509110672865
854.0 0.0005040063570049824
855.0 0.0005756575774285011
856.0 0.0005397574113885639
857.0 0.0005038572453486267
858.0 0.0005169632913748501
859.0 0.0005300692464516032
860.0 0.0004864519269176526
861.0 0.00044283460738370195
862.0 0.0005103599050926277
863.0 0.0005778851573268184
864.0 0.000516405134476372
865.0 0.00045492511162592564
866.0 0.0005695600520994049
867.0 0.0006841949925728841
868.0 0.0007358911261690082
869.0 0.0007875873052398674
870.0 0.000665364086671616
871.0 0.0005431407771538943
872.0 0.0004283331236365484
873.0 0.00031352533369499724
874.0 0.0004031970547657693
875.0 0.0004928687303618062
876.0 0.0005793906893813983
877.0 0.0006659126938757254
878.0 0.0006356663561746245
879.0 0.0006054199729987886
880.0 0.0006893880254210671
881.0 0.0007733562597422861
882.0 0.0006072342785046203
883.0 0.0004411124336911598
884.0 0.0005437025720311794
885.0 0.0006462928013206692
886.0 0.000719608715371578
887.0 0.0007929248567961622
888.0 0.000724874553270638
889.0 0.0006568242497451138
890.0 0.0006333308647299418
891.0 0.000609837525189505
892.0 0.0006180095169838751
893.0 0.0006261816452024505
894.0 0.0005941397375863744
895.0 0.0005620978299702983
896.0 0.00046114173528621905
897.0 0.00036018564060213976
898.0 0.0003875246420648182
899.0 0.0004148635980527615
900.0 0.0003392740836716257
901.0 0.00026368454655312235
902.0 0.0004823556992050726
903.0 0.0007010268291196553
904.0 0.0004828415512747597
905.0 0.000264656227955129
906.0 0.00038183929973456543
