ts8/qe_curve/rtm-016_s02/19700101T000000.ecsv
# %ECSV 0.9
# ---
# datatype:
# - {name: amp_name, datatype: string}
# - {name: wavelength, unit: nm, datatype: float32}
# - {name: efficiency, unit: '%', datatype: float32}
# meta: !!omap
# - {MODE: AMP}
# - {TYPE: QE}
# - {CALIBDATE: '1970-01-01T00:00:00'}
# - {INSTRUME: TS8}
# - {OBSTYPE: qe_curve}
# - {DETECTOR: 128}
# - {PICKLEFILE: RaftRun12027.p}
# - {CALIB_ID: 'raftName=RTM-016 detectorName=S02 detector=128 calibDate=1970-01-01T00:00:00 ccd=128 ccdnum=128 filter=None'}
# - {DATE: '2020-01-23T13:26:18.518671'}
# - {CALIB_CREATION_DATE: '2020-01-23'}
# - {CALIB_CREATION_TIME: '13:26:18'}
# - __serialized_columns__:
#     efficiency:
#       __class__: astropy.units.quantity.Quantity
#       unit: !astropy.units.Unit {unit: '%'}
#       value: !astropy.table.SerializedColumn {name: efficiency}
#     wavelength:
#       __class__: astropy.units.quantity.Quantity
#       unit: !astropy.units.Unit {unit: nm}
#       value: !astropy.table.SerializedColumn {name: wavelength}
# schema: astropy-2.0
amp_name wavelength efficiency
C12 319.994 45.440628
C12 324.969 51.3887
C12 349.982 77.18781
C12 374.975 82.29953
C12 400.019 86.92042
C12 424.965 88.20021
C12 450.035 89.84072
C12 475.003 90.99506
C12 500.018 93.23923
C12 525.002 95.21901
C12 550.029 95.86679
C12 575.023 97.64843
C12 599.982 98.281815
C12 619.997 98.3105
C12 624.979 98.35427
C12 650.012 99.07502
C12 675.004 98.811584
C12 700.03 99.04399
C12 725.012 98.80644
C12 750.022 99.531
C12 774.987 99.45268
C12 799.976 98.7331
C12 824.988 96.88133
C12 850.022 94.93858
C12 869.967 92.05731
C12 875.002 90.659195
C12 899.999 82.84458
C12 919.999 74.1396
C12 925.012 71.64119
C12 949.965 57.86004
C12 975.002 42.60331
C12 999.976 25.4972
C12 1025.028 11.029106
C12 1050.014 3.9358273
C12 1075.002 2.2064602
C12 1099.99 1.7657818
C10 319.994 45.56589
C10 324.969 51.5376
C10 349.982 77.35057
C10 374.975 82.28271
C10 400.019 86.77332
C10 424.965 88.00927
C10 450.035 89.63969
C10 475.003 90.78483
C10 500.018 93.0195
C10 525.002 94.99491
C10 550.029 95.637634
C10 575.023 97.410416
C10 599.982 98.03524
C10 619.997 98.060356
C10 624.979 98.10049
C10 650.012 98.81514
C10 675.004 98.54018
C10 700.03 98.75274
C10 725.012 98.454735
C10 750.022 99.09754
C10 774.987 98.93255
C10 799.976 98.18616
C10 824.988 96.40231
C10 850.022 94.5028
C10 869.967 91.60899
C10 875.002 90.229
C10 899.999 82.617195
C10 919.999 74.022736
C10 925.012 71.526474
C10 949.965 57.618675
C10 975.002 42.27972
C10 999.976 25.384792
C10 1025.028 11.134529
C10 1050.014 4.060575
C10 1075.002 2.229
C10 1099.99 1.7604234
C01 319.994 44.09129
C01 324.969 49.857746
C01 349.982 74.83447
C01 374.975 80.3236
C01 400.019 86.06704
C01 424.965 87.88933
C01 450.035 89.81859
C01 475.003 91.14434
C01 500.018 93.50674
C01 525.002 95.56679
C01 550.029 96.27414
C01 575.023 98.0976
C01 599.982 98.76101
C01 619.997 98.80783
C01 624.979 98.85066
C01 650.012 99.59833
C01 675.004 99.31704
C01 700.03 99.42589
C01 725.012 98.82911
C01 750.022 99.10392
C01 774.987 98.61387
C01 799.976 97.738014
C01 824.988 95.97595
C01 850.022 94.00021
C01 869.967 91.11986
C01 875.002 89.78296
C01 899.999 82.412994
C01 919.999 73.92959
C01 925.012 71.489746
C01 949.965 57.299862
C01 975.002 41.985695
C01 999.976 25.249786
C01 1025.028 10.936051
C01 1050.014 3.9311597
C01 1075.002 2.1907406
C01 1099.99 1.7537178
C16 319.994 44.624626
C16 324.969 50.469414
C16 349.982 76.03698
C16 374.975 81.513535
C16 400.019 86.55883
C16 424.965 88.01504
C16 450.035 89.74269
C16 475.003 90.94115
C16 500.018 93.216415
C16 525.002 95.229965
C16 550.029 95.907585
C16 575.023 97.70974
C16 599.982 98.36754
C16 619.997 98.41452
C16 624.979 98.45989
C16 650.012 99.20523
C16 675.004 98.94553
C16 700.03 99.15649
C16 725.012 98.83282
C16 750.022 99.44601
C16 774.987 99.26573
C16 799.976 98.489716
C16 824.988 96.65949
C16 850.022 94.63385
C16 869.967 91.639465
C16 875.002 90.30744
C16 899.999 82.95742
C16 919.999 73.86347
C16 925.012 71.32239
C16 949.965 57.637722
C16 975.002 42.686382
C16 999.976 25.675295
C16 1025.028 11.106385
C16 1050.014 3.9242883
C16 1075.002 2.1841688
C16 1099.99 1.7589675
C11 319.994 45.529068
C11 324.969 51.49236
C11 349.982 77.2941
C11 374.975 82.30962
C11 400.019 86.85419
C11 424.965 88.10781
C11 450.035 89.74562
C11 475.003 90.893555
C11 500.018 93.131195
C11 525.002 95.11037
C11 550.029 95.75402
C11 575.023 97.53151
C11 599.982 98.1569
C11 619.997 98.183174
C11 624.979 98.22305
C11 650.012 98.944466
C11 675.004 98.6764
C11 700.03 98.90041
C11 725.012 98.65324
C11 750.022 99.35505
C11 774.987 99.25587
C11 799.976 98.52894
C11 824.988 96.705025
C11 850.022 94.795494
C11 869.967 91.87073
C11 875.002 90.468376
C11 899.999 82.75324
C11 919.999 74.21424
C11 925.012 71.67676
C11 949.965 57.75302
C11 975.002 42.408615
C11 999.976 25.359558
C11 1025.028 11.021101
C11 1050.014 4.000284
C11 1075.002 2.230982
C11 1099.99 1.763027
C02 319.994 44.28881
C02 324.969 50.080803
C02 349.982 75.14077
C02 374.975 80.5427
C02 400.019 86.12032
C02 424.965 87.864395
C02 450.035 89.75291
C02 475.003 91.05021
C02 500.018 93.39353
C02 525.002 95.44272
C02 550.029 96.1344
C02 575.023 97.950264
C02 599.982 98.60793
C02 619.997 98.646576
C02 624.979 98.68967
C02 650.012 99.430916
C02 675.004 99.150635
C02 700.03 99.26536
C02 725.012 98.70892
C02 750.022 99.031654
C02 774.987 98.58669
C02 799.976 97.734085
C02 824.988 95.96543
C02 850.022 94.02408
C02 869.967 91.12802
C02 875.002 89.76799
C02 899.999 82.30688
C02 919.999 73.889046
C02 925.012 71.47726
C02 949.965 57.23766
C02 975.002 41.88183
C02 999.976 25.19517
C02 1025.028 10.940901
C02 1050.014 3.9344532
C02 1075.002 2.1924908
C02 1099.99 1.7521621
C14 319.994 45.087276
C14 324.969 50.986595
C14 349.982 76.69207
C14 374.975 82.01092
C14 400.019 86.82136
C14 424.965 88.17891
C14 450.035 89.85421
C14 475.003 91.023415
C14 500.018 93.283714
C14 525.002 95.275055
C14 550.029 95.93218
C14 575.023 97.72895
C14 599.982 98.37088
C14 619.997 98.40933
C14 624.979 98.45236
C14 650.012 99.18865
C14 675.004 98.92667
C14 700.03 99.1504
C14 725.012 98.87814
C14 750.022 99.56404
C14 774.987 99.45223
C14 799.976 98.70718
C14 824.988 96.86031
C14 850.022 94.873886
C14 869.967 91.94824
C14 875.002 90.60928
C14 899.999 82.976
C14 919.999 73.99139
C14 925.012 71.482994
C14 949.965 57.837887
C14 975.002 42.772827
C14 999.976 25.662264
C14 1025.028 11.088235
C14 1050.014 3.913347
C14 1075.002 2.1852624
C14 1099.99 1.7633358
C06 319.994 45.009594
C06 324.969 50.89718
C06 349.982 76.21787
C06 374.975 81.31674
C06 400.019 86.44135
C06 424.965 87.98344
C06 450.035 89.77339
C06 475.003 91.011475
C06 500.018 93.31044
C06 525.002 95.32428
C06 550.029 95.99138
C06 575.023 97.78092
C06 599.982 98.41533
C06 619.997 98.4419
C06 624.979 98.484085
C06 650.012 99.20449
C06 675.004 98.92125
C06 700.03 99.062325
C06 725.012 98.59521
C06 750.022 99.04122
C06 774.987 98.71594
C06 799.976 97.92505
C06 824.988 96.21256
C06 850.022 94.32965
C06 869.967 91.356384
C06 875.002 89.94632
C06 899.999 82.60921
C06 919.999 73.733765
C06 925.012 71.28122
C06 949.965 57.08375
C06 975.002 41.626728
C06 999.976 25.376284
C06 1025.028 11.182362
C06 1050.014 4.0753584
C06 1075.002 2.2149258
C06 1099.99 1.7499682
C15 319.994 44.94926
C15 324.969 50.83306
C15 349.982 76.52204
C15 374.975 81.92171
C15 400.019 86.86099
C15 424.965 88.26679
C15 450.035 89.971886
C15 475.003 91.15848
C15 500.018 93.428024
C15 525.002 95.43175
C15 550.029 96.105865
C15 575.023 97.90774
C15 599.982 98.555435
C15 619.997 98.59787
C15 624.979 98.645164
C15 650.012 99.38871
C15 675.004 99.12623
C15 700.03 99.34132
C15 725.012 99.04696
C15 750.022 99.693886
C15 774.987 99.54909
C15 799.976 98.787506
C15 824.988 96.95152
C15 850.022 94.9368
C15 869.967 91.9544
C15 875.002 90.623116
C15 899.999 83.19619
C15 919.999 74.08051
C15 925.012 71.52278
C15 949.965 57.850815
C15 975.002 42.858273
C15 999.976 25.766008
C15 1025.028 11.141298
C15 1050.014 3.9277017
C15 1075.002 2.1881192
C15 1099.99 1.7638305
C17 319.994 44.280205
C17 324.969 50.085655
C17 349.982 75.6056
C17 374.975 81.2029
C17 400.019 86.30915
C17 424.965 87.783104
C17 450.035 89.513054
C17 475.003 90.71926
C17 500.018 93.0019
C17 525.002 95.023994
C17 550.029 95.70959
C17 575.023 97.52519
C17 599.982 98.193924
C17 619.997 98.25072
C17 624.979 98.29603
C17 650.012 99.05057
C17 675.004 98.7989
C17 700.03 99.00424
C17 725.012 98.66235
C17 750.022 99.24459
C17 774.987 99.039154
C17 799.976 98.250725
C17 824.988 96.422874
C17 850.022 94.39672
C17 869.967 91.37283
C17 875.002 90.021835
C17 899.999 82.821205
C17 919.999 73.67889
C17 925.012 71.11789
C17 949.965 57.428204
C17 975.002 42.50591
C17 999.976 25.608229
C17 1025.028 11.124341
C17 1050.014 3.9449742
C17 1075.002 2.1815162
C17 1099.99 1.7508513
C00 319.994 43.844803
C00 324.969 49.581577
C00 349.982 74.500046
C00 374.975 80.09557
C00 400.019 85.96364
C00 424.965 87.83235
C00 450.035 89.78814
C00 475.003 91.12964
C00 500.018 93.50635
C00 525.002 95.58265
C00 550.029 96.298386
C00 575.023 98.13112
C00 599.982 98.804276
C00 619.997 98.85377
C00 624.979 98.90216
C00 650.012 99.653984
C00 675.004 99.37426
C00 700.03 99.47398
C00 725.012 98.84858
C00 750.022 99.08078
C00 774.987 98.545265
C00 799.976 97.65269
C00 824.988 95.900986
C00 850.022 93.91098
C00 869.967 91.01767
C00 875.002 89.70261
C00 899.999 82.45142
C00 919.999 73.82601
C00 925.012 71.402435
C00 949.965 57.245483
C00 975.002 41.93353
C00 999.976 25.301744
C00 1025.028 10.982428
C00 1050.014 3.9470534
C00 1075.002 2.1892202
C00 1099.99 1.7511256
C05 319.994 44.966694
C05 324.969 50.84668
C05 349.982 76.15643
C05 374.975 81.32619
C05 400.019 86.5261
C05 424.965 88.09842
C05 450.035 89.905045
C05 475.003 91.15268
C05 500.018 93.46315
C05 525.002 95.48523
C05 550.029 96.15614
C05 575.023 97.94745
C05 599.982 98.587494
C05 619.997 98.61644
C05 624.979 98.660416
C05 650.012 99.388405
C05 675.004 99.09976
C05 700.03 99.24737
C05 725.012 98.78434
C05 750.022 99.23738
C05 774.987 98.91723
C05 799.976 98.12102
C05 824.988 96.38104
C05 850.022 94.497246
C05 869.967 91.48288
C05 875.002 90.12681
C05 899.999 82.60465
C05 919.999 74.01053
C05 925.012 71.67299
C05 949.965 57.13353
C05 975.002 41.867928
C05 999.976 25.36897
C05 1025.028 11.099641
C05 1050.014 4.0440793
C05 1075.002 2.2159493
C05 1099.99 1.748301
C04 319.994 44.55346
C04 324.969 50.379433
C04 349.982 75.52052
C04 374.975 80.77567
C04 400.019 86.12247
C04 424.965 87.7665
C04 450.035 89.60539
C04 475.003 90.86906
C04 500.018 93.18976
C04 525.002 95.21901
C04 550.029 95.89789
C04 575.023 97.69965
C04 599.982 98.34511
C04 619.997 98.38141
C04 624.979 98.420616
C04 650.012 99.155876
C04 675.004 98.875496
C04 700.03 99.012276
C04 725.012 98.52935
C04 750.022 98.951706
C04 774.987 98.60128
C04 799.976 97.793686
C04 824.988 96.03933
C04 850.022 94.13155
C04 869.967 91.23016
C04 875.002 89.81918
C04 899.999 82.321014
C04 919.999 73.94659
C04 925.012 71.3686
C04 949.965 57.075886
C04 975.002 41.910343
C04 999.976 25.182655
C04 1025.028 11.011974
C04 1050.014 3.981947
C04 1075.002 2.202117
C04 1099.99 1.7476046
C07 319.994 45.18669
C07 324.969 51.100155
C07 349.982 76.5565
C07 374.975 81.64288
C07 400.019 86.69063
C07 424.965 88.19471
C07 450.035 89.96817
C07 475.003 91.19987
C07 500.018 93.49865
C07 525.002 95.51372
C07 550.029 96.17942
C07 575.023 97.96767
C07 599.982 98.602875
C07 619.997 98.63045
C07 624.979 98.66972
C07 650.012 99.39178
C07 675.004 99.10214
C07 700.03 99.22646
C07 725.012 98.71512
C07 750.022 99.09872
C07 774.987 98.71012
C07 799.976 97.89749
C07 824.988 96.19873
C07 850.022 94.30621
C07 869.967 91.328606
C07 875.002 90.02157
C07 899.999 82.55123
C07 919.999 73.83382
C07 925.012 71.40117
C07 949.965 56.88224
C07 975.002 42.061394
C07 999.976 25.444534
C07 1025.028 11.228081
C07 1050.014 4.0999403
C07 1075.002 2.2249317
C07 1099.99 1.7583393
C13 319.994 45.302834
C13 324.969 51.23376
C13 349.982 77.01323
C13 374.975 82.23861
C13 400.019 86.96024
C13 424.965 88.27995
C13 450.035 89.93928
C13 475.003 91.09998
C13 500.018 93.35007
C13 525.002 95.336426
C13 550.029 95.993774
C13 575.023 97.78168
C13 599.982 98.41971
C13 619.997 98.454094
C13 624.979 98.49699
C13 650.012 99.22939
C13 675.004 98.96322
C13 700.03 99.19338
C13 725.012 98.94574
C13 750.022 99.65788
C13 774.987 99.57219
C13 799.976 98.83991
C13 824.988 96.98871
C13 850.022 95.01514
C13 869.967 92.10399
C13 875.002 90.745476
C13 899.999 83.01387
C13 919.999 74.08908
C13 925.012 71.56298
C13 949.965 57.882793
C13 975.002 42.75477
C13 999.976 25.642065
C13 1025.028 11.077533
C13 1050.014 3.9210768
C13 1075.002 2.1915245
C13 1099.99 1.7663739
C03 319.994 44.5052
C03 324.969 50.32564
C03 349.982 75.46898
C03 374.975 80.812485
C03 400.019 86.24999
C03 424.965 87.93066
C03 450.035 89.78766
C03 475.003 91.06462
C03 500.018 93.3965
C03 525.002 95.43496
C03 550.029 96.11949
C03 575.023 97.927765
C03 599.982 98.577614
C03 619.997 98.61436
C03 624.979 98.65722
C03 650.012 99.39076
C03 675.004 99.11028
C03 700.03 99.23911
C03 725.012 98.71323
C03 750.022 99.08894
C03 774.987 98.69496
C03 799.976 97.86172
C03 824.988 96.09707
C03 850.022 94.161385
C03 869.967 91.25528
C03 875.002 89.88917
C03 899.999 82.39484
C03 919.999 73.92259
C03 925.012 71.47694
C03 949.965 57.248016
C03 975.002 41.93005
C03 999.976 25.238192
C03 1025.028 10.982061
C03 1050.014 3.9461014
C03 1075.002 2.1968184
C03 1099.99 1.7545935
