lsstcam/transmission_sensor/r42_s00/19700101T000000.ecsv
# %ECSV 0.9
# ---
# datatype:
# - {name: amp_name, datatype: string}
# - {name: wavelength, unit: nm, datatype: float32}
# - {name: efficiency, unit: '%', datatype: float32}
# meta: !!omap
# - {MODE: AMP}
# - {TYPE: transmission_sensor}
# - {CALIBDATE: '1970-01-01T00:00:00'}
# - {INSTRUME: LSSTCAM}
# - {OBSTYPE: transmission_sensor}
# - {DETECTOR: 171}
# - {CALIBCLS: lsst.ip.isr.IntermediateSensorTransmissionCurve}
# - {PICKLEFILE: RaftRun12120.p}
# - {CALIB_ID: 'raftName=R42 detectorName=S00 detector=171 calibDate=1970-01-01T00:00:00 ccd=171 ccdnum=171 filter=None'}
# - {DATE: '2020-07-23T19:16:33.051599'}
# - {CALIB_CREATION_DATE: '2020-07-23'}
# - {CALIB_CREATION_TIME: '19:16:33'}
# - __serialized_columns__:
#     efficiency:
#       __class__: astropy.units.quantity.Quantity
#       unit: !astropy.units.Unit {unit: '%'}
#       value: !astropy.table.SerializedColumn {name: efficiency}
#     wavelength:
#       __class__: astropy.units.quantity.Quantity
#       unit: !astropy.units.Unit {unit: nm}
#       value: !astropy.table.SerializedColumn {name: wavelength}
# schema: astropy-2.0
amp_name wavelength efficiency
C13 319.994 52.995316
C13 324.969 55.359406
C13 349.982 66.11582
C13 374.975 76.77657
C13 400.019 84.59019
C13 424.965 85.11677
C13 450.035 84.40346
C13 475.003 85.66026
C13 500.018 85.07808
C13 525.002 85.75234
C13 550.029 87.69104
C13 575.023 89.953606
C13 599.982 90.92278
C13 619.997 92.25971
C13 624.979 92.55008
C13 650.012 93.422134
C13 675.004 94.65012
C13 700.03 96.12956
C13 725.012 96.71919
C13 750.022 97.55937
C13 774.987 98.82529
C13 799.976 98.36014
C13 824.988 98.407715
C13 850.022 97.463295
C13 869.967 95.824196
C13 875.002 94.9411
C13 899.999 89.88017
C13 919.999 82.87704
C13 925.012 80.19033
C13 949.965 69.00875
C13 975.002 54.02703
C13 999.976 37.228054
C13 1025.028 20.776909
C13 1050.014 9.7565
C13 1075.002 5.8660526
C13 1099.99 3.87391
C10 319.994 53.410664
C10 324.969 55.782223
C10 349.982 65.89077
C10 374.975 75.399376
C10 400.019 83.04548
C10 424.965 83.94988
C10 450.035 83.5823
C10 475.003 85.048325
C10 500.018 84.58669
C10 525.002 85.30738
C10 550.029 87.25312
C10 575.023 89.503685
C10 599.982 90.45359
C10 619.997 91.785385
C10 624.979 92.07301
C10 650.012 92.944275
C10 675.004 94.1821
C10 700.03 95.65434
C10 725.012 96.18758
C10 750.022 96.95016
C10 774.987 98.13525
C10 799.976 97.654274
C10 824.988 97.73128
C10 850.022 96.79519
C10 869.967 95.146965
C10 875.002 94.26867
C10 899.999 89.33084
C10 919.999 82.60251
C10 925.012 79.95853
C10 949.965 68.63501
C10 975.002 53.683487
C10 999.976 37.055733
C10 1025.028 20.670721
C10 1050.014 9.658275
C10 1075.002 5.796382
C10 1099.99 3.7780526
C07 319.994 51.31494
C07 324.969 53.56735
C07 349.982 64.096
C07 374.975 75.456
C07 400.019 83.980995
C07 424.965 84.86224
C07 450.035 84.167534
C07 475.003 85.33755
C07 500.018 84.65682
C07 525.002 85.244415
C07 550.029 87.11598
C07 575.023 89.35459
C07 599.982 90.308044
C07 619.997 91.63601
C07 624.979 91.929726
C07 650.012 92.80869
C07 675.004 94.093834
C07 700.03 95.68128
C07 725.012 96.51142
C07 750.022 97.623856
C07 774.987 99.17464
C07 799.976 98.83243
C07 824.988 98.870125
C07 850.022 97.99084
C07 869.967 96.33803
C07 875.002 95.40949
C07 899.999 90.1859
C07 919.999 83.15158
C07 925.012 80.48674
C07 949.965 69.59601
C07 975.002 54.1545
C07 999.976 37.454983
C07 1025.028 21.121622
C07 1050.014 9.811879
C07 1075.002 5.8395886
C07 1099.99 3.89565
C15 319.994 52.548176
C15 324.969 54.883293
C15 349.982 65.75659
C15 374.975 76.96623
C15 400.019 84.99553
C15 424.965 85.454605
C15 450.035 84.60508
C15 475.003 85.723595
C15 500.018 85.03077
C15 525.002 85.64758
C15 550.029 87.56376
C15 575.023 89.8365
C15 599.982 90.82389
C15 619.997 92.17278
C15 624.979 92.46896
C15 650.012 93.353745
C15 675.004 94.59632
C15 700.03 96.07346
C15 725.012 96.63135
C15 750.022 97.43248
C15 774.987 98.65311
C15 799.976 98.1862
C15 824.988 98.25472
C15 850.022 97.32209
C15 869.967 95.69722
C15 875.002 94.819534
C15 899.999 89.77413
C15 919.999 82.84646
C15 925.012 80.1689
C15 949.965 68.96797
C15 975.002 53.89355
C15 999.976 37.133812
C15 1025.028 20.758396
C15 1050.014 9.760806
C15 1075.002 5.8829036
C15 1099.99 3.9325912
C17 319.994 51.7225
C17 324.969 53.995705
C17 349.982 64.85714
C17 374.975 76.61911
C17 400.019 85.062195
C17 424.965 85.64384
C17 450.035 84.79393
C17 475.003 85.935036
C17 500.018 85.24747
C17 525.002 85.82782
C17 550.029 87.71468
C17 575.023 89.92766
C17 599.982 90.855644
C17 619.997 92.178696
C17 624.979 92.466545
C17 650.012 93.34933
C17 675.004 94.60085
C17 700.03 96.082924
C17 725.012 96.62517
C17 750.022 97.39237
C17 774.987 98.586945
C17 799.976 98.111984
C17 824.988 98.209816
C17 850.022 97.2922
C17 869.967 95.692245
C17 875.002 94.820366
C17 899.999 89.794716
C17 919.999 82.85282
C17 925.012 80.1698
C17 949.965 68.992424
C17 975.002 53.8946
C17 999.976 37.20709
C17 1025.028 20.828745
C17 1050.014 9.770194
C17 1075.002 5.885696
C17 1099.99 3.9490137
C01 319.994 53.163513
C01 324.969 55.542805
C01 349.982 65.8013
C01 374.975 75.43372
C01 400.019 83.12454
C01 424.965 84.0508
C01 450.035 83.66765
C01 475.003 85.13532
C01 500.018 84.66765
C01 525.002 85.39713
C01 550.029 87.31878
C01 575.023 89.56138
C01 599.982 90.4885
C01 619.997 91.80095
C01 624.979 92.08469
C01 650.012 92.920265
C01 675.004 94.16393
C01 700.03 95.703804
C01 725.012 96.47491
C01 750.022 97.53764
C01 774.987 99.01635
C01 799.976 98.63067
C01 824.988 98.63905
C01 850.022 97.747154
C01 869.967 96.06352
C01 875.002 95.11382
C01 899.999 89.93908
C01 919.999 83.07457
C01 925.012 80.4449
C01 949.965 69.619415
C01 975.002 54.13542
C01 999.976 37.466984
C01 1025.028 21.287367
C01 1050.014 9.921101
C01 1075.002 5.85356
C01 1099.99 3.8957539
C12 319.994 53.24032
C12 324.969 55.622707
C12 349.982 66.283585
C12 374.975 76.57824
C12 400.019 84.30859
C12 424.965 84.93848
C12 450.035 84.3593
C12 475.003 85.725845
C12 500.018 85.20761
C12 525.002 85.91066
C12 550.029 87.8643
C12 575.023 90.11306
C12 599.982 91.06015
C12 619.997 92.38434
C12 624.979 92.66682
C12 650.012 93.53279
C12 675.004 94.74609
C12 700.03 96.21801
C12 725.012 96.80658
C12 750.022 97.6518
C12 774.987 98.91704
C12 799.976 98.44976
C12 824.988 98.494064
C12 850.022 97.54198
C12 869.967 95.89332
C12 875.002 95.01282
C12 899.999 89.92324
C12 919.999 82.93082
C12 925.012 80.23843
C12 949.965 69.04169
C12 975.002 54.057514
C12 999.976 37.28389
C12 1025.028 20.805645
C12 1050.014 9.734595
C12 1075.002 5.8577714
C12 1099.99 3.8472004
C06 319.994 51.964962
C06 324.969 54.265423
C06 349.982 64.96203
C06 374.975 76.23092
C06 400.019 84.47932
C06 424.965 85.20681
C06 450.035 84.47555
C06 475.003 85.626274
C06 500.018 84.92455
C06 525.002 85.512634
C06 550.029 87.36589
C06 575.023 89.604225
C06 599.982 90.556046
C06 619.997 91.89053
C06 624.979 92.17952
C06 650.012 93.04761
C06 675.004 94.32877
C06 700.03 95.90493
C06 725.012 96.72885
C06 750.022 97.84461
C06 774.987 99.39337
C06 799.976 99.04687
C06 824.988 99.07906
C06 850.022 98.20632
C06 869.967 96.491875
C06 875.002 95.532074
C06 899.999 90.268364
C06 919.999 83.33886
C06 925.012 80.692215
C06 949.965 69.94976
C06 975.002 54.48573
C06 999.976 37.570644
C06 1025.028 21.291151
C06 1050.014 9.883525
C06 1075.002 5.8595138
C06 1099.99 3.9335122
C11 319.994 53.5473
C11 324.969 55.948135
C11 349.982 66.40525
C11 374.975 76.138145
C11 400.019 83.709625
C11 424.965 84.444984
C11 450.035 83.95263
C11 475.003 85.34451
C11 500.018 84.858444
C11 525.002 85.59835
C11 550.029 87.58755
C11 575.023 89.89036
C11 599.982 90.88504
C11 619.997 92.23416
C11 624.979 92.52653
C11 650.012 93.40283
C11 675.004 94.62696
C11 700.03 96.09692
C11 725.012 96.662766
C11 750.022 97.474884
C11 774.987 98.71291
C11 799.976 98.22931
C11 824.988 98.26613
C11 850.022 97.31059
C11 869.967 95.66284
C11 875.002 94.77848
C11 899.999 89.714134
C11 919.999 82.78498
C11 925.012 80.10126
C11 949.965 68.83192
C11 975.002 53.879547
C11 999.976 37.18135
C11 1025.028 20.746607
C11 1050.014 9.683997
C11 1075.002 5.826676
C11 1099.99 3.8113258
C05 319.994 52.23969
C05 324.969 54.552155
C05 349.982 65.20429
C05 374.975 76.23699
C05 400.019 84.36267
C05 424.965 85.07159
C05 450.035 84.38395
C05 475.003 85.59658
C05 500.018 84.93679
C05 525.002 85.551476
C05 550.029 87.41895
C05 575.023 89.6543
C05 599.982 90.59079
C05 619.997 91.91426
C05 624.979 92.20153
C05 650.012 93.059235
C05 675.004 94.3259
C05 700.03 95.89664
C05 725.012 96.722084
C05 750.022 97.842735
C05 774.987 99.39605
C05 799.976 99.04715
C05 824.988 99.0719
C05 850.022 98.192764
C05 869.967 96.46439
C05 875.002 95.491554
C05 899.999 90.19598
C05 919.999 83.3028
C05 925.012 80.65863
C05 949.965 69.980705
C05 975.002 54.5272
C05 999.976 37.59572
C05 1025.028 21.320364
C05 1050.014 9.920485
C05 1075.002 5.83574
C05 1099.99 3.925231
C00 319.994 53.06223
C00 324.969 55.431965
C00 349.982 65.576416
C00 374.975 75.19076
C00 400.019 82.85003
C00 424.965 83.74634
C00 450.035 83.353424
C00 475.003 84.81224
C00 500.018 84.33902
C00 525.002 85.0501
C00 550.029 86.957726
C00 575.023 89.17762
C00 599.982 90.09892
C00 619.997 91.40697
C00 624.979 91.690575
C00 650.012 92.54281
C00 675.004 93.80185
C00 700.03 95.339005
C00 725.012 96.073715
C00 750.022 97.083916
C00 774.987 98.501686
C00 799.976 98.116264
C00 824.988 98.17211
C00 850.022 97.29886
C00 869.967 95.6106
C00 875.002 94.66066
C00 899.999 89.51667
C00 919.999 82.83263
C00 925.012 80.25649
C00 949.965 69.62962
C00 975.002 54.18667
C00 999.976 37.388885
C00 1025.028 21.19197
C00 1050.014 9.907877
C00 1075.002 5.849802
C00 1099.99 3.8833995
C04 319.994 52.512966
C04 324.969 54.845646
C04 349.982 65.460175
C04 374.975 76.22874
C04 400.019 84.2272
C04 424.965 84.935196
C04 450.035 84.28969
C04 475.003 85.556335
C04 500.018 84.94167
C04 525.002 85.5827
C04 550.029 87.462326
C04 575.023 89.6934
C04 599.982 90.623436
C04 619.997 91.93838
C04 624.979 92.22304
C04 650.012 93.06996
C04 675.004 94.326256
C04 700.03 95.89225
C04 725.012 96.718735
C04 750.022 97.837616
C04 774.987 99.39436
C04 799.976 99.04273
C04 824.988 99.055504
C04 850.022 98.161125
C04 869.967 96.4272
C04 875.002 95.452736
C04 899.999 90.154305
C04 919.999 83.24674
C04 925.012 80.60717
C04 949.965 69.860535
C04 975.002 54.37254
C04 999.976 37.569782
C04 1025.028 21.329704
C04 1050.014 9.933072
C04 1075.002 5.8171015
C04 1099.99 3.9060564
C02 319.994 52.907394
C02 324.969 55.267544
C02 349.982 65.68893
C02 374.975 75.77449
C02 400.019 83.54481
C02 424.965 84.33807
C02 450.035 83.82338
C02 475.003 85.20455
C02 500.018 84.68552
C02 525.002 85.39317
C02 550.029 87.30338
C02 575.023 89.55118
C02 599.982 90.48859
C02 619.997 91.80215
C02 624.979 92.08746
C02 650.012 92.92777
C02 675.004 94.17347
C02 700.03 95.72323
C02 725.012 96.527855
C02 750.022 97.62848
C02 774.987 99.156425
C02 799.976 98.784096
C02 824.988 98.786736
C02 850.022 97.889206
C02 869.967 96.18475
C02 875.002 95.22488
C02 899.999 89.98997
C02 919.999 83.0634
C02 925.012 80.42551
C02 949.965 69.60617
C02 975.002 54.115456
C02 999.976 37.462776
C02 1025.028 21.298815
C02 1050.014 9.919849
C02 1075.002 5.8339815
C02 1099.99 3.8934777
C03 319.994 52.72833
C03 324.969 55.07646
C03 349.982 65.613525
C03 374.975 76.07932
C03 400.019 83.97046
C03 424.965 84.7064
C03 450.035 84.111496
C03 475.003 85.42705
C03 500.018 84.85813
C03 525.002 85.527794
C03 550.029 87.425934
C03 575.023 89.66871
C03 599.982 90.60054
C03 619.997 91.91803
C03 624.979 92.20015
C03 650.012 93.047
C03 675.004 94.29439
C03 700.03 95.855385
C03 725.012 96.678444
C03 750.022 97.795334
C03 774.987 99.34907
C03 799.976 98.98377
C03 824.988 98.98565
C03 850.022 98.08413
C03 869.967 96.352356
C03 875.002 95.384476
C03 899.999 90.0936
C03 919.999 83.15636
C03 925.012 80.51711
C03 949.965 69.72154
C03 975.002 54.204956
C03 999.976 37.50417
C03 1025.028 21.308826
C03 1050.014 9.919212
C03 1075.002 5.8132067
C03 1099.99 3.892097
C14 319.994 52.768253
C14 324.969 55.118736
C14 349.982 65.93396
C14 374.975 76.8708
C14 400.019 84.78065
C14 424.965 85.25639
C14 450.035 84.46148
C14 475.003 85.63587
C14 500.018 84.99434
C14 525.002 85.63895
C14 550.029 87.56937
C14 575.023 89.84736
C14 599.982 90.83209
C14 619.997 92.181206
C14 624.979 92.47331
C14 650.012 93.35228
C14 675.004 94.588554
C14 700.03 96.06787
C14 725.012 96.64606
C14 750.022 97.46801
C14 774.987 98.715805
C14 799.976 98.24857
C14 824.988 98.30015
C14 850.022 97.352806
C14 869.967 95.720085
C14 875.002 94.83118
C14 899.999 89.77726
C14 919.999 82.79449
C14 925.012 80.12181
C14 949.965 68.94018
C14 975.002 53.90551
C14 999.976 37.111294
C14 1025.028 20.725569
C14 1050.014 9.746546
C14 1075.002 5.8560257
C14 1099.99 3.8928242
C16 319.994 52.307663
C16 324.969 54.628933
C16 349.982 65.56112
C16 374.975 77.05918
C16 400.019 85.23879
C16 424.965 85.7161
C16 450.035 84.83249
C16 475.003 85.91366
C16 500.018 85.186584
C16 525.002 85.771736
C16 550.029 87.66382
C16 575.023 89.91979
C16 599.982 90.894714
C16 619.997 92.23767
C16 624.979 92.534996
C16 650.012 93.420044
C16 675.004 94.6674
C16 700.03 96.145676
C16 725.012 96.68793
C16 750.022 97.46647
C16 774.987 98.665276
C16 799.976 98.194214
C16 824.988 98.27399
C16 850.022 97.35263
C16 869.967 95.74549
C16 875.002 94.87557
C16 899.999 89.85012
C16 919.999 82.90328
C16 925.012 80.20182
C16 949.965 68.95323
C16 975.002 53.887093
C16 999.976 37.184967
C16 1025.028 20.7878
C16 1050.014 9.774198
C16 1075.002 5.9167953
C16 1099.99 3.970201
