lsstCam/transmission_sensor/r42_s00/19700101T000000.ecsv
# %ECSV 1.0
# ---
# datatype:
# - {name: amp_name, datatype: string}
# - {name: wavelength, unit: nm, datatype: float32}
# - {name: efficiency, unit: '%', datatype: float64}
# meta: !!omap
# - {MODE: AMP}
# - {TYPE: transmission_sensor}
# - {CALIBDATE: '1970-01-01T00:00:00'}
# - {INSTRUME: LSSTCam}
# - {OBSTYPE: transmission_sensor}
# - {DETECTOR: 171}
# - {PARQUETFILE: qe_raft_allvalues_nircorrected_20230725_adjust.parquet}
# - {CORRFILE: qe_corr_factor_bydetnum.parquet}
# - {CALIBCLS: lsst.ip.isr.IntermediateSensorTransmissionCurve}
# - {CALIB_ID: 'raftName=R42 detectorName=S00 detector=171 calibDate=1970-01-01T00:00:00 ccd=171 ccdnum=171 filter=None'}
# - {DATE: '2025-03-03T21:56:48.349438'}
# - {CALIB_CREATION_DATE: '2025-03-03'}
# - {CALIB_CREATION_TIME: '21:56:48'}
# - __serialized_columns__:
#     efficiency:
#       __class__: astropy.units.quantity.Quantity
#       unit: !astropy.units.Unit {unit: '%'}
#       value: !astropy.table.SerializedColumn {name: efficiency}
#     wavelength:
#       __class__: astropy.units.quantity.Quantity
#       unit: !astropy.units.Unit {unit: nm}
#       value: !astropy.table.SerializedColumn {name: wavelength}
# schema: astropy-2.0
amp_name wavelength efficiency
C00 319.994 53.37680138469098
C00 324.969 55.760585759236434
C00 349.982 65.96517690319267
C00 374.975 75.63651595992474
C00 400.019 83.34119415080377
C00 424.965 84.24281669546156
C00 450.035 83.84757354082484
C00 475.003 85.31503846505952
C00 500.018 84.83901221438967
C00 525.002 85.55431022878979
C00 550.029 87.47324260573629
C00 575.023 89.70629735781446
C00 599.982 90.63306197188176
C00 619.997 91.948860969477
C00 624.979 92.23414978088108
C00 650.012 93.0914360206003
C00 675.004 94.35794090591921
C00 700.03 95.90420887310164
C00 725.012 96.64327519915048
C00 750.022 97.65946453628239
C00 774.987 99.08563998145016
C00 799.976 98.69793330793681
C00 824.988 98.75411155826575
C00 850.022 97.87568172842957
C00 869.967 96.17741782576013
C00 875.002 95.22184267183835
C00 899.999 90.04735766445631
C00 919.999 83.32368833263433
C00 925.012 80.73228234522699
C00 949.965 70.04241319093266
C00 975.002 54.50790670970545
C00 999.976 37.61054043429596
C00 1025.028 21.31760454975489
C00 1050.014 9.966614473087041
C00 1075.002 0.9303869792059287
C00 1099.99 0.0923121413478599
C01 319.994 53.47868586040709
C01 324.969 55.872082701965795
C01 349.982 66.1913941308834
C01 374.975 75.8809220473531
C01 400.019 83.6173348099685
C01 424.965 84.54908025524665
C01 450.035 84.16366061979315
C01 475.003 85.64003578291197
C01 500.018 85.16958898415321
C01 525.002 85.90339819251416
C01 550.029 87.8364365290378
C01 575.023 90.09233096321692
C01 599.982 91.02495131567233
C01 619.997 92.34517857152437
C01 624.979 92.63059785154262
C01 650.012 93.47113038627985
C01 675.004 94.72217090350956
C01 700.03 96.27117103696483
C01 725.012 97.04684532121983
C01 750.022 98.11588212170763
C01 774.987 99.60335479165371
C01 799.976 99.21538718091206
C01 824.988 99.22382159308576
C01 850.022 98.32663498130916
C01 869.967 96.63302190100302
C01 875.002 95.67769233506081
C01 899.999 90.47227091687606
C01 919.999 83.5670660203982
C01 925.012 80.92180719384356
C01 949.965 70.03214454353648
C01 975.002 54.45635625786672
C01 999.976 37.689101726576325
C01 1025.028 21.41356613411972
C01 1050.014 9.979916515762266
C01 1075.002 0.934734767603108
C01 1099.99 0.09274352491839691
C02 319.994 53.22104872057885
C02 324.969 55.5951899296136
C02 349.982 66.07835458865729
C02 374.975 76.22370914447637
C02 400.019 84.04009149294255
C02 424.965 84.8380605609688
C02 450.035 84.3203150522678
C02 475.003 85.70967532437164
C02 500.018 85.18756295440872
C02 525.002 85.89941506247035
C02 550.029 87.82094913707553
C02 575.023 90.08206999044509
C02 599.982 91.0250357365403
C02 619.997 92.34638348754919
C02 624.979 92.63339141481033
C02 650.012 93.47868221665193
C02 675.004 94.73176418396191
C02 700.03 96.29071063059017
C02 725.012 97.10010721429127
C02 750.022 98.20725619936015
C02 774.987 99.7442608949378
C02 799.976 99.36972387682943
C02 824.988 99.37237929685864
C02 850.022 98.46952881230295
C02 869.967 96.75497168211325
C02 875.002 95.78940416727231
C02 899.999 90.52346066136978
C02 919.999 83.55583037033242
C02 925.012 80.90229829871568
C02 949.965 70.01882139564425
C02 975.002 54.436271765911684
C02 999.976 37.68486917124075
C02 1025.028 21.425081907974718
C02 1050.014 9.978657877366919
C02 1075.002 0.9356049227561971
C02 1099.99 0.09282986091329128
C03 319.994 53.040921449493396
C03 324.969 55.40297512515819
C03 349.982 66.00250627608885
C03 374.975 76.5303487608552
C03 400.019 84.46826646071608
C03 424.965 85.20856840128718
C03 450.035 84.61013956666976
C03 475.003 85.93349039463709
C03 500.018 85.36120133059622
C03 525.002 86.03483380933568
C03 550.029 87.94422662820038
C03 575.023 90.20029757873982
C03 599.982 91.1376531744265
C03 619.997 92.46295335698176
C03 624.979 92.74674561663528
C03 650.012 93.598613571555
C03 675.004 94.85339930547332
C03 700.03 96.42365047378662
C03 725.012 97.25158894994601
C03 750.022 98.37510023415442
C03 774.987 99.9380451600752
C03 799.976 99.5705841456285
C03 824.988 99.57247210322151
C03 850.022 98.66560779012457
C03 869.967 96.923567830095
C03 875.002 95.94994963429843
C03 899.999 90.62770508407716
C03 919.999 83.64933799355754
C03 925.012 80.99444751342874
C03 949.965 70.13487706524457
C03 975.002 54.526302784300874
C03 999.976 37.72650784571612
C03 1025.028 21.435152933793592
C03 1050.014 9.978017046232702
C03 1075.002 0.9372037958974578
C03 1099.99 0.0929884996375126
C04 319.994 52.8242821530063
C04 324.969 55.170790877026114
C04 349.982 65.84824632641511
C04 374.975 76.68064860435823
C04 400.019 84.726532919742
C04 424.965 85.43872271127555
C04 450.035 84.78938809326577
C04 475.003 86.06354457907347
C04 500.018 85.44523846735878
C04 525.002 86.09006808086812
C04 550.029 87.98083458640653
C04 575.023 90.22513266317486
C04 599.982 91.1606847221365
C04 619.997 92.48342158015488
C04 624.979 92.76976948972091
C04 650.012 93.62171419088425
C04 675.004 94.88545621143288
C04 700.03 96.46073425870323
C04 725.012 97.2921186412011
C04 750.022 98.41763300236794
C04 774.987 99.98360940491168
C04 799.976 99.62989364269708
C04 824.988 99.64274096387886
C04 850.022 98.74306009918465
C04 869.967 96.99885589508501
C04 875.002 96.01861449846416
C04 899.999 90.68877207012463
C04 919.999 83.7402592683727
C04 925.012 81.08503877939634
C04 949.965 70.27469337186926
C04 975.002 54.69487974572171
C04 999.976 37.79250961522827
C04 1025.028 21.456154543359872
C04 1050.014 9.991958960714099
C04 1075.002 0.9376089832624539
C04 1099.99 0.09302870195562953
C05 319.994 52.5493847829882
C05 324.969 54.87555958976122
C05 349.982 65.59084709994208
C05 374.975 76.68895254791778
C05 400.019 84.8628035499115
C05 424.965 85.57592197099284
C05 450.035 84.88420807725677
C05 475.003 86.10402822258237
C05 500.018 85.44032670776717
C05 525.002 86.05865584335496
C05 550.029 87.93720434690925
C05 575.023 90.18580021332023
C05 599.982 91.12784500449203
C05 619.997 92.45916209254699
C05 624.979 92.74813472364478
C05 650.012 93.61092366903145
C05 675.004 94.88509550408787
C05 700.03 96.4651471677113
C05 725.012 97.29548780129596
C05 750.022 98.42278267531476
C05 774.987 99.98530549689565
C05 799.976 99.63433725020262
C05 824.988 99.65923373163254
C05 850.022 98.77488676641336
C05 869.967 97.03626968884917
C05 875.002 96.05766298721738
C05 899.999 90.7306908683892
C05 919.999 83.79665240818377
C05 925.012 81.13680412071722
C05 949.965 70.3955763801932
C05 975.002 54.850455893473516
C05 999.976 37.81859950074647
C05 1025.028 21.446758884484844
C05 1050.014 9.979296789845044
C05 1075.002 0.9376580439499479
C05 1099.99 0.09303356971197155
C06 319.994 52.27302923434134
C06 324.969 54.58712801968094
C06 349.982 65.34714707795501
C06 374.975 76.68284354692572
C06 400.019 84.98014088178024
C06 424.965 85.71194701318275
C06 450.035 84.97634961734548
C06 475.003 86.13389786059881
C06 500.018 85.42801661029073
C06 525.002 86.01958433072863
C06 550.029 87.8838273344724
C06 575.023 90.13543165363323
C06 599.982 91.09289476514803
C06 619.997 92.43529401078155
C06 624.979 92.72599343236075
C06 650.012 93.59922754150395
C06 675.004 94.8879888374723
C06 700.03 96.47348948439266
C06 725.012 97.30229519310494
C06 750.022 98.42467063290778
C06 774.987 99.98261170374464
C06 799.976 99.63405328910123
C06 824.988 99.66644020390835
C06 850.022 98.78852457390441
C06 869.967 97.06391368580066
C06 875.002 96.09842291720332
C06 899.999 90.8035077043347
C06 919.999 83.83292268291801
C06 925.012 81.17058781715821
C06 949.965 70.36444810378143
C06 975.002 54.80874047275453
C06 999.976 37.79337684778116
C06 1025.028 21.417372747803213
C06 1050.014 9.942118031451972
C06 1075.002 0.9376760717483735
C06 1099.99 0.09303535841356955
C07 319.994 51.61915507602152
C07 324.969 53.884915239817836
C07 349.982 64.47598511738953
C07 374.975 75.90333195048979
C07 400.019 84.47886511695982
C07 424.965 85.36533795312727
C07 450.035 84.66650968260774
C07 475.003 85.84345937624789
C07 500.018 85.1586986921837
C07 525.002 85.74977523666246
C07 550.029 87.63243733887472
C07 575.023 89.88431794451259
C07 599.982 90.84342342564082
C07 619.997 92.17926086744494
C07 624.979 92.47471855612851
C07 650.012 93.35889667961175
C07 675.004 94.65165645487264
C07 700.03 96.24851554584858
C07 725.012 97.08357607341578
C07 750.022 98.20260537699684
C07 774.987 99.76258022328959
C07 799.976 99.41834262216192
C07 824.988 99.45626294113396
C07 850.022 98.57176248342753
C07 869.967 96.90915488554339
C07 875.002 95.97511472758103
C07 899.999 90.72055268960716
C07 919.999 83.64453367870699
C07 925.012 80.96389483384411
C07 949.965 70.00859879599423
C07 975.002 54.475546656083594
C07 999.976 37.67702954245509
C07 1025.028 21.246838757170103
C07 1050.014 9.870047552725667
C07 1075.002 0.935560480069018
C07 1099.99 0.09282545135069803
C10 319.994 53.72730147929795
C10 324.969 56.11292008906589
C10 349.982 66.28139445077514
C10 374.975 75.84637088847593
C10 400.019 83.53780267770637
C10 424.965 84.44756799881209
C10 450.035 84.07780459705681
C10 475.003 85.55252204131347
C10 500.018 85.08815354504932
C10 525.002 85.81311391152103
C10 550.029 87.77038871177947
C10 575.023 90.0342954537924
C10 599.982 90.98983223459237
C10 619.997 92.32952233782615
C10 624.979 92.61885567626894
C10 650.012 93.49528242914667
C10 675.004 94.7404441841152
C10 700.03 96.22141644722679
C10 725.012 96.75781129312715
C10 750.022 97.52491302196994
C10 774.987 98.71702777334916
C10 799.976 98.23320410432765
C10 824.988 98.31066408801209
C10 850.022 97.36902605193147
C10 869.967 95.71103090328882
C10 875.002 94.82752814674943
C10 899.999 89.86042683887406
C10 919.999 83.09220631263136
C10 925.012 80.43254989077386
C10 949.965 69.0419031113721
C10 975.002 54.00174220916652
C10 999.976 37.27541261228584
C10 1025.028 20.79326462007094
C10 1050.014 9.715532421791888
C10 1075.002 0.9291072353755425
C10 1099.99 0.09218516634068546
C11 319.994 53.86474632699482
C11 324.969 56.27981630775147
C11 349.982 66.79892506999401
C11 374.975 76.58952011468529
C11 400.019 84.2058864030322
C11 424.965 84.94560507215179
C11 450.035 84.45033086358237
C11 475.003 85.8504663082903
C11 500.018 85.36151599019504
C11 525.002 86.10580873543434
C11 550.029 88.10679819605804
C11 575.023 90.4232607657011
C11 599.982 91.42383991688094
C11 619.997 92.78095909204053
C11 624.979 93.07505837221206
C11 650.012 93.95655805179298
C11 675.004 95.18794385603194
C11 700.03 96.66661373183496
C11 725.012 97.23581759688236
C11 750.022 98.05275066170681
C11 774.987 99.29811963153311
C11 799.976 98.81164821710675
C11 824.988 98.84868595427717
C11 850.022 97.88748530069813
C11 869.967 96.22996597876592
C11 875.002 95.34036189585883
C11 899.999 90.24599229219044
C11 919.999 83.2757603034944
C11 925.012 80.57612676333586
C11 949.965 69.2399774915278
C11 975.002 54.19896470601806
C11 999.976 37.40177530240416
C11 1025.028 20.869600271286355
C11 1050.014 9.741407417827961
C11 1075.002 0.9341354734446856
C11 1099.99 0.09268406350255845
C12 319.994 53.555946303858114
C12 324.969 55.95245904290775
C12 349.982 66.67653783529514
C12 374.975 77.03222314637586
C12 400.019 84.8084058124345
C12 424.965 85.44202279975114
C12 450.035 84.85941136594354
C12 475.003 86.23405938314568
C12 500.018 85.71275284874075
C12 525.002 86.41996948368781
C12 550.029 88.38519519478515
C12 575.023 90.64728305082431
C12 599.982 91.59998789523475
C12 619.997 92.93202639797973
C12 624.979 93.21617936497826
C12 650.012 94.08728760317321
C12 675.004 95.30778311544266
C12 700.03 96.78842536970669
C12 725.012 97.38048426610375
C12 750.022 98.2307175260344
C12 774.987 99.50345420633515
C12 799.976 99.03340648804321
C12 824.988 99.07797303171263
C12 850.022 98.12024130834517
C12 869.967 96.46180870611389
C12 875.002 95.57608798313392
C12 899.999 90.45633839670079
C12 919.999 83.4224607481717
C12 925.012 80.71410883473807
C12 949.965 69.45099128835763
C12 975.002 54.3779868311954
C12 999.976 37.5049222538278
C12 1025.028 20.92898843325466
C12 1050.014 9.792305526595936
C12 1075.002 0.9358306802149249
C12 1099.99 0.09285226036094714
C13 319.994 53.30949109172513
C13 324.969 55.6875962442428
C13 349.982 66.5077805202018
C13 374.975 77.23173268128724
C13 400.019 85.09166852300706
C13 424.965 85.62137109646388
C13 450.035 84.90383209175009
C13 475.003 86.16808831213098
C13 500.018 85.5824530763248
C13 525.002 86.26071335355448
C13 550.029 88.21090447552692
C13 575.023 90.48688340166106
C13 599.982 91.46180628359915
C13 619.997 92.80666140902845
C13 624.979 93.09874993761717
C13 650.012 93.97597485142853
C13 675.004 95.2112440155946
C13 700.03 96.69945344947944
C13 725.012 97.2925791186628
C13 750.022 98.13773945189025
C13 774.987 99.4111591737592
C13 799.976 98.94325267566423
C13 824.988 98.9911116331849
C13 850.022 98.04109290730112
C13 869.967 96.39227660939527
C13 875.002 95.50394651413227
C13 899.999 90.413015142178
C13 919.999 83.36836232104481
C13 925.012 80.66572800276079
C13 949.965 69.4178599349874
C13 975.002 54.34732286955752
C13 999.976 37.448755515435394
C13 1025.028 20.900081960595646
C13 1050.014 9.814340332466932
C13 1075.002 0.9349449115385973
C13 1099.99 0.09276437520662087
C14 319.994 53.081082758779104
C14 324.969 55.445500218747355
C14 349.982 66.32484049928773
C14 374.975 77.32651429215643
C14 400.019 85.28325784557698
C14 424.965 85.7618243969106
C14 450.035 84.96219761002217
C14 475.003 86.14355253804605
C14 500.018 85.49821639932881
C14 525.002 86.14664541166388
C14 550.029 88.08850956620368
C14 575.023 90.38000658279755
C14 599.982 91.3705780238095
C14 619.997 92.72768952434474
C14 624.979 93.02152786728796
C14 650.012 93.90570599077118
C14 675.004 95.14930979699425
C14 700.03 96.63739643688929
C14 725.012 97.21901016952984
C14 750.022 98.04583582515676
C14 774.987 99.30102831416626
C14 799.976 98.83102664362049
C14 824.988 98.88290710430678
C14 850.022 97.9299489972924
C14 869.967 96.28754868535309
C14 875.002 95.39337052632632
C14 899.999 90.30949213416062
C14 919.999 83.2853228854493
C14 925.012 80.59680220136676
C14 949.965 69.34888041122284
C14 975.002 54.225081452721525
C14 999.976 37.331303064201215
C14 1025.028 20.84843749460848
C14 1050.014 9.804326866330772
C14 1075.002 0.9340695099232034
C14 1099.99 0.09267751866255643
C15 319.994 52.85970054443637
C15 324.969 55.2086613109398
C15 349.982 66.14642083212279
C15 374.975 77.42251616829915
C15 400.019 85.49941364072927
C15 424.965 85.9612111378322
C15 450.035 85.10664938976144
C15 475.003 86.23179536895891
C15 500.018 85.53486273065678
C15 525.002 86.15533308644153
C15 550.029 88.0828687172977
C15 575.023 90.3690855923306
C15 599.982 91.36232780262048
C15 619.997 92.71921673904922
C15 624.979 93.01715333140169
C15 650.012 93.90717951864866
C15 675.004 95.15712256459463
C15 700.03 96.64302193654655
C15 725.012 97.20421349376014
C15 750.022 98.0100950995035
C15 774.987 99.23795825116035
C15 799.976 98.76828658946214
C15 824.988 98.83721239085617
C15 850.022 97.89905095961149
C15 869.967 96.26454783614054
C15 875.002 95.3816590495501
C15 899.999 90.30634553817225
C15 919.999 83.33760242660242
C15 925.012 80.64416998292828
C15 949.965 69.37683906777316
C15 975.002 54.213051479034284
C15 999.976 37.3539547180053
C15 1025.028 20.881459484581548
C15 1050.014 9.818671698591166
C15 1075.002 0.9337292095096915
C15 1099.99 0.09264375436815535
C16 319.994 52.61776184874035
C16 324.969 54.95279317202697
C16 349.982 65.94978928134711
C16 374.975 77.51601611689992
C16 400.019 85.74411903850775
C16 424.965 86.22425888783556
C16 450.035 85.33540691811594
C16 475.003 86.42298561106202
C16 500.018 85.69160158399941
C16 525.002 86.28022224868236
C16 550.029 88.18352141580372
C16 575.023 90.45286946648922
C16 599.982 91.43357134057179
C16 619.997 92.784489419247
C16 624.979 93.08357720525373
C16 650.012 93.97387200435338
C16 675.004 95.2286193651499
C16 700.03 96.71566225613172
C16 725.012 97.26112850802782
C16 750.022 98.04428555103566
C16 774.987 99.25019927701754
C16 799.976 98.77634494504211
C16 824.988 98.8565908173699
C16 850.022 97.92977248093209
C16 869.967 96.31310518447813
C16 875.002 95.43802916548809
C16 899.999 90.38278479681655
C16 919.999 83.39476302884968
C16 925.012 80.67728598704977
C16 949.965 69.36201169350602
C16 975.002 54.20655490951196
C16 999.976 37.40541307435169
C16 1025.028 20.911037486872225
C16 1050.014 9.832142583002353
C16 1075.002 0.9340551370236058
C16 1099.99 0.09267609259666246
C17 319.994 52.02912967212086
C17 324.969 54.31581086192765
C17 349.982 65.2416363422279
C17 374.975 77.07333610908243
C17 400.019 85.56647450840336
C17 424.965 86.15156484587985
C17 450.035 85.296619366591
C17 475.003 86.444489908524
C17 500.018 85.7528450864072
C17 525.002 86.33663841236654
C17 550.029 88.23468813642437
C17 575.023 90.46078200420632
C17 599.982 91.39426958921462
C17 619.997 92.72516457292967
C17 624.979 93.01472047547897
C17 650.012 93.90273591114314
C17 675.004 95.1616812914656
C17 700.03 96.65253847075527
C17 725.012 97.19799704802702
C17 750.022 97.9697495992331
C17 774.987 99.17140390869415
C17 799.976 98.69362784366979
C17 824.988 98.79203955186215
C17 850.022 97.86898178136164
C17 869.967 96.2595439810566
C17 875.002 95.38249558360555
C17 899.999 90.3270516747006
C17 919.999 83.34400306332022
C17 925.012 80.64507558860298
C17 949.965 69.40143623885298
C17 975.002 54.214106739884045
C17 999.976 37.427665647688954
C17 1025.028 20.952225277166335
C17 1050.014 9.828115323868458
C17 1075.002 0.9333451182993469
C17 1099.99 0.09260564519112228
