lsstCam/transmission_sensor/r42_s00/19700101T000000.ecsv
# %ECSV 1.0
# ---
# datatype:
# - {name: amp_name, datatype: string}
# - {name: wavelength, unit: nm, datatype: float32}
# - {name: efficiency, unit: '%', datatype: float64}
# meta: !!omap
# - {MODE: AMP}
# - {TYPE: transmission_sensor}
# - {CALIBDATE: '1970-01-01T00:00:00'}
# - {INSTRUME: LSSTCAM}
# - {OBSTYPE: transmission_sensor}
# - {DETECTOR: 171}
# - {PARQUETFILE: qe_raft_allvalues_nircorrected_20230725.parquet}
# - {CALIBCLS: lsst.ip.isr.IntermediateSensorTransmissionCurve}
# - {CALIB_ID: 'raftName=R42 detectorName=S00 detector=171 calibDate=1970-01-01T00:00:00 ccd=171 ccdnum=171 filter=None'}
# - {DATE: '2023-08-02T16:57:56.104287'}
# - {CALIB_CREATION_DATE: '2023-08-02'}
# - {CALIB_CREATION_TIME: '16:57:56'}
# - __serialized_columns__:
#     efficiency:
#       __class__: astropy.units.quantity.Quantity
#       unit: !astropy.units.Unit {unit: '%'}
#       value: !astropy.table.SerializedColumn {name: efficiency}
#     wavelength:
#       __class__: astropy.units.quantity.Quantity
#       unit: !astropy.units.Unit {unit: nm}
#       value: !astropy.table.SerializedColumn {name: wavelength}
# schema: astropy-2.0
amp_name wavelength efficiency
C00 319.994 53.06222915649414
C00 324.969 55.43196487426758
C00 349.982 65.576416015625
C00 374.975 75.19075775146484
C00 400.019 82.85002899169922
C00 424.965 83.746337890625
C00 450.035 83.35342407226562
C00 475.003 84.81224060058594
C00 500.018 84.33901977539062
C00 525.002 85.05010223388672
C00 550.029 86.95772552490234
C00 575.023 89.17761993408203
C00 599.982 90.09892272949219
C00 619.997 91.40696716308594
C00 624.979 91.6905746459961
C00 650.012 92.54280853271484
C00 675.004 93.80184936523438
C00 700.03 95.33900451660156
C00 725.012 96.07371520996094
C00 750.022 97.08391571044922
C00 774.987 98.5016860961914
C00 799.976 98.11626434326172
C00 824.988 98.17211151123047
C00 850.022 97.29885864257812
C00 869.967 95.61060333251953
C00 875.002 94.66065979003906
C00 899.999 89.51667022705078
C00 919.999 82.83262634277344
C00 925.012 80.2564926147461
C00 949.965 69.62962341308594
C00 975.002 54.186668395996094
C00 999.976 37.388885498046875
C00 1025.028 21.191970825195312
C00 1050.014 9.907876968383789
C00 1075.002 0.9249038124079633
C00 1099.99 0.09176810657544757
C01 319.994 53.16351318359375
C01 324.969 55.54280471801758
C01 349.982 65.80130004882812
C01 374.975 75.43372344970703
C01 400.019 83.12454223632812
C01 424.965 84.05079650878906
C01 450.035 83.66764831542969
C01 475.003 85.13532257080078
C01 500.018 84.66764831542969
C01 525.002 85.39713287353516
C01 550.029 87.31877899169922
C01 575.023 89.5613784790039
C01 599.982 90.4885025024414
C01 619.997 91.80094909667969
C01 624.979 92.08468627929688
C01 650.012 92.9202651977539
C01 675.004 94.16393280029297
C01 700.03 95.70380401611328
C01 725.012 96.47490692138672
C01 750.022 97.53764343261719
C01 774.987 99.01634979248047
C01 799.976 98.63066864013672
C01 824.988 98.63905334472656
C01 850.022 97.74715423583984
C01 869.967 96.06352233886719
C01 875.002 95.11382293701172
C01 899.999 89.93907928466797
C01 919.999 83.07456970214844
C01 925.012 80.44490051269531
C01 949.965 69.61941528320312
C01 975.002 54.13542175292969
C01 999.976 37.466983795166016
C01 1025.028 21.28736686706543
C01 1050.014 9.921100616455078
C01 1075.002 0.9292259774360319
C01 1099.99 0.09219694781884112
C02 319.994 52.90739440917969
C02 324.969 55.26754379272461
C02 349.982 65.68892669677734
C02 374.975 75.77449035644531
C02 400.019 83.54480743408203
C02 424.965 84.33807373046875
C02 450.035 83.82337951660156
C02 475.003 85.20455169677734
C02 500.018 84.68551635742188
C02 525.002 85.39317321777344
C02 550.029 87.30338287353516
C02 575.023 89.55117797851562
C02 599.982 90.48858642578125
C02 619.997 91.8021469116211
C02 624.979 92.08746337890625
C02 650.012 92.92777252197266
C02 675.004 94.17346954345703
C02 700.03 95.72322845458984
C02 725.012 96.5278549194336
C02 750.022 97.62847900390625
C02 774.987 99.15642547607422
C02 799.976 98.78409576416016
C02 824.988 98.78673553466797
C02 850.022 97.88920593261719
C02 869.967 96.18475341796875
C02 875.002 95.2248764038086
C02 899.999 89.9899673461914
C02 919.999 83.06340026855469
C02 925.012 80.42550659179688
C02 949.965 69.60617065429688
C02 975.002 54.115455627441406
C02 999.976 37.46277618408203
C02 1025.028 21.29881477355957
C02 1050.014 9.919849395751953
C02 1075.002 0.930091004394132
C02 1099.99 0.09228277499893987
C03 319.994 52.728328704833984
C03 324.969 55.07646179199219
C03 349.982 65.613525390625
C03 374.975 76.0793228149414
C03 400.019 83.970458984375
C03 424.965 84.7063980102539
C03 450.035 84.11149597167969
C03 475.003 85.42704772949219
C03 500.018 84.8581314086914
C03 525.002 85.52779388427734
C03 550.029 87.42593383789062
C03 575.023 89.66870880126953
C03 599.982 90.60054016113281
C03 619.997 91.91802978515625
C03 624.979 92.20014953613281
C03 650.012 93.0469970703125
C03 675.004 94.29438781738281
C03 700.03 95.85538482666016
C03 725.012 96.6784439086914
C03 750.022 97.79533386230469
C03 774.987 99.34906768798828
C03 799.976 98.98377227783203
C03 824.988 98.98564910888672
C03 850.022 98.0841293334961
C03 869.967 96.35235595703125
C03 875.002 95.38447570800781
C03 899.999 90.09359741210938
C03 919.999 83.15635681152344
C03 925.012 80.5171127319336
C03 949.965 69.72154235839844
C03 975.002 54.2049560546875
C03 999.976 37.50416946411133
C03 1025.028 21.308826446533203
C03 1050.014 9.919212341308594
C03 1075.002 0.9316804546948777
C03 1099.99 0.09244047879758188
C04 319.994 52.51296615600586
C04 324.969 54.845645904541016
C04 349.982 65.46017456054688
C04 374.975 76.2287368774414
C04 400.019 84.22720336914062
C04 424.965 84.93519592285156
C04 450.035 84.28968811035156
C04 475.003 85.55633544921875
C04 500.018 84.9416732788086
C04 525.002 85.58270263671875
C04 550.029 87.46232604980469
C04 575.023 89.69339752197266
C04 599.982 90.6234359741211
C04 619.997 91.9383773803711
C04 624.979 92.22303771972656
C04 650.012 93.06996154785156
C04 675.004 94.32625579833984
C04 700.03 95.89225006103516
C04 725.012 96.71873474121094
C04 750.022 97.83761596679688
C04 774.987 99.39436340332031
C04 799.976 99.04273223876953
C04 824.988 99.05550384521484
C04 850.022 98.16112518310547
C04 869.967 96.42720031738281
C04 875.002 95.4527359008789
C04 899.999 90.15430450439453
C04 919.999 83.24674224853516
C04 925.012 80.60717010498047
C04 949.965 69.86053466796875
C04 975.002 54.37253952026367
C04 999.976 37.56978225708008
C04 1025.028 21.32970428466797
C04 1050.014 9.933072090148926
C04 1075.002 0.9320832541181286
C04 1099.99 0.09248044418631261
C05 319.994 52.239688873291016
C05 324.969 54.552154541015625
C05 349.982 65.20429229736328
C05 374.975 76.23699188232422
C05 400.019 84.3626708984375
C05 424.965 85.07158660888672
C05 450.035 84.38394927978516
C05 475.003 85.5965805053711
C05 500.018 84.9367904663086
C05 525.002 85.55147552490234
C05 550.029 87.41895294189453
C05 575.023 89.654296875
C05 599.982 90.59078979492188
C05 619.997 91.91426086425781
C05 624.979 92.20153045654297
C05 650.012 93.05923461914062
C05 675.004 94.32589721679688
C05 700.03 95.89663696289062
C05 725.012 96.72208404541016
C05 750.022 97.84273529052734
C05 774.987 99.39604949951172
C05 799.976 99.04714965820312
C05 824.988 99.0718994140625
C05 850.022 98.19276428222656
C05 869.967 96.46439361572266
C05 875.002 95.4915542602539
C05 899.999 90.19597625732422
C05 919.999 83.30280303955078
C05 925.012 80.65863037109375
C05 949.965 69.98070526123047
C05 975.002 54.527198791503906
C05 999.976 37.59571838378906
C05 1025.028 21.320363998413086
C05 1050.014 9.92048454284668
C05 1075.002 0.9321320256700922
C05 1099.99 0.09248528325489294
C06 319.994 51.964962005615234
C06 324.969 54.26542282104492
C06 349.982 64.96202850341797
C06 374.975 76.23091888427734
C06 400.019 84.47931671142578
C06 424.965 85.2068099975586
C06 450.035 84.47554779052734
C06 475.003 85.62627410888672
C06 500.018 84.92455291748047
C06 525.002 85.51263427734375
C06 550.029 87.36589050292969
C06 575.023 89.6042251586914
C06 599.982 90.55604553222656
C06 619.997 91.89053344726562
C06 624.979 92.17951965332031
C06 650.012 93.047607421875
C06 675.004 94.32877349853516
C06 700.03 95.9049301147461
C06 725.012 96.72885131835938
C06 750.022 97.84461212158203
C06 774.987 99.39337158203125
C06 799.976 99.04686737060547
C06 824.988 99.07906341552734
C06 850.022 98.2063217163086
C06 869.967 96.49187469482422
C06 875.002 95.53207397460938
C06 899.999 90.26836395263672
C06 919.999 83.33885955810547
C06 925.012 80.69221496582031
C06 949.965 69.94976043701172
C06 975.002 54.4857292175293
C06 999.976 37.57064437866211
C06 1025.028 21.29115104675293
C06 1050.014 9.883524894714355
C06 1075.002 0.9321499472230222
C06 1099.99 0.09248706141491046
C07 319.994 51.31494140625
C07 324.969 53.56734848022461
C07 349.982 64.09600067138672
C07 374.975 75.45600128173828
C07 400.019 83.98099517822266
C07 424.965 84.86224365234375
C07 450.035 84.16753387451172
C07 475.003 85.3375473022461
C07 500.018 84.65682220458984
C07 525.002 85.24441528320312
C07 550.029 87.11598205566406
C07 575.023 89.3545913696289
C07 599.982 90.30804443359375
C07 619.997 91.6360092163086
C07 624.979 91.92972564697266
C07 650.012 92.8086929321289
C07 675.004 94.09383392333984
C07 700.03 95.68128204345703
C07 725.012 96.51142120361328
C07 750.022 97.62385559082031
C07 774.987 99.17463684082031
C07 799.976 98.83242797851562
C07 824.988 98.87012481689453
C07 850.022 97.99083709716797
C07 869.967 96.33802795410156
C07 875.002 95.40949249267578
C07 899.999 90.18589782714844
C07 919.999 83.15158081054688
C07 925.012 80.48674011230469
C07 949.965 69.59600830078125
C07 975.002 54.15449905395508
C07 999.976 37.45498275756836
C07 1025.028 21.12162208557129
C07 1050.014 9.81187915802002
C07 1075.002 0.9300468236266404
C07 1099.99 0.09227839142377739
C10 319.994 53.41066360473633
C10 324.969 55.782222747802734
C10 349.982 65.8907699584961
C10 374.975 75.39937591552734
C10 400.019 83.04547882080078
C10 424.965 83.94988250732422
C10 450.035 83.5822982788086
C10 475.003 85.04832458496094
C10 500.018 84.5866928100586
C10 525.002 85.30738067626953
C10 550.029 87.25312042236328
C10 575.023 89.5036849975586
C10 599.982 90.4535903930664
C10 619.997 91.78538513183594
C10 624.979 92.07301330566406
C10 650.012 92.94427490234375
C10 675.004 94.18209838867188
C10 700.03 95.65434265136719
C10 725.012 96.18757629394531
C10 750.022 96.95015716552734
C10 774.987 98.13524627685547
C10 799.976 97.6542739868164
C10 824.988 97.73127746582031
C10 850.022 96.7951889038086
C10 869.967 95.14696502685547
C10 875.002 94.26866912841797
C10 899.999 89.33084106445312
C10 919.999 82.60250854492188
C10 925.012 79.95852661132812
C10 949.965 68.635009765625
C10 975.002 53.68348693847656
C10 999.976 37.05573272705078
C10 1025.028 20.67072105407715
C10 1050.014 9.65827465057373
C10 1075.002 0.9236316106531193
C10 1099.99 0.09164187988607968
C11 319.994 53.547298431396484
C11 324.969 55.94813537597656
C11 349.982 66.4052505493164
C11 374.975 76.13814544677734
C11 400.019 83.70962524414062
C11 424.965 84.44498443603516
C11 450.035 83.95262908935547
C11 475.003 85.34451293945312
C11 500.018 84.85844421386719
C11 525.002 85.59835052490234
C11 550.029 87.5875473022461
C11 575.023 89.8903579711914
C11 599.982 90.88504028320312
C11 619.997 92.23416137695312
C11 624.979 92.52652740478516
C11 650.012 93.40283203125
C11 675.004 94.62696075439453
C11 700.03 96.09691619873047
C11 725.012 96.66276550292969
C11 750.022 97.47488403320312
C11 774.987 98.7129135131836
C11 799.976 98.22930908203125
C11 824.988 98.26612854003906
C11 850.022 97.31059265136719
C11 869.967 95.662841796875
C11 875.002 94.77848052978516
C11 899.999 89.7141342163086
C11 919.999 82.78498077392578
C11 925.012 80.10125732421875
C11 949.965 68.83191680908203
C11 975.002 53.879547119140625
C11 999.976 37.18135070800781
C11 1025.028 20.746606826782227
C11 1050.014 9.68399715423584
C11 1075.002 0.9286302151733744
C11 1099.99 0.09213783683445578
C12 319.994 53.240318298339844
C12 324.969 55.62270736694336
C12 349.982 66.28358459472656
C12 374.975 76.57823944091797
C12 400.019 84.30859375
C12 424.965 84.9384765625
C12 450.035 84.35929870605469
C12 475.003 85.72584533691406
C12 500.018 85.20761108398438
C12 525.002 85.91065979003906
C12 550.029 87.86430358886719
C12 575.023 90.1130599975586
C12 599.982 91.06015014648438
C12 619.997 92.38433837890625
C12 624.979 92.66681671142578
C12 650.012 93.53279113769531
C12 675.004 94.74609375
C12 700.03 96.21800994873047
C12 725.012 96.80657958984375
C12 750.022 97.65180206298828
C12 774.987 98.91703796386719
C12 799.976 98.44976043701172
C12 824.988 98.49406433105469
C12 850.022 97.54197692871094
C12 869.967 95.89331817626953
C12 875.002 95.0128173828125
C12 899.999 89.9232406616211
C12 919.999 82.93081665039062
C12 925.012 80.2384262084961
C12 949.965 69.04168701171875
C12 975.002 54.05751419067383
C12 999.976 37.28388977050781
C12 1025.028 20.805644989013672
C12 1050.014 9.73459529876709
C12 1075.002 0.9303154313679866
C12 1099.99 0.09230504243710891
C13 319.994 52.99531555175781
C13 324.969 55.359405517578125
C13 349.982 66.1158218383789
C13 374.975 76.77657318115234
C13 400.019 84.5901870727539
C13 424.965 85.11676788330078
C13 450.035 84.40345764160156
C13 475.003 85.66026306152344
C13 500.018 85.07807922363281
C13 525.002 85.7523422241211
C13 550.029 87.6910400390625
C13 575.023 89.95360565185547
C13 599.982 90.92278289794922
C13 619.997 92.25971221923828
C13 624.979 92.55007934570312
C13 650.012 93.42213439941406
C13 675.004 94.6501235961914
C13 700.03 96.12956237792969
C13 725.012 96.71919250488281
C13 750.022 97.55937194824219
C13 774.987 98.82528686523438
C13 799.976 98.36013793945312
C13 824.988 98.40771484375
C13 850.022 97.46329498291016
C13 869.967 95.8241958618164
C13 875.002 94.94110107421875
C13 899.999 89.88017272949219
C13 919.999 82.87703704833984
C13 925.012 80.1903305053711
C13 949.965 69.00875091552734
C13 975.002 54.02703094482422
C13 999.976 37.22805404663086
C13 1025.028 20.77690887451172
C13 1050.014 9.756500244140625
C13 1075.002 0.9294348829037914
C13 1099.99 0.09221767522743471
C14 319.994 52.768253326416016
C14 324.969 55.118736267089844
C14 349.982 65.9339599609375
C14 374.975 76.87079620361328
C14 400.019 84.78064727783203
C14 424.965 85.25639343261719
C14 450.035 84.46147918701172
C14 475.003 85.63587188720703
C14 500.018 84.99433898925781
C14 525.002 85.63894653320312
C14 550.029 87.56936645507812
C14 575.023 89.84735870361328
C14 599.982 90.83209228515625
C14 619.997 92.18120574951172
C14 624.979 92.47331237792969
C14 650.012 93.35227966308594
C14 675.004 94.58855438232422
C14 700.03 96.06787109375
C14 725.012 96.64605712890625
C14 750.022 97.46800994873047
C14 774.987 98.71580505371094
C14 799.976 98.24857330322266
C14 824.988 98.3001480102539
C14 850.022 97.3528060913086
C14 869.967 95.72008514404297
C14 875.002 94.8311767578125
C14 899.999 89.77725982666016
C14 919.999 82.79448699951172
C14 925.012 80.12181091308594
C14 949.965 68.94017791748047
C14 975.002 53.90550994873047
C14 999.976 37.11129379272461
C14 1025.028 20.725568771362305
C14 1050.014 9.746545791625977
C14 1075.002 0.9285646404030237
C14 1099.99 0.0921313305659839
C15 319.994 52.54817581176758
C15 324.969 54.88329315185547
C15 349.982 65.756591796875
C15 374.975 76.96623229980469
C15 400.019 84.99552917480469
C15 424.965 85.45460510253906
C15 450.035 84.6050796508789
C15 475.003 85.72359466552734
C15 500.018 85.03076934814453
C15 525.002 85.6475830078125
C15 550.029 87.56375885009766
C15 575.023 89.83650207519531
C15 599.982 90.82389068603516
C15 619.997 92.17278289794922
C15 624.979 92.46896362304688
C15 650.012 93.35374450683594
C15 675.004 94.59632110595703
C15 700.03 96.0734634399414
C15 725.012 96.63134765625
C15 750.022 97.43247985839844
C15 774.987 98.65310668945312
C15 799.976 98.18620300292969
C15 824.988 98.25472259521484
C15 850.022 97.32209014892578
C15 869.967 95.69721984863281
C15 875.002 94.81953430175781
C15 899.999 89.77413177490234
C15 919.999 82.8464584350586
C15 925.012 80.16889953613281
C15 949.965 68.96797180175781
C15 975.002 53.893550872802734
C15 999.976 37.133811950683594
C15 1025.028 20.75839614868164
C15 1050.014 9.7608060836792
C15 1075.002 0.928226345524811
C15 1099.99 0.09209776525895275
C16 319.994 52.30766296386719
C16 324.969 54.62893295288086
C16 349.982 65.56111907958984
C16 374.975 77.0591812133789
C16 400.019 85.2387924194336
C16 424.965 85.71610260009766
C16 450.035 84.83248901367188
C16 475.003 85.91365814208984
C16 500.018 85.18658447265625
C16 525.002 85.77173614501953
C16 550.029 87.663818359375
C16 575.023 89.91979217529297
C16 599.982 90.89471435546875
C16 619.997 92.2376708984375
C16 624.979 92.53499603271484
C16 650.012 93.4200439453125
C16 675.004 94.66739654541016
C16 700.03 96.14567565917969
C16 725.012 96.68792724609375
C16 750.022 97.46646881103516
C16 774.987 98.66527557373047
C16 799.976 98.1942138671875
C16 824.988 98.27398681640625
C16 850.022 97.35263061523438
C16 869.967 95.74549102783203
C16 875.002 94.87557220458984
C16 899.999 89.8501205444336
C16 919.999 82.90328216552734
C16 925.012 80.20182037353516
C16 949.965 68.95323181152344
C16 975.002 53.88709259033203
C16 999.976 37.184967041015625
C16 1025.028 20.787799835205078
C16 1050.014 9.774197578430176
C16 1075.002 0.9285503522090459
C16 1099.99 0.09212991290450372
C17 319.994 51.72249984741211
C17 324.969 53.995704650878906
C17 349.982 64.85713958740234
C17 374.975 76.61911010742188
C17 400.019 85.06219482421875
C17 424.965 85.64383697509766
C17 450.035 84.79393005371094
C17 475.003 85.9350357055664
C17 500.018 85.24746704101562
C17 525.002 85.82781982421875
C17 550.029 87.71468353271484
C17 575.023 89.92765808105469
C17 599.982 90.85564422607422
C17 619.997 92.17869567871094
C17 624.979 92.46654510498047
C17 650.012 93.34932708740234
C17 675.004 94.6008529663086
C17 700.03 96.08292388916016
C17 725.012 96.62516784667969
C17 750.022 97.39237213134766
C17 774.987 98.58694458007812
C17 799.976 98.11198425292969
C17 824.988 98.2098159790039
C17 850.022 97.29219818115234
C17 869.967 95.69224548339844
C17 875.002 94.82036590576172
C17 899.999 89.79471588134766
C17 919.999 82.85282135009766
C17 925.012 80.1697998046875
C17 949.965 68.99242401123047
C17 975.002 53.89459991455078
C17 999.976 37.207088470458984
C17 1025.028 20.828744888305664
C17 1050.014 9.770194053649902
C17 1075.002 0.9278445179275854
C17 1099.99 0.09205988067553382
