lsstCam/transmission_filter_detector/r33_s22/g_6/19700101T000000.ecsv
# %ECSV 1.0
# ---
# datatype:
# - {name: wavelength, unit: nm, datatype: float32}
# - {name: efficiency, unit: '%', datatype: float64}
# meta: !!omap
# - {MODE: DETECTOR}
# - {TYPE: transmission_filter_detector}
# - {CALIBDATE: '1970-01-01T00:00:00'}
# - {INSTRUME: LSSTCam}
# - {OBSTYPE: transmission_filter_detector}
# - {CALIBCLS: lsst.ip.isr.IntermediateFilterDetectorTransmissionCurve}
# - {SOURCE: Materion (DM-46256)}
# - {DETECTOR: 152}
# - {FILTER: g_6}
# - {CALIB_ID: 'calibDate=1970-01-01T00:00:00 filter=g_6 detector=152'}
# - {DATE: '2025-04-02T15:59:42.730874'}
# - {CALIB_CREATION_DATE: '2025-04-02'}
# - {CALIB_CREATION_TIME: '15:59:42'}
# - __serialized_columns__:
#     efficiency:
#       __class__: astropy.units.quantity.Quantity
#       unit: !astropy.units.Unit {unit: '%'}
#       value: !astropy.table.SerializedColumn {name: efficiency}
#     wavelength:
#       __class__: astropy.units.quantity.Quantity
#       unit: !astropy.units.Unit {unit: nm}
#       value: !astropy.table.SerializedColumn {name: wavelength}
# schema: astropy-2.0
wavelength efficiency
300.0 0.3527239663526416
301.0 0.3051274223253131
302.0 0.2575308782979846
303.0 0.24183213245123625
304.0 0.22613343317061663
305.0 0.22133036982268095
306.0 0.21652730647474527
307.0 0.210063555277884
308.0 0.20359980408102274
309.0 0.19787349738180637
310.0 0.19214716739952564
311.0 0.1935300067998469
312.0 0.19491282291710377
313.0 0.18938021967187524
314.0 0.1838476164266467
315.0 0.1809104112908244
316.0 0.17797320615500212
317.0 0.17405316466465592
318.0 0.17013312317430973
319.0 0.1595170353539288
320.0 0.14890095917508006
321.0 0.13906698441132903
322.0 0.12923299800604582
323.0 0.11553632793948054
324.0 0.10183964623138309
325.0 0.09119687601923943
326.0 0.08055409998632967
327.0 0.0743594893720001
328.0 0.06816488457843661
329.0 0.06407058681361377
330.0 0.05997628322802484
331.0 0.05448521696962416
332.0 0.04899415071122348
333.0 0.04710451758001
334.0 0.04521488444879651
335.0 0.04318946739658713
336.0 0.04116405616514385
337.0 0.040771602652966976
338.0 0.040379149140790105
339.0 0.03967366355936974
340.0 0.03896817215718329
341.0 0.03722704714164138
342.0 0.03548591921571642
343.0 0.032600812846794724
344.0 0.029715706477873027
345.0 0.026220444124192
346.0 0.022725187591277063
347.0 0.020802931976504624
348.0 0.01888067927211523
349.0 0.01750251103658229
350.0 0.8900546468794346
351.0 1.0802733711898327
352.0 0.6969857029616833
353.0 0.7884894497692585
354.0 0.5534732714295387
355.0 1.0174734517931938
356.0 0.6969388108700514
357.0 0.8361208252608776
358.0 0.5132982507348061
359.0 0.7558419834822416
360.0 0.5828167777508497
361.0 0.7898285984992981
362.0 0.6367085501551628
363.0 0.7606314029544592
364.0 0.5254966672509909
365.0 0.7430007215589285
366.0 0.5866806488484144
367.0 0.730982655659318
368.0 0.38374930154532194
369.0 0.6002177018672228
370.0 0.3992046695202589
371.0 0.5536672659218311
372.0 0.4110462963581085
373.0 0.5335038062185049
374.0 0.4033646546304226
375.0 0.6841361057013273
376.0 0.31994113232940435
377.0 0.5417658481746912
378.0 0.43658274225890636
379.0 0.5549199413508177
380.0 0.46173413284122944
381.0 0.46712206676602364
382.0 0.49274093471467495
383.0 0.6034072488546371
384.0 0.5054116249084473
385.0 0.5660193040966988
386.0 0.6416898686438799
387.0 0.6727364379912615
388.0 0.8735457435250282
389.0 1.19930449873209
390.0 1.7123354598879814
391.0 2.6413289830088615
392.0 4.172957688570023
393.0 6.564188003540039
394.0 9.954193979501724
395.0 14.523191750049591
396.0 20.225827395915985
397.0 27.377116680145264
398.0 35.813045501708984
399.0 45.003336668014526
400.0 54.3870747089386
401.0 63.418108224868774
402.0 71.87913656234741
403.0 79.00362610816956
404.0 84.28016304969788
405.0 88.25591206550598
406.0 90.48617482185364
407.0 92.2433853149414
408.0 93.35495233535767
409.0 93.89186501502991
410.0 94.0938949584961
411.0 94.01327967643738
412.0 93.68622899055481
413.0 93.40287446975708
414.0 93.15966963768005
415.0 93.37536096572876
416.0 93.66916418075562
417.0 94.01777386665344
418.0 94.53752040863037
419.0 95.09754180908203
420.0 95.56841850280762
421.0 96.22697830200195
422.0 96.40946984291077
423.0 96.64637446403503
424.0 96.37773036956787
425.0 96.28638029098511
426.0 96.24747037887573
427.0 96.37343883514404
428.0 96.11156582832336
429.0 95.98336815834045
430.0 95.82968354225159
431.0 95.88257074356079
432.0 95.95220685005188
433.0 95.98836898803711
434.0 96.05063199996948
435.0 96.18663787841797
436.0 96.2647020816803
437.0 96.28162384033203
438.0 96.37067317962646
439.0 96.39477133750916
440.0 96.39926552772522
441.0 96.53012752532959
442.0 96.50768041610718
443.0 96.51814699172974
444.0 96.44832611083984
445.0 96.16881608963013
446.0 96.00650072097778
447.0 95.81276774406433
448.0 95.83452343940735
449.0 95.97477912902832
450.0 96.24198079109192
451.0 96.39783501625061
452.0 96.5761661529541
453.0 96.7017650604248
454.0 96.81102633476257
455.0 97.04238772392273
456.0 97.20883965492249
457.0 97.31732606887817
458.0 97.33842611312866
459.0 97.3652184009552
460.0 97.3488450050354
461.0 97.47600555419922
462.0 97.41225838661194
463.0 97.39135503768921
464.0 97.44749069213867
465.0 97.34470248222351
466.0 97.37855195999146
467.0 97.36303687095642
468.0 97.37807512283325
469.0 97.41072654724121
470.0 97.2594678401947
471.0 97.14919924736023
472.0 97.18965291976929
473.0 97.11136221885681
474.0 97.0084547996521
475.0 97.07297682762146
476.0 97.05517292022705
477.0 97.10953831672668
478.0 97.23778963088989
479.0 97.22741842269897
480.0 97.38414883613586
481.0 97.46113419532776
482.0 97.64609336853027
483.0 97.59348630905151
484.0 97.73786664009094
485.0 97.72425889968872
486.0 97.78470396995544
487.0 97.81514406204224
488.0 97.79555797576904
489.0 97.9692816734314
490.0 97.88644313812256
491.0 97.9541003704071
492.0 97.89365530014038
493.0 97.8714108467102
494.0 97.88192510604858
495.0 97.89093732833862
496.0 97.72616624832153
497.0 97.63579964637756
498.0 97.47321009635925
499.0 97.52925634384155
500.0 97.43310809135437
501.0 97.40214943885803
502.0 97.32235670089722
503.0 97.49091863632202
504.0 97.29742407798767
505.0 97.3220944404602
506.0 97.35424518585205
507.0 97.33310341835022
508.0 97.29801416397095
509.0 97.30147123336792
510.0 97.23860621452332
511.0 97.19623923301697
512.0 97.165447473526
513.0 97.24255800247192
514.0 97.18599915504456
515.0 97.23864197731018
516.0 97.31467366218567
517.0 97.3362386226654
518.0 97.37591743469238
519.0 97.38100171089172
520.0 97.48356342315674
521.0 97.55215048789978
522.0 97.56088256835938
523.0 97.51954674720764
524.0 97.55638241767883
525.0 97.53210544586182
526.0 97.61136770248413
527.0 97.52660989761353
528.0 97.71312475204468
529.0 97.76736497879028
530.0 97.75235056877136
531.0 97.88838624954224
532.0 97.77499437332153
533.0 97.75733947753906
534.0 97.78531789779663
535.0 97.6203441619873
536.0 97.28301763534546
537.0 96.78614735603333
538.0 96.07149958610535
539.0 94.75211501121521
540.0 93.0923581123352
541.0 90.55212736129761
542.0 87.86326050758362
543.0 84.24761891365051
544.0 79.71857786178589
545.0 75.63411593437195
546.0 70.64598202705383
547.0 66.06399416923523
548.0 61.472201347351074
549.0 57.39656686782837
550.0 54.1873574256897
551.0 51.09054446220398
552.0 48.78159761428833
553.0 46.36033475399017
554.0 43.55282783508301
555.0 40.434300899505615
556.0 36.24342083930969
557.0 31.315559148788452
558.0 25.90337097644806
559.0 20.49497961997986
560.0 15.2947336435318
561.0 10.408192127943039
562.0 6.732741743326187
563.0 3.95730622112751
564.0 2.2010890766978264
565.0 1.0620396584272385
566.0 0.5700249224901199
567.0 0.2898684237152338
568.0 0.1775694894604385
569.0 0.10302894515916705
570.0 0.08476853254251182
571.0 0.055982935009524226
572.0 0.056110601872205734
573.0 0.0430350104579702
574.0 0.03921091265510768
575.0 0.032500928500667214
576.0 0.04253985243849456
577.0 0.031249801395460963
578.0 0.035395886516198516
579.0 0.024173804558813572
580.0 0.022611393069382757
581.0 0.0218019777094014
582.0 0.031520763877779245
583.0 0.026059511583298445
584.0 0.024618071620352566
585.0 0.01856126036727801
586.0 0.020634147222153842
587.0 0.0183961441507563
588.0 0.01808033703127876
589.0 0.013588715228252113
590.0 0.017862375534605235
591.0 0.0007667748832318466
592.0 0.011341918434482068
593.0 0.016291897918563336
594.0 0.013909346307627857
595.0 0.005657570727635175
596.0 0.014012143947184086
597.0 0.0048172561946557835
598.0 0.021558110893238336
599.0 0.012894126120954752
600.0 0.00903255568118766
601.0 0.002109720662701875
602.0 0.002072730603686068
603.0 0.002035740726569202
604.0 0.002026651236519683
605.0 0.002017561564571224
606.0 0.001961783527804073
607.0 0.001906005672935862
608.0 0.0018793292838381603
609.0 0.0018526527128415182
610.0 0.0019297687686048448
611.0 0.002006884642469231
612.0 0.00194063140952494
613.0 0.0018743785403785296
614.0 0.0018920440197689459
615.0 0.0019097096810583025
616.0 0.0017380534700350836
617.0 0.0015663972590118647
618.0 0.0015642965081497096
619.0 0.0015621959391864948
620.0 0.0014625331459683366
621.0 0.001362870170851238
622.0 0.0014753860341443215
623.0 0.0015879018974374048
624.0 0.001637308560020756
625.0 0.0016867152226041071
626.0 0.001513177812739741
627.0 0.001339640402875375
628.0 0.0014017962712387089
629.0 0.001463952321500983
630.0 0.0015058721146488097
631.0 0.0015477920896955766
632.0 0.001481250819779234
633.0 0.0014147096408123616
634.0 0.0013948902051197365
635.0 0.0013750707694271114
636.0 0.0013322272934601642
637.0 0.0012893837265437469
638.0 0.0012599784895428456
639.0 0.0012305733434914146
640.0 0.0013012444469495676
641.0 0.0013719158232561313
642.0 0.0012738685654767323
643.0 0.001175821580545744
644.0 0.0011928529602300841
645.0 0.001209884703712305
646.0 0.001203219380840892
647.0 0.0011965539670200087
648.0 0.0012146615517849568
649.0 0.0012327693184488453
650.0 0.0012179887562524527
651.0 0.0012032080121571198
652.0 0.0011795509635703638
653.0 0.001155894005933078
654.0 0.0011654906302283052
655.0 0.0011750871635740623
656.0 0.0011616632946243044
657.0 0.0011482393347250763
658.0 0.0010942379958578385
659.0 0.0010402364750916604
660.0 0.0010610553545120638
661.0 0.0010818737791851163
662.0 0.0010969256436510477
663.0 0.0011119775990664493
664.0 0.001168517701444216
665.0 0.0012250579857209232
666.0 0.001223330127686495
667.0 0.0012216022696520668
668.0 0.0012290724953345489
669.0 0.0012365424481686205
670.0 0.0012138771126046777
671.0 0.001191211867990205
672.0 0.0010692281648516655
673.0 0.0009472448255110066
674.0 0.0009935693924489897
675.0 0.0010398939593869727
676.0 0.0009917568604578264
677.0 0.0009436196705792099
678.0 0.0009850728019955568
679.0 0.0010265257515129633
680.0 0.0010399972779850941
681.0 0.0010534689863561653
682.0 0.0010545980330789462
683.0 0.0010557274435996078
684.0 0.0009729775229061488
685.0 0.00089022769316216
686.0 0.0009417148248758167
687.0 0.0009932021384884138
688.0 0.001051556955644628
689.0 0.0011099119546997827
690.0 0.0011112016181868967
691.0 0.001112491463572951
692.0 0.0010976296834996901
693.0 0.0010827679034264293
694.0 0.001069536756403977
695.0 0.0010563057912804652
696.0 0.0011142712537548505
697.0 0.0011722370800271165
698.0 0.0011620932127698325
699.0 0.001151949618360959
700.0 0.001121237983170431
701.0 0.001090526257030433
702.0 0.0011212167009944096
703.0 0.001151907054008916
704.0 0.0011400960829632822
705.0 0.0011282850209681783
706.0 0.0011540370906004682
707.0 0.0011797888873843476
708.0 0.0011438899491622578
709.0 0.0011079911018896382
710.0 0.001165662342828
711.0 0.0012233334928168915
712.0 0.0012443954801710788
713.0 0.0012654574675252661
714.0 0.001346464705420658
715.0 0.00142747203426552
716.0 0.0014682250366604421
717.0 0.0015089783119037747
718.0 0.0015737889043521136
719.0 0.0016385994968004525
720.0 0.0014065704817767255
721.0 0.001174541193904588
722.0 0.0013826045687892474
723.0 0.001590668034623377
724.0 0.0016098842024803162
725.0 0.0016291003703372553
726.0 0.0016810925444588065
727.0 0.0017330847185803577
728.0 0.0017373100490658544
729.0 0.0017415357433492318
730.0 0.0018116095816367306
731.0 0.00188168378372211
732.0 0.0017277408915106207
733.0 0.001573798363097012
734.0 0.001462633917981293
735.0 0.0013514693819161039
736.0 0.0012014912499580532
737.0 0.0010515130270505324
738.0 0.0009923824109137058
739.0 0.0009332517038274091
740.0 0.0009063793186214752
741.0 0.0008795069334155414
742.0 0.0008572693332098424
743.0 0.0008350317330041435
744.0 0.0008647519280202687
745.0 0.0008944722139858641
746.0 0.0007987640856299549
747.0 0.0007030559572740458
748.0 0.0007572179129056167
749.0 0.0008113797775877174
750.0 0.0009021651749208104
751.0 0.0009929505722539034
752.0 0.0010040728739113547
753.0 0.001015195175568806
754.0 0.0009240797226084396
755.0 0.0008329642696480732
756.0 0.0008351826181751676
757.0 0.0008374010576517321
758.0 0.0008768337465880904
759.0 0.0009162667993223295
760.0 0.0008873753358784597
761.0 0.0008584837814851198
762.0 0.0008037193765630946
763.0 0.0007489549716410693
764.0 0.0006267578100960236
765.0 0.0005045607849751832
766.0 0.0005724886705138488
767.0 0.0006404166015272494
768.0 0.0006462481906055473
769.0 0.0006520798251585802
770.0 0.0006139454399090027
771.0 0.0005758111910836305
772.0 0.0006274872248468455
773.0 0.0006791631221858552
774.0 0.0005794232038169866
775.0 0.0004796832854481181
776.0 0.0005663311185344355
777.0 0.0006529787697218126
778.0 0.0006058547569409711
779.0 0.0005587307441601297
780.0 0.0006447156920330599
781.0 0.0007307006853807252
782.0 0.0006093567208154127
783.0 0.0004880127562501002
784.0 0.00044186335799167864
785.0 0.00039571400520799216
786.0 0.00045215892896521837
787.0 0.0005086038072477095
788.0 0.0004780827566719381
789.0 0.00044756166062143166
790.0 0.0003422890358706354
791.0 0.0002370165248066769
792.0 0.0003254382363593322
793.0 0.0004138599706493551
794.0 0.0003203997493983479
795.0 0.00022693945993523812
796.0 0.00028538568130898057
797.0 0.0003438319481574581
798.0 0.00034255672289873473
799.0 0.0003412815203773789
800.0 0.00038219327507249545
801.0 0.0004231050752423471
802.0 0.000464944514533272
803.0 0.000506783999298932
804.0 0.00043322379497112706
805.0 0.00035966356790595455
806.0 0.00044223302211321425
807.0 0.0005248024535831064
808.0 0.0005225930181040894
809.0 0.0005203835826250724
810.0 0.00046262043724709656
811.0 0.0004048571554449154
812.0 0.0003421215751586715
813.0 0.00027938604034716263
814.0 0.000334430569637334
815.0 0.0003894750989275053
816.0 0.0004794089363713283
817.0 0.0005693428192898864
818.0 0.0004953553798259236
819.0 0.0004213679403619608
820.0 0.00043208638089708984
821.0 0.000442804866906954
822.0 0.0004466724021767732
823.0 0.0004505399374465924
824.0 0.00044806602090829983
825.0 0.0004455921498447424
826.0 0.0004793886091647437
827.0 0.000513185068484745
828.0 0.00045001220314588863
829.0 0.0003868392468575621
830.0 0.00034891015729954233
831.0 0.0003109810222667875
832.0 0.00031075617243914166
833.0 0.00031053127713676076
834.0 0.00035767552617471665
835.0 0.00040481972973793745
836.0 0.0003806580707532703
837.0 0.0003564963890312356
838.0 0.0004314095349400304
839.0 0.0005063227035861928
840.0 0.00043321902012394276
841.0 0.00036011535939906025
842.0 0.0004401673322718125
843.0 0.0005202192369324621
844.0 0.000598790802541771
845.0 0.0006773623681510799
846.0 0.0005414428869698895
847.0 0.0004055233603139641
848.0 0.0003413862259549205
849.0 0.0002772491143332445
850.0 0.0001798139692255063
851.0 8.237884117079375e-05
852.0 2.9635461373800354e-05
853.0 1.6244841843232605e-10
854.0 0.00010619169188430533
855.0 0.0002354913021918037
856.0 0.0003294641828688327
857.0 0.0004234371317579644
858.0 0.0004613450528268004
859.0 0.0004992529738956364
860.0 0.00047509338401141576
861.0 0.00045093379412719514
862.0 0.0003707861424118164
863.0 0.00029063849069643766
864.0 0.00029629436539835297
865.0 0.00030195021736290073
866.0 0.0003471051968517713
867.0 0.0003922601536032744
868.0 0.00046765198931097984
869.0 0.0005430437795439502
870.0 0.0005418932232714724
871.0 0.0005407426669989945
872.0 0.000455393137599458
873.0 0.00037004360819992144
874.0 0.0005150233846507035
875.0 0.0006600031611014856
876.0 0.0005403870545706013
877.0 0.00042077094803971704
878.0 0.0005137589141668286
879.0 0.0006067468348192051
880.0 0.0006175006546982331
881.0 0.000628254429102526
882.0 0.0006012848189129727
883.0 0.0005743152541981544
884.0 0.0005368966867536074
885.0 0.0004994781647837954
886.0 0.00047021458158269525
887.0 0.00044095095290686004
888.0 0.00047103267206694
889.0 0.000501114436701755
890.0 0.0005607178081845632
891.0 0.0006203212706168415
892.0 0.0005889355634280946
893.0 0.0005575499017140828
894.0 0.0005429166776593775
895.0 0.0005282834536046721
896.0 0.00048706901907280553
897.0 0.00044585463001567405
898.0 0.00045231363401398994
899.0 0.00045877263801230583
900.0 0.00034716210848273477
901.0 0.0002355515334784286
902.0 0.0004396337317302823
903.0 0.0006437158390326658
904.0 0.0004866661129199201
905.0 0.00032961640954454197
906.0 0.00029950638236186933
