lsstCam/transmission_filter_detector/r33_s22/g_6/19700101T000000.ecsv
# %ECSV 1.0
# ---
# datatype:
# - {name: wavelength, unit: nm, datatype: float32}
# - {name: efficiency, unit: '%', datatype: float64}
# meta: !!omap
# - {MODE: DETECTOR}
# - {TYPE: transmission_filter_detector}
# - {CALIBDATE: '1970-01-01T00:00:00'}
# - {INSTRUME: LSSTCam}
# - {OBSTYPE: transmission_filter_detector}
# - {CALIBCLS: lsst.ip.isr.IntermediateFilterDetectorTransmissionCurve}
# - {SOURCE: Materion (DM-46256)}
# - {DETECTOR: 152}
# - {FILTER: g_6}
# - {CALIB_ID: 'calibDate=1970-01-01T00:00:00 filter=g_6 detector=152'}
# - {DATE: '2025-04-02T15:59:42.730874'}
# - {CALIB_CREATION_DATE: '2025-04-02'}
# - {CALIB_CREATION_TIME: '15:59:42'}
# - __serialized_columns__:
#     efficiency:
#       __class__: astropy.units.quantity.Quantity
#       unit: !astropy.units.Unit {unit: '%'}
#       value: !astropy.table.SerializedColumn {name: efficiency}
#     wavelength:
#       __class__: astropy.units.quantity.Quantity
#       unit: !astropy.units.Unit {unit: nm}
#       value: !astropy.table.SerializedColumn {name: wavelength}
# schema: astropy-2.0
wavelength efficiency
[from data line 608]
908.0 0.0003639405349531444
909.0 0.00045848464651498944
910.0 0.00043502905100467615
911.0 0.00041157345549436286
912.0 0.0004433082722243853
913.0 0.0004750431344291428
914.0 0.00045112001316738315
915.0 0.0004271969373803586
916.0 0.0003701903551700525
917.0 0.00031318384117184905
918.0 0.0002709914042497985
919.0 0.00022879901280248305
920.0 0.0003110483930868213
921.0 0.0003932977961085271
922.0 0.00036136782455287175
923.0 0.00032943787573458394
924.0 0.00038723592297174037
925.0 0.0004450340384209994
926.0 0.0003928235400962876
927.0 0.0003406130417715758
928.0 0.00042009523895103484
929.0 0.000499577481605229
930.0 0.0004865905793849379
931.0 0.000473603768114117
932.0 0.00045617748583026696
933.0 0.00043875120354641695
934.0 0.0004948463356413413
935.0 0.0005509414677362656
936.0 0.0006172442681418033
937.0 0.000683547023072606
938.0 0.0005978863555355929
939.0 0.0005122257334733149
940.0 0.0005130484169058036
941.0 0.0005138710548635572
942.0 0.000626029077466228
943.0 0.0007381871000688989
944.0 0.0005434415925265057
945.0 0.00034869603950937744
946.0 0.0006537971330544678
947.0 0.0009588982720742933
948.0 0.000850405285746092
949.0 0.0007419122539431555
950.0 0.0007188767995103262
951.0 0.0006958412086532917
952.0 0.0008794365385256242
953.0 0.0010630319593474269
954.0 0.0009813571523409337
955.0 0.0008996823453344405
956.0 0.0007709018063906115
957.0 0.0006421213129215175
958.0 0.0006273523013078375
959.0 0.0006125833351688925
960.0 0.0007337731858569896
961.0 0.0008549630365450867
962.0 0.000771090344642289
963.0 0.000687217516315286
964.0 0.0006045959707989823
965.0 0.0005219743343332084
966.0 0.0005498284281202359
967.0 0.0005776825673819985
968.0 0.0006207017122505931
969.0 0.0006637209025939228
970.0 0.0006528001449623844
971.0 0.0006418792963813758
972.0 0.0006419411420210963
973.0 0.0006420029421860818
974.0 0.0007127332082745852
975.0 0.0007834634743630886
976.0 0.0008314852493640501
977.0 0.0008795069334155414
978.0 0.0008966409950517118
979.0 0.000913774965738412
980.0 0.0008729868568480015
981.0 0.0008321989298565313
982.0 0.0008926383998186793
983.0 0.0009530778697808273
984.0 0.0011063453712267801
985.0 0.0012596127817232627
986.0 0.0012526125829026569
987.0 0.0012456125659809913
988.0 0.001226219865202438
989.0 0.001206827255373355
990.0 0.0012821835298382211
991.0 0.0013575398952525575
992.0 0.0013951690561953
993.0 0.0014327980352391023
994.0 0.0014598499546991661
995.0 0.0014869019651087
996.0 0.0014147538422548678
997.0 0.0013426057194010355
998.0 0.0013303633750183508
999.0 0.0013181212125346065
1000.0 0.0013178052540752105
1001.0 0.0013174892956158146
1002.0 0.0013298047633725218
1003.0 0.0013421201401797589
1004.0 0.0013441913324641064
1005.0 0.0013462623428495135
1006.0 0.0013045126252109185
1007.0 0.0012627629075723235
1008.0 0.0012974180208402686
1009.0 0.0013320729522092734
1010.0 0.0014291673323896248
1011.0 0.0015262619854183868
1012.0 0.001574548878124915
1013.0 0.001622835588932503
1014.0 0.001819746285036672
1015.0 0.002016656981140841
1016.0 0.0020441309970919974
1017.0 0.002071605013043154
1018.0 0.0022950074708205648
1019.0 0.002518410110496916
1020.0 0.002676323856576346
1021.0 0.002834237602655776
1022.0 0.0031474835850531235
1023.0 0.0034607292036525905
1024.0 0.003593758083297871
1025.0 0.00372678623534739
1026.0 0.003926084536942653
1027.0 0.004125382474740036
1028.0 0.00423333840444684
1029.0 0.0043412946979515254
1030.0 0.004439213807927445
1031.0 0.004537132917903364
1032.0 0.004709127460955642
1033.0 0.004881122004007921
1034.0 0.005004071863368154
1035.0 0.005127022086526267
1036.0 0.0053281641157809645
1037.0 0.005529306872631423
1038.0 0.005610331209027208
1039.0 0.005691355545422994
1040.0 0.005877047078683972
1041.0 0.006062738611944951
1042.0 0.006113818380981684
1043.0 0.006164897786220536
1044.0 0.006415884126909077
1045.0 0.00666687119519338
1046.0 0.007255448144860566
1047.0 0.007844023639336228
1048.0 0.008667059591971338
1049.0 0.00949009699979797
1050.0 0.01090641162591055
1051.0 0.012322724796831608
1052.0 0.01458496117265895
1053.0 0.016847197548486292
1054.0 0.02020732354139909
1055.0 0.023567448079120368
1056.0 0.028326406027190387
1057.0 0.03308535669930279
1058.0 0.03965198411606252
1059.0 0.046218608622439206
1060.0 0.054070953046903014
1061.0 0.061923288740217686
1062.0 0.06988995592109859
1063.0 0.0778566172812134
1064.0 0.08582092705182731
1065.0 0.09378524264320731
1066.0 0.10034625884145498
1067.0 0.10690727503970265
1068.0 0.11364084202796221
1069.0 0.12037443229928613
1070.0 0.12899769935756922
1071.0 0.1376209780573845
1072.0 0.14769518747925758
1073.0 0.15776942018419504
1074.0 0.1698928070254624
1075.0 0.18201618222519755
1076.0 0.19371970556676388
1077.0 0.20542326383292675
1078.0 0.2162070944905281
1079.0 0.22699092514812946
1080.0 0.24051510263234377
1081.0 0.2540392568334937
1082.0 0.2702869474887848
1083.0 0.2865346148610115
1084.0 0.31328469049185514
1085.0 0.3400347428396344
1086.0 0.37644626572728157
1087.0 0.41285776533186436
1088.0 0.45681134797632694
1089.0 0.5007649771869183
1090.0 0.5584873259067535
1091.0 0.6162097211927176
1092.0 0.6932327523827553
1093.0 0.7702560164034367
1094.0 0.8331269957125187
1095.0 0.8959981612861156
1096.0 0.9363066405057907
1097.0 0.9766149334609509
1098.0 1.0399752296507359
1099.0 1.1033356189727783
1100.0 1.197206974029541
1101.0 1.2910783290863037
