lsstCam/transmission_sensor/r33_s12/19700101T000000.ecsv
# %ECSV 1.0
# ---
# datatype:
# - {name: amp_name, datatype: string}
# - {name: wavelength, unit: nm, datatype: float32}
# - {name: efficiency, unit: '%', datatype: float64}
# meta: !!omap
# - {MODE: AMP}
# - {TYPE: transmission_sensor}
# - {CALIBDATE: '1970-01-01T00:00:00'}
# - {INSTRUME: LSSTCam}
# - {OBSTYPE: transmission_sensor}
# - {DETECTOR: 149}
# - {PARQUETFILE: qe_raft_allvalues_nircorrected_20230725_adjust.parquet}
# - {CORRFILE: qe_corr_factor_bydetnum.parquet}
# - {CALIBCLS: lsst.ip.isr.IntermediateSensorTransmissionCurve}
# - {CALIB_ID: 'raftName=R33 detectorName=S12 detector=149 calibDate=1970-01-01T00:00:00 ccd=149 ccdnum=149 filter=None'}
# - {DATE: '2025-03-03T21:56:48.221647'}
# - {CALIB_CREATION_DATE: '2025-03-03'}
# - {CALIB_CREATION_TIME: '21:56:48'}
# - __serialized_columns__:
#     efficiency:
#       __class__: astropy.units.quantity.Quantity
#       unit: !astropy.units.Unit {unit: '%'}
#       value: !astropy.table.SerializedColumn {name: efficiency}
#     wavelength:
#       __class__: astropy.units.quantity.Quantity
#       unit: !astropy.units.Unit {unit: nm}
#       value: !astropy.table.SerializedColumn {name: wavelength}
# schema: astropy-2.0
amp_name wavelength efficiency
C00 319.994 43.365780708613336
C00 324.969 48.946247980549536
C00 349.982 75.25525834495068
C00 374.975 82.86882884985279
C00 400.019 87.58600384897571
C00 424.965 88.0534172986539
C00 450.035 89.69015365176081
C00 475.003 91.40057894429376
C00 500.018 92.86146998494851
C00 525.002 94.3210341213851
C00 550.029 95.77523725974486
C00 575.023 97.31231090464945
C00 599.982 98.42341779197773
C00 619.997 98.38423598811029
C00 624.979 98.85940496416708
C00 650.012 99.2797133141004
C00 675.004 99.30708262007164
C00 700.03 98.81775999902109
C00 725.012 98.697377757711
C00 750.022 98.30188404183463
C00 774.987 98.46324779618162
C00 799.976 97.9347891265815
C00 824.988 96.07446178682744
C00 850.022 93.93000917488715
C00 869.967 90.75847169099642
C00 875.002 89.96438052351496
C00 899.999 83.24724058039187
C00 919.999 74.82418224354579
C00 925.012 72.02185967130272
C00 949.965 59.41651362709427
C00 975.002 44.16965970117533
C00 999.976 27.28385600864763
C00 1025.028 11.95667671574024
C00 1050.014 4.251043651580799
C00 1075.002 0.9365172254457139
C00 1099.99 0.09292037874802989
C01 319.994 43.42554859257811
C01 324.969 49.00995463479409
C01 349.982 75.31687550634594
C01 374.975 82.89788347669882
C01 400.019 87.63442060116611
C01 424.965 88.11854236775235
C01 450.035 89.76165396181551
C01 475.003 91.47663190847629
C01 500.018 92.94119862633309
C01 525.002 94.39827672383221
C01 550.029 95.85454647738231
C01 575.023 97.39004918970679
C01 599.982 98.50121708412556
C01 619.997 98.45818420767093
C01 624.979 98.9350385046025
C01 650.012 99.35981562391424
C01 675.004 99.38828305751431
C01 700.03 98.9125497658705
C01 725.012 98.82392171516062
C01 750.022 98.475113675282
C01 774.987 98.68763187500517
C01 799.976 98.16907923172343
C01 824.988 96.29834255715444
C01 850.022 94.15561339552049
C01 869.967 90.9391975706878
C01 875.002 90.12617895338171
C01 899.999 83.34530947835512
C01 919.999 74.88018675261594
C01 925.012 72.01553018566435
C01 949.965 59.48721703202944
C01 975.002 44.41077497456585
C01 999.976 27.28688539198479
C01 1025.028 11.97777087051307
C01 1050.014 4.247200681497801
C01 1075.002 0.9381675749385403
C01 1099.99 0.0930841249085632
C02 319.994 43.25400809294869
C02 324.969 48.817995824566175
C02 349.982 75.02141816710113
C02 374.975 82.5968134851289
C02 400.019 87.40191495342104
C02 424.965 87.92094802754039
C02 450.035 89.58855396843542
C02 475.003 91.31096715424972
C02 500.018 92.77637271960077
C02 525.002 94.23915498006073
C02 550.029 95.69474602972913
C02 575.023 97.23344398841803
C02 599.982 98.34504655835656
C02 619.997 98.30243310564903
C02 624.979 98.77943992030684
C02 650.012 99.2013954616834
C02 675.004 99.2333860547593
C02 700.03 98.77150137265679
C02 725.012 98.727019577803
C02 750.022 98.43310266759308
C02 774.987 98.6912389192304
C02 799.976 98.19577745969927
C02 824.988 96.30639549309916
C02 850.022 94.16269021801737
C02 869.967 90.90684093506897
C02 875.002 90.13889130586264
C02 899.999 83.1358568849291
C02 919.999 74.79407524438881
C02 925.012 72.1056986654091
C02 949.965 59.166605706786825
C02 975.002 44.37180288257198
C02 999.976 27.406360152823847
C02 1025.028 12.044850072978798
C02 1050.014 4.256430863641834
C02 1075.002 0.9377673373938472
C02 1099.99 0.09304441370706941
C03 319.994 43.14275785049636
C03 324.969 48.69341553284171
C03 349.982 74.86527814487737
C03 374.975 82.4827683553435
C03 400.019 87.3307883117956
C03 424.965 87.86900811587417
C03 450.035 89.53977879958838
C03 475.003 91.26786564481829
C03 500.018 92.73964645112558
C03 525.002 94.20558582851841
C03 550.029 95.66186320795484
C03 575.023 97.20335224103367
C03 599.982 98.3187448764689
C03 619.997 98.28034853889153
C03 624.979 98.75655463548665
C03 650.012 99.18313908985417
C03 675.004 99.22082622000458
C03 700.03 98.77635143635077
C03 725.012 98.7752228051767
C03 750.022 98.53787471962396
C03 774.987 98.8528695795983
C03 799.976 98.3724997490772
C03 824.988 96.47033679701939
C03 850.022 94.36380771770516
C03 869.967 91.02100045314906
C03 875.002 90.2012481782301
C03 899.999 83.16048849771458
C03 919.999 74.99366756681432
C03 925.012 72.23879325920012
C03 949.965 59.246441110579774
C03 975.002 44.3542976605444
C03 999.976 27.27282516409834
C03 1025.028 11.950099388796747
C03 1050.014 4.267490781882684
C03 1075.002 0.9387654948888267
C03 1099.99 0.09314344997673284
C04 319.994 43.059281085989774
C04 324.969 48.60011281382302
C04 349.982 74.74452986102432
C04 374.975 82.36540596501267
C04 400.019 87.20563226565463
C04 424.965 87.74191509461012
C04 450.035 89.41311282795778
C04 475.003 91.13422961309915
C04 500.018 92.60304394963134
C04 525.002 94.06856390327707
C04 550.029 95.52624444579476
C04 575.023 97.06696326435616
C04 599.982 98.18039604700938
C04 619.997 98.1426707874274
C04 624.979 98.62203400095541
C04 650.012 99.04785586669179
C04 675.004 99.09219276970566
C04 700.03 98.6605218491685
C04 725.012 98.70165587993164
C04 750.022 98.51450137807983
C04 774.987 98.88253427734924
C04 799.976 98.41905578500767
C04 824.988 96.5062013403414
C04 850.022 94.42050618242963
C04 869.967 91.08903861081842
C04 875.002 90.20223954345056
C04 899.999 83.0193257162062
C04 919.999 74.97473249110338
C04 925.012 72.17359193123855
C04 949.965 59.40436177725722
C04 975.002 44.265696300436616
C04 999.976 27.054759132083706
C04 1025.028 11.833398544103424
C04 1050.014 4.2716201993202505
C04 1075.002 0.9385428171225271
C04 1099.99 0.09312135609333046
C05 319.994 43.00001269757839
C05 324.969 48.53199458434737
C05 349.982 74.65811331734473
C05 374.975 82.30709081239019
C05 400.019 87.18127518477635
C05 424.965 87.73221496722216
C05 450.035 89.41050477483931
C05 475.003 91.13247565924756
C05 500.018 92.60556811800039
C05 525.002 94.06969253445114
C05 550.029 95.53218501123126
C05 575.023 97.07277418972537
C05 599.982 98.18975300951334
C05 619.997 98.15330889883167
C05 624.979 98.63122319396051
C05 650.012 99.06064447803584
C05 675.004 99.10894684193158
C05 700.03 98.69111690504943
C05 725.012 98.75818657515727
C05 750.022 98.60799474425632
C05 774.987 99.00520428455272
C05 799.976 98.55886115875263
C05 824.988 96.6354296097726
C05 850.022 94.54460985625964
C05 869.967 91.24651316314666
C05 875.002 90.38580225284974
C05 899.999 83.00016186390592
C05 919.999 74.92181646598931
C05 925.012 72.20334813962522
C05 949.965 59.516149644694494
C05 975.002 44.30727644554896
C05 999.976 27.004895367965727
C05 1025.028 11.793996542768753
C05 1050.014 4.257387435756008
C05 1075.002 0.9394335230122919
C05 1099.99 0.09320973111343825
C06 319.994 42.94147258130973
C06 324.969 48.46715167304244
C06 349.982 74.58138164928047
C06 374.975 82.28418264991106
C06 400.019 87.23737120448223
C06 424.965 87.8165038886209
C06 450.035 89.50451670128496
C06 475.003 91.2362715978306
C06 500.018 92.71159081538632
C06 525.002 94.18366903125974
C06 550.029 95.64548280415816
C06 575.023 97.19189053390778
C06 599.982 98.31214085892331
C06 619.997 98.28082896972914
C06 624.979 98.7612445555681
C06 650.012 99.1906582137571
C06 675.004 99.24105769638845
C06 700.03 98.82435639068036
C06 725.012 98.89980690984432
C06 750.022 98.74765522616137
C06 774.987 99.14493339943458
C06 799.976 98.69708797403116
C06 824.988 96.7692486627632
C06 850.022 94.68842644620436
C06 869.967 91.38030171259201
C06 875.002 90.52152777741817
C06 899.999 83.13061027514692
C06 919.999 74.96775480512855
C06 925.012 72.26948745160308
C06 949.965 59.66848816259208
C06 975.002 44.34720939921805
C06 999.976 26.98215497498545
C06 1025.028 11.767222055929796
C06 1050.014 4.26137958723997
C06 1075.002 0.9407640616028021
C06 1099.99 0.09334174593004797
C07 319.994 42.770465893722104
C07 324.969 48.27529962522288
C07 349.982 74.33663645400578
C07 374.975 82.06276504086262
C07 400.019 86.99335046840712
C07 424.965 87.56247798970536
C07 450.035 89.24420707204891
C07 475.003 90.96912154857331
C07 500.018 92.44268681227744
C07 525.002 93.91312546259394
C07 550.029 95.37434441636007
C07 575.023 96.91975315500292
C07 599.982 98.0436867831068
C07 619.997 98.013167986089
C07 624.979 98.49129580603457
C07 650.012 98.9265966484559
C07 675.004 98.97594375877628
C07 700.03 98.55449152589627
C07 725.012 98.58717607462647
C07 750.022 98.38568490650944
C07 774.987 98.7276296487079
C07 799.976 98.25384095807347
C07 824.988 96.34683556820796
C07 850.022 94.26544141017577
C07 869.967 90.970730610585
C07 875.002 90.12307521765301
C07 899.999 82.78863502940322
C07 919.999 74.71282905162826
C07 925.012 72.07009340222166
C07 949.965 59.60751157564696
C07 975.002 44.13548810461442
C07 999.976 26.93326160490058
C07 1025.028 11.805891972178584
C07 1050.014 4.302450227823132
C07 1075.002 0.9373155892448296
C07 1099.99 0.09299959167073639
C10 319.994 42.99023631132731
C10 324.969 48.52280157839911
C10 349.982 74.60714951912634
C10 374.975 82.28396149920803
C10 400.019 87.31118978397556
C10 424.965 87.91780616238015
C10 450.035 89.6333713022869
C10 475.003 91.38834702265044
C10 500.018 92.878140172425
C10 525.002 94.35860686324085
C10 550.029 95.82384465909304
C10 575.023 97.37655137093579
C10 599.982 98.49484184316931
C10 619.997 98.45707082826948
C10 624.979 98.93614425811764
C10 650.012 99.3614704412438
C10 675.004 99.38849658233103
C10 700.03 98.89786230883495
C10 725.012 98.77145561733892
C10 750.022 98.36812249033453
C10 774.987 98.5206935977646
C10 799.976 97.97946156859308
C10 824.988 96.09204708066129
C10 850.022 93.92504472289849
C10 869.967 90.71099292282229
C10 875.002 89.9328093541862
C10 899.999 83.06248823272813
C10 919.999 74.57313044029166
C10 925.012 71.87792106717703
C10 949.965 59.29005736733722
C10 975.002 44.18864053220414
C10 999.976 27.11054058397925
C10 1025.028 11.965214848701523
C10 1050.014 4.220309423274703
C10 1075.002 0.9371482760039065
C10 1099.99 0.09298299100467952
C11 319.994 42.99047271380296
C11 324.969 48.52097517862755
C11 349.982 74.61614043908736
C11 374.975 82.31823985817731
C11 400.019 87.3469933202071
C11 424.965 87.9553178971454
C11 450.035 89.66578131910991
C11 475.003 91.41589172400683
C11 500.018 92.90003409202473
C11 525.002 94.37746568008868
C11 550.029 95.84229930396639
C11 575.023 97.39427393072324
C11 599.982 98.51330411392897
C11 619.997 98.4760669110709
C11 624.979 98.95656638165929
C11 650.012 99.38402781295261
C11 675.004 99.41749782797288
C11 700.03 98.93913360555166
C11 725.012 98.84810340065374
C11 750.022 98.4933471694523
C11 774.987 98.69480783402409
C11 799.976 98.17036800651003
C11 824.988 96.26903627606013
C11 850.022 94.10320830478928
C11 869.967 90.79744759593345
C11 875.002 89.9928937124329
C11 899.999 83.14364291485293
C11 919.999 74.74246324583396
C11 925.012 71.92411868645085
C11 949.965 59.18441977721001
C11 975.002 44.14467729761952
C11 999.976 27.09707708169666
C11 1025.028 11.976990170401951
C11 1050.014 4.224230082074498
C11 1075.002 0.9383412846464996
C11 1099.99 0.09310136022620308
C12 319.994 42.79342362446226
C12 324.969 48.29718591893629
C12 349.982 74.32245993135308
C12 374.975 82.08847190361799
C12 400.019 87.17231476836058
C12 424.965 87.80659786230252
C12 450.035 89.52177408200741
C12 475.003 91.27392822443576
C12 500.018 92.76219619694807
C12 525.002 94.23882706694934
C12 550.029 95.70818284140964
C12 575.023 97.25991343980454
C12 599.982 98.38203973285265
C12 619.997 98.34668612391349
C12 624.979 98.82867264233256
C12 650.012 99.26234154508327
C12 675.004 99.3007073791154
C12 700.03 98.83908197714747
C12 725.012 98.7912219146578
C12 750.022 98.49340055065649
C12 774.987 98.74706040702908
C12 799.976 98.24077018893591
C12 824.988 96.32871646233232
C12 850.022 94.18848096552217
C12 869.967 90.825976036624
C12 875.002 89.99399184006172
C12 899.999 83.03147375310009
C12 919.999 74.78027239016536
C12 925.012 71.98575109961874
C12 949.965 59.145748907725434
C12 975.002 44.0250881484858
C12 999.976 27.007848492439777
C12 1025.028 11.91092997699457
C12 1050.014 4.244013537637574
C12 1075.002 0.9383417924102333
C12 1099.99 0.09310141060605427
C13 319.994 42.53757513871831
C13 324.969 48.00916763178815
C13 349.982 73.95649364727404
C13 374.975 81.8063293618727
C13 400.019 86.93225186728101
C13 424.965 87.57631134747405
C13 450.035 89.29320339159898
C13 475.003 91.04343581067688
C13 500.018 92.52856954391524
C13 525.002 94.00777033760342
C13 550.029 95.47781244183173
C13 575.023 97.03096908096684
C13 599.982 98.15796831536787
C13 619.997 98.12943987467732
C13 624.979 98.60849805275285
C13 650.012 99.04697126387968
C13 675.004 99.09440427673594
C13 700.03 98.65418473764382
C13 725.012 98.6517978352284
C13 750.022 98.41236788271266
C13 774.987 98.722634693174
C13 799.976 98.24301982539774
C13 824.988 96.31772756015775
C13 850.022 94.18683377407893
C13 869.967 90.88682298350182
C13 875.002 90.02987163515637
C13 899.999 82.82972330484847
C13 919.999 74.74351561814493
C13 925.012 71.98062650401755
C13 949.965 59.25788375298987
C13 975.002 43.99541582484855
C13 999.976 26.86414438431816
C13 1025.028 11.839158947975818
C13 1050.014 4.249596163035337
C13 1075.002 0.9375697974494434
C13 1099.99 0.09302481397526188
C14 319.994 42.557833305704264
C14 324.969 48.03213298841462
C14 349.982 74.00957744188696
C14 374.975 81.90353653468279
C14 400.019 87.04077585537705
C14 424.965 87.68925834963063
C14 450.035 89.40714938486234
C14 475.003 91.15449921891458
C14 500.018 92.64579466829247
C14 525.002 94.12253230070209
C14 550.029 95.59968173097253
C14 575.023 97.15058873364582
C14 599.982 98.28419198559241
C14 619.997 98.25641850764669
C14 624.979 98.73353971059916
C14 650.012 99.17513953511362
C14 675.004 99.22624822517191
C14 700.03 98.80112031508985
C14 725.012 98.83838802149315
C14 750.022 98.6501201402399
C14 774.987 99.01143463366905
C14 799.976 98.54393729924143
C14 824.988 96.61885855881816
C14 850.022 94.47316292740912
C14 869.967 91.17742263316633
C14 875.002 90.34955641521216
C14 899.999 82.99727165299393
C14 919.999 74.86384447825084
C14 925.012 72.13319761144763
C14 949.965 59.38609015365536
C14 975.002 44.116678856027605
C14 999.976 26.855269759123388
C14 1025.028 11.775924145446773
C14 1050.014 4.244072161638592
C14 1075.002 0.9398348504289998
C14 1099.99 0.09324955045103207
C15 319.994 42.412563984417254
C15 324.969 47.86749391589692
C15 349.982 73.81752712102332
C15 374.975 81.78893471519665
C15 400.019 86.96059728670011
C15 424.965 87.6169954509448
C15 450.035 89.33431454470316
C15 475.003 91.08111531494099
C15 500.018 92.5706644363536
C15 525.002 94.0517793275059
C15 550.029 95.52384991749302
C15 575.023 97.08327503517602
C15 599.982 98.2182814502039
C15 619.997 98.19498436752289
C15 624.979 98.67369175482811
C15 650.012 99.11914265192978
C15 675.004 99.1765503240812
C15 700.03 98.76749015645704
C15 725.012 98.83382011559269
C15 750.022 98.68558051158742
C15 774.987 99.08014386933382
C15 799.976 98.62503860016206
C15 824.988 96.69323382801221
C15 850.022 94.55962522640658
C15 869.967 91.20964962871787
C15 875.002 90.38988210202629
C15 899.999 83.14403946094112
C15 919.999 74.8293220909196
C15 925.012 72.05424681046678
C15 949.965 59.178319068160974
C15 975.002 44.15599411290549
C15 999.976 26.83569029601914
C15 1025.028 11.741013791149454
C15 1050.014 4.230408003222435
C15 1075.002 0.9401726787615529
C15 1099.99 0.09328306946783148
C16 319.994 42.21617453424248
C16 324.969 47.64796371371052
C16 349.982 73.50684088681486
C16 374.975 81.51108554744461
C16 400.019 86.73440587282079
C16 424.965 87.41176759853523
C16 450.035 89.13585085345171
C16 475.003 90.88494701546924
C16 500.018 92.37144578235733
C16 525.002 93.85291146427996
C16 550.029 95.32861960203756
C16 575.023 96.88968428527748
C16 599.982 98.02436278719398
C16 619.997 97.9989228304595
C16 624.979 98.48674315190672
C16 650.012 98.93121030967423
C16 675.004 98.9925681909349
C16 700.03 98.58414097187458
C16 725.012 98.65617509397107
C16 750.022 98.50991822040675
C16 774.987 98.90465697353831
C16 799.976 98.44160553083017
C16 824.988 96.4947243814429
C16 850.022 94.36824598353833
C16 869.967 90.94294950675295
C16 875.002 90.10904358684023
C16 899.999 82.91074072101968
C16 919.999 74.64699477510285
C16 925.012 71.87167546628808
C16 949.965 58.985433712746236
C16 975.002 43.871228266269114
C16 999.976 26.767716958383414
C16 1025.028 11.70123812138553
C16 1050.014 4.218253770295915
C16 1075.002 0.9384991527029288
C16 1099.99 0.09311702374973159
C17 319.994 42.21479806176329
C17 324.969 47.64421177764536
C17 349.982 73.46972569813778
C17 374.975 81.45211456859937
C17 400.019 86.6711491458686
C17 424.965 87.35114942824676
C17 450.035 89.07877109441168
C17 475.003 90.82541934692327
C17 500.018 92.3186365196516
C17 525.002 93.79550379212853
C17 550.029 95.26961049376075
C17 575.023 96.82302641303046
C17 599.982 97.95412837426696
C17 619.997 97.93389689788309
C17 624.979 98.41260428518831
C17 650.012 98.85591993412282
C17 675.004 98.91238199637165
C17 700.03 98.4921956606193
C17 725.012 98.52012928217756
C17 750.022 98.31339150427837
C17 774.987 98.64925841508672
C17 799.976 98.15600846258586
C17 824.988 96.2011658878896
C17 850.022 94.06127355596347
C17 869.967 90.65743632325807
C17 875.002 89.81928278466997
C17 899.999 82.57415697689805
C17 919.999 74.39184024501324
C17 925.012 71.64756591937174
C17 949.965 58.84249028678417
C17 975.002 43.59621974116804
C17 999.976 26.590901251898153
C17 1025.028 11.684341063791278
C17 1050.014 4.238236452138874
C17 1075.002 0.9366268536704092
C17 1099.99 0.09293125595977077
