lsstCam/transmission_sensor/r33_s12/19700101T000000.ecsv
# %ECSV 1.0
# ---
# datatype:
# - {name: amp_name, datatype: string}
# - {name: wavelength, unit: nm, datatype: float32}
# - {name: efficiency, unit: '%', datatype: float64}
# meta: !!omap
# - {MODE: AMP}
# - {TYPE: transmission_sensor}
# - {CALIBDATE: '1970-01-01T00:00:00'}
# - {INSTRUME: LSSTCAM}
# - {OBSTYPE: transmission_sensor}
# - {DETECTOR: 149}
# - {PARQUETFILE: qe_raft_allvalues_nircorrected_20230725.parquet}
# - {CALIBCLS: lsst.ip.isr.IntermediateSensorTransmissionCurve}
# - {CALIB_ID: 'raftName=R33 detectorName=S12 detector=149 calibDate=1970-01-01T00:00:00 ccd=149 ccdnum=149 filter=None'}
# - {DATE: '2024-01-18T22:42:25.504705'}
# - {CALIB_CREATION_DATE: '2024-01-18'}
# - {CALIB_CREATION_TIME: '22:42:25'}
# - __serialized_columns__:
#     efficiency:
#       __class__: astropy.units.quantity.Quantity
#       unit: !astropy.units.Unit {unit: '%'}
#       value: !astropy.table.SerializedColumn {name: efficiency}
#     wavelength:
#       __class__: astropy.units.quantity.Quantity
#       unit: !astropy.units.Unit {unit: nm}
#       value: !astropy.table.SerializedColumn {name: wavelength}
# schema: astropy-2.0
amp_name wavelength efficiency
C00 319.994 43.3857307434082
C00 324.969 48.96876525878906
C00 349.982 75.28987884521484
C00 374.975 82.90695190429688
C00 400.019 87.62629699707031
C00 424.965 88.09392547607422
C00 450.035 89.73141479492188
C00 475.003 91.442626953125
C00 500.018 92.90419006347656
C00 525.002 94.36442565917969
C00 550.029 95.81929779052734
C00 575.023 97.3570785522461
C00 599.982 98.46869659423828
C00 619.997 98.42949676513672
C00 624.979 98.9048843383789
C00 650.012 99.32538604736328
C00 675.004 99.35276794433594
C00 700.03 98.86322021484375
C00 725.012 98.74278259277344
C00 750.022 98.34710693359375
C00 774.987 98.508544921875
C00 799.976 97.97984313964844
C00 824.988 96.11865997314453
C00 850.022 93.97322082519531
C00 869.967 90.80022430419922
C00 875.002 90.00576782226562
C00 899.999 83.28553771972656
C00 919.999 74.85860443115234
C00 925.012 72.05499267578125
C00 949.965 59.44384765625
C00 975.002 44.189979553222656
C00 999.976 27.29640769958496
C00 1025.028 11.962177276611328
C00 1050.014 4.252999305725098
C00 1075.002 0.936948061716348
C00 1099.99 0.09296312592700105
C01 319.994 43.445526123046875
C01 324.969 49.032501220703125
C01 349.982 75.35152435302734
C01 374.975 82.93601989746094
C01 400.019 87.67473602294922
C01 424.965 88.1590805053711
C01 450.035 89.80294799804688
C01 475.003 91.51871490478516
C01 500.018 92.98395538330078
C01 525.002 94.44170379638672
C01 550.029 95.89864349365234
C01 575.023 97.43485260009766
C01 599.982 98.5465316772461
C01 619.997 98.50347900390625
C01 624.979 98.98055267333984
C01 650.012 99.40552520751953
C01 675.004 99.43400573730469
C01 700.03 98.95805358886719
C01 725.012 98.869384765625
C01 750.022 98.52041625976562
C01 774.987 98.7330322265625
C01 799.976 98.21424102783203
C01 824.988 96.34264373779297
C01 850.022 94.19892883300781
C01 869.967 90.98103332519531
C01 875.002 90.16764068603516
C01 899.999 83.38365173339844
C01 919.999 74.91463470458984
C01 925.012 72.04866027832031
C01 949.965 59.514583587646484
C01 975.002 44.43120574951172
C01 999.976 27.2994384765625
C01 1025.028 11.983281135559082
C01 1050.014 4.249154567718506
C01 1075.002 0.9385991704375168
C01 1099.99 0.09312694741747302
C02 319.994 43.27390670776367
C02 324.969 48.8404541015625
C02 349.982 75.0559310913086
C02 374.975 82.63481140136719
C02 400.019 87.44212341308594
C02 424.965 87.96139526367188
C02 450.035 89.62976837158203
C02 475.003 91.35297393798828
C02 500.018 92.81905364990234
C02 525.002 94.28250885009766
C02 550.029 95.73876953125
C02 575.023 97.2781753540039
C02 599.982 98.39028930664062
C02 619.997 98.34765625
C02 624.979 98.82488250732422
C02 650.012 99.24703216552734
C02 675.004 99.27903747558594
C02 700.03 98.81694030761719
C02 725.012 98.7724380493164
C02 750.022 98.47838592529297
C02 774.987 98.73664093017578
C02 799.976 98.24095153808594
C02 824.988 96.35070037841797
C02 850.022 94.20600891113281
C02 869.967 90.94866180419922
C02 875.002 90.18035888671875
C02 899.999 83.17410278320312
C02 919.999 74.82848358154297
C02 925.012 72.13887023925781
C02 949.965 59.193824768066406
C02 975.002 44.392215728759766
C02 999.976 27.418968200683594
C02 1025.028 12.05039119720459
C02 1050.014 4.258388996124268
C02 1075.002 0.9381987487671649
C02 1099.99 0.09308721794720051
C03 319.994 43.16260528564453
C03 324.969 48.715816497802734
C03 349.982 74.89971923828125
C03 374.975 82.52071380615234
C03 400.019 87.37096405029297
C03 424.965 87.90943145751953
C03 450.035 89.58097076416016
C03 475.003 91.30985260009766
C03 500.018 92.78231048583984
C03 525.002 94.2489242553711
C03 550.029 95.70587158203125
C03 575.023 97.2480697631836
C03 599.982 98.36397552490234
C03 619.997 98.3255615234375
C03 624.979 98.80198669433594
C03 650.012 99.22876739501953
C03 675.004 99.26647186279297
C03 700.03 98.82179260253906
C03 725.012 98.82066345214844
C03 750.022 98.58320617675781
C03 774.987 98.89834594726562
C03 799.976 98.41775512695312
C03 824.988 96.51471710205078
C03 850.022 94.40721893310547
C03 869.967 91.06287384033203
C03 875.002 90.24274444580078
C03 899.999 83.19874572753906
C03 919.999 75.02816772460938
C03 925.012 72.27202606201172
C03 949.965 59.27369689941406
C03 975.002 44.37470245361328
C03 999.976 27.285371780395508
C03 1025.028 11.955596923828125
C03 1050.014 4.269454002380371
C03 1075.002 0.939197365455463
C03 1099.99 0.09318629977760315
C04 319.994 43.0790901184082
C04 324.969 48.62247085571289
C04 349.982 74.77891540527344
C04 374.975 82.4032974243164
C04 400.019 87.2457504272461
C04 424.965 87.78227996826172
C04 450.035 89.4542465209961
C04 475.003 91.17615509033203
C04 500.018 92.64564514160156
C04 525.002 94.1118392944336
C04 550.029 95.5701904296875
C04 575.023 97.11161804199219
C04 599.982 98.2255630493164
C04 619.997 98.18782043457031
C04 624.979 98.66740417480469
C04 650.012 99.09342193603516
C04 675.004 99.13777923583984
C04 700.03 98.7059097290039
C04 725.012 98.74706268310547
C04 750.022 98.55982208251953
C04 774.987 98.92802429199219
C04 799.976 98.4643325805664
C04 824.988 96.55059814453125
C04 850.022 94.46394348144531
C04 869.967 91.13094329833984
C04 875.002 90.24373626708984
C04 899.999 83.0575180053711
C04 919.999 75.00922393798828
C04 925.012 72.20679473876953
C04 949.965 59.43169021606445
C04 975.002 44.28606033325195
C04 999.976 27.06720542907715
C04 1025.028 11.838842391967773
C04 1050.014 4.273585319519043
C04 1075.002 0.938974585248273
C04 1099.99 0.09316419573010974
C05 319.994 43.01979446411133
C05 324.969 48.5543212890625
C05 349.982 74.69245910644531
C05 374.975 82.34495544433594
C05 400.019 87.22138214111328
C05 424.965 87.77257537841797
C05 450.035 89.4516372680664
C05 475.003 91.17440032958984
C05 500.018 92.6481704711914
C05 525.002 94.11296844482422
C05 550.029 95.57613372802734
C05 575.023 97.117431640625
C05 599.982 98.23492431640625
C05 619.997 98.1984634399414
C05 624.979 98.67659759521484
C05 650.012 99.10621643066406
C05 675.004 99.154541015625
C05 700.03 98.73651885986328
C05 725.012 98.80361938476562
C05 750.022 98.65335845947266
C05 774.987 99.05075073242188
C05 799.976 98.60420227050781
C05 824.988 96.67988586425781
C05 850.022 94.58810424804688
C05 869.967 91.28849029541016
C05 875.002 90.42738342285156
C05 899.999 83.03834533691406
C05 919.999 74.95628356933594
C05 925.012 72.23656463623047
C05 949.965 59.54352951049805
C05 975.002 44.327659606933594
C05 999.976 27.017318725585938
C05 1025.028 11.799422264099121
C05 1050.014 4.259346008300781
C05 1075.002 0.9398657008992183
C05 1099.99 0.09325261140634541
C06 319.994 42.96122741699219
C06 324.969 48.48944854736328
C06 349.982 74.61569213867188
C06 374.975 82.32203674316406
C06 400.019 87.27750396728516
C06 424.965 87.85690307617188
C06 450.035 89.54569244384766
C06 475.003 91.27824401855469
C06 500.018 92.75424194335938
C06 525.002 94.22699737548828
C06 550.029 95.68948364257812
C06 575.023 97.23660278320312
C06 599.982 98.35736846923828
C06 619.997 98.32604217529297
C06 624.979 98.80667877197266
C06 650.012 99.23628997802734
C06 675.004 99.28671264648438
C06 700.03 98.86981964111328
C06 725.012 98.94530487060547
C06 750.022 98.79308319091797
C06 774.987 99.19054412841797
C06 799.976 98.74249267578125
C06 824.988 96.81376647949219
C06 850.022 94.73198699951172
C06 869.967 91.4223403930664
C06 875.002 90.56317138671875
C06 899.999 83.16885375976562
C06 919.999 75.00224304199219
C06 925.012 72.302734375
C06 949.965 59.69593811035156
C06 975.002 44.367610931396484
C06 999.976 26.99456787109375
C06 1025.028 11.772635459899902
C06 1050.014 4.263339996337891
C06 1075.002 0.9411968515919608
C06 1099.99 0.09338468695517631
C07 319.994 42.79014205932617
C07 324.969 48.297508239746094
C07 349.982 74.37083435058594
C07 374.975 82.10051727294922
C07 400.019 87.03337097167969
C07 424.965 87.6027603149414
C07 450.035 89.28526306152344
C07 475.003 91.01097106933594
C07 500.018 92.48521423339844
C07 525.002 93.95632934570312
C07 550.029 95.41822052001953
C07 575.023 96.96434020996094
C07 599.982 98.08879089355469
C07 619.997 98.05825805664062
C07 624.979 98.53660583496094
C07 650.012 98.97210693359375
C07 675.004 99.02147674560547
C07 700.03 98.5998306274414
C07 725.012 98.63253021240234
C07 750.022 98.43094635009766
C07 774.987 98.7730484008789
C07 799.976 98.29904174804688
C07 824.988 96.39115905761719
C07 850.022 94.30880737304688
C07 869.967 91.01258087158203
C07 875.002 90.16453552246094
C07 899.999 82.82672119140625
C07 919.999 74.74720001220703
C07 925.012 72.1032485961914
C07 949.965 59.63493347167969
C07 975.002 44.155792236328125
C07 999.976 26.94565200805664
C07 1025.028 11.811323165893555
C07 1050.014 4.304429531097412
C07 1075.002 0.9377467927955013
C07 1099.99 0.09304237529089548
C10 319.994 43.010013580322266
C10 324.969 48.54512405395508
C10 349.982 74.64147186279297
C10 374.975 82.32181549072266
C10 400.019 87.35135650634766
C10 424.965 87.958251953125
C10 450.035 89.67460632324219
C10 475.003 91.43038940429688
C10 500.018 92.92086791992188
C10 525.002 94.40201568603516
C10 550.029 95.86792755126953
C10 575.023 97.42134857177734
C10 599.982 98.54015350341797
C10 619.997 98.50236511230469
C10 624.979 98.98165893554688
C10 650.012 99.40718078613281
C10 675.004 99.43421936035156
C10 700.03 98.943359375
C10 725.012 98.81689453125
C10 750.022 98.41337585449219
C10 774.987 98.5660171508789
C10 799.976 98.0245361328125
C10 824.988 96.1362533569336
C10 850.022 93.96825408935547
C10 869.967 90.75272369384766
C10 875.002 89.97418212890625
C10 899.999 83.10070037841797
C10 919.999 74.60743713378906
C10 925.012 71.9109878540039
C10 949.965 59.31733322143555
C10 975.002 44.20896911621094
C10 999.976 27.12301254272461
C10 1025.028 11.970719337463379
C10 1050.014 4.222250938415527
C10 1075.002 0.9375794025836366
C10 1099.99 0.09302576698785249
C11 319.994 43.010250091552734
C11 324.969 48.543296813964844
C11 349.982 74.65046691894531
C11 374.975 82.35610961914062
C11 400.019 87.38717651367188
C11 424.965 87.99578094482422
C11 450.035 89.70703125
C11 475.003 91.45794677734375
C11 500.018 92.9427719116211
C11 525.002 94.42088317871094
C11 550.029 95.88639068603516
C11 575.023 97.43907928466797
C11 599.982 98.55862426757812
C11 619.997 98.52136993408203
C11 624.979 99.00209045410156
C11 650.012 99.42974853515625
C11 675.004 99.4632339477539
C11 700.03 98.98464965820312
C11 725.012 98.8935775756836
C11 750.022 98.53865814208984
C11 774.987 98.7402114868164
C11 799.976 98.21553039550781
C11 824.988 96.31332397460938
C11 850.022 94.14649963378906
C11 869.967 90.83921813964844
C11 875.002 90.03429412841797
C11 899.999 83.18189239501953
C11 919.999 74.77684783935547
C11 925.012 71.95720672607422
C11 949.965 59.211647033691406
C11 975.002 44.16498565673828
C11 999.976 27.109542846679688
C11 1025.028 11.982500076293945
C11 1050.014 4.226173400878906
C11 1075.002 0.9387729600590545
C11 1099.99 0.09314419066406474
C12 319.994 42.8131103515625
C12 324.969 48.31940460205078
C12 349.982 74.35665130615234
C12 374.975 82.12623596191406
C12 400.019 87.21241760253906
C12 424.965 87.84699249267578
C12 450.035 89.56295776367188
C12 475.003 91.31591796875
C12 500.018 92.80487060546875
C12 525.002 94.28218078613281
C12 550.029 95.75221252441406
C12 575.023 97.30465698242188
C12 599.982 98.42729949951172
C12 619.997 98.39192962646484
C12 624.979 98.87413787841797
C12 650.012 99.3080062866211
C12 675.004 99.34638977050781
C12 700.03 98.88455200195312
C12 725.012 98.836669921875
C12 750.022 98.53871154785156
C12 774.987 98.79248809814453
C12 799.976 98.28596496582031
C12 824.988 96.37303161621094
C12 850.022 94.2318115234375
C12 869.967 90.86775970458984
C12 875.002 90.03539276123047
C12 899.999 83.06967163085938
C12 919.999 74.8146743774414
C12 925.012 72.01886749267578
C12 949.965 59.17295837402344
C12 975.002 44.04534149169922
C12 999.976 27.020273208618164
C12 1025.028 11.916409492492676
C12 1050.014 4.245965957641602
C12 1075.002 0.9387734680563804
C12 1099.99 0.09314424106709272
C13 319.994 42.55714416503906
C13 324.969 48.031253814697266
C13 349.982 73.99051666259766
C13 374.975 81.84396362304688
C13 400.019 86.97224426269531
C13 424.965 87.6166000366211
C13 450.035 89.33428192138672
C13 475.003 91.08531951904297
C13 500.018 92.57113647460938
C13 525.002 94.05101776123047
C13 550.029 95.52173614501953
C13 575.023 97.07560729980469
C13 599.982 98.203125
C13 619.997 98.1745834350586
C13 624.979 98.65386199951172
C13 650.012 99.09253692626953
C13 675.004 99.1399917602539
C13 700.03 98.69956970214844
C13 725.012 98.69718170166016
C13 750.022 98.4576416015625
C13 774.987 98.76805114746094
C13 799.976 98.28821563720703
C13 824.988 96.3620376586914
C13 850.022 94.23016357421875
C13 869.967 90.92863464355469
C13 875.002 90.0712890625
C13 899.999 82.86782836914062
C13 919.999 74.77790069580078
C13 925.012 72.01374053955078
C13 949.965 59.2851448059082
C13 975.002 44.015655517578125
C13 999.976 26.876502990722656
C13 1025.028 11.844605445861816
C13 1050.014 4.251551151275635
C13 1075.002 0.9380011179462981
C13 1099.99 0.09306760919871382
C14 319.994 42.57741165161133
C14 324.969 48.054229736328125
C14 349.982 74.04362487792969
C14 374.975 81.94121551513672
C14 400.019 87.08081817626953
C14 424.965 87.72959899902344
C14 450.035 89.44828033447266
C14 475.003 91.1964340209961
C14 500.018 92.68841552734375
C14 525.002 94.16583251953125
C14 550.029 95.64366149902344
C14 575.023 97.19528198242188
C14 599.982 98.32940673828125
C14 619.997 98.30162048339844
C14 624.979 98.77896118164062
C14 650.012 99.22076416015625
C14 675.004 99.27189636230469
C14 700.03 98.84657287597656
C14 725.012 98.88385772705078
C14 750.022 98.69550323486328
C14 774.987 99.0569839477539
C14 799.976 98.58927154541016
C14 824.988 96.6633071899414
C14 850.022 94.5166244506836
C14 869.967 91.21936798095703
C14 875.002 90.39112091064453
C14 899.999 83.03545379638672
C14 919.999 74.89828491210938
C14 925.012 72.1663818359375
C14 949.965 59.41341018676758
C14 975.002 44.1369743347168
C14 999.976 26.867624282836914
C14 1025.028 11.781341552734375
C14 1050.014 4.2460246086120605
C14 1075.002 0.9402672129429708
C14 1099.99 0.09329244906246499
C15 319.994 42.43207550048828
C15 324.969 47.8895149230957
C15 349.982 73.85148620605469
C15 374.975 81.8265609741211
C15 400.019 87.00060272216797
C15 424.965 87.65730285644531
C15 450.035 89.37541198730469
C15 475.003 91.12301635742188
C15 500.018 92.61325073242188
C15 525.002 94.09504699707031
C15 550.029 95.56779479980469
C15 575.023 97.12793731689453
C15 599.982 98.26346588134766
C15 619.997 98.24015808105469
C15 624.979 98.71908569335938
C15 650.012 99.16474151611328
C15 675.004 99.22217559814453
C15 700.03 98.81292724609375
C15 725.012 98.87928771972656
C15 750.022 98.7309799194336
C15 774.987 99.12572479248047
C15 799.976 98.67041015625
C15 824.988 96.73771667480469
C15 850.022 94.6031265258789
C15 869.967 91.2516098022461
C15 875.002 90.43146514892578
C15 899.999 83.18228912353516
C15 919.999 74.8637466430664
C15 925.012 72.08739471435547
C15 949.965 59.205543518066406
C15 975.002 44.176307678222656
C15 999.976 26.84803581237793
C15 1025.028 11.746415138244629
C15 1050.014 4.232354164123535
C15 1075.002 0.9406051966903896
C15 1099.99 0.0933259834993846
C16 319.994 42.235595703125
C16 324.969 47.669883728027344
C16 349.982 73.54065704345703
C16 374.975 81.548583984375
C16 400.019 86.77430725097656
C16 424.965 87.45198059082031
C16 450.035 89.1768569946289
C16 475.003 90.9267578125
C16 500.018 92.4139404296875
C16 525.002 93.89608764648438
C16 550.029 95.37247467041016
C16 575.023 96.93425750732422
C16 599.982 98.0694580078125
C16 619.997 98.04400634765625
C16 624.979 98.53205108642578
C16 650.012 98.97672271728516
C16 675.004 99.0381088256836
C16 700.03 98.6294937133789
C16 725.012 98.7015609741211
C16 750.022 98.55523681640625
C16 774.987 98.95015716552734
C16 799.976 98.48689270019531
C16 824.988 96.53911590576172
C16 850.022 94.41165924072266
C16 869.967 90.98478698730469
C16 875.002 90.15049743652344
C16 899.999 82.94888305664062
C16 919.999 74.68133544921875
C16 925.012 71.90473937988281
C16 949.965 59.012569427490234
C16 975.002 43.89141082763672
C16 999.976 26.780031204223633
C16 1025.028 11.706621170043945
C16 1050.014 4.220194339752197
C16 1075.002 0.9389309007412538
C16 1099.99 0.09315986139345543
C17 319.994 42.23421859741211
C17 324.969 47.66613006591797
C17 349.982 73.50352478027344
C17 374.975 81.48958587646484
C17 400.019 86.71102142333984
C17 424.965 87.3913345336914
C17 450.035 89.1197509765625
C17 475.003 90.86720275878906
C17 500.018 92.3611068725586
C17 525.002 93.83865356445312
C17 550.029 95.31343841552734
C17 575.023 96.86756896972656
C17 599.982 97.99919128417969
C17 619.997 97.97895050048828
C17 624.979 98.45787811279297
C17 650.012 98.90139770507812
C17 675.004 98.9578857421875
C17 700.03 98.53750610351562
C17 725.012 98.5654525756836
C17 750.022 98.3586196899414
C17 774.987 98.69464111328125
C17 799.976 98.20116424560547
C17 824.988 96.24542236328125
C17 850.022 94.10454559326172
C17 869.967 90.69914245605469
C17 875.002 89.86060333251953
C17 899.999 82.61214447021484
C17 919.999 74.42606353759766
C17 925.012 71.68052673339844
C17 949.965 58.86956024169922
C17 975.002 43.616275787353516
C17 999.976 26.603134155273438
C17 1025.028 11.689716339111328
C17 1050.014 4.2401862144470215
C17 1075.002 0.9370577403745155
C17 1099.99 0.09297400814270472
