lsstCam/transmission_filter_detector/r13_s11/z_20/19700101T000000.ecsv
# %ECSV 1.0
# ---
# datatype:
# - {name: wavelength, unit: nm, datatype: float32}
# - {name: efficiency, unit: '%', datatype: float64}
# meta: !!omap
# - {MODE: DETECTOR}
# - {TYPE: transmission_filter_detector}
# - {CALIBDATE: '1970-01-01T00:00:00'}
# - {INSTRUME: LSSTCam}
# - {OBSTYPE: transmission_filter_detector}
# - {CALIBCLS: lsst.ip.isr.IntermediateFilterDetectorTransmissionCurve}
# - {SOURCE: Materion (DM-46256)}
# - {DETECTOR: 58}
# - {FILTER: z_20}
# - {CALIB_ID: 'calibDate=1970-01-01T00:00:00 filter=z_20 detector=58'}
# - {DATE: '2025-04-02T15:59:48.906091'}
# - {CALIB_CREATION_DATE: '2025-04-02'}
# - {CALIB_CREATION_TIME: '15:59:48'}
# - __serialized_columns__:
#     efficiency:
#       __class__: astropy.units.quantity.Quantity
#       unit: !astropy.units.Unit {unit: '%'}
#       value: !astropy.table.SerializedColumn {name: efficiency}
#     wavelength:
#       __class__: astropy.units.quantity.Quantity
#       unit: !astropy.units.Unit {unit: nm}
#       value: !astropy.table.SerializedColumn {name: wavelength}
# schema: astropy-2.0
wavelength efficiency
[from data line 597]
897.0 99.49215054512024
898.0 98.76183271408081
899.0 98.51171374320984
900.0 98.93940687179565
901.0 99.30685758590698
902.0 99.43652153015137
903.0 98.56770038604736
904.0 97.88008332252502
905.0 98.84370565414429
906.0 97.99461364746094
907.0 98.70115518569946
908.0 98.40732216835022
909.0 98.28526973724365
910.0 98.10109734535217
911.0 97.09013104438782
912.0 95.95114588737488
913.0 94.79076266288757
914.0 92.61382222175598
915.0 90.14828205108643
916.0 88.23147416114807
917.0 86.30163073539734
918.0 83.28911066055298
919.0 82.02282190322876
920.0 79.39965724945068
921.0 75.30898451805115
922.0 71.05071544647217
923.0 65.61889052391052
924.0 60.04089713096619
925.0 54.301661252975464
926.0 48.39993417263031
927.0 41.51642322540283
928.0 35.566046833992004
929.0 29.439768195152283
930.0 23.891714215278625
931.0 18.690428137779236
932.0 13.072371482849121
933.0 8.75682458281517
934.0 5.68249486386776
935.0 3.4971293061971664
936.0 2.097080834209919
937.0 1.24557763338089
938.0 0.6664826069027185
939.0 0.3932459745556116
940.0 0.16899098409339786
941.0 0.35176663659512997
942.0 0.2052003750577569
943.0 0.14388691633939743
944.0 0.1932667917571962
945.0 0.03579172189347446
946.0 1.596398577566327e-10
947.0 0.07883945945650339
948.0 1.596398577566327e-10
949.0 0.07851279806345701
950.0 1.596398577566327e-10
951.0 0.1636044355109334
952.0 0.022888176317792386
953.0 0.06428048363886774
954.0 0.07187678129412234
955.0 0.08319763001054525
956.0 1.596398577566327e-10
957.0 0.015673671441618353
958.0 0.002047398629656527
959.0 1.596398577566327e-10
960.0 0.017235496488865465
961.0 0.05870325840078294
962.0 1.596398577566327e-10
963.0 1.596398577566327e-10
964.0 1.596398577566327e-10
965.0 0.006985117215663195
966.0 0.05039328243583441
967.0 0.057537987595424056
968.0 1.596398577566327e-10
969.0 1.596398577566327e-10
970.0 1.596398577566327e-10
971.0 0.041275660623796284
972.0 1.596398577566327e-10
973.0 1.596398577566327e-10
974.0 1.596398577566327e-10
975.0 1.596398577566327e-10
976.0 0.00646375774522312
977.0 0.006456973642343655
978.0 0.006450191722251475
979.0 0.0062360617448575795
980.0 0.006021931039867923
981.0 0.005889104431844316
982.0 0.005756278187618591
983.0 0.0056034310546237975
984.0 0.005450584285426885
985.0 0.005233296178630553
986.0 0.00501600734423846
987.0 0.0050146107241744176
988.0 0.005013214467908256
989.0 0.004930603608954698
990.0 0.004847993841394782
991.0 0.004926355177303776
992.0 0.005004716877010651
993.0 0.004970420559402555
994.0 0.004936123514198698
995.0 0.00486125354655087
996.0 0.004786383578903042
997.0 0.004584287671605125
998.0 0.004382191764307208
999.0 0.004371747490949929
1000.0 0.0043613028537947685
1001.0 0.004517819616012275
1002.0 0.004674336014431901
1003.0 0.004571920362650417
1004.0 0.004469504710868932
1005.0 0.004347280992078595
1006.0 0.004225057273288257
1007.0 0.00428295461460948
1008.0 0.004340851592132822
1009.0 0.004420090044732206
1010.0 0.0044993284973315895
1011.0 0.0045673448767047375
1012.0 0.004635360892280005
1013.0 0.0044353128032526
1014.0 0.004235264350427315
1015.0 0.004441445344127715
1016.0 0.004647625974030234
1017.0 0.004895525853498839
1018.0 0.005143425732967444
1019.0 0.0049318448873236775
1020.0 0.004720263677882031
1021.0 0.0047023084334796295
1022.0 0.004684353189077228
1023.0 0.004575470666168258
1024.0 0.004466587779461406
1025.0 0.004725031976704486
1026.0 0.004983476173947565
1027.0 0.004827517113881186
1028.0 0.004671558053814806
1029.0 0.004695837560575455
1030.0 0.0047201174311339855
1031.0 0.004868044561590068
1032.0 0.00501597132824827
1033.0 0.0050527269195299596
1034.0 0.00508948287460953
1035.0 0.005299768963595852
1036.0 0.005510054688784294
1037.0 0.005597686322289519
1038.0 0.005685317955794744
1039.0 0.005506561865331605
1040.0 0.005327805411070585
1041.0 0.005766447065980174
1042.0 0.006205088720889762
1043.0 0.005630367741105147
1044.0 0.005055646397522651
1045.0 0.005787242116639391
1046.0 0.006518836744362488
1047.0 0.006248849240364507
1048.0 0.0059788602811750025
1049.0 0.006088745067245327
1050.0 0.006198630580911413
1051.0 0.006581445632036775
1052.0 0.0069642635935451835
1053.0 0.006936040153959766
1054.0 0.0069078167143743485
1055.0 0.007607576117152348
1056.0 0.00830733624752611
1057.0 0.008158809214364737
1058.0 0.008010282908799127
1059.0 0.008078396786004305
1060.0 0.00814650920801796
1061.0 0.00853557139635086
1062.0 0.008924632857088
1063.0 0.00910569287952967
1064.0 0.009286753629567102
1065.0 0.009301570389652625
1066.0 0.009316389332525432
1067.0 0.0095237948698923
1068.0 0.009731204045237973
1069.0 0.010437039600219578
1070.0 0.011142875882796943
1071.0 0.01084563264157623
1072.0 0.010548389400355518
1073.0 0.010823439515661448
1074.0 0.011098489630967379
1075.0 0.011853795149363577
1076.0 0.012609105033334345
1077.0 0.012415974924806505
1078.0 0.012222844816278666
1079.0 0.013351495726965368
1080.0 0.014480149548035115
1081.0 0.01442690845578909
1082.0 0.014373671729117632
1083.0 0.014311449194792658
1084.0 0.01424922957085073
1085.0 0.014704835484735668
1086.0 0.015160442853812128
1087.0 0.01523887476650998
1088.0 0.015317308134399354
1089.0 0.016700802370905876
1090.0 0.01808429806260392
1091.0 0.018050191283691674
1092.0 0.018016078684013337
1093.0 0.017616966215427965
1094.0 0.017217850836459547
1095.0 0.018453359371051192
1096.0 0.019688870816025883
1097.0 0.020338845206424594
1098.0 0.02098882250720635
1099.0 0.022769001952838153
1100.0 0.024549177032895386
1101.0 0.024737842613831162
1102.0 0.024926502374000847
1103.0 0.02650738460943103
1104.0 0.028088261024095118
1105.0 0.02773536543827504
1106.0 0.027382472762838006
1107.0 0.02871328324545175
1108.0 0.030044096638448536
1109.0 0.03127333184238523
1110.0 0.03250256413593888
1111.0 0.03236179181840271
1112.0 0.03222101950086653
1113.0 0.03441722656134516
1114.0 0.03661343944258988
1115.0 0.035314340493641794
1116.0 0.0340152473654598
1117.0 0.03491177631076425
1118.0 0.03580830816645175
1119.0 0.039270787965506315
1120.0 0.04273326776456088
1121.0 0.04331058880779892
1122.0 0.04388791567180306
1123.0 0.044334103586152196
1124.0 0.044780291500501335
1125.0 0.04507219127845019
1126.0 0.04536409396678209
1127.0 0.04897178732790053
1128.0 0.05257947486825287
1129.0 0.057300174375995994
1130.0 0.062020873883739114
1131.0 0.06108866655267775
1132.0 0.060156447580084205
1133.0 0.062922528013587
1134.0 0.06568859680555761
1135.0 0.06564345094375312
1136.0 0.06559829926118255
1137.0 0.07081872317939997
1138.0 0.07603915291838348
1139.0 0.07948849815875292
1140.0 0.08293780847452581
1141.0 0.09228611597791314
1142.0 0.1016344060190022
1143.0 0.12461680453270674
1144.0 0.14759916812181473
1145.0 0.29807176906615496
1146.0 0.4485444165766239
1147.0 0.958748534321785
1148.0 1.468952652066946
1149.0 1.6691584140062332
1150.0 1.8693653866648674
