lsstCam/transmission_filter_detector/r13_s11/z_20/19700101T000000.ecsv
# %ECSV 1.0
# ---
# datatype:
# - {name: wavelength, unit: nm, datatype: float32}
# - {name: efficiency, unit: '%', datatype: float64}
# meta: !!omap
# - {MODE: DETECTOR}
# - {TYPE: transmission_filter_detector}
# - {CALIBDATE: '1970-01-01T00:00:00'}
# - {INSTRUME: LSSTCam}
# - {OBSTYPE: transmission_filter_detector}
# - {CALIBCLS: lsst.ip.isr.IntermediateFilterDetectorTransmissionCurve}
# - {SOURCE: Materion (DM-46256)}
# - {DETECTOR: 58}
# - {FILTER: z_20}
# - {CALIB_ID: 'calibDate=1970-01-01T00:00:00 filter=z_20 detector=58'}
# - {DATE: '2025-04-02T15:59:48.906091'}
# - {CALIB_CREATION_DATE: '2025-04-02'}
# - {CALIB_CREATION_TIME: '15:59:48'}
# - __serialized_columns__:
#     efficiency:
#       __class__: astropy.units.quantity.Quantity
#       unit: !astropy.units.Unit {unit: '%'}
#       value: !astropy.table.SerializedColumn {name: efficiency}
#     wavelength:
#       __class__: astropy.units.quantity.Quantity
#       unit: !astropy.units.Unit {unit: nm}
#       value: !astropy.table.SerializedColumn {name: wavelength}
# schema: astropy-2.0
wavelength efficiency
300.0 0.8757925592362881
301.0 0.5919045303016901
302.0 0.3080166410654783
303.0 0.2978599863126874
304.0 0.28770333155989647
305.0 0.24282950907945633
306.0 0.1979556167498231
307.0 0.1828048611059785
308.0 0.16765412874519825
309.0 0.14606209006160498
310.0 0.12447003973647952
311.0 0.12604892253875732
312.0 0.12762785190716386
313.0 0.11284142965450883
314.0 0.09805504232645035
315.0 0.09658904164098203
316.0 0.09512304095551372
317.0 0.07941639050841331
318.0 0.0637097517028451
319.0 0.06354170036502182
320.0 0.06337364902719855
321.0 0.0635543605312705
322.0 0.06373507785610855
323.0 0.055677577620372176
324.0 0.047620077384635806
325.0 0.044266280019655824
326.0 0.04091248556505889
327.0 0.04008338728453964
328.0 0.03925428609363735
329.0 0.034429196966812015
330.0 0.029604110750369728
331.0 0.026954029453918338
332.0 0.024303948157466948
333.0 0.023530962062068284
334.0 0.022757974511478096
335.0 0.021777814254164696
336.0 0.020797652541659772
337.0 0.02481535484548658
338.0 0.0288330513285473
339.0 0.024626628146506846
340.0 0.02042020933004096
341.0 0.0172076586750336
342.0 0.013995106564834714
343.0 0.013767021300736815
344.0 0.013538937491830438
345.0 0.01277212577406317
346.0 0.01200531332870014
347.0 0.01152877593995072
348.0 0.011052240006392822
349.0 0.013566328561864793
350.0 0.016080416389741004
351.0 0.01340417074970901
352.0 0.010727918561315164
353.0 0.01132171310018748
354.0 0.011915506911464036
355.0 0.01020450217765756
356.0 0.008493497443851084
357.0 0.009437184053240344
358.0 0.01038087357301265
359.0 0.010090067371493205
360.0 0.00979926116997376
361.0 0.008894229540601373
362.0 0.007989201549207792
363.0 0.009216942999046296
364.0 0.010444683721289039
365.0 0.010156036296393722
366.0 0.00986739105428569
367.0 0.008609508950030431
368.0 0.007351626118179411
369.0 0.007893736619735137
370.0 0.008435847848886624
371.0 0.008362666994798928
372.0 0.008289488323498517
373.0 0.00725005374988541
374.0 0.006210621359059587
375.0 0.006505819328594953
376.0 0.006801016570534557
377.0 0.007109376747393981
378.0 0.007417735469061881
379.0 0.006244821270229295
380.0 0.005071907435194589
381.0 0.0032327061489922926
382.0 0.0013935055903857574
383.0 0.0036345678381621838
384.0 0.005875629722140729
385.0 0.005587373016169295
386.0 0.005299116673995741
387.0 0.005961846545687877
388.0 0.006624577508773655
389.0 0.005876832437934354
390.0 0.005129088458488695
391.0 0.004751031519845128
392.0 0.004372974581201561
393.0 0.004810065365745686
394.0 0.005247156877885573
395.0 0.004351675306679681
396.0 0.0034561933716759086
397.0 0.0036412453482626006
398.0 0.003826296961051412
399.0 0.004046407775604166
400.0 0.00426651859015692
401.0 0.004691254434874281
402.0 0.005115990279591642
403.0 0.0051007740694331005
404.0 0.00508555858687032
405.0 0.00415497888752725
406.0 0.00322439955198206
407.0 0.0019022447304450907
408.0 0.0005800904546049424
409.0 0.0019770190192502923
410.0 0.0033739481295924634
411.0 0.0041213887016056105
412.0 0.004868829273618758
413.0 0.004702350270235911
414.0 0.004535870903055184
415.0 0.003753276541829109
416.0 0.002970682908198796
417.0 0.003957662192988209
418.0 0.004944641841575503
419.0 0.004440884731593542
420.0 0.003937127985409461
421.0 0.003924252087017521
422.0 0.003911377280019224
423.0 0.0037592100852634758
424.0 0.00360704398190137
425.0 0.0026352963686804287
426.0 0.0016635493011563085
427.0 0.001875383168226108
428.0 0.0020872172171948478
429.0 0.0013690970263269264
430.0 0.0006509775175800314
431.0 0.0007261990504048299
432.0 0.0008014205377548933
433.0 0.0007672504580114037
434.0 0.0007330803782679141
435.0 0.0012424219676177017
436.0 0.0017517635569674894
437.0 0.0018883205484598875
438.0 0.002024877721851226
439.0 0.0021723979443777353
440.0 0.002319918348803185
441.0 0.0016922729628277011
442.0 0.0010646277587511577
443.0 0.0022143494788906537
444.0 0.00336407138092909
445.0 0.0033094904210884124
446.0 0.0032549098250456154
447.0 0.0025500454285065643
448.0 0.001845180850068573
449.0 0.002514499647077173
450.0 0.003183818989782594
451.0 0.002531566315155942
452.0 0.0018793136405292898
453.0 0.0017613301679375581
454.0 0.0016433468772447668
455.0 0.002411476270935964
456.0 0.0031796058465261012
457.0 0.0022907341190148145
458.0 0.0014018623915035278
459.0 0.0015241382243402768
460.0 0.0016464140571770258
461.0 0.0008182900273823179
462.0 1.596398577566327e-10
463.0 0.0009482317182119004
464.0 0.0019062978026340716
465.0 0.00218935983866686
466.0 0.002472422056598589
467.0 0.0021656189346686006
468.0 0.0018588152670417912
469.0 0.0016483652871102095
470.0 0.001437914943380747
471.0 0.001333521413471317
472.0 0.0012291281564102974
473.0 0.0012321969734330196
474.0 0.001235265881405212
475.0 0.0011049162822018843
476.0 0.0009745667739480268
477.0 0.0013077561561658513
478.0 0.0016409454474342056
479.0 0.0020222525563440286
480.0 0.0024035596652538516
481.0 0.0018974731574417092
482.0 0.0013913865586800966
483.0 0.0009604731530998833
484.0 0.000529559702044935
485.0 0.0013996429515827913
486.0 0.0022697260646964423
487.0 0.0015612840797984973
488.0 0.000852842003951082
489.0 0.0016309601051034406
490.0 0.0024090782972052693
491.0 0.0022868733140057884
492.0 0.0021646683308063075
493.0 0.00200343674805481
494.0 0.0018422053472022526
495.0 0.0015758927474962547
496.0 0.0013095801477902569
497.0 0.0011600067409744952
498.0 0.0010104335160576738
499.0 0.0011937056115129963
500.0 0.001376977888867259
501.0 0.0008881540452421177
502.0 0.00039932997424330097
503.0 0.0011819619430752937
504.0 0.0019645940483314916
505.0 0.0021650392227456905
506.0 0.002365484215260949
507.0 0.002285175105498638
508.0 0.0022048658138373867
509.0 0.00186081015272066
510.0 0.001516754855401814
511.0 0.0011992987310804892
512.0 0.0008818426977086347
513.0 0.001308671653532656
514.0 0.0017355008822050877
515.0 0.0013197916814533528
516.0 0.0009040829354489688
517.0 0.0009092819709621836
518.0 0.0009144810064753983
519.0 0.001101637553801993
520.0 0.0012887936463812366
521.0 0.0016183344996534288
522.0 0.0019478751710266806
523.0 0.001281173899769783
524.0 0.0006144727194623556
525.0 0.0006680105798295699
526.0 0.0007215485766209895
527.0 0.0011069343599956483
528.0 0.0014923204616934527
529.0 0.0012798382158507593
530.0 0.0010673553333617747
531.0 0.0011685382560244761
532.0 0.0012697209967882372
533.0 0.0008723987775738351
534.0 0.0004750764219352277
535.0 0.0010427337656437885
536.0 0.0016103911548270844
537.0 0.0016248193787760101
538.0 0.0016392476027249359
539.0 0.0011318391443637665
540.0 0.0006244304586289218
541.0 0.0007417354481731309
542.0 0.000859040483192075
543.0 0.0012781240002368577
544.0 0.0016972075172816403
545.0 0.0011310008630971424
546.0 0.0005647943908115849
547.0 0.0012306747521506622
548.0 0.0018965547496918589
549.0 0.0016759648133302107
550.0 0.0014553747860190924
551.0 0.0014672124962089583
552.0 0.0014790499335504137
553.0 0.0013043000762991142
554.0 0.0011295500371488743
555.0 0.0010261943316436373
556.0 0.0009228388989868108
557.0 0.0013413065062195528
558.0 0.0017597738406038843
559.0 0.0017878939615911804
560.0 0.0018160137187805958
561.0 0.0016295694877044298
562.0 0.0014431249837798532
563.0 0.0011811060176114552
564.0 0.0009190868695441168
565.0 0.0016070469428086653
566.0 0.0022950072889216244
567.0 0.002670018147910014
568.0 0.0030450286431005225
569.0 0.0028959446353837848
570.0 0.002746860627667047
571.0 0.0026361673008068465
572.0 0.002525473428249825
573.0 0.001998692096094601
574.0 0.001471910854888847
575.0 0.0019288927433080971
576.0 0.0023858743588789366
577.0 0.001961620910151396
578.0 0.0015373681890196167
579.0 0.0016775064068497159
580.0 0.0018176442608819343
581.0 0.0016895213775569573
582.0 0.00156139831233304
583.0 0.0019645989596028812
584.0 0.002367799788771663
585.0 0.002523414332245011
586.0 0.002679028875718359
587.0 0.002060756742139347
588.0 0.0014424840628635138
589.0 0.002020889769482892
590.0 0.00259929547610227
591.0 0.001762053398124408
592.0 0.0009248112291970756
593.0 0.0007606829512951663
594.0 0.0005965546279185219
595.0 0.001071553288056748
596.0 0.0015465517208212987
597.0 0.001413637164660031
598.0 0.001280722426599823
599.0 0.0009757738553162199
600.0 0.0006708255568810273
601.0 0.0005501905434357468
602.0 0.0004295554845157312
603.0 0.0009216625585395377
604.0 0.0014137692232907284
605.0 0.000887845908437157
606.0 0.00036192220704833744
607.0 0.0007807027941453271
608.0 0.0011994833585049491
609.0 0.0011729085599654354
610.0 0.0011463334885775112
611.0 0.0010040732377092354
612.0 0.0008618127139925491
613.0 0.0007968689715198707
614.0 0.0007319252745219273
615.0 0.0011917507436010055
616.0 0.0016515765310032293
617.0 0.002149627107428387
618.0 0.0026476778657524846
619.0 0.0021809835743624717
620.0 0.0017142891010735184
621.0 0.0014473408555204514
622.0 0.0011803921552200336
623.0 0.0015416695532621816
624.0 0.0019029468603548594
625.0 0.0016904054064070806
626.0 0.001477864043408772
627.0 0.0018752747564576566
628.0 0.0022726861061528325
629.0 0.0020134624719503336
630.0 0.001754239019646775
631.0 0.0015751884347992018
632.0 0.001396137577103218
633.0 0.0017348364053759724
634.0 0.002073535324598197
635.0 0.005045284706284292
636.0 0.008017032814677805
637.0 0.01538640062790364
638.0 0.022755769896321
639.0 0.019900131155736744
640.0 0.017044490959960967
641.0 0.014780552010051906
642.0 0.012516617425717413
643.0 0.010013618157245219
644.0 0.007510621071560308
645.0 0.006783757271477953
646.0 0.00605689492658712
647.0 0.005555178722715937
648.0 0.005053462155046873
649.0 0.004171096225036308
650.0 0.0032887306588236243
651.0 0.003673697210615501
652.0 0.004058663398609497
653.0 0.0033411015465389937
654.0 0.0026235395125695504
655.0 0.0028703005227725953
656.0 0.003117062078672461
657.0 0.003013192326761782
658.0 0.0029093223929521628
659.0 0.0027330692319083028
660.0 0.002556816252763383
661.0 0.002715922164497897
662.0 0.0028750277124345303
663.0 0.001937977685884107
664.0 0.0010009280231315643
665.0 0.0015353469279943965
666.0 0.0020697661966551095
667.0 0.0024233851945609786
668.0 0.002777004374365788
669.0 0.002008533920161426
670.0 0.0012400634659570642
671.0 0.0009117397894442547
672.0 0.0005834160674567102
673.0 0.0012948270523338579
674.0 0.002006238355534151
675.0 0.0020820929421461187
676.0 0.002157947346859146
677.0 0.0019122804587823339
678.0 0.0016666133888065815
679.0 0.0014274373825173825
680.0 0.0011882612852787133
681.0 0.0012453167983039748
682.0 0.0013023723113292363
683.0 0.0023831606085877866
684.0 0.0034639488148968667
685.0 0.0028630322049139068
686.0 0.0022621159587288275
687.0 0.0016810925444588065
688.0 0.0011000686754414346
689.0 0.0014445611668634228
690.0 0.0017890533854370005
691.0 0.002103441147482954
692.0 0.0024178285457310267
693.0 0.0027410429538576864
694.0 0.0030642575438832864
695.0 0.003292889959993772
696.0 0.003521522376104258
697.0 0.003656853368738666
698.0 0.0037921843613730744
699.0 0.005645104465656914
700.0 0.00749802275095135
701.0 0.0071400878368876874
702.0 0.006782154378015548
703.0 0.006209460843820125
704.0 0.00563676658202894
705.0 0.005147557385498658
706.0 0.004658348916564137
707.0 0.004393855851958506
708.0 0.004129362787352875
709.0 0.004221571725793183
710.0 0.0043137810280313715
711.0 0.003927181023755111
712.0 0.00354058101947885
713.0 0.002525220043025911
714.0 0.0015098590665729716
715.0 0.0021879330233787186
716.0 0.0028660069801844656
717.0 0.0024913964807637967
718.0 0.0021167854356463067
719.0 0.0016726169633329846
720.0 0.0012284481272217818
721.0 0.0011850956980197225
722.0 0.001141743177868193
723.0 0.0009930202395480592
724.0 0.0008442973921773955
725.0 0.0012693236385530327
726.0 0.0016943498849286698
727.0 0.0017056741853593849
728.0 0.0017169979400932789
729.0 0.0017737966118147597
730.0 0.0018305956473341212
731.0 0.0014189277862897143
732.0 0.0010072601071442477
733.0 0.0009379290531796869
734.0 0.0008685977263667155
735.0 0.0010296954314981122
736.0 0.0011907928637810983
737.0 0.0013379230949794874
738.0 0.001485053053329466
739.0 0.001184842039947398
740.0 0.0008846308446663897
741.0 0.001025912570185028
742.0 0.0011671940228552558
743.0 0.0015910258298390545
744.0 0.0020148576368228532
745.0 0.0013334360119188204
746.0 0.0006520143415400526
747.0 0.0011566731700440869
748.0 0.001661331953073386
749.0 0.002297258652106393
750.0 0.0029331855330383405
751.0 0.0029349204851314425
752.0 0.0029366552553256042
753.0 0.0029290014936123043
754.0 0.002921347913797945
755.0 0.00195694447029382
756.0 0.000992541026789695
757.0 0.001894364322652109
758.0 0.002796187618514523
759.0 0.002616419442347251
760.0 0.0024366510842810385
761.0 0.004278382402844727
762.0 0.006120113539509475
763.0 0.00570155716559384
764.0 0.005283000427880324
765.0 0.005289854743750766
766.0 0.005296707968227565
767.0 0.004476422327570617
768.0 0.003656136686913669
769.0 0.003360625123605132
770.0 0.003065115015488118
771.0 0.003945320349885151
772.0 0.004825526048080064
773.0 0.003989534889115021
774.0 0.003153543366352096
775.0 1.596398577566327e-10
776.0 1.596398577566327e-10
777.0 0.13838126324117184
778.0 0.008870119927451015
779.0 0.1377849723212421
780.0 1.596398577566327e-10
781.0 0.04448003019206226
782.0 1.596398577566327e-10
783.0 0.08815019391477108
784.0 1.596398577566327e-10
785.0 0.04209741891827434
786.0 0.201924960128963
787.0 0.10822574840858579
788.0 0.011406748672015965
789.0 0.012095565762137994
790.0 0.08203305769711733
791.0 0.10918283369392157
792.0 1.596398577566327e-10
793.0 0.11962137650698423
794.0 1.596398577566327e-10
795.0 0.06737240473739803
796.0 0.08802139200270176
797.0 0.18107726937159896
798.0 0.14821994118392467
799.0 0.1359399757348001
800.0 0.019960511417593807
801.0 0.36596423014998436
802.0 0.5870494525879622
803.0 1.0269448161125183
804.0 1.6939032822847366
805.0 2.4548687040805817
806.0 3.9096590131521225
807.0 5.6883156299591064
808.0 7.669054716825485
809.0 10.167545080184937
810.0 13.283808529376984
811.0 16.73102229833603
812.0 19.649748504161835
813.0 22.654111683368683
814.0 25.55898427963257
815.0 29.291877150535583
816.0 34.046387672424316
817.0 39.71159756183624
818.0 45.39501667022705
819.0 51.47566199302673
820.0 58.76569747924805
821.0 66.75136089324951
822.0 73.00041913986206
823.0 78.81620526313782
824.0 84.04724597930908
825.0 88.81786465644836
826.0 92.23620891571045
827.0 95.08493542671204
828.0 97.88103699684143
829.0 98.69610667228699
830.0 98.87733459472656
831.0 99.43625926971436
832.0 98.52657318115234
833.0 99.50801730155945
834.0 98.48974347114563
835.0 99.50908422470093
836.0 99.23186302185059
837.0 99.39491152763367
838.0 98.10115694999695
839.0 98.75950813293457
840.0 98.97605776786804
841.0 99.06680583953857
842.0 99.73149299621582
843.0 99.97386336326599
844.0 98.52375984191895
845.0 98.9544928073883
846.0 98.42514991760254
847.0 98.92926812171936
848.0 99.92929697036743
849.0 98.84812831878662
850.0 98.27045798301697
851.0 99.30076003074646
852.0 99.33865070343018
853.0 99.07041192054749
854.0 99.81430768966675
855.0 98.62834811210632
856.0 98.98027777671814
857.0 98.33040833473206
858.0 98.59650731086731
859.0 99.39311146736145
860.0 98.73523712158203
861.0 99.07416701316833
862.0 99.07061457633972
863.0 98.31154346466064
864.0 99.23815727233887
865.0 100.02985000610352
866.0 98.6288070678711
867.0 99.55621361732483
868.0 99.64268803596497
869.0 98.92345666885376
870.0 98.3874261379242
871.0 98.99462461471558
872.0 99.1898238658905
873.0 99.37452673912048
874.0 100.10843276977539
875.0 99.037104845047
876.0 99.21389818191528
877.0 99.79254603385925
878.0 99.14567470550537
879.0 98.5206127166748
880.0 98.82254004478455
881.0 100.04959106445312
882.0 99.14623498916626
883.0 99.11138415336609
884.0 99.22751784324646
885.0 98.52383136749268
886.0 98.83284568786621
887.0 98.77612590789795
888.0 99.06218647956848
889.0 99.51213002204895
890.0 98.46973419189453
891.0 99.56843852996826
892.0 98.80427122116089
893.0 98.77898097038269
894.0 98.53551387786865
895.0 99.92560148239136
