lsstCam/transmission_filter_detector/r12_s12/u_24/19700101T000000.ecsv
# %ECSV 1.0
# ---
# datatype:
# - {name: wavelength, unit: nm, datatype: float32}
# - {name: efficiency, unit: '%', datatype: float64}
# meta: !!omap
# - {MODE: DETECTOR}
# - {TYPE: transmission_filter_detector}
# - {CALIBDATE: '1970-01-01T00:00:00'}
# - {INSTRUME: LSSTCam}
# - {OBSTYPE: transmission_filter_detector}
# - {CALIBCLS: lsst.ip.isr.IntermediateFilterDetectorTransmissionCurve}
# - {SOURCE: Materion (DM-46256)}
# - {DETECTOR: 50}
# - {FILTER: u_24}
# - {CALIB_ID: 'calibDate=1970-01-01T00:00:00 filter=u_24 detector=50'}
# - {DATE: '2025-04-02T15:59:39.981100'}
# - {CALIB_CREATION_DATE: '2025-04-02'}
# - {CALIB_CREATION_TIME: '15:59:39'}
# - __serialized_columns__:
#     efficiency:
#       __class__: astropy.units.quantity.Quantity
#       unit: !astropy.units.Unit {unit: '%'}
#       value: !astropy.table.SerializedColumn {name: efficiency}
#     wavelength:
#       __class__: astropy.units.quantity.Quantity
#       unit: !astropy.units.Unit {unit: nm}
#       value: !astropy.table.SerializedColumn {name: wavelength}
# schema: astropy-2.0
wavelength efficiency
[from data line 587]
882.0 0.0029579490728792734
883.0 0.002684173159650527
884.0 0.002410397428320721
885.0 0.0023536989829153754
886.0 0.00229700053751003
887.0 0.0021159983589313924
888.0 0.0019349965441506356
889.0 0.001833418536989484
890.0 0.001731840347929392
891.0 0.002098175355058629
892.0 0.0024645101802889258
893.0 0.002413912079646252
894.0 0.002363313251407817
895.0 0.002554594539105892
896.0 0.0027458754630060866
897.0 0.003353921783855185
898.0 0.003961968468502164
899.0 0.004098368663107976
900.0 0.004234768493915908
901.0 0.004266412361175753
902.0 0.004298056592233479
903.0 0.00452548629255034
904.0 0.004752915992867202
905.0 0.005012507244828157
906.0 0.005272098496789113
907.0 0.00545010989299044
908.0 0.005628121289191768
909.0 0.005561301804846153
910.0 0.0054944826842984185
911.0 0.005590497676166706
912.0 0.0056865133956307545
913.0 0.0055586075177416205
914.0 0.005430701276054606
915.0 0.004771547537529841
916.0 0.004112394162802957
917.0 0.003846442632493563
918.0 0.0035804918297799304
919.0 0.004029312913189642
920.0 0.004478133996599354
921.0 0.00452027925348375
922.0 0.004562424510368146
923.0 0.005256501026451588
924.0 0.0059505760873435065
925.0 0.0063129591580946
926.0 0.0066753418650478125
927.0 0.007237808313220739
928.0 0.007800271123414859
929.0 0.007747939525870606
930.0 0.007695607200730592
931.0 0.007430130062857643
932.0 0.007164651469793171
933.0 0.00699167576385662
934.0 0.00681870078551583
935.0 0.007118737266864628
936.0 0.007418773748213425
937.0 0.007243032450787723
938.0 0.007067293336149305
939.0 0.007009969704085961
940.0 0.0069526453444268554
941.0 0.0061790706240572035
942.0 0.0054054948122939095
943.0 0.004148974039708264
944.0 0.00289245381281944
945.0 0.0023403132217936218
946.0 0.001788172812666744
947.0 0.0016088197298813611
948.0 0.0014294669199443888
949.0 0.0013517661500372924
950.0 0.001274065380130196
951.0 0.0012717177014565095
952.0 0.0012693701137322932
953.0 0.0014275255125539843
954.0 0.001585681275173556
955.0 0.0022326934413285926
956.0 0.002879705607483629
957.0 0.0028089125407859683
958.0 0.0027381183826946653
959.0 0.003006148472195491
960.0 0.003274178015999496
961.0 0.003556590309017338
962.0 0.003839002238237299
963.0 0.00420904798374977
964.0 0.0045790933654643595
965.0 0.004678931145463139
966.0 0.004778768925461918
967.0 0.004848563548875973
968.0 0.004918358536087908
969.0 0.004835323852603324
970.0 0.00475228953291662
971.0 0.004722372250398621
972.0 0.004692454604082741
973.0 0.004499552596826106
974.0 0.004306650225771591
975.0 0.003968200326198712
976.0 0.0036297496990300715
977.0 0.003436321276240051
978.0 0.0032428924896521494
979.0 0.003050702071050182
980.0 0.002858511288650334
981.0 0.0027935224352404475
982.0 0.0027285332180326805
983.0 0.0027661133572109975
984.0 0.002803693132591434
985.0 0.003278651274740696
986.0 0.003753609780687839
987.0 0.004042333966935985
988.0 0.004331058153184131
989.0 0.005298898395267315
990.0 0.006266737909754738
991.0 0.006189300620462745
992.0 0.006111863331170753
993.0 0.006460883014369756
994.0 0.006809901969972998
995.0 0.006553937419084832
996.0 0.006297969957813621
997.0 0.006146229134174064
998.0 0.005994490857119672
999.0 0.006324111018329859
1000.0 0.006653728632954881
1001.0 0.006243108509806916
1002.0 0.005832486203871667
1003.0 0.005505754597834311
1004.0 0.005179024446988478
1005.0 0.005201592284720391
1006.0 0.005224159394856542
1007.0 0.005070973202236928
1008.0 0.004917784099234268
1009.0 0.004559797889669426
1010.0 0.004201812043902464
1011.0 0.00398381489503663
1012.0 0.003765818109968677
1013.0 0.0030595365387853235
1014.0 0.00235325514950091
1015.0 0.0021048788767075166
1016.0 0.0018565024220151827
1017.0 0.0016381763998651877
1018.0 0.0014198501048667822
1019.0 0.0011557844118215144
1020.0 0.0008917185368773062
1021.0 0.000971738245425513
1022.0 0.00105175804492319
1023.0 0.001119162425311515
1024.0 0.0011865668056998402
1025.0 0.0014217755051504355
1026.0 0.0016569843864999712
1027.0 0.001290290219913004
1028.0 0.0009235956895281561
1029.0 0.0008599649845564272
1030.0 0.0007963345524331089
1031.0 0.0013286722605698742
1032.0 0.00186101024155505
1033.0 0.001972540485439822
1034.0 0.0020840709112235345
1035.0 0.002163296267099213
1036.0 0.002242521441075951
1037.0 0.0022516256649396382
1038.0 0.002260730070702266
1039.0 0.0021056350306025706
1040.0 0.001950540354300756
1041.0 0.0016195670468732715
1042.0 0.001288593830395257
1043.0 0.0011756603271351196
1044.0 0.0010627270967233926
1045.0 0.0012571087609103415
1046.0 0.0014514905160467606
1047.0 0.0014410731637326535
1048.0 0.0014306559933174867
1049.0 0.0011887282198586036
1050.0 0.0009467998097534291
1051.0 0.0010321610716346186
1052.0 0.0011175221516168676
1053.0 0.0008315625564137008
1054.0 0.0005456027793115936
1055.0 0.0006865274372103158
1056.0 0.0008274524589069188
1057.0 0.0012787560990545899
1058.0 0.001730059739202261
1059.0 0.0009323303856945131
1060.0 0.00013460113450491917
1061.0 0.0007251199349411763
1062.0 0.0013156384738977067
1063.0 0.0011187927157152444
1064.0 0.000921946411835961
1065.0 0.001069660902430769
1066.0 0.0012173755749245174
1067.0 0.0006034252237441251
1068.0 1.589092464386599e-10
1069.0 0.0010972363270411734
1070.0 0.002204997872468084
1071.0 0.0014869622646074276
1072.0 0.0007689268386457115
1073.0 0.0012303838957450353
1074.0 0.001691840952844359
1075.0 0.002890293035306968
1076.0 0.004088744753971696
1077.0 0.00419265306845773
1078.0 0.004296561382943764
1079.0 0.004867890311288647
1080.0 0.005439216329250485
1081.0 0.003302299592178315
1082.0 0.001165382764156675
1083.0 0.0014537726201524492
1084.0 0.0017421623851987533
1085.0 0.0034307548048673198
1086.0 0.005119347042636946
1087.0 0.004407873711897992
1088.0 0.003696399653563276
1089.0 0.005997352855047211
1090.0 0.008298306056531146
1091.0 0.005646095814881846
1092.0 0.0029938850275357254
1093.0 0.0022562144295079634
1094.0 0.0015185441043286119
1095.0 0.0013392140317591839
1096.0 0.0011598841410886962
1097.0 0.0020716099243145436
1098.0 0.002983336162287742
1099.0 0.001705158138065599
1100.0 0.00042698034121713135
