lsstCam/transmission_filter_detector/r12_s12/u_24/19700101T000000.ecsv
# %ECSV 1.0
# ---
# datatype:
# - {name: wavelength, unit: nm, datatype: float32}
# - {name: efficiency, unit: '%', datatype: float64}
# meta: !!omap
# - {MODE: DETECTOR}
# - {TYPE: transmission_filter_detector}
# - {CALIBDATE: '1970-01-01T00:00:00'}
# - {INSTRUME: LSSTCam}
# - {OBSTYPE: transmission_filter_detector}
# - {CALIBCLS: lsst.ip.isr.IntermediateFilterDetectorTransmissionCurve}
# - {SOURCE: Materion (DM-46256)}
# - {DETECTOR: 50}
# - {FILTER: u_24}
# - {CALIB_ID: 'calibDate=1970-01-01T00:00:00 filter=u_24 detector=50'}
# - {DATE: '2025-04-02T15:59:39.981100'}
# - {CALIB_CREATION_DATE: '2025-04-02'}
# - {CALIB_CREATION_TIME: '15:59:39'}
# - __serialized_columns__:
#     efficiency:
#       __class__: astropy.units.quantity.Quantity
#       unit: !astropy.units.Unit {unit: '%'}
#       value: !astropy.table.SerializedColumn {name: efficiency}
#     wavelength:
#       __class__: astropy.units.quantity.Quantity
#       unit: !astropy.units.Unit {unit: nm}
#       value: !astropy.table.SerializedColumn {name: wavelength}
# schema: astropy-2.0
wavelength efficiency
295.0 1.589092464386599e-10
296.0 1.589092464386599e-10
297.0 1.589092464386599e-10
298.0 1.589092464386599e-10
299.0 0.03917901194654405
300.0 1.589092464386599e-10
301.0 1.589092464386599e-10
302.0 1.589092464386599e-10
303.0 1.589092464386599e-10
304.0 0.09235201287083328
305.0 0.594429112970829
306.0 1.513967476785183
307.0 2.7371929958462715
308.0 4.747214913368225
309.0 7.570904493331909
310.0 10.872181504964828
311.0 14.292913675308228
312.0 18.153172731399536
313.0 21.226806938648224
314.0 24.344410002231598
315.0 26.705703139305115
316.0 28.952229022979736
317.0 31.248173117637634
318.0 33.88742804527283
319.0 37.413230538368225
320.0 42.3286497592926
321.0 47.428637742996216
322.0 53.4883975982666
323.0 59.02950167655945
324.0 63.67812156677246
325.0 67.30262637138367
326.0 69.90300416946411
327.0 71.79151177406311
328.0 73.61258864402771
329.0 75.08885264396667
330.0 76.43402218818665
331.0 77.27245688438416
332.0 77.72392630577087
333.0 77.85424590110779
334.0 77.67281532287598
335.0 77.86730527877808
336.0 77.9785692691803
337.0 78.43080759048462
338.0 79.20398116111755
339.0 79.90326285362244
340.0 80.33161759376526
341.0 80.85288405418396
342.0 81.13874197006226
343.0 81.14115595817566
344.0 81.31670951843262
345.0 81.58760070800781
346.0 81.91508650779724
347.0 82.19487071037292
348.0 82.52707123756409
349.0 82.67760276794434
350.0 82.76200890541077
351.0 83.0492615699768
352.0 82.86030292510986
353.0 82.8004539012909
354.0 82.73550868034363
355.0 82.82228708267212
356.0 83.04497599601746
357.0 83.04867744445801
358.0 82.75021314620972
359.0 82.59552121162415
360.0 82.46203660964966
361.0 82.29407668113708
362.0 82.18636512756348
363.0 82.27792382240295
364.0 82.41527676582336
365.0 82.51881003379822
366.0 82.69028067588806
367.0 82.70425200462341
368.0 82.62075185775757
369.0 82.60266184806824
370.0 82.28890895843506
371.0 82.09744095802307
372.0 82.07299709320068
373.0 82.13464617729187
374.0 82.09540247917175
375.0 82.38924741744995
376.0 82.46015906333923
377.0 82.54692554473877
378.0 82.52919316291809
379.0 82.33959078788757
380.0 81.7708432674408
381.0 80.49336671829224
382.0 78.84705066680908
383.0 76.86578035354614
384.0 74.8285174369812
385.0 72.53880500793457
386.0 70.12646794319153
387.0 67.00506806373596
388.0 63.78787159919739
389.0 60.02153754234314
390.0 56.1511754989624
391.0 51.971787214279175
392.0 47.58238196372986
393.0 43.76610815525055
394.0 40.5220091342926
395.0 37.2710645198822
396.0 33.966055512428284
397.0 29.58425283432007
398.0 24.447114765644073
399.0 18.03886890411377
400.0 11.816797405481339
401.0 6.842690706253052
402.0 3.214813396334648
403.0 1.1554605327546597
404.0 0.3465223824605346
405.0 0.1657661865465343
406.0 0.0856770551763475
407.0 0.035395423765294254
408.0 0.02526279422454536
409.0 1.589092464386599e-10
410.0 0.00022524798168888083
411.0 1.589092464386599e-10
412.0 0.01128632138716057
413.0 1.589092464386599e-10
414.0 1.589092464386599e-10
415.0 1.589092464386599e-10
416.0 1.589092464386599e-10
417.0 1.589092464386599e-10
418.0 1.589092464386599e-10
419.0 1.589092464386599e-10
420.0 1.589092464386599e-10
421.0 1.589092464386599e-10
422.0 1.589092464386599e-10
423.0 1.589092464386599e-10
424.0 1.589092464386599e-10
425.0 1.589092464386599e-10
426.0 0.0010672720236470923
427.0 0.00030816868274996523
428.0 1.589092464386599e-10
429.0 0.0006421903435693821
430.0 0.0017353164366795681
431.0 0.001275620797969168
432.0 0.0008159253411577083
433.0 0.001122056164604146
434.0 0.0014281864423537627
435.0 0.0015014778909971938
436.0 0.0015747691577416845
437.0 6.852009164504125e-05
438.0 1.589092464386599e-10
439.0 1.589092464386599e-10
440.0 0.0007764264410070609
441.0 1.589092464386599e-10
442.0 1.589092464386599e-10
443.0 1.589092464386599e-10
444.0 1.589092464386599e-10
445.0 1.589092464386599e-10
446.0 1.589092464386599e-10
447.0 1.589092464386599e-10
448.0 1.589092464386599e-10
449.0 2.8294545018070494e-05
450.0 0.0005116273769090185
451.0 1.589092464386599e-10
452.0 1.589092464386599e-10
453.0 1.589092464386599e-10
454.0 0.0005721926754631568
455.0 1.589092464386599e-10
456.0 1.589092464386599e-10
457.0 1.589092464386599e-10
458.0 1.589092464386599e-10
459.0 1.589092464386599e-10
460.0 1.589092464386599e-10
461.0 1.589092464386599e-10
462.0 1.589092464386599e-10
463.0 1.589092464386599e-10
464.0 1.589092464386599e-10
465.0 0.0001888295173557708
466.0 0.000501799240737455
467.0 8.55336907079618e-05
468.0 1.589092464386599e-10
469.0 0.00016018399264794425
470.0 0.0006510997081932146
471.0 1.589092464386599e-10
472.0 1.589092464386599e-10
473.0 1.589092464386599e-10
474.0 1.589092464386599e-10
475.0 1.589092464386599e-10
476.0 1.589092464386599e-10
477.0 0.0002158393726858776
478.0 0.001088767203327734
479.0 0.000985775750450557
480.0 0.0008827844794723205
481.0 0.0006582733021787135
482.0 0.0004337622613093117
483.0 1.589092464386599e-10
484.0 1.589092464386599e-10
485.0 1.589092464386599e-10
486.0 1.589092464386599e-10
487.0 1.589092464386599e-10
488.0 1.589092464386599e-10
489.0 1.589092464386599e-10
490.0 1.589092464386599e-10
491.0 1.589092464386599e-10
492.0 1.589092464386599e-10
493.0 1.589092464386599e-10
494.0 1.589092464386599e-10
495.0 6.71497900839313e-05
496.0 0.0010494292837393004
497.0 0.0005415002760855714
498.0 3.357099842560274e-05
499.0 0.0004032762262795586
500.0 0.0007729815479251556
501.0 0.0004950039965478936
502.0 0.00021702664980693953
503.0 1.589092464386599e-10
504.0 1.589092464386599e-10
505.0 1.589092464386599e-10
506.0 1.589092464386599e-10
507.0 1.589092464386599e-10
508.0 1.589092464386599e-10
509.0 1.589092464386599e-10
510.0 1.589092464386599e-10
511.0 3.2767875524086776e-06
512.0 0.0004194497250864515
513.0 0.00027435864922153996
514.0 0.00012926715271532885
515.0 0.00019674478153319797
516.0 0.00026422242171975086
517.0 6.149515456854715e-05
518.0 1.589092464386599e-10
519.0 0.00014861464023852022
520.0 0.0004384614840091672
521.0 0.0004849606739298906
522.0 0.0005314597729011439
523.0 6.85576026171475e-05
524.0 1.589092464386599e-10
525.0 1.589092464386599e-10
526.0 1.589092464386599e-10
527.0 1.589092464386599e-10
528.0 1.589092464386599e-10
529.0 1.589092464386599e-10
530.0 1.589092464386599e-10
531.0 1.589092464386599e-10
532.0 8.25353140498919e-05
533.0 1.589092464386599e-10
534.0 1.589092464386599e-10
535.0 1.589092464386599e-10
536.0 1.589092464386599e-10
537.0 1.589092464386599e-10
538.0 1.589092464386599e-10
539.0 1.589092464386599e-10
540.0 1.589092464386599e-10
541.0 1.589092464386599e-10
542.0 1.589092464386599e-10
543.0 1.589092464386599e-10
544.0 1.589092464386599e-10
545.0 1.589092464386599e-10
546.0 1.589092464386599e-10
547.0 1.589092464386599e-10
548.0 4.2725775983853964e-05
549.0 1.589092464386599e-10
550.0 1.589092464386599e-10
551.0 1.589092464386599e-10
552.0 1.589092464386599e-10
553.0 1.589092464386599e-10
554.0 1.589092464386599e-10
555.0 1.589092464386599e-10
556.0 1.589092464386599e-10
557.0 1.589092464386599e-10
558.0 1.589092464386599e-10
559.0 1.589092464386599e-10
560.0 0.00020392023998283548
561.0 5.878393949387828e-05
562.0 1.589092464386599e-10
563.0 1.589092464386599e-10
564.0 1.589092464386599e-10
565.0 1.589092464386599e-10
566.0 1.589092464386599e-10
567.0 1.589092464386599e-10
568.0 6.299657684394333e-05
569.0 0.0003126961246380233
570.0 0.0005623954621114535
571.0 0.0004992715275875526
572.0 0.00043614768401312176
573.0 0.0004681182872445788
574.0 0.0005000892997486517
575.0 0.0003247200993428123
576.0 0.00014935101262381067
577.0 0.00023617672013642732
578.0 0.0003230024049116764
579.0 0.0004299814463593066
580.0 0.0005369604878069367
581.0 0.0006463472800533054
582.0 0.00075573448157229
583.0 0.001273244561161846
584.0 0.0017907548681250773
585.0 0.0015481737136724405
586.0 0.0013055921044724528
587.0 0.001361025897494983
588.0 0.0014164595086185727
589.0 0.0011955757145187818
590.0 0.0009746914656716399
591.0 0.0009647562364989426
592.0 0.0009548207344778348
593.0 0.0008735800292924978
594.0 0.0007923389603092801
595.0 0.0008149075256369542
596.0 0.0008374756362172775
597.0 0.000983364679996157
598.0 0.001129253450926626
599.0 0.0013621539437735919
600.0 0.0015950543456710875
601.0 0.0018164424545830116
602.0 0.002037830745393876
603.0 0.001830885412346106
604.0 0.001623940079298336
605.0 0.0015862808140809648
606.0 0.0015486215488635935
607.0 0.0014330361409520265
608.0 0.0013174508239899296
609.0 0.0008215525667765178
610.0 0.00032565446872467874
611.0 0.0004725494363810867
612.0 0.0006194443813001271
613.0 0.00044733933464158326
614.0 0.00027523426524567185
615.0 0.00045974938984727487
616.0 0.0006442645371862454
617.0 0.000865877063915832
618.0 0.0010874897270696238
619.0 0.0005707872787752422
620.0 5.408506922321976e-05
621.0 0.00030105193218332715
622.0 0.0005480187155626481
623.0 0.0005702862381440355
624.0 0.0005925536697759526
625.0 0.0006641048457822762
626.0 0.0007356559763138648
627.0 0.0006128044333308935
628.0 0.0004899528903479222
629.0 0.0005603541012533242
630.0 0.0006307554031081963
631.0 0.0011683226148306858
632.0 0.0017058899175026454
633.0 0.0017208949429914355
634.0 0.001735900150379166
635.0 0.0021338257283787243
636.0 0.0025317513063782826
637.0 0.002552764635765925
638.0 0.002573778147052508
639.0 0.0019223718481953256
640.0 0.0012709652764897328
641.0 0.0013351458619581535
642.0 0.0013993264474265743
643.0 0.0009398002475791145
644.0 0.0004802740932063898
645.0 0.0005883277935936349
646.0 0.0006963814485061448
647.0 0.00019406420506129507
648.0 1.589092464386599e-10
649.0 1.589092464386599e-10
650.0 8.22162007807492e-05
651.0 0.00030883613817422884
652.0 0.0005354562290449394
653.0 0.0010219139767286833
654.0 0.0015083712241903413
655.0 0.001466097546654055
656.0 0.0014238237781682983
657.0 0.002230901191069279
658.0 0.00303797896776814
659.0 0.0036166264180792496
660.0 0.004195273868390359
661.0 0.0041639155824668705
662.0 0.004132557296543382
663.0 0.003359353286214173
664.0 0.0025861492758849636
665.0 0.00222122671402758
666.0 0.0018563039702712558
667.0 0.0017008913346217014
668.0 0.0015454783351742662
669.0 0.001022588912746869
670.0 0.0004996995357942069
671.0 0.0004113723207410658
672.0 0.0003230450147384545
673.0 0.00025670763079688186
674.0 0.00019037024685530923
675.0 0.00044323110159893986
676.0 0.0006960920018173056
677.0 0.001283258188777836
678.0 0.0018704247850109823
679.0 0.001953787068487145
680.0 0.0020371493519633077
681.0 0.0028846339773735963
682.0 0.0037321184208849445
683.0 0.005356806286727078
684.0 0.006981494516367093
685.0 0.007420939800795168
686.0 0.00786038872320205
687.0 0.007546692359028384
688.0 0.007232995267258957
689.0 0.0061147067754063755
690.0 0.004996419374947436
691.0 0.0045294913434190676
692.0 0.004062563311890699
693.0 0.003420014400035143
694.0 0.0027774653062806465
695.0 0.0023475522539229132
696.0 0.00191763920156518
697.0 0.0013552453310694546
698.0 0.0007928512786747888
699.0 0.000818030002847081
700.0 0.000843208545120433
701.0 0.0007973711035447195
702.0 0.0007515334800700657
703.0 0.0007873803042457439
704.0 0.0008232274922193028
705.0 0.0006819304871896747
706.0 0.0005406337095337221
707.0 0.0007066141279210569
708.0 0.0008725942279852461
709.0 0.0006944069355085958
710.0 0.0005162195066077402
711.0 0.0005364900061977096
712.0 0.0005567603693634737
713.0 0.0007703001756453887
714.0 0.0009838398909778334
715.0 0.0007798740625730716
716.0 0.0005759080522693694
717.0 0.0006223376658454072
718.0 0.0006687671884719748
719.0 0.0006463001682277536
720.0 0.0006238330570340622
721.0 0.000429589226769167
722.0 0.0002353453055548016
723.0 0.0005128658358444227
724.0 0.0007903863661340438
725.0 0.0004078832262166543
726.0 2.538007208841009e-05
727.0 0.00030623959901276976
728.0 0.0005870991572010098
729.0 0.0004299289230402792
730.0 0.0002727588025663863
731.0 0.00033128824270534096
732.0 0.00038981784200586844
733.0 0.00024346777536266018
734.0 9.711776556287077e-05
735.0 0.00032139573704625946
736.0 0.0005456736744235968
737.0 0.0004939006885251729
738.0 0.00044212765715201385
739.0 0.000412100871471921
740.0 0.00038207394936762284
741.0 0.0008668959708302282
742.0 0.001351718219666509
743.0 0.0016485764717799611
744.0 0.0019454344510450028
745.0 0.002427975232421886
746.0 0.0029105154681019485
747.0 0.0035111155739286914
748.0 0.004111715315957554
749.0 0.003811676288023591
750.0 0.0035116372600896284
751.0 0.0033284602977801114
752.0 0.0031452833354705945
753.0 0.002760467032203451
754.0 0.002375650728936307
755.0 0.0025806391931837425
756.0 0.002785628203127999
757.0 0.0022610252926824614
758.0 0.001736422382236924
759.0 0.0014184697647579014
760.0 0.0011005173291778192
761.0 0.0012101523680030368
762.0 0.0013197875887271948
763.0 0.0010234469300485216
764.0 0.0007271062258951133
765.0 0.0008945337867771741
766.0 0.0010619612112350296
767.0 0.000987823568721069
768.0 0.0009136859262071084
769.0 0.0007032621851976728
770.0 0.0004928381713398267
771.0 0.0003431717232160736
772.0 0.00019350504771864507
773.0 0.00035821135497826617
774.0 0.0005229177531873574
775.0 0.0005482716460392112
776.0 0.0005736252660426544
777.0 0.0005471025360748172
778.0 0.0005205794423090992
779.0 0.0004952280960424105
780.0 0.0004698767043009866
781.0 0.0008086164598353207
782.0 0.0011473564882180654
783.0 0.001063353101926623
784.0 0.0009793493518372998
785.0 0.0010880918125621974
786.0 0.0011968339094892144
787.0 0.000955382074607769
788.0 0.0007139301033021184
789.0 0.0007637528142367955
790.0 0.0008135754796967376
791.0 0.0007361796633631457
792.0 0.0006587837560800835
793.0 0.00017243987713300157
794.0 1.589092464386599e-10
795.0 1.589092464386599e-10
796.0 1.589092464386599e-10
797.0 0.0002633289568620967
798.0 0.0006855187166365795
799.0 0.00029276061468408443
800.0 1.589092464386599e-10
801.0 1.589092464386599e-10
802.0 1.589092464386599e-10
803.0 1.589092464386599e-10
804.0 1.406136647119638e-05
805.0 1.589092464386599e-10
806.0 1.589092464386599e-10
807.0 1.589092464386599e-10
808.0 1.589092464386599e-10
809.0 9.043010322784539e-05
810.0 0.0005072089152236003
811.0 2.16316877299505e-05
812.0 1.589092464386599e-10
813.0 1.589092464386599e-10
814.0 0.00036783169434784213
815.0 0.00021790403934573987
816.0 6.797621949772292e-05
817.0 1.658307695606709e-05
818.0 1.589092464386599e-10
819.0 1.589092464386599e-10
820.0 1.589092464386599e-10
821.0 1.589092464386599e-10
822.0 1.589092464386599e-10
823.0 1.589092464386599e-10
824.0 1.589092464386599e-10
825.0 1.589092464386599e-10
826.0 1.589092464386599e-10
827.0 0.0002563290763646364
828.0 0.0006475539521488827
829.0 0.0004117439402762102
830.0 0.00017593439451957238
831.0 1.589092464386599e-10
832.0 1.589092464386599e-10
833.0 1.589092464386599e-10
834.0 1.589092464386599e-10
835.0 1.589092464386599e-10
836.0 1.589092464386599e-10
837.0 1.589092464386599e-10
838.0 1.589092464386599e-10
839.0 1.589092464386599e-10
840.0 1.589092464386599e-10
841.0 1.589092464386599e-10
842.0 4.5704942408519855e-05
843.0 5.5634001228099805e-05
844.0 6.556299467774807e-05
845.0 4.9591062634135596e-05
846.0 3.361905100973672e-05
847.0 1.589092464386599e-10
848.0 1.589092464386599e-10
849.0 1.589092464386599e-10
850.0 1.589092464386599e-10
851.0 1.589092464386599e-10
852.0 1.589092464386599e-10
853.0 0.00012114253422623733
854.0 0.0003605980509746587
855.0 0.0001971705842152005
856.0 3.3743063454494404e-05
857.0 0.0003926817953470163
858.0 0.0007516204732382903
859.0 0.0008103061190922745
860.0 0.0008689917194715235
861.0 0.0008299663022626191
862.0 0.0007909408850537147
863.0 0.0008804483513813466
864.0 0.0009699555448605679
865.0 0.0015148435522860382
866.0 0.002059731377812568
867.0 0.0019779194190050475
868.0 0.0018961078239954077
869.0 0.0017970123735722154
870.0 0.0016979167412500829
871.0 0.0016866582882357761
872.0 0.0016753994714235887
873.0 0.0017659685909166
874.0 0.0018565375285106711
875.0 0.0021760957679362036
876.0 0.0024956541892606765
877.0 0.002538216176617425
878.0 0.0025807783458731137
879.0 0.0027121544917463325
880.0 0.0028435311833163723
