lsstCam/transmission_filter_detector/r13_s21/i_39/19700101T000000.ecsv
# %ECSV 1.0
# ---
# datatype:
# - {name: wavelength, unit: nm, datatype: float32}
# - {name: efficiency, unit: '%', datatype: float64}
# meta: !!omap
# - {MODE: DETECTOR}
# - {TYPE: transmission_filter_detector}
# - {CALIBDATE: '1970-01-01T00:00:00'}
# - {INSTRUME: LSSTCam}
# - {OBSTYPE: transmission_filter_detector}
# - {CALIBCLS: lsst.ip.isr.IntermediateFilterDetectorTransmissionCurve}
# - {SOURCE: Materion (DM-46256)}
# - {DETECTOR: 61}
# - {FILTER: i_39}
# - {CALIB_ID: 'calibDate=1970-01-01T00:00:00 filter=i_39 detector=61'}
# - {DATE: '2025-04-02T15:59:46.761607'}
# - {CALIB_CREATION_DATE: '2025-04-02'}
# - {CALIB_CREATION_TIME: '15:59:46'}
# - __serialized_columns__:
#     efficiency:
#       __class__: astropy.units.quantity.Quantity
#       unit: !astropy.units.Unit {unit: '%'}
#       value: !astropy.table.SerializedColumn {name: efficiency}
#     wavelength:
#       __class__: astropy.units.quantity.Quantity
#       unit: !astropy.units.Unit {unit: nm}
#       value: !astropy.table.SerializedColumn {name: wavelength}
# schema: astropy-2.0
wavelength efficiency
300.0 0.0858250365126878
301.0 0.04234856169205159
302.0 1.5833056437111748e-10
303.0 0.02661304024513811
304.0 0.05435395869426429
305.0 0.04156166687607765
306.0 0.028769377968274057
307.0 0.009950483217835426
308.0 1.5833056437111748e-10
309.0 1.5833056437111748e-10
310.0 1.5833056437111748e-10
311.0 1.5833056437111748e-10
312.0 0.0008968638212536462
313.0 1.5833056437111748e-10
314.0 1.5833056437111748e-10
315.0 1.5833056437111748e-10
316.0 1.5833056437111748e-10
317.0 1.5833056437111748e-10
318.0 1.5833056437111748e-10
319.0 1.5833056437111748e-10
320.0 1.5833056437111748e-10
321.0 1.5833056437111748e-10
322.0 1.5833056437111748e-10
323.0 1.5833056437111748e-10
324.0 1.5833056437111748e-10
325.0 1.5833056437111748e-10
326.0 1.5833056437111748e-10
327.0 1.5833056437111748e-10
328.0 0.003289066080469638
329.0 0.0023739743483019993
330.0 0.0014588831618311815
331.0 0.0011881619684572797
332.0 0.0009174415936286096
333.0 0.0010505603313504253
334.0 0.001183679614769062
335.0 0.0004362393156043254
336.0 1.5833056437111748e-10
337.0 0.0009165294613922015
338.0 0.002144258724001702
339.0 0.0023188691557152197
340.0 0.002493479769327678
341.0 1.5833056437111748e-10
342.0 1.5833056437111748e-10
343.0 1.5833056437111748e-10
344.0 1.5833056437111748e-10
345.0 1.5833056437111748e-10
346.0 1.5833056437111748e-10
347.0 1.5833056437111748e-10
348.0 1.5833056437111748e-10
349.0 1.5833056437111748e-10
350.0 1.5833056437111748e-10
351.0 1.5833056437111748e-10
352.0 0.00024289624889206607
353.0 1.5833056437111748e-10
354.0 1.5833056437111748e-10
355.0 1.5833056437111748e-10
356.0 0.00029790217013214715
357.0 0.0008235137102019507
358.0 0.0013491254321706947
359.0 0.001181508105219109
360.0 0.0010138904144696426
361.0 0.0010066134564112872
362.0 0.000999336589302402
363.0 0.00040192235246649943
364.0 1.5833056437111748e-10
365.0 0.00084672610682901
366.0 0.0018889442799263634
367.0 0.0012924246220791247
368.0 0.0006959048732824158
369.0 0.0008237327165261377
370.0 0.0009515608326182701
371.0 0.0008379969585803337
372.0 0.0007244329935929272
373.0 0.0009349141691927798
374.0 0.0011453952538431622
375.0 0.0003054716671613278
376.0 1.5833056437111748e-10
377.0 1.5833056437111748e-10
378.0 0.00021304840629454702
379.0 6.535697849585631e-06
380.0 1.5833056437111748e-10
381.0 1.5833056437111748e-10
382.0 1.5833056437111748e-10
383.0 0.00045362698983808514
384.0 0.0015496003470616415
385.0 0.0010745390682131983
386.0 0.0005994778348394902
387.0 1.5833056437111748e-10
388.0 1.5833056437111748e-10
389.0 1.5833056437111748e-10
390.0 1.5833056437111748e-10
391.0 1.5833056437111748e-10
392.0 1.5833056437111748e-10
393.0 1.5833056437111748e-10
394.0 0.0007173077847255627
395.0 1.5833056437111748e-10
396.0 1.5833056437111748e-10
397.0 1.5833056437111748e-10
398.0 1.5833056437111748e-10
399.0 1.5833056437111748e-10
400.0 1.5833056437111748e-10
401.0 0.0011069112588302232
402.0 0.0023790762497810647
403.0 0.0025353570890729316
404.0 0.002691638292162679
405.0 0.0037532670830842108
406.0 0.004814895146409981
407.0 0.002390870031376835
408.0 1.5833056437111748e-10
409.0 7.941486614981841e-05
410.0 0.00019198623704141937
411.0 0.0020131357814534567
412.0 0.0038342859625117853
413.0 0.004031356729683466
414.0 0.004228428224450909
415.0 0.00371057576558087
416.0 0.003192723306710832
417.0 0.0024409038815065287
418.0 0.0016890842744032852
419.0 0.0035527416912373155
420.0 0.005416399289970286
421.0 0.00449938015663065
422.0 0.003582361023291014
423.0 0.004452376742847264
424.0 0.005322392098605633
425.0 0.0038362431951100007
426.0 0.0023500932002207264
427.0 0.0035995919461129233
428.0 0.004849091055803001
429.0 0.0053353793191490695
430.0 0.005821667946293019
431.0 0.004297562918509357
432.0 0.0027734588002203964
433.0 0.0032104886486195028
434.0 0.0036475186789175496
435.0 0.002796398985083215
436.0 0.00194527910934994
437.0 0.0015370140317827463
438.0 0.001128749136114493
439.0 0.0016261201380984858
440.0 0.0021234915038803592
441.0 0.0006637536444031866
442.0 1.5833056437111748e-10
443.0 1.5833056437111748e-10
444.0 1.5833056437111748e-10
445.0 1.5833056437111748e-10
446.0 1.5833056437111748e-10
447.0 9.64197511166276e-05
448.0 0.00047324137995019555
449.0 1.5833056437111748e-10
450.0 1.5833056437111748e-10
451.0 0.00020882923763565486
452.0 0.0011173046914336737
453.0 0.0016226131265284494
454.0 0.002127922016370576
455.0 0.0018890657884185202
456.0 0.001650209742365405
457.0 0.0013045359082752839
458.0 0.0009588619832356926
459.0 0.00040109325709636323
460.0 1.5833056437111748e-10
461.0 0.0002029600864261738
462.0 0.0005625958692689892
463.0 0.0002400779976596823
464.0 1.5833056437111748e-10
465.0 0.0001747596797940787
466.0 0.0004319591880630469
467.0 0.0007154535524023231
468.0 0.0009989478712668642
469.0 0.0006166371804283699
470.0 0.00023432658053934574
471.0 0.0004309719315642724
472.0 0.0006276172371144639
473.0 0.0009363419849250931
474.0 0.0012450668691599276
475.0 0.0008023982445592992
476.0 0.0003597298245949787
477.0 0.0009565319487592205
478.0 0.0015533340047113597
479.0 0.001449847604817478
480.0 0.001346361113974126
481.0 0.0026559411708149128
482.0 0.003965519863413647
483.0 0.005428242729976773
484.0 0.006890964868944138
485.0 0.007931697473395616
486.0 0.008972429350251332
487.0 0.011747174721676856
488.0 0.01452191936550662
489.0 0.017588504124432802
490.0 0.020655088883358985
491.0 0.022489752154797316
492.0 0.02432441688142717
493.0 0.02547073527239263
494.0 0.026617053663358092
495.0 0.023536955995950848
496.0 0.02045685105258599
497.0 0.016847446386236697
498.0 0.013238040264695883
499.0 0.009411649079993367
500.0 0.00558525716769509
501.0 0.0042130133806495
502.0 0.00284077013930073
503.0 0.0026020836230600253
504.0 0.00236339692492038
505.0 0.002041196057689376
506.0 0.0017189951904583722
507.0 0.0016274148947559297
508.0 0.0015358340533566661
509.0 0.0017159847629955038
510.0 0.001896135654533282
511.0 0.0014973124052630737
512.0 0.0010984892469423357
513.0 0.0014791012290515937
514.0 0.0018597131202113815
515.0 0.0024779847080935724
516.0 0.003096256114076823
517.0 0.002600790321594104
518.0 0.0021053245291113853
519.0 0.0021398980607045814
520.0 0.0021744715922977775
521.0 0.0016349253201042302
522.0 0.0010953793207590934
523.0 0.0013486283023667056
524.0 0.0016018777387216687
525.0 0.0020447374481591396
526.0 0.0024875971575966105
527.0 0.0024516868506907485
528.0 0.002415776725683827
529.0 0.0019135612092213705
530.0 0.0014113457837083843
531.0 0.0014587888472306076
532.0 0.0015062320926517714
533.0 0.001539974800834898
534.0 0.0015737175999674946
535.0 0.001646597229409963
536.0 0.0017194764950545505
537.0 0.0024897239200072363
538.0 0.0032599709811620414
539.0 0.003873693640343845
540.0 0.004487416299525648
541.0 0.005261090700514615
542.0 0.0060347654653014615
543.0 0.00514189487148542
544.0 0.004249024641467258
545.0 0.003401736103114672
546.0 0.0025544479285599664
547.0 0.0020739373212563805
548.0 0.0015934267139527947
549.0 0.0017580669009475969
550.0 0.0019227074517402798
551.0 0.0016947791664279066
552.0 0.001466851153963944
553.0 0.0015186105883913115
554.0 0.0015703701137681492
555.0 0.0012039804460073356
556.0 0.000837590778246522
557.0 0.0007213342087197816
558.0 0.0006050776391930413
559.0 0.00023055918063619174
560.0 1.5833056437111748e-10
561.0 0.0006169983407744439
562.0 0.0013779560504190158
563.0 0.0015510378943872638
564.0 0.0017241196474060416
565.0 0.0014163490050123073
566.0 0.0011085786354669835
567.0 0.0007326372724492103
568.0 0.00035669597764353966
569.0 0.0005589065949607175
570.0 0.0007611169621668523
571.0 0.000543042642675573
572.0 0.00032496830044692615
573.0 0.0003526811269694008
574.0 0.0003803940444413456
575.0 0.0004421970970724942
576.0 0.0005040001269662753
577.0 0.000549628930457402
578.0 0.0005952578248979989
579.0 0.0002720797510846751
580.0 1.5833056437111748e-10
581.0 0.00014172657074595918
582.0 0.00033455146422056714
583.0 0.00047937824092514347
584.0 0.0006242049039428821
585.0 0.0008320886081492063
586.0 0.0010399723578302655
587.0 0.0009302333637606353
588.0 0.0008204942787415348
589.0 0.0006093125193729065
590.0 0.00039813076000427827
591.0 0.0006241133633011486
592.0 0.0008500961484969594
593.0 0.0005354078894015402
594.0 0.00022071963030612096
595.0 0.0005396606411522953
596.0 0.0008586015610489994
597.0 0.0007610648935951758
598.0 0.0006635282716160873
599.0 0.0006075279088690877
600.0 0.0005515273642231477
601.0 0.00041599450923968107
602.0 0.0002804616087814793
603.0 0.0001991288172575878
604.0 0.00011779588930949103
605.0 0.00014171633893056423
606.0 0.00016563678855163744
607.0 0.0003724755742950947
608.0 0.0005793142008769792
609.0 0.00045044712351227645
610.0 0.00032157975056179566
611.0 0.000560291437068372
612.0 0.000799003191787051
613.0 0.0005199440238357056
614.0 0.0002408850377833005
615.0 1.5833056437111748e-10
616.0 1.5833056437111748e-10
617.0 1.5833056437111748e-10
618.0 0.00015585087567160372
619.0 0.0002659908886926132
620.0 0.0003761309926630929
621.0 0.0005330270596459741
622.0 0.0006899230811541202
623.0 0.0005533533112611622
624.0 0.00041678358684293926
625.0 0.00040244817682832945
626.0 0.0003881128577631898
627.0 0.0002904185521401814
628.0 0.00019272426925454056
629.0 0.0004252014150551986
630.0 0.0006576786745426944
631.0 0.000566914150113007
632.0 0.00047614962568331975
633.0 0.00044536204768519383
634.0 0.0004145744696870679
635.0 0.00042449628381291404
636.0 0.00043441800698929
637.0 0.0004342630290921079
638.0 0.00043410786929598544
639.0 0.0006660818598902551
640.0 0.0008980557140603196
641.0 0.0006206158559507458
642.0 0.00034317602057853946
643.0 0.0006363988632074324
644.0 0.000929621728573693
645.0 0.0008184430953406263
646.0 0.0007072647349559702
647.0 0.0007909427040431183
648.0 0.0008746211278776173
649.0 0.0008063372661126778
650.0 0.0007380533133982681
651.0 0.000863156674313359
652.0 0.00098826012617792
653.0 0.0011407526471884921
654.0 0.001293245077249594
655.0 0.0019284509107819758
656.0 0.0025636565624154173
657.0 0.003579648182494566
658.0 0.004595638165483251
659.0 0.007287503103725612
660.0 0.08871667669154704
661.0 0.08004087721928954
662.0 0.08083033608272672
663.0 0.10708865011110902
664.0 0.09079579031094909
665.0 0.1612482825294137
666.0 0.16487493412569165
667.0 0.20568890031427145
668.0 0.24112192913889885
669.0 0.352696655318141
670.0 0.4591040313243866
671.0 0.7682444993406534
672.0 1.1402747593820095
673.0 1.779913529753685
674.0 2.620772458612919
675.0 3.5911288112401962
676.0 4.693005606532097
677.0 6.063737720251083
678.0 7.474927604198456
679.0 8.958420157432556
680.0 11.060188710689545
681.0 13.215520977973938
682.0 15.790131688117981
683.0 18.617938458919525
684.0 21.57953977584839
685.0 24.49016273021698
686.0 27.517428994178772
687.0 30.812278389930725
688.0 34.238401055336
689.0 37.74600327014923
690.0 41.91892743110657
691.0 46.385157108306885
692.0 51.664578914642334
693.0 57.06685781478882
694.0 63.17989230155945
695.0 68.89758706092834
696.0 75.02461075782776
697.0 80.46544790267944
698.0 85.9246015548706
699.0 89.95596170425415
700.0 92.85026788711548
701.0 94.95375752449036
702.0 96.36054039001465
703.0 97.10060954093933
704.0 97.30742573738098
705.0 97.64382839202881
706.0 97.66154885292053
707.0 97.70042300224304
708.0 97.79560565948486
709.0 97.89737462997437
710.0 97.6436197757721
711.0 97.91260957717896
712.0 97.78022170066833
713.0 97.874516248703
714.0 97.95311093330383
715.0 98.07838201522827
716.0 97.81893491744995
717.0 98.04774522781372
718.0 98.12442660331726
719.0 97.98851013183594
720.0 98.22177290916443
721.0 98.06324243545532
722.0 97.71012663841248
723.0 97.4652886390686
724.0 97.21831679344177
725.0 96.98025584220886
726.0 96.80675268173218
727.0 96.58380150794983
728.0 96.38761878013611
729.0 96.19956612586975
730.0 96.29268646240234
731.0 96.33948802947998
732.0 96.3947057723999
733.0 96.73212766647339
734.0 97.05206751823425
735.0 97.22097516059875
736.0 97.5809097290039
737.0 97.93571829795837
738.0 98.21820259094238
739.0 98.50026369094849
740.0 98.56350421905518
741.0 98.44669699668884
742.0 98.84840846061707
743.0 98.67381453514099
744.0 98.466557264328
745.0 98.38408827781677
746.0 98.4338104724884
747.0 98.60106706619263
748.0 98.47625494003296
749.0 98.42885732650757
750.0 98.37871193885803
751.0 98.34416508674622
752.0 98.23073744773865
753.0 98.43947291374207
754.0 98.34674000740051
755.0 98.52486848831177
756.0 98.4804093837738
757.0 98.56473207473755
758.0 98.6334502696991
759.0 98.75019192695618
760.0 98.56557846069336
761.0 98.56958985328674
762.0 98.58893156051636
763.0 98.45044016838074
764.0 98.43643307685852
765.0 98.41865301132202
766.0 98.48264455795288
767.0 98.2124924659729
768.0 98.21117520332336
769.0 98.24635982513428
770.0 97.9386568069458
771.0 97.95176982879639
772.0 97.94495105743408
773.0 97.80948758125305
774.0 97.6547122001648
775.0 97.7872908115387
776.0 97.62356281280518
777.0 97.79178500175476
778.0 97.81630635261536
779.0 97.86794185638428
780.0 97.90517091751099
781.0 98.26257824897766
782.0 98.1909453868866
783.0 98.26213121414185
784.0 98.30442070960999
785.0 98.39075207710266
786.0 98.51440787315369
787.0 98.2974112033844
788.0 98.34955930709839
789.0 98.42316508293152
790.0 98.33250045776367
791.0 98.32799434661865
792.0 98.21511507034302
793.0 98.1657087802887
794.0 98.07461500167847
795.0 97.83545732498169
796.0 97.84927368164062
797.0 97.8852391242981
798.0 97.7570116519928
799.0 97.66276478767395
800.0 97.43591547012329
801.0 97.47840166091919
802.0 97.22920656204224
803.0 96.89587354660034
804.0 96.3782787322998
805.0 95.68593502044678
806.0 94.90454196929932
807.0 93.57730746269226
808.0 92.02858805656433
809.0 90.32425284385681
810.0 88.22501301765442
811.0 85.72352528572083
812.0 82.75793194770813
813.0 79.33021783828735
814.0 75.49830675125122
815.0 71.34461998939514
816.0 67.15315580368042
817.0 62.3843789100647
818.0 57.492226362228394
819.0 53.2865047454834
820.0 48.47997725009918
821.0 44.09034252166748
822.0 39.651843905448914
823.0 35.078364610672
824.0 30.523669719696045
825.0 26.40889286994934
826.0 22.08065390586853
827.0 17.61571615934372
828.0 13.702614605426788
829.0 10.112285614013672
830.0 6.761108338832855
831.0 4.600935056805611
832.0 2.8272831812500954
833.0 1.6481384634971619
834.0 0.9522312320768833
835.0 0.5380421876907349
836.0 0.30992061365395784
837.0 0.23636471014469862
838.0 0.09952804539352655
839.0 0.06949685630388558
840.0 0.03811397182289511
841.0 0.014622043818235397
842.0 0.010931252472801134
843.0 1.5833056437111748e-10
844.0 1.5833056437111748e-10
845.0 1.5833056437111748e-10
846.0 1.5833056437111748e-10
847.0 1.5833056437111748e-10
848.0 1.5833056437111748e-10
849.0 1.5833056437111748e-10
850.0 1.5833056437111748e-10
851.0 1.5833056437111748e-10
852.0 0.00027406258595874533
853.0 0.0007569114131911192
854.0 0.0012397606042213738
855.0 0.0011325390005367808
856.0 0.0010253175787511282
857.0 0.001024591620080173
858.0 0.0010238652976113372
859.0 0.0005420185971161118
860.0 6.017175451233925e-05
861.0 0.00015744649317639414
862.0 0.00025472111246926943
863.0 9.914604106597835e-05
864.0 1.5833056437111748e-10
865.0 2.6287237275823827e-06
866.0 6.168637582959491e-05
867.0 5.682457526745566e-05
868.0 5.196272923058132e-05
869.0 1.5833056437111748e-10
870.0 1.5833056437111748e-10
871.0 3.1057126648192934e-05
872.0 0.0002351106104470091
873.0 0.00021696259864256717
874.0 0.00019881454136339016
875.0 0.0001429254893992038
876.0 8.70364942784363e-05
877.0 1.5833056437111748e-10
878.0 1.5833056437111748e-10
879.0 2.6253985652147094e-05
880.0 0.0004849876404477982
881.0 0.0001725914557937358
882.0 1.5833056437111748e-10
883.0 8.277662004729791e-05
884.0 0.0003053579348488711
885.0 0.0001089085003513901
886.0 1.5833056437111748e-10
887.0 2.792216378111334e-05
888.0 0.0001433852844456851
889.0 4.332268304096942e-05
890.0 1.5833056437111748e-10
891.0 0.00011670027788568405
892.0 0.00029014042866037926
893.0 0.00029177199394325726
894.0 0.0002934035364887677
