lsstCam/transmission_filter_detector/r13_s21/i_39/19700101T000000.ecsv
# %ECSV 1.0
# ---
# datatype:
# - {name: wavelength, unit: nm, datatype: float32}
# - {name: efficiency, unit: '%', datatype: float64}
# meta: !!omap
# - {MODE: DETECTOR}
# - {TYPE: transmission_filter_detector}
# - {CALIBDATE: '1970-01-01T00:00:00'}
# - {INSTRUME: LSSTCam}
# - {OBSTYPE: transmission_filter_detector}
# - {CALIBCLS: lsst.ip.isr.IntermediateFilterDetectorTransmissionCurve}
# - {SOURCE: Materion (DM-46256)}
# - {DETECTOR: 61}
# - {FILTER: i_39}
# - {CALIB_ID: 'calibDate=1970-01-01T00:00:00 filter=i_39 detector=61'}
# - {DATE: '2025-04-02T15:59:46.761607'}
# - {CALIB_CREATION_DATE: '2025-04-02'}
# - {CALIB_CREATION_TIME: '15:59:46'}
# - __serialized_columns__:
#     efficiency:
#       __class__: astropy.units.quantity.Quantity
#       unit: !astropy.units.Unit {unit: '%'}
#       value: !astropy.table.SerializedColumn {name: efficiency}
#     wavelength:
#       __class__: astropy.units.quantity.Quantity
#       unit: !astropy.units.Unit {unit: nm}
#       value: !astropy.table.SerializedColumn {name: wavelength}
# schema: astropy-2.0
wavelength efficiency
[from data line 596]
896.0 1.5833056437111748e-10
897.0 1.5833056437111748e-10
898.0 1.5833056437111748e-10
899.0 1.5833056437111748e-10
900.0 1.5833056437111748e-10
901.0 1.5833056437111748e-10
902.0 1.5833056437111748e-10
903.0 1.5833056437111748e-10
904.0 1.5833056437111748e-10
905.0 1.5833056437111748e-10
906.0 1.5833056437111748e-10
907.0 1.5833056437111748e-10
908.0 9.741835356180673e-05
909.0 1.5833056437111748e-10
910.0 1.5833056437111748e-10
911.0 1.5833056437111748e-10
912.0 6.250617161640548e-05
913.0 5.2604963229896384e-05
914.0 4.2703769054242e-05
915.0 1.5833056437111748e-10
916.0 1.5833056437111748e-10
917.0 1.5833056437111748e-10
918.0 1.5833056437111748e-10
919.0 1.5833056437111748e-10
920.0 0.00011182910384377465
921.0 2.9189948236307828e-05
922.0 1.5833056437111748e-10
923.0 1.5833056437111748e-10
924.0 1.5833056437111748e-10
925.0 1.5833056437111748e-10
926.0 0.00019030343310078024
927.0 1.5833056437111748e-10
928.0 1.5833056437111748e-10
929.0 9.245584919881367e-06
930.0 0.00022936956156627275
931.0 0.00015843650089664152
932.0 8.750341180530086e-05
933.0 6.19537445345486e-05
934.0 3.6404117054189555e-05
935.0 1.5833056437111748e-10
936.0 1.5833056437111748e-10
937.0 1.5833056437111748e-10
938.0 1.5833056437111748e-10
939.0 1.5833056437111748e-10
940.0 1.5833056437111748e-10
941.0 1.5833056437111748e-10
942.0 1.5833056437111748e-10
943.0 1.5833056437111748e-10
944.0 1.5833056437111748e-10
945.0 1.5833056437111748e-10
946.0 1.5833056437111748e-10
947.0 1.5833056437111748e-10
948.0 1.5833056437111748e-10
949.0 1.5833056437111748e-10
950.0 1.5833056437111748e-10
951.0 1.5833056437111748e-10
952.0 1.5833056437111748e-10
953.0 1.5833056437111748e-10
954.0 1.5833056437111748e-10
955.0 6.726546644131304e-05
956.0 0.00029342957077460596
957.0 0.00021412261048681103
958.0 0.000134815604724281
959.0 0.00011083081972174114
960.0 8.684604608788504e-05
961.0 8.26795940156444e-05
962.0 7.851313625906187e-05
963.0 1.5833056437111748e-10
964.0 1.5833056437111748e-10
965.0 1.5833056437111748e-10
966.0 1.5833056437111748e-10
967.0 1.5833056437111748e-10
968.0 1.5833056437111748e-10
969.0 1.5833056437111748e-10
970.0 1.1663009757967302e-05
971.0 1.5833056437111748e-10
972.0 1.5833056437111748e-10
973.0 1.5833056437111748e-10
974.0 1.5833056437111748e-10
975.0 2.950785642497067e-05
976.0 7.07588981185836e-05
977.0 1.5833056437111748e-10
978.0 1.5833056437111748e-10
979.0 1.5833056437111748e-10
980.0 1.5833056437111748e-10
981.0 1.5833056437111748e-10
982.0 1.5833056437111748e-10
983.0 1.5833056437111748e-10
984.0 1.5833056437111748e-10
985.0 3.618403070504428e-05
986.0 0.0002214794449173496
987.0 1.5833056437111748e-10
988.0 1.5833056437111748e-10
989.0 1.5833056437111748e-10
990.0 1.5833056437111748e-10
991.0 1.5833056437111748e-10
992.0 1.5833056437111748e-10
993.0 1.5833056437111748e-10
994.0 5.918552119510423e-05
995.0 1.5833056437111748e-10
996.0 1.5833056437111748e-10
997.0 1.5845047585116845e-05
998.0 0.000298400459541881
999.0 0.0003016514483533683
1000.0 0.00030490239169012057
1001.0 0.000182534972736903
1002.0 6.0167496940266574e-05
1003.0 6.829077392467298e-05
1004.0 7.641407364644692e-05
1005.0 1.5833056437111748e-10
1006.0 1.5833056437111748e-10
1007.0 5.776203124696622e-05
1008.0 0.0002262692305521341
1009.0 0.00017373967011735658
1010.0 0.00012120997325837379
1011.0 0.00015082421214174246
1012.0 0.0001804384282877436
1013.0 0.0003085010348513606
1014.0 0.0004365636868897127
1015.0 0.00038803873394499533
1016.0 0.00033951382647501305
1017.0 0.000446027479483746
1018.0 0.0005525412234419491
1019.0 0.0004021973381895805
1020.0 0.0002518533847251092
1021.0 0.00030377734674402745
1022.0 0.00035570128602557816
1023.0 0.0006084910182835301
1024.0 0.0008612808414909523
1025.0 0.0006612162451347103
1026.0 0.00046115164877846837
1027.0 0.00042032079363707453
1028.0 0.00037948996123304823
1029.0 0.0007818925951141864
1030.0 0.0011842953426821623
1031.0 0.001793250339687802
1032.0 0.002402205063845031
1033.0 0.0025431709218537435
1034.0 0.002684136234165635
1035.0 0.0032628166081849486
1036.0 0.003841496436507441
1037.0 0.003797790122916922
1038.0 0.003754083445528522
1039.0 0.00322267078445293
1040.0 0.002691258669074159
1041.0 0.0024319391741300933
1042.0 0.002172619497287087
1043.0 0.002895109537348617
1044.0 0.0036175995774101466
1045.0 0.0035511995520209894
1046.0 0.003484799890429713
1047.0 0.002978074371640105
1048.0 0.0024713486709515564
1049.0 0.002230024074378889
1050.0 0.0019886994778062217
1051.0 0.002067120840365533
1052.0 0.0021455425667227246
1053.0 0.0014806580111326184
1054.0 0.0008157735464919824
1055.0 0.0008114552656479646
1056.0 0.0008071368938544765
1057.0 0.0009188594049192034
1058.0 0.0010305821888323408
1059.0 0.0009443434464628808
1060.0 0.0008581049769418314
1061.0 0.0016874577340786345
1062.0 0.0025168099455186166
1063.0 0.0026737458028947003
1064.0 0.0028306814783718437
1065.0 0.003131352787022479
1066.0 0.003432024095673114
1067.0 0.004034740413771942
1068.0 0.0046374567318707705
1069.0 0.0037202651583356783
1070.0 0.0028030732210027054
1071.0 0.0028866854336229153
1072.0 0.0029702972824452445
1073.0 0.003073837433476001
1074.0 0.003177377220708877
1075.0 0.003378405381226912
1076.0 0.0035794331779470667
1077.0 0.002876168400689494
1078.0 0.0021729028958361596
1079.0 0.002148891508113593
1080.0 0.002124880120391026
1081.0 0.0014679201740364078
1082.0 0.0008109601367323194
1083.0 0.0002194660510212998
1084.0 1.5833056437111748e-10
1085.0 0.0003944978743675165
1086.0 0.0011610242836468387
1087.0 0.0008629825060779694
1088.0 0.0005649408649333054
1089.0 1.5833056437111748e-10
1090.0 1.5833056437111748e-10
1091.0 1.5833056437111748e-10
1092.0 1.5833056437111748e-10
1093.0 1.5833056437111748e-10
1094.0 0.00013018739082326647
1095.0 0.00021748087419837248
1096.0 0.0003047744257855811
1097.0 1.5833056437111748e-10
1098.0 1.5833056437111748e-10
1099.0 1.5833056437111748e-10
1100.0 1.5833056437111748e-10
