lsstCam/transmission_filter_detector/r13_s21/z_20/19700101T000000.ecsv
# %ECSV 1.0
# ---
# datatype:
# - {name: wavelength, unit: nm, datatype: float32}
# - {name: efficiency, unit: '%', datatype: float64}
# meta: !!omap
# - {MODE: DETECTOR}
# - {TYPE: transmission_filter_detector}
# - {CALIBDATE: '1970-01-01T00:00:00'}
# - {INSTRUME: LSSTCam}
# - {OBSTYPE: transmission_filter_detector}
# - {CALIBCLS: lsst.ip.isr.IntermediateFilterDetectorTransmissionCurve}
# - {SOURCE: Materion (DM-46256)}
# - {DETECTOR: 61}
# - {FILTER: z_20}
# - {CALIB_ID: 'calibDate=1970-01-01T00:00:00 filter=z_20 detector=61'}
# - {DATE: '2025-04-02T15:59:48.920011'}
# - {CALIB_CREATION_DATE: '2025-04-02'}
# - {CALIB_CREATION_TIME: '15:59:48'}
# - __serialized_columns__:
#     efficiency:
#       __class__: astropy.units.quantity.Quantity
#       unit: !astropy.units.Unit {unit: '%'}
#       value: !astropy.table.SerializedColumn {name: efficiency}
#     wavelength:
#       __class__: astropy.units.quantity.Quantity
#       unit: !astropy.units.Unit {unit: nm}
#       value: !astropy.table.SerializedColumn {name: wavelength}
# schema: astropy-2.0
wavelength efficiency
300.0 0.8745044469833374
301.0 0.590977119281888
302.0 0.30744990799576044
303.0 0.29700601007789373
304.0 0.286562112160027
305.0 0.24241863284260035
306.0 0.1982751302421093
307.0 0.18330710008740425
308.0 0.16833909321576357
309.0 0.14636628329753876
310.0 0.12439347337931395
311.0 0.1262082252651453
312.0 0.12802303535863757
313.0 0.11337926844134927
314.0 0.09873553644865751
315.0 0.09659460047259927
316.0 0.09445366449654102
317.0 0.07939570932649076
318.0 0.06433777161873877
319.0 0.06407794426195323
320.0 0.0638181169051677
321.0 0.06371157942339778
322.0 0.06360504194162786
323.0 0.05574179231189191
324.0 0.04787854559253901
325.0 0.04429479595273733
326.0 0.04071104631293565
327.0 0.03993951831944287
328.0 0.03916799323633313
329.0 0.034410360967740417
330.0 0.0296527286991477
331.0 0.026967059238813818
332.0 0.02428138832328841
333.0 0.02369918947806582
334.0 0.02311698772246018
335.0 0.02191952953580767
336.0 0.020722069893963635
337.0 0.024782001855783165
338.0 0.02884193090721965
339.0 0.024706660769879818
340.0 0.020571393542923033
341.0 0.017318365280516446
342.0 0.014065338473301381
343.0 0.013935270544607192
344.0 0.01380520552629605
345.0 0.012957876606378704
346.0 0.012110546958865598
347.0 0.011633610120043159
348.0 0.01115667400881648
349.0 0.013593921903520823
350.0 0.016031169798225164
351.0 0.013347232015803456
352.0 0.010663290595402941
353.0 0.011312385322526097
354.0 0.011961480049649253
355.0 0.010199022653978318
356.0 0.00843656380311586
357.0 0.00939202363952063
358.0 0.010347486386308447
359.0 0.01006388120003976
360.0 0.00978027455857955
361.0 0.008909059397410601
362.0 0.008037846419028938
363.0 0.009264665277441964
364.0 0.01049148413585499
365.0 0.010214415669906884
366.0 0.009937349386746064
367.0 0.008647568029118702
368.0 0.007357785216299817
369.0 0.00793593208072707
370.0 0.008514080400345847
371.0 0.008431758760707453
372.0 0.008349438576260582
373.0 0.0073127783252857625
374.0 0.006276120257098228
375.0 0.006537781155202538
376.0 0.006799442053306848
377.0 0.007119961082935333
378.0 0.0074404779297765344
379.0 0.006255124026210979
380.0 0.005069769758847542
381.0 0.003237346390960738
382.0 0.001404923477821285
383.0 0.0036150693631498143
384.0 0.005825215339427814
385.0 0.005571571819018573
386.0 0.005317928662407212
387.0 0.005984890958643518
388.0 0.0066518536186777055
389.0 0.005911162588745356
390.0 0.005170472650206648
391.0 0.004786120553035289
392.0 0.00440176845586393
393.0 0.0048383488319814205
394.0 0.0052749295718967915
395.0 0.004378873200039379
396.0 0.0034828161005862057
397.0 0.0036587545764632523
398.0 0.003834693052340299
399.0 0.004061423533130437
400.0 0.004288153650122695
401.0 0.004623370114131831
402.0 0.004958586941938847
403.0 0.004992685717297718
404.0 0.005026784856454469
405.0 0.004127760621486232
406.0 0.0032287374779116362
407.0 0.0018243243175675161
408.0 0.00041991224861703813
409.0 0.0018827588064596057
410.0 0.003345605728100054
411.0 0.004111798989470117
412.0 0.00487799261463806
413.0 0.004622595588443801
414.0 0.004367198562249541
415.0 0.0036576198908733204
416.0 0.00294804140139604
417.0 0.003916147034033202
418.0 0.0048842532123671845
419.0 0.004444148362381384
420.0 0.004004043876193464
421.0 0.003991724224761128
422.0 0.003979405664722435
423.0 0.003809543704846874
424.0 0.0036396832001628354
425.0 0.0026326062652515247
426.0 0.0016255295122391544
427.0 0.0018308775906916708
428.0 0.0020362258510431275
429.0 0.0014159740203467663
430.0 0.0007957228262966964
431.0 0.0007534935321018565
432.0 0.0007112641924322816
433.0 0.0007202820142993005
434.0 0.0007293000635399949
435.0 0.0012642093679460231
436.0 0.001799118945200462
437.0 0.0019108525521005504
438.0 0.0020225865227985196
439.0 0.0021324582121451385
440.0 0.002242329719592817
441.0 0.0016542673620278947
442.0 0.0010662051863619126
443.0 0.002206369572377298
444.0 0.003346533776493743
445.0 0.003334925713716075
446.0 0.0033233176509384066
447.0 0.0026033512767753564
448.0 0.0018833845388144255
449.0 0.002558139749453403
450.0 0.0032328953238902614
451.0 0.0025782670491025783
452.0 0.001923638592415955
453.0 0.0018152220945921727
454.0 0.001706805960566271
455.0 0.0024204062356147915
456.0 0.0031340066925622523
457.0 0.0022521788196172565
458.0 0.0013703512195206713
459.0 0.0015078438991622534
460.0 0.0016453366697533056
461.0 0.0007914966772659682
462.0 1.5833056437111748e-10
463.0 0.0009376102752867155
464.0 0.001937564229592681
465.0 0.0021835274310433306
466.0 0.002429490996291861
467.0 0.0021157260562176816
468.0 0.0018019603885477409
469.0 0.0016176867575268261
470.0 0.0014334130355564412
471.0 0.001342133055004524
472.0 0.0012508532563515473
473.0 0.0012692228665400762
474.0 0.0012875925676780753
475.0 0.0010980691513395868
476.0 0.0009085458259505685
477.0 0.001288937983190408
478.0 0.0016693300494807772
479.0 0.0020405657778610475
480.0 0.002411801506241318
481.0 0.0018866978280129842
482.0 0.0013615940588351805
483.0 0.0009391262210556306
484.0 0.0005166582923266105
485.0 0.001377279568259837
486.0 0.0022379008441930637
487.0 0.001562612123962026
488.0 0.0008873234037309885
489.0 0.0016609141312073916
490.0 0.0024345048586837947
491.0 0.0023314296413445845
492.0 0.0022283544240053743
493.0 0.0020098561435588636
494.0 0.0017913580450112931
495.0 0.0015567766240565106
496.0 0.0013221952031017281
497.0 0.0011668964361888357
498.0 0.0010115978511748835
499.0 0.001190999955724692
500.0 0.0013704022421734408
501.0 0.0008841266208037268
502.0 0.00039785081753507257
503.0 0.0012025400792481378
504.0 0.0020072295228601433
505.0 0.0021992424080963247
506.0 0.0023912551114335656
507.0 0.002299096740898676
508.0 0.0022069381884648465
509.0 0.001846759914769791
510.0 0.001486582277721027
511.0 0.0011628000720520504
512.0 0.0008390180482820142
513.0 0.001305925161432242
514.0 0.0017728325474308804
515.0 0.0013545086403610185
516.0 0.0009361852789879777
517.0 0.000940483823796967
518.0 0.0009447823686059564
519.0 0.0011079606338171288
520.0 0.0012711385352304205
521.0 0.0016187801520572975
522.0 0.0019664217688841745
523.0 0.0012876132132078055
524.0 0.0006088047030061716
525.0 0.0006861178917461075
526.0 0.0007634312169102486
527.0 0.001132724810304353
528.0 0.0015020187674963381
529.0 0.0012996228178963065
530.0 0.0010972262316499837
531.0 0.0011764148439397104
532.0 0.0012556032743304968
533.0 0.0008465515747957397
534.0 0.0004374997388367774
535.0 0.0010316714906366542
536.0 0.001625843287911266
537.0 0.0016252228306257166
538.0 0.0016246021914412268
539.0 0.00114166978164576
540.0 0.0006587370535271475
541.0 0.0007593453574372688
542.0 0.0008599537977715954
543.0 0.0012817809874832164
544.0 0.0017036083590937778
545.0 0.001113621510739904
546.0 0.0005236349807091756
547.0 0.0012084475201845635
548.0 0.0018932596503873356
549.0 0.0016409652744187042
550.0 0.0013886707165511325
551.0 0.0014634738363383804
552.0 0.0015382765923277475
553.0 0.001352944309473969
554.0 0.00116761175377178
555.0 0.0010390690476924647
556.0 0.0009105263416131493
557.0 0.0013181223948777188
558.0 0.0017257181752938777
559.0 0.0017770777049008757
560.0 0.0018284365069121122
561.0 0.0016399162632296793
562.0 0.0014513956557493657
563.0 0.001200493898068089
564.0 0.000949591958487872
565.0 0.001618498754396569
566.0 0.0022874059141031466
567.0 0.0026837436962523498
568.0 0.003080080932704732
569.0 0.0029268279831740074
570.0 0.0027735748517443426
571.0 0.0026344519937993027
572.0 0.0024953284082585014
573.0 0.001986604547710158
574.0 0.0014778806871618144
575.0 0.0019498167603160255
576.0 0.002421752651571296
577.0 0.001986042298085522
578.0 0.0015503323083976284
579.0 0.0016837397197377868
580.0 0.0018171465853811242
581.0 0.001701056316960603
582.0 0.0015849656847422011
583.0 0.001987927134905476
584.0 0.0023908887669676915
585.0 0.00252748195634922
586.0 0.0026640755095286295
587.0 0.002067291279672645
588.0 0.0014705065950693097
589.0 0.0020190367649775
590.0 0.0025675672077341005
591.0 0.0016980020518531092
592.0 0.0008284368050226476
593.0 0.0006954511718504364
594.0 0.00056246549320349
595.0 0.0010604088856780436
596.0 0.001558352232677862
597.0 0.0014202279999153689
598.0 0.0012821038581023458
599.0 0.0009816659257921856
600.0 0.0006812281753809657
601.0 0.0005764471097791102
602.0 0.0004716659532277845
603.0 0.000948535671341233
604.0 0.0014254049347073305
605.0 0.0009219144885719288
606.0 0.00041842376958811656
607.0 0.0007978757821547333
608.0 0.00117732779472135
609.0 0.001163865817943588
610.0 0.0011504036592668854
611.0 0.0009832576324697584
612.0 0.0008161114237736911
613.0 0.000779923539084848
614.0 0.0007437357453454752
615.0 0.0011917202755284961
616.0 0.0016397050785599276
617.0 0.0021512751118279994
618.0 0.0026628455088939518
619.0 0.002195858360209968
620.0 0.0017288710296270438
621.0 0.0014553347682522144
622.0 0.0011817981430795044
623.0 0.0015226159121084493
624.0 0.0018634336811373942
625.0 0.0016983678506221622
626.0 0.0015333022020058706
627.0 0.0018751001334749162
628.0 0.002216898610640783
629.0 0.0019944278392358683
630.0 0.0017719570678309537
631.0 0.001577643706696108
632.0 0.0013833300727128517
633.0 0.0017439329894841649
634.0 0.0021045361791038886
635.0 0.005066371159045957
636.0 0.008028205775190145
637.0 0.015352272021118551
638.0 0.022676341177430004
639.0 0.019860071188304573
640.0 0.01704379974398762
641.0 0.014796119648963213
642.0 0.012548441009130329
643.0 0.010071435826830566
644.0 0.007594431372126564
645.0 0.006840116839157417
646.0 0.0060858023061882704
647.0 0.005604585021501407
648.0 0.005123367373016663
649.0 0.004194328357698396
650.0 0.0032652897061780095
651.0 0.0036901015846524388
652.0 0.004114913099328987
653.0 0.003368012039572932
654.0 0.0026211109798168764
655.0 0.002817843051161617
656.0 0.003014575850102119
657.0 0.0029743083359790035
658.0 0.002934040458058007
659.0 0.0027330341254128143
660.0 0.002532027974666562
661.0 0.0027072519515058957
662.0 0.0028824755645473488
663.0 0.0019454872017377056
664.0 0.0010084989298775326
665.0 0.001556480856379494
666.0 0.0021044632376288064
667.0 0.002434972884657327
668.0 0.002765482531685848
669.0 0.002000126914936118
670.0 0.001234771389135858
671.0 0.0009107865480473265
672.0 0.0005868017524335301
673.0 0.0013370759006647859
674.0 0.002087350185320247
675.0 0.0021363999621826224
676.0 0.002185449375247117
677.0 0.0019242774214944802
678.0 0.001663105285842903
679.0 0.001412303390679881
680.0 0.0011615013136179186
681.0 0.0012277996574994177
682.0 0.0012940978194819763
683.0 0.0023908422008389607
684.0 0.003487586582195945
685.0 0.0029061720852041617
686.0 0.0023247581339091994
687.0 0.0017373276932630688
688.0 0.0011498972526169382
689.0 0.0014625731637352146
690.0 0.0017752487110556103
691.0 0.0020901883544865996
692.0 0.0024051278160186484
693.0 0.002730729647737462
694.0 0.0030563314794562757
695.0 0.0032811476557981223
696.0 0.003505963468342088
697.0 0.0036741468647960573
698.0 0.003842329897452146
699.0 0.005655021232087165
700.0 0.007467711839126423
701.0 0.007162262045312673
702.0 0.006856812251498923
703.0 0.00628042544121854
704.0 0.005704037175746635
705.0 0.005184600013308227
706.0 0.0046651632146677
707.0 0.0043921751057496294
708.0 0.004119186633033678
709.0 0.004249609628459439
710.0 0.00438003298768308
711.0 0.003995478255092166
712.0 0.003610924250097014
713.0 0.002562814552220516
714.0 0.001514704945293488
715.0 0.002190369923482649
716.0 0.00286603481072234
717.0 0.002515000414859969
718.0 0.0021639654733007774
719.0 0.001706340117380023
720.0 0.0012487142157624476
721.0 0.0012192535905342083
722.0 0.001189792874356499
723.0 0.0010231837222818285
724.0 0.0008565745702071581
725.0 0.0012436046745278873
726.0 0.0016306348697980866
727.0 0.0016824649719637819
728.0 0.0017342948922305368
729.0 0.0018005684978561476
730.0 0.0018668422853806987
731.0 0.001461812553316122
732.0 0.0010567831850494258
733.0 0.0009626231985748746
734.0 0.0008684631211508531
735.0 0.000997436472971458
736.0 0.0011264094609941822
737.0 0.0012851307474193163
738.0 0.0014438518519455101
739.0 0.001202783369080862
740.0 0.0009617147952667437
741.0 0.0010509068488318007
742.0 0.0011400988114473876
743.0 0.0015925663319649175
744.0 0.002045033579634037
745.0 0.001354085725324694
746.0 0.0006631379164900864
747.0 0.0011616652045631781
748.0 0.0016601923562120646
749.0 0.0023421474907081574
750.0 0.00302410244330531
751.0 0.0029724615160375834
752.0 0.002920820588769857
753.0 0.002900642721215263
754.0 0.0028804650355596095
755.0 0.0019161481759510934
756.0 0.0009518310434941668
757.0 0.0018630798876984045
758.0 0.002774328640953172
759.0 0.002641027640493121
760.0 0.0025077264581341296
761.0 0.00432800043199677
762.0 0.006148274405859411
763.0 0.005764483648817986
764.0 0.0053806932555744424
765.0 0.005357749614631757
766.0 0.005334804154699668
767.0 0.004510762664722279
768.0 0.003686721174744889
769.0 0.0033703188819345087
770.0 0.003053918044315651
771.0 0.003927369471057318
772.0 0.004800821261596866
773.0 0.003996973464381881
774.0 0.0031931253033690155
775.0 1.5833056437111748e-10
776.0 0.00454619039373938
777.0 0.0021996840587235056
778.0 1.5833056437111748e-10
779.0 0.10640062391757965
780.0 1.5833056437111748e-10
781.0 0.07811138639226556
782.0 1.5833056437111748e-10
783.0 0.009511626558378339
784.0 1.5833056437111748e-10
785.0 0.10058197658509016
786.0 0.18955734558403492
787.0 0.05905450088903308
788.0 1.5833056437111748e-10
789.0 1.5833056437111748e-10
790.0 0.11389426654204726
791.0 0.07003292557783425
792.0 0.03662731032818556
793.0 0.10990164009854198
794.0 0.07381305913440883
795.0 0.08389662834815681
796.0 0.03157210594508797
797.0 0.14446990098804235
798.0 0.09624653030186892
799.0 0.1090305158868432
800.0 0.07393279229290783
801.0 0.31719927210360765
802.0 0.452486053109169
803.0 0.8913147263228893
804.0 1.3383408077061176
805.0 2.0075904205441475
806.0 3.411123901605606
807.0 4.9629781395196915
808.0 6.925857812166214
809.0 9.259267896413803
810.0 12.179051339626312
811.0 15.630781650543213
812.0 18.652144074440002
813.0 21.74692004919052
814.0 24.455958604812622
815.0 27.956029772758484
816.0 32.38970637321472
817.0 37.87875473499298
818.0 43.709492683410645
819.0 49.39255118370056
820.0 56.52306079864502
821.0 64.51078057289124
822.0 70.90678215026855
823.0 76.99366211891174
824.0 82.47718214988708
825.0 87.57847547531128
826.0 91.36912822723389
827.0 94.71823573112488
828.0 97.51392602920532
829.0 98.56908917427063
830.0 99.00168776512146
831.0 99.4498610496521
832.0 98.74090552330017
833.0 99.6972143650055
834.0 98.61002564430237
835.0 99.55928325653076
836.0 99.31194186210632
837.0 99.28892850875854
838.0 98.33062291145325
839.0 98.78770112991333
840.0 99.08807277679443
841.0 99.38001036643982
842.0 99.85262155532837
843.0 99.93926286697388
844.0 98.71934652328491
845.0 98.90321493148804
846.0 98.75054359436035
847.0 99.09806847572327
848.0 100.11507272720337
849.0 98.8222599029541
850.0 98.46363663673401
851.0 99.26592707633972
852.0 99.54460263252258
853.0 99.21925067901611
854.0 99.87344145774841
855.0 98.70716333389282
856.0 98.86215329170227
857.0 98.20461869239807
858.0 98.76472353935242
859.0 99.46214556694031
860.0 98.77403378486633
861.0 98.9672064781189
862.0 98.92777800559998
863.0 98.35028052330017
864.0 99.41703677177429
865.0 100.22521018981934
866.0 98.33130836486816
867.0 99.72397089004517
868.0 99.6974527835846
869.0 99.02952313423157
870.0 98.41063618659973
871.0 98.84263873100281
872.0 99.25204515457153
873.0 99.29749965667725
874.0 99.976247549057
875.0 98.94126057624817
876.0 99.25953149795532
877.0 99.82745051383972
878.0 99.28620457649231
879.0 98.48758578300476
880.0 98.95585179328918
881.0 100.21036863327026
882.0 99.17101263999939
883.0 99.15425777435303
884.0 99.22192692756653
885.0 98.72198700904846
886.0 98.89211654663086
887.0 98.72880578041077
888.0 99.09127950668335
889.0 99.40546751022339
890.0 98.57677221298218
891.0 99.56965446472168
892.0 98.98319244384766
893.0 98.8226592540741
894.0 98.60310554504395
895.0 100.11285543441772
