lsstCam/transmission_filter_detector/r13_s21/z_20/19700101T000000.ecsv
# %ECSV 1.0
# ---
# datatype:
# - {name: wavelength, unit: nm, datatype: float32}
# - {name: efficiency, unit: '%', datatype: float64}
# meta: !!omap
# - {MODE: DETECTOR}
# - {TYPE: transmission_filter_detector}
# - {CALIBDATE: '1970-01-01T00:00:00'}
# - {INSTRUME: LSSTCam}
# - {OBSTYPE: transmission_filter_detector}
# - {CALIBCLS: lsst.ip.isr.IntermediateFilterDetectorTransmissionCurve}
# - {SOURCE: Materion (DM-46256)}
# - {DETECTOR: 61}
# - {FILTER: z_20}
# - {CALIB_ID: 'calibDate=1970-01-01T00:00:00 filter=z_20 detector=61'}
# - {DATE: '2025-04-02T15:59:48.920011'}
# - {CALIB_CREATION_DATE: '2025-04-02'}
# - {CALIB_CREATION_TIME: '15:59:48'}
# - __serialized_columns__:
#     efficiency:
#       __class__: astropy.units.quantity.Quantity
#       unit: !astropy.units.Unit {unit: '%'}
#       value: !astropy.table.SerializedColumn {name: efficiency}
#     wavelength:
#       __class__: astropy.units.quantity.Quantity
#       unit: !astropy.units.Unit {unit: nm}
#       value: !astropy.table.SerializedColumn {name: wavelength}
# schema: astropy-2.0
wavelength efficiency
[from data line 597]
897.0 99.38767552375793
898.0 98.95220398902893
899.0 98.65626096725464
900.0 99.01605248451233
901.0 99.48250651359558
902.0 99.40314292907715
903.0 98.81595969200134
904.0 98.04220199584961
905.0 98.96698594093323
906.0 98.34060072898865
907.0 99.01161193847656
908.0 98.42323660850525
909.0 98.30101132392883
910.0 98.1868326663971
911.0 97.03899025917053
912.0 95.99277973175049
913.0 94.82030868530273
914.0 92.66424775123596
915.0 90.29092192649841
916.0 88.32133412361145
917.0 86.64840459823608
918.0 83.44146609306335
919.0 82.20159411430359
920.0 79.54742908477783
921.0 75.39408206939697
922.0 71.253502368927
923.0 65.71388840675354
924.0 60.26965379714966
925.0 54.64509129524231
926.0 48.53767156600952
927.0 41.80413484573364
928.0 35.79381704330444
929.0 29.542499780654907
930.0 24.030040204524994
931.0 18.83668303489685
932.0 13.321210443973541
933.0 8.988884091377258
934.0 5.8053795248270035
935.0 3.5492222756147385
936.0 2.1362390369176865
937.0 1.2525959871709347
938.0 0.6557666696608067
939.0 0.46549951657652855
940.0 0.2513830317184329
941.0 0.3246651962399483
942.0 0.13541241642087698
943.0 0.11164809111505747
944.0 0.21847584284842014
945.0 0.135683617554605
946.0 0.004030029595014639
947.0 0.01214682197314687
948.0 1.5833056437111748e-10
949.0 0.1289282226935029
950.0 0.01521541562397033
951.0 0.055317243095487356
952.0 1.5833056437111748e-10
953.0 0.07359455921687186
954.0 0.06131849950179458
955.0 0.1163940760307014
956.0 1.5833056437111748e-10
957.0 0.06319000385701656
958.0 0.05839492077939212
959.0 1.5833056437111748e-10
960.0 1.5833056437111748e-10
961.0 0.05065565346740186
962.0 1.5833056437111748e-10
963.0 1.5833056437111748e-10
964.0 1.5833056437111748e-10
965.0 1.5833056437111748e-10
966.0 0.0694510352332145
967.0 0.11836390476673841
968.0 1.5833056437111748e-10
969.0 1.5833056437111748e-10
970.0 1.5833056437111748e-10
971.0 0.010008581739384681
972.0 1.5833056437111748e-10
973.0 1.5833056437111748e-10
974.0 0.002462580414430704
975.0 1.5833056437111748e-10
976.0 0.006530893733724952
977.0 0.006508821388706565
978.0 0.006486751226475462
979.0 0.00627206900389865
980.0 0.006057385689928196
981.0 0.005941016570432112
982.0 0.005824648178531788
983.0 0.005692884951713495
984.0 0.005561122452490963
985.0 0.00531080731889233
986.0 0.005060491093900055
987.0 0.0050386919610900804
988.0 0.0050168924644822255
989.0 0.004963089668308385
990.0 0.004909287599730305
991.0 0.0049673792091198266
992.0 0.0050254711823072284
993.0 0.004980422090739012
994.0 0.004935372271575034
995.0 0.0048935860831988975
996.0 0.004851799894822761
997.0 0.004617754893843085
998.0 0.004383709892863408
999.0 0.00436824957432691
1000.0 0.004352788891992532
1001.0 0.004522362723946571
1002.0 0.00469193619210273
1003.0 0.004606537186191417
1004.0 0.004521138180280104
1005.0 0.00436583322880324
1006.0 0.004210528277326375
1007.0 0.004304976755520329
1008.0 0.0043994252337142825
1009.0 0.004479278140934184
1010.0 0.004559131048154086
1011.0 0.004623975473805331
1012.0 0.004688820263254456
1013.0 0.004473466469789855
1014.0 0.004258112312527373
1015.0 0.004464603625820018
1016.0 0.004671094211516902
1017.0 0.004924077802570537
1018.0 0.005177061393624172
1019.0 0.004982177051715553
1020.0 0.004787293073604815
1021.0 0.004766961865243502
1022.0 0.0047466302930843085
1023.0 0.004658556281356141
1024.0 0.0045704822696279734
1025.0 0.004811205872101709
1026.0 0.005051928746979684
1027.0 0.004887926115770824
1028.0 0.004723923848359846
1029.0 0.004777864523930475
1030.0 0.004831805927096866
1031.0 0.004940776852890849
1032.0 0.005049748142482713
1033.0 0.005108307595946826
1034.0 0.005166867777006701
1035.0 0.005331636202754453
1036.0 0.005496404628502205
1037.0 0.0055783842981327325
1038.0 0.00566036396776326
1039.0 0.005534078809432685
1040.0 0.005407792923506349
1041.0 0.00580532469030004
1042.0 0.006202856457093731
1043.0 0.005661666000378318
1044.0 0.005120475543662906
1045.0 0.005863054684596136
1046.0 0.006605633097933605
1047.0 0.0063139828853309155
1048.0 0.006022331217536703
1049.0 0.00616875768173486
1050.0 0.006315184145933017
1051.0 0.006665360706392676
1052.0 0.007015539449639618
1053.0 0.006974687130423263
1054.0 0.0069338355388026685
1055.0 0.007669533079024404
1056.0 0.008405231346841902
1057.0 0.008137795521179214
1058.0 0.007870359695516527
1059.0 0.007984187686815858
1060.0 0.008098013495327905
1061.0 0.008563897426938638
1062.0 0.009029781358549371
1063.0 0.009138819586951286
1064.0 0.009247859270544723
1065.0 0.009284154657507315
1066.0 0.009320454410044476
1067.0 0.009599039185559377
1068.0 0.009877627599053085
1069.0 0.010639080574037507
1070.0 0.01140053354902193
1071.0 0.011114628432551399
1072.0 0.010828723316080868
1073.0 0.010962445958284661
1074.0 0.011096169328084216
1075.0 0.011802999506471679
1076.0 0.012509833322837949
1077.0 0.01245696475962177
1078.0 0.012404093286022544
1079.0 0.013469098485074937
1080.0 0.014534106594510376
1081.0 0.014523031131830066
1082.0 0.014511958579532802
1083.0 0.014317063323687762
1084.0 0.014122168067842722
1085.0 0.014716264558956027
1086.0 0.015310361050069332
1087.0 0.015511685342062265
1088.0 0.015713012544438243
1089.0 0.016986248374450952
1090.0 0.01825948420446366
1091.0 0.01830228720791638
1092.0 0.01834508584579453
1093.0 0.0179589434992522
1094.0 0.01757279969751835
1095.0 0.018670324061531574
1096.0 0.01976784988073632
1097.0 0.020272481197025627
1098.0 0.020777113968506455
1099.0 0.022988038836047053
1100.0 0.02519895788282156
1101.0 0.02501554263290018
1102.0 0.024832121562212706
1103.0 0.026294344570487738
1104.0 0.027756564668379724
1105.0 0.02766565012279898
1106.0 0.027574735577218235
1107.0 0.02891537733376026
1108.0 0.030256022000685334
1109.0 0.03157065075356513
1110.0 0.032885276596061885
1111.0 0.03239063953515142
1112.0 0.03189600829500705
1113.0 0.033949833596125245
1114.0 0.03600366762839258
1115.0 0.0351688067894429
1116.0 0.03433394886087626
1117.0 0.035014067543670535
1118.0 0.035694189136847854
1119.0 0.039028486935421824
1120.0 0.042362784733995795
1121.0 0.043565608211793005
1122.0 0.04476843751035631
1123.0 0.044677386176772416
1124.0 0.04458633775357157
1125.0 0.04532493476290256
1126.0 0.04606353468261659
1127.0 0.049703329568728805
1128.0 0.05334313027560711
1129.0 0.05773344892077148
1130.0 0.06212376756593585
1131.0 0.061837275279685855
1132.0 0.06155077717266977
1133.0 0.06447229534387589
1134.0 0.06739380769431591
1135.0 0.066108611645177
1136.0 0.06482340395450592
1137.0 0.07069053826853633
1138.0 0.07655767840333283
1139.0 0.08102509309537709
1140.0 0.08549246122129261
1141.0 0.09446050389669836
1142.0 0.10342852910980582
1143.0 0.1254668110050261
1144.0 0.14750505797564983
1145.0 0.3004039637744427
1146.0 0.45330291613936424
1147.0 0.9735365398228168
1148.0 1.4937701635062695
1149.0 1.6936657950282097
1150.0 1.893562637269497
