lsstCam/transmission_filter_detector/r31_s21/g_6/19700101T000000.ecsv
# %ECSV 1.0
# ---
# datatype:
# - {name: wavelength, unit: nm, datatype: float32}
# - {name: efficiency, unit: '%', datatype: float64}
# meta: !!omap
# - {MODE: DETECTOR}
# - {TYPE: transmission_filter_detector}
# - {CALIBDATE: '1970-01-01T00:00:00'}
# - {INSTRUME: LSSTCam}
# - {OBSTYPE: transmission_filter_detector}
# - {CALIBCLS: lsst.ip.isr.IntermediateFilterDetectorTransmissionCurve}
# - {SOURCE: Materion (DM-46256)}
# - {DETECTOR: 133}
# - {FILTER: g_6}
# - {CALIB_ID: 'calibDate=1970-01-01T00:00:00 filter=g_6 detector=133'}
# - {DATE: '2025-04-02T15:59:42.643260'}
# - {CALIB_CREATION_DATE: '2025-04-02'}
# - {CALIB_CREATION_TIME: '15:59:42'}
# - __serialized_columns__:
#     efficiency:
#       __class__: astropy.units.quantity.Quantity
#       unit: !astropy.units.Unit {unit: '%'}
#       value: !astropy.table.SerializedColumn {name: efficiency}
#     wavelength:
#       __class__: astropy.units.quantity.Quantity
#       unit: !astropy.units.Unit {unit: nm}
#       value: !astropy.table.SerializedColumn {name: wavelength}
# schema: astropy-2.0
wavelength efficiency
[from data line 608]
908.0 0.0004190160325379111
909.0 0.0004910480583930621
910.0 0.000461374611404608
911.0 0.0004317011189414188
912.0 0.00045099709495843854
913.0 0.00047029302550072316
914.0 0.0005055236670159502
915.0 0.0005407543085311772
916.0 0.0003945502157876035
917.0 0.0002483461230440298
918.0 0.00032892407944018487
919.0 0.000409502081311075
920.0 0.0004089682533958694
921.0 0.0004084344254806638
922.0 0.000366991616829182
923.0 0.00032554880817770027
924.0 0.000402369460061891
925.0 0.00047919011194608174
926.0 0.00044759940465155523
927.0 0.00041600865188229363
928.0 0.0004890745003649499
929.0 0.0005621403943223413
930.0 0.0005509597940545063
931.0 0.0005397792392614065
932.0 0.0005357101599656744
933.0 0.0005316410351952072
934.0 0.0005701391728507588
935.0 0.0006086372650315752
936.0 0.0006552225386258215
937.0 0.0007018078122200677
938.0 0.0005448571300803451
939.0 0.0003879066298395628
940.0 0.0005065728146291804
941.0 0.0006252389539440628
942.0 0.0006140959158074111
943.0 0.0006029529231454944
944.0 0.00048043852984847035
945.0 0.00035792406833934365
946.0 0.000650578203931218
947.0 0.000943232407735195
948.0 0.0007276986252691131
949.0 0.0005121647973282961
950.0 0.0006613701316382503
951.0 0.0008105754204734694
952.0 0.00101512032415485
953.0 0.0012196652278362308
954.0 0.0010905130693572573
955.0 0.0009613609108782839
956.0 0.0007641601769137196
957.0 0.0005669594884238904
958.0 0.0006283886250457726
959.0 0.0006898178071423899
960.0 0.0007444127277267398
961.0 0.0007990076483110897
962.0 0.0007151588761189487
963.0 0.0006313099675026024
964.0 0.0006212920197867788
965.0 0.00061127393564675
966.0 0.0006590258180949604
967.0 0.000706777791492641
968.0 0.0007220663974294439
969.0 0.000737355094315717
970.0 0.0006896923878230155
971.0 0.0006420295903808437
972.0 0.0006698336164845387
973.0 0.0006976375971134985
974.0 0.0007251262104546186
975.0 0.0007526148692704737
976.0 0.0008131103641062509
977.0 0.000873605767992558
978.0 0.0009128028978011571
979.0 0.0009519996638118755
980.0 0.0008915438229450956
981.0 0.000831088163977256
982.0 0.0009026906809594948
983.0 0.0009742932888912037
984.0 0.0011604790415731259
985.0 0.001346664794255048
986.0 0.0013221232620708179
987.0 0.0012975820027349982
988.0 0.0012334038729022723
989.0 0.001169225561170606
990.0 0.0012356065781204961
991.0 0.0013019875041209161
992.0 0.0013043593753536697
993.0 0.001306731064687483
994.0 0.001341644110652851
995.0 0.0013765573385171592
996.0 0.001315839199378388
997.0 0.001255121151189087
998.0 0.0012653550584218465
999.0 0.0012755888747051358
1000.0 0.001279109073948348
1001.0 0.0012826291822420899
1002.0 0.0012482397323765326
1003.0 0.0012138500096625648
1004.0 0.0012326237992965616
1005.0 0.0012513974979810882
1006.0 0.0013358495380089153
1007.0 0.0014203015780367423
1008.0 0.0013708653568755835
1009.0 0.0013214289538154844
1010.0 0.0014510463188344147
1011.0 0.0015806639567017555
1012.0 0.0015828924006200396
1013.0 0.0015851208445383236
1014.0 0.0018053233361570165
1015.0 0.0020255260096746497
1016.0 0.0020829402274102904
1017.0 0.0021403546270448714
1018.0 0.002392444912402425
1019.0 0.002644535379658919
1020.0 0.0027493053494254127
1021.0 0.0028540753191919066
1022.0 0.003205194298061542
1023.0 0.003556313458830118
1024.0 0.0036424728023121133
1025.0 0.003728631781996228
1026.0 0.0040071739931590855
1027.0 0.0042857158405240625
1028.0 0.004422293568495661
1029.0 0.0045588712964672595
1030.0 0.004628039459930733
1031.0 0.004697207987192087
1032.0 0.004814130807062611
1033.0 0.004931053626933135
1034.0 0.005097046232549474
1035.0 0.0052630384743679315
1036.0 0.005496548692462966
1037.0 0.005730058910558
1038.0 0.005753547520725988
1039.0 0.005777035767096095
1040.0 0.0059435260482132435
1041.0 0.0061100159655325115
1042.0 0.006146481609903276
1043.0 0.0061829472542740405
1044.0 0.006376660167006776
1045.0 0.006570373807335272
1046.0 0.007169065065681934
1047.0 0.007767755596432835
1048.0 0.008585793693782762
1049.0 0.00940383251872845
1050.0 0.010836460569407791
1051.0 0.01226908789249137
1052.0 0.014576251851394773
1053.0 0.016883415810298175
1054.0 0.020361336646601558
1055.0 0.023839256027713418
1056.0 0.028675186331383884
1057.0 0.03351110790390521
1058.0 0.0400443997932598
1059.0 0.04657768877223134
1060.0 0.05456443759612739
1061.0 0.06255117477849126
1062.0 0.07085272227413952
1063.0 0.07915426976978779
1064.0 0.08757099276408553
1065.0 0.09598772157914937
1066.0 0.10350106749683619
1067.0 0.11101440759375691
1068.0 0.11884433915838599
1069.0 0.12667427072301507
1070.0 0.13573324540629983
1071.0 0.14479219680652022
1072.0 0.1543659484013915
1073.0 0.1639396999962628
1074.0 0.1745635294355452
1075.0 0.18518734723329544
1076.0 0.19535389728844166
1077.0 0.2055204939097166
1078.0 0.21546725183725357
1079.0 0.22541400976479053
1080.0 0.23802504874765873
1081.0 0.2506360877305269
1082.0 0.2669411711394787
1083.0 0.2832462312653661
1084.0 0.3104619449004531
1085.0 0.3376776119694114
1086.0 0.3730095224454999
1087.0 0.40834140963852406
1088.0 0.4567531403154135
1089.0 0.5051648709923029
1090.0 0.5649172700941563
1091.0 0.6246697623282671
1092.0 0.6953829899430275
1093.0 0.7660964038223028
1094.0 0.83817383274436
1095.0 0.9102514013648033
1096.0 0.9586555883288383
1097.0 1.0070595890283585
1098.0 1.0816452093422413
1099.0 1.156231015920639
1100.0 1.272252667695284
1101.0 1.3882743194699287
