lsstCam/transmission_filter_detector/r31_s21/g_6/19700101T000000.ecsv
# %ECSV 1.0
# ---
# datatype:
# - {name: wavelength, unit: nm, datatype: float32}
# - {name: efficiency, unit: '%', datatype: float64}
# meta: !!omap
# - {MODE: DETECTOR}
# - {TYPE: transmission_filter_detector}
# - {CALIBDATE: '1970-01-01T00:00:00'}
# - {INSTRUME: LSSTCam}
# - {OBSTYPE: transmission_filter_detector}
# - {CALIBCLS: lsst.ip.isr.IntermediateFilterDetectorTransmissionCurve}
# - {SOURCE: Materion (DM-46256)}
# - {DETECTOR: 133}
# - {FILTER: g_6}
# - {CALIB_ID: 'calibDate=1970-01-01T00:00:00 filter=g_6 detector=133'}
# - {DATE: '2025-04-02T15:59:42.643260'}
# - {CALIB_CREATION_DATE: '2025-04-02'}
# - {CALIB_CREATION_TIME: '15:59:42'}
# - __serialized_columns__:
#     efficiency:
#       __class__: astropy.units.quantity.Quantity
#       unit: !astropy.units.Unit {unit: '%'}
#       value: !astropy.table.SerializedColumn {name: efficiency}
#     wavelength:
#       __class__: astropy.units.quantity.Quantity
#       unit: !astropy.units.Unit {unit: nm}
#       value: !astropy.table.SerializedColumn {name: wavelength}
# schema: astropy-2.0
wavelength efficiency
300.0 0.3302960889413953
301.0 0.2920945640653372
302.0 0.2538930391892791
303.0 0.2396916039288044
304.0 0.22549021523445845
305.0 0.22309795022010803
306.0 0.22070570848882198
307.0 0.2096160314977169
308.0 0.1985263777896762
309.0 0.19551601726561785
310.0 0.1925056683830917
311.0 0.19456377485767007
312.0 0.19662186969071627
313.0 0.19179412629455328
314.0 0.1869663712568581
315.0 0.18242915393784642
316.0 0.17789192497730255
317.0 0.17401351360604167
318.0 0.1701350905932486
319.0 0.15786628937348723
320.0 0.14559751143679023
321.0 0.13622380793094635
322.0 0.12685010442510247
323.0 0.11376922484487295
324.0 0.10068833362311125
325.0 0.09069617372006178
326.0 0.08070399635471404
327.0 0.07428667740896344
328.0 0.06786935846321285
329.0 0.06219660281203687
330.0 0.056523847160860896
331.0 0.05399500951170921
332.0 0.05146617768332362
333.0 0.04785316705238074
334.0 0.04424015642143786
335.0 0.04222390707582235
336.0 0.04020765773020685
337.0 0.04050482239108533
338.0 0.040801981231197715
339.0 0.03949612728320062
340.0 0.03819027042482048
341.0 0.03692573809530586
342.0 0.03566120285540819
343.0 0.03241139929741621
344.0 0.029161592829041183
345.0 0.025763289886526763
346.0 0.02236498985439539
347.0 0.020527908054646105
348.0 0.018690824799705297
349.0 0.01736119738779962
350.0 0.6832027342170477
351.0 1.1954670771956444
352.0 0.78186159953475
353.0 0.9271333925426006
354.0 0.5505652632564306
355.0 0.8088956587016582
356.0 0.5319125950336456
357.0 1.003656629472971
358.0 0.6138614378869534
359.0 0.8045610040426254
360.0 0.577947311103344
361.0 0.5742344073951244
362.0 0.6343477871268988
363.0 0.728639867156744
364.0 0.45739784836769104
365.0 0.7108851801604033
366.0 0.4720945842564106
367.0 0.7065176032483578
368.0 0.3921655938029289
369.0 0.5691602826118469
370.0 0.45332005247473717
371.0 0.5634012632071972
372.0 0.35184980370104313
373.0 0.6660127080976963
374.0 0.44201971031725407
375.0 0.6276512518525124
376.0 0.42791576124727726
377.0 0.5044242832809687
378.0 0.319454912096262
379.0 0.5323745775967836
380.0 0.46133194118738174
381.0 0.5931388586759567
382.0 0.5273766350001097
383.0 0.5022404715418816
384.0 0.5733530502766371
385.0 0.6460400298237801
386.0 0.6240196526050568
387.0 0.7636218797415495
388.0 0.9300030767917633
389.0 1.12575963139534
390.0 1.6360856592655182
391.0 2.4687161669135094
392.0 3.871161863207817
393.0 6.1617303639650345
394.0 9.391499310731888
395.0 13.741981983184814
396.0 19.239069521427155
397.0 26.177668571472168
398.0 34.356170892715454
399.0 43.52404177188873
400.0 52.91207432746887
401.0 62.08875775337219
402.0 70.66455483436584
403.0 78.17732095718384
404.0 83.72832536697388
405.0 88.00349831581116
406.0 90.42115807533264
407.0 92.44585037231445
408.0 93.66153478622437
409.0 94.28926706314087
410.0 94.52506899833679
411.0 94.41787600517273
412.0 94.05041933059692
413.0 93.91255378723145
414.0 93.73391270637512
415.0 93.76276731491089
416.0 94.10520195960999
417.0 94.3820595741272
418.0 94.9064552783966
419.0 95.4663872718811
420.0 96.01134061813354
421.0 96.5931236743927
422.0 96.77969813346863
423.0 97.02173471450806
424.0 96.89928889274597
425.0 96.76716923713684
426.0 96.74590229988098
427.0 96.75257802009583
428.0 96.587473154068
429.0 96.44680619239807
430.0 96.26119136810303
431.0 96.23643159866333
432.0 96.32570147514343
433.0 96.38512134552002
434.0 96.4601457118988
435.0 96.61659002304077
436.0 96.71189188957214
437.0 96.70275449752808
438.0 96.79235816001892
439.0 96.831214427948
440.0 96.79806232452393
441.0 96.89784646034241
442.0 96.90218567848206
443.0 96.86717987060547
444.0 96.83339595794678
445.0 96.60088419914246
446.0 96.52745127677917
447.0 96.272212266922
448.0 96.22393846511841
449.0 96.40437960624695
450.0 96.5660572052002
451.0 96.78614735603333
452.0 96.99198007583618
453.0 97.1242904663086
454.0 97.22767472267151
455.0 97.45584726333618
456.0 97.58141040802002
457.0 97.69803881645203
458.0 97.73803353309631
459.0 97.76661992073059
460.0 97.78218865394592
461.0 97.9134202003479
462.0 97.83872961997986
463.0 97.79672026634216
464.0 97.9163110256195
465.0 97.83526659011841
466.0 97.86608219146729
467.0 97.81311750411987
468.0 97.86979556083679
469.0 97.91774153709412
470.0 97.73465991020203
471.0 97.62374758720398
472.0 97.71069884300232
473.0 97.55468368530273
474.0 97.42521643638611
475.0 97.51447439193726
476.0 97.50159978866577
477.0 97.52058386802673
478.0 97.6172149181366
479.0 97.56598472595215
480.0 97.75737524032593
481.0 97.85950779914856
482.0 98.01099896430969
483.0 97.92896509170532
484.0 98.1475293636322
485.0 98.14879298210144
486.0 98.18345904350281
487.0 98.23200106620789
488.0 98.21749329566956
489.0 98.30971360206604
490.0 98.25152158737183
491.0 98.2800304889679
492.0 98.24777245521545
493.0 98.23822379112244
494.0 98.17398190498352
495.0 98.25384020805359
496.0 98.05213212966919
497.0 97.99277782440186
498.0 97.77280688285828
499.0 97.83705472946167
500.0 97.78377413749695
501.0 97.75025248527527
502.0 97.60812520980835
503.0 97.76734709739685
504.0 97.61003255844116
505.0 97.59755730628967
506.0 97.69386053085327
507.0 97.6321816444397
508.0 97.58790731430054
509.0 97.62071967124939
510.0 97.5635826587677
511.0 97.55275845527649
512.0 97.44311571121216
513.0 97.52444624900818
514.0 97.50603437423706
515.0 97.50269651412964
516.0 97.59992361068726
517.0 97.58995175361633
518.0 97.70199060440063
519.0 97.71251082420349
520.0 97.76449799537659
521.0 97.89759516716003
522.0 97.91626930236816
523.0 97.88576364517212
524.0 97.86800742149353
525.0 97.87163138389587
526.0 97.9705810546875
527.0 97.97630906105042
528.0 98.05365800857544
529.0 98.13087582588196
530.0 98.1815755367279
531.0 98.30339550971985
532.0 98.16380143165588
533.0 98.23716878890991
534.0 98.19234609603882
535.0 98.0433464050293
536.0 97.81222939491272
537.0 97.28385806083679
538.0 96.65234684944153
539.0 95.45928239822388
540.0 93.87412071228027
541.0 91.50299429893494
542.0 88.92077207565308
543.0 85.46963930130005
544.0 81.00839257240295
545.0 77.06849575042725
546.0 72.0933735370636
547.0 67.50941276550293
548.0 62.86109685897827
549.0 58.60593914985657
550.0 55.213528871536255
551.0 51.90751552581787
552.0 49.45055842399597
553.0 46.94407880306244
554.0 44.243285059928894
555.0 41.267046332359314
556.0 37.317898869514465
557.0 32.65552818775177
558.0 27.411362528800964
559.0 22.09242284297943
560.0 16.79968535900116
561.0 11.766684800386429
562.0 7.771101593971252
563.0 4.724268242716789
564.0 2.6553280651569366
565.0 1.3215669430792332
566.0 0.6925441790372133
567.0 0.3521925304085016
568.0 0.20961400587111712
569.0 0.1114353770390153
570.0 0.09096310241147876
571.0 0.06158878677524626
572.0 0.0638641940895468
573.0 0.0320577179081738
574.0 0.05200651939958334
575.0 0.03154117148369551
576.0 0.032797252060845494
577.0 0.02717291354201734
578.0 0.03160016203764826
579.0 0.026188453193753958
580.0 0.03611126448959112
581.0 0.022447544324677438
582.0 0.028455720166675746
583.0 0.020560628036037087
584.0 0.01921219809446484
585.0 0.015289016300812364
586.0 0.01780669845174998
587.0 0.005139560016687028
588.0 0.022639735834673047
589.0 0.020026600395794958
590.0 0.020165732712484896
591.0 0.008562415314372629
592.0 0.014494842616841197
593.0 0.009729997691465542
594.0 0.018934479157906026
595.0 0.011496479419292882
596.0 0.005957946632406674
597.0 0.01595554203959182
598.0 0.005851320747751743
599.0 0.005489469185704365
600.0 0.013422461051959544
601.0 0.0023945167413330637
602.0 0.002289965959789697
603.0 0.00218541499634739
604.0 0.002068264439003542
605.0 0.0019511135178618133
606.0 0.0019449780666036531
607.0 0.0019388424334465526
608.0 0.002013012817769777
609.0 0.0020871832020930015
610.0 0.002032358133874368
611.0 0.0019775330656557344
612.0 0.0019229695681133308
613.0 0.0018684062524698675
614.0 0.0017870188457891345
615.0 0.0017056312572094612
616.0 0.001615686596778687
617.0 0.0015257420272973832
618.0 0.0015372086636489257
619.0 0.0015486753909499384
620.0 0.0014432922398555093
621.0 0.0013379088159126695
622.0 0.001397560572513612
623.0 0.0014572122381650843
624.0 0.0015893047020654194
625.0 0.001721397347864695
626.0 0.0015244141650327947
627.0 0.0013274308912514243
628.0 0.0014552151696989313
629.0 0.001582999357196968
630.0 0.0015589326721965335
631.0 0.001534865987196099
632.0 0.001448605144105386
633.0 0.0013623444829136133
634.0 0.0014433411706704646
635.0 0.0015243377674778458
636.0 0.001460844578105025
637.0 0.0013973514796816744
638.0 0.0013140948794898577
639.0 0.001230838279298041
640.0 0.0013053946531726979
641.0 0.0013799510270473547
642.0 0.0013716985449718777
643.0 0.0013634464266942814
644.0 0.0011849037036881782
645.0 0.001006361435429426
646.0 0.0010750182809715625
647.0 0.0011436752174631692
648.0 0.001244818759005284
649.0 0.0013459625733958092
650.0 0.0012279575457796454
651.0 0.0011099523362645414
652.0 0.0011461208487162367
653.0 0.0011822892702184618
654.0 0.0012539169802039396
655.0 0.0013255445992399473
656.0 0.0012252152373548597
657.0 0.0011248859664192423
658.0 0.001126017468777718
659.0 0.001127149062085664
660.0 0.001128782514570048
661.0 0.0011304155123070814
662.0 0.0011358163646946196
663.0 0.0011412171261326876
664.0 0.001197931487695314
665.0 0.0012546459402074106
666.0 0.0012678307939495426
667.0 0.0012810154657927342
668.0 0.0012287202480365522
669.0 0.0011764246664824896
670.0 0.0011930931577808224
671.0 0.0012097618309780955
672.0 0.001070324196916772
673.0 0.0009308869266533293
674.0 0.0010551812920311932
675.0 0.0011794758393079974
676.0 0.0010934448255284224
677.0 0.001007413629849907
678.0 0.0010398232006991748
679.0 0.0010722326805989724
680.0 0.0010820243915077299
681.0 0.0010918164662143681
682.0 0.0010230984116788022
683.0 0.000954380720941117
684.0 0.0009368340215587523
685.0 0.0009192873221763875
686.0 0.0009351540029456373
687.0 0.0009510206837148871
688.0 0.000988611009233864
689.0 0.0010262012438033707
690.0 0.001172067550214706
691.0 0.001317933765676571
692.0 0.0011751179954444524
693.0 0.001032302316161804
694.0 0.001040629194903886
695.0 0.0010489561645954382
696.0 0.0011231321877858136
697.0 0.0011973083928751294
698.0 0.0011699831702571828
699.0 0.0011426580385887064
700.0 0.0011584607818804216
701.0 0.0011742632523237262
702.0 0.0012176858035672922
703.0 0.0012611081729119178
704.0 0.0011607075975916814
705.0 0.0010603066584735643
706.0 0.001054574840964051
707.0 0.0010488428415555973
708.0 0.0010244518307445105
709.0 0.0010000610018323641
710.0 0.0010729395398811903
711.0 0.0011458179869805463
712.0 0.0012005701137240976
713.0 0.0012553220585687086
714.0 0.0013307032531884033
715.0 0.001406084447808098
716.0 0.0014315467524284031
717.0 0.001457009420846589
718.0 0.001543304642837029
719.0 0.0016296002286253497
720.0 0.0014195020412444137
721.0 0.0012094036719645374
722.0 0.001383806829835521
723.0 0.0015582101696054451
724.0 0.0015456687833648175
725.0 0.0015331275790231302
726.0 0.0016612146282568574
727.0 0.0017893016774905846
728.0 0.0018515211195335723
729.0 0.0019137407434755005
730.0 0.001874653753475286
731.0 0.0018355671272729523
732.0 0.0017174625099869445
733.0 0.0015993582564988174
734.0 0.0014859722796245478
735.0 0.001372586211800808
736.0 0.0012190255802124739
737.0 0.0010654646757757291
738.0 0.0010248945727653336
739.0 0.0009843242878559977
740.0 0.0009081601092475466
741.0 0.0008319957487401552
742.0 0.000821206413093023
743.0 0.0008104171683953609
744.0 0.0008199986041290686
745.0 0.0008295800398627762
746.0 0.0006680257683910895
747.0 0.0005064714514446678
748.0 0.0005965189302514773
749.0 0.0006865664545330219
750.0 0.0008116189746942837
751.0 0.0009366715858050156
752.0 0.0009495576705376152
753.0 0.0009624438462196849
754.0 0.0008821804840408731
755.0 0.0008019170309125911
756.0 0.0008131296453939285
757.0 0.0008243421689257957
758.0 0.0008722221537027508
759.0 0.0009201024113281164
760.0 0.000909139089344535
761.0 0.0008981756764114834
762.0 0.0008733798495086376
763.0 0.0008485840226057917
764.0 0.0007839490535843652
765.0 0.0007193141755124088
766.0 0.0007339502190006897
767.0 0.0007485862624889705
768.0 0.0006235471118998248
769.0 0.0004985079613106791
770.0 0.0005508663889486343
771.0 0.0006032248620613245
772.0 0.0005763983153883601
773.0 0.0005495716777659254
774.0 0.0005662517651217058
775.0 0.0005829318524774862
776.0 0.0005864671038580127
777.0 0.0005900020823901286
778.0 0.0005647733360092388
779.0 0.0005395447260525543
780.0 0.0005900536052649841
781.0 0.0006405626209016191
782.0 0.0005458967734739417
783.0 0.00045123097152099945
784.0 0.00039050755731295794
785.0 0.00032978418857965153
786.0 0.0004504661774262786
787.0 0.0005711481207981706
788.0 0.000462069192508352
789.0 0.00035299017326906323
790.0 0.00043060717871412635
791.0 0.0005082243205833947
792.0 0.0004682156031776685
793.0 0.0004282069312466774
794.0 0.0004502609954215586
795.0 0.0004723150595964398
796.0 0.0004805529897566885
797.0 0.0004887910108664073
798.0 0.00033308524507447146
799.0 0.00017737949065121938
800.0 0.00021256653326418018
801.0 0.0002477536099831923
802.0 0.0004922857442579698
803.0 0.0007368179467448499
804.0 0.0005592947672994342
805.0 0.0003817716333287535
806.0 0.0004024391273560468
807.0 0.0004231066668580752
808.0 0.0004505595370574156
809.0 0.000478012407256756
810.0 0.0004043492936034454
811.0 0.0003306862026875024
812.0 0.0003296620434412034
813.0 0.00032863797514437465
814.0 0.0003368918669366394
815.0 0.0003451457587289042
816.0 0.0004646877641789615
817.0 0.0005842298378411215
818.0 0.0005136926574778045
819.0 0.00044315552258922253
820.0 0.00040425902625429444
821.0 0.0003653626436062041
822.0 0.00040592831282992847
823.0 0.00044649391384155024
824.0 0.00046691975512658246
825.0 0.00048734564188634977
826.0 0.0005141835117683513
827.0 0.0005410213816503529
828.0 0.0004816943601326784
829.0 0.0004223672931402689
830.0 0.0003434905920585152
831.0 0.0002646138455020264
832.0 0.0003009097554240725
833.0 0.000337205597134016
834.0 0.00036988408282923046
835.0 0.0004025625457870774
836.0 0.00039755846046318766
837.0 0.00039255432966456283
838.0 0.00043675340748450253
839.0 0.00048095248530444223
840.0 0.00041470129872323014
841.0 0.0003484502030914882
842.0 0.000453430948255118
843.0 0.0005584116934187477
844.0 0.0006133718216005946
845.0 0.0006683319952571765
846.0 0.00047091793931031134
847.0 0.0002735038606260787
848.0 0.0002784722255455563
849.0 0.00028344061320240144
850.0 0.00020636257431760896
851.0 0.0001292845695388678
852.0 0.00014373805470313528
853.0 0.00015819149439266766
854.0 0.0001805452939152019
855.0 0.00020289908206905238
856.0 0.00032994585126289167
857.0 0.00045699266593146604
858.0 0.0005210508788877632
859.0 0.0005851090463693254
860.0 0.0005121923550177598
861.0 0.0004392756181914592
862.0 0.00030941864679334685
863.0 0.00017956166402655072
864.0 0.0002313000777576235
865.0 0.00028303848012001254
866.0 0.000399963528252556
867.0 0.0005168885309103644
868.0 0.0005410521225712728
869.0 0.0005652157142321812
870.0 0.0005010921540815616
871.0 0.0004369686394056771
872.0 0.00041415137275180314
873.0 0.00039133419704739936
874.0 0.0004921617801301181
875.0 0.0005929892722633667
876.0 0.0005191064246901078
877.0 0.0004452235771168489
878.0 0.0004770783107233001
879.0 0.0005089330443297513
880.0 0.0005355506345949834
881.0 0.0005621681339107454
882.0 0.0005520769718714291
883.0 0.0005419857643573778
884.0 0.0005242528004600899
885.0 0.0005065197456133319
886.0 0.0005007087111152941
887.0 0.0004948976311425213
888.0 0.0005814130872749956
889.0 0.0006679286343569402
890.0 0.000629906753601972
891.0 0.000591884918321739
892.0 0.0005814216819999274
893.0 0.0005709584456781158
894.0 0.0005578507170866942
895.0 0.0005447428975458024
896.0 0.0005222401341598015
897.0 0.0004997372798243305
898.0 0.00047609200919396244
899.0 0.0004524466930888593
900.0 0.00036308003927842947
901.0 0.0002737133854679996
902.0 0.0004616673322743736
903.0 0.0006496212336060125
904.0 0.0005533242074307054
905.0 0.0004570272267301334
906.0 0.00040200561670644674
