lsstCam/transmission_filter_detector/r21_s00/g_6/19700101T000000.ecsv
# %ECSV 1.0
# ---
# datatype:
# - {name: wavelength, unit: nm, datatype: float32}
# - {name: efficiency, unit: '%', datatype: float64}
# meta: !!omap
# - {MODE: DETECTOR}
# - {TYPE: transmission_filter_detector}
# - {CALIBDATE: '1970-01-01T00:00:00'}
# - {INSTRUME: LSSTCam}
# - {OBSTYPE: transmission_filter_detector}
# - {CALIBCLS: lsst.ip.isr.IntermediateFilterDetectorTransmissionCurve}
# - {SOURCE: Materion (DM-46256)}
# - {DETECTOR: 81}
# - {FILTER: g_6}
# - {CALIB_ID: 'calibDate=1970-01-01T00:00:00 filter=g_6 detector=81'}
# - {DATE: '2025-04-02T15:59:42.403461'}
# - {CALIB_CREATION_DATE: '2025-04-02'}
# - {CALIB_CREATION_TIME: '15:59:42'}
# - __serialized_columns__:
#     efficiency:
#       __class__: astropy.units.quantity.Quantity
#       unit: !astropy.units.Unit {unit: '%'}
#       value: !astropy.table.SerializedColumn {name: efficiency}
#     wavelength:
#       __class__: astropy.units.quantity.Quantity
#       unit: !astropy.units.Unit {unit: nm}
#       value: !astropy.table.SerializedColumn {name: wavelength}
# schema: astropy-2.0
wavelength efficiency
[from data line 608]
908.0 0.00043428130993561354
909.0 0.0003402043375899666
910.0 0.0003408456905162893
911.0 0.0003414870207052445
912.0 0.00043636164264171384
913.0 0.0005312362191034481
914.0 0.0003855795057461364
915.0 0.0002399228151261923
916.0 0.00024757584924373077
917.0 0.00025522888336126925
918.0 0.00031653828500566306
919.0 0.0003778476639126893
920.0 0.000460627188658691
921.0 0.0005434067134046927
922.0 0.0006362316980812466
923.0 0.0007290567282325355
924.0 0.0005757978669862496
925.0 0.00042253891479049344
926.0 0.0005581164259638172
927.0 0.0006936940280866111
928.0 0.0006249494163057534
929.0 0.0005562048499996308
930.0 0.0005201323801884428
931.0 0.0004840599103772547
932.0 0.0005328635324985953
933.0 0.0005816672910441412
934.0 0.0004786252247868106
935.0 0.00037558313579211244
936.0 0.0005001451427233405
937.0 0.0006247071269172011
938.0 0.0006408967237803154
939.0 0.0006570864115928998
940.0 0.00058565260587784
941.0 0.0005142187092133099
942.0 0.0006809623755543726
943.0 0.0008477059964207001
944.0 0.0008007962605915964
945.0 0.0007538863428635523
946.0 0.0007050289241306018
947.0 0.0006561713689734461
948.0 0.0009893304195429664
949.0 0.0013224896974861622
950.0 0.0011365729733370245
951.0 0.0009506561582384165
952.0 0.0010167184882448055
953.0 0.0010827807273017243
954.0 0.000954487404669635
955.0 0.0008261940820375457
956.0 0.0007401552466035355
957.0 0.0006541161837958498
958.0 0.0007855144758650567
959.0 0.0009169127224595286
960.0 0.0007589178494527005
961.0 0.000600922794546932
962.0 0.0005859158591192681
963.0 0.0005709088782168692
964.0 0.0006631054475292331
965.0 0.0007553018804173917
966.0 0.0007114083018677775
967.0 0.0006675146778434282
968.0 0.0006888398274895735
969.0 0.0007101649771357188
970.0 0.0007321879820665345
971.0 0.0007542108960478799
972.0 0.0008481956683681346
973.0 0.0009421803952136543
974.0 0.0008912143130146433
975.0 0.0008402484127145726
976.0 0.0008916493243305013
977.0 0.0009430505997443106
978.0 0.0009625202437746339
979.0 0.0009819899787544273
980.0 0.0010199732969340403
981.0 0.0010579567060631234
982.0 0.0009745226634549908
983.0 0.0008910886208468582
984.0 0.0009636937647883315
985.0 0.0010362989996792749
986.0 0.0011244786946917884
987.0 0.0012126582078053616
988.0 0.0013013721400056966
989.0 0.0013900856174586806
990.0 0.0014022502000443637
991.0 0.0014144147826300468
992.0 0.0014106562957749702
993.0 0.0014068978089198936
994.0 0.0013486503121384885
995.0 0.0012904029063065536
996.0 0.001208787398354616
997.0 0.001127172163251089
998.0 0.0012802734090655576
999.0 0.0014333747458294965
1000.0 0.0013551112715504132
1001.0 0.0012768476153723896
1002.0 0.0012771502042596694
1003.0 0.0012774527931469493
1004.0 0.001217253247887129
1005.0 0.0011570537026273087
1006.0 0.0013821061656926759
1007.0 0.001607158628758043
1008.0 0.0016218662494793534
1009.0 0.0016365744158974849
1010.0 0.0017952970665646717
1011.0 0.0019540200810297392
1012.0 0.0020862105884589255
1013.0 0.002218401277787052
1014.0 0.002236754517070949
1015.0 0.0022551079382537864
1016.0 0.0025590288714738563
1017.0 0.002862950168491807
1018.0 0.0030716517358087003
1019.0 0.003280353485024534
1020.0 0.003424328679102473
1021.0 0.003568303509382531
1022.0 0.003780640327022411
1023.0 0.0039929775084601715
1024.0 0.0042156803829129785
1025.0 0.0044383832573657855
1026.0 0.004569014708977193
1027.0 0.004699645796790719
1028.0 0.004831253318116069
1029.0 0.004962860839441419
1030.0 0.005001901081413962
1031.0 0.0050409409595886245
1032.0 0.0054111438657855615
1033.0 0.0057813467719824985
1034.0 0.005673666964867152
1035.0 0.005565987157751806
1036.0 0.00565628579352051
1037.0 0.005746584429289214
1038.0 0.005886774670216255
1039.0 0.0060269649111432955
1040.0 0.006327176379272714
1041.0 0.006627387483604252
1042.0 0.006936359568499029
1043.0 0.007245331653393805
1044.0 0.0074555711762513965
1045.0 0.007665809243917465
1046.0 0.00877463462529704
1047.0 0.009883460006676614
1048.0 0.011486668518045917
1049.0 0.013089875574223697
1050.0 0.015477332635782659
1051.0 0.017864786786958575
1052.0 0.021714280592277646
1053.0 0.025563780218362808
1054.0 0.030812021577730775
1055.0 0.03606026584748179
1056.0 0.04300631408113986
1057.0 0.04995235940441489
1058.0 0.05784984678030014
1059.0 0.06574733415618539
1060.0 0.07338440045714378
1061.0 0.0810214492958039
1062.0 0.08874119375832379
1063.0 0.09646091493777931
1064.0 0.10264399461448193
1065.0 0.10882706847041845
1066.0 0.11565459426492453
1067.0 0.12248213170096278
1068.0 0.13034780276939273
1069.0 0.1382135204039514
1070.0 0.14888289151713252
1071.0 0.1595522277057171
1072.0 0.17081425758078694
1073.0 0.18207624088972807
1074.0 0.19370969384908676
1075.0 0.20534319337457418
1076.0 0.217161001637578
1077.0 0.22897880990058184
1078.0 0.2414465881884098
1079.0 0.2539143431931734
1080.0 0.2711540088057518
1081.0 0.2883936744183302
1082.0 0.31657093204557896
1083.0 0.3447481896728277
1084.0 0.3861819626763463
1085.0 0.4276157822459936
1086.0 0.4642133601009846
1087.0 0.5008109379559755
1088.0 0.5670442711561918
1089.0 0.6332775577902794
1090.0 0.7100731134414673
1091.0 0.7868686690926552
1092.0 0.8214599452912807
1093.0 0.8560510352253914
1094.0 0.9008163586258888
1095.0 0.9455814957618713
1096.0 1.003781519830227
1097.0 1.06198163703084
1098.0 1.1190676130354404
1099.0 1.1761538684368134
1100.0 1.3703681528568268
1101.0 1.5645820647478104
