lsstCam/transmission_filter_detector/r21_s00/g_6/19700101T000000.ecsv
# %ECSV 1.0
# ---
# datatype:
# - {name: wavelength, unit: nm, datatype: float32}
# - {name: efficiency, unit: '%', datatype: float64}
# meta: !!omap
# - {MODE: DETECTOR}
# - {TYPE: transmission_filter_detector}
# - {CALIBDATE: '1970-01-01T00:00:00'}
# - {INSTRUME: LSSTCam}
# - {OBSTYPE: transmission_filter_detector}
# - {CALIBCLS: lsst.ip.isr.IntermediateFilterDetectorTransmissionCurve}
# - {SOURCE: Materion (DM-46256)}
# - {DETECTOR: 81}
# - {FILTER: g_6}
# - {CALIB_ID: 'calibDate=1970-01-01T00:00:00 filter=g_6 detector=81'}
# - {DATE: '2025-04-02T15:59:42.403461'}
# - {CALIB_CREATION_DATE: '2025-04-02'}
# - {CALIB_CREATION_TIME: '15:59:42'}
# - __serialized_columns__:
#     efficiency:
#       __class__: astropy.units.quantity.Quantity
#       unit: !astropy.units.Unit {unit: '%'}
#       value: !astropy.table.SerializedColumn {name: efficiency}
#     wavelength:
#       __class__: astropy.units.quantity.Quantity
#       unit: !astropy.units.Unit {unit: nm}
#       value: !astropy.table.SerializedColumn {name: wavelength}
# schema: astropy-2.0
wavelength efficiency
300.0 0.4804472904652357
301.0 0.3609285457059741
302.0 0.24140977766364813
303.0 0.21818471141159534
304.0 0.19495963351801038
305.0 0.2035371959209442
306.0 0.21211474668234587
307.0 0.21546389907598495
308.0 0.21881305146962404
309.0 0.22050801198929548
310.0 0.22220301907509565
311.0 0.2117999829351902
312.0 0.20139699336141348
313.0 0.1981682376936078
314.0 0.1949394471012056
315.0 0.18811534391716123
316.0 0.1812912756577134
317.0 0.17587292240932584
318.0 0.17045459244400263
319.0 0.1594510511495173
320.0 0.14844749821349978
321.0 0.14186636544764042
322.0 0.13528525596484542
323.0 0.1155961537733674
324.0 0.09590709232725203
325.0 0.08816750487312675
326.0 0.08042791159823537
327.0 0.07283928571268916
328.0 0.06525065400637686
329.0 0.061768852174282074
330.0 0.0582870387006551
331.0 0.05399053916335106
332.0 0.049694039626047015
333.0 0.046764963190071285
334.0 0.0438358896644786
335.0 0.04205107397865504
336.0 0.04026625829283148
337.0 0.041037931805476546
338.0 0.041809602407738566
339.0 0.04036725149489939
340.0 0.03892490058206022
341.0 0.037366029573604465
342.0 0.03580715856514871
343.0 0.03229797584936023
344.0 0.02878879604395479
345.0 0.0255692342761904
346.0 0.02234967250842601
347.0 0.02107945765601471
348.0 0.019809241348411888
349.0 0.018144254863727838
350.0 0.820048525929451
351.0 0.8410065434873104
352.0 0.9307887405157089
353.0 1.024305634200573
354.0 0.7625286001712084
355.0 0.8719893172383308
356.0 0.6612527184188366
357.0 0.9492605924606323
358.0 0.6817563436925411
359.0 0.7697947788983583
360.0 0.6460782140493393
361.0 0.7974276319146156
362.0 0.6139427423477173
363.0 0.7066219579428434
364.0 0.6144202779978514
365.0 0.6903829518705606
366.0 0.4720986820757389
367.0 0.6466250866651535
368.0 0.39036329835653305
369.0 0.6892717443406582
370.0 0.4365205764770508
371.0 0.7284555118530989
372.0 0.46695955097675323
373.0 0.5272369831800461
374.0 0.3899562871083617
375.0 0.5503573454916477
376.0 0.4182708915323019
377.0 0.4826303571462631
378.0 0.35583770368248224
379.0 0.5568389780819416
380.0 0.41473088786005974
381.0 0.50172945484519
382.0 0.46073757112026215
383.0 0.520310178399086
384.0 0.5876148119568825
385.0 0.617121858522296
386.0 0.6155379116535187
387.0 0.7418553810566664
388.0 0.9332580491900444
389.0 1.225761417299509
390.0 1.6336971893906593
391.0 2.503623440861702
392.0 4.01507094502449
393.0 6.409139931201935
394.0 9.701591730117798
395.0 14.14903700351715
396.0 19.70922201871872
397.0 26.888063549995422
398.0 35.18434166908264
399.0 44.37181055545807
400.0 53.81937623023987
401.0 62.98741102218628
402.0 71.55159115791321
403.0 78.96093130111694
404.0 84.37873721122742
405.0 88.58461380004883
406.0 91.0640299320221
407.0 92.94982552528381
408.0 94.05195713043213
409.0 94.65610980987549
410.0 94.82789635658264
411.0 94.73809599876404
412.0 94.3996250629425
413.0 94.21131014823914
414.0 93.97755861282349
415.0 94.12503242492676
416.0 94.47008967399597
417.0 94.7712242603302
418.0 95.2545702457428
419.0 95.88236808776855
420.0 96.42327427864075
421.0 96.9417154788971
422.0 97.13583588600159
423.0 97.38108515739441
424.0 97.18689918518066
425.0 97.06111550331116
426.0 97.0663845539093
427.0 97.09020853042603
428.0 96.88446521759033
429.0 96.68894410133362
430.0 96.49879932403564
431.0 96.62268161773682
432.0 96.5769350528717
433.0 96.66427969932556
434.0 96.74454927444458
435.0 96.93363904953003
436.0 96.97824716567993
437.0 97.03110456466675
438.0 97.05230593681335
439.0 97.10097312927246
440.0 97.06333875656128
441.0 97.2032904624939
442.0 97.15181589126587
443.0 97.21883535385132
444.0 97.13701605796814
445.0 96.85999155044556
446.0 96.78031206130981
447.0 96.5692937374115
448.0 96.60521149635315
449.0 96.75886034965515
450.0 96.96424603462219
451.0 97.12878465652466
452.0 97.35983610153198
453.0 97.44794964790344
454.0 97.53719568252563
455.0 97.84688949584961
456.0 97.89029955863953
457.0 98.07242751121521
458.0 98.07179570198059
459.0 98.09854030609131
460.0 98.14239740371704
461.0 98.29949736595154
462.0 98.20870161056519
463.0 98.13833236694336
464.0 98.25840592384338
465.0 98.19254875183105
466.0 98.1828510761261
467.0 98.21097254753113
468.0 98.21907877922058
469.0 98.23105931282043
470.0 98.11845421791077
471.0 98.00029397010803
472.0 98.05722832679749
473.0 97.95746207237244
474.0 97.84095287322998
475.0 97.86043167114258
476.0 97.83138632774353
477.0 97.86926507949829
478.0 97.98310995101929
479.0 97.9600191116333
480.0 98.08480143547058
481.0 98.21423292160034
482.0 98.38982820510864
483.0 98.30211997032166
484.0 98.45876097679138
485.0 98.46886992454529
486.0 98.51335287094116
487.0 98.53776693344116
488.0 98.54053854942322
489.0 98.65365028381348
490.0 98.56747388839722
491.0 98.55173826217651
492.0 98.50746989250183
493.0 98.48175644874573
494.0 98.44837784767151
495.0 98.48671555519104
496.0 98.29398393630981
497.0 98.24262857437134
498.0 98.07192087173462
499.0 98.09489250183105
500.0 98.01163077354431
501.0 97.94803261756897
502.0 97.90037870407104
503.0 97.99619317054749
504.0 97.90031909942627
505.0 97.8869378566742
506.0 97.89235591888428
507.0 97.88453578948975
508.0 97.91445732116699
509.0 97.84903526306152
510.0 97.79297113418579
511.0 97.78045415878296
512.0 97.72777557373047
513.0 97.769033908844
514.0 97.78351783752441
515.0 97.75444269180298
516.0 97.8891372680664
517.0 97.83739447593689
518.0 97.93065786361694
519.0 98.00797700881958
520.0 98.05687665939331
521.0 98.16011786460876
522.0 98.20597767829895
523.0 98.14295768737793
524.0 98.22425842285156
525.0 98.20462465286255
526.0 98.2886254787445
527.0 98.3242392539978
528.0 98.37109446525574
529.0 98.48352670669556
530.0 98.48563075065613
531.0 98.67384433746338
532.0 98.5052764415741
533.0 98.47867488861084
534.0 98.50862622261047
535.0 98.3393132686615
536.0 98.03255200386047
537.0 97.52814173698425
538.0 96.81482911109924
539.0 95.52828669548035
540.0 93.82017254829407
541.0 91.30845665931702
542.0 88.6142909526825
543.0 85.0533664226532
544.0 80.49353957176208
545.0 76.52097940444946
546.0 71.54869437217712
547.0 66.99085235595703
548.0 62.33673095703125
549.0 58.12874436378479
550.0 54.78184223175049
551.0 51.574599742889404
552.0 49.12562966346741
553.0 46.60494327545166
554.0 43.79986524581909
555.0 40.698930621147156
556.0 36.5931510925293
557.0 31.8331241607666
558.0 26.537340879440308
559.0 21.235273778438568
560.0 16.01255238056183
561.0 11.135341227054596
562.0 7.277993857860565
563.0 4.367966204881668
564.0 2.4465832859277725
565.0 1.207942422479391
566.0 0.6308390758931637
567.0 0.32191670034080744
568.0 0.2025654772296548
569.0 0.11584007879719138
570.0 0.0831632234621793
571.0 0.06127969245426357
572.0 0.06250519654713571
573.0 0.0395218376070261
574.0 0.05220489692874253
575.0 0.03422251029405743
576.0 0.0350071961292997
577.0 0.025746351457200944
578.0 0.03916852583643049
579.0 0.026328914100304246
580.0 0.029133143834769726
581.0 0.023055060592014343
582.0 0.026088635786436498
583.0 0.015385850565508008
584.0 0.02169166546082124
585.0 0.019691820489242673
586.0 0.03598429902922362
587.0 0.014302460476756096
588.0 0.022421262110583484
589.0 0.014924454444553703
590.0 0.016875469009391963
591.0 0.016260775737464428
592.0 0.018118710431735963
593.0 0.017980989650823176
594.0 0.018737940990831703
595.0 0.014076459046918899
596.0 0.014854305482003838
597.0 0.020126256276853383
598.0 0.00931841495912522
599.0 0.005437114305095747
600.0 0.008157153206411749
601.0 0.0023370375856757164
602.0 0.002370190850342624
603.0 0.002403343933110591
604.0 0.002189586666645482
605.0 0.001975829218281433
606.0 0.002061569830402732
607.0 0.002147310442524031
608.0 0.0019511428035912104
609.0 0.0017549749827594496
610.0 0.0018680106222745962
611.0 0.001981045897991862
612.0 0.0019092263755737804
613.0 0.001837407035054639
614.0 0.0018435353922541253
615.0 0.0018496641132514924
616.0 0.0019124458049191162
617.0 0.0019752273146877997
618.0 0.0018111113604390994
619.0 0.0016469952242914587
620.0 0.0017064941857825033
621.0 0.001765993147273548
622.0 0.00160541803779779
623.0 0.0014448426554736216
624.0 0.001421769138687523
625.0 0.0013986956219014246
626.0 0.0013787658645014744
627.0 0.0013588362890004646
628.0 0.0015040469406812917
629.0 0.001649257683311589
630.0 0.0014549337720382027
631.0 0.0012606094969669357
632.0 0.001261525812878972
633.0 0.0012624417649931274
634.0 0.0013307705557963345
635.0 0.0013990988918521907
636.0 0.0013869368558516726
637.0 0.0013747753655479755
638.0 0.001235427498613717
639.0 0.0010960796316794585
640.0 0.0011161333532072604
641.0 0.0011361867109371815
642.0 0.0012569026694109198
643.0 0.0013776187188341282
644.0 0.0012818334653275087
645.0 0.001186048120871419
646.0 0.0011838425962196197
647.0 0.0011816369806183502
648.0 0.0010971676601911895
649.0 0.001012697975966148
650.0 0.001195903587358771
651.0 0.001379108834953513
652.0 0.0012017868357361294
653.0 0.0010244648365187459
654.0 0.0010621594810800161
655.0 0.0010998543075402267
656.0 0.0011374795576557517
657.0 0.0011751048987207469
658.0 0.0010501584256417118
659.0 0.0009252124073100276
660.0 0.0009076229616766796
661.0 0.0008900336979422718
662.0 0.001066196637111716
663.0 0.0012423598491295706
664.0 0.0013375983144214842
665.0 0.0014328365068649873
666.0 0.0012426869034243282
667.0 0.0010525371180847287
668.0 0.001157106180471601
669.0 0.0012616755157068837
670.0 0.00118995758384699
671.0 0.0011182395610376261
672.0 0.0010731283509812783
673.0 0.0010280169590259902
674.0 0.0010827787264133804
675.0 0.0011375404028513003
676.0 0.0011031953363271896
677.0 0.001068849815055728
678.0 0.0011219384759897366
679.0 0.0011750271369237453
680.0 0.001102946771425195
681.0 0.0010308663149771746
682.0 0.001042214353219606
683.0 0.001053562209563097
684.0 0.0009308304470323492
685.0 0.0008080985935521312
686.0 0.0009638247320253868
687.0 0.0011195507795491721
688.0 0.0011284472748229746
689.0 0.0011373436791473068
690.0 0.001065540072886506
691.0 0.0009937365575751755
692.0 0.0009813125871005468
693.0 0.0009688886166259181
694.0 0.0010343598660256248
695.0 0.0010998312063748017
696.0 0.0011201998859178275
697.0 0.0011405682926124427
698.0 0.0012141355909989215
699.0 0.0012877027984359302
700.0 0.0011726873708539642
701.0 0.0010576719432719983
702.0 0.0011221341992495582
703.0 0.0011865963642776478
704.0 0.0011935348084080033
705.0 0.0012004729796899483
706.0 0.0011657761206151918
707.0 0.0011310794434393756
708.0 0.0010981325431203004
709.0 0.0010651857337506954
710.0 0.001257489111594623
711.0 0.001449792762286961
712.0 0.0013000766557524912
713.0 0.0011503608220664319
714.0 0.0011781503417296335
715.0 0.0012059401342412457
716.0 0.0014506833394989371
717.0 0.0016954269085545093
718.0 0.001924066418723669
719.0 0.0021527059288928285
720.0 0.0018428430848871358
721.0 0.001532980240881443
722.0 0.001634392720006872
723.0 0.0017358055629301816
724.0 0.0018104117771144956
725.0 0.0018850179912988096
726.0 0.0019534883904270828
727.0 0.0020219589714542963
728.0 0.0021024841771577485
729.0 0.0021830093828612007
730.0 0.002164074066968169
731.0 0.002145138569176197
732.0 0.0019570252334233373
733.0 0.001768912079569418
734.0 0.0015189782970992383
735.0 0.001269044696527999
736.0 0.0011853227988467552
737.0 0.0011016009011655115
738.0 0.0010895347259065602
739.0 0.0010774686415970791
740.0 0.0009041524208441842
741.0 0.000730836018192349
742.0 0.00074157082963211
743.0 0.0007523056410718709
744.0 0.000858936346048722
745.0 0.0009655672329245135
746.0 0.0009272269380744547
747.0 0.0008888866432243958
748.0 0.0010523852324695326
749.0 0.0012158840036136098
750.0 0.0010211564585915767
751.0 0.0008264292773674242
752.0 0.0008421308848483022
753.0 0.0008578325832786504
754.0 0.0008440938472631387
755.0 0.0008303552021970972
756.0 0.0008733302820473909
757.0 0.0009163054528471548
758.0 0.0008413112482230645
759.0 0.0007663172254979145
760.0 0.0006682316779915709
761.0 0.0005701460395357572
762.0 0.000622848529019393
763.0 0.0006755509275535587
764.0 0.0007715406354691368
765.0 0.0008675305252836552
766.0 0.0007467569048458245
767.0 0.0006259832844079938
768.0 0.0005683116796717513
769.0 0.0005106399839860387
770.0 0.0004095409167348407
771.0 0.0003084417812715401
772.0 0.0005594934009423014
773.0 0.0008105450433504302
774.0 0.0008099693332042079
775.0 0.0008093936230579857
776.0 0.0007734747669019271
777.0 0.0007375558652711334
778.0 0.0007293475391634274
779.0 0.0007211393040051917
780.0 0.0006222128831723239
781.0 0.000523286371389986
782.0 0.000560070338906371
783.0 0.0005968540790490806
784.0 0.0007136938165785978
785.0 0.0008305334631586447
786.0 0.00076267010626907
787.0 0.0006948070677026408
788.0 0.0005400512236519717
789.0 0.0003852955615002429
790.0 0.0003762537062357296
791.0 0.0003672118964459514
792.0 0.00028009555990138324
793.0 0.00019297922335681506
794.0 0.0003058154334212304
795.0 0.00041865164348564576
796.0 0.0005330673957359977
797.0 0.0006474831025116146
798.0 0.0005727808911615284
799.0 0.0004980786343367072
800.0 0.0005401983344199834
801.0 0.0005823181254527299
802.0 0.00046572708924941253
803.0 0.00034913607578346273
804.0 0.0002887746632040944
805.0 0.0002284133188368287
806.0 0.00034329436857660767
807.0 0.00045817546379112173
808.0 0.0005193232027522754
809.0 0.000580470896238694
810.0 0.0005264972514851252
811.0 0.00047252356125682127
812.0 0.00041326097743876744
813.0 0.000353998325408611
814.0 0.00037916304336249596
815.0 0.0004043277385790134
816.0 0.0005108786353957839
817.0 0.0006174294412630843
818.0 0.00045691535888181534
819.0 0.00029640136745001655
820.0 0.00039668525460001547
821.0 0.0004969690508005442
822.0 0.0005363329819374485
823.0 0.0005756969130743528
824.0 0.0005666123342962237
825.0 0.0005575277100433595
826.0 0.0006433581347664585
827.0 0.0007291886049642926
828.0 0.0006255799235077575
829.0 0.0005219712875259575
830.0 0.00046125346671033185
831.0 0.00040053564589470625
832.0 0.0005898454674024833
833.0 0.0007791551979607902
834.0 0.0005984521976643009
835.0 0.0004177491973678116
836.0 0.0004916931175102945
837.0 0.0005656371286022477
838.0 0.000507110735270544
839.0 0.0004485843874135753
840.0 0.0005767767106590327
841.0 0.0007049688520055497
842.0 0.00046169288907549344
843.0 0.0002184167897212319
844.0 0.00019065893184233573
845.0 0.00016290116491290973
846.0 0.00040079671634885017
847.0 0.0006386923814716283
848.0 0.0005204460649110842
849.0 0.00040219979382527526
850.0 0.00048174706535064615
851.0 0.000561294291401282
852.0 0.00046524642129952554
853.0 0.00036919825561199104
854.0 0.0005125873485667398
855.0 0.0006559762823599158
856.0 0.0006615176062041428
857.0 0.0006670589755231049
858.0 0.0006734124781360151
859.0 0.0006797660262236604
860.0 0.0005900716132600792
861.0 0.0005003771548217628
862.0 0.0004551347956294194
863.0 0.00040989248191181105
864.0 0.0004023061592306476
865.0 0.00039471983654948417
866.0 0.0004839974280912429
867.0 0.0005732750196330016
868.0 0.0006291350473475177
869.0 0.0006849951205367688
870.0 0.0006171408585942117
871.0 0.0005492865057021845
872.0 0.000476778177471715
873.0 0.00040426975829177536
874.0 0.0004279814220353728
875.0 0.0004516930403042352
876.0 0.0005623040578939253
877.0 0.0006729150300088804
878.0 0.0007117033419490326
879.0 0.0007504915629397146
880.0 0.0007513219770771684
881.0 0.0007521526185882976
882.0 0.0006101779035816435
883.0 0.00046820341594866477
884.0 0.000559092040930409
885.0 0.0006499808478110936
886.0 0.0006526915967697278
887.0 0.0006554025731020374
888.0 0.0006784129254810978
889.0 0.000701423232385423
890.0 0.0006402518465620233
891.0 0.0005790805516880937
892.0 0.0005381937626225408
893.0 0.0004973072009306634
894.0 0.0004568358690448804
895.0 0.00041636462810856756
896.0 0.0002623312639116193
897.0 0.00010829792245203862
898.0 0.0002872115373975248
899.0 0.00046612517508037854
900.0 0.000433329432780738
901.0 0.00040053369048109744
902.0 0.00048594656618661247
903.0 0.0005713593964173924
904.0 0.00035073317121714354
905.0 0.00013010686643610825
906.0 0.0003292326027803938
