lsstCam/transmission_filter_detector/r10_s10/z_20/19700101T000000.ecsv
# %ECSV 1.0
# ---
# datatype:
# - {name: wavelength, unit: nm, datatype: float32}
# - {name: efficiency, unit: '%', datatype: float64}
# meta: !!omap
# - {MODE: DETECTOR}
# - {TYPE: transmission_filter_detector}
# - {CALIBDATE: '1970-01-01T00:00:00'}
# - {INSTRUME: LSSTCam}
# - {OBSTYPE: transmission_filter_detector}
# - {CALIBCLS: lsst.ip.isr.IntermediateFilterDetectorTransmissionCurve}
# - {SOURCE: Materion (DM-46256)}
# - {DETECTOR: 30}
# - {FILTER: z_20}
# - {CALIB_ID: 'calibDate=1970-01-01T00:00:00 filter=z_20 detector=30'}
# - {DATE: '2025-04-02T15:59:48.773510'}
# - {CALIB_CREATION_DATE: '2025-04-02'}
# - {CALIB_CREATION_TIME: '15:59:48'}
# - __serialized_columns__:
#     efficiency:
#       __class__: astropy.units.quantity.Quantity
#       unit: !astropy.units.Unit {unit: '%'}
#       value: !astropy.table.SerializedColumn {name: efficiency}
#     wavelength:
#       __class__: astropy.units.quantity.Quantity
#       unit: !astropy.units.Unit {unit: nm}
#       value: !astropy.table.SerializedColumn {name: wavelength}
# schema: astropy-2.0
wavelength efficiency
[from data line 598]
898.0 98.59795570373535
899.0 98.52433800697327
900.0 98.62142205238342
901.0 99.29431676864624
902.0 98.89742136001587
903.0 98.36204648017883
904.0 97.5862979888916
905.0 98.35284948348999
906.0 97.97001481056213
907.0 98.4976589679718
908.0 97.7528989315033
909.0 98.0285108089447
910.0 97.67414331436157
911.0 96.52871489524841
912.0 95.64008116722107
913.0 94.29126381874084
914.0 91.98160171508789
915.0 89.69680666923523
916.0 87.63054013252258
917.0 86.5419089794159
918.0 82.69309401512146
919.0 81.87289237976074
920.0 78.18956971168518
921.0 73.88336658477783
922.0 69.47599649429321
923.0 63.555920124053955
924.0 58.240556716918945
925.0 52.48998403549194
926.0 46.11518085002899
927.0 38.617175817489624
928.0 32.354483008384705
929.0 26.14445388317108
930.0 20.431698858737946
931.0 15.17411470413208
932.0 10.007525980472565
933.0 6.197942793369293
934.0 3.8705382496118546
935.0 2.251570299267769
936.0 1.3767565600574017
937.0 0.7794145960360765
938.0 0.40225256234407425
939.0 0.3095374209806323
940.0 0.1661931979469955
941.0 0.12083291076123714
942.0 0.03308836312498897
943.0 0.02746380923781544
944.0 0.04780388262588531
945.0 1.9570621165310165e-10
946.0 0.06493363180197775
947.0 0.17789948033168912
948.0 0.11636387789621949
949.0 1.9570621165310165e-10
950.0 1.9570621165310165e-10
951.0 0.019423513731453568
952.0 1.9570621165310165e-10
953.0 1.9570621165310165e-10
954.0 0.003000040669576265
955.0 0.01064900352503173
956.0 1.9570621165310165e-10
957.0 1.9570621165310165e-10
958.0 1.9570621165310165e-10
959.0 1.9570621165310165e-10
960.0 1.9570621165310165e-10
961.0 1.9570621165310165e-10
962.0 1.9570621165310165e-10
963.0 0.01496973418397829
964.0 0.0179643087903969
965.0 1.9570621165310165e-10
966.0 1.9570621165310165e-10
967.0 1.9570621165310165e-10
968.0 1.9570621165310165e-10
969.0 0.023875913757365197
970.0 0.027046469040215015
971.0 1.9570621165310165e-10
972.0 1.9570621165310165e-10
973.0 0.00039949668462213594
974.0 1.9570621165310165e-10
975.0 1.9570621165310165e-10
976.0 0.0063691324612591416
977.0 0.006329305324470624
978.0 0.006289481098065153
979.0 0.0061374856159091
980.0 0.005985489042359404
981.0 0.005836928903590888
982.0 0.005688369856216013
983.0 0.005557254553423263
984.0 0.005426139978226274
985.0 0.005184417750569992
986.0 0.004942695159115829
987.0 0.004950075162923895
988.0 0.004957455530529842
989.0 0.004875773811363615
990.0 0.004794092455995269
991.0 0.004880904089077376
992.0 0.004967716085957363
993.0 0.00488430741825141
994.0 0.004800898022949696
995.0 0.004765020275954157
996.0 0.004729142165160738
997.0 0.004585657734423876
998.0 0.004442172939889133
999.0 0.004373803676571697
1000.0 0.00430543404945638
1001.0 0.004477946276892908
1002.0 0.004650458140531555
1003.0 0.0045681892515858635
1004.0 0.0044859199988422915
1005.0 0.004341398016549647
1006.0 0.004196876034257002
1007.0 0.0042438507080078125
1008.0 0.0042908257455565035
1009.0 0.004392487244331278
1010.0 0.004494148743106052
1011.0 0.004544498733594082
1012.0 0.004594849087879993
1013.0 0.004460616401047446
1014.0 0.004326383350417018
1015.0 0.004484593227971345
1016.0 0.004642802377929911
1017.0 0.004893670120509341
1018.0 0.005144537863088772
1019.0 0.0049565176595933735
1020.0 0.004768497092300095
1021.0 0.004740527947433293
1022.0 0.00471255843876861
1023.0 0.00461937852378469
1024.0 0.004526198245002888
1025.0 0.004689896741183475
1026.0 0.0048535948735661805
1027.0 0.004765387348015793
1028.0 0.004677179458667524
1029.0 0.004727796840597875
1030.0 0.004778414950123988
1031.0 0.004786308272741735
1032.0 0.004794201231561601
1033.0 0.0049478352593723685
1034.0 0.0051014696509810165
1035.0 0.005307257015374489
1036.0 0.0055130447435658425
1037.0 0.005552531365538016
1038.0 0.005592017987510189
1039.0 0.005469070674735121
1040.0 0.005346122998162173
1041.0 0.005770552525063977
1042.0 0.006194982415763661
1043.0 0.005658061490976252
1044.0 0.0051211412937846035
1045.0 0.005801365477964282
1046.0 0.006481589662143961
1047.0 0.006245920667424798
1048.0 0.006010250945109874
1049.0 0.006097437290009111
1050.0 0.006184623634908348
1051.0 0.006475889676949009
1052.0 0.006767158629372716
1053.0 0.006919183942954987
1054.0 0.00707120998413302
1055.0 0.0076848213211633265
1056.0 0.008298434113385156
1057.0 0.007942808588268235
1058.0 0.007587183790747076
1059.0 0.007804566121194512
1060.0 0.008021946268854663
1061.0 0.008585116302128881
1062.0 0.0091482863354031
1063.0 0.008858685760060325
1064.0 0.008569085912313312
1065.0 0.008933226490626112
1066.0 0.009297369979321957
1067.0 0.00937647491809912
1068.0 0.009455581312067807
1069.0 0.010439923062222078
1070.0 0.011424264084780589
1071.0 0.01103677786886692
1072.0 0.010649291652953252
1073.0 0.01068951896741055
1074.0 0.010729745554272085
1075.0 0.011471308971522376
1076.0 0.01221287384396419
1077.0 0.012095982674509287
1078.0 0.011979090049862862
1079.0 0.013026880333200097
1080.0 0.014074670616537333
1081.0 0.013984351244289428
1082.0 0.013894034782424569
1083.0 0.013970966392662376
1084.0 0.014047899458091706
1085.0 0.014818142517469823
1086.0 0.015588388487230986
1087.0 0.015438032278325409
1088.0 0.0152876804349944
1089.0 0.016490307461936027
1090.0 0.01769293303368613
1091.0 0.017777358880266547
1092.0 0.017861778906080872
1093.0 0.017489228048361838
1094.0 0.01711667573545128
1095.0 0.01819918106775731
1096.0 0.01928168785525486
1097.0 0.019764169701375067
1098.0 0.0202466530026868
1099.0 0.022932600404601544
1100.0 0.025618544896133244
1101.0 0.024823250714689493
1102.0 0.024027956533245742
1103.0 0.025571900187060237
1104.0 0.027115840930491686
1105.0 0.026991331833414733
1106.0 0.026866825646720827
1107.0 0.028260008548386395
1108.0 0.02965319436043501
1109.0 0.030690740095451474
1110.0 0.03172829165123403
1111.0 0.03267709689680487
1112.0 0.0336259079631418
1113.0 0.03419954446144402
1114.0 0.03477318387012929
1115.0 0.03337067610118538
1116.0 0.03196817124262452
1117.0 0.033410603646188974
1118.0 0.03485303604975343
1119.0 0.0377799296984449
1120.0 0.04070681752637029
1121.0 0.0425120466388762
1122.0 0.04431727866176516
1123.0 0.044443667866289616
1124.0 0.04457005707081407
1125.0 0.04508639103733003
1126.0 0.045602727914229035
1127.0 0.04932545707561076
1128.0 0.05304818623699248
1129.0 0.05674364510923624
1130.0 0.06043910398148
1131.0 0.06006634794175625
1132.0 0.05969358026050031
1133.0 0.061181216733530164
1134.0 0.06266885320656002
1135.0 0.06318081286735833
1136.0 0.06369276670739055
1137.0 0.06838844274170697
1138.0 0.07308412459678948
1139.0 0.07840775651857257
1140.0 0.08373134769499302
1141.0 0.0919399899430573
1142.0 0.1001486205495894
1143.0 0.11883453698828816
1144.0 0.13752041850239038
1145.0 0.2699774457141757
1146.0 0.4024344962090254
1147.0 0.8363059721887112
1148.0 1.2701774947345257
1149.0 1.4515191316604614
1150.0 1.6328617930412292
