lsstCam/transmission_filter_detector/r10_s10/z_20/19700101T000000.ecsv
# %ECSV 1.0
# ---
# datatype:
# - {name: wavelength, unit: nm, datatype: float32}
# - {name: efficiency, unit: '%', datatype: float64}
# meta: !!omap
# - {MODE: DETECTOR}
# - {TYPE: transmission_filter_detector}
# - {CALIBDATE: '1970-01-01T00:00:00'}
# - {INSTRUME: LSSTCam}
# - {OBSTYPE: transmission_filter_detector}
# - {CALIBCLS: lsst.ip.isr.IntermediateFilterDetectorTransmissionCurve}
# - {SOURCE: Materion (DM-46256)}
# - {DETECTOR: 30}
# - {FILTER: z_20}
# - {CALIB_ID: 'calibDate=1970-01-01T00:00:00 filter=z_20 detector=30'}
# - {DATE: '2025-04-02T15:59:48.773510'}
# - {CALIB_CREATION_DATE: '2025-04-02'}
# - {CALIB_CREATION_TIME: '15:59:48'}
# - __serialized_columns__:
#     efficiency:
#       __class__: astropy.units.quantity.Quantity
#       unit: !astropy.units.Unit {unit: '%'}
#       value: !astropy.table.SerializedColumn {name: efficiency}
#     wavelength:
#       __class__: astropy.units.quantity.Quantity
#       unit: !astropy.units.Unit {unit: nm}
#       value: !astropy.table.SerializedColumn {name: wavelength}
# schema: astropy-2.0
wavelength efficiency
300.0 0.8575224317610264
301.0 0.5794395692646503
302.0 0.30135686974972486
303.0 0.29308395460247993
304.0 0.284811039455235
305.0 0.24158970918506384
306.0 0.1983683556318283
307.0 0.1812719157896936
308.0 0.16417545266449451
309.0 0.14253206318244338
310.0 0.12088867370039225
311.0 0.12243972159922123
312.0 0.12399080442264676
313.0 0.10864551877602935
314.0 0.0933002564124763
315.0 0.09355252841487527
316.0 0.09380480041727424
317.0 0.07791008683852851
318.0 0.062015384901314974
319.0 0.06293655605986714
320.0 0.0638577330391854
321.0 0.06239032372832298
322.0 0.06092292023822665
323.0 0.054012000327929854
324.0 0.04710108623839915
325.0 0.043347335304133594
326.0 0.03959357854910195
327.0 0.038325946661643684
328.0 0.03705831477418542
329.0 0.03308998129796237
330.0 0.02912165073212236
331.0 0.026812087162397802
332.0 0.024502520682290196
333.0 0.023620192951057106
334.0 0.02273786230944097
335.0 0.02121909783454612
336.0 0.019700330449268222
337.0 0.02390143199590966
338.0 0.028102530632168055
339.0 0.02379466750426218
340.0 0.019486811652313918
341.0 0.016667417366988957
342.0 0.013848025992047042
343.0 0.013655457587447017
344.0 0.013462892093230039
345.0 0.012756335490848869
346.0 0.012049778160871938
347.0 0.0114966940600425
348.0 0.01094361359719187
349.0 0.013238660176284611
350.0 0.015533709665760398
351.0 0.012927946227137
352.0 0.010322175512555987
353.0 0.01102965688914992
354.0 0.01173713753814809
355.0 0.009844494343269616
356.0 0.007951851875986904
357.0 0.00905107517610304
358.0 0.010150301386602223
359.0 0.00987242819974199
360.0 0.009594555012881756
361.0 0.008659773448016495
362.0 0.007724993338342756
363.0 0.009147426317213103
364.0 0.01056985929608345
365.0 0.010244821169180796
366.0 0.009919785225065425
367.0 0.00868598508532159
368.0 0.007452184217981994
369.0 0.007841024489607662
370.0 0.00822986476123333
371.0 0.008174907270586118
372.0 0.00811995196272619
373.0 0.0072514667408540845
374.0 0.0063829837017692626
375.0 0.006497448339359835
376.0 0.0066119137045461684
377.0 0.006917688733665273
378.0 0.007223462307592854
379.0 0.006083562402636744
380.0 0.004943661770084873
381.0 0.003187690526829101
382.0 0.0014317193745227996
383.0 0.003606143218348734
384.0 0.005780567153124139
385.0 0.005532243812922388
386.0 0.005283920836518519
387.0 0.005852751201018691
388.0 0.006421581929316744
389.0 0.005720895205740817
390.0 0.005020209209760651
391.0 0.004613706551026553
392.0 0.0042072042560903355
393.0 0.004736982373287901
394.0 0.0052667612180812284
395.0 0.004371768227429129
396.0 0.0034767748729791492
397.0 0.003572873174562119
398.0 0.0036689714761450887
399.0 0.003936961365980096
400.0 0.004204951255815104
401.0 0.004717403498943895
402.0 0.005229855378274806
403.0 0.005038762174081057
404.0 0.0048476693336851895
405.0 0.0038626501918770373
406.0 0.002877631413866766
407.0 0.0014859312614134979
408.0 9.423152960152947e-05
409.0 0.0017972852219827473
410.0 0.0035003391531063244
411.0 0.004050059578730725
412.0 0.004599779640557244
413.0 0.004504466051002964
414.0 0.004409152461448684
415.0 0.0036608867958420888
416.0 0.002912621494033374
417.0 0.003848141204798594
418.0 0.004783661279361695
419.0 0.0042519703129073605
420.0 0.0037202789826551452
421.0 0.003649103018688038
422.0 0.0035779274185188115
423.0 0.0034561893698992208
424.0 0.0033344520488753915
425.0 0.002476338340784423
426.0 0.001618224814592395
427.0 0.0018289963918505237
428.0 0.0020397681510075927
429.0 0.0012044615687045734
430.0 0.0003691552819873323
431.0 0.0004970967438566731
432.0 0.0006250380920391763
433.0 0.0006555706931976601
434.0 0.000686103294356144
435.0 0.001277185401704628
436.0 0.001868267463578377
437.0 0.0019232249542255886
438.0 0.00197818226297386
439.0 0.0020820270947297104
440.0 0.0021858722902834415
441.0 0.001657681968936231
442.0 0.0011294921023363713
443.0 0.0022693491700920276
444.0 0.003409206328797154
445.0 0.0034002205211436376
446.0 0.003391234713490121
447.0 0.0027583342671277933
448.0 0.0021254338207654655
449.0 0.0026465522751095705
450.0 0.003167671093251556
451.0 0.00249438890023157
452.0 0.0018211061615147628
453.0 0.001698400592431426
454.0 0.0015756950233480893
455.0 0.002348272391827777
456.0 0.003120849942206405
457.0 0.002235755709989462
458.0 0.0013506613868230488
459.0 0.0015655297829653136
460.0 0.0017803982700570486
461.0 0.0008871714271663222
462.0 1.9570621165310165e-10
463.0 0.001007369974104222
464.0 0.0020207957277307287
465.0 0.0021948049834463745
466.0 0.0023688142391620204
467.0 0.002139411117241252
468.0 0.001910007449623663
469.0 0.0017053453120752238
470.0 0.0015006831745267846
471.0 0.001365537718811538
472.0 0.001230392444995232
473.0 0.0012601928574440535
474.0 0.0012899933608423453
475.0 0.0011447516953921877
476.0 0.00099951002994203
477.0 0.001301378051721258
478.0 0.0016032456187531352
479.0 0.0019530230929376557
480.0 0.0023028002033242956
481.0 0.0018005395759246312
482.0 0.0012982789485249668
483.0 0.0008727752174308989
484.0 0.0004472715318115661
485.0 0.0012480528312153183
486.0 0.0020488339941948652
487.0 0.0015418625480378978
488.0 0.00103489091998199
489.0 0.0016826372302602977
490.0 0.0023303835405386053
491.0 0.0021637748432112858
492.0 0.0019971661458839662
493.0 0.0018825541701517068
494.0 0.001767942558217328
495.0 0.0016053239960456267
496.0 0.0014427053429244552
497.0 0.0012417339348758105
498.0 0.0010407627996755764
499.0 0.0011546542737050913
500.0 0.0012685459296335466
501.0 0.0008593212442065123
502.0 0.00045009628593106754
503.0 0.0012692910786427092
504.0 0.0020884857804048806
505.0 0.0021856287276023068
506.0 0.0022827718566986732
507.0 0.0022248133973334916
508.0 0.00216685493796831
509.0 0.0018557122530182824
510.0 0.0015445701137650758
511.0 0.001228445216838736
512.0 0.0009123204108618665
513.0 0.0013134947039361577
514.0 0.0017146690879599191
515.0 0.0012838903785450384
516.0 0.0008531120329280384
517.0 0.0008422824066656176
518.0 0.0008314526894537266
519.0 0.0010575309715932235
520.0 0.0012836088899348397
521.0 0.0016307529222103767
522.0 0.001977897045435384
523.0 0.0013215295439295005
524.0 0.0006651621333730873
525.0 0.00077779050116078
526.0 0.0008904188689484727
527.0 0.0011796128092100844
528.0 0.0014688068404211663
529.0 0.001325991797784809
530.0 0.0011831762094516307
531.0 0.001204099135065917
532.0 0.001225021969730733
533.0 0.0008947911737777758
534.0 0.0005645602414006134
535.0 0.0011418102076277137
536.0 0.0017190603102790192
537.0 0.001747197711665649
538.0 0.0017753351130522788
539.0 0.001221131515194429
540.0 0.0006669275535386987
541.0 0.0007565256964880973
542.0 0.0008461239303869661
543.0 0.0012437310033419635
544.0 0.0016413381672464311
545.0 0.001127050563809462
546.0 0.0006127632786956383
547.0 0.0012602995411725715
548.0 0.0019078353943768889
549.0 0.0017383434169460088
550.0 0.0015688512576161884
551.0 0.0016029360267566517
552.0 0.0016370206139981747
553.0 0.0013520620996132493
554.0 0.0010671030395315029
555.0 0.0010355956874263939
556.0 0.001004088426270755
557.0 0.0013729367310588714
558.0 0.0017417849448975176
559.0 0.001759430961101316
560.0 0.0017770766135072336
561.0 0.0015515344784944318
562.0 0.00132599225253216
563.0 0.0011362694749550428
564.0 0.0009465466064284556
565.0 0.0018198059478891082
566.0 0.002693065471248701
567.0 0.002973935261252336
568.0 0.003254805051255971
569.0 0.003033836037502624
570.0 0.002812867023749277
571.0 0.002646382199600339
572.0 0.0024798966478556395
573.0 0.0020097033484489657
574.0 0.001539510594739113
575.0 0.001967343268916011
576.0 0.0023951757611939684
577.0 0.0020155719539616257
578.0 0.0016359685105271637
579.0 0.0017044319974957034
580.0 0.0017728951206663623
581.0 0.001629465987207368
582.0 0.0014860366718494333
583.0 0.0018928547433461063
584.0 0.002299672814842779
585.0 0.0025354396711918525
586.0 0.0027712063456419855
587.0 0.0021813255443703383
588.0 0.00159144419740187
589.0 0.002242738446511794
590.0 0.0028940326956217177
591.0 0.001935556429089047
592.0 0.000977079980657436
593.0 0.0007737143278063741
594.0 0.0005703484930563718
595.0 0.0010279385605826974
596.0 0.0014855284462100826
597.0 0.0013675772606802639
598.0 0.001249626075150445
599.0 0.0009087917533179279
600.0 0.000567957522434881
601.0 0.0005439708729682025
602.0 0.0005199839506531134
603.0 0.0009419804882782046
604.0 0.0013639764802064747
605.0 0.000882538461155491
606.0 0.00040110007830662653
607.0 0.0007874207767599728
608.0 0.0011737413842638489
609.0 0.0011550576346053276
610.0 0.001136373703047866
611.0 0.0009935848538589198
612.0 0.0008507958227710333
613.0 0.0008400481419812422
614.0 0.0008293004611914512
615.0 0.0012213894478918519
616.0 0.0016134788893396035
617.0 0.002079150544886943
618.0 0.002544822018535342
619.0 0.0021439676856971346
620.0 0.001743112807162106
621.0 0.0014834973626420833
622.0 0.0012238813724252395
623.0 0.0015687293853261508
624.0 0.0019135775801260024
625.0 0.001663670627749525
626.0 0.001413763857271988
627.0 0.0018716093109105714
628.0 0.002329455310245976
629.0 0.0021486815967364237
630.0 0.001967907701327931
631.0 0.0017392592781106941
632.0 0.0015106106729945168
633.0 0.0017965860024560243
634.0 0.002082561513816472
635.0 0.005064062861492857
636.0 0.00804556329967454
637.0 0.015258559142239392
638.0 0.022471556439995766
639.0 0.01953542814590037
640.0 0.01659929985180497
641.0 0.014447601279243827
642.0 0.012295908527448773
643.0 0.009832577052293345
644.0 0.00736924703232944
645.0 0.0066378197516314685
646.0 0.005906392834731378
647.0 0.0054985455790301785
648.0 0.005090698323328979
649.0 0.004149380401941016
650.0 0.003208062844350934
651.0 0.003598231342039071
652.0 0.003988400203525089
653.0 0.003270492743467912
654.0 0.0025525852834107354
655.0 0.002744752782746218
656.0 0.0029369206458795816
657.0 0.0029328044547582977
658.0 0.002928687899839133
659.0 0.002757565744104795
660.0 0.0025864437702693976
661.0 0.0027253630833001807
662.0 0.0028642816687352024
663.0 0.0019865843569277786
664.0 0.0011088870451203547
665.0 0.001614179382158909
666.0 0.0021194719010964036
667.0 0.0023747921659378335
668.0 0.0026301126126782037
669.0 0.0019008191884495318
670.0 0.0011715260370692704
671.0 0.0009105447134061251
672.0 0.0006495633442682447
673.0 0.0012913365935673937
674.0 0.0019331100702402182
675.0 0.0020519530153251253
676.0 0.0021707959604100324
677.0 0.001967111529665999
678.0 0.0017634265532251447
679.0 0.0014070994438952766
680.0 0.001050772061716998
681.0 0.0012295851774979383
682.0 0.001408398020430468
683.0 0.0024246557586593553
684.0 0.0034409138606861234
685.0 0.0028202368412166834
686.0 0.0021995603674440645
687.0 0.001713986785034649
688.0 0.0012284130207262933
689.0 0.0015168370737228543
690.0 0.0018052609448204748
691.0 0.002097768992825877
692.0 0.002390277040831279
693.0 0.002714682705118321
694.0 0.0030390881875064224
695.0 0.0032359963370254263
696.0 0.0034329041227465495
697.0 0.0036572109820554033
698.0 0.0038815174775663763
699.0 0.005785050234408118
700.0 0.007688582991249859
701.0 0.007260909478645772
702.0 0.006833235238445923
703.0 0.006194997695274651
704.0 0.005556759424507618
705.0 0.004993510083295405
706.0 0.004430261469678953
707.0 0.00423019882873632
708.0 0.004030136187793687
709.0 0.004247983815730549
710.0 0.004465831079869531
711.0 0.0039311893488047644
712.0 0.0033965479815378785
713.0 0.0024270479116239585
714.0 0.0014575480236089788
715.0 0.0021579337044386193
716.0 0.0028583192033693194
717.0 0.0025178656869684346
718.0 0.0021774116248707287
719.0 0.001703461202851031
720.0 0.0012295104170334525
721.0 0.0011949026884394698
722.0 0.0011602946869970765
723.0 0.0009706987839308567
724.0 0.000781102880864637
725.0 0.0011629108485067263
726.0 0.0015447189070982859
727.0 0.0016561802112846635
728.0 0.0017676413335721008
729.0 0.0017980759366764687
730.0 0.0018285105397808366
731.0 0.0013897181815991644
732.0 0.0009509259143669624
733.0 0.0010028175893239677
734.0 0.0010547089914325625
735.0 0.0011026672837033402
736.0 0.001150625121226767
737.0 0.0012791618246410508
738.0 0.001407698255206924
739.0 0.001112106656364631
740.0 0.0008165150575223379
741.0 0.0010406504770799074
742.0 0.0012647856237890664
743.0 0.001649853766139131
744.0 0.002034921635640785
745.0 0.001411675475537777
746.0 0.0007884294973337092
747.0 0.0012272321328055114
748.0 0.001666034950176254
749.0 0.0023361490093520842
750.0 0.0030062630685279146
751.0 0.002976490395667497
752.0 0.002946717540908139
753.0 0.0029333896236494184
754.0 0.002920061888289638
755.0 0.0018933069441118278
756.0 0.0008665519999340177
757.0 0.0018556691429694183
758.0 0.002844786286004819
759.0 0.0027274338208371773
760.0 0.0026100811737705953
761.0 0.004398547025630251
762.0 0.006187011604197323
763.0 0.005675165084539913
764.0 0.00516331747348886
765.0 0.005200989835429937
766.0 0.0052386621973710135
767.0 0.004608614835888147
768.0 0.003978568202001043
769.0 0.00355139491148293
770.0 0.0031242219847626984
771.0 0.0038772803236497566
772.0 0.004630338662536815
773.0 0.0039577858842676505
774.0 0.003285232378402725
775.0 1.9570621165310165e-10
776.0 0.11980945710092783
777.0 0.07604626007378101
778.0 0.03239905636291951
779.0 0.013552118616644293
780.0 0.0675332557875663
781.0 0.05337697803042829
782.0 1.9570621165310165e-10
783.0 0.06067617214284837
784.0 0.05237581208348274
785.0 0.025582590023986995
786.0 0.05492942873388529
787.0 1.9570621165310165e-10
788.0 1.9570621165310165e-10
789.0 1.9570621165310165e-10
790.0 0.04768772050738335
791.0 0.0547095260117203
792.0 0.10572024621069431
793.0 0.02477349480614066
794.0 0.04703056183643639
795.0 0.12763238046318293
796.0 0.15027247136458755
797.0 0.19207000732421875
798.0 0.1453355187550187
799.0 0.3189079463481903
800.0 0.4618734121322632
801.0 0.9499219246208668
802.0 1.4753309078514576
803.0 2.2245440632104874
804.0 3.4855321049690247
805.0 5.067121610045433
806.0 6.941733509302139
807.0 9.31088924407959
808.0 11.867713928222656
809.0 14.777876436710358
810.0 18.04082989692688
811.0 21.18934988975525
812.0 24.670276045799255
813.0 28.85999083518982
814.0 33.44483971595764
815.0 39.159733057022095
816.0 45.114266872406006
817.0 51.597464084625244
818.0 58.786606788635254
819.0 65.53629636764526
820.0 73.08471202850342
821.0 79.94833588600159
822.0 85.29812097549438
823.0 89.06254172325134
824.0 93.01413893699646
825.0 95.517098903656
826.0 96.7257022857666
827.0 98.17731976509094
828.0 99.19310808181763
829.0 99.00497198104858
830.0 98.9540696144104
831.0 99.232017993927
832.0 98.43320846557617
833.0 99.45214986801147
834.0 97.96651601791382
835.0 99.08396601676941
836.0 98.61282110214233
837.0 98.95722270011902
838.0 97.87853956222534
839.0 98.12501072883606
840.0 98.7064003944397
841.0 99.18743968009949
842.0 99.21293258666992
843.0 99.67816472053528
844.0 97.9742705821991
845.0 98.1654405593872
846.0 98.9421010017395
847.0 98.79761338233948
848.0 99.73345994949341
849.0 98.78135323524475
850.0 97.92799353599548
851.0 98.59548807144165
852.0 99.1956353187561
853.0 98.69035482406616
854.0 99.43269491195679
855.0 98.14398288726807
856.0 98.66494536399841
857.0 98.08221459388733
858.0 98.54083061218262
859.0 99.42352771759033
860.0 98.35804104804993
861.0 98.87691736221313
862.0 98.68872165679932
863.0 98.25097322463989
864.0 99.17049407958984
865.0 100.01198053359985
866.0 98.46466779708862
867.0 99.24250841140747
868.0 99.50738549232483
869.0 99.04933571815491
870.0 97.85122275352478
871.0 98.33354949951172
872.0 98.95647168159485
873.0 99.29969906806946
874.0 99.73552227020264
875.0 98.51393103599548
876.0 99.22341704368591
877.0 99.19254183769226
878.0 98.83858561515808
879.0 98.37833046913147
880.0 98.56119751930237
881.0 99.96249079704285
882.0 98.64387512207031
883.0 98.52156043052673
884.0 98.7942099571228
885.0 98.98150563240051
886.0 98.47022294998169
887.0 98.61685633659363
888.0 98.77755641937256
889.0 99.31584000587463
890.0 98.2686996459961
891.0 99.02666807174683
892.0 98.62120747566223
893.0 98.43206405639648
894.0 98.25286269187927
895.0 99.35466051101685
896.0 99.11701083183289
