lsstCam/transmission_filter_detector/r14_s20/z_20/19700101T000000.ecsv
# %ECSV 1.0
# ---
# datatype:
# - {name: wavelength, unit: nm, datatype: float32}
# - {name: efficiency, unit: '%', datatype: float64}
# meta: !!omap
# - {MODE: DETECTOR}
# - {TYPE: transmission_filter_detector}
# - {CALIBDATE: '1970-01-01T00:00:00'}
# - {INSTRUME: LSSTCam}
# - {OBSTYPE: transmission_filter_detector}
# - {CALIBCLS: lsst.ip.isr.IntermediateFilterDetectorTransmissionCurve}
# - {SOURCE: Materion (DM-46256)}
# - {DETECTOR: 69}
# - {FILTER: z_20}
# - {CALIB_ID: 'calibDate=1970-01-01T00:00:00 filter=z_20 detector=69'}
# - {DATE: '2025-04-02T15:59:48.957682'}
# - {CALIB_CREATION_DATE: '2025-04-02'}
# - {CALIB_CREATION_TIME: '15:59:48'}
# - __serialized_columns__:
#     efficiency:
#       __class__: astropy.units.quantity.Quantity
#       unit: !astropy.units.Unit {unit: '%'}
#       value: !astropy.table.SerializedColumn {name: efficiency}
#     wavelength:
#       __class__: astropy.units.quantity.Quantity
#       unit: !astropy.units.Unit {unit: nm}
#       value: !astropy.table.SerializedColumn {name: wavelength}
# schema: astropy-2.0
wavelength efficiency
[from data line 597]
897.0 99.37494397163391
898.0 98.916494846344
899.0 98.34016561508179
900.0 99.20547008514404
901.0 99.24262166023254
902.0 99.31958317756653
903.0 98.74197840690613
904.0 98.00062775611877
905.0 98.59006404876709
906.0 98.19543957710266
907.0 98.6571729183197
908.0 98.35827350616455
909.0 98.32173585891724
910.0 98.4088122844696
911.0 97.06704020500183
912.0 96.07442021369934
913.0 94.64421272277832
914.0 92.27131605148315
915.0 90.15796780586243
916.0 87.83817291259766
917.0 86.54825687408447
918.0 82.91306495666504
919.0 81.72228932380676
920.0 79.14881706237793
921.0 75.13979077339172
922.0 70.60303688049316
923.0 65.03335237503052
924.0 59.550291299819946
925.0 53.971993923187256
926.0 47.893524169921875
927.0 40.88671803474426
928.0 35.01225709915161
929.0 28.662997484207153
930.0 23.1611430644989
931.0 18.145407736301422
932.0 12.597811222076416
933.0 8.313190191984177
934.0 5.448628216981888
935.0 3.399835526943207
936.0 1.861589215695858
937.0 1.1823496781289577
938.0 0.5877487827092409
939.0 0.48663136549293995
940.0 0.21522880997508764
941.0 0.2011994831264019
942.0 0.16315215034410357
943.0 0.06213084561750293
944.0 0.07816418074071407
945.0 0.03550488909240812
946.0 1.6175210042906896e-10
947.0 1.6175210042906896e-10
948.0 1.6175210042906896e-10
949.0 0.2965245395898819
950.0 0.07426339434459805
951.0 0.03545082872733474
952.0 0.055099959718063474
953.0 1.6175210042906896e-10
954.0 0.003227274282835424
955.0 1.6175210042906896e-10
956.0 1.6175210042906896e-10
957.0 0.06398542900569737
958.0 0.008966074528871104
959.0 0.005283576683723368
960.0 1.6175210042906896e-10
961.0 0.023268249060492963
962.0 1.6175210042906896e-10
963.0 1.6175210042906896e-10
964.0 1.6175210042906896e-10
965.0 1.6175210042906896e-10
966.0 0.0033900458220159635
967.0 0.02817976346705109
968.0 1.6175210042906896e-10
969.0 0.013013952411711216
970.0 1.6175210042906896e-10
971.0 0.09671273874118924
972.0 1.6175210042906896e-10
973.0 1.6175210042906896e-10
974.0 1.6175210042906896e-10
975.0 1.6175210042906896e-10
976.0 0.006422017031582072
977.0 0.0063930485339369625
978.0 0.006364082219079137
979.0 0.0061236220062710345
980.0 0.0058831599744735286
981.0 0.005749572301283479
982.0 0.00561598535568919
983.0 0.0055290438467636704
984.0 0.005442102701636031
985.0 0.005220646562520415
986.0 0.0049991896958090365
987.0 0.004940778671880253
988.0 0.0048823680117493495
989.0 0.004868779797106981
990.0 0.004855191946262494
991.0 0.004921454819850624
992.0 0.0049877176934387535
993.0 0.00493099469167646
994.0 0.004874271326116286
995.0 0.004801802060683258
996.0 0.00472933315904811
997.0 0.004515570617513731
998.0 0.004301808075979352
999.0 0.004284339229343459
1000.0 0.004266870382707566
1001.0 0.0044321863242657855
1002.0 0.004597501902026124
1003.0 0.004552465907181613
1004.0 0.004507430276134983
1005.0 0.004352076939539984
1006.0 0.004196723602944985
1007.0 0.004223483119858429
1008.0 0.004250243000569753
1009.0 0.004367512883618474
1010.0 0.004484782766667195
1011.0 0.004518888454185799
1012.0 0.004552994505502284
1013.0 0.004391917900647968
1014.0 0.004230840931995772
1015.0 0.0044307827920420095
1016.0 0.004630723560694605
1017.0 0.004909849667456001
1018.0 0.005188975410419516
1019.0 0.00487814140797127
1020.0 0.004567306677927263
1021.0 0.0046718239900656044
1022.0 0.004776340938406065
1023.0 0.004666617314796895
1024.0 0.0045568936911877245
1025.0 0.004738545248983428
1026.0 0.004920196806779131
1027.0 0.004766264828504063
1028.0 0.004612332850228995
1029.0 0.004639186226995662
1030.0 0.004666039967560209
1031.0 0.004780053495778702
1032.0 0.004894067023997195
1033.0 0.004955653639626689
1034.0 0.005017240982851945
1035.0 0.005261844489723444
1036.0 0.005506447632797062
1037.0 0.005589203647105023
1038.0 0.005671959297615103
1039.0 0.005472498742165044
1040.0 0.005273037459119223
1041.0 0.005671937469742261
1042.0 0.006070837844163179
1043.0 0.0055973905546125025
1044.0 0.005123943628859706
1045.0 0.005728254473069683
1046.0 0.0063325649534817785
1047.0 0.006158419273560867
1048.0 0.005984271774650551
1049.0 0.006031780503690243
1050.0 0.006079289232729934
1051.0 0.006375781231326982
1052.0 0.006672274321317673
1053.0 0.006810336344642565
1054.0 0.006948399095563218
1055.0 0.007615052891196683
1056.0 0.00828170741442591
1057.0 0.008071820047916844
1058.0 0.007861933409003541
1059.0 0.007880839984863997
1060.0 0.007899744377937168
1061.0 0.008629937656223774
1062.0 0.00936013093451038
1063.0 0.0091939014964737
1064.0 0.00902767205843702
1065.0 0.009147935634246096
1066.0 0.009268202120438218
1067.0 0.00951155525399372
1068.0 0.009754909842740744
1069.0 0.01050684368237853
1070.0 0.011258778249612078
1071.0 0.01099335786420852
1072.0 0.010727938206400722
1073.0 0.0108999120129738
1074.0 0.011071885819546878
1075.0 0.011697530862875283
1076.0 0.012323180271778256
1077.0 0.01217044482473284
1078.0 0.012017707922495902
1079.0 0.013255426893010736
1080.0 0.014493147318717092
1081.0 0.014486879808828235
1082.0 0.014480615209322423
1083.0 0.014301542250905186
1084.0 0.014122470747679472
1085.0 0.014762993669137359
1086.0 0.015403519500978291
1087.0 0.015070530935190618
1088.0 0.014737542369402945
1089.0 0.01632889179745689
1090.0 0.017920239770319313
1091.0 0.017890533490572125
1092.0 0.017860819934867322
1093.0 0.01720168220344931
1094.0 0.016542543016839772
1095.0 0.018287988496012986
1096.0 0.020033435430377722
1097.0 0.019922744832001626
1098.0 0.019812057144008577
1099.0 0.021932050003670156
1100.0 0.024052038497757167
1101.0 0.02448712766636163
1102.0 0.024922212469391525
1103.0 0.025787163758650422
1104.0 0.026652112137526274
1105.0 0.027052315999753773
1106.0 0.02745252277236432
1107.0 0.028410798404365778
1108.0 0.029369074036367238
1109.0 0.030567700741812587
1110.0 0.03176632453687489
1111.0 0.031959390616975725
1112.0 0.03215245669707656
1113.0 0.034158091875724494
1114.0 0.03616373578552157
1115.0 0.0342552870279178
1116.0 0.03234684991184622
1117.0 0.03341932606417686
1118.0 0.03449180512689054
1119.0 0.03823252336587757
1120.0 0.041973235784098506
1121.0 0.04321291926316917
1122.0 0.04445260565262288
1123.0 0.044150708708912134
1124.0 0.043848808854818344
1125.0 0.044500414514914155
1126.0 0.04515202308539301
1127.0 0.04802064795512706
1128.0 0.050889269914478064
1129.0 0.05555103998631239
1130.0 0.060212810058146715
1131.0 0.06066400674171746
1132.0 0.06111519760452211
1133.0 0.06451037479564548
1134.0 0.06790554616600275
1135.0 0.06628182018175721
1136.0 0.06465808837674558
1137.0 0.06997038144618273
1138.0 0.07528269197791815
1139.0 0.07969485013745725
1140.0 0.08410697337239981
1141.0 0.09225638932548463
1142.0 0.1004057819955051
1143.0 0.12308604782447219
1144.0 0.14576627872884274
1145.0 0.2932791830971837
1146.0 0.4407921340316534
1147.0 0.9411623701453209
1148.0 1.4415326528251171
1149.0 1.6389481723308563
1150.0 1.8363647162914276
