lsstCam/transmission_filter_detector/r14_s20/z_20/19700101T000000.ecsv
# %ECSV 1.0
# ---
# datatype:
# - {name: wavelength, unit: nm, datatype: float32}
# - {name: efficiency, unit: '%', datatype: float64}
# meta: !!omap
# - {MODE: DETECTOR}
# - {TYPE: transmission_filter_detector}
# - {CALIBDATE: '1970-01-01T00:00:00'}
# - {INSTRUME: LSSTCam}
# - {OBSTYPE: transmission_filter_detector}
# - {CALIBCLS: lsst.ip.isr.IntermediateFilterDetectorTransmissionCurve}
# - {SOURCE: Materion (DM-46256)}
# - {DETECTOR: 69}
# - {FILTER: z_20}
# - {CALIB_ID: 'calibDate=1970-01-01T00:00:00 filter=z_20 detector=69'}
# - {DATE: '2025-04-02T15:59:48.957682'}
# - {CALIB_CREATION_DATE: '2025-04-02'}
# - {CALIB_CREATION_TIME: '15:59:48'}
# - __serialized_columns__:
#     efficiency:
#       __class__: astropy.units.quantity.Quantity
#       unit: !astropy.units.Unit {unit: '%'}
#       value: !astropy.table.SerializedColumn {name: efficiency}
#     wavelength:
#       __class__: astropy.units.quantity.Quantity
#       unit: !astropy.units.Unit {unit: nm}
#       value: !astropy.table.SerializedColumn {name: wavelength}
# schema: astropy-2.0
wavelength efficiency
300.0 0.8755783550441265
301.0 0.5916035734117031
302.0 0.30762895476073027
303.0 0.29793085996061563
304.0 0.28823278844356537
305.0 0.2433734480291605
306.0 0.19851410761475563
307.0 0.1834495458751917
308.0 0.1683850190602243
309.0 0.14749758411198854
310.0 0.12661016080528498
311.0 0.12698177015408874
312.0 0.12735340278595686
313.0 0.11213802499696612
314.0 0.09692268213257194
315.0 0.09565630462020636
316.0 0.09438992128707469
317.0 0.07952807354740798
318.0 0.06466623162850738
319.0 0.06417116965167224
320.0 0.06367610767483711
321.0 0.06326603470370173
322.0 0.06285595591180027
323.0 0.054792192531749606
324.0 0.046728423330932856
325.0 0.04329293733462691
326.0 0.03985745133832097
327.0 0.039306728285737336
328.0 0.0387560052331537
329.0 0.034284585854038596
330.0 0.029813169385306537
331.0 0.02725572558119893
332.0 0.02469827886670828
333.0 0.02374175237491727
334.0 0.022785224427934736
335.0 0.021445256425067782
336.0 0.020105286967009306
337.0 0.024393505009356886
338.0 0.02868172014132142
339.0 0.02451124892104417
340.0 0.020340786431916058
341.0 0.0171577965375036
342.0 0.013974809553474188
343.0 0.013704759476240724
344.0 0.013434712309390306
345.0 0.012612884165719151
346.0 0.01179105238406919
347.0 0.01134836275014095
348.0 0.010905674571404234
349.0 0.013386161299422383
350.0 0.015866648755036294
351.0 0.013180960377212614
352.0 0.010495268361410126
353.0 0.011142198491143063
354.0 0.011789127893280238
355.0 0.010039620974566787
356.0 0.008290114055853337
357.0 0.009303990373155102
358.0 0.010317870328435674
359.0 0.010039053449872881
360.0 0.009760235116118565
361.0 0.008890872413758188
362.0 0.008021512621780857
363.0 0.009248511923942715
364.0 0.010475510498508811
365.0 0.01013333530863747
366.0 0.009791163029149175
367.0 0.008550865459255874
368.0 0.007310567161766812
369.0 0.007815560820745304
370.0 0.008320555207319558
371.0 0.008330869604833424
372.0 0.008341184729943052
373.0 0.007251896022353321
374.0 0.006162609497550875
375.0 0.006466626655310392
376.0 0.006770643085474148
377.0 0.007109282159944996
378.0 0.007447919779224321
379.0 0.006239904905669391
380.0 0.0050318893045187
381.0 0.0032021191145759076
382.0 0.0013723494703299366
383.0 0.0036003813875140622
384.0 0.005828413486597128
385.0 0.005577627234742977
386.0 0.005326841346686706
387.0 0.005943052747170441
388.0 0.006559264875249937
389.0 0.0057599689171183854
390.0 0.004960674050380476
391.0 0.004627084490493871
392.0 0.004293494930607267
393.0 0.00476334425911773
394.0 0.005233194315223955
395.0 0.0043015097617171705
396.0 0.0033698248444125056
397.0 0.003568469765014015
398.0 0.0037671139580197632
399.0 0.003994872895418666
400.0 0.004222631469019689
401.0 0.0045391709136310965
402.0 0.004855709994444624
403.0 0.004958653516951017
404.0 0.005061597403255291
405.0 0.004036079553770833
406.0 0.003010562249983195
407.0 0.0017771822967915796
408.0 0.0005438027983473148
409.0 0.002020066312979907
410.0 0.0034963301004609093
411.0 0.004134245318709873
412.0 0.004772160536958836
413.0 0.004562151661957614
414.0 0.0043521424231585115
415.0 0.003510718306642957
416.0 0.0026692941901274025
417.0 0.003705308336066082
418.0 0.004741323209600523
419.0 0.00434635512647219
420.0 0.003951387407141738
421.0 0.00387067484552972
422.0 0.0037899626477155834
423.0 0.003539272438501939
424.0 0.0032885829568840563
425.0 0.0024205330191762187
426.0 0.0015524834452662617
427.0 0.0017669937733444385
428.0 0.001981504465220496
429.0 0.001349460035271477
430.0 0.0007174162874434842
431.0 0.0007133754024835071
432.0 0.0007093344265740598
433.0 0.0006750471129635116
434.0 0.0006407599357771687
435.0 0.0011801446817116812
436.0 0.001719529609545134
437.0 0.0018461823856341653
438.0 0.001972835343622137
439.0 0.0020419955035322346
440.0 0.0021111558453412727
441.0 0.0015998106391634792
442.0 0.001088465523935156
443.0 0.002215361746493727
444.0 0.003342258060001768
445.0 0.003333780841785483
446.0 0.0033253032597713172
447.0 0.002597187994979322
448.0 0.001869072366389446
449.0 0.002506760756659787
450.0 0.003144449510728009
451.0 0.0024294497052324004
452.0 0.0017144495359389111
453.0 0.0016508327462361194
454.0 0.001587216138432268
455.0 0.0023102453269530088
456.0 0.00303327487927163
457.0 0.002195465458498802
458.0 0.0013576563105743844
459.0 0.001515845360700041
460.0 0.0016740343198762275
461.0 0.0007844219908292871
462.0 1.6175210042906896e-10
463.0 0.0009579353900335263
464.0 0.0020210614820825867
465.0 0.002234889689134434
466.0 0.0024487180780852214
467.0 0.0021285359252942726
468.0 0.0018083530449075624
469.0 0.001615869223314803
470.0 0.0014233852198231034
471.0 0.0013080343705951236
472.0 0.0011926837942155544
473.0 0.0012599669389601331
474.0 0.0013272499927552417
475.0 0.0011390113286324777
476.0 0.0009507724826107733
477.0 0.0012935599443153478
478.0 0.0016363470422220416
479.0 0.0019686423911480233
480.0 0.002300937740074005
481.0 0.0018682057998375967
482.0 0.0014354739505506586
483.0 0.0010145717169507407
484.0 0.0005936693924013525
485.0 0.0013479047993314452
486.0 0.0021021400243625976
487.0 0.0014690176612930372
488.0 0.0008358952072740067
489.0 0.0016269294064841233
490.0 0.0024179635147447698
491.0 0.0022636559151578695
492.0 0.002109348315570969
493.0 0.001970500306924805
494.0 0.0018316526620765217
495.0 0.0016124949979712255
496.0 0.0013933373338659294
497.0 0.001233604871231364
498.0 0.001073872499546269
499.0 0.0011980183444393333
500.0 0.0013221644621808082
501.0 0.0008776898539508693
502.0 0.0004332148819230497
503.0 0.0012041158697684295
504.0 0.0019750168576138094
505.0 0.0020944051357218996
506.0 0.0022137934138299897
507.0 0.002180046431021765
508.0 0.0021462990844156593
509.0 0.0018407632524031214
510.0 0.0015352279660874046
511.0 0.0011615215953497682
512.0 0.0007878153155616019
513.0 0.0011907837688340805
514.0 0.0015937524949549697
515.0 0.0012286527635296807
516.0 0.0008635535778012127
517.0 0.0008391208211833145
518.0 0.0008146879736159462
519.0 0.0010284998097631615
520.0 0.0012423113730619662
521.0 0.0016123913155752234
522.0 0.0019824710761895403
523.0 0.0013480767847795505
524.0 0.0007136824478948256
525.0 0.0007809030648786575
526.0 0.0008481238182866946
527.0 0.0011699441529344767
528.0 0.0014917647604306694
529.0 0.0012565230463223998
530.0 0.0010212808774667792
531.0 0.0011160461326653603
532.0 0.0012108113878639415
533.0 0.000844683381728828
534.0 0.00047855519369477406
535.0 0.0010536562513152603
536.0 0.0016287573089357466
537.0 0.0016127612980199046
538.0 0.0015967652871040627
539.0 0.0011207452189410105
540.0 0.0006447248779295478
541.0 0.0007650307452422567
542.0 0.0008853368854033761
543.0 0.0012909731594845653
544.0 0.0016966094335657544
545.0 0.001100407462217845
546.0 0.0005042058091930812
547.0 0.0012100818821636494
548.0 0.0019159575458616018
549.0 0.0016580092051299289
550.0 0.0014000605006003752
551.0 0.0014170055692375172
552.0 0.0014339502740767784
553.0 0.0012792007510142867
554.0 0.001124450773204444
555.0 0.0010206858860328794
556.0 0.0009169210898107849
557.0 0.0013363053767534439
558.0 0.001755689299898222
559.0 0.0017367416148772463
560.0 0.0017177935660583898
561.0 0.0015890826034592465
562.0 0.0014603714589611627
563.0 0.001132019497163128
564.0 0.0008036674444156233
565.0 0.0016009656974347308
566.0 0.002398264223302249
567.0 0.002708802821871359
568.0 0.003019340874743648
569.0 0.002917464189522434
570.0 0.00281558750430122
571.0 0.002681388650671579
572.0 0.0025471890694461763
573.0 0.0020460594896576367
574.0 0.0015449300917680375
575.0 0.001988603798963595
576.0 0.002432277506159153
577.0 0.001990660712181125
578.0 0.0015490446457988583
579.0 0.0017151847714558244
580.0 0.0018813247152138501
581.0 0.0017178657799377106
582.0 0.0015544066627626307
583.0 0.001961809175554663
584.0 0.0023692118702456355
585.0 0.0025536302928230725
586.0 0.0027380487154005095
587.0 0.0020500641767284833
588.0 0.0013620791833091062
589.0 0.0019738350601983257
590.0 0.0025855906642391346
591.0 0.0018813176211551763
592.0 0.0011770442142733373
593.0 0.0009229515853803605
594.0 0.0006688588200631784
595.0 0.0010789866792038083
596.0 0.0014891142200212926
597.0 0.0013730107639275957
598.0 0.0012569072168844286
599.0 0.000921955597732449
600.0 0.0005870041604794096
601.0 0.000518503247803892
602.0 0.00045000219870416913
603.0 0.0009607821993995458
604.0 0.0014715617908223066
605.0 0.0009201877219311427
606.0 0.0003688135393531411
607.0 0.0007687168363190722
608.0 0.0011686201105476357
609.0 0.001195842651213752
610.0 0.001223064919031458
611.0 0.0009967022378987167
612.0 0.0007703394658165053
613.0 0.0007887591891631018
614.0 0.0008071788215602282
615.0 0.0012565235010697506
616.0 0.0017058682715287432
617.0 0.002193088221247308
618.0 0.0026803081709658727
619.0 0.0022576658011530526
620.0 0.0018350232494412921
621.0 0.0014937881132937036
622.0 0.0011525526133482344
623.0 0.0014949164324207231
624.0 0.0018372802514932118
625.0 0.0016536792827537283
626.0 0.0014700783140142448
627.0 0.0018744014596450143
628.0 0.0022787249690736644
629.0 0.0020172759832348675
630.0 0.0017558269973960705
631.0 0.0015486606571357697
632.0 0.0013414941349765286
633.0 0.0017533360733068548
634.0 0.0021651781935361214
635.0 0.005111901919008233
636.0 0.008058625098783523
637.0 0.015391077613458037
638.0 0.022723533038515598
639.0 0.01981991226784885
640.0 0.016916290041990578
641.0 0.014634424587711692
642.0 0.012352562043815851
643.0 0.009950841194950044
644.0 0.00754912180127576
645.0 0.006818541442044079
646.0 0.006087960719014518
647.0 0.005583024540101178
648.0 0.005078087633592077
649.0 0.004143190017202869
650.0 0.003208293128409423
651.0 0.0036648201785283163
652.0 0.00412134722864721
653.0 0.003318315793876536
654.0 0.0025152843591058627
655.0 0.002780007525871042
656.0 0.003044730874535162
657.0 0.0029509519663406536
658.0 0.0028571723305503838
659.0 0.002648172630870249
660.0 0.002439173113089055
661.0 0.0026662546588340774
662.0 0.0028933358407812193
663.0 0.0019682762285810895
664.0 0.0010432167982799
665.0 0.0015560841347905807
666.0 0.002068951835099142
667.0 0.00239470464293845
668.0 0.0027204578145756386
669.0 0.001976390922209248
670.0 0.0012323242117417976
671.0 0.0009302915714215487
672.0 0.0006282590675255051
673.0 0.00132618206407642
674.0 0.0020241053789504804
675.0 0.0021338530132197775
676.0 0.0022436006474890746
677.0 0.0019780420188908465
678.0 0.001712483208393678
679.0 0.00140666516017518
680.0 0.0011008470210072119
681.0 0.0011815051038865931
682.0 0.0012621630958165042
683.0 0.0023395614334731363
684.0 0.0034169599530287087
685.0 0.002858827792806551
686.0 0.002300696178281214
687.0 0.0017260499589610845
688.0 0.0011514037396409549
689.0 0.0014395024663826916
690.0 0.0017276008293265477
691.0 0.002070128721243236
692.0 0.002412656249362044
693.0 0.0027410906113800593
694.0 0.0030695253371959552
695.0 0.0032887401175685227
696.0 0.0035079545341432095
697.0 0.003684165494632907
698.0 0.0038603768189204857
699.0 0.005731462442781776
700.0 0.007602547702845186
701.0 0.0071867150836624205
702.0 0.006770881736883894
703.0 0.0062066879763733596
704.0 0.005642493124469183
705.0 0.005136559047969058
706.0 0.004630625699064694
707.0 0.004377814548206516
708.0 0.004125003397348337
709.0 0.004210634506307542
710.0 0.004296265615266748
711.0 0.0038845781091367826
712.0 0.003472890966804698
713.0 0.0024885590391932055
714.0 0.001504227111581713
715.0 0.0021885398382437415
716.0 0.0028728523830068298
717.0 0.0025001043468364514
718.0 0.0021273555830703117
719.0 0.0016488940673298202
720.0 0.001170432096841978
721.0 0.0011663747500278987
722.0 0.001162317130365409
723.0 0.0009791148841031827
724.0 0.0007959127287904266
725.0 0.001236298066942254
726.0 0.0016766834960435517
727.0 0.0017490143363829702
728.0 0.001821344812924508
729.0 0.0017683722035144456
730.0 0.0017153997760033235
731.0 0.0013404721357801463
732.0 0.0009655449503043201
733.0 0.0009441288057132624
734.0 0.0009227126611222047
735.0 0.001013635665003676
736.0 0.0011045583960367367
737.0 0.001294495723414002
738.0 0.0014844330507912673
739.0 0.0011912645277334377
740.0 0.0008980960046756081
741.0 0.0010051840035885107
742.0 0.0011122718206024729
743.0 0.0015595296645187773
744.0 0.0020067873265361413
745.0 0.0013242417480796576
746.0 0.0006416959877242334
747.0 0.001167590198747348
748.0 0.0016934844097704627
749.0 0.0023039687221171334
750.0 0.0029144532163627446
751.0 0.0028986843972234055
752.0 0.0028829155780840665
753.0 0.002899921491916757
754.0 0.0029169274057494476
755.0 0.0019609708033385687
756.0 0.0010050142009276897
757.0 0.0019582512322813272
758.0 0.002911488445533905
759.0 0.002707773273868952
760.0 0.0025040579203050584
761.0 0.004373744377517141
762.0 0.006243430107133463
763.0 0.005739550033467822
764.0 0.0052356695960043
765.0 0.00520365392731037
766.0 0.005171636803424917
767.0 0.004479269409785047
768.0 0.0037869016523472965
769.0 0.003395378007553518
770.0 0.003003855272254441
771.0 0.003921834286302328
772.0 0.004839813118451275
773.0 0.004048517439514399
774.0 0.0032572217605775222
775.0 0.058108073426410556
776.0 1.6175210042906896e-10
777.0 0.0011933404493902344
778.0 1.6175210042906896e-10
779.0 0.10017913300544024
780.0 1.6175210042906896e-10
781.0 0.019847514340654016
782.0 0.08086181478574872
783.0 0.13853450072929263
784.0 0.018917022680398077
785.0 0.048832257743924856
786.0 0.0942317012231797
787.0 0.08838815265335143
788.0 0.013762460730504245
789.0 1.6175210042906896e-10
790.0 0.028824916807934642
791.0 0.17323234351351857
792.0 0.10144785046577454
793.0 0.12278200592845678
794.0 0.02283335052197799
795.0 0.10836397996172309
796.0 0.10027411626651883
797.0 0.0791250669863075
798.0 0.3674465464428067
799.0 0.1972283935174346
800.0 0.2557032974436879
801.0 0.5156884901225567
802.0 0.6872890517115593
803.0 1.2736696749925613
804.0 2.0401883870363235
805.0 3.269871324300766
806.0 4.928713291883469
807.0 6.7081354558467865
808.0 9.112536907196045
809.0 11.851519346237183
810.0 15.15473872423172
811.0 18.505796790122986
812.0 21.399442851543427
813.0 24.304448068141937
814.0 27.686509490013123
815.0 32.11820721626282
816.0 37.34963238239288
817.0 43.34573447704315
818.0 49.157702922821045
819.0 55.31764030456543
820.0 63.171279430389404
821.0 70.8819031715393
822.0 77.03043818473816
823.0 81.82243704795837
824.0 86.859792470932
825.0 91.30944013595581
826.0 93.95545721054077
827.0 96.59814834594727
828.0 98.48095178604126
829.0 99.21221733093262
830.0 98.87037873268127
831.0 99.2030382156372
832.0 98.60250949859619
833.0 99.40499663352966
834.0 98.31596612930298
835.0 98.99855852127075
836.0 99.31877851486206
837.0 98.65026473999023
838.0 97.99037575721741
839.0 98.40093851089478
840.0 99.1572916507721
841.0 99.5237648487091
842.0 99.41796660423279
843.0 99.73962306976318
844.0 98.12040328979492
845.0 98.74540567398071
846.0 98.74167442321777
847.0 98.79747033119202
848.0 99.84415769577026
849.0 98.58993291854858
850.0 98.27428460121155
851.0 98.91154766082764
852.0 99.47963356971741
853.0 98.79991412162781
854.0 99.62678551673889
855.0 98.63675236701965
856.0 98.97823929786682
857.0 97.98486828804016
858.0 98.82546067237854
859.0 99.29948449134827
860.0 98.99743795394897
861.0 98.87362122535706
862.0 99.19043779373169
863.0 98.37237000465393
864.0 99.41428303718567
865.0 99.9102771282196
866.0 98.47723245620728
867.0 99.6086597442627
868.0 99.72453713417053
869.0 98.86038899421692
870.0 98.19731712341309
871.0 98.62476587295532
872.0 99.35828447341919
873.0 99.14755821228027
874.0 100.03712177276611
875.0 99.02977347373962
876.0 98.92850518226624
877.0 99.62666034698486
878.0 99.25342202186584
879.0 98.36629629135132
880.0 98.73973727226257
881.0 100.14239549636841
882.0 98.894864320755
883.0 99.00223016738892
884.0 99.20821785926819
885.0 98.75099658966064
886.0 98.80620241165161
887.0 98.4039843082428
888.0 99.15368556976318
889.0 99.77230429649353
890.0 98.46449494361877
891.0 99.45208430290222
892.0 98.88135194778442
893.0 98.43637943267822
894.0 98.35531115531921
895.0 99.48200583457947
