lsstCam/transmission_filter_detector/r42_s22/r_57/19700101T000000.ecsv
# %ECSV 1.0
# ---
# datatype:
# - {name: wavelength, unit: nm, datatype: float32}
# - {name: efficiency, unit: '%', datatype: float64}
# meta: !!omap
# - {MODE: DETECTOR}
# - {TYPE: transmission_filter_detector}
# - {CALIBDATE: '1970-01-01T00:00:00'}
# - {INSTRUME: LSSTCam}
# - {OBSTYPE: transmission_filter_detector}
# - {CALIBCLS: lsst.ip.isr.IntermediateFilterDetectorTransmissionCurve}
# - {SOURCE: Materion (DM-46256)}
# - {DETECTOR: 179}
# - {FILTER: r_57}
# - {CALIB_ID: 'calibDate=1970-01-01T00:00:00 filter=r_57 detector=179'}
# - {DATE: '2025-04-02T15:59:45.012484'}
# - {CALIB_CREATION_DATE: '2025-04-02'}
# - {CALIB_CREATION_TIME: '15:59:45'}
# - __serialized_columns__:
#     efficiency:
#       __class__: astropy.units.quantity.Quantity
#       unit: !astropy.units.Unit {unit: '%'}
#       value: !astropy.table.SerializedColumn {name: efficiency}
#     wavelength:
#       __class__: astropy.units.quantity.Quantity
#       unit: !astropy.units.Unit {unit: nm}
#       value: !astropy.table.SerializedColumn {name: wavelength}
# schema: astropy-2.0
wavelength efficiency
300.0 0.0031357674743048847
301.0 0.007611500041093677
302.0 0.012087231880286708
303.0 0.015109345258679241
304.0 0.01813145645428449
305.0 0.01659482077229768
306.0 0.015058186545502394
307.0 0.013117954949848354
308.0 0.011177722626598552
309.0 0.009706911077955738
310.0 0.0082360980741214
311.0 0.007623471901752055
312.0 0.00701084645697847
313.0 0.006443732127081603
314.0 0.005876619252376258
315.0 0.005683555355062708
316.0 0.0054904910939512774
317.0 0.005109651829116046
318.0 0.004728812564280815
319.0 0.004389442256069742
320.0 0.004050073039252311
321.0 0.004006622839369811
322.0 0.0039631722756894305
323.0 0.0038617319660261273
324.0 0.0037602927477564663
325.0 0.003638039925135672
326.0 0.003515786738716997
327.0 0.003487295180093497
328.0 0.003458803621469997
329.0 0.003494695556582883
330.0 0.0035305860365042463
331.0 0.0032330251997336745
332.0 0.0029354638172662817
333.0 0.002665851752681192
334.0 0.0023962396880961023
335.0 0.0022539747078553773
336.0 0.002111709545715712
337.0 0.0019110466382699087
338.0 0.0017103839127230458
339.0 0.0015557212464045733
340.0 0.0014010583981871605
341.0 0.0014664607078884728
342.0 0.0015318630175897852
343.0 0.001433152374374913
344.0 0.001334441731160041
345.0 0.0012265129043953493
346.0 0.0011185840776306577
347.0 0.0011184678442077711
348.0 0.0011183517017343547
349.0 0.0011674478628265206
350.0 0.007498909690184519
351.0 0.0061677012126892805
352.0 0.004836495645577088
353.0 0.00502386646985542
354.0 0.005211236566537991
355.0 0.005617235729005188
356.0 0.006023234527674504
357.0 0.005566174513660371
358.0 0.005109114499646239
359.0 0.0036764668038813397
360.0 0.0022438185624196194
361.0 0.0034600940125528723
362.0 0.004676370008382946
363.0 0.0034376666008029133
364.0 0.00219896301132394
365.0 0.0023147753381635994
366.0 0.0024305876650032587
367.0 0.003907793143298477
368.0 0.005384999167290516
369.0 0.004556958447210491
370.0 0.0037289195461198688
371.0 0.003258470678701997
372.0 0.002788021993183065
373.0 0.003387567267054692
374.0 0.003987112359027378
375.0 0.0033430169423809275
376.0 0.002698921707633417
377.0 0.0024032073270063847
378.0 0.0021074929463793524
379.0 0.0026041725504910573
380.0 0.0031008523365017027
381.0 0.004284507303964347
382.0 0.005468162635224871
383.0 0.005508952381205745
384.0 0.005549743582378142
385.0 0.005902600605622865
386.0 0.006255457265069708
387.0 0.004782211181009188
388.0 0.0033089647331507877
389.0 0.002575930739112664
390.0 0.0018428967450745404
391.0 0.0014979387742641848
392.0 0.0011529809853527695
393.0 0.0007912170985946432
394.0 0.00042945330278598703
395.0 0.0012965792848262936
396.0 0.0021637053578160703
397.0 0.00199208443518728
398.0 0.001820462966861669
399.0 0.0013243864486867096
400.0 0.0008283101124106906
401.0 0.0007706023097853176
402.0 0.0007128944616852095
403.0 0.001180562139779795
404.0 0.0016482299542985857
405.0 0.0016289459381368943
406.0 0.0016096619219752029
407.0 0.0015991283362382092
408.0 0.0015885951142990962
409.0 0.0015588972019031644
410.0 0.001529199471406173
411.0 0.0017720660252962261
412.0 0.0020149327610852197
413.0 0.0015980724128894508
414.0 0.001181212064693682
415.0 0.001407150375598576
416.0 0.0016330888684024103
417.0 0.002121723628079053
418.0 0.0026103583877556957
419.0 0.003566538725863211
420.0 0.004522719245869666
421.0 0.006389407644746825
422.0 0.008256094588432461
423.0 0.011634574184427038
424.0 0.015013053780421615
425.0 0.01994429767364636
426.0 0.024875541566871107
427.0 0.024471923825331032
428.0 0.024068304628599435
429.0 0.0189064463484101
430.0 0.013744589523412287
431.0 0.009843996667768806
432.0 0.005943402720731683
433.0 0.004923133383272216
434.0 0.003902864409610629
435.0 0.0032924257538979873
436.0 0.002681986734387465
437.0 0.0021884065063204616
438.0 0.001694826096354518
439.0 0.001418477768311277
440.0 0.0011421296221669763
441.0 0.001182892174256267
442.0 0.001223654908244498
443.0 0.0012780084034602623
444.0 0.0013323617167770863
445.0 0.0009489860531175509
446.0 0.0005656100711348699
447.0 0.001033915214065928
448.0 0.0015022202205727808
449.0 0.0016926156604313292
450.0 0.0018830114640877582
451.0 0.0018855225789593533
452.0 0.0018880336938309483
453.0 0.0017902853869600222
454.0 0.0016925374438869767
455.0 0.0015026452274469193
456.0 0.0013127533748047426
457.0 0.0013620844583783764
458.0 0.001411415905749891
459.0 0.0016005496945581399
460.0 0.0017896831195685081
461.0 0.0025235762223019265
462.0 0.003257469506934285
463.0 0.004241411079419777
464.0 0.005225353015703149
465.0 0.0063147308537736535
466.0 0.007404108328046277
467.0 0.007812579133315012
468.0 0.00822105212137103
469.0 0.007029130938462913
470.0 0.005837211210746318
471.0 0.0042708001274149865
472.0 0.0027043892259825952
473.0 0.0019865601643687114
474.0 0.0012687317394011188
475.0 0.0010986578672600444
476.0 0.0009285844498663209
477.0 0.0011042798178095836
478.0 0.0012799749129044358
479.0 0.0011210827324248385
480.0 0.0009621903700463008
481.0 0.0009708212928671855
482.0 0.0009794519428396598
483.0 0.0008469850399706047
484.0 0.0007145179552026093
485.0 0.0009116033652389888
486.0 0.0011086885024269577
487.0 0.0010897024367295671
488.0 0.0010707162800827064
489.0 0.0010199825737799983
490.0 0.0009692487765278202
491.0 0.0009794952347874641
492.0 0.000989741602097638
493.0 0.0010061079592560418
494.0 0.001022474498313386
495.0 0.0011465300303825643
496.0 0.0012705858353001531
497.0 0.0013282558029459324
498.0 0.0013859260434401222
499.0 0.0014188084605848417
500.0 0.0014516910596285015
501.0 0.001728179086057935
502.0 0.002004666930588428
503.0 0.0025016519430209883
504.0 0.002998636591655668
505.0 0.0036669225664809346
506.0 0.004335209087003022
507.0 0.005164254980627447
508.0 0.005993300510453992
509.0 0.006142263009678572
510.0 0.006291225872701034
511.0 0.005701331974705681
512.0 0.005111437712912448
513.0 0.00435356778325513
514.0 0.003595698217395693
515.0 0.0034304659493500367
516.0 0.003265234045102261
517.0 0.0033427539165131748
518.0 0.00342027451551985
519.0 0.10768932988867164
520.0 0.12378138490021229
521.0 0.05519766127690673
522.0 0.11442610993981361
523.0 0.057606917107477784
524.0 0.06339579122141004
525.0 0.1061756513081491
526.0 0.09177635074593127
527.0 0.08607067866250873
528.0 0.17785028321668506
529.0 0.16034162836149335
530.0 0.19172360189259052
531.0 0.17424952238798141
532.0 0.19828607328236103
533.0 0.3219875739887357
534.0 0.4584226757287979
535.0 0.6936091464012861
536.0 1.0430012829601765
537.0 1.6006598249077797
538.0 2.3968562483787537
539.0 3.854675218462944
540.0 6.02567195892334
541.0 8.435297757387161
542.0 11.597388982772827
543.0 15.60782790184021
544.0 20.522427558898926
545.0 25.911974906921387
546.0 32.556524872779846
547.0 39.95155990123749
548.0 48.5438734292984
549.0 56.460607051849365
550.0 62.526512145996094
551.0 69.2425549030304
552.0 73.0789065361023
553.0 76.88350081443787
554.0 80.47912120819092
555.0 84.05721783638
556.0 87.65501379966736
557.0 89.87094163894653
558.0 92.46350526809692
559.0 94.68945264816284
560.0 94.49435472488403
561.0 96.07388377189636
562.0 96.09938263893127
563.0 95.24152874946594
564.0 95.91502547264099
565.0 95.55727243423462
566.0 96.38270735740662
567.0 95.75900435447693
568.0 96.390300989151
569.0 97.04460501670837
570.0 96.59730792045593
571.0 97.39989638328552
572.0 96.8848705291748
573.0 97.15203046798706
574.0 97.49001860618591
575.0 97.03667759895325
576.0 97.37796783447266
577.0 97.5095272064209
578.0 97.25704789161682
579.0 97.22519516944885
580.0 96.8989908695221
581.0 96.81944847106934
582.0 96.76483869552612
583.0 97.13209271430969
584.0 96.35871648788452
585.0 96.50188088417053
586.0 96.65581583976746
587.0 96.40607237815857
588.0 96.9168484210968
589.0 97.57134914398193
590.0 96.77584767341614
591.0 96.09516859054565
592.0 96.11603021621704
593.0 96.03819847106934
594.0 96.19532823562622
595.0 96.626216173172
596.0 96.87010645866394
597.0 97.32992053031921
598.0 97.0187246799469
599.0 97.29999899864197
600.0 96.96283340454102
601.0 96.14487886428833
602.0 96.85792922973633
603.0 96.39075994491577
604.0 96.71556353569031
605.0 97.10708260536194
606.0 96.6825783252716
607.0 96.75606489181519
608.0 96.60994410514832
609.0 95.75881958007812
610.0 96.22105956077576
611.0 95.81341743469238
612.0 96.2009072303772
613.0 97.17258214950562
614.0 96.88137173652649
615.0 96.47029638290405
616.0 96.72960638999939
617.0 96.7322826385498
618.0 96.37022018432617
619.0 97.31811285018921
620.0 96.28332853317261
621.0 95.98316550254822
622.0 96.84371948242188
623.0 96.9083309173584
624.0 96.89618945121765
625.0 97.2209632396698
626.0 96.51697874069214
627.0 95.54502367973328
628.0 97.53308296203613
629.0 95.78226208686829
630.0 96.81323170661926
631.0 96.456778049469
632.0 96.89218401908875
633.0 96.72309160232544
634.0 96.34200930595398
635.0 96.7244803905487
636.0 96.49809002876282
637.0 96.03824019432068
638.0 95.57681679725647
639.0 95.77486515045166
640.0 96.02964520454407
641.0 95.99621891975403
642.0 96.55542373657227
643.0 96.6082215309143
644.0 96.60694003105164
645.0 96.47809863090515
646.0 96.2449848651886
647.0 97.31037616729736
648.0 96.73519134521484
649.0 95.92353701591492
650.0 96.70184850692749
651.0 96.75541520118713
652.0 97.10339307785034
653.0 96.20028734207153
654.0 96.69826030731201
655.0 96.64649963378906
656.0 95.91713547706604
657.0 95.95487117767334
658.0 96.41487002372742
659.0 96.57496809959412
660.0 95.63186168670654
661.0 95.50855755805969
662.0 95.86901664733887
663.0 96.13446593284607
664.0 95.7431435585022
665.0 95.49578428268433
666.0 95.58907747268677
667.0 95.89570760726929
668.0 95.19256949424744
669.0 95.77870965003967
670.0 95.73582410812378
671.0 95.59013247489929
672.0 95.31852602958679
673.0 95.5040693283081
674.0 94.8486328125
675.0 95.75534462928772
676.0 95.04451751708984
677.0 93.65366697311401
678.0 92.63955950737
679.0 91.77268147468567
680.0 90.77967405319214
681.0 89.16729688644409
682.0 86.5209698677063
683.0 83.6466372013092
684.0 80.38933873176575
685.0 76.12380385398865
686.0 72.05744981765747
687.0 67.21808910369873
688.0 62.823015451431274
689.0 58.434122800827026
690.0 53.51123809814453
691.0 49.60946440696716
692.0 44.80658173561096
693.0 40.401312708854675
694.0 34.910571575164795
695.0 29.561913013458252
696.0 23.911365866661072
697.0 18.509790301322937
698.0 13.045351207256317
699.0 8.89299288392067
700.0 5.874583497643471
701.0 3.568967804312706
702.0 2.1458448842167854
703.0 1.1932049877941608
704.0 0.7051460910588503
705.0 0.42649442330002785
706.0 0.28094733133912086
707.0 0.18834833754226565
708.0 0.18607103265821934
709.0 0.11209637159481645
710.0 0.08309358381666243
711.0 0.11234993580728769
712.0 0.049795774975791574
713.0 0.02748353872448206
714.0 0.06303501431830227
715.0 0.03295939532108605
716.0 0.0604533648584038
717.0 0.06030710646882653
718.0 0.05819433135911822
719.0 0.043112196726724505
720.0 1.7063098980626967e-10
721.0 0.0037383189919637516
722.0 0.0036391891626408324
723.0 0.003540059333317913
724.0 0.0033530879591125995
725.0 0.0031661169487051666
726.0 0.002882867556763813
727.0 0.0025996181648224592
728.0 0.0025027913579833694
729.0 0.002405964187346399
730.0 0.0022932164938538335
731.0 0.0021804688003612682
732.0 0.0021333184122340754
733.0 0.0020861674784100614
734.0 0.0019848428564728238
735.0 0.001883518234535586
736.0 0.0017576388927409425
737.0 0.0016317599147441797
738.0 0.001401525514665991
739.0 0.0011712915693351533
740.0 0.0013462285096466076
741.0 0.0015211658137559425
742.0 0.0013653854693984613
743.0 0.0012096050340915099
744.0 0.0011996989996987395
745.0 0.0011897933291038498
746.0 0.0011620643817877863
747.0 0.0011343357073201332
748.0 0.0010545002623985056
749.0 0.0009746649084263481
750.0 0.0009255119039153215
751.0 0.0008763587175053544
752.0 0.0009566640983393881
753.0 0.0010369693882239517
754.0 0.001059729402186349
755.0 0.0010824895980476867
756.0 0.001013220207823906
757.0 0.000943951090448536
758.0 0.0009581607628206257
759.0 0.0009723707080411259
760.0 0.0010683386790333316
761.0 0.0011643067409750074
762.0 0.0012355440048850141
763.0 0.0013067811778455507
764.0 0.0011274715689069126
765.0 0.0009481623237661552
766.0 0.0007580777946714079
767.0 0.0005679930836777203
768.0 0.0006684209893137449
769.0 0.0007688488040002994
770.0 0.0006794625278416788
771.0 0.0005900765245314687
772.0 0.0005642844371323008
773.0 0.0005384923042583978
774.0 0.000510858171764994
775.0 0.00048322417569579557
776.0 0.0005377713478083024
777.0 0.0005923186108702794
778.0 0.0006264609965001
779.0 0.0006606033366551856
780.0 0.0005674951353284996
781.0 0.00047438693400181364
782.0 0.0004997779797122348
783.0 0.0005251692527963314
784.0 0.000555831456949818
785.0 0.0005864936611033045
786.0 0.0006004124770697672
787.0 0.0006143312475614948
788.0 0.0006350519015541067
789.0 0.0006557727829203941
790.0 0.0005717849035136169
791.0 0.00048779670578369405
792.0 0.0006073389613447944
793.0 0.0007268812169058947
794.0 0.0007861820449761581
795.0 0.0008454829185211565
796.0 0.0008053504643612541
797.0 0.0007652181921002921
798.0 0.0007398578873107908
799.0 0.0007144974915718194
800.0 0.0007279059445863822
801.0 0.00074131435212621
802.0 0.0007161610028560972
803.0 0.0006910076535859844
804.0 0.0006574598501174478
805.0 0.0006239117738005007
806.0 0.0006629351901210612
807.0 0.0007019585609668866
808.0 0.0007433533482981147
809.0 0.0007847481356293429
810.0 0.0005725090431951685
811.0 0.00036027008718519937
812.0 0.0005745761882280931
813.0 0.0007888824256951921
814.0 0.0008001951755431946
815.0 0.0008115080163406674
816.0 0.0006346369900711579
817.0 0.0004577659183269134
818.0 0.00025968220143113285
819.0 6.159854706311307e-05
820.0 0.0002196632522100117
821.0 0.0003777280880967737
822.0 0.0004519165031524608
823.0 0.0005261048499960452
824.0 0.0004733738023787737
825.0 0.0004206428457109723
826.0 0.0004328062459535431
827.0 0.000444969691670849
828.0 0.0004550587163976161
829.0 0.0004651477411243832
830.0 0.0002718484665820142
831.0 7.854922046135471e-05
832.0 0.0001013185283227358
833.0 0.00012408784186845878
834.0 0.00014773252132727066
835.0 0.00017137718941739877
836.0 0.0006707583906973014
837.0 0.0011701391485985368
838.0 0.0023735636204946786
839.0 0.003576988456188701
840.0 0.00448304126621224
841.0 0.005389094076235779
842.0 0.005919743125559762
843.0 0.006450388173107058
844.0 0.005949509431957267
845.0 0.005448630327009596
846.0 0.005210613744566217
847.0 0.0049725978897186
848.0 0.004478539631236345
849.0 0.003984482827945612
850.0 0.003732934419531375
851.0 0.0034813867387128994
852.0 0.003043927972612437
853.0 0.0026064688427140936
854.0 0.0021946931155980565
855.0 0.0017829170246841386
856.0 0.0014016843124409206
857.0 0.001020451236399822
858.0 0.0007512934644182678
859.0 0.0004821356924367137
860.0 0.0003317025402793661
861.0 0.00018126937675333465
862.0 0.00017634703226576676
863.0 0.00017142469914688263
864.0 0.00017797722193790833
865.0 0.00018452976746630156
866.0 0.00015924789522614446
867.0 0.0001339660457233549
868.0 7.13814358732634e-05
869.0 8.79683597077019e-06
870.0 1.2906080826269317e-05
871.0 1.70153128919992e-05
872.0 7.025492436696368e-05
873.0 0.00012349454436844098
874.0 9.311938242717588e-05
875.0 6.274424322327832e-05
876.0 7.301927666958363e-05
877.0 8.329431580023083e-05
878.0 1.7063098980626967e-10
879.0 1.7063098980626967e-10
880.0 1.7063098980626967e-10
881.0 4.027562283681618e-06
882.0 2.7763121579482686e-05
883.0 5.1498727771104313e-05
884.0 9.776315437193261e-05
885.0 0.0001440276719222311
886.0 0.00023859558950789506
887.0 0.00033316352983092656
888.0 0.00024227520043496042
889.0 0.00015138689377636183
890.0 0.00021526104774238775
891.0 0.00027913520170841366
892.0 0.0003046829533559503
893.0 0.00033023070500348695
894.0 0.00022918184185982682
895.0 0.0001281329787161667
896.0 5.023035782869556e-05
897.0 1.7063098980626967e-10
898.0 6.264518219722959e-05
899.0 0.00015296257060981588
900.0 0.0001750106662257167
901.0 0.0001970586936295149
902.0 0.00025182293938996736
