lsstCam/transmission_filter_detector/r42_s22/r_57/19700101T000000.ecsv
# %ECSV 1.0
# ---
# datatype:
# - {name: wavelength, unit: nm, datatype: float32}
# - {name: efficiency, unit: '%', datatype: float64}
# meta: !!omap
# - {MODE: DETECTOR}
# - {TYPE: transmission_filter_detector}
# - {CALIBDATE: '1970-01-01T00:00:00'}
# - {INSTRUME: LSSTCam}
# - {OBSTYPE: transmission_filter_detector}
# - {CALIBCLS: lsst.ip.isr.IntermediateFilterDetectorTransmissionCurve}
# - {SOURCE: Materion (DM-46256)}
# - {DETECTOR: 179}
# - {FILTER: r_57}
# - {CALIB_ID: 'calibDate=1970-01-01T00:00:00 filter=r_57 detector=179'}
# - {DATE: '2025-04-02T15:59:45.012484'}
# - {CALIB_CREATION_DATE: '2025-04-02'}
# - {CALIB_CREATION_TIME: '15:59:45'}
# - __serialized_columns__:
#     efficiency:
#       __class__: astropy.units.quantity.Quantity
#       unit: !astropy.units.Unit {unit: '%'}
#       value: !astropy.table.SerializedColumn {name: efficiency}
#     wavelength:
#       __class__: astropy.units.quantity.Quantity
#       unit: !astropy.units.Unit {unit: nm}
#       value: !astropy.table.SerializedColumn {name: wavelength}
# schema: astropy-2.0
wavelength efficiency
[from data line 604]
904.0 0.0003008438852702966
905.0 0.0002951005626528058
906.0 0.00019309304661874194
907.0 9.108550784731051e-05
908.0 0.00014352816606333363
909.0 0.00019597082427935675
910.0 0.00016660676465107827
911.0 0.00013724272776016733
912.0 0.0001952176262420835
913.0 0.0002531925929361023
914.0 0.00018751155721474788
915.0 0.00012183052149339346
916.0 0.00017866366306407144
917.0 0.00023549678189738188
918.0 0.00012912120155306184
919.0 2.2745656735878583e-05
920.0 8.310867087857332e-05
921.0 0.00014347168644235353
922.0 0.00016169746004379704
923.0 0.00017992327911997563
924.0 0.00022970889403950423
925.0 0.0002794945658024517
926.0 0.00029106186048011295
927.0 0.0003026291551577742
928.0 0.00024549442514398834
929.0 0.00018835968376151868
930.0 0.000154850556555175
931.0 0.00012134140661146375
932.0 0.00013087565093883313
933.0 0.0001404098952662025
934.0 0.00015711256082795444
935.0 0.00017381523775839014
936.0 0.00017427959164706408
937.0 0.00017474394553573802
938.0 8.490205800626427e-05
939.0 1.7063098980626967e-10
940.0 0.0001741758524076431
941.0 0.00035329151160112815
942.0 0.00031610838959750254
943.0 0.0002789252675938769
944.0 0.00019547867395885987
945.0 0.00011203203484910773
946.0 0.0003050423629247234
947.0 0.0004980527592124417
948.0 0.0005627697646559682
949.0 0.0006274869065236999
950.0 0.0006489740371762309
951.0 0.0006704610314045567
952.0 0.0005843849521625089
953.0 0.0004983089638699312
954.0 0.0008138066732499283
955.0 0.0011293045645288657
956.0 0.0008677197911310941
957.0 0.0006061355179554084
958.0 0.0009636956747272052
959.0 0.0013212556041253265
960.0 0.0014399834071809892
961.0 0.0015587114830850624
962.0 0.0016652431440888904
963.0 0.0017717748050927185
964.0 0.0018674460079637356
965.0 0.0019631170289358124
966.0 0.0021058760466985404
967.0 0.002248635428259149
968.0 0.002165073783544358
969.0 0.002081512320728507
970.0 0.002184090953960549
971.0 0.0022866695871925913
972.0 0.0024287608539452776
973.0 0.0025708523025969043
974.0 0.0027744750696001574
975.0 0.0029780982004012913
976.0 0.003101921174675226
977.0 0.0032257437851512805
978.0 0.0033295807952526957
979.0 0.0034334181691519916
980.0 0.0034212556784041226
981.0 0.003409092823858373
982.0 0.0034294367651455104
983.0 0.003449780706432648
984.0 0.0033672818972263485
985.0 0.0032847838156158105
986.0 0.003135665974696167
987.0 0.0029865488613722846
988.0 0.0029810204068780877
989.0 0.0029754919523838907
990.0 0.0029281734896358103
991.0 0.00288085520878667
992.0 0.002873060293495655
993.0 0.0028652657420025207
994.0 0.002922841304098256
995.0 0.002980416866193991
996.0 0.002985979699587915
997.0 0.0029915421691839583
998.0 0.002938931174867321
999.0 0.0028863203624496236
1000.0 0.00293276461889036
1001.0 0.002979208693432156
1002.0 0.003213779564248398
1003.0 0.0034483506169635803
1004.0 0.003770969487959519
1005.0 0.004093588358955458
1006.0 0.004192146661807783
1007.0 0.004290705328457989
1008.0 0.004260500645614229
1009.0 0.004230295598972589
1010.0 0.0042860123357968405
1011.0 0.004341729436418973
1012.0 0.004244890078552999
1013.0 0.004148050720687024
1014.0 0.004163933044765145
1015.0 0.004179815732641146
1016.0 0.0036652905691880733
1017.0 0.0031507657695328817
1018.0 0.002768883678072598
1019.0 0.002387001586612314
1020.0 0.0021825409930897877
1021.0 0.0019780796719715
1022.0 0.0018747725334833376
1023.0 0.0017714653949951753
1024.0 0.0015018290469015483
1025.0 0.0012321923350100406
1026.0 0.0011275696124357637
1027.0 0.0010229472536593676
1028.0 0.0008796207112027332
1029.0 0.000736294259695569
1030.0 0.0007848551831557415
1031.0 0.0008334160156664439
1032.0 0.0005701101599697722
1033.0 0.00030680430427310057
1034.0 0.00053163989832683
1035.0 0.0007564754923805594
1036.0 0.0008469579370284919
1037.0 0.0009374404726258945
1038.0 0.001126143160945503
1039.0 0.0013148457583156414
1040.0 0.001024205812427681
1041.0 0.0007335660029639257
1042.0 0.0007112873845471768
1043.0 0.0006890086751809577
1044.0 0.0008064460416790098
1045.0 0.0009238832717528567
1046.0 0.0008160946890711784
1047.0 0.00070830601544003
1048.0 0.001026773406920256
1049.0 0.0013452410712488927
1050.0 0.0013370387932809535
1051.0 0.001328836879110895
1052.0 0.0015876094039413147
1053.0 0.0018463819287717342
1054.0 0.001438015442545293
1055.0 0.0010296489563188516
1056.0 0.0012210642125864979
1057.0 0.0014124796507530846
1058.0 0.0011599359822866973
1059.0 0.0009073922228708398
1060.0 0.000986651320999954
1061.0 0.0010659102372301277
1062.0 0.0008121258360915817
1063.0 0.0005583413894783007
1064.0 0.0007263164206960937
1065.0 0.0008942914064391516
1066.0 0.0011556721801753156
1067.0 0.0014170527720125392
1068.0 0.0013058847798674833
1069.0 0.0011947168786718976
1070.0 0.0014817373994446825
1071.0 0.0017687578292679973
1072.0 0.002125335049640853
1073.0 0.002481912451912649
1074.0 0.002626067362143658
1075.0 0.0027702224542736076
1076.0 0.002938638863270171
1077.0 0.003107055090367794
1078.0 0.0031485520594287664
1079.0 0.0031900490284897387
1080.0 0.0032592077332083136
1081.0 0.0033283664379268885
1082.0 0.003649503560154699
1083.0 0.0039706414099782705
1084.0 0.003292333349236287
1085.0 0.0026140251065953635
1086.0 0.00278269453701796
1087.0 0.0029513643312384374
1088.0 0.003070352613576688
1089.0 0.0031893414416117594
1090.0 0.0035751814721152186
1091.0 0.003961021502618678
1092.0 0.0036887384339934215
1093.0 0.003416455365368165
1094.0 0.0032188690965995193
1095.0 0.003021283009729814
1096.0 0.002238566776213702
1097.0 0.0014558499970007688
1098.0 0.0024263103114208207
1099.0 0.0033967706258408725
1100.0 0.002508427860448137
1101.0 0.0016200847312575206
