lsstCam/transmission_filter_detector/r10_s10/i_39/19700101T000000.ecsv
# %ECSV 1.0
# ---
# datatype:
# - {name: wavelength, unit: nm, datatype: float32}
# - {name: efficiency, unit: '%', datatype: float64}
# meta: !!omap
# - {MODE: DETECTOR}
# - {TYPE: transmission_filter_detector}
# - {CALIBDATE: '1970-01-01T00:00:00'}
# - {INSTRUME: LSSTCam}
# - {OBSTYPE: transmission_filter_detector}
# - {CALIBCLS: lsst.ip.isr.IntermediateFilterDetectorTransmissionCurve}
# - {SOURCE: Materion (DM-46256)}
# - {DETECTOR: 30}
# - {FILTER: i_39}
# - {CALIB_ID: 'calibDate=1970-01-01T00:00:00 filter=i_39 detector=30'}
# - {DATE: '2025-04-02T15:59:46.618163'}
# - {CALIB_CREATION_DATE: '2025-04-02'}
# - {CALIB_CREATION_TIME: '15:59:46'}
# - __serialized_columns__:
#     efficiency:
#       __class__: astropy.units.quantity.Quantity
#       unit: !astropy.units.Unit {unit: '%'}
#       value: !astropy.table.SerializedColumn {name: efficiency}
#     wavelength:
#       __class__: astropy.units.quantity.Quantity
#       unit: !astropy.units.Unit {unit: nm}
#       value: !astropy.table.SerializedColumn {name: wavelength}
# schema: astropy-2.0
wavelength efficiency
[from data line 597]
897.0 1.9570621165310165e-10
898.0 8.775252240411646e-05
899.0 1.9570621165310165e-10
900.0 1.9570621165310165e-10
901.0 1.9570621165310165e-10
902.0 1.9570621165310165e-10
903.0 1.9570621165310165e-10
904.0 1.9570621165310165e-10
905.0 1.9570621165310165e-10
906.0 1.9570621165310165e-10
907.0 5.176418653718429e-05
908.0 0.00023025600057735574
909.0 1.9570621165310165e-10
910.0 1.9570621165310165e-10
911.0 1.9570621165310165e-10
912.0 9.17024124191812e-05
913.0 5.7811087117443094e-05
914.0 2.3919761815704987e-05
915.0 1.9570621165310165e-10
916.0 1.9570621165310165e-10
917.0 1.9570621165310165e-10
918.0 1.9570621165310165e-10
919.0 1.9570621165310165e-10
920.0 7.851347731957503e-05
921.0 6.597933861485217e-05
922.0 5.344520559447119e-05
923.0 1.9570621165310165e-10
924.0 1.9570621165310165e-10
925.0 9.067438213605783e-05
926.0 0.00033038413675967604
927.0 3.700939714690321e-05
928.0 1.9570621165310165e-10
929.0 1.9570621165310165e-10
930.0 0.00019150479602103587
931.0 0.00011281970273557818
932.0 3.4134578186240105e-05
933.0 4.771586645802017e-05
934.0 6.129718599368061e-05
935.0 1.9570621165310165e-10
936.0 1.9570621165310165e-10
937.0 1.9570621165310165e-10
938.0 1.9570621165310165e-10
939.0 1.9570621165310165e-10
940.0 1.9570621165310165e-10
941.0 1.9570621165310165e-10
942.0 1.9570621165310165e-10
943.0 1.9570621165310165e-10
944.0 1.9570621165310165e-10
945.0 1.9570621165310165e-10
946.0 1.9570621165310165e-10
947.0 1.9570621165310165e-10
948.0 1.9570621165310165e-10
949.0 1.9570621165310165e-10
950.0 1.9570621165310165e-10
951.0 1.9570621165310165e-10
952.0 1.9570621165310165e-10
953.0 1.9570621165310165e-10
954.0 1.9570621165310165e-10
955.0 0.00012453886029106798
956.0 0.0003772298668991425
957.0 0.00021028013179602567
958.0 4.3330359744686575e-05
959.0 0.00011861819757541525
960.0 0.00019390604393265676
961.0 0.00016305258441207116
962.0 0.0001321991476288531
963.0 1.9570621165310165e-10
964.0 1.9570621165310165e-10
965.0 1.9570621165310165e-10
966.0 1.9570621165310165e-10
967.0 1.9570621165310165e-10
968.0 1.9570621165310165e-10
969.0 1.9570621165310165e-10
970.0 1.9570621165310165e-10
971.0 1.9570621165310165e-10
972.0 1.9570621165310165e-10
973.0 1.9570621165310165e-10
974.0 4.139979523642978e-05
975.0 1.9570621165310165e-10
976.0 1.9570621165310165e-10
977.0 1.9570621165310165e-10
978.0 1.9570621165310165e-10
979.0 1.9570621165310165e-10
980.0 1.9570621165310165e-10
981.0 1.9570621165310165e-10
982.0 1.9570621165310165e-10
983.0 1.9570621165310165e-10
984.0 1.9570621165310165e-10
985.0 6.282847380134626e-05
986.0 0.00020147854229435325
987.0 2.9727019068559457e-05
988.0 1.9570621165310165e-10
989.0 1.9570621165310165e-10
990.0 1.9570621165310165e-10
991.0 1.9570621165310165e-10
992.0 1.9570621165310165e-10
993.0 1.9570621165310165e-10
994.0 5.265965228318237e-05
995.0 1.9570621165310165e-10
996.0 1.9570621165310165e-10
997.0 7.670323043384997e-05
998.0 0.00036980470667913323
999.0 0.0003726955355887185
1000.0 0.0003755862962862011
1001.0 0.00019886654172296403
1002.0 2.214670615785508e-05
1003.0 5.906189244342386e-05
1004.0 9.597711141395848e-05
1005.0 1.9570621165310165e-10
1006.0 1.9570621165310165e-10
1007.0 1.9570621165310165e-10
1008.0 0.00016425997273472603
1009.0 6.721554086652759e-05
1010.0 1.9570621165310165e-10
1011.0 6.758466497558402e-05
1012.0 0.0001649982550588902
1013.0 0.00037034608340036357
1014.0 0.0005756940026913071
1015.0 0.0005214477369008819
1016.0 0.0004672015620599268
1017.0 0.0005599791165877832
1018.0 0.00065275685301458
1019.0 0.0004928502676193602
1020.0 0.0003329435685373028
1021.0 0.0002838678028638242
1022.0 0.0002347919917156105
1023.0 0.0005756452537752921
1024.0 0.0009164985385723412
1025.0 0.0007721904694335535
1026.0 0.000627882491244236
1027.0 0.0005256965323496843
1028.0 0.0004235107098793378
1029.0 0.0007959566573845223
1030.0 0.0011684026503644418
1031.0 0.0017396074326825328
1032.0 0.0023108121240511537
1033.0 0.0024761304302955978
1034.0 0.002641448190843221
1035.0 0.003169304909533821
1036.0 0.003697161446325481
1037.0 0.0036203982745064422
1038.0 0.003543634375091642
1039.0 0.002919618236774113
1040.0 0.002295602098456584
1041.0 0.001813378548831679
1042.0 0.0013311551811057143
1043.0 0.0018931417798739858
1044.0 0.002455128196743317
1045.0 0.00298607465083478
1046.0 0.003517021468724124
1047.0 0.0035849472624249756
1048.0 0.003652873056125827
1049.0 0.0031714593205833808
1050.0 0.002690045403141994
1051.0 0.002831538768077735
1052.0 0.0029730324968113564
1053.0 0.0020502207917161286
1054.0 0.0011274088137724902
1055.0 0.0010079667845275253
1056.0 0.0008885246643330902
1057.0 0.0009806680282054003
1058.0 0.0010728115739766508
1059.0 0.001078221157513326
1060.0 0.0010836310138984118
1061.0 0.0018181182895204984
1062.0 0.0025526049284962937
1063.0 0.002789254176605027
1064.0 0.0030259032428148203
1065.0 0.003326030491734855
1066.0 0.0036261582863517106
1067.0 0.00443874960183166
1068.0 0.0052513412811094895
1069.0 0.003949466554331593
1070.0 0.002647591827553697
1071.0 0.0025825864213402383
1072.0 0.0025175808332278393
1073.0 0.002270188633701764
1074.0 0.0020227962522767484
1075.0 0.0023257425709743984
1076.0 0.0026286883439752273
1077.0 0.001976731073227711
1078.0 0.001324773438682314
1079.0 0.0016103869711514562
1080.0 0.0018960005036205985
1081.0 0.0011967966202064417
1082.0 0.0004975926003680797
1083.0 0.00015793649481565808
1084.0 1.9570621165310165e-10
1085.0 1.9570621165310165e-10
1086.0 0.0001754796585373697
1087.0 0.0007731779987807386
1088.0 0.0013708764527109452
1089.0 1.9570621165310165e-10
1090.0 1.9570621165310165e-10
1091.0 1.9570621165310165e-10
1092.0 1.9570621165310165e-10
1093.0 1.9570621165310165e-10
1094.0 0.0004042739419674035
1095.0 0.00015594176829836215
1096.0 1.9570621165310165e-10
1097.0 1.9570621165310165e-10
1098.0 1.9570621165310165e-10
1099.0 1.9570621165310165e-10
1100.0 1.9570621165310165e-10
