lsstCam/transmission_filter_detector/r10_s10/i_39/19700101T000000.ecsv
# %ECSV 1.0
# ---
# datatype:
# - {name: wavelength, unit: nm, datatype: float32}
# - {name: efficiency, unit: '%', datatype: float64}
# meta: !!omap
# - {MODE: DETECTOR}
# - {TYPE: transmission_filter_detector}
# - {CALIBDATE: '1970-01-01T00:00:00'}
# - {INSTRUME: LSSTCam}
# - {OBSTYPE: transmission_filter_detector}
# - {CALIBCLS: lsst.ip.isr.IntermediateFilterDetectorTransmissionCurve}
# - {SOURCE: Materion (DM-46256)}
# - {DETECTOR: 30}
# - {FILTER: i_39}
# - {CALIB_ID: 'calibDate=1970-01-01T00:00:00 filter=i_39 detector=30'}
# - {DATE: '2025-04-02T15:59:46.618163'}
# - {CALIB_CREATION_DATE: '2025-04-02'}
# - {CALIB_CREATION_TIME: '15:59:46'}
# - __serialized_columns__:
#     efficiency:
#       __class__: astropy.units.quantity.Quantity
#       unit: !astropy.units.Unit {unit: '%'}
#       value: !astropy.table.SerializedColumn {name: efficiency}
#     wavelength:
#       __class__: astropy.units.quantity.Quantity
#       unit: !astropy.units.Unit {unit: nm}
#       value: !astropy.table.SerializedColumn {name: wavelength}
# schema: astropy-2.0
wavelength efficiency
300.0 0.07251892820931971
301.0 0.036426138831302524
302.0 0.0003333810582262231
303.0 0.01598824019310996
304.0 0.031643101829104125
305.0 0.03593044530134648
306.0 0.04021779168397188
307.0 0.02180169685743749
308.0 0.0033856038498925045
309.0 1.9570621165310165e-10
310.0 1.9570621165310165e-10
311.0 1.9570621165310165e-10
312.0 1.9570621165310165e-10
313.0 1.9570621165310165e-10
314.0 1.9570621165310165e-10
315.0 1.9570621165310165e-10
316.0 1.9570621165310165e-10
317.0 1.9570621165310165e-10
318.0 1.9570621165310165e-10
319.0 1.9570621165310165e-10
320.0 1.9570621165310165e-10
321.0 1.9570621165310165e-10
322.0 0.0020161474822089076
323.0 1.9570621165310165e-10
324.0 1.9570621165310165e-10
325.0 1.9570621165310165e-10
326.0 1.9570621165310165e-10
327.0 1.9570621165310165e-10
328.0 0.0019768318452406675
329.0 0.0023014139514998533
330.0 0.0026259962396579795
331.0 0.0018240660210722126
332.0 0.0010221359843853861
333.0 0.0022550981157110073
334.0 0.0034880598832387477
335.0 0.0019398621589061804
336.0 0.00039166507121990435
337.0 0.001271063865715405
338.0 0.0021504627511603758
339.0 0.002569890239101369
340.0 0.0029893184546381235
341.0 1.9570621165310165e-10
342.0 1.9570621165310165e-10
343.0 1.9570621165310165e-10
344.0 1.9570621165310165e-10
345.0 1.9570621165310165e-10
346.0 1.9570621165310165e-10
347.0 1.9570621165310165e-10
348.0 1.9570621165310165e-10
349.0 1.9570621165310165e-10
350.0 0.00037409274682431715
351.0 6.104970111664443e-05
352.0 1.9570621165310165e-10
353.0 1.9570621165310165e-10
354.0 1.9570621165310165e-10
355.0 1.9570621165310165e-10
356.0 1.9570621165310165e-10
357.0 0.0003907192876795307
358.0 0.0014959486179577652
359.0 0.0014646526324213482
360.0 0.0014333562830870505
361.0 0.0010441860467835795
362.0 0.0006550157195306383
363.0 0.00039699739318166394
364.0 0.00013897902135795448
365.0 0.00098558230092749
366.0 0.001832185807870701
367.0 0.0009638932169764303
368.0 9.560058060742449e-05
369.0 0.0006732388101227116
370.0 0.0012508769941632636
371.0 0.000988838201010367
372.0 0.0007267993623827351
373.0 0.0006000116627546959
374.0 0.0004732239176519215
375.0 1.9570621165310165e-10
376.0 1.9570621165310165e-10
377.0 1.9570621165310165e-10
378.0 1.9570621165310165e-10
379.0 1.9570621165310165e-10
380.0 1.9570621165310165e-10
381.0 1.9570621165310165e-10
382.0 1.9570621165310165e-10
383.0 0.00023096617951523513
384.0 0.0016373154721804895
385.0 0.0012794997019227594
386.0 0.000921683749766089
387.0 1.9570621165310165e-10
388.0 1.9570621165310165e-10
389.0 1.9570621165310165e-10
390.0 1.9570621165310165e-10
391.0 1.9570621165310165e-10
392.0 1.9570621165310165e-10
393.0 1.9570621165310165e-10
394.0 0.0004423877726367209
395.0 1.9570621165310165e-10
396.0 1.9570621165310165e-10
397.0 1.9570621165310165e-10
398.0 1.9570621165310165e-10
399.0 0.00022526899101649178
400.0 0.0006743699032085715
401.0 0.0005495230197993806
402.0 0.00042467522689548787
403.0 0.0011418988833611365
404.0 0.0018591224943520501
405.0 0.0036411729524843395
406.0 0.005423223046818748
407.0 0.002188217513321433
408.0 1.9570621165310165e-10
409.0 1.9570621165310165e-10
410.0 1.9570621165310165e-10
411.0 0.0025370982257300057
412.0 0.005788525959360413
413.0 0.004841048212256283
414.0 0.003893571556545794
415.0 0.004299459033063613
416.0 0.004705346509581432
417.0 0.002610844421724323
418.0 0.0005163422429177444
419.0 0.003491497045615688
420.0 0.006466651393566281
421.0 0.005429944576462731
422.0 0.0043932373955613
423.0 0.004764670666190796
424.0 0.00513610357302241
425.0 0.00409494896302931
426.0 0.0030537939892383292
427.0 0.003910603118129075
428.0 0.004767412974615581
429.0 0.005668535595759749
430.0 0.006569658580701798
431.0 0.004995993731427006
432.0 0.0034223292459500954
433.0 0.00435190049756784
434.0 0.0052814717491855845
435.0 0.003873255627695471
436.0 0.002465039142407477
437.0 0.002300794585607946
438.0 0.002136550028808415
439.0 0.0025251592887798324
440.0 0.0029137687306501903
441.0 0.0010809798368427437
442.0 1.9570621165310165e-10
443.0 1.9570621165310165e-10
444.0 1.9570621165310165e-10
445.0 1.9570621165310165e-10
446.0 0.0001583503831170674
447.0 0.0004382886800158303
448.0 0.0007182271019701147
449.0 1.9570621165310165e-10
450.0 1.9570621165310165e-10
451.0 1.9570621165310165e-10
452.0 0.0008600099135946948
453.0 0.0012999792488699313
454.0 0.0017399490388925187
455.0 0.001909430829982739
456.0 0.002078912621072959
457.0 0.001430038992111804
458.0 0.0007811653631506488
459.0 0.0001703067255220958
460.0 1.9570621165310165e-10
461.0 3.754028909952467e-05
462.0 0.000515632564201951
463.0 0.00016438916645711288
464.0 1.9570621165310165e-10
465.0 8.856664521772473e-05
466.0 0.0003639875330918585
467.0 0.0005451038759929361
468.0 0.0007262201961566461
469.0 0.0004945100954500958
470.0 0.0002628000856930157
471.0 0.0004915588760923129
472.0 0.0007203176210168749
473.0 0.0010474294867890421
474.0 0.0013745415344601497
475.0 0.0007092244686646154
476.0 4.390766719097883e-05
477.0 0.0004891352546110284
478.0 0.0009343628335045651
479.0 0.0010560734153841622
480.0 0.0011777840882132296
481.0 0.002355076685489621
482.0 0.003532367554726079
483.0 0.004756374619319104
484.0 0.0059803813201142475
485.0 0.0059244848671369255
486.0 0.005868588414159603
487.0 0.009050798689713702
488.0 0.01223300932906568
489.0 0.01638442772673443
490.0 0.020535844669211656
491.0 0.024050005595199764
492.0 0.02756416506599635
493.0 0.03005267644766718
494.0 0.03254119073972106
495.0 0.028859646408818662
496.0 0.025178096257150173
497.0 0.01918428752105683
498.0 0.013190475874580443
499.0 0.009621591016184539
500.0 0.006052706885384396
501.0 0.004367371002444997
502.0 0.0026820362108992413
503.0 0.0022592483219341375
504.0 0.0018364602510700934
505.0 0.0017094234863179736
506.0 0.0015823865396669134
507.0 0.0018282737073604949
508.0 0.0020741608750540763
509.0 0.0023163604055298492
510.0 0.002558559754106682
511.0 0.001968715514522046
512.0 0.00137887136588688
513.0 0.0015386111044790596
514.0 0.001698350752121769
515.0 0.0022264512153924443
516.0 0.0027545516786631197
517.0 0.0022833213733974844
518.0 0.0018120910681318492
519.0 0.0019749655621126294
520.0 0.0021378400560934097
521.0 0.001898906339192763
522.0 0.0016599728041910566
523.0 0.0015664070815546438
524.0 0.0014728417227161117
525.0 0.0019331524526933208
526.0 0.0023934630007715896
527.0 0.0028829314032918774
528.0 0.003372399805812165
529.0 0.0034618075005710125
530.0 0.00355121519532986
531.0 0.0031950476113706827
532.0 0.0028388800274115056
533.0 0.0023109727408154868
534.0 0.0017830656361184083
535.0 0.001774167139956262
536.0 0.001765268279996235
537.0 0.002238481101812795
538.0 0.002711693559831474
539.0 0.0032992065825965255
540.0 0.003886720151058398
541.0 0.004494998211157508
542.0 0.005103276271256618
543.0 0.0052440347644733265
544.0 0.0053847936214879155
545.0 0.004462420838535763
546.0 0.0035400487831793725
547.0 0.002794433203234803
548.0 0.0020488176232902333
549.0 0.0019407691070227884
550.0 0.0018327209545532241
551.0 0.0014514907888951711
552.0 0.0010702608960855287
553.0 0.001591842737980187
554.0 0.0021134246708243154
555.0 0.0016864099961821921
556.0 0.0012593950486916583
557.0 0.000966705829341663
558.0 0.0006740167464158731
559.0 0.0001487328404436994
560.0 1.9570621165310165e-10
561.0 0.0005020279331802158
562.0 0.0013806070455757435
563.0 0.0015109892046893947
564.0 0.001641371454752516
565.0 0.0012568416423164308
566.0 0.0008723119208298158
567.0 0.0009687071724329144
568.0 0.0010651026059349533
569.0 0.0009666967343946453
570.0 0.0008682904990564566
571.0 0.000643244993625558
572.0 0.0004181993972451892
573.0 0.00043775435187853873
574.0 0.00045730939746135846
575.0 0.00042298220250813756
576.0 0.0003886548711307114
577.0 0.00042259257497789804
578.0 0.0004565302788250847
579.0 0.0001737811999191763
580.0 1.9570621165310165e-10
581.0 3.595622217744676e-05
582.0 0.0001808803290259675
583.0 0.0003028682613148703
584.0 0.0004248561253916705
585.0 0.0006535958164022304
586.0 0.0008823356438369956
587.0 0.00078120192483766
588.0 0.0006800681603635894
589.0 0.0006628479695791611
590.0 0.0006456277333199978
591.0 0.0008775313290243503
592.0 0.0011094351975771133
593.0 0.000713143481334555
594.0 0.00031685187877883436
595.0 0.0005738279924116796
596.0 0.000830803946882952
597.0 0.0007763785106362775
598.0 0.0007219532108138083
599.0 0.0006163289526739391
600.0 0.0005107045581098646
601.0 0.00042828482946788426
602.0 0.0003458650780885364
603.0 0.0003319004235891043
604.0 0.00031793565540283453
605.0 0.0002787022594930022
606.0 0.00023946888632053742
607.0 0.0004244703177391784
608.0 0.0006094715899962466
609.0 0.0005169230917090317
610.0 0.0004243743205734063
611.0 0.0006155478331493214
612.0 0.0008067214366747066
613.0 0.0005228546342550544
614.0 0.00023898799099697499
615.0 2.3167022789039038e-05
616.0 1.9570621165310165e-10
617.0 4.905638917307442e-06
618.0 0.00020246536678314442
619.0 0.00029755149171251105
620.0 0.0003926376848539803
621.0 0.0005336373305908637
622.0 0.000674636930853012
623.0 0.0005625096491712611
624.0 0.0004503823674895102
625.0 0.00042646292968129274
626.0 0.00040254353734781034
627.0 0.00034709416922851233
628.0 0.0002916448011092143
629.0 0.00040188215280068107
630.0 0.0005121195499668829
631.0 0.0004768739927385468
632.0 0.0004416283900354756
633.0 0.00044612934289034456
634.0 0.00045063025027047843
635.0 0.0004558792625175556
636.0 0.00046112813834042754
637.0 0.0003839425971818855
638.0 0.00030675685138703557
639.0 0.0006343406312225852
640.0 0.0009619243428460322
641.0 0.0006576423857040936
642.0 0.00035336040582478745
643.0 0.0005639205483021215
644.0 0.0007744806680420879
645.0 0.0006656567165919114
646.0 0.0005568329015659401
647.0 0.0007455023478541989
648.0 0.0009341722943645436
649.0 0.0007821058716217522
650.0 0.0006300394943536958
651.0 0.0008064619578362908
652.0 0.0009828845577430911
653.0 0.0010972784366458654
654.0 0.0012116723155486397
655.0 0.001793883893697057
656.0 0.0023760952899465337
657.0 0.0031992796721169725
658.0 0.0040224625990958884
659.0 0.006355783261824399
660.0 0.05687939701601863
661.0 0.062031258130446076
662.0 0.07190959877334535
663.0 0.10669744806364179
664.0 0.11177953565493226
665.0 0.11972681386396289
666.0 0.151595170609653
667.0 0.14355984749272466
668.0 0.17879995284602046
669.0 0.2283706096932292
670.0 0.3051533130928874
671.0 0.3891023574396968
672.0 0.6222768221050501
673.0 0.9692703373730183
674.0 1.5443800017237663
675.0 2.279173582792282
676.0 3.253759816288948
677.0 4.5149292796850204
678.0 5.745119974017143
679.0 7.136823236942291
680.0 8.847511559724808
681.0 10.795922577381134
682.0 13.30396831035614
683.0 16.066403687000275
684.0 19.142240285873413
685.0 22.11727648973465
686.0 25.193879008293152
687.0 28.438299894332886
688.0 31.62449598312378
689.0 34.63793694972992
690.0 38.07617723941803
691.0 41.67792797088623
692.0 46.056848764419556
693.0 50.78063607215881
694.0 56.34027719497681
695.0 61.83009147644043
696.0 68.01452040672302
697.0 73.68581891059875
698.0 80.08010387420654
699.0 85.04248261451721
700.0 89.07322883605957
701.0 92.47890114784241
702.0 94.84665393829346
703.0 96.24962210655212
704.0 96.96637988090515
705.0 97.53099083900452
706.0 97.65093326568604
707.0 97.86244630813599
708.0 97.99209833145142
709.0 97.98543453216553
710.0 97.75441884994507
711.0 97.97231554985046
712.0 97.868812084198
713.0 97.91098833084106
714.0 98.0189561843872
715.0 98.02453517913818
716.0 97.94473052024841
717.0 98.17134141921997
718.0 98.21518063545227
719.0 98.18000793457031
720.0 98.41839075088501
721.0 98.33155274391174
722.0 98.19629788398743
723.0 97.82127141952515
724.0 97.54952192306519
725.0 97.26197123527527
726.0 97.05120921134949
727.0 96.65653109550476
728.0 96.36610150337219
729.0 96.14889621734619
730.0 96.14587426185608
731.0 96.16233110427856
732.0 96.18156552314758
733.0 96.51820063591003
734.0 96.9380795955658
735.0 97.17518091201782
736.0 97.59596586227417
737.0 97.94182777404785
738.0 98.22828769683838
739.0 98.60000610351562
740.0 98.73068332672119
741.0 98.53401780128479
742.0 98.85729551315308
743.0 98.76018762588501
744.0 98.49005937576294
745.0 98.52675199508667
746.0 98.4525978565216
747.0 98.6946165561676
748.0 98.61592054367065
749.0 98.47501516342163
750.0 98.46802949905396
751.0 98.29287528991699
752.0 98.34387302398682
753.0 98.53287935256958
754.0 98.44840168952942
755.0 98.59896898269653
756.0 98.59254956245422
757.0 98.61695766448975
758.0 98.64773750305176
759.0 98.67033958435059
760.0 98.54840636253357
761.0 98.4394371509552
762.0 98.50469827651978
763.0 98.47046732902527
764.0 98.36862683296204
765.0 98.30960631370544
766.0 98.33917021751404
767.0 98.17965030670166
768.0 98.2248067855835
769.0 98.30431938171387
770.0 98.07475805282593
771.0 98.14850687980652
772.0 98.1623888015747
773.0 98.15828800201416
774.0 98.05485010147095
775.0 98.19026589393616
776.0 98.01959991455078
777.0 98.07022213935852
778.0 98.05865287780762
779.0 97.98116683959961
780.0 97.83456325531006
781.0 98.08106422424316
782.0 97.91931509971619
783.0 97.96185493469238
784.0 97.89515137672424
785.0 98.044753074646
786.0 98.12005758285522
787.0 97.91238307952881
788.0 98.05027842521667
789.0 98.12900424003601
790.0 98.04990291595459
791.0 98.0557918548584
792.0 97.96754121780396
793.0 97.91982173919678
794.0 97.96162843704224
795.0 97.87549376487732
796.0 97.94591665267944
797.0 97.98780679702759
798.0 98.02837371826172
799.0 98.0100154876709
800.0 97.80076146125793
801.0 97.89105653762817
802.0 97.8026807308197
803.0 97.56875038146973
804.0 97.49607443809509
805.0 97.1775472164154
806.0 97.0207154750824
807.0 96.51085138320923
808.0 95.8713948726654
809.0 95.04278302192688
810.0 94.18646693229675
811.0 92.86530017852783
812.0 91.17690324783325
813.0 89.10796642303467
814.0 86.72561049461365
815.0 83.7289035320282
816.0 80.54603338241577
817.0 76.66420936584473
818.0 72.02988266944885
819.0 67.97127723693848
820.0 62.88270950317383
821.0 58.24713706970215
822.0 53.58248949050903
823.0 48.861369490623474
824.0 44.127410650253296
825.0 39.78709876537323
826.0 35.25616228580475
827.0 30.593684315681458
828.0 26.387226581573486
829.0 22.133634984493256
830.0 17.64962375164032
831.0 14.102169871330261
832.0 10.374387353658676
833.0 7.287665456533432
834.0 4.843073710799217
835.0 3.120848722755909
836.0 1.8830126151442528
837.0 1.1258956976234913
838.0 0.6354696583002806
839.0 0.4156505689024925
840.0 0.21971683017909527
841.0 0.10262677678838372
842.0 0.06139494362287223
843.0 0.056230841437354684
844.0 0.02600668231025338
845.0 1.9570621165310165e-10
846.0 1.9570621165310165e-10
847.0 1.9570621165310165e-10
848.0 1.9570621165310165e-10
849.0 1.9570621165310165e-10
850.0 1.9570621165310165e-10
851.0 1.9570621165310165e-10
852.0 0.0010732100236054976
853.0 0.0012764119674102403
854.0 0.0014796141840633936
855.0 0.0011201386769243982
856.0 0.0007606632152601378
857.0 0.000898498637980083
858.0 0.0010363336514274124
859.0 0.0008283152055810206
860.0 0.0006202964868862182
861.0 0.0004603223715093918
862.0 0.000300348278869933
863.0 0.00016553076420677826
864.0 3.071330070270051e-05
865.0 0.00010319317880203016
866.0 0.0001756729830049153
867.0 0.0001240674123437202
868.0 7.246178483910626e-05
869.0 1.9570621165310165e-10
870.0 1.9570621165310165e-10
871.0 2.4284349819936324e-05
872.0 0.0002726617367443396
873.0 0.00024293065052916063
874.0 0.00021319954157661414
875.0 0.00022451542918133782
876.0 0.00023583133952342905
877.0 1.9570621165310165e-10
878.0 1.9570621165310165e-10
879.0 1.9570621165310165e-10
880.0 0.000305660569210886
881.0 0.00013480563438861282
882.0 1.9570621165310165e-10
883.0 0.000163417246312747
884.0 0.00036288381579652196
885.0 0.00015750965758343227
886.0 1.9570621165310165e-10
887.0 2.546082100707281e-05
888.0 9.87861540124868e-05
889.0 1.9570621165310165e-10
890.0 1.9570621165310165e-10
891.0 2.9536496981563687e-05
892.0 0.00017618838228372624
893.0 0.0002649502221174771
894.0 0.00035371206195122795
895.0 5.722370133298682e-05
