comCam/transmission_filter/r_03/19700101T000000.ecsv
# %ECSV 1.0
# ---
# datatype:
# - {name: wavelength, unit: nm, datatype: float64}
# - {name: efficiency, unit: '%', datatype: float64}
# meta: !!omap
# - {MODE: DETECTOR}
# - {TYPE: transmission_filter}
# - {CALIBDATE: '1970-01-01T00:00:00'}
# - {INSTRUME: ComCam}
# - {OBSTYPE: transmission_filter}
# - {CALIBCLS: lsst.ip.isr.IntermediateFilterTransmissionCurve}
# - {SOURCE: 'https://github.com/lsst/throughputs'}
# - {FILTER: r_03}
# - {VERSION: 1.9}
# - {CALIB_ID: 'calibDate=1970-01-01T00:00:00 filter=r_03'}
# - {DATE: '2024-08-19T19:49:53.551056'}
# - {CALIB_CREATION_DATE: '2024-08-19'}
# - {CALIB_CREATION_TIME: '19:49:53'}
# - __serialized_columns__:
#     efficiency:
#       __class__: astropy.units.quantity.Quantity
#       unit: !astropy.units.Unit {unit: '%'}
#       value: !astropy.table.SerializedColumn {name: efficiency}
#     wavelength:
#       __class__: astropy.units.quantity.Quantity
#       unit: !astropy.units.Unit {unit: nm}
#       value: !astropy.table.SerializedColumn {name: wavelength}
# schema: astropy-2.0
wavelength efficiency
523.9000000000509 0.09640323495163824
525.5000000000513 0.1045924110238504
527.5000000000517 0.1394499583925797
531.2000000000526 0.23775684144373538
531.4000000000526 0.2168670241723536
533.000000000053 0.16210514020023065
534.6000000000533 0.862913337674533
534.8000000000534 0.9518734755766981
536.0000000000537 1.1831698341511976
536.1000000000537 1.2813225196365863
536.2000000000537 1.3794752051219754
537.700000000054 2.7687360253543973
538.0000000000541 3.027610026698267
539.0000000000543 4.788032311210928
540.0000000000546 7.035758462223976
540.7000000000547 8.844416910372663
541.0000000000548 9.619556245316659
542.000000000055 12.625420460475903
542.8000000000552 15.651646662712226
543.0000000000553 16.408203213301668
543.8000000000554 19.87409018597003
544.4000000000556 22.61821390647889
545.0000000000557 25.43469187249756
545.4000000000558 27.571712074102905
545.8000000000559 29.708732275708254
546.300000000056 32.674169050432944
546.7000000000561 35.20340461558917
546.9000000000561 36.468022398167285
547.0000000000562 37.10033128951458
548.3000000000565 46.60008788228097
549.0000000000566 51.59292619966074
549.2000000000567 52.73537205951988
549.5000000000567 54.449040849308595
550.0000000000568 57.30515549900207
551.0000000000571 63.82000293127214
551.5000000000572 66.21451330980543
552.9000000000575 72.94405120831279
553.0000000000575 73.42572093269779
554.900000000058 80.75445478227607
555.000000000058 81.14251867267899
556.0000000000582 84.23240079576455
557.0000000000584 86.46925404102622
557.4000000000585 87.43634958462043
559.0000000000589 91.27310148765235
559.500000000059 91.71098305532634
559.8000000000591 91.97371199593073
561.1000000000594 93.30149147639322
561.2000000000594 93.3450819439653
561.4000000000594 93.4322628791094
563.5000000000599 94.31899776479878
563.6000000000599 94.36278592156619
563.70000000006 94.40657407833358
564.00000000006 94.53793854859056
564.5000000000601 94.3802814153084
564.7000000000602 94.31721856199553
564.9000000000602 94.25415570868266
565.0000000000603 94.22262428207263
566.0000000000605 94.67730943130061
566.2000000000605 94.60376905063484
566.4000000000606 94.53022866996903
567.0000000000607 94.30960752801577
567.5000000000608 94.48901047278514
567.6000000000608 94.524891061739
567.9000000000609 94.63253282860063
568.500000000061 95.07367626802522
568.8000000000611 95.31683397829114
568.9000000000611 95.39788654837979
569.0000000000612 95.47893911838136
569.7000000000613 95.0499535644976
570.1000000000614 94.94952745335465
570.3000000000615 95.11637713422004
570.8000000000616 95.53350133638354
570.9000000000616 95.61692617681624
571.3000000000617 95.71932917995389
571.8000000000618 95.75095945120799
571.9000000000618 95.7572855054588
573.0000000000621 95.35736026331476
573.1000000000621 95.40381722421922
573.2000000000621 95.45027418512369
573.4000000000622 95.5431881069326
573.6000000000622 95.63610202874155
574.1000000000623 95.81194656795965
575.0000000000625 95.72209682870361
575.5000000000626 95.8733290631373
575.7000000000627 95.93382195691078
576.0000000000628 96.02456129754549
577.4000000000631 95.84446644058696
577.9000000000632 95.74908140383631
579.1000000000635 95.66862190131936
579.2000000000635 95.62700832570067
579.7000000000636 95.41894044760728
580.0000000000637 95.29409972078383
580.7000000000638 95.36121520260113
580.9000000000639 95.38039105454892
582.1000000000641 95.79880023645282
582.2000000000642 95.76282080290129
582.4000000000642 95.6908619357982
583.0000000000643 95.47498533448443
584.0000000000646 95.04501133467252
584.7000000000647 95.27057470655336
584.9000000000648 95.3350213842336
585.0000000000648 95.36724472304789
587.2000000000653 95.20256962334471
587.4000000000653 95.22866459712934
588.1000000000655 95.38918822378923
589.0000000000657 96.12933657102704
590.0000000000659 95.30497262650138
590.7000000000661 95.09324749829423
590.9000000000661 95.03275460452076
592.4000000000665 94.98076234615665
593.0000000000666 94.88883687034208
595.0000000000671 95.08949140365192
595.4000000000672 95.38246679114305
595.7000000000672 95.60219833176139
596.0000000000673 95.82192987234163
596.5000000000674 95.90495933438365
596.6000000000674 95.92156522679205
597.0000000000675 95.98798879638262
597.6000000000677 95.70509555785372
597.9000000000677 95.5636489385893
600.0000000000682 95.52045384940074
600.1000000000682 95.46312398275269
600.3000000000683 95.34846424945657
600.4000000000683 95.2911343828085
601.0000000000684 94.94715518296938
601.6000000000686 95.03492918569951
601.7000000000686 95.04955818615454
602.0000000000687 95.09344518749856
602.8000000000688 94.96534258891944
603.500000000069 94.99558903582579
603.9000000000691 95.04540671305101
605.0000000000693 95.60644864938999
605.1000000000694 95.57481837813589
605.3000000000694 95.51155783562768
605.7000000000695 95.38503675061128
606.0000000000696 95.29014593686657
607.1000000000698 95.25347459115432
607.70000000007 95.4130097717922
607.90000000007 95.46618816533817
608.00000000007 95.49277736204725
609.0000000000703 94.8463336933616
609.2000000000703 94.91651335770662
609.5000000000704 95.02178285422418
609.9000000000705 95.16214218291427
610.2000000000705 95.0845491736796
610.3000000000706 95.02820775300823
611.0000000000707 94.63381780834898
611.8000000000709 94.63935310581843
612.0000000000709 94.64073693025578
612.500000000071 95.13743103354287
612.6000000000711 95.23676985420029
612.7000000000711 95.33610867485771
612.8000000000711 95.43544749551512
612.9000000000711 95.53478631617254
613.1000000000712 95.62463605537627
613.6000000000713 95.57719064849512
613.8000000000713 95.55821248574266
615.1000000000716 95.1046146270485
615.2000000000717 95.10787649877159
615.4000000000717 95.11440024221774
615.7000000000718 95.12418585738696
616.4000000000719 95.16876477093963
617.0000000000721 95.2209547184896
617.5000000000722 95.13051191162238
617.8000000000723 95.07624622750207
617.9000000000723 95.05815766612862
618.0000000000723 95.04006910482437
619.0000000000725 95.81599919641138
619.1000000000726 95.7347489371274
619.2000000000726 95.65349867784342
619.4000000000726 95.49099815927548
619.8000000000727 95.16599712213957
620.0000000000728 95.00349660360368
621.000000000073 94.63184091645294
621.5000000000731 95.02820775310593
621.7000000000731 95.18675448776713
621.9000000000732 95.34530122242832
622.0000000000732 95.42457458969929
624.0000000000737 95.3662562770963
624.2000000000737 95.42101618420496
625.0000000000739 95.64005581256916
625.1000000000739 95.57205072937282
625.400000000074 95.36803547978387
625.500000000074 95.30003039658754
627.0000000000744 94.20186691666996
627.5000000000745 95.11123721522542
627.6000000000745 95.29311127493652
628.0000000000746 96.02060751353106
628.4000000000747 95.4081663863735
628.7000000000747 94.94883554100531
628.8000000000748 94.79572525921591
628.9000000000748 94.64261497742652
629.0000000000748 94.48950469581156
630.000000000075 95.29014593685005
630.100000000075 95.26227176030739
630.4000000000751 95.17864923067934
631.0000000000753 95.01140417146604
631.6000000000754 95.18517297416827
632.0000000000755 95.30101884261111
632.9000000000757 95.26009717917613
633.4000000000758 94.96969175117374
633.8000000000759 94.68383317471478
633.9000000000759 94.61236853060004
634.0000000000759 94.54090388657778
635.0000000000762 95.04402288868174
635.2000000000762 95.06161722706683
635.7000000000763 95.10560307302957
636.2000000000764 95.0193117392147
636.5000000000765 94.85028747720058
636.9000000000766 94.6249217945151
637.8000000000768 94.72831324373541
639.3000000000771 94.66554692420382
640.1000000000773 94.66851226210746
640.2000000000774 94.6389577274044
640.7000000000775 94.49118505388914
641.0000000000775 94.40252144984467
641.6000000000777 94.72574328422255
641.8000000000777 94.83348389568181
641.9000000000777 94.88735420141145
642.0000000000778 94.94122450709507
643.200000000078 94.88369695125421
644.1000000000782 94.88389464046432
644.3000000000783 94.9175018036718
644.9000000000784 95.01832329329426
645.5000000000786 95.21107025876336
645.7000000000786 95.28144761230375
646.0000000000787 95.38701364263696
647.0000000000789 96.02653818945977
647.1000000000789 95.96871409982336
647.500000000079 95.73741774127772
647.7000000000791 95.62176956200491
648.1000000000791 95.36793663517291
649.0000000000794 94.64469071412603
650.4000000000797 95.27670307162862
650.7000000000797 95.42971450882033
651.2000000000799 95.60466944666265
651.70000000008 95.65952819836897
651.90000000008 95.68147169905153
652.00000000008 95.69244344930364
653.0000000000803 94.68818233709882
653.1000000000803 94.72851093294781
653.4000000000804 94.84949672049476
653.8000000000804 95.01081110389067
655.0000000000807 95.50760405167122
655.4000000000808 95.15255425684391
655.6000000000809 94.97502935943028
656.000000000081 94.61997956469601
657.4000000000813 95.0155556445735
657.8000000000814 95.14919354062208
658.0000000000814 95.21601248858933
660.1000000000819 94.44166391045444
661.0000000000821 94.1623290775144
661.2000000000821 94.27758187839655
661.5000000000822 94.45046107971974
661.7000000000822 94.5657138806019
661.8000000000823 94.62334028104296
662.0000000000823 94.73859308186806
664.1000000000828 94.4440361808067
664.7000000000829 94.31949198774369
664.900000000083 94.27797725672268
665.000000000083 94.25721989124236
667.0000000000834 94.59032618532956
667.1000000000835 94.53695010258826
667.3000000000835 94.43019793710565
667.5000000000836 94.32344577162306
667.8000000000836 94.16331752339916
667.9000000000837 94.10994144065786
668.1000000000837 94.08374762234295
669.500000000084 94.38621209119722
670.3000000000842 94.51609389254486
670.5000000000842 94.56413236701202
671.1000000000844 94.6382658152048
671.3000000000844 94.54634033937256
671.7000000000845 94.3624893877081
672.6000000000847 94.14868852297805
673.0000000000848 94.09808008895297
673.900000000085 93.78760920767442
675.0000000000853 94.00121238320814
675.1000000000853 93.93271307702348
676.0000000000855 93.31621932131974
676.2000000000855 93.08156224645336
676.5000000000856 92.72957663415379
676.8000000000857 92.37759102185422
678.300000000086 90.19164274438492
679.1000000000862 89.09664229141528
680.0000000000864 87.941050100008
681.0000000000866 85.98392706613424
682.0000000000869 83.72532800931859
683.1000000000871 80.26962203021746
684.0000000000873 77.51096815384724
684.9000000000875 74.50411549275405
686.0000000000878 70.18559502049612
686.7000000000879 67.07890931575717
687.8000000000882 62.30451755915747
688.4000000000883 59.63571342207341
688.5000000000883 59.18369707693275
689.0000000000884 56.92361535118674
689.5000000000886 54.42235280717087
689.7000000000886 53.4218477895645
689.9000000000887 52.42134277195816
691.1000000000889 46.93655489190881
691.300000000089 45.958388753375665
692.2000000000892 41.64836891665431
692.3000000000892 41.20514974070619
692.7000000000893 39.43227303691371
692.9000000000893 38.54583468501746
694.3000000000897 31.570964495055026
695.1000000000898 27.674905833354302
695.60000000009 25.35403468008448
696.1000000000901 23.082981204084728
696.3000000000901 22.25426809722722
696.9000000000902 19.768128776654713
697.0000000000903 19.353772223154227
698.0000000000905 14.415496123747173
698.1000000000905 14.076162619949248
698.5000000000906 12.718828604757546
699.7000000000909 8.757532508586143
700.000000000091 7.7869774041128075
701.0000000000912 4.9837446143345305
701.5000000000913 4.221652766305983
703.0000000000916 1.8236828269173482
703.1000000000917 1.7400602972893124
704.0000000000919 0.9874575306816673
704.400000000092 0.8474935803822606
704.9000000000921 0.6725386425080023
705.5000000000922 0.5312897124515498
707.2000000000926 0.29238231987841856
707.4000000000926 0.23485476403501837
707.9000000000927 0.09103587442651788
709.5000000000931 0.09637348272391849
