lsstCam/transmission_filter_detector/r31_s00/z_20/19700101T000000.ecsv
# %ECSV 1.0
# ---
# datatype:
# - {name: wavelength, unit: nm, datatype: float32}
# - {name: efficiency, unit: '%', datatype: float64}
# meta: !!omap
# - {MODE: DETECTOR}
# - {TYPE: transmission_filter_detector}
# - {CALIBDATE: '1970-01-01T00:00:00'}
# - {INSTRUME: LSSTCam}
# - {OBSTYPE: transmission_filter_detector}
# - {CALIBCLS: lsst.ip.isr.IntermediateFilterDetectorTransmissionCurve}
# - {SOURCE: Materion (DM-46256)}
# - {DETECTOR: 126}
# - {FILTER: z_20}
# - {CALIB_ID: 'calibDate=1970-01-01T00:00:00 filter=z_20 detector=126'}
# - {DATE: '2025-04-02T15:59:49.223102'}
# - {CALIB_CREATION_DATE: '2025-04-02'}
# - {CALIB_CREATION_TIME: '15:59:49'}
# - __serialized_columns__:
#     efficiency:
#       __class__: astropy.units.quantity.Quantity
#       unit: !astropy.units.Unit {unit: '%'}
#       value: !astropy.table.SerializedColumn {name: efficiency}
#     wavelength:
#       __class__: astropy.units.quantity.Quantity
#       unit: !astropy.units.Unit {unit: nm}
#       value: !astropy.table.SerializedColumn {name: wavelength}
# schema: astropy-2.0
wavelength efficiency
300.0 0.3142994362860918
301.0 0.3028181381523609
302.0 0.29133681673556566
303.0 0.24510275106877089
304.0 0.19886863883584738
305.0 0.1789506059139967
306.0 0.15903253806754947
307.0 0.14548281906172633
308.0 0.1319331000559032
309.0 0.1271775458008051
310.0 0.1224219799041748
311.0 0.11453949846327305
312.0 0.10665701702237129
313.0 0.10558465728536248
314.0 0.1045122742652893
315.0 0.0950006302446127
316.0 0.08548898040316999
317.0 0.0772567349486053
318.0 0.06902448367327452
319.0 0.06601117202080786
320.0 0.0629978661891073
321.0 0.057481013936921954
322.0 0.0519641675055027
323.0 0.05238372250460088
324.0 0.052803283324465156
325.0 0.04853846039623022
326.0 0.04427364037837833
327.0 0.04111471935175359
328.0 0.03795579541474581
329.0 0.03689089498948306
330.0 0.035825997474603355
331.0 0.03463260654825717
332.0 0.033439212711527944
333.0 0.030559298465959728
334.0 0.027679381310008466
335.0 0.027262559160590172
336.0 0.02684573410078883
337.0 0.022437350708059967
338.0 0.018028964404948056
339.0 0.019615782366599888
340.0 0.021202603238634765
341.0 0.019261398119851947
342.0 0.01732019300106913
343.0 0.016329126083292067
344.0 0.01533805625513196
345.0 0.014232081593945622
346.0 0.01312610402237624
347.0 0.013895041774958372
348.0 0.014663978072348982
349.0 0.01419644831912592
350.0 0.013728915655519813
351.0 0.013213430065661669
352.0 0.012697944475803524
353.0 0.013960902288090438
354.0 0.015223860100377351
355.0 0.013389444211497903
356.0 0.011555023957043886
357.0 0.010915144230239093
358.0 0.0102752645034343
359.0 0.010401529289083555
360.0 0.01052779407473281
361.0 0.010118250793311745
362.0 0.009708710422273725
363.0 0.008678424637764692
364.0 0.007648141036042944
365.0 0.007593876216560602
366.0 0.007539611397078261
367.0 0.00797197426436469
368.0 0.008404338586842641
369.0 0.008819189679343253
370.0 0.009234040771843866
371.0 0.008510112820658833
372.0 0.007786184141878039
373.0 0.007310780347324908
374.0 0.006835377280367538
375.0 0.0061610189732164145
376.0 0.005486660666065291
377.0 0.005446400246000849
378.0 0.0054061401897342876
379.0 0.005194691038923338
380.0 0.004983242251910269
381.0 0.005470671021612361
382.0 0.005958099427516572
383.0 0.005347751721274108
384.0 0.004737404015031643
385.0 0.004324701149016619
386.0 0.003911998283001594
387.0 0.004352593532530591
388.0 0.0047931887820595875
389.0 0.004616815931512974
390.0 0.004440443080966361
391.0 0.003897946953657083
392.0 0.0033554508263478056
393.0 0.003784186628763564
394.0 0.004212922431179322
395.0 0.00398809315811377
396.0 0.0037632642488460988
397.0 0.0039049853512551636
398.0 0.004046706089866348
399.0 0.00409742169722449
400.0 0.004148137668380514
401.0 0.004028980765724555
402.0 0.003909824226866476
403.0 0.003913270847988315
404.0 0.003916717105312273
405.0 0.003945134812965989
406.0 0.003973552884417586
407.0 0.003835660027107224
408.0 0.003697767897392623
409.0 0.0029806098609697074
410.0 0.002263452006445732
411.0 0.002843705442501232
412.0 0.0034239590604556724
413.0 0.0034138454793719575
414.0 0.0034037318982882425
415.0 0.004037987309857272
416.0 0.004672243085224181
417.0 0.0036258741602068767
418.0 0.0025795059627853334
419.0 0.002887709160859231
420.0 0.0031959123589331284
421.0 0.0036025616282131523
422.0 0.0040092105336952955
423.0 0.00408332962251734
424.0 0.004157448347541504
425.0 0.0033339430956402794
426.0 0.0025104376618401147
427.0 0.002994475835293997
428.0 0.003478513826848939
429.0 0.002964111445180606
430.0 0.002449709427310154
431.0 0.0015881967556197196
432.0 0.0007266840839292854
433.0 0.001641484777792357
434.0 0.0025562851078575477
435.0 0.002785214201139752
436.0 0.003014142748725135
437.0 0.0027632071578409523
438.0 0.0025122713850578293
439.0 0.002415193011984229
440.0 0.002318114820809569
441.0 0.002451253021718003
442.0 0.002584391404525377
443.0 0.0024837132514221594
444.0 0.002383035098318942
445.0 0.0025473271307419054
446.0 0.0027116193450638093
447.0 0.0028629177904804237
448.0 0.003014216599694919
449.0 0.002335830322408583
450.0 0.0016574442270211875
451.0 0.0020245784980943426
452.0 0.0023917125872685574
453.0 0.0021144731363165192
454.0 0.0018372335034655407
455.0 0.001924477874126751
456.0 0.0020117224266869016
457.0 0.001692656587692909
458.0 0.0013735907486989163
459.0 0.0017355563613818958
460.0 0.002097521792165935
461.0 0.001644524854782503
462.0 0.0011915280083485413
463.0 0.0013904896150052082
464.0 0.0015894514945102856
465.0 0.0013211470104579348
466.0 0.0010528427992539946
467.0 0.001128828171204077
468.0 0.0012048135431541596
469.0 0.0010879737601499073
470.0 0.0009711339771456551
471.0 0.0012019439054711256
472.0 0.0014327538337965962
473.0 0.0013168597433832474
474.0 0.0012009657439193688
475.0 0.0013957590454083402
476.0 0.0015905523468973115
477.0 0.0014983434084570035
478.0 0.0014061345609661657
479.0 0.0017933301933226176
480.0 0.0021805262804264203
481.0 0.0015769535821164027
482.0 0.0009733808838063851
483.0 0.001067257016984513
484.0 0.0011611332411121111
485.0 0.0013832542208547238
486.0 0.0016053752915468067
487.0 0.0016175146811292507
488.0 0.0016296540707116947
489.0 0.0020441111701074988
490.0 0.002458568269503303
491.0 0.0019865417925757356
492.0 0.0015145153156481683
493.0 0.001681449793977663
494.0 0.0018483848180039786
495.0 0.0016936430256464519
496.0 0.0015389010513899848
497.0 0.001644104122533463
498.0 0.001749307193676941
499.0 0.0015480803995160386
500.0 0.001346853514405666
501.0 0.0011069843822042458
502.0 0.0008671153409522958
503.0 0.0009238847269443795
504.0 0.0009806542948354036
505.0 0.0015877958503551781
506.0 0.0021949374058749527
507.0 0.0015307890862459317
508.0 0.0008666408575663809
509.0 0.0010413073141535278
510.0 0.001215973861690145
511.0 0.0012684613466262817
512.0 0.001320948558714008
513.0 0.0012515401976997964
514.0 0.0011821320185845252
515.0 0.0010693071999412496
516.0 0.0009564821084495634
517.0 0.0010813945664267521
518.0 0.0012063070244039409
519.0 0.0012506955499702599
520.0 0.001295084075536579
521.0 0.0012663144843827467
522.0 0.0012375448022794444
523.0 0.001217398494191002
524.0 0.0011972523680015001
525.0 0.001160745887318626
526.0 0.001124239406635752
527.0 0.001211064045492094
528.0 0.0012978887752979062
529.0 0.001523722858109977
530.0 0.0017495571228209883
531.0 0.0016823796613607556
532.0 0.0016152021999005228
533.0 0.0014390130672836676
534.0 0.001262823752767872
535.0 0.0012484669241530355
536.0 0.0012341101864876691
537.0 0.0014215737792255823
538.0 0.0016090374629129656
539.0 0.0014429005204874557
540.0 0.0012767633961630054
541.0 0.0012091881217202172
542.0 0.0011416127563279588
543.0 0.000982980964181479
544.0 0.0008243492629844695
545.0 0.001071257338480791
546.0 0.001318165141128702
547.0 0.0016083735317806713
548.0 0.0018985818314831704
549.0 0.0018952890968648717
550.0 0.0018919959984486923
551.0 0.0018243921658722684
552.0 0.0017567885151947848
553.0 0.0020689660232164897
554.0 0.002381143167440314
555.0 0.0018027623809757642
556.0 0.0012243814126122743
557.0 0.0011556876415852457
558.0 0.0010869941434066277
559.0 0.0010697299330786336
560.0 0.0010524658137001097
561.0 0.0011123369404231198
562.0 0.0011722079761966597
563.0 0.0013137680980435107
564.0 0.0014553282198903617
565.0 0.0016356339983758517
566.0 0.0018159400497097522
567.0 0.0020130468328716233
568.0 0.002210153434134554
569.0 0.002468589082127437
570.0 0.0027270245482213795
571.0 0.002561221845098771
572.0 0.0023954189600772224
573.0 0.00198690304387128
574.0 0.0015783869457663968
575.0 0.0017416845366824418
576.0 0.0019049821275984868
577.0 0.001986021925404202
578.0 0.002067061541310977
579.0 0.0020398882043082267
580.0 0.0020127148673054762
581.0 0.0020499339370871894
582.0 0.0020871530068689026
583.0 0.0019399418306420557
584.0 0.0017927306544152088
585.0 0.002037128979281988
586.0 0.0022815274860477075
587.0 0.0018738901417236775
588.0 0.0014662527973996475
589.0 0.0014311089216789696
590.0 0.001395965136907762
591.0 0.00165373658091994
592.0 0.0019115081158815883
593.0 0.0013122981727065053
594.0 0.0007130883659556275
595.0 0.0009180258530250285
596.0 0.0011229632946196944
597.0 0.0009720036359794904
598.0 0.0008210439773392864
599.0 0.0010301594556949567
600.0 0.001239274934050627
601.0 0.0011126753634016495
602.0 0.000986075792752672
603.0 0.0012950361451657955
604.0 0.0016039966794778593
605.0 0.0013710257917409763
606.0 0.0011380550859030336
607.0 0.0010131660928891506
608.0 0.0008882773727236781
609.0 0.0010069004929391667
610.0 0.0011255237950535957
611.0 0.0012463194252632093
612.0 0.0013671148735738825
613.0 0.001348857858829433
614.0 0.0013306012078828644
615.0 0.001369516940030735
616.0 0.001408432399330195
617.0 0.0014468653716903646
618.0 0.001485298253101064
619.0 0.0015907637134660035
620.0 0.0016962289009825327
621.0 0.001855827031249646
622.0 0.002015424797718879
623.0 0.001378202341584256
624.0 0.0007409796126012225
625.0 0.0010524065146455541
626.0 0.001363833507639356
627.0 0.0016512070942553692
628.0 0.0019385808627703227
629.0 0.0019174185581505299
630.0 0.0018962560716317967
631.0 0.0023034979676594958
632.0 0.002710739863687195
633.0 0.0029280859962454997
634.0 0.003145431765005924
635.0 0.005687782686436549
636.0 0.008230133971665055
637.0 0.014894884952809662
638.0 0.021559638844337314
639.0 0.019868055824190378
640.0 0.018176478624809533
641.0 0.01577693474246189
642.0 0.01337739231530577
643.0 0.009648879495216534
644.0 0.00592036776652094
645.0 0.006408532499335706
646.0 0.006896697595948353
647.0 0.0066372143919579685
648.0 0.006377731915563345
649.0 0.005039075767854229
650.0 0.003700419983942993
651.0 0.0038275247788988054
652.0 0.003954629573854618
653.0 0.003277936775702983
654.0 0.002601243795652408
655.0 0.0024045322788879275
656.0 0.002207820762123447
657.0 0.0026129268007935025
658.0 0.003018032839463558
659.0 0.002248954479000531
660.0 0.0014798762094869744
661.0 0.0019141825760016218
662.0 0.0023484886696678586
663.0 0.0021148527594050393
664.0 0.0018812168491422199
665.0 0.0018356740838498808
666.0 0.0017901311366586015
667.0 0.0018220342099084519
668.0 0.0018539369193604216
669.0 0.001584245364938397
670.0 0.001314553628617432
671.0 0.0014755509255337529
672.0 0.0016365482224500738
673.0 0.0014055641258892138
674.0 0.0011745799383788835
675.0 0.0011019077646778896
676.0 0.001029235681926366
677.0 0.0013413410670182202
678.0 0.0016534466340090148
679.0 0.001633055398997385
680.0 0.001612664527783636
681.0 0.002129827771568671
682.0 0.0026469913791515864
683.0 0.0027332158424542286
684.0 0.00281943994195899
685.0 0.0024287583073601127
686.0 0.002038076490862295
687.0 0.0017419650248484686
688.0 0.0014458532859862316
689.0 0.002097923425026238
690.0 0.0027499936550157145
691.0 0.002356288860028144
692.0 0.0019625840650405735
693.0 0.0022506994355353527
694.0 0.0025388151698280126
695.0 0.0030166971555445343
696.0 0.003494579141261056
697.0 0.003756227670237422
698.0 0.004017876199213788
699.0 0.005400499867391773
700.0 0.0067831206251867115
701.0 0.006917680002516136
702.0 0.007052237924654037
703.0 0.006437768752221018
704.0 0.005823301034979522
705.0 0.004822799019166268
706.0 0.0038222970033530146
707.0 0.0033346848795190454
708.0 0.002847073119482957
709.0 0.0036067001929041
710.0 0.004366327266325243
711.0 0.004262868242221884
712.0 0.004159409218118526
713.0 0.0031681185646448284
714.0 0.002176827911171131
715.0 0.0022499494662042707
716.0 0.0023230708393384703
717.0 0.001841595076257363
718.0 0.0013601194041257259
719.0 0.0015889709175098687
720.0 0.0018178225218434818
721.0 0.0016705707821529359
722.0 0.0015233187696139794
723.0 0.0019847251678584144
724.0 0.00244613183895126
725.0 0.001524886829429306
726.0 0.0006036420018062927
727.0 0.0008893392987374682
728.0 0.0011750365956686437
729.0 0.0011353242371114902
730.0 0.0010956116057059262
731.0 0.0009623142432246823
732.0 0.000829016698844498
733.0 0.0011264373824815266
734.0 0.0014238581570680253
735.0 0.001618116584722884
736.0 0.0018123750123777427
737.0 0.0016567317288718186
738.0 0.0015010882634669542
739.0 0.0016154519471456297
740.0 0.0017298156308243051
741.0 0.001571942812006455
742.0 0.001414070175087545
743.0 0.0015754767446196638
744.0 0.001736883496050723
745.0 0.001952637467184104
746.0 0.002168391802115366
747.0 0.0022308491679723375
748.0 0.0022933068976271898
749.0 0.0028216687496751547
750.0 0.0033500306017231196
751.0 0.002961577229143586
752.0 0.0025731238565640524
753.0 0.002624176886456553
754.0 0.002675229734450113
755.0 0.001932472878252156
756.0 0.0011897160220541991
757.0 0.0018781223843689077
758.0 0.002566528746683616
759.0 0.002729185507632792
760.0 0.002891841904784087
761.0 0.004717227420769632
762.0 0.006542613118654117
763.0 0.006337898230412975
764.0 0.006133184069767594
765.0 0.005144935130374506
766.0 0.004156687646172941
767.0 0.003980154724558815
768.0 0.0038036221667425707
769.0 0.004698033808381297
770.0 0.005592445086222142
771.0 0.005241165854386054
772.0 0.004889886258752085
773.0 0.0044845390220871195
774.0 0.004079191421624273
775.0 0.026773373247124255
776.0 0.09323512203991413
777.0 1.6030265222871654e-10
778.0 0.019230124598834664
779.0 0.048955733655020595
780.0 0.029834886663593352
781.0 1.6030265222871654e-10
782.0 1.6030265222871654e-10
783.0 0.01048970443662256
784.0 1.6030265222871654e-10
785.0 0.03789856855291873
786.0 1.6030265222871654e-10
787.0 0.05889774765819311
788.0 0.018883518350776285
789.0 0.1471039722673595
790.0 1.6030265222871654e-10
791.0 0.023149294429458678
792.0 1.6030265222871654e-10
793.0 1.6030265222871654e-10
794.0 0.05224466440267861
795.0 0.056862737983465195
796.0 0.21078509744256735
797.0 0.07228910690173507
798.0 0.15154279535636306
799.0 0.14588997000828385
800.0 0.044796193833462894
801.0 0.29086368158459663
802.0 0.6028334610164165
803.0 1.0035531595349312
804.0 1.5977520495653152
805.0 2.5708362460136414
806.0 3.589550405740738
807.0 5.425365641713142
808.0 7.411002367734909
809.0 9.938910603523254
810.0 12.953400611877441
811.0 15.981170535087585
812.0 19.197095930576324
813.0 22.0038965344429
814.0 24.748773872852325
815.0 28.458678722381592
816.0 33.10966491699219
817.0 38.73496949672699
818.0 44.32215392589569
819.0 50.20018219947815
820.0 57.574260234832764
821.0 64.83957767486572
822.0 71.43551111221313
823.0 77.28167772293091
824.0 82.94872045516968
825.0 87.57268190383911
826.0 91.50761365890503
827.0 94.14845705032349
828.0 97.25423455238342
829.0 98.57456684112549
830.0 98.4399139881134
831.0 99.12150502204895
832.0 98.6869215965271
833.0 99.64891076087952
834.0 98.5875129699707
835.0 99.2402732372284
836.0 98.94155859947205
837.0 99.09405708312988
838.0 98.3817994594574
839.0 98.68696928024292
840.0 98.62071871757507
841.0 99.67167377471924
842.0 99.78871941566467
843.0 100.11049509048462
844.0 98.5953688621521
845.0 98.86640310287476
846.0 98.94509315490723
847.0 98.82305860519409
848.0 99.56414103507996
849.0 98.74183535575867
850.0 98.17759394645691
851.0 99.3157148361206
852.0 99.2024838924408
853.0 98.72043132781982
854.0 99.85623359680176
855.0 98.4476625919342
856.0 99.24461841583252
857.0 98.05644750595093
858.0 98.68794679641724
859.0 99.38255548477173
860.0 98.90848994255066
861.0 99.01626706123352
862.0 98.7543523311615
863.0 98.38767051696777
864.0 99.56897497177124
865.0 99.70158338546753
866.0 98.55659604072571
867.0 99.38965439796448
868.0 99.42446947097778
869.0 98.80409836769104
870.0 97.93670177459717
871.0 98.87983202934265
872.0 99.32504892349243
873.0 99.06587600708008
874.0 99.58580136299133
875.0 98.99879097938538
876.0 99.11319613456726
877.0 99.53404068946838
878.0 99.17775988578796
879.0 98.86963963508606
880.0 98.72622489929199
881.0 99.94122385978699
882.0 98.86739253997803
883.0 99.00736212730408
884.0 99.38635230064392
885.0 99.12790060043335
886.0 98.9534318447113
887.0 98.9833116531372
888.0 98.85987639427185
889.0 99.57902431488037
890.0 98.2625424861908
891.0 99.34960603713989
892.0 98.77340197563171
893.0 98.7559974193573
894.0 98.35315942764282
895.0 99.44431185722351
