lsstCam/transmission_filter_detector/r31_s00/z_20/19700101T000000.ecsv
# %ECSV 1.0
# ---
# datatype:
# - {name: wavelength, unit: nm, datatype: float32}
# - {name: efficiency, unit: '%', datatype: float64}
# meta: !!omap
# - {MODE: DETECTOR}
# - {TYPE: transmission_filter_detector}
# - {CALIBDATE: '1970-01-01T00:00:00'}
# - {INSTRUME: LSSTCam}
# - {OBSTYPE: transmission_filter_detector}
# - {CALIBCLS: lsst.ip.isr.IntermediateFilterDetectorTransmissionCurve}
# - {SOURCE: Materion (DM-46256)}
# - {DETECTOR: 126}
# - {FILTER: z_20}
# - {CALIB_ID: 'calibDate=1970-01-01T00:00:00 filter=z_20 detector=126'}
# - {DATE: '2025-04-02T15:59:49.223102'}
# - {CALIB_CREATION_DATE: '2025-04-02'}
# - {CALIB_CREATION_TIME: '15:59:49'}
# - __serialized_columns__:
#     efficiency:
#       __class__: astropy.units.quantity.Quantity
#       unit: !astropy.units.Unit {unit: '%'}
#       value: !astropy.table.SerializedColumn {name: efficiency}
#     wavelength:
#       __class__: astropy.units.quantity.Quantity
#       unit: !astropy.units.Unit {unit: nm}
#       value: !astropy.table.SerializedColumn {name: wavelength}
# schema: astropy-2.0
wavelength efficiency
[from data line 597]
897.0 99.64384436607361
898.0 98.7052857875824
899.0 98.75687956809998
900.0 98.80359768867493
901.0 99.49988722801208
902.0 98.9128828048706
903.0 98.88759851455688
904.0 97.95741438865662
905.0 98.76459836959839
906.0 98.16343784332275
907.0 98.80572557449341
908.0 98.39978218078613
909.0 98.51331114768982
910.0 98.07888269424438
911.0 97.13897705078125
912.0 96.23169898986816
913.0 95.09367942810059
914.0 92.93844103813171
915.0 90.75433611869812
916.0 88.47050666809082
917.0 86.94024085998535
918.0 83.7194561958313
919.0 82.4381411075592
920.0 79.77497577667236
921.0 76.10136270523071
922.0 71.94377779960632
923.0 66.41352772712708
924.0 60.7646107673645
925.0 55.36479949951172
926.0 49.16393756866455
927.0 42.403656244277954
928.0 36.482229828834534
929.0 30.41439652442932
930.0 24.724256992340088
931.0 19.52054798603058
932.0 13.964849710464478
933.0 9.618464857339859
934.0 6.236591562628746
935.0 3.8427606225013733
936.0 2.169197238981724
937.0 1.3610498048365116
938.0 0.7802408654242754
939.0 0.6287857424467802
940.0 0.34056503791362047
941.0 0.27354294434189796
942.0 0.0663755286950618
943.0 0.19725083839148283
944.0 1.6030265222871654e-10
945.0 0.055331591283902526
946.0 1.6030265222871654e-10
947.0 0.042562116868793964
948.0 1.6030265222871654e-10
949.0 0.051024823915213346
950.0 0.0022801819795859046
951.0 0.05594582762569189
952.0 1.6030265222871654e-10
953.0 1.6030265222871654e-10
954.0 1.6030265222871654e-10
955.0 0.0032615316740702838
956.0 0.008525423618266359
957.0 1.6030265222871654e-10
958.0 1.6030265222871654e-10
959.0 0.06137132877483964
960.0 0.07256168755702674
961.0 1.6030265222871654e-10
962.0 1.6030265222871654e-10
963.0 0.08023363770917058
964.0 1.6030265222871654e-10
965.0 1.6030265222871654e-10
966.0 1.6030265222871654e-10
967.0 0.003929771628463641
968.0 0.05532909417524934
969.0 1.6030265222871654e-10
970.0 1.6030265222871654e-10
971.0 1.6030265222871654e-10
972.0 1.6030265222871654e-10
973.0 1.6030265222871654e-10
974.0 0.007391062536044046
975.0 1.6030265222871654e-10
976.0 0.006499888695543632
977.0 0.006429570203181356
978.0 0.006359250983223319
979.0 0.0061361097323242575
980.0 0.005912968845223077
981.0 0.005742609573644586
982.0 0.005572249574470334
983.0 0.005515981683856808
984.0 0.005459713429445401
985.0 0.005302717909216881
986.0 0.005145722388988361
987.0 0.0051243223424535245
988.0 0.005102922295918688
989.0 0.004985907798982225
990.0 0.004868893665843643
991.0 0.004831598198506981
992.0 0.004794302731170319
993.0 0.004743031968246214
994.0 0.004691761205322109
995.0 0.004617151716956869
996.0 0.004542541500995867
997.0 0.004515196633292362
998.0 0.0044878514017909765
999.0 0.004466821701498702
1000.0 0.004445791273610666
1001.0 0.004401172191137448
1002.0 0.004356552744866349
1003.0 0.004323550456319936
1004.0 0.004290547803975642
1005.0 0.004350341623649001
1006.0 0.0044101354433223605
1007.0 0.004411951886140741
1008.0 0.004413767965161242
1009.0 0.00430585969297681
1010.0 0.004197951056994498
1011.0 0.00424672216468025
1012.0 0.004295493272366002
1013.0 0.00431984881288372
1014.0 0.004344204353401437
1015.0 0.004335601988714188
1016.0 0.004326999624026939
1017.0 0.004403238199301995
1018.0 0.004479477138374932
1019.0 0.004478307528188452
1020.0 0.004477137918001972
1021.0 0.00451668856840115
1022.0 0.004556239582598209
1023.0 0.004489099228521809
1024.0 0.00442195960204117
1025.0 0.004422056008479558
1026.0 0.004422152414917946
1027.0 0.004429055479704402
1028.0 0.004435958544490859
1029.0 0.004453188012121245
1030.0 0.004470417479751632
1031.0 0.0045611905079567805
1032.0 0.004651963536161929
1033.0 0.004748658102471381
1034.0 0.004845353032578714
1035.0 0.004974403418600559
1036.0 0.005103453804622404
1037.0 0.0053332314564613625
1038.0 0.0055630094720982015
1039.0 0.005487707312568091
1040.0 0.005412405516835861
1041.0 0.005381360460887663
1042.0 0.0053503150411415845
1043.0 0.005647959551424719
1044.0 0.005945603334112093
1045.0 0.006108591333031654
1046.0 0.006271579331951216
1047.0 0.006242936797207221
1048.0 0.0062142935348674655
1049.0 0.0062758954300079495
1050.0 0.0063374973251484334
1051.0 0.006611841672565788
1052.0 0.006886185292387381
1053.0 0.007304827158804983
1054.0 0.007723467570031062
1055.0 0.007399778405670077
1056.0 0.00707608851371333
1057.0 0.007323370664380491
1058.0 0.00757065208745189
1059.0 0.007766236376482993
1060.0 0.00796182212070562
1061.0 0.008263258496299386
1062.0 0.008564696327084675
1063.0 0.009005462925415486
1064.0 0.009446232434129342
1065.0 0.009682377276476473
1066.0 0.00991852066363208
1067.0 0.009908905485644937
1068.0 0.00989928885246627
1069.0 0.010091112199006602
1070.0 0.010282934090355411
1071.0 0.010481919161975384
1072.0 0.01068090641638264
1073.0 0.011166883632540703
1074.0 0.011652859393507242
1075.0 0.011350838758517057
1076.0 0.011048816668335348
1077.0 0.01198934405692853
1078.0 0.012929871445521712
1079.0 0.012936339771840721
1080.0 0.012942805187776685
1081.0 0.01355959102511406
1082.0 0.014176375407259911
1083.0 0.014776637544855475
1084.0 0.015376901137642562
1085.0 0.01501384103903547
1086.0 0.014650782395619899
1087.0 0.015173378051258624
1088.0 0.01569597516208887
1089.0 0.01604125864105299
1090.0 0.016386543575208634
1091.0 0.016790231165941805
1092.0 0.01719392166705802
1093.0 0.017835608741734177
1094.0 0.01847729436121881
1095.0 0.01878305192803964
1096.0 0.019088805129285902
1097.0 0.01980422530323267
1098.0 0.020519645477179438
1099.0 0.02097274555126205
1100.0 0.021425845625344664
1101.0 0.02215361746493727
1102.0 0.022881389304529876
1103.0 0.024159123131539673
1104.0 0.025436855503357947
1105.0 0.02626090426929295
1106.0 0.02708495012484491
1107.0 0.0273968034889549
1108.0 0.027708656853064895
1109.0 0.029088385053910315
1110.0 0.030468113254755735
1111.0 0.03005411708727479
1112.0 0.029640126740559936
1113.0 0.030955279362387955
1114.0 0.03227042907383293
1115.0 0.032537998049519956
1116.0 0.03280556120444089
1117.0 0.033044200972653925
1118.0 0.03328283492010087
1119.0 0.03569716354832053
1120.0 0.03811148926615715
1121.0 0.03894364053849131
1122.0 0.03977578890044242
1123.0 0.04115485935471952
1124.0 0.04253393271937966
1125.0 0.04472978471312672
1126.0 0.046925636706873775
1127.0 0.04707429034169763
1128.0 0.04722294397652149
1129.0 0.049031246453523636
1130.0 0.05083954893052578
1131.0 0.05669769016094506
1132.0 0.06255583139136434
1133.0 0.06215327302925289
1134.0 0.06175071466714144
1135.0 0.06645088433288038
1136.0 0.07115105399861932
1137.0 0.07743215537630022
1138.0 0.0837132625747472
1139.0 0.08480155956931412
1140.0 0.08588986238464713
1141.0 0.09996248409152031
1142.0 0.11403508251532912
1143.0 0.14611103106290102
1144.0 0.17818700289353728
1145.0 0.3791240742430091
1146.0 0.5800611339509487
1147.0 1.09624732285738
1148.0 1.6124336048960686
1149.0 1.6735082492232323
1150.0 1.7345830798149109
