lsstCam/transmission_filter_detector/r21_s22/u_24/19700101T000000.ecsv
# %ECSV 1.0
# ---
# datatype:
# - {name: wavelength, unit: nm, datatype: float32}
# - {name: efficiency, unit: '%', datatype: float64}
# meta: !!omap
# - {MODE: DETECTOR}
# - {TYPE: transmission_filter_detector}
# - {CALIBDATE: '1970-01-01T00:00:00'}
# - {INSTRUME: LSSTCam}
# - {OBSTYPE: transmission_filter_detector}
# - {CALIBCLS: lsst.ip.isr.IntermediateFilterDetectorTransmissionCurve}
# - {SOURCE: Materion (DM-46256)}
# - {DETECTOR: 89}
# - {FILTER: u_24}
# - {CALIB_ID: 'calibDate=1970-01-01T00:00:00 filter=u_24 detector=89'}
# - {DATE: '2025-04-02T15:59:40.161147'}
# - {CALIB_CREATION_DATE: '2025-04-02'}
# - {CALIB_CREATION_TIME: '15:59:40'}
# - __serialized_columns__:
#     efficiency:
#       __class__: astropy.units.quantity.Quantity
#       unit: !astropy.units.Unit {unit: '%'}
#       value: !astropy.table.SerializedColumn {name: efficiency}
#     wavelength:
#       __class__: astropy.units.quantity.Quantity
#       unit: !astropy.units.Unit {unit: nm}
#       value: !astropy.table.SerializedColumn {name: wavelength}
# schema: astropy-2.0
wavelength efficiency
295.0 1.5787811596251755e-10
296.0 1.5787811596251755e-10
297.0 1.5787811596251755e-10
298.0 1.5787811596251755e-10
299.0 1.5787811596251755e-10
300.0 1.5787811596251755e-10
301.0 1.5787811596251755e-10
302.0 1.5787811596251755e-10
303.0 1.5787811596251755e-10
304.0 0.2304034773260355
305.0 0.6791184656322002
306.0 1.3466229662299156
307.0 2.384215220808983
308.0 4.225834831595421
309.0 7.159627974033356
310.0 10.277857631444931
311.0 13.83291631937027
312.0 17.542392015457153
313.0 20.80744355916977
314.0 23.91020357608795
315.0 26.175084710121155
316.0 28.246071934700012
317.0 30.685368180274963
318.0 33.22921097278595
319.0 36.309614777565
320.0 41.25246703624725
321.0 46.2816059589386
322.0 52.12676525115967
323.0 57.76223540306091
324.0 62.66094446182251
325.0 66.13355278968811
326.0 68.76808404922485
327.0 70.71992754936218
328.0 72.704017162323
329.0 74.113929271698
330.0 75.67243576049805
331.0 76.4872670173645
332.0 77.0500659942627
333.0 77.17295289039612
334.0 77.05737948417664
335.0 77.18309760093689
336.0 77.17740535736084
337.0 77.65697240829468
338.0 78.55737805366516
339.0 79.16089296340942
340.0 79.58786487579346
341.0 80.11928796768188
342.0 80.52514791488647
343.0 80.29389381408691
344.0 80.5160403251648
345.0 80.82848787307739
346.0 81.10032081604004
347.0 81.44124746322632
348.0 81.70719742774963
349.0 81.95109367370605
350.0 81.99241161346436
351.0 82.13307857513428
352.0 82.04292058944702
353.0 81.9067120552063
354.0 81.92155957221985
355.0 82.11712837219238
356.0 82.21791386604309
357.0 82.19218850135803
358.0 81.98274374008179
359.0 81.67282342910767
360.0 81.6590428352356
361.0 81.55477643013
362.0 81.38094544410706
363.0 81.5109133720398
364.0 81.5908133983612
365.0 81.75742030143738
366.0 81.86945915222168
367.0 81.87199831008911
368.0 81.74991011619568
369.0 81.70124292373657
370.0 81.34655952453613
371.0 81.09285831451416
372.0 81.05175495147705
373.0 81.11902475357056
374.0 81.15000128746033
375.0 81.42406940460205
376.0 81.4980149269104
377.0 81.48807287216187
378.0 81.58380389213562
379.0 81.35457634925842
380.0 80.72996735572815
381.0 79.5011043548584
382.0 77.86926627159119
383.0 75.92338919639587
384.0 73.82522225379944
385.0 71.51104807853699
386.0 69.16188597679138
387.0 66.01369976997375
388.0 62.88920044898987
389.0 59.18106436729431
390.0 55.33376336097717
391.0 51.23284459114075
392.0 46.811872720718384
393.0 42.96547174453735
394.0 39.68302309513092
395.0 36.57103776931763
396.0 33.409932255744934
397.0 29.327133297920227
398.0 24.548035860061646
399.0 18.408654630184174
400.0 12.288011610507965
401.0 7.269454747438431
402.0 3.560619056224823
403.0 1.3487674295902252
404.0 0.3914027940481901
405.0 0.16007075319066644
406.0 0.06651309668086469
407.0 0.030248804250732064
408.0 0.041309697553515434
409.0 0.005535457603400573
410.0 1.5787811596251755e-10
411.0 1.5787811596251755e-10
412.0 1.5787811596251755e-10
413.0 1.5787811596251755e-10
414.0 1.5787811596251755e-10
415.0 1.5787811596251755e-10
416.0 1.5787811596251755e-10
417.0 1.5787811596251755e-10
418.0 1.5787811596251755e-10
419.0 1.5787811596251755e-10
420.0 1.5787811596251755e-10
421.0 1.5787811596251755e-10
422.0 1.5787811596251755e-10
423.0 1.5787811596251755e-10
424.0 1.5787811596251755e-10
425.0 1.5787811596251755e-10
426.0 1.5787811596251755e-10
427.0 1.5787811596251755e-10
428.0 1.5787811596251755e-10
429.0 1.5787811596251755e-10
430.0 0.0003136173518214491
431.0 1.5787811596251755e-10
432.0 1.5787811596251755e-10
433.0 1.5787811596251755e-10
434.0 1.5787811596251755e-10
435.0 0.0007783552064211108
436.0 0.0027852982384501956
437.0 0.001848105421231594
438.0 0.0009109125130635221
439.0 0.001700779830571264
440.0 0.0024906477847252972
441.0 0.0001855335085565457
442.0 1.5787811596251755e-10
443.0 1.5787811596251755e-10
444.0 1.5787811596251755e-10
445.0 1.5787811596251755e-10
446.0 1.5787811596251755e-10
447.0 1.5787811596251755e-10
448.0 1.5787811596251755e-10
449.0 1.5787811596251755e-10
450.0 1.5787811596251755e-10
451.0 1.5787811596251755e-10
452.0 1.5787811596251755e-10
453.0 9.783061472035115e-06
454.0 0.0003143505637126509
455.0 1.5787811596251755e-10
456.0 1.5787811596251755e-10
457.0 1.5787811596251755e-10
458.0 1.5787811596251755e-10
459.0 1.5787811596251755e-10
460.0 1.5787811596251755e-10
461.0 1.5787811596251755e-10
462.0 1.5787811596251755e-10
463.0 0.00019796793822024483
464.0 0.0011198881111340597
465.0 0.0007527083198510809
466.0 0.00038552852856810205
467.0 0.0004177864411758492
468.0 0.0004500444902078016
469.0 0.0005738936579291476
470.0 0.0006977429165999638
471.0 0.00011652716693788534
472.0 1.5787811596251755e-10
473.0 1.5787811596251755e-10
474.0 1.5787811596251755e-10
475.0 1.5787811596251755e-10
476.0 1.5787811596251755e-10
477.0 1.5787811596251755e-10
478.0 1.5787811596251755e-10
479.0 1.5787811596251755e-10
480.0 1.5787811596251755e-10
481.0 1.5787811596251755e-10
482.0 1.5787811596251755e-10
483.0 1.5787811596251755e-10
484.0 1.5787811596251755e-10
485.0 1.5787811596251755e-10
486.0 1.5787811596251755e-10
487.0 0.00026349860036134487
488.0 0.0005790077466372168
489.0 1.5787811596251755e-10
490.0 1.5787811596251755e-10
491.0 1.5787811596251755e-10
492.0 1.5787811596251755e-10
493.0 1.5787811596251755e-10
494.0 1.5787811596251755e-10
495.0 1.5787811596251755e-10
496.0 0.00010931458973573172
497.0 1.5787811596251755e-10
498.0 1.5787811596251755e-10
499.0 1.5787811596251755e-10
500.0 1.5787811596251755e-10
501.0 1.5787811596251755e-10
502.0 1.5787811596251755e-10
503.0 1.5787811596251755e-10
504.0 1.5787811596251755e-10
505.0 1.5787811596251755e-10
506.0 1.5787811596251755e-10
507.0 1.5787811596251755e-10
508.0 1.5787811596251755e-10
509.0 1.5787811596251755e-10
510.0 1.5787811596251755e-10
511.0 0.0003845294941129396
512.0 0.0009507904906058684
513.0 0.0005434759259514976
514.0 0.00013616128171634045
515.0 2.0430708502772177e-05
516.0 1.5787811596251755e-10
517.0 1.5787811596251755e-10
518.0 1.5787811596251755e-10
519.0 1.5787811596251755e-10
520.0 1.5787811596251755e-10
521.0 1.5787811596251755e-10
522.0 1.5787811596251755e-10
523.0 1.5787811596251755e-10
524.0 1.5787811596251755e-10
525.0 1.5787811596251755e-10
526.0 7.82047948177933e-05
527.0 0.00013854489679943072
528.0 0.00019888491351593984
529.0 1.5787811596251755e-10
530.0 1.5787811596251755e-10
531.0 1.5787811596251755e-10
532.0 1.5787811596251755e-10
533.0 1.5787811596251755e-10
534.0 0.00020168943137832684
535.0 1.5787811596251755e-10
536.0 1.5787811596251755e-10
537.0 1.5787811596251755e-10
538.0 1.5787811596251755e-10
539.0 1.5787811596251755e-10
540.0 1.5787811596251755e-10
541.0 1.5787811596251755e-10
542.0 1.5787811596251755e-10
543.0 1.5787811596251755e-10
544.0 1.5787811596251755e-10
545.0 1.5787811596251755e-10
546.0 1.5787811596251755e-10
547.0 1.5787811596251755e-10
548.0 1.5787811596251755e-10
549.0 0.00012202521020299173
550.0 0.00034994563975487836
551.0 0.0003985387593274936
552.0 0.0004471320607990492
553.0 1.5787811596251755e-10
554.0 1.5787811596251755e-10
555.0 1.5787811596251755e-10
556.0 1.5787811596251755e-10
557.0 1.5787811596251755e-10
558.0 1.5787811596251755e-10
559.0 1.5787811596251755e-10
560.0 0.0003677363110909937
561.0 0.00010363830824644538
562.0 1.5787811596251755e-10
563.0 1.5787811596251755e-10
564.0 1.5787811596251755e-10
565.0 1.5787811596251755e-10
566.0 1.5787811596251755e-10
567.0 1.5787811596251755e-10
568.0 1.5787811596251755e-10
569.0 3.511404713663069e-05
570.0 0.0002270430741191376
571.0 0.00047797207116673235
572.0 0.0007289011591637973
573.0 0.0005204532044444932
574.0 0.00031200529519992415
575.0 0.00033316500775981694
576.0 0.000354324856743915
577.0 0.00045058482101012487
578.0 0.00054684492170054
579.0 0.0005495385721587809
580.0 0.0005522322680917569
581.0 0.0008625562259112485
582.0 0.0011728802746802103
583.0 0.001500220150774112
584.0 0.0018275597540196031
585.0 0.0016075829989858903
586.0 0.0013876061530027073
587.0 0.001302203963859938
588.0 0.0012168015928182285
589.0 0.0012173993127362337
590.0 0.0012179968507552985
591.0 0.000753968288336182
592.0 0.0002899397713918006
593.0 0.0005274476734484779
594.0 0.00076495553003042
595.0 0.0006677537385257892
596.0 0.0005705519015464233
597.0 0.0006011908226355445
598.0 0.0006318296982499305
599.0 0.0008269622412626632
600.0 0.0010220946023764554
601.0 0.001256069208466215
602.0 0.0014900440874043852
603.0 0.0014760888007003814
604.0 0.0014621336049458478
605.0 0.0016254041838692501
606.0 0.001788675035641063
607.0 0.001455120582249947
608.0 0.0011215660379093606
609.0 0.0008031190191104542
610.0 0.00048467177293787245
611.0 0.0004109221208636882
612.0 0.00033717249152687145
613.0 0.0004943425210512942
614.0 0.0006515126187878195
615.0 0.0006640766969212564
616.0 0.000676640684105223
617.0 0.0005622331627819221
618.0 0.0004478257324080914
619.0 0.0003624766804932733
620.0 0.00027712771952792536
621.0 0.00047501221160928253
622.0 0.0006728965217916993
623.0 0.00053706990001956
624.0 0.0004012431872979505
625.0 0.0004545434876490617
626.0 0.000507843833474908
627.0 0.0007253188414324541
628.0 0.0009427939403394703
629.0 0.000695633116265526
630.0 0.000448472383141052
631.0 0.0009617676369089168
632.0 0.001475063163525192
633.0 0.0016920821508392692
634.0 0.001909101047203876
635.0 0.0022590769731323235
636.0 0.002609052899060771
637.0 0.0024354510969715193
638.0 0.0022618492948822677
639.0 0.002349355781916529
640.0 0.0024368624508497305
641.0 0.0021006246242905036
642.0 0.0017643871615291573
643.0 0.0011570437891350593
644.0 0.000549700234842021
645.0 0.00011918840527869179
646.0 1.5787811596251755e-10
647.0 0.00014560919225914404
648.0 0.0006025420589139685
649.0 0.00017613084537515533
650.0 1.5787811596251755e-10
651.0 1.940380514042772e-05
652.0 0.0002890880978156929
653.0 0.0007321185421460541
654.0 0.0011751490092137828
655.0 0.001273405177926179
656.0 0.0013716613466385752
657.0 0.001941208574862685
658.0 0.0025107559849857353
659.0 0.002850995952030644
660.0 0.003191235737176612
661.0 0.0032744312193244696
662.0 0.003357626701472327
663.0 0.0031914114515529945
664.0 0.0030251960197347216
665.0 0.0026335079382988624
666.0 0.0022418198568630032
667.0 0.0017501999536762014
668.0 0.0012585801414388698
669.0 0.0010221137017651927
670.0 0.0007856472620915156
671.0 0.0005662875537382206
672.0 0.0003469276862233528
673.0 0.000501465819979785
674.0 0.0006560039309988497
675.0 0.0006805060820624931
676.0 0.0007050082331261365
677.0 0.0006965568900341168
678.0 0.0006881056833663024
679.0 0.0012178553333797026
680.0 0.0017476051652920432
681.0 0.0025810943043325096
682.0 0.003414583989069797
683.0 0.004732849993160926
684.0 0.006051115633454174
685.0 0.006835992826381698
686.0 0.007620872202096507
687.0 0.007317859854083508
688.0 0.007014848961262032
689.0 0.006474739348050207
690.0 0.005934629371040501
691.0 0.005023010817239992
692.0 0.004111392263439484
693.0 0.0033531319786561653
694.0 0.0025948715119739063
695.0 0.0021680591089534573
696.0 0.0017412468878319487
697.0 0.0012868108569819015
698.0 0.0008323746442329139
699.0 0.0007451339115505107
700.0 0.000657892906019697
701.0 0.0005335481091606198
702.0 0.00040920322135207243
703.0 0.0004885185262537561
704.0 0.0005678338311554398
705.0 0.0006281215974013321
706.0 0.0006884094091219595
707.0 0.0008496752343489788
708.0 0.0010109408322023228
709.0 0.0009776972547115292
710.0 0.0009444534953217953
711.0 0.0006533173291245475
712.0 0.0003621811856646673
713.0 0.0004531040758593008
714.0 0.000544027079740772
715.0 0.000570728707316448
716.0 0.0005974302894173888
717.0 0.0006412169568648096
718.0 0.0006850036243122304
719.0 0.0005808106379845412
720.0 0.0004766175607073819
721.0 0.0003434873633523239
722.0 0.0002103571432598983
723.0 0.00042970068534486927
724.0 0.0006490440682682674
725.0 0.0002697049694688758
726.0 1.5787811596251755e-10
727.0 1.5787811596251755e-10
728.0 1.5787811596251755e-10
729.0 1.5787811596251755e-10
730.0 0.00013348993661566055
731.0 0.00020450622741918778
732.0 0.0002755225978035014
733.0 0.00017287525224674027
734.0 7.022801469247497e-05
735.0 0.00039050514715199824
736.0 0.000710782205715077
737.0 0.0004823620201932499
738.0 0.00025394167550985003
739.0 0.00043305235521984287
740.0 0.0006121629667177331
741.0 0.0009010327630676329
742.0 0.0011899023775185924
743.0 0.0015096157767402474
744.0 0.0018293289031134918
745.0 0.002176586895075161
746.0 0.00252384488703683
747.0 0.002649724774528295
748.0 0.002775604480120819
749.0 0.0027100328225060366
750.0 0.0026444617105880752
751.0 0.002982499427162111
752.0 0.003320537507534027
753.0 0.0030746999982511625
754.0 0.0028288628527661785
755.0 0.002738578405114822
756.0 0.0026482937755645253
757.0 0.002387070890108589
758.0 0.0021258478227537125
759.0 0.0017750393453752622
760.0 0.0014242305951484013
761.0 0.0011112636457255576
762.0 0.0007982966963027138
763.0 0.0005451984179671854
764.0 0.00029210020784375956
765.0 0.0003713925934789586
766.0 0.00045068500185152516
767.0 0.000591914704273222
768.0 0.000733144452169654
769.0 0.0006302789643086726
770.0 0.0005274136583466316
771.0 0.0004928925591229927
772.0 0.0004583714598993538
773.0 0.000598270116825006
774.0 0.0007381688192253932
775.0 0.0006581322395504685
776.0 0.0005780958417744841
777.0 0.0005036524726165226
778.0 0.000429209103458561
779.0 0.000560211901756702
780.0 0.0006912145636306377
781.0 0.0007226107754831901
782.0 0.0007540069418610074
783.0 0.0008602640264143702
784.0 0.000966521110967733
785.0 0.0010916454812104348
786.0 0.0012167699424026068
787.0 0.0010552082130743656
788.0 0.0008936466656450648
789.0 0.0007496230864489917
790.0 0.0006055992798792431
791.0 0.0009381648851558566
792.0 0.0012707303540082648
793.0 0.0007031075256236363
794.0 0.00013548466313295648
795.0 0.00015125330037335516
796.0 0.0001670219148763863
797.0 0.00034104223232134245
798.0 0.0005150623564986745
799.0 0.0004202283889753744
800.0 0.00032539439871470677
801.0 0.0001790450255612086
802.0 3.269565240771044e-05
803.0 1.5787811596251755e-10
804.0 1.5787811596251755e-10
805.0 1.5787811596251755e-10
806.0 0.00011717296501956298
807.0 8.782751024227764e-05
808.0 5.8482117992753047e-05
809.0 0.00023648490241612308
810.0 0.0004144876584177837
811.0 0.0001763345153449336
812.0 1.5787811596251755e-10
813.0 0.00015464776197404717
814.0 0.0003711140834639082
815.0 0.00047319003897428047
816.0 0.0005752659490099177
817.0 0.0005347494607121916
818.0 0.0004942328814649954
819.0 0.0004210790848446777
820.0 0.0003479252427496249
821.0 0.00014442765632338705
822.0 1.5787811596251755e-10
823.0 5.1039086201853934e-05
824.0 0.00016114809113787487
825.0 1.5787811596251755e-10
826.0 1.5787811596251755e-10
827.0 1.5787811596251755e-10
828.0 1.5787811596251755e-10
829.0 1.5787811596251755e-10
830.0 1.5787811596251755e-10
831.0 1.5787811596251755e-10
832.0 1.5787811596251755e-10
833.0 1.5787811596251755e-10
834.0 1.5787811596251755e-10
835.0 3.6944939552086e-05
836.0 0.0001756716756062815
837.0 1.5787811596251755e-10
838.0 1.5787811596251755e-10
839.0 1.5787811596251755e-10
840.0 0.00030685523597639985
841.0 0.00020833383587159915
842.0 0.00010981244713548222
843.0 3.920702908999374e-05
844.0 1.5787811596251755e-10
845.0 0.00012550668770927587
846.0 0.0002824119519573287
847.0 0.00011466775049484568
848.0 1.5787811596251755e-10
849.0 1.1144785538874658e-06
850.0 5.530543489840056e-05
851.0 9.770025144462124e-05
852.0 0.00014009508504386758
853.0 0.00010542416930547915
854.0 7.075316830196243e-05
855.0 1.5787811596251755e-10
856.0 1.5787811596251755e-10
857.0 8.17255738638778e-05
858.0 0.00032764528441475704
859.0 0.0007181183264037827
860.0 0.001108591186493868
861.0 0.0010021971320384182
862.0 0.0008958033504313789
863.0 0.0008942625754571054
864.0 0.0008927218004828319
865.0 0.0011524168257892597
866.0 0.001412111578247277
867.0 0.0015945319319143891
868.0 0.001776952194632031
869.0 0.0020187555492157117
870.0 0.0022605590856983326
871.0 0.0017897935322253034
872.0 0.0013190276149543934
873.0 0.001730188523652032
874.0 0.0021413492504507303
875.0 0.002408215732430108
