lsstCam/transmission_filter_detector/r21_s22/u_24/19700101T000000.ecsv
# %ECSV 1.0
# ---
# datatype:
# - {name: wavelength, unit: nm, datatype: float32}
# - {name: efficiency, unit: '%', datatype: float64}
# meta: !!omap
# - {MODE: DETECTOR}
# - {TYPE: transmission_filter_detector}
# - {CALIBDATE: '1970-01-01T00:00:00'}
# - {INSTRUME: LSSTCam}
# - {OBSTYPE: transmission_filter_detector}
# - {CALIBCLS: lsst.ip.isr.IntermediateFilterDetectorTransmissionCurve}
# - {SOURCE: Materion (DM-46256)}
# - {DETECTOR: 89}
# - {FILTER: u_24}
# - {CALIB_ID: 'calibDate=1970-01-01T00:00:00 filter=u_24 detector=89'}
# - {DATE: '2025-04-02T15:59:40.161147'}
# - {CALIB_CREATION_DATE: '2025-04-02'}
# - {CALIB_CREATION_TIME: '15:59:40'}
# - __serialized_columns__:
#     efficiency:
#       __class__: astropy.units.quantity.Quantity
#       unit: !astropy.units.Unit {unit: '%'}
#       value: !astropy.table.SerializedColumn {name: efficiency}
#     wavelength:
#       __class__: astropy.units.quantity.Quantity
#       unit: !astropy.units.Unit {unit: nm}
#       value: !astropy.table.SerializedColumn {name: wavelength}
# schema: astropy-2.0
wavelength efficiency
[from data line 582]
877.0 0.002605792360554915
878.0 0.0025365025067003444
879.0 0.002380513797106687
880.0 0.00222452526941197
881.0 0.002376612610532902
882.0 0.002528700133552775
883.0 0.00246981671807589
884.0 0.0024109333025990054
885.0 0.0023871443772804923
886.0 0.0023633559976588003
887.0 0.0021985119019518606
888.0 0.0020336679881438613
889.0 0.0022196443751454353
890.0 0.0024056209440459497
891.0 0.002584580761322286
892.0 0.002763540942396503
893.0 0.002604850124043878
894.0 0.0024461594875901937
895.0 0.0027213878638576716
896.0 0.00299661642202409
897.0 0.003279343945905566
898.0 0.003562071651685983
899.0 0.003822541839326732
900.0 0.004083011299371719
901.0 0.004345331763033755
902.0 0.004607652226695791
903.0 0.004820052345166914
904.0 0.005032452099840157
905.0 0.00511874386575073
906.0 0.005205034904065542
907.0 0.005291534762363881
908.0 0.0053780349844601005
909.0 0.005437353684101254
910.0 0.005496672383742407
911.0 0.005316025635693222
912.0 0.005135379251441918
913.0 0.005007387517252937
914.0 0.004879396146861836
915.0 0.004510262806434184
916.0 0.004141129829804413
917.0 0.0040522540075471625
918.0 0.003963378549087793
919.0 0.00404854363296181
920.0 0.004133708353037946
921.0 0.004523718962445855
922.0 0.004913729571853764
923.0 0.005312687790137716
924.0 0.005711644917028025
925.0 0.0060331218264764175
926.0 0.006354599463520572
927.0 0.0067933367972727865
928.0 0.007232074858620763
929.0 0.007311907393159345
930.0 0.007391738472506404
931.0 0.007619303505634889
932.0 0.007846865628380328
933.0 0.007834936695871875
934.0 0.007823005580576137
935.0 0.007774931873427704
936.0 0.007726855983491987
937.0 0.007304859900614247
938.0 0.006882863090140745
939.0 0.006753765046596527
940.0 0.006624666275456548
941.0 0.005280912228045054
942.0 0.003937156725442037
943.0 0.003345068034832366
944.0 0.002752979526121635
945.0 0.002851236604328733
946.0 0.0029494940463337116
947.0 0.002216767461504787
948.0 0.0014840412404737435
949.0 0.0013839214261679444
950.0 0.0012838017028116155
951.0 0.0012887840057373978
952.0 0.0012937660358147696
953.0 0.0015628616893081926
954.0 0.0018319573428016156
955.0 0.002146370206901338
956.0 0.00246078288910212
957.0 0.0027092048185295425
958.0 0.0029576265660580248
959.0 0.0031602517992723733
960.0 0.003362876668688841
961.0 0.004129078661208041
962.0 0.004895280653727241
963.0 0.004501218427321874
964.0 0.004107156564714387
965.0 0.0043437914428068325
966.0 0.004580426320899278
967.0 0.00464084223494865
968.0 0.004701257785200141
969.0 0.004704698949353769
970.0 0.004708140477305278
971.0 0.004532999810180627
972.0 0.004357859506853856
973.0 0.004141114550293423
974.0 0.00392436959373299
975.0 0.00381011632271111
976.0 0.00369586305168923
977.0 0.003032755193999037
978.0 0.0023696473363088444
979.0 0.002487888741597999
980.0 0.0026061303287860937
981.0 0.0025338338673464023
982.0 0.0024615372240077704
983.0 0.002720647353271488
984.0 0.0029797573006362654
985.0 0.0031128322007134557
986.0 0.003245907646487467
987.0 0.0037087018426973373
988.0 0.0041714960389072075
989.0 0.004503738819039427
990.0 0.004835980507778004
991.0 0.005524025618797168
992.0 0.006212070002220571
993.0 0.006325858703348786
994.0 0.0064396444940939546
995.0 0.006243923417059705
996.0 0.006048201248631813
997.0 0.005932978092459962
998.0 0.005817755663883872
999.0 0.006190423300722614
1000.0 0.006563089118571952
1001.0 0.006801605923101306
1002.0 0.007040125638013706
1003.0 0.006542835762957111
1004.0 0.006045548070687801
1005.0 0.005384637915994972
1006.0 0.004723726669908501
1007.0 0.004854026701650582
1008.0 0.004984327824786305
1009.0 0.004423469363246113
1010.0 0.0038626112655038014
1011.0 0.0037154477467993274
1012.0 0.003568284591892734
1013.0 0.0029777054805890657
1014.0 0.0023871260054875165
1015.0 0.0019500292182783596
1016.0 0.0015129321582207922
1017.0 0.0012073642210452817
1018.0 0.0009017962838697713
1019.0 0.0004669531790568726
1020.0 3.2110071401803e-05
1021.0 0.0005772705208073603
1022.0 0.0011224310583202168
1023.0 0.0014032320905243978
1024.0 0.001684033304627519
1025.0 0.0012656552826229017
1026.0 0.0008472774425172247
1027.0 0.0012510348824434914
1028.0 0.0016547921404708177
1029.0 0.001603883174539078
1030.0 0.0015529743905062787
1031.0 0.0017882386600831524
1032.0 0.002023502929660026
1033.0 0.0015974346752045676
1034.0 0.0011713660569512285
1035.0 0.0014455030395765789
1036.0 0.0017196394765051082
1037.0 0.0019606935893534683
1038.0 0.0022017477022018284
1039.0 0.0020151317585259676
1040.0 0.0018285159967490472
1041.0 0.001893132684926968
1042.0 0.001957749373104889
1043.0 0.002081936145259533
1044.0 0.0022061234631109983
1045.0 0.0019066108507104218
1046.0 0.001607098602107726
1047.0 0.001634677937545348
1048.0 0.0016622572729829699
1049.0 0.0019313825760036707
1050.0 0.002200508060923312
1051.0 0.0022725271264789626
1052.0 0.002344546555832494
1053.0 0.0022670787075185217
1054.0 0.00218961122300243
1055.0 0.0019879487808793783
1056.0 0.0017862863387563266
1057.0 0.001333765612798743
1058.0 0.0008812446139927488
1059.0 0.000806024490884738
1060.0 0.0007308045496756677
1061.0 0.0010235075933451299
1062.0 0.0013162108189135324
1063.0 0.0014082082998356782
1064.0 0.001500205780757824
1065.0 0.0016877982488949783
1066.0 0.0018753906260826625
1067.0 0.0020477378711802885
1068.0 0.002220084752480034
1069.0 0.0020956689695594832
1070.0 0.0019712531866389327
1071.0 0.0021177585949772038
1072.0 0.002264264185214415
1073.0 0.0023087472072802484
1074.0 0.0023532300474471413
1075.0 0.002732955908868462
1076.0 0.003112681952188723
1077.0 0.002300836786162108
1078.0 0.001488991347287083
1079.0 0.003191348514519632
1080.0 0.00489370540890377
1081.0 0.004701016587205231
1082.0 0.004508330312091857
1083.0 0.004377723598736338
1084.0 0.0042471168853808194
1085.0 0.004555320992949419
1086.0 0.004863525100518018
1087.0 0.004840695328311995
1088.0 0.004817865919903852
1089.0 0.00601025931246113
1090.0 0.007202650886029005
1091.0 0.004610119867720641
1092.0 0.002017588121816516
1093.0 0.0036560621083481237
1094.0 0.005294535003486089
1095.0 0.004719017306342721
1096.0 0.004143498881603591
1097.0 0.003543166894814931
1098.0 0.0029428354537230916
1099.0 0.003407166514080018
1100.0 0.0038714984839316458
