lsstCam/transmission_filter_detector/r31_s20/u_24/19700101T000000.ecsv
# %ECSV 1.0
# ---
# datatype:
# - {name: wavelength, unit: nm, datatype: float32}
# - {name: efficiency, unit: '%', datatype: float64}
# meta: !!omap
# - {MODE: DETECTOR}
# - {TYPE: transmission_filter_detector}
# - {CALIBDATE: '1970-01-01T00:00:00'}
# - {INSTRUME: LSSTCam}
# - {OBSTYPE: transmission_filter_detector}
# - {CALIBCLS: lsst.ip.isr.IntermediateFilterDetectorTransmissionCurve}
# - {SOURCE: Materion (DM-46256)}
# - {DETECTOR: 132}
# - {FILTER: u_24}
# - {CALIB_ID: 'calibDate=1970-01-01T00:00:00 filter=u_24 detector=132'}
# - {DATE: '2025-04-02T15:59:40.361847'}
# - {CALIB_CREATION_DATE: '2025-04-02'}
# - {CALIB_CREATION_TIME: '15:59:40'}
# - __serialized_columns__:
#     efficiency:
#       __class__: astropy.units.quantity.Quantity
#       unit: !astropy.units.Unit {unit: '%'}
#       value: !astropy.table.SerializedColumn {name: efficiency}
#     wavelength:
#       __class__: astropy.units.quantity.Quantity
#       unit: !astropy.units.Unit {unit: nm}
#       value: !astropy.table.SerializedColumn {name: wavelength}
# schema: astropy-2.0
wavelength efficiency
295.0 1.6273657768572924e-10
296.0 1.6273657768572924e-10
297.0 1.6273657768572924e-10
298.0 1.6273657768572924e-10
299.0 1.6273657768572924e-10
300.0 1.6273657768572924e-10
301.0 0.1546878251247108
302.0 1.6273657768572924e-10
303.0 1.6273657768572924e-10
304.0 0.17091123154386878
305.0 0.8193439804017544
306.0 1.98898334056139
307.0 3.5112883895635605
308.0 5.986292660236359
309.0 9.306412935256958
310.0 12.748713791370392
311.0 16.5569007396698
312.0 20.404504239559174
313.0 23.393945395946503
314.0 26.482537388801575
315.0 28.86073589324951
316.0 31.07403814792633
317.0 33.643028140068054
318.0 36.690592765808105
319.0 40.67806899547577
320.0 46.3992565870285
321.0 51.906996965408325
322.0 57.88615345954895
323.0 63.27813267707825
324.0 67.60197281837463
325.0 70.59890627861023
326.0 73.01813960075378
327.0 74.78296160697937
328.0 76.44233703613281
329.0 77.88208723068237
330.0 79.21454310417175
331.0 79.79058623313904
332.0 80.13839721679688
333.0 80.16197681427002
334.0 80.08561730384827
335.0 80.26292324066162
336.0 80.58823943138123
337.0 81.07223510742188
338.0 82.08153247833252
339.0 82.64702558517456
340.0 83.01967978477478
341.0 83.49143266677856
342.0 83.82251858711243
343.0 83.67657661437988
344.0 83.92483592033386
345.0 84.3180775642395
346.0 84.68772768974304
347.0 84.97549295425415
348.0 85.29125452041626
349.0 85.52903532981873
350.0 85.48653721809387
351.0 85.71484684944153
352.0 85.6454849243164
353.0 85.54155230522156
354.0 85.51015853881836
355.0 85.70745587348938
356.0 85.88404059410095
357.0 85.78366041183472
358.0 85.38506031036377
359.0 85.18559336662292
360.0 84.97931957244873
361.0 84.79759097099304
362.0 84.61226224899292
363.0 84.80085730552673
364.0 84.86649990081787
365.0 85.19505858421326
366.0 85.5014979839325
367.0 85.55948138237
368.0 85.66252589225769
369.0 85.67822575569153
370.0 85.57650446891785
371.0 85.39926409721375
372.0 85.39170026779175
373.0 85.52958369255066
374.0 85.6469213962555
375.0 85.92427372932434
376.0 86.11933588981628
377.0 86.14739775657654
378.0 86.28315925598145
379.0 86.02075576782227
380.0 85.27628779411316
381.0 83.82840156555176
382.0 82.02077746391296
383.0 79.9139678478241
384.0 77.87250280380249
385.0 75.52598118782043
386.0 72.93721437454224
387.0 69.56042051315308
388.0 66.10771417617798
389.0 61.88042163848877
390.0 57.64569640159607
391.0 53.334206342697144
392.0 48.86918067932129
393.0 45.101746916770935
394.0 41.811156272888184
395.0 38.20798993110657
396.0 34.342193603515625
397.0 29.137760400772095
398.0 23.121002316474915
399.0 16.151800751686096
400.0 10.027533024549484
401.0 5.359496921300888
402.0 2.1777264773845673
403.0 0.7271594367921352
404.0 0.2503144321963191
405.0 0.12890401994809508
406.0 0.06536322762258351
407.0 0.011588726192712784
408.0 1.6273657768572924e-10
409.0 0.000943816212384263
410.0 1.6273657768572924e-10
411.0 1.6273657768572924e-10
412.0 1.6273657768572924e-10
413.0 1.6273657768572924e-10
414.0 1.6273657768572924e-10
415.0 1.6273657768572924e-10
416.0 1.6273657768572924e-10
417.0 1.6273657768572924e-10
418.0 1.6273657768572924e-10
419.0 1.6273657768572924e-10
420.0 1.6273657768572924e-10
421.0 1.6273657768572924e-10
422.0 1.6273657768572924e-10
423.0 1.6273657768572924e-10
424.0 1.6273657768572924e-10
425.0 1.6273657768572924e-10
426.0 1.6273657768572924e-10
427.0 1.6273657768572924e-10
428.0 1.6273657768572924e-10
429.0 1.6273657768572924e-10
430.0 9.97046868178586e-05
431.0 0.00018381673498879536
432.0 0.00026792877179104835
433.0 1.6273657768572924e-10
434.0 1.6273657768572924e-10
435.0 1.6273657768572924e-10
436.0 1.6273657768572924e-10
437.0 1.6273657768572924e-10
438.0 1.6273657768572924e-10
439.0 1.6273657768572924e-10
440.0 1.6273657768572924e-10
441.0 1.6273657768572924e-10
442.0 1.6273657768572924e-10
443.0 1.6273657768572924e-10
444.0 1.6273657768572924e-10
445.0 1.6273657768572924e-10
446.0 1.6273657768572924e-10
447.0 1.6273657768572924e-10
448.0 1.6273657768572924e-10
449.0 1.6273657768572924e-10
450.0 1.6273657768572924e-10
451.0 1.6273657768572924e-10
452.0 1.6273657768572924e-10
453.0 1.6273657768572924e-10
454.0 1.6273657768572924e-10
455.0 1.6273657768572924e-10
456.0 1.6273657768572924e-10
457.0 1.6273657768572924e-10
458.0 0.0018259614080307074
459.0 0.0008921306289266795
460.0 1.6273657768572924e-10
461.0 1.6273657768572924e-10
462.0 1.6273657768572924e-10
463.0 1.6273657768572924e-10
464.0 0.0005399936981120845
465.0 0.00010474731197973597
466.0 1.6273657768572924e-10
467.0 2.5660662927862177e-06
468.0 0.0003356311935931444
469.0 0.0001829950520004786
470.0 3.0359072411556554e-05
471.0 1.6273657768572924e-10
472.0 1.6273657768572924e-10
473.0 1.6273657768572924e-10
474.0 1.6273657768572924e-10
475.0 1.6273657768572924e-10
476.0 0.0005332709406502545
477.0 1.6273657768572924e-10
478.0 1.6273657768572924e-10
479.0 1.6273657768572924e-10
480.0 0.0009404077900398988
481.0 0.0006807446425227681
482.0 0.00042108167690457776
483.0 0.00012741143109451514
484.0 1.6273657768572924e-10
485.0 6.883553282932553e-05
486.0 0.0003039299372176174
487.0 1.6273657768572924e-10
488.0 1.6273657768572924e-10
489.0 1.6273657768572924e-10
490.0 1.6273657768572924e-10
491.0 1.6273657768572924e-10
492.0 1.6273657768572924e-10
493.0 0.0001150015918938152
494.0 0.0002943504114227835
495.0 1.6273657768572924e-10
496.0 1.6273657768572924e-10
497.0 1.6273657768572924e-10
498.0 7.670070658605255e-05
499.0 1.6273657768572924e-10
500.0 1.6273657768572924e-10
501.0 1.6273657768572924e-10
502.0 1.6273657768572924e-10
503.0 1.6273657768572924e-10
504.0 1.6273657768572924e-10
505.0 1.6273657768572924e-10
506.0 1.6273657768572924e-10
507.0 0.0001454933453715057
508.0 0.0005726131348637864
509.0 8.220659424296173e-05
510.0 1.6273657768572924e-10
511.0 1.6273657768572924e-10
512.0 1.6273657768572924e-10
513.0 3.0957261287767324e-05
514.0 0.00020535992462100694
515.0 0.00023857044197939103
516.0 0.00027178082291356986
517.0 1.6273657768572924e-10
518.0 1.6273657768572924e-10
519.0 4.5990056207756425e-06
520.0 0.0003855447175737936
521.0 1.6273657768572924e-10
522.0 1.6273657768572924e-10
523.0 1.6273657768572924e-10
524.0 1.6273657768572924e-10
525.0 1.6273657768572924e-10
526.0 1.6273657768572924e-10
527.0 1.6273657768572924e-10
528.0 1.6273657768572924e-10
529.0 1.6273657768572924e-10
530.0 0.0003163059318467276
531.0 5.2343125389597844e-05
532.0 1.6273657768572924e-10
533.0 5.005300636184984e-05
534.0 0.0003117257392659667
535.0 1.6273657768572924e-10
536.0 1.6273657768572924e-10
537.0 0.00014570936173186055
538.0 0.00062429871832137
539.0 0.0002671658194230986
540.0 1.6273657768572924e-10
541.0 0.0001339536765954108
542.0 0.0003578745463528321
543.0 0.00032077045943879057
544.0 0.0002836663043126464
545.0 0.00021785178887512302
546.0 0.00015203713701339439
547.0 4.9650776645648875e-05
548.0 1.6273657768572924e-10
549.0 0.00010451371963426936
550.0 0.0002617630570966867
551.0 1.6273657768572924e-10
552.0 1.6273657768572924e-10
553.0 1.6273657768572924e-10
554.0 0.00012489472283050418
555.0 0.00011573591791602666
556.0 0.00010657711300154915
557.0 1.6273657768572924e-10
558.0 1.6273657768572924e-10
559.0 1.6273657768572924e-10
560.0 1.6273657768572924e-10
561.0 0.00012184732440800872
562.0 0.0005116357442602748
563.0 0.00034621446047822246
564.0 0.00018079294932249468
565.0 0.00021953321720502572
566.0 0.00025827353056229185
567.0 1.6273657768572924e-10
568.0 1.6273657768572924e-10
569.0 1.6273657768572924e-10
570.0 0.00017091585959860822
571.0 0.00041118937588180415
572.0 0.0006514630513265729
573.0 0.0005110648089612368
574.0 0.0003706666120706359
575.0 0.0001399865709572623
576.0 1.6273657768572924e-10
577.0 0.00019882954802596942
578.0 0.0004883525889454177
579.0 0.0006280700290517416
580.0 0.0007677874236833304
581.0 0.0009780853361007757
582.0 0.001188383248518221
583.0 0.0012692975360550918
584.0 0.001350211550743552
585.0 0.0009035640687216073
586.0 0.0004569168140733382
587.0 0.00026677496407501167
588.0 7.663297196813801e-05
589.0 0.00036408184769243235
590.0 0.0006515307632071199
591.0 0.000937119602895109
592.0 0.0012227086699567735
593.0 0.000990553689916851
594.0 0.0007583989372506039
595.0 0.00096476514954702
596.0 0.0011711315892171115
597.0 0.0009179118933388963
598.0 0.0006646919246122707
599.0 0.0012444465937733185
600.0 0.001824201171984896
601.0 0.002291675264132209
602.0 0.0027591495381784625
603.0 0.002952631803054828
604.0 0.003146114613628015
605.0 0.002264742761326488
606.0 0.0013833709999744315
607.0 0.0009770411452336702
608.0 0.0005707111540687038
609.0 0.0006725717867084313
610.0 0.0007744323738734238
611.0 0.0006159843451314373
612.0 0.00045753617996524554
613.0 0.0006841055892436998
614.0 0.0009106748620979488
615.0 0.0007800203093211167
616.0 0.000649365483695874
617.0 0.0005092575065646088
618.0 0.0003691494384838734
619.0 0.0005515338671102654
620.0 0.0007339182502619224
621.0 0.0006291615591180744
622.0 0.0005244047770247562
623.0 0.0006302913789113518
624.0 0.0007361776624748018
625.0 0.0007640364856342785
626.0 0.0007918953087937552
627.0 0.0008361637810594402
628.0 0.0008804324352240656
629.0 0.0010829111488419585
630.0 0.0012853894986619707
631.0 0.001574639099999331
632.0 0.0018638889741851017
633.0 0.002192177271354012
634.0 0.0025204659323208034
635.0 0.0028492439014371485
636.0 0.0031780218705534935
637.0 0.0027739748475141823
638.0 0.0023699274606769904
639.0 0.0018268288840772584
640.0 0.0012837303984269965
641.0 0.001316040834353771
642.0 0.0013483515431289561
643.0 0.0007989996447577141
644.0 0.0002496478828106774
645.0 0.0001783007064659614
646.0 0.00010695366654545069
647.0 1.6273657768572924e-10
648.0 1.6273657768572924e-10
649.0 1.6273657768572924e-10
650.0 0.0002274429562021396
651.0 0.0005532484465220477
652.0 0.0008790540050540585
653.0 0.0009590487024979666
654.0 0.0010390433999418747
655.0 0.0016119851352414116
656.0 0.0021849273252882995
657.0 0.0024340086383745074
658.0 0.002683089769561775
659.0 0.0031675477657699957
660.0 0.003652006125776097
661.0 0.0035109340387862176
662.0 0.0033698615879984573
663.0 0.002914429387601558
664.0 0.0024589975510025397
665.0 0.001637169043533504
666.0 0.0008153406270139385
667.0 0.0009989043064706493
668.0 0.0011824679859273601
669.0 0.0010458192264195532
670.0 0.0009091705578612164
671.0 0.0005123946266394341
672.0 0.00011561870678633568
673.0 0.00018835340824807645
674.0 0.00026108825750270626
675.0 0.00047814228310016915
676.0 0.0006951962859602645
677.0 0.0010785754966491368
678.0 0.0014619546163885389
679.0 0.0019660883481265046
680.0 0.0024702218070160598
681.0 0.0035782886698143557
682.0 0.004686355532612652
683.0 0.006225112883839756
684.0 0.007763870962662622
685.0 0.009093830158235505
686.0 0.010423789353808388
687.0 0.009529625094728544
688.0 0.008635464473627508
689.0 0.007062927761580795
690.0 0.005490391049534082
691.0 0.004542806709650904
692.0 0.003595222733565606
693.0 0.003205118264304474
694.0 0.002815013795043342
695.0 0.001997684557863977
696.0 0.0011803551387856714
697.0 0.0010366644346504472
698.0 0.0008929738214646932
699.0 0.0007252486284414772
700.0 0.0005575234808929963
701.0 0.0007816272955096792
702.0 0.0010057311556010973
703.0 0.0009434816092834808
704.0 0.0008812321539153345
705.0 0.0008474011337966658
706.0 0.0008135701136779971
707.0 0.0008813530257612001
708.0 0.0009491361197433434
709.0 0.0009565885193296708
710.0 0.0009640410098654684
711.0 0.00102984304248821
712.0 0.0010956452570098918
713.0 0.0009384091754327528
714.0 0.0007811730938556138
715.0 0.0007832956725906115
716.0 0.0007854180694266688
717.0 0.0007348221515712794
718.0 0.0006842259608674794
719.0 0.0005187903298065066
720.0 0.00035335485790710663
721.0 0.0002926107526945998
722.0 0.00023186660200735787
723.0 0.00014047175227460684
724.0 4.907691391053959e-05
725.0 0.0002823310069288709
726.0 0.0005155851340532536
727.0 0.00014606698641728144
728.0 1.6273657768572924e-10
729.0 1.6273657768572924e-10
730.0 0.00019809715467999922
731.0 1.767516977224659e-05
732.0 1.6273657768572924e-10
733.0 0.00018176233425037935
734.0 0.00052627146942541
735.0 0.0005897066785109928
736.0 0.0006531418421218405
737.0 0.0005013066584069747
738.0 0.00034947142921737395
739.0 0.0002720041493375902
740.0 0.00019453698314464418
741.0 0.000669858400215162
742.0 0.0011451800673967227
743.0 0.0017602305888431147
744.0 0.0023752811102895066
745.0 0.003288988591521047
746.0 0.0042026960727525875
747.0 0.004290684228180908
748.0 0.004378672383609228
749.0 0.00434242065239232
750.0 0.004306169648771174
751.0 0.0040485138015355915
752.0 0.003790857590502128
753.0 0.0034019871236523613
754.0 0.0030131159292068332
755.0 0.002905986548285
756.0 0.002798857349262107
757.0 0.0022806631022831425
758.0 0.0017624688553041779
759.0 0.001481350318499608
760.0 0.001200231781695038
761.0 0.0010300753274350427
762.0 0.0008599189641245175
763.0 0.0007580872079415713
764.0 0.0006562558155565057
765.0 0.0005260124453343451
766.0 0.000395768802263774
767.0 0.0004200742296234239
768.0 0.0004443795660336036
769.0 0.00043624781937978696
770.0 0.0004281161182007054
771.0 0.0003195640374542563
772.0 0.00021101186575833708
773.0 0.0005747038358094869
774.0 0.0009383955330122262
775.0 0.0009264746040571481
776.0 0.0009145538570010103
777.0 0.0008762442121224012
778.0 0.0008379348400922026
779.0 0.0008422557584708557
780.0 0.0008465766768495087
781.0 0.0012166353371867444
782.0 0.00158669390657451
783.0 0.0011116406312794425
784.0 0.0006365872650349047
785.0 0.0010738428500189912
786.0 0.0015110984350030776
787.0 0.001085864732885966
788.0 0.0006606311217183247
789.0 0.0006807416411902523
790.0 0.0007008521606621798
791.0 0.0006435341219912516
792.0 0.0005862160378455883
793.0 0.0008637688551971223
794.0 0.0011413213542255107
795.0 0.000927654946281109
796.0 0.0007139883564377669
797.0 0.00023618360955879325
798.0 1.6273657768572924e-10
799.0 5.048663638262951e-05
800.0 0.00034259469430253375
801.0 1.6273657768572924e-10
802.0 1.6273657768572924e-10
803.0 1.6273657768572924e-10
804.0 0.0001580857542649028
805.0 0.00016256559547400684
806.0 0.00016704544805179466
807.0 0.00017655797819315922
808.0 0.00018607046285978868
809.0 0.00016979137171801995
810.0 0.0001535122009954648
811.0 7.564654680436433e-07
812.0 1.6273657768572924e-10
813.0 2.628454183195572e-05
814.0 0.0002045684141194215
815.0 0.00023797554149496136
816.0 0.00027138269160786876
817.0 0.00032528107567486586
818.0 0.00037917950521659805
819.0 0.0002053794560197275
820.0 3.157938408548944e-05
821.0 0.00015711027572251623
822.0 0.0002826411446221755
823.0 0.0005207858066569315
824.0 0.0007589304914290551
825.0 0.0005240593964117579
826.0 0.00028918861971760634
827.0 1.6273657768572924e-10
828.0 1.6273657768572924e-10
829.0 1.6273657768572924e-10
830.0 1.6273657768572924e-10
831.0 1.6273657768572924e-10
832.0 0.00035792120343103306
833.0 0.00024991261398099596
834.0 0.0001419040813743777
835.0 0.00010200969882134814
836.0 6.211528216226725e-05
837.0 1.6273657768572924e-10
838.0 1.6273657768572924e-10
839.0 1.6273657768572924e-10
840.0 0.00021130049390194472
841.0 1.6273657768572924e-10
842.0 1.6273657768572924e-10
843.0 1.6273657768572924e-10
844.0 1.6273657768572924e-10
845.0 5.856809366378002e-05
846.0 0.00012348599511824432
847.0 4.3650771885950235e-05
848.0 1.6273657768572924e-10
849.0 0.00014621775790146785
850.0 0.0003286198534624418
851.0 0.0003445386028033681
852.0 0.0003604573294069269
853.0 0.00027129490263178013
854.0 0.0001821325895434711
855.0 0.00017478472500442876
856.0 0.00016743699688959168
857.0 0.0004564860319078434
858.0 0.0007455350896634627
859.0 0.0007848166205803864
860.0 0.0008240982424467802
861.0 0.0007822567567927763
862.0 0.0007404153620882425
863.0 0.0012437058103387244
864.0 0.0017469967133365571
865.0 0.0013824185771227349
866.0 0.0010178405318583827
867.0 0.0015762359907967038
868.0 0.002134630994987674
869.0 0.002065655826299917
870.0 0.0019966810214100406
871.0 0.0021411964553408325
872.0 0.0022857118892716244
873.0 0.0024045250029303133
874.0 0.0025233382984879427
