lsstCam/transmission_filter_detector/r31_s20/u_24/19700101T000000.ecsv
# %ECSV 1.0
# ---
# datatype:
# - {name: wavelength, unit: nm, datatype: float32}
# - {name: efficiency, unit: '%', datatype: float64}
# meta: !!omap
# - {MODE: DETECTOR}
# - {TYPE: transmission_filter_detector}
# - {CALIBDATE: '1970-01-01T00:00:00'}
# - {INSTRUME: LSSTCam}
# - {OBSTYPE: transmission_filter_detector}
# - {CALIBCLS: lsst.ip.isr.IntermediateFilterDetectorTransmissionCurve}
# - {SOURCE: Materion (DM-46256)}
# - {DETECTOR: 132}
# - {FILTER: u_24}
# - {CALIB_ID: 'calibDate=1970-01-01T00:00:00 filter=u_24 detector=132'}
# - {DATE: '2025-04-02T15:59:40.361847'}
# - {CALIB_CREATION_DATE: '2025-04-02'}
# - {CALIB_CREATION_TIME: '15:59:40'}
# - __serialized_columns__:
#     efficiency:
#       __class__: astropy.units.quantity.Quantity
#       unit: !astropy.units.Unit {unit: '%'}
#       value: !astropy.table.SerializedColumn {name: efficiency}
#     wavelength:
#       __class__: astropy.units.quantity.Quantity
#       unit: !astropy.units.Unit {unit: nm}
#       value: !astropy.table.SerializedColumn {name: wavelength}
# schema: astropy-2.0
wavelength efficiency
[from data line 581]
876.0 0.0023814332962501794
877.0 0.0024995020794449374
878.0 0.0026175710445386358
879.0 0.002628953370731324
880.0 0.002640335696924012
881.0 0.0029167622415116057
882.0 0.003193188604200259
883.0 0.00295792160613928
884.0 0.00272265406238148
885.0 0.0028817876227549277
886.0 0.003040921001229435
887.0 0.0027059792046202347
888.0 0.002371037408011034
889.0 0.0026894895199802704
890.0 0.003007941813848447
891.0 0.0030273991797002964
892.0 0.0030468563636532053
893.0 0.002870747812266927
894.0 0.0026946390789817087
895.0 0.0031744602893013507
896.0 0.0036542813177220523
897.0 0.003646736149676144
898.0 0.003639190981630236
899.0 0.0035539902455639094
900.0 0.0034687898732954636
901.0 0.0036771773011423647
902.0 0.0038855650927871466
903.0 0.004181368421996012
904.0 0.004477171751204878
905.0 0.004563023321679793
906.0 0.004648874164558947
907.0 0.004970031659468077
908.0 0.005291189518175088
909.0 0.005362524825613946
910.0 0.005433860860648565
911.0 0.005496611265698448
912.0 0.00555936130695045
913.0 0.005555085954256356
914.0 0.005550810601562262
915.0 0.0051166731282137334
916.0 0.004682535291067325
917.0 0.0044739565055351704
918.0 0.004265377720003016
919.0 0.004386786531540565
920.0 0.004508195706875995
921.0 0.004671901115216315
922.0 0.0048356068873545155
923.0 0.004890864511253312
924.0 0.004946123226545751
925.0 0.005509645052370615
926.0 0.006073166514397599
927.0 0.006289451994234696
928.0 0.006505736382678151
929.0 0.006734523776685819
930.0 0.006963313353480771
931.0 0.006776961527066305
932.0 0.006590611883439124
933.0 0.006914915138622746
934.0 0.007239217666210607
935.0 0.0072944589192047715
936.0 0.007349700899794698
937.0 0.007054986053844914
938.0 0.006760274118278176
939.0 0.006585394294233993
940.0 0.006410513742594048
941.0 0.0058965822972822934
942.0 0.005382650488172658
943.0 0.005012993642594665
944.0 0.004643336069420911
945.0 0.0036962166632292792
946.0 0.002749096711340826
947.0 0.002670220965228509
948.0 0.0025913448553183116
949.0 0.0017708780433167703
950.0 0.0009504109584668186
951.0 0.001009143397823209
952.0 0.0010678758371795993
953.0 0.0012825997146137524
954.0 0.0014973235920479055
955.0 0.0017114114598371089
956.0 0.0019254994185757823
957.0 0.002096157186315395
958.0 0.0022668149540550075
959.0 0.0026697511202655733
960.0 0.0030726874683750793
961.0 0.003422792724450119
962.0 0.003772898344323039
963.0 0.0038992577174212784
964.0 0.004025617818115279
965.0 0.004428845568327233
966.0 0.004832073682337068
967.0 0.00436128320870921
968.0 0.0038904927350813523
969.0 0.004325223198975436
970.0 0.004759954026667401
971.0 0.004598848317982629
972.0 0.004437742973095737
973.0 0.004511139559326693
974.0 0.004584535417961888
975.0 0.004560792149277404
976.0 0.00453704888059292
977.0 0.004056943362229504
978.0 0.003576837480068207
979.0 0.0034438769944244996
980.0 0.0033109161449829116
981.0 0.003036976522707846
982.0 0.0027630370823317207
983.0 0.0026379570044809952
984.0 0.002512877472327091
985.0 0.0026641191652743146
986.0 0.0028153610401204787
987.0 0.003189660856151022
988.0 0.0035639601264847443
989.0 0.004149306550971232
990.0 0.0047346529754577205
991.0 0.0053557352657662705
992.0 0.005976817919872701
993.0 0.006414655217668042
994.0 0.006852492515463382
995.0 0.006968884554225951
996.0 0.0070852758653927594
997.0 0.006936634599696845
998.0 0.006787992606405169
999.0 0.006698336801491678
1000.0 0.006608683179365471
1001.0 0.006560089968843386
1002.0 0.006511500396300107
1003.0 0.006016874976921827
1004.0 0.005522250285139307
1005.0 0.005291737033985555
1006.0 0.005061222691438161
1007.0 0.005037834489485249
1008.0 0.005014446287532337
1009.0 0.004764412733493373
1010.0 0.00451437990705017
1011.0 0.0040872066165320575
1012.0 0.003660033326013945
1013.0 0.0032301366445608437
1014.0 0.0028002401450066827
1015.0 0.0021709207430831157
1016.0 0.0015416013411595486
1017.0 0.0015356579751824029
1018.0 0.0015297147911041975
1019.0 0.0014685059795738198
1020.0 0.0014072975318413228
1021.0 0.001144056295743212
1022.0 0.0008808152415440418
1023.0 0.0009090933417610358
1024.0 0.0009373714419780299
1025.0 0.0008291847734653857
1026.0 0.0007209982413769467
1027.0 0.001266007893718779
1028.0 0.0018110175005858764
1029.0 0.0018110955352312885
1030.0 0.0018111735698767006
1031.0 0.001870396408776287
1032.0 0.0019296194295748137
1033.0 0.0019604181943577714
1034.0 0.001991216777241789
1035.0 0.0018632492356118746
1036.0 0.0017352818758809008
1037.0 0.0015921530575724319
1038.0 0.0014490243302134331
1039.0 0.002173587927245535
1040.0 0.002898151615227107
1041.0 0.002356766526645515
1042.0 0.0018153814380639233
1043.0 0.0021922835003351793
1044.0 0.0025691857445053756
1045.0 0.0019356475604581647
1046.0 0.001302109012613073
1047.0 0.001956487540155649
1048.0 0.0026108662495971657
1049.0 0.0021775422283099033
1050.0 0.0017442180251237005
1051.0 0.001700688517303206
1052.0 0.0016571588275837712
1053.0 0.0011225187336094677
1054.0 0.0005878789124835748
1055.0 0.0012450444046407938
1056.0 0.001902209987747483
1057.0 0.0017427342754672281
1058.0 0.0015832591088837944
1059.0 0.0018326274584978819
1060.0 0.00208199617190985
1061.0 0.0020340354240033776
1062.0 0.0019860748579958454
1063.0 0.0018357719454797916
1064.0 0.0016854688510647975
1065.0 0.0009697625500848517
1066.0 0.0002540563627917436
1067.0 0.0003799814976446214
1068.0 0.0005059068371338071
1069.0 1.6273657768572924e-10
1070.0 1.6273657768572924e-10
1071.0 0.001451565640309127
1072.0 0.0036591856769518927
1073.0 0.0032610907510388643
1074.0 0.002862996007024776
1075.0 0.0030010889531695284
1076.0 0.003139182081213221
1077.0 0.0037275098293321207
1078.0 0.0043158375774510205
1079.0 0.004787940270034596
1080.0 0.005260042235022411
1081.0 0.006025965558364987
1082.0 0.006791888154111803
1083.0 0.004561732930596918
1084.0 0.002331577525183093
1085.0 0.003199375350959599
1086.0 0.004067173358635046
1087.0 0.004113764225621708
1088.0 0.004160355820204131
1089.0 0.005089231854071841
1090.0 0.006018108251737431
1091.0 0.003520414247759618
1092.0 0.0010227206075796857
1093.0 0.0028516340535134077
1094.0 0.004680548227042891
1095.0 0.0016528245396330021
1096.0 1.6273657768572924e-10
1097.0 0.0007186120910773752
1098.0 0.002812123238982167
1099.0 0.004856540181208402
1100.0 0.006900956213939935
