comCamSim/transmission_sensor/r22_s02/19700101T000000.ecsv
# %ECSV 1.0
# ---
# datatype:
# - {name: amp_name, datatype: string}
# - {name: wavelength, unit: nm, datatype: float32}
# - {name: efficiency, unit: '%', datatype: float64}
# meta: !!omap
# - {MODE: AMP}
# - {TYPE: transmission_sensor}
# - {CALIBDATE: '1970-01-01T00:00:00'}
# - {INSTRUME: comCamSim}
# - {OBSTYPE: transmission_sensor}
# - {DETECTOR: 2}
# - {PARQUETFILE: qe_raft_allvalues_nircorrected_20230725.parquet}
# - {CALIBCLS: lsst.ip.isr.IntermediateSensorTransmissionCurve}
# - {CALIB_ID: 'raftName=R22 detectorName=S02 detector=2 calibDate=1970-01-01T00:00:00 ccd=2 ccdnum=2 filter=None'}
# - {DATE: '2024-02-21T16:42:25.591509'}
# - {CALIB_CREATION_DATE: '2024-02-21'}
# - {CALIB_CREATION_TIME: '16:42:25'}
# - __serialized_columns__:
#     efficiency:
#       __class__: astropy.units.quantity.Quantity
#       unit: !astropy.units.Unit {unit: '%'}
#       value: !astropy.table.SerializedColumn {name: efficiency}
#     wavelength:
#       __class__: astropy.units.quantity.Quantity
#       unit: !astropy.units.Unit {unit: nm}
#       value: !astropy.table.SerializedColumn {name: wavelength}
# schema: astropy-2.0
amp_name wavelength efficiency
C00 319.994 48.51964316940315
C00 324.969 51.214516120272386
C00 349.982 64.92955737904212
C00 374.975 79.35955883929982
C00 400.019 86.71041755019611
C00 424.965 86.50780531170868
C00 450.035 85.02415119358858
C00 475.003 85.4367925740027
C00 500.018 85.67688464291588
C00 525.002 86.2921860255771
C00 550.029 87.71579786217553
C00 575.023 89.45145246843063
C00 599.982 91.14821045921063
C00 619.997 92.20946231385713
C00 624.979 92.57932857297754
C00 650.012 93.82868192939237
C00 675.004 95.02101448667537
C00 700.03 95.9325040756718
C00 725.012 96.72566294590932
C00 750.022 98.19942396783073
C00 774.987 99.83906865489871
C00 799.976 99.98538261709264
C00 824.988 99.34173114277581
C00 850.022 97.92114316653448
C00 869.967 95.58089029115172
C00 875.002 94.41489197448593
C00 899.999 87.14070107387492
C00 919.999 78.4621786396912
C00 925.012 75.34077310039125
C00 949.965 62.49194512051614
C00 975.002 46.93664382104695
C00 999.976 30.569027324726996
C00 1025.028 15.634650997076516
C00 1050.014 6.439890524925069
C00 1075.002 0.8391386813577028
C00 1099.99 0.09092862756084516
C01 319.994 48.1432674229339
C01 324.969 50.784394441141025
C01 349.982 64.43974773277671
C01 374.975 79.33165891468096
C01 400.019 86.99561231371673
C01 424.965 86.76493365371088
C01 450.035 85.12399206882723
C01 475.003 85.37289502713831
C01 500.018 85.5096990203268
C01 525.002 86.10108420446423
C01 550.029 87.55257034780234
C01 575.023 89.37193330108498
C01 599.982 91.15144254684891
C01 619.997 92.26825441367657
C01 624.979 92.64870658682874
C01 650.012 93.93899521292437
C01 675.004 95.16714200760818
C01 700.03 96.11278250663642
C01 725.012 96.95149550990126
C01 750.022 98.47913170302806
C01 774.987 100.17376906771179
C01 799.976 100.34560811761202
C01 824.988 99.71223867959257
C01 850.022 98.31727619126517
C01 869.967 95.98476197969346
C01 875.002 94.80589864377738
C01 899.999 87.40193290793225
C01 919.999 78.72867530899042
C01 925.012 75.63487992082004
C01 949.965 63.08913415856373
C01 975.002 47.3963483346176
C01 999.976 30.618442625449056
C01 1025.028 15.633041000593021
C01 1050.014 6.49577152066469
C01 1075.002 0.8415284689320056
C01 1099.99 0.09118758368945759
C02 319.994 47.59923495528737
C02 324.969 50.188169475016814
C02 349.982 63.73142841819412
C02 374.975 78.92898917518036
C02 400.019 86.85299945998966
C02 424.965 86.67228742853409
C02 450.035 84.96697631751744
C02 475.003 85.11580688629702
C02 500.018 85.18030513303272
C02 525.002 85.73653712542647
C02 550.029 87.17637705171495
C02 575.023 89.01666682855674
C02 599.982 90.82077629475891
C02 619.997 91.94907662153773
C02 624.979 92.33788180007811
C02 650.012 93.63781162416659
C02 675.004 94.88804464257896
C02 700.03 95.8624017112774
C02 725.012 96.7448719024278
C02 750.022 98.32363510500468
C02 774.987 100.07169758135524
C02 799.976 100.27139867126021
C02 824.988 99.63892684843096
C02 850.022 98.26563103747493
C02 869.967 95.96507761628388
C02 875.002 94.78042186338692
C02 899.999 87.2777979193048
C02 919.999 78.56511686481316
C02 925.012 75.49153855233764
C02 949.965 63.21188551664992
C02 975.002 47.60878090656009
C02 999.976 30.571274751706962
C02 1025.028 15.568588671384957
C02 1050.014 6.478270819637501
C02 1075.002 0.8401992927367066
C02 1099.99 0.09104355485380729
C03 319.994 47.40914112611673
C03 324.969 49.96684557000177
C03 349.982 63.47784722962486
C03 374.975 79.02745439911764
C03 400.019 87.24951502443963
C03 424.965 87.13255221958364
C03 450.035 85.39038418822784
C03 475.003 85.47743401631331
C03 500.018 85.48590724964095
C03 525.002 86.00980368283342
C03 550.029 87.43010778061986
C03 575.023 89.27210604514839
C03 599.982 91.08391254555555
C03 619.997 92.22346514908689
C03 624.979 92.61287004818706
C03 650.012 93.9271524197513
C03 675.004 95.19789683339562
C03 700.03 96.19978122135997
C03 725.012 97.13443288527674
C03 750.022 98.77834612522659
C03 774.987 100.58505554377884
C03 799.976 100.819753445642
C03 824.988 100.18112798026905
C03 850.022 98.81832811085482
C03 869.967 96.53048594547676
C03 875.002 95.34834019621442
C03 899.999 87.76942105363058
C03 919.999 78.91874563047675
C03 925.012 75.80524008485995
C03 949.965 63.47511187490683
C03 975.002 47.90255548412159
C03 999.976 30.71212599482378
C03 1025.028 15.60980237210483
C03 1050.014 6.4769578032556785
C03 1075.002 0.8440844836290283
C03 1099.99 0.0914645521019369
C04 319.994 46.966247891931545
C04 324.969 49.479922414761894
C04 349.982 62.85191444429532
C04 374.975 78.55890743009478
C04 400.019 86.96995205682427
C04 424.965 86.92701664184594
C04 450.035 85.1701310590016
C04 475.003 85.21184234212186
C04 500.018 85.1720580338925
C04 525.002 85.66516719632675
C04 550.029 87.05815336813787
C04 575.023 88.8874879791061
C04 599.982 90.6891011971929
C04 619.997 91.82964112213777
C04 624.979 92.21971272010605
C04 650.012 93.52999397772213
C04 675.004 94.81180819040303
C04 700.03 95.83379501913598
C04 725.012 96.8021871110346
C04 750.022 98.49300838024949
C04 774.987 100.3396380961429
C04 799.976 100.59909757816713
C04 824.988 99.97307574159613
C04 850.022 98.63077545496657
C04 869.967 96.3723416043662
C04 875.002 95.19166737707103
C04 899.999 87.61928874630571
C04 919.999 78.73446103024263
C04 925.012 75.61196334303
C04 949.965 63.32347015458736
C04 975.002 47.82293505549243
C04 999.976 30.645630249053955
C04 1025.028 15.573320625028988
C04 1050.014 6.438000595237832
C04 1075.002 0.8416458262915376
C04 1099.99 0.09120030047140731
C05 319.994 46.58248048138037
C05 324.969 49.04973282287264
C05 349.982 62.268958485248476
C05 374.975 78.07083602921495
C05 400.019 86.65267617020051
C05 424.965 86.70049443677853
C05 450.035 84.95987801133677
C05 475.003 84.96764567888617
C05 500.018 84.88886168523624
C05 525.002 85.34687371942226
C05 550.029 86.7100159923164
C05 575.023 88.51062473748655
C05 599.982 90.30410836565103
C05 619.997 91.43848357632599
C05 624.979 91.82743986829787
C05 650.012 93.14496923134863
C05 675.004 94.42966914674001
C05 700.03 95.46457706673651
C05 725.012 96.45828825790728
C05 750.022 98.17536292332473
C05 774.987 100.04598311011216
C05 799.976 100.32639762591499
C05 824.988 99.71995250503814
C05 850.022 98.40918911236969
C05 869.967 96.1734896687686
C05 875.002 95.00405471535035
C05 899.999 87.4767966475901
C05 919.999 78.60431115853295
C05 925.012 75.49071524510683
C05 949.965 63.3063726194243
C05 975.002 47.831700055234876
C05 999.976 30.622388108369446
C05 1025.028 15.574327218027673
C05 1050.014 6.427437815320249
C05 1075.002 0.8389312334025353
C05 1099.99 0.09090614860918587
C06 319.994 46.390177390908654
C06 324.969 48.82602065253866
C06 349.982 61.91915842899229
C06 374.975 77.75606562861523
C06 400.019 86.49776310288915
C06 424.965 86.67942349502202
C06 450.035 85.00328278271407
C06 475.003 85.01527000489982
C06 500.018 84.91483583591742
C06 525.002 85.33564190653891
C06 550.029 86.66134506976812
C06 575.023 88.42993817721705
C06 599.982 90.2020951220136
C06 619.997 91.32896738675693
C06 624.979 91.71757419057704
C06 650.012 93.0358961110319
C06 675.004 94.3256477225361
C06 700.03 95.37346452414253
C06 725.012 96.36745809508997
C06 750.022 98.08859363980818
C06 774.987 99.95311935900477
C06 799.976 100.24461296769545
C06 824.988 99.66184727641006
C06 850.022 98.36866380102066
C06 869.967 96.14634375071542
C06 875.002 94.99228811987105
C06 899.999 87.50406733438908
C06 919.999 78.66713168305198
C06 925.012 75.5540168323669
C06 949.965 63.3941651943461
C06 975.002 47.89202879297401
C06 999.976 30.622381865516722
C06 1025.028 15.568179958727054
C06 1050.014 6.4145757605900116
C06 1075.002 0.8381897553815767
C06 1099.99 0.09082580243958348
C07 319.994 46.22275282939351
C07 324.969 48.63568760270497
C07 349.982 61.56678038623745
C07 374.975 77.2658511101143
C07 400.019 86.11764008723482
C07 424.965 86.55130389099868
C07 450.035 85.04284898508381
C07 475.003 85.14827010836606
C07 500.018 85.06450115875458
C07 525.002 85.4471856919586
C07 550.029 86.70043276085599
C07 575.023 88.38516032006636
C07 599.982 90.08314207153443
C07 619.997 91.17462384001051
C07 624.979 91.55454081414378
C07 650.012 92.84955010494335
C07 675.004 94.13707731733467
C07 700.03 95.17807671059286
C07 725.012 96.15479890729372
C07 750.022 97.82652355042502
C07 774.987 99.64966874749751
C07 799.976 99.93355343194281
C07 824.988 99.37651195849534
C07 850.022 98.09440212849458
C07 869.967 95.89751745115403
C07 875.002 94.73605699573793
C07 899.999 87.28336246430345
C07 919.999 78.54597060022043
C07 925.012 75.46953835129148
C07 949.965 63.429426710527466
C07 975.002 47.92033285583416
C07 999.976 30.474526141645672
C07 1025.028 15.448697784018794
C07 1050.014 6.374839958992971
C07 1075.002 0.8359506254306802
C07 1099.99 0.09058317149205526
C10 319.994 48.491993702543525
C10 324.969 51.18618140851052
C10 349.982 64.97270555185948
C10 374.975 79.6536465790341
C10 400.019 87.10499138281612
C10 424.965 86.8773017898151
C10 450.035 85.38609626292771
C10 475.003 85.87731191556311
C10 500.018 86.15921359430328
C10 525.002 86.78706813466053
C10 550.029 88.18934062725086
C10 575.023 89.87263873878896
C10 599.982 91.50823293046435
C10 619.997 92.53548153474262
C10 624.979 92.90043158400243
C10 650.012 94.11597109694192
C10 675.004 95.28767367552128
C10 700.03 96.0947987674247
C10 725.012 96.6050349558057
C10 750.022 97.70464680755
C10 774.987 98.99588137011725
C10 799.976 98.99348268663297
C10 824.988 98.38446979652277
C10 850.022 96.89182298274262
C10 869.967 94.6785837437262
C10 875.002 93.58180500782133
C10 899.999 86.79724499090227
C10 919.999 78.4148396086974
C10 925.012 75.30679556893499
C10 949.965 62.068036333205654
C10 975.002 46.99154374124918
C10 999.976 30.391112264998863
C10 1025.028 15.354165031660688
C10 1050.014 6.308776204029685
C10 1075.002 0.8349134878413668
C10 1099.99 0.09047078780663696
C11 319.994 48.121369524478446
C11 324.969 50.761458793630986
C11 349.982 64.4678914010936
C11 374.975 79.51889805860716
C11 400.019 87.2115545539629
C11 424.965 86.94986585151352
C11 450.035 85.30071856734259
C11 475.003 85.6060159138396
C11 500.018 85.78425008121211
C11 525.002 86.37489510229078
C11 550.029 87.79601644724022
C11 575.023 89.55817037480737
C11 599.982 91.28571553991614
C11 619.997 92.37042635234167
C11 624.979 92.74732569125246
C11 650.012 94.00907208991619
C11 675.004 95.21188117055681
C11 700.03 96.05077852797582
C11 725.012 96.61315334344391
C11 750.022 97.76964366842226
C11 774.987 99.12375131203507
C11 799.976 99.14860184272112
C11 824.988 98.53668826900117
C11 850.022 97.05335611629744
C11 869.967 94.82515966644779
C11 875.002 93.71692574646947
C11 899.999 86.85605545986955
C11 919.999 78.51165304910226
C11 925.012 75.41644577369357
C11 949.965 62.27103258167687
C11 975.002 47.13739306953412
C11 999.976 30.387485167567302
C11 1025.028 15.378823108163486
C11 1050.014 6.32237735412526
C11 1075.002 0.8354684462876703
C11 1099.99 0.09053092281291986
C12 319.994 47.69708650837186
C12 324.969 50.29393604956015
C12 349.982 63.917245946547254
C12 374.975 79.26909879000607
C12 400.019 87.20793411373809
C12 424.965 86.9839595397394
C12 450.035 85.26358193543598
C12 475.003 85.4639600012807
C12 500.018 85.56174686884684
C12 525.002 86.11677807543502
C12 550.029 87.52782319639387
C12 575.023 89.31910498104381
C12 599.982 91.07755534244669
C12 619.997 92.1869495945405
C12 624.979 92.57035418872621
C12 650.012 93.8554143364773
C12 675.004 95.078038740562
C12 700.03 95.94917990657721
C12 725.012 96.56625217141422
C12 750.022 97.7942005809983
C12 774.987 99.21138513060043
C12 799.976 99.2703271317003
C12 824.988 98.66299834949389
C12 850.022 97.18459752647189
C12 869.967 94.93677459523444
C12 875.002 93.81742958145307
C12 899.999 86.86500583912665
C12 919.999 78.50565811847808
C12 925.012 75.43251816267782
C12 949.965 62.44760849412146
C12 975.002 47.23601770241036
C12 999.976 30.35264692795143
C12 1025.028 15.325584142113629
C12 1050.014 6.301457663768375
C12 1075.002 0.8356777508973298
C12 1099.99 0.0905536029506865
C13 319.994 47.37816653377344
C13 324.969 49.93424744621714
C13 349.982 63.47505116571846
C13 374.975 79.11053960247995
C13 400.019 87.29973702858372
C13 424.965 87.15031956879848
C13 450.035 85.40576131288317
C13 475.003 85.55836132614142
C13 500.018 85.60788314769533
C13 525.002 86.1215468041814
C13 550.029 87.50019421404504
C13 575.023 89.27811736065888
C13 599.982 91.03763944215743
C13 619.997 92.14582483688527
C13 624.979 92.52998852158386
C13 650.012 93.81984768031562
C13 675.004 95.05955369718801
C13 700.03 95.95616048695622
C13 725.012 96.63208104495995
C13 750.022 97.93350136498037
C13 774.987 99.42685071639352
C13 799.976 99.52041657314963
C13 824.988 98.91652557098135
C13 850.022 97.44726971743461
C13 869.967 95.19468714278923
C13 875.002 94.06139883249105
C13 899.999 87.02576672181934
C13 919.999 78.59044562705321
C13 925.012 75.5195166797989
C13 949.965 62.66334017019302
C13 975.002 47.392156378219035
C13 999.976 30.394530226864234
C13 1025.028 15.308512103930147
C13 1050.014 6.283505127112983
C13 1075.002 0.8368675461818614
C13 1099.99 0.0906825285439219
C14 319.994 47.13008895672612
C14 324.969 49.65199825151759
C14 349.982 63.12044951225255
C14 374.975 79.00218609687175
C14 400.019 87.43602958388418
C14 424.965 87.34773030177013
C14 450.035 85.58244211414844
C14 475.003 85.67688877898588
C14 500.018 85.67180773787413
C14 525.002 86.15260487516464
C14 550.029 87.50697947737022
C14 575.023 89.28202130452762
C14 599.982 91.04395844092068
C14 619.997 92.15963720917667
C14 624.979 92.54499411904064
C14 650.012 93.84100700826028
C14 675.004 95.09875882851784
C14 700.03 96.02433140536341
C14 725.012 96.75266342614424
C14 750.022 98.12495984119057
C14 774.987 99.68483527200631
C14 799.976 99.8174615831976
C14 824.988 99.21516952449683
C14 850.022 97.76967697480825
C14 869.967 95.52029524658637
C14 875.002 94.38238375279184
C14 899.999 87.29266614800491
C14 919.999 78.77465808612457
C14 925.012 75.69135879685427
C14 949.965 62.94078121965591
C14 975.002 47.61708459052662
C14 999.976 30.479579730924243
C14 1025.028 15.320962651350111
C14 1050.014 6.284985113217016
C14 1075.002 0.8385030883111109
C14 1099.99 0.09085975503155083
C15 319.994 46.76264761273887
C15 324.969 49.24382748490694
C15 349.982 62.58459827327779
C15 374.975 78.61355692943295
C15 400.019 87.22923901198405
C15 424.965 87.23051791859784
C15 450.035 85.47373597239229
C15 475.003 85.53349378688696
C15 500.018 85.48704055574379
C15 525.002 85.9294253031276
C15 550.029 87.25473540728373
C15 575.023 89.01087534677866
C15 599.982 90.76311065550105
C15 619.997 91.87419421268386
C15 624.979 92.26047487661208
C15 650.012 93.56026314656914
C15 675.004 94.82188119954594
C15 700.03 95.76802700203571
C15 725.012 96.53881080495924
C15 750.022 97.95345051887485
C15 774.987 99.56115691106012
C15 799.976 99.72089490060391
C15 824.988 99.13529484382074
C15 850.022 97.71652443093234
C15 869.967 95.48513116598271
C15 875.002 94.35013817831828
C15 899.999 87.22676014811341
C15 919.999 78.66381318956567
C15 925.012 75.58490875150592
C15 949.965 62.94489563656839
C15 975.002 47.60200157037486
C15 999.976 30.40431589850618
C15 1025.028 15.254678019111518
C15 1050.014 6.258482410177346
C15 1075.002 0.837037134555526
C15 1099.99 0.0907009050511789
C16 319.994 46.527151591575674
C16 324.969 48.97173879337313
C16 349.982 62.170730190018794
C16 374.975 78.22269797417512
C16 400.019 87.00415283937525
C16 424.965 87.16069790824494
C16 450.035 85.47945574486191
C16 475.003 85.54964596099961
C16 500.018 85.47732322165935
C16 525.002 85.88555606536752
C16 550.029 87.17324363235916
C16 575.023 88.8837129032874
C16 599.982 90.60409652821932
C16 619.997 91.7057868825674
C16 624.979 92.08416673129048
C16 650.012 93.38079928079254
C16 675.004 94.64842796232116
C16 700.03 95.60312409778827
C16 725.012 96.38204534778446
C16 750.022 97.81700288348036
C16 774.987 99.43089723354282
C16 799.976 99.60814167107094
C16 824.988 99.03828510424975
C16 850.022 97.62821712631418
C16 869.967 95.40229437032752
C16 875.002 94.27688962061836
C16 899.999 87.14656739975314
C16 919.999 78.56673282685867
C16 925.012 75.47996213675299
C16 949.965 62.9012401594619
C16 975.002 47.52752915837551
C16 999.976 30.29741953134506
C16 1025.028 15.16993089718097
C16 1050.014 6.217306719147915
C16 1075.002 0.8358710174333908
C16 1099.99 0.09057454521120657
C17 319.994 46.44148093173257
C17 324.969 48.863161385239565
C17 349.982 61.87175385248457
C17 374.975 77.72738567221516
C17 400.019 86.64629398390679
C17 424.965 87.13547256473069
C17 450.035 85.68263333497111
C17 475.003 85.8754962144919
C17 500.018 85.81951274745234
C17 525.002 86.19267906352046
C17 550.029 87.39897943212918
C17 575.023 89.01225499296139
C17 599.982 90.64557880667843
C17 619.997 91.69844263166343
C17 624.979 92.07150194603861
C17 650.012 93.33535725087957
C17 675.004 94.5952461480924
C17 700.03 95.54881548660431
C17 725.012 96.30767240335358
C17 750.022 97.69794114549522
C17 774.987 99.28089360631215
C17 799.976 99.44979902057098
C17 824.988 98.91186831075679
C17 850.022 97.51685205576213
C17 869.967 95.29523008726603
C17 875.002 94.16445409761685
C17 899.999 87.0669929341705
C17 919.999 78.55041449584557
C17 925.012 75.48880374049266
C17 949.965 62.99488786614376
C17 975.002 47.58519363036531
C17 999.976 30.238487001648103
C17 1025.028 15.060966169483676
C17 1050.014 6.176007745814629
C17 1075.002 0.8348539024127767
C17 1099.99 0.09046433116083491
