ts8/transmission_sensor/rtm-019_s12/19700101T000000.ecsv
# %ECSV 0.9
# ---
# datatype:
# - {name: amp_name, datatype: string}
# - {name: wavelength, unit: nm, datatype: float32}
# - {name: efficiency, unit: '%', datatype: float32}
# meta: !!omap
# - {MODE: AMP}
# - {TYPE: transmission_sensor}
# - {CALIBDATE: '1970-01-01T00:00:00'}
# - {INSTRUME: TS8}
# - {OBSTYPE: transmission_sensor}
# - {DETECTOR: 140}
# - {CALIBCLS: lsst.ip.isr.IntermediateSensorTransmissionCurve}
# - {PICKLEFILE: RaftRun11808.p}
# - {CALIB_ID: 'raftName=RTM-019 detectorName=S12 detector=140 calibDate=1970-01-01T00:00:00 ccd=140 ccdnum=140 filter=None'}
# - {DATE: '2020-07-23T19:15:38.167712'}
# - {CALIB_CREATION_DATE: '2020-07-23'}
# - {CALIB_CREATION_TIME: '19:15:38'}
# - __serialized_columns__:
#     efficiency:
#       __class__: astropy.units.quantity.Quantity
#       unit: !astropy.units.Unit {unit: '%'}
#       value: !astropy.table.SerializedColumn {name: efficiency}
#     wavelength:
#       __class__: astropy.units.quantity.Quantity
#       unit: !astropy.units.Unit {unit: nm}
#       value: !astropy.table.SerializedColumn {name: wavelength}
# schema: astropy-2.0
amp_name wavelength efficiency
C05 319.994 44.812794
C05 324.969 50.61366
C05 349.982 76.619354
C05 374.975 82.32583
C05 400.019 87.19424
C05 424.965 88.05803
C05 450.035 89.24835
C05 475.003 91.260284
C05 500.018 93.87831
C05 525.002 94.40451
C05 550.029 95.96263
C05 575.023 97.30678
C05 599.982 98.399994
C05 619.997 98.94987
C05 624.979 98.81753
C05 650.012 99.208206
C05 675.004 99.49933
C05 700.03 99.4182
C05 725.012 99.08923
C05 750.022 98.70783
C05 774.987 98.871864
C05 799.976 97.786835
C05 824.988 96.45393
C05 850.022 94.004906
C05 869.967 90.76995
C05 875.002 90.40296
C05 899.999 82.742546
C05 919.999 74.9106
C05 925.012 71.52912
C05 949.965 58.06793
C05 975.002 43.260895
C05 999.976 26.017591
C05 1025.028 11.255313
C05 1050.014 3.9084475
C05 1075.002 2.1261387
C05 1099.99 1.6913989
C10 319.994 43.065777
C10 324.969 48.626038
C10 349.982 73.344925
C10 374.975 79.33325
C10 400.019 85.61089
C10 424.965 87.185394
C10 450.035 88.76065
C10 475.003 90.993774
C10 500.018 93.75085
C10 525.002 94.37585
C10 550.029 95.99674
C10 575.023 97.37537
C10 599.982 98.49146
C10 619.997 99.058044
C10 624.979 98.92929
C10 650.012 99.3254
C10 675.004 99.60329
C10 700.03 99.45182
C10 725.012 98.92207
C10 750.022 98.28949
C10 774.987 98.20474
C10 799.976 97.03164
C10 824.988 95.753456
C10 850.022 93.320404
C10 869.967 90.11795
C10 875.002 89.79392
C10 899.999 82.40911
C10 919.999 74.88886
C10 925.012 71.59926
C10 949.965 57.792164
C10 975.002 42.90924
C10 999.976 25.821375
C10 1025.028 11.220621
C10 1050.014 3.9222531
C10 1075.002 2.1198297
C10 1099.99 1.6774772
C13 319.994 43.7905
C13 324.969 49.440777
C13 349.982 74.53788
C13 374.975 80.34115
C13 400.019 86.16121
C13 424.965 87.51713
C13 450.035 88.980194
C13 475.003 91.14944
C13 500.018 93.86141
C13 525.002 94.452736
C13 550.029 96.04656
C13 575.023 97.40914
C13 599.982 98.51161
C13 619.997 99.06736
C13 624.979 98.93711
C13 650.012 99.32239
C13 675.004 99.6006
C13 700.03 99.48572
C13 725.012 99.06938
C13 750.022 98.58975
C13 774.987 98.660934
C13 799.976 97.54584
C13 824.988 96.25295
C13 850.022 93.84502
C13 869.967 90.66674
C13 875.002 90.32567
C13 899.999 82.78076
C13 919.999 75.041756
C13 925.012 71.703255
C13 949.965 58.08923
C13 975.002 43.25091
C13 999.976 25.993351
C13 1025.028 11.262846
C13 1050.014 3.9052386
C13 1075.002 2.1262937
C13 1099.99 1.6913818
C06 319.994 44.99247
C06 324.969 50.82115
C06 349.982 76.93404
C06 374.975 82.5898
C06 400.019 87.38887
C06 424.965 88.22062
C06 450.035 89.398796
C06 475.003 91.405045
C06 500.018 94.016846
C06 525.002 94.54537
C06 550.029 96.10193
C06 575.023 97.44928
C06 599.982 98.54004
C06 619.997 99.09572
C06 624.979 98.95751
C06 650.012 99.34657
C06 675.004 99.64009
C06 700.03 99.56045
C06 725.012 99.23503
C06 750.022 98.856445
C06 774.987 99.02343
C06 799.976 97.94169
C06 824.988 96.62008
C06 850.022 94.186
C06 869.967 91.00665
C06 875.002 90.62673
C06 899.999 82.859116
C06 919.999 75.09904
C06 925.012 71.753075
C06 949.965 58.35255
C06 975.002 43.30522
C06 999.976 26.085558
C06 1025.028 11.240632
C06 1050.014 3.9264457
C06 1075.002 2.15083
C06 1099.99 1.6983829
C17 319.994 44.4192
C17 324.969 50.158817
C17 349.982 75.550186
C17 374.975 81.10892
C17 400.019 86.5742
C17 424.965 87.76772
C17 450.035 89.150856
C17 475.003 91.28425
C17 500.018 93.969894
C17 525.002 94.53806
C17 550.029 96.11593
C17 575.023 97.46762
C17 599.982 98.55666
C17 619.997 99.10294
C17 624.979 98.964745
C17 650.012 99.343414
C17 675.004 99.61786
C17 700.03 99.50959
C17 725.012 99.127426
C17 750.022 98.67918
C17 774.987 98.78948
C17 799.976 97.69506
C17 824.988 96.434944
C17 850.022 94.10051
C17 869.967 90.99945
C17 875.002 90.68811
C17 899.999 83.10399
C17 919.999 75.13054
C17 925.012 71.84446
C17 949.965 58.41007
C17 975.002 43.541973
C17 999.976 26.157393
C17 1025.028 11.301378
C17 1050.014 3.969758
C17 1075.002 2.175759
C17 1099.99 1.718114
C07 319.994 45.144066
C07 324.969 50.99002
C07 349.982 76.98372
C07 374.975 82.427
C07 400.019 87.210106
C07 424.965 88.06189
C07 450.035 89.255936
C07 475.003 91.2736
C07 500.018 93.88642
C07 525.002 94.41014
C07 550.029 95.95799
C07 575.023 97.29471
C07 599.982 98.37297
C07 619.997 98.91253
C07 624.979 98.77587
C07 650.012 99.14738
C07 675.004 99.42561
C07 700.03 99.326614
C07 725.012 98.95361
C07 750.022 98.515396
C07 774.987 98.623604
C07 799.976 97.52332
C07 824.988 96.221855
C07 850.022 93.84858
C07 869.967 90.687195
C07 875.002 90.27686
C07 899.999 82.518456
C07 919.999 75.07694
C07 925.012 71.75033
C07 949.965 58.16464
C07 975.002 43.044666
C07 999.976 25.928476
C07 1025.028 11.194828
C07 1050.014 4.000137
C07 1075.002 2.1852126
C07 1099.99 1.7044811
C11 319.994 43.38314
C11 324.969 48.983265
C11 349.982 73.91507
C11 374.975 79.89511
C11 400.019 85.994606
C11 424.965 87.474434
C11 450.035 88.99623
C11 475.003 91.204956
C11 500.018 93.94592
C11 525.002 94.557976
C11 550.029 96.16744
C11 575.023 97.547844
C11 599.982 98.66168
C11 619.997 99.22665
C11 624.979 99.09772
C11 650.012 99.49314
C11 675.004 99.77562
C11 700.03 99.63759
C11 725.012 99.14339
C11 750.022 98.5526
C11 774.987 98.5174
C11 799.976 97.36141
C11 824.988 96.0771
C11 850.022 93.64932
C11 869.967 90.443115
C11 875.002 90.11297
C11 899.999 82.66274
C11 919.999 75.07847
C11 925.012 71.78388
C11 949.965 58.007202
C11 975.002 43.142914
C11 999.976 25.927332
C11 1025.028 11.250164
C11 1050.014 3.9267318
C11 1075.002 2.128203
C11 1099.99 1.6857858
C12 319.994 43.608513
C12 324.969 49.23652
C12 349.982 74.24225
C12 374.975 80.10678
C12 400.019 86.03868
C12 424.965 87.44712
C12 450.035 88.93846
C12 475.003 91.12105
C12 500.018 93.84518
C12 525.002 94.439804
C12 550.029 96.045044
C12 575.023 97.40897
C12 599.982 98.51351
C12 619.997 99.0702
C12 624.979 98.94545
C12 650.012 99.334465
C12 675.004 99.6119
C12 700.03 99.48267
C12 725.012 99.02617
C12 750.022 98.49142
C12 774.987 98.506386
C12 799.976 97.370285
C12 824.988 96.08045
C12 850.022 93.66314
C12 869.967 90.48694
C12 875.002 90.13342
C12 899.999 82.64747
C12 919.999 74.9756
C12 925.012 71.701485
C12 949.965 57.99101
C12 975.002 43.13998
C12 999.976 25.951134
C12 1025.028 11.22911
C12 1050.014 3.9083776
C12 1075.002 2.1267598
C12 1099.99 1.6881164
C01 319.994 44.032944
C01 324.969 49.73133
C01 349.982 75.490685
C01 374.975 81.60983
C01 400.019 86.93516
C01 424.965 87.98547
C01 450.035 89.265305
C01 475.003 91.32761
C01 500.018 93.98251
C01 525.002 94.53541
C01 550.029 96.12419
C01 575.023 97.49595
C01 599.982 98.6141
C01 619.997 99.1863
C01 624.979 99.054886
C01 650.012 99.46037
C01 675.004 99.76176
C01 700.03 99.64312
C01 725.012 99.174576
C01 750.022 98.599045
C01 774.987 98.57673
C01 799.976 97.41655
C01 824.988 96.13787
C01 850.022 93.587944
C01 869.967 90.31989
C01 875.002 89.988846
C01 899.999 82.63189
C01 919.999 74.802605
C01 925.012 71.51202
C01 949.965 57.896572
C01 975.002 43.10645
C01 999.976 25.990297
C01 1025.028 11.220509
C01 1050.014 3.9216638
C01 1075.002 2.1369634
C01 1099.99 1.6876272
C04 319.994 44.46708
C04 324.969 50.22312
C04 349.982 76.08596
C04 374.975 81.90066
C04 400.019 86.89129
C04 424.965 87.80476
C04 450.035 89.01529
C04 475.003 91.04006
C04 500.018 93.654274
C04 525.002 94.19203
C04 550.029 95.75146
C04 575.023 97.09805
C04 599.982 98.19543
C04 619.997 98.75145
C04 624.979 98.61942
C04 650.012 99.012535
C04 675.004 99.307625
C04 700.03 99.217926
C04 725.012 98.863846
C04 750.022 98.4512
C04 774.987 98.57855
C04 799.976 97.482956
C04 824.988 96.16716
C04 850.022 93.68519
C04 869.967 90.44194
C04 875.002 90.09012
C04 899.999 82.54848
C04 919.999 74.64091
C04 925.012 71.30078
C04 949.965 57.896725
C04 975.002 43.14236
C04 999.976 25.985714
C04 1025.028 11.208249
C04 1050.014 3.8978703
C04 1075.002 2.1217914
C04 1099.99 1.6865305
C03 319.994 44.34332
C03 324.969 50.08037
C03 349.982 75.89524
C03 374.975 81.7987
C03 400.019 86.90246
C03 424.965 87.866104
C03 450.035 89.10284
C03 475.003 91.13975
C03 500.018 93.77121
C03 525.002 94.31052
C03 550.029 95.87862
C03 575.023 97.23586
C03 599.982 98.335785
C03 619.997 98.89577
C03 624.979 98.76215
C03 650.012 99.15751
C03 675.004 99.45216
C03 700.03 99.35603
C03 725.012 98.96054
C03 750.022 98.492645
C03 774.987 98.57375
C03 799.976 97.45633
C03 824.988 96.15573
C03 850.022 93.65296
C03 869.967 90.36836
C03 875.002 90.02376
C03 899.999 82.63115
C03 919.999 74.744446
C03 925.012 71.40788
C03 949.965 57.870827
C03 975.002 43.147545
C03 999.976 26.027845
C03 1025.028 11.248677
C03 1050.014 3.9104981
C03 1075.002 2.1242535
C03 1099.99 1.6875046
C15 319.994 44.090286
C15 324.969 49.783928
C15 349.982 75.07088
C15 374.975 80.75474
C15 400.019 86.314735
C15 424.965 87.5446
C15 450.035 88.94442
C15 475.003 91.0735
C15 500.018 93.75979
C15 525.002 94.33265
C15 550.029 95.918816
C15 575.023 97.273026
C15 599.982 98.36877
C15 619.997 98.91826
C15 624.979 98.78764
C15 650.012 99.17396
C15 675.004 99.45626
C15 700.03 99.35954
C15 725.012 99.01481
C15 750.022 98.61971
C15 774.987 98.78061
C15 799.976 97.70233
C15 824.988 96.41566
C15 850.022 94.04339
C15 869.967 90.88586
C15 875.002 90.55473
C15 899.999 82.95141
C15 919.999 75.03185
C15 925.012 71.67124
C15 949.965 58.18689
C15 975.002 43.418022
C15 999.976 26.080296
C15 1025.028 11.278313
C15 1050.014 3.8964298
C15 1075.002 2.1357977
C15 1099.99 1.7013323
C14 319.994 43.95991
C14 324.969 49.635864
C14 349.982 74.84247
C14 374.975 80.6011
C14 400.019 86.30677
C14 424.965 87.60655
C14 450.035 89.04017
C14 475.003 91.18642
C14 500.018 93.890755
C14 525.002 94.472946
C14 550.029 96.06723
C14 575.023 97.42254
C14 599.982 98.524536
C14 619.997 99.07607
C14 624.979 98.95001
C14 650.012 99.33436
C14 675.004 99.610886
C14 700.03 99.51081
C14 725.012 99.133026
C14 750.022 98.707466
C14 774.987 98.83123
C14 799.976 97.73374
C14 824.988 96.442245
C14 850.022 94.049965
C14 869.967 90.86795
C14 875.002 90.52618
C14 899.999 82.95163
C14 919.999 75.11054
C14 925.012 71.75389
C14 949.965 58.211594
C14 975.002 43.383312
C14 999.976 26.047579
C14 1025.028 11.288707
C14 1050.014 3.9061604
C14 1075.002 2.131373
C14 1099.99 1.6978266
C00 319.994 43.807316
C00 324.969 49.47939
C00 349.982 75.146935
C00 374.975 81.32738
C00 400.019 86.75124
C00 424.965 87.85072
C00 450.035 89.15447
C00 475.003 91.236115
C00 500.018 93.90043
C00 525.002 94.46933
C00 550.029 96.058365
C00 575.023 97.44248
C00 599.982 98.56038
C00 619.997 99.133354
C00 624.979 99.000435
C00 650.012 99.41408
C00 675.004 99.71506
C00 700.03 99.5834
C00 725.012 99.08007
C00 750.022 98.45762
C00 774.987 98.388016
C00 799.976 97.212906
C00 824.988 95.93435
C00 850.022 93.375114
C00 869.967 90.12391
C00 875.002 89.81159
C00 899.999 82.45886
C00 919.999 74.682304
C00 925.012 71.40061
C00 949.965 57.765903
C00 975.002 43.012836
C00 999.976 25.889992
C00 1025.028 11.198913
C00 1050.014 3.922777
C00 1075.002 2.133896
C00 1099.99 1.6808906
C16 319.994 44.125053
C16 324.969 49.82939
C16 349.982 75.16562
C16 374.975 80.82065
C16 400.019 86.30639
C16 424.965 87.49818
C16 450.035 88.879036
C16 475.003 90.99646
C16 500.018 93.67549
C16 525.002 94.245094
C16 550.029 95.827354
C16 575.023 97.1776
C16 599.982 98.271355
C16 619.997 98.82046
C16 624.979 98.693306
C16 650.012 99.075584
C16 675.004 99.35518
C16 700.03 99.2651
C16 725.012 98.92535
C16 750.022 98.53813
C16 774.987 98.7034
C16 799.976 97.627625
C16 824.988 96.35873
C16 850.022 93.99587
C16 869.967 90.88618
C16 875.002 90.570946
C16 899.999 82.9528
C16 919.999 74.98931
C16 925.012 71.66034
C16 949.965 58.262592
C16 975.002 43.503006
C16 999.976 26.110876
C16 1025.028 11.261397
C16 1050.014 3.911091
C16 1075.002 2.1521637
C16 1099.99 1.7078818
C02 319.994 44.25636
C02 324.969 49.98168
C02 349.982 75.80038
C02 374.975 81.796234
C02 400.019 86.98751
C02 424.965 87.98781
C02 450.035 89.241066
C02 475.003 91.29038
C02 500.018 93.93223
C02 525.002 94.480316
C02 550.029 96.05535
C02 575.023 97.41983
C02 599.982 98.52876
C02 619.997 99.09411
C02 624.979 98.96296
C02 650.012 99.36017
C02 675.004 99.65627
C02 700.03 99.549385
C02 725.012 99.11106
C02 750.022 98.59429
C02 774.987 98.62032
C02 799.976 97.481445
C02 824.988 96.19568
C02 850.022 93.660736
C02 869.967 90.382576
C02 875.002 90.05284
C02 899.999 82.68897
C02 919.999 74.81538
C02 925.012 71.50667
C02 949.965 57.93497
C02 975.002 43.17072
C02 999.976 26.036743
C02 1025.028 11.245697
C02 1050.014 3.9177442
C02 1075.002 2.1328495
C02 1099.99 1.6889409
