lsstCam/transmission_filter_detector/r32_s22/r_57/19700101T000000.ecsv
# %ECSV 1.0
# ---
# datatype:
# - {name: wavelength, unit: nm, datatype: float32}
# - {name: efficiency, unit: '%', datatype: float64}
# meta: !!omap
# - {MODE: DETECTOR}
# - {TYPE: transmission_filter_detector}
# - {CALIBDATE: '1970-01-01T00:00:00'}
# - {INSTRUME: LSSTCam}
# - {OBSTYPE: transmission_filter_detector}
# - {CALIBCLS: lsst.ip.isr.IntermediateFilterDetectorTransmissionCurve}
# - {SOURCE: Materion (DM-46256)}
# - {DETECTOR: 143}
# - {FILTER: r_57}
# - {CALIB_ID: 'calibDate=1970-01-01T00:00:00 filter=r_57 detector=143'}
# - {DATE: '2025-04-02T15:59:44.846770'}
# - {CALIB_CREATION_DATE: '2025-04-02'}
# - {CALIB_CREATION_TIME: '15:59:44'}
# - __serialized_columns__:
#     efficiency:
#       __class__: astropy.units.quantity.Quantity
#       unit: !astropy.units.Unit {unit: '%'}
#       value: !astropy.table.SerializedColumn {name: efficiency}
#     wavelength:
#       __class__: astropy.units.quantity.Quantity
#       unit: !astropy.units.Unit {unit: nm}
#       value: !astropy.table.SerializedColumn {name: wavelength}
# schema: astropy-2.0
wavelength efficiency
300.0 0.0018132432160200551
301.0 0.004921084473608062
302.0 0.00802892682258971
303.0 0.01025376477628015
304.0 0.01247860345756635
305.0 0.01115918203140609
306.0 0.009839760605245829
307.0 0.008389284630538896
308.0 0.006938809383427724
309.0 0.006076016870792955
310.0 0.005213224721956067
311.0 0.004916581019642763
312.0 0.0046199391363188624
313.0 0.00428502717113588
314.0 0.003950114842155017
315.0 0.0038760408642701805
316.0 0.003801965794991702
317.0 0.003564379585441202
318.0 0.0033267926482949406
319.0 0.0031237766961567104
320.0 0.0029207609259174205
321.0 0.002849649536074139
322.0 0.0027785388738266192
323.0 0.0025131297661573626
324.0 0.0022477210222859867
325.0 0.0021111085516167805
326.0 0.0019744962628465146
327.0 0.001940823312907014
328.0 0.0019071503629675135
329.0 0.0020356323148007505
330.0 0.0021641142666339874
331.0 0.0021844871298526414
332.0 0.002204859811172355
333.0 0.0019637778677861206
334.0 0.0017226959243998863
335.0 0.001572145993122831
336.0 0.0014215959708963055
337.0 0.0012666235306824092
338.0 0.0011116509085695725
339.0 0.0009915972441376653
340.0 0.0008715434887562878
341.0 0.0007973490937729366
342.0 0.0007231547442643205
343.0 0.0007256651315401541
344.0 0.0007281757461896632
345.0 0.0007400250979117118
346.0 0.0007518745860579656
347.0 0.0007590707809868036
348.0 0.0007662668394914363
349.0 0.0007656308298464864
350.0 0.0025962592189898714
351.0 0.004455897578736767
352.0 0.006315535574685782
353.0 0.005416608473751694
354.0 0.004517683191807009
355.0 0.004647509558708407
356.0 0.004777335925609805
357.0 0.004808655648957938
358.0 0.004839978282689117
359.0 0.0040717892261454836
360.0 0.003303600533399731
361.0 0.0025477282179053873
362.0 0.001791856084309984
363.0 0.002335825593036134
364.0 0.0028797954655601643
365.0 0.002803637289616745
366.0 0.0027274789317743853
367.0 0.0023517275621998124
368.0 0.0019759761926252395
369.0 0.003118334643659182
370.0 0.004260693094693124
371.0 0.004176002039457671
372.0 0.004091310620424338
373.0 0.0041723003960214555
374.0 0.004253290171618573
375.0 0.0030764251278014854
376.0 0.0018995600839843974
377.0 0.002180083538405597
378.0 0.0024606071747257374
379.0 0.0020864117686869577
380.0 0.0017122161807492375
381.0 0.0019793009414570406
382.0 0.0022463857021648437
383.0 0.002832443351508118
384.0 0.003418500637053512
385.0 0.004159154195804149
386.0 0.004899808482150547
387.0 0.004544413604889996
388.0 0.004189019455225207
389.0 0.002935181873908732
390.0 0.001681344110693317
391.0 0.0012351132681942545
392.0 0.0007888826075941324
393.0 0.0012184699698991608
394.0 0.0016480575141031295
395.0 0.0011523536159074865
396.0 0.0006566497177118436
397.0 0.0005946544206381077
398.0 0.000532659214513842
399.0 0.0009786271220946219
400.0 0.001424595666321693
401.0 0.0013237448001746088
402.0 0.0012228939340275247
403.0 0.0011427818208176177
404.0 0.001062669798557181
405.0 0.0010350633601774462
406.0 0.001007457194646122
407.0 0.0009754751772561576
408.0 0.0009434933417651337
409.0 0.0013796354323858395
410.0 0.0018157774320570752
411.0 0.0016112977391458116
412.0 0.001406818046234548
413.0 0.0017114034562837332
414.0 0.0020159890482318588
415.0 0.0018857288523577154
416.0 0.0017554690202814527
417.0 0.0013406434845819604
418.0 0.000925817948882468
419.0 0.001549694934510626
420.0 0.0021735719201387838
421.0 0.003884483521687798
422.0 0.005595395123236813
423.0 0.008495820657117292
424.0 0.01139624509960413
425.0 0.01509219000581652
426.0 0.018788137822411954
427.0 0.019116738985758275
428.0 0.019445341604296118
429.0 0.01568843435961753
430.0 0.011931527114938945
431.0 0.008191265078494325
432.0 0.0044510023144539446
433.0 0.003643469972303137
434.0 0.002835937266354449
435.0 0.002306954047526233
436.0 0.0017779706467990763
437.0 0.0011961089512624312
438.0 0.0006142473921499914
439.0 0.0007397757144644856
440.0 0.0008653039913042448
441.0 0.001136946229962632
442.0 0.0014085885595704895
443.0 0.0016496171156177297
444.0 0.0018906455807154998
445.0 0.0016184663763851859
446.0 0.0013462874449032824
447.0 0.0013745641808782239
448.0 0.0014028404621058144
449.0 0.0013627816770167556
450.0 0.0013227224371803459
451.0 0.0012595251064340118
452.0 0.0011963276847382076
453.0 0.0012626624084077775
454.0 0.0013289969501784071
455.0 0.0010796894457598682
456.0 0.0008303818503918592
457.0 0.0008764245649217628
458.0 0.0009224672794516664
459.0 0.0009740872883412521
460.0 0.0010257072062813677
461.0 0.0016216436051763594
462.0 0.0022175801859702915
463.0 0.003030016159755178
464.0 0.003842452497337945
465.0 0.0046774192014709115
466.0 0.0055123855418059975
467.0 0.006041653250576928
468.0 0.0065709216869436204
469.0 0.005712972051696852
470.0 0.0048550220526522025
471.0 0.003546927109709941
472.0 0.002238831621070858
473.0 0.001665967283770442
474.0 0.001093102946470026
475.0 0.0009737420441524591
476.0 0.0008543811418348923
477.0 0.0007591174835397396
478.0 0.0006638540071435273
479.0 0.000597947473579552
480.0 0.0005320409854903119
481.0 0.00044014859668095596
482.0 0.0003482562306089676
483.0 0.000395737015423947
484.0 0.00044321795940049924
485.0 0.0005492283435160061
486.0 0.0006552386366820429
487.0 0.0005574683655140689
488.0 0.0004596980943460949
489.0 0.0007371573246928165
490.0 0.0010146166459890082
491.0 0.0008585045179643203
492.0 0.0007023926627880428
493.0 0.0008182332749129273
494.0 0.0009340737051388714
495.0 0.000962252033787081
496.0 0.0009904302714858204
497.0 0.0009896863048197702
498.0 0.00098894233815372
499.0 0.0010449592991790269
500.0 0.0011009761692548636
501.0 0.0014047195691091474
502.0 0.0017084626961150207
503.0 0.0019105258616036735
504.0 0.0021125886632944457
505.0 0.0025061088308575563
506.0 0.0028996288165217265
507.0 0.003693058533826843
508.0 0.0044864878873340786
509.0 0.004912087752018124
510.0 0.005337687616702169
511.0 0.0048032172344392166
512.0 0.004268746852176264
513.0 0.0036154720874037594
514.0 0.0029621976864291355
515.0 0.002797367596940603
516.0 0.002632537689351011
517.0 0.0025398616344318725
518.0 0.0024471853976137936
519.0 0.006732282054144889
520.0 0.08898204541765153
521.0 0.056262739235535264
522.0 0.09774765931069851
523.0 0.1187834539450705
524.0 0.09728142758831382
525.0 0.07382982294075191
526.0 0.053951703011989594
527.0 0.09898000862449408
528.0 0.15576051082462072
529.0 0.09877440752461553
530.0 0.19445889629423618
531.0 0.13689362676814198
532.0 0.23660820443183184
533.0 0.29050151351839304
534.0 0.3904895391315222
535.0 0.4434306174516678
536.0 0.493931258097291
537.0 0.7481049746274948
538.0 1.1959063820540905
539.0 1.7743613570928574
540.0 2.8861921280622482
541.0 4.420475661754608
542.0 6.502554565668106
543.0 9.34557393193245
544.0 12.672297656536102
545.0 16.521187126636505
546.0 21.05068266391754
547.0 26.882213354110718
548.0 34.18217897415161
549.0 42.12008714675903
550.0 49.07819926738739
551.0 57.1247935295105
552.0 62.91590332984924
553.0 68.35629343986511
554.0 72.99977540969849
555.0 77.08900570869446
556.0 80.9995174407959
557.0 83.92493724822998
558.0 87.46945261955261
559.0 90.95535278320312
560.0 91.95594191551208
561.0 93.86903047561646
562.0 94.85495686531067
563.0 94.64581608772278
564.0 95.4296350479126
565.0 95.02010941505432
566.0 95.74631452560425
567.0 94.75569128990173
568.0 95.63071131706238
569.0 96.18363976478577
570.0 95.68541646003723
571.0 96.48674130439758
572.0 96.35800123214722
573.0 96.46759033203125
574.0 96.5461254119873
575.0 96.62299752235413
576.0 97.34965562820435
577.0 96.79833650588989
578.0 97.0749020576477
579.0 96.68296575546265
580.0 96.29945755004883
581.0 96.08544111251831
582.0 96.58159613609314
583.0 96.67849540710449
584.0 95.70870995521545
585.0 96.14269137382507
586.0 96.14148736000061
587.0 95.80093026161194
588.0 96.1005449295044
589.0 96.9555139541626
590.0 96.32307291030884
591.0 95.6206738948822
592.0 95.58073282241821
593.0 95.54455280303955
594.0 95.69525122642517
595.0 95.92173099517822
596.0 96.55169248580933
597.0 96.99730277061462
598.0 96.30910754203796
599.0 96.31839990615845
600.0 96.22671604156494
601.0 95.74341773986816
602.0 96.06810808181763
603.0 95.56331634521484
604.0 96.17019891738892
605.0 96.41883969306946
606.0 96.06939554214478
607.0 95.7938015460968
608.0 96.02903723716736
609.0 95.45779824256897
610.0 95.60059905052185
611.0 95.67424654960632
612.0 95.39827108383179
613.0 96.50104641914368
614.0 96.35646939277649
615.0 95.86569666862488
616.0 96.15170955657959
617.0 95.88344693183899
618.0 96.18646502494812
619.0 96.66589498519897
620.0 95.87311148643494
621.0 95.38881778717041
622.0 96.37327790260315
623.0 96.41496539115906
624.0 96.0908055305481
625.0 96.62102460861206
626.0 95.70389986038208
627.0 95.13212442398071
628.0 96.64653539657593
629.0 95.0543761253357
630.0 96.3158369064331
631.0 95.95301747322083
632.0 96.33964896202087
633.0 96.1730420589447
634.0 95.69573998451233
635.0 95.95322608947754
636.0 95.88688611984253
637.0 95.45278549194336
638.0 95.19653916358948
639.0 95.19909024238586
640.0 95.36667466163635
641.0 95.21031379699707
642.0 95.76777815818787
643.0 95.64470052719116
644.0 95.79317569732666
645.0 95.6096887588501
646.0 95.87944746017456
647.0 96.85196876525879
648.0 96.03336453437805
649.0 95.76534032821655
650.0 96.14412188529968
651.0 96.55835628509521
652.0 96.44306302070618
653.0 95.65840363502502
654.0 96.46592140197754
655.0 96.29953503608704
656.0 95.60295343399048
657.0 95.46069502830505
658.0 96.0289478302002
659.0 96.15612030029297
660.0 95.13999819755554
661.0 95.41425108909607
662.0 95.50868272781372
663.0 95.4171359539032
664.0 95.48794627189636
665.0 95.15027403831482
666.0 95.0894296169281
667.0 95.36682367324829
668.0 95.10597586631775
669.0 95.3036904335022
670.0 95.35021781921387
671.0 95.40519118309021
672.0 95.23923397064209
673.0 95.31094431877136
674.0 94.83668804168701
675.0 95.48581838607788
676.0 94.6964979171753
677.0 93.98453831672668
678.0 93.25042366981506
679.0 92.27299094200134
680.0 91.8079137802124
681.0 90.52976369857788
682.0 88.34401369094849
683.0 85.74113249778748
684.0 82.28408098220825
685.0 78.78204584121704
686.0 75.12919306755066
687.0 70.56306004524231
688.0 65.98056554794312
689.0 61.422550678253174
690.0 56.094419956207275
691.0 51.884448528289795
692.0 47.31764495372772
693.0 42.97792911529541
694.0 37.963372468948364
695.0 33.04034471511841
696.0 27.798575162887573
697.0 22.901545464992523
698.0 17.263934016227722
699.0 12.70405501127243
700.0 9.061871469020844
701.0 5.787518620491028
702.0 3.6576073616743088
703.0 2.2233204916119576
704.0 1.2601662427186966
705.0 0.7615570444613695
706.0 0.44919070787727833
707.0 0.30704347882419825
708.0 0.2039163839071989
709.0 0.17044421983882785
710.0 0.10172234615311027
711.0 0.10897084139287472
712.0 0.05939872935414314
713.0 0.046695006312802434
714.0 0.06722997059114277
715.0 0.07275008829310536
716.0 0.08071271004155278
717.0 0.07829240639694035
718.0 0.060582783771678805
719.0 0.04761280433740467
720.0 1.5916470615454092e-10
721.0 0.0045449025492416695
722.0 0.004477493712329306
723.0 0.004410084875416942
724.0 0.004003721915069036
725.0 0.0035973585909232497
726.0 0.0034384320315439254
727.0 0.0032795047445688397
728.0 0.0031625859264750034
729.0 0.003045666562684346
730.0 0.0028442267648642883
731.0 0.0026427869670442306
732.0 0.002516002132324502
733.0 0.0023892178433015943
734.0 0.0022612495740759186
735.0 0.0021332814867491834
736.0 0.0020704570488305762
737.0 0.0020076324290130287
738.0 0.0018780299797072075
739.0 0.001748427348502446
740.0 0.0017182514056912623
741.0 0.0016880752809811383
742.0 0.0016290461644530296
743.0 0.0015700168660259806
744.0 0.0016083233276731335
745.0 0.0016466297893202864
746.0 0.0014624988580180798
747.0 0.0012783676538674626
748.0 0.0013157083230908029
749.0 0.0013530490832636133
750.0 0.001341082952421857
751.0 0.001329116912529571
752.0 0.0012453054296202026
753.0 0.001161493855761364
754.0 0.0011878537407028489
755.0 0.0012142134437453933
756.0 0.001216733562614536
757.0 0.001219253408635268
758.0 0.0012321419490035623
759.0 0.0012450305803213269
760.0 0.001271755445486633
761.0 0.0012984804925508797
762.0 0.0011094181900261901
763.0 0.0009203559784509707
764.0 0.001018666625896003
765.0 0.0011169769095431548
766.0 0.0009444346687814686
767.0 0.0007718924280197825
768.0 0.0007871662091929466
769.0 0.0008024398084671702
770.0 0.0008279866960947402
771.0 0.0008535334018233698
772.0 0.0009547903573547956
773.0 0.0010560472219367512
774.0 0.0009940165000443812
775.0 0.0009319856872025412
776.0 0.0009424432391824666
777.0 0.000952901245909743
778.0 0.0008354571036761627
779.0 0.0007180130069173174
780.0 0.0007035681392153492
781.0 0.0006891230896144407
782.0 0.0007733585334790405
783.0 0.0008575939318689052
784.0 0.0008253010491898749
785.0 0.0007930079846119042
786.0 0.0007506137080781627
787.0 0.0007082194770191563
788.0 0.0006992516773607349
789.0 0.0006902840596012538
790.0 0.0006280998604779597
791.0 0.0005659156158799306
792.0 0.000554837833988131
793.0 0.0005437600975710666
794.0 0.0006383042546076467
795.0 0.0007328483661694918
796.0 0.0006382951141858939
797.0 0.000543741862202296
798.0 0.000621392109678709
799.0 0.000699042448104592
800.0 0.0007085127890604781
801.0 0.0007179829026426887
802.0 0.0007201510015875101
803.0 0.0007223191460070666
804.0 0.0006747651241312269
805.0 0.0006272111477301223
806.0 0.0005656908797391225
807.0 0.0005041707481723279
808.0 0.0005930570750933839
809.0 0.0006819434020144399
810.0 0.0007529280992457643
811.0 0.0008239125236286782
812.0 0.0006616578502871562
813.0 0.0004994029495719587
814.0 0.0006483361175924074
815.0 0.0007972691491886508
816.0 0.0008616580089437775
817.0 0.0009260468686989043
818.0 0.0007135565283533651
819.0 0.0005010664608562365
820.0 0.0006634122655668762
821.0 0.0008257579793280456
822.0 0.0007698354238527827
823.0 0.0007139130502764601
824.0 0.0006606509941775585
825.0 0.0006073892564018024
826.0 0.0006259224392124452
827.0 0.0006444556220230879
828.0 0.0005927382517256774
829.0 0.000541020972377737
830.0 0.00021832681795785902
831.0 1.5916470615454092e-10
832.0 1.5916470615454092e-10
833.0 1.5916470615454092e-10
834.0 1.5916470615454092e-10
835.0 1.5916470615454092e-10
836.0 4.941580300510395e-05
837.0 0.00016107273950183298
838.0 0.0007325840215344215
839.0 0.001304095349041745
840.0 0.0016338472050847486
841.0 0.0019635992430266924
842.0 0.0023598195184604265
843.0 0.0027560397938941605
844.0 0.0026087931473739445
845.0 0.0024615465008537285
846.0 0.0020788285837625153
847.0 0.0016961104847723618
848.0 0.0016048990801209584
849.0 0.0015136874026211444
850.0 0.0014787576219532639
851.0 0.0014438279322348535
852.0 0.0014091470802668482
853.0 0.001374466319248313
854.0 0.0011669199921016116
855.0 0.0009593735740054399
856.0 0.0008126813554554246
857.0 0.0006659892278548796
858.0 0.0005419250101112993
859.0 0.0004178609287919244
860.0 0.000326450776810816
861.0 0.00023504067030444276
862.0 0.00029004299904045183
863.0 0.00034504530503909336
864.0 0.00026635461836121976
865.0 0.00018766397715808125
866.0 0.00022484175588033395
867.0 0.00026201953460258665
868.0 0.00014954061953176279
869.0 3.706167888140044e-05
870.0 0.00017161834193757386
871.0 0.0003061750248889439
872.0 0.0002612332082208013
873.0 0.00021629143702739384
874.0 0.00025077879399759695
875.0 0.0002852661282304325
876.0 0.00013767506743533886
877.0 1.5916470615454092e-10
878.0 2.925048931956553e-05
879.0 6.841697199888586e-05
880.0 0.0001514455448159424
881.0 0.0002344741460547084
882.0 0.00019015053567272844
883.0 0.0001458269593967998
884.0 0.00013129963463143213
885.0 0.00011677232123474823
886.0 0.00015285811514331726
887.0 0.0001889438635771512
888.0 0.00017899371869134484
889.0 0.00016904358517422224
890.0 0.0001375553097204829
891.0 0.00010606705700411112
892.0 9.004772323351062e-05
893.0 7.402838946291013e-05
894.0 9.645755483234097e-06
895.0 1.5916470615454092e-10
896.0 1.5916470615454092e-10
897.0 1.731826984041618e-05
898.0 1.029914145078692e-05
899.0 3.2800095084439818e-06
