lsstCam/transmission_filter_detector/r32_s22/r_57/19700101T000000.ecsv
# %ECSV 1.0
# ---
# datatype:
# - {name: wavelength, unit: nm, datatype: float32}
# - {name: efficiency, unit: '%', datatype: float64}
# meta: !!omap
# - {MODE: DETECTOR}
# - {TYPE: transmission_filter_detector}
# - {CALIBDATE: '1970-01-01T00:00:00'}
# - {INSTRUME: LSSTCam}
# - {OBSTYPE: transmission_filter_detector}
# - {CALIBCLS: lsst.ip.isr.IntermediateFilterDetectorTransmissionCurve}
# - {SOURCE: Materion (DM-46256)}
# - {DETECTOR: 143}
# - {FILTER: r_57}
# - {CALIB_ID: 'calibDate=1970-01-01T00:00:00 filter=r_57 detector=143'}
# - {DATE: '2025-04-02T15:59:44.846770'}
# - {CALIB_CREATION_DATE: '2025-04-02'}
# - {CALIB_CREATION_TIME: '15:59:44'}
# - __serialized_columns__:
#     efficiency:
#       __class__: astropy.units.quantity.Quantity
#       unit: !astropy.units.Unit {unit: '%'}
#       value: !astropy.table.SerializedColumn {name: efficiency}
#     wavelength:
#       __class__: astropy.units.quantity.Quantity
#       unit: !astropy.units.Unit {unit: nm}
#       value: !astropy.table.SerializedColumn {name: wavelength}
# schema: astropy-2.0
wavelength efficiency
[from data line 601]
901.0 1.5916470615454092e-10
902.0 1.5916470615454092e-10
903.0 1.5916470615454092e-10
904.0 3.467781652943813e-05
905.0 0.00012583706165969488
906.0 0.00011742008609871846
907.0 0.0001090031219064258
908.0 0.00017372665297443746
909.0 0.00023845016130508156
910.0 0.00015182139350145007
911.0 6.519263138216047e-05
912.0 0.0001326130018242111
913.0 0.00020003333247586852
914.0 0.00018474523812983534
915.0 0.0001694571324151184
916.0 0.00011691828376569902
917.0 6.437938964154455e-05
918.0 0.00010570239510343526
919.0 0.0001470253891966422
920.0 0.00014835376305200043
921.0 0.00014968213690735865
922.0 0.00014080756045586895
923.0 0.00013193299537306302
924.0 0.00017307593225268647
925.0 0.00021421885776362615
926.0 0.0001863814759417437
927.0 0.0001585441168572288
928.0 0.00016834826510603307
929.0 0.00017815240198615356
930.0 0.0001368996549899748
931.0 9.564686251906096e-05
932.0 0.00010740395737229846
933.0 0.00011916105222553597
934.0 3.872557954309741e-05
935.0 1.5916470615454092e-10
936.0 1.5916470615454092e-10
937.0 6.659523421603808e-06
938.0 1.5916470615454092e-10
939.0 1.5916470615454092e-10
940.0 1.5916470615454092e-10
941.0 2.9640511911566136e-05
942.0 0.0002183691776735941
943.0 0.0004070977865922032
944.0 0.000398122938349843
945.0 0.00038914804463274777
946.0 0.0005639230494125513
947.0 0.00073869809966709
948.0 0.0005526835138880415
949.0 0.00036666901905846316
950.0 0.00042086830944754183
951.0 0.0004750675088871503
952.0 0.0006156964900583262
953.0 0.0007563255621789722
954.0 0.0009010391295305453
955.0 0.0010457531061547343
956.0 0.001164399418485118
957.0 0.0012830457308155019
958.0 0.0014852948879706673
959.0 0.001687544136075303
960.0 0.0018828653992386535
961.0 0.002078186662402004
962.0 0.002129472341039218
963.0 0.0021807578377774917
964.0 0.0023089884052751586
965.0 0.002437219154671766
966.0 0.0023706996216787957
967.0 0.002304180452483706
968.0 0.002337248770345468
969.0 0.0023703167244093493
970.0 0.0024475746613461524
971.0 0.002524832234485075
972.0 0.002581138141977135
973.0 0.0026374442313681357
974.0 0.002804091855068691
975.0 0.002970740206365008
976.0 0.0030424776923609897
977.0 0.003114215360255912
978.0 0.003077506335102953
979.0 0.003040796764253173
980.0 0.0030944294849177822
981.0 0.0031480627512792125
982.0 0.003125219518551603
983.0 0.003102376649621874
984.0 0.003015868605871219
985.0 0.0029293605621205643
986.0 0.0028256761652301066
987.0 0.0027219921321375296
988.0 0.002655433490872383
989.0 0.0025888753953040577
990.0 0.002601512460387312
991.0 0.0026141497073695064
992.0 0.002516070890123956
993.0 0.002417991890979465
994.0 0.0024639211915200576
995.0 0.002509850855858531
996.0 0.002526797652535606
997.0 0.002543744631111622
998.0 0.002702028359635733
999.0 0.002860311906260904
1000.0 0.002992098598042503
1001.0 0.0031238854717230424
1002.0 0.003301306423963979
1003.0 0.0034787273762049153
1004.0 0.0036323839594842866
1005.0 0.003786040178965777
1006.0 0.0038865247915964574
1007.0 0.003987009768025018
1008.0 0.004034977973788045
1009.0 0.004082945451955311
1010.0 0.004016200909973122
1011.0 0.003949456731788814
1012.0 0.003990113691543229
1013.0 0.004030770651297644
1014.0 0.0039207014197018
1015.0 0.0038106325519038364
1016.0 0.003420271968934685
1017.0 0.003029911022167653
1018.0 0.002857823346857913
1019.0 0.0026857354896492325
1020.0 0.002422485704300925
1021.0 0.002159235555154737
1022.0 0.0018974475096911192
1023.0 0.0016356591004296206
1024.0 0.0014803476005909033
1025.0 0.0013250364645500667
1026.0 0.0011403566531953402
1027.0 0.0009556772056384943
1028.0 0.0009243069143849425
1029.0 0.0008929367140808608
1030.0 0.0008954525583249051
1031.0 0.0008979683116194792
1032.0 0.0008022703696042299
1033.0 0.0007065722911647754
1034.0 0.0007112545517884428
1035.0 0.0007159369033615803
1036.0 0.0005803033218398923
1037.0 0.0004446697403182043
1038.0 0.0007496915259253001
1039.0 0.0010547132660576608
1040.0 0.0009080897143576294
1041.0 0.0007614658443344524
1042.0 0.0008161910045600962
1043.0 0.0008709162102604751
1044.0 0.0008292798156617209
1045.0 0.000787643512012437
1046.0 0.0006196341928443871
1047.0 0.0004516248736763373
1048.0 0.0004639581220544642
1049.0 0.00047629146138206124
1050.0 0.0007877255484345369
1051.0 0.0010991594535880722
1052.0 0.0010994484000548255
1053.0 0.001099736982723698
1054.0 0.0011150272257509641
1055.0 0.0011303176506771706
1056.0 0.0010029662917077076
1057.0 0.0008756149327382445
1058.0 0.0010294053936377168
1059.0 0.0011831957635877188
1060.0 0.0011473161066533066
1061.0 0.0011114360859210137
1062.0 0.0011368847481207922
1063.0 0.0011623333193711005
1064.0 0.001404686008754652
1065.0 0.0016470385162392631
1066.0 0.002054168544418644
1067.0 0.0024612982088001445
1068.0 0.0024036608010646887
1069.0 0.002346022847632412
1070.0 0.00208890105568571
1071.0 0.0018317792637390085
1072.0 0.0022097048713476397
1073.0 0.0025876308427541517
1074.0 0.002391647649346851
1075.0 0.002195663910242729
1076.0 0.0021285100956447423
1077.0 0.002061355917248875
1078.0 0.002842235153366346
1079.0 0.003623114389483817
1080.0 0.0036780107620870695
1081.0 0.0037329067708924413
1082.0 0.004033487130072899
1083.0 0.004334066761657596
1084.0 0.003892762470059097
1085.0 0.0034514574508648366
1086.0 0.004069303031428717
1087.0 0.004687148248194717
1088.0 0.004016642924398184
1089.0 0.0033461376006016508
1090.0 0.0027544299882720225
1091.0 0.0021627220121445134
1092.0 0.002788150050037075
1093.0 0.0034135777241317555
1094.0 0.003014791218447499
1095.0 0.0026160047127632424
1096.0 0.0032217209081863984
1097.0 0.0038274367398116738
1098.0 0.0028153066523373127
1099.0 0.001803176746761892
1100.0 0.0015536263163085096
1101.0 0.0013040759768045973
