lsstCam/transmission_sensor/r21_s01/19700101T000000.ecsv
# %ECSV 1.0
# ---
# datatype:
# - {name: amp_name, datatype: string}
# - {name: wavelength, unit: nm, datatype: float32}
# - {name: efficiency, unit: '%', datatype: float64}
# meta: !!omap
# - {MODE: AMP}
# - {TYPE: transmission_sensor}
# - {CALIBDATE: '1970-01-01T00:00:00'}
# - {INSTRUME: LSSTCam}
# - {OBSTYPE: transmission_sensor}
# - {DETECTOR: 82}
# - {PARQUETFILE: qe_raft_allvalues_nircorrected_20230725_adjust.parquet}
# - {CORRFILE: qe_corr_factor_bydetnum.parquet}
# - {CALIBCLS: lsst.ip.isr.IntermediateSensorTransmissionCurve}
# - {CALIB_ID: 'raftName=R21 detectorName=S01 detector=82 calibDate=1970-01-01T00:00:00 ccd=82 ccdnum=82 filter=None'}
# - {DATE: '2025-03-03T21:56:47.837337'}
# - {CALIB_CREATION_DATE: '2025-03-03'}
# - {CALIB_CREATION_TIME: '21:56:47'}
# - __serialized_columns__:
#     efficiency:
#       __class__: astropy.units.quantity.Quantity
#       unit: !astropy.units.Unit {unit: '%'}
#       value: !astropy.table.SerializedColumn {name: efficiency}
#     wavelength:
#       __class__: astropy.units.quantity.Quantity
#       unit: !astropy.units.Unit {unit: nm}
#       value: !astropy.table.SerializedColumn {name: wavelength}
# schema: astropy-2.0
amp_name wavelength efficiency
C00 319.992 42.791955734344924
C00 330.006 54.97406007199043
C00 349.994 75.85440463988748
C00 370.001 81.94120310639579
C00 400.009 86.62998316101043
C00 429.983 88.09455972734501
C00 449.989 89.14130195402056
C00 469.993 89.96275225712951
C00 500.016 92.46997164692395
C00 549.99 95.65921591224178
C00 569.998 96.54326212133034
C00 599.983 97.43732824720081
C00 630.013 97.99851216436377
C00 649.987 98.30746848813202
C00 670.017 98.39386074400505
C00 699.987 98.1734301945121
C00 720.012 98.1011724980538
C00 749.995 97.49295973953889
C00 770.007 97.10512419255689
C00 800.008 95.9928981903501
C00 830.013 94.28394233045755
C00 869.994 89.36980939460767
C00 900.005 82.00174931076756
C00 919.989 74.57945214125941
C00 959.989 53.33615037489204
C00 1000.013 27.155336501826103
C00 1030.002 10.82023572817956
C00 1049.996 5.197403698228799
C00 1080.005 0.6758703212878494
C00 1100.007 0.09193942484677246
C01 319.992 42.66092722561386
C01 330.006 54.80555783646596
C01 349.994 75.64333871223857
C01 370.001 81.75601370908247
C01 400.009 86.4158922090555
C01 429.983 87.85081286959914
C01 449.989 88.87885633142089
C01 469.993 89.69135347694905
C01 500.016 92.18398874452255
C01 549.99 95.3618796440571
C01 569.998 96.24392948949787
C01 599.983 97.13352284643224
C01 630.013 97.69661169074006
C01 649.987 98.00456983268438
C01 670.017 98.09390329606907
C01 699.987 97.87639871467059
C01 720.012 97.80926146237765
C01 749.995 97.2022830966526
C01 770.007 96.81401322628156
C01 800.008 95.70057569041067
C01 830.013 93.99893475075432
C01 869.994 89.02392034335517
C01 900.005 81.84032578451334
C01 919.989 74.52734857399359
C01 959.989 52.900562114243044
C01 1000.013 26.9958636209682
C01 1030.002 10.853589097558663
C01 1049.996 5.192689003545305
C01 1080.005 0.6738552025042195
C01 1100.007 0.09166530589801933
C02 319.992 42.73750910669095
C02 330.006 54.912108031385756
C02 349.994 75.8541379500872
C02 370.001 82.01618103881692
C02 400.009 86.61298359116982
C02 429.983 88.00777124662584
C02 449.989 89.0232040907487
C02 469.993 89.82588705162664
C02 500.016 92.30792330456622
C02 549.99 95.48397785433313
C02 569.998 96.36545622163045
C02 599.983 97.26090151475378
C02 630.013 97.82752590384243
C02 649.987 98.13471445522025
C02 670.017 98.22573187420097
C02 699.987 98.0074500825274
C02 720.012 97.944396994033
C02 749.995 97.33566609533469
C02 770.007 96.95135847342493
C02 800.008 95.83303670435465
C02 830.013 94.11907469592545
C02 869.994 89.11141745697223
C02 900.005 81.95140589618359
C02 919.989 74.71939570902836
C02 959.989 52.82272298125036
C02 1000.013 26.968072638852046
C02 1030.002 10.800687365819153
C02 1049.996 5.235557484012913
C02 1080.005 0.6747798845362315
C02 1100.007 0.09179109146887757
C03 319.992 42.99858318174634
C03 330.006 55.247813342121916
C03 349.994 76.36366786279054
C03 370.001 82.59953830794589
C03 400.009 87.03363722300323
C03 429.983 88.35274593284882
C03 449.989 89.33433965117065
C03 469.993 90.12093740723749
C03 500.016 92.59638261225591
C03 549.99 95.76631853603358
C03 569.998 96.64862745156606
C03 599.983 97.54912461147751
C03 630.013 98.11753201237373
C03 649.987 98.42480438054592
C03 670.017 98.51589799661245
C03 699.987 98.30237090309241
C03 720.012 98.23700904289846
C03 749.995 97.62739425800494
C03 770.007 97.24457247926817
C03 800.008 96.11814334026943
C03 830.013 94.39969332348696
C03 869.994 89.38933108798805
C03 900.005 82.1916629274001
C03 919.989 74.97455689022615
C03 959.989 53.11139564078027
C03 1000.013 26.857051579923294
C03 1030.002 10.740760262769452
C03 1049.996 5.241132253302304
C03 1080.005 0.6768022942118033
C03 1100.007 0.09206620220613011
C04 319.992 42.89602952397642
C04 330.006 55.124995069385136
C04 349.994 76.24169918756034
C04 370.001 82.54077511538169
C04 400.009 86.8997513235549
C04 429.983 88.17026915178975
C04 449.989 89.13487853968815
C04 469.993 89.90636641364208
C04 500.016 92.36603120219259
C04 549.99 95.52509380182748
C04 569.998 96.40401194704214
C04 599.983 97.30323661562083
C04 630.013 97.87696257310546
C04 649.987 98.18570554503347
C04 670.017 98.27845263786172
C04 699.987 98.07204235215482
C04 720.012 98.00818919425959
C04 749.995 97.39903921158941
C04 770.007 97.01632410877275
C04 800.008 95.89695081991852
C04 830.013 94.18313358595232
C04 869.994 89.20866017786231
C04 900.005 82.07793115714423
C04 919.989 74.70685366870669
C04 959.989 53.149193205188304
C04 1000.013 26.894079553764804
C04 1030.002 10.763374605369489
C04 1049.996 5.207182165495078
C04 1080.005 0.6752192206979243
C04 1100.007 0.09185085487725368
C05 319.992 43.28094291271824
C05 330.006 55.626009957751
C05 349.994 76.9800260897768
C05 370.001 83.3330419346316
C05 400.009 87.59389153571951
C05 429.983 88.81096472797859
C05 449.989 89.7583383350704
C05 469.993 90.52212268365058
C05 500.016 92.98268659781345
C05 549.99 96.15694289635564
C05 569.998 97.04047096526082
C05 599.983 97.94498371159361
C05 630.013 98.51945640051902
C05 649.987 98.83235211362279
C05 670.017 98.93095876234858
C05 699.987 98.71964138431656
C05 720.012 98.65404331315666
C05 749.995 98.04551814658998
C05 770.007 97.65858934492893
C05 800.008 96.52774839466272
C05 830.013 94.79675633755859
C05 869.994 89.78882478909652
C05 900.005 82.62493479664097
C05 919.989 75.16695453185557
C05 959.989 53.448800146529635
C05 1000.013 27.13071912833326
C05 1030.002 10.831920551286043
C05 1049.996 5.22653622528671
C05 1080.005 0.6797009391950026
C05 1100.007 0.0924605082500507
C06 319.992 42.93309940621513
C06 330.006 55.1826610239139
C06 349.994 76.42771151340024
C06 370.001 82.80205492256873
C06 400.009 86.9118742799047
C06 429.983 88.05850326634737
C06 449.989 88.97775252907269
C06 469.993 89.7207503126483
C06 500.016 92.14545587823662
C06 549.99 95.2855987414689
C06 569.998 96.1622462135269
C06 599.983 97.0606174747447
C06 630.013 97.63201942111262
C06 649.987 97.94226347563077
C06 670.017 98.0405577163048
C06 699.987 97.83305019256248
C06 720.012 97.76956278067907
C06 749.995 97.16582279110024
C06 770.007 96.78226952033985
C06 800.008 95.65963499621364
C06 830.013 93.93040309179135
C06 869.994 88.94695366699483
C06 900.005 81.84386132929417
C06 919.989 74.40318542269254
C06 959.989 52.822719171396066
C06 1000.013 26.82516119459143
C06 1030.002 10.706710642518908
C06 1049.996 5.187657138492195
C06 1080.005 0.6736024472535171
C06 1100.007 0.09163092330768412
C07 319.992 43.01014227966127
C07 330.006 55.29263627784014
C07 349.994 76.61921002941729
C07 370.001 83.07186118365608
C07 400.009 87.20308430239155
C07 429.983 88.34747309451188
C07 449.989 89.26336968546228
C07 469.993 90.00641318728937
C07 500.016 92.43754978691867
C07 549.99 95.58914507214577
C07 569.998 96.4705091438144
C07 599.983 97.375098087233
C07 630.013 97.95045466235361
C07 649.987 98.26510290843065
C07 670.017 98.36367907832212
C07 699.987 98.15488382382986
C07 720.012 98.09808651607915
C07 749.995 97.4899270955243
C07 770.007 97.10498703780245
C07 800.008 95.97275930057481
C07 830.013 94.22251223989058
C07 869.994 89.20018706192204
C07 900.005 82.03490266279647
C07 919.989 74.56726822724097
C07 959.989 52.951137929938696
C07 1000.013 26.870488936003035
C07 1030.002 10.766906340296032
C07 1049.996 5.220133288921097
C07 1080.005 0.6758493002812935
C07 1100.007 0.09193656533483419
C10 319.992 42.692472819132504
C10 330.006 54.8260167540016
C10 349.994 75.4536994051149
C10 370.001 81.42521930052573
C10 400.009 86.79824918556893
C10 429.983 88.58708245049915
C10 449.989 89.75602194366228
C10 469.993 90.66733908975645
C10 500.016 93.2651415751426
C10 549.99 96.53373748560612
C10 569.998 97.43287071768187
C10 599.983 98.33656815519667
C10 630.013 98.89622051093518
C10 649.987 99.20298235863255
C10 670.017 99.2854199857529
C10 699.987 99.05252359302406
C10 720.012 98.97743898468282
C10 749.995 98.35523644121616
C10 770.007 97.96429967284234
C10 800.008 96.85027541941085
C10 830.013 95.16062790105845
C10 869.994 90.27695094040035
C10 900.005 82.9113825012657
C10 919.989 75.41242344374038
C10 959.989 54.11899161462925
C10 1000.013 27.536489564383988
C10 1030.002 10.83019373482924
C10 1049.996 5.218095969339685
C10 1080.005 0.6818480537937903
C10 1100.007 0.0927525827428565
C11 319.992 42.47979532311906
C11 330.006 54.55509039575307
C11 349.994 75.10792464949108
C11 370.001 81.0952706796213
C11 400.009 86.36055026564344
C11 429.983 88.0956341062547
C11 449.989 89.23314992123645
C11 469.993 90.12190511022708
C11 500.016 92.69466923322136
C11 549.99 95.93347970284809
C11 569.998 96.82616666146568
C11 599.983 97.72546752713018
C11 630.013 98.28287206883776
C11 649.987 98.58608313233714
C11 670.017 98.67256682471314
C11 699.987 98.44793781579293
C11 720.012 98.37135974457013
C11 749.995 97.75510057379539
C11 770.007 97.36894136270085
C11 800.008 96.2570049094201
C11 830.013 94.56201597535355
C11 869.994 89.64117769595381
C11 900.005 82.40464140190244
C11 919.989 74.90345738947192
C11 959.989 53.649705192787934
C11 1000.013 27.35222024688163
C11 1030.002 10.842231921921092
C11 1049.996 5.182743855153852
C11 1080.005 0.6776876130176244
C11 1100.007 0.09218663315160813
C12 319.992 42.67924119518441
C12 330.006 54.815596802519295
C12 349.994 75.50891943318969
C12 370.001 81.52173814910077
C12 400.009 86.6663596497684
C12 429.983 88.33729316384984
C12 449.989 89.45108120631538
C12 469.993 90.32785059371064
C12 500.016 92.88663255146176
C12 549.99 96.12157220913015
C12 569.998 97.0134971968898
C12 599.983 97.91175416247893
C12 630.013 98.47424104980897
C12 649.987 98.7768044380791
C12 670.017 98.86491874809107
C12 699.987 98.6331805510663
C12 720.012 98.5650679760752
C12 749.995 97.94233967271657
C12 770.007 97.55605092657618
C12 800.008 96.43330210682127
C12 830.013 94.72000301303848
C12 869.994 89.73282755074663
C12 900.005 82.44594784211127
C12 919.989 75.07298066594603
C12 959.989 53.560394588528986
C12 1000.013 27.277629014670907
C12 1030.002 10.926639243709205
C12 1049.996 5.202622246142103
C12 1080.005 0.6789856467447641
C12 1100.007 0.09236320618721286
C13 319.992 42.95816062773272
C13 330.006 55.173681197353105
C13 349.994 76.0256194916662
C13 370.001 82.09989115727002
C13 400.009 87.16743930565718
C13 429.983 88.79494810054472
C13 449.989 89.89512734348749
C13 469.993 90.76321788281084
C13 500.016 93.32503248457654
C13 549.99 96.5653059382505
C13 569.998 97.4616884555291
C13 599.983 98.3640905425854
C13 630.013 98.9276670482423
C13 649.987 99.23056570368992
C13 670.017 99.31866477428474
C13 699.987 99.08996684098315
C13 720.012 99.01687859628971
C13 749.995 98.38919748235448
C13 770.007 98.00349545377469
C13 800.008 96.86861605796142
C13 830.013 95.14571613136859
C13 869.994 90.13470622064044
C13 900.005 82.85229928094117
C13 919.989 75.29321310301593
C13 959.989 53.75422092551704
C13 1000.013 27.4633098831876
C13 1030.002 10.964227266131301
C13 1049.996 5.2418246943194555
C13 1080.005 0.682083491516103
C13 1100.007 0.0927846096096901
C14 319.992 42.708836143306726
C14 330.006 54.86522015464253
C14 349.994 75.6707544237072
C14 370.001 81.79879075304713
C14 400.009 86.78742157967763
C14 429.983 88.36155431596659
C14 449.989 89.43940781277176
C14 469.993 90.29094834506068
C14 500.016 92.82569012224386
C14 549.99 96.04994694848395
C14 569.998 96.93553995841414
C14 599.983 97.84190429393172
C14 630.013 98.4047112090221
C14 649.987 98.71189976039992
C14 670.017 98.79950354993707
C14 699.987 98.57897394423257
C14 720.012 98.51053372177256
C14 749.995 97.89099045660011
C14 770.007 97.50435882357364
C14 800.008 96.37569710996114
C14 830.013 94.65098369272643
C14 869.994 89.66130896602054
C14 900.005 82.38169845936991
C14 919.989 74.98731228238803
C14 959.989 53.352658473529274
C14 1000.013 27.25441557248382
C14 1030.002 10.890844710193983
C14 1049.996 5.236246115175775
C14 1080.005 0.678629668998947
C14 1100.007 0.09231478212097143
C15 319.992 42.73188957161365
C15 330.006 54.90807339569297
C15 349.994 75.79951225928161
C15 370.001 81.94863232226069
C15 400.009 86.80739283586419
C15 429.983 88.30756106097309
C15 449.989 89.3598199566601
C15 469.993 90.19362942708482
C15 500.016 92.70984769271149
C15 549.99 95.91900225654726
C15 569.998 96.80847369814435
C15 599.983 97.71308550068868
C15 630.013 98.28194246439108
C15 649.987 98.59130263271402
C15 670.017 98.67643001696288
C15 699.987 98.4581482252893
C15 720.012 98.39022614301268
C15 749.995 97.77637480014903
C15 770.007 97.38897357655605
C15 800.008 96.26133290389319
C15 830.013 94.52906073574772
C15 869.994 89.5534062728279
C15 900.005 82.20289437784612
C15 919.989 74.8437036347924
C15 959.989 53.28449637043241
C15 1000.013 27.14973411109311
C15 1030.002 10.846173216183779
C15 1049.996 5.22624334273819
C15 1080.005 0.6778350968305227
C15 1100.007 0.0922066955459832
C16 319.992 43.0042141463865
C16 330.006 55.260831614229794
C16 349.994 76.31922972235557
C16 370.001 82.54661943186207
C16 400.009 87.31533784918301
C16 429.983 88.77005451261587
C16 449.989 89.80936752342653
C16 469.993 90.6323265288342
C16 500.016 93.14916961056439
C16 549.99 96.36676681150611
C16 569.998 97.26279120248147
C16 599.983 98.16897266499315
C16 630.013 98.7426148056834
C16 649.987 99.05396371794556
C16 670.017 99.14212374620902
C16 699.987 98.92273709679144
C16 720.012 98.85594273138456
C16 749.995 98.2374738451218
C16 770.007 97.84767241332631
C16 800.008 96.71016421805315
C16 830.013 94.9698684967736
C16 869.994 89.96026061242405
C16 900.005 82.56217887678118
C16 919.989 75.21428816155068
C16 959.989 53.54097195136014
C16 1000.013 27.253613598155837
C16 1030.002 10.840471769239256
C16 1049.996 5.2589109383451484
C16 1080.005 0.6810316663117529
C16 1100.007 0.09264152860541841
C17 319.992 42.75240182710935
C17 330.006 54.94532996079187
C17 349.994 75.93479256539997
C17 370.001 82.19097715362795
C17 400.009 86.94201784704472
C17 429.983 88.38593738342061
C17 449.989 89.41203781955461
C17 469.993 90.22671420173648
C17 500.016 92.73583851867578
C17 549.99 95.9442692101965
C17 569.998 96.8295193332406
C17 599.983 97.74054693040877
C17 630.013 98.31042493506081
C17 649.987 98.62671903819098
C17 670.017 98.72144725524988
C17 699.987 98.50891072384515
C17 720.012 98.43482429732781
C17 749.995 97.82063006757808
C17 770.007 97.43659675517719
C17 800.008 96.30220502071299
C17 830.013 94.57090055555712
C17 869.994 89.56791419796305
C17 900.005 82.20471548819658
C17 919.989 74.89307172667823
C17 959.989 53.3305841777748
C17 1000.013 27.07590675466747
C17 1030.002 10.811966439443784
C17 1049.996 5.26522481936674
C17 1080.005 0.6781419000757005
C17 1100.007 0.09224843034778515
