lsstCam/transmission_sensor/r21_s01/19700101T000000.ecsv
# %ECSV 1.0
# ---
# datatype:
# - {name: amp_name, datatype: string}
# - {name: wavelength, unit: nm, datatype: float32}
# - {name: efficiency, unit: '%', datatype: float64}
# meta: !!omap
# - {MODE: AMP}
# - {TYPE: transmission_sensor}
# - {CALIBDATE: '1970-01-01T00:00:00'}
# - {INSTRUME: LSSTCAM}
# - {OBSTYPE: transmission_sensor}
# - {DETECTOR: 82}
# - {PARQUETFILE: qe_raft_allvalues_nircorrected_20230725.parquet}
# - {CALIBCLS: lsst.ip.isr.IntermediateSensorTransmissionCurve}
# - {CALIB_ID: 'raftName=R21 detectorName=S01 detector=82 calibDate=1970-01-01T00:00:00 ccd=82 ccdnum=82 filter=None'}
# - {DATE: '2023-08-02T16:57:55.771892'}
# - {CALIB_CREATION_DATE: '2023-08-02'}
# - {CALIB_CREATION_TIME: '16:57:55'}
# - __serialized_columns__:
#     efficiency:
#       __class__: astropy.units.quantity.Quantity
#       unit: !astropy.units.Unit {unit: '%'}
#       value: !astropy.table.SerializedColumn {name: efficiency}
#     wavelength:
#       __class__: astropy.units.quantity.Quantity
#       unit: !astropy.units.Unit {unit: nm}
#       value: !astropy.table.SerializedColumn {name: wavelength}
# schema: astropy-2.0
amp_name wavelength efficiency
C00 319.992 42.846351623535156
C00 330.006 55.043941497802734
C00 349.994 75.9508285522461
C00 370.001 82.04536437988281
C00 400.009 86.74010467529297
C00 429.983 88.20654296875
C00 449.989 89.2546157836914
C00 469.993 90.07711029052734
C00 500.016 92.58751678466797
C00 549.99 95.78081512451172
C00 569.998 96.66598510742188
C00 599.983 97.56118774414062
C00 630.013 98.12308502197266
C00 649.987 98.43243408203125
C00 670.017 98.51893615722656
C00 699.987 98.29822540283203
C00 720.012 98.22587585449219
C00 749.995 97.61688995361328
C00 770.007 97.22856140136719
C00 800.008 96.11492156982422
C00 830.013 94.40379333496094
C00 869.994 89.48341369628906
C00 900.005 82.10598754882812
C00 919.989 74.67425537109375
C00 959.989 53.40394973754883
C00 1000.013 27.189855575561523
C00 1030.002 10.833990097045898
C00 1049.996 5.204010486602783
C00 1080.005 0.6767294679772874
C00 1100.007 0.09205629556885925
C01 319.992 42.71515655517578
C01 330.006 54.87522506713867
C01 349.994 75.73949432373047
C01 370.001 81.85993957519531
C01 400.009 86.52574157714844
C01 429.983 87.96248626708984
C01 449.989 88.99183654785156
C01 469.993 89.80536651611328
C01 500.016 92.3011703491211
C01 549.99 95.48310089111328
C01 569.998 96.36627197265625
C01 599.983 97.25699615478516
C01 630.013 97.82080078125
C01 649.987 98.129150390625
C01 670.017 98.21859741210938
C01 699.987 98.00081634521484
C01 720.012 97.93359375
C01 749.995 97.32584381103516
C01 770.007 96.93708038330078
C01 800.008 95.82222747802734
C01 830.013 94.11842346191406
C01 869.994 89.1370849609375
C01 900.005 81.9443588256836
C01 919.989 74.62208557128906
C01 959.989 52.96780776977539
C01 1000.013 27.030179977416992
C01 1030.002 10.867385864257812
C01 1049.996 5.199289798736572
C01 1080.005 0.6747117876332852
C01 1100.007 0.09178182816807336
C02 319.992 42.79183578491211
C02 330.006 54.981910705566406
C02 349.994 75.9505615234375
C02 370.001 82.12043762207031
C02 400.009 86.72308349609375
C02 429.983 88.11964416503906
C02 449.989 89.13636779785156
C02 469.993 89.94007110595703
C02 500.016 92.42526245117188
C02 549.99 95.60535430908203
C02 569.998 96.48795318603516
C02 599.983 97.38453674316406
C02 630.013 97.9518814086914
C02 649.987 98.25946044921875
C02 670.017 98.35059356689453
C02 699.987 98.13203430175781
C02 720.012 98.06890106201172
C02 749.995 97.45939636230469
C02 770.007 97.07460021972656
C02 800.008 95.9548568725586
C02 830.013 94.23871612548828
C02 869.994 89.22469329833984
C02 900.005 82.05558013916016
C02 919.989 74.81437683105469
C02 959.989 52.889869689941406
C02 1000.013 27.00235366821289
C02 1030.002 10.814416885375977
C02 1049.996 5.242212772369385
C02 1080.005 0.6756376450941947
C02 1100.007 0.0919077736338898
C03 319.992 43.05324172973633
C03 330.006 55.31804275512695
C03 349.994 76.46073913574219
C03 370.001 82.70453643798828
C03 400.009 87.14427185058594
C03 429.983 88.46505737304688
C03 449.989 89.4478988647461
C03 469.993 90.2354965209961
C03 500.016 92.7140884399414
C03 549.99 95.88805389404297
C03 569.998 96.771484375
C03 599.983 97.67312622070312
C03 630.013 98.24225616455078
C03 649.987 98.54991912841797
C03 670.017 98.64112854003906
C03 699.987 98.42733001708984
C03 720.012 98.36188507080078
C03 749.995 97.75149536132812
C03 770.007 97.3681869506836
C03 800.008 96.24032592773438
C03 830.013 94.51969146728516
C03 869.994 89.50296020507812
C03 900.005 82.296142578125
C03 919.989 75.06986236572266
C03 959.989 53.17890930175781
C03 1000.013 26.891191482543945
C03 1030.002 10.754413604736328
C03 1049.996 5.2477946281433105
C03 1080.005 0.6776626255981084
C03 1100.007 0.0921832340839078
C04 319.992 42.950557708740234
C04 330.006 55.195068359375
C04 349.994 76.33861541748047
C04 370.001 82.64569854736328
C04 400.009 87.01021575927734
C04 429.983 88.2823486328125
C04 449.989 89.24818420410156
C04 469.993 90.0206527709961
C04 500.016 92.48344421386719
C04 549.99 95.64652252197266
C04 569.998 96.52655792236328
C04 599.983 97.42692565917969
C04 630.013 98.00138092041016
C04 649.987 98.31051635742188
C04 670.017 98.40338134765625
C04 699.987 98.19670867919922
C04 720.012 98.13277435302734
C04 749.995 97.5228500366211
C04 770.007 97.1396484375
C04 800.008 96.01885223388672
C04 830.013 94.3028564453125
C04 869.994 89.32205963134766
C04 900.005 82.18226623535156
C04 919.989 74.80181884765625
C04 959.989 53.21675491333008
C04 1000.013 26.928266525268555
C04 1030.002 10.777056694030762
C04 1049.996 5.213801383972168
C04 1080.005 0.6760775397272347
C04 1100.007 0.09196761301177196
C05 319.992 43.335960388183594
C05 330.006 55.696720123291016
C05 349.994 77.077880859375
C05 370.001 83.43897247314453
C05 400.009 87.70523834228516
C05 429.983 88.92385864257812
C05 449.989 89.8724365234375
C05 469.993 90.63719177246094
C05 500.016 93.10088348388672
C05 549.99 96.2791748046875
C05 569.998 97.16382598876953
C05 599.983 98.06948852539062
C05 630.013 98.64469146728516
C05 649.987 98.9579849243164
C05 670.017 99.05671691894531
C05 699.987 98.84513092041016
C05 720.012 98.77944946289062
C05 749.995 98.17015075683594
C05 770.007 97.78273010253906
C05 800.008 96.65045166015625
C05 830.013 94.9172592163086
C05 869.994 89.90296173095703
C05 900.005 82.72996520996094
C05 919.989 75.26250457763672
C05 959.989 53.51674270629883
C05 1000.013 27.165206909179688
C05 1030.002 10.84568977355957
C05 1049.996 5.233180046081543
C05 1080.005 0.6805649552544807
C05 1100.007 0.09257804135819993
C06 319.992 42.987674713134766
C06 330.006 55.2528076171875
C06 349.994 76.52486419677734
C06 370.001 82.90731048583984
C06 400.009 87.02235412597656
C06 429.983 88.17044067382812
C06 449.989 89.09085845947266
C06 469.993 89.83480072021484
C06 500.016 92.26258850097656
C06 549.99 95.40672302246094
C06 569.998 96.28448486328125
C06 599.983 97.18399810791016
C06 630.013 97.7561264038086
C06 649.987 98.06676483154297
C06 670.017 98.1651840209961
C06 699.987 97.95741271972656
C06 720.012 97.89384460449219
C06 749.995 97.28933715820312
C06 770.007 96.9052963256836
C06 800.008 95.78123474121094
C06 830.013 94.0498046875
C06 869.994 89.06002044677734
C06 900.005 81.9478988647461
C06 919.989 74.49776458740234
C06 959.989 52.88986587524414
C06 1000.013 26.85926055908203
C06 1030.002 10.720320701599121
C06 1049.996 5.194251537322998
C06 1080.005 0.6744587110874616
C06 1100.007 0.0917474018715896
C07 319.992 43.064815521240234
C07 330.006 55.36292266845703
C07 349.994 76.71660614013672
C07 370.001 83.17745971679688
C07 400.009 87.31393432617188
C07 429.983 88.45977783203125
C07 449.989 89.37683868408203
C07 469.993 90.1208267211914
C07 500.016 92.5550537109375
C07 549.99 95.71065521240234
C07 569.998 96.5931396484375
C07 599.983 97.4988784790039
C07 630.013 98.07496643066406
C07 649.987 98.3900146484375
C07 670.017 98.48871612548828
C07 699.987 98.27965545654297
C07 720.012 98.22278594970703
C07 749.995 97.61385345458984
C07 770.007 97.22842407226562
C07 800.008 96.09475708007812
C07 830.013 94.34228515625
C07 869.994 89.3135757446289
C07 900.005 82.1391830444336
C07 919.989 74.66205596923828
C07 959.989 53.01844787597656
C07 1000.013 26.904645919799805
C07 1030.002 10.780592918395996
C07 1049.996 5.226768970489502
C07 1080.005 0.6767084202494396
C07 1100.007 0.09205343242199258
C10 319.992 42.746742248535156
C10 330.006 54.89570999145508
C10 349.994 75.54961395263672
C10 370.001 81.52872467041016
C10 400.009 86.90858459472656
C10 429.983 88.69969177246094
C10 449.989 89.8701171875
C10 469.993 90.7825927734375
C10 500.016 93.38369750976562
C10 549.99 96.65644836425781
C10 569.998 97.55672454833984
C10 599.983 98.4615707397461
C10 630.013 99.02193450927734
C10 649.987 99.32908630371094
C10 670.017 99.41162872314453
C10 699.987 99.17843627929688
C10 720.012 99.10325622558594
C10 749.995 98.48026275634766
C10 770.007 98.08882904052734
C10 800.008 96.973388671875
C10 830.013 95.2815933227539
C10 869.994 90.39170837402344
C10 900.005 83.01677703857422
C10 919.989 75.50828552246094
C10 959.989 54.18778610229492
C10 1000.013 27.57149314880371
C10 1030.002 10.843960762023926
C10 1049.996 5.224729061126709
C10 1080.005 0.6827147992028807
C10 1100.007 0.09287048712760371
C11 319.992 42.53379440307617
C11 330.006 54.62443923950195
C11 349.994 75.20339965820312
C11 370.001 81.19835662841797
C11 400.009 86.47032928466797
C11 429.983 88.2076187133789
C11 449.989 89.3465805053711
C11 469.993 90.23646545410156
C11 500.016 92.8125
C11 549.99 96.05542755126953
C11 569.998 96.94924926757812
C11 599.983 97.84969329833984
C11 630.013 98.40780639648438
C11 649.987 98.7114028930664
C11 670.017 98.7979965209961
C11 699.987 98.57308197021484
C11 720.012 98.49640655517578
C11 749.995 97.87936401367188
C11 770.007 97.49271392822266
C11 800.008 96.37936401367188
C11 830.013 94.68222045898438
C11 869.994 89.755126953125
C11 900.005 82.50939178466797
C11 919.989 74.99867248535156
C11 959.989 53.71790313720703
C11 1000.013 27.38698959350586
C11 1030.002 10.856014251708984
C11 1049.996 5.189332008361816
C11 1080.005 0.678549069795439
C11 1100.007 0.09230381811770003
C12 319.992 42.73349380493164
C12 330.006 54.885276794433594
C12 349.994 75.60490417480469
C12 370.001 81.6253662109375
C12 400.009 86.77652740478516
C12 429.983 88.4495849609375
C12 449.989 89.56478881835938
C12 469.993 90.44267272949219
C12 500.016 93.00470733642578
C12 549.99 96.24375915527344
C12 569.998 97.1368179321289
C12 599.983 98.03621673583984
C12 630.013 98.59941864013672
C12 649.987 98.9023666381836
C12 670.017 98.99059295654297
C12 699.987 98.75856018066406
C12 720.012 98.69036102294922
C12 749.995 98.06684112548828
C12 770.007 97.68006134033203
C12 800.008 96.5558853149414
C12 830.013 94.84040832519531
C12 869.994 89.84689331054688
C12 900.005 82.55075073242188
C12 919.989 75.16841125488281
C12 959.989 53.62847900390625
C12 1000.013 27.31230354309082
C12 1030.002 10.940528869628906
C12 1049.996 5.209235668182373
C12 1080.005 0.6798487535452893
C12 1100.007 0.09248061560781061
C13 319.992 43.01276779174805
C13 330.006 55.24381637573242
C13 349.994 76.12226104736328
C13 370.001 82.20425415039062
C13 400.009 87.27824401855469
C13 429.983 88.90782165527344
C13 449.989 90.0093994140625
C13 469.993 90.87859344482422
C13 500.016 93.44366455078125
C13 549.99 96.68805694580078
C13 569.998 97.58557891845703
C13 599.983 98.48912811279297
C13 630.013 99.05342102050781
C13 649.987 99.35670471191406
C13 670.017 99.44491577148438
C13 699.987 99.21592712402344
C13 720.012 99.14274597167969
C13 749.995 98.51426696777344
C13 770.007 98.1280746459961
C13 800.008 96.99175262451172
C13 830.013 95.26666259765625
C13 869.994 90.24928283691406
C13 900.005 82.9576187133789
C13 919.989 75.38892364501953
C13 959.989 53.82255172729492
C13 1000.013 27.498220443725586
C13 1030.002 10.978164672851562
C13 1049.996 5.248487949371338
C13 1080.005 0.6829505362067765
C13 1100.007 0.09290255470605868
C14 319.992 42.763126373291016
C14 330.006 54.93496322631836
C14 349.994 75.7669448852539
C14 370.001 81.90277099609375
C14 400.009 86.89774322509766
C14 429.983 88.473876953125
C14 449.989 89.5531005859375
C14 469.993 90.40572357177734
C14 500.016 92.94368743896484
C14 549.99 96.17204284667969
C14 569.998 97.05876159667969
C14 599.983 97.96627807617188
C14 630.013 98.52980041503906
C14 649.987 98.8373794555664
C14 670.017 98.92509460449219
C14 699.987 98.70428466796875
C14 720.012 98.63575744628906
C14 749.995 98.01542663574219
C14 770.007 97.62830352783203
C14 800.008 96.49820709228516
C14 830.013 94.77130126953125
C14 869.994 89.77528381347656
C14 900.005 82.48641967773438
C14 919.989 75.08263397216797
C14 959.989 53.42047882080078
C14 1000.013 27.289060592651367
C14 1030.002 10.904688835144043
C14 1049.996 5.2429022789001465
C14 1080.005 0.6794923232909181
C14 1100.007 0.09243212998630496
C15 319.992 42.78620910644531
C15 330.006 54.97787094116211
C15 349.994 75.89586639404297
C15 370.001 82.05280303955078
C15 400.009 86.91773986816406
C15 429.983 88.41981506347656
C15 449.989 89.4734115600586
C15 469.993 90.30828094482422
C15 500.016 92.82769775390625
C15 549.99 96.04093170166016
C15 569.998 96.93153381347656
C15 599.983 97.83729553222656
C15 630.013 98.40687561035156
C15 649.987 98.71662902832031
C15 670.017 98.80186462402344
C15 699.987 98.58330535888672
C15 720.012 98.51529693603516
C15 749.995 97.90066528320312
C15 770.007 97.51277160644531
C15 800.008 96.38369750976562
C15 830.013 94.64922332763672
C15 869.994 89.66724395751953
C15 900.005 82.30738830566406
C15 919.989 74.9388427734375
C15 959.989 53.352230072021484
C15 1000.013 27.184246063232422
C15 1030.002 10.859960556030273
C15 1049.996 5.232886791229248
C15 1080.005 0.6786967410854696
C15 1100.007 0.09232390601480715
C16 319.992 43.05887985229492
C16 330.006 55.331077575683594
C16 349.994 76.41624450683594
C16 370.001 82.65155029296875
C16 400.009 87.42633056640625
C16 429.983 88.88289642333984
C16 449.989 89.92353057861328
C16 469.993 90.7475357055664
C16 500.016 93.267578125
C16 549.99 96.48926544189453
C16 569.998 97.38642883300781
C16 599.983 98.29376220703125
C16 630.013 98.86813354492188
C16 649.987 99.17987823486328
C16 670.017 99.26815032958984
C16 699.987 99.0484848022461
C16 720.012 98.98160552978516
C16 749.995 98.36235046386719
C16 770.007 97.97205352783203
C16 800.008 96.83309936523438
C16 830.013 95.09059143066406
C16 869.994 90.07461547851562
C16 900.005 82.66712951660156
C16 919.989 75.30989837646484
C16 959.989 53.609031677246094
C16 1000.013 27.288257598876953
C16 1030.002 10.854251861572266
C16 1049.996 5.26559591293335
C16 1080.005 0.6818973739528271
C16 1100.007 0.09275929182137699
C17 319.992 42.80674743652344
C17 330.006 55.015174865722656
C17 349.994 76.03131866455078
C17 370.001 82.29545593261719
C17 400.009 87.05253601074219
C17 429.983 88.498291015625
C17 449.989 89.52569580078125
C17 469.993 90.3414077758789
C17 500.016 92.85372161865234
C17 549.99 96.06623077392578
C17 569.998 96.95260620117188
C17 599.983 97.86479187011719
C17 630.013 98.43539428710938
C17 649.987 98.75209045410156
C17 670.017 98.84693908691406
C17 699.987 98.6341323852539
C17 720.012 98.55995178222656
C17 749.995 97.94497680664062
C17 770.007 97.56045532226562
C17 800.008 96.42462158203125
C17 830.013 94.69111633300781
C17 869.994 89.68177032470703
C17 900.005 82.30921173095703
C17 919.989 74.98827362060547
C17 959.989 53.39837646484375
C17 1000.013 27.11032485961914
C17 1030.002 10.82571029663086
C17 1049.996 5.271917819976807
C17 1080.005 0.6790039343300069
C17 1100.007 0.09236569386867498
