lsstCam/transmission_sensor/r21_s01/19700101T000000.ecsv
# %ECSV 1.0
# ---
# datatype:
# - {name: amp_name, datatype: string}
# - {name: wavelength, unit: nm, datatype: float32}
# - {name: efficiency, unit: '%', datatype: float64}
# meta: !!omap
# - {MODE: AMP}
# - {TYPE: transmission_sensor}
# - {CALIBDATE: '1970-01-01T00:00:00'}
# - {INSTRUME: LSSTCAM}
# - {OBSTYPE: transmission_sensor}
# - {DETECTOR: 82}
# - {PARQUETFILE: qe_raft_allvalues_nircorrected_20230725.parquet}
# - {CALIBCLS: lsst.ip.isr.IntermediateSensorTransmissionCurve}
# - {CALIB_ID: 'raftName=R21 detectorName=S01 detector=82 calibDate=1970-01-01T00:00:00 ccd=82 ccdnum=82 filter=None'}
# - {DATE: '2024-01-18T22:42:25.264733'}
# - {CALIB_CREATION_DATE: '2024-01-18'}
# - {CALIB_CREATION_TIME: '22:42:25'}
# - __serialized_columns__:
#     efficiency:
#       __class__: astropy.units.quantity.Quantity
#       unit: !astropy.units.Unit {unit: '%'}
#       value: !astropy.table.SerializedColumn {name: efficiency}
#     wavelength:
#       __class__: astropy.units.quantity.Quantity
#       unit: !astropy.units.Unit {unit: nm}
#       value: !astropy.table.SerializedColumn {name: wavelength}
# schema: astropy-2.0
amp_name wavelength efficiency
C00 319.992 43.0905296697969
C00 330.006 53.68456948764389
C00 349.994 72.15910027667874
C00 370.001 77.72369438765382
C00 400.009 84.7725604040888
C00 429.983 86.70521300698164
C00 449.989 88.27191159301327
C00 469.993 89.75642181337744
C00 500.016 92.32884991419856
C00 549.99 95.68087784922234
C00 569.998 96.7339852231657
C00 599.983 97.85966091704555
C00 630.013 98.53484021099435
C00 649.987 98.84365376173162
C00 670.017 98.8588738341271
C00 699.987 98.4339986530623
C00 720.012 98.21200554959897
C00 749.995 98.27020659006882
C00 770.007 98.27993815176016
C00 800.008 97.45509962885559
C00 830.013 95.6833873025266
C00 869.994 90.90139420940534
C00 900.005 82.61221158675238
C00 919.989 73.76757123465285
C00 959.989 52.129514174290755
C00 1000.013 26.24319654216373
C00 1030.002 9.413530973142391
C00 1049.996 3.9846432291240985
C00 1080.005 0.5955824925748263
C00 1100.007 0.11449274536472062
C01 319.992 42.95858693088315
C01 330.006 53.52001969888914
C01 349.994 71.95831658441313
C01 370.001 77.54803667730846
C01 400.009 84.56305974976182
C01 429.983 86.46531030145647
C01 449.989 88.01202558856562
C01 469.993 89.48564548892831
C01 500.016 92.04330346053828
C01 549.99 95.38347424952714
C01 569.998 96.4340612538668
C01 599.983 97.55453870116794
C01 630.013 98.23128749094647
C01 649.987 98.53910304667
C01 670.017 98.55749877599963
C01 699.987 98.13617880273513
C01 720.012 97.91976471775382
C01 749.995 97.97721257466856
C01 770.007 97.9853052165908
C01 800.008 97.15832435805521
C01 830.013 95.39414939033452
C01 869.994 90.5495774469706
C01 900.005 82.44958634255845
C01 919.989 73.71603487310139
C01 959.989 51.70378032870849
C01 1000.013 26.089080309605993
C01 1030.002 9.442548176057034
C01 1049.996 3.9810286597470133
C01 1080.005 0.5938067533091906
C01 1100.007 0.1141513833097421
C02 319.992 43.035703149623124
C02 330.006 53.62407061555063
C02 349.994 72.15884657887264
C02 370.001 77.79481321047305
C02 400.009 84.75592531992311
C02 429.983 86.61979327470081
C02 449.989 88.15496553189972
C02 469.993 89.61987050954917
C02 500.016 92.16704887961492
C02 549.99 95.50560010882486
C02 569.998 96.55582806443466
C02 599.983 97.68246948000032
C02 630.013 98.36291817374455
C02 649.987 98.66995749960952
C02 670.017 98.68995038095476
C02 699.987 98.26757800251393
C02 720.012 98.05505292325562
C02 749.995 98.11165894773089
C02 770.007 98.12431211768825
C02 800.008 97.2928030700663
C02 830.013 95.51607255795115
C02 869.994 90.63857405187517
C02 900.005 82.56149339046306
C02 919.989 73.90599135987279
C02 959.989 51.627702168621276
C02 1000.013 26.062222818603264
C02 1030.002 9.396524031780231
C02 1049.996 4.013894223085167
C02 1080.005 0.5946215907300962
C02 1100.007 0.11430802487410721
C03 319.992 43.298598826722554
C03 330.006 53.95190150630139
C03 349.994 72.6435543587211
C03 370.001 78.34814511659266
C03 400.009 85.16755976925134
C03 429.983 86.95932733609524
C03 449.989 88.46306660380435
C03 469.993 89.91424416431134
C03 500.016 92.45506795923278
C03 549.99 95.78800472629979
C03 569.998 96.83955870467129
C03 599.983 97.97194185184418
C03 630.013 98.65451143300156
C03 649.987 98.96162962360609
C03 670.017 98.98148783938467
C03 699.987 98.56328159152716
C03 720.012 98.34799556028297
C03 749.995 98.40571286598649
C03 770.007 98.42107353578147
C03 800.008 97.58225256197376
C03 830.013 95.80085637332411
C03 869.994 90.92125045792625
C03 900.005 82.80353901589044
C03 919.989 74.15837482569222
C03 959.989 51.90984411907932
C03 1000.013 25.954930925181486
C03 1030.002 9.344387862582007
C03 1049.996 4.018168177542557
C03 1080.005 0.596403754789748
C03 1100.007 0.11465062200955647
C04 319.992 43.19532961742736
C04 330.006 53.83196410148799
C04 349.994 72.52752747922305
C04 370.001 78.29240646196035
C04 400.009 85.03654450081773
C04 429.983 86.77972841171758
C04 449.989 88.26555082589806
C04 469.993 89.70016529136824
C04 500.016 92.22506809669936
C04 549.99 95.54672536698578
C04 569.998 96.5944599574357
C04 599.983 97.72498807826513
C04 630.013 98.41262540091374
C04 649.987 98.72122670330224
C04 670.017 98.74292030492934
C04 699.987 98.33234171066701
C04 720.012 98.11891719483503
C04 749.995 98.17553729590337
C04 770.007 98.19006373148889
C04 800.008 97.35769075048215
C04 830.013 95.58108226621228
C04 869.994 90.73748328045588
C04 900.005 82.68896056911967
C04 919.989 73.893585853714
C04 959.989 51.946786580350185
C04 1000.013 25.990715140008486
C04 1030.002 9.364062185753014
C04 1049.996 3.992139992055381
C04 1080.005 0.5950087373734948
C04 1100.007 0.1143824486233175
C05 319.992 43.582928676952676
C05 330.006 54.321227011187574
C05 349.994 73.22988623118921
C05 370.001 79.04389535641683
C05 400.009 85.71580173852564
C05 429.983 87.410319524018
C05 449.989 88.88293005116635
C05 469.993 90.31450931840678
C05 500.016 92.84078239245426
C05 549.99 96.17871754313066
C05 569.998 97.23217631288827
C05 599.983 98.36951676492069
C05 630.013 99.05863548027662
C05 649.987 99.3714001897609
C05 670.017 99.39851019792552
C05 699.987 98.98165957735695
C05 720.012 98.76550098883209
C05 749.995 98.82717017963527
C05 770.007 98.84009933168323
C05 800.008 97.99809688105273
C05 830.013 96.20381294492954
C05 869.994 91.32759052572577
C05 900.005 83.24003637889992
C05 919.989 74.34867800340122
C05 959.989 52.23961544380564
C05 1000.013 26.219406059181463
C05 1030.002 9.423696689212894
C05 1049.996 4.006977981902326
C05 1080.005 0.5989580646178432
C05 1100.007 0.11514165381182855
C06 319.992 43.23265814876112
C06 330.006 53.888277423424135
C06 349.994 72.70447807473167
C06 370.001 78.54023821343101
C06 400.009 85.04840753035946
C06 429.983 86.6697251954669
C06 449.989 88.10995725687924
C06 469.993 89.51497490270013
C06 500.016 92.00482940063847
C06 549.99 95.30717607320229
C06 569.998 96.35221661098714
C06 599.983 97.48131732820221
C06 630.013 98.1663417195665
C06 649.987 98.47645686038857
C06 670.017 98.5039010830171
C06 699.987 98.09271522650735
C06 720.012 97.88002118515364
C06 749.995 97.94046159522821
C06 770.007 97.9531774634717
C06 800.008 97.11676003916222
C06 830.013 95.32460052437752
C06 869.994 90.47129174583492
C06 900.005 82.45314820771331
C06 919.989 73.59322337683336
C06 959.989 51.62769844495821
C06 1000.013 25.924111728740556
C06 1030.002 9.314764926177999
C06 1049.996 3.9771709284300147
C06 1080.005 0.5935840233009579
C06 1100.007 0.11410856645324349
C07 319.992 43.310238576369684
C07 330.006 53.995673059722286
C07 349.994 72.88664759653743
C07 370.001 78.79615756274055
C07 400.009 85.33337375476309
C07 429.983 86.95413765613577
C07 449.989 88.39278880438428
C07 469.993 89.79998260677105
C07 500.016 92.29647753435404
C07 549.99 95.61079114165233
C07 569.998 96.66108852072028
C07 599.983 97.79716102647164
C07 630.013 98.48651969900973
C07 649.987 98.80105711311664
C07 670.017 98.82854952875589
C07 699.987 98.41540305725664
C07 720.012 98.20891608113389
C07 749.995 98.2671497687904
C07 770.007 98.27979933765643
C07 800.008 97.43465397562012
C07 830.013 95.62104541267277
C07 869.994 90.72886495557093
C07 900.005 82.64561174901284
C07 919.989 73.7555199561912
C07 959.989 51.7532119559004
C07 1000.013 25.967916924326957
C07 1030.002 9.367134770949413
C07 1049.996 4.002069104601829
C07 1080.005 0.5955639686907518
C07 1100.007 0.11448918439647698
C10 319.992 42.99035262866769
C10 330.006 53.53999872497246
C10 349.994 71.7779156987414
C10 370.001 77.2342682367545
C10 400.009 84.9372186576213
C10 429.983 87.18996811279101
C10 449.989 88.88063625140002
C10 469.993 90.45939266927857
C10 500.016 93.12280630513497
C10 549.99 96.55559745715168
C10 569.998 97.62535125869204
C10 599.983 98.76279849339919
C10 630.013 99.43746155219523
C10 649.987 99.74405191373235
C10 670.017 99.75464661841607
C10 699.987 99.3154253102912
C10 720.012 99.08926202733826
C10 749.995 99.13935765326363
C10 770.007 99.14950825700531
C10 800.008 98.32553676381882
C10 830.013 96.57308540934032
C10 869.994 91.82408199196209
C10 900.005 83.52861654434635
C10 919.989 74.59147471111983
C10 959.989 52.894645013623155
C10 1000.013 26.611546782739154
C10 1030.002 9.422194370722853
C10 1049.996 4.000507172501307
C10 1080.005 0.6008501196827158
C10 1100.007 0.11550537601901091
C11 319.992 42.7761912098964
C11 330.006 53.275427309174155
C11 349.994 71.44898562035432
C11 370.001 76.92130205121404
C11 400.009 84.50890438611528
C11 429.983 86.70627044177107
C11 449.989 88.36286377190629
C11 469.993 89.91520964786474
C11 500.016 92.55320458146883
C11 549.99 95.95520374659893
C11 569.998 97.01744864675112
C11 599.983 98.14904910879925
C11 630.013 98.82075636554538
C11 649.987 99.123788016517
C11 670.017 99.13889709026509
C11 699.987 98.70923486279723
C11 720.012 98.48249804911339
C11 749.995 98.5344372997211
C11 770.007 98.54694708028701
C11 800.008 97.7232293249564
C11 830.013 95.96558836036903
C11 869.994 91.17741311448863
C11 900.005 83.01810300930393
C11 919.989 74.0880493226743
C11 959.989 52.435975368228284
C11 1000.013 26.43346701872741
C11 1030.002 9.432667511040352
C11 1049.996 3.9734041090094703
C11 1080.005 0.5971839050115977
C11 1100.007 0.11480059542517906
C12 319.992 42.97702868320806
C12 330.006 53.52982318747938
C12 349.994 71.83044564162402
C12 370.001 77.32581926608896
C12 400.009 84.80815694904936
C12 429.983 86.9441182740175
C12 449.989 88.57866958479156
C12 469.993 90.12068279338699
C12 500.016 92.74487493761994
C12 549.99 96.14333884624723
C12 569.998 97.20514925731048
C12 599.983 98.33614318554113
C12 630.013 99.01317267416965
C12 649.987 99.31554954796177
C12 670.017 99.3321580760744
C12 699.987 98.89496926281016
C12 720.012 98.67642512891416
C12 749.995 98.72316913206961
C12 770.007 98.7363203653549
C12 800.008 97.90221195034762
C12 830.013 96.12592038024366
C12 869.994 91.2706336286219
C12 900.005 83.05971695543447
C12 919.989 74.25572714832458
C12 959.989 52.34868525865144
C12 1000.013 26.361381284599364
C12 1030.002 9.506101302870142
C12 1049.996 3.988644082784109
C12 1080.005 0.5983277430206154
C12 1100.007 0.11502048293956652
C13 319.992 43.257894230889946
C13 330.006 53.87950823078384
C13 349.994 72.32197426820252
C13 370.001 77.87421477424256
C13 400.009 85.29849301799611
C13 429.983 87.39455549616424
C13 449.989 89.01838496368399
C13 469.993 90.55505156339233
C13 500.016 93.18260581290886
C13 549.99 96.58717305844165
C13 569.998 97.65422592654379
C13 599.983 98.79044017391259
C13 630.013 99.46908019068587
C13 649.987 99.7717857029385
C13 670.017 99.7880485230701
C13 699.987 99.35296793879944
C13 720.012 99.12874619715373
C13 749.995 99.17358944330869
C13 770.007 99.1891782430938
C13 800.008 98.34415677416229
C13 830.013 96.55795230608506
C13 869.994 91.67939953786833
C13 900.005 83.46909347880565
C13 919.989 74.47356210853539
C13 959.989 52.53812661709875
C13 1000.013 26.540825186031977
C13 1030.002 9.538802624928039
C13 1049.996 4.018699044600565
C13 1080.005 0.6010575893423303
C13 1100.007 0.11554525927818206
C14 319.992 43.00683012528418
C14 330.006 53.57828255707625
C14 349.994 71.98439671888141
C14 370.001 77.58861198943316
C14 400.009 84.92662320508906
C14 429.983 86.96799680146106
C14 449.989 88.56711004123224
C14 469.993 90.08386518040177
C14 500.016 92.68402551482406
C14 549.99 96.07169736613
C14 569.998 97.12703801278606
C14 599.983 98.26599055949839
C14 630.013 98.94326230920065
C14 649.987 99.2502908693822
C14 670.017 99.26643372323124
C14 699.987 98.84061878271095
C14 720.012 98.62182926272999
C14 749.995 98.67141054263419
C14 770.007 98.68400287203757
C14 800.008 97.84372949160372
C14 830.013 96.05587661464008
C14 869.994 91.19788938638256
C14 900.005 82.99498926796487
C14 919.989 74.17099136111736
C14 959.989 52.14564880635271
C14 1000.013 26.338947575273206
C14 1030.002 9.474960303877191
C14 1049.996 4.014422169279032
C14 1080.005 0.5980140524997017
C14 1100.007 0.11496018014460183
C15 319.992 43.03004440515064
C15 330.006 53.62013061766939
C15 349.994 72.1068820196722
C15 370.001 77.73074122223196
C15 400.009 84.94616626004122
C15 429.983 86.9148550786391
C15 449.989 88.4882984012341
C15 469.993 89.98676946430699
C15 500.016 92.56835987656878
C15 549.99 95.94072302189439
C15 569.998 96.99972073063485
C15 599.983 98.1366134136624
C15 630.013 98.8198216735425
C15 649.987 99.1290359849165
C15 670.017 99.14277854010685
C15 699.987 98.71947237240265
C15 720.012 98.50138576249498
C15 749.995 98.55588113140291
C15 770.007 98.56722165132642
C15 800.008 97.72762324513717
C15 830.013 95.93214397019068
C15 869.994 91.0881374990662
C15 900.005 82.81485407890398
C15 919.989 74.02894605457158
C15 959.989 52.07902875045137
C15 1000.013 26.237782334127605
C15 1030.002 9.436096410054024
C15 1049.996 4.006753440471325
C15 1080.005 0.5973138689619795
C15 1100.007 0.11482557925137135
C16 319.992 43.30426908050583
C16 330.006 53.96461441731194
C16 349.994 72.60128105571413
C16 370.001 78.29794997182849
C16 400.009 85.44322048713825
C16 429.983 87.37005450710706
C16 449.989 88.93346155457158
C16 469.993 90.42446041000395
C16 500.016 93.00701132952192
C16 549.99 96.3885889727039
C16 569.998 97.45493574808413
C16 599.983 98.59447657676233
C16 630.013 99.28301519083521
C16 649.987 99.59422050060948
C16 670.017 99.61067315544943
C16 699.987 99.18529433931427
C16 720.012 98.96762850962041
C16 749.995 99.02065621392182
C16 770.007 99.03146999746592
C16 800.008 98.18329133374174
C16 830.013 96.3794945866548
C16 869.994 91.50196434909492
C16 900.005 83.17681327240092
C16 919.989 74.39549635349738
C16 959.989 52.32970202434453
C16 1000.013 26.33817253903274
C16 1030.002 9.431136190262858
C16 1049.996 4.03179839006633
C16 1080.005 0.6001307123109996
C16 1100.007 0.11536707960155355
C17 319.992 43.05069978158445
C17 330.006 53.65651327987959
C17 349.994 72.23557204394959
C17 370.001 77.96061257993169
C17 400.009 85.07790479300378
C17 429.983 86.99199532150483
C17 449.989 88.54000698609836
C17 469.993 90.01977835870751
C17 500.016 92.59431103700348
C17 549.99 95.96599569722085
C17 569.998 97.02080794179469
C17 599.983 98.16419387229206
C17 630.013 98.84846002359775
C17 649.987 99.16464555735578
C17 670.017 99.18800853155676
C17 699.987 98.77036960299317
C17 720.012 98.5460343030533
C17 749.995 98.60048921679257
C17 770.007 98.61542099289973
C17 800.008 97.76911794205546
C17 830.013 95.97460481330496
C17 869.994 91.10289405534404
C17 900.005 82.81668874651608
C17 919.989 74.07777671945777
C17 959.989 52.12407390255235
C17 1000.013 26.166434817416253
C17 1030.002 9.406336748580598
C17 1049.996 4.0366389921674815
C17 1080.005 0.5975842265080024
C17 1100.007 0.11487755186315919
