lsstCam/transmission_filter_detector/r14_s00/u_24/19700101T000000.ecsv
# %ECSV 1.0
# ---
# datatype:
# - {name: wavelength, unit: nm, datatype: float32}
# - {name: efficiency, unit: '%', datatype: float64}
# meta: !!omap
# - {MODE: DETECTOR}
# - {TYPE: transmission_filter_detector}
# - {CALIBDATE: '1970-01-01T00:00:00'}
# - {INSTRUME: LSSTCam}
# - {OBSTYPE: transmission_filter_detector}
# - {CALIBCLS: lsst.ip.isr.IntermediateFilterDetectorTransmissionCurve}
# - {SOURCE: Materion (DM-46256)}
# - {DETECTOR: 63}
# - {FILTER: u_24}
# - {CALIB_ID: 'calibDate=1970-01-01T00:00:00 filter=u_24 detector=63'}
# - {DATE: '2025-04-02T15:59:40.041217'}
# - {CALIB_CREATION_DATE: '2025-04-02'}
# - {CALIB_CREATION_TIME: '15:59:40'}
# - __serialized_columns__:
#     efficiency:
#       __class__: astropy.units.quantity.Quantity
#       unit: !astropy.units.Unit {unit: '%'}
#       value: !astropy.table.SerializedColumn {name: efficiency}
#     wavelength:
#       __class__: astropy.units.quantity.Quantity
#       unit: !astropy.units.Unit {unit: nm}
#       value: !astropy.table.SerializedColumn {name: wavelength}
# schema: astropy-2.0
wavelength efficiency
295.0 1.6530838113301694e-10
296.0 1.6530838113301694e-10
297.0 1.6530838113301694e-10
298.0 1.6530838113301694e-10
299.0 1.6530838113301694e-10
300.0 1.6530838113301694e-10
301.0 1.6530838113301694e-10
302.0 1.6530838113301694e-10
303.0 1.6530838113301694e-10
304.0 0.4607634153217077
305.0 1.146677602082491
306.0 2.3825155571103096
307.0 4.501906037330627
308.0 7.060591131448746
309.0 10.440805554389954
310.0 14.14244920015335
311.0 17.961904406547546
312.0 21.850237250328064
313.0 24.657349288463593
314.0 27.50851809978485
315.0 30.011287331581116
316.0 32.19209313392639
317.0 35.167500376701355
318.0 38.59412670135498
319.0 43.08943748474121
320.0 49.29775893688202
321.0 54.8783004283905
322.0 60.62058210372925
323.0 65.65754413604736
324.0 69.45986747741699
325.0 72.16720581054688
326.0 74.37920570373535
327.0 76.19621157646179
328.0 77.71366834640503
329.0 79.09524440765381
330.0 80.14159202575684
331.0 80.55033087730408
332.0 80.84980249404907
333.0 80.93450665473938
334.0 80.91448545455933
335.0 81.15216493606567
336.0 81.66782855987549
337.0 82.2489321231842
338.0 83.18554162979126
339.0 83.68653059005737
340.0 83.97788405418396
341.0 84.48505997657776
342.0 84.75881814956665
343.0 84.70911979675293
344.0 84.86133217811584
345.0 85.3709876537323
346.0 85.68052649497986
347.0 86.0989511013031
348.0 86.27743721008301
349.0 86.50710582733154
350.0 86.53118014335632
351.0 86.6942286491394
352.0 86.60148978233337
353.0 86.6000235080719
354.0 86.52123212814331
355.0 86.77070140838623
356.0 86.83686852455139
357.0 86.7733895778656
358.0 86.3703966140747
359.0 86.16740703582764
360.0 85.91834306716919
361.0 85.67027449607849
362.0 85.55575609207153
363.0 85.71584224700928
364.0 85.86035370826721
365.0 86.22207045555115
366.0 86.47289276123047
367.0 86.61211133003235
368.0 86.69236898422241
369.0 86.76681518554688
370.0 86.64129972457886
371.0 86.55468821525574
372.0 86.61784529685974
373.0 86.84507608413696
374.0 86.92371249198914
375.0 87.19472289085388
376.0 87.3681902885437
377.0 87.49702572822571
378.0 87.42061853408813
379.0 86.94609999656677
380.0 86.0125720500946
381.0 84.47713851928711
382.0 82.55236744880676
383.0 80.52924871444702
384.0 78.40424180030823
385.0 75.86148977279663
386.0 73.12230467796326
387.0 69.46259140968323
388.0 65.7629907131195
389.0 61.35491132736206
390.0 57.10500478744507
391.0 52.86411643028259
392.0 48.57175648212433
393.0 45.02195715904236
394.0 41.471755504608154
395.0 37.34321892261505
396.0 32.81117081642151
397.0 26.715409755706787
398.0 20.050160586833954
399.0 13.31157386302948
400.0 7.677139341831207
401.0 3.676033765077591
402.0 1.3292361050844193
403.0 0.4425414837896824
404.0 0.13253772631287575
405.0 0.0913686933927238
406.0 0.021494433167390525
407.0 1.6530838113301694e-10
408.0 1.6530838113301694e-10
409.0 1.6530838113301694e-10
410.0 1.6530838113301694e-10
411.0 1.6530838113301694e-10
412.0 1.6530838113301694e-10
413.0 1.6530838113301694e-10
414.0 1.6530838113301694e-10
415.0 1.6530838113301694e-10
416.0 1.6530838113301694e-10
417.0 1.6530838113301694e-10
418.0 1.6530838113301694e-10
419.0 1.6530838113301694e-10
420.0 1.6530838113301694e-10
421.0 1.6530838113301694e-10
422.0 1.6530838113301694e-10
423.0 1.6530838113301694e-10
424.0 1.6530838113301694e-10
425.0 1.6530838113301694e-10
426.0 1.6530838113301694e-10
427.0 0.000222473045141669
428.0 0.0025080342311412096
429.0 0.0021545147319557145
430.0 0.001800995050871279
431.0 0.000807597280072514
432.0 1.6530838113301694e-10
433.0 0.0002584779167591478
434.0 0.0007027563697192818
435.0 0.0005708877779397881
436.0 0.0004390198228065856
437.0 1.6530838113301694e-10
438.0 1.6530838113301694e-10
439.0 0.00025180738703056704
440.0 0.0018059341527987272
441.0 0.0005235790013102815
442.0 1.6530838113301694e-10
443.0 1.6530838113301694e-10
444.0 0.0004410884685057681
445.0 0.0006174331247166265
446.0 0.0007937785085232463
447.0 0.00021873611331102438
448.0 1.6530838113301694e-10
449.0 0.0006888828465889674
450.0 0.0017340715203317814
451.0 3.732957623014954e-05
452.0 1.6530838113301694e-10
453.0 1.6530838113301694e-10
454.0 1.6530838113301694e-10
455.0 1.6530838113301694e-10
456.0 1.6530838113301694e-10
457.0 1.6530838113301694e-10
458.0 0.0002419019892840879
459.0 1.6530838113301694e-10
460.0 1.6530838113301694e-10
461.0 1.6530838113301694e-10
462.0 1.6530838113301694e-10
463.0 1.6530838113301694e-10
464.0 1.6530838113301694e-10
465.0 0.00024807045519992243
466.0 0.0005078887170384405
467.0 1.6530838113301694e-10
468.0 1.6530838113301694e-10
469.0 1.6530838113301694e-10
470.0 0.00021585237846011296
471.0 1.6530838113301694e-10
472.0 1.6530838113301694e-10
473.0 1.6530838113301694e-10
474.0 1.6530838113301694e-10
475.0 1.6530838113301694e-10
476.0 3.490845870146586e-05
477.0 0.0003638064981714706
478.0 0.0006927047252247576
479.0 0.00034665310977288755
480.0 6.017193854290781e-07
481.0 4.611580379787483e-05
482.0 9.16297608455352e-05
483.0 0.00019790745682257693
484.0 0.0003041850959561998
485.0 1.6530838113301694e-10
486.0 1.6530838113301694e-10
487.0 1.6530838113301694e-10
488.0 1.6530838113301694e-10
489.0 1.6530838113301694e-10
490.0 1.6530838113301694e-10
491.0 1.6530838113301694e-10
492.0 1.6033587257879844e-05
493.0 1.6530838113301694e-10
494.0 1.6530838113301694e-10
495.0 8.874827130966878e-05
496.0 0.0011917947631445713
497.0 0.0004367635028756922
498.0 1.6530838113301694e-10
499.0 1.6530838113301694e-10
500.0 0.0002623000227686134
501.0 1.6530838113301694e-10
502.0 1.6530838113301694e-10
503.0 1.6530838113301694e-10
504.0 1.6530838113301694e-10
505.0 1.6530838113301694e-10
506.0 0.00021794305666844593
507.0 1.6530838113301694e-10
508.0 1.6530838113301694e-10
509.0 1.6530838113301694e-10
510.0 1.6530838113301694e-10
511.0 0.0001638037474549492
512.0 0.0005026655344408937
513.0 0.0005589662123384187
514.0 0.0006152666628622683
515.0 0.0005472703833220294
516.0 0.00047927414925652556
517.0 0.00028901604309794493
518.0 9.875791420199675e-05
519.0 0.00022054277906136122
520.0 0.0003423275984459906
521.0 0.0004346758942119777
522.0 0.0005270240762911271
523.0 0.00016408848750870675
524.0 1.6530838113301694e-10
525.0 1.6530838113301694e-10
526.0 1.6530838113301694e-10
527.0 1.6530838113301694e-10
528.0 1.6530838113301694e-10
529.0 1.6530838113301694e-10
530.0 1.6530838113301694e-10
531.0 0.0001887264829747437
532.0 0.0006694308467558585
533.0 0.0002468476623107563
534.0 1.6530838113301694e-10
535.0 1.6530838113301694e-10
536.0 0.0001007811420095095
537.0 1.6530838113301694e-10
538.0 1.6530838113301694e-10
539.0 1.6530838113301694e-10
540.0 4.89829801608721e-05
541.0 1.6530838113301694e-10
542.0 1.6530838113301694e-10
543.0 1.6530838113301694e-10
544.0 1.6530838113301694e-10
545.0 1.6530838113301694e-10
546.0 1.6530838113301694e-10
547.0 9.724158189783338e-05
548.0 0.0004640172392100794
549.0 1.6530838113301694e-10
550.0 1.6530838113301694e-10
551.0 1.6530838113301694e-10
552.0 1.6530838113301694e-10
553.0 1.6530838113301694e-10
554.0 1.6530838113301694e-10
555.0 1.6530838113301694e-10
556.0 1.6530838113301694e-10
557.0 1.6530838113301694e-10
558.0 1.6530838113301694e-10
559.0 1.6530838113301694e-10
560.0 0.00019894130218744976
561.0 1.6530838113301694e-10
562.0 1.6530838113301694e-10
563.0 1.6530838113301694e-10
564.0 1.6530838113301694e-10
565.0 1.6530838113301694e-10
566.0 1.6530838113301694e-10
567.0 1.6530838113301694e-10
568.0 1.6530838113301694e-10
569.0 0.00015801409745108685
570.0 0.0004855363386013778
571.0 0.0003576124981918838
572.0 0.00022968890789343277
573.0 0.000425377584178932
574.0 0.0006210666924744146
575.0 0.0002923210558947176
576.0 1.6530838113301694e-10
577.0 2.8326198275863135e-06
578.0 4.208969528463058e-05
579.0 0.00032107941478898283
580.0 0.0006000692337693181
581.0 0.0009486659109825268
582.0 0.0012972628610441461
583.0 0.0015448915291926824
584.0 0.0017925205611390993
585.0 0.0015140982213779353
586.0 0.001235675790667301
587.0 0.0011278955753368791
588.0 0.0010201154509559274
589.0 0.0008773256922722794
590.0 0.000734535706214956
591.0 0.0008550941856810823
592.0 0.0009756527106219437
593.0 0.0008426438398601022
594.0 0.0007096348326740554
595.0 0.0007526107765443157
596.0 0.0007955864930409007
597.0 0.0010483840014785528
598.0 0.0013011814189667348
599.0 0.0017572603610460646
600.0 0.0022133393940748647
601.0 0.0024821980332490057
602.0 0.0027510570362210274
603.0 0.0023749276806483977
604.0 0.0019987986888736486
605.0 0.0015121685464691836
606.0 0.0010255383131152485
607.0 0.0009404411684954539
608.0 0.0008553439329261892
609.0 0.0005746795523009496
610.0 0.00029401517167571
611.0 0.0004738298684969777
612.0 0.0006536445198435104
613.0 0.000751805509935366
614.0 0.0008499665455019567
615.0 0.0009179855624097399
616.0 0.0009860045793175232
617.0 0.0008468570740660653
618.0 0.0007077098416630179
619.0 0.0005049309493188048
620.0 0.00030215214792406186
621.0 0.00044200141928740777
622.0 0.0005818505997012835
623.0 0.0005182250788493548
624.0 0.00045459951252269093
625.0 0.0007847501365176868
626.0 0.0011149008969368879
627.0 0.0010040624147222843
628.0 0.0008932238415582106
629.0 0.001044517193804495
630.0 0.0011958105460507795
631.0 0.0016545312973903492
632.0 0.002113252048729919
633.0 0.002261619010823779
634.0 0.0024099863367155194
635.0 0.0024854723960743286
636.0 0.0025609582735341974
637.0 0.0022597110728383996
638.0 0.001958463508344721
639.0 0.0013330413821677212
640.0 0.0007076189831423108
641.0 0.0007787118192936759
642.0 0.0008498046554450411
643.0 0.0006171082986838883
644.0 0.0003844119873974705
645.0 0.00046642762754345313
646.0 0.0005484432222147007
647.0 0.00034415095342410496
648.0 0.00013985879832034698
649.0 6.768077014385199e-05
650.0 1.6530838113301694e-10
651.0 0.0004862480182055151
652.0 0.0009769932148628868
653.0 0.0012981146028323565
654.0 0.0016192356270039454
655.0 0.0016274629160761833
656.0 0.0016356902051484212
657.0 0.0026461484594619833
658.0 0.003656607077573426
659.0 0.004144194826949388
660.0 0.004631782212527469
661.0 0.00446709236712195
662.0 0.00430240215791855
663.0 0.0030876606615493074
664.0 0.0018729195289779454
665.0 0.0016565234545851126
666.0 0.001440127016394399
667.0 0.0013737771951127797
668.0 0.00130742719193222
669.0 0.0008457569492748007
670.0 0.0003840867975668516
671.0 0.00048337087719119154
672.0 0.0005826548658660613
673.0 0.00044637736209551804
674.0 0.00031009983558760723
675.0 0.0006657428912149044
676.0 0.0010213860150543042
677.0 0.001652916762395762
678.0 0.0022844475097372197
679.0 0.002458496055623982
680.0 0.002632544237712864
681.0 0.0034619992220541462
682.0 0.004291454024496488
683.0 0.006321261025732383
684.0 0.008351067663170397
685.0 0.00891764648258686
686.0 0.009484228939982131
687.0 0.00850872675073333
688.0 0.007533226016676053
689.0 0.0058006557082990184
690.0 0.004068085763719864
691.0 0.0036494035157375038
692.0 0.003230721631553024
693.0 0.003012554043380078
694.0 0.002794386637106072
695.0 0.0023282793335965835
696.0 0.0018621722119860351
697.0 0.0013325106010597665
698.0 0.0008028488082345575
699.0 0.0006128481800260488
700.0 0.0004228474608680699
701.0 0.0003894047040375881
702.0 0.000355962060893944
703.0 0.0006084982487664092
704.0 0.0008610345503257122
705.0 0.000875957357493462
706.0 0.0008908801646612119
707.0 0.000919895956030814
708.0 0.0009489112926530652
709.0 0.0006871528057672549
710.0 0.0004253941369825043
711.0 0.000639790505374549
712.0 0.0008541869647160638
713.0 0.0009220036190527026
714.0 0.0009898203643388115
715.0 0.0007039914635242894
716.0 0.0004181624717602972
717.0 0.0004734972208098043
718.0 0.0005288318789098412
719.0 0.00043165305214643013
720.0 0.000334474179908284
721.0 0.00030349033295351546
722.0 0.00027250644052401185
723.0 0.000338759718943038
724.0 0.0004050129973620642
725.0 0.00021791363451484358
726.0 3.081412387473392e-05
727.0 0.0001637018499422993
728.0 0.00029658958737854846
729.0 0.00031941558518155944
730.0 0.0003422415147724678
731.0 0.0004047891252412228
732.0 0.00046733671297261026
733.0 0.000296387224807404
734.0 0.00012543788443508674
735.0 0.00026363845790911
736.0 0.00040183904275181703
737.0 0.0004925206667394377
738.0 0.0005832022907270584
739.0 0.0005498824521055212
740.0 0.0005165625680092489
741.0 0.0008459476703137625
742.0 0.0011753330909414217
743.0 0.001988731855817605
744.0 0.0028021304387948476
745.0 0.003416684558033012
746.0 0.004031238131574355
747.0 0.004501674629864283
748.0 0.004972111128154211
749.0 0.004345987326814793
750.0 0.003719863889273256
751.0 0.0031404473702423275
752.0 0.002561030851211399
753.0 0.0021422561985673383
754.0 0.0017234813640243374
755.0 0.001873360997706186
756.0 0.0020232409951859154
757.0 0.0017541886336402968
758.0 0.0014851360901957378
759.0 0.0013087439583614469
760.0 0.001132351826527156
761.0 0.0012800983313354664
762.0 0.0014278450180427171
763.0 0.0011105228622909635
764.0 0.0007932006155897398
765.0 0.000870865915203467
766.0 0.0009485312148171943
767.0 0.0007686096978432033
768.0 0.0005886881353944773
769.0 0.000629816986474907
770.0 0.0006709457011311315
771.0 0.0005347194928617682
772.0 0.0003984931026934646
773.0 0.00034761239930958254
774.0 0.00029673158223886276
775.0 0.00041046610022021923
776.0 0.0005242004590400029
777.0 0.0005020504431740846
778.0 0.00047990019993449096
779.0 0.0007664479198865592
780.0 0.0010529955943638925
781.0 0.0010183170161326416
782.0 0.000983638528850861
783.0 0.0008791010259301402
784.0 0.0007745634320599493
785.0 0.0011816546248155646
786.0 0.0015887455447227694
787.0 0.0012001236427749973
788.0 0.0008115013770293444
789.0 0.0010167956133955158
790.0 0.001222089758812217
791.0 0.001013269411487272
792.0 0.0008044489732128568
793.0 0.0002106360625475645
794.0 1.6530838113301694e-10
795.0 1.6530838113301694e-10
796.0 3.464108431217028e-05
797.0 0.00035994482914247783
798.0 0.0006852485512354178
799.0 0.0003932734671252547
800.0 0.00010129833754035644
801.0 0.00010400791552456212
802.0 0.00010671744803403271
803.0 1.6530838113301694e-10
804.0 1.6530838113301694e-10
805.0 1.6530838113301694e-10
806.0 1.6530838113301694e-10
807.0 1.6530838113301694e-10
808.0 0.00012286110404602368
809.0 0.0002706043460420915
810.0 0.00041834769035631325
811.0 0.00015160136399572366
812.0 1.6530838113301694e-10
813.0 0.0003072125082326238
814.0 0.0007295700925169513
815.0 0.0004857426119997399
816.0 0.00024191513148252852
817.0 0.00036063968309463235
818.0 0.00047936423470673617
819.0 0.00029096511298121186
820.0 0.00010256602536173887
821.0 1.6530838113301694e-10
822.0 1.6530838113301694e-10
823.0 1.6530838113301694e-10
824.0 1.6530838113301694e-10
825.0 1.6530838113301694e-10
826.0 1.6530838113301694e-10
827.0 2.797083880068385e-05
828.0 0.00034480742669984465
829.0 0.0002592586952232523
830.0 0.00017371040712532704
831.0 1.6530838113301694e-10
832.0 1.6530838113301694e-10
833.0 1.6530838113301694e-10
834.0 1.6530838113301694e-10
835.0 1.6530838113301694e-10
836.0 0.00014664736909253406
837.0 1.6530838113301694e-10
838.0 1.6530838113301694e-10
839.0 1.6530838113301694e-10
840.0 1.6530838113301694e-10
841.0 1.6530838113301694e-10
842.0 3.0209835699679388e-05
843.0 2.2964474055697792e-05
844.0 1.571904135744262e-05
845.0 6.09469225310022e-05
846.0 0.00010617474117680104
847.0 0.00022350729977915762
848.0 0.0003408397788007278
849.0 0.0004146927039982984
850.0 0.0004885454927716637
851.0 0.00024204375677072676
852.0 1.6530838113301694e-10
853.0 0.00024912260414566845
854.0 0.000502703142046812
855.0 0.0003936559551220853
856.0 0.0002846086772478884
857.0 0.0004232060291542439
858.0 0.0005618033355858643
859.0 0.0007661557901883498
860.0 0.0009705078809929546
861.0 0.0010698990081436932
862.0 0.0011692900443449616
863.0 0.0013912050235376228
864.0 0.0016131198208313435
865.0 0.0020609171770047396
866.0 0.002508714169380255
867.0 0.0023058184524415992
868.0 0.0021029232811997645
869.0 0.0019993558453279547
870.0 0.0018957882275572047
871.0 0.0016034095096983947
872.0 0.0013110306099406444
873.0 0.00159869268827606
874.0 0.0018863544028135948
875.0 0.002086285167024471
