lsstCam/transmission_filter_detector/r14_s00/u_24/19700101T000000.ecsv
# %ECSV 1.0
# ---
# datatype:
# - {name: wavelength, unit: nm, datatype: float32}
# - {name: efficiency, unit: '%', datatype: float64}
# meta: !!omap
# - {MODE: DETECTOR}
# - {TYPE: transmission_filter_detector}
# - {CALIBDATE: '1970-01-01T00:00:00'}
# - {INSTRUME: LSSTCam}
# - {OBSTYPE: transmission_filter_detector}
# - {CALIBCLS: lsst.ip.isr.IntermediateFilterDetectorTransmissionCurve}
# - {SOURCE: Materion (DM-46256)}
# - {DETECTOR: 63}
# - {FILTER: u_24}
# - {CALIB_ID: 'calibDate=1970-01-01T00:00:00 filter=u_24 detector=63'}
# - {DATE: '2025-04-02T15:59:40.041217'}
# - {CALIB_CREATION_DATE: '2025-04-02'}
# - {CALIB_CREATION_TIME: '15:59:40'}
# - __serialized_columns__:
#     efficiency:
#       __class__: astropy.units.quantity.Quantity
#       unit: !astropy.units.Unit {unit: '%'}
#       value: !astropy.table.SerializedColumn {name: efficiency}
#     wavelength:
#       __class__: astropy.units.quantity.Quantity
#       unit: !astropy.units.Unit {unit: nm}
#       value: !astropy.table.SerializedColumn {name: wavelength}
# schema: astropy-2.0
wavelength efficiency
[from data line 582]
877.0 0.002481857154634781
878.0 0.0026774985599331558
879.0 0.0029129905669833533
880.0 0.0031484833016293123
881.0 0.003214705066056922
882.0 0.0032809271942824125
883.0 0.00298993745673215
884.0 0.0026989484467776492
885.0 0.0027231406420469284
886.0 0.002747333019215148
887.0 0.0024486027541570365
888.0 0.002149872852896806
889.0 0.002152711203962099
890.0 0.0021555495550273918
891.0 0.0023744074496789835
892.0 0.0025932653443305753
893.0 0.0024484586901962757
894.0 0.0023036513084662147
895.0 0.0028148202545708045
896.0 0.003325989018776454
897.0 0.0037661528040189296
898.0 0.004206316953059286
899.0 0.004233036452205852
900.0 0.0042597559513524175
901.0 0.004244020601618104
902.0 0.00422828525188379
903.0 0.00448347236670088
904.0 0.004738659845315851
905.0 0.004859838372794911
906.0 0.004981016900273971
907.0 0.005365191827877425
908.0 0.005749367119278759
909.0 0.005886056533199735
910.0 0.006022746674716473
911.0 0.006225301331141964
912.0 0.006427855987567455
913.0 0.006213993765413761
914.0 0.006000130815664306
915.0 0.0053057705372339115
916.0 0.004611410258803517
917.0 0.004063871529069729
918.0 0.0035163331631338224
919.0 0.004043404987896793
920.0 0.004570476812659763
921.0 0.004564985647448339
922.0 0.004559494118439034
923.0 0.005569658605963923
924.0 0.00657982163829729
925.0 0.006696736818412319
926.0 0.006813653453718871
927.0 0.007237716636154801
928.0 0.007661776908207685
929.0 0.007790664676576853
930.0 0.00791955171735026
931.0 0.007333751273108646
932.0 0.00674794937367551
933.0 0.006669682625215501
934.0 0.006591415876755491
935.0 0.006746822327841073
936.0 0.006902228051330894
937.0 0.007047226972645149
938.0 0.007192227349150926
939.0 0.007107978308340535
940.0 0.007023729267530143
941.0 0.00612840594840236
942.0 0.005233081537880935
943.0 0.00447750608145725
944.0 0.0037219313526293263
945.0 0.002956513526441995
946.0 0.002191095700254664
947.0 0.0018461805666447617
948.0 0.0015012656149338
949.0 0.001325960965914419
950.0 0.0011506563168950379
951.0 0.0013138860595063306
952.0 0.001477115620218683
953.0 0.0014948713214835152
954.0 0.001512627295596758
955.0 0.002027895607170649
956.0 0.00254316400969401
957.0 0.0027802689146483317
958.0 0.0030173732739058323
959.0 0.003157876562909223
960.0 0.003298378942417912
961.0 0.003747019945876673
962.0 0.004195660585537553
963.0 0.004216919842292555
964.0 0.004238178735249676
965.0 0.0044294043618720025
966.0 0.004620630716090091
967.0 0.004623578934115358
968.0 0.004626527879736386
969.0 0.004537411223282106
970.0 0.004448294566827826
971.0 0.004712920781457797
972.0 0.004977546268492006
973.0 0.004907470429316163
974.0 0.004837393862544559
975.0 0.004448110121302307
976.0 0.004058825652464293
977.0 0.003837184704025276
978.0 0.003615543755586259
979.0 0.0034744152799248695
980.0 0.00333328680426348
981.0 0.0031497238524025306
982.0 0.002966160900541581
983.0 0.0030903960578143597
984.0 0.003214631215087138
985.0 0.003475790799711831
986.0 0.003736951111932285
987.0 0.0040215243643615395
988.0 0.0043060979805886745
989.0 0.005287255044095218
990.0 0.006268411380006
991.0 0.006640171341132373
992.0 0.007011932029854506
993.0 0.007396355067612603
994.0 0.007780778832966462
995.0 0.007313545938814059
996.0 0.006846310861874372
997.0 0.0067872737417928874
998.0 0.00672824025969021
999.0 0.006603106885449961
1000.0 0.006477973511209711
1001.0 0.006029600990586914
1002.0 0.005581228106166236
1003.0 0.004976661875844002
1004.0 0.004372094917926006
1005.0 0.004569765951600857
1006.0 0.004767436257679947
1007.0 0.004808885933016427
1008.0 0.004850333425565623
1009.0 0.004275297396816313
1010.0 0.0037002617318648845
1011.0 0.0037760113627882674
1012.0 0.0038517606299137697
1013.0 0.0033868658647406846
1014.0 0.002921970735769719
1015.0 0.0023991042326088063
1016.0 0.0018762379113468342
1017.0 0.0016802363461465575
1018.0 0.0014842346899968106
1019.0 0.0011737408385670278
1020.0 0.0008632467142888345
1021.0 0.0008931028787628748
1022.0 0.0009229592251358554
1023.0 0.0010060311979032122
1024.0 0.0010891032616200391
1025.0 0.0011259954590059351
1026.0 0.0011628878382907715
1027.0 0.0010278856279910542
1028.0 0.0008928831448429264
1029.0 0.0010677883437892888
1030.0 0.0012426936336851213
1031.0 0.0018832450223271735
1032.0 0.0025237968657165766
1033.0 0.002324924753338564
1034.0 0.0021260530047584325
1035.0 0.0025052060664165765
1036.0 0.00288435894617578
1037.0 0.002917498568422161
1038.0 0.0029506385544664226
1039.0 0.00261329496424878
1040.0 0.0022759517378290184
1041.0 0.0018182428902946413
1042.0 0.0013605342246592045
1043.0 0.0016012116248020902
1044.0 0.001841889024944976
1045.0 0.0015767052900628187
1046.0 0.0013115215551806614
1047.0 0.0015610861737513915
1048.0 0.001810650974221062
1049.0 0.001535320006951224
1050.0 0.0012599884939845651
1051.0 0.0010694738193706144
1052.0 0.0008789586900093127
1053.0 0.000609102426096797
1054.0 0.00033924588933587074
1055.0 8.83607071955339e-05
1056.0 1.6530838113301694e-10
1057.0 0.0006771471817046404
1058.0 0.001516818520030938
1059.0 0.00102653939393349
1060.0 0.0005362604952097172
1061.0 0.0015444067685166374
1062.0 0.0025525529053993523
1063.0 0.002624173794174567
1064.0 0.0026957946829497814
1065.0 0.0013751461665378883
1066.0 5.44980082395341e-05
1067.0 0.0008115392120089382
1068.0 0.001568579682498239
1069.0 0.002436629802105017
1070.0 0.003304679921711795
1071.0 0.00190069513337221
1072.0 0.0004967104814568302
1073.0 0.0008955438715929631
1074.0 0.0012943773072038312
1075.0 0.003238800127292052
1076.0 0.005183222310733981
1077.0 0.005450924072647467
1078.0 0.005718625834560953
1079.0 0.00633466406725347
1080.0 0.006950699025765061
1081.0 0.005091674756840803
1082.0 0.0032326501241186634
1083.0 0.0027459949706098996
1084.0 0.0022593396352021955
1085.0 0.002993999805767089
1086.0 0.0037286597944330424
1087.0 0.0038552083424292505
1088.0 0.003981756526627578
1089.0 0.005269716348266229
1090.0 0.0065576758061069995
1091.0 0.0049906873755389825
1092.0 0.003423699308768846
1093.0 0.0023440234144800343
1094.0 0.0012643480658880435
1095.0 0.0007650854058738332
1096.0 0.0002658228140717256
1097.0 0.0015757001165184192
1098.0 0.0028855780328740366
1099.0 0.002679690260265488
1100.0 0.002473803033353761
