lsstCam/transmission_filter_detector/r10_s11/g_6/19700101T000000.ecsv
# %ECSV 1.0
# ---
# datatype:
# - {name: wavelength, unit: nm, datatype: float32}
# - {name: efficiency, unit: '%', datatype: float64}
# meta: !!omap
# - {MODE: DETECTOR}
# - {TYPE: transmission_filter_detector}
# - {CALIBDATE: '1970-01-01T00:00:00'}
# - {INSTRUME: LSSTCam}
# - {OBSTYPE: transmission_filter_detector}
# - {CALIBCLS: lsst.ip.isr.IntermediateFilterDetectorTransmissionCurve}
# - {SOURCE: Materion (DM-46256)}
# - {DETECTOR: 31}
# - {FILTER: g_6}
# - {CALIB_ID: 'calibDate=1970-01-01T00:00:00 filter=g_6 detector=31'}
# - {DATE: '2025-04-02T15:59:42.171913'}
# - {CALIB_CREATION_DATE: '2025-04-02'}
# - {CALIB_CREATION_TIME: '15:59:42'}
# - __serialized_columns__:
#     efficiency:
#       __class__: astropy.units.quantity.Quantity
#       unit: !astropy.units.Unit {unit: '%'}
#       value: !astropy.table.SerializedColumn {name: efficiency}
#     wavelength:
#       __class__: astropy.units.quantity.Quantity
#       unit: !astropy.units.Unit {unit: nm}
#       value: !astropy.table.SerializedColumn {name: wavelength}
# schema: astropy-2.0
wavelength efficiency
[from data line 608]
908.0 0.000461530044049141
909.0 0.0004049244580528466
910.0 0.00034592635529406834
911.0 0.00028692827527265763
912.0 0.00042889855649264064
913.0 0.0005708689513994614
914.0 0.00033168462323374115
915.0 9.250037464880734e-05
916.0 0.00014586528322979575
917.0 0.00019923015770473285
918.0 0.0002315416395504144
919.0 0.0002638530986587284
920.0 0.00032857738005986903
921.0 0.00039330166146100964
922.0 0.0005204891294852132
923.0 0.0006476765975094168
924.0 0.0005164654794498347
925.0 0.0003852542704407824
926.0 0.000505895468450035
927.0 0.0006265367574087577
928.0 0.0005776056241302285
929.0 0.0005286745818011696
930.0 0.0005299158146954142
931.0 0.0005311570930643938
932.0 0.0005108950517751509
933.0 0.000490633010485908
934.0 0.0004685457497544121
935.0 0.0004464584890229162
936.0 0.0004666567747335648
937.0 0.00048685501496947836
938.0 0.0005438856987893814
939.0 0.0006009163371345494
940.0 0.0005679328751284629
941.0 0.0005349492312234361
942.0 0.0006719982593494933
943.0 0.0008090472874755505
944.0 0.0007315368748095352
945.0 0.000654026507618255
946.0 0.0005540114671021001
947.0 0.0004539964265859453
948.0 0.0007935282155813184
949.0 0.0011330600500514265
950.0 0.0009804972251004074
951.0 0.0008279344001493882
952.0 0.0008598528438596986
953.0 0.000891771287570009
954.0 0.0007842859304219019
955.0 0.0006768006187485298
956.0 0.0005842466180183692
957.0 0.0004916924353892682
958.0 0.0006472330369433621
959.0 0.0008027736839721911
960.0 0.0006392942395905266
961.0 0.0004758147042593919
962.0 0.0005614382644125726
963.0 0.0006470617790910183
964.0 0.0006895969818287995
965.0 0.0007321320026676403
966.0 0.0007840565558581147
967.0 0.0008359809726243839
968.0 0.0007663726137252524
969.0 0.000696764254826121
970.0 0.0007018567885097582
971.0 0.0007069493221933953
972.0 0.0007859112884034403
973.0 0.0008648732546134852
974.0 0.0008313113539770711
975.0 0.0007977497261890676
976.0 0.0008076554877334274
977.0 0.000817561613075668
978.0 0.0008885013812687248
979.0 0.0009594412404112518
980.0 0.0010231333362753503
981.0 0.001086825523088919
982.0 0.0010286905308021232
983.0 0.0009705554475658573
984.0 0.0009461517038289458
985.0 0.0009217482329404447
986.0 0.0011160344911331777
987.0 0.0013103204764775
988.0 0.001364074159937445
989.0 0.0014178274795995094
990.0 0.0015132022781472187
991.0 0.0016085770766949281
992.0 0.00157201211550273
993.0 0.0015354473362094723
994.0 0.001514363248134032
995.0 0.0014932792510080617
996.0 0.001331554085481912
997.0 0.0011698286471073516
998.0 0.0013435912478598766
999.0 0.0015173537576629315
1000.0 0.0014380310858541634
1001.0 0.0013587084140453953
1002.0 0.0012740163583657704
1003.0 0.0011893244845850859
1004.0 0.0011572742550924886
1005.0 0.0011252239346504211
1006.0 0.0013879786820325535
1007.0 0.0016507334294146858
1008.0 0.0016382262401748449
1009.0 0.001625719596631825
1010.0 0.0017106880477513187
1011.0 0.001795656862668693
1012.0 0.0019456903828540817
1013.0 0.002095724266837351
1014.0 0.002086850145133212
1015.0 0.0020779762053280137
1016.0 0.0023886273993412033
1017.0 0.002699278775253333
1018.0 0.0029695533157791942
1019.0 0.0032398278563050553
1020.0 0.0032279964216286317
1021.0 0.003216164986952208
1022.0 0.0035254837712273
1023.0 0.003834802919300273
1024.0 0.004001792331109755
1025.0 0.004168781379121356
1026.0 0.004240463022142649
1027.0 0.004312144665163942
1028.0 0.004377927689347416
1029.0 0.004443710713530891
1030.0 0.004625638757715933
1031.0 0.004807566074305214
1032.0 0.005222704203333706
1033.0 0.005637842332362197
1034.0 0.005422963295131922
1035.0 0.005208084621699527
1036.0 0.005363738091546111
1037.0 0.005519390833796933
1038.0 0.005676217915606685
1039.0 0.005833044633618556
1040.0 0.006292286707321182
1041.0 0.006751528417225927
1042.0 0.006885231414344162
1043.0 0.007018933683866635
1044.0 0.0072318551247008145
1045.0 0.007444775837939233
1046.0 0.008448656444670632
1047.0 0.009452536323806271
1048.0 0.010827555524883792
1049.0 0.012202571815578267
1050.0 0.014502614794764668
1051.0 0.016802655591163784
1052.0 0.02037169033428654
1053.0 0.02394073235336691
1054.0 0.02858550287783146
1055.0 0.03323027340229601
1056.0 0.03991481498815119
1057.0 0.04659935075324029
1058.0 0.0541242363397032
1059.0 0.06164910737425089
1060.0 0.06905029877088964
1061.0 0.07645146106369793
1062.0 0.08366937399841845
1063.0 0.0908872636500746
1064.0 0.0960281235165894
1065.0 0.10116896592080593
1066.0 0.10636784136295319
1067.0 0.11156672844663262
1068.0 0.11760623892769217
1069.0 0.12364578433334827
1070.0 0.1336236484348774
1071.0 0.14360150089487433
1072.0 0.15714619075879455
1073.0 0.1706908573396504
1074.0 0.18545208731666207
1075.0 0.20021337550133467
1076.0 0.21415450610220432
1077.0 0.22809563670307398
1078.0 0.2419334603473544
1079.0 0.2557712607085705
1080.0 0.2722349716350436
1081.0 0.2886986592784524
1082.0 0.31477450393140316
1083.0 0.3408503485843539
1084.0 0.3773120464757085
1085.0 0.4137737676501274
1086.0 0.44831656850874424
1087.0 0.48285936936736107
1088.0 0.5462595261633396
1089.0 0.6096596829593182
1090.0 0.6867790594696999
1091.0 0.7638984359800816
1092.0 0.7930395193397999
1093.0 0.8221803233027458
1094.0 0.8583040907979012
1095.0 0.8944275788962841
1096.0 0.9380055591464043
1097.0 0.9815836325287819
1098.0 1.0009652934968472
1099.0 1.0203472338616848
1100.0 1.176152378320694
1101.0 1.3319571502506733
