lsstCam/transmission_filter_detector/r10_s11/g_6/19700101T000000.ecsv
# %ECSV 1.0
# ---
# datatype:
# - {name: wavelength, unit: nm, datatype: float32}
# - {name: efficiency, unit: '%', datatype: float64}
# meta: !!omap
# - {MODE: DETECTOR}
# - {TYPE: transmission_filter_detector}
# - {CALIBDATE: '1970-01-01T00:00:00'}
# - {INSTRUME: LSSTCam}
# - {OBSTYPE: transmission_filter_detector}
# - {CALIBCLS: lsst.ip.isr.IntermediateFilterDetectorTransmissionCurve}
# - {SOURCE: Materion (DM-46256)}
# - {DETECTOR: 31}
# - {FILTER: g_6}
# - {CALIB_ID: 'calibDate=1970-01-01T00:00:00 filter=g_6 detector=31'}
# - {DATE: '2025-04-02T15:59:42.171913'}
# - {CALIB_CREATION_DATE: '2025-04-02'}
# - {CALIB_CREATION_TIME: '15:59:42'}
# - __serialized_columns__:
#     efficiency:
#       __class__: astropy.units.quantity.Quantity
#       unit: !astropy.units.Unit {unit: '%'}
#       value: !astropy.table.SerializedColumn {name: efficiency}
#     wavelength:
#       __class__: astropy.units.quantity.Quantity
#       unit: !astropy.units.Unit {unit: nm}
#       value: !astropy.table.SerializedColumn {name: wavelength}
# schema: astropy-2.0
wavelength efficiency
300.0 0.5194141529500484
301.0 0.37762976717203856
302.0 0.2358453581109643
303.0 0.21163495257496834
304.0 0.187424523755908
305.0 0.19720564596354961
306.0 0.20698674488812685
307.0 0.2144022611901164
308.0 0.22181777749210596
309.0 0.22050202824175358
310.0 0.21918632555752993
311.0 0.2102721482515335
312.0 0.20135801751166582
313.0 0.19988282583653927
314.0 0.19840763416141272
315.0 0.18886937759816647
316.0 0.17933115595951676
317.0 0.17755718436092138
318.0 0.17578323604539037
319.0 0.16058838227763772
320.0 0.1453935052268207
321.0 0.13961093500256538
322.0 0.1338283414952457
323.0 0.11358627816662192
324.0 0.09334427304565907
325.0 0.08617748389951885
326.0 0.07901070639491081
327.0 0.07325330516323447
328.0 0.06749590393155813
329.0 0.06385438609868288
330.0 0.06021286826580763
331.0 0.05554273375310004
332.0 0.050872599240392447
333.0 0.04739984287880361
334.0 0.043927092337980866
335.0 0.042730351560749114
336.0 0.04153361078351736
337.0 0.041780524770729244
338.0 0.042027432937175035
339.0 0.04073283635079861
340.0 0.039438242674805224
341.0 0.03757566446438432
342.0 0.035713089164346457
343.0 0.03245382686145604
344.0 0.029194564558565617
345.0 0.025841392925940454
346.0 0.022488216927740723
347.0 0.02117679250659421
348.0 0.019865365175064653
349.0 0.018129988166037947
350.0 0.7309853564947844
351.0 1.101301796734333
352.0 0.9258913807570934
353.0 0.9552358649671078
354.0 0.5974112078547478
355.0 0.7084744982421398
356.0 0.7466122042387724
357.0 0.7913191802799702
358.0 0.3686627605929971
359.0 0.8648477494716644
360.0 0.6113092415034771
361.0 0.7928149774670601
362.0 0.40639694780111313
363.0 0.6522345822304487
364.0 0.5245407111942768
365.0 0.7473214529454708
366.0 0.4077071323990822
367.0 0.6568462122231722
368.0 0.364994746632874
369.0 0.5103904753923416
370.0 0.3698722692206502
371.0 0.5541674792766571
372.0 0.4659181460738182
373.0 0.6612155586481094
374.0 0.4193332511931658
375.0 0.48730289563536644
376.0 0.25443308986723423
377.0 0.5082853604108095
378.0 0.29293796978890896
379.0 0.5132570862770081
380.0 0.35939656663686037
381.0 0.4939485341310501
382.0 0.5265539046376944
383.0 0.5847233347594738
384.0 0.598918367177248
385.0 0.5902078468352556
386.0 0.6584922783076763
387.0 0.7770969066768885
388.0 0.9538765996694565
389.0 1.232470478862524
390.0 1.8628694117069244
391.0 2.8441989794373512
392.0 4.522961750626564
393.0 7.218299061059952
394.0 10.810362547636032
395.0 15.656515955924988
396.0 21.71778380870819
397.0 29.359731078147888
398.0 38.036441802978516
399.0 47.45713472366333
400.0 56.885844469070435
401.0 65.88559150695801
402.0 73.90599250793457
403.0 80.53200840950012
404.0 85.38826107978821
405.0 88.89414072036743
406.0 90.84473848342896
407.0 92.35043525695801
408.0 93.19579601287842
409.0 93.56253147125244
410.0 93.67226362228394
411.0 93.53780150413513
412.0 93.19281578063965
413.0 92.98364520072937
414.0 92.79437065124512
415.0 93.01498532295227
416.0 93.39599609375
417.0 93.76013278961182
418.0 94.26297545433044
419.0 94.77219581604004
420.0 95.37200331687927
421.0 95.84037065505981
422.0 95.99758386611938
423.0 96.11586928367615
424.0 95.96441984176636
425.0 95.9273636341095
426.0 95.87332010269165
427.0 95.86930274963379
428.0 95.64458131790161
429.0 95.55369019508362
430.0 95.4335629940033
431.0 95.51891684532166
432.0 95.55503726005554
433.0 95.65422534942627
434.0 95.7671582698822
435.0 95.86343765258789
436.0 95.87215781211853
437.0 95.89292407035828
438.0 95.9535539150238
439.0 96.01113200187683
440.0 96.00444436073303
441.0 96.14599347114563
442.0 96.124666929245
443.0 96.0906982421875
444.0 96.01635336875916
445.0 95.71210741996765
446.0 95.57788968086243
447.0 95.36473751068115
448.0 95.41513919830322
449.0 95.59684991836548
450.0 95.84363102912903
451.0 96.0686206817627
452.0 96.23351693153381
453.0 96.36858701705933
454.0 96.4323103427887
455.0 96.71193957328796
456.0 96.84209823608398
457.0 97.01370596885681
458.0 96.95905447006226
459.0 96.98740243911743
460.0 97.00788855552673
461.0 97.08082675933838
462.0 97.00188040733337
463.0 96.91062569618225
464.0 97.01691269874573
465.0 96.96872234344482
466.0 96.9018042087555
467.0 96.93018794059753
468.0 96.97011113166809
469.0 97.00641632080078
470.0 96.82648777961731
471.0 96.72097563743591
472.0 96.76221013069153
473.0 96.67366743087769
474.0 96.59411311149597
475.0 96.64586186408997
476.0 96.65171504020691
477.0 96.69956564903259
478.0 96.86211347579956
479.0 96.85749411582947
480.0 97.01758027076721
481.0 97.11594581604004
482.0 97.26564288139343
483.0 97.16887474060059
484.0 97.36711978912354
485.0 97.45213985443115
486.0 97.46822118759155
487.0 97.49225974082947
488.0 97.47803211212158
489.0 97.5934386253357
490.0 97.5462019443512
491.0 97.57784605026245
492.0 97.52693772315979
493.0 97.52863645553589
494.0 97.52438068389893
495.0 97.5534439086914
496.0 97.3865270614624
497.0 97.32621312141418
498.0 97.07993865013123
499.0 97.14118838310242
500.0 97.1139669418335
501.0 97.0974862575531
502.0 96.98843359947205
503.0 97.15650081634521
504.0 97.01128602027893
505.0 96.9933569431305
506.0 97.00402021408081
507.0 96.94819450378418
508.0 96.98394536972046
509.0 96.97127342224121
510.0 96.92755341529846
511.0 96.88084721565247
512.0 96.79522514343262
513.0 96.87400460243225
514.0 96.8401551246643
515.0 96.93384766578674
516.0 96.989506483078
517.0 97.02426195144653
518.0 97.07759022712708
519.0 97.10044264793396
520.0 97.14890718460083
521.0 97.25029468536377
522.0 97.20543026924133
523.0 97.18053340911865
524.0 97.21751809120178
525.0 97.17515110969543
526.0 97.2916841506958
527.0 97.28868007659912
528.0 97.33286499977112
529.0 97.41189479827881
530.0 97.4378764629364
531.0 97.55812883377075
532.0 97.43831157684326
533.0 97.43865728378296
534.0 97.3862886428833
535.0 97.16321229934692
536.0 96.76291346549988
537.0 96.16996049880981
538.0 95.32017707824707
539.0 93.81904006004333
540.0 91.96812510490417
541.0 89.1708493232727
542.0 86.25736236572266
543.0 82.38406777381897
544.0 77.60135531425476
545.0 73.37271571159363
546.0 68.3336853981018
547.0 63.83106708526611
548.0 59.430062770843506
549.0 55.61053156852722
550.0 52.64673829078674
551.0 49.82874095439911
552.0 47.61089086532593
553.0 45.143336057662964
554.0 42.12331175804138
555.0 38.68134021759033
556.0 34.08641815185547
557.0 28.864192962646484
558.0 23.292462527751923
559.0 17.94792264699936
560.0 12.995555996894836
561.0 8.561810851097107
562.0 5.326641350984573
563.0 3.0371470376849174
564.0 1.6288751736283302
565.0 0.7774817291647196
566.0 0.4080922342836857
567.0 0.2156151458621025
568.0 0.14850315637886524
569.0 0.08904736023396254
570.0 0.071486528031528
571.0 0.04163528501521796
572.0 0.04070483846589923
573.0 0.028702750569209456
574.0 0.0333591626258567
575.0 0.031713684438727796
576.0 0.028332267538644373
577.0 0.02969071501865983
578.0 0.029839074704796076
579.0 0.029801219352521002
580.0 0.02707609091885388
581.0 0.020987480820622295
582.0 0.029734749114140868
583.0 0.017215096158906817
584.0 0.022780401923228055
585.0 0.010465929517522454
586.0 0.022032391279935837
587.0 0.007618115341756493
588.0 0.014269090024754405
589.0 0.00745712750358507
590.0 0.013004553329665214
591.0 0.0065927248215302825
592.0 0.008811726729618385
593.0 0.006129803659860045
594.0 0.021942051535006613
595.0 0.016069161938503385
596.0 0.002296086313435808
597.0 0.009496184793533757
598.0 0.009046142804436386
599.0 0.013249245239421725
600.0 0.011728962272172794
601.0 0.002349799979128875
602.0 0.002395241790509317
603.0 0.002440683419990819
604.0 0.0022291886125458404
605.0 0.0020176936232019216
606.0 0.0020078112356713973
607.0 0.0019979286662419327
608.0 0.0018207378161605448
609.0 0.0016435467841802165
610.0 0.0018076912965625525
611.0 0.001971835627045948
612.0 0.0018567223378340714
613.0 0.001741609230521135
614.0 0.00176991343323607
615.0 0.0017982179997488856
616.0 0.0019061573766521178
617.0 0.0020140965716564097
618.0 0.0018664964954950847
619.0 0.001718896055535879
620.0 0.0016964464521151967
621.0 0.0016739968486945145
622.0 0.0015425128367496654
623.0 0.0014110285519564059
624.0 0.0014474967429123353
625.0 0.0014839651157672051
626.0 0.0013954069800092839
627.0 0.0013068493899481837
628.0 0.00141048685691203
629.0 0.0015141245967242867
630.0 0.0013810798918711953
631.0 0.0012480350051191635
632.0 0.001403050555381924
633.0 0.0015580657418468036
634.0 0.0014281808944360819
635.0 0.0012982956832274795
636.0 0.0013095337635604665
637.0 0.0013207722076913342
638.0 0.001210893242387101
639.0 0.001101014277082868
640.0 0.001095949573937105
641.0 0.0010908846888924018
642.0 0.0013033652066951618
643.0 0.0015158459063968621
644.0 0.0014362280126078986
645.0 0.0013566098459705245
646.0 0.001284844893234549
647.0 0.0012130799404985737
648.0 0.0011117233043478336
649.0 0.0010103664862981532
650.0 0.001276732382393675
651.0 0.0015430980056407861
652.0 0.0012394055374898016
653.0 0.000935712978389347
654.0 0.001073008115781704
655.0 0.0012103035260224715
656.0 0.0012068509931850713
657.0 0.0012033985512971412
658.0 0.0011059565622417722
659.0 0.001008515027933754
660.0 0.0009294090887124185
661.0 0.0008503033313900232
662.0 0.0009973804480978288
663.0 0.0011444578376540449
664.0 0.0011857193385367282
665.0 0.001226980566571001
666.0 0.001091666126740165
667.0 0.0009563514140609186
668.0 0.0010785791346279439
669.0 0.001200806764245499
670.0 0.0011928182175324764
671.0 0.001184829670819454
672.0 0.0011799847925431095
673.0 0.001175139823317295
674.0 0.0011280618309683632
675.0 0.0010809838386194315
676.0 0.0010478624972165562
677.0 0.00101474070106633
678.0 0.0011060760698455852
679.0 0.0011974115295743104
680.0 0.0010537334674154408
681.0 0.0009100554052565712
682.0 0.00098710079328157
683.0 0.0010641458175086882
684.0 0.0009311834219261073
685.0 0.000798220844444586
686.0 0.0010015907719207462
687.0 0.0012049606993969064
688.0 0.0011529701623658184
689.0 0.0011009798072336707
690.0 0.00099334902188275
691.0 0.0008857182365318295
692.0 0.000900280247151386
693.0 0.0009148423487204127
694.0 0.0010332170859328471
695.0 0.0011515917321958113
696.0 0.0011492515113786794
697.0 0.0011469108358141966
698.0 0.0012767250154865906
699.0 0.0014065390132600442
700.0 0.0011737241948139854
701.0 0.0009409092854184564
702.0 0.0010620740795275196
703.0 0.0011832386917376425
704.0 0.0011821179214166477
705.0 0.0011809967872977722
706.0 0.0011308079592708964
707.0 0.0010806192221934907
708.0 0.0010328642019885592
709.0 0.0009851091817836277
710.0 0.0011078303032263648
711.0 0.0012305516975175124
712.0 0.001194644755742047
713.0 0.0011587379049160518
714.0 0.001179664468509145
715.0 0.001200591395900119
716.0 0.0014379922504303977
717.0 0.001675393468758557
718.0 0.0019102079022559337
719.0 0.00214502215385437
720.0 0.0017541224224260077
721.0 0.001363222509098705
722.0 0.001509745925432071
723.0 0.001656269705563318
724.0 0.0016483574654557742
725.0 0.0016404454072471708
726.0 0.0017367981854476966
727.0 0.001833150781749282
728.0 0.0018725138943409547
729.0 0.0019118770069326274
730.0 0.0019133467503706925
731.0 0.0019148164938087575
732.0 0.0018488175555830821
733.0 0.0017828186173574068
734.0 0.0015392763089039363
735.0 0.0012957340004504658
736.0 0.001133311616285937
737.0 0.0009708890502224676
738.0 0.0010134603144251741
739.0 0.0010560316695773508
740.0 0.0009328653504780959
741.0 0.000809699031378841
742.0 0.0008069395335041918
743.0 0.0008041799446800724
744.0 0.0009417683941137511
745.0 0.0010793570254463702
746.0 0.0010279349226038903
747.0 0.0009765127288119402
748.0 0.0010889586519624572
749.0 0.0012014047570119146
750.0 0.0010322765774617437
751.0 0.0008631487617094535
752.0 0.0007594042017444735
753.0 0.0006556598236784339
754.0 0.0008131723916449118
755.0 0.0009706849596113898
756.0 0.0009090935236599762
757.0 0.0008475019967590924
758.0 0.0008445808816759381
759.0 0.0008416600394411944
760.0 0.0006802161351515679
761.0 0.0005187722308619414
762.0 0.0005694420451618498
763.0 0.0006201117685122881
764.0 0.0007380747319984948
765.0 0.0008560378773836419
766.0 0.0007564567567897029
767.0 0.0006568757271452341
768.0 0.0006037343609932577
769.0 0.0005505929493665462
770.0 0.00042831884456973057
771.0 0.00030604476251028245
772.0 0.0005090684226161102
773.0 0.0007120922873582458
774.0 0.0008159004210028797
775.0 0.0009197086910717189
776.0 0.0008468753549095709
777.0 0.0007740419277979527
778.0 0.000734670629753964
779.0 0.0006952994226594456
780.0 0.0006462131295847939
781.0 0.0005971268365101423
782.0 0.0005682958999386756
783.0 0.0005394648269430036
784.0 0.0006826141088822624
785.0 0.0008257633453467861
786.0 0.000736393212719122
787.0 0.0006470233984146034
788.0 0.0004254977739037713
789.0 0.00020397217213030672
790.0 0.00020532834241748787
791.0 0.0002066844899673015
792.0 0.00024925748220994137
793.0 0.00029183047445258126
794.0 0.0002689304210434784
795.0 0.0002460303903717431
796.0 0.00036597657526726834
797.0 0.0004859227829001611
798.0 0.0004933768195769517
799.0 0.0005008309017284773
800.0 0.0004917885689792456
801.0 0.00048274641812895425
802.0 0.0004235040250932798
803.0 0.00036426174574444303
804.0 0.00027293617677059956
805.0 0.0001816106873775425
806.0 0.000287349644167989
807.0 0.00039308856685238425
808.0 0.0004335365701990668
809.0 0.0004739845735457493
810.0 0.00031987317470338894
811.0 0.00016576171901760972
812.0 0.00023940133360156324
813.0 0.00031304091407946544
814.0 0.00035243774618720636
815.0 0.0003918346010323148
816.0 0.000513880149810575
817.0 0.0006359256531141
818.0 0.0004883431756752543
819.0 0.0003407606754990411
820.0 0.00043446789277368225
821.0 0.0005281749963614857
822.0 0.00041153657548420597
823.0 0.0002948981318695587
824.0 0.0003632241487139254
825.0 0.00043155009734618943
826.0 0.0005629884071822744
827.0 0.0006944266260688892
828.0 0.0006068399670766667
829.0 0.000519253217134974
830.0 0.00044789376261178404
831.0 0.00037653428535122657
832.0 0.0005260504622128792
833.0 0.0006755665253876941
834.0 0.0005841962774866261
835.0 0.000492826029585558
836.0 0.0005222457275522174
837.0 0.0005516654255188769
838.0 0.0004496597739489516
839.0 0.000347654190591129
840.0 0.00048134656935872044
841.0 0.0006150388344394742
842.0 0.00034291003885300597
843.0 7.078115231706761e-05
844.0 0.00011724474688890041
845.0 0.00016370835282941698
846.0 0.00040825807445799
847.0 0.0006528078756673494
848.0 0.0005896691163798096
849.0 0.0005265304025670048
850.0 0.0005457072347780922
851.0 0.0005648840669891797
852.0 0.0006088972895668121
853.0 0.0006529101483465638
854.0 0.0006082645995775238
855.0 0.0005636188234348083
856.0 0.0005603798399533844
857.0 0.0005571409474214306
858.0 0.0005769693871116033
859.0 0.000596797826801776
860.0 0.0005575530394708039
861.0 0.0005183082066650968
862.0 0.0005417192824097583
863.0 0.00056513044910389
864.0 0.0004741088105220115
865.0 0.00038308721741486806
866.0 0.0003972796093876241
867.0 0.000411471955885645
868.0 0.0005671005965268705
869.0 0.0007227291916933609
870.0 0.000615315275354078
871.0 0.0005079011771158548
872.0 0.00037066120057716034
873.0 0.0002334211330889957
874.0 0.0003725445822055917
875.0 0.0005116680313221877
876.0 0.0006135358944447944
877.0 0.0007154036666179309
878.0 0.0006783585376979318
879.0 0.0006413133633031975
880.0 0.0005879227046534652
881.0 0.0005345323643268785
882.0 0.0004616273599822307
883.0 0.0003887226284859935
884.0 0.00046877580643922556
885.0 0.0005488291208166629
886.0 0.0007055021342239343
887.0 0.0008621754204796162
888.0 0.0006833038241893519
889.0 0.0005044323643232929
890.0 0.0005651286301144864
891.0 0.0006258250323298853
892.0 0.000540948121852125
893.0 0.0004560712568490999
894.0 0.00046165723688318394
895.0 0.000467243216917268
896.0 0.00027709302230505273
897.0 8.694280495546991e-05
898.0 0.00021273042420943966
899.0 0.00033851802072604187
900.0 0.000299598559649894
901.0 0.00026067905309901107
902.0 0.0004551630809146445
903.0 0.000649647108730278
904.0 0.0003450851181696635
905.0 4.0523039501749736e-05
906.0 0.0002793294015646097
