lsstCam/transmission_filter_detector/r01_s00/z_20/19700101T000000.ecsv
# %ECSV 1.0
# ---
# datatype:
# - {name: wavelength, unit: nm, datatype: float32}
# - {name: efficiency, unit: '%', datatype: float64}
# meta: !!omap
# - {MODE: DETECTOR}
# - {TYPE: transmission_filter_detector}
# - {CALIBDATE: '1970-01-01T00:00:00'}
# - {INSTRUME: LSSTCam}
# - {OBSTYPE: transmission_filter_detector}
# - {CALIBCLS: lsst.ip.isr.IntermediateFilterDetectorTransmissionCurve}
# - {SOURCE: Materion (DM-46256)}
# - {DETECTOR: 0}
# - {FILTER: z_20}
# - {CALIB_ID: 'calibDate=1970-01-01T00:00:00 filter=z_20 detector=0'}
# - {DATE: '2025-04-02T15:59:48.632649'}
# - {CALIB_CREATION_DATE: '2025-04-02'}
# - {CALIB_CREATION_TIME: '15:59:48'}
# - __serialized_columns__:
#     efficiency:
#       __class__: astropy.units.quantity.Quantity
#       unit: !astropy.units.Unit {unit: '%'}
#       value: !astropy.table.SerializedColumn {name: efficiency}
#     wavelength:
#       __class__: astropy.units.quantity.Quantity
#       unit: !astropy.units.Unit {unit: nm}
#       value: !astropy.table.SerializedColumn {name: wavelength}
# schema: astropy-2.0
wavelength efficiency
[from data line 596]
896.0 98.62626791000366
897.0 99.13318753242493
898.0 98.65525364875793
899.0 98.23232889175415
900.0 98.30791354179382
901.0 99.00960326194763
902.0 98.67947101593018
903.0 98.2734203338623
904.0 97.63044118881226
905.0 98.32872152328491
906.0 97.82434701919556
907.0 98.2974648475647
908.0 98.11052083969116
909.0 98.07422757148743
910.0 97.51781225204468
911.0 96.21865153312683
912.0 95.39670944213867
913.0 93.84128451347351
914.0 91.41157865524292
915.0 89.03376460075378
916.0 86.86049580574036
917.0 85.12340188026428
918.0 81.53319954872131
919.0 80.14312386512756
920.0 76.66769027709961
921.0 72.34166264533997
922.0 67.13336110115051
923.0 61.22137904167175
924.0 55.72431683540344
925.0 50.0350296497345
926.0 43.2453989982605
927.0 35.85390746593475
928.0 29.95392680168152
929.0 23.669907450675964
930.0 18.3795228600502
931.0 13.509055972099304
932.0 8.807887881994247
933.0 5.590289458632469
934.0 3.2524622976779938
935.0 2.0401693880558014
936.0 1.096100453287363
937.0 0.8165142498910427
938.0 0.5043641664087772
939.0 0.2336051780730486
940.0 0.06275785272009671
941.0 0.08905220893211663
942.0 0.028722628485411406
943.0 2.6926598971355187e-10
944.0 0.017767160898074508
945.0 0.21490645594894886
946.0 0.025258483947254717
947.0 2.6926598971355187e-10
948.0 0.02050968469120562
949.0 2.6926598971355187e-10
950.0 0.010521837248234078
951.0 2.6926598971355187e-10
952.0 0.0314420263748616
953.0 0.06780446274206042
954.0 2.6926598971355187e-10
955.0 2.6926598971355187e-10
956.0 2.6926598971355187e-10
957.0 2.6926598971355187e-10
958.0 0.026644248282536864
959.0 0.059682870050892234
960.0 2.6926598971355187e-10
961.0 2.6926598971355187e-10
962.0 2.6926598971355187e-10
963.0 0.025929586263373494
964.0 2.6926598971355187e-10
965.0 2.6926598971355187e-10
966.0 2.6926598971355187e-10
967.0 0.008225296915043145
968.0 2.6926598971355187e-10
969.0 2.6926598971355187e-10
970.0 2.6926598971355187e-10
971.0 0.04731269727926701
972.0 2.6926598971355187e-10
973.0 0.05251286784186959
974.0 0.036855172947980464
975.0 2.6926598971355187e-10
976.0 0.006025042966939509
977.0 0.006042001768946648
978.0 0.006058963117538951
979.0 0.005900006362935528
980.0 0.005741048516938463
981.0 0.005575018440140411
982.0 0.005408989454736002
983.0 0.005317551767802797
984.0 0.005226114808465354
985.0 0.004993780021322891
986.0 0.004761444870382547
987.0 0.004729372085421346
988.0 0.0046972985728643835
989.0 0.004594718484440818
990.0 0.004492138396017253
991.0 0.004630414696293883
992.0 0.004768691360368393
993.0 0.004684672603616491
994.0 0.004600653483066708
995.0 0.004592587720253505
996.0 0.004584521957440302
997.0 0.004394280404085293
998.0 0.004204038850730285
999.0 0.004171797991148196
1000.0 0.0041395567677682266
1001.0 0.004230251943226904
1002.0 0.0043209467548877
1003.0 0.004329885632614605
1004.0 0.0043388241465436295
1005.0 0.00415449176216498
1006.0 0.003970159377786331
1007.0 0.004040158455609344
1008.0 0.004110157533432357
1009.0 0.0042292314901715145
1010.0 0.004348305446910672
1011.0 0.004359183367341757
1012.0 0.004370061287772842
1013.0 0.004289345088182017
1014.0 0.004208628524793312
1015.0 0.004274229650036432
1016.0 0.00433983004768379
1017.0 0.004649936818168499
1018.0 0.0049600439524510875
1019.0 0.004760211231769063
1020.0 0.004560378511087038
1021.0 0.004491918298299424
1022.0 0.004423458085511811
1023.0 0.004380636892165057
1024.0 0.004337815698818304
1025.0 0.004494790482567623
1026.0 0.004651765630114824
1027.0 0.004539180372375995
1028.0 0.004426595114637166
1029.0 0.004486957550398074
1030.0 0.004547320713754743
1031.0 0.004595083009917289
1032.0 0.004642844942281954
1033.0 0.004721845471067354
1034.0 0.004800847091246396
1035.0 0.004949346111970954
1036.0 0.005097845860291272
1037.0 0.005231321119936183
1038.0 0.005364796015783213
1039.0 0.005238212906988338
1040.0 0.0051116294343955815
1041.0 0.005509993934538215
1042.0 0.005908358434680849
1043.0 0.005350274295778945
1044.0 0.004792190520674922
1045.0 0.005570864595938474
1046.0 0.006349538307404146
1047.0 0.006005922477925196
1048.0 0.005662306284648366
1049.0 0.005875073838979006
1050.0 0.006087841393309645
1051.0 0.006296239007497206
1052.0 0.006504638440674171
1053.0 0.006637904152739793
1054.0 0.006771170592401177
1055.0 0.0073256989708170295
1056.0 0.007880228076828644
1057.0 0.007597519288538024
1058.0 0.007314810500247404
1059.0 0.007503577944589779
1060.0 0.007692343933740631
1061.0 0.008378598431590945
1062.0 0.009064854384632781
1063.0 0.008769839041633531
1064.0 0.008474824426230043
1065.0 0.008692365372553468
1066.0 0.008909908501664177
1067.0 0.008897771476767957
1068.0 0.008885636634659022
1069.0 0.00987158709904179
1070.0 0.010857536835828796
1071.0 0.010604759154375643
1072.0 0.010351981472922489
1073.0 0.010260966519126669
1074.0 0.010169950837735087
1075.0 0.010929806012427434
1076.0 0.011689664097502828
1077.0 0.011812871525762603
1078.0 0.0119360804092139
1079.0 0.012963626068085432
1080.0 0.013991176092531532
1081.0 0.013784431212116033
1082.0 0.013577693607658148
1083.0 0.013318676792550832
1084.0 0.013059659977443516
1085.0 0.013689730258192867
1086.0 0.014319803449325264
1087.0 0.014376704348251224
1088.0 0.014433605247177184
1089.0 0.015934203111100942
1090.0 0.0174348009750247
1091.0 0.017419338109903038
1092.0 0.017403869424015284
1093.0 0.017008247959893197
1094.0 0.016612625040579587
1095.0 0.018028011254500598
1096.0 0.019443400378804654
1097.0 0.019139032519888133
1098.0 0.018834666116163135
1099.0 0.020935616339556873
1100.0 0.023036562197376043
1101.0 0.02298906329087913
1102.0 0.022941558563616127
1103.0 0.024585574283264577
1104.0 0.026229588547721505
1105.0 0.025931900017894804
1106.0 0.025634211488068104
1107.0 0.02658942248672247
1108.0 0.02754463639575988
1109.0 0.029290339443832636
1110.0 0.03103604249190539
1111.0 0.03094100102316588
1112.0 0.030845959554426372
1113.0 0.032065450795926154
1114.0 0.03328494785819203
1115.0 0.03222195664420724
1116.0 0.031158971250988543
1117.0 0.032361390185542405
1118.0 0.03356381203047931
1119.0 0.0361830519977957
1120.0 0.038802286144346
1121.0 0.04122325626667589
1122.0 0.043644229299388826
1123.0 0.04272522637620568
1124.0 0.04180622927378863
1125.0 0.04307970230001956
1126.0 0.044353181147016585
1127.0 0.04741736629512161
1128.0 0.05048155435360968
1129.0 0.05463752895593643
1130.0 0.058793509379029274
1131.0 0.05730163538828492
1132.0 0.05580976139754057
1133.0 0.05897862138226628
1134.0 0.062147475546225905
1135.0 0.06140422774478793
1136.0 0.06066097994334996
1137.0 0.06637743790633976
1138.0 0.07209390169009566
1139.0 0.07721512811258435
1140.0 0.08233632543124259
1141.0 0.0901226419955492
1142.0 0.09790895273908973
1143.0 0.11904137209057808
1144.0 0.14017376815900207
1145.0 0.280268769711256
1146.0 0.42036380618810654
1147.0 0.8904718793928623
1148.0 1.3605800457298756
1149.0 1.553104817867279
1150.0 1.7456308007240295
