lsstCam/transmission_filter_detector/r01_s00/z_20/19700101T000000.ecsv
# %ECSV 1.0
# ---
# datatype:
# - {name: wavelength, unit: nm, datatype: float32}
# - {name: efficiency, unit: '%', datatype: float64}
# meta: !!omap
# - {MODE: DETECTOR}
# - {TYPE: transmission_filter_detector}
# - {CALIBDATE: '1970-01-01T00:00:00'}
# - {INSTRUME: LSSTCam}
# - {OBSTYPE: transmission_filter_detector}
# - {CALIBCLS: lsst.ip.isr.IntermediateFilterDetectorTransmissionCurve}
# - {SOURCE: Materion (DM-46256)}
# - {DETECTOR: 0}
# - {FILTER: z_20}
# - {CALIB_ID: 'calibDate=1970-01-01T00:00:00 filter=z_20 detector=0'}
# - {DATE: '2025-04-02T15:59:48.632649'}
# - {CALIB_CREATION_DATE: '2025-04-02'}
# - {CALIB_CREATION_TIME: '15:59:48'}
# - __serialized_columns__:
#     efficiency:
#       __class__: astropy.units.quantity.Quantity
#       unit: !astropy.units.Unit {unit: '%'}
#       value: !astropy.table.SerializedColumn {name: efficiency}
#     wavelength:
#       __class__: astropy.units.quantity.Quantity
#       unit: !astropy.units.Unit {unit: nm}
#       value: !astropy.table.SerializedColumn {name: wavelength}
# schema: astropy-2.0
wavelength efficiency
300.0 0.8672251366078854
301.0 0.5834255833178759
302.0 0.2996260765939951
303.0 0.29263251926749945
304.0 0.2856389619410038
305.0 0.24194405414164066
306.0 0.1982490997761488
307.0 0.18067529890686274
308.0 0.1631014863960445
309.0 0.14445969136431813
310.0 0.12581789633259177
311.0 0.12665570247918367
312.0 0.12749353190883994
313.0 0.11097806273028255
314.0 0.09446261683478951
315.0 0.09391152416355908
316.0 0.09336043149232864
317.0 0.07863239734433591
318.0 0.06390438065864146
319.0 0.06385932210832834
320.0 0.06381425773724914
321.0 0.06265412084758282
322.0 0.06149398977868259
323.0 0.05381325609050691
324.0 0.046132528223097324
325.0 0.04278401902411133
326.0 0.03943550691474229
327.0 0.03902849566657096
328.0 0.03862148441839963
329.0 0.034309367765672505
330.0 0.029997254023328424
331.0 0.027207870152778924
332.0 0.024418483371846378
333.0 0.023508415324613452
334.0 0.022598342911805958
335.0 0.02140642754966393
336.0 0.020214513642713428
337.0 0.024347555881831795
338.0 0.028480595210567117
339.0 0.024146736541297287
340.0 0.019812882237602025
341.0 0.016657551168464124
342.0 0.013502221554517746
343.0 0.013278530968818814
344.0 0.013054840383119881
345.0 0.012354493082966655
346.0 0.011654141417238861
347.0 0.011117744725197554
348.0 0.010581348760752007
349.0 0.013156302156858146
350.0 0.01573125773575157
351.0 0.013050164852757007
352.0 0.010369068331783637
353.0 0.010937533079413697
354.0 0.011506000009831041
355.0 0.009830605995375663
356.0 0.008155215618899092
357.0 0.009184836380882189
358.0 0.010214460053248331
359.0 0.009988847887143493
360.0 0.009763234993442893
361.0 0.008783059456618503
362.0 0.007802886102581397
363.0 0.00904514454305172
364.0 0.010287402983522043
365.0 0.010062397632282227
366.0 0.009837395191425458
367.0 0.008657030411995947
368.0 0.007476664904970676
369.0 0.007873402500990778
370.0 0.008270141552202404
371.0 0.008202241588151082
372.0 0.008134343806887046
373.0 0.007046772225294262
374.0 0.0059592035540845245
375.0 0.006399004632839933
376.0 0.00683880498399958
377.0 0.0071575515903532505
378.0 0.0074762974691111594
379.0 0.006208023842191324
380.0 0.004939750215271488
381.0 0.003096825457760133
382.0 0.001253900791198248
383.0 0.0035201745049562305
384.0 0.005786448673461564
385.0 0.005524389780475758
386.0 0.0052623316150857136
387.0 0.0059208647144259885
388.0 0.0065793989051599056
389.0 0.00577141108806245
390.0 0.004963424726156518
391.0 0.004603854176821187
392.0 0.004244283627485856
393.0 0.004758816794492304
394.0 0.005273350325296633
395.0 0.0043398686102591455
396.0 0.0034063865314237773
397.0 0.0035671724617714062
398.0 0.0037279580283211544
399.0 0.003973625280195847
400.0 0.0042192918044747785
401.0 0.00467824938823469
402.0 0.005137206971994601
403.0 0.00497014589200262
404.0 0.0048030855396064
405.0 0.0039297006878769025
406.0 0.0030563165637431666
407.0 0.0015663654266973026
408.0 7.641473303010571e-05
409.0 0.0018393791833659634
410.0 0.003602344077080488
411.0 0.0042283623770345
412.0 0.004854380313190632
413.0 0.004680548590840772
414.0 0.004506716140895151
415.0 0.0037613397580571473
416.0 0.0030159635571180843
417.0 0.003821320933639072
418.0 0.0046266788558568805
419.0 0.004071263174409978
420.0 0.0035158474929630756
421.0 0.003507951623760164
422.0 0.0035000564821530133
423.0 0.0035607889003586024
424.0 0.0036215224099578336
425.0 0.0025999013814725913
426.0 0.0015782805348862894
427.0 0.0018351245671510696
428.0 0.00209196859941585
429.0 0.0013930535715189762
430.0 0.0006941389983694535
431.0 0.0007515539437008556
432.0 0.0008089688890322577
433.0 0.0007357346021308331
434.0 0.0006625002242799383
435.0 0.001208292906085262
436.0 0.001754085678840056
437.0 0.0018418966647004709
438.0 0.0019297080143587664
439.0 0.0019768929632846266
440.0 0.002024077912210487
441.0 0.0014879069567541592
442.0 0.0009517361831967719
443.0 0.002214051528426353
444.0 0.0034763670555548742
445.0 0.003359088077559136
446.0 0.0032418090995633975
447.0 0.002526301432226319
448.0 0.0018107935829903
449.0 0.002474051325407345
450.0 0.0031373099773190916
451.0 0.0025670578907011077
452.0 0.001996805440285243
453.0 0.0018351243852521293
454.0 0.0016734436940168962
455.0 0.002389104338362813
456.0 0.00310476498270873
457.0 0.0022648880985798314
458.0 0.001425011214450933
459.0 0.0015762316252221353
460.0 0.0017274520359933376
461.0 0.0008463874110020697
462.0 2.6926598971355187e-10
463.0 0.0009241194675269071
464.0 0.0018829165128408931
465.0 0.002190978921134956
466.0 0.0024990416932269
467.0 0.002101274913002271
468.0 0.001703507405181881
469.0 0.001606020305189304
470.0 0.0015085329323483165
471.0 0.0014019008631294128
472.0 0.0012952690667589195
473.0 0.001279767275264021
474.0 0.0012642655747185927
475.0 0.0011624803846643772
476.0 0.0010606951036606915
477.0 0.0013662431229022332
478.0 0.0016717909602448344
479.0 0.0019905563021893613
480.0 0.002309321462234948
481.0 0.0018581778931547888
482.0 0.00140703450597357
483.0 0.0009335675713373348
484.0 0.0004601005457516294
485.0 0.0013110025065543596
486.0 0.002161904194508679
487.0 0.0015703530152677558
488.0 0.000978801654127892
489.0 0.0017017300706356764
490.0 0.0024246584871434607
491.0 0.0022580607037525624
492.0 0.002091462920361664
493.0 0.0019450511899776757
494.0 0.001798639823391568
495.0 0.0016097688785521314
496.0 0.0014208978427632246
497.0 0.001234580577147426
498.0 0.0010482634024810977
499.0 0.001238638287759386
500.0 0.0014290132639871445
501.0 0.0009743280315888114
502.0 0.0005196424353925977
503.0 0.0012953777513757814
504.0 0.002071112976409495
505.0 0.002264798604301177
506.0 0.0024584840502939187
507.0 0.002338359263376333
508.0 0.0022182341126608662
509.0 0.0018263704987475649
510.0 0.0014345072486321442
511.0 0.0011514116522448603
512.0 0.000868316328705987
513.0 0.0012690925359493122
514.0 0.0016698691979399882
515.0 0.0013434692846203689
516.0 0.001017070098896511
517.0 0.000908994934434304
518.0 0.0008009194971236866
519.0 0.001035723471431993
520.0 0.0012705269909929484
521.0 0.0016869431419763714
522.0 0.0021033592929597944
523.0 0.00143349452628172
524.0 0.0007636298505531158
525.0 0.0007647143320355099
526.0 0.0007657988135179039
527.0 0.0011975069355685264
528.0 0.0016292153304675594
529.0 0.0013349105756788049
530.0 0.0010406051842437591
531.0 0.0011523258763190825
532.0 0.0012640464774449356
533.0 0.0009414528904017061
534.0 0.0006188594397826819
535.0 0.0012259857612662017
536.0 0.0018331122191739269
537.0 0.001798405901354272
538.0 0.0017636994016356766
539.0 0.0012798500392818823
540.0 0.0007960002221807372
541.0 0.0007931183972686995
542.0 0.0007902369361545425
543.0 0.0012262707969057374
544.0 0.0016623047486064024
545.0 0.0011363820703991223
546.0 0.0006104595286160475
547.0 0.0012866697034041863
548.0 0.0019628794689197093
549.0 0.0017964071957976557
550.0 0.0016299349226756021
551.0 0.0016651065379846841
552.0 0.0017002777894958854
553.0 0.0013965760444989428
554.0 0.0010928740266535897
555.0 0.000982182245934382
556.0 0.0008714905561646447
557.0 0.0012933969628647901
558.0 0.0017153031876659952
559.0 0.0017143531295005232
560.0 0.0017134027075371705
561.0 0.0015615734810126014
562.0 0.0014097442544880323
563.0 0.0012467903616197873
564.0 0.001083836377802072
565.0 0.0018774959244183265
566.0 0.002671155561984051
567.0 0.0029936400096630678
568.0 0.003316124275443144
569.0 0.002988474261655938
570.0 0.0026608242478687316
571.0 0.002458419476170093
572.0 0.0022560143406735733
573.0 0.0018776179786073044
574.0 0.0014992217984399758
575.0 0.0019800811060122214
576.0 0.0024609400497865863
577.0 0.0020591853171936236
578.0 0.0016574309483985417
579.0 0.0017190610378747806
580.0 0.0017806907635531388
581.0 0.0016187697838176973
582.0 0.0014568488040822558
583.0 0.0018919816284324042
584.0 0.002327114634681493
585.0 0.002567341653048061
586.0 0.0028075686714146286
587.0 0.0022247533706831746
588.0 0.0016419375242548995
589.0 0.00223843253479572
590.0 0.002834927727235481
591.0 0.001912857624120079
592.0 0.0009907871572067961
593.0 0.0008009552402654663
594.0 0.0006111230050009908
595.0 0.001023453842208255
596.0 0.0014357846339407843
597.0 0.0013854706594429445
598.0 0.0013351566849451046
599.0 0.0009168214091914706
600.0 0.0004984864517609822
601.0 0.00045451211008185055
602.0 0.0004105376319785137
603.0 0.0009353265340905637
604.0 0.0014601149814552628
605.0 0.0008912035809771623
606.0 0.0003222918394385488
607.0 0.0007439423370669829
608.0 0.0011655927664833143
609.0 0.0012015324500680435
610.0 0.0012374716789054219
611.0 0.001051100389304338
612.0 0.0008647287359053735
613.0 0.0008317968422488775
614.0 0.0007988648576429114
615.0 0.0012419543963915203
616.0 0.0016850441170390695
617.0 0.002141938057320658
618.0 0.0025988319976022467
619.0 0.0021676138203474693
620.0 0.0017363954611937515
621.0 0.0015184963558567688
622.0 0.0013005968867219053
623.0 0.0016075837265816517
624.0 0.0019145707483403385
625.0 0.0016952293663052842
626.0 0.0014758882571186405
627.0 0.0018990846001543105
628.0 0.0023222815798362717
629.0 0.00214694573514862
630.0 0.001971609890460968
631.0 0.0017505240975879133
632.0 0.0015294381228159182
633.0 0.0018515298506827094
634.0 0.0021736219423473813
635.0 0.005153239544597454
636.0 0.008132856601150706
637.0 0.015514039841946214
638.0 0.022895225265529007
639.0 0.01983262918656692
640.0 0.016770034562796354
641.0 0.014516746159642935
642.0 0.012263460666872561
643.0 0.00980295444605872
644.0 0.0073424496804364026
645.0 0.0066753193095792085
646.0 0.006008189302519895
647.0 0.005480008985614404
648.0 0.004951828304911032
649.0 0.004048520713695325
650.0 0.003145213850075379
651.0 0.0036085879401070997
652.0 0.00407196203013882
653.0 0.0032829186238814145
654.0 0.002493874853826128
655.0 0.0027874193619936705
656.0 0.0030809642339590937
657.0 0.002952984141302295
658.0 0.0028250036848476157
659.0 0.0026340989279560745
660.0 0.0024431943529634736
661.0 0.0026308774977223948
662.0 0.002818560096784495
663.0 0.0019327322661411017
664.0 0.0010469043445482384
665.0 0.0015381914636236615
666.0 0.002029478855547495
667.0 0.002376384691160638
668.0 0.0027232905267737806
669.0 0.001990053351619281
670.0 0.0012568161764647812
671.0 0.0009455417057324667
672.0 0.000634267189525417
673.0 0.0012985568901058286
674.0 0.0019628467271104455
675.0 0.002072821735055186
676.0 0.002182796561100986
677.0 0.001955979496415239
678.0 0.0017291617041337304
679.0 0.0014160654245642945
680.0 0.0011029689630959183
681.0 0.001197590336232679
682.0 0.0012922117093694396
683.0 0.0023652008167118765
684.0 0.0034381904697511345
685.0 0.0028794513127650134
686.0 0.0023207127014757134
687.0 0.0017419624782633036
688.0 0.001163211800303543
689.0 0.0014735343029315118
690.0 0.00178385653271107
691.0 0.002118181328114588
692.0 0.002452505759720225
693.0 0.002856484570656903
694.0 0.0032604635634925216
695.0 0.0033971293305512518
696.0 0.003533795097609982
697.0 0.0037714806239819154
698.0 0.004009166150353849
699.0 0.005903045166633092
700.0 0.007796924182912335
701.0 0.0072896116762422025
702.0 0.006782298441976309
703.0 0.006239318463485688
704.0 0.005696338121197186
705.0 0.005101388160255738
706.0 0.004506437835516408
707.0 0.004291366713005118
708.0 0.004076295226695947
709.0 0.004218762114760466
710.0 0.0043612290028249845
711.0 0.003882538658217527
712.0 0.0034038483136100695
713.0 0.0024087870770017616
714.0 0.0014137256584945135
715.0 0.002137666342605371
716.0 0.0028616068448172882
717.0 0.0024922899683588184
718.0 0.002122972728102468
719.0 0.0016888947357074358
720.0 0.0012548163795145229
721.0 0.0011875042218889575
722.0 0.0011201917004655115
723.0 0.0009532545846013818
724.0 0.0007863172868383117
725.0 0.001183799668069696
726.0 0.0015812822312000208
727.0 0.0017109412510762922
728.0 0.0018406002709525637
729.0 0.001835857801779639
730.0 0.0018311155145056546
731.0 0.0013221300832810812
732.0 0.0008131448339554481
733.0 0.0008515356057614554
734.0 0.0008899261047190521
735.0 0.0010184361599385738
736.0 0.0011469458513602149
737.0 0.001356338270852575
738.0 0.0015657304174965248
739.0 0.0012160421647422481
740.0 0.000866353639139561
741.0 0.0010789750376716256
742.0 0.0012915962543047499
743.0 0.0016086427422123961
744.0 0.0019256891391705722
745.0 0.001266477283934364
746.0 0.0006072655196476262
747.0 0.0011679979252221528
748.0 0.0017287304217461497
749.0 0.002326091816939879
750.0 0.0029234532121336088
751.0 0.0029994616852491163
752.0 0.003075469794566743
753.0 0.0030044035156606697
754.0 0.002933337054855656
755.0 0.001978621912712697
756.0 0.0010239065886707976
757.0 0.001972789868887048
758.0 0.0029216729672043584
759.0 0.0027676800527842715
760.0 0.002613686774566304
761.0 0.004509773862082511
762.0 0.006405860040104017
763.0 0.005783927554148249
764.0 0.005161995068192482
765.0 0.0051959927077405155
766.0 0.005229989255894907
767.0 0.0045818465878255665
768.0 0.0039337035559583455
769.0 0.0035863988159690052
770.0 0.0032390948035754263
771.0 0.004049623748869635
772.0 0.004860153421759605
773.0 0.004056910984218121
774.0 0.003253668182878755
775.0 2.6926598971355187e-10
776.0 2.6926598971355187e-10
777.0 0.1030939631164074
778.0 2.6926598971355187e-10
779.0 0.03502516483422369
780.0 2.6926598971355187e-10
781.0 0.07350872037932277
782.0 2.6926598971355187e-10
783.0 2.6926598971355187e-10
784.0 2.6926598971355187e-10
785.0 0.06548534729517996
786.0 2.6926598971355187e-10
787.0 2.6926598971355187e-10
788.0 0.017404105165041983
789.0 4.7646196321693424e-05
790.0 2.6926598971355187e-10
791.0 0.075404136441648
792.0 0.12936190469190478
793.0 0.20954106003046036
794.0 0.036637429730035365
795.0 2.6926598971355187e-10
796.0 2.6926598971355187e-10
797.0 0.1999792642891407
798.0 0.2583302091807127
799.0 0.27216614689677954
800.0 0.5023358389735222
801.0 0.7849707268178463
802.0 1.5767116099596024
803.0 2.5153782218694687
804.0 3.9438948035240173
805.0 5.613795667886734
806.0 7.76553675532341
807.0 10.306650400161743
808.0 13.131022453308105
809.0 16.45902544260025
810.0 19.747968018054962
811.0 23.130126297473907
812.0 26.71845257282257
813.0 31.17091953754425
814.0 36.27987504005432
815.0 41.778481006622314
816.0 47.807687520980835
817.0 54.973238706588745
818.0 61.81038022041321
819.0 68.83734464645386
820.0 76.29027366638184
821.0 82.59623050689697
822.0 87.23897337913513
823.0 90.74662327766418
824.0 93.62381100654602
825.0 96.35258316993713
826.0 97.13296890258789
827.0 98.40477705001831
828.0 99.38330054283142
829.0 98.85711669921875
830.0 98.62219095230103
831.0 98.93335700035095
832.0 98.28816056251526
833.0 99.23338294029236
834.0 97.80365824699402
835.0 99.09636378288269
836.0 98.77720475196838
837.0 99.10240173339844
838.0 97.71766066551208
839.0 97.70963788032532
840.0 98.39458465576172
841.0 98.81865978240967
842.0 98.98242950439453
843.0 99.4961142539978
844.0 98.02840948104858
845.0 98.32050204277039
846.0 99.14532899856567
847.0 98.8782525062561
848.0 99.77331161499023
849.0 98.53483438491821
850.0 97.82631397247314
851.0 99.3723452091217
852.0 99.12359118461609
853.0 98.01865220069885
854.0 99.4611918926239
855.0 98.45808148384094
856.0 98.72897267341614
857.0 97.81033992767334
858.0 98.44290614128113
859.0 99.27311539649963
860.0 98.32584261894226
861.0 98.87850880622864
862.0 99.13607239723206
863.0 98.25884103775024
864.0 99.559485912323
865.0 99.52520728111267
866.0 98.78347516059875
867.0 99.77501630783081
868.0 99.29800033569336
869.0 98.92127513885498
870.0 97.94562458992004
871.0 98.94087314605713
872.0 99.39903616905212
873.0 98.79379868507385
874.0 99.46183562278748
875.0 99.14244413375854
876.0 98.65792393684387
877.0 99.39864873886108
878.0 98.76657128334045
879.0 98.50299954414368
880.0 98.40822219848633
881.0 99.53498244285583
882.0 98.89189004898071
883.0 98.46467971801758
884.0 98.98638129234314
885.0 98.68284463882446
886.0 98.70612621307373
887.0 98.44037294387817
888.0 99.03835654258728
889.0 99.48731660842896
890.0 98.16046953201294
891.0 99.50677156448364
892.0 98.38115572929382
893.0 98.26417565345764
894.0 97.90571331977844
