lsstCam/transmission_sensor/r21_s10/19700101T000000.ecsv
# %ECSV 1.0
# ---
# datatype:
# - {name: amp_name, datatype: string}
# - {name: wavelength, unit: nm, datatype: float32}
# - {name: efficiency, unit: '%', datatype: float64}
# meta: !!omap
# - {MODE: AMP}
# - {TYPE: transmission_sensor}
# - {CALIBDATE: '1970-01-01T00:00:00'}
# - {INSTRUME: LSSTCAM}
# - {OBSTYPE: transmission_sensor}
# - {DETECTOR: 84}
# - {PARQUETFILE: qe_raft_allvalues_nircorrected_20230725.parquet}
# - {CALIBCLS: lsst.ip.isr.IntermediateSensorTransmissionCurve}
# - {CALIB_ID: 'raftName=R21 detectorName=S10 detector=84 calibDate=1970-01-01T00:00:00 ccd=84 ccdnum=84 filter=None'}
# - {DATE: '2024-01-18T22:42:25.271684'}
# - {CALIB_CREATION_DATE: '2024-01-18'}
# - {CALIB_CREATION_TIME: '22:42:25'}
# - __serialized_columns__:
#     efficiency:
#       __class__: astropy.units.quantity.Quantity
#       unit: !astropy.units.Unit {unit: '%'}
#       value: !astropy.table.SerializedColumn {name: efficiency}
#     wavelength:
#       __class__: astropy.units.quantity.Quantity
#       unit: !astropy.units.Unit {unit: nm}
#       value: !astropy.table.SerializedColumn {name: wavelength}
# schema: astropy-2.0
amp_name wavelength efficiency
C00 319.992 38.56806108738521
C00 330.006 47.967327481871045
C00 349.994 63.21009862731232
C00 370.001 67.26851913600873
C00 400.009 79.36782826935669
C00 429.983 83.97290650462193
C00 449.989 86.5309779335121
C00 469.993 88.6854268722783
C00 500.016 91.87193146147888
C00 549.99 95.64145979228975
C00 569.998 96.74454409826855
C00 599.983 97.87637449130946
C00 630.013 98.51552579673825
C00 649.987 98.78610231849497
C00 670.017 98.75575129099401
C00 699.987 98.26554578045793
C00 720.012 98.0036380653429
C00 749.995 97.99402509169988
C00 770.007 97.97055236212205
C00 800.008 97.10620070633347
C00 830.013 95.35666074210687
C00 869.994 90.65263308185835
C00 900.005 82.41244008073855
C00 919.989 73.69811245897894
C00 959.989 52.89285765535181
C00 1000.013 26.315077931819822
C00 1030.002 9.435551167049917
C00 1049.996 4.042620191716512
C00 1080.005 0.5939085915306862
C00 1100.007 0.11417096034181987
C01 319.992 39.16877805483672
C01 330.006 48.72684299411553
C01 349.994 64.27265027588726
C01 370.001 68.36009910848945
C01 400.009 79.95042157558812
C01 429.983 84.29123937346517
C01 449.989 86.75553640340053
C01 469.993 88.85079824028723
C01 500.016 91.97925864419724
C01 549.99 95.69875773351544
C01 569.998 96.78862721095392
C01 599.983 97.91081945365465
C01 630.013 98.54398027295686
C01 649.987 98.81044216609386
C01 670.017 98.77835863099936
C01 699.987 98.2863798764982
C01 720.012 98.02544742421122
C01 749.995 98.01629841257282
C01 770.007 97.98925370665249
C01 800.008 97.12210545966381
C01 830.013 95.36842234151987
C01 869.994 90.56059061213384
C01 900.005 82.46145410878567
C01 919.989 73.8400221038535
C01 959.989 52.317197963771235
C01 1000.013 26.162988575510905
C01 1030.002 9.384553544793398
C01 1049.996 4.004893580228206
C01 1080.005 0.5940435797403114
C01 1100.007 0.1141969100144589
C02 319.992 39.54155312206259
C02 330.006 49.208307758811266
C02 349.994 64.9983637230332
C02 370.001 69.16828069056727
C02 400.009 80.37585024531373
C02 429.983 84.50750353674722
C02 449.989 86.89572227793622
C02 469.993 88.93931103565927
C02 500.016 92.01818918888922
C02 549.99 95.70872656925941
C02 569.998 96.79242168740086
C02 599.983 97.91430910102845
C02 630.013 98.54856945746278
C02 649.987 98.81627239084133
C02 670.017 98.78612918640248
C02 699.987 98.29885588633825
C02 720.012 98.03914025358115
C02 749.995 98.03502336301703
C02 770.007 98.01121718262063
C02 800.008 97.14375015801903
C02 830.013 95.3636048027728
C02 869.994 90.60660409670393
C02 900.005 82.32446815256
C02 919.989 74.06632084499766
C02 959.989 52.04494233875158
C02 1000.013 25.955624960009647
C02 1030.002 9.410473303408112
C02 1049.996 3.9986462169341346
C02 1080.005 0.594157070323581
C02 1100.007 0.114218727056789
C03 319.992 39.91994089651777
C03 330.006 49.70455402641744
C03 349.994 65.81395867863016
C03 370.001 70.1224365474906
C03 400.009 80.92237725745754
C03 429.983 84.81043235553737
C03 449.989 87.10728757941135
C03 469.993 89.09210070854317
C03 500.016 92.11613560912855
C03 549.99 95.77484250968675
C03 569.998 96.85827150501625
C03 599.983 97.98329851127993
C03 630.013 98.62468556441807
C03 649.987 98.89675400841334
C03 670.017 98.8775231670946
C03 699.987 98.39258257875561
C03 720.012 98.14392281860921
C03 749.995 98.14288767968583
C03 770.007 98.12470542431548
C03 800.008 97.26022772168396
C03 830.013 95.47975156357712
C03 869.994 90.83219960097654
C03 900.005 82.42441531703511
C03 919.989 74.0340936613191
C03 959.989 52.238170662536305
C03 1000.013 26.024713641882396
C03 1030.002 9.46999925544924
C03 1049.996 4.0143148275217735
C03 1080.005 0.5948108056086586
C03 1100.007 0.11434439889648118
C04 319.992 40.462167546526885
C04 330.006 50.39358859450506
C04 349.994 66.8137527384818
C04 370.001 71.18538107525487
C04 400.009 81.52782423153651
C04 429.983 85.18918899812837
C04 449.989 87.40548154903568
C04 469.993 89.33442187598143
C04 500.016 92.31350441710188
C04 549.99 95.94354295249474
C04 569.998 97.01840299193395
C04 599.983 98.14453399487265
C04 630.013 98.78267915854309
C04 649.987 99.05986239852358
C04 670.017 99.03409028881804
C04 699.987 98.55487766573165
C04 720.012 98.30375894885331
C04 749.995 98.3125258997274
C04 770.007 98.29297896561623
C04 800.008 97.43292889780267
C04 830.013 95.66516107648027
C04 869.994 91.04457310681953
C04 900.005 82.66996139614918
C04 919.989 74.02976756135851
C04 959.989 52.42872539624014
C04 1000.013 26.142463922197486
C04 1030.002 9.528959248566652
C04 1049.996 4.036323173732009
C04 1080.005 0.5958389286381821
C04 1100.007 0.1145420417582012
C05 319.992 40.8488228425673
C05 330.006 50.871202653056244
C05 349.994 67.41856105974358
C05 370.001 71.78206366219457
C05 400.009 81.80718329175698
C05 429.983 85.31937346982836
C05 449.989 87.48362164897065
C05 469.993 89.37665227865185
C05 500.016 92.31376309181744
C05 549.99 95.9049480104401
C05 569.998 96.97380071546912
C05 599.983 98.08543957158236
C05 630.013 98.71461519335026
C05 649.987 98.98175577394989
C05 670.017 98.95911017096759
C05 699.987 98.473382505313
C05 720.012 98.21710126548706
C05 749.995 98.2213972955352
C05 770.007 98.20423819385877
C05 800.008 97.34969195916717
C05 830.013 95.58303093357064
C05 869.994 90.97426245631928
C05 900.005 82.67422181675468
C05 919.989 73.97846483935197
C05 959.989 52.46649078704844
C05 1000.013 26.203855628960056
C05 1030.002 9.527683147918742
C05 1049.996 4.047414059991374
C05 1080.005 0.5952866290470998
C05 1100.007 0.11443586957007416
C06 319.992 41.11813304221452
C06 330.006 51.217569020147245
C06 349.994 67.9576761462399
C06 370.001 72.38861181754365
C06 400.009 82.12009586105215
C06 429.983 85.47016667061597
C06 449.989 87.56902041790305
C06 469.993 89.42276742223397
C06 500.016 92.32807389005188
C06 549.99 95.89234215851309
C06 569.998 96.95619495553625
C06 599.983 98.0629175710976
C06 630.013 98.69118660199955
C06 649.987 98.96617275537383
C06 670.017 98.93946559445092
C06 699.987 98.45512306653916
C06 720.012 98.20157763998968
C06 749.995 98.20611318914308
C06 770.007 98.19206111220369
C06 800.008 97.33655661327471
C06 830.013 95.578754691312
C06 869.994 90.96011042283016
C06 900.005 82.62100110313672
C06 919.989 73.92799116089189
C06 959.989 52.300664899761294
C06 1000.013 26.16998415202817
C06 1030.002 9.545945474009203
C06 1049.996 4.062951596800591
C06 1080.005 0.5951940000200063
C06 1100.007 0.11441806288209289
C07 319.992 41.56692327078131
C07 330.006 51.78547562693234
C07 349.994 68.74680679640504
C07 370.001 73.2196612812678
C07 400.009 82.6792613616141
C07 429.983 85.89308808962504
C07 449.989 87.95280933670297
C07 469.993 89.77836945919373
C07 500.016 92.65864496037958
C07 549.99 96.21567387686349
C07 569.998 97.27241150579646
C07 599.983 98.38091934076924
C07 630.013 99.00917341822293
C07 649.987 99.28430689813229
C07 670.017 99.25668033644939
C07 699.987 98.76881869668728
C07 720.012 98.51784004269048
C07 749.995 98.52006716753033
C07 770.007 98.50426945528434
C07 800.008 97.6386695688017
C07 830.013 95.87562488399102
C07 869.994 91.21422700226158
C07 900.005 82.91872390090955
C07 919.989 74.06981036465228
C07 959.989 52.37045751659427
C07 1000.013 26.204831327790096
C07 1030.002 9.624781977673008
C07 1049.996 4.103363942868477
C07 1080.005 0.5970967662967417
C07 1100.007 0.11478384417608126
C10 319.992 36.19934901557142
C10 330.006 44.95867589866379
C10 349.994 59.02974953605263
C10 370.001 62.959665278630155
C10 400.009 76.85602749269647
C10 429.983 82.38105467196782
C10 449.989 85.26632463207338
C10 469.993 87.63850059991987
C10 500.016 91.02079274224367
C10 549.99 94.94003635190359
C10 569.998 96.06957774163969
C10 599.983 97.23083564357202
C10 630.013 97.88885311586104
C10 649.987 98.16313399376864
C10 670.017 98.14045345029996
C10 699.987 97.65945465208699
C10 720.012 97.40350309476285
C10 749.995 97.39875139023198
C10 770.007 97.36937932644106
C10 800.008 96.52482627452939
C10 830.013 94.81174530000571
C10 869.994 90.19509458403188
C10 900.005 82.09448220419793
C10 919.989 73.63251250417582
C10 959.989 52.53528546217992
C10 1000.013 26.176582085248665
C10 1030.002 9.484094367151167
C10 1049.996 4.050648551921839
C10 1080.005 0.5903008362716504
C10 1100.007 0.1134774177858168
C11 319.992 37.20581138922951
C11 330.006 46.231782598365555
C11 349.994 60.737733773156606
C11 370.001 64.69098219044226
C11 400.009 77.93113411779683
C11 429.983 83.1256912512388
C11 449.989 85.88908372324103
C11 469.993 88.18837769362894
C11 500.016 91.50027675985615
C11 549.99 95.3643978000874
C11 569.998 96.48383226384185
C11 599.983 97.63352258394171
C11 630.013 98.27927856230711
C11 649.987 98.54828890668605
C11 670.017 98.51921252223508
C11 699.987 98.03278759565295
C11 720.012 97.7721415233433
C11 749.995 97.76134569313244
C11 770.007 97.74052196845024
C11 800.008 96.8799138170244
C11 830.013 95.15252237070384
C11 869.994 90.48747435587069
C11 900.005 82.35812931356026
C11 919.989 73.7711888792192
C11 959.989 52.547476735055724
C11 1000.013 26.205657910383845
C11 1030.002 9.429456543500965
C11 1049.996 4.021950331499853
C11 1080.005 0.5924984022194937
C11 1100.007 0.1138998703622867
C12 319.992 37.75804730319029
C12 330.006 46.93989955468061
C12 349.994 61.77313975647758
C12 370.001 65.80174400802075
C12 400.009 78.55473726845287
C12 429.983 83.474959712326
C12 449.989 86.14137151596269
C12 469.993 88.37261780320907
C12 500.016 91.62441779908599
C12 549.99 95.45116020536982
C12 569.998 96.56637167001459
C12 599.983 97.70985862024325
C12 630.013 98.3523760737777
C12 649.987 98.62436529530957
C12 670.017 98.60116700064931
C12 699.987 98.11540582615518
C12 720.012 97.85079710196912
C12 749.995 97.84840365592372
C12 770.007 97.8270262907587
C12 800.008 96.97047653455282
C12 830.013 95.2380008190348
C12 869.994 90.51690996550471
C12 900.005 82.41120417494128
C12 919.989 73.81020668321918
C12 959.989 52.35981156389057
C12 1000.013 26.165599030116557
C12 1030.002 9.419942135942968
C12 1049.996 4.0017273634970865
C12 1080.005 0.5930260342846952
C12 1100.007 0.11400130054944049
C13 319.992 38.39150825984361
C13 330.006 47.75450434797085
C13 349.994 62.96476560029346
C13 370.001 67.097277441999
C13 400.009 79.3869761385353
C13 429.983 84.04429460221466
C13 449.989 86.61993058300354
C13 469.993 88.79303647620266
C13 500.016 91.98953716010087
C13 549.99 95.78573353895139
C13 569.998 96.89497180336723
C13 599.983 98.0408470820055
C13 630.013 98.68557078857245
C13 649.987 98.96021228907483
C13 670.017 98.93835551510762
C13 699.987 98.45339644178482
C13 720.012 98.19023433231665
C13 749.995 98.19476915640882
C13 770.007 98.17331349630534
C13 800.008 97.3151362523935
C13 830.013 95.56686163418037
C13 869.994 90.79982663061283
C13 900.005 82.66447274617992
C13 919.989 74.10607725142994
C13 959.989 52.29607362320177
C13 1000.013 26.221810328373977
C13 1030.002 9.454643787198306
C13 1049.996 4.009733817221339
C13 1080.005 0.5951252413634838
C13 1100.007 0.11440484495266917
C14 319.992 38.88678459469727
C14 330.006 48.390693089896935
C14 349.994 63.92258354599671
C14 370.001 68.13739022573014
C14 400.009 79.92283313479338
C14 429.983 84.31492291293338
C14 449.989 86.79196556547912
C14 469.993 88.89586427575622
C14 500.016 92.03688984920834
C14 549.99 95.79180020045918
C14 569.998 96.89316236490058
C14 599.983 98.03950020056298
C14 630.013 98.6858082922781
C14 649.987 98.96281712010524
C14 670.017 98.94299488119067
C14 699.987 98.46389370909664
C14 720.012 98.20692509034528
C14 749.995 98.21109012428985
C14 770.007 98.19489137754088
C14 800.008 97.33269646156661
C14 830.013 95.58509559303367
C14 869.994 90.82702240581183
C14 900.005 82.56001183879303
C14 919.989 74.24409039163616
C14 959.989 52.18913001996626
C14 1000.013 26.10309539487598
C14 1030.002 9.43456094609261
C14 1049.996 4.001583876046057
C14 1080.005 0.5952241615347431
C14 1100.007 0.1144238610287302
C15 319.992 39.27416497731755
C15 330.006 48.87239224540147
C15 349.994 64.55147866182163
C15 370.001 68.76885887915654
C15 400.009 80.26756188702669
C15 429.983 84.50522367734307
C15 449.989 86.92717902538976
C15 469.993 88.99647982559294
C15 500.016 92.1007064231533
C15 549.99 95.8165393754018
C15 569.998 96.91202022571333
C15 599.983 98.04429846570194
C15 630.013 98.68293526358073
C15 649.987 98.95720907212213
C15 670.017 98.93138115454383
C15 699.987 98.44479387774325
C15 720.012 98.19085222600967
C15 749.995 98.18956180759784
C15 770.007 98.17392273598283
C15 800.008 97.3094272504685
C15 830.013 95.55126456250645
C15 869.994 90.75119354729173
C15 900.005 82.5364451878761
C15 919.989 74.05938702624549
C15 959.989 51.87261493575241
C15 1000.013 26.155103824399472
C15 1030.002 9.443406643765629
C15 1049.996 4.008300038035096
C15 1080.005 0.5950936837765601
C15 1100.007 0.11439877842988011
C16 319.992 39.76565091248386
C16 330.006 49.49587551729505
C16 349.994 65.41015150489638
C16 370.001 69.65132493897174
C16 400.009 80.81874910876422
C16 429.983 84.88686014233932
C16 449.989 87.24770736116005
C16 469.993 89.27577065067048
C16 500.016 92.34516924551853
C16 549.99 96.0367378481196
C16 569.998 97.12916811123414
C16 599.983 98.2559501705633
C16 630.013 98.89357040485118
C16 649.987 99.16463789608805
C16 670.017 99.13752671645508
C16 699.987 98.65289036030472
C16 720.012 98.39381123337255
C16 749.995 98.39493718695726
C16 770.007 98.37783294246923
C16 800.008 97.5105651353627
C16 830.013 95.74975798481579
C16 869.994 90.93045780501556
C16 900.005 82.68489205935225
C16 919.989 74.20156045770301
C16 959.989 51.9255244642473
C16 1000.013 26.203623670370273
C16 1030.002 9.473600510914059
C16 1049.996 4.0194369279047155
C16 1080.005 0.5963383942332459
C16 1100.007 0.11463805731928135
C17 319.992 40.142028393987474
C17 330.006 49.97431180392155
C17 349.994 66.05274630225134
C17 370.001 70.28289477771514
C17 400.009 81.11526519662489
C17 429.983 85.02586407015541
C17 449.989 87.33512075028197
C17 469.993 89.32802839827741
C17 500.016 92.36574149348553
C17 549.99 96.03548793293457
C17 569.998 97.11841836709472
C17 599.983 98.24053756132908
C17 630.013 98.86994261684411
C17 649.987 99.14080369215978
C17 670.017 99.1120791044748
C17 699.987 98.6183960648805
C17 720.012 98.36476260148358
C17 749.995 98.35797115476366
C17 770.007 98.33672083208084
C17 800.008 97.46700498652845
C17 830.013 95.70148980366129
C17 869.994 90.88572311865231
C17 900.005 82.60444303602667
C17 919.989 74.12664506814154
C17 959.989 51.75539029879359
C17 1000.013 26.180442538921483
C17 1030.002 9.526503169137817
C17 1049.996 4.05256500390773
C17 1080.005 0.5961143485776165
C17 1100.007 0.1145949875472181
