lsstCam/transmission_sensor/r21_s10/19700101T000000.ecsv
# %ECSV 1.0
# ---
# datatype:
# - {name: amp_name, datatype: string}
# - {name: wavelength, unit: nm, datatype: float32}
# - {name: efficiency, unit: '%', datatype: float64}
# meta: !!omap
# - {MODE: AMP}
# - {TYPE: transmission_sensor}
# - {CALIBDATE: '1970-01-01T00:00:00'}
# - {INSTRUME: LSSTCAM}
# - {OBSTYPE: transmission_sensor}
# - {DETECTOR: 84}
# - {PARQUETFILE: qe_raft_allvalues_nircorrected_20230725.parquet}
# - {CALIBCLS: lsst.ip.isr.IntermediateSensorTransmissionCurve}
# - {CALIB_ID: 'raftName=R21 detectorName=S10 detector=84 calibDate=1970-01-01T00:00:00 ccd=84 ccdnum=84 filter=None'}
# - {DATE: '2023-08-02T16:57:55.779127'}
# - {CALIB_CREATION_DATE: '2023-08-02'}
# - {CALIB_CREATION_TIME: '16:57:55'}
# - __serialized_columns__:
#     efficiency:
#       __class__: astropy.units.quantity.Quantity
#       unit: !astropy.units.Unit {unit: '%'}
#       value: !astropy.table.SerializedColumn {name: efficiency}
#     wavelength:
#       __class__: astropy.units.quantity.Quantity
#       unit: !astropy.units.Unit {unit: nm}
#       value: !astropy.table.SerializedColumn {name: wavelength}
# schema: astropy-2.0
amp_name wavelength efficiency
C00 319.992 38.349510192871094
C00 330.006 49.18193054199219
C00 349.994 66.53158569335938
C00 370.001 71.00885009765625
C00 400.009 81.20993041992188
C00 429.983 85.42692565917969
C00 449.989 87.49430084228516
C00 469.993 89.00228881835938
C00 500.016 92.12931823730469
C00 549.99 95.7413558959961
C00 569.998 96.6765365600586
C00 599.983 97.57785034179688
C00 630.013 98.10385131835938
C00 649.987 98.3751220703125
C00 670.017 98.41616821289062
C00 699.987 98.1300048828125
C00 720.012 98.0174789428711
C00 749.995 97.34254455566406
C00 770.007 96.9224853515625
C00 800.008 95.77082061767578
C00 830.013 94.08143615722656
C00 869.994 89.23853302001953
C00 900.005 81.90744018554688
C00 919.989 74.60394287109375
C00 959.989 54.18595504760742
C00 1000.013 27.26432991027832
C00 1030.002 10.859333038330078
C00 1049.996 5.27972936630249
C00 1080.005 0.6748275011176668
C00 1100.007 0.09179756880775818
C01 319.992 38.94682312011719
C01 330.006 49.96067810058594
C01 349.994 67.64997100830078
C01 370.001 72.16112518310547
C01 400.009 81.80604553222656
C01 429.983 85.75077056884766
C01 449.989 87.72135925292969
C01 469.993 89.16825103759766
C01 500.016 92.23694610595703
C01 549.99 95.79871368408203
C01 569.998 96.72058868408203
C01 599.983 97.61219024658203
C01 630.013 98.13218688964844
C01 649.987 98.39936065673828
C01 670.017 98.4386978149414
C01 699.987 98.15081024169922
C01 720.012 98.03929138183594
C01 749.995 97.36466979980469
C01 770.007 96.94098663330078
C01 800.008 95.78650665283203
C01 830.013 94.0930404663086
C01 869.994 89.1479263305664
C01 900.005 81.9561538696289
C01 919.989 74.74759674072266
C01 959.989 53.596221923828125
C01 1000.013 27.106754302978516
C01 1030.002 10.800640106201172
C01 1049.996 5.230457782745361
C01 1080.005 0.6749808812126523
C01 1100.007 0.09181843328023427
C02 319.992 39.31748580932617
C02 330.006 50.4543342590332
C02 349.994 68.413818359375
C02 370.001 73.01424407958984
C02 400.009 82.24134826660156
C02 429.983 85.97077941894531
C02 449.989 87.86310577392578
C02 469.993 89.257080078125
C02 500.016 92.27598571777344
C02 549.99 95.8086929321289
C02 569.998 96.72438049316406
C02 599.983 97.61566925048828
C02 630.013 98.13675689697266
C02 649.987 98.40516662597656
C02 670.017 98.44644165039062
C02 699.987 98.16326904296875
C02 720.012 98.05298614501953
C02 749.995 97.38327026367188
C02 770.007 96.96271514892578
C02 800.008 95.80785369873047
C02 830.013 94.08828735351562
C02 869.994 89.19322204589844
C02 900.005 81.82000732421875
C02 919.989 74.97667694091797
C02 959.989 53.31731033325195
C02 1000.013 26.891910552978516
C02 1030.002 10.83047103881836
C02 1049.996 5.222298622131348
C02 1080.005 0.6751098346708113
C02 1100.007 0.09183597496893062
C03 319.992 39.693729400634766
C03 330.006 50.9631462097168
C03 349.994 69.27227020263672
C03 370.001 74.02145385742188
C03 400.009 82.8005599975586
C03 429.983 86.2789535522461
C03 449.989 88.0770263671875
C03 469.993 89.41041564941406
C03 500.016 92.37420654296875
C03 549.99 95.8748779296875
C03 569.998 96.7901840209961
C03 599.983 97.6844482421875
C03 630.013 98.21255493164062
C03 649.987 98.48531341552734
C03 670.017 98.53752136230469
C03 699.987 98.25686645507812
C03 720.012 98.15778350830078
C03 749.995 97.49041748046875
C03 770.007 97.07498931884766
C03 800.008 95.9227294921875
C03 830.013 94.202880859375
C03 869.994 89.41529846191406
C03 900.005 81.91934204101562
C03 919.989 74.94405364990234
C03 959.989 53.515262603759766
C03 1000.013 26.963491439819336
C03 1030.002 10.898979187011719
C03 1049.996 5.242762088775635
C03 1080.005 0.6758526401380371
C03 1100.007 0.09193701965942636
C04 319.992 40.23288345336914
C04 330.006 51.66962814331055
C04 349.994 70.32460021972656
C04 370.001 75.14350128173828
C04 400.009 83.42005920410156
C04 429.983 86.66426849365234
C04 449.989 88.3785400390625
C04 469.993 89.65360260009766
C04 500.016 92.57212829589844
C04 549.99 96.04375457763672
C04 569.998 96.95020294189453
C04 599.983 97.8451919555664
C04 630.013 98.36988830566406
C04 649.987 98.64774322509766
C04 670.017 98.69355010986328
C04 699.987 98.41893768310547
C04 720.012 98.31764221191406
C04 749.995 97.65892791748047
C04 770.007 97.24146270751953
C04 800.008 96.09305572509766
C04 830.013 94.38581085205078
C04 869.994 89.62435913085938
C04 900.005 82.16338348388672
C04 919.989 74.9396743774414
C04 959.989 53.71047592163086
C04 1000.013 27.08548927307129
C04 1030.002 10.966835975646973
C04 1049.996 5.271505355834961
C04 1080.005 0.6770208429637727
C04 1100.007 0.09209593164671091
C05 319.992 40.617347717285156
C05 330.006 52.15933609008789
C05 349.994 70.96118927001953
C05 370.001 75.77336120605469
C05 400.009 83.70590209960938
C05 429.983 86.79670715332031
C05 449.989 88.45755004882812
C05 469.993 89.69598388671875
C05 500.016 92.5723876953125
C05 549.99 96.00511932373047
C05 569.998 96.90563201904297
C05 599.983 97.7862777709961
C05 630.013 98.30210876464844
C05 649.987 98.56996154785156
C05 670.017 98.61882781982422
C05 699.987 98.33755493164062
C05 720.012 98.23097229003906
C05 749.995 97.56840515136719
C05 770.007 97.15367126464844
C05 800.008 96.0109634399414
C05 830.013 94.30477905273438
C05 869.994 89.55514526367188
C05 900.005 82.16761779785156
C05 919.989 74.88774108886719
C05 959.989 53.74916458129883
C05 1000.013 27.14909553527832
C05 1030.002 10.965367317199707
C05 1049.996 5.285990238189697
C05 1080.005 0.6763932936098263
C05 1100.007 0.09201056537917772
C06 319.992 40.8851318359375
C06 330.006 52.51447296142578
C06 349.994 71.52863311767578
C06 370.001 76.41363525390625
C06 400.009 84.02607727050781
C06 429.983 86.95011138916016
C06 449.989 88.54389953613281
C06 469.993 89.74226379394531
C06 500.016 92.58673858642578
C06 549.99 95.99250030517578
C06 569.998 96.8880386352539
C06 599.983 97.76382446289062
C06 630.013 98.27877807617188
C06 649.987 98.554443359375
C06 670.017 98.59925079345703
C06 699.987 98.31932067871094
C06 720.012 98.21544647216797
C06 749.995 97.55322265625
C06 770.007 97.1416244506836
C06 800.008 95.99800872802734
C06 830.013 94.3005599975586
C06 869.994 89.54121398925781
C06 900.005 82.1147232055664
C06 919.989 74.8366470336914
C06 959.989 53.57928466796875
C06 1000.013 27.114002227783203
C06 1030.002 10.986385345458984
C06 1049.996 5.3062825202941895
C06 1080.005 0.6762880440549691
C06 1100.007 0.09199624815998025
C07 319.992 41.33137893676758
C07 330.006 53.09675979614258
C07 349.994 72.3592300415039
C07 370.001 77.2908935546875
C07 400.009 84.59822082519531
C07 429.983 87.38035583496094
C07 449.989 88.93196105957031
C07 469.993 90.09913635253906
C07 500.016 92.9182357788086
C07 549.99 96.31616973876953
C07 569.998 97.20403289794922
C07 599.983 98.08085632324219
C07 630.013 98.5954360961914
C07 649.987 98.87125396728516
C07 670.017 98.91537475585938
C07 699.987 98.63258361816406
C07 720.012 98.53175354003906
C07 749.995 97.8650894165039
C07 770.007 97.45049285888672
C07 800.008 96.29596710205078
C07 830.013 94.59346008300781
C07 869.994 89.79136657714844
C07 900.005 82.4106216430664
C07 919.989 74.98020935058594
C07 959.989 53.65078353881836
C07 1000.013 27.15010643005371
C07 1030.002 11.077117919921875
C07 1049.996 5.3590617179870605
C07 1080.005 0.6784500585973601
C07 1100.007 0.09229034950942111
C10 319.992 35.99422073364258
C10 330.006 46.09709548950195
C10 349.994 62.13157272338867
C10 370.001 66.46041107177734
C10 400.009 78.63983154296875
C10 429.983 83.80751037597656
C10 449.989 86.21556854248047
C10 469.993 87.95162200927734
C10 500.016 91.27579498291016
C10 549.99 95.03919982910156
C10 569.998 96.00204467773438
C10 599.983 96.93428039550781
C10 630.013 97.47979736328125
C10 649.987 97.75474548339844
C10 670.017 97.80298614501953
C10 699.987 97.52474975585938
C10 720.012 97.4172592163086
C10 749.995 96.75122833251953
C10 770.007 96.32774353027344
C10 800.008 95.19744110107422
C10 830.013 93.54380798339844
C10 869.994 88.78813171386719
C10 900.005 81.5914306640625
C10 919.989 74.53753662109375
C10 959.989 53.81964111328125
C10 1000.013 27.120838165283203
C10 1030.002 10.915201187133789
C10 1049.996 5.290214538574219
C10 1080.005 0.6707281961053845
C10 1100.007 0.09123993558548178
C11 319.992 36.99497985839844
C11 330.006 47.40243911743164
C11 349.994 63.92930603027344
C11 370.001 68.28799438476562
C11 400.009 79.7398910522461
C11 429.983 84.5650405883789
C11 449.989 86.84526062011719
C11 469.993 88.50346374511719
C11 500.016 91.75662231445312
C11 549.99 95.46400451660156
C11 569.998 96.41600799560547
C11 599.983 97.33573913574219
C11 630.013 97.86859130859375
C11 649.987 98.13829803466797
C11 670.017 98.1804428100586
C11 699.987 97.89756774902344
C11 720.012 97.78594970703125
C11 749.995 97.11141204833984
C11 770.007 96.69491577148438
C11 800.008 95.54764556884766
C11 830.013 93.8800277709961
C11 869.994 89.0759506225586
C11 900.005 81.85346221923828
C11 919.989 74.67791748046875
C11 959.989 53.832130432128906
C11 1000.013 27.150962829589844
C11 1030.002 10.85231876373291
C11 1049.996 5.252734184265137
C11 1080.005 0.6732251762101885
C11 1100.007 0.09157960268944942
C12 319.992 37.54408645629883
C12 330.006 48.12848663330078
C12 349.994 65.01911926269531
C12 370.001 69.46051788330078
C12 400.009 80.37796783447266
C12 429.983 84.92035675048828
C12 449.989 87.10035705566406
C12 469.993 88.68836212158203
C12 500.016 91.88111114501953
C12 549.99 95.55085754394531
C12 569.998 96.49848937988281
C12 599.983 97.4118423461914
C12 630.013 97.9413833618164
C12 649.987 98.21405792236328
C12 670.017 98.26211547851562
C12 699.987 97.98007202148438
C12 720.012 97.86461639404297
C12 749.995 97.19789123535156
C12 770.007 96.7804946899414
C12 800.008 95.636962890625
C12 830.013 93.96436309814453
C12 869.994 89.10492706298828
C12 900.005 81.90621185302734
C12 919.989 74.71741485595703
C12 959.989 53.63987731933594
C12 1000.013 27.109458923339844
C12 1030.002 10.841368675231934
C12 1049.996 5.226322650909424
C12 1080.005 0.6738246971350363
C12 1100.007 0.09166115621721653
C13 319.992 38.17395782470703
C13 330.006 48.96371841430664
C13 349.994 66.27336120605469
C13 370.001 70.82808685302734
C13 400.009 81.22952270507812
C13 429.983 85.49954986572266
C13 449.989 87.58424377441406
C13 469.993 89.11028289794922
C13 500.016 92.24725341796875
C13 549.99 95.88578033447266
C13 569.998 96.82685852050781
C13 599.983 97.7418212890625
C13 630.013 98.27318572998047
C13 649.987 98.54850769042969
C13 670.017 98.59814453125
C13 699.987 98.31759643554688
C13 720.012 98.2041015625
C13 749.995 97.54195404052734
C13 770.007 97.12307739257812
C13 800.008 95.97688293457031
C13 830.013 94.28882598876953
C13 869.994 89.38343048095703
C13 900.005 82.15792846679688
C13 919.989 75.01692199707031
C13 959.989 53.574581146240234
C13 1000.013 27.16769790649414
C13 1030.002 10.881306648254395
C13 1049.996 5.23677921295166
C13 1080.005 0.6762099171630147
C13 1100.007 0.09198562046812116
C14 319.992 38.66642761230469
C14 330.006 49.61601638793945
C14 349.994 67.28150939941406
C14 370.001 71.92603302001953
C14 400.009 81.77781677246094
C14 429.983 85.77486419677734
C14 449.989 87.75819396972656
C14 469.993 89.2134780883789
C14 500.016 92.29473876953125
C14 549.99 95.89185333251953
C14 569.998 96.8250503540039
C14 599.983 97.740478515625
C14 630.013 98.27342224121094
C14 649.987 98.55110168457031
C14 670.017 98.60276794433594
C14 699.987 98.32807922363281
C14 720.012 98.22079467773438
C14 749.995 97.55816650390625
C14 770.007 97.14442443847656
C14 800.008 95.99420166015625
C14 830.013 94.30681610107422
C14 869.994 89.41020202636719
C14 900.005 82.05410766601562
C14 919.989 75.15663146972656
C14 959.989 53.465023040771484
C14 1000.013 27.044700622558594
C14 1030.002 10.858193397521973
C14 1049.996 5.22613525390625
C14 1080.005 0.6763223150183968
C14 1100.007 0.09200091007894198
C15 319.992 39.051612854003906
C15 330.006 50.10991287231445
C15 349.994 67.94345092773438
C15 370.001 72.59261322021484
C15 400.009 82.13054656982422
C15 429.983 85.96846008300781
C15 449.989 87.89491271972656
C15 469.993 89.314453125
C15 500.016 92.35873413085938
C15 549.99 95.91661834716797
C15 569.998 96.8438949584961
C15 599.983 97.7452621459961
C15 630.013 98.27056121826172
C15 649.987 98.54551696777344
C15 670.017 98.59119415283203
C15 699.987 98.30900573730469
C15 720.012 98.20471954345703
C15 749.995 97.53678131103516
C15 770.007 97.1236801147461
C15 800.008 95.97125244140625
C15 830.013 94.2734375
C15 869.994 89.33555603027344
C15 900.005 82.03068542480469
C15 919.989 74.96965789794922
C15 959.989 53.140769958496094
C15 1000.013 27.09858512878418
C15 1030.002 10.86837387084961
C15 1049.996 5.2349066734313965
C15 1080.005 0.676174059915235
C15 1100.007 0.09198074276505651
C16 319.992 39.540313720703125
C16 330.006 50.749183654785156
C16 349.994 68.84724426269531
C16 370.001 73.5241470336914
C16 400.009 82.69452667236328
C16 429.983 86.35670471191406
C16 449.989 88.21900939941406
C16 469.993 89.59474182128906
C16 500.016 92.6038818359375
C16 549.99 96.13704681396484
C16 569.998 97.0608901977539
C16 599.983 97.95626831054688
C16 630.013 98.48031616210938
C16 649.987 98.75208282470703
C16 670.017 98.796630859375
C16 699.987 98.51681518554688
C16 720.012 98.40770721435547
C16 749.995 97.74079132080078
C16 770.007 97.32540893554688
C16 800.008 96.16962432861328
C16 830.013 94.46927642822266
C16 869.994 89.51202392578125
C16 900.005 82.17822265625
C16 919.989 75.11357879638672
C16 959.989 53.19497299194336
C16 1000.013 27.148855209350586
C16 1030.002 10.90312385559082
C16 1049.996 5.249451637268066
C16 1080.005 0.6775883597908025
C16 1100.007 0.0921731316198782
C17 319.992 39.91455841064453
C17 330.006 51.2397346496582
C17 349.994 69.52360534667969
C17 370.001 74.19083404541016
C17 400.009 82.9979248046875
C17 429.983 86.49811553955078
C17 449.989 88.3073959350586
C17 469.993 89.64718627929688
C17 500.016 92.62451171875
C17 549.99 96.13579559326172
C17 569.998 97.0501480102539
C17 599.983 97.94090270996094
C17 630.013 98.456787109375
C17 649.987 98.72834777832031
C17 670.017 98.77127075195312
C17 699.987 98.48236846923828
C17 720.012 98.37865447998047
C17 749.995 97.70407104492188
C17 770.007 97.28473663330078
C17 800.008 96.12666320800781
C17 830.013 94.4216537475586
C17 869.994 89.46798706054688
C17 900.005 82.0982666015625
C17 919.989 75.0377426147461
C17 959.989 53.02067947387695
C17 1000.013 27.12483787536621
C17 1030.002 10.964009284973145
C17 1049.996 5.292717456817627
C17 1080.005 0.6773337883431407
C17 1100.007 0.09213850197016102
