lsstCam/transmission_sensor/r21_s10/19700101T000000.ecsv
# %ECSV 1.0
# ---
# datatype:
# - {name: amp_name, datatype: string}
# - {name: wavelength, unit: nm, datatype: float32}
# - {name: efficiency, unit: '%', datatype: float64}
# meta: !!omap
# - {MODE: AMP}
# - {TYPE: transmission_sensor}
# - {CALIBDATE: '1970-01-01T00:00:00'}
# - {INSTRUME: LSSTCam}
# - {OBSTYPE: transmission_sensor}
# - {DETECTOR: 84}
# - {PARQUETFILE: qe_raft_allvalues_nircorrected_20230725_adjust.parquet}
# - {CORRFILE: qe_corr_factor_bydetnum.parquet}
# - {CALIBCLS: lsst.ip.isr.IntermediateSensorTransmissionCurve}
# - {CALIB_ID: 'raftName=R21 detectorName=S10 detector=84 calibDate=1970-01-01T00:00:00 ccd=84 ccdnum=84 filter=None'}
# - {DATE: '2025-03-03T21:56:47.848155'}
# - {CALIB_CREATION_DATE: '2025-03-03'}
# - {CALIB_CREATION_TIME: '21:56:47'}
# - __serialized_columns__:
#     efficiency:
#       __class__: astropy.units.quantity.Quantity
#       unit: !astropy.units.Unit {unit: '%'}
#       value: !astropy.table.SerializedColumn {name: efficiency}
#     wavelength:
#       __class__: astropy.units.quantity.Quantity
#       unit: !astropy.units.Unit {unit: nm}
#       value: !astropy.table.SerializedColumn {name: wavelength}
# schema: astropy-2.0
amp_name wavelength efficiency
C00 319.992 38.3789450061314
C00 330.006 49.21967967969967
C00 349.994 66.58265139904759
C00 370.001 71.06335228639196
C00 400.009 81.27226235388325
C00 429.983 85.49249430898863
C00 449.989 87.56145628687055
C00 469.993 89.07060170522372
C00 500.016 92.20003124679234
C00 549.99 95.81484129171339
C00 569.998 96.7507397450794
C00 599.983 97.65274532190766
C00 630.013 98.17915002567403
C00 649.987 98.45062898899378
C00 670.017 98.49170663616052
C00 699.987 98.20532366405462
C00 720.012 98.09271135586464
C00 749.995 97.41725892898641
C00 770.007 96.99687731231246
C00 800.008 95.84432862876876
C00 830.013 94.1536474968401
C00 869.994 89.30702723394451
C00 900.005 81.97030748670318
C00 919.989 74.66120444016855
C00 959.989 54.22754497822548
C00 1000.013 27.285256395533033
C00 1030.002 10.867668019363922
C00 1049.996 5.283781773939003
C00 1080.005 0.6753454587494181
C00 1100.007 0.09186802718602735
C01 319.992 38.97671639541217
C01 330.006 49.999024958807944
C01 349.994 67.70189512033456
C01 370.001 72.21651178996788
C01 400.009 81.86883500885078
C01 429.983 85.81658778283364
C01 449.989 87.78868897410644
C01 469.993 89.23669130723448
C01 500.016 92.30774172422376
C01 549.99 95.87224310424118
C01 569.998 96.79482568090481
C01 599.983 97.68711158397038
C01 630.013 98.2075073456698
C01 649.987 98.47488617952328
C01 670.017 98.5142535305998
C01 699.987 98.22614499190288
C01 720.012 98.11454053676606
C01 749.995 97.43940115515436
C01 770.007 97.01539279453911
C01 800.008 95.8600267035968
C01 830.013 94.16526071270266
C01 869.994 89.2163510001616
C01 900.005 82.01905856052466
C01 919.989 74.80496857000169
C01 959.989 53.63735921021984
C01 1000.013 27.127559842527482
C01 1030.002 10.808930038015658
C01 1049.996 5.234472372431821
C01 1080.005 0.6754989565698826
C01 1100.007 0.09188890767283708
C02 319.992 39.34766358335359
C02 330.006 50.4930600184919
C02 349.994 68.46632875540628
C02 370.001 73.07028549000205
C02 400.009 82.3044718558294
C02 429.983 86.03676549869739
C02 449.989 87.9305442913389
C02 469.993 89.32558852767356
C02 500.016 92.34681130053457
C02 549.99 95.88223001176796
C02 569.998 96.79862040035498
C02 599.983 97.69059325815404
C02 630.013 98.21208086066103
C02 649.987 98.48069660507976
C02 670.017 98.52200330975857
C02 699.987 98.23861335581056
C02 720.012 98.12824581123897
C02 749.995 97.45801589563624
C02 770.007 97.03713798768611
C02 800.008 95.88139013422365
C02 830.013 94.16050395170176
C02 869.994 89.26168148180264
C02 900.005 81.8828075170878
C02 919.989 75.0342245985943
C02 959.989 53.35823354362174
C02 1000.013 26.91255119118638
C02 1030.002 10.838783867090363
C02 1049.996 5.226306949329242
C02 1080.005 0.6756280090050804
C02 1100.007 0.09190646282549499
C03 319.992 39.72419595696461
C03 330.006 51.0022625031009
C03 349.994 69.32543949547195
C03 370.001 74.0782683424203
C03 400.009 82.86411280459889
C03 429.983 86.34517616821519
C03 449.989 88.14462907738127
C03 469.993 89.47904179026779
C03 500.016 92.44510751421942
C03 549.99 95.94846580901171
C03 569.998 96.86447443507859
C03 599.983 97.75942504053472
C03 630.013 98.28793707341224
C03 649.987 98.56090491056052
C03 670.017 98.61315292906646
C03 699.987 98.33228260775134
C03 720.012 98.23312361077099
C03 749.995 97.56524535229228
C03 770.007 97.1494983326128
C03 800.008 95.99635409953768
C03 830.013 94.27518541275087
C03 869.994 89.48392835052555
C03 900.005 81.98221847733144
C03 919.989 75.0015762678722
C03 959.989 53.55633775057119
C03 1000.013 26.98418701927747
C03 1030.002 10.90734459808175
C03 1049.996 5.246786122518836
C03 1080.005 0.6763713846057996
C03 1100.007 0.09200758507191206
C04 319.992 40.2637638324253
C04 330.006 51.709286690394435
C04 349.994 70.37857721877201
C04 370.001 75.20117698390058
C04 400.009 83.48408750205081
C04 429.983 86.73078685455506
C04 449.989 88.44637417329747
C04 469.993 89.72241539685506
C04 500.016 92.64318118016725
C04 549.99 96.11747207667632
C04 569.998 97.02461617702562
C04 599.983 97.92029213127
C04 630.013 98.4453912072175
C04 649.987 98.72345939163482
C04 670.017 98.76930143505285
C04 699.987 98.49447823205671
C04 720.012 98.39310501245956
C04 749.995 97.73388512793755
C04 770.007 97.31609949640054
C04 800.008 96.16681106477881
C04 830.013 94.45825581165732
C04 869.994 89.69314948206137
C04 900.005 82.22644723196382
C04 919.989 74.99719363414103
C04 959.989 53.75170090262604
C04 1000.013 27.106278490842453
C04 1030.002 10.975253469570001
C04 1049.996 5.275551451208001
C04 1080.005 0.6775404840748522
C04 1100.007 0.09216661903062852
C05 319.992 40.64852318834527
C05 330.006 52.19937050799498
C05 349.994 71.01565487712605
C05 370.001 75.83152035139942
C05 400.009 83.77014979363979
C05 429.983 86.8633271662962
C05 449.989 88.52544482646823
C05 469.993 89.76482921284227
C05 500.016 92.64344077868094
C05 549.99 96.07880716863686
C05 569.998 96.98001104417283
C05 599.983 97.86133272766006
C05 630.013 98.37755964263958
C05 649.987 98.6456180137789
C05 670.017 98.69452179260844
C05 699.987 98.4130330160107
C05 720.012 98.30636856788445
C05 749.995 97.64329288190908
C05 770.007 97.22824067001623
C05 800.008 96.08465577044535
C05 830.013 94.37716181712985
C05 869.994 89.62388249040772
C05 900.005 82.23068479593735
C05 919.989 74.9452204846496
C05 959.989 53.79041925741833
C05 1000.013 27.169933573450077
C05 1030.002 10.973783683867476
C05 1049.996 5.290047451300749
C05 1080.005 0.6769124530511803
C05 1100.007 0.0920811872410031
C06 319.992 40.91651284223097
C06 330.006 52.554779961366826
C06 349.994 71.5835342610801
C06 370.001 76.47228583569799
C06 400.009 84.0905707120411
C06 429.983 87.01684914614405
C06 449.989 88.61186059052642
C06 469.993 89.81114464178528
C06 500.016 92.65780268468849
C06 549.99 96.06617846447072
C06 569.998 96.9624041567441
C06 599.983 97.8388621857248
C06 630.013 98.354211046908
C06 649.987 98.63008791445974
C06 670.017 98.67492974007502
C06 699.987 98.39478476754816
C06 720.012 98.29083083331487
C06 749.995 97.62809873360763
C06 770.007 97.21618460963032
C06 800.008 96.0716911152615
C06 830.013 94.37293952365712
C06 869.994 89.60994052317233
C06 900.005 82.17774960489515
C06 919.989 74.89408721270246
C06 959.989 53.62040895432576
C06 1000.013 27.134813330410086
C06 1030.002 10.994817844320718
C06 1049.996 5.310355308559432
C06 1080.005 0.6768071227129969
C06 1100.007 0.09206685903275592
C07 319.992 41.36310245591232
C07 330.006 53.1375137249794
C07 349.994 72.41476870192538
C07 370.001 77.35021746800642
C07 400.009 84.66315341024323
C07 429.983 87.44742382210565
C07 449.989 89.00021996701129
C07 469.993 90.16829111462376
C07 500.016 92.98955431468745
C07 549.99 96.39009632755648
C07 569.998 97.27864095792471
C07 599.983 98.15613738096017
C07 630.013 98.67111211487365
C07 649.987 98.94714168743343
C07 670.017 98.99129634051246
C07 699.987 98.70828814908458
C07 720.012 98.60738067976199
C07 749.995 97.94020486432035
C07 770.007 97.52529008693476
C07 800.008 96.36987818449003
C07 830.013 94.66606442186864
C07 869.994 89.8602851133773
C07 900.005 82.47387515651495
C07 919.989 75.03775971953078
C07 959.989 53.69196270347502
C07 1000.013 27.17094524412844
C07 1030.002 11.085620059735279
C07 1049.996 5.363175016439273
C07 1080.005 0.6789707966897327
C07 1100.007 0.09236118611697819
C10 319.992 36.02184776617616
C10 330.006 46.1324768904834
C10 349.994 62.17926123965615
C10 370.001 66.51142214804045
C10 400.009 78.70019082121371
C10 429.983 83.87183605850346
C10 449.989 86.28174250786924
C10 469.993 88.01912846651146
C10 500.016 91.34585287848682
C10 549.99 95.1121462913982
C10 569.998 96.07573016272454
C10 599.983 97.0086814094351
C10 630.013 97.55461708373167
C10 649.987 97.82977623774555
C10 670.017 97.87805392604206
C10 699.987 97.5996039791046
C10 720.012 97.49203093618043
C10 749.995 96.8254888465222
C10 770.007 96.40167900241742
C10 800.008 95.2705090200014
C10 830.013 93.61560667145996
C10 869.994 88.85628022641886
C10 900.005 81.65405541502176
C10 919.989 74.59474722066311
C10 959.989 53.86094988301362
C10 1000.013 27.141654514770938
C10 1030.002 10.923579049250572
C10 1049.996 5.2942749940081155
C10 1080.005 0.6712430073533378
C10 1100.007 0.0913099659575083
C11 319.992 37.0233750143789
C11 330.006 47.43882242288946
C11 349.994 63.978374380179304
C11 370.001 68.34040820576432
C11 400.009 79.8010946710333
C11 429.983 84.62994770624171
C11 449.989 86.91191789985922
C11 469.993 88.57139376339191
C11 500.016 91.82704926461858
C11 549.99 95.53727703382266
C11 569.998 96.49001121432671
C11 599.983 97.41044828562717
C11 630.013 97.9437094442552
C11 649.987 98.2136231812424
C11 670.017 98.25580030446712
C11 699.987 97.9727081252848
C11 720.012 97.86100441189274
C11 749.995 97.18594901803547
C11 770.007 96.7691330632996
C11 800.008 95.62098228398787
C11 830.013 93.95208452145822
C11 869.994 89.14432004786215
C11 900.005 81.9162880901038
C11 919.989 74.7352358280735
C11 959.989 53.873448787922904
C11 1000.013 27.171802300986148
C11 1030.002 10.860648361024905
C11 1049.996 5.256765871998365
C11 1080.005 0.6737419039922182
C11 1100.007 0.09164989376983247
C12 319.992 37.57290307398996
C12 330.006 48.165427209840814
C12 349.994 65.069024088708
C12 370.001 69.5138316639091
C12 400.009 80.43966120321589
C12 429.983 84.98553658799803
C12 449.989 87.16721013232517
C12 469.993 88.75643405690226
C12 500.016 91.95163364544005
C12 549.99 95.62419672440743
C12 569.998 96.57255590643071
C12 599.983 97.48660990839448
C12 630.013 98.01655736834772
C12 649.987 98.28944121774158
C12 670.017 98.33753566002842
C12 699.987 98.05527572314001
C12 720.012 97.93973147879538
C12 749.995 97.2724945813505
C12 770.007 96.85477766706711
C12 800.008 95.71036816045273
C12 830.013 94.03648457941007
C12 869.994 89.17331872889176
C12 900.005 81.96907821138834
C12 919.989 74.77476351940847
C12 959.989 53.6810481130243
C12 1000.013 27.130266538795254
C12 1030.002 10.849689867884376
C12 1049.996 5.230334066713536
C12 1080.005 0.674341885073829
C12 1100.007 0.09173150989325851
C13 319.992 38.203257894364405
C13 330.006 49.001300065305756
C13 349.994 66.32422871391653
C13 370.001 70.88245029859989
C13 400.009 81.29186967691749
C13 429.983 85.56517425757228
C13 449.989 87.65146825386843
C13 469.993 89.17867867467447
C13 500.016 92.31805694751786
C13 549.99 95.95937658183722
C13 569.998 96.90117708376455
C13 599.983 97.8168421235633
C13 630.013 98.34861440836279
C13 649.987 98.6241476896464
C13 670.017 98.67382262876662
C13 699.987 98.39305920095714
C13 720.012 98.27947721596601
C13 749.995 97.61682146876278
C13 770.007 97.19762331590125
C13 800.008 96.05054910689631
C13 830.013 94.36119650853772
C13 869.994 89.4520359095933
C13 900.005 82.22098802792587
C13 919.989 75.07450054446875
C13 959.989 53.61570182245247
C13 1000.013 27.188550222744556
C13 1030.002 10.889658494930108
C13 1049.996 5.240798654593639
C13 1080.005 0.6767289358554663
C13 1100.007 0.09205622318370986
C14 319.992 38.69610567261074
C14 330.006 49.654098704239054
C14 349.994 67.33315070213432
C14 370.001 71.98123918405791
C14 400.009 81.84058458236065
C14 429.983 85.84069990360548
C14 449.989 87.82555196305086
C14 469.993 89.28195307162191
C14 500.016 92.3655787460245
C14 549.99 95.9654542411578
C14 569.998 96.8993675294191
C14 599.983 97.81549831949242
C14 630.013 98.34885110112528
C14 649.987 98.62674367478333
C14 670.017 98.67844959051068
C14 699.987 98.4035500350105
C14 720.012 98.2961831438472
C14 749.995 97.6330463758686
C14 770.007 97.21898674652812
C14 800.008 96.06788112531054
C14 830.013 94.37920042898737
C14 869.994 89.47882800325651
C14 900.005 82.11708754044541
C14 919.989 75.21431724984369
C14 959.989 53.506059626669156
C14 1000.013 27.065458533376813
C14 1030.002 10.866527503835012
C14 1049.996 5.2301465258755195
C14 1080.005 0.6768414199807868
C14 1100.007 0.09207152452993062
C15 319.992 39.08158655969377
C15 330.006 50.1483742743107
C15 349.994 67.99560029757667
C15 370.001 72.64833101174513
C15 400.009 82.19358511423044
C15 429.983 86.03444438257496
C15 449.989 87.96237565026792
C15 469.993 89.38300561070216
C15 500.016 92.42962322640265
C15 549.99 95.99023826396508
C15 569.998 96.91822659791386
C15 599.983 97.82028562149495
C15 630.013 98.34598788222425
C15 649.987 98.62115467148853
C15 670.017 98.66686691564972
C15 699.987 98.38446190900365
C15 720.012 98.28009567124863
C15 749.995 97.61164476898972
C15 770.007 97.19822650068308
C15 800.008 96.0449142920991
C15 830.013 94.34579620847539
C15 869.994 89.40412471331612
C15 900.005 82.093647321709
C15 919.989 75.02720016822379
C15 959.989 53.18155766692759
C15 1000.013 27.11938439815875
C15 1030.002 10.876715791091167
C15 1049.996 5.238924677822917
C15 1080.005 0.6766930510857865
C15 1100.007 0.09205134173680915
C16 319.992 39.57066252424115
C16 330.006 50.78813572318131
C16 349.994 68.90008733078582
C16 370.001 73.58057981541863
C16 400.009 82.75799809450163
C16 429.983 86.42298700506949
C16 449.989 88.28672108737622
C16 469.993 89.66350943999794
C16 500.016 92.67495909234344
C16 549.99 96.21083591860099
C16 569.998 97.13538838986854
C16 599.983 98.03145374188347
C16 630.013 98.55590382154674
C16 649.987 98.82787907614266
C16 670.017 98.87246130324425
C16 699.987 98.59243085947342
C16 720.012 98.48323914346388
C16 749.995 97.81581136475893
C16 770.007 97.40011015658186
C16 800.008 96.24343843782069
C16 830.013 94.54178545106328
C16 869.994 89.58072805513146
C16 900.005 82.24129779399715
C16 919.989 75.17123153182104
C16 959.989 53.23580230341384
C16 1000.013 27.169693063062393
C16 1030.002 10.911492447863038
C16 1049.996 5.253480805512587
C16 1080.005 0.6781084364941944
C16 1100.007 0.092243878257924
C17 319.992 39.94519446224666
C17 330.006 51.27906323595136
C17 349.994 69.57696754948935
C17 370.001 74.24777853661149
C17 400.009 83.06162909726731
C17 429.983 86.56450637128424
C17 449.989 88.37517546329194
C17 469.993 89.71599415126636
C17 500.016 92.69560480943244
C17 549.99 96.20958373753494
C17 569.998 97.12463795730149
C17 599.983 98.01607634757235
C17 630.013 98.5323567093047
C17 649.987 98.80412581213974
C17 670.017 98.84708173090554
C17 699.987 98.55795770390507
C17 720.012 98.45416410993025
C17 749.995 97.77906290457055
C17 770.007 97.35940663668487
C17 800.008 96.20044434280287
C17 830.013 94.49412621804939
C17 869.994 89.53665738980685
C17 900.005 82.16128036977645
C17 919.989 75.09533714281783
C17 959.989 53.06137500796329
C17 1000.013 27.145657294794574
C17 1030.002 10.972424609295787
C17 1049.996 5.296779833343364
C17 1080.005 0.6778536696525632
C17 1100.007 0.0922092220285382
