lsstCam/transmission_filter_detector/r11_s02/i_39/19700101T000000.ecsv
# %ECSV 1.0
# ---
# datatype:
# - {name: wavelength, unit: nm, datatype: float32}
# - {name: efficiency, unit: '%', datatype: float64}
# meta: !!omap
# - {MODE: DETECTOR}
# - {TYPE: transmission_filter_detector}
# - {CALIBDATE: '1970-01-01T00:00:00'}
# - {INSTRUME: LSSTCam}
# - {OBSTYPE: transmission_filter_detector}
# - {CALIBCLS: lsst.ip.isr.IntermediateFilterDetectorTransmissionCurve}
# - {SOURCE: Materion (DM-46256)}
# - {DETECTOR: 38}
# - {FILTER: i_39}
# - {CALIB_ID: 'calibDate=1970-01-01T00:00:00 filter=i_39 detector=38'}
# - {DATE: '2025-04-02T15:59:46.655308'}
# - {CALIB_CREATION_DATE: '2025-04-02'}
# - {CALIB_CREATION_TIME: '15:59:46'}
# - __serialized_columns__:
#     efficiency:
#       __class__: astropy.units.quantity.Quantity
#       unit: !astropy.units.Unit {unit: '%'}
#       value: !astropy.table.SerializedColumn {name: efficiency}
#     wavelength:
#       __class__: astropy.units.quantity.Quantity
#       unit: !astropy.units.Unit {unit: nm}
#       value: !astropy.table.SerializedColumn {name: wavelength}
# schema: astropy-2.0
wavelength efficiency
300.0 0.07817206787876785
301.0 0.03610495768953115
302.0 1.60426088646054e-10
303.0 0.020279240561649203
304.0 0.04652059869840741
305.0 0.03552041307557374
306.0 0.024520224542357028
307.0 0.008532124775229022
308.0 1.60426088646054e-10
309.0 1.60426088646054e-10
310.0 1.60426088646054e-10
311.0 1.60426088646054e-10
312.0 0.004153445843257941
313.0 0.0011203514077351429
314.0 1.60426088646054e-10
315.0 1.60426088646054e-10
316.0 1.60426088646054e-10
317.0 1.60426088646054e-10
318.0 1.60426088646054e-10
319.0 1.60426088646054e-10
320.0 1.60426088646054e-10
321.0 1.60426088646054e-10
322.0 1.60426088646054e-10
323.0 1.60426088646054e-10
324.0 1.60426088646054e-10
325.0 1.60426088646054e-10
326.0 1.60426088646054e-10
327.0 1.60426088646054e-10
328.0 0.0033027044992195442
329.0 0.0019055258235312067
330.0 0.0005083477390144253
331.0 0.0005809692083857954
332.0 0.0006535913598781917
333.0 0.0013833171578880865
334.0 0.0021130430468474515
335.0 0.0015587253074045293
336.0 0.0010044082046078984
337.0 0.0022979076675255783
338.0 0.0035914072213927284
339.0 0.003664337782538496
340.0 0.0037372687074821442
341.0 1.4382210622443381e-05
342.0 1.60426088646054e-10
343.0 1.60426088646054e-10
344.0 1.60426088646054e-10
345.0 1.60426088646054e-10
346.0 1.60426088646054e-10
347.0 1.60426088646054e-10
348.0 1.60426088646054e-10
349.0 1.60426088646054e-10
350.0 1.60426088646054e-10
351.0 1.60426088646054e-10
352.0 1.60426088646054e-10
353.0 1.60426088646054e-10
354.0 1.60426088646054e-10
355.0 1.60426088646054e-10
356.0 0.00015828904906811658
357.0 0.0006879606644361047
358.0 0.001217632416228298
359.0 0.0011877179531438742
360.0 0.0011578029443626292
361.0 0.0009643409612181131
362.0 0.0007708790690230671
363.0 0.0006877437499497319
364.0 0.0006046085673006019
365.0 0.0014155806638882495
366.0 0.002226553078799043
367.0 0.0012529788364190608
368.0 0.00027940441214013845
369.0 0.0007553553132311208
370.0 0.0012313063962210435
371.0 0.0009928716281137895
372.0 0.0007544367235823302
373.0 0.0007861654921725858
374.0 0.0008178942152881064
375.0 5.1458999905662495e-05
376.0 1.60426088646054e-10
377.0 1.60426088646054e-10
378.0 1.60426088646054e-10
379.0 1.60426088646054e-10
380.0 1.60426088646054e-10
381.0 1.60426088646054e-10
382.0 1.60426088646054e-10
383.0 0.00011989798167633126
384.0 0.0013528978342947084
385.0 0.0010142925020772964
386.0 0.0006756870789104141
387.0 1.60426088646054e-10
388.0 1.60426088646054e-10
389.0 1.60426088646054e-10
390.0 1.60426088646054e-10
391.0 1.60426088646054e-10
392.0 1.60426088646054e-10
393.0 1.60426088646054e-10
394.0 0.000878305309015559
395.0 1.60426088646054e-10
396.0 1.60426088646054e-10
397.0 1.60426088646054e-10
398.0 1.60426088646054e-10
399.0 1.60426088646054e-10
400.0 7.466022111657367e-05
401.0 0.00044371013245836366
402.0 0.0008127588444040157
403.0 0.0011400755283830222
404.0 0.0014673924852104392
405.0 0.0036301498766988516
406.0 0.005792907177237794
407.0 0.0031705178116681054
408.0 0.0005481253992911661
409.0 0.00025761619326658547
410.0 1.60426088646054e-10
411.0 0.002453867273288779
412.0 0.004940630606142804
413.0 0.004575097045744769
414.0 0.004209564576740377
415.0 0.0040191676816903055
416.0 0.0038287704228423536
417.0 0.002312023570993915
418.0 0.0007952763553475961
419.0 0.0031221101380651817
420.0 0.0054489435569848865
421.0 0.0048687783419154584
422.0 0.004288612399250269
423.0 0.00483090516354423
424.0 0.005373197927838191
425.0 0.003671371814562008
426.0 0.001969544609892182
427.0 0.0035086333809886128
428.0 0.005047722879680805
429.0 0.005438359585241415
430.0 0.005828997745993547
431.0 0.0042963460145983845
432.0 0.0027636950107989833
433.0 0.002865087299142033
434.0 0.002966479769384023
435.0 0.0022532985894940794
436.0 0.0015401170458062552
437.0 0.0014880291928420775
438.0 0.0014359416127263103
439.0 0.0018490245565772057
440.0 0.0022621077732765116
441.0 0.0006323814432107611
442.0 1.60426088646054e-10
443.0 1.60426088646054e-10
444.0 1.60426088646054e-10
445.0 1.60426088646054e-10
446.0 1.60426088646054e-10
447.0 1.60426088646054e-10
448.0 0.0005906357273488538
449.0 1.60426088646054e-10
450.0 1.60426088646054e-10
451.0 0.0001547096189824515
452.0 0.0012933079233334865
453.0 0.0015227392395900097
454.0 0.0017521708286949433
455.0 0.0017323605788988061
456.0 0.001712550329102669
457.0 0.001235503441421315
458.0 0.0007584565082652261
459.0 0.0005196331585466396
460.0 0.0002808098770401557
461.0 0.0002880535930671613
462.0 0.00029529735456890194
463.0 2.121897466622613e-05
464.0 1.60426088646054e-10
465.0 0.0001633518650123733
466.0 0.0005795630841021193
467.0 0.0007468559488188475
468.0 0.0009141488590103108
469.0 0.0006337133527267724
470.0 0.0003532780510795419
471.0 0.0004763145170727512
472.0 0.0005993510512780631
473.0 0.0007308040949283168
474.0 0.0008622572750027757
475.0 0.0005161600256542442
476.0 0.00017006310599754215
477.0 0.0007660753908567131
478.0 0.001362087823508773
479.0 0.0014175221622281242
480.0 0.0014729565918969456
481.0 0.0027355052225175314
482.0 0.003998052125098184
483.0 0.005428961230791174
484.0 0.006859869608888403
485.0 0.007436645682901144
486.0 0.008013421756913885
487.0 0.011152442311868072
488.0 0.014291463594418019
489.0 0.017439691873732954
490.0 0.020587921608239412
491.0 0.022400372836273164
492.0 0.024212824064306915
493.0 0.025624525733292103
494.0 0.027036230312660336
495.0 0.02441522665321827
496.0 0.021794220083393157
497.0 0.017661986930761486
498.0 0.013529753778129816
499.0 0.009733375190990046
500.0 0.0059369987866375595
501.0 0.004471967258723453
502.0 0.003006936276506167
503.0 0.002460894756950438
504.0 0.0019148532373947091
505.0 0.001931244696606882
506.0 0.0019476361558190547
507.0 0.001841426274040714
508.0 0.0017352160284644924
509.0 0.0017981275959755294
510.0 0.001861038981587626
511.0 0.001416674058418721
512.0 0.0009723091352498159
513.0 0.0013653570022142958
514.0 0.0017584046872798353
515.0 0.0023061751562636346
516.0 0.002853945807146374
517.0 0.0024115719497785904
518.0 0.001969197910511866
519.0 0.002179543662350625
520.0 0.0023898894141893834
521.0 0.0018787086446536705
522.0 0.0013675283298653085
523.0 0.0013880529877496883
524.0 0.001408578100381419
525.0 0.0020017159840790555
526.0 0.0025948536858777516
527.0 0.0024648910766700283
528.0 0.0023349286493612453
529.0 0.0018903734599007294
530.0 0.0014458183613896836
531.0 0.0015227566109388135
532.0 0.0015996949514374137
533.0 0.001648045508773066
534.0 0.0016963962480076589
535.0 0.0016542015146114863
536.0 0.0016120067812153138
537.0 0.0023294596758205444
538.0 0.003046912206627894
539.0 0.0037924481148365885
540.0 0.004537984568742104
541.0 0.005135266837896779
542.0 0.005732549834647216
543.0 0.00498976769449655
544.0 0.004246985554345883
545.0 0.003389821358723566
546.0 0.002532657345000189
547.0 0.0020986659365007654
548.0 0.001664674528001342
549.0 0.0018448652554070577
550.0 0.002025056164711714
551.0 0.0017645610569161363
552.0 0.0015040659491205588
553.0 0.0015960533346515149
554.0 0.0016880409020814113
555.0 0.0012664632777159568
556.0 0.0008448855624010321
557.0 0.0008095553312159609
558.0 0.0007742251000308897
559.0 0.00027309847610013094
560.0 1.60426088646054e-10
561.0 0.0005433527803688776
562.0 0.0013147337995178532
563.0 0.0014631506019213703
564.0 0.0016115674952743575
565.0 0.001394601167703513
566.0 0.001177635022031609
567.0 0.0008313307262142189
568.0 0.0004850264758715639
569.0 0.0006151288289402146
570.0 0.0007452309091604548
571.0 0.0005042844350100495
572.0 0.00026333791538490914
573.0 0.000357523867933196
574.0 0.00045170991143095307
575.0 0.0003872145498462487
576.0 0.00032271909731207415
577.0 0.0004433594767760951
578.0 0.0005639998562401161
579.0 0.0002961516202049097
580.0 2.8303378485361463e-05
581.0 0.00022006283870723564
582.0 0.00041182229324476793
583.0 0.0005183054781809915
584.0 0.0006247885266930098
585.0 0.0006912889602972427
586.0 0.000757789530325681
587.0 0.0006642058906436432
588.0 0.0005706221145374002
589.0 0.0005055947440268937
590.0 0.0004405673735163873
591.0 0.0006487451628345298
592.0 0.0008569230885768775
593.0 0.0005052685082773678
594.0 0.00015361383702838793
595.0 0.0004647426521842135
596.0 0.0007758713763905689
597.0 0.0006869468052173033
598.0 0.0005980222795187728
599.0 0.000557854718863382
600.0 0.0005176869763090508
601.0 0.0004581979737849906
602.0 0.0003987089257861953
603.0 0.00026037746465590317
604.0 0.00012204585573272198
605.0 0.000165744290825387
606.0 0.00020944271454936825
607.0 0.0003894170731655322
608.0 0.000569391340832226
609.0 0.0005619280727842124
610.0 0.0005544645318877883
611.0 0.0007046972314128652
612.0 0.0008549300218874123
613.0 0.0005815043550683185
614.0 0.0003080788019360625
615.0 2.9479755880856828e-05
616.0 1.60426088646054e-10
617.0 1.60426088646054e-10
618.0 0.00022017175069777295
619.0 0.00039295641727221664
620.0 0.0005657411747961305
621.0 0.000624457743469975
622.0 0.0006831742211943492
623.0 0.000563263665753766
624.0 0.0004433531557879178
625.0 0.0004451602308108704
626.0 0.00044696730583382305
627.0 0.00035234611459600274
628.0 0.0002577249233581824
629.0 0.0004757319857162656
630.0 0.0006937391844985541
631.0 0.0006246427346923156
632.0 0.000555546284886077
633.0 0.0005103707280795788
634.0 0.00046519512579834554
635.0 0.0004564833034237381
636.0 0.0004477713446249254
637.0 0.0003230044512747554
638.0 0.00019823737602564506
639.0 0.0005543902261706535
640.0 0.0009105428944167215
641.0 0.0006610724994970951
642.0 0.0004116021045774687
643.0 0.0006083900188968983
644.0 0.0008051779332163278
645.0 0.000704067178958212
646.0 0.0006029565611243015
647.0 0.0007660608389414847
648.0 0.0009291654350818135
649.0 0.0007764932888676412
650.0 0.0006238211881282041
651.0 0.0008466796316497494
652.0 0.0010695382115954999
653.0 0.001182249889097875
654.0 0.00129496147565078
655.0 0.002001505345106125
656.0 0.00270804921456147
657.0 0.003682575697894208
658.0 0.004657101089833304
659.0 0.007390247628791258
660.0 0.0305717607261613
661.0 0.11572657385841012
662.0 0.1274622161872685
663.0 0.08192661334760487
664.0 0.14526962768286467
665.0 0.12510661035776138
666.0 0.15576034784317017
667.0 0.17196155386045575
668.0 0.2111682901158929
669.0 0.32792328856885433
670.0 0.3992854617536068
671.0 0.6544180680066347
672.0 1.027989573776722
673.0 1.5362981706857681
674.0 2.3355484008789062
675.0 3.2701727002859116
676.0 4.409768804907799
677.0 5.699488148093224
678.0 7.062874734401703
679.0 8.50302129983902
680.0 10.593951493501663
681.0 12.622551620006561
682.0 15.180586278438568
683.0 17.915314435958862
684.0 20.925839245319366
685.0 23.76691848039627
686.0 26.739037036895752
687.0 30.046427249908447
688.0 33.38923156261444
689.0 36.80106997489929
690.0 40.795040130615234
691.0 45.151734352111816
692.0 50.23133158683777
693.0 55.641186237335205
694.0 61.64373755455017
695.0 67.32295155525208
696.0 73.5544502735138
697.0 79.0421187877655
698.0 84.82655882835388
699.0 88.98219466209412
700.0 92.12191104888916
701.0 94.55683827400208
702.0 96.18130326271057
703.0 96.99082374572754
704.0 97.43338227272034
705.0 97.7134644985199
706.0 97.7348268032074
707.0 97.81455397605896
708.0 97.84284234046936
709.0 97.88991212844849
710.0 97.63571619987488
711.0 97.9047954082489
712.0 97.85255789756775
713.0 97.8916585445404
714.0 98.06037545204163
715.0 98.07223677635193
716.0 97.92013168334961
717.0 98.14889430999756
718.0 98.1894850730896
719.0 98.12847375869751
720.0 98.28208684921265
721.0 98.21227192878723
722.0 97.91626334190369
723.0 97.6485550403595
724.0 97.31319546699524
725.0 97.1139132976532
726.0 96.81941270828247
727.0 96.68406844139099
728.0 96.34540677070618
729.0 96.27699851989746
730.0 96.27037048339844
731.0 96.28027081489563
732.0 96.35568261146545
733.0 96.61405682563782
734.0 97.06007838249207
735.0 97.17704057693481
736.0 97.60528802871704
737.0 97.90310263633728
738.0 98.1908917427063
739.0 98.60098361968994
740.0 98.5913097858429
741.0 98.4911859035492
742.0 98.77417087554932
743.0 98.67638945579529
744.0 98.45241904258728
745.0 98.44846725463867
746.0 98.50180149078369
747.0 98.75204563140869
748.0 98.4978199005127
749.0 98.47961664199829
750.0 98.35454821586609
751.0 98.3502209186554
752.0 98.25868010520935
753.0 98.52283000946045
754.0 98.36980700492859
755.0 98.5001802444458
756.0 98.55983257293701
757.0 98.5682487487793
758.0 98.67020845413208
759.0 98.702871799469
760.0 98.59297275543213
761.0 98.51100444793701
762.0 98.61945509910583
763.0 98.57597947120667
764.0 98.45881462097168
765.0 98.42268824577332
766.0 98.49028587341309
767.0 98.24528098106384
768.0 98.29385280609131
769.0 98.25773239135742
770.0 98.010915517807
771.0 98.01873564720154
772.0 98.03709387779236
773.0 97.91458249092102
774.0 97.6891577243805
775.0 97.82798886299133
776.0 97.72667288780212
777.0 97.76557087898254
778.0 97.78978228569031
779.0 97.88575172424316
780.0 97.85822629928589
781.0 98.23634624481201
782.0 98.12957644462585
783.0 98.26966524124146
784.0 98.1913149356842
785.0 98.3284592628479
786.0 98.47742915153503
787.0 98.19512963294983
788.0 98.28457832336426
789.0 98.45967292785645
790.0 98.36026430130005
791.0 98.3572006225586
792.0 98.26220870018005
793.0 98.10869097709656
794.0 98.01849722862244
795.0 97.94411063194275
796.0 97.94001579284668
797.0 97.84284234046936
798.0 97.84727096557617
799.0 97.64858484268188
800.0 97.45084643363953
801.0 97.53337502479553
802.0 97.37566113471985
803.0 97.073233127594
804.0 96.71794176101685
805.0 96.1255669593811
806.0 95.50217390060425
807.0 94.42828297615051
808.0 93.08501482009888
809.0 91.49031043052673
810.0 89.71866965293884
811.0 87.43901252746582
812.0 84.70941185951233
813.0 81.61308169364929
814.0 77.95578241348267
815.0 74.03208017349243
816.0 69.97066140174866
817.0 65.28812646865845
818.0 60.38937568664551
819.0 56.07205033302307
820.0 51.22600793838501
821.0 46.74449265003204
822.0 42.42980778217316
823.0 37.84213066101074
824.0 33.29617381095886
825.0 29.08632457256317
826.0 24.74614381790161
827.0 20.251066982746124
828.0 16.217026114463806
829.0 12.31924220919609
830.0 8.648279309272766
831.0 6.044275313615799
832.0 3.8423527032136917
833.0 2.330944314599037
834.0 1.3381739147007465
835.0 0.7788393180817366
836.0 0.46546030789613724
837.0 0.27601851616054773
838.0 0.17301762709394097
839.0 0.11877651559188962
840.0 0.05592628731392324
841.0 0.045514796511270106
842.0 0.008754256123211235
843.0 0.013357870921026915
844.0 1.60426088646054e-10
845.0 0.004589165473589674
846.0 1.60426088646054e-10
847.0 1.60426088646054e-10
848.0 0.005469070674735121
849.0 1.60426088646054e-10
850.0 1.60426088646054e-10
851.0 1.60426088646054e-10
852.0 0.0008952568350650836
853.0 0.0009463579772273079
854.0 0.0009974593922379427
855.0 0.0008498895113007165
856.0 0.0007023197667876957
857.0 0.000780977734393673
858.0 0.0008596354746259749
859.0 0.0005033080924476963
860.0 0.00014698066479468253
861.0 0.000205958099286363
862.0 0.0002649354883033084
863.0 0.00010388143891759682
864.0 1.60426088646054e-10
865.0 1.7340598290616072e-06
866.0 6.0640655874522054e-05
867.0 2.547767508076504e-05
868.0 1.60426088646054e-10
869.0 1.60426088646054e-10
870.0 1.60426088646054e-10
871.0 6.669994263575063e-05
872.0 0.00031036593099997845
873.0 0.00026919472020381363
874.0 0.00022802348667028127
875.0 0.0002488188783900114
876.0 0.00026961431558447657
877.0 1.60426088646054e-10
878.0 1.60426088646054e-10
879.0 4.626251950412552e-05
880.0 0.00043643849494401366
881.0 0.00022789706690673484
882.0 1.935566302790903e-05
883.0 0.0001711733489173639
884.0 0.00032299108170263935
885.0 0.00015188809356914135
886.0 1.60426088646054e-10
887.0 0.00013152665587767842
888.0 0.00028226822905708104
889.0 0.0001482459992985241
890.0 1.4223843436411698e-05
891.0 0.00011276039231233881
892.0 0.00021129692413524026
893.0 0.00023622285425517475
894.0 0.00026114878437510924
895.0 1.60426088646054e-10
896.0 1.60426088646054e-10
897.0 1.60426088646054e-10
898.0 1.5731471592062007e-05
899.0 1.60426088646054e-10
900.0 1.60426088646054e-10
