lsstCam/transmission_filter_detector/r11_s02/i_39/19700101T000000.ecsv
# %ECSV 1.0
# ---
# datatype:
# - {name: wavelength, unit: nm, datatype: float32}
# - {name: efficiency, unit: '%', datatype: float64}
# meta: !!omap
# - {MODE: DETECTOR}
# - {TYPE: transmission_filter_detector}
# - {CALIBDATE: '1970-01-01T00:00:00'}
# - {INSTRUME: LSSTCam}
# - {OBSTYPE: transmission_filter_detector}
# - {CALIBCLS: lsst.ip.isr.IntermediateFilterDetectorTransmissionCurve}
# - {SOURCE: Materion (DM-46256)}
# - {DETECTOR: 38}
# - {FILTER: i_39}
# - {CALIB_ID: 'calibDate=1970-01-01T00:00:00 filter=i_39 detector=38'}
# - {DATE: '2025-04-02T15:59:46.655308'}
# - {CALIB_CREATION_DATE: '2025-04-02'}
# - {CALIB_CREATION_TIME: '15:59:46'}
# - __serialized_columns__:
#     efficiency:
#       __class__: astropy.units.quantity.Quantity
#       unit: !astropy.units.Unit {unit: '%'}
#       value: !astropy.table.SerializedColumn {name: efficiency}
#     wavelength:
#       __class__: astropy.units.quantity.Quantity
#       unit: !astropy.units.Unit {unit: nm}
#       value: !astropy.table.SerializedColumn {name: wavelength}
# schema: astropy-2.0
wavelength efficiency
[from data line 602]
902.0 1.60426088646054e-10
903.0 1.60426088646054e-10
904.0 1.60426088646054e-10
905.0 1.60426088646054e-10
906.0 1.60426088646054e-10
907.0 5.0858164968303754e-05
908.0 0.00019689086911967024
909.0 1.60426088646054e-10
910.0 1.60426088646054e-10
911.0 1.60426088646054e-10
912.0 8.707197594048921e-05
913.0 0.000111286794890475
914.0 0.00013550162520914455
915.0 1.8362927178827704e-06
916.0 1.60426088646054e-10
917.0 1.60426088646054e-10
918.0 1.60426088646054e-10
919.0 1.60426088646054e-10
920.0 7.654895739506173e-05
921.0 2.9729599759775738e-05
922.0 1.60426088646054e-10
923.0 1.60426088646054e-10
924.0 1.60426088646054e-10
925.0 3.3389139275641355e-05
926.0 0.00017773646732166526
927.0 1.60426088646054e-10
928.0 1.60426088646054e-10
929.0 1.60426088646054e-10
930.0 9.357848966828897e-05
931.0 0.00011493277725094231
932.0 0.00013628706483359565
933.0 0.00014488689430436352
934.0 0.00015348674651249894
935.0 1.60426088646054e-10
936.0 1.60426088646054e-10
937.0 1.60426088646054e-10
938.0 1.60426088646054e-10
939.0 1.60426088646054e-10
940.0 1.60426088646054e-10
941.0 1.60426088646054e-10
942.0 1.60426088646054e-10
943.0 1.60426088646054e-10
944.0 1.60426088646054e-10
945.0 1.60426088646054e-10
946.0 1.60426088646054e-10
947.0 1.60426088646054e-10
948.0 1.60426088646054e-10
949.0 1.60426088646054e-10
950.0 1.60426088646054e-10
951.0 1.60426088646054e-10
952.0 1.60426088646054e-10
953.0 1.60426088646054e-10
954.0 1.60426088646054e-10
955.0 9.922879371515592e-05
956.0 0.0002696093588383519
957.0 0.0001366250216960907
958.0 3.6406461845217564e-06
959.0 7.932566745694203e-05
960.0 0.00015501070720347343
961.0 0.00016023881244109361
962.0 0.00016546690631003003
963.0 8.308679753099568e-05
964.0 7.066925267196211e-07
965.0 1.60426088646054e-10
966.0 1.60426088646054e-10
967.0 1.60426088646054e-10
968.0 1.60426088646054e-10
969.0 1.60426088646054e-10
970.0 1.60426088646054e-10
971.0 1.60426088646054e-10
972.0 1.60426088646054e-10
973.0 1.60426088646054e-10
974.0 1.60426088646054e-10
975.0 1.60426088646054e-10
976.0 1.60426088646054e-10
977.0 1.60426088646054e-10
978.0 1.60426088646054e-10
979.0 1.60426088646054e-10
980.0 1.60426088646054e-10
981.0 1.60426088646054e-10
982.0 1.60426088646054e-10
983.0 1.60426088646054e-10
984.0 1.60426088646054e-10
985.0 6.492113584499748e-05
986.0 0.00025678102701931493
987.0 5.892562171538884e-05
988.0 1.60426088646054e-10
989.0 1.60426088646054e-10
990.0 1.60426088646054e-10
991.0 1.60426088646054e-10
992.0 1.60426088646054e-10
993.0 1.60426088646054e-10
994.0 1.4356523081460182e-05
995.0 1.60426088646054e-10
996.0 1.60426088646054e-10
997.0 1.60426088646054e-10
998.0 0.00023600746317242738
999.0 0.00023878087631601375
1000.0 0.00024155422124749748
1001.0 0.00012162111033831025
1002.0 1.6879470265962482e-06
1003.0 6.419350029318593e-05
1004.0 0.00012669909210671904
1005.0 1.60426088646054e-10
1006.0 1.60426088646054e-10
1007.0 2.3616154010142054e-05
1008.0 0.00021875553102290723
1009.0 0.00013304492085808306
1010.0 4.733421121727588e-05
1011.0 0.00014971482187320362
1012.0 0.00025209542400261853
1013.0 0.00034656400202948134
1014.0 0.00044103267100581434
1015.0 0.00035754194414039375
1016.0 0.00027405126274970826
1017.0 0.00033469889331172453
1018.0 0.0003953466602979461
1019.0 0.00037333952604967635
1020.0 0.00035133230085193645
1021.0 0.00024375178782065632
1022.0 0.00013617121794595732
1023.0 0.0005047721060691401
1024.0 0.0008733731192478444
1025.0 0.0006814700554969022
1026.0 0.0004895670372206951
1027.0 0.00045922311073809396
1028.0 0.0004288791842554929
1029.0 0.0008450007044302765
1030.0 0.001261122179130325
1031.0 0.0018036165783996694
1032.0 0.002346110704820603
1033.0 0.0024391954866587184
1034.0 0.002532279359002132
1035.0 0.0031447689252672717
1036.0 0.0037572586734313518
1037.0 0.0037573314330074936
1038.0 0.0037574038287857547
1039.0 0.003266346175223589
1040.0 0.002775288885459304
1041.0 0.002358947131142486
1042.0 0.001942605376825668
1043.0 0.00271129138127435
1044.0 0.003479977385723032
1045.0 0.0035511155147105455
1046.0 0.0036222543712938204
1047.0 0.0031752362701809034
1048.0 0.0027282181690679863
1049.0 0.0024170220058294944
1050.0 0.0021058256606920622
1051.0 0.00229386096179951
1052.0 0.002481896626704838
1053.0 0.0015836387319723144
1054.0 0.0006853807008155854
1055.0 0.0007199655101430835
1056.0 0.0007545502739958465
1057.0 0.0007359472419921076
1058.0 0.0007173443464125739
1059.0 0.001006282946036663
1060.0 0.0012952217730344273
1061.0 0.001818537202780135
1062.0 0.002341852268727962
1063.0 0.00275608563242713
1064.0 0.003170319178025238
1065.0 0.003508095323923044
1066.0 0.0038458714698208496
1067.0 0.004492318839766085
1068.0 0.005138766573509201
1069.0 0.0042216746805934235
1070.0 0.003304582423879765
1071.0 0.0031425886845681816
1072.0 0.0029805943995597772
1073.0 0.0030932824301999062
1074.0 0.003205970278941095
1075.0 0.0034671487810555845
1076.0 0.003728326555574313
1077.0 0.002839547596522607
1078.0 0.0019507682736730203
1079.0 0.0021635150915244594
1080.0 0.002376262091274839
1081.0 0.0015279696526704356
1082.0 0.000679677032167092
1083.0 0.00035292955544719007
1084.0 2.618179735236481e-05
1085.0 0.0005353435881261248
1086.0 0.0010445057341712527
1087.0 0.0008657774742459878
1088.0 0.000687049214320723
1089.0 1.60426088646054e-10
1090.0 1.60426088646054e-10
1091.0 1.60426088646054e-10
1092.0 1.60426088646054e-10
1093.0 1.60426088646054e-10
1094.0 0.00010249596016365103
1095.0 0.00034966851671924815
1096.0 0.0005968412551737856
1097.0 1.60426088646054e-10
1098.0 1.60426088646054e-10
1099.0 1.60426088646054e-10
1100.0 1.60426088646054e-10
