lsstCam/transmission_sensor/r30_s22/19700101T000000.ecsv
# %ECSV 1.0
# ---
# datatype:
# - {name: amp_name, datatype: string}
# - {name: wavelength, unit: nm, datatype: float32}
# - {name: efficiency, unit: '%', datatype: float64}
# meta: !!omap
# - {MODE: AMP}
# - {TYPE: transmission_sensor}
# - {CALIBDATE: '1970-01-01T00:00:00'}
# - {INSTRUME: LSSTCAM}
# - {OBSTYPE: transmission_sensor}
# - {DETECTOR: 125}
# - {PARQUETFILE: qe_raft_allvalues_nircorrected_20230725.parquet}
# - {CALIBCLS: lsst.ip.isr.IntermediateSensorTransmissionCurve}
# - {CALIB_ID: 'raftName=R30 detectorName=S22 detector=125 calibDate=1970-01-01T00:00:00 ccd=125 ccdnum=125 filter=None'}
# - {DATE: '2024-01-18T22:42:25.419416'}
# - {CALIB_CREATION_DATE: '2024-01-18'}
# - {CALIB_CREATION_TIME: '22:42:25'}
# - __serialized_columns__:
#     efficiency:
#       __class__: astropy.units.quantity.Quantity
#       unit: !astropy.units.Unit {unit: '%'}
#       value: !astropy.table.SerializedColumn {name: efficiency}
#     wavelength:
#       __class__: astropy.units.quantity.Quantity
#       unit: !astropy.units.Unit {unit: nm}
#       value: !astropy.table.SerializedColumn {name: wavelength}
# schema: astropy-2.0
amp_name wavelength efficiency
C00 319.994 46.49416732788086
C00 324.969 52.4293098449707
C00 349.982 76.57579803466797
C00 374.975 80.14808654785156
C00 400.019 85.52111053466797
C00 424.965 87.22836303710938
C00 450.035 88.76953125
C00 475.003 91.00979614257812
C00 500.018 93.09619903564453
C00 525.002 94.91819763183594
C00 550.029 96.26860046386719
C00 575.023 97.61815643310547
C00 599.982 98.6523208618164
C00 619.997 98.64422607421875
C00 624.979 98.65450286865234
C00 650.012 98.8726577758789
C00 675.004 98.95581817626953
C00 700.03 98.42671966552734
C00 725.012 97.85557556152344
C00 750.022 97.96119689941406
C00 774.987 98.02436828613281
C00 799.976 97.12857055664062
C00 824.988 95.5688247680664
C00 850.022 93.2786636352539
C00 869.967 90.10643005371094
C00 875.002 89.03365325927734
C00 899.999 81.76789093017578
C00 919.999 73.84237670898438
C00 925.012 71.18524932861328
C00 949.965 57.982566833496094
C00 975.002 43.379119873046875
C00 999.976 26.535722732543945
C00 1025.028 11.500709533691406
C00 1050.014 3.944441556930542
C00 1075.002 0.9332708448442097
C00 1099.99 0.09259827584713722
C01 319.994 46.609127044677734
C01 324.969 52.56049728393555
C01 349.982 76.76631927490234
C01 374.975 80.34687805175781
C01 400.019 85.64109802246094
C01 424.965 87.30148315429688
C01 450.035 88.81407165527344
C01 475.003 91.03730010986328
C01 500.018 93.10843658447266
C01 525.002 94.92247772216797
C01 550.029 96.26435852050781
C01 575.023 97.60850524902344
C01 599.982 98.64319610595703
C01 619.997 98.63548278808594
C01 624.979 98.64372253417969
C01 650.012 98.8623275756836
C01 675.004 98.95181274414062
C01 700.03 98.43659210205078
C01 725.012 97.89942932128906
C01 750.022 98.05107879638672
C01 774.987 98.16432189941406
C01 799.976 97.28643798828125
C01 824.988 95.72370147705078
C01 850.022 93.45460510253906
C01 869.967 90.26060485839844
C01 875.002 89.2050552368164
C01 899.999 81.941650390625
C01 919.999 74.02030181884766
C01 925.012 71.1516342163086
C01 949.965 58.25312423706055
C01 975.002 43.36116409301758
C01 999.976 26.729839324951172
C01 1025.028 11.474175453186035
C01 1050.014 3.9302151203155518
C01 1075.002 0.9341267210633433
C01 1099.99 0.09268319509932231
C02 319.994 46.761497497558594
C02 324.969 52.729759216308594
C02 349.982 76.99291229248047
C02 374.975 80.52423858642578
C02 400.019 85.74746704101562
C02 424.965 87.37833404541016
C02 450.035 88.87752532958984
C02 475.003 91.0880126953125
C02 500.018 93.15503692626953
C02 525.002 94.96622467041016
C02 550.029 96.30701446533203
C02 575.023 97.6446762084961
C02 599.982 98.68077087402344
C02 619.997 98.67145538330078
C02 624.979 98.68146514892578
C02 650.012 98.89933776855469
C02 675.004 98.98863983154297
C02 700.03 98.48068237304688
C02 725.012 97.98323059082031
C02 750.022 98.18891143798828
C02 774.987 98.34923553466797
C02 799.976 97.4919204711914
C02 824.988 95.92520904541016
C02 850.022 93.64427185058594
C02 869.967 90.47611999511719
C02 875.002 89.41441345214844
C02 899.999 82.24177551269531
C02 919.999 74.03182983398438
C02 925.012 71.20520782470703
C02 949.965 58.380714416503906
C02 975.002 43.54648971557617
C02 999.976 26.81594467163086
C02 1025.028 11.525988578796387
C02 1050.014 3.907097816467285
C02 1075.002 0.9354394220855152
C02 1099.99 0.09281344008878857
C03 319.994 46.90553283691406
C03 324.969 52.89133071899414
C03 349.982 77.1775131225586
C03 374.975 80.62613677978516
C03 400.019 85.77713775634766
C03 424.965 87.37928771972656
C03 450.035 88.8663101196289
C03 475.003 91.07020568847656
C03 500.018 93.12837219238281
C03 525.002 94.93437194824219
C03 550.029 96.27009582519531
C03 575.023 97.60139465332031
C03 599.982 98.62764739990234
C03 619.997 98.6193618774414
C03 624.979 98.62813568115234
C03 650.012 98.8404541015625
C03 675.004 98.92708587646484
C03 700.03 98.43036651611328
C03 725.012 97.9758529663086
C03 750.022 98.23002624511719
C03 774.987 98.44197082519531
C03 799.976 97.61193084716797
C03 824.988 96.0393295288086
C03 850.022 93.73118591308594
C03 869.967 90.64445495605469
C03 875.002 89.60111999511719
C03 899.999 82.4183120727539
C03 919.999 73.97399139404297
C03 925.012 71.13060760498047
C03 949.965 58.574893951416016
C03 975.002 43.5116081237793
C03 999.976 26.902000427246094
C03 1025.028 11.486101150512695
C03 1050.014 3.8784570693969727
C03 1075.002 0.935830693653547
C03 1099.99 0.09285226169431487
C04 319.994 46.93272018432617
C04 324.969 52.919734954833984
C04 349.982 77.15472412109375
C04 374.975 80.53949737548828
C04 400.019 85.63037109375
C04 424.965 87.216796875
C04 450.035 88.69055938720703
C04 475.003 90.88554382324219
C04 500.018 92.9386978149414
C04 525.002 94.73405456542969
C04 550.029 96.06250762939453
C04 575.023 97.38668060302734
C04 599.982 98.40777587890625
C04 619.997 98.394775390625
C04 624.979 98.40235137939453
C04 650.012 98.61164093017578
C04 675.004 98.69757843017578
C04 700.03 98.21874237060547
C04 725.012 97.79424285888672
C04 750.022 98.09764862060547
C04 774.987 98.35468292236328
C04 799.976 97.55302429199219
C04 824.988 95.9723892211914
C04 850.022 93.67822265625
C04 869.967 90.69283294677734
C04 875.002 89.64855194091797
C04 899.999 82.38480377197266
C04 919.999 73.83379364013672
C04 925.012 71.02967071533203
C04 949.965 58.60487365722656
C04 975.002 43.403018951416016
C04 999.976 26.769908905029297
C04 1025.028 11.353543281555176
C04 1050.014 3.8573410511016846
C04 1075.002 0.9345691430831786
C04 1099.99 0.09272709180568563
C05 319.994 47.128849029541016
C05 324.969 53.138004302978516
C05 349.982 77.4593276977539
C05 374.975 80.82084655761719
C05 400.019 85.86785125732422
C05 424.965 87.43013763427734
C05 450.035 88.89464569091797
C05 475.003 91.08576965332031
C05 500.018 93.13917541503906
C05 525.002 94.93763732910156
C05 550.029 96.26411437988281
C05 575.023 97.59297943115234
C05 599.982 98.61421203613281
C05 619.997 98.59705352783203
C05 624.979 98.60322570800781
C05 650.012 98.81409454345703
C05 675.004 98.90205383300781
C05 700.03 98.4332046508789
C05 725.012 98.03141784667969
C05 750.022 98.3731460571289
C05 774.987 98.66940307617188
C05 799.976 97.8775405883789
C05 824.988 96.28902435302734
C05 850.022 94.041015625
C05 869.967 91.06926727294922
C05 875.002 89.99332427978516
C05 899.999 82.75345611572266
C05 919.999 74.19651794433594
C05 925.012 71.37924194335938
C05 949.965 58.768680572509766
C05 975.002 43.466636657714844
C05 999.976 26.7557373046875
C05 1025.028 11.374521255493164
C05 1050.014 3.9017860889434814
C05 1075.002 0.9371934660399309
C05 1099.99 0.09298747471853863
C06 319.994 47.10271072387695
C06 324.969 53.10890579223633
C06 349.982 77.39253997802734
C06 374.975 80.71049499511719
C06 400.019 85.70008850097656
C06 424.965 87.2395248413086
C06 450.035 88.69158172607422
C06 475.003 90.8736801147461
C06 500.018 92.9173812866211
C06 525.002 94.70530700683594
C06 550.029 96.02713012695312
C06 575.023 97.35169982910156
C06 599.982 98.36593627929688
C06 619.997 98.3478012084961
C06 624.979 98.35539245605469
C06 650.012 98.56233215332031
C06 675.004 98.64697265625
C06 700.03 98.1804428100586
C06 725.012 97.786376953125
C06 750.022 98.1290512084961
C06 774.987 98.4219970703125
C06 799.976 97.63735961914062
C06 824.988 96.0694808959961
C06 850.022 93.85730743408203
C06 869.967 90.92680358886719
C06 875.002 89.86122131347656
C06 899.999 82.68833923339844
C06 919.999 74.17129516601562
C06 925.012 71.33290100097656
C06 949.965 58.7035026550293
C06 975.002 43.4356689453125
C06 999.976 26.7401065826416
C06 1025.028 11.413370132446289
C06 1050.014 3.9234254360198975
C06 1075.002 0.9348679989880602
C06 1099.99 0.0927567440140147
C07 319.994 47.30345916748047
C07 324.969 53.329917907714844
C07 349.982 77.66883850097656
C07 374.975 80.93937683105469
C07 400.019 85.89595031738281
C07 424.965 87.42060089111328
C07 450.035 88.86872100830078
C07 475.003 91.05055236816406
C07 500.018 93.09319305419922
C07 525.002 94.88121795654297
C07 550.029 96.19955444335938
C07 575.023 97.51919555664062
C07 599.982 98.53287506103516
C07 619.997 98.51419830322266
C07 624.979 98.52037048339844
C07 650.012 98.7232437133789
C07 675.004 98.8069839477539
C07 700.03 98.31873321533203
C07 725.012 97.88898468017578
C07 750.022 98.17654418945312
C07 774.987 98.41582489013672
C07 799.976 97.61243438720703
C07 824.988 96.06048583984375
C07 850.022 93.8617935180664
C07 869.967 90.99915313720703
C07 875.002 89.97039794921875
C07 899.999 82.75799560546875
C07 919.999 74.42627716064453
C07 925.012 71.59693145751953
C07 949.965 58.832279205322266
C07 975.002 43.63080978393555
C07 999.976 26.838237762451172
C07 1025.028 11.512027740478516
C07 1050.014 3.966012477874756
C07 1075.002 0.9353209205850315
C07 1099.99 0.09280168247877567
C10 319.994 45.937137603759766
C10 324.969 51.80350112915039
C10 349.982 75.89981079101562
C10 374.975 79.69927215576172
C10 400.019 85.20602416992188
C10 424.965 86.95680236816406
C10 450.035 88.51055145263672
C10 475.003 90.75267028808594
C10 500.018 92.84758758544922
C10 525.002 94.67769622802734
C10 550.029 96.04047393798828
C10 575.023 97.39892578125
C10 599.982 98.44770050048828
C10 619.997 98.45695495605469
C10 624.979 98.46780395507812
C10 650.012 98.70319366455078
C10 675.004 98.81180572509766
C10 700.03 98.36962890625
C10 725.012 98.03164672851562
C10 750.022 98.43948364257812
C10 774.987 98.79727935791016
C10 799.976 98.00398254394531
C10 824.988 96.33399200439453
C10 850.022 94.01282501220703
C10 869.967 90.87029266357422
C10 875.002 89.76660919189453
C10 899.999 81.84344482421875
C10 919.999 73.42288208007812
C10 925.012 70.64227294921875
C10 949.965 57.99420928955078
C10 975.002 43.21921157836914
C10 999.976 26.37319564819336
C10 1025.028 11.391066551208496
C10 1050.014 3.908022880554199
C10 1075.002 0.9378249258683259
C10 1099.99 0.09305012758260175
C11 319.994 46.11367416381836
C11 324.969 52.00076675415039
C11 349.982 76.24382019042969
C11 374.975 80.07097625732422
C11 400.019 85.48326873779297
C11 424.965 87.17568969726562
C11 450.035 88.6952896118164
C11 475.003 90.919189453125
C11 500.018 93.00202941894531
C11 525.002 94.82743072509766
C11 550.029 96.18576049804688
C11 575.023 97.54902648925781
C11 599.982 98.60013580322266
C11 619.997 98.60867309570312
C11 624.979 98.62246704101562
C11 650.012 98.86174011230469
C11 675.004 98.97844696044922
C11 700.03 98.54833221435547
C11 725.012 98.24024963378906
C11 750.022 98.69151306152344
C11 774.987 99.08894348144531
C11 799.976 98.31904602050781
C11 824.988 96.6594467163086
C11 850.022 94.37764739990234
C11 869.967 91.2236099243164
C11 875.002 90.09960174560547
C11 899.999 82.24171447753906
C11 919.999 73.81168365478516
C11 925.012 71.00269317626953
C11 949.965 58.29174041748047
C11 975.002 43.4224853515625
C11 999.976 26.571285247802734
C11 1025.028 11.463968276977539
C11 1050.014 3.9227774143218994
C11 1075.002 0.9402256500801661
C11 1099.99 0.09328832523340054
C12 319.994 46.20001220703125
C12 324.969 52.101768493652344
C12 349.982 76.36849212646484
C12 374.975 80.11058044433594
C12 400.019 85.40644836425781
C12 424.965 87.05370330810547
C12 450.035 88.55238342285156
C12 475.003 90.7613296508789
C12 500.018 92.82662200927734
C12 525.002 94.64671325683594
C12 550.029 95.9976806640625
C12 575.023 97.35617065429688
C12 599.982 98.40681457519531
C12 619.997 98.41158294677734
C12 624.979 98.4288330078125
C12 650.012 98.66372680664062
C12 675.004 98.77890014648438
C12 700.03 98.35742950439453
C12 725.012 98.08015441894531
C12 750.022 98.56901550292969
C12 774.987 99.00677490234375
C12 799.976 98.25928497314453
C12 824.988 96.62447357177734
C12 850.022 94.375732421875
C12 869.967 91.22179412841797
C12 875.002 90.11061096191406
C12 899.999 82.36892700195312
C12 919.999 73.96449279785156
C12 925.012 71.14435577392578
C12 949.965 58.48611831665039
C12 975.002 43.602962493896484
C12 999.976 26.709104537963867
C12 1025.028 11.491241455078125
C12 1050.014 3.931201219558716
C12 1075.002 0.9390582927018551
C12 1099.99 0.0931725011067537
C13 319.994 46.41370391845703
C13 324.969 52.34010314941406
C13 349.982 76.627685546875
C13 374.975 80.26148223876953
C13 400.019 85.47830963134766
C13 424.965 87.09721374511719
C13 450.035 88.58439636230469
C13 475.003 90.78807830810547
C13 500.018 92.854248046875
C13 525.002 94.66919708251953
C13 550.029 96.01493835449219
C13 575.023 97.36531829833984
C13 599.982 98.4080810546875
C13 619.997 98.41238403320312
C13 624.979 98.42432403564453
C13 650.012 98.6550064086914
C13 675.004 98.76620483398438
C13 700.03 98.35694122314453
C13 725.012 98.10624694824219
C13 750.022 98.63137817382812
C13 774.987 99.10543823242188
C13 799.976 98.37730407714844
C13 824.988 96.74732208251953
C13 850.022 94.50865173339844
C13 869.967 91.3708267211914
C13 875.002 90.27100372314453
C13 899.999 82.57514953613281
C13 919.999 74.1561050415039
C13 925.012 71.3289566040039
C13 949.965 58.66384506225586
C13 975.002 43.7518310546875
C13 999.976 26.785951614379883
C13 1025.028 11.506733894348145
C13 1050.014 3.9522345066070557
C13 1075.002 0.9396521136873021
C13 1099.99 0.09323141947939761
C14 319.994 46.52732849121094
C14 324.969 52.46613693237305
C14 349.982 76.72080993652344
C14 374.975 80.25299072265625
C14 400.019 85.3921127319336
C14 424.965 86.98518371582031
C14 450.035 88.4617691040039
C14 475.003 90.65579223632812
C14 500.018 92.71086883544922
C14 525.002 94.51884460449219
C14 550.029 95.8593521118164
C14 575.023 97.19957733154297
C14 599.982 98.23612976074219
C14 619.997 98.23275756835938
C14 624.979 98.24662780761719
C14 650.012 98.46892547607422
C14 675.004 98.5815658569336
C14 700.03 98.176025390625
C14 725.012 97.94874572753906
C14 750.022 98.51183319091797
C14 774.987 99.01490783691406
C14 799.976 98.30048370361328
C14 824.988 96.67902374267578
C14 850.022 94.43579864501953
C14 869.967 91.29200744628906
C14 875.002 90.1884994506836
C14 899.999 82.66512298583984
C14 919.999 74.1246566772461
C14 925.012 71.2378921508789
C14 949.965 58.55516052246094
C14 975.002 43.70268249511719
C14 999.976 26.87604331970215
C14 1025.028 11.527369499206543
C14 1050.014 3.949862003326416
C14 1075.002 0.9385129368300493
C14 1099.99 0.09311839139816128
C15 319.994 46.66474914550781
C15 324.969 52.620670318603516
C15 349.982 76.91234588623047
C15 374.975 80.36145782470703
C15 400.019 85.40705108642578
C15 424.965 86.9579086303711
C15 450.035 88.41514587402344
C15 475.003 90.59580993652344
C15 500.018 92.64490509033203
C15 525.002 94.44377899169922
C15 550.029 95.77980041503906
C15 575.023 97.11370086669922
C15 599.982 98.14480590820312
C15 619.997 98.14061737060547
C15 624.979 98.1498794555664
C15 650.012 98.37004089355469
C15 675.004 98.48121643066406
C15 700.03 98.08526611328125
C15 725.012 97.87657928466797
C15 750.022 98.45770263671875
C15 774.987 98.9762191772461
C15 799.976 98.27543640136719
C15 824.988 96.65581512451172
C15 850.022 94.38758850097656
C15 869.967 91.29402923583984
C15 875.002 90.20911407470703
C15 899.999 82.82770538330078
C15 919.999 73.99005126953125
C15 925.012 71.08670806884766
C15 949.965 58.62952423095703
C15 975.002 43.6363525390625
C15 999.976 26.91446304321289
C15 1025.028 11.509627342224121
C15 1050.014 3.9167113304138184
C15 1075.002 0.9379970980922234
C15 1099.99 0.0930672103524855
C16 319.994 46.72475814819336
C16 324.969 52.69133758544922
C16 349.982 77.00150299072266
C16 374.975 80.40326690673828
C16 400.019 85.38727569580078
C16 424.965 86.91414642333984
C16 450.035 88.35551452636719
C16 475.003 90.52915954589844
C16 500.018 92.57266998291016
C16 525.002 94.36677551269531
C16 550.029 95.69683837890625
C16 575.023 97.03157806396484
C16 599.982 98.06004333496094
C16 619.997 98.05294799804688
C16 624.979 98.06459045410156
C16 650.012 98.28390502929688
C16 675.004 98.3919448852539
C16 700.03 97.9979476928711
C16 725.012 97.78691864013672
C16 750.022 98.35934448242188
C16 774.987 98.87145233154297
C16 799.976 98.1678237915039
C16 824.988 96.55393981933594
C16 850.022 94.3042221069336
C16 869.967 91.30308532714844
C16 875.002 90.22298431396484
C16 899.999 82.87356567382812
C16 919.999 73.83364868164062
C16 925.012 70.96542358398438
C16 949.965 58.72509002685547
C16 975.002 43.61619186401367
C16 999.976 26.900096893310547
C16 1025.028 11.438968658447266
C16 1050.014 3.923133134841919
C16 1075.002 0.9370601072753948
C16 1099.99 0.09297424298443553
C17 319.994 47.00864791870117
C17 324.969 53.0051383972168
C17 349.982 77.33674621582031
C17 374.975 80.64891815185547
C17 400.019 85.60649108886719
C17 424.965 87.13247680664062
C17 450.035 88.57906341552734
C17 475.003 90.75853729248047
C17 500.018 92.80704498291016
C17 525.002 94.60311889648438
C17 550.029 95.9324722290039
C17 575.023 97.26014709472656
C17 599.982 98.28645324707031
C17 619.997 98.27044677734375
C17 624.979 98.281494140625
C17 650.012 98.49525451660156
C17 675.004 98.59452819824219
C17 700.03 98.18341064453125
C17 725.012 97.9337387084961
C17 750.022 98.4528579711914
C17 774.987 98.90680694580078
C17 799.976 98.18343353271484
C17 824.988 96.57799530029297
C17 850.022 94.37055969238281
C17 869.967 91.41690063476562
C17 875.002 90.33729553222656
C17 899.999 83.01236724853516
C17 919.999 74.02749633789062
C17 925.012 71.19197082519531
C17 949.965 58.847469329833984
C17 975.002 43.657894134521484
C17 999.976 26.921110153198242
C17 1025.028 11.50373363494873
C17 1050.014 3.9968864917755127
C17 1075.002 0.9379514771542249
C17 1099.99 0.09306268388492837
