lsstCam/transmission_sensor/r30_s22/19700101T000000.ecsv
# %ECSV 1.0
# ---
# datatype:
# - {name: amp_name, datatype: string}
# - {name: wavelength, unit: nm, datatype: float32}
# - {name: efficiency, unit: '%', datatype: float64}
# meta: !!omap
# - {MODE: AMP}
# - {TYPE: transmission_sensor}
# - {CALIBDATE: '1970-01-01T00:00:00'}
# - {INSTRUME: LSSTCam}
# - {OBSTYPE: transmission_sensor}
# - {DETECTOR: 125}
# - {PARQUETFILE: qe_raft_allvalues_nircorrected_20230725_adjust.parquet}
# - {CORRFILE: qe_corr_factor_bydetnum.parquet}
# - {CALIBCLS: lsst.ip.isr.IntermediateSensorTransmissionCurve}
# - {CALIB_ID: 'raftName=R30 detectorName=S22 detector=125 calibDate=1970-01-01T00:00:00 ccd=125 ccdnum=125 filter=None'}
# - {DATE: '2025-03-03T21:56:48.085707'}
# - {CALIB_CREATION_DATE: '2025-03-03'}
# - {CALIB_CREATION_TIME: '21:56:48'}
# - __serialized_columns__:
#     efficiency:
#       __class__: astropy.units.quantity.Quantity
#       unit: !astropy.units.Unit {unit: '%'}
#       value: !astropy.table.SerializedColumn {name: efficiency}
#     wavelength:
#       __class__: astropy.units.quantity.Quantity
#       unit: !astropy.units.Unit {unit: nm}
#       value: !astropy.table.SerializedColumn {name: wavelength}
# schema: astropy-2.0
amp_name wavelength efficiency
C00 319.994 46.04693925830755
C00 324.969 51.924991553481135
C00 349.982 75.83921432321942
C00 374.975 79.37714094140567
C00 400.019 84.6984817325978
C00 424.965 86.38931214846743
C00 450.035 87.91565584197527
C00 475.003 90.13437159407357
C00 500.018 92.20070534746407
C00 525.002 94.00517811274439
C00 550.029 95.34259140035695
C00 575.023 96.67916597116202
C00 599.982 97.70338275724045
C00 619.997 97.69536583352205
C00 624.979 97.705543775321
C00 650.012 97.92160024733226
C00 675.004 98.00396072662592
C00 700.03 97.47995162212914
C00 725.012 96.91430136154177
C00 750.022 97.01890672625198
C00 774.987 97.08147046648607
C00 799.976 96.19428942834064
C00 824.988 94.64954685711903
C00 850.022 92.38141481744454
C00 869.967 89.23969499671169
C00 875.002 88.17723725781627
C00 899.999 80.98136440189329
C00 919.999 73.1320858168952
C00 925.012 70.50051738331744
C00 949.965 57.42483168252589
C00 975.002 42.96185549010183
C00 999.976 26.280475230879546
C00 1025.028 11.390084041955978
C00 1050.014 3.906499916410121
C00 1075.002 0.9242936990576148
C00 1099.99 0.09170757168932561
C01 319.994 46.16079317592194
C01 324.969 52.054917098568694
C01 349.982 76.02790293688192
C01 374.975 79.57402026695388
C01 400.019 84.81731505900618
C01 424.965 86.46172892218765
C01 450.035 87.95976781244465
C01 475.003 90.16161100029868
C01 500.018 92.21282518313261
C01 525.002 94.00941703282547
C01 550.029 95.33839026031225
C01 575.023 96.6696076219596
C01 599.982 97.69434577253998
C01 619.997 97.68670664918531
C01 624.979 97.69486713704192
C01 650.012 97.91136941348239
C01 675.004 97.99999382280673
C01 700.03 97.48972909554253
C01 725.012 96.95773329135645
C01 750.022 97.1079240479546
C01 774.987 97.22007786393219
C01 799.976 96.35063833086764
C01 824.988 94.80293380479438
C01 850.022 92.55566390120516
C01 869.967 89.39238679171777
C01 875.002 88.3469905172485
C01 899.999 81.15345246757339
C01 919.999 73.30829946254724
C01 925.012 70.46722561526535
C01 949.965 57.69278659050306
C01 975.002 42.94407242698095
C01 999.976 26.472724612970215
C01 1025.028 11.363805193155663
C01 1050.014 3.892410324095177
C01 1075.002 0.9251413425909885
C01 1099.99 0.09179167410199283
C02 319.994 46.31169797520756
C02 324.969 52.22255089796038
C02 349.982 76.25231635293895
C02 374.975 79.7496747680676
C02 400.019 84.92266091242931
C02 424.965 86.53784058346517
C02 450.035 88.02261112494789
C02 475.003 90.21183578065326
C02 500.018 92.25897727556615
C02 525.002 94.0527431785383
C02 550.029 95.3806358969848
C02 575.023 96.7054306524487
C02 599.982 97.7315591083676
C02 619.997 97.72233322348526
C02 624.979 97.73224670502961
C02 650.012 97.9480236047717
C02 675.004 98.03646666992145
C02 700.03 97.53339526158271
C02 725.012 97.04072847526116
C02 750.022 97.24443087537838
C02 774.987 97.40321281224782
C02 799.976 96.5541442747957
C02 824.988 95.00250306893236
C02 850.022 92.7435062420529
C02 869.967 89.60582888521199
C02 875.002 88.5543349128721
C02 899.999 81.45069068174345
C02 919.999 73.31971658953924
C02 925.012 70.52028389834791
C02 949.965 57.819149478160625
C02 975.002 43.127615399689404
C02 999.976 26.55800171107188
C02 1025.028 11.415119927559612
C02 1050.014 3.8695153859277687
C02 1075.002 0.9264414167229974
C02 1099.99 0.0919206662630172
C03 319.994 46.45434783654562
C03 324.969 52.38256824201922
C03 349.982 76.4351415049563
C03 374.975 79.85059280122779
C03 400.019 84.9520462247204
C03 424.965 86.5387850843745
C03 450.035 88.01150379425417
C03 475.003 90.19420005967423
C03 500.018 92.23256903014126
C03 525.002 94.02119684816665
C03 550.029 95.34407237778278
C03 575.023 96.66256542317963
C03 599.982 97.67894662971425
C03 619.997 97.67074080581398
C03 624.979 97.67943021417982
C03 650.012 97.88970634062598
C03 675.004 97.9755048032296
C03 700.03 97.48356339360642
C03 725.012 97.03342181622658
C03 750.022 97.28515019858145
C03 774.987 97.49505608067115
C03 799.976 96.67300026922591
C03 824.988 95.11552582574653
C03 850.022 92.82958427692569
C03 869.967 89.77254462971982
C03 875.002 88.73924552289726
C03 899.999 81.62552913407151
C03 919.999 73.26243449839014
C03 925.012 70.44640125921642
C03 949.965 58.01146119731131
C03 975.002 43.09306933442972
C03 999.976 26.643229695126266
C03 1025.028 11.375616177026847
C03 1050.014 3.841150134618743
C03 1075.002 0.9268289246441438
C03 1099.99 0.09195911444295712
C04 319.994 46.48127366846882
C04 324.969 52.410699257102735
C04 349.982 76.41257171122693
C04 374.975 79.7647867826169
C04 400.019 84.80669131277801
C04 424.965 86.37785724143906
C04 450.035 87.8374436106754
C04 475.003 90.01131445959867
C04 500.018 92.04471913328625
C04 525.002 93.82280632116351
C04 550.029 95.1384809758469
C04 575.023 96.44991671044923
C04 599.982 97.46119005606619
C04 619.997 97.44831461967019
C04 624.979 97.45581773489391
C04 650.012 97.66309412645204
C04 675.004 97.74820499239365
C04 700.03 97.27397486382225
C04 725.012 96.85355861906088
C04 750.022 97.15404591635905
C04 774.987 97.40860780144192
C04 799.976 96.61466033705835
C04 824.988 95.04922941791877
C04 850.022 92.77713047442508
C04 869.967 89.82045727184835
C04 875.002 88.78622122012374
C04 899.999 81.59234315012127
C04 919.999 73.12358530871123
C04 925.012 70.34643528297283
C04 949.965 58.04115252789704
C04 975.002 42.98552468288966
C04 999.976 26.512408763176662
C04 1025.028 11.24433338413258
C04 1050.014 3.8202372316095654
C04 1075.002 0.925579508947001
C04 1099.99 0.09183514856530126
C05 319.994 46.67551594747818
C05 324.969 52.62686906922311
C05 349.982 76.71424530166722
C05 374.975 80.04342966288407
C05 400.019 85.04188715121596
C05 424.965 86.58914587286002
C05 450.035 88.0395668052722
C05 475.003 90.20961431451451
C05 500.018 92.24326833644216
C05 525.002 94.0244308192802
C05 550.029 95.33814846807945
C05 575.023 96.65423114715568
C05 599.982 97.66564050090359
C05 619.997 97.64864704054291
C05 624.979 97.65475985042809
C05 650.012 97.86360033549207
C05 675.004 97.95071354336147
C05 700.03 97.48637422831258
C05 725.012 97.08845221720783
C05 750.022 97.42689333904656
C05 774.987 97.72030065752838
C05 799.976 96.93605510648548
C05 824.988 95.36281883183118
C05 850.022 93.1364337323491
C05 869.967 90.19327067077944
C05 875.002 89.12767718886505
C05 899.999 81.95744942163222
C05 919.999 73.48282056256977
C05 925.012 70.6926439802899
C05 949.965 58.20338378208735
C05 975.002 43.04853044954931
C05 999.976 26.498373479664004
C05 1025.028 11.265109570635131
C05 1050.014 3.864254751988023
C05 1075.002 0.9281785885031864
C05 1099.99 0.09209302685114064
C06 319.994 46.64962906655524
C06 324.969 52.59805045747761
C06 349.982 76.64810001398496
C06 374.975 79.93413957366356
C06 400.019 84.87573810725374
C06 424.965 86.40036658711023
C06 450.035 87.83845611565019
C06 475.003 89.99956486828658
C06 500.018 92.02360764896089
C06 525.002 93.79433528575264
C06 550.029 95.10344377011437
C06 575.023 96.41527241709497
C06 599.982 97.41975291217202
C06 619.997 97.40179228288018
C06 624.979 97.40931051011846
C06 650.012 97.61425965143599
C06 675.004 97.69808599614092
C06 700.03 97.23604370730352
C06 725.012 96.84576837556072
C06 750.022 97.1851464423015
C06 774.987 97.47527445362613
C06 799.976 96.6981844414723
C06 824.988 95.14538716649594
C06 850.022 92.95449263318288
C06 869.967 90.05217734693996
C06 875.002 88.99684492290453
C06 899.999 81.8929588995431
C06 919.999 73.45784040251979
C06 925.012 70.6467487921037
C06 949.965 58.13883281194004
C06 975.002 43.017860616021515
C06 999.976 26.48289310976007
C06 1025.028 11.303584759677635
C06 1050.014 3.8856859498711955
C06 1075.002 0.925875490152601
C06 1099.99 0.09186451554860851
C07 319.994 46.84844650796939
C07 324.969 52.81693665421323
C07 349.982 76.92174081743632
C07 374.975 80.16081979190298
C07 400.019 85.06971592600848
C07 424.965 86.57970086376672
C07 450.035 88.01389149255294
C07 475.003 90.17473578493474
C07 500.018 92.19772828059786
C07 525.002 93.96855414548418
C07 550.029 95.27420953452139
C07 575.023 96.58115700080258
C07 599.982 97.58508590734857
C07 619.997 97.56658880154023
C07 624.979 97.57270161142543
C07 650.012 97.77362340086557
C07 675.004 97.8565581367121
C07 700.03 97.37300389516378
C07 725.012 96.94738911739745
C07 750.022 97.23218258758618
C07 774.987 97.46916164374093
C07 799.976 96.67349896570603
C07 824.988 95.13647863391913
C07 850.022 92.95893556546037
C07 869.967 90.12383096392544
C07 875.002 89.10497138700474
C07 899.999 81.96194524596064
C07 919.999 73.71036972164578
C07 925.012 70.9082395358574
C07 949.965 58.26637065872881
C07 975.002 43.211124392088806
C07 999.976 26.580080364328403
C07 1025.028 11.401293378747917
C07 1050.014 3.9278633463530492
C07 1075.002 0.9263240550901648
C07 1099.99 0.09190902174962547
C10 319.994 45.495267611178285
C10 324.969 51.305202500770925
C10 349.982 75.16972941066386
C10 374.975 78.93264370146
C10 400.019 84.38642618816213
C10 424.965 86.12036362553363
C10 450.035 87.65916717503737
C10 475.003 89.87971903690341
C10 500.018 91.95448529441242
C10 525.002 93.76699009542568
C10 550.029 95.11665922683773
C10 575.023 96.46204410212503
C10 599.982 97.50073064213441
C10 619.997 97.50989607895856
C10 624.979 97.52064072130311
C10 650.012 97.7537662137478
C10 675.004 97.86133353330968
C10 700.03 97.42341001969295
C10 725.012 97.08867889742608
C10 750.022 97.49259282229961
C10 774.987 97.84694689545874
C10 799.976 97.0612808150482
C10 824.988 95.40735393870796
C10 850.022 93.10851428546928
C10 869.967 89.99621000105665
C10 875.002 88.90314287669163
C10 899.999 81.05619154193413
C10 919.999 72.716626312906
C10 925.012 69.96276390158808
C10 949.965 57.436362149627
C10 975.002 42.803485355628865
C10 999.976 26.119511496909556
C10 1025.028 11.281495716911113
C10 1050.014 3.8704315518098196
C10 1075.002 0.9288039743103375
C10 1099.99 0.09215507705639603
C11 319.994 45.670106063506346
C11 324.969 51.5005706248642
C11 349.982 75.5104297786777
C11 374.975 79.30077237588081
C11 400.019 84.66100393651554
C11 424.965 86.33714547424326
C11 450.035 87.84212833518566
C11 475.003 90.04463645167986
C11 500.018 92.1074415496731
C11 525.002 93.91528429419792
C11 550.029 95.26054827336883
C11 575.023 96.61070098924644
C11 599.982 97.65169966748186
C11 619.997 97.6601548396222
C11 624.979 97.67381610077476
C11 650.012 97.91078760092225
C11 675.004 98.02637184420252
C11 700.03 97.60039437808702
C11 725.012 97.29527524832947
C11 750.022 97.74219796661032
C11 774.987 98.13580549756124
C11 799.976 97.37331369146204
C11 824.988 95.72967809702985
C11 850.022 93.46982744132836
C11 869.967 90.34612869794556
C11 875.002 89.23293237020088
C11 899.999 81.45063023368526
C11 919.999 73.10168799962929
C11 925.012 70.31971724124968
C11 949.965 57.73103132132369
C11 975.002 43.00480383545093
C11 999.976 26.315695669788497
C11 1025.028 11.353696199923096
C11 1050.014 3.885044161503305
C11 1075.002 0.9311816059211797
C11 1099.99 0.09239098348053852
C12 319.994 45.755613619829894
C12 324.969 51.60060082716962
C12 349.982 75.63390249355271
C12 374.975 79.33999560964351
C12 400.019 84.58492249926712
C12 424.965 86.21633247392893
C12 450.035 87.70059676292425
C12 475.003 89.88829510516014
C12 500.018 91.93372138642168
C12 525.002 93.73630514988335
C12 550.029 95.07427758203423
C12 575.023 96.41970023735792
C12 599.982 97.46023799914958
C12 619.997 97.46496050369623
C12 624.979 97.48204463614421
C12 650.012 97.71467898811605
C12 675.004 97.82874447393412
C12 700.03 97.41132796406079
C12 725.012 97.13671999167829
C12 750.022 97.62087871380858
C12 774.987 98.05442729921329
C12 799.976 97.31412748647972
C12 824.988 95.69504135968288
C12 850.022 93.46793088350243
C12 869.967 90.34433036821419
C12 875.002 89.2438356886982
C12 899.999 81.57661909898273
C12 919.999 73.2530272693332
C12 925.012 70.46001718432534
C12 949.965 57.923539496663516
C12 975.002 43.18354496553634
C12 999.976 26.45218927419954
C12 1025.028 11.38070703692814
C12 1050.014 3.8933869380354253
C12 1075.002 0.9300254773704144
C12 1099.99 0.09227627346784505
C13 319.994 45.96724982758548
C13 324.969 51.83664293842232
C13 349.982 75.8906027286943
C13 374.975 79.48944587752875
C13 400.019 84.65609253178702
C13 424.965 86.25942438341625
C13 450.035 87.73230176944867
C13 475.003 89.91478646666505
C13 500.018 91.96108168876319
C13 525.002 93.75857270332173
C13 550.029 95.09136927048948
C13 575.023 96.42875989008022
C13 599.982 97.46149229635716
C13 619.997 97.46575388446007
C13 624.979 97.4775790358449
C13 650.012 97.70604247180113
C13 675.004 97.81617127782911
C13 700.03 97.4108443795952
C13 725.012 97.16256153655758
C13 750.022 97.68264151727155
C13 774.987 98.15214158528903
C13 799.976 97.43101136301124
C13 824.988 95.81670818881923
C13 850.022 93.59957164224133
C13 869.967 90.49192941431716
C13 875.002 89.40268562963311
C13 899.999 81.78085797561644
C13 919.999 73.44279639203597
C13 925.012 70.6428423363427
C13 949.965 58.09955668612642
C13 975.002 43.3309815574829
C13 999.976 26.528297157473425
C13 1025.028 11.396050454200221
C13 1050.014 3.9142179055907182
C13 1075.002 0.9306135863831934
C13 1099.99 0.09233462510380834
C14 319.994 46.079781443926805
C14 324.969 51.96146440059586
C14 349.982 75.98283135348865
C14 374.975 79.48103604143206
C14 400.019 84.57072476159806
C14 424.965 86.14847197259532
C14 450.035 87.61085406452327
C14 475.003 89.78377285652994
C14 500.018 91.81908164405074
C14 525.002 93.60966646796027
C14 550.029 94.9372796141376
C14 575.023 96.26461318804577
C14 599.982 97.29119500440117
C14 619.997 97.28785524918578
C14 624.979 97.30159207041109
C14 650.012 97.52175145437248
C14 675.004 97.63330834577538
C14 700.03 97.2316687790915
C14 725.012 97.00657532237976
C14 750.022 97.5642464392851
C14 774.987 98.06248200296807
C14 799.976 97.35492992576282
C14 824.988 95.7490668116966
C14 850.022 93.52741932877572
C14 869.967 90.41386830316277
C14 875.002 89.32097496696507
C14 899.999 81.86996596940635
C14 919.999 73.41165053004987
C14 925.012 70.55265383351251
C14 949.965 57.99191758449543
C14 975.002 43.28230575861962
C14 999.976 26.617522269376096
C14 1025.028 11.416487564876324
C14 1050.014 3.91186822345353
C14 1075.002 0.9294853672846457
C14 1099.99 0.09222268424132403
C15 319.994 46.21588024695775
C15 324.969 52.11451132794384
C15 349.982 76.17252491611866
C15 374.975 79.58845979685573
C15 400.019 84.58551942384182
C15 424.965 86.12145924658846
C15 450.035 87.5646793040679
C15 475.003 89.72436752733667
C15 500.018 91.75375240515413
C15 525.002 93.53532291238501
C15 550.029 94.85849312628486
C15 575.023 96.17956277016235
C15 599.982 97.20074959732365
C15 619.997 97.19660134932987
C15 624.979 97.20577434216129
C15 650.012 97.42381804408578
C15 675.004 97.53392418209194
C15 700.03 97.1417825165523
C15 725.012 96.93510304956887
C15 750.022 97.51063656767148
C15 774.987 98.02416549007833
C15 799.976 97.33012355388016
C15 824.988 95.72608143756712
C15 850.022 93.47967291880722
C15 869.967 90.41587064509055
C15 875.002 89.34139129862118
C15 899.999 82.03098448442908
C15 919.999 73.27833989370328
C15 925.012 70.4029239933581
C15 949.965 58.06556598740142
C15 975.002 43.216613831373834
C15 999.976 26.6555724330094
C15 1025.028 11.398916069959132
C15 1050.014 3.879036427344279
C15 1075.002 0.9289744904071173
C15 1099.99 0.09217199550686861
C16 319.994 46.27531202217649
C16 324.969 52.18449884532526
C16 349.982 76.2608244171302
C16 374.975 79.6298667167208
C16 400.019 84.56593425298593
C16 424.965 86.07811798886108
C16 450.035 87.50562155120926
C16 475.003 89.65835824778534
C16 500.018 91.68221212827778
C16 525.002 93.45906013096199
C16 550.029 94.77632910318034
C16 575.023 96.09822990785804
C16 599.982 97.11680235650232
C16 619.997 97.10977526973689
C16 624.979 97.12130573683801
C16 650.012 97.33851072195502
C16 675.004 97.4455113409713
C16 700.03 97.05530401329396
C16 725.012 96.84630485207722
C16 750.022 97.41322452188672
C16 774.987 97.92040639818286
C16 799.976 97.22354607127126
C16 824.988 95.62518607242876
C16 850.022 93.39710842731716
C16 869.967 90.42483962572555
C16 875.002 89.35512811984648
C16 899.999 82.076403644157
C16 919.999 73.123441744573
C16 925.012 70.28280614571302
C16 949.965 58.16021253452365
C16 975.002 43.196647082150584
C16 999.976 26.641344471311243
C16 1025.028 11.328937053085895
C16 1050.014 3.8853964603424855
C16 1075.002 0.9280465125185398
C16 1099.99 0.0920799223932797
C17 319.994 46.556471052866115
C17 324.969 52.49528120253513
C17 349.982 76.59284293278547
C17 374.975 79.87315503894989
C17 400.019 84.78304101000838
C17 424.965 86.29434824903966
C17 450.035 87.72702012036369
C17 475.003 89.88552960649761
C17 500.018 91.91433267175493
C17 525.002 93.69313012431601
C17 550.029 95.00969638785782
C17 575.023 96.3246003297992
C17 599.982 97.34103442838475
C17 619.997 97.32518192512254
C17 624.979 97.33612302365623
C17 650.012 97.54782723547729
C17 675.004 97.646146002135
C17 700.03 97.23898299413337
C17 725.012 96.99171265607053
C17 750.022 97.50583850305208
C17 774.987 97.95542093589359
C17 799.976 97.23900566215518
C17 824.988 95.64901016336572
C17 850.022 93.46280791057022
C17 869.967 90.53756014224875
C17 875.002 89.46833977684251
C17 899.999 82.21387008450465
C17 919.999 73.31542477740724
C17 925.012 70.5071742257264
C17 949.965 58.28141466921263
C17 975.002 43.237948217913804
C17 999.976 26.66215560434744
C17 1025.028 11.393079054339466
C17 1050.014 3.9584403826665002
C17 1075.002 0.9289293082975828
C17 1099.99 0.09216751257946854
