lsstCam/transmission_filter_detector/r01_s12/u_24/19700101T000000.ecsv
# %ECSV 1.0
# ---
# datatype:
# - {name: wavelength, unit: nm, datatype: float32}
# - {name: efficiency, unit: '%', datatype: float64}
# meta: !!omap
# - {MODE: DETECTOR}
# - {TYPE: transmission_filter_detector}
# - {CALIBDATE: '1970-01-01T00:00:00'}
# - {INSTRUME: LSSTCam}
# - {OBSTYPE: transmission_filter_detector}
# - {CALIBCLS: lsst.ip.isr.IntermediateFilterDetectorTransmissionCurve}
# - {SOURCE: Materion (DM-46256)}
# - {DETECTOR: 5}
# - {FILTER: u_24}
# - {CALIB_ID: 'calibDate=1970-01-01T00:00:00 filter=u_24 detector=5'}
# - {DATE: '2025-04-02T15:59:39.769123'}
# - {CALIB_CREATION_DATE: '2025-04-02'}
# - {CALIB_CREATION_TIME: '15:59:39'}
# - __serialized_columns__:
#     efficiency:
#       __class__: astropy.units.quantity.Quantity
#       unit: !astropy.units.Unit {unit: '%'}
#       value: !astropy.table.SerializedColumn {name: efficiency}
#     wavelength:
#       __class__: astropy.units.quantity.Quantity
#       unit: !astropy.units.Unit {unit: nm}
#       value: !astropy.table.SerializedColumn {name: wavelength}
# schema: astropy-2.0
wavelength efficiency
295.0 1.654725076578878e-10
296.0 1.654725076578878e-10
297.0 1.654725076578878e-10
298.0 1.654725076578878e-10
299.0 1.654725076578878e-10
300.0 1.654725076578878e-10
301.0 1.654725076578878e-10
302.0 1.654725076578878e-10
303.0 1.654725076578878e-10
304.0 0.24554312694817781
305.0 1.0570046491920948
306.0 2.1779168397188187
307.0 4.160403460264206
308.0 6.84652104973793
309.0 10.242120176553726
310.0 13.857680559158325
311.0 17.687717080116272
312.0 21.528831124305725
313.0 24.534691870212555
314.0 27.30189561843872
315.0 29.540783166885376
316.0 31.90350830554962
317.0 34.90750789642334
318.0 38.046130537986755
319.0 42.480260133743286
320.0 48.73427450656891
321.0 54.22205924987793
322.0 60.23090481758118
323.0 65.32844305038452
324.0 69.21044588088989
325.0 71.87779545783997
326.0 74.06458258628845
327.0 75.80698728561401
328.0 77.45720148086548
329.0 78.77795100212097
330.0 79.9869954586029
331.0 80.40545582771301
332.0 80.67031502723694
333.0 80.64725995063782
334.0 80.65125942230225
335.0 81.03893995285034
336.0 81.42154812812805
337.0 81.9920301437378
338.0 82.85636901855469
339.0 83.40456485748291
340.0 83.76978039741516
341.0 84.19853448867798
342.0 84.48711037635803
343.0 84.53251123428345
344.0 84.64900851249695
345.0 85.13209819793701
346.0 85.47120690345764
347.0 85.86561679840088
348.0 86.06446385383606
349.0 86.281818151474
350.0 86.32291555404663
351.0 86.51262521743774
352.0 86.45122647285461
353.0 86.35041117668152
354.0 86.27826571464539
355.0 86.52873039245605
356.0 86.66605353355408
357.0 86.52982711791992
358.0 86.22521162033081
359.0 86.02433800697327
360.0 85.75906753540039
361.0 85.52018404006958
362.0 85.39790511131287
363.0 85.51244139671326
364.0 85.63700914382935
365.0 86.05237007141113
366.0 86.31172776222229
367.0 86.40323281288147
368.0 86.41764521598816
369.0 86.5962564945221
370.0 86.41799092292786
371.0 86.33683919906616
372.0 86.35589480400085
373.0 86.54386401176453
374.0 86.60539388656616
375.0 86.90568208694458
376.0 87.06580400466919
377.0 87.17479705810547
378.0 87.22195625305176
379.0 86.79947853088379
380.0 85.9456717967987
381.0 84.4700038433075
382.0 82.54788517951965
383.0 80.497145652771
384.0 78.4524917602539
385.0 76.01242661476135
386.0 73.29274415969849
387.0 69.79321837425232
388.0 66.1039412021637
389.0 61.63156032562256
390.0 57.42186903953552
391.0 53.120529651641846
392.0 48.85110259056091
393.0 45.329177379608154
394.0 41.95323586463928
395.0 37.99382746219635
396.0 33.55766832828522
397.0 27.51443386077881
398.0 20.822469890117645
399.0 13.864728808403015
400.0 8.032888919115067
401.0 3.914307802915573
402.0 1.4135725796222687
403.0 0.442760344594717
404.0 0.16096944455057383
405.0 0.05405796691775322
406.0 0.022623586119152606
407.0 0.0037903580960119143
408.0 1.654725076578878e-10
409.0 1.654725076578878e-10
410.0 1.654725076578878e-10
411.0 1.654725076578878e-10
412.0 1.654725076578878e-10
413.0 1.654725076578878e-10
414.0 1.654725076578878e-10
415.0 1.654725076578878e-10
416.0 1.654725076578878e-10
417.0 1.654725076578878e-10
418.0 1.654725076578878e-10
419.0 1.654725076578878e-10
420.0 1.654725076578878e-10
421.0 1.654725076578878e-10
422.0 1.654725076578878e-10
423.0 1.654725076578878e-10
424.0 1.654725076578878e-10
425.0 1.654725076578878e-10
426.0 1.654725076578878e-10
427.0 1.654725076578878e-10
428.0 1.654725076578878e-10
429.0 0.0010241718882753048
430.0 0.002295976082677953
431.0 0.0009956262147170492
432.0 1.654725076578878e-10
433.0 1.654725076578878e-10
434.0 1.654725076578878e-10
435.0 0.0003178266752001946
436.0 0.0019641716789919883
437.0 1.654725076578878e-10
438.0 1.654725076578878e-10
439.0 0.00010130976306754746
440.0 0.00242620226345025
441.0 0.00021953742361802142
442.0 1.654725076578878e-10
443.0 1.654725076578878e-10
444.0 1.654725076578878e-10
445.0 1.654725076578878e-10
446.0 1.654725076578878e-10
447.0 1.654725076578878e-10
448.0 1.654725076578878e-10
449.0 0.0001524682147646672
450.0 0.0010828491213032976
451.0 1.654725076578878e-10
452.0 1.654725076578878e-10
453.0 1.654725076578878e-10
454.0 1.654725076578878e-10
455.0 1.654725076578878e-10
456.0 1.654725076578878e-10
457.0 1.654725076578878e-10
458.0 1.654725076578878e-10
459.0 1.654725076578878e-10
460.0 1.654725076578878e-10
461.0 1.654725076578878e-10
462.0 1.654725076578878e-10
463.0 1.654725076578878e-10
464.0 1.654725076578878e-10
465.0 1.654725076578878e-10
466.0 1.654725076578878e-10
467.0 1.654725076578878e-10
468.0 1.654725076578878e-10
469.0 1.654725076578878e-10
470.0 0.00048235347094305325
471.0 0.00027650833089865046
472.0 7.066306579872617e-05
473.0 1.654725076578878e-10
474.0 1.654725076578878e-10
475.0 7.131603183552215e-05
476.0 0.0007225346053019166
477.0 0.0006192055934661767
478.0 0.0005158765816304367
479.0 0.00022956721750233555
480.0 1.654725076578878e-10
481.0 0.00033516105304443045
482.0 0.0007270639343914809
483.0 0.00041045241232495755
484.0 9.3840901627118e-05
485.0 1.654725076578878e-10
486.0 1.654725076578878e-10
487.0 1.654725076578878e-10
488.0 1.654725076578878e-10
489.0 1.654725076578878e-10
490.0 1.654725076578878e-10
491.0 1.654725076578878e-10
492.0 1.654725076578878e-10
493.0 1.654725076578878e-10
494.0 1.654725076578878e-10
495.0 1.654725076578878e-10
496.0 0.0005404634066508152
497.0 0.00035497462249622913
498.0 0.00016948546317507862
499.0 0.00027609619337454205
500.0 0.000382707048629527
501.0 1.654725076578878e-10
502.0 1.654725076578878e-10
503.0 1.654725076578878e-10
504.0 1.654725076578878e-10
505.0 1.654725076578878e-10
506.0 1.654725076578878e-10
507.0 1.654725076578878e-10
508.0 1.654725076578878e-10
509.0 1.654725076578878e-10
510.0 1.654725076578878e-10
511.0 9.744064755068393e-05
512.0 0.0004089421963726636
513.0 0.00033801070458139293
514.0 0.0002670789854164468
515.0 0.0005711674930353183
516.0 0.0008752559551794548
517.0 0.00011856209312099963
518.0 1.654725076578878e-10
519.0 1.654725076578878e-10
520.0 0.00026489285573916277
521.0 0.00039158608160505537
522.0 0.0005182791028346401
523.0 0.0001618685814719356
524.0 1.654725076578878e-10
525.0 1.654725076578878e-10
526.0 1.654725076578878e-10
527.0 1.654725076578878e-10
528.0 1.654725076578878e-10
529.0 1.654725076578878e-10
530.0 1.654725076578878e-10
531.0 9.034030057364362e-06
532.0 0.00035005950849154033
533.0 1.654725076578878e-10
534.0 1.654725076578878e-10
535.0 1.654725076578878e-10
536.0 1.654725076578878e-10
537.0 1.654725076578878e-10
538.0 1.654725076578878e-10
539.0 1.654725076578878e-10
540.0 1.654725076578878e-10
541.0 1.654725076578878e-10
542.0 1.654725076578878e-10
543.0 1.654725076578878e-10
544.0 1.654725076578878e-10
545.0 1.654725076578878e-10
546.0 1.654725076578878e-10
547.0 1.654725076578878e-10
548.0 1.654725076578878e-10
549.0 1.654725076578878e-10
550.0 1.654725076578878e-10
551.0 1.654725076578878e-10
552.0 1.654725076578878e-10
553.0 1.654725076578878e-10
554.0 1.654725076578878e-10
555.0 1.654725076578878e-10
556.0 1.654725076578878e-10
557.0 1.654725076578878e-10
558.0 1.654725076578878e-10
559.0 1.654725076578878e-10
560.0 1.654725076578878e-10
561.0 1.654725076578878e-10
562.0 1.654725076578878e-10
563.0 1.654725076578878e-10
564.0 1.654725076578878e-10
565.0 1.654725076578878e-10
566.0 1.654725076578878e-10
567.0 1.654725076578878e-10
568.0 1.654725076578878e-10
569.0 0.00018932176999442163
570.0 0.00045720857997366693
571.0 0.0006039347681507934
572.0 0.0007506611382268602
573.0 0.0006552902505063685
574.0 0.0005599196811090223
575.0 0.0002442774530209135
576.0 1.654725076578878e-10
577.0 0.00012976422567589907
578.0 0.0003308930445200531
579.0 0.0005127909389557317
580.0 0.0006946888333914103
581.0 0.0009082910764846019
582.0 0.001121893546951469
583.0 0.0013274561752041336
584.0 0.001533019167254679
585.0 0.001279184562008595
586.0 0.0010253494110656902
587.0 0.0009373363354825415
588.0 0.0008493231689499225
589.0 0.0009791424417926464
590.0 0.0011089616236859001
591.0 0.0010419880709378049
592.0 0.0009750144272402395
593.0 0.0006830589882156346
594.0 0.0003911032763426192
595.0 0.0007414652827719692
596.0 0.0010918269254034385
597.0 0.0012482934835134074
598.0 0.0014047600416233763
599.0 0.0019698803953360766
600.0 0.0025350005671498366
601.0 0.002501261951692868
602.0 0.00246752351813484
603.0 0.00204889292945154
604.0 0.0016302623407682404
605.0 0.0012426269677234814
606.0 0.0008549915946787223
607.0 0.000908431684365496
608.0 0.0009618717740522698
609.0 0.0006538941306644119
610.0 0.0003459165782260243
611.0 0.0005373502517613815
612.0 0.0007287839707714738
613.0 0.0006838030003564199
614.0 0.000638822029941366
615.0 0.0006834818577772239
616.0 0.000728141776562552
617.0 0.0006934013981663156
618.0 0.0006586612471437547
619.0 0.0004399294084578287
620.0 0.0002211977061961079
621.0 0.0004911981250188546
622.0 0.0007611984983668663
623.0 0.0007245600045280298
624.0 0.0006879213742649881
625.0 0.0007968984391482081
626.0 0.000905875458556693
627.0 0.0008258682100859005
628.0 0.000745860961615108
629.0 0.0009578924618836027
630.0 0.0011699239621520974
631.0 0.0016938176486291923
632.0 0.002217710789409466
633.0 0.002335317367396783
634.0 0.0024529239453841
635.0 0.0024755167032708414
636.0 0.0024981094611575827
637.0 0.0021667130567948334
638.0 0.0018353164705331437
639.0 0.0012659794265346136
640.0 0.0006966422461118782
641.0 0.0008130019523377996
642.0 0.0009293616130889859
643.0 0.0007745683433313388
644.0 0.0006197749826242216
645.0 0.0005556496489589335
646.0 0.0004915242698189104
647.0 0.00013795614677292178
648.0 1.654725076578878e-10
649.0 8.556042097040972e-07
650.0 0.00021732312234234996
651.0 0.0006602841494895983
652.0 0.001103245358535787
653.0 0.0014120313608145807
654.0 0.0017208170902449638
655.0 0.001912595507747028
656.0 0.0021043739252490923
657.0 0.0029735998396063223
658.0 0.0038428257539635524
659.0 0.0042460298573132604
660.0 0.004649233596865088
661.0 0.004278304913896136
662.0 0.003907376230927184
663.0 0.002941445382020902
664.0 0.0019755145331146196
665.0 0.0016699072148185223
666.0 0.0013642994417750742
667.0 0.0013746733202424366
668.0 0.0013850470168108586
669.0 0.0008820432412903756
670.0 0.0003790396021940978
671.0 0.00041521680032019503
672.0 0.0004513938165473519
673.0 0.0006621261945838341
674.0 0.0008728586180950515
675.0 0.0010794299669214524
676.0 0.0012860014066973235
677.0 0.0018808372260536999
678.0 0.0024756733182584867
679.0 0.0027538631911738776
680.0 0.0030320527002913877
681.0 0.00416757284256164
682.0 0.005303093712427653
683.0 0.0070016205427236855
684.0 0.00870014846441336
685.0 0.008820530638331547
686.0 0.00894091499503702
687.0 0.007818017184035853
688.0 0.006695119373034686
689.0 0.005426571442512795
690.0 0.004158024603384547
691.0 0.0036949564673705027
692.0 0.0032318879675585777
693.0 0.0029516500944737345
694.0 0.002671412039489951
695.0 0.0022845577404950745
696.0 0.0018977038052980788
697.0 0.0014333659237308893
698.0 0.0009690280421636999
699.0 0.0008022729161893949
700.0 0.000635517835689825
701.0 0.0005398607299866853
702.0 0.0004442037607077509
703.0 0.0006877543910377426
704.0 0.0009313052942161448
705.0 0.0009988665624405257
706.0 0.0010664279216143768
707.0 0.0009715191481518559
708.0 0.0008766100108914543
709.0 0.000661938884150004
710.0 0.00044726766645908356
711.0 0.0005400937880040146
712.0 0.0006329199095489457
713.0 0.0008569600140617695
714.0 0.0010810001185745932
715.0 0.0008017557775019668
716.0 0.0005225113454798702
717.0 0.000584134704695316
718.0 0.0006457580639107618
719.0 0.00046644800022477284
720.0 0.0002871379820135189
721.0 0.00033132573662442155
722.0 0.00037551346849795664
723.0 0.00025894980808516266
724.0 0.00014238614767236868
725.0 8.919200240598002e-05
726.0 3.599774629492458e-05
727.0 0.0003221405677322764
728.0 0.0006082834715925856
729.0 0.00040269574128615204
730.0 0.00019710823835339397
731.0 0.0002119680857504136
732.0 0.00022682793314743321
733.0 0.0002096895968861645
734.0 0.00019255121515016071
735.0 0.0003844168077193899
736.0 0.000576282354813884
737.0 0.0006143992322904523
738.0 0.0006525160642922856
739.0 0.000737892696633935
740.0 0.0008232692380261142
741.0 0.0012242357115610503
742.0 0.0016252022760454565
743.0 0.0024411561753368005
744.0 0.003257109710830264
745.0 0.003765125075005926
746.0 0.004273139711585827
747.0 0.004326010821387172
748.0 0.004378881203592755
749.0 0.003782985731959343
750.0 0.0031870906241238117
751.0 0.0027310321456752717
752.0 0.002274973849125672
753.0 0.0020237084754626267
754.0 0.0017724427380017005
755.0 0.002052539821306709
756.0 0.0023326370865106583
757.0 0.0020467898139031604
758.0 0.0017609423593967222
759.0 0.0014595138054573908
760.0 0.0011580852515180595
761.0 0.0011991412975476123
762.0 0.001240197252627695
763.0 0.0009269904694519937
764.0 0.0006137836408015573
765.0 0.0008283150236820802
766.0 0.0010428465429868083
767.0 0.0008341591637872625
768.0 0.0006254717845877167
769.0 0.0006910188858455513
770.0 0.0007565658052044455
771.0 0.0005646370027534431
772.0 0.0003727081548277056
773.0 0.0003928215846826788
774.0 0.0004129350600123871
775.0 0.00043825939428643323
776.0 0.0004635836376110092
777.0 0.0005428395979834022
778.0 0.0006220952855073847
779.0 0.0008385989531234372
780.0 0.0010551024388405494
781.0 0.0011559914128156379
782.0 0.0012568803867907263
783.0 0.0011139167327200994
784.0 0.0009709528967505321
785.0 0.0011322247701173183
786.0 0.001293496370635694
787.0 0.0009230732757714577
788.0 0.0005526502718566917
789.0 0.0007410153102682671
790.0 0.0009293805305787828
791.0 0.0008715015610505361
792.0 0.0008136224096233491
793.0 0.00024957905679912074
794.0 1.654725076578878e-10
795.0 2.266852163756994e-05
796.0 0.0003598013790906407
797.0 0.00042372644202259835
798.0 0.0004876514594798209
799.0 0.00035336604469193844
800.0 0.00021908047074248316
801.0 0.00011568879472179106
802.0 1.229713575412461e-05
803.0 1.654725076578878e-10
804.0 1.654725076578878e-10
805.0 7.817367873030889e-05
806.0 0.0003114003447990399
807.0 9.036730261868797e-05
808.0 1.654725076578878e-10
809.0 2.3212771793623688e-05
810.0 0.00017709143094180035
811.0 1.530165150143148e-05
812.0 1.654725076578878e-10
813.0 0.00011179400871696998
814.0 0.0003700760998981423
815.0 0.00037975380564603256
816.0 0.0003894314886565553
817.0 0.00032653570087859407
818.0 0.0002636398903632653
819.0 0.00014711453104609973
820.0 3.058914899156662e-05
821.0 1.654725076578878e-10
822.0 1.654725076578878e-10
823.0 1.654725076578878e-10
824.0 3.290769257091597e-05
825.0 1.654725076578878e-10
826.0 1.654725076578878e-10
827.0 0.00013563286529461038
828.0 0.0006349229806801304
829.0 0.0005801824045192916
830.0 0.0005254421466815984
831.0 0.0001886826225927507
832.0 1.654725076578878e-10
833.0 1.654725076578878e-10
834.0 1.654725076578878e-10
835.0 1.654725076578878e-10
836.0 1.654725076578878e-10
837.0 1.654725076578878e-10
838.0 1.654725076578878e-10
839.0 1.654725076578878e-10
840.0 1.654725076578878e-10
841.0 1.654725076578878e-10
842.0 0.00010694627690099878
843.0 1.654725076578878e-10
844.0 1.654725076578878e-10
845.0 5.147507309288812e-06
846.0 0.00022814745079813292
847.0 0.00023828329176467378
848.0 0.0002484191099938471
849.0 0.0003654589363577543
850.0 0.0004824987627216615
851.0 0.00034445956771378405
852.0 0.00020642034996853909
853.0 0.0003344484866829589
854.0 0.0004624765551852761
855.0 0.00045546730689238757
856.0 0.00044845801312476397
857.0 0.0006525438493554248
858.0 0.0008566297765355557
859.0 0.0009311139365308918
860.0 0.0010055983693746384
861.0 0.0011119331247755326
862.0 0.0012182678801764268
863.0 0.0013469431905832607
864.0 0.001475618137192214
865.0 0.0019382719983696006
866.0 0.002400925768597517
867.0 0.002153374589397572
868.0 0.0019058235920965672
869.0 0.0019148472347296774
870.0 0.0019238706954638474
871.0 0.0019388480723137036
872.0 0.001953825085365679
873.0 0.0019974530005129054
874.0 0.0020410807337611914
875.0 0.0021839221517439
876.0 0.00232676429732237
877.0 0.0026150137273361906
878.0 0.002903263521147892
879.0 0.0029216744223958813
880.0 0.0029400856874417514
