lsstCam/transmission_filter_detector/r01_s12/u_24/19700101T000000.ecsv
# %ECSV 1.0
# ---
# datatype:
# - {name: wavelength, unit: nm, datatype: float32}
# - {name: efficiency, unit: '%', datatype: float64}
# meta: !!omap
# - {MODE: DETECTOR}
# - {TYPE: transmission_filter_detector}
# - {CALIBDATE: '1970-01-01T00:00:00'}
# - {INSTRUME: LSSTCam}
# - {OBSTYPE: transmission_filter_detector}
# - {CALIBCLS: lsst.ip.isr.IntermediateFilterDetectorTransmissionCurve}
# - {SOURCE: Materion (DM-46256)}
# - {DETECTOR: 5}
# - {FILTER: u_24}
# - {CALIB_ID: 'calibDate=1970-01-01T00:00:00 filter=u_24 detector=5'}
# - {DATE: '2025-04-02T15:59:39.769123'}
# - {CALIB_CREATION_DATE: '2025-04-02'}
# - {CALIB_CREATION_TIME: '15:59:39'}
# - __serialized_columns__:
#     efficiency:
#       __class__: astropy.units.quantity.Quantity
#       unit: !astropy.units.Unit {unit: '%'}
#       value: !astropy.table.SerializedColumn {name: efficiency}
#     wavelength:
#       __class__: astropy.units.quantity.Quantity
#       unit: !astropy.units.Unit {unit: nm}
#       value: !astropy.table.SerializedColumn {name: wavelength}
# schema: astropy-2.0
wavelength efficiency
[from data line 587]
882.0 0.003339330942253582
883.0 0.0028731281418004073
884.0 0.002406925705145113
885.0 0.0025380286388099194
886.0 0.002669131754373666
887.0 0.0023687183784204535
888.0 0.002068305366265122
889.0 0.0021378440578700975
890.0 0.002207382749475073
891.0 0.00237261010624934
892.0 0.0025378374630236067
893.0 0.0025814006221480668
894.0 0.002624963417474646
895.0 0.003072057370445691
896.0 0.0035191511415177956
897.0 0.0040387392800766975
898.0 0.004558327418635599
899.0 0.00466520432382822
900.0 0.004772081229020841
901.0 0.004687795080826618
902.0 0.0046035096602281556
903.0 0.004959852230967954
904.0 0.005316195165505633
905.0 0.005373071689973585
906.0 0.005429947850643657
907.0 0.005733161742682569
908.0 0.00603637563472148
909.0 0.005956499808235094
910.0 0.005876623617950827
911.0 0.005822256935061887
912.0 0.005767890615970828
913.0 0.005668508310918696
914.0 0.0055691263696644455
915.0 0.004998500662622973
916.0 0.004427875319379382
917.0 0.0040983297367347404
918.0 0.003768784154090099
919.0 0.004101427475688979
920.0 0.004434070433489978
921.0 0.004763718243339099
922.0 0.0050933664169861
923.0 0.0061294274928513914
924.0 0.0071654860221315175
925.0 0.007366680802078918
926.0 0.007567876309622079
927.0 0.008207459177356213
928.0 0.008847039134707302
929.0 0.008620698645245284
930.0 0.00839436033857055
931.0 0.00770227998145856
932.0 0.007010198896750808
933.0 0.006703617691528052
934.0 0.006397035758709535
935.0 0.006376984674716368
936.0 0.006356933590723202
937.0 0.0066859669459518045
938.0 0.007015002483967692
939.0 0.006932253745617345
940.0 0.006849505007266998
941.0 0.006032140663592145
942.0 0.0052147748647257686
943.0 0.004284397800802253
944.0 0.0033540211006766185
945.0 0.002558745109126903
946.0 0.0017634691175771877
947.0 0.0016431820768048055
948.0 0.0015228951269818936
949.0 0.001437871833331883
950.0 0.001352848357782932
951.0 0.00118273983389372
952.0 0.0010126311281055678
953.0 0.0013454758118314203
954.0 0.0016783207684056833
955.0 0.0024124765332089737
956.0 0.003146632298012264
957.0 0.0031319210393121466
958.0 0.0031172094168141484
959.0 0.003455547266639769
960.0 0.003793884752667509
961.0 0.004269595592631958
962.0 0.004745306068798527
963.0 0.004891123899142258
964.0 0.005036942093283869
965.0 0.005135313767823391
966.0 0.005233685806160793
967.0 0.0050012349674943835
968.0 0.004768784856423736
969.0 0.004726056067738682
970.0 0.004683326915255748
971.0 0.0048024692659964785
972.0 0.004921611616737209
973.0 0.004656739110941999
974.0 0.004391866241348907
975.0 0.0042575793486321345
976.0 0.0041232913645217195
977.0 0.003954067869926803
978.0 0.003784844739129767
979.0 0.0034265311114722863
980.0 0.0030682174838148057
981.0 0.003073453626711853
982.0 0.0030786894058110192
983.0 0.0031294221116695553
984.0 0.0031801544537302107
985.0 0.003730239041033201
986.0 0.004280324719729833
987.0 0.0048504713049624115
988.0 0.00542061789019499
989.0 0.006639078492298722
990.0 0.007857539458200336
991.0 0.008118408732116222
992.0 0.008379279461223632
993.0 0.00892678726813756
994.0 0.00947429725783877
995.0 0.00875420737429522
996.0 0.008034113852772862
997.0 0.007321147131733596
998.0 0.006608182593481615
999.0 0.006168965774122626
1000.0 0.005729749682359397
1001.0 0.005400643931352533
1002.0 0.0050715392717393115
1003.0 0.004616696242010221
1004.0 0.0041618528484832495
1005.0 0.004528643694357015
1006.0 0.004895433812635019
1007.0 0.004662074206862599
1008.0 0.004428712054505013
1009.0 0.004168954910710454
1010.0 0.003909198130713776
1011.0 0.0038399910408770666
1012.0 0.0037707839510403574
1013.0 0.0034065615182043985
1014.0 0.0030423390853684396
1015.0 0.002651754221005831
1016.0 0.0022611695385421626
1017.0 0.0021666433895006776
1018.0 0.002072117058560252
1019.0 0.0017626314729568549
1020.0 0.0014531457964039873
1021.0 0.0013051446330791805
1022.0 0.0011571431969059631
1023.0 0.0012629551747522783
1024.0 0.0013687671525985934
1025.0 0.0014814691894571297
1026.0 0.0015941714082146063
1027.0 0.0014875568012939766
1028.0 0.0013809421034238767
1029.0 0.00159159808390541
1030.0 0.0018022545191342942
1031.0 0.0022675283616990782
1032.0 0.0027328023861628026
1033.0 0.002606479392852634
1034.0 0.002480156399542466
1035.0 0.0025811901650740765
1036.0 0.002682223384908866
1037.0 0.0028616244890145026
1038.0 0.0030410254112211987
1039.0 0.00270454547717236
1040.0 0.0023680659069214016
1041.0 0.001999864252866246
1042.0 0.0016316627807100303
1043.0 0.001767460889823269
1044.0 0.0019032593627343886
1045.0 0.0017333011783193797
1046.0 0.0015633433577022515
1047.0 0.0016544827303732745
1048.0 0.001745622284943238
1049.0 0.0015193058970908169
1050.0 0.001292989054491045
1051.0 0.0013607146684080362
1052.0 0.0014284398275776766
1053.0 0.0012107984730391763
1054.0 0.0009931570275512058
1055.0 0.0006852668775536586
1056.0 0.0003773771368287271
1057.0 0.0011910831744899042
1058.0 0.002004789166676346
1059.0 0.0011506713235576171
1060.0 0.00029655377602466615
1061.0 0.0014372451005328912
1062.0 0.0025779361749300733
1063.0 0.0020395915271365084
1064.0 0.0015012465155450627
1065.0 0.0012315770618442912
1066.0 0.0009619076990929898
1067.0 0.0006806549663451733
1068.0 0.0003994016424258007
1069.0 0.0019813634935417213
1070.0 0.003563324935385026
1071.0 0.002127592233591713
1072.0 0.0006918598501215456
1073.0 0.0015716332200099714
1074.0 0.002451405998726841
1075.0 0.0036321980587672442
1076.0 0.004812989573110826
1077.0 0.005459272142616101
1078.0 0.006105555075919256
1079.0 0.007032268331386149
1080.0 0.007958979404065758
1081.0 0.005878490628674626
1082.0 0.0037980018532834947
1083.0 0.0031456034776056185
1084.0 0.0024932047381298617
1085.0 0.002849139491445385
1086.0 0.0032050735171651468
1087.0 0.003389672565390356
1088.0 0.0035742719774134457
1089.0 0.004367091605672613
1090.0 0.005159911597729661
1091.0 0.003959795503760688
1092.0 0.002759679227892775
1093.0 0.0020307934391894378
1094.0 0.001301907923334511
1095.0 0.0016501506252097897
1096.0 0.001998393599933479
1097.0 0.003107715383521281
1098.0 0.0042170377128059044
1099.0 0.0036680285120382905
1100.0 0.003119018947472796
