lsstCam/transmission_filter_detector/r13_s00/g_6/19700101T000000.ecsv
# %ECSV 1.0
# ---
# datatype:
# - {name: wavelength, unit: nm, datatype: float32}
# - {name: efficiency, unit: '%', datatype: float64}
# meta: !!omap
# - {MODE: DETECTOR}
# - {TYPE: transmission_filter_detector}
# - {CALIBDATE: '1970-01-01T00:00:00'}
# - {INSTRUME: LSSTCam}
# - {OBSTYPE: transmission_filter_detector}
# - {CALIBCLS: lsst.ip.isr.IntermediateFilterDetectorTransmissionCurve}
# - {SOURCE: Materion (DM-46256)}
# - {DETECTOR: 54}
# - {FILTER: g_6}
# - {CALIB_ID: 'calibDate=1970-01-01T00:00:00 filter=g_6 detector=54'}
# - {DATE: '2025-04-02T15:59:42.276990'}
# - {CALIB_CREATION_DATE: '2025-04-02'}
# - {CALIB_CREATION_TIME: '15:59:42'}
# - __serialized_columns__:
#     efficiency:
#       __class__: astropy.units.quantity.Quantity
#       unit: !astropy.units.Unit {unit: '%'}
#       value: !astropy.table.SerializedColumn {name: efficiency}
#     wavelength:
#       __class__: astropy.units.quantity.Quantity
#       unit: !astropy.units.Unit {unit: nm}
#       value: !astropy.table.SerializedColumn {name: wavelength}
# schema: astropy-2.0
wavelength efficiency
[from data line 608]
908.0 0.00046163158913259394
909.0 0.0004204219294479117
910.0 0.00041394027903152164
911.0 0.0004074586286151316
912.0 0.0004283845100871986
913.0 0.00044931043703400064
914.0 0.0002573839310571202
915.0 6.545746487063298e-05
916.0 0.00015469806839973899
917.0 0.0002439386662445031
918.0 0.0002567301635281183
919.0 0.00026952166081173345
920.0 0.0003110718353127595
921.0 0.0003526220325511531
922.0 0.0005166639766684966
923.0 0.0006807059435232077
924.0 0.0006436531293729786
925.0 0.0006066002697480144
926.0 0.0006182492597872624
927.0 0.0006298983407759806
928.0 0.0005893894467590144
929.0 0.0005488806436915183
930.0 0.0005931464329478331
931.0 0.0006374122676788829
932.0 0.0005563623744819779
933.0 0.00047531252675980795
934.0 0.0005073603460914455
935.0 0.0005394081654230831
936.0 0.0005042898919782601
937.0 0.0004691717094829073
938.0 0.0005904869794903789
939.0 0.0007118022494978504
940.0 0.0006331136319204234
941.0 0.000554424877918791
942.0 0.0007214789093268337
943.0 0.0008885328497854061
944.0 0.0007221482064778684
945.0 0.0005557633357966552
946.0 0.0005875873284821864
947.0 0.0006194111847435124
948.0 0.0009623166988603771
949.0 0.001305222394876182
950.0 0.0010890034900512546
951.0 0.0008727845852263272
952.0 0.0009140688234765548
953.0 0.0009553530617267825
954.0 0.0008035661267058458
955.0 0.0006517793281091144
956.0 0.0006707882675982546
957.0 0.0006897969342389842
958.0 0.0007962404197314754
959.0 0.0009026839506987017
960.0 0.0007317585641430924
961.0 0.000560833132112748
962.0 0.0005935434728598921
963.0 0.000626253722657566
964.0 0.0006988238055782858
965.0 0.0007713936611253303
966.0 0.0008310295015689917
967.0 0.000890665251063183
968.0 0.0008066232112469152
969.0 0.0007225811714306474
970.0 0.0007130329322535545
971.0 0.0007034846476017265
972.0 0.0007977647328516468
973.0 0.0008920449545257725
974.0 0.0007795450983394403
975.0 0.0006670455604762537
976.0 0.0007655851732124574
977.0 0.0008641250133223366
978.0 0.0009188259355141781
979.0 0.0009735268577060197
980.0 0.0010351742275815923
981.0 0.0010968217793561053
982.0 0.0010252137144561857
983.0 0.000953605558606796
984.0 0.0009375424269819632
985.0 0.0009214794772560708
986.0 0.0010911421668424737
987.0 0.0012608047654794063
988.0 0.0012781925761373714
989.0 0.0012955800229974557
990.0 0.001367471668345388
991.0 0.0014393633136933204
992.0 0.001386364056088496
993.0 0.0013333648894331418
994.0 0.0013682454664376564
995.0 0.0014031261343916412
996.0 0.0012609285477083176
997.0 0.0011187311429239344
998.0 0.0012774595234077424
999.0 0.0014361879948410206
1000.0 0.0013351615962164942
1001.0 0.0012341350156930275
1002.0 0.0011441031347203534
1003.0 0.0010540711627982091
1004.0 0.0010870970072573982
1005.0 0.0011201229426660575
1006.0 0.0013986410522193182
1007.0 0.001677159161772579
1008.0 0.0016100348148029298
1009.0 0.0015429110135301016
1010.0 0.0016881198462215252
1011.0 0.0018333292246097699
1012.0 0.0019817596694338135
1013.0 0.0021301906599546783
1014.0 0.002128577762050554
1015.0 0.002126965409843251
1016.0 0.002495579610695131
1017.0 0.002864194175344892
1018.0 0.00315322722599376
1019.0 0.003442260276642628
1020.0 0.0035049484722549096
1021.0 0.0035676363040693104
1022.0 0.0038231442886171862
1023.0 0.004078652273165062
1024.0 0.004226976670906879
1025.0 0.004375301068648696
1026.0 0.004507925768848509
1027.0 0.0046405501052504405
1028.0 0.004716563853435218
1029.0 0.004792577601619996
1030.0 0.004964082108926959
1031.0 0.005135586252436042
1032.0 0.005446789145935327
1033.0 0.005757991675636731
1034.0 0.005608695209957659
1035.0 0.005459398744278587
1036.0 0.005504026921698824
1037.0 0.005548654735321179
1038.0 0.005831554881297052
1039.0 0.006114455027272925
1040.0 0.006501888856291771
1041.0 0.006889321230119094
1042.0 0.006995381409069523
1043.0 0.007101440860424191
1044.0 0.007480723434127867
1045.0 0.007860005280235782
1046.0 0.008862923277774826
1047.0 0.009865840547718108
1048.0 0.01140442764153704
1049.0 0.012943011824972928
1050.0 0.01542977406643331
1051.0 0.017916533397510648
1052.0 0.021706035477109253
1053.0 0.02549554337747395
1054.0 0.030483995215035975
1055.0 0.035472444142214954
1056.0 0.04256991378497332
1057.0 0.049667374696582556
1058.0 0.05751074641011655
1059.0 0.06535410648211837
1060.0 0.07299462449736893
1061.0 0.08063510758802295
1062.0 0.08784280507825315
1063.0 0.0950504676438868
1064.0 0.10105666005983949
1065.0 0.10706284083425999
1066.0 0.11309841647744179
1067.0 0.11913400376215577
1068.0 0.12631039135158062
1069.0 0.1334868255071342
1070.0 0.14391656732186675
1071.0 0.15434629749506712
1072.0 0.1664619310759008
1073.0 0.1785775413736701
1074.0 0.1909540849737823
1075.0 0.2033306984230876
1076.0 0.2157626673579216
1077.0 0.2281946362927556
1078.0 0.2414613962173462
1079.0 0.2547281561419368
1080.0 0.2721889177337289
1081.0 0.289649679325521
1082.0 0.31820021104067564
1083.0 0.346750789321959
1084.0 0.3869260661303997
1085.0 0.42710136622190475
1086.0 0.46304180286824703
1087.0 0.4989822395145893
1088.0 0.5641231779009104
1089.0 0.6292641162872314
1090.0 0.7077116519212723
1091.0 0.7861591875553131
1092.0 0.8186131715774536
1093.0 0.8510667830705643
1094.0 0.8923172950744629
1095.0 0.9335675276815891
1096.0 0.9852401912212372
1097.0 1.0369131341576576
1098.0 1.071837916970253
1099.0 1.1067628860473633
1100.0 1.2893801555037498
1101.0 1.4719970524311066
