lsstCam/transmission_filter_detector/r13_s00/g_6/19700101T000000.ecsv
# %ECSV 1.0
# ---
# datatype:
# - {name: wavelength, unit: nm, datatype: float32}
# - {name: efficiency, unit: '%', datatype: float64}
# meta: !!omap
# - {MODE: DETECTOR}
# - {TYPE: transmission_filter_detector}
# - {CALIBDATE: '1970-01-01T00:00:00'}
# - {INSTRUME: LSSTCam}
# - {OBSTYPE: transmission_filter_detector}
# - {CALIBCLS: lsst.ip.isr.IntermediateFilterDetectorTransmissionCurve}
# - {SOURCE: Materion (DM-46256)}
# - {DETECTOR: 54}
# - {FILTER: g_6}
# - {CALIB_ID: 'calibDate=1970-01-01T00:00:00 filter=g_6 detector=54'}
# - {DATE: '2025-04-02T15:59:42.276990'}
# - {CALIB_CREATION_DATE: '2025-04-02'}
# - {CALIB_CREATION_TIME: '15:59:42'}
# - __serialized_columns__:
#     efficiency:
#       __class__: astropy.units.quantity.Quantity
#       unit: !astropy.units.Unit {unit: '%'}
#       value: !astropy.table.SerializedColumn {name: efficiency}
#     wavelength:
#       __class__: astropy.units.quantity.Quantity
#       unit: !astropy.units.Unit {unit: nm}
#       value: !astropy.table.SerializedColumn {name: wavelength}
# schema: astropy-2.0
wavelength efficiency
300.0 0.5046226549893618
301.0 0.37541906349360943
302.0 0.24621544871479273
303.0 0.21971175447106361
304.0 0.19320802530273795
305.0 0.20506291184574366
306.0 0.21691778674721718
307.0 0.22176590282469988
308.0 0.2266139956191182
309.0 0.22307534236460924
310.0 0.21953671239316463
311.0 0.21159832831472158
312.0 0.20365994423627853
313.0 0.20176719408482313
314.0 0.19987442065030336
315.0 0.1879627350717783
316.0 0.17605104949325323
317.0 0.17703180201351643
318.0 0.1780125661753118
319.0 0.16261026030406356
320.0 0.14720791950821877
321.0 0.1399665721692145
322.0 0.13272520154714584
323.0 0.11383509263396263
324.0 0.09494503610767424
325.0 0.0875102705322206
326.0 0.08007550495676696
327.0 0.07221470004878938
328.0 0.06435388932004571
329.0 0.061447155894711614
330.0 0.058540410827845335
331.0 0.05414193728938699
332.0 0.04974346375092864
333.0 0.04641217237804085
334.0 0.04308088100515306
335.0 0.04219114489387721
336.0 0.041301408782601357
337.0 0.04195641085971147
338.0 0.04261141293682158
339.0 0.041009747656062245
340.0 0.039408079464919865
341.0 0.03773040371015668
342.0 0.03605272795539349
343.0 0.03247649874538183
344.0 0.028900272445753217
345.0 0.025540267233736813
346.0 0.022180260566528887
347.0 0.021097228454891592
348.0 0.020014193432871252
349.0 0.018269444990437478
350.0 0.5495652556419373
351.0 1.236242987215519
352.0 0.8039584383368492
353.0 0.6983829662203789
354.0 0.6641792133450508
355.0 0.9226981550455093
356.0 0.5449203308671713
357.0 0.8231598883867264
358.0 0.5402209237217903
359.0 0.8308633230626583
360.0 0.6667325738817453
361.0 0.9458901360630989
362.0 0.45736171305179596
363.0 0.8004211820662022
364.0 0.48877219669520855
365.0 0.7722978014498949
366.0 0.5339660681784153
367.0 0.710088899359107
368.0 0.5930176470428705
369.0 0.6542761344462633
370.0 0.47827744856476784
371.0 0.5866858176887035
372.0 0.4552692174911499
373.0 0.6184742320328951
374.0 0.42274403385818005
375.0 0.5274869501590729
376.0 0.3783180844038725
377.0 0.5399408750236034
378.0 0.43143387883901596
379.0 0.5859599448740482
380.0 0.36824208218604326
381.0 0.4844020586460829
382.0 0.5551100708544254
383.0 0.5527587607502937
384.0 0.5273150280117989
385.0 0.6240793038159609
386.0 0.6688816472887993
387.0 0.7377589587122202
388.0 0.8725869469344616
389.0 1.1579199694097042
390.0 1.6289502382278442
391.0 2.6063259690999985
392.0 4.0821414440870285
393.0 6.453710049390793
394.0 9.800315648317337
395.0 14.322216808795929
396.0 19.964200258255005
397.0 27.07858979701996
398.0 35.47793924808502
399.0 44.64380145072937
400.0 54.012638330459595
401.0 63.2030189037323
402.0 71.71359062194824
403.0 79.09799218177795
404.0 84.41503047943115
405.0 88.55652809143066
406.0 90.89703559875488
407.0 92.7738904953003
408.0 93.87938380241394
409.0 94.4442629814148
410.0 94.6499764919281
411.0 94.55735683441162
412.0 94.13382411003113
413.0 94.00668144226074
414.0 93.78620982170105
415.0 93.89040470123291
416.0 94.29119825363159
417.0 94.59667205810547
418.0 95.09357213973999
419.0 95.63109278678894
420.0 96.20909690856934
421.0 96.74972891807556
422.0 96.92408442497253
423.0 97.13412523269653
424.0 97.00909852981567
425.0 96.83446288108826
426.0 96.87553644180298
427.0 96.91022038459778
428.0 96.7119812965393
429.0 96.56761288642883
430.0 96.33808135986328
431.0 96.38528823852539
432.0 96.34044766426086
433.0 96.48405313491821
434.0 96.61754965782166
435.0 96.76109552383423
436.0 96.8205451965332
437.0 96.83114886283875
438.0 96.84969782829285
439.0 96.94269895553589
440.0 96.92450761795044
441.0 97.04453349113464
442.0 97.03837633132935
443.0 97.05183506011963
444.0 96.99443578720093
445.0 96.7646062374115
446.0 96.57080173492432
447.0 96.35036587715149
448.0 96.38740420341492
449.0 96.58971428871155
450.0 96.79461121559143
451.0 96.9825029373169
452.0 97.19887971878052
453.0 97.29403853416443
454.0 97.36207723617554
455.0 97.62734174728394
456.0 97.75960445404053
457.0 97.85930514335632
458.0 97.8792130947113
459.0 97.944176197052
460.0 97.97155261039734
461.0 98.12423586845398
462.0 98.02218079566956
463.0 97.9310154914856
464.0 98.07971715927124
465.0 97.98465967178345
466.0 97.96398282051086
467.0 98.0116605758667
468.0 98.0247437953949
469.0 98.08748960494995
470.0 97.90017008781433
471.0 97.79331684112549
472.0 97.84163236618042
473.0 97.72394895553589
474.0 97.60977625846863
475.0 97.67960906028748
476.0 97.65157103538513
477.0 97.700035572052
478.0 97.81926274299622
479.0 97.76824116706848
480.0 97.94410467147827
481.0 97.99646139144897
482.0 98.20780158042908
483.0 98.10798168182373
484.0 98.22320342063904
485.0 98.30555319786072
486.0 98.31907153129578
487.0 98.3810305595398
488.0 98.34942817687988
489.0 98.41507077217102
490.0 98.40635061264038
491.0 98.44735264778137
492.0 98.33430051803589
493.0 98.32786321640015
494.0 98.29472303390503
495.0 98.34671020507812
496.0 98.1404960155487
497.0 98.0900228023529
498.0 97.90437817573547
499.0 97.934889793396
500.0 97.86299467086792
501.0 97.83523082733154
502.0 97.69896864891052
503.0 97.84860014915466
504.0 97.67047762870789
505.0 97.71145582199097
506.0 97.754967212677
507.0 97.69975543022156
508.0 97.71062135696411
509.0 97.69468307495117
510.0 97.59531021118164
511.0 97.61427640914917
512.0 97.50613570213318
513.0 97.60122895240784
514.0 97.58937954902649
515.0 97.63737320899963
516.0 97.71623611450195
517.0 97.73219227790833
518.0 97.75766134262085
519.0 97.7763831615448
520.0 97.85950779914856
521.0 97.99055457115173
522.0 97.97266721725464
523.0 97.92294502258301
524.0 98.01195859909058
525.0 97.99644947052002
526.0 98.11201691627502
527.0 98.09497594833374
528.0 98.18164706230164
529.0 98.25569987297058
530.0 98.28101992607117
531.0 98.43649864196777
532.0 98.2805073261261
533.0 98.29298257827759
534.0 98.34476113319397
535.0 98.14795851707458
536.0 97.84124493598938
537.0 97.32826948165894
538.0 96.56073451042175
539.0 95.25520205497742
540.0 93.57543587684631
541.0 91.03825092315674
542.0 88.33761215209961
543.0 84.76301431655884
544.0 80.21777868270874
545.0 76.20992064476013
546.0 71.26827239990234
547.0 66.67948961257935
548.0 62.1043860912323
549.0 57.9310417175293
550.0 54.626864194869995
551.0 51.39979124069214
552.0 48.990678787231445
553.0 46.480777859687805
554.0 43.65459680557251
555.0 40.531960129737854
556.0 36.407655477523804
557.0 31.599310040473938
558.0 26.280957460403442
559.0 20.980635285377502
560.0 15.769261121749878
561.0 10.88479608297348
562.0 7.0982396602630615
563.0 4.239696264266968
564.0 2.347601391375065
565.0 1.166466437280178
566.0 0.6110196001827717
567.0 0.3131376579403877
568.0 0.1923886127769947
569.0 0.10893493890762329
570.0 0.08698469027876854
571.0 0.05781989893876016
572.0 0.06130221881903708
573.0 0.03655003383755684
574.0 0.04395851865410805
575.0 0.03253277100156993
576.0 0.03803945437539369
577.0 0.028789546922780573
578.0 0.029934520716778934
579.0 0.020548832253552973
580.0 0.03398752887733281
581.0 0.02193633990827948
582.0 0.023370262351818383
583.0 0.019800600421149284
584.0 0.024540949380025268
585.0 0.018570605607237667
586.0 0.0318840000545606
587.0 0.019635942589957267
588.0 0.014049057790543884
589.0 0.01584441779414192
590.0 0.014872207248117775
591.0 0.017755046428646892
592.0 0.01984604896279052
593.0 0.008645374327898026
594.0 0.021295188344083726
595.0 0.016749146743677557
596.0 0.017084836144931614
597.0 0.008407232962781563
598.0 0.006660012149950489
599.0 0.00480506059830077
600.0 0.010144674160983413
601.0 0.0025796240151976235
602.0 0.002551108264015056
603.0 0.002522592149034608
604.0 0.002285763002873864
605.0 0.0020489340386120602
606.0 0.002061624763882719
607.0 0.002074315125355497
608.0 0.0018645203454070725
609.0 0.0016547253835597076
610.0 0.0018573853594716638
611.0 0.0020600449715857394
612.0 0.0019328608686919324
613.0 0.0018056769476970658
614.0 0.00180600745807169
615.0 0.001806338332244195
616.0 0.0019620945749920793
617.0 0.002117850635841023
618.0 0.0019200631868443452
619.0 0.0017222757378476672
620.0 0.0016335843611159362
621.0 0.0015448928024852648
622.0 0.0014972374628996477
623.0 0.00144958185046562
624.0 0.001444879308110103
625.0 0.001440176765754586
626.0 0.0013715096429223195
627.0 0.0013028427019889932
628.0 0.00142022863656166
629.0 0.0015376150258816779
630.0 0.0014233022739063017
631.0 0.0013089890671835747
632.0 0.0014395689504453912
633.0 0.001570148378959857
634.0 0.0014879153241054155
635.0 0.001405681723554153
636.0 0.0013834827768732794
637.0 0.001361284466838697
638.0 0.0013368069630814716
639.0 0.001312329368374776
640.0 0.0012211444300191943
641.0 0.0011299590369162615
642.0 0.0013179002053220756
643.0 0.0015058413737278897
644.0 0.0014120014384388924
645.0 0.0013181612303014845
646.0 0.0013090204447507858
647.0 0.001299879568250617
648.0 0.0011574767086131033
649.0 0.0010150734851777088
650.0 0.0012324641829764005
651.0 0.0014498544260277413
652.0 0.001205150329042226
653.0 0.000960446323006181
654.0 0.0010708136869652662
655.0 0.0011811812328232918
656.0 0.0012212415640533436
657.0 0.0012613018043339252
658.0 0.0011419629117881414
659.0 0.001022624292090768
660.0 0.0009675729415903334
661.0 0.0009125215910898987
662.0 0.0010662722161214333
663.0 0.0012200230230519082
664.0 0.0012120242899982259
665.0 0.001204025284096133
666.0 0.0011270159120613243
667.0 0.0010500063581275754
668.0 0.0011628700121946167
669.0 0.0012757334843627177
670.0 0.0012357340892776847
671.0 0.0011957346941926517
672.0 0.0012190089364594314
673.0 0.001242283087776741
674.0 0.0011907531188626308
675.0 0.0011392231499485206
676.0 0.0010894923434534576
677.0 0.0010397611731605139
678.0 0.0011491068107716274
679.0 0.0012584524483827408
680.0 0.0011198233551112935
681.0 0.000981194170890376
682.0 0.001011392942018574
683.0 0.0010415915312478319
684.0 0.0009244155080523342
685.0 0.0008072393029578961
686.0 0.0010010236110247206
687.0 0.0011948080100410152
688.0 0.001205398075398989
689.0 0.0012159881407569628
690.0 0.001062389765138505
691.0 0.0009087912985705771
692.0 0.000935981825023191
693.0 0.000963172351475805
694.0 0.001048935064318357
695.0 0.0011346975043124985
696.0 0.0011498717867652886
697.0 0.001165045796369668
698.0 0.0012737157703668345
699.0 0.0013823859262629412
700.0 0.0011741925845853984
701.0 0.0009659991519583855
702.0 0.001146999238699209
703.0 0.001327999143541092
704.0 0.0012746463653456885
705.0 0.0012212934052513447
706.0 0.0011569612070161384
707.0 0.0010926293725788128
708.0 0.0010936368198599666
709.0 0.0010946446309390012
710.0 0.0012118619451939594
711.0 0.0013290796232467983
712.0 0.0012634573977265973
713.0 0.0011978353541053366
714.0 0.001247246746061137
715.0 0.0012966584108653478
716.0 0.001486990095145302
717.0 0.0016773221432231367
718.0 0.0019094437448075041
719.0 0.002141564982593991
720.0 0.0017730428226059303
721.0 0.001404520298819989
722.0 0.001546820203657262
723.0 0.0016891206541913562
724.0 0.0016962078007054515
725.0 0.0017032947653206065
726.0 0.001848822103056591
727.0 0.001994349622691516
728.0 0.0020434486941667274
729.0 0.002092547765641939
730.0 0.0020553465219563805
731.0 0.002018145278270822
732.0 0.001880867603176739
733.0 0.0017435902918805368
734.0 0.001543111829960253
735.0 0.0013426336408883799
736.0 0.0011939725482079666
737.0 0.0010453113645780832
738.0 0.0010110569746757392
739.0 0.0009768025847733952
740.0 0.0008812628948362544
741.0 0.0007857230230001733
742.0 0.0007868959983170498
743.0 0.0007880689736339264
744.0 0.000934141189645743
745.0 0.0010802136785059702
746.0 0.0010405034117866307
747.0 0.0010007933269662317
748.0 0.0011297359378659166
749.0 0.0012586786397150718
750.0 0.0010817989277711604
751.0 0.0009049194886756595
752.0 0.0007821219696779735
753.0 0.0006593245871044928
754.0 0.0008454066119156778
755.0 0.0010314886822015978
756.0 0.0009540642167849001
757.0 0.0008766395694692619
758.0 0.0008907176379580051
759.0 0.0009047959792951588
760.0 0.000724886331227026
761.0 0.000544976637684158
762.0 0.000636872664472321
763.0 0.0007287685093615437
764.0 0.0008685603461344726
765.0 0.001008352410281077
766.0 0.0008994277777674142
767.0 0.0007905032362032216
768.0 0.0005869595497642877
769.0 0.0003834158633253537
770.0 0.0003198203103238484
771.0 0.0002562247800597106
772.0 0.0004901678039459512
773.0 0.0007241109415190294
774.0 0.0008115604032354895
775.0 0.0008990099559014197
776.0 0.0008307417374453507
777.0 0.0007624735189892817
778.0 0.0006813785603299038
779.0 0.0006002836926199961
780.0 0.0006044858309905976
781.0 0.000608687923886464
782.0 0.0006435340765165165
783.0 0.0006783800927223638
784.0 0.0008553377483622171
785.0 0.0010322953130526002
786.0 0.000798447581473738
787.0 0.0005646001682180213
788.0 0.0004244347564963391
789.0 0.00028426945846149465
790.0 0.00018839257336367154
791.0 9.251567689716467e-05
792.0 0.00016254496131296037
793.0 0.00023257425709743984
794.0 0.0002599506615297287
795.0 0.0002873270659620175
796.0 0.00044182570491102524
797.0 0.0005963243893347681
798.0 0.000505216803503572
799.0 0.00041410930862184614
800.0 0.0004898667611996643
801.0 0.0005656243956764229
802.0 0.0004837403139390517
803.0 0.0004018563686258858
804.0 0.0003568074589566095
805.0 0.00031175864023680333
806.0 0.00032961747820081655
807.0 0.00034747636163956486
808.0 0.00040627091948408633
809.0 0.0004650654773286078
810.0 0.0003189017661497928
811.0 0.00017273799812755897
812.0 0.0002108852186211152
813.0 0.00024903242774598766
814.0 0.000374746468878584
815.0 0.0005004605100111803
816.0 0.0005569106178882066
817.0 0.0006133605438662926
818.0 0.0004394303687149659
819.0 0.0002655003072504769
820.0 0.00041958769543271046
821.0 0.0005736749244533712
822.0 0.00046412728806899395
823.0 0.00035457967442198424
824.0 0.0004106829237571219
825.0 0.00046678605940542184
826.0 0.0005783632786915405
827.0 0.0006899403615534538
828.0 0.0005497290203493321
829.0 0.00040951763367047533
830.0 0.0004208208792988444
831.0 0.0004321241704019485
832.0 0.0005526296718016965
833.0 0.0006731351277267095
834.0 0.0005244386557023972
835.0 0.0003757422291528201
836.0 0.000450819334218977
837.0 0.000525896484759869
838.0 0.0004181099939160049
839.0 0.0003103235940216109
840.0 0.0004825422820431413
841.0 0.0006547609245899366
842.0 0.0003713551450346131
843.0 8.794925179245183e-05
844.0 0.0001326755182162742
845.0 0.00017740180737746414
846.0 0.00041281882658950053
847.0 0.0006482359822257422
848.0 0.0006068843958928483
849.0 0.0005655328550346894
850.0 0.0005191207947063958
851.0 0.00047270873437810224
852.0 0.0005178345872991486
853.0 0.0005629600764223142
854.0 0.0005508595222636359
855.0 0.0005387587862060172
856.0 0.0005950965714873746
857.0 0.000651434402243467
858.0 0.0005826515462103998
859.0 0.0005138686901773326
860.0 0.0005496597623277921
861.0 0.0005854508344782516
862.0 0.0005763243734691059
863.0 0.0005671979579346953
864.0 0.00047608309614588507
865.0 0.00038496823435707483
866.0 0.0004349568371253554
867.0 0.0004849455308431061
868.0 0.0006399365247489186
869.0 0.0007949275641294662
870.0 0.0006104071417212253
871.0 0.00042588653741404414
872.0 0.00036593221466318937
873.0 0.00030597775548812933
874.0 0.0003670432761282427
875.0 0.0004281087967683561
876.0 0.0005735847480536904
877.0 0.0007190606538642896
878.0 0.0007139002718759002
879.0 0.0007087398444127757
880.0 0.0007038400781311793
881.0 0.0006989406756474636
882.0 0.0006246272278076503
883.0 0.0005503141892404528
884.0 0.0005863398200744996
885.0 0.0006223656782822218
886.0 0.0006810792910982855
887.0 0.0007397932222374948
888.0 0.000598745145907742
889.0 0.0004576972514769295
890.0 0.0005390025762608275
891.0 0.0006203080829436658
892.0 0.0005429783414001577
893.0 0.0004656486908061197
894.0 0.0004600179636327084
895.0 0.00045438723645929713
896.0 0.00028424913125491
897.0 0.00011411096920710406
898.0 0.00024009889330045553
899.0 0.0003660868060251232
900.0 0.0002967654154417687
901.0 0.00022744400212104665
902.0 0.0004324906512920279
903.0 0.0006375372777256416
904.0 0.0003486711420919164
905.0 5.980490982437914e-05
906.0 0.00028132315037510125
