lsstCam/transmission_filter_detector/r20_s22/i_39/19700101T000000.ecsv
# %ECSV 1.0
# ---
# datatype:
# - {name: wavelength, unit: nm, datatype: float32}
# - {name: efficiency, unit: '%', datatype: float64}
# meta: !!omap
# - {MODE: DETECTOR}
# - {TYPE: transmission_filter_detector}
# - {CALIBDATE: '1970-01-01T00:00:00'}
# - {INSTRUME: LSSTCam}
# - {OBSTYPE: transmission_filter_detector}
# - {CALIBCLS: lsst.ip.isr.IntermediateFilterDetectorTransmissionCurve}
# - {SOURCE: Materion (DM-46256)}
# - {DETECTOR: 80}
# - {FILTER: i_39}
# - {CALIB_ID: 'calibDate=1970-01-01T00:00:00 filter=i_39 detector=80'}
# - {DATE: '2025-04-02T15:59:46.851383'}
# - {CALIB_CREATION_DATE: '2025-04-02'}
# - {CALIB_CREATION_TIME: '15:59:46'}
# - __serialized_columns__:
#     efficiency:
#       __class__: astropy.units.quantity.Quantity
#       unit: !astropy.units.Unit {unit: '%'}
#       value: !astropy.table.SerializedColumn {name: efficiency}
#     wavelength:
#       __class__: astropy.units.quantity.Quantity
#       unit: !astropy.units.Unit {unit: nm}
#       value: !astropy.table.SerializedColumn {name: wavelength}
# schema: astropy-2.0
wavelength efficiency
[from data line 596]
896.0 1.6099688856380245e-10
897.0 1.6099688856380245e-10
898.0 1.6099688856380245e-10
899.0 1.6099688856380245e-10
900.0 1.6099688856380245e-10
901.0 1.6099688856380245e-10
902.0 1.6099688856380245e-10
903.0 1.6099688856380245e-10
904.0 2.0745866891047626e-05
905.0 2.2993916104496748e-05
906.0 2.5241962475774926e-05
907.0 2.2257022891380984e-06
908.0 1.6099688856380245e-10
909.0 6.630359052905987e-05
910.0 0.00015339771834987914
911.0 0.00010725746051321039
912.0 6.11171799391741e-05
913.0 4.10564013009207e-05
914.0 2.0995628347009188e-05
915.0 2.1922592452483514e-05
916.0 2.2849580716410856e-05
917.0 1.6099688856380245e-10
918.0 1.6099688856380245e-10
919.0 1.6099688856380245e-10
920.0 2.082259840108236e-05
921.0 1.6099688856380245e-10
922.0 1.6099688856380245e-10
923.0 1.6099688856380245e-10
924.0 1.6099688856380245e-10
925.0 5.511597578333749e-05
926.0 0.00015415434972965159
927.0 1.6099688856380245e-10
928.0 1.6099688856380245e-10
929.0 1.6099688856380245e-10
930.0 9.281820894102566e-05
931.0 9.193883556690707e-05
932.0 9.105947356147226e-05
933.0 1.992622600255345e-05
934.0 1.6099688856380245e-10
935.0 1.6099688856380245e-10
936.0 1.6099688856380245e-10
937.0 1.6099688856380245e-10
938.0 2.8181545985717094e-05
939.0 1.6099688856380245e-10
940.0 1.6099688856380245e-10
941.0 1.6099688856380245e-10
942.0 8.26969781542175e-06
943.0 3.867915552291379e-05
944.0 6.90886622578546e-05
945.0 1.6099688856380245e-10
946.0 1.6099688856380245e-10
947.0 1.6099688856380245e-10
948.0 0.0001298292318097083
949.0 1.6099688856380245e-10
950.0 1.6099688856380245e-10
951.0 1.6099688856380245e-10
952.0 1.6099688856380245e-10
953.0 1.8534787216140103e-05
954.0 9.789323485165369e-05
955.0 8.04093190254207e-05
956.0 6.292543730523903e-05
957.0 7.67540996093885e-05
958.0 9.058275622919609e-05
959.0 5.28532773103052e-06
960.0 1.6099688856380245e-10
961.0 1.6099688856380245e-10
962.0 3.302752418221644e-05
963.0 0.00014053823633730644
964.0 0.00024804896838759305
965.0 0.00020005782062071376
966.0 0.000152066695591202
967.0 4.312684609431017e-05
968.0 1.6099688856380245e-10
969.0 2.868270421174657e-06
970.0 7.154954460020235e-05
971.0 3.0033370990167896e-05
972.0 1.6099688856380245e-10
973.0 9.799124427445349e-05
974.0 0.00020746529116877355
975.0 3.963001802276267e-05
976.0 1.6099688856380245e-10
977.0 1.6099688856380245e-10
978.0 0.00010052561947304639
979.0 1.6099688856380245e-10
980.0 1.6099688856380245e-10
981.0 4.819447241288799e-06
982.0 0.00011624445050983923
983.0 4.462880269784364e-05
984.0 1.6099688856380245e-10
985.0 3.0155322860991873e-05
986.0 8.729752494218701e-05
987.0 1.6099688856380245e-10
988.0 1.6099688856380245e-10
989.0 1.6099688856380245e-10
990.0 1.6099688856380245e-10
991.0 1.6099688856380245e-10
992.0 3.93705619217144e-05
993.0 1.6099688856380245e-10
994.0 1.6099688856380245e-10
995.0 1.6099688856380245e-10
996.0 1.6099688856380245e-10
997.0 5.8839611938310554e-05
998.0 0.00012256451782377553
999.0 0.00013054966530035017
1000.0 0.0001385347786708735
1001.0 0.00022033980258129304
1002.0 0.00030214480375434505
1003.0 0.0002184830691476236
1004.0 0.0001348212776974833
1005.0 0.0001182107780550723
1006.0 0.00010160022156924242
1007.0 2.98517818464461e-05
1008.0 1.6099688856380245e-10
1009.0 0.0001621935325601953
1010.0 0.0003662836888906895
1011.0 0.000291736728286196
1012.0 0.0002171898131564376
1013.0 0.00020960042093065567
1014.0 0.0002020110514422413
1015.0 0.00020731765744130826
1016.0 0.00021262433165247785
1017.0 0.00020651109480240848
1018.0 0.00020039788068970665
1019.0 4.361996843726956e-05
1020.0 1.6099688856380245e-10
1021.0 0.00010248542139379424
1022.0 0.000318128786602756
1023.0 0.0003019105406565359
1024.0 0.0002856922719729482
1025.0 0.0003032196445929003
1026.0 0.00032074701721285237
1027.0 0.0003219694235667703
1028.0 0.0003231918299206882
1029.0 0.0008025719580473378
1030.0 0.0012819519724871498
1031.0 0.001724848334561102
1032.0 0.0021677442418877035
1033.0 0.0024636770831421018
1034.0 0.0027596099243965
1035.0 0.0030882383725838736
1036.0 0.003416867184569128
1037.0 0.003315560388728045
1038.0 0.0032142539566848427
1039.0 0.0029563449061242864
1040.0 0.0026984360374626704
1041.0 0.002388138818787411
1042.0 0.0020778417820110917
1043.0 0.0024362787371501327
1044.0 0.0027947156922891736
1045.0 0.003088894300162792
1046.0 0.00338307254423853
1047.0 0.0035300450690556318
1048.0 0.0036770175938727334
1049.0 0.0031004157790448517
1050.0 0.0025238141461159103
1051.0 0.00215991931327153
1052.0 0.0017960244804271497
1053.0 0.0015419889678014442
1054.0 0.0012879536370746791
1055.0 0.0009186742317979224
1056.0 0.0005493948719959008
1057.0 0.0004152289875491988
1058.0 0.00028106333047617227
1059.0 0.0007190067663032096
1060.0 0.001156950293079717
1061.0 0.0011511369848449249
1062.0 0.0011453239494585432
1063.0 0.0017299174942309037
1064.0 0.002314510857104324
1065.0 0.0029014567189733498
1066.0 0.0034884025808423758
1067.0 0.004135631388635375
1068.0 0.0047828601964283735
1069.0 0.004432744026416913
1070.0 0.004082627492607571
1071.0 0.003937955261790194
1072.0 0.0037932826671749353
1073.0 0.0030088458515820093
1074.0 0.002224409399786964
1075.0 0.0028721295166178606
1076.0 0.0035198496334487572
1077.0 0.0029313536288100295
1078.0 0.0023428579879691824
1079.0 0.0024533756004530005
1080.0 0.0025638932129368186
1081.0 0.0016792964743217453
1082.0 0.0007947000085550826
1083.0 0.0005039853931521066
1084.0 0.00021327089143596822
1085.0 0.00030270975912571885
1086.0 0.00039214855860336684
1087.0 1.6099688856380245e-10
1088.0 1.6099688856380245e-10
1089.0 1.6099688856380245e-10
1090.0 1.6099688856380245e-10
1091.0 0.00013481497944667353
1092.0 0.001076686294254614
1093.0 0.0003103056315012509
1094.0 1.6099688856380245e-10
1095.0 1.6099688856380245e-10
1096.0 1.6099688856380245e-10
1097.0 1.6099688856380245e-10
1098.0 1.6099688856380245e-10
1099.0 1.6099688856380245e-10
1100.0 0.0008993240044219419
