lsstCam/transmission_filter_detector/r20_s22/i_39/19700101T000000.ecsv
# %ECSV 1.0
# ---
# datatype:
# - {name: wavelength, unit: nm, datatype: float32}
# - {name: efficiency, unit: '%', datatype: float64}
# meta: !!omap
# - {MODE: DETECTOR}
# - {TYPE: transmission_filter_detector}
# - {CALIBDATE: '1970-01-01T00:00:00'}
# - {INSTRUME: LSSTCam}
# - {OBSTYPE: transmission_filter_detector}
# - {CALIBCLS: lsst.ip.isr.IntermediateFilterDetectorTransmissionCurve}
# - {SOURCE: Materion (DM-46256)}
# - {DETECTOR: 80}
# - {FILTER: i_39}
# - {CALIB_ID: 'calibDate=1970-01-01T00:00:00 filter=i_39 detector=80'}
# - {DATE: '2025-04-02T15:59:46.851383'}
# - {CALIB_CREATION_DATE: '2025-04-02'}
# - {CALIB_CREATION_TIME: '15:59:46'}
# - __serialized_columns__:
#     efficiency:
#       __class__: astropy.units.quantity.Quantity
#       unit: !astropy.units.Unit {unit: '%'}
#       value: !astropy.table.SerializedColumn {name: efficiency}
#     wavelength:
#       __class__: astropy.units.quantity.Quantity
#       unit: !astropy.units.Unit {unit: nm}
#       value: !astropy.table.SerializedColumn {name: wavelength}
# schema: astropy-2.0
wavelength efficiency
300.0 0.00868318384164013
301.0 0.0034850581869250163
302.0 1.6099688856380245e-10
303.0 0.011512677156133577
304.0 0.024738407228142023
305.0 0.010105106048285961
306.0 1.6099688856380245e-10
307.0 1.6099688856380245e-10
308.0 1.6099688856380245e-10
309.0 0.001397643154632533
310.0 0.004421695120981894
311.0 0.003327024751342833
312.0 0.0022323572920868173
313.0 1.6099688856380245e-10
314.0 1.6099688856380245e-10
315.0 1.6099688856380245e-10
316.0 0.00047663465920777526
317.0 1.6099688856380245e-10
318.0 1.6099688856380245e-10
319.0 1.6099688856380245e-10
320.0 1.6099688856380245e-10
321.0 0.0007343917332036654
322.0 0.0017482174371252768
323.0 0.0017909906091517769
324.0 0.0018337615983909927
325.0 1.6099688856380245e-10
326.0 1.6099688856380245e-10
327.0 1.6099688856380245e-10
328.0 1.6099688856380245e-10
329.0 0.0004904865363641875
330.0 0.0013162510185793508
331.0 0.002172948734369129
332.0 0.003029646359209437
333.0 0.0025163179088849574
334.0 0.0020029892766615376
335.0 0.0014718055354023818
336.0 0.0009406212484464049
337.0 0.0015364719729404896
338.0 0.0021323217879398726
339.0 0.0016191919712582603
340.0 0.0011060622455261182
341.0 0.0009201050488627516
342.0 0.0007341475793509744
343.0 0.0015907127817627043
344.0 0.0024472781660733745
345.0 0.0008767804501985665
346.0 1.6099688856380245e-10
347.0 1.6099688856380245e-10
348.0 1.6099688856380245e-10
349.0 1.6099688856380245e-10
350.0 0.001128164876718074
351.0 0.00024310372737090802
352.0 1.6099688856380245e-10
353.0 1.6099688856380245e-10
354.0 1.6099688856380245e-10
355.0 1.6099688856380245e-10
356.0 1.6099688856380245e-10
357.0 8.487958780278859e-05
358.0 0.0005450188382383203
359.0 0.0004998183158022584
360.0 0.00045461779336619657
361.0 0.00031175491130852606
362.0 0.0001688922111497959
363.0 1.6099688856380245e-10
364.0 1.6099688856380245e-10
365.0 1.6099688856380245e-10
366.0 1.6099688856380245e-10
367.0 0.00017826272369347862
368.0 0.0004292987341614207
369.0 0.0005086412784294225
370.0 0.0005879838226974243
371.0 0.000504012814417365
372.0 0.00042004189708677586
373.0 0.0005214312750467798
374.0 0.0006228206075320486
375.0 0.0007210611329355743
376.0 0.0008193017492885701
377.0 0.00041361372495885007
378.0 7.92571341889925e-06
379.0 4.223191396590664e-06
380.0 5.205294417720552e-07
381.0 6.7150324412068585e-06
382.0 1.2909181634768174e-05
383.0 7.727715569672e-05
384.0 0.0001416448867530562
385.0 0.0001926415507114143
386.0 0.00024363832835661015
387.0 4.498151611187495e-05
388.0 1.6099688856380245e-10
389.0 1.6099688856380245e-10
390.0 1.6099688856380245e-10
391.0 0.0006890634722367395
392.0 0.0013982775271870196
393.0 0.000989475392998429
394.0 0.0005806732133351034
395.0 0.0012446622349671088
396.0 0.0019086513930233195
397.0 0.0017906460925587453
398.0 0.001672640792094171
399.0 0.0014879764421493746
400.0 0.0013033122741035186
401.0 0.0025591891244403087
402.0 0.003815065065282397
403.0 0.004115978299523704
404.0 0.00441689116996713
405.0 0.0027387966838432476
406.0 0.0010607021977193654
407.0 0.0018562102923169732
408.0 0.0026517182050156407
409.0 0.0031799398129805923
410.0 0.0037081612390466034
411.0 0.004867534153163433
412.0 0.006026907431078143
413.0 0.005667662480846047
414.0 0.005308417894411832
415.0 0.005312570647220127
416.0 0.005316723036230542
417.0 0.005002580292057246
418.0 0.0046884371840860695
419.0 0.004043750959681347
420.0 0.003399064371478744
421.0 0.004321892265579663
422.0 0.005244719795882702
423.0 0.005173810859560035
424.0 0.005102902287035249
425.0 0.005704494105884805
426.0 0.006306084833340719
427.0 0.005758982661063783
428.0 0.005211879761191085
429.0 0.00480449125461746
430.0 0.004397103475639597
431.0 0.003950387690565549
432.0 0.003503672269289382
433.0 0.0033971358789131045
434.0 0.0032905991247389466
435.0 0.0025005574570968747
436.0 0.0017105154256569222
437.0 0.0017259631931665353
438.0 0.0017414107787772082
439.0 0.0014525842743751127
440.0 0.001163757679023547
441.0 0.001650329249969218
442.0 0.0021369010937632993
443.0 0.0020780960767297074
444.0 0.0020192910596961156
445.0 0.001540451376058627
446.0 0.0010616117833706085
447.0 0.0005937594778515631
448.0 0.0001259070927517314
449.0 0.000306513925352192
450.0 0.00048712063289713115
451.0 0.00038099929042800795
452.0 0.0002748780616457225
453.0 0.0004893902769254055
454.0 0.0007039026058919262
455.0 0.0009108180165640078
456.0 0.0011177334272360895
457.0 0.0004609324605553411
458.0 1.6099688856380245e-10
459.0 0.00015210889614536427
460.0 0.0005000861619919306
461.0 0.0006176604074425995
462.0 0.0007352346528932685
463.0 0.0007922257282189094
464.0 0.0008492164852214046
465.0 0.000549989044884569
466.0 0.00025076151359826326
467.0 0.00034639328987395857
468.0 0.0004420250206749188
469.0 0.00027095736641058465
470.0 9.988974625230185e-05
471.0 0.0003519419578879024
472.0 0.0006039943400537595
473.0 0.0006466039849328808
474.0 0.000689213538862532
475.0 0.00048176311793213245
476.0 0.0002743126970017329
477.0 0.0004683542556449538
478.0 0.0006623957233387046
479.0 0.0010940892934740987
480.0 0.0015257830455084331
481.0 0.0021476616893778555
482.0 0.0027695405151462182
483.0 0.0042067102185683325
484.0 0.0056438802857883275
485.0 0.006249207945074886
486.0 0.006854535604361445
487.0 0.00986538507277146
488.0 0.01287623163079843
489.0 0.01577708899276331
490.0 0.018677946354728192
491.0 0.021222891518846154
492.0 0.023767836682964116
493.0 0.02544989692978561
494.0 0.02713195572141558
495.0 0.02486930461600423
496.0 0.022606652055401355
497.0 0.0187976096640341
498.0 0.01498857163824141
499.0 0.010401662439107895
500.0 0.005814756150357425
501.0 0.003995952647528611
502.0 0.0021771487809019163
503.0 0.0023457729184883647
504.0 0.0025143968741758727
505.0 0.002123534068232402
506.0 0.001732670898491051
507.0 0.0019085791791439988
508.0 0.0020844874597969465
509.0 0.0024577760996180587
510.0 0.002831064921338111
511.0 0.002229090387118049
512.0 0.0016271158528979868
513.0 0.0017762851712177508
514.0 0.001925454671436455
515.0 0.0021219399059191346
516.0 0.0023184249585028738
517.0 0.00240429253608454
518.0 0.002490160295565147
519.0 0.0023062233594828285
520.0 0.0021222862415015697
521.0 0.0019957751646870747
522.0 0.001869263724074699
523.0 0.0018222115613752976
524.0 0.0017751592167769559
525.0 0.0022926666133571416
526.0 0.0028101741918362677
527.0 0.0027191737899556756
528.0 0.0026281733880750835
529.0 0.0026881592930294573
530.0 0.002748145016084891
531.0 0.0024781362299108878
532.0 0.0022081278075347655
533.0 0.002003035660891328
534.0 0.001797943696146831
535.0 0.001908518788695801
536.0 0.002019093699345831
537.0 0.002534466329962015
538.0 0.0030498385967803188
539.0 0.0036681922210846096
540.0 0.00428654566348996
541.0 0.004792015897692181
542.0 0.005297486495692283
543.0 0.005309681364451535
544.0 0.005321876233210787
545.0 0.004288915079087019
546.0 0.0032559539249632508
547.0 0.0026126832381123677
548.0 0.0019694123693625443
549.0 0.0016811578461783938
550.0 0.0013929035048931837
551.0 0.001554968002892565
552.0 0.001717032318993006
553.0 0.0015814364815014414
554.0 0.0014458402802119963
555.0 0.001005073409032775
556.0 0.0005643064923788188
557.0 0.0007714091225352604
558.0 0.000978511798166437
559.0 0.0007015484243311221
560.0 0.00042458509597054217
561.0 0.0008897874977265019
562.0 0.0013549900359066669
563.0 0.0014002151146996766
564.0 0.0014454401934926864
565.0 0.0014536924027197529
566.0 0.0014619450666941702
567.0 0.0012917190360894892
568.0 0.0011214932783332188
569.0 0.000948714750848012
570.0 0.0007759364962112159
571.0 0.0005434968898043735
572.0 0.00031105714697332587
573.0 0.00045834312913939357
574.0 0.0006056291113054613
575.0 0.000583691962674493
576.0 0.0005617549049929949
577.0 0.0005411583060777048
578.0 0.0005205617071624147
579.0 0.0004663739673560485
580.0 0.00041218631849915255
581.0 0.0004900602561974665
582.0 0.0005679342848452507
583.0 0.0006278820364968851
584.0 0.0006878297426737845
585.0 0.0006605473117815563
586.0 0.0006332650173135335
587.0 0.0006206614671100397
588.0 0.0006080579169065459
589.0 0.0007156708761613118
590.0 0.0008232838808908127
591.0 0.0007734249265922699
592.0 0.0007235661087179324
593.0 0.0006869853223179234
594.0 0.0006504044904431794
595.0 0.0005137391781318001
596.0 0.0003770737976083183
597.0 0.00042605120142980013
598.0 0.00047502862798864953
599.0 0.00035074231163889635
600.0 0.00022645601802651072
601.0 0.00031125423447520006
602.0 0.00039605247366125695
603.0 0.0003493394615361467
604.0 0.000302626472148404
605.0 0.00025234753593395
606.0 0.00020206864519423107
607.0 0.00030064411475905217
608.0 0.0003992196070612408
609.0 0.00042001702240668237
610.0 0.0004408144377521239
611.0 0.00044385001274349634
612.0 0.00044688554226013366
613.0 0.00040738868847256526
614.0 0.00036789188015973195
615.0 0.00030182891350705177
616.0 0.00023576599232910667
617.0 0.0003495897999528097
618.0 0.00046341360757651273
619.0 0.00040162185541703366
620.0 0.00033983019420702476
621.0 0.0002610569936223328
622.0 0.00018228383851237595
623.0 0.00035897990073863184
624.0 0.0005356759629648877
625.0 0.00035715797821467277
626.0 0.00017864001620182535
627.0 0.00022746698959963396
628.0 0.0002762939175227075
629.0 0.00026527636691753287
630.0 0.00025425877083762316
631.0 0.0003554981731213047
632.0 0.00045673746171814855
633.0 0.0003790103392020683
634.0 0.0003012831029991503
635.0 0.00039770102375769056
636.0 0.0004941189217788633
637.0 0.0005506969046109589
638.0 0.0006072747964935843
639.0 0.0006726418632752029
640.0 0.0007380089300568216
641.0 0.0006490804025816033
642.0 0.0005601519660558552
643.0 0.0006710422439937247
644.0 0.0007819326128810644
645.0 0.0007972140338097233
646.0 0.0008124955456878524
647.0 0.0007464458576578181
648.0 0.0006803961241530487
649.0 0.0007837523298803717
650.0 0.0008871085810824297
651.0 0.0009223236702382565
652.0 0.0009575388503435533
653.0 0.0010281858521921095
654.0 0.001098833126889076
655.0 0.0015226464711304288
656.0 0.0019464596334728412
657.0 0.0029671909942408092
658.0 0.003987922173109837
659.0 0.0065996660850942135
660.0 0.06174708250910044
661.0 0.09044426842592657
662.0 0.077267229789868
663.0 0.10149875888600945
664.0 0.09356198133900762
665.0 0.13121116207912564
666.0 0.15336335636675358
667.0 0.17849445575848222
668.0 0.17461556708440185
669.0 0.29097083024680614
670.0 0.35973023623228073
671.0 0.5801922176033258
672.0 0.8187138475477695
673.0 1.2668072246015072
674.0 1.979740895330906
675.0 2.90882121771574
676.0 3.953658789396286
677.0 5.240042880177498
678.0 6.559233367443085
679.0 7.9494379460811615
680.0 9.864210337400436
681.0 11.857260018587112
682.0 14.383147656917572
683.0 17.089487612247467
684.0 20.062647759914398
685.0 22.939729690551758
686.0 25.911274552345276
687.0 29.149749875068665
688.0 32.40204453468323
689.0 35.67626476287842
690.0 39.52478468418121
691.0 43.67806017398834
692.0 48.54413866996765
693.0 53.73750329017639
694.0 59.62097644805908
695.0 65.29074311256409
696.0 71.54754996299744
697.0 77.04835534095764
698.0 83.02988409996033
699.0 87.54159212112427
700.0 91.01449251174927
701.0 93.79627704620361
702.0 95.75804471969604
703.0 96.73606753349304
704.0 97.23473191261292
705.0 97.65296578407288
706.0 97.73716926574707
707.0 97.86934852600098
708.0 97.9072093963623
709.0 97.92269468307495
710.0 97.73034453392029
711.0 97.8833019733429
712.0 97.82633781433105
713.0 97.90512919425964
714.0 98.0091392993927
715.0 98.09284210205078
716.0 97.91699051856995
717.0 98.10172915458679
718.0 98.17993640899658
719.0 98.1016993522644
720.0 98.46417307853699
721.0 98.20184111595154
722.0 97.97301292419434
723.0 97.74898886680603
724.0 97.3237931728363
725.0 97.11810946464539
726.0 96.93290591239929
727.0 96.58468961715698
728.0 96.40184044837952
729.0 96.22036814689636
730.0 96.24237418174744
731.0 96.26544713973999
732.0 96.26539349555969
733.0 96.60989046096802
734.0 96.91108465194702
735.0 97.0415711402893
736.0 97.49857783317566
737.0 97.88625240325928
738.0 98.13660383224487
739.0 98.50082993507385
740.0 98.67503643035889
741.0 98.54255318641663
742.0 98.81231188774109
743.0 98.70688319206238
744.0 98.49552512168884
745.0 98.45391511917114
746.0 98.39975237846375
747.0 98.69539737701416
748.0 98.56885075569153
749.0 98.4549343585968
750.0 98.45501780509949
751.0 98.32485914230347
752.0 98.2262909412384
753.0 98.50038886070251
754.0 98.38298559188843
755.0 98.46925735473633
756.0 98.494952917099
757.0 98.50300550460815
758.0 98.66921305656433
759.0 98.62593412399292
760.0 98.59353303909302
761.0 98.47058057785034
762.0 98.56988191604614
763.0 98.51816296577454
764.0 98.40014576911926
765.0 98.37834239006042
766.0 98.46277832984924
767.0 98.20747971534729
768.0 98.24146628379822
769.0 98.30360412597656
770.0 98.0786144733429
771.0 98.09392094612122
772.0 98.11553359031677
773.0 97.93177843093872
774.0 97.74232506752014
775.0 97.86927700042725
776.0 97.72670865058899
777.0 97.7664053440094
778.0 97.85659909248352
779.0 97.87977337837219
780.0 97.80998826026917
781.0 98.11729788780212
782.0 98.09232354164124
783.0 98.08923602104187
784.0 98.16139936447144
785.0 98.31217527389526
786.0 98.47756624221802
787.0 98.13902378082275
788.0 98.25826287269592
789.0 98.31575155258179
790.0 98.26776385307312
791.0 98.3846366405487
792.0 98.16430807113647
793.0 98.15068244934082
794.0 98.04345369338989
795.0 97.92673587799072
796.0 97.94011116027832
797.0 97.96923398971558
798.0 97.92231917381287
799.0 97.74429202079773
800.0 97.54020571708679
801.0 97.62779474258423
802.0 97.41289615631104
803.0 97.28091955184937
804.0 97.00880646705627
805.0 96.58582210540771
806.0 96.11849188804626
807.0 95.19036412239075
808.0 94.13789510726929
809.0 92.77562499046326
810.0 91.27075672149658
811.0 89.2942726612091
812.0 86.78480386734009
813.0 83.92438292503357
814.0 80.6882917881012
815.0 76.94244980812073
816.0 73.03245067596436
817.0 68.6282753944397
818.0 63.67615461349487
819.0 59.329259395599365
820.0 54.39037084579468
821.0 49.972736835479736
822.0 45.617735385894775
823.0 41.086363792419434
824.0 36.38995885848999
825.0 32.13823735713959
826.0 27.749118208885193
827.0 23.15351814031601
828.0 18.973013758659363
829.0 14.882002770900726
830.0 10.879778116941452
831.0 7.921472191810608
832.0 5.205965414643288
833.0 3.2905232161283493
834.0 1.9493324682116508
835.0 1.2003859505057335
836.0 0.705758947879076
837.0 0.3899791743606329
838.0 0.2333775395527482
839.0 0.11213042307645082
840.0 0.05119282868690789
841.0 0.015108639490790665
842.0 0.018500513397157192
843.0 1.6099688856380245e-10
844.0 0.006630914140259847
845.0 1.6099688856380245e-10
846.0 1.6099688856380245e-10
847.0 1.6099688856380245e-10
848.0 1.6099688856380245e-10
849.0 1.6099688856380245e-10
850.0 1.6099688856380245e-10
851.0 0.001683111440797802
852.0 0.0014119959814706817
853.0 0.0009251107258023694
854.0 0.0004382254701340571
855.0 0.0003011851731571369
856.0 0.0001641448648115329
857.0 7.21517665169813e-05
858.0 1.6099688856380245e-10
859.0 1.6099688856380245e-10
860.0 1.6099688856380245e-10
861.0 1.6099688856380245e-10
862.0 2.9206836416051374e-05
863.0 1.6099688856380245e-10
864.0 1.6099688856380245e-10
865.0 1.6099688856380245e-10
866.0 1.6099688856380245e-10
867.0 1.6099688856380245e-10
868.0 1.6099688856380245e-10
869.0 1.6099688856380245e-10
870.0 1.6099688856380245e-10
871.0 1.5077313264555414e-05
872.0 7.215874120447552e-05
873.0 4.8005767894210294e-05
874.0 2.3852797426116013e-05
875.0 1.6099688856380245e-10
876.0 1.6099688856380245e-10
877.0 1.6099688856380245e-10
878.0 1.9192795264189044e-05
879.0 4.4105635765845363e-05
880.0 6.901852316332224e-05
881.0 4.346274238287151e-05
882.0 1.7907015603668697e-05
883.0 2.1634630797962018e-05
884.0 2.5362268729622883e-05
885.0 1.6099688856380245e-10
886.0 1.6099688856380245e-10
887.0 1.6099688856380245e-10
888.0 1.6099688856380245e-10
889.0 1.6099688856380245e-10
890.0 5.887715701646812e-05
891.0 3.547967821759812e-05
892.0 1.2082199418728123e-05
893.0 1.6099688856380245e-10
894.0 1.6099688856380245e-10
