lsstCam/transmission_filter_detector/r20_s10/g_6/19700101T000000.ecsv
# %ECSV 1.0
# ---
# datatype:
# - {name: wavelength, unit: nm, datatype: float32}
# - {name: efficiency, unit: '%', datatype: float64}
# meta: !!omap
# - {MODE: DETECTOR}
# - {TYPE: transmission_filter_detector}
# - {CALIBDATE: '1970-01-01T00:00:00'}
# - {INSTRUME: LSSTCam}
# - {OBSTYPE: transmission_filter_detector}
# - {CALIBCLS: lsst.ip.isr.IntermediateFilterDetectorTransmissionCurve}
# - {SOURCE: Materion (DM-46256)}
# - {DETECTOR: 75}
# - {FILTER: g_6}
# - {CALIB_ID: 'calibDate=1970-01-01T00:00:00 filter=g_6 detector=75'}
# - {DATE: '2025-04-02T15:59:42.375734'}
# - {CALIB_CREATION_DATE: '2025-04-02'}
# - {CALIB_CREATION_TIME: '15:59:42'}
# - __serialized_columns__:
#     efficiency:
#       __class__: astropy.units.quantity.Quantity
#       unit: !astropy.units.Unit {unit: '%'}
#       value: !astropy.table.SerializedColumn {name: efficiency}
#     wavelength:
#       __class__: astropy.units.quantity.Quantity
#       unit: !astropy.units.Unit {unit: nm}
#       value: !astropy.table.SerializedColumn {name: wavelength}
# schema: astropy-2.0
wavelength efficiency
300.0 0.44392445124685764
301.0 0.34499226603657007
302.0 0.2460600808262825
303.0 0.22640812676399946
304.0 0.20675617270171642
305.0 0.21051738876849413
306.0 0.21427858155220747
307.0 0.21551749669015408
308.0 0.21675638854503632
309.0 0.21660903003066778
310.0 0.21646167151629925
311.0 0.20907586440443993
312.0 0.20169003400951624
313.0 0.19723728764802217
314.0 0.1927845412865281
315.0 0.18358733505010605
316.0 0.17439014045521617
317.0 0.17360600177198648
318.0 0.17282190965488553
319.0 0.1601001829840243
320.0 0.14737845631316304
321.0 0.14081598492339253
322.0 0.13425351353362203
323.0 0.11837818892672658
324.0 0.10250286431983113
325.0 0.09167399257421494
326.0 0.08084511500783265
327.0 0.07275121752172709
328.0 0.06465732585638762
329.0 0.061964738415554166
330.0 0.059272145153954625
331.0 0.05440620589070022
332.0 0.04954027244821191
333.0 0.046435408876277506
334.0 0.043330545304343104
335.0 0.04204393189866096
336.0 0.04075731849297881
337.0 0.04154769121669233
338.0 0.042338063940405846
339.0 0.04087884444743395
340.0 0.03941962495446205
341.0 0.037485340726561844
342.0 0.03555105649866164
343.0 0.03196558973286301
344.0 0.028380120056681335
345.0 0.025366042973473668
346.0 0.022351965890266
347.0 0.020870620210189372
348.0 0.01938927307492122
349.0 0.01794019917724654
350.0 1.030732225626707
351.0 1.2892005033791065
352.0 0.7105484139174223
353.0 0.9876194410026073
354.0 0.5871428642421961
355.0 0.9219792671501637
356.0 0.645496929064393
357.0 0.6822495721280575
358.0 0.45227683149278164
359.0 0.7373948581516743
360.0 0.48478259705007076
361.0 0.7516645826399326
362.0 0.5430749617516994
363.0 0.571569474413991
364.0 0.544138066470623
365.0 0.6905056536197662
366.0 0.38828763645142317
367.0 0.6275951396673918
368.0 0.4447055980563164
369.0 0.6421325728297234
370.0 0.43142056092619896
371.0 0.5590761546045542
372.0 0.3708461532369256
373.0 0.5692580714821815
374.0 0.2964834216982126
375.0 0.48719681799411774
376.0 0.31002056784927845
377.0 0.5035338923335075
378.0 0.3673866158351302
379.0 0.5256003234535456
380.0 0.3448135918006301
381.0 0.521019846200943
382.0 0.49969288520514965
383.0 0.5601299460977316
384.0 0.5415810737758875
385.0 0.6323483306914568
386.0 0.6491515785455704
387.0 0.7640375290066004
388.0 0.985758937895298
389.0 1.3131925836205482
390.0 1.844564639031887
391.0 2.935820445418358
392.0 4.634435847401619
393.0 7.3409318923950195
394.0 11.101984977722168
395.0 16.026221215724945
396.0 22.222627699375153
397.0 29.96278405189514
398.0 38.77834379673004
399.0 48.288941383361816
400.0 57.68112540245056
401.0 66.51208400726318
402.0 74.46913719177246
403.0 80.96305131912231
404.0 85.5929970741272
405.0 89.10049200057983
406.0 90.84458351135254
407.0 92.3871397972107
408.0 93.22055578231812
409.0 93.5366690158844
410.0 93.6532735824585
411.0 93.42991709709167
412.0 93.12461614608765
413.0 92.90290474891663
414.0 92.7571952342987
415.0 92.94943809509277
416.0 93.40180158615112
417.0 93.7021553516388
418.0 94.20107007026672
419.0 94.80782151222229
420.0 95.28041481971741
421.0 95.81738114356995
422.0 95.9132432937622
423.0 96.1038887500763
424.0 95.93116641044617
425.0 95.80610990524292
426.0 95.77929377555847
427.0 95.76724767684937
428.0 95.6437885761261
429.0 95.43832540512085
430.0 95.38319706916809
431.0 95.42125463485718
432.0 95.49698233604431
433.0 95.60303688049316
434.0 95.6297755241394
435.0 95.74565887451172
436.0 95.81035375595093
437.0 95.81961631774902
438.0 95.84745168685913
439.0 95.92153429985046
440.0 95.92637419700623
441.0 96.08144760131836
442.0 96.05720639228821
443.0 95.9834635257721
444.0 95.89079022407532
445.0 95.62932848930359
446.0 95.51485776901245
447.0 95.30559182167053
448.0 95.41013836860657
449.0 95.59645056724548
450.0 95.83991169929504
451.0 96.01629972457886
452.0 96.24869227409363
453.0 96.37566208839417
454.0 96.37454152107239
455.0 96.66181206703186
456.0 96.77959084510803
457.0 96.94545269012451
458.0 96.92605137825012
459.0 96.93448543548584
460.0 96.95202112197876
461.0 97.04306721687317
462.0 96.9632089138031
463.0 96.88951969146729
464.0 96.96048498153687
465.0 96.86984419822693
466.0 96.83831334114075
467.0 96.86301350593567
468.0 96.88660502433777
469.0 96.92555069923401
470.0 96.76545262336731
471.0 96.64757251739502
472.0 96.6912567615509
473.0 96.63221836090088
474.0 96.54627442359924
475.0 96.57477736473083
476.0 96.6206431388855
477.0 96.67834639549255
478.0 96.81738018989563
479.0 96.8063235282898
480.0 96.95096015930176
481.0 97.03218340873718
482.0 97.25551009178162
483.0 97.14308381080627
484.0 97.3202645778656
485.0 97.33789563179016
486.0 97.33786582946777
487.0 97.42553234100342
488.0 97.37867712974548
489.0 97.51098155975342
490.0 97.48132228851318
491.0 97.60205149650574
492.0 97.50093221664429
493.0 97.50580787658691
494.0 97.43403792381287
495.0 97.49782085418701
496.0 97.36495614051819
497.0 97.25055694580078
498.0 97.07161784172058
499.0 97.10457921028137
500.0 97.12401628494263
501.0 97.04350233078003
502.0 96.96633815765381
503.0 97.13801741600037
504.0 96.9914972782135
505.0 96.9762921333313
506.0 96.98088765144348
507.0 96.94781303405762
508.0 96.93716764450073
509.0 96.88950777053833
510.0 96.90128564834595
511.0 96.87948822975159
512.0 96.77711725234985
513.0 96.86077833175659
514.0 96.82469964027405
515.0 96.89816236495972
516.0 97.0302402973175
517.0 96.97783589363098
518.0 97.04728126525879
519.0 97.07090258598328
520.0 97.118079662323
521.0 97.18157649040222
522.0 97.22715020179749
523.0 97.18657732009888
524.0 97.19799160957336
525.0 97.15823531150818
526.0 97.28578329086304
527.0 97.23370671272278
528.0 97.3215103149414
529.0 97.35243916511536
530.0 97.39775657653809
531.0 97.53617644309998
532.0 97.39066958427429
533.0 97.35483527183533
534.0 97.312331199646
535.0 97.10444808006287
536.0 96.64547443389893
537.0 95.94340920448303
538.0 95.10915875434875
539.0 93.53166222572327
540.0 91.6064977645874
541.0 88.67110013961792
542.0 85.62518954277039
543.0 81.67278170585632
544.0 76.79308652877808
545.0 72.54669666290283
546.0 67.57304668426514
547.0 63.1104052066803
548.0 58.782315254211426
549.0 55.08703589439392
550.0 52.21678614616394
551.0 49.42069947719574
552.0 47.170788049697876
553.0 44.59875524044037
554.0 41.46164059638977
555.0 37.90561556816101
556.0 33.20990204811096
557.0 27.954697608947754
558.0 22.42308408021927
559.0 17.183353006839752
560.0 12.3429574072361
561.0 8.090569823980331
562.0 5.005645751953125
563.0 2.8440171852707863
564.0 1.5060516074299812
565.0 0.7193979807198048
566.0 0.3845472354441881
567.0 0.20461489912122488
568.0 0.13391153188422322
569.0 0.08467771694995463
570.0 0.06993426359258592
571.0 0.043744061258621514
572.0 0.042548758210614324
573.0 0.029126732260920107
574.0 0.03509208036120981
575.0 0.03089209203608334
576.0 0.019413820700719953
577.0 0.021298680803738534
578.0 0.023324726498685777
579.0 0.027038619737140834
580.0 0.019152167078573257
581.0 0.015499758592341095
582.0 0.014736071170773357
583.0 0.01811545225791633
584.0 0.03301274264231324
585.0 0.012985317152924836
586.0 0.02545450406614691
587.0 0.011106566671514884
588.0 0.011944069410674274
589.0 0.01602266711415723
590.0 0.016642750415485352
591.0 0.009427123586647213
592.0 0.013598774967249483
593.0 0.008133106894092634
594.0 0.003951505641452968
595.0 0.00661310477880761
596.0 0.011784875096054748
597.0 0.004791412357008085
598.0 0.0038348673115251586
599.0 0.011389235442038625
600.0 0.00839761269162409
601.0 0.002092283648380544
602.0 0.002127729749190621
603.0 0.0021631756681017578
604.0 0.0020816911273868755
605.0 0.0020002064047730528
606.0 0.0020018687791889533
607.0 0.0020035309717059135
608.0 0.00175593959284015
609.0 0.001508347941125976
610.0 0.0016781032172730193
611.0 0.0018478585843695328
612.0 0.0017735790606820956
613.0 0.001699299355095718
614.0 0.001761959538271185
615.0 0.0018246199033455923
616.0 0.0017997484974330291
617.0 0.0017748769096215256
618.0 0.0016680160115356557
619.0 0.0015611552953487262
620.0 0.0015725618141004816
621.0 0.001583968332852237
622.0 0.0014862715943309013
623.0 0.001388574582961155
624.0 0.0013824129382555839
625.0 0.0013762516573478933
626.0 0.0013301384569786023
627.0 0.0012840257113566622
628.0 0.001348961905023316
629.0 0.00141389828058891
630.0 0.001317463284067344
631.0 0.0012210281056468375
632.0 0.0013363230209506582
633.0 0.0014516178453050088
634.0 0.0014122039829089772
635.0 0.0013727897567150649
636.0 0.0013453352039505262
637.0 0.001317880924034398
638.0 0.0012088365110685118
639.0 0.0010997922800015658
640.0 0.001086453630705364
641.0 0.0010731149814091623
642.0 0.0012299053196329623
643.0 0.001386695930705173
644.0 0.0012517054528871085
645.0 0.0011167152479174547
646.0 0.0011471823199826758
647.0 0.001177649392047897
648.0 0.0011622621059359517
649.0 0.0011468745469755959
650.0 0.0012321645044721663
651.0 0.001317454098170856
652.0 0.0011910590728803072
653.0 0.0010646639566402882
654.0 0.001089328452508198
655.0 0.0011139930393255781
656.0 0.0011320318662910722
657.0 0.0011500706932565663
658.0 0.0010853806998056825
659.0 0.0010206910701526795
660.0 0.0009710848644317593
661.0 0.0009214788406097796
662.0 0.0010141734492208343
663.0 0.0011068682397308294
664.0 0.0011708605597959831
665.0 0.0012348526979621965
666.0 0.0011155418178532273
667.0 0.000996230392047437
668.0 0.001072936811397085
669.0 0.0011496434126456734
670.0 0.001124278969655279
671.0 0.001098914617614355
672.0 0.0011210028787900228
673.0 0.0011430910490162205
674.0 0.00107746391222463
675.0 0.001011836593534099
676.0 0.0010063048648589756
677.0 0.0010007727723859716
678.0 0.0010115629265783355
679.0 0.0010223532626696397
680.0 0.0009911402230500244
681.0 0.0009599272743798792
682.0 0.0009959420822269749
683.0 0.0010319569810235407
684.0 0.0009357264389109332
685.0 0.0008394959877477959
686.0 0.0009777139894140419
687.0 0.0011159319910802878
688.0 0.0010794392437674105
689.0 0.0010429464964545332
690.0 0.0010007403943745885
691.0 0.000958534383244114
692.0 0.0010193813977821264
693.0 0.0010802285942190792
694.0 0.0010463652870384976
695.0 0.001012501979857916
696.0 0.0010553042557148729
697.0 0.0010981063496728893
698.0 0.001172393785964232
699.0 0.0012466811313061044
700.0 0.0011686744073813315
701.0 0.0010906675015576184
702.0 0.0011407762940507382
703.0 0.001190885086543858
704.0 0.001118674481404014
705.0 0.0010464636943652295
706.0 0.0010691805073292926
707.0 0.0010918972293438856
708.0 0.0010809867490024772
709.0 0.001070076359610539
710.0 0.0011688299309753347
711.0 0.0012675836842390709
712.0 0.0012305009477131534
713.0 0.0011934180292882957
714.0 0.0012202620382595342
715.0 0.0012471059562813025
716.0 0.0014101292435952928
717.0 0.0015731528037576936
718.0 0.001874942063295748
719.0 0.002176731504732743
720.0 0.0018508866560296156
721.0 0.0015250418073264882
722.0 0.0015519737644353881
723.0 0.0015789059034432285
724.0 0.0016252068235189654
725.0 0.001671507561695762
726.0 0.0017213442333741114
727.0 0.0017711807231535204
728.0 0.0019329423594172113
729.0 0.002094703995680902
730.0 0.002061500708805397
731.0 0.002028297240030952
732.0 0.0019019942556042224
733.0 0.001775691271177493
734.0 0.00148952840390848
735.0 0.0012033655366394669
736.0 0.0011492065823404118
737.0 0.0010950476280413568
738.0 0.0010622246918501332
739.0 0.0010294017556589097
740.0 0.0009155790394288488
741.0 0.0008017560503503773
742.0 0.000845794056658633
743.0 0.000889832153916359
744.0 0.0009398281690664589
745.0 0.0009898243661154993
746.0 0.0009499000043433625
747.0 0.0009099756425712258
748.0 0.0010523599485168234
749.0 0.001194744254462421
750.0 0.0010737187949416693
751.0 0.0009526936992187984
752.0 0.0008991505637823138
753.0 0.0008456075192952994
754.0 0.0008521040399500635
755.0 0.0008586006515542977
756.0 0.0008529253136657644
757.0 0.0008472500667267013
758.0 0.0008874790182744619
759.0 0.0009277078788727522
760.0 0.0007962050403875764
761.0 0.0006647019745287253
762.0 0.0006779778686905047
763.0 0.000691253671902814
764.0 0.0007276971700775903
765.0 0.0007641408046765719
766.0 0.0006900082553329412
767.0 0.0006158756605145754
768.0 0.0006134097020549234
769.0 0.0006109436071710661
770.0 0.0005881709967070492
771.0 0.0005653982952935621
772.0 0.000650400716040167
773.0 0.0007354030913120368
774.0 0.0007503506367356749
775.0 0.0007652982276340481
776.0 0.0007764827387291007
777.0 0.0007876672498241533
778.0 0.0007392927273031091
779.0 0.000690918204782065
780.0 0.0006495262823591474
781.0 0.0006081343599362299
782.0 0.0005992066689941566
783.0 0.0005902788871026132
784.0 0.000579377729081898
785.0 0.0005684765710611828
786.0 0.0005723264166590525
787.0 0.0005761764441558626
788.0 0.0003688573087856639
789.0 0.00016153819615283282
790.0 0.00020203274289087858
791.0 0.00024252728962892434
792.0 0.00029535685825976543
793.0 0.0003481864723653416
794.0 0.00029747952794423327
795.0 0.0002467725835231249
796.0 0.00028718991416099016
797.0 0.0003276072447988554
798.0 0.0004214066848362563
799.0 0.0005152061476110248
800.0 0.000511546568304766
801.0 0.0005078870344732422
802.0 0.00042514598135312553
803.0 0.00034240504191984655
804.0 0.0003125978764728643
805.0 0.00028279075650061714
806.0 0.0003528541583364131
807.0 0.0004229175829095766
808.0 0.00046229238250816707
809.0 0.0005016672275814926
810.0 0.00043553777686611284
811.0 0.0003694082579386304
812.0 0.0003382495378900785
813.0 0.0003070908178415266
814.0 0.000311069265990227
815.0 0.0003150477141389274
816.0 0.000387015143132885
817.0 0.00045898250391473994
818.0 0.0003307693077658769
819.0 0.00020255613435438136
820.0 0.000364012157660909
821.0 0.000525468112755334
822.0 0.00048344845708925277
823.0 0.00044142871047370136
824.0 0.000437375911133131
825.0 0.0004333230208430905
826.0 0.0005370439339458244
827.0 0.0006407648470485583
828.0 0.0005508820777322398
829.0 0.0004609992629411863
830.0 0.0004180459654890001
831.0 0.00037509266803681385
832.0 0.0005089368642074987
833.0 0.0006427810603781836
834.0 0.0004936348432238447
835.0 0.0003444886715442408
836.0 0.0005033221896155737
837.0 0.0006621557531616418
838.0 0.0005904999397898791
839.0 0.0005188441718928516
840.0 0.0005252491973806173
841.0 0.0005316541773936478
842.0 0.0004142525540373754
843.0 0.0002968508852063678
844.0 0.00028737822503899224
845.0 0.00027790561034635175
846.0 0.0004216047273075674
847.0 0.0005653039352182532
848.0 0.0005652445452142274
849.0 0.0005651851552102016
850.0 0.0005242575298325391
851.0 0.0004833298589801416
852.0 0.0005151165169081651
853.0 0.0005469029474625131
854.0 0.0005771372798335506
855.0 0.0006073715667298529
856.0 0.0005222820163908182
857.0 0.0004371924660517834
858.0 0.0004713306680059759
859.0 0.0005054689154349035
860.0 0.00048090996642713435
861.0 0.00045635097194463015
862.0 0.0005339829385775374
863.0 0.0006116149052104447
864.0 0.0005396012511482695
865.0 0.00046758755161135923
866.0 0.0005254562438494759
867.0 0.0005833248906128574
868.0 0.0006550076705025276
869.0 0.0007266903594427276
870.0 0.0006176589977258118
871.0 0.0005086274995846907
872.0 0.0004177990831522038
873.0 0.00032697059850761434
874.0 0.0004306042228563456
875.0 0.0005342379154171795
876.0 0.0005535514446819434
877.0 0.0005728649284719722
878.0 0.0005680260073859245
879.0 0.0005631870408251416
880.0 0.0006045235295459861
881.0 0.000645860245640506
882.0 0.00047072412598936353
883.0 0.0002955881427624263
884.0 0.0004213808097119909
885.0 0.0005471735676110256
886.0 0.0006750643478881102
887.0 0.0008029553100641351
888.0 0.0007108797944965772
889.0 0.0006188042789290193
890.0 0.0006236502485990059
891.0 0.0006284962182689924
892.0 0.0006198968094395241
893.0 0.0006112975825089961
894.0 0.0005121756203152472
895.0 0.00041305379454570357
896.0 0.0003033849907296826
897.0 0.00019371618691366166
898.0 0.00025461745281063486
899.0 0.00031551867323287297
900.0 0.00030188302844180726
901.0 0.00028824738365074154
902.0 0.00045063061406835914
903.0 0.0006130138899607118
904.0 0.0004552563950710464
905.0 0.0002974988319692784
906.0 0.0004385114152682945
