lsstCam/transmission_filter_detector/r20_s10/g_6/19700101T000000.ecsv
# %ECSV 1.0
# ---
# datatype:
# - {name: wavelength, unit: nm, datatype: float32}
# - {name: efficiency, unit: '%', datatype: float64}
# meta: !!omap
# - {MODE: DETECTOR}
# - {TYPE: transmission_filter_detector}
# - {CALIBDATE: '1970-01-01T00:00:00'}
# - {INSTRUME: LSSTCam}
# - {OBSTYPE: transmission_filter_detector}
# - {CALIBCLS: lsst.ip.isr.IntermediateFilterDetectorTransmissionCurve}
# - {SOURCE: Materion (DM-46256)}
# - {DETECTOR: 75}
# - {FILTER: g_6}
# - {CALIB_ID: 'calibDate=1970-01-01T00:00:00 filter=g_6 detector=75'}
# - {DATE: '2025-04-02T15:59:42.375734'}
# - {CALIB_CREATION_DATE: '2025-04-02'}
# - {CALIB_CREATION_TIME: '15:59:42'}
# - __serialized_columns__:
#     efficiency:
#       __class__: astropy.units.quantity.Quantity
#       unit: !astropy.units.Unit {unit: '%'}
#       value: !astropy.table.SerializedColumn {name: efficiency}
#     wavelength:
#       __class__: astropy.units.quantity.Quantity
#       unit: !astropy.units.Unit {unit: nm}
#       value: !astropy.table.SerializedColumn {name: wavelength}
# schema: astropy-2.0
wavelength efficiency
[from data line 608]
908.0 0.0004487898877414409
909.0 0.0003180558223903063
910.0 0.0003006234692293219
911.0 0.00028319116154307267
912.0 0.0004123480266571278
913.0 0.0005415049145085504
914.0 0.0003899057901435299
915.0 0.0002383066430411418
916.0 0.0002264180011479766
917.0 0.00021452935925481142
918.0 0.0002839085482264636
919.0 0.0003532877371981158
920.0 0.0003779143980864319
921.0 0.00040254103623738047
922.0 0.00045395859160635155
923.0 0.0005053761015005875
924.0 0.0004376935066829901
925.0 0.0003700108663906576
926.0 0.0004263913069735281
927.0 0.0004827717930311337
928.0 0.0005056246664025821
929.0 0.0005284776307235006
930.0 0.0005206274181546178
931.0 0.00051277725106047
932.0 0.0005157888608664507
933.0 0.0005188006070966367
934.0 0.0004909232757199788
935.0 0.000463045944343321
936.0 0.0004903040462522767
937.0 0.0005175621936359676
938.0 0.0005504295586433727
939.0 0.0005832970146002481
940.0 0.0006114885763963684
941.0 0.0006396800017682835
942.0 0.0006994590876274742
943.0 0.0007592381734866649
944.0 0.0007155982530093752
945.0 0.0006719581506331451
946.0 0.0006929222308826866
947.0 0.0007138862201827578
948.0 0.0008463472113362513
949.0 0.000978808293439215
950.0 0.0009485722330282442
951.0 0.0009183361726172734
952.0 0.0008932446689868812
953.0 0.0008681529834575485
954.0 0.0008199332114600111
955.0 0.0007717133485130034
956.0 0.000696708320901962
957.0 0.0006217032023414504
958.0 0.0006867742285976419
959.0 0.0007518453003285686
960.0 0.0006690549980703508
961.0 0.0005862645139131928
962.0 0.0007018023552518571
963.0 0.0008173401511157863
964.0 0.0007152425951062469
965.0 0.0006131449026725022
966.0 0.0006316763119684765
967.0 0.0006502076757897157
968.0 0.0006871743607916869
969.0 0.0007241410457936581
970.0 0.0006733538612024859
971.0 0.0006225666311365785
972.0 0.0008354712917935103
973.0 0.001048375906975707
974.0 0.0009502720786258578
975.0 0.000852168432174949
976.0 0.0008263492418336682
977.0 0.0008005302333913278
978.0 0.0009073746696230955
979.0 0.0010142191968043335
980.0 0.0010277171895722859
981.0 0.0010412151823402382
982.0 0.0009750058779900428
983.0 0.0009087965736398473
984.0 0.0009390912055096123
985.0 0.0009693860192783177
986.0 0.0011587899280129932
987.0 0.0013481937457981985
988.0 0.001462895488657523
989.0 0.0015775969586684369
990.0 0.0016206951841013506
991.0 0.001663793227635324
992.0 0.0016118197891046293
993.0 0.0015598461686749943
994.0 0.001544007500342559
995.0 0.0015281684682122432
996.0 0.0014733484931639396
997.0 0.0014185284271661658
998.0 0.0013856298210157547
999.0 0.0013527312148653436
1000.0 0.0013162753930373583
1001.0 0.0012798194802599028
1002.0 0.0013062434845778625
1003.0 0.0013326674888958223
1004.0 0.0012754646377288736
1005.0 0.0012182618775113951
1006.0 0.0014331591955851763
1007.0 0.0016480566046084277
1008.0 0.0016211577531066723
1009.0 0.0015942590835038573
1010.0 0.001716635779303033
1011.0 0.0018390124751022086
1012.0 0.0018785651263897307
1013.0 0.0019181175957783125
1014.0 0.002033330201811623
1015.0 0.002148542807844933
1016.0 0.0023443426471203566
1017.0 0.00254014248639578
1018.0 0.002791195220197551
1019.0 0.0030422477721003816
1020.0 0.0032230429496848956
1021.0 0.003403837763471529
1022.0 0.0035207034670747817
1023.0 0.003637569534475915
1024.0 0.003747137452592142
1025.0 0.0038567053707083687
1026.0 0.004047102993354201
1027.0 0.004237500616000034
1028.0 0.004430391709320247
1029.0 0.00462328280264046
1030.0 0.004638945756596513
1031.0 0.004654608346754685
1032.0 0.004921113941236399
1033.0 0.005187619535718113
1034.0 0.005228519148658961
1035.0 0.005269418761599809
1036.0 0.00531951773155015
1037.0 0.00536961670150049
1038.0 0.005672626139130443
1039.0 0.005975635940558277
1040.0 0.006242293602554128
1041.0 0.006508950900752097
1042.0 0.006684674008283764
1043.0 0.0068603963882196695
1044.0 0.007193350757006556
1045.0 0.007526304398197681
1046.0 0.008488706225762144
1047.0 0.009451107325730845
1048.0 0.01062553928932175
1049.0 0.011799969070125371
1050.0 0.014130215276964009
1051.0 0.0164604585734196
1052.0 0.019827665528282523
1053.0 0.023194876848720014
1054.0 0.027836859226226807
1055.0 0.032478838693350554
1056.0 0.03901627496816218
1057.0 0.04555370833259076
1058.0 0.05305325030349195
1059.0 0.060552783543244004
1060.0 0.06832185317762196
1061.0 0.07609091117046773
1062.0 0.08311010897159576
1063.0 0.09012927184812725
1064.0 0.09538852609694004
1065.0 0.10064775124192238
1066.0 0.10580969974398613
1067.0 0.11097164824604988
1068.0 0.1175994984805584
1069.0 0.12422738363966346
1070.0 0.1344499411061406
1071.0 0.14467249857261777
1072.0 0.1575977192260325
1073.0 0.17052293987944722
1074.0 0.1849992317147553
1075.0 0.19947553519159555
1076.0 0.21345415152609348
1077.0 0.2274327678605914
1078.0 0.24107168428599834
1079.0 0.2547106007114053
1080.0 0.2709803404286504
1081.0 0.2872500568628311
1082.0 0.3113898914307356
1083.0 0.33552972599864006
1084.0 0.3730458440259099
1085.0 0.41056200861930847
1086.0 0.44483751989901066
1087.0 0.47911303117871284
1088.0 0.5426612216979265
1089.0 0.6062094122171402
1090.0 0.6825373508036137
1091.0 0.7588652428239584
1092.0 0.7875462062656879
1093.0 0.8162269368767738
1094.0 0.8534647524356842
1095.0 0.8907024748623371
1096.0 0.9346374310553074
1097.0 0.9785725735127926
1098.0 1.0215184651315212
1099.0 1.0644645430147648
1100.0 1.2012005783617496
1101.0 1.3379364274442196
