lsstCam/transmission_filter_detector/r10_s22/y_10/19700101T000000.ecsv
# %ECSV 1.0
# ---
# datatype:
# - {name: wavelength, unit: nm, datatype: float32}
# - {name: efficiency, unit: '%', datatype: float64}
# meta: !!omap
# - {MODE: DETECTOR}
# - {TYPE: transmission_filter_detector}
# - {CALIBDATE: '1970-01-01T00:00:00'}
# - {INSTRUME: LSSTCam}
# - {OBSTYPE: transmission_filter_detector}
# - {CALIBCLS: lsst.ip.isr.IntermediateFilterDetectorTransmissionCurve}
# - {SOURCE: Materion (DM-46256)}
# - {DETECTOR: 35}
# - {FILTER: y_10}
# - {CALIB_ID: 'calibDate=1970-01-01T00:00:00 filter=y_10 detector=35'}
# - {DATE: '2025-04-02T15:59:50.904364'}
# - {CALIB_CREATION_DATE: '2025-04-02'}
# - {CALIB_CREATION_TIME: '15:59:50'}
# - __serialized_columns__:
#     efficiency:
#       __class__: astropy.units.quantity.Quantity
#       unit: !astropy.units.Unit {unit: '%'}
#       value: !astropy.table.SerializedColumn {name: efficiency}
#     wavelength:
#       __class__: astropy.units.quantity.Quantity
#       unit: !astropy.units.Unit {unit: nm}
#       value: !astropy.table.SerializedColumn {name: wavelength}
# schema: astropy-2.0
wavelength efficiency
300.0 0.5391657818108797
301.0 0.28967715334147215
302.0 0.040188481216318905
303.0 0.036437204107642174
304.0 0.03268592699896544
305.0 0.02161041193176061
306.0 0.010534892498981208
307.0 0.018505487241782248
308.0 0.026476080529391766
309.0 0.018325856945011765
310.0 0.010175632633036003
311.0 0.007729473145445809
312.0 0.005283312202664092
313.0 0.007228455069707707
314.0 0.00917359720915556
315.0 0.007573808397864923
316.0 0.0059740217693615705
317.0 0.006115449650678784
318.0 0.00625687389401719
319.0 0.002840786510205362
320.0 1.610694975832938e-10
321.0 0.0023564916773466393
322.0 0.0052882853196933866
323.0 0.003591048516682349
324.0 0.001893811895570252
325.0 0.0003498331125229015
326.0 1.610694975832938e-10
327.0 7.170921776378236e-05
328.0 0.0013375645721680485
329.0 0.003109335375484079
330.0 0.00488110636069905
331.0 0.004472319415071979
332.0 0.004063532469444908
333.0 0.0030038099794182926
334.0 0.0019440871255937964
335.0 0.0021983769329381175
336.0 0.002452666922181379
337.0 0.0026955269277095795
338.0 0.002938386569439899
339.0 0.0014990257113822736
340.0 5.9664893115041195e-05
341.0 1.610694975832938e-10
342.0 1.610694975832938e-10
343.0 0.0002257545475004008
344.0 0.0011751594684028532
345.0 0.0012458402125048451
346.0 0.001316521502303658
347.0 0.0015129614439501893
348.0 0.00170940111274831
349.0 0.0014293726962932851
350.0 0.0011493438250909094
351.0 0.0014008256584929768
352.0 0.001652306855248753
353.0 0.001360963869956322
354.0 0.001069620884663891
355.0 0.0011209390322619583
356.0 0.0011722570889105555
357.0 0.0009784623216546606
358.0 0.0007846673724998254
359.0 0.0008758964213484433
360.0 0.0009671255611465313
361.0 0.0012629187040147372
362.0 0.001558711846882943
363.0 0.001228568817168707
364.0 0.0008984255146060605
365.0 0.0012092048564227298
366.0 0.0015199848348856904
367.0 0.0019124607206322253
368.0 0.00230493660637876
369.0 0.002089514964609407
370.0 0.0018740933228400536
371.0 0.0018135271602659486
372.0 0.001752960633893963
373.0 0.002122027763107326
374.0 0.002491095074219629
375.0 0.003307742008473724
376.0 0.004124388942727819
377.0 0.004045145396958105
378.0 0.0039659018511883914
379.0 0.003584576552384533
380.0 0.003203250889782794
381.0 0.0022190186427906156
382.0 0.0012347863048489671
383.0 0.001158202940132469
384.0 0.0010816193025675602
385.0 0.0008233721018768847
386.0 0.0005651248557114741
387.0 0.0006319764452200616
388.0 0.0006988280347286491
389.0 0.0006759623829566408
390.0 0.0006530968221341027
391.0 0.0005521243110706564
392.0 0.0004511518000072101
393.0 0.0005679496098309755
394.0 0.0006847476015536813
395.0 0.0006861401288915658
396.0 0.0006875326562294504
397.0 0.000822354468255071
398.0 0.0009571761438564863
399.0 0.0012439547390385997
400.0 0.0015307334251701832
401.0 0.001656287167861592
402.0 0.0017818409105530009
403.0 0.001851600427471567
404.0 0.0019213601262890734
405.0 0.001791450267774053
406.0 0.0016615405911579728
407.0 0.0013827282600686885
408.0 0.0011039161108783446
409.0 0.0008919021638575941
410.0 0.0006798882623115787
411.0 0.0003837275471596513
412.0 8.756682063904009e-05
413.0 0.0006019204647600418
414.0 0.0011162738701386843
415.0 0.0016098581909318455
416.0 0.002103442602674477
417.0 0.000913946314540226
418.0 1.610694975832938e-10
419.0 1.610694975832938e-10
420.0 1.610694975832938e-10
421.0 1.610694975832938e-10
422.0 0.0004857410203840118
423.0 0.0003934027972718468
424.0 0.00030106430131127127
425.0 0.00011202256473552552
426.0 1.610694975832938e-10
427.0 0.0003187411948601948
428.0 0.0007145017661969177
429.0 0.00022074641492508817
430.0 1.610694975832938e-10
431.0 0.0003526095269990037
432.0 0.0009782282177184243
433.0 0.0005563912054640241
434.0 0.00013455468206302612
435.0 1.610694975832938e-10
436.0 1.610694975832938e-10
437.0 1.610694975832938e-10
438.0 3.241238175633043e-05
439.0 1.610694975832938e-10
440.0 1.610694975832938e-10
441.0 1.610694975832938e-10
442.0 1.610694975832938e-10
443.0 1.610694975832938e-10
444.0 1.610694975832938e-10
445.0 0.00011106465080956696
446.0 0.0005595657057710923
447.0 0.0007040378477540798
448.0 0.000848509807838127
449.0 0.0007614441983605502
450.0 0.0006743784524587682
451.0 0.0002589520818219171
452.0 1.610694975832938e-10
453.0 1.610694975832938e-10
454.0 1.610694975832938e-10
455.0 1.610694975832938e-10
456.0 1.610694975832938e-10
457.0 1.610694975832938e-10
458.0 1.610694975832938e-10
459.0 9.892315802062512e-05
460.0 0.00030313149181893095
461.0 0.00037637462355633033
462.0 0.0004496177552937297
463.0 0.00048014449021138716
464.0 0.0005106713615532499
465.0 0.0005014951966586523
466.0 0.000492319213662995
467.0 0.001029168561217375
468.0 0.001566017817822285
469.0 0.0016813110050861724
470.0 0.001796603828552179
471.0 0.0016728436094126664
472.0 0.0015490832083742134
473.0 0.002207761826866772
474.0 0.0028664404453593306
475.0 0.0026470872398931533
476.0 0.002427734034426976
477.0 0.003044178993150126
478.0 0.0036606241337722167
479.0 0.004117170828976668
480.0 0.0045737182517768815
481.0 0.004660171180148609
482.0 0.004746624836116098
483.0 0.0041235540265915915
484.0 0.0035004828532692045
485.0 0.003775249933823943
486.0 0.0040500173781765625
487.0 0.0035316050343681127
488.0 0.0030131928724586032
489.0 0.0024633014618302695
490.0 0.0019134104149998166
491.0 0.0016227664673351683
492.0 0.0013321222468221094
493.0 0.001007077116810251
494.0 0.0006820325779699488
495.0 0.0009577814125805162
496.0 0.001233530474564759
497.0 0.0018454429664416239
498.0 0.002457355731166899
499.0 0.0025120309146586806
500.0 0.0025667062800494023
501.0 0.0025316230676253326
502.0 0.0024965400371002033
503.0 0.0025821098461165093
504.0 0.0026676796551328152
505.0 0.0031068459065863863
506.0 0.0035460121580399573
507.0 0.002660551945155021
508.0 0.001775091004674323
509.0 0.0019025441361009143
510.0 0.002029996903729625
511.0 0.002151398985006381
512.0 0.0022728010662831366
513.0 0.0019589884686865844
514.0 0.0016451760529889725
515.0 0.001451659954909701
516.0 0.0012581437658809591
517.0 0.0014233181900635827
518.0 0.0015884921594988555
519.0 0.0015853776858421043
520.0 0.001582262666488532
521.0 0.0016776917618699372
522.0 0.0017731203115545213
523.0 0.0016672060155542567
524.0 0.0015612917195539922
525.0 0.0020718049199786037
526.0 0.0025823186661000364
527.0 0.0024253262381535023
528.0 0.0022683339921059087
529.0 0.002437775765429251
530.0 0.0026072171749547124
531.0 0.002605555891932454
532.0 0.002603894245112315
533.0 0.002701123412407469
534.0 0.002798352034005802
535.0 0.00237987933360273
536.0 0.0019614062694017775
537.0 0.002337610931135714
538.0 0.0027138154109707102
539.0 0.003370603735675104
540.0 0.004027391332783736
541.0 0.004117031130590476
542.0 0.004206670928397216
543.0 0.004386961518321186
544.0 0.004567252108245157
545.0 0.004922100924886763
546.0 0.0052769497415283695
547.0 0.0043375432142056525
548.0 0.0033981366868829355
549.0 0.0030481380235869437
550.0 0.0026981391783920117
551.0 0.0026813180738827214
552.0 0.0026644967874744907
553.0 0.0031312494684243575
554.0 0.003598001057980582
555.0 0.003866552287945524
556.0 0.004135104245506227
557.0 0.0035412245779298246
558.0 0.002947344910353422
559.0 0.003032858148799278
560.0 0.0031183713872451335
561.0 0.0033280764910159633
562.0 0.0035377808671910316
563.0 0.0034438518923707306
564.0 0.0033499229175504297
565.0 0.003914816625183448
566.0 0.004479710332816467
567.0 0.0045180357119534165
568.0 0.004556361091090366
569.0 0.005267574670142494
570.0 0.005978788249194622
571.0 0.005884011261514388
572.0 0.005789234273834154
573.0 0.006275793566601351
574.0 0.006762352859368548
575.0 0.006603819201700389
576.0 0.006445286271627992
577.0 0.005720815534004942
578.0 0.0049963451601797715
579.0 0.0058042456657858565
580.0 0.006612145807594061
581.0 0.007330681546591222
582.0 0.0080492151028011
583.0 0.008727114618523046
584.0 0.009405011951457709
585.0 0.009678910282673314
586.0 0.00995280934148468
587.0 0.010014841245720163
588.0 0.010076868784381077
589.0 0.010412577830720693
590.0 0.010748289059847593
591.0 0.010031889542005956
592.0 0.009315488568972796
593.0 0.007579987868666649
594.0 0.005844489351147786
595.0 0.005822461753268726
596.0 0.005800434519187547
597.0 0.006181266508065164
598.0 0.0065620981331449
599.0 0.007538546924479306
600.0 0.00851499498821795
601.0 0.008985710155684501
602.0 0.009456423140363768
603.0 0.010533044405747205
604.0 0.011609667126322165
605.0 0.01152172771980986
606.0 0.011433788313297555
607.0 0.009889684588415548
608.0 0.008345583046320826
609.0 0.006595573358936235
610.0 0.004845565490541048
611.0 0.00404553247790318
612.0 0.0032454994652653113
613.0 0.003813236253336072
614.0 0.004380972677608952
615.0 0.005081206472823396
616.0 0.005781441359431483
617.0 0.0069977490056771785
618.0 0.008214056288124993
619.0 0.009368727478431538
620.0 0.010523399396333843
621.0 0.011548475595191121
622.0 0.012573550338856876
623.0 0.012447185872588307
624.0 0.012320818495936692
625.0 0.01074826213880442
626.0 0.009175703598884866
627.0 0.007285011815838516
628.0 0.005394318213802762
629.0 0.004413658825797029
630.0 0.0034329990739934146
631.0 0.002883932575059589
632.0 0.002334865894226823
633.0 0.002497619607311208
634.0 0.0026603733203955926
635.0 0.0029039143555564806
636.0 0.0031474548450205475
637.0 0.003917020876542665
638.0 0.004686586180469021
639.0 0.004802239709533751
640.0 0.004917892147204839
641.0 0.005270725887385197
642.0 0.005623559627565555
643.0 0.005646243516821414
644.0 0.0056689270422793925
645.0 0.005198537473916076
646.0 0.00472814790555276
647.0 0.0038154797948664054
648.0 0.0029028124117758125
649.0 0.0020719509848277085
650.0 0.0012410894669301342
651.0 0.0014443618965742644
652.0 0.0016476347809657454
653.0 0.0016262227291008458
654.0 0.0016048104953370057
655.0 0.001672069811320398
656.0 0.0017393293092027307
657.0 0.0015231540601234883
658.0 0.0013069789929431863
659.0 0.001666903517616447
660.0 0.002026828042289708
661.0 0.0018028251361101866
662.0 0.0015788222299306653
663.0 0.002242968366772402
664.0 0.0029071148674120195
665.0 0.0035152945201843977
666.0 0.0041234739910578355
667.0 0.004717382398666814
668.0 0.00531128935108427
669.0 0.0054896667279535905
670.0 0.0056680401030462235
671.0 0.00629729256615974
672.0 0.006926544301677495
673.0 0.0077920798503328115
674.0 0.008657614671392366
675.0 0.007967169949552044
676.0 0.007276728865690529
677.0 0.005868184962309897
678.0 0.0044596410589292645
679.0 0.0029098244340275414
680.0 0.0013600083548226394
681.0 0.0005944485565123614
682.0 1.610694975832938e-10
683.0 0.00019587657789088553
684.0 0.000562864579478628
685.0 0.000289387230623106
686.0 1.590990024169514e-05
687.0 0.00011427479194026091
688.0 0.0002126397021129378
689.0 0.0002764356622719788
690.0 0.0003402316679057549
691.0 0.00045195793063612655
692.0 0.0005636841706291307
693.0 0.0005001683348382358
694.0 0.00043665245357260574
695.0 0.00045585061343444977
696.0 0.0004750487732962938
697.0 0.0004679657195083564
698.0 0.00046088257477094885
699.0 0.0004488700142246671
700.0 0.0004368572263047099
701.0 0.00030242531465773936
702.0 0.00016799350532892277
703.0 0.00021809394183947006
704.0 0.0002681944124560687
705.0 0.00037013410292274784
706.0 0.0004720736342278542
707.0 0.00018742026668405742
708.0 1.610694975832938e-10
709.0 4.258636110421321e-06
710.0 0.00010575035958027001
711.0 0.0003351141913299216
712.0 0.0005644780230795732
713.0 0.00040659560909261927
714.0 0.0002487131723682978
715.0 0.000387826185033191
716.0 0.0005269391749607166
717.0 0.00026489387892070226
718.0 2.8487288972200986e-06
719.0 0.0002418732037767768
720.0 0.00048089750634972006
721.0 0.0003640869636001298
722.0 0.0002472764208505396
723.0 0.0003417472044020542
724.0 0.0004362179424788337
725.0 0.00048081619752338156
726.0 0.0005254145889921347
727.0 0.00027001801754522603
728.0 1.4621721788898867e-05
729.0 0.000276314949587686
730.0 0.0005380082711781142
731.0 0.0006873831353004789
732.0 0.0008367581358470488
733.0 0.00028988952180952765
734.0 1.610694975832938e-10
735.0 1.610694975832938e-10
736.0 1.610694975832938e-10
737.0 0.0003834582912531914
738.0 0.0010474809641891625
739.0 0.0007531764822488185
740.0 0.00045887159103585873
741.0 0.0002750592102529481
742.0 9.124685789174691e-05
743.0 1.610694975832938e-10
744.0 1.610694975832938e-10
745.0 0.00026142856768274214
746.0 0.0007957703928695992
747.0 0.0003398348781047389
748.0 1.610694975832938e-10
749.0 1.610694975832938e-10
750.0 1.610694975832938e-10
751.0 1.610694975832938e-10
752.0 0.00013264675544633064
753.0 0.00030493818030663533
754.0 0.00047722960516694
755.0 1.610694975832938e-10
756.0 1.610694975832938e-10
757.0 1.610694975832938e-10
758.0 1.610694975832938e-10
759.0 7.80137554556859e-06
760.0 0.0005289628916216316
761.0 0.00026646685000741854
762.0 3.970705719780199e-06
763.0 1.610694975832938e-10
764.0 1.610694975832938e-10
765.0 7.028111781437474e-05
766.0 0.00042154988477705047
767.0 3.573229889752838e-06
768.0 1.610694975832938e-10
769.0 1.610694975832938e-10
770.0 1.610694975832938e-10
771.0 1.610694975832938e-10
772.0 1.610694975832938e-10
773.0 0.00024321927867276827
774.0 0.0007759831532894168
775.0 0.00044651833377429284
776.0 0.00011705344604706625
777.0 0.00028635179205593886
778.0 0.00045565011532744393
779.0 0.0005090472313895589
780.0 0.0005624443474516738
781.0 0.0005537268862099154
782.0 0.000545009424968157
783.0 0.0004146433639107272
784.0 0.0002842772801159299
785.0 0.00018119292235496687
786.0 7.810818374309747e-05
787.0 0.0005079544735053787
788.0 0.0009378006325277966
789.0 0.000797305710875662
790.0 0.0006568107892235275
791.0 0.0004942076884617563
792.0 0.0003316043603263097
793.0 0.0004942681698594242
794.0 0.0006569317065441282
795.0 0.0006742935966030927
796.0 0.000691655350237852
797.0 0.0004271006673661759
798.0 0.00016254598449449986
799.0 0.0006576267423952231
800.0 0.0011527075912454166
801.0 0.0006179316187626682
802.0 8.315568038597121e-05
803.0 0.00028663696411967976
804.0 0.0004901182364847045
805.0 0.000680430639476981
806.0 0.0008707430424692575
807.0 0.0005502859949046979
808.0 0.0002298289700775058
809.0 0.00015279808849300025
810.0 7.576718417112716e-05
811.0 0.0002519155032132403
812.0 0.00042806382225535344
813.0 0.000732822854843107
814.0 0.0010375818419561256
815.0 0.0010228884093521629
816.0 0.001008194340101909
817.0 0.0010095531251863576
818.0 0.0010109119102708064
819.0 0.0009274270269088447
820.0 0.0008439420525974128
821.0 0.0007961977644299623
822.0 0.0007484533853130415
823.0 0.0007046248356346041
824.0 0.000660796422380372
825.0 0.0006476260750787333
826.0 0.0006344557732518297
827.0 0.0006377172667271225
828.0 0.0006409788056771504
829.0 0.00032723939966672333
830.0 1.3499976603270625e-05
831.0 6.748276746293413e-05
832.0 0.00012146575727456366
833.0 0.00033293954402324744
834.0 0.0005444132057164097
835.0 9.282063615501102e-05
836.0 1.610694975832938e-10
837.0 1.610694975832938e-10
838.0 0.00011422634997870773
839.0 0.00040627405724080745
840.0 0.0006983217645029072
841.0 0.0009725222298584413
842.0 0.0012467226042645052
843.0 0.0009604726983525325
844.0 0.000674222428642679
845.0 0.0005861249519512057
846.0 0.0004980273843102623
847.0 0.0009043676072906237
848.0 0.001310707739321515
849.0 0.0011135603926959448
850.0 0.0009164126822724938
851.0 0.0011173813618370332
852.0 0.0013183500414015725
853.0 0.00046150744310580194
854.0 1.610694975832938e-10
855.0 1.610694975832938e-10
856.0 1.610694975832938e-10
857.0 0.0003441361968725687
858.0 0.0014109448784438428
859.0 0.0012323283954174258
860.0 0.0010537116395425983
861.0 0.001342056020803284
862.0 0.0016304007658618502
863.0 0.001800133213691879
864.0 0.0019698654796229675
865.0 0.0019464221622911282
866.0 0.0019229792087571695
867.0 0.002734008739935234
868.0 0.003545038271113299
869.0 0.0030781335226492956
870.0 0.0026112287741852924
871.0 0.0031643445254303515
872.0 0.003717461004271172
873.0 0.0027177460651728325
874.0 0.001718031671771314
875.0 0.0024620585463708267
876.0 0.003206085239071399
