lsstCam/transmission_filter_detector/r10_s22/y_10/19700101T000000.ecsv
# %ECSV 1.0
# ---
# datatype:
# - {name: wavelength, unit: nm, datatype: float32}
# - {name: efficiency, unit: '%', datatype: float64}
# meta: !!omap
# - {MODE: DETECTOR}
# - {TYPE: transmission_filter_detector}
# - {CALIBDATE: '1970-01-01T00:00:00'}
# - {INSTRUME: LSSTCam}
# - {OBSTYPE: transmission_filter_detector}
# - {CALIBCLS: lsst.ip.isr.IntermediateFilterDetectorTransmissionCurve}
# - {SOURCE: Materion (DM-46256)}
# - {DETECTOR: 35}
# - {FILTER: y_10}
# - {CALIB_ID: 'calibDate=1970-01-01T00:00:00 filter=y_10 detector=35'}
# - {DATE: '2025-04-02T15:59:50.904364'}
# - {CALIB_CREATION_DATE: '2025-04-02'}
# - {CALIB_CREATION_TIME: '15:59:50'}
# - __serialized_columns__:
#     efficiency:
#       __class__: astropy.units.quantity.Quantity
#       unit: !astropy.units.Unit {unit: '%'}
#       value: !astropy.table.SerializedColumn {name: efficiency}
#     wavelength:
#       __class__: astropy.units.quantity.Quantity
#       unit: !astropy.units.Unit {unit: nm}
#       value: !astropy.table.SerializedColumn {name: wavelength}
# schema: astropy-2.0
wavelength efficiency
[from data line 578]
878.0 0.000903023192222463
879.0 0.0016523090380360372
880.0 0.06195735768415034
881.0 0.09876582771539688
882.0 0.05667108343914151
883.0 0.10486276587471366
884.0 0.06653983145952225
885.0 0.08850489975884557
886.0 0.07237257086671889
887.0 0.1041754730977118
888.0 0.07352472748607397
889.0 0.10387544753029943
890.0 0.07973768515512347
891.0 0.08713779388926923
892.0 0.06991710979491472
893.0 0.10138275101780891
894.0 0.08081250125542283
895.0 0.09985853685066104
896.0 0.07589998422190547
897.0 0.10774499969556928
898.0 0.08846835698932409
899.0 0.11239752639085054
900.0 0.09661009535193443
901.0 0.1276242546737194
902.0 0.15328287845477462
903.0 0.15550621319562197
904.0 0.1823508646339178
905.0 0.2061220584437251
906.0 0.26260886806994677
907.0 0.3356200875714421
908.0 0.43447832576930523
909.0 0.5735016893595457
910.0 0.8202239871025085
911.0 1.1292186565697193
912.0 1.6613364219665527
913.0 2.4956176057457924
914.0 3.514024242758751
915.0 5.090594291687012
916.0 7.006119191646576
917.0 9.20848622918129
918.0 11.809443682432175
919.0 14.324179291725159
920.0 17.7413210272789
921.0 21.233370900154114
922.0 24.6846005320549
923.0 28.690549731254578
924.0 33.117979764938354
925.0 38.0215585231781
926.0 44.028180837631226
927.0 50.597602128982544
928.0 56.53730630874634
929.0 63.07503581047058
930.0 68.9326822757721
931.0 74.78101849555969
932.0 80.18622398376465
933.0 84.9372923374176
934.0 88.41236233711243
935.0 90.98615646362305
936.0 92.99395084381104
937.0 94.41806077957153
938.0 95.38403749465942
939.0 95.87861895561218
940.0 96.25170826911926
941.0 96.52147889137268
942.0 96.75911664962769
943.0 96.86036109924316
944.0 97.20093011856079
945.0 97.16664552688599
946.0 97.25816249847412
947.0 97.25291728973389
948.0 97.41811156272888
949.0 97.34244346618652
950.0 97.42541313171387
951.0 97.42750525474548
952.0 97.47472405433655
953.0 97.65067100524902
954.0 97.74941205978394
955.0 97.82803654670715
956.0 98.10588955879211
957.0 98.27662706375122
958.0 98.42095375061035
959.0 98.5145628452301
960.0 98.65445494651794
961.0 98.70294332504272
962.0 98.73428344726562
963.0 98.79673719406128
964.0 98.81049990653992
965.0 98.8883912563324
966.0 98.91793727874756
967.0 99.00650978088379
968.0 98.96075129508972
969.0 98.94487261772156
970.0 98.99324178695679
971.0 99.00663495063782
972.0 99.13016557693481
973.0 99.18137192726135
974.0 99.21051859855652
975.0 99.1933286190033
976.0 99.24668669700623
977.0 99.25587177276611
978.0 99.28109645843506
979.0 99.21627044677734
980.0 99.19326901435852
981.0 99.13060069084167
982.0 99.05223250389099
983.0 99.07854199409485
984.0 98.99985194206238
985.0 99.02225732803345
986.0 98.88748526573181
987.0 98.95488619804382
988.0 98.84477257728577
989.0 98.84159564971924
990.0 98.79815578460693
991.0 98.82416129112244
992.0 98.90382289886475
993.0 98.82364273071289
994.0 98.81418347358704
995.0 98.83055090904236
996.0 98.87258410453796
997.0 98.95569682121277
998.0 98.9880383014679
999.0 99.04924631118774
1000.0 99.12301898002625
1001.0 99.05269742012024
1002.0 99.15187954902649
1003.0 99.18239116668701
1004.0 99.25535321235657
1005.0 99.18133020401001
1006.0 99.3156909942627
1007.0 99.29335713386536
1008.0 99.27151799201965
1009.0 99.23964142799377
1010.0 99.26763772964478
1011.0 99.24314618110657
1012.0 99.14763569831848
1013.0 99.1617202758789
1014.0 99.15558695793152
1015.0 99.08393621444702
1016.0 99.0876317024231
1017.0 99.10502433776855
1018.0 99.11996126174927
1019.0 99.04131293296814
1020.0 99.09877181053162
1021.0 99.2496132850647
1022.0 99.10942912101746
1023.0 99.1495668888092
1024.0 99.13374185562134
1025.0 99.10911321640015
1026.0 99.21022653579712
1027.0 99.28025603294373
1028.0 99.23984408378601
1029.0 99.34260249137878
1030.0 99.31168556213379
1031.0 99.30364489555359
1032.0 99.34183955192566
1033.0 99.3598997592926
1034.0 99.36331510543823
1035.0 99.43424463272095
1036.0 99.29336309432983
1037.0 99.40627217292786
1038.0 99.30904507637024
1039.0 99.21544194221497
1040.0 99.16716814041138
1041.0 99.22018647193909
1042.0 99.136883020401
1043.0 99.18959140777588
1044.0 99.19857978820801
1045.0 98.95766973495483
1046.0 99.07317161560059
1047.0 99.08103942871094
1048.0 99.02068376541138
1049.0 98.97874593734741
1050.0 98.96540641784668
1051.0 99.00650382041931
1052.0 98.96607995033264
1053.0 98.84665012359619
1054.0 99.07470345497131
1055.0 99.18453693389893
1056.0 99.03798699378967
1057.0 99.12468791007996
1058.0 98.9759087562561
1059.0 99.01458621025085
1060.0 99.15938973426819
1061.0 99.0600049495697
1062.0 99.08817410469055
1063.0 99.10438656806946
1064.0 99.18318390846252
1065.0 99.0917980670929
1066.0 99.02572631835938
1067.0 99.13851022720337
1068.0 99.11355376243591
1069.0 98.96225333213806
1070.0 99.35920238494873
1071.0 99.20389652252197
1072.0 99.13736581802368
1073.0 99.18745160102844
1074.0 98.87593984603882
1075.0 98.9517331123352
1076.0 98.648202419281
1077.0 99.02015328407288
1078.0 99.21036958694458
1079.0 98.84811639785767
1080.0 99.55804944038391
1081.0 98.96216988563538
1082.0 98.91461730003357
1083.0 98.5885739326477
1084.0 99.06870126724243
1085.0 99.0325927734375
1086.0 98.85802865028381
1087.0 98.95119667053223
1088.0 98.84292483329773
1089.0 98.65394830703735
1090.0 98.70103001594543
1091.0 99.02316927909851
1092.0 98.8696813583374
1093.0 98.78949522972107
1094.0 98.44204187393188
1095.0 98.44766855239868
1096.0 98.6540138721466
1097.0 98.63079190254211
1098.0 97.9400098323822
1099.0 98.72461557388306
1100.0 98.1345534324646
