lsstCam/transmission_sensor/r33_s11/19700101T000000.ecsv
# %ECSV 1.0
# ---
# datatype:
# - {name: amp_name, datatype: string}
# - {name: wavelength, unit: nm, datatype: float32}
# - {name: efficiency, unit: '%', datatype: float64}
# meta: !!omap
# - {MODE: AMP}
# - {TYPE: transmission_sensor}
# - {CALIBDATE: '1970-01-01T00:00:00'}
# - {INSTRUME: LSSTCAM}
# - {OBSTYPE: transmission_sensor}
# - {DETECTOR: 148}
# - {PARQUETFILE: qe_raft_allvalues_nircorrected_20230725.parquet}
# - {CALIBCLS: lsst.ip.isr.IntermediateSensorTransmissionCurve}
# - {CALIB_ID: 'raftName=R33 detectorName=S11 detector=148 calibDate=1970-01-01T00:00:00 ccd=148 ccdnum=148 filter=None'}
# - {DATE: '2023-08-02T16:57:56.017426'}
# - {CALIB_CREATION_DATE: '2023-08-02'}
# - {CALIB_CREATION_TIME: '16:57:56'}
# - __serialized_columns__:
#     efficiency:
#       __class__: astropy.units.quantity.Quantity
#       unit: !astropy.units.Unit {unit: '%'}
#       value: !astropy.table.SerializedColumn {name: efficiency}
#     wavelength:
#       __class__: astropy.units.quantity.Quantity
#       unit: !astropy.units.Unit {unit: nm}
#       value: !astropy.table.SerializedColumn {name: wavelength}
# schema: astropy-2.0
amp_name wavelength efficiency
C00 319.994 40.75911331176758
C00 324.969 45.994102478027344
C00 349.982 66.13713836669922
C00 374.975 69.41752624511719
C00 400.019 79.26493072509766
C00 424.965 83.12518310546875
C00 450.035 86.7929458618164
C00 475.003 89.78703308105469
C00 500.018 92.05937194824219
C00 525.002 93.96781921386719
C00 550.029 95.63235473632812
C00 575.023 97.21083068847656
C00 599.982 98.26468658447266
C00 619.997 98.14021301269531
C00 624.979 98.58604431152344
C00 650.012 98.87395477294922
C00 675.004 98.75151062011719
C00 700.03 98.10900115966797
C00 725.012 97.79508209228516
C00 750.022 97.20584869384766
C00 774.987 97.17909240722656
C00 799.976 96.53466033935547
C00 824.988 94.60115814208984
C00 850.022 92.4051284790039
C00 869.967 89.21666717529297
C00 875.002 88.38296508789062
C00 899.999 81.50980377197266
C00 919.999 73.43325805664062
C00 925.012 70.72476959228516
C00 949.965 58.399227142333984
C00 975.002 43.38966369628906
C00 999.976 26.866500854492188
C00 1025.028 11.95138931274414
C00 1050.014 4.392720699310303
C00 1075.002 0.9260757814786162
C00 1099.99 0.0918843882699719
C01 319.994 41.38547897338867
C01 324.969 46.70234298706055
C01 349.982 67.22380065917969
C01 374.975 70.41268920898438
C01 400.019 79.9158706665039
C01 424.965 83.58843994140625
C01 450.035 87.16357421875
C01 475.003 90.10366821289062
C01 500.018 92.3368911743164
C01 525.002 94.22744750976562
C01 550.029 95.87382507324219
C01 575.023 97.4476089477539
C01 599.982 98.49597930908203
C01 619.997 98.36797332763672
C01 624.979 98.81222534179688
C01 650.012 99.09795379638672
C01 675.004 98.97705078125
C01 700.03 98.32894134521484
C01 725.012 98.00416564941406
C01 750.022 97.39119720458984
C01 774.987 97.34569549560547
C01 799.976 96.68400573730469
C01 824.988 94.75883483886719
C01 850.022 92.52603912353516
C01 869.967 89.30792236328125
C01 875.002 88.4960708618164
C01 899.999 81.63555908203125
C01 919.999 73.51834869384766
C01 925.012 70.78112030029297
C01 949.965 58.40442657470703
C01 975.002 43.174278259277344
C01 999.976 26.780899047851562
C01 1025.028 11.83050537109375
C01 1050.014 4.315737724304199
C01 1075.002 0.9278418685524739
C01 1099.99 0.0920596178069692
C02 319.994 41.8015022277832
C02 324.969 47.17860412597656
C02 349.982 67.98450469970703
C02 374.975 71.12496185302734
C02 400.019 80.37678527832031
C02 424.965 83.90485382080078
C02 450.035 87.40287780761719
C02 475.003 90.29203033447266
C02 500.018 92.49971771240234
C02 525.002 94.36698913574219
C02 550.029 96.00759887695312
C02 575.023 97.57450866699219
C02 599.982 98.61942291259766
C02 619.997 98.48617553710938
C02 624.979 98.9332504272461
C02 650.012 99.21759033203125
C02 675.004 99.0935287475586
C02 700.03 98.44111633300781
C02 725.012 98.10531616210938
C02 750.022 97.48392486572266
C02 774.987 97.42903137207031
C02 799.976 96.75985717773438
C02 824.988 94.81765747070312
C02 850.022 92.62010192871094
C02 869.967 89.38501739501953
C02 875.002 88.54145050048828
C02 899.999 81.68647003173828
C02 919.999 73.7481689453125
C02 925.012 70.93379974365234
C02 949.965 58.42039489746094
C02 975.002 43.127498626708984
C02 999.976 26.82390785217285
C02 1025.028 11.8139066696167
C02 1050.014 4.267477035522461
C02 1075.002 0.9287254157313711
C02 1099.99 0.09214728254636127
C03 319.994 41.93131637573242
C03 324.969 47.32778549194336
C03 349.982 68.28050231933594
C03 374.975 71.41429138183594
C03 400.019 80.47284698486328
C03 424.965 83.89171600341797
C03 450.035 87.32676696777344
C03 475.003 90.1772232055664
C03 500.018 92.35708618164062
C03 525.002 94.21282958984375
C03 550.029 95.84268951416016
C03 575.023 97.40365600585938
C03 599.982 98.446044921875
C03 619.997 98.31249237060547
C03 624.979 98.7593994140625
C03 650.012 99.0437240600586
C03 675.004 98.91908264160156
C03 700.03 98.27009582519531
C03 725.012 97.93115997314453
C03 750.022 97.3100357055664
C03 774.987 97.25213623046875
C03 799.976 96.58329010009766
C03 824.988 94.63740539550781
C03 850.022 92.44622802734375
C03 869.967 89.25555419921875
C03 875.002 88.41680145263672
C03 899.999 81.47801971435547
C03 919.999 73.56517791748047
C03 925.012 70.80207824707031
C03 949.965 58.45491027832031
C03 975.002 43.008975982666016
C03 999.976 26.794950485229492
C03 1025.028 11.802041053771973
C03 1050.014 4.2498250007629395
C03 1075.002 0.9270688244665022
C03 1099.99 0.0919829170829401
C04 319.994 42.23483657836914
C04 324.969 47.67751693725586
C04 349.982 68.85059356689453
C04 374.975 71.92152404785156
C04 400.019 80.72512817382812
C04 424.965 84.00738525390625
C04 450.035 87.36788940429688
C04 475.003 90.17410278320312
C04 500.018 92.32613372802734
C04 525.002 94.16259002685547
C04 550.029 95.7813949584961
C04 575.023 97.33351135253906
C04 599.982 98.37191009521484
C04 619.997 98.23778533935547
C04 624.979 98.68311309814453
C04 650.012 98.96891021728516
C04 675.004 98.84313201904297
C04 700.03 98.19575500488281
C04 725.012 97.86194610595703
C04 750.022 97.24434661865234
C04 774.987 97.18952941894531
C04 799.976 96.52745819091797
C04 824.988 94.5799789428711
C04 850.022 92.3905258178711
C04 869.967 89.2031478881836
C04 875.002 88.37298583984375
C04 899.999 81.43123626708984
C04 919.999 73.5870132446289
C04 925.012 70.8053970336914
C04 949.965 58.356101989746094
C04 975.002 43.037635803222656
C04 999.976 26.797761917114258
C04 1025.028 11.84278392791748
C04 1050.014 4.254279136657715
C04 1075.002 0.9264429639838753
C04 1099.99 0.09192081978082006
C05 319.994 42.58125686645508
C05 324.969 48.07218551635742
C05 349.982 69.49942016601562
C05 374.975 72.52871704101562
C05 400.019 81.11453247070312
C05 424.965 84.27762603759766
C05 450.035 87.57267761230469
C05 475.003 90.34378051757812
C05 500.018 92.47306823730469
C05 525.002 94.29854583740234
C05 550.029 95.91034698486328
C05 575.023 97.46066284179688
C05 599.982 98.5007095336914
C05 619.997 98.3631362915039
C05 624.979 98.808837890625
C05 650.012 99.09310913085938
C05 675.004 98.97132110595703
C05 700.03 98.324462890625
C05 725.012 98.00035858154297
C05 750.022 97.39897918701172
C05 774.987 97.35293579101562
C05 799.976 96.6893539428711
C05 824.988 94.73013305664062
C05 850.022 92.53195190429688
C05 869.967 89.33380126953125
C05 875.002 88.49775695800781
C05 899.999 81.51944732666016
C05 919.999 73.67787170410156
C05 925.012 70.8712387084961
C05 949.965 58.37480163574219
C05 975.002 43.08921813964844
C05 999.976 26.84218978881836
C05 1025.028 11.876571655273438
C05 1050.014 4.255812644958496
C05 1075.002 0.9279160137693052
C05 1099.99 0.0920669744272674
C06 319.994 42.78799057006836
C06 324.969 48.311344146728516
C06 349.982 69.93524932861328
C06 374.975 72.97098541259766
C06 400.019 81.41991424560547
C06 424.965 84.49586486816406
C06 450.035 87.7457046508789
C06 475.003 90.49346160888672
C06 500.018 92.60386657714844
C06 525.002 94.4216079711914
C06 550.029 96.03014373779297
C06 575.023 97.5826416015625
C06 599.982 98.62466430664062
C06 619.997 98.48927307128906
C06 624.979 98.9327163696289
C06 650.012 99.21983337402344
C06 675.004 99.10101318359375
C06 700.03 98.45931243896484
C06 725.012 98.14979553222656
C06 750.022 97.5700454711914
C06 774.987 97.54203796386719
C06 799.976 96.88041687011719
C06 824.988 94.90509033203125
C06 850.022 92.68780517578125
C06 869.967 89.4729995727539
C06 875.002 88.63276672363281
C06 899.999 81.58326721191406
C06 919.999 73.73605346679688
C06 925.012 70.915283203125
C06 949.965 58.33687973022461
C06 975.002 43.08510208129883
C06 999.976 26.833879470825195
C06 1025.028 11.901128768920898
C06 1050.014 4.261041164398193
C06 1075.002 0.9295454848999376
C06 1099.99 0.09222864905588438
C07 319.994 42.979759216308594
C07 324.969 48.531551361083984
C07 349.982 70.28944396972656
C07 374.975 73.2498779296875
C07 400.019 81.47723388671875
C07 424.965 84.44255828857422
C07 450.035 87.63043212890625
C07 475.003 90.33904266357422
C07 500.018 92.42549896240234
C07 525.002 94.22504425048828
C07 550.029 95.82199096679688
C07 575.023 97.36564636230469
C07 599.982 98.40093994140625
C07 619.997 98.26683044433594
C07 624.979 98.71025085449219
C07 650.012 98.99602508544922
C07 675.004 98.87506866455078
C07 700.03 98.23968505859375
C07 725.012 97.95487976074219
C07 750.022 97.39644622802734
C07 774.987 97.3992919921875
C07 799.976 96.74691772460938
C07 824.988 94.7594985961914
C07 850.022 92.51359558105469
C07 869.967 89.29106140136719
C07 875.002 88.4603500366211
C07 899.999 81.39363861083984
C07 919.999 73.5064926147461
C07 925.012 70.66786193847656
C07 949.965 58.09016418457031
C07 975.002 42.99736785888672
C07 999.976 26.786508560180664
C07 1025.028 11.953034400939941
C07 1050.014 4.277952671051025
C07 1075.002 0.9278911660687913
C07 1099.99 0.09206450906124952
C10 319.994 38.72140884399414
C10 324.969 43.66383743286133
C10 349.982 62.46812438964844
C10 374.975 66.0881576538086
C10 400.019 77.29798126220703
C10 424.965 81.92211151123047
C10 450.035 85.99887084960938
C10 475.003 89.23444366455078
C10 500.018 91.66394805908203
C10 525.002 93.67431640625
C10 550.029 95.39708709716797
C10 575.023 97.0074462890625
C10 599.982 98.08229064941406
C10 619.997 97.96797180175781
C10 624.979 98.41436767578125
C10 650.012 98.7100830078125
C10 675.004 98.5958480834961
C10 700.03 97.95245361328125
C10 725.012 97.62782287597656
C10 750.022 97.02333068847656
C10 774.987 96.99488830566406
C10 799.976 96.35613250732422
C10 824.988 94.42923736572266
C10 850.022 92.24671936035156
C10 869.967 89.13362121582031
C10 875.002 88.30723571777344
C10 899.999 81.50141906738281
C10 919.999 73.59201049804688
C10 925.012 70.77654266357422
C10 949.965 58.39763641357422
C10 975.002 43.03559112548828
C10 999.976 26.78297996520996
C10 1025.028 11.931612014770508
C10 1050.014 4.375417232513428
C10 1075.002 0.9243369679293063
C10 1099.99 0.09171186478702455
C11 319.994 39.60208511352539
C11 324.969 44.66769790649414
C11 349.982 64.01004028320312
C11 374.975 67.52023315429688
C11 400.019 78.28929901123047
C11 424.965 82.65152740478516
C11 450.035 86.59276580810547
C11 475.003 89.7559585571289
C11 500.018 92.13082885742188
C11 525.002 94.11222839355469
C11 550.029 95.81610870361328
C11 575.023 97.42103576660156
C11 599.982 98.49342346191406
C11 619.997 98.3702163696289
C11 624.979 98.81977844238281
C11 650.012 99.11345672607422
C11 675.004 98.99420166015625
C11 700.03 98.34288787841797
C11 725.012 98.00654602050781
C11 750.022 97.38387298583984
C11 774.987 97.33485412597656
C11 799.976 96.6809310913086
C11 824.988 94.75457763671875
C11 850.022 92.55024719238281
C11 869.967 89.4201431274414
C11 875.002 88.59436798095703
C11 899.999 81.75834655761719
C11 919.999 73.8323745727539
C11 925.012 71.02777099609375
C11 949.965 58.60704803466797
C11 975.002 43.08535385131836
C11 999.976 26.798887252807617
C11 1025.028 11.891401290893555
C11 1050.014 4.346622943878174
C11 1075.002 0.9277721428114267
C11 1099.99 0.09205269968299822
C12 319.994 40.069679260253906
C12 324.969 45.199092864990234
C12 349.982 64.81888580322266
C12 374.975 68.22418212890625
C12 400.019 78.6227035522461
C12 424.965 82.7804946899414
C12 450.035 86.60662841796875
C12 475.003 89.69517517089844
C12 500.018 92.02311706542969
C12 525.002 93.97354888916016
C12 550.029 95.65528106689453
C12 575.023 97.24348449707031
C12 599.982 98.30350494384766
C12 619.997 98.17655944824219
C12 624.979 98.62508392333984
C12 650.012 98.91254425048828
C12 675.004 98.79229736328125
C12 700.03 98.13664245605469
C12 725.012 97.7938461303711
C12 750.022 97.16251373291016
C12 774.987 97.0978775024414
C12 799.976 96.44403839111328
C12 824.988 94.515869140625
C12 850.022 92.32538604736328
C12 869.967 89.16276550292969
C12 875.002 88.33524322509766
C12 899.999 81.53177642822266
C12 919.999 73.67474365234375
C12 925.012 70.91952514648438
C12 949.965 58.37956237792969
C12 975.002 42.887733459472656
C12 999.976 26.691923141479492
C12 1025.028 11.83324909210205
C12 1050.014 4.319113731384277
C12 1075.002 0.9256634849521527
C12 1099.99 0.09184348058738522
C13 319.994 40.513450622558594
C13 324.969 45.70781707763672
C13 349.982 65.60425567626953
C13 374.975 68.97454071044922
C13 400.019 79.13401794433594
C13 424.965 83.14726257324219
C13 450.035 86.90089416503906
C13 475.003 89.94576263427734
C13 500.018 92.24754333496094
C13 525.002 94.17788696289062
C13 550.029 95.84960174560547
C13 575.023 97.4334487915039
C13 599.982 98.48977661132812
C13 619.997 98.36021423339844
C13 624.979 98.80716705322266
C13 650.012 99.09185791015625
C13 675.004 98.96736907958984
C13 700.03 98.30887603759766
C13 725.012 97.95858001708984
C13 750.022 97.32566833496094
C13 774.987 97.25875091552734
C13 799.976 96.59519958496094
C13 824.988 94.6597671508789
C13 850.022 92.45966339111328
C13 869.967 89.30400848388672
C13 875.002 88.4629135131836
C13 899.999 81.614501953125
C13 919.999 73.78502655029297
C13 925.012 71.02359008789062
C13 949.965 58.51089859008789
C13 975.002 42.92278289794922
C13 999.976 26.684106826782227
C13 1025.028 11.809432983398438
C13 1050.014 4.308824062347412
C13 1075.002 0.9272178823611992
C13 1099.99 0.09199770647031526
C14 319.994 41.01380157470703
C14 324.969 46.277435302734375
C14 349.982 66.47019958496094
C14 374.975 69.73326110839844
C14 400.019 79.53784942626953
C14 424.965 83.36275482177734
C14 450.035 87.01144409179688
C14 475.003 89.99647521972656
C14 500.018 92.26070404052734
C14 525.002 94.16455841064453
C14 550.029 95.82001495361328
C14 575.023 97.39462280273438
C14 599.982 98.44129180908203
C14 619.997 98.30784606933594
C14 624.979 98.75379943847656
C14 650.012 99.03555297851562
C14 675.004 98.90807342529297
C14 700.03 98.24927520751953
C14 725.012 97.90524291992188
C14 750.022 97.27227783203125
C14 774.987 97.20603942871094
C14 799.976 96.54317474365234
C14 824.988 94.60588836669922
C14 850.022 92.40689849853516
C14 869.967 89.22818756103516
C14 875.002 88.4322738647461
C14 899.999 81.47770690917969
C14 919.999 73.67335510253906
C14 925.012 70.95828247070312
C14 949.965 58.34445571899414
C14 975.002 42.9931755065918
C14 999.976 26.631040573120117
C14 1025.028 11.762807846069336
C14 1050.014 4.300773620605469
C14 1075.002 0.9267092244099049
C14 1099.99 0.0919472378956823
C15 319.994 41.43671417236328
C15 324.969 46.758304595947266
C15 349.982 67.21481323242188
C15 374.975 70.43071746826172
C15 400.019 80.02635192871094
C15 424.965 83.7239990234375
C15 450.035 87.31377410888672
C15 475.003 90.26470184326172
C15 500.018 92.5038833618164
C15 525.002 94.39613342285156
C15 550.029 96.04547119140625
C15 575.023 97.61355590820312
C15 599.982 98.65973663330078
C15 619.997 98.52455139160156
C15 624.979 98.97055053710938
C15 650.012 99.25079345703125
C15 675.004 99.12291717529297
C15 700.03 98.46451568603516
C15 725.012 98.12528991699219
C15 750.022 97.5040054321289
C15 774.987 97.45060729980469
C15 799.976 96.78423309326172
C15 824.988 94.83595275878906
C15 850.022 92.6366195678711
C15 869.967 89.47254180908203
C15 875.002 88.59611511230469
C15 899.999 81.6753158569336
C15 919.999 73.6628646850586
C15 925.012 71.12652587890625
C15 949.965 58.43641662597656
C15 975.002 43.00442123413086
C15 999.976 26.91202163696289
C15 1025.028 11.773111343383789
C15 1050.014 4.280914306640625
C15 1075.002 0.9289167010953859
C15 1099.99 0.09216626170444857
C16 319.994 41.671661376953125
C16 324.969 47.02632141113281
C16 349.982 67.65373992919922
C16 374.975 70.8522720336914
C16 400.019 80.28630828857422
C16 424.965 83.88790130615234
C16 450.035 87.42180633544922
C16 475.003 90.33380126953125
C16 500.018 92.5554428100586
C16 525.002 94.43022155761719
C16 550.029 96.07339477539062
C16 575.023 97.63628387451172
C16 599.982 98.68047332763672
C16 619.997 98.53927612304688
C16 624.979 98.98555755615234
C16 650.012 99.26560974121094
C16 675.004 99.13770294189453
C16 700.03 98.48432159423828
C16 725.012 98.15726470947266
C16 750.022 97.55810546875
C16 774.987 97.52500915527344
C16 799.976 96.86968994140625
C16 824.988 94.90848541259766
C16 850.022 92.71146392822266
C16 869.967 89.5313949584961
C16 875.002 88.73516082763672
C16 899.999 81.678466796875
C16 919.999 73.8412094116211
C16 925.012 71.09140014648438
C16 949.965 58.48516845703125
C16 975.002 43.13987731933594
C16 999.976 26.689321517944336
C16 1025.028 11.774721145629883
C16 1050.014 4.297841548919678
C16 1075.002 0.9294318111298134
C16 1099.99 0.0922173704488426
C17 319.994 42.06204605102539
C17 324.969 47.476383209228516
C17 349.982 68.41081237792969
C17 374.975 71.54671478271484
C17 400.019 80.68799591064453
C17 424.965 84.1319580078125
C17 450.035 87.58380126953125
C17 475.003 90.45184326171875
C17 500.018 92.64212036132812
C17 525.002 94.50341033935547
C17 550.029 96.1380615234375
C17 575.023 97.69986724853516
C17 599.982 98.74321746826172
C17 619.997 98.61073303222656
C17 624.979 99.05475616455078
C17 650.012 99.34058380126953
C17 675.004 99.21276092529297
C17 700.03 98.56851959228516
C17 725.012 98.26624298095703
C17 750.022 97.69341278076172
C17 774.987 97.6917724609375
C17 799.976 97.04460144042969
C17 824.988 95.08074188232422
C17 850.022 92.8799819946289
C17 869.967 89.7188491821289
C17 875.002 88.89830780029297
C17 899.999 81.85576629638672
C17 919.999 73.96511840820312
C17 925.012 71.14138793945312
C17 949.965 58.587398529052734
C17 975.002 43.17481231689453
C17 999.976 26.831212997436523
C17 1025.028 11.905542373657227
C17 1050.014 4.339700222015381
C17 1075.002 0.9307203793764556
C17 1099.99 0.0923452210064911
