lsstCam/transmission_sensor/r33_s11/19700101T000000.ecsv
# %ECSV 1.0
# ---
# datatype:
# - {name: amp_name, datatype: string}
# - {name: wavelength, unit: nm, datatype: float32}
# - {name: efficiency, unit: '%', datatype: float64}
# meta: !!omap
# - {MODE: AMP}
# - {TYPE: transmission_sensor}
# - {CALIBDATE: '1970-01-01T00:00:00'}
# - {INSTRUME: LSSTCam}
# - {OBSTYPE: transmission_sensor}
# - {DETECTOR: 148}
# - {PARQUETFILE: qe_raft_allvalues_nircorrected_20230725_adjust.parquet}
# - {CORRFILE: qe_corr_factor_bydetnum.parquet}
# - {CALIBCLS: lsst.ip.isr.IntermediateSensorTransmissionCurve}
# - {CALIB_ID: 'raftName=R33 detectorName=S11 detector=148 calibDate=1970-01-01T00:00:00 ccd=148 ccdnum=148 filter=None'}
# - {DATE: '2025-03-03T21:56:48.215873'}
# - {CALIB_CREATION_DATE: '2025-03-03'}
# - {CALIB_CREATION_TIME: '21:56:48'}
# - __serialized_columns__:
#     efficiency:
#       __class__: astropy.units.quantity.Quantity
#       unit: !astropy.units.Unit {unit: '%'}
#       value: !astropy.table.SerializedColumn {name: efficiency}
#     wavelength:
#       __class__: astropy.units.quantity.Quantity
#       unit: !astropy.units.Unit {unit: nm}
#       value: !astropy.table.SerializedColumn {name: wavelength}
# schema: astropy-2.0
amp_name wavelength efficiency
C00 319.994 41.0016367186604
C00 324.969 46.267774928765576
C00 349.982 66.53066518354004
C00 374.975 69.83057190767279
C00 400.019 79.73657005884695
C00 424.965 83.61979157379153
C00 450.035 87.30937811988996
C00 475.003 90.32128064898029
C00 500.018 92.60714030499041
C00 525.002 94.52694314474662
C00 550.029 96.20138292647624
C00 575.023 97.78925106934005
C00 599.982 98.84937758070298
C00 619.997 98.72416337076541
C00 624.979 99.17264743891813
C00 650.012 99.46227101479394
C00 675.004 99.33909829917715
C00 700.03 98.6927658020952
C00 725.012 98.37697886479263
C00 750.022 97.78423943102628
C00 774.987 97.75732394011294
C00 799.976 97.10905739577973
C00 824.988 95.16405054343171
C00 850.022 92.9549541437989
C00 869.967 89.74752097256457
C00 875.002 88.908858221052
C00 899.999 81.99480046841053
C00 919.999 73.8701979818768
C00 925.012 71.14559356708637
C00 949.965 58.746712118715394
C00 975.002 43.647839309263446
C00 999.976 27.026360939491614
C00 1025.028 12.022502038653032
C00 1050.014 4.418858107682673
C00 1075.002 0.931586084213791
C00 1099.99 0.09243111544514485
C01 319.994 41.631729358664344
C01 324.969 46.98022958494758
C01 349.982 67.6237932948252
C01 374.975 70.8316562543376
C01 400.019 80.39138319962987
C01 424.965 84.08580486385644
C01 450.035 87.68221177631393
C01 475.003 90.63979981176477
C01 500.018 92.88631081596061
C01 525.002 94.78811627157319
C01 550.029 96.44429005148538
C01 575.023 98.02743819808123
C01 599.982 99.08204653494553
C01 619.997 98.95327889692331
C01 624.979 99.40017428340536
C01 650.012 99.68760286914682
C01 675.004 99.56598046124729
C01 700.03 98.91401466780651
C01 725.012 98.5873065033669
C01 750.022 97.97069079579632
C01 774.987 97.92491834418323
C01 799.976 97.25929142333277
C01 824.988 95.32266544240687
C01 850.022 93.0765842264891
C01 869.967 89.83931914388319
C01 875.002 89.02263699287697
C01 899.999 82.12130404318226
C01 919.999 73.9557949223263
C01 925.012 71.20227957104585
C01 949.965 58.751942488563536
C01 975.002 43.43117229358784
C01 999.976 26.940249788066573
C01 1025.028 11.900898817730214
C01 1050.014 4.341417071353487
C01 1075.002 0.933362679795298
C01 1099.99 0.09260738762661715
C02 319.994 42.050228019631895
C02 324.969 47.45932455572586
C02 349.982 68.38902364911543
C02 374.975 71.54816703739377
C02 400.019 80.85504032895615
C02 424.965 84.40410145771122
C02 450.035 87.92293926077006
C02 475.003 90.82928271885326
C02 500.018 93.0501061986445
C02 525.002 94.92848819310295
C02 550.029 96.57885983126137
C02 575.023 98.15509299145491
C02 599.982 99.20622464814136
C02 619.997 99.07218442892226
C02 624.979 99.52191948795574
C02 650.012 99.80795126179352
C02 675.004 99.68315149055265
C02 700.03 99.02685711516857
C02 725.012 98.68905887819695
C02 750.022 98.0639702017161
C02 774.987 98.00875008277643
C02 799.976 97.33559419226928
C02 824.988 95.38183807854654
C02 850.022 93.1712067207778
C02 869.967 89.91687290370048
C02 875.002 89.06828664783919
C02 899.999 82.1725179213872
C02 919.999 74.18698264196769
C02 925.012 71.35586748212587
C02 949.965 58.76800582545592
C02 975.002 43.384114314535914
C02 999.976 26.983514501825113
C02 1025.028 11.884201351257923
C02 1050.014 4.292869223560884
C02 1075.002 0.9342514842247722
C02 1099.99 0.09269557398558174
C03 319.994 42.180814583045176
C03 324.969 47.60939357527929
C03 349.982 68.68678250311162
C03 374.975 71.83921812433599
C03 400.019 80.9516736184029
C03 424.965 84.39088546816096
C03 450.035 87.84637554895043
C03 475.003 90.71379246870674
C03 500.018 92.9066259868895
C03 525.002 94.77341137263109
C03 550.029 96.41296923072196
C03 575.023 97.9832237289761
C03 599.982 99.0318150299476
C03 619.997 98.89746781910131
C03 624.979 99.34703403273986
C03 650.012 99.63305045699626
C03 675.004 99.50766740166374
C03 700.03 98.85481900729481
C03 725.012 98.51386643135386
C03 750.022 97.8890463725468
C03 774.987 97.83080238607937
C03 799.976 97.15797651157145
C03 824.988 95.20051347395047
C03 850.022 92.99629824118988
C03 869.967 89.78663938065846
C03 875.002 88.94289591771599
C03 899.999 81.96282729043935
C03 919.999 74.00290278751764
C03 925.012 71.22336222104269
C03 949.965 58.80272657849041
C03 975.002 43.26488644132843
C03 999.976 26.954384833800717
C03 1025.028 11.872265133053485
C03 1050.014 4.275112156300392
C03 1075.002 0.9325850359702699
C03 1099.99 0.09253023052070455
C04 319.994 42.48614078065144
C04 324.969 47.96120598003185
C04 349.982 69.26026588706287
C04 374.975 72.34946890787808
C04 400.019 81.20545592180503
C04 424.965 84.50724296965429
C04 450.035 87.88774267071345
C04 475.003 90.7106534793188
C04 500.018 92.8754893611024
C04 525.002 94.72287287600597
C04 550.029 96.3513099624021
C04 575.023 97.91266170346792
C04 599.982 98.95723908891398
C04 619.997 98.82231626876673
C04 624.979 99.27029380073459
C04 650.012 99.55779145959217
C04 675.004 99.4312648604484
C04 700.03 98.78003584691285
C04 725.012 98.4442407303086
C04 750.022 97.82296642479551
C04 774.987 97.76782305376263
C04 799.976 97.10181239337818
C04 824.988 95.14274532450517
C04 850.022 92.94026459443816
C04 869.967 89.73392124348032
C04 875.002 88.89881959484309
C04 899.999 81.91576547399208
C04 919.999 74.02486803844265
C04 925.012 71.22670075498831
C04 949.965 58.70333036439899
C04 975.002 43.29371679251632
C04 999.976 26.957212994166145
C04 1025.028 11.913250433980185
C04 1050.014 4.279592795034023
C04 1075.002 0.9319554515151579
C04 1099.99 0.0924677637294557
C05 319.994 42.83462232624906
C05 324.969 48.358222901887224
C05 349.982 69.91295311082754
C05 374.975 72.9602747989042
C05 400.019 81.59717723809148
C05 424.965 84.77909173031615
C05 450.035 88.09374940213509
C05 475.003 90.88134082403295
C05 500.018 93.02329815480068
C05 525.002 94.85963764591632
C05 550.029 96.4810292744686
C05 575.023 98.04056976493402
C05 599.982 99.08680490516687
C05 619.997 98.94841307963245
C05 624.979 99.39676667634362
C05 650.012 99.68272937706527
C05 675.004 99.56021669344692
C05 700.03 98.9095095656776
C05 725.012 98.58347678281778
C05 750.022 97.97851908228951
C05 774.987 97.93220172053816
C05 799.976 97.26467145159916
C05 824.988 95.29379287987024
C05 850.022 93.08253218926578
C05 869.967 89.86535203386836
C05 875.002 89.02433312161716
C05 899.999 82.00450140382954
C05 919.999 74.11626712064592
C05 925.012 71.2929341985532
C05 949.965 58.72214127635468
C05 975.002 43.34560605230106
C05 999.976 27.001905218991087
C05 1025.028 11.947239203853599
C05 1050.014 4.281135427960621
C05 1075.002 0.933437266188326
C05 1099.99 0.09261478802001229
C06 319.994 43.04258612929401
C06 324.969 48.598804565320435
C06 349.982 70.35137552839932
C06 374.975 73.40517473980955
C06 400.019 81.90437608462356
C06 424.965 84.99862911770593
C06 450.035 88.26780597995759
C06 475.003 91.03191254237589
C06 500.018 93.15487476621163
C06 525.002 94.98343201957816
C06 550.029 96.60153883771957
C06 575.023 98.16327431831935
C06 599.982 99.21149722933824
C06 619.997 99.07530039393816
C06 624.979 99.52138225260818
C06 650.012 99.81020765025332
C06 675.004 99.69068046020932
C06 700.03 99.0451614909394
C06 725.012 98.73380290785897
C06 750.022 98.15060323890735
C06 774.987 98.12242908232257
C06 799.976 97.45687123458822
C06 824.988 95.46979117973468
C06 850.022 93.23931281326851
C06 869.967 90.00537858981755
C06 875.002 89.16014621748324
C06 899.999 82.06870102786434
C06 919.999 74.1747950743685
C06 925.012 71.33724076514649
C06 949.965 58.68399372928175
C06 975.002 43.34146550272941
C06 999.976 26.993545453243343
C06 1025.028 11.97194243635354
C06 1050.014 4.286395057948229
C06 1075.002 0.9350764329393467
C06 1099.99 0.092777424639177
C07 319.994 43.23549583042093
C07 324.969 48.82032204870554
C07 349.982 70.70767768569944
C07 374.975 73.68572671310208
C07 400.019 81.96203678699935
C07 424.965 84.94500535522761
C07 450.035 88.15184756757961
C07 475.003 90.87657477902091
C07 500.018 92.97544583491342
C07 525.002 94.78569871250912
C07 550.029 96.39214752360822
C07 575.023 97.94498792181037
C07 599.982 98.98644166744984
C07 619.997 98.85153419688395
C07 624.979 99.2975930311819
C07 650.012 99.58506766566744
C07 675.004 99.46339153423317
C07 700.03 98.82422729164594
C07 725.012 98.53772735557672
C07 750.022 97.97597105178389
C07 774.987 97.97883374870737
C07 799.976 97.3225777472767
C07 824.988 95.323333149196
C07 850.022 93.06406664289068
C07 869.967 89.82235785648128
C07 875.002 88.98670362291512
C07 899.999 81.87794410552304
C07 919.999 73.94386829761021
C07 925.012 71.08834730340728
C07 949.965 58.4358101856804
C07 975.002 43.25320924730943
C07 999.976 26.945892677913747
C07 1025.028 12.02415691539332
C07 1050.014 4.303407190838383
C07 1075.002 0.9334122706399202
C07 1099.99 0.0926123079846624
C10 319.994 38.95180757521051
C10 324.969 43.92364442452065
C10 349.982 62.83981997177015
C10 374.975 66.48139302737704
C10 400.019 77.75791692415962
C10 424.965 82.40956150631712
C10 450.035 86.5105782311672
C10 475.003 89.76540323484802
C10 500.018 92.20936357885776
C10 525.002 94.23169394730267
C10 550.029 95.96471540628963
C10 575.023 97.58465649940345
C10 599.982 98.66589635992594
C10 619.997 98.5508972963829
C10 624.979 98.99994929904592
C10 650.012 99.29742418578697
C10 675.004 99.18250954494141
C10 700.03 98.53528677214061
C10 725.012 98.20872442872391
C10 750.022 97.60063541359837
C10 774.987 97.57202379394484
C10 799.976 96.92946729387724
C10 824.988 94.99110681025776
C10 850.022 92.7956024649185
C10 869.967 89.66398087601719
C10 875.002 88.83267824876634
C10 899.999 81.98636587345366
C10 919.999 74.02989502633778
C10 925.012 71.19767469663809
C10 949.965 58.7451119248587
C10 975.002 43.29165994861419
C10 999.976 26.942343087224433
C10 1025.028 12.002607062513857
C10 1050.014 4.401451682421355
C10 1075.002 0.9298369244387743
C10 1099.99 0.09225756541918775
C11 319.994 39.837724012937336
C11 324.969 44.9334780325602
C11 349.982 64.39091051769734
C11 374.975 67.92198961189013
C11 400.019 78.7551331763219
C11 424.965 83.14331754403032
C11 450.035 87.10800696203879
C11 475.003 90.29002122654231
C11 500.018 92.67902239449548
C11 525.002 94.67221158272997
C11 550.029 96.38623025999425
C11 575.023 98.00070690214422
C11 599.982 99.07947548006787
C11 619.997 98.9555352853831
C11 624.979 99.40777232617816
C11 650.012 99.70319804380775
C11 675.004 99.58323339069501
C11 700.03 98.9280441851688
C11 725.012 98.58970103805893
C11 750.022 97.96332299674391
C11 774.987 97.91401246662753
C11 799.976 97.25619848268889
C11 824.988 95.31838290920766
C11 850.022 93.10093633731545
C11 869.967 89.95220763998933
C11 875.002 89.12151899599284
C11 899.999 82.24482212437965
C11 919.999 74.27168930669836
C11 925.012 71.45039787892642
C11 949.965 58.95576957943218
C11 975.002 43.34171877082184
C11 999.976 26.958345025791385
C11 1025.028 11.962157078237059
C11 1050.014 4.372486063047734
C11 1075.002 0.9332925391746597
C11 1099.99 0.09260042833867428
C12 319.994 40.3081004215036
C12 324.969 45.46803487818456
C12 349.982 65.2045688011758
C12 374.975 68.63012719831485
C12 400.019 79.09052152902014
C12 424.965 83.27305220567818
C12 450.035 87.1219520567036
C12 475.003 90.22887616919799
C12 500.018 92.57066969968098
C12 525.002 94.532706912547
C12 550.029 96.22444567246842
C12 575.023 97.8220991734487
C12 599.982 98.88842691568074
C12 619.997 98.76072607356299
C12 624.979 99.21191934282561
C12 650.012 99.50109010605134
C12 675.004 99.38012773015026
C12 700.03 98.72057156872735
C12 725.012 98.37573554870255
C12 750.022 97.74064661996618
C12 774.987 97.67562579332868
C12 799.976 97.01789623208751
C12 824.988 95.07825405842455
C12 850.022 92.87473723161578
C12 869.967 89.69329857641324
C12 875.002 88.86085240535114
C12 899.999 82.01690386556776
C12 919.999 74.11312045646729
C12 925.012 71.34150794876435
C12 949.965 58.72693034573874
C12 975.002 43.14292250524367
C12 999.976 26.850744460463485
C12 1025.028 11.903658864328364
C12 1050.014 4.3448131662292075
C12 1075.002 0.9311713344553966
C12 1099.99 0.09238996435513971
C13 319.994 40.754512296172834
C13 324.969 45.97978608330451
C13 349.982 65.99461175373315
C13 374.975 69.38495053644355
C13 400.019 79.60487832557581
C13 424.965 83.64200241801828
C13 450.035 87.41796873321553
C13 475.003 90.48095466906923
C13 500.018 92.79643134231189
C13 525.002 94.73826083131856
C13 550.029 96.41992259107766
C13 575.023 98.0131937865799
C13 599.982 99.07580693012302
C13 619.997 98.94547363480217
C13 624.979 99.39508589718479
C13 650.012 99.68147071139381
C13 675.004 99.55624115187489
C13 700.03 98.89382996831918
C13 725.012 98.54144962905633
C13 750.022 97.9047720186493
C13 774.987 97.83745642959857
C13 799.976 97.16995685982229
C13 824.988 95.22300828543236
C13 850.022 93.00981354757663
C13 869.967 89.83538197626456
C13 875.002 88.98928235258346
C13 899.999 82.10012162090659
C13 919.999 74.22405955574081
C13 925.012 71.446192093634
C13 949.965 58.8590480298926
C13 975.002 43.178180493625725
C13 999.976 26.842881637412244
C13 1025.028 11.879701045873176
C13 1050.014 4.334462271974523
C13 1075.002 0.9327349807838792
C13 1099.99 0.0925451079073594
C14 319.994 41.25784041852193
C14 324.969 46.55279363023364
C14 349.982 66.86570817065768
C14 374.975 70.14818544515708
C14 400.019 80.01111267103737
C14 424.965 83.85877688076339
C14 450.035 87.52917645016284
C14 475.003 90.5319690027165
C14 500.018 92.8096703562342
C14 525.002 94.7248529720013
C14 550.029 96.3901597528222
C14 575.023 97.97413677681146
C14 599.982 99.0270336353542
C14 619.997 98.89279387157744
C14 624.979 99.34140073638103
C14 650.012 99.62483075617841
C14 675.004 99.49659267871309
C14 700.03 98.8338745035302
C14 725.012 98.48779516741529
C14 750.022 97.8510638334735
C14 774.987 97.78443130079327
C14 799.976 97.11762246217815
C14 824.988 95.16880891365307
C14 850.022 92.95673469523656
C14 869.967 89.75910990649075
C14 875.002 88.95846039321421
C14 899.999 81.96251262402149
C14 919.999 74.1117236445636
C14 925.012 71.38049588541668
C14 949.965 58.69161479642659
C14 975.002 43.248991949830994
C14 999.976 26.789499630840332
C14 1025.028 11.832798481332512
C14 1050.014 4.3263639287843
C14 1075.002 0.9322232962343773
C14 1099.99 0.09249433903643277
C15 319.994 41.683269415473156
C15 324.969 47.0365241745824
C15 349.982 67.61475239140465
C15 374.975 70.84979178471347
C15 400.019 80.50252184346107
C15 424.965 84.22217054465146
C15 450.035 87.83330538042308
C15 475.003 90.80179161863896
C15 500.018 93.05429663435555
C15 525.002 94.957805893499
C15 550.029 96.61695749219487
C15 575.023 98.19437257015308
C15 599.982 99.24677824209232
C15 619.997 99.1107886260406
C15 624.979 99.55944153958828
C15 650.012 99.84135195083111
C15 675.004 99.71271478425044
C15 700.03 99.05039569818288
C15 725.012 98.70915148019613
C15 750.022 98.0841702507848
C15 774.987 98.03045439081832
C15 799.976 97.36011514849058
C15 824.988 95.4002422265962
C15 850.022 93.18782264259913
C15 869.967 90.00491810237678
C15 875.002 89.12327652305848
C15 899.999 82.16129737741363
C15 919.999 74.10117080737916
C15 925.012 71.54974036948308
C15 949.965 58.78412288588307
C15 975.002 43.260304591292716
C15 999.976 27.072152578081408
C15 1025.028 11.843163286145302
C15 1050.014 4.306386448645318
C15 1075.002 0.9344439077680653
C15 1099.99 0.0927146660727714
C16 319.994 41.91961459445123
C16 324.969 47.306135733761174
C16 349.982 68.05629077399233
C16 374.975 71.27385466892373
C16 400.019 80.76402498628686
C16 424.965 84.38704807282117
C16 450.035 87.94198041644613
C16 475.003 90.87130219782404
C16 500.018 93.10616286976826
C16 525.002 94.99209685825542
C16 550.029 96.64504722608218
C16 575.023 98.21723577158758
C16 599.982 99.26763832315946
C16 619.997 99.12560097205223
C16 624.979 99.57453785285504
C16 650.012 99.85625639433087
C16 675.004 99.72758852858749
C16 700.03 99.07031945478711
C16 725.012 98.7413165279343
C16 750.022 98.13859219149379
C16 774.987 98.1052989495257
C16 799.976 97.44608047889271
C16 824.988 95.4732064615871
C16 850.022 93.26311233916593
C16 869.967 90.06412143767916
C16 875.002 89.26314958319406
C16 899.999 82.1644670659643
C16 919.999 74.28057671430534
C16 925.012 71.51440563319423
C16 949.965 58.833164798325676
C16 975.002 43.396566662413555
C16 999.976 26.848127356841744
C16 1025.028 11.844782666978697
C16 1050.014 4.323414410791249
C16 1075.002 0.9349620827916528
C16 1099.99 0.09276607892257413
C17 319.994 42.31232212134001
C17 324.969 47.75887547334573
C17 349.982 68.81786792791907
C17 374.975 71.97242946616169
C17 400.019 81.16810271556744
C17 424.965 84.63255695187068
C17 450.035 88.10493924694595
C17 475.003 90.99004655921871
C17 500.018 93.19335616667911
C17 525.002 95.06572112524476
C17 550.029 96.71009875188241
C17 575.023 98.2811974771113
C17 599.982 99.33075580170843
C17 619.997 99.19748306155729
C17 624.979 99.64414820431895
C17 650.012 99.93167656233925
C17 675.004 99.80309311929334
C17 700.03 99.1550184447271
C17 725.012 98.8509432380016
C17 750.022 98.27470460419637
C17 774.987 98.27305452420026
C17 799.976 97.62203273001307
C17 824.988 95.64648788555097
C17 850.022 93.4326331156968
C17 869.967 90.25269104467677
C17 875.002 89.4272673070865
C17 899.999 82.34282152656738
C17 919.999 74.40522298973261
C17 925.012 71.56469086172693
C17 949.965 58.93600315603688
C17 975.002 43.431709528935414
C17 999.976 26.990863113900822
C17 1025.028 11.976382302761685
C17 1050.014 4.365522149854838
C17 1075.002 0.9362583182306305
C17 1099.99 0.09289469021200247
