lsstCam/transmission_filter_detector/r43_s22/i_39/19700101T000000.ecsv
# %ECSV 1.0
# ---
# datatype:
# - {name: wavelength, unit: nm, datatype: float32}
# - {name: efficiency, unit: '%', datatype: float64}
# meta: !!omap
# - {MODE: DETECTOR}
# - {TYPE: transmission_filter_detector}
# - {CALIBDATE: '1970-01-01T00:00:00'}
# - {INSTRUME: LSSTCam}
# - {OBSTYPE: transmission_filter_detector}
# - {CALIBCLS: lsst.ip.isr.IntermediateFilterDetectorTransmissionCurve}
# - {SOURCE: Materion (DM-46256)}
# - {DETECTOR: 188}
# - {FILTER: i_39}
# - {CALIB_ID: 'calibDate=1970-01-01T00:00:00 filter=i_39 detector=188'}
# - {DATE: '2025-04-02T15:59:47.351045'}
# - {CALIB_CREATION_DATE: '2025-04-02'}
# - {CALIB_CREATION_TIME: '15:59:47'}
# - __serialized_columns__:
#     efficiency:
#       __class__: astropy.units.quantity.Quantity
#       unit: !astropy.units.Unit {unit: '%'}
#       value: !astropy.table.SerializedColumn {name: efficiency}
#     wavelength:
#       __class__: astropy.units.quantity.Quantity
#       unit: !astropy.units.Unit {unit: nm}
#       value: !astropy.table.SerializedColumn {name: wavelength}
# schema: astropy-2.0
wavelength efficiency
[from data line 600]
900.0 2.690920836850852e-10
901.0 2.690920836850852e-10
902.0 2.142472688149155e-06
903.0 1.1058399707053468e-05
904.0 1.997434111444818e-05
905.0 0.00010129724614671431
906.0 0.00018262016965309158
907.0 7.591042958665639e-05
908.0 2.690920836850852e-10
909.0 3.442077058934956e-05
910.0 9.964082892111037e-05
911.0 9.42637427669979e-05
912.0 8.888663387551787e-05
913.0 7.36225899800047e-05
914.0 5.8358534715807764e-05
915.0 6.698154209061613e-06
916.0 2.690920836850852e-10
917.0 2.690920836850852e-10
918.0 2.690920836850852e-10
919.0 2.690920836850852e-10
920.0 2.690920836850852e-10
921.0 2.690920836850852e-10
922.0 6.973699555601343e-05
923.0 2.690920836850852e-10
924.0 2.690920836850852e-10
925.0 2.3668570747759077e-05
926.0 0.00014615951613450306
927.0 2.690920836850852e-10
928.0 2.690920836850852e-10
929.0 4.382067970709613e-05
930.0 0.0003446953087404836
931.0 1.5077534953888971e-05
932.0 2.690920836850852e-10
933.0 2.690920836850852e-10
934.0 2.690920836850852e-10
935.0 2.690920836850852e-10
936.0 2.690920836850852e-10
937.0 2.690920836850852e-10
938.0 2.690920836850852e-10
939.0 3.2398941129940795e-05
940.0 0.00012387544074954349
941.0 0.00023198961116577266
942.0 0.00034010381568805315
943.0 0.00020949630652467022
944.0 7.888878030826163e-05
945.0 0.00014824859135842416
946.0 0.00021760838535556104
947.0 0.00013217161267675692
948.0 4.6734905367884494e-05
949.0 2.690920836850852e-10
950.0 2.690920836850852e-10
951.0 2.690920836850852e-10
952.0 2.690920836850852e-10
953.0 2.690920836850852e-10
954.0 2.690920836850852e-10
955.0 2.690920836850852e-10
956.0 0.00010314739711247967
957.0 8.032792919721032e-06
958.0 2.690920836850852e-10
959.0 2.690920836850852e-10
960.0 8.542327805116656e-05
961.0 8.792607673058228e-05
962.0 9.042884698828857e-05
963.0 6.59980287309736e-05
964.0 4.156719057846203e-05
965.0 2.970766104226641e-05
966.0 1.7848138611498143e-05
967.0 2.690920836850852e-10
968.0 2.690920836850852e-10
969.0 8.313705848195241e-05
970.0 0.0001906302372844948
971.0 2.690920836850852e-10
972.0 2.690920836850852e-10
973.0 2.690920836850852e-10
974.0 2.6098956595888012e-05
975.0 0.00010454079983901465
976.0 0.00018298267150385072
977.0 1.3716102387206774e-05
978.0 2.690920836850852e-10
979.0 2.690920836850852e-10
980.0 4.6423392063843494e-05
981.0 4.817495096176572e-05
982.0 4.992651838620077e-05
983.0 5.1595901595646865e-05
984.0 5.3265262067725416e-05
985.0 3.127731531549216e-05
986.0 9.289311719840043e-06
987.0 3.661910241703481e-06
988.0 2.690920836850852e-10
989.0 2.2591855497466895e-05
990.0 4.714921715276432e-05
991.0 2.5799738523346605e-05
992.0 4.450268775713084e-06
993.0 4.567530709209677e-05
994.0 8.690035997460654e-05
995.0 0.00013996983625474968
996.0 0.00019303929548186716
997.0 0.0001216912096424494
998.0 5.03430953813222e-05
999.0 2.690920836850852e-10
1000.0 2.690920836850852e-10
1001.0 2.690920836850852e-10
1002.0 0.0001573281224409584
1003.0 0.00013383277064349386
1004.0 0.00011033740747734555
1005.0 0.00020748198039655108
1006.0 0.0003046266783712781
1007.0 0.00031844836030359147
1008.0 0.00033227020139747765
1009.0 0.00027477692583488533
1010.0 0.00021728367300966056
1011.0 0.00018248376818519318
1012.0 0.00014768392020414467
1013.0 0.00012909432598462445
1014.0 0.000110504743133788
1015.0 6.684063578177302e-05
1016.0 2.317653979844181e-05
1017.0 0.00020460759060370037
1018.0 0.0003860386186715914
1019.0 0.00023842026166676078
1020.0 9.08018932932464e-05
1021.0 0.00015528538597209263
1022.0 0.00021976882180752
1023.0 0.00017343506897304906
1024.0 0.00012710121382042416
1025.0 4.503439754444116e-05
1026.0 2.690920836850852e-10
1027.0 0.0003238631279600668
1028.0 0.0006847586064395728
1029.0 0.0008339401574630756
1030.0 0.0009831213901634328
1031.0 0.0010833034139068332
1032.0 0.0011834856195491739
1033.0 0.001539200275146868
1034.0 0.0018949149307445623
1035.0 0.0022683867427986115
1036.0 0.0026418585548526607
1037.0 0.0027415822842158377
1038.0 0.0028413058316800743
1039.0 0.002983866215799935
1040.0 0.003126426599919796
1041.0 0.003069308149861172
1042.0 0.0030121895179036073
1043.0 0.0031617211789125577
1044.0 0.0033112530218204483
1045.0 0.0034252134355483577
1046.0 0.003539173849276267
1047.0 0.0034223990951431915
1048.0 0.0033056239772122353
1049.0 0.0030981729651102796
1050.0 0.0028907217711093836
1051.0 0.002613491960801184
1052.0 0.002336262332391925
1053.0 0.002319925624760799
1054.0 0.0023035892809275538
1055.0 0.0021945683329249732
1056.0 0.0020855473849223927
1057.0 0.0014375868886418175
1058.0 0.0007896261195128318
1059.0 0.0009141143891611136
1060.0 0.001038602385960985
1061.0 0.001014012741507031
1062.0 0.0009894229151541367
1063.0 0.0010776377166621387
1064.0 0.0011658524272206705
1065.0 0.002343089181522373
1066.0 0.0035203258448746055
1067.0 0.0035506487620295957
1068.0 0.0035809720429824665
1069.0 0.003480900704744272
1070.0 0.003380829730303958
1071.0 0.003231752270949073
1072.0 0.0030826744477963075
1073.0 0.002986601430166047
1074.0 0.0028905284125357866
1075.0 0.0024052669687080197
1076.0 0.0019200055248802528
1077.0 0.0022031277694622986
1078.0 0.002486249832145404
1079.0 0.002360839607717935
1080.0 0.0022354292013915256
1081.0 0.0018977487343363464
1082.0 0.0015600682672811672
1083.0 0.001071511724148877
1084.0 0.0005829549536429113
1085.0 5.4970843166302075e-05
1086.0 2.690920836850852e-10
1087.0 4.776762239089294e-05
1088.0 0.0005685484211426228
1089.0 0.00019800263544311747
1090.0 2.690920836850852e-10
1091.0 0.0012648414667637553
1092.0 0.002702225901884958
1093.0 0.0014829969586571679
1094.0 0.00026376817459095037
1095.0 2.690920836850852e-10
1096.0 2.690920836850852e-10
1097.0 2.690920836850852e-10
1098.0 2.690920836850852e-10
1099.0 0.0002897335889429087
1100.0 0.0009288787623518147
