lsstCam/transmission_filter_detector/r43_s22/i_39/19700101T000000.ecsv
# %ECSV 1.0
# ---
# datatype:
# - {name: wavelength, unit: nm, datatype: float32}
# - {name: efficiency, unit: '%', datatype: float64}
# meta: !!omap
# - {MODE: DETECTOR}
# - {TYPE: transmission_filter_detector}
# - {CALIBDATE: '1970-01-01T00:00:00'}
# - {INSTRUME: LSSTCam}
# - {OBSTYPE: transmission_filter_detector}
# - {CALIBCLS: lsst.ip.isr.IntermediateFilterDetectorTransmissionCurve}
# - {SOURCE: Materion (DM-46256)}
# - {DETECTOR: 188}
# - {FILTER: i_39}
# - {CALIB_ID: 'calibDate=1970-01-01T00:00:00 filter=i_39 detector=188'}
# - {DATE: '2025-04-02T15:59:47.351045'}
# - {CALIB_CREATION_DATE: '2025-04-02'}
# - {CALIB_CREATION_TIME: '15:59:47'}
# - __serialized_columns__:
#     efficiency:
#       __class__: astropy.units.quantity.Quantity
#       unit: !astropy.units.Unit {unit: '%'}
#       value: !astropy.table.SerializedColumn {name: efficiency}
#     wavelength:
#       __class__: astropy.units.quantity.Quantity
#       unit: !astropy.units.Unit {unit: nm}
#       value: !astropy.table.SerializedColumn {name: wavelength}
# schema: astropy-2.0
wavelength efficiency
300.0 0.10756251867860556
301.0 0.04876884922850877
302.0 2.690920836850852e-10
303.0 2.690920836850852e-10
304.0 0.005975520980427973
305.0 0.0011803884262917563
306.0 2.690920836850852e-10
307.0 0.004178341987426393
308.0 0.011971432104473934
309.0 0.003343287608004175
310.0 2.690920836850852e-10
311.0 2.690920836850852e-10
312.0 0.0018138884115614928
313.0 0.005418085856945254
314.0 0.009022284939419478
315.0 0.01472988078603521
316.0 0.02043747663265094
317.0 0.015435215027537197
318.0 0.010432954150019214
319.0 0.00601816427661106
320.0 0.0016033745851018466
321.0 0.0009731670616019983
322.0 0.0003429589469305938
323.0 0.0012925032024213579
324.0 0.002242048503831029
325.0 0.0011515138794493396
326.0 6.098069320614741e-05
327.0 0.0011385892321413849
328.0 0.0022161981178214774
329.0 2.690920836850852e-10
330.0 2.690920836850852e-10
331.0 0.00023230277292896062
332.0 0.0038781097828177735
333.0 0.002169672370655462
334.0 0.00046123427637212444
335.0 0.0017425209080101922
336.0 0.003023806493729353
337.0 0.002253544698760379
338.0 0.0014832818123977631
339.0 2.690920836850852e-10
340.0 2.690920836850852e-10
341.0 2.690920836850852e-10
342.0 0.00131618389787036
343.0 0.000927556448004907
344.0 0.0005389294074120698
345.0 0.0005435098955786088
346.0 0.0005480904292198829
347.0 0.0005880694970983313
348.0 0.0006280483830778394
349.0 0.0005957373105047736
350.0 0.0005634264653053833
351.0 0.0004899627583654365
352.0 0.00041649927879916504
353.0 0.001189467639051145
354.0 0.0019624358174041845
355.0 0.001700473512755707
356.0 0.0014385112990566995
357.0 0.00018807088508765446
358.0 2.690920836850852e-10
359.0 2.690920836850852e-10
360.0 2.690920836850852e-10
361.0 2.690920836850852e-10
362.0 2.690920836850852e-10
363.0 0.00034620356927916873
364.0 0.0009011552720039617
365.0 0.0010174048838962335
366.0 0.0011336544048390351
367.0 0.0006611384833377087
368.0 0.00018862268689190387
369.0 0.00010905137060035486
370.0 2.9480162311301683e-05
371.0 0.00037075978980283253
372.0 0.0007120391273929272
373.0 0.0006529888651130022
374.0 0.0005939385118836071
375.0 0.0006624137768085347
376.0 0.0007308892691071378
377.0 0.0005392359071265673
378.0 0.0003475823632470565
379.0 3.8374210475922155e-05
380.0 2.690920836850852e-10
381.0 2.690920836850852e-10
382.0 2.690920836850852e-10
383.0 2.690920836850852e-10
384.0 2.690920836850852e-10
385.0 2.690920836850852e-10
386.0 0.00024302407837240025
387.0 2.3929163717184565e-05
388.0 2.690920836850852e-10
389.0 2.690920836850852e-10
390.0 2.690920836850852e-10
391.0 0.00018701290400713333
392.0 0.0008152924237947445
393.0 0.0011664767953334376
394.0 0.0015176610759226605
395.0 0.0012121672625653446
396.0 0.0009066730854101479
397.0 0.0014857075257168617
398.0 0.002064742147922516
399.0 0.001983185029530432
400.0 0.001901628274936229
401.0 0.006318646046565846
402.0 0.010735663818195462
403.0 0.006957226287340745
404.0 0.0031787902116775513
405.0 0.0003156196044074022
406.0 2.690920836850852e-10
407.0 2.690920836850852e-10
408.0 0.0011201124834769871
409.0 0.0028612284950213507
410.0 0.004602344051818363
411.0 0.004369963426142931
412.0 0.004137582072871737
413.0 0.005560065619647503
414.0 0.006982549530221149
415.0 0.006714902701787651
416.0 0.006447254418162629
417.0 0.006197712355060503
418.0 0.0059481706557562575
419.0 0.0060566897445824
420.0 0.006165209924802184
421.0 0.00639888530713506
422.0 0.006632562872255221
423.0 0.005512455754796974
424.0 0.004392346818349324
425.0 0.004996971620130353
426.0 0.0056015960581135005
427.0 0.004698467455455102
428.0 0.003795339580392465
429.0 0.0035898861824534833
430.0 0.0033844331483123824
431.0 0.004782777250511572
432.0 0.006181121716508642
433.0 0.0056117445637937635
434.0 0.005042367411078885
435.0 0.004026181704830378
436.0 0.003009995816682931
437.0 0.002214367668784689
438.0 0.001418739338987507
439.0 0.0015535411876044236
440.0 0.0016883430362213403
441.0 0.0011607678061409388
442.0 0.0006331923941615969
443.0 0.0013954118912806734
444.0 0.0021576312065008096
445.0 0.001890111161628738
446.0 0.0016225912986556068
447.0 0.0011736466149159241
448.0 0.0007247017947520362
449.0 0.00048375645747000817
450.0 0.00024281102923850995
451.0 2.690920836850852e-10
452.0 2.690920836850852e-10
453.0 2.690920836850852e-10
454.0 2.690920836850852e-10
455.0 0.00020079066871403484
456.0 0.000594493485550629
457.0 0.0005124570179759758
458.0 0.0004304203230276471
459.0 0.00037408253774628974
460.0 0.0003177447524649324
461.0 0.0002549830242060125
462.0 0.00019222131868446013
463.0 4.689800334745087e-05
464.0 2.690920836850852e-10
465.0 2.690920836850852e-10
466.0 2.690920836850852e-10
467.0 0.00040618519960844424
468.0 0.0008483311830786988
469.0 0.000633493573332089
470.0 0.0004186559635854792
471.0 0.0004173202341917204
472.0 0.0004159843228990212
473.0 0.00018722162167250644
474.0 2.690920836850852e-10
475.0 0.0002777371719275834
476.0 0.000597015332459705
477.0 0.0006869262506370433
478.0 0.0007768373507133219
479.0 0.0003790508344536647
480.0 2.690920836850852e-10
481.0 0.0005014007001591381
482.0 0.0010215370821242686
483.0 0.0017217382264789194
484.0 0.0024219394617830403
485.0 0.0028953987566637807
486.0 0.0033688575058477
487.0 0.005175497062737122
488.0 0.006982136255828664
489.0 0.013399688759818673
490.0 0.019817241991404444
491.0 0.026448688004165888
492.0 0.033080135472118855
493.0 0.03636475594248623
494.0 0.039649385144002736
495.0 0.036290884600020945
496.0 0.0329323869664222
497.0 0.025956632453016937
498.0 0.01898087648442015
499.0 0.014154113887343556
500.0 0.009327353473054245
501.0 0.006054927871446125
502.0 0.0027825029974337667
503.0 0.0020281975594116375
504.0 0.0012738923032884486
505.0 0.002125125865859445
506.0 0.0029763594284304418
507.0 0.0030885352316545323
508.0 0.0032007108529796824
509.0 0.003239309080527164
510.0 0.0032779076718725264
511.0 0.002694745853659697
512.0 0.002111583853547927
513.0 0.0018867211110773496
514.0 0.0016618583686067723
515.0 0.001542775316920597
516.0 0.0014236923561838921
517.0 0.0017358301192871295
518.0 0.0020479677914408967
519.0 0.0018900322174886242
520.0 0.0017320966435363516
521.0 0.001647530916670803
522.0 0.001562965553603135
523.0 0.001738500031933654
524.0 0.0019140346921631135
525.0 0.002422464604023844
526.0 0.002930894697783515
527.0 0.004175892172497697
528.0 0.0054208896472118795
529.0 0.005442422116175294
530.0 0.005463954948936589
531.0 0.005139216591487639
532.0 0.004814478234038688
533.0 0.0038543577829841524
534.0 0.0028942378776264377
535.0 0.0022736105165677145
536.0 0.0016529831555089913
537.0 0.0018947313947137445
538.0 0.002136479815817438
539.0 0.002842462527041789
540.0 0.003548445602064021
541.0 0.004287532647140324
542.0 0.005026619692216627
543.0 0.005236487413640134
544.0 0.00544635477126576
545.0 0.005153915117261931
546.0 0.0048614754632581025
547.0 0.0039001093682600185
548.0 0.002938743091362994
549.0 0.0024624339857837185
550.0 0.0019861246983055025
551.0 0.002307247086719144
552.0 0.0026283692932338454
553.0 0.0027683572625392117
554.0 0.002908345231844578
555.0 0.0025059591280296445
556.0 0.0021035732061136514
557.0 0.0016609908925602213
558.0 0.0012184083971078508
559.0 0.0008969172085926402
560.0 0.0005754261110268999
561.0 0.000630199156148592
562.0 0.0006849722922197543
563.0 0.0010764812941488344
564.0 0.0014679901141789742
565.0 0.001671505015110597
566.0 0.0018750200979411602
567.0 0.0019432838598731905
568.0 0.00201154725800734
569.0 0.0016412153854616918
570.0 0.0012708836038655136
571.0 0.0008392939889745321
572.0 0.00040770437408355065
573.0 0.0004358122623671079
574.0 0.00046392015065066516
575.0 0.000539666143595241
576.0 0.0006154120910650818
577.0 0.0006385217602655757
578.0 0.0006616314749408048
579.0 0.0004489565526455408
580.0 0.00023628167582501192
581.0 0.0002827237040037289
582.0 0.00032916580039454857
583.0 0.0003036754833374289
584.0 0.00027818523449241184
585.0 0.00038601083360845223
586.0 0.0004938363872497575
587.0 0.00063788015722821
588.0 0.0007819238817319274
589.0 0.0009804289220483042
590.0 0.0011789340533141512
591.0 0.0009478253559791483
592.0 0.000716716476745205
593.0 0.0006289024895522743
594.0 0.0005410885933088139
595.0 0.0005158303792995866
596.0 0.0004905721652903594
597.0 0.00040950399124994874
598.0 0.00032843579447217053
599.0 0.0003383419198144111
600.0 0.00034824809063138673
601.0 0.00037922936826362275
602.0 0.0004102106686332263
603.0 0.00041070279621635564
604.0 0.0004111948783247499
605.0 0.000516051659360528
606.0 0.0006209083039721008
607.0 0.00048935153245111
608.0 0.00035779457903117873
609.0 0.0005276151568978094
610.0 0.0006974358711886453
611.0 0.000556295208298252
612.0 0.0004151545454078587
613.0 0.0002918199697887758
614.0 0.0001684854282757442
615.0 0.00010681435469450662
616.0 4.5143295324123756e-05
617.0 0.0002901453854065039
618.0 0.0005351475465431577
619.0 0.0005451399374578614
620.0 0.0005551324647967704
621.0 0.000375675767827488
622.0 0.00019621911633294076
623.0 0.00015024694448584341
624.0 0.00010427481811348116
625.0 0.00021867181203560904
626.0 0.0003330688059577369
627.0 0.0003607143071349128
628.0 0.00038835987652419135
629.0 0.0003539558065313031
630.0 0.0003195517592757824
631.0 0.000327620637108339
632.0 0.0003356895149408956
633.0 0.0003669286570584518
634.0 0.0003981678219133755
635.0 0.0003083149294980103
636.0 0.00021846205982001266
637.0 0.00022940491817280417
638.0 0.00024034784473769832
639.0 0.0004628410351870116
640.0 0.0006853341346868547
641.0 0.0005569762379309395
642.0 0.0004286183411750244
643.0 0.00035002494769287296
644.0 0.0002714314859986189
645.0 0.0003399001798243262
646.0 0.00040836889638740104
647.0 0.0004566471488942625
648.0 0.0005049253559263889
649.0 0.0004865599748882232
650.0 0.0004681945483753225
651.0 0.0006284618848440005
652.0 0.0007887292667874135
653.0 0.000813597762316931
654.0 0.0008384664397453889
655.0 0.000860403451952152
656.0 0.0008823405551083852
657.0 0.001295405218115775
658.0 0.0017084699720726348
659.0 0.0031936102459440008
660.0 0.07094598840922117
661.0 0.053694669622927904
662.0 0.09168996475636959
663.0 0.09186639217659831
664.0 0.11567033361643553
665.0 0.12054760009050369
666.0 0.1522769103758037
667.0 0.16434197314083576
668.0 0.1677849912084639
669.0 0.21484859753400087
670.0 0.34364592283964157
671.0 0.45026917941868305
672.0 0.7255339063704014
673.0 1.1250604875385761
674.0 1.764775812625885
675.0 2.5787711143493652
676.0 3.6372747272253036
677.0 5.053417384624481
678.0 6.490098685026169
679.0 7.922235876321793
680.0 9.864308685064316
681.0 11.932606995105743
682.0 14.587193727493286
683.0 17.513015866279602
684.0 20.703449845314026
685.0 23.67340624332428
686.0 26.73735022544861
687.0 29.954683780670166
688.0 33.13051760196686
689.0 36.24708950519562
690.0 39.7823840379715
691.0 43.654921650886536
692.0 48.323312401771545
693.0 53.35015654563904
694.0 59.05542969703674
695.0 64.63843584060669
696.0 70.87974548339844
697.0 76.42918229103088
698.0 82.3794960975647
699.0 86.94955110549927
700.0 90.5387818813324
701.0 93.37242245674133
702.0 95.4092800617218
703.0 96.56684994697571
704.0 97.05845713615417
705.0 97.59255051612854
706.0 97.64887690544128
707.0 97.854745388031
708.0 97.85752296447754
709.0 97.84244298934937
710.0 97.72210717201233
711.0 97.85841703414917
712.0 97.72213697433472
713.0 97.83689379692078
714.0 97.90831208229065
715.0 97.93044328689575
716.0 97.84582853317261
717.0 98.10076951980591
718.0 98.15229773521423
719.0 98.08904528617859
720.0 98.33135604858398
721.0 98.23036789894104
722.0 98.0118989944458
723.0 97.67702221870422
724.0 97.39056825637817
725.0 97.02932238578796
726.0 96.78497910499573
727.0 96.42634987831116
728.0 96.12655639648438
729.0 96.0178017616272
730.0 96.0577666759491
731.0 96.20702266693115
732.0 96.31404876708984
733.0 96.66030406951904
734.0 97.08312749862671
735.0 97.28196263313293
736.0 97.76074886322021
737.0 98.07385206222534
738.0 98.4160304069519
739.0 98.56352806091309
740.0 98.6929178237915
741.0 98.3925461769104
742.0 98.8059401512146
743.0 98.60493540763855
744.0 98.38303327560425
745.0 98.40976595878601
746.0 98.41090440750122
747.0 98.60419034957886
748.0 98.47463965415955
749.0 98.36589097976685
750.0 98.48483204841614
751.0 98.30424189567566
752.0 98.33561778068542
753.0 98.48899841308594
754.0 98.45432639122009
755.0 98.48207831382751
756.0 98.51298928260803
757.0 98.51484298706055
758.0 98.60599637031555
759.0 98.55086207389832
760.0 98.42470288276672
761.0 98.32809567451477
762.0 98.40047955513
763.0 98.3750581741333
764.0 98.18307757377625
765.0 98.10324311256409
766.0 98.23963046073914
767.0 98.06384444236755
768.0 98.12222719192505
769.0 98.1520414352417
770.0 97.96218276023865
771.0 98.06807041168213
772.0 98.21580648422241
773.0 98.06253910064697
774.0 97.92528748512268
775.0 98.08528423309326
776.0 97.98406958580017
777.0 98.01947474479675
778.0 97.88079261779785
779.0 97.87730574607849
780.0 97.72741198539734
781.0 97.9912519454956
782.0 97.80668020248413
783.0 97.87841439247131
784.0 97.80644178390503
785.0 97.92214035987854
786.0 98.06663990020752
787.0 97.79989123344421
788.0 97.87905216217041
789.0 97.98283576965332
790.0 97.98999428749084
791.0 97.91374802589417
792.0 97.81244397163391
793.0 97.86391258239746
794.0 97.93323874473572
795.0 97.87567257881165
796.0 97.91707992553711
797.0 98.03639054298401
798.0 98.02896976470947
799.0 97.88855910301208
800.0 97.66727685928345
801.0 97.73499369621277
802.0 97.61720299720764
803.0 97.47471213340759
804.0 97.21813201904297
805.0 97.02414870262146
806.0 96.77883982658386
807.0 96.26584053039551
808.0 95.68402171134949
809.0 94.85577344894409
810.0 93.85905265808105
811.0 92.46854782104492
812.0 90.55419564247131
813.0 88.33250999450684
814.0 85.61732172966003
815.0 82.39225745201111
816.0 78.98734211921692
817.0 74.78725910186768
818.0 70.05708813667297
819.0 65.77354073524475
820.0 60.65043807029724
821.0 56.021320819854736
822.0 51.305198669433594
823.0 46.63367569446564
824.0 42.04919636249542
825.0 37.72334158420563
826.0 33.14511179924011
827.0 28.383541107177734
828.0 24.162796139717102
829.0 19.911155104637146
830.0 15.521100163459778
831.0 12.09169551730156
832.0 8.672579377889633
833.0 5.915180593729019
834.0 3.8648556917905807
835.0 2.392718940973282
836.0 1.4517748728394508
837.0 0.8279923349618912
838.0 0.46142982318997383
839.0 0.288538821041584
840.0 0.1426205039024353
841.0 0.0823605281766504
842.0 0.0663461978547275
843.0 0.026731850812211633
844.0 2.690920836850852e-10
845.0 0.03419946297071874
846.0 2.690920836850852e-10
847.0 2.690920836850852e-10
848.0 2.690920836850852e-10
849.0 2.690920836850852e-10
850.0 2.690920836850852e-10
851.0 0.002062462044705171
852.0 0.0028760610803146847
853.0 0.0018949087461805902
854.0 0.0009137570486927871
855.0 0.0007004385224718135
856.0 0.00048712017814978026
857.0 0.0006016667612129822
858.0 0.0007162134352256544
859.0 0.00042548558667476755
860.0 0.00013475784044203465
861.0 0.00013711835435969988
862.0 0.00013947876595921116
863.0 0.0001563593173159461
864.0 0.0001732398800413648
865.0 0.00021163691599213053
866.0 0.00025003396331158
867.0 0.00010566946002654731
868.0 2.690920836850852e-10
869.0 2.690920836850852e-10
870.0 2.690920836850852e-10
871.0 2.690920836850852e-10
872.0 1.8938037271709618e-05
873.0 6.206373655004427e-05
874.0 0.0001051893718795327
875.0 8.022730639822839e-05
876.0 5.5265212495214655e-05
877.0 0.00018173659555031918
878.0 0.00030820799565844936
879.0 0.0002805592885124497
880.0 0.00025291062684118515
881.0 0.00019285866983409505
882.0 0.00013280670145832119
883.0 0.0001645860834287305
884.0 0.00019636543129308848
885.0 3.7454228163369407e-06
886.0 2.690920836850852e-10
887.0 2.690920836850852e-10
888.0 2.690920836850852e-10
889.0 3.125256284874922e-05
890.0 0.00017772085811884608
891.0 0.0001875238808679569
892.0 0.00019732692635443527
893.0 0.00015942290474413312
894.0 0.00012151888313383097
895.0 5.675265128957108e-05
896.0 2.690920836850852e-10
897.0 2.3485067401907145e-05
898.0 5.4983706831990276e-05
