ts8/transmission_sensor/rtm-020_s20/19700101T000000.ecsv
# %ECSV 0.9
# ---
# datatype:
# - {name: amp_name, datatype: string}
# - {name: wavelength, unit: nm, datatype: float32}
# - {name: efficiency, unit: '%', datatype: float32}
# meta: !!omap
# - {MODE: AMP}
# - {TYPE: transmission_sensor}
# - {CALIBDATE: '1970-01-01T00:00:00'}
# - {INSTRUME: TS8}
# - {OBSTYPE: transmission_sensor}
# - {DETECTOR: 150}
# - {CALIBCLS: lsst.ip.isr.IntermediateSensorTransmissionCurve}
# - {PICKLEFILE: RaftRun10669.p}
# - {CALIB_ID: 'raftName=RTM-020 detectorName=S20 detector=150 calibDate=1970-01-01T00:00:00 ccd=150 ccdnum=150 filter=None'}
# - {DATE: '2020-07-23T19:15:29.779873'}
# - {CALIB_CREATION_DATE: '2020-07-23'}
# - {CALIB_CREATION_TIME: '19:15:29'}
# - __serialized_columns__:
#     efficiency:
#       __class__: astropy.units.quantity.Quantity
#       unit: !astropy.units.Unit {unit: '%'}
#       value: !astropy.table.SerializedColumn {name: efficiency}
#     wavelength:
#       __class__: astropy.units.quantity.Quantity
#       unit: !astropy.units.Unit {unit: nm}
#       value: !astropy.table.SerializedColumn {name: wavelength}
# schema: astropy-2.0
amp_name wavelength efficiency
C17 349.982 72.75525
C17 450.035 87.250755
C17 500.018 91.34475
C17 619.997 97.31248
C17 750.022 97.81836
C17 869.967 91.75793
C17 999.976 27.89821
C13 349.982 71.64159
C13 450.035 87.19751
C13 500.018 91.363815
C13 619.997 97.447105
C13 750.022 98.155396
C13 869.967 92.01328
C13 999.976 27.66467
C10 349.982 69.87924
C10 450.035 86.41519
C10 500.018 90.679726
C10 619.997 96.84837
C10 750.022 97.34857
C10 869.967 91.06728
C10 999.976 27.37321
C02 349.982 73.080086
C02 450.035 87.41735
C02 500.018 91.38131
C02 619.997 97.37854
C02 750.022 97.69256
C02 869.967 91.073784
C02 999.976 27.471153
C00 349.982 71.81359
C00 450.035 86.644714
C00 500.018 90.64229
C00 619.997 96.66447
C00 750.022 96.80757
C00 869.967 89.99926
C00 999.976 27.205378
C11 349.982 70.52093
C11 450.035 86.73937
C11 500.018 90.96921
C11 619.997 97.11432
C11 750.022 97.772575
C11 869.967 91.60288
C11 999.976 27.553854
C05 349.982 74.35433
C05 450.035 87.94595
C05 500.018 91.88011
C05 619.997 97.80856
C05 750.022 97.9018
C05 869.967 91.17737
C05 999.976 27.499567
C06 349.982 74.401726
C06 450.035 87.71679
C06 500.018 91.62751
C06 619.997 97.50956
C06 750.022 97.5142
C06 869.967 90.784676
C06 999.976 27.453981
C14 349.982 72.01248
C14 450.035 87.26866
C14 500.018 91.40904
C14 619.997 97.44926
C14 750.022 98.12035
C14 869.967 91.97981
C14 999.976 27.67163
C04 349.982 73.91363
C04 450.035 87.77909
C04 500.018 91.72395
C04 619.997 97.673256
C04 750.022 97.8599
C04 869.967 91.20753
C04 999.976 27.392902
C03 349.982 73.545044
C03 450.035 87.637344
C03 500.018 91.58389
C03 619.997 97.554886
C03 750.022 97.82519
C03 869.967 91.19284
C03 999.976 27.415865
C01 349.982 72.793
C01 450.035 87.3994
C01 500.018 91.39389
C01 619.997 97.42294
C01 750.022 97.71585
C01 869.967 91.014305
C01 999.976 27.499025
C16 349.982 72.48303
C16 450.035 87.19516
C16 500.018 91.297935
C16 619.997 97.268524
C16 750.022 97.82308
C16 869.967 91.72797
C16 999.976 27.928118
C07 349.982 74.54796
C07 450.035 87.643776
C07 500.018 91.546524
C07 619.997 97.41939
C07 750.022 97.349976
C07 869.967 90.64815
C07 999.976 27.368292
C15 349.982 72.64802
C15 450.035 87.700294
C15 500.018 91.83476
C15 619.997 97.873634
C15 750.022 98.49697
C15 869.967 92.37917
C15 999.976 28.0607
C12 349.982 71.09927
C12 450.035 86.9639
C12 500.018 91.160164
C12 619.997 97.27648
C12 750.022 97.99402
C12 869.967 91.86816
C12 999.976 27.644999
