lsstcam/qe_curves/r02_s12/19700101T000000.ecsv
# %ECSV 0.9
# ---
# datatype:
# - {name: amp_name, datatype: string}
# - {name: wavelength, unit: nm, datatype: float32}
# - {name: efficiency, unit: '%', datatype: float32}
# meta: !!omap
# - {MODE: AMP}
# - {TYPE: QE}
# - {CALIBDATE: '1970-01-01T00:00:00'}
# - {INSTRUME: LSSTCAM}
# - {OBSTYPE: qe_curves}
# - {DETECTOR: 14}
# - {PICKLEFILE: RaftRun10982.p}
# - {CALIB_ID: 'raftName=R02 detectorName=S12 detector=14 calibDate=1970-01-01T00:00:00 ccd=14 ccdnum=14 filter=None'}
# - {DATE: '2020-01-23T01:49:20.024882'}
# - {CALIB_CREATION_DATE: '2020-01-23'}
# - {CALIB_CREATION_TIME: '01:49:20'}
# - __serialized_columns__:
#     efficiency:
#       __class__: astropy.units.quantity.Quantity
#       unit: !astropy.units.Unit {unit: '%'}
#       value: !astropy.table.SerializedColumn {name: efficiency}
#     wavelength:
#       __class__: astropy.units.quantity.Quantity
#       unit: !astropy.units.Unit {unit: nm}
#       value: !astropy.table.SerializedColumn {name: wavelength}
# schema: astropy-2.0
amp_name wavelength efficiency
C02 319.994 47.214508
C02 324.969 49.074593
C02 349.982 57.39472
C02 374.975 72.53077
C02 400.019 84.158104
C02 424.965 85.86074
C02 450.035 85.38984
C02 475.003 85.37615
C02 500.018 85.75759
C02 525.002 86.47529
C02 550.029 87.846176
C02 575.023 89.38927
C02 599.982 91.05728
C02 619.997 92.15632
C02 624.979 92.36711
C02 650.012 93.821495
C02 675.004 95.09178
C02 700.03 96.09996
C02 725.012 96.59086
C02 750.022 98.25571
C02 774.987 99.066635
C02 799.976 99.7816
C02 824.988 98.538025
C02 850.022 97.63291
C02 869.967 95.60371
C02 875.002 94.49844
C02 899.999 87.960785
C02 919.999 79.68378
C02 925.012 76.99209
C02 949.965 63.33128
C02 975.002 48.767914
C02 999.976 31.730871
C02 1025.028 15.389527
C02 1050.014 6.221665
C02 1075.002 3.3850813
C02 1099.99 2.242322
C00 319.994 47.070454
C00 324.969 48.94929
C00 349.982 57.261036
C00 374.975 72.18976
C00 400.019 83.71388
C00 424.965 85.39
C00 450.035 84.934044
C00 475.003 85.01647
C00 500.018 85.50271
C00 525.002 86.37286
C00 550.029 87.81559
C00 575.023 89.358955
C00 599.982 91.00467
C00 619.997 92.09787
C00 624.979 92.30099
C00 650.012 93.7635
C00 675.004 95.02846
C00 700.03 96.01537
C00 725.012 96.441734
C00 750.022 98.01444
C00 774.987 98.7226
C00 799.976 99.404755
C00 824.988 98.17961
C00 850.022 97.31524
C00 869.967 95.34239
C00 875.002 94.28164
C00 899.999 87.77081
C00 919.999 79.537476
C00 925.012 76.89495
C00 949.965 62.961876
C00 975.002 48.598087
C00 999.976 31.862389
C00 1025.028 15.475487
C00 1050.014 6.2312326
C00 1075.002 3.355697
C00 1099.99 2.2129564
C05 319.994 46.681946
C05 324.969 48.42344
C05 349.982 56.41146
C05 374.975 71.88875
C05 400.019 84.11939
C05 424.965 86.10442
C05 450.035 85.62941
C05 475.003 85.47516
C05 500.018 85.7069
C05 525.002 86.3161
C05 550.029 87.61456
C05 575.023 89.14265
C05 599.982 90.814255
C05 619.997 91.92649
C05 624.979 92.14025
C05 650.012 93.61965
C05 675.004 94.91809
C05 700.03 95.996925
C05 725.012 96.63653
C05 750.022 98.49266
C05 774.987 99.49076
C05 799.976 100.316635
C05 824.988 99.09533
C05 850.022 98.26309
C05 869.967 96.21314
C05 875.002 95.079155
C05 899.999 88.38817
C05 919.999 80.02582
C05 925.012 77.34041
C05 949.965 63.977734
C05 975.002 49.26254
C05 999.976 31.9373
C05 1025.028 15.419647
C05 1050.014 6.177734
C05 1075.002 3.3956358
C05 1099.99 2.2585127
C07 319.994 46.23123
C07 324.969 47.897427
C07 349.982 55.642643
C07 374.975 71.29876
C07 400.019 83.92665
C07 424.965 86.077675
C07 450.035 85.59165
C07 475.003 85.37754
C07 500.018 85.56114
C07 525.002 86.13921
C07 550.029 87.42186
C07 575.023 88.941345
C07 599.982 90.59719
C07 619.997 91.696526
C07 624.979 91.90247
C07 650.012 93.378136
C07 675.004 94.67542
C07 700.03 95.74843
C07 725.012 96.36923
C07 750.022 98.191734
C07 774.987 99.14907
C07 799.976 99.98107
C07 824.988 98.80198
C07 850.022 98.039764
C07 869.967 95.9832
C07 875.002 94.855644
C07 899.999 88.22074
C07 919.999 80.01689
C07 925.012 77.40636
C07 949.965 64.216385
C07 975.002 49.35347
C07 999.976 31.884863
C07 1025.028 15.369221
C07 1050.014 6.16279
C07 1075.002 3.4137924
C07 1099.99 2.2796154
C15 319.994 47.149643
C15 324.969 49.001442
C15 349.982 57.3574
C15 374.975 72.52465
C15 400.019 84.13975
C15 424.965 85.825264
C15 450.035 85.37226
C15 475.003 85.35317
C15 500.018 85.72818
C15 525.002 86.431725
C15 550.029 87.845436
C15 575.023 89.36231
C15 599.982 91.0275
C15 619.997 92.10352
C15 624.979 92.33577
C15 650.012 93.76766
C15 675.004 95.05711
C15 700.03 96.09405
C15 725.012 96.595375
C15 750.022 98.220406
C15 774.987 99.072334
C15 799.976 99.738174
C15 824.988 98.47731
C15 850.022 97.42583
C15 869.967 95.08408
C15 875.002 93.86659
C15 899.999 86.91297
C15 919.999 78.836914
C15 925.012 76.21491
C15 949.965 62.993217
C15 975.002 48.365833
C15 999.976 31.41912
C15 1025.028 15.02768
C15 1050.014 6.044649
C15 1075.002 3.2186422
C15 1099.99 2.2195482
C01 319.994 47.35068
C01 324.969 49.237267
C01 349.982 57.604282
C01 374.975 72.649895
C01 400.019 84.170815
C01 424.965 85.82636
C01 450.035 85.34993
C01 475.003 85.39467
C01 500.018 85.83993
C01 525.002 86.64431
C01 550.029 88.0578
C01 575.023 89.606255
C01 599.982 91.26539
C01 619.997 92.35784
C01 624.979 92.562065
C01 650.012 94.02162
C01 675.004 95.28103
C01 700.03 96.26568
C01 725.012 96.71962
C01 750.022 98.332466
C01 774.987 99.07399
C01 799.976 99.76142
C01 824.988 98.520676
C01 850.022 97.62191
C01 869.967 95.62538
C01 875.002 94.542564
C01 899.999 88.04784
C01 919.999 79.763115
C01 925.012 77.07399
C01 949.965 63.28225
C01 975.002 48.7788
C01 999.976 31.864124
C01 1025.028 15.484724
C01 1050.014 6.2856994
C01 1075.002 3.3968406
C01 1099.99 2.24309
C06 319.994 46.48785
C06 324.969 48.184387
C06 349.982 56.03971
C06 374.975 71.58494
C06 400.019 84.01286
C06 424.965 86.09927
C06 450.035 85.63871
C06 475.003 85.47754
C06 500.018 85.69473
C06 525.002 86.30145
C06 550.029 87.58466
C06 575.023 89.09155
C06 599.982 90.74775
C06 619.997 91.85255
C06 624.979 92.05759
C06 650.012 93.53768
C06 675.004 94.831795
C06 700.03 95.92034
C06 725.012 96.57482
C06 750.022 98.45045
C06 774.987 99.45567
C06 799.976 100.29382
C06 824.988 99.090324
C06 850.022 98.28242
C06 869.967 96.23097
C06 875.002 95.09559
C06 899.999 88.39823
C06 919.999 80.052956
C06 925.012 77.386406
C06 949.965 64.07815
C06 975.002 49.3188
C06 999.976 31.929768
C06 1025.028 15.405411
C06 1050.014 6.166915
C06 1075.002 3.4006534
C06 1099.99 2.2655876
C10 319.994 46.139748
C10 324.969 47.79334
C10 349.982 55.593216
C10 374.975 71.28534
C10 400.019 83.91065
C10 424.965 86.02519
C10 450.035 85.535835
C10 475.003 85.29104
C10 500.018 85.46363
C10 525.002 86.01929
C10 550.029 87.38847
C10 575.023 88.90358
C10 599.982 90.58156
C10 619.997 91.66739
C10 624.979 91.909706
C10 650.012 93.35564
C10 675.004 94.69626
C10 700.03 95.81227
C10 725.012 96.4428
C10 750.022 98.200005
C10 774.987 99.21885
C10 799.976 99.99075
C10 824.988 98.791466
C10 850.022 97.91971
C10 869.967 95.64894
C10 875.002 94.39731
C10 899.999 87.17666
C10 919.999 78.91382
C10 925.012 76.31675
C10 949.965 63.416096
C10 975.002 48.779224
C10 999.976 31.425129
C10 1025.028 14.938772
C10 1050.014 5.9480104
C10 1075.002 3.2219927
C10 1099.99 2.2463524
C03 319.994 47.044178
C03 324.969 48.869568
C03 349.982 57.109394
C03 374.975 72.37463
C03 400.019 84.18562
C03 424.965 85.95661
C03 450.035 85.469406
C03 475.003 85.36266
C03 500.018 85.65972
C03 525.002 86.32147
C03 550.029 87.66402
C03 575.023 89.222275
C03 599.982 90.91481
C03 619.997 92.02379
C03 624.979 92.242325
C03 650.012 93.70814
C03 675.004 94.99825
C03 700.03 96.03139
C03 725.012 96.575714
C03 750.022 98.308075
C03 774.987 99.18934
C03 799.976 99.941315
C03 824.988 98.70385
C03 850.022 97.82588
C03 869.967 95.78174
C03 875.002 94.663216
C03 899.999 88.085815
C03 919.999 79.81089
C03 925.012 77.12105
C03 949.965 63.556328
C03 975.002 48.94613
C03 999.976 31.730516
C03 1025.028 15.397329
C03 1050.014 6.1925497
C03 1075.002 3.3898933
C03 1099.99 2.2505586
C16 319.994 47.237328
C16 324.969 49.122173
C16 349.982 57.573986
C16 374.975 72.601814
C16 400.019 84.022354
C16 424.965 85.61977
C16 450.035 85.1675
C16 475.003 85.206245
C16 500.018 85.6448
C16 525.002 86.407646
C16 550.029 87.86498
C16 575.023 89.388054
C16 599.982 91.045425
C16 619.997 92.115814
C16 624.979 92.3454
C16 650.012 93.76975
C16 675.004 95.05113
C16 700.03 96.06448
C16 725.012 96.51444
C16 750.022 98.065994
C16 774.987 98.854164
C16 799.976 99.48342
C16 824.988 98.226654
C16 850.022 97.12301
C16 869.967 94.874596
C16 875.002 93.68625
C16 899.999 86.99749
C16 919.999 78.989914
C16 925.012 76.351295
C16 949.965 62.78928
C16 975.002 48.23744
C16 999.976 31.48504
C16 1025.028 15.083786
C16 1050.014 6.0759645
C16 1075.002 3.2325897
C16 1099.99 2.2315588
C04 319.994 46.907604
C04 324.969 48.692425
C04 349.982 56.812084
C04 374.975 72.2117
C04 400.019 84.25568
C04 424.965 86.14276
C04 450.035 85.66276
C04 475.003 85.523346
C04 500.018 85.78219
C04 525.002 86.41107
C04 550.029 87.74159
C04 575.023 89.28941
C04 599.982 90.98136
C04 619.997 92.09681
C04 624.979 92.31474
C04 650.012 93.793335
C04 675.004 95.097015
C04 700.03 96.16018
C04 725.012 96.76648
C04 750.022 98.565186
C04 774.987 99.525055
C04 799.976 100.31835
C04 824.988 99.09092
C04 850.022 98.23747
C04 869.967 96.18828
C04 875.002 95.057846
C04 899.999 88.40416
C04 919.999 80.084206
C04 925.012 77.389885
C04 949.965 63.91284
C04 975.002 49.23389
C04 999.976 31.874853
C04 1025.028 15.448192
C04 1050.014 6.194382
C04 1075.002 3.4010007
C04 1099.99 2.2621753
C14 319.994 46.708984
C14 324.969 48.49405
C14 349.982 56.629635
C14 374.975 71.84496
C14 400.019 83.68599
C14 424.965 85.5146
C14 450.035 85.11046
C14 475.003 85.09712
C14 500.018 85.45319
C14 525.002 86.13344
C14 550.029 87.51038
C14 575.023 88.97597
C14 599.982 90.60411
C14 619.997 91.661766
C14 624.979 91.88998
C14 650.012 93.314674
C14 675.004 94.62089
C14 700.03 95.68679
C14 725.012 96.25103
C14 750.022 97.95275
C14 774.987 98.88831
C14 799.976 99.60722
C14 824.988 98.360214
C14 850.022 97.37826
C14 869.967 95.03726
C14 875.002 93.819016
C14 899.999 86.79165
C14 919.999 78.65698
C14 925.012 76.03375
C14 949.965 63.003433
C14 975.002 48.460217
C14 999.976 31.33611
C14 1025.028 14.967387
C14 1050.014 6.0031743
C14 1075.002 3.2065668
C14 1099.99 2.212452
C11 319.994 46.31297
C11 324.969 47.977924
C11 349.982 55.805546
C11 374.975 71.388145
C11 400.019 83.86051
C11 424.965 85.94373
C11 450.035 85.547134
C11 475.003 85.43552
C11 500.018 85.691635
C11 525.002 86.27061
C11 550.029 87.627205
C11 575.023 89.066414
C11 599.982 90.68937
C11 619.997 91.73116
C11 624.979 91.977646
C11 650.012 93.40343
C11 675.004 94.741714
C11 700.03 95.87309
C11 725.012 96.540985
C11 750.022 98.34306
C11 774.987 99.43186
C11 799.976 100.21999
C11 824.988 98.99822
C11 850.022 98.07104
C11 869.967 95.80244
C11 875.002 94.56253
C11 899.999 87.418915
C11 919.999 79.05266
C11 925.012 76.39466
C11 949.965 63.41933
C11 975.002 48.813877
C11 999.976 31.52287
C11 1025.028 14.996934
C11 1050.014 5.955226
C11 1075.002 3.210998
C11 1099.99 2.2297769
C12 319.994 46.23744
C12 324.969 47.911835
C12 349.982 55.71426
C12 374.975 71.17191
C12 400.019 83.52532
C12 424.965 85.59239
C12 450.035 85.24175
C12 475.003 85.20063
C12 500.018 85.50126
C12 525.002 86.122734
C12 550.029 87.46724
C12 575.023 88.864174
C12 599.982 90.44786
C12 619.997 91.47117
C12 624.979 91.71047
C12 650.012 93.12427
C12 675.004 94.45265
C12 700.03 95.57186
C12 725.012 96.236244
C12 750.022 98.03891
C12 774.987 99.1171
C12 799.976 99.9031
C12 824.988 98.67676
C12 850.022 97.72404
C12 869.967 95.43235
C12 875.002 94.19731
C12 899.999 87.06635
C12 919.999 78.74212
C12 925.012 76.08045
C12 949.965 63.102104
C12 975.002 48.56149
C12 999.976 31.378263
C12 1025.028 14.945672
C12 1050.014 5.9469533
C12 1075.002 3.1937068
C12 1099.99 2.2119126
C13 319.994 46.61569
C13 324.969 48.36015
C13 349.982 56.419117
C13 374.975 71.794495
C13 400.019 83.855675
C13 424.965 85.7578
C13 450.035 85.35138
C13 475.003 85.29206
C13 500.018 85.60247
C13 525.002 86.235725
C13 550.029 87.605095
C13 575.023 89.0683
C13 599.982 90.69651
C13 619.997 91.74797
C13 624.979 91.98773
C13 650.012 93.41309
C13 675.004 94.73263
C13 700.03 95.82671
C13 725.012 96.44423
C13 750.022 98.19489
C13 774.987 99.20877
C13 799.976 99.95509
C13 824.988 98.70989
C13 850.022 97.73128
C13 869.967 95.39946
C13 875.002 94.16985
C13 899.999 87.070145
C13 919.999 78.82456
C13 925.012 76.16942
C13 949.965 63.13331
C13 975.002 48.611824
C13 999.976 31.380758
C13 1025.028 14.979736
C13 1050.014 5.9869423
C13 1075.002 3.2025497
C13 1099.99 2.2139192
C17 319.994 47.129147
C17 324.969 49.01452
C17 349.982 57.444035
C17 374.975 72.39892
C17 400.019 83.83236
C17 424.965 85.43278
C17 450.035 84.99492
C17 475.003 85.07931
C17 500.018 85.56922
C17 525.002 86.41021
C17 550.029 87.92469
C17 575.023 89.44506
C17 599.982 91.095184
C17 619.997 92.1643
C17 624.979 92.39372
C17 650.012 93.82571
C17 675.004 95.119156
C17 700.03 96.131615
C17 725.012 96.5564
C17 750.022 98.064026
C17 774.987 98.81798
C17 799.976 99.43063
C17 824.988 98.18413
C17 850.022 97.068474
C17 869.967 94.80215
C17 875.002 93.62472
C17 899.999 87.14507
C17 919.999 79.1278
C17 925.012 76.51039
C17 949.965 62.654045
C17 975.002 48.21727
C17 999.976 31.524563
C17 1025.028 15.073352
C17 1050.014 6.0507035
C17 1075.002 3.2147336
C17 1099.99 2.2132568
