lsstcam/qe_curve/r32_s11/19700101T000000.ecsv
# %ECSV 0.9
# ---
# datatype:
# - {name: amp_name, datatype: string}
# - {name: wavelength, unit: nm, datatype: float32}
# - {name: efficiency, unit: '%', datatype: float32}
# meta: !!omap
# - {MODE: AMP}
# - {TYPE: QE}
# - {CALIBDATE: '1970-01-01T00:00:00'}
# - {INSTRUME: LSSTCAM}
# - {OBSTYPE: qe_curve}
# - {DETECTOR: 139}
# - {PICKLEFILE: RaftRun12002.p}
# - {CALIB_ID: 'raftName=R32 detectorName=S11 detector=139 calibDate=1970-01-01T00:00:00 ccd=139 ccdnum=139 filter=None'}
# - {DATE: '2020-07-07T23:28:40.440222'}
# - {CALIB_CREATION_DATE: '2020-07-07'}
# - {CALIB_CREATION_TIME: '23:28:40'}
# - __serialized_columns__:
#     efficiency:
#       __class__: astropy.units.quantity.Quantity
#       unit: !astropy.units.Unit {unit: '%'}
#       value: !astropy.table.SerializedColumn {name: efficiency}
#     wavelength:
#       __class__: astropy.units.quantity.Quantity
#       unit: !astropy.units.Unit {unit: nm}
#       value: !astropy.table.SerializedColumn {name: wavelength}
# schema: astropy-2.0
amp_name wavelength efficiency
C01 330.0 56.22936
C01 350.0 73.01897
C01 370.0 77.48821
C01 450.0 84.51808
C01 500.0 87.35925
C01 620.0 90.7158
C01 750.0 90.53836
C01 870.0 83.417915
C01 1000.0 25.360636
C07 330.0 56.32795
C07 350.0 72.8883
C07 370.0 77.81033
C07 450.0 84.32944
C07 500.0 87.086174
C07 620.0 90.56472
C07 750.0 90.61737
C07 870.0 83.61161
C07 1000.0 25.45429
C13 330.0 55.765358
C13 350.0 73.769585
C13 370.0 78.874535
C13 450.0 84.641136
C13 500.0 87.33551
C13 620.0 90.78924
C13 750.0 90.93749
C13 870.0 83.888374
C13 1000.0 25.537928
C11 330.0 54.417633
C11 350.0 71.28924
C11 370.0 76.391495
C11 450.0 81.60678
C11 500.0 84.124245
C11 620.0 87.42715
C11 750.0 87.58499
C11 870.0 80.7842
C11 1000.0 24.552938
C04 330.0 55.16782
C04 350.0 72.64972
C04 370.0 77.48703
C04 450.0 84.48764
C04 500.0 87.35169
C04 620.0 90.84436
C04 750.0 90.84675
C04 870.0 83.81227
C04 1000.0 25.51806
C16 330.0 56.448517
C16 350.0 73.573814
C16 370.0 78.28821
C16 450.0 84.507866
C16 500.0 87.28513
C16 620.0 90.69554
C16 750.0 90.6562
C16 870.0 83.58371
C16 1000.0 25.585737
C17 330.0 57.025036
C17 350.0 74.1648
C17 370.0 78.65088
C17 450.0 84.69573
C17 500.0 87.421486
C17 620.0 90.76156
C17 750.0 90.60576
C17 870.0 83.49576
C17 1000.0 25.60899
C14 330.0 55.449177
C14 350.0 73.37479
C14 370.0 78.36008
C14 450.0 84.341156
C14 500.0 87.080986
C14 620.0 90.57359
C14 750.0 90.60796
C14 870.0 83.58099
C14 1000.0 25.436857
C10 330.0 56.903507
C10 350.0 74.073784
C10 370.0 79.41217
C10 450.0 84.60819
C10 500.0 87.15802
C10 620.0 90.53435
C10 750.0 90.6664
C10 870.0 83.60844
C10 1000.0 25.402338
C00 330.0 56.68938
C00 350.0 73.571815
C00 370.0 77.88626
C00 450.0 84.73307
C00 500.0 87.5188
C00 620.0 90.7676
C00 750.0 90.52532
C00 870.0 83.37155
C00 1000.0 25.447702
C05 330.0 55.044895
C05 350.0 72.525734
C05 370.0 77.36022
C05 450.0 84.16398
C05 500.0 86.97595
C05 620.0 90.45996
C05 750.0 90.46527
C05 870.0 83.48746
C05 1000.0 25.417204
C15 330.0 55.009872
C15 350.0 72.63944
C15 370.0 77.45754
C15 450.0 83.60932
C15 500.0 86.359245
C15 620.0 89.759056
C15 750.0 89.82592
C15 870.0 82.850624
C15 1000.0 25.276213
C02 330.0 55.561214
C02 350.0 72.9102
C02 370.0 77.52173
C02 450.0 84.5639
C02 500.0 87.42677
C02 620.0 90.82823
C02 750.0 90.709366
C02 870.0 83.62044
C02 1000.0 25.452772
C12 330.0 54.21306
C12 350.0 71.83829
C12 370.0 76.921616
C12 450.0 82.44119
C12 500.0 85.04395
C12 620.0 88.41854
C12 750.0 88.59857
C12 870.0 81.73081
C12 1000.0 24.871641
C03 330.0 55.217735
C03 350.0 72.634346
C03 370.0 77.335655
C03 450.0 84.29411
C03 500.0 87.13711
C03 620.0 90.55131
C03 750.0 90.473175
C03 870.0 83.44188
C03 1000.0 25.373997
C06 330.0 55.89475
C06 350.0 72.94751
C06 370.0 77.861145
C06 450.0 84.44969
C06 500.0 87.23124
C06 620.0 90.70743
C06 750.0 90.74068
C06 870.0 83.73135
C06 1000.0 25.46905
