lsstCam/transmission_filter_detector/r11_s12/z_20/19700101T000000.ecsv
# %ECSV 1.0
# ---
# datatype:
# - {name: wavelength, unit: nm, datatype: float32}
# - {name: efficiency, unit: '%', datatype: float64}
# meta: !!omap
# - {MODE: DETECTOR}
# - {TYPE: transmission_filter_detector}
# - {CALIBDATE: '1970-01-01T00:00:00'}
# - {INSTRUME: LSSTCam}
# - {OBSTYPE: transmission_filter_detector}
# - {CALIBCLS: lsst.ip.isr.IntermediateFilterDetectorTransmissionCurve}
# - {SOURCE: Materion (DM-46256)}
# - {DETECTOR: 41}
# - {FILTER: z_20}
# - {CALIB_ID: 'calibDate=1970-01-01T00:00:00 filter=z_20 detector=41'}
# - {DATE: '2025-04-02T15:59:48.824823'}
# - {CALIB_CREATION_DATE: '2025-04-02'}
# - {CALIB_CREATION_TIME: '15:59:48'}
# - __serialized_columns__:
#     efficiency:
#       __class__: astropy.units.quantity.Quantity
#       unit: !astropy.units.Unit {unit: '%'}
#       value: !astropy.table.SerializedColumn {name: efficiency}
#     wavelength:
#       __class__: astropy.units.quantity.Quantity
#       unit: !astropy.units.Unit {unit: nm}
#       value: !astropy.table.SerializedColumn {name: wavelength}
# schema: astropy-2.0
wavelength efficiency
[from data line 598]
898.0 98.98989796638489
899.0 98.72729778289795
900.0 98.92438650131226
901.0 99.68403577804565
902.0 99.10045862197876
903.0 98.62923622131348
904.0 98.01984429359436
905.0 98.83065223693848
906.0 98.18737506866455
907.0 98.78624677658081
908.0 98.38298559188843
909.0 98.5944390296936
910.0 98.27871918678284
911.0 97.05504775047302
912.0 96.07160091400146
913.0 95.05189657211304
914.0 93.03160905838013
915.0 90.61116576194763
916.0 88.5564386844635
917.0 87.2129499912262
918.0 83.72872471809387
919.0 82.37636089324951
920.0 79.61230278015137
921.0 76.12577676773071
922.0 71.65708541870117
923.0 66.26467704772949
924.0 60.81001162528992
925.0 55.43211102485657
926.0 49.19349551200867
927.0 42.44927763938904
928.0 36.668723821640015
929.0 30.40148615837097
930.0 24.701303243637085
931.0 19.529056549072266
932.0 13.92648071050644
933.0 9.435227513313293
934.0 6.176047399640083
935.0 3.904483839869499
936.0 2.2334959357976913
937.0 1.3432973064482212
938.0 0.75664515607059
939.0 0.5982935428619385
940.0 0.418702932074666
941.0 0.18687628908082843
942.0 0.2893836470320821
943.0 0.2548453165218234
944.0 0.018945996998809278
945.0 0.2037043683230877
946.0 0.10811800602823496
947.0 1.589976739678478e-10
948.0 1.589976739678478e-10
949.0 1.589976739678478e-10
950.0 0.12459156569093466
951.0 0.028786074835807085
952.0 0.028156020562164485
953.0 0.07304081809706986
954.0 1.589976739678478e-10
955.0 0.027361692627891898
956.0 1.589976739678478e-10
957.0 1.589976739678478e-10
958.0 1.589976739678478e-10
959.0 1.589976739678478e-10
960.0 0.029202678706496954
961.0 0.05399103392846882
962.0 0.013234015204943717
963.0 0.033522144076414406
964.0 0.010697781544877216
965.0 1.589976739678478e-10
966.0 0.04062723310198635
967.0 0.01530584559077397
968.0 0.037645778502337635
969.0 1.589976739678478e-10
970.0 0.0320681108860299
971.0 1.589976739678478e-10
972.0 0.07500033243559301
973.0 0.04645434091798961
974.0 0.004169881867710501
975.0 1.589976739678478e-10
976.0 0.006492283137049526
977.0 0.006460270378738642
978.0 0.006428259803215042
979.0 0.006226265395525843
980.0 0.006024269896443002
981.0 0.005950844206381589
982.0 0.005877418880118057
983.0 0.005728885662392713
984.0 0.0055803531722631305
985.0 0.005327968392521143
986.0 0.005075582885183394
987.0 0.005105516538606025
988.0 0.005135450555826537
989.0 0.005006806895835325
990.0 0.004878163599641994
991.0 0.004934440949000418
992.0 0.004990718298358843
993.0 0.004965018160874024
994.0 0.004939317295793444
995.0 0.0048593701649224386
996.0 0.004779423397849314
997.0 0.0046623634261777624
998.0 0.004545303454506211
999.0 0.004500275827012956
1000.0 0.004455248199519701
1001.0 0.004582353722071275
1002.0 0.004709458880824968
1003.0 0.0046149529225658625
1004.0 0.004520446964306757
1005.0 0.004378610901767388
1006.0 0.0042367752030259
1007.0 0.004311128941481002
1008.0 0.0043854826799361035
1009.0 0.004465238453121856
1010.0 0.004544994226307608
1011.0 0.004641230407287367
1012.0 0.004737466588267125
1013.0 0.004574104968924075
1014.0 0.0044107433495810255
1015.0 0.004555771374725737
1016.0 0.004700798672274686
1017.0 0.00500123314850498
1018.0 0.005301667988533154
1019.0 0.005070179759059101
1020.0 0.0048386915295850486
1021.0 0.004835859363083728
1022.0 0.004833026832784526
1023.0 0.00474587686767336
1024.0 0.004658726538764313
1025.0 0.004829399767913856
1026.0 0.005000072997063398
1027.0 0.004888993134954944
1028.0 0.004777913636644371
1029.0 0.004836637890548445
1030.0 0.00489536214445252
1031.0 0.004956300836056471
1032.0 0.005017239163862541
1033.0 0.005064532160758972
1034.0 0.0051118258852511644
1035.0 0.00529634598933626
1036.0 0.005480866457219236
1037.0 0.0056151620810851455
1038.0 0.005749457341153175
1039.0 0.005570260691456497
1040.0 0.005391063314164057
1041.0 0.005871293615200557
1042.0 0.006351524643832818
1043.0 0.00582030916120857
1044.0 0.005289093678584322
1045.0 0.0059396257711341605
1046.0 0.006590157136088237
1047.0 0.006343013228615746
1048.0 0.006095868593547493
1049.0 0.006251731247175485
1050.0 0.006407593173207715
1051.0 0.006716491770930588
1052.0 0.007025391096249223
1053.0 0.007015244773356244
1054.0 0.007005098450463265
1055.0 0.007573409675387666
1056.0 0.008141721627907827
1057.0 0.00801010028226301
1058.0 0.007878478936618194
1059.0 0.008057998638832942
1060.0 0.008237516158260405
1061.0 0.008722207712708041
1062.0 0.009206899267155677
1063.0 0.009249749564332888
1064.0 0.00929260058910586
1065.0 0.00950717949308455
1066.0 0.009721760579850525
1067.0 0.00968132953858003
1068.0 0.009640899224905297
1069.0 0.010627070878399536
1070.0 0.011613241804298013
1071.0 0.011349555279593915
1072.0 0.011085867299698293
1073.0 0.0110255328763742
1074.0 0.010965199180645868
1075.0 0.011741495109163225
1076.0 0.012517794675659388
1077.0 0.012402408174239099
1078.0 0.012287023128010333
1079.0 0.013259593106340617
1080.0 0.014232163084670901
1081.0 0.014451287279371172
1082.0 0.014670414384454489
1083.0 0.01453021977795288
1084.0 0.014390023716259748
1085.0 0.015035434626042843
1086.0 0.01568084699101746
1087.0 0.01575804635649547
1088.0 0.015835247177165
1089.0 0.0170993254869245
1090.0 0.01836340088630095
1091.0 0.01854879956226796
1092.0 0.0187341938726604
1093.0 0.018250120047014207
1094.0 0.017766044766176492
1095.0 0.01916572655318305
1096.0 0.020565408340189606
1097.0 0.021038195700384676
1098.0 0.021510983060579747
1099.0 0.02325188834220171
1100.0 0.02499278634786606
1101.0 0.025084585649892688
1102.0 0.02517638204153627
1103.0 0.026266707573086023
1104.0 0.027357027283869684
1105.0 0.027736154152080417
1106.0 0.028115283930674195
1107.0 0.028966122772544622
1108.0 0.029816964524798095
1109.0 0.031158849014900625
1110.0 0.032500733505003154
1111.0 0.03267676511313766
1112.0 0.032852799631655216
1113.0 0.03429891949053854
1114.0 0.03574504517018795
1115.0 0.03476160345599055
1116.0 0.03377816756255925
1117.0 0.03403671435080469
1118.0 0.03429526404943317
1119.0 0.038178139948286116
1120.0 0.042061012936756015
1121.0 0.044743085163645446
1122.0 0.04742516321130097
1123.0 0.04576875362545252
1124.0 0.04411234403960407
1125.0 0.04432047135196626
1126.0 0.044528598664328456
1127.0 0.04923081723973155
1128.0 0.053933035815134645
1129.0 0.058664416428655386
1130.0 0.06339579704217613
1131.0 0.062404334312304854
1132.0 0.0614128599409014
1133.0 0.06536658620461822
1134.0 0.06932031246833503
1135.0 0.06740973913110793
1136.0 0.06549915997311473
1137.0 0.07176570943556726
1138.0 0.07803226471878588
1139.0 0.08391637820750475
1140.0 0.08980044513009489
1141.0 0.09791234042495489
1142.0 0.10602420661598444
1143.0 0.12911614030599594
1144.0 0.1522080274298787
1145.0 0.3036168869584799
1146.0 0.4550257697701454
1147.0 0.969470664858818
1148.0 1.4839155599474907
1149.0 1.6834262758493423
1150.0 1.8829381093382835
