lsstCam/transmission_filter_detector/r11_s12/z_20/19700101T000000.ecsv
# %ECSV 1.0
# ---
# datatype:
# - {name: wavelength, unit: nm, datatype: float32}
# - {name: efficiency, unit: '%', datatype: float64}
# meta: !!omap
# - {MODE: DETECTOR}
# - {TYPE: transmission_filter_detector}
# - {CALIBDATE: '1970-01-01T00:00:00'}
# - {INSTRUME: LSSTCam}
# - {OBSTYPE: transmission_filter_detector}
# - {CALIBCLS: lsst.ip.isr.IntermediateFilterDetectorTransmissionCurve}
# - {SOURCE: Materion (DM-46256)}
# - {DETECTOR: 41}
# - {FILTER: z_20}
# - {CALIB_ID: 'calibDate=1970-01-01T00:00:00 filter=z_20 detector=41'}
# - {DATE: '2025-04-02T15:59:48.824823'}
# - {CALIB_CREATION_DATE: '2025-04-02'}
# - {CALIB_CREATION_TIME: '15:59:48'}
# - __serialized_columns__:
#     efficiency:
#       __class__: astropy.units.quantity.Quantity
#       unit: !astropy.units.Unit {unit: '%'}
#       value: !astropy.table.SerializedColumn {name: efficiency}
#     wavelength:
#       __class__: astropy.units.quantity.Quantity
#       unit: !astropy.units.Unit {unit: nm}
#       value: !astropy.table.SerializedColumn {name: wavelength}
# schema: astropy-2.0
wavelength efficiency
300.0 0.8735058829188347
301.0 0.5886621307581663
302.0 0.3038184018805623
303.0 0.29547850135713816
304.0 0.287138600833714
305.0 0.24315842892974615
306.0 0.19917821045964956
307.0 0.18391369376331568
308.0 0.16864918870851398
309.0 0.14631611993536353
310.0 0.12398305116221309
311.0 0.12613716535270214
312.0 0.12829130282625556
313.0 0.114016595762223
314.0 0.09974190033972263
315.0 0.09688484133221209
316.0 0.09402778232470155
317.0 0.07942543015815318
318.0 0.06482309545390308
319.0 0.06489704828709364
320.0 0.0649710011202842
321.0 0.06413234514184296
322.0 0.06329368916340172
323.0 0.05590735818259418
324.0 0.04852102429140359
325.0 0.04423080536071211
326.0 0.039940583519637585
327.0 0.03933775587938726
328.0 0.03873492532875389
329.0 0.03409227647352964
330.0 0.02944963052868843
331.0 0.027051527285948396
332.0 0.02465342404320836
333.0 0.02390652516623959
334.0 0.02315962192369625
335.0 0.022022993653081357
336.0 0.020886366837657988
337.0 0.024817476514726877
338.0 0.028748586191795766
339.0 0.02475408255122602
340.0 0.020759589096996933
341.0 0.017544948786962777
342.0 0.014330311387311667
343.0 0.01413161080563441
344.0 0.013932910223957151
345.0 0.01298606803175062
346.0 0.012039225839544088
347.0 0.011504288704600185
348.0 0.010969354480039328
349.0 0.013557603233493865
350.0 0.0161458519869484
351.0 0.013480256893672049
352.0 0.01081465816241689
353.0 0.011350885324645787
354.0 0.011887113214470446
355.0 0.010138199286302552
356.0 0.008389286085730419
357.0 0.009377081732964143
358.0 0.010364880290580913
359.0 0.010137688514078036
360.0 0.009910495282383636
361.0 0.00901439634617418
362.0 0.00811829959275201
363.0 0.009315015631727874
364.0 0.010511731670703739
365.0 0.010185249266214669
366.0 0.009858769044512883
367.0 0.008538588008377701
368.0 0.007218406972242519
369.0 0.00782619317760691
370.0 0.008433980110567063
371.0 0.00834797610878013
372.0 0.00826197283458896
373.0 0.007253748481161892
374.0 0.006245524855330586
375.0 0.006473753455793485
376.0 0.006701982056256384
377.0 0.007112186722224578
378.0 0.00752238993300125
379.0 0.006354117067530751
380.0 0.00518584311066661
381.0 0.0033058266126317903
382.0 0.001425810478394851
383.0 0.003610677958931774
384.0 0.005795545439468697
385.0 0.005535402306122705
386.0 0.005275259536574595
387.0 0.005916408554185182
388.0 0.006557558663189411
389.0 0.005830178633914329
390.0 0.00510280005983077
391.0 0.0046928140363888815
392.0 0.004282828376744874
393.0 0.004793437256012112
394.0 0.005304046499077231
395.0 0.0043624961108434945
396.0 0.0034209457226097584
397.0 0.0036400069802766666
398.0 0.003859068237943575
399.0 0.004065321627422236
400.0 0.004271575016900897
401.0 0.004663576328312047
402.0 0.005055577639723197
403.0 0.005067110032541677
404.0 0.005078642425360158
405.0 0.004145006096223369
406.0 0.003211370130884461
407.0 0.0016988460629363544
408.0 0.000186322631634539
409.0 0.001967149364645593
410.0 0.0037479760067071766
411.0 0.004323639223002829
412.0 0.0048993020755006
413.0 0.0047299370635300875
414.0 0.0045605713239638135
415.0 0.003783822467084974
416.0 0.0030070741559029557
417.0 0.0039274527807720006
418.0 0.0048478319513378665
419.0 0.004289760181563906
420.0 0.003731688775587827
421.0 0.0037567322578979656
422.0 0.0037817757402081043
423.0 0.0036907847970724106
424.0 0.0035997942177345976
425.0 0.0025656388970674016
426.0 0.0015314835764002055
427.0 0.0018360929971095175
428.0 0.0021407025997177698
429.0 0.0014454367374128196
430.0 0.00075017114795628
431.0 0.0007503475444536889
432.0 0.0007505238045268925
433.0 0.0006753493835276458
434.0 0.0006001750080031343
435.0 0.0011418374015192967
436.0 0.001683499795035459
437.0 0.0019085933672613464
438.0 0.0021336869394872338
439.0 0.002212165418313816
440.0 0.0022906438971403986
441.0 0.00167513335327385
442.0 0.001059623173205182
443.0 0.0021874280719202943
444.0 0.0033152329706354067
445.0 0.0032614709198242053
446.0 0.0032077085052151233
447.0 0.002553934791649226
448.0 0.0019001608961843885
449.0 0.0025413226467208005
450.0 0.0031824849429540336
451.0 0.0025803037715377286
452.0 0.001978121872525662
453.0 0.0018113516489393078
454.0 0.0016445814253529534
455.0 0.0023503702323068865
456.0 0.0030561590392608196
457.0 0.0022985519535723142
458.0 0.0015409446859848686
459.0 0.0016091333236545324
460.0 0.0016773219613241963
461.0 0.0007712253136560321
462.0 1.589976739678478e-10
463.0 0.0008857586180965882
464.0 0.0019063889340031892
465.0 0.0021952651877654716
466.0 0.0024841412596288137
467.0 0.0021631092749885283
468.0 0.0018420763808535412
469.0 0.0016579999282839708
470.0 0.0014739230209670495
471.0 0.0013311482689459808
472.0 0.0011883736078743823
473.0 0.001182493087981129
474.0 0.0011766125680878758
475.0 0.000983882819127757
476.0 0.0007911530701676384
477.0 0.001213877749250969
478.0 0.0016366022464353591
479.0 0.002026115544140339
480.0 0.0024156288418453187
481.0 0.001889032864710316
482.0 0.0013624367966258433
483.0 0.0009304212653660215
484.0 0.0004984056886314647
485.0 0.001340325707133161
486.0 0.002182245589210652
487.0 0.0014874585758661851
488.0 0.0007926714715722483
489.0 0.001692911610007286
490.0 0.002593151839391794
491.0 0.0024038443370955065
492.0 0.002214536834799219
493.0 0.002015346399275586
494.0 0.0018161563275498338
495.0 0.0016573125321883708
496.0 0.001498468827776378
497.0 0.0013316759577719495
498.0 0.0011648832696664613
499.0 0.0012594507097674068
500.0 0.0013540182408178225
501.0 0.0008941115083871409
502.0 0.00043420473048172425
503.0 0.0012188008440716658
504.0 0.002003397275984753
505.0 0.0022120733774499968
506.0 0.0024207494789152406
507.0 0.002310668060090393
508.0 0.0022005862774676643
509.0 0.0018963561160489917
510.0 0.0015921261365292594
511.0 0.0012180815247120336
512.0 0.0008440370038442779
513.0 0.0012575377695611678
514.0 0.0016710388081264682
515.0 0.0012935633094457444
516.0 0.0009160881745629013
517.0 0.0008935018740885425
518.0 0.000870915664563654
519.0 0.0010944518180622254
520.0 0.0013179876987123862
521.0 0.0016463513020426035
522.0 0.001974714905372821
523.0 0.0013245182344689965
524.0 0.0006743216545146424
525.0 0.0007565754913230194
526.0 0.0008388295100303367
527.0 0.0012113666343793739
528.0 0.0015839039406273514
529.0 0.0013040508747508284
530.0 0.0010241972631774843
531.0 0.0011154428648296744
532.0 0.001206688284582924
533.0 0.0008669051567267161
534.0 0.0005271218469715677
535.0 0.0010955057405226398
536.0 0.001663889634073712
537.0 0.001642501592868939
538.0 0.0016211135516641662
539.0 0.0011454128070909064
540.0 0.0006697119260934414
541.0 0.0007390950031549437
542.0 0.0008084780347417109
543.0 0.0012378966857795604
544.0 0.0016673155187163502
545.0 0.001111640449380502
546.0 0.0005559656983677996
547.0 0.001217108638229547
548.0 0.001878251350717619
549.0 0.0016232186681008898
550.0 0.0013681858035852201
551.0 0.0014683771041745786
552.0 0.0015685682228649966
553.0 0.001395946765114786
554.0 0.001223325034516165
555.0 0.001072364284482319
556.0 0.0009214033525495324
557.0 0.0013286600733408704
558.0 0.0017359167031827383
559.0 0.0017794302038964815
560.0 0.0018229431589134037
561.0 0.0016465170119772665
562.0 0.0014700908650411293
563.0 0.0012126073670515325
564.0 0.0009551238690619357
565.0 0.0016909772966755554
566.0 0.002426831269985996
567.0 0.002791014230751898
568.0 0.0031551968277199194
569.0 0.0029768980311928317
570.0 0.0027985990527668037
571.0 0.002636806675582193
572.0 0.002475013752700761
573.0 0.002020366991928313
574.0 0.0015657204130548052
575.0 0.001991785211430397
576.0 0.002417849827907048
577.0 0.0019962055375799537
578.0 0.0015745617929496802
579.0 0.0016978498024400324
580.0 0.0018211376300314441
581.0 0.0016605788914603181
582.0 0.001500020152889192
583.0 0.001978808722924441
584.0 0.0024575971110607497
585.0 0.0026010604415205307
586.0 0.002744523953879252
587.0 0.002105681414832361
588.0 0.0014668386938865297
589.0 0.0019852186596835963
590.0 0.002503598625480663
591.0 0.0016056321328505874
592.0 0.0007076655037963064
593.0 0.0006319506610452663
594.0 0.0005562355909205507
595.0 0.0010299163477611728
596.0 0.0015035971046017949
597.0 0.001437172159057809
598.0 0.0013707470316148829
599.0 0.0009849542038864456
600.0 0.0005991616490064189
601.0 0.0005683948529622285
602.0 0.0005376279659685679
603.0 0.0009833434887696058
604.0 0.0014290584658738226
605.0 0.0009159529327007476
606.0 0.00040284717215399724
607.0 0.0008350723874173127
608.0 0.0012672977391048335
609.0 0.0012012735169264488
610.0 0.0011352491128491238
611.0 0.001014094777929131
612.0 0.0008929401701607276
613.0 0.0008308874384965748
614.0 0.0007688347977818921
615.0 0.0012232289918756578
616.0 0.0016776235497673042
617.0 0.002157310154871084
618.0 0.002636996578075923
619.0 0.0021666945031029172
620.0 0.0016963920643320307
621.0 0.0014522824130835943
622.0 0.001208172307087807
623.0 0.0015263181921909563
624.0 0.0018444639863446355
625.0 0.0016563253666390665
626.0 0.0014681868378829677
627.0 0.0018462775187799707
628.0 0.002224368836323265
629.0 0.0020036783098476008
630.0 0.0017829876014729962
631.0 0.0015632529539288953
632.0 0.0013435180335363839
633.0 0.0017025769921019673
634.0 0.0020616362235159613
635.0 0.005034251444158144
636.0 0.008006866119103506
637.0 0.015266712580341846
638.0 0.02252656122436747
639.0 0.019777636043727398
640.0 0.017028710863087326
641.0 0.014771416317671537
642.0 0.012514124682638794
643.0 0.010055717575596645
644.0 0.007597312651341781
645.0 0.006817023677285761
646.0 0.006036733975633979
647.0 0.005564032471738756
648.0 0.005091330604045652
649.0 0.004132133835810237
650.0 0.003172937795170583
651.0 0.003649609425337985
652.0 0.004126281419303268
653.0 0.003285167258582078
654.0 0.002444052734063007
655.0 0.0027451233108877204
656.0 0.0030461946153081954
657.0 0.0029861839720979333
658.0 0.002926173146988731
659.0 0.0027463187507237308
660.0 0.0025664647182566114
661.0 0.0027680782295647077
662.0 0.0029696913770749234
663.0 0.002064245745714288
664.0 0.001158800114353653
665.0 0.0016212599803111516
666.0 0.002083720210066531
667.0 0.002398701872152742
668.0 0.002713683534238953
669.0 0.0019407420040806755
670.0 0.0011678005648718681
671.0 0.0008353766133950558
672.0 0.0005029527528677136
673.0 0.0012793694622814655
674.0 0.002055786353594158
675.0 0.002118177872034721
676.0 0.0021805690266774036
677.0 0.0019291672288090922
678.0 0.0016777648852439597
679.0 0.0014023171388544142
680.0 0.0011268693015153985
681.0 0.0012112151125620585
682.0 0.0012955609236087184
683.0 0.0023580811102874577
684.0 0.003420601933612488
685.0 0.002894481622206513
686.0 0.0023683622202952392
687.0 0.0017613365344004706
688.0 0.0011543107575562317
689.0 0.0014860932424198836
690.0 0.001817875454435125
691.0 0.002089406370942015
692.0 0.002360937105549965
693.0 0.0027395240977057256
694.0 0.0031181112717604265
695.0 0.003290045424364507
696.0 0.0034619792131707072
697.0 0.0036332156014395878
698.0 0.0038044516259105876
699.0 0.005638243237626739
700.0 0.007472033757949248
701.0 0.007128242577891797
702.0 0.006784451397834346
703.0 0.006278546788962558
704.0 0.0057726429076865315
705.0 0.005219426020630635
706.0 0.004666210588766262
707.0 0.004411631744005717
708.0 0.004157052171649411
709.0 0.0042800180381163955
710.0 0.00440298390458338
711.0 0.003978225140599534
712.0 0.003553466376615688
713.0 0.002506807868485339
714.0 0.001460148996557109
715.0 0.002181293530156836
716.0 0.0029024380637565628
717.0 0.002526954995119013
718.0 0.002151471380784642
719.0 0.001686876203166321
720.0 0.0012222804798511788
721.0 0.0011436818567744922
722.0 0.0010650828698999248
723.0 0.0009849707566900179
724.0 0.0009048586434801109
725.0 0.0013017715900787152
726.0 0.00169868471857626
727.0 0.0016950996723608114
728.0 0.0016915148080443032
729.0 0.001788952067727223
730.0 0.0018863891455112025
731.0 0.0014242578799894545
732.0 0.0009621267054171767
733.0 0.0009823385880736168
734.0 0.0010025505616795272
735.0 0.0010699244739953429
736.0 0.0011372980225132778
737.0 0.0013136515917722136
738.0 0.0014900050700816792
739.0 0.0012187077118142042
740.0 0.0009474103535467293
741.0 0.0010585329619061667
742.0 0.001169655479316134
743.0 0.0015615027223248035
744.0 0.0019533497834345326
745.0 0.0013116097761667334
746.0 0.0006698696324747289
747.0 0.0011802106200775597
748.0 0.0016905516531551257
749.0 0.00235612787946593
750.0 0.003021704287675675
751.0 0.0029695283956243657
752.0 0.002917352867370937
753.0 0.002911902447522152
754.0 0.0029064522095723078
755.0 0.0019291646822239272
756.0 0.000951876791077666
757.0 0.001883511504274793
758.0 0.0028151463993708603
759.0 0.0026912844987236895
760.0 0.002567422234278638
761.0 0.0043124488001922145
762.0 0.006057476275600493
763.0 0.00565183290746063
764.0 0.005246189539320767
765.0 0.005265303479973227
766.0 0.005284418512019329
767.0 0.004514622196438722
768.0 0.0037448262446559966
769.0 0.0033797598007367924
770.0 0.003014695357705932
771.0 0.003899521834682673
772.0 0.004784348857356235
773.0 0.0039279519114643335
774.0 0.003071554601774551
775.0 0.02248587552458048
776.0 0.03934955457225442
777.0 1.589976739678478e-10
778.0 1.589976739678478e-10
779.0 0.14651576057076454
780.0 0.1278703915886581
781.0 0.030407405574806035
782.0 1.589976739678478e-10
783.0 0.052203843370079994
784.0 0.02896853256970644
785.0 0.07547761779278517
786.0 1.589976739678478e-10
787.0 0.07796395220793784
788.0 0.0841402041260153
789.0 0.05279480246827006
790.0 0.06933420081622899
791.0 1.589976739678478e-10
792.0 0.03845437022391707
793.0 0.007843236380722374
794.0 0.06547729717567563
795.0 0.00697150026098825
796.0 0.0721457356121391
797.0 0.11991568608209491
798.0 1.589976739678478e-10
799.0 0.12737337965518236
800.0 0.12117993319407105
801.0 0.25763707235455513
802.0 0.464800326153636
803.0 0.7401775103062391
804.0 1.3576677069067955
805.0 2.039279043674469
806.0 3.301023691892624
807.0 4.826371744275093
808.0 6.730267405509949
809.0 9.05875489115715
810.0 11.833825707435608
811.0 15.124785900115967
812.0 18.179884552955627
813.0 21.203112602233887
814.0 23.934173583984375
815.0 27.38814651966095
816.0 31.79059624671936
817.0 36.94157004356384
818.0 42.7781879901886
819.0 48.199743032455444
820.0 55.56191802024841
821.0 63.36102485656738
822.0 69.69848275184631
823.0 75.88945627212524
824.0 81.71592354774475
825.0 86.64953112602234
826.0 90.56058526039124
827.0 93.89062523841858
828.0 96.92212343215942
829.0 98.42339158058167
830.0 98.63947629928589
831.0 99.20868873596191
832.0 98.67302775382996
833.0 99.64542388916016
834.0 98.99125695228577
835.0 99.31808710098267
836.0 99.40745830535889
837.0 99.48078989982605
838.0 98.82448315620422
839.0 98.67374897003174
840.0 98.8496482372284
841.0 99.74350929260254
842.0 99.67222213745117
843.0 100.05422830581665
844.0 98.35188388824463
845.0 98.69683384895325
846.0 98.97931814193726
847.0 99.19995665550232
848.0 99.91573095321655
849.0 99.00628924369812
850.0 98.06017279624939
851.0 99.26381707191467
852.0 99.47351813316345
853.0 98.70996475219727
854.0 99.9500036239624
855.0 98.2549250125885
856.0 99.00285601615906
857.0 98.06748032569885
858.0 98.81628751754761
859.0 99.69345927238464
860.0 98.56614470481873
861.0 98.94170761108398
862.0 98.92352819442749
863.0 98.75510334968567
864.0 99.493408203125
865.0 100.02185106277466
866.0 98.74972105026245
867.0 99.2148220539093
868.0 99.41946864128113
869.0 98.97915720939636
870.0 98.37892651557922
871.0 99.15681481361389
872.0 99.51056241989136
873.0 99.35303330421448
874.0 99.70965385437012
875.0 99.5136022567749
876.0 99.06688332557678
877.0 99.59639310836792
878.0 99.17411804199219
879.0 98.91185164451599
880.0 98.52476716041565
881.0 99.99427199363708
882.0 99.02963042259216
883.0 99.2007315158844
884.0 99.3628203868866
885.0 98.98399114608765
886.0 98.97953271865845
887.0 98.5749363899231
888.0 99.1287112236023
889.0 99.95884299278259
890.0 98.65620136260986
891.0 99.6699571609497
892.0 98.96315336227417
893.0 98.74568581581116
894.0 98.90323877334595
895.0 99.468332529068
896.0 99.23465847969055
