lsstCam/transmission_filter_detector/r23_s10/r_57/19700101T000000.ecsv
# %ECSV 1.0
# ---
# datatype:
# - {name: wavelength, unit: nm, datatype: float32}
# - {name: efficiency, unit: '%', datatype: float64}
# meta: !!omap
# - {MODE: DETECTOR}
# - {TYPE: transmission_filter_detector}
# - {CALIBDATE: '1970-01-01T00:00:00'}
# - {INSTRUME: LSSTCam}
# - {OBSTYPE: transmission_filter_detector}
# - {CALIBCLS: lsst.ip.isr.IntermediateFilterDetectorTransmissionCurve}
# - {SOURCE: Materion (DM-46256)}
# - {DETECTOR: 102}
# - {FILTER: r_57}
# - {CALIB_ID: 'calibDate=1970-01-01T00:00:00 filter=r_57 detector=102'}
# - {DATE: '2025-04-02T15:59:44.654811'}
# - {CALIB_CREATION_DATE: '2025-04-02'}
# - {CALIB_CREATION_TIME: '15:59:44'}
# - __serialized_columns__:
#     efficiency:
#       __class__: astropy.units.quantity.Quantity
#       unit: !astropy.units.Unit {unit: '%'}
#       value: !astropy.table.SerializedColumn {name: efficiency}
#     wavelength:
#       __class__: astropy.units.quantity.Quantity
#       unit: !astropy.units.Unit {unit: nm}
#       value: !astropy.table.SerializedColumn {name: wavelength}
# schema: astropy-2.0
wavelength efficiency
300.0 0.0013071726243651938
301.0 0.0041508574213366956
302.0 0.006994542491156608
303.0 0.009160338231595233
304.0 0.011326133972033858
305.0 0.010169569577556103
306.0 0.009013005183078349
307.0 0.007932555308798328
308.0 0.006852106162114069
309.0 0.006104055501054972
310.0 0.005356005931389518
311.0 0.005111157952342182
312.0 0.004866310700890608
313.0 0.004199923205305822
314.0 0.003533536073518917
315.0 0.003321020631119609
316.0 0.0031085040973266587
317.0 0.0032945343264145777
318.0 0.0034805634641088545
319.0 0.003150181146338582
320.0 0.002819798100972548
321.0 0.002827727803378366
322.0 0.0028356578695820644
323.0 0.0025139945137198083
324.0 0.0021923304302617908
325.0 0.0020675275663961656
326.0 0.0019427247025305405
327.0 0.001974736551346723
328.0 0.002006748582061846
329.0 0.002125187347701285
330.0 0.0022436257495428436
331.0 0.0021685502360924147
332.0 0.002093474722641986
333.0 0.001843894278863445
334.0 0.0015943140169838443
335.0 0.0014124862900644075
336.0 0.0012306584721955005
337.0 0.0011566838111320976
338.0 0.0010827091500686947
339.0 0.001039500602928456
340.0 0.0009962921467376873
341.0 0.0008807210178929381
342.0 0.0007651498890481889
343.0 0.0007577585165563505
344.0 0.000750367098589777
345.0 0.0007304222435777774
346.0 0.000710477479515248
347.0 0.0007243561412906274
348.0 0.000738234848540742
349.0 0.0007265860858751694
350.0 0.004877720130025409
351.0 0.005245103966444731
352.0 0.005612487439066172
353.0 0.005498796235769987
354.0 0.005385105396271683
355.0 0.004991747482563369
356.0 0.004598390296450816
357.0 0.005511548806680366
358.0 0.006424708408303559
359.0 0.005077648893347941
360.0 0.0037305897421902046
361.0 0.0026682486350182444
362.0 0.0016059075278462842
363.0 0.0026794246878125705
364.0 0.003752941483980976
365.0 0.0033731765142874792
366.0 0.002993411908391863
367.0 0.0025469877073192038
368.0 0.002100563324347604
369.0 0.0019394365153857507
370.0 0.0017783097064238973
371.0 0.0019568380594137125
372.0 0.0021353664124035276
373.0 0.002451929321978241
374.0 0.002768491867755074
375.0 0.002342011794098653
376.0 0.001915531902341172
377.0 0.0010498574738448951
378.0 0.000184183204510191
379.0 0.0009045133992913179
380.0 0.0016248437532340176
381.0 0.002116838913934771
382.0 0.0026088342565344647
383.0 0.002959699122584425
384.0 0.003310564352432266
385.0 0.0042268322431482375
386.0 0.005143099770066328
387.0 0.004611975236912258
388.0 0.004080850703758188
389.0 0.0035313747503096238
390.0 0.0029818980692652985
391.0 0.0022729707779944874
392.0 0.0015640434867236763
393.0 0.0013988054888613988
394.0 0.0012335672181507107
395.0 0.0008570545105612837
396.0 0.0004805416665476514
397.0 0.0006867897809570422
398.0 0.0008930383046390489
399.0 0.0007277011718542781
400.0 0.0005623637207463617
401.0 0.0001125520384448464
402.0 1.587679640535633e-10
403.0 9.72902114426688e-06
404.0 0.0003567183739505708
405.0 0.0007390311566268792
406.0 0.0011213436664547771
407.0 0.0015035476280900184
408.0 0.0018857514078263193
409.0 0.0015408479157486
410.0 0.0011959445146203507
411.0 0.0009731778845889494
412.0 0.0007504114364564884
413.0 0.0008247617188317236
414.0 0.000899112183105899
415.0 0.0008733652975934092
416.0 0.0008476186849293299
417.0 0.0013410410247161053
418.0 0.0018344637283007614
419.0 0.0022589831132791005
420.0 0.0026835024982574396
421.0 0.003960742105846293
422.0 0.005237981167738326
423.0 0.008066070586210117
424.0 0.010894159640884027
425.0 0.014704778732266277
426.0 0.018515395640861243
427.0 0.019242256530560553
428.0 0.019969117420259863
429.0 0.015385363076347858
430.0 0.010801608732435852
431.0 0.007602882396895438
432.0 0.004404155697557144
433.0 0.0035201817809138447
434.0 0.002636207500472665
435.0 0.0021525869669858366
436.0 0.001668966251600068
437.0 0.0013241744454717264
438.0 0.0009793830031412654
439.0 0.0008318264008266851
440.0 0.00068426984398684
441.0 0.0009704187505121808
442.0 0.0012565677025122568
443.0 0.0016710986528778449
444.0 0.0020856297851423733
445.0 0.0019777680790866725
446.0 0.001869906554929912
447.0 0.001635205262573436
448.0 0.0014005039702169597
449.0 0.0013769415090791881
450.0 0.0013533785931940656
451.0 0.001355456424789736
452.0 0.0013575341654359363
453.0 0.0014348991498991381
454.0 0.00151226413436234
455.0 0.001346535464108456
456.0 0.0011808069757535122
457.0 0.0008040208740567323
458.0 0.0004272348633094225
459.0 0.0007119658221199643
460.0 0.000996696780930506
461.0 0.0015543761037406512
462.0 0.002112055335601326
463.0 0.00273902369372081
464.0 0.003365991869941354
465.0 0.00432340384577401
466.0 0.005280815094010904
467.0 0.005940724440733902
468.0 0.0066006337874569
469.0 0.0056936085456982255
470.0 0.0047865840315353125
471.0 0.0036422075936570764
472.0 0.0024978307919809595
473.0 0.0020262703401385807
474.0 0.0015547095244983211
475.0 0.0012575002983794548
476.0 0.0009602912541595288
477.0 0.0008054021236603148
478.0 0.0006505128567368956
479.0 0.0008253536179836374
480.0 0.001000194333755644
481.0 0.0007647566235391423
482.0 0.0005293190042721108
483.0 0.0005964904630673118
484.0 0.0006636617854383076
485.0 0.000626633345746086
486.0 0.0005896048605791293
487.0 0.0005258553301246138
488.0 0.00046210575419536326
489.0 0.0004913621978630545
490.0 0.0005206186415307457
491.0 0.0006558977020176826
492.0 0.0007911767170298845
493.0 0.0009036672963702586
494.0 0.0010161579666601028
495.0 0.0009149484867521096
496.0 0.0008137389158946462
497.0 0.0010198466043220833
498.0 0.0012259542018000502
499.0 0.0012574575521284714
500.0 0.001288961084355833
501.0 0.001372212227579439
502.0 0.0014554636436514556
503.0 0.0018132863260689192
504.0 0.0021711090084863827
505.0 0.002636787758092396
506.0 0.0031024665076984093
507.0 0.003709618977154605
508.0 0.004316771446610801
509.0 0.004841225745622069
510.0 0.005365679680835456
511.0 0.004811266262549907
512.0 0.004256852480466478
513.0 0.0036472036299528554
514.0 0.0030375549613381736
515.0 0.002816921733028721
516.0 0.0025962885047192685
517.0 0.0024751525415922515
518.0 0.002354016396566294
519.0 0.0640768208540976
520.0 0.0277594052022323
521.0 0.13765109470114112
522.0 0.09181663626804948
523.0 0.02714406291488558
524.0 0.12491376837715507
525.0 0.06539059104397893
526.0 0.1242118189111352
527.0 0.12377676321193576
528.0 0.12103430926799774
529.0 0.12339892564341426
530.0 0.15630818670615554
531.0 0.1070144702680409
532.0 0.1720697502605617
533.0 0.21692351438105106
534.0 0.31726460438221693
535.0 0.3581146942451596
536.0 0.4425177350640297
537.0 0.6786251906305552
538.0 0.9919307194650173
539.0 1.5396293252706528
540.0 2.3861076682806015
541.0 3.74540351331234
542.0 5.646261945366859
543.0 8.244088292121887
544.0 11.390489339828491
545.0 14.982041716575623
546.0 19.324353337287903
547.0 24.698106944561005
548.0 31.761160492897034
549.0 39.42010700702667
550.0 46.46428823471069
551.0 54.2794406414032
552.0 60.81892251968384
553.0 66.50717854499817
554.0 71.34989500045776
555.0 75.88741779327393
556.0 79.89107966423035
557.0 83.01078677177429
558.0 86.14288568496704
559.0 89.75057005882263
560.0 90.89566469192505
561.0 93.20923089981079
562.0 94.31873559951782
563.0 94.16312575340271
564.0 95.02072334289551
565.0 94.65466737747192
566.0 95.39384841918945
567.0 94.41952705383301
568.0 95.07426619529724
569.0 95.96633315086365
570.0 94.95465755462646
571.0 96.16923928260803
572.0 95.97364068031311
573.0 96.12783193588257
574.0 96.31644487380981
575.0 96.02612257003784
576.0 96.55460715293884
577.0 96.59803509712219
578.0 96.52068614959717
579.0 96.08681201934814
580.0 95.89348435401917
581.0 95.68920731544495
582.0 96.06479406356812
583.0 96.03885412216187
584.0 95.6587553024292
585.0 95.78020572662354
586.0 95.88358998298645
587.0 95.68607211112976
588.0 95.86949348449707
589.0 96.62454724311829
590.0 95.95903158187866
591.0 95.3577995300293
592.0 95.23614048957825
593.0 94.85198259353638
594.0 95.46599984169006
595.0 95.94169855117798
596.0 96.2986946105957
597.0 96.58394455909729
598.0 96.17229700088501
599.0 95.89146971702576
600.0 96.20487689971924
601.0 95.46017646789551
602.0 96.18414640426636
603.0 96.12853527069092
604.0 95.87947726249695
605.0 96.2583065032959
606.0 95.77773809432983
607.0 95.86670994758606
608.0 95.96741795539856
609.0 94.96260285377502
610.0 95.16715407371521
611.0 95.3132688999176
612.0 95.40807008743286
613.0 96.3230550289154
614.0 96.407550573349
615.0 95.79802751541138
616.0 95.78840136528015
617.0 95.78002691268921
618.0 95.90440392494202
619.0 96.40539288520813
620.0 95.56075930595398
621.0 95.23420929908752
622.0 96.0581362247467
623.0 96.10079526901245
624.0 95.78593969345093
625.0 96.1186945438385
626.0 95.64210772514343
627.0 94.62372064590454
628.0 96.40567302703857
629.0 94.56121325492859
630.0 95.68135738372803
631.0 95.54833769798279
632.0 96.11626863479614
633.0 95.80826163291931
634.0 95.31393647193909
635.0 95.69348096847534
636.0 95.38192749023438
637.0 94.96106505393982
638.0 94.76224780082703
639.0 95.04227638244629
640.0 95.12879252433777
641.0 94.99372839927673
642.0 95.55715322494507
643.0 95.21729350090027
644.0 95.13192176818848
645.0 95.56253552436829
646.0 95.52906155586243
647.0 96.41451239585876
648.0 95.58868408203125
649.0 94.97526288032532
650.0 95.75416445732117
651.0 96.14449143409729
652.0 96.01206183433533
653.0 95.2296257019043
654.0 95.85353136062622
655.0 95.85742950439453
656.0 95.19054889678955
657.0 95.4156219959259
658.0 95.73323726654053
659.0 95.85111141204834
660.0 94.81946229934692
661.0 95.21238207817078
662.0 95.33006548881531
663.0 95.55521607398987
664.0 95.06223797798157
665.0 95.11659145355225
666.0 94.75983381271362
667.0 95.17410397529602
668.0 94.97689604759216
669.0 95.16736268997192
670.0 95.33161520957947
671.0 95.21616101264954
672.0 95.09929418563843
673.0 94.96855139732361
674.0 94.21119093894958
675.0 95.07288932800293
676.0 94.4589912891388
677.0 93.4242844581604
678.0 92.87545084953308
679.0 91.7955756187439
680.0 90.99341034889221
681.0 89.66701030731201
682.0 87.35691905021667
683.0 84.65343713760376
684.0 80.87844252586365
685.0 77.09324955940247
686.0 73.310387134552
687.0 68.3120846748352
688.0 63.583892583847046
689.0 59.22657251358032
690.0 53.847408294677734
691.0 49.53610002994537
692.0 44.819146394729614
693.0 40.65394103527069
694.0 35.74826121330261
695.0 30.856186151504517
696.0 25.599905848503113
697.0 20.74343115091324
698.0 15.232159197330475
699.0 10.991011559963226
700.0 7.631944864988327
701.0 4.843197390437126
702.0 3.01093477755785
703.0 1.7618278041481972
704.0 1.014934480190277
705.0 0.59162937104702
706.0 0.38880466017872095
707.0 0.2821852918714285
708.0 0.1823105150833726
709.0 0.15876266406849027
710.0 0.09818794205784798
711.0 0.11117637623101473
712.0 0.07764989859424531
713.0 0.06486284546554089
714.0 0.05820862716063857
715.0 0.061146164080128074
716.0 0.05443542613647878
717.0 0.020095410582143813
718.0 0.06698768702335656
719.0 0.07998089422471821
720.0 1.587679640535633e-10
721.0 0.004532303137239069
722.0 0.004224460280966014
723.0 0.003916617788490839
724.0 0.003634716631495394
725.0 0.0033528151107020676
726.0 0.0030972201784607023
727.0 0.0028416250643203966
728.0 0.002723599027376622
729.0 0.0026055731723317876
730.0 0.002424394006084185
731.0 0.0022432152036344633
732.0 0.0022175365302246064
733.0 0.002191857674915809
734.0 0.0021044401364633814
735.0 0.002017022416112013
736.0 0.0018388733224128373
737.0 0.0016607244106126018
738.0 0.0016467733075842261
739.0 0.0016328222045558505
740.0 0.0015833848010515794
741.0 0.0015339473975473084
742.0 0.0014355246094055474
743.0 0.0013371017303143162
744.0 0.0014130366253084503
745.0 0.0014889712474541739
746.0 0.0013939792552264407
747.0 0.0012989872629987076
748.0 0.001185620203614235
749.0 0.0010722531442297623
750.0 0.0010373800250818022
751.0 0.0010025069968833122
752.0 0.00108485619421117
753.0 0.001167205391539028
754.0 0.00118851603474468
755.0 0.0012098269507987425
756.0 0.0011128755431855097
757.0 0.0010159238627238665
758.0 0.001030772091326071
759.0 0.0010456202289788052
760.0 0.0010444014151289593
761.0 0.001043182874127524
762.0 0.0010521251169848256
763.0 0.001061067814589478
764.0 0.0010472053872945253
765.0 0.0010333429599995725
766.0 0.0008172853995347396
767.0 0.0006012279300193768
768.0 0.0006187256985867862
769.0 0.0006362233762047254
770.0 0.0006994737759669079
771.0 0.0007627243576280307
772.0 0.0007276343239936978
773.0 0.0006925440629856894
774.0 0.0008126422471832484
775.0 0.0009327403859060723
776.0 0.000932427792577073
777.0 0.000932115381147014
778.0 0.0008602990419603884
779.0 0.0007884828846727032
780.0 0.0007076299425534671
781.0 0.0006267770459089661
782.0 0.0007124147941794945
783.0 0.0007980526788742281
784.0 0.000816674673842499
785.0 0.0008352964869118296
786.0 0.0007674351763853338
787.0 0.000699573865858838
788.0 0.000656749489280628
789.0 0.0006139252036518883
790.0 0.0007025145805528155
791.0 0.0007911038665042724
792.0 0.0007817476216587238
793.0 0.0007723913768131752
794.0 0.000813413589639822
795.0 0.0008544356205675285
796.0 0.0006994043815211626
797.0 0.0005443730970000615
798.0 0.0006950781425985042
799.0 0.0008457831427222118
800.0 0.0008232571417465806
801.0 0.0008007309588720091
802.0 0.0007370396815531421
803.0 0.0006733482223353349
804.0 0.0006888452844577841
805.0 0.0007043423920549685
806.0 0.0006842556103947572
807.0 0.0006641688742092811
808.0 0.0007025026206974871
809.0 0.0007408363217109581
810.0 0.0007032919711491559
811.0 0.000665747802486294
812.0 0.0007012881724222098
813.0 0.0007368285423581256
814.0 0.0005953890195087297
815.0 0.00045394940570986364
816.0 0.0005864439117431175
817.0 0.0007189384632511064
818.0 0.0006715040399285499
819.0 0.0006240696166059934
820.0 0.0005014439921069425
821.0 0.00037881832213315647
822.0 0.00043382788135204464
823.0 0.0004888374860456679
824.0 0.0004753339453600347
825.0 0.0004618304046744015
826.0 0.0005258125383988954
827.0 0.0005897947175981244
828.0 0.000497868722959538
829.0 0.0004059427283209516
830.0 0.00021705523067794275
831.0 2.816771598190826e-05
832.0 1.0168370323526688e-05
833.0 1.587679640535633e-10
834.0 1.587679640535633e-10
835.0 3.5426179323394535e-06
836.0 0.00024303383270307677
837.0 0.000482525183542748
838.0 0.0007411993919959059
839.0 0.000999873645923799
840.0 0.001300325311603956
841.0 0.0016007770682335831
842.0 0.001957397398655303
843.0 0.0023140180928749032
844.0 0.00213031980820233
845.0 0.0019466215235297568
846.0 0.0017125659724115394
847.0 0.0014785099665459711
848.0 0.0013928541193308774
849.0 0.0013071979992673732
850.0 0.0012253861314093228
851.0 0.0011435744454502128
852.0 0.0011037574950023554
853.0 0.0010639403626555577
854.0 0.0009088537808565889
855.0 0.0007537669716839446
856.0 0.0006013571237417636
857.0 0.0004489472757995827
858.0 0.0005495339792105369
859.0 0.000650120637146756
860.0 0.0005102238446852425
861.0 0.0003703270067489939
862.0 0.0003818418463197304
863.0 0.0003933566858904669
864.0 0.00023121099275158485
865.0 6.906535077177978e-05
866.0 5.303596708472469e-05
867.0 3.700655213378923e-05
868.0 9.85712631518254e-05
869.0 0.0001601359485903231
870.0 7.77979266786133e-05
871.0 1.587679640535633e-10
872.0 1.587679640535633e-10
873.0 1.587679640535633e-10
874.0 1.587679640535633e-10
875.0 1.587679640535633e-10
876.0 1.587679640535633e-10
877.0 1.587679640535633e-10
878.0 0.00011982129990428803
879.0 0.0002586822574812686
880.0 0.0001884739049273776
881.0 0.0001182655410048028
882.0 0.0001056706878443947
883.0 9.307585173701227e-05
884.0 3.945623916479235e-05
885.0 1.587679640535633e-10
886.0 7.386917673102289e-05
887.0 0.00016190172118513146
888.0 0.00019683229766087607
889.0 0.00023176285139925312
890.0 0.0001679071147009381
891.0 0.00010405134389657178
892.0 1.587679640535633e-10
893.0 1.587679640535633e-10
894.0 1.587679640535633e-10
895.0 6.578907232324127e-05
896.0 2.801884022574086e-05
897.0 1.587679640535633e-10
898.0 4.235225503634865e-05
899.0 9.445583941669611e-05
900.0 8.53831181757414e-05
901.0 7.631039125044481e-05
