lsstCam/transmission_filter_detector/r23_s10/r_57/19700101T000000.ecsv
# %ECSV 1.0
# ---
# datatype:
# - {name: wavelength, unit: nm, datatype: float32}
# - {name: efficiency, unit: '%', datatype: float64}
# meta: !!omap
# - {MODE: DETECTOR}
# - {TYPE: transmission_filter_detector}
# - {CALIBDATE: '1970-01-01T00:00:00'}
# - {INSTRUME: LSSTCam}
# - {OBSTYPE: transmission_filter_detector}
# - {CALIBCLS: lsst.ip.isr.IntermediateFilterDetectorTransmissionCurve}
# - {SOURCE: Materion (DM-46256)}
# - {DETECTOR: 102}
# - {FILTER: r_57}
# - {CALIB_ID: 'calibDate=1970-01-01T00:00:00 filter=r_57 detector=102'}
# - {DATE: '2025-04-02T15:59:44.654811'}
# - {CALIB_CREATION_DATE: '2025-04-02'}
# - {CALIB_CREATION_TIME: '15:59:44'}
# - __serialized_columns__:
#     efficiency:
#       __class__: astropy.units.quantity.Quantity
#       unit: !astropy.units.Unit {unit: '%'}
#       value: !astropy.table.SerializedColumn {name: efficiency}
#     wavelength:
#       __class__: astropy.units.quantity.Quantity
#       unit: !astropy.units.Unit {unit: nm}
#       value: !astropy.table.SerializedColumn {name: wavelength}
# schema: astropy-2.0
wavelength efficiency
[from data line 603]
903.0 1.587679640535633e-10
904.0 1.587679640535633e-10
905.0 1.587679640535633e-10
906.0 1.587679640535633e-10
907.0 1.587679640535633e-10
908.0 1.587679640535633e-10
909.0 1.587679640535633e-10
910.0 1.587679640535633e-10
911.0 1.587679640535633e-10
912.0 1.587679640535633e-10
913.0 1.587679640535633e-10
914.0 1.587679640535633e-10
915.0 2.3468247434266232e-05
916.0 2.6458238266968692e-05
917.0 2.944822767858568e-05
918.0 0.00012675470770773245
919.0 0.0002240611593151698
920.0 0.00012128710977776791
921.0 1.851302329214377e-05
922.0 0.00012974985565961106
923.0 0.00024098671929095872
924.0 0.00019564608919608872
925.0 0.00015030549320727005
926.0 0.00013330245565157384
927.0 0.00011629940672719385
928.0 0.00013604637842945522
929.0 0.00015579335013171658
930.0 0.00019233350485592382
931.0 0.00022887365958013106
932.0 0.00010167757409362821
933.0 1.587679640535633e-10
934.0 7.499420462409034e-05
935.0 0.00017550687516632024
936.0 0.00022741060092812404
937.0 0.0002793143039525603
938.0 0.0002908504711740534
939.0 0.00030238663839554647
940.0 0.0002766382294794312
941.0 0.00025088979782594834
942.0 0.0003510769147396786
943.0 0.000451264077128144
944.0 0.00036836624985880917
945.0 0.00028546846806420945
946.0 0.0002984171942443936
947.0 0.0003113659431619453
948.0 0.0004056799753016094
949.0 0.0004999941211281111
950.0 0.000527455949850264
951.0 0.000554917869521887
952.0 0.0007146754796849564
953.0 0.000874433226272231
954.0 0.0011038976481358986
955.0 0.0013333623428479768
956.0 0.0014501154510071501
957.0 0.0015668685591663234
958.0 0.001696154686214868
959.0 0.0018254413589602336
960.0 0.001968035940080881
961.0 0.002110630703100469
962.0 0.002267201489303261
963.0 0.0024237720936071128
964.0 0.002493596730346326
965.0 0.002563421003287658
966.0 0.0025548095436533913
967.0 0.002546198265918065
968.0 0.0025398498110007495
969.0 0.002533501719881315
970.0 0.0026049667212646455
971.0 0.002676432086445857
972.0 0.002732222856138833
973.0 0.002788013262033928
974.0 0.0029431699658744037
975.0 0.003098326487815939
976.0 0.00314138233079575
977.0 0.0031844378099776804
978.0 0.0030885923479218036
979.0 0.002992747431562748
980.0 0.002945198502857238
981.0 0.002897649937949609
982.0 0.0029345290386117995
983.0 0.0029714079573750496
984.0 0.0028818711143685505
985.0 0.0027923339075641707
986.0 0.0027077458071289584
987.0 0.002623157524794806
988.0 0.0025182022000080906
989.0 0.002413247239019256
990.0 0.0024237313482444733
991.0 0.002434215639368631
992.0 0.0024555973141104914
993.0 0.002476979534549173
994.0 0.0025338134946650825
995.0 0.0025906470909831114
996.0 0.002709429645619821
997.0 0.0028282118364586495
998.0 0.0029363933208514936
999.0 0.0030445748052443378
1000.0 0.0031822401069803163
1001.0 0.003319905954413116
1002.0 0.0035498920624377206
1003.0 0.003779878170462325
1004.0 0.0038834939914522693
1005.0 0.003987109448644333
1006.0 0.004179000825388357
1007.0 0.004370892565930262
1008.0 0.0043261425162199885
1009.0 0.004281392102711834
1010.0 0.004221545532345772
1011.0 0.004161699689575471
1012.0 0.004117621574550867
1013.0 0.004073543459526263
1014.0 0.003824968371191062
1015.0 0.003576393282855861
1016.0 0.0033586082281544805
1017.0 0.0031408231734531
1018.0 0.002812647471728269
1019.0 0.0024844721338013187
1020.0 0.0021438419935293496
1021.0 0.00180321167135844
1022.0 0.0015640303899999708
1023.0 0.001324848835793091
1024.0 0.0013526510883821175
1025.0 0.0013804535228700843
1026.0 0.0012457915545383003
1027.0 0.001111129404307576
1028.0 0.0010439402103656903
1029.0 0.0009767508345248643
1030.0 0.0009520101230009459
1031.0 0.0009272688657802064
1032.0 0.0008662714208185207
1033.0 0.0008052737939578947
1034.0 0.0007462399935320718
1035.0 0.0006872059657325735
1036.0 0.0007824191925465129
1037.0 0.0008776321919867769
1038.0 0.0007840802027203608
1039.0 0.00069052834987815
1040.0 0.0007343020570260705
1041.0 0.000778075718699256
1042.0 0.0008789019375399221
1043.0 0.0009797277925827075
1044.0 0.0008920495019992813
1045.0 0.0008043713933147956
1046.0 0.0008215586603910197
1047.0 0.0008387461093661841
1048.0 0.0006884494268888375
1049.0 0.0005381528808356961
1050.0 0.0005999092991260113
1051.0 0.0006616655809921212
1052.0 0.0008968817382992711
1053.0 0.00113209744085907
1054.0 0.0009015644536702894
1055.0 0.0006710312391078332
1056.0 0.0007476609880541218
1057.0 0.0008242908734246157
1058.0 0.0008168518434104044
1059.0 0.0008094128133961931
1060.0 0.0010013985047407914
1061.0 0.0011933837413380388
1062.0 0.0014246709724829998
1063.0 0.001655958294577431
1064.0 0.001316716407018248
1065.0 0.0009774743375601247
1066.0 0.0013009251233597752
1067.0 0.0016243757272604853
1068.0 0.0017920545360539109
1069.0 0.0019597327991505153
1070.0 0.00158962302521104
1071.0 0.0012195136150694452
1072.0 0.0013982188647787552
1073.0 0.0015769241144880652
1074.0 0.002066341767203994
1075.0 0.0025557592380209826
1076.0 0.0027892727302969433
1077.0 0.003022786222572904
1078.0 0.003480850500636734
1079.0 0.003938915324397385
1080.0 0.004030243508168496
1081.0 0.004121570964343846
1082.0 0.004048640403198078
1083.0 0.003975709842052311
1084.0 0.004580112363328226
1085.0 0.00518451415700838
1086.0 0.004945500768371858
1087.0 0.004706487015937455
1088.0 0.004653994983527809
1089.0 0.004601503678713925
1090.0 0.0043368676415411755
1091.0 0.004072231604368426
1092.0 0.0037511133996304125
1093.0 0.003429995194892399
1094.0 0.003729425588971935
1095.0 0.004028856346849352
1096.0 0.0032702646421967074
1097.0 0.0025116733013419434
1098.0 0.002217857399955392
1099.0 0.0019240416804677807
1100.0 0.0015154230823100079
1101.0 0.0011068040294048842
