lsstCam/transmission_filter_detector/r43_s00/r_57/19700101T000000.ecsv
# %ECSV 1.0
# ---
# datatype:
# - {name: wavelength, unit: nm, datatype: float32}
# - {name: efficiency, unit: '%', datatype: float64}
# meta: !!omap
# - {MODE: DETECTOR}
# - {TYPE: transmission_filter_detector}
# - {CALIBDATE: '1970-01-01T00:00:00'}
# - {INSTRUME: LSSTCam}
# - {OBSTYPE: transmission_filter_detector}
# - {CALIBCLS: lsst.ip.isr.IntermediateFilterDetectorTransmissionCurve}
# - {SOURCE: Materion (DM-46256)}
# - {DETECTOR: 180}
# - {FILTER: r_57}
# - {CALIB_ID: 'calibDate=1970-01-01T00:00:00 filter=r_57 detector=180'}
# - {DATE: '2025-04-02T15:59:45.016993'}
# - {CALIB_CREATION_DATE: '2025-04-02'}
# - {CALIB_CREATION_TIME: '15:59:45'}
# - __serialized_columns__:
#     efficiency:
#       __class__: astropy.units.quantity.Quantity
#       unit: !astropy.units.Unit {unit: '%'}
#       value: !astropy.table.SerializedColumn {name: efficiency}
#     wavelength:
#       __class__: astropy.units.quantity.Quantity
#       unit: !astropy.units.Unit {unit: nm}
#       value: !astropy.table.SerializedColumn {name: wavelength}
# schema: astropy-2.0
wavelength efficiency
[from data line 603]
903.0 5.2142331696813926e-05
904.0 0.00012496825547714252
905.0 0.00019779415652010357
906.0 0.00013040246358286822
907.0 6.30107990673423e-05
908.0 0.00012826695865442161
909.0 0.00019352310118847527
910.0 0.00013374855143410969
911.0 7.397400736408599e-05
912.0 0.00013377765526456642
913.0 0.00019358130884938873
914.0 0.00018123065501640667
915.0 0.00016887998981474084
916.0 0.00011970200830546673
917.0 7.052401542750886e-05
918.0 3.7701516930610524e-05
919.0 4.879040460536999e-06
920.0 7.324549642362399e-05
921.0 0.00014161196304485202
922.0 0.00012661288337767473
923.0 0.00011161384918523254
924.0 0.00018783630366669968
925.0 0.00026405878088553436
926.0 0.00024836988359311363
927.0 0.00023268100903806044
928.0 0.00020930281152686803
929.0 0.00018592456854094053
930.0 0.0001392137960465334
931.0 9.250300081475871e-05
932.0 0.00011058298241550801
933.0 0.0001286629753849411
934.0 9.546779438096564e-05
935.0 6.227260769264831e-05
936.0 6.311731794994557e-05
937.0 6.39620452602685e-05
938.0 1.6200365701712904e-10
939.0 1.6200365701712904e-10
940.0 9.685421531457905e-06
941.0 0.0001043528413902095
942.0 0.00020785389551747357
943.0 0.00031135491553868633
944.0 0.00036547655781760113
945.0 0.00041959815462178085
946.0 0.0005698936092812801
947.0 0.0007201891094155144
948.0 0.0006346755981212482
949.0 0.0005491622232511872
950.0 0.0005558562861551763
951.0 0.0005625503035844304
952.0 0.0006394559932232369
953.0 0.0007163616828620434
954.0 0.0008853255167196039
955.0 0.001054289623425575
956.0 0.0009968939593818504
957.0 0.0009394983862875961
958.0 0.0012152268027421087
959.0 0.0014909551282471512
960.0 0.0016250376575044356
961.0 0.00175912009581225
962.0 0.0018445150999468751
963.0 0.00192990992218256
964.0 0.0020720644897664897
965.0 0.002214218875451479
966.0 0.0022403226466849446
967.0 0.002266426781716291
968.0 0.0022597787392442115
969.0 0.002253130696772132
970.0 0.002306964779563714
971.0 0.002360798498557415
972.0 0.0024617353119538166
973.0 0.002562671943451278
974.0 0.0027373136617825367
975.0 0.0029119559258106165
976.0 0.003036880661966279
977.0 0.0031618052162230015
978.0 0.0031434567063115537
979.0 0.0031251078326022252
980.0 0.003173814548063092
981.0 0.0032225212635239586
982.0 0.003199742059223354
983.0 0.003176962854922749
984.0 0.0031241805118042976
985.0 0.0030713985324837267
986.0 0.002922555177065078
987.0 0.0027737121854443103
988.0 0.002746304016909562
989.0 0.0027188962121726945
990.0 0.0027098105420009233
991.0 0.0027007250537280925
992.0 0.002613318429212086
993.0 0.0025259119865950197
994.0 0.0025960580387618393
995.0 0.00266620463662548
996.0 0.0026708668883657083
997.0 0.002675529322004877
998.0 0.0027724083338398486
999.0 0.0028692875275737606
1000.0 0.0029683962566195987
1001.0 0.003067505167564377
1002.0 0.0032125495636137202
1003.0 0.003357594323460944
1004.0 0.003663727329694666
1005.0 0.003969860699726269
1006.0 0.0039998274587560445
1007.0 0.004029794581583701
1008.0 0.004071234070579521
1009.0 0.004112673559575342
1010.0 0.004112258829991333
1011.0 0.0041118444642052054
1012.0 0.004144284685025923
1013.0 0.00417672454204876
1014.0 0.004132841422688216
1015.0 0.004088958667125553
1016.0 0.0036476452805800363
1017.0 0.003206331530236639
1018.0 0.0029129074391676113
1019.0 0.002619482984300703
1020.0 0.0023849026547395624
1021.0 0.0021503221432794817
1022.0 0.001956430969585199
1023.0 0.0017625394320930354
1024.0 0.001548114960314706
1025.0 0.0013336906704353169
1026.0 0.0012128368325647898
1027.0 0.001091983631340554
1028.0 0.0009331649380328599
1029.0 0.0007743464266241062
1030.0 0.0008414326657657512
1031.0 0.0009085188139579259
1032.0 0.0007115994321793551
1033.0 0.0005146799594513141
1034.0 0.0005649318154610228
1035.0 0.0006151837624202017
1036.0 0.0006091136128816288
1037.0 0.0006030434178683208
1038.0 0.0008824065844237339
1039.0 0.001161769796453882
1040.0 0.0009634117304813117
1041.0 0.000765053482609801
1042.0 0.0008441040336037986
1043.0 0.0009231545845977962
1044.0 0.0008716824595467187
1045.0 0.0008202101525967009
1046.0 0.0006210557330632582
1047.0 0.00042190122258034535
1048.0 0.0005827918357681483
1049.0 0.0007436825399054214
1050.0 0.0009478270840190817
1051.0 0.0011519715371832717
1052.0 0.0012648809388338123
1053.0 0.0013777901585854124
1054.0 0.0013064159247733187
1055.0 0.0012350418728601653
1056.0 0.0011694622116920073
1057.0 0.0011038827324227896
1058.0 0.0011380882824596483
1059.0 0.0011722936505975667
1060.0 0.0011859297956107184
1061.0 0.0011995656677754596
1062.0 0.0010181831385125406
1063.0 0.0008368006092496216
1064.0 0.0011051815818063915
1065.0 0.0013735625543631613
1066.0 0.0016741558283683844
1067.0 0.001974748920474667
1068.0 0.0019908780814148486
1069.0 0.0020070068785571493
1070.0 0.0018653303413884714
1071.0 0.0017236536223208532
1072.0 0.0021299318177625537
1073.0 0.0025362101951031946
1074.0 0.0024377026420552284
1075.0 0.002339195089007262
1076.0 0.0023328726456384175
1077.0 0.0023265500203706324
1078.0 0.002957909782708157
1079.0 0.0035892695450456813
1080.0 0.003557891250238754
1081.0 0.0035265129554318264
1082.0 0.003929323065676726
1083.0 0.004332133539719507
1084.0 0.0034108183172065765
1085.0 0.002489503276592586
1086.0 0.003271354944445193
1087.0 0.00405320679419674
1088.0 0.0037429323128890246
1089.0 0.0034326578315813094
1090.0 0.0033070911740651354
1091.0 0.0031815241527510807
1092.0 0.003462878885329701
1093.0 0.0037442332541104406
1094.0 0.00313466225634329
1095.0 0.0025250910766771995
1096.0 0.002774206586764194
1097.0 0.0030233219149522483
1098.0 0.0026410616555949673
1099.0 0.0022588013962376863
1100.0 0.001969382901734207
1101.0 0.001679964225331787
