lsstCam/transmission_filter_detector/r43_s00/r_57/19700101T000000.ecsv
# %ECSV 1.0
# ---
# datatype:
# - {name: wavelength, unit: nm, datatype: float32}
# - {name: efficiency, unit: '%', datatype: float64}
# meta: !!omap
# - {MODE: DETECTOR}
# - {TYPE: transmission_filter_detector}
# - {CALIBDATE: '1970-01-01T00:00:00'}
# - {INSTRUME: LSSTCam}
# - {OBSTYPE: transmission_filter_detector}
# - {CALIBCLS: lsst.ip.isr.IntermediateFilterDetectorTransmissionCurve}
# - {SOURCE: Materion (DM-46256)}
# - {DETECTOR: 180}
# - {FILTER: r_57}
# - {CALIB_ID: 'calibDate=1970-01-01T00:00:00 filter=r_57 detector=180'}
# - {DATE: '2025-04-02T15:59:45.016993'}
# - {CALIB_CREATION_DATE: '2025-04-02'}
# - {CALIB_CREATION_TIME: '15:59:45'}
# - __serialized_columns__:
#     efficiency:
#       __class__: astropy.units.quantity.Quantity
#       unit: !astropy.units.Unit {unit: '%'}
#       value: !astropy.table.SerializedColumn {name: efficiency}
#     wavelength:
#       __class__: astropy.units.quantity.Quantity
#       unit: !astropy.units.Unit {unit: nm}
#       value: !astropy.table.SerializedColumn {name: wavelength}
# schema: astropy-2.0
wavelength efficiency
300.0 0.002066725937766023
301.0 0.005866133506060578
302.0 0.009665541438153014
303.0 0.01214713993249461
304.0 0.014628740609623492
305.0 0.012924236943945289
306.0 0.011219732550671324
307.0 0.00951900947256945
308.0 0.007818287122063339
309.0 0.007064550300128758
310.0 0.006310813478194177
311.0 0.00583388791710604
312.0 0.0053569623560179025
313.0 0.004884898226009682
314.0 0.0044128333684057
315.0 0.004188295497442596
316.0 0.0039637565350858495
317.0 0.003779791950364597
318.0 0.003595827001845464
319.0 0.003489744267426431
320.0 0.0033836611692095175
321.0 0.003164157533319667
322.0 0.002944654806924518
323.0 0.0026938198061543517
324.0 0.002442985169182066
325.0 0.002389304427197203
326.0 0.00233562368521234
327.0 0.0024418774046353064
328.0 0.0025481311240582727
329.0 0.0027743211830966175
330.0 0.003000511605932843
331.0 0.0027000689442502335
332.0 0.0023996270101633854
333.0 0.0022565103790839203
334.0 0.0021133935661055148
335.0 0.0018038701455225237
336.0 0.0014943467249395326
337.0 0.001405336024618009
338.0 0.0013163252333470155
339.0 0.0011812565389845986
340.0 0.0010461877536727116
341.0 0.001039136441249866
342.0 0.0010320850378775503
343.0 0.0009930480700859334
344.0 0.0009540111022943165
345.0 0.0009563450475980062
346.0 0.0009586789929016959
347.0 0.0009261681043426506
348.0 0.0008936571248341352
349.0 0.0008919540050555952
350.0 0.004617266313289292
351.0 0.005259243698674254
352.0 0.0059012218116549775
353.0 0.005292105925036594
354.0 0.0046829907660139725
355.0 0.004779244773089886
356.0 0.004875498780165799
357.0 0.005140813664183952
358.0 0.00540613109478727
359.0 0.003880389704136178
360.0 0.0023546486772829667
361.0 0.0024992143153212965
362.0 0.002643780317157507
363.0 0.002654381205502432
364.0 0.0026649820938473567
365.0 0.0029216769689810462
366.0 0.003178371480316855
367.0 0.0029958395316498354
368.0 0.002813307764881756
369.0 0.0030496503313770518
370.0 0.003285993807367049
371.0 0.0035081768146483228
372.0 0.0037303598219295964
373.0 0.004242694558342919
374.0 0.004755029294756241
375.0 0.003680488225654699
376.0 0.0026059469746542163
377.0 0.0022021067707100883
378.0 0.0017982665667659603
379.0 0.001988722760870587
380.0 0.002179178591177333
381.0 0.0028272253985051066
382.0 0.0034752720239339396
383.0 0.0037564081139862537
384.0 0.004037544931634329
385.0 0.004633920252672397
386.0 0.005230296665104106
387.0 0.004556718340609223
388.0 0.0038831400161143392
389.0 0.00275814800261287
390.0 0.0016331556253135204
391.0 0.0011387392987671774
392.0 0.0006443226538976887
393.0 0.0008021495887078345
394.0 0.0009599765689927153
395.0 0.001141707798524294
396.0 0.0013234392099548131
397.0 0.001248658554686699
398.0 0.0011738776265701745
399.0 0.0012985035027668346
400.0 0.0014231298337108456
401.0 0.00129567461044644
402.0 0.0011682193871820346
403.0 0.001132471425080439
404.0 0.0010967238267767243
405.0 0.0011496717888803687
406.0 0.0012026200238324236
407.0 0.001139042251452338
408.0 0.0010754646609711926
409.0 0.0014999728591647
410.0 0.001924480966408737
411.0 0.0017956566807697527
412.0 0.0016668325770297088
413.0 0.0016308282283716835
414.0 0.0015948238797136582
415.0 0.001496554341429146
416.0 0.0013982851669425145
417.0 0.0015161866940616164
418.0 0.0016340882211807184
419.0 0.002345075881748926
420.0 0.003056063360418193
421.0 0.004751539381686598
422.0 0.006447014311561361
423.0 0.009340638644061983
424.0 0.01223426079377532
425.0 0.0165866847964935
426.0 0.02093910879921168
427.0 0.021027297771070153
428.0 0.021115486742928624
429.0 0.01690067583695054
430.0 0.012685864930972457
431.0 0.008893933409126475
432.0 0.005102000432088971
433.0 0.004216826710035093
434.0 0.003331653351779096
435.0 0.0027163185222889297
436.0 0.002100983510899823
437.0 0.0015539735613856465
438.0 0.0010069636118714698
439.0 0.0010019854016718455
440.0 0.000997007100522751
441.0 0.0012241845979588106
442.0 0.0014513620044454
443.0 0.001582896220497787
444.0 0.0017144302546512336
445.0 0.0012899709872726817
446.0 0.0008655116289446596
447.0 0.0010826458492374513
448.0 0.0012997797057323623
449.0 0.0013766440133622382
450.0 0.0014535080481437035
451.0 0.0014009626283950638
452.0 0.0013484173905453645
453.0 0.0013770170880889054
454.0 0.0014056167856324464
455.0 0.0011510951480886433
456.0 0.0008965736924437806
457.0 0.0010085861504194327
458.0 0.001120598699344555
459.0 0.0012164918189228047
460.0 0.0013123846656526439
461.0 0.001978248474188149
462.0 0.0026441124646225944
463.0 0.0034701395634328946
464.0 0.004296166662243195
465.0 0.005225098357186653
466.0 0.0061540289607364684
467.0 0.006697557546431199
468.0 0.007241087587317452
469.0 0.00622842853772454
470.0 0.005215770215727389
471.0 0.003768359965761192
472.0 0.0023209493519971147
473.0 0.0017293386918026954
474.0 0.0011377285773050971
475.0 0.0010397404366813134
476.0 0.0009417524779564701
477.0 0.0008925240763346665
478.0 0.000843295765662333
479.0 0.0007468714102287777
480.0 0.0006504470093204873
481.0 0.0006117700650065672
482.0 0.0005730930297431769
483.0 0.0005257856173557229
484.0 0.00047847825044300407
485.0 0.0006357240181387169
486.0 0.0007929696039354894
487.0 0.0007323655154323205
488.0 0.0006717613814544166
489.0 0.0008368597264052369
490.0 0.001001958025881322
491.0 0.0009071995918930043
492.0 0.0008124413398036268
493.0 0.0008775297828833573
494.0 0.0009426180440641474
495.0 0.0009933391083905008
496.0 0.0010440602636663243
497.0 0.001087274904421065
498.0 0.001130489727074746
499.0 0.0011903908671229146
500.0 0.001250291916221613
501.0 0.0015854040611884557
502.0 0.001920516115205828
503.0 0.0022118438209872693
504.0 0.00250317134486977
505.0 0.0029760411052848212
506.0 0.0034489105019019917
507.0 0.004248623008606955
508.0 0.0050483351515140384
509.0 0.005355706161935814
510.0 0.005663076444761828
511.0 0.005114452869747765
512.0 0.004565829294733703
513.0 0.0038698297430528328
514.0 0.0031738301913719624
515.0 0.0030353079637279734
516.0 0.0028967859179829247
517.0 0.0028420436137821525
518.0 0.0027873018552782014
519.0 0.030441477429121733
520.0 0.06946627399884164
521.0 0.057962589198723435
522.0 0.09425023454241455
523.0 0.03473406541161239
524.0 0.10452688438817859
525.0 0.18098496366292238
526.0 0.1313699991442263
527.0 0.11412244057282805
528.0 0.12480063596740365
529.0 0.099610211327672
530.0 0.1764295739121735
531.0 0.14479663223028183
532.0 0.16786757623776793
533.0 0.27337721548974514
534.0 0.33926034811884165
535.0 0.5352634936571121
536.0 0.7372211664915085
537.0 0.9740909561514854
538.0 1.4651252888143063
539.0 2.3889968171715736
540.0 3.8354475051164627
541.0 5.633391439914703
542.0 8.041101694107056
543.0 11.179769039154053
544.0 14.890015125274658
545.0 19.08237338066101
546.0 24.165309965610504
547.0 30.5356502532959
548.0 38.38430643081665
549.0 46.386465430259705
550.0 53.33295464515686
551.0 61.00669503211975
552.0 66.05224013328552
553.0 71.14363312721252
554.0 75.48591494560242
555.0 79.68001365661621
556.0 83.22502970695496
557.0 85.61806678771973
558.0 89.18455243110657
559.0 92.44744181632996
560.0 92.87352561950684
561.0 94.60683465003967
562.0 95.37323713302612
563.0 95.29172778129578
564.0 95.54483294487
565.0 95.13155221939087
566.0 95.76699137687683
567.0 95.06409764289856
568.0 95.87345719337463
569.0 96.44293785095215
570.0 96.24021649360657
571.0 96.60512208938599
572.0 96.76717519760132
573.0 96.77806496620178
574.0 96.94381952285767
575.0 96.78753018379211
576.0 97.54519462585449
577.0 97.1417784690857
578.0 97.11325764656067
579.0 97.2523033618927
580.0 96.7026948928833
581.0 96.25837802886963
582.0 96.806401014328
583.0 96.7603325843811
584.0 96.10446691513062
585.0 96.28325700759888
586.0 96.37113809585571
587.0 96.09094262123108
588.0 96.72406315803528
589.0 97.40734100341797
590.0 96.73557877540588
591.0 95.72188258171082
592.0 95.53554058074951
593.0 95.66667675971985
594.0 95.73332071304321
595.0 96.13473415374756
596.0 96.71412110328674
597.0 97.12057709693909
598.0 96.54479622840881
599.0 96.65610790252686
600.0 96.73049449920654
601.0 96.08445763587952
602.0 96.54243588447571
603.0 96.07238173484802
604.0 96.46850824356079
605.0 96.84140682220459
606.0 96.22851014137268
607.0 96.19819521903992
608.0 96.36147618293762
609.0 95.45316696166992
610.0 95.89027762413025
611.0 95.92186212539673
612.0 95.57273387908936
613.0 96.77738547325134
614.0 96.22284770011902
615.0 96.22656106948853
616.0 96.37036919593811
617.0 96.106618642807
618.0 96.0552453994751
619.0 96.95696830749512
620.0 96.11296057701111
621.0 95.89651226997375
622.0 96.70938849449158
623.0 96.57607078552246
624.0 96.4664876461029
625.0 96.70506715774536
626.0 95.93649506568909
627.0 95.47245502471924
628.0 97.00469374656677
629.0 95.51689028739929
630.0 96.4038610458374
631.0 96.1272656917572
632.0 96.79237604141235
633.0 96.16732001304626
634.0 96.01008892059326
635.0 96.1517333984375
636.0 96.06794714927673
637.0 95.52353024482727
638.0 95.18389105796814
639.0 95.46107053756714
640.0 95.40926814079285
641.0 95.59453129768372
642.0 96.19373083114624
643.0 95.85471153259277
644.0 96.02407217025757
645.0 95.51063179969788
646.0 96.31803035736084
647.0 97.22225666046143
648.0 96.04254961013794
649.0 95.774906873703
650.0 96.54052257537842
651.0 96.65361046791077
652.0 96.77897095680237
653.0 95.87376713752747
654.0 96.59447073936462
655.0 96.74263596534729
656.0 95.75690031051636
657.0 95.78073024749756
658.0 96.33167386054993
659.0 96.3486909866333
660.0 95.61628699302673
661.0 95.30746340751648
662.0 95.69771885871887
663.0 95.9924578666687
664.0 95.96290588378906
665.0 95.35980224609375
666.0 95.40132880210876
667.0 95.50619721412659
668.0 95.40724158287048
669.0 95.4798698425293
670.0 95.52801251411438
671.0 95.716792345047
672.0 95.15239596366882
673.0 95.4699158668518
674.0 94.87538933753967
675.0 95.69789171218872
676.0 95.30085325241089
677.0 94.27239298820496
678.0 93.38144659996033
679.0 92.35421419143677
680.0 91.65146946907043
681.0 90.3103768825531
682.0 88.19111585617065
683.0 85.69542169570923
684.0 82.54209756851196
685.0 78.94572615623474
686.0 75.27413964271545
687.0 70.57399153709412
688.0 66.01912379264832
689.0 61.66820526123047
690.0 56.271255016326904
691.0 52.26561427116394
692.0 47.7196604013443
693.0 43.36870014667511
694.0 38.23422193527222
695.0 33.35154056549072
696.0 27.930045127868652
697.0 22.80794382095337
698.0 17.19352900981903
699.0 12.616647779941559
700.0 8.890075981616974
701.0 5.6214578449726105
702.0 3.515155240893364
703.0 2.119634300470352
704.0 1.2276428751647472
705.0 0.751897320151329
706.0 0.43378667905926704
707.0 0.2745529869571328
708.0 0.23128071334213018
709.0 0.18252362497150898
710.0 0.1552809146232903
711.0 0.0927383778616786
712.0 0.040646272827871144
713.0 0.06650916184298694
714.0 0.07341316668316722
715.0 0.06666482659056783
716.0 0.09439772693440318
717.0 0.058503675973042846
718.0 0.06668032729066908
719.0 0.05215506535023451
720.0 1.6200365701712904e-10
721.0 0.004172098851995543
722.0 0.004165217615081929
723.0 0.004158336378168315
724.0 0.003813400326180272
725.0 0.003468464274192229
726.0 0.003298093724879436
727.0 0.0031277231755666435
728.0 0.0030388711820705794
729.0 0.0029500188247766346
730.0 0.002795505497488193
731.0 0.002640992352098692
732.0 0.0025236940928152762
733.0 0.002406396197329741
734.0 0.002250348188681528
735.0 0.0020943003619322553
736.0 0.0019983384845545515
737.0 0.0019023764252779074
738.0 0.001705082286207471
739.0 0.0015077882380865049
740.0 0.0015609488400514238
741.0 0.0016141095329658128
742.0 0.001534580223960802
743.0 0.0014550510059052613
744.0 0.0014732797353644855
745.0 0.0014915086467226502
746.0 0.0013785739611194003
747.0 0.0012656391845666803
748.0 0.001268549203814473
749.0 0.0012714591321127955
750.0 0.001229989265993936
751.0 0.0011885192179761361
752.0 0.0011464966519270092
753.0 0.0011044740858778823
754.0 0.0011735683074221015
755.0 0.0012426624380168505
756.0 0.0011753502803912852
757.0 0.0011080379408667795
758.0 0.0011747855751309544
759.0 0.0012415333912940696
760.0 0.0012835595043725334
761.0 0.0013255857993499376
762.0 0.0012070259799656924
763.0 0.0010884661605814472
764.0 0.0010479770935489796
765.0 0.0010074878446175717
766.0 0.0008747119863983244
767.0 0.0007419360372296069
768.0 0.000801332680566702
769.0 0.0008607290510553867
770.0 0.0008335528036695905
771.0 0.0008063765562837943
772.0 0.0008712894668860827
773.0 0.000936202377488371
774.0 0.0008105488632281777
775.0 0.0006848953034932492
776.0 0.0007282658771146089
777.0 0.000771636678109644
778.0 0.0007335626378335292
779.0 0.0006954886885068845
780.0 0.0006661970473942347
781.0 0.0006369052698573796
782.0 0.0006961044164199848
783.0 0.0007553036994067952
784.0 0.0007760120752209332
785.0 0.000796720360085601
786.0 0.0007432510756189004
787.0 0.0006897817911521997
788.0 0.0007046309747238411
789.0 0.0007194803856691578
790.0 0.000614927921560593
791.0 0.0005103752300783526
792.0 0.0005391562808654271
793.0 0.0005679372861777665
794.0 0.0006872278845548863
795.0 0.0008065184374572709
796.0 0.0007099795311660273
797.0 0.0006134407158242539
798.0 0.0006275128725974355
799.0 0.0006415850293706171
800.0 0.0006808219950471539
801.0 0.0007200587788247503
802.0 0.0007075538633216638
803.0 0.0006950489478185773
804.0 0.0006590500106540276
805.0 0.0006230508461158024
806.0 0.0005804993179481244
807.0 0.0005379478807299165
808.0 0.0006780070179956965
809.0 0.0008180662007362116
810.0 0.000762819945521187
811.0 0.0007075735993566923
812.0 0.0007270335572684417
813.0 0.0007464933787559858
814.0 0.0007917943548818585
815.0 0.0008370951945835259
816.0 0.0008055944817897398
817.0 0.0007740937689959537
818.0 0.0005746304850617889
819.0 0.0003751674512386671
820.0 0.0005324455742083956
821.0 0.0006897236744407564
822.0 0.000669028395350324
823.0 0.0006483331617346266
824.0 0.0006244355063245166
825.0 0.000600538078288082
826.0 0.0005896861239307327
827.0 0.0005788342150481185
828.0 0.0004931008334096987
829.0 0.00040736754272074904
830.0 0.00017656061572779436
831.0 1.6200365701712904e-10
832.0 1.6200365701712904e-10
833.0 1.575736945369499e-05
834.0 1.6200365701712904e-10
835.0 1.6200365701712904e-10
836.0 0.00018766022549243644
837.0 0.0003917381945939269
838.0 0.0012319271263550036
839.0 0.0020721161490655504
840.0 0.0026796780730364844
841.0 0.003287239815108478
842.0 0.0038033937016734853
843.0 0.004319545769249089
844.0 0.003811614806181751
845.0 0.0033036838431144133
846.0 0.0029470125809893943
847.0 0.0025903415007633157
848.0 0.0025729448680067435
849.0 0.0025555482352501713
850.0 0.0025134122552117333
851.0 0.0024712762751732953
852.0 0.0022047261154511943
853.0 0.0019381755919312127
854.0 0.0016444808352389373
855.0 0.0013507858966477215
856.0 0.0011319000805087853
857.0 0.0009130140824709088
858.0 0.0006837074579379987
859.0 0.0004544009243545588
860.0 0.00035838017993228277
861.0 0.0002623594127726392
862.0 0.00025093786462093703
863.0 0.00023951629373186734
864.0 0.00020775612483703298
865.0 0.00017599597867956618
866.0 0.0002110582499881275
867.0 0.00024612054403405637
868.0 0.00014350538322105422
869.0 4.0890211039368296e-05
870.0 0.00014392735465662554
871.0 0.000246964486905199
872.0 0.00021874020603718236
873.0 0.0001905159251691657
874.0 0.00022444885416916804
875.0 0.0002583818059065379
876.0 0.00016153560409293277
877.0 6.468943638537894e-05
878.0 4.607437347203813e-05
879.0 2.7459330453893926e-05
880.0 8.718329240764433e-05
881.0 0.00014690730267830077
882.0 0.00010490680324437562
883.0 6.290636065386934e-05
884.0 0.00011017461929441197
885.0 0.00015744290067232214
886.0 0.00021653629573847866
887.0 0.0002756296453299001
888.0 0.0002296728098372114
889.0 0.00018371595160715515
890.0 0.00016583566093686386
891.0 0.00014795537026657257
892.0 0.0001622540594325983
893.0 0.00017655274859862402
894.0 9.1335522256486e-05
895.0 6.118293782719775e-06
896.0 8.44710825731454e-06
897.0 1.077591349485374e-05
898.0 4.375439743853349e-05
899.0 7.673287427678588e-05
900.0 2.561420444635587e-05
901.0 1.6200365701712904e-10
