lsstCam/transmission_filter_detector/r10_s02/i_39/19700101T000000.ecsv
# %ECSV 1.0
# ---
# datatype:
# - {name: wavelength, unit: nm, datatype: float32}
# - {name: efficiency, unit: '%', datatype: float64}
# meta: !!omap
# - {MODE: DETECTOR}
# - {TYPE: transmission_filter_detector}
# - {CALIBDATE: '1970-01-01T00:00:00'}
# - {INSTRUME: LSSTCam}
# - {OBSTYPE: transmission_filter_detector}
# - {CALIBCLS: lsst.ip.isr.IntermediateFilterDetectorTransmissionCurve}
# - {SOURCE: Materion (DM-46256)}
# - {DETECTOR: 29}
# - {FILTER: i_39}
# - {CALIB_ID: 'calibDate=1970-01-01T00:00:00 filter=i_39 detector=29'}
# - {DATE: '2025-04-02T15:59:46.613509'}
# - {CALIB_CREATION_DATE: '2025-04-02'}
# - {CALIB_CREATION_TIME: '15:59:46'}
# - __serialized_columns__:
#     efficiency:
#       __class__: astropy.units.quantity.Quantity
#       unit: !astropy.units.Unit {unit: '%'}
#       value: !astropy.table.SerializedColumn {name: efficiency}
#     wavelength:
#       __class__: astropy.units.quantity.Quantity
#       unit: !astropy.units.Unit {unit: nm}
#       value: !astropy.table.SerializedColumn {name: wavelength}
# schema: astropy-2.0
wavelength efficiency
[from data line 600]
900.0 1.671346437984167e-10
901.0 1.671346437984167e-10
902.0 1.671346437984167e-10
903.0 1.4615875443269033e-05
904.0 5.800332587568846e-05
905.0 1.671346437984167e-10
906.0 1.671346437984167e-10
907.0 7.775226436024241e-05
908.0 0.0002323461103515001
909.0 1.671346437984167e-10
910.0 1.671346437984167e-10
911.0 1.671346437984167e-10
912.0 0.00011751853890018538
913.0 6.150532954052323e-05
914.0 5.492141497143166e-06
915.0 1.671346437984167e-10
916.0 1.671346437984167e-10
917.0 1.671346437984167e-10
918.0 1.671346437984167e-10
919.0 1.671346437984167e-10
920.0 6.017102691657783e-05
921.0 1.671346437984167e-10
922.0 1.671346437984167e-10
923.0 1.671346437984167e-10
924.0 1.671346437984167e-10
925.0 0.0001300410531257512
926.0 0.00035195985219615977
927.0 4.253180350133334e-05
928.0 1.671346437984167e-10
929.0 1.671346437984167e-10
930.0 0.00018408022697258275
931.0 0.0002192121201005648
932.0 0.0002543439904911793
933.0 0.00019066599179495825
934.0 0.00012698801583610475
935.0 1.671346437984167e-10
936.0 1.671346437984167e-10
937.0 1.671346437984167e-10
938.0 1.671346437984167e-10
939.0 1.671346437984167e-10
940.0 1.671346437984167e-10
941.0 1.671346437984167e-10
942.0 1.324731329077622e-05
943.0 1.671346437984167e-10
944.0 1.671346437984167e-10
945.0 1.671346437984167e-10
946.0 1.671346437984167e-10
947.0 1.671346437984167e-10
948.0 1.671346437984167e-10
949.0 1.671346437984167e-10
950.0 1.671346437984167e-10
951.0 1.671346437984167e-10
952.0 1.671346437984167e-10
953.0 1.671346437984167e-10
954.0 1.671346437984167e-10
955.0 7.921723295112315e-05
956.0 0.00031330700949183665
957.0 0.0001846275154093746
958.0 5.594794743046805e-05
959.0 0.000139182429848006
960.0 0.00022241690658120206
961.0 0.00016215610685321735
962.0 0.00010189529575654888
963.0 1.671346437984167e-10
964.0 1.671346437984167e-10
965.0 1.671346437984167e-10
966.0 1.671346437984167e-10
967.0 1.671346437984167e-10
968.0 1.671346437984167e-10
969.0 1.671346437984167e-10
970.0 1.671346437984167e-10
971.0 1.671346437984167e-10
972.0 1.671346437984167e-10
973.0 1.671346437984167e-10
974.0 7.141458695514302e-05
975.0 3.7902228200437094e-05
976.0 4.389821839367869e-06
977.0 1.671346437984167e-10
978.0 1.671346437984167e-10
979.0 1.671346437984167e-10
980.0 1.671346437984167e-10
981.0 1.671346437984167e-10
982.0 1.671346437984167e-10
983.0 1.671346437984167e-10
984.0 1.671346437984167e-10
985.0 3.4756811828629e-05
986.0 0.0001880318677649484
987.0 1.9272111728696473e-05
988.0 1.671346437984167e-10
989.0 1.671346437984167e-10
990.0 1.671346437984167e-10
991.0 1.671346437984167e-10
992.0 1.671346437984167e-10
993.0 1.671346437984167e-10
994.0 7.24488643299992e-05
995.0 1.671346437984167e-10
996.0 1.671346437984167e-10
997.0 7.893860356489313e-05
998.0 0.0003859560820274055
999.0 0.00038191055864444934
1000.0 0.00037786496704939054
1001.0 0.0001510165020590648
1002.0 1.671346437984167e-10
1003.0 1.173467936155248e-05
1004.0 9.930140549840871e-05
1005.0 1.671346437984167e-10
1006.0 1.671346437984167e-10
1007.0 1.9560997088774457e-05
1008.0 0.00021387365904956823
1009.0 0.00010175098168474506
1010.0 1.671346437984167e-10
1011.0 0.0001162746798399894
1012.0 0.00024292107809742447
1013.0 0.000430131467510364
1014.0 0.0006173419023980387
1015.0 0.0005058526767243166
1016.0 0.0003943635420000646
1017.0 0.00042045089685416315
1018.0 0.000446538433607202
1019.0 0.0003842422302113846
1020.0 0.0003219458903913619
1021.0 0.00017458077081755619
1022.0 2.7215642717237643e-05
1023.0 0.0005192899152461905
1024.0 0.0010113642929354683
1025.0 0.0007521259703935357
1026.0 0.0004928876933263382
1027.0 0.0004098173121747095
1028.0 0.0003267469082857133
1029.0 0.000724422125131241
1030.0 0.0011220973647141363
1031.0 0.0017278971427003853
1032.0 0.0023336966478382237
1033.0 0.0024572744223405607
1034.0 0.0025808514692471363
1035.0 0.0031606228731106967
1036.0 0.0037403940950753167
1037.0 0.00381307618226856
1038.0 0.0038857579056639224
1039.0 0.0031179759389488026
1040.0 0.0023501943360315636
1041.0 0.0019116712792310864
1042.0 0.0014731484952790197
1043.0 0.0021626799934892915
1044.0 0.0028522115826490335
1045.0 0.003248605935368687
1046.0 0.0036450004699872807
1047.0 0.0034690801840042695
1048.0 0.0032931598980212584
1049.0 0.002825819501595106
1050.0 0.0023584791051689535
1051.0 0.0025013478079927154
1052.0 0.002644216874614358
1053.0 0.001768878792063333
1054.0 0.0008935405276133679
1055.0 0.0007253934654727345
1056.0 0.0005572464033321012
1057.0 0.0006655413926637266
1058.0 0.0007738365638942923
1059.0 0.000947877015278209
1060.0 0.0011219178304600064
1061.0 0.001945305302797351
1062.0 0.002768692502286285
1063.0 0.002763325937849004
1064.0 0.002757959191512782
1065.0 0.0031091749406186864
1066.0 0.0034603912354214117
1067.0 0.0044922671804670244
1068.0 0.005524143125512637
1069.0 0.004432258720044047
1070.0 0.003340374314575456
1071.0 0.003027998718607705
1072.0 0.0027156229407410137
1073.0 0.002810477053571958
1074.0 0.002905331348301843
1075.0 0.0029886234187870286
1076.0 0.0030719154892722145
1077.0 0.0023220225557452068
1078.0 0.0015721294403192587
1079.0 0.001682763104327023
1080.0 0.0017933967683347873
1081.0 0.001037007041304605
1082.0 0.00028061726879968774
1083.0 0.00022232009087019833
1084.0 0.0001640226400922984
1085.0 0.0004812168754142476
1086.0 0.0007984115654835477
1087.0 0.0009202580258715898
1088.0 0.001042104577209102
1089.0 1.671346437984167e-10
1090.0 1.671346437984167e-10
1091.0 1.671346437984167e-10
1092.0 1.671346437984167e-10
1093.0 1.671346437984167e-10
1094.0 0.00057802958508546
1095.0 0.0004628293481800938
1096.0 0.0003476292476989329
1097.0 1.671346437984167e-10
1098.0 1.671346437984167e-10
1099.0 1.671346437984167e-10
1100.0 0.00026295349471183727
