lsstCam/transmission_filter_detector/r10_s02/i_39/19700101T000000.ecsv
# %ECSV 1.0
# ---
# datatype:
# - {name: wavelength, unit: nm, datatype: float32}
# - {name: efficiency, unit: '%', datatype: float64}
# meta: !!omap
# - {MODE: DETECTOR}
# - {TYPE: transmission_filter_detector}
# - {CALIBDATE: '1970-01-01T00:00:00'}
# - {INSTRUME: LSSTCam}
# - {OBSTYPE: transmission_filter_detector}
# - {CALIBCLS: lsst.ip.isr.IntermediateFilterDetectorTransmissionCurve}
# - {SOURCE: Materion (DM-46256)}
# - {DETECTOR: 29}
# - {FILTER: i_39}
# - {CALIB_ID: 'calibDate=1970-01-01T00:00:00 filter=i_39 detector=29'}
# - {DATE: '2025-04-02T15:59:46.613509'}
# - {CALIB_CREATION_DATE: '2025-04-02'}
# - {CALIB_CREATION_TIME: '15:59:46'}
# - __serialized_columns__:
#     efficiency:
#       __class__: astropy.units.quantity.Quantity
#       unit: !astropy.units.Unit {unit: '%'}
#       value: !astropy.table.SerializedColumn {name: efficiency}
#     wavelength:
#       __class__: astropy.units.quantity.Quantity
#       unit: !astropy.units.Unit {unit: nm}
#       value: !astropy.table.SerializedColumn {name: wavelength}
# schema: astropy-2.0
wavelength efficiency
300.0 0.07784353219904006
301.0 0.04638591781258583
302.0 0.014928335440345109
303.0 0.02300637715961784
304.0 0.031084418878890574
305.0 0.030460310517810285
306.0 0.029836205067113042
307.0 0.011386886035325006
308.0 1.671346437984167e-10
309.0 1.671346437984167e-10
310.0 1.671346437984167e-10
311.0 1.671346437984167e-10
312.0 0.003246107735321857
313.0 1.671346437984167e-10
314.0 1.671346437984167e-10
315.0 1.671346437984167e-10
316.0 1.671346437984167e-10
317.0 1.671346437984167e-10
318.0 1.671346437984167e-10
319.0 1.671346437984167e-10
320.0 1.671346437984167e-10
321.0 1.671346437984167e-10
322.0 0.0017690435925032943
323.0 1.671346437984167e-10
324.0 1.671346437984167e-10
325.0 1.671346437984167e-10
326.0 1.671346437984167e-10
327.0 1.671346437984167e-10
328.0 0.002380770274612587
329.0 0.0026027049898402765
330.0 0.0028246393412700854
331.0 0.001859351687016897
332.0 0.0008940641237131786
333.0 0.0014987866052251775
334.0 0.0021035091776866466
335.0 0.0017292068150709383
336.0 0.0013549050891015213
337.0 0.0018289019863004796
338.0 0.002302898974448908
339.0 0.0021670573914889246
340.0 0.002031216354225762
341.0 1.671346437984167e-10
342.0 1.671346437984167e-10
343.0 1.671346437984167e-10
344.0 1.671346437984167e-10
345.0 1.671346437984167e-10
346.0 1.671346437984167e-10
347.0 1.671346437984167e-10
348.0 1.671346437984167e-10
349.0 1.671346437984167e-10
350.0 0.0014631359590566717
351.0 0.0005890443844691617
352.0 1.671346437984167e-10
353.0 1.671346437984167e-10
354.0 1.671346437984167e-10
355.0 1.671346437984167e-10
356.0 1.671346437984167e-10
357.0 0.0006862122063466813
358.0 0.0016678608517395332
359.0 0.0015765181160531938
360.0 0.0014851749256195035
361.0 0.001205419630423421
362.0 0.0009256642442778684
363.0 0.0005150705874257255
364.0 0.00010447705562910414
365.0 0.0009973157830245327
366.0 0.0018901551811723039
367.0 0.0011244865163462237
368.0 0.0003588180334190838
369.0 0.0007441830803145422
370.0 0.0011295482181594707
371.0 0.001310193692916073
372.0 0.0014908392586221453
373.0 0.0012867245459347032
374.0 0.0010826096513483208
375.0 0.00035355153613636503
376.0 1.671346437984167e-10
377.0 1.671346437984167e-10
378.0 1.671346437984167e-10
379.0 1.671346437984167e-10
380.0 1.671346437984167e-10
381.0 1.671346437984167e-10
382.0 1.671346437984167e-10
383.0 0.00026965078632201767
384.0 0.0015328361769206822
385.0 0.0014834753528703004
386.0 0.0014341144378704485
387.0 0.00014060532294024597
388.0 1.671346437984167e-10
389.0 1.671346437984167e-10
390.0 1.671346437984167e-10
391.0 1.671346437984167e-10
392.0 1.671346437984167e-10
393.0 1.671346437984167e-10
394.0 0.0007781377462379169
395.0 1.671346437984167e-10
396.0 1.671346437984167e-10
397.0 1.671346437984167e-10
398.0 1.671346437984167e-10
399.0 1.671346437984167e-10
400.0 0.0002326749381609261
401.0 0.0007189448297140189
402.0 0.00120521390272188
403.0 0.0019634535419754684
404.0 0.0027216929083806463
405.0 0.004591691322275437
406.0 0.0064616891904734075
407.0 0.003063264739466831
408.0 1.671346437984167e-10
409.0 1.671346437984167e-10
410.0 1.671346437984167e-10
411.0 0.0027279580535832793
412.0 0.005537947799894027
413.0 0.004953103052685037
414.0 0.00436825976066757
415.0 0.004711939618573524
416.0 0.005055619476479478
417.0 0.0030440345653914846
418.0 0.0010324496543034911
419.0 0.0035444671084405854
420.0 0.0060564849263755605
421.0 0.004945775799569674
422.0 0.003835066672763787
423.0 0.004480029019759968
424.0 0.005124991002958268
425.0 0.003347426900290884
426.0 0.0015698618881287985
427.0 0.003157083483529277
428.0 0.004744305260828696
429.0 0.005126898759044707
430.0 0.005509492621058598
431.0 0.0040221435483545065
432.0 0.0025347952032461762
433.0 0.0034939355828100815
434.0 0.0044530763261718675
435.0 0.003375789674464613
436.0 0.002298502658959478
437.0 0.0018780829122988507
438.0 0.0014576633475371636
439.0 0.0018061486116494052
440.0 0.002154634057660587
441.0 0.00047095909394556656
442.0 1.671346437984167e-10
443.0 1.671346437984167e-10
444.0 1.671346437984167e-10
445.0 1.671346437984167e-10
446.0 1.671346437984167e-10
447.0 0.00011714000720530748
448.0 0.0005290628450893564
449.0 1.671346437984167e-10
450.0 1.671346437984167e-10
451.0 1.671346437984167e-10
452.0 0.0008680606697453186
453.0 0.0013403990124061238
454.0 0.0018127377188648097
455.0 0.00190156206372194
456.0 0.001990386772376951
457.0 0.001344242446066346
458.0 0.0006980979833315359
459.0 0.00018405959281153628
460.0 1.671346437984167e-10
461.0 0.00010123941365236533
462.0 0.0005324577159626642
463.0 0.00011993703310508863
464.0 1.671346437984167e-10
465.0 0.00015711219703007373
466.0 0.0006068080892873695
467.0 0.0006954772288736422
468.0 0.0007841464139346499
469.0 0.000521977699463605
470.0 0.00025980900772992754
471.0 0.0005716557552659651
472.0 0.0008835024345899001
473.0 0.0009734830200613942
474.0 0.0010634638783812989
475.0 0.000549125661564176
476.0 3.4787780123224366e-05
477.0 0.0005200331543164793
478.0 0.0010052785000880249
479.0 0.0011443693438195623
480.0 0.00128346027850057
481.0 0.0025261335395043716
482.0 0.00376880525436718
483.0 0.005062530908617191
484.0 0.006356256199069321
485.0 0.006355938239721581
486.0 0.00635561955277808
487.0 0.009357793169328943
488.0 0.012359966058284044
489.0 0.016076867177616805
490.0 0.019793768296949565
491.0 0.022524975065607578
492.0 0.02525618183426559
493.0 0.027955046971328557
494.0 0.030653917929157615
495.0 0.02758312039077282
496.0 0.02451231994200498
497.0 0.019581429660320282
498.0 0.014650533557869494
499.0 0.010478763579158112
500.0 0.0063069928728509694
501.0 0.004618690945790149
502.0 0.00293038938252721
503.0 0.0024774111807346344
504.0 0.0020244326151441783
505.0 0.0018541722965892404
506.0 0.001683912159933243
507.0 0.0017972257410292514
508.0 0.0019105391402263194
509.0 0.0020379424313432537
510.0 0.002165345722460188
511.0 0.0016937268810579553
512.0 0.0012221080396557227
513.0 0.001389959652442485
514.0 0.0015578112652292475
515.0 0.002114136077580042
516.0 0.002670460889930837
517.0 0.0022559606804861687
518.0 0.0018414604710415006
519.0 0.0018932520106318407
520.0 0.0019450437321211211
521.0 0.001706003058643546
522.0 0.0014669626580143813
523.0 0.0015086283383425325
524.0 0.0015502944734180346
525.0 0.0019055594748351723
526.0 0.00226082447625231
527.0 0.0024369224775000475
528.0 0.002613020478747785
529.0 0.0024974520783871412
530.0 0.0023818838599254377
531.0 0.002298528852406889
532.0 0.002215174026787281
533.0 0.001978655382117722
534.0 0.0017421369193471037
535.0 0.0017712218323140405
536.0 0.001800306563382037
537.0 0.002433618101349566
538.0 0.0030669292755192146
539.0 0.0036002405977342278
540.0 0.004133551919949241
541.0 0.004744026955449954
542.0 0.005354502718546428
543.0 0.005125789903104305
544.0 0.004897077087662183
545.0 0.004093848110642284
546.0 0.0032906194974202663
547.0 0.0026180361601291224
548.0 0.001945453004736919
549.0 0.0018836182789527811
550.0 0.0018217837350675836
551.0 0.0015411813365062699
552.0 0.0012605789379449561
553.0 0.001568512016092427
554.0 0.0018764452761388384
555.0 0.0014382297194970306
556.0 0.0010000141628552228
557.0 0.0008512993190379348
558.0 0.0007025845206953818
559.0 0.00024667656361998525
560.0 1.671346437984167e-10
561.0 0.0006723914793838048
562.0 0.0015540143067482859
563.0 0.001610361687198747
564.0 0.0016667088857502677
565.0 0.0012427568435668945
566.0 0.0008188049832824618
567.0 0.0007917335096863098
568.0 0.0007646620360901579
569.0 0.000803182501840638
570.0 0.0008417027856921777
571.0 0.0005466870334203122
572.0 0.00025167123567371164
573.0 0.00037065544802317163
574.0 0.0004896397058473667
575.0 0.0004315459136705613
576.0 0.0003734520078069181
577.0 0.00048202937250607647
578.0 0.0005906068054173375
579.0 0.0003354600949023734
580.0 8.031343554648629e-05
581.0 0.0001475832391406584
582.0 0.0002148530484191724
583.0 0.0003418061623960966
584.0 0.0004687591626861831
585.0 0.0006946466783119831
586.0 0.0009205343303619884
587.0 0.0008244326636486221
588.0 0.0007283309059857856
589.0 0.000648587820251123
590.0 0.0005688447799911955
591.0 0.0007729720891802572
592.0 0.000977099534793524
593.0 0.0006621818556595827
594.0 0.0003472641992630088
595.0 0.0005770082680101041
596.0 0.0008067521775956266
597.0 0.0007031997938611312
598.0 0.000599647501076106
599.0 0.0005563928880292224
600.0 0.0005131381385581335
601.0 0.00046028853830648586
602.0 0.00040743889258010313
603.0 0.000284994757748791
604.0 0.00016255047512458987
605.0 0.00015233133581205038
606.0 0.00014211220786819467
607.0 0.00030311757654999383
608.0 0.00046412278607022017
609.0 0.0004706444997282233
610.0 0.0004771658950630808
611.0 0.0007189801181084476
612.0 0.0009607943866285495
613.0 0.000685575923853321
614.0 0.0004103575975022977
615.0 5.44684837677778e-05
616.0 1.671346437984167e-10
617.0 1.671346437984167e-10
618.0 0.00010849093996512238
619.0 0.00022796300527261337
620.0 0.00034743516152957454
621.0 0.0005207968570175581
622.0 0.0006941585070308065
623.0 0.0005704979230358731
624.0 0.0004468373845156748
625.0 0.00042838660192501266
626.0 0.0004099359102838207
627.0 0.00036494116102403495
628.0 0.00031994643450161675
629.0 0.0004167161932855379
630.0 0.0005134860202815617
631.0 0.00048110264287970494
632.0 0.00044871926547784824
633.0 0.0004037432972836541
634.0 0.00035876732908945996
635.0 0.00038174748624442145
636.0 0.0004047275069751777
637.0 0.00038736179703846574
638.0 0.00036999595067754854
639.0 0.000637026050753775
640.0 0.0009040560144057963
641.0 0.0006872966423543403
642.0 0.00047053731577761937
643.0 0.0006288345048233168
644.0 0.0007871318302932195
645.0 0.0006781498086638749
646.0 0.0005691679234587355
647.0 0.0007504151653847657
648.0 0.0009316628165834118
649.0 0.0007994303814484738
650.0 0.0006671979008388007
651.0 0.0008377668564207852
652.0 0.001008335948426975
653.0 0.0011489492862892803
654.0 0.0012895625332021154
655.0 0.0019054181393585168
656.0 0.002521273745514918
657.0 0.003444954927545041
658.0 0.004368635200080462
659.0 0.00687172359903343
660.0 0.04934039316140115
661.0 0.09388673934154212
662.0 0.059033517027273774
663.0 0.1444835914298892
664.0 0.0957480282522738
665.0 0.1201918232254684
666.0 0.15845939051359892
667.0 0.16112682642415166
668.0 0.21380952093750238
669.0 0.25768005289137363
670.0 0.29648044146597385
671.0 0.4313419107347727
672.0 0.7072718814015388
673.0 1.1059598065912724
674.0 1.7444044351577759
675.0 2.498384937644005
676.0 3.509521484375
677.0 4.861486330628395
678.0 6.176990643143654
679.0 7.579387724399567
680.0 9.362620860338211
681.0 11.316321045160294
682.0 13.801209628582
683.0 16.573306918144226
684.0 19.510215520858765
685.0 22.394558787345886
686.0 25.428828597068787
687.0 28.539463877677917
688.0 31.722870469093323
689.0 34.874892234802246
690.0 38.50911855697632
691.0 42.48909056186676
692.0 47.217029333114624
693.0 52.238476276397705
694.0 58.02352428436279
695.0 63.65782022476196
696.0 69.94423866271973
697.0 75.58044195175171
698.0 81.84971213340759
699.0 86.4870011806488
700.0 90.20113945007324
701.0 93.28481554985046
702.0 95.41094303131104
703.0 96.68650031089783
704.0 97.174733877182
705.0 97.68562912940979
706.0 97.703617811203
707.0 97.9546308517456
708.0 98.01093339920044
709.0 97.96604514122009
710.0 97.78666496276855
711.0 97.96153903007507
712.0 97.87653684616089
713.0 97.95405864715576
714.0 97.96872138977051
715.0 98.01838994026184
716.0 97.91457056999207
717.0 98.10441732406616
718.0 98.18799495697021
719.0 98.16833734512329
720.0 98.44661355018616
721.0 98.38889241218567
722.0 98.13593029975891
723.0 97.85813689231873
724.0 97.52708077430725
725.0 97.19249606132507
726.0 96.94170951843262
727.0 96.67272567749023
728.0 96.3918924331665
729.0 96.17665410041809
730.0 96.15370035171509
731.0 96.17919325828552
732.0 96.1752712726593
733.0 96.50714993476868
734.0 96.90403342247009
735.0 97.01850414276123
736.0 97.48263359069824
737.0 97.86304831504822
738.0 98.14308285713196
739.0 98.55778813362122
740.0 98.65689277648926
741.0 98.46635460853577
742.0 98.83564710617065
743.0 98.68429899215698
744.0 98.51297736167908
745.0 98.52601289749146
746.0 98.49622845649719
747.0 98.67725372314453
748.0 98.5859215259552
749.0 98.49607348442078
750.0 98.45331311225891
751.0 98.28670620918274
752.0 98.26860427856445
753.0 98.40266704559326
754.0 98.39064478874207
755.0 98.48191142082214
756.0 98.62266182899475
757.0 98.61150979995728
758.0 98.72798323631287
759.0 98.75133633613586
760.0 98.61544966697693
761.0 98.54856133460999
762.0 98.57959151268005
763.0 98.51945042610168
764.0 98.44890236854553
765.0 98.33290576934814
766.0 98.45222234725952
767.0 98.23102355003357
768.0 98.3203113079071
769.0 98.3377993106842
770.0 98.06928634643555
771.0 98.15401434898376
772.0 98.1331467628479
773.0 98.09588193893433
774.0 97.82618284225464
775.0 98.00127148628235
776.0 97.84711003303528
777.0 97.93084859848022
778.0 97.93287515640259
779.0 97.96258211135864
780.0 97.9005515575409
781.0 98.1333076953888
782.0 97.98402190208435
783.0 98.04470539093018
784.0 98.01099300384521
785.0 98.19750785827637
786.0 98.30732941627502
787.0 98.03915023803711
788.0 98.20067882537842
789.0 98.23639988899231
790.0 98.19116592407227
791.0 98.25199246406555
792.0 98.07651042938232
793.0 98.03228974342346
794.0 98.06782007217407
795.0 97.97964692115784
796.0 97.96419143676758
797.0 98.00266623497009
798.0 98.01281690597534
799.0 97.86233305931091
800.0 97.66913056373596
801.0 97.7830171585083
802.0 97.6137101650238
803.0 97.44539856910706
804.0 97.28550314903259
805.0 96.89761400222778
806.0 96.68232798576355
807.0 96.01887464523315
808.0 95.29498815536499
809.0 94.23349499702454
810.0 93.10038089752197
811.0 91.50351881980896
812.0 89.5216703414917
813.0 87.13332414627075
814.0 84.28391814231873
815.0 80.92886805534363
816.0 77.36195921897888
817.0 73.20604920387268
818.0 68.38737726211548
819.0 64.15328979492188
820.0 59.08426642417908
821.0 54.48691248893738
822.0 50.007110834121704
823.0 45.45234739780426
824.0 40.80183207988739
825.0 36.52777671813965
826.0 32.06575810909271
827.0 27.405676245689392
828.0 23.22325110435486
829.0 19.007056951522827
830.0 14.650090038776398
831.0 11.272119730710983
832.0 7.909603416919708
833.0 5.365906655788422
834.0 3.4151405096054077
835.0 2.1022439002990723
836.0 1.273825764656067
837.0 0.6950128357857466
838.0 0.3858072217553854
839.0 0.2743151970207691
840.0 0.1497671939432621
841.0 0.057677109725773335
842.0 0.03210346621926874
843.0 0.01757448335411027
844.0 0.01298528368351981
845.0 1.671346437984167e-10
846.0 1.671346437984167e-10
847.0 0.0006708268301736098
848.0 1.671346437984167e-10
849.0 1.671346437984167e-10
850.0 1.671346437984167e-10
851.0 1.671346437984167e-10
852.0 0.0012957784747413825
853.0 0.0012618805158126634
854.0 0.0012279826478334144
855.0 0.0010386933354311623
856.0 0.0008494040230289102
857.0 0.0009296162716054823
858.0 0.001009828247333644
859.0 0.000666398273097002
860.0 0.0003229681169614196
861.0 0.0002563947418821044
862.0 0.00018982124174726778
863.0 0.00010239609764539637
864.0 1.49709762808925e-05
865.0 7.203287850643392e-05
866.0 0.00012909472388855647
867.0 8.997061513582594e-05
868.0 5.084643817099277e-05
869.0 1.671346437984167e-10
870.0 1.671346437984167e-10
871.0 1.671346437984167e-10
872.0 0.0002055417098745238
873.0 0.00027845189833897166
874.0 0.0003513620413286844
875.0 0.00025138515411526896
876.0 0.00015140827827053727
877.0 1.671346437984167e-10
878.0 1.671346437984167e-10
879.0 1.600290175929331e-05
880.0 0.0004262359198037302
881.0 0.00016089858263512724
882.0 1.671346437984167e-10
883.0 0.00015097626828719513
884.0 0.000406391291107866
885.0 0.00017406626966476324
886.0 1.671346437984167e-10
887.0 5.0348239710729104e-05
888.0 0.00015895524256848148
889.0 4.278068956864445e-05
890.0 1.671346437984167e-10
891.0 7.236382089104154e-05
892.0 0.0002181214540541987
893.0 0.0002755074547167169
894.0 0.00033289347811660264
895.0 4.132409117119096e-05
896.0 1.671346437984167e-10
897.0 1.671346437984167e-10
898.0 1.671346437984167e-10
