lsstCam/transmission_filter_detector/r02_s10/z_20/19700101T000000.ecsv
# %ECSV 1.0
# ---
# datatype:
# - {name: wavelength, unit: nm, datatype: float32}
# - {name: efficiency, unit: '%', datatype: float64}
# meta: !!omap
# - {MODE: DETECTOR}
# - {TYPE: transmission_filter_detector}
# - {CALIBDATE: '1970-01-01T00:00:00'}
# - {INSTRUME: LSSTCam}
# - {OBSTYPE: transmission_filter_detector}
# - {CALIBCLS: lsst.ip.isr.IntermediateFilterDetectorTransmissionCurve}
# - {SOURCE: Materion (DM-46256)}
# - {DETECTOR: 12}
# - {FILTER: z_20}
# - {CALIB_ID: 'calibDate=1970-01-01T00:00:00 filter=z_20 detector=12'}
# - {DATE: '2025-04-02T15:59:48.689981'}
# - {CALIB_CREATION_DATE: '2025-04-02'}
# - {CALIB_CREATION_TIME: '15:59:48'}
# - __serialized_columns__:
#     efficiency:
#       __class__: astropy.units.quantity.Quantity
#       unit: !astropy.units.Unit {unit: '%'}
#       value: !astropy.table.SerializedColumn {name: efficiency}
#     wavelength:
#       __class__: astropy.units.quantity.Quantity
#       unit: !astropy.units.Unit {unit: nm}
#       value: !astropy.table.SerializedColumn {name: wavelength}
# schema: astropy-2.0
wavelength efficiency
[from data line 598]
898.0 98.77697229385376
899.0 98.45351576805115
900.0 98.67448806762695
901.0 99.16296005249023
902.0 99.33865666389465
903.0 98.39786887168884
904.0 97.59228229522705
905.0 98.47705364227295
906.0 98.14934730529785
907.0 99.08536672592163
908.0 98.06787371635437
909.0 97.91690111160278
910.0 98.21716547012329
911.0 96.88267111778259
912.0 95.87928652763367
913.0 94.74698305130005
914.0 92.6897644996643
915.0 89.91381525993347
916.0 88.06574940681458
917.0 86.37799620628357
918.0 82.89648294448853
919.0 81.5653383731842
920.0 78.93242239952087
921.0 75.06380081176758
922.0 70.37950158119202
923.0 64.50045704841614
924.0 59.28729772567749
925.0 53.624844551086426
926.0 47.40874767303467
927.0 40.361276268959045
928.0 34.435561299324036
929.0 28.121310472488403
930.0 22.503580152988434
931.0 17.456313967704773
932.0 11.941703408956528
933.0 7.945512980222702
934.0 4.884712398052216
935.0 3.0585704371333122
936.0 1.8054302781820297
937.0 0.9974817745387554
938.0 0.6753555499017239
939.0 0.34848391078412533
940.0 0.16634267522022128
941.0 1.6459279685715478e-10
942.0 0.19365500193089247
943.0 1.6459279685715478e-10
944.0 1.6459279685715478e-10
945.0 0.14359528431668878
946.0 0.18336380599066615
947.0 0.0068112822191324085
948.0 1.6459279685715478e-10
949.0 1.6459279685715478e-10
950.0 0.052095018327236176
951.0 0.03953786799684167
952.0 0.06344285793602467
953.0 1.6459279685715478e-10
954.0 0.025634359917603433
955.0 1.6459279685715478e-10
956.0 0.009948773367796093
957.0 1.6459279685715478e-10
958.0 1.6459279685715478e-10
959.0 1.6459279685715478e-10
960.0 1.6459279685715478e-10
961.0 1.6459279685715478e-10
962.0 1.6459279685715478e-10
963.0 0.0017680387827567756
964.0 0.03039575240109116
965.0 0.01580304087838158
966.0 1.6459279685715478e-10
967.0 1.6459279685715478e-10
968.0 0.10174739873036742
969.0 1.6459279685715478e-10
970.0 1.6459279685715478e-10
971.0 0.012463444727472961
972.0 1.6459279685715478e-10
973.0 0.013317273987922817
974.0 1.6459279685715478e-10
975.0 1.6459279685715478e-10
976.0 0.006349312752718106
977.0 0.006318385567283258
978.0 0.0062874612922314554
979.0 0.00603684238740243
980.0 0.005786222027381882
981.0 0.0056463031796738505
982.0 0.00550638505956158
983.0 0.005433920159703121
984.0 0.0053614556236425415
985.0 0.005178176434128545
986.0 0.004994896153220907
987.0 0.00498828521813266
988.0 0.004981674283044413
989.0 0.004819694731850177
990.0 0.004657715180655941
991.0 0.004768507642438635
992.0 0.004879300104221329
993.0 0.004854130020248704
994.0 0.004828959208680317
995.0 0.004782753239851445
996.0 0.004736547271022573
997.0 0.004537027416517958
998.0 0.004337507925811224
999.0 0.004303177047404461
1000.0 0.004268845805199817
1001.0 0.004489109414862469
1002.0 0.004709373024525121
1003.0 0.00456369889434427
1004.0 0.0044180251279613
1005.0 0.004281766450731084
1006.0 0.004145508137298748
1007.0 0.004210052793496288
1008.0 0.004274597449693829
1009.0 0.004396961230668239
1010.0 0.00451932501164265
1011.0 0.004519849608186632
1012.0 0.004520374204730615
1013.0 0.004414471550262533
1014.0 0.004308568895794451
1015.0 0.004417774835019372
1016.0 0.004526980410446413
1017.0 0.004820478352485225
1018.0 0.005113977022119798
1019.0 0.004865893424721435
1020.0 0.004617810191120952
1021.0 0.004653000723919831
1022.0 0.00468819125671871
1023.0 0.00452156673418358
1024.0 0.004354941484052688
1025.0 0.004609591269399971
1026.0 0.004864241054747254
1027.0 0.004773207547259517
1028.0 0.00468217403977178
1029.0 0.004657982208300382
1030.0 0.004633790740626864
1031.0 0.004672467548516579
1032.0 0.004711144356406294
1033.0 0.004839410757995211
1034.0 0.004967677523382008
1035.0 0.005006307765142992
1036.0 0.005044938370701857
1037.0 0.005285189035930671
1038.0 0.005525439337361604
1039.0 0.005376654371502809
1040.0 0.005227869041846134
1041.0 0.005689404861186631
1042.0 0.006150941044325009
1043.0 0.005549806883209385
1044.0 0.004948672722093761
1045.0 0.005767008406110108
1046.0 0.006585343362530693
1047.0 0.006290124292718247
1048.0 0.005994903403916396
1049.0 0.006045433838153258
1050.0 0.00609596427239012
1051.0 0.006386833410942927
1052.0 0.006677704368485138
1053.0 0.006780402327422053
1054.0 0.006883100286358967
1055.0 0.007549863948952407
1056.0 0.008216627611545846
1057.0 0.00789650875958614
1058.0 0.007576389907626435
1059.0 0.00774706422816962
1060.0 0.007917737821117043
1061.0 0.008528021135134622
1062.0 0.009138305904343724
1063.0 0.009192078869091347
1064.0 0.009245852561434731
1065.0 0.009275996853830293
1066.0 0.0093061440566089
1067.0 0.009427582699572667
1068.0 0.00954902425291948
1069.0 0.010263502917950973
1070.0 0.010977983038173988
1071.0 0.010726506297942251
1072.0 0.010475029557710513
1073.0 0.010556448978604749
1074.0 0.010637867671903223
1075.0 0.01155138888861984
1076.0 0.012464914470911026
1077.0 0.012363902351353317
1078.0 0.012262891686987132
1079.0 0.012996981968171895
1080.0 0.013731072249356657
1081.0 0.014055291831027716
1082.0 0.014379515778273344
1083.0 0.014019871014170349
1084.0 0.01366022479487583
1085.0 0.01413048739777878
1086.0 0.014600751455873251
1087.0 0.014740480401087552
1088.0 0.014880210801493376
1089.0 0.016218806558754295
1090.0 0.017557403771206737
1091.0 0.017728228704072535
1092.0 0.017899049271363765
1093.0 0.017289392417296767
1094.0 0.016679732652846724
1095.0 0.018626597011461854
1096.0 0.020573462825268507
1097.0 0.020551966736093163
1098.0 0.02053047064691782
1099.0 0.022570020519196987
1100.0 0.02460956748109311
1101.0 0.024404478608630598
1102.0 0.024199385370593518
1103.0 0.025778610142879188
1104.0 0.027357827639207244
1105.0 0.026987033197656274
1106.0 0.026616235845722258
1107.0 0.02799856010824442
1108.0 0.02938088437076658
1109.0 0.03069755621254444
1110.0 0.0320142280543223
1111.0 0.031583671807311475
1112.0 0.031153118470683694
1113.0 0.033082885784097016
1114.0 0.035012656007893384
1115.0 0.0335247372277081
1116.0 0.03203682426828891
1117.0 0.03269597364123911
1118.0 0.03335512592457235
1119.0 0.03687526332214475
1120.0 0.040395400719717145
1121.0 0.04150597669649869
1122.0 0.04261655267328024
1123.0 0.04317188577260822
1124.0 0.04372722178231925
1125.0 0.044491770677268505
1126.0 0.04525631957221776
1127.0 0.04791152023244649
1128.0 0.050566717982292175
1129.0 0.05557248368859291
1130.0 0.060578243574127555
1131.0 0.06035041296854615
1132.0 0.06012257072143257
1133.0 0.06289771990850568
1134.0 0.06567285745404661
1135.0 0.06346587906591594
1136.0 0.061258894857019186
1137.0 0.06875827675685287
1138.0 0.07625766447745264
1139.0 0.080568075645715
1140.0 0.08487844606861472
1141.0 0.0921932514756918
1142.0 0.0995080335997045
1143.0 0.12287745485082269
1144.0 0.14624684117734432
1145.0 0.28642555698752403
1146.0 0.4266043193638325
1147.0 0.9024539962410927
1148.0 1.3783037662506104
1149.0 1.5706107020378113
1150.0 1.7629189416766167
