lsstCam/transmission_filter_detector/r02_s10/z_20/19700101T000000.ecsv
# %ECSV 1.0
# ---
# datatype:
# - {name: wavelength, unit: nm, datatype: float32}
# - {name: efficiency, unit: '%', datatype: float64}
# meta: !!omap
# - {MODE: DETECTOR}
# - {TYPE: transmission_filter_detector}
# - {CALIBDATE: '1970-01-01T00:00:00'}
# - {INSTRUME: LSSTCam}
# - {OBSTYPE: transmission_filter_detector}
# - {CALIBCLS: lsst.ip.isr.IntermediateFilterDetectorTransmissionCurve}
# - {SOURCE: Materion (DM-46256)}
# - {DETECTOR: 12}
# - {FILTER: z_20}
# - {CALIB_ID: 'calibDate=1970-01-01T00:00:00 filter=z_20 detector=12'}
# - {DATE: '2025-04-02T15:59:48.689981'}
# - {CALIB_CREATION_DATE: '2025-04-02'}
# - {CALIB_CREATION_TIME: '15:59:48'}
# - __serialized_columns__:
#     efficiency:
#       __class__: astropy.units.quantity.Quantity
#       unit: !astropy.units.Unit {unit: '%'}
#       value: !astropy.table.SerializedColumn {name: efficiency}
#     wavelength:
#       __class__: astropy.units.quantity.Quantity
#       unit: !astropy.units.Unit {unit: nm}
#       value: !astropy.table.SerializedColumn {name: wavelength}
# schema: astropy-2.0
wavelength efficiency
300.0 0.8723238483071327
301.0 0.5878383759409189
302.0 0.30335295014083385
303.0 0.2950039692223072
304.0 0.28665498830378056
305.0 0.24283146485686302
306.0 0.19900791812688112
307.0 0.1821574056521058
308.0 0.1653068931773305
309.0 0.14595829416066408
310.0 0.1266096835024655
311.0 0.12798490934073925
312.0 0.12936015846207738
313.0 0.11321604251861572
314.0 0.09707194985821843
315.0 0.09648456471040845
316.0 0.09589716792106628
317.0 0.07973844185471535
318.0 0.0635797274298966
319.0 0.06372839561663568
320.0 0.06387705216184258
321.0 0.0630664057098329
322.0 0.06225575925782323
323.0 0.0544064911082387
324.0 0.0465572316898033
325.0 0.04343726031947881
326.0 0.04031729185953736
327.0 0.03969187382608652
328.0 0.039066458703018725
329.0 0.03439679858274758
330.0 0.029727141372859478
331.0 0.027097086422145367
332.0 0.024467031471431255
333.0 0.023438905191142112
334.0 0.022410773090086877
335.0 0.021223466319497675
336.0 0.020036159548908472
337.0 0.02406041749054566
338.0 0.028084669611416757
339.0 0.02413419133517891
340.0 0.020183718879707158
341.0 0.017077305528800935
342.0 0.013970893633086234
343.0 0.013783603208139539
344.0 0.013596315693575889
345.0 0.012750987662002444
346.0 0.011905656720045954
347.0 0.011389485007384792
348.0 0.010873315477510914
349.0 0.013438785390462726
350.0 0.016004257486201823
351.0 0.013276960817165673
352.0 0.010549658327363431
353.0 0.01108715878217481
354.0 0.011624659964581951
355.0 0.010065396054415032
356.0 0.008506132871843874
357.0 0.009473417594563216
358.0 0.010440705227665603
359.0 0.010163609840674326
360.0 0.009886512998491526
361.0 0.008927602175390348
362.0 0.007968693535076454
363.0 0.009179463813779876
364.0 0.010390234092483297
365.0 0.010111124720424414
366.0 0.009832018258748576
367.0 0.008594035898568109
368.0 0.00735605281079188
369.0 0.007799540617270395
370.0 0.00824302842374891
371.0 0.00826383475214243
372.0 0.008284642535727471
373.0 0.007203269342426211
374.0 0.006121897604316473
375.0 0.006426619802368805
376.0 0.006731342000421137
377.0 0.007077764894347638
378.0 0.007424185605486855
379.0 0.006245541590033099
380.0 0.005066896483185701
381.0 0.0031922543712425977
382.0 0.0013176128959457856
383.0 0.0035254968679510057
384.0 0.005733380749006756
385.0 0.0055194468586705625
386.0 0.005305512968334369
387.0 0.005926597077632323
388.0 0.006547681550728157
389.0 0.005768310802523047
390.0 0.004988941509509459
391.0 0.0046764387661824
392.0 0.0043639360228553414
393.0 0.004821565380552784
394.0 0.0052791951020481065
395.0 0.004345105480751954
396.0 0.003411015495657921
397.0 0.0035954239137936383
398.0 0.003779832331929356
399.0 0.003993256905232556
400.0 0.004206681114737876
401.0 0.004651633935282007
402.0 0.005096586755826138
403.0 0.005131830766913481
404.0 0.005167075505596586
405.0 0.004225958400638774
406.0 0.003284841659478843
407.0 0.0018384469512966461
408.0 0.00039205283428600524
409.0 0.0018572578483144753
410.0 0.0033224630897166207
411.0 0.003932369872927666
412.0 0.004542276656138711
413.0 0.0044096632336732
414.0 0.004277049083611928
415.0 0.003492598989396356
416.0 0.0027081494408776052
417.0 0.003721550092450343
418.0 0.004734951289719902
419.0 0.004297088526072912
420.0 0.003859225762425922
421.0 0.003796570672420785
422.0 0.0037339159462135285
423.0 0.003595153975766152
424.0 0.003456392732914537
425.0 0.002584334106359165
426.0 0.0017122754798037931
427.0 0.0018810616893460974
428.0 0.002049848080787342
429.0 0.001278421132155927
430.0 0.0005069945473223925
431.0 0.0006981755177548621
432.0 0.0008893562153389212
433.0 0.0007205110250652069
434.0 0.0005516659712156979
435.0 0.0011706805707945023
436.0 0.0017896954886964522
437.0 0.0019257558960816823
438.0 0.002061816667264793
439.0 0.00213958956010174
440.0 0.0022173626348376274
441.0 0.0016128913557622582
442.0 0.0010084207133331802
443.0 0.0022167829229147173
444.0 0.0034251450415467843
445.0 0.003341017145430669
446.0 0.0032568896131124347
447.0 0.002628680522320792
448.0 0.002000471249630209
449.0 0.0026524183340370655
450.0 0.003304365964140743
451.0 0.0026069305022247136
452.0 0.0019094948584097438
453.0 0.001731315023789648
454.0 0.0015531351891695522
455.0 0.00228147237066878
456.0 0.0030098099159658886
457.0 0.002243109338451177
458.0 0.0014764091247343458
459.0 0.0015300716768251732
460.0 0.001583734410814941
461.0 0.0007328849733312381
462.0 1.6459279685715478e-10
463.0 0.0009288759429182392
464.0 0.001975716440938413
465.0 0.0022546375475940295
466.0 0.0025335586542496458
467.0 0.0021608046154142357
468.0 0.0017880500308820046
469.0 0.001615757901163306
470.0 0.001443465498596197
471.0 0.0013428807505988516
472.0 0.0012422962754499167
473.0 0.001260219323739875
474.0 0.0012781424629793037
475.0 0.001149930449173553
476.0 0.001021718344418332
477.0 0.0013529932402889244
478.0 0.0016842679542605765
479.0 0.0019730778149096295
480.0 0.002261887493659742
481.0 0.0017947932064998895
482.0 0.0013276989193400368
483.0 0.0008852473911247216
484.0 0.0004427958629094064
485.0 0.001276126567972824
486.0 0.002109457091137301
487.0 0.0014577914043911733
488.0 0.0008061256266955752
489.0 0.0015983318007783964
490.0 0.0023905384296085685
491.0 0.0022620452000410296
492.0 0.002133552152372431
493.0 0.0019971663277829066
494.0 0.0018607810488902032
495.0 0.0016520751159987412
496.0 0.0014433693650062196
497.0 0.001265237369807437
498.0 0.001087105647457065
499.0 0.0011950549378525466
500.0 0.0013030045010964386
501.0 0.0008377068297704682
502.0 0.0003724088855960872
503.0 0.0012188084838271607
504.0 0.0020652081730077043
505.0 0.002249838325951714
506.0 0.0024344688426936045
507.0 0.002299205334566068
508.0 0.0021639414626406506
509.0 0.0018995513528352603
510.0 0.0016351616068277508
511.0 0.0012182493264845107
512.0 0.0008013371370907407
513.0 0.0012909763427160215
514.0 0.0017806158211897127
515.0 0.0013668759493157268
516.0 0.000953136714088032
517.0 0.0009068940926226787
518.0 0.0008606514711573254
519.0 0.0010904556802415755
520.0 0.001320259616477415
521.0 0.0016899057300179265
522.0 0.002059551843558438
523.0 0.0013847977243131027
524.0 0.0007100436050677672
525.0 0.0007707236363785341
526.0 0.0008314038495882414
527.0 0.001195902586914599
528.0 0.0015604015061398968
529.0 0.0013062639482086524
530.0 0.0010521256626816466
531.0 0.0011549563168955501
532.0 0.0012577867892105132
533.0 0.0008589739081799053
534.0 0.0004601610726240324
535.0 0.0010953823220916092
536.0 0.0017306034351349808
537.0 0.0016701775166438892
538.0 0.0016097514162538573
539.0 0.001179316586785717
540.0 0.0007488814389944309
541.0 0.0007755386832286604
542.0 0.0008021961548365653
543.0 0.0011937051567656454
544.0 0.0015852141586947255
545.0 0.0010586397365841549
546.0 0.0005320656327967299
547.0 0.0011880505553563125
548.0 0.0018440350686432794
549.0 0.0016464995496789925
550.0 0.0014489640307147056
551.0 0.001491904640715802
552.0 0.0015348450688179582
553.0 0.0013217378182162065
554.0 0.0011086305676144548
555.0 0.0010317426131223328
556.0 0.0009548549314786214
557.0 0.001317183250648668
558.0 0.0016795114788692445
559.0 0.0017433181710657664
560.0 0.0018071243175654672
561.0 0.0015887633708189242
562.0 0.0013704021512239706
563.0 0.0011512679520819802
564.0 0.00093213384388946
565.0 0.0017028842194122262
566.0 0.002473635322530754
567.0 0.002830309313139878
568.0 0.003186982939951122
569.0 0.0029992212148499675
570.0 0.002811459307849873
571.0 0.0026561343474895693
572.0 0.0025008088414324448
573.0 0.0020237315766280517
574.0 0.001546654493722599
575.0 0.002002517976507079
576.0 0.0024583814592915587
577.0 0.002006438262469601
578.0 0.0015544954294455238
579.0 0.0017569363990332931
580.0 0.0019593768229242414
581.0 0.0016729822164052166
582.0 0.0013865874279872514
583.0 0.0018830223780241795
584.0 0.002379457509960048
585.0 0.0025440331228310242
586.0 0.00270860855380306
587.0 0.002076503005810082
588.0 0.0014443969121202826
589.0 0.002072255483653862
590.0 0.002700114418985322
591.0 0.0018791057300404646
592.0 0.001058097041095607
593.0 0.0008128273293550592
594.0 0.0005675575266650412
595.0 0.0009929335647029802
596.0 0.0014183093298925087
597.0 0.0013513850717572495
598.0 0.0012844607226725202
599.0 0.0009347057130071335
600.0 0.0005849509761901572
601.0 0.0005092123046779307
602.0 0.0004334735422162339
603.0 0.0008972676369012333
604.0 0.001361061276838882
605.0 0.0007986386663105804
606.0 0.00023621571472176583
607.0 0.0006968808065721532
608.0 0.0011575459211599082
609.0 0.0011944881407544017
610.0 0.0012314300875004847
611.0 0.0010056839528260753
612.0 0.0007799374543537851
613.0 0.0007831018592696637
614.0 0.0007862663551350124
615.0 0.0012371376215014607
616.0 0.0016880092516657896
617.0 0.0021734595065936446
618.0 0.0026589095796225592
619.0 0.0021990683308104053
620.0 0.0017392267182003707
621.0 0.0015217718100757338
622.0 0.001304316447203746
623.0 0.001645109659875743
624.0 0.0019859029634972103
625.0 0.0017609585484024137
626.0 0.0015360141333076172
627.0 0.001892073851195164
628.0 0.0022481342966784723
629.0 0.002054260221484583
630.0 0.0018603863281896338
631.0 0.0016658719687256962
632.0 0.001471357791160699
633.0 0.001807595617719926
634.0 0.0021438336261780933
635.0 0.0050993392505915835
636.0 0.008054843783611432
637.0 0.01541574310977012
638.0 0.022776643163524568
639.0 0.019874236022587866
640.0 0.016971825971268117
641.0 0.014660344459116459
642.0 0.012348865857347846
643.0 0.009868498455034569
644.0 0.007388132507912815
645.0 0.006724928971379995
646.0 0.006061725071049295
647.0 0.005518221951206215
648.0 0.004974718467565253
649.0 0.004054877354064956
650.0 0.0031350369681604207
651.0 0.0035745120840147138
652.0 0.004013986836071126
653.0 0.003278042277088389
654.0 0.0025420971724088304
655.0 0.002819943620124832
656.0 0.003097790977335535
657.0 0.0029768101740046404
658.0 0.002855829006875865
659.0 0.00268110707111191
660.0 0.002506385681044776
661.0 0.002708310421439819
662.0 0.0029102347980369814
663.0 0.0019867393348249607
664.0 0.0010632440535118803
665.0 0.001610921390238218
666.0 0.002158598908863496
667.0 0.002417182804492768
668.0 0.00267576688202098
669.0 0.0019802222595899366
670.0 0.0012846778190578334
671.0 0.0010114566066476982
672.0 0.0007382353487628279
673.0 0.0013425637916952837
674.0 0.0019468923710519448
675.0 0.0020717719962703995
676.0 0.0021966510757920332
677.0 0.001985783819691278
678.0 0.0017749160178937018
679.0 0.0014313684914668556
680.0 0.0010878207831410691
681.0 0.0012217995390528813
682.0 0.0013557782949646935
683.0 0.002436896465951577
684.0 0.003518015000736341
685.0 0.002894884892157279
686.0 0.002271755329275038
687.0 0.001677875843597576
688.0 0.001083996357920114
689.0 0.0014773246221011505
690.0 0.0018706527043832466
691.0 0.0021834535800735466
692.0 0.002496254091965966
693.0 0.0028299535188125446
694.0 0.0031636529456591234
695.0 0.0032777537853689864
696.0 0.003391854261280969
697.0 0.003656460830825381
698.0 0.003921067764167674
699.0 0.005771777068730444
700.0 0.007622486009495333
701.0 0.007190209726104513
702.0 0.006757932715117931
703.0 0.0062199200328905135
704.0 0.005681906623067334
705.0 0.005120900459587574
706.0 0.004559894296107814
707.0 0.004327406713855453
708.0 0.0040949184040073305
709.0 0.004249073754181154
710.0 0.004403229104354978
711.0 0.003935732456739061
712.0 0.0034682361729210243
713.0 0.002522077011235524
714.0 0.0015759178495500237
715.0 0.002255869549117051
716.0 0.002935821066785138
717.0 0.002526081880205311
718.0 0.002116342329827603
719.0 0.001669547418714501
720.0 0.001222752507601399
721.0 0.0011550648196134716
722.0 0.0010873766768781934
723.0 0.000992511286312947
724.0 0.0008976458047982305
725.0 0.0012643999070860445
726.0 0.001631154191272799
727.0 0.00175874047272373
728.0 0.0018863265722757205
729.0 0.0018423623259877786
730.0 0.001798397715901956
731.0 0.0013751765436609276
732.0 0.0009519554623693693
733.0 0.0009480369953962509
734.0 0.0009441182555747218
735.0 0.0010112237760040443
736.0 0.001078328841686016
737.0 0.0013176883840060327
738.0 0.001557047653477639
739.0 0.0012363854693830945
740.0 0.00091572328528855
741.0 0.001080974379874533
742.0 0.001246225383511046
743.0 0.0016515519746462815
744.0 0.0020568782929331064
745.0 0.001329487804468954
746.0 0.0006020973160048015
747.0 0.0011349035958119202
748.0 0.001667709875619039
749.0 0.0023102986233425327
750.0 0.002952887189167086
751.0 0.002933992618636694
752.0 0.0029150980481063016
753.0 0.0028756081519532017
754.0 0.0028361184376990423
755.0 0.0018794680727296509
756.0 0.0009228176168107893
757.0 0.001954947947524488
758.0 0.002987078551086597
759.0 0.002747911275946535
760.0 0.002508743818907533
761.0 0.0044185380829731
762.0 0.006328333256533369
763.0 0.005770079224021174
764.0 0.005211825555306859
765.0 0.0052614210289902985
766.0 0.00531101759406738
767.0 0.004529103898676112
768.0 0.0037471894756890833
769.0 0.0034136530302930623
770.0 0.0030801176762906834
771.0 0.00395967872464098
772.0 0.004839240136789158
773.0 0.003969975659856573
774.0 0.0031007111829239875
775.0 0.011639211152214557
776.0 0.09562918567098677
777.0 0.030448348843492568
778.0 0.07091207662597299
779.0 0.052493298426270485
780.0 1.6459279685715478e-10
781.0 0.014026158896740526
782.0 0.021214653679635376
783.0 1.6459279685715478e-10
784.0 1.6459279685715478e-10
785.0 1.6459279685715478e-10
786.0 1.6459279685715478e-10
787.0 1.6459279685715478e-10
788.0 0.02806910779327154
789.0 0.0900097656995058
790.0 1.6459279685715478e-10
791.0 0.04186387814115733
792.0 0.010637088416842744
793.0 0.1149666029959917
794.0 0.01986374845728278
795.0 1.6459279685715478e-10
796.0 0.15024651074782014
797.0 0.0412618595873937
798.0 0.19184593111276627
799.0 0.25870262179523706
800.0 0.34639996010810137
801.0 0.3864236641675234
802.0 0.9124685078859329
803.0 1.5385319478809834
804.0 2.557552047073841
805.0 3.7190623581409454
806.0 5.426476150751114
807.0 7.727617025375366
808.0 10.172924399375916
809.0 13.23315054178238
810.0 16.44199788570404
811.0 19.60221230983734
812.0 22.394485771656036
813.0 25.792446732521057
814.0 29.66873049736023
815.0 34.91218090057373
816.0 40.134525299072266
817.0 46.31869196891785
818.0 52.61881947517395
819.0 59.12957191467285
820.0 66.89644455909729
821.0 74.16583299636841
822.0 80.1763117313385
823.0 84.65577960014343
824.0 89.35551047325134
825.0 92.8314208984375
826.0 95.85772156715393
827.0 97.17876315116882
828.0 98.60625863075256
829.0 99.02285933494568
830.0 98.55208396911621
831.0 98.80526065826416
832.0 98.59234690666199
833.0 99.34425950050354
834.0 98.29385280609131
835.0 99.41860437393188
836.0 99.16539192199707
837.0 98.73669743537903
838.0 98.0065107345581
839.0 98.3679473400116
840.0 98.74095916748047
841.0 99.40009117126465
842.0 99.43417310714722
843.0 99.61755871772766
844.0 98.18032383918762
845.0 98.42584133148193
846.0 98.67507219314575
847.0 98.68603944778442
848.0 99.5174765586853
849.0 98.51936101913452
850.0 98.04855585098267
851.0 99.1784393787384
852.0 99.26432371139526
853.0 98.31578135490417
854.0 99.99867677688599
855.0 98.38677644729614
856.0 98.70527386665344
857.0 98.00245761871338
858.0 98.28574061393738
859.0 99.12766814231873
860.0 98.61159920692444
861.0 98.88150691986084
862.0 99.16616678237915
863.0 98.26545119285583
864.0 99.49328303337097
865.0 99.56548810005188
866.0 98.89801740646362
867.0 99.27445650100708
868.0 99.7011125087738
869.0 98.64488244056702
870.0 98.09854030609131
871.0 98.77886772155762
872.0 99.18169379234314
873.0 99.50652122497559
874.0 99.84185099601746
875.0 99.19394850730896
876.0 99.18485879898071
877.0 99.34296011924744
878.0 98.8886833190918
879.0 98.45641255378723
880.0 98.31200242042542
881.0 99.98909831047058
882.0 98.88123273849487
883.0 98.67961406707764
884.0 98.95732998847961
885.0 98.77098202705383
886.0 98.94479513168335
887.0 98.05793166160583
888.0 98.93260598182678
889.0 99.41956400871277
890.0 98.5034704208374
891.0 99.57118630409241
892.0 98.73195886611938
893.0 98.44381809234619
894.0 97.75599241256714
895.0 99.38403367996216
896.0 99.0358293056488
