lsstCam/transmission_filter_detector/r32_s11/u_24/19700101T000000.ecsv
# %ECSV 1.0
# ---
# datatype:
# - {name: wavelength, unit: nm, datatype: float32}
# - {name: efficiency, unit: '%', datatype: float64}
# meta: !!omap
# - {MODE: DETECTOR}
# - {TYPE: transmission_filter_detector}
# - {CALIBDATE: '1970-01-01T00:00:00'}
# - {INSTRUME: LSSTCam}
# - {OBSTYPE: transmission_filter_detector}
# - {CALIBCLS: lsst.ip.isr.IntermediateFilterDetectorTransmissionCurve}
# - {SOURCE: Materion (DM-46256)}
# - {DETECTOR: 139}
# - {FILTER: u_24}
# - {CALIB_ID: 'calibDate=1970-01-01T00:00:00 filter=u_24 detector=139'}
# - {DATE: '2025-04-02T15:59:40.394111'}
# - {CALIB_CREATION_DATE: '2025-04-02'}
# - {CALIB_CREATION_TIME: '15:59:40'}
# - __serialized_columns__:
#     efficiency:
#       __class__: astropy.units.quantity.Quantity
#       unit: !astropy.units.Unit {unit: '%'}
#       value: !astropy.table.SerializedColumn {name: efficiency}
#     wavelength:
#       __class__: astropy.units.quantity.Quantity
#       unit: !astropy.units.Unit {unit: nm}
#       value: !astropy.table.SerializedColumn {name: wavelength}
# schema: astropy-2.0
wavelength efficiency
295.0 1.5748279416638589e-10
296.0 1.5748279416638589e-10
297.0 0.1556128147058189
298.0 1.5748279416638589e-10
299.0 0.14974738005548716
300.0 1.5748279416638589e-10
301.0 1.5748279416638589e-10
302.0 0.07582904072478414
303.0 1.5748279416638589e-10
304.0 1.5748279416638589e-10
305.0 0.5657862406224012
306.0 1.3799887150526047
307.0 2.6543959975242615
308.0 4.55852672457695
309.0 7.371241599321365
310.0 10.365508496761322
311.0 14.01582956314087
312.0 17.87445992231369
313.0 21.269525587558746
314.0 23.93057644367218
315.0 26.6701340675354
316.0 28.682026267051697
317.0 31.13456964492798
318.0 33.669328689575195
319.0 36.92600131034851
320.0 41.84105694293976
321.0 46.880051493644714
322.0 52.828145027160645
323.0 58.47771763801575
324.0 63.35696578025818
325.0 66.95325970649719
326.0 69.42968964576721
327.0 71.34523391723633
328.0 73.285311460495
329.0 74.71765279769897
330.0 76.08943581581116
331.0 77.12945938110352
332.0 77.57070064544678
333.0 77.79240012168884
334.0 77.58445739746094
335.0 77.7742087841034
336.0 77.82958745956421
337.0 78.22263240814209
338.0 79.12919521331787
339.0 79.73894476890564
340.0 80.27041554450989
341.0 80.72032332420349
342.0 81.0026466846466
343.0 81.01263642311096
344.0 81.17852807044983
345.0 81.46620392799377
346.0 81.70009851455688
347.0 82.00299739837646
348.0 82.36216306686401
349.0 82.5552761554718
350.0 82.5656533241272
351.0 82.83427357673645
352.0 82.66051411628723
353.0 82.62112140655518
354.0 82.53653645515442
355.0 82.7259361743927
356.0 82.97628164291382
357.0 82.80203342437744
358.0 82.52394795417786
359.0 82.26402401924133
360.0 82.28240013122559
361.0 82.10995197296143
362.0 81.99166655540466
363.0 82.09000825881958
364.0 82.21054077148438
365.0 82.36644864082336
366.0 82.46340155601501
367.0 82.59913325309753
368.0 82.45282173156738
369.0 82.43968486785889
370.0 82.13240504264832
371.0 81.86124563217163
372.0 81.79314732551575
373.0 81.9311797618866
374.0 81.90365433692932
375.0 82.23603963851929
376.0 82.31030106544495
377.0 82.35650062561035
378.0 82.41177797317505
379.0 82.19339847564697
380.0 81.56806826591492
381.0 80.42782545089722
382.0 78.72767448425293
383.0 76.79601311683655
384.0 74.69671368598938
385.0 72.38833904266357
386.0 69.95419263839722
387.0 66.82230234146118
388.0 63.704103231430054
389.0 59.926944971084595
390.0 56.09546899795532
391.0 51.9089937210083
392.0 47.513073682785034
393.0 43.575724959373474
394.0 40.31505882740021
395.0 37.06904351711273
396.0 33.788833022117615
397.0 29.65213656425476
398.0 24.813632667064667
399.0 18.6302050948143
400.0 12.431774288415909
401.0 7.429230213165283
402.0 3.648749738931656
403.0 1.3363631442189217
404.0 0.3919652197510004
405.0 0.1413460704497993
406.0 0.03968208911828697
407.0 0.06079796003177762
408.0 0.01129280572058633
409.0 0.01029055638355203
410.0 1.5748279416638589e-10
411.0 1.5748279416638589e-10
412.0 1.5748279416638589e-10
413.0 1.5748279416638589e-10
414.0 1.5748279416638589e-10
415.0 1.5748279416638589e-10
416.0 1.5748279416638589e-10
417.0 1.5748279416638589e-10
418.0 1.5748279416638589e-10
419.0 1.5748279416638589e-10
420.0 1.5748279416638589e-10
421.0 1.5748279416638589e-10
422.0 1.5748279416638589e-10
423.0 1.5748279416638589e-10
424.0 1.5748279416638589e-10
425.0 1.5748279416638589e-10
426.0 0.0017278091036132537
427.0 0.0009020965080708265
428.0 7.638441843482724e-05
429.0 2.114746990855565e-05
430.0 1.5748279416638589e-10
431.0 1.5748279416638589e-10
432.0 1.5748279416638589e-10
433.0 1.5748279416638589e-10
434.0 1.5748279416638589e-10
435.0 1.5748279416638589e-10
436.0 1.5748279416638589e-10
437.0 1.5748279416638589e-10
438.0 1.5748279416638589e-10
439.0 5.828400162499747e-05
440.0 0.0006257116183405742
441.0 1.5748279416638589e-10
442.0 1.5748279416638589e-10
443.0 1.5748279416638589e-10
444.0 1.5748279416638589e-10
445.0 1.5748279416638589e-10
446.0 1.5748279416638589e-10
447.0 1.5748279416638589e-10
448.0 1.5748279416638589e-10
449.0 1.5748279416638589e-10
450.0 1.5748279416638589e-10
451.0 1.5748279416638589e-10
452.0 1.5748279416638589e-10
453.0 1.5748279416638589e-10
454.0 1.5748279416638589e-10
455.0 8.156320632224379e-05
456.0 0.00033402657209080644
457.0 9.975311741072801e-05
458.0 1.5748279416638589e-10
459.0 1.5748279416638589e-10
460.0 1.5748279416638589e-10
461.0 1.5748279416638589e-10
462.0 1.5748279416638589e-10
463.0 1.5748279416638589e-10
464.0 0.0003062873247472453
465.0 1.5748279416638589e-10
466.0 1.5748279416638589e-10
467.0 1.5748279416638589e-10
468.0 1.5748279416638589e-10
469.0 0.00019113297184958356
470.0 0.00040560548768553417
471.0 0.000441450583821279
472.0 0.00047729554353281856
473.0 1.5748279416638589e-10
474.0 1.5748279416638589e-10
475.0 1.5748279416638589e-10
476.0 1.5748279416638589e-10
477.0 1.5748279416638589e-10
478.0 1.5748279416638589e-10
479.0 1.5748279416638589e-10
480.0 1.5748279416638589e-10
481.0 1.5748279416638589e-10
482.0 1.5748279416638589e-10
483.0 1.5748279416638589e-10
484.0 1.500244053431743e-05
485.0 1.5748279416638589e-10
486.0 1.5748279416638589e-10
487.0 1.5748279416638589e-10
488.0 1.5748279416638589e-10
489.0 1.5748279416638589e-10
490.0 1.5748279416638589e-10
491.0 1.5748279416638589e-10
492.0 1.5748279416638589e-10
493.0 1.5748279416638589e-10
494.0 1.5748279416638589e-10
495.0 1.5748279416638589e-10
496.0 1.5748279416638589e-10
497.0 1.5748279416638589e-10
498.0 1.5748279416638589e-10
499.0 1.5748279416638589e-10
500.0 1.5748279416638589e-10
501.0 1.5748279416638589e-10
502.0 1.5748279416638589e-10
503.0 1.5748279416638589e-10
504.0 1.5748279416638589e-10
505.0 1.5748279416638589e-10
506.0 1.5748279416638589e-10
507.0 1.5748279416638589e-10
508.0 3.9066661017272963e-07
509.0 1.5748279416638589e-10
510.0 1.5748279416638589e-10
511.0 1.5748279416638589e-10
512.0 7.810377837813576e-05
513.0 0.00015832746385058272
514.0 0.0002385511379543459
515.0 1.590990876820797e-05
516.0 1.5748279416638589e-10
517.0 1.5748279416638589e-10
518.0 1.5748279416638589e-10
519.0 1.5748279416638589e-10
520.0 1.5748279416638589e-10
521.0 1.5748279416638589e-10
522.0 1.5748279416638589e-10
523.0 1.5748279416638589e-10
524.0 1.5748279416638589e-10
525.0 1.5748279416638589e-10
526.0 1.5748279416638589e-10
527.0 1.5748279416638589e-10
528.0 1.5748279416638589e-10
529.0 1.5748279416638589e-10
530.0 1.5748279416638589e-10
531.0 1.5748279416638589e-10
532.0 1.5748279416638589e-10
533.0 0.00017356904891130398
534.0 0.0007098263267835137
535.0 0.00017898863688969868
536.0 1.5748279416638589e-10
537.0 1.5748279416638589e-10
538.0 1.5748279416638589e-10
539.0 1.5748279416638589e-10
540.0 1.5748279416638589e-10
541.0 1.5748279416638589e-10
542.0 1.5748279416638589e-10
543.0 1.5748279416638589e-10
544.0 6.524389277728915e-05
545.0 0.00020704264898085967
546.0 0.0003488413540253532
547.0 0.00023983466235222295
548.0 0.0001308279706790927
549.0 1.774863562786777e-05
550.0 1.5748279416638589e-10
551.0 1.5748279416638589e-10
552.0 1.5748279416638589e-10
553.0 1.5748279416638589e-10
554.0 1.5748279416638589e-10
555.0 1.5748279416638589e-10
556.0 1.5748279416638589e-10
557.0 1.5748279416638589e-10
558.0 2.234053795291402e-05
559.0 0.00011288145742582856
560.0 0.00020342235984571744
561.0 0.00010209728316112887
562.0 7.721007833083604e-07
563.0 1.5748279416638589e-10
564.0 1.5748279416638589e-10
565.0 1.5748279416638589e-10
566.0 1.5748279416638589e-10
567.0 1.5748279416638589e-10
568.0 4.6051857793827367e-05
569.0 0.0001362295392937085
570.0 0.0002264071781610255
571.0 0.0001809267700991768
572.0 0.0001354463506686443
573.0 0.0002685197159735253
574.0 0.00040159302443498746
575.0 0.00028545282475533895
576.0 0.00016931257960095536
577.0 5.7013113519133185e-05
578.0 1.5748279416638589e-10
579.0 0.00028368453968141694
580.0 0.0006226554887689417
581.0 0.0007381782779702917
582.0 0.0008537010216969065
583.0 0.0011441007700341288
584.0 0.0014345002455229405
585.0 0.0013603537809103727
586.0 0.0012862072253483348
587.0 0.0009136960215982981
588.0 0.0005411846814240562
589.0 0.0007510830528190127
590.0 0.0009609813787392341
591.0 0.0009398682777828071
592.0 0.0009187551768263802
593.0 0.0007095277396729216
594.0 0.0005003005298931384
595.0 0.0006253089395613642
596.0 0.0007503174401790602
597.0 0.0009589582987246104
598.0 0.0011675987479975447
599.0 0.0012746061656798702
600.0 0.0013816135833621956
601.0 0.0017178081179736182
602.0 0.0020540026525850408
603.0 0.0020129687982262112
604.0 0.0019719349438673817
605.0 0.001937131855811458
606.0 0.0019023287677555345
607.0 0.0015943985999911092
608.0 0.0012864681593782734
609.0 0.0009197274266625755
610.0 0.0005529863301489968
611.0 0.0005154664449946722
612.0 0.0004779465598403476
613.0 0.0004372931471152697
614.0 0.00039663964344072156
615.0 0.000438713777839439
616.0 0.000480787684864481
617.0 0.0005358645921660354
618.0 0.0005909413630433846
619.0 0.0005382973995438078
620.0 0.00048565343604423106
621.0 0.0004581034772854764
622.0 0.00043055351852672175
623.0 0.0004073292984685395
624.0 0.00038410507841035724
625.0 0.0005311908353178296
626.0 0.0006782766377000371
627.0 0.0007321700650209095
628.0 0.0007860636287659872
629.0 0.0007654070032003801
630.0 0.0007447503321600379
631.0 0.0010990695045620669
632.0 0.0014533887224388309
633.0 0.001948225690284744
634.0 0.0024430628400295973
635.0 0.002530982055759523
636.0 0.0026189016352873296
637.0 0.002481827868905384
638.0 0.0023447541025234386
639.0 0.0021937559722573496
640.0 0.0020427578419912606
641.0 0.00190008468052838
642.0 0.0017574111552676186
643.0 0.0013436305380309932
644.0 0.0009298499207943678
645.0 0.0005214174962020479
646.0 0.00011298510571577935
647.0 6.55731469123566e-05
648.0 1.8161222214985173e-05
649.0 1.5748279416638589e-10
650.0 1.5748279416638589e-10
651.0 0.00023405109459417872
652.0 0.0005662462626787601
653.0 0.000738418020773679
654.0 0.0009105899152928032
655.0 0.0011521965461724903
656.0 0.0013938033589511178
657.0 0.0018186077795689926
658.0 0.0022434122001868673
659.0 0.00267809573415434
660.0 0.0031127787224249914
661.0 0.0031390791264129803
662.0 0.0031653788028052077
663.0 0.0031218911317409948
664.0 0.003078403096878901
665.0 0.0024904684323701076
666.0 0.0019025337678613141
667.0 0.0018792825358104892
668.0 0.0018560313037596643
669.0 0.0014883307812851854
670.0 0.001120630531659117
671.0 0.0008603472451795824
672.0 0.0006000639587000478
673.0 0.0005969410267425701
674.0 0.0005938182312092977
675.0 0.0007085845936671831
676.0 0.0008233509106503334
677.0 0.0009196942301059607
678.0 0.001016037549561588
679.0 0.001561967292218469
680.0 0.0021078971258248203
681.0 0.0031448151275981218
682.0 0.004181732947472483
683.0 0.005452876939671114
684.0 0.006724020931869745
685.0 0.007572413596790284
686.0 0.008420807716902345
687.0 0.007967389683471993
688.0 0.007513972377637401
689.0 0.006909549119882286
690.0 0.006305126589722931
691.0 0.0053864398068981245
692.0 0.004467753024073318
693.0 0.003551111149135977
694.0 0.0026344692741986364
695.0 0.002097568903991487
696.0 0.0015606687156832777
697.0 0.0012088169569324236
698.0 0.0008569651981815696
699.0 0.0007699813977524173
700.0 0.0006829976882727351
701.0 0.0006655322977167089
702.0 0.0006480667707364773
703.0 0.00048402121137769427
704.0 0.00031997556106944103
705.0 0.0006637020760535961
706.0 0.001007428545563016
707.0 0.0009289377885579597
708.0 0.0008504470315529034
709.0 0.0008679147867951542
710.0 0.0008853826329868753
711.0 0.000693727315592696
712.0 0.0005020719072490465
713.0 0.0006151322850200813
714.0 0.0007281927537405863
715.0 0.000604178740104544
716.0 0.0004801647719432367
717.0 0.0006170528649818152
718.0 0.0007539408670709236
719.0 0.00069127731876506
720.0 0.0006286138159339316
721.0 0.0004636136054614326
722.0 0.00029861337225156603
723.0 0.00026923971745418385
724.0 0.00023986603991943412
725.0 0.00014722683090440114
726.0 5.4587593467658735e-05
727.0 2.8997931167396018e-05
728.0 3.408208471000762e-06
729.0 0.00010612066034809686
730.0 0.00020883312572550494
731.0 0.0002162159489671467
732.0 0.00022359881768352352
733.0 0.0002945313326563337
734.0 0.0003654639158412465
735.0 0.00036507576623989735
736.0 0.0003646876166385482
737.0 0.00039558262869832106
738.0 0.00042647766349546146
739.0 0.0006268486686167307
740.0 0.0008272196282632649
741.0 0.001000212250801269
742.0 0.0011732049642887432
743.0 0.0016043944924604148
744.0 0.002035583929682616
745.0 0.002381594640610274
746.0 0.0027276053515379317
747.0 0.0026959969545714557
748.0 0.0026643885576049797
749.0 0.002979851524287369
750.0 0.003295314672868699
751.0 0.0032959316740743816
752.0 0.0032965483114821836
753.0 0.0032553478376939893
754.0 0.003214147000107914
755.0 0.003073132029385306
756.0 0.0029321168767637573
757.0 0.002595338628452737
758.0 0.0022585603801417165
759.0 0.0018609140170156024
760.0 0.001463267471990548
761.0 0.001140230415330734
762.0 0.0008171933586709201
763.0 0.000485377404402243
764.0 0.00015356158655777108
765.0 0.000263930610344687
766.0 0.0003742996113942354
767.0 0.0005481137122842483
768.0 0.0007219277449621586
769.0 0.0006340801974147325
770.0 0.0005462326953420416
771.0 0.0007088437996571884
772.0 0.0008714550858712755
773.0 0.0008218385119107552
774.0 0.0007722219379502349
775.0 0.0007704657946305815
776.0 0.0007687097422603983
777.0 0.0005715547104045982
778.0 0.00037439972402353305
779.0 0.0005730372777179582
780.0 0.0007716747859376483
781.0 0.000890550381882349
782.0 0.0010094258868775796
783.0 0.0009993913408834487
784.0 0.0009893565220409073
785.0 0.0011389824067009613
786.0 0.001288608109462075
787.0 0.0011114766493847128
788.0 0.0009343451893073507
789.0 0.001005611466098344
790.0 0.001076877651939867
791.0 0.0008407871973759029
792.0 0.0006046967428119387
793.0 0.0007676090717723127
794.0 0.0009305214916821569
795.0 0.0007234340500872349
796.0 0.000516346653967048
797.0 0.00034554468584246933
798.0 0.00017474263813710422
799.0 0.0001732338432702818
800.0 0.00017172513935292955
801.0 9.668117399996845e-05
802.0 2.1637367808580166e-05
803.0 1.5748279416638589e-10
804.0 1.5748279416638589e-10
805.0 1.5748279416638589e-10
806.0 1.5748279416638589e-10
807.0 3.6533623415380134e-05
808.0 0.00022273868580668932
809.0 0.00010464208344274084
810.0 1.5748279416638589e-10
811.0 0.00012312717672102735
812.0 0.0002597090087874676
813.0 5.066530093245092e-05
814.0 1.5748279416638589e-10
815.0 8.584759143559495e-05
816.0 0.00033007358979375567
817.0 0.00022977819753577933
818.0 0.0001294829189646407
819.0 0.00010199310054304078
820.0 7.450335601788538e-05
821.0 6.403759016393451e-05
822.0 5.3571829994325526e-05
823.0 1.5748279416638589e-10
824.0 1.5748279416638589e-10
825.0 1.5748279416638589e-10
826.0 0.00012562455822262564
827.0 3.879135874740314e-05
828.0 1.5748279416638589e-10
829.0 1.5748279416638589e-10
830.0 1.5748279416638589e-10
831.0 1.5748279416638589e-10
832.0 1.5748279416638589e-10
833.0 1.5748279416638589e-10
834.0 6.70797078328178e-05
835.0 1.5748279416638589e-10
836.0 1.5748279416638589e-10
837.0 1.5748279416638589e-10
838.0 0.00018530348597778357
839.0 1.5748279416638589e-10
840.0 1.5748279416638589e-10
841.0 1.5748279416638589e-10
842.0 1.5748279416638589e-10
843.0 1.5748279416638589e-10
844.0 3.79969193886609e-06
845.0 4.0699586634218576e-05
846.0 7.759952609376342e-05
847.0 1.5748279416638589e-10
848.0 1.5748279416638589e-10
849.0 2.699169954212266e-05
850.0 0.00041142407098959666
851.0 0.00026795330541062867
852.0 0.00012448251709429314
853.0 1.5748279416638589e-10
854.0 1.5748279416638589e-10
855.0 4.875404613358114e-06
856.0 0.00024192049750126898
857.0 0.00030321202757477295
858.0 0.0003645035576482769
859.0 0.0005395422249421244
860.0 0.0007145807558117667
861.0 0.0007860960067773703
862.0 0.0008576111213187687
863.0 0.0011153540071973111
864.0 0.0013730969840253238
865.0 0.001081007667380618
866.0 0.0007889181688369717
867.0 0.0010343956091674045
868.0 0.0012798728675988968
869.0 0.0013784469956590328
870.0 0.0014770210327696986
871.0 0.0015228450138238259
872.0 0.0015686688129790127
873.0 0.002256357947771903
874.0 0.0029440474463626742
