lsstCam/transmission_filter_detector/r32_s11/u_24/19700101T000000.ecsv
# %ECSV 1.0
# ---
# datatype:
# - {name: wavelength, unit: nm, datatype: float32}
# - {name: efficiency, unit: '%', datatype: float64}
# meta: !!omap
# - {MODE: DETECTOR}
# - {TYPE: transmission_filter_detector}
# - {CALIBDATE: '1970-01-01T00:00:00'}
# - {INSTRUME: LSSTCam}
# - {OBSTYPE: transmission_filter_detector}
# - {CALIBCLS: lsst.ip.isr.IntermediateFilterDetectorTransmissionCurve}
# - {SOURCE: Materion (DM-46256)}
# - {DETECTOR: 139}
# - {FILTER: u_24}
# - {CALIB_ID: 'calibDate=1970-01-01T00:00:00 filter=u_24 detector=139'}
# - {DATE: '2025-04-02T15:59:40.394111'}
# - {CALIB_CREATION_DATE: '2025-04-02'}
# - {CALIB_CREATION_TIME: '15:59:40'}
# - __serialized_columns__:
#     efficiency:
#       __class__: astropy.units.quantity.Quantity
#       unit: !astropy.units.Unit {unit: '%'}
#       value: !astropy.table.SerializedColumn {name: efficiency}
#     wavelength:
#       __class__: astropy.units.quantity.Quantity
#       unit: !astropy.units.Unit {unit: nm}
#       value: !astropy.table.SerializedColumn {name: wavelength}
# schema: astropy-2.0
wavelength efficiency
[from data line 581]
876.0 0.002647058317961637
877.0 0.0027783795303548686
878.0 0.002909701106545981
879.0 0.0027266674806014635
880.0 0.0025436342184548266
881.0 0.002502470124454703
882.0 0.0024613058485556394
883.0 0.002426168430247344
884.0 0.002391030648141168
885.0 0.0024106695491354913
886.0 0.002430308268230874
887.0 0.002255871550005395
888.0 0.0020814346498809755
889.0 0.002399929871899076
890.0 0.0027184249120182358
891.0 0.0028526103051262908
892.0 0.0029867956982343458
893.0 0.003000752258230932
894.0 0.0030147090001264587
895.0 0.0031696297810412943
896.0 0.0033245501981582493
897.0 0.0034431079257046804
898.0 0.0035616656532511115
899.0 0.0035315024433657527
900.0 0.003501338869682513
901.0 0.0038720016164006665
902.0 0.004242664726916701
903.0 0.004413522037793882
904.0 0.0045843797124689445
905.0 0.004856213854509406
906.0 0.005128047268954106
907.0 0.005171533484826796
908.0 0.005215019700699486
909.0 0.0052941846661269665
910.0 0.005373349267756566
911.0 0.005421759124146774
912.0 0.005470168616739102
913.0 0.005236985816736706
914.0 0.0050038030167343095
915.0 0.004724878817796707
916.0 0.004445954255061224
917.0 0.004397001612232998
918.0 0.004348048605606891
919.0 0.004429339605849236
920.0 0.004510630242293701
921.0 0.004640750557882711
922.0 0.004770870145875961
923.0 0.005141042856848799
924.0 0.005511214840225875
925.0 0.005803242675028741
926.0 0.006095271237427369
927.0 0.006391989882104099
928.0 0.006688709981972352
929.0 0.007073064625728875
930.0 0.007457421452272683
931.0 0.007415814616251737
932.0 0.007374208507826552
933.0 0.007601828838232905
934.0 0.007829448441043496
935.0 0.0077255055657587945
936.0 0.00762156123528257
937.0 0.007111040031304583
938.0 0.006600518827326596
939.0 0.006511115498142317
940.0 0.006421710713766515
941.0 0.00563910034543369
942.0 0.0048564907046966255
943.0 0.004347601134213619
944.0 0.0038387115637306124
945.0 0.00319914506690111
946.0 0.002559578206273727
947.0 0.0022249458197620697
948.0 0.001890313251351472
949.0 0.0015930192603264004
950.0 0.0012957251783518586
951.0 0.0015615518350386992
952.0 0.0018273784007760696
953.0 0.0018164328139391728
954.0 0.001805487227102276
955.0 0.0020533181668724865
956.0 0.002301149106642697
957.0 0.002271380253660027
958.0 0.002241611400677357
959.0 0.0025369201466673985
960.0 0.0028322287107585
961.0 0.003400453715585172
962.0 0.003968678356613964
963.0 0.0041130315366899595
964.0 0.004257384352968074
965.0 0.004530813021119684
966.0 0.004804241689271294
967.0 0.004659380647353828
968.0 0.004514519605436362
969.0 0.0046193839807529
970.0 0.004724248719867319
971.0 0.004629164686775766
972.0 0.004534080653684214
973.0 0.004461540447664447
974.0 0.0043890002416446805
975.0 0.004170340616838075
976.0 0.003951681355829351
977.0 0.0034213258913950995
978.0 0.0028909704269608483
979.0 0.002677260636119172
980.0 0.0024635508452774957
981.0 0.0025505825760774314
982.0 0.002637614670675248
983.0 0.0025974308300646953
984.0 0.0025572473532520235
985.0 0.0028320833735051565
986.0 0.0031069197575561702
987.0 0.0034031476388918236
988.0 0.0036993751564295962
989.0 0.0042107156332349405
990.0 0.004722056473838165
991.0 0.005183176472201012
992.0 0.005644297925755382
993.0 0.006056578058633022
994.0 0.0064688581915106624
995.0 0.006535332067869604
996.0 0.006601805216632783
997.0 0.006383370782714337
998.0 0.006164936348795891
999.0 0.006141464109532535
1000.0 0.006117992597864941
1001.0 0.006211829895619303
1002.0 0.006305666465777904
1003.0 0.006123579078121111
1004.0 0.005941490962868556
1005.0 0.005637620415654965
1006.0 0.005333749140845612
1007.0 0.0051742219511652365
1008.0 0.0050146958528785035
1009.0 0.004616378282662481
1010.0 0.004218061076244339
1011.0 0.0038895468605915084
1012.0 0.0035610326449386775
1013.0 0.003035579538845923
1014.0 0.0025101262508542277
1015.0 0.0021528889192268252
1016.0 0.0017956514057004824
1017.0 0.0015311490642488934
1018.0 0.0012666466318478342
1019.0 0.0013526603652280755
1020.0 0.0014386740076588467
1021.0 0.00141777136377641
1022.0 0.0013968686289445031
1023.0 0.001307748880208237
1024.0 0.0012186290405225009
1025.0 0.0012054163562424947
1026.0 0.001192203944810899
1027.0 0.001444140070816502
1028.0 0.0016960759239736944
1029.0 0.0016512703950866126
1030.0 0.001606465048098471
1031.0 0.001633984902582597
1032.0 0.0016615051208646037
1033.0 0.0016488802430103533
1034.0 0.001636255365156103
1035.0 0.0016026486264308915
1036.0 0.0015690415239077993
1037.0 0.001780423554009758
1038.0 0.0019918054022127762
1039.0 0.001886412428575568
1040.0 0.0017810194549383596
1041.0 0.0017535307051730342
1042.0 0.0017260419554077089
1043.0 0.0015677484043408185
1044.0 0.0014094549442233983
1045.0 0.001690826320555061
1046.0 0.001972197787836194
1047.0 0.0019831499230349436
1048.0 0.0019941020582336932
1049.0 0.001936234548338689
1050.0 0.0018783668565447442
1051.0 0.0018353608538745902
1052.0 0.0017923550331033766
1053.0 0.0015772011465742253
1054.0 0.0013620475328934845
1055.0 0.0014120903870207258
1056.0 0.0014621333320974372
1057.0 0.0009150227924692445
1058.0 0.0003679123210531543
1059.0 0.0005859499651705846
1060.0 0.0008039876775001176
1061.0 0.0010977066267514601
1062.0 0.0013914256669522729
1063.0 0.0011750578778446652
1064.0 0.0009586904525349382
1065.0 0.0010851874321815558
1066.0 0.001211684775626054
1067.0 0.0014285921679402236
1068.0 0.0016454998331028037
1069.0 0.002061357554339338
1070.0 0.002477215457474813
1071.0 0.0025289282348239794
1072.0 0.0025806411940720864
1073.0 0.002456151014484931
1074.0 0.002331660652998835
1075.0 0.002285992195538711
1076.0 0.002240323919977527
1077.0 0.0022250960682868026
1078.0 0.002209868216596078
1079.0 0.0035829758417094126
1080.0 0.0049560836487216875
1081.0 0.004926522160531022
1082.0 0.004896960308542475
1083.0 0.004980845551472157
1084.0 0.0050647293392103165
1085.0 0.004508177516981959
1086.0 0.003951626058551483
1087.0 0.0037872028769925237
1088.0 0.003622780059231445
1089.0 0.004821443144464865
1090.0 0.0060201062296982855
1091.0 0.005078053800389171
1092.0 0.004136001371080056
1093.0 0.004108098073629662
1094.0 0.004080194776179269
1095.0 0.004207029633107595
1096.0 0.004333865217631683
1097.0 0.004012795761809684
1098.0 0.0036917266697855666
1099.0 0.003227515480830334
1100.0 0.0027633042918751016
