lsstCam/transmission_sensor/r31_s21/19700101T000000.ecsv
# %ECSV 1.0
# ---
# datatype:
# - {name: amp_name, datatype: string}
# - {name: wavelength, unit: nm, datatype: float32}
# - {name: efficiency, unit: '%', datatype: float64}
# meta: !!omap
# - {MODE: AMP}
# - {TYPE: transmission_sensor}
# - {CALIBDATE: '1970-01-01T00:00:00'}
# - {INSTRUME: LSSTCAM}
# - {OBSTYPE: transmission_sensor}
# - {DETECTOR: 133}
# - {PARQUETFILE: qe_raft_allvalues_nircorrected_20230725.parquet}
# - {CALIBCLS: lsst.ip.isr.IntermediateSensorTransmissionCurve}
# - {CALIB_ID: 'raftName=R31 detectorName=S21 detector=133 calibDate=1970-01-01T00:00:00 ccd=133 ccdnum=133 filter=None'}
# - {DATE: '2024-01-18T22:42:25.448315'}
# - {CALIB_CREATION_DATE: '2024-01-18'}
# - {CALIB_CREATION_TIME: '22:42:25'}
# - __serialized_columns__:
#     efficiency:
#       __class__: astropy.units.quantity.Quantity
#       unit: !astropy.units.Unit {unit: '%'}
#       value: !astropy.table.SerializedColumn {name: efficiency}
#     wavelength:
#       __class__: astropy.units.quantity.Quantity
#       unit: !astropy.units.Unit {unit: nm}
#       value: !astropy.table.SerializedColumn {name: wavelength}
# schema: astropy-2.0
amp_name wavelength efficiency
C00 319.994 39.16595458984375
C00 324.969 44.22166061401367
C00 349.982 67.89983367919922
C00 374.975 76.25776672363281
C00 400.019 84.51171112060547
C00 424.965 86.17996978759766
C00 450.035 87.71671295166016
C00 475.003 90.27631378173828
C00 500.018 92.00582885742188
C00 525.002 93.92057037353516
C00 550.029 96.65202331542969
C00 575.023 97.83580017089844
C00 599.982 98.3371353149414
C00 619.997 98.55249786376953
C00 624.979 99.62854766845703
C00 650.012 99.28555297851562
C00 675.004 99.89103698730469
C00 700.03 98.91952514648438
C00 725.012 99.1495132446289
C00 750.022 99.01185607910156
C00 774.987 98.64571380615234
C00 799.976 97.72544860839844
C00 824.988 95.96520233154297
C00 850.022 94.20787048339844
C00 869.967 91.028564453125
C00 875.002 90.12529754638672
C00 899.999 83.48780822753906
C00 919.999 74.47657775878906
C00 925.012 72.17926788330078
C00 949.965 58.462890625
C00 975.002 43.226741790771484
C00 999.976 26.621654510498047
C00 1025.028 11.63339900970459
C00 1050.014 4.142858982086182
C00 1075.002 0.9432827626614423
C00 1099.99 0.09359164913520314
C01 319.994 39.2208137512207
C01 324.969 44.283355712890625
C01 349.982 67.95487976074219
C01 374.975 76.2737045288086
C01 400.019 84.49549865722656
C01 424.965 86.15899658203125
C01 450.035 87.69646453857422
C01 475.003 90.25483703613281
C01 500.018 91.98045349121094
C01 525.002 93.88986206054688
C01 550.029 96.62064361572266
C01 575.023 97.8023681640625
C01 599.982 98.29741668701172
C01 619.997 98.51275634765625
C01 624.979 99.58870697021484
C01 650.012 99.24449920654297
C01 675.004 99.84379577636719
C01 700.03 98.86892700195312
C01 725.012 99.08781433105469
C01 750.022 98.93753814697266
C01 774.987 98.55805969238281
C01 799.976 97.63368225097656
C01 824.988 95.88870239257812
C01 850.022 94.15362548828125
C01 869.967 90.93006134033203
C01 875.002 90.0325698852539
C01 899.999 83.49475860595703
C01 919.999 74.49252319335938
C01 925.012 72.18580627441406
C01 949.965 58.41618728637695
C01 975.002 43.3336181640625
C01 999.976 26.60899543762207
C01 1025.028 11.574994087219238
C01 1050.014 4.118077278137207
C01 1075.002 0.9425748668076128
C01 1099.99 0.09352141235891674
C02 319.994 39.3157958984375
C02 324.969 44.387916564941406
C02 349.982 68.0929946899414
C02 374.975 76.34484100341797
C02 400.019 84.4842529296875
C02 424.965 86.11395263671875
C02 450.035 87.63214111328125
C02 475.003 90.1826171875
C02 500.018 91.9009017944336
C02 525.002 93.80933380126953
C02 550.029 96.53056335449219
C02 575.023 97.70829772949219
C02 599.982 98.20014190673828
C02 619.997 98.41204071044922
C02 624.979 99.48839569091797
C02 650.012 99.14131164550781
C02 675.004 99.7394790649414
C02 700.03 98.7641830444336
C02 725.012 98.97390747070312
C02 750.022 98.81739044189453
C02 774.987 98.43168640136719
C02 799.976 97.50274658203125
C02 824.988 95.78009796142578
C02 850.022 94.0495834350586
C02 869.967 90.8124008178711
C02 875.002 89.93492126464844
C02 899.999 83.52034759521484
C02 919.999 74.47480010986328
C02 925.012 72.14166259765625
C02 949.965 58.34637451171875
C02 975.002 43.4481315612793
C02 999.976 26.644737243652344
C02 1025.028 11.587754249572754
C02 1050.014 4.120179653167725
C02 1075.002 0.9414302873732537
C02 1099.99 0.09340784823894314
C03 319.994 39.47584915161133
C03 324.969 44.568607330322266
C03 349.982 68.32151794433594
C03 374.975 76.54658508300781
C03 400.019 84.69666290283203
C03 424.965 86.34053802490234
C03 450.035 87.86746978759766
C03 475.003 90.42639923095703
C03 500.018 92.15502166748047
C03 525.002 94.06596374511719
C03 550.029 96.79700469970703
C03 575.023 97.97356414794922
C03 599.982 98.46471405029297
C03 619.997 98.67564392089844
C03 624.979 99.75438690185547
C03 650.012 99.40000915527344
C03 675.004 99.99630737304688
C03 700.03 99.01463317871094
C03 725.012 99.22168731689453
C03 750.022 99.0640640258789
C03 774.987 98.67344665527344
C03 799.976 97.74401092529297
C03 824.988 96.02857971191406
C03 850.022 94.2776870727539
C03 869.967 91.0324478149414
C03 875.002 90.17127227783203
C03 899.999 83.83444213867188
C03 919.999 74.66593933105469
C03 925.012 72.29081726074219
C03 949.965 58.43355941772461
C03 975.002 43.648216247558594
C03 999.976 26.767425537109375
C03 1025.028 11.664145469665527
C03 1050.014 4.140281677246094
C03 1075.002 0.9437803507002633
C03 1099.99 0.09364101936329024
C04 319.994 39.43505096435547
C04 324.969 44.52054977416992
C04 349.982 68.22322082519531
C04 374.975 76.39390563964844
C04 400.019 84.54967498779297
C04 424.965 86.1964111328125
C04 450.035 87.73533630371094
C04 475.003 90.29594421386719
C04 500.018 92.02281951904297
C04 525.002 93.93605041503906
C04 550.029 96.65642547607422
C04 575.023 97.83332061767578
C04 599.982 98.32270050048828
C04 619.997 98.53160095214844
C04 624.979 99.6053466796875
C04 650.012 99.25545501708984
C04 675.004 99.84430694580078
C04 700.03 98.86714935302734
C04 725.012 99.07942962646484
C04 750.022 98.92523956298828
C04 774.987 98.5380859375
C04 799.976 97.61431121826172
C04 824.988 95.89933013916016
C04 850.022 94.12826538085938
C04 869.967 90.8974380493164
C04 875.002 90.0545654296875
C04 899.999 83.697265625
C04 919.999 74.38480377197266
C04 925.012 72.03314208984375
C04 949.965 58.45602798461914
C04 975.002 43.66877746582031
C04 999.976 26.713037490844727
C04 1025.028 11.625688552856445
C04 1050.014 4.1318464279174805
C04 1075.002 0.942457742787956
C04 1099.99 0.09350979142128601
C05 319.994 39.630558013916016
C05 324.969 44.743473052978516
C05 349.982 68.51361846923828
C05 374.975 76.65055084228516
C05 400.019 84.8026351928711
C05 424.965 86.45323944091797
C05 450.035 87.99524688720703
C05 475.003 90.56466674804688
C05 500.018 92.29835510253906
C05 525.002 94.21285247802734
C05 550.029 96.94446563720703
C05 575.023 98.12116241455078
C05 599.982 98.60491943359375
C05 619.997 98.81388854980469
C05 624.979 99.89436340332031
C05 650.012 99.53608703613281
C05 675.004 100.12706756591797
C05 700.03 99.14834594726562
C05 725.012 99.36442565917969
C05 750.022 99.22348022460938
C05 774.987 98.8471450805664
C05 799.976 97.92334747314453
C05 824.988 96.20425415039062
C05 850.022 94.4200210571289
C05 869.967 91.20747375488281
C05 875.002 90.37422943115234
C05 899.999 83.95205688476562
C05 919.999 74.48978424072266
C05 925.012 72.14710998535156
C05 949.965 58.69207763671875
C05 975.002 43.847129821777344
C05 999.976 26.752559661865234
C05 1025.028 11.625899314880371
C05 1050.014 4.144735813140869
C05 1075.002 0.9452989373267087
C05 1099.99 0.09379169213326928
C06 319.994 39.65774917602539
C06 324.969 44.77455520629883
C06 349.982 68.49567413330078
C06 374.975 76.56981658935547
C06 400.019 84.77385711669922
C06 424.965 86.45375061035156
C06 450.035 88.01988220214844
C06 475.003 90.60787963867188
C06 500.018 92.34630584716797
C06 525.002 94.26537322998047
C06 550.029 97.00141906738281
C06 575.023 98.17811584472656
C06 599.982 98.66032409667969
C06 619.997 98.8663330078125
C06 624.979 99.94175720214844
C06 650.012 99.58155059814453
C06 675.004 100.16918182373047
C06 700.03 99.18946075439453
C06 725.012 99.4219970703125
C06 750.022 99.2960205078125
C06 774.987 98.93922424316406
C06 799.976 98.01959228515625
C06 824.988 96.29779052734375
C06 850.022 94.51411437988281
C06 869.967 91.3606948852539
C06 875.002 90.54016876220703
C06 899.999 83.9541015625
C06 919.999 74.47850799560547
C06 925.012 72.21627807617188
C06 949.965 58.88924789428711
C06 975.002 43.92486572265625
C06 999.976 26.706113815307617
C06 1025.028 11.634520530700684
C06 1050.014 4.1620025634765625
C06 1075.002 0.9459898668799888
C06 1099.99 0.09386024552880179
C07 319.994 39.51993179321289
C07 324.969 44.620479583740234
C07 349.982 68.23912811279297
C07 374.975 76.30027770996094
C07 400.019 84.56450653076172
C07 424.965 86.28418731689453
C07 450.035 87.8680648803711
C07 475.003 90.46572875976562
C07 500.018 92.21294403076172
C07 525.002 94.13546752929688
C07 550.029 96.87007141113281
C07 575.023 98.04901885986328
C07 599.982 98.532470703125
C07 619.997 98.73152160644531
C07 624.979 99.81172180175781
C07 650.012 99.44750213623047
C07 675.004 100.03711700439453
C07 700.03 99.06485748291016
C07 725.012 99.31883239746094
C07 750.022 99.21774291992188
C07 774.987 98.8897705078125
C07 799.976 97.98640441894531
C07 824.988 96.25770568847656
C07 850.022 94.51753997802734
C07 869.967 91.43485260009766
C07 875.002 90.58394622802734
C07 899.999 83.8118667602539
C07 919.999 74.52910614013672
C07 925.012 72.16819763183594
C07 949.965 59.0738525390625
C07 975.002 44.020538330078125
C07 999.976 26.8585262298584
C07 1025.028 11.723858833312988
C07 1050.014 4.183284759521484
C07 1075.002 0.9452438548435832
C07 1099.99 0.0937862268998968
C10 319.994 38.67870330810547
C10 324.969 43.666778564453125
C10 349.982 66.86492919921875
C10 374.975 75.12516784667969
C10 400.019 83.77177429199219
C10 424.965 85.66107940673828
C10 450.035 87.3177490234375
C10 475.003 89.94377899169922
C10 500.018 91.7164535522461
C10 525.002 93.65546417236328
C10 550.029 96.3923568725586
C10 575.023 97.58358764648438
C10 599.982 98.08061218261719
C10 619.997 98.3001708984375
C10 624.979 99.37300109863281
C10 650.012 99.02970123291016
C10 675.004 99.64109802246094
C10 700.03 98.74868774414062
C10 725.012 99.21003723144531
C10 750.022 99.38043212890625
C10 774.987 99.33409118652344
C10 799.976 98.54637908935547
C10 824.988 96.77761840820312
C10 850.022 95.12586975097656
C10 869.967 91.9529037475586
C10 875.002 91.05559539794922
C10 899.999 84.30496978759766
C10 919.999 74.81462097167969
C10 925.012 72.37889862060547
C10 949.965 59.05842208862305
C10 975.002 43.95500564575195
C10 999.976 27.063190460205078
C10 1025.028 11.799051284790039
C10 1050.014 4.231029510498047
C10 1075.002 0.9467924907743624
C10 1099.99 0.09393988113424613
C11 319.994 38.790931701660156
C11 324.969 43.79253387451172
C11 349.982 67.04564666748047
C11 374.975 75.31501007080078
C11 400.019 83.9631118774414
C11 424.965 85.85324096679688
C11 450.035 87.50929260253906
C11 475.003 90.1414794921875
C11 500.018 91.91551208496094
C11 525.002 93.85421752929688
C11 550.029 96.602294921875
C11 575.023 97.79228973388672
C11 599.982 98.29151916503906
C11 619.997 98.51070404052734
C11 624.979 99.58817291259766
C11 650.012 99.24105834960938
C11 675.004 99.85376739501953
C11 700.03 98.95967864990234
C11 725.012 99.41741180419922
C11 750.022 99.58497619628906
C11 774.987 99.53355407714844
C11 799.976 98.74107360839844
C11 824.988 96.96955871582031
C11 850.022 95.32317352294922
C11 869.967 92.13834381103516
C11 875.002 91.22478485107422
C11 899.999 84.46321105957031
C11 919.999 74.89402770996094
C11 925.012 72.53987121582031
C11 949.965 59.197975158691406
C11 975.002 44.116661071777344
C11 999.976 27.054012298583984
C11 1025.028 11.743067741394043
C11 1050.014 4.205379009246826
C11 1075.002 0.948741172088033
C11 1099.99 0.0941332275039718
C12 319.994 38.72494125366211
C12 324.969 43.71615982055664
C12 349.982 66.89640045166016
C12 374.975 75.1041259765625
C12 400.019 83.72614288330078
C12 424.965 85.6137924194336
C12 450.035 87.27267456054688
C12 475.003 89.89849853515625
C12 500.018 91.67101287841797
C12 525.002 93.60748291015625
C12 550.029 96.34423828125
C12 575.023 97.52934265136719
C12 599.982 98.02214813232422
C12 619.997 98.23900604248047
C12 624.979 99.31594848632812
C12 650.012 98.96723937988281
C12 675.004 99.57273864746094
C12 700.03 98.68146514892578
C12 725.012 99.13514709472656
C12 750.022 99.29869079589844
C12 774.987 99.24420166015625
C12 799.976 98.44819641113281
C12 824.988 96.68528747558594
C12 850.022 95.03298950195312
C12 869.967 91.85006713867188
C12 875.002 90.95045471191406
C12 899.999 84.24681854248047
C12 919.999 74.68272399902344
C12 925.012 72.27217102050781
C12 949.965 58.95344924926758
C12 975.002 43.995967864990234
C12 999.976 26.979576110839844
C12 1025.028 11.715106964111328
C12 1050.014 4.189865589141846
C12 1075.002 0.94601374520102
C12 1099.99 0.09386261471387794
C13 319.994 38.868812561035156
C13 324.969 43.87946701049805
C13 349.982 67.08182525634766
C13 374.975 75.25119018554688
C13 400.019 83.89974212646484
C13 424.965 85.80264282226562
C13 450.035 87.47274780273438
C13 475.003 90.10869598388672
C13 500.018 91.88275909423828
C13 525.002 93.82305908203125
C13 550.029 96.5627670288086
C13 575.023 97.74784088134766
C13 599.982 98.24051666259766
C13 619.997 98.45004272460938
C13 624.979 99.52742767333984
C13 650.012 99.17790985107422
C13 675.004 99.78194427490234
C13 700.03 98.8858413696289
C13 725.012 99.34016418457031
C13 750.022 99.50619506835938
C13 774.987 99.44884490966797
C13 799.976 98.65422058105469
C13 824.988 96.8870620727539
C13 850.022 95.2238540649414
C13 869.967 92.02580261230469
C13 875.002 91.15241241455078
C13 899.999 84.452392578125
C13 919.999 74.80347442626953
C13 925.012 72.39891052246094
C13 949.965 59.12437438964844
C13 975.002 44.21415328979492
C13 999.976 27.126401901245117
C13 1025.028 11.75931453704834
C13 1050.014 4.195237636566162
C13 1075.002 0.9479906281721846
C13 1099.99 0.09405875922615183
C14 319.994 38.88133239746094
C14 324.969 43.89257049560547
C14 349.982 67.0868148803711
C14 374.975 75.22840881347656
C14 400.019 83.84910583496094
C14 424.965 85.74024200439453
C14 450.035 87.40309143066406
C14 475.003 90.03559875488281
C14 500.018 91.8103256225586
C14 525.002 93.74369812011719
C14 550.029 96.48287963867188
C14 575.023 97.66417694091797
C14 599.982 98.1544418334961
C14 619.997 98.36683654785156
C14 624.979 99.44014739990234
C14 650.012 99.08916473388672
C14 675.004 99.6906509399414
C14 700.03 98.7949447631836
C14 725.012 99.258544921875
C14 750.022 99.42788696289062
C14 774.987 99.37498474121094
C14 799.976 98.58065032958984
C14 824.988 96.8226318359375
C14 850.022 95.1443862915039
C14 869.967 91.96734619140625
C14 875.002 91.09789276123047
C14 899.999 84.36637115478516
C14 919.999 74.56523132324219
C14 925.012 72.27235412597656
C14 949.965 59.10785675048828
C14 975.002 44.1767463684082
C14 999.976 26.94512367248535
C14 1025.028 11.714141845703125
C14 1050.014 4.1964945793151855
C14 1075.002 0.9472445906628164
C14 1099.99 0.0939847380698429
C15 319.994 39.001094818115234
C15 324.969 44.02894973754883
C15 349.982 67.29442596435547
C15 374.975 75.46630096435547
C15 400.019 84.14271545410156
C15 424.965 86.05488586425781
C15 450.035 87.72786712646484
C15 475.003 90.37470245361328
C15 500.018 92.15834045410156
C15 525.002 94.10230255126953
C15 550.029 96.85368347167969
C15 575.023 98.03901672363281
C15 599.982 98.53189086914062
C15 619.997 98.74272918701172
C15 624.979 99.82219696044922
C15 650.012 99.46953582763672
C15 675.004 100.07573699951172
C15 700.03 99.1792984008789
C15 725.012 99.65068054199219
C15 750.022 99.8359375
C15 774.987 99.79576110839844
C15 799.976 99.00535583496094
C15 824.988 97.2376708984375
C15 850.022 95.5586929321289
C15 869.967 92.42920684814453
C15 875.002 91.55322265625
C15 899.999 84.67731475830078
C15 919.999 74.82499694824219
C15 925.012 72.49237823486328
C15 949.965 59.35899353027344
C15 975.002 44.35783386230469
C15 999.976 27.122806549072266
C15 1025.028 11.812302589416504
C15 1050.014 4.2130327224731445
C15 1075.002 0.9511320678564249
C15 1099.99 0.09437044998564083
C16 319.994 38.868560791015625
C16 324.969 43.877220153808594
C16 349.982 67.0389404296875
C16 374.975 75.14651489257812
C16 400.019 83.77643585205078
C16 424.965 85.68030548095703
C16 450.035 87.34841918945312
C16 475.003 89.98272705078125
C16 500.018 91.75708770751953
C16 525.002 93.6953125
C16 550.029 96.43252563476562
C16 575.023 97.61367797851562
C16 599.982 98.09891510009766
C16 619.997 98.309326171875
C16 624.979 99.38636779785156
C16 650.012 99.0325927734375
C16 675.004 99.6338119506836
C16 700.03 98.74385070800781
C16 725.012 99.22591400146484
C16 750.022 99.42424774169922
C16 774.987 99.4027328491211
C16 799.976 98.62670135498047
C16 824.988 96.85289764404297
C16 850.022 95.2076416015625
C16 869.967 92.12989044189453
C16 875.002 91.31670379638672
C16 899.999 84.40741729736328
C16 919.999 74.64689636230469
C16 925.012 72.41339111328125
C16 949.965 59.55479431152344
C16 975.002 44.485355377197266
C16 999.976 27.024864196777344
C16 1025.028 11.71044921875
C16 1050.014 4.197726249694824
C16 1075.002 0.9472099195845469
C16 1099.99 0.09398129803730866
C17 319.994 38.871585845947266
C17 324.969 43.88326644897461
C17 349.982 67.02291107177734
C17 374.975 75.1265869140625
C17 400.019 83.80264282226562
C17 424.965 85.7253189086914
C17 450.035 87.41084289550781
C17 475.003 90.05457305908203
C17 500.018 91.83908081054688
C17 525.002 93.78131103515625
C17 550.029 96.52226257324219
C17 575.023 97.70344543457031
C17 599.982 98.19557189941406
C17 619.997 98.40096282958984
C17 624.979 99.47420501708984
C17 650.012 99.12108612060547
C17 675.004 99.72476959228516
C17 700.03 98.8348159790039
C17 725.012 99.33539581298828
C17 750.022 99.5588607788086
C17 774.987 99.55207824707031
C17 799.976 98.78748321533203
C17 824.988 97.01470184326172
C17 850.022 95.37836456298828
C17 869.967 92.34329986572266
C17 875.002 91.474365234375
C17 899.999 84.48514556884766
C17 919.999 74.71263122558594
C17 925.012 72.33869171142578
C17 949.965 59.5369987487793
C17 975.002 44.34640121459961
C17 999.976 27.12628936767578
C17 1025.028 11.789669036865234
C17 1050.014 4.22731876373291
C17 1075.002 0.9484923710247365
C17 1099.99 0.09410854169104035
