lsstCam/transmission_sensor/r31_s21/19700101T000000.ecsv
# %ECSV 1.0
# ---
# datatype:
# - {name: amp_name, datatype: string}
# - {name: wavelength, unit: nm, datatype: float32}
# - {name: efficiency, unit: '%', datatype: float64}
# meta: !!omap
# - {MODE: AMP}
# - {TYPE: transmission_sensor}
# - {CALIBDATE: '1970-01-01T00:00:00'}
# - {INSTRUME: LSSTCam}
# - {OBSTYPE: transmission_sensor}
# - {DETECTOR: 133}
# - {PARQUETFILE: qe_raft_allvalues_nircorrected_20230725_adjust.parquet}
# - {CORRFILE: qe_corr_factor_bydetnum.parquet}
# - {CALIBCLS: lsst.ip.isr.IntermediateSensorTransmissionCurve}
# - {CALIB_ID: 'raftName=R31 detectorName=S21 detector=133 calibDate=1970-01-01T00:00:00 ccd=133 ccdnum=133 filter=None'}
# - {DATE: '2025-03-03T21:56:48.132061'}
# - {CALIB_CREATION_DATE: '2025-03-03'}
# - {CALIB_CREATION_TIME: '21:56:48'}
# - __serialized_columns__:
#     efficiency:
#       __class__: astropy.units.quantity.Quantity
#       unit: !astropy.units.Unit {unit: '%'}
#       value: !astropy.table.SerializedColumn {name: efficiency}
#     wavelength:
#       __class__: astropy.units.quantity.Quantity
#       unit: !astropy.units.Unit {unit: nm}
#       value: !astropy.table.SerializedColumn {name: wavelength}
# schema: astropy-2.0
amp_name wavelength efficiency
C00 319.994 38.91198615765524
C00 324.969 43.93490886922598
C00 349.982 67.45954275597381
C00 374.975 75.76327946652864
C00 400.019 83.96370183550984
C00 424.965 85.62114281549356
C00 450.035 87.14792109407986
C00 475.003 89.69092440172682
C00 500.018 91.40922457822519
C00 525.002 93.31155010943561
C00 550.029 96.02529116792238
C00 575.023 97.20139191910124
C00 599.982 97.69947619636802
C00 619.997 97.91344224434609
C00 624.979 98.98251449200185
C00 650.012 98.6417439231004
C00 675.004 99.2433017203101
C00 700.03 98.2780895686369
C00 725.012 98.50658632775192
C00 750.022 98.36982178886613
C00 774.987 98.00605373556743
C00 799.976 97.09175592229117
C00 824.988 95.34292381858378
C00 850.022 93.5969872452125
C00 869.967 90.43829716510324
C00 875.002 89.54088741881347
C00 899.999 82.94643835708781
C00 919.999 73.99364047598196
C00 925.012 71.71122731866228
C00 949.965 58.08379278789303
C00 975.002 42.94644151579577
C00 999.976 26.44902856714753
C00 1025.028 11.557963184420654
C00 1050.014 4.115994951540342
C00 1075.002 0.9371661226649874
C00 1099.99 0.09298476173399657
C01 319.994 38.96648958928293
C01 324.969 43.99620391127552
C01 349.982 67.51423189569897
C01 374.975 75.77911392430909
C01 400.019 83.94759450052494
C01 424.965 85.60030560896487
C01 450.035 87.12780398017404
C01 475.003 89.66958692032331
C01 500.018 91.38401375650297
C01 525.002 93.28104092199365
C01 550.029 95.99411494731397
C01 575.023 97.16817669938182
C01 599.982 97.66001512063563
C01 619.997 97.87395842884666
C01 624.979 98.94293213751193
C01 650.012 98.6009563609575
C01 675.004 99.19636684114474
C01 700.03 98.22781952363935
C01 725.012 98.4452874957412
C01 750.022 98.2959857652954
C01 774.987 97.9189680077362
C01 799.976 97.00058461631554
C01 824.988 95.26691993722216
C01 850.022 93.54309399733367
C01 869.967 90.34043278769623
C01 875.002 89.44876104262227
C01 899.999 82.95334366634486
C01 919.999 74.00948251368474
C01 925.012 71.71772331211265
C01 949.965 58.037392293253035
C01 975.002 43.052624857977314
C01 999.976 26.43645158099521
C01 1025.028 11.499936983882744
C01 1050.014 4.0913739425256495
C01 1075.002 0.9364628171039782
C01 1099.99 0.09291498040234679
C02 319.994 39.06085583252733
C02 324.969 44.10008674702512
C02 349.982 67.65145122992551
C02 374.975 75.8497891202616
C02 400.019 83.9364216949872
C02 424.965 85.5555537474351
C02 450.035 87.06389765487634
C02 475.003 89.59783537539768
C02 500.018 91.304977906203
C02 525.002 93.20103484163343
C02 550.029 95.90461880417676
C02 575.023 97.07471625685774
C02 599.982 97.56337111072631
C02 619.997 97.77389587395938
C02 624.979 98.84327131850897
C02 650.012 98.49843791123016
C02 675.004 99.09272656291022
C02 700.03 98.12375476975348
C02 725.012 98.33211925511797
C02 750.022 98.17661714819329
C02 774.987 97.79341417399989
C02 799.976 96.87049798901641
C02 824.988 95.15901974262927
C02 850.022 93.43972659630359
C02 869.967 90.22353522527885
C02 875.002 89.35174561651799
C02 899.999 82.97876672589278
C02 919.999 73.99187435407539
C02 925.012 71.67386588141969
C02 949.965 57.96803221382753
C02 975.002 43.16639570242704
C02 999.976 26.471961622204837
C02 1025.028 11.512614404006143
C02 1050.014 4.093462684877072
C02 1075.002 0.9353256596014348
C02 1099.99 0.09280215267962955
C03 319.994 39.21987123345931
C03 324.969 44.27960583790256
C03 349.982 67.87849264395014
C03 374.975 76.05022500685236
C03 400.019 84.14745431301743
C03 424.965 85.78066986118388
C03 450.035 87.29770035963345
C03 475.003 89.84003663411397
C03 500.018 91.55744995969789
C03 525.002 93.45600068958008
C03 550.029 96.16933243226016
C03 575.023 97.33826257689988
C03 599.982 97.82622765783498
C03 619.997 98.03578977093012
C03 624.979 99.10753773117396
C03 650.012 98.75545791813254
C03 675.004 99.34788948883786
C03 700.03 98.37258088060001
C03 725.012 98.57829239314347
C03 750.022 98.42169119747864
C03 774.987 98.03360675329452
C03 799.976 97.11019787335857
C03 824.988 95.40589023351059
C03 850.022 93.6663511145992
C03 869.967 90.44215534557726
C03 875.002 89.58656403086944
C03 899.999 83.29082454894822
C03 919.999 74.18177414860546
C03 925.012 71.82205336328066
C03 949.965 58.05465177643449
C03 975.002 43.365182955907585
C03 999.976 26.593854353448116
C03 1025.028 11.588510271474346
C03 1050.014 4.113434359022892
C03 1075.002 0.9376604841348299
C03 1099.99 0.09303381182487382
C04 319.994 39.17933759871499
C04 324.969 44.231859907046186
C04 349.982 67.78083292444647
C04 374.975 75.89853560086763
C04 400.019 84.00141952910268
C04 424.965 85.63747754814881
C04 450.035 87.16642368452604
C04 475.003 89.71042754192263
C04 500.018 91.42610506528936
C04 525.002 93.3269297718753
C04 550.029 96.02966478311592
C04 575.023 97.19892844433885
C04 599.982 97.68513498328971
C04 619.997 97.89268083704087
C04 624.979 98.95946394814818
C04 650.012 98.6118411294461
C04 675.004 99.1968746959419
C04 700.03 98.22605340173278
C04 725.012 98.43695716108314
C04 750.022 98.28376693047393
C04 774.987 97.89912377103482
C04 799.976 96.98133919347947
C04 824.988 95.27747876904989
C04 850.022 93.51789833545612
C04 869.967 90.30802103974547
C04 875.002 89.47061395874529
C04 899.999 83.15453754517021
C04 919.999 73.90246159008399
C04 925.012 71.56604906597262
C04 949.965 58.07697464774296
C04 975.002 43.385610846629596
C04 999.976 26.539818982025285
C04 1025.028 11.5503027253999
C04 1050.014 4.105053807379285
C04 1075.002 0.9363464525654563
C04 1099.99 0.09290343481973655
C05 319.994 39.37357689878803
C05 324.969 44.45333765806897
C05 349.982 68.06934750869577
C05 374.975 76.15351660865898
C05 400.019 84.252739434401
C05 424.965 85.89264047407647
C05 450.035 87.4246488990814
C05 475.003 89.97740756678743
C05 500.018 91.69985396080898
C05 525.002 93.60193693450434
C05 550.029 96.31583717136036
C05 575.023 97.48490375460229
C05 599.982 97.96552389078428
C05 619.997 98.17313796383655
C05 624.979 99.24660656645288
C05 650.012 98.89065341309275
C05 675.004 99.47780177792302
C05 700.03 98.50542659963301
C05 725.012 98.72010516031159
C05 750.022 98.58007367489473
C05 774.987 98.20617884534202
C05 799.976 97.28837152801962
C05 824.988 95.58042552544565
C05 850.022 93.80776214588299
C05 869.967 90.61604634411293
C05 875.002 89.7882051251132
C05 899.999 83.40767663183154
C05 919.999 74.00676132156259
C05 925.012 71.67927794597462
C05 949.965 58.31149365516174
C05 975.002 43.56280669130805
C05 999.976 26.579084874757267
C05 1025.028 11.550512120754703
C05 1050.014 4.1178596124374165
C05 1075.002 0.9391692236103837
C05 1099.99 0.09318350756958778
C06 319.994 39.40059174202857
C06 324.969 44.48421826170588
C06 349.982 68.05151953133839
C06 374.975 76.07330587039542
C06 400.019 84.22414796731253
C06 424.965 85.89314832887364
C06 450.035 87.44912446833608
C06 475.003 90.0203402469542
C06 500.018 91.74749377275252
C06 525.002 93.65411711993302
C06 550.029 96.37242129167197
C06 575.023 97.54148787491391
C06 599.982 98.0205692868597
C06 619.997 98.22524235004178
C06 624.979 99.29369304406518
C06 650.012 98.93582217035154
C06 675.004 99.519642949272
C06 700.03 98.54627480115468
C06 725.012 98.77730325433322
C06 750.022 98.65214357655888
C06 774.987 98.29766092813384
C06 799.976 97.38399224841227
C06 824.988 95.67335537340551
C06 850.022 93.9012453281741
C06 869.967 90.76827392458422
C06 875.002 89.95306843613497
C06 899.999 83.40970805102022
C06 919.999 73.99555819633547
C06 925.012 71.7479975219619
C06 949.965 58.50738537830618
C06 975.002 43.640038520089696
C06 999.976 26.532940202496444
C06 1025.028 11.559077433005491
C06 1050.014 4.135014397941468
C06 1075.002 0.9398556728874331
C06 1099.99 0.09325161643622863
C07 319.994 39.26366802477351
C07 324.969 44.33114172993186
C07 349.982 67.79663706253753
C07 374.975 75.8055147938396
C07 400.019 84.01615489814297
C07 424.965 85.72468455473758
C07 450.035 87.29829159357642
C07 475.003 89.87911113380672
C07 500.018 91.61499673014742
C07 525.002 93.5250537821506
C07 550.029 96.24192534856617
C07 575.023 97.41322800890013
C07 599.982 97.89354494818829
C07 619.997 98.09130512219097
C07 624.979 99.16450084760287
C07 650.012 98.80264293473532
C07 675.004 99.3884344934657
C07 700.03 98.4224795094026
C07 725.012 98.67480754437291
C07 750.022 98.57437357329067
C07 774.987 98.24852787148816
C07 799.976 97.35101958620791
C07 824.988 95.63353046140053
C07 850.022 93.90464871330737
C07 869.967 90.84195076978568
C07 875.002 89.99656203055534
C07 899.999 83.26839555872692
C07 919.999 74.045828241333
C07 925.012 71.70022885133848
C07 949.965 58.69079296934704
C07 975.002 43.7350907463064
C07 999.976 26.684364311199076
C07 1025.028 11.647836428694564
C07 1050.014 4.156158591325159
C07 1075.002 0.9391144983051191
C07 1099.99 0.09317807777507452
C10 319.994 38.42789441703886
C10 324.969 43.38362490697499
C10 349.982 66.43134902952912
C10 374.975 74.6380248344456
C10 400.019 83.22856306679958
C10 424.965 85.10561713690902
C10 450.035 86.75154421484942
C10 475.003 89.3605459063615
C10 500.018 91.12172570357023
C10 525.002 93.04816296776275
C10 550.029 95.76730851088207
C10 575.023 96.95081484619281
C10 599.982 97.44461646733421
C10 619.997 97.66275147260248
C10 624.979 98.7286249930283
C10 650.012 98.38755122723302
C10 675.004 98.99498346426074
C10 700.03 98.1083599474691
C10 725.012 98.56671785172139
C10 750.022 98.73600783739313
C10 774.987 98.68996738906458
C10 799.976 97.90736314662473
C10 824.988 96.15007184957942
C10 850.022 94.50903382155207
C10 869.967 91.35664265691217
C10 875.002 90.4651528299745
C10 899.999 83.75830109978256
C10 919.999 74.32949167528098
C10 925.012 71.90956356676325
C10 949.965 58.6754625764026
C10 975.002 43.6699830033169
C10 999.976 26.887701413067706
C10 1025.028 11.722541300864178
C10 1050.014 4.2035937453653585
C10 1075.002 0.9406530922327482
C10 1099.99 0.09333073565109669
C11 319.994 38.539395074746004
C11 324.969 43.50856476700129
C11 349.982 66.61089465013477
C11 374.975 74.82663604217687
C11 400.019 83.41865993931064
C11 424.965 85.29653264103341
C11 450.035 86.9418457452638
C11 475.003 89.55696443410898
C11 500.018 91.31949345749527
C11 525.002 93.24562752479395
C11 550.029 95.97588523407225
C11 575.023 97.15816362196297
C11 599.982 97.65415584066231
C11 619.997 97.87191942973564
C11 624.979 98.94240154294772
C11 650.012 98.59753781597954
C11 675.004 99.20627379965073
C11 700.03 98.317982699943
C11 725.012 98.77274772100337
C11 750.022 98.93922555548482
C11 774.987 98.88813687887394
C11 799.976 98.10079518496795
C11 824.988 96.34076753595579
C11 850.022 94.70505819333756
C11 869.967 91.5408802494499
C11 875.002 90.63324518791562
C11 899.999 83.9155162691574
C11 919.999 74.40838350705636
C11 925.012 72.0694923483379
C11 949.965 58.814110725991334
C11 975.002 43.8305901879415
C11 999.976 26.878582766485675
C11 1025.028 11.666920778180776
C11 1050.014 4.178109572693534
C11 1075.002 0.942589137481672
C11 1099.99 0.09352282828208669
C12 319.994 38.473832536415756
C12 324.969 43.43268595435837
C12 349.982 66.46261620920565
C12 374.975 74.6171194086158
C12 400.019 83.18322755124917
C12 424.965 85.05863677820956
C12 450.035 86.70676203363026
C12 475.003 89.31555906723901
C12 500.018 91.07657968607847
C12 525.002 93.00049283612982
C12 550.029 95.71950194064692
C12 575.023 96.89692159831397
C12 599.982 97.38653152239812
C12 619.997 97.60198323515597
C12 624.979 98.6719423337262
C12 650.012 98.32549440298772
C12 675.004 98.92706736004212
C12 700.03 98.04157325167999
C12 725.012 98.49231333397472
C12 750.022 98.65479654937992
C12 774.987 98.60066074398601
C12 799.976 97.80981712595626
C12 824.988 96.05833962935019
C12 850.022 94.41675584691394
C12 869.967 91.25447288361275
C12 875.002 90.36069392012664
C12 899.999 83.70052693166265
C12 919.999 74.19844997776627
C12 925.012 71.80352803306745
C12 949.965 58.571170424846336
C12 975.002 43.71067960639166
C12 999.976 26.80462925411859
C12 1025.028 11.639141310273606
C12 1050.014 4.162696748093583
C12 1075.002 0.9398793963714428
C12 1099.99 0.09325397025851774
C13 319.994 38.61677092205223
C13 324.969 43.59493419217084
C13 349.982 66.6468386418987
C13 374.975 74.76322999175402
C13 400.019 83.35570110430618
C13 424.965 85.24626259603588
C13 450.035 86.90553791722728
C13 475.003 89.52439350778894
C13 500.018 91.28695285086462
C13 525.002 93.21467112193358
C13 550.029 95.93661365639852
C13 575.023 97.11400299437618
C13 599.982 97.60348405978044
C13 619.997 97.81165146716395
C13 624.979 98.88205020123023
C13 650.012 98.5347987987231
C13 675.004 99.1349164106871
C13 700.03 98.24462421148006
C13 725.012 98.69600100725185
C13 750.022 98.86095527734179
C13 774.987 98.80397700106819
C13 799.976 98.01450534898304
C13 824.988 96.25880583563033
C13 850.022 94.60638276423956
C13 869.967 91.42906881492658
C13 875.002 90.56134204454308
C13 899.999 83.90476793927101
C13 919.999 74.31841740873371
C13 925.012 71.92944570307637
C13 949.965 58.74098721512112
C13 975.002 43.92745022563768
C13 999.976 26.950502964683487
C13 1025.028 11.68306222281622
C13 1050.014 4.1680339609153405
C13 1075.002 0.941843460406517
C13 1099.99 0.09344884288772926
C14 319.994 38.62920957462173
C14 324.969 43.60795270879981
C14 349.982 66.65179591111286
C14 374.975 74.74059634362936
C14 400.019 83.3053931596969
C14 424.965 85.18426641116933
C14 450.035 86.83633322620986
C14 475.003 89.45177027179355
C14 500.018 91.21498906811333
C14 525.002 93.13582476969226
C14 550.029 95.85724428951534
C14 575.023 97.03088156593181
C14 599.982 97.5179673758748
C14 619.997 97.72898483406034
C14 624.979 98.79533588959394
C14 650.012 98.44662914199641
C14 675.004 99.0442150598969
C14 700.03 98.15431701665186
C14 725.012 98.61491099799618
C14 750.022 98.7831549543842
C14 774.987 98.73059577283821
C14 799.976 97.9414121578022
C14 824.988 96.19479339141981
C14 850.022 94.5274302930854
C14 869.967 91.37099144991284
C14 875.002 90.50717591945978
C14 899.999 83.81930431482179
C14 919.999 74.08171917364051
C14 925.012 71.80370995120374
C14 949.965 58.7245766832424
C14 975.002 43.89028586637608
C14 999.976 26.77040021978541
C14 1025.028 11.638182450096858
C14 1050.014 4.1692827531218155
C14 1075.002 0.9411022605164177
C14 1099.99 0.09337530171555995
C15 319.994 38.74819540564539
C15 324.969 43.74344761069268
C15 349.982 66.85806075798757
C15 374.975 74.97694590229467
C15 400.019 83.59709889125381
C15 424.965 85.49686998863368
C15 450.035 87.15900294054947
C15 475.003 89.78867508029863
C15 500.018 91.56074722591832
C15 525.002 93.49210385971327
C15 550.029 96.22564367536732
C15 575.023 97.40329073070474
C15 599.982 97.89296887409
C15 619.997 98.102440028117
C15 624.979 99.17490808098368
C15 650.012 98.82453375047008
C15 675.004 99.42680406038029
C15 700.03 98.53617834459004
C15 725.012 99.0045038467271
C15 750.022 99.18855952112852
C15 774.987 99.14864365005539
C15 799.976 98.36336369502747
C15 824.988 96.60714116703292
C15 850.022 94.9390503961533
C15 869.967 91.8298572089623
C15 875.002 90.95955326498122
C15 899.999 84.1282316299484
C15 919.999 74.3398003696713
C15 925.012 72.02230733173512
C15 949.965 58.97408498710006
C15 975.002 44.07019911321551
C15 999.976 26.946930926278014
C15 1025.028 11.73570667848859
C15 1050.014 4.18571365604184
C15 1075.002 0.9449645296818199
C15 1099.99 0.09375851251395739
C16 319.994 38.61652078461482
C16 324.969 43.592701905039995
C16 349.982 66.60423189839278
C16 374.975 74.65923345716924
C16 400.019 83.23319439935288
C16 424.965 85.1247185412205
C16 450.035 86.78201550267966
C16 475.003 89.39924140993696
C16 500.018 91.16209636998413
C16 525.002 93.08775290217501
C16 550.029 95.80721680203287
C16 575.023 96.98071005992476
C16 599.982 97.46280070104186
C16 619.997 97.67184737941747
C16 624.979 98.7419050169782
C16 650.012 98.39042401780209
C16 675.004 98.98774463842048
C16 700.03 98.10355427670184
C16 725.012 98.58249167012306
C16 750.022 98.77953933142524
C16 774.987 98.75816395041
C16 799.976 97.98716456908163
C16 824.988 96.22486294336571
C16 850.022 94.59027542925466
C16 869.967 91.53248169549073
C16 875.002 90.72456809233816
C16 899.999 83.86008429704235
C16 919.999 74.16285466243026
C16 925.012 71.94383239568874
C16 949.965 59.16861611418342
C16 975.002 44.19689372526487
C16 999.976 26.849623673163432
C16 1025.028 11.634513767681478
C16 1050.014 4.17050643683552
C16 1075.002 0.9410678142599221
C16 1099.99 0.0933718839896356
C17 319.994 38.61952622382494
C17 324.969 43.598708993499066
C17 349.982 66.5883064815442
C17 374.975 74.63943470000193
C17 400.019 83.2592314326108
C17 424.965 85.16944008306089
C17 450.035 86.84403442731322
C17 475.003 89.47062153866763
C17 500.018 91.24355779543475
C17 525.002 93.1731937868572
C17 550.029 95.8963718486645
C17 575.023 97.0698954262458
C17 599.982 97.55883073724117
C17 619.997 97.76288982671323
C17 624.979 98.82917266294572
C17 650.012 98.47834353709136
C17 675.004 99.07811247262745
C17 700.03 98.19392969083115
C17 725.012 98.69126355578571
C17 750.022 98.91327948129505
C17 774.987 98.9065409303296
C17 799.976 98.14690385259763
C17 824.988 96.38561793647605
C17 850.022 94.75989135158729
C17 869.967 91.74450728334826
C17 875.002 90.88120718761473
C17 899.999 83.93730854590166
C17 919.999 74.22816327336193
C17 925.012 71.86961737600073
C17 949.965 59.15093594531178
C17 975.002 44.058840599580286
C17 999.976 26.950391160828886
C17 1025.028 11.713219891359396
C17 1050.014 4.1999070606344056
C17 1075.002 0.9423419497485402
C17 1099.99 0.09349830254229206
