lsstCam/transmission_filter_detector/r12_s21/y_10/19700101T000000.ecsv
# %ECSV 1.0
# ---
# datatype:
# - {name: wavelength, unit: nm, datatype: float32}
# - {name: efficiency, unit: '%', datatype: float64}
# meta: !!omap
# - {MODE: DETECTOR}
# - {TYPE: transmission_filter_detector}
# - {CALIBDATE: '1970-01-01T00:00:00'}
# - {INSTRUME: LSSTCam}
# - {OBSTYPE: transmission_filter_detector}
# - {CALIBCLS: lsst.ip.isr.IntermediateFilterDetectorTransmissionCurve}
# - {SOURCE: Materion (DM-46256)}
# - {DETECTOR: 52}
# - {FILTER: y_10}
# - {CALIB_ID: 'calibDate=1970-01-01T00:00:00 filter=y_10 detector=52'}
# - {DATE: '2025-04-02T15:59:50.982797'}
# - {CALIB_CREATION_DATE: '2025-04-02'}
# - {CALIB_CREATION_TIME: '15:59:50'}
# - __serialized_columns__:
#     efficiency:
#       __class__: astropy.units.quantity.Quantity
#       unit: !astropy.units.Unit {unit: '%'}
#       value: !astropy.table.SerializedColumn {name: efficiency}
#     wavelength:
#       __class__: astropy.units.quantity.Quantity
#       unit: !astropy.units.Unit {unit: nm}
#       value: !astropy.table.SerializedColumn {name: wavelength}
# schema: astropy-2.0
wavelength efficiency
[from data line 576]
876.0 0.0033360418456140906
877.0 0.0021797213776153512
878.0 0.0010234011824650224
879.0 0.0017189557183883153
880.0 0.06899421568959951
881.0 0.09725945419631898
882.0 0.070782849797979
883.0 0.11952045606449246
884.0 0.07247988251037896
885.0 0.11156675172969699
886.0 0.07666383753530681
887.0 0.11412677122280002
888.0 0.06979477475397289
889.0 0.10585730196908116
890.0 0.06958206067793071
891.0 0.10291635990142822
892.0 0.07456616731360555
893.0 0.11144275777041912
894.0 0.08816453628242016
895.0 0.12374110519886017
896.0 0.08882017573341727
897.0 0.1307896338403225
898.0 0.10324502363801003
899.0 0.14051106991246343
900.0 0.11565193999558687
901.0 0.15675040194764733
902.0 0.1837202231399715
903.0 0.21091036032885313
904.0 0.254786666482687
905.0 0.30448436737060547
906.0 0.3824726911261678
907.0 0.5029857158660889
908.0 0.6957622710615396
909.0 0.9513784199953079
910.0 1.3872252777218819
911.0 1.9763745367527008
912.0 2.8711000457406044
913.0 4.171261563897133
914.0 5.687464028596878
915.0 7.795897871255875
916.0 10.25911271572113
917.0 12.873183190822601
918.0 15.754717588424683
919.0 18.47156137228012
920.0 22.160500288009644
921.0 26.133757829666138
922.0 30.11859655380249
923.0 34.87676978111267
924.0 40.002867579460144
925.0 45.59464752674103
926.0 52.15519666671753
927.0 59.06462073326111
928.0 64.9623692035675
929.0 71.20879888534546
930.0 76.56959891319275
931.0 81.72518610954285
932.0 86.29316091537476
933.0 90.03041982650757
934.0 92.6392912864685
935.0 94.4180965423584
936.0 95.71108818054199
937.0 96.60542011260986
938.0 97.13146686553955
939.0 97.38540649414062
940.0 97.64636158943176
941.0 97.73921370506287
942.0 97.86359667778015
943.0 97.89050221443176
944.0 98.10799360275269
945.0 98.03014397621155
946.0 98.09709787368774
947.0 98.05784821510315
948.0 98.18841218948364
949.0 98.09921979904175
950.0 98.230642080307
951.0 98.33667278289795
952.0 98.3801543712616
953.0 98.55692386627197
954.0 98.65582585334778
955.0 98.69062304496765
956.0 98.85647892951965
957.0 98.99687767028809
958.0 99.13745522499084
959.0 99.16905164718628
960.0 99.21950697898865
961.0 99.24912452697754
962.0 99.299556016922
963.0 99.31883215904236
964.0 99.3384599685669
965.0 99.32036399841309
966.0 99.4131088256836
967.0 99.49082136154175
968.0 99.48489665985107
969.0 99.47245717048645
970.0 99.54068660736084
971.0 99.5500922203064
972.0 99.58243370056152
973.0 99.6906578540802
974.0 99.66763257980347
975.0 99.61692690849304
976.0 99.69137907028198
977.0 99.62131381034851
978.0 99.68065023422241
979.0 99.6040403842926
980.0 99.56104755401611
981.0 99.48333501815796
982.0 99.3992269039154
983.0 99.45574402809143
984.0 99.41136837005615
985.0 99.44598078727722
986.0 99.30524230003357
987.0 99.40184354782104
988.0 99.31398034095764
989.0 99.32284951210022
990.0 99.31175708770752
991.0 99.36872720718384
992.0 99.44064617156982
993.0 99.39430952072144
994.0 99.36131238937378
995.0 99.42132830619812
996.0 99.41177368164062
997.0 99.5372474193573
998.0 99.57941770553589
999.0 99.6035099029541
1000.0 99.616539478302
1001.0 99.56647157669067
1002.0 99.69708919525146
1003.0 99.69879388809204
1004.0 99.72660541534424
1005.0 99.6480643749237
1006.0 99.77490901947021
1007.0 99.73030686378479
1008.0 99.67823624610901
1009.0 99.63074326515198
1010.0 99.66830611228943
1011.0 99.65922832489014
1012.0 99.58332180976868
1013.0 99.58224892616272
1014.0 99.58380460739136
1015.0 99.54646229743958
1016.0 99.56116676330566
1017.0 99.59256649017334
1018.0 99.6492087841034
1019.0 99.56309795379639
1020.0 99.63775277137756
1021.0 99.76550936698914
1022.0 99.67631101608276
1023.0 99.7021734714508
1024.0 99.68971014022827
1025.0 99.70298409461975
1026.0 99.7694194316864
1027.0 99.87050890922546
1028.0 99.75094795227051
1029.0 99.85783696174622
1030.0 99.89946484565735
1031.0 99.8425543308258
1032.0 99.87038373947144
1033.0 99.8266875743866
1034.0 99.84821677207947
1035.0 99.88482594490051
1036.0 99.83234405517578
1037.0 99.82054829597473
1038.0 99.80729222297668
1039.0 99.67181086540222
1040.0 99.66768026351929
1041.0 99.71423149108887
1042.0 99.64956045150757
1043.0 99.6159553527832
1044.0 99.75225329399109
1045.0 99.47943687438965
1046.0 99.63124990463257
1047.0 99.5919942855835
1048.0 99.6398389339447
1049.0 99.5361864566803
1050.0 99.55175518989563
1051.0 99.5819628238678
1052.0 99.50892925262451
1053.0 99.40309524536133
1054.0 99.6947705745697
1055.0 99.76475834846497
1056.0 99.57420825958252
1057.0 99.70333576202393
1058.0 99.45212006568909
1059.0 99.5135247707367
1060.0 99.58311915397644
1061.0 99.49256181716919
1062.0 99.47279691696167
1063.0 99.49239492416382
1064.0 99.53665137290955
1065.0 99.49807524681091
1066.0 99.48529005050659
1067.0 99.59303736686707
1068.0 99.54197406768799
1069.0 99.28584098815918
1070.0 99.62804317474365
1071.0 99.5625913143158
1072.0 99.5828926563263
1073.0 99.62118268013
1074.0 99.34923052787781
1075.0 99.32858943939209
1076.0 99.13892149925232
1077.0 99.38971996307373
1078.0 99.69961047172546
1079.0 99.26599860191345
1080.0 100.00382661819458
1081.0 99.06892776489258
1082.0 99.33942556381226
1083.0 99.24226403236389
1084.0 99.51971769332886
1085.0 99.61075186729431
1086.0 99.36026930809021
1087.0 99.46789145469666
1088.0 99.18429255485535
1089.0 99.19620156288147
1090.0 99.08995032310486
1091.0 99.17696714401245
1092.0 99.0378737449646
1093.0 99.05591011047363
1094.0 98.81544709205627
1095.0 98.86273741722107
1096.0 98.98021221160889
1097.0 98.76128435134888
1098.0 98.19910526275635
1099.0 99.00910258293152
1100.0 98.42185974121094
