lsstCam/transmission_filter_detector/r12_s21/y_10/19700101T000000.ecsv
# %ECSV 1.0
# ---
# datatype:
# - {name: wavelength, unit: nm, datatype: float32}
# - {name: efficiency, unit: '%', datatype: float64}
# meta: !!omap
# - {MODE: DETECTOR}
# - {TYPE: transmission_filter_detector}
# - {CALIBDATE: '1970-01-01T00:00:00'}
# - {INSTRUME: LSSTCam}
# - {OBSTYPE: transmission_filter_detector}
# - {CALIBCLS: lsst.ip.isr.IntermediateFilterDetectorTransmissionCurve}
# - {SOURCE: Materion (DM-46256)}
# - {DETECTOR: 52}
# - {FILTER: y_10}
# - {CALIB_ID: 'calibDate=1970-01-01T00:00:00 filter=y_10 detector=52'}
# - {DATE: '2025-04-02T15:59:50.982797'}
# - {CALIB_CREATION_DATE: '2025-04-02'}
# - {CALIB_CREATION_TIME: '15:59:50'}
# - __serialized_columns__:
#     efficiency:
#       __class__: astropy.units.quantity.Quantity
#       unit: !astropy.units.Unit {unit: '%'}
#       value: !astropy.table.SerializedColumn {name: efficiency}
#     wavelength:
#       __class__: astropy.units.quantity.Quantity
#       unit: !astropy.units.Unit {unit: nm}
#       value: !astropy.table.SerializedColumn {name: wavelength}
# schema: astropy-2.0
wavelength efficiency
300.0 0.5328857339918613
301.0 0.28511732816696167
302.0 0.037348869955167174
303.0 0.03712860634550452
304.0 0.036908345646224916
305.0 0.022814878320787102
306.0 0.008721405902178958
307.0 0.017015782941598445
308.0 0.025310157798230648
309.0 0.01760461600497365
310.0 0.009899071301333606
311.0 0.00896432320587337
312.0 0.008029573655221611
313.0 0.008146918116835877
314.0 0.008264261850854382
315.0 0.006823414878454059
316.0 0.005382570452638902
317.0 0.0059798847360070795
318.0 0.006577195745194331
319.0 0.002867301373044029
320.0 1.5796540507942436e-10
321.0 0.0016474037693114951
322.0 0.004137401992920786
323.0 0.003452656528679654
324.0 0.002767911064438522
325.0 0.0009533606316836085
326.0 1.5796540507942436e-10
327.0 0.0002969226898130728
328.0 0.0014550352716469206
329.0 0.0033072126825572923
330.0 0.005159389911568724
331.0 0.004328176146373153
332.0 0.003496962381177582
333.0 0.0024892367946449667
334.0 0.0014815104805165902
335.0 0.001856527160271071
336.0 0.002231544021924492
337.0 0.002861687244148925
338.0 0.003491829920676537
339.0 0.001846296618168708
340.0 0.00020076302007510094
341.0 1.5796540507942436e-10
342.0 1.5796540507942436e-10
343.0 1.5796540507942436e-10
344.0 0.0006939661489013815
345.0 0.0012047659765812568
346.0 0.0017155663954326883
347.0 0.0017454671251471154
348.0 0.0017753674910636619
349.0 0.0013915746421844233
350.0 0.0010077816114062443
351.0 0.0013830025636707433
352.0 0.0017582229702384211
353.0 0.001473004522267729
354.0 0.0011877862561959773
355.0 0.001184024313261034
356.0 0.0011802623703260906
357.0 0.000824809649202507
358.0 0.00046935665523051284
359.0 0.000682036807120312
360.0 0.0008947169590101112
361.0 0.001224556217493955
362.0 0.0015543952031293884
363.0 0.0012774656170222443
364.0 0.0010005356671172194
365.0 0.0013129688340995926
366.0 0.0016254027286777273
367.0 0.0019960063582402654
368.0 0.0023666103516006842
369.0 0.00205683918466093
370.0 0.0017470681996201165
371.0 0.0017612846932024695
372.0 0.0017755008229869418
373.0 0.0022231497496250086
374.0 0.0026707986762630753
375.0 0.0035011871659662575
376.0 0.004331575473770499
377.0 0.0041593586502131075
378.0 0.003987141826655716
379.0 0.003422264489927329
380.0 0.002857387335097883
381.0 0.001852568493632134
382.0 0.000847749561216915
383.0 0.0009745620445755776
384.0 0.0011013742550858296
385.0 0.000892116531758802
386.0 0.0006828587174823042
387.0 0.000710863241693005
388.0 0.0007388678113784408
389.0 0.000596921972828568
390.0 0.00045497627070290036
391.0 0.00045806878006260376
392.0 0.00046116138037177734
393.0 0.000586177930017584
394.0 0.000711194661562331
395.0 0.000627424878985039
396.0 0.0005436551873572171
397.0 0.0007839685167709831
398.0 0.001024281755235279
399.0 0.00125745682453271
400.0 0.0014906319847796112
401.0 0.0016702400898793712
402.0 0.0018498483768780716
403.0 0.0018766859284369275
404.0 0.001903523298096843
405.0 0.0017765216398402117
406.0 0.0016495201634825207
407.0 0.0013830323950969614
408.0 0.0011165447176608723
409.0 0.0008645636626170017
410.0 0.0006125821983005153
411.0 0.0002026300307989004
412.0 1.5796540507942436e-10
413.0 0.0003786190291066305
414.0 0.0009645599675423
415.0 0.0019100707504549064
416.0 0.002855581624316983
417.0 0.0013998411304783076
418.0 1.5796540507942436e-10
419.0 1.5796540507942436e-10
420.0 1.5796540507942436e-10
421.0 1.5796540507942436e-10
422.0 0.0009677378329797648
423.0 0.0010220649528491776
424.0 0.0010763919817691203
425.0 0.0002930572691184352
426.0 1.5796540507942436e-10
427.0 1.5796540507942436e-10
428.0 0.000361746037924604
429.0 1.5796540507942436e-10
430.0 1.5796540507942436e-10
431.0 0.000276839227808523
432.0 0.0009974947715818416
433.0 0.0007495599220419535
434.0 0.0005016255272494163
435.0 7.802724439898157e-05
436.0 1.5796540507942436e-10
437.0 1.5796540507942436e-10
438.0 0.00020281590877857525
439.0 1.5796540507942436e-10
440.0 1.5796540507942436e-10
441.0 1.5796540507942436e-10
442.0 1.5796540507942436e-10
443.0 1.5796540507942436e-10
444.0 1.5796540507942436e-10
445.0 0.00014608466472054715
446.0 0.00042857004700636026
447.0 0.0006480216143245343
448.0 0.0008674730452185031
449.0 0.0006785157438571332
450.0 0.0004895582151220879
451.0 0.00029177974738558987
452.0 9.400137059856206e-05
453.0 1.5796540507942436e-10
454.0 1.5796540507942436e-10
455.0 1.5796540507942436e-10
456.0 1.5796540507942436e-10
457.0 1.5796540507942436e-10
458.0 1.5796540507942436e-10
459.0 1.5796540507942436e-10
460.0 0.00019368965240573743
461.0 0.0002970949481095886
462.0 0.0004005002210760722
463.0 0.00038664961721224245
464.0 0.0003727990588231478
465.0 0.0004355346845841268
466.0 0.000498270401294576
467.0 0.0010055382517748512
468.0 0.001512805829406716
469.0 0.0016524265447515063
470.0 0.0017920465325005352
471.0 0.001782812614692375
472.0 0.0017735781511873938
473.0 0.0022423169866669923
474.0 0.002711055822146591
475.0 0.0027692220101016574
476.0 0.002827388198056724
477.0 0.003311673935968429
478.0 0.0037959594919811934
479.0 0.004345851994003169
480.0 0.004895744132227264
481.0 0.00482850446132943
482.0 0.004761264790431596
483.0 0.00414975656894967
484.0 0.003538247983669862
485.0 0.0037843063182663172
486.0 0.004030365016660653
487.0 0.0033469663321739063
488.0 0.002663567465788219
489.0 0.0023606311515322886
490.0 0.002057695201074239
491.0 0.0017752738131093793
492.0 0.0014928524251445197
493.0 0.0012086778951925226
494.0 0.0009245037290384062
495.0 0.0010911466233665124
496.0 0.001257789790543029
497.0 0.0017606565961614251
498.0 0.0022635236746282317
499.0 0.002476804183970671
500.0 0.0026900846933131106
501.0 0.0027384170607547276
502.0 0.0027867494281963445
503.0 0.0027573900297284126
504.0 0.0027280302674626
505.0 0.003210828435840085
506.0 0.0036936271499143913
507.0 0.002665550709934905
508.0 0.001637473724258598
509.0 0.0019338374841026962
510.0 0.0022302008801489137
511.0 0.002170471998397261
512.0 0.0021107432985445485
513.0 0.002008920091611799
514.0 0.00190709724847693
515.0 0.0014929193639545701
516.0 0.0010787413884827401
517.0 0.0012691898518824019
518.0 0.0014596381333831232
519.0 0.0016167179637704976
520.0 0.0017737977032084018
521.0 0.0018124108464689925
522.0 0.001851023807830643
523.0 0.0017872713215183467
524.0 0.0017235184714081697
525.0 0.0021449910491355695
526.0 0.0025664643544587307
527.0 0.002374517498537898
528.0 0.002182571006414946
529.0 0.0023428914573742077
530.0 0.0025032115445355885
531.0 0.0024902807126636617
532.0 0.0024773496988927945
533.0 0.0025664725399110466
534.0 0.0026555948352324776
535.0 0.0024202450731536373
536.0 0.0021848951291758567
537.0 0.0024476696125930175
538.0 0.002710443914111238
539.0 0.0034561471693450585
540.0 0.004201849878882058
541.0 0.004251884820405394
542.0 0.004301919398130849
543.0 0.004505894321482629
544.0 0.004709868517238647
545.0 0.004832238482777029
546.0 0.00495460772071965
547.0 0.004126217754674144
548.0 0.003297827424830757
549.0 0.0029500895834644325
550.0 0.0026023513783002272
551.0 0.0026340907425037585
552.0 0.0026658299248083495
553.0 0.003096578802797012
554.0 0.003527326407493092
555.0 0.0037321307900128886
556.0 0.003936935172532685
557.0 0.003746970833162777
558.0 0.003557006493792869
559.0 0.003254941839259118
560.0 0.002952877366624307
561.0 0.0031885920179774985
562.0 0.0034243064874317497
563.0 0.0033562879252713174
564.0 0.0032882689993130043
565.0 0.003831602953141555
566.0 0.004374937270767987
567.0 0.004646792513085529
568.0 0.004918647755403072
569.0 0.005424108894658275
570.0 0.005929570397711359
571.0 0.005913129280088469
572.0 0.005896687798667699
573.0 0.006068630318623036
574.0 0.006240572838578373
575.0 0.006244518590392545
576.0 0.0062484643422067165
577.0 0.0055984299251576886
578.0 0.004948395508108661
579.0 0.00583216424274724
580.0 0.00671593370498158
581.0 0.007367870421148837
582.0 0.008019806409720331
583.0 0.009219198545906693
584.0 0.01041858849930577
585.0 0.010704618762247264
586.0 0.010990649025188759
587.0 0.01063233576132916
588.0 0.010274019587086514
589.0 0.0102030964626465
590.0 0.01013217624858953
591.0 0.009329901513410732
592.0 0.008527627505827695
593.0 0.00717691145837307
594.0 0.005826197593705729
595.0 0.0056135620980057865
596.0 0.005400926966103725
597.0 0.006076059071347117
598.0 0.006751190812792629
599.0 0.00788372490205802
600.0 0.009016256808536127
601.0 0.009729688463266939
602.0 0.010443115752423182
603.0 0.011013419134542346
604.0 0.011583724699448794
605.0 0.01126532515627332
606.0 0.01094692706828937
607.0 0.009368630708195269
608.0 0.0077903372584842145
609.0 0.00615240351180546
610.0 0.004514471220318228
611.0 0.003803366780630313
612.0 0.0030922623409423977
613.0 0.003575578739400953
614.0 0.004058894774061628
615.0 0.005029249587096274
616.0 0.005999605491524562
617.0 0.0075215437391307205
618.0 0.009043481986736879
619.0 0.010090293653775007
620.0 0.011137104593217373
621.0 0.01168700255220756
622.0 0.012236900511197746
623.0 0.011814868776127696
624.0 0.0113928341306746
625.0 0.009917921852320433
626.0 0.008443008118774742
627.0 0.006728405423928052
628.0 0.0050138001824961975
629.0 0.004181206531939097
630.0 0.0033486136089777574
631.0 0.0028588223358383402
632.0 0.002369031062698923
633.0 0.0025188592189806513
634.0 0.0026686877390602604
635.0 0.002995201248268131
636.0 0.003321714757476002
637.0 0.0041195598896592855
638.0 0.004917404658044688
639.0 0.005003420665161684
640.0 0.005089436308480799
641.0 0.005412332029663958
642.0 0.005735227387049235
643.0 0.005317831892170943
644.0 0.0049004360334947705
645.0 0.0045655673602595925
646.0 0.0042306986870244145
647.0 0.0034591106668813154
648.0 0.0026875231924350373
649.0 0.002054573815257754
650.0 0.0014216243471310008
651.0 0.0015360121324192733
652.0 0.0016504003724548966
653.0 0.0016206387954298407
654.0 0.0015908772184047848
655.0 0.0016277488612104207
656.0 0.001664620685914997
657.0 0.0015582036212435924
658.0 0.0014517868294205982
659.0 0.0017920003301696852
660.0 0.0021322139218682423
661.0 0.0018435566744301468
662.0 0.0015548990631941706
663.0 0.00225659223360708
664.0 0.00295828594971681
665.0 0.0035395747545408085
666.0 0.004120863741263747
667.0 0.005021837932872586
668.0 0.005922810669289902
669.0 0.006342802225844935
670.0 0.00676279014442116
671.0 0.007194531644927338
672.0 0.007626273873029277
673.0 0.007898890180513263
674.0 0.00817150721559301
675.0 0.007444615039275959
676.0 0.006717724318150431
677.0 0.0053642463171854615
678.0 0.004010768316220492
679.0 0.0026435067411512136
680.0 0.0012762458027282264
681.0 0.0005927372512815055
682.0 1.5796540507942436e-10
683.0 0.0001759871906870103
684.0 0.0004427458407008089
685.0 0.0003238498493374209
686.0 0.00020495383523666533
687.0 0.00021789160200569313
688.0 0.0002308293460373534
689.0 0.00029331408768484835
690.0 0.00035579885206971085
691.0 0.00035636110169434687
692.0 0.000356923396793718
693.0 0.0002880790589188109
694.0 0.00021923472104390385
695.0 0.00036120213735557627
696.0 0.0005031695309298811
697.0 0.00048424208216601983
698.0 0.00046531449697795324
699.0 0.00042876185943896417
700.0 0.00039220890357682947
701.0 0.00027757682801166084
702.0 0.00016294484339596238
703.0 0.0002786924142128555
704.0 0.00039444003050448373
705.0 0.000366272138307977
706.0 0.0003381040642125299
707.0 5.333718604561e-05
708.0 1.5796540507942436e-10
709.0 1.5796540507942436e-10
710.0 0.00014702937960464624
711.0 0.0003993569862359436
712.0 0.0006516846042359248
713.0 0.00043749905671575107
714.0 0.00022331357740767999
715.0 0.00032292089144903
716.0 0.0004225281372782774
717.0 0.00029555553737736773
718.0 0.0001685829033704067
719.0 0.0003627680143836187
720.0 0.0005569530003413092
721.0 0.0004550837729766499
722.0 0.00035321456834935816
723.0 0.0003631579147622688
724.0 0.0003731011247509741
725.0 0.00046190079956431873
726.0 0.0005507006335392362
727.0 0.00032929265216807835
728.0 0.00010788503459480125
729.0 0.0002855068714779918
730.0 0.00046312884478538763
731.0 0.000622784409642918
732.0 0.0007824402018741239
733.0 0.00022858739612274803
734.0 1.5796540507942436e-10
735.0 1.5796540507942436e-10
736.0 1.5796540507942436e-10
737.0 0.0002854984586520004
738.0 0.0009415661224920768
739.0 0.0006060849955247249
740.0 0.00027060350475949235
741.0 9.190960668092885e-05
742.0 1.5796540507942436e-10
743.0 1.5796540507942436e-10
744.0 1.5796540507942436e-10
745.0 0.0003544552555467817
746.0 0.0007534533779107733
747.0 0.00038409380067605525
748.0 1.473426465281591e-05
749.0 1.5796540507942436e-10
750.0 1.5796540507942436e-10
751.0 1.5796540507942436e-10
752.0 0.00013848214166500838
753.0 0.00020289594431233127
754.0 0.00026730970148491906
755.0 1.5796540507942436e-10
756.0 1.5796540507942436e-10
757.0 1.5796540507942436e-10
758.0 1.5796540507942436e-10
759.0 9.205048741023347e-05
760.0 0.0006972742539801402
761.0 0.0004111594989808509
762.0 0.0001250447098755103
763.0 1.5796540507942436e-10
764.0 1.5796540507942436e-10
765.0 0.00019564186004572548
766.0 0.0005323920049704611
767.0 4.4351629924221925e-06
768.0 1.5796540507942436e-10
769.0 1.5796540507942436e-10
770.0 1.5796540507942436e-10
771.0 1.5796540507942436e-10
772.0 1.5796540507942436e-10
773.0 0.0003265809709773748
774.0 0.0007958909009175841
775.0 0.0004574366357701365
776.0 0.00011898213188032969
777.0 0.0002727036644500913
778.0 0.00042642518565116916
779.0 0.0006077792477299226
780.0 0.0007891333552834112
781.0 0.0007348975941567915
782.0 0.0006806617875554366
783.0 0.0005340292318578577
784.0 0.00038739667616027873
785.0 0.00021620890038320795
786.0 4.5020780703453056e-05
787.0 0.0005094781045045238
788.0 0.0009739353117765859
789.0 0.0009006403161038179
790.0 0.0008273454113805201
791.0 0.0006290435976552544
792.0 0.0004307416475057835
793.0 0.0005856740699528018
794.0 0.0007406061740766745
795.0 0.0008169587090378627
796.0 0.0008933110621001106
797.0 0.00044612024794332683
798.0 1.5796540507942436e-10
799.0 0.0004878105755778961
800.0 0.000976691626419779
801.0 0.0005443657300929772
802.0 0.00011203987924091052
803.0 0.00024214511995523935
804.0 0.0003722503606695682
805.0 0.0007274812105606543
806.0 0.0010827120604517404
807.0 0.0007128996912797447
808.0 0.00034308732210774906
809.0 3.532770875835922e-06
810.0 1.5796540507942436e-10
811.0 6.889553105793311e-05
812.0 0.0004738127699965844
813.0 0.0007964474207255989
814.0 0.0011190821169293486
815.0 0.0010964588000206277
816.0 0.001073835028364556
817.0 0.0009252969903172925
818.0 0.0007767591341689695
819.0 0.0009336857146990951
820.0 0.0010906124771281611
821.0 0.0009474551006860565
822.0 0.000804297724243952
823.0 0.0007510834620916285
824.0 0.0006978694727877155
825.0 0.0006841429240012076
826.0 0.0006704165116389049
827.0 0.0006872286121506477
828.0 0.0007040408036118606
829.0 0.00046182462938304525
830.0 0.00021960852336633252
831.0 0.0001598284711690212
832.0 0.00010004857813328272
833.0 0.0003450313670327887
834.0 0.0005900139967707219
835.0 2.5373543621753925e-05
836.0 1.5796540507942436e-10
837.0 1.5796540507942436e-10
838.0 0.0002025789399340283
839.0 0.0006106915407144697
840.0 0.0010188042324443813
841.0 0.001187513134937035
842.0 0.0013562221283791587
843.0 0.000991515571513446
844.0 0.0006268087417993229
845.0 0.0005236850029177731
846.0 0.0004205611730867531
847.0 0.0008219516530516557
848.0 0.0012233422239660285
849.0 0.0010362584362155758
850.0 0.0008491742846672423
851.0 0.001110655921365833
852.0 0.0013721373761654831
853.0 0.0005590124146692688
854.0 1.5796540507942436e-10
855.0 1.5796540507942436e-10
856.0 1.5796540507942436e-10
857.0 0.00040451964196108747
858.0 0.0013434069842332974
859.0 0.001101577072404325
860.0 0.0008597468877269421
861.0 0.001232553222507704
862.0 0.0016053598301368766
863.0 0.0017620721337152645
864.0 0.001918784255394712
865.0 0.0019858256564475596
866.0 0.002052867057500407
867.0 0.002733991823333781
868.0 0.0034151165891671553
869.0 0.0029441855076584034
870.0 0.0024732544261496514
871.0 0.003075723725487478
872.0 0.003678192661027424
873.0 0.00280455296888249
874.0 0.0019309136405354366
