lsstCam/transmission_filter_detector/r03_s11/u_24/19700101T000000.ecsv
# %ECSV 1.0
# ---
# datatype:
# - {name: wavelength, unit: nm, datatype: float32}
# - {name: efficiency, unit: '%', datatype: float64}
# meta: !!omap
# - {MODE: DETECTOR}
# - {TYPE: transmission_filter_detector}
# - {CALIBDATE: '1970-01-01T00:00:00'}
# - {INSTRUME: LSSTCam}
# - {OBSTYPE: transmission_filter_detector}
# - {CALIBCLS: lsst.ip.isr.IntermediateFilterDetectorTransmissionCurve}
# - {SOURCE: Materion (DM-46256)}
# - {DETECTOR: 22}
# - {FILTER: u_24}
# - {CALIB_ID: 'calibDate=1970-01-01T00:00:00 filter=u_24 detector=22'}
# - {DATE: '2025-04-02T15:59:39.850438'}
# - {CALIB_CREATION_DATE: '2025-04-02'}
# - {CALIB_CREATION_TIME: '15:59:39'}
# - __serialized_columns__:
#     efficiency:
#       __class__: astropy.units.quantity.Quantity
#       unit: !astropy.units.Unit {unit: '%'}
#       value: !astropy.table.SerializedColumn {name: efficiency}
#     wavelength:
#       __class__: astropy.units.quantity.Quantity
#       unit: !astropy.units.Unit {unit: nm}
#       value: !astropy.table.SerializedColumn {name: wavelength}
# schema: astropy-2.0
wavelength efficiency
295.0 1.672436603268601e-10
296.0 1.672436603268601e-10
297.0 1.672436603268601e-10
298.0 1.672436603268601e-10
299.0 1.672436603268601e-10
300.0 1.672436603268601e-10
301.0 1.672436603268601e-10
302.0 1.672436603268601e-10
303.0 1.672436603268601e-10
304.0 0.4011363722383976
305.0 1.3211456127464771
306.0 2.82745324075222
307.0 4.906139150261879
308.0 7.400713860988617
309.0 11.123371124267578
310.0 14.743185043334961
311.0 18.79538893699646
312.0 22.51395732164383
313.0 25.37437081336975
314.0 28.01463007926941
315.0 30.49294352531433
316.0 32.81371295452118
317.0 35.89881658554077
318.0 39.571166038513184
319.0 44.31679546833038
320.0 50.609636306762695
321.0 56.18831515312195
322.0 62.03827261924744
323.0 66.78842306137085
324.0 70.47283053398132
325.0 72.94119596481323
326.0 74.90079998970032
327.0 76.65955424308777
328.0 78.41777205467224
329.0 79.65095639228821
330.0 80.65926432609558
331.0 80.99788427352905
332.0 81.19131326675415
333.0 81.29331469535828
334.0 81.25202655792236
335.0 81.75075054168701
336.0 82.23673701286316
337.0 82.83025622367859
338.0 83.84251594543457
339.0 84.22110676765442
340.0 84.51065421104431
341.0 85.00035405158997
342.0 85.23865938186646
343.0 85.22485494613647
344.0 85.49970388412476
345.0 85.91696619987488
346.0 86.26116514205933
347.0 86.61792874336243
348.0 86.81619763374329
349.0 87.05612421035767
350.0 87.00283765792847
351.0 87.24969029426575
352.0 87.058025598526
353.0 87.14501857757568
354.0 87.10376024246216
355.0 87.32141852378845
356.0 87.41759657859802
357.0 87.23806142807007
358.0 86.88693046569824
359.0 86.51840090751648
360.0 86.40919327735901
361.0 86.18515729904175
362.0 86.0741674900055
363.0 86.24365329742432
364.0 86.37829422950745
365.0 86.80631518363953
366.0 87.12824583053589
367.0 87.20840811729431
368.0 87.22516298294067
369.0 87.36018538475037
370.0 87.27611899375916
371.0 87.19301223754883
372.0 87.30018734931946
373.0 87.50653862953186
374.0 87.53040432929993
375.0 87.8976583480835
376.0 88.06896209716797
377.0 88.19155693054199
378.0 88.12034726142883
379.0 87.55277991294861
380.0 86.56530976295471
381.0 84.97794270515442
382.0 83.04470181465149
383.0 80.9505820274353
384.0 78.86532545089722
385.0 76.30829215049744
386.0 73.52854609489441
387.0 69.72208023071289
388.0 65.82559943199158
389.0 61.27787232398987
390.0 57.02466368675232
391.0 52.81103849411011
392.0 48.64536225795746
393.0 45.10606825351715
394.0 41.566115617752075
395.0 37.25927472114563
396.0 32.37145245075226
397.0 25.776126980781555
398.0 18.922361731529236
399.0 12.161054462194443
400.0 6.699643284082413
401.0 3.011288493871689
402.0 0.9947947226464748
403.0 0.33075574319809675
404.0 0.15931297093629837
405.0 0.03366186865605414
406.0 0.01515282056061551
407.0 1.672436603268601e-10
408.0 1.672436603268601e-10
409.0 1.672436603268601e-10
410.0 1.672436603268601e-10
411.0 1.672436603268601e-10
412.0 1.672436603268601e-10
413.0 1.672436603268601e-10
414.0 1.672436603268601e-10
415.0 1.672436603268601e-10
416.0 1.672436603268601e-10
417.0 1.672436603268601e-10
418.0 1.672436603268601e-10
419.0 1.672436603268601e-10
420.0 1.672436603268601e-10
421.0 1.672436603268601e-10
422.0 1.672436603268601e-10
423.0 1.672436603268601e-10
424.0 1.672436603268601e-10
425.0 1.672436603268601e-10
426.0 1.672436603268601e-10
427.0 0.0001405955117661506
428.0 0.0018859096599044278
429.0 0.0008709781468496658
430.0 1.672436603268601e-10
431.0 1.672436603268601e-10
432.0 1.672436603268601e-10
433.0 1.672436603268601e-10
434.0 1.672436603268601e-10
435.0 1.672436603268601e-10
436.0 1.672436603268601e-10
437.0 1.672436603268601e-10
438.0 1.672436603268601e-10
439.0 0.0010101294719788712
440.0 0.0021757936337962747
441.0 0.0001897077481771703
442.0 1.672436603268601e-10
443.0 1.672436603268601e-10
444.0 1.672436603268601e-10
445.0 1.672436603268601e-10
446.0 0.0010989671864081174
447.0 0.00015406910733872792
448.0 1.672436603268601e-10
449.0 1.672436603268601e-10
450.0 0.00014348249806062086
451.0 1.672436603268601e-10
452.0 1.672436603268601e-10
453.0 1.672436603268601e-10
454.0 1.672436603268601e-10
455.0 1.672436603268601e-10
456.0 1.672436603268601e-10
457.0 1.672436603268601e-10
458.0 1.672436603268601e-10
459.0 1.672436603268601e-10
460.0 1.672436603268601e-10
461.0 1.672436603268601e-10
462.0 1.672436603268601e-10
463.0 1.672436603268601e-10
464.0 1.672436603268601e-10
465.0 1.672436603268601e-10
466.0 3.9442389265786915e-05
467.0 0.00010537846719671506
468.0 0.00017131463891928433
469.0 0.0005096803761261981
470.0 0.0008480461474391632
471.0 0.00020128038613620447
472.0 1.672436603268601e-10
473.0 1.672436603268601e-10
474.0 1.672436603268601e-10
475.0 1.672436603268601e-10
476.0 1.672436603268601e-10
477.0 0.0001427754455107788
478.0 0.000623624146101065
479.0 0.0002766248599073151
480.0 1.672436603268601e-10
481.0 0.0001874630697784596
482.0 0.00044530033846967854
483.0 1.672436603268601e-10
484.0 1.672436603268601e-10
485.0 1.672436603268601e-10
486.0 1.672436603268601e-10
487.0 1.672436603268601e-10
488.0 1.672436603268601e-10
489.0 1.672436603268601e-10
490.0 1.672436603268601e-10
491.0 1.672436603268601e-10
492.0 0.00034491226870159153
493.0 1.672436603268601e-10
494.0 1.672436603268601e-10
495.0 0.0002510223339413642
496.0 0.0010684138942451682
497.0 0.0005025163318350678
498.0 1.672436603268601e-10
499.0 0.0002833623057085788
500.0 0.0006301063876890112
501.0 0.0002784542857625638
502.0 1.672436603268601e-10
503.0 1.672436603268601e-10
504.0 1.672436603268601e-10
505.0 1.672436603268601e-10
506.0 1.672436603268601e-10
507.0 1.672436603268601e-10
508.0 1.672436603268601e-10
509.0 1.672436603268601e-10
510.0 1.672436603268601e-10
511.0 1.672436603268601e-10
512.0 0.0004240726411808282
513.0 0.00042697670323832426
514.0 0.0004298804014979396
515.0 0.00045658334784093313
516.0 0.00048328633965866175
517.0 1.672436603268601e-10
518.0 1.672436603268601e-10
519.0 1.672436603268601e-10
520.0 0.00016575435211052536
521.0 0.00047770699893590063
522.0 0.000789659588917857
523.0 0.0003238836598029593
524.0 1.672436603268601e-10
525.0 1.672436603268601e-10
526.0 1.672436603268601e-10
527.0 1.672436603268601e-10
528.0 1.672436603268601e-10
529.0 1.672436603268601e-10
530.0 1.672436603268601e-10
531.0 0.00012825815929318196
532.0 0.00038534035411430523
533.0 1.672436603268601e-10
534.0 1.672436603268601e-10
535.0 1.672436603268601e-10
536.0 1.672436603268601e-10
537.0 1.672436603268601e-10
538.0 1.672436603268601e-10
539.0 1.672436603268601e-10
540.0 1.672436603268601e-10
541.0 1.672436603268601e-10
542.0 1.672436603268601e-10
543.0 1.672436603268601e-10
544.0 1.672436603268601e-10
545.0 1.672436603268601e-10
546.0 1.672436603268601e-10
547.0 1.672436603268601e-10
548.0 0.00017315239801973803
549.0 1.672436603268601e-10
550.0 1.672436603268601e-10
551.0 1.672436603268601e-10
552.0 1.672436603268601e-10
553.0 1.672436603268601e-10
554.0 1.672436603268601e-10
555.0 1.672436603268601e-10
556.0 1.672436603268601e-10
557.0 1.672436603268601e-10
558.0 1.672436603268601e-10
559.0 1.672436603268601e-10
560.0 0.0001796701326384209
561.0 0.00010411023367851158
562.0 2.8550613251354662e-05
563.0 1.672436603268601e-10
564.0 1.672436603268601e-10
565.0 1.672436603268601e-10
566.0 1.672436603268601e-10
567.0 1.672436603268601e-10
568.0 9.542635552861611e-05
569.0 0.000285832197732816
570.0 0.00047623784666939173
571.0 0.00045614106056746095
572.0 0.0004360445018392056
573.0 0.0004009412350569619
574.0 0.00036583833207259886
575.0 0.0001633678380130732
576.0 1.672436603268601e-10
577.0 0.0002050492412308813
578.0 0.00044920097934664227
579.0 0.00042401370592415333
580.0 0.0003988264325016644
581.0 0.0008900307875592262
582.0 0.0013812354154651985
583.0 0.0015482435628655367
584.0 0.0017152518921648152
585.0 0.0013612751899927389
586.0 0.0010072981240227818
587.0 0.0009653224879002664
588.0 0.0009233469427272212
589.0 0.0008209452062146738
590.0 0.0007185431513789808
591.0 0.0009464451068197377
592.0 0.0011743471077352297
593.0 0.0010055715392809361
594.0 0.0008367955160792917
595.0 0.0007786680725985207
596.0 0.0007205405381682795
597.0 0.0008978898222267162
598.0 0.0010752389243862126
599.0 0.0016638252418488264
600.0 0.00225241146836197
601.0 0.0025397488570888527
602.0 0.0028270864277146757
603.0 0.002404971564828884
604.0 0.0019828568838420324
605.0 0.0015477860870305449
606.0 0.0011127150173706468
607.0 0.0010569657206360716
608.0 0.0010012165148509666
609.0 0.0006607094746868825
610.0 0.00032020252547226846
611.0 0.0005538304321817122
612.0 0.0007874584298406262
613.0 0.0008184084435924888
614.0 0.0008493583663948812
615.0 0.0009308505468652584
616.0 0.0010123426363861654
617.0 0.0009681330084276851
618.0 0.0009239233804692049
619.0 0.0004321821961639216
620.0 1.672436603268601e-10
621.0 0.00034639770092326216
622.0 0.0007523542080889456
623.0 0.000764404012443265
624.0 0.0007764539077470545
625.0 0.0008122861800075043
626.0 0.0008481182703690138
627.0 0.0007939742317830678
628.0 0.0007398301931971218
629.0 0.000997176903183572
630.0 0.0012545237041194923
631.0 0.0015392963177873753
632.0 0.0018240689314552583
633.0 0.0020306297301431186
634.0 0.0022371903469320387
635.0 0.002489924918336328
636.0 0.0027426593078416772
637.0 0.0023580241759191267
638.0 0.001973388862097636
639.0 0.0012830204468627926
640.0 0.0005926517587795388
641.0 0.0008397512829105835
642.0 0.0010868507160921581
643.0 0.000769904818298528
644.0 0.0004529589659796329
645.0 0.00038063506053731544
646.0 0.0003083110868828953
647.0 9.638459914640407e-05
648.0 1.672436603268601e-10
649.0 1.672436603268601e-10
650.0 8.666842745697068e-05
651.0 0.0005493018306879094
652.0 0.0010119354556081817
653.0 0.0013231961020210292
654.0 0.0016344560208381154
655.0 0.0016955162209342234
656.0 0.001756576239131391
657.0 0.0027130958187626675
658.0 0.0036696157621918246
659.0 0.00417958726757206
660.0 0.004689558409154415
661.0 0.004389128662296571
662.0 0.004088698551640846
663.0 0.003015860784216784
664.0 0.0019430231986916624
665.0 0.0016019863323890604
666.0 0.001260949284187518
667.0 0.0012450109352357686
668.0 0.0012290723134356085
669.0 0.0008734116818231996
670.0 0.0005177510047360556
671.0 0.0005808697096654214
672.0 0.000643988323645317
673.0 0.000492477738589514
674.0 0.00034096713079634355
675.0 0.0006332247266982449
676.0 0.0009254823453375138
677.0 0.0016982643501251005
678.0 0.002471046718710568
679.0 0.002436297290842049
680.0 0.00240154786297353
681.0 0.003404654489713721
682.0 0.004407760570757091
683.0 0.006199919153004885
684.0 0.00799207846284844
685.0 0.008745310333324596
686.0 0.009498546569375321
687.0 0.008521604468114674
688.0 0.00754466382204555
689.0 0.005864987542736344
690.0 0.0041853123548207805
691.0 0.0037944395444355905
692.0 0.0034035667340504006
693.0 0.003103663766523823
694.0 0.0028037607989972457
695.0 0.002404791121080052
696.0 0.002005821625061799
697.0 0.0014311160157376435
698.0 0.0008564101335650776
699.0 0.0006520974693557946
700.0 0.00044778471419704147
701.0 0.00042756000766530633
702.0 0.0004073352556588361
703.0 0.0005718625288864132
704.0 0.0007363898475887254
705.0 0.0007763101166347042
706.0 0.0008162307494785637
707.0 0.0008442010766884778
708.0 0.0008721710401005112
709.0 0.0006881373337819241
710.0 0.0005041034910391318
711.0 0.0006396819117071573
712.0 0.0007752601050015073
713.0 0.0007949563041620422
714.0 0.0008146525942720473
715.0 0.0006289735665632179
716.0 0.0004432945843291236
717.0 0.0005073638476460474
718.0 0.000571433065488236
719.0 0.0005153368874744046
720.0 0.0004592406639858382
721.0 0.0004471449301490793
722.0 0.00043504915083758533
723.0 0.0004613595137925586
724.0 0.00048766983127279673
725.0 0.0004162399363849545
726.0 0.00034480988233553944
727.0 0.00045254428187035955
728.0 0.0005602787496172823
729.0 0.000405139098802465
730.0 0.000249999584411853
731.0 0.00030663557026855415
732.0 0.0003632716470747255
733.0 0.00024824694264680147
734.0 0.00013322236327439896
735.0 0.0002836940211636829
736.0 0.0004341657131590182
737.0 0.0005118909939483274
738.0 0.0005896162747376366
739.0 0.0006250157184695126
740.0 0.0006604148893529782
741.0 0.0009732164471643046
742.0 0.0012860183232987765
743.0 0.0021017096514697187
744.0 0.0029174007067922503
745.0 0.0036027053283760324
746.0 0.004288009222364053
747.0 0.004726188853965141
748.0 0.005164368849364109
749.0 0.004347982394392602
750.0 0.0035315966670168564
751.0 0.0032213392842095345
752.0 0.0029110819014022127
753.0 0.0023971422706381418
754.0 0.0018832024579751305
755.0 0.002099443918268662
756.0 0.0023156855604611337
757.0 0.0019534681996447034
758.0 0.0015912504750303924
759.0 0.001197099936689483
760.0 0.0008029493983485736
761.0 0.001224423795065377
762.0 0.0016458981917821802
763.0 0.0011768305739678908
764.0 0.0007077626378304558
765.0 0.0008913889359973837
766.0 0.0010750153705885168
767.0 0.0008710362635611091
768.0 0.0006670570655842312
769.0 0.0005805277851322899
770.0 0.0004939983682561433
771.0 0.0003787738023675047
772.0 0.0002635490318425582
773.0 0.0002588433972050552
774.0 0.00025413769435544964
775.0 0.00029682298645639094
776.0 0.0003395081648704945
777.0 0.00043595991883194074
778.0 0.0005324114681570791
779.0 0.0008177730705938302
780.0 0.0011031346730305813
781.0 0.0011569626622076612
782.0 0.0012107908332836814
783.0 0.0009651209438743535
784.0 0.0007194508725660853
785.0 0.001011234326142585
786.0 0.0013030175978201441
787.0 0.0011427740901126526
788.0 0.0009825306733546313
789.0 0.0010264644515700638
790.0 0.0010703982297854964
791.0 0.000987218209047569
792.0 0.0009040380973601714
793.0 0.00020387467429827666
794.0 1.672436603268601e-10
795.0 1.672436603268601e-10
796.0 6.584094762729364e-05
797.0 0.00029996722332725767
798.0 0.0005340934876585379
799.0 0.0003353974534547888
800.0 0.0001367013055642019
801.0 1.672436603268601e-10
802.0 1.672436603268601e-10
803.0 1.672436603268601e-10
804.0 1.672436603268601e-10
805.0 1.672436603268601e-10
806.0 1.672436603268601e-10
807.0 1.672436603268601e-10
808.0 1.672436603268601e-10
809.0 1.672436603268601e-10
810.0 0.00034641004731383873
811.0 0.00012415326864356757
812.0 1.672436603268601e-10
813.0 0.00014847462352918228
814.0 0.00039505271161033306
815.0 0.0003880495569319464
816.0 0.00038104642499092733
817.0 0.00025551271392032504
818.0 0.00012997899148103897
819.0 2.651256636454491e-05
820.0 1.672436603268601e-10
821.0 1.672436603268601e-10
822.0 1.672436603268601e-10
823.0 1.672436603268601e-10
824.0 1.672436603268601e-10
825.0 1.672436603268601e-10
826.0 1.672436603268601e-10
827.0 0.0003268022737756837
828.0 0.0007905222446424887
829.0 0.0004905584319203626
830.0 0.00019059488067796337
831.0 1.672436603268601e-10
832.0 1.672436603268601e-10
833.0 1.672436603268601e-10
834.0 1.672436603268601e-10
835.0 1.672436603268601e-10
836.0 0.00011805581152657396
837.0 1.672436603268601e-10
838.0 1.672436603268601e-10
839.0 1.672436603268601e-10
840.0 1.672436603268601e-10
841.0 2.551760225344424e-06
842.0 0.00035238383588875877
843.0 0.00023604304715263424
844.0 0.00011970213336098823
845.0 0.00016116950973810162
846.0 0.00020263680653442862
847.0 8.099427191154973e-05
848.0 1.672436603268601e-10
849.0 0.0001064826733454538
850.0 0.00025361348434671527
851.0 0.00023108309505914804
852.0 0.00020855268303421326
853.0 0.00042761166696436703
854.0 0.0006466706963692559
855.0 0.000509029860040755
856.0 0.0003713890009748866
857.0 0.0004773827185999835
858.0 0.0005833763225382427
859.0 0.000707534991306602
860.0 0.0008316936146002263
861.0 0.0009486134331382345
862.0 0.0010655335245246533
863.0 0.0012726663044304587
864.0 0.0014797989024373237
865.0 0.0018302156604477204
866.0 0.002180632327508647
867.0 0.002093342482112348
868.0 0.00200605300051393
869.0 0.0019457256712485105
870.0 0.001885398341983091
871.0 0.001802218503144104
872.0 0.0017190383005072363
873.0 0.0016506915926584043
874.0 0.0015823445210116915
875.0 0.0018684087990550324
876.0 0.0021544732589973137
877.0 0.002329384187760297
878.0 0.002504295298422221
879.0 0.0026862853701459244
