lsstCam/transmission_filter_detector/r03_s11/u_24/19700101T000000.ecsv
# %ECSV 1.0
# ---
# datatype:
# - {name: wavelength, unit: nm, datatype: float32}
# - {name: efficiency, unit: '%', datatype: float64}
# meta: !!omap
# - {MODE: DETECTOR}
# - {TYPE: transmission_filter_detector}
# - {CALIBDATE: '1970-01-01T00:00:00'}
# - {INSTRUME: LSSTCam}
# - {OBSTYPE: transmission_filter_detector}
# - {CALIBCLS: lsst.ip.isr.IntermediateFilterDetectorTransmissionCurve}
# - {SOURCE: Materion (DM-46256)}
# - {DETECTOR: 22}
# - {FILTER: u_24}
# - {CALIB_ID: 'calibDate=1970-01-01T00:00:00 filter=u_24 detector=22'}
# - {DATE: '2025-04-02T15:59:39.850438'}
# - {CALIB_CREATION_DATE: '2025-04-02'}
# - {CALIB_CREATION_TIME: '15:59:39'}
# - __serialized_columns__:
#     efficiency:
#       __class__: astropy.units.quantity.Quantity
#       unit: !astropy.units.Unit {unit: '%'}
#       value: !astropy.table.SerializedColumn {name: efficiency}
#     wavelength:
#       __class__: astropy.units.quantity.Quantity
#       unit: !astropy.units.Unit {unit: nm}
#       value: !astropy.table.SerializedColumn {name: wavelength}
# schema: astropy-2.0
wavelength efficiency
[from data line 586]
881.0 0.0030240349587984383
882.0 0.0031797946576261893
883.0 0.0030387342121684924
884.0 0.002897674130508676
885.0 0.0027096824851469137
886.0 0.002521690839785151
887.0 0.002319373015780002
888.0 0.0021170555555727333
889.0 0.002008752926485613
890.0 0.0019004502973984927
891.0 0.002243539347546175
892.0 0.002586628215794917
893.0 0.002439009585941676
894.0 0.002291390046593733
895.0 0.0028003027182421647
896.0 0.0033092150260927156
897.0 0.0037123052607057616
898.0 0.004115395859116688
899.0 0.0043018662836402655
900.0 0.004488336344365962
901.0 0.004244293813826516
902.0 0.004000251647084951
903.0 0.004445288868737407
904.0 0.004890326090389863
905.0 0.0050142280088039115
906.0 0.005138130291015841
907.0 0.00559059735678602
908.0 0.006043064422556199
909.0 0.0060208320064703
910.0 0.005998599954182282
911.0 0.006046309863450006
912.0 0.006094019772717729
913.0 0.005983059963909909
914.0 0.005872099427506328
915.0 0.005126301766722463
916.0 0.004380503742140718
917.0 0.004072170122526586
918.0 0.003763836866710335
919.0 0.004034463927382603
920.0 0.004305090624256991
921.0 0.0044920481741428375
922.0 0.004679005724028684
923.0 0.005539561607292853
924.0 0.006400115671567619
925.0 0.006559611938428134
926.0 0.00671910893288441
927.0 0.007291071233339608
928.0 0.007863029895815998
929.0 0.007831391849322245
930.0 0.007799753075232729
931.0 0.00718228257028386
932.0 0.006564810610143468
933.0 0.006490315718110651
934.0 0.006415820098482072
935.0 0.006693664909107611
936.0 0.006971509719733149
937.0 0.0072098067903425545
938.0 0.0074481045885477215
939.0 0.007149342854972929
940.0 0.006850580393802375
941.0 0.00619047277723439
942.0 0.005530363705474883
943.0 0.004492741572903469
944.0 0.003455119440332055
945.0 0.0027366060749045573
946.0 0.0020180930732749403
947.0 0.0017403724996256642
948.0 0.0014626519259763882
949.0 0.0012610705198312644
950.0 0.0010594890227366704
951.0 0.0010078608283947688
952.0 0.0009562327250023372
953.0 0.0013067015061096754
954.0 0.001657170469115954
955.0 0.0021612753698718734
956.0 0.0026653800887288526
957.0 0.002768321610346902
958.0 0.00287126222247025
959.0 0.003054151966352947
960.0 0.0032370408007409424
961.0 0.003637634654296562
962.0 0.004038228507852182
963.0 0.004257902764948085
964.0 0.0044775777496397495
965.0 0.004464377707336098
966.0 0.004451178028830327
967.0 0.004555452323984355
968.0 0.004659727346734144
969.0 0.004667566827265546
970.0 0.004675405943999067
971.0 0.0048380286898463964
972.0 0.0050006507080979645
973.0 0.0049078138545155525
974.0 0.004814975909539498
975.0 0.004501832518144511
976.0 0.004188688762951642
977.0 0.003839354758383706
978.0 0.0034900203900178894
979.0 0.0033267187973251566
980.0 0.0031634164770366624
981.0 0.003112402919214219
982.0 0.003061389725189656
983.0 0.0031154115276876837
984.0 0.003169433693983592
985.0 0.003338771784910932
986.0 0.0035081106034340337
987.0 0.0038678423152305186
988.0 0.004227573663229123
989.0 0.005134679668117315
990.0 0.006041784581611864
991.0 0.006440306606236845
992.0 0.0068388282670639455
993.0 0.007204236317193136
994.0 0.007569644367322326
995.0 0.007483658555429429
996.0 0.007397669105557725
997.0 0.007136470958357677
998.0 0.006875275721540675
999.0 0.006830271013313904
1000.0 0.006785264849895611
1001.0 0.006171390850795433
1002.0 0.005557519034482539
1003.0 0.0048925277951639146
1004.0 0.00422753619204741
1005.0 0.004637781239580363
1006.0 0.005048025195719674
1007.0 0.004872471254202537
1008.0 0.004696914402302355
1009.0 0.004185688521829434
1010.0 0.003674462641356513
1011.0 0.003723625559359789
1012.0 0.003772788477363065
1013.0 0.003169516639900394
1014.0 0.0025662448024377227
1015.0 0.002097486321872566
1016.0 0.001628727841307409
1017.0 0.0016950514691416174
1018.0 0.0017613749150768854
1019.0 0.0014927285519661382
1020.0 0.0012240820069564506
1021.0 0.00111038252725848
1022.0 0.0009966833204089198
1023.0 0.0012311392310948577
1024.0 0.001465595414629206
1025.0 0.001366920696455054
1026.0 0.0012682461601798423
1027.0 0.0010381820175098255
1028.0 0.0008081176929408684
1029.0 0.0008168941349140368
1030.0 0.0008256707587861456
1031.0 0.001715127109491732
1032.0 0.0026045834601973183
1033.0 0.0023436814444721676
1034.0 0.0020827790649491362
1035.0 0.0024097340428852476
1036.0 0.0027366888389224187
1037.0 0.0029793503927066922
1038.0 0.0032220123102888465
1039.0 0.0028618685973924585
1040.0 0.0025017254301928915
1041.0 0.0018346436263527721
1042.0 0.0011675618225126527
1043.0 0.001062029150489252
1044.0 0.0009564967513142619
1045.0 0.0011995998647762462
1046.0 0.001442703160137171
1047.0 0.0017158323316834867
1048.0 0.001988961776078213
1049.0 0.0015483046809094958
1050.0 0.0011076471309934277
1051.0 0.0008079895451373886
1052.0 0.0005083315954834688
1053.0 0.0006418564680643613
1054.0 0.0007753810677968431
1055.0 0.0007346994607360102
1056.0 0.0006940183538972633
1057.0 0.0011186501069460064
1058.0 0.0015432817235705443
1059.0 0.0011963637007283978
1060.0 0.0008494461326336022
1061.0 0.002068423418677412
1062.0 0.0032874006137717515
1063.0 0.002516302811272908
1064.0 0.0017452046449761838
1065.0 0.001142560358857736
1066.0 0.0005399161182140233
1067.0 0.0008311655619763769
1068.0 0.0011224145055166446
1069.0 0.0016716530808480456
1070.0 0.002220891292381566
1071.0 0.0009298703844251577
1072.0 1.672436603268601e-10
1073.0 0.0004061003437527688
1074.0 0.0011733509381883778
1075.0 0.002777220470306929
1076.0 0.00438108945672866
1077.0 0.004933488162350841
1078.0 0.0054858865041751415
1079.0 0.006068726361263543
1080.0 0.0066515633079689
1081.0 0.0048312424041796476
1082.0 0.003010921682289336
1083.0 0.00271170683845412
1084.0 0.0024124918127199635
1085.0 0.003745005960809067
1086.0 0.00507752010889817
1087.0 0.004742252713185735
1088.0 0.004406984226079658
1089.0 0.0065449166868347675
1090.0 0.008682849147589877
1091.0 0.005542731014429592
1092.0 0.002402612881269306
1093.0 0.0010873378414544277
1094.0 1.672436603268601e-10
1095.0 0.00010667670267139329
1096.0 0.00044129051275376696
1097.0 0.001997418985411059
1098.0 0.0035535482311388478
1099.0 0.0037331556086428463
1100.0 0.003912762622348964
