lsstCam/transmission_filter_detector/r31_s01/z_20/19700101T000000.ecsv
# %ECSV 1.0
# ---
# datatype:
# - {name: wavelength, unit: nm, datatype: float32}
# - {name: efficiency, unit: '%', datatype: float64}
# meta: !!omap
# - {MODE: DETECTOR}
# - {TYPE: transmission_filter_detector}
# - {CALIBDATE: '1970-01-01T00:00:00'}
# - {INSTRUME: LSSTCam}
# - {OBSTYPE: transmission_filter_detector}
# - {CALIBCLS: lsst.ip.isr.IntermediateFilterDetectorTransmissionCurve}
# - {SOURCE: Materion (DM-46256)}
# - {DETECTOR: 127}
# - {FILTER: z_20}
# - {CALIB_ID: 'calibDate=1970-01-01T00:00:00 filter=z_20 detector=127'}
# - {DATE: '2025-04-02T15:59:49.227716'}
# - {CALIB_CREATION_DATE: '2025-04-02'}
# - {CALIB_CREATION_TIME: '15:59:49'}
# - __serialized_columns__:
#     efficiency:
#       __class__: astropy.units.quantity.Quantity
#       unit: !astropy.units.Unit {unit: '%'}
#       value: !astropy.table.SerializedColumn {name: efficiency}
#     wavelength:
#       __class__: astropy.units.quantity.Quantity
#       unit: !astropy.units.Unit {unit: nm}
#       value: !astropy.table.SerializedColumn {name: wavelength}
# schema: astropy-2.0
wavelength efficiency
[from data line 597]
897.0 99.52262043952942
898.0 98.93015027046204
899.0 98.98460507392883
900.0 99.0010678768158
901.0 99.78814721107483
902.0 99.06563758850098
903.0 99.10910725593567
904.0 98.04192185401917
905.0 98.73932600021362
906.0 98.37688207626343
907.0 99.04459118843079
908.0 98.30997586250305
909.0 98.58062267303467
910.0 98.07700514793396
911.0 97.18618392944336
912.0 96.38501405715942
913.0 95.3255832195282
914.0 93.02473664283752
915.0 90.943443775177
916.0 88.92084956169128
917.0 87.14520335197449
918.0 83.83272886276245
919.0 82.71366953849792
920.0 79.9001932144165
921.0 76.33566856384277
922.0 72.22099900245667
923.0 66.62869453430176
924.0 61.103105545043945
925.0 55.98921179771423
926.0 49.61802959442139
927.0 42.938947677612305
928.0 37.07419037818909
929.0 30.682754516601562
930.0 25.17026960849762
931.0 19.829535484313965
932.0 14.233727753162384
933.0 9.830625355243683
934.0 6.416138261556625
935.0 4.008781164884567
936.0 2.250104211270809
937.0 1.3774290680885315
938.0 0.7987545803189278
939.0 0.5642568692564964
940.0 0.24747170973569155
941.0 0.18934913678094745
942.0 0.02500539121683687
943.0 0.10444318177178502
944.0 0.053783273324370384
945.0 0.08427964057773352
946.0 0.03605464880820364
947.0 0.0973892689216882
948.0 1.5814026520580282e-10
949.0 0.034051560214720666
950.0 0.071530049899593
951.0 0.045418209629133344
952.0 0.03463997272774577
953.0 0.03640522772911936
954.0 1.5814026520580282e-10
955.0 0.04475955502130091
956.0 0.05353057058528066
957.0 1.5814026520580282e-10
958.0 1.5814026520580282e-10
959.0 0.07572619360871613
960.0 1.5814026520580282e-10
961.0 1.5814026520580282e-10
962.0 0.001479594357078895
963.0 0.07869664113968611
964.0 1.5814026520580282e-10
965.0 1.5814026520580282e-10
966.0 1.5814026520580282e-10
967.0 1.5814026520580282e-10
968.0 0.04513221501838416
969.0 1.5814026520580282e-10
970.0 1.5814026520580282e-10
971.0 1.5814026520580282e-10
972.0 1.5814026520580282e-10
973.0 1.5814026520580282e-10
974.0 1.5814026520580282e-10
975.0 1.5814026520580282e-10
976.0 0.00651656009722501
977.0 0.006515860877698287
978.0 0.006515160930575803
979.0 0.006248666613828391
980.0 0.005982171933283098
981.0 0.005856541247339919
982.0 0.005730909833800979
983.0 0.005666638753609732
984.0 0.005602367309620604
985.0 0.005432603575172834
986.0 0.005262839476927184
987.0 0.0051801049266941845
988.0 0.0050973703764611855
989.0 0.005034096466260962
990.0 0.004970822556060739
991.0 0.004909827475785278
992.0 0.004848832395509817
993.0 0.004719330172520131
994.0 0.004589827585732564
995.0 0.004599433304974809
996.0 0.004609038296621293
997.0 0.004635949517250992
998.0 0.004662860374082811
999.0 0.004561138484859839
1000.0 0.004459416231838986
1001.0 0.004418646858539432
1002.0 0.004377877849037759
1003.0 0.004389329114928842
1004.0 0.004400780380819924
1005.0 0.0044342152250465006
1006.0 0.004467649705475196
1007.0 0.004488454578677192
1008.0 0.004509259088081308
1009.0 0.004376323704491369
1010.0 0.004243388320901431
1011.0 0.004283585076336749
1012.0 0.004323782195569947
1013.0 0.004361078754300252
1014.0 0.0043983756768284366
1015.0 0.004390361573314294
1016.0 0.004382347106002271
1017.0 0.00443067037849687
1018.0 0.004478993287193589
1019.0 0.004505326796788722
1020.0 0.004531659942585975
1021.0 0.004521545997704379
1022.0 0.004511432052822784
1023.0 0.004499880378716625
1024.0 0.004488328704610467
1025.0 0.004506542609306052
1026.0 0.004524756514001638
1027.0 0.004539258588920347
1028.0 0.004553760300041176
1029.0 0.004570282180793583
1030.0 0.00458680369774811
1031.0 0.004610378528013825
1032.0 0.004633953722077422
1033.0 0.004807488949154504
1034.0 0.0049810241762315854
1035.0 0.005002073157811537
1036.0 0.005023122139391489
1037.0 0.005282893835101277
1038.0 0.005542665530811064
1039.0 0.0055572425480932
1040.0 0.005571819201577455
1041.0 0.005514773874892853
1042.0 0.005457728548208252
1043.0 0.005748498733737506
1044.0 0.00603926855546888
1045.0 0.006244872201932594
1046.0 0.006450475484598428
1047.0 0.00647429478703998
1048.0 0.006498114089481533
1049.0 0.006562796625075862
1050.0 0.00662747843307443
1051.0 0.006842288712505251
1052.0 0.007057098991936073
1053.0 0.0074354342359583825
1054.0 0.00781376875238493
1055.0 0.007409379759337753
1056.0 0.007004989311099052
1057.0 0.007461712812073529
1058.0 0.007918437040643767
1059.0 0.008116076060105115
1060.0 0.008313715079566464
1061.0 0.008489042375003919
1062.0 0.008664371125632897
1063.0 0.009073447290575132
1064.0 0.00948252563830465
1065.0 0.009797883831197396
1066.0 0.010113239841302857
1067.0 0.00989507170743309
1068.0 0.009676902845967561
1069.0 0.009906328341457993
1070.0 0.010135753109352663
1071.0 0.010648828174453229
1072.0 0.011161902511958033
1073.0 0.011502365669002756
1074.0 0.011842828098451719
1075.0 0.011331224959576502
1076.0 0.010819621093105525
1077.0 0.01205573498737067
1078.0 0.013291847426444292
1079.0 0.013099217903800309
1080.0 0.012906586925964803
1081.0 0.013675315130967647
1082.0 0.014444041880778968
1083.0 0.015115881978999823
1084.0 0.0157877235324122
1085.0 0.015178190369624645
1086.0 0.01456865866202861
1087.0 0.015099643496796489
1088.0 0.015630631241947412
1089.0 0.016106948896776885
1090.0 0.016583269461989403
1091.0 0.01679786801105365
1092.0 0.017012469470500946
1093.0 0.017535519145894796
1094.0 0.018058570276480168
1095.0 0.018852452922146767
1096.0 0.01964633265743032
1097.0 0.019930767302867025
1098.0 0.02021520194830373
1099.0 0.021022743021603674
1100.0 0.021830282639712095
1101.0 0.022445415379479527
1102.0 0.02306054811924696
1103.0 0.02446469443384558
1104.0 0.025868843658827245
1105.0 0.02627400099299848
1106.0 0.02667915541678667
1107.0 0.027057243278250098
1108.0 0.027435331139713526
1109.0 0.029168528271839023
1110.0 0.03090172540396452
1111.0 0.030345976119861007
1112.0 0.02979022974614054
1113.0 0.031242574914358556
1114.0 0.03269491717219353
1115.0 0.03318623930681497
1116.0 0.033677558531053364
1117.0 0.03472490643616766
1118.0 0.035772251430898905
1119.0 0.036887897294946015
1120.0 0.03800354024861008
1121.0 0.038410405977629125
1122.0 0.03881727170664817
1123.0 0.04045939713250846
1124.0 0.04210152546875179
1125.0 0.04364445339888334
1126.0 0.0451873813290149
1127.0 0.045812674215994775
1128.0 0.04643796710297465
1129.0 0.051015784265473485
1130.0 0.055593595607206225
1131.0 0.060426536947488785
1132.0 0.06525948410853744
1133.0 0.06378689431585371
1134.0 0.062314304523169994
1135.0 0.06796931265853345
1136.0 0.07362431497313082
1137.0 0.07856317097321153
1138.0 0.08350202697329223
1139.0 0.08505547884851694
1140.0 0.08660892490297556
1141.0 0.1008096500299871
1142.0 0.11501036351546645
1143.0 0.14753269497305155
1144.0 0.18005502643063664
1145.0 0.37796860560774803
1146.0 0.5758821498602629
1147.0 1.0945387184619904
1148.0 1.613195426762104
1149.0 1.6698235645890236
1150.0 1.726451888680458
