lsstCam/transmission_filter_detector/r31_s01/z_20/19700101T000000.ecsv
# %ECSV 1.0
# ---
# datatype:
# - {name: wavelength, unit: nm, datatype: float32}
# - {name: efficiency, unit: '%', datatype: float64}
# meta: !!omap
# - {MODE: DETECTOR}
# - {TYPE: transmission_filter_detector}
# - {CALIBDATE: '1970-01-01T00:00:00'}
# - {INSTRUME: LSSTCam}
# - {OBSTYPE: transmission_filter_detector}
# - {CALIBCLS: lsst.ip.isr.IntermediateFilterDetectorTransmissionCurve}
# - {SOURCE: Materion (DM-46256)}
# - {DETECTOR: 127}
# - {FILTER: z_20}
# - {CALIB_ID: 'calibDate=1970-01-01T00:00:00 filter=z_20 detector=127'}
# - {DATE: '2025-04-02T15:59:49.227716'}
# - {CALIB_CREATION_DATE: '2025-04-02'}
# - {CALIB_CREATION_TIME: '15:59:49'}
# - __serialized_columns__:
#     efficiency:
#       __class__: astropy.units.quantity.Quantity
#       unit: !astropy.units.Unit {unit: '%'}
#       value: !astropy.table.SerializedColumn {name: efficiency}
#     wavelength:
#       __class__: astropy.units.quantity.Quantity
#       unit: !astropy.units.Unit {unit: nm}
#       value: !astropy.table.SerializedColumn {name: wavelength}
# schema: astropy-2.0
wavelength efficiency
300.0 0.3111109370365739
301.0 0.29876166954636574
302.0 0.2864124020561576
303.0 0.24834428913891315
304.0 0.21027615293860435
305.0 0.1846187049522996
306.0 0.1589612220413983
307.0 0.14680220047011971
308.0 0.13464317889884114
309.0 0.1307766418904066
310.0 0.1269100815989077
311.0 0.11979263508692384
312.0 0.11267518857493997
313.0 0.11022231774404645
314.0 0.10776943527162075
315.0 0.09920969605445862
316.0 0.0906499451957643
317.0 0.07955719484016299
318.0 0.06846444448456168
319.0 0.06410916685126722
320.0 0.05975389503873885
321.0 0.05621699965558946
322.0 0.052680104272440076
323.0 0.05252716946415603
324.0 0.052374228835105896
325.0 0.04698240081779659
326.0 0.041590575710870326
327.0 0.03951003309339285
328.0 0.03742948756553233
329.0 0.0358992227120325
330.0 0.03436895494814962
331.0 0.034241657704114914
332.0 0.03411435754969716
333.0 0.03179915656801313
334.0 0.029483952675946057
335.0 0.02846288261935115
336.0 0.02744181256275624
337.0 0.023055795463733375
338.0 0.018669776909518987
339.0 0.018795432697515935
340.0 0.018921089940704405
341.0 0.017337781901005656
342.0 0.01575447095092386
343.0 0.016075579333119094
344.0 0.016396686260122806
345.0 0.014202494639903307
346.0 0.012008297926513478
347.0 0.01347460929537192
348.0 0.014940918481443077
349.0 0.01487589324824512
350.0 0.014810865104664117
351.0 0.013469740224536508
352.0 0.012128617527196184
353.0 0.01383578492095694
354.0 0.015542953042313457
355.0 0.013567869609687477
356.0 0.011592782539082691
357.0 0.011023909610230476
358.0 0.010455035953782499
359.0 0.010422737977933139
360.0 0.01039044072967954
361.0 0.010038563050329685
362.0 0.009686689008958638
363.0 0.00893822216312401
364.0 0.008189756772480905
365.0 0.007761849701637402
366.0 0.007333941903198138
367.0 0.007579784869449213
368.0 0.007825627835700288
369.0 0.008366769907297567
370.0 0.008907911251299083
371.0 0.00850972646730952
372.0 0.008111540955724195
373.0 0.0074929419497493654
374.0 0.006874342943774536
375.0 0.006210980791365728
376.0 0.005547618275159039
377.0 0.00575405138079077
378.0 0.005960485214018263
379.0 0.005627203063340858
380.0 0.005293921276461333
381.0 0.005453312405734323
382.0 0.005612703171209432
383.0 0.005267676533549093
384.0 0.004922650259686634
385.0 0.004675038871937431
386.0 0.004427427484188229
387.0 0.0044658318074652925
388.0 0.004504236494540237
389.0 0.004611119220498949
390.0 0.004718001946457662
391.0 0.00397289295506198
392.0 0.003227783599868417
393.0 0.00376962598238606
394.0 0.004311468728701584
395.0 0.004115600313525647
396.0 0.003919731534551829
397.0 0.0040162467485060915
398.0 0.004112761598662473
399.0 0.004370433816802688
400.0 0.004628106398740783
401.0 0.004361126048024744
402.0 0.004094146424904466
403.0 0.004361118044471368
404.0 0.004628089664038271
405.0 0.0037914513086434454
406.0 0.0029548127713496797
407.0 0.003159184052492492
408.0 0.003363555879332125
409.0 0.002679162389540579
410.0 0.001994768717850093
411.0 0.0025465402359259315
412.0 0.0030983119359007105
413.0 0.0030157729270285927
414.0 0.0029332337362575345
415.0 0.003877704148180783
416.0 0.0048221747420029715
417.0 0.003912714601028711
418.0 0.003003255551448092
419.0 0.003402126458240673
420.0 0.0038009970012353733
421.0 0.003912701504305005
422.0 0.004024405643576756
423.0 0.004139942393521778
424.0 0.00425547877966892
425.0 0.0033838601666502655
426.0 0.0025122411898337305
427.0 0.002627205140015576
428.0 0.002742168726399541
429.0 0.002337314981559757
430.0 0.0019324614186189137
431.0 0.0014823360288573895
432.0 0.0010322102752979845
433.0 0.001969073673535604
434.0 0.002905936707975343
435.0 0.003040691626665648
436.0 0.003175445817760192
437.0 0.002825947194651235
438.0 0.0024764478439465165
439.0 0.002333803058718331
440.0 0.0021911580915912054
441.0 0.0022660002287011594
442.0 0.0023408425477100536
443.0 0.00245874634856591
444.0 0.002576649967522826
445.0 0.0026623432859196328
446.0 0.00274803678621538
447.0 0.0030287359550129622
448.0 0.0033094351238105446
449.0 0.002231181861134246
450.0 0.0011529286894074176
451.0 0.001806668660719879
452.0 0.00246040835918393
453.0 0.0020825673345825635
454.0 0.0017047261280822568
455.0 0.001683907612459734
456.0 0.0016630892787361518
457.0 0.0016050882550189272
458.0 0.0015470872313017026
459.0 0.0020522906197584234
460.0 0.002557493826316204
461.0 0.0016918493201956153
462.0 0.0008262050869234372
463.0 0.0010714539712353144
464.0 0.001316703128395602
465.0 0.0012725524356937967
466.0 0.0012284019248909317
467.0 0.0012493293979787268
468.0 0.0012702565982181113
469.0 0.0011075670954596717
470.0 0.0009448775927012321
471.0 0.001055862412613351
472.0 0.00116684732347494
473.0 0.0010912279321928509
474.0 0.0010156087228097022
475.0 0.0013155448868928943
476.0 0.001615480869077146
477.0 0.0015360483303084038
478.0 0.0014566157005901914
479.0 0.0016776984921307303
480.0 0.0018987815565196797
481.0 0.0016055679225246422
482.0 0.0013123542885296047
483.0 0.0012310155398154166
484.0 0.0011496767911012284
485.0 0.0016813106412882917
486.0 0.0022129443095764145
487.0 0.002007550574489869
488.0 0.0018021568394033238
489.0 0.0021434398149722256
490.0 0.002484723154339008
491.0 0.0019102037185803056
492.0 0.0013356843737710733
493.0 0.0014524891412293073
494.0 0.0015692941815359518
495.0 0.0016575109839322977
496.0 0.0017457277863286436
497.0 0.001761666135280393
498.0 0.0017776044842321426
499.0 0.0015689871361246333
500.0 0.0013603696061181836
501.0 0.001106298077502288
502.0 0.0008522264579369221
503.0 0.0010981443665514234
504.0 0.0013440622751659248
505.0 0.0017749140170053579
506.0 0.002205765849794261
507.0 0.001465395325794816
508.0 0.0007250249382195761
509.0 0.001034452361636795
510.0 0.0013438798305287492
511.0 0.0014794586604693905
512.0 0.0016150372175616212
513.0 0.0012309305020608008
514.0 0.0008468239684589207
515.0 0.0009472069905314129
516.0 0.0010475899216544349
517.0 0.0010795181879075244
518.0 0.0011114465451100841
519.0 0.0012576831977639813
520.0 0.0014039199413673487
521.0 0.0011979000191786326
522.0 0.0009918799150909763
523.0 0.0010178214324696455
524.0 0.0010437628588988446
525.0 0.0012167647582828067
526.0 0.0013897664757678285
527.0 0.001343807980447309
528.0 0.0012978494851267897
529.0 0.0016294481611112133
530.0 0.001961046837095637
531.0 0.001732143027766142
532.0 0.001503239582234528
533.0 0.0015030157555884216
534.0 0.001502791837992845
535.0 0.0012924624570587184
536.0 0.0010821329851751216
537.0 0.0012898114619019907
538.0 0.0014974899386288598
539.0 0.0014022635696164798
540.0 0.0013070369277556892
541.0 0.0011393427485018037
542.0 0.0009716483873489778
543.0 0.0009697354471427388
544.0 0.0009678225069364998
545.0 0.0012108683222322725
546.0 0.0014539139556291047
547.0 0.0018042019291897304
548.0 0.0021544899936998263
549.0 0.0019701055862242356
550.0 0.0017857211787486449
551.0 0.0018287732018507086
552.0 0.0018718254068517126
553.0 0.0022001502657076344
554.0 0.002528474942664616
555.0 0.0018984561393153854
556.0 0.001268437335966155
557.0 0.001076455373549834
558.0 0.0008844736839819234
559.0 0.000896575420483714
560.0 0.0009086772479349747
561.0 0.001051466188073391
562.0 0.0011942552191612776
563.0 0.0014100874068390112
564.0 0.001625919685466215
565.0 0.001902941585285589
566.0 0.002179963848902844
567.0 0.0022845279090688564
568.0 0.0023890921511338092
569.0 0.0026725192583398893
570.0 0.00295594672934385
571.0 0.0026521765903453343
572.0 0.0023484066332457587
573.0 0.0020538618628052063
574.0 0.001759317092364654
575.0 0.0018147184164263308
576.0 0.0018701197404880077
577.0 0.002037064768956043
578.0 0.002204009251727257
579.0 0.0021882509827264585
580.0 0.0021724925318267196
581.0 0.0021788991944049485
582.0 0.0021853058569831774
583.0 0.002021470027102623
584.0 0.0018576340153231286
585.0 0.002131362089130562
586.0 0.0024050903448369354
587.0 0.0019383649487281218
588.0 0.0014716396435687784
589.0 0.0013433265849016607
590.0 0.0012150134352850728
591.0 0.0014656821804237552
592.0 0.001716351107461378
593.0 0.0011739037290681154
594.0 0.000631456487099058
595.0 0.0007940542673168238
596.0 0.0009566520930093247
597.0 0.000899785754882032
598.0 0.0008429193258052692
599.0 0.0009747268450155389
600.0 0.0011065343642258085
601.0 0.0011404312317608856
602.0 0.0011743280083464924
603.0 0.0014779786397411954
604.0 0.0017816295439843088
605.0 0.0013326386579137761
606.0 0.0008836480446916539
607.0 0.0010448949069541413
608.0 0.0012061420420650393
609.0 0.001223494291480165
610.0 0.0012408465408952907
611.0 0.0014514000213239342
612.0 0.0016619533198536374
613.0 0.0015745361451990902
614.0 0.0014871193343424238
615.0 0.0015480973161174916
616.0 0.0016090752978925593
617.0 0.0014111844393482897
618.0 0.00121329348985455
619.0 0.0014935315448383335
620.0 0.0017737695088726468
621.0 0.0017800350178731605
622.0 0.0017863005268736742
623.0 0.0013336079064174555
624.0 0.0008809150131128263
625.0 0.0010892652426264249
626.0 0.0012976155630894937
627.0 0.0015099648408067878
628.0 0.001722314118524082
629.0 0.0017019276128849015
630.0 0.0016815409253467806
631.0 0.0020839092030655593
632.0 0.0024862772988853976
633.0 0.0028372487577144057
634.0 0.0031882202165434137
635.0 0.005715918450732715
636.0 0.008243617048719898
637.0 0.014759245095774531
638.0 0.021274873870424926
639.0 0.019684141443576664
640.0 0.018093414837494493
641.0 0.015705209807492793
642.0 0.01331700332229957
643.0 0.009616208990337327
644.0 0.005915415385970846
645.0 0.006406575994333252
646.0 0.006897735875099897
647.0 0.006614990707021207
648.0 0.006332244811346754
649.0 0.005086225064587779
650.0 0.0038402053178288043
651.0 0.00384874947485514
652.0 0.0038572936318814754
653.0 0.003237961936974898
654.0 0.00261863006016938
655.0 0.002451737782394048
656.0 0.002284845140820835
657.0 0.002589419818832539
658.0 0.002893994314945303
659.0 0.002086788481392432
660.0 0.0012795824659406208
661.0 0.0017822194422478788
662.0 0.0022848562366561964
663.0 0.0020342262359918095
664.0 0.0017835962353274226
665.0 0.0017470349121140316
666.0 0.0017104735889006406
667.0 0.001855691516539082
668.0 0.002000909262278583
669.0 0.0017457668946008198
670.0 0.0014906244359735865
671.0 0.0016394007616327144
672.0 0.0017881771782413125
673.0 0.0014773785551369656
674.0 0.0011665800229820888
675.0 0.0011580982572922949
676.0 0.001149616491602501
677.0 0.00133490293592331
678.0 0.0015201895621430594
679.0 0.0015347692169598304
680.0 0.0015493489627260715
681.0 0.0021554904378717765
682.0 0.002761632094916422
683.0 0.0027072472221334465
684.0 0.002652862349350471
685.0 0.0023713413611403666
686.0 0.0020898205548292026
687.0 0.001715391772449948
688.0 0.001340962899121223
689.0 0.0020312842025305144
690.0 0.0027216054149903357
691.0 0.002320133353350684
692.0 0.0019186612917110324
693.0 0.0019608234651968814
694.0 0.0020029856386827305
695.0 0.002909735485445708
696.0 0.0038164853322086856
697.0 0.0040724222344579175
698.0 0.0043283591367071494
699.0 0.005739200787502341
700.0 0.007150039164116606
701.0 0.00714700436219573
702.0 0.00714396737748757
703.0 0.006564018258359283
704.0 0.005984071322018281
705.0 0.0049899063014891
706.0 0.0039957416447578
707.0 0.0035760087484959513
708.0 0.003156275852234103
709.0 0.0038455174944829196
710.0 0.004534759136731736
711.0 0.004271561556379311
712.0 0.004008363976026885
713.0 0.0029062146495562047
714.0 0.0018040649592876434
715.0 0.002167636193917133
716.0 0.002531207246647682
717.0 0.001936268927238416
718.0 0.0013413305168796796
719.0 0.0016733109077904373
720.0 0.0020052913896506652
721.0 0.0017713331544655375
722.0 0.0015373749192804098
723.0 0.0020403309463290498
724.0 0.0025432869733776897
725.0 0.0015501225789193995
726.0 0.0005569582299358444
727.0 0.0007525192813773174
728.0 0.0009480803782935254
729.0 0.0011327552783768624
730.0 0.0013174301784601994
731.0 0.0009337583833257668
732.0 0.0005500869065144798
733.0 0.0008902665285859257
734.0 0.001230446378031047
735.0 0.0016482428691233508
736.0 0.0020660392692661844
737.0 0.0018639411791809835
738.0 0.0016618430890957825
739.0 0.0015173744941421319
740.0 0.0013729060810874216
741.0 0.0015338757293648086
742.0 0.0016948451957432553
743.0 0.0017377817130181938
744.0 0.0017807182302931324
745.0 0.001992243960557971
746.0 0.00220376969082281
747.0 0.0023721398974885233
748.0 0.0025405101041542366
749.0 0.003009688589372672
750.0 0.0034788670745911077
751.0 0.002763550219242461
752.0 0.0020482335457927547
753.0 0.002378751742071472
754.0 0.00270927012024913
755.0 0.002008852970902808
756.0 0.001308435730607016
757.0 0.0018972021280205809
758.0 0.0024859687982825562
759.0 0.002735971793299541
760.0 0.002985974606417585
761.0 0.004871006240136921
762.0 0.006756037328159437
763.0 0.006591315468540415
764.0 0.006426592153729871
765.0 0.0051884209824493155
766.0 0.00395024981116876
767.0 0.004039204213768244
768.0 0.0041281586163677275
769.0 0.004898145198239945
770.0 0.005668132143910043
771.0 0.005451068500406109
772.0 0.005234004856902175
773.0 0.004817641820409335
774.0 0.004401278783916496
775.0 0.027624232461676
776.0 0.12143710628151894
777.0 0.02911484334617853
778.0 0.03996050218120217
779.0 1.5814026520580282e-10
780.0 1.5814026520580282e-10
781.0 1.5814026520580282e-10
782.0 1.5814026520580282e-10
783.0 0.052098295418545604
784.0 1.5814026520580282e-10
785.0 1.5814026520580282e-10
786.0 1.5814026520580282e-10
787.0 1.5814026520580282e-10
788.0 1.5814026520580282e-10
789.0 0.09870795765891671
790.0 0.0033176351280417293
791.0 1.5814026520580282e-10
792.0 0.042743145604617894
793.0 1.5814026520580282e-10
794.0 0.009307343134423718
795.0 0.011100599658675492
796.0 0.1619072281755507
797.0 0.09699588408693671
798.0 0.07838776218704879
799.0 0.02755361783783883
800.0 1.5814026520580282e-10
801.0 0.26070340536534786
802.0 0.4944808315485716
803.0 0.8241128176450729
804.0 1.2537403963506222
805.0 2.1112052723765373
806.0 2.968050353229046
807.0 4.584493115544319
808.0 6.437462568283081
809.0 8.76215472817421
810.0 11.599405854940414
811.0 14.613109827041626
812.0 17.84961372613907
813.0 20.700229704380035
814.0 23.2653945684433
815.0 26.593825221061707
816.0 31.011703610420227
817.0 36.29129230976105
818.0 41.7436420917511
819.0 47.18698561191559
820.0 54.325586557388306
821.0 61.53056621551514
822.0 68.54679584503174
823.0 74.5132565498352
824.0 80.42736053466797
825.0 85.6515645980835
826.0 90.01891016960144
827.0 93.22801232337952
828.0 96.77211046218872
829.0 97.94939160346985
830.0 98.0123221874237
831.0 99.00548458099365
832.0 98.7053394317627
833.0 99.97940063476562
834.0 98.68598580360413
835.0 99.3988037109375
836.0 99.04240369796753
837.0 99.27467107772827
838.0 98.27848672866821
839.0 98.8030731678009
840.0 98.95300269126892
841.0 99.7086763381958
842.0 99.74122047424316
843.0 100.34377574920654
844.0 98.68188500404358
845.0 98.76364469528198
846.0 99.25382137298584
847.0 99.09271001815796
848.0 99.74582195281982
849.0 98.89166355133057
850.0 98.56352210044861
851.0 99.10426735877991
852.0 99.35524463653564
853.0 99.04314279556274
854.0 99.70133900642395
855.0 98.60429167747498
856.0 99.130779504776
857.0 98.25307726860046
858.0 98.68828058242798
859.0 99.21541810035706
860.0 98.71534705162048
861.0 99.15579557418823
862.0 98.63256216049194
863.0 98.56537580490112
864.0 99.67700242996216
865.0 99.51890110969543
866.0 98.81490468978882
867.0 99.77943301200867
868.0 99.69446063041687
869.0 98.87816905975342
870.0 98.03473353385925
871.0 99.17903542518616
872.0 99.43572878837585
873.0 99.14671182632446
874.0 99.7033178806305
875.0 99.14807081222534
876.0 99.25293326377869
877.0 99.42283630371094
878.0 99.40487742424011
879.0 98.76745939254761
880.0 99.05808568000793
881.0 100.29823780059814
882.0 99.18875694274902
883.0 99.0923821926117
884.0 99.47916865348816
885.0 98.90105128288269
886.0 98.68892431259155
887.0 98.68308901786804
888.0 99.10600781440735
889.0 99.8108983039856
890.0 98.49162697792053
891.0 99.70692992210388
892.0 98.77378344535828
893.0 98.78780841827393
894.0 98.57472777366638
895.0 99.70280528068542
