lsstCam/transmission_filter_detector/r41_s02/z_20/19700101T000000.ecsv
# %ECSV 1.0
# ---
# datatype:
# - {name: wavelength, unit: nm, datatype: float32}
# - {name: efficiency, unit: '%', datatype: float64}
# meta: !!omap
# - {MODE: DETECTOR}
# - {TYPE: transmission_filter_detector}
# - {CALIBDATE: '1970-01-01T00:00:00'}
# - {INSTRUME: LSSTCam}
# - {OBSTYPE: transmission_filter_detector}
# - {CALIBCLS: lsst.ip.isr.IntermediateFilterDetectorTransmissionCurve}
# - {SOURCE: Materion (DM-46256)}
# - {DETECTOR: 164}
# - {FILTER: z_20}
# - {CALIB_ID: 'calibDate=1970-01-01T00:00:00 filter=z_20 detector=164'}
# - {DATE: '2025-04-02T15:59:49.401945'}
# - {CALIB_CREATION_DATE: '2025-04-02'}
# - {CALIB_CREATION_TIME: '15:59:49'}
# - __serialized_columns__:
#     efficiency:
#       __class__: astropy.units.quantity.Quantity
#       unit: !astropy.units.Unit {unit: '%'}
#       value: !astropy.table.SerializedColumn {name: efficiency}
#     wavelength:
#       __class__: astropy.units.quantity.Quantity
#       unit: !astropy.units.Unit {unit: nm}
#       value: !astropy.table.SerializedColumn {name: wavelength}
# schema: astropy-2.0
wavelength efficiency
300.0 0.4043697379529476
301.0 0.34359828568995
302.0 0.282826810143888
303.0 0.2371161011978984
304.0 0.19140540389344096
305.0 0.18681160872802138
306.0 0.18221779027953744
307.0 0.16831301618367434
308.0 0.15440820716321468
309.0 0.13446534285321832
310.0 0.11452245526015759
311.0 0.11603207094594836
312.0 0.11754168663173914
313.0 0.10293186642229557
314.0 0.08832203457131982
315.0 0.08101784042082727
316.0 0.07371363462880254
317.0 0.07174898637458682
318.0 0.0697843381203711
319.0 0.06643354427069426
320.0 0.0630827562417835
321.0 0.05979588022455573
322.0 0.05650900420732796
323.0 0.05153234815225005
324.0 0.046555689186789095
325.0 0.046962403575889766
326.0 0.04736912087537348
327.0 0.04119486839044839
328.0 0.0350206159055233
329.0 0.035240009310655296
330.0 0.03545940271578729
331.0 0.03466086054686457
332.0 0.0338623154675588
333.0 0.031140222563408315
334.0 0.02841812965925783
335.0 0.02665559877641499
336.0 0.024893070803955197
337.0 0.022032036213204265
338.0 0.019171001622453332
339.0 0.019030342809855938
340.0 0.01888968254206702
341.0 0.017521709378343076
342.0 0.016153737669810653
343.0 0.01639445108594373
344.0 0.016635163046885282
345.0 0.015123042976483703
346.0 0.013610922906082124
347.0 0.012714212061837316
348.0 0.011817504127975553
349.0 0.012092851829947904
350.0 0.012368200987111777
351.0 0.01209824185934849
352.0 0.011828282003989443
353.0 0.01176638834294863
354.0 0.011704493954312056
355.0 0.011318057659082115
356.0 0.01093161990866065
357.0 0.010698239202611148
358.0 0.010464859224157408
359.0 0.009681313531473279
360.0 0.008897767111193389
361.0 0.008997791155707091
362.0 0.009097814472625032
363.0 0.009051852975971997
364.0 0.009005890024127439
365.0 0.009031761874211952
366.0 0.009057632269104943
367.0 0.008724950748728588
368.0 0.008392268500756472
369.0 0.008235028508352116
370.0 0.00807778924354352
371.0 0.008305683877551928
372.0 0.008533579239156097
373.0 0.008360017091035843
374.0 0.008186454215319827
375.0 0.006848388147773221
376.0 0.005510322080226615
377.0 0.005403858085628599
378.0 0.005297393363434821
379.0 0.0053893330914434046
380.0 0.005481272455654107
381.0 0.004871833152719773
382.0 0.004262393485987559
383.0 0.0043735941289924085
384.0 0.004484794044401497
385.0 0.004721571895061061
386.0 0.004958349745720625
387.0 0.004859493492403999
388.0 0.004760637239087373
389.0 0.004694165181717835
390.0 0.004627692760550417
391.0 0.004432328205439262
392.0 0.0042369632865302265
393.0 0.003937131987186149
394.0 0.0036373003240441903
395.0 0.003439640931901522
396.0 0.0032419819035567343
397.0 0.0034608015994308516
398.0 0.0036796216591028497
399.0 0.00408421183237806
400.0 0.00448880236945115
401.0 0.004775959314429201
402.0 0.005063115895609371
403.0 0.004881643690168858
404.0 0.0047001718485262245
405.0 0.0045062133722240105
406.0 0.0043122548959217966
407.0 0.004795570930582471
408.0 0.005278886965243146
409.0 0.004818824527319521
410.0 0.004358762453193776
411.0 0.004277006155462004
412.0 0.004195249857730232
413.0 0.004375181379145943
414.0 0.004555112900561653
415.0 0.004255681051290594
416.0 0.003956249202019535
417.0 0.003151276905555278
418.0 0.002346304972888902
419.0 0.0029974002245580778
420.0 0.0036484958400251344
421.0 0.003230189031455666
422.0 0.002811882586684078
423.0 0.0028844053304055706
424.0 0.0029569282560260035
425.0 0.0030242719731177203
426.0 0.003091615144512616
427.0 0.0028293326977291144
428.0 0.002567050250945613
429.0 0.0021101015590829775
430.0 0.0016531528672203422
431.0 0.0016754569514887407
432.0 0.0016977610357571393
433.0 0.0017949416360352188
434.0 0.001892122054414358
435.0 0.0025087570975301787
436.0 0.00312539232254494
437.0 0.0027816950023407117
438.0 0.002437997864035424
439.0 0.0022101685317466035
440.0 0.0019823391994577833
441.0 0.002168417995562777
442.0 0.002354496973566711
443.0 0.0020183742890367284
444.0 0.0016822519683046266
445.0 0.0017513595594209619
446.0 0.0018204669686383568
447.0 0.0021185156583669595
448.0 0.002416564166196622
449.0 0.002084383049805183
450.0 0.0017522015696158633
451.0 0.0015077901480253786
452.0 0.0012633786354854237
453.0 0.0018698514395509847
454.0 0.0024763241526670754
455.0 0.0021925156033830717
456.0 0.001908707054099068
457.0 0.0014754336007172242
458.0 0.00104215996543644
459.0 0.0012516831702669151
460.0 0.0014612066479458008
461.0 0.0014377111256180797
462.0 0.001414215876138769
463.0 0.0011471289326436818
464.0 0.0008800420800980646
465.0 0.0013268671864352655
466.0 0.0017736922018229961
467.0 0.001569061350892298
468.0 0.0013644304999615997
469.0 0.001108235119318124
470.0 0.0008520396477251779
471.0 0.00112324833025923
472.0 0.001394457012793282
473.0 0.001564985723234713
474.0 0.0017355145246256143
475.0 0.001605993566045072
476.0 0.0014764725165150594
477.0 0.0015499374057981186
478.0 0.0016234025679295883
479.0 0.0017771557395462878
480.0 0.001930909274960868
481.0 0.0014205529623723123
482.0 0.0009101967407332268
483.0 0.0009431332728127018
484.0 0.0009760698048921768
485.0 0.0012536939721030649
486.0 0.0015313182302634232
487.0 0.0013183089322410524
488.0 0.001105299816117622
489.0 0.0012177439202787355
490.0 0.001330188024439849
491.0 0.0013046019375906326
492.0 0.0012790158507414162
493.0 0.0015879621059866622
494.0 0.0018969083612319082
495.0 0.0016440355466329493
496.0 0.0013911630048824009
497.0 0.0011553329386515543
498.0 0.0009195030543196481
499.0 0.0012751381291309372
500.0 0.001630773112992756
501.0 0.0014598707821278367
502.0 0.001288968269363977
503.0 0.0009883297025226057
504.0 0.0006876910902064992
505.0 0.0011944562174903695
506.0 0.0017012212992995046
507.0 0.0015768149751238525
508.0 0.00145240846904926
509.0 0.0013308140296430793
510.0 0.0012092192264390178
511.0 0.0012210097338538617
512.0 0.0012327998774708249
513.0 0.0014083640053286217
514.0 0.0015839279512874782
515.0 0.0013767124073638115
516.0 0.0011694971362885553
517.0 0.001116254770749947
518.0 0.001063012496160809
519.0 0.001561783574288711
520.0 0.002060554652416613
521.0 0.002016965481743682
522.0 0.0019733764929696918
523.0 0.001914052336360328
524.0 0.0018547279978520237
525.0 0.0011980867384409066
526.0 0.0005414452971308492
527.0 0.0008273450475826394
528.0 0.0011132448889838997
529.0 0.0011529065886861645
530.0 0.001192568197438959
531.0 0.0013169824342185166
532.0 0.0014413969438464846
533.0 0.0012266288649698254
534.0 0.001011860786093166
535.0 0.0014568362530553713
536.0 0.0019018119928659871
537.0 0.0018286389604327269
538.0 0.0017554662917973474
539.0 0.0013742955161433201
540.0 0.0009931247404892929
541.0 0.0010761364137579221
542.0 0.0011591479960770812
543.0 0.0009171497367788106
544.0 0.0006751513865310699
545.0 0.0012351205441518687
546.0 0.0017950898836716078
547.0 0.0019051334675168619
548.0 0.002015177051362116
549.0 0.002020190549956169
550.0 0.0020252042304491624
551.0 0.0016971458535408601
552.0 0.0013690876585314982
553.0 0.0016068202967289835
554.0 0.0018445529349264689
555.0 0.0018179880498792045
556.0 0.00179142316483194
557.0 0.0015153777894738596
558.0 0.001239332414115779
559.0 0.0014148313312034588
560.0 0.0015903300663921982
561.0 0.0013614637282444164
562.0 0.001132597117248224
563.0 0.0013700406270800158
564.0 0.0016074842278612778
565.0 0.001801699363568332
566.0 0.0019959146811743267
567.0 0.0023129799956222996
568.0 0.002630044946272392
569.0 0.002729141306190286
570.0 0.0028282374842092395
571.0 0.0027087671696790494
572.0 0.0025892964913509786
573.0 0.00239616656472208
574.0 0.0022030364561942406
575.0 0.001965779301826842
576.0 0.0017285219655605033
577.0 0.0018314043700229377
578.0 0.0019342865925864317
579.0 0.0018024275050265715
580.0 0.0016705684174667113
581.0 0.0016707579561625607
582.0 0.0016709476767573506
583.0 0.0016111363947857171
584.0 0.0015513249309151433
585.0 0.0017891450625029393
586.0 0.002026965012191795
587.0 0.001961675843631383
588.0 0.0018963868569699116
589.0 0.0018593160348245874
590.0 0.0018222452126792632
591.0 0.0017041114915627986
592.0 0.0015859779523452744
593.0 0.001511625487182755
594.0 0.0014372728401212953
595.0 0.0011205317605345044
596.0 0.0008037905899982434
597.0 0.0007528408332291292
598.0 0.000701891076460015
599.0 0.0008334044650837313
600.0 0.0009649178537074476
601.0 0.0007757234016025905
602.0 0.0005865289494977333
603.0 0.0009038464668265078
604.0 0.001221163802256342
605.0 0.0011057232768507674
606.0 0.0009902825695462525
607.0 0.0008935919140640181
608.0 0.0007969012585817836
609.0 0.0008133795745379757
610.0 0.0008298580723931082
611.0 0.0009577455784892663
612.0 0.0010856329936359543
613.0 0.0010297986591467634
614.0 0.0009739644156070426
615.0 0.001116857038141461
616.0 0.0012597497516253497
617.0 0.0014874140106257983
618.0 0.0017150785424746573
619.0 0.0016273366782115772
620.0 0.0015395946320495568
621.0 0.001451862681278726
622.0 0.001364130548608955
623.0 0.0012983341548533645
624.0 0.001232537761097774
625.0 0.0014037273103895131
626.0 0.001574916677782312
627.0 0.0019540811990736984
628.0 0.0023332457203650847
629.0 0.0021655583623214625
630.0 0.0019978706404799595
631.0 0.002037957528955303
632.0 0.0020780442355317064
633.0 0.002584944013506174
634.0 0.003091843973379582
635.0 0.005862716716364957
636.0 0.008633590914541855
637.0 0.015737432113382965
638.0 0.022841276950202882
639.0 0.020121158740948886
640.0 0.017401043442077935
641.0 0.015036638069432229
642.0 0.012672231241595
643.0 0.009159046021522954
644.0 0.005645862620440312
645.0 0.005862003308720887
646.0 0.006078143997001462
647.0 0.005789336864836514
648.0 0.005500529368873686
649.0 0.004319657091400586
650.0 0.003138784450129606
651.0 0.0032988649763865396
652.0 0.0034589455026434734
653.0 0.002820077679643873
654.0 0.002181209856644273
655.0 0.002152152228518389
656.0 0.0021230949641903862
657.0 0.00225940857490059
658.0 0.0023957221856107935
659.0 0.0023487662474508397
660.0 0.002301810309290886
661.0 0.0023785554731148295
662.0 0.002455300636938773
663.0 0.002067792411253322
664.0 0.0016802841855678707
665.0 0.0016146486814250238
666.0 0.0015490133591811173
667.0 0.0014039010238775518
668.0 0.0012587887795234565
669.0 0.0013754422980127856
670.0 0.0014920958165021148
671.0 0.0012484371836762875
672.0 0.0010047782780020498
673.0 0.0012558913113025483
674.0 0.0015070043446030468
675.0 0.0013723721167480107
676.0 0.0012377399798424449
677.0 0.0014549327715940308
678.0 0.0016721251085982658
679.0 0.0020208484784234315
680.0 0.0023695718482485972
681.0 0.002137456431228202
682.0 0.0019053410142078064
683.0 0.002370031870668754
684.0 0.002834722909028642
685.0 0.0026783345674630255
686.0 0.0025219465896952897
687.0 0.00251137917075539
688.0 0.0025008119337144308
689.0 0.0024348357328562997
690.0 0.0023688595319981687
691.0 0.002455033791193273
692.0 0.002541208050388377
693.0 0.0029954697311040945
694.0 0.0034497312299208716
695.0 0.0036458823160501197
696.0 0.003842033402179368
697.0 0.00375916097254958
698.0 0.0036762885429197922
699.0 0.005175466867513023
700.0 0.006674645555904135
701.0 0.006764278077753261
702.0 0.006853909872006625
703.0 0.006219693023012951
704.0 0.005585476174019277
705.0 0.004586042996379547
706.0 0.003586610546335578
707.0 0.00340523365593981
708.0 0.0032238571293419227
709.0 0.0038494930777233094
710.0 0.004475129389902577
711.0 0.004034492667415179
712.0 0.0035938563087256625
713.0 0.002720067641348578
714.0 0.0018462793377693743
715.0 0.002117440089932643
716.0 0.0023886008420959115
717.0 0.0021191932319197804
718.0 0.0018497852579457685
719.0 0.001739911749609746
720.0 0.001630038423172664
721.0 0.0018504930267226882
722.0 0.002070947812171653
723.0 0.002182979733333923
724.0 0.0022950114725972526
725.0 0.002047959787887521
726.0 0.0018009081031777896
727.0 0.0019424309357418679
728.0 0.002083953768305946
729.0 0.0018848952095140703
730.0 0.0016858364688232541
731.0 0.0013549614777730312
732.0 0.0010240864867228083
733.0 0.0013627323824039195
734.0 0.0017013782780850306
735.0 0.0014499371900456026
736.0 0.0011984961929556448
737.0 0.0011614774848567322
738.0 0.0011244588677072898
739.0 0.0014114775694906712
740.0 0.0016984960893751122
741.0 0.0015112968867470045
742.0 0.001324097320321016
743.0 0.0015232516489049885
744.0 0.0017224057955900207
745.0 0.001935824184329249
746.0 0.002149242573068477
747.0 0.002040318213403225
748.0 0.001931394035636913
749.0 0.00278331517620245
750.0 0.0036352364986669272
751.0 0.0035386314266361296
752.0 0.003442026354605332
753.0 0.0031833729735808447
754.0 0.0029247195925563574
755.0 0.0027896077881450765
756.0 0.0026544959837337956
757.0 0.002535253224777989
758.0 0.002416010647721123
759.0 0.0027671987481880933
760.0 0.0031183866667561233
761.0 0.004489250932238065
762.0 0.005860114833922125
763.0 0.005688232340617105
764.0 0.005516349483514205
765.0 0.0048779973440105096
766.0 0.004239644840708934
767.0 0.004155064743827097
768.0 0.0040704846469452605
769.0 0.00476692002848722
770.0 0.0054633550462313
771.0 0.004428984539117664
772.0 0.0033946143958019093
773.0 0.003616768663050607
774.0 0.0038389225665014237
775.0 0.03887941129505634
776.0 1.6113438708331707e-10
777.0 1.6113438708331707e-10
778.0 1.6113438708331707e-10
779.0 0.028797073173336685
780.0 0.0049058024160331115
781.0 0.014730030670762062
782.0 0.048932747449725866
783.0 1.6113438708331707e-10
784.0 0.05071834893897176
785.0 1.6113438708331707e-10
786.0 1.6113438708331707e-10
787.0 0.008185819024220109
788.0 0.06289964076131582
789.0 1.6113438708331707e-10
790.0 0.07775428239256144
791.0 0.01217571334564127
792.0 0.07904171943664551
793.0 0.09335942449979484
794.0 1.6113438708331707e-10
795.0 0.06274360348470509
796.0 1.6113438708331707e-10
797.0 0.2346063731238246
798.0 0.21149374078959227
799.0 0.11747739044949412
800.0 0.20827921107411385
801.0 0.44570378959178925
802.0 0.7207173854112625
803.0 1.330527663230896
804.0 1.9078301265835762
805.0 3.2010991126298904
806.0 4.7042082995176315
807.0 6.882675737142563
808.0 8.928335458040237
809.0 11.778702586889267
810.0 14.926038682460785
811.0 18.119145929813385
812.0 20.98183035850525
813.0 24.179530143737793
814.0 27.23751664161682
815.0 31.998106837272644
816.0 36.974143981933594
817.0 42.77821481227875
818.0 48.87649714946747
819.0 55.37753701210022
820.0 62.89641261100769
821.0 70.57383060455322
822.0 76.25963091850281
823.0 81.42625093460083
824.0 86.56136989593506
825.0 91.53145551681519
826.0 93.7594473361969
827.0 96.22671008110046
828.0 97.958242893219
829.0 99.08772110939026
830.0 98.88413548469543
831.0 99.44199323654175
832.0 98.51629137992859
833.0 99.5164692401886
834.0 98.65482449531555
835.0 99.20880198478699
836.0 99.07369017601013
837.0 98.94158244132996
838.0 98.1131911277771
839.0 98.30322265625
840.0 98.88039231300354
841.0 99.46209192276001
842.0 99.21119809150696
843.0 99.80756640434265
844.0 98.22160005569458
845.0 98.53649139404297
846.0 99.40097332000732
847.0 98.88094067573547
848.0 99.79899525642395
849.0 98.73099327087402
850.0 98.48316311836243
851.0 99.29792881011963
852.0 99.02862310409546
853.0 98.7553060054779
854.0 99.75396394729614
855.0 98.20256233215332
856.0 99.17420744895935
857.0 97.6329505443573
858.0 98.68344068527222
859.0 99.33263659477234
860.0 98.745858669281
861.0 99.0207314491272
862.0 98.72771501541138
863.0 98.24534058570862
864.0 99.56734776496887
865.0 99.56374764442444
866.0 99.09903407096863
867.0 99.18014407157898
868.0 99.71114993095398
869.0 98.99513721466064
870.0 98.17991256713867
871.0 98.66960644721985
872.0 99.55956935882568
873.0 98.8621473312378
874.0 99.67719912528992
875.0 99.12452101707458
876.0 98.78320693969727
877.0 99.62034821510315
878.0 99.29802417755127
879.0 98.82808327674866
880.0 98.96207451820374
881.0 100.17846822738647
882.0 98.76941442489624
883.0 98.59728217124939
884.0 99.25127029418945
885.0 99.14271235466003
886.0 98.46901893615723
887.0 98.7519383430481
888.0 99.02695417404175
889.0 99.539053440094
890.0 98.26927781105042
891.0 99.57296252250671
892.0 98.66424202919006
893.0 98.42692017555237
894.0 98.2300341129303
895.0 99.39733743667603
