lsstCam/transmission_filter_detector/r41_s02/z_20/19700101T000000.ecsv
# %ECSV 1.0
# ---
# datatype:
# - {name: wavelength, unit: nm, datatype: float32}
# - {name: efficiency, unit: '%', datatype: float64}
# meta: !!omap
# - {MODE: DETECTOR}
# - {TYPE: transmission_filter_detector}
# - {CALIBDATE: '1970-01-01T00:00:00'}
# - {INSTRUME: LSSTCam}
# - {OBSTYPE: transmission_filter_detector}
# - {CALIBCLS: lsst.ip.isr.IntermediateFilterDetectorTransmissionCurve}
# - {SOURCE: Materion (DM-46256)}
# - {DETECTOR: 164}
# - {FILTER: z_20}
# - {CALIB_ID: 'calibDate=1970-01-01T00:00:00 filter=z_20 detector=164'}
# - {DATE: '2025-04-02T15:59:49.401945'}
# - {CALIB_CREATION_DATE: '2025-04-02'}
# - {CALIB_CREATION_TIME: '15:59:49'}
# - __serialized_columns__:
#     efficiency:
#       __class__: astropy.units.quantity.Quantity
#       unit: !astropy.units.Unit {unit: '%'}
#       value: !astropy.table.SerializedColumn {name: efficiency}
#     wavelength:
#       __class__: astropy.units.quantity.Quantity
#       unit: !astropy.units.Unit {unit: nm}
#       value: !astropy.table.SerializedColumn {name: wavelength}
# schema: astropy-2.0
wavelength efficiency
[from data line 597]
897.0 98.6739456653595
898.0 98.89423847198486
899.0 98.51325154304504
900.0 98.74651432037354
901.0 99.03751611709595
902.0 98.91116619110107
903.0 98.83039593696594
904.0 97.87800312042236
905.0 98.70554208755493
906.0 98.19815754890442
907.0 98.87657761573792
908.0 98.21154475212097
909.0 97.99697399139404
910.0 97.97788262367249
911.0 96.85037732124329
912.0 96.00377678871155
913.0 94.89292502403259
914.0 92.49325394630432
915.0 90.2891755104065
916.0 87.87399530410767
917.0 86.2938642501831
918.0 83.15964937210083
919.0 82.09149241447449
920.0 79.0240228176117
921.0 75.26158690452576
922.0 70.81303596496582
923.0 65.112966299057
924.0 59.81195569038391
925.0 54.23991680145264
926.0 48.110148310661316
927.0 41.13891124725342
928.0 35.24506688117981
929.0 28.92586886882782
930.0 23.375990986824036
931.0 18.176408112049103
932.0 12.785212695598602
933.0 8.586056530475616
934.0 5.498743429780006
935.0 3.299321234226227
936.0 1.923816092312336
937.0 1.3195443898439407
938.0 0.6533284671604633
939.0 0.31762123107910156
940.0 0.1953661208972335
941.0 0.1896896632388234
942.0 0.06729803280904889
943.0 1.6113438708331707e-10
944.0 0.13598784571513534
945.0 0.031284100259654224
946.0 0.034149791463278234
947.0 1.6113438708331707e-10
948.0 0.04605440190061927
949.0 0.08186200866475701
950.0 1.6113438708331707e-10
951.0 0.11865716660395265
952.0 0.0764190626796335
953.0 0.018935967818833888
954.0 0.1539258286356926
955.0 1.6113438708331707e-10
956.0 1.6113438708331707e-10
957.0 1.6113438708331707e-10
958.0 0.0286647817119956
959.0 1.6113438708331707e-10
960.0 1.6113438708331707e-10
961.0 1.6113438708331707e-10
962.0 0.02608770737424493
963.0 0.0012310279998928308
964.0 0.058248109417036176
965.0 1.6113438708331707e-10
966.0 1.6113438708331707e-10
967.0 0.07876668241806328
968.0 1.6113438708331707e-10
969.0 0.007373891276074573
970.0 1.6113438708331707e-10
971.0 1.6113438708331707e-10
972.0 1.6113438708331707e-10
973.0 1.6113438708331707e-10
974.0 0.018999948224518448
975.0 1.6113438708331707e-10
976.0 0.006135764851933345
977.0 0.006001681322231889
978.0 0.005867598520126194
979.0 0.0056879056501202285
980.0 0.005508213143912144
981.0 0.005517790486919694
982.0 0.005527367102331482
983.0 0.005328513725544326
984.0 0.005129659984959289
985.0 0.005128994962433353
986.0 0.005128329939907417
987.0 0.005026849248679355
988.0 0.004925369285047054
989.0 0.004845286093768664
990.0 0.004765203266288154
991.0 0.004629789691534825
992.0 0.0044943761167814955
993.0 0.00460599985672161
994.0 0.004717623596661724
995.0 0.004557695137918927
996.0 0.004397767406771891
997.0 0.004403178536449559
998.0 0.004408589666127227
999.0 0.004449259722605348
1000.0 0.004489930142881349
1001.0 0.004302118395571597
1002.0 0.004114307012059726
1003.0 0.004119657387491316
1004.0 0.004125007762922905
1005.0 0.004018213076051325
1006.0 0.003911418025381863
1007.0 0.0039282534999074414
1008.0 0.003945088610635139
1009.0 0.004084042302565649
1010.0 0.00422299635829404
1011.0 0.0041294908442068845
1012.0 0.004035984966321848
1013.0 0.0040836453990777954
1014.0 0.004131305468035862
1015.0 0.004056338730151765
1016.0 0.003981372356065549
1017.0 0.004148323569097556
1018.0 0.004315274418331683
1019.0 0.004232842184137553
1020.0 0.004150409949943423
1021.0 0.004119140430702828
1022.0 0.004087870547664352
1023.0 0.00420458527514711
1024.0 0.004321300366427749
1025.0 0.004280943176127039
1026.0 0.004240586349624209
1027.0 0.0044019383494742215
1028.0 0.0045632907131221145
1029.0 0.004528998397290707
1030.0 0.004494705717661418
1031.0 0.004449965490493923
1032.0 0.004405224899528548
1033.0 0.004530775913735852
1034.0 0.0046563265641452745
1035.0 0.004790805178345181
1036.0 0.004925283428747207
1037.0 0.00495166787004564
1038.0 0.0049780519475461915
1039.0 0.0050729166105156764
1040.0 0.005167781273485161
1041.0 0.0051428243750706315
1042.0 0.005117867840453982
1043.0 0.005265833897283301
1044.0 0.005413799954112619
1045.0 0.005526456152438186
1046.0 0.005639111986965872
1047.0 0.005619549119728617
1048.0 0.005599986252491362
1049.0 0.005720093031413853
1050.0 0.005840199810336344
1051.0 0.005971380232949741
1052.0 0.0061025613831589
1053.0 0.0064018022385425866
1054.0 0.006701042730128393
1055.0 0.006756654329365119
1056.0 0.006812265201006085
1057.0 0.007152475882321596
1058.0 0.007492687291232869
1059.0 0.008086936577456072
1060.0 0.008681185863679275
1061.0 0.008377997437492013
1062.0 0.008074809738900512
1063.0 0.00838382838992402
1064.0 0.008692846313351765
1065.0 0.008788528066361323
1066.0 0.008884210546966642
1067.0 0.009289180889027193
1068.0 0.009694149775896221
1069.0 0.010164140985580161
1070.0 0.010634130740072578
1071.0 0.01060612776200287
1072.0 0.010578126239124686
1073.0 0.010759945143945515
1074.0 0.010941765503957868
1075.0 0.011114590597571805
1076.0 0.011287417146377265
1077.0 0.011800970241893083
1078.0 0.012314526247791946
1079.0 0.012596776650752872
1080.0 0.012879031419288367
1081.0 0.012926885392516851
1082.0 0.012974740820936859
1083.0 0.01314464898314327
1084.0 0.013314558600541204
1085.0 0.014026573626324534
1086.0 0.01473859156249091
1087.0 0.014756394375581294
1088.0 0.014774195733480155
1089.0 0.015228617121465504
1090.0 0.015683038509450853
1091.0 0.01605894067324698
1092.0 0.01643484429223463
1093.0 0.01584685960551724
1094.0 0.015258874918799847
1095.0 0.016846558719407767
1096.0 0.018434241064824164
1097.0 0.01914060558192432
1098.0 0.019846971554215997
1099.0 0.020251222304068506
1100.0 0.020655467233154923
1101.0 0.022051033738534898
1102.0 0.023446600243914872
1103.0 0.02348149719182402
1104.0 0.023516394139733166
1105.0 0.024109863443300128
1106.0 0.024703331291675568
1107.0 0.025660954997874796
1108.0 0.02661858161445707
1109.0 0.028229449526406825
1110.0 0.029840320348739624
1111.0 0.029187623295001686
1112.0 0.028534926241263747
1113.0 0.028453738195821643
1114.0 0.028372547239996493
1115.0 0.029399144113995135
1116.0 0.03042573807761073
1117.0 0.03180086787324399
1118.0 0.033175997668877244
1119.0 0.03405825700610876
1120.0 0.034940510522574186
1121.0 0.03796001255977899
1122.0 0.040979511686600745
1123.0 0.04082149243913591
1124.0 0.04066347610205412
1125.0 0.04244279698468745
1126.0 0.044222117867320776
1127.0 0.044194364454597235
1128.0 0.04416661104187369
1129.0 0.04787648795172572
1130.0 0.05158636486157775
1131.0 0.0549601623788476
1132.0 0.05833395989611745
1133.0 0.058809370966628194
1134.0 0.05928478203713894
1135.0 0.06520351162180305
1136.0 0.07112224702723324
1137.0 0.0750817358493805
1138.0 0.07904123049229383
1139.0 0.08979130652733147
1140.0 0.10054137092083693
1141.0 0.12915554689243436
1142.0 0.1577697228640318
1143.0 0.31658888328820467
1144.0 0.47540804371237755
1145.0 0.8764114230871201
1146.0 1.2774148024618626
1147.0 1.4896615408360958
1148.0 1.7019079998135567
1149.0 1.868811622262001
1150.0 2.0357146859169006
